Date,Close,High,Low,Open,Volume,Above SMA 20,Above SMA 50,Above SMA 200,A,D,AD Change,AD,Percent Change,Cumulative Return,Stock 1,Buy Stock 1 Percent Change,Sell Stock 1 Percent Change,Stock 1 Cumulative Return,Stock 2,Buy Stock 2 Percent Change,Sell Stock 2 Percent Change,Stock 2 Cumulative Return,Stock 3,Buy Stock 3 Percent Change,Sell Stock 3 Percent Change,Stock 3 Cumulative Return,Stock 4,Buy Stock 4 Percent Change,Sell Stock 4 Percent Change,Stock 4 Cumulative Return,Stock 5,Buy Stock 5 Percent Change,Sell Stock 5 Percent Change,Stock 5 Cumulative Return,Stock Percent Change,Cumulative Stock Return
2017-12-01,2642.219970703125,2650.6201171875,2605.52001953125,2645.10009765625,3950930000,371,389,397,179,304,-125,-82695,0.0,1.0,MU,0.0010450710999166505,0.0,1.0052253554995834,XPO,-0.0026042909642198827,0.0,0.9869785451789006,CVI,-0.0029392957263563203,0.0,0.9853035213682184,KRO,-0.0020604054124339906,0.0,0.98969797293783,ASIX,-0.010496873215273851,0.0,0.9475156339236307,-0.017055794218367393,0.9829442057816327
2017-12-04,2639.43994140625,2665.18994140625,2639.030029296875,2657.18994140625,4025840000,331,360,406,253,230,23,-82672,-0.0010521566439205543,0.9989478433560794,MU,-0.009954719719798688,0.0,0.9551916721534166,XPO,-0.0042569569792821225,0.0,0.9659709191473954,CVI,0.0005560169083394407,0.0,0.988042748456854,KRO,-0.0036876735970660327,0.0,0.971449557518467,ASIX,-0.005263145521787194,0.0,0.9225810705960882,-0.022606478909594593,0.960723298324322
2017-12-05,2629.570068359375,2648.719970703125,2627.72998046875,2639.780029296875,3547570000,296,345,402,135,348,-213,-82885,-0.0037393815604747083,0.9952123962107577,MU,0.006566398347305391,0.0,0.986552517240357,XPO,0.00013101943218893908,0.0,0.966603723954084,CVI,0.008194756839056927,0.0,1.0285265988078411,KRO,0.001925967921833216,0.0,0.9808044609457651,ASIX,0.001651668901660619,0.0,0.9302000629139098,0.01846981144204509,0.978467676492352
2017-12-06,2629.27001953125,2634.409912109375,2624.75,2626.239990234375,3253080000,294,341,400,234,249,-15,-82900,-0.00011410565998426492,0.9950988368434636,MU,0.0017956579291030117,0.0,0.9954100714906529,XPO,-0.0009164778427239507,0.0,0.9621743694755921,CVI,-0.006629195555823065,0.0,0.9944350790185273,KRO,-0.021716854744190828,0.0,0.8743045208916973,ASIX,-0.0016877890569990672,0.0,0.9223501554788801,-0.029154659270633897,0.9499407847768887
2017-12-07,2636.97998046875,2640.989990234375,2626.530029296875,2628.3798828125,3297060000,319,353,399,340,143,197,-82703,0.0029323579853828274,0.9980168228639267,MU,0.007792219963844049,0.0,1.0341923426470574,XPO,0.0017887762029209055,0.0,0.9707799425514839,CVI,0.003856729711390861,0.0,1.0136114155950278,KRO,0.008312854737970143,0.0,0.9106443532863137,ASIX,0.0019524280928269633,0.0,0.9313542672537816,0.023703008708952922,0.9724572394714449
2017-12-08,2651.5,2651.64990234375,2644.10009765625,2646.2099609375,3126750000,345,370,403,387,96,291,-82412,0.005506306319651655,1.003512209202781,MU,4.6312291339889455e-05,0.0,1.0344318217324282,XPO,0.0014600419853914026,0.0,0.977866839924989,CVI,0.002102105983851699,0.0,1.0242650087051413,KRO,-0.0009482757855080459,0.0,0.9063266433391585,ASIX,-0.000644510850485025,0.0,0.9283529275993286,0.00201567362458992,0.9744173958800891
2017-12-11,2659.989990234375,2660.330078125,2651.469970703125,2652.18994140625,3141480000,347,377,407,260,223,37,-82375,0.003201957471006933,1.0067254126182845,MU,-0.0009257247607068254,0.0,1.0296438259792242,XPO,-0.002251850544955514,0.0,0.966856790043094,CVI,0.004338821787723469,0.0,1.0464855253860044,KRO,0.004128622416097416,0.0,0.9250360458191403,ASIX,-0.0011937145284521612,0.0,0.9228119857132966,0.004096154369706385,0.9784087599541413
2017-12-12,2664.110107421875,2669.719970703125,2659.780029296875,2661.72998046875,3568910000,331,364,407,220,263,-43,-82418,0.001548922064604108,1.0082847518228866,MU,-0.005347592710748916,0.0,1.0021132468868537,XPO,-0.00028795844020252926,0.0,0.9654647171772939,CVI,-0.002385132973010018,0.0,1.034005489724125,KRO,0.0004667831220175778,0.0,0.9271950018863716,ASIX,0.003352476722487641,0.0,0.9382805142199787,-0.004201424279456244,0.9742980496348373
2017-12-13,2662.85009765625,2671.8798828125,2662.85009765625,2667.590087890625,3568360000,322,363,409,241,242,-1,-82419,-0.0004729570906678582,1.0078078764000997,MU,0.0009077849598263743,0.0,1.006661763554687,XPO,0.002280777264255729,0.0,0.9764747670591891,CVI,0.0035324775926938393,0.0,1.0522684958399895,KRO,-0.0005433049952658476,0.0,0.9246762535058196,ASIX,0.002017740894625719,0.0,0.9477465490408392,0.008195475716135815,0.982282885640898
2017-12-14,2652.010009765625,2668.090087890625,2652.010009765625,2665.8701171875,3442760000,275,334,400,121,362,-241,-82660,-0.004070859227173984,1.0037052324072377,MU,0.000903701744505625,0.0,1.0112103735139444,XPO,-0.0026697787187186296,0.0,0.9634399092968874,CVI,0.0015620849547766547,0.0,1.0604871597686751,KRO,-0.005214016945292688,0.0,0.9005698652323741,ASIX,-0.006869675374351858,0.0,0.9151929933954752,-0.012287684339080895,0.9702129036104612
2017-12-15,2675.81005859375,2679.6298828125,2659.139892578125,2660.6298828125,5736910000,338,368,411,418,65,353,-82307,0.008974343513216354,1.0127128279488729,CAT,-0.0010947364610561167,1.6759870476256685e-05,0.9945263176947194,CVI,0.003225337371891562,1.7738143480027317e-05,1.0161266868594578,LIVN,0.0002489096723587997,0.0001435125600964005,1.001244548361794,PENN,0.003013969136597578,0.00011965026267500164,1.0150698456829879,AVAV,0.00015922432061816897,0.0002523414909832776,1.000796121603091,0.006102706368120956,0.9761338280757579
2017-12-18,2690.159912109375,2694.969970703125,2685.919921875,2685.919921875,3727770000,367,381,413,340,143,197,-82110,0.005362807225250732,1.0181438116197012,CAT,0.004199397479451017,0.0,1.015408374253594,CVI,-0.0003370798630601746,0.0,1.014414107637166,LIVN,0.001668114412232713,0.0,1.0095955006682527,PENN,-0.004445940286562267,0.0,0.9925051460800052,AVAV,0.010367710814882303,0.0,1.052675945470274,0.01145220255694359,0.9873127103975663
2017-12-19,2681.469970703125,2694.43994140625,2680.739990234375,2692.7099609375,3407680000,340,363,404,185,298,-113,-82223,-0.0032302694598687065,1.0148549327592717,CAT,0.0015222491604008682,0.0,1.0231368969794516,CVI,-0.0004502053104161963,0.0,1.0121306345460692,LIVN,-0.0007407482759452134,0.0,1.0058562200356425,PENN,0.002549079732230064,0.0,1.005155019840038,AVAV,-0.0021828083093787145,0.0,1.041186996465996,0.0006975669968908083,0.9880014271599503
2017-12-20,2679.25,2691.010009765625,2676.110107421875,2688.179931640625,3246230000,321,358,400,197,286,-89,-82312,-0.0008278931807477186,1.0140147412809921,CAT,0.0021338165469665603,0.0,1.0340528291823856,CVI,0.007275820102753273,0.0,1.0489510366332828,LIVN,-0.002503084374299802,0.0,0.9932675050998251,PENN,0.010204081765052653,0.0,1.0564384398850424,AVAV,-0.0022758615428003725,0.0,1.0293390092453922,0.014834772497672311,1.0026582035592437
2017-12-21,2684.570068359375,2692.639892578125,2682.39990234375,2683.02001953125,3293130000,312,355,406,233,250,-17,-82329,0.0019856558213586784,1.0160282255549602,CAT,0.002779933403395907,0.0,1.0484258191859863,CVI,0.0008163587207380197,0.0,1.0532326382651966,LIVN,-0.0030367650832043404,0.0,0.9781859047109819,PENN,0.0028478999319712095,0.0,1.0714815946904443,AVAV,-0.00024415659099386033,0.0,1.0280824097280206,0.0031632703819069355,1.0058298825577388
2017-12-22,2683.340087890625,2685.35009765625,2678.1298828125,2684.219970703125,2401030000,293,349,403,240,243,-3,-82332,-0.0004581666477052604,1.0155627153088838,CAT,0.0014355369312639699,0.0,1.055951089101647,CVI,-0.0007046321255712363,0.0,1.0495219305020875,LIVN,0.0017074366470095637,0.0,0.9865368570174405,PENN,-0.005232927191013471,0.0,1.043446668832814,AVAV,-0.002095345849563457,0.0,1.0173114686768565,-0.004889931587874631,1.0009114432429913
2017-12-26,2680.5,2682.739990234375,2677.9599609375,2679.090087890625,1970660000,291,345,404,243,240,3,-82329,-0.0010584151831672939,1.0144878283115422,CAT,0.0008860777827410349,0.0,1.060629363100218,CVI,0.005276023095502458,0.0,1.0772084402249142,LIVN,0.0005306357054307487,0.0,0.9891543154227249,PENN,0.0015727376639479208,0.0,1.0516520082147858,AVAV,-0.0013410879325780778,0.0,1.0104899480052774,0.006924386315044085,1.0078421407431541
2017-12-27,2682.6201171875,2685.639892578125,2678.909912109375,2682.10009765625,2202900000,311,351,405,302,181,121,-82208,0.0007909409391904099,1.0152902282672642,CAT,0.0013807958888551576,0.0,1.067951926421057,CVI,0.00037096370248956845,0.0,1.0792064663816086,LIVN,0.0038810506645245105,0.0,1.0083491054886682,PENN,0.003120933281304961,0.0,1.0680626869787293,AVAV,0.0023094606523708094,0.0,1.0221583818779494,0.011063204189545007,1.018992104137024
2017-12-28,2687.5400390625,2687.659912109375,2682.68994140625,2686.10009765625,2174890000,337,358,408,348,135,213,-81995,0.0018339987251561052,1.0171522692515698,CAT,0.0011426485318636105,0.0,1.0740533949251867,CVI,-5.289941142763155e-05,0.0,1.078921019447206,LIVN,-0.00187886803929751,0.0,0.9988763309548837,PENN,0.0011523707201956945,0.0,1.0742167078177685,AVAV,0.0015454950896323094,0.0,1.0300570856780438,0.001908746890966473,1.020937102147715
2017-12-29,2673.610107421875,2692.1201171875,2673.610107421875,2689.14990234375,2447760000,277,346,407,84,399,-315,-82310,-0.005183153157965359,1.0118802132550668,CAT,-0.000793956074457571,-0.0001333312677104447,0.9960302196277121,XPO,-0.0002216212210937979,9.743134957885284e-05,0.998891893894531,TER,-0.0037618122772758514,0.00021928838140499588,0.9811909386136207,PENN,-0.001025415554247049,1.0870794492049138e-05,0.9948729222287648,NKTR,-0.0037488762221646967,5.7496958978974714e-05,0.9812556188891766,-0.009299925132494538,1.0114424635327552
2018-01-02,2695.81005859375,2695.889892578125,2682.360107421875,2683.72998046875,3397430000,304,360,405,310,173,137,-82173,0.008303361477520088,1.0202822204376738,CAT,-0.000685369234665334,0.0,0.9926169772810631,XPO,0.001965287763914514,0.0,1.0087074439772525,TER,0.01103416372574797,0.0,1.0353240459280357,PENN,-0.0037663591064452055,0.0,0.9761376787768045,NKTR,-0.0069323498074766125,0.0,0.947243582885718,0.0016153733410753327,1.0130763207243776
2018-01-03,2713.06005859375,2714.3701171875,2697.77001953125,2697.85009765625,3544030000,353,380,408,341,143,198,-81975,0.006398818768781567,1.0268108214592646,CAT,0.0003056711854973138,0.0,0.9941340493220144,XPO,-0.00034599131915138417,0.0,1.006962423881355,TER,0.0008601114131449261,0.0,1.0397765160690662,PENN,-0.002667533184546911,0.0,0.9631182805226859,NKTR,0.000728531063016158,0.0,0.9506940647575928,-0.0011192108420398973,1.011942474722409
2018-01-04,2723.989990234375,2729.2900390625,2719.070068359375,2719.31005859375,3697340000,361,379,404,316,168,148,-81827,0.004028636080503967,1.0309474685824473,CAT,0.002746683152487517,0.0,1.0077869055449493,XPO,-0.0021228140510459736,0.0,0.9962744539699018,TER,0.0009466058587777049,0.0,1.0446978087787184,PENN,-0.000131885643349694,0.0,0.9624831731524429,NKTR,0.0016591757247594874,0.0,0.9585809073271864,0.003097765041629042,1.0150772347447437
2018-01-05,2743.14990234375,2743.449951171875,2727.919921875,2731.330078125,3239280000,383,396,404,348,136,212,-81615,0.007033767443369587,1.038198913322787,CAT,0.003161055384439182,0.0,1.0237152566656502,XPO,-0.0005911292696526571,0.0,0.9933298190181576,TER,0.004620874004125053,0.0,1.0688348935124783,PENN,0.0031672811484164676,0.0,0.977725447202412,NKTR,-0.00198835046121939,0.0,0.9490509333811858,0.008369730806108656,1.0235731579469662
2018-01-08,2747.7099609375,2748.510009765625,2737.60009765625,2742.669921875,3246160000,385,399,414,334,150,184,-81431,0.0016623439316436617,1.039924756986188,CAT,0.005025908310833405,0.0,1.0494407517476645,XPO,0.002415449459802943,0.0,1.0053265088919254,TER,0.002543270757425731,0.0,1.0824265761584109,PENN,0.0,0.0,0.977725447202412,NKTR,-0.001246526336965248,0.0,0.9431358484632804,0.00873810219109683,1.0325172448011706
2018-01-09,2751.2900390625,2759.139892578125,2747.860107421875,2751.14990234375,3467460000,375,399,408,243,241,2,-81429,0.0013029315960912946,1.041279707809623,CAT,0.0004818812000230821,0.0,1.051969280591691,XPO,0.0009329615813693515,0.0,1.010016163939567,TER,-0.003377373808625928,0.0,1.0641477803180206,PENN,0.0014290308984274526,0.0,0.9847114465735671,NKTR,0.03703831697156108,0.0,1.1177966709764062,0.03650481684275504,1.0702090977096235
2018-01-10,2748.22998046875,2750.800048828125,2736.06005859375,2745.550048828125,3579900000,359,383,401,175,309,-134,-81563,-0.0011122268282528491,1.0401215685828817,CAT,-0.0006729346679146486,0.0,1.048429747599234,XPO,-0.0014469263429942815,0.0,1.0027090689672962,TER,-0.004932790627513107,0.0,1.0379016893328126,PENN,-6.449679979376732e-05,0.0,0.9843938928884457,NKTR,0.00255770325501401,0.0,1.132091631895407,-0.0045594451832017945,1.0653295379940526
2018-01-11,2767.56005859375,2767.56005859375,2752.780029296875,2752.969970703125,3645690000,370,388,404,364,120,244,-81319,0.007033646478779465,1.0474374159912474,CAT,0.004015188368867229,0.0,1.0694779622399082,XPO,0.006264943800423373,0.0,1.034118648793571,TER,0.0010837282043820284,0.0,1.0435257060033412,PENN,0.007870975617439503,0.0,1.0231345945328523,NKTR,0.002844690002426109,0.0,1.1481938806308227,0.02207952599353824,1.0888515092198763
2018-01-12,2786.239990234375,2787.85009765625,2769.639892578125,2770.179931640625,3587220000,377,391,404,330,154,176,-81143,0.006749602987881076,1.0545072027038405,CAT,0.00016455989281183184,0.0001465714814630565,1.000822799464059,XPO,-0.0007241346987691636,0.00014542945003649796,0.9963793265061541,KRO,0.0009501279425834808,-0.00010280591621720179,1.0047506397129173,TER,0.00042934749699841655,-2.7948114436148888e-06,1.0021467374849922,LIVN,-0.0009256499013357857,0.0002859471765943972,0.995371750493321,0.000366598112721915,1.0892506801281907
2018-01-16,2776.419921875,2807.5400390625,2768.639892578125,2798.9599609375,4362880000,355,383,401,162,322,-160,-81303,-0.003524487622672101,1.0507906051198923,CAT,-0.0011626592869189878,0.0,0.9950047198522733,XPO,-0.006146732106307207,0.0,0.9657569425246735,KRO,-0.0073676886269137265,0.0,0.9677371904074316,TER,0.003183845571692512,0.0,1.0181001397466307,LIVN,-0.004788530019275617,0.0,0.9715399129554401,-0.016281764467723024,1.0715157571080365
2018-01-17,2802.56005859375,2807.0400390625,2778.3798828125,2784.989990234375,3790340000,380,394,408,413,71,342,-80961,0.009415051560751175,1.0606838528466491,CAT,-0.0009568078713636741,0.0,0.9902445781122801,XPO,0.005538060210523055,0.0,0.992499043006835,KRO,0.004455949142833849,0.0,0.9892981289278537,TER,0.006400327312979437,0.0,1.0506810104054733,LIVN,0.0014194987228292268,0.0,0.9784354112835294,0.016857027517801892,1.089578327711365
2018-01-18,2798.030029296875,2805.830078125,2792.56005859375,2802.39990234375,3703300000,376,395,401,187,297,-110,-81071,-0.0016163897301626484,1.0589693743599584,CAT,0.00039170727249930874,0.0,0.992184008126278,XPO,-0.002620461500790694,0.0,0.9794950153479799,KRO,-0.0024700271381083772,0.0,0.9770801627971956,TER,0.0018391711318509253,0.0,1.060342921321082,LIVN,0.002571713528299835,0.0,0.9910166892023567,-0.0002878967062490017,1.0892646416996168
2018-01-19,2810.300048828125,2810.330078125,2798.080078125,2802.60009765625,3724230000,386,400,402,370,114,256,-80815,0.004385235112838837,1.0636132040438226,CAT,0.0028086798663804037,0.0,1.0061176443631226,XPO,0.005460385211385877,0.0,1.0062371158301413,KRO,0.009709473667676516,0.0,1.0245148333566378,TER,0.0009748103571336931,0.0,1.0655110876301679,LIVN,0.004614256425520535,0.0,1.013880714832107,0.023567605528097026,1.1149360010908973
2018-01-22,2832.969970703125,2833.030029296875,2808.1201171875,2809.159912109375,3489480000,389,404,414,344,140,204,-80611,0.008066726499347698,1.072193080861939,CAT,0.000563284661525687,0.0,1.008951297546923,XPO,0.0024387625204531195,0.0,1.0185069826540183,KRO,-0.0002805214679638013,0.0,1.0230778413316184,TER,0.0014761466415786906,0.0,1.0733753406980184,LIVN,0.0022670435635618437,0.0,1.025373273576005,0.00646471591915554,1.1221437456059893
2018-01-23,2839.1298828125,2842.239990234375,2830.590087890625,2835.050048828125,3541140000,401,409,416,270,214,56,-80555,0.0021743654797181655,1.0745244204845579,CAT,-0.0017086965158980005,0.0,1.000331339712777,XPO,-0.001523864988605661,0.0,1.0107466469964341,KRO,-0.0018967716530381873,0.0,1.0133751160901718,TER,0.002721455188220645,0.0,1.087981055147272,LIVN,0.003562988364273512,0.0,1.0436402387899468,0.0011551103949523078,1.1234399455111694
2018-01-24,2837.5400390625,2852.969970703125,2824.81005859375,2845.419921875,4079270000,389,406,415,228,256,-28,-80583,-0.0005599757022828333,1.073922712917577,CAT,-0.0012866490076032689,0.0,0.9938959630851977,XPO,0.00043576719654225826,0.0,1.0129488981603147,KRO,-0.0027659871893447987,0.0,0.9993602031446408,TER,-0.006732784869315012,0.0,1.0513553432162872,LIVN,4.637596670762357e-05,0.0,1.0438822379147912,-0.010303277903013197,1.1118648315452218
2018-01-25,2839.25,2848.56005859375,2830.93994140625,2846.239990234375,3873100000,386,406,416,259,225,34,-80549,0.0006026209018938911,1.0745698811913997,CAT,0.0012236505967824218,0.0,0.9999768700270418,XPO,-0.000496940171797089,0.0,1.0104320231629476,KRO,-0.00021574741972492096,0.0,0.9982821562186197,TER,-0.008506085927662511,0.0,1.006640748766763,LIVN,0.001019822544299176,0.0,1.049205111113886,-0.006975300378102923,1.104109240365345
2018-01-26,2872.8701171875,2872.8701171875,2846.179931640625,2847.47998046875,3474680000,397,407,418,391,93,298,-80251,0.011841196508761032,1.087294074316983,XPO,-0.0011866596841062652,-0.00017212010733322277,0.9940667015794686,VNOM,-0.00376490057319908,0.00030422911196607095,0.9811754971340046,NKTR,-0.0007041666377611347,0.00026207268398542474,0.9964791668111943,KRO,0.003654872601090114,0.0005397598265243838,1.0182743630054505,LIVN,0.0016427446945165903,-3.078674246505823e-05,1.008213723472583,0.000545045173217823,1.1047110297775113
2018-01-29,2853.530029296875,2870.6201171875,2851.47998046875,2867.22998046875,3587420000,363,393,407,99,385,-286,-80537,-0.006731974332887192,1.0799744385163808,XPO,-0.0017166554657811917,0.0,0.9855343513963812,VNOM,0.0015797586792144715,0.0,0.9889255996711548,NKTR,0.008503101764520737,0.0,1.0388449856192965,KRO,-0.002874176083047986,0.0,1.0036408639047945,LIVN,-0.003974883912078009,0.0,0.9881760609257458,0.0015171449828280219,1.106387036573813
2018-01-30,2822.429931640625,2837.75,2818.27001953125,2832.739990234375,4012070000,307,380,404,91,393,-302,-80839,-0.010898815620283941,1.068203996236371,XPO,-0.003817663614442535,0.0,0.9667221582258353,VNOM,-0.010109738747185727,0.0,0.938936702405758,NKTR,0.0001456428183959524,0.0,1.039601487177207,KRO,-0.004480788647898715,0.0,0.9811553509570351,LIVN,-0.0017946548536856178,0.0,0.9793088861055642,-0.020057203044816643,1.0841960071350991
2018-01-31,2823.81005859375,2839.260009765625,2813.0400390625,2832.409912109375,4276270000,307,375,405,258,226,32,-80807,0.0004889853730833948,1.0687263323659997,XPO,0.000850692100714534,0.0,0.9708340727437774,VNOM,-0.0003301004540661401,0.0,0.9373869852467405,NKTR,0.0028138355489268465,0.0,1.0542278252838893,KRO,-0.000291011791333351,0.0,0.9797277120757436,LIVN,0.0011994405708839917,0.0,0.9851820001526753,0.004242855975125881,1.08879609464218
2018-02-01,2821.97998046875,2835.9599609375,2812.699951171875,2816.449951171875,3977380000,270,366,397,209,275,-66,-80873,-0.0006480882520516484,1.068033703385335,XPO,0.004171957323436892,0.0,0.9910854643419048,VNOM,0.00553941131267326,0.0,0.9633498455988828,NKTR,0.012271252759165342,0.0,1.1189113058329083,KRO,0.0036429480959224493,0.0,0.9975731980918875,LIVN,0.00030390940685136596,0.0,0.9866790305392106,0.02592947889804931,1.117028010002483
2018-02-02,2762.1298828125,2808.919921875,2759.969970703125,2808.919921875,4340220000,144,303,384,28,456,-428,-81301,-0.02120854792396809,1.045382259402674,XPO,-0.005372874167803188,0.0,0.9644605768946656,VNOM,-0.001367598559720351,0.0,0.9567624662921436,NKTR,-0.001667788779768853,0.0,1.1095807672257851,KRO,-0.019177060389987035,0.0,0.9019205907756844,LIVN,9.337281835870571e-05,0.0,0.987139675548695,-0.027491949078920722,1.0863187328317665
2018-02-05,2648.93994140625,2763.389892578125,2638.169921875,2741.06005859375,5310840000,35,140,341,5,479,-474,-81775,-0.04097922480422822,1.00254330478826,XPO,-0.008697512230408155,0.0,0.9225185385782263,VNOM,-0.005103305450306928,0.0,0.9323492107477546,NKTR,-0.012636358087713063,0.0,1.039475467716263,KRO,-0.013850377320098861,0.0,0.8394608883006359,LIVN,-0.002823142947367141,0.0,0.973205493483237,-0.04311069603589415,1.0394867761425586
2018-02-06,2695.139892578125,2701.0400390625,2593.070068359375,2614.780029296875,5917350000,45,188,351,368,116,252,-81523,0.017440920592313836,1.0200285829574278,XPO,0.0009137496373436083,0.0,0.9267332934785694,VNOM,-0.0026600285352086587,0.0,0.919948833220913,NKTR,-0.009000482713739655,0.0,0.9926965628235797,KRO,0.007482982632608826,0.0,0.8708692445401761,LIVN,-0.004141521608717969,0.0,0.9530527355783177,-0.007405300587713848,1.0317890641082694
2018-02-07,2681.659912109375,2727.669921875,2681.330078125,2690.949951171875,4646300000,52,179,345,200,284,-84,-81607,-0.005001588416939429,1.0149268198119608,XPO,-0.0003105837990510008,0.0,0.9252941517435913,VNOM,-0.005054720245975042,0.0,0.8966984132581987,NKTR,-0.005487116905906109,0.0,0.9654613523620589,KRO,0.0023770231763847517,0.0,0.8812196264295395,LIVN,0.0013291334175123293,0.0,0.9593864067758612,-0.00714626435703507,1.024415626695454
2018-02-08,2581.0,2685.27001953125,2580.56005859375,2685.010009765625,5333840000,15,69,289,15,469,-454,-82061,-0.03753641975808808,0.9768301006797576,XPO,-0.011043222792371932,0.0,0.874203004412675,VNOM,-0.0024200983698638547,0.0,0.8858479214172703,NKTR,-0.00501501417421344,0.0,0.9412523405283039,KRO,-0.01717300921583571,0.0,0.8055536626002906,LIVN,-0.004537269103433017,0.0,0.9376214352672725,-0.04018861365571796,0.9832457828513103
2018-02-09,2619.550048828125,2638.669921875,2532.68994140625,2601.780029296875,5690110000,34,85,315,404,80,324,-81737,0.014936090208494734,0.9914201231818834,ENTA,-0.0065242632217134295,0.0005943614827808024,0.9673786838914329,MTCH,0.009848969174782065,0.0004669354632576484,1.0492448458739103,DECK,0.003443234839267212,0.00030794454712927146,1.0172161741963361,NKTR,-0.0019510466568245734,0.000615100646082864,0.9902447667158771,SKYW,-0.0007584271147776731,0.00016122508850828932,0.9962078644261116,0.006204034248492477,0.9893458733628057
2018-02-12,2656.0,2672.610107421875,2622.449951171875,2636.75,4069220000,45,123,331,409,75,334,-81403,0.013914584754042503,1.005215322512761,ENTA,0.009043856653836002,0.0,1.0111228546268862,MTCH,0.012769549561562111,0.0,1.1162367661819128,DECK,0.0016513066401871335,0.0,1.025614853311117,NKTR,0.010878878863326502,0.0,1.0441085310266023,SKYW,0.0061682436151011995,0.0,1.0269321284214115,0.04051183533401295,1.029426090472865
2018-02-13,2662.93994140625,2668.840087890625,2637.080078125,2646.27001953125,3503540000,59,141,337,315,169,146,-81257,0.0026129297463290957,1.0078418795304203,ENTA,0.004977856959287541,0.0,1.036288979319882,MTCH,0.008475906855165994,0.0,1.1635423604742607,DECK,0.0006168222911380195,0.0,1.0287779638293397,NKTR,-0.007725523263062107,0.0,1.0037771072985642,SKYW,0.004351752866669001,0.0,1.0492769025900734,0.010696815709198448,1.040437671648894
2018-02-14,2698.6298828125,2702.10009765625,2648.8701171875,2651.2099609375,4011940000,120,204,345,389,95,294,-80963,0.013402458257245842,1.0213494382507309,ENTA,0.0026191958278804607,0.0,1.0498601981754476,MTCH,0.011666662449450317,0.0,1.23141564030071,DECK,0.002502121045656525,0.0,1.041648598802365,NKTR,0.02204598449436053,0.0,1.1144233800150551,SKYW,0.0012422675472555601,0.0,1.0557943158109357,0.04007623136460339,1.0821344924983443
2018-02-15,2731.199951171875,2731.510009765625,2689.820068359375,2713.4599609375,3696140000,196,238,358,399,85,314,-80649,0.012069112762299383,1.0336762197906901,ENTA,0.004166656692663207,0.0,1.0717322332808898,MTCH,-0.0025292268638114736,0.0,1.2158429927108791,DECK,0.0010471164034875358,0.0,1.0471022354747437,NKTR,-0.004428572881789439,0.0,1.089746854217221,SKYW,0.0038800545250432974,0.0,1.0762770133738218,0.0021360278755931275,1.0844459619394615
2018-02-16,2732.219970703125,2754.419921875,2725.110107421875,2727.139892578125,3646920000,209,242,358,274,210,64,-80585,0.0003734693722488025,1.034062266199604,ENTA,0.000590129097540304,0.0,1.0748945351590444,MTCH,0.000869991230348921,0.0,1.2211318564165774,DECK,-0.002937495708465576,0.0,1.0317229438595847,NKTR,0.003140981069181548,0.0,1.1068612254137031,SKYW,-0.0041522347668872415,0.0,1.05393223920516,-0.002488629078282045,1.0817471781847534
2018-02-20,2716.260009765625,2737.60009765625,2706.760009765625,2722.989990234375,3646920000,183,218,353,147,337,-190,-80775,-0.005841389459353419,1.0280219057775104,ENTA,-0.008874730731383784,0.0,1.027197537338182,MTCH,0.0025986503042871867,0.0,1.236998329767836,DECK,0.0008246061397751081,0.0,1.035976769229852,NKTR,4.793633703288336e-05,0.0,1.1071265197774534,SKYW,-0.0017667896820198427,0.0,1.0446218561762812,-0.007170327632308448,1.0739906965018435
2018-02-21,2701.330078125,2747.75,2701.2900390625,2720.530029296875,3789040000,162,209,341,155,329,-174,-80949,-0.0054965031281792864,1.0223713801565675,ENTA,0.0035402700606055326,0.0,1.0453803207770125,MTCH,-0.0009026187558674793,0.0,1.23141564030071,DECK,0.0021899205962205405,0.0,1.0473203035505643,NKTR,0.007189934355205985,0.0,1.146927354777991,SKYW,0.000534733174785318,0.0,1.0474148259842977,0.012552239430949895,1.0874716848709474
2018-02-22,2703.9599609375,2731.260009765625,2697.77001953125,2710.419921875,3720620000,179,210,344,255,229,26,-80923,0.0009735510790762625,1.0233667109169355,ENTA,0.00017647423103124283,0.0,1.046302734218234,MTCH,-0.0045335158804935775,0.0,1.2035024284967528,DECK,-0.0009581120226736851,0.0,1.042303052678454,NKTR,0.0040717228417814335,0.0,1.1702772063195586,SKYW,-0.000533307289285645,0.0,1.0446218561762812,-0.0017767381196402317,1.0855395324744077
2018-02-23,2747.300048828125,2747.760009765625,2713.739990234375,2715.800048828125,3200360000,299,258,356,451,33,418,-80505,0.01602837635051313,1.039769617704099,ENTA,-0.0035221888517480617,-0.000357025487422308,0.9823890557412597,SONY,7.902662608095478e-05,0.0003112112447654735,1.0003951331304048,MTCH,0.0026047613342049646,0.0001899905037753479,1.0130238066710249,DECK,-0.0004284771718822938,0.00018197386735578576,0.9978576141405885,LIVN,0.004120958832249571,0.00010245542123570159,1.020604794161248,0.003282686318615136,1.0891030182459773
2018-02-26,2779.60009765625,2780.639892578125,2753.780029296875,2757.3701171875,3436590000,350,284,367,358,126,232,-80273,0.011757015343810906,1.0519942050534745,ENTA,-0.001084285948954067,0.0,0.9770631024935271,SONY,0.002747355134277596,0.0,1.0141373366569655,MTCH,-0.0015274562362934897,0.0,1.0052870590159577,DECK,0.00022916793823242189,0.0,0.9990009990009991,LIVN,0.0002731196390958868,0.0,1.0219985302264523,0.0006379005263583479,1.089797757634575
2018-02-27,2744.280029296875,2789.14990234375,2744.219970703125,2780.449951171875,3752070000,280,236,353,58,426,-368,-80641,-0.012706888443829278,1.0386266320463051,ENTA,0.0020765616889745877,0.0,0.9872077615252707,SONY,-0.002553029504888449,0.0,1.0011917239444943,MTCH,-0.007263116313619001,0.0,0.9687794748249133,DECK,-0.0012069462338447857,0.0,0.992972296534242,LIVN,-0.0010910233871859187,0.0,1.0164234087357187,-0.010037553750563566,1.0788588540650743
2018-02-28,2713.830078125,2761.52001953125,2713.5400390625,2753.780029296875,4244570000,225,209,343,77,407,-330,-80971,-0.011095788639207016,1.027102250462068,ENTA,0.0019781741491411878,0.0,0.9969721058936748,SONY,0.0007559349747816136,0.0,1.004975903147452,MTCH,-9.982596473343542e-05,0.0,0.9682959280964716,DECK,-0.0019889095456756766,0.0,0.9830976361383997,LIVN,0.005096550504175613,0.0,1.0423246749169583,0.005741924117689302,1.0850535797388132
2018-03-01,2677.669921875,2730.889892578125,2659.64990234375,2715.219970703125,4514490000,175,160,324,117,367,-250,-81221,-0.013324399541987275,1.0134167297064371,ENTA,-0.0017552847044036701,0.0,0.9882222564527133,SONY,-0.00689655611022686,0.0,0.9703215396200405,MTCH,-0.003645447259014323,0.0,0.9506465694115015,DECK,0.00021145797039916482,0.0,0.98413705529261,LIVN,-0.0003788682259684873,0.0,1.0403501564146136,-0.012464698329214177,1.071528714196335
2018-03-02,2691.25,2696.25,2647.320068359375,2658.889892578125,3891250000,226,178,333,346,138,208,-81013,0.005071602744632031,1.0185563767742722,ENTA,5.1319499520330326e-05,0.0,0.9884758318107933,SONY,0.003940893838091064,0.0,0.9894412105023188,MTCH,0.007629714763347595,0.0,0.9869123802383248,DECK,0.0025348518713501633,0.0,0.9966102635739775,LIVN,-0.004197827977723234,0.0,1.0185141014484835,0.009958951994585921,1.0822000172218367
2018-03-05,2720.93994140625,2728.090087890625,2675.75,2681.06005859375,3733640000,308,211,340,424,60,364,-80649,0.011032026532745043,1.0297931177479427,ENTA,0.0042848129922281155,0.0,1.0096530022440253,SONY,0.0034218869504103466,0.0,1.0063699903343992,MTCH,0.00436059695677451,0.0,1.0084300158476764,DECK,-0.002482262731433127,0.0,0.9842410209988104,LIVN,0.0011175683661245994,0.0,1.0242053971496368,0.010702602534104445,1.0937823738685628
2018-03-06,2728.1201171875,2732.080078125,2711.260009765625,2730.179931640625,3389030000,324,224,351,339,145,194,-80455,0.002638858606169414,1.032510596179286,ENTA,0.003717648019304054,0.0,1.0284206746639097,SONY,-0.0014645026204833655,0.0,0.9990008328942965,MTCH,0.0034044627166514908,0.0,1.0255958278042048,DECK,0.0076037523423133635,0.0,1.0216606458429134,LIVN,0.00258561892878908,0.0,1.037446421458827,0.015846979386574624,1.1111155206006564
2018-03-07,2726.800048828125,2730.60009765625,2701.739990234375,2710.179931640625,3406690000,317,222,346,255,229,26,-80429,-0.00048387472056610203,1.032010990403078,ENTA,0.0011590659174996354,0.0,1.0343807114281844,SONY,0.0029106884371876253,0.0,1.0135397337595278,MTCH,0.00655351804469504,0.0,1.0592021316245988,DECK,-0.0010174052893385354,0.0,1.0164634311179654,LIVN,-0.0005821812295539796,0.0,1.0344265122926206,0.009023685880489787,1.1211418780354936
2018-03-08,2738.969970703125,2740.449951171875,2722.64990234375,2732.75,3206040000,347,239,350,323,161,162,-80267,0.004463078207817217,1.0366169361645738,ENTA,-0.0004903688831443765,0.0,1.0318445708571389,SONY,0.001532737708927412,0.0,1.0213071866066752,MTCH,0.002510840515133639,0.0,1.0724995697535935,DECK,-0.005031176053420583,0.0,0.9908933987488733,LIVN,-0.0016393347126666847,0.0,1.0259476558461005,-0.0031173014251705934,1.117646940861275
2018-03-09,2786.570068359375,2786.570068359375,2751.5400390625,2752.909912109375,3376870000,396,292,361,443,41,402,-79865,0.01737883151892694,1.0546321272478443,ENTA,0.0073145846367861705,0.000347961601559595,1.036572923183931,SONY,0.0006982567179087614,-0.0001257145798719089,1.0034912835895438,MU,-0.004392158072071941,-0.0004183403873844273,0.9780392096396403,GDDY,0.0008045353816502123,0.0002240794111688847,1.004022676908251,MTCH,0.003665257434346047,-8.332528617788664e-06,1.0183262871717302,0.008110129615473605,1.1267112024159975
2018-03-12,2783.02001953125,2796.97998046875,2779.260009765625,2790.5400390625,3216960000,388,288,362,204,280,-76,-79941,-0.001273985129042532,1.05328854160112,ENTA,0.002252197265625,0.0,1.0482457567000096,SONY,-0.005408554164938462,0.0,0.9763540987828554,MU,0.01751236453584921,0.0,1.0636781054874564,GDDY,-0.0010003116508713772,0.0,0.999000999000999,MTCH,0.0036168666004714914,0.0,1.036742038853998,0.016972562586135862,1.1458343788155034
2018-03-13,2765.31005859375,2801.89990234375,2758.679931640625,2792.31005859375,3324290000,363,273,361,172,312,-140,-80081,-0.006363576551088879,1.0465858593362565,ENTA,-6.959466329996556e-05,0.0,1.0478809951475438,SONY,0.00023999789520563476,0.0,0.9775257134262718,MU,0.00020212650950810485,0.0,1.0647530932009683,GDDY,-0.0034244428375762807,0.0,0.9818958899221965,MTCH,-0.0007456013711724108,0.0,1.03287705742539,-0.0037975144673349174,1.141483056184782
2018-03-14,2749.47998046875,2777.110107421875,2744.3798828125,2774.06005859375,3394630000,320,255,358,141,343,-202,-80283,-0.005724521948562322,1.0405946556134311,ENTA,-0.002993736159107141,0.0,1.032195599019472,SONY,0.0035150025071299055,0.0,0.9947057400936583,MU,0.0011778699720204067,0.0,1.0710237966814546,GDDY,0.0024612448825930503,0.0,0.9939793210937472,MTCH,0.005987219259494126,0.0,1.0637973644799246,0.010147600462130348,1.1530663701732367
2018-03-15,2747.330078125,2763.030029296875,2741.469970703125,2754.27001953125,3543710000,301,249,350,221,263,-42,-80325,-0.000781930531963182,1.0397809828808093,ENTA,-0.00023559541722246725,0.0,1.0309796962554412,SONY,0.0015309746859774266,0.0,1.0023200866340574,MU,-0.003144882164375029,0.0,1.054182578502431,GDDY,-0.0004104864786929508,0.0,0.9919392457367003,MTCH,-0.000341955664317406,0.0,1.0619785068075753,-0.002601945038630426,1.150066154852153
2018-03-16,2752.010009765625,2761.85009765625,2749.969970703125,2750.570068359375,5429140000,336,276,357,344,140,204,-80121,0.001703447167811456,1.0415521948512418,ENTA,0.0005189319927530356,0.0,1.03365473799677,SONY,-0.002726939539810758,0.0,0.9886537552551126,MU,0.00591436166439796,0.0,1.0853566636502858,GDDY,-0.002499607425944128,0.0,0.979541952213056,MTCH,-0.0010276068408044293,0.0,1.0565220249156617,0.00017913985059168024,1.1502721775313036
2018-03-19,2712.919921875,2741.3798828125,2694.590087890625,2741.3798828125,3327460000,258,240,346,50,434,-384,-80505,-0.014204195388793028,1.0267577839679485,ENTA,0.003646618946978464,0.0,1.0525014627578353,SONY,-0.009083711542300433,0.0,0.9437505276153649,MU,-0.001452611988255881,0.0,1.0774736531445268,GDDY,-0.0016020506717949745,0.0,0.9716955730000845,MTCH,-0.0035291644805859113,0.0,1.0378788248992163,-0.012020919735958736,1.1364448480106932
2018-03-20,2716.93994140625,2724.219970703125,2710.050048828125,2715.050048828125,3272590000,273,248,341,293,191,102,-80403,0.0014818054520648882,1.0282792392501823,ENTA,-0.0008779973755446147,0.0,1.047880995147544,SONY,0.002027251383708073,0.0,0.9533166254302823,MU,0.0033588235195014973,0.0,1.095568872383652,GDDY,0.0018410966614251568,0.0,0.9806405003769447,MTCH,0.004337342839081249,0.0,1.0603870063442697,0.01068651702817136,1.1485894852305372
2018-03-21,2711.929931640625,2739.139892578125,2709.7900390625,2714.989990234375,3434780000,265,237,333,207,277,-70,-80473,-0.0018439898833508828,1.0263831027357453,ENTA,0.0012067687194825538,0.0,1.0542037451809656,SONY,-0.0005733962665712023,0.0,0.9505834844608724,MU,-0.00026164012081992817,0.0,1.094135648522967,GDDY,-0.0006401048409904853,0.0,0.9775019367191317,MTCH,-0.004030867083804446,0.0,1.0390156109444344,-0.004299239592703508,1.1436514238398712
2018-03-22,2643.68994140625,2695.679931640625,2641.590087890625,2691.360107421875,3765460000,117,150,309,43,441,-398,-80871,-0.025162888405856454,1.000556339259949,ENTA,-0.008212220724111407,0.0,1.0109169759629106,SONY,-0.0023002235785329894,0.0,0.9396507117392676,MU,-0.007041108066967206,0.0,1.0556160118171096,GDDY,-0.0037887310574164393,0.0,0.9589844769874692,MTCH,-0.006564541980297456,0.0,1.0049123029632887,-0.027906825407325496,1.1117357432279327
2018-03-23,2588.260009765625,2657.669921875,2585.889892578125,2646.7099609375,3829380000,52,98,272,31,453,-422,-81293,-0.02096688071186603,0.9795777938491843,ENTA,-0.006040927851936012,-4.9611088077937925e-05,0.9697953607403199,VHI,-0.0017804940394347002,0.0005245638976302775,0.9910975298028265,MU,-0.012252229050466067,-0.000874197479798995,0.9387388547476697,MTCH,0.001976868012946594,0.00026079468551688437,1.009884340064733,GDDY,-0.0020170551425728513,-0.00016657131221796612,0.9899147242871358,-0.02041885936841077,1.0890353674321258
2018-03-26,2658.550048828125,2661.360107421875,2601.81005859375,2619.35009765625,3538080000,141,164,308,467,17,450,-80843,0.02715725576151251,1.0061804385350448,ENTA,0.01539223917853292,0.0,1.044431971474053,VHI,-0.008293446139435346,0.0,0.9499994598910907,MU,0.004980597948371424,0.0,0.9621162588177337,MTCH,0.008621466495366548,0.0,1.0534177600750503,GDDY,0.005015579859323261,0.0,1.0147397060550463,0.025716437342158806,1.117041477222089
2018-03-27,2612.6201171875,2674.780029296875,2596.1201171875,2667.570068359375,3761320000,100,132,294,94,390,-296,-81139,-0.017276308813847896,0.9887973545564605,ENTA,-0.011645581355902303,0.0,0.9836168840015205,VHI,-0.00099828893159295,0.0,0.9452575901619479,MU,-0.01137503863803886,0.0,0.9073957107260481,MTCH,-0.009599666795897122,0.0,1.0028554626070463,GDDY,-0.008058843686834715,0.0,0.9738515626854352,-0.04167741940826595,1.070486071079475
2018-03-28,2605.0,2632.64990234375,2593.06005859375,2611.300048828125,3875720000,99,134,290,204,280,-76,-81215,-0.00291665716625622,0.9859133716663182,ENTA,-0.005694023230500567,0.0,0.9556131970644343,VHI,-0.001003358508268226,0.0,0.9405154289339773,MU,-0.0034732923633661985,0.0,0.891637457762968,MTCH,-0.004838340773690853,0.0,0.978594680232795,GDDY,-0.0036321231065465477,0.0,0.956165818869554,-0.018641137982372394,1.0505309925202748
2018-03-29,2640.8701171875,2659.070068359375,2609.719970703125,2614.409912109375,3572360000,150,172,306,423,61,362,-80853,0.013769718690019195,0.9994891214468917,ENTA,0.0035215733574756494,0.0,0.9724395069386055,VHI,0.0036974772205383925,0.0,0.9579031008042187,MU,0.002524771590953634,0.0,0.9028933623769183,MTCH,0.005931419941905692,0.0,1.007616960239673,GDDY,0.008450696931528246,0.0,0.9965671566273197,0.024125939042401616,1.0758760392079725
2018-04-02,2581.8798828125,2638.300048828125,2553.800048828125,2633.449951171875,3635780000,78,112,261,15,469,-454,-81307,-0.022337423560165104,0.9771631095973552,ENTA,0.0025707409196913836,0.0,0.9849389571006634,VHI,-0.005940628889263145,0.0,0.9294503666354572,MU,-0.007978540052718608,0.0,0.8668745081016282,MTCH,-0.007605756537397679,0.0,0.9692985138269946,GDDY,-0.007489414866910416,0.0,0.9592486322337233,-0.026443599426598463,1.0474260041944816
2018-04-03,2614.449951171875,2619.139892578125,2575.489990234375,2592.169921875,3395840000,109,145,283,440,44,396,-80911,0.012614865848792123,0.9894898911373143,ENTA,-0.00024404753592426333,0.0,0.9837370974730822,VHI,0.0017007504856953127,0.0,0.9373541824478819,MU,0.005952858497257064,0.0,0.8926764145096698,MTCH,-0.002713468100436378,0.0,0.956147710841645,GDDY,0.0004397871125302988,0.0,0.9613579581645668,0.005135880459122034,1.0528054589418003
2018-04-04,2644.68994140625,2649.860107421875,2573.610107421875,2584.0400390625,3369230000,171,186,306,421,63,358,-80553,0.01156648273982852,1.0009348088843888,ENTA,0.006817351172973974,0.0,1.017269503749863,VHI,0.007757096402882891,0.0,0.9737099162323504,MU,0.007138702634364425,0.0,0.9245391718691457,MTCH,0.0018496874686648734,0.0,0.9649905830363269,GDDY,0.004455695172402407,0.0,0.9827755482302893,0.02801853285128857,1.0823035232791771
2018-04-05,2662.840087890625,2672.080078125,2649.580078125,2657.360107421875,3230430000,217,208,315,368,116,252,-80301,0.0068628636575538415,1.007804088007862,ENTA,0.0017249606857224987,0.0,1.0260432532536277,VHI,0.009090970597686576,0.0,1.017969757328071,MU,-0.013298367159279612,0.0,0.8630648650658846,MTCH,0.0009868296829794955,0.0,0.9697519897920066,GDDY,0.0011887093021806018,0.0,0.9886167204109743,-0.00030689689071044016,1.0819713676930778
2018-04-06,2604.469970703125,2656.8798828125,2586.27001953125,2645.820068359375,3312390000,122,144,273,14,470,-456,-80757,-0.021920248779842444,0.9857127716773875,ENTA,-0.007422910958612513,-0.0002506381907441501,0.9628854452069374,VHI,-0.0052026173130572465,-0.0003502516166000656,0.9739869134347138,MU,0.0028985174290922806,-0.0017397425717492736,1.0144925871454613,MTCH,0.0010415016081186336,-0.0008995580542024503,1.0052075080405931,GDDY,-0.0021171351135161258,-0.0003613600356714599,0.9894143244324194,-0.01440419481694237,1.0663864413264732
2018-04-09,2613.159912109375,2653.550048828125,2610.7900390625,2617.179931640625,3076140000,133,156,276,293,191,102,-80655,0.0033365488963206236,0.9890016505378167,ENTA,0.0018081805194009705,0.0,0.971590798729127,VHI,-0.0006421661729886897,0.0,0.9708596061910066,MU,-0.0020635629697029812,0.0,1.0040252404661036,MTCH,0.00622178380061782,0.0,1.0364784269895249,GDDY,0.0025726710655279207,0.0,1.0021415124538502,0.00789690624285504,1.0748075950722802
2018-04-10,2656.8701171875,2665.449951171875,2635.780029296875,2638.409912109375,3579130000,226,210,308,410,74,336,-80319,0.0167269537832615,1.005544635437932,ENTA,0.0033902447946631224,0.0,0.9880604519687971,VHI,0.009017765393136302,0.0,1.0146345269825225,MU,0.010508781165701465,0.0,1.056780648150599,MTCH,0.0056195490573530465,0.0,1.0656011338263036,GDDY,0.00184726224221774,0.0,1.011397603340425,0.030383602653071676,1.1074641219694599
2018-04-11,2642.18994140625,2661.429931640625,2639.25,2643.889892578125,3054520000,189,191,295,135,349,-214,-80533,-0.005525364482924067,0.9999886348232885,ENTA,-0.0005000573635286276,0.0,0.985590017445705,VHI,0.003698049807353954,0.0,1.0333953720677345,MU,0.0,0.0,1.056780648150599,MTCH,-0.003315415959640156,0.0,1.0479365787978117,GDDY,0.0003595378748825429,0.0,1.0132157820652565,0.00024211435906771304,1.1077322549355408
2018-04-12,2663.989990234375,2674.719970703125,2653.830078125,2653.830078125,3045330000,261,213,300,343,141,202,-80331,0.008250750063987677,1.0082392911160436,ENTA,0.0022917142479354615,0.0,0.9968834708737214,VHI,0.002723084551053301,0.0,1.0474654869317725,MU,0.008359716316699562,0.0,1.1009525802881834,MTCH,0.003917984679600384,0.0,1.068465576102425,GDDY,0.0017618300889011174,0.0,1.0221413523222167,0.019054329884189824,1.12883935074444
2018-04-13,2656.300048828125,2680.260009765625,2645.050048828125,2676.89990234375,2988540000,237,210,294,190,294,-104,-80435,-0.0028866254882486952,1.0053288818800543,ENTA,0.0029266120472590364,0.0,1.0114709267515836,VHI,0.0032836255365548796,0.0,1.0646629090395179,MU,-0.0013690953124109618,0.0,1.0934160352038869,MTCH,0.0003574643883266671,0.0,1.0703752680704728,GDDY,-0.0008732226943643396,0.0,1.0176785671937367,0.004325383965365282,1.1337220143716233
2018-04-16,2677.840087890625,2686.489990234375,2665.159912109375,2670.10009765625,3020740000,346,263,321,432,52,380,-80055,0.008109038386684864,1.0134811323744626,ENTA,-6.979857529625378e-05,0.0,1.0111179306033793,VHI,0.0026431116825007986,0.0,1.078733023903556,MU,-0.0022209077381396547,0.0,1.0812741545359355,MTCH,0.00588760354631317,0.0,1.1018849941913609,GDDY,0.0018190721977154657,0.0,1.026934721132702,0.008059081113093525,1.1428587720451442
2018-04-17,2706.389892578125,2713.340087890625,2692.050048828125,2692.739990234375,3286190000,398,311,330,406,78,328,-79727,0.010661504701720004,1.0242863662323773,ENTA,0.007888306015158664,0.0,1.0509979688734463,VHI,0.005797192241246619,0.0,1.110001137486307,MU,0.0023620232902187067,0.0,1.0940441282165625,MTCH,0.00836222145580856,0.0,1.1479560258926633,GDDY,0.006792199450764658,0.0,1.0618104483769455,0.03120194245319721,1.1785181856826286
2018-04-18,2708.639892578125,2717.489990234375,2703.6298828125,2710.110107421875,3412030000,405,317,330,277,207,70,-79657,0.0008313658006817715,1.0251379228873676,ENTA,-0.004275791607358248,0.0,1.028528727400148,VHI,0.02901401599569131,0.0,1.2710290912776234,MU,0.006697300855217492,0.0,1.130679841594315,MTCH,-0.003950918024239281,0.0,1.1252786251239963,GDDY,0.0018057342787733965,0.0,1.0713971859979154,0.029290341498084668,1.213037385802976
2018-04-19,2693.1298828125,2702.840087890625,2681.89990234375,2701.159912109375,3375120000,367,282,311,140,344,-204,-79861,-0.005726124690152989,1.0192678553163101,ENTA,-0.002630679450680096,0.0,1.0150000804621193,VHI,-0.010578078505850531,0.0,1.2038038637238506,MU,-0.009590840356033926,0.0,1.076458992321731,MTCH,-0.0019092191179025165,0.0,1.1145366078037273,GDDY,0.00015428278924169982,0.0,1.0722236767291229,-0.024554534641225374,1.1832518172921753
2018-04-20,2670.139892578125,2693.93994140625,2660.610107421875,2692.56005859375,3428260000,316,251,301,90,394,-304,-80165,-0.00853653230061302,1.0105668423464258,MU,-0.0036138660101654816,-0.00020209943467494758,0.9819306699491726,VHI,0.017513898425665808,-0.00019568565310884995,1.087569492128329,GDDY,-0.003102163298016255,2.2171327259126477e-05,0.9844891835099188,MTCH,-0.0013480791681477443,0.0002081992678716613,0.9932596041592613,VNOM,-0.00040900655851162763,-0.0001385624490084893,0.9979549672074418,0.008734806449163201,1.1935872928968432
2018-04-23,2670.2900390625,2682.860107421875,2657.989990234375,2675.39990234375,3030390000,317,254,307,262,222,40,-80125,5.623169212687351e-05,1.0106236682299783,MU,-0.006321564591662998,0.0,0.9508939791760794,VHI,0.007185588856901681,0.0,1.1266436282470467,GDDY,-0.00028226486417386453,0.0,0.9830997499815984,MTCH,-0.001284512841352914,0.0,0.9868803305775629,VNOM,0.0020964688675262355,0.0,1.0084158748071597,0.00139371542723814,1.1952508139207088
2018-04-24,2634.56005859375,2683.550048828125,2617.320068359375,2680.800048828125,3716020000,246,206,279,116,368,-252,-80377,-0.01338056164164636,0.9971009559407203,MU,-0.007792774182613727,0.0,0.9138434689194485,VHI,-0.004624246993538472,0.0,1.1005942361934933,GDDY,-0.0035489983124996627,0.0,0.9656546532130807,MTCH,-0.004955843740411159,0.0,0.9624262070334243,VNOM,-0.005878314735646284,0.0,0.9787769453244668,-0.0268001779647093,1.16321787939517
2018-04-25,2639.39990234375,2645.300048828125,2612.669921875,2634.919921875,3563680000,248,213,287,278,206,72,-80305,0.001837059563023713,0.9989326897871313,MU,0.00208022874426157,0.0,0.9233484861784581,VHI,0.003076917167698401,0.0,1.1175264226935617,GDDY,0.0025579512288356645,0.0,0.9780051407471672,MTCH,0.00035353309491119593,0.0,0.9641274546114051,VNOM,0.0012825320595664103,0.0,0.9850535093821824,0.009351162295273243,1.174095318570158
2018-04-26,2666.93994140625,2676.47998046875,2647.159912109375,2651.64990234375,3690920000,288,241,296,357,127,230,-80075,0.010434204774367295,1.0093557580281798,MU,0.010672257308367385,0.0,0.9726195493273981,VHI,0.004895131348246373,0.0,1.1448786158146662,GDDY,0.004419894426519422,0.0,0.9996185381006459,MTCH,0.005822658185953378,0.0,0.9921963776908826,VNOM,-0.0011327556664752602,0.0,0.9794743846595123,0.0246771856026113,1.2030686866616709
2018-04-27,2669.909912109375,2677.35009765625,2659.010009765625,2675.469970703125,3234510000,295,243,301,292,193,99,-79976,0.0011136248915897262,1.0104798017247894,MU,-0.010450682353928698,0.0,0.9217968595211885,VHI,-0.0043231244223767675,0.0,1.1201313522912397,GDDY,-0.0012664205779440163,0.0,0.9932888506669211,MTCH,-0.002786113549923974,0.0,0.9783745188305324,VNOM,0.0008544059155680906,0.0,0.9836587282015148,-0.017971934988605366,1.1814472144381605
2018-04-30,2648.050048828125,2682.8701171875,2648.0400390625,2682.510009765625,3749510000,240,225,274,91,394,-303,-80279,-0.008187490964434607,1.0022065074784239,MU,-0.006481489682120279,0.0,0.8919237753512013,VHI,-0.00697672324153158,0.0,1.0810571200957473,GDDY,0.0006838707902554475,0.0,0.9966852568232086,MTCH,0.0048250351346178725,0.0,1.0019779759713932,VNOM,0.004182894937929049,0.0,1.004231433775734,-0.0037664120608494897,1.1769973974004435
2018-05-01,2654.800048828125,2655.27001953125,2625.409912109375,2642.9599609375,3562820000,240,224,281,259,226,33,-80246,0.0025490454770622506,1.0047611774433942,MU,0.0035232337683140714,0.0,0.9076360551715988,VHI,-0.012530149049774475,0.0,1.013328085865149,GDDY,-0.0016418797996882173,0.0,0.9885030698740832,MTCH,-0.04418504636043022,0.0,0.780615759369263,VNOM,0.0017360961785283459,0.0,1.0129486455484145,-0.05309774526305049,1.1145014894180014
2018-05-02,2635.669921875,2660.8701171875,2631.699951171875,2654.239990234375,4047020000,203,196,264,135,350,-215,-80461,-0.007205863568357729,0.9975210054799546,MU,-0.0038469396160172977,0.0,0.8901779496837724,VHI,0.010796936323333917,0.0,1.0680322799538082,GDDY,0.001624252014288885,0.0,0.9965309603859518,MTCH,-0.011604456121981622,0.0,0.7353226527306231,VNOM,0.009569731281274274,0.0,1.0614168772465598,0.006539523880898157,1.121789798523347
2018-05-03,2629.72998046875,2637.139892578125,2594.6201171875,2628.080078125,3867530000,194,194,259,235,250,-15,-80476,-0.0022536742393085563,0.9952729180867352,MU,0.0031814991556904817,0.0,0.9043384516604385,VHI,-0.008292668358214494,0.0,1.023748092486185,GDDY,0.0015491866037530056,0.0,1.004250022456227,MTCH,0.009774429989890665,0.0,0.771259451676104,VNOM,-0.005584804162715651,0.0,1.0317778502744437,0.0006276432284040073,1.1224938822940829
2018-05-04,2663.419921875,2670.929931640625,2615.320068359375,2621.449951171875,3335260000,258,240,283,429,56,373,-80103,0.012811178963797909,1.0080235375581659,DINO,0.0011401262578696377,-0.0002971409805328445,1.0057006312893482,VHI,0.005421192452196878,-0.00024336377387535282,1.0271059622609844,ANF,-0.007037066694814341,-0.00026729145364764675,0.9648146665259283,AA,0.004885606289708282,-8.407128148953704e-05,1.0244280314485414,APPF,0.0053080030425949895,-0.00018855243302803054,1.0265400152129749,0.008637441424982035,1.1321893574522988
2018-05-07,2672.6298828125,2683.35009765625,2664.699951171875,2680.340087890625,3266810000,265,244,287,293,192,101,-80002,0.0034579455015175675,1.0115092280152889,DINO,-0.0013626484924521344,0.0,0.9988485490439252,VHI,0.0059701235097994855,0.0,1.057765709522732,ANF,-0.0013386146275564449,0.0,0.9583570913984653,AA,0.0005883361541810573,0.0,1.02744157168983,APPF,0.0005550472821322484,0.0,1.0293889064401947,0.004412243826104212,1.1371848529546986
2018-05-08,2671.919921875,2676.340087890625,2655.199951171875,2670.260009765625,3745100000,255,240,286,243,242,1,-80001,-0.0002656413228280252,1.0112405293659061,DINO,0.0045731572717888636,0.0,1.021688006571305,VHI,0.003381643200677642,0.0,1.0756506406203195,ANF,0.006024552665299554,0.0,0.987225455244932,AA,-0.0028964175192338184,0.0,1.0125620728486722,APPF,0.004797045087679974,0.0,1.0540790314249506,0.015879980706212216,1.155243326479016
2018-05-09,2697.7900390625,2701.27001953125,2674.139892578125,2678.1201171875,3913650000,289,264,297,369,116,253,-79748,0.009682220255068819,1.0210315829020793,DINO,0.002593176834822275,0.0,1.0349350949265872,VHI,-0.014964364782191653,0.0,0.9951684977981164,ANF,0.002385552766737753,0.0,0.9990008473256994,AA,-0.0010044912596439027,0.0,1.0074765240885553,APPF,0.005765760267103026,0.0,1.0844668664138328,-0.005224366173172501,1.149207912322376
2018-05-10,2723.070068359375,2726.110107421875,2704.5400390625,2705.02001953125,3380640000,315,308,317,410,75,335,-79413,0.009370643723504823,1.030599306095901,DINO,-0.0015301146206240903,0.0,1.0270172483258664,VHI,-0.002053875041273612,0.0,0.9849487391006699,ANF,-0.0013688085535611405,0.0,0.9921636428015281,AA,0.0011217483716793543,0.0,1.0131271998405629,APPF,-0.0008756567659570225,0.0,1.0797187626686755,-0.004706706609736511,1.1437989278454868
2018-05-11,2727.719970703125,2732.860107421875,2717.449951171875,2722.699951171875,2874850000,332,308,317,287,198,89,-79324,0.0017075955546570487,1.032359152889623,DINO,0.0005041015329351417,0.0,1.0296058531720258,VHI,-0.00804152476633564,0.0,0.9453462907054244,ANF,-0.0024502209197288407,0.0,0.9800085422345948,AA,0.0006320514555481438,0.0,1.016328942447136,APPF,0.0,0.0,1.0797187626686755,-0.009355592697581195,1.1330980109486342
2018-05-14,2730.1298828125,2742.10009765625,2725.469970703125,2738.469970703125,2994360000,333,310,314,210,275,-65,-79389,0.0008834895573073265,1.0332712314205916,DINO,0.0041999472039113694,0.0,1.0512273042928288,VHI,-0.00702705315984038,0.0,0.9121312975091997,ANF,-0.003798472134121611,0.0,0.9613958665401985,AA,-0.0060414991515327365,0.0,0.9856281902297733,APPF,-0.0031662189457800417,0.0,1.0626256326562968,-0.0158332961873634,1.115157334531972
2018-05-15,2711.449951171875,2718.590087890625,2701.909912109375,2718.590087890625,3291190000,298,271,300,143,342,-199,-79588,-0.006842140279927467,1.0262014447079986,DINO,-0.0004055714098989638,0.0,1.0490955655931973,VHI,0.003921548775388972,0.0,0.9300161343729055,ANF,0.004425129298327679,0.0,0.9826673716217893,AA,-0.00684117860930733,0.0,0.9519138977711222,APPF,0.00393207670820881,0.0,1.0835172601548642,0.005032004762719168,1.1207688115505183
2018-05-16,2722.4599609375,2727.760009765625,2712.169921875,2712.6201171875,3248480000,332,287,302,315,170,145,-79443,0.004060561678767671,1.030368398969076,DINO,0.00017415425895963568,0.0,1.050009087897216,VHI,-0.010439575192925333,0.0,0.8814712675458071,ANF,0.009895629355517422,0.0,1.0312879320684378,AA,-0.001385105222931049,0.0,0.9453213932132051,APPF,0.004382121005140994,0.0,1.1072577788806515,0.00262722420376167,1.1237133224990452
2018-05-17,2720.1298828125,2731.9599609375,2711.360107421875,2719.7099609375,3478150000,329,287,303,259,226,33,-79410,-0.0008558723207806596,1.0294865351761913,DINO,0.010063827448369356,0.0,1.1028446392963023,VHI,0.010724667738569683,0.0,0.9287386998734303,ANF,-0.00036832666743971123,0.0,1.02938867783249,AA,0.0020721518067414292,0.0,0.9551156403776954,APPF,-0.0024013748614064136,0.0,1.093963073904148,0.020090945464834344,1.1462897855794814
2018-05-18,2712.969970703125,2719.5,2709.179931640625,2717.35009765625,3383270000,317,285,306,231,254,-23,-79433,-0.00263219493841671,1.0267767259291323,DINO,0.00010189018299635557,0.00019170250217596542,1.0005094509149817,LGND,0.0034733333438713813,0.00023483590545430872,1.0173666667193568,MU,-0.0009825960996126214,-0.00014321264033263827,0.9950870195019369,CVI,0.0033429119166149715,-0.0001818399908392488,1.0167145595830749,DECK,0.001768391793607533,6.40635613352351e-05,1.0088419589680377,0.007869480475271242,1.155310490666102
2018-05-21,2733.010009765625,2739.18994140625,2725.699951171875,2735.389892578125,3053480000,358,316,317,383,102,281,-79152,0.007386752997235124,1.0343612719868807,DINO,0.0059759314958220955,0.0,1.0304043306129342,LGND,-0.00987742734020225,0.0,0.9671218400750358,MU,0.007829200716266938,0.0,1.0340406995310993,CVI,0.00616484727467368,0.0,1.0480540094919086,DECK,0.006207503282466176,0.0,1.0401539078269562,0.016300055429026638,1.1741421157016956
2018-05-22,2724.43994140625,2742.239990234375,2721.8798828125,2738.340087890625,3384140000,335,313,312,167,318,-151,-79303,-0.0031357617896576873,1.0311177614334825,DINO,-0.004999335281013995,0.0,1.00464764699422,LGND,0.0018666462394811402,0.0,0.9761482118045165,MU,0.012797329849029239,0.0,1.1002054990772014,CVI,-0.002990243881107424,0.0,1.0323843240471422,DECK,-0.0044916090333515955,0.0,1.0167940843845986,0.002182787893037365,1.1767050188965544
2018-05-23,2733.2900390625,2733.330078125,2709.5400390625,2713.97998046875,3333160000,350,315,311,275,210,65,-79238,0.0032484098921563564,1.0344672545697011,DINO,0.0020016470184874183,0.0,1.0147023968304019,LGND,0.0039018599491558617,0.0,0.9951921798649173,MU,0.003184879509931582,0.0,1.1177256088308265,CVI,-0.0014077803811782365,0.0,1.0251174720609946,DECK,0.0010753799743036475,0.0,1.0222612843662866,0.008755986070700272,1.1870082316513357
2018-05-24,2727.760009765625,2731.969970703125,2707.3798828125,2730.93994140625,3285750000,332,312,310,228,257,-29,-79267,-0.002023213496498033,1.0323743064585704,DINO,0.0051038339918542345,0.0,1.0405967597531967,LGND,-0.0013840826900026748,0.0,0.988305038518032,MU,0.005069198209472204,0.0,1.1460554721056588,CVI,-0.0003101980798428938,0.0,1.023527524703761,DECK,0.0016141689523692549,0.0,1.0305117964984525,0.010092920383850125,1.1989886112283674
2018-05-25,2721.330078125,2727.360107421875,2714.989990234375,2723.60009765625,3015260000,330,310,314,226,259,-33,-79300,-0.0023572204364039617,1.029940772645368,DINO,-0.007571096633021202,0.0,1.0012044666326956,LGND,-0.00017949095075060485,0.0,0.9874180794630559,MU,-0.0004553891807424604,0.0,1.1434459657930207,CVI,-0.006478790817177305,0.0,0.9903714210628662,DECK,0.007080147167021567,0.0,1.0669926723812566,-0.007604620414670004,1.1898707579584633
2018-05-29,2689.860107421875,2710.669921875,2676.81005859375,2705.110107421875,3743310000,252,269,291,114,371,-257,-79557,-0.011564187290653005,1.018030344652217,DINO,0.005942983330181973,0.0,1.0309551739092049,LGND,-0.002314398295087905,0.0,0.9759916858648146,MU,0.004140225722972168,0.0,1.1671165877950458,CVI,-0.018298538651279395,0.0,0.8997596724256595,DECK,0.00020495735812269268,0.0,1.0680861123775942,-0.010324770535090465,1.177585615416128
2018-05-30,2724.010009765625,2729.340087890625,2702.429931640625,2702.429931640625,3566490000,335,319,316,446,39,407,-79150,0.012695791223314323,1.0309550453669203,DINO,0.007321332144551152,0.0,1.0686950001808688,LGND,0.004779213871053178,0.0,0.999314050880403,MU,-0.00015972366176044697,0.0,1.1661845071195258,CVI,-0.002069699411965709,0.0,0.8904485121010103,DECK,0.004746385285783816,0.0,1.0934338534162895,0.014617508227661991,1.1947989828382497
2018-05-31,2705.27001953125,2722.5,2700.679931640625,2720.97998046875,4241100000,260,279,294,87,398,-311,-79461,-0.006879559974886984,1.0238625283009062,DINO,-0.0010568727401771172,0.0,1.0630476271145952,LGND,0.0007309472699113862,0.0,1.0029662802667787,MU,-0.015918167283978702,0.0,1.0733669067779614,CVI,-0.007549126801764206,0.0,0.8568379684595463,DECK,0.005745475473957118,0.0,1.124845340352278,-0.018047744082051523,1.1732355565664894
2018-06-01,2734.6201171875,2736.929931640625,2718.699951171875,2718.699951171875,3694310000,309,309,301,389,96,293,-79168,0.010849230370481022,1.0349706487381458,CVI,0.0101780674609522,0.0004674034181977511,1.050890337304761,DINO,0.008721671624816237,0.00013669539082874647,1.0436083581240811,LGND,0.0038566311771614788,0.0008065244065562956,1.0192831558858073,APPF,0.003011880800982914,0.00037306372974356297,1.0150594040049146,TPL,0.0014998980283796272,0.00012950142353332895,1.007499490141898,0.029181337461152142,1.2074721392640786
2018-06-04,2746.8701171875,2749.159912109375,2740.5400390625,2741.669921875,3410090000,317,312,310,350,135,215,-78953,0.004479598435997323,1.0396069016375364,CVI,0.010822983670483755,0.0,1.1077591821053538,DINO,-0.0015921769202060566,0.0,1.0353003124163846,LGND,-8.121411690322767e-05,0.0,1.0188692549789093,APPF,0.0031640325562340534,0.0,1.03111780900883,TPL,-0.0031506516279890874,0.0,0.9916280905978294,0.009162973561619438,1.2185361745525474
2018-06-05,2748.800048828125,2752.610107421875,2739.510009765625,2748.4599609375,3523550000,320,316,312,257,228,29,-78924,0.0007025929724704394,1.0403373221407588,CVI,-0.008611348252277162,0.0,1.0600626816215193,DINO,-0.0048642010439093,0.0,1.0101207681143076,LGND,0.002478167246074481,0.0,1.0314938970575145,APPF,0.005737704918032805,0.0,1.0606990576279358,TPL,-0.003816882233546748,0.0,0.9727034523913857,-0.009076559365625923,1.2074760586250586
2018-06-06,2772.35009765625,2772.389892578125,2748.4599609375,2753.25,3662780000,350,341,324,366,119,247,-78677,0.008567392465728796,1.049250300276284,CVI,-0.003658921999759479,0.0,1.0406692482869742,DINO,-0.00804761375271612,0.0,0.9694754591874033,LGND,-0.0019763196224625635,0.0,1.0213010889114889,APPF,0.00015936011812125452,0.0,1.0615442232635093,TPL,-0.0018862741171070674,0.0,0.9635295256620529,-0.015409769373923975,1.1888691310371116
2018-06-07,2770.3701171875,2779.89990234375,2760.159912109375,2774.840087890625,3742080000,354,343,328,263,222,41,-78636,-0.0007141884679080501,1.0485009378118777,CVI,0.0033241442387303977,0.0,1.0579659217175594,DINO,0.002373127301783118,0.0,0.9809789025904351,LGND,0.0015907506892689051,0.0,1.029424265967174,APPF,-0.009713373484439902,0.0,1.0099883457094687,TPL,0.004693400031735484,0.0,0.9861406731936546,0.0022680487770780034,1.1915655442158661
2018-06-08,2779.030029296875,2779.389892578125,2763.590087890625,2765.840087890625,3138850000,383,359,331,350,135,215,-78421,0.0031259043893263616,1.0517784514955966,CVI,-0.0005944773560428107,0.0,1.0548212377979291,DINO,0.0011466194322290236,0.0,0.9866029499520196,LGND,-0.0022617606019067703,0.0,1.0177827097301173,APPF,0.00033472292592833246,0.0,1.0116786769806156,TPL,0.002320011887544515,0.0,0.9975799636166568,0.0009451162877522903,1.192691712219629
2018-06-11,2782.0,2790.2099609375,2780.169921875,2780.179931640625,3262130000,390,370,338,258,227,31,-78390,0.001068707668436586,1.0529024951922064,CVI,-0.0011925165707985963,0.0,1.0485317787714075,DINO,-0.0023578171934497405,0.0,0.974971802959494,LGND,-0.004168567844780569,0.0,0.9965692283463443,APPF,0.004344204126654816,0.0,1.033653370397555,TPL,-0.0023469959988838608,0.0,0.9858733827007818,-0.00572169348125795,1.1858674958246715
2018-06-12,2786.85009765625,2789.800048828125,2778.780029296875,2785.60009765625,3435700000,388,371,338,308,177,131,-78259,0.0017433852107295866,1.0547381098306647,CVI,-0.007798087864982595,0.0,1.0076490640709779,DINO,-0.008914552447152158,0.0,0.9315146165996095,LGND,-0.0006334083472293583,0.0,0.9934130520072119,APPF,0.0044153669351905565,0.0,1.0564731649680632,TPL,9.417870296619669e-05,0.0,0.9863376240831401,-0.012836503021207358,1.1706451041317667
2018-06-13,2775.6298828125,2791.469970703125,2774.64990234375,2787.93994140625,3820770000,348,351,324,139,346,-207,-78466,-0.004026127868587581,1.050491599332614,CVI,0.0017685630479532311,0.0,1.0165595185710807,DINO,0.00046655381505336104,0.0,0.9336876250903722,LGND,-0.007239589981759576,0.0,0.9574535361119088,APPF,0.0027199951171875017,0.0,1.070841174218827,TPL,-0.00029668039127817014,0.0,0.9848744889219132,-0.002581158392843652,1.1676234836961956
2018-06-14,2782.489990234375,2789.06005859375,2776.52001953125,2783.2099609375,3540930000,353,360,326,297,188,109,-78357,0.002471549778432225,1.0530879416121894,CVI,-0.0005671668112510853,0.0,1.0136767244681062,DINO,-0.0002464802476531247,0.0,0.9325369473050575,LGND,0.007608761526476427,0.0,0.9938787142566943,APPF,0.0063141280131743475,0.0,1.104648315497805,TPL,-0.0018315533835215226,0.0,0.9758552379092684,0.011277689097225041,1.1807915783279401
2018-06-15,2779.659912109375,2782.81005859375,2761.72998046875,2777.780029296875,5451990000,339,352,324,256,229,27,-78330,-0.001017102715529128,1.0520168430070846,DECK,0.00033978967372985365,-0.0003499312274887383,1.0016989483686494,CVI,-0.0006683267232151517,-0.00037408160830790693,0.9966583663839242,RH,0.006873001070948737,-0.00020434252102131332,1.0343650053547437,APPF,0.0010325881837228016,-0.00034573833919693194,1.005162940918614,DINO,-0.00033786648297849897,-0.0005326214682534451,0.9983106675851076,0.0054324705579394065,1.1872061938122693
2018-06-18,2773.75,2774.989990234375,2757.1201171875,2765.7900390625,3316120000,319,341,323,224,261,-37,-78367,-0.0021261277624751163,1.049780120790576,DECK,0.002356706598177416,0.0,1.0135025009736882,CVI,0.005745621910765397,0.0,1.02529047712114,RH,-0.008105910625436797,0.0,0.9924426539173187,APPF,0.003831417624521061,0.0,1.024418935955369,DINO,0.005255872628735192,0.0,1.0245456361487821,0.009083708136762271,1.1979904283750165
2018-06-19,2762.590087890625,2765.050048828125,2743.18994140625,2752.010009765625,3671160000,302,336,308,165,320,-155,-78522,-0.004023402292699374,1.045556433045757,DECK,0.0003993103651808827,0.0,1.015526011242566,CVI,-0.002132489458483988,0.0,1.0143583714494158,RH,-0.0033171528553953334,0.0,0.9759822340010289,APPF,0.0012030121079064761,0.0,1.030580877872984,DINO,0.0013477074816609315,0.0,1.031449575244486,-0.0024996123591310314,1.1949959166941297
2018-06-20,2767.320068359375,2774.860107421875,2763.909912109375,2769.72998046875,3332140000,305,334,311,272,213,59,-78463,0.0017121542893689945,1.0473465869773737,DECK,0.0019261037586215668,0.0,1.0253060535787273,CVI,-0.0054401097736436425,0.0,0.9867672669969197,RH,-0.00014493789474541164,0.0,0.9752749499495037,APPF,-0.001195819183125657,0.0,1.024418935955369,DINO,-0.00029448778951572945,0.0,1.0299308287174327,-0.005149250882408874,1.1888425829156175
2018-06-21,2749.760009765625,2769.280029296875,2744.389892578125,2769.280029296875,3336580000,256,304,306,139,346,-207,-78670,-0.006345510515579966,1.040700638196252,DECK,0.0005427215350685355,0.0,1.0280883319552938,CVI,-0.009232396774560092,0.0,0.9412161323316005,RH,-0.0035996780846033975,0.0,0.9577215706305242,APPF,-0.006766917293233088,0.0,0.9897581448892099,DINO,-0.006944633638637532,0.0,0.9941683673245281,-0.026000904255965573,1.1579316007418137
2018-06-22,2754.8798828125,2764.169921875,2752.679931640625,2760.7900390625,5468110000,267,321,310,296,189,107,-78563,0.0018619345065358228,1.0426383546254834,DECK,-0.004543212379214823,0.0,1.0047342137719657,CVI,0.002046440053605636,0.0,0.9508468442931164,RH,0.0032225702644457233,0.0,0.9731531959061851,APPF,-0.003424119763801059,0.0,0.9728128927627188,DINO,-0.0022500114103743973,0.0,0.9829839164729607,-0.00494833323533892,1.1522017693176136
2018-06-25,2717.070068359375,2742.93994140625,2698.669921875,2742.93994140625,3663280000,188,272,299,101,384,-283,-78846,-0.013724668973416176,1.0283284883492614,DECK,-0.005219454398124501,0.0,0.9785133917168745,CVI,-0.003175454692314972,0.0,0.9357499889261991,RH,-0.007162224260536032,0.0,0.9383034887614978,APPF,-0.002850361058218143,0.0,0.9589485528304018,DINO,-0.010956608839216364,0.0,0.9291330651327849,-0.02936410324841001,1.1183683976003707
2018-06-26,2723.06005859375,2732.909912109375,2715.60009765625,2722.1201171875,3568900000,175,276,295,237,248,-11,-78857,0.0022045770199778936,1.0305955177036648,DECK,0.004497688058652561,0.0,1.0005186317026575,CVI,0.0005007046179577035,0.0,0.9380926606297452,RH,-0.00047966951592213206,0.0,0.9360531108602864,APPF,0.0025702786732868968,0.0,0.9712723779009984,DINO,0.0008024781585513008,0.0,0.9328611100885693,0.00789147999252633,1.1271939794343075
2018-06-27,2699.6298828125,2746.090087890625,2699.3798828125,2728.449951171875,3803990000,144,239,284,91,394,-303,-79160,-0.008604355128821406,1.0217279078751709,DECK,-0.005477367710418868,0.0,0.9731175894678545,CVI,-0.002219796545682984,0.0,0.9276807863917629,RH,-0.0016485738881014456,0.0,0.9283373472780845,APPF,-0.006344171369392849,0.0,0.9404627858421902,DINO,-0.0031675748811173634,0.0,0.9180865729891302,-0.01885748439471351,1.10593793655731
2018-06-28,2716.31005859375,2724.340087890625,2691.989990234375,2698.68994140625,3461100000,163,261,283,351,134,217,-78943,0.00617868985946779,1.0280408477386944,DECK,0.0010223335277367962,0.0,0.9780918431585716,CVI,0.003367046297936094,0.0,0.943298507179197,RH,-0.00351850458376628,0.0,0.9120055512196876,APPF,0.0,0.0,0.9404627858421902,DINO,0.0014739583347674224,0.0,0.9248526797706071,0.0023448335766740325,1.1085311769646673
2018-06-29,2718.3701171875,2743.260009765625,2718.030029296875,2727.1298828125,3586800000,167,264,284,275,210,65,-78878,0.0007584033300001014,1.0288205173409957,DECK,-0.007284298065712282,0.0003147875666314315,0.9635785096714385,APPF,-0.0011752258590420634,0.00020258355099980055,0.9941238707047897,RH,-0.004742302215982526,0.0002727159160663334,0.9762884889200873,GOOS,0.0008239386265987298,0.00022181918384722856,1.0041196931329937,SM,-0.004014236926145,0.0008131347122616489,0.979928815369275,-0.014567083510476697,1.092383110735856
2018-07-02,2726.7099609375,2727.260009765625,2698.949951171875,2704.949951171875,3095040000,162,266,292,285,200,85,-78793,0.003067957412152822,1.0319768948729469,DECK,0.0029054752917006435,0.0,0.977576777428759,APPF,0.003597705467449819,0.0,1.0120066951295748,RH,-0.0007014892556605146,0.0,0.972864209493075,GOOS,0.00010196293890247788,0.0,1.004631608107602,SM,-0.00404826349841001,0.0,0.960093765097777,0.001855390943982415,1.0944099084668746
2018-07-03,2713.219970703125,2736.580078125,2711.159912109375,2733.27001953125,1911460000,155,258,287,211,274,-63,-78856,-0.00494735062681062,1.0268713433352432,DECK,0.0015891030421919528,0.0,0.9853441285837002,APPF,-0.0016064257028112429,0.0,1.0038781272972086,RH,-0.0009769526639963556,0.0,0.9681119980872201,GOOS,0.0014605988361934053,0.0,1.0119684268956275,SM,0.004131898569194004,0.0,0.9799288153692749,0.004598222080771763,1.0994422482734023
2018-07-05,2736.610107421875,2737.830078125,2716.02001953125,2724.18994140625,2980160000,213,283,298,404,81,323,-78533,0.008620803683929923,1.0357237995947897,DECK,-0.001178095111863886,0.0,0.979539983076759,APPF,0.0016194331983805821,0.0,1.0120066951295748,RH,-0.003335014190354535,0.0,0.9519686618298533,GOOS,0.0023941968235812183,0.0,1.0240826848618174,SM,0.001167778050989421,0.0,0.9856505121798764,0.0006682987707328004,1.100177004176415
2018-07-06,2759.820068359375,2764.409912109375,2733.52001953125,2737.679931640625,2590250000,265,294,311,414,71,343,-78190,0.008481281595267509,1.0445080647940734,DECK,-0.0016207809385870632,0.0,0.9716018844109855,APPF,0.0004819326132655455,0.0,1.0144452902857048,RH,-0.0006753879162310295,0.0,0.9487539211757008,GOOS,-0.0013662107440356676,0.0,1.0170871210276218,SM,0.007585101890150137,0.0,1.0230318099946916,0.004404654904561923,1.105022904213747
2018-07-09,2784.169921875,2784.64990234375,2770.72998046875,2775.6201171875,3070060000,344,337,316,374,111,263,-77927,0.008822985887663393,1.0537237447093022,DECK,0.0007906607844657021,0.0,0.9754429219515692,APPF,0.0022435799074520093,0.0,1.0258252356381765,RH,0.0017972912051667845,0.0,0.9572798565676838,GOOS,0.001845325386442065,0.0,1.0264714044508996,SM,0.006413155887757771,0.0,1.0558361223728463,0.013090013171284332,1.1194876685844757
2018-07-10,2793.840087890625,2795.580078125,2786.239990234375,2788.56005859375,3080140000,365,352,326,311,174,137,-77790,0.003473267180873929,1.0573836088095085,DECK,5.249381154843747e-05,0.0,0.9756989455361752,APPF,-0.004754358276617677,0.0,1.0014395321410783,RH,0.002686540595810172,0.0,0.9701387125487859,GOOS,0.004720751287381076,0.0,1.0506999854710068,SM,0.00043356732775916566,0.0,1.0581250026034903,0.0031389947458811745,1.1230017344942411
2018-07-11,2774.02001953125,2785.909912109375,2770.77001953125,2779.820068359375,2986180000,294,308,316,138,347,-209,-77999,-0.007094202866256172,1.0498823149811598,DECK,-0.0034117630569371338,0.0,0.959054677450811,APPF,-0.00016233518928268078,0.0,1.000626687761052,RH,-0.008701928002085801,0.0,0.9279283264056072,GOOS,-0.0019486920135678876,0.0,1.0404625321192906,SM,-0.005551597065274305,0.0,1.0287535843077558,-0.01977631532714781,1.100792898079949
2018-07-12,2798.2900390625,2799.219970703125,2781.530029296875,2783.139892578125,2834230000,346,333,321,359,126,233,-77766,0.008749042674663476,1.0590677801583044,DECK,-0.0007120066301581574,0.0,0.9556404110056651,APPF,0.003899271414505279,0.0,1.0201352629619407,RH,0.0008434968575719904,0.0,0.9318418495424831,GOOS,-0.0021974357952602385,0.0,1.0290307840607604,SM,-0.0024471482131215084,0.0,1.0161660218298505,-0.0006138223664626345,1.1001172067782643
2018-07-13,2801.31005859375,2804.530029296875,2791.68994140625,2796.929931640625,2619790000,367,336,317,277,208,69,-77697,0.0010792374947172778,1.0602107658160982,DECK,0.00013998676484339149,-0.00012565704072302095,1.0006999338242168,APPF,0.0009163971402792664,-0.000103680303201259,1.0045819857013962,RH,0.012819008346244713,0.0002896553555101114,1.0640950417312236,GOOS,0.0006993022236552672,-0.0002453996782396873,1.0034965111182763,LGND,-0.0001093961717372428,-2.5008827970453475e-05,0.9994530191413138,0.014255207808661085,1.1157996061747721
2018-07-16,2798.429931640625,2801.18994140625,2793.389892578125,2797.360107421875,2819860000,341,324,318,146,339,-193,-77890,-0.001028135726814483,1.0591207252498094,DECK,0.0013224874716799562,0.0,1.0073169994511844,APPF,-0.0001587277367001594,0.0,1.0037847105767956,RH,-0.007695523218240652,0.0,1.0231512012309367,GOOS,0.002820635366401758,0.0,1.0176489998648812,LGND,-0.0011488347362698327,0.0,0.9937119874130173,-0.00485996285312893,1.110376861537227
2018-07-17,2809.550048828125,2814.18994140625,2789.239990234375,2789.340087890625,3064920000,374,340,325,343,142,201,-77689,0.00397369863071062,1.0633293518254918,DECK,0.004882385922009291,0.0,1.03190755113679,APPF,0.007942799539327573,0.0,1.0436490142605628,RH,0.001031289770483168,0.0,1.0284270280683718,GOOS,0.008115181889974066,0.0,1.0589410335351497,LGND,0.0017559631008291277,0.0,1.0024365953267613,0.023727620222623227,1.1367234620117705
2018-07-18,2815.6201171875,2816.760009765625,2805.889892578125,2811.35009765625,3111560000,376,350,328,266,219,47,-77642,0.0021605126279586884,1.0656266883177898,DECK,0.0016464418296028517,0.0,1.0404024299191632,APPF,-0.0029029701834621725,0.0,1.0285006044085723,RH,-0.0069508638305163075,0.0,0.9926847469097427,GOOS,0.0036792396132568684,0.0,1.078421522528578,LGND,0.004491565684570542,0.0,1.0249491443893983,-3.658688654821843e-05,1.1366818728394292
2018-07-19,2804.489990234375,2812.050048828125,2799.77001953125,2809.3701171875,3278360000,374,342,332,240,245,-5,-77647,-0.003952993120479142,1.0614142733498706,DECK,0.004331758471529623,0.0,1.0629362901171748,APPF,0.00573642937711969,0.0,1.0580002098161456,RH,0.007530502159120412,0.0,1.0300618200593914,GOOS,-0.0014512694632319524,0.0,1.070596121407889,LGND,0.00512503342959545,0.0,1.051213637532553,0.021272453974133226,1.1608618856626374
2018-07-20,2801.830078125,2809.699951171875,2800.010009765625,2804.550048828125,3243250000,336,332,318,180,305,-125,-77772,-0.0009484477101494582,1.060407577412792,DECK,-0.0021367824589518802,0.0,1.051579972018646,APPF,-0.0018085862484386263,0.0,1.0484327866645524,RH,-0.005525900975276832,0.0,1.0016017219790834,GOOS,-0.004976678733686679,0.0,1.0439560566589985,LGND,-0.0005676441170323398,0.0,1.0482300613471054,-0.015015592533386357,1.1434308565999887
2018-07-23,2806.97998046875,2808.610107421875,2795.139892578125,2799.169921875,2928490000,324,329,312,248,237,11,-77761,0.0018380494891383492,1.0623566590187339,DECK,-0.0009864106278242302,0.0,1.0463935237166146,APPF,0.0028897245573906716,0.0,1.063581196516543,RH,0.0027747020834208327,0.0,1.0154974539027497,GOOS,0.002009572760603895,0.0,1.0544455849326453,LGND,-0.00155252673251034,0.0,1.0400930353867937,0.00513506204108083,1.1493024449883158
2018-07-24,2820.39990234375,2829.989990234375,2811.1201171875,2820.679931640625,3430410000,314,328,320,233,252,-19,-77780,0.004780911145920941,1.06743569181078,DECK,-0.004118934457387958,0.0,1.0248433920124949,APPF,-0.003598191913481985,0.0,1.0444463502133563,RH,0.0014634859844910864,0.0,1.022928285358115,GOOS,-0.00672667300341292,0.0,1.0189810316839734,LGND,-0.0006780248425546809,0.0,1.0365669908039918,-0.013658338232346457,1.1336048834634027
2018-07-25,2846.070068359375,2848.030029296875,2817.72998046875,2817.72998046875,3584400000,347,338,332,376,109,267,-77513,0.009101605057599604,1.0771510699020272,DECK,0.006962732562638685,0.0,1.0605219442983473,APPF,0.003969474967199416,0.0,1.06517586842213,RH,-0.0010896411158623832,0.0,1.017355161766591,GOOS,0.0021895364725257774,0.0,1.0301365123523933,LGND,0.0010117604565807793,0.0,1.0418107782634538,0.013043863343082274,1.14839147064835
2018-07-26,2837.43994140625,2845.570068359375,2835.260009765625,2835.489990234375,3667290000,364,364,336,305,180,125,-77388,-0.0030322960242857855,1.073884828995208,DECK,0.0010624092843428468,0.0,1.0661554860977067,APPF,0.0028443021103041312,0.0,1.0803242782741205,RH,0.0037250792251107613,0.0,1.0363038046548707,GOOS,0.0006141989483964051,0.0,1.0333000561653511,LGND,0.0018137810809304878,0.0,1.0512588616610723,0.010059770649084632,1.1599440254584374
2018-07-27,2818.820068359375,2843.169921875,2808.340087890625,2842.35009765625,3434370000,288,329,334,136,349,-213,-77601,-0.00656220869212365,1.066837772636036,APPF,-0.009034002305629547,-0.0023961090896490946,0.9548299884718523,GOOS,-0.010054553209957101,1.898064982847363e-05,0.9497272339502145,RH,-0.0024524951877117154,-0.00010017401320903947,0.9877375240614414,LGND,-0.009107770471512507,-5.287815460120846e-05,0.9544611476424375,TPL,-0.0028637987988573755,0.0001215225241921524,0.9856810060057131,-0.03592127805710696,1.118277353589265
2018-07-30,2802.60009765625,2821.739990234375,2798.110107421875,2819.0,3261190000,252,300,327,156,329,-173,-77774,-0.005754170294581917,1.060699006415596,APPF,-0.009252120495260075,0.0,0.9106589779427054,GOOS,-0.012309261092875202,0.0,0.8912750315016778,RH,-0.0032539081254164383,0.0,0.9716674882848303,LGND,-0.006912305970358724,0.0,0.9214735101958162,TPL,-0.0017026999148457957,0.0,0.9772894111807578,-0.03343029559875624,1.080893011097381
2018-07-31,2816.2900390625,2824.4599609375,2808.06005859375,2809.72998046875,3906890000,281,316,347,365,120,245,-77529,0.004884728797982518,1.0658802333982256,APPF,0.03346806379777578,0.0,1.0630489418017242,GOOS,0.007515815314889984,0.0,0.9247683241593746,RH,0.0006201981118938882,0.0,0.974680619992945,LGND,0.0027487420281506747,0.0,0.9341379750223301,TPL,0.0017391375325494175,0.0,0.9857876146564958,0.04609195678525974,1.1307134850543707
2018-08-01,2813.360107421875,2825.830078125,2805.85009765625,2821.169921875,3501350000,257,305,337,173,312,-139,-77668,-0.0010403515262938923,1.0647713432705632,APPF,0.010387812073422254,0.0,1.1182627049631577,GOOS,-0.0013233538780984102,0.0,0.9186493454187802,RH,-0.005019878767539999,0.0,0.9502167272457684,LGND,0.003261125289321365,0.0,0.949369679892634,TPL,0.013760653838913672,0.0,1.053613025276378,0.021066358556018884,1.1545335007546518
2018-08-02,2827.219970703125,2829.909912109375,2796.340087890625,2800.47998046875,3501380000,292,323,339,313,172,141,-77527,0.004926444803381669,1.0700168805214083,APPF,0.0023699843635075716,0.0,1.1315140305884395,GOOS,0.00417178775572431,0.0,0.9378113958738913,RH,0.000301996153794315,0.0,0.9516515362302647,LGND,0.002082123284688864,0.0,0.9592532034740443,TPL,0.0031327606253176658,0.0,1.0701166122759163,0.012058652183032726,1.1684556186739115
2018-08-03,2840.35009765625,2840.3798828125,2827.3701171875,2829.6201171875,3043690000,306,334,350,334,151,183,-77344,0.004644183009877123,1.0749862347382075,APPF,-0.005855562900909295,0.0,1.0983857726915793,GOOS,-0.0033997309407112655,0.0,0.9218698637783709,RH,0.0031511672715351493,0.0,0.9666456021046395,LGND,0.0007493307365029622,0.0,0.9628471930213045,TPL,-0.0011376903354882062,0.0,1.0640293056377579,-0.0064924861690706555,1.1608694367304981
2018-08-06,2850.39990234375,2853.2900390625,2835.97998046875,2840.2900390625,2879020000,330,343,349,326,159,167,-77177,0.003538227451535869,1.0787897805439814,APPF,0.002144780343488462,0.0,1.1101647537657608,GOOS,-0.0002794823792303447,0.0,0.9205816318640232,RH,0.005566275563481771,0.0,0.9935486810723504,LGND,0.0015108275868365606,0.0,0.9701206735269282,TPL,0.001321916756424546,0.0,1.0710620964800046,0.010264317871000994,1.1727849696358297
2018-08-07,2858.449951171875,2863.429931640625,2855.919921875,2855.919921875,3185440000,343,365,348,319,166,153,-77024,0.0028241822564987196,1.0818364795006858,APPF,-0.001193646070371135,0.0,1.1035390347867757,GOOS,-0.004093049523940184,0.0,0.9017417008137776,RH,0.0021950883867166925,0.0,1.0044533169296483,LGND,0.01788834796187957,0.0,1.0568899543922414,TPL,0.0018007774873905814,0.0,1.0807058190346974,0.016597518241675525,1.1922502895629232
2018-08-08,2857.699951171875,2862.43994140625,2853.090087890625,2856.7900390625,2978070000,326,355,348,203,282,-79,-77103,-0.0002623799656497061,1.081552627282356,APPF,-0.0005336810043642837,0.0,1.1005943456845748,GOOS,-0.00032142911638533,0.0,0.9002924706232757,RH,0.0017284576263705276,0.0,1.0131340919095495,LGND,-0.007060161576329715,0.0,1.0195808851601966,TPL,-0.0013261642579828427,0.0,1.073539851881708,-0.007512978328691644,1.1832929389750606
2018-08-09,2853.580078125,2862.47998046875,2851.97998046875,2857.18994140625,3066180000,328,351,344,226,259,-33,-77136,-0.0014416744645237012,1.0799933804775643,APPF,0.0038795904969690653,0.0,1.1219436225072537,GOOS,-0.006832408701931048,0.0,0.8695366400704283,RH,0.00470187230807495,0.0,1.0369522275651304,LGND,0.001678542296274843,0.0,1.0281379333612704,TPL,0.000496301916600439,0.0,1.0762038513118872,0.00392389831598825,1.1879360601456255
2018-08-10,2833.280029296875,2842.199951171875,2825.81005859375,2838.89990234375,3265590000,270,322,336,110,375,-265,-77401,-0.007113887913551609,1.0723104286214693,RH,0.0014182248341375336,-0.00011865821973177986,1.0070911241706877,APPF,0.0004570051643765402,-0.0002398003387451158,1.0022850258218827,STAA,0.0020764084671756416,-0.0003993988834923746,1.0103820423358782,MED,0.002802254498722208,-0.00023622332332783863,1.014011272493611,LGND,0.002532505508408322,0.00010688410202756066,1.0126625275420416,0.008399201809550698,1.197913774851631
2018-08-13,2821.929931640625,2843.39990234375,2819.8798828125,2835.4599609375,3173630000,243,305,328,142,343,-201,-77602,-0.004005992185342366,1.0680147614241506,RH,0.010000002113405772,0.0,1.0574456910211831,APPF,0.002359092688040576,0.0,1.0141074422006275,STAA,-0.0015018734985299265,0.0,1.0027947122720042,MED,0.001915105139317852,0.0,1.0237209634900049,LGND,0.004290598093951026,0.0,1.034387167094479,0.0170629245361853,1.2183536871927814
2018-08-14,2839.9599609375,2843.110107421875,2826.580078125,2827.8798828125,2986500000,285,326,337,400,85,315,-77287,0.006389254777276809,1.074838579840782,RH,0.0019522635984577264,0.0,1.0677677546708162,APPF,0.0015544200187414426,0.0,1.0219891867471842,STAA,0.014375779896305653,0.0,1.0748744925960116,MED,0.007790955027155988,0.0,1.063599783424542,LGND,0.0012278426252039232,0.0,1.0407374903680917,0.026901261165864734,1.2511289379243486
2018-08-15,2818.3701171875,2827.949951171875,2802.489990234375,2827.949951171875,3656680000,248,299,330,164,321,-157,-77444,-0.007602164835758152,1.0666674797850002,RH,-0.0058132097055861205,0.0,1.0367319652969949,APPF,-0.000514150565016469,0.0,1.0193619051581502,STAA,-0.004235301298253669,0.0,1.0521124059262534,MED,-0.005449463695219392,0.0,1.0346195413944659,LGND,-0.0013969728360392565,0.0,1.0334680803506322,-0.017409098100114907,1.2293479115081312
2018-08-16,2840.68994140625,2850.489990234375,2831.43994140625,2831.43994140625,3232000000,291,323,342,413,72,341,-77103,0.007919408484583057,1.0751148552746383,RH,0.0009552731153983363,0.0,1.0416837761686064,APPF,0.0005154757256945697,0.0,1.0219891867471842,STAA,-0.0016826850334565437,0.0,1.0432605369314232,MED,0.0013406438734337557,0.0,1.0415548231419924,LGND,-0.00623358537405101,0.0,1.0012570227995208,-0.005104877692980892,1.2230722407777608
2018-08-17,2850.1298828125,2855.6298828125,2833.72998046875,2838.320068359375,3037640000,312,336,342,376,109,267,-76836,0.0033231157222237684,1.0786875863533978,RH,0.0021290791796909404,0.0,1.0527729123669185,APPF,-0.0016709550138358732,0.0,1.013450696968778,STAA,-0.0009697006687973575,0.0,1.0382022847294616,MED,0.0008086003473208869,0.0,1.0457658311007243,LGND,0.006943181444732849,0.0,1.0360165687100713,0.007240205289111446,1.2319275348844052
2018-08-20,2857.050048828125,2859.760009765625,2850.6201171875,2853.929931640625,2757150000,324,343,344,321,164,157,-76679,0.0024280177746833775,1.0813066589863942,RH,-0.0016561775757154785,0.0,1.0440550179180046,APPF,-0.0018146586229215167,0.0,1.004255361737977,STAA,0.006333735742859093,0.0,1.0710807793250066,MED,0.006072941440442703,0.0,1.0775202043641772,LGND,-0.006782806345709292,0.0,1.0008810699275381,0.00215303463895551,1.2345799175396945
2018-08-21,2862.9599609375,2873.22998046875,2861.320068359375,2861.510009765625,3174010000,352,360,345,294,191,103,-76576,0.0020685364303643095,1.0835433812029032,RH,0.0008016113770838107,0.0,1.0482396498213271,APPF,0.002746901487697073,0.0,1.018048314473906,STAA,0.004014178604222485,0.0,1.0925783270638085,MED,-0.0027677008906993542,0.0,1.0626089362173508,LGND,0.0038652608734583097,0.0,1.020224402120418,0.008660251451762324,1.2452716900628844
2018-08-22,2861.820068359375,2867.5400390625,2856.050048828125,2860.989990234375,2701250000,339,355,343,196,289,-93,-76669,-0.0003981517707819515,1.0831119664869582,RH,0.005934785581530911,0.0,1.0793450376200702,APPF,0.0014193627142137012,0.0,1.025273213568068,STAA,0.003240744215634228,0.0,1.1102821615316054,MED,0.007048965129660978,0.0,1.100060402906662,LGND,0.002817348615690385,0.0,1.0345960411554556,0.020461206256730202,1.2707514509589282
2018-08-23,2856.97998046875,2868.780029296875,2854.030029296875,2860.2900390625,2724450000,307,341,337,186,299,-113,-76782,-0.0016912621251551352,1.0812801402407366,RH,0.004419744495137268,0.0,1.1031971840619452,APPF,0.002306198235219936,0.0,1.0370956299468128,STAA,0.003872430271420502,0.0,1.1317796127922712,MED,0.0016571677640374372,0.0,1.109175326097617,LGND,0.0018817601246736704,0.0,1.0443303490324134,0.014137300890488813,1.2887164465781598
2018-08-24,2874.68994140625,2876.159912109375,2862.35009765625,2862.35009765625,2603010000,344,356,342,388,97,291,-76491,0.006198839704363079,1.0879828225056,RH,-0.002523935064920017,-3.999999999999707e-05,0.9873803246753999,APPF,0.004088852165869003,8.653578703174622e-05,1.020444260829345,CZR,0.003065572729993948,-8.464736341763923e-05,1.0153278636499696,MOH,-0.001422136361665669,0.00012242395905259426,0.9928893181916717,STAA,0.0002471732849446866,0.0001022779012386899,1.0012358664247234,0.003642117038127347,1.293410102705557
2018-08-27,2896.739990234375,2898.25,2884.68994140625,2884.68994140625,2865070000,390,377,352,342,143,199,-76292,0.007670409427647185,1.0963280962044653,RH,-0.003607512001388269,0.0,0.9695703928193942,APPF,0.003213832874768086,0.0,1.0368419473909538,CZR,-0.004623121712075995,0.0,0.9918579421933901,MOH,0.002302840727144462,0.0,1.004321647989064,STAA,0.002232142895156031,0.0,1.0124103740528,-0.00048181721639568593,1.2927869154502132
2018-08-28,2897.52001953125,2903.77001953125,2893.5,2901.449951171875,2687770000,390,374,352,243,242,1,-76291,0.00026927832649970007,1.0966233135995058,RH,0.007334535522851571,0.0,1.0051271352595892,APPF,-0.0010948831263960512,0.0,1.0311658436262638,CZR,-0.001028806616663247,0.0,0.9867557921247974,MOH,0.0006873009901172012,0.0,1.0077730043043591,STAA,-0.0008830055907631529,0.0,1.0079405539506239,0.005015141179146321,1.2992704243457491
2018-08-29,2914.0400390625,2916.5,2898.39990234375,2900.6201171875,2805520000,402,387,359,324,161,163,-76128,0.005701434129840033,1.1028756391872403,RH,-0.00026389125118624345,0.0,1.0038009139729647,APPF,0.00036697621010128856,0.0,1.0330579102926631,CZR,0.002481912338175185,0.0,0.9990009990009991,MOH,-0.001797959093469448,0.0,0.9987133311181489,STAA,0.00731708018493924,0.0,1.0448164632251677,0.008104118388560023,1.3097998656834016
2018-08-30,2901.1298828125,2912.4599609375,2895.219970703125,2908.93994140625,2810450000,349,356,346,103,382,-279,-76407,-0.004430329054144866,1.0979895371998405,RH,-0.0024160036988210456,0.0,0.9916749803677716,APPF,0.005982898419038563,0.0,1.0639613129839893,CZR,-0.003881514803402042,0.0,0.9796128131698201,MOH,-0.0008063320132484453,0.0,0.9946868584634561,STAA,0.0034224566291360505,0.0,1.062695658379145,0.0023015045327030807,1.3128143760112059
2018-08-31,2901.52001953125,2906.320068359375,2891.72998046875,2898.3701171875,2887220000,345,360,348,281,204,77,-76330,0.00013447750859452157,1.098137192097266,RH,0.002521966212793325,0.0,1.0041798343405717,APPF,0.0024896338369939652,0.0,1.0772056834142767,CZR,0.00020833015441894533,0.0,0.9806332276130123,MOH,-0.0004915372949124474,0.0,0.9922422300249856,STAA,0.0006309212546190325,0.0,1.0660480447694587,0.005359314163912821,1.319850160691151
2018-09-04,2896.719970703125,2900.179931640625,2885.1298828125,2896.9599609375,3087420000,327,347,343,233,252,-19,-76349,-0.0016543221469484948,1.0963205194199916,RH,-0.009710693359375001,0.0,0.9554234220958253,APPF,0.0066744693751731535,0.0,1.113154565137832,CZR,-0.004786671090286543,0.0,0.9571633840090643,MOH,-0.0004057953323143071,0.0,0.9902289936976392,STAA,0.0071278856844810175,0.0,1.1040413877558648,-0.0011008047223216803,1.318397263401505
2018-09-05,2888.60009765625,2894.2099609375,2876.919921875,2891.590087890625,3248780000,337,356,344,255,230,25,-76324,-0.002803126684318036,1.09324739411744,RH,-0.02613697042832939,0.0,0.830564053446566,APPF,-0.005325775578744696,0.0,1.0835125081459358,CZR,0.0019189634695166548,0.0,0.966347191850426,MOH,-0.0003485412300852975,0.0,0.9885033155399917,STAA,-0.002834011098452072,0.0,1.088397060025612,-0.0327263348660948,1.2752509530728844
2018-09-06,2878.050048828125,2892.050048828125,2867.2900390625,2888.639892578125,3144240000,324,347,341,258,227,31,-76293,-0.0036523050860121087,1.0892545210996354,RH,-0.0029503266118931395,0.0,0.8183118772977398,APPF,-0.0008148974805679111,0.0,1.079097750080676,CZR,-0.006546987484731148,0.0,0.9347138769956768,MOH,0.005178931727127845,0.0,1.0141002714560974,STAA,-0.0006160226838971994,0.0,1.085044673635298,-0.0057493025339615525,1.2679191495369455
2018-09-07,2871.679931640625,2883.81005859375,2864.1201171875,2868.260009765625,2976580000,298,342,341,184,301,-117,-76410,-0.002213344827027508,1.086843625240043,CZR,2.0726460747371494e-05,-0.00041008941176470874,1.000103632303737,NVRI,0.0005112352424243378,-0.00020348618816556807,1.0025561762121218,MOH,-0.0009215526410035993,-0.0004762445487517059,0.995392236794982,APPF,0.0014417615312153102,-3.3482787394667997e-07,1.0072088076560766,LGND,0.003249710895488036,-4.000000000000005e-05,1.0162485544774402,0.0031717265123155265,1.2719406423190043
2018-09-10,2877.1298828125,2886.929931640625,2875.93994140625,2881.389892578125,2751100000,310,351,339,330,155,175,-76235,0.0018978268127400888,1.0889062662132794,CZR,0.002646096180844415,0.0,1.0133354843131746,NVRI,0.0,0.0,1.0025561762121218,MOH,-0.0003270003988524062,0.0,0.9937647685027493,APPF,0.006984865999324086,0.0,1.04238490043016,LGND,0.0013986138975784713,0.0,1.0233552512358712,0.010702575678894566,1.2855536833024852
2018-09-11,2887.889892578125,2892.52001953125,2866.780029296875,2871.570068359375,2904500000,308,346,338,264,221,43,-76192,0.003739841510076891,1.0929786030682467,CZR,0.0032644177912828365,0.0,1.0298752362308252,NVRI,0.0007092090171324728,0.0,1.0061112856138792,MOH,0.0070777572405364975,0.0,1.0289328974310514,APPF,0.0004499368837107998,0.0,1.0447299374987937,LGND,0.0017790257079272733,0.0,1.0324581277373261,0.013280346640589882,1.3026262818418295
2018-09-12,2888.919921875,2894.64990234375,2879.199951171875,2888.2900390625,3341280000,306,349,339,268,217,51,-76141,0.00035667194221011833,1.093368437869397,CZR,0.0053533189703585116,0.0,1.05744148942691,NVRI,0.002473500995797773,0.0,1.0185543719481258,MOH,0.001526718358292456,0.0,1.0367873511508465,APPF,-0.0016835017123324248,0.0,1.0359359143052729,LGND,-0.0015699886676983521,0.0,1.0243533899352228,0.006100047944417964,1.3105723646147236
2018-09-13,2904.179931640625,2906.760009765625,2896.389892578125,2896.85009765625,3274090000,332,357,346,365,120,245,-75896,0.005282254329749936,1.0991438880343447,CZR,0.004379558791882632,0.0,1.0805971252865154,NVRI,0.0038394495757930083,0.0,1.0381078127046175,MOH,0.004395305933400584,0.0,1.0595723391317864,APPF,0.0056593096619741885,0.0,1.0652493249503423,LGND,-0.0005690484906725191,0.0,1.0214388561829333,0.017704575472377894,1.3337754919560578
2018-09-14,2904.97998046875,2908.300048828125,2895.77001953125,2906.3798828125,3179410000,336,358,347,282,203,79,-75817,0.00027548183892078804,1.0994466822138589,CZR,-0.0006122511260363561,0.0,1.0772891412527739,NVRI,0.0023972497601117307,0.0,1.0505508312294989,MOH,0.002657927289131612,0.0,1.0736536703067234,APPF,-0.0044028619341577755,0.0,1.0417985964342866,LGND,-0.0008208348411195666,0.0,1.0172466931767918,-0.0007807708520703552,1.3327341189287327
2018-09-17,2888.800048828125,2904.64990234375,2886.159912109375,2903.830078125,2967980000,297,343,343,187,298,-111,-75928,-0.005569722252617426,1.093323069562366,CZR,-0.004094165941600858,0.0,1.0552361386959062,NVRI,0.0013536431005292116,0.0,1.0576611856517442,MOH,-0.006445659431019025,0.0,1.0390516407784198,APPF,-0.006640398421844474,0.0,1.0072088076560766,LGND,-0.0008791487718672331,0.0,1.0127751372718299,-0.01670572946580238,1.3104698232880647
2018-09-18,2904.31005859375,2911.169921875,2890.429931640625,2890.739990234375,3091190000,316,343,357,333,152,181,-75747,0.005369014643958003,1.0991931371334234,CZR,0.0018808809918053893,0.0,1.0651600066716025,NVRI,-0.0010084007968421682,0.0,1.0523284537397428,MOH,0.0026287223954013506,0.0,1.0527085323688836,APPF,0.0018626202750934074,0.0,1.0165890453880408,LGND,0.00950052637780523,0.0,1.0608846218040116,0.014864349243263209,1.3299491044141758
2018-09-19,2907.949951171875,2912.360107421875,2903.820068359375,2906.60009765625,3302460000,286,346,362,232,253,-21,-75768,0.0012532727238796504,1.1005707259104685,CZR,-0.00414078681488963,0.0,1.0431070041147348,NVRI,-0.0030405456563518344,0.0,1.0363301901943738,MOH,-0.0014788009301943017,0.0,1.0449248005844307,APPF,-0.0066897208732674025,0.0,0.982585560605704,LGND,-0.0011591084364720673,0.0,1.054736220227729,-0.016508962711175235,1.3079930242416413
2018-09-20,2930.75,2934.800048828125,2919.72998046875,2919.72998046875,3406520000,323,364,374,398,87,311,-75457,0.007840591898404803,1.1091998518276636,CZR,0.004862585811535736,0.0,1.068467990705344,NVRI,-0.00308747074771667,0.0,1.02033199445837,MOH,0.0009074262575378356,0.0,1.0496657615904448,APPF,-0.002505973779283255,0.0,0.9702738923518028,LGND,-0.004845192314992497,0.0,1.029184221084771,-0.00466862477291885,1.3018864956058618
2018-09-21,2929.669921875,2940.909912109375,2927.110107421875,2936.760009765625,5652470000,323,370,372,261,224,37,-75420,-0.00036853301202766087,1.108791075065329,CZR,-0.001025423983595478,-8.123776019561344e-05,0.9948728800820226,OLLI,-0.0012711149440371608,-0.0008057855451687404,0.9936444252798142,PEN,-0.001989637266601477,0.00013779255082234298,0.9900518136669926,LGND,0.0012953535697316952,8.072507552870168e-05,1.0064767678486586,PTC,-0.0013562861647681563,-1.9847304863081833e-05,0.9932185691761592,-0.005035461773146968,1.2953308959242622
2018-09-24,2919.3701171875,2923.7900390625,2912.6298828125,2921.830078125,3392030000,267,326,359,124,361,-237,-75657,-0.0035156877607932513,1.104892911853445,CZR,0.0006223971319808453,0.0,0.9979689102182654,OLLI,0.0014016205409787654,0.0,1.0006079874643203,PEN,0.0034147809692104403,0.0,1.0069558641262042,LGND,0.006542479766788079,0.0,1.039401037295619,PTC,0.0007568395088049852,0.0,0.9969771044463156,0.012738117917763114,1.311830973619067
2018-09-25,2915.56005859375,2923.949951171875,2913.699951171875,2921.75,3330880000,258,307,350,192,293,-101,-75758,-0.0013050961134796202,1.1034509204083738,CZR,-0.0020682523920559025,0.0,0.9876486522894836,OLLI,0.0020342546739230195,0.0,1.0107854448406404,PEN,0.004937459052902282,0.0,1.031814880862219,LGND,0.0017887750536978776,0.0,1.0486973105271296,PTC,0.0029386260363476247,0.0,1.0116258188301577,0.0096308624248149,1.3244650372506033
2018-09-26,2905.969970703125,2931.14990234375,2903.280029296875,2916.97998046875,3417540000,220,284,332,133,352,-219,-75977,-0.003289278113945082,1.0998213634460619,CZR,0.00020899917806622704,0.0,0.9886807410722173,OLLI,0.000953904790491622,0.0,1.0156064102306037,PEN,-0.0017989000338997085,0.0,1.0225342217414126,LGND,-0.0012114821213874416,0.0,1.042344920314876,PTC,0.0003810554366322272,0.0,1.0135532464206716,-0.0014664227500970739,1.3225228115882708
2018-09-27,2914.0,2927.219970703125,2909.27001953125,2911.64990234375,3101360000,223,281,334,258,227,31,-75946,0.0027632870875580196,1.1028604856182929,CZR,0.0029227429058180654,0.0,1.0031290391826562,OLLI,-0.0009493767155070998,0.0,1.0107854448406404,PEN,-0.006612649729031595,0.0,0.9887259185197932,LGND,0.0036491970155906554,0.0,1.0613635301770217,PTC,0.0018446348532685343,0.0,1.0229014246406267,0.0008545483301385607,1.3236529712484837
2018-09-28,2913.97998046875,2920.530029296875,2907.5,2910.030029296875,3461680000,239,293,337,290,195,95,-75851,-6.870120538793323e-06,1.1028529088338193,CZR,0.0,0.0,1.0031290391826562,OLLI,0.0037095920048795697,0.0,1.0295334528647877,PEN,0.0007375166936172128,0.0,0.9923719278713949,LGND,0.0003503520883164413,0.0,1.0632227848233238,PTC,9.422093846871427e-05,0.0,1.02338331830158,0.004891681725281938,1.3301278602985551
2018-10-01,2924.590087890625,2937.06005859375,2917.909912109375,2926.2900390625,3375890000,234,290,339,238,247,-9,-75860,0.003641105118425747,1.1068685122050448,CZR,4.116105573870321e-05,0.0,1.0033354884341308,OLLI,0.0008324693698858355,0.0,1.0338187281887015,PEN,-0.002738815088241564,0.0,0.9787823118253872,LGND,-0.0017195581313927068,0.0,1.0540814178976992,PTC,-0.0006026926969904923,0.0,1.0202993900407686,-0.004187435491000225,1.3245580356887727
2018-10-02,2923.429931640625,2931.419921875,2919.3701171875,2923.800048828125,3432620000,227,291,338,240,245,-5,-75865,-0.0003966902079042267,1.1064294283048155,CZR,0.0036617954267579747,0.0,1.021705534949391,OLLI,-0.005989636040722158,0.0,1.0028577386190385,PEN,-0.006881119921789015,0.0,0.9451067195004054,LGND,-0.00295446962604391,0.0,1.038510160234919,PTC,-0.0036271006867463875,0.0,1.0017957469492498,-0.015790530848543493,1.303642561165543
2018-10-03,2925.510009765625,2939.860107421875,2921.360107421875,2931.68994140625,3625510000,212,272,341,238,247,-9,-75874,0.0007115197468861023,1.1072166746915904,CZR,0.0008080838906644683,0.0,1.0258336538683677,OLLI,-0.0033970814163403196,0.0,0.9858237916835594,PEN,-0.002034105537686859,0.0,0.9354944854412012,LGND,-0.0066614403689803986,0.0,1.003920292709993,PTC,9.620597061239523e-05,0.0,1.002277640610203,-0.011188337461730716,1.2890569682617479
2018-10-04,2901.610107421875,2919.780029296875,2883.919921875,2919.35009765625,3510370000,157,247,338,150,335,-185,-76059,-0.008169482334351885,1.0981712876273975,CZR,-0.004024144807441066,0.0,1.0051931380108041,OLLI,-0.005933483649490579,0.0,0.9565769449373933,PEN,-0.005116214193961355,0.0,0.9115635346172669,LGND,-0.003796588287532865,0.0,0.9848629325853965,PTC,-0.005769230769230771,0.0,0.9733657855926009,-0.024639661707656635,1.257295040641881
2018-10-05,2885.570068359375,2909.639892578125,2869.2900390625,2902.5400390625,3340820000,151,243,326,161,324,-163,-76222,-0.005527978766503461,1.0921006200674095,CZR,-0.01841903987061853,0.00022257058736858796,0.9079048006469074,OLLI,-0.0035264498588628078,4.9504737034538556e-05,0.9823677507056859,LGND,-0.0015734325868266054,-0.00014751949293458796,0.992132837065867,PTC,-0.0015053032269209028,0.00023346174059276026,0.9924734838653955,CVI,-0.000632372934972614,-3.6042719170594785e-05,0.9968381353251369,-0.025334623625310755,1.2254419440012492
2018-10-08,2884.429931640625,2889.449951171875,2862.080078125,2877.530029296875,3381820000,178,238,335,268,217,51,-76171,-0.00039511662920677093,1.0916691129516538,CZR,0.00040404109597838025,0.0,0.9097389549003945,OLLI,0.003136357394131739,0.0,0.9977730324990977,LGND,-0.005616738827234191,0.0,0.9642700819272576,PTC,-0.00362730388141177,0.0,0.9744734692642795,CVI,-0.007955651281410736,0.0,0.9571856523818443,-0.013659295499946579,1.208703270370107
2018-10-09,2880.340087890625,2894.830078125,2874.27001953125,2882.510009765625,3531690000,168,229,324,189,296,-107,-76278,-0.0014179036575431292,1.0901212313235729,CZR,0.00954301566862994,0.0,0.9531472204052819,OLLI,0.0026851747919265367,0.0,1.011169007473751,LGND,-0.009647906995989232,0.0,0.9177541415800121,PTC,0.0014614863079738694,0.0,0.9815943674283472,CVI,-0.00351494931770342,0.0,0.940363357103069,0.0005268204548376943,1.209340039976767
2018-10-10,2785.679931640625,2874.02001953125,2784.860107421875,2873.89990234375,4554260000,66,111,265,14,471,-457,-76735,-0.0328642290012785,1.0542952375381993,CZR,-0.0044900544228506645,0.0,0.9317488059422391,OLLI,-0.007109739800422821,0.0,0.9752232647868001,LGND,-0.018011730696327444,0.0,0.8351024393621204,PTC,-0.016120906801007553,0.0,0.9024734108598155,CVI,-0.00035780029736258716,0.0,0.9386810456590672,-0.046090232017971064,1.1536012769456157
2018-10-11,2728.3701171875,2795.139892578125,2710.510009765625,2776.8701171875,4914090000,18,49,212,37,448,-411,-77146,-0.02057300761734404,1.0326052135853965,CZR,-0.0012685953971323328,0.0,0.9258387447097297,OLLI,-0.005334253238955667,0.0,0.9492128254923305,LGND,-0.007785063405842663,0.0,0.8025958121580804,PTC,-0.0009205439319349695,0.0,0.8983195787493172,CVI,-0.007885277759912235,0.0,0.9016722417941342,-0.023193733733777866,1.1268449560931928
2018-10-12,2767.1298828125,2775.77001953125,2729.43994140625,2770.5400390625,4024010000,31,66,240,364,121,243,-76903,0.014206197825152422,1.0472746075248744,CZR,0.0013647429945347956,0.0,0.9321564044142872,OLLI,0.00691521223947631,0.0,0.9820328662358928,LGND,-0.0029950846033116375,0.0,0.7905766003596951,PTC,0.008653529067379484,0.0,0.9371877516818338,CVI,0.0019189876646890092,0.0,0.9103237313421113,0.015857387362767962,1.1447137730597436
2018-10-15,2750.7900390625,2775.989990234375,2749.030029296875,2763.830078125,3327160000,46,68,239,224,261,-37,-76940,-0.005904978964482943,1.0410904729974029,CZR,-0.00017490561460200562,0.0,0.9313412074701908,OLLI,0.0021143578316943578,0.0,0.9924147106444284,LGND,-0.002487782606735012,0.0,0.7807426867813624,PTC,-0.00027438767387453214,0.0,0.9359019878459953,CVI,-0.0025343034512397724,0.0,0.8987885484716824,-0.0033570215147569644,1.1408709442953435
2018-10-16,2809.919921875,2813.4599609375,2766.909912109375,2767.050048828125,3460260000,118,135,272,462,23,439,-76501,0.02149560016316343,1.0634693375386337,CZR,0.00862143270511031,0.0,0.9714886851986929,OLLI,0.007041613497625932,0.0,1.0273557147530101,LGND,0.010806207031075932,0.0,0.8229270223381517,PTC,0.009172575490333568,0.0,0.9788251460213485,CVI,0.008395689450813171,0.0,0.9365182961462594,0.04403751817495891,1.191112069240032
2018-10-17,2809.2099609375,2816.93994140625,2781.81005859375,2811.669921875,3347090000,119,129,270,207,278,-71,-76572,-0.00025266233815879335,1.063200638889251,CZR,-0.0009649656013041908,0.0,0.966801419382328,OLLI,-0.0009562152499022592,0.0,1.0224438487454048,LGND,-0.007463951370756661,0.0,0.792215585956084,PTC,-0.002849355652658936,0.0,0.9648800412074453,CVI,-0.002771361212961221,0.0,0.923541143740418,-0.015005849087583269,1.173238421282617
2018-10-18,2768.780029296875,2806.0400390625,2755.179931640625,2802.0,3639300000,101,114,250,91,394,-303,-76875,-0.014391922356395415,1.0478991378450868,CZR,-0.0007588545969073435,0.0,0.9631331108753539,OLLI,-0.004454620302870071,0.0,0.9996708531095754,LGND,-0.005861782811544147,0.0,0.7689966074321103,PTC,-0.006211559768596953,0.0,0.9349129909800136,CVI,0.00416344212983435,0.0,0.9427666942728392,-0.013123375350084164,1.1578415731049851
2018-10-19,2767.780029296875,2797.77001953125,2760.27001953125,2775.659912109375,3593940000,124,111,249,224,261,-37,-76912,-0.00036116989772350117,1.0475206682206468,CZR,-0.012666170650022377,-2.3088905615296238e-05,0.9366691467498881,OLLI,-0.0023161018973826236,2.2472087322189794e-05,0.9884194905130869,PEN,-0.006075435392379645,0.00013641932451446468,0.9696228230381018,CVI,-0.0072696588955415,0.0004038603881314235,0.9636517055222925,ZBRA,-0.006157854845793736,-0.0002742910024829533,0.9692107257710313,-0.03421984978925006,1.1182204083935836
2018-10-22,2755.8798828125,2778.93994140625,2749.219970703125,2773.93994140625,3331270000,100,98,242,167,318,-151,-77063,-0.004299527548581317,1.0430168242499238,CZR,-0.011730215120347533,0.0,0.8817324938100453,OLLI,0.0030200676122221107,0.0,1.003344958966025,PEN,-0.00024822686344492254,0.0,0.9684193908776649,CVI,0.003987243531679186,0.0,0.9828632756704694,ZBRA,0.003916333176474752,0.0,0.9881894863726925,-0.0010547976634164066,1.1170409121196254
2018-10-23,2740.68994140625,2753.590087890625,2691.429931640625,2721.030029296875,4373710000,94,88,230,148,337,-189,-77252,-0.005511829997012829,1.037267892830634,CZR,-0.008099681980578399,0.0,0.8460237298510269,OLLI,-0.0028197252367796913,0.0,0.9891991734560641,PEN,0.0021198785320108104,0.0,0.9786840482611877,CVI,-0.0017200892807568869,0.0,0.9744102127458175,ZBRA,-0.001760014023061829,0.0,0.9794933496054016,-0.012279631989165997,1.103324060801954
2018-10-24,2656.10009765625,2742.590087890625,2651.889892578125,2737.8701171875,4738670000,83,72,188,90,395,-305,-77557,-0.030864433977743855,1.0052532064351294,CZR,-0.010489521682323378,0.0,0.8016518085608647,OLLI,-0.0022745063272174406,0.0,0.9779494745615437,PEN,0.00010127641839963175,0.0,0.9791796363369515,CVI,-0.012776002608645821,0.0,0.912164875646159,ZBRA,-0.008350319835025677,0.0,0.9385979358779729,-0.03378907403481268,1.0660437624271266
2018-10-25,2705.570068359375,2722.699951171875,2667.840087890625,2674.8798828125,4663930000,98,85,207,384,101,283,-77274,0.018625040052811848,1.0239760876682011,CZR,0.007538220120910034,0.0,0.8318669475271518,OLLI,0.0038952141800373766,0.0,0.9969960878649048,PEN,-0.000347029323966841,0.0,0.977480616100751,CVI,0.027464199031217176,0.0,1.037424264116317,ZBRA,0.00395641454194835,0.0,0.9571653484907245,0.042507018550146096,1.111358104411884
2018-10-26,2658.68994140625,2692.3798828125,2628.159912109375,2667.860107421875,4804330000,73,55,193,83,402,-319,-77593,-0.017327264039978307,1.0062333836265502,CZR,-0.014528832552420124,0.0,0.7714366695945776,OLLI,-0.002815332602300247,0.0,0.9829617099122454,PEN,-0.00018830370957203526,0.0,0.9765602999705183,CVI,0.0016296250660480462,0.0,1.045877327040969,ZBRA,-0.002823803412086412,0.0,0.9436511146057296,-0.018726647210330773,1.0905460932662208
2018-10-29,2641.25,2706.85009765625,2603.5400390625,2682.64990234375,4701260000,102,79,184,244,241,3,-77590,-0.0065595995737004476,0.9996328955522703,CZR,-0.02021363350505916,0.0,0.6934689790368366,OLLI,0.0009518372100743467,0.0,0.9876398075701093,PEN,-0.000898869345274611,0.0,0.9721712993832399,CVI,-0.0003918580221363266,0.0,1.0438281499371114,ZBRA,-0.0063761023429556255,0.0,0.9135670341918782,-0.026928626005351376,1.0611791853790575
2018-10-30,2682.6298828125,2685.429931640625,2635.340087890625,2640.679931640625,5125600000,151,99,211,425,60,365,-77225,0.015666780052058682,1.0152939242596903,CZR,0.012614257855405554,0.0,0.737206961618314,OLLI,0.009135001997048064,0.0,1.0327502656426948,PEN,-0.002373851104753877,0.0,0.9606323498179853,CVI,0.007803695387536891,0.0,1.0845567345323384,ZBRA,0.01021353570824659,0.0,0.9602207818198566,0.03739263984348322,1.1008594764673374
2018-10-31,2711.739990234375,2736.68994140625,2705.60009765625,2705.60009765625,5133380000,180,105,221,315,170,145,-77080,0.010851331974038647,1.0263112156830567,CZR,0.009229009105854181,0.0,0.7712254104266866,OLLI,0.0003882663994952296,0.0,1.034755176778789,PEN,0.0004421563131975948,0.0,0.9627560981086546,CVI,0.003117594127961887,0.0,1.101462773067436,ZBRA,0.0035246663995616156,0.0,0.9771430714490628,0.01670169234607051,1.119245692759551
2018-11-01,2740.3701171875,2741.669921875,2708.85009765625,2717.580078125,4730250000,257,126,237,365,120,245,-76835,0.010557843693063784,1.0371468490786766,CZR,0.009260266447720466,0.0,0.806934174385705,OLLI,-0.0015285232999159516,0.0,1.026846939791714,PEN,0.0075882406795726,0.0,0.999284223049528,CVI,-0.0039069731014007795,0.0,1.079945845934592,ZBRA,0.003247139986403802,0.0,0.9930076731477612,0.014660150712380136,1.1356540032995883
2018-11-02,2723.06005859375,2756.550048828125,2700.43994140625,2745.449951171875,4261230000,241,112,234,178,307,-129,-76964,-0.0063166863793988615,1.030595517703665,PBR,-7.587547672334323e-05,0.00023205251996273065,0.9996206226163833,OLLI,-0.0009938399371876153,0.0003544401833636749,0.9950308003140619,BPOP,0.000596529697834368,4.209217493083581e-05,1.0029826484891717,BAND,-0.01148537471940015,0.00035564672176582917,0.9425731264029993,CROX,0.0012327979666914045,3.093563282983839e-05,1.0061639898334571,-0.009710595235932427,1.1246261269454798
2018-11-05,2738.31005859375,2744.27001953125,2717.93994140625,2726.3701171875,3650910000,301,138,236,347,138,209,-76755,0.005600317169601965,1.0363671794763756,PBR,0.0035958330293031082,0.0,1.017592966874266,OLLI,-0.0076997725991288625,0.0,0.9567232458563245,BPOP,0.0026086535343996077,0.0,1.0160648196437856,BAND,-0.01406191918262747,0.0,0.8763011907670218,CROX,-0.0005695250765202609,0.0,1.003298811716948,-0.016126730294573878,1.1064895847139988
2018-11-06,2755.449951171875,2756.820068359375,2737.080078125,2738.39990234375,3543800000,342,172,247,373,112,261,-76494,0.006259295774170726,1.0428541081833613,PBR,-0.006699155404536561,0.0,0.9835078997559954,OLLI,0.0007402292241053044,0.0,0.9602642183861432,BPOP,0.001604809630695403,0.0,1.0242177726836612,BAND,-0.0029287846121612174,0.0,0.8634687035513369,CROX,0.0032365554391617923,0.0,1.0195349728477832,-0.004046345722735279,1.10201234531564
2018-11-07,2813.889892578125,2815.14990234375,2774.1298828125,2774.1298828125,3929080000,403,243,271,443,42,401,-76093,0.021208856064105275,1.064971850859683,PBR,-0.004032766852994652,0.0,0.9636766094670236,OLLI,0.00500615833419511,0.0,0.9843003919856589,BPOP,0.0015549678134389568,0.0,1.0321809010360374,BAND,0.000488610542310619,0.0,0.8655782031088892,CROX,0.0008430927492254714,0.0,1.023832785563732,0.0038600625861755057,1.1062661819392965
2018-11-08,2806.830078125,2814.75,2794.989990234375,2806.3798828125,3673550000,392,253,274,257,228,29,-76064,-0.0025089163835961825,1.0622999255349925,PBR,-0.007845692165748775,0.0,0.9258730593409698,OLLI,0.0022239106197292193,0.0,0.9952453724593616,BPOP,0.004518754769339806,0.0,1.0555017628829277,BAND,-0.0017871747620133327,0.0,0.8578435055131639,CROX,0.05513059421826064,0.0,1.3060553348050596,0.05224039267956755,1.1640579616919313
2018-11-09,2781.010009765625,2794.10009765625,2764.239990234375,2794.10009765625,4029030000,363,227,263,146,339,-193,-76257,-0.00919901370610332,1.0525278139600036,PBR,0.0,0.0,0.9258730593409698,OLLI,-0.0031698139529986458,0.0,0.9794716591179665,BPOP,0.0012214588172860807,0.0,1.0619480225575995,BAND,-0.0019672112694288702,0.0,0.8494057084559046,CROX,-0.014478972684606073,0.0,1.2115036372189272,-0.01839453908974751,1.1426456520128572
2018-11-12,2726.219970703125,2775.989990234375,2722.0,2773.929931640625,3701570000,283,178,233,79,406,-327,-76584,-0.01970148934024063,1.0317914484529638,PBR,-0.0029450851285318883,0.0,0.9122391844511026,OLLI,-0.002059602221685064,0.0,0.969385049091982,BPOP,-0.004463477614847555,0.0,1.038248116423512,BAND,-0.004180456655265208,0.0,0.8316511897212309,CROX,0.0011036608988355568,0.0,1.2181890831849052,-0.01254496072149416,1.1283112071897698
2018-11-13,2722.179931640625,2754.60009765625,2714.97998046875,2730.050048828125,4112820000,293,183,232,254,231,23,-76561,-0.0014819196931705747,1.0302624163862564,PBR,-0.011141327231951404,0.0,0.8614214081122116,OLLI,0.0009298335518388879,0.0,0.9738918828084655,BPOP,0.0023009987890312725,0.0,1.0501931547165344,BAND,0.0008032070225905575,0.0,0.8349911301008803,CROX,0.008153657380224156,0.0,1.2678525652280006,0.0010463695117334708,1.1294918376367205
2018-11-14,2701.580078125,2746.800048828125,2685.75,2737.89990234375,4449060000,271,165,220,154,331,-177,-76738,-0.007567410690302756,1.022465997562678,PBR,0.0048921294799047395,0.0,0.8824923334384456,OLLI,0.0006170091950341572,0.0,0.9768963840417753,BPOP,-0.0010832783504340028,0.0,1.0445048971751423,BAND,-0.0008842066714638054,0.0,0.8312996064616388,CROX,0.003314505059897943,0.0,1.2888640839412646,0.006856158712939032,1.137235812940527
2018-11-15,2730.199951171875,2735.3798828125,2670.75,2693.52001953125,4204960000,328,186,240,366,119,247,-76491,0.010593753366266334,1.0332977501662504,PBR,0.004494363320053552,0.0,0.9023235393066167,OLLI,-0.004064144234439637,0.0,0.9570451450075337,BPOP,0.0041024123371622865,0.0,1.065929846057131,BAND,0.0035948338239172985,0.0,0.846241526177226,CROX,-0.0008892103216182834,0.0,1.2831337277082462,0.007238254925075216,1.1454674156645155
2018-11-16,2736.27001953125,2746.75,2712.159912109375,2718.5400390625,3996970000,339,209,246,320,165,155,-76336,0.0022233054237545957,1.0355950866585484,PBR,0.00156354329283654,0.00042656530121517314,1.0078177164641826,ZBRA,0.0013041219152017391,-0.00037154634709492783,1.0065206095760086,BPOP,-0.0012703604406464125,-0.00020347998333775758,0.9936481977967679,TRIP,0.0032153141456164915,-0.00015621054593437732,1.0160765707280826,CROX,0.0052854970381044095,-0.00045640592068822976,1.026427485190522,0.009337038455272648,1.1561626889738368
2018-11-19,2690.72998046875,2733.159912109375,2681.090087890625,2730.739990234375,3806940000,271,177,223,136,349,-213,-76549,-0.01664310858849427,1.018359565177579,PBR,-0.00013459067411849545,0.0,1.0071395021349452,ZBRA,-0.0124958422543489,0.0,0.9436339957609441,BPOP,0.00010776885398251502,0.0,0.9941836194344597,TRIP,-0.008795349667939779,0.0,0.9713928270833094,CROX,-0.00431918125313644,0.0,1.0042608534318276,-0.0256371949955611,1.1265219206700223
2018-11-20,2641.889892578125,2669.43994140625,2631.52001953125,2654.60009765625,4370820000,198,143,191,79,406,-327,-76876,-0.01815124083246611,0.9998750754559953,PBR,-0.011717145402057927,0.0,0.9481355022015883,ZBRA,-0.00840565518217864,0.0,0.9039746858282045,BPOP,-0.009117060970834135,0.0,0.948863456061517,TRIP,-0.006932814504505603,0.0,0.93772039567743,CROX,-0.01249532439127179,0.0,0.9415180277463969,-0.04866800045084809,1.0716963513269635
2018-11-21,2649.929931640625,2670.72998046875,2649.820068359375,2657.739990234375,3237400000,212,150,197,327,158,169,-76707,0.0030432907461763747,1.002917986020463,PBR,0.005579388519317163,0.0,0.974585583880291,ZBRA,0.002526345599316704,0.0,0.9153934481753834,BPOP,0.0008274173714268419,0.0,0.952788986594804,TRIP,0.002144323255873015,0.0,0.9477742739372178,CROX,0.0047087004402352585,0.0,0.9636846595050914,0.015786175186168983,1.088614337675389
2018-11-23,2632.56005859375,2647.550048828125,2631.090087890625,2633.360107421875,1651680000,197,152,202,212,273,-61,-76768,-0.006554842390161242,0.9963440166918408,PBR,-0.006244332361417637,0.0,0.944157402378317,ZBRA,0.0008032173260517528,0.0,0.919069747564027,BPOP,0.0005617299787539665,0.0,0.9554650372807886,TRIP,-0.0024919947015841883,0.0,0.935965031592471,CROX,-0.0003118831093456898,0.0,0.9621818746649154,-0.007683262867541796,1.080250227557654
2018-11-26,2673.449951171875,2674.35009765625,2649.969970703125,2649.969970703125,3523520000,264,184,222,413,72,341,-76427,0.0155323683669224,1.0118195989792775,PBR,-0.002162928365584027,0.0,0.9339466782424161,ZBRA,0.004896961558948876,0.0,0.9415729936830964,BPOP,0.0018674330445282994,0.0,0.9643863721983366,TRIP,0.008729741831455006,0.0,0.9768186970378305,CROX,0.00687230878402172,0.0,0.9952439294103463,0.020203516853369873,1.1020750812359716
2018-11-27,2682.169921875,2682.530029296875,2655.889892578125,2663.75,3494380000,239,189,215,247,238,9,-76418,0.003261692144003847,1.0151198430164174,PBR,0.009037862113650652,0.0,0.9761510847397011,ZBRA,-0.000544239793360024,0.0,0.9390107862255191,BPOP,-0.0010730547561249137,0.0,0.9592121752811892,TRIP,0.002221853439527788,0.0,0.9876704369468733,CROX,0.0008305066915968329,0.0,0.9993767131260785,0.010472927695290336,1.1136170338765372
2018-11-28,2743.7900390625,2744.0,2684.3798828125,2691.449951171875,3984540000,347,257,256,431,54,377,-76041,0.022973979644221654,1.038441185626322,PBR,0.0006973395756961321,0.0,0.9795546286559397,ZBRA,0.01130620319822695,0.0,0.992094019997482,BPOP,0.001041630447706199,0.0,0.9642078983191061,TRIP,0.004621114623493394,0.0,1.01049112844371,CROX,0.00872180323892171,0.0,1.0429585483933084,0.026388091084044385,1.1430032615992147
2018-11-29,2737.800048828125,2753.75,2722.93994140625,2736.969970703125,3599200000,335,251,252,202,283,-81,-76122,-0.0021831080910337253,1.0361741562719187,PBR,-0.0008338810706054246,0.0,0.9754704683436392,ZBRA,-0.00021335404048636875,0.0,0.9910356836589379,BPOP,0.0006292352249226418,0.0,0.9672414661879611,TRIP,0.0006948829107526589,0.0,1.0140019935268234,CROX,-0.004827089847044519,0.0,1.0177862752941202,-0.004550206822461012,1.1378023603601908
2018-11-30,2760.169921875,2760.8798828125,2732.760009765625,2737.760009765625,4668310000,354,286,260,346,139,207,-75915,0.008170747552017188,1.0446404737227408,BPOP,0.008680214325966305,7.154235861849985e-05,1.0434010716298314,ZBRA,0.001956799795933015,-4.898230513890588e-05,1.009783998979665,HELE,-0.0015319033036458412,-0.00019480609874704196,0.9923404834817708,TRIP,0.00036318248898522995,0.00017382523853289684,1.0018159124449262,CROX,0.00503674310535162,-3.99999999999982e-05,1.025183715526758,0.01446661560585578,1.154262509742957
2018-12-03,2790.3701171875,2800.179931640625,2773.3798828125,2790.5,4221580000,399,332,273,366,119,247,-75668,0.010941426132194287,1.0560703303006787,BPOP,-0.0032269634459895394,0.0,1.0265659860415526,ZBRA,0.0017463760164428523,0.0,1.0186013117676942,HELE,0.002740693184080323,0.0,1.0059389874785982,TRIP,0.001654689723913716,0.0,1.0101043849228055,CROX,0.00935252647544056,0.0,1.0731240047350306,0.01226732195388791,1.1684222195692768
2018-12-04,2700.06005859375,2785.929931640625,2697.179931640625,2782.429931640625,4515710000,204,206,221,33,452,-419,-76087,-0.03236490314939877,1.0218907163415436,BPOP,-0.006879079673815892,0.0,0.9912568399995065,ZBRA,-0.011413123585341878,0.0,0.9604741984907139,HELE,-0.00561419017866116,0.0,0.9777013235594247,TRIP,-0.004242129646817272,0.0,0.9886794161344997,CROX,-0.012371141723801361,0.0,1.0067451589860787,-0.040519664808437564,1.121078142877599
2018-12-06,2695.949951171875,2696.14990234375,2621.530029296875,2663.510009765625,5180430000,204,210,215,215,270,-55,-76142,-0.0015222281477752508,1.0203351655291784,BPOP,-0.0017622586998494285,0.0,0.9825225850491346,ZBRA,0.0018243451287820456,0.0,0.9692353806174008,HELE,-0.00262559021964881,0.0,0.9648661083950482,TRIP,0.0020879462082914026,0.0,0.9990009633251686,CROX,-0.007252745778646097,0.0,0.9702368254760354,-0.007728303361070887,1.112414110897975
2018-12-07,2633.080078125,2708.5400390625,2623.139892578125,2691.260009765625,4242240000,101,139,189,48,437,-389,-76531,-0.023320118765389863,0.9965408282885342,BPOP,-0.002156189522581209,0.0,0.9719300605312229,ZBRA,-0.008390318016396336,0.0,0.9285744152367861,HELE,-0.0027612185613224097,0.0,0.9515450773565916,TRIP,-0.007107069934890787,0.0,0.9635011147682925,CROX,-0.009958186944383197,0.0,0.9219278270339591,-0.03037298297957394,1.078626776041433
2018-12-10,2637.719970703125,2647.510009765625,2583.22998046875,2630.860107421875,4162880000,118,145,194,234,252,-18,-76549,0.0017621539947350051,0.9982968866900194,BPOP,-0.003212284163972945,0.0,0.9563194828215543,ZBRA,0.003060359060522222,0.0,0.9427832708619812,HELE,-4.3745943320305795e-05,0.0,0.9513369461714878,TRIP,-0.0016880446855181087,0.0,0.9553689500869156,CROX,0.0039199981689453265,0.0,0.9399976040033234,0.002036282436656189,1.0808231648011932
2018-12-11,2636.780029296875,2674.35009765625,2621.300048828125,2664.43994140625,3963440000,130,155,190,234,252,-18,-76567,-0.00035634616892232795,0.9979411474190003,BPOP,-0.0013602559888350242,0.0,0.9498152863028162,ZBRA,0.0025019433664123627,0.0,0.9545772226144696,HELE,0.0013127321868765308,0.0,0.9575811993205084,TRIP,0.002291703911905163,0.0,0.9663160638880501,CROX,0.0018830896294483425,0.0,0.9488481027023482,0.006629213105807374,1.0879881718903535
2018-12-12,2651.070068359375,2685.43994140625,2650.260009765625,2658.22998046875,4029300000,157,182,200,349,137,212,-76355,0.005419503676349802,1.0033494931362184,BPOP,0.0048131316826851124,0.0,0.9726732165388298,ZBRA,0.004165433030192434,0.0,0.9744583600792079,HELE,0.003709603650700011,0.0,0.9753424328847137,TRIP,0.002492311885477605,0.0,0.9783578689438308,CROX,0.0018655248767043275,0.0,0.9576986014013729,0.01704600512575949,1.1065340238451622
2018-12-13,2650.5400390625,2670.18994140625,2637.27001953125,2658.699951171875,3978340000,159,167,195,195,291,-96,-76451,-0.00019993032368359476,1.0031488931472878,BPOP,-0.005349612389656789,0.0,0.9466560930874125,ZBRA,-0.0008299247807016298,0.0,0.9704147243752499,HELE,-0.0011808248972028812,0.0,0.9695838897444702,TRIP,-0.0037404180150163004,0.0,0.9600605319531785,CROX,-0.004389678166307154,0.0,0.9366786581990003,-0.015490458248884755,1.0893933047478184
2018-12-14,2599.949951171875,2635.070068359375,2593.840087890625,2629.679931640625,4064370000,88,128,175,61,425,-364,-76815,-0.019086709555430348,0.9840020815829341,RH,-0.003779834176686944,-0.00020474107243859804,0.9811008291165653,HELE,-0.0013489070478834772,-0.0005441525013544254,0.9932554647605826,ZBRA,0.0012991975783641194,-0.00022585871988204471,1.0064959878918205,TRIP,-0.0009866663339217917,-0.0003329138985193844,0.995066668330391,CROX,0.0023504991117344128,-0.0005591652420999921,1.011752495558672,-0.0043325423026881246,1.0846734621707332
2018-12-17,2545.93994140625,2601.1298828125,2530.5400390625,2590.75,4661420000,27,77,140,33,453,-420,-77235,-0.020773480559224233,0.9635609334709349,RH,-0.003491034000187776,0.0,0.9639755473562736,HELE,-0.00445408787142545,0.0,0.9711352291664967,ZBRA,-0.015032867781513738,0.0,0.9308433823488116,TRIP,-0.009851735775085135,0.0,0.9460509988554646,CROX,-0.001575414418263943,0.0,1.003782848212584,-0.034405139846476036,1.0473551200169877
2018-12-18,2546.159912109375,2573.989990234375,2528.7099609375,2559.89990234375,4519190000,31,73,141,251,235,16,-77219,8.640058610476231e-05,0.9636441857003344,RH,0.0009646277600668274,0.0,0.9686249352213009,HELE,0.0018784266543350637,0.0,0.9802562606636475,ZBRA,0.00498206130045924,0.0,0.9540309763087546,TRIP,0.0009357141402369873,0.0,0.9504771653405365,CROX,-0.00023819520452130762,0.0,1.002587366908459,0.00852263465057681,1.0562813450543036
2018-12-19,2506.9599609375,2585.2900390625,2488.9599609375,2547.050048828125,5152830000,18,61,122,63,423,-360,-77579,-0.01539571453679811,0.9488081949022468,RH,-0.0036959960937500203,0.0,0.9507247653368669,HELE,-0.004850190760009299,0.0,0.9564841113740871,ZBRA,-0.004775056238281739,0.0,0.9312532184840688,TRIP,-0.0045188009999263205,0.0,0.9290020795147967,CROX,-0.0015898311935802713,0.0,0.9946176435574562,-0.019429875285547647,1.035757930253448
2018-12-20,2467.419921875,2509.6298828125,2441.179931640625,2496.77001953125,5619780000,10,41,94,68,418,-350,-77929,-0.01577210632742365,0.9338434911679176,RH,-0.001467114692264704,0.0,0.9437506539792387,HELE,-0.0012614452381530805,0.0,0.9504513497357775,ZBRA,-0.010123224513076812,0.0,0.8841167914378708,TRIP,-0.005858474547853265,0.0,0.9017894043260958,CROX,-0.005368575268595355,0.0,0.9679192451429004,-0.024078834259943217,1.0108180867174534
2018-12-21,2416.6201171875,2504.409912109375,2408.550048828125,2465.3798828125,7657890000,5,31,81,52,434,-382,-78311,-0.020588228309714296,0.9146173081662119,RH,-0.013958452970035751,0.0,0.8778841583841903,HELE,-0.006740213401676987,0.0,0.9184201251101222,ZBRA,-0.006278568541914065,0.0,0.8563618520673717,TRIP,-0.009198324838084715,0.0,0.860314644943424,CROX,0.0012350729755171487,0.0,0.9738964996536952,-0.034940486776194365,0.9754996107253642
2018-12-24,2351.10009765625,2410.340087890625,2351.10009765625,2400.56005859375,2613670000,1,6,52,12,474,-462,-78773,-0.027112254452099527,0.8898199709809153,RH,-0.008526792818469643,0.0,0.8404564766983974,HELE,-0.004863935998041202,0.0,0.8960844415708791,ZBRA,-0.004581204927884608,0.0,0.8367460063836545,TRIP,-0.0033155507180535394,0.0,0.8460525607494533,CROX,-0.004173487870191672,0.0,0.953573773513061,-0.025460972332640667,0.9506624421261839
2018-12-26,2467.699951171875,2467.760009765625,2346.580078125,2363.1201171875,4249740000,21,21,88,482,4,478,-78295,0.04959374278953943,0.9339494737507382,RH,0.01901161284459159,0.0,0.9203486424369947,HELE,0.010948160045219923,0.0,0.9451368209726266,ZBRA,0.013463975908837656,0.0,0.8930756467424827,TRIP,0.008021704841058287,0.0,0.8799864803612216,CROX,0.021228574808077518,0.0,1.054788834443275,0.07267402844778498,1.019750911489503
2018-12-27,2488.830078125,2489.10009765625,2397.93994140625,2442.5,4139010000,37,44,105,409,77,332,-77963,0.008562680784222065,0.9419465849630579,RH,-0.0003536231210037766,0.0,0.9187213596402438,HELE,0.0008814385187937202,0.0,0.9493022209703043,ZBRA,0.0037109910199047747,0.0,0.9096466252682678,TRIP,0.0016393277559121344,0.0,0.8871994116716395,CROX,0.0015867094617969093,0.0,1.0631570515623194,0.007464843635403762,1.0273631925908324
2018-12-28,2485.739990234375,2520.27001953125,2472.889892578125,2498.77001953125,3728440000,42,43,104,185,301,-116,-78079,-0.0012415825080966947,0.9407770805596064,CROX,2.544451871921253e-05,0.00022963666166104965,1.000127222593596,MPW,-0.0019318068056436277,3.5578760429379307e-05,0.9903409659717819,VNDA,0.00011213616101672904,0.00037927507445719084,1.0005606808050835,MRK,-0.0015426842577508308,9.290593356892597e-05,0.9922865787112458,KTOS,-0.004047599318626456,-0.00014484212043405594,0.9797620034068677,-0.006791955392602482,1.0203853876147537
2018-12-31,2506.85009765625,2509.239990234375,2482.820068359375,2498.93994140625,3461920000,88,63,114,416,70,346,-77733,0.00849248413140935,0.9487666149874525,CROX,-0.004954953922923666,0.0,0.9753493010685316,MPW,0.0008744460967378131,0.0,0.9946709649324498,VNDA,0.0036632838359263787,0.0,1.0188873696493672,MRK,0.0027597435688207386,0.0,1.0059788612313734,KTOS,0.004945456764914757,0.0,1.0039888565456423,0.007287976343476022,1.0278219321809188
2019-01-02,2510.030029296875,2519.489990234375,2467.469970703125,2476.9599609375,3733160000,109,41,92,198,288,-90,-77823,0.0012684969251244294,0.9499701225212248,CROX,0.01247113832007365,0.0,1.0361678812885957,MPW,-0.005596986606622556,0.0,0.9668351645888335,VNDA,0.00681210352531032,0.0,1.0535912008627804,MRK,-0.002146308488829285,0.0,0.9951831563841548,KTOS,-0.0031227858714877547,0.0,0.9883126454638829,0.008417160878444374,1.0364732747384793
2019-01-03,2447.889892578125,2493.139892578125,2443.9599609375,2491.919921875,3858830000,40,19,75,79,407,-328,-78151,-0.02475673039503723,0.9264519683146264,CROX,-0.0038405846327548734,0.0,1.01627042907944,MPW,0.006142001298955569,0.0,0.9965266787727362,VNDA,-0.007475945312884935,0.0,1.0142082498638458,MRK,-0.00410102430949526,0.0,0.9747768048004966,KTOS,-0.012112475263427604,0.0,0.928458083110313,-0.021388028219607103,1.0143051550895041
2019-01-04,2531.93994140625,2538.070068359375,2474.330078125,2474.330078125,4234140000,214,69,111,470,16,454,-77697,0.03433571464262353,0.9582623587287743,CROX,0.0047284772579499375,0.0,1.0402974871385857,MPW,-0.0007448913308504279,0.0,0.9928151583528413,VNDA,0.01337946755714401,0.0,1.0820560817400515,MRK,0.006023744436988343,0.0,1.0041358365766078,KTOS,0.01028396147389894,0.0,0.9761992188944956,0.033670759395130805,1.0484575799197637
2019-01-07,2549.68994140625,2566.159912109375,2524.56005859375,2535.610107421875,4133120000,280,99,128,370,116,254,-77443,0.007010434848680358,0.9649801945625851,CROX,0.010537719524064527,0.0,1.0951093028438634,MPW,0.003364495374734311,0.0,1.0095167683940625,VNDA,0.006846852345509591,0.0,1.1190994728462256,MRK,-0.0022027211280502223,0.0,0.9930766804633093,KTOS,0.0027737304628153493,0.0,0.9897377864506166,0.02132007657907356,1.0708107758135632
2019-01-08,2574.409912109375,2579.820068359375,2547.56005859375,2568.110107421875,4120060000,357,146,149,400,86,314,-77129,0.009695285023358924,0.9743359525907657,CROX,0.006513546523515457,0.0,1.1307745298059038,MPW,0.00355394697787359,0.0,1.0274556137347963,VNDA,0.0021602749665615927,0.0,1.1311872857276355,MRK,0.00148478759896582,0.0,1.0004492201631796,KTOS,0.007199423868126287,0.0,1.025365495665412,0.020911979935042745,1.0932035492716041
2019-01-09,2584.9599609375,2595.320068359375,2568.889892578125,2580.0,4088740000,387,173,160,331,155,176,-76953,0.004098045450532162,0.9783288256085702,CROX,0.008300132570858265,0.0,1.1777024223315984,MPW,-0.0013245101256759819,0.0,1.0206512369144245,VNDA,-0.004205450572484004,0.0,1.107401524635886,MRK,-0.0015264872597165358,0.0,0.9928133552203174,KTOS,0.0001389753296587859,0.0,1.0260779982043162,0.0013826599426405293,1.0947150780283343
2019-01-10,2596.639892578125,2597.820068359375,2562.02001953125,2573.510009765625,3721300000,422,222,170,373,113,260,-76693,0.004518418782931244,0.9827493249500829,CROX,-0.0017213927353549208,0.0,1.167565980360541,MPW,0.00024244036645733048,0.0,1.0218884722139379,VNDA,0.003450702659858163,0.0,1.1265080915688461,MRK,-0.0024665311208928787,0.0,0.9805693300308725,KTOS,0.0005555550404536813,0.0,1.0289282122233214,6.0774210521375056e-05,1.0947816084729474
2019-01-11,2596.260009765625,2596.27001953125,2577.39990234375,2588.110107421875,3447460000,429,213,168,261,225,36,-76657,-0.00014629784190933748,0.9826055508447049,CQP,-0.0019767319087348845,-0.00014279089749461067,0.9901163404563256,CROX,-0.0005862697741044926,3.2562174715529185e-05,0.9970686511294775,MPW,0.0004038396251988029,-0.00033046602951934526,1.002019198125994,DXCM,-0.0013262112480591111,7.804048615353575e-05,0.9933689437597044,VNDA,0.0009148441914403562,-0.00031672972651142716,1.0045742209572017,-0.003249913106915647,1.0912236633743608
2019-01-14,2582.610107421875,2589.320068359375,2570.409912109375,2580.31005859375,3689370000,416,193,159,147,339,-192,-76849,-0.005257525167898014,0.9774394774310226,CQP,-0.0010556993023922213,0.0,0.9848900148067912,CROX,-0.006912142935823607,0.0,0.9626092459622986,MPW,-0.002289155255451103,0.0,0.990550310558729,DXCM,0.0023245915219100243,0.0,1.0049148288836671,VNDA,-0.005409158685982307,0.0,0.977404714092179,-0.013341564657739214,1.0766650323133968
2019-01-15,2610.300048828125,2613.080078125,2585.10009765625,2585.10009765625,3601180000,446,231,170,368,118,250,-76599,0.010721688622945758,0.9879192791558128,CQP,0.006951472749479582,0.0,1.0191221953026108,CROX,0.0010705911721598405,0.0,0.967762050767132,MPW,0.0014624738809688954,0.0,0.9977935803436179,DXCM,0.006038948287416402,0.0,1.035257972308099,VNDA,0.008766938510300859,0.0,1.0202489492328006,0.02429042460032558,1.1028176831006125
2019-01-16,2616.10009765625,2625.760009765625,2612.679931640625,2614.75,3882180000,445,238,179,292,194,98,-76501,0.0022219854881162515,0.9901144214575273,CQP,0.00010256967811628215,0.0,1.0196448504802775,CROX,0.003194685269695308,0.0,0.9832205266079114,MPW,0.004839718034418273,0.0,1.0219387782706968,DXCM,0.0,0.0,1.035257972308099,VNDA,0.006008870831411217,0.0,1.0509016699919151,0.01414584381364108,1.118417969800675
2019-01-17,2635.9599609375,2645.06005859375,2606.360107421875,2609.280029296875,3802410000,456,290,193,410,76,334,-76167,0.0075914003822110665,0.9976307764550126,CQP,0.002152755657198702,0.0,1.0306200815813022,CROX,0.0010481483381171053,0.0,0.9883733314127449,MPW,0.0012994751782282156,0.0,1.028578698650855,DXCM,0.003332195712202557,0.0,1.0525063831898418,VNDA,0.004308913602164744,0.0,1.0735428924937442,0.012141488487911321,1.1319972287056832
2019-01-18,2670.7099609375,2675.469970703125,2647.580078125,2651.27001953125,4009010000,467,360,222,437,49,388,-75779,0.01318305304897005,1.0107825959043042,CQP,0.0027383536703364797,0.0,1.0447310929969054,CROX,-0.00847182223386751,0.0,0.9465067155906239,MPW,0.000586849503280762,0.0,1.0315968031427971,DXCM,2.6761568509625634e-05,0.0,1.0526472167982446,VNDA,0.0014925343576492889,0.0,1.0815543907510299,-0.0036273231340913543,1.127891108970272
2019-01-22,2632.89990234375,2657.8798828125,2617.27001953125,2657.8798828125,3923950000,448,317,195,83,403,-320,-76099,-0.014157306164566674,0.9964726372282715,CQP,-0.009304723593944275,0.0,0.9961264227452279,CROX,-0.004423270718128802,0.0,0.9255734383927026,MPW,-0.0011702827041301545,0.0,1.0255605036610271,DXCM,0.0017389018386983147,0.0,1.0617994677022002,VNDA,-0.006570039133512062,0.0,1.0460251173897495,-0.019729414311016977,1.105638477983685
2019-01-23,2638.699951171875,2653.18994140625,2612.860107421875,2643.47998046875,3358770000,442,318,202,260,226,34,-76065,0.0022029127742235755,0.9986677795299859,CQP,-0.0019411776323271957,0.0,0.9864581310912122,CROX,0.00034795507868743417,0.0,0.9271837282856372,MPW,0.0017657297533405726,0.0,1.0346148171368532,DXCM,-0.005675658175622766,0.0,1.0316674135535209,VNDA,-0.008191817658745172,0.0,1.0031808822491277,-0.013694968634667126,1.0904967937064174
2019-01-24,2642.330078125,2647.199951171875,2627.010009765625,2638.840087890625,3449230000,429,338,204,306,180,126,-75939,0.0013757255543636049,1.0000416723146048,CQP,0.002649012796076189,0.0,0.9995238321514823,CROX,0.00013892705647156056,0.0,0.9278277828165324,MPW,0.00023338778348520607,0.0,1.0358221494315158,DXCM,-0.0033574335577793548,0.0,1.0143486395798607,VNDA,0.00048612225018929145,0.0,1.0056192249882567,0.00015001632844289245,1.090660386031588
2019-01-25,2664.760009765625,2672.3798828125,2657.330078125,2657.43994140625,3821000000,435,365,222,386,100,286,-75653,0.008488694060713842,1.0085307201188483,CQP,0.004383734378829804,7.492425750036449e-05,1.021918671894149,PBR,0.002228987634146401,0.00023740474263139923,1.011144938170732,PRKS,0.004597887368722775,2.9865706531066816e-05,1.0229894368436139,CROX,-0.0009574059823918394,0.00010699299660987452,0.9952129700880408,AMED,0.0008902974369231602,7.073075366695456e-05,1.0044514871846157,0.01166341929316996,1.103381215420325
2019-01-28,2643.85009765625,2644.969970703125,2624.06005859375,2644.969970703125,3630820000,420,354,214,171,315,-144,-75797,-0.007846827493937836,1.0006169535357388,CQP,-0.002140729634344818,0.0,1.0109804139700787,PBR,-0.00922879268936263,0.0,0.9644867031043516,PRKS,0.006278365408025799,0.0,1.0551029443088875,CROX,-6.920573711994837e-05,0.0,0.9948685978521093,AMED,-0.0037054254103076503,0.0,0.9858418868644399,-0.00886578806310925,1.0935988714115925
2019-01-29,2640.0,2650.929931640625,2631.050048828125,2644.889892578125,3518070000,414,362,214,265,221,44,-75753,-0.0014562465775435074,0.9991598085217204,CQP,0.00747038061583889,0.0,1.0487424564076528,PBR,0.006361807184220681,0.0,0.9951660952888245,PRKS,-0.007480751306502321,0.0,1.0156381306632218,CROX,-0.00373831096979671,0.0,0.9762729568878253,AMED,0.001453278831862015,0.0,0.9930054025931548,0.004066404355622554,1.0980458866256044
2019-01-30,2681.050048828125,2690.43994140625,2648.340087890625,2653.6201171875,3883270000,433,394,239,403,83,320,-75433,0.01554926091974429,1.0146960050849463,CQP,0.0014403133447953742,0.0,1.05629504518374,PBR,0.0055234487863467414,0.0,1.0226498400950068,PRKS,0.0035047549293154567,0.0,1.0334359443874352,CROX,0.00098765000186698,0.0,0.98109403682629,AMED,0.002948333569838768,0.0,1.007643958410638,0.014404500632163322,1.1138626892936474
2019-01-31,2704.10009765625,2708.949951171875,2678.64990234375,2685.489990234375,4953800000,445,413,245,343,143,200,-75233,0.008597395948725328,1.0234197484082515,CQP,0.0003944417732214323,0.0,1.0583782796370764,PBR,0.0037499620121031365,0.0,1.0418243303552048,PRKS,-0.0049419683267289075,0.0,1.0078999058631057,CROX,0.0016145984140687021,0.0,0.9890144012058499,AMED,0.0027045822586780235,0.0,1.0212702382755456,0.003521616131342387,1.1177852861083644
2019-02-01,2706.530029296875,2716.659912109375,2696.8798828125,2702.320068359375,3782490000,441,427,256,284,202,82,-75151,0.0008986100931438479,1.024339403723694,CQP,0.007037400411650907,0.0,1.0956194383410782,PBR,0.00159513543768961,0.0,1.050133584901189,PRKS,0.0069865633325430394,0.0,1.0431086884889895,CROX,-0.01023676426531779,0.0,0.9383928648051063,AMED,0.002195795061299233,0.0,1.0324827390028324,0.007578129977865,1.1262560082938387
2019-02-04,2724.8701171875,2724.989990234375,2698.75,2706.489990234375,3369450000,448,434,273,354,132,222,-74929,0.006776236617404008,1.0312805698998562,CQP,0.0019966572224092262,0.0,1.1065573206639565,PBR,0.0007303770421650757,0.0,1.0539685522092808,PRKS,-0.0040059274964123984,0.0,1.022215599604166,CROX,0.00256881013922734,0.0,0.950445630333556,AMED,0.006093503921830834,0.0,1.0639399270995145,0.007383420829220078,1.1345716303645097
2019-02-05,2737.699951171875,2738.97998046875,2724.030029296875,2728.340087890625,3597620000,448,435,289,335,151,184,-74745,0.00470842037697472,1.0361362723495509,CQP,0.002291194544754216,0.0,1.119234011146772,PBR,0.0016979573947579762,0.0,1.0629165206946114,PRKS,0.0031794101065942383,0.0,1.0384658126466648,CROX,0.0005072441583820808,0.0,0.9528561703027884,AMED,0.002971309701938818,0.0,1.0797464022378689,0.010647115906427328,1.146651546017145
2019-02-06,2731.610107421875,2738.080078125,2724.14990234375,2735.050048828125,3486590000,430,428,289,206,280,-74,-74819,-0.0022244379802809355,1.0338314514725897,CQP,-0.0022652171245850727,0.0,1.1065574709044335,PBR,-0.004930825248550131,0.0,1.0367112426079013,PRKS,-0.0036512650397352523,0.0,1.0195072430632797,CROX,-0.0030357793649142596,0.0,0.9383928648051062,AMED,-0.005062370452416998,0.0,1.0524160208239062,-0.01894545723020171,1.1249277081941325
2019-02-07,2706.050048828125,2719.320068359375,2687.260009765625,2717.530029296875,4114040000,397,412,271,172,314,-142,-74961,-0.009357140143940179,1.0241577456959476,CQP,-0.001718395675254114,0.0,1.097049953042322,PBR,-0.004192360656649408,0.0,1.0149799054788238,PRKS,0.00037950084506039873,0.0,1.0214417623647183,CROX,-0.0015412776842029796,0.0,0.9311612448974091,AMED,-0.0015537185902757768,0.0,1.0442402291426154,-0.008626251761321879,1.115223798569963
2019-02-08,2707.8798828125,2708.070068359375,2681.830078125,2692.360107421875,3649510000,389,413,272,286,200,86,-74875,0.0006762010869560964,1.0248502822768017,ZBRA,0.0009622137302474636,-0.0003959280799948775,1.0048110686512373,CQP,0.0010134631514653533,-0.00016581760837258523,1.0050673157573267,RH,-0.0010608187367074542,-0.00032759172161552587,0.9946959063164628,BPOP,-0.00023685578588171206,6.344629106759138e-05,0.9988157210705915,TPIC,-0.0028397631265894806,-0.00031114865537539596,0.9858011843670526,-0.0032988005417566232,1.1115448976990605
2019-02-11,2709.800048828125,2718.050048828125,2703.7900390625,2712.39990234375,3395330000,384,414,274,311,175,136,-74739,0.0007091030986317026,1.0255770067875978,ZBRA,0.002244910493012897,0.0,1.0160896232087906,CQP,0.0035731875851031884,0.0,1.023023786031612,RH,-0.004044461706085501,0.0,0.974580858804978,BPOP,0.0031910622503351417,0.0,1.0147521367833396,TPIC,-0.0014369772349662304,0.0,0.9787183150663615,0.0035277213873994963,1.1154661184077281
2019-02-12,2744.72998046875,2748.18994140625,2722.610107421875,2722.610107421875,3843020000,414,436,302,402,84,318,-74421,0.0128902247439735,1.0387969248973417,ZBRA,0.005135106744798579,0.0,1.042178266596087,CQP,0.0016129250984236788,0.0,1.031274089735486,RH,0.011896416415946432,0.0,1.0325509574417515,BPOP,0.0027392203360948387,0.0,1.0286502852292028,TPIC,0.00447368627439908,0.0,1.0006107085294385,0.02585735486966261,1.1443091216764818
2019-02-13,2753.030029296875,2761.85009765625,2748.6298828125,2750.300048828125,3684910000,423,446,314,325,161,164,-74257,0.003023994668760688,1.041938241260156,ZBRA,0.0011040604173298886,0.0,1.0479314054558382,CQP,0.0,0.0,1.031274089735486,RH,0.0036374074735049614,0.0,1.0513300002886181,BPOP,0.00036032417892979397,0.0,1.0305035230763584,TPIC,0.002638351662925098,0.0,1.013810523163385,0.007740143732689742,1.1531662387528858
2019-02-14,2745.72998046875,2757.89990234375,2731.22998046875,2743.5,3845390000,406,442,306,199,287,-88,-74345,-0.002651641555101225,1.0391753945217816,ZBRA,0.013589172057464039,0.0,1.1191340063216357,CQP,0.002588240585368551,0.0,1.044620017003948,RH,0.00245694083685688,0.0,1.0642452783422274,BPOP,-0.0033087923237741903,0.0,1.0134549123424719,TPIC,0.0007621520489400346,0.0,1.0176739120007146,0.016087713204855313,1.171718046479464
2019-02-15,2775.60009765625,2775.659912109375,2760.239990234375,2760.239990234375,3648680000,443,457,328,429,57,372,-73973,0.01087875260858695,1.0504803265557148,ZBRA,0.0033389308891104367,0.0,1.1378175618354418,CQP,0.0009290519111472052,0.0,1.0494725481200486,RH,0.002329471491244872,0.0,1.0766409235201784,BPOP,0.0027793241150607887,0.0,1.0275385107294732,TPIC,0.006453656678700926,0.0,1.05051250219533,0.01583043508526423,1.19026685295249
2019-02-19,2779.760009765625,2787.330078125,2767.2900390625,2769.280029296875,3535270000,449,456,330,280,206,74,-73899,0.0014987433214488366,1.0520547269294536,ZBRA,-0.000430530839330423,0.0,1.1353682340859323,CQP,0.002127208857508212,0.0,1.060634784620412,RH,-8.272672503473188e-05,0.0,1.0761955886319725,BPOP,0.0033183072648479417,0.0,1.0445869532547964,TPIC,-0.0074777884202723134,0.0,1.0112349510739924,-0.0025455298622813144,1.187236993134216
2019-02-20,2784.699951171875,2789.8798828125,2774.06005859375,2779.050048828125,3904830000,445,461,339,309,177,132,-73767,0.0017771107537685182,1.053924344698233,ZBRA,0.0005318069032926864,0.0,1.138387217409263,CQP,-0.005811030017874264,0.0,1.029817881763258,RH,0.0014759528586680837,0.0,1.0841376584096092,BPOP,0.0021287843776318207,0.0,1.0557054551906306,TPIC,-0.0014008233965185247,0.0,1.0041521431797837,-0.0030753092748001974,1.1835858721978445
2019-02-21,2774.8798828125,2781.580078125,2764.550048828125,2780.239990234375,3598260000,430,456,334,195,291,-96,-73863,-0.003526436790880272,1.0502077471142848,ZBRA,-3.0021294351434414e-05,0.0,1.1382163381205643,CQP,-0.004241274620943258,0.0,1.0079791795326778,RH,-0.003163080374100469,0.0,1.0669915856589158,BPOP,-0.0012638441329540174,0.0,1.0490342194622795,TPIC,-0.001667202465084472,0.0,0.9957815185376377,-0.010365422887433652,1.1713175041089219
2019-02-22,2792.669921875,2794.199951171875,2779.110107421875,2780.669921875,3429350000,432,460,337,378,108,270,-73593,0.006411102394986878,1.056940736517043,CQP,-0.006199512351448204,0.00012398199246086878,0.969002438242759,RH,0.0036187455767041164,0.0003640312355210865,1.0180937278835205,ZBRA,0.005486306686970471,-1.0826044497266793e-06,1.0274315334348523,COLD,0.004311142819390837,-3.2934715079504684e-05,1.0215557140969542,KEYS,-0.004189156024300136,0.00028298738769582976,0.9790542198784993,0.003764510003465638,1.1757269405703743
2019-02-25,2796.110107421875,2813.489990234375,2794.989990234375,2804.35009765625,3860260000,424,457,336,227,259,-32,-73625,0.0012318625699112573,1.0582427422489726,CQP,0.003783693873828398,0.0,0.9873344811892786,RH,0.006151110918722891,0.0,1.0494057651128585,ZBRA,-0.0016573846990916242,0.0,1.0189172869204564,COLD,-0.005910326117936538,0.0,0.9913670770071815,KEYS,0.0015037660768026486,0.0,0.9864155624945181,0.003870860052325775,1.1802780150170715
2019-02-26,2793.89990234375,2803.1201171875,2789.469970703125,2792.360107421875,3676200000,408,454,334,179,307,-128,-73753,-0.0007904570968998437,1.0574062467631191,CQP,0.002604376188799629,0.0,1.0001914332552295,RH,-0.0012834948857059604,0.0,1.0426712304500951,ZBRA,-0.0016223648036165718,0.0,1.010652009199975,COLD,-0.0007000447278645128,0.0,0.9878970705289949,KEYS,0.0037554105060470192,0.0,1.004937539328119,0.0027538822776596032,1.1835283617253383
2019-02-27,2792.3798828125,2795.760009765625,2775.1298828125,2787.5,3771790000,386,456,334,260,226,34,-73719,-0.0005440493877303387,1.0568309655419854,CQP,0.010521277551589448,0.0,1.052807891625231,RH,0.005579974225264373,0.0,1.0717616234067762,ZBRA,-0.0004926593856777517,0.0,1.008162473210043,COLD,-0.002880214655638902,0.0,0.9736702924249931,KEYS,0.0004253315370363442,0.0,1.0070746974692588,0.013153709272573512,1.1990961497113186
2019-02-28,2784.489990234375,2793.72998046875,2782.510009765625,2788.110107421875,4445780000,371,452,331,233,253,-20,-73739,-0.0028255083152146643,1.05384488086107,CQP,0.0004975006929386794,0.0,1.0554267549033054,RH,-0.001010557496882414,0.0,1.0663462396897532,ZBRA,-0.0019458724439662678,0.0,0.9983536953317415,COLD,0.004918056448115183,0.0,0.9976131197249878,KEYS,-0.0009667437731430751,0.0,1.0022067815049172,0.0014923834270621052,1.2008856609326017
2019-03-01,2803.68994140625,2808.02001953125,2787.3798828125,2798.219970703125,3994950000,381,454,331,355,131,224,-73515,0.00689532059343434,1.0611114791703569,CQP,-0.005504152127909401,0.0,1.0263806078090376,RH,0.0034116940405580554,0.0,1.0845364752453583,ZBRA,0.0016956882485708925,0.0,1.0068181784771983,COLD,0.0001391261251171283,0.0,0.9983070899635546,KEYS,0.0035303821801357937,0.0,1.0198976463160982,0.003272738466472469,1.204815845628971
2019-03-04,2792.81005859375,2816.8798828125,2767.659912109375,2814.3701171875,3949730000,359,450,329,162,324,-162,-73677,-0.003880558492514008,1.0569937740083581,CQP,-0.0016237795574323588,0.0,1.018047528563511,RH,-0.005697473933513653,0.0,1.0536408837570823,ZBRA,-0.0004747648191391285,0.0,1.0044281692251449,COLD,0.0029197265360840774,0.0,1.012881008472192,KEYS,-0.00155994914329185,0.0,1.0119427040180173,-0.006436240917292914,1.197061360585531
2019-03-05,2789.64990234375,2796.43994140625,2782.969970703125,2794.409912109375,3631380000,335,443,326,177,309,-132,-73809,-0.001131532823106185,1.0557977508592489,CQP,-0.00051450073326198,0.0,1.0154285975638038,RH,0.0010015943504673164,0.0,1.0589174875400447,ZBRA,-8.922454746109754e-05,0.0,1.0039800709808635,COLD,0.004727591668981646,0.0,1.0368234475588063,KEYS,7.03948800077736e-05,0.0,1.0122988819441379,0.005195855618733658,1.2032811185818983
2019-03-06,2771.449951171875,2790.27001953125,2768.68994140625,2790.27001953125,3800180000,254,423,314,98,388,-290,-74099,-0.006524098653592381,1.048909622174402,CQP,-0.0020632841306018612,0.0,1.0049530090082404,RH,-0.003212689325480911,0.0,1.04190762299612,ZBRA,-0.0003967406245735994,0.0,1.0019884725787616,COLD,0.0002677443537909774,0.0,1.038211465678616,KEYS,-2.3462669434337614e-05,0.0,1.0121801257739589,-0.005428432396299731,1.1967491883759325
2019-03-07,2748.929931640625,2767.25,2739.090087890625,2766.530029296875,3932150000,202,408,303,107,379,-272,-74371,-0.00812571755868352,1.0403864788400274,CQP,0.006159654780077029,0.0,1.0359038270366923,RH,-0.007276612843859099,0.0,1.0039998310380787,ZBRA,0.0007453786320091194,0.0,1.0057227765636598,COLD,-0.0035427762895556382,0.0,1.019820710857861,KEYS,-0.0015718432116019088,0.0,1.004225183475878,-0.005486198932930498,1.190183584255679
2019-03-08,2743.070068359375,2744.1298828125,2722.27001953125,2730.7900390625,3424300000,175,387,300,201,285,-84,-74455,-0.0021316888487414865,1.0381686985847027,CQP,0.0016925086405447092,-0.00024204719934923168,1.0084625432027234,RH,-0.003940133442994937,-0.0004406768398257648,0.9802993327850253,NEO,0.0032674449797102894,-0.0004495127997735612,1.0163372248985514,SSP,0.0010567993391060022,-0.00012157605138379921,1.00528399669553,KEYS,0.0005643447071088022,-0.0004699331467327909,1.002821723535544,0.0009172181864097184,1.1912752422843245
2019-03-11,2783.300048828125,2784.0,2747.610107421875,2747.610107421875,3764850000,272,417,320,457,29,428,-74027,0.014666041867757107,1.0533945241839409,CQP,0.0025171942270721284,0.0,1.0211550236625653,RH,0.0003416934801586447,0.0,0.9819741422381079,NEO,0.0031982860703667184,0.0,1.0325899108444925,SSP,0.004375022770076864,0.0,1.0272746985752141,KEYS,0.002405053368065735,0.0,1.0148809223543374,0.01283724991574009,1.206567940287962
2019-03-12,2791.52001953125,2798.320068359375,2786.72998046875,2787.340087890625,3432340000,280,418,319,332,154,178,-73849,0.0029533182046204143,1.0565055334088607,CQP,-0.0016723129093665135,0.0,1.0126165700198884,RH,0.0018050088991529824,0.0,0.9908365025654974,NEO,0.003987419504331502,0.0,1.0531767565968788,SSP,0.0019222233761831743,0.0,1.0371479557720282,KEYS,-0.00025882496553308876,0.0,1.0135675397555945,0.005783513904768056,1.213546142747665
2019-03-13,2810.919921875,2821.239990234375,2799.780029296875,2799.780029296875,3782250000,318,426,320,398,89,309,-73540,0.006949583813841809,1.0638478071630733,CQP,-0.004557964240939994,0.0,0.9895392194402186,RH,0.0009155488010959445,0.0,0.9953722984255271,NEO,0.0015432059095624507,0.0,1.0613030995698494,SSP,-0.0009519622674726947,0.0,1.032211327173621,KEYS,-0.0016020740018021452,0.0,1.0054484887330295,-0.004653245799556439,1.2078992142563565
2019-03-14,2808.47998046875,2815.0,2803.4599609375,2810.3798828125,3505670000,308,416,319,244,244,0,-73540,-0.0008680223820187738,1.0629243634553942,CQP,0.0,0.0,0.9895392194402186,RH,-0.00708076706865759,0.0,0.9601323014667996,NEO,0.0018376753830908312,0.0,1.071054752470237,SSP,-0.003050107812139902,0.0,1.0164695480096633,KEYS,0.002660023177196669,0.0,1.0188210701505656,-0.005633176320509993,1.201094905005045
2019-03-15,2822.47998046875,2830.72998046875,2810.7900390625,2810.7900390625,5969780000,323,407,323,324,164,160,-73380,0.00498490290027398,1.068222938197555,CQP,-0.0047573696629475085,0.0,0.9660012001259104,RH,-0.005058501083164458,0.0,0.9358481500320447,NEO,0.0012139497127593214,0.0,1.0775557855157907,SSP,-0.001769915817510781,0.0,1.0074742203544615,KEYS,0.0015235005553283722,0.0,1.0265819424813387,-0.008848336295535055,1.1904672133627066
2019-03-18,2832.93994140625,2835.409912109375,2821.989990234375,2822.610107421875,3620770000,347,406,335,310,178,132,-73248,0.0037059469012648005,1.0721817156852282,CQP,0.00472998059854759,0.0,0.9888470347997567,RH,0.0028036758992712853,0.0,0.948967224550157,NEO,-0.0014077364901408985,0.0,1.0699712125186256,SSP,8.928417762845698e-05,0.0,1.0079239778906925,KEYS,-0.0005582821209431987,0.0,1.0237163307604864,0.005656922064363235,1.1972015936088791
2019-03-19,2832.570068359375,2852.419921875,2823.27001953125,2840.760009765625,3650740000,333,403,325,198,290,-92,-73340,-0.0001305615560248663,1.072041729972087,CQP,-9.330566380514327e-05,0.0,0.988385709654838,RH,-0.003867938490442535,0.0,0.9306144902801271,NEO,-0.0013164471976364611,0.0,1.0629284094972664,SSP,0.0007139722506986691,0.0,1.0115221266458314,KEYS,0.0012829555993964627,0.0,1.0302832437542002,-0.003280763501789008,1.1932738583162836
2019-03-20,2824.22998046875,2843.5400390625,2812.429931640625,2831.340087890625,3779160000,274,376,312,155,333,-178,-73518,-0.0029443536044478913,1.0688852600403251,CQP,0.0017277441222072643,0.0,0.9969240976564869,RH,-0.002309528013024442,0.0,0.919868089106985,NEO,-0.0018348654177001045,0.0,1.0531767565968788,SSP,-0.005513554046562286,0.0,0.9836367170730543,KEYS,0.000162242888124986,0.0,1.0311190243994675,-0.007767960466954583,1.1840045541586324
2019-03-21,2854.8798828125,2860.31005859375,2817.3798828125,2819.719970703125,3612620000,377,399,333,443,46,397,-73121,0.010852481049954399,1.0804853170694884,CQP,0.0022222463648595703,0.0,1.0080011524167771,RH,0.005416464674666699,0.0,0.9447802541569907,NEO,0.004115222299809096,0.0,1.0748470389688192,SSP,0.002011889665344624,0.0,0.9935315598007183,KEYS,0.002709583512450964,0.0,1.045088539938904,0.016475406517130954,1.2035115105065302
2019-03-22,2800.7099609375,2846.159912109375,2800.469970703125,2844.52001953125,4253730000,253,341,306,75,414,-339,-73460,-0.018974501239482744,1.0599836470815105,SID,-0.006223933021881658,-0.00023211411081281,0.9688803348905917,CQP,-0.002681794397749985,-0.00025545630699434877,0.9865910280112501,IONS,-0.00368324445833768,-0.00018098728748300772,0.9815837777083116,ROKU,-0.007634358736190206,-0.00036561273074183523,0.961828206319049,ZBRA,-0.01007892077470738,-0.0002454367451449228,0.9496053961264631,-0.031581858570043836,1.1655023801942932
2019-03-25,2798.360107421875,2809.7900390625,2785.02001953125,2796.010009765625,3406110000,251,338,306,249,240,9,-73451,-0.000839020658475631,1.0590942989039627,SID,0.0005181833645709677,0.0,0.9713906232495929,CQP,-0.0012579148913755224,0.0,0.980385790282086,IONS,0.0003548780404079466,0.0,0.9833254903459584,ROKU,0.009356913427024117,0.0,1.006826922610035,ZBRA,-0.002190700841817761,0.0,0.9392038894230185,0.0067813590988097475,1.173406070364908
2019-03-26,2818.4599609375,2829.8701171875,2803.989990234375,2812.659912109375,3288570000,301,354,317,406,83,323,-73128,0.007182725862306283,1.0667014829153214,SID,0.010852657578006353,0.0,1.024101472292663,CQP,-9.377457256860567e-05,0.0,0.9799261139899058,IONS,0.0028846138067907924,0.0,0.9975080617760648,ROKU,-0.0077429115342643635,0.0,0.9678480636496094,ZBRA,0.0038834909536382247,0.0,0.9574408384639991,0.0097840762316024,1.1848867648079833
2019-03-27,2805.3701171875,2825.56005859375,2787.719970703125,2819.719970703125,3422400000,270,342,313,153,336,-183,-73311,-0.0046443248906916645,1.06174737466728,SID,-0.013235279980418424,0.0,0.9563301237219023,CQP,-0.0010318574187341057,0.0,0.9748703938372469,IONS,-0.007857324803915145,0.0,0.9583193375965728,ROKU,-0.006624155914412211,0.0,0.9357921812742246,ZBRA,-0.0020961976294728182,0.0,0.9474059123842555,-0.030844815746952706,1.1483391508664782
2019-03-28,2815.43994140625,2819.7099609375,2798.77001953125,2809.39990234375,3185460000,297,351,316,366,123,243,-73068,0.003589481529391092,1.0655584972575278,SID,0.008923870640767896,0.0,0.9990009552917214,CQP,-0.003206025012847591,0.0,0.959243099502613,IONS,0.007062186846182783,0.0,0.9921584886986584,ROKU,0.007108392002657161,0.0,0.9690520695618186,ZBRA,0.0016444305012544903,0.0,0.9551956282812231,0.021532854978014743,1.1730661712676627
2019-03-29,2834.39990234375,2836.030029296875,2819.22998046875,2828.27001953125,3752520000,357,373,328,396,93,303,-72765,0.0067342800173637585,1.0727342665529414,SID,0.0065326703163115065,0.0,1.0316316747247267,CQP,0.000910398457595818,0.0,0.963609566693846,IONS,0.003561123934659083,0.0,1.0098244854040583,ROKU,0.0003727372191940859,0.0,0.9708580784301323,ZBRA,0.0010265681962664086,0.0,0.9600984955472541,0.0124034981240269,1.1876162953223406
2019-04-01,2867.18994140625,2869.39990234375,2848.6298828125,2848.6298828125,3560090000,420,407,354,371,118,253,-72512,0.011568600124275408,1.0851443003223002,SID,0.011678827294311979,0.0,1.0918729155269864,CQP,0.0006200516096872555,0.0,0.9665970050085388,IONS,0.0003449535365445122,0.0,1.0115661980417052,ROKU,0.014261349625774146,0.0,1.040086810897629,ZBRA,0.002271755735864245,0.0,0.9710040418685246,0.029176937802182137,1.2222673021038186
2019-04-02,2867.239990234375,2872.89990234375,2858.75,2868.239990234375,3267210000,397,405,355,228,261,-33,-72545,1.745570720723677e-05,1.0851632422834843,SID,-0.0009195225314665213,0.0,1.086852906790361,CQP,0.0021873392985008347,0.0,0.9771683830828808,IONS,0.001057681264510979,0.0,1.0169157711191117,ROKU,0.004427720346648956,0.0,1.0631128785720925,ZBRA,0.0016138845977320849,0.0,0.9788394842060607,0.008367102975926334,1.2324941384846289
2019-04-03,2873.39990234375,2885.25,2865.169921875,2876.090087890625,3570000000,390,402,356,311,178,133,-72412,0.002148376881724312,1.087494581906103,SID,0.003233246092291431,0.0,1.1044232213592384,CQP,-0.00023512805675505178,0.0,0.976019584567697,IONS,0.007707368750189581,0.0,1.0561044952986036,ROKU,-0.00577576708140879,0.0,1.0324114167327003,ZBRA,0.0013294618494549939,0.0,0.9853461329610215,0.006259181553772164,1.2402085430613643
2019-04-04,2879.389892578125,2881.280029296875,2867.139892578125,2873.989990234375,3038740000,375,405,360,271,218,53,-72359,0.0020846350796801527,1.0897616112605066,SID,-0.0009090905194858002,0.0,1.0994031179590502,CQP,-0.0016481953235697679,0.0,0.967976229992712,IONS,-0.006455407900741839,0.0,1.0220165687838056,ROKU,-0.011982509334608893,0.0,0.9705570195419184,ZBRA,-0.0009579602041062119,0.0,0.9806265210477885,-0.02195316328251251,1.2129820424111712
2019-04-05,2892.739990234375,2893.239990234375,2882.989990234375,2884.159912109375,3155970000,404,419,372,386,103,283,-72076,0.004636432770241061,1.0948142177067055,IONS,0.005506706022518881,-0.0003136934868185889,1.0275335301125943,SID,-0.002037041704500954,0.00027307061425631876,0.9898147914774952,VRNT,0.00447880641129486,0.00019348300567491246,1.0223940320564744,ROKU,-0.004516475684641854,0.00015208881566688938,0.9774176215767907,ZBRA,0.003178288813570802,8.883742940199095e-05,1.015891444067854,0.007004070236423259,1.2214778538317392
2019-04-08,2895.77001953125,2895.949951171875,2880.780029296875,2888.4599609375,3056460000,390,416,373,270,219,51,-72025,0.0010474599539205265,1.0959609917567361,IONS,0.0027062043882439824,0.0,1.041437108853887,SID,0.0055684073073008385,0.0,1.017373251066184,VRNT,0.0018765494978311371,0.0,1.03198689709368,ROKU,-0.008422718988587796,0.0,0.9362550517716149,ZBRA,0.0028488989916815033,0.0,1.0303623046211678,0.004577341196469666,1.2270689747326584
2019-04-09,2878.199951171875,2886.8798828125,2873.330078125,2886.580078125,3032480000,362,399,361,114,375,-261,-72286,-0.006067494393846573,1.0893112545833776,IONS,-0.005618755946348731,0.0,1.012179204113282,SID,-0.00586906373040661,0.0,0.987518108825592,VRNT,0.002348333464304453,0.0,1.044104143919524,ROKU,-0.004643503566738838,0.0,0.9145175334102212,ZBRA,-0.0011922031337296747,0.0,1.0242202987789364,-0.0149751929129194,1.2086933801185786
2019-04-10,2888.2099609375,2889.7099609375,2879.1298828125,2881.3701171875,3092230000,397,408,367,354,135,219,-72067,0.0034778715639784963,1.0930997392200148,IONS,0.00453894290056236,0.0,1.0351503221763163,SID,-0.005116268055469076,0.0,0.9622560720536839,VRNT,0.0016763349671737428,0.0,1.0528554853486405,ROKU,-0.0025286581384303067,0.0,0.9029550223922465,ZBRA,0.004988193362662319,0.0,1.049765343260302,0.003558545036499039,1.2129945699470488
2019-04-11,2888.320068359375,2893.419921875,2881.989990234375,2891.919921875,2970650000,394,407,373,314,175,139,-71928,3.8123067008344336e-05,1.0931414115346199,IONS,-0.004344780543529736,0.0,1.0126628172792154,SID,-0.007637245724572451,0.0,0.9255111416925045,VRNT,0.0016943843265738946,0.0,1.061775194511251,ROKU,0.0002731836485283523,0.0,0.9041883851296171,ZBRA,0.000966265976633851,0.0,1.0548371059335109,-0.009048192316366088,1.20201916179946
2019-04-12,2907.409912109375,2910.5400390625,2898.3701171875,2900.860107421875,3726050000,397,415,381,375,114,261,-71667,0.006609324208602496,1.1003663375293016,IONS,0.0020296047097482896,0.0,1.0229393433958998,SID,0.0034739533047326355,0.0,0.9415870541387522,VRNT,0.0022824386699946244,0.0,1.0738923783252188,ROKU,-0.007331633316088615,0.0,0.8710424966874337,ZBRA,0.0062108589675272,0.0,1.0875943284268488,0.006665222335914135,1.2100308867648824
2019-04-15,2905.580078125,2909.60009765625,2896.47998046875,2908.320068359375,3114530000,390,406,375,206,283,-77,-71744,-0.0006293691084816588,1.0996738009484475,IONS,-0.0017255722767227644,0.0,1.014113564537235,SID,0.0014634231595679116,0.0,0.9484767556476321,VRNT,-0.006205918804639965,0.0,1.0405699338011787,ROKU,0.00031858461093059454,0.0,0.8724300003619896,ZBRA,-0.0021049085788090727,0.0,1.076147895266,-0.008254391889673297,1.2000428176269162
2019-04-16,2907.06005859375,2916.06005859375,2900.7099609375,2912.260009765625,3403120000,345,386,374,259,230,29,-71715,0.0005093580038946222,1.1002339286006337,IONS,-0.0014306115731224534,0.0,1.0068595515277978,SID,-0.006295405485591288,0.0,0.9186215267953325,VRNT,-0.0004205071252226134,0.0,1.0383820984438996,ROKU,0.005124582997100946,0.0,0.8947842000920687,ZBRA,0.002533732229362684,0.0,1.0897812482949814,-0.00048820895747272433,1.1994569459739999
2019-04-17,2900.449951171875,2918.0,2895.449951171875,2916.0400390625,3648100000,314,352,369,172,317,-145,-71860,-0.0022738117853239315,1.0977322037271684,IONS,-0.02548030923600151,0.0,0.8785840878770474,SID,-0.0054999879787350995,0.0,0.8933594900234244,VRNT,-0.0048298246468916565,0.0,1.0133060811841226,ROKU,-0.0049621034413905645,0.0,0.8725841412991749,ZBRA,-0.001699334303504152,0.0,1.0805217350022651,-0.04247155960652298,1.1485141387976072
2019-04-18,2905.030029296875,2908.39990234375,2891.89990234375,2904.81005859375,3507100000,317,353,378,294,195,99,-71761,0.0015790922795098083,1.0994656241750433,IONS,0.0008806927284634725,0.0,0.8824529009647326,SID,-0.0005141676284970753,0.0,0.8910628073715209,VRNT,0.0012622447390715941,0.0,1.0197012825343421,ROKU,0.00028269199014649974,0.0,0.8738175040365457,ZBRA,0.0003961686785463048,0.0,1.0826620793417472,0.002307630507730796,1.1511644850628566
2019-04-22,2907.969970703125,2909.510009765625,2896.35009765625,2898.780029296875,3010130000,311,346,374,195,294,-99,-71860,0.001012017561471401,1.1005783026949425,VRNT,0.0032319521045870193,0.0003760800966243643,1.016159760522935,ACIW,0.0018088366728238995,-0.0006579382438956658,1.0090441833641195,YETI,-0.005852742878877489,-6.637959685797527e-05,0.9707362856056125,NEO,0.004090389035927719,-0.0004559563509257631,1.0204519451796386,FTNT,0.0014058147305478076,-0.00024093316272448987,1.007029073652739,0.0036391224072294262,1.1553537135348555
2019-04-23,2933.679931640625,2936.31005859375,2908.530029296875,2909.989990234375,3674480000,336,373,385,406,83,323,-71537,0.008841205788409079,1.1103087419553264,VRNT,9.741169633370461e-05,0.0,1.016654689753028,ACIW,0.004742396820311346,0.0,1.0329706229978177,YETI,0.004723387549919078,0.0,0.9936621040340338,NEO,0.0019019072913987857,0.0,1.0301559701549348,FTNT,0.0009173478750360786,0.0,1.0116480535568135,0.012382451232998993,1.1696598245495653
2019-04-24,2927.25,2936.830078125,2926.050048828125,2934.0,3468480000,339,376,386,258,231,27,-71510,-0.002191763174733685,1.1078752081421237,VRNT,-0.0009737035039107944,0.0,1.0117050885846286,ACIW,-0.0012010459927899175,0.0,1.0267673968607116,YETI,0.008723142191758227,0.0,1.0370013831542864,NEO,-0.0018839914064346264,0.0,1.0204519451796386,FTNT,0.0005870088600787859,0.0,1.01461728541041,0.005251410148701675,1.1758021880227336
2019-04-25,2926.169921875,2933.10009765625,2912.840087890625,2928.989990234375,3440010000,312,364,380,207,282,-75,-71585,-0.0003689736527457965,1.107466431379789,VRNT,-0.001859105975903641,0.0,1.0023007537044295,ACIW,-0.0017836454175068851,0.0,1.0176104520494311,YETI,0.001998776570457794,0.0,1.047365053495192,NEO,0.002802809740346657,0.0,1.0347526084371645,FTNT,0.0013873863183188285,0.0,1.0216556161109511,0.0025462212357127536,1.1787960405228746
2019-04-26,2939.8798828125,2939.8798828125,2917.56005859375,2925.81005859375,3264390000,336,367,379,372,117,255,-71330,0.0046852921407636305,1.1126552351468924,VRNT,0.00039505915964692666,0.0,1.0042805941717892,ACIW,0.0022061019431037555,0.0,1.0288352140273758,YETI,0.009415290954465895,0.0,1.0966712870661768,NEO,0.0020730412843064983,0.0,1.045478032818835,FTNT,0.0002583441113587881,0.0,1.0229753096722456,0.014347837452881863,1.1957092145023975
2019-04-29,2943.030029296875,2949.52001953125,2939.35009765625,2940.580078125,3150390000,304,366,383,238,251,-13,-71343,0.001071522174355355,1.1138474699037648,VRNT,-0.00019714016967464776,0.0,1.0032906739381093,ACIW,0.0019523188057227081,0.0,1.0388782857090528,YETI,0.0033218892409363934,0.0,1.1148863898129218,NEO,0.004103567077502967,0.0,1.0669289789974745,FTNT,2.1509446419853975e-05,0.0,1.0230853278353067,0.009202144400907275,1.206712303355744
2019-04-30,2945.830078125,2948.219970703125,2924.110107421875,2937.139892578125,3939760000,337,377,384,323,166,157,-71186,0.0009514170090862972,1.114907203332159,VRNT,-0.0013813427784711064,0.0,0.9963612323023503,ACIW,0.0019903457892551657,0.0,1.0492169208166011,YETI,0.0010140862263424478,0.0,1.1205393444721514,NEO,-0.0005744324336564466,0.0,1.063864585947754,FTNT,0.0008384296594235786,0.0,1.0273742532501977,0.001887086462893639,1.208989473808014
2019-05-01,2923.72998046875,2954.1298828125,2923.360107421875,2952.330078125,3669330000,290,350,374,89,400,-311,-71497,-0.007502163081421376,1.1065429876721098,VRNT,-0.0009604279623849354,0.0,0.9915765663616528,ACIW,-0.0037725336430626923,0.0,1.0294258901533448,YETI,-0.009865482742023191,0.0,1.0652660366489115,NEO,0.00643303004078688,0.0,1.09808395015141,FTNT,-0.0032755272490844426,0.0,1.0105482914425536,-0.01144094155576838,1.1951574958966373
2019-05-02,2917.52001953125,2931.679931640625,2900.5,2922.159912109375,3802290000,287,348,369,277,212,65,-71432,-0.0021239857917741967,1.1041927060883068,VRNT,0.0004658912983848129,0.0,0.9938864008314038,ACIW,0.000746060681820504,0.0,1.0332659610608024,YETI,-0.017570741720239626,0.0,0.9716784646824048,NEO,0.009209300196448033,0.0,1.148646873840639,FTNT,-0.0008270781646570136,0.0,1.0063692793116357,-0.00797656770824329,1.1856242412086033
2019-05-03,2945.639892578125,2947.85009765625,2929.2099609375,2929.2099609375,3357180000,328,377,378,417,72,345,-71087,0.009638279380647763,1.1148352238796593,CQP,0.0004790122946025162,0.0001921693856222222,1.0023950614730126,VRNT,0.0020755318168775854,0.000119930694212753,1.010377659084388,CDNS,0.0017525522069830697,-0.0006599372202434684,1.0087627610349152,ROKU,0.0004785140197703656,0.0005996453773255492,1.0023925700988519,PCTY,0.00346663394192793,-0.002424239881136182,1.0173331697096397,0.006079812635942341,1.192832614451783
2019-05-06,2932.469970703125,2937.320068359375,2898.2099609375,2908.889892578125,3203260000,301,361,374,145,344,-199,-71286,-0.004470988428756373,1.1098508084937233,CQP,-0.003112165701878733,0.0,0.9867969638227679,VRNT,0.0037206268990606973,0.0,1.0291738505673849,CDNS,-0.0007684549764185756,0.0,1.0048868172162002,ROKU,0.0022454733762630407,0.0,1.013646799242456,PCTY,-0.0033812475998842074,0.0,1.0001338930178232,-0.001295768002857778,1.191286980117211
2019-05-07,2884.050048828125,2913.030029296875,2862.60009765625,2913.030029296875,3793060000,203,286,363,36,453,-417,-71703,-0.016511651392423388,1.0915253388462758,CQP,0.0031148416369100487,0.0,1.0021655451732259,VRNT,-0.0010253097361057285,0.0,1.023897740721724,CDNS,-0.004000004359654019,0.0,0.9847890589670819,ROKU,-0.004076034487880231,0.0,0.9929885026812477,PCTY,-0.0019359539398582594,0.0,0.990452827264955,-0.00792246088658819,1.1818490556125307
2019-05-08,2879.419921875,2897.9599609375,2873.280029296875,2879.610107421875,3543110000,178,282,357,213,276,-63,-71766,-0.0016054253132695706,1.0897729764372168,CQP,-0.0017852797461689108,0.0,0.9932198159226955,VRNT,0.0005474984509509895,0.0,1.0267006528566107,CDNS,0.0009912652327927595,0.0,0.9896699947460258,ROKU,0.0015835878833708517,0.0,1.0008509254871107,PCTY,-0.0011854002405675248,0.0,0.9845824121664016,0.00015167158037816537,1.182028308526564
2019-05-09,2870.719970703125,2875.969970703125,2836.39990234375,2859.840087890625,3659050000,178,270,357,217,272,-55,-71821,-0.0030214249424966866,1.0864803091845505,CQP,-0.0023556736762085253,0.0,0.9815213070474066,VRNT,-0.003051218758844332,0.0,1.0110372113980417,CDNS,-0.0006962735267323161,0.0,0.986224589658311,ROKU,0.056223045331908056,0.0,1.2822053602578305,PCTY,-0.00023012680357177296,0.0,0.9834495181495775,0.04988975256655111,1.2409994083656133
2019-05-10,2881.39990234375,2891.31005859375,2825.389892578125,2863.10009765625,3566780000,228,297,354,352,137,215,-71606,0.0037202972597878414,1.0905223389016232,CQP,0.002150017977144669,0.0,0.9920727493229189,VRNT,0.0009458495803154054,0.0,1.0158186570084622,CDNS,0.0019214081264271599,0.0,0.9956992893635698,ROKU,-0.0010099751790114465,0.0,1.2757303823165513,PCTY,0.004126089150224166,0.0,1.0037385200827282,0.008133389655099955,1.2510929401155992
2019-05-13,2811.8701171875,2840.18994140625,2801.429931640625,2840.18994140625,3900270000,145,204,317,53,437,-384,-71990,-0.02413055719884427,1.0642074272261401,CQP,-0.004023081309240117,0.0,0.9721168026468814,VRNT,-0.005615969409139821,0.0,0.9872946244934971,CDNS,-0.007093422903186997,0.0,0.9603847086442769,ROKU,-0.00797583819155967,0.0,1.2248552867894844,PCTY,-0.008352143921726451,0.0,0.96182167718517,-0.033060455734853056,1.2097312373487203
2019-05-14,2834.409912109375,2852.5400390625,2820.1201171875,2820.1201171875,3354860000,171,242,332,391,99,292,-71698,0.008015944543135589,1.072738054945178,CQP,0.0016516372269470558,0.0,0.980144724147843,VRNT,0.004275218479222298,0.0,1.0083991256088543,CDNS,0.0035575329891476496,0.0,0.9774677100606518,ROKU,0.008508508527733261,0.0,1.276963745053922,PCTY,0.005846457596692556,0.0,0.989937925441384,0.023839354819742822,1.238570449552403
2019-05-15,2850.9599609375,2858.679931640625,2815.080078125,2820.3798828125,3140900000,195,244,336,331,159,172,-71526,0.00583897507464215,1.0790017457096228,CQP,0.00014046003518002338,0.0,0.9808330799600197,VRNT,-0.0019293632421775175,0.0,0.9986712845768859,CDNS,0.0019092423581676512,0.0,0.9867988238395965,ROKU,0.0012314245938957137,0.0,1.2848261678597848,PCTY,0.001165205040765871,0.0,0.9957053287452321,0.0025169687858317418,1.24168789271298
2019-05-16,2876.320068359375,2892.14990234375,2855.800048828125,2855.800048828125,3338470000,230,278,337,400,90,310,-71216,0.008895287120600504,1.088599776041339,CQP,0.00210477881225728,0.0,0.9911552633853241,VRNT,0.005514280064408617,0.0,1.0262060503540842,CDNS,0.003229562539560682,0.0,1.002733466417371,ROKU,-0.00014398262834209864,0.0,1.283901204616729,PCTY,0.013901533304698122,0.0,1.0649144826913184,0.024606172092582604,1.2722410786863516
2019-05-17,2859.530029296875,2885.47998046875,2854.22998046875,2858.60009765625,3316040000,206,261,330,133,357,-224,-71440,-0.005837333350761975,1.082245256263021,VRNT,-0.001334834954480519,1.5496974345503516e-05,0.9933258252275974,CDNS,-0.002699803094824223,-0.0004444804042500385,0.9865009845258789,CQP,-0.0034320694583160195,-0.0002230664006372677,0.9828396527084199,ATRO,-0.00159130456372696,-0.0004142645494424696,0.9920434771813652,SNPS,-0.003613391645361207,-0.0005230754280743294,0.981933041773194,-0.014260793524767529,1.2540979113494781
2019-05-20,2840.22998046875,2853.860107421875,2831.2900390625,2841.93994140625,3293750000,182,232,323,166,324,-158,-71598,-0.0067493779153879885,1.074940774031366,VRNT,-0.0014038575125024267,0.0,0.9863533856170552,CDNS,-0.01176813486759789,0.0,0.9284546013612857,CQP,9.391282980555361e-05,0.0,0.9833011589735746,ATRO,0.0027569514672700635,0.0,1.0057185557814194,SNPS,-0.010511569792399245,0.0,0.9303247532728849,-0.020832697875423946,1.2279716684561341
2019-05-21,2864.360107421875,2868.8798828125,2854.02001953125,2854.02001953125,3223050000,235,270,339,426,64,362,-71236,0.008495835590448308,1.0840732941170057,VRNT,0.0016439190892228784,0.0,0.9944608114137327,CDNS,0.002259349107123576,0.0,0.9389431167342377,CQP,0.0052125223340167455,0.0,1.008928555234646,ATRO,0.004770992574807931,0.0,1.0297099345913179,SNPS,0.0013390081362737673,0.0,0.9365533153429313,0.0152257912414449,1.2466685087304559
2019-05-22,2856.27001953125,2865.469970703125,2851.110107421875,2856.06005859375,3194000000,231,259,330,202,288,-86,-71322,-0.0028243962306494508,1.0810114415913539,VRNT,-0.0005217600356818286,0.0,0.9918664618714956,CDNS,-0.0019280712107971887,0.0,0.9298913707744804,CQP,-0.0005949698331892073,0.0,1.0059271449636071,ATRO,-0.0016309342453529442,0.0,1.0213129886157923,SNPS,-0.0011919199320800768,0.0,0.9309718325228667,-0.005867655257101245,1.239353487701341
2019-05-23,2822.239990234375,2836.699951171875,2805.489990234375,2836.699951171875,3899320000,171,224,315,100,390,-290,-71612,-0.01191414994527018,1.0681321091836817,VRNT,-0.01857119230652935,0.0,0.8997657478424336,CDNS,-0.003090234799563363,0.0,0.9155234574055755,CQP,-0.004406737702654518,0.0,0.9837628595844334,ATRO,-0.004839082859669852,0.0,0.9966018977279479,SNPS,0.0033365294281580307,0.0,0.9465029071028606,-0.027570718240259053,1.205183621891845
2019-05-24,2826.06005859375,2841.360107421875,2820.18994140625,2832.409912109375,2889230000,181,232,321,293,197,96,-71516,0.0013535590072402126,1.0695778890209897,VRNT,0.0025229696250834268,0.0,0.9111161560999183,CDNS,0.0006905128744234102,0.0,0.9186843610764515,CQP,-0.0025815225533224687,0.0,0.9710648295387423,ATRO,-0.0007222028048768704,0.0,0.9930031542985243,SNPS,-0.0005127818926258021,0.0,0.9440761593424604,-0.0006030247513183041,1.2044568663379607
2019-05-28,2802.389892578125,2840.510009765625,2801.580078125,2830.030029296875,4146980000,136,203,304,77,414,-337,-71853,-0.008375676922946718,1.0606194501786226,VRNT,0.005161069357941495,0.0,0.9346278244737819,CDNS,-6.256008193068485e-05,0.0,0.9183969962319646,CQP,-0.0059438729985913825,0.0,0.942205399437857,ATRO,0.002029485333829806,0.0,1.0030795809890023,SNPS,0.0020049664606688554,0.0,0.9535403645214539,0.0031890880719180888,1.208297985363539
2019-05-29,2783.02001953125,2792.030029296875,2766.06005859375,2790.25,3701110000,100,177,294,133,358,-225,-72078,-0.0069119122568113145,1.0532885416011204,VRNT,-0.0006245751807885114,0.0,0.9317090977615785,CDNS,-0.0005319091796466947,0.0,0.9159544772676859,CQP,-0.000588121685593146,0.0,0.9394347422993952,ATRO,-0.005166236764319332,0.0,0.9771688479447852,SNPS,-0.002816416816071299,0.0,0.940112528934249,-0.009727259626418983,1.196544557153829
2019-05-30,2788.860107421875,2799.0,2776.739990234375,2786.93994140625,3276030000,131,186,299,309,182,127,-71951,0.0020984713906617714,1.0554988374717822,VRNT,-0.0015314945719955065,0.0,0.9245745606320751,CDNS,0.0017882343367034094,0.0,0.9241441835032224,CQP,0.004276261076440369,0.0,0.9595210834111486,ATRO,0.0009820808504161782,0.0,0.9819671420107342,SNPS,0.0014111163073678324,0.0,0.9467455695359487,0.006926197998932282,1.2048320616712211
2019-05-31,2752.06005859375,2768.97998046875,2750.52001953125,2766.14990234375,3982670000,119,166,281,129,362,-233,-72184,-0.01319537280847849,1.0415711368124263,DECK,0.002570405943720387,-0.00044646962796644817,1.0128520297186019,RNR,0.003237192982244279,-0.0005805030703212649,1.0161859649112215,ATRO,0.0006884026470786298,-0.0005207461268317326,1.0034420132353932,VEEV,0.002278036222755774,-0.0004695710968042072,1.0113901811137789,OSIS,0.00200372975358631,-0.0004906765840103321,1.0100186487679315,0.008269801043451395,1.2147957831120135
2019-06-03,2744.449951171875,2763.070068359375,2728.81005859375,2751.530029296875,3952360000,141,166,291,343,148,195,-71989,-0.0027652403144732274,1.038690942314521,DECK,0.0027876332482387415,0.0,1.0269693296865503,RNR,0.00479253284599599,0.0,1.0405364879836072,ATRO,0.002753879510713242,0.0,1.0172588052375822,VEEV,-0.006584985149159639,0.0,0.9780902345005783,OSIS,-7.72145719599715e-05,0.0,1.0096287079797504,0.003671845883828363,1.2192563260079254
2019-06-04,2803.27001953125,2804.489990234375,2762.639892578125,2762.639892578125,3814130000,254,218,319,435,56,379,-71610,0.021432370568193138,1.0609525514960314,DECK,0.0012449735450913658,0.0,1.0333620779219501,RNR,-0.0028216028825481135,0.0,1.025856584214152,ATRO,0.0008246518822704552,0.0,1.021453227180059,VEEV,0.00853829479332835,0.0,1.0198463482837863,OSIS,0.005002407072061743,0.0,1.0348815769245228,0.0127887244102038,1.2348490591466386
2019-06-05,2826.14990234375,2827.280029296875,2800.919921875,2818.090087890625,3570760000,326,259,330,363,128,235,-71375,0.008161854781411959,1.0696118921513105,DECK,0.0007861895074681602,0.0,1.0374241700373388,RNR,0.0030436973368599854,0.0,1.0414685689810166,ATRO,0.009516895330423703,0.0,1.0700585444200394,VEEV,0.003226628714867275,0.0,1.0362996758444112,OSIS,0.008875068987294555,0.0,1.0808048038689493,0.02544847987691368,1.2662740905793575
2019-06-06,2843.489990234375,2852.10009765625,2822.449951171875,2828.510009765625,3445140000,344,270,328,354,137,217,-71158,0.006135586748687638,1.0761745887030327,DECK,-0.00020540451437427444,0.0,1.0363587119981055,RNR,-0.001767543858474352,0.0,1.0322643621165342,ATRO,0.0017523683535803248,0.0,1.0794342280686389,VEEV,0.0011512476224800228,0.0,1.0422648635343748,OSIS,-0.0023455037262211545,0.0,1.0681296453949876,-0.0014148361230094334,1.2644825202543748
2019-06-07,2873.340087890625,2884.969970703125,2852.8701171875,2852.8701171875,3244380000,380,290,338,377,114,263,-70895,0.01049769746289475,1.0874719439524922,DECK,0.0060399626241538495,0.0,1.0676565514265295,RNR,-0.0009593912127418003,0.0,1.0273126353253286,ATRO,-0.004662859235491079,0.0,1.0542679787713636,VEEV,0.0040251533940153465,0.0,1.0632412432989664,OSIS,0.004837962250411599,0.0,1.09396749990982,0.009280827820347917,1.2762179648066954
2019-06-10,2886.72998046875,2904.77001953125,2885.510009765625,2885.830078125,3209890000,399,297,346,316,175,141,-70754,0.0046600444669098184,1.0925396115678276,DECK,0.00469032892502983,0.0,1.0926948534522967,RNR,-0.0005217338413394002,0.0,1.0246327164879045,ATRO,-0.0021530497982709786,0.0,1.0429185214762775,VEEV,0.00038224113985978474,0.0,1.065273316022889,OSIS,0.0009447529823657153,0.0,1.0991351452005746,0.0033425394076449515,1.2804837736468062
2019-06-11,2885.719970703125,2910.610107421875,2878.530029296875,2903.27001953125,3551000000,397,299,345,213,278,-65,-70819,-0.00034988023558091275,1.0921573535511508,DECK,0.004424397891452748,0.0,1.1168674374803746,RNR,-0.0009892243102377796,0.0,1.0195647585268306,ATRO,0.0031700882975612024,0.0,1.0594492404774865,VEEV,0.002375248292177057,0.0,1.077924759145815,OSIS,-0.0005677276417902944,0.0,1.096015098180607,0.008412782529162933,1.2912562051666185
2019-06-12,2879.840087890625,2888.570068359375,2874.679931640625,2882.72998046875,3039870000,382,292,338,265,226,39,-70780,-0.0020375791387226005,1.0899319965113525,DECK,0.005461490241578027,0.0,1.1473662405350513,RNR,0.0016226961127925321,0.0,1.0278369773788394,ATRO,0.0019096407104078673,0.0,1.069565077478619,VEEV,0.003137924826988492,0.0,1.0948369934625612,OSIS,-0.0011031095567716198,0.0,1.089969974534762,0.011028642334995299,1.3054970080162445
2019-06-13,2891.639892578125,2895.239990234375,2881.989990234375,2886.239990234375,3100640000,413,321,346,352,140,212,-70568,0.004097381912668174,1.0943978641598964,DECK,0.004515374934477112,0.0,1.1732701843509374,RNR,0.0007707394044817573,0.0,1.0317979496780858,ATRO,0.0039215793252024515,0.0,1.0905369989526126,VEEV,-0.0008262512558443458,0.0,1.0903139412585947,OSIS,0.001610164627440991,0.0,1.0987451300246052,0.009991607035757966,1.3185410211067006
2019-06-14,2886.97998046875,2894.449951171875,2879.6201171875,2886.820068359375,2992810000,394,306,335,210,282,-72,-70640,-0.001611511904139773,1.0926342289739375,DECK,-0.0025998099529742414,2.804174173895239e-05,0.9870009502351288,SO,0.0008105768148973339,4.574277513412787e-05,1.0040528840744867,SNPS,-0.002212535851775202,-0.0014413115032539277,0.988937320741124,RNR,0.0011171906053893527,-0.00010967318780437793,1.0055859530269469,ATRO,-0.015003283864353904,-0.00017829421663607405,0.9249835806782305,-0.01954335663963796,1.29277230368722
2019-06-17,2889.669921875,2897.27001953125,2887.300048828125,2889.75,2828400000,388,297,340,222,270,-48,-70688,0.0009317492412306283,1.0936522900877266,DECK,-0.0013993203113827235,0.0,0.9800952978500385,SO,-0.000539057628900097,0.0,1.0013466722395892,SNPS,-0.00044872820808388174,0.0,0.9867185003819068,RNR,-0.001018626153659774,0.0,1.0004643722694162,ATRO,-0.003241343009082143,0.0,0.9099926353644947,-0.0066470753111086195,1.2841791488244958
2019-06-18,2917.75,2930.7900390625,2905.43994140625,2906.7099609375,3441540000,432,333,361,365,127,238,-70450,0.009717399870633026,1.1042797467099426,DECK,0.0019289656008382396,0.0,0.9895481484255186,SO,-0.0008648673065757562,0.0,0.9970165122427469,SNPS,0.0021522711265825833,0.0,0.997336929074091,RNR,0.0025427562596428647,0.0,1.0131840574951048,ATRO,0.0012355299248038244,0.0,0.9156142510262143,0.006994655605291756,1.2931615397060199
2019-06-19,2926.4599609375,2931.739990234375,2911.429931640625,2920.550048828125,3300220000,442,338,365,346,146,200,-70250,0.002985163546397107,1.1075762023548457,DECK,-0.0004804921181944977,0.0,0.9871707979960566,SO,0.0017371958873202864,0.0,1.0056765771660394,SNPS,0.002844431760443067,0.0,1.0115212132586966,RNR,0.001810874807203522,0.0,1.0223578049189954,ATRO,-0.0011256138134783766,0.0,0.9104611107823505,0.004786396523294001,1.2993511236037263
2019-06-20,2954.179931640625,2958.06005859375,2931.5,2949.60009765625,3943060000,458,368,378,413,79,334,-69916,0.009472185190685156,1.1180673692563465,DECK,-0.00040138313394211256,0.0,0.9851896294528776,SO,0.0010046816834040407,0.0,1.0107285013485754,SNPS,0.003697599612607272,0.0,1.0302222154901435,RNR,0.0014093248440866903,0.0,1.0295619761890868,ATRO,-0.000257263897270299,0.0,0.9092899669139859,0.005452959108885592,1.306436432148822
2019-06-21,2950.4599609375,2964.14990234375,2946.8701171875,2952.7099609375,5003540000,436,364,373,177,315,-138,-70054,-0.0012592227925193322,1.1166594733414068,DECK,0.0016661887610404326,0.0,0.9933971888933174,SO,0.0008925571614623262,0.0,1.015239166159439,SNPS,-0.0017998588083684597,0.0,1.0209509428445094,RNR,-0.001082406161813121,0.0,1.023989955054109,ATRO,0.0013910379180125166,0.0,0.9156142510262144,0.0010675188703336948,1.3078310776930324
2019-06-24,2945.35009765625,2954.919921875,2944.050048828125,2951.419921875,3136960000,421,341,372,197,295,-98,-70152,-0.0017318870104667816,1.114725545304412,DECK,-0.0023931650015023955,0.0,0.9815103719680657,SO,3.552557330417372e-05,0.0,1.0154195009265323,SNPS,-0.0011331818508044655,0.0,1.015166327449544,RNR,0.0003627887463548696,0.0,1.0258474152144792,ATRO,0.006753643845851087,0.0,0.9465329137842982,0.0036256113132032697,1.312572764844075
2019-06-25,2917.3798828125,2946.52001953125,2916.010009765625,2945.780029296875,3579430000,380,328,365,112,380,-268,-70420,-0.009496397343734198,1.1041396685969906,DECK,-0.0016954943606827923,0.0,0.973189645464948,SO,-0.0010660635704396349,0.0,1.0100069922332735,SNPS,-0.005417221456827837,0.0,0.987669423393,RNR,-0.0024908037405930285,0.0,1.0130714923190096,ATRO,0.00282108239038128,0.0,0.959884150459264,-0.00784850073816201,1.302271036530305
2019-06-26,2913.780029296875,2932.590087890625,2912.989990234375,2926.070068359375,3511350000,316,325,359,207,285,-78,-70498,-0.0012339337557076835,1.102777233388893,DECK,0.0020473428480884516,0.0,0.98315190976733,SO,-0.003572745403798039,0.0,0.991964503036747,SNPS,-0.0010590437033805911,0.0,0.9824394979736706,RNR,-0.004177804546525121,0.0,0.9919094188861829,ATRO,-0.0009760896299343402,0.0,0.9551994856332559,-0.0077383404355496396,1.2921936199102773
2019-06-27,2924.919921875,2929.300048828125,2918.570068359375,2919.659912109375,3162500000,342,350,372,380,112,268,-70230,0.003823175554131808,1.1069933443492386,DECK,0.0017847880882878365,0.0,0.9919254988549808,SO,0.00036377973677783617,0.0,0.9937687859657853,SNPS,0.0026455869418344326,0.0,0.9954351435085782,RNR,0.00035180735549444897,0.0,0.9936542240339248,ATRO,0.003531148809492635,0.0,0.972064243265865,0.008677110931887189,1.3034061272957158
2019-06-28,2941.760009765625,2943.97998046875,2929.050048828125,2932.93994140625,5422650000,373,377,387,400,92,308,-69922,0.0057574526279098315,1.1133668060887407,DECK,0.00026680545418097614,3.296957134614835e-05,1.0013340272709048,WKC,0.00394025249074876,-7.627692360944686e-05,1.0197012624537438,RNR,0.0005550535883209346,0.000220843711898947,1.0027752679416047,HWM,0.002944181053641448,0.00013880887328479932,1.0147209052682071,OSIS,0.0040023248371082515,1.7774816306240315e-05,1.0200116241855413,0.012042737473227058,1.3191027051077338
2019-07-01,2964.330078125,2977.929931640625,2952.219970703125,2971.409912109375,3524860000,384,398,393,361,131,230,-69692,0.007672301032188189,1.1219088913842994,DECK,-0.00020458501167983645,0.0,1.0003097376025816,WKC,0.0017797782236015803,0.0,1.0287754729612149,RNR,0.0053592667250111255,0.0,1.0296459685723225,HWM,0.002013968407927802,0.0,1.0249389844985775,OSIS,0.004563614947164974,0.0,1.043286325657617,0.013512043292025645,1.3369264779657777
2019-07-02,2973.010009765625,2973.2099609375,2955.919921875,2964.659912109375,3224490000,404,394,390,284,208,76,-69616,0.002928125887423194,1.125193981852492,DECK,-0.0027077689625333748,0.0,0.9867666993005807,WKC,-0.0014884168380118858,0.0,1.0211192392787694,RNR,-0.0007221554594765812,0.0,1.0259281462846597,HWM,0.0005367909568736451,0.0,1.0276898743897078,OSIS,0.001197920936953212,0.0,1.0495351983213284,-0.0031836293661949844,1.3326701995700823
2019-07-03,2995.820068359375,2995.840087890625,2977.9599609375,2978.080078125,1963570000,436,424,398,423,69,354,-69262,0.007672378673070135,1.133826896161924,DECK,0.0030794050761717264,0.0,1.0019599712146978,WKC,-0.00011106843171091452,0.0,1.0205521687162866,RNR,0.0018229305894571725,0.0,1.0352791252868967,HWM,-0.0021414902597863164,0.0,1.016685935109275,OSIS,0.0013806248269412791,0.0,1.0567802700790843,0.004030401801072947,1.3380413959426658
2019-07-05,2990.409912109375,2994.030029296875,2967.969970703125,2984.25,2434680000,419,420,396,193,299,-106,-69368,-0.00180590159841032,1.1317793163578245,DECK,0.0009541206172712258,0.0,1.00673992454578,WKC,0.00044459123640234744,0.0,1.0228208114688,RNR,-0.0006529817447037845,0.0,1.0318990334394704,HWM,0.0017780974800662098,0.0,1.0257247686054578,OSIS,0.0005827343058997236,0.0,1.0598593806649494,0.003106561894935722,1.3421981043571478
2019-07-08,2975.949951171875,2980.760009765625,2970.090087890625,2979.77001953125,2922360000,385,399,391,131,361,-230,-69598,-0.004835444424841517,1.126306660372391,DECK,0.001130450093295332,0.0,1.0124302707539146,WKC,-0.0011644311355858861,0.0,1.0168657894738025,RNR,0.0013975186941434627,0.0,1.0391095243879716,HWM,-0.002145578165614781,0.0,1.0147209052682071,OSIS,-0.005297784339837986,0.0,1.0317848485183636,-0.0060798248535998585,1.3340377749638226
2019-07-09,2979.6298828125,2981.89990234375,2963.43994140625,2965.52001953125,3033330000,376,393,391,269,223,46,-69552,0.0012365569653400854,1.1276994027183835,DECK,-0.004192890834030005,0.0,0.9912052227422216,WKC,5.570742281908459e-05,0.0,1.017149024336225,RNR,0.0002927940946902741,0.0,1.0406307500503575,HWM,0.00015492179817058196,0.0,1.0155069172046343,OSIS,0.0014394798431102364,0.0,1.0392110159777073,-0.0022499876752398278,1.3310362064118495
2019-07-10,2993.070068359375,3002.97998046875,2984.6201171875,2989.300048828125,3157800000,374,400,393,282,210,72,-69480,0.0045106896075925995,1.1327861046947136,DECK,0.0016303970414471626,0.0,0.9992855130553511,WKC,-0.0011708060500270178,0.0,1.0111946031788652,RNR,-0.00045474175510547,0.0,1.0382646587818845,HWM,-0.00038698976138822343,0.0,1.0135419633067486,OSIS,-0.0012723370055487404,0.0,1.0325998828166956,-0.001654477530622289,1.3288340369158964
2019-07-11,2999.909912109375,3002.330078125,2988.800048828125,2999.6201171875,3155710000,364,408,394,290,202,88,-69392,0.002285226738359958,1.1353747777900045,DECK,-0.002983883517770836,0.0,0.9843767551955859,WKC,-0.0018508417357170127,0.0,1.001836797306389,RNR,-0.00046658620603647896,0.0,1.0358424589418704,HWM,-0.000542871991545657,0.0,1.0107908455860715,OSIS,-0.0007016206073685805,0.0,1.0289774160319427,-0.006545804058438565,1.320135749684061
2019-07-12,3013.77001953125,3013.919921875,3001.8701171875,3003.360107421875,2984140000,401,431,403,354,138,216,-69176,0.004620174547884881,1.1406204074406603,DECK,0.0051445996560964555,0.00015634625525359004,1.0257229982804823,PODD,-0.005803638951520177,-3.999493973367427e-05,0.9709818052423991,WKC,0.0034195600972990944,-9.433215438896608e-05,1.0170978004864955,HWM,0.0011151842876138665,0.00013091067031626298,1.0055759214380693,RNR,0.000148369908064988,5.719856724241199e-06,1.0007418495403249,0.004182724685725681,1.3256575140727738
2019-07-15,3014.300048828125,3017.800048828125,3008.77001953125,3017.800048828125,2876100000,390,427,399,255,237,18,-69158,0.00017586919155743175,1.1408210074295908,DECK,-0.0023866852808678285,0.0,1.013482608369264,PODD,0.0007484356727521125,0.0,0.9746153923455824,WKC,-0.0001111919308447007,0.0,1.0165323351450255,HWM,-0.0013846431700970552,0.0,0.9986141022799029,RNR,0.003696677644634905,0.0,1.0192389496565564,0.000562592935577433,1.3264033196251863
2019-07-16,3004.0400390625,3015.02001953125,3001.14990234375,3012.1298828125,3297030000,356,418,405,202,290,-88,-69246,-0.003403778522185874,1.1369379053868436,DECK,4.535847209305999e-05,0.0,1.0137124584823067,PODD,-0.001690135325361797,0.0,0.9663792328293593,WKC,0.002559025625266198,0.0,1.0295389966177646,HWM,-0.0003098435963411417,0.0,0.9970670313558659,RNR,-0.0021350392108850924,0.0,1.008358374042666,-0.001530634035228773,1.3243730815597274
2019-07-17,2984.419921875,3005.260009765625,2984.25,3005.10009765625,3185650000,285,395,394,150,342,-192,-69438,-0.006531243569450895,1.1295122870034209,DECK,-0.0014285652190301201,0.0,1.00647168668088,PODD,0.002623662584927855,0.0,0.9790564980094877,WKC,-0.002087349735540145,0.0,1.0187939568561728,HWM,-0.0037238023278824087,0.0,0.978502628693777,RNR,-0.001845159543520647,0.0,0.9990554636568971,-0.0064612142410454656,1.3158160233446965
2019-07-18,2995.110107421875,2998.280029296875,2973.090087890625,2978.8701171875,3369820000,308,400,392,334,158,176,-69262,0.003581997784064761,1.133558197512541,DECK,0.001416011939910744,0.0,1.0135975663084913,PODD,0.001764947950225526,0.0,0.9876964168060718,WKC,-0.0011656303247366661,0.0,1.0128562712023228,HWM,-0.0012648323626238689,0.0,0.9723144197353549,RNR,-0.0015246929257982213,0.0,0.9914391996673084,-0.0007741957230224866,1.3147973242071385
2019-07-19,2976.610107421875,3006.02001953125,2975.860107421875,3004.260009765625,3285890000,256,387,388,134,358,-224,-69486,-0.00617673452276668,1.1265565094604002,DECK,-0.002426578217945119,0.0,1.0012996974276593,PODD,-0.0018803164302616526,0.0,0.9784105078029167,WKC,0.0005583115028472196,0.0,1.0156837177370388,HWM,0.0003182244123167699,0.0,0.973861490659392,RNR,-0.002326636721701636,0.0,0.9799056054209062,-0.005756995454744418,1.3072280419877678
2019-07-22,2985.030029296875,2990.7099609375,2976.64990234375,2981.929931640625,3016200000,265,386,386,255,237,18,-69468,0.002828694915066654,1.129743194130246,DECK,0.0014921849938957178,0.0,1.0087703193421287,PODD,-0.0004951645240515835,0.0,0.9759881369358002,WKC,0.0036191582927541433,0.0,1.0340633184863557,HWM,-0.0003971793009678093,0.0,0.9719275025288941,RNR,-0.0023428733017739844,0.0,0.9684266320149096,0.001876126159856485,1.309680566714239
2019-07-23,3005.469970703125,3005.89990234375,2988.56005859375,2994.739990234375,3333810000,307,395,397,367,125,242,-69226,0.006847482673755456,1.137479091077846,DECK,0.0029622948005658236,0.0,1.0237116947018903,PODD,0.0014561052923328878,0.0,0.9830938443930319,WKC,0.001586027825826175,0.0,1.0422635844702832,HWM,0.00023882483845989456,0.0,0.9730881046728251,RNR,0.0002247098319966501,0.0,0.9695147069438154,0.006467962589181432,1.3181515316235248
2019-07-24,3019.56005859375,3019.590087890625,2996.820068359375,2998.77001953125,3433220000,317,398,408,338,154,184,-69042,0.004688147952890187,1.142811761350138,DECK,0.0010328848355250831,0.0,1.0289985761289266,PODD,0.002989732558232783,0.0,0.9977897827649324,WKC,-0.0028215082404168482,0.0,1.0275598080089368,HWM,0.0038950420962640567,0.0,0.9920392003281975,RNR,0.002008869032637728,0.0,0.9792528473011467,0.007105020282242802,1.3275170249907793
2019-07-25,3003.669921875,3016.31005859375,2997.239990234375,3016.260009765625,3657050000,279,379,398,153,339,-186,-69228,-0.005262401280453521,1.1367978272738917,DECK,-0.0016530724664894914,0.0,1.0204935300576485,PODD,-0.0003722640729976856,0.0,0.9959325763222946,WKC,-0.0024215030666440377,0.0,1.0151186118776678,HWM,-0.0003118971354206801,0.0,0.9904921294041605,RNR,0.0040666385736703335,0.0,0.9991641843122034,-0.0006920981678815614,1.3265982528899516
2019-07-26,3025.860107421875,3027.97998046875,3012.590087890625,3013.25,3260170000,302,389,400,349,143,206,-69022,0.007387691099234761,1.1451961384640723,TTEC,0.002716676680742689,-0.00068807237038026,1.0135833834037133,PAGS,0.00878774314291044,0.00021270842400482532,1.043938715714552,EPAM,0.0021761374074008018,0.0011843921626582253,1.010880687037004,PODD,-0.00040907349166416303,-0.0001492171068945082,0.9979546325416792,RNR,0.0022552121456754235,1.8749850367565554e-05,1.011276060728377,0.016105256844821038,1.347963458482635
2019-07-29,3020.969970703125,3025.610107421875,3014.300048828125,3024.469970703125,3224490000,296,381,395,213,279,-66,-69088,-0.0016161146071345112,1.1433453702566665,TTEC,-0.0007506209559474009,0.0,1.009779298762799,PAGS,-0.00438742293040435,0.0,1.0210377124182377,EPAM,-0.001922127142894059,0.0,1.0011654810030979,PODD,0.0018066017676887204,0.0,1.006969165557794,RNR,-0.001697216285471548,0.0,1.0026942897314985,-0.006950785547028637,1.3385940535574912
2019-07-30,3013.179931640625,3017.18994140625,3000.93994140625,3007.659912109375,3632770000,292,380,393,249,243,6,-69082,-0.0025786549148275606,1.1403970770983087,TTEC,-0.0006278769374871151,0.0,1.0066092130945736,PAGS,-0.011933981358350311,0.0,0.9601124872873782,EPAM,-0.0014178728608139181,0.0,0.9940678541796079,PODD,0.0011509890771170372,0.0,1.0127642181105474,RNR,-0.0028709169044903063,0.0,0.9883010297993683,-0.015699658984024614,1.3175785833985953
2019-07-31,2980.3798828125,3017.39990234375,2958.080078125,3016.219970703125,4626330000,223,342,386,88,404,-316,-69398,-0.010885526112695776,1.1279832549367133,TTEC,-0.0029813572258554633,0.0,0.9916039048392127,PAGS,-0.004320428056429715,0.0,0.9393720026503537,EPAM,-0.0037370898533918063,0.0,0.97549324972242,PODD,-0.00459349812857619,0.0,0.9895035654076487,RNR,-0.0008902926000272205,0.0,0.98390164433222,-0.016522665864280396,1.2958086727151685
2019-08-01,2953.56005859375,3013.590087890625,2945.22998046875,2980.320068359375,4793810000,168,296,370,148,344,-196,-69594,-0.00899879386967306,1.1178327661370948,TTEC,8.52550596039059e-05,0.0,0.9920266010892653,PAGS,0.007451697097241717,0.0,0.9743715807772526,EPAM,-5.1589653439854116e-05,0.0,0.9752416229289895,PODD,-0.0006181956649847775,0.0,0.9864450313345388,RNR,0.0007507878752419207,0.0,0.9875951514571961,0.007617954713662912,1.3056800845014844
2019-08-02,2932.050048828125,2945.5,2914.110107421875,2943.89990234375,3882810000,153,258,354,137,355,-218,-69812,-0.007282739927037873,1.109691880819397,TTEC,-0.003365947729337249,0.0,0.9753310526623725,PAGS,0.002394682633247536,0.0,0.9860381342913388,EPAM,-0.006100963657005721,0.0,0.9454920544375444,PODD,-0.002725192888726902,0.0,0.9730037664119744,RNR,0.0007809168974604931,0.0,0.991451300165311,-0.009016504744361843,1.293907413824958
2019-08-05,2844.739990234375,2898.070068359375,2822.1201171875,2898.070068359375,4542850000,61,141,315,11,481,-470,-70282,-0.0297778200029859,1.076647675733582,TTEC,-0.010400908074748583,0.0,0.924609409556427,PAGS,-0.010385622101573922,0.0,0.9348350370888846,EPAM,-0.012191872263879322,0.0,0.8878554626664675,PODD,-0.004897012324290096,0.0,0.9491797092334738,RNR,-0.003396479176212575,0.0,0.9746140816891092,-0.04127189394070449,1.240505404272483
2019-08-06,2881.77001953125,2884.39990234375,2847.419921875,2861.179931640625,4156640000,113,185,324,413,79,334,-69948,0.013017017169932643,1.0906624170145742,TTEC,0.0032457222456777402,0.0,0.9396145362022282,PAGS,0.007025654918803914,0.0,0.9676741789718534,EPAM,0.0040027199020004735,0.0,0.905624646319042,PODD,0.04273722464584906,0.0,1.1520062415474372,RNR,0.004291093468543616,0.0,0.9955248822905431,0.0613024151808748,1.3165513815993137
2019-08-07,2883.97998046875,2892.169921875,2825.7099609375,2858.64990234375,4512720000,136,199,326,292,200,92,-69856,0.0007668762331907164,1.091498820100617,TTEC,0.002069265502555018,0.0,0.9493360959295407,PAGS,-4.466236225060261e-05,0.0,0.9674580858982444,EPAM,-0.00023345751719465737,0.0,0.9045675219118424,PODD,-0.0011039034695327521,0.0,1.1456477231125992,RNR,0.002618787668357259,0.0,1.0085602237169695,0.0033060298219342644,1.32090393972899
2019-08-08,2938.090087890625,2938.719970703125,2894.469970703125,2896.2099609375,4118530000,215,274,349,479,13,466,-69390,0.018762303409984193,1.1119778521349846,TTEC,0.007969722305571292,0.0,0.9871658212256088,PAGS,0.009781163470771494,0.0,1.0147724143446966,EPAM,0.011441289876323958,0.0,0.9563146180663494,PODD,0.004861608546980323,0.0,1.173496176925163,RNR,0.004329827536527864,0.0,1.0303946828614516,0.03838361173617493,1.3716050036923313
2019-08-09,2918.64990234375,2935.75,2900.14990234375,2930.510009765625,3356850000,188,238,332,139,353,-214,-69604,-0.00661660635492356,1.104620332412014,NEO,-0.0018904119984207214,-0.00031374816127296886,0.9905479400078964,CGAU,0.0006951606173459396,-0.00048239339476698496,1.0034758030867297,PAGS,-0.0023505019922489194,-0.0004459506740637224,0.9882474900387554,TTEC,-0.0030423978095441995,-9.481397725979757e-05,0.984788010952279,EXPO,-0.001165969145905931,-0.00012847294917307808,0.9941701542704704,-0.009219499485310383,1.3589594920667407
2019-08-12,2882.699951171875,2907.580078125,2873.139892578125,2907.070068359375,3328570000,158,205,318,65,427,-362,-69966,-0.012317322177972212,1.0910143678933566,NEO,-0.006749424484570121,0.0,0.9571197974107474,CGAU,0.0008918769315927833,0.0,1.0079506876876527,PAGS,-0.004787822722760682,0.0,0.9645897210961616,TTEC,0.004504672695233536,0.0,1.0069687492699293,EXPO,-8.574239333094536e-05,0.0,0.9937439416284437,-0.00622643997383543,1.3504980123625132
2019-08-13,2926.320068359375,2943.31005859375,2877.050048828125,2880.719970703125,3857190000,212,228,328,433,59,374,-69592,0.015131688322181258,1.1075232572633404,NEO,0.005138493725963845,0.0,0.981710567780702,CGAU,-0.007991147534069421,0.0,0.9676772744257589,PAGS,0.008695655871937769,0.0,1.0065284224574649,TTEC,-0.003849457536091361,0.0,0.9875873320675012,EXPO,0.0008579070044491655,0.0,0.9980066410692036,0.0028514515321899966,1.3543488919890838
2019-08-14,2840.60009765625,2894.14990234375,2839.639892578125,2894.14990234375,4325150000,106,154,300,3,489,-486,-70078,-0.029292752911742603,1.0750808521443171,NEO,-0.0076712295225028985,0.0,0.94405593233014,CGAU,0.003468220098292685,0.0,0.9844578632848814,PAGS,-0.004273504343171486,0.0,0.9850214045329773,TTEC,0.002834711001643431,0.0,1.0015849554439784,EXPO,-0.0027335307082968496,0.0,0.9843662320669693,-0.008375333474035119,1.3430057683784853
2019-08-15,2847.60009765625,2856.669921875,2825.510009765625,2846.199951171875,4041720000,139,172,295,291,201,90,-69988,0.0024642680276520945,1.0777301395153973,NEO,-0.0002441903106998877,0.0,0.9429032857729711,CGAU,0.00318184138182982,0.0,1.0001198071252193,PAGS,0.0031441101864496004,0.0,1.0005064836922923,TTEC,-0.00012898219358414842,0.0,1.0009390223209083,EXPO,0.002222911453770937,0.0,0.9953070269268043,0.00817569051776632,1.3539857679043228
2019-08-16,2888.679931640625,2893.6298828125,2864.739990234375,2864.739990234375,3524080000,201,210,311,471,21,450,-69538,0.014426124657807904,1.0932776088555232,NEO,0.005704961935416275,0.0,0.9697994225435398,CGAU,0.00022367784349470733,0.0,1.0012383303336898,PAGS,0.021582116974918852,0.0,1.1084717235183512,TTEC,0.002925982242734149,0.0,1.0155826713477616,EXPO,0.0038258361618571882,0.0,1.01434643500564,0.034262575158421175,1.400376807040577
2019-08-19,2923.64990234375,2931.0,2913.47998046875,2913.47998046875,3221050000,242,247,323,454,38,416,-69122,0.012105865492430645,1.1065126805342143,NEO,0.002139464819430215,0.0,0.980173681275718,CGAU,-0.006033491809233027,0.0,0.9710335140078975,PAGS,-0.006635619146671323,0.0,1.0716947425577406,TTEC,0.0019932339847405613,0.0,1.0257041408219814,EXPO,-0.0018770349685240052,0.0,1.0048266163621238,-0.01041344712025758,1.3857940572120249
2019-08-20,2900.510009765625,2923.6298828125,2899.60009765625,2919.010009765625,3067710000,214,225,313,87,405,-318,-69440,-0.007914727601131322,1.0977549340805883,NEO,-0.000235207262848558,0.0,0.9790209614322727,CGAU,0.0055299221224921705,0.0,0.9978822125618654,PAGS,-0.0037728372741918205,0.0,1.0514780932013543,TTEC,0.0036531585043094064,0.0,1.0444394398467274,EXPO,-0.0007069954892939601,0.0,1.001274576935671,0.004468040600467238,1.3919858413235342
2019-08-21,2924.429931640625,2928.72998046875,2917.909912109375,2922.0400390625,3016540000,260,247,319,423,69,354,-69086,0.00824679859557964,1.1068078979292548,NEO,0.005965465012054194,0.0,1.008222537889732,CGAU,0.0015695488073600662,0.0,1.005713336744927,PAGS,0.009899783243421246,0.0,1.1035251192408508,TTEC,-0.0019793929874498462,0.0,1.0341026593314842,EXPO,0.001192013609539311,0.0,1.0072422415486362,0.016647417684924972,1.4151588110355486
2019-08-22,2922.949951171875,2939.080078125,2904.510009765625,2930.93994140625,2893660000,256,247,326,234,258,-24,-69110,-0.0005060748601761755,1.1062477702770683,NEO,-0.003429869356067039,0.0,0.9909321799557114,CGAU,-0.0035595222075897937,0.0,0.987814041961863,PAGS,0.0040148070618958535,0.0,1.125677321449389,TTEC,-0.0034152607834387894,0.0,1.0164440080391612,EXPO,-0.0029623780490926955,0.0,0.9923230800162232,-0.009352223334292463,1.4019239297812525
2019-08-23,2847.110107421875,2927.010009765625,2834.969970703125,2911.070068359375,3942520000,147,173,292,9,483,-474,-69584,-0.025946336754618105,1.077544693095414,NEO,-0.009036358510445345,-0.0004118676514570848,0.9548182074477732,CGAU,0.004562747766303109,-0.00013050936096055545,1.0228137388315155,PAGS,-0.004871254516154289,-0.00016215502262034015,0.9756437274192286,TTEC,-0.004994658120225144,-0.0004887063115029775,0.9750267093988743,CCI,-0.00041801701657982683,-0.00012581821246643977,0.9979099149171009,-0.016076596956108892,1.379385763799035
2019-08-26,2878.3798828125,2879.27001953125,2856.0,2866.699951171875,2859790000,198,201,304,435,57,378,-69206,0.010982987735216332,1.0893793532438283,NEO,0.0038492982136454136,0.0,0.9731951075491974,CGAU,-0.003325929248284676,0.0,1.0058047081838797,PAGS,-0.002590266323663304,0.0,0.9630078419640917,TTEC,0.001053793400613623,0.0,0.980164092957807,CCI,0.001708387895797925,0.0,1.0064340010158064,0.0006952839381089817,1.3803448285650606
2019-08-27,2869.159912109375,2898.7900390625,2860.590087890625,2893.139892578125,3537490000,188,195,295,170,322,-152,-69358,-0.003203180635808267,1.0858898743944683,NEO,-0.0009642341086973039,0.0,0.968503167963616,CGAU,0.01578355454024685,0.0,1.0851805755261663,PAGS,-0.000795231673848984,0.0,0.9591787702736178,TTEC,0.0023149282403773343,0.0,0.9915091406527664,CCI,-0.0020597301591605,0.0,0.9960690886903223,0.014279286838917396,1.4000551683087574
2019-08-28,2887.93994140625,2890.030029296875,2853.050048828125,2861.280029296875,3102480000,233,208,298,390,102,288,-69070,0.006545480165679685,1.0929975450294296,NEO,-0.0029067469010783057,0.0,0.9544272000528022,CGAU,-0.0008359255711077207,0.0,1.0806449245644076,PAGS,0.0011177748603675931,0.0,0.9645394998536685,TTEC,0.0005613453141914082,0.0,0.9942920357031834,CCI,0.0005202612723494759,0.0,0.9986601695474724,-0.0015432910252775487,1.397894475732613
2019-08-29,2924.580078125,2930.5,2905.669921875,2910.3701171875,3177150000,330,245,321,452,40,412,-68658,0.012687291793508804,1.1068647238128067,NEO,0.003113486853671743,0.0,0.9692851827535579,CGAU,-0.010073471906036403,0.0,1.0262156931244057,PAGS,-0.00039699200753551267,0.0,0.9626249274916975,TTEC,-0.0003444707268332348,0.0,0.9925795132020675,CCI,-0.0006828312967839035,0.0,0.9952505874543797,-0.00838427908351731,1.3861741383187636
2019-08-30,2926.4599609375,2940.429931640625,2913.320068359375,2937.090087890625,3009910000,356,251,324,305,187,118,-68540,0.0006427872591217021,1.1075762023548448,NEO,0.001532865023736063,0.0,0.9767140995269007,CGAU,0.0013259590469510752,0.0,1.0330192930365132,PAGS,-0.0012728707342609669,0.0,0.9564984420003262,TTEC,0.0023290964336359467,0.0,1.0041385802235627,CCI,-0.0010688729366103323,0.0,0.989931605364002,0.0028461768334517865,1.3901194350383763
2019-09-03,2906.27001953125,2914.389892578125,2891.85009765625,2909.010009765625,3427830000,268,226,306,159,333,-174,-68714,-0.00689910050906084,1.0999349228133548,NEO,-0.006565249878710034,0.0,0.9446522389096339,CGAU,0.0019758570898060325,0.0,1.0432247855067762,PAGS,0.0006004865037138263,0.0,0.9593702640265487,TTEC,-0.0018333100076132203,0.0,0.9949340936827907,CCI,0.003320285931504241,0.0,1.0063658852762096,-0.002501930361299154,1.3866414530180218
2019-09-04,2937.780029296875,2938.840087890625,2921.860107421875,2924.669921875,3167900000,364,251,319,440,52,388,-68326,0.010842079212828093,1.1118605043754533,NEO,0.003476821845584022,0.0,0.9610741766132382,CGAU,0.0065217126295070045,0.0,1.0772428468020476,PAGS,0.005148676510935247,0.0,0.9840676997449649,TTEC,0.002796898325338626,0.0,1.0088477411850092,CCI,0.0020192456485978562,0.0,1.0165263849499162,0.019963354959962754,1.414323468546819
2019-09-05,2976.0,2985.860107421875,2960.60009765625,2960.60009765625,3902600000,425,307,351,384,108,276,-68050,0.013009813642266721,1.1263256023335746,NEO,0.0001627376552136184,0.0,0.9618561914031802,CGAU,-0.018947362629918876,0.0,0.9751882925078249,PAGS,0.005758752911675203,0.0,1.0124027134009241,TTEC,0.0035221828690725323,0.0,1.026614472342531,CCI,-0.0026832943459835336,0.0,1.0028881874435203,-0.012186983539941056,1.3970871317154865
2019-09-06,2978.7099609375,2985.030029296875,2972.510009765625,2980.330078125,3209340000,425,313,350,296,196,100,-67950,0.0009106051537297599,1.1273512402318373,NEO,0.0007764291233426333,-0.00010497709592219034,1.003882145616713,CGAU,-0.004367134668085748,9.93996096238544e-05,0.9781643266595712,CCI,-0.0010150769688991894,4.312451401024749e-05,0.994924615155504,TTEC,-0.002159857350747863,-8.165883877860626e-05,0.9892007132462607,PAGS,-0.005176908268972599,-4.816505066176424e-05,0.974115458655137,-0.012034824995091224,1.3802734325823967
2019-09-09,2978.429931640625,2989.429931640625,2969.389892578125,2988.429931640625,4031120000,369,311,359,258,234,24,-67926,-9.401025965849463e-05,1.1272452576490168,NEO,-0.01523501657105708,0.0,0.9274113399974183,CGAU,-0.005443778747509009,0.0,0.951539775794367,CCI,-0.004042619985425877,0.0,0.9748141044894051,TTEC,0.00012648987428902638,0.0,0.9898263326155864,PAGS,-0.017921414428075932,0.0,0.8868278244783672,-0.042516339857778876,1.3215892582260604
2019-09-10,2979.389892578125,2979.389892578125,2957.010009765625,2971.010009765625,4393040000,343,309,376,275,217,58,-67868,0.0003223043548219451,1.1276085737045094,NEO,-0.009912273671744964,0.0,0.8814475649557477,CGAU,-0.003892982907912135,0.0,0.9330181353775369,CCI,-0.005798668116828565,0.0,0.9465509871517176,TTEC,-0.007794421942504038,0.0,0.9512507121845503,PAGS,-0.01347789932800021,0.0,0.8270649437804228,-0.04087624596698991,1.2675676506394802
2019-09-11,3000.929931640625,3000.929931640625,2975.31005859375,2981.409912109375,3934370000,360,323,387,350,142,208,-67660,0.007229681189480308,1.1357608241989177,NEO,0.004891561465431727,0.0,0.9030058396684285,CGAU,-0.0012406584512688612,0.0,0.9272303512033205,CCI,-0.0009474711592123875,0.0,0.9420668383464662,TTEC,0.001008343495693742,0.0,0.9560466495265769,PAGS,0.003236849402582909,0.0,0.8404503671262875,0.00694862475322713,1.2763755025931036
2019-09-12,3009.570068359375,3020.739990234375,3000.919921875,3009.080078125,3796990000,369,338,386,296,196,100,-67560,0.002879153101061016,1.1390308534979736,NEO,0.0031531392981335228,0.0,0.9172423556659414,CGAU,-0.001997577470544032,0.0,0.9179692789054786,CCI,0.001854053749566287,0.0,0.9508000511163578,TTEC,0.005801496615685853,0.0,0.9837791565349081,PAGS,0.01090173347092942,0.0,0.8862621966160653,0.01971284566377105,1.3015364958847395
2019-09-13,3007.389892578125,3017.330078125,3002.89990234375,3012.2099609375,3557010000,356,334,390,255,237,18,-67542,-0.0007244143620946941,1.1382057231888307,NEO,-0.010554311902177328,0.0,0.8688380461080103,CGAU,-0.005296293255173845,0.0,0.8936601064038592,CCI,-0.0034147583681204186,0.0,0.9345662889615632,TTEC,0.0004663096640774356,0.0,0.986072885174959,PAGS,-0.004850029484584151,0.0,0.8647702076927641,-0.02364908334597831,1.270756350815729
2019-09-16,2997.9599609375,3002.18994140625,2990.669921875,2996.409912109375,4285860000,359,342,397,229,263,-34,-67576,-0.0031355866640028207,1.134636780502308,NEO,0.0025280762425090586,0.0,0.8798204902227785,CGAU,0.0025906680576350816,0.0,0.9052359898640754,CCI,0.002228169252634382,0.0,0.9449781483096271,TTEC,0.0018185786161510455,0.0,0.9950391404896867,PAGS,4.361079774746202e-05,0.0,0.8649587742858927,0.00920910296667703,1.2824588768959497
2019-09-17,3005.699951171875,3006.2099609375,2993.72998046875,2995.669921875,3673250000,396,363,385,304,188,116,-67460,0.0025817523700197853,1.1375661316994816,NEO,-0.0017568066026892204,0.0,0.8720921179907553,CGAU,0.008439870206397693,0.0,0.943436361167139,CCI,0.006552534277832845,0.0,0.9759381568526363,TTEC,0.005741805578727943,0.0,1.0236057469292683,PAGS,0.008195279902573916,0.0,0.9004016705831934,0.027172683362843175,1.3173067258837108
2019-09-18,3006.72998046875,3007.830078125,2978.570068359375,3001.5,3458800000,387,367,381,242,250,-8,-67468,0.00034269198975556137,1.1379559665006322,NEO,0.0025186431314322636,0.0,0.8830745621055234,CGAU,-0.0053987917595532675,0.0,0.9179692789054786,CCI,-0.0027091416831801943,0.0,0.9627183831479587,TTEC,0.0018333826394590247,0.0,1.0329890519596214,PAGS,-0.0017169173443092767,0.0,0.8926720943578468,-0.005472825016151451,1.3100973366803499
2019-09-19,3006.7900390625,3021.989990234375,3003.159912109375,3010.360107421875,3265660000,387,361,379,227,265,-38,-67506,1.997472142156731e-05,1.137978696854053,NEO,0.0007370044627215578,0.0,0.8863287115714616,CGAU,0.005296375640096507,0.0,0.9422788295412383,CCI,0.0009819279454062802,0.0,0.9674449835678053,TTEC,0.0012918872009376693,0.0,1.0396615786342982,PAGS,0.005068641189483048,0.0,0.9152952670886682,0.013375836438645062,1.3276209843744908
2019-09-20,2992.070068359375,3016.3701171875,2984.679931640625,3008.419921875,6103440000,362,350,376,156,336,-180,-67686,-0.0048955765157830955,1.132407635070273,PAGS,-0.004239496907282182,-7.667821288005606e-05,0.9788025154635891,TTEC,-0.0018381612284199692,-0.0007272658187281735,0.9908091938579001,RNR,0.0003154908360316832,8.164418771451076e-05,1.0015774541801583,ENTG,-0.0014117273949533944,7.219815088398378e-05,0.9929413630252331,WTW,-0.0014736462591137017,-0.00010584388844237598,0.9926317687044315,-0.009403486535189675,1.31513671832409
2019-09-23,2991.780029296875,2999.14990234375,2982.22998046875,2983.5,3187250000,348,346,371,250,242,8,-67678,-9.693591923765066e-05,1.1322978640952157,PAGS,-0.00560118670898151,0.0,0.9513902372619275,TTEC,-0.0006856247709371432,0.0,0.9874125772249939,RNR,0.0017115106468780451,0.0,1.01014850656267,ENTG,0.0020622012892879127,0.0,1.0031795878203227,WTW,0.001049091478132347,0.0,0.9978385763517877,-0.0014640080656203483,1.3132113475610703
2019-09-24,2966.60009765625,3007.97998046875,2957.72998046875,3002.429931640625,3872800000,273,318,360,131,361,-230,-67908,-0.008416371322106486,1.1227680248237624,PAGS,-0.003379544115577393,0.0,0.9353139108721459,TTEC,-0.002387666727177762,0.0,0.975624516441809,RNR,0.00015609030446150918,0.0,1.0109368785023736,ENTG,-0.0037075085428951884,0.0,0.9845831033608131,WTW,-0.00010131251133660424,0.0,0.997333108691394,-0.00941994159252544,1.3008409733684034
2019-09-25,2984.8701171875,2989.820068359375,2952.860107421875,2968.35009765625,3331200000,302,333,366,339,153,186,-67722,0.006158571742003405,1.129682672254267,PAGS,0.007315997392421636,0.0,0.9695276815373274,TTEC,-0.0006962782769008857,0.0,0.9722279856557572,RNR,-0.0005512768249173128,0.0,1.0081503481395104,ENTG,0.0028437662075262884,0.0,0.9985827241500074,WTW,-0.0005068693321119477,0.0,0.9948055208579163,0.008405339166017779,1.3117749829506176
2019-09-26,2977.6201171875,2987.280029296875,2963.7099609375,2985.72998046875,3084910000,276,327,363,222,270,-48,-67770,-0.002428916406865711,1.1269387674770768,PAGS,0.0036989749785382832,0.0,0.9874589747123614,TTEC,-0.0018084891459217102,0.0,0.9634366668586584,RNR,0.0019297659082445852,0.0,1.017877819000633,ENTG,-0.00041852243087456834,0.0,0.9964930778043043,WTW,0.0012398747533357126,0.0,1.0009726921068698,0.004641604063322303,1.3178637230416457
2019-09-27,2961.7900390625,2987.31005859375,2945.530029296875,2985.469970703125,3246480000,225,301,358,173,319,-146,-67916,-0.005316352490240539,1.1209475637542514,PAGS,-0.009058644023613073,0.0,0.9427337780131553,TTEC,-0.0005427909430649303,0.0,0.9608219433737206,RNR,-0.0022109934827950098,0.0,1.006625212880173,ENTG,-0.005871225121511947,0.0,0.9672399018452174,WTW,-0.004732286851233614,0.0,0.9772882425603635,-0.022415940422218575,1.2883225683413408
2019-09-30,2976.739990234375,2983.85009765625,2967.070068359375,2967.070068359375,3249130000,262,327,366,342,150,192,-67724,0.005047606675254723,1.126605666159668,PAGS,0.00249234662836737,0.0,0.9544818747785508,TTEC,0.0004605317647996543,0.0,0.9630343884999213,RNR,0.0020998797426798,0.0,1.017194172345162,ENTG,0.003326908416949159,0.0,0.9833294946985071,WTW,0.00028025077201307983,0.0,0.9786576714826477,0.008659917324809063,1.2994793352708625
2019-10-01,2940.25,2992.530029296875,2938.699951171875,2983.68994140625,3560750000,142,242,344,57,435,-378,-68102,-0.012258373372913245,1.1127953132598432,PAGS,-0.0005614384118339145,0.0,0.9518024608390512,TTEC,-0.0032163875881826565,0.0,0.9475469292291002,RNR,-0.0015818014993550956,0.0,1.0091491760104079,ENTG,-0.0007650326801715624,0.0,0.9795680987044023,WTW,-0.005223602600081034,0.0,0.9530970776959177,-0.011348262779624262,1.2847325022975171
2019-10-02,2887.610107421875,2924.780029296875,2874.929931640625,2924.780029296875,3914180000,64,169,315,30,462,-432,-68534,-0.017903202985502964,1.0928727128852358,PAGS,-0.011000436980259898,0.0,0.8994512458984698,TTEC,0.00033961960900530386,0.0,0.949155956817195,RNR,-0.004116296996437163,0.0,0.9883793873995644,ENTG,-0.002730357836382691,0.0,0.966195241531562,WTW,-0.0039589347355244225,0.0,0.9342308320598317,-0.02146640693959887,1.2571539115946695
2019-10-03,2910.6298828125,2911.1298828125,2855.93994140625,2885.3798828125,3515130000,97,200,321,389,103,286,-68248,0.00797191259701524,1.1015849986320199,PAGS,0.006461960894282548,0.0,0.9285123397850179,TTEC,0.0023734156893581828,0.0,0.9604196650149835,RNR,0.0012981120150759918,0.0,0.9947945231907486,ENTG,0.00272487936780248,0.0,0.9793590689261534,WTW,0.0008468442063430892,0.0,0.9381865718974165,0.013705212172862294,1.2743834726870182
2019-10-04,2952.010009765625,2953.739990234375,2918.56005859375,2918.56005859375,3005600000,179,265,336,441,51,390,-67858,0.014216897585460186,1.1172461197392507,ENTG,0.0015780751543222897,0.0001906256501603344,1.0078903757716116,TTEC,0.002388497102471335,5.205021506711122e-05,1.0119424855123567,FE,0.000966911190339505,-1.4656811979997913e-05,1.0048345559516976,BEP,0.0006202488150687936,0.00024135138497948132,1.003101244075344,RNR,0.004940055116815584,-2.70401226914372e-05,1.024700275584078,0.010936117694552999,1.2883202803323166
2019-10-07,2938.7900390625,2959.75,2935.679931640625,2944.22998046875,2959050000,152,243,331,119,373,-254,-68112,-0.004478294673592398,1.1122427623921307,ENTG,-0.0034859473601211335,0.0,0.9903231117980488,TTEC,-0.002763978428026559,0.0,0.997957549510558,FE,-0.0008293604819513468,0.0,1.0006677055936701,BEP,0.0019235619560538542,0.0,1.012748881031212,RNR,-0.0011535863885536735,0.0,1.018789874132773,-0.006309310702598859,1.2801918673992407
2019-10-08,2893.06005859375,2925.469970703125,2892.659912109375,2920.39990234375,3370700000,87,161,293,39,453,-414,-68526,-0.015560819201407838,1.0949353538584723,ENTG,-0.00525750307998909,0.0,0.9642899777457357,TTEC,-0.006735024441037796,0.0,0.9643512070751991,FE,-0.0017072736305911553,0.0,0.992125637659949,BEP,0.0007621077189519099,0.0,1.016607999729181,RNR,-0.005407641310870415,0.0,0.9912436230804887,-0.018345334743536546,1.2567063190558485
2019-10-09,2919.39990234375,2929.320068359375,2907.409912109375,2911.10009765625,2735350000,139,200,304,429,63,366,-68160,0.0091044925499415,1.1049041846303442,ENTG,0.0018876539507518332,0.0,0.9733912066765463,TTEC,0.0008225279194710833,0.0,0.9683172360351741,FE,0.0008400043298781413,0.0,0.9962925868170364,BEP,0.00028468193646586927,0.0,1.018055049399129,RNR,0.0019697809710777395,0.0,1.0010062872127192,0.005804649107644667,1.2640010582693275
2019-10-10,2938.1298828125,2948.4599609375,2917.1201171875,2918.550048828125,3234400000,163,235,320,371,121,250,-67910,0.006415695380997066,1.1119929133041215,ENTG,0.0010436855195751881,0.0,0.978470778212997,TTEC,-0.0034059401495195154,0.0,0.9518270832767542,FE,0.00033456865306513706,0.0,0.9979592281611871,BEP,-0.0036010549902028457,0.0,0.9997246883194293,RNR,-0.00040069757530249996,0.0,0.9990007832519757,-0.006029438542384536,1.2563798415709835
2019-10-11,2970.27001953125,2993.280029296875,2963.070068359375,2963.070068359375,3581320000,257,305,338,395,97,298,-67612,0.010938977513132997,1.1241569787775185,ENTG,0.004931820710723578,0.0,1.0025989904571404,TTEC,-0.00043858692605109885,0.0,0.9497397887038216,FE,-4.1738863217899436e-05,0.0,0.9977509597425808,BEP,-0.0013993064523966092,0.0,0.9927300822845014,RNR,0.001616360246186721,0.0,1.0070745090117652,0.004668548715244691,1.262245312066209
2019-10-14,2966.14990234375,2972.840087890625,2962.93994140625,2965.81005859375,2559270000,243,280,336,193,299,-106,-67718,-0.0013871187334510982,1.1225976395729165,ENTG,-0.0010554679262255063,0.0,0.9973079350706725,TTEC,-0.0011428621815184226,0.0,0.9443126802698572,FE,-0.0020045569815789754,0.0,0.9877507164814352,BEP,0.0003887916158706428,0.0,0.9946599079485754,RNR,0.0007965495709464588,0.0,1.0110854328520873,-0.0030175459025058022,1.2584364288968264
2019-10-15,2995.679931640625,3003.280029296875,2973.610107421875,2973.610107421875,3345090000,318,310,348,382,110,272,-67446,0.009955676641137279,1.1337738586706083,ENTG,0.003650219221072737,0.0,1.0155098980402892,TTEC,0.003448310021094381,0.0,0.9605940946619623,FE,0.0008014545931752438,0.0,0.9917089032246161,BEP,4.847253157165277e-05,0.0,0.9949009763675308,RNR,-0.00045933875709434083,0.0,1.008763279221875,0.007489117609819674,1.2678610073173162
2019-10-16,2989.68994140625,2997.5400390625,2985.199951171875,2989.679931640625,3230320000,301,301,349,218,274,-56,-67502,-0.0019995427986508885,1.131506829316205,ENTG,-0.003334725753472445,0.0,0.9985776629907835,TTEC,-0.00017385960628115706,0.0,0.9597590521064927,FE,0.0008403772402562738,0.0,0.9958759511807636,BEP,0.002472720731601541,0.0,1.007201537718304,RNR,-0.0009311111137042084,0.0,1.0040669257199741,-0.0011265985015999958,1.2664326370062355
2019-10-17,2997.949951171875,3008.2900390625,2991.7900390625,3000.77001953125,3103470000,330,315,349,335,157,178,-67324,0.0027628315736780706,1.1346329921100722,ENTG,0.005171685920744329,0.0,1.0243993131930795,TTEC,0.0040887078583369705,0.0,0.979379923998782,FE,0.001297067842138322,0.0,1.002334544535941,BEP,0.001867841074227572,0.0,1.016607999729181,RNR,-0.0003153670949188836,0.0,1.002483677372632,0.01210993560052831,1.2817690546827882
2019-10-18,2986.199951171875,3000.0,2976.31005859375,2996.840087890625,3268970000,316,302,349,241,251,-10,-67334,-0.003919344949506964,1.1301859740229017,BEP,0.0015486913429789047,-4.8254287804303246e-05,1.0077434567148946,ENTG,0.0011214646021902796,-0.00022735721172585893,1.0056073230109515,RNR,-0.0008939564492656531,-0.00014797559134031778,0.9955302177536718,UPBD,-0.0026692402300057035,8.324405539186985e-05,0.9866537988499715,INVH,0.002488682021303364,-4.000052683682648e-05,1.0124434101065167,0.001215297724885755,1.2833267856987733
2019-10-21,3006.719970703125,3007.330078125,2995.35009765625,2996.47998046875,3271960000,351,324,352,356,136,220,-67114,0.006871616056117524,1.1379521781083963,BEP,-0.0004220789173041029,0.0,1.005616720379242,ENTG,0.001231804963174099,0.0,1.011800883468397,RNR,0.0004015019796511421,0.0,0.9975287545198249,UPBD,0.0028061739515929055,0.0,1.0004974097978363,INVH,0.0013601296212018,0.0,1.0193286814658988,0.0053775315983158435,1.2902279160398336
2019-10-22,2995.989990234375,3014.570068359375,2995.0400390625,3010.72998046875,3527540000,313,306,353,227,265,-38,-67152,-0.003568666378412577,1.1338912064301396,BEP,-0.0010807474261654848,0.0,1.0001826319679479,ENTG,-0.003958396978674484,0.0,0.9917753356676895,RNR,-0.003595341815090092,0.0,0.9795964703054256,UPBD,0.0007479950300554261,0.0,1.0042392452483968,INVH,-0.002251565855031634,0.0,1.0078532531946836,-0.010138057044906269,1.2771475118260913
2019-10-23,3004.52001953125,3004.780029296875,2991.2099609375,2994.010009765625,3413600000,333,314,358,310,182,128,-67024,0.0028471487971184484,1.1371195634145903,BEP,0.00014167306097911947,0.0,1.0008911266429932,ENTG,-0.0017485589294779615,0.0,0.9831044475716008,RNR,0.00028987562548001835,0.0,0.9810162760031647,UPBD,0.005439589359600739,0.0,1.0315524908131302,INVH,0.0006506720559128709,0.0,1.0111321629362569,0.004773251172494787,1.283243657684364
2019-10-24,3010.2900390625,3016.070068359375,3000.419921875,3014.780029296875,3696510000,345,319,359,258,234,24,-67000,0.0019204463587332299,1.1393033405395943,BEP,-0.0036355154774452727,0.0,0.982697350732252,ENTG,-0.00020999189902646265,0.0,0.9820722277221662,RNR,-0.0011685860962340256,0.0,0.9752842661015818,UPBD,-0.012622361822255557,0.0,0.9664493469246688,INVH,0.0003242169532675643,0.0,1.012771293882347,-0.017312238341693754,1.2610278376320654
2019-10-25,3022.550048828125,3027.389892578125,3001.93994140625,3003.320068359375,3379060000,343,315,362,297,195,102,-66898,0.004072700506109195,1.1439433818312217,BEP,0.0028372145924027595,0.0,0.9966379670493173,ENTG,0.0017237762017202397,0.0,0.9905365913947555,RNR,-0.0018763795392274575,0.0,0.9661342488923644,UPBD,0.0016259738182250684,0.0,0.9743064535983699,INVH,0.0,0.0,1.012771293882347,0.00431058507312061,1.2664636054057519
2019-10-28,3039.419921875,3044.080078125,3032.1201171875,3032.1201171875,3524970000,338,311,364,301,191,110,-66788,0.005581337868471481,1.1503281163476236,BEP,0.0006164142008562746,0.0,0.9997096760293259,ENTG,0.006877932783225838,0.0,1.0246008118694494,RNR,-0.001023350744756124,0.0,0.9611907778766724,UPBD,-0.00023041406474526573,0.0,0.9731839840469642,INVH,-0.0007122053332526024,0.0,1.0091647882980062,0.005528376841328121,1.273465093472262
2019-10-29,3036.889892578125,3047.8701171875,3034.81005859375,3035.389892578125,3594430000,349,331,365,276,216,60,-66728,-0.0008324053147991117,1.1493705771098128,BEP,-0.0037342844192592042,0.0,0.981043674694431,ENTG,-0.0014531421680794355,0.0,1.01715635864357,RNR,0.004365894978134621,0.0,0.9821730678274778,UPBD,0.003075730988332248,0.0,0.9881502447323736,INVH,0.0001299909639731478,0.0,1.0098206998161992,0.0023841903431013776,1.2765012766503954
2019-10-30,3046.77001953125,3050.10009765625,3025.9599609375,3039.739990234375,3779660000,368,336,365,284,208,76,-66652,0.00325337015914573,1.153109905047182,BEP,-9.641893644933841e-05,0.0,0.980570718755809,ENTG,-0.0006911461161036803,0.0,1.0136413403098365,RNR,-0.0014456270668450567,0.0,0.9750737879715896,UPBD,-0.0012873873836911631,0.0,0.9817895839410746,INVH,-0.002207826497795784,0.0,0.9986731553208147,-0.005728406000885023,1.269188959077094
2019-10-31,3037.56005859375,3046.89990234375,3023.18994140625,3046.89990234375,4149310000,338,317,360,153,339,-186,-66838,-0.0030228605633046968,1.1496242145900588,BEP,0.005012116182961224,0.0,1.0051443905958786,ENTG,-0.004161621985354791,0.0,0.992549379874347,RNR,0.0018984219975107576,0.0,0.9843292956129966,UPBD,-0.002820168728545536,0.0,0.9679455225278629,INVH,0.0021667639131204286,0.0,1.0094926000905708,0.0020955113796920833,1.2718485589838195
2019-11-01,3066.909912109375,3066.949951171875,3050.719970703125,3050.719970703125,3956290000,370,339,377,353,139,214,-66624,0.009662312168146059,1.1607322426274878,BEP,0.00036300700326874865,1.6362170136671733e-05,1.0018150350163437,CROX,0.0026127025764565402,0.0003346329024195297,1.0130635128822827,ARWR,0.005701464579937935,0.00020122795665441378,1.0285073228996897,APO,0.008577325071346726,0.00028438704463685903,1.0428866253567337,VLRS,-0.0011163009249535083,0.00012872669648740214,0.9944184953752324,0.01710353507639132,1.293601665424257
2019-11-04,3078.27001953125,3085.199951171875,3074.8701171875,3078.9599609375,4178040000,348,333,383,284,208,76,-66548,0.003704089049704651,1.1650316982170434,BEP,0.0008894851368391965,0.0,1.006270532933889,CROX,-0.0013326023065891813,0.0,1.0063134590123413,ARWR,-0.009739635872979414,0.0,0.9784208888110105,APO,0.002173413922952916,0.0,1.0542197469147923,VLRS,0.0022119793795403633,0.0,1.0054166614072502,-0.005797359740236119,1.286102191209224
2019-11-05,3074.6201171875,3083.949951171875,3072.14990234375,3080.800048828125,4490590000,326,322,378,232,260,-28,-66576,-0.001185699214361291,1.1636503210477616,BEP,-0.00018646772932819913,0.0,1.0053323480270586,CROX,-0.0020123008531787168,0.0,0.9961884318516625,ARWR,0.001368476756351056,0.0,0.9851156200323415,APO,-4.57731427414343e-05,0.0,1.0539784721600105,VLRS,0.004740187217478331,0.0,1.029245977440462,0.003864122248581037,1.2910718473002245
2019-11-06,3076.780029296875,3078.340087890625,3065.889892578125,3075.10009765625,4465510000,322,330,381,274,218,56,-66520,0.0007024972279667807,1.1644677821726204,BEP,0.0014929278892791943,0.0,1.0128367915288792,CROX,-0.0019762760712277896,0.0,0.9863447150501506,ARWR,-0.002567321054162264,0.0,0.9724700796718758,APO,-0.0038435124834014013,0.0,1.0337235750850937,VLRS,0.0030276061126194966,0.0,1.0448267345039008,-0.003866575606892764,1.2860798203887076
2019-11-07,3085.179931640625,3097.77001953125,3080.22998046875,3087.02001953125,4151990000,329,319,382,266,226,40,-66480,0.0027300951851503275,1.1676468900579926,BEP,-0.0008798261536494989,0.0,1.0083811900360513,CROX,0.002566300352753448,0.0,0.9990009990009991,ARWR,0.0019377727771073161,0.0,0.9818922099065736,APO,-0.0013995661280342686,0.0,1.0264897525778958,VLRS,-0.001754375984940615,0.0,1.0356616398467131,0.00047030486323638163,1.2866846699827466
2019-11-08,3093.080078125,3093.090087890625,3073.580078125,3081.25,3508160000,326,323,379,295,197,98,-66382,0.0025606760900243053,1.1706368555309554,BEP,-0.0013023160456757889,0.0,1.0018150350163433,CROX,0.00022523037731887464,0.0,1.0001260258607338,ARWR,0.012626263112781545,0.0,1.0438803568599282,APO,-0.0014094500792106723,0.0,1.0192558222624966,VLRS,-0.003893809970183715,0.0,1.0154982917518534,0.006245917395030243,1.2947211961449105
2019-11-11,3087.010009765625,3088.330078125,3075.820068359375,3080.330078125,3041120000,324,323,380,210,282,-72,-66454,-0.0019624672514313435,1.1683395190386574,BEP,0.0031366359546818323,0.0,1.0175266803102088,CROX,-0.0003374655285366846,0.0,0.9984384855711319,ARWR,0.0039904996818669325,0.0,1.0647083780197115,APO,0.0007570065146772277,0.0,1.0231137387503735,VLRS,-0.0028880839081918633,0.0,1.0008340703758292,0.004658592714497445,1.3007527748765768
2019-11-12,3091.840087890625,3102.610107421875,3084.72998046875,3089.280029296875,3495560000,329,322,378,258,234,24,-66430,0.0015646460846321375,1.1701675568926422,BEP,-0.0005530724152918998,0.0,1.0147128506166931,CROX,-0.0006760503204775504,0.0,0.9950635122803945,ARWR,0.01087565427967916,0.0,1.1226053791598132,APO,0.0022154387996201398,0.0,1.0344469681166335,VLRS,-0.0027472457414337015,0.0,0.9870863846872204,0.009114724602096148,1.3126087781949891
2019-11-13,3094.0400390625,3098.06005859375,3078.800048828125,3084.179931640625,3513720000,335,331,378,271,221,50,-66380,0.0007115345908383919,1.1710001715864482,BEP,0.005130581084986075,0.0,1.0407431834070247,CROX,0.0007348629140383257,0.0,0.9987196886418324,ARWR,0.014290432630047256,0.0,1.202817961864873,APO,0.0012587682680175406,0.0,1.0409576132086944,VLRS,0.0024140975903652606,0.0,0.9990009990009993,0.02382874248745446,1.3438865947573697
2019-11-14,3096.6298828125,3098.199951171875,3083.260009765625,3090.75,3282090000,345,345,378,303,189,114,-66266,0.0008370427393644686,1.1719803487778693,BEP,0.0002252945085284619,0.0,1.0419155520270749,CROX,0.003210383196080491,0.0,1.0147510531718849,ARWR,-4.1221693997739454e-05,0.0,1.2025700508950783,APO,0.0024553929287368438,0.0,1.0537374130216315,VLRS,0.002752304173471476,0.0,1.0127487720952624,0.008602153112819533,1.3554469130117384
2019-11-15,3120.4599609375,3120.4599609375,3104.60009765625,3107.919921875,3359800000,359,361,389,387,105,282,-65984,0.007695488006902673,1.180999309496215,ARWR,0.0016706639178225493,0.00020283863409355265,1.0083533195891128,CSWI,-0.0020690578105064922,0.00013720603043553326,0.9896547109474675,VLRS,-0.0011038769352241446,-0.0012758762886597914,0.9944806153238793,GLPG,0.0009044851137430988,0.00018860419301639907,1.0045224255687155,QRVO,-0.0014437698630462674,-4.0000000000002056e-05,0.9927811506847687,-0.0028287830083255647,1.3516126478155235
2019-11-18,3122.030029296875,3124.169921875,3112.06005859375,3117.909912109375,3440140000,359,356,389,252,240,12,-65972,0.0005031528617669423,1.1815935326785327,ARWR,0.0030775698287028863,0.0,1.023869708354312,CSWI,-0.0038308640223103877,0.0,0.9706985478140743,VLRS,-0.0016363664106889165,0.0,0.9863439419488931,GLPG,0.005148294669430254,0.0,1.0303803128131084,QRVO,-0.0009638554216867545,0.0,0.9879966632115891,0.0017947786434470816,1.3540384933300358
2019-11-19,3120.179931640625,3127.639892578125,3113.469970703125,3127.449951171875,3613670000,354,356,391,284,208,76,-65896,-0.0005925944462060739,1.1808933269133943,ARWR,0.009674078968750388,0.0,1.0733946904159672,CSWI,0.00035265238802080213,0.0,0.9724101436187491,VLRS,-0.0016498653317440271,0.0,0.9782072685739069,GLPG,-0.0043824169329817145,0.0,1.0078025321616926,QRVO,-0.0007941959556598155,0.0,0.9840733484409488,0.003200253136385633,1.3583717592651023
2019-11-20,3108.4599609375,3118.969970703125,3091.409912109375,3114.659912109375,4041010000,327,354,385,191,301,-110,-66006,-0.003756184245747196,1.1764576740029342,ARWR,-0.00851485752823329,0.0,1.027695676113697,CSWI,-0.0026533043424904258,0.0,0.9595096433350223,VLRS,0.0035120247581615694,0.0,0.9953847093031327,GLPG,0.0007811241625875987,0.0,1.0117386267066348,QRVO,-0.0018475242747401088,0.0,0.9749828514441017,-0.008722537224714656,1.3465233110299115
2019-11-21,3103.5400390625,3110.110107421875,3094.550048828125,3108.489990234375,3744010000,295,337,389,176,316,-140,-66146,-0.0015827522106851566,1.1745956330186285,ARWR,0.002936930389149639,0.0,1.042787029423577,CSWI,0.0008231213763568946,0.0,0.9634586078262705,VLRS,-0.0067211603608959836,0.0,0.9619340080430818,GLPG,0.002366658124977095,0.0,1.023710823912877,QRVO,-0.0019432679746784088,0.0,0.9655095866887419,-0.002537718445090764,1.3431062139867662
2019-11-22,3110.2900390625,3112.8701171875,3099.260009765625,3111.409912109375,3235270000,299,344,387,307,185,122,-66024,0.0021749356911917594,1.1771503029835986,ARWR,0.000570727214551825,0.0,1.0457627641069456,CSWI,-0.0009837613173891758,0.0,0.9587195412798449,VLRS,-0.00018797422103677963,0.0,0.9610299140638284,GLPG,0.0,0.0,1.023710823912877,QRVO,0.0016253710256167065,0.0,0.9733561432245371,0.001024362701742576,1.3444820418968528
2019-11-25,3133.639892578125,3133.830078125,3117.43994140625,3117.43994140625,3514310000,359,355,392,377,115,262,-65762,0.007507291353015866,1.1859875132743873,ARWR,0.03166666989727065,0.0,1.2113418853161053,CSWI,0.00178499257032394,0.0,0.9672760775708894,VLRS,0.0020696078173660926,0.0,0.9709746891781742,GLPG,0.003449760847034833,0.0,1.041368611507979,QRVO,0.005092403277249469,0.0,0.9981397532929748,0.044063434409244984,1.4037245381643826
2019-11-26,3140.52001953125,3142.68994140625,3131.0,3134.85009765625,4600450000,382,367,394,315,177,138,-65624,0.0021955703874654287,1.1885914323384363,ARWR,0.03758552361588041,0.0,1.4389864805033732,CSWI,0.0018235585344241745,0.0,0.9760955003028831,VLRS,-0.004655493581523085,0.0,0.9483728570117224,GLPG,0.00032547383028433966,0.0,1.0430633026616059,QRVO,-0.0003834664997089288,0.0,0.9962259875058969,0.03469559589935692,1.4524275974945453
2019-11-27,3153.6298828125,3154.260009765625,3143.409912109375,3145.489990234375,3035470000,395,375,399,352,140,212,-65412,0.004174424362754614,1.1935531173709513,ARWR,0.0038995561427672687,0.0,1.4670435233504031,CSWI,0.0010519597818587467,0.0,0.9812295663507427,VLRS,0.0013346167783771625,0.0,0.954701428647349,GLPG,0.0013731630373594594,0.0,1.0502247825258109,QRVO,0.0017673579167260646,0.0,1.005029426935231,0.009426653657088703,1.4661191294181237
2019-11-29,3140.97998046875,3150.300048828125,3139.340087890625,3147.179931640625,1743420000,365,367,388,89,403,-314,-65726,-0.004011219709926239,1.188765513581709,ARWR,0.010648563382409569,9.316335250778138e-05,1.0532428169120478,CRSP,0.00993817433657218,-0.00020617512131279877,1.0496908716828608,QRVO,-0.00014226744802708986,0.00014920165090409585,0.9992886627598645,GLPG,-0.0009013911700576637,0.0008731454638124635,0.9954930441497117,APO,-0.0013788396266762896,-0.00036339273941393425,0.9931058018666186,0.018710182080718316,1.493550485281561
2019-12-02,3113.8701171875,3144.31005859375,3110.780029296875,3143.85009765625,3285750000,274,342,375,87,405,-318,-66044,-0.008631020716408422,1.1785052538070333,ARWR,-0.026516915551142484,0.0,0.9135990627575268,CRSP,-0.008457777291749213,0.0,1.005300613593482,QRVO,-0.002379805920091016,0.0,0.9873980973822857,GLPG,-0.0004289854187037978,0.0,0.9933577841479053,APO,-0.003287689258228532,0.0,0.976780685481212,-0.041071173439915044,1.4322086142592927
2019-12-03,3093.199951171875,3094.969970703125,3070.330078125,3087.409912109375,3671580000,216,327,364,148,344,-196,-66240,-0.00663809511563529,1.1706822238379864,ARWR,0.01683247016247851,0.0,0.9904897075791987,CRSP,0.013144839190670466,0.0,1.0713731881133255,QRVO,-0.0016121235723318694,0.0,0.9794390586419576,GLPG,0.006387231191623277,0.0,1.0250818132646617,APO,-0.0012070747668393444,0.0,0.9708854488903099,0.03354534220560104,1.4802525423344304
2019-12-04,3112.760009765625,3119.3798828125,3102.530029296875,3103.5,3702980000,274,343,373,380,112,268,-65972,0.00632356747139462,1.1780851118679883,ARWR,-0.006408402156409476,0.0,0.9587524256894391,CRSP,-0.0028168981757994874,0.0,1.056283442217341,QRVO,0.0037008016466465233,0.0,0.9975626070470179,GLPG,0.004047018531221092,0.0,1.0458244387361608,APO,0.004297079501183277,0.0,0.9917453086924283,0.0028195993468419275,1.4844262614359576
2019-12-05,3117.429931640625,3119.449951171875,3103.760009765625,3119.2099609375,3360480000,292,344,381,297,195,102,-65870,0.0015002511791302187,1.179852535446184,ARWR,-0.0027986768522031413,0.0,0.9453362345855858,CRSP,-0.0038557542831220816,0.0,1.0359195951847389,QRVO,0.0034028728121318964,0.0,1.0145355004166166,GLPG,0.003752856433202734,0.0,1.065448583600719,APO,0.0036579701047748437,0.0,1.0098841821461664,0.004159268214784251,1.490600388402339
2019-12-06,3145.909912109375,3150.60009765625,3134.6201171875,3134.6201171875,3483310000,335,365,391,392,100,292,-65578,0.009135724328457329,1.1906313429582518,ARWR,0.005310538367717044,0.0,0.9704374563063853,CRSP,0.004695244473490324,0.0,1.0602390739560963,QRVO,0.0015500938963548096,0.0,1.0223986268507719,GLPG,0.003750529692639937,0.0,1.0854285663445973,APO,0.0004939584411243648,0.0,1.0123783862278117,0.01580036487132648,1.514152418416437
2019-12-09,3135.9599609375,3148.8701171875,3135.4599609375,3141.860107421875,3400470000,304,361,387,195,297,-102,-65680,-0.00316282139344648,1.1868655886750354,ARWR,0.001486546826077584,0.0,0.9776504599092807,CRSP,-0.013596809759889661,0.0,0.9881597290131832,QRVO,0.003413992961808532,0.0,1.039850935431928,GLPG,0.0021733089688231733,0.0,1.0972234245358652,APO,-0.0036730215184629157,0.0,0.9937859482406042,-0.010195982521643287,1.498714146823159
2019-12-10,3132.52001953125,3142.1201171875,3126.090087890625,3135.360107421875,3346310000,284,347,378,209,283,-74,-65754,-0.0010969340964486207,1.1855636753429162,ARWR,0.009119091398394818,0.0,1.022226879407258,CRSP,0.0005337296169602546,0.0,0.9907967795814919,QRVO,0.002618956357387781,0.0,1.0534675565223535,GLPG,-0.00038922566349779424,0.0,1.0950880869587638,APO,0.0020990395418810427,0.0,1.0042159282482181,0.0139815912511261,1.5196685554263207
2019-12-11,3141.6298828125,3143.97998046875,3133.2099609375,3135.75,3257650000,297,349,380,308,184,124,-65630,0.002908158040315856,1.1890114818776711,ARWR,-0.00745131066019995,0.0,0.9841422291889068,CRSP,-0.005855377222979241,0.0,0.9617893351026787,QRVO,0.007245577472105059,0.0,1.091632460498013,GLPG,-0.00037139638608962855,0.0,1.0930545281690323,APO,0.0030254857793845513,0.0,1.0194071332999504,-0.003407021017779209,1.514491012717925
2019-12-12,3168.570068359375,3176.280029296875,3138.469970703125,3141.22998046875,4003200000,327,368,391,353,139,214,-65416,0.008575225775086182,1.199207523783942,ARWR,-0.002638526853634171,0.0,0.9711588006913552,CRSP,0.0011576458327062777,0.0,0.9673563921812935,QRVO,0.0026528499381686557,0.0,1.1061121460246883,GLPG,0.0005023193359375178,0.0,1.0957998402926992,APO,-0.0021797034385124593,0.0,1.0082971071314601,-0.0005054151853341792,1.5137255659620452
2019-12-13,3168.800048828125,3182.679931640625,3156.510009765625,3166.64990234375,3757650000,319,366,391,226,266,-40,-65456,7.258178414493166e-05,1.1992945644055781,ARWR,-0.0009187150922548518,-0.0004080230223667525,0.9954064245387257,CRSP,-0.0025560734593342575,2.65701116297258e-05,0.9872196327033287,DAY,0.003180574363581049,-5.731961078513136e-05,1.0159028718179053,GLPG,-0.001424222605074527,-0.0009743886888152018,0.9928788869746273,QRVO,-0.003474928089471585,-4.898946727732626e-05,0.9826253595526421,-0.006655515560168858,1.5036509419039594
2019-12-16,3191.449951171875,3197.7099609375,3183.6298828125,3183.6298828125,4070200000,366,379,401,379,113,266,-65190,0.007147785279833618,1.2078668644392208,ARWR,-0.0032500807882406726,0.0,0.9792306680543025,CRSP,0.0029681799621938953,0.0,1.0018708603637008,DAY,0.002207654647044066,0.0,1.0271166852974762,GLPG,0.0021127014809580124,0.0,1.0033671704492435,QRVO,0.00280397899047391,0.0,0.9964016638711045,0.006842434292429211,1.5139395746726865
2019-12-17,3192.52001953125,3198.219970703125,3191.030029296875,3195.39990234375,3842940000,368,383,397,256,236,20,-65170,0.00033529222633799094,1.2082718528093184,ARWR,0.0014377523415345817,0.0,0.9862701239837902,CRSP,-0.0011458009115705714,0.0,0.9961311376382972,DAY,-9.494491655681614e-05,0.0,1.0266290877575779,GLPG,0.0009081512838724493,0.0,1.0079232163694383,QRVO,-0.001130437436311138,0.0,0.9907698151588915,-2.5279639031494617e-05,1.5139013028267232
2019-12-18,3191.139892578125,3198.47998046875,3191.139892578125,3195.2099609375,4029950000,346,380,400,241,251,-10,-65180,-0.00043230017186479675,1.2077495166796894,ARWR,0.0020045669776856735,0.0,0.9961553465918696,CRSP,-0.0016982489295131798,0.0,0.9876727444475523,DAY,0.0038942643425254,0.0,1.0466189130048464,GLPG,-0.006074029624954802,0.0,0.9773124389898998,QRVO,0.0016440794996932075,0.0,0.9989143368689793,-0.00022936773456370095,1.5135540627145407
2019-12-19,3205.3701171875,3205.47998046875,3192.320068359375,3192.320068359375,3784360000,373,392,407,330,162,168,-65012,0.004459292004863613,1.2131352244432971,ARWR,0.0035182623105284084,0.0,1.0136790256485972,CRSP,-0.0007646429188973958,0.0,0.9838966595964034,DAY,0.001956513163015394,0.0,1.0568575314046207,GLPG,-0.0002719358901135616,0.0,0.9759836073498209,QRVO,0.00345216037464966,0.0,1.016156399326022,0.007890357039182505,1.5254965446674635
2019-12-20,3221.219970703125,3225.64990234375,3216.030029296875,3223.330078125,6457480000,394,402,413,377,115,262,-64750,0.004944781081796634,1.2191339125507854,ARWR,-0.01238179257628802,0.0,0.9509232084760239,CRSP,0.00896529995795281,0.0,1.0280013030009512,DAY,0.0021221050418531286,0.0,1.0680713448841916,GLPG,0.00015560774797775958,0.0,0.9767429604058355,QRVO,-0.001040246617838858,0.0,1.010871133038051,-0.0021790264463431796,1.522172447352828
2019-12-23,3224.010009765625,3227.780029296875,3222.300048828125,3226.050048828125,3064530000,382,401,413,209,283,-74,-64824,0.0008661436002121992,1.220189857586943,ARWR,0.0008505170449789823,0.0,0.9549670904623987,CRSP,-0.0005289459642451978,0.0,1.0252825172986453,DAY,0.002282410182803618,0.0,1.0802602294518138,GLPG,0.003935671833050547,0.0,0.9959636591928338,QRVO,0.00046285125001874764,0.0,1.0132105478757238,0.007002504346606697,1.532831466531701
2019-12-24,3223.3798828125,3226.429931640625,3220.510009765625,3225.449951171875,1296530000,399,400,416,259,233,26,-64798,-0.00019544819997963092,1.2199513736756442,ARWR,0.0025094079614816247,0.0,0.9669491005611951,CRSP,-0.0019151264666606772,0.0,1.0154647888752297,DAY,0.000782314221319691,0.0,1.084485744152945,GLPG,0.00030495765224340947,0.0,0.9974822928889698,QRVO,0.0017444785732367409,0.0,1.0220481683304572,0.0034260319416207887,1.5380829960971603
2019-12-26,3239.909912109375,3240.080078125,3227.199951171875,3227.199951171875,2164540000,409,405,416,332,160,172,-64626,0.005128166675301138,1.2262074876556155,ARWR,0.007527882270969233,0.0,1.0033444955164164,CRSP,-0.0014279438731698013,0.0,1.0082146552567595,DAY,0.003296863236278558,0.0,1.1023627500537752,GLPG,-0.0009515653581191109,0.0,0.9927364449127181,QRVO,-0.0006103774383615646,0.0,1.018928992616119,0.007834858837597315,1.5501336592520905
2019-12-27,3240.02001953125,3247.929931640625,3234.3701171875,3247.22998046875,2429150000,402,407,417,235,257,-22,-64648,3.398471712534601e-05,1.2262491599702205,ARWR,-0.006805260771267631,5.544329813076114e-05,0.9659736961436618,DAY,-0.0008455514565922925,-0.00012979866627896565,0.9957722427170386,ERO,-0.000987650035299815,0.00010138750372021345,0.9950617498235009,CRSP,-0.0019697910240152757,0.00014912238690128132,0.9901510448799237,QRVO,-0.0023314571161437555,0.00012989796138812654,0.9883427144192812,-0.012633657919457354,1.530549800871663
2019-12-30,3221.2900390625,3240.919921875,3216.570068359375,3240.090087890625,3021720000,372,399,412,117,375,-258,-64906,-0.005780822450430323,1.2191604312964435,ARWR,-0.002248585718473817,0.0,0.9551133228558117,DAY,0.0004716393978119182,0.0,0.998120469821603,ERO,0.0031669964336248583,0.0,1.0108185348881387,CRSP,-0.01263445492710813,0.0,0.9276009511421016,QRVO,-0.0010783931413282045,0.0,0.9830136043967239,-0.012322797955473376,1.5116891449147314
2019-12-31,3230.780029296875,3231.719970703125,3212.030029296875,3215.179931640625,2894760000,405,401,415,371,121,250,-64656,0.0029460216619106028,1.2227521043363871,ARWR,-0.0023987435503686205,0.0,0.9436579632404541,DAY,-0.0003823110681634434,0.0,0.9962125073067365,ERO,0.0,0.0,1.0108185348881387,CRSP,-0.0030239371635961687,0.0,0.9135759161963728,QRVO,3.442779901647875e-05,0.0,0.983182819370737,-0.005770563983111754,1.5029658459814255
2020-01-02,3257.85009765625,3258.139892578125,3235.530029296875,3244.669921875,3459930000,381,398,419,302,190,112,-64544,0.008378802677341701,1.232997302941926,ARWR,-0.0009774597881113901,0.0,0.9390460246764609,DAY,0.006305243006004036,0.0,1.0276193170276842,ERO,0.0,0.0,1.0108185348881387,CRSP,-0.00520482428779372,0.0,0.8898009056095614,QRVO,-0.00046460339785376893,0.0,0.9808988689777816,-0.00034164446775484283,1.5024523660149214
2020-01-03,3234.85009765625,3246.14990234375,3222.340087890625,3226.360107421875,3484700000,343,388,414,145,347,-202,-64746,-0.007059870562045378,1.224292501579805,ARWR,-0.004942958127351061,0.0,0.9158376987783048,DAY,-0.0014567110290955477,0.0,1.0201345950635547,ERO,0.0,0.0,1.0108185348881387,CRSP,0.00040458170095112326,0.0,0.8916008914290582,QRVO,-0.006243537038914582,0.0,0.9502774768783205,-0.012238624494410068,1.4840644156865268
2020-01-06,3246.280029296875,3246.840087890625,3214.639892578125,3217.550048828125,3702460000,332,379,416,265,227,38,-64708,0.0035333728907271933,1.2286183835152076,ARWR,-0.006903833504207735,0.0,0.8842237438320939,DAY,-0.0002877239851758695,0.0,1.0186670091080174,ERO,-0.01643339098616279,0.0,0.9277626538887536,CRSP,0.0017160233782417935,0.0,0.8992509312978256,QRVO,-0.0012462114492807653,0.0,0.9443562435199235,-0.023155136546585367,1.4497007014973768
2020-01-07,3237.179931640625,3244.909912109375,3232.429931640625,3241.860107421875,3435910000,291,360,407,195,297,-102,-64810,-0.0028032386528962228,1.225174272972879,ARWR,0.00048792951766913896,0.0,0.8863809381562918,DAY,0.0020169915323727584,0.0,1.0289402227664093,ERO,-0.0014591524902522357,0.0,0.9209939179548295,CRSP,0.001334437718402537,0.0,0.9052509031029877,QRVO,-0.000734496658825412,0.0,0.9408881109918921,0.0016457096193667866,1.4520864878870337
2020-01-08,3253.050048828125,3267.070068359375,3236.669921875,3238.590087890625,3726840000,307,369,410,345,147,198,-64612,0.004902451368978156,1.2311806302646517,ARWR,0.000738494123010236,0.0,0.8896538737241754,DAY,0.0007702086456023772,0.0,1.0329027160433228,ERO,0.0005180634528915373,0.0,0.9233795844009685,CRSP,0.007224524806278465,0.0,0.9379509411298553,QRVO,0.003038739118956224,0.0,0.9551836785390515,0.01229003014673884,1.4699326745988373
2020-01-09,3274.699951171875,3275.580078125,3263.669921875,3266.030029296875,3641230000,334,385,422,372,120,252,-64360,0.006655262605488987,1.2393744606738544,ARWR,-0.0028762562586073905,0.0,0.876859511112708,DAY,0.00312590550282299,0.0,1.049046497463126,ERO,0.0,0.0,0.9233795844009685,CRSP,-0.0020150240387548425,0.0,0.9285009726621084,QRVO,-0.0017003172157979752,0.0,0.9470631022747056,-0.0034656920103372183,1.4648383406727465
2020-01-10,3265.35009765625,3282.989990234375,3260.860107421875,3281.81005859375,3214580000,314,378,417,192,300,-108,-64468,-0.002855178689662563,1.2358358251252264,DAY,-0.0011178513284457374,2.7799313781637446e-05,0.9944107433577714,ARWR,-0.0036854831415941446,0.00015007069143892953,0.9815725842920293,CSWI,-0.0011424819144809088,-0.00032571888295815376,0.9942875904275954,CRSP,-0.006655380001899795,-3.999999999999924e-05,0.966723099990501,ERO,-0.00019980019980017747,0.0005096466335091917,0.9990009990009991,-0.01247919883044916,1.4465583317650261
2020-01-13,3288.1298828125,3288.1298828125,3268.429931640625,3271.1298828125,3459390000,349,389,424,384,108,276,-64192,0.006976215252569862,1.2444572818581372,DAY,0.0031053312170095993,0.0,1.0098506169771644,ARWR,-0.0046543648101433415,0.0,0.9587295998173779,CSWI,0.0008199371877642748,0.0,0.998363857281216,CRSP,-0.0030383967420066107,0.0,0.9520366584033326,ERO,0.0,0.0,0.9990009990009991,-0.003767493147376078,1.4411084331628217
2020-01-14,3283.14990234375,3294.25,3277.18994140625,3285.35009765625,3687620000,352,384,428,252,240,12,-64180,-0.001514532772802224,1.2425725105204106,DAY,-0.000413227352704082,0.0,1.0077641274917641,ARWR,0.0029650552589129743,0.0,0.9729430310264482,CSWI,-0.00033175818452395593,0.0,0.9967077803772862,CRSP,0.002339374833280772,0.0,0.96317251139848,ERO,0.0,0.0,0.9990009990009991,0.004559444554965708,1.447679087161521
2020-01-15,3289.2900390625,3298.659912109375,3280.68994140625,3282.27001953125,3721490000,359,382,432,307,185,122,-64058,0.0018701968845122874,1.2448963657583665,DAY,0.002484476366567323,0.0,1.0202829582809023,ARWR,-0.0019826076341711964,0.0,0.9632982096218147,CSWI,7.666369830805486e-05,0.0,0.997089836900167,CRSP,-0.00040214119058694657,0.0,0.9612358546961081,ERO,-0.0021423389491460167,0.0,0.9883000052490211,-0.001965947709028782,1.444833025776707
2020-01-16,3316.81005859375,3317.110107421875,3302.820068359375,3302.969970703125,3540580000,401,413,439,430,62,368,-63690,0.00836655302646827,1.2553118572149415,DAY,-0.0014451228093313785,0.0,1.0129107874059833,ARWR,0.0006323565930471897,0.0,0.9663439494914392,CSWI,0.0029130244442686416,0.0,1.0116125722402771,CRSP,0.00023505605510480977,0.0,0.9623655762362588,ERO,-0.006386496713857804,0.0,0.9567411315698785,-0.004051182430768541,1.4389797436072864
2020-01-17,3329.6201171875,3329.8798828125,3318.860107421875,3323.659912109375,3726220000,399,417,439,307,185,122,-63568,0.003862162248501333,1.260160075279973,DAY,-0.0002471747823888704,0.0,1.0116589573887012,ARWR,-0.0024163979479320252,0.0,0.954668591808701,CSWI,0.0014859783186798037,0.0,1.019128743986542,CRSP,-0.0043602187280713306,0.0,0.9413849541924764,ERO,-0.0022243240889698204,0.0,0.9461006198405829,-0.007762137228682244,1.4278101853681127
2020-01-21,3320.7900390625,3329.7900390625,3316.610107421875,3321.030029296875,4104840000,359,397,429,221,271,-50,-63618,-0.0026519776473655776,1.2568181589282281,DAY,-0.0014024532179039097,0.0,1.0045649355876456,ARWR,-0.031300951091549754,0.0,0.8052584173044869,CSWI,-0.001575027678503105,0.0,1.0111029640878575,CRSP,-0.0007200510631841573,0.0,0.9379957280068171,ERO,-0.011042243097546823,0.0,0.8938652546454857,-0.046040726148687754,1.3620727676312723
2020-01-22,3321.75,3337.77001953125,3320.0400390625,3330.02001953125,3623780000,348,389,429,247,245,2,-63616,0.0002890760711180551,1.257181474983721,DAY,0.0007754050804878788,0.0,1.0084596593613189,ARWR,-4.201858163961348e-05,0.0,0.8050892382217444,CSWI,-0.00011340765950480504,0.0,1.0105296299844797,CRSP,0.0009979384750753884,0.0,0.9426760381389888,ERO,0.0,0.0,0.8938652546454857,0.0016179173144188488,1.3642764887455212
2020-01-23,3325.5400390625,3326.8798828125,3301.8701171875,3315.77001953125,3766710000,352,386,430,303,189,114,-63502,0.0011409766124783616,1.2586158896443185,DAY,0.00022069470635774913,0.0,1.0095724679033007,ARWR,-0.005758733475658895,0.0,0.781907766486543,CSWI,0.0025590709704313764,0.0,1.02345971518875,CRSP,-0.006300291584984197,0.0,0.9129803685867223,ERO,-0.007872841187068791,0.0,0.8586789586831721,-0.017152100570922757,1.3408762812040127
2020-01-24,3295.469970703125,3333.179931640625,3281.530029296875,3333.10009765625,3708780000,286,350,414,90,402,-312,-63814,-0.009042160974207403,1.2472352821654593,DAY,-0.00515397315760281,0.0004114630335977146,0.9742301342119859,GLPG,-0.005610707508437552,7.24181515863792e-05,0.9719464624578122,QRVO,-0.004493052551154935,9.748048327208042e-06,0.9775347372442253,DIOD,-0.006028155112136425,8.714888162677992e-05,0.9698592244393178,ENPH,0.0023371477440940857,-4.000000000000201e-05,1.0116857387204705,-0.018407962470099556,1.3161934809425626
2020-01-27,3243.6298828125,3258.85009765625,3234.5,3247.159912109375,3831050000,229,297,384,58,434,-376,-64190,-0.015730711659182384,1.2276153835705554,DAY,-0.0002794033852000055,0.0,0.9728691182246725,GLPG,-0.00353561231595847,0.0,0.9547643330422217,QRVO,-0.006014632773736751,0.0,0.948137174903749,DIOD,-0.007661220562364535,0.0,0.9327076972749507,ENPH,-0.01681957147301789,0.0,0.9266051357672612,-0.03431044051027765,1.2710343028146676
2020-01-28,3276.239990234375,3285.780029296875,3253.219970703125,3255.35009765625,3531570000,265,317,400,407,85,322,-63868,0.010053584595046017,1.239957318679462,DAY,0.003889197885756968,0.0,0.9917875208132607,GLPG,0.0026488269021435864,0.0,0.9674093602950689,QRVO,0.006510263852314147,0.0,0.9790002907878047,DIOD,0.002009863846741311,0.0,0.942080774676602,ENPH,0.0152921593134717,0.0,0.9974541025514314,0.03035031180042771,1.3096105902141322
2020-01-29,3273.39990234375,3293.469970703125,3271.889892578125,3289.4599609375,3600250000,247,304,391,203,289,-86,-63954,-0.0008668741908683941,1.2388824316821203,DAY,-0.0004940312841808626,0.0,0.9893376505005511,GLPG,-0.0014243524390672225,0.0,0.9605197008855051,QRVO,-0.0017435679553598595,0.0,0.9704655231112767,DIOD,-0.004703325852993379,0.0,0.9199262103608795,ENPH,0.001985109666032958,0.0,1.0073543814534267,-0.006380167865568364,1.30125505481004
2020-01-30,3283.659912109375,3285.909912109375,3242.800048828125,3256.449951171875,3790350000,260,310,392,295,197,98,-63856,0.003134358792605374,1.2427655337248675,DAY,0.005888015731939023,0.0,1.0184638287522854,GLPG,-0.001460810158680337,0.0,0.9535040162021744,QRVO,-0.0013858022233480317,0.0,0.9637411567132256,DIOD,-0.0008521657806105365,0.0,0.9160065621750981,ENPH,0.005712532346135957,0.0,1.0361271038937991,0.007901769915436075,1.311537272854447
2020-01-31,3225.52001953125,3282.330078125,3214.679931640625,3282.330078125,4529700000,167,251,368,40,452,-412,-64268,-0.01770582037552626,1.22076135041584,DAY,-0.004115998604421356,0.0,0.9975038502632951,GLPG,-0.0036039972823664447,0.0,0.9363218867865838,QRVO,-0.01060917838198554,0.0,0.9126186474850672,DIOD,-0.007851165061773259,0.0,0.8800479685885773,ENPH,-0.01176471258267977,0.0,0.9751784160116245,-0.03794505191322637,1.2617709229498537
2020-02-03,3248.919921875,3268.43994140625,3235.659912109375,3235.659912109375,3760460000,213,270,372,370,122,248,-64020,0.007254613892351713,1.229617502667813,DAY,0.004802843810191826,0.0,1.021458126227693,GLPG,0.007097979388038223,0.0,0.9695518540514849,QRVO,0.0032117833713217973,0.0,0.9272743144668208,DIOD,-0.0012006102333761426,0.0,0.8747649956038306,ENPH,0.008883234078994473,0.0,1.018492106702696,0.022795230415170176,1.2905332818696575
2020-02-04,3297.590087890625,3306.919921875,3280.610107421875,3280.610107421875,3996900000,269,310,389,407,85,322,-63698,0.014980414164082134,1.2480376821211812,DAY,0.0075682777412601435,0.0,1.0601115202294846,GLPG,0.017288455121446545,0.0,1.0533621226349068,QRVO,0.0006136144264504928,0.0,0.93011925894999,DIOD,-0.00483148893135863,0.0,0.8536329086348311,ENPH,0.02417985163005314,0.0,1.1416270468349532,0.04481870998785169,1.3483733187594442
2020-02-05,3334.68994140625,3337.580078125,3313.75,3324.909912109375,4121480000,331,351,406,380,112,268,-63430,0.01125059589785371,1.2620788497480206,DAY,-0.011452045498578834,0.0,0.9994092934133064,GLPG,-0.004402970528459571,0.0,1.0301725107261213,QRVO,0.0063583285282785345,0.0,0.9596892780444051,DIOD,0.007226996876730896,0.0,0.8844789204577242,ENPH,5.419144238349993e-05,0.0,1.1419363789166133,-0.002215499179645475,1.345385998777877
2020-02-06,3345.780029296875,3347.9599609375,3334.389892578125,3344.919921875,3887250000,320,341,408,246,246,0,-63430,0.003325672876785646,1.2662761111469925,DAY,-0.02056381048721212,0.0,0.8966509768687574,GLPG,0.0027240814951995152,0.0,1.0442038800927824,QRVO,-0.0027847701329626997,0.0,0.9463267078522921,DIOD,-0.001849723864436692,0.0,0.8762987116239149,ENPH,0.008019504461418192,0.0,1.1877251983435009,-0.014454718527993803,1.3259388228540387
2020-02-07,3327.7099609375,3341.419921875,3322.1201171875,3335.5400390625,3733920000,282,326,390,141,351,-210,-63640,-0.005400853672730133,1.2594371391614139,VLRS,-0.003140307912520821,-0.00022196444410165248,0.9842984604373959,GLPG,-0.0003211412436288615,-0.00029401059619041544,0.9983942937818557,APPF,7.798792209507728e-05,-0.0005896891895639405,1.0003899396104754,ENPH,6.309078847757598e-05,-0.00036639298772264055,1.000315453942388,ETR,1.242973476724993e-05,-0.0004459488371482922,1.0000621486738364,-0.00522594676553672,1.3190095371514452
2020-02-10,3352.090087890625,3352.260009765625,3317.77001953125,3318.280029296875,3462730000,312,335,394,365,127,238,-63402,0.007326397804890528,1.2686642766531637,VLRS,0.00015722130499380428,0.0,0.9850722238796626,GLPG,0.005898795709834115,0.0,1.027840913666272,APPF,-0.0002338380050759259,0.0,0.9992202936715927,ENPH,0.0029435026781581275,0.0,1.0150376100307998,ETR,0.001440015421507024,0.0,1.0072626732566152,0.010205697109417145,1.3324709489720452
2020-02-11,3357.75,3375.6298828125,3352.719970703125,3365.8701171875,3762940000,332,349,401,360,132,228,-63174,0.0016884725532351208,1.2708063814635624,VLRS,0.0010997745642689516,0.0,0.9904890107586162,GLPG,0.0021801615566547027,0.0,1.0390452098979324,APPF,0.0014777884099737015,0.0,1.0066034745165846,ENPH,0.005439001400994715,0.0,1.042641564945899,ETR,0.0,0.0,1.0072626732566152,0.01019672593189207,1.3460577900509212
2020-02-12,3379.449951171875,3381.469970703125,3369.719970703125,3370.5,3930910000,369,359,412,342,150,192,-62982,0.006462646466197652,1.2790191538339493,VLRS,0.006718739767093362,0.0,1.0237632002858805,GLPG,0.000856435754131546,0.0,1.043494587237511,APPF,-0.00043573428962466747,0.0,1.0044104162670735,ENPH,0.009278871203565853,0.0,1.0910142489089858,ETR,0.0008089725594759845,0.0,1.0113369125708604,0.01722728499464208,1.3692467112193865
2020-02-13,3373.93994140625,3385.090087890625,3360.52001953125,3365.89990234375,3500890000,363,355,404,267,225,42,-62940,-0.0016304457368023773,1.2769337825072922,VLRS,0.0012093859432870337,0.0,1.029953824404282,GLPG,-0.0006357138454903045,0.0,1.0401777674535055,APPF,0.0005822549825945433,0.0,1.0073345311142803,ENPH,-0.0007710836019860778,0.0,1.0868079329246514,ETR,0.0025539714046069143,0.0,1.0242515403465076,0.002938814883012109,1.3732706738328333
2020-02-14,3380.159912109375,3380.68994140625,3366.14990234375,3378.080078125,3419700000,359,351,407,279,213,66,-62874,0.0018435333204338544,1.279287852483332,VLRS,0.0004507848538753745,0.0,1.0322752623254443,GLPG,0.001423227987405129,0.0,1.0475798180060876,APPF,0.0031785230666267596,0.0,1.0233437113290622,ENPH,-0.0012094823370935482,0.0,1.0802355579312237,ETR,0.0013359013800581022,0.0,1.0310930355778853,0.005178954950871818,1.380382780787967
2020-02-18,3370.2900390625,3375.010009765625,3355.610107421875,3369.0400390625,3750400000,334,328,395,189,303,-114,-62988,-0.002919942636890105,1.2755524053380103,VLRS,-0.0008995565057030364,0.0,1.0276323126859386,GLPG,0.003892048909195989,0.0,1.0679659774459191,APPF,0.001457231193153552,0.0,1.0307999532163934,ENPH,-0.004477984814924052,0.0,1.0560491658064386,ETR,0.0009692409568448746,0.0,1.0360899235798833,0.0009409797385673268,1.3816816930161557
2020-02-19,3386.14990234375,3393.52001953125,3378.830078125,3380.389892578125,3614200000,357,340,401,304,188,116,-62872,0.004705785881164548,1.2815548818377354,VLRS,0.00030121171936494664,0.0,1.0291799871648342,GLPG,0.0020073430358188205,0.0,1.0786848477825066,APPF,0.005517338545048833,0.0,1.0592363147869701,ENPH,0.08488923987524029,0.0,1.5042852205873893,ETR,-0.0025078165735413107,0.0,1.0230983061697194,0.09020731660193158,1.5063194909411568
2020-02-20,3373.22998046875,3389.14990234375,3341.02001953125,3380.449951171875,4019180000,350,337,406,244,248,-4,-62876,-0.00381551976362815,1.2766650838579094,VLRS,-0.0012030063542673554,0.0,1.0229894368436137,GLPG,-0.004979739247954762,0.0,1.0518270014191233,APPF,-0.002539677591988188,0.0,1.045785721120547,ENPH,0.005312829169300004,0.0,1.5442452725818072,ETR,-0.0024645000893798175,0.0,1.0104911768347213,-0.005874094114290119,1.497471228485179
2020-02-21,3337.75,3360.760009765625,3328.449951171875,3360.5,3908780000,300,309,398,129,363,-234,-63110,-0.01051810302712286,1.2632369889747614,GOTU,-1.2541744846849933e-05,-0.00019113521795822435,0.9999372912757658,GEN,-0.0019414029892716935,0.0011755196737093109,0.9902929850536415,EHTH,-0.024815179124261132,-0.00010703487997542534,0.8759241043786944,ENPH,0.004259411635267512,-0.0006794704883429322,1.0212970581763376,NOW,-0.0036202554646454117,-6.431778900275387e-05,0.9818987226767729,-0.025996406389327598,1.4585423578731525
2020-02-24,3225.889892578125,3259.81005859375,3214.64990234375,3257.610107421875,4851160000,133,218,350,18,474,-456,-63566,-0.03351362667122315,1.2209013361289813,GOTU,0.01264043478975232,0.0,1.0631355018968303,GEN,-0.005373720836388318,0.0,0.9636851948140818,EHTH,-0.019571171424113,0.0,0.790209800372154,ENPH,-0.01296328252213399,0.0,0.9551002466555167,NOW,-0.006339998304382189,0.0,0.9507725414925441,-0.03160773829726518,1.4124411327300217
2020-02-25,3128.2099609375,3246.989990234375,3118.77001953125,3238.93994140625,5596760000,49,135,282,10,482,-472,-64038,-0.030279995565056117,1.1839324490856247,GOTU,-0.005856442404116047,0.0,1.0320045427236813,GEN,-0.00793167748285999,0.0,0.9254669940127198,EHTH,-0.007568475020693888,0.0,0.7603063846960333,ENPH,-0.01577993821239525,0.0,0.8797431322611792,NOW,-0.002302432165725188,0.0,0.9398270950834405,-0.03943896528579037,1.3567359159280599
2020-02-26,3116.389892578125,3182.510009765625,3108.989990234375,3139.89990234375,5484650000,47,121,267,131,361,-230,-64268,-0.0037785406053220116,1.1794589122527963,GOTU,-0.0026763445250442388,0.0,1.0181945441849847,GEN,0.0017772764713041235,0.0,0.9336910475798567,EHTH,-0.0042221506391021185,0.0,0.7442557442557444,ENPH,0.0038113845851760254,0.0,0.8965083293272529,NOW,0.0027599100910612687,0.0,0.9527962865013084,0.0014500759833950606,1.3587032860955566
2020-02-27,2978.760009765625,3097.070068359375,2977.389892578125,3062.5400390625,7064710000,11,45,203,15,477,-462,-64730,-0.04416324258407911,1.127370182193022,GOTU,-0.006896551724137923,0.0,0.9830843874889508,GEN,-0.0038342355021077305,0.0,0.9157910907667024,EHTH,-0.0028456310297818813,0.0,0.7336663580560066,ENPH,-0.011991519854995913,0.0,0.842755842170768,NOW,-0.008478166378003317,0.0,0.9124064592947994,-0.034046104489026764,1.3124447320475632
2020-02-28,2954.219970703125,2959.719970703125,2855.840087890625,2916.89990234375,8569570000,8,24,153,121,371,-250,-64980,-0.008238340444361891,1.1180825228252935,GOTU,-0.006904765537806923,0.0,0.9491445514915021,GEN,0.0010565734220161272,0.0,0.9206290933998187,EHTH,0.013053730161566435,0.0,0.781551771389418,ENPH,0.0008613736931864402,0.0,0.8463854807318935,NOW,0.003742574270640864,0.0,0.9294802039894156,0.011809486009602944,1.327944029749056
2020-03-02,3090.22998046875,3090.9599609375,2945.18994140625,2974.280029296875,6381330000,35,84,246,462,30,432,-64548,0.046039229006110016,1.1695581801413764,GOTU,0.0029099884768859054,0.0,0.9629545500301987,GEN,0.009458745895799715,0.0,0.9641690766935654,EHTH,0.011112065372372016,0.0,0.8249750432672798,ENPH,0.009924444535845556,0.0,0.8883850095292367,NOW,0.011230027148469235,0.0,0.9816706436132449,0.044635271429372424,1.3872171719599198
2020-03-03,3003.3701171875,3136.719970703125,2976.6298828125,3096.4599609375,6376510000,22,63,205,54,438,-384,-64932,-0.028107896121075893,1.136684360306408,GOTU,0.00947982883747982,0.0,1.0085977715929921,GEN,-0.006422485375522502,0.0,0.9332072677205882,EHTH,-0.006426097148114308,0.0,0.798468194403253,ENPH,0.0037743088607399503,0.0,0.9051502065953104,NOW,-0.008577229544383358,0.0,0.9395705713769781,-0.008171674369800397,1.375881284950468
2020-03-04,3130.1201171875,3130.969970703125,3034.3798828125,3045.75,5073020000,124,147,261,473,19,454,-64478,0.04220259077449118,1.1846553852041837,GOTU,-0.0009746998548573638,0.0,1.0036823710850864,GEN,0.0043545850470489535,0.0,0.9535259197896556,EHTH,0.04370672630181756,0.0,0.9729603485707001,ENPH,0.0042008871921081605,0.0,0.9241623761444119,NOW,0.009368080704240134,0.0,0.9835804360769208,0.06065557939035744,1.4593361614614881
2020-03-05,3023.93994140625,3083.0400390625,2999.830078125,3075.699951171875,5579290000,66,104,218,24,468,-444,-64922,-0.033922077046888544,1.1444694139532758,GOTU,-0.0017723929974329923,0.0,0.9947877730542957,GEN,-0.003652984060991771,0.0,0.9361098448559849,EHTH,-0.0015880672067735803,0.0,0.9652347164554195,ENPH,0.01204412692161716,0.0,0.9798160209167448,NOW,-0.009122798515006391,0.0,0.9387154053687614,-0.0040921158585875755,1.4533643888121612
2020-03-06,2972.3701171875,2985.929931640625,2901.5400390625,2954.199951171875,6555240000,52,82,202,82,410,-328,-65250,-0.01705385200037013,1.1249518019487663,GOTU,0.001392434333455402,-0.0010648566140567535,1.006962171667277,GEN,-0.00273426119494008,-0.0009280023317553006,0.9863286940252995,ENPH,-0.008467646950856028,-0.0013027908140253268,0.9576617652457199,EHTH,-0.008613194294264598,-0.0009915953489627158,0.956934028528677,NOW,-0.001544786854996136,-0.0012460890118459135,0.9922760657250194,-0.025500789082247448,1.416302450073413
2020-03-09,2746.56005859375,2863.889892578125,2734.429931640625,2863.889892578125,8441290000,19,30,97,9,483,-474,-65724,-0.07596969747745097,1.0394895538780051,GOTU,-0.005270734281670331,0.0,0.9804250214745174,GEN,-0.01595282735998671,0.0,0.9076550371453658,ENPH,-0.03645616704246768,0.0,0.7830983788258077,EHTH,-0.005474572846983095,0.0,0.9307400032839909,NOW,-0.015855500359777275,0.0,0.9136108981395122,-0.07900980189088509,1.3044006740755374
2020-03-10,2882.22998046875,2882.590087890625,2734.0,2813.47998046875,7642040000,30,49,153,463,29,434,-65290,0.04939630628156144,1.0908364982578467,GOTU,0.007283462423541787,0.0,1.0161294654895663,GEN,0.008725966280412934,0.0,0.9472558733872528,ENPH,0.010189022729633025,0.0,0.8229934147327823,EHTH,0.004970939333941483,0.0,0.953873263743977,NOW,0.014180555112966432,0.0,0.9783884466038828,0.045349945880495665,1.363555174051345
2020-03-11,2741.3798828125,2825.60009765625,2707.219970703125,2825.60009765625,7431200000,12,21,80,11,481,-470,-65760,-0.048868445131273974,1.037529014695542,GOTU,-0.00023741328740964907,0.0,1.014923252305388,GEN,-0.0010033253357103256,0.0,0.9425038443014035,ENPH,-0.016933540677483205,0.0,0.7533124524043905,EHTH,-0.010327585184092093,0.0,0.9046172268132576,NOW,-0.014175181442033669,0.0,0.9090442778468852,-0.04267704592672894,1.305362667264727
2020-03-12,2480.639892578125,2660.949951171875,2478.860107421875,2630.860107421875,8850810000,2,8,35,2,490,-488,-66248,-0.09511268097833658,0.9388468485150371,GOTU,-0.021678162141047144,0.0,0.9049148981844124,GEN,-0.006610625116812297,0.0,0.9113511463722486,ENPH,-0.041744544356665886,0.0,0.5960790269852713,EHTH,-0.013502233769601735,0.0,0.8435454604710504,NOW,-0.01961945379804868,0.0,0.8198695167988977,-0.10315501918217573,1.170707956283338
2020-03-13,2711.02001953125,2711.330078125,2492.3701171875,2569.989990234375,8299070000,16,22,72,471,21,450,-65798,0.09287124972971839,1.026038728641436,GOTU,0.008957613331650549,0.0,0.9454442869643419,GEN,0.0022015214319278885,0.0,0.9213829417760013,ENPH,-0.0009691086928770077,0.0,0.5931907001518057,EHTH,0.007138630750637454,0.0,0.8736542582894468,NOW,0.01949490217190344,0.0,0.899785896917499,0.03682355899324233,1.2138175897753958
2020-03-16,2386.1298828125,2562.97998046875,2380.93994140625,2508.590087890625,7805450000,7,11,24,9,483,-474,-66272,-0.11984055240393443,0.9030776806132158,GOTU,-0.008624642439039066,0.0,0.9046736923588434,GEN,-0.006991351945735191,0.0,0.889174379662237,ENPH,-0.032927569975198655,0.0,0.4955290587123774,EHTH,-0.03827602781913249,0.0,0.7064541848164947,NOW,-0.01546217521037523,0.0,0.830222660967684,-0.10228176738948062,1.0896661814047288
2020-03-17,2529.18994140625,2553.929931640625,2367.0400390625,2425.659912109375,8370250000,30,25,61,392,100,292,-65980,0.05995484974402432,0.9572215672615632,GOTU,0.02400000000000002,0.0,1.0132345354419048,GEN,-0.0023752948002083055,0.0,0.8786141232597863,ENPH,0.0133333324068738,0.0,0.5285643269977645,EHTH,0.01976825704502523,0.0,0.7762810243964258,NOW,0.016569356409404403,0.0,0.8990039368113724,0.07129565106109514,1.1673546412472364
2020-03-18,2398.10009765625,2453.570068359375,2280.52001953125,2436.5,8799300000,24,22,39,51,441,-390,-66370,-0.051830762729157875,0.9076080433295964,GOTU,-0.009047626313709079,0.0,0.9673976982177899,GEN,-0.0003605911728350675,0.0,0.8770300207739078,ENPH,-0.03613388518764682,0.0,0.4330689134676493,EHTH,-0.014780850429165727,0.0,0.7189105558334101,NOW,-0.0064435386076225456,0.0,0.8700401039351287,-0.06676649171097924,1.0894144672686297
2020-03-19,2409.389892578125,2466.969970703125,2319.780029296875,2393.47998046875,7956100000,16,13,30,283,209,74,-66296,0.0047078080405855705,0.9118808877736837,GOTU,0.005486295913593376,0.0,0.9939348484105494,GEN,0.002528646555094083,0.0,0.888118515477628,ENPH,0.018841185914496572,0.0,0.47386657302981433,EHTH,0.005029704783222445,0.0,0.7369900951403322,NOW,-0.0003595053159456852,0.0,0.8684761837228756,0.03152632785046079,1.1237597049287755
2020-03-20,2304.919921875,2453.010009765625,2295.56005859375,2431.93994140625,9053950000,8,8,18,94,400,-306,-66602,-0.04335951230846191,0.8723421771964095,GOTU,-0.009502821501355709,0.0006195342643601823,0.9524858924932215,WMT,-0.009445769839251225,-0.00032509371617188247,0.9527711508037439,AWR,-0.01503964584940709,0.002136869035993305,0.9248017707529645,ZTO,-0.00011884202703148016,0.0007897668554611387,0.9994057898648426,NOW,0.0,-0.0013513405433483003,0.7966609465763088,-0.03223734332075106,1.0875326775109608
2020-03-23,2237.39990234375,2300.72998046875,2191.860107421875,2290.7099609375,7411380000,7,7,17,111,383,-272,-66874,-0.02929386782180443,0.8467879007622328,GOTU,-0.010267965045794525,0.0,0.9035854332395574,WMT,0.0005440124685597514,0.0,0.9553627477323502,AWR,-0.025813959180479754,0.0,0.8054377949517024,ZTO,-0.008667476492402227,0.0,0.9560941589147216,,0.0,0.0,,-0.04420538825011676,1.0394578732668998
2020-03-24,2447.330078125,2449.7099609375,2344.43994140625,2344.43994140625,7563150000,30,11,29,482,12,470,-66404,0.09382773976227554,0.9262400955487952,GOTU,0.007919746344794022,0.0,0.9393662704000979,WMT,0.0013125507425948868,0.0,0.9616325581522681,AWR,0.012576672929806021,0.0,0.856086433513761,ZTO,0.007620649040642125,0.0,0.9925244490892067,,0.0,0.0,,0.029429619057837055,1.0700487225038142
2020-03-25,2475.56005859375,2571.419921875,2407.530029296875,2457.77001953125,8300010000,32,8,26,359,135,224,-66180,0.011535011448221999,0.9369242856547527,GOTU,0.012696800061918579,0.0,0.9990009990009988,WMT,-0.009788787091174346,0.0,0.9145664762937987,AWR,-0.006506676271364632,0.0,0.8282350470978552,ZTO,0.0008972167698972467,0.0,0.996976996990486,,0.0,0.0,,-0.0027014465307231518,1.0671580430947016
2020-03-26,2630.070068359375,2637.010009765625,2500.719970703125,2501.2900390625,7766990000,142,23,55,460,34,426,-65754,0.062414163303876835,0.9954016310229766,GOTU,0.002769808985506428,0.0,1.0128362087188132,WMT,0.0007677890513164698,0.0,0.918077446929796,AWR,0.01030899793100426,0.0,0.8709264140324402,ZTO,0.009663020935010858,0.0,1.0451460449587027,,0.0,0.0,,0.023509616902838017,1.0922465198626403
2020-03-27,2541.469970703125,2615.909912109375,2520.02001953125,2555.8701171875,6201670000,83,15,40,74,420,-346,-66100,-0.033687352562252526,0.9618691853376644,GOTU,-0.0013659958633084114,0.0,1.0059185583622188,WMT,-0.0004369756845329809,0.0,0.9160715593256638,AWR,-2.4700872839211743e-05,0.0,0.8708188508194136,ZTO,-0.002401225862482459,0.0,1.0325978863925722,,0.0,0.0,,-0.004228898283163063,1.0876275204300023
2020-03-30,2626.64990234375,2631.800048828125,2545.280029296875,2558.97998046875,5751120000,218,32,66,404,90,314,-65786,0.03351600948370015,0.9941072020755205,GOTU,-0.0008062517255241542,0.0,1.0018634404951372,WMT,0.010239054040666008,0.0,0.962970090330927,AWR,0.008940487183074186,0.0,0.9097465746920653,ZTO,0.002116817024212292,0.0,1.0435269903179794,,0.0,0.0,,0.02049010652242833,1.1099131241803377
2020-03-31,2584.590087890625,2641.389892578125,2571.14990234375,2614.68994140625,6576210000,165,25,56,114,380,-266,-66052,-0.016012721914555605,0.9781888398954283,GOTU,0.0017142886207217158,0.0,1.0104508559729268,WMT,-0.0027259033206274543,0.0,0.949845273496437,AWR,-0.006761216850938734,0.0,0.8789916053376065,ZTO,0.005430543801400046,0.0,1.0718615854623041,,0.0,0.0,,-0.002342287749444427,1.1073133882666224
2020-04-01,2470.5,2522.75,2447.489990234375,2498.080078125,5964000000,97,18,42,26,468,-442,-66494,-0.04414243033166543,0.9350092071791317,GOTU,-0.004815866114574208,0.0,0.9861198757843143,WMT,0.0009153242886819069,0.0,0.954192355743042,AWR,-0.01666257073092987,0.0,0.8057603063584492,ZTO,-0.0012084372425227087,0.0,1.0653851981687936,,0.0,0.0,,-0.021771549799344883,1.0832054596904943
2020-04-02,2526.89990234375,2533.219970703125,2455.7900390625,2458.5400390625,6464190000,185,33,49,342,152,190,-66304,0.02282934723487151,0.956354857037626,GOTU,-0.011417516215000912,0.0,0.9298246774258038,WMT,0.007902523578016041,0.0,0.9918949936891522,AWR,0.006699525586215405,0.0,0.8327513653024752,ZTO,0.00782676094638064,0.0,1.1070777744781912,,0.0,0.0,,0.011011293895611174,1.095132953356477
2020-04-03,2488.64990234375,2538.179931640625,2459.9599609375,2514.919921875,6096970000,173,29,50,117,377,-260,-66564,-0.015137125124949469,0.9418783939027943,GEN,-0.0015021256080079825,-0.0014956984991642043,0.9924893719599601,NEM,-0.00483572330409746,-0.0005249688028206907,0.9758213834795127,EHTH,-0.004648943766086755,-0.0006540557567871489,0.9767552811695662,DLR,0.00357367125632996,-0.0005805979485975909,1.0178683562816497,GOLD,0.0019257439040818458,0.0,1.0096287195204092,-0.008742698525150026,1.0855585361003244
2020-04-06,2663.679931640625,2676.85009765625,2574.570068359375,2578.280029296875,6403840000,377,66,78,483,11,472,-66092,0.07033131865275055,1.0081219433565125,GEN,0.007435695869127024,0.0,1.029388617576136,NEM,0.01255562508658743,0.0,1.037081620691732,EHTH,0.0036814608638442436,0.0,0.9947347128754609,DLR,0.004410523519930498,0.0,1.0403150179095157,GOLD,0.0060150279763701246,0.0,1.0399934444887193,0.03409833331585932,1.1225742728981496
2020-04-07,2659.409912109375,2756.889892578125,2657.669921875,2738.64990234375,7050410000,431,57,72,286,208,78,-66014,-0.0016030527844311804,1.0065058706681687,GEN,-0.00031631251685557696,0.0,1.027760575053896,NEM,-0.0005986488216986664,0.0,1.0339773822405698,EHTH,-0.02093896765188319,0.0,0.8905911229999379,DLR,0.0014337584112033676,0.0,1.0477728199456604,GOLD,-0.002335775426106901,0.0,1.0278474888339741,-0.022755946005340966,1.0970290333570945
2020-04-08,2749.97998046875,2760.75,2663.300048828125,2685.0,5875710000,481,97,98,469,25,444,-65570,0.03405645287963033,1.0407838904256503,GEN,0.006758192321006273,0.0,1.0624895931847071,NEM,0.002281787443924399,0.0,1.0457739652810616,EHTH,-0.02343884413825923,0.0,0.7862189903853739,DLR,0.007558676662758491,0.0,1.08737169975564,GOLD,0.0009847528460104726,0.0,1.032908367533444,-0.0058554348645595946,1.0906054513077412
2020-04-09,2789.820068359375,2818.570068359375,2762.360107421875,2776.989990234375,7899550000,484,131,113,375,119,256,-65314,0.014487410153376512,1.0558621535272736,GEN,-0.0021449910466511124,0.0,1.0510944398620012,NEM,0.02683555631797896,0.0,1.186093595986942,EHTH,0.022887607630281883,0.0,0.8761923492024579,DLR,0.0034016879578130602,0.0,1.1058661958392673,GOLD,0.020578168275880195,0.0,1.1391851785367837,0.07155802913530299,1.168647027967541
2020-04-13,2761.6298828125,2782.4599609375,2721.169921875,2782.4599609375,5319530000,484,95,92,96,398,-302,-65616,-0.010104660822607414,1.0451930245904526,GEN,-0.005265853874950133,0.0,1.023419891216572,NEM,0.008584919849073992,0.0,1.2370061882621812,EHTH,-0.005529954345030031,0.0,0.8519658307596869,DLR,-0.010223170855516363,0.0,1.0493389005222435,GOLD,0.0165259971990682,0.0,1.2333160338853781,0.004091937972645666,1.1734290591179009
2020-04-14,2846.06005859375,2851.85009765625,2805.10009765625,2805.10009765625,5615730000,488,165,128,430,64,366,-65250,0.030572589146256046,1.0771472815097891,GEN,0.0022268774372091295,0.0,1.034815044539278,NEM,0.00040153409810859134,0.0,1.2394896890829743,EHTH,0.016024320732836685,0.0,0.9202266993872413,DLR,0.005927098348092042,0.0,1.080436574841614,GOLD,0.000492388329209259,0.0,1.2363523859919372,0.025072218945455707,1.202849529405065
2020-04-15,2783.360107421875,2801.8798828125,2761.5400390625,2795.639892578125,5208000000,459,133,110,44,450,-406,-65656,-0.022030438529415775,1.0534172545373603,GEN,0.00660724360645868,0.0,1.0690014199737752,NEM,-0.005576930775292111,0.0,1.2049269481194538,EHTH,-0.0026161136171521937,0.0,0.9081896113915714,DLR,-0.005494297366265166,0.0,1.0507553757037698,GOLD,0.0003274468151215793,0.0,1.2383765842477423,-0.006752651337129212,1.1947271059219626
2020-04-16,2799.550048828125,2806.510009765625,2764.320068359375,2799.340087890625,5228810000,422,148,125,246,248,-2,-65658,0.005816689462164515,1.0595446555810901,GEN,0.007309633932756788,0.0,1.1080714652418027,NEM,0.005771246723503421,0.0,1.2396966016264306,EHTH,0.009713951782558983,0.0,0.9523001618639649,DLR,0.001490484300805628,0.0,1.0585860476611377,GOLD,0.004331883397823067,0.0,1.2651990990755204,0.028617200137447885,1.2289168506217654
2020-04-17,2874.56005859375,2879.219970703125,2830.8798828125,2842.429931640625,5804810000,478,208,149,462,32,430,-65228,0.026793594848223412,1.0879336658063303,GEN,-0.005704200875115037,0.0004883695114361674,0.9714789956244249,NEM,0.007325952401531284,-0.001921255551310846,1.0366297620076563,CPB,-0.004205912058403754,0.0009446149853515637,0.9789704397079813,KGC,0.010572034670704663,0.0007904407028080853,1.0528601733535232,EHTH,-0.0005429941974919911,-0.0025335007774729707,0.99728502901254,0.005213548812037165,1.2353238686084167
2020-04-20,2823.159912109375,2868.97998046875,2820.429931640625,2845.6201171875,5228630000,448,170,128,79,415,-336,-65564,-0.01788104803401469,1.0684802716702257,GEN,-0.0010934440626597431,0.0,0.966167705925604,NEM,0.001046761048044953,0.0,1.042055280288225,CPB,0.0038141427491078517,0.0,0.9976401047289969,KGC,0.003630366000558949,0.0,1.0719715122369493,EHTH,-0.0009228906060827713,0.0,0.9926831040882267,0.006474935128969239,1.2433225105209236
2020-04-21,2736.56005859375,2785.5400390625,2727.10009765625,2784.81005859375,5121010000,339,116,99,23,471,-448,-66012,-0.030674795694063395,1.0357048576336043,GEN,-0.006296857704758541,0.0,0.9357486031098714,NEM,-0.0009069343898281623,0.0,1.0373299014392479,CPB,-0.0033528434333537586,0.0,0.9809154493590421,KGC,0.0009724419367069803,0.0,1.0771836625042213,EHTH,-0.012178832724786148,0.0,0.9322344967211668,-0.021763026316019632,1.2162640500051571
2020-04-22,2799.31005859375,2815.10009765625,2775.949951171875,2787.889892578125,5084920000,379,164,119,418,76,342,-65670,0.022930247703843776,1.059453826567217,GEN,0.005469558287330223,0.0,0.9613392607448578,NEM,0.00830099429912834,0.0,1.0803842494300606,CPB,0.0014274543799937867,0.0,0.9879165096319977,KGC,0.01612903334725573,0.0,1.1640533185724695,EHTH,-0.0010709494772824346,0.0,0.9272426164863258,0.03025609083642564,1.253063445583192
2020-04-23,2797.800048828125,2844.89990234375,2794.260009765625,2810.419921875,5773530000,364,169,119,256,238,18,-65652,-0.0005394221197431159,1.0588823337383202,GEN,0.0030135317442622437,0.0,0.9758243926411589,NEM,0.0023003036996451787,0.0,1.0928103088600725,CPB,-0.0010236477459779625,0.0,0.9828601170905017,KGC,0.005074604061370502,0.0,1.1935888670628678,EHTH,0.012399062780715432,0.0,0.9847273135601697,0.021763854540015393,1.2803349361422751
2020-04-24,2836.739990234375,2842.7099609375,2791.760009765625,2812.639892578125,5382810000,404,215,128,409,85,324,-65328,0.013918057304545428,1.0736199187380608,GEN,0.007422080715693858,0.0,1.012037629673787,NEM,0.0021460971344940297,0.0,1.1045366942220232,CPB,0.0008310385424846523,0.0,0.9869440902863676,KGC,0.006404694392978527,0.0,1.2318117266848636,EHTH,-0.026835647431930676,0.0,0.8525983385437049,-0.010031736646279609,1.2674909532438645
2020-04-27,2878.47998046875,2887.719970703125,2852.889892578125,2854.64990234375,5203930000,459,273,143,437,57,380,-64948,0.014714069804799612,1.0894172371661959,GEN,0.0030534486318198,0.0,1.0274886542521748,NEM,-0.0015845568762146824,0.0,1.0957856881527184,CPB,0.0019310371109448,0.0,0.9964732186102208,KGC,-0.003667170461738323,0.0,1.2092254087922556,EHTH,-0.0067514315148232695,0.0,0.8238170420820553,-0.007018673110011675,1.2585948485731486
2020-04-28,2863.389892578125,2921.14990234375,2860.7099609375,2909.9599609375,5691160000,460,314,141,307,187,120,-64828,-0.005242380698498916,1.0837060972694639,GEN,-0.0029135267188401984,0.0,1.0125205760148306,NEM,0.00019167440831675543,0.0,1.0968358585198115,CPB,-0.0010148233765373772,0.0,0.9914169970285253,KGC,-0.001724143635474418,0.0,1.19880101733014,EHTH,0.009089178749370186,0.0,0.8612561438433615,0.003628359426834948,1.263161483056535
2020-04-29,2939.510009765625,2954.860107421875,2912.159912109375,2918.4599609375,6645640000,450,385,172,387,107,280,-64548,0.026583916282167053,1.1125152494337494,GEN,0.0029565973456573413,0.0,1.027488654252175,NEM,-0.0010212093130476773,0.0,1.0912353635517862,CPB,-0.003138491532384169,0.0,0.9758592277773465,KGC,0.0028985603981028342,0.0,1.2161750031003327,EHTH,-0.0023546376452103558,0.0,0.85111641315105,-0.0006591807468820266,1.2623288313267012
2020-04-30,2912.429931640625,2930.909912109375,2892.469970703125,2930.909912109375,6544980000,414,341,148,71,423,-352,-64900,-0.009212446303987654,1.1022662624359736,GEN,-9.396555243850191e-05,0.0,1.0270059115570696,NEM,-0.009206126434019435,0.0,1.0410051099211317,CPB,-0.0007971274610331536,0.0,0.9719698068345268,KGC,-0.011142826510485149,0.0,1.1484168677706539,EHTH,-0.004435494386780792,0.0,0.8322408027859076,-0.025675540344757032,1.2299178564896225
2020-05-01,2830.7099609375,2869.090087890625,2821.610107421875,2869.090087890625,4759810000,312,283,122,29,465,-436,-65336,-0.028059034078492195,1.0713377358147105,GEN,-0.0014372398652719562,-0.0005660415594973445,0.9928138006736402,GOLD,0.012840953142692992,-0.0005976035128875677,1.064204765713465,CPB,0.0028994392683515603,-0.000311838845313147,1.0144971963417577,KGC,0.010251291864685838,-0.0007049966964581002,1.0512564593234293,NEM,0.007771768186489851,-0.0007290933061392323,1.0388588409324493,0.029416638676652895,1.266097905675941
2020-05-04,2842.739990234375,2844.239990234375,2797.85009765625,2815.010009765625,4735930000,277,286,134,253,241,12,-65324,0.004249827591976452,1.0758907364847015,GEN,0.0023010848716746414,0.0,1.0042365447592398,GOLD,0.0033419639979062944,0.0,1.0819874357805386,CPB,0.0014679600801076555,0.0,1.0219434032698118,KGC,0.0002923909490562871,0.0,1.0527933486926448,NEM,0.00573862294615033,0.0,1.0686669368443797,0.013142022844895209,1.2827369932762083
2020-05-05,2868.43994140625,2898.22998046875,2863.550048828125,2868.8798828125,5140290000,299,309,144,346,148,198,-65126,0.009040556385797371,1.0856173873528485,GEN,0.004075806515125846,0.0,1.0247019140185258,GOLD,0.0059167287557273076,0.0,1.1139965666536304,CPB,0.0003938631035308227,0.0,1.0239559322720353,KGC,0.00408757395274284,0.0,1.0743102020413298,NEM,0.006917440916842344,0.0,1.1056291388213992,0.02139141324396916,1.310176550382706
2020-05-06,2848.419921875,2891.110107421875,2847.64990234375,2883.139892578125,4892570000,252,287,145,143,351,-208,-65334,-0.006979410390386298,1.078040418079574,GEN,-9.289403713137468e-05,0.0,1.0242259705302788,GOLD,-0.011564355779381598,0.0,1.0495833034846695,CPB,-0.001257864025869826,0.0,1.0175159456156304,KGC,-0.006294682773366889,0.0,1.0404979924311204,NEM,-0.007641361501039667,0.0,1.0633865791423118,-0.026851158116789356,1.2749967926674703
2020-05-07,2881.18994140625,2901.919921875,2876.47998046875,2878.260009765625,5178790000,299,339,152,383,111,272,-65062,0.011504630788313985,1.090442875064459,GEN,-0.0031598257280440302,0.0,1.0080440926652166,GOLD,0.005271056439859612,0.0,1.0772453676396796,CPB,-0.0012658078185858069,0.0,1.0110760474181504,KGC,0.009748884794804092,0.0,1.0912164677183,NEM,0.0068236482989042285,0.0,1.0996674592515219,0.017417955986938096,1.2972046306856395
2020-05-08,2929.800048828125,2932.159912109375,2902.8798828125,2908.830078125,4876030000,379,392,173,437,57,380,-64682,0.016871538638701944,1.1088403241644063,GEN,0.0009442511853918312,0.0,1.0128033268123484,GOLD,0.0009538211114574314,0.0,1.0823828645090519,CPB,0.004060440460816217,0.0,1.0316031178776444,KGC,-0.002253498950817834,0.0,1.0789211918927084,NEM,-3.097167663510536e-05,0.0,1.0994971665267514,0.0036740421302125406,1.3019706151502854
2020-05-11,2930.18994140625,2944.25,2903.43994140625,2915.4599609375,4819730000,345,368,171,173,321,-148,-64830,0.00013307822091168653,1.108987886662021,GEN,0.002067658368919778,0.0,1.023273983186115,GOLD,-0.010003644631385323,0.0,1.0282439968508046,CPB,0.002731208216125225,0.0,1.0456907324342835,KGC,-0.003418843944606831,0.0,1.0604778759746565,NEM,-0.004957416617024424,0.0,1.0722438389081965,-0.013581038607971574,1.284288501959485
2020-05-12,2870.1201171875,2945.820068359375,2869.590087890625,2939.5,5119630000,242,323,152,41,453,-412,-65242,-0.020500317528877154,1.0862532828497713,GEN,-0.006511637031148321,0.0,0.9899580393764883,GOLD,0.0001536772029053335,0.0,1.0290340851575057,CPB,0.0016935842644075995,0.0,1.0545455592837212,KGC,0.0008695605345547808,0.0,1.0650886245182367,NEM,-0.0014932086209728636,0.0,1.0642384201879826,-0.00528802365025347,1.2774971539873745
2020-05-13,2820.0,2874.139892578125,2793.14990234375,2865.860107421875,6151650000,163,282,142,53,441,-388,-65630,-0.01746272460422804,1.0672843409209272,GEN,-0.0035576473469977055,0.0,0.9723484314143542,GOLD,0.0006144527702862224,0.0,1.0321955493792256,CPB,0.0003817536037590941,0.0,1.0565584421216447,KGC,-0.0011543748257838438,0.0,1.0589410670413737,NEM,0.004513393451481962,0.0,1.0882550537704423,0.0007975776527457297,1.2785160571688412
2020-05-14,2852.5,2852.800048828125,2766.639892578125,2794.5400390625,5651130000,211,308,154,385,109,276,-65354,0.01152482269503552,1.0795846037152288,GEN,0.0048947833191316905,0.0,0.9961456058267084,GOLD,0.007810099577320706,0.0,1.0725032994988206,CPB,0.0017904469143106283,0.0,1.0660170011340724,KGC,0.008998570074876434,0.0,1.1065858440260548,NEM,0.008608583224202616,0.0,1.135096724768152,0.032102483109842074,1.3195595972997658
2020-05-15,2863.699951171875,2865.010009765625,2816.780029296875,2829.949951171875,5507700000,208,319,153,287,207,80,-65274,0.0039263632504382695,1.0838234450289952,GOLD,0.002471910729048416,-0.00034548287294495735,1.012359553645242,GEN,-0.00741454004320433,0.0007403551571490252,0.9629272997839784,NEM,-0.0003761910820256941,-1.7364967911286306e-05,0.9981190445898716,ENPH,0.006484962491895008,0.0011809955683609059,1.032424812459475,DDOG,0.006439725388793906,0.0007515241284906574,1.0321986269439696,0.00991589449765165,1.332644211049954
2020-05-18,2953.909912109375,2968.090087890625,2913.860107421875,2913.860107421875,6373670000,384,418,193,453,41,412,-64862,0.03150119163168075,1.117965175065762,GOLD,-0.005991440226738632,0.0,0.9820320948770758,GEN,-0.000799183183593133,0.0,0.9590795232589279,NEM,-0.004830649809412457,0.0,0.9740112267272765,ENPH,0.02069200750367535,0.0,1.1392395222914353,DDOG,0.0007444907277188051,0.0,1.036040938478589,0.009815225011649933,1.3457244138418818
2020-05-19,2922.93994140625,2964.2099609375,2922.35009765625,2948.590087890625,4984330000,325,395,171,113,381,-268,-65130,-0.010484399194493177,1.106243981884831,GOLD,0.006617628234128237,0.0,1.014525711466469,GEN,0.002908717331739341,0.0,0.9730279794180257,NEM,0.0033806055862724894,0.0,0.9904749656981082,ENPH,0.008134128596871149,0.0,1.1855731261762184,DDOG,0.007862316429375626,0.0,1.0767693469391186,0.028903396178386845,1.3846204197220813
2020-05-20,2971.610107421875,2980.2900390625,2953.6298828125,2953.6298828125,5005380000,378,418,198,415,79,336,-64794,0.01665110025908012,1.1246641613381994,GOLD,-0.0060498062609270825,0.0,0.9838372914609622,GEN,0.007612426737134515,0.0,1.0100635004505345,NEM,-0.004927268519185346,0.0,0.9660732851104809,ENPH,-0.008562060582899855,0.0,1.1348183815173245,DDOG,0.001827003745220468,0.0,1.0866056550871004,-0.0100997048806573,1.3706361621111565
2020-05-21,2948.510009765625,2978.5,2938.570068359375,2969.949951171875,4976620000,344,417,185,141,353,-212,-65006,-0.007773596407737116,1.11592147605371,GOLD,-0.007266080476706183,0.0,0.9480940867822623,GEN,-0.0073333054834650024,0.0,0.9730279794180257,NEM,-0.006816793039686165,0.0,0.9331456768816415,ENPH,-0.013214891646425043,0.0,1.05983587176671,DDOG,-0.0022913651868662122,0.0,1.0741566032375076,-0.03692243583314861,1.3200289363650142
2020-05-22,2955.449951171875,2956.760009765625,2933.590087890625,2948.050048828125,3970860000,349,421,193,276,218,58,-64948,0.002353711326488428,1.1185480330713693,GOLD,0.0004569993821795127,0.0,0.9502604788418,GEN,9.882180021421051e-05,0.0,0.9735087613009501,NEM,-0.0013547750963318395,0.0,0.9268246642601967,ENPH,-0.011713673013037962,0.0,0.9977630175198936,DDOG,0.009014169561848551,0.0,1.1225697520253184,-0.003498457365127527,1.3154108714104065
2020-05-26,2991.77001953125,3021.719970703125,2988.169921875,3004.080078125,5848500000,416,454,210,389,105,284,-64664,0.012289184036080147,1.132294075702979,GOLD,-0.012082101933604329,0.0,0.8928547589975886,GEN,-0.003656080347872659,0.0,0.9557126300475788,NEM,-0.012180809833861562,0.0,0.8703772893367665,ENPH,0.0071251407354238966,0.0,1.033309027122046,DDOG,-0.005585982721677829,0.0,1.0912164758318603,-0.02637983410159248,1.2807105508471688
2020-05-27,3036.1298828125,3036.25,2969.75,3015.64990234375,6398000000,441,467,235,412,82,330,-64334,0.014827297215913804,1.1490829364992454,GOLD,-0.006550732343350064,0.0,0.863610496259191,GEN,-0.00010063345373545474,0.0,0.9552317467338773,NEM,-0.0016213422668599265,0.0,0.8633213919001832,ENPH,-0.0019510514867265183,0.0,1.023228831553974,DDOG,-0.011774648746974026,0.0,1.0269730222827052,-0.021998408297645988,1.2525369572385296
2020-05-28,3029.72998046875,3068.669921875,3023.39990234375,3046.610107421875,5447020000,458,477,236,224,270,-46,-64380,-0.0021079145460738413,1.1466607678627534,GOLD,0.0008385933395505419,0.0,0.8672315863098354,GEN,0.010876093023117539,0.0,1.007177693414441,NEM,-3.401598721215482e-05,0.0,0.8631745582530489,ENPH,-0.007120640689804847,0.0,0.9867986072892504,DDOG,0.0009278586052365867,0.0,1.0317374510630593,0.005487888290887667,1.2594107401400632
2020-05-29,3044.31005859375,3049.169921875,2998.610107421875,3025.169921875,7297550000,470,479,244,269,225,44,-64336,0.004812335824971425,1.1521788845550285,GEN,0.016220848152203184,0.0011279252445131668,1.0811042407610159,PBH,-0.0035515157569476806,0.0001699142680353014,0.9822424212152616,DDOG,0.007093646402624822,0.0008310532263024305,1.035468232013124,ENPH,0.008582221060126953,-8.296599416105108e-05,1.0429111053006348,NEM,-0.005294701229759796,0.0009302815102360389,0.973526493851201,0.026026706883173368,1.2921890543192092
2020-06-01,3055.72998046875,3062.179931640625,3031.5400390625,3038.780029296875,4684170000,467,483,244,337,157,180,-64156,0.003751234813537785,1.1565009780981945,GEN,-0.009394245447467831,0.0,1.030323447800979,PBH,-0.004312795407393844,0.0,0.9610613681994387,DDOG,-0.004995085907500307,0.0,1.009606968146159,ENPH,0.005121160727379337,0.0,1.0696156822737017,NEM,0.0069095300093482415,0.0,1.0071595464720033,-0.006671436025634404,1.2835682977102936
2020-06-02,3080.820068359375,3081.070068359375,3051.639892578125,3064.780029296875,5197150000,471,484,251,377,117,260,-63896,0.008210832780053412,1.165996814239327,GEN,-0.005987972999278446,0.0,0.9994757028712004,PBH,-0.004068782436243557,0.0,0.9415096201240283,DDOG,0.0037991070237532124,0.0,1.0287849927657302,ENPH,-0.009148791984840421,0.0,1.0206872253694754,NEM,-0.006678793392490001,0.0,0.9735264938512012,-0.022085233789099212,1.2552203917710856
2020-06-03,3122.8701171875,3130.93994140625,3098.89990234375,3098.89990234375,6005560000,466,482,277,400,94,306,-63590,0.013648979133831007,1.181911480426993,GEN,-0.003323870662817519,0.0,0.9828650630363378,PBH,0.0006922095772947667,0.0,0.9447682300048533,DDOG,0.005874881804178944,0.0,1.0590049439377889,ENPH,-0.012748028163249759,0.0,0.9556284778950788,NEM,-0.0075575556684358116,0.0,0.9367390904913132,-0.017062363113029378,1.2338033656598084
2020-06-04,3112.35009765625,3128.909912109375,3090.409912109375,3111.56005859375,6451290000,447,478,275,223,271,-48,-63638,-0.0033687022311144066,1.177929972585899,GEN,0.0037663333312628836,0.0,1.0013740502715756,PBH,0.0021187499559462974,0.0,0.9547768682333645,DDOG,-0.0031005549811499835,0.0,1.042587428667845,ENPH,-0.006301576574610746,0.0,0.925518647743406,NEM,-0.00042840872561795696,0.0,0.9347325544913436,-0.003945456994169505,1.228935447541336
2020-06-05,3193.929931640625,3211.719970703125,3163.840087890625,3163.840087890625,8639300000,455,479,324,445,49,396,-63242,0.026211650818398713,1.2088054617158466,GEN,-0.0004739356387007288,0.0,0.9990011160211065,PBH,-0.00043881107549259557,0.0,0.9526820349113398,DDOG,-0.0030657704609117434,0.0,1.026605759959206,ENPH,0.011425254832713262,0.0,0.9783900797578889,NEM,-0.004078698412294956,0.0,0.9156700935617224,0.0033680392453132382,1.233074550358612
2020-06-08,3232.389892578125,3233.1298828125,3196.0,3199.919921875,8498300000,465,484,361,372,122,250,-62992,0.012041579421169235,1.2233613886878412,GEN,0.008741069306867156,0.0,1.0426628059849972,PBH,0.005814799012149052,0.0,0.9803803076888129,DDOG,0.01664307089916286,0.0,1.1120351222016562,ENPH,-0.0061916051364175224,0.0,0.9481010545416445,NEM,0.002848794393403731,0.0,0.9287128727054529,0.02785612847516528,1.2674232334528581
2020-06-09,3207.179931640625,3222.7099609375,3193.110107421875,3213.320068359375,6410930000,456,479,314,68,426,-358,-63350,-0.007799170822611612,1.2138201842396774,GEN,-0.0064545946781806585,0.0,1.0090129769917588,PBH,0.0021367558136323075,0.0,0.9908544742989364,DDOG,-0.007316443737302825,0.0,1.0713544101741908,ENPH,-0.00499054690642482,0.0,0.9244433406180399,NEM,0.00586961855233703,0.0,0.9559688242425836,-0.010755210955938965,1.2537918292066144
2020-06-10,3190.139892578125,3223.27001953125,3181.489990234375,3213.419921875,6598870000,458,476,278,126,368,-242,-63592,-0.0053130910724373814,1.2073710470552492,GEN,0.002554418039051143,0.0,1.021900181742081,PBH,-0.0014094396956127798,0.0,0.9838717261556741,DDOG,0.01225930133822728,0.0,1.1370246929460115,ENPH,-0.008646775020434294,0.0,0.8844760726907254,NEM,0.0054574231736293395,0.0,0.982054456316027,0.010214927834860688,1.2665992222618978
2020-06-11,3002.10009765625,3123.530029296875,2999.489990234375,3123.530029296875,7037320000,165,402,207,2,492,-490,-64082,-0.05894405927443824,1.136203696491384,GEN,-0.013358258888347407,0.0,0.953646145813281,PBH,-0.009604914867816273,0.0,0.9366217053027907,DDOG,-0.005647838037687803,0.0,1.1049160363929575,ENPH,-0.006849032133588451,0.0,0.8541870474744809,NEM,-0.00916055517942489,0.0,0.9370736361346116,-0.044620599106864826,1.210082806136283
2020-06-12,3041.31005859375,3088.419921875,2984.469970703125,3071.0400390625,5845330000,234,406,220,396,98,298,-63784,0.013060843963234703,1.1510434756817085,DDOG,0.00018492809614193255,0.0004600045916203467,1.0009246404807097,PLMR,-0.005194805194805157,0.0010722056523686605,0.9740259740259742,BTG,-0.005137832083663009,0.0009320701651460395,0.974310839581685,LSCC,-0.0023204906405538497,0.0019219472596890817,0.9883975467972308,DXCM,0.0006837464520406027,0.0005589751936638196,1.003418732260203,-0.006839250508351533,1.201806746689268
2020-06-15,3066.590087890625,3079.760009765625,2965.659912109375,2993.760009765625,5757480000,272,419,231,393,101,292,-63492,0.008312217041285264,1.1606111988755303,DDOG,0.008891719296942258,0.0,1.0454243451834464,PLMR,0.00876922607421875,0.0,1.0167332438679486,BTG,0.00194931795847344,0.0,0.9838070476653445,LSCC,0.0036781573580138005,0.0,1.0065749553442058,DXCM,0.015406632724176994,0.0,1.0807152516426644,0.03869505341182524,1.2483107229431012
2020-06-16,3124.739990234375,3153.449951171875,3076.06005859375,3131.0,5845810000,358,445,247,455,39,416,-63076,0.01896239819380252,1.1826191705767946,DDOG,0.001153094308286118,0.0,1.0514517094943203,PLMR,0.0030213789845127794,0.0,1.0320929261473393,BTG,-0.0069498077254684714,0.0,0.9496206985641699,LSCC,0.006320542927005146,0.0,1.0383854564167125,DXCM,-0.002884012539184955,0.0,1.065131269957535,0.0006611959551506177,1.2491361009438822
2020-06-17,3113.489990234375,3141.159912109375,3108.030029296875,3136.1298828125,4560450000,289,434,242,167,327,-160,-63236,-0.0036002995561740248,1.178361387301844,DDOG,0.002561295472900094,0.0,1.0649171020118247,PLMR,0.0039927440905425104,0.0,1.0526973408061668,BTG,0.006000000693761987,0.0,0.9781093228151486,LSCC,0.0018964276306229434,0.0,1.0482315707706409,DXCM,0.005180657850270398,0.0,1.092721673333905,0.019631125738097933,1.273658048805509
2020-06-18,3115.340087890625,3120.0,3093.510009765625,3101.639892578125,4448690000,266,423,236,229,265,-36,-63272,0.0005942198825281686,1.179061593066982,DDOG,0.008694606383792892,0.0,1.111212277178636,PLMR,-0.006215901902099397,0.0,1.0199800237909067,BTG,-0.006213592930542755,0.0,0.9477214569474378,LSCC,-0.0008670580773870951,0.0,1.0436871825185967,DXCM,-0.0006299861286485965,0.0,1.0892796758505348,-0.005231932654884952,1.2669943556688064
2020-06-19,3097.739990234375,3155.530029296875,3083.110107421875,3140.2900390625,8346650000,204,392,235,152,342,-190,-63462,-0.005649494809462974,1.172400490716913,DDOG,0.0003231376507399908,0.0,1.1130076498022405,PLMR,0.0037218330984019055,0.0,1.0389610008521755,BTG,0.007615231343212692,0.0,0.9838070476653444,LSCC,0.00029028241148392197,0.0,1.0452020026794786,DXCM,0.0037072885081588683,0.0,1.1094710459727932,0.01565777301199738,1.2868326656973503
2020-06-22,3117.860107421875,3120.919921875,3079.389892578125,3094.419921875,4686690000,201,394,232,268,226,42,-63420,0.006495095537691675,1.180015343912556,DDOG,0.005115799509816466,0.0,1.141477269748642,PLMR,0.0009855857623755516,0.0,1.0440809267026923,BTG,0.00581393986168286,0.0,1.0124060227184748,LSCC,0.002318838336241935,0.0,1.0573202750441286,DXCM,-0.0014803590422716396,0.0,1.1012589684975713,0.012753804427845173,1.303244677847017
2020-06-23,3131.2900390625,3154.89990234375,3127.1201171875,3138.699951171875,4711850000,192,387,237,248,246,2,-63418,0.004307419569164139,1.1850981650968389,DDOG,0.0015279188604782501,0.0,1.1501976929949227,PLMR,0.0,0.0,1.0440809267026923,BTG,0.003766491455542953,0.0,1.0314721158890217,LSCC,-0.00107449583180792,0.0,1.051639843902024,DXCM,0.00028056375018108425,0.0,1.1028038352281824,0.004500478234394367,1.309109902153758
2020-06-24,3050.330078125,3115.010009765625,3032.1298828125,3114.39990234375,5597680000,82,298,203,21,473,-452,-63870,-0.025855145939064572,1.1544572790861425,DDOG,-0.002653589940938339,0.0,1.1349369278538137,PLMR,0.0009329012960206829,0.0,1.0489510489510494,BTG,-0.002218109407910163,0.0,1.0200325258677694,LSCC,-0.004969395193976056,0.0,1.0255097739716217,DXCM,-0.0061931709474151615,0.0,1.0686545718630165,-0.015101364194219036,1.2893405567510756
2020-06-25,3083.760009765625,3086.25,3024.010009765625,3046.60009765625,4847690000,119,324,213,375,119,256,-63614,0.010959447267809841,1.1671094927592263,DDOG,0.002485872257900779,0.0,1.1490434689709084,PLMR,-0.0018333253406342953,0.0,1.039335706255415,BTG,-0.004485927626563524,0.0,0.9971535654288514,LSCC,0.005834571032149594,0.0,1.0554268220736271,DXCM,0.0019223985098938635,0.0,1.07892647164572,0.003923588832746417,1.2943993989611513
2020-06-26,3009.050048828125,3073.72998046875,3004.6298828125,3073.199951171875,8107850000,73,252,193,56,438,-382,-63996,-0.024226905044785974,1.1388340419012801,DDOG,-0.013569817377775012,0.0003881424561252367,0.932150913111125,GOLD,0.0015924906221708895,-0.0003328706404721984,1.0079624531108544,PFSI,-0.00034156373504918083,0.00018920685327583942,0.9982921813247541,PLMR,-0.009921388557754802,1.7350567588472907e-05,0.950393057211226,GOTU,-0.0005802950472336739,0.00014570234011542012,0.9970985247638317,-0.022413042519009007,1.2653879701956554
2020-06-29,3053.239990234375,3053.889892578125,2999.739990234375,3018.590087890625,4473970000,95,320,210,436,58,378,-63618,0.014685678433118632,1.155558592429331,DDOG,-0.001846150956915671,0.0,0.9235464566099754,GOLD,0.0020099752772690938,0.0,1.018092351166696,PFSI,-0.006532581046655195,0.0,0.9656850584110233,PLMR,0.008575070768459625,0.0,0.9911414958284208,GOTU,0.0023590643093756914,0.0,1.0088596224773392,0.004565378351533544,1.2711649450410776
2020-06-30,3100.2900390625,3111.510009765625,3047.830078125,3050.199951171875,4705850000,170,362,229,437,57,380,-63238,0.015409875731554612,1.173365606739197,DDOG,0.007716186527575709,0.0,0.9591777402403963,GOLD,0.006199817561165455,0.0,1.0496522853549535,PFSI,0.0045020993292183235,0.0,0.9874231086795654,PLMR,0.009247287688389338,0.0,1.0369683485875505,GOTU,0.005691753112643783,0.0,1.0375705219596194,0.03335714421899261,1.3135673774389407
2020-07-01,3115.860107421875,3128.43994140625,3101.169921875,3105.919921875,4449230000,176,356,226,221,273,-52,-63290,0.005022132820864389,1.1792584046636754,DDOG,0.005589420104574039,0.0,0.9859839769661941,GOLD,-0.0009650957980201547,0.0,1.044587210305062,PFSI,-0.0003828306856183739,0.0,0.9855330293511093,PLMR,0.005153915646975049,0.0,1.0636905855735668,GOTU,-0.009134861149538232,0.0,0.9901802087048442,0.0002605481183723269,1.3139096249474878
2020-07-02,3130.010009765625,3165.81005859375,3124.52001953125,3143.639892578125,4197720000,208,357,238,343,151,192,-63098,0.004541250844364075,1.1846137128895777,DDOG,0.0004699017474284695,0.0,0.9883005549347585,GOLD,-0.004028328869816233,0.0,1.0235475062234987,PFSI,-0.005706094152057606,0.0,0.9574153080739094,PLMR,-0.0010458089759907807,0.0,1.058128499763218,GOTU,0.020401747257948966,0.0,1.0911872404939411,0.010091417007512815,1.3271688348830175
2020-07-06,3179.719970703125,3182.590087890625,3155.2900390625,3155.2900390625,4759160000,286,378,248,393,101,292,-62806,0.01588172586745884,1.2034274231365225,DDOG,-0.0014064008911037762,0.0,0.9813508210290656,GOLD,0.0025884831812288847,0.0,1.03679468374874,PFSI,0.0027147385700702744,0.0,0.9704109693959292,PLMR,0.0021026126076722387,0.0,1.0692526713839154,GOTU,0.008305591775394206,0.0,1.136502019344249,0.014305025243261828,1.3461540185680896
2020-07-07,3145.320068359375,3184.14990234375,3142.929931640625,3166.43994140625,4571330000,223,336,234,82,412,-330,-63136,-0.010818532028197159,1.1904081050157094,DDOG,0.0025404614771746383,0.0,0.9938162408111558,GOLD,0.003081541462753723,0.0,1.0527693127804119,PFSI,-0.005892403479851427,0.0,0.9418207045311563,PLMR,-0.0022390543036367784,0.0,1.0572820974062291,GOTU,0.010348505777661244,0.0,1.1953075079117872,0.0078390509341014,1.35670658848479
2020-07-08,3169.93994140625,3171.800048828125,3136.530029296875,3153.070068359375,4937310000,251,329,233,300,194,106,-63030,0.007827461915415501,1.1997259791215218,DDOG,0.013408815986347156,0.0,1.0604457362975561,GOLD,0.005181336234136369,0.0,1.0800430717128917,PFSI,0.0020572007170570838,0.0,0.9515082756746598,PLMR,0.0077081313428502,0.0,1.098030443772486,GOTU,0.02633482388584456,0.0,1.3526985714632105,0.054690308166235366,1.430905289900185
2020-07-09,3152.050048828125,3179.780029296875,3115.699951171875,3176.169921875,4843650000,212,275,220,124,370,-246,-63276,-0.005643606159361103,1.192955198196206,DDOG,-6.241294112965257e-05,0.0,1.0601148086110024,GOLD,-0.0009379705702204478,0.0,1.0749778286337057,PFSI,-0.00014897776268714137,0.0,0.9507995078042182,PLMR,-0.0007708368759624219,0.0,1.0937984319875398,GOTU,0.02467715545030549,0.0,1.5196023360902295,0.022756957300305827,1.4634683404832254
2020-07-10,3185.0400390625,3186.820068359375,3136.219970703125,3152.469970703125,4524190000,262,329,230,369,125,244,-63032,0.01046620127324438,1.2054409074104908,LITE,-0.0028781576428901293,0.0002593886496995575,0.9856092117855494,DDOG,-0.0010458783810841901,3.2427059253300766e-05,0.9947706080945791,ENPH,0.0019865906629721744,-0.00014923546911755825,1.0099329533148609,GOLD,-0.004030981977504421,-7.53401857318255e-05,0.9798450901124779,PFSI,0.004779023485279388,-0.0017773911534800385,1.023895117426397,-0.002899554952603742,1.4592249336085985
2020-07-13,3155.219970703125,3235.320068359375,3149.429931640625,3205.080078125,4902440000,239,317,231,199,295,-96,-63128,-0.009362541127788226,1.1941549173377417,LITE,-0.009535364043736429,0.0,0.9386184985893727,DDOG,-0.02022611685436935,0.0,0.894168875281514,ENPH,-0.011221362414682013,0.0,0.95326883489648,GOLD,-0.007229877408058827,0.0,0.9444242907104701,PFSI,-0.003695612893334621,0.0,1.0049755174394803,-0.051908333614181235,1.383478998936712
2020-07-14,3197.52001953125,3200.949951171875,3127.659912109375,3141.110107421875,4507140000,329,357,251,435,59,376,-62752,0.013406370782667931,1.2101642009315177,LITE,0.005426744594695477,0.0,0.9640867129078781,DDOG,0.005146539656826921,0.0,0.9171782531641972,ENPH,0.013608568020091916,0.0,1.0181319538020925,GOLD,0.007041769316706015,0.0,0.9776763806718543,PFSI,0.0003467470695897923,0.0,1.0067178790178886,0.031570368657910124,1.4271559409636203
2020-07-15,3226.56005859375,3238.280029296875,3200.760009765625,3225.97998046875,4686830000,403,412,276,404,90,314,-62438,0.009082050740923053,1.2211549736092262,LITE,0.004836920858394445,0.0,0.9874027685627034,DDOG,-0.0009224795489481963,0.0,0.9129478622577772,ENPH,0.007408731765416343,0.0,1.0558472865396873,GOLD,0.00029575846238123483,0.0,0.979122160987124,PFSI,0.0099901102294238,0.0,1.0570039919244907,0.021609041766667624,1.457995413299451
2020-07-16,3215.570068359375,3220.389892578125,3198.590087890625,3208.360107421875,3972860000,394,397,275,227,267,-40,-62478,-0.0034061012455366413,1.2169955961326226,LITE,-0.0011382930740657215,0.0,0.9817829998988622,DDOG,-0.007154160930034204,0.0,0.880290982621163,ENPH,-0.0007247595572318134,0.0,1.0520211094802028,GOLD,-0.002953105992423799,0.0,0.9646649033824939,PFSI,0.0013189444352887936,0.0,1.0639746395906249,-0.010651375118466743,1.4424657572313946
2020-07-17,3224.72998046875,3233.52001953125,3205.64990234375,3224.2099609375,4012850000,403,399,284,314,180,134,-62344,0.002848612194617406,1.2204623446285616,LITE,0.004603579041771821,0.0,1.0043815781083736,DDOG,0.004653344789422809,0.0,0.9007724699069434,ENPH,0.005438169896727674,0.0,1.0806264571216893,GOLD,0.004870726038606055,0.0,0.9881579956996664,PFSI,0.004866572172068474,0.0,1.0898641864547165,0.024432391938596833,1.477708645970077
2020-07-20,3251.840087890625,3258.610107421875,3215.159912109375,3224.2900390625,3979340000,389,375,275,193,301,-108,-62452,0.0084069387471426,1.230722696803048,LITE,0.007452374412899943,0.0,1.0418067159757882,DDOG,0.01108819282634186,0.0,0.9507121641018854,ENPH,0.014264034544909699,0.0,1.157696922694325,GOLD,0.005705933669090913,0.0,1.0163498155898871,PFSI,0.0005939168714792942,0.0,1.093100630094499,0.0391044523247217,1.535493633266243
2020-07-21,3257.300048828125,3277.2900390625,3247.77001953125,3268.52001953125,4556610000,434,401,284,344,150,194,-62258,0.0016790373419135474,1.2327891261685209,LITE,-0.0010788330222061494,0.0,1.036187038536034,DDOG,-0.0030822621626907633,0.0,0.93606044344678,ENPH,-0.007680209021872964,0.0,1.1132401509429675,GOLD,0.0007823527787916618,0.0,1.0203255361021428,PFSI,0.00031884748184309866,0.0,1.0948432920110327,-0.010740103946135116,1.519002272036335
2020-07-22,3276.02001953125,3279.320068359375,3253.10009765625,3254.860107421875,4267160000,439,409,304,367,127,240,-62018,0.005747082068739751,1.2398740664500614,LITE,0.0013385510665833156,0.0,1.0431219848640951,DDOG,-0.002689597011215006,0.0,0.9234723165917247,ENPH,0.0032078670422509784,0.0,1.1310957828945698,GOLD,0.0020545476363192706,0.0,1.0308070731945171,PFSI,0.002683038854685682,0.0,1.1095308274723206,0.0065944075886242405,1.5290191921461886
2020-07-23,3235.659912109375,3279.989990234375,3222.659912109375,3271.639892578125,4296760000,406,410,300,197,297,-100,-62118,-0.012319859824193036,1.2245989917517444,LITE,0.0005272887725026098,0.0,1.0458721174189425,DDOG,-0.009564243082227654,0.0,0.879310748013769,ENPH,-0.0013208880477328711,0.0,1.1236255283922374,GOLD,-0.0037166813733388038,0.0,1.0116511659522773,PFSI,-0.0008525810721227378,0.0,1.1048010025601227,-0.014927104802919457,1.5061953624193472
2020-07-24,3215.6298828125,3227.260009765625,3200.050048828125,3218.580078125,3689410000,372,367,292,109,385,-276,-62394,-0.006190400054688405,1.217018234086233,GEN,-0.006556217697633636,-0.000332378818491415,0.9672189115118318,DDOG,0.00324997493074242,-0.000893405148596823,1.016249874653712,ENPH,-0.002615402250358839,-0.0008758729638349143,0.9869229887482058,PFSI,-0.0034515267435378987,0.00014559281364032642,0.9827423662823105,NEM,0.001277737800901049,-0.00016606158547600167,1.0063886890045053,-0.010217559662645731,1.4908057214402273
2020-07-27,3239.409912109375,3241.429931640625,3214.25,3219.840087890625,3970310000,373,367,291,306,188,118,-62276,0.007395138795039502,1.2260182528433945,GEN,0.004217714875522693,0.0,0.9876161794666835,DDOG,0.007048575252775403,0.0,1.0520654432393133,ENPH,0.008616930860292539,0.0,1.0294442245405886,PFSI,0.006847431490108491,0.0,1.0163886714100365,NEM,0.006861436180902381,0.0,1.0409150478184375,0.033592088659601504,1.5408849994090885
2020-07-28,3218.43994140625,3243.719970703125,3216.169921875,3234.27001953125,4053180000,333,342,286,155,339,-184,-62460,-0.006473392152297919,1.218081755906864,GEN,-0.0024015002880869666,0.0,0.9757573767691405,DDOG,0.001024699849392663,0.0,1.057455699745506,ENPH,-0.016039863646953513,0.0,0.9468834995717145,PFSI,0.003910285236351996,0.0,1.036260519491087,NEM,-0.0013036325705023223,0.0,1.034130194021127,-0.014810011419798142,1.5180644749712444
2020-07-29,3258.43994140625,3264.739990234375,3227.219970703125,3227.219970703125,4478200000,399,381,299,425,69,356,-62104,0.01242838167815008,1.2332205408844656,GEN,0.005930968667186454,0.0,1.0046933089111096,DDOG,0.004191206388088275,0.0,1.0796157751649746,ENPH,0.006604925405437401,0.0,0.978153973983268,PFSI,0.005317003666007647,0.0,1.0638095243964525,NEM,-0.0020410975560329002,0.0,1.0235763909629452,0.020003006570686876,1.5484303286388206
2020-07-30,3246.219970703125,3250.919921875,3204.1298828125,3231.760009765625,4264920000,333,355,294,139,355,-216,-62320,-0.003750251937389204,1.2285956531617854,GEN,-0.00047213226673086255,0.0,1.002321568264582,DDOG,0.0058360256584004235,0.0,1.111119101990358,ENPH,6.766054846081282e-05,0.0,0.9784848861550621,PFSI,0.007217177060670732,0.0,1.102198032878438,NEM,-0.0065694547464485,0.0,0.9899546970631244,0.006079276254352606,1.557843664367234
2020-07-31,3271.1201171875,3272.169921875,3220.260009765625,3270.449951171875,5007530000,326,338,289,239,255,-16,-62336,0.007670504990141325,1.2380196022502288,GEN,0.003028836163601234,0.0,1.0175009073321684,DDOG,0.002371708600233946,0.0,1.1242953556407316,ENPH,0.00412580734965875,0.0,0.9986700868292049,PFSI,-0.0022536283056493025,0.0,1.0897783094518088,NEM,0.010782803670083352,0.0,1.043327132766667,0.01805552747792798,1.5859713534555324
2020-08-03,3294.610107421875,3302.72998046875,3284.530029296875,3288.260009765625,4438940000,340,342,291,290,204,86,-62250,0.00718102343932614,1.2469098500323328,GEN,0.004755268653734168,0.0,1.041693358181082,DDOG,0.003856802784623348,0.0,1.145976282932603,ENPH,0.0028164296405766456,0.0,1.01273350699772,PFSI,0.002072135073101045,0.0,1.101069148736408,NEM,-0.0030346578920636747,0.0,1.0274964281793943,0.010465978259971533,1.6025700951617359
2020-08-04,3306.510009765625,3306.840087890625,3286.3701171875,3289.919921875,4414380000,351,341,289,294,200,94,-62156,0.0036119303819721615,1.2514136016032449,GEN,0.001275034197545022,0.0,1.048334331456264,DDOG,-0.003031246944693411,0.0,1.1286075974009502,ENPH,0.02528997869478147,0.0,1.1407935510750382,PFSI,0.001640649820185347,0.0,1.110101493240838,NEM,0.006162864978213944,0.0,1.059158036941728,0.03133728074603237,1.652790284149015
2020-08-05,3327.77001953125,3330.77001953125,3317.3701171875,3317.3701171875,4535060000,370,357,306,314,180,134,-62022,0.006429743053199433,1.2594598695148327,GEN,-0.0018099875509274945,0.0,1.0388469710105355,DDOG,0.0002122659155710416,0.0,1.129805422025864,ENPH,0.017519945418014472,0.0,1.240726754815326,PFSI,0.0033360301762819233,0.0,1.1286181536417732,NEM,0.0003416543641489689,0.0,1.0609673667699508,0.019599908323088912,1.6851848221956276
2020-08-06,3349.159912109375,3351.030029296875,3318.139892578125,3323.169921875,4278930000,357,347,301,247,247,0,-62022,0.00642769555966427,1.2675552941256885,GEN,0.002374487965128003,0.0,1.0511806191619064,DDOG,-0.009139095785705908,0.0,1.0781784221703428,ENPH,-0.009654607868542043,0.0,1.1808331033665727,PFSI,0.0020408155054794986,0.0,1.140134660780362,NEM,-0.000738942744133686,0.0,1.0570473960827644,-0.015117342927774138,1.6597093053418162
2020-08-07,3351.280029296875,3352.5400390625,3328.719970703125,3340.050048828125,4110030000,380,374,317,344,150,194,-61828,0.0006330295486443038,1.2683576940814105,PFSI,-0.01611531089188743,0.0015468534299999696,0.9194234455405629,DOYU,0.0060895115063921805,-0.003329676028334458,1.030447557531961,LITE,-0.00516974618549254,0.00048070632989578036,0.9741512690725374,SYNA,-0.0029674227137909464,0.004312945910841024,0.9851628864310452,EBS,0.005931178740092974,-0.0006612690258142803,1.029655893700465,-0.009882228928097727,1.6433076780323341
2020-08-10,3360.469970703125,3363.2900390625,3335.43994140625,3356.0400390625,4327920000,390,393,328,315,179,136,-61692,0.002742218294476073,1.2718358077540601,PFSI,0.0016689278242253192,0.0,0.9270957023931017,DOYU,-0.017026839835635934,0.0,0.9427212299263662,LITE,-0.0072695419924097004,0.0,0.9387431012851273,SYNA,-0.005438809365182751,0.0,0.958372320766287,EBS,-0.0007194263087862085,0.0,1.0259520860058404,-0.028785689677789276,1.596003933167367
2020-08-11,3333.68994140625,3381.010009765625,3326.43994140625,3370.340087890625,4880540000,358,386,327,211,283,-72,-61764,-0.007969132154236114,1.2617003801235784,PFSI,0.0012702063864796999,0.0,0.9329837168033897,DOYU,0.006585547987349472,0.0,0.9737629094182322,LITE,0.004135423231619928,0.0,0.9581536014330145,SYNA,-0.006607371191945499,0.0,0.9267107124493414,EBS,-0.012074660823344054,0.0,0.9640119687082263,-0.006690854409840454,1.5853253032130115
2020-08-12,3380.35009765625,3387.889892578125,3355.4599609375,3355.4599609375,3772250000,393,404,328,354,140,214,-61550,0.013996549490237653,1.2793598319358297,PFSI,0.0027156208224309087,0.0,0.945651866845091,DOYU,0.0049895809507197525,0.0,0.9980562537349854,LITE,0.0069679541638458355,0.0,0.9915354533165598,SYNA,0.004993439231019714,0.0,0.9498480805860953,EBS,0.011836843594857394,0.0,1.0210662631940755,0.031503438762873606,1.6352685018220168
2020-08-13,3373.429931640625,3387.239990234375,3363.35009765625,3372.949951171875,3438730000,383,392,324,188,306,-118,-61668,-0.002047174350497949,1.2767407593028333,PFSI,-0.01769808954788543,0.0,0.8619707097423437,DOYU,-0.003921554356407331,0.0,0.9784865944861153,LITE,0.0028611419029614727,0.0,1.0057200714853394,SYNA,-9.324222402000704e-05,0.0,0.9494052508485203,EBS,0.008288947771300714,0.0,1.06338408782734,-0.010562796454050583,1.6179954934895506
2020-08-14,3372.85009765625,3378.510009765625,3361.639892578125,3368.659912109375,3200060000,376,396,329,249,245,4,-61664,-0.00017188262276812694,1.2765213097525294,PFSI,0.005564760082342125,0.0,0.8859540107309553,DOYU,0.0019310167740679064,0.0,0.9879339646218817,LITE,-0.0027783778273459125,0.0,0.9917487197496813,SYNA,-0.002705232353578313,0.0,0.9365634418422576,EBS,-0.0022528594115313718,0.0,1.0514058135756674,-0.00024069273604556676,1.6176060537273134
2020-08-17,3381.989990234375,3387.590087890625,3379.219970703125,3380.860107421875,3460330000,380,390,322,255,239,16,-61648,0.0027098425110787527,1.2799804814639948,PFSI,0.00024243845757179196,0.0,0.887027957350161,DOYU,-0.0008196646861671653,0.0,0.9838850917065532,LITE,-0.005785557315427759,0.0,0.9630596244466119,SYNA,0.0008274195754936376,0.0,0.9404380964696175,EBS,-4.496893975203253e-05,0.0,1.0511694105522393,-0.005580332908281528,1.6085792734330635
2020-08-18,3389.780029296875,3395.06005859375,3370.14990234375,3387.0400390625,3669550000,357,382,322,175,319,-144,-61792,0.002303389154016955,1.2829287746223523,PFSI,-0.004640844237567033,0.0,0.8664451644280143,DOYU,0.0052126376316872225,0.0,1.0095282739779814,LITE,-0.006888151728121139,0.0,0.9298911203645337,SYNA,-0.0015773942154548193,0.0,0.933020888402795,EBS,-0.00520279066883691,0.0,1.0238243385492993,-0.01309654321829268,1.5875124454584975
2020-08-19,3374.85009765625,3399.5400390625,3369.659912109375,3392.510009765625,3679480000,323,372,317,160,334,-174,-61966,-0.0044043954214108005,1.2772782490014094,PFSI,0.00024789719264335376,0.0,0.8675191110472199,DOYU,-0.0008021528162170943,0.0,1.0054792942378703,LITE,-0.0011010513671132482,0.0,0.9247718309178145,SYNA,-0.001850970077347647,0.0,0.9243859196729255,EBS,0.002863301472545965,0.0,1.0384819272302823,-0.0006429755954886706,1.586491713698533
2020-08-20,3385.510009765625,3390.800048828125,3354.68994140625,3360.47998046875,3431040000,281,346,316,161,333,-172,-62138,0.0031586327691348615,1.2813127019340085,PFSI,-0.0009903281469005655,0.0,0.8632234680789989,DOYU,-0.002684560478414899,0.0,0.9919829443619929,LITE,-0.005604890625839998,0.0,0.8988556060870537,SYNA,-0.0054131787694142956,0.0,0.8993665884973305,EBS,-0.0010016750162742617,0.0,1.0332808202234878,-0.01569463303684402,1.5615923084360408
2020-08-21,3397.159912109375,3399.9599609375,3379.31005859375,3386.010009765625,3505010000,263,336,311,225,269,-44,-62182,0.0034411070444764214,1.2857218360988107,PFSI,0.003938328175039596,-0.00039626538065579863,1.019691640875198,APPS,-0.0020354086093587794,-0.00014873418739514191,0.9898229569532061,DOYU,-0.0004723955426619148,-0.00024862004999118086,0.9976380222866904,SYNA,0.0022915408942427453,-0.0001580491739095376,1.0114577044712136,EXPI,-0.005665893692302713,-0.00020152190367133012,0.9716705315384865,-0.003097019470664056,1.556756026651575
2020-08-24,3431.280029296875,3432.090087890625,3413.1298828125,3418.090087890625,3743410000,331,385,324,388,106,282,-61900,0.010043718303008653,1.2986352640366143,PFSI,0.009633069248500804,0.0,1.0688054418185389,APPS,-0.016690442768795343,0.0,0.9072200398818698,DOYU,0.01393445104610942,0.0,1.067145713203147,SYNA,0.013047185306089793,0.0,1.0774410849687543,EXPI,-0.01593879132774727,0.0,0.8942342623309204,0.003985471504157404,1.56296043343472
2020-08-25,3443.6201171875,3444.2099609375,3425.840087890625,3435.949951171875,3627650000,327,377,324,245,249,-4,-61904,0.0035963511532906,1.3033056124661362,PFSI,-0.0035588556178080214,0.0,1.0497868205637404,APPS,-0.009260704270278853,0.0,0.865212557394787,DOYU,0.002937393157835633,0.0,1.0828188457850298,SYNA,0.002014645712613916,0.0,1.0882943952808863,EXPI,0.01989272543277809,0.0,0.9831780455965797,0.012025204415140767,1.5817553521395495
2020-08-26,3478.72998046875,3481.070068359375,3444.14990234375,3449.969970703125,3780530000,308,374,319,238,256,-18,-61922,0.010195626139483993,1.316593629236332,PFSI,0.002030674578783831,0.0,1.0604456976120458,APPS,-0.006854346346337925,0.0,0.8355602247368638,DOYU,0.003650121082260638,0.0,1.1025809452713753,SYNA,-0.0011332729195481894,0.0,1.0821277224475467,EXPI,-0.0013167141367771641,0.0,0.9767052234385499,-0.0036235377416188102,1.5760238019230643
2020-08-27,3484.550048828125,3501.3798828125,3468.35009765625,3485.139892578125,3955890000,338,390,327,305,189,116,-61806,0.0016730440109038458,1.31879634832252,PFSI,0.0002365136868054396,0.0,1.0616997472200418,APPS,-0.008196022900109479,0.0,0.801318871055044,DOYU,0.0014832990901085807,0.0,1.1107582318358358,SYNA,-0.00396625918881639,0.0,1.060667727334394,EXPI,9.820095041153111e-05,0.0,0.9771847903446178,-0.01034426836160032,1.5597209887717025
2020-08-28,3508.010009765625,3509.22998046875,3484.320068359375,3494.68994140625,3868510000,351,405,337,363,131,232,-61574,0.00673256535528588,1.3276752309279138,PFSI,0.008740164893672865,0.0,1.1080969015114117,APPS,0.011277521905520206,0.0,0.8465033266631938,DOYU,0.0047852712356183606,0.0,1.1373346289184874,SYNA,0.0014883706736010362,0.0,1.068561061033392,EXPI,0.0010304288141000483,0.0,0.9822193871679749,0.027321757522512514,1.6023353074296962
2020-08-31,3500.31005859375,3514.77001953125,3493.25,3509.72998046875,4348280000,311,385,330,149,345,-196,-61770,-0.0021949627140287475,1.3247610332996875,PFSI,-0.001131624013312904,0.0,1.1018271561972721,APPS,0.0017514678551299402,0.0,0.8539164434927495,DOYU,0.0005991557187407182,0.0,1.1407418316536793,SYNA,-0.0030240017724429084,0.0,1.0524044083207498,EXPI,0.017134435731564146,0.0,1.0663682619866048,0.015329433519678992,1.626898200001174
2020-09-01,3526.64990234375,3528.030029296875,3494.60009765625,3507.43994140625,4101490000,313,381,331,302,192,110,-61660,0.007525003016613407,1.3347298640715595,PFSI,0.00428676749883179,0.0,1.1254435404098557,APPS,0.022488625492380176,0.0,0.9499334789902178,DOYU,0.009557952837484463,0.0,1.1952576147871368,SYNA,0.004781438818122519,0.0,1.0775644447722903,EXPI,0.004428990948809819,0.0,1.0899829388887885,0.04554377559562876,1.7009932865389599
2020-09-02,3580.840087890625,3588.110107421875,3535.22998046875,3543.760009765625,4295640000,406,419,353,452,42,410,-61250,0.015365910154807594,1.3552392032438216,PFSI,-0.0010399122400489348,0.0,1.1195917278440746,APPS,-0.004013370577782749,0.0,0.9308713036130671,DOYU,-0.0068414969189410264,0.0,1.1543708583426018,SYNA,0.0018312816692559243,0.0,1.0874310648480574,EXPI,-0.00248543122933147,0.0,1.076437550710025,-0.012548929296848256,1.679647642051769
2020-09-03,3455.06005859375,3564.85009765625,3427.409912109375,3564.739990234375,4911830000,255,366,339,44,450,-406,-61656,-0.03512584371534122,1.3076352827937756,PFSI,-0.00966961112997853,0.0,1.0654616446811098,APPS,-0.01706484587328827,0.0,0.8514454269929476,DOYU,-0.018536007900499165,0.0,1.0473837215908794,SYNA,-0.01279346604690057,0.0,1.0178710028156646,EXPI,-0.026236104216828073,0.0,0.9352299118933481,-0.0843000351674946,1.5380532867578054
2020-09-04,3426.9599609375,3479.14990234375,3349.6298828125,3453.60009765625,4438720000,227,353,335,177,317,-140,-61796,-0.008133027264274895,1.297000249387086,APPS,-0.0009620743987317159,3.0546336341121724e-05,0.9951896280063415,EXPI,0.0002928798767397477,-0.0009180608085180982,1.0014643993836987,ZM,-0.003184823353244589,0.000427975449292307,0.984075883233777,SYNA,0.002323789792383659,-0.00013199682140911987,1.0116189489619183,PFSI,-0.002234188215821766,-0.000536809981978552,0.9888290589208911,-0.004892762124947005,1.5305279578902065
2020-09-08,3331.840087890625,3379.969970703125,3329.27001953125,3371.8798828125,4694330000,126,271,315,45,449,-404,-62200,-0.027756342102360998,1.2610002667582505,APPS,-0.0001702166618184897,0.0,0.9943426387245634,EXPI,0.005644776541802976,0.0,1.0297296131291582,ZM,-0.010278736388000677,0.0,0.9335006002860324,SYNA,-0.011177731317384554,0.0,0.9550809249265619,PFSI,0.0002769301000130398,0.0,0.9901982415718049,-0.015704977725387703,1.5064910504034577
2020-09-09,3398.9599609375,3424.77001953125,3366.840087890625,3369.820068359375,3932520000,202,315,325,408,86,322,-61878,0.02014498633677464,1.2864030999027647,APPS,0.013543442790343897,0.0,1.061676751932392,EXPI,0.021102949907685842,0.0,1.138381275350785,ZM,0.022098716640533755,0.0,1.0366464265334785,SYNA,0.00591972000742782,0.0,0.9833499832265641,PFSI,0.009324402956119693,0.0,1.0363632786260881,0.07198923230211102,1.6149421845920033
2020-09-10,3339.18994140625,3425.550048828125,3329.25,3412.56005859375,4208630000,136,269,314,54,440,-386,-62264,-0.01758479659017942,1.2637819630579983,APPS,-0.0007977693074353809,0.0,1.0574418862968453,EXPI,-0.0033712623610815174,0.0,1.1191923656200347,ZM,-0.002653654813878803,0.0,1.0228919176331743,SYNA,-0.0025169752845279228,0.0,0.970974645207453,PFSI,-0.00011323422337168322,0.0,1.0357765196711572,-0.009452895990295307,1.599676304090715
2020-09-11,3340.969970703125,3368.949951171875,3310.469970703125,3352.699951171875,3710090000,167,267,318,308,186,122,-62142,0.0005330721905940639,1.2644556500774788,APPS,-0.006167389440040783,0.0,1.0248336066818255,EXPI,-0.004402248675437703,0.0,1.0945575500744806,ZM,-0.0007698766874935092,0.0,1.0189544144271179,SYNA,0.0012245354773047891,0.0,0.9769196097105528,PFSI,0.0032483560227881017,0.0,1.0525993741508388,-0.006866623302879106,1.588691929503982
2020-09-14,3383.5400390625,3402.929931640625,3363.56005859375,3363.56005859375,3839580000,257,311,334,447,47,400,-61742,0.012741829089357504,1.2805671278618385,APPS,0.009173542710815231,0.0,1.0718403809936983,EXPI,-0.0011845373881474775,0.0,1.088074828366769,ZM,0.01071018786716711,0.0,1.0735203804600864,SYNA,0.005961255901481888,0.0,1.0060379486538549,PFSI,0.014383928498920319,0.0,1.1283019448298086,0.03904437759023707,1.650721417074098
2020-09-15,3401.199951171875,3419.47998046875,3389.25,3407.72998046875,4057190000,266,312,334,291,203,88,-61654,0.005219359577689042,1.287250868165518,APPS,0.026550775829709883,0.0,1.214131349398671,EXPI,-0.0012869594672888065,0.0,1.0810732873593427,ZM,0.0036826807246228555,0.0,1.0932875445231371,SYNA,0.001905453287439185,0.0,1.0156227402366103,PFSI,-0.00020805657270479562,0.0,1.1271281916517213,0.030643893801778323,1.7013059488752378
2020-09-16,3385.489990234375,3428.919921875,3384.449951171875,3411.22998046875,4718900000,283,330,346,288,206,82,-61572,-0.004618946596211537,1.2813051251495344,APPS,0.024834317798875773,0.0,1.3648919683013934,EXPI,-0.00028783263585272504,0.0,1.0795174464900896,ZM,-0.001348123325651085,0.0,1.08591811232106,SYNA,-0.0035121281490392287,0.0,0.9977877541626635,PFSI,0.0014925483212136382,0.0,1.135539658102933,0.02117878200954637,1.7373375366980108
2020-09-17,3357.010009765625,3375.169921875,3328.820068359375,3346.860107421875,4379840000,252,297,339,171,323,-152,-61724,-0.008412365876402483,1.2705263176374668,APPS,0.0007446412261192137,0.0,1.3699737424453744,EXPI,-0.006677856920349435,0.0,1.0434731312366807,ZM,0.002427903280133004,0.0,1.0991006330553605,SYNA,-0.0003161411887031118,0.0,0.9962105451292915,PFSI,-0.001515954309626344,0.0,1.1269325269106691,-0.005337407912426673,1.7280646575830831
2020-09-18,3319.469970703125,3362.27001953125,3292.39990234375,3357.3798828125,7076400000,203,256,323,98,396,-298,-62022,-0.011182581807410497,1.2563185531520178,APPS,0.0009646945097817906,0.00026880990637423853,1.004823472548909,EXPI,-0.0078276368720664,0.00031750239465933955,0.960861815639668,ZM,0.00880978180647871,0.0006056460204708746,1.0440489090323934,DOYU,-0.0031470606117926024,0.0002909318230768438,0.984264696941037,SYNA,-0.0027338117617288476,0.00027214030372758657,0.9863309411913558,-0.002179002481018468,1.7242992004068494
2020-09-21,3281.06005859375,3285.570068359375,3229.10009765625,3285.570068359375,4836070000,71,172,297,81,413,-332,-62354,-0.011571097930805796,1.2417815681412074,APPS,-0.00048796479915194093,0.0,1.0023718801290815,EXPI,0.002253451724602984,0.0,0.9716880942174598,ZM,0.013557308362614729,0.0,1.1148213740594117,DOYU,-0.010106057092837184,0.0,0.934529520832286,SYNA,-0.002079761429741489,0.0,0.9760742759491038,0.0031369767654870996,1.7297082869352738
2020-09-22,3315.570068359375,3320.31005859375,3270.949951171875,3295.75,3974510000,105,191,306,337,157,180,-62174,0.010517945160813724,1.2548425585766259,APPS,-0.00330174827662213,0.0,0.9858239819903282,EXPI,0.004203636271609979,0.0,0.9921112108051803,ZM,0.010301622225515584,0.0,1.172243717281863,DOYU,-0.004467806229758575,0.0,0.9136530367569471,SYNA,0.000519221377320278,0.0,0.9786082690987297,0.007254925368065134,1.742257191465513
2020-09-23,3236.919921875,3323.35009765625,3232.570068359375,3320.110107421875,4378650000,40,129,283,25,469,-444,-62618,-0.023721455093028143,1.2250758671745299,APPS,0.003108486344165629,0.0,1.0011460839191677,EXPI,-0.016269882642785793,0.0,0.9114035459632183,ZM,0.003219647818727323,0.0,1.1911147769186798,DOYU,-0.005779559568509152,0.0,0.8872504760025168,SYNA,-0.009765719257655193,0.0,0.9308242010025393,-0.02548702730605719,1.6978522348524567
2020-09-24,3246.590087890625,3278.699951171875,3209.449951171875,3226.139892578125,4601920000,47,134,286,303,191,112,-62506,0.0029874591429570607,1.2287357312747365,APPS,-0.014569925845176758,0.0,0.9282129629047108,EXPI,0.007127448490530286,0.0,0.9438834551029157,ZM,-0.014204937917674788,0.0,1.1065162196239053,DOYU,-0.002214556313662275,0.0,0.8774261452853607,SYNA,0.0031112184540753596,0.0,0.9453041881608345,-0.020750753131908176,1.6626205222725747
2020-09-25,3298.4599609375,3306.8798828125,3228.43994140625,3236.659912109375,3803330000,114,178,300,430,64,366,-62140,0.0159767237756141,1.24836690264654,APPS,0.000594243925513549,0.0,0.9309708874786561,EXPI,0.005422343048184519,0.0,0.9694737545582841,ZM,0.013557567322866549,0.0,1.1815245603308797,DOYU,-0.0018194376362221432,0.0,0.8694440345266732,SYNA,-0.00030634445442132566,0.0,0.9438562446819129,0.017448372205921145,1.6916305439823895
2020-09-28,3351.60009765625,3360.739990234375,3332.909912109375,3333.89990234375,3950910000,219,239,318,459,35,424,-61716,0.016110590199083896,1.2684788302331782,APPS,0.0044107972008057056,0.0,0.9515025064012684,EXPI,0.012538031238283143,0.0,1.030250215655021,ZM,-0.0035609250102278446,0.0,1.1604879585454764,DOYU,-0.0028248552200492052,0.0,0.8571637669293066,SYNA,0.007261560454026039,0.0,0.9781255905852514,0.01782460866283784,1.7217831964309789
2020-09-29,3335.469970703125,3357.919921875,3327.5400390625,3350.919921875,3661590000,198,214,308,146,348,-202,-61918,-0.0048126645432444715,1.2623740671430588,APPS,0.012753620553220824,0.0,1.0121780160116702,EXPI,0.0008598235968336976,0.0,1.0346793828853371,ZM,-0.009088300658531612,0.0,1.1077536411561422,DOYU,-0.007306591183897049,0.0,0.8258490408162984,SYNA,-0.0005674703539753079,0.0,0.9753503042096427,-0.003348918046349447,1.71601708561255
2020-09-30,3363.0,3393.56005859375,3340.469970703125,3341.2099609375,4738640000,257,236,319,363,131,232,-61686,0.008253718228220741,1.2727933469918706,APPS,-0.0017559619227830447,0.0,1.0032912857356973,EXPI,-0.008133140987722887,0.0,0.9926034163948543,ZM,0.0019806596569548864,0.0,1.1187240558905565,DOYU,-0.0035687640110102503,0.0,0.8111127391393357,SYNA,-0.0010144838619856379,0.0,0.9704029184926254,-0.012491691126546934,1.6945811302112008
2020-10-01,3380.800048828125,3397.179931640625,3361.389892578125,3385.8701171875,4076340000,262,262,325,286,209,77,-61609,0.005292907769290922,1.2795301247868658,APPS,0.015027482946591331,0.0,1.0786759991699817,EXPI,0.02627660846217124,0.0,1.1230146730489599,ZM,0.005479570859649119,0.0,1.1493746945737884,DOYU,0.009689611560877066,0.0,0.8504095760110315,SYNA,0.0005968801259106371,0.0,0.973298989573495,0.05707015395519939,1.79129113620193
2020-10-02,3348.419921875,3369.10009765625,3323.68994140625,3338.93994140625,3975180000,301,272,333,299,196,103,-61506,-0.009577652178616392,1.2672752302995955,EXPI,0.0016446405857166,-0.001947182123288628,1.008223202928583,APPS,0.0049263421459627595,-0.0020625171952365555,1.0246317107298137,ZM,-0.001342972598806399,0.00012671149916065598,0.993285137005968,PFSI,0.010138925623726426,-0.0016268610429046341,1.0506946281186322,PLMR,0.00609634922527931,-0.0012389019007085361,1.0304817461263966,0.014714534218901,1.8176491509215873
2020-10-05,3408.60009765625,3409.570068359375,3367.27001953125,3367.27001953125,3692720000,386,324,358,448,47,401,-61105,0.01797270867614209,1.290051598826261,EXPI,0.03178601213267074,0.0,1.1684601777322234,APPS,0.006980807013716817,0.0,1.0603954918935106,ZM,0.0013022765316646368,0.0,0.9997527966218388,PFSI,0.0014676776669388936,0.0,1.058405033320944,PLMR,0.005882895833187529,0.0,1.0607928299787106,0.047419669178178615,1.9038414723402861
2020-10-06,3360.969970703125,3431.56005859375,3354.5400390625,3408.739990234375,4453390000,335,286,345,103,392,-289,-61394,-0.013973515692226712,1.2720250425662802,EXPI,0.0018547739814553932,0.0,1.1792963254123459,APPS,-5.622335984107885e-05,0.0,1.0600973969069376,ZM,-0.0029338423012606808,0.0,0.9850872113941748,PFSI,-0.004238459317960386,0.0,1.0359749999426675,PLMR,-0.03825799411126243,0.0,0.857873800765736,-0.043631745108869184,1.8207735464914405
2020-10-07,3419.43994140625,3426.260009765625,3384.56005859375,3384.56005859375,3814750000,401,334,367,438,57,381,-61013,0.01739675486921799,1.2941541504193124,EXPI,0.00864124228780332,0.0,1.2302492517973669,APPS,0.005397802039409871,0.0,1.0887083763619245,ZM,0.000986925395321503,0.0,0.9899482493218316,PFSI,0.003112347522665893,0.0,1.0520965710657444,PLMR,-0.0037718611588827057,0.0,0.8416948964240792,0.014366456086317881,1.846931609690239
2020-10-08,3446.830078125,3447.280029296875,3428.14990234375,3434.280029296875,3867640000,442,372,385,411,84,327,-60686,0.008010123642494982,1.304520485176619,EXPI,0.0025487151073410267,0.0,1.2459270260666215,APPS,-0.003941951437534197,0.0,1.0672501986156475,ZM,-0.0008572429293523421,0.0,0.9857051186360523,PFSI,0.003830770104982584,0.0,1.0722482715257111,PLMR,-0.008754049913343298,0.0,0.8048537007485657,-0.007173759067906227,1.833682167307421
2020-10-09,3477.139892578125,3482.340087890625,3458.070068359375,3459.669921875,3944090000,444,379,385,294,201,93,-60593,0.00879353312061526,1.3159918292695407,EXPI,0.018319786181024034,0.0,1.3600526096401198,APPS,0.003462713812388696,0.0,1.0857281086357524,ZM,0.005792504951493927,0.0,1.0142536275381135,PFSI,0.013400894754887194,0.0,1.14409370271484,PLMR,0.0035843925762241826,0.0,0.8192782588981142,0.044560292276018036,1.9153915806239619
2020-10-12,3534.219970703125,3549.85009765625,3499.610107421875,3500.02001953125,3435760000,452,396,388,377,118,259,-60334,0.01641581296364758,1.337594905000518,EXPI,-0.00033904661023642646,0.0,1.3577470035049113,APPS,0.010266258118142746,0.0,1.1414599336826403,ZM,-0.0003533620806714932,0.0,1.0124616336773362,PFSI,0.0021748980405249087,0.0,1.1565351384758968,PLMR,0.0012372217167826438,0.0,0.8243464031680974,0.012985969184542378,1.9402647966662767
2020-10-13,3511.929931640625,3534.010009765625,3500.860107421875,3534.010009765625,3611100000,421,377,376,149,346,-197,-60531,-0.006306918994084421,1.3291588022877798,EXPI,0.0018678690468694192,0.0,1.3704274715115439,APPS,0.007989569840584477,0.0,1.1870588029845721,ZM,0.011087589619851457,0.0,1.0685904291776296,PFSI,0.0017575694439593726,0.0,1.1666985925771496,PLMR,0.008016077834615887,0.0,0.857386527820503,0.030718675785880615,1.9998671618938257
2020-10-14,3488.669921875,3527.93994140625,3480.550048828125,3515.469970703125,3858510000,409,357,374,190,305,-115,-60646,-0.006623141753502759,1.3203555951273118,EXPI,-0.0005719997285850376,0.0,1.3665080508027934,APPS,0.00687923107659314,0.0,1.2278890620207468,ZM,-0.003677780385665397,0.0,1.0489402245739332,PFSI,-0.001231595034673405,0.0,1.1595140916092572,PLMR,-0.0007729998012211859,0.0,0.854072729742628,0.0006248561264481144,2.0011167911420173
2020-10-15,3483.340087890625,3489.080078125,3440.889892578125,3453.719970703125,3724550000,415,358,377,309,186,123,-60523,-0.0015277553060997207,1.3183384148609176,EXPI,0.006141388171883078,0.0,1.4084693327027098,APPS,-0.015048554521420777,0.0,1.1354992845403697,ZM,0.010662748910775656,0.0,1.1048631557591555,PFSI,0.0019041826912212124,0.0,1.1705537249266045,PLMR,0.008923893152254702,0.0,0.8921809986650167,0.012583658404713871,2.0262981612696858
2020-10-16,3483.81005859375,3515.760009765625,3480.449951171875,3493.5,4688030000,408,357,381,268,227,41,-60482,0.00013491955745537076,1.318516284496427,EXPI,-0.016705025665055627,0.0006206545490939235,0.9164748716747219,ZM,0.005309396485867081,0.0013129773923609535,1.0265469824293354,PFSI,-0.0026524363581404554,0.0005261726521094121,0.9867378182092977,APPS,-0.005272158739940346,-3.999776275828149e-05,0.9736392063002983,FDX,-0.0002912614729020982,6.476638125752444e-05,0.9985436926354895,-0.017126912538107913,1.991593929885491
2020-10-19,3426.919921875,3502.419921875,3419.929931640625,3493.659912109375,4091080000,331,310,366,48,447,-399,-60881,-0.016329861778318078,1.296985095818139,EXPI,0.0009829801615630184,0.0,0.9209792547618582,ZM,0.0033416911826364085,0.0,1.043698997428066,PFSI,-0.007002149200616592,0.0,0.9521913910843358,APPS,-0.010210987838677354,0.0,0.9239301158263392,FDX,-0.00133857593457849,0.0,0.9918605598525544,-0.014227041629673007,1.963259440135606
2020-10-20,3443.1201171875,3476.929931640625,3435.64990234375,3439.3798828125,3917850000,345,320,374,339,156,183,-60698,0.004727334073110212,1.3031163776539163,EXPI,-0.007371165453568218,0.0,0.8870358024310901,ZM,-0.011021573651078965,0.0,0.9861829705795124,PFSI,-0.00530858797211784,0.0,0.9269174322550136,APPS,-0.0018117036963505085,0.0,0.9155606777962786,FDX,0.0038514252930978987,0.0,1.0109609440897662,-0.021661605480017637,1.9207320886884682
2020-10-21,3435.56005859375,3464.860107421875,3433.06005859375,3439.909912109375,4103960000,305,312,368,166,329,-163,-60861,-0.0021956999281005363,1.300255125117195,EXPI,-0.025680063337843364,0.0,0.7731401244842646,ZM,-0.008874908280195704,0.0,0.9424215535225918,PFSI,-0.010842233825782466,0.0,0.8766681545664998,APPS,-0.010470911188560384,0.0,0.8676269050715637,FDX,-0.003562988239616316,0.0,0.99295073431725,-0.05943110487199823,1.8065808584946117
2020-10-22,3453.489990234375,3460.530029296875,3415.340087890625,3438.5,4172060000,326,340,380,360,135,225,-60636,0.005218925396392127,1.3070410596114581,EXPI,-0.012983834014394248,0.0,0.7229485092534056,ZM,0.0028644266454807446,0.0,0.9559190405685192,PFSI,-0.005629445856595527,0.0,0.8519923750148317,APPS,-0.007892420404850787,0.0,0.833388523624642,FDX,-0.004484900420416449,0.0,0.9706843084882887,-0.028126174050776265,1.7557686508317916
2020-10-23,3465.389892578125,3466.4599609375,3440.449951171875,3464.89990234375,3651600000,331,346,384,343,152,191,-60445,0.003445761353703114,1.3115448111823704,EXPI,-0.003204256598914346,0.0,0.711365946596153,ZM,-0.003465627769015689,0.0,0.9393547427088937,PFSI,0.004563776997516244,0.0,0.8714338910305913,APPS,0.006025549880590475,0.0,0.8584966442197016,FDX,0.005515485938735187,0.0,0.9974532867603789,0.009434928448911872,1.7723342024252322
2020-10-26,3400.969970703125,3441.419921875,3364.860107421875,3441.419921875,4002210000,208,271,362,41,454,-413,-60858,-0.018589516294535646,1.2871638275438821,EXPI,-0.012166438735845353,0.0,0.6680919955560094,ZM,0.002451512804323386,0.0,0.9508689436066575,PFSI,-0.01215031801014943,0.0,0.8184928965263734,APPS,-0.012644014689008066,0.0,0.8042224233198114,FDX,-0.004189594674086372,0.0,0.9765586618710728,-0.038698853304765836,1.7037469011185589
2020-10-27,3390.679931640625,3409.510009765625,3388.7099609375,3403.14990234375,3962400000,145,230,336,127,368,-241,-61099,-0.0030256189119989285,1.2832693603244245,EXPI,0.028750321690715674,0.0,0.7641312945121467,ZM,0.008188652969993049,0.0,0.9898006226023516,PFSI,-0.004860192567918232,0.0,0.7986027310634166,APPS,-0.0013875706067883133,0.0,0.7986428463402182,FDX,-0.0023125433498205838,0.0,0.9652669906749746,0.028378668136181597,1.75209696901345
2020-10-28,3271.030029296875,3342.47998046875,3268.889892578125,3342.47998046875,5139970000,58,134,296,20,475,-455,-61554,-0.035287878760604796,1.2379855067200973,EXPI,-0.007705271869049191,0.0,0.7346920976728237,ZM,-0.008527052778385502,0.0,0.9476002118573061,PFSI,-0.006928890801489396,0.0,0.7709355754768685,APPS,-0.009272779263794929,0.0,0.7616146522166095,FDX,-0.010509767613133181,0.0,0.9145433318918627,-0.042943762325852196,1.6768553332042904
2020-10-29,3310.110107421875,3341.050048828125,3259.820068359375,3277.169921875,4911860000,80,167,309,347,148,199,-61355,0.011947330894238384,1.2527761292111537,EXPI,0.010641546468768182,0.0,0.7737833981609343,ZM,-0.010205235011546755,0.0,0.8992477975623296,PFSI,-0.0008147207819826363,0.0,0.7677950893023148,APPS,0.012321001876924998,0.0,0.8085339300138816,FDX,0.005407889924204934,0.0,0.9392720802407967,0.017350482476368723,1.7059495822784567
2020-10-30,3269.9599609375,3304.929931640625,3233.93994140625,3293.590087890625,4843930000,71,150,308,190,305,-115,-61470,-0.012129550130175693,1.2375805183499995,ZM,-0.00874369507455807,-0.000538462876827997,0.9562815246272096,EXPI,-0.02169409794563988,-0.0007075226928061236,0.8915295102718006,FSLR,0.00028338019125815765,-0.000312419488885819,1.0014169009562908,DAR,-0.0027684040277269626,-0.0024716921946062844,0.9861579798613652,FDX,-0.004073481140536613,-0.0004021505482994039,0.979632594297317,-0.041428545798629,1.6352745718788817
2020-11-02,3310.239990234375,3330.139892578125,3279.739990234375,3296.199951171875,4314690000,159,222,340,432,63,369,-61101,0.01231820260127181,1.2528252859104219,ZM,-0.0034323419319439055,0.0,0.9398700987486035,EXPI,-0.004057548470053152,0.0,0.8734423892697477,FSLR,0.004227446923342671,0.0,1.022584084940946,DAR,0.0039069774538971645,0.0,1.005422464827861,FDX,0.005788706856367654,0.0,1.0079866238739674,0.006433240831610431,1.645794687025587
2020-11-03,3369.159912109375,3389.489990234375,3336.25,3336.25,4241380000,246,279,361,442,53,389,-60712,0.01779929009643455,1.27512468661449,ZM,-0.0006578323330573843,0.0,0.9367787140494501,EXPI,0.00809051553115614,0.0,0.9087753853495328,FSLR,-0.003712457053005802,0.0,1.0036025874487935,DAR,0.0072080201225280145,0.0,1.0416579916184656,FDX,0.005618407982418728,0.0,1.0363030243426914,0.016546654250039695,1.6730270826783518
2020-11-04,3443.43994140625,3486.25,3405.169921875,3406.4599609375,4790400000,252,304,369,257,238,19,-60693,0.02204704770168342,1.303237421405874,ZM,0.014258821175688175,0.0,1.0035655148735614,EXPI,0.0157834031701686,0.0,0.9804932268400178,FSLR,-0.017102244995745843,0.0,0.917783300804225,DAR,-0.007485675987563179,0.0,1.0026704205429073,FDX,-0.003920128456741878,0.0,1.015990819465024,0.001534174905805874,1.6755937988453302
2020-11-05,3510.449951171875,3529.050048828125,3485.739990234375,3485.739990234375,4858150000,348,353,382,408,87,321,-60372,0.01946019413896294,1.3285986746355938,ZM,0.005387636324358747,0.0,1.0305997449825943,EXPI,0.008236835125319341,0.0,1.0208740320948857,FSLR,0.01784909214220165,0.0,0.9996912943173679,DAR,0.009194868551748314,0.0,1.0487675341309985,FDX,0.007409877436724255,0.0,1.0536326567103884,0.04807830958035231,1.7561535162371347
2020-11-06,3509.43994140625,3521.580078125,3484.340087890625,3508.340087890625,4842460000,327,342,371,228,267,-39,-60411,-0.00028771518741854685,1.328216416618917,ZM,0.0013608899363752869,0.0,1.0376124090894832,EXPI,-0.003790704062362682,0.0,1.0015248753917725,FSLR,0.0031530381890258587,0.0,1.0154516184584648,DAR,-0.005991685745019227,0.0,1.01734810671054,FDX,0.0005016417688435748,0.0,1.0562753874585062,-0.004766819913137189,1.7477822486854095
2020-11-09,3550.5,3645.989990234375,3547.47998046875,3583.0400390625,8570510000,381,378,416,342,153,189,-60222,0.01169988923568721,1.3437564015743797,ZM,-0.034740356186297894,0.0,0.8573772857140267,EXPI,-0.02503152575668062,0.0,0.876176396820145,FSLR,-0.004894066194313185,0.0,0.9906031812691739,DAR,0.010099178687778565,0.0,1.068720008297255,FDX,-0.011359295282468063,0.0,0.9962826673297835,-0.06592606473198119,1.6325578430211676
2020-11-10,3545.530029296875,3557.219970703125,3511.909912109375,3543.260009765625,6037470000,386,391,430,316,179,137,-60085,-0.0013997945931910616,1.34187541862889,ZM,-0.01801857581481139,0.0,0.7801336975913498,EXPI,-0.0026404325491770743,0.0,0.864608973435222,FSLR,-0.012449194222180094,0.0,0.9289421242655268,DAR,0.008969958030142644,0.0,1.1166518763992554,FDX,0.0025693363435923544,0.0,1.0090815936580912,-0.02156890821243356,1.5973453527535555
2020-11-11,3572.659912109375,3581.159912109375,3557.0,3563.219970703125,4635560000,421,419,427,247,248,-1,-60086,0.007651855318760337,1.3521432551880392,ZM,0.019855847239563754,0.0,0.8575847752203991,EXPI,0.016541020024101627,0.0,0.9361165451482718,FSLR,0.008544884082333582,0.0,0.968630638120755,DAR,0.0012733677635429876,0.0,1.1237614189117884,FDX,0.0004040660375738803,0.0,1.0111202716637822,0.046619185147115834,1.6718122914974585
2020-11-12,3537.010009765625,3569.02001953125,3518.580078125,3562.669921875,4909660000,401,396,418,63,432,-369,-60455,-0.009978532303877019,1.338650850036676,ZM,0.007403115326898924,0.0,0.8893287701881456,EXPI,0.0021119018967271862,0.0,0.9460014766845535,FSLR,-0.006650820721726247,0.0,0.9364196945221929,DAR,-0.007183666618502871,0.0,1.0833977819507983,FDX,-0.0004853828452739961,0.0,1.0086663694919102,-0.004804852961877005,1.6637794792569545
2020-11-13,3585.14990234375,3593.659912109375,3552.570068359375,3552.570068359375,4719580000,425,423,437,457,38,419,-60036,0.013610335409063534,1.3568703371013033,MODV,-0.002289488995658335,-0.00028704874012471844,0.9885525550217084,FDX,0.0027227696521402757,0.00012879343323164897,1.0136138482607013,FRHC,-7.52724516457556e-05,0.0003969087830919158,0.9996236377417712,ALGN,0.0004533942867234813,0.0005098286963579432,1.0022669714336174,UMC,0.0016165721818132417,8.41314234808039e-05,1.0080828609090662,0.0032605882694105017,1.6692043791099056
2020-11-16,3626.909912109375,3628.510009765625,3600.159912109375,3600.159912109375,5295510000,435,431,450,411,84,327,-59709,0.011648051240012336,1.3726752323139122,MODV,-0.002129285104162837,0.0,0.9780280038712592,FDX,0.005825500632646464,0.0,1.043137888832211,FRHC,0.00940515909580153,0.0,1.0466317344861973,ALGN,-3.936331013802974e-05,0.0,1.002069708705429,UMC,0.007567549440668087,0.0,1.0462264453601635,0.020629560754815215,1.703639332260957
2020-11-17,3609.530029296875,3623.110107421875,3588.679931640625,3610.31005859375,4812180000,424,427,450,178,317,-139,-59848,-0.004791925698091615,1.3660974745930532,MODV,0.00012476891395478697,0.0,0.9786381413305612,FDX,0.003730842656854794,0.0,1.0625968054953943,FRHC,0.0059488401652006756,0.0,1.077762958987623,ALGN,-0.00253297826841703,0.0,0.98937860472748,UMC,-0.004513903129017005,0.0,1.0226136212333057,0.0027575703385762217,1.7083372375512318
2020-11-18,3567.7900390625,3619.090087890625,3567.330078125,3612.090087890625,5284810000,398,408,443,101,394,-293,-60141,-0.011563829610944043,1.3503001561649182,MODV,-0.005486290635204161,0.0,0.9517926749803838,FDX,-0.001789164779874497,0.0,1.0530910015973967,FRHC,-0.010051981036700753,0.0,1.0235946948586125,ALGN,-0.002999698461613343,0.0,0.9745394173347091,UMC,-0.0010657048692583216,0.0,1.0171645996557146,-0.021392839782651076,1.6717910527335615
2020-11-19,3581.8701171875,3585.219970703125,3543.840087890625,3559.409912109375,4363370000,402,409,446,309,186,123,-60018,0.003946442467421596,1.3556290380449734,MODV,-0.0028365452390684,0.0,0.9382936600764049,FDX,-0.0018761078144883259,0.0,1.0432124403100755,FRHC,0.011070557394775317,0.0,1.0802535139507115,ALGN,-0.0014664444593924797,0.0,0.9673938776896588,UMC,0.001071413924439657,0.0,1.0226136212333057,0.005962873806265768,1.681759731811456
2020-11-20,3557.5400390625,3581.22998046875,3556.85009765625,3579.31005859375,4236370000,393,396,441,162,333,-171,-60189,-0.006792562915180156,1.3464208425144077,MODV,0.012696086541631325,0.0,0.9978569476253751,FDX,-0.002258360068430876,0.0,1.0314326937196425,FRHC,-0.003919310030114121,0.0,1.0590842717892461,ALGN,0.002311093704763412,0.0,0.978572567193435,UMC,0.005328609111045557,0.0,1.049859162529221,0.014158119258895298,1.7055702866592506
2020-11-23,3577.590087890625,3589.81005859375,3552.77001953125,3566.820068359375,5057550000,395,403,447,357,138,219,-59970,0.005635930617216234,1.3540091769643927,MODV,-0.0036685936466804184,0.0,0.9795532893336033,FDX,0.006982559946246836,0.0,1.0674428967917238,FRHC,0.006290415522790128,0.0,1.092394672505276,ALGN,0.013497580262697895,0.0,1.0446143760362736,UMC,0.040484433458257564,0.0,1.2623739295590024,0.063586395543312,1.8140213535336858
2020-11-24,3635.409912109375,3642.31005859375,3594.52001953125,3594.52001953125,6280290000,410,402,454,391,104,287,-59683,0.016161668273416252,1.3758922241216527,MODV,0.007894724336746385,0.0,1.0182198052958131,FDX,0.0037226730565225186,0.0,1.0873116013480382,FRHC,-0.0023368472250170137,0.0,1.0796308752099393,ALGN,-0.0006210837678663595,0.0,1.0413704108730937,UMC,-0.007769815245055312,0.0,1.2133318685447627,0.0008896511553302192,1.8156351997266507
2020-11-25,3629.64990234375,3635.5,3617.760009765625,3635.5,4910440000,403,400,453,161,334,-173,-59856,-0.001584418237524976,1.3737122353888855,MODV,0.0029960303831749525,0.0,1.0334728926628969,FDX,-0.002317608463171661,0.0,1.0747117885010935,FRHC,-0.001499435605204802,0.0,1.0715366903360983,ALGN,-0.0005935607846749403,0.0,1.0382798276820182,UMC,0.0026946458037634628,0.0,1.229679366685496,0.001280071333887012,1.8179593422986169
2020-11-27,3638.35009765625,3644.31005859375,3629.330078125,3638.550048828125,2778390000,403,405,458,248,247,1,-59855,0.002396979198154181,1.3770049950413625,MODV,0.001108410748221174,8.385157930331057e-05,1.005542053741106,FRHC,0.008600443495606753,0.00030651790876364037,1.0430022174780338,COHR,-0.004353700086582617,6.448594679638698e-05,0.9782314995670869,EXPI,0.0054534970642127634,-0.0002736734159805724,1.0272674853210637,WMS,-0.0014096881635189456,0.0007273273383172178,0.9929515591824053,0.01030747241513911,1.8366979080712043
2020-11-30,3621.6298828125,3634.179931640625,3594.389892578125,3634.179931640625,6308410000,382,415,451,146,349,-203,-60058,-0.004595548640170977,1.3706769016088916,MODV,-0.0015056482721056198,0.0,0.9979720904623818,FRHC,0.0046627820208007265,0.0,1.067318677414593,COHR,0.0037343707134201323,0.0,0.9964968948817288,EXPI,-0.003028588386180453,0.0,1.011711633443343,WMS,-0.0020996275241400575,0.0,0.9825274170634195,0.0017632885517947284,1.8399365364656113
2020-12-01,3662.449951171875,3678.449951171875,3645.8701171875,3645.8701171875,5418480000,391,419,458,375,120,255,-59803,0.011271187194776155,1.3861260575504812,MODV,0.0022387574160314117,0.0,1.0091431775549569,FRHC,0.0054244644912924585,0.0,1.0962668387472365,COHR,0.0032520279358760895,0.0,1.0127000735825746,EXPI,0.002287615697577161,0.0,1.0232836705137751,WMS,0.0026093095682210967,0.0,0.9953460080153352,0.015812175108998218,1.869029935169649
2020-12-02,3669.010009765625,3670.9599609375,3644.840087890625,3653.780029296875,5041250000,362,411,458,258,237,21,-59782,0.0017911667548251575,1.3886088404627626,MODV,-0.007297348475587939,0.0,0.9723228304130537,FRHC,0.007816211164401388,0.0,1.1391101042681324,COHR,0.0027636274857954393,0.0,1.026693702373674,EXPI,-0.0011123524990030332,0.0,1.0175924097733502,WMS,0.0025191356852118044,0.0,1.007883066254958,0.0046892733608176595,1.877794327455211
2020-12-03,3666.719970703125,3682.72998046875,3657.169921875,3668.280029296875,5065340000,349,401,457,284,211,73,-59709,-0.000624157213091503,1.387742130238825,MODV,0.0006651586262384602,0.0,0.9755565750037428,FRHC,0.006099114660594696,0.0,1.173847919952999,COHR,-0.0020085996524848992,0.0,1.016382619304693,EXPI,0.011931433516119805,0.0,1.0782990906919445,WMS,0.010398324969857554,0.0,1.0602845445276357,0.027085432120325617,1.9286551982474314
2020-12-04,3699.1201171875,3699.199951171875,3670.93994140625,3670.93994140625,5099620000,377,406,457,407,88,319,-59390,0.008836275129611826,1.400004601510569,MODV,0.008211536421132459,0.0,1.0156106667363352,FRHC,0.009321822072544351,0.0,1.2285599272031398,COHR,0.006202896781589695,0.0,1.0479052016954369,EXPI,-0.0007037563604494368,0.0,1.074504791474238,WMS,0.005207930475167189,0.0,1.0878939854866068,0.028240429389984258,1.983121249191164
2020-12-07,3691.9599609375,3697.409912109375,3678.8798828125,3694.72998046875,4804500000,351,403,457,174,321,-147,-59537,-0.0019356376714373402,1.3972946998636995,MODV,0.0013025455974877698,0.0,1.0222250627499303,FRHC,0.007210191533942512,0.0,1.2728506891334452,COHR,0.003317403191733748,0.0,1.0652868219991312,EXPI,0.008615829454581015,0.0,1.1207935416315988,WMS,-0.0030817139729656163,0.0,1.07113109500571,0.017364255804779426,2.0175566738540134
2020-12-08,3702.25,3708.449951171875,3678.830078125,3683.050048828125,4584390000,364,401,455,294,201,93,-59444,0.002787148065356293,1.401189167083157,MODV,0.006168680218382017,0.0,1.0537539603665294,FRHC,-0.00136458059326392,0.0,1.2641661523908747,COHR,0.0023783202820259587,0.0,1.0779547882738088,EXPI,-0.0014556688762775716,0.0,1.1126360202551686,WMS,0.004681719993669864,0.0,1.0962047743223586,0.010408471024536348,2.0385563540341827
2020-12-09,3672.820068359375,3712.389892578125,3660.5400390625,3705.97998046875,5232800000,342,391,453,208,287,-79,-59523,-0.007949201604598555,1.3900508319078335,MODV,-0.004087052357077359,0.0,1.0322202223290513,FRHC,-0.003434852445372161,0.0,1.2424550313913922,COHR,-0.006422515617166203,0.0,1.0433388809623707,EXPI,-0.0007842900723758151,0.0,1.1082728733308993,WMS,0.004343332257579835,0.0,1.1200106821084952,-0.010385378234411703,2.0173851752453746
2020-12-10,3668.10009765625,3678.489990234375,3645.179931640625,3659.1298828125,4658480000,301,374,449,193,302,-109,-59632,-0.0012851080682624305,1.3882644663684538,MODV,0.004229264913117259,0.0,1.0540478861735831,FRHC,-0.0009319522682873504,0.0,1.236665487467641,COHR,-0.005590860668495657,0.0,1.0141730693949467,EXPI,0.01129747343716847,0.0,1.1708762900688503,WMS,-0.006062118846397469,0.0,1.0860624927876132,0.0029418065671052524,2.023319932202292
2020-12-11,3663.4599609375,3665.909912109375,3633.39990234375,3656.080078125,4375470000,274,373,449,204,292,-88,-59720,-0.0012649972997506032,1.386508315567158,NVCR,0.004248933736959017,-3.442636495784998e-05,1.0212446686847951,COHR,0.005307903143593735,0.00010966277434209188,1.0265395157179686,QRTEA,0.00038213693909316666,-0.00041725579592981235,1.0019106846954657,MODV,-0.0008544734862230695,0.0005297507976981358,0.9957276325688846,EXPI,0.013971340319845005,-0.00038206300408024464,1.069856701599225,0.022861509060340172,2.0695760791643014
2020-12-14,3647.489990234375,3697.610107421875,3645.840087890625,3675.27001953125,4623850000,228,368,447,149,347,-198,-59918,-0.004359258971957769,1.380464166752828,NVCR,-0.003168133614059743,0.0,1.005067470869597,COHR,0.00425227689737091,0.0,1.0483651670525977,QRTEA,0.002516943013381967,0.0,1.0145194451848507,MODV,-0.015793534935337195,0.0,0.9170973368135983,EXPI,0.004087100584211223,0.0,1.0917197613498675,-0.008105348054432835,2.0528014447175464
2020-12-15,3694.6201171875,3695.2900390625,3659.6201171875,3666.409912109375,4387080000,324,398,456,440,56,384,-59534,0.012921249154708825,1.3983014882005886,NVCR,-0.014071837390560239,0.0,0.934351740786504,COHR,0.005840447048196085,0.0,1.0789797732793174,QRTEA,-0.0015296443672777383,0.0,1.006760175410747,MODV,0.0009720757655467427,0.0,0.9215547772924181,EXPI,0.012600497369442243,0.0,1.160500821255153,0.003811538425347094,2.0606257763036955
2020-12-16,3701.169921875,3711.27001953125,3688.570068359375,3696.25,4067040000,305,398,453,215,281,-66,-59600,0.0017727951669590514,1.4007803903208222,NVCR,3.819067871595472e-05,0.0,0.9345301584222043,COHR,-0.0042356913125996655,0.0,1.0561286470185676,QRTEA,0.0026975087883549967,0.0,1.0203388975154284,MODV,0.003234581727924013,0.0,0.9364589985119738,EXPI,-0.0017601816331187293,0.0,1.1502873601011905,-2.5591750723430624e-05,2.060573041282494
2020-12-17,3722.47998046875,3725.1201171875,3710.8701171875,3713.64990234375,4192810000,340,419,456,370,126,244,-59356,0.005757654753379748,1.408845600193594,NVCR,0.007229672881404659,0.0,0.9683118951382034,COHR,0.0034674064534097495,0.0,1.074438783450083,QRTEA,0.006844099052649311,0.0,1.0552553999247614,MODV,0.0019782634327779824,0.0,0.9457218114772344,EXPI,0.011182015391823797,0.0,1.21460001492955,0.0307014572120655,2.123835636341764
2020-12-18,3709.409912109375,3726.699951171875,3685.840087890625,3722.389892578125,7097100000,311,409,453,217,279,-62,-59418,-0.0035111185091528663,1.4038989763302157,NVCR,-0.0032184695737061068,0.0,0.9527294832764034,COHR,0.003326520098384345,0.0,1.0923094944882346,QRTEA,-0.005698547950242561,0.0,1.0251882824436431,MODV,0.005596882303028839,0.0,0.972187279828461,EXPI,0.0016554994255284063,0.0,1.2246538630643633,0.0016618843029929222,2.1273652054479375
2020-12-21,3694.919921875,3702.89990234375,3636.47998046875,3684.280029296875,4748580000,270,395,446,136,360,-224,-59642,-0.0039062790518439305,1.3984149551680718,NVCR,0.011573761322404242,0.0,1.0078628014976965,COHR,8.04580378694908e-05,0.0,1.0927489198815983,QRTEA,-0.0037842938668700924,0.0,1.0057902137954504,MODV,-0.003510275825656928,0.0,0.9551240522964959,EXPI,0.007714338633066565,0.0,1.2718908361042214,0.012073988300813278,2.153050988050073
2020-12-22,3687.260009765625,3698.260009765625,3676.159912109375,3698.080078125,4053310000,243,391,443,183,313,-130,-59772,-0.002073092860288006,1.395515911108793,NVCR,0.0018175300662333527,0.0,1.0170219062194976,COHR,0.00941019358719717,0.0,1.1441638142730306,QRTEA,0.0021215046437166765,0.0,1.0164591568413095,MODV,0.0038209058317748125,0.0,0.9733712476039362,EXPI,0.004767886765575336,0.0,1.3022119935278107,0.021938020894497347,2.200284665612833
2020-12-23,3690.010009765625,3711.239990234375,3689.280029296875,3693.419921875,3779160000,272,388,445,293,203,90,-59682,0.000745811250824957,1.396556702576003,NVCR,-0.0003274839523940143,0.0,1.0153566144518973,COHR,-0.0030981924850024935,0.0,1.126439615618068,QRTEA,0.002290088014421343,0.0,1.028098061502465,MODV,-0.0012020554821208674,0.0,0.9675210163823306,EXPI,-0.006666620658108369,0.0,1.2588052266413658,-0.009004264563204401,2.1804727203692935
2020-12-24,3703.06005859375,3703.820068359375,3689.320068359375,3694.030029296875,1883780000,293,405,449,318,178,140,-59542,0.0035365890047962534,1.4014957496549079,NVCR,0.0014643861188637698,0.0,1.0227909851113965,COHR,0.0024187263633871584,0.0,1.1400623615933636,QRTEA,0.006226415618526282,0.0,1.0601048906400428,MODV,-0.0020875280267118822,0.0,0.9574223801916761,EXPI,-0.0006339258313614815,0.0,1.254815280892262,0.007388074242703846,2.1965822147115723
2020-12-28,3735.360107421875,3740.510009765625,3723.030029296875,3723.030029296875,3535460000,304,403,446,277,219,58,-59484,0.008722529021144565,1.4137203370042835,RDFN,-0.013455485034681441,0.00013195219687697727,0.9327225748265928,COHR,-0.0019726425270961256,0.0005042310348823025,0.9901367873645194,MODV,0.0017223309508642777,0.0011664767941165714,1.0086116547543214,QRTEA,-0.010136584698313739,0.00018673129369267154,0.9493170765084313,PTON,-0.014600043035280256,0.0007731253580750917,0.9269997848235987,-0.03567990766686367,2.1182083641079883
2020-12-29,3727.0400390625,3756.1201171875,3723.31005859375,3750.010009765625,3393290000,260,400,444,120,376,-256,-59740,-0.00222738052560012,1.4105714438569952,RDFN,-0.00304928603468706,0.0,0.9185018852183124,COHR,-0.009617603322235803,0.0,0.9425230730863949,MODV,-0.007321966676195668,0.0,0.9716865501276528,QRTEA,0.00037385406786478726,0.0,0.9510916067621623,PTON,-0.002733587425906925,0.0,0.9143296100455376,-0.02234858939116067,2.0708693951336166
2020-12-30,3732.0400390625,3744.6298828125,3730.2099609375,3736.18994140625,3154850000,301,408,446,358,138,220,-59520,0.0013415471654707467,1.4124637919791956,RDFN,-0.004064124041263284,0.0,0.8998373572500055,COHR,0.005105472304416426,0.0,0.9665832003159752,MODV,0.005101498690628637,0.0,0.9964718384435413,QRTEA,0.006716410697249042,0.0,0.9830312159707681,PTON,0.006475683428020496,0.0,0.9439341555631392,0.01933494107905132,2.1109095328709357
2020-12-31,3756.070068359375,3760.199951171875,3726.8798828125,3733.27001953125,3179040000,357,426,457,410,86,324,-59196,0.006438845522919845,1.4215584281424671,RDFN,-0.006321448867933333,0.0,0.8713959780334446,COHR,-0.0009694818228904945,0.0,0.9618977761008869,MODV,0.0010587541967204128,0.0,1.0017469321478703,QRTEA,-0.0019855596911674935,0.0,0.9732718801828135,PTON,-0.004181731224556162,0.0,0.9241977609019221,-0.012399467409827072,2.084735378913009
2021-01-04,3700.64990234375,3769.989990234375,3662.7099609375,3764.610107421875,5015000000,218,367,451,71,425,-354,-59550,-0.014754827521051062,1.4005835787241285,RDFN,-0.0040507050714742926,0.0,0.8537471374960327,COHR,0.00013165627267111013,0.0,0.9625309754803473,MODV,0.003938535138690647,0.0,1.02147400960957,QRTEA,-0.00783957197771208,0.0,0.9351217053899319,PTON,-0.007592927050477716,0.0,0.8891109300082064,-0.015413012688302332,2.05260332606607
2021-01-05,3726.860107421875,3737.830078125,3695.070068359375,3698.02001953125,4591020000,272,383,451,358,138,220,-59330,0.007082595157549276,1.410503345196543,RDFN,0.005234985699423423,0.0,0.8760939077746098,COHR,0.008104181331662064,0.0,1.0015336032935187,MODV,0.006112043076934359,0.0,1.0526904753530828,QRTEA,0.013092973079251459,0.0,0.9963393219624024,PTON,0.0035215017089822,0.0,0.9047659583056996,0.03606568489625351,2.126631870840971
2021-01-06,3748.139892578125,3783.0400390625,3705.340087890625,3712.199951171875,6064110000,358,408,456,384,112,272,-59058,0.005709842747752214,1.4185570974927937,RDFN,-0.0022029047426970205,0.0,0.8664441506521866,COHR,0.0007586371618380828,0.0,1.005332606344959,MODV,0.013591446530762052,0.0,1.1242284068991024,QRTEA,0.0023152291633017352,0.0,1.0078730912361606,PTON,-0.006422950665405658,0.0,0.8757096227360197,0.008039457447799192,2.1437288372737306
2021-01-07,3803.7900390625,3811.550048828125,3764.7099609375,3764.7099609375,5099160000,368,412,449,348,148,200,-58858,0.014847403800101189,1.4396189875327687,RDFN,0.010756172078628846,0.0,0.9130422625568683,COHR,0.009698950758836,0.0,1.054085963570919,MODV,0.009229968622288665,0.0,1.1761113714989238,QRTEA,-0.0012323910362029623,0.0,1.0016626224198126,PTON,0.014245973684531732,0.0,0.9380863039399624,0.04269867410808228,2.23526321627258
2021-01-08,3824.679931640625,3826.68994140625,3783.60009765625,3815.050048828125,4773040000,381,417,452,264,232,32,-58826,0.005491862685268911,1.4475251773314046,RDFN,0.008606904587604587,0.0007212988749110373,1.043034522938023,COHR,-0.004820409560315674,0.00047846317006850094,0.9758979521984217,MODV,-0.0051047735335885535,-0.0004966578207062245,0.9744761323320572,QRTEA,-0.004952764393123088,0.0001723686215786083,0.9752361780343846,WMS,-0.005982682222230393,0.0004322564459466304,0.970086588888848,-0.01094599582985457,2.210796034428633
2021-01-11,3799.610107421875,3817.860107421875,3789.02001953125,3803.139892578125,4465430000,350,397,449,216,280,-64,-58890,-0.006554750898592476,1.4380370103745563,RDFN,0.001960527980811122,0.0,1.0532590147738827,COHR,0.006919991208181298,0.0,1.0096639784448977,MODV,-0.0006371456001555532,0.0,0.9713717164311974,QRTEA,0.004332112337400851,0.0,0.9963603414280966,WMS,-0.0006004231410964068,0.0,0.9671742767046673,0.011975062785141313,2.2372704557460574
2021-01-12,3801.18994140625,3810.780029296875,3776.510009765625,3801.6201171875,4994950000,341,383,449,299,197,102,-58788,0.0004157884466327033,1.4386349295493004,RDFN,0.009060315566206035,0.0,1.100973310007896,COHR,0.004670260115617264,0.0,1.033240945488431,MODV,0.005279648403162085,0.0,0.9970142220888613,QRTEA,0.008833928832437322,0.0,1.0403692231662904,WMS,0.0010108938918513388,0.0,0.9720628295480497,0.028855046809274042,2.301826999471616
2021-01-13,3809.840087890625,3820.9599609375,3791.5,3802.22998046875,4602510000,342,390,448,204,292,-88,-58876,0.0022756417379066196,1.4419087472405931,RDFN,-0.006661719589528015,0.0,1.0643014326737605,COHR,0.0007338601036201543,0.0,1.0370322170250346,MODV,-0.0002490932195312823,0.0,0.9957724746763683,QRTEA,-0.007783420527535379,0.0,0.9998810673272477,WMS,-0.006526890393268748,0.0,0.9403400918288957,-0.02048726362624327,2.254668862911436
2021-01-14,3795.5400390625,3823.60009765625,3792.860107421875,3814.97998046875,5198480000,327,373,446,255,241,14,-58862,-0.0037534511943366766,1.4364966131311385,RDFN,-0.0009991018090763416,0.0,1.058984705239826,COHR,0.0026276740361406595,0.0,1.050657130181625,MODV,0.003167468772667448,0.0,1.0115428657674643,QRTEA,0.017957761049710898,0.0,1.0896591937532107,WMS,0.000929108014942548,0.0,0.9447084794093459,0.02368291006438521,2.3080659828167374
2021-01-15,3768.25,3788.72998046875,3749.6201171875,3788.72998046875,5369820000,319,363,449,191,305,-114,-58976,-0.007190027975370938,1.4261681622962001,RDFN,-0.0023429548365970997,0.0,1.046578938554706,COHR,-0.00092468123747953,0.0,1.0457995155051099,MODV,-0.0007365465890864843,0.0,1.0078176235299854,QRTEA,-0.008885299438458727,0.0,1.0412494526413767,WMS,-0.002906543939278894,0.0,0.9309792958832828,-0.015796026040900735,2.271607712448047
2021-01-19,3798.909912109375,3804.530029296875,3780.3701171875,3781.8798828125,5014440000,322,361,452,296,200,96,-58880,0.008136379515524483,1.4377720077176002,RDFN,-0.00023445705829336916,0.0,1.0453520494586792,COHR,0.010581184946055311,0.0,1.1011285059553828,MODV,0.0019467551761623181,0.0,1.0176274944061585,QRTEA,-0.0018596789074522447,0.0,1.0315675044190098,WMS,6.701975990770492e-05,0.0,0.9312912659277285,0.01050082391637972,2.2954614650435543
2021-01-20,3851.85009765625,3859.75,3816.219970703125,3816.219970703125,4566190000,370,392,455,334,162,172,-58708,0.013935625421946263,1.4578082598593123,RDFN,0.0029212382423697836,0.0,1.0606206613767708,COHR,-0.0022380049240540824,0.0,1.0888068508636606,MODV,0.006906655122493933,0.0,1.0527695051413133,QRTEA,0.0010238773178695038,0.0,1.0368484972671392,WMS,-0.0016752273376749339,0.0,0.9234906429876284,0.006938538421004204,2.3113886126126935
2021-01-21,3853.070068359375,3861.449951171875,3845.050048828125,3857.4599609375,4501760000,332,376,452,157,339,-182,-58890,0.0003167233075522802,1.458269981713152,RDFN,-0.003496145390757377,0.0,1.0420802411936987,COHR,0.00298149095634499,0.0,1.105038189758943,MODV,-0.002323662714163888,0.0,1.040538098912785,QRTEA,-0.0022071327107289875,0.0,1.0254061860951968,WMS,0.006577348405444061,0.0,0.9538612415281144,0.0015318985461387985,2.3149294254679167
2021-01-22,3841.469970703125,3852.31005859375,3830.409912109375,3844.239990234375,5110890000,292,353,448,176,320,-144,-59034,-0.0030106116552376383,1.4538796971097232,TSLA,0.002752972379292927,-0.00034843220538601183,1.0137648618964645,RDFN,-0.0017276114596612609,-0.00040844988480652716,0.9913619427016936,COHR,0.00295687220822568,-9.245688269824918e-05,1.0147843610411285,WMS,0.007523012342801134,-0.0005888047425348064,1.0376150617140056,SHOP,0.0013447332714291113,-0.000545431373338845,1.0067236663571455,0.010866403653323151,2.340084383034007
2021-01-25,3855.360107421875,3859.22998046875,3797.159912109375,3851.679931640625,7000840000,290,351,453,241,255,-14,-59048,0.0036158389430824833,1.4591366919370896,TSLA,0.00806956122292073,0.0,1.054668049990061,RDFN,0.009990706267892025,0.0,1.0408839725751908,COHR,-0.005070852909715474,0.0,0.9890552498915326,WMS,-0.007698066425524975,0.0,0.9976769133680076,SHOP,0.0015409120311097092,0.0,1.0144800294046086,0.006832260186682017,2.3560724483976863
2021-01-26,3849.6201171875,3870.89990234375,3847.780029296875,3862.9599609375,6137500000,238,333,452,169,327,-158,-59206,-0.0014888337468982327,1.4569642799887963,TSLA,0.0005199837641498561,0.0,1.057410101302873,RDFN,0.0027078317382045027,0.0,1.0549766658588282,COHR,-0.0034539167964847683,0.0,0.9719746771902735,WMS,-0.008183124239895844,0.0,0.9568563427011765,SHOP,-0.007653916318465459,0.0,0.9756563031455223,-0.016063141852491712,2.318226522444327
2021-01-27,3750.77001953125,3836.830078125,3732.47998046875,3836.830078125,9976520000,134,223,437,70,426,-356,-59562,-0.025677883699462,1.4195525206529735,TSLA,-0.004287216954128148,0.0,1.0347433687340128,RDFN,-0.014556808844230518,0.0,0.9781911975586751,COHR,-0.005961517508657855,0.0,0.9430024569100641,WMS,-0.008463039683738117,0.0,0.9163667767015936,SHOP,-0.011672999552605125,0.0,0.918712125194952,-0.04494158254335976,2.2140417538316894
2021-01-28,3787.3798828125,3830.5,3755.75,3755.75,6992770000,169,274,438,363,133,230,-59332,0.009760625975629766,1.4334082418598297,TSLA,-0.006649248029332134,0.0,1.0003420422069171,RDFN,-0.0053049513406501665,0.0,0.9522449140341697,COHR,-0.00041270273586770936,0.0,0.9410565584405803,WMS,0.005754860091391745,0.0,0.94273458966318,SHOP,0.005217564681453091,0.0,0.9426793248791515,-0.0013944773330051737,2.210954322791644
2021-01-29,3714.239990234375,3778.050048828125,3694.1201171875,3778.050048828125,6643370000,102,201,427,57,439,-382,-59714,-0.019311475173124593,1.4057270141842015,TSLA,-0.010030746982807794,0.0,0.950171152598703,RDFN,-0.0030152252317467987,0.0,0.9378887495761777,COHR,-0.006846647334777823,0.0,0.9088411465519683,WMS,-0.00695138421978998,0.0,0.909968037913006,SHOP,-0.003923000013276568,0.0,0.9241886698590692,-0.03076700378239896,2.1429298827796024
2021-02-01,3773.860107421875,3784.320068359375,3725.6201171875,3731.169921875,5436230000,153,253,437,398,98,300,-59414,0.016051767614439383,1.4282914175452261,TSLA,0.011664334573526914,0.0,1.0055867237288278,RDFN,0.012357819358091594,0.0,0.9958400483024218,COHR,0.007636491248067135,0.0,0.9435429338596054,WMS,0.009917479446055167,0.0,0.9550909844758528,SHOP,0.008436259218154296,0.0,0.9631721457861309,0.0500123838438951,2.2501029146277287
2021-02-02,3826.31005859375,3843.090087890625,3791.840087890625,3791.840087890625,5514090000,209,291,443,400,96,304,-59110,0.013898223484416938,1.4481421308671443,TSLA,0.007854145306343164,0.0,1.0450768449603067,RDFN,0.011241899128931233,0.0,1.051815715160251,COHR,0.0012373989988080593,0.0,0.9493806292680569,WMS,-0.0015478635879677017,0.0,0.9476992316855208,SHOP,0.015794865616486752,0.0,1.0392380188273065,0.03458044546260151,2.3279124757522536
2021-02-03,3830.169921875,3847.510009765625,3816.679931640625,3840.27001953125,4864870000,214,294,440,246,250,-4,-59114,0.0010087690809532646,1.4496029718735888,TSLA,-0.004147613066512657,0.0,1.0234039730719708,RDFN,0.0023541258057150575,0.0,1.064196247749828,COHR,-0.002732855733118189,0.0,0.9364080277900241,WMS,-0.0006751505314721795,0.0,0.9445000334857796,SHOP,-0.0018116376131887435,0.0,1.02982440540749,-0.007013131138576712,2.3115865202806742
2021-02-04,3871.739990234375,3872.419921875,3836.659912109375,3836.659912109375,4879240000,299,338,446,386,110,276,-58838,0.010853322230420792,1.4653359800335084,TSLA,-0.0010998239621813344,0.0,1.0177761520090902,RDFN,0.001732665648029208,0.0,1.0734157291560165,COHR,0.00561071398781885,0.0,0.9626776158891608,WMS,0.0417006895814207,0.0,1.1414315470159393,SHOP,0.005997578108493995,0.0,1.0607066669548142,0.05394182336358142,2.43627771204729
2021-02-05,3886.830078125,3894.56005859375,3874.929931640625,3878.300048828125,4879470000,329,354,446,319,177,142,-58696,0.003897495164625342,1.4710471199302406,TSLA,0.001509735530136969,-0.00027459101779515736,1.0075486776506848,RDFN,-0.0018530275251946388,0.0008866794553417352,0.9907348623740269,COHR,-0.006254351708897133,0.0007228509345729537,0.9687282414555143,IAC,0.010282162410130394,0.0005625275934023254,1.051410812050652,EXPI,0.013651029552568698,-2.034941389497299e-05,1.0682551477628435,0.019212665810371173,2.48308510155011
2021-02-08,3915.590087890625,3915.77001953125,3892.590087890625,3892.590087890625,4648360000,377,363,448,362,134,228,-58468,0.007399348360373592,1.4819319100251287,TSLA,0.0026260594476691605,0.0,1.0207780912703406,RDFN,0.014437730207993705,0.0,1.0622546756270768,COHR,0.0016590985384854484,0.0,0.9767643195034564,IAC,0.0023978056621857926,0.0,1.064016206042744,EXPI,0.022553175385039204,0.0,1.1887178762801753,0.043673869241373314,2.5915310355904118
2021-02-09,3911.22998046875,3918.35009765625,3902.639892578125,3910.489990234375,4568320000,363,362,448,241,255,-14,-58482,-0.0011135249921484514,1.4802817418066534,TSLA,-0.003233664328630437,0.0,1.0042738227643988,RDFN,0.005616342719258417,0.0,1.0920846071943584,COHR,0.011946343337874189,0.0,1.035108129108323,IAC,-0.0024648035642551138,0.0,1.0509032513573473,EXPI,0.014461703165442997,0.0,1.2746723016512738,0.026325921329690055,2.659755477756815
2021-02-10,3909.8798828125,3931.5,3884.93994140625,3920.780029296875,4837070000,376,367,446,288,208,80,-58402,-0.00034518493235935477,1.479770770853735,TSLA,-0.010510188860799664,0.0,0.9514982850383434,RDFN,-0.009653359695306297,0.0,1.0393731795395862,COHR,0.000786988729948801,0.0,1.0391812212677562,IAC,0.00539365285791984,0.0,1.0792442879827513,EXPI,-0.03068611597503608,0.0,1.079098591258088,-0.0446690229432734,2.540946799297399
2021-02-11,3916.3798828125,3925.989990234375,3890.389892578125,3916.39990234375,4590960000,363,354,439,241,255,-14,-58416,0.0016624551635393559,1.4822308234125956,TSLA,0.0016997579623471372,0.0,0.9595848689691113,RDFN,0.013116631332206065,0.0,1.1075385536026041,COHR,0.010974576740352538,0.0,1.0962040915674376,IAC,0.006004537353616702,0.0,1.1116461011871008,EXPI,0.013921060130063579,0.0,1.1542095731339417,0.045716563518586016,2.6571101550448266
2021-02-12,3934.830078125,3937.22998046875,3905.780029296875,3911.64990234375,4135060000,368,358,438,315,181,134,-58282,0.0047110331133788375,1.4892136619033631,TSLA,0.001098980180682574,0.0,0.964857692732511,RDFN,-0.0051487232709167335,0.0,1.0790265059807482,COHR,-0.019401493240577206,0.0,0.989864110203244,IAC,-0.00034245604040634704,0.0,1.1097426515763724,EXPI,0.013632305687930436,0.0,1.2328822617784296,-0.010161386683287275,2.630110231299327
2021-02-16,3932.590087890625,3950.429931640625,3923.85009765625,3939.610107421875,5058990000,344,350,436,213,283,-70,-58352,-0.0005692724183511411,1.48836589364061,TSLA,-0.004876732164734343,0.0,0.9413309300098109,RDFN,0.0029754723477858572,0.0,1.0950795736361167,COHR,0.004515121932015287,0.0,1.0122108959717113,IAC,-0.0011130160337529116,0.0,1.1035668447536526,EXPI,0.005277037277524466,0.0,1.265412090049447,0.006777883358838356,2.647936811667961
2021-02-17,3931.330078125,3933.610107421875,3900.429931640625,3918.5,4730650000,336,342,445,241,255,-14,-58366,-0.0003204020092266724,1.487889018217823,TSLA,0.0004847734454536568,0.0,0.9436125912010757,RDFN,-0.0013565314992740386,0.0,1.0876520239568719,COHR,-0.0035671548538964704,0.0,0.9941573309180494,IAC,0.0018398504813810668,0.0,1.1137188347064335,EXPI,-0.017588201757893464,0.0,1.1541304743161103,-0.02018726418422925,2.5944822117076742
2021-02-18,3913.969970703125,3921.97998046875,3885.030029296875,3915.860107421875,4793650000,342,342,441,198,298,-100,-58466,-0.004415835627354592,1.4813187448816272,TSLA,-0.002698738209064855,0.0,0.9308797744289304,RDFN,-0.009890952348259386,0.0,1.0338624522546453,COHR,-0.005912962553704016,0.0,0.9647652555670055,IAC,-0.0008355839170478552,0.0,1.1090658069744637,EXPI,-0.011521087097967687,0.0,1.087646285731037,-0.0308593241260438,2.514418244197332
2021-02-19,3906.7099609375,3930.409912109375,3903.070068359375,3921.159912109375,4845320000,333,331,436,284,212,72,-58394,-0.0018548966445751658,1.4785710517122,TSLA,-0.003642908720112425,0.00034672081368428647,0.9817854563994379,RDFN,0.017132101298180047,0.0011546299496247824,1.0856605064909002,LOB,0.005531657183688258,0.0008399955811493684,1.0276582859184413,IAC,-0.001652513525663963,0.0002465298256506434,0.9917374323716802,EXPI,0.001407624717132342,0.0012045766159543125,1.0070381235856618,0.02256841373928765,2.5711646754459907
2021-02-22,3876.5,3902.919921875,3874.7099609375,3885.550048828125,5917100000,305,313,425,236,260,-24,-58418,-0.0077328394581538396,1.4671374991418358,TSLA,-0.017099691711119868,0.0,0.8978443132449804,RDFN,-0.004513909842495933,0.0,1.0611576382616081,LOB,0.007750651983957102,0.0,1.06748339458136,IAC,-0.009116911754863911,0.0,0.9465295190970406,EXPI,-0.0031083669434884167,0.0,0.9913869035147305,-0.026088228268011028,2.5040875444783093
2021-02-23,3881.3701171875,3895.97998046875,3805.590087890625,3857.070068359375,6296610000,296,321,425,260,236,24,-58394,0.0012563181187927874,1.468980690564768,TSLA,-0.0043834858859834736,0.0,0.8781658738703809,RDFN,-0.007859350852575275,0.0,1.0194575873166674,LOB,0.0009080429876002771,0.0,1.0723299986355066,IAC,-0.00474820951042505,0.0,0.9240579167746675,EXPI,-0.01951360055953364,0.0,0.8946592633390337,-0.03559660382091716,2.414950532224622
2021-02-24,3925.429931640625,3928.64990234375,3859.60009765625,3873.7099609375,6012790000,324,333,427,375,121,254,-58140,0.01135161376597904,1.4856559919937404,TSLA,0.012357614532784568,0.0,0.9324260506960613,RDFN,0.0020507173902253764,0.0,1.029910684331205,LOB,0.026056185884831787,0.0,1.2120341475071474,IAC,0.0025382840616864134,0.0,0.935785524185789,EXPI,0.007375890212936076,0.0,0.9276538058609085,0.05037869208246422,2.536612581481949
2021-02-25,3829.340087890625,3925.02001953125,3814.0400390625,3915.800048828125,6547470000,264,297,410,46,450,-404,-58544,-0.02447880752512621,1.449288904917175,TSLA,-0.016118164992090556,0.0,0.8572810660558488,RDFN,-0.03926661225147741,0.0,0.827705166854769,LOB,-0.013525700740136216,0.0,1.1300660916771086,IAC,-0.008141982126049264,0.0,0.8976897791271073,EXPI,-0.01881744781849222,0.0,0.8403734204338418,-0.09586990792824567,2.293427766845645
2021-02-26,3811.14990234375,3861.080078125,3789.5400390625,3839.659912109375,6526070000,232,273,394,170,326,-156,-58700,-0.004750214169902844,1.4424044722247547,TSLA,-0.001970030442204074,0.0,0.8488367170675728,RDFN,0.005703417956345858,0.0,0.8513089094107676,LOB,0.005519245268133455,0.0,1.1612516513229434,IAC,0.0063550912298794065,0.0,0.9262142813395227,EXPI,0.0026510094444781363,0.0,0.8515126098061343,0.018258733456632783,2.3353028531425206
2021-03-01,3901.820068359375,3914.5,3842.510009765625,3842.510009765625,5114820000,297,319,414,457,39,418,-58282,0.023790763506800205,1.4767203759046048,TSLA,0.012710582296385109,0.0,0.9027827618099765,RDFN,0.011961972292222135,0.0,0.9022255773432348,LOB,0.011359114207785527,0.0,1.2272056019797277,IAC,0.006020513449803211,0.0,0.9540957090305447,EXPI,0.01715516894347635,0.0,0.9245518231997577,0.05920735118967234,2.4735699493027736
2021-03-02,3870.2900390625,3906.409912109375,3868.570068359375,3903.639892578125,5536010000,282,309,409,187,309,-122,-58404,-0.008080851690870694,1.464787217558033,TSLA,-0.008905527297319816,0.0,0.8625839791657339,RDFN,-0.010066010851096197,0.0,0.8568165150848671,LOB,-0.010645593123585996,0.0,1.1618839443914197,IAC,-0.0005154775578661841,0.0,0.9516366344002364,EXPI,-0.008784532902926979,0.0,0.8839430436429607,-0.038917141732795174,2.3773056769997747
2021-03-03,3819.719970703125,3874.469970703125,3818.860107421875,3863.989990234375,6173660000,245,278,398,196,300,-104,-58508,-0.01306622187199813,1.445647982778153,TSLA,-0.009684751656679126,0.0,0.8208144210594829,RDFN,-0.01083564135101629,0.0,0.8103957327794308,LOB,-0.0013783228501021317,0.0,1.1538766884428122,IAC,-0.010343868094398023,0.0,0.9024186153000717,EXPI,-0.026989952885389547,0.0,0.764655138136504,-0.05923253683758513,2.2364918309126853
2021-03-04,3768.469970703125,3843.669921875,3723.340087890625,3818.530029296875,7195400000,193,236,382,100,396,-296,-58804,-0.013417213930100202,1.4262514145256007,TSLA,-0.00972443636622551,0.0,0.7809046330291171,RDFN,-0.017309287089677983,0.0,0.7402588708047851,LOB,-0.005551494147695357,0.0,1.1218479900275504,IAC,-0.009055078328214838,0.0,0.8615612590681652,EXPI,-0.032896872605925755,0.0,0.6388813248027884,-0.07453716853773945,2.069790062378669
2021-03-05,3841.93994140625,3851.68994140625,3730.18994140625,3793.580078125,6851070000,289,304,403,451,45,406,-58398,0.01949596819778221,1.4540575667452336,LOB,-0.0058476066094957846,0.00025707517124150405,0.970761966952521,IAC,0.0030170624219060804,0.0009186527874860354,1.0150853121095305,RVLV,0.006503338897514183,0.0008906991105934261,1.032516694487571,SONO,0.0020992136975474273,0.0006495721800413522,1.010496068487737,GTLS,-0.001867611308502781,0.002129524978580232,0.9906619434574861,0.008749921326911676,2.0879005625877065
2021-03-08,3821.35009765625,3881.06005859375,3819.25,3844.389892578125,5871710000,307,316,396,325,171,154,-58244,-0.005359231030161227,1.4462649363138917,LOB,0.015384614262761033,0.0,1.0454359589651396,IAC,-0.011444338770260366,0.0,0.9570004111470457,RVLV,0.009805249747821777,0.0,1.0831371147788011,SONO,-0.010687833325579477,0.0,0.9564960007069857,GTLS,0.004127362155053583,0.0,1.0111060465268775,0.007185054069796549,2.102902241022258
2021-03-09,3875.43994140625,3903.760009765625,3851.929931640625,3851.929931640625,5513560000,326,329,412,264,232,32,-58212,0.01415464230382213,1.466736299163975,LOB,-0.0025623141011373862,0.0,1.0320422824676774,IAC,0.013670967072567342,0.0,1.022416016693169,RVLV,0.0008962828926053046,0.0,1.0879911011104118,SONO,0.01419788151025343,0.0,1.024397085122331,GTLS,0.00432324558438979,0.0,1.0329623452818633,0.03052606295867848,2.1670955672276495
2021-03-10,3898.81005859375,3917.35009765625,3885.72998046875,3891.989990234375,5847380000,353,351,414,373,123,250,-57962,0.006030313342701321,1.4755811786390478,LOB,0.009919995829686591,0.0,1.0832315581583754,IAC,0.00045550656872741515,0.0,1.0247446027510483,RVLV,-0.007393235075635074,0.0,1.0477722312568702,SONO,0.007254694158237074,0.0,1.0615555228680913,GTLS,-0.0013411441905838652,0.0,1.02603558803953,0.008895817290432142,2.186373653444612
2021-03-11,3939.340087890625,3960.27001953125,3915.5400390625,3915.5400390625,5312880000,379,359,420,307,189,118,-57844,0.010395487004435822,1.4909205636055802,LOB,0.005657202119671645,0.0,1.1138718574929192,IAC,0.007885889167708804,0.0,1.0651497145635611,RVLV,0.004588559712422491,0.0,1.0718110584975717,SONO,0.008713168381375215,0.0,1.1078030829527337,GTLS,0.001101129052324934,0.0,1.0316845760130782,0.027945948433503093,2.247473938820145
2021-03-12,3943.340087890625,3944.989990234375,3915.2099609375,3924.52001953125,4476280000,389,363,424,335,161,174,-57670,0.0010153984958789497,1.4924344421033404,LOB,0.0014494878461448037,0.0,1.1219445760909128,IAC,-0.00498766490775584,0.0,1.038586665299387,RVLV,0.005779599669848113,0.0,1.1027842526967324,SONO,0.0005791638540484367,0.0,1.1110110804679818,GTLS,0.0057362542095696694,0.0,1.0612746009735938,0.008556840671855182,2.266705215228776
2021-03-15,3968.93994140625,3970.080078125,3923.5400390625,3942.9599609375,4900100000,421,393,434,375,121,254,-57416,0.006491921301497117,1.502123209049119,LOB,0.004873289611819542,0.0,1.1492823803294185,IAC,-0.00112101694427853,0.0,1.0327652990498752,RVLV,0.027499482285364297,0.0,1.254414232804795,SONO,0.0054860411548546045,0.0,1.141486343022716,GTLS,0.009479748866686101,0.0,1.1115776844527048,0.046217544974446016,2.371466765457423
2021-03-16,3962.7099609375,3981.0400390625,3953.43994140625,3973.590087890625,4613080000,397,395,436,155,341,-186,-57602,-0.0015696837343783798,1.4997653506808424,LOB,-0.00025541649833638047,0.0,1.1478146519235013,IAC,0.0001753514234232423,0.0,1.0336707833761278,RVLV,-0.005380501463636134,0.0,1.220667344726734,SONO,-0.0021077318730636785,0.0,1.1294566072834367,GTLS,-0.008094848392952847,0.0,1.0665874202895336,-0.0156631468045658,2.3343221333679147
2021-03-17,3974.1201171875,3983.8701171875,3935.739990234375,3949.570068359375,4561660000,411,389,433,297,199,98,-57504,0.00287938213053085,1.504083748231582,LOB,0.00527493894586697,0.0,1.1780879129738413,IAC,-0.0012264803962042327,0.0,1.0273318986164284,RVLV,-0.0008710453938850061,0.0,1.2153510613862837,SONO,0.003976332083256296,0.0,1.1519120800043714,GTLS,-0.01141236154285017,0.0,1.0057260140025333,-0.004258616303816144,2.3243811510723953
2021-03-18,3915.4599609375,3969.6201171875,3910.860107421875,3953.5,5118590000,338,364,425,167,329,-162,-57666,-0.014760539319459198,1.4818826609260503,LOB,-0.001463974445462002,0.0,1.1694644599783344,IAC,-0.0026443942330869777,0.0,1.0137485458755904,RVLV,-0.003233177098584017,0.0,1.1957038352942142,SONO,-0.012671151230304045,0.0,1.078931819155624,GTLS,-0.007569379534081988,0.0,0.9676624044661101,-0.027582076541519028,2.2602698922518525
2021-03-19,3913.10009765625,3930.1201171875,3886.75,3913.139892578125,7757420000,330,362,426,231,265,-34,-57700,-0.0006027039747036333,1.4809895243562656,LOB,0.005797718283801489,-0.0007358782677201162,1.0289885914190073,IAC,0.005122540746124602,7.218791780532167e-05,1.025612703730623,RVLV,-0.0019049062708428582,0.0007324724599576612,0.9904754686457857,VCEL,0.022590671071608465,0.0020787902457171646,1.1129533553580424,SONO,-0.004571900124232371,-0.00012886568204051722,0.9771404993788382,0.029052830380178845,2.325937130044871
2021-03-22,3940.590087890625,3955.31005859375,3914.159912109375,3916.47998046875,4316260000,337,379,436,289,207,82,-57618,0.007025118077311765,1.4913936506361303,LOB,0.002046169157966116,0.0,1.0395160150173102,IAC,0.004991118929590588,0.0,1.0512074786307155,RVLV,-0.006273907528467216,0.0,0.9594047111482913,VCEL,-0.006119703123171183,0.0,1.0788986347344,SONO,-0.002309355524465362,0.0,0.9658576753267414,-0.007665678088547057,2.3081072447517483
2021-03-23,3910.52001953125,3949.1298828125,3901.570068359375,3937.60009765625,4669010000,257,347,437,130,366,-236,-57854,-0.007630854183940605,1.4800130431572711,LOB,-0.013687270235171202,0.0,0.9683753319606592,IAC,-0.003789248301932835,0.0,1.0312910478638129,RVLV,-0.002685625250283019,0.0,0.9465217035607896,VCEL,-0.007249393541861738,0.0,1.039791830759565,SONO,-0.011146268712696106,0.0,0.9120291293896822,-0.0385578060419449,2.2191116932846024
2021-03-24,3889.139892578125,3942.080078125,3889.070068359375,3919.929931640625,4783020000,254,345,436,259,237,22,-57832,-0.00546733601831495,1.4719213145388415,LOB,0.014462174741454082,0.0,1.0383993982913025,IAC,-0.016361920259515505,0.0,0.9469215384163134,RVLV,-0.01985588140658794,0.0,0.8525515900874665,VCEL,-0.014576207519532392,0.0,0.9640107232482354,SONO,-0.00840206752663184,0.0,0.8737144777327454,-0.044733901970813596,2.1198421683349227
2021-03-25,3909.52001953125,3919.5400390625,3853.5,3879.340087890625,4948340000,310,374,438,391,105,286,-57546,0.005240265846959469,1.4796345735328311,LOB,0.00682032401985655,0.0,1.0738105000831561,IAC,-0.007652364432184356,0.0,0.910690594913082,RVLV,-0.0006666734483506964,0.0,0.8497097225451641,VCEL,0.010830748799447721,0.0,1.0162155131656132,SONO,0.0017218376394155578,0.0,0.8812364501020581,0.011053872578184775,2.14327463354956
2021-03-26,3974.5400390625,3978.18994140625,3917.1201171875,3917.1201171875,5483160000,395,406,457,443,53,390,-57156,0.016631202604519668,1.5042426759059078,LOB,0.003386755880383108,0.0,1.091994170211025,IAC,0.003275785897071959,0.0,0.9256067319501438,RVLV,-0.0008472625782523391,0.0,0.8461100862937156,VCEL,-0.009832450436856922,0.0,0.9662560698337831,SONO,0.0018671563534344848,0.0,0.8894634812854887,-0.002150014884219709,2.1386665611864575
2021-03-29,3971.090087890625,3981.830078125,3943.25,3969.31005859375,4628180000,351,402,462,202,294,-92,-57248,-0.0008680126852336212,1.5029369741815517,LOB,-0.003768617800387353,0.0,1.0714176268721425,IAC,-0.010602937495485243,0.0,0.8765359803288051,RVLV,-0.013569184010968828,0.0,0.7887049690214349,VCEL,-0.0022850509665426565,0.0,0.9552163480022762,SONO,-0.006553920050034634,0.0,0.8603161185666358,-0.036779710323418716,2.0600070245876374
2021-03-30,3958.550048828125,3968.010009765625,3944.35009765625,3963.340087890625,4121510000,372,392,453,239,257,-18,-57266,-0.0031578329337678124,1.4981909503071038,LOB,0.004198314994362873,0.0,1.0939083703127526,IAC,-0.0008218528643223256,0.0,0.872934062298231,RVLV,0.005236608813938882,0.0,0.8093556659833101,VCEL,0.006229187762391231,0.0,0.9849674579293353,SONO,0.0015300688834297472,0.0,0.8668978331812951,0.01637232758980041,2.093734134431476
2021-03-31,3972.889892578125,3994.409912109375,3966.97998046875,3967.25,4578050000,357,404,459,214,282,-68,-57334,0.0036224990395776757,1.5036181455856952,LOB,-0.0002624808649896782,0.0,1.0924727202364568,IAC,0.010009693494314888,0.0,0.9166230743199933,RVLV,0.010346437365744433,0.0,0.8512254045068436,VCEL,0.011056230551493363,0.0,1.0394175944322606,SONO,0.0031995668953381795,0.0,0.8807663212247314,0.03434944744190119,2.165652745039445
2021-04-01,4019.8701171875,4020.6298828125,3992.780029296875,3992.780029296875,4162130000,402,426,463,385,111,274,-57060,0.011825201774944727,1.5213987335497143,LOB,-0.0007299815307642455,0.0,1.088485295693275,IAC,0.0095973394018404,0.0,0.9606087880590302,RVLV,0.0017360311017113883,0.0,0.8586141733907973,VCEL,-0.008460840707098604,0.0,0.9954458609590257,SONO,0.007953017428493015,0.0,0.9157900707403812,0.010095565694181952,2.187516234597776
2021-04-05,4077.909912109375,4083.419921875,4034.43994140625,4034.43994140625,4005030000,421,439,468,404,92,312,-56748,0.014438226417743616,1.5433650329363735,UCTT,0.002636688377992389,0.0006978241702803681,1.013183441889962,WSM,-0.00033081139318329525,0.0003478087197004444,0.9983459430340835,FUTU,-0.006590164899747732,0.00033914413747859447,0.9670491755012613,LGIH,-0.002056251247918389,0.0007336607261362183,0.989718743760408,LOB,-0.0029021408559965225,0.000513861321651642,0.9854892957200174,-0.006610380943606282,2.173055918966761
2021-04-06,4073.93994140625,4086.22998046875,4068.139892578125,4075.570068359375,4081270000,423,440,469,270,226,44,-56704,-0.0009735307519511682,1.5418625196153237,UCTT,-0.02091986718446246,0.0,0.9072051267007892,WSM,0.004385384979193452,0.0,1.0202365995471854,FUTU,0.00035134392815665554,0.0,0.9687480097814677,LGIH,0.0021492890809217792,0.0,1.0003547022061474,LOB,0.0023045583001206627,0.0,0.9968448834006756,-0.011729290896069913,2.1475675139597734
2021-04-07,4079.949951171875,4083.1298828125,4068.31005859375,4074.2900390625,4120810000,400,432,466,182,314,-132,-56836,0.001475232784985625,1.5441371257542007,UCTT,-0.004432231354806704,0.0,0.8871004116617661,WSM,-0.008860861648229412,0.0,0.9750357227619472,FUTU,-0.0057736394683321375,0.0,0.9407820010607553,LGIH,-0.00045106784974473517,0.0,0.9980985629836167,LOB,-0.0031723237656014814,0.0,0.9810333098295245,-0.02269012408671447,2.098838940583429
2021-04-08,4097.169921875,4098.18994140625,4082.5400390625,4089.949951171875,3907100000,396,440,467,260,236,24,-56812,0.0042206328286402695,1.550654361599081,UCTT,-0.0002810893145849258,0.0,0.885853639428356,WSM,0.007502363444530858,0.0,1.011611084579752,FUTU,0.02086401544404,0.0,1.0389244520587875,LGIH,-0.002531634592396981,0.0,0.9854644587402615,LOB,0.002490836643116312,0.0,0.9932512784107298,0.028044491624705264,2.1576998116742265
2021-04-09,4128.7998046875,4129.47998046875,4095.510009765625,4096.10986328125,3640390000,413,441,467,353,143,210,-56602,0.007719934348738189,1.5626253114682105,UCTT,-0.00629838462604524,0.0,0.8579564047108471,WSM,-0.002255646112529064,0.0,1.0002019015281338,FUTU,-0.0028930855996953664,0.0,1.0238959652016741,LGIH,0.006815791848086006,0.0,1.0190480618625632,LOB,0.0028654278727841655,0.0,1.0074817278999129,-0.0017658966173994982,2.1538895368754276
2021-04-12,4127.990234375,4131.759765625,4114.81982421875,4124.7099609375,3588900000,421,446,468,310,186,124,-56478,-0.00019607884876882142,1.5623189136960807,UCTT,0.00039963891689760446,0.0,0.8596707685524672,WSM,-0.006898821342988692,0.0,0.9657008304003329,FUTU,-0.01038927830016112,0.0,0.9707082645372127,LGIH,0.003592885576163374,0.0,1.0373546772769795,LOB,0.0032244615355990994,0.0,1.0237246582970738,-0.010071113614489735,2.1321974706364943
2021-04-13,4141.58984375,4148.0,4124.43017578125,4130.10009765625,3734720000,401,450,468,243,253,-10,-56488,0.0032944868090414303,1.5674659527487684,UCTT,-0.0024292899593862053,0.0,0.8492288207203555,WSM,-0.002408136071294864,0.0,0.9540731353815007,FUTU,-0.005196554488134187,0.0,0.9454865725934637,LGIH,-0.0006338091468920837,0.0,1.0340672528618324,LOB,-0.007160934784730877,0.0,0.9870705307191426,-0.01782872445043822,2.0941831094585948
2021-04-14,4124.66015625,4151.68994140625,4120.8701171875,4141.580078125,3985350000,428,457,468,248,248,0,-56488,-0.004087726727828533,1.561058580278756,UCTT,0.002275642917184095,0.0,0.8588915284750599,WSM,-0.002448903606558739,0.0,0.9423909696707179,FUTU,0.01161024095705825,0.0,1.00037320724083,LGIH,0.0032664195824616106,0.0,1.0509557404834833,LOB,0.0036988397455987258,0.0,1.0053256092728087,0.01840223959574394,2.132720768796212
2021-04-15,4170.419921875,4173.490234375,4139.759765625,4139.759765625,4033420000,432,458,472,392,104,288,-56200,0.01109419052516647,1.5783772615893144,UCTT,-0.0011976114222459256,0.0,0.8537484369502,WSM,-0.0006372364711005885,0.0,0.9393883401911678,FUTU,-0.006662319921878202,0.0,0.9670491755012611,LGIH,0.002674200226130319,0.0,1.0650080708777527,LOB,0.00314554061055512,0.0,1.021137071926802,-0.0026774269785392766,2.127010564672146
2021-04-16,4185.47021484375,4191.31005859375,4170.75,4174.14013671875,4163820000,443,458,475,352,144,208,-55992,0.0036088195555097347,1.5840733403169098,UCTT,-0.0033474150247909742,-0.00017859702980059858,0.9832629248760452,WSM,0.001034237099199542,0.00022937605979740785,1.0051711854959977,LGIH,0.0039818290852495835,-0.00025329818725585817,1.0199091454262479,LPX,0.0014916226499919515,-1.581259008014504e-05,1.0074581132499598,LOB,-0.0013098055441194776,0.0005000130136299478,0.9934509722794026,0.0021321495318213785,2.131545669251791
2021-04-19,4163.259765625,4180.81005859375,4150.47021484375,4179.7998046875,3810290000,419,445,472,163,333,-170,-56162,-0.005306560094486046,1.575667359942445,UCTT,-0.007705191559501223,0.0,0.9453817789284182,WSM,-0.006161435597717979,0.0,0.9742046978754206,LGIH,0.0016826616651445026,0.0,1.028489955530943,LPX,0.002338498896554331,0.0,1.0192378116807586,LOB,-0.0010056171656080525,0.0,0.9884558155248317,-0.010851083761128422,2.108416088654069
2021-04-20,4134.93994140625,4159.18017578125,4118.3798828125,4159.18017578125,4342650000,354,402,474,183,313,-130,-56292,-0.006802319771775922,1.5649491667061664,UCTT,-0.004723194828906841,0.0,0.923055667280531,WSM,-0.0007931792548859563,0.0,0.9703411030935846,LGIH,-0.007685068629139424,0.0,0.9889698760677638,LPX,-0.007586342359929077,0.0,0.9805763767527828,LOB,-0.020016845345173607,0.0,0.8895269795753417,-0.04080463041803491,2.022382949389101
2021-04-21,4173.419921875,4175.02001953125,4126.35009765625,4128.419921875,3887250000,412,435,477,402,94,308,-55984,0.009306055472153574,1.5795126704626345,UCTT,0.009555907664660258,0.0,0.9671588409099016,WSM,0.0036845504840385514,0.0,0.9882174569990144,LGIH,0.0038738825589788475,0.0,1.0081256418390356,LPX,-0.004404717928953095,0.0,0.9589805650158285,LOB,0.005740119669378219,0.0,0.9150569361348567,0.018449742448102782,2.059695393936764
2021-04-22,4134.97998046875,4179.56982421875,4123.68994140625,4170.4599609375,4245140000,354,421,477,147,349,-202,-56186,-0.009210657476561801,1.5649643202751138,UCTT,-0.002535470911218241,0.0,0.9548978253716285,WSM,-0.0025647280806171627,0.0,0.9755449116904071,LGIH,-0.002253797113442868,0.0,0.9967650885312128,LPX,0.0020787326298771446,0.0,0.9689478859754106,LOB,-0.011372235401486554,0.0,0.8630257217174135,-0.01664749887688768,2.0254066171794713
2021-04-23,4180.169921875,4194.169921875,4138.77978515625,4138.77978515625,3569880000,389,438,476,401,95,306,-55880,0.010928696540176919,1.5820673404276047,UCTT,0.007397471421572011,0.0,0.9902169722401679,WSM,0.0048639022465962085,0.0,0.9992696871285395,LGIH,0.002667471341551453,0.0,1.010059300070793,LPX,0.010723221980504639,0.0,1.0208991023196856,LOB,0.012829578965898892,0.0,0.9183870049492907,0.0384816459561232,2.103347597538961
2021-04-26,4187.6201171875,4194.18994140625,4182.35986328125,4185.02978515625,3748320000,397,444,471,255,241,14,-55866,0.001782270924804541,1.5848870130495316,UCTT,0.0069488118532956555,0.0,1.0246211294103529,WSM,0.0060454703963527924,0.0,1.029474963686081,LGIH,-7.178888517447302e-05,0.0,1.0096967449152319,LPX,0.0014200786231609364,0.0,1.0281478872777274,LOB,-0.0023870983837539273,0.0,0.9074256042734155,0.011955473603880983,2.1284941142211244
2021-04-27,4186.72021484375,4193.35009765625,4176.22021484375,4188.25,3710700000,381,445,469,271,225,46,-55820,-0.00021489588801437698,1.5845464273474599,UCTT,-0.0020003620521639844,0.0,1.0143730632847636,WSM,0.0010454949301021976,0.0,1.0348565179620857,LGIH,0.0009216641203388942,0.0,1.0143497512262887,LPX,0.007256216428629614,0.0,1.0654502052313548,LOB,0.002446469180562394,0.0,0.918525548145956,0.009669482607469115,2.1490755510386856
2021-04-28,4183.18017578125,4201.52978515625,4181.77978515625,4185.14013671875,3787360000,364,441,465,227,269,-42,-55862,-0.0008455399168898481,1.5832066300929724,UCTT,-0.002670040318934297,0.0,1.0008309783977076,WSM,-0.0031200640572118135,0.0,1.0187124248317614,LGIH,-0.0030978268724673134,0.0,0.998638351639142,LPX,-0.0044507575005876985,0.0,1.041739902769174,LOB,0.0012689251238362509,0.0,0.9243532488705953,-0.012069763625364872,2.123136717124598
2021-04-29,4211.47021484375,4218.77978515625,4176.81005859375,4206.14013671875,4298680000,384,436,469,381,115,266,-55596,0.006762806734045723,1.593913550552351,UCTT,-0.007167669166901214,0.0,0.9649628516720035,WSM,-0.00034085256388329823,0.0,1.016976271122443,LGIH,0.006172100052084507,0.0,1.0294568307499696,LPX,-0.0020875728906170512,0.0,1.0308663628686991,LOB,0.0003302251704782933,0.0,0.9258794724165477,-0.003093769398838764,2.116568221719607
2021-04-30,4181.169921875,4198.10009765625,4174.85009765625,4198.10009765625,4300880000,328,421,465,133,363,-230,-55826,-0.007194706699326425,1.5824458100520449,LPX,-0.004995013124895913,-0.0006386807672772029,0.9750249343755204,RVLV,-0.0014283287175262229,-0.0003560384927531911,0.9928583564123689,TROX,-0.006850691780428646,-2.8271179026277612e-05,0.9657465410978567,LOB,-0.006375445510632783,-0.0004849115838371028,0.9681227724468361,THC,0.0011579915396660839,-0.00047714700200237464,1.0057899576983305,-0.02047653661871363,2.07322823502156
2021-05-03,4192.66015625,4209.39013671875,4188.02978515625,4191.97998046875,4070220000,362,426,467,327,169,158,-55668,0.002748090747253684,1.5867945147406792,LPX,0.003643007378550234,0.0,0.9927850495265228,RVLV,0.009527727278341436,0.0,1.0401567746419658,TROX,0.009150981647849488,0.0,1.0099341854681598,LOB,0.006488490562156591,0.0,0.9995310498069869,THC,0.010259875132067631,0.0,1.0573863545736928,0.03907008199896538,2.154229432166422
2021-05-04,4164.66015625,4179.0400390625,4128.58984375,4179.0400390625,4452460000,321,395,462,231,265,-34,-55702,-0.006678337608227225,1.576197365256358,LPX,0.0149672110129492,0.0,1.0670811661603463,RVLV,0.0018503985344954011,0.0,1.0497802974991806,TROX,0.003788915874613963,0.0,1.0290669638063379,LOB,0.0073142609813182,0.0,1.0360852045930833,THC,0.004654898172380362,0.0,1.0819964836207179,0.03257568457575712,2.2244049306524882
2021-05-05,4167.58984375,4187.72021484375,4160.93994140625,4177.06005859375,4230920000,310,395,458,262,234,28,-55674,0.0007034637617677753,1.5773061629842096,LPX,-0.006490991995140783,0.0,1.0324490896217848,RVLV,0.006592543833118203,0.0,1.0843839106312165,TROX,0.006905699284114775,0.0,1.064599098782656,LOB,-0.0035062333023961447,0.0,1.0179214223507624,THC,0.001192148246017144,0.0,1.0884459846714436,0.004693166065713194,2.2348444323894316
2021-05-06,4201.6201171875,4202.7001953125,4147.330078125,4169.14013671875,4511000000,327,394,455,355,141,214,-55460,0.008165456466051824,1.5901855877916924,LPX,-0.0014908376035676519,0.0,1.0247530199888981,RVLV,-0.004569483026397614,0.0,1.0596085412625764,TROX,0.002053900747789106,0.0,1.0755320032080824,LOB,-0.004014826601872179,0.0,0.9974875323254154,THC,0.00399191162798056,0.0,1.110170885584637,-0.004029334856067779,2.2258394958201158
2021-05-07,4232.60009765625,4238.0400390625,4201.64013671875,4210.33984375,4016080000,361,415,456,391,105,286,-55174,0.007373341616968343,1.60191056936486,LPX,0.010080876623286585,0.0,1.0764050638081402,RVLV,0.02473430541402477,0.0,1.1906519476570656,TROX,-0.0003388552881692597,0.0,1.0737097546736707,LOB,0.0037935893047900573,0.0,1.0164078224968711,THC,0.004372397479652213,0.0,1.1344414274952048,0.042642313533584365,2.3207544414763124
2021-05-10,4188.43017578125,4236.39013671875,4188.1298828125,4228.2900390625,4560700000,336,385,452,210,286,-76,-55250,-0.010435647322188157,1.5851935956212828,LPX,0.002254892999007696,0.0,1.0885409550205272,RVLV,-0.034359420176527,0.0,0.9861013948893189,TROX,-0.0022061790428292926,0.0,1.0618657748794584,LOB,-0.007773632076626247,0.0,0.9769019202373935,THC,-0.005745057672472954,0.0,1.1018542703601923,-0.0478293959694478,2.209754158347087
2021-05-11,4152.10009765625,4162.0400390625,4111.52978515625,4150.33984375,4870710000,290,375,451,95,401,-306,-55556,-0.00867391280271812,1.5714437645974366,LPX,-0.009136649454303702,0.0,1.0388128694071495,RVLV,0.0083056478668468,0.0,1.0270524496241045,TROX,-0.0009437943376392033,0.0,1.0568548603511378,LOB,0.0017663187568456085,0.0,0.9855295211639625,THC,0.001139872942137643,0.0,1.1081341397050044,0.0011313957738871459,2.2122542648631707
2021-05-12,4063.0400390625,4134.72998046875,4056.8798828125,4130.5498046875,4733070000,176,319,434,33,463,-430,-55986,-0.021449400664502738,1.5377372376688516,LPX,-0.017210415838406237,0.0,0.9494208621032243,RVLV,-0.03265549701604127,0.0,0.8593579086040154,TROX,-0.00922416559602821,0.0,1.008111839136907,LOB,-0.011764679390970367,0.0,0.9275573269298097,THC,-0.00998622175070354,0.0,1.052803773461908,-0.08084097959214964,2.033413462984721
2021-05-13,4112.5,4131.580078125,4074.989990234375,4074.989990234375,4779540000,251,348,442,437,59,378,-55608,0.012173141406923493,1.5564563305096866,LPX,0.0051130282481450795,0.0,0.9736929405397845,RVLV,0.008577551511590809,0.0,0.8962138422437348,TROX,0.006506998052526036,0.0,1.0409107480068684,LOB,0.0020235157826474118,0.0,0.9369419613815734,THC,0.005868127456522432,0.0,1.0836937071088193,0.02808922105143177,2.0905304632354564
2021-05-14,4173.85009765625,4183.1298828125,4129.580078125,4129.580078125,4008880000,297,380,451,429,67,362,-55246,0.014917956876899785,1.5796754789290077,BNTX,0.009905085923374546,0.0003435793701016467,1.0495254296168728,LPX,-0.0014361239391179426,0.000681234550018681,0.9928193803044103,WFG,-0.0029042065057702355,0.00041629845098563133,0.9854789674711488,TROX,0.0019691120216838004,-0.0004918942362379048,1.009845560108419,KTB,0.011228425639438626,0.00044815586477008306,1.0561421281971932,0.020159667139246933,2.132674861518739
2021-05-17,4163.2900390625,4171.919921875,4142.68994140625,4169.919921875,4125050000,278,368,446,186,310,-124,-55370,-0.0025300521932207776,1.5756788175189662,BNTX,0.005737413751798481,0.0,1.079633237780603,LPX,-0.0037661278285908485,0.0,0.9741239568197665,WFG,-0.005234370752520712,0.0,0.9596871560483724,TROX,0.003436371674658023,0.0,1.0271965835010977,KTB,0.0007336234070078884,0.0,1.060016181129056,0.0009069102523528326,2.134609006215586
2021-05-18,4127.830078125,4169.14990234375,4125.990234375,4165.93994140625,4398150000,240,335,441,107,389,-282,-55652,-0.008517292959364653,1.5622582994202918,BNTX,-0.0038325863556794683,0.0,1.058944299699323,LPX,-3.090558935365806e-05,0.0,0.9739734274448213,WFG,-0.0033659796368864514,0.0,0.9435357189231709,TROX,-0.00599659914279318,0.0,0.9963981527405839,KTB,-0.0057561033622488995,0.0,1.02950836760788,-0.018982174086961658,2.0940894864520057
2021-05-19,4115.68017578125,4116.93017578125,4061.409912109375,4098.4501953125,4247450000,190,320,444,144,352,-208,-55860,-0.002943411456817757,1.5576599304432694,BNTX,0.004709523577108854,0.0,1.083879915430718,LPX,0.0022600394446906868,0.0,0.9849795192653507,WFG,-0.00015927324272262401,0.0,0.9427843189552834,TROX,-0.004701812678720363,0.0,0.9729737654025378,KTB,-0.0031044167351102383,0.0,1.0135282525811904,-0.0009959396347536844,2.092003899733727
2021-05-20,4159.1201171875,4172.7998046875,4121.97021484375,4121.97021484375,3978880000,250,347,453,361,135,226,-55634,0.010554741756143349,1.5741006287529904,BNTX,0.004651392886093975,0.0,1.1090876720707907,LPX,0.0020511395287472036,0.0,0.9950811714002086,WFG,0.002549828254762732,0.0,0.9548040094283805,TROX,0.0008916824690972103,0.0,0.9773116836500425,KTB,-0.00286668775936807,0.0,0.9990009074039493,0.00727735537933305,2.1072281555670402
2021-05-21,4155.85986328125,4188.72021484375,4151.72021484375,4168.60986328125,3995250000,255,337,448,273,223,50,-55584,-0.0007838806801412357,1.5728667216815126,BNTX,-0.00787393698291179,0.0,1.065423239878742,LPX,-0.0025757602232172384,0.0,0.9822657188993832,WFG,-0.0009178803508474332,0.0,0.9504220302325572,TROX,0.006391465385623763,0.0,1.0085439526351172,KTB,0.0044918711996768225,0.0,1.0214378244260434,-0.0004842409716758764,2.106207749357446
2021-05-24,4197.0498046875,4209.52001953125,4170.16015625,4170.16015625,3684800000,320,360,451,372,124,248,-55336,0.009911292190138532,1.5884558633362433,BNTX,-0.0008176283736512913,0.0,1.0610676385243802,LPX,-0.0004604885544565729,0.0,0.9800041082944421,WFG,0.006244178603992401,0.0,0.980095054762263,TROX,0.0027526931190033025,0.0,1.0224250126282726,KTB,0.0019279186178702279,0.0,1.0312840694195826,0.009646673412758067,2.1265256476549173
2021-05-25,4188.1298828125,4213.419921875,4182.52001953125,4205.93994140625,4182250000,266,358,450,171,325,-154,-55490,-0.0021252837802967495,1.5850799438541776,BNTX,0.0026784339444415385,0.0,1.0752776364262409,LPX,-0.0007999886057950212,0.0,0.9760841476931027,WFG,-0.004368909278565392,0.0,0.9586853228691284,TROX,-0.007212525173459517,0.0,0.9855536819204922,KTB,-0.0007200067807262123,0.0,1.0275714118053976,-0.010422995894104604,2.104360879560702
2021-05-26,4195.990234375,4202.60986328125,4184.10986328125,4191.58984375,4420890000,284,366,448,318,178,140,-55350,0.0018768165702687245,1.5880548481580037,BNTX,0.004931641710565149,0.0,1.1017920566374286,LPX,0.006333018713772055,0.0,1.006991943560886,WFG,-0.0014366155703264827,0.0,0.9517990115597421,TROX,0.005193633209964999,0.0,1.01114670358362,KTB,-0.001853557411558038,0.0,1.0180480987741123,0.013168120652417683,2.132071357518985
2021-05-27,4200.8798828125,4213.3798828125,4197.77978515625,4201.93994140625,6406310000,315,372,447,314,182,132,-55218,0.0011653145418315525,1.5899054315657883,BNTX,-0.004615302809532662,0.0,1.0763665367648312,LPX,0.0037730478691154093,0.0,1.02598908759523,WFG,0.0050513354858357845,0.0,0.9758382921721178,TROX,0.002831418659029916,0.0,1.0254616018013363,KTB,0.007991089329719437,0.0,1.0587246652703872,0.015031588534167886,2.164119776890695
2021-05-28,4204.10986328125,4218.35986328125,4203.56982421875,4210.77001953125,4649250000,326,381,451,293,203,90,-55128,0.0007688818911402162,1.5911278810607448,BNTX,0.004707149988937959,0.0002449965892629665,1.0235357499446898,LPX,-0.0036758633613739287,0.00016552632116972755,0.9816206831931303,TROX,-0.0014681012923394396,0.00046244225144227637,0.9926594935383029,THC,-0.0017405896512296454,-5.689554752813875e-05,0.9912970517438517,AEO,-0.00455767804201523,-0.00013138509347895128,0.9772116097899238,-0.006050397837152404,2.1510259912732566
2021-06-01,4202.0400390625,4234.1201171875,4197.58984375,4216.52001953125,5074670000,324,354,444,269,227,42,-55086,-0.0004923335226864056,1.5903445154660176,BNTX,0.0020980281297320325,0.0,1.0342727839205414,LPX,0.004999237063174134,0.0,1.0061574557001174,TROX,0.00860302364632468,0.0,1.0353588590165963,THC,0.004782538892692268,0.0,1.0150016352647324,AEO,-0.005644930952730643,0.0,0.9496301494725694,0.01483789677919247,2.182942692901129
2021-06-02,4208.1201171875,4217.3701171875,4198.27001953125,4206.81982421875,5833670000,319,354,446,254,242,12,-55074,0.0014469348384307246,1.5926456403505527,BNTX,0.012865048380359978,0.0,1.1008026309386783,LPX,-0.00992885929738825,0.0,0.9562074766567943,TROX,-0.004001624095596612,0.0,1.0146432742274452,THC,-0.0035323282637376163,0.0,0.9970750404448049,AEO,-0.004414810078070897,0.0,0.928667965700912,-0.009012573354433395,2.1632687617528332
2021-06-03,4192.85009765625,4204.39013671875,4167.93017578125,4191.43017578125,5587970000,303,343,439,235,261,-26,-55100,-0.0036287033416374515,1.5868664017933682,BNTX,-0.0037283446181183956,0.0,1.0802817731153243,LPX,-0.0016190271745205598,0.0,0.9484668472108588,TROX,-0.0013333622140530245,0.0,1.0078788392144555,THC,0.0010698383180598014,0.0,1.0024085858660492,AEO,-0.0016037519367566588,0.0,0.9212212004579285,-0.007214647625388837,2.147661539917775
2021-06-04,4229.89013671875,4233.4501953125,4206.0498046875,4206.0498046875,4139790000,329,357,449,353,143,210,-54890,0.008834095710505974,1.6008849314665972,BNTX,0.016701484973937086,0.0,1.1704933221218428,LPX,0.000831488309138928,0.0,0.9524100426861672,TROX,0.0010066974671486763,0.0,1.0129519845876052,THC,0.00020691602434368407,0.0,1.0034456578628261,AEO,0.001077864802937123,0.0,0.926185959996394,0.019824451577505498,2.190237752120746
2021-06-07,4226.52001953125,4232.33984375,4215.66015625,4229.33984375,4476920000,302,340,444,169,327,-158,-55048,-0.0007967387044511831,1.599609444480325,BNTX,0.004166495460677533,0.0,1.194877597688713,LPX,-0.009293050641463773,0.0,0.9081560688955611,TROX,-0.00016694856014678463,0.0,1.0121064302109815,THC,0.0010630236619357358,0.0,1.0087790902517004,AEO,-0.002561061461920966,0.0,0.9143258641527988,-0.006791541540918256,2.1753626614427306
2021-06-08,4227.259765625,4236.740234375,4208.41015625,4233.81005859375,4659620000,314,334,446,277,219,58,-54990,0.00017502486450582388,1.5998894159066075,BNTX,-0.014864583599779248,0.0,1.1060708079769765,LPX,0.004213564987743767,0.0,0.9272889419720879,TROX,0.0010860811680756478,0.0,1.0176025788806835,THC,-0.0011161617678234759,0.0,1.003149286988107,AEO,0.005791851820194972,0.0,0.9408040637555225,-0.004889247391588336,2.164726775224513
2021-06-09,4219.5498046875,4237.08984375,4218.740234375,4232.990234375,4713260000,288,319,444,169,327,-158,-55148,-0.0018238673194856947,1.5969714298861444,BNTX,0.019088246956879384,0.0,1.2116355716492748,LPX,6.300211488246e-05,0.0,0.9275810477943447,TROX,-0.0049854429857162375,0.0,0.9922365806850462,THC,-5.906555408887737e-05,0.0,1.0028530291457578,AEO,-0.002521243520019878,0.0,0.9289440830087626,0.011585497011936851,2.1898062108105365
2021-06-10,4239.18017578125,4249.740234375,4220.33984375,4228.56005859375,4408210000,299,328,453,291,205,86,-55062,0.004652243012262192,1.6044009290616146,BNTX,-0.0013830869902367927,0.0,1.2032565846689938,LPX,-0.011336784331387295,0.0,0.875002116350711,TROX,-0.0046868719130594766,0.0,0.9689841518794315,THC,0.0013591344892352364,0.0,1.009668089843488,AEO,-0.0022565541464396157,0.0,0.9184630198971427,-0.01830416289188794,2.1497236412261924
2021-06-11,4247.43994140625,4248.3798828125,4232.25,4242.89990234375,3815010000,314,332,458,351,145,206,-54856,0.0019484346695590737,1.6075269994556711,BNTX,-0.0005476193669497339,-0.00018229836422773988,0.9972619031652513,TROX,0.0028366636722877638,0.00035353172839514663,1.0141833183614388,HIMX,0.002790794980412883,0.00015178162745707436,1.0139539749020645,THC,0.0008514742199802615,0.00011831350866274703,1.0042573710999012,RVLV,0.006157317152662392,0.000235997209279666,1.030786585763312,0.01276595636796046,2.177166919433259
2021-06-14,4255.14990234375,4255.58984375,4234.06982421875,4248.31005859375,4151200000,286,317,459,195,301,-106,-54962,0.0018152018730952513,1.6104449854761342,BNTX,-0.0150660207074226,0.0,0.9221380607461945,TROX,-0.005218148621314334,0.0,0.9877225219391002,HIMX,0.021488789746047978,0.0,1.1228971937962648,THC,-0.00372200872932309,0.0,0.9855680975912967,RVLV,-0.0006271787470062185,0.0,1.027554148566863,-0.003144567059018265,2.170320672056425
2021-06-15,4246.58984375,4257.16015625,4238.35009765625,4255.27978515625,4048940000,293,322,454,267,229,38,-54924,-0.0020116937805257917,1.607205263314973,BNTX,-0.0021851602194524534,0.0,0.9120629637102665,TROX,0.001229696372553546,0.0,0.9937955159506899,HIMX,-0.01902345195845221,0.0,1.0160902896939445,THC,-0.0003555636935763884,0.0,0.9838159364260436,RVLV,-0.007934290140987788,0.0,0.9867895848153371,-0.028268769639915294,2.1089683769333156
2021-06-16,4223.7001953125,4251.89013671875,4202.4501953125,4248.8701171875,4538350000,221,286,445,102,394,-292,-55216,-0.005390124612855707,1.5985422266672678,BNTX,-0.013127367597884932,0.0,0.8521980347250613,TROX,0.002269819577749477,0.0,1.0050741985426126,HIMX,-0.006166798037223709,0.0,0.9847601716733111,THC,-0.0018106281840805983,0.0,0.9749093121138404,RVLV,0.007424934985271925,0.0,1.0234238273723237,-0.011410039256167837,2.0849049649624902
2021-06-17,4221.85986328125,4232.2900390625,4196.0498046875,4220.3701171875,5312680000,200,236,446,195,301,-106,-55322,-0.00043571559205179966,1.5978457168945557,BNTX,0.010154527027098759,0.0,0.8954663746053417,TROX,-0.014069972041209612,0.0,0.934367369178434,HIMX,0.007086029155205909,0.0,1.0196503681101243,THC,0.005571366493530317,0.0,1.002067197492549,RVLV,0.01810843900838757,0.0,1.1160868671608353,0.02685038964301294,2.1408854756403857
2021-06-18,4166.4501953125,4204.77978515625,4164.39990234375,4204.77978515625,6817010000,118,173,438,52,444,-392,-55714,-0.013124468779900589,1.5768748406680753,BNTX,-0.0016620099927033617,0.0,0.888025004291722,TROX,-0.008170824836251712,0.0,0.8961946086471024,HIMX,-0.004469238829835099,0.0,0.9968650630200573,THC,-0.007868270599727346,0.0,0.9626445181476401,RVLV,-0.0030249474443370342,0.0,1.0992063465784538,-0.025195291702854554,2.0869452415792216
2021-06-21,4224.7900390625,4226.240234375,4173.39990234375,4173.39990234375,4128950000,199,245,444,470,26,444,-55270,0.014002289962720793,1.5989546994220287,BNTX,0.012870739947416077,0.0,0.945172698776931,TROX,0.0030009815365712456,0.0,0.9096419260157257,HIMX,0.0002857019308426079,0.0,0.9982890943865291,THC,0.008038833652700195,0.0,1.0013372138880032,RVLV,0.0047051215910622005,0.0,1.1250658441500483,0.028901378658592325,2.14726083624585
2021-06-22,4246.43994140625,4255.83984375,4217.27001953125,4224.60986328125,3828390000,197,239,444,260,236,24,-55246,0.005124491902218642,1.6071485298312314,BNTX,0.009199878058003952,0.0,0.9886500666394423,TROX,0.0013352289594983358,0.0,0.9157148272276758,HIMX,-0.011126963779181499,0.0,0.942749461414575,THC,-0.0004666190079829491,0.0,0.999000999000999,RVLV,0.00766161681540436,0.0,1.1681649610999338,0.0066031410457422,2.1614395024095794
2021-06-23,4241.83984375,4256.60009765625,4241.43017578125,4249.27001953125,3730350000,186,230,439,202,294,-92,-55338,-0.0010832833431588806,1.6054075325988828,BNTX,-0.005911462799026501,0.0,0.9594282261884717,TROX,0.0024633208193841406,0.0,0.9269933242203192,HIMX,0.013293045525046666,0.0,1.005409518961061,THC,-0.0011107783209221012,0.0,0.9934526557396499,RVLV,0.008116830947872166,0.0,1.215573948642313,0.01685095617235437,2.1978618247338786
2021-06-24,4266.490234375,4271.27978515625,4256.97021484375,4256.97021484375,3816660000,221,246,445,370,126,244,-55094,0.005811249724885448,1.614736956681027,BNTX,-0.0014902011613927347,0.0,0.9522795209037765,TROX,0.0048666003082732615,0.0,0.9495498542074086,HIMX,0.005807363452518733,0.0,1.0346034114372056,THC,0.002498525757447823,0.0,1.0058634909855022,RVLV,0.005318349408899481,0.0,1.2478981835984901,0.017000637765746562,2.235226877475342
2021-06-25,4280.7001953125,4286.1201171875,4271.16015625,4274.4501953125,7341450000,265,283,456,390,106,284,-54810,0.0033305973193167304,1.6201149952603504,BNTX,0.0011292902042910826,8.455388476226103e-05,1.0056464510214553,HIMX,-0.00596326838257364,0.0003798548931613914,0.9701836580871318,ASTH,-0.01765932294404347,4.250683608021131e-05,0.9117033852797827,THC,0.0032585667173735526,-0.00012120736913799362,1.0162928335868677,RVLV,0.0006614163374985564,2.325549755039417e-05,1.0033070816874927,-0.018164354325037657,2.1946254244760324
2021-06-28,4290.60986328125,4292.14013671875,4274.669921875,4284.89990234375,4147890000,232,256,456,212,284,-72,-54882,0.0023149642620619026,1.6238655035748086,BNTX,-0.0013738027587363979,0.0,0.9987386516778216,HIMX,0.013295608630824286,0.0,1.0346795691768715,ASTH,0.019716813079023777,0.0,1.001582811435156,THC,-0.004346594851020647,0.0,0.9942057675988785,RVLV,0.000972807812499843,0.0,1.0081872065245028,0.028264831912590868,2.2566561432099457
2021-06-29,4291.7998046875,4300.52001953125,4287.0400390625,4293.2099609375,3707150000,231,246,452,229,267,-38,-54920,0.00027733619326086867,1.6243158602519376,BNTX,-0.0003326894226881594,0.0,0.9970773027506064,HIMX,0.015424096877630378,0.0,1.1144745587383162,ASTH,0.0009666481022572615,0.0,1.0064237020547924,THC,-0.0069570222657451275,0.0,0.9596222092892903,RVLV,-0.0004271114192510028,0.0,1.0060341651812559,0.008673921872203349,2.2762302022885765
2021-06-30,4297.5,4302.43017578125,4287.9599609375,4290.64990234375,4266040000,242,250,453,278,218,60,-54860,0.0013281596467464851,1.6264732110310947,BNTX,-0.003665694875194259,0.0,0.9788023969562792,HIMX,0.008902829386306576,0.0,1.1640844429974488,ASTH,0.0014109425972149926,0.0,1.013523732415172,THC,0.0028770349335922596,0.0,0.9734265423851717,RVLV,-0.0033956195582461658,0.0,0.9889536187434892,0.006129492483673405,2.2901823382046147
2021-07-01,4319.93994140625,4320.66015625,4300.72998046875,4300.72998046875,3788230000,295,289,453,389,107,282,-54578,0.0052216268542757405,1.6349660472275747,BNTX,0.00010719313444620405,0.0,0.9793270014409452,HIMX,-0.009003615080709527,0.0,1.111679601766493,ASTH,0.008501837049084849,0.0,1.0566078005070423,THC,0.0027765348106653766,0.0,0.986940305787962,RVLV,0.0060667526606820845,0.0,1.0189523037325054,0.008448702574168987,2.3095314076207205
2021-07-02,4352.33984375,4355.43017578125,4326.60009765625,4326.60009765625,3225840000,301,289,456,309,187,122,-54456,0.007500081663913916,1.647228426099508,BNTX,0.0,0.0,0.9793270014409452,HIMX,-0.014707737609256366,0.0,1.029928142324772,ASTH,0.002687835089503832,0.0,1.0708077381172738,THC,0.0017962327055258244,0.0,0.995804178066252,RVLV,0.003972400914323693,0.0,1.0391907390475017,-0.006251268899903018,2.295093905758912
2021-07-06,4343.5400390625,4356.4599609375,4314.3701171875,4356.4599609375,4309570000,252,255,454,160,336,-176,-54632,-0.0020218560598241897,1.6438979673242842,BNTX,-0.009375003019705909,0.0,0.9334210334620032,HIMX,0.009362302046251658,0.0,1.0781406340966688,ASTH,0.023478001337788348,0.0,1.1965098656574311,THC,-0.0015175737701121905,0.0,0.9882481465622446,RVLV,-0.0069060772025160595,0.0,1.003307081687493,0.015041649391705849,2.329615903610378
2021-07-07,4358.1298828125,4361.8798828125,4329.7900390625,4351.009765625,4037380000,290,267,456,339,157,182,-54450,0.003358975310182588,1.6494197800089858,BNTX,-0.007091343760276337,0.0,0.9003249863552459,HIMX,-0.0068697438371400745,0.0,1.0411078842133894,ASTH,0.017801748720983213,0.0,1.303009705510486,THC,-0.00014704617023140188,0.0,0.9875215560362933,RVLV,-0.011530754481614315,0.0,0.9454626435444757,-0.007837139528278915,2.311358378726486
2021-07-08,4320.81982421875,4330.8798828125,4289.3701171875,4321.06982421875,4347500000,237,233,455,65,431,-366,-54816,-0.008561024934316985,1.6352990561451732,BNTX,0.0019424133651565257,0.0,0.9090690027876499,HIMX,-0.0006711166576298888,0.0,1.0376143599959624,ASTH,-0.00321982180001934,0.0,1.2820324102332887,THC,-0.002589750633528265,0.0,0.9747343831594543,RVLV,-0.0013663414570301404,0.0,0.9390035195147352,-0.005904617183051109,2.2977106923272683
2021-07-09,4369.5498046875,4371.60009765625,4329.3798828125,4329.3798828125,3531120000,332,295,458,455,41,414,-54402,0.011277947808795874,1.6537418735521516,HIMX,0.002608636932614923,0.0015570183221334437,1.0130431846630745,THC,0.0007029482857501866,0.00020217566410908814,1.0035147414287509,RVLV,0.014469170801222057,0.0003875172460813512,1.0723458540061104,ASTH,0.012464984938966646,0.0008714303749526592,1.0623249246948332,FRHC,0.001051889490112393,0.00035092596035093634,1.005259447450562,0.034666698016293684,2.377364735026987
2021-07-12,4384.6298828125,4386.68017578125,4364.02978515625,4372.41015625,3384460000,347,296,455,293,203,90,-54312,0.0034511743312370946,1.6594492250566468,HIMX,0.0031683420241130026,0.0,1.029091521134121,THC,0.0005223456470052401,0.0,1.0061356492132054,RVLV,0.0026230225010640765,0.0,1.0864097905260144,ASTH,0.013397356274946981,0.0,1.1334866521742977,FRHC,0.0015875552878769296,0.0,1.013238972208004,0.021298621735006226,2.42799932724447
2021-07-13,4369.2099609375,4392.3701171875,4366.919921875,4381.06982421875,3695430000,293,260,446,74,422,-348,-54660,-0.0035168126585656267,1.6536132530157206,HIMX,-0.00571802479692245,0.0,0.9996696669533832,THC,-0.002489147986518825,0.0,0.9936135465861862,RVLV,-0.002422035527662292,0.0,1.0732531749747436,ASTH,-0.026539356571821895,0.0,0.983076620017026,FRHC,-0.0016676988811439087,0.0,1.0047900847065905,-0.03883626376406937,2.333704904952621
2021-07-14,4374.2998046875,4393.68017578125,4362.35986328125,4380.10986328125,4006370000,298,263,446,239,257,-18,-54678,0.0011649345752446916,1.6555396042682415,HIMX,-0.0021404633153520704,0.0,0.9889708857054635,THC,-0.004279012691024153,0.0,0.9723551217071071,RVLV,-0.011892352115310612,0.0,1.00943565164637,ASTH,0.018931925271322883,0.0,1.0761342855477611,FRHC,-0.000809723236649984,0.0,1.0007220753088784,-0.00018962608701393743,2.3332623736232496
2021-07-15,4360.02978515625,4369.02001953125,4340.7001953125,4369.02001953125,3905230000,289,269,447,245,251,-6,-54684,-0.0032622408541723713,1.6501388353354973,HIMX,-0.0067613136964685076,0.0,0.9555371737308188,THC,0.0016472089302533189,0.0,0.9803634819063747,RVLV,-0.006651689050795873,0.0,0.9758633912886743,ASTH,-0.01953756519824783,0.0,0.9710090667179649,FRHC,-0.001782363048728053,0.0,0.9918038250634934,-0.033085722063986946,2.2560647032271923
2021-07-16,4327.16015625,4375.08984375,4322.52978515625,4367.43017578125,3985700000,253,253,436,166,330,-164,-54848,-0.007538854211077806,1.6376986792278654,HIMX,-0.003918823641480995,0.0,0.9368142653971675,THC,-0.0020793243980393064,0.0,0.9701710133720012,RVLV,0.004649000552844384,0.0,0.9985473385166825,ASTH,-0.0016143622246746593,0.0,0.9631712649323345,FRHC,-0.002397849278595543,0.0,0.9799128446313095,-0.00536135898994612,2.243969130448645
2021-07-19,4258.490234375,4296.39990234375,4233.1298828125,4296.39990234375,5157660000,154,193,405,66,430,-364,-55212,-0.015869512427409305,1.611709199685507,HIMX,-0.0015703097704581116,0.0,0.9294588224268789,THC,-0.005913233295856202,0.0,0.9414867756772718,RVLV,-0.0049674372859829456,0.0,0.9737462321108485,ASTH,0.0010849862538844235,0.0,0.9683964028452748,FRHC,-0.003608497681123346,0.0,0.9622327784935342,-0.014974491779536182,2.210366833151209
2021-07-20,4323.06005859375,4336.83984375,4262.0498046875,4265.10986328125,4438270000,237,250,428,441,55,386,-54826,0.015162609437855634,1.6361469168077374,HIMX,-0.007482023230318969,0.0,0.8946876599217648,THC,0.018125557219511812,0.0,1.0268116377970322,RVLV,0.006553814661755597,0.0,1.0056549937750352,ASTH,0.021274426511402347,0.0,1.0714067933764657,FRHC,0.0037398423605818024,0.0,0.9802257730222864,0.042211617522932586,2.3036699924975634
2021-07-21,4358.68994140625,4359.7001953125,4331.1298828125,4331.1298828125,3810280000,286,270,437,365,131,234,-54592,0.008241819990835397,1.6496317451746272,HIMX,0.00896861663042996,0.0,0.9348082130508388,THC,0.004906419283284791,0.0,1.0520014798969752,RVLV,0.0052631578947368585,0.0,1.0321195988743783,ASTH,0.03792381254262858,0.0,1.274565945321005,FRHC,0.006544278922376368,0.0,1.0123001273500856,0.06360628527345656,2.4501978832162647
2021-07-22,4367.47998046875,4369.8701171875,4350.06005859375,4361.27001953125,3358300000,251,250,432,202,294,-92,-54684,0.0020166699583279435,1.652958507957425,HIMX,-0.007009999998239214,0.0,0.902043185191637,THC,-0.006228373702422152,0.0,1.0192401881354778,RVLV,0.0018461457975618156,0.0,1.041646815174594,ASTH,-0.009760859246342402,0.0,1.2123616513587065,FRHC,-0.00021638237442334063,0.0,1.0112049078241603,-0.021369469523865293,2.3978384542234354
2021-07-23,4411.7900390625,4415.18017578125,4381.2001953125,4381.2001953125,4540070000,312,286,436,405,91,314,-54370,0.010145452020822843,1.669728519192318,HIMX,-0.004059242809864263,-0.0001288690507186277,0.9797037859506786,BNTX,-0.0037310529143762144,0.0007706160975864935,0.981344735428119,RVLV,0.00026378396613137403,6.412213943385295e-06,1.001318919830657,ASTH,0.025454538137643618,0.001005645204097463,1.127272690688218,TX,0.003487198847464431,-6.473211592760765e-05,1.0174359942373221,0.023004297575980055,2.4529990435635196
2021-07-26,4422.2998046875,4422.72998046875,4405.4501953125,4409.580078125,4275630000,325,285,443,264,232,32,-54338,0.0023821998626283314,1.6737061462413645,HIMX,-0.0007575856468056364,0.0,0.9759927383188918,BNTX,0.003050088671489304,0.0,0.9963106777298938,RVLV,5.7860654721686444e-05,0.0,1.00160860467209,ASTH,-0.003491658375120088,0.0,1.1075924350307897,TX,0.007118201778543876,0.0,1.0536475677559953,0.005976907082829143,2.4676603909211674
2021-07-27,4401.4599609375,4416.3798828125,4372.509765625,4416.3798828125,4241950000,307,288,445,246,250,-4,-54342,-0.0047124448070912095,1.6658188984039128,HIMX,-0.006539897334717937,0.0,0.9440782767787129,BNTX,-0.0015789922819752446,0.0,0.9884448433769687,RVLV,0.0020538012459946574,0.0,1.0118941296734625,ASTH,-0.024749708452814323,0.0,0.9705294857730161,TX,-0.0004998992011381765,0.0,1.0510139798689833,-0.03131469602465102,2.3903863558873994
2021-07-28,4400.64013671875,4415.47021484375,4387.009765625,4402.9501953125,4215290000,305,283,444,225,271,-46,-54388,-0.0001862618826539153,1.6655086198397357,HIMX,0.00911949898527955,0.0,0.9871258812142526,BNTX,0.020739461930377612,0.0,1.0909439143744422,RVLV,0.0,0.0,1.0118941296734625,ASTH,0.0025733401551558902,0.0,0.9830169982605286,TX,0.001294625735244459,0.0,1.0578173286011836,0.03372692680605751,2.4710067415506125
2021-07-29,4419.14990234375,4429.97021484375,4403.58984375,4403.58984375,4044600000,354,308,442,381,115,266,-54122,0.004206152980007483,1.6725140038843027,HIMX,0.00526313354204242,0.0,1.0131027578924372,BNTX,-0.0005487494852945751,0.0,1.087950639816951,RVLV,-0.0007444585308811425,0.0,1.0081275635875426,ASTH,0.0013821144199818393,0.0,0.9898102081024442,TX,0.005103759056778002,0.0,1.0848115524575086,0.010455799002626543,2.496843091374401
2021-07-30,4395.259765625,4412.25,4389.64990234375,4395.1201171875,3956740000,324,294,438,210,286,-76,-54198,-0.0054060480514769305,1.6634723128125362,HIMX,0.00029306215781459426,0.0,1.0145872682940165,BNTX,0.010083496446205188,0.0,1.1428023718681555,RVLV,5.749180489624806e-05,0.0,1.0084173589535241,ASTH,-0.021618891575586965,0.0,0.8828172102555647,TX,-0.0031964829620712678,0.0,1.067473644235066,-0.014381324128742202,2.4609351815787353
2021-08-02,4387.16015625,4422.18017578125,4384.81005859375,4406.85986328125,3724090000,307,290,434,214,282,-68,-54266,-0.001842805614891363,1.660406856694269,HIMX,0.004681755594873094,0.0,1.038337516393129,BNTX,0.007223992784068445,0.0,1.1840803523081147,RVLV,0.004022414922003926,0.0,1.0286987241148364,ASTH,0.0017879390991824007,0.0,0.8907093272937999,TX,0.0013980683592507593,0.0,1.0749356498667617,0.019114170759378626,2.507973916867194
2021-08-03,4423.14990234375,4423.7900390625,4373.0,4392.740234375,3965190000,345,312,438,380,116,264,-54002,0.0082034265474622,1.674027882382063,HIMX,-0.0035739754789549717,0.0,1.0197825522807888,BNTX,0.0068193175338116425,0.0,1.2244534518477976,RVLV,0.006844107117512533,0.0,1.0639013454122885,ASTH,-0.0005383703079995695,0.0,0.8883116700194337,TX,0.003225792411164452,0.0,1.0922732461759133,0.012776871275534087,2.540017976765403
2021-08-04,4402.66015625,4416.169921875,4400.22998046875,4415.9501953125,4260760000,280,278,419,129,367,-238,-54240,-0.004632387901412294,1.6662731358730893,HIMX,0.0020378544419884293,0.0,1.0301733943009275,BNTX,0.03560445282205604,0.0,1.4424334276433906,RVLV,-0.005718970680021718,0.0,1.033479242408046,ASTH,0.006567697321354871,0.0,0.9174824808980082,TX,0.00590716504338138,0.0,1.1245344378640685,0.04439819894875901,2.6527902002312573
2021-08-05,4429.10009765625,4429.759765625,4408.85986328125,4408.85986328125,3769410000,333,292,418,344,152,192,-54048,0.006005446813494242,1.6762798505673295,HIMX,-0.0073487102868908805,0.0,0.9923211652010249,BNTX,-0.004594143318953048,0.0,1.4092996981701784,RVLV,-0.02988504788316908,0.0,0.8790513591799171,ASTH,0.004377182526957935,0.0,0.9375624223188921,TX,-0.002498040604716945,0.0,1.1104887744281335,-0.03994875956677202,2.54681452234113
2021-08-06,4436.52001953125,4440.81982421875,4429.06982421875,4429.06982421875,3451870000,353,321,420,305,191,114,-53934,0.001675266241764728,1.6790880656127354,TX,0.0015910787856261287,0.0002588816579019809,1.0079553939281307,JYNT,0.019822275920009305,-0.0009202816970739129,1.0991113796000465,BNTX,-0.0037265715266425465,-4.658677260645171e-05,0.9813671423667872,CLF,0.001986567526557929,-0.0015089598326394529,1.0099328376327896,GEAR,-0.0018559870146979008,0.0005285990500120376,0.9907200649265105,0.016129016096447114,2.5878921347666353
2021-08-09,4432.35009765625,4439.39013671875,4424.740234375,4437.77001953125,3449280000,324,314,418,184,312,-128,-54062,-0.0009399082741974318,1.6775098768467598,TX,0.004403274307968985,0.0,1.0301469143764432,JYNT,-0.0028893887396352017,0.0,1.08323257938094,BNTX,0.02993239510510355,0.0,1.1282404876092327,CLF,0.006244795884319698,0.0,1.0414669597722324,GEAR,0.0008358500415657666,0.0,0.9948605319637549,0.038526926599322796,2.6875956650897543
2021-08-10,4436.75,4445.2099609375,4430.02978515625,4435.7900390625,3886610000,337,320,422,300,196,104,-53958,0.0009926793341701323,1.6791751062343718,TX,0.010997724712402058,0.0,1.0867932752646559,JYNT,0.0011649324564183328,0.0,1.089542043328793,BNTX,-0.01374237421495077,0.0,1.0507169726833097,CLF,0.010092854072662805,0.0,1.094023830004637,GEAR,0.006196532497516261,0.0,1.0256839600478036,0.014709669524048685,2.7271293091374904
2021-08-11,4442.41015625,4449.43994140625,4436.419921875,4442.18017578125,3532560000,357,339,429,367,129,238,-53720,0.0012757437876824707,1.6813173034445814,TX,0.0012896208508928364,0.0,1.093801031606613,JYNT,-0.008744327290051769,0.0,1.0419054822130993,BNTX,-0.02751981203116649,0.0,0.9061393047523048,CLF,-0.0020753301538325663,0.0,1.0826715267875369,GEAR,0.005830900348113577,0.0,1.0555872648462898,-0.03121894827604441,2.6419912002934423
2021-08-12,4460.830078125,4461.77001953125,4435.9599609375,4446.080078125,3375310000,350,348,425,245,251,-6,-53726,0.004146380281677686,1.6882886843588276,TX,-0.0013169550885433036,0.0,1.0865985974344716,JYNT,-0.005813493802156545,0.0,1.0116199268967054,BNTX,0.008257466524209,0.0,0.9435513796286156,CLF,-0.00023301504190684775,0.0,1.0814101330316082,GEAR,-0.004924824942883444,0.0,1.0295943523897642,-0.004030822351281139,2.6313418031114115
2021-08-13,4468.0,4468.3701171875,4460.81982421875,4464.83984375,3016470000,352,348,424,277,219,58,-53668,0.001607306655808216,1.6910022819981232,TX,0.0012181868626031545,0.0,1.09321699811606,JYNT,-0.0008108095676099936,0.0,1.0075187713191416,BNTX,0.0017646137736140322,0.0,0.9518763984316415,CLF,0.0009331325228386867,0.0,1.0864556278599036,GEAR,-0.007774789673897065,0.0,0.9895699546934508,-0.004669666082451185,2.619054315542086
2021-08-16,4479.7099609375,4480.259765625,4437.66015625,4461.64990234375,3370640000,351,348,419,279,217,62,-53606,0.002620850702215849,1.6954341465163465,TX,-0.0038105136000593956,0.0,1.0723884069203733,JYNT,-0.005844891960572096,0.0,0.978074579486098,BNTX,-0.018138449660595437,0.0,0.8655485877513355,CLF,-0.003405576868880567,0.0,1.0679555870833797,GEAR,-0.002278018006754201,0.0,0.9782986638147777,-0.0334774500968617,2.5313750553925556
2021-08-17,4448.080078125,4462.1201171875,4417.830078125,4462.1201171875,3836960000,305,321,407,151,345,-194,-53800,-0.00706069881494753,1.6834631966472169,TX,-0.003739346007018574,0.0,1.0523382503834198,JYNT,-0.008773253923978586,0.0,0.9351700962739974,BNTX,0.013506269435393882,0.0,0.9240002499293065,CLF,-0.0076377899836411085,0.0,1.0271714846533846,GEAR,-0.0040442070775238426,0.0,0.9585164519141185,-0.01068832755676823,2.5043188896314876
2021-08-18,4400.27001953125,4454.31982421875,4397.58984375,4440.93994140625,3755590000,233,285,398,62,434,-372,-54172,-0.010748470745585936,1.6653685417267836,TX,0.002145754888074203,0.0,1.0636285501067582,JYNT,-0.0032834793196052205,0.0,0.9198170379168529,BNTX,-0.0012449930544802925,0.0,0.9182483804618063,CLF,0.0049938649425421925,0.0,1.0528192629893323,GEAR,-0.006815446274742443,0.0,0.9258528650067314,-0.004204298818211561,2.493789984683385
2021-08-19,4405.7998046875,4418.60986328125,4367.72998046875,4382.43994140625,4398410000,220,285,382,230,266,-36,-54208,0.0012566922329095842,1.6674613974381036,TX,-0.010724726093933535,0.0,1.0065929257788448,JYNT,-0.007819819643802272,0.0,0.8838530212078217,BNTX,-0.01768180281703542,0.0,0.8370669464598675,CLF,-0.014936108393461024,0.0,0.9741941498356702,GEAR,-0.001043473711665377,0.0,0.9210223493792083,-0.05220593065989762,2.363599357662657
2021-08-20,4441.669921875,4444.35009765625,4406.7998046875,4410.56005859375,3652610000,261,305,388,410,86,324,-53884,0.008141567655737925,1.6810371472186771,TX,0.0007976597610993603,0.0002459243892371663,1.003988298805497,AFG,0.0037642945672298716,-0.0001398437594459686,1.0188214728361493,NUE,-0.002858383625442004,0.000506755509865717,0.98570808187279,ZIM,0.010155143930517703,-4.000000000000162e-05,1.0507757196525884,CMRE,0.005513722409253064,-2.003950364730423e-05,1.0275686120462653,0.017925233678667604,2.4059674284715085
2021-08-23,4479.52978515625,4489.8798828125,4450.2900390625,4450.2900390625,3576530000,294,324,403,338,158,180,-53704,0.00852379036424833,1.6953659554560832,TX,0.003553683969664068,0.0,1.021827584421474,AFG,0.0006144111059809721,0.0,1.0219513489757615,NUE,0.005858077063119894,0.0,1.0145798513995445,ZIM,0.009984822962213835,0.0,1.1032347673212082,CMRE,0.011120465475170694,0.0,1.084703818414413,0.031131460576149465,2.480868708618469
2021-08-24,4486.22998046875,4492.81005859375,4482.27978515625,4484.39990234375,3979220000,317,340,410,305,191,114,-53590,0.0014957363013194946,1.69790177585968,TX,0.0064576523607356336,0.0,1.0548206209854945,AFG,-0.0010062303154178443,0.0,1.0168097568346537,NUE,0.005708119451267768,0.0,1.043536566322735,ZIM,0.012421824955631289,0.0,1.1717557131443614,CMRE,0.006863541745242463,0.0,1.1219283681089691,0.03044490819745931,2.556398528702308
2021-08-25,4496.18994140625,4501.7099609375,4485.66015625,4490.4501953125,3444700000,329,352,418,350,146,204,-53386,0.002220118224179668,1.701671318535133,TX,-0.0002909524739144631,0.0,1.0532861076394358,AFG,0.0014802769677688676,0.0,1.0243355571528787,NUE,-0.005338735398369133,0.0,1.0156807382921362,ZIM,0.0018679963542901135,0.0,1.1826998901457229,CMRE,0.0023147788080160048,0.0,1.1349134481620222,3.336425779139037e-05,2.5564838210418372
2021-08-26,4470.0,4495.89990234375,4468.990234375,4493.75,3263980000,281,327,402,106,390,-284,-53670,-0.005824918819612557,1.691759221247003,TX,-0.0007284754041841923,0.0,1.0494496425245146,AFG,-0.0033170682802991405,0.0,1.0073466022278068,NUE,-0.0031677566444931805,0.0,0.999593591255093,ZIM,-0.008851327710643854,0.0,1.1303575685906115,CMRE,-0.001220441888496615,0.0,1.127987968602247,-0.017285069928116983,2.5122948194250294
2021-08-27,4509.3701171875,4513.330078125,4474.10009765625,4474.10009765625,3331200000,350,357,416,433,63,370,-53300,0.008807632480425154,1.7066596147131168,TX,0.004203998669586673,0.0,1.071509067029371,AFG,0.002352252260539789,0.0,1.0191942688389939,NUE,0.0030323808953126364,0.0,1.0147493338010873,ZIM,0.00623030106838467,0.0,1.1655699084268454,CMRE,0.009977023544886165,0.0,1.1842577812077115,0.02579595643870993,2.5771018671481145
2021-08-30,4528.7900390625,4537.35986328125,4513.759765625,4513.759765625,3168660000,340,353,409,260,236,24,-53276,0.004306570844779589,1.714009465251803,TX,-0.0023272594537070423,0.0,1.0590406689994865,AFG,-0.0005117722904705247,0.0,1.016586291912003,NUE,0.001985808752532536,0.0,1.024824824344531,ZIM,-0.0012247619295541858,0.0,1.1584321801764697,CMRE,0.0024853457037012916,0.0,1.1989742311507086,0.00040736078250207513,2.5781516773813036
2021-08-31,4522.68017578125,4531.39013671875,4515.7998046875,4529.75,4290710000,346,353,410,257,239,18,-53258,-0.0013491160395050494,1.7116970675903682,TX,-0.003006684839802043,0.0,1.0431196613784137,AFG,0.0022135662806411108,0.0,1.027837697597695,NUE,-0.005750163118788731,0.0,0.9953602748037057,ZIM,-0.0016019715369901767,0.0,1.1491533032755887,CMRE,0.007653442076105544,0.0,1.2448556302949843,-0.0004918111388342965,2.576883713668763
2021-09-01,4524.08984375,4537.10986328125,4522.02001953125,4528.7998046875,4057340000,334,344,405,251,245,6,-53252,0.0003116886257619189,1.7122305840970862,TX,-0.0009562635278497878,0.0,1.0381321749416177,AFG,-0.0020008467417403477,0.0,1.0175549690563137,NUE,-0.002211640410636928,0.0,0.9843533797692129,ZIM,0.010434795459337166,0.0,1.209109201631101,CMRE,0.003755166745948646,0.0,1.2682288326269375,0.009021211525058748,2.600130326725248
2021-09-02,4536.9501953125,4545.85009765625,4524.66015625,4534.47998046875,3735990000,372,356,413,379,117,262,-52990,0.002842638410522902,1.7170978365231127,TX,-0.00025865407442318136,0.0,1.0367895893574255,AFG,0.0030023375517253207,0.0,1.0328301865290261,NUE,-0.0016858902632113538,0.0,0.9760558208766523,ZIM,0.008579286789831376,0.0,1.2609756746361873,CMRE,0.004505133381278448,0.0,1.2967965328717745,0.01414221338520061,2.636901924635128
2021-09-03,4535.43017578125,4541.4501953125,4521.2998046875,4532.419921875,3217530000,333,340,407,162,334,-172,-53162,-0.0003350311257153127,1.716522555301979,TX,-0.0021904328436363808,7.089781988267148e-05,0.9890478357818181,ZIM,0.004097786702536859,-3.135601681601265e-05,1.0204889335126843,CLF,-0.003729551487789927,0.0002095790312423818,0.9813522425610504,ONTO,0.004049042949941453,-3.9998262565375724e-05,1.0202452147497072,SBLK,0.00097846038542925,-6.66727391328381e-05,1.0048923019271463,0.003347755539092081,2.645729627659368
2021-09-07,4520.02978515625,4535.3798828125,4513.0,4535.3798828125,3822960000,252,308,400,89,407,-318,-53480,-0.003395574405981705,1.7106939752459052,TX,0.0021244752202238537,0.0,0.9995538738754907,ZIM,0.003546373071886766,0.0,1.0385841058825234,CLF,0.00025094677404404744,0.0,0.9825835784584083,ONTO,0.003830328548389073,0.0,1.039784586611773,SBLK,0.0008375323063974705,0.0,1.009100450763717,0.01058965592094121,2.6737469940761205
2021-09-08,4514.06982421875,4521.7900390625,4493.9501953125,4518.08984375,3750880000,262,308,391,256,240,16,-53464,-0.001318566739775151,1.7084383110682122,TX,-0.0023602923113640985,0.0,0.987757677258978,ZIM,0.0021052667942245587,0.0,1.0495165890381428,CLF,-0.0063492081196960815,0.0,0.9513904402852675,ONTO,-0.008046417970923625,0.0,0.9979518796937612,SBLK,-0.010175125354450844,0.0,0.9577618328549485,-0.02482577696221009,2.607369147547807
2021-09-09,4493.27978515625,4529.89990234375,4492.06982421875,4513.02001953125,3735390000,239,291,382,177,319,-142,-53606,-0.004605608657393345,1.7005699127921339,TX,-0.002201897279506393,0.0,0.9768829725471375,ZIM,0.008656569472196196,0.0,1.0949426553642982,CLF,0.0013804990966836518,0.0,0.9579574085023039,ONTO,0.0011563796326642174,0.0,1.0037219358340455,SBLK,0.009402452973652053,0.0,1.0027883858218358,0.018394003895689723,2.655329105805303
2021-09-10,4458.580078125,4520.47021484375,4457.66015625,4506.919921875,3623180000,189,257,375,135,361,-226,-53832,-0.007722578759925436,1.6874371277038371,TX,-0.0006037894788780474,0.0,0.9739338142425421,ZIM,0.0017903581355228405,0.0,1.1047443528191105,CLF,0.0,0.0,0.9579574085023039,ONTO,0.0009145504832364982,0.0,1.008311707741306,SBLK,-0.0019303544931883465,0.0,0.9931097004903945,0.00017076464669294475,2.655782542141909
2021-09-13,4468.72998046875,4492.990234375,4445.7001953125,4474.81005859375,3914220000,205,291,388,293,203,90,-53742,0.0022764876184568905,1.6912785574319793,TX,-0.00045420438964420833,0.0,0.9717219891742827,ZIM,0.0002729634345912224,0.0,1.1062521268835643,CLF,-0.006512426940130656,0.0,0.9267642703291632,ONTO,0.0015866838735693724,0.0,1.0163110673723277,SBLK,0.004745803910246061,0.0,1.0166752199898474,-0.00036118011136820807,2.6548233263075685
2021-09-14,4443.0498046875,4485.68017578125,4435.4599609375,4479.330078125,3670460000,168,245,375,136,360,-224,-53966,-0.00574663850657553,1.6815593909484952,TX,-0.005500762519568503,0.0,0.9449959296868304,ZIM,-0.005350153460362117,0.0,1.0766590336601691,CLF,-0.004517273964615054,0.0,0.9058320297806962,ONTO,0.005264518491683479,0.0,1.0430630094097486,SBLK,-0.004470193426514446,0.0,0.9939515455633537,-0.014573864879376643,2.6161322898713446
2021-09-15,4480.7001953125,4486.8701171875,4438.3701171875,4447.490234375,4032020000,226,285,382,387,109,278,-53688,0.008473996979569742,1.69580892014836,TX,0.007177691719867641,0.0,0.9789103769859394,ZIM,0.010504210921637515,0.0,1.1332063015614333,CLF,0.008608978487319563,0.0,0.9448234720682314,ONTO,-0.0012320791001496634,0.0,1.0366373287395838,SBLK,0.008382701568999451,0.0,1.0356115414658704,0.033441503597674505,2.7036196872550695
2021-09-16,4473.75,4485.8701171875,4443.7998046875,4477.08984375,3984560000,211,270,376,192,304,-112,-53800,-0.0015511404489350067,1.693178482338653,TX,-0.005535673014044496,0.0,0.9518157382006934,ZIM,0.0017631805383367728,0.0,1.143196538045602,CLF,0.0004343982282040582,0.0,0.9468756202793915,ONTO,-0.00035420464071778124,0.0,1.0348014199766795,SBLK,-0.0013002798604659915,0.0,1.0288786173126994,-0.004992578748687438,2.690121653059947
2021-09-17,4432.990234375,4471.52001953125,4427.759765625,4469.740234375,7289530000,149,230,369,104,392,-288,-54088,-0.009110872450405094,1.6777521491502951,TX,-0.014908780050893711,-0.0003727411588830956,0.9254560997455314,ZIM,-0.004831800407704904,7.200420981840165e-05,0.9758409979614755,BNTX,-0.006429745397880124,-0.000576956169177444,0.9678512730105994,CMRE,-0.0068804257613352465,5.114823204187285e-05,0.9655978711933237,SBLK,-0.01330277667779712,0.00012343831714174282,0.9334861166110144,-0.04705663486466963,2.563533580690364
2021-09-20,4357.72998046875,4402.9501953125,4305.91015625,4402.9501953125,4898070000,73,168,343,54,442,-388,-54476,-0.01697731100841482,1.6492684291191342,TX,-0.011635767581840418,0.0,0.8716141393263538,ZIM,-0.01723614783914982,0.0,0.891742299419638,BNTX,-0.01123112337835579,0.0,0.9135009877151956,CMRE,-0.011018587451378382,0.0,0.9124002482602815,SBLK,-0.02406277937008614,0.0,0.8211747642657677,-0.07518440562081055,2.370795832137171
2021-09-21,4354.18994140625,4394.8701171875,4347.9599609375,4374.4501953125,3920920000,73,163,334,180,316,-136,-54612,-0.0008123585165593639,1.6479286318646467,TX,-0.004207699175285274,0.0,0.8532766888503014,ZIM,0.005894237949056524,0.0,0.9180230059297287,BNTX,0.001380493962356999,0.0,0.9198064007059356,CMRE,0.001627133228383837,0.0,0.9198232320679314,SBLK,0.0006937490179930172,0.0,0.8240232101973178,0.005387914982505104,2.3835694785216037
2021-09-22,4395.64013671875,4416.75,4367.43017578125,4367.43017578125,3939170000,130,197,355,411,85,326,-54286,0.009519611195260236,1.6636162717175353,TX,0.0022862594274733364,0.0,0.8630307482209376,ZIM,-0.0031848088759631743,0.0,0.9034043668416117,BNTX,-0.0012245516907020582,0.0,0.9141746482904204,CMRE,0.01089442844325892,0.0,0.9699279739789874,SBLK,0.008790111405201629,0.0,0.8602394892878493,0.017561438709268653,2.425428387827944
2021-09-23,4448.97998046875,4465.39990234375,4406.75,4406.75,3916350000,211,258,376,418,78,340,-53946,0.012134715784494876,1.6838037823492886,TX,-0.001898746715797839,0.0,0.8548373642268523,ZIM,0.014327273482355142,0.0,0.96812097398608,BNTX,0.008094078212453448,0.0,0.9511716538059443,CMRE,0.0011479586090782147,0.0,0.9754951598185623,SBLK,0.004541180879010609,0.0,0.8797720048884685,0.026211744467099576,2.4890030969529393
2021-09-24,4455.47998046875,4463.1201171875,4430.27001953125,4438.0400390625,3384290000,209,251,377,259,237,22,-53924,0.001461009046688222,1.6862638349081487,TX,-0.0031492571038130193,0.0,0.8413768510173713,ZIM,-0.00760095901700757,0.0,0.9313277347522118,BNTX,-0.011054125613471077,0.0,0.8985997991002246,CMRE,-0.00012683723810491543,0.0,0.9748765142592818,SBLK,0.010360739107568274,0.0,0.925347445972427,-0.011570439864828308,2.4602042362962737
2021-09-27,4443.10986328125,4457.2998046875,4436.18994140625,4442.1201171875,4058650000,201,243,376,250,246,4,-53920,-0.0027763826213396126,1.6815821213019162,TX,0.005239959784546589,0.0,0.8634207553322686,ZIM,-0.005643724264155403,0.0,0.905046950079702,BNTX,-0.015827044212647468,0.0,0.8274889053510477,CMRE,0.0016497597171384994,0.0,0.9829180742713286,SBLK,0.0056288414778725045,0.0,0.951390616399092,-0.00895220749724528,2.438179977487348
2021-09-28,4352.6298828125,4419.5400390625,4346.330078125,4419.5400390625,4416550000,149,164,353,51,445,-394,-54314,-0.020364110556098214,1.6473381970745657,TX,-0.005512837323260356,0.0,0.8396212645039017,ZIM,-0.006279510720002657,0.0,0.876630689954046,BNTX,-0.01990948713572449,0.0,0.7451145067708406,CMRE,-0.0028949010245198138,0.0,0.968690821570193,SBLK,0.002737424421533197,0.0,0.9644124159378339,-0.03185931178197412,2.3605012414040116
2021-09-29,4359.4599609375,4385.56982421875,4355.080078125,4362.41015625,3712660000,162,173,360,291,205,86,-54228,0.0015691842194003325,1.6499231741774305,TX,-0.001440555590350523,0.0,0.8335736589721103,ZIM,-0.007607257134567603,0.0,0.8432869146013768,BNTX,0.0006654245914565316,0.0,0.7475935943521221,CMRE,-0.0024265775986973995,0.0,0.956937804331763,SBLK,-0.00523206582805218,0.0,0.9391830697099459,-0.016041031560211173,2.3226363664927323
2021-09-30,4307.5400390625,4382.5498046875,4306.240234375,4370.669921875,4448140000,109,125,330,52,444,-392,-54620,-0.011909714125195148,1.6302730608444427,TX,-0.00201263258728559,0.0,0.8251852714223595,ZIM,-0.002493190921599542,0.0,0.8327745382024376,BNTX,-0.0032079126967691886,0.0,0.7356025194353947,CMRE,0.00025856485200903556,0.0,0.9581749567405575,SBLK,0.008318912465413232,0.0,0.9782479784395216,0.0008637411117679468,2.3246425230101595
2021-10-01,4357.0400390625,4375.18994140625,4288.52001953125,4317.16015625,4010370000,161,164,347,387,109,278,-54342,0.01149147763018199,1.6490073072542248,ZIM,-0.006600898354020422,-4.0000584149798875e-05,0.9669955082298979,CMRE,0.001588684800815995,0.00034619723352250517,1.0079434240040799,HWC,0.004417165174870673,-0.0032588698927526524,1.0220858258743533,SIG,0.005211092075598309,0.000346960575007253,1.0260554603779914,SBLK,0.008204170738652474,0.00030905753924673283,1.0410208536932624,0.010523559306791068,2.3491060364681458
2021-10-04,4300.4599609375,4355.509765625,4278.93994140625,4348.83984375,4307870000,153,145,345,146,350,-204,-54546,-0.012985898136748442,1.6275934663354676,ZIM,-0.022966688313222395,0.0,0.8559520860408871,CMRE,-0.019391640924506626,0.0,0.9102150392515557,HWC,0.00190639386691025,0.0,1.031828316623867,SIG,0.006401814900651459,0.0,1.0588985460537046,SBLK,-0.014800141111051835,0.0,0.9639845760222228,-0.04885026158121914,2.2343515921046557
2021-10-05,4345.72021484375,4369.22998046875,4309.8701171875,4309.8701171875,3902890000,180,171,347,369,127,242,-54304,0.010524514660609219,1.644723097633427,ZIM,0.0011400008093730208,0.0,0.8608310163952428,CMRE,0.006596520105306381,0.0,0.9402362982844313,HWC,0.0007799564838389728,0.0,1.0358522225526643,SIG,0.0061556217017134434,0.0,1.0914894404037097,SBLK,0.011367519636110934,0.0,1.0187751440064263,0.02603961873634275,2.2925332556860014
2021-10-06,4363.5498046875,4365.56982421875,4290.490234375,4319.56982421875,4009630000,208,178,355,289,207,82,-54222,0.004102792854185466,1.6514710558055112,ZIM,4.533122866399176e-05,0.0,0.8610261290334692,CMRE,0.0040760847832337355,0.0,0.9593987126248372,HWC,-0.002698806735911341,0.0,1.021874397774495,SIG,-0.0044039513076564955,0.0,1.0674551086619137,SBLK,-0.00048527383639671576,0.0,1.0163032193936383,-0.0034666158680668256,2.2845859235237693
2021-10-07,4399.759765625,4429.97021484375,4383.72998046875,4383.72998046875,3843740000,268,214,363,388,108,280,-53942,0.008298280656405366,1.6651754261225153,ZIM,0.0013599306876263208,0.0,0.8668808083120728,CMRE,0.0009320900588929426,0.0,0.9638699426375987,HWC,0.003440360774158613,0.0,1.0394524807455967,SIG,0.0053990463899715735,0.0,1.0962713069163028,SBLK,-0.007863760629518591,0.0,0.9763433931720349,0.00326766728113086,2.292051190197
2021-10-08,4391.33984375,4412.02001953125,4386.22021484375,4406.509765625,3280160000,246,213,351,184,312,-128,-54070,-0.0019137230947889883,1.6619887414526695,ZIM,-0.0020261191235748212,0.0,0.8580987893941674,CMRE,-0.0031809277186977793,0.0,0.9485399395488209,HWC,0.001752246955338066,0.0,1.048559367968622,SIG,-0.0037190305828421534,0.0,1.0758859743287326,SBLK,-0.006329128069879575,0.0,0.9454463812942019,-0.013502958539656263,2.2611017180050004
2021-10-11,4361.18994140625,4415.8798828125,4360.58984375,4385.43994140625,3281970000,222,198,340,133,363,-230,-54300,-0.006865763848056816,1.6505779192357264,ZIM,4.5453920709093154e-05,0.0,0.8582938091658359,CMRE,-0.0009427454153243753,0.0,0.9440687811525124,HWC,-0.004079956854433231,0.0,1.0271689830655033,SIG,-0.008070147578710208,0.0,1.0324731813752461,SBLK,0.0025272445438785152,0.0,0.9573932523374792,-0.010520151383880206,2.237314585637236
2021-10-12,4350.64990234375,4374.89013671875,4342.08984375,4368.31005859375,3558450000,222,195,337,243,253,-10,-54310,-0.0024167805585421087,1.6465888346101587,ZIM,0.011960017861495942,0.0,0.9096198556060098,CMRE,0.0013531792543768795,0.0,0.9504562525993145,HWC,0.00045360925370414585,0.0,1.0294986498446852,SIG,-0.001048152997937124,0.0,1.0270622320735054,SBLK,-0.005938068848766642,0.0,0.9289679170988564,0.006780584522873201,2.2524848862894062
2021-10-13,4363.7998046875,4372.8701171875,4329.919921875,4358.009765625,3620070000,240,203,341,292,204,88,-54222,0.00302251448379387,1.651565673211621,ZIM,-0.002832021070529156,0.0,0.8967395426197702,CMRE,-0.002553777163796145,0.0,0.9383199852339376,HWC,-0.002221771539755313,0.0,1.018062095842478,SIG,0.00749816859344481,0.0,1.06556766093374,SBLK,-0.0033702348022515817,0.0,0.9133137170769478,-0.003479635982887385,2.2446470588281637
2021-10-14,4438.259765625,4439.72998046875,4386.75,4386.75,3598280000,353,260,377,467,29,438,-53784,0.01706310194558336,1.679746506663457,ZIM,-0.0114907330159143,0.0,0.8452185692744858,CMRE,-0.009938744545973344,0.0,0.8916913720558296,HWC,0.0016642669489369323,0.0,1.0265337313328584,SIG,0.00488893898835765,0.0,1.0916151373451,SBLK,-0.004420409496433586,0.0,0.8931276139359977,-0.019296681121026647,2.2013328203047062
2021-10-15,4471.3701171875,4475.81982421875,4447.68994140625,4447.68994140625,3819380000,371,279,379,315,181,134,-53650,0.007460210377712606,1.6922777689843942,HWC,-0.005313592031111062,0.0002644712079338283,0.9734320398444447,TFIN,-0.004117453902157445,0.000503868345467676,0.9794127304892127,SIG,-0.0038292280854010695,0.0009080850915840478,0.9808538595729946,CNQ,0.0012735089669640516,0.0005726509936599302,1.0063675448348202,BX,-0.0014585346721409397,0.0004945161190371941,0.9927073266392953,-0.01070170796616379,2.1777747993254737
2021-10-18,4486.4599609375,4488.75,4447.47021484375,4463.72021484375,3662010000,362,276,367,236,260,-24,-53674,0.00337476955709759,1.6979888164813157,HWC,-0.0018200833747527457,0.0,0.964573402483582,TFIN,0.002697668740915704,0.0,0.992623386026691,SIG,0.004879714553525494,0.0,1.0047852938401947,CNQ,0.00028334403515062334,0.0,1.0077932860398109,BX,0.0012679797806151695,0.0,0.9990009907305311,0.0073086237354542455,2.193691335914298
2021-10-19,4519.6298828125,4520.39990234375,4496.41015625,4497.33984375,3459130000,393,296,382,365,131,234,-53440,0.007393339551406308,1.7105426243560526,HWC,-0.0008766127052675766,0.0,0.9603456159846806,TFIN,0.0014685692045275367,0.0,0.9999120667087542,SIG,0.0012191067609466089,0.0,1.0109099965652961,CNQ,0.0014147588088422314,0.0,1.0149222081843954,BX,0.004813867361440894,0.0,1.023046282047155,0.008039689430489695,2.211327932961405
2021-10-20,4536.18994140625,4540.8701171875,4524.39990234375,4524.419921875,3670760000,418,326,390,379,117,262,-53178,0.0036640298040166996,1.716810103512734,HWC,0.015765196358041855,0.0,1.0360458020225964,TFIN,0.00479270570098942,0.0,1.02387348802177,SIG,-0.0010770554204587502,0.0,1.0054659661083132,CNQ,0.0004682808952851225,0.0,1.0172985515858621,BX,0.0029970730081857245,0.0,1.0383770040373965,0.022946200542043372,2.2620695071753594
2021-10-21,4549.77978515625,4551.43994140625,4526.89013671875,4532.240234375,3822330000,416,321,390,283,213,70,-53108,0.002995871849622578,1.7219534465729955,HWC,-0.0006607161648055637,0.0,1.03262314097822,TFIN,-0.0045915541283423345,0.0,1.0003676353176367,SIG,0.0025944932584279546,0.0,1.018509339461547,CNQ,-0.0022424594631714977,0.0,1.0058922977664904,BX,0.005952249805188315,0.0,1.0692804006373646,0.0010520133072968738,2.2644492343989384
2021-10-22,4544.89990234375,4559.669921875,4524.0,4546.1201171875,3758220000,418,336,393,328,168,160,-52948,-0.0010725536274130976,1.7201065591576372,HWC,0.001247778532548205,0.0,1.0390655659158456,TFIN,0.011111108022912665,0.0,1.0559435996108366,SIG,0.0006012957621986726,0.0,1.021571466209437,CNQ,0.0018898741838515587,0.0,1.0153973471929105,BX,0.007712036973866132,0.0,1.1105120505630934,0.022562093475377232,2.3155399496956934
2021-10-25,4566.47998046875,4572.6201171875,4537.35986328125,4553.68994140625,3899400000,410,337,388,274,222,52,-52896,0.004748196569493546,1.728273963220993,HWC,-7.75016219258129e-05,0.0,1.038662919582617,TFIN,0.0012596992544060548,0.0,1.0625944564364598,SIG,0.0027534445761036256,0.0,1.03563566827312,CNQ,-0.00018717362609950162,0.0,1.014447069175881,BX,0.0028191971750407777,0.0,1.1261658127420746,0.006567665757525144,2.3307476421334914
2021-10-26,4574.7900390625,4598.52978515625,4569.169921875,4578.68994140625,3879740000,409,331,388,229,267,-38,-52934,0.0018197952535197182,1.7314190679760442,HWC,-0.0035665693308329694,0.0,1.020140603012333,TFIN,-0.0010803348508172884,0.0,1.056854667318592,SIG,-0.008870871752482313,0.0,0.9897007122953843,CNQ,-0.0012649569991102227,0.0,1.0080309095739766,BX,0.003711386587391319,0.0,1.1470639962050224,-0.011071346345851475,2.304943127742655
2021-10-27,4551.68017578125,4584.56982421875,4551.66015625,4580.22021484375,4226050000,333,295,370,82,414,-332,-53266,-0.005051568068462853,1.7226726866991287,HWC,-0.007815260870391905,0.0,0.9802772783272315,TFIN,-0.00582758147141027,0.0,1.0260601339323954,SIG,-0.0012147747636520824,0.0,0.9836893950510597,CNQ,-0.0035361061475037703,0.0,0.9902083880928848,BX,-0.007976936326938145,0.0,1.101313713901769,-0.026370659579896177,2.2441602571699324
2021-10-28,4596.419921875,4597.5498046875,4562.83984375,4562.83984375,4132950000,363,331,382,400,96,304,-52962,0.009829281576461124,1.7396053216007732,HWC,0.003039633029275635,0.0,0.995175694292491,TFIN,0.004137798161669571,0.0,1.0472882826121348,SIG,0.005569024005097268,0.0,1.0110803443240546,CNQ,0.006047566213904032,0.0,1.0201501420556593,BX,0.004220101256084341,0.0,1.1245519908386679,0.02301412266603085,2.2958076366106726
2021-10-29,4605.3798828125,4608.080078125,4567.58984375,4572.8701171875,4510200000,334,314,373,218,278,-60,-53022,0.001949334719149265,1.7429963946517864,TSLA,0.005735891602009657,1.65880525267762e-05,1.0286794580100482,PGNY,0.0048352254633671115,-7.476241089139801e-05,1.0241761273168355,CNQ,-0.0005282709095895784,-6.245146030218136e-05,0.9973586454520521,BX,0.0017827504970979137,-0.0003657937055349993,1.0089137524854896,ONTO,0.005775229354828812,-0.00039255941572949196,1.028876146774144,0.01672184706778262,2.3341977808071235
2021-11-01,4613.669921875,4620.33984375,4595.06005859375,4610.6201171875,3971540000,361,337,386,321,175,146,-52876,0.0018000771431341267,1.7461339226223642,TSLA,0.01698204555594902,0.0,1.1160248651020261,PGNY,0.0018557697932363394,0.0,1.0336793029169773,CNQ,0.0034345063559002575,0.0,1.0144858184866379,BX,-0.0012281122036552627,0.0,1.0027184560261744,ONTO,0.003812655355847561,0.0,1.0484898975316552,0.024856864857277915,2.3922186195948045
2021-11-02,4630.64990234375,4635.14990234375,4613.33984375,4613.33984375,3975250000,355,351,377,285,211,74,-52802,0.0036803630854131963,1.7525603294533714,TSLA,-0.0060549990584065185,0.0,1.082237217565271,PGNY,-0.001000004429971013,0.0,1.0285108835065457,CNQ,-0.001988878484465295,0.0,1.0043973734007217,BX,0.009246185839561516,0.0,1.0490750619720555,ONTO,0.001932603487366702,0.0,1.0586214736938473,0.0021349073540853913,2.3973257847183578
2021-11-03,4660.56982421875,4663.4599609375,4621.18994140625,4630.64990234375,4319660000,369,359,391,329,167,162,-52640,0.006461279195357994,1.7638841110486783,TSLA,0.007143347603946904,0.0,1.1208912007402563,PGNY,-0.0011022861408872986,0.0,1.0228423170433407,CNQ,-0.001588406130855069,0.0,0.9964204186720995,BX,0.0007920320347303722,0.0,1.0532295672516485,ONTO,0.006846628013564038,0.0,1.094861410881611,0.012091315380498947,2.4263126068511895
2021-11-04,4680.06005859375,4683.0,4662.58984375,4662.93017578125,4462300000,338,352,380,217,279,-62,-52702,0.004181942361150437,1.771260572732833,TSLA,0.0026444595759367306,0.0,1.1357119580871602,PGNY,-0.0034881816509761522,0.0,1.0050030180325782,CNQ,-0.0008005825611339557,0.0,0.9924318346183661,BX,4.154246467216183e-05,0.0,1.0534483360120948,ONTO,0.007640292290256579,0.0,1.136686716863902,0.006037530118755363,2.4409615422925697
2021-11-05,4697.52978515625,4718.5,4681.31982421875,4699.259765625,4467180000,365,373,394,321,175,146,-52556,0.003732799652949259,1.7778723335840128,TSLA,-0.0012716339867724137,0.0,1.1284909084617227,PGNY,0.008593232266213714,0.0,1.0481841398435767,CNQ,0.006004753353664328,0.0,1.0222283765544056,BX,-0.0027398722846227134,0.0,1.0390167665164876,ONTO,0.012112890625034067,0.0,1.2055295262454098,0.02269936997351698,2.496369831432195
2021-11-08,4701.7001953125,4714.919921875,4694.39013671875,4701.47998046875,4269710000,363,374,392,268,228,40,-52516,0.0008877879113036169,1.7794507071496097,TSLA,-0.009680141906772645,0.0,1.0738711477896614,PGNY,0.012056640033764943,0.0,1.1113720341595543,CNQ,-4.5943435719419946e-05,0.0,1.0219935531358617,BX,-0.0007155968737662111,0.0,1.0352991807669383,ONTO,-0.004977906732807291,0.0,1.1755244585189346,-0.003362948915300624,2.487974667215391
2021-11-09,4685.25,4708.52978515625,4670.8701171875,4707.25,4117080000,344,370,391,249,247,2,-52514,-0.003498775895770745,1.7732248079077224,TSLA,-0.023980606508719672,0.0,0.9451107406086063,PGNY,-0.005190528838560371,0.0,1.082528991191181,CNQ,0.00013775758298288922,0.0,1.0226974899443821,BX,0.00612506836226987,0.0,1.0670055720549356,ONTO,-0.0013038593102555176,0.0,1.1678608659705696,-0.024212168712282798,2.427735404820886
2021-11-10,4646.7099609375,4684.85009765625,4630.85986328125,4670.259765625,4503720000,334,375,393,192,304,-112,-52626,-0.008225823395229703,1.7586385737978334,TSLA,0.008685890385924955,0.0,0.9861563820860398,PGNY,-0.008378257224453779,0.0,1.0371804594855403,CNQ,-0.005322320312330486,0.0,0.9954818718238801,BX,-0.00946785995230548,0.0,1.016494275432207,ONTO,-0.007963522823352753,0.0,1.121359432667284,-0.022446069926517542,2.3732422861611937
2021-11-11,4649.27001953125,4664.5498046875,4648.31005859375,4659.39013671875,3926870000,325,370,389,276,220,56,-52570,0.0005509400447352153,1.7596074782123547,TSLA,-0.0008315057649203262,0.0,0.9820564085019523,PGNY,-0.004211533765866005,0.0,1.0153398568534415,CNQ,-0.0032995121884301427,0.0,0.9790588489766594,BX,0.002667413083034198,0.0,1.0300513260777933,ONTO,0.004494369908176843,0.0,1.1465584531194344,-0.0011807687280054333,2.3704400358857143
2021-11-12,4682.85009765625,4688.47021484375,4650.77001953125,4655.240234375,3728600000,328,376,389,328,168,160,-52410,0.007222656026415475,1.772316517768991,DDS,0.0010427147982028828,-0.0006415552300569093,1.0052135739910144,EOG,0.0005402756456875397,0.0001962146402941022,1.0027013782284377,TSLA,-0.002885417586226281,-0.0003368616839658823,0.9855729120688685,BX,0.0021324891242290264,-3.1512333054849656e-05,1.010662445621145,ONTO,0.0017365114737736898,0.00017277047120826152,1.0086825573688685,0.0019256293200915803,2.3750046247203347
2021-11-15,4682.7998046875,4697.419921875,4672.85986328125,4689.2998046875,3488410000,333,387,390,274,222,52,-52358,-1.0739820344718431e-05,1.7722974834079963,DDS,0.008323611753891581,0.0,1.0470486115892292,EOG,-0.0034584797573175233,0.0,0.9853622661322505,TSLA,-0.0038764488998735084,0.0,0.966470296915196,BX,-0.0002797362012914917,0.0,1.0092488512545148,ONTO,-0.00299106330515766,0.0,0.9935973904493755,-0.0022821164097486025,2.3695845876930317
2021-11-16,4700.89990234375,4714.9501953125,4679.419921875,4679.419921875,3972640000,324,382,384,256,240,16,-52342,0.003865229864862485,1.7791478205702855,DDS,0.010650944614645441,0.0,1.1028088954436206,EOG,-0.00278967392658287,0.0,0.9716180690219118,TSLA,0.008158753685205645,0.0,1.0058962623981893,BX,0.0019888020044768417,0.0,1.0192848319464693,ONTO,0.006344879570796902,0.0,1.0251186693706722,0.024353705948541957,2.427292753961905
2021-11-17,4688.669921875,4701.5,4684.41015625,4701.5,3969070000,294,356,379,171,325,-154,-52496,-0.002601625374463401,1.7745191444553685,DDS,-0.00467875998268521,0.0,1.0770100048008662,EOG,-0.003960805851587468,0.0,0.9523761163554613,TSLA,0.006500241656933259,0.0,1.0385891063351602,BX,0.0011926550490365174,0.0,1.0253631079526058,ONTO,-0.0013178091153253748,0.0,1.0183641157367378,-0.0022644782436282754,2.4217962023296415
2021-11-18,4704.5400390625,4708.7998046875,4672.77978515625,4700.72021484375,4226410000,269,339,371,173,323,-150,-52646,0.0033847802152713324,1.7805255017471413,DDS,0.009354386579977003,0.0,1.1273838444779172,EOG,-0.0010213484376913051,0.0,0.9475125770627905,TSLA,0.0013535220535401127,0.0,1.045617872635116,BX,0.0024399671466910355,0.0,1.0378723694367726,ONTO,-0.0002874137845095159,0.0,1.016900656314175,0.01183911355800733,2.450468122583373
2021-11-19,4697.9599609375,4717.75,4694.22021484375,4708.43994140625,4253180000,231,323,364,171,325,-154,-52800,-0.001398665559303236,1.7780351420503864,DDS,-0.004403002658620947,0.0,1.1025644741553042,EOG,-0.008792654531087574,0.0,0.9058568232929224,TSLA,0.007420783601840864,0.0,1.084414392450328,BX,-0.0005583382140198046,0.0,1.0349749504111134,ONTO,-0.0006863836636870069,0.0,1.0134107363237417,-0.007019595465574469,2.433266827661552
2021-11-22,4682.93994140625,4743.830078125,4682.169921875,4712.0,4441100000,244,327,374,270,226,44,-52756,-0.0031971365563219223,1.772350520899312,DDS,0.01033105244306869,0.0,1.1595177311771188,EOG,0.002404254715547083,0.0,0.9167463759879849,TSLA,0.0034844244160922248,0.0,1.1033071923814066,BX,-0.0027998074991940625,0.0,1.0204862972729183,ONTO,-0.0006665084060217819,0.0,1.0100335024511793,0.012753415669492153,2.4642992909495063
2021-11-23,4690.7001953125,4699.39013671875,4652.66015625,4678.47998046875,4277590000,281,345,378,309,187,122,-52634,0.001657132912945114,1.7752875412807696,DDS,0.01650661464073191,0.0,1.2552162929653012,EOG,0.011648049417184359,0.0,0.9701379114406485,TSLA,-0.008270586545458425,0.0,1.0576822042773208,BX,0.0015652534405804276,0.0,1.0284728957122764,ONTO,0.00416851335654238,0.0,1.0310851931787943,0.025617844309580657,2.527429326517261
2021-11-24,4701.4599609375,4702.8701171875,4659.89013671875,4675.77978515625,3418430000,270,346,373,250,246,4,-52630,0.0022938506357221833,1.7793597857359262,DDS,-0.01583816032464429,0.0,1.1558147085148507,EOG,0.0028117070742603723,0.0,0.9837766295836778,TSLA,0.0012569544968801694,0.0,1.0643294962920034,BX,0.0037245464254438867,0.0,1.0476258709492319,ONTO,0.002314674594106858,0.0,1.043018326683848,-0.005730277733953003,2.5129464545233793
2021-11-26,4594.6201171875,4664.6298828125,4585.43017578125,4664.6298828125,3517700000,115,269,337,31,465,-434,-53064,-0.022724822637582465,1.7389241501966306,DDS,-0.0020758375266176454,-0.002097114426594762,0.9896208123669118,TSLA,-0.0033890449869473753,-0.0022817132130039247,0.9830547750652632,CNQ,-0.0015082159612998533,-0.0006318816941784255,0.9924589201935007,BX,-0.0008506619865851225,-0.001104846342735214,0.9957466900670744,ONTO,0.000709499577513864,-0.0011441317390959585,1.0035474978875694,-0.014373948299544416,2.4768254921065367
2021-11-29,4655.27001953125,4672.9501953125,4625.259765625,4628.75,4336410000,181,290,341,344,152,192,-52872,0.013200199537034996,1.7618782959589951,DDS,-0.0004988316554056738,0.0,0.9871525414266273,TSLA,0.010180045580045505,0.0,1.033092487154492,CNQ,0.004492178089324428,0.0,1.0147504312727398,BX,0.007050988171747852,0.0,1.0308516807356745,ONTO,0.00941436936183533,0.0,1.0507863319738655,0.030638749547547445,2.55271232803217
2021-11-30,4567.0,4646.02001953125,4560.0,4640.25,6625990000,63,190,298,7,489,-482,-53354,-0.01896131033450521,1.7284707748176875,DDS,-0.03884441872335667,0.0,0.7954257081116194,TSLA,0.0013667646807547396,0.0,1.0401524587714712,CNQ,-0.0050620736562217335,0.0,0.9890667241438129,BX,-0.009981185004178418,0.0,0.9794060740492193,ONTO,-0.0012663538636449756,0.0,1.0441329953170633,-0.053787266566647056,2.4154089095763376
2021-12-01,4513.0400390625,4652.93994140625,4510.27001953125,4602.81982421875,5366730000,50,152,278,101,395,-294,-53648,-0.011815187417889228,1.7080485686668723,DDS,-0.001255936043089978,0.0,0.7904306890295306,TSLA,-0.008693526912389738,0.0,0.9949394918048805,CNQ,-0.004458635410299428,0.0,0.9670172845467306,BX,-0.005372952716165092,0.0,0.9530945614202626,ONTO,-0.0001911723954644895,0.0,1.0431349482875718,-0.019972223477408728,2.367167823044955
2021-12-02,4577.10009765625,4595.4599609375,4504.72998046875,4504.72998046875,5077180000,119,222,315,454,42,412,-53236,0.01419443613158311,1.7322933549844561,DDS,0.00039677589011608564,0.0,0.7919988082306044,TSLA,-0.0018995478381849341,0.0,0.9854898160009666,CNQ,0.0023051822791035014,0.0,0.9781630400863502,BX,0.00521616003259151,0.0,0.9779520302130662,ONTO,-0.0007228581673086377,0.0,1.039364755202698,0.005295712196317526,2.3797036625561847
2021-12-03,4538.43017578125,4608.02978515625,4495.1201171875,4589.490234375,5240070000,129,213,310,193,303,-110,-53346,-0.008448563730297565,1.717657964175299,DDS,-0.01608975322495143,0.0,0.7282834813361742,TSLA,-0.01283975215426645,0.0,0.9222225910609364,CNQ,0.00029726358674255773,0.0,0.9796169013549256,BX,-0.00848204788096174,0.0,0.9364768504853114,ONTO,-0.0018137332189751998,0.0,1.0299391032869822,-0.03892802289241226,2.2870665039030404
2021-12-06,4591.669921875,4612.60009765625,4540.509765625,4548.3701171875,4770800000,193,262,341,414,82,332,-53014,0.011730872577451423,1.737807590884684,DDS,-0.003724361620578143,0.0,0.7147215261022267,TSLA,-0.0011744172631526163,0.0,0.9168072204038799,CNQ,0.008162267718745975,0.0,1.019596378408262,BX,-0.0007837345799030393,0.0,0.9328071040302912,ONTO,0.00017226923647815085,0.0,1.0308262374016934,0.002652023491590328,2.2931318579982207
2021-12-07,4686.75,4694.0400390625,4631.97021484375,4631.97021484375,4492400000,299,317,359,433,63,370,-52644,0.020707080374404274,1.773792512344383,DDS,0.00740316173454505,0.0,0.741177521366705,TSLA,0.008471674282375209,0.0,0.9556416811588371,CNQ,0.006701481625968464,0.0,1.0537604103872968,BX,0.006843855296756286,0.0,0.9647270882291392,ONTO,0.011833046588139818,0.0,1.091815311858949,0.041253219527784823,2.3877309299423786
2021-12-08,4701.2099609375,4705.06005859375,4674.52001953125,4690.85986328125,4234600000,329,325,361,306,190,116,-52528,0.0030852853123166657,1.7792651683298164,DDS,0.008823780542276083,0.0,0.7738774603237447,TSLA,0.0032726391168458324,0.0,0.9712790328960806,CNQ,-0.0019314386236698679,0.0,1.0435840426037157,BX,-0.005727461260971767,0.0,0.9370999031029268,ONTO,-0.0008125158025559465,0.0,1.0873797258871594,0.003625003971924334,2.3963864640473065
2021-12-09,4667.4501953125,4695.259765625,4665.97998046875,4691.0,3903840000,284,299,357,119,377,-258,-52786,-0.007181080169894716,1.7664881225125388,DDS,-0.001395967143005117,0.0,0.7684759227871237,TSLA,-0.012191289163810494,0.0,0.912073315152169,CNQ,-0.005285642777150091,0.0,1.0160039803180285,BX,-0.0019949328555117552,0.0,0.9277526461749422,ONTO,-0.005588411038114316,0.0,1.0569961015733118,-0.026456242977591773,2.332987081486259
2021-12-10,4712.02001953125,4713.56982421875,4670.240234375,4687.64013671875,3870110000,325,317,363,358,138,220,-52566,0.009549073338481762,1.783356447145968,CNQ,-0.0023369641463870934,0.00035866363659501976,0.9883151792680646,ONTO,-0.007781084500964962,0.00015705246533413795,0.9610945774951752,SITM,-0.018340486369792946,0.0005283763597827845,0.9082975681510352,SHYF,0.0026003687110922736,0.00043120203067234443,1.0130018435554613,NUE,-0.0018451149005894525,0.00021572413415536437,0.9907744254970527,-0.026012262580102526,2.272300808926652
2021-12-13,4668.97021484375,4710.2998046875,4667.60009765625,4710.2998046875,4397230000,274,289,355,180,316,-136,-52702,-0.009136167611567658,1.7670634037336725,CNQ,-0.008505499555673346,0.0,0.9462846076774158,ONTO,-0.00047676068592630296,0.0,0.958803516945142,SITM,-0.013623084785915895,0.0,0.8464284942422213,SHYF,-0.0008130235343994929,0.0,1.008883871859458,NUE,0.004133920755697096,0.0,1.0112533403059334,-0.019284447806217943,2.228480742576879
2021-12-14,4634.08984375,4660.47021484375,4606.52001953125,4642.990234375,4485430000,235,261,350,152,344,-192,-52894,-0.0074706775774360246,1.7538622427854915,CNQ,-0.0017063847421001422,0.0,0.9382109795962911,ONTO,-0.00043444541958310713,0.0,0.9567207779640571,SITM,-0.0009178843636502787,0.0,0.8425438768431565,SHYF,-0.004244904865919175,0.0,0.9874707915754399,NUE,0.004967546943663726,0.0,1.0363705825054657,-0.002336072447588977,2.2232748501141626
2021-12-15,4709.85009765625,4712.60009765625,4611.22021484375,4636.4599609375,4910130000,305,285,356,402,94,308,-52586,0.016348464630746795,1.7825351976288724,CNQ,0.0004049573575394039,0.0,0.9401106567918499,ONTO,0.008990959246643993,0.0,0.999729965589519,SITM,0.008426411489471297,0.0,0.8780419838642308,SHYF,-0.0021684691315215776,0.0,0.9767642919263874,NUE,-0.01722682029644056,0.0,0.9471037335787702,-0.001572961334307444,2.219777724739395
2021-12-16,4668.669921875,4731.990234375,4651.89013671875,4719.1298828125,4829500000,302,287,354,259,237,22,-52564,-0.008743415379980468,1.7669497519665676,CNQ,0.0015659934159238276,0.0,0.9474716922857293,ONTO,-0.010500001907348634,0.0,0.9472441328619013,SITM,-0.018531037712953214,0.0,0.7966868382815092,SHYF,-0.00400506893506265,0.0,0.9572042503140231,NUE,0.010497122452271503,0.0,0.9968130529106696,-0.02097299268716917,2.1732223427512944
2021-12-17,4620.64013671875,4666.7001953125,4600.22021484375,4652.5,7987090000,232,257,336,133,363,-230,-52794,-0.010287680637092622,1.7487719372165456,CNQ,-0.0057644093322068105,0.0,0.920163618960661,ONTO,0.0014511954018303188,0.0,0.954117314512001,SITM,0.007238579513529775,0.0,0.8255212434129259,SHYF,-0.0010754867932292855,0.0,0.9520569476658448,NUE,0.007199302715447509,0.0,1.032694847503736,0.009049181505371507,2.1928882261823794
2021-12-20,4568.02001953125,4587.89990234375,4531.10009765625,4587.89990234375,4635700000,170,206,308,80,416,-336,-53130,-0.01138805785140995,1.7288568212266013,CNQ,-0.0007225283383995862,0.0,0.916839397507344,ONTO,-0.0023794017345755594,0.0,0.9427661725463088,SITM,0.0015226214643673242,0.0,0.8318060252354845,SHYF,-0.004152253255702654,0.0,0.9322910398630456,NUE,-0.011644106124529664,0.0,0.9725708055107937,-0.01737566798884014,2.154785328427598
2021-12-21,4649.22998046875,4651.14013671875,4583.16015625,4594.9599609375,4072430000,286,274,343,416,80,336,-52794,0.017777934551572505,1.7595923246434075,CNQ,0.0062159773740762874,0.0,0.9453346622601809,ONTO,0.0076438730390525405,0.0,0.9787980971885962,SITM,0.007183530472852118,0.0,0.86168254488439,SHYF,0.00587456244774911,0.0,0.9596750495288077,NUE,0.0025015869996448006,0.0,0.984735657927293,0.029419530333374858,2.218178100759185
2021-12-22,4696.56005859375,4697.669921875,4645.52978515625,4650.35986328125,3319610000,336,293,344,392,104,288,-52506,0.010180197220578835,1.7775053215360943,CNQ,0.003064553964615824,0.0,0.9598198076957719,ONTO,0.005787852500317214,0.0,1.00712379225919,SITM,0.004398182143771523,0.0,0.8806317287969406,SHYF,0.0061789376974541906,0.0,0.9893239112330064,NUE,0.001990779947025256,0.0,0.9945376179319049,0.02142030625318401,2.2656921550015525
2021-12-23,4725.7900390625,4740.740234375,4703.9599609375,4703.9599609375,2913040000,380,318,357,391,105,286,-52220,0.006223699921661829,1.788567981266492,CNQ,0.0005937605726597629,0.0,0.96266932348911,ONTO,0.004963295519799527,0.0,1.0321170572892078,SITM,0.0036580161888508655,0.0,0.8967385543987153,SHYF,0.0015400458415192999,0.0,0.9969419321100564,NUE,0.0011615820119883046,0.0,1.0003138029680818,0.01191670013481776,2.292691729010515
2021-12-27,4791.18994140625,4791.490234375,4733.990234375,4733.990234375,2770290000,449,354,372,447,49,398,-51822,0.01383893524747526,1.8133198577449465,ONTO,0.004847777071182293,-4.9854564337815276e-05,1.0242388853559115,CG,0.0010174027521364787,0.0002180403133170845,1.0050870137606824,SITM,0.006811709299093572,0.0003442052478540207,1.034058546495468,SHYF,0.006803508915577014,2.601991402877295e-05,1.034017544577885,NUE,0.0031615530296746673,0.00010683417325397455,1.0158077651483732,0.023287196151780064,2.3460820910195466
2021-12-28,4786.35009765625,4807.02001953125,4780.0400390625,4795.490234375,2707920000,453,359,374,301,195,106,-51716,-0.0010101548486260992,1.8114881238985354,ONTO,-0.005377921365535588,0.0,0.9966975044310719,CG,-0.0024220914591419175,0.0,0.9929149504020615,SITM,-0.005425820114243707,0.0,1.0060054681910644,SHYF,-0.0011553441601729554,0.0,1.0280443139196629,NUE,-0.003771988202712096,0.0,0.9966496906165582,-0.018153165301806263,2.3034932750096617
2021-12-29,4793.06005859375,4804.06005859375,4778.080078125,4788.64013671875,2963310000,444,360,377,331,165,166,-51550,0.0014018951394270118,1.8140276402945585,ONTO,0.003054671068594406,0.0,1.011920419585701,CG,-0.0039661412800948035,0.0,0.9732247455399969,SITM,-0.00044338655057272195,0.0,1.0037752217190716,SHYF,-0.0027249375397887746,0.0,1.0140375312018324,NUE,0.0007689074266242547,0.0,1.0004813473608474,-0.0033108868752376396,2.295866669358234
2021-12-30,4778.72998046875,4808.93017578125,4775.330078125,4794.22998046875,3124950000,437,352,376,182,314,-132,-51682,-0.0029897555945093135,1.8086041410083933,ONTO,-0.00029691513167009467,0.0,1.0104181471625964,CG,-0.00014711211424955906,0.0,0.972508879790215,SITM,0.0021038735518745357,0.0,1.0143343024240803,SHYF,-0.00044685217221225316,0.0,1.011771906834221,NUE,-0.0009441482892548203,0.0,0.9957583335981368,0.00026884584448780865,2.2964839035717888
2021-12-31,4766.18017578125,4786.830078125,4765.75,4775.2099609375,2677820000,433,354,377,283,213,70,-51612,-0.0026261799136575448,1.8038544211415193,ONTO,0.000674009256303032,0.0,1.013823303082217,CG,0.0020982914434928726,0.0,0.9827119150961383,SITM,0.0010100671204269496,0.0,1.0194570310640791,SHYF,4.072699365278432e-05,0.0,1.0119779389743595,NUE,0.0005269804922541699,0.0,0.9983820596821655,0.004350075306129808,2.306473781491641
2022-01-03,4796.56005859375,4796.64013671875,4758.169921875,4778.14013671875,3831020000,395,361,382,240,256,-16,-51628,0.006374052530970564,1.8153522839800988,ONTO,0.004702157807949848,0.0,1.0376590888845647,CG,-0.002513689316254486,0.0,0.9703607528864726,SITM,0.0016407970372475324,0.0,1.0278206414449347,SHYF,0.001017679330214971,0.0,1.0171272841299983,NUE,-0.001944788925042662,0.0,0.9886738478190098,0.002902155934115203,2.3131675280634783
2022-01-04,4793.5400390625,4818.6201171875,4774.27001953125,4804.509765625,4683170000,390,386,386,321,175,146,-51482,-0.000629621957060511,1.814209298322305,ONTO,-0.001293307914291031,0.0,1.0309490253246125,CG,0.00501755709095626,0.0,0.9947049552686285,SITM,-0.016606760718556823,0.0,0.9424767841745866,SHYF,0.006885398369238117,0.0,1.0521439168472797,NUE,0.007130239559178709,0.0,1.0239212547232324,0.0011331263865252302,2.3157886392259805
2022-01-05,4700.580078125,4797.7001953125,4699.43994140625,4787.990234375,4887960000,310,333,367,95,401,-306,-51788,-0.019392757790687165,1.779026776818328,ONTO,-0.01082183711428344,0.0,0.9751652131986513,CG,-0.015008125931591555,0.0,0.9200616691013799,SITM,-0.01523387330280186,0.0,0.8706889245698477,SHYF,-0.004385287209252998,0.0,1.0290741505430612,NUE,0.0096523378228345,0.0,1.0733374239960785,-0.03579678573509536,2.23289084949984
2022-01-06,4696.0498046875,4725.009765625,4671.259765625,4693.39013671875,4295280000,314,336,361,277,219,58,-51730,-0.0009637690162076495,1.777312205931827,ONTO,0.003224811852805054,0.0,0.9908888348884822,CG,0.0002334764044502169,0.0,0.9211357325532512,SITM,0.005531321587598059,0.0,0.8947692267926264,SHYF,-0.00028024840041667164,0.0,1.027632168620062,NUE,-0.009973941697772682,0.0,1.0198103995512064,-0.0012645802533360236,2.230067179823708
2022-01-07,4677.02978515625,4707.9501953125,4662.740234375,4697.66015625,4181510000,280,313,365,224,272,-48,-51778,-0.004050216740091761,1.7701137062829924,NVT,-0.00484752794875134,-0.0002944470840507117,0.9757623602562433,CNQ,0.0063002536076884295,-4.000202035115779e-05,1.031501268038442,EOG,0.004274428785548805,-0.00037305414433354473,1.0213721439277441,ONTO,-0.006479750367884257,-0.00021621358136276775,0.9676012481605787,COKE,-0.007325544592932611,0.0002684414806654184,0.9633722770353369,-0.008733415865763736,2.2105910757337166
2022-01-10,4670.2900390625,4673.02001953125,4582.240234375,4655.33984375,4511810000,256,300,357,187,309,-122,-51900,-0.0014410312534549607,1.7675629171100695,NVT,-0.0037998777545605214,0.0,0.9572234718238675,CNQ,-0.0009726943383950193,0.0,1.0264845908211007,EOG,-0.00020374823061222183,0.0,1.0203316300921346,ONTO,-0.005587069161958835,0.0,0.9405709726872244,COKE,-0.00408668957316658,0.0,0.9436872598371466,-0.014650079058693179,2.178205741707776
2022-01-11,4713.06982421875,4714.1298828125,4638.27001953125,4669.14013671875,4101590000,279,322,367,375,121,254,-51646,0.009159984668711818,1.7837537663317813,NVT,0.0016912824977384667,0.0,0.9653181483454683,CNQ,0.0050573114230838545,0.0,1.0524408520549962,EOG,0.00844378238786896,0.0,1.0634089213319224,ONTO,0.00550994623815444,0.0,0.9664834501506007,COKE,0.00349139013223696,0.0,0.9601611617717124,0.02419371267908268,2.230904625578582
2022-01-12,4726.35009765625,4748.830078125,4706.7099609375,4728.58984375,4048220000,279,328,372,295,201,94,-51552,0.002817754443029452,1.7887799464321332,NVT,0.0026507664507289252,0.0,0.9781123131550379,CNQ,0.004642504896717448,0.0,1.0768706611008503,EOG,0.0011154316321986268,0.0,1.0693397210760016,ONTO,0.004415936201545012,0.0,0.9878230964291714,COKE,0.0015852602460108669,0.0,0.9677716883693139,0.01440989942720088,2.2630517368648464
2022-01-13,4659.02978515625,4744.1298828125,4650.2900390625,4733.56005859375,4251730000,261,305,363,211,285,-74,-51626,-0.0142436152864307,1.7633012530430718,NVT,0.0002669321688799187,0.0,0.979417761360831,CNQ,0.003645945045130539,0.0,1.0965017173562857,EOG,-3.9121825416099654e-05,0.0,1.0691305484666094,ONTO,-0.004217663700586805,0.0,0.9669915683471185,COKE,0.006321123238656812,0.0,0.998358708914641,0.005977214926664365,2.2765784834862486
2022-01-14,4662.85009765625,4665.1298828125,4614.75,4637.990234375,4338490000,238,284,347,209,287,-78,-51704,0.0008199802697488323,1.7647471252801905,NVT,-0.0027725691263970065,0.0,0.9658402441258614,CNQ,0.006644120140519361,0.0,1.1329281630782906,EOG,0.0071175798589458335,0.0,1.1071786587583576,ONTO,0.022698602368094713,0.0,1.076738353863176,COKE,-0.001991044198903436,0.0,0.9884198273355949,0.03169668904225947,2.348738483757611
2022-01-18,4577.10986328125,4632.240234375,4568.7001953125,4632.240234375,4748700000,178,248,318,58,438,-380,-52084,-0.018387945694007368,1.7322970509768827,NVT,0.0005406909025124752,0.0,0.9684513492922578,CNQ,0.003234526419499506,0.0,1.1512505934526496,EOG,7.5736195470677e-05,0.0,1.1075979262549611,ONTO,-0.022536811144906733,0.0,0.9554071091957153,COKE,-0.007641271119425275,0.0,0.9506559079331609,-0.02632712874684935,2.2869029433030446
2022-01-19,4532.759765625,4611.5498046875,4530.2001953125,4588.02978515625,4465740000,150,216,302,116,380,-264,-52348,-0.009689541868338813,1.7155118861730423,NVT,-0.005823657236050939,0.0,0.9402517057519121,CNQ,0.0010230550460991418,0.0,1.1571395570974314,EOG,-0.0010220516073527143,0.0,1.1019378150508141,ONTO,-0.005530735092432737,0.0,0.928986591063773,COKE,-0.005245950639740715,0.0,0.9257204380911846,-0.016599339529477963,2.2489418648761945
2022-01-20,4482.72998046875,4602.10986328125,4477.9501953125,4547.35009765625,4640870000,111,189,284,88,409,-321,-52669,-0.01103737849414832,1.69657713217414,NVT,-0.003934663026720564,0.0,0.9217538376397472,CNQ,-0.0010555823649926134,0.0,1.1510322765458945,EOG,-0.003100903138373834,0.0,1.0848528029058948,ONTO,0.0003281591093486913,0.0,0.9305108681253749,COKE,0.00016652568761634792,0.0,0.9264912192536529,-0.007596463733121972,2.231857859561763
2022-01-21,4397.93994140625,4494.52001953125,4395.33984375,4471.3798828125,5589100000,72,160,271,92,405,-313,-52982,-0.018914821867908604,1.664486677933899,EOG,-0.00363420571365718,-0.0003585105662024883,0.9818289714317141,CNQ,-0.0034123904107860267,-0.0009108379481522286,0.9829380479460699,COKE,-0.00020327234072345566,-0.00046855586711433634,0.9989836382963827,PBR,-0.00035737493801395875,-0.00048075227146746904,0.9982131253099302,VRN,-0.004054462887814048,-0.00011133289506220455,0.9797276855609298,-0.013991695838993394,2.2006303832349077
2022-01-24,4410.1298828125,4417.35009765625,4222.6201171875,4356.31982421875,6928110000,68,162,283,313,184,129,-52853,0.002771738943381896,1.6691002004798687,EOG,0.003338987704366181,0.0,0.998220545748719,CNQ,-0.00590669674449178,0.0,0.953908463106869,COKE,0.008514085058010813,0.0,1.0415107966364652,PBR,-0.0004735660943636422,0.0,0.9958495258544525,VRN,0.0006557157983010598,0.0,0.982939800168206,0.006128525721822632,2.2141170031427873
2022-01-25,4356.4501953125,4411.009765625,4287.10986328125,4366.64013671875,5145050000,58,156,251,115,382,-267,-53120,-0.012171906253646725,1.6487840693116849,EOG,0.009050946664174919,0.0,1.0433947503419951,CNQ,0.005721249918775317,0.0,0.9811962066922154,COKE,-0.0007027339379228837,0.0,1.0378512717189174,PBR,0.008227853286611353,0.0,1.0368180448258122,VRN,0.01209152776634901,0.0,1.042366019600123,0.03438884369798771,2.2902579266929215
2022-01-26,4349.93017578125,4453.22998046875,4304.7998046875,4408.43017578125,5570640000,48,148,230,147,350,-203,-53323,-0.0014966358477518371,1.6463164399683508,EOG,0.0011033829744045765,0.0,1.0491510703575475,CNQ,-0.00043390376216143615,0.0,0.979067483064704,COKE,-0.004505352372287552,0.0,1.014471843273315,PBR,0.0068388850085220115,0.0,1.072271441742434,VRN,-0.0012326902105093574,0.0,1.0359414476594797,0.0017703216379682423,2.2943124198570746
2022-01-27,4326.509765625,4428.740234375,4309.5,4380.580078125,5214200000,56,137,214,186,311,-125,-53448,-0.00538408875771057,1.637452526132283,EOG,0.004129054451914804,0.0,1.0708110798465025,CNQ,0.002411523841280472,0.0,0.990872705952869,COKE,-0.006095768199212226,0.0,0.9835519172672067,PBR,0.00249820298398582,0.0,1.0856652003194525,VRN,-0.0018604362643556806,0.0,1.0263049324746056,0.0010825768136131894,2.2967961892859963
2022-01-28,4431.85009765625,4432.72021484375,4292.4599609375,4336.18994140625,5031090000,103,178,249,440,57,383,-53065,0.024347646888076113,1.6773206420345401,EOG,-9.110832020837735e-05,0.0,1.0703232808527758,CNQ,-0.001171865424724805,0.0,0.9850668586308207,COKE,0.0034789228365245343,0.0,1.0006604233966485,PBR,-0.005805526623869951,0.0,1.0541509091941341,VRN,0.00031302032302855666,0.0,1.0279112039820506,-0.003276557209250042,2.2892706051738134
2022-01-31,4515.5498046875,4516.89013671875,4414.02001953125,4431.7900390625,5098610000,145,195,275,424,73,351,-52714,0.018885951732779516,1.7089984387203991,EOG,0.0032452359889802553,0.0,1.08769053900711,CNQ,7.860249118820662e-05,0.0,0.9854540021761973,COKE,-0.001286633997609976,0.0,0.9942230047926239,PBR,-0.0004484366393583184,0.0,1.0517873097386565,VRN,0.001249958009926422,0.0,1.034335433196603,0.002838725853126589,2.2957692168255233
2022-02-01,4546.5400390625,4550.490234375,4483.52978515625,4519.56982421875,4816830000,186,212,284,337,160,177,-52537,0.00686300355780145,1.7207273010856143,EOG,0.003049879472103534,0.0,1.104277164241705,CNQ,0.0061272605681644615,0.0,1.0156446694225676,COKE,-0.0021081932370639045,0.0,0.9837429337184381,PBR,0.00749063186197172,0.0,1.091180067410386,VRN,0.008385103175061427,0.0,1.07770047982148,0.022944681840237235,2.3484449110841954
2022-02-02,4589.3798828125,4595.31005859375,4544.31982421875,4566.39013671875,4481580000,262,237,302,370,127,243,-52294,0.00942251544733641,1.736940880660747,EOG,-0.00045946143035084934,0.0,1.1017403004147737,CNQ,0.0012957209339881093,0.0,1.0222246297208888,COKE,-0.0011111822028358144,0.0,0.978277345517871,PBR,-0.004620913940744909,0.0,1.0659688214835878,VRN,0.0,0.0,1.07770047982148,-0.0048958366399434634,2.3369473084416206
2022-02-03,4477.43994140625,4542.8798828125,4470.39013671875,4535.41015625,4401970000,203,209,271,89,408,-319,-52613,-0.024391082077444004,1.6945750130768829,EOG,-0.0020191476323849324,0.0,1.0906174188193458,CNQ,-0.000302913059915011,0.0,1.0206764037683427,COKE,0.0026923892470483326,0.0,0.9914468625463876,PBR,-0.0028086065158790864,0.0,1.0509993865948741,VRN,-0.0014903028944234231,0.0,1.0696699790994826,-0.00392858085555412,2.327766421985238
2022-02-04,4500.52978515625,4539.66015625,4451.5,4482.7900390625,4706290000,218,206,259,212,285,-73,-52686,0.0051569298644233985,1.7033138175693248,CNQ,0.0016446166521813983,0.0005069579746032172,1.008223083260907,GOGL,0.008030890159455918,0.00021760746224492846,1.0401544507972795,EOG,0.0004878880682488954,-4.699854166654972e-05,1.0024394403412444,BCC,-0.008516488089547148,0.0004991920732916611,0.9574175595522643,CMRE,0.00025741897204495167,0.00043999773062701676,1.0012870948602248,0.0035210824614842883,2.335962679508122
2022-02-07,4483.8701171875,4521.85986328125,4471.47021484375,4505.75,4228480000,232,206,262,254,243,11,-52675,-0.0037017126347429485,1.6970086392898962,CNQ,-0.0007466804963224938,0.0,1.0044589806998416,GOGL,0.009099902753016132,0.0,1.0874809725491403,EOG,0.0017414356404458877,0.0,1.0111678591852389,BCC,0.0013825534493163705,0.0,0.9640359642992394,CMRE,0.007914771078131988,0.0,1.0409118855567574,0.019391982424587884,2.381261626733637
2022-02-08,4521.5400390625,4531.31982421875,4465.39990234375,4480.02001953125,4459620000,271,220,282,374,123,251,-52424,0.008401207191663262,1.7112655604746132,CNQ,-0.010417819991625322,0.0,0.9521376164503296,GOGL,0.006054903104245524,0.0,1.120403932131619,EOG,-0.005510500751237335,0.0,0.9833076529469024,BCC,0.013471458116971924,0.0,1.0289708148807986,CMRE,-0.0027818595866536456,0.0,1.0264335320182685,0.0008161808917011445,2.3832051669715177
2022-02-09,4587.18017578125,4590.02978515625,4547.0,4547.0,4524350000,357,263,307,419,78,341,-52083,0.014517207887505545,1.7361083583667518,CNQ,0.002925455151717271,0.0,0.9660647959262717,GOGL,0.007713485978631774,0.0,1.1636150322361247,EOG,0.0031919401440415832,0.0,0.999000948803825,BCC,0.000534017120670205,0.0,1.0317182550398802,CMRE,0.007126957890362329,0.0,1.0630102748180188,0.02149185628542316,2.4344246699187475
2022-02-10,4504.080078125,4588.919921875,4484.31005859375,4553.240234375,5314860000,262,212,274,62,435,-373,-52456,-0.01811572566845976,1.7046574956158598,CNQ,0.0012078783238826053,0.0,0.9718992395585988,GOGL,0.0053050026409258155,0.0,1.1944799363312928,EOG,-0.0011472738288281548,0.0,0.9932703105861393,BCC,-0.0038973499130071643,0.0,1.0116134197822424,CMRE,0.0012903419579283872,0.0,1.069868508614552,0.0027585991809014896,2.441140271819152
2022-02-11,4418.64013671875,4526.330078125,4401.41015625,4506.27001953125,5251500000,211,195,243,98,399,-301,-52757,-0.01896945434456343,1.672321073079657,CNQ,0.0054221612370952245,0.0,0.9982482114740836,GOGL,-0.004306598989692989,0.0,1.1687592058962284,EOG,0.007260820568164706,0.0,1.0293300980903952,BCC,-0.003086055017125755,0.0,0.9960039464346887,CMRE,-0.002706566913954256,0.0,1.0553901550760634,0.0025837608844869312,2.447447594567024
2022-02-14,4401.669921875,4426.22021484375,4364.83984375,4412.60986328125,4600390000,197,170,229,109,388,-279,-53036,-0.0038405967262932217,1.6658983622410761,CNQ,-0.0014705930994685758,0.0,0.9909081268173304,GOGL,-0.0029929336770653236,0.0,1.1512691119576937,EOG,-0.005721681468385121,0.0,0.999882603354921,BCC,-0.001028083106980726,0.0,0.9908840722756105,CMRE,0.002021653809717172,0.0,1.066058322714801,-0.009191637542182574,2.424951543374277
2022-02-15,4471.06982421875,4472.77001953125,4429.27978515625,4429.27978515625,4430830000,260,201,260,395,102,293,-52743,0.01576672117072042,1.692164117217291,CNQ,0.00015194557231676953,0.0,0.9916609473295435,GOGL,0.006255580763774526,0.0,1.1872783965111453,EOG,-0.004426386701303931,0.0,0.9777532680631441,BCC,0.0069817792448994,0.0,1.0254747415251868,CMRE,-0.0005718351110510334,0.0,1.0630102748180186,0.008391083768635732,2.445299514909613
2022-02-16,4475.009765625,4489.5498046875,4429.68017578125,4455.75,4283640000,269,203,267,296,201,95,-52648,0.0008812077558950637,1.6936552653616301,CNQ,0.00523819390676219,0.0,1.0176335089889217,GOGL,0.006065818743284712,0.0,1.2232874742664168,EOG,0.001568959875795839,0.0,0.9854235462932407,BCC,0.003214779670757695,0.0,1.04195811828484,CMRE,0.004731158999035357,0.0,1.0881566279568802,0.02081891119563579,2.4962079883572477
2022-02-17,4380.259765625,4456.06005859375,4373.81005859375,4456.06005859375,4539420000,190,170,234,70,427,-357,-53005,-0.021173138152195015,1.6577952684459358,CNQ,-0.0005918205370112562,0.0,1.0146222269400693,GOGL,-0.00033643437044723613,0.0,1.2212296945100127,EOG,0.0014852347992598159,0.0,0.9927414730080644,BCC,-0.00402681321415761,0.0,1.0209792646882991,CMRE,-0.000280080251477699,0.0,1.0866327720468538,-0.0037499135738339852,2.486847424138594
2022-02-18,4348.8701171875,4394.60009765625,4327.22021484375,4384.56982421875,4708060000,174,164,232,174,323,-149,-53154,-0.0071661613961429005,1.6459152399904902,GOGL,0.001992086505591116,-0.0004699146126634097,1.0099604325279556,CNQ,-0.005669669373371976,-0.00010732566856067489,0.9716516531331402,EOG,0.0016975573122832177,-0.0007604203360756419,1.0084877865614161,SBLK,-0.0032818897345461423,-0.00032878967651169244,0.9835905513272692,CMRE,-0.0028883238846595756,-0.00043231686186611805,0.9855583805767021,-0.010249006330380898,2.461359709145906
2022-02-22,4304.759765625,4362.1201171875,4267.10986328125,4332.740234375,5121900000,128,147,219,114,383,-269,-53423,-0.010142945264832837,1.6292208118007123,GOGL,0.01535893539932367,0.0,1.0875200177233049,CNQ,0.001195285980665517,0.0,0.9774586611285427,EOG,-0.003744831143867833,0.0,0.9896047042047885,SBLK,0.013283400291473414,0.0,1.048917686408225,CMRE,0.0014357611801179004,0.0,0.9926335128945616,0.027528551707712668,2.5291173771704094
2022-02-23,4225.5,4341.509765625,4221.509765625,4324.93017578125,4797430000,82,120,192,61,436,-375,-53798,-0.018412122845487655,1.5992233980714126,GOGL,-0.005426364400047912,0.0,1.0580136181807387,CNQ,0.0,0.0,0.9774586611285427,EOG,0.0014607571538227228,0.0,0.9968325649604074,SBLK,-0.006770961070195369,0.0,1.0134067823056776,CMRE,-0.002138291391319691,0.0,0.9820208144177722,-0.012874859707740249,2.4965553457549325
2022-02-24,4288.7001953125,4294.72998046875,4114.64990234375,4155.77001953125,6752130000,97,116,195,320,177,143,-53655,0.014956856067329216,1.623142752255872,GOGL,-0.007011927178067357,0.0,1.0209200459603043,CNQ,0.001149873574425575,0.0,0.9830784305511683,EOG,-0.0004169078146130323,0.0,0.9947546285294436,SBLK,-0.006016564503915922,0.0,0.9829206459334376,CMRE,-0.0041786683537079925,0.0,0.9615031179183218,-0.01647419427587873,2.4554266079684823
2022-02-25,4384.64990234375,4385.33984375,4286.830078125,4298.3798828125,5177060000,218,198,248,476,21,455,-53200,0.022372677655603468,1.6594568018411215,GOGL,0.011395548038995562,0.0,1.0790897630988754,CNQ,0.00868903786180506,0.0,1.0257884590720832,EOG,-0.0051226399751614915,0.0,0.9692757794015344,SBLK,0.016496243000875665,0.0,1.063993135062916,CMRE,0.00456218705103213,0.0,0.9834359032887917,0.036020375977546926,2.54387199757278
2022-02-28,4373.93994140625,4388.83984375,4315.1201171875,4354.169921875,6071370000,184,171,239,149,348,-199,-53399,-0.002442603440647617,1.6554034069473382,GOGL,-0.0065625002617211384,0.0,1.0436821288350906,CNQ,0.003907929271147781,0.0,1.04583200279815,EOG,0.014243093887306869,0.0,1.0383032090450774,SBLK,-0.01057933406031757,0.0,1.00771144099434,CMRE,-0.005755407781672029,0.0,0.9551355300359718,-0.004746218945256088,2.5317982241035937
2022-03-01,4306.259765625,4378.4501953125,4279.5400390625,4363.14013671875,5846230000,139,129,202,99,398,-299,-53698,-0.015473503680411893,1.6297885162373722,GOGL,0.00032309663609315643,0.0,1.0453681797599763,CNQ,0.000573179951416103,0.0,1.0488292524809162,EOG,0.002593151098702329,0.0,1.0517655945816844,SBLK,-0.006552705095401179,0.0,0.9746952615238516,CMRE,-0.00014815581941196587,0.0,0.954427985600462,-0.0032114332286015566,2.523667523158593
2022-03-02,4386.5400390625,4401.47998046875,4322.56005859375,4322.56005859375,5337870000,225,191,238,464,33,431,-53267,0.018642691757321028,1.6601721611752072,GOGL,0.011304364646717115,0.0,1.1044542952303849,CNQ,0.005822500457953428,0.0,1.0793632964953417,EOG,0.000566954921157814,0.0,1.054747112980447,SBLK,0.019882184046222263,0.0,1.0715906144168414,CMRE,0.010081541204283263,0.0,1.0025385109172227,0.04765754527633388,2.643939322405937
2022-03-03,4363.490234375,4416.77978515625,4345.56005859375,4401.31005859375,5039890000,246,181,236,243,254,-11,-53278,-0.005254666430088317,1.6514485102517127,GOGL,-0.007572038769807343,0.0,1.0626394415155613,CNQ,-0.0015967012032289008,0.0,1.0707461931241655,EOG,-0.0007709527355609369,0.0,1.0506813121200607,SBLK,-0.005827225615456566,0.0,1.0403686130287781,CMRE,0.003952013784513042,0.0,1.0223487409904728,-0.011814904539540705,2.612701431703373
2022-03-04,4328.8701171875,4342.1201171875,4284.97998046875,4342.1201171875,5797380000,231,178,227,201,296,-95,-53373,-0.007934042550334475,1.6383458475016892,GOGL,0.0006742030624772057,-0.0009287627970209644,1.003371015312386,EOG,0.00334482057094457,0.0002675926370728845,1.016724102854723,SBLK,-0.001463916051250912,9.40117279600331e-05,0.9926804197437454,CMRE,-0.0015970097054820885,-0.0007843371614294873,0.9920149514725896,VRN,0.004446718196294934,-0.00045480478375640066,1.0222335909814746,0.0035985156958097744,2.6221032788138223
2022-03-07,4201.08984375,4327.009765625,4199.85009765625,4327.009765625,6940470000,171,149,186,69,428,-359,-53732,-0.029518158313449172,1.5899848954029523,GOGL,-0.006097546189726466,0.0,0.9727805097558859,EOG,0.0023578986678562067,0.0,1.0287107648932152,SBLK,-0.003961772708638978,0.0,0.9730165487670401,CMRE,-0.0004225570618975327,0.0,0.9899190368563262,VRN,0.0032085772024172954,0.0,1.0386331679593162,-0.0049154000899894745,2.6092145921211793
2022-03-08,4170.7001953125,4276.93994140625,4157.8701171875,4202.66015625,7243120000,127,125,179,190,307,-117,-53849,-0.00723375351819977,1.5784833365719466,GOGL,0.012758354250596283,0.0,1.034835901513592,EOG,-0.0038951228577025934,0.0,1.0086759908217138,SBLK,0.014002147096869333,0.0,1.0411381529846613,CMRE,0.009033185480570262,0.0,1.0346296482096795,VRN,-0.0021053188695056013,0.0,1.0276998979243206,0.029793245100827682,2.6869515619849014
2022-03-09,4277.8798828125,4299.39990234375,4223.10009765625,4223.10009765625,5662670000,197,149,200,421,76,345,-53504,0.02569824789143582,1.6190475926476733,GOGL,-0.0005067787775549837,0.0,1.0322137371478965,EOG,-0.00685857173959239,0.0,0.974085607596438,SBLK,-0.004654285918053458,0.0,1.0169093797637379,CMRE,0.004051317844174074,0.0,1.0555877159891967,VRN,-0.007446816132961676,0.0,0.9894344370257911,-0.015415134723988432,2.645531841660073
2022-03-10,4259.52001953125,4268.27978515625,4209.7998046875,4252.5498046875,4980830000,186,149,199,191,306,-115,-53619,-0.004291813651667864,1.6120989420868481,GOGL,0.0020321804700848657,0.0,1.042701960135823,EOG,0.010741028473847747,0.0,1.0263990138322312,SBLK,0.006629827048509185,0.0,1.0506190463229395,CMRE,0.01257444782243744,0.0,1.121954879272757,VRN,0.0027624717707420035,0.0,1.0031008605322098,0.034739955585621235,2.7374375003396905
2022-03-11,4204.31005859375,4291.009765625,4200.490234375,4279.5,4938640000,167,133,187,95,402,-307,-53926,-0.012961545123475138,1.5912036489054828,GOGL,0.0016764355961615962,0.0,1.0514420735466188,EOG,-0.00533868101784607,0.0,0.9990009291728209,SBLK,0.001403741283179283,0.0,1.0579930329640292,CMRE,-0.0012453395539894887,0.0,1.1149688053280076,VRN,-0.0035422394616206445,0.0,0.9853347432713957,-0.007046083154115324,2.718149288083103
2022-03-14,4173.10986328125,4247.56982421875,4161.72021484375,4202.75,5574920000,160,131,191,212,285,-73,-53999,-0.007421002465963666,1.5793953227031048,GOGL,-0.0144638717767829,0.0,0.9754024568841536,EOG,0.0002766076708555776,0.0,1.0003825857738262,SBLK,-0.021440419223657605,0.0,0.9445739621517403,CMRE,-0.004761888971099771,0.0,1.088422017041949,VRN,-0.01581135542139256,0.0,0.9074373540968426,-0.05620092772207726,2.5653867764057288
2022-03-15,4262.4501953125,4271.0498046875,4187.89990234375,4188.81982421875,5392470000,221,166,209,442,55,387,-53612,0.021408574170870942,1.613207924614321,GOGL,-0.0010752267885990596,0.0,0.9701585626276177,EOG,-0.0034875520361135727,0.0,0.9829381541542859,SBLK,-0.0003717692669289008,0.0,0.9428181443043939,CMRE,-0.0012837068407961505,0.0,1.0814359430971996,VRN,-0.0015060620169176531,0.0,0.900604069438155,-0.007724316949355337,2.545570915847086
2022-03-16,4357.85986328125,4358.89990234375,4251.990234375,4288.14013671875,6309750000,339,217,227,410,87,323,-53289,0.02238376135718223,1.649317585818403,GOGL,0.009008998317356865,0.0,1.0138593469190256,EOG,-0.0014408493679565872,0.0,0.9758568250635178,SBLK,0.00990689648374561,0.0,0.9895201530974977,CMRE,0.00865633738431768,0.0,1.1282423150120853,VRN,0.0036419060349289103,0.0,0.9170036464159967,0.02977328885239248,2.6213609340188504
2022-03-17,4411.669921875,4412.669921875,4335.64990234375,4345.10986328125,4985090000,399,255,245,420,77,343,-52946,0.01234781757145198,1.6696830584854763,GOGL,0.004827582438738443,0.0,1.0383317948117112,EOG,0.008619482414177605,0.0,1.0179137287754687,SBLK,0.005393918554055511,0.0,1.01620710866452,CMRE,0.0019814311068558246,0.0,1.1394199871072652,VRN,0.00894189687056266,0.0,0.9580024065969055,0.029764311384390042,2.6993839371098627
2022-03-18,4463.1201171875,4465.39990234375,4390.56982421875,4407.33984375,8278430000,422,288,262,351,146,205,-52741,0.011662294827948783,1.689155394582765,AMR,0.007792206740928797,2.7268178125386264e-05,1.038961033704644,EOG,-0.005048334284542991,0.00023459964544025546,0.9747583285772851,SBLK,0.002216583520217427,-4.000122635518255e-05,1.0110829176010871,GOGL,0.0014791995345052992,0.00025400554262845776,1.0073959976725264,NFG,-0.0005011079338482159,-9.701067233462648e-05,0.997494460330759,0.006317409044764607,2.716437049609453
2022-03-21,4461.18017578125,4481.75,4424.2998046875,4462.39990234375,4869820000,418,280,255,190,307,-117,-52858,-0.00043466036210393355,1.688421185687306,AMR,0.00903515521976197,0.0,1.085896904738673,EOG,0.011502592656430234,0.0,1.0308195685377215,SBLK,0.0020484569236222327,0.0,1.0214387166156678,GOGL,0.0028333743096764065,0.0,1.0216676473699073,NFG,0.00045313671047626515,0.0,0.9997544671231219,0.025872715819967106,2.7867186534368287
2022-03-22,4511.60986328125,4522.0,4469.10009765625,4469.10009765625,4754840000,450,294,266,349,148,201,-52657,0.0113041136006502,1.7075072905760598,AMR,-0.002981998810127351,0.0,1.0697061883494146,EOG,-0.0026621138382348255,0.0,1.017098773347084,SBLK,-0.005001677815095529,0.0,0.9958941797737866,GOGL,-0.008874279021886844,0.0,0.9763348285179311,NFG,-0.0031344487946542324,0.0,0.9840860712010007,-0.022654518279998783,2.7235868847613305
2022-03-23,4456.240234375,4501.06982421875,4455.81005859375,4493.10009765625,4550670000,361,250,243,93,404,-311,-52968,-0.012272698789159042,1.6865515679185268,AMR,0.012833068588787544,0.0,1.1383442527741072,EOG,0.004502197131401609,0.0,1.0399946692456608,SBLK,0.005268633891550367,0.0,1.0221291889135562,GOGL,0.009458281427283355,0.0,1.0225070763948363,NFG,-0.000214334778200187,0.0,0.9830314518519969,0.03184784626082269,2.8103272611452024
2022-03-24,4520.16015625,4520.580078125,4465.169921875,4469.97998046875,4131390000,409,292,264,443,54,389,-52579,0.01434391292056647,1.710743316744795,AMR,-0.002027539037146031,0.0,1.1268040657230556,EOG,-0.0041116967213086445,0.0,1.0186139558870815,SBLK,-0.00020265705315265504,0.0,1.0210934804667235,GOGL,-0.002791460591201611,0.0,1.0082356353549315,NFG,0.0008275976121184581,0.0,0.9870992242629472,-0.008305755790690485,2.78698536922221
2022-03-25,4543.06005859375,4546.02978515625,4501.06982421875,4522.91015625,4305020000,429,314,269,371,126,245,-52334,0.005066170567449069,1.7194102341845476,AMR,0.0018648777507658922,0.0,1.137310824881253,EOG,0.005784661938894287,0.0,1.0480756427923141,SBLK,-0.0010817900503262924,0.0,1.0155704366286138,GOGL,0.003164022944474665,0.0,1.0241860387734316,NFG,0.009371190327437162,0.0,1.0333506977761155,0.019102962911245712,2.8402250473646466
2022-03-28,4575.52001953125,4575.64990234375,4517.68994140625,4541.08984375,4312260000,442,330,277,309,188,121,-52213,0.007144955276586762,1.7316953434099018,AMR,-0.0006057240840745105,0.0,1.1338663420927069,EOG,-0.005863000296436716,0.0,1.017351303770417,SBLK,0.0005438546924125377,0.0,1.0183320503657933,GOGL,0.00016394157348051941,0.0,1.025025572127098,NFG,0.0020119473650491936,0.0,1.0437459338439274,-0.0037489807495689757,2.829577098337633
2022-03-29,4631.60009765625,4637.2998046875,4589.66015625,4602.85986328125,5085910000,470,386,309,428,69,359,-51854,0.012256547427530462,1.752919949516439,AMR,-0.0018532745847946953,0.0,1.1233595137209342,EOG,-0.00038059962521796997,0.0,1.0154152861457668,SBLK,0.0033898152262353157,0.0,1.0355918378142603,GOGL,0.002620774295343109,0.0,1.0384573754845983,NFG,-0.0004041187021595505,0.0,1.041636947583081,0.003372596609406209,2.83912012046554
2022-03-30,4602.4501953125,4627.77001953125,4581.31982421875,4624.2001953125,4385570000,451,355,295,183,314,-131,-51985,-0.0062937001746978805,1.741887596923936,AMR,-0.006133095835668234,0.0,1.0889111559431335,EOG,0.0007626361097328616,0.0,1.0192872479637143,SBLK,-0.0015333286637768673,0.0,1.0276523245697904,GOGL,0.0024252479278066286,0.0,1.051049958474646,NFG,0.0015869096974805875,0.0,1.0499018664499493,-0.002891630764425024,2.830910433381304
2022-03-31,4530.41015625,4603.06982421875,4530.41015625,4599.02001953125,4823020000,394,322,271,72,425,-353,-52338,-0.015652540713177343,1.7146226303953054,AMR,0.00873143602745481,0.0,1.1364499464316302,EOG,-0.0030720379735546203,0.0,1.0036308023051916,SBLK,-0.0005374607094545736,0.0,1.0248907108326109,GOGL,-0.0022364199176031054,0.0,1.039297013167003,NFG,-0.0015311143756023384,0.0,1.041864267246483,0.0013544030512401724,2.8347446271100636
2022-04-01,4545.85986328125,4548.7001953125,4507.56982421875,4540.31982421875,4562940000,386,327,267,340,157,183,-52155,0.0034102225843584133,1.7204698752131315,AMR,0.0018661535596149474,0.00041421847041088055,1.0093307677980747,EOG,0.001559009505758289,-2.3247840540696347e-05,1.0077950475287913,CLF,-0.0008153182427032167,9.459248353434945e-05,0.9959234087864839,MPLX,-0.0004386582731186329,0.0004118829682504802,0.9978067086344068,OPCH,0.0009195276040767895,0.0001403063355361577,1.004597638020384,0.004128466570819347,2.8464477755398976
2022-04-04,4582.64013671875,4583.5,4539.2099609375,4547.97021484375,4547350000,388,338,268,252,245,7,-52148,0.008090938687879357,1.7343900914878245,AMR,-0.01990503886919224,0.0,0.9088769269736131,EOG,0.0008310315578851313,0.0,1.011982594970675,CLF,0.00055624320698624,0.0,0.9986932869405643,MPLX,0.0017354869367637528,0.0,1.006465111175658,OPCH,-0.008983280216019197,0.0,0.9594747275869434,-0.025765557383576318,2.7731074620398712
2022-04-05,4525.1201171875,4593.4501953125,4514.169921875,4572.4501953125,4800620000,321,314,251,147,350,-203,-52351,-0.012551720801807331,1.7126205112980484,AMR,-0.0031296537853429344,0.0,0.894654576399044,EOG,-0.004965657751435537,0.0,0.9868567988855051,CLF,0.0005547004651579535,0.0,1.0014631650946446,MPLX,-0.0005339778535665252,0.0,1.0037779607768822,OPCH,7.291453715332353e-05,0.0,0.959824525865305,-0.008001674388033718,2.750917959085602
2022-04-06,4481.14990234375,4503.93994140625,4450.0400390625,4494.169921875,4986830000,275,284,250,220,277,-57,-52408,-0.009716916613271898,1.6959791205995862,AMR,0.00046857150311434563,0.0,0.8967506245972011,EOG,0.0010523784570475759,0.0,0.9920495330621953,CLF,-0.008912112613048806,0.0,0.9568374025689258,MPLX,-0.0016656780184270304,0.0,0.9954181063536444,OPCH,0.0041545166452657606,0.0,0.9797625607115136,-0.004902324026048155,2.7374320678810893
2022-04-07,4500.2099609375,4521.16015625,4450.2998046875,4474.64990234375,4821490000,276,292,249,277,220,57,-52351,0.004253385628492534,1.703192773817368,AMR,0.013823046102603388,0.0,0.9587297507289286,EOG,0.0036640079668933904,0.0,1.010223920025659,CLF,0.0019298760732593845,0.0,0.9660702906150129,MPLX,-0.00065985823811896,0.0,0.9921339321643933,OPCH,0.0022848960529051167,0.0,0.9909558387502833,0.021041967957542318,2.795033025739392
2022-04-08,4488.27978515625,4520.41015625,4474.60009765625,4494.14990234375,4083200000,278,284,247,259,238,21,-52330,-0.002651026482054286,1.6986775646699346,AMR,0.0067769798564143,0.0,0.9912162117711039,EOG,0.010379719481036487,0.0,1.062653124540156,CLF,-0.003950295915515234,0.0,0.9469889729994274,MPLX,0.003611215306496396,0.0,1.010047978374026,OPCH,0.0007059681026405419,0.0,0.9944537548166987,0.017523586831072493,2.844012029661652
2022-04-11,4412.52978515625,4464.35009765625,4408.3798828125,4462.64013671875,4266290000,241,261,239,102,395,-293,-52623,-0.01687729010355421,1.6700084906186012,AMR,-0.005104954578583976,0.0,0.965915643077866,EOG,-0.008732704767691946,0.0,1.0162539445047831,CLF,-0.0020799459867637316,0.0,0.937140543429929,MPLX,-0.00047293939313737267,0.0,1.0076595209843666,OPCH,-0.003939496728323522,0.0,0.9748655182488516,-0.02033004145450055,2.786193147201532
2022-04-12,4397.4501953125,4471.0,4381.33984375,4437.58984375,4152090000,216,257,236,204,293,-89,-52712,-0.003417447717741773,1.6643013239137274,AMR,0.020210779244195454,0.0,1.0635251822316751,EOG,0.005323895355662911,0.0,1.0433060927813989,CLF,0.002298840494920951,0.0,0.9479122265832738,MPLX,0.002844419929891018,0.0,1.0219905551045285,OPCH,0.00624326448286321,0.0,1.005297234577107,0.036921199507533545,2.889062740255883
2022-04-13,4446.58984375,4453.919921875,4392.7001953125,4394.2998046875,3828150000,251,279,245,400,97,303,-52409,0.011174577597236057,1.682899188202984,AMR,0.010993813448636126,0.0,1.121986169488584,EOG,-0.0004199516237690659,0.0,1.0411154023426403,CLF,0.007922086044957677,0.0,0.9854594376935744,MPLX,0.002045010794628732,0.0,1.0324404636905153,OPCH,0.006750169248987126,0.0,1.039226866971778,0.027291127913440596,2.9679085210501617
2022-04-14,4392.58984375,4460.4599609375,4390.77001953125,4449.1201171875,4083090000,226,270,242,169,328,-159,-52568,-0.01214413784439794,1.6624618284832215,AMR,0.009033304826425104,0.0,1.1726623848887012,EOG,-0.0010035961317513165,0.0,1.0358911053901514,CLF,-0.007370395304848754,0.0,0.9491433096300963,MPLX,-0.0008675723502643119,0.0,1.0279618796925556,OPCH,-0.0017502411951879626,0.0,1.0301323786031773,-0.0019585001556272413,2.9620958717497974
2022-04-18,4391.68994140625,4410.31005859375,4370.2998046875,4385.6298828125,3910490000,204,260,240,190,307,-117,-52685,-0.0002048682840329885,1.6621212427811498,CLF,-0.002891143956640998,0.0006869566033526895,0.985544280216795,AMR,0.0020423418429301285,0.00038255237253079287,1.0102117092146505,EOG,-0.001679322262997943,0.00040054494261317216,0.9916033886850103,MPLX,-0.0014124551386978685,0.00015730354301739084,0.9929377243065106,OPCH,-0.004329866037861477,4.141183690815995e-05,0.9783506698106926,-0.006601676254845952,2.9425410737686892
2022-04-19,4462.2099609375,4471.02978515625,4390.6298828125,4390.6298828125,4108120000,267,307,252,442,55,387,-52298,0.016057604355527166,1.6888109280886465,CLF,0.004356307355712285,0.0,1.007010949203238,AMR,-0.003744582506733374,0.0,0.9912976037425385,EOG,-0.0025300102087761236,0.0,0.9790595552028599,MPLX,0.00331490480884864,0.0,1.009395194492465,OPCH,0.004290663303925202,0.0,0.9993395363973295,0.00568728275297663,2.959276136867459
2022-04-20,4459.4501953125,4488.2900390625,4448.759765625,4472.259765625,4290450000,319,328,264,373,124,249,-52049,-0.0006184750715809706,1.6877664406290103,CLF,-0.005536117281488728,0.0,0.9791362956105759,AMR,-0.0013773055035554373,0.0,0.9844710055160589,EOG,0.00152761322379944,0.0,0.9865376768199353,MPLX,0.0004576666662502227,0.0,1.0117050271604269,OPCH,0.003590777581830862,0.0,1.0172815664169934,-0.0013373653131636418,2.9553185036099396
2022-04-21,4393.66015625,4512.93994140625,4384.47021484375,4489.169921875,4636890000,260,294,251,84,413,-329,-52378,-0.014752948498371943,1.6628669092531299,CLF,-0.006413609681691846,0.0,0.9477373054844566,AMR,-0.022037009484747763,0.0,0.8759970210859761,EOG,-0.005216410960108453,0.0,0.9608067470703181,MPLX,-0.001198628666650592,0.0,1.0056417339216819,OPCH,-0.00372711800439407,0.0,0.9983239242083385,-0.03859277679759272,2.8412645562343255
2022-04-22,4271.77978515625,4385.830078125,4267.6201171875,4385.830078125,4651940000,122,221,223,12,485,-473,-52851,-0.027740054250753654,1.616738890978665,CLF,-0.004259629225094797,0.0,0.9275522578636857,AMR,-0.015199837551654284,0.0,0.8094219590047765,EOG,-0.005640658861557935,0.0,0.9337088316097839,MPLX,-0.005225364681917389,0.0,0.9793675099261993,OPCH,-0.010715496344313104,0.0,0.9448362424068647,-0.04104098666453751,2.7246562554714897
2022-04-25,4296.1201171875,4299.02001953125,4200.81982421875,4255.33984375,5240040000,122,219,227,292,205,87,-52764,0.005697936985382235,1.6259509673012782,CLF,-0.008359246700748146,0.0,0.8887840671070931,AMR,-0.004828213633214818,0.0,0.789881648317325,EOG,-0.007492254171307589,0.0,0.8987309121677082,MPLX,-0.0069575509658667215,0.0,0.9452975131030716,OPCH,0.002794692882698824,0.0,0.9580388780167165,-0.02484257258843845,2.6569687846663963
2022-04-26,4175.2001953125,4278.14013671875,4175.0400390625,4278.14013671875,4689970000,72,173,212,30,467,-437,-53201,-0.028146308431003852,1.5801864498819274,CLF,-0.008507572566055699,0.0,0.8509770923747546,AMR,0.01517601025743831,0.0,0.849817908302455,EOG,-0.0003220778068174335,0.0,0.8972836057621582,MPLX,-0.0015882811699234668,0.0,0.9377905219028861,OPCH,-0.008621903507027873,0.0,0.9167382842055096,-0.003863824792386162,2.646702722803606
2022-04-27,4183.9599609375,4240.7099609375,4162.89990234375,4186.52001953125,4769680000,86,179,217,266,231,35,-53166,0.0020980468517017847,1.583501755088204,CLF,0.006626514200376033,0.0,0.8791721513088347,AMR,0.027179617969603376,0.0,0.9653065387593958,EOG,0.0021865999652662007,0.0,0.9070936072681255,MPLX,-0.0005541694264324049,0.0,0.9351920477247028,OPCH,7.38569343427642e-05,0.0,0.9170768216018399,0.03551241964315597,2.7406935405664914
2022-04-28,4287.5,4308.4501953125,4188.6298828125,4222.580078125,4854180000,150,217,232,435,62,373,-52793,0.02474690007293945,1.622688514786696,CLF,0.0,0.0,0.8791721513088347,AMR,0.0046843407850568845,0.0,0.9879156627073594,EOG,0.008793546807665998,0.0,0.9469764577403598,MPLX,0.003149098774203507,0.0,0.9499171083803765,OPCH,0.025027680845727797,0.0,1.0318383516121663,0.041654667212654185,2.854856217930659
2022-04-29,4131.93017578125,4269.68017578125,4124.27978515625,4253.75,5084030000,58,142,189,13,484,-471,-53264,-0.036284507106413955,1.5638100618404218,AMR,-0.006174628052581222,0.0004114423621706029,0.9691268597370939,EOG,-0.0030670949199048747,0.0004083939288945202,0.9846645254004757,VLO,-0.005673299505251669,0.00019411933154598704,0.9716335024737417,SBLK,-0.008904497924538093,4.502239639810744e-05,0.9554775103773095,NFG,-0.004000729026157667,3.8663218921201295e-05,0.9799963548692117,-0.026722608190503108,2.7785670137786767
2022-05-02,4155.3798828125,4169.81005859375,4062.510009765625,4130.60986328125,5163790000,70,131,187,268,229,39,-53225,0.005675242812353654,1.572685063653768,AMR,-0.00841411772331524,0.0,0.9283551223038202,EOG,-0.0007708271524302868,0.0,0.9808694946394079,VLO,0.009185493295297898,0.0,1.0162581675860385,SBLK,0.0058362931923038545,0.0,0.9833597448233822,NFG,-0.0013403216444399348,0.0,0.9734288032396945,0.004496519967416291,2.7910608958369365
2022-05-03,4175.47998046875,4200.10009765625,4147.080078125,4159.77978515625,4582050000,101,148,196,354,143,211,-53014,0.004837126381486367,1.5802923400649371,AMR,0.0172029758128188,0.0,1.0082074758773154,EOG,0.007651973882996855,0.0,1.0183974334174533,VLO,0.008233264224585436,0.0,1.0580937776566828,SBLK,0.009059482579113754,0.0,1.0279033972095282,NFG,0.004880850377216684,0.0,0.9971846049471247,0.047028546876731525,2.922320434012616
2022-05-04,4300.169921875,4307.66015625,4148.91015625,4181.18017578125,5136360000,221,249,218,473,24,449,-52565,0.02986242108440229,1.6274836953604117,AMR,0.002484769114392016,0.0,1.0207332898621109,EOG,0.006641262006222393,0.0,1.052214654326402,VLO,0.011252056206974493,0.0,1.1176224309488976,SBLK,0.005094287377759566,0.0,1.0540855737193315,NFG,0.005268968573777855,0.0,1.023455276675732,0.030741343279126324,3.0121564896462036
2022-05-05,4146.8701171875,4270.43017578125,4106.009765625,4270.43017578125,5077030000,116,151,189,14,483,-469,-53034,-0.035649708609806985,1.569464375853601,AMR,0.006810641402824169,0.0,1.05549253188799,EOG,-0.002163969060343418,0.0,1.0408298545423906,VLO,-0.0037432300751910844,0.0,1.0967048414677172,SBLK,-0.0020645424343798346,0.0,1.0432045517372757,NFG,-0.005270313452422126,0.0,0.9964856261126495,-0.006431413619512294,2.992784065374591
2022-05-06,4123.33984375,4157.68994140625,4067.909912109375,4128.169921875,5116940000,99,139,181,151,346,-195,-53229,-0.0056742248424840325,1.560558882102739,AMR,0.004616396034330928,0.0,1.0798553895803582,EOG,0.01426026145159236,0.0,1.1150423838043773,VLO,0.005324591617738417,0.0,1.1259023684977778,SBLK,-0.001890469891708979,0.0,1.0333438177575103,NFG,-0.0037301646584283034,0.0,0.9779003487868634,0.018580614553524423,3.0483918325352457
2022-05-09,3991.239990234375,4081.27001953125,3975.47998046875,4081.27001953125,5954520000,50,102,159,71,426,-355,-53584,-0.03203710063235676,1.5105631001540953,AMR,-0.03198002852827671,0.0,0.9071863587543921,EOG,-0.0216003622654972,0.0,0.9946157866465867,VLO,-0.016612445865883573,0.0,1.0323824077630805,SBLK,-0.018558742249911896,0.0,0.9374560099110024,NFG,-0.007773625369117122,0.0,0.9398911939878731,-0.0965252042786865,2.7541451881783017
2022-05-10,4001.050048828125,4068.820068359375,3958.169921875,4035.179931640625,5885820000,48,89,154,217,280,-63,-53647,0.0024578974498534745,1.514275909345807,AMR,0.0014359383856573428,0.0,0.9136996773317928,EOG,0.0027471431530109226,0.0,1.0082775463874003,VLO,0.004254935325347775,0.0,1.054346009643374,SBLK,0.01349294120405169,0.0,1.0007012040265726,NFG,-0.002438356644090001,0.0,0.9284322442999631,0.019492601423977733,2.8078306425952277
2022-05-11,3935.179931640625,4049.090087890625,3928.820068359375,3990.080078125,5816140000,40,75,150,127,370,-243,-53890,-0.01646320750393837,1.4893460708320319,AMR,0.015408871102530109,0.0,0.9840950801039375,EOG,0.0028939440541862374,0.0,1.022867040439087,VLO,0.0007167242379438666,0.0,1.0581243863448282,SBLK,0.003397877975694197,0.0,1.0177025069336354,NFG,0.003431710495666396,0.0,0.9443627976863596,0.025849127866020803,2.8804106159018033
2022-05-12,3930.080078125,3964.800048828125,3858.8701171875,3903.949951171875,6286450000,58,80,149,293,204,89,-53801,-0.0012959645058717717,1.4874159311872739,AMR,-0.0052440491948772434,0.0,0.9582918650414289,EOG,-0.0012861771734614226,0.0,1.016289099244593,VLO,-1.659585361699634e-05,0.0,1.0580365839577064,SBLK,-0.010624814428691832,0.0,0.9636380055347137,NFG,0.0,0.0,0.9443627976863596,-0.017171636650647495,2.83094925140087
2022-05-13,4023.889892578125,4038.8798828125,3963.89990234375,3963.89990234375,5183340000,103,105,168,461,36,425,-53376,0.02386969542307149,1.5229200964321383,AMR,0.0045104063545594675,0.0007669870887105033,1.0225520317727974,VLO,0.003255701853245151,0.0006762377885232194,1.0162785092662256,COP,0.003921837942444823,0.000680146622914302,1.0196091897122241,SU,0.0019677089607014852,0.0008765155421028032,1.0098385448035074,CVE,0.006255274579437012,5.4605660801542326e-05,1.031276372897185,0.022965422393440307,2.8959631967336845
2022-05-16,4008.010009765625,4046.4599609375,3983.989990234375,4013.02001953125,4415030000,110,111,170,191,306,-115,-53491,-0.003946400929555671,1.5169100431479394,AMR,-0.010426879076748509,0.0,0.9692418998479051,VLO,0.0049398605965842,0.0,1.0413798800816234,COP,0.005954119856739304,0.0,1.0499635663251212,SU,0.006439130347432665,0.0,1.042350954902765,CVE,0.004967759028674435,0.0,1.0568920354597782,0.011873990752682095,2.930349836951808
2022-05-17,4088.85009765625,4090.719970703125,4033.929931640625,4052.0,4841410000,204,160,182,447,50,397,-53094,0.020169632234863677,1.5475055608516046,AMR,0.005018171297659801,0.0,0.9935610092594351,VLO,0.0004382641473549498,0.0,1.0436618774077062,COP,0.0028815119319648645,0.0,1.0650909790475924,SU,0.004478799443266013,0.0,1.0656933592852964,CVE,0.00416864971201103,0.0,1.078921098856009,0.01698539653225666,2.980122990910668
2022-05-18,3923.679931640625,4051.97998046875,3911.909912109375,4051.97998046875,5103220000,88,83,145,8,489,-481,-53575,-0.04039526078745259,1.484993670150971,AMR,-0.0032463822733724834,0.0,0.9774336150195656,VLO,-0.0052787925489812485,0.0,1.0161155046971284,COP,-0.00474679860738465,0.0,1.039812117167187,SU,-0.0031811568282261063,0.0,1.0487426707518681,CVE,-0.003038916028065919,0.0,1.062527345754349,-0.01949204628603041,2.922034295633774
2022-05-19,3900.7900390625,3945.9599609375,3876.580078125,3899.0,5113550000,88,73,142,229,268,-39,-53614,-0.005833781800992588,1.476330541103455,AMR,-0.0018594996311794621,0.0,0.9683459277864092,VLO,-0.000673695604254565,0.0,1.0126927419524816,COP,0.00024885830962984024,0.0,1.0411059465962413,SU,0.0010598234246069094,0.0,1.0543000809961063,CVE,0.0036644247765392104,0.0,1.0819951034120123,0.0024399112753419328,2.9291638000586264
2022-05-20,3901.360107421875,3943.419921875,3810.320068359375,3927.760009765625,5130730000,116,71,136,290,207,83,-53531,0.00014614176965843662,1.4765462946613328,AMR,0.0005287474981587881,0.0,0.9709059802197557,VLO,-0.002060202242958753,0.0,1.002260982660489,COP,0.0007838792387697691,0.0,1.045186453280724,SU,0.0007380626087214904,0.0,1.0581907783368827,CVE,0.002272745440317836,0.0,1.0942906006006416,0.0022632325430091303,2.935793178894724
2022-05-23,3973.75,3981.8798828125,3909.0400390625,3919.419921875,4420030000,175,97,150,421,76,345,-53186,0.018555039930923556,1.503943670118631,AMR,0.022661677431494588,0.0,1.0809177709200015,VLO,0.0015937613408617325,0.0,1.0102478066985807,COP,0.007617614129492445,0.0,1.0849955887530507,SU,0.007037782467624565,0.0,1.0954273608727891,CVE,0.0049625201740462815,0.0,1.1214427965093912,0.043873355543519614,3.0645962768346116
2022-05-24,3941.47998046875,3955.679931640625,3875.1298828125,3942.93994140625,4923190000,170,108,156,210,287,-77,-53263,-0.008120797617175213,1.4917304479459659,AMR,-0.00011842507215993338,0.0,1.0802777320949006,VLO,0.00040332491396477543,0.0,1.0122850972471797,COP,0.0008438918451896705,0.0,1.089573683400128,SU,-0.003348553571896629,0.0,1.0770868748627698,CVE,-0.002010040071825281,0.0,1.1101720717131727,-0.004229801956727397,3.051633641506277
2022-05-25,3978.72998046875,3999.330078125,3925.030029296875,3929.590087890625,4802560000,217,123,158,372,125,247,-53016,0.009450764734207695,1.5058284414563574,AMR,-2.3710473973337366e-05,0.0,1.0801496626096465,VLO,0.0050398480954092495,0.0,1.0377939128440417,COP,0.0031420569380240515,0.0,1.106691196157207,SU,0.0033023811291499785,0.0,1.0948716317127793,CVE,0.0022150239747072754,0.0,1.1224673604876483,0.013675599663317217,3.093366561506628
2022-05-26,4057.840087890625,4075.139892578125,3984.60009765625,3984.60009765625,4709970000,340,164,173,442,55,387,-52629,0.019883256167224195,1.535769214101726,AMR,0.011292799741877559,0.0,1.1411392317651832,VLO,0.0012250816951231425,0.0,1.044150824473719,COP,0.0035072001786335518,0.0,1.1260981339614806,SU,0.0009137211837023873,0.0,1.0998736687294333,CVE,0.001277982618589757,0.0,1.129639829370836,0.018216785417926394,3.1497177563765835
2022-05-27,4158.240234375,4158.490234375,4077.429931640625,4077.429931640625,4375620000,429,238,196,475,22,453,-52176,0.02474226295510973,1.5737676198353932,AMR,0.0007857668261331878,-1.982947455619703e-05,1.003928834130666,TECK,0.0028993326731843443,8.163661199622871e-05,1.0144966633659218,CC,0.004162863654650287,-0.00039315739901129085,1.0208143182732514,CVI,0.008729492892515256,-9.711072533923353e-06,1.0436474644625764,COP,0.004164977982175226,-4.000388950709433e-05,1.020824889910876,0.020361368805046028,3.2138503212459697
2022-05-31,4132.14990234375,4168.33984375,4104.8798828125,4151.08984375,6822640000,408,207,188,100,397,-297,-52473,-0.006274368617659065,1.5638932216700099,AMR,-0.019567124344880372,0.0,0.9057088324764384,TECK,-0.007729680814450468,0.0,0.9752879863902039,CC,-0.00409183162543929,0.0,0.9999293167171928,CVI,-0.0022968995829085737,0.0,1.031661697333438,COP,-0.003909223803747208,0.0,1.00087172511539,-0.03759476017142591,3.0930263891918672
2022-06-01,4101.22998046875,4166.5400390625,4073.85009765625,4149.77978515625,4531800000,359,173,174,102,395,-293,-52766,-0.007482768681131846,1.5521909704502632,AMR,0.009607988503805221,0.0,0.9492190327275808,TECK,0.003947991742754864,0.0,0.9945401309755866,CC,0.002088657369436886,0.0,1.0103718653985796,CVI,0.0108626039270749,0.0,1.0876943593577728,COP,0.006034166004044561,0.0,1.0310688558058936,0.03254140754711644,3.1936778214765456
2022-06-02,4176.81982421875,4177.509765625,4074.3701171875,4095.409912109375,4405790000,440,233,187,434,63,371,-52395,0.018431018038486124,1.5807994302258073,AMR,0.004448077254960703,0.0,0.9703300306748376,TECK,0.009537285764210469,0.0,1.041966198141034,CC,0.004547532036025226,0.0,1.0333453575295726,CVI,0.00258953447052015,0.0,1.1017774695425093,COP,-0.00136499453403236,0.0,1.0240318390439633,0.019757434991684183,3.256776703418752
2022-06-03,4108.5400390625,4142.669921875,4098.669921875,4137.56982421875,3711110000,393,195,175,66,431,-365,-52760,-0.016347313992415624,1.5549576055808743,AMR,-0.0026777104086266102,0.0,0.9573387165601326,TECK,-0.002208181566581069,0.0,1.030461945382356,CC,-0.004042211329228529,0.0,1.012460355973514,CVI,0.012890964445886777,0.0,1.1727923404782672,COP,0.005497542431978042,0.0,1.052180131478167,0.00946040357342861,3.2875871253816342
2022-06-06,4121.43017578125,4168.77978515625,4109.18017578125,4134.72021484375,4332700000,398,213,179,312,185,127,-52633,0.003137400778913113,1.5598361307838005,AMR,0.00359147692709807,0.0,0.9745300161198496,TECK,0.0020961210653379857,0.0,1.0412618103360816,CC,0.0036671798953399563,0.0,1.031024727284788,CVI,0.0036279903307754324,0.0,1.1940667368345803,COP,-0.001252951443383288,0.0,1.045588478405993,0.011729816775168156,3.326149919994763
2022-06-07,4160.68017578125,4164.85986328125,4080.18994140625,4096.47021484375,4248210000,432,251,196,422,75,347,-52286,0.009523393173235029,1.5746910635430722,AMR,0.007780279532793078,0.0,1.0124405958123985,TECK,0.006268347021636656,0.0,1.0738967621739024,CC,0.0016205349659174308,0.0,1.0393787853912404,CVI,0.016160589472099175,0.0,1.290550848515944,COP,0.009081620438025429,0.0,1.093066666882272,0.040911371430471764,3.462227274805103
2022-06-08,4115.77001953125,4160.14013671875,4107.2001953125,4147.1201171875,4159470000,345,197,176,55,442,-387,-52673,-0.010793945785935621,1.5576939335735909,AMR,-0.0075110679399664985,0.0,0.9744180453107631,TECK,-0.003978989738846739,0.0,1.052531641187549,CC,-0.005760208246053323,0.0,1.009443594139323,CVI,-0.0014859648856003329,0.0,1.280962282296062,COP,-0.0013853928087333323,0.0,1.0854950333834479,-0.020121623619200224,3.3925616406973456
2022-06-09,4017.820068359375,4119.10009765625,4017.169921875,4101.64990234375,4134170000,190,129,148,22,475,-453,-53126,-0.02379869397635359,1.5206228523396506,AMR,-0.00804554148405543,0.0,0.9352194412789634,TECK,-0.0047736413760716585,0.0,1.0274095982275615,CC,-0.006298843867709692,0.0,0.9776519561756064,CVI,-0.003181285714400417,0.0,1.2605867472492909,COP,-0.005416069226530796,0.0,1.0560994521541474,-0.027715381668767993,3.298535499990597
2022-06-10,3900.860107421875,3974.389892578125,3900.159912109375,3974.389892578125,4889640000,67,65,132,35,462,-427,-53553,-0.029110303335524668,1.4763570598491127,CIVI,0.0005461016074001351,-0.0007266908227239168,1.0027305080370006,TECK,-0.002719470717866426,-0.0008983675478557909,0.9864026464106679,COP,-0.0004901050555347215,-0.001073855370789379,0.9975494747223264,CVE,-0.002880554998091818,-0.0006478901110206635,0.985597225009541,MTDR,-0.0010233938369001824,-0.0005657812449062598,0.9948830308154991,-0.010480008098289022,3.263966821238202
2022-06-13,3749.6298828125,3838.14990234375,3734.300048828125,3838.14990234375,5636890000,14,24,98,4,493,-489,-54042,-0.038768430665237275,1.4191210135372188,CIVI,-0.014306964639164033,0.0,0.9310003584315188,TECK,-0.013954613054587096,0.0,0.9175783101772601,COP,-0.008679298622934461,0.0,0.9542593258109939,CVE,-0.008584809884971746,0.0,0.9432914010102278,MTDR,-0.01410390914309081,0.0,0.9247243314423761,-0.05962959534474815,3.069337800469084
2022-06-14,3735.47998046875,3778.179931640625,3705.679931640625,3763.52001953125,5153890000,17,25,89,172,325,-153,-54195,-0.0037736797459957394,1.4137657053113164,CIVI,-0.0034463276421466075,0.0,0.9149576970809641,TECK,0.001361145599825653,0.0,0.9238230985742263,COP,-0.0004831961643757543,0.0,0.9519538535807356,CVE,-0.0023084702649646574,0.0,0.932403600258083,MTDR,0.0025069945316535946,0.0,0.9363157256534415,-0.002369853940007771,3.0620639181894274
2022-06-15,3789.989990234375,3837.56005859375,3722.300048828125,3764.050048828125,5530480000,23,32,94,391,106,285,-53910,0.014592504858983224,1.4343960882355355,CIVI,-0.0053972040937170455,0.0,0.8902666299396476,TECK,0.003746834648590003,0.0,0.9411301605487548,COP,-0.0038747646460349783,0.0,0.9335108678981786,CVE,-0.006312029914074979,0.0,0.9029768031739819,MTDR,-0.004300376414886453,0.0,0.9161831753360047,-0.016137540420123452,3.012649737940644
2022-06-16,3666.77001953125,3728.179931640625,3639.77001953125,3728.179931640625,5644930000,8,10,69,14,483,-469,-54379,-0.03251195148816344,1.3877610722000104,CIVI,-0.011150614818016491,0.0,0.8406315285606943,TECK,-0.012823070168458206,0.0,0.8807892701169097,COP,-0.012640646501401133,0.0,0.8745099634665934,CVE,-0.013128457594188615,0.0,0.8437033398289537,MTDR,-0.01341768538425674,0.0,0.8547178873309655,-0.06316047446632118,2.8223693510914747
2022-06-17,3674.840087890625,3707.7099609375,3636.8701171875,3665.89990234375,8520740000,12,11,65,288,209,79,-54300,0.002200865698254617,1.3908153479411884,CIVI,-0.019008871672900954,0.0,0.7607342443076703,TECK,-0.006372806030163903,0.0,0.8527237742573861,COP,-0.016949821658058806,0.0,0.800396023871822,CVE,-0.010363768395917128,0.0,0.7999836097847085,MTDR,-0.017273379290002767,0.0,0.7808985560618774,-0.06996864704704356,2.6248919861285622
2022-06-21,3764.7900390625,3779.64990234375,3715.31005859375,3715.31005859375,5292260000,34,27,89,439,58,381,-53919,0.024477242280086964,1.4248586721796084,CIVI,0.00828890274431311,0.0,0.7922625051343444,TECK,0.008008756454834431,0.0,0.8868700594137592,COP,0.01181993802079524,0.0,0.8476991808431014,CVE,0.011140350942589628,0.0,0.8445441005913151,MTDR,0.009531231298389155,0.0,0.8181131798538968,0.04878917946092156,2.752958312305324
2022-06-22,3759.889892578125,3801.7900390625,3717.68994140625,3733.889892578125,5058990000,43,31,86,249,248,1,-53918,-0.0013015723144006452,1.4230041155799658,CIVI,-0.017580267692013818,0.0,0.7226215705213082,TECK,-0.019409283938210488,0.0,0.8008024954164629,COP,-0.0125302124357618,0.0,0.7945899267551748,CVE,-0.0067695781195380896,0.0,0.8159580642695754,MTDR,-0.01834450403318293,0.0,0.7430737772167472,-0.07463384621870713,2.547494444978217
2022-06-23,3795.72998046875,3802.580078125,3743.52001953125,3774.7099609375,5098640000,95,58,96,333,164,169,-53749,0.009532217409177868,1.4365685001838289,CIVI,-0.010162992508515512,0.0,0.6859015824828093,TECK,-0.018866801880618757,0.0,0.7252595852838253,COP,-0.011111128230305045,0.0,0.7504459739217476,CVE,-0.01658937122705062,0.0,0.7482769081002073,MTDR,-0.008579648178906685,0.0,0.7111972193192923,-0.06530994202539663,2.3811177304666695
2022-06-24,3911.739990234375,3913.64990234375,3821.75,3821.75,8120260000,187,117,119,479,18,461,-53288,0.03056329358583576,1.480474765011111,PPC,0.0030681128161431704,0.000572274447397015,1.0153405640807158,BMY,0.0006642462752533622,7.59746704187105e-05,1.0033212313762667,KRO,0.011460827986131131,0.0009193399954224208,1.0573041399306558,CHEF,0.016135380282995944,0.0009702342150506682,1.0806769014149797,UTHR,-0.001907563085887774,0.0007569776926371684,0.9904621845705611,0.03271580529556181,2.4590179145224274
2022-06-27,3900.110107421875,3927.719970703125,3889.659912109375,3920.760009765625,4325310000,187,115,123,237,260,-23,-53311,-0.0029730715337762392,1.4760732076307823,PPC,0.0068876710996715225,0.0,1.0503072233784305,BMY,0.0025836443994656567,0.0,1.0162823577778182,KRO,-0.0025450810018892824,0.0,1.0438495165318737,CHEF,0.008637533363890127,0.0,1.1273488153727662,UTHR,0.0018330215269938945,0.0,0.9995398771005173,0.01739678938813192,2.5017969312830175
2022-06-28,3821.550048828125,3945.860107421875,3820.139892578125,3913.0,4270120000,116,82,115,66,431,-365,-53676,-0.020143036075892073,1.4463406117588178,PPC,-0.004729310786027053,0.0,1.0254710769776019,BMY,-0.003200814287862475,0.0,1.0000177023214292,KRO,0.00590760744811325,0.0,1.0746827824247394,CHEF,-0.0029078369934245844,0.0,1.1109580824235947,UTHR,-0.005905279203125957,0.0,0.9700270668558335,-0.010835633822326819,2.4746883758378138
2022-06-29,3818.830078125,3836.5,3799.02001953125,3825.090087890625,4211240000,130,80,115,206,291,-85,-53761,-0.0007117454091590814,1.445311185468318,PPC,0.002294459018352413,0.0,1.0372355837807559,BMY,-0.0010673755392927255,0.0,0.9946807301498412,KRO,-0.007303088148758108,0.0,1.035440266964737,CHEF,-0.005051273287514358,0.0,1.0828993179971222,UTHR,0.0036492512910994094,0.0,0.9877264294864586,-0.00747802666611337,2.4561825901729777
2022-06-30,3785.3798828125,3818.989990234375,3738.669921875,3785.989990234375,4840070000,142,78,112,163,334,-171,-53932,-0.008759278267998716,1.43265130261095,PPC,-0.0032136120514147716,0.0,1.0205692199197856,BMY,-0.001903740312193869,0.0,0.9852126611310977,KRO,-0.0007579542818664909,0.0,1.0315161850449224,CHEF,-0.00046177605769528454,0.0,1.080399033107394,UTHR,-0.002224175560156505,0.0,0.9767420445635364,-0.008561258263326921,2.4351545766766196
2022-07-01,3825.330078125,3829.820068359375,3752.10009765625,3781.0,4046950000,220,131,127,423,74,349,-53583,0.010553814029047315,1.4477712380271783,PPC,0.0015369822262954803,0.0,1.0284122036783903,BMY,-0.00041561695198375496,0.0,0.9831653057147222,KRO,-0.001956525022705402,0.0,1.0214252489080924,CHEF,0.00035998815079874014,0.0,1.0823436873576595,UTHR,0.002003056031628248,0.0,0.9865243897820759,0.0015278844340333112,2.438875211448789
2022-07-05,3831.389892578125,3832.18994140625,3742.06005859375,3792.610107421875,5076590000,220,119,108,214,283,-69,-53652,0.0015841285142366157,1.4500646937274289,PPC,-0.0016523688246253166,0.0,1.0199156223572783,BMY,-0.0022904465925658313,0.0,0.971905867592706,KRO,-0.009330433578681574,0.0,0.9737735467054661,CHEF,0.006878851047622048,0.0,1.1195700923959961,UTHR,-0.0007142908432904217,0.0,0.9830010630905559,-0.007108688791541097,2.4215380065691954
2022-07-06,3845.080078125,3870.909912109375,3809.3701171875,3831.97998046875,4417720000,252,138,105,273,224,49,-53603,0.0035731642904301975,1.4552460131098692,PPC,-0.006087785219214936,0.0,0.9888704861041131,BMY,0.0006845611260672513,0.0,0.9752325124684592,KRO,-0.004029923293688765,0.0,0.9541523832122347,CHEF,-0.005657565316279589,0.0,1.0878998877765784,UTHR,0.0040059035397431945,0.0,1.002690100281585,-0.011084809163372844,2.3946957198845213
2022-07-07,3902.6201171875,3910.6298828125,3858.85009765625,3858.85009765625,4057770000,340,154,115,396,101,295,-53308,0.014964587965241805,1.4770231700841192,PPC,0.002974215810886305,0.0,1.0035760572775616,BMY,-0.002833920930698031,0.0,0.9614138533215513,KRO,0.0038777735572241403,0.0,0.9726523176181487,CHEF,0.0003064421528335526,0.0,1.0895667796949666,UTHR,-0.0014055369914310002,0.0,0.9956435101471478,0.0029189735988149664,2.4016857734680594
2022-07-08,3899.3798828125,3918.5,3869.340087890625,3888.260009765625,3521620000,329,148,113,166,331,-165,-53473,-0.000830271529819071,1.4757968397971153,PPC,-0.003345225098545771,-0.0003262641753086335,0.9832738745072711,OTTR,-0.0028977878953119415,-0.00023145533530483152,0.9855110605234403,UTHR,0.0035686028034794164,0.00014425350841662906,1.017843014017397,POST,-0.0020533195688954595,-0.0002743391489470937,0.9897334021555227,SQM,-0.005441129100713094,-0.000131499259897895,0.9727943544964345,-0.010988163271028674,2.3752956580634854
2022-07-11,3854.429931640625,3880.93994140625,3847.219970703125,3880.93994140625,3423480000,299,138,109,135,362,-227,-53700,-0.011527461422777274,1.4587846486584974,PPC,-0.0029990053949174424,0.0,0.9685296562356277,OTTR,0.0015643951672679624,0.0,0.9932197042253003,UTHR,-0.0019494654549374602,0.0,1.0079217650455154,POST,-0.001176483734003231,0.0,0.9839113759123445,SQM,-0.008810278337957977,0.0,0.9299414093528957,-0.013370837754548148,2.3435359652004357
2022-07-12,3818.800048828125,3873.409912109375,3802.360107421875,3851.949951171875,3817210000,275,116,104,164,333,-169,-53869,-0.009243878717321574,1.4452998202916076,PPC,0.003924221476216916,0.0,0.9875332806223919,OTTR,-0.0015224148989096743,0.0,0.9856592418472839,UTHR,-0.00171222310509771,0.0,0.9992928303743065,POST,0.00246348098667486,0.0,0.9960306107480102,SQM,-0.00326558537105055,0.0,0.914757394041311,-0.00011252091216615821,2.3432722683959373
2022-07-13,3801.780029296875,3829.43994140625,3759.070068359375,3779.669921875,4109390000,237,102,99,162,335,-173,-54042,-0.0044569025122100925,1.4388582598916533,PPC,0.0005308555097949252,0.0,0.9901544680380131,OTTR,-0.00024061211974530928,0.0,0.9844734340496468,UTHR,-0.002411145815895188,0.0,0.9872456267402512,POST,-0.0002624373325751606,0.0,0.9947236326647707,SQM,0.00440182773276816,0.0,0.9348904163705398,0.002018487974347427,2.3480021352903164
2022-07-14,3790.3798828125,3796.409912109375,3721.56005859375,3763.989990234375,4199690000,193,100,93,149,348,-199,-54241,-0.00299863390215227,1.4345436507331504,PPC,0.0006618159082851793,0.0,0.9934309679310491,OTTR,-0.0011444474902893244,0.0,0.9788400432953737,UTHR,0.00025334885735617263,0.0,0.9884962144975737,POST,-0.0003105706663089514,0.0,0.993178972757821,SQM,-0.004258922691482115,0.0,0.9149822863288916,-0.0047987760824390385,2.336734598801969
2022-07-15,3863.159912109375,3863.6201171875,3817.179931640625,3818.0,4143800000,325,147,99,462,35,427,-53814,0.01920124935943668,1.4620886810878742,PPC,6.596457112459931e-05,0.0,0.9937586241697565,OTTR,0.002756355614565909,0.0,0.9923301995408693,UTHR,0.0024880840783519267,0.0,1.0007935229615865,POST,0.0006220891198020162,0.0,0.9962682019226649,SQM,0.009121092140017639,0.0,0.9567104750293407,0.01505358552386209,2.371910832931602
2022-07-18,3830.85009765625,3902.43994140625,3818.6298828125,3883.7900390625,4046870000,253,121,90,159,338,-179,-53993,-0.008363571580831342,1.4498603977460724,PPC,-0.0013188312788826153,0.0,0.9872056243836843,OTTR,-0.00256943793252753,0.0,0.9795815452594047,UTHR,-0.004973343198242919,0.0,0.9759070746602536,POST,-0.0011448914401285483,0.0,0.9905651072403973,SQM,0.0018575225139293662,0.0,0.965596031262736,-0.008148981335852247,2.3525821758237364
2022-07-19,3936.68994140625,3939.81005859375,3860.72998046875,3860.72998046875,4041070000,399,236,111,488,9,479,-53514,0.02762829164595959,1.4899175636609279,PPC,0.004845678525842923,0.0,1.0111240298570212,OTTR,0.0031477049377598657,0.0,0.994998713594162,UTHR,-0.002289528792091944,0.0,0.9647352379310492,POST,0.003334531231511617,0.0,1.007080458675091,SQM,0.007897470407705188,0.0,1.003724861676211,0.01693585631072765,2.392425169512666
2022-07-20,3959.89990234375,3974.1298828125,3922.030029296875,3935.320068359375,4185300000,383,259,106,334,163,171,-53343,0.005895806193263242,1.4987018288602116,PPC,0.0020090697330602315,0.0,1.0212811232807995,OTTR,-0.0024434179370264267,0.0,0.982842725073591,UTHR,-0.004580208236357408,0.0,0.9426417965176691,POST,-0.0016517332703971377,0.0,0.9987633171772887,SQM,-0.0010757316997662026,0.0,0.9983261684184683,-0.007742021410486944,2.373902962627311
2022-07-21,3998.949951171875,3999.2900390625,3927.639892578125,3955.469970703125,4132790000,390,297,118,367,130,237,-53106,0.00986137270919718,1.5134810861745576,PPC,0.003914023797616162,0.0,1.0412677163836854,OTTR,-0.0013876358533189137,0.0,0.9760235860561621,UTHR,6.190427092236384e-05,0.0,0.942933564283441,POST,0.0005234385607726822,0.0,1.0013772733437678,SQM,0.007300578756066001,0.0,1.0347679625023716,0.010412309532058295,2.398620775073257
2022-07-22,3961.6298828125,4012.43994140625,3938.860107421875,3998.429931640625,3979240000,380,290,115,181,316,-135,-53241,-0.00933246697634671,1.4993565739185082,SYY,-0.0007045807111517233,-0.00020346263592334394,0.9964770964442414,CALM,-0.0023214355315117003,0.00021491240332893394,0.9883928223424415,TPL,-0.0033530206909891704,-0.00048694408746537913,0.9832348965450541,AMPH,-0.0009195075778507319,0.00010698033484605309,0.9954024621107463,PPC,-1.0411787220030468e-05,0.0009199038402408536,0.9999479410638998,-0.006757566443696238,2.382411935812469
2022-07-25,3966.840087890625,3975.300048828125,3943.4599609375,3965.719970703125,3568340000,417,308,132,292,205,87,-53154,0.0013151670479691902,1.5013284782776817,SYY,0.002302575333219359,0.0,1.0079494143561942,CALM,0.010399654080617538,0.0,1.039787539583075,TPL,0.005805826357706812,0.0,1.011777351935946,AMPH,0.005116807603256213,0.0,1.0208688765428875,PPC,0.004356051894331925,0.0,1.0217270666784233,0.027980915269131847,2.4490740023246063
2022-07-26,3921.050048828125,3953.219970703125,3910.739990234375,3953.219970703125,3778950000,390,278,124,183,314,-131,-53285,-0.01154320266205866,1.4839983393906022,SYY,-0.003824309700583606,0.0,0.9886758607410945,CALM,-0.0061917153349283945,0.0,1.007597197313555,TPL,0.00038754127668827465,0.0,1.0137378793694138,AMPH,0.0013015068157198328,0.0,1.0275122155467715,PPC,0.0032746531447802154,0.0,1.038456075438451,-0.005052323798323678,2.436700487458806
2022-07-27,4023.610107421875,4039.56005859375,3951.429931640625,3951.429931640625,4112180000,428,346,144,426,71,355,-52930,0.026156273782937722,1.5228142062491277,SYY,0.00044098124771410065,0.0,0.9908557983143665,CALM,-0.0025775946954269104,0.0,0.9946113113589427,TPL,0.006266086596123666,0.0,1.0454987260589115,AMPH,0.00043104436075815935,0.0,1.0297267322773793,PPC,-0.0009726434042032217,0.0,1.0334058381768012,0.0035878741049657943,2.445443062039317
2022-07-28,4072.429931640625,4078.949951171875,3992.969970703125,4026.1298828125,4413000000,426,381,177,410,87,323,-52607,0.012133338697180918,1.541291026786427,SYY,0.0021071872509990097,0.0,1.001295391843299,CALM,-0.0063626055071232205,0.0,0.9629697143234454,TPL,0.00017173314907195094,0.0,1.0463964600017954,AMPH,0.00037634243757302956,0.0,1.0316643816196762,PPC,-0.0015882841960968676,0.0,1.025199127372149,-0.005295626865576098,2.432492908061745
2022-07-29,4130.2900390625,4140.14990234375,4079.219970703125,4087.330078125,4616360000,437,394,189,393,104,289,-52318,0.014207760082581844,1.563189319912445,SYY,-0.005453725876413041,0.0,0.9739914389011542,CALM,-0.003048131445568614,0.0,0.9482934229866478,TPL,0.00036708552436581776,0.0,1.048317044967867,AMPH,0.0006439438176061075,0.0,1.0349860511216182,PPC,-0.0068349674793530164,0.0,0.9901631138949004,-0.014325795459362746,2.3976455122045017
2022-08-01,4118.6298828125,4144.9501953125,4096.02001953125,4112.3798828125,4202810000,432,391,186,224,273,-49,-52367,-0.0028230841271976725,1.5587763049555952,SYY,0.0025913022636916863,0.0,0.9866109700033586,CALM,-0.0021913482130403897,0.0,0.937903217497149,TPL,-0.0012988909369883396,0.0,1.041508797423871,AMPH,-0.0021395973132451117,0.0,1.0239137842504884,PPC,-0.0043353540770411985,0.0,0.9686995754311001,-0.007373888276623353,2.3799655420705585
2022-08-02,4091.18994140625,4140.47021484375,4079.81005859375,4104.2099609375,4727710000,409,372,172,123,374,-251,-52618,-0.006662395550704803,1.548391120636915,SYY,-0.0013720541370802364,0.0,0.9798425516879493,CALM,0.005816039633259474,0.0,0.965177628922774,TPL,3.619465635442687e-05,0.0,1.0416972826889355,AMPH,0.0021086746253135224,0.0,1.0347092893272771,PPC,0.002215706397336703,0.0,0.9794313446630003,0.00880456117518389,2.4009200942805484
2022-08-03,4155.169921875,4167.66015625,4107.9599609375,4107.9599609375,4351760000,418,384,190,391,106,285,-52333,0.015638477163140152,1.5726055998166044,SYY,0.0023181828665945316,0.0,0.9911998227643657,CALM,-0.0006151661653215346,0.0,0.9622089058185813,TPL,-0.005801538077464308,0.0,1.0114800504353807,AMPH,-0.00048154173363392785,0.0,1.0322180108023282,PPC,-0.0010312590645927377,0.0,0.9743811074013504,-0.005611322174417977,2.3874477581165063
2022-08-04,4151.93994140625,4161.2900390625,4135.419921875,4154.85009765625,4283320000,397,373,191,236,261,-25,-52358,-0.0007773401640558397,1.5713831503216478,SYY,-0.0002546182874405556,0.0,0.9899379347574475,CALM,-0.0025453050812094704,0.0,0.9499633297327561,TPL,-0.014452317248841396,0.0,0.9383888975365496,AMPH,-0.0017699212815909472,0.0,1.0230832876795257,PPC,-0.005701334915396705,0.0,0.9466047422586993,-0.024723496814479072,2.3284217010739776
2022-08-05,4145.18994140625,4151.580078125,4107.31005859375,4115.8701171875,4085940000,402,369,193,280,217,63,-52295,-0.0016257460597355333,1.5688284803566774,PAA,0.006245356772075055,-0.00040584434877097975,1.0312267838603753,STNG,0.00567360613893912,-8.782279359668738e-06,1.0283680306946956,EQNR,0.00637518423370735,6.784653407891071e-05,1.0318759211685367,SYY,0.0015528331317805264,-0.0004184074505498188,1.0077641656589027,CALM,0.0022177623764817497,-0.0002798403551090146,1.0110888118824088,0.02101971475327323,2.3773644610558837
2022-08-08,4140.06005859375,4186.6201171875,4128.97021484375,4155.93017578125,4221090000,411,383,196,313,184,129,-52166,-0.0012375507238541195,1.566886975535209,PAA,-0.0017856818555125776,0.0,1.022019569076085,STNG,0.0037225407913336287,0.0,1.0475087404085177,EQNR,0.0003295737096368878,0.0,1.0335763170446592,SYY,0.0011362137806126605,0.0,1.013489343322049,CALM,0.0005399142237547228,0.0,1.0138183180374818,0.003942560649825322,2.386737364630336
2022-08-09,4122.47021484375,4137.2998046875,4112.08984375,4133.10986328125,3913090000,395,379,184,222,275,-53,-52219,-0.004248692893594086,1.5602297539771874,PAA,0.002522512947547151,0.0,1.0349098570542898,STNG,0.014918702649178474,0.0,1.1256460975113685,EQNR,0.003838749344937087,0.0,1.0534145190946476,SYY,-0.010145240974778159,0.0,0.9620788752551898,CALM,0.0005769232877005593,0.0,1.016742795023348,0.011711647254585112,2.414689990734224
2022-08-10,4210.240234375,4211.02978515625,4177.259765625,4181.02001953125,4546010000,435,429,218,461,36,425,-51794,0.021290637641290244,1.5934480403062752,PAA,0.0007117468491107282,0.0,1.03859282620365,STNG,-0.0033154710346044117,0.0,1.1069858623537963,EQNR,0.0013990211579848922,0.0,1.0607832650963571,SYY,-0.0015059590613778042,0.0,0.9548346182554361,CALM,-0.004410350748037239,0.0,0.9943218332903846,-0.007121012836923835,2.3974949523130142
2022-08-11,4207.27001953125,4257.91015625,4201.41015625,4227.39990234375,4630200000,439,439,222,291,206,85,-51709,-0.0007054739583503,1.5923239042098547,PAA,0.004964560392691242,0.0,1.0643736102491694,STNG,0.0006173139396240313,0.0,1.110402651372785,EQNR,0.00712934055034169,0.0,1.0985966908312337,SYY,0.0013215956486746006,0.0,0.9611441446388874,CALM,0.005529420543162767,0.0,1.0218119511479402,0.01956223107449433,2.4443953025700953
2022-08-12,4280.14990234375,4280.47021484375,4219.77978515625,4225.02001953125,3788010000,462,462,253,471,26,445,-51264,0.017322368774566943,1.619906726087136,PAA,0.0017301110784294416,0.0,1.0735810331225695,STNG,-4.734390286278423e-05,0.0,1.110139797396459,EQNR,-0.002033892747407129,0.0,1.087424551622198,SYY,0.006102623582946798,0.0,0.9904716492573099,CALM,0.008891444533077797,0.0,1.0672388725822797,0.014642942544184124,2.4801884425409026
2022-08-15,4297.14013671875,4301.7900390625,4256.89990234375,4269.3701171875,3696830000,456,457,256,298,199,99,-51165,0.0039695418998517695,1.6263370137101907,PAA,-0.0015437554041421331,0.0,1.0652943005142321,STNG,-0.007386364863257411,0.0,1.0691403094324945,EQNR,-0.004373014094361772,0.0,1.0636479371682035,SYY,0.0009201392325759006,0.0,0.995028508373489,CALM,0.0019363877087506865,0.0,1.077571813758126,-0.01044660742043473,2.4542788875529786
2022-08-16,4305.2001953125,4325.27978515625,4277.77001953125,4290.4599609375,4329820000,458,463,268,311,186,125,-51040,0.0018756797165810912,1.6293875010591319,PAA,0.002420003539467608,0.0,1.0781843804033278,STNG,-0.007030491145499251,0.0,1.031557402038687,EQNR,0.0007540952018572967,0.0,1.0676583961976234,SYY,0.0026772923931759787,0.0,1.0083484196557968,CALM,-0.0015197934624195941,0.0,1.06938338076894,-0.002698893473417962,2.4476550502814143
2022-08-17,4274.0400390625,4302.18017578125,4253.080078125,4280.39990234375,3885030000,434,460,253,111,386,-275,-51315,-0.007237794954094601,1.6175943284257013,PAA,-0.0034158412879709667,0.0,1.0597698467901924,STNG,0.0008152997575944899,0.0,1.0357625445378218,EQNR,0.0023074785786258547,0.0,1.0799763905902036,SYY,-0.001691788035287689,0.0,0.9998188606969222,CALM,0.0015678949141609611,0.0,1.0777667845889194,-0.00041695607287735,2.4466344856438904
2022-08-18,4283.740234375,4292.52978515625,4261.97998046875,4273.1298828125,3340330000,442,460,261,315,182,133,-51182,0.002269561170191503,1.6212655577026183,PAA,0.006776715387437582,0.0,1.0956786399296197,STNG,0.0015731834706858461,0.0,1.0439097671109339,EQNR,0.0017506535148545943,0.0,1.0894297129109372,SYY,0.0017529658536030723,0.0,1.0085821023098722,CALM,0.002822001501467941,0.0,1.0929740820106304,0.014675519728049036,2.4825401183052827
2022-08-19,4228.47998046875,4266.31005859375,4218.7001953125,4266.31005859375,3761340000,388,448,237,80,417,-337,-51519,-0.012900001139847905,1.6003512301602583,MNTK,0.0007120081353042841,-0.0005101191192623747,1.0035600406765215,CELH,-0.0042237085460836805,-0.0008649497419798161,0.9788814572695816,PAA,-0.0012191960836599686,0.00024370547497072783,0.9939040195817002,SCHL,0.003186636374094127,-0.00025758229413608643,1.0159331818704707,EQNR,0.0005305367866453807,-0.0001611750077822804,1.0026526839332268,-0.002563844021889688,2.4761752726638644
2022-08-22,4137.990234375,4195.080078125,4129.85986328125,4195.080078125,3907430000,223,411,199,23,474,-451,-51970,-0.0214000649197158,1.5661036099404817,MNTK,-0.010562183679075021,0.0,0.9505611132634944,CELH,0.010805864154151967,0.0,1.0317697575209488,PAA,-0.0011965767389391592,0.0,0.9879576074288522,SCHL,-0.00043859683992963916,0.0,1.0137052564547304,EQNR,0.007075960372768187,0.0,1.0381263372290328,0.005684467268976335,2.490251009953571
2022-08-23,4128.72998046875,4159.77001953125,4124.02978515625,4133.08984375,3823520000,196,403,200,188,309,-121,-52091,-0.0022378626777133093,1.5625988851223638,MNTK,0.009832130453496159,0.0,0.9972913176116304,CELH,0.01824501382703523,0.0,1.1258930249823813,PAA,0.009286329747479671,0.0,1.0338301080244292,SCHL,-0.0026812942581940337,0.0,1.0001150460365644,EQNR,0.005628135519363209,0.0,1.0673399157897585,0.040310315289180235,2.590633813313999
2022-08-24,4140.77001953125,4156.56005859375,4119.97021484375,4126.5498046875,3583630000,204,410,206,355,142,213,-51878,0.0029161604463010526,1.5671556741845918,MNTK,0.009371425083705365,0.0,1.0440215219597664,CELH,0.0008846493465103578,0.0,1.1308731276263375,PAA,0.0016433738989460878,0.0,1.042324955101789,SCHL,0.0015593953123380633,0.0,1.0079129196095054,EQNR,0.004985341715260861,0.0,1.093945186822507,0.018444185356760734,2.638415943558254
2022-08-25,4199.1201171875,4200.5400390625,4147.58984375,4153.259765625,3566870000,288,428,228,461,36,425,-51453,0.014091605518061545,1.5892394137305927,MNTK,0.002510912074974625,0.0,1.0571287531898772,CELH,0.004509419503154666,0.0,1.1563710343128961,PAA,0.0013040176035100438,0.0,1.0491210055519418,SCHL,0.006144980991599569,0.0,1.0388809482704455,EQNR,-0.0006676325744820133,0.0,1.0902934196154044,0.013801697598756891,2.674830562550984
2022-08-26,4057.659912109375,4203.0400390625,4057.659912109375,4198.740234375,3832750000,105,340,187,10,487,-477,-51930,-0.03368805871951874,1.535701023041463,MNTK,-0.013477089503083729,0.0,0.9858936590747608,CELH,-0.009285110960867015,0.0,1.102685867485257,PAA,-0.0014575235294149503,0.0,1.0414754127979646,SCHL,0.0010722631262045645,0.0,1.0444507169371797,EQNR,-0.0011961550466181193,0.0,1.083772619734567,-0.02434361591377925,2.6097155147018047
2022-08-29,4030.610107421875,4062.989990234375,4017.419921875,4034.580078125,3396510000,95,309,180,135,362,-227,-52157,-0.006666355799502699,1.5254634936202083,MNTK,0.006127175838367949,0.0,1.016097378110176,CELH,-0.010351368055383992,0.0,1.0456143311662056,PAA,0.0001631420758252844,0.0,1.0423249551017888,SCHL,-0.0007678842463003877,0.0,1.0404406306793137,EQNR,-0.002743676549504315,0.0,1.068905012125764,-0.007572610936995462,2.589953154452727
2022-08-30,3986.159912109375,4044.97998046875,3965.2099609375,4041.25,3835860000,48,265,162,60,437,-377,-52534,-0.011028155571448206,1.5086404448939998,MNTK,-0.004823334907635868,0.0,0.9915924883431956,CELH,-0.001047802686320254,0.0,1.040136343640951,PAA,-0.007171977095102178,0.0,1.0049473015835717,SCHL,-0.0013333944032524415,0.0,1.0335040421099926,EQNR,-0.007857494715401137,0.0,1.026910434705544,-0.02223400380771188,2.5323681261548296
2022-08-31,3955.0,4015.3701171875,3954.530029296875,4000.669921875,4542490000,32,230,155,94,403,-309,-52843,-0.007817025105971265,1.4968473646603797,MNTK,0.004022992978654916,0.0,1.0115383364346537,CELH,-0.001800260881009841,0.0,1.0307737597890838,PAA,-0.001352480563405223,0.0,0.9981514431203802,SCHL,-0.0012123678260211879,0.0,1.0272391068664075,EQNR,-0.002946402429433892,0.0,1.0117819777074069,-0.003288518721215228,2.5240403861629606
2022-09-01,3966.85009765625,3970.22998046875,3903.64990234375,3936.72998046875,4152250000,36,234,161,286,211,75,-52768,0.0029962320243361873,1.5013322666699183,MNTK,-0.015436629174460826,0.0,0.93346462545819,CELH,-0.008309987709958567,0.0,0.9879451734111084,PAA,-0.0025532122787231826,0.0,0.9854089805173791,SCHL,0.005619696861019596,0.0,1.0561029687882761,EQNR,-0.005620016023752817,0.0,0.9833508230711071,-0.026300148325875797,2.457657749626374
2022-09-02,3924.260009765625,4018.429931640625,3906.2099609375,3994.659912109375,3665850000,31,190,148,86,411,-325,-53093,-0.010736500458081055,1.4852132121010848,MTDR,-0.00549803824216326,0.0007162671252377029,0.9725098087891837,CELH,-0.00937875361033667,0.0006891860422454162,0.9531062319483167,MNTK,0.006982955477961491,0.0007523132584585556,1.0349147773898075,PAA,-3.090351835261631e-05,0.0001716543767512201,0.9998454824082369,SCHL,-0.00036823414681911746,0.00033098151412347886,0.9981588292659044,-0.005632571722893798,2.443814816081278
2022-09-06,3908.18994140625,3942.550048828125,3886.75,3930.889892578125,4127340000,27,184,147,192,305,-113,-53206,-0.004095056983834944,1.4791311793643864,MTDR,-0.0034949580252059635,0.0,0.9555154039850873,CELH,-0.005271895169455343,0.0,0.9279828512473861,MNTK,0.0008097130262307407,0.0,1.0391046972712636,PAA,-0.003040496625138123,0.0,0.9846453483336277,SCHL,-0.0035435772113136424,0.0,0.9804735648626136,-0.014541214004882331,2.408278781852338
2022-09-07,3979.8701171875,3987.889892578125,3906.030029296875,3909.429931640625,3890320000,89,260,179,471,26,445,-52761,0.018341016392734,1.5062599485721127,MTDR,-0.004568427712438816,0.0,0.933689388728949,CELH,0.010893197236218823,0.0,0.9785263523997185,MNTK,0.0038018423053427955,0.0,1.0588572582600952,PAA,-0.0017152730142073747,0.0,0.9762006703608203,SCHL,-0.0023190813866980522,0.0,0.9691045748905017,0.006092257428217375,2.422950636150296
2022-09-08,4006.179931640625,4010.5,3944.81005859375,3959.93994140625,3966850000,151,290,189,377,120,257,-52504,0.006610721877456038,1.5162174141672742,MTDR,0.0016416827645686638,0.0,0.9413534976136338,CELH,0.012230869203847262,0.0,1.038367491543312,MNTK,0.007914062571599744,0.0,1.10075657124141,PAA,0.00155707064501307,0.0,0.9838007373981248,SCHL,-0.0011731524865574716,0.0,0.9634200376816666,0.02217053269847127,2.4766687424558484
2022-09-09,4067.360107421875,4076.81005859375,4022.93994140625,4022.93994140625,3901940000,239,339,211,446,51,395,-52109,0.015271449816332883,1.5393722523183797,MTDR,0.006442451237095571,0.0,0.9716766176398598,CELH,0.0018098846084916966,0.0,1.047764118247824,MNTK,-0.0019575890282748534,0.0,1.089982426308092,PAA,0.00515021742308135,0.0,1.0091346758910653,SCHL,-0.002403834733820154,0.0,0.9518405249324791,0.009041129506573608,2.4990606253012744
2022-09-12,4110.41015625,4119.27978515625,4083.669921875,4083.669921875,3814200000,340,372,219,420,77,343,-51766,0.0105842727693497,1.5556653881304856,MTDR,0.0039095120756268645,0.0,0.9906705249911963,CELH,0.002699889426720503,0.0,1.061908354570596,MNTK,0.021416813409970814,0.0,1.2067021775300304,PAA,0.002677816876935646,0.0,1.0226460652220757,SCHL,-0.00044240207309544923,0.0,0.9497350438250471,0.030261629716158377,2.574686272582373
2022-09-13,3932.68994140625,4037.1201171875,3921.280029296875,4037.1201171875,4224550000,91,207,171,5,492,-487,-52253,-0.0432366134006168,1.4884036851631672,MTDR,-0.0038345558633644085,0.0,0.9716766176398599,CELH,-0.014083460004306448,0.0,0.9871316353714268,MNTK,-0.012301585124042936,0.0,1.1324804297487623,PAA,-0.00379850211324424,0.0,1.0032234490228409,SCHL,-0.0035911822777746406,0.0,0.932681685535217,-0.03760928538273268,2.4778541617858183
2022-09-14,3946.010009765625,3961.93994140625,3912.179931640625,3940.72998046875,4293240000,116,201,168,234,263,-29,-52282,0.0033870120853238816,1.4934449264326555,MTDR,0.01100824413916155,0.0,1.0251588847963313,CELH,0.008356709821289821,0.0,1.0283774985324983,MNTK,0.014799150241911675,0.0,1.2162791698781454,PAA,0.00808078559816594,0.0,1.0437576170158716,SCHL,-0.0035214679455948697,0.0,0.9162596422399387,0.03872342185493412,2.5738051537876547
2022-09-15,3901.35009765625,3959.139892578125,3888.280029296875,3932.409912109375,4441830000,111,172,159,135,362,-227,-52509,-0.011317739184353415,1.476542506269095,MTDR,-0.009621317813855446,0.0,0.9758419875947157,CELH,-0.004558990788920281,0.0,1.0049356808157857,MNTK,-0.013681096560276919,0.0,1.1330790060413636,PAA,-0.0012944857776614916,0.0,1.037001970063107,SCHL,-0.007031234159424172,0.0,0.8840474617628425,-0.03618712510013831,2.4806665447041603
2022-09-16,3873.330078125,3880.949951171875,3837.080078125,3880.949951171875,7954650000,78,136,148,139,358,-219,-52728,-0.007182134089448455,1.4659377800003,MTDR,-0.007552128857144709,0.000232908310308311,0.9622393557142764,MNTK,-0.0016007839161445306,-0.0009249408917199712,0.9919960804192773,PAA,-0.005931763863469361,-0.0008632633575864544,0.9703411806826532,HES,-0.002745748215732471,-0.0003003319691369487,0.9862712589213376,YPF,0.009100207596667007,4.56476174511178e-05,1.045501037983335,-0.01054019754650801,2.454519829275965
2022-09-19,3899.889892578125,3900.449951171875,3838.5,3849.909912109375,3766850000,117,165,155,381,116,265,-52463,0.006857100716286535,1.4759898630015715,MTDR,-0.0016197027961122102,0.0,0.9544466468393783,MNTK,0.0017381841253475195,0.0,1.0006174396162362,PAA,0.0011814303019345386,0.0,0.9760731330530203,HES,-0.0022525564453914626,0.0,0.9751631005153996,YPF,0.006886664424095291,0.0,1.0815011120015077,0.005934019609873676,2.4690849980757124
2022-09-20,3855.929931640625,3876.010009765625,3827.5400390625,3875.22998046875,4058050000,67,121,141,34,463,-429,-52892,-0.011272103097361819,1.4593523530951569,MTDR,-0.0033724009543309123,0.0,0.938352762926083,MNTK,-0.006246633637454613,0.0,0.9693649868335837,PAA,-0.0006711060100447864,0.0,0.9727978903238447,HES,-0.001596389002015397,0.0,0.9673794022712294,YPF,-0.0013869678355151295,0.0,1.074001075719408,-0.013273497439360838,2.4363116046761903
2022-09-21,3789.929931640625,3907.070068359375,3789.489990234375,3871.39990234375,4078330000,34,83,127,30,467,-437,-53329,-0.017116493600784488,1.4343733578821138,MTDR,-0.003682973789255417,0.0,0.9210731197714223,MNTK,-0.002112290566703079,0.0,0.9591270842466796,PAA,-0.0021885710682067573,0.0,0.962152703733968,HES,-0.004006373776462557,0.0,0.948000984925482,YPF,-0.009497197849064776,0.0,1.02300107218833,-0.021487407049692587,2.3839615855266234
2022-09-22,3757.989990234375,3790.89990234375,3749.449951171875,3782.360107421875,4284600000,27,58,106,88,409,-321,-53650,-0.00842758097968943,1.4222850602534534,MTDR,-0.002427797472731008,0.0,0.9098922248095146,MNTK,0.0028089888844431868,0.0,0.9725979708387662,PAA,-0.0054467938762374326,0.0,0.9359494664604506,HES,-0.004310648325310674,0.0,0.9275684906351725,YPF,0.00293254844913613,0.0,1.0380010732268825,-0.006443702340699799,2.368600046677827
2022-09-23,3693.22998046875,3727.139892578125,3647.469970703125,3727.139892578125,5144270000,14,25,82,63,434,-371,-54021,-0.017232619015461026,1.3977753636787236,MTDR,-0.01608639943767398,0.0,0.836707775941916,MNTK,-0.011191117609129409,0.0,0.91817567944848,PAA,-0.01364829334049107,0.0,0.872078902109809,HES,-0.017132865357536553,0.0,0.8481089603354435,YPF,-0.01994219796569694,0.0,0.9345009587724006,-0.07800087371052795,2.1838471735661593
2022-09-26,3655.0400390625,3715.669921875,3644.760009765625,3682.719970703125,4886140000,9,16,67,48,449,-401,-54422,-0.010340526208282075,1.3833216308973126,MTDR,-0.016116629412202068,0.0,0.7692832301860977,MNTK,0.001291064519869778,0.0,0.9241027996621963,PAA,-0.008826254735308181,0.0,0.8335929494132637,HES,-0.0073804999097988105,0.0,0.8168116198091669,YPF,0.00064205396036221,0.0,0.9375009589801111,-0.030390265577077073,2.1174794779817345
2022-09-27,3647.2900390625,3717.530029296875,3623.2900390625,3686.43994140625,4577740000,11,17,61,200,297,-97,-54519,-0.0021203598092424114,1.3803884913079023,MTDR,0.0012331915431755824,0.0,0.7740265980549591,MNTK,0.010612243354558083,0.0,0.9731368186354147,PAA,0.000589337881798091,0.0,0.8360492889287089,HES,0.0006948724521798066,0.0,0.8196495192752957,YPF,-0.001279998779296876,0.0,0.9315009585646902,0.011849646452414687,2.1425708611660617
2022-09-28,3719.0400390625,3736.739990234375,3640.610107421875,3651.93994140625,4684850000,43,41,84,483,14,469,-54050,0.019672139926234733,1.4075436868614755,MTDR,0.014094991491714294,0.0,0.8285760896246851,MNTK,0.0034330164170338854,0.0,0.9898407920073922,PAA,0.007835467555034148,0.0,0.8688034743177603,HES,0.014264516329414702,0.0,0.8781090390357925,YPF,0.005797095885118031,0.0,0.9585009604340845,0.04542508767831506,2.2398973303915333
2022-09-29,3640.469970703125,3687.010009765625,3610.39990234375,3687.010009765625,4681810000,23,31,70,41,456,-415,-54465,-0.021126437880238824,1.3778073025972741,MTDR,0.0010223237245574168,0.0,0.8328114545948068,MNTK,-0.008600989433164452,0.0,0.9472727410445386,PAA,-0.0013195262383831619,0.0,0.8630714294159566,HES,0.0015512495891357504,0.0,0.8849198704658958,YPF,-0.0053208162706094965,0.0,0.933000922905722,-0.012667758628463945,2.2115228516575924
2022-09-30,3585.6201171875,3671.43994140625,3584.1298828125,3633.47998046875,5645360000,12,19,65,87,410,-323,-54788,-0.015066695771983274,1.3570482991366242,MNTK,-0.0006569975702352366,-0.0005846142732701423,0.9967150121488239,CALM,-0.01158790511224464,-0.00026730462234767947,0.9420604744387768,YPF,0.0027384430690501962,-0.00022956222606090274,1.013692215345251,COP,-0.0003753621503304239,-0.0004610538078228679,0.9981231892483479,ALTM,0.0014432892575365847,-0.0006824431388918605,1.007216446287683,-0.010663510574616973,2.1879402543429345
2022-10-03,3678.429931640625,3698.35009765625,3604.929931640625,3609.780029296875,4806680000,72,42,87,485,12,473,-54315,0.025883894952576147,1.3921739947570486,MNTK,0.006766056588538661,0.0,1.0304341630230485,CALM,-0.0020147631206532957,0.0,0.9325703309321549,YPF,0.019645736868511367,0.0,1.1132658679869067,COP,0.014911086969502652,0.0,1.0725386976541451,ALTM,-6.525029018635831e-05,0.0,1.0068878404606791,0.03924286701571303,2.2738013027824397
2022-10-04,3790.929931640625,3791.919921875,3726.4599609375,3726.4599609375,5146580000,249,105,122,491,6,485,-53830,0.030583700679551518,1.4347518275065536,MNTK,-0.02373821699194736,0.0,0.9081308142342646,CALM,0.0007268977915898756,0.0,0.935959747502439,YPF,0.0032257963023027084,0.0,1.1312217125890667,COP,0.010275542258833027,0.0,1.1276432812140396,ALTM,0.003002597758165182,0.0,1.0220042363231343,-0.006507382881056567,2.2590048071097892
2022-10-05,3783.280029296875,3806.909912109375,3722.659912109375,3753.25,4293180000,241,112,123,182,315,-133,-53963,-0.002017948757084831,1.4318565718395115,MNTK,-0.009314042905020359,0.0,0.8658389673985195,CALM,0.0023175700814544787,0.0,0.9468055090437257,YPF,0.013564221606668793,0.0,1.207942422568234,COP,0.0005362072374195392,0.0,1.130666533657112,ALTM,-0.00906752235074273,0.0,0.9756690050460655,-0.001963566330220278,2.2545691013307425
2022-10-06,3744.52001953125,3797.929931640625,3739.219970703125,3771.969970703125,4252100000,205,92,110,95,402,-307,-54270,-0.010245080846639998,1.4171870855002229,MNTK,-0.005808575464848542,0.0,0.8406925124858153,CALM,-0.00658671000355473,0.0,0.9156238424545305,YPF,-0.0051351366154549945,0.0,1.1769276757507763,COP,0.0029673127143247328,0.0,1.147441739562023,ALTM,-6.736010374506219e-05,0.0,0.9753403992190618,-0.014630469473278597,2.221583696918326
2022-10-07,3639.659912109375,3706.739990234375,3620.72998046875,3706.739990234375,4449660000,100,57,91,26,471,-445,-54715,-0.028003617786773516,1.3775007200255232,MNTK,-0.004622707705046625,0.0,0.8212611337105994,CALM,-0.0014806539402082654,0.0,0.9088452322041359,YPF,-0.000554784488784943,0.0,1.1736629696561351,COP,0.001461958827115373,0.0,1.1558293024607897,ALTM,-0.002358490711904393,0.0,0.9638387428565454,-0.007554678018828854,2.2048003473962288
2022-10-10,3612.389892578125,3652.169921875,3588.10009765625,3647.510009765625,3834320000,116,64,87,188,309,-121,-54836,-0.00749246363390188,1.3671798459750584,MNTK,0.0029227562953289877,0.0,0.8332628644539077,CALM,0.005705750237765495,0.0,0.9347734517028399,YPF,-0.00862308596140351,0.0,1.1230599862708304,COP,-0.00288580240496239,0.0,1.139151827556953,ALTM,0.004159556694472366,0.0,0.9838844523327492,0.0012791748612009492,2.207620672574585
2022-10-11,3588.840087890625,3640.659912109375,3568.449951171875,3595.860107421875,4759030000,122,62,89,199,298,-99,-54935,-0.006519175777754405,1.3582669602393438,MNTK,-0.0005486963245862952,0.0,0.8309768230982072,CALM,0.00036256050888185956,0.0,0.9364680113945331,YPF,-0.004360467816056745,0.0,1.0985746516426549,COP,-0.002089054170474891,0.0,1.1272530781761432,ALTM,-0.009352022981578379,0.0,0.9378779022855817,-0.01598768078381445,2.172325937969713
2022-10-12,3577.030029296875,3608.340087890625,3573.860107421875,3590.830078125,4006830000,106,55,88,152,345,-193,-55128,-0.0032907731480149582,1.3537972117987522,MNTK,-0.005502058040986357,0.0,0.8081164095412032,CALM,0.009735829428886601,0.0,0.9820544755172621,YPF,-0.0038633020526741336,0.0,1.0773540231091208,COP,0.0012458839594945204,0.0,1.1342752108180956,ALTM,-0.011983192773307373,0.0,0.8816840437810154,-0.010366839478586742,2.1498057836756104
2022-10-13,3669.909912109375,3685.409912109375,3491.580078125,3520.3701171875,5021680000,223,92,101,458,39,419,-54709,0.02596564246086497,1.3889494261648345,MNTK,0.005940594994289095,0.0,0.8321198710278199,CALM,0.007661746231749778,0.0,1.019675736403099,YPF,0.008181817722057838,0.0,1.1214275943051433,COP,0.011074806304065099,0.0,1.1970846020946606,ALTM,0.012523299249899901,0.0,0.9368920094016729,0.04538226450206171,2.247368838378439
2022-10-14,3583.070068359375,3712.0,3579.679931640625,3690.409912109375,4243030000,135,55,82,27,470,-443,-55152,-0.02366266361565439,1.3560831831143398,YPF,-0.005457708991602043,1.4888747278742077e-05,0.9727114550419897,PLMR,-0.0020806853634403547,-4.6637952923916087e-05,0.9895965731827983,MTDR,-0.007570134094767965,-0.0002144962663025201,0.9621493295261602,PBR,-0.00536223404311062,-0.0005771843539267269,0.9731888297844469,ARCH,0.0010199936849952568,0.0003664680221866212,1.0050999684249762,-0.019907730611613526,2.202628824959066
2022-10-17,3677.949951171875,3689.72998046875,3638.64990234375,3638.64990234375,4352780000,273,93,104,475,22,453,-54699,0.026480052302171098,1.3919923367293021,YPF,0.012312322331616344,0.0,1.0325931398926522,PLMR,-0.007429794532821932,0.0,0.9528340771371339,MTDR,0.006427995269951037,0.0,0.9930727862220637,PBR,0.0004301001191612919,0.0,0.9752816729427305,ARCH,0.006645956698787092,0.0,1.0384992227654994,0.018386579886693833,2.2431276358099104
2022-10-18,3719.97998046875,3762.7900390625,3686.530029296875,3746.260009765625,4483740000,362,128,118,446,51,395,-54304,0.011427569666488724,1.4078994261324946,YPF,-0.00367751375627956,0.0,1.0136062625096767,PLMR,0.0012785995321048739,0.0,0.9589255431631395,MTDR,-0.00025814420186227595,0.0,0.9917910063131116,PBR,0.0052932853901456415,0.0,1.0010938940960532,ARCH,-0.0032161267790054683,0.0,1.021799496963937,-0.000579899814896789,2.2418268465091145
2022-10-19,3695.159912109375,3728.580078125,3666.510009765625,3703.110107421875,4223800000,293,108,108,116,381,-265,-54569,-0.0066720972934503076,1.3985057841819457,YPF,0.0028818416083016274,0.0,1.0282115260183542,PLMR,-0.011077679783278605,0.0,0.9058121926473006,MTDR,0.010694668304778433,0.0,1.0448253855140173,PBR,0.007247359545129762,0.0,1.037370331040794,ARCH,-0.005457266698602137,0.0,0.9939183351267885,0.004288922976329081,2.2514418691800584
2022-10-20,3665.780029296875,3736.0,3656.43994140625,3689.050048828125,4496620000,214,92,98,115,382,-267,-54836,-0.007950909706564868,1.3873863909678064,YPF,0.00028409741295520874,0.0,1.0296720871909169,PLMR,-0.013095806776497177,0.0,0.8465004853937792,MTDR,-0.0018709035905164263,0.0,1.0350515476879127,PBR,0.007666452783400901,0.0,1.0771350843499201,ARCH,-0.0035502776160066364,0.0,0.9762749050400924,-0.01056643778666413,2.2276521487390766
2022-10-21,3752.75,3757.889892578125,3647.419921875,3657.10009765625,5078020000,338,151,121,473,24,449,-54387,0.02372481982226482,1.42030188311738,YPF,0.003404251980497408,0.0,1.0471984034013297,PLMR,0.004595378653857329,0.0,0.8659504366990715,MTDR,0.008421045374778391,0.0,1.0786326279294853,PBR,0.007901548571330208,0.0,1.119690260284294,ARCH,0.004744863709247849,0.0,0.999436361875963,0.029067088289711183,2.2924035104252405
2022-10-24,3797.340087890625,3810.739990234375,3741.64990234375,3762.010009765625,4747930000,363,184,132,403,94,309,-54078,0.011881976654619875,1.4371778769350934,YPF,0.006136674695974742,0.0,1.0793299831204202,PLMR,-0.0005676804418213166,0.0,0.863492521066568,MTDR,-0.0018122528430914776,0.0,1.0688588526964031,PBR,-0.0231775662111859,0.0,0.989931784565498,ARCH,-0.0013802616414056558,0.0,0.9925389435093459,-0.020801086441529604,2.244719026846019
2022-10-25,3859.110107421875,3862.85009765625,3799.43994140625,3799.43994140625,4843120000,445,245,157,442,55,387,-53691,0.016266654579669915,1.46055595302874,YPF,0.00649527069800766,0.0,1.114382685184636,PLMR,0.0021534531790307287,0.0,0.8727899746393684,MTDR,0.0032678926368587824,0.0,1.0863234325692426,PBR,-0.0038054739191149436,0.0,0.9710959866261635,ARCH,-0.002633536241398882,0.0,0.9794695071156878,0.005477606353383345,2.257014714049031
2022-10-26,3830.60009765625,3886.14990234375,3824.070068359375,3825.969970703125,4817310000,430,263,167,281,216,65,-53626,-0.007387716072364547,1.4497657803399617,YPF,0.00393185040937376,0.0,1.136290615269347,PLMR,0.0018121844245257979,0.0,0.880698256628987,MTDR,0.0010029648504806144,0.0,1.0917711536648447,PBR,-0.005603481010473411,0.0,0.9438883970241302,ARCH,-0.00275757333063551,0.0,0.9659647121607232,-0.0016140546567287484,2.2533717689395147
2022-10-27,3807.300048828125,3859.949951171875,3803.7900390625,3834.68994140625,4687320000,420,272,172,283,214,69,-53557,-0.006082610618211248,1.4409474196105465,YPF,0.0023136162808136797,0.0,1.149435317605462,PLMR,0.00317921975580755,0.0,0.8946979231108878,MTDR,-0.006163769641960526,0.0,1.0581240242002068,PBR,0.0023651333284203883,0.0,0.9550505065546855,ARCH,0.028397472114707823,0.0,1.1031194920476028,0.030091671837788915,2.32117949273898
2022-10-28,3901.06005859375,3905.419921875,3808.260009765625,3808.260009765625,4459410000,447,335,205,451,46,405,-53152,0.024626377895927698,1.4764327352940376,YPF,-0.0070197813851116874,0.00016310019045615777,0.9649010930744416,PAA,-0.0008702700252265846,0.00021297122446130523,0.995648649873867,PBF,-0.005344699377868471,0.0006255911726092651,0.9732765031106576,HCC,-0.0069673900923546,-0.0006237806116093599,0.965163049538227,WFRD,0.00492329498206243,0.00038082826959839823,1.0246164749103122,-0.014520135652983147,2.2874756516294874
2022-10-31,3871.97998046875,3893.72998046875,3863.179931640625,3881.85009765625,4820620000,441,327,200,159,338,-179,-53331,-0.00745440410765752,1.4654268090473817,YPF,0.0,0.0,0.9649010930744416,PAA,0.0015151813765026834,0.0,1.0031915913330116,PBF,-0.0066841193118815315,0.0,0.9407490217594453,HCC,0.00032358245099906036,0.0,0.9667245986641435,WFRD,0.002330101678619734,0.0,1.036553777750962,-0.002515253805760054,2.281722069791143
2022-11-01,3856.10009765625,3911.7900390625,3843.800048828125,3901.7900390625,4481210000,444,330,201,282,215,67,-53264,-0.004101230608784645,1.459416755763183,YPF,0.01623037626259647,0.0,1.0432046320583857,PAA,0.004344186088766922,0.0,1.0249818461101956,PBF,0.010440688555534906,0.0,0.9898593594850178,HCC,0.007108305098609869,0.0,1.001083465632323,WFRD,-0.0007197837280954467,0.0,1.0328233050383568,0.03740377227741272,2.3670670824899576
2022-11-02,3759.68994140625,3894.43994140625,3758.679931640625,3852.89990234375,4899000000,374,266,182,33,464,-431,-53695,-0.02500198485734284,1.4229284401350395,YPF,-0.007990324246949454,0.0,1.001526915728055,PAA,-0.002289442596534408,0.0,1.0132486606143998,PBF,-0.006099663863895422,0.0,0.9596703126580707,HCC,-0.009516429136687444,0.0,0.9534497663293257,WFRD,-0.004430511843019036,0.0,1.0099436256147643,-0.03032637168708576,2.2952825263381014
2022-11-03,3719.889892578125,3750.590087890625,3698.14990234375,3733.25,4625290000,344,265,178,204,293,-89,-53784,-0.010585992315429671,1.4078653306023636,YPF,0.004791930928963595,0.0,1.025523154746389,PAA,0.005459053655729385,0.0,1.0409055546388495,PBF,0.004430648669158855,0.0,0.9809301226261193,HCC,0.0071643646541481145,0.0,0.9876040753563037,WFRD,0.008027581009298323,0.0,1.0504806469619992,0.02987357891729827,2.3638508300261587
2022-11-04,3770.550048828125,3796.340087890625,3708.840087890625,3766.97998046875,5400180000,385,303,196,393,104,289,-53495,0.013618724670070526,1.427038660912375,YPF,-0.001970441498363318,0.0,1.0154194878381653,PAA,0.0012882342351276943,0.0,1.0476102054939511,PBF,-0.0009536269957008958,0.0,0.976252915396957,HCC,0.0008447473575174946,0.0,0.9917754550209574,WFRD,0.0024147761966898163,0.0,1.063164025268835,0.0016236892952707915,2.3676889893144892
2022-11-07,3806.800048828125,3813.949951171875,3764.699951171875,3780.7099609375,4341620000,392,323,214,364,133,231,-53264,0.009613981920559844,1.4407581847983266,YPF,-0.0027363217421969123,0.0,1.001526915728055,PAA,0.0015999958809667092,0.0,1.0559910655621962,PBF,0.00670730133700892,0.0,1.0089930278204613,HCC,0.002155661559582489,0.0,1.002465116141588,WFRD,0.00575436880260547,0.0,1.0937532147641322,0.013481005837966676,2.399607818401927
2022-11-08,3828.110107421875,3859.39990234375,3786.280029296875,3817.02001953125,4607640000,397,339,220,353,144,209,-53055,0.005597892802462701,1.4488233946710984,YPF,-0.004539718341364307,0.0,0.9787936651845517,PAA,0.0001587332760481619,0.0,1.0568291701687675,PBF,-0.0007585319976726401,0.0,1.005166260335309,HCC,-0.0026008180256679616,0.0,0.9894289694207662,WFRD,-0.0028194522408894196,0.0,1.0783342900023984,-0.010559787329546167,2.3742684701652865
2022-11-09,3748.570068359375,3818.199951171875,3744.219970703125,3810.93994140625,4645010000,343,310,202,38,459,-421,-53476,-0.02077788695478977,1.4187199059591675,YPF,-0.01625806746944305,0.0,0.8992271979483822,PAA,-0.006661369780416227,0.0,1.0216295206826447,PBF,-0.008291019382871911,0.0,0.9634969955980645,HCC,-0.012648218268064216,0.0,0.9268564015908678,WFRD,-0.011116233510409912,0.0,1.0183992111526547,-0.05497490841120532,2.243743278474337
2022-11-10,3956.3701171875,3958.330078125,3859.889892578125,3859.889892578125,5781260000,449,415,283,480,17,463,-53013,0.05543448436034493,1.497365912397771,YPF,0.0019662969883848637,0.0,0.9080679366043806,PAA,0.0037735859361864854,0.0,1.0409055546388495,PBF,0.006914894130441729,0.0,0.9968093941958609,HCC,0.0016877660814091922,0.0,0.934677985575578,WFRD,0.0062515319007651286,0.0,1.050231986933829,0.0205940750371874,2.2899510959154226
2022-11-11,3992.929931640625,4001.47998046875,3944.820068359375,3963.719970703125,5593310000,434,412,294,305,192,113,-52900,0.009240746788147902,1.511202691643443,ENLC,-0.005223154264398282,0.0009048126557223124,0.9738842286780086,CVE,0.0011967671869442793,0.00047478058323796775,1.0059838359347213,CALM,-0.012041103457494505,0.0012183826158113347,0.9397944827125275,PBF,-0.008913836826803708,0.0006176416797667242,0.9554308158659814,XOM,0.002231584537163395,0.0009251700898876959,1.011157922685817,-0.018608955200162786,2.247337498560969
2022-11-14,3957.25,4008.969970703125,3956.39990234375,3977.969970703125,4561930000,420,398,275,109,388,-279,-53179,-0.008935777048800997,1.497698921315369,ENLC,0.0014974761927747605,0.0,0.9811760709128292,CVE,-0.0038870808149891636,0.0,0.986432133590466,CALM,-0.0031220791679422936,0.0,0.9251239188294081,PBF,0.0031704553045845962,0.0,0.9705765693576109,XOM,0.0005838437629108296,0.0,1.014109713918207,-0.001757384722661271,2.243388061974334
2022-11-15,3991.72998046875,4028.840087890625,3953.169921875,4006.409912109375,5015310000,425,416,289,385,112,273,-52906,0.008713116550319144,1.510748546574077,ENLC,0.0028075906123899764,0.0,0.9949497745418119,CVE,0.0029259014723597154,0.0,1.0008631497507423,CALM,0.0024164681259578828,0.0,0.9363015811414707,PBF,0.006199237832758398,0.0,1.0006607442993638,XOM,0.001340757956891281,0.0,1.0209080922586897,0.01568995600035725,2.2785867219584377
2022-11-16,3958.7900390625,3983.090087890625,3954.340087890625,3976.820068359375,4165320000,407,414,280,157,340,-183,-53089,-0.008252046497990273,1.4982817793209766,ENLC,0.0017915596636176813,0.0,1.0038623339587849,CVE,-0.004186049392889935,0.0,0.9799148368488423,CALM,0.0007088249651063805,0.0,0.9396199508193789,PBF,-0.0060542846337468875,0.0,0.970369319460337,XOM,-0.0021379187848392877,0.0,1.0099949993185182,-0.009877868182752048,2.256079142675963
2022-11-17,3946.56005859375,3954.330078125,3906.5400390625,3919.260009765625,4051780000,399,400,270,171,326,-155,-53244,-0.0030893228355314273,1.4936531032060596,ENLC,-0.0006457089845850251,0.0,1.0006213193171665,CVE,-0.0030910197723187597,0.0,0.9647701561694009,CALM,-0.002156146606276699,0.0,0.9294901589786335,PBF,-0.0009835609837776983,0.0,0.9655972324479565,XOM,0.00026567476071139853,0.0,1.0113366502173364,-0.0066107615862467835,2.2411647413440283
2022-11-18,3965.340087890625,3979.889892578125,3935.97998046875,3966.389892578125,4037360000,421,419,293,386,111,275,-52969,0.00475858190881473,1.500760773841021,ENLC,0.004534418498478488,0.0,1.023307498418585,CVE,-0.003779052727576171,0.0,0.9465405697186206,CALM,0.0008643340552488611,0.0,0.9335071089707531,PBF,-0.0030081753141243174,0.0,0.9510738036577729,XOM,-0.0017335708168932263,0.0,1.0025705317029798,-0.0031220463048663655,2.2341677212447184
2022-11-21,3949.93994140625,3962.0,3933.340087890625,3956.22998046875,3850690000,416,424,293,265,232,33,-52936,-0.003883688698329779,1.4949322861847578,ENLC,-0.004908959850884487,0.0,0.9981906212943557,CVE,-0.00503706885455002,0.0,0.922701619602132,CALM,0.011075797551915968,0.0,0.9852037877319252,PBF,0.0011343834081182448,0.0,0.9564682153715994,XOM,-0.0019807168807943754,0.0,0.9926414898213244,0.0002834353738053307,2.234800963407933
2022-11-22,4003.580078125,4005.8798828125,3956.8798828125,3965.510009765625,3887990000,440,439,308,441,56,385,-52551,0.013579987927526016,1.5152334485836156,ENLC,0.008279236028573722,0.0,1.0395119000703787,CVE,0.007902741256246548,0.0,0.9591609803843084,CALM,0.0020209085065956423,0.0,0.9951588213087137,PBF,0.005466392917892727,0.0,0.9826103707650835,XOM,0.005785349914688354,0.0,1.021355381613594,0.029454628623996996,2.3006261958336642
2022-11-23,4027.260009765625,4033.780029296875,3998.659912109375,4000.300048828125,3279720000,447,452,324,356,141,215,-52336,0.0059146891478476515,1.5241955834184089,ENLC,-0.0037412428559131516,0.0,1.0200665677215037,CVE,-0.0025341017581812287,0.0,0.9470079227504549,CALM,-0.00035098935931285883,0.0,0.9934123705231853,PBF,-0.0026182382513712413,0.0,0.9697468304704274,XOM,-0.0009984312512553385,0.0,1.0162566159553899,-0.010243003476033819,2.2770608737126854
2022-11-25,4026.1201171875,4034.02001953125,4020.760009765625,4023.340087890625,1706460000,450,454,330,347,150,197,-52139,-0.0002830441976333642,1.523764168702464,XOM,-0.0013752987179741045,-0.00010347825402775424,0.9931235064101295,CVE,-0.002361920560306399,9.806729436748054e-05,0.988190397198468,ENLC,0.0007539067308728704,-3.999384761595669e-05,1.0037695336543644,OXY,-0.0027260784228983585,0.00010533926834459354,0.9863696078855082,PBF,-0.005566415360941297,5.496746213319452e-05,0.9721679231952935,-0.011160904408045732,2.251646814969877
2022-11-28,3963.93994140625,4012.27001953125,3955.77001953125,4005.360107421875,3615430000,386,434,304,38,459,-421,-52560,-0.015444192913123267,1.5002308609269182,XOM,-0.0060065463523635955,0.0,0.963297294535758,CVE,-0.005469944089324375,0.0,0.9611636660870537,ENLC,-0.003958825887606698,0.0,0.9839007895792554,OXY,-0.005833779738617717,0.0,0.9575982927191543,PBF,-0.012398704331303745,0.0,0.9118998099949133,-0.03366780039921613,2.1758388194339404
2022-11-29,3957.6298828125,3976.77001953125,3937.64990234375,3964.18994140625,3546040000,396,435,303,270,227,43,-52517,-0.0015918653377758885,1.4978426954207469,XOM,0.0013295573664370065,0.0,0.9697010896058522,CVE,0.008282226995161013,0.0,1.0009665443972244,ENLC,0.002746375528967482,0.0,0.9974115948364167,OXY,0.0025795108169968106,0.0,0.969948968491188,PBF,-0.0060252146123146,0.0,0.884427849694172,0.008912456095247712,2.1952308873824813
2022-11-30,4080.110107421875,4080.110107421875,3938.580078125,3957.179931640625,6579360000,458,465,337,476,21,455,-52062,0.030947872397389053,1.5441977400299893,XOM,0.0014474432290296326,0.0,0.9767190259875155,CVE,-0.004712832518127996,0.0,0.9773796059972572,ENLC,0.004940235202199439,0.0,1.0220488341958804,OXY,0.0010996342325566566,0.0,0.9752819139391176,PBF,-0.008475814798675207,0.0,0.8469466164101802,-0.005701334653017476,2.1827151414528734
2022-12-01,4076.570068359375,4100.509765625,4050.8701171875,4087.139892578125,4527130000,441,458,339,258,239,19,-52043,-0.0008676332180498347,1.5428579427755018,XOM,-0.0009699826091583042,0.0,0.9719820236413058,CVE,-0.0024132529454577336,0.0,0.9655862849322412,ENLC,-0.003732515089499322,0.0,1.0029747707166738,OXY,-0.0019858271564714425,0.0,0.9655982073895388,PBF,-0.0017098130226129273,0.0,0.8397060146391998,-0.010811390823199731,2.1591169550029106
2022-12-02,4071.699951171875,4080.47998046875,4026.6298828125,4040.169921875,4012620000,431,457,333,241,256,-15,-52058,-0.001194660488065602,1.5410147513525698,XOM,-0.001696755047450771,0.0,0.9637359466180818,CVE,0.002951675138387611,0.0,0.979836770088254,ENLC,0.001901757290202344,0.0,1.0125118436271712,OXY,-0.001715169398487504,0.0,0.9573173849067942,PBF,-0.014151664365082618,0.0,0.7802898262166242,-0.012710156382430938,2.1316742408568654
2022-12-05,3998.840087890625,4052.449951171875,3984.489990234375,4052.02001953125,4280820000,328,425,305,23,474,-451,-52509,-0.017894212283564803,1.513439506259762,XOM,-0.005479736410581193,0.0,0.9373308518337367,CVE,-0.007823494491384109,0.0,0.9415080322220487,ENLC,-0.004552614038586089,0.0,0.9894639654595124,OXY,-0.005424393994942035,0.0,0.931353051537084,PBF,-0.01179041957902165,0.0,0.7342901039949448,-0.035070658514515074,2.0569150214915863
2022-12-06,3941.260009765625,4001.510009765625,3918.389892578125,3996.6298828125,4368380000,238,401,298,106,391,-285,-52794,-0.014399194981406072,1.491647195716565,XOM,-0.005559169060213809,0.0,0.9112769484802469,CVE,-0.007620025012542464,0.0,0.9056364584468405,ENLC,-0.0046586261427679744,0.0,0.9664162519754297,OXY,-0.006690788566489592,0.0,0.9001956197941364,PBF,-0.0044663639623650836,0.0,0.7178920697029231,-0.028994972744378924,1.9972748265059344
2022-12-07,3933.919921875,3957.570068359375,3922.679931640625,3933.280029296875,4118050000,217,402,293,224,273,-49,-52843,-0.0018623708845491027,1.488869195409243,XOM,-0.000442813615369575,0.0,0.9092593192794494,CVE,-0.001519281905830572,0.0,0.8987568730239467,ENLC,-0.00230260030039251,0.0,0.9552899002149156,OXY,-0.000592469754645153,0.0,0.897528926404176,PBF,-0.0041530381961266466,0.0,0.7029849037720598,-0.009010203772364457,1.979278973329702
2022-12-08,3963.510009765625,3974.18994140625,3935.830078125,3947.7900390625,4006900000,238,409,300,359,138,221,-52622,0.00752178195750397,1.5000681448603557,XOM,0.001485759319607194,0.0,0.916014021817245,CVE,-0.0029524687214411483,0.0,0.8854891152450294,ENLC,-0.002662254601121239,0.0,0.9425737755536565,OXY,-0.0007505967009591386,0.0,0.8941605151483042,PBF,-0.0011511544828014754,0.0,0.698938682655465,-0.006030715186715808,1.9673425055664953
2022-12-09,3934.3798828125,3977.02001953125,3933.0400390625,3954.169921875,3888260000,195,395,293,108,389,-281,-52903,-0.007349578247904498,1.4890432766525155,ENLC,-0.0036298433894683076,2.505614810944579e-05,0.9818507830526585,BDC,-0.003398900921572334,-6.216549819691169e-05,0.9830054953921383,PSX,-0.005092377474986649,-0.0007475565964733894,0.9745381126250667,FRO,-0.0023564768375864235,-3.999639198378023e-05,0.9882176158120679,CVX,-0.005186111596582922,-0.00019828179243168878,0.9740694420170853,-0.02068665435117296,1.9266447711634704
2022-12-12,3990.56005859375,3990.7099609375,3935.300048828125,3939.2900390625,3904130000,290,407,317,461,36,425,-52478,0.014279296218109305,1.5103057666814208,ENLC,0.00209606724528002,0.0,0.9921409093832045,BDC,0.0042598387634535054,0.0,1.0039427199619346,PSX,0.008306083865327675,0.0,1.0150110890921764,FRO,0.021823829044737855,0.0,1.096051077344473,CVX,0.0020833408464261626,0.0,0.984216035296134,0.038569159765225215,2.00095384115331
2022-12-13,4019.64990234375,4100.9599609375,3993.030029296875,4069.3798828125,5079360000,327,414,334,347,150,197,-52281,0.0072896644387934195,1.5213153889205029,ENLC,0.002592918448113846,0.0,1.0050036117185452,BDC,0.0022539035711288237,0.0,1.0152566703705896,PSX,0.00011758087147386576,0.0,1.0156078185342319,FRO,-0.0035137064378805817,0.0,1.076795068710917,CVX,0.0044536079371520826,0.0,1.00613259702947,0.005904304389988037,2.012768081701795
2022-12-14,3995.320068359375,4053.760009765625,3965.64990234375,4015.5400390625,4472340000,288,402,319,141,356,-215,-52496,-0.006052724634100337,1.5121072857897477,ENLC,0.0023890813645695455,0.0,1.0170087887189545,BDC,-0.0013586346437789887,0.0,1.0083598559471236,PSX,-0.0016645593777380619,0.0,1.0071551209420055,FRO,-0.00600857155398149,0.0,1.0444450676142971,CVX,-0.0013830316860780068,0.0,0.9991750307190316,-0.008025715897007003,1.9966141769114927
2022-12-15,3895.75,3958.3701171875,3879.449951171875,3958.3701171875,4493900000,133,340,277,33,464,-431,-52927,-0.024921675023714007,1.4744230394123055,ENLC,-0.0030353917926208454,0.0,1.0015736880674506,BDC,-0.0075880614636755885,0.0,0.9701023731249745,PSX,0.0003752437323475633,0.0,1.0090447641751819,FRO,0.003982304090294342,0.0,1.0652415569385378,CVX,-0.001497125130554955,0.0,0.9916955804774692,-0.007763030564209483,1.9811144000311949
2022-12-16,3852.360107421875,3890.909912109375,3827.909912109375,3890.909912109375,7493660000,70,295,260,83,415,-332,-53259,-0.011137750774080746,1.4580012830637685,ENLC,-0.0020547916649849454,0.0,0.9912835617369045,BDC,-0.002790073999339726,0.0,0.9565690860852057,PSX,-0.001635976690671015,0.0,1.0007908956050107,FRO,-0.004338398217710671,0.0,1.0421343465782704,CVX,-0.0027128560245379685,0.0,0.9782439438274393,-0.013532096597244327,1.9543057685997811
2022-12-19,3817.659912109375,3854.860107421875,3800.0400390625,3853.7900390625,3969610000,51,258,250,107,391,-284,-53543,-0.009007516001852345,1.4448683131758504,ENLC,-0.0015571360520043155,0.0,0.9835657448782056,BDC,-0.0006529804559292974,0.0,0.9534459814954068,PSX,-5.960964080991005e-05,0.0,1.0004926116759465,FRO,-0.009312664019498729,0.0,0.993609111413954,CVX,0.0013750993925854883,0.0,0.9849698570922271,-0.010207290775656764,1.9343576013551398
2022-12-20,3821.6201171875,3838.239990234375,3795.6201171875,3810.469970703125,3985370000,59,261,250,272,226,46,-53497,0.0010373383615349674,1.446367130504474,ENLC,0.00034874143976524333,0.0,0.9852807955480686,BDC,-0.0008461836348373719,0.0,0.9494120295641925,PSX,0.004035380438881653,0.0,1.0206794532479602,FRO,0.003100815712213523,0.0,1.0090141051363086,CVX,0.003284669668397511,0.0,1.0011463601616104,0.00992342362442056,1.953553051274505
2022-12-21,3878.43994140625,3889.820068359375,3839.489990234375,3839.489990234375,3775200000,130,307,271,461,37,424,-53073,0.014867993802734736,1.4678717080372938,ENLC,0.005918176514454032,0.0,1.0144361238698445,BDC,0.0027412130307705508,0.0,0.9624247326992509,PSX,0.0013834408206545579,0.0,1.0277397013500933,FRO,-0.004732846447203821,0.0,0.985136561022944,CVX,0.0023512982562084784,0.0,1.0129163286158978,0.007661282174883799,1.9685197724439243
2022-12-22,3822.389892578125,3853.260009765625,3764.489990234375,3853.260009765625,3956950000,86,260,261,83,415,-332,-53405,-0.01445169956861636,1.4466584671074671,ENLC,-0.0027049608464852163,0.0,1.0007160738882037,BDC,-0.002893431559561699,0.0,0.9485011822227771,PSX,-0.005457165640946338,0.0,0.9996969724198724,FRO,-0.006098500705201904,0.0,0.955097280962351,CVX,-0.0029994448423246393,0.0,0.997725395328031,-0.020153503594519798,1.9288472021340923
2022-12-23,3844.820068359375,3845.800048828125,3797.010009765625,3815.110107421875,2819280000,134,283,269,410,88,322,-53083,0.005868102525282026,1.455147607311521,CALM,0.0033556907766815434,0.00030241605223240564,1.0167784538834077,TRGP,0.0058326494556444385,-0.00027574083203361715,1.0291632472782222,CEIX,0.003414593987396652,0.0001666990648178538,1.0170729699369832,TRMD,0.007654086600726022,0.00018558246864831425,1.03827043300363,POST,0.0018382950767856336,0.00042908685072673886,1.0091914753839282,0.022903359501625985,1.9730242830282747
2022-12-27,3829.25,3846.64990234375,3813.219970703125,3843.340087890625,3030300000,154,280,273,300,198,102,-52981,-0.004049622110409712,1.4492548093870425,CALM,-0.002630348573528796,0.0,1.0034060451045725,TRGP,0.001444906318135919,0.0,1.03659846967015,CEIX,-0.0026721839625847067,0.0,1.0034839395417632,TRMD,-0.0002608381401155491,0.0,1.036916330360222,POST,0.0009219584373432621,0.0,1.0138436383620537,-0.00319650592074987,1.9667174992257916
2022-12-28,3783.219970703125,3848.320068359375,3780.780029296875,3829.56005859375,3083520000,77,214,256,24,474,-450,-53431,-0.012020638322615351,1.43183384148609,CALM,-0.004985888419887785,0.0,0.978391692200911,TRGP,-0.005251066544853056,0.0,1.009382231947496,CEIX,-0.022029864697943036,0.0,0.8929508624684437,TRMD,-0.013646750360168781,0.0,0.9661636388361807,POST,-0.0026002457276890437,0.0,1.0006624254160754,-0.04851381575054171,1.8713045288349854
2022-12-29,3849.280029296875,3858.18994140625,3805.449951171875,3805.449951171875,3003680000,186,279,275,471,27,444,-52987,0.01746133164481911,1.4568355670525541,CALM,-0.029007900126209442,0.0,0.8364862497425257,TRGP,0.004697707311711686,0.0,1.033091143404154,CEIX,0.0022591728925676516,0.0,0.9030375143828617,TRMD,0.004274702158251919,0.0,0.9868139477969685,POST,-0.00024350893384064156,0.0,0.9994440742143381,-0.018019826697518823,1.837583945527097
2022-12-30,3839.5,3839.85009765625,3800.340087890625,3829.06005859375,2979870000,148,239,262,128,370,-242,-53229,-0.0025407424823445934,1.4531341230375532,CALM,0.004814740991019351,0.0,0.8566235729178227,TRGP,-0.0003802189393766087,0.0,1.0311271393100316,CEIX,0.001675463212112982,0.0,0.9106025450553938,TRMD,0.00013721964980644154,0.0,0.9874909991186726,POST,6.649402234470969e-05,0.0,0.9997763594973536,0.006313698935906876,1.849185897328611
2023-01-03,3824.139892578125,3878.4599609375,3794.330078125,3853.2900390625,3959140000,177,236,262,257,241,16,-53213,-0.004000548879248611,1.4473207889502373,CALM,0.0038200260480846463,0.0,0.8729851947275697,TRGP,-0.0077551035046617535,0.0,0.9911446508509563,CEIX,-0.02058461798893685,0.0,0.8168805174067991,TRMD,-0.012547177008540689,0.0,0.9255398773172592,POST,-0.0006647530349157993,0.0,0.9964533376512889,-0.03773162548897044,1.7794131075911221
2023-01-04,3852.969970703125,3873.159912109375,3815.77001953125,3840.360107421875,4414080000,273,274,278,411,87,324,-52889,0.007538970575044379,1.4582320977907832,CALM,0.006271406639373112,0.0,0.9003594204590143,TRGP,0.0010757090355285382,0.0,0.996475567133137,CEIX,-0.000960381274963118,0.0,0.8129579336428008,TRMD,-0.012655398072100943,0.0,0.8669744994219922,POST,0.005113390562839193,0.0,1.0219296131165674,-0.001155273109323218,1.777357399477545
2023-01-05,3808.10009765625,3839.739990234375,3802.419921875,3839.739990234375,3893450000,210,219,260,114,384,-270,-53159,-0.011645528874622113,1.4412502137900598,CALM,-0.00478770747872348,0.0,0.8788061328046605,TRGP,-0.00028155151574038584,0.0,0.995072771101514,CEIX,-0.0017232492294650293,0.0,0.8059532879791136,TRMD,0.004998010845417112,0.0,0.8886402391760482,POST,0.0031432840118540643,0.0,1.0379906881873149,0.0013487866333422817,1.7797546753806324
2023-01-06,3895.080078125,3906.18994140625,3809.56005859375,3823.3701171875,3923560000,349,326,295,474,24,450,-52709,0.02284078102943865,1.4741694943318702,XOM,0.0006169646863983034,0.00010307264805686924,1.0030848234319916,POST,0.0018724283000088897,0.0006698487655570437,1.0093621415000444,TH,0.006511840525634079,0.0002725677201960927,1.0325592026281705,OI,-0.005341338971340422,0.0002187897476505748,0.9732933051432979,WFRD,-0.0011960118184297986,0.0002926085959365554,0.994019940907851,0.004020770199668187,1.786910659942123
2023-01-09,3892.090087890625,3950.570068359375,3890.419921875,3910.820068359375,4311770000,344,314,295,261,237,24,-52685,-0.0007676325452631305,1.473037873850787,XOM,-0.003727491981248887,0.0,0.9843898702527155,POST,-0.0020530079488908282,0.0,0.9990009990009991,TH,-0.0017500042915344239,0.0,1.0235242874488573,OI,0.003486528456270843,0.0,0.990260379166698,WFRD,0.004890766220092369,0.0,1.0183275366533027,0.0008467904546890738,1.7884237988323441
2023-01-10,3919.25,3919.830078125,3877.2900390625,3888.570068359375,3851030000,368,331,310,362,136,226,-52459,0.006978233159061986,1.4833170755866467,XOM,0.0029869716242693746,0.0,0.9990915933010309,POST,0.00014816318426671418,0.0,0.9997410748464872,TH,0.017150059093534332,0.0,1.1112917975159349,OI,0.00498441886326182,0.0,1.0149397417339945,WFRD,0.0032478971250610392,0.0,1.0348646520466365,0.028517509890393283,1.8394251922037603
2023-01-11,3969.610107421875,3970.070068359375,3928.5400390625,3932.35009765625,4303360000,409,376,329,400,98,302,-52157,0.012849424614881588,1.5023768465293639,XOM,0.002325416942138636,0.0,1.0107081158900835,POST,-0.0013536366458805516,0.0,0.9929746440699662,TH,0.007897797123004846,0.0,1.155175583322136,OI,-0.007497464839902036,0.0,0.9768923665926451,WFRD,0.0021563409193128716,0.0,1.0460222570224296,0.003528453498673766,1.8459155184587401
2023-01-12,3983.169921875,3997.760009765625,3937.56005859375,3977.570068359375,4440260000,407,378,341,282,216,66,-52091,0.0034159058663651987,1.5075088244129147,XOM,0.0033222400651063745,0.0,1.0274971908737744,POST,-0.000787894217208085,0.0,0.9890628491704813,TH,-0.0025698273423227394,0.0,1.1403325743261117,OI,0.005578954596268515,0.0,1.0041425573859535,WFRD,0.008152385093475356,0.0,1.088660138300395,0.01369585819531942,1.8711969156400907
2023-01-13,3999.090087890625,4003.949951171875,3947.669921875,3960.60009765625,3939700000,418,378,338,313,185,128,-51963,0.003996858363534361,1.5135341236658713,XOM,-0.0001236535256801119,0.0,1.0268619226223847,POST,0.0008979116092876272,0.0,0.9935033042434076,TH,0.003735143432724497,0.0,1.1616291029566916,OI,-0.00030722668295677383,0.0,1.0026000604503464,WFRD,-0.0008418736430053642,0.0,1.0840775669172666,0.003360301190369875,1.8774847008631323
2023-01-17,3990.969970703125,4015.389892578125,3984.570068359375,3999.280029296875,4235560000,404,373,336,188,310,-122,-52085,-0.0020304911890052235,1.510460905963509,XOM,-0.0003888555723747578,0.0,1.0248654177190288,POST,0.0020644912378470883,0.0,1.0037586985753209,TH,-0.002111117045084643,0.0,1.1493674279601003,OI,-0.005641017816005612,0.0,0.974321636433703,WFRD,0.0023157507862884954,0.0,1.0966298343071985,-0.0037607484093294292,1.8704239532608211
2023-01-18,3928.860107421875,4014.159912109375,3926.590087890625,4002.25,4298710000,334,292,305,52,446,-394,-52479,-0.015562598500411085,1.4869542093334318,XOM,-0.004108744832449141,0.0,1.0038108652739843,POST,-0.005435015303790336,0.0,0.9764814791349732,TH,-0.0007860718351853758,0.0,1.1448500011431058,OI,-0.005065978155776119,0.0,0.9496421757993371,WFRD,-0.00526890044840549,0.0,1.0677396671786183,-0.02066471057560646,1.8317721836130045
2023-01-19,3898.85009765625,3922.93994140625,3885.5400390625,3911.840087890625,3991500000,269,237,292,112,386,-274,-52753,-0.007638350296294338,1.4755963322079937,XOM,0.0012837988364951425,0.0,1.010254321378484,POST,-0.0030316187020942745,0.0,0.9616798815630019,TH,0.001578347141541281,0.0,1.1538848547770946,OI,0.0016242721327060395,0.0,0.957354562410303,WFRD,0.005971250969026665,0.0,1.0996183747901611,0.007426050377674854,1.8453750161289382
2023-01-20,3972.610107421875,3972.9599609375,3897.860107421875,3909.0400390625,4013360000,334,308,320,458,40,418,-52335,0.018918401045981525,1.5035122554026839,SHLS,0.002164696871099219,-2.5646574278244033e-05,1.0108234843554962,GGAL,0.012143072410488615,-7.514592349519763e-05,1.060715362052443,ENLC,0.0004173426950219196,-8.469474899856186e-05,1.0020867134751097,BDC,0.0017840228443777844,0.0002819110894903971,1.0089201142218889,OMAB,0.0016110877995263466,0.00037994624544643616,1.0080554389976317,0.01859659270867871,1.8796927036986593
2023-01-23,4019.81005859375,4039.31005859375,3971.639892578125,3978.139892578125,3945210000,357,336,339,390,108,282,-52053,0.01188134498366522,1.5213760031962917,SHLS,0.013669582530471614,0.0,1.079911159571178,GGAL,-0.0024727323742144594,0.0,1.0476010359745747,ENLC,-0.0003079181610539772,0.0,1.0005439099849602,BDC,0.00033193474871948684,0.0,1.0105945924448503,OMAB,0.0041371762171647395,0.0,1.0289079539366546,0.015358042961087403,1.9085611049957056
2023-01-24,4016.949951171875,4023.919921875,3989.7900390625,4001.739990234375,3320430000,359,337,334,236,262,-26,-52079,-0.0007115031258156934,1.5202935394144765,SHLS,-0.0009579157840638564,0.0,1.0747388398454782,GGAL,-0.0007363814578643657,0.0,1.0437438660839187,ENLC,0.0018504216658236762,0.0,1.0098010506281807,BDC,0.0016571191365712058,0.0,1.018967970637129,OMAB,0.003146665449993336,0.0,1.0450960994860337,0.004959909010459996,1.9180273944173873
2023-01-25,4016.219970703125,4019.550048828125,3949.06005859375,3982.7099609375,3724020000,350,338,334,284,214,70,-52009,-0.0001817250594663422,1.5200172639806202,SHLS,-0.005018903667289187,0.0,1.0477687863220853,GGAL,0.007686609495710606,0.0,1.0838581236445703,ENLC,0.003055784958144736,0.0,1.0252297249343225,BDC,-0.0009607791473087435,0.0,1.0140729547473109,OMAB,-0.0024941068839710923,0.0,1.0320631926053363,0.0022686047552863188,1.922378640485132
2023-01-26,4060.429931640625,4061.570068359375,4013.2900390625,4036.080078125,3809590000,376,357,343,362,136,226,-51783,0.011007853469181317,1.5367493912931447,SHLS,-0.011565594229207866,0.0,0.9871784431789311,GGAL,-0.0021352284957349534,0.0,1.072286699889872,ENLC,-0.0006019659314225435,0.0,1.0221439581028617,BDC,0.0016260104040604073,0.0,1.022317420621788,OMAB,0.0022863298032059554,0.0,1.0438613767855636,-0.010390448449099,1.9024042643215222
2023-01-27,4070.56005859375,4094.2099609375,4048.699951171875,4053.719970703125,3907760000,359,350,348,257,241,16,-51767,0.002494840970949097,1.540583336636624,SHLS,0.007335340380006406,0.0,1.0233848926615425,GGAL,-0.00844905025906102,0.0,1.0269876787924108,ENLC,-0.002666651861925562,0.0,1.008515447657707,BDC,-0.0014364952520577125,0.0,1.0149746500176926,OMAB,-0.004915228958448693,0.0,1.0182072884466509,-0.010132085951486583,1.883128940800942
2023-01-30,4017.77001953125,4063.85009765625,4015.550048828125,4049.27001953125,3802000000,320,330,337,102,396,-294,-52061,-0.012968740984683369,1.5206039103784643,SHLS,-0.009169678142845684,0.0,0.9764643422517574,GGAL,-0.009214507627068725,0.0,0.9796717497967194,ENLC,-0.0069498289808966884,0.0,0.9734703982286393,BDC,-0.0015738200677181124,0.0,1.0069877126555775,OMAB,-0.0059013844117425055,0.0,0.9881631253468425,-0.03280921923027171,1.8213449505433346
2023-01-31,4076.60009765625,4077.159912109375,4020.43994140625,4020.85009765625,4679320000,384,364,368,464,34,430,-51631,0.014642470285510134,1.5428693079522116,SHLS,0.01104804440117051,0.0,1.0304044492985431,GGAL,0.012193202175557794,0.0,1.0393984283514888,ENLC,0.0035200017077582136,0.0,0.9906034855497238,BDC,0.00747090511991666,0.0,1.0446032609464362,OMAB,0.0028321683336976823,0.0,1.0021563469075179,0.03706432173810086,1.888851865786338
2023-02-01,4119.2099609375,4148.9501953125,4037.199951171875,4070.070068359375,4856930000,388,373,377,364,134,230,-51401,0.010452303944590291,1.5589958469057077,SHLS,0.0012907874443524481,0.0,1.0370546149273405,GGAL,-0.003432827456139065,0.0,1.0215580510379247,ENLC,-0.0018867728147155427,0.0,0.9812582669162354,BDC,0.0030336615423401272,0.0,1.0604481246451176,OMAB,0.0075016963677646325,0.0,1.03974571004516,0.0065065450836025995,1.9011417656073237
2023-02-02,4179.759765625,4195.43994140625,4141.8798828125,4158.68017578125,5624360000,368,365,398,324,174,150,-51251,0.014699373244309921,1.5819121087457038,SHLS,-0.012183819758202308,0.0,0.9738781823889074,GGAL,-0.0006074674390792013,0.0,1.018455234772251,ENLC,0.003492015939531257,0.0,0.9983911144605769,BDC,0.005903803221948678,0.0,1.091751509920064,OMAB,-0.004222170868403863,0.0,1.017795789807657,-0.0076176389042054374,1.8866595541312237
2023-02-03,4136.47998046875,4182.35986328125,4123.35986328125,4136.68994140625,4694510000,332,347,374,115,383,-268,-51519,-0.010354610691310495,1.5655320247117719,WNC,-0.0027032285738640815,-0.0003886668327999059,0.9864838571306795,GGAL,-0.011223263426313173,-0.0002834733782756171,0.9438836828684342,ALGM,0.006765353825448516,-0.0003205239522030125,1.0338267691272425,AXON,0.0018267212136663198,-0.0005445056736757825,1.0091336060683316,ALB,-0.001024162984927338,-0.00045473701807851696,0.9948791850753633,-0.008350486801022591,1.8709050284264277
2023-02-06,4111.080078125,4124.6298828125,4093.3798828125,4119.56982421875,4114240000,308,335,364,159,339,-180,-51699,-0.006140463017754394,1.5559189332109191,WNC,0.00582991880882977,0.0,1.015239461097145,GGAL,0.006326066281057719,0.0,0.973739036565607,ALGM,-0.0016361893231620296,0.0,1.0253690875190171,AXON,-0.002260462652576334,0.0,0.9977280619284459,ALB,-0.007255554975098378,0.0,0.9587871819708864,0.001003778139050747,1.8727830019942024
2023-02-07,4164.0,4176.5400390625,4088.389892578125,4105.35009765625,4355860000,335,358,375,349,149,200,-51499,0.01287251059802652,1.5759475161683467,WNC,-0.007397553053941142,0.0,0.9776880222175411,GGAL,0.000943349975683061,0.0,0.9783319200479361,ALGM,0.007860256593447667,0.0,1.065667408173461,AXON,-0.007522322257687186,0.0,0.9602019018916287,ALB,0.0018279732855522647,0.0,0.96755036874675,-0.004288295456945335,1.8647519551549063
2023-02-08,4117.85986328125,4156.85009765625,4111.669921875,4153.47021484375,4029820000,289,340,362,107,391,-284,-51783,-0.011080724476164705,1.5584848759527892,WNC,-0.0056055402355971624,0.0,0.9502856744855319,GGAL,0.0029734299619490036,0.0,0.9928769272669443,ALGM,-0.0014005566572922847,0.0,1.058204770258577,AXON,-0.003796799020356301,0.0,0.9419734336893967,ALB,-0.008011713825093447,0.0,0.928791685417937,-0.015841179776390192,1.8352120841949222
2023-02-09,4081.5,4156.22998046875,4069.669921875,4144.25,4270200000,254,315,351,117,381,-264,-52047,-0.00882979617773516,1.5447237721520433,WNC,-0.004485575993764402,0.0,0.9289727814420794,GGAL,-0.004163472311312155,0.0,0.9722078492908612,ALGM,0.0007522324587148966,0.0,1.0621848501393543,AXON,-0.0012864891258445922,0.0,0.9359142407930172,ALB,-0.0005668345261006013,0.0,0.9261593294436867,-0.009750139498306854,1.8173185103650433
2023-02-10,4090.4599609375,4094.360107421875,4060.7900390625,4068.919921875,3891520000,271,327,362,320,178,142,-51905,0.0021952617756952897,1.5481148452030564,WNC,0.00021848713177985424,0.0,0.9299876244346735,GGAL,0.0009449229296744744,0.0,0.9768011567368834,ALGM,0.00014050950239283822,0.0,1.0629310854630658,AXON,0.0008051852488907053,0.0,0.9396821624975836,ALB,0.0006731746450955978,0.0,0.9292766643331879,0.0027822794578334703,1.8223747983247724
2023-02-13,4137.2900390625,4138.89990234375,4092.669921875,4096.6201171875,3448620000,352,361,370,447,51,396,-51509,0.011448609342766147,1.565838607283523,WNC,0.003346707726470699,0.0,0.9455496082757618,GGAL,0.01238241618740772,0.0,1.0372769490121703,ALGM,0.004446528308526787,0.0,1.0865628512706889,AXON,0.006253052481221256,0.0,0.969061571886408,ALB,0.0012225406945534534,0.0,0.934957057026419,0.027651245398179918,1.8727657310807093
2023-02-14,4136.1298828125,4159.77001953125,4095.010009765625,4126.7001953125,3929200000,315,342,369,173,325,-152,-51661,-0.0002804145319874607,1.5653995233832938,WNC,0.001144877916425413,0.0,0.9509623026027599,GGAL,0.00546127073239977,0.0,1.0656012002273358,ALGM,0.0043498203127387836,0.0,1.110194617078312,AXON,0.003762070654155636,0.0,0.9872899623947269,ALB,0.0005705317303843938,0.0,0.9376241703643209,0.015288571346103997,1.9013976435748752
2023-02-15,4147.60009765625,4148.10986328125,4103.97998046875,4119.5,4075980000,330,348,372,339,159,180,-51481,0.002773175690496066,1.5697406512874545,WNC,0.0032017051433889335,0.0,0.9661858070798212,GGAL,-0.0012931355517346477,0.0,1.0587113662474104,ALGM,0.0057808517587138565,0.0,1.142283969601571,AXON,0.005250141059207092,0.0,1.0132070202392849,ALB,0.0015441283121293559,0.0,0.9448632305023026,0.01448369072170459,1.9289368989833915
2023-02-16,4090.409912109375,4136.5400390625,4089.489990234375,4114.75,4143660000,244,329,358,77,421,-344,-51825,-0.013788741489130674,1.5480959032418722,WNC,0.0014705862224623002,0.0,0.9732901047609722,GGAL,0.0017353692449058045,0.0,1.0678976419685002,ALGM,-0.003876304116450613,0.0,1.1201447693339603,AXON,-0.0029549247301340342,0.0,0.9982372678350325,ALB,0.00940652560552997,0.0,0.989302631359521,0.005781252226313428,1.9400885697250574
2023-02-17,4079.090087890625,4081.510009765625,4047.949951171875,4077.389892578125,4045480000,240,329,357,255,243,12,-51813,-0.002767405825327751,1.5438116936210746,SHLS,-0.0006639080324986783,0.00012667080047137997,0.9966804598375066,GGAL,-0.006174858639118981,-0.000727487478368771,0.9691257068044051,ACLS,-0.008176075412499628,-0.00027072469931408593,0.9591196229375019,AXON,-0.003929354988185667,-0.0006902040070100925,0.9803532250590716,PR,-0.0073143408303344,-0.0009843716091728573,0.963428295848328,-0.028804654896031782,1.8842049880063911
2023-02-21,3997.340087890625,4052.35009765625,3995.18994140625,4052.35009765625,4121590000,120,252,328,37,461,-424,-52237,-0.020041234255327334,1.512871801823101,SHLS,-0.011719054730764823,0.0,0.9382796955479087,GGAL,-0.0021052380856011687,0.0,0.9589245050659062,ACLS,-0.0017715112414526059,0.0,0.950624166967844,AXON,0.000538951474614624,0.0,0.9829950391405156,PR,-0.008820517159254382,0.0,0.9209386167721211,-0.023877369742458354,1.8392151288371783
2023-02-22,3991.050048828125,4017.3701171875,3976.89990234375,4001.830078125,4079320000,116,250,325,204,294,-90,-52327,-0.0015735561458868341,1.5104912131014034,SHLS,-0.0011541581890157416,0.0,0.9328650795768896,GGAL,0.001215807671262459,0.0,0.9647538439130097,ACLS,0.0023665706631879058,0.0,0.9618727632941617,AXON,0.004025917668152835,0.0,1.0027823246194274,PR,-0.003433511278645174,0.0,0.9051283511339863,0.0030206265349422843,1.8447707108588114
2023-02-23,4012.320068359375,4028.300048828125,3969.18994140625,4018.60009765625,3952940000,121,266,329,310,188,122,-52205,0.005329429416074394,1.518541269405228,SHLS,0.0016583652457051734,0.0,0.9406002347114011,GGAL,0.004531717656570411,0.0,0.9866138040565334,ACLS,0.003974485327828114,0.0,0.9809875092189123,AXON,0.0014980081364445398,0.0,1.0102932050262408,PR,0.03078604491446395,0.0,1.0444549614908143,0.04244862128101219,1.9230786841143608
2023-02-24,3970.0400390625,3978.25,3943.080078125,3973.239990234375,3877700000,99,235,308,109,389,-280,-52485,-0.010537551485558128,1.5025395625959257,SHLS,-0.005838808333733337,0.0,0.9131403122656788,GGAL,-0.00132941112277023,0.0,0.9800557272315764,ACLS,-0.0019886101721957594,0.0,0.9712335005207637,AXON,-0.0015278817531429124,0.0,1.0025751622598214,PR,0.008136239597264927,0.0,1.0869446405670211,-0.002548471784577313,1.9181777723483733
2023-02-27,3982.239990234375,4018.050048828125,3973.550048828125,3992.360107421875,3836950000,102,245,308,263,235,28,-52457,0.0030730045671669703,1.507156873534132,SHLS,0.0054214262863495405,0.0,0.9378929267258918,GGAL,0.0038661907195248093,0.0,0.9990011390177757,ACLS,0.00294808403147413,0.0,0.9855498903893537,AXON,0.0014673191904477356,0.0,1.0099306511370718,PR,0.0030909186757443145,0.0,1.1037429280121651,0.01679393890354053,1.9503915326633214
2023-02-28,3970.14990234375,3997.5,3968.97998046875,3977.18994140625,5043400000,92,225,297,198,300,-102,-52559,-0.0030360018281855305,1.50258114251072,SHLS,0.002391760128060572,0.0,0.9491090012585569,GGAL,-0.005689274045393678,0.0,0.9705831827601129,ACLS,0.005187951707010807,0.0,1.0111148165703026,AXON,0.005477762019240951,0.0,1.0375914499514014,PR,-0.006445852446638645,0.0,1.0681701077472285,0.0009223473622800068,1.9521904711488864
2023-03-01,3951.389892578125,3971.72998046875,3939.050048828125,3963.340087890625,4249480000,94,216,290,182,316,-134,-52693,-0.004725264845680033,1.4954810486602323,SHLS,0.004971464386677837,0.0,0.9727013092527184,GGAL,0.001501500028148639,0.0,0.9778698361412874,ACLS,0.005756982107187359,0.0,1.0402196661068388,AXON,0.02071788752723669,0.0,1.1450749647479792,PR,0.006105479261488567,0.0,1.100778559950192,0.03905331331073909,2.0284299772609033
2023-03-02,3981.35009765625,3990.840087890625,3928.159912109375,3938.679931640625,4244900000,138,234,304,382,116,266,-52427,0.0075821940867943916,1.5068200762242971,SHLS,-0.005407557180834011,0.0,0.9464016195044375,GGAL,-0.014008971153349337,0.0,0.9093750845101187,ACLS,-0.004643084084532112,0.0,1.0160705292262489,AXON,-0.002488012331829581,0.0,1.1308301615821676,PR,0.01382406159684333,0.0,1.1768647130363719,-0.012723563153701715,2.0026211203423627
2023-03-03,4045.639892578125,4048.2900390625,3995.169921875,3998.02001953125,4084730000,209,272,335,442,56,386,-52041,0.0161477371607488,1.5311518107637065,GGAL,0.006556729481693221,-2.3669425527933924e-05,1.0327836474084662,TRMD,0.0028697517498238226,-0.0002321117205038169,1.0143487587491191,FRO,0.0026834786910094302,1.2590593228693854e-05,1.0134173934550472,H,0.003428115587792775,-0.0010998146411126549,1.017140577938964,VLO,0.005043576188890576,-0.0010465543708794093,1.025217880944453,0.018192092134414705,2.039052988273956
2023-03-06,4048.419921875,4078.489990234375,4044.610107421875,4055.14990234375,4000870000,203,259,323,184,314,-130,-52171,0.0006871667698291617,1.532203967407627,GGAL,0.0031152619488580505,0.0,1.0488706053993382,TRMD,-0.012764779225872713,0.0,0.9496090689317664,FRO,-0.008113810225305952,0.0,0.9723040114074549,H,0.0008794607785845177,0.0,1.0216132541619845,VLO,-0.0020967331254465593,0.0,1.0144698394855711,-0.018980599849182656,2.000350539432248
2023-03-07,3986.3701171875,4050.0,3980.31005859375,4048.260009765625,3922500000,126,195,298,32,466,-434,-52605,-0.015326919115337678,1.508720001130971,GGAL,-0.005674829624214728,0.0,1.0191097954818973,TRMD,0.004172781769914202,0.0,0.9694216259886849,FRO,-0.0004393327257129265,0.0,0.9701681865496887,H,-0.003194400259290653,0.0,1.0052960459420355,VLO,-0.003908676497072006,0.0,0.9946436673926428,-0.00904445733637611,1.982258454320556
2023-03-08,3992.010009765625,4000.409912109375,3969.760009765625,3987.550048828125,3535570000,142,199,298,288,210,78,-52527,0.0014147940136839399,1.5108545291568962,GGAL,0.008050503321468883,0.0,1.0601315294492397,TRMD,0.003108788281109565,0.0,0.9844902589403238,FRO,0.00451293732236917,0.0,0.9920597276399653,H,-0.002554177694862747,0.0,0.9924575222556412,VLO,-0.006118574914610742,0.0,0.9642146584312175,0.00699947631547413,1.996133225422721
2023-03-09,3918.320068359375,4017.81005859375,3908.699951171875,3998.659912109375,4445260000,67,136,259,23,475,-452,-52979,-0.01845935787384867,1.482965124707864,GGAL,-0.009408198824662173,0.0,1.0102618884024814,TRMD,-0.0059523522946512315,0.0,0.9551900946809977,FRO,-0.0038751378413562467,0.0,0.9728378866826493,H,-0.01255216050536543,0.0,0.9301700916850908,VLO,-0.0007381375311118266,0.0,0.9606560432940362,-0.032525986997146906,1.9312070220880486
2023-03-10,3861.590087890625,3934.050048828125,3846.320068359375,3912.77001953125,5518190000,35,89,230,40,458,-418,-53397,-0.01447813845705137,1.461494550305365,GGAL,-0.013535028252174919,0.0,0.9418922723943656,TRMD,-0.010166535028672576,0.0,0.9066352268979205,FRO,-0.003183317792848728,0.0,0.9573536259114781,H,-0.002831717939306167,0.0,0.9170001950089371,VLO,-0.0001814301153934883,0.0,0.9597845836100948,-0.029898029128395877,1.8734677382886975
2023-03-13,3855.760009765625,3905.050048828125,3808.860107421875,3835.1201171875,6558020000,50,92,216,210,288,-78,-53475,-0.001509761003189447,1.45928804282694,GGAL,-0.007514929887347744,0.0,0.9065010004519741,TRMD,-0.0011696212159743701,0.0,0.9013331279152728,FRO,-0.004127137756918886,0.0,0.9375979744303659,H,-0.005293117918196888,0.0,0.8927312441929779,VLO,-0.006128922910108226,0.0,0.9303723549938118,-0.024233729688546115,1.8280666275387973
2023-03-14,3919.2900390625,3937.2900390625,3873.6298828125,3894.010009765625,5665870000,113,127,238,435,63,372,-53103,0.016476655480623936,1.4833322291555935,GGAL,-0.0049689430005604995,0.0,0.8839792414459895,TRMD,0.009349906212690629,0.0,0.9434700289772672,FRO,0.0031890546696763614,0.0,0.9525482304235471,H,0.004768983535826932,0.0,0.9140183472203509,VLO,0.005479668414850237,0.0,0.9558630150323589,0.01781866983248366,1.860640343206693
2023-03-15,3891.929931640625,3894.260009765625,3838.239990234375,3876.739990234375,6594010000,103,102,212,138,360,-222,-53325,-0.00698088356543769,1.4729772595749973,GGAL,-0.012374897852143518,0.0,0.8292834773644423,TRMD,-0.012185769415183501,0.0,0.8859854878609998,FRO,-0.007394160446995191,0.0,0.9173317581772819,H,-0.008010877888612345,0.0,0.8774079003826833,VLO,-0.011077353463577168,0.0,0.9029208526309889,-0.05104305906651172,1.765667568266859
2023-03-16,3960.280029296875,3964.4599609375,3864.110107421875,3878.929931640625,5695790000,140,131,233,423,75,348,-52977,0.017562006217166637,1.4988456953653984,GGAL,0.0110572433546269,0.0,0.8751314234603916,TRMD,0.017259857467367246,0.0,0.9624454040541833,FRO,-0.004086671965373001,0.0,0.8985875882818347,H,0.0032096737588426017,0.0,0.8914888659509808,VLO,0.004568474704146119,0.0,0.9235457080064424,0.03200857731960986,1.8221840751464564
2023-03-17,3916.639892578125,3958.909912109375,3901.27001953125,3958.68994140625,9354280000,120,109,205,43,455,-412,-53389,-0.011019457310067593,1.4823292292109407,TRMD,-0.009317437108720902,-0.0006643782347687332,0.9534128144563955,GE,-0.00346486873624652,0.0011301778790927444,0.9826756563187674,FRO,-0.005460923732541135,0.001248215297040161,0.9726953813372943,TH,-0.007902672681388558,-0.00027390263515540735,0.9604866365930572,ENIC,-0.010445954896441302,-9.341803017319556e-05,0.9477702255177936,-0.03524516287930285,1.7579609006218477
2023-03-20,3951.570068359375,3956.6201171875,3916.889892578125,3917.469970703125,5347140000,161,135,242,440,58,382,-53007,0.008918403718310097,1.4955492397204952,TRMD,0.003069672603378093,0.0,0.9680461404376275,GE,-0.000819611553848687,0.0,0.978648594710744,FRO,0.00930818802299478,0.0,1.017965538830225,TH,-0.0008636606881893051,0.0,0.9563389638452743,ENIC,0.002702714120473049,0.0,0.9605779853751479,0.01339730250480793,1.7815128345991034
2023-03-21,4002.8701171875,4009.080078125,3971.18994140625,3975.889892578125,4920240000,189,138,258,386,112,274,-52733,0.012982193897784988,1.5149647499342316,TRMD,0.004593010901933825,0.0,0.9902773728206524,GE,0.0050267193188954454,0.0,1.0032455536979559,FRO,0.010096147687012547,0.0,1.0693531909318212,TH,0.011772004942562076,0.0,1.0126290988910307,ENIC,0.003555540450112993,0.0,0.9776548547875948,0.035043423300516886,1.8439431429772632
2023-03-22,3936.969970703125,4039.489990234375,3936.169921875,4002.0400390625,4533010000,116,107,225,11,487,-476,-53209,-0.01646322377571363,1.4900235462437463,TRMD,0.0003410183263399258,0.0,0.9919658864821104,GE,-0.005619438167068203,0.0,0.9750571719209971,FRO,-0.005263174713586217,0.0,1.0412122275597957,TH,-0.005617314662968487,0.0,0.984187817464285,ENIC,-0.0017467112989776991,0.0,0.9691164508808053,-0.01790562051626068,1.8109261968055514
2023-03-23,3948.719970703125,4007.659912109375,3919.050048828125,3959.2099609375,4991600000,122,106,216,192,306,-114,-53323,0.0029845287333754023,1.4944705643309166,TRMD,-0.004425545023975341,0.0,0.9700159380177394,GE,0.0044647932211277835,0.0,0.9968243151780215,FRO,-0.003525254997369798,0.0,1.0228595345171572,TH,-0.009632753297267116,0.0,0.9367856252452389,ENIC,0.005286327539858249,0.0,0.9947317857989098,-0.007832432557626223,1.7967422395022334
2023-03-24,3970.989990234375,3972.739990234375,3909.159912109375,3939.2099609375,4583970000,174,124,224,368,130,238,-53085,0.005639807253104534,1.5028990902591814,TRMD,0.0072773117174511626,0.0,1.0053114797769938,GE,-0.00048040296997056144,0.0,0.9944299283702696,FRO,-0.00490430518434215,0.0,0.9977774579272257,TH,-0.000126505105837027,0.0,0.9361930844218976,ENIC,0.0017167372406421855,0.0,1.0032702513045673,0.0034828356979436093,1.8029999975139752
2023-03-27,3977.530029296875,4003.830078125,3970.489990234375,3982.929931640625,4233540000,199,133,238,366,132,234,-52851,0.0016469543057482383,1.505374296386989,TRMD,-0.003208261899746323,0.0,0.9891849671872631,GE,0.004246463575756376,0.0,1.0155439807176014,FRO,0.004537099644140597,0.0,1.0204125366736914,TH,-0.0017721562231986622,0.0,0.9278976824185285,ENIC,-0.000851051079887899,0.0,0.9990010801506065,0.002952094017064089,1.808322623019403
2023-03-28,3971.27001953125,3979.199951171875,3951.530029296875,3974.1298828125,4014600000,217,137,246,301,197,104,-52747,-0.0015738434957162095,1.503005072842002,TRMD,0.0076284289166517645,0.0,1.0269146032253058,GE,-0.00036440308301004536,0.0,1.0136936439300726,FRO,0.0008393166630478177,0.0,1.024694782899757,TH,-0.004725413654716304,0.0,0.9059741805251279,ENIC,0.0034188259749382333,0.0,1.0160781343596577,0.006796754816911466,1.82061334851794
2023-03-29,4027.81005859375,4030.590087890625,3999.530029296875,3999.530029296875,4145250000,315,182,276,459,39,420,-52327,0.014237268879836451,1.5244037601918117,TRMD,-0.006251860856015101,0.0,0.994813967173433,GE,0.0019755635563705634,0.0,1.0237067250314362,FRO,-0.003701494837071051,0.0,1.0057302706573716,TH,0.0036625210421159515,0.0,0.9225649280240631,ENIC,0.006722659935284936,0.0,1.0502318731845512,0.002407388840685298,1.824996272776365
2023-03-30,4050.830078125,4057.85009765625,4032.10009765625,4046.739990234375,3930860000,352,207,285,361,137,224,-52103,0.005715269388667954,1.5331161383384062,TRMD,-0.02547788419731374,0.0,0.868085191905858,GE,-2.130314997519367e-05,0.0,1.0235976841419665,FRO,-0.0014598473335163398,0.0,0.9983892073880924,TH,-0.002055232505435423,0.0,0.9130845008818144,ENIC,0.008130076532305975,0.0,1.0929242007128386,-0.020884190653934723,1.786882702672983
2023-03-31,4109.31005859375,4110.75,4056.179931640625,4056.179931640625,4525120000,442,262,310,469,29,440,-51663,0.014436542471763847,1.5552490345836751,GE,0.0020617696855152576,0.0030553947695213233,1.0103088484275762,FRO,0.004240188034789665,0.00016394412845934143,1.0212009401739484,VLO,0.004083628340380619,-0.00033382030179223885,1.0204181417019031,PBF,0.0010988026244689744,-3.999999999999967e-05,1.0054940131223449,YPF,-0.010224392498969994,0.000896563167156648,0.94887803750515,0.0050020779495295944,1.7958208292384195
2023-04-03,4124.509765625,4127.66015625,4098.7900390625,4102.2001953125,4234700000,449,278,314,236,262,-26,-51689,0.0036988464765423945,1.561001661995391,GE,0.002761493218415856,0.0,1.0242586535947675,FRO,-0.019927502834964497,0.0,0.9194510170220246,VLO,-0.001532939292654767,0.0,1.01259694638014,PBF,-4.614183870319533e-05,0.0,1.0052620364094922,YPF,0.012204009184457255,0.0,1.0067786189283632,-0.006541081563449349,1.7840742187210297
2023-04-04,4100.60009765625,4133.1298828125,4086.8701171875,4128.02978515625,4227800000,392,232,300,116,382,-266,-51955,-0.005796972083329965,1.551952578938772,GE,-0.0038588330057711673,0.0,1.0044964381000765,FRO,0.0006706659309460239,0.0,0.9225342393834763,VLO,-0.016025423665260476,0.0,0.9314604710406862,PBF,-0.01587081813556319,0.0,0.9254903816172875,YPF,-0.004291845634095215,0.0,0.9851739268276226,-0.03937625450974403,1.7138240582203976
2023-04-05,4090.3798828125,4099.68994140625,4072.56005859375,4094.5,3968020000,364,226,299,223,275,-52,-52007,-0.002492370531228194,1.5480845380651613,GE,-0.0016833159313111913,0.0,0.9960420138140804,FRO,0.006417097548155182,0.0,0.9521342004116609,VLO,0.012022257084273803,0.0,0.9874517572741357,PBF,0.011475846970271864,0.0,0.97859431157678,YPF,0.001228081593700292,0.0,0.9912232966582748,0.02945996726508995,1.764313258873694
2023-04-06,4105.02001953125,4107.31982421875,4069.840087890625,4081.14990234375,3486690000,360,228,296,262,236,26,-51981,0.0035791630944272956,1.5536253851108577,GE,-0.0013792942573195078,0.0,0.9891728386655668,FRO,-0.006865247225759852,0.0,0.9194510170220247,VLO,-0.0037012261780253078,0.0,0.969177845806335,PBF,-0.00800950146541013,0.0,0.9394040487136989,YPF,-0.00540541259633296,0.0,0.9644334421905982,-0.025360681722847757,1.719569071855998
2023-04-10,4109.10986328125,4109.5,4072.550048828125,4085.199951171875,3423650000,409,255,301,344,154,190,-51791,0.0009963029974375814,1.5551732667389389,GE,0.0016239467865670765,0.0,0.9972046589291187,FRO,0.0006706659309460239,0.0,0.9225342393834765,VLO,0.0037861049021915786,0.0,0.9875248907718492,PBF,0.006319453174165446,0.0,0.9690866482010372,YPF,0.02043011395895511,0.0,1.0629508678395045,0.032830284752825234,1.7760230141371818
2023-04-11,4108.93994140625,4124.259765625,4102.60986328125,4110.2900390625,3665830000,418,275,323,370,128,242,-51549,-4.1352477946232646e-05,1.5551089564707234,GE,-0.0009537952844289155,0.0,0.992449013422633,FRO,0.0016042553366590441,0.0,0.9299341417673846,VLO,0.0023833933560836853,0.0,0.9992931920900137,PBF,0.004067950522789943,0.0,0.988797630886928,YPF,0.0017886122759592116,0.0,1.0724569026943007,0.00889041620706297,1.7918125979261836
2023-04-12,4091.949951171875,4134.3701171875,4086.93994140625,4121.72021484375,3633120000,391,260,313,182,316,-134,-51683,-0.004134884052006904,1.5486787612474795,GE,0.00040460542089530986,0.0,0.994456764676598,FRO,0.0009283991472262443,0.0,0.9342508920883517,VLO,-0.004374208450929485,0.0,0.9774376084610314,PBF,-0.009990635218032297,0.0,0.9394040487136988,YPF,0.0020950864792802725,0.0,1.0836913524765288,-0.010936752621559954,1.7722159867984704
2023-04-13,4146.22021484375,4150.259765625,4099.39990234375,4100.0400390625,3596590000,418,288,327,388,110,278,-51405,0.01326268999363811,1.5692184075576363,GE,0.00042508264271834406,0.0,0.9965703962245873,FRO,0.00673268336964199,0.0,0.9657009693095339,VLO,-0.0008824293658494132,0.0,0.9731250102160732,PBF,-0.003159687668202538,0.0,0.9245629317727977,YPF,-0.0030302963470698833,0.0,1.0672718227427245,8.535263123850018e-05,1.7723672500960665
2023-04-14,4137.64013671875,4163.18994140625,4113.2001953125,4140.10986328125,3575690000,390,282,314,171,327,-156,-51561,-0.0020693734728036706,1.5659711086120014,TRMD,0.004552941548235138,-0.00022645392954308925,1.0227647077411757,H,-0.0005738228323670124,0.0010572391850488384,0.9971308858381649,PR,-0.0010854427827226441,0.00018211785533474333,0.9945727860863868,GE,0.0031635663491053016,-9.933314148135609e-06,1.0158178317455264,YPF,0.0006058488652163478,0.00012177890293324293,1.0030292443260818,0.007787839847092731,1.786170162390047
2023-04-17,4151.31982421875,4151.72021484375,4123.18017578125,4137.169921875,3611180000,422,298,324,375,123,252,-51309,0.00330615690296554,1.5711484548025836,TRMD,0.01309595181560015,0.0,1.0897350943975497,H,0.0029293646952067934,0.0,1.011735685905538,PR,-0.005164716674212033,0.0,0.9688893528262974,GE,0.002787097436463215,0.0,1.0299737481193842,YPF,-0.0027309249622226254,0.0,0.9893332563202348,0.0109167723108355,1.8056693753612671
2023-04-18,4154.8701171875,4169.47998046875,4140.35986328125,4164.259765625,3536640000,425,315,324,259,239,20,-51289,0.0008552202959737354,1.5724921328491186,TRMD,0.0027187998835426887,0.0,1.104548952636252,H,0.005844571233028173,0.0,1.0413014923318957,PR,-0.0009140993090543947,0.0,0.964461047386454,GE,0.003513459865931479,0.0,1.0480676052542865,YPF,-0.0009771900203106255,0.0,0.9844994233960471,0.01018554165313732,1.824061095995804
2023-04-19,4154.52001953125,4162.56982421875,4134.490234375,4139.330078125,3572560000,399,307,328,245,253,-8,-51297,-8.42619976980652e-05,1.5723596315206403,TRMD,-0.004582291495403523,0.0,1.079242126276642,H,-0.00017105212233876622,0.0,1.0404109081806063,PR,-0.0020201810864628024,0.0,0.9547191175536529,GE,0.0011373945333615243,0.0,1.054027937078334,YPF,-0.010801961260064408,0.0,0.9313268002356478,-0.016438091430907978,1.7940770129242627
2023-04-20,4129.7900390625,4148.56982421875,4114.56982421875,4130.47998046875,3772080000,356,297,314,170,328,-158,-51455,-0.00595254815297297,1.5630000851002228,TRMD,-0.0071489945156089085,0.0,1.040664646067813,H,-0.0005820697806360853,0.0,1.0373829494351259,PR,-0.005936960954313686,0.0,0.9263784669373887,GE,0.0014743178906299727,0.0,1.061797798302626,YPF,-0.0013840981743324932,0.0,0.9248815616160825,-0.0135778055342612,1.7697173841292888
2023-04-21,4133.52001953125,4138.02001953125,4113.85986328125,4132.14013671875,3611750000,343,296,312,258,240,18,-51437,0.0009031888869577287,1.5644117694073993,TRMD,-0.00693949496504005,0.0,1.0045562107093993,H,0.001562380144475295,0.0,1.0454868820471992,PR,-0.0005735619378178569,0.0,0.923721789794142,GE,-0.0005012401963783609,0.0,1.0591367196179495,YPF,-0.003135877328901016,0.0,0.9103799860111302,-0.009587794283661988,1.7527496979100368
2023-04-24,4137.0400390625,4142.41015625,4117.77001953125,4132.06982421875,3290940000,339,309,312,303,195,108,-51329,0.0008515791660903549,1.5657439898774133,TRMD,0.007311845548399854,0.0,1.041282009996364,H,0.0008006846631360532,0.0,1.0496724086070248,PR,0.0034515811153142287,0.0,0.9396632932214306,GE,0.0012863081757636065,0.0,1.0659486007264296,YPF,0.0023008869424180566,0.0,0.920853393123389,0.0151513064450318,1.7793061457045085
2023-04-25,4071.6298828125,4126.43017578125,4071.3798828125,4126.43017578125,3978640000,219,239,279,87,411,-324,-51653,-0.015810858882773227,1.540988232606911,TRMD,-0.009721411151508576,0.0,0.9906683572771444,H,-0.0038347458248580105,0.0,1.0295462741751527,PR,-0.009802092407978536,0.0,0.8936099610587211,GE,-0.003414833570865028,0.0,1.0477484153935435,YPF,-0.005424329157302333,0.0,0.8958783335737891,-0.03219741211251248,1.7220170924569342
2023-04-26,4055.989990234375,4089.669921875,4049.35009765625,4087.780029296875,3837030000,142,204,254,100,398,-298,-51951,-0.003841187197329843,1.5350690083365854,TRMD,-0.007227419022783988,0.0,0.9548684806238694,H,-0.00837297979809728,0.0,0.9864444234007783,PR,-0.004757177922690037,0.0,0.8723546531674989,GE,-0.004530687211335494,0.0,1.0240133136619407,YPF,-0.0017985508781393823,0.0,0.8878219197560132,-0.02668681483304618,1.6760619411711954
2023-04-27,4135.35009765625,4138.240234375,4075.2900390625,4075.2900390625,3750550000,237,264,283,437,61,376,-51575,0.01956614972249704,1.5651043983880641,TRMD,0.003943114506255264,0.0,0.973694259411439,H,0.0010652971732696415,0.0,0.9916987056799605,PR,0.0046700544916409735,0.0,0.8927243719991429,GE,0.003845755638073234,0.0,1.043703838534328,YPF,0.0010889194818520132,0.0,0.8926557526802011,0.014613141291091127,1.7005544711301503
2023-04-28,4169.47998046875,4170.06005859375,4127.18017578125,4129.6298828125,4087800000,285,304,312,405,93,312,-51263,0.008253202753460531,1.5780215223182936,TFPM,-0.004773552464195665,-0.00045797059432703483,0.9761322376790217,ELF,0.0006872470656226414,-1.1295626834712062e-05,1.0034362353281132,ENIC,0.0012324579506492958,0.00011856925235238169,1.0061622897532465,AGI,0.001357494914506902,-0.0004189796371358282,1.0067874745725345,PCG,0.0014485373514152183,-0.0005088451813022734,1.007242686757076,-0.0013263369692490738,1.6982989628668685
2023-05-01,4167.8701171875,4186.919921875,4164.1201171875,4166.7900390625,3321370000,279,316,298,270,228,42,-51221,-0.0003861064902076494,1.5774122379668392,TFPM,0.0,0.0,0.9761322376790217,ELF,-8.624604270408566e-05,0.0,1.0030035233060985,ENIC,0.0007117331008060558,0.0,1.0097428847852474,AGI,0.0017014547042657924,0.0,1.015352490996571,PCG,0.0010520514085167853,0.0,1.0125410421936811,0.003378993170884548,1.7040375034645159
2023-05-02,4119.580078125,4164.10009765625,4089.719970703125,4164.10009765625,4486130000,199,247,268,95,403,-308,-51529,-0.011586262936400304,1.5591359250186596,TFPM,0.007151670838642987,0.0,1.0110371199733637,ELF,-0.0021138984987735033,0.0,0.992402285095192,ENIC,-0.0014184185245385674,0.0,1.0025816947212454,AGI,0.006901848369392116,0.0,1.0503915356682856,PCG,0.0006976604438746925,0.0,1.016073091358372,0.011218862628597726,1.723154866129863
2023-05-03,4090.75,4148.2998046875,4088.860107421875,4122.25,4246510000,181,233,251,148,350,-202,-51731,-0.006998305064656485,1.5482246161781137,TFPM,0.002023847253131228,0.0,1.0212680434637227,ELF,0.0015914614648621318,0.0,1.0002991350670427,ENIC,0.0021428455116806245,0.0,1.0133235831443783,AGI,0.00296516106151139,0.0,1.0659644360728093,PCG,0.0003476287159417169,0.0,1.0178391722786313,0.009070944007127092,1.7387855074361356
2023-05-04,4061.219970703125,4082.610107421875,4048.280029296875,4082.550048828125,4920090000,171,224,248,148,350,-202,-51933,-0.007218732334382416,1.5370483970804218,TFPM,0.00011782341130035513,0.0,1.0218696898873874,ELF,-0.006596740589368455,0.0,0.9673055655380081,ENIC,-0.0021201299568693434,0.0,1.0025816947212454,AGI,0.0008765484943805025,0.0,1.0706362836803232,PCG,-0.0005783906530263839,0.0,1.014895628960981,-0.008300889293583325,1.724352041433621
2023-05-05,4136.25,4147.02001953125,4084.72998046875,4084.72998046875,4186270000,240,273,273,454,45,409,-51524,0.018474751389515376,1.5654449840901357,TFPM,0.0028268780144178776,0.0,1.0363131946871007,ELF,-0.0023037324991907362,0.0,0.9561634991981182,ENIC,0.008571423271145618,0.0,1.0455494550680369,AGI,0.0008727095527363727,0.0,1.075308056241693,PCG,0.0003480320280948135,0.0,1.0166617098812403,0.010315310367203945,1.7421392679233307
2023-05-08,4138.1201171875,4142.2998046875,4123.81005859375,4136.97998046875,3641640000,235,277,274,222,277,-55,-51579,0.0004521286642489297,1.5661527666397475,TFPM,-0.00232286871692915,0.0,1.0242770971827029,ELF,0.003665579268624253,0.0,0.9736879646984974,ENIC,0.004794527587582299,0.0,1.0706140336005636,AGI,0.00014482896998142537,0.0,1.0760867350326841,PCG,0.0016213207053038749,0.0,1.0249033832838408,0.007903387814562702,1.7559080701847072
2023-05-09,4119.169921875,4130.35009765625,4116.64990234375,4124.25,3810140000,213,264,264,184,315,-131,-51710,-0.004579421277258522,1.55898069333676,TFPM,-0.00047006953527264363,0.0,1.0218696898873874,ELF,-0.007688032446074012,0.0,0.9362592413737283,ENIC,0.00401337540871638,0.0,1.0920979137739595,AGI,-0.001157737557867522,0.0,1.0698576048893322,PCG,-0.0014933977833860856,0.0,1.017250441079936,-0.006795861913883884,1.7439751614062575
2023-05-10,4137.64013671875,4154.27978515625,4098.919921875,4143.740234375,4057160000,217,258,268,263,236,27,-51683,0.004483965263404999,1.5659711086120012,TFPM,-0.008833919136329471,0.0,0.9767341188457311,ELF,0.004436737380118005,0.0,0.9570289232421471,ENIC,-0.0032786959695814133,0.0,1.0741946286325648,AGI,-0.0017467315684760677,0.0,1.0605138346281602,PCG,0.001041679127738293,0.0,1.0225486838407136,-0.008380930166530654,1.7293590273663477
2023-05-11,4130.6201171875,4132.7998046875,4109.2900390625,4132.240234375,3752900000,201,249,257,162,337,-175,-51858,-0.0016966239932159066,1.5633142444564472,TFPM,-0.01417126006251106,0.0,0.9075263527952789,ELF,0.002486715177898491,0.0,0.9689282149877175,ENIC,0.002666684365686356,0.0,1.0885173187419583,AGI,-0.00543317088290054,0.0,1.0317040701920857,PCG,-0.00023029952822755108,0.0,1.0213712214433226,-0.014681330930054306,1.7039697351887055
2023-05-12,4124.080078125,4143.740234375,4099.1201171875,4138.5400390625,3533740000,204,251,259,251,248,3,-51855,-0.0015833068345566526,1.5608390383286395,SPNT,0.011718111537694226,-0.00025198669143084666,1.058590557688471,ELF,0.0008904188175243071,6.261174695077364e-05,1.0044520940876216,AGI,0.00040246054583226816,9.144724471252244e-05,1.0020123027291614,FCNCA,-0.0020857804324727817,2.031343434147644e-05,0.9895710978376361,ENLT,0.0003630086765127536,0.0003285102135473878,1.0018150433825637,0.011539115093212086,1.723632038078398
2023-05-15,4136.27978515625,4141.25,4110.27001953125,4126.64990234375,3562170000,222,256,261,329,170,159,-51696,0.0029581644391338813,1.5654562568670352,SPNT,-0.00044151118846236237,0.0,1.0562536598123708,ELF,0.002813150138861076,0.0,1.018580466827431,AGI,0.003906835180227874,0.0,1.0215857873057785,FCNCA,0.004818029789721657,0.0,1.0134100129797825,ENLT,0.006853939735924364,0.0,1.0361469430519963,0.01795044365627261,1.7545719978620704
2023-05-16,4109.89990234375,4135.5400390625,4109.85986328125,4127.9501953125,3654200000,157,216,233,62,437,-375,-52071,-0.006377683373153031,1.5554722725262158,SPNT,-0.0011061989147312934,0.0,1.050411526551544,ELF,-0.00543905183522111,0.0,0.9908799070403405,AGI,-0.007369194548827052,0.0,0.9839444652309138,FCNCA,-0.0007314678010609255,0.0,1.0097036290109453,ENLT,0.0043454603133687986,0.0,1.0586596201512506,-0.010300452786471582,1.736499111837627
2023-05-17,4158.77001953125,4164.669921875,4113.6201171875,4122.85009765625,4039080000,207,249,249,381,118,263,-51808,0.011890829058788244,1.5739681274245099,SPNT,0.005339260894960241,0.0,1.0784536324882046,ELF,0.002402604015920762,0.0,1.002783367260092,AGI,-0.0032134746864776356,0.0,0.9681350620713173,FCNCA,0.009098335495097531,0.0,1.0556367408477407,ENLT,0.0019138788972502764,0.0,1.068790351683143,0.015540604616751176,1.763485357952035
2023-05-18,4198.0498046875,4202.2001953125,4153.5,4157.68017578125,3980500000,241,261,269,346,153,193,-51615,0.009445048649426635,1.5888343329606813,SPNT,0.004117021527209763,0.0,1.100653716593462,ELF,0.0010428249919804068,0.0,1.0080120050446975,AGI,-0.003110407085450673,0.0,0.9530785912876181,FCNCA,0.00036401967412174057,0.0,1.0575581035597124,ENLT,-0.005581892501669051,0.0,1.0389609874335612,-0.0031684333938078128,1.7578978720544087
2023-05-19,4191.97998046875,4212.91015625,4180.2001953125,4204.14990234375,4041900000,239,260,263,196,303,-107,-51722,-0.0014458676054706077,1.586537088868194,SPNT,0.00021231908282044466,0.0,1.1018221655315121,ELF,-0.0017658162374328823,0.0,0.9991121852145214,AGI,0.0007898937210925272,0.0,0.9568427452624471,FCNCA,-0.002282933554280575,0.0,1.0454864291586234,ENLT,0.00249189015159188,0.0,1.0519058706959306,-0.0005546468362086052,1.7569228595612958
2023-05-22,4192.6298828125,4209.22021484375,4179.68017578125,4190.77978515625,3728520000,247,266,264,280,219,61,-51661,0.0001550346964389604,1.586783057164156,SPNT,-0.0014846372477870019,0.0,1.093643134394585,ELF,-0.008595926322864501,0.0,0.9561707115526205,AGI,-0.0009441345001515167,0.0,0.9523258040273372,FCNCA,0.0001286231558725426,0.0,1.046158797978325,ENLT,0.001605132308658197,0.0,1.060348111189537,-0.00929094260627228,1.740599390109464
2023-05-23,4145.580078125,4185.68017578125,4142.5400390625,4176.7998046875,4155320000,187,215,249,103,396,-293,-51954,-0.011222026747550129,1.5689761352541003,SPNT,0.002136760366190593,0.0,1.105327400916239,ELF,-0.002187306213815843,0.0,0.9457135208583817,AGI,0.0034782461615612717,0.0,0.9688879218894064,FCNCA,-0.001317652771734168,0.0,1.0392664277791737,ENLT,-0.008492560834195717,0.0,1.0153227569910286,-0.006382513291993863,1.729489991366054
2023-05-24,4115.240234375,4132.9599609375,4103.97998046875,4132.9599609375,3739160000,139,169,228,83,416,-333,-52287,-0.007318600335353365,1.5574934259844682,SPNT,-0.0010570864806181746,0.0,1.099485267655412,ELF,0.003387824434362674,0.0,0.9617330777277375,AGI,-0.006060588359872044,0.0,0.9395277675822886,FCNCA,-0.0008503614821358641,0.0,1.0348476670798719,ENLT,0.0019955475464773277,0.0,1.0254533811740087,-0.002584664341786081,1.7250198402558943
2023-05-25,4151.27978515625,4165.740234375,4129.72998046875,4155.7099609375,4147760000,146,167,219,213,286,-73,-52360,0.008757581265902425,1.571133301233636,SPNT,0.0004250894386395032,0.0,1.1018221655315124,ELF,0.04094853719482199,0.0,1.158640891251862,AGI,-0.0025641225641627186,0.0,0.9274824458397127,FCNCA,-0.003782666965439918,0.0,1.015275246657244,ENLT,-0.002305149202928192,0.0,1.0136342659527424,0.03272168790093066,1.7814654010916608
2023-05-26,4205.4501953125,4212.8701171875,4156.16015625,4156.16015625,3715460000,191,187,231,347,152,195,-52165,0.01304908677799732,1.591635156021235,ENLT,0.0011336921397687336,4.474869115031633e-05,1.0056684606988437,SPNT,0.0012802150211988963,-0.00035461533677495365,1.0064010751059944,FCNCA,0.0010858627914639913,0.000284352851121287,1.00542931395732,ELF,-0.004163712055738312,-0.00014334204853574882,0.9791814397213084,ENIC,-0.00019980019980016315,-0.0001065645432048383,0.9990009990009991,-0.001139162689350791,1.779436022174368
2023-05-30,4205.52001953125,4231.10009765625,4192.18017578125,4226.7099609375,4228510000,183,179,227,207,292,-85,-52250,1.660326849850513e-05,1.591661582367082,ENLT,0.0035359081555802253,0.0,1.023448217258818,SPNT,-0.0010504241245931302,0.0,1.0011153352644555,FCNCA,-0.0005124633474219209,0.0,1.0028530855981865,ELF,0.007207744016333884,0.0,1.0144698855365908,ENIC,-0.006802718214333337,0.0,0.9650213875407927,0.0023780464855657213,1.783667603753189
2023-05-31,4179.830078125,4195.43994140625,4166.14990234375,4190.740234375,5980670000,148,159,216,180,319,-139,-52389,-0.006108624209833935,1.5819387198911719,ENLT,0.000868620232081474,0.0,1.0278931563988116,SPNT,-0.003379088551225751,0.0,0.9842010484252123,FCNCA,-0.003457444571066093,0.0,0.9855165408162949,ELF,-0.0017344966348284531,0.0,1.0056719125236007,ENIC,-0.002816896531678026,0.0,0.9514295605429989,-0.010519306056716849,1.7649046583258585
2023-06-01,4221.02001953125,4232.43017578125,4171.64013671875,4183.02978515625,4391860000,184,186,229,372,127,245,-52144,0.009854453563032717,1.5975278615459028,ENLT,-0.0012973063700908007,0.0,1.021225694700967,SPNT,-0.002148235810151422,0.0,0.9736295687421342,FCNCA,0.003628906361852913,0.0,1.0033982770396925,ELF,0.004845230443734883,0.0,1.030035473358443,ENIC,0.0035714176790313523,0.0,0.9684193223073804,0.008600012304376925,1.7800828601035132
2023-06-02,4282.3701171875,4290.669921875,4241.009765625,4241.009765625,4454200000,331,272,280,457,42,415,-51729,0.014534424705965554,1.620747009965224,ENLT,0.0002176328474090994,0.0,1.0223369559798925,SPNT,0.0047774216312179265,0.0,0.9968867635546446,FCNCA,0.0044415893005684826,0.0,1.0256816922972343,ELF,-0.0025342565468748027,0.0,1.0169836026490833,ENIC,0.003508779576050669,0.0,0.9854091720032052,0.010411166808371375,1.7986155996927735
2023-06-05,4273.7900390625,4299.27978515625,4266.81982421875,4282.990234375,3813290000,307,252,273,198,301,-103,-51832,-0.0020035816359177394,1.617499711019589,ENLT,0.0018478269545477934,0.0,1.0317824648993423,SPNT,-0.007635219484647693,0.0,0.9588295173492456,FCNCA,-0.0063743080021439365,0.0,0.9929916372029203,ELF,-0.0001521091913639472,0.0,1.0162101398819365,ENIC,0.0062068991364166775,0.0,1.015990848696824,-0.006106910587191106,1.7876316150447225
2023-06-06,4283.85009765625,4288.330078125,4263.08984375,4271.33984375,3996560000,334,268,285,323,176,147,-51685,0.0023538963079141606,1.6213071376174102,ENLT,0.004846534952446736,0.0,1.0567853137966239,SPNT,0.0057331915684673,0.0,0.986315283871567,FCNCA,0.005100831039647247,0.0,1.0183170500286942,ELF,0.0035771995861501264,0.0,1.0343860723410727,ENIC,0.004013379547377483,0.0,1.0363786331592366,0.02327113669408889,1.8292318347171033
2023-06-07,4267.52001953125,4299.18994140625,4263.9599609375,4285.47021484375,4537800000,370,300,299,337,162,175,-51510,-0.0038120096998572883,1.6151266990823647,ENLT,0.0006309091955662094,0.0,1.0601189916576919,SPNT,-0.0023579776543782406,0.0,0.9746867368738625,FCNCA,-0.0018762655512277516,0.0,1.0087638840227107,ELF,-0.006561350737300131,0.0,1.0004512232490324,ENIC,0.0,0.0,1.0363786331592366,-0.010164684747339914,1.8106382697874057
2023-06-08,4293.93017578125,4298.009765625,4261.06982421875,4268.68994140625,3826740000,369,296,303,265,234,31,-51479,0.0061886426142414575,1.625122140999705,ENLT,0.00031447260760448793,0.0,1.06178588357608,SPNT,0.00043382870954733477,0.0,0.976800972320217,FCNCA,0.0010715658687409757,0.0,1.0141686687613973,ELF,0.00525704194640686,0.0,1.0267482934788035,ENIC,0.008524604851838724,0.0,1.0805522247820927,0.015601513984138383,1.8388869680737099
2023-06-09,4298.85986328125,4322.6201171875,4291.7001953125,4304.8798828125,3786510000,368,295,300,225,274,-49,-51528,0.001148059539441082,1.6269878779764366,ENLT,0.002617230948081773,4.3639995592444397e-05,1.0130861547404089,SPNT,-0.0019296704526579952,-4.000000000000074e-05,0.99035164773671,FCNCA,0.0017153554404866816,-0.00037282727904952145,1.0085767772024334,ENIC,-0.0014485502390416034,-2.8709452676419053e-05,0.992757248804792,ELF,-0.0034348239849202964,0.00021132050976290504,0.9828258800753985,-0.0026670345144220323,1.8339825930617364
2023-06-12,4338.93017578125,4340.1298828125,4304.3701171875,4308.31982421875,3945670000,394,302,304,334,165,169,-51359,0.009321148810237156,1.642153274099507,ENLT,0.006694125808204588,0.0,1.0469947856123214,SPNT,0.00545851537477109,0.0,1.0173808962147135,FCNCA,-0.0025432493647559173,0.0,0.9957514659627952,ENIC,-0.0062893210734913385,0.0,0.9615384033759456,ELF,0.0017797345443807179,0.0,0.9915717259248064,0.00509980528910914,1.8433355471899666
2023-06-13,4369.009765625,4375.3701171875,4349.31005859375,4352.60986328125,4275400000,417,333,319,400,99,301,-51058,0.006932489951473775,1.6535374851709816,ENLT,-0.0003985950053504661,0.0,1.0449081511514562,SPNT,0.004463337758814668,0.0,1.0400854690605728,FCNCA,0.005717966718585732,0.0,1.0242198346745863,ENIC,0.0025973980145758803,0.0,0.9740258930752813,ELF,-0.005557663576125149,0.0,0.9640176156033672,0.0068224439105006645,1.8559116005689023
2023-06-14,4372.58984375,4391.81982421875,4337.85009765625,4366.2900390625,4252110000,403,323,312,223,276,-53,-51111,0.0008194255259321714,1.6548924359944164,ENLT,-0.004293562560509279,0.0,1.0224762585666818,SPNT,-0.0006236950795857066,0.0,1.0368419881135644,FCNCA,-0.0037090954849911873,0.0,1.0052251888524366,ENIC,0.0038461720294458157,0.0,0.992757248804792,ELF,-0.0011316004662333512,0.0,0.9585632016869975,-0.005911781561873708,1.8449398565881916
2023-06-15,4425.83984375,4439.2001953125,4362.60009765625,4365.330078125,4176690000,452,351,342,439,60,379,-50732,0.01217813742034668,1.6750459434958487,ENLT,0.004999997567157389,0.0,1.0480381525932299,SPNT,-0.004171007426129525,0.0,1.0152186099528415,FCNCA,0.0028016046240217918,0.0,1.0193064065387973,ENIC,0.004402495455942202,0.0,1.014610295188376,ELF,0.0062199512595985775,0.0,0.9883742836556869,0.014253041480590433,1.8712358608933375
2023-06-16,4409.58984375,4448.47021484375,4407.43994140625,4440.9501953125,6848600000,448,361,341,214,285,-71,-50803,-0.0036716195284263176,1.668895812098698,ENLT,-0.0014932764299750547,0.0,1.0402130992383196,SPNT,0.0066027572866453445,0.0,1.0487348203248619,FCNCA,-0.002410201012628033,0.0,1.0070227398727072,ENIC,0.008000014013767532,0.0,1.0551947780884752,ELF,-0.0019410022033779174,0.0,0.9787821003439982,0.008758291654431871,1.8876246903172735
2023-06-20,4388.7099609375,4400.14990234375,4367.18994140625,4396.10986328125,4055790000,395,329,319,99,400,-301,-51104,-0.0047351076976228645,1.660993410692299,ENLT,-0.00882648991520525,0.0,0.9943059470878625,SPNT,-0.004948448986337573,0.0,1.0227867665319945,FCNCA,-0.0011301812889147778,0.0,1.001332148582128,ENIC,-0.0035503124387031627,0.0,1.0364634223589644,ELF,0.005976173242963245,0.0,1.008028957337834,-0.012479259386197521,1.8640685321830135
2023-06-21,4365.68994140625,4386.22021484375,4360.14013671875,4380.009765625,3709330000,396,329,324,257,242,15,-51089,-0.005245281583003636,1.6522810325457042,ENLT,-0.005351524062664703,0.0,0.9677006860804059,SPNT,-0.0038055032653264045,0.0,1.0033256746331438,FCNCA,-0.0036951178123391104,0.0,0.9828319472906599,ENIC,0.0006024202972801707,0.0,1.039585355374052,ELF,0.007985817113189242,0.0,1.048278631828328,-0.004263907729860806,1.856120315959648
2023-06-22,4381.89013671875,4382.25,4351.81982421875,4355.39990234375,3511000000,351,310,310,182,317,-135,-51224,0.003710798414438443,1.6584123143814815,ENLT,-0.0005390753543607074,0.0,0.9650923681290865,SPNT,-0.009698272030468247,0.0,0.9546730479944173,FCNCA,-0.005213347016730863,0.0,0.9572127272888822,ENIC,0.003603620545957176,0.0,1.0583167111035625,ELF,0.0024042277262337655,0.0,1.0608801345856282,-0.009442846129368876,1.8385932574184456
2023-06-23,4348.330078125,4366.5498046875,4341.33984375,4354.169921875,6053620000,280,276,291,97,402,-305,-51529,-0.007658808766684566,1.645710851609319,ENLT,-0.0015007329864529925,-0.00019119934082031454,0.992496335067735,GGAL,0.005557792741812814,-0.000583057244436338,1.027788963709064,FRO,-0.0006166258321989612,-0.00042107593034606877,0.9969168708390052,FCNCA,-0.00012040605159412913,-0.00039363280989958174,0.9993979697420293,ENIC,-0.001389086006311691,-0.00034817308425839113,0.9930545699684415,-6.196544505654086e-06,1.8385818644934984
2023-06-26,4328.81982421875,4362.06005859375,4328.080078125,4344.83984375,3415030000,321,306,304,337,162,175,-51354,-0.004486838293256468,1.6383268131406907,ENLT,-0.0052430317448032065,0.0,0.9664778861109302,GGAL,0.009415978830976668,0.0,1.076177159334044,FRO,-0.008780497950603294,0.0,0.9531497381323865,FCNCA,-0.0031778018612671267,0.0,0.9835185261000653,ENIC,0.001796407927934185,0.0,1.0019742254802544,-0.005988944797762775,1.8275706992008791
2023-06-27,4378.41015625,4384.419921875,4335.0,4337.35986328125,3573500000,356,336,321,409,90,319,-51035,0.011455854954693034,1.657095247480415,ENLT,-0.001570380148597761,0.0,0.9588891976788936,GGAL,-0.009106416933021234,0.0,1.0271765698005928,FRO,-0.005247822021671023,0.0,0.928139937203781,FCNCA,-0.000911571948187051,0.0,0.9790357866054898,ENIC,0.003560847676513124,0.0,1.0198136134438913,-0.013275343374963942,1.8033090706269645
2023-06-28,4376.85986328125,4390.35009765625,4360.22021484375,4367.47998046875,3739330000,331,327,312,208,291,-83,-51118,-0.00035407668843834283,1.6565085086827602,ENLT,0.0002261000543955394,0.0,0.959973222177666,GGAL,0.0011925990883827177,0.0,1.0333016190043542,FRO,0.005538908387889574,0.0,0.9538443476203475,FCNCA,0.007014946571992243,0.0,1.0133752052810194,ENIC,-0.004081659135855543,0.0,0.9990009556829758,0.00989089496680453,1.8211454112372218
2023-06-29,4396.43994140625,4398.39013671875,4371.97021484375,4374.93994140625,3696660000,369,357,336,389,110,279,-50839,0.004473544672805918,1.6639189734972357,ENLT,-0.004517217834087583,0.0,0.9382911813803286,GGAL,0.004386461448858503,0.0,1.0559643075883827,FRO,0.0027676999593008846,0.0,0.9670441224307886,FCNCA,0.007848028998368407,0.0,1.0531401952673842,ENIC,-0.0017856997075050174,0.0,0.9900813771111742,0.008699272864935194,1.836988052096299
2023-06-30,4450.3798828125,4458.47998046875,4422.43994140625,4422.43994140625,3923450000,398,380,343,437,62,375,-50464,0.012269004495714109,1.6843336028635774,ENLT,0.005083772936253662,0.0,0.9621414779514625,GGAL,-0.00046402466882677906,0.0,1.0535143401477747,FRO,0.008764343710678092,0.0,1.0094216577926611,FCNCA,0.001584747716413526,0.0,1.0614850028649507,ENIC,0.0,0.0,0.9900813771111742,0.014968839694518501,1.864485631768874
2023-07-03,4455.58984375,4456.4599609375,4442.2900390625,4450.47998046875,2034280000,433,397,355,310,189,121,-50343,0.0011706778016009611,1.6863054148229404,ENLT,-0.0030422586790272987,0.0,0.9475060616427126,GGAL,0.0012790663511098367,0.0,1.0602519138622482,FRO,0.0009635266126565956,0.0,1.014284680946037,FCNCA,0.0011157392537521017,0.0,1.0674067052897787,ENIC,-0.0018018025018990526,0.0,0.9811617215993613,-0.0014857289634078175,1.8617155114638972
2023-07-05,4446.81982421875,4454.06005859375,4436.60986328125,4442.0400390625,3482620000,402,399,350,170,329,-159,-50502,-0.0019683184132291975,1.6829862288246162,ENLT,0.0006865145865254441,0.0,0.9507584453034076,GGAL,0.001502049321303778,0.0,1.0682146672003872,FRO,0.006712333734177279,0.0,1.0483257673459037,FCNCA,-0.0021012821855054043,0.0,1.0561920918172065,ENIC,0.0,0.0,0.9811617215993613,0.0067996154565010975,1.874374461031255
2023-07-06,4411.58984375,4422.6201171875,4385.0498046875,4422.6201171875,3682020000,321,376,333,85,414,-329,-50831,-0.007922511336500904,1.6696527513475783,ENLT,-0.004104909823954128,0.0,0.931244556891741,GGAL,-0.015252303266417223,0.0,0.9867509969115109,FRO,-0.004373768247193799,0.0,1.0254000975762407,FCNCA,-0.002037545796346141,0.0,1.0454318930331257,ENIC,-0.0006060712993229745,0.0,0.9781884518020829,-0.026374598433234267,1.8249385873080457
2023-07-07,4398.9501953125,4440.39013671875,4397.39990234375,4404.5400390625,3630480000,322,371,335,243,256,-13,-50844,-0.0028651005386203243,1.6648690283503835,GGAL,0.00016216498010481045,-0.00022607665276529692,1.000810824900524,FCNCA,0.0026933802147247974,0.0010761911221664885,1.013466901073624,ENIC,0.00040565438245105366,0.0007992691961834432,1.0020282719122553,NOG,0.005909201344829251,3.9034889063889884e-05,1.0295460067241462,IDCC,0.00014018452925689283,8.146023277058545e-05,1.0007009226462844,0.011080464238785915,1.845159754062693
2023-07-10,4409.52978515625,4412.60009765625,4389.919921875,4394.22998046875,3429600000,366,374,349,367,132,235,-50609,0.002405026057131332,1.668873081745277,GGAL,-0.0035202863156607034,0.0,0.983195121643212,FCNCA,0.00017431333916353433,0.0,1.0143502050719133,ENIC,0.006646533663129306,0.0,1.0353283451156157,NOG,0.003548584485677564,0.0,1.0478131616579092,IDCC,0.0023144637073292617,0.0,1.0122813524830632,0.009163608879638963,1.8620680763693742
2023-07-11,4439.259765625,4443.64013671875,4408.4599609375,4415.5498046875,3624220000,411,404,367,411,88,323,-50286,0.0067422110558885695,1.680124976287895,GGAL,0.002479853780089636,0.0,0.995386022338075,FCNCA,-0.000799387180393274,0.0,1.0102959123200945,ENIC,0.0023391771271445982,0.0,1.0474374270355102,NOG,0.0009145483473430361,0.0,1.0526045406345017,IDCC,0.0007795082156606182,0.0,1.0162267606371662,0.005713700289844614,1.8727073752770365
2023-07-12,4472.16015625,4488.33984375,4463.22998046875,4467.68994140625,3920290000,413,423,376,325,174,151,-50135,0.007411233485312474,1.6925767747716696,GGAL,0.004531520366797492,0.0,1.0179390825033277,FCNCA,0.00255769580490135,0.0,1.023216060403345,ENIC,0.006358374067019357,0.0,1.0807374218999506,NOG,0.0038122116423453534,0.0,1.072668297057464,IDCC,0.0024973829159955496,0.0,1.02891629739113,0.019757184797059103,1.9097068009612002
2023-07-13,4510.0400390625,4517.3798828125,4489.35986328125,4491.5,3839530000,422,427,378,351,148,203,-49932,0.008470153458069118,1.7069131597935494,GGAL,0.008023959072298048,0.0,1.0587785901838243,FCNCA,0.0021877009745925324,0.0,1.0344085142661605,ENIC,0.003921579997889202,0.0,1.1019284131834166,NOG,-0.0008375236466629855,0.0,1.0681763717384072,IDCC,0.003938226440604132,0.0,1.0491768242289015,0.017233942838720928,1.9426185788076822
2023-07-14,4505.419921875,4527.759765625,4499.56005859375,4514.60986328125,3647450000,403,422,362,176,323,-147,-50079,-0.0010244071333035398,1.7051645857767272,GGAL,-0.01255035060990517,0.0,0.9923383775584838,FCNCA,0.000966892164413391,0.0,1.0394093217023928,ENIC,-0.0038461647834719505,0.0,1.0807374218999506,NOG,-0.006672274238926557,0.0,1.032540543299506,IDCC,-0.003130381162817364,0.0,1.032755207393748,-0.025232278630707653,1.8936018855540175
2023-07-17,4522.7900390625,4532.85009765625,4504.89990234375,4508.85986328125,3538240000,396,410,360,281,218,63,-50016,0.0038553825145495324,1.71173864750516,GGAL,0.010933631744435913,0.0,1.0465876894889612,FCNCA,0.007016376300552141,0.0,1.075873756359221,ENIC,-0.0028011120015680514,0.0,1.0656010890848122,NOG,0.0006380593401952517,0.0,1.0358346539884187,IDCC,0.0,0.0,1.032755207393748,0.015786955383615256,1.9234960940355883
2023-07-18,4554.97998046875,4562.2998046875,4514.58984375,4521.77978515625,4090010000,391,408,362,320,179,141,-49875,0.007117275205842377,1.7239215625399305,GGAL,0.0030285451199316693,0.0,1.062435879686873,FCNCA,0.0004912208975281108,0.0,1.0785162147203495,ENIC,0.006250007351617893,0.0,1.0989011622881728,NOG,0.009887273081213711,0.0,1.0870425544432587,IDCC,-0.0004749643053964636,0.0,1.0303025980951264,0.019182082144894922,1.9603927541167634
2023-07-19,4565.72021484375,4578.43017578125,4557.47998046875,4563.8701171875,4115670000,416,426,379,319,180,139,-49736,0.002357910335732072,1.7279864150102346,GGAL,-0.0037865564497216566,0.0,1.0423210125236528,FCNCA,0.0010267782695662752,0.0,1.0840531997835983,ENIC,0.007162532235729425,0.0,1.1382557372820206,NOG,-0.0022589660868087115,0.0,1.0747645931162326,IDCC,-0.0011177846337739883,0.0,1.0245443160336856,0.0010260033349913439,1.9624041236203802
2023-07-20,4534.8701171875,4564.740234375,4527.56005859375,4554.3798828125,3761770000,412,438,384,280,219,61,-49675,-0.006756896218903741,1.716310590136335,GGAL,0.0035087444336887597,0.0,1.060607202777699,FCNCA,-0.0002880832542924594,0.0,1.0824917119154993,ENIC,-0.007978740097652537,0.0,1.092846503819845,NOG,0.003399240008226423,0.0,1.0930315071379622,IDCC,-0.0037052355614469513,0.0,1.0055634258634538,-0.005064074471476765,1.9524663629952337
2023-07-21,4536.33984375,4555.0,4535.7900390625,4550.16015625,3570190000,412,438,388,297,202,95,-49580,0.0003240945218980773,1.7168668369964737,GGAL,0.0034474331406177208,0.0002585577130429212,1.0172371657030885,ENLT,0.0026201761605733425,8.461164359885835e-05,1.0131008808028668,FRO,-0.0028620254657455977,7.069403627664122e-05,0.9856898726712721,FCNCA,-0.0018180362582549297,0.0001023304610348117,0.9909098187087253,ENIC,-0.0018556014338244474,0.00018035163128718706,0.9907219928308778,0.0002284916286065077,1.952912485214314
2023-07-24,4554.64013671875,4563.41015625,4541.2900390625,4543.39013671875,3856250000,403,448,390,287,212,75,-49505,0.004034153877153557,1.7237929420034994,GGAL,-0.005266109727643387,0.0,0.9904527530349414,ENLT,-0.0032989659908917225,0.0,0.9963899540473112,FRO,0.0025657949705858666,0.0,0.9983352632605589,FCNCA,0.003106536303153851,0.0,1.0063013053335765,ENIC,0.007242352402167374,0.0,1.0265977818541716,0.004349607957371981,1.9614068889000533
2023-07-25,4567.4599609375,4580.6201171875,4552.419921875,4555.18994140625,3812470000,395,442,390,296,203,93,-49412,0.002814673351556163,1.7286448560609573,GGAL,0.003452241261910061,0.0,1.0075491623449395,ENLT,-0.010901457152382466,0.0,0.9420794420917558,FRO,0.009200005141387768,0.0,1.0442587110346881,FCNCA,-0.00019905198086898058,0.0,1.005299773992688,ENIC,0.0026881637028475683,0.0,1.0403960963271928,0.004239900972893952,1.9697230598765416
2023-07-26,4566.75,4582.47021484375,4547.580078125,4558.9599609375,3990290000,377,435,389,262,237,25,-49387,-0.00015543889679858758,1.7283761574115746,GGAL,0.0009049711105467928,0.0,1.0121081767668285,ENLT,0.005875817654096638,0.0,0.969756877178777,FRO,-0.001657089614177232,0.0,1.0356065597118398,FCNCA,0.004202540414579126,0.0,1.0264238386375457,ENIC,-0.015384612216564598,0.0,0.9603656438590855,-0.006058372651519274,1.9577897435595186
2023-07-27,4537.41015625,4607.06982421875,4528.56005859375,4598.259765625,4553210000,324,406,377,117,382,-265,-49652,-0.006424666064487883,1.7172719177663824,GGAL,-0.01396393308101136,0.0,0.9414431225112465,ENLT,-0.0016155048033962061,0.0,0.9619236427127329,FRO,-0.00025707216214823083,0.0,1.0342754316246396,FCNCA,0.0008964980560952186,0.0,1.0310247735178875,ENIC,-0.00747126218826395,0.0,0.9244899262497248,-0.022411274178724527,1.9139131808323113
2023-07-28,4582.22998046875,4590.16015625,4564.009765625,4565.75,3981010000,320,408,374,335,164,171,-49481,0.009877842794752345,1.7342348598059216,GGAL,0.004413423642504233,0.0,0.9622180591860673,ENLT,0.0021715609349735932,0.0,0.9723680217374452,FRO,0.0069497973692489,0.0,1.070215454993558,FCNCA,0.001193676247126252,0.0,1.0371783224296225,ENIC,0.004776126274495729,0.0,0.9465673293860645,0.01950458446834871,1.9512432621329412
2023-07-31,4588.9599609375,4594.22021484375,4573.14013671875,4584.81982421875,4503600000,342,411,379,302,197,105,-49376,0.0014687129405193122,1.7367819529864184,GGAL,0.0027512160334123518,0.0,0.9754544079464254,ENLT,0.004511278811641972,0.0,0.994301138005357,FRO,0.010572138014379418,0.0,1.126787782470127,FCNCA,0.0002826483631287236,0.0,1.0386441062051592,ENIC,-0.0011661861689538755,0.0,0.9410479607484963,0.016951095053608593,1.9843189721420702
2023-08-01,4576.72998046875,4584.6201171875,4567.52978515625,4578.830078125,4042370000,312,402,368,184,315,-131,-49507,-0.002665087639215691,1.7321532768715013,GGAL,-0.006607681828804091,0.0,0.9432269461153531,ENLT,-0.0030462279578027164,0.0,0.9791567983800221,FRO,-0.002717067401155515,0.0,1.1114799907112773,FCNCA,-0.000999079803943026,0.0,1.033455664455189,ENIC,0.0011730260024533036,0.0,0.9465673293860645,-0.012197030989252046,1.9601161721462925
2023-08-02,4513.39013671875,4550.93017578125,4505.75,4550.93017578125,4270710000,258,368,362,130,369,-239,-49746,-0.013839541336347905,1.7081810699953477,GGAL,-0.007077481130150965,0.0,0.9098485915524465,ENLT,-0.004373331705729178,0.0,0.957745911023844,FRO,-0.002514990604170442,0.0,1.0975031820444658,FCNCA,-0.000397415754891739,0.0,1.031402106640006,ENIC,-0.004081659135855543,0.0,0.9272495034476094,-0.018444878330797866,1.9239620678368248
2023-08-03,4501.89013671875,4519.490234375,4485.5400390625,4494.27001953125,4149120000,224,337,347,212,287,-75,-49821,-0.0025479738404268204,1.7038286693142872,GGAL,-0.0016444985985671235,0.0,0.9023673678838651,ENLT,0.00010905374916720946,0.0,0.9582681399355776,FRO,0.00873258081392585,0.0,1.1454233581981863,FCNCA,0.01000620563311232,0.0,1.0830042144873318,ENIC,-0.0041666634576268844,0.0,0.9079318203370202,0.01303667814001137,1.949044142068804
2023-08-04,4478.02978515625,4540.33984375,4474.5498046875,4513.9599609375,4143310000,196,308,332,156,343,-187,-50008,-0.005300074155050516,1.6947982510194204,PARR,-0.0001998001998001685,0.0003677521174183256,0.9990009990009991,GGAL,0.006233163603681265,0.0012665948089974908,1.0311658180184062,XPRO,0.0022614489978521066,0.0005869135404661226,1.0113072449892606,TNK,-0.002806271678392781,-6.651809949308989e-05,0.9859686416080361,APO,-0.0017646953543254498,0.0003243755168831255,0.9911765232283728,0.006202963253286946,1.961133991261091
2023-08-07,4518.43994140625,4519.83984375,4491.14990234375,4491.580078125,3493920000,238,331,347,409,90,319,-49689,0.00902409277936278,1.7100922676789214,PARR,0.0024201017386758397,0.0,1.0110894192741053,GGAL,-0.0030581183591459338,0.0,1.0153986824213772,XPRO,-0.0004346035976689811,0.0,1.0091096561541555,TNK,0.003509573018573198,0.0,1.0032702863167702,APO,0.00030184627250466893,0.0,0.992672437923026,0.0027387990729387914,1.9665051432182656
2023-08-08,4499.3798828125,4503.31005859375,4464.39013671875,4498.02978515625,3884910000,209,303,336,147,352,-205,-49894,-0.004218283044793103,1.7028786144611396,PARR,0.014960162607615813,0.0,1.0867197298900075,GGAL,0.007826073976967819,0.0,1.055131608445104,XPRO,0.0029616739211268065,0.0,1.0240529249151005,TNK,-0.00282193819624772,0.0,0.9891144526061818,APO,-0.008786362436907936,0.0,0.9490625388194225,0.014139609872554783,1.9943107587557445
2023-08-09,4467.7099609375,4502.43994140625,4461.330078125,4501.56982421875,3803100000,184,294,338,207,292,-85,-49979,-0.007038730380597102,1.6908925110230628,PARR,0.0062179127774836035,0.0,1.1205053723601406,GGAL,-0.001434529176100341,0.0,1.047563523060403,XPRO,0.0003433555093316887,0.0,1.0258109959831847,TNK,0.00595185048732656,0.0,1.018549759290011,APO,-0.0018913861822738465,0.0,0.9400873199592386,0.009187203415767665,2.0126328973706875
2023-08-10,4468.830078125,4527.3701171875,4457.919921875,4487.16015625,4504370000,186,291,328,231,268,-37,-50016,0.00025071394456976925,1.691316441354345,PARR,0.0004979261343790675,0.0,1.123295016903192,GGAL,0.0072245273104783354,0.0,1.085404279469457,XPRO,0.004370181881299518,0.0,1.0482258991246023,TNK,-0.003882639617398076,0.0,0.9987764510514576,APO,-0.00024479900002529755,0.0,0.9389366577799262,0.007965196708733548,2.0286639143007132
2023-08-11,4464.0498046875,4476.22998046875,4443.97998046875,4450.68994140625,3753290000,184,277,332,275,224,51,-49965,-0.0010696923700230787,1.6895072530617337,PARR,0.004304628825446999,0.0,1.147471857449404,GGAL,-0.0051132895805933165,0.0,1.0576543475047442,XPRO,-0.005366887100717355,0.0,1.0200973488413538,TNK,-0.004027148164505246,0.0,0.9786653472934429,APO,-0.0004656651541902646,0.0,0.9367505073623262,-0.010668361174559184,2.0070213949611584
2023-08-14,4489.72021484375,4490.330078125,4453.43994140625,4458.1298828125,3896410000,189,277,330,240,259,-19,-49984,0.005750475751703066,1.6992227235527917,PARR,-0.009346296709045677,0.0,1.0938487952243945,GGAL,-0.011568273742067571,0.0,0.9964781724226305,XPRO,-8.615529450746174e-05,0.0,1.0196579149037752,TNK,-0.0023551411553417224,0.0,0.967140872109855,APO,0.0013511521793670323,0.0,0.9430789698100551,-0.0220047147215954,1.9628574617248997
2023-08-15,4437.85986328125,4478.8701171875,4432.18994140625,4478.8701171875,3832250000,138,234,307,40,459,-419,-50403,-0.011550909428841738,1.6795951557736035,PARR,-0.003400409596217169,0.0,1.0752511255239363,GGAL,-0.0018987248018215832,0.0,0.987017983320367,XPRO,-0.003275871169127398,0.0,1.002956575074746,TNK,-0.0006541952323957601,0.0,0.9639773773719083,APO,-0.0035138813228118293,0.0,0.9265096319202942,-0.012743082122373739,1.9378446078956253
2023-08-16,4404.330078125,4449.9501953125,4403.5498046875,4433.7900390625,3753910000,103,206,295,110,389,-279,-50682,-0.007555395210577687,1.6669051505779622,PARR,-0.0025367462907318395,0.0,1.061612929002546,GGAL,0.003833873408283317,0.0,1.005938493319114,XPRO,0.0015775662364851508,0.0,1.0108677272222395,TNK,0.00206280821315854,0.0,0.9739198796286173,APO,-0.0006458086385698226,0.0,0.9235178923002328,0.004291692928625346,1.9461612418961058
2023-08-17,4370.35986328125,4421.169921875,4364.830078125,4416.31982421875,3943700000,72,172,284,126,373,-247,-50929,-0.007712913029036983,1.6540484561239006,PARR,-0.0006423393305200698,0.0,1.0582033503121113,GGAL,-0.007899699252356186,0.0,0.9662054355011674,XPRO,-0.0004347759744395274,0.0,1.0086702222165769,TNK,0.0037587060007785223,0.0,0.9922232721078051,APO,-0.0015783722813495383,0.0,0.9162296170875477,-0.0067964808378868,1.932934194308121
2023-08-18,4369.7099609375,4381.81982421875,4335.31005859375,4344.8798828125,3940400000,80,178,285,301,198,103,-50826,-0.00014870682600087726,1.6538024878279387,TNK,0.0023926091298453827,-0.00044966430216515185,1.011963045649227,XPRO,0.004185629865558196,-9.216759806432934e-05,1.020928149327791,APO,0.006781246188500029,-0.00033600012300112614,1.0339062309425002,FRO,0.006072457481903169,-0.0007225327733348543,1.0303622874095157,TDW,0.008242454477051202,-0.0004335483585975862,1.041212272385256,0.02564048398769493,1.9824955625665464
2023-08-21,4399.77001953125,4407.5498046875,4360.2998046875,4380.27978515625,3726850000,90,178,282,225,274,-49,-50875,0.006879188518795987,1.6651793069145608,TNK,-0.0007776728955507074,0.0,1.0080281644897253,XPRO,-0.002491416726578555,0.0,1.0082103619884404,APO,0.0009610976411603023,0.0,1.0388746551411991,FRO,-0.0004427275086450466,0.0,1.0280814387669825,TDW,-0.0008140671033963099,0.0,1.0369741890922493,-0.0035647865930103165,1.9754283889644066
2023-08-22,4387.5498046875,4418.58984375,4382.77001953125,4415.330078125,3522760000,84,163,267,193,306,-113,-50988,-0.002777466728829614,1.6605543267920702,TNK,-0.0018369947899891772,0.0,0.9987694520580754,XPRO,0.000521961431402529,0.0,1.0108415966069322,APO,-4.908013287985291e-05,0.0,1.0386197146106,FRO,-0.0012201594428508324,0.0,1.0218093223893265,TDW,0.00114435932416308,0.0,1.04290754450327,-0.0014399136101542534,1.9725839427412517
2023-08-23,4436.009765625,4443.18017578125,4396.43994140625,4396.43994140625,3837270000,122,194,273,396,103,293,-50695,0.011044879965972587,1.678894950008465,TNK,-0.0038933707211415316,0.0,0.979326553349008,XPRO,0.0016485947101649414,0.0,1.0191739371518365,APO,0.003753200913887378,0.0,1.0581104569208897,FRO,-0.0012276733951599008,0.0,1.0155370817892078,TDW,0.0049739881921726965,0.0,1.0688445935627056,0.005254739699923584,1.982949357896606
2023-08-24,4376.31005859375,4458.2998046875,4375.5498046875,4455.16015625,3723470000,75,159,268,92,407,-315,-51010,-0.013457974663146133,1.656300424309167,TNK,-0.0012290420760862732,0.0,0.9733083856475356,XPRO,-0.0028399305245791597,0.0,1.0047020212819713,APO,-0.0013002507956186183,0.0,1.0512314121035709,FRO,0.0020213088483958864,0.0,1.025800652235681,TDW,-0.00402855027163005,0.0,1.047315122674069,-0.007376464819518215,1.9683222017191953
2023-08-25,4405.7099609375,4418.4599609375,4356.2900390625,4389.3798828125,3296180000,123,172,273,375,124,251,-50759,0.006717966037625089,1.66742739430778,TNK,-0.0043757309556990975,0.0,0.9520137074849384,XPRO,-8.730012176727531e-05,0.0,1.0042634682379825,APO,0.0015269204142878134,0.0,1.0592571456199786,FRO,0.0043357462927949625,0.0,1.0480387091110686,TDW,-0.0021042334866457238,0.0,1.0362961449130625,-0.0007045978570293207,1.9669353261139206
2023-08-28,4433.31005859375,4439.56005859375,4414.97998046875,4426.02978515625,2957230000,181,188,284,415,84,331,-50428,0.006264619755036449,1.6778731929022495,TNK,-0.00048627476562861376,0.0,0.9496990062725261,XPRO,0.005764190903112931,0.0,1.0332072999777127,APO,0.001178587909983042,0.0,1.0654992839469328,FRO,-0.0026115622898712056,0.0,1.0343536172558698,TDW,-0.0012105438904532308,0.0,1.030023735078439,0.0026343978671429236,1.972117016341843
2023-08-29,4497.6298828125,4500.14013671875,4431.68017578125,4432.75,3354820000,275,225,303,438,61,377,-50051,0.01450830719454621,1.7022162926183695,TNK,0.0017060904080000495,0.0,0.9578003680979698,XPRO,-0.0005093333387304666,0.0,1.0305760653592209,APO,0.0031563787814111958,0.0,1.0823148806042275,FRO,0.00396917213617094,0.0,1.054881255038668,TDW,0.002238315747072006,0.0,1.041551326808859,0.010560623733923725,1.9929438021106978
2023-08-30,4514.8701171875,4521.64990234375,4493.58984375,4500.33984375,3064110000,303,243,306,330,169,161,-49890,0.003833182103508026,1.708741197647534,TNK,-0.0011116593877951609,0.0,0.9524766292438209,XPRO,0.0,0.0,1.0305760653592209,APO,0.00032957069498738004,0.0,1.0840983769412071,FRO,-0.0034594609998831907,0.0,1.0366346522320975,TDW,0.005305993178869129,0.0,1.0691836479863084,0.0010644434861781576,1.9950651781591737
2023-08-31,4507.66015625,4532.259765625,4507.39013671875,4517.009765625,3946360000,282,227,301,181,318,-137,-50027,-0.0015969365120942491,1.706012446439291,TNK,-0.0022842991016750027,0.0,0.9415979217010805,XPRO,8.510833090924486e-05,0.0,1.0310146184032096,APO,0.0052643831203380564,0.0,1.112633922922983,FRO,-0.006160633832137875,0.0,1.0047030196815598,TDW,0.006215313442069048,0.0,1.102410205483157,0.003119871959503472,2.0012895260658943
2023-09-01,4515.77001953125,4541.25,4501.35009765625,4530.60009765625,3246260000,309,240,309,335,164,171,-49856,0.0017991292600010311,1.709081783349606,GGAL,-0.004861805708668482,0.00035291985039262637,0.9756909714566576,TNK,0.0005297414586183971,0.0006908724809672811,1.002648707293092,XPRO,-0.0032043195094012427,0.0001155599464815381,0.9839784024529938,APO,-0.003025436833817714,7.339663503349168e-05,0.9848728158309115,TDW,0.004082057764645294,0.0007158193920605479,1.0204102888232265,-0.004531194523688262,1.9922212939250699
2023-09-05,4496.830078125,4514.2900390625,4496.009765625,4510.06005859375,3526250000,233,190,283,92,407,-315,-50171,-0.004194177587506065,1.701913590838666,GGAL,-0.008759990341820113,0.0,0.9329557540238506,TNK,-0.012515153176119244,0.0,0.9399071965250371,XPRO,0.0033078828745571887,0.0,1.0002528289850359,APO,0.005391023686215491,0.0,1.0114201792211823,TDW,0.0008569766968667292,0.0,1.0247826280170493,-0.011719260260299945,1.9688739340854506
2023-09-06,4465.47998046875,4490.35009765625,4442.3798828125,4490.35009765625,3418850000,215,182,279,210,289,-79,-50250,-0.006971599351452862,1.6900485311525464,GGAL,-0.0028554240394045973,0.0,0.9196358325851478,TNK,0.0009831770444916012,0.0,0.9445276724229165,XPRO,0.0031706389570359764,0.0,1.0161100319173628,APO,-0.003852660155121801,0.0,0.9919368880983244,TDW,-0.00035310502994512216,0.0,1.0229733485142833,-0.0029073732229439432,1.9631496827301382
2023-09-07,4451.14013671875,4457.81005859375,4430.4599609375,4434.5498046875,3763760000,211,184,271,218,281,-63,-50313,-0.0032112659361860363,1.684621335873955,GGAL,-0.0028967942427932103,0.0,0.9063158536586529,TNK,0.00015446717613625262,0.0,0.9452571650346251,XPRO,-0.007145797335555404,0.0,0.9798054501238318,APO,0.0001378324861115665,0.0,0.9926204937350862,TDW,-0.0028592520044730565,0.0,1.0083486555279735,-0.012609543920573852,1.9383952605830919
2023-09-08,4457.490234375,4473.52978515625,4448.3798828125,4451.2998046875,3259290000,215,187,269,270,229,41,-50272,0.0014266227216406246,1.6870246549490733,GGAL,-0.005756290277381515,0.0,0.8802307679753927,TNK,0.0089529217127303,0.0,0.987571232019387,XPRO,-0.004429305518752535,0.0,0.9581061616861453,APO,0.0016988107754524863,0.0,1.0010518656885468,TDW,0.006399519968697565,0.0,1.0406133923102765,0.0068656566607463,1.9517036169150732
2023-09-11,4487.4599609375,4490.77001953125,4467.89013671875,4480.97998046875,3369920000,242,195,275,308,191,117,-50155,0.006723453106275201,1.6983672861057535,GGAL,-0.0015132436741474465,0.0,0.8735707497682491,TNK,-0.00699335833004946,0.0,0.953039034509587,XPRO,-0.0021777004352676156,0.0,0.9476738206594627,APO,0.0016845025202887776,0.0,1.0094832376420075,TDW,0.004462477515005947,0.0,1.0638319616352698,-0.004537322404169798,1.9428481083677451
2023-09-12,4461.89990234375,4487.10986328125,4456.830078125,4473.27001953125,3435740000,252,184,277,208,291,-83,-50238,-0.005695885604828921,1.6886935803291114,GGAL,0.0029225124032945526,0.0,0.8863358565250142,TNK,-0.0010206319914508823,0.0,0.9481755238709774,XPRO,0.006428898978548015,0.0,0.9781363169476343,APO,0.0035214430424713064,0.0,1.0272574262604368,TDW,0.0008786995428418098,0.0,1.068505904927017,0.012730921975704803,1.9675823560460206
2023-09-13,4467.43994140625,4479.39013671875,4453.52001953125,4462.64990234375,3529430000,230,182,275,204,295,-91,-50329,0.0012416323054647016,1.690790316832479,GGAL,0.0010018543489640041,0.0,0.8907757536875258,TNK,-0.003385511124091445,0.0,0.9321252299526952,XPRO,-0.004692842422166677,0.0,0.9551851189334656,APO,0.0009760293411268163,0.0,1.0322705932050398,TDW,-0.007817141710480691,0.0,1.0267425945405175,-0.013917611566647992,1.9401983090891821
2023-09-14,4505.10009765625,4511.990234375,4478.68994140625,4487.77978515625,3648720000,299,211,295,428,71,357,-49972,0.00842991886716793,1.7050435420247698,GGAL,0.002243001341977635,0.0,0.9007658097421372,TNK,0.0018262479998491623,0.0,0.9406366891367455,XPRO,0.0039318547395239545,0.0,0.9739633646184721,APO,0.0012582806130554847,0.0,1.0387650235793258,TDW,0.0017327576519972077,0.0,1.0356380749771252,0.010992142346403444,1.9615252450829417
2023-09-15,4450.31982421875,4497.97998046875,4447.2099609375,4497.97998046875,6932230000,241,181,287,91,408,-317,-50289,-0.012159612938677844,1.6843108725101563,XPRO,0.010659834671597241,3.3865015142720027e-05,1.0532991733579862,TDW,-0.003570494735254437,-7.09915537865828e-05,0.9821475263237278,INSW,-0.0012186894354620616,0.0003195357052556337,0.9939065528226897,MFG,-0.001312892199982658,-3.9995723030690555e-05,0.9934355390000867,CEIX,-0.0020419217274143795,7.219057469367339e-07,0.9897903913629281,0.002758971922811722,1.9669370381600122
2023-09-18,4453.52978515625,4466.35986328125,4442.10986328125,4445.1298828125,3161230000,232,184,281,241,258,-17,-50306,0.0007212876971294246,1.6855257452206391,XPRO,-0.003785737533617728,0.0,1.033361602284437,TDW,-0.000739644987109589,0.0,0.9785153238514906,INSW,0.008201116263166996,0.0,1.0346622687948017,MFG,0.0005602235658404453,0.0,0.996218269000543,CEIX,0.0010021433607630748,0.0,0.9947499507091854,0.0052381006690432,1.977240052375564
2023-09-19,4443.9501953125,4449.85009765625,4416.60986328125,4445.41015625,3614880000,209,171,275,198,301,-103,-50409,-0.002151010615372817,1.6819001614501854,XPRO,-0.007224967537490801,0.0,0.9960315821294643,TDW,-0.005404602037291939,0.0,0.9520728942874449,INSW,-0.0026260168686502716,0.0,1.0210770659387463,MFG,0.003910624198500657,0.0,1.0156974453492529,CEIX,0.0018722088656070392,0.0,1.0040618490930848,-0.009472753379325315,1.958510144987686
2023-09-20,4402.2001953125,4461.02978515625,4401.3798828125,4452.81005859375,3308450000,183,159,271,173,326,-153,-50562,-0.0093947947580596,1.6660990546298136,XPRO,0.0014480415639544387,0.0,1.003243057779138,TDW,0.003845573507407263,0.0,0.9703792257844067,INSW,-0.0006652230814590655,0.0,1.0176808457776916,MFG,-0.0032876810756401033,0.0,0.9990009990009991,CEIX,-0.0045967757852678265,0.0,0.9809846131189732,-0.0032560648710052934,1.9521331089050842
2023-09-21,4330.0,4375.7001953125,4329.169921875,4374.35986328125,3662340000,112,106,240,39,460,-421,-50983,-0.01640093410321941,1.6387734738253938,XPRO,-0.0056659626816144785,0.0,0.9748213691493111,TDW,-0.004551592309104358,0.0,0.948295372679432,INSW,0.00047673600685573805,0.0,1.0201066712910396,MFG,0.001671307638273989,0.0,1.0073491890023678,CEIX,-0.007160547663109052,0.0,0.9458626777238982,-0.015230059008698161,1.9224020064636265
2023-09-22,4320.06005859375,4357.39990234375,4316.490234375,4341.740234375,3349570000,95,101,234,185,314,-129,-51112,-0.002295598477193961,1.6350115079344145,XPRO,0.0026109760694972284,0.0,0.9875475454837279,TDW,0.001961106333566676,0.0,0.9575939129867,INSW,0.002473254212979326,0.0,1.032721586903334,MFG,0.0016574702075559335,0.0,1.015697445349253,CEIX,0.0012199000502678638,0.0,0.9516319673644076,0.009922706873867027,1.9414774380674988
2023-09-25,4337.43994140625,4338.509765625,4302.7001953125,4310.6201171875,3195650000,101,112,238,298,201,97,-51015,0.0040230650909416354,1.6415892656552733,XPRO,0.0058419104619462205,0.0,1.0163933671718814,TDW,0.001183430034832922,0.0,0.9632601399757083,INSW,0.00291283562121385,0.0,1.0477623280289765,MFG,-0.004383570412843008,0.0,0.9934355390000871,CEIX,0.006551805737037686,0.0,0.9828065062810405,0.01210641144218767,1.9649817627384683
2023-09-26,4273.52978515625,4313.009765625,4265.97998046875,4312.8798828125,3472340000,55,76,213,47,452,-405,-51420,-0.014734533990868215,1.6174012128214312,XPRO,0.001335573963894099,0.0,1.0231807097632286,TDW,0.004947207584193203,0.0,0.9870873793259024,INSW,0.004862258559232613,0.0,1.0732347847664785,MFG,-0.0022408942633617146,0.0,0.9823046189982624,CEIX,-0.000514942841628141,0.0,0.9802760604054656,0.00838920300233006,1.9814663936419576
2023-09-27,4274.509765625,4292.06982421875,4238.6298828125,4282.6298828125,3875880000,68,84,215,236,263,-27,-51447,0.00022931406074522265,1.6177721056613976,XPRO,0.005472635360265477,0.0,1.0511781844241874,TDW,0.014866044276988566,0.0,1.0604578027574798,INSW,0.0008589435204855445,0.0,1.077844025088153,MFG,0.0016997151066808327,0.0,0.9906528089996309,CEIX,0.006938575023947547,0.0,1.0142846553519809,0.029835913288367967,2.040585253146474
2023-09-28,4299.7001953125,4317.27001953125,4264.3798828125,4269.64990234375,3846230000,105,108,220,373,126,247,-51200,0.005893173970516585,1.6273059181247091,XPRO,-0.011138022839998941,0.0,0.9926379512890613,TDW,-0.0019454695307645322,0.0,1.0501423610378489,INSW,0.0029709559826227583,0.0,1.0938551608615021,MFG,-0.0016853916782002766,0.0,0.9823046189982624,CEIX,0.009579887179525537,0.0,1.0628683181829606,-0.0022180408868154554,2.0360591516219624
2023-09-29,4288.0498046875,4333.14990234375,4274.85986328125,4328.18017578125,3865960000,75,88,217,182,317,-135,-51335,-0.002709582086142026,1.6228965991602855,HTGC,-0.0024852994937134033,-0.00014246062812577737,0.987573502531433,XPRO,-0.001141451604371804,8.162768300730442e-05,0.994292741978141,TDW,-0.004140687740330765,2.2037121155317857e-05,0.9792965612983462,MFG,-0.0007806141705339946,-0.00105880923494449,0.9960969291473301,WFRD,-0.007262360834740893,-4.000072207605075e-05,0.9636881958262955,-0.016948019624674557,2.001551981163275
2023-10-02,4288.39013671875,4300.580078125,4260.2099609375,4284.52001953125,3938660000,57,71,211,112,387,-275,-51610,7.936755559079245e-05,1.6230254044963375,HTGC,-0.004019463087898978,0.0,0.9677259263313719,XPRO,-0.009040028047796201,0.0,0.949350570602128,TDW,-0.010243420304709884,0.0,0.929139829896666,MFG,0.000583089811581905,0.0,0.9990009990009993,WFRD,0.0004649590033773521,0.0,0.9659285733417851,-0.022254862625445807,1.9570077167847975
2023-10-03,4229.4501953125,4281.14990234375,4216.4501953125,4269.75,3953830000,28,48,196,108,391,-283,-51893,-0.013744071674259506,1.6007184270077959,HTGC,-0.004101926654324806,0.0,0.9478782224748729,XPRO,0.004238046049483746,0.0,0.9694675277787055,TDW,0.0023728401249804246,0.0,0.9401633312471475,MFG,-0.0023255791388182346,0.0,0.9873847195863228,WFRD,-0.0009277611522510832,0.0,0.961447818310806,-0.0007443807709299532,1.9555509578718613
2023-10-04,4263.75,4268.5,4220.47998046875,4233.830078125,3777600000,56,64,203,377,122,255,-51638,0.008109754957160709,1.6136998612062408,HTGC,0.0,0.0,0.9478782224748729,XPRO,-0.013245033335654723,0.0,0.9052643791623869,TDW,-0.013718317132099212,0.0,0.8756760375770514,MFG,-0.0064705959075872736,0.0,0.9554398819574754,WFRD,-0.010430536445900685,0.0,0.9113057357621931,-0.04386448282124189,1.869771726474228
2023-10-05,4258.18994140625,4267.1298828125,4225.91015625,4259.31005859375,3581470000,70,71,199,214,286,-72,-51710,-0.001304030159777203,1.6115955479183994,HTGC,-0.000761431112860711,0.0,0.9442695026258955,XPRO,-0.002647742641579609,0.0,0.8932798436693302,TDW,0.005413052483572045,0.0,0.8993764393271063,MFG,0.0054711339593572555,0.0,0.9815765798789846,WFRD,-0.0013813951667333013,0.0,0.9050113690682019,0.006093617521755679,1.8811654002283547
2023-10-06,4308.5,4324.10009765625,4219.5498046875,4234.7900390625,3902030000,126,99,206,401,99,302,-51408,0.011814893014644445,1.6306363768999326,HTGC,0.0022929961966129397,0.0,0.9550955345163893,XPRO,0.0026832656256583045,0.0,0.9052643791623869,TDW,0.0032786877580999185,0.0,0.9141203119348327,MFG,-0.0005917294996003353,0.0,0.9786724407868286,WFRD,0.006554256993715191,0.0,0.934669754543737,0.014217477074486017,1.9079108261794178
2023-10-09,4335.66015625,4341.72998046875,4283.7900390625,4289.02001953125,3174630000,178,126,220,352,148,204,-51204,0.00630385429964031,1.6409156710356032,HTGC,0.0030226689141754194,0.0,0.9695302224276415,XPRO,0.00794326399752685,0.0,0.9412181489186073,TDW,0.007235458722834221,0.0,0.9471907108583768,MFG,0.0,0.0,0.9786724407868286,WFRD,0.01006733621141618,0.0,0.9817179278719051,0.02826872784595267,1.9618450380790302
2023-10-10,4358.240234375,4385.4599609375,4339.64013671875,4339.75,3520240000,230,137,235,382,118,264,-50940,0.005207990781392224,1.6494615447233987,HTGC,0.0017369819509035268,0.0,0.9779505049137031,XPRO,0.00018190502930282015,0.0,0.9420742104934042,TDW,0.0003782510528154148,0.0,0.9489820902763726,MFG,0.004154312999317167,0.0,0.9990009990009995,WFRD,0.0028037549894084804,0.0,0.9954804105642182,0.00925520602174741,1.9800023180891946
2023-10-11,4376.9501953125,4378.64013671875,4345.33984375,4366.58984375,3601660000,268,170,233,309,191,118,-50822,0.00429300817103373,1.6565426966127021,HTGC,0.0,0.0,0.9779505049137031,XPRO,-0.0019082325273738433,0.0,0.9330857272350865,TDW,0.004646430696419568,0.0,0.9710289878494353,MFG,-0.001744184354113676,0.0,0.9902887894399921,WFRD,0.0019504977850871353,0.0,1.005188822243734,0.0029445116000191836,1.9858324578828728
2023-10-12,4349.60986328125,4385.85009765625,4325.43017578125,4380.93994140625,3713140000,211,145,218,87,413,-326,-51148,-0.00624643434611849,1.6461952114167688,HTGC,-0.0001230028115208004,0.0,0.9773490516055402,XPRO,-0.004587156123840486,0.0,0.9116846776963137,TDW,-0.006868165537179949,0.0,0.9376830486996841,MFG,0.0005865096898272082,0.0,0.9931928592936612,WFRD,0.000382082160527597,0.0,1.0071091458284394,-0.010609732622186431,1.9647633064722763
2023-10-13,4327.77978515625,4377.10009765625,4311.97021484375,4360.490234375,3566560000,195,139,210,215,285,-70,-51218,-0.005018858888767519,1.6379331899473033,CEIX,-0.0005712535730351785,0.00010754368990691333,0.9971437321348241,WFRD,0.0006820379132894114,0.0006353814509353809,1.0034101895664471,FRO,-0.00019980019980019232,0.0008936701074617817,0.999000999000999,RMBS,-0.010214683102005608,-0.0005073679649092467,0.9489265844899719,AZZ,-0.0076785069673768,0.00028171070325932297,0.961607465163116,-0.016571267942274214,1.9322046872775755
2023-10-16,4373.6298828125,4383.330078125,4342.3701171875,4342.3701171875,3409960000,280,171,226,456,44,412,-50806,0.01059436938392988,1.6552860591878036,CEIX,0.003799590067808989,0.0,1.0160874192388114,WFRD,0.00023018299154586863,0.0,1.0045650293623571,FRO,0.003978663660792448,0.0,1.018874443860102,RMBS,0.00580115275446409,0.0,0.9764509248369629,AZZ,0.0030598947534549396,0.0,0.9763195533507947,0.016869484228066334,1.9647999837750005
2023-10-17,4373.2001953125,4393.56982421875,4337.5400390625,4345.22998046875,3794850000,320,187,232,336,164,172,-50634,-9.824505308242415e-05,1.655123435521052,CEIX,0.003034177483809542,0.0,1.0315023670839942,WFRD,0.0017974868178902703,0.0,1.013593491352319,FRO,0.0019980733709751507,0.0,1.029053373333322,RMBS,0.00027169920829970276,0.0,0.9777774295530716,AZZ,-0.001512270975899477,0.0,0.9689372547321169,0.0055891659050751885,1.9757815768546079
2023-10-18,4314.60009765625,4364.2001953125,4303.83984375,4357.35009765625,3686030000,221,147,209,81,419,-338,-50972,-0.013399820506516447,1.632945078568941,CEIX,-0.003727036773660819,0.0,1.012280130812793,WFRD,-0.004329378796929739,0.0,0.9916523405014854,FRO,-0.002543565697397998,0.0,1.0159660490273104,RMBS,-0.0024080138527134975,0.0,0.9660049215768997,AZZ,-0.0055026407597043026,0.0,0.9422786865746922,-0.018510635880406356,1.939208603506237
2023-10-19,4278.0,4339.5400390625,4269.68994140625,4321.35986328125,3969730000,167,113,198,72,428,-356,-51328,-0.008482848196321058,1.6190930533545111,CEIX,-0.004660126057627845,0.0,0.988693365736695,WFRD,-0.000973956738838977,0.0,0.9868232081034011,FRO,-0.0024809113656977023,0.0,1.003363440436336,RMBS,-0.010024024212393658,0.0,0.9175886379610083,AZZ,-0.004483137473893817,0.0,0.9211568621215199,-0.022622155848452,1.8953395242550601
2023-10-20,4224.16015625,4276.56005859375,4223.02978515625,4273.85009765625,4004030000,109,87,175,67,433,-366,-51694,-0.012585283719027562,1.598716307910538,CEIX,-0.005297272065938841,0.0,0.9625064769962147,WFRD,-0.0021914815087729525,0.0,0.9760101840384681,FRO,0.0035748924619286807,0.0,1.0212980224352894,RMBS,-0.0020599916633631033,0.0,0.9081375132380264,AZZ,0.0008904698586727823,0.0,0.925258174225664,-0.005083382917473433,1.8857047876946498
2023-10-23,4217.0400390625,4255.83984375,4189.22021484375,4210.39990234375,3776100000,92,76,169,138,362,-224,-51918,-0.0016855698941634634,1.5960215598326157,CEIX,0.0007139364295961848,0.0,0.9659423191844642,WFRD,-0.0003011815832709264,0.0,0.9745404025758818,FRO,-0.0011390580325573829,0.0,1.01548143385484,RMBS,0.00047471633021252125,0.0,0.9102930517760898,AZZ,-0.001019498602012625,0.0,0.920541677150045,-0.0012710854580322284,1.8833078957608693
2023-10-24,4247.68017578125,4259.3798828125,4219.43017578125,4235.7900390625,3821820000,134,91,174,350,150,200,-51718,0.007265792222727274,1.6076179208693526,CEIX,0.0012305519094649498,0.0,0.9718855300109914,WFRD,-0.000689422609184498,0.0,0.9711810516403839,FRO,0.004773240435781468,0.0,1.0397171190641463,RMBS,0.0026593789506261347,0.0,0.9223971226800626,AZZ,0.0018712518286508662,0.0,0.9291545036336267,0.00984500051533892,1.901849062965177
2023-10-25,4186.77001953125,4232.419921875,4181.419921875,4232.419921875,3869370000,106,79,158,126,374,-248,-51966,-0.014339628627712542,1.5845652769088308,CEIX,-0.0038983371022661474,0.0,0.9529418429070042,WFRD,0.0010161112158625586,0.0,0.9761151914364089,FRO,0.0009324185596376378,0.0,1.0445643767570882,RMBS,-0.012007909719427402,0.0,0.8670168158070536,AZZ,0.0015007569305416802,0.0,0.9361266789379876,-0.012456960115651672,1.8781578050418302
2023-10-26,4137.22998046875,4183.60009765625,4127.89990234375,4175.990234375,4277640000,116,77,154,236,264,-28,-51994,-0.011832519778109618,1.5658158769301014,CEIX,-0.0037029953979559327,0.0,0.9352981466129828,WFRD,0.0006022653671756917,0.0,0.9790545933072899,FRO,-0.0012065134477622808,0.0,1.038262971919034,RMBS,-0.015528786774549143,0.0,0.7996982194939721,AZZ,0.004030665440462933,0.0,0.954992746201441,-0.01580536481262873,1.848472835757458
2023-10-27,4117.3701171875,4156.7001953125,4103.77978515625,4152.93017578125,4019500000,74,53,133,93,407,-314,-52308,-0.004800280229768528,1.5582995219326161,TNK,0.0019063958376211332,0.00042022287498637225,1.0095319791881057,WFRD,-0.000648067931846121,0.0001056834047436331,0.9967596603407693,CEIX,0.003428307368701062,0.0007062218055894513,1.0171415368435053,FRO,0.0039207425867734,0.0007388170325483162,1.019603712933867,CRS,-0.004118065702993983,-3.14149677839853e-05,0.9794096714850301,0.006428842308339278,1.8603563761297912
2023-10-30,4166.81982421875,4177.47021484375,4132.93994140625,4139.39013671875,3911140000,114,75,151,402,98,304,-52004,0.012010022325859904,1.5770147339814036,TNK,-0.0031090037856397637,0.0,0.9938387854630045,WFRD,-0.004133218048073384,0.0,0.9761605352522096,CEIX,-0.003007819711902915,0.0,1.0018446450219396,FRO,-0.0037719016861163857,0.0,1.0003744881139383,CRS,0.0017282758504364893,0.0,0.9878731218995876,-0.012293667381295958,1.8374857736309784
2023-10-31,4193.7998046875,4195.5498046875,4153.1201171875,4171.330078125,4249470000,150,105,170,417,83,334,-51670,0.006474957307233353,1.587225837056811,TNK,0.006524001708926664,0.0,1.0262578151367958,WFRD,0.003564400678430291,0.0,0.9935576716227589,CEIX,-0.020123323580372235,0.0,0.9010424251767414,FRO,0.003661320279611369,0.0,1.0186879451166253,CRS,-0.0009836554825585874,0.0,0.9830144878374436,-0.007357256395962498,1.8239669196704418
2023-11-01,4237.85986328125,4245.64013671875,4197.740234375,4201.27001953125,4224900000,187,131,184,314,186,128,-51542,0.010505999486313922,1.6039012308855942,TNK,0.006881282705699121,0.0,1.0615676659112427,WFRD,0.0047481086290549705,0.0,1.0171452703932378,CEIX,0.009903156774693535,0.0,0.945658247162618,FRO,0.004314617341980265,0.0,1.0406641884869574,CRS,0.005676007222336477,0.0,1.0109124745005773,0.03152317267376437,1.8814641438304471
2023-11-02,4317.77978515625,4319.72021484375,4268.259765625,4268.259765625,4669780000,307,210,217,444,56,388,-51154,0.01885855702012762,1.6341484937029032,TNK,0.001984057116588689,0.0,1.072098720322701,WFRD,0.007995786226663039,0.0,1.0578096511108663,CEIX,0.0030692453394603803,0.0,0.9601705330017487,FRO,0.000351957090582955,0.0,1.0424955341872262,CRS,0.008527143479874556,0.0,1.0540134530788845,0.021928189253169618,1.9227212456494138
2023-11-03,4358.33984375,4373.6201171875,4334.22998046875,4334.22998046875,4570960000,374,259,232,413,87,326,-50828,0.009393730253031363,1.6494992438461458,TNK,0.004121713950729378,0.0,1.094193141583267,WFRD,0.00042376901964740203,0.0,1.0600509859049905,CEIX,-0.00020423351041694017,0.0,0.9591900380089794,FRO,-0.0008783470241416681,0.0,1.0379171699365546,CRS,-0.0017843935408372149,0.0,1.044609579090737,0.0016785088949809565,1.925948550362805
2023-11-06,4365.97998046875,4372.2099609375,4347.52978515625,4364.27001953125,3656340000,352,239,223,162,338,-176,-51004,0.0017529924220356374,1.6523908035207615,TNK,0.0005661581806986505,0.0,1.0972905735751257,WFRD,0.00034233607337603723,0.0,1.061865454365456,CEIX,-0.0032304350973946907,0.0,0.9436970321897016,FRO,-0.003440663878546624,0.0,1.0200615493589344,CRS,0.0018604593177761865,0.0,1.0543268472150251,-0.00390214540409044,1.9184332190784923
2023-11-07,4378.3798828125,4386.259765625,4355.41015625,4366.2099609375,3791230000,353,236,216,213,287,-74,-51078,0.0028401189192852616,1.6570837899038937,TNK,-0.0030862134062156657,0.0,1.0803582091817177,WFRD,-0.014634635641018058,0.0,0.9841653842433433,CEIX,-0.007107226678337098,0.0,0.9101616885724706,FRO,-0.0043088259431503404,0.0,0.998085211021495,CRS,-0.0030622598817330315,0.0,1.038183733182722,-0.0321991615504542,1.856661277933626
2023-11-08,4382.77978515625,4391.2001953125,4359.759765625,4384.3701171875,3729510000,341,238,212,231,269,-38,-51116,0.0010049156221052513,1.6587490192915055,TNK,-0.0009556347644273711,0.0,1.075196069868075,WFRD,-0.0011712491191591123,0.0,0.9784018700463338,CEIX,-6.46332409648176e-05,0.0,0.9098675550737984,FRO,-0.0036697181363791968,0.0,0.9797717540188078,CRS,-0.0003925325434055216,0.0,1.0361461286761797,-0.006253767804336019,1.8450501494101272
2023-11-09,4347.35009765625,4393.39990234375,4343.93994140625,4391.41015625,3900780000,301,217,204,126,374,-248,-51364,-0.008083839306732843,1.6453399587693522,TNK,0.0015363995430153655,0.0,1.083455723620061,WFRD,0.006741582811638125,0.0,1.0113817561962286,CEIX,0.0010992521748648622,0.0,0.9148684245175676,FRO,-0.0012149316479788343,0.0,0.9738199754600418,CRS,0.00021180439421963904,0.0,1.0372434301917162,0.008374107275759157,1.8605007972904433
2023-11-10,4415.240234375,4418.02978515625,4353.33984375,4364.14990234375,3665080000,346,259,221,436,64,372,-50992,0.015616441094852496,1.671034313316481,WFRD,-0.001882629326617825,-7.046444355796078e-05,0.9905868533669109,RMBS,0.00875790418484512,0.0005545900811491101,1.0437895209242256,FRO,-0.0003859070696851065,0.0005895932897860552,0.9980704646515745,NOW,0.004635947427957194,0.00033573319415761106,1.023179737139786,CRS,0.0007934874547238125,8.075462858247674e-05,1.0039674372736191,0.01340900942134049,1.8854482700097221
2023-11-13,4411.5498046875,4421.759765625,4393.81982421875,4406.66015625,3326240000,340,253,223,202,298,-96,-51088,-0.0008358389332403515,1.6696375977786304,WFRD,0.003020148264456424,0.0,1.005545449196858,RMBS,-0.0002552177958521806,0.0,1.0424575526199062,FRO,0.001491838750828789,0.0,1.005515265627699,NOW,0.0011500294041062453,0.0,1.0290631710567681,CRS,0.005096703068832831,0.0,1.0295520568664225,0.01050350169237211,1.9052520791046492
2023-11-14,4495.7001953125,4508.669921875,4458.97021484375,4458.97021484375,4700350000,436,348,269,464,36,428,-50660,0.019075017703661823,1.7014859645149571,WFRD,0.0037190015190692095,0.0,1.0242435744621392,RMBS,0.014821911338174587,0.0,1.11971361971362,FRO,-0.0010180261465512208,0.0,1.0003970614718722,NOW,0.0049372692873195685,0.0,1.0544669810026195,CRS,0.005057725198902708,0.0,1.0555880137743996,0.027517881196914853,1.9576805794676257
2023-11-15,4502.8798828125,4521.169921875,4495.31005859375,4505.2998046875,4347170000,446,357,274,296,204,92,-50568,0.0015970120755575135,1.704203258146679,WFRD,-0.005334694856502887,0.0,0.9969234398196927,RMBS,-0.0021710137009177456,0.0,1.1075590516661076,FRO,0.0025116230606927028,0.0,1.012960163119082,NOW,-0.0009997274658023693,0.0,1.0491960829891693,CRS,-0.006130610548068938,0.0,1.0232310187160971,-0.012124423510599237,1.9339448310236849
2023-11-16,4508.240234375,4511.990234375,4487.830078125,4497.080078125,3964520000,428,344,268,231,269,-38,-50606,0.0011904273935798848,1.706231988389405,WFRD,-0.008356770692627946,0.0,0.9552681368962974,RMBS,-0.0034275389271753998,0.0,1.0885780428474523,FRO,-0.0041341216580277566,0.0,0.9920216603737325,NOW,0.00042402975297313185,0.0,1.0514205347686207,CRS,-0.003206335225035284,0.0,1.0068269104228063,-0.018700736749893254,1.8977786378498942
2023-11-17,4514.02001953125,4520.1201171875,4499.66015625,4509.5498046875,3777240000,439,365,284,327,173,154,-50452,0.0012820490603360213,1.7084194615068349,WFRD,0.0025228485983049167,0.0,0.9673181212971683,RMBS,0.002569605391781327,0.0,1.10256412288883,FRO,0.0046904418512156544,0.0,1.0152867599393796,NOW,0.0006377494208828161,0.0,1.0547732489543857,CRS,0.004424509779004504,0.0,1.0291004879774592,0.014845155041189221,1.9259514559626327
2023-11-20,4547.3798828125,4557.10986328125,4510.35986328125,4511.7001953125,3644790000,443,373,286,344,156,188,-50264,0.007390278097329839,1.7210451564342608,WFRD,0.003801539693593359,0.0,0.985704612469385,RMBS,0.010268805385693414,0.0,1.159174204904796,FRO,0.0033913772810974852,0.0,1.032502862196667,NOW,0.0038388647960635237,0.0,1.0750189084205883,CRS,-0.0004679854057501265,0.0,1.0266924679303404,0.02083260175069766,1.9660740356358786
2023-11-21,4538.18994140625,4542.14013671875,4525.509765625,4538.77001953125,3511080000,432,366,284,236,264,-28,-50292,-0.0020209310950652926,1.7175670427616112,WFRD,-0.003941403499014728,0.0,0.9662793144264761,RMBS,-0.007727671172889506,0.0,1.1143856194667965,FRO,-0.0005408017708280699,0.0,1.029710965315362,NOW,0.0004438438019049862,0.0,1.077404610817754,CRS,-0.0020228289177719907,0.0,1.0163083518613996,-0.01378886155859931,1.938964112944539
2023-11-22,4556.6201171875,4568.43017578125,4545.0498046875,4553.0400390625,3042810000,454,380,294,390,110,280,-50012,0.00406112922094648,1.7245423044679051,WFRD,-0.0010535359713348402,0.0,0.9611892643459508,RMBS,0.0017331595051848225,0.0,1.1240426596108972,FRO,-0.0018074977413307992,0.0,1.0204049640952066,NOW,0.00037700439391015196,0.0,1.0794355421792408,CRS,0.001303118780906054,0.0,1.0229302043639108,0.0005522489673353891,1.9400349038736129
2023-11-24,4559.33984375,4560.31005859375,4552.7998046875,4555.83984375,1639500000,462,391,304,379,121,258,-49754,0.0005968736678840791,1.7255716383585942,NOW,0.0008043691413489516,2.909810380327639e-05,1.0040218457067447,RMBS,-0.00028858351942119505,-4.000000000000041e-05,0.998557082402894,PANW,0.002163114549918305,0.0009986312656639505,1.0108155727495916,INTR,-0.0020063187748184243,1.1918055792403219e-05,0.9899684061259079,DUOL,0.003756459951214871,-0.0001223085539678284,1.0187822997560743,0.00530638021953431,1.950329466712734
2023-11-27,4550.43017578125,4560.52001953125,4546.31982421875,4554.85986328125,3403990000,442,386,298,176,324,-148,-49902,-0.001954157460090089,1.722199599668576,NOW,-0.000994223623602486,0.0,0.9990307345186716,RMBS,0.0009484282125227228,0.0,1.0032923809467205,PANW,0.0022624849049347694,0.0,1.0222503476246863,INTR,-0.004744533946360741,0.0,0.9664837125824628,DUOL,0.000252866224878856,0.0,1.0200703779266378,-0.0022749782276268787,1.9458925096392634
2023-11-28,4554.89013671875,4568.14013671875,4540.509765625,4545.5498046875,3586240000,430,389,301,225,275,-50,-49952,0.0009801185306033133,1.7238875594096088,NOW,-0.0015837738141107006,0.0,0.9911195409345593,RMBS,-0.0002654984166193808,0.0,1.0019605182539824,PANW,0.006495960721929173,0.0,1.0554528381554282,INTR,0.0037383217777149816,0.0,0.984548848135232,DUOL,-0.0004509786124411441,0.0,1.0177702283084895,0.00793403165647293,1.9613312824108349
2023-11-29,4550.580078125,4587.64013671875,4547.14990234375,4571.83984375,4418760000,408,388,311,284,216,68,-49884,-0.0009462486392383118,1.7222563331523175,NOW,0.004115808623165629,0.0,1.0115158327003915,RMBS,0.003958068189052577,0.0,1.021789658523921,PANW,0.007976113180973554,0.0,1.0975448946269655,INTR,-0.0025687889355251237,0.0,0.9719033571973631,DUOL,-0.0015639223859824415,0.0,1.009811660089299,0.011917278671684194,1.9847050138708164
2023-11-30,4567.7998046875,4569.89013671875,4537.240234375,4554.8701171875,5399300000,427,404,317,401,99,302,-49582,0.0037840728581564065,1.7287734765973872,NOW,0.0020060971328588195,0.0,1.0216618277594993,RMBS,-0.003997117514326809,0.0,1.0013685918237012,PANW,0.004278143780032595,0.0,1.1210221689482398,INTR,-0.00446096727168237,0.0,0.9502252118588848,DUOL,-0.006578289281929029,0.0,0.9765974939876371,-0.008752133155046794,1.9673346113159302
2023-12-01,4594.6298828125,4599.39013671875,4554.7099609375,4559.43017578125,4397120000,446,431,347,431,69,362,-49220,0.005873742123607695,1.738927846189053,NOW,0.001472857895087243,0.0,1.0291856412051235,RMBS,0.0037239608994365184,0.0,1.0200138792330775,PANW,0.0007252074536566512,0.0,1.1250870371114179,INTR,-0.010646401766934144,0.0,0.8996428149862857,DUOL,0.0009515377997715291,0.0,0.981243841141094,-0.003772837718982203,1.9599121770884984
2023-12-04,4569.77978515625,4572.3701171875,4546.72021484375,4564.3701171875,4369910000,432,427,347,252,248,4,-49216,-0.005408509126972105,1.7295228390617936,NOW,-0.0009177848582020865,0.0,1.024462786216238,RMBS,-0.011838101880142693,0.0,0.9596387381254738,PANW,-0.006449228925214734,0.0,1.0888073177958024,INTR,-0.006425697938872932,0.0,0.8707386500763896,DUOL,0.003450532229845571,0.0,0.9981729086370681,-0.022180281372586874,1.916440773535116
2023-12-05,4567.18017578125,4578.56005859375,4551.68017578125,4557.25,3909950000,397,414,323,97,403,-306,-49522,-0.0005688697261614362,1.7285389658779466,NOW,0.00017450789395248025,0.0,1.0253566704325145,RMBS,-0.0008943744713982405,0.0,0.9553473561797526,PANW,0.004305511840535558,0.0,1.1122466817899603,INTR,-0.00041494613907588906,0.0,0.8689321018714229,DUOL,0.002147665109165642,0.0,1.0088916142810391,0.005318364233179551,1.9266331036000923
2023-12-06,4549.33984375,4590.740234375,4546.5,4586.22998046875,4245680000,380,405,328,271,229,42,-49480,-0.003906202808869552,1.7217869421141938,NOW,-0.0005783006361590681,0.0,1.0223918483585093,RMBS,-0.0014250281966171618,0.0,0.9485403715791536,PANW,-0.0038117266176177058,0.0,1.0910487803782816,INTR,0.0,0.0,0.8689321018714229,DUOL,-0.00589119650448422,0.0,0.9791737205237596,-0.011706251954878155,1.9040794510647407
2023-12-07,4585.58984375,4590.919921875,4565.22021484375,4568.83984375,3818880000,391,408,332,322,178,144,-49336,0.007968189065892917,1.7355064660001454,NOW,0.0004226024068609835,0.0,1.024552174637866,RMBS,0.0017784702289949106,0.0,0.9569751256384201,PANW,0.004463769409529528,0.0,1.1153997312290669,INTR,0.007484399442850043,0.0,0.9014492765670279,DUOL,-0.0013436766676669265,0.0,0.9725952561144576,0.012805564820568539,1.9284622638988627
2023-12-08,4604.3701171875,4609.22998046875,4574.06005859375,4576.2001953125,3707010000,389,415,344,304,196,108,-49228,0.00409549786994079,1.7426142290349174,RMBS,0.0044496122093607695,6.28530438897022e-05,1.0222480610468039,PANW,0.0051485525121589834,-0.00043545966189051865,1.0257427625607949,IDCC,0.001348452524963268,-0.00044420978583126105,1.0067422626248164,NOW,0.002590941500970237,0.00036040213280996437,1.0129547075048513,KKR,0.004558595207126227,-0.0004973982010622266,1.0227929760356311,0.017142341482495146,1.9615206225627226
2023-12-11,4622.43994140625,4623.7099609375,4593.39013671875,4593.39013671875,3823210000,417,429,354,391,109,282,-48946,0.003924494286698943,1.7494531086206853,RMBS,0.008363875560283686,0.0,1.0649978389184875,PANW,0.0009784809257986637,0.0,1.0307611112005037,IDCC,0.00039385197259487196,0.0,1.0087247997549633,NOW,0.0017279790237710202,0.0,1.0217065299378438,KKR,0.0007277519066772875,0.0,1.0265146737278614,0.01219193938912553,1.9854353631035269
2023-12-12,4643.7001953125,4643.93017578125,4608.08984375,4618.2998046875,3808380000,411,425,349,307,193,114,-48832,0.00459935752021523,1.7574994689320838,RMBS,-0.0025783910204286945,0.0,1.0512679345952707,PANW,0.003801508334429027,0.0,1.050353345975674,IDCC,-0.0025081913563425487,0.0,0.9960744256365944,NOW,0.0032221424524132127,0.0,1.0381669498579464,KKR,0.0008027899131462402,0.0,1.030635051856688,0.0027398583232172364,1.9908751747083357
2023-12-13,4707.08984375,4709.68994140625,4643.22998046875,4646.2001953125,5063650000,446,449,384,451,49,402,-48430,0.013650676351045998,1.781490525369611,RMBS,0.0039180758344636414,0.0,1.0718626720456919,PANW,0.005419202266597889,0.0,1.0788137321418743,IDCC,0.0007203347526857584,0.0,0.9996619607618321,NOW,-0.0002344701438169894,0.0,1.0369498540877502,KKR,0.005261836900362926,0.0,1.057750219590023,0.015084979610293228,2.02090748612545
2023-12-14,4719.5498046875,4738.56982421875,4694.33984375,4721.0400390625,6314040000,439,448,398,322,178,144,-48286,0.0026470624846992585,1.786206242106164,RMBS,0.0037554613473977927,0.0,1.0919893662186224,PANW,-0.00855157301758247,0.0,1.0326859601279648,IDCC,0.0037208402782995978,0.0,1.018259873203265,NOW,-0.009851321692042836,0.0,0.9858732211320737,KKR,0.008620236738781895,0.0,1.1033405061068458,-0.00230635634514602,2.0162465533218716
2023-12-15,4719.18994140625,4725.52978515625,4704.68994140625,4714.22998046875,8218980000,412,439,380,133,367,-234,-48520,-7.62494933082003e-05,1.7860700447852593,RMBS,-0.0014859170136811263,0.0,1.0838763383285068,PANW,0.004566625812686409,0.0,1.0562654119375607,IDCC,0.0026701104334609484,0.0,1.0318542047603383,NOW,0.005246983407056805,0.0,1.011737523295782,KKR,0.001927445778737802,0.0,1.113973651111876,0.012925248418260838,2.042307040896019
2023-12-18,4740.56005859375,4749.52001953125,4725.580078125,4725.580078125,4060340000,427,446,384,290,210,80,-48440,0.004528344366900416,1.7941579850114522,RMBS,-0.0024470950314818165,0.0,1.070614596317185,PANW,0.0001822315590103596,0.0,1.0572278364012913,IDCC,-3.6609662047482064e-05,0.0,1.0316653255917456,NOW,0.0015696552891250272,0.0,1.0196779190690193,KKR,0.001574992413035714,0.0,1.1227461513559907,0.0008431745676418022,2.0440290622522186
2023-12-19,4768.3701171875,4768.68994140625,4743.72021484375,4743.72021484375,4026970000,441,454,401,394,106,288,-48152,0.005866407818910568,1.8046832474430843,RMBS,-0.0040804473035339186,0.0,1.0487716641038523,PANW,0.0006697436922183276,0.0,1.0607681947746281,IDCC,0.0016837578447196579,0.0,1.0403506985171975,NOW,0.0011339883577680787,0.0,1.0254594335135065,KKR,0.0005209075574039712,0.0,1.1256703861324284,-7.204985142388346e-05,2.0438817902619775
2023-12-20,4698.35009765625,4778.009765625,4697.81982421875,4764.72998046875,4201320000,370,426,371,19,481,-462,-48614,-0.014684266911006771,1.7781827969478075,RMBS,-0.006843210383785103,0.0,1.012886838393777,PANW,-0.004944735897992714,0.0,1.034542101913873,IDCC,-0.00039926288632066156,0.0,1.0382738314038191,NOW,-0.003930998218992276,0.0,1.0053040374795543,KKR,-0.006281754308641619,0.0,1.0903144621414402,-0.022399961695732374,1.9980989164495044
2023-12-21,4746.75,4748.7099609375,4708.35009765625,4724.2900390625,3431180000,404,445,385,456,44,412,-48202,0.010301467821202559,1.7965006898107811,RMBS,0.013647567560452867,0.0,1.0820040461841398,PANW,-0.001049914965891552,0.0,1.0291111957356516,IDCC,0.0020367472790284503,0.0,1.04884733840881,NOW,0.0020063482545730872,0.0,1.0153889874841162,KKR,-0.0004388250890626333,0.0,1.0879221754366628,0.01620192303910022,2.030471961318329
2023-12-22,4754.6298828125,4772.93994140625,4736.77001953125,4753.919921875,3046770000,408,449,387,368,132,236,-47966,0.0016600585268868873,1.7994829860994597,KKR,0.0005345681328429033,0.00023658160872525765,1.0026728406642145,PANW,-0.001610167019390446,8.412327348633157e-05,0.9919491649030477,RMBS,-0.0007148237712620482,-7.596962523629938e-05,0.9964258811436898,IDCC,-0.000991805386336611,0.00013620159891969798,0.995040973068317,INTR,-0.00318746394286489,-0.00015228952804502023,0.9840626802856756,-0.005741044659161124,2.0188149311092256
2023-12-26,4774.75,4784.72021484375,4758.4501953125,4758.85986328125,2513910000,421,452,396,415,85,330,-47636,0.0042316894655107795,1.8070978392951027,KKR,0.0006347553382350491,0.0,1.005855100354789,PANW,0.0017504550108501606,0.0,1.0006309768341135,RMBS,0.0006891539368606204,0.0,0.9998593352375897,IDCC,0.0013929118265405994,0.0,1.0019709947647135,INTR,0.003795070281118118,0.0,1.0027356154492235,0.008262346393604547,2.035495079374631
2023-12-27,4781.580078125,4785.39013671875,4768.89990234375,4773.4501953125,2748450000,413,448,398,299,201,98,-47538,0.0014304577464787638,1.8096828163979675,KKR,0.0028230731302561376,0.0,1.0200531128885026,PANW,-0.0022073048622996082,0.0,0.9895874887314458,RMBS,-0.004006300008885866,0.0,0.9798306529193549,IDCC,-0.0016347892995937975,0.0,0.9937809374609899,INTR,0.01415270005319269,0.0,1.0736926974397556,0.009127379012669556,2.054073814442507
2023-12-28,4783.35009765625,4793.2998046875,4780.97998046875,4786.43994140625,2698860000,427,448,401,333,167,166,-47372,0.0003701746080437829,1.8103527150252112,KKR,0.000575964455354594,0.0,1.0229906845664907,PANW,-0.0012907653295693323,0.0,0.9832008626262951,RMBS,0.00032121656820711665,0.0,0.9814043421181293,IDCC,-0.001793145320668188,0.0,0.9848709692721028,INTR,-0.004869563418998468,0.0,1.0475506240262635,-0.0070562930456742785,2.039579667670355
2023-12-29,4769.830078125,4788.43017578125,4751.990234375,4782.8798828125,3126060000,421,449,399,147,353,-206,-47578,-0.0028264750133749628,1.805235798310797,KKR,-0.0017468505187891337,0.0,1.0140556255262336,PANW,-0.00047363266882209936,0.0,0.9808724823835258,RMBS,-0.00102040373733574,0.0,0.9763971988254551,IDCC,-0.0016266074968992684,0.0,0.9768609767616205,INTR,-0.0017825329616795395,0.0,1.0382141564444896,-0.006650027383525782,2.0260164070294646
2024-01-02,4742.830078125,4754.330078125,4722.669921875,4745.2001953125,3743050000,415,460,408,254,246,8,-47570,-0.005660579005492328,1.7950171184509156,KKR,-0.0037175589955433354,0.0,0.9952065674629518,PANW,-0.004042316438136706,0.0,0.9610474975872514,RMBS,-0.008791208791208783,0.0,0.9334786406353253,IDCC,-0.004201212499271789,0.0,0.9563409740335117,INTR,-0.00647481282253799,0.0,1.0046029447810534,-0.027227109546698602,1.9708538363718646
2024-01-03,4704.81005859375,4729.2900390625,4699.7099609375,4725.06982421875,3950760000,291,457,397,107,393,-286,-47856,-0.008016314922730805,1.7806276959377203,KKR,-0.0034927969313134355,0.0,0.9778262952386639,PANW,-0.0016959795743911378,0.0,0.952897912957613,RMBS,-0.004107280161188931,0.0,0.9143083491274498,IDCC,-0.002879735617073043,0.0,0.9425709282085586,INTR,-0.0014870009743520375,0.0,0.9971337169924216,-0.013662793258318583,1.9439264678631518
2024-01-04,4688.68017578125,4726.77978515625,4687.52978515625,4697.419921875,3715480000,270,445,390,250,250,0,-47856,-0.0034283812973570083,1.7745230252474116,KKR,0.00017524255853365036,0.0,0.9786830791475595,PANW,-0.0022131555934138624,0.0,0.9423533562275402,RMBS,-0.003661393120759615,0.0,0.8975701376287082,IDCC,-0.000572915261765239,0.0,0.939870861858224,INTR,-0.005243443876783638,0.0,0.9709916435789295,-0.011515665294188704,1.9215408613027254
2024-01-05,4697.240234375,4721.490234375,4682.10986328125,4690.56982421875,3844370000,268,440,393,279,221,58,-47798,0.0018256861788026324,1.7777627474085729,KKR,0.004171530444851773,-0.00025489253490978644,1.020857652224259,PANW,-0.0010856519213926243,8.553825232619998e-05,0.9945717403930369,IDCC,0.0006077805442431438,-0.00010369288100534175,1.0030389027212157,INTR,0.008553352136377415,-0.0002389725873757057,1.0427667606818871,CRM,-0.00027139103822335645,0.0003442298956144929,0.9986430448088832,0.01180783031050621,1.944230089727692
2024-01-08,4763.5400390625,4764.5400390625,4699.81982421875,4703.7001953125,3742320000,338,455,395,416,84,332,-47466,0.014114629309846638,1.8028552095890995,KKR,0.0020918011608081154,0.0,1.0315348083339717,PANW,0.004644263594738441,0.0,1.017667007024352,IDCC,0.0022428796124338126,0.0,1.0142873802481727,INTR,0.006569335848374403,0.0,1.077018185994091,CRM,0.007765213577987851,0.0,1.0374164274644486,0.02331349379434262,1.9895568858593329
2024-01-09,4756.5,4765.47021484375,4730.35009765625,4741.93017578125,3529960000,289,433,390,149,351,-202,-47668,-0.0014779006799081618,1.800190768649072,KKR,-0.0017535260440705526,0.0,1.022490692575077,PANW,0.007544050727277618,0.0,1.0560536646466945,IDCC,-0.0004376793983001726,0.0,1.0120677167967203,INTR,-0.0028268445861552973,0.0,1.06179537085275,CRM,0.0003603699833002239,0.0,1.0392856961676524,0.00288637068205182,1.9952994845249516
2024-01-10,4783.4501953125,4790.7998046875,4756.2001953125,4759.93994140625,3498680000,286,428,390,282,218,64,-47604,0.00566597189372442,1.8103905989475797,KKR,0.002506122183359461,0.0,1.0353031256097818,PANW,0.010432049936596945,0.0,1.111137687473297,IDCC,-0.000991710113966815,0.0,1.0070493278428871,INTR,-0.009318995553351828,0.0,1.0123210391550184,CRM,0.0021351275976761565,0.0,1.0503807340264406,0.004762594050313919,2.0048022859785446
2024-01-11,4780.240234375,4798.5,4739.580078125,4792.1298828125,3759890000,241,422,383,219,281,-62,-47666,-0.0006710555783868699,1.8091757262370969,KKR,-0.0013345945465105037,0.0,1.0283945760826614,PANW,0.004682206955119206,0.0,1.1371505705152096,IDCC,-0.001130805965252657,0.0,1.001355440906745,INTR,0.002255648585496628,0.0,1.0237382417552108,CRM,0.005489710104835188,0.0,1.0792121626739863,0.009962165133687861,2.0247744574118576
2024-01-12,4783.830078125,4802.39990234375,4768.97998046875,4791.18017578125,3486340000,243,419,383,264,236,28,-47638,0.0007509755941104146,1.810534373052958,KKR,-0.00019544158432776017,0.0,1.027389620756343,PANW,0.0010819500156602046,0.0,1.1433022709030944,IDCC,-0.0007710079147281502,0.0,0.9974951760547691,INTR,-0.0048327219716920895,0.0,0.9990010302842516,CRM,0.0004053063674894553,0.0,1.0813992204810055,-0.00431191508759834,2.0160438018799596
2024-01-16,4765.97998046875,4782.33984375,4747.1201171875,4772.35009765625,4260550000,208,401,373,142,358,-216,-47854,-0.0037313402367431525,1.803778653296779,KKR,-0.0005868607287559558,0.0,1.0243749476485762,PANW,0.004187675416965986,0.0,1.1672411649732057,IDCC,0.0009674970638505088,0.0,1.0023205443249592,INTR,-0.009523819092282948,0.0,0.9514295048570941,CRM,-0.002015188168341919,0.0,1.0705031059091679,-0.0069706955085643285,2.001990574405126
2024-01-17,4739.2099609375,4744.22998046875,4714.81982421875,4739.1298828125,3928600000,155,364,356,105,395,-290,-48144,-0.005616897183990499,1.793647014058534,KKR,-0.0008583956844298691,0.0,1.019978352477078,PANW,-0.001198608828509129,0.0,1.160245837146525,IDCC,-0.0018101492484127847,0.0,0.9932487954250666,INTR,-0.018399988721900785,0.0,0.8638980440618232,CRM,0.001671693367308791,0.0,1.079450870618327,-0.020595449115943777,1.9607586793993659
2024-01-18,4780.93994140625,4785.7900390625,4740.56982421875,4760.10009765625,4019000000,205,371,360,334,166,168,-47976,0.008805260963896,1.8094405440944323,KKR,0.0008866968339995119,0.0,1.0245004103565254,PANW,0.0034599718216773213,0.0,1.180317926660252,IDCC,0.00361446766971989,0.0,1.0111991237203273,INTR,-0.0035242367985818257,0.0,0.8486751376762955,CRM,0.002225130786466645,0.0,1.0914604674417823,0.0066620303132815415,1.9738213131585545
2024-01-19,4839.81005859375,4842.06982421875,4785.8701171875,4796.27978515625,4287200000,243,381,361,373,127,246,-47730,0.012313502764936146,1.8317210952371268,KKR,0.005361720875536522,0.00013148855759362763,1.0268086043776825,PANW,-0.0012531506142121089,0.0004074789145859504,0.9937342469289394,RMBS,0.007921699067112339,0.00015831341138396464,1.0396084953355618,IDCC,0.0019253208040360616,0.000587176461930382,1.0096266040201802,CRM,0.0029578645020311694,0.0002584745784170819,1.0147893225101559,0.018456386558414993,2.0102509223114473
2024-01-22,4850.43017578125,4868.41015625,4844.0498046875,4853.419921875,4297610000,276,383,365,359,141,218,-47512,0.0021943252026270788,1.8357404870005893,KKR,0.0001662737945970605,0.0,1.0276622611925565,PANW,0.004684078812592052,0.0,1.0170078945858743,RMBS,0.002103241273502432,0.0,1.0505412328139294,IDCC,0.0011840014536835142,0.0,1.0156036008543674,CRM,-0.00041299045074301156,0.0,1.0126938310115925,0.007724604883632048,2.0257793164032605
2024-01-23,4864.60009765625,4866.47998046875,4844.3701171875,4856.7998046875,3912800000,265,391,364,268,232,36,-47476,0.002921374261968035,1.8411033720109655,KKR,-0.0006408715079869288,0.0,1.0243692638773978,PANW,-0.0008505721085841245,0.0,1.0126827018391513,RMBS,-0.0009190332415379255,0.0,1.0457138212411183,IDCC,-0.0018869786330745209,0.0,1.0060214893819388,CRM,-0.002518739625135247,0.0,0.9999402706100979,-0.006816195116318747,2.0119712093200532
2024-01-24,4868.5498046875,4903.68017578125,4865.93994140625,4888.56005859375,4330030000,234,363,357,141,359,-218,-47694,0.0008119284117831249,1.842598216147731,KKR,-0.001547814765326927,0.0,1.0164415945185152,PANW,-0.0022895011478007324,0.0,1.0010900107980578,RMBS,-0.0007603496904164731,0.0,1.0417382803398938,IDCC,-0.0016785993058189065,0.0,0.9975779545133617,CRM,7.950037837525238e-05,0.0,1.0003377487594287,-0.006196764530987785,1.9995034974927701
2024-01-25,4894.16015625,4898.14990234375,4869.33984375,4886.66015625,4020430000,308,388,368,394,106,288,-47406,0.005260365527706368,1.8522909562853678,KKR,0.004823642436284326,0.0,1.0409563485651354,PANW,-2.9383843406716184e-05,0.0,1.0009429314374911,RMBS,-0.00035438156725040585,0.0,1.0398924161176357,IDCC,0.000418450141804172,0.0,0.9996651376959959,CRM,0.0015530218644464356,0.0,1.0081054807377012,0.006411349031877811,2.012323012305657
2024-01-26,4890.97021484375,4906.68994140625,4881.47021484375,4888.91015625,3353400000,300,385,374,270,230,40,-47366,-0.0006517852510764532,1.8510836603593586,KKR,0.0032806028272752475,0.0,1.058031170266,PANW,0.0013227901959802946,0.0,1.0075631189196976,RMBS,-0.00535226417706447,0.0,1.0120635214836986,IDCC,-7.592565490999181e-05,0.0,0.9992856365446445,CRM,0.0006522540079868301,0.0,1.0113931849391244,-0.00017254280073208906,2.0119758004571358
2024-01-29,4927.93017578125,4929.31005859375,4887.39990234375,4892.9501953125,3525160000,340,390,383,366,134,232,-47134,0.007556774896180896,1.8650718828946928,KKR,0.0009452459157119453,0.0,1.0630316684779493,PANW,0.0016411619778998077,0.0,1.0158309903252234,RMBS,0.004910213327636282,0.0,1.0369107604417174,IDCC,0.0027912396422701494,0.0,1.0132318649580174,CRM,0.005658353872229105,0.0,1.0400072876608566,0.01594621473574729,2.044059198614352
2024-01-30,4924.97021484375,4931.08984375,4916.27001953125,4925.89013671875,3836130000,329,384,379,276,224,52,-47082,-0.0006006499345398986,1.8639516275903198,KKR,0.0013997045743412873,0.0,1.0704713199231404,PANW,0.0003707543220492493,0.0,1.0177141089758965,RMBS,-0.004381756814638415,0.0,1.0141933064880304,IDCC,0.0013670178569559434,0.0,1.0201573952211893,CRM,-9.031786515516505e-05,0.0,1.0395376314710199,-0.0013345979264471008,2.0413312014463463
2024-01-31,4845.64990234375,4906.75,4845.14990234375,4899.18994140625,4696120000,264,327,364,80,420,-340,-47422,-0.016105744611597972,1.8339312987079779,KKR,-0.002711622457427532,0.0,1.055957749567462,PANW,-0.004267255237369905,0.0,0.9959998796675333,RMBS,-0.008119841840932418,0.0,0.9730178602639549,IDCC,-0.004612659516349327,0.0,0.9966292016349835,CRM,-0.004615438107297298,0.0,1.0155480234797152,-0.02432681715937648,1.9916721105470307
2024-02-01,4906.18994140625,4906.97021484375,4853.52001953125,4861.10986328125,4386090000,329,365,389,402,98,304,-47118,0.012493688211609788,1.856843864555548,KKR,0.0036266884302377012,0.0,1.0751058983333426,PANW,0.0008625986901178884,0.0,1.0002956206253273,RMBS,-0.0011089953602414716,0.0,0.9676224988016309,IDCC,-0.0005711623702512103,0.0,0.9937830161496465,CRM,0.0019282071034347759,0.0,1.0253389580434789,0.004737336493297684,2.0011073315190084
2024-02-02,4958.60986328125,4975.2900390625,4907.990234375,4916.06005859375,3974350000,292,335,366,227,273,-46,-47164,0.01068444607751462,1.8766832127007558,KKR,0.0037374761233700364,-0.0002031948712984173,1.0186873806168502,PANW,0.003036449967481291,-8.81917412685305e-05,1.0151822498374063,AMZN,0.002894209731849898,-0.0001865884046415861,1.0144710486592494,CVLT,0.0030822530334249395,-0.0003604374623163292,1.0154112651671248,NVDA,0.006627413515740608,0.00015712616316710705,1.033137067578703,0.018696516055509017,2.0385210668715503
2024-02-05,4942.81005859375,4957.18994140625,4918.08984375,4957.18994140625,4023640000,243,300,351,89,411,-322,-47486,-0.0031863375266721894,1.8707034665544515,KKR,-0.002390512526379629,0.0,1.006511455897703,PANW,-0.00033616563865368487,0.0,1.013475902890574,AMZN,-0.0017461149191722036,0.0,1.0056141334935884,CVLT,-0.0037779473910457776,0.0,0.9962304134667416,NVDA,0.009588885610385001,0.0,1.082670233383007,0.0013381451351337052,2.041248903920052
2024-02-06,4954.22998046875,4957.77001953125,4934.8798828125,4950.16015625,4440880000,286,323,364,345,155,190,-47296,0.0023104108269635937,1.8750255600976173,KKR,0.01159977325158561,0.0,1.0648879792153865,PANW,-0.0017359618303494529,0.0,1.004679125473589,AMZN,-0.001362226150828616,0.0,0.9987647641421493,CVLT,-0.001133808517290058,0.0,0.9905827408268816,NVDA,-0.003199107442903393,0.0,1.0653523413738792,0.00416866931021409,2.0497581955803317
2024-02-07,4995.06005859375,4999.89013671875,4969.0498046875,4973.0498046875,4895590000,292,324,363,317,183,134,-47162,0.008241457963390042,1.8904785044314438,KKR,0.002457817281837471,0.0,1.0779744796080692,PANW,0.01347624259781819,0.0,1.0723756236128186,AMZN,0.0016316936832490025,0.0,1.0069131549256614,CVLT,0.0009681682058275243,0.0,0.9953779944014319,NVDA,0.005499580461790688,0.0,1.094647295981593,0.024033502230522877,2.099021063745844
2024-02-08,4997.91015625,5000.39990234375,4987.08984375,4995.16015625,4341860000,297,323,359,270,230,40,-47122,0.0005705832608251526,1.8915571798210222,KKR,0.003842469512481728,0.0,1.098684899973706,PANW,0.0013827100212191025,0.0,1.0797895462192213,AMZN,-0.0008092446447492962,0.0,1.0028389595339053,CVLT,0.0010919483713559331,0.0,1.000812501300783,NVDA,-0.0013067243262168571,0.0,1.0874952847301598,0.0042011589340906095,2.1078393848406445
2024-02-09,5026.60986328125,5030.06005859375,5000.33984375,5004.169921875,3912990000,295,319,359,311,189,122,-47000,0.0057423415255595245,1.9024191471626788,KKR,0.0009943057575683145,0.0,1.1041470435826921,PANW,0.005383905606538786,0.0,1.1088569711780796,AMZN,0.005428639554584214,0.0,1.0300592157469246,CVLT,0.0020230080838115508,0.0,1.0109357602033386,NVDA,0.0071567297291284864,0.0,1.1264098339027366,0.020986588731631353,2.15207574312263
2024-02-12,5021.83984375,5048.39013671875,5016.830078125,5026.830078125,3805740000,334,332,367,324,176,148,-46852,-0.0009489536011326738,1.900613839662115,KKR,0.0012161343678778191,0.0,1.11086099941715,PANW,-0.0026160746912271327,0.0,1.0943527078856308,AMZN,-0.0024190319831046917,0.0,1.0176004848100069,CVLT,-0.00413196801460678,0.0,0.9900499890734267,NVDA,0.0003188552780239551,0.0,1.1282056425065266,-0.0076320850430368304,2.1356509180320615
2024-02-13,4953.169921875,4971.2998046875,4920.31005859375,4967.93994140625,4302190000,238,272,345,57,443,-386,-47238,-0.013674255653625456,1.8746243601197565,KKR,-0.003564853120819356,0.0,1.0910607179143064,PANW,-0.0019947799246729406,0.0,1.083437743824622,AMZN,-0.004293834312248635,0.0,0.9957534454208166,CVLT,-0.0029921579254222896,0.0,0.9752380594665752,NVDA,-0.0003321852758939814,0.0,1.1263317759934206,-0.013177810559057203,2.1075077148139583
2024-02-14,5000.6201171875,5002.52001953125,4956.4501953125,4976.43994140625,3845600000,265,286,356,386,114,272,-46966,0.009579763275017639,1.8925828177192852,KKR,0.00014601718432332157,0.0,1.0918572859840845,PANW,3.800402149836124e-05,0.0,1.0836436187811644,AMZN,0.0027751379819255908,0.0,1.0095702114559195,CVLT,0.0063811317863745835,0.0,1.0063536723692974,NVDA,0.004913513320203533,0.0,1.1540030069149814,0.01425380429432539,2.1375477173296975
2024-02-15,5029.72998046875,5032.72021484375,4999.43994140625,5003.14013671875,4137970000,336,324,369,412,88,324,-46642,0.005821250684729495,1.9036000167428409,KKR,0.0009082850385008002,0.0,1.0968158741692717,PANW,-0.0007873275282020087,0.0,1.0793777065220302,AMZN,-0.001380269862284478,0.0,1.0026028147722557,CVLT,0.0004235428696993005,0.0,1.008484841980936,NVDA,-0.0033613546043430365,0.0,1.1346079403113845,-0.004197124086629422,2.1285761643189733
2024-02-16,5005.56982421875,5038.7001953125,4999.52001953125,5031.1298828125,3833270000,310,309,359,167,333,-166,-46808,-0.0048034698371121065,1.8944561314804904,INTR,0.0009164098637931353,-3.999785794038477e-05,1.0045820493189657,GFF,-0.001222314685591295,0.0002453657966894466,0.9938884265720436,KKR,-0.0013626314477235594,-0.0002894552513552956,0.9931868427613822,PANW,-0.001870657806545598,-0.0001117786018054176,0.990646710967272,AMZN,0.0007119217023413633,0.0007530644658526355,1.003559608511707,-0.0022700738222849698,2.123744139289613
2024-02-20,4975.509765625,4993.7099609375,4955.02001953125,4989.31982421875,4034880000,301,309,360,195,305,-110,-46918,-0.006005322001165325,1.883079312393868,INTR,-0.0025926093327222734,0.0,0.9915596053362176,GFF,-0.000676085643384794,0.0,0.9905286580903853,KKR,-0.00526866825565322,0.0,0.9670229828094355,PANW,-0.00017467171803193794,0.0,0.9897815211524352,AMZN,-0.0028670789387386323,0.0,0.9891731854250434,-0.011579113888530857,2.099153064030679
2024-02-21,4981.7998046875,4983.2099609375,4946.0,4963.02978515625,3788390000,320,326,377,325,175,150,-46768,0.001264199922982101,1.8854599011155655,INTR,-0.001125690365426979,0.0,0.9859786598638498,GFF,-0.0034212983912118356,0.0,0.973584187568516,KKR,0.0011166023296916184,0.0,0.9724218833867874,PANW,-0.05688218534170911,0.0,0.7082768414824773,AMZN,0.001807510761656328,0.0,0.9981128913140316,-0.058505061006999974,1.9763419859565332
2024-02-22,5087.02978515625,5094.39013671875,5038.830078125,5038.830078125,4051710000,360,335,384,371,129,242,-46526,0.02112288421741404,1.9252862523034064,INTR,0.004150936670440331,0.0,1.0064423347413523,GFF,0.002610655605936474,0.0,0.9862926526541502,KKR,0.004505633801549136,0.0,0.9943287679225553,PANW,0.004466164886251356,0.0,0.7240932472783476,AMZN,0.007106003467914901,0.0,1.033575859649272,0.022839394432092198,2.0214804401064987
2024-02-23,5088.7998046875,5111.06005859375,5081.4599609375,5100.919921875,3672790000,368,347,387,339,161,178,-46348,0.0003479475462115911,1.9259561509306504,INTR,-0.005914967718982079,0.0,0.976676965136292,GFF,0.0029028298342190784,0.0,1.0006078513411278,KKR,6.267554975751821e-05,0.0,0.9946403684334016,PANW,0.010656402526639353,0.0,0.762674392827445,AMZN,0.00046970289587480176,0.0,1.0360032275211897,0.008176643087508671,2.0380093641736297
2024-02-26,5069.52978515625,5097.66015625,5068.91015625,5093.0,3683930000,336,318,372,163,337,-174,-46522,-0.003786751350190576,1.918663033875706,INTR,-0.0003809600705255711,0.0,0.9748165905086968,GFF,0.0019854164340050496,0.0,1.0105409677013637,KKR,0.0,0.0,0.9946403684334016,PANW,0.014669079166227172,0.0,0.8186130480596452,AMZN,-0.00029717098972850133,0.0,1.0344638769987677,0.015976364539978152,2.070569344711557
2024-02-27,5078.18017578125,5080.68994140625,5057.2900390625,5074.60009765625,3925950000,360,328,377,310,190,120,-46402,0.0017063496993998672,1.9219369439668095,INTR,0.014503817282876464,0.0,1.0455093990739706,GFF,0.0008962073891534139,0.0,1.0150692391128446,KKR,0.0004592793753800173,0.0,0.9969244574691108,PANW,0.007906731797980049,0.0,0.850975817146318,AMZN,-0.0013621043558678326,0.0,1.027418638234528,0.022403931489522112,2.1169582384547794
2024-02-28,5069.759765625,5077.3701171875,5058.35009765625,5067.2001953125,3789370000,354,333,374,258,242,16,-46386,-0.001658155060430544,1.9187500744973425,INTR,0.0028469644009145425,0.0,1.0603920392738964,GFF,0.0022209405811242536,0.0,1.0263412814418278,KKR,-0.0003540824036162738,0.0,0.9951594904284883,PANW,0.0008895910382744177,0.0,0.854760919449926,AMZN,-0.00043792743888944053,0.0,1.0251689641699815,0.005165486177807499,2.1278933569745133
2024-02-29,5096.27001953125,5104.990234375,5061.89013671875,5085.35986328125,5219740000,375,344,388,318,182,136,-46250,0.005229094697149161,1.928783400337051,INTR,-0.0017543710585980145,0.0,1.0510904337515472,GFF,0.003679927747328149,0.0,1.0452255902408583,KKR,0.005028680592019841,0.0,1.0201811865058987,PANW,-0.003542626102563973,0.0,0.8396204277264516,AMZN,0.004157993495716594,0.0,1.046482193595128,0.007569604673902597,2.144000668475034
2024-03-01,5137.080078125,5140.330078125,5094.16015625,5098.509765625,4748110000,374,352,383,306,194,112,-46138,0.00800782894888763,1.9442287678864039,INTR,0.008978309178142713,3.072527952221933e-05,1.0448915458907135,KKR,-0.0025351235912543495,-0.00010156336548613405,0.9873243820437283,GFF,0.00010849189788724287,0.000708283945528512,1.0005424594894363,CRH,-0.00034310701338253905,8.610285156339884e-05,0.9982844649330873,AMZN,0.00146190581209812,-4.2259450699114805e-05,1.0073095290604905,0.00835176554392007,2.1619068593841453
2024-03-04,5130.9501953125,5149.669921875,5127.18017578125,5130.990234375,4758440000,389,365,388,299,201,98,-46040,-0.0011932620709189656,1.9419087934404955,INTR,0.001689174658719006,0.0,1.0537165674928552,KKR,-0.0006266917252460092,0.0,0.9842306419419261,GFF,-0.0036694945318458184,0.0,0.982185034069556,CRH,-0.00016746123427671125,0.0,0.9974485951898026,AMZN,-0.0007182127541968564,0.0,1.003692216304514,-0.003492685586846389,2.15435599845627
2024-03-05,5078.64990234375,5114.5400390625,5056.81982421875,5110.52001953125,4418410000,348,350,379,176,324,-148,-46188,-0.010193100883444606,1.9221147212025083,INTR,0.00368510245993976,0.0,1.0731318350675914,KKR,-0.004076275577845512,0.0,0.9641706652983507,GFF,-0.004023384287817788,0.0,0.9624264949005299,CRH,-0.004573205131667391,0.0,0.9746409100193204,AMZN,-0.00389684275052431,0.0,0.9841360626201945,-0.01288460528791524,2.1265979717665084
2024-03-06,5104.759765625,5127.97021484375,5092.22021484375,5108.02978515625,4559050000,377,372,389,367,133,234,-45954,0.005141103203274655,1.9319965113527438,INTR,0.0016447385024619177,0.0,1.0819569413043577,KKR,0.0008073646019798098,0.0,0.9680628516254968,GFF,0.00203842942176653,0.0,0.9722356873179943,CRH,0.0022788356004387112,0.0,0.9857461420363005,AMZN,-0.0007006669279320921,0.0,0.9806883046618781,0.006068701198714876,2.1395036594269525
2024-03-07,5157.35986328125,5165.6201171875,5128.2099609375,5132.3798828125,4137980000,390,383,400,369,131,238,-45716,0.010304127925951478,1.9519040505582144,INTR,-0.003915172079912966,0.0,1.0607767032630435,KKR,0.002020638731184521,0.0,0.9778433780865738,GFF,0.0007206953635434222,0.0,0.9757391160786019,CRH,0.0,0.0,0.9857461420363005,AMZN,0.0038153569502330956,0.0,0.9993966843578981,0.002641518965048073,2.145155198919119
2024-03-08,5123.68994140625,5189.259765625,5117.5,5164.4599609375,4208870000,389,391,402,245,255,-10,-45726,-0.0065285190034379825,1.9391610078712576,INTR,0.000998324344430257,0.0,1.0660716992974033,KKR,0.0013676130653580644,0.0,0.9845299349852992,GFF,-0.001091481406105066,0.0,0.9704141105665559,CRH,-0.003343424398103978,0.0,0.9692673035281953,AMZN,-0.0016627091503369495,0.0,0.9910881542984067,-0.003731677544757672,2.137150171433292
2024-03-11,5117.93994140625,5124.66015625,5091.14013671875,5111.9599609375,3896430000,397,408,414,286,214,72,-45654,-0.001122238087346461,1.9369848075307272,INTR,0.000993397593632661,0.0,1.0713668646010128,KKR,-0.0025544821135365715,0.0,0.9719551144394928,GFF,-0.005054138120131446,0.0,0.9458910758239165,CRH,0.0027596309794455376,0.0,0.9826414039190956,AMZN,-0.0038665517783297966,0.0,0.9719276859709862,-0.007722143438919616,2.1206467912589724
2024-03-12,5175.27001953125,5179.8701171875,5114.47998046875,5134.2998046875,4080510000,414,397,409,295,205,90,-45564,0.011201787981366396,1.9586825006678141,INTR,0.002965384363202306,0.0,1.0872519373387175,KKR,0.0036759451913360944,0.0,0.9898193830850847,GFF,0.0040296130037796645,0.0,0.9649489507204124,CRH,0.0038643883539624113,0.0,1.0016279439062268,AMZN,0.003989291162902297,0.0,0.9913141986141069,0.018524622075182774,2.1599309716219937
2024-03-13,5165.31005859375,5179.14013671875,5151.8798828125,5173.490234375,4282890000,396,404,409,267,233,34,-45530,-0.0019245297153407392,1.954912957992361,INTR,0.005519483249029689,0.0,1.117257281616798,KKR,-0.002460188671080532,0.0,0.9776436709216755,GFF,0.000697066311340544,0.0,0.9683121177489654,CRH,0.001979028450652276,0.0,1.0115391948960206,AMZN,0.0013341674816316207,0.0,0.9979270944534601,0.007069556821573598,2.175200726356552
2024-03-14,5150.47998046875,5176.85009765625,5123.2998046875,5175.14013671875,4687970000,328,372,398,111,389,-278,-45808,-0.0028710915621273925,1.9493002238939756,INTR,-0.00631910677930101,0.0,1.0819569413043575,KKR,-0.002286632462445004,0.0,0.9664661121485084,GFF,0.002836455133159932,0.0,0.9820449871334155,CRH,0.0004741505767333454,0.0,1.0139373043592623,AMZN,0.0024807458899963834,0.0,1.0103051121438673,-0.0028143876418563517,2.169078868313737
2024-03-15,5117.08984375,5136.85986328125,5104.35009765625,5123.31005859375,7753670000,305,360,396,230,270,-40,-45848,-0.006482917484461503,1.9366630713900286,INTR,-0.004815642041375082,-0.0004963135790525601,0.9759217897931246,ANF,0.0012227762471903325,-0.00042788152271941047,1.0061138812359516,CRH,-0.00226251771687227,-0.0005189721544729183,0.9886874114156387,KKR,0.0014669280867920962,-0.0001770448351705333,1.0073346404339605,AMZN,-0.0027108774698738486,-0.0005116958007812471,0.9864456126506308,-0.009231240786335443,2.1490555789957813
2024-03-18,5149.419921875,5175.60009765625,5145.47021484375,5154.77001953125,4036220000,312,366,400,307,193,114,-45734,0.006318059504952345,1.9488990239161146,INTR,-0.004054054820255871,0.0,0.9561395876126069,ANF,0.007832247133962068,0.0,1.0455145440497002,CRH,0.0021103066184155585,0.0,0.9991195793549115,KKR,-0.003205767125016057,0.0,0.9911882390629951,AMZN,6.87966508698512e-05,0.0,0.9867849334227089,0.00275152845797555,2.1549687665791595
2024-03-19,5178.509765625,5180.31005859375,5131.58984375,5139.08984375,4031760000,349,376,409,381,119,262,-45472,0.0056491496501236416,1.9599086461551967,INTR,0.004137931832717445,0.0,0.9759217897931246,ANF,0.0003974843178101484,0.0,1.0475924222262112,CRH,0.0013288855191113669,0.0,1.0057581570592384,KKR,0.0012821858358359696,0.0,0.997542676666864,AMZN,0.0016276916594641921,0.0,0.9948158414517942,0.008774179164939121,2.173876848631973
2024-03-20,5224.6201171875,5226.18994140625,5171.5498046875,5181.68994140625,4064850000,389,396,412,377,123,254,-45218,0.008904173912846591,1.9773600135938543,INTR,0.007770264988950615,0.0,1.0138376443690422,ANF,0.006042098565396792,0.0,1.079240705583479,CRH,0.002899593686180513,0.0,1.020339607069406,KKR,0.005931492449897969,0.0,1.0271272609423665,AMZN,0.0025582718340787292,0.0,1.0075408881882015,0.02520172152450462,2.228662287599764
2024-03-21,5241.52978515625,5261.10009765625,5240.66015625,5253.43017578125,4207730000,408,407,413,376,124,252,-44966,0.0032365354015160275,1.9837598092793929,INTR,-0.004227649680333801,0.0,0.9924068924034064,ANF,0.003524888923490366,0.0,1.0982617236279346,CRH,-0.0007203535497725122,0.0,1.0166645807797763,KKR,0.006166324740804053,0.0,1.0587952621478827,AMZN,0.0,0.0,1.0075408881882015,0.004743210434188106,2.2392333018165886
2024-03-22,5234.18017578125,5246.08984375,5229.8701171875,5242.47998046875,3374700000,365,389,407,122,378,-256,-45222,-0.0014021878490156903,1.9809782053794556,INTR,-0.00033221670457086463,0.0,0.990758421666468,ANF,-0.003565706565110172,0.0,1.078681328437188,CRH,0.0013526005970790679,0.0,1.0235402863747356,KKR,-0.0017316062362134456,0.0,1.04962817975384,AMZN,0.0008083090040648333,0.0,1.0116129100476317,-0.0034686199047505814,2.2314662526145272
2024-03-25,5218.18994140625,5229.08984375,5216.08984375,5219.52001953125,3331360000,334,382,404,185,315,-130,-45352,-0.0030549644525015296,1.9749263873808411,INTR,-0.002995004947500335,0.0,0.9759217897931245,ANF,-0.020448993001329255,0.0,0.9683915937578049,CRH,0.0013898848899939421,0.0,1.0306533022663973,KKR,0.00017863881120225856,0.0,1.050565701405018,AMZN,0.0009392426003358878,0.0,1.0163636597484642,-0.0209362316472975,2.1847477582366626
2024-03-26,5203.580078125,5235.16015625,5203.419921875,5228.85009765625,3871790000,321,373,398,219,281,-62,-45414,-0.002799795225030266,1.969396997911666,INTR,0.00033782845186554057,0.0,0.9775702605300628,ANF,0.0013204639165585786,0.0,0.9747852245410841,CRH,0.0005981073473049659,0.0,1.0337355088294455,KKR,0.000396642830403815,0.0,1.0526491981716704,AMZN,-0.0015691988308190075,0.0,1.008389276415643,0.0010838437153138927,2.1871156833639738
2024-03-27,5248.490234375,5249.259765625,5213.919921875,5226.31005859375,3850500000,407,417,427,449,51,398,-45016,0.008630626525532925,1.9863941278811472,INTR,-0.002698151052437714,0.0,0.9643820993936578,ANF,-0.0010002469529335702,0.0,0.9699100947880247,CRH,-0.0027064411287295756,0.0,1.0197467873428245,KKR,-0.0010687871306258368,0.0,1.0470239085913229,AMZN,0.001716207238485268,0.0,1.0170423012926202,-0.005757419026241428,2.174523541915983
2024-03-28,5254.35009765625,5264.85009765625,5245.81982421875,5248.02978515625,3998270000,416,428,433,362,138,224,-44792,0.0011164855071790214,1.988611908136472,INTR,-0.004786306935581908,0.0,0.9413029557392633,ANF,0.0065425201066857674,0.0,1.0016383762721655,CRH,0.0005580328594904316,0.0,1.02259204842131,KKR,0.0001392801095635665,0.0,1.0477530566148443,AMZN,0.0006116922050354301,0.0,1.02015288553208,0.0030652183451932878,2.1811889313687187
2024-04-01,5243.77001953125,5263.9501953125,5229.2001953125,5257.97021484375,3325930000,369,405,425,135,365,-230,-45022,-0.0020135845401164643,1.9846076699419568,INTR,-0.000891149687700992,0.000449877611059854,0.9955442515614951,ANF,0.010279063749189849,-5.913194986818509e-05,1.0513953187459493,AMZN,-8.642927898387834e-07,3.875242391650793e-05,0.9999956785360508,CRH,-0.003829167914766467,-0.00017507956937471043,0.9808541604261677,PAY,-0.007266964297147439,5.082567997114216e-05,0.9636651785142628,-0.0014038382475102798,2.1781268949218173
2024-04-02,5205.81005859375,5208.33984375,5184.0498046875,5204.2900390625,3886590000,292,377,418,102,400,-298,-45320,-0.0072390590731691296,1.9702409777821825,INTR,-0.0017361127876420746,0.0,0.9869023660324977,ANF,-0.0006674794502854464,0.0,1.0478863948990031,AMZN,-0.0003094422030261335,0.0,0.9984484742071367,CRH,-0.0011077321309224785,0.0,0.9754215420799024,PAY,-0.0019918452859650107,0.0,0.9540678187989015,-0.005812611857841144,2.165466288704512
2024-04-03,5211.490234375,5228.75,5194.3701171875,5194.3701171875,3703250000,286,377,408,278,224,54,-45266,0.001091122364688113,1.9723907517768657,INTR,-0.002101584947554014,0.0,0.976532070246701,ANF,-0.0010197841705732902,0.0,1.0425433051086175,AMZN,0.0019038144860957118,0.0,1.0079527775512152,CRH,0.002606956155654494,0.0,0.9881359480473184,PAY,-0.0053955201641279205,0.0,0.9283293580275264,-0.004006118640505019,2.156791173839948
2024-04-04,5147.2099609375,5256.58984375,5146.06005859375,5244.0498046875,4075680000,214,343,400,72,430,-358,-45624,-0.012334336350379616,1.9480626208300718,INTR,0.00530973992086965,0.0,1.002457726833693,ANF,-0.011887090793241128,0.0,0.9805792704900583,AMZN,-0.0026424029534844575,0.0,0.9946356905693442,CRH,-0.002386230162744063,0.0,0.9763463490267074,PAY,-0.006860915658175527,0.0,0.8964834108853509,-0.018466899646775524,2.1169619276735943
2024-04-05,5204.33984375,5222.18017578125,5157.2099609375,5158.9501953125,3386780000,255,369,400,369,133,236,-45388,0.011099194174331695,1.9696845461224222,INTR,0.0010344705570330514,0.0,1.0076427918490916,ANF,-0.003529600170954028,0.0,0.9632740066862799,AMZN,0.00563334147135417,0.0,1.0226513029922106,CRH,0.004569660199546588,0.0,0.9986542042873072,PAY,0.0012652172549066254,0.0,0.9021546422862994,0.008973089311886407,2.1359576161204727
2024-04-08,5202.39013671875,5219.56982421875,5197.35009765625,5211.3701171875,3278180000,271,372,405,284,218,66,-45322,-0.00037463099831791524,1.9689466412345369,INTR,0.007547190916695934,0.0,1.0456671544786795,ANF,-0.0022684042324664145,0.0,0.9523485325173198,AMZN,0.00012967537951977804,0.0,1.0233143664713702,CRH,-0.001643512961539595,0.0,0.9904476986430962,PAY,0.005705997523029316,0.0,0.9278931030576745,0.009470946625239018,2.1561871566965225
2024-04-09,5209.91015625,5224.81005859375,5160.77978515625,5217.02978515625,3400680000,295,378,420,326,176,150,-45172,0.0014454931932483817,1.9717927402023108,INTR,-0.000991755502348779,0.0,1.0404819237082814,ANF,-0.0055267048617681615,0.0,0.9260317861935136,AMZN,0.0005183819009786372,0.0,1.025966704704321,CRH,-0.003991122777900036,0.0,0.9706827067912306,PAY,0.0013164023190919583,0.0,0.9340005062213472,-0.008674798921946381,2.137482666674097
2024-04-10,5160.64013671875,5178.43017578125,5138.7001953125,5167.8798828125,3845930000,172,304,390,74,428,-354,-45526,-0.009456980649108493,1.9531455344141648,INTR,-0.00830564064265309,0.0,0.9972725789407946,ANF,-0.003083019071974769,0.0,0.9117569179030662,AMZN,0.00030160907207217315,0.0,1.027513909033235,CRH,-0.0012622138348647339,0.0,0.9645566610823514,PAY,-0.004950963946032627,0.0,0.9108794920619566,-0.017300228423453048,2.1005037282894636
2024-04-11,5199.06005859375,5211.77978515625,5138.77001953125,5172.9501953125,3509380000,166,289,385,233,269,-36,-45562,0.007444797710585593,1.967686307817212,INTR,-0.006239161139963034,0.0,0.966161857338404,ANF,0.0037435482469609926,0.0,0.9288229479614192,AMZN,0.0033342362510266456,0.0,1.0446437796528987,CRH,2.3951303073488362e-05,0.0,0.9646721730269571,PAY,-0.0013409903762017007,0.0,0.9047720888982838,-0.0004784157151036083,2.0994988142962163
2024-04-12,5123.41015625,5175.02978515625,5107.93994140625,5171.509765625,3963220000,75,224,364,42,460,-418,-45980,-0.01455068829580164,1.939055117688247,AMZN,-0.0018921163298146384,-0.0004689075016473258,0.9905394183509268,CRH,-0.0017627911266305204,-0.0005512072981213885,0.9911860443668474,PAY,-0.005610245244875441,-0.0003211260106374852,0.9719487737756228,BMA,-0.0003162213316538293,-0.00021715321630355104,0.9984188933417308,GGAL,-0.0027971987322573085,-0.00015560167239714472,0.9860140063387135,-0.014092568464338633,2.0699114835149492
2024-04-15,5061.81982421875,5168.43017578125,5052.47021484375,5149.669921875,3950210000,46,184,356,77,425,-348,-46328,-0.01202135494776202,1.915745047855242,AMZN,-0.002697050126018419,0.0,0.9771817460354789,CRH,-0.005167395548617471,0.0,0.9655767925992824,PAY,-0.008747525163112902,0.0,0.9294380419963278,BMA,-0.015546044178631237,0.0,0.9208115722183776,GGAL,-0.013576484298582958,0.0,0.9190809879625114,-0.045734499314962984,1.9752451181901007
2024-04-16,5051.41015625,5079.83984375,5039.830078125,5064.58984375,4006200000,47,154,349,156,346,-190,-46518,-0.0020565070133361507,1.9118053047285637,AMZN,-0.00032674850337219844,0.0,0.9755852826702803,CRH,-0.0028390059647289247,0.0,0.9518704012313165,PAY,0.0017671525812504197,0.0,0.9376503361714585,BMA,0.0024020251384595072,0.0,0.9318706349396424,GGAL,0.0012318823308595573,0.0,0.9247419861110112,0.002235305582468361,1.9796603946295346
2024-04-17,5022.2099609375,5077.9599609375,5007.25,5068.97021484375,3596130000,39,150,351,204,298,-94,-46612,-0.005780602724641426,1.9007539177750659,AMZN,-0.0022256256419561637,0.0,0.9647288445651502,CRH,-0.0016420286890522773,0.0,0.9440554086959089,PAY,-0.003400308359611382,0.0,0.9217088347890774,BMA,0.0002498422605329509,0.0,0.9330347382694304,GGAL,-0.0006481840711884068,0.0,0.9217449709842298,-0.007666304501275279,1.9644837152351897
2024-04-18,5011.1201171875,5056.66015625,5001.89013671875,5031.52001953125,3619760000,53,154,350,259,243,16,-46596,-0.002208160119998248,1.8965567487759045,AMZN,-0.0022727245945116437,0.0,0.9537660297047601,CRH,-0.003515021314991285,0.0,0.9274635342754143,PAY,0.005241090167707707,0.0,0.9458626303465892,BMA,0.0009149511224485707,0.0,0.937303144174746,GGAL,0.0025288903794983943,0.0,0.933399930931595,0.002897185760151744,1.9701751894810193
2024-04-19,4967.22998046875,5019.02001953125,4953.56005859375,5005.43994140625,3878750000,100,183,359,330,172,158,-46438,-0.00875854812743615,1.879945665215337,AMZN,-0.00512219206185387,0.0,0.929339165773662,CRH,-0.00023333415113981906,0.0,0.9263814896929978,PAY,-0.0027579209276377362,0.0,0.9328195586320726,BMA,0.006251277138269007,0.0,0.9665998527587822,GGAL,0.0030681259971365284,0.0,0.9477188739006783,0.0012059559947741093,1.9725511340615292
2024-04-22,5010.60009765625,5038.83984375,4969.39990234375,4987.330078125,3820250000,142,205,378,413,89,324,-46114,0.008731248071466746,1.8963599371792106,AMZN,0.0029777137628454135,0.0,0.9431756958950396,CRH,0.0014276208662019397,0.0,0.9329940974167427,PAY,0.0005178782578152408,0.0,0.9352349934714743,BMA,0.013849873409651048,0.0,1.0335362807512647,GGAL,0.017990189294380964,0.0,1.0329670835973321,0.03676327559089461,2.045068575020165
2024-04-23,5070.5498046875,5076.1201171875,5027.9599609375,5028.85009765625,3751400000,186,226,386,391,111,280,-45834,0.011964576270872662,1.9190490802846185,AMZN,0.002606779455262176,0.0,0.9554689510288485,CRH,0.003067015657287531,0.0,0.9473016349414126,PAY,0.00847107096046038,0.0,0.9748472034434871,BMA,-0.00450535297230088,0.0,1.0102540519789471,GGAL,-0.003159261781690681,0.0,1.0166500164525645,0.006480251319018526,2.0583211333509226
2024-04-24,5071.6298828125,5089.47998046875,5047.02001953125,5084.85986328125,3656740000,184,229,387,277,225,52,-45782,0.0002130100613548791,1.919457857046953,AMZN,-0.0032861725059115665,0.0,0.9397697720432328,CRH,-0.002944530826774594,0.0,0.9333548406097179,PAY,0.004360758448004232,0.0,0.9961025693331345,BMA,-0.011868643695719628,0.0,0.9503023250534715,GGAL,-0.00956434627027112,0.0,0.9680320524874187,-0.023302934850672676,2.010356210078683
2024-04-25,5048.419921875,5057.75,4990.580078125,5019.8798828125,3958050000,198,215,382,188,314,-126,-45908,-0.004576430353515626,1.9106735918476692,AMZN,-0.0033070935268135317,0.0,0.9242302393941367,CRH,-0.00110783267411676,0.0,0.9281848356648554,PAY,-0.005043651179434239,0.0,0.9709825998398618,BMA,0.0004083330524589535,0.0,0.9522425242992111,GGAL,0.002889555325793625,0.0,0.9820179633514385,-0.006160689002111952,1.9979710306849239
2024-04-26,5099.9599609375,5114.6201171875,5073.14013671875,5084.64990234375,3604140000,214,228,378,264,238,26,-45882,0.01020914263474304,1.9301799310752787,PAY,0.004323245639496444,0.0009102792471768309,1.0216162281974823,BMA,0.007430473448752119,0.00046209004966941183,1.0371523672437606,GGAL,0.0044622095433863185,0.00039737176093539546,1.0223110477169315,CRS,0.004573581130230103,0.0002938153616405131,1.0228679056511505,PSTG,0.0007099395866339007,0.0006510703366172381,1.0035496979331695,0.024214076104538275,2.046350053276591
2024-04-29,5116.169921875,5123.490234375,5088.64990234375,5114.1298828125,3447450000,254,251,388,362,140,222,-45660,0.0031784486665891176,1.9363149089034821,PAY,-0.0019249350946170642,0.0,1.011783503543044,BMA,0.00688984568310711,0.0,1.0728814660446544,GGAL,0.0036481947453771203,0.0,1.040958996679041,CRS,-0.0006428478734521238,0.0,1.019580163361299,PSTG,-0.0019641187923367556,0.0,0.9936942438293974,0.0060061386680782865,2.0586407154599997
2024-04-30,5035.68994140625,5110.830078125,5035.31005859375,5103.77978515625,4082470000,202,198,366,58,444,-386,-46046,-0.01573051358686217,1.905855680920532,PAY,-0.001652090154753827,0.0,1.003425715718315,BMA,0.003800550817230075,0.0,1.0932691687074894,GGAL,0.007485608658222631,0.0,1.0799200550710177,CRS,0.004705573873535585,0.0,1.0435687122547395,PSTG,-0.007743653509368675,0.0,0.9552201242370526,0.006595989684865789,2.0722194883840186
2024-05-01,5018.39013671875,5096.1201171875,5013.4501953125,5029.02978515625,4544170000,194,196,357,240,262,-22,-46068,-0.0034354388154940185,1.899308230337568,PAY,0.0005879418558642602,0.0,1.0063754956059219,BMA,0.0018833123282436582,0.0,1.1035640052250668,GGAL,-0.0003700250195078692,0.0,1.0779220678737949,CRS,0.02947492447372615,0.0,1.197364257139,PSTG,-0.0010714303555131143,0.0,0.9501028650505297,0.030504723282813086,2.1354319704584257
2024-05-02,5064.2001953125,5073.2099609375,5011.0498046875,5049.31982421875,4381660000,226,208,364,359,143,216,-45852,0.009128437077573048,1.916645946009121,PAY,0.005373728997151073,0.0,1.033415441519721,BMA,0.005267968886591046,0.0,1.132631709444504,GGAL,-0.0029657124505676037,0.0,1.0619380333866204,CRS,0.00319334662144013,0.0,1.21648225266484,PSTG,0.005186511906489466,0.0,0.9747414641604013,0.016055843961104113,2.169718132965659
2024-05-03,5127.7900390625,5139.1201171875,5101.22021484375,5122.77978515625,3924990000,274,218,371,379,123,256,-45596,0.012556739721478527,1.9407127702913844,PAY,0.0,0.0,1.033415441519721,BMA,0.014649807300926599,0.0,1.2155958908759092,GGAL,0.015239884213277844,0.0,1.1428570967390608,CRS,0.007487484626901875,0.0,1.2620242134934747,PSTG,0.0031499178241673146,0.0,0.9900932417199703,0.04052709396527363,2.257650503618516
2024-05-06,5180.740234375,5181.0,5142.419921875,5142.419921875,3683250000,317,256,379,384,118,266,-45330,0.01032612390701182,1.9607528108253334,PAY,0.011227405132999912,0.0,1.0914283106829203,BMA,0.013218180922260327,0.0,1.2959357229456792,GGAL,0.014452191833441753,0.0,1.2254410467404768,CRS,-0.003338483569128914,0.0,1.2409579779905207,PSTG,0.00654670378840172,0.0,1.0225024776021656,0.0421059981079748,2.3527111314523457
2024-05-07,5187.7001953125,5200.22998046875,5178.9599609375,5187.2001953125,3987890000,338,266,387,326,176,150,-45180,0.0013434298232750663,1.9633869446274665,PAY,-0.02693695113252688,0.0,0.9444295553353094,BMA,-0.0023987475828421757,0.0,1.2803926095310052,GGAL,-0.0062499825433525395,0.0,1.1871461209902987,CRS,0.0012363671957276168,0.0,1.2486293766668404,PSTG,-0.002854496559312825,0.0,1.0079088285811446,-0.0372038106223068,2.2651813120687994
2024-05-08,5187.669921875,5191.9501953125,5165.85986328125,5168.97998046875,3842100000,342,259,383,249,253,-4,-45184,-5.835618166138978e-06,1.9633754870509452,PAY,0.0015617025822781017,0.0,0.951804145712044,BMA,0.0032792067882647215,0.0,1.3013859702150954,GGAL,0.002244045837665265,0.0,1.2004661725478425,CRS,0.0019699877257170597,0.0,1.2609282993968576,PSTG,0.0010154210463116265,0.0,1.0130260877676676,0.010070363980236776,2.2879925123625626
2024-05-09,5214.080078125,5215.2998046875,5180.41015625,5189.02978515625,3727370000,375,292,394,415,87,328,-44856,0.005090947698625836,1.9733709289682857,PAY,-0.0004132325853951846,0.0,0.9498375632724317,BMA,-0.003412440045355725,0.0,1.2791814622189648,GGAL,-0.0029958512035250574,0.0,1.1824840824087497,CRS,0.004944460458780987,0.0,1.292101349985486,PSTG,0.0024695971487047608,0.0,1.0255349194572405,0.0005925337732097802,2.2893482251989887
2024-05-10,5222.68017578125,5239.66015625,5209.68017578125,5225.490234375,3617900000,390,294,399,302,200,102,-44754,0.001649398844549843,1.9766258046983942,APO,-0.0017390432895378145,0.000290931366644931,0.9913047835523109,ANF,-0.005944704864798485,0.0005779690363662209,0.9702764756760076,BMA,-0.00625434237706617,0.0002750905186444377,0.9687282881146692,CENX,-0.0022762492512955717,0.0002499733836664523,0.9886187537435221,NRG,0.0018025486566394106,0.00022585888426134116,1.009012743283197,-0.012791967936475246,2.260062956106817
2024-05-13,5221.419921875,5237.259765625,5211.16015625,5233.080078125,4255710000,382,297,398,215,287,-72,-44826,-0.00024130405535727206,1.9761488368757967,APO,-0.004069250055121399,0.0,0.9711354483267491,ANF,0.004178538763098239,0.0,0.9905481649986804,BMA,-0.0036218077907701264,0.0,0.9511855498095035,CENX,0.00746792671863914,0.0,1.0255334157716671,NRG,-0.0028451891478996627,0.0,0.9946585827467879,0.0011102184879461918,2.262572119784609
2024-05-14,5246.68017578125,5250.3701171875,5217.97998046875,5221.10009765625,4763580000,389,314,402,313,189,124,-44702,0.004837813139759728,1.9857090756849554,APO,0.00198579779213639,0.0,0.9807778414725123,ANF,0.005875244590602469,0.0,1.019646728739379,BMA,0.006136783456435069,0.0,0.9803716485398588,CENX,-0.005511808236162797,0.0,0.997270698134115,NRG,-0.0009216693215542638,0.0,0.9900748512410961,0.007564348281456865,2.279687003310574
2024-05-15,5308.14990234375,5311.759765625,5263.259765625,5263.259765625,4360810000,391,327,404,360,142,218,-44484,0.011715927882596233,2.008973500011497,APO,0.008027408870680786,0.0,1.0201433651965304,ANF,0.0020101168538259272,0.0,1.0298947741113165,BMA,0.011876489308087424,0.0,1.038588515549037,CENX,0.003238852104922918,0.0,1.0134207596332632,NRG,0.005872318644979258,0.0,1.019145026285437,0.031025185782496315,2.350414716114227
2024-05-16,5297.10009765625,5325.490234375,5296.18994140625,5310.06982421875,3817470000,392,320,406,226,276,-50,-44534,-0.0020816677921287052,2.004791484581283,APO,-0.0037037296440784132,0.0,1.0012516890820888,ANF,-0.002890747153162865,0.0,1.0150089471797186,BMA,-0.005530641172219153,0.0,1.0098682135235897,CENX,-0.003984068156504628,0.0,0.993233072745285,NRG,-0.003692732561718759,0.0,1.000327876167047,-0.019801918687683818,2.3038719950233975
2024-05-17,5303.27001953125,5305.4501953125,5283.58984375,5303.10009765625,3578120000,385,328,408,294,208,86,-44448,0.0011647735102702228,2.0071266125961387,APO,0.000620958786246062,0.0,1.004360369249985,ANF,0.005777873238137854,0.0,1.0443319123416195,BMA,-0.0002152091359798991,0.0,1.0087815491951597,CENX,0.007317085868019203,0.0,1.029570931146454,NRG,-0.0015193442935525605,0.0,0.9927286639153673,0.01198136446287066,2.3314755250715735
2024-05-20,5308.1298828125,5325.31982421875,5302.39990234375,5305.35009765625,3420100000,368,315,406,216,286,-70,-44518,0.0009163899374069473,2.0089659232270236,APO,-0.00022993686052246167,0.0,1.0032056718992923,ANF,0.007492293825190722,0.0,1.0834541200330532,BMA,0.0037549733409820707,0.0,1.0277212883156719,CENX,0.011540602322520145,0.0,1.088980274542394,NRG,-0.0019927239564973,0.0,0.9828374929609387,0.020565208671673177,2.3794228057575695
2024-05-21,5321.41015625,5324.31982421875,5297.8701171875,5298.68994140625,3662240000,365,311,401,253,249,4,-44514,0.002501874243978186,2.013992103327375,APO,0.0030987194709801713,0.0,1.0187489366438527,ANF,-0.0005523251955229958,0.0,1.080462024989616,BMA,-0.004682758704286583,0.0,1.0036584342734678,CENX,0.0008474568565902896,0.0,1.0935945935441567,NRG,0.003804615560230174,0.0,1.0015340870554228,0.0025157079879910564,2.3854087387168224
2024-05-22,5307.009765625,5323.18017578125,5286.009765625,5319.27978515625,3847130000,330,296,398,179,323,-144,-44658,-0.002706123039226127,2.0085419928957413,APO,-0.0014995772202715642,0.0,1.0111104731510177,ANF,-0.003544721012632546,0.0,1.061312342772955,BMA,-0.012281519932395036,0.0,0.9420261789442379,CENX,-0.015717297922639716,0.0,1.0076528333775487,NRG,-0.00472119319297617,0.0,0.9778919074837245,-0.03776430928091503,2.295325425346523
2024-05-23,5267.83984375,5341.8798828125,5256.93017578125,5340.259765625,3869520000,234,240,371,56,446,-390,-45048,-0.0073807894850155265,1.9937173672743642,APO,-0.0016865715708046071,0.0,1.0025839222562212,ANF,0.005638567609726053,0.0,1.0912337497717652,BMA,-0.012261060544082448,0.0,0.8842749788735081,CENX,0.0018317098305757008,0.0,1.0168814713810743,NRG,4.93506379938502e-05,0.0,0.9781332054313412,-0.00642800403659145,2.280571064247104
2024-05-24,5304.72021484375,5311.64990234375,5278.39013671875,5281.4501953125,3005510000,240,256,374,360,142,218,-44830,0.0070010425881694704,2.007675467471425,APO,0.003985135651316527,5.558417206854766e-05,1.0199256782565826,MMYT,0.010814483715391914,0.0003407538644858925,1.0540724185769597,TLN,0.004773010192932074,0.0005984076449582706,1.0238650509646603,ANF,0.003734601532578161,0.00048131924917320287,1.0186730076628907,CVLT,-0.0011168961241780492,0.00014233158233981208,0.9944155193791098,0.02380873148106635,2.3348685683392536
2024-05-28,5306.0400390625,5315.91015625,5280.89013671875,5315.91015625,3751540000,184,225,361,134,368,-234,-45064,0.0002488018529340774,2.008174980847822,APO,0.0001385047521972993,0.0,1.0206320010232155,MMYT,-0.003407366255718558,0.0,1.0361143646262458,TLN,-0.0029488370037138224,0.0,1.0087689952191907,ANF,0.0029566507927976104,0.0,1.0337323094414308,CVLT,0.0013743257625962624,0.0,1.001248773714151,-0.0018867219518412081,2.330463320556704
2024-05-29,5266.9501953125,5282.27001953125,5262.7001953125,5278.72998046875,3552750000,126,192,339,57,445,-388,-45452,-0.007367046509680453,1.9933806623643395,APO,-0.004204160418858627,0.0,0.9991774977186041,MMYT,-0.0032866832438747775,0.0,1.0190874660214706,TLN,0.0014260654909653337,0.0,1.01596184848138,ANF,0.04863835908790111,0.0,1.2851275257783188,CVLT,-0.00037715352608058694,0.0,0.9993606511867004,0.04219642739005245,2.428800546847755
2024-05-30,5235.47998046875,5260.2099609375,5222.10009765625,5259.77001953125,3818750000,150,217,344,362,140,222,-45230,-0.005975035585443322,1.981470141971378,APO,0.006362110693263024,0.0,1.0309618869321207,MMYT,-0.002923907421117278,0.0,1.0041888789981317,TLN,0.0018879366612900572,0.0,1.02555220658248,ANF,-0.01159144460745365,0.0,1.2106451031354521,CVLT,-0.004246514760149744,0.0,0.9781416524068145,-0.01051181943416759,2.403269434057684
2024-05-31,5277.509765625,5280.330078125,5191.68017578125,5243.2099609375,5437160000,234,260,367,419,83,336,-44894,0.00802787620486467,1.9973771389747599,APO,-0.001044777039916034,0.0,1.0255762603896448,MMYT,0.0002649317179781896,0.0,1.0055190864225696,TLN,-0.0005887892357425928,0.0,1.0225330360828409,ANF,-0.0062755713175464585,0.0,1.1726576547106276,CVLT,-0.0022060935150988617,0.0,0.9673522926257007,-0.009850299390325758,2.379596510616597
2024-06-03,5283.39990234375,5302.10986328125,5234.31982421875,5297.14990234375,4046920000,198,253,367,172,330,-158,-45052,0.0011160825806737495,1.9996063768066057,APO,0.000671493779828003,0.0,1.0290196007875994,MMYT,0.006402979006699017,0.0,1.037710674428564,TLN,-0.003317418387841076,0.0,1.00557218660246,ANF,0.0032278690619856223,0.0,1.1915835815303328,CVLT,0.001654441954339081,0.0,0.9753544337134309,0.008639365415010647,2.400154714412098
2024-06-04,5291.33984375,5298.7998046875,5257.6298828125,5278.240234375,3707900000,189,244,362,232,270,-38,-45090,0.0015028090913065117,2.002611403448705,APO,-0.0045817342228401834,0.0,1.0054461291830898,MMYT,-0.011229341784053815,0.0,0.9794466352479674,TLN,-0.00791239104919197,0.0,0.9657897847595116,ANF,-0.006842775407412094,0.0,1.150814887392474,CVLT,0.0007005848850643037,0.0,0.9787710265826313,-0.029865657578433756,2.3284725155762027
2024-06-05,5354.02978515625,5354.16015625,5297.64013671875,5314.47998046875,3591460000,207,253,361,325,177,148,-44942,0.011847649793331305,2.026337642028897,APO,0.004214954356876621,0.0,1.0266356768971148,MMYT,0.021349995663585863,0.0,1.0840025423242567,TLN,0.007631484818620526,0.0,1.0026418351613666,ANF,0.003595641805467853,0.0,1.1715044779897898,CVLT,0.007697965125691564,0.0,1.0164437527259833,0.044490041770242426,2.4320663550550496
2024-06-06,5352.9599609375,5362.35009765625,5335.35986328125,5357.7998046875,3609990000,201,257,356,202,300,-98,-45040,-0.00019981663563317653,2.02593274605861,APO,-0.0056931429737449475,0.0,0.9974117584445013,MMYT,-0.0007117460378687213,0.0,1.080144869751562,TLN,-0.004499160097680011,0.0,0.9800866044762532,ANF,0.003508973749669453,0.0,1.1920583702942218,CVLT,0.004635108441329284,0.0,1.0400003878179664,-0.0027599669182949435,2.4253539323719995
2024-06-07,5346.990234375,5375.080078125,5331.330078125,5343.81005859375,3692760000,188,250,351,189,313,-124,-45164,-0.0011152197300303701,2.023673385888491,MMYT,-0.0007693926204276258,-9.305890785625423e-05,0.9961530368978618,BLBD,-0.0012929582740798054,-0.00029589983544184794,0.993535208629601,CVLT,-0.0018407579509288543,0.00018809359083177978,0.9907962102453557,NRG,0.0007797317968961637,-5.59157969758701e-05,1.0038986589844807,REVG,-0.003635803016350866,-3.999999999999815e-05,0.9818209849182457,-0.007055961014333178,2.408240729579223
2024-06-10,5360.7900390625,5365.7900390625,5331.52001953125,5341.22021484375,3622280000,202,260,353,286,216,70,-45094,0.0025808546645145203,2.0288961927859153,MMYT,-0.00144187501220987,0.0,0.9889713960366618,BLBD,-0.0004613922162843398,0.0,0.9912431615702703,CVLT,-0.00010459825306019521,0.0,0.9902780324817041,NRG,0.005340900704177854,0.0,1.0307072742579477,REVG,0.003127331762248886,0.0,0.9971733846731322,0.006460366984872335,2.4237988484802218
2024-06-11,5375.31982421875,5375.9501953125,5327.25,5353.0,3568030000,173,238,347,183,319,-136,-45230,0.0027103813151374556,2.0343952751171956,MMYT,-0.004857900024272311,0.0,0.9649497751926063,BLBD,-0.0008893631966266692,0.0,0.9868352856362279,CVLT,-0.0028431969836944185,0.0,0.97620025490685,NRG,0.002700993246601469,0.0,1.0446269411929163,REVG,-0.008431087956973981,0.0,0.9551371021004691,-0.014320554914965911,2.3890887039677295
2024-06-12,5421.02978515625,5447.25,5409.1298828125,5409.1298828125,3962840000,212,253,350,298,204,94,-45136,0.008503672791998707,2.0516951068663807,MMYT,0.0020017933433655434,0.0,0.9746079253759194,BLBD,0.005824538923951428,0.0,1.0155745882998126,CVLT,0.005963023591926797,0.0,1.0053057806591226,NRG,-0.0018507062010323372,0.0,1.0349604534037604,REVG,0.002143119144273564,0.0,0.9653719651450565,0.014081768802484997,2.4227312987456315
2024-06-13,5433.740234375,5441.93017578125,5402.509765625,5441.93017578125,3530380000,200,246,349,182,320,-138,-45274,0.0023446558536817097,2.056505625808665,MMYT,-0.003735233738538102,0.0,0.9564059833523657,BLBD,-0.0019444360188493716,0.0,1.0057009892532212,CVLT,-0.00333333748449296,0.0,0.98855066344888,NRG,-0.0022914177632810118,0.0,1.0231028195676466,REVG,-0.0011359123557472817,0.0,0.959889075429555,-0.012440337360908727,2.392591704054403
2024-06-14,5431.60009765625,5432.39013671875,5403.75,5424.080078125,3438650000,175,228,341,136,366,-230,-45504,-0.000393860697500914,2.0556956490684692,MMYT,-0.002071453766154319,0.0,0.9465002294714268,BLBD,-0.0043828891302129195,0.0,0.9836616095830095,CVLT,0.0036344606809224802,0.0,1.006514906035904,NRG,-0.001864440854612881,0.0,1.0135652460912887,REVG,-0.00022850351602314857,0.0,0.9587923852859157,-0.0049128265860807875,2.380837315921088
2024-06-17,5473.22998046875,5488.5,5420.39990234375,5431.10986328125,3447840000,208,243,348,361,141,220,-45284,0.007664386564552705,2.071451295181999,MMYT,0.006619567499978052,0.0,0.9778273402600809,BLBD,0.0003584817081200953,0.0,0.9854247330530869,CVLT,0.0030204258150060784,0.0,1.0217154240628004,NRG,-0.00022888134073237865,0.0,1.012405315229063,REVG,0.008082367645603527,0.0,0.9975389480543453,0.017851961327975376,2.423339931613112
2024-06-18,5487.02978515625,5490.3798828125,5471.31982421875,5476.14990234375,3544330000,244,257,350,316,186,130,-45154,0.0025213273947457537,2.076674102079423,MMYT,0.008509562006871764,0.0,1.0194317521798693,BLBD,0.005117195637116545,0.0,1.0106377887765168,CVLT,-0.000405757374425475,0.0,1.0196425812234118,NRG,0.003488205207792472,0.0,1.030062702693957,REVG,0.0013191624992636708,0.0,1.0041185279134863,0.018028367976618977,2.4670287956326677
2024-06-20,5473.169921875,5505.52978515625,5455.56005859375,5499.990234375,3847060000,275,269,353,287,215,72,-45082,-0.0025259318472709014,2.0714285648285777,MMYT,-0.0003643909207890373,0.0,1.0175743938055772,BLBD,-0.009385898956841344,0.0,0.963209067939407,CVLT,3.3888315897989683e-05,0.0,1.0198153510728896,NRG,0.0020020062872924795,0.0,1.040373662729451,REVG,-0.01004734158572942,0.0,0.9536749187009534,-0.017761736860169332,2.4232100793381797
2024-06-21,5464.6201171875,5478.31005859375,5452.02978515625,5466.77001953125,6773800000,288,275,361,293,209,84,-44998,-0.001562130321101196,2.0681927234594637,MMYT,-0.0017015034813068982,-0.000535973055555786,0.9914924825934656,BLBD,-0.002801266587315548,-0.00011314829549790838,0.9859936670634223,APO,-0.0007411719507565626,-6.159053489880199e-06,0.9962941402462172,CVLT,0.002319254378929492,-0.00034197692927946064,1.0115962718946474,REVG,-0.001121252591545619,-0.0001472101433026996,0.9943937370422719,-0.005190407709120871,2.4106326310615636
2024-06-24,5447.8701171875,5490.66015625,5447.58984375,5459.580078125,3696750000,345,305,364,354,148,206,-44792,-0.003065171894990004,2.0618533572500928,MMYT,0.001887012980862579,0.0,1.0008472785188733,BLBD,-0.0037904142086487846,0.0,0.9673070450370477,APO,0.0008490377520105064,0.0,1.0005235969320967,CVLT,-0.0008857671720670757,0.0,1.0071160780494988,REVG,-0.0039382279477878646,0.0,0.9748129910106464,-0.00587835859563064,2.396462068013855
2024-06-25,5469.2998046875,5472.8798828125,5446.56005859375,5460.72998046875,3591960000,271,260,355,116,386,-270,-45062,0.003933590015736899,2.0699638430300853,MMYT,0.006887229457214206,0.0,1.0353126028128126,BLBD,0.005568186522515406,0.0,0.9942377752935951,APO,0.0003212761919443974,0.0,1.002130818987961,CVLT,0.0032902452484701696,0.0,1.0236843725018,REVG,-0.0031508539144603056,0.0,0.9594555243676832,0.012916083505683872,2.427414972202526
2024-06-26,5477.89990234375,5483.14013671875,5451.8701171875,5460.7099609375,3563920000,243,241,345,174,328,-154,-45216,0.0015724312002203256,2.073218718760194,MMYT,-0.003756989227414742,0.0,1.0158643113339403,BLBD,-0.0018426386430165254,0.0,0.9850776705680814,APO,-0.0006921581066827499,0.0,0.9986626541363652,CVLT,-0.004079275395252747,0.0,1.0028049201355433,REVG,-0.00024010081224794534,0.0,0.9583036941141009,-0.01061116218461471,2.401657278243123
2024-06-27,5482.8701171875,5490.81005859375,5467.5400390625,5473.58984375,3589530000,250,256,347,286,216,70,-45146,0.0009073212238914774,2.075099794105494,MMYT,0.0013328560763187004,0.0,1.022634315934324,BLBD,0.002268925442285319,0.0,0.9962530095149768,APO,-0.00010163718147935264,0.0,0.9981551478492897,CVLT,0.002343419745141073,0.0,1.0145548843873946,REVG,-0.0008012570099804384,0.0,0.9544644563511056,0.005042307072285302,2.413767171722414
2024-06-28,5460.47998046875,5523.64013671875,5451.1201171875,5488.47998046875,7199220000,261,246,353,272,230,42,-45104,-0.004083652583445674,2.0666258074703876,MMYT,0.0024554564770968403,0.0,1.0351894862081363,BLBD,-0.001949255548304496,0.0,0.9865432509834161,APO,0.00011863483714069645,0.0,0.998747227716321,CVLT,0.0025829080071839263,0.0,1.0276573940604534,REVG,0.0006448773551555043,0.0,0.9575420189221138,0.0038526211282724713,2.4230665021269227
2024-07-01,5475.08984375,5479.5498046875,5446.52978515625,5471.080078125,3488760000,208,214,340,126,376,-250,-45354,0.0026755639309195,2.072155196939563,MMYT,0.004732456361177917,0.0,1.0596844315532874,BLBD,-0.010993497375474039,0.0,0.932315447781027,APO,0.0011349151451363949,0.0,1.004414694490812,CVLT,0.0001809667033440654,0.0,1.0285872529143048,REVG,-0.002169517798781184,0.0,0.9471549966564518,-0.0071146769645968454,2.4058271667005537
2024-07-02,5509.009765625,5509.68994140625,5458.43017578125,5461.83984375,3329950000,244,240,338,341,161,180,-45174,0.006195317856513505,2.08499285703263,MMYT,0.0004414042269452967,0.0,1.062023177489866,BLBD,-0.013558659085546078,0.0,0.8691107111977712,APO,0.0021896740652674663,0.0,1.0154113985273125,CVLT,0.00670611739122613,0.0,1.0630763872401154,REVG,0.002924428784227962,0.0,0.9610044333331891,-0.0012970346178792233,2.4027067255807086
2024-07-03,5537.02001953125,5539.27001953125,5507.419921875,5507.43994140625,2179470000,242,239,337,247,255,-8,-45182,0.005084444409779065,2.0955938873089988,MMYT,0.005795085849259163,0.0,1.0927957549271499,BLBD,0.00379427298453674,0.0,0.8855989276581172,APO,-0.0003998684210022141,0.0,1.0133812437643288,CVLT,-0.0009701027353526737,0.0,1.057919920684363,REVG,0.0022418102118887174,0.0,0.9717763810947725,0.010461197889329733,2.4278419161070315
2024-07-05,5567.18994140625,5570.330078125,5531.6298828125,5537.91015625,3253080000,228,232,331,237,265,-28,-45210,0.005448765178485582,2.1070122863104155,MMYT,-0.006416111596024144,-7.150695926601024e-05,0.9679194420198793,CVLT,-0.0018460201692488303,-0.00015572973919513052,0.9907698991537558,APO,-0.001619901129307843,-0.00011005006114205589,0.9919004943534608,REVG,-0.004312872029411007,-8.470136270189642e-05,0.978435639852945,STEP,-0.0031456848482143518,-4.000062468981251e-05,0.9842715757589282,-0.01780257851920108,2.3846200697633284
2024-07-08,5572.85009765625,5583.10986328125,5562.509765625,5572.75,3185670000,247,237,333,279,223,56,-45154,0.0010166989647510949,2.109154483520625,MMYT,0.001652139008904774,0.0,0.9759151293580712,CVLT,-0.003113405795964375,0.0,0.9753465554212941,APO,-0.004749862099299996,0.0,0.9683435415314287,REVG,0.0005658778051568447,0.0,0.9812040149147812,STEP,-0.004181318665508216,0.0,0.9636938102006782,-0.009826569746710968,2.3611874343283925
2024-07-09,5576.97998046875,5590.75,5574.56982421875,5584.240234375,3232920000,234,232,329,199,304,-105,-45259,0.0007410719362856977,2.1107175187176535,MMYT,0.00936994550432706,0.0,1.0216364872527384,CVLT,-0.003375674127783013,0.0,0.9588842947575044,APO,0.0013112415520204924,0.0,0.9746922029728621,REVG,-0.002418379013757188,0.0,0.9693393989253601,STEP,0.0008990587241543224,0.0,0.9680258968380504,0.005786192638961674,2.3748497196801126
2024-07-10,5633.91015625,5635.39013671875,5586.43994140625,5591.259765625,3336100000,297,266,345,406,97,309,-44950,0.010208065293514812,2.1322638609648887,MMYT,-0.002865967888592014,0.0,1.0069966004213369,CVLT,0.0007000680153636196,0.0,0.9622407158834755,APO,0.004336649618496002,0.0,0.9958266958237285,REVG,0.0020399883140885147,0.0,0.9792266041563268,STEP,0.0048780412246312915,0.0,0.9916362479944838,0.009088779283987415,2.3964342046149243
2024-07-11,5584.5400390625,5642.4501953125,5576.52978515625,5635.2099609375,4020950000,386,324,359,396,107,289,-44661,-0.008763028841120457,2.1135787712543745,MMYT,-0.00637440960071698,0.0,0.9749015564332613,CVLT,0.0042687478060976945,0.0,0.9827785306078027,APO,0.003170872564190619,0.0,1.011614893566109,REVG,0.004442637773262126,0.0,1.0009783496573672,STEP,0.0034513017418048354,0.0,1.0087484275441847,0.008959150284638295,2.4179042188013167
2024-07-12,5615.35009765625,5655.56005859375,5590.43994140625,5590.759765625,3700280000,410,354,377,404,99,305,-44356,0.0055170270744306915,2.125239442559327,MMYT,0.008455593565927177,0.0,1.0161184130732086,CVLT,1.625387309012183e-05,0.0,0.9828584003953638,APO,-0.00092484684632137,0.0,1.0069369493460771,REVG,-0.0032398293895004927,0.0,0.9847633542799991,STEP,-0.0002576792402145367,0.0,1.0074487599022988,0.0040494919629808996,2.4276955025026106
2024-07-15,5631.22021484375,5666.93994140625,5614.75,5638.16015625,3620470000,392,342,379,283,220,63,-44293,0.0028262026252154904,2.1312457998511,MMYT,0.0022387110035684277,0.0,1.027492390434586,CVLT,0.0006504618795456718,0.0,0.9860549600076058,APO,0.0032520337605006057,0.0,1.0233099141159219,REVG,0.0037751128585509445,0.0,1.00335131828686,STEP,0.002064093291672009,0.0,1.017846101037387,0.011980412793837658,2.456780296760335
2024-07-16,5667.2001953125,5669.669921875,5639.02001953125,5644.08984375,4041760000,424,389,401,444,59,385,-43908,0.006389375498743188,2.1448631295464677,MMYT,-0.011420427896659292,0.0,0.9688203766379646,CVLT,0.002285442368237245,0.0,0.9973228189226652,APO,0.00244897132097055,0.0,1.0358401972765956,REVG,0.009538821594629932,0.0,1.0512052643962357,STEP,0.005277701006551939,0.0,1.0447055379971868,0.008130508393730373,2.4767551695846968
2024-07-17,5588.27001953125,5622.490234375,5584.81005859375,5610.06982421875,4246450000,403,385,404,249,254,-5,-43913,-0.013927543241993745,2.1149904555615513,MMYT,-0.006579104663978508,0.0,0.9369505233454833,CVLT,-0.004551288297817302,0.0,0.9746273005481207,APO,-0.004548388232829992,0.0,1.0122831804546697,REVG,-0.01858539074826864,0.0,0.9535199614190303,STEP,0.003358923491063104,0.0,1.0622509678612992,-0.030905248451831336,2.400210435714324
2024-07-18,5544.58984375,5614.0498046875,5522.81005859375,5608.56005859375,4007510000,380,356,389,117,386,-269,-44182,-0.007816403936922511,2.0984588358381466,MMYT,0.011490400442358162,0.0,0.9907802068850666,CVLT,-0.0012791059120238703,0.0,0.968394042837366,APO,-0.001402862030741603,0.0,1.0051827122635786,REVG,-0.0017420405821794605,0.0,0.9452146090754796,STEP,-0.0012235033727507007,0.0,1.0557526296518693,0.005842888544662527,2.4142345977739383
2024-07-19,5505.0,5557.5,5497.0400390625,5543.3701171875,3760570000,350,327,378,138,365,-227,-44409,-0.007140265531926926,2.083475282542444,MMYT,0.005078116833069396,-0.0006259108276609309,1.025390584165347,CVLT,-0.0014297940239647044,0.00017434280333972763,0.9928510298801765,CMBT,4.310035845640932e-05,0.00021902614240369066,1.000215501792282,STEP,-0.0016707243640534369,6.031780467109492e-05,0.9916463781797328,USM,0.0003264433868929354,9.11786128487752e-05,1.0016322169344647,0.0022660967260029574,2.4197054868917567
2024-07-22,5564.41015625,5570.35986328125,5529.0400390625,5544.5400390625,3375180000,381,353,384,393,110,283,-44126,0.01079203564940956,2.105960222066306,MMYT,0.0014385240851950698,0.0,1.0327658294256175,CVLT,0.007928634538775148,0.0,1.0322107947170087,CMBT,0.005950209976279153,0.0,1.0299729630782495,STEP,0.0028018149421362272,0.0,1.005538426378229,USM,-0.004308229685133136,0.0,0.9800559086815508,0.013810953857252463,2.4531239277193593
2024-07-23,5555.740234375,5585.33984375,5550.89990234375,5565.2998046875,3500210000,354,341,368,188,315,-127,-44253,-0.001558102589770738,2.10267891999035,MMYT,0.01626869156909363,0.0,1.1167745731357401,CVLT,-0.0012392735880452756,0.0,1.0258148368410687,CMBT,-0.0025943316654528205,0.0,1.0166125057148787,STEP,-4.0644718050120156e-05,0.0,1.0053340772490855,USM,-0.006658316255274067,0.0,0.947428297742292,0.00573612534227135,2.4671953540488825
2024-07-24,5427.1298828125,5508.0400390625,5419.97998046875,5505.83984375,3945550000,293,299,367,163,340,-177,-44430,-0.02314909375473495,2.0540038085353887,MMYT,-0.01246517529106006,0.0,1.0471706190620613,CVLT,-0.005355713053528288,0.0,0.9983449872802052,CMBT,-0.002150541309879106,0.0,1.005681169766481,STEP,-0.0059337564306652935,0.0,0.975507039519867,USM,-0.0039622282098743305,0.0,0.9286586621015533,-0.02986741429500708,2.393506608262788
2024-07-25,5399.22021484375,5491.58984375,5390.9501953125,5428.7001953125,4592120000,304,317,370,290,213,77,-44353,-0.005142620237842288,2.0434408469810093,MMYT,-0.0029052484976927807,0.0,1.031959164722771,CVLT,0.0008049246222086471,0.0,1.0023629495888073,CMBT,0.0042270578835409195,0.0,1.0269365323514312,STEP,0.0026806341418431413,0.0,0.9885819268985934,USM,-0.002795609682529121,0.0,0.9156778263638752,0.002011758467370806,2.398321765448669
2024-07-26,5459.10009765625,5488.31982421875,5430.7001953125,5433.669921875,3638770000,338,353,391,439,64,375,-43978,0.011090468702846357,2.06610356374057,MMYT,0.006007805070552497,0.0,1.062958212234894,CVLT,0.0038612576105927056,0.0,1.021714857427187,CMBT,-0.0007096329566385507,0.0,1.0232927923127677,STEP,0.004546397745826969,0.0,1.0110543601186786,USM,0.0,0.0,0.9156778263638752,0.01370582747033362,2.4311927497842545
2024-07-29,5463.5400390625,5487.740234375,5444.43994140625,5476.5498046875,3379970000,336,355,389,273,230,43,-43935,0.0008133101292933098,2.067783946697129,MMYT,2.1687199614328635e-05,0.0,1.063073475169546,CVLT,-0.002247193487999377,0.0,1.010234902556174,CMBT,0.004272981541280307,0.0,1.0451553483771558,STEP,0.0023034879619647786,0.0,1.0226991178558054,USM,0.0009578543921305639,0.0,0.9200632565026712,0.0053088176069906005,2.444099508660297
2024-07-30,5436.43994140625,5489.4599609375,5401.7001953125,5478.72998046875,3777740000,332,355,395,338,165,173,-43762,-0.004960171878030217,2.0575273829148797,MMYT,0.002363135691903784,0.0,1.0756344095309929,CVLT,0.045698067942484724,0.0,1.2410638186305816,CMBT,0.003835001145960826,0.0,1.0651962081708233,STEP,-0.0004794295765212953,0.0,1.0202475568308937,USM,0.0025929467885013493,0.0,0.9319916318335046,0.05400972199232939,2.5761046436446287
2024-07-31,5522.2998046875,5551.509765625,5493.75,5505.58984375,4546910000,340,371,403,287,216,71,-43691,0.0157933986591674,2.0900227331254078,MMYT,0.0005356760441579845,0.0,1.0785153674582817,CVLT,0.0019821604750700494,0.0,1.253363756872227,CMBT,0.009464080734126946,0.0,1.115601722729896,STEP,0.001281525269037287,0.0,1.0267849219546554,USM,0.0023338939183904727,0.0,0.9428674798411398,0.015597336440782742,2.6162850144782164
2024-08-01,5446.68017578125,5566.16015625,5410.419921875,5537.83984375,4703620000,291,325,379,172,331,-159,-43850,-0.013693502993456064,2.0614030005729638,MMYT,-0.008761616913240932,0.0,1.031267675034718,CVLT,-0.007327452901405973,0.0,1.2074439373881745,CMBT,-0.006750144920072554,0.0,1.077949356222349,STEP,-0.005013902596964859,0.0,1.0010439240210913,USM,0.0035348865597747193,0.0,0.9595321277518354,-0.024318230771909602,2.552661591731046
2024-08-02,5346.56005859375,5383.89013671875,5302.02978515625,5376.6298828125,5156450000,239,282,348,132,371,-239,-44089,-0.018381860868696753,2.0235105774221176,CVLT,-0.008198560831714585,-0.0018261213969780665,0.9590071958414271,EGO,-0.0016134683519604652,-0.0013615959584571341,0.9919326582401977,CMBT,0.0018899208258485523,-0.0012556865681393019,1.0094496041292427,REVG,-0.0007222489399075242,-0.0015894713099560015,0.9963887553004623,STEP,0.00013957097529424816,-0.0020124319740807014,1.0006978548764713,-0.016550093530050977,2.510414803637328
2024-08-05,5186.330078125,5250.89013671875,5119.259765625,5151.14013671875,5333250000,155,222,317,22,481,-459,-44548,-0.02996879838863975,1.9628683968900742,CVLT,-0.002429014475085567,0.0,0.9473599840393769,EGO,-0.008669828214035325,0.0,0.9489332295060281,CMBT,-0.007590567804217185,0.0,0.9711381258038266,REVG,-0.0010486897938789541,0.0,0.9911642417083656,STEP,-0.008774912277612913,0.0,0.956792675411789,-0.028513012564829944,2.4388353147982818
2024-08-06,5240.02978515625,5312.33984375,5193.56005859375,5206.419921875,4690190000,190,252,330,396,107,289,-44259,0.010354085880061037,1.9831921048427317,CVLT,0.009776315561964033,0.0,0.9936684348131077,EGO,-0.002731226054547098,0.0,0.9359744737037662,CMBT,0.00370593403195727,0.0,0.9891329949545646,REVG,0.008207839570591258,0.0,1.0318408271286106,STEP,0.0020838050588986245,0.0,0.9667615224984902,0.021042668168864086,2.490154917046089
2024-08-07,5199.5,5330.64013671875,5195.5400390625,5293.1298828125,4558260000,167,237,317,146,357,-211,-44470,-0.007734647858502863,1.96785281227601,CVLT,0.0005084036474562571,0.0,0.9961943580962134,EGO,-0.005160488259633245,0.0,0.9118240472894428,CMBT,-0.0010563397623515325,0.0,0.9839086923904428,REVG,-0.0033273036073659945,0.0,1.014674588596948,STEP,-0.0024572317761454967,0.0,0.9548837368332997,-0.01149295975804001,2.4615356667931927
2024-08-08,5319.31005859375,5328.02978515625,5233.85009765625,5252.56982421875,4016830000,227,275,346,456,47,409,-44061,0.023042611519136447,2.013197280156126,CVLT,0.009212577464042493,0.0,1.0420819465622306,EGO,0.0056847615900387895,0.0,0.9377415588939665,CMBT,0.0020059005149503316,0.0,0.9937768071540932,REVG,0.004707607768547062,0.0,1.0385580384760793,STEP,0.0060861834894407,0.0,0.9839417250005511,0.027697030827019374,2.5297128960381716
2024-08-09,5344.16015625,5358.669921875,5300.83984375,5314.66015625,3516400000,235,296,345,296,207,89,-43972,0.004671676849538509,2.0226022872833855,CVLT,0.003891730819434569,0.0,1.0623594587012937,EGO,0.0031407035025366793,0.0,0.9524673998864289,CMBT,-0.002219632298407359,0.0,0.9827477116612564,REVG,0.004958667906731495,0.0,1.064307360549426,STEP,0.015391256259003373,0.0,1.0596622211675977,0.02516272618929876,2.5933673689787184
2024-08-12,5344.39013671875,5371.2001953125,5324.3701171875,5351.8798828125,3360160000,209,274,334,161,342,-181,-44153,4.303397765514916e-05,2.0226893279050215,CVLT,-0.0030381124048983743,0.0,1.046221621451586,EGO,0.00927643780409797,0.0,0.9966449228638158,CMBT,0.0023626562549993405,0.0,0.9943571868014702,REVG,-0.0016830209603932113,0.0,1.0553511025688986,STEP,-0.004723791219749663,0.0,1.034634105686338,0.002194169474056063,2.599057656494745
2024-08-13,5434.43017578125,5436.5,5376.97998046875,5376.97998046875,3648980000,246,301,353,427,76,351,-43802,0.016847579753558328,2.0567667476735725,CVLT,0.003004500682710809,0.0,1.0619384893311765,EGO,0.0023640752013904366,0.0,1.0084256405974859,CMBT,-0.0024518283101101937,0.0,0.9821672212966633,REVG,-0.0011315404807459518,0.0,1.0493802400991157,STEP,0.007544084433223564,0.0,1.0736609409402904,0.009329291526468664,2.623305023066285
2024-08-14,5455.2099609375,5463.22021484375,5415.91015625,5442.35986328125,3380050000,272,304,347,305,198,107,-43695,0.0038237284285767004,2.0646312651576033,CVLT,-0.0009117970447048763,0.0,1.0570971274500238,EGO,0.0007009283060884553,0.0,1.0119598109778867,CMBT,0.0014184496299326722,0.0,0.9891329949545646,REVG,0.0010668560007211613,0.0,1.0549779281300555,STEP,0.004583174963474601,0.0,1.098264820659181,0.006857611855512013,2.6412946306930882
2024-08-15,5543.22021484375,5546.22998046875,5501.1298828125,5501.1298828125,3723310000,356,337,370,416,87,329,-43366,0.016133247764330783,2.0979404729003748,CVLT,-0.0033585539861939575,0.0,1.0393455385940664,EGO,0.0019790462546468214,0.0,1.0219733873467312,CMBT,0.0,0.0,0.9891329949545646,REVG,0.009409266692194463,0.0,1.1046107715308278,STEP,0.005716486652309305,0.0,1.1296559015991763,0.013746245612956632,2.677602515422779
2024-08-16,5554.25,5561.97998046875,5525.169921875,5530.5,3357690000,382,349,374,328,175,153,-43213,0.001989779357261412,2.1021149115461153,MCY,0.0007912697069174071,-0.00013981512277489087,1.003956348534587,EGO,0.0007083816407695222,0.0005357924945448159,1.0035419082038477,NHC,-0.003657936709344343,-0.000180707438256308,0.9817103164532783,TLN,-0.00549541989516731,-1.3000762155302183e-05,0.9725229005241635,PLTR,0.00649454208711672,-9.98822180395359e-06,1.0324727104355835,-0.0009668822201536423,2.6750135891579783
2024-08-19,5608.25,5608.2998046875,5550.740234375,5557.22998046875,3222050000,429,371,382,417,86,331,-42882,0.009722284736913167,2.1225522712658775,MCY,0.000691036266631917,0.0,1.0074251997693509,EGO,0.0038461555058724173,0.0,1.0228407993819073,NHC,0.0007076551718317337,0.0,0.985183878366672,TLN,0.0070547336729760435,0.0,1.0068273507945042,PLTR,0.002618442300328905,0.0,1.0459900615302824,0.014918022917641017,2.7149195031860383
2024-08-20,5597.1201171875,5620.509765625,5585.5,5602.8798828125,2994420000,400,357,376,170,333,-163,-43045,-0.0019845553982971165,2.118339948697769,MCY,-0.002820143910340578,0.0,0.9932197795580849,EGO,-0.0011098821190833386,0.0,1.017164635812393,NHC,-0.0013006270653074471,0.0,0.9787770942841307,TLN,-0.004940056734097986,0.0,0.9819584296226721,PLTR,-0.0011076941856971168,0.0,1.040196875983012,-0.011278404014526466,2.6842995441621884
2024-08-21,5620.85009765625,5632.68017578125,5591.56982421875,5603.08984375,3119670000,431,380,390,404,99,305,-42740,0.004239676828782013,2.127321025493746,MCY,0.0032595977018527126,0.0,1.0094072641124958,EGO,0.00011160969686674349,0.0,1.017732262995726,NHC,0.0035646490199827243,0.0,0.9962220783337381,TLN,0.007091239488768642,0.0,1.0167749415850198,PLTR,0.001361393705324554,0.0,1.0472774633793198,0.015388489612795377,2.7256068598151595
2024-08-22,5570.64013671875,5643.22021484375,5560.9501953125,5637.77001953125,2981530000,406,368,381,212,291,-79,-42819,-0.008932805548120926,2.1083180804345814,MCY,0.001963667962951554,0.0,1.0193179676430373,EGO,-0.003904075577385169,0.0,0.9978657446343332,NHC,0.0018131114572841778,0.0,1.0052533866548699,TLN,0.00574060233196807,0.0,1.045959444588768,PLTR,-0.003810699580758459,0.0,1.0273231644261331,0.0018026065940601739,2.7305200567134778
2024-08-23,5634.60986328125,5641.81982421875,5585.16015625,5602.490234375,3291940000,458,403,392,433,70,363,-42456,0.01148337085011919,2.132528678822223,MCY,0.0025927714423684026,0.0,1.0325322602290266,EGO,0.0018202485563877159,0.0,1.0069475630400302,NHC,0.005789771088847218,0.0,1.0343543216299704,TLN,0.008111892380080877,0.0,1.0883829968309344,PLTR,-0.0008771891561015988,0.0,1.0228173807279002,0.01743749431158262,2.7781334846700814
2024-08-26,5616.83984375,5651.6201171875,5602.33984375,5639.66015625,2938570000,457,391,394,268,235,33,-42423,-0.0031537266931381813,2.125803266203939,MCY,0.0006718991226853711,0.0,1.0360010478279877,EGO,0.00011274215344823091,0.0,1.007515190223363,NHC,-0.0023283520397426208,0.0,1.0223126166570518,TLN,-0.005080643416360765,0.0,1.060734567294294,PLTR,-0.005852739364896143,0.0,0.9928859629914695,-0.012477093544865925,2.7434704533017285
2024-08-27,5625.7998046875,5631.18017578125,5593.47998046875,5602.89013671875,2798990000,450,387,391,243,260,-17,-42440,0.0015951960865450143,2.1291943392549517,MCY,0.0020089237452211696,0.0,1.046407283353266,EGO,-0.00011267863528829913,0.0,1.00694756304003,NHC,-0.0005889617262872405,0.0,1.0193021016394939,TLN,0.009433176301718716,0.0,1.110765048207366,PLTR,-6.483130475318788e-05,0.0,0.9925641125292102,0.010675628380611158,2.7727587243343645
2024-08-28,5592.18017578125,5627.02978515625,5560.9501953125,5624.509765625,3053450000,436,386,386,215,288,-73,-42513,-0.00597597320797616,2.1164703309289896,MCY,0.00454618209734945,0.0,1.0701930736438494,EGO,-0.006313410069532211,0.0,0.9751611986200908,NHC,0.005634236238686575,0.0,1.048017045835627,TLN,-0.004886088106092501,0.0,1.0836285687538196,PLTR,-0.00311283748288862,0.0,0.9771156586609552,-0.004131917322477308,2.7613019145302373
2024-08-29,5591.9599609375,5646.9501953125,5583.7099609375,5607.2998046875,3065640000,442,396,390,339,164,175,-42338,-3.937906806072977e-05,2.1163869862997795,MCY,0.0042290551704929685,0.0,1.092822601401446,EGO,0.0013969607654618521,0.0,0.9819725082924559,NHC,-0.00011784430975412264,0.0,1.0473995316087419,TLN,-0.00241646083007403,0.0,1.0705358388001056,PLTR,0.004216069675770884,0.0,0.997713597151962,0.007307780471897552,2.7814809027382545
2024-08-30,5648.39990234375,5651.3701171875,5581.7900390625,5612.740234375,4185850000,464,413,401,435,68,367,-41971,0.010093051774424433,2.1377477897272215,EGO,-0.0005466834722382401,0.00020159303331105652,0.9972665826388089,TLN,0.004936979905201258,-8.619318553916836e-05,1.0246848995260063,MCY,-0.0011903787731627395,-9.595379601949763e-05,0.9940481061341863,NHC,0.002203707558585356,-0.0001765127078209853,1.0110185377929268,AHR,0.0037923074806846683,2.445062944965751e-05,1.0189615374034233,0.009063316672451366,2.8066903449781475
2024-09-03,5528.93017578125,5623.89013671875,5504.330078125,5623.89013671875,3866350000,374,362,381,147,356,-209,-42180,-0.02115107439771169,2.092532127183157,EGO,-0.010434778185858251,0.0,0.9452353047287846,TLN,-0.015152739345798683,0.0,0.9470509835555389,MCY,-0.0067341242474077585,0.0,0.9605778888611464,NHC,-0.009086291839218075,0.0,0.9650864903466965,AHR,0.0015289103883571631,0.0,1.0267510418027856,-0.039879023229925606,2.694762275511556
2024-09-04,5520.06982421875,5552.990234375,5503.66015625,5506.68017578125,3478140000,361,355,374,241,262,-21,-42201,-0.0016025435809103872,2.089178753254891,EGO,-0.002813449992294781,0.0,0.9319384434247548,TLN,0.006617266185462567,0.0,0.9783854258024945,MCY,-0.0036562429721205937,0.0,0.9430173580845314,NHC,0.0005042134541890065,0.0,0.9675195383111407,AHR,0.00673302859602174,0.0,1.061316762430052,0.007384815271257939,2.7146625971161633
2024-09-05,5503.41015625,5546.2998046875,5480.5400390625,5520.080078125,3521650000,309,336,361,123,380,-257,-42458,-0.003018017615584734,2.082873574975462,EGO,0.003598002395544553,0.0,0.9487040271844664,TLN,0.003024134842185555,0.0,0.993179273078774,MCY,0.0012414468266134905,0.0,0.9488708876177088,NHC,0.0006858156446873931,0.0,0.9708372384907132,AHR,0.0026605750785961835,0.0,1.0754353270731407,0.011209974787627176,2.74509389638675
2024-09-06,5408.419921875,5522.47021484375,5402.6201171875,5507.330078125,3822800000,224,294,346,84,419,-335,-42793,-0.01726024985928465,2.046922656646084,EGO,-0.007190739281828007,0.0,0.9145946106089476,TLN,-0.002682562773751429,0.0,0.9798579443506609,MCY,-0.0037962711026758413,0.0,0.9308600319635414,NHC,-0.0040249059923275435,0.0,0.9512995953968333,AHR,-0.0003621689535783679,0.0,1.0734878806379042,-0.01805664810416119,2.6955267018868136
2024-09-09,5471.0498046875,5484.2001953125,5434.490234375,5442.06982421875,3825940000,277,327,361,420,83,337,-42456,0.0115800702824842,2.0706261648728552,EGO,0.003034131172539567,0.0,0.9284696107003741,TLN,0.0042707756944714076,0.0,1.0007817118144984,MCY,-0.00519187485115038,0.0,0.9066954880140786,NHC,-0.012028215529950327,0.0,0.8940874125618951,AHR,0.003174613713340202,0.0,1.0905274273727923,-0.006740569800749529,2.6773573160029613
2024-09-10,5495.52001953125,5497.91015625,5441.72021484375,5490.509765625,3848180000,264,322,357,266,237,29,-42427,0.004472672652839682,2.0798873978947365,EGO,0.00523038717634603,0.0,0.9527508884275453,TLN,0.0021352280464321804,0.0,1.011466197711612,MCY,-0.004039078716341438,0.0,0.8883844157748763,NHC,0.004287966666569699,0.0,0.9132564976722198,AHR,0.004732147018714184,0.0,1.1163301079441332,0.012346650191720654,2.710413710221894
2024-09-11,5554.1298828125,5560.41015625,5406.9599609375,5496.419921875,3839450000,255,334,359,236,267,-31,-42458,0.010665025888896507,2.1020694508392737,EGO,0.004611663576098257,0.0,0.9747197212738281,TLN,0.005985933974737012,0.0,1.0417390470975119,MCY,-0.004189878846367012,0.0,0.8697733004193899,NHC,-0.0026640833581228263,0.0,0.9010915404864893,AHR,-0.0005233354993365414,0.0,1.1134090320718064,0.00322029984700889,2.719142055078253
2024-09-12,5595.759765625,5600.7099609375,5535.5,5557.47998046875,3655070000,281,351,365,375,128,247,-42211,0.007495302358939249,2.1178250969528034,EGO,0.01103203169049456,0.0,1.0284854155460426,TLN,0.005115054876461978,0.0,1.0683818090617967,MCY,0.0008259264698344815,0.0,0.8733651443772483,NHC,0.002012757059376069,0.0,0.9101599322827805,AHR,0.007170959908433749,0.0,1.1533300897251813,0.02615673000460084,2.7902659196570903
2024-09-13,5626.02001953125,5636.27001953125,5601.64990234375,5603.33984375,3500790000,328,365,377,425,78,347,-41864,0.005407711405364557,2.1292776838841623,BLBD,0.0005589950566810869,0.00043170112330927717,1.0027949752834053,EGO,-0.0003108028513911985,0.0021963652605150315,0.998445985743044,AHR,0.005829370084538495,0.0002914464367757328,1.0291468504226924,TLN,0.0022625247072658263,0.00019305914746699324,1.0113126235363292,PLTR,0.00334254770246838,0.0002467536451114946,1.016712738512342,0.015041960312741118,2.8322369888825665
2024-09-16,5633.08984375,5636.0498046875,5604.52978515625,5615.2099609375,3437070000,362,380,378,385,118,267,-41597,0.0012566297656613212,2.1319533976010896,BLBD,-0.00011948464064064357,0.0,1.0021958822971155,EGO,-0.0025569710412734815,0.0,0.9856809983839404,AHR,-0.0016273402439834772,0.0,1.0207729899893838,TLN,0.0010074918595389894,0.0,1.0164070697146386,PLTR,0.004046087202114102,0.0,1.0372812805099478,0.0007497831357554888,2.8343605524132935
2024-09-17,5634.580078125,5670.81005859375,5614.0498046875,5655.509765625,3443600000,357,388,387,269,234,35,-41562,0.00026455008109871336,2.1325174060453236,BLBD,-0.0001394694097221372,0.0,1.001497003956466,EGO,-0.004279291252454654,0.0,0.9645909180134646,AHR,-0.0005742399368160678,0.0,1.0178421469030086,TLN,-0.002052629940077444,0.0,1.0059755318016252,PLTR,0.0007711340366482134,0.0,1.041280695014844,-0.006274496502422089,2.8165763670405735
2024-09-18,5618.259765625,5689.75,5615.080078125,5641.68017578125,3691390000,342,378,386,211,292,-81,-41643,-0.002896455862498093,2.1263406635027042,BLBD,0.003887956584781449,0.0,1.0209658883123232,EGO,-0.00368239022181982,0.0,0.9468309171907197,AHR,0.001809962137213006,0.0,1.0270534256407788,TLN,0.006209693503198022,0.0,1.037209530422649,PLTR,-0.0003840861089659642,0.0,1.039280987762396,0.007841135894406694,2.8386615250915126
2024-09-19,5713.64013671875,5733.56982421875,5686.419921875,5702.6298828125,4024530000,386,423,404,351,152,199,-41444,0.01697685316676334,2.162439236729508,BLBD,0.00856639382342852,0.0,1.0646958677101725,EGO,0.00269638284624949,0.0,0.9595960104077783,AHR,0.007174885497789729,0.0,1.0638983792862053,TLN,0.00507542536483201,0.0,1.063530928219412,PLTR,0.0024738908726082975,0.0,1.0521363265108996,0.025986978404908045,2.912429760842909
2024-09-20,5702.5498046875,5715.14013671875,5674.490234375,5709.64013671875,7867260000,355,398,387,175,328,-153,-41597,-0.0019410273951238066,2.1582418829307253,BLBD,0.0044636107783942785,0.0,1.0884578074642874,EGO,0.0028918448439813286,0.0,0.9734710242827922,AHR,0.0041335489739055655,0.0,1.0858867595563968,TLN,0.009956655676498373,0.0,1.116476984487349,PLTR,0.0020092257045330355,0.0,1.062706223270393,0.023454885977312583,2.980740468800411
2024-09-23,5718.56982421875,5725.35986328125,5704.22021484375,5711.89990234375,3529550000,388,410,392,362,141,221,-41376,0.0028092730585327352,2.1643049737062396,BLBD,-0.0036690516631513685,0.0,1.0684897678205527,EGO,0.0,0.0,0.9734710242827922,AHR,0.0027258596363737733,0.0,1.1006866339941344,TLN,-0.0029659359898386753,0.0,1.0999199881367612,PLTR,0.004032257981818033,0.0,1.0841317515259417,0.00012312996520176273,2.98110748727061
2024-09-24,5732.93017578125,5735.31982421875,5698.990234375,5727.66015625,3872710000,379,410,397,256,247,9,-41367,0.0025111788443470395,2.169739930568926,BLBD,-0.0022799357682238065,0.0,1.0563093276223765,EGO,0.004218915764790232,0.0,0.9940059855373581,AHR,0.0013061857227008478,0.0,1.1078751398265883,TLN,0.00436701224144258,0.0,1.1239368084007642,PLTR,-0.0055335927059370965,0.0,1.0541360337633479,0.0020785852547727576,2.9873039733365427
2024-09-25,5722.259765625,5741.02978515625,5712.06005859375,5733.64990234375,3624910000,330,388,380,131,372,-241,-41608,-0.0018612489301417234,2.1657015044444687,BLBD,-0.0007561465299452231,0.0,1.0523157044592244,EGO,0.004131779367791122,0.0,1.0145410526498788,AHR,0.0019083968909927142,0.0,1.118446467188854,TLN,0.005072303866273354,0.0,1.1524415534942547,PLTR,0.0011923978152226678,0.0,1.0604207812813824,0.011548731410334634,3.021803544565632
2024-09-26,5745.3701171875,5767.3701171875,5721.009765625,5762.22021484375,4391180000,345,415,399,331,172,159,-41449,0.00403867571712313,2.174448070521006,BLBD,-0.006337768347119211,0.0,1.0189690386447339,EGO,0.0021881712043581025,0.0,1.0256410002351168,AHR,-0.0021928234946116064,0.0,1.1061836887352687,TLN,-0.012409228796792094,0.0,1.080936998933051,PLTR,-0.00010776109018952874,0.0,1.0598494207841298,-0.018859410524354338,2.9648141109947197
2024-09-27,5738.169921875,5763.77978515625,5727.33984375,5755.35986328125,3898530000,370,422,410,337,166,171,-41278,-0.0012532169669905446,2.171723015305189,BLBD,-0.007777606921527036,-0.000564654663364734,0.9611119653923648,LAZ,-0.0012246121547698906,-0.00014811523606226833,0.9938769392261505,TLN,0.0024781332841361386,0.0002502301752762993,1.0123906664206808,PLTR,-0.0005787206297555002,0.0003142438123909423,0.9971063968512225,EGO,-0.00919785488480462,-0.00024464542952978624,0.9540107255759769,-0.016693602648010456,2.9153206823005595
2024-09-30,5762.47998046875,5765.14013671875,5703.52978515625,5726.52001953125,4425730000,388,429,408,316,187,129,-41149,0.004236552581176722,2.180923634051281,BLBD,-0.002022710715173459,0.0,0.9513917080379619,LAZ,-0.00019828389447269502,0.0,0.9928915902754687,TLN,-0.004368341236831119,0.0,0.9902783269411388,PLTR,0.0019544006995682486,0.0,1.0068501240489725,EGO,-0.0026136311051275342,0.0,0.9415435650410235,-0.007248566252036559,2.8941887871889715
2024-10-01,5708.75,5757.72998046875,5681.27978515625,5757.72998046875,4025180000,360,402,393,165,338,-173,-41322,-0.009324107094664358,2.1605884685221026,BLBD,-0.007756466413085273,0.0,0.9144945188925405,LAZ,-0.004843203323783763,0.0,0.9688477110245732,TLN,0.0008639912364695413,0.0,0.9945562859218532,PLTR,-0.00397850356607532,0.0,0.9868213400038114,EGO,0.002648238700332506,0.0,0.9540107255759769,-0.013065943366142306,2.8563734804046366
2024-10-02,5709.5400390625,5719.6298828125,5674.0,5698.14013671875,3829050000,328,392,391,221,282,-61,-41383,0.00013839090212397487,2.16088747430938,BLBD,-0.0004772095414104838,0.0,0.9123124913426249,LAZ,-0.002115535753892517,0.0,0.9585995511608262,TLN,-0.0034411506905409842,0.0,0.9774441956714439,PLTR,0.0056500417984529875,0.0,1.014699249096946,EGO,0.00034089521189395455,0.0,0.9556368140181986,-4.2958975497043445e-05,2.8562507735262814
2024-10-03,5699.93994140625,5718.77978515625,5677.3701171875,5698.18994140625,3597450000,278,369,382,113,390,-277,-41660,-0.001681413492255035,2.1572541289548313,BLBD,-0.014177003771482144,0.0,0.8476432031899516,LAZ,-0.001069068311799315,0.0,0.9534755091415708,TLN,0.007127840088092131,0.0,1.0122795252803434,PLTR,0.009335822468128363,0.0,1.0620645093375072,EGO,-0.0010209670961248475,0.0,0.9507584453034077,0.000196623376814187,2.8568123791984004
2024-10-04,5751.06982421875,5753.2099609375,5702.830078125,5737.47998046875,3479400000,308,382,390,360,143,217,-41443,0.008970249395274354,2.1766052365005413,BLBD,0.00098291170944238,0.0,0.8518089953391749,LAZ,0.002935080637657706,0.0,0.967468146668382,TLN,0.008946223152340239,0.0,1.0575599179088584,PLTR,0.003924549490980001,0.0,1.0829051329850494,EGO,-0.002850626989177485,0.0,0.9372071568815561,0.013938138001242842,2.8966310243833266
2024-10-07,5695.93994140625,5739.33984375,5686.85009765625,5737.7998046875,3637790000,242,345,374,104,399,-295,-41738,-0.009586022165882668,2.155740250457071,BLBD,-0.004285040514058447,0.0,0.8335588150628359,LAZ,-0.0024852216254581897,0.0,0.9554462828681709,TLN,-0.012324676238727418,0.0,0.9923894999524493,PLTR,-0.005598595245538851,0.0,1.0525913953405508,EGO,-0.006130719011929475,0.0,0.9084783882075055,-0.03082425263571238,2.8073445378952924
2024-10-08,5751.1298828125,5757.60009765625,5714.56005859375,5719.14013671875,3393400000,261,349,372,314,189,125,-41613,0.009689347495581924,2.176627966853962,BLBD,-0.003522140268468621,0.0,0.8188792597194869,LAZ,-0.000536306220074434,0.0,0.9528842239459249,TLN,-0.0008845519065371343,0.0,0.9880003998313974,PLTR,0.013165345402254891,0.0,1.1218800417760497,EGO,0.0004773151268790965,0.0,0.9106465405931764,0.008699662134053798,2.8317674868688627
2024-10-09,5792.0400390625,5796.7998046875,5745.02001953125,5751.7998046875,3650340000,291,373,384,377,126,251,-41362,0.007113411987488272,2.1921112183256835,BLBD,0.008769386757825126,0.0,0.8547846044016955,LAZ,0.004756976451055994,0.0,0.9755484630153926,TLN,-0.008063879092524663,0.0,0.9481648209933654,PLTR,0.008106153313646614,0.0,1.1673506998668344,EGO,-0.0029761906113484173,0.0,0.8970952521713248,0.010592446818654653,2.8617628333763165
2024-10-10,5780.0498046875,5795.02978515625,5764.759765625,5778.35986328125,3208790000,254,360,380,163,340,-177,-41539,-0.002070122839989974,2.187573278824829,BLBD,0.00013923777763120705,0.0,0.8553796959450468,LAZ,0.002060602923312116,0.0,0.9855995530890034,TLN,-0.0032462254928170343,0.0,0.9327750369268606,PLTR,0.0018084830975659385,0.0,1.1779063699150392,EGO,0.005317227242794331,0.0,0.9209455487424589,0.006079325548486558,2.8791604212829705
2024-10-11,5815.02978515625,5822.1298828125,5775.08984375,5775.08984375,3208720000,315,386,393,435,68,367,-41172,0.006051847587953629,2.2008121388957567,TLN,0.004200021929195495,-0.00025314429349319184,1.0210001096459775,LAZ,0.010295001918971954,7.944581722099142e-06,1.0514750095948597,PLTR,0.00030659106693757364,-0.002927098676986913,1.001532955334688,POWL,0.013011667904334945,-0.00015018284162862238,1.0650583395216748,PI,0.00442390746000363,0.0003363151258810787,1.0221195373000183,0.029251024174938044,2.9633788123694433
2024-10-14,5859.85009765625,5871.41015625,5829.56982421875,5829.81005859375,3005250000,358,405,405,403,100,303,-40869,0.0077076668832223305,2.2177752657349172,TLN,0.009322191161692351,0.0,1.068589900637121,LAZ,-0.0019354954106505008,0.0,1.041299384317437,PLTR,-0.0005056161797177605,0.0,0.999000999000999,POWL,0.0026695134420896775,0.0,1.079274277291489,PI,0.0024867456061614668,0.0,1.0348282936417814,0.012037338619575235,2.999050006592009
2024-10-15,5815.259765625,5870.35986328125,5804.47998046875,5866.740234375,3882120000,348,391,399,246,257,-11,-40880,-0.007609466332438197,2.200899179517393,TLN,-0.005437847383352601,0.0,1.039535756661838,LAZ,0.003487260298956452,0.0,1.0594557943287268,PLTR,-0.0044700515511490345,0.0,0.9766730691750798,POWL,-0.0014485313072569506,0.0,1.0714574643926198,PI,-0.004468104443078192,0.0,1.0117096891585622,-0.012337274385880326,2.9620499037637074
2024-10-16,5842.47021484375,5846.52001953125,5808.33984375,5816.580078125,3467230000,369,393,402,359,144,215,-40665,0.004679145956573816,2.2111975080140587,TLN,0.011068609476020442,0.0,1.0970668332960845,LAZ,0.0045197747481422025,0.0,1.0833983020586264,PLTR,-0.0023568229856411717,0.0,0.965163841480637,POWL,0.01197507283036794,0.0,1.1356113702463346,PI,0.00032583484056805114,0.0,1.013357940484903,0.025532468909457463,3.0376783508398155
2024-10-17,5841.47021484375,5878.4599609375,5840.25,5875.6201171875,3480010000,346,383,398,236,267,-31,-40696,-0.00017116047891174713,2.2108190383896185,TLN,0.0007366145720942186,0.0,1.1011074103759202,LAZ,-0.0026151008794022216,0.0,1.0692323227963445,PLTR,0.00033388835828640495,0.0,0.9667751263331839,POWL,-0.0034309553299912256,0.0,1.1161302108286082,PI,-0.003312939515553892,0.0,0.9965719726627392,-0.008288492794566716,3.0125005757166687
2024-10-18,5864.669921875,5872.169921875,5846.10986328125,5859.43017578125,3374490000,363,390,402,320,183,137,-40559,0.00397155273894878,2.219599422796855,TLN,0.0026677640291453033,0.0,1.1157948840840513,LAZ,-0.0006717736878659509,0.0,1.0656409120929926,PLTR,0.004619053431919662,0.0,0.9891030561591031,POWL,-0.003084403953177151,0.0,1.0989172286559072,PI,-0.009975619541318493,0.0,0.9468648584386156,-0.00644497972129663,2.99308507059578
2024-10-21,5853.97998046875,5866.919921875,5824.7900390625,5857.81982421875,3407010000,304,359,392,82,421,-339,-40898,-0.0018227694906369774,2.2155536046875453,TLN,0.005989528560695456,0.0,1.1492103107145477,LAZ,-0.0028833570462727613,0.0,1.0502777959295932,PLTR,-0.0012566928093713072,0.0,0.9828880626670915,POWL,0.006361261423284682,0.0,1.1338697275260659,PI,0.008098942935694532,0.0,0.9852078807201597,0.0163096830640306,3.0419013394808787
2024-10-22,5851.2001953125,5863.0400390625,5821.169921875,5832.7001953125,3342080000,277,333,382,185,318,-133,-41031,-0.0004748538883844189,2.214501540443435,TLN,0.0020314849856166274,0.0,1.1608833281722097,LAZ,-0.0003799331948484586,0.0,1.0482826189371637,PLTR,0.0011241117540111924,0.0,0.9884124427876984,POWL,-0.009194167388201668,0.0,1.0817447871696195,PI,-0.0032050712330981227,0.0,0.969419573534571,-0.00962357507652043,3.0126273735650164
2024-10-23,5797.419921875,5834.85009765625,5762.41015625,5834.5,3532650000,247,324,375,182,321,-139,-41170,-0.009191323428069387,2.1941473405532617,TLN,0.0022873009107389655,0.0,1.1741597756411597,LAZ,-0.0054434687806461214,0.0,1.0197511503897716,PLTR,-0.0016301745939199643,0.0,0.980356018524964,POWL,-0.008925828995755825,0.0,1.033467442232988,PI,-0.0009306427616400993,0.0,0.96490865698906,-0.014642814221223044,2.9685140306161326
2024-10-24,5809.85986328125,5817.7998046875,5784.919921875,5817.7998046875,3543030000,240,314,368,250,253,-3,-41173,0.002145772011323821,2.1988554805053413,TLN,-0.00556072692744829,0.0,1.1415138662334876,LAZ,-0.0009000158157680849,0.0,1.015162189572279,PLTR,0.004555065589236395,0.0,1.0026839483508834,POWL,-0.004279493274489998,0.0,1.0113538573907856,PI,-0.027195899565811123,0.0,0.8337008623607792,-0.0333810699942811,2.86942185598113
2024-10-25,5808.1201171875,5862.81982421875,5799.97998046875,5826.75,3501280000,206,287,365,151,352,-201,-41374,-0.00029944716993013376,2.1981970394546186,LAZ,0.00027031373287407425,0.0007076507268415194,1.0013515686643704,TLN,-0.0002659163784774236,5.424493968396454e-05,0.9986704181076129,PLTR,0.0044022211374769886,0.00022603038989514948,1.0220111056873848,POWL,0.0008744373845245828,0.0004784814636362548,1.004372186922623,HCI,-0.006958576621097612,0.0001762121131171507,0.965207116894512,-3.490111152535183e-05,2.869321709968921
2024-10-28,5823.52001953125,5842.919921875,5823.080078125,5833.93017578125,3691280000,248,301,373,355,148,207,-41167,0.0026514435020339455,2.204025434711071,LAZ,0.0021517881267211435,0.0,1.0121250507449984,TLN,0.005693797144396529,0.0,1.027101551981685,PLTR,0.0004904173377393129,0.0,1.0245171655153409,POWL,0.004034450027180325,0.0,1.0246326339067686,HCI,0.0019661942025680722,0.0,0.9746960400820892,0.014336646838605383,2.910458161991089
2024-10-29,5832.919921875,5847.18994140625,5802.169921875,5819.68017578125,3879100000,216,274,367,161,342,-181,-41348,0.001614127248163344,2.207583012220883,LAZ,-0.00139344241543522,0.0,1.0050733608678353,TLN,-0.005471815893271459,0.0,0.9990009990009993,PLTR,-0.00017790044225718393,0.0,1.0236058552311147,POWL,0.0014800978199881688,0.0,1.0322154165454394,HCI,-0.0015371503631194106,0.0,0.967204768222373,-0.0071002112940951045,2.889793294078329
2024-10-30,5813.669921875,5850.93994140625,5811.27978515625,5832.64990234375,3851120000,213,278,364,243,260,-17,-41365,-0.003300233889343751,2.200297471950412,LAZ,-0.002416686499911447,0.0,0.9929286247546857,TLN,-0.007809830595543033,0.0,0.959990856166119,PLTR,-0.005519704740905396,0.0,0.9953558447714261,POWL,-0.005325980903860251,0.0,1.0047276185594836,HCI,-0.0017383726908114074,0.0,0.9587979564448712,-0.022810575431031533,2.823875446163666
2024-10-31,5705.4501953125,5775.33984375,5702.85986328125,5775.33984375,4425660000,164,242,349,135,368,-233,-41598,-0.018614700871699585,2.1593395926812984,LAZ,0.009074775976131244,0.0,1.03798164890437,TLN,0.008184589402116948,0.0,0.999276511103651,PLTR,-0.009750502725426213,0.0,0.9468297453853626,POWL,0.0004559762932153433,0.0,1.0070182784354926,HCI,-0.003264180645831272,0.0,0.9431495077814216,0.004700658300206049,2.8371495197184236
2024-11-01,5728.7998046875,5772.52001953125,5723.22021484375,5723.22021484375,3796450000,173,251,351,248,255,-7,-41605,0.004092509543626166,2.1681767105722765,LAZ,0.0012077674555374786,0.0,1.0442498511793292,TLN,-0.008248782203755823,0.0,0.958062439596536,PLTR,0.00173241955610548,0.0,0.9550312772214025,POWL,0.0190995303574685,0.0,1.1031861593330143,HCI,-0.0022769410348990383,0.0,0.9324120286998598,0.011513994130456598,2.869816442635689
2024-11-04,5712.68994140625,5741.43017578125,5696.509765625,5725.14990234375,3602060000,172,249,358,276,227,49,-41556,-0.002812083478299976,2.1620796166664413,LAZ,-0.00322640942689032,0.0,1.0274039633599603,TLN,-0.004462853432086633,0.0,0.9366839783630025,PLTR,-0.0024331982051994275,0.0,0.9434123752731803,POWL,-0.007503655871217197,0.0,1.0617965128253908,HCI,0.00048206441805431766,0.0,0.9346594420098701,-0.01714405251733926,2.820616158828019
2024-11-05,5782.759765625,5783.43994140625,5722.10009765625,5722.43017578125,3768310000,236,281,364,445,58,387,-41169,0.012265644545291332,2.1885989167230915,LAZ,0.002783598836192569,0.0,1.0417033657435024,TLN,0.0232117596794577,0.0,1.0453943953698044,PLTR,0.04694518839178681,0.0,1.164855733714893,POWL,0.018999447993382736,0.0,1.1626642509502965,HCI,0.005467984094387335,0.0,0.9602129568227646,0.09740797899520716,3.0953666783806804
2024-11-06,5929.0400390625,5936.14013671875,5864.89013671875,5864.89013671875,6329530000,306,317,378,340,163,177,-40992,0.025295927786425976,2.243961556873969,LAZ,0.029447152279953627,0.0,1.1950793539514482,TLN,0.0025299206338675,0.0,1.058618219626682,PLTR,0.01721102139356492,0.0,1.265097518481812,POWL,0.03626479955781181,0.0,1.373483181019026,HCI,0.0028432721584109814,0.0,0.9738636906541629,0.08829616602360885,3.3686756885189273
2024-11-07,5973.10009765625,5983.83984375,5947.2099609375,5947.2099609375,4925740000,309,329,376,268,235,33,-40959,0.007431229727488331,2.2606369507027515,LAZ,-0.007310271066558372,0.0,1.1513975838342854,TLN,0.014000933333079191,0.0,1.1327264352175628,PLTR,0.0012605881379880392,0.0,1.2730713531077935,POWL,-0.005871692082479685,0.0,1.333159829421984,HCI,-0.0026153825287126065,0.0,0.9611285602447405,-0.0005358242066834328,3.366870670540553
2024-11-08,5995.5400390625,6012.4501953125,5976.759765625,5976.759765625,4666740000,322,330,377,319,184,135,-40824,0.0037568333092317108,2.2691297868992315,TLN,-0.0004124370399375836,-7.428225042532318e-05,0.9979378148003121,TGS,-0.0071095564744093585,0.00018158952818663805,0.9644522176279532,POWL,0.00520324456399791,-0.00026168315389989014,1.0260162228199896,MCY,0.0028769939410044068,-7.669718725855647e-05,1.014384969705022,PI,0.002455713609957586,-0.0016665019566717545,1.0122785680497879,0.0011163835805440751,3.37062938967496
2024-11-11,6001.35009765625,6017.31005859375,5986.68994140625,6008.85986328125,4333000000,328,328,373,306,197,109,-40715,0.0009690634297987444,2.2713287175931827,TLN,0.0026343837488650213,0.0,1.0110825706087512,TGS,0.0026758693562504822,0.0,0.9773559583015455,POWL,0.0034645033256821113,0.0,1.043789405900808,MCY,0.003601901163646115,0.0,1.0326535417188503,PI,-0.004185492786331668,0.0,0.9910941448281352,0.00819116480811206,3.398238770512854
2024-11-12,5983.990234375,6009.919921875,5960.080078125,6003.60009765625,4243400000,321,313,364,144,359,-215,-40930,-0.00289265965137242,2.2647585366567973,TLN,-0.00041105815128708036,0.0,1.0090045019473861,TGS,0.006388415797461012,0.0,1.0085747395203268,POWL,-0.004830155736043774,0.0,1.0185810789701404,MCY,-0.003351961343108445,0.0,1.0153464679555222,PI,-0.004676370888864634,0.0,0.9679205257931428,-0.006881130321842921,3.374855046668216
2024-11-13,5985.3798828125,6008.18994140625,5965.91015625,5985.75,4220180000,316,317,363,259,244,15,-40915,0.00023222772482434095,2.2652844763790414,TLN,-0.0021744231875719944,0.0,0.9980344880203915,TGS,0.013371860254553525,0.0,1.0760073418860194,POWL,-0.015488847495882885,0.0,0.9396978439983387,MCY,0.0013528288357733675,0.0,1.0222144178562766,PI,-0.00912454265377971,0.0,0.9237613651778007,-0.012063124246907697,3.334143750924954
2024-11-14,5949.169921875,5993.8798828125,5942.27978515625,5989.68017578125,4184570000,298,297,364,138,365,-227,-41142,-0.006049734794859041,2.251580106062037,TLN,-0.0031764465537871935,0.0,0.9821834719702258,TGS,0.012069628185078464,0.0,1.1409423845909137,POWL,-0.010541248079724543,0.0,0.8901699035304947,MCY,-0.0027412073412980357,0.0,1.0082039095232351,PI,-0.0032622726839985684,0.0,0.9086935578370369,-0.007651546473729877,3.3086323950646555
2024-11-15,5870.6201171875,5915.31982421875,5853.009765625,5912.7900390625,4590960000,276,280,345,178,325,-147,-41289,-0.013203489851361216,2.22185139098212,TLN,-0.0027652162383722703,0.0,0.9686037235414612,TGS,7.296774124410099e-05,0.0,1.14135864453438,POWL,-0.01462847177933997,0.0,0.8250607769674266,MCY,-0.0010899135909405945,0.0,1.002709633806091,PI,-0.006807860084424755,0.0,0.8777622648301735,-0.025218493951833485,3.225193669020877
2024-11-18,5893.6201171875,5908.1201171875,5865.9501953125,5874.169921875,3983860000,294,290,353,322,181,141,-41148,0.003917814394541086,2.230556192344241,TLN,0.007044866612157419,0.0,1.0027221437034042,TGS,0.012837346637379855,0.0,1.2146187273216693,POWL,0.007525229621411312,0.0,0.8561046359589262,MCY,0.0023013599584571056,0.0,1.0142476128120936,PI,-0.0006685132357961532,0.0,0.8748282863705666,0.02904028959360954,3.318854227164719
2024-11-19,5916.97998046875,5923.509765625,5855.2900390625,5870.0498046875,4036940000,275,269,348,194,309,-115,-41263,0.003963584828470035,2.2393971910272663,TLN,0.006949724096774013,0.0,1.0375653549257264,TGS,-0.006168605956941242,0.0,1.177156205737825,POWL,0.01618627960313739,0.0,0.9253903809947928,MCY,-0.0011105044840990176,0.0,1.008615980202021,PI,0.007867210369454059,0.0,0.9092405772006978,0.0237241036283252,3.3975910687772797
2024-11-20,5917.10986328125,5920.669921875,5860.56005859375,5914.33984375,3772620000,275,280,349,309,194,115,-41148,2.195086225209586e-05,2.2394463477265343,TLN,-0.008020494394722456,0.0,0.9959564193590265,TGS,0.0038896691917003515,0.0,1.2000499468742116,POWL,-0.032381554136025746,0.0,0.7755624873990908,MCY,0.0008171221005950802,0.0,1.0127367922442032,PI,0.0033909496451605126,0.0,0.9246565222638191,-0.03230430759329226,3.287834241815276
2024-11-21,5948.7099609375,5963.31982421875,5887.259765625,5940.580078125,4230120000,334,309,359,438,65,373,-40775,0.0053404615405816536,2.2514060248187637,TLN,0.013392210487628198,0.0,1.0626467093818293,TGS,0.005064166105918533,0.0,1.2304362082060603,POWL,0.019990819783110948,0.0,0.8530831369797732,MCY,0.007405386534982484,0.0,1.050235329268036,PI,0.002538453887667602,0.0,0.9363925119823081,0.048391036799307764,3.4469359496009826
2024-11-22,5969.33984375,5972.89990234375,5944.35986328125,5944.35986328125,4141420000,363,317,366,382,121,261,-40514,0.003467959094991535,2.2592138088190525,TGS,0.00033838162948838336,-2.0009894029517147e-05,1.001691908147442,DOCU,0.004908726940629992,0.00014925750774957112,1.02454363470315,MCY,0.002313736886062894,0.000731476474792028,1.0115686844303144,CALM,-0.0003454416992234518,-0.00011839527642783679,0.9982727915038827,SKYW,0.004030318387685721,-2.9388624982169106e-05,1.0201515919384285,0.011958662331745614,3.4881566927014154
2024-11-25,5987.3701171875,6020.75,5963.91015625,5992.27978515625,5633150000,411,345,388,385,118,267,-40247,0.003020480305938378,2.2660377196354946,TGS,-0.004969776723007313,0.0,0.9768009825037623,DOCU,0.005973752603623961,0.0,1.0551454857298215,MCY,0.001294157804743401,0.0,1.018114331970262,CALM,0.0011046243942339107,0.0,1.0037863738918587,SKYW,0.0040929417056311925,0.0,1.0410286969219829,0.007495699785225152,3.514302868073729
2024-11-26,6021.6298828125,6025.419921875,5992.27001953125,6000.02978515625,3835170000,398,349,381,275,228,47,-40200,0.005722005647630368,2.2790040002649925,TGS,-0.00020661629269760342,0.0,0.9757918675152208,DOCU,-0.0004911684697144425,0.0,1.0525542147620615,MCY,0.0015687413612416991,0.0,1.0261001222854356,CALM,0.00026946810175303425,0.0,1.0051388159355497,SKYW,0.0016113462637281197,0.0,1.0494159854280778,0.002751770964310807,3.5239734246658885
2024-11-27,5998.740234375,6020.16015625,5984.8701171875,6014.10986328125,3363340000,400,353,382,267,236,31,-40169,-0.003801238017440034,2.2703409636172873,TGS,0.0012409534902145581,0.0,0.9818464291338008,DOCU,-0.011535769337205105,0.0,0.9918441015800705,MCY,0.001199280373117251,0.0,1.0322530309729863,CALM,0.0010970787916182445,0.0,1.0106523983235254,SKYW,-0.001998091425212789,0.0,1.0389318400182523,-0.009996548107467841,3.4887458547967776
2024-11-29,6032.3798828125,6044.169921875,6003.97998046875,6003.97998046875,2444420000,420,354,383,301,202,99,-40070,0.005607785488815242,2.283072548727723,TGS,0.003631372179513992,0.0,0.999673678170359,DOCU,-0.00171683213632452,0.0,0.9833299524409876,MCY,0.0002790095869093623,0.0,1.0336930734317749,CALM,0.000946987292326762,0.0,1.015437773214385,SKYW,0.0013688992375626265,0.0,1.046042805036655,0.004509436159988223,3.5044781315074074
2024-12-02,6047.14990234375,6053.580078125,6035.330078125,6040.10986328125,4412470000,408,343,385,185,318,-133,-40203,0.0024484564662998753,2.288662552472687,TGS,-0.002288022614018792,0.0,0.9882372982588934,DOCU,0.0014305425457687094,0.0,0.9903634291084654,MCY,-0.004078016180391853,0.0,1.012615988036706,CALM,0.0010859517999852741,0.0,1.020951355602361,SKYW,-0.0005403478549159457,0.0,1.043216670107396,-0.0043898923035726066,3.4890938499298647
2024-12-03,6049.8798828125,6052.06982421875,6033.39013671875,6042.97021484375,4095000000,354,324,375,154,349,-195,-40398,0.0004514491145146682,2.2896957671554237,TGS,6.807507942472313e-05,0.0,0.9885736699217407,DOCU,0.000473448310378144,0.0,0.992707858569324,MCY,-0.0012152501560794616,0.0,1.0064630793491551,CALM,0.0010189525231497855,0.0,1.026152860401382,SKYW,-0.003915053496103549,0.0,1.0227954247499087,-0.0035698277392303577,3.4766383859196073
2024-12-04,6086.490234375,6089.83984375,6061.06005859375,6069.39013671875,4003390000,298,318,368,234,269,-35,-40433,0.006051417924264779,2.303551673161901,TGS,-0.007281386301770998,0.0,0.9525827360294424,DOCU,0.00880049981308222,0.0,1.036389485188247,MCY,0.0015348728775168574,0.0,1.0141870437627307,CALM,-0.002818328058088593,0.0,1.0116926834095967,SKYW,0.0020322655581433316,0.0,1.0331883843236378,0.0022679238888828174,3.484523137168041
2024-12-05,6075.10986328125,6094.5498046875,6072.89990234375,6089.02978515625,4212020000,254,300,362,187,316,-129,-40562,-0.0018697756269248078,2.299244548388061,TGS,-0.00014124617216946245,0.0,0.9519099927037481,DOCU,-0.0007381773222486787,0.0,1.0325642891133322,MCY,0.0003355925427000806,0.0,1.0158888118066798,CALM,0.00010283403960471561,0.0,1.0122128656369644,SKYW,-0.00010589462105139447,0.0,1.0326413388614746,-0.0005468915331647394,3.4826174809672072
2024-12-06,6090.27001953125,6099.97021484375,6079.97998046875,6081.3798828125,3924830000,244,296,358,207,296,-89,-40651,0.0024954538421815275,2.304982207030451,TGS,-0.00202638587853388,0.0001576838155061378,0.9898680706073306,SPOT,0.0011759911885311264,0.005843212069906332,1.0058799559426557,COIN,0.008958315649835305,-9.098200567248404e-06,1.0447915782491766,MCY,-0.003827394844711544,0.00010784813914133738,0.9808630257764422,CALM,0.0029917604412709967,0.0001893110421462335,1.014958802206355,0.013561243422524797,3.5298461043741436
2024-12-09,6052.85009765625,6088.509765625,6048.6298828125,6083.009765625,4556460000,214,292,364,228,275,-47,-40698,-0.006144213927296471,2.290819903251844,TGS,0.0030518119270339207,0.0,1.004972526527678,SPOT,-0.006461711373717583,0.0,0.9733814261831096,COIN,-0.019265471494013187,0.0,0.9441495664094538,MCY,-0.0061114891985141195,0.0,0.9508903568401692,CALM,0.0051804064970883525,0.0,1.041248298072489,-0.02360645364212262,3.446518955947408
2024-12-10,6034.91015625,6065.39990234375,6029.89013671875,6057.58984375,4048410000,176,272,349,155,348,-193,-40891,-0.002963883313944371,2.284030180365344,TGS,-0.0004194433555468225,0.0,1.0028648812838825,SPOT,-0.004534528181420594,0.0,0.9513122986416163,COIN,-0.005217039722090711,0.0,0.9195212374516896,MCY,-0.005113635362341618,0.0,0.9265778240679315,CALM,0.004735231380368798,0.0,1.0659010561514313,-0.010549415241030945,3.4101601963450343
2024-12-11,6084.18994140625,6092.58984375,6060.14990234375,6060.14990234375,4269950000,191,261,340,237,266,-29,-40920,0.008165786048233592,2.3026810821459156,TGS,0.01099826020404824,0.0,1.058013725853193,SPOT,0.0022604933379745786,0.0,0.9620644742086796,COIN,0.007532559767960656,0.0,0.9541529808467596,MCY,0.0025267355003295135,0.0,0.9382839094773842,CALM,0.0029942518880555547,0.0,1.0818589374007404,0.026312300698368544,3.4998893568608724
2024-12-12,6051.25,6079.68017578125,6051.25,6074.2900390625,3678010000,175,252,338,175,328,-153,-41073,-0.005414022527810203,2.290214314892815,TGS,0.0003320002368354391,0.0,1.059770029890985,SPOT,0.0013419645907533973,0.0,0.9685197565007287,COIN,-0.0005417329658892856,0.0,0.9515685002256286,MCY,-0.0025667130770122173,0.0,0.9262423815753554,CALM,0.0002458344379579369,0.0,1.0831887283198687,-0.0011886467773547296,3.4957292246557414
2024-12-13,6051.08984375,6078.580078125,6035.77001953125,6068.169921875,3584960000,155,242,334,162,341,-179,-41252,-2.6466639124200775e-05,2.290153700617026,TGS,-0.0034471359393350555,0.0,1.0415041731036478,SPOT,0.0013330329735541824,0.0,0.9749751003554994,COIN,-0.0015209643071287804,0.0,0.9443319916024723,MCY,0.004100993641071727,0.0,0.9452349521600137,CALM,0.004211924392836686,0.0,1.1060002734541496,0.004677850760998759,3.5120817242695432
2024-12-16,6074.080078125,6085.18994140625,6059.14013671875,6063.7900390625,4391100000,133,225,322,183,320,-137,-41389,0.0037993543260221863,2.298854805986721,TGS,0.004519393490145074,0.0,1.0650390090030657,SPOT,0.0006579612860989404,0.0,0.9781825797102212,COIN,0.0030459213026126975,0.0,0.9587137962522755,MCY,-0.0008201285859508189,0.0,0.9413588811364824,CALM,0.007621152446405599,0.0,1.1481452569029513,0.015024299939311491,3.5648482935063432
2024-12-17,6050.60986328125,6057.68017578125,6035.18994140625,6052.5498046875,4544500000,106,193,317,120,383,-263,-41652,-0.003863994965801476,2.2899720425892798,TGS,-0.004155667329206115,0.0,1.0429092699328453,SPOT,-0.004343163090055557,0.0,0.9569405473325574,COIN,-0.0023278569906266754,0.0,0.947555053189195,MCY,-0.006313486226984844,0.0,0.9116425994829571,CALM,-0.009942969187210472,0.0,1.0910653923438118,-0.027083142824083667,3.46830099802712
2024-12-18,5872.16015625,6070.669921875,5867.7900390625,6047.64990234375,5246960000,41,99,278,19,484,-465,-42117,-0.02949284635160343,2.2224342489877267,TGS,-0.010104412078264114,0.0,0.99021934481463,SPOT,-0.01084385668800545,0.0,0.9050559165614787,COIN,-0.020395345785570052,0.0,0.8509264883859057,MCY,-0.008928554437288882,0.0,0.8709443465987815,CALM,-0.005869125774133877,0.0,1.0590473922664592,-0.05614129476326238,3.2735860893691626
2024-12-19,5867.080078125,5935.52001953125,5866.06982421875,5912.7099609375,4896880000,39,103,275,197,306,-109,-42226,-0.0008651123249070469,2.220511593727632,TGS,-0.004895356658287376,0.0,0.9659819605006137,SPOT,0.0024562620486277445,0.0,0.9161711890601585,COIN,-0.004244959790422542,0.0,0.8328657447468876,MCY,0.00231419295927231,0.0,0.8810220129728661,CALM,0.0016227257359016534,0.0,1.0676401095613108,-0.0027471357049082103,3.2645931041399656
2024-12-20,5930.85009765625,5982.06005859375,5832.2998046875,5842.0,8223220000,57,131,287,449,54,395,-41831,0.010869123768910471,2.2446466090701582,TGS,0.0,-0.003251491463401108,0.9747636146869828,SPOT,0.0,-0.004111011344978126,0.9297273619049997,COIN,0.0,-0.005882110218229872,0.8474298817996823,MCY,0.0,-0.00318866177359083,0.8810220129728661,CALM,0.0,-0.0027652274180125364,1.0525005972055976,-0.01919850221821247,3.201917806188573
