Date,Adj Close,Close,High,Low,Open,Volume
2000-01-04,0.609106719493866,1.5099999904632568,1.5299999713897705,1.4900000095367432,1.5099999904632568,496000
2000-01-05,0.58490389585495,1.4500000476837158,1.4800000190734863,1.4299999475479126,1.4800000190734863,566000
2000-01-06,0.5808697938919067,1.440000057220459,1.440000057220459,1.3899999856948853,1.409999966621399,1112000
2000-01-07,0.6055877208709717,1.4700000286102295,1.4700000286102295,1.4299999475479126,1.440000057220459,398000
2000-01-10,0.5767503380775452,1.399999976158142,1.5099999904632568,1.399999976158142,1.5099999904632568,378000
2000-01-11,0.5932287573814392,1.440000057220459,1.4600000381469727,1.4199999570846558,1.4199999570846558,462000
2000-01-12,0.5891091823577881,1.4299999475479126,1.4600000381469727,1.409999966621399,1.409999966621399,300000
2000-01-13,0.5849897265434265,1.4199999570846558,1.4199999570846558,1.399999976158142,1.4199999570846558,284000
2000-01-14,0.5932287573814392,1.440000057220459,1.4500000476837158,1.399999976158142,1.399999976158142,598000
2000-01-17,0.5767503380775452,1.399999976158142,1.4299999475479126,1.399999976158142,1.4199999570846558,346000
2000-01-18,0.5726305246353149,1.3899999856948853,1.4199999570846558,1.3899999856948853,1.399999976158142,346000
2000-01-19,0.5602718591690063,1.3600000143051147,1.3899999856948853,1.350000023841858,1.3600000143051147,348000
2000-01-20,0.5561522245407104,1.350000023841858,1.3899999856948853,1.3300000429153442,1.3300000429153442,420000
2000-01-21,0.5479128360748291,1.3300000429153442,1.3600000143051147,1.309999942779541,1.309999942779541,698000
2000-01-24,0.552032470703125,1.340000033378601,1.340000033378601,1.2999999523162842,1.2999999523162842,466000
2000-01-25,0.5396735072135925,1.309999942779541,1.340000033378601,1.2999999523162842,1.340000033378601,398000
2000-01-26,0.5479128360748291,1.3300000429153442,1.3799999952316284,1.309999942779541,1.309999942779541,330000
2000-01-27,0.5437930822372437,1.3200000524520874,1.3600000143051147,1.2999999523162842,1.3300000429153442,784000
2000-01-28,0.5479128360748291,1.3300000429153442,1.3700000047683716,1.2999999523162842,1.309999942779541,986000
2000-01-31,0.5355538725852966,1.2999999523162842,1.3300000429153442,1.2999999523162842,1.309999942779541,528000
2000-02-01,0.552032470703125,1.340000033378601,1.350000023841858,1.3300000429153442,1.340000033378601,464000
2000-02-02,0.5561522245407104,1.350000023841858,1.3600000143051147,1.3300000429153442,1.3300000429153442,448835
2000-02-03,0.6097074747085571,1.4800000190734863,1.4800000190734863,1.2799999713897705,1.350000023841858,1916000
2000-02-04,0.6097074747085571,1.4800000190734863,1.4800000190734863,1.4800000190734863,1.4800000190734863,0
2000-02-07,0.6097074747085571,1.4800000190734863,1.4800000190734863,1.4800000190734863,1.4800000190734863,0
2000-02-08,0.5767503380775452,1.399999976158142,1.4800000190734863,1.399999976158142,1.4700000286102295,148000
2000-02-09,0.5643913745880127,1.3700000047683716,1.399999976158142,1.3700000047683716,1.3899999856948853,394000
2000-02-10,0.5685109496116638,1.3799999952316284,1.3799999952316284,1.309999942779541,1.340000033378601,652000
2000-02-11,0.5561522245407104,1.350000023841858,1.3700000047683716,1.3300000429153442,1.350000023841858,624000
2000-02-14,0.5396735072135925,1.309999942779541,1.340000033378601,1.2999999523162842,1.3200000524520874,830000
2000-02-15,0.5355538725852966,1.2999999523162842,1.3200000524520874,1.2899999618530273,1.2899999618530273,426000
2000-02-16,0.5561522245407104,1.350000023841858,1.350000023841858,1.3200000524520874,1.3200000524520874,562000
2000-02-17,0.5643913745880127,1.3700000047683716,1.399999976158142,1.350000023841858,1.3700000047683716,648000
2000-02-18,0.6055877208709717,1.4700000286102295,1.4700000286102295,1.3700000047683716,1.3700000047683716,1334000
2000-02-21,0.5849897265434265,1.4199999570846558,1.440000057220459,1.3899999856948853,1.399999976158142,1108000
2000-02-22,0.5643913745880127,1.3700000047683716,1.4199999570846558,1.350000023841858,1.4199999570846558,680000
2000-02-23,0.5685109496116638,1.3799999952316284,1.399999976158142,1.3799999952316284,1.3799999952316284,406000
2000-02-24,0.5643913745880127,1.3700000047683716,1.3799999952316284,1.340000033378601,1.3799999952316284,256000
2000-02-25,0.5479128360748291,1.3300000429153442,1.350000023841858,1.3200000524520874,1.350000023841858,522000
2000-02-28,0.5355538725852966,1.2999999523162842,1.3300000429153442,1.2799999713897705,1.3300000429153442,816000
2000-02-29,0.5561522245407104,1.350000023841858,1.350000023841858,1.2999999523162842,1.2999999523162842,334000
2000-03-01,0.5561522245407104,1.350000023841858,1.350000023841858,1.3300000429153442,1.350000023841858,308000
2000-03-02,0.5685109496116638,1.3799999952316284,1.3799999952316284,1.350000023841858,1.350000023841858,850000
2000-03-03,0.5767503380775452,1.399999976158142,1.4500000476837158,1.3799999952316284,1.399999976158142,844000
2000-03-06,0.5355538725852966,1.2999999523162842,1.4299999475479126,1.2999999523162842,1.4299999475479126,1230000
2000-03-07,0.5396735072135925,1.309999942779541,1.350000023841858,1.2999999523162842,1.2999999523162842,2192000
2000-03-08,0.5437930822372437,1.3200000524520874,1.350000023841858,1.2999999523162842,1.2999999523162842,171000
2000-03-09,0.5561522245407104,1.350000023841858,1.350000023841858,1.3200000524520874,1.3200000524520874,170000
2000-03-10,0.5561522245407104,1.350000023841858,1.350000023841858,1.3300000429153442,1.350000023841858,542000
2000-03-13,0.5437930822372437,1.3200000524520874,1.350000023841858,1.309999942779541,1.309999942779541,526000
2000-03-14,0.5437930822372437,1.3200000524520874,1.3200000524520874,1.2899999618530273,1.2999999523162842,264000
2000-03-15,0.5437930822372437,1.3200000524520874,1.340000033378601,1.2999999523162842,1.3200000524520874,350000
2000-03-16,0.5355538725852966,1.2999999523162842,1.3200000524520874,1.2899999618530273,1.2999999523162842,604000
2000-03-17,0.5437930822372437,1.3200000524520874,1.3200000524520874,1.2999999523162842,1.309999942779541,298000
2000-03-20,0.5273145437240601,1.2799999713897705,1.2999999523162842,1.2799999713897705,1.2999999523162842,198000
2000-03-21,0.5355538725852966,1.2999999523162842,1.2999999523162842,1.2799999713897705,1.2799999713897705,150000
2000-03-22,0.5355538725852966,1.2999999523162842,1.2999999523162842,1.2799999713897705,1.2899999618530273,174000
2000-03-23,0.5273145437240601,1.2799999713897705,1.2999999523162842,1.2799999713897705,1.2999999523162842,122000
2000-03-24,0.5273145437240601,1.2799999713897705,1.2999999523162842,1.2799999713897705,1.2999999523162842,358000
2000-03-27,0.5437930822372437,1.3200000524520874,1.350000023841858,1.2799999713897705,1.2799999713897705,298000
2000-03-28,0.5561522245407104,1.350000023841858,1.350000023841858,1.3200000524520874,1.3200000524520874,484000
2000-03-29,0.552032470703125,1.340000033378601,1.3799999952316284,1.340000033378601,1.350000023841858,198000
2000-03-30,0.5396735072135925,1.309999942779541,1.3300000429153442,1.309999942779541,1.309999942779541,172000
2000-03-31,0.5396735072135925,1.309999942779541,1.309999942779541,1.309999942779541,1.309999942779541,48000
2000-04-03,0.531434178352356,1.2899999618530273,1.2999999523162842,1.2899999618530273,1.2899999618530273,56000
2000-04-04,0.531434178352356,1.2899999618530273,1.2899999618530273,1.2899999618530273,1.2899999618530273,0
2000-04-05,0.5190752744674683,1.2599999904632568,1.2999999523162842,1.2599999904632568,1.2699999809265137,304000
2000-04-06,0.5355538725852966,1.2999999523162842,1.2999999523162842,1.2599999904632568,1.2599999904632568,128000
2000-04-07,0.531434178352356,1.2899999618530273,1.3200000524520874,1.2899999618530273,1.2999999523162842,196000
2000-04-10,0.5273145437240601,1.2799999713897705,1.2799999713897705,1.2799999713897705,1.2799999713897705,224000
2000-04-11,0.5190752744674683,1.2599999904632568,1.2799999713897705,1.2599999904632568,1.2599999904632568,124000
2000-04-12,0.5355538725852966,1.2999999523162842,1.2999999523162842,1.2699999809265137,1.2699999809265137,296000
2000-04-13,0.5231949687004089,1.2699999809265137,1.2699999809265137,1.2599999904632568,1.2599999904632568,180000
2000-04-14,0.5231949687004089,1.2699999809265137,1.2699999809265137,1.2599999904632568,1.2599999904632568,80000
2000-04-17,0.5067164301872253,1.2300000190734863,1.2699999809265137,1.2000000476837158,1.2699999809265137,830000
2000-04-18,0.5190752744674683,1.2599999904632568,1.2899999618530273,1.2400000095367432,1.2400000095367432,1272000
2000-04-19,0.5273145437240601,1.2799999713897705,1.2999999523162842,1.2300000190734863,1.2599999904632568,496000
2000-04-20,0.5231949687004089,1.2699999809265137,1.2699999809265137,1.2400000095367432,1.2400000095367432,146000
2000-04-21,0.5231949687004089,1.2699999809265137,1.2699999809265137,1.2699999809265137,1.2699999809265137,0
2000-04-24,0.5231949687004089,1.2699999809265137,1.2699999809265137,1.2699999809265137,1.2699999809265137,0
2000-04-25,0.5231949687004089,1.2699999809265137,1.309999942779541,1.2699999809265137,1.2699999809265137,10000
2000-04-26,0.5273145437240601,1.2799999713897705,1.2799999713897705,1.2799999713897705,1.2799999713897705,164000
2000-04-27,0.5190752744674683,1.2599999904632568,1.2699999809265137,1.2599999904632568,1.2699999809265137,408000
2000-04-28,0.5231949687004089,1.2699999809265137,1.2899999618530273,1.2699999809265137,1.2699999809265137,196000
2000-05-01,0.5231949687004089,1.2699999809265137,1.2699999809265137,1.2699999809265137,1.2699999809265137,0
2000-05-02,0.531434178352356,1.2899999618530273,1.2999999523162842,1.2599999904632568,1.2599999904632568,276000
2000-05-03,0.5355538725852966,1.2999999523162842,1.2999999523162842,1.2799999713897705,1.2999999523162842,156000
2000-05-04,0.5273145437240601,1.2799999713897705,1.2899999618530273,1.2799999713897705,1.2899999618530273,40000
2000-05-05,0.5273145437240601,1.2799999713897705,1.2799999713897705,1.2599999904632568,1.2799999713897705,396000
2000-05-08,0.5273145437240601,1.2799999713897705,1.2799999713897705,1.2599999904632568,1.2799999713897705,770000
2000-05-09,0.5273145437240601,1.2799999713897705,1.2799999713897705,1.2799999713897705,1.2799999713897705,0
2000-05-10,0.5273145437240601,1.2799999713897705,1.309999942779541,1.2599999904632568,1.2899999618530273,406000
2000-05-11,0.5273145437240601,1.2799999713897705,1.2799999713897705,1.2799999713897705,1.2799999713897705,0
2000-05-12,0.5355538725852966,1.2999999523162842,1.2999999523162842,1.2699999809265137,1.2999999523162842,1036000
2000-05-15,0.5231949687004089,1.2699999809265137,1.2999999523162842,1.2699999809265137,1.2999999523162842,282000
2000-05-16,0.5273145437240601,1.2799999713897705,1.2799999713897705,1.2699999809265137,1.2699999809265137,56000
2000-05-17,0.5273145437240601,1.2799999713897705,1.2899999618530273,1.2799999713897705,1.2799999713897705,360000
2000-05-18,0.5231949687004089,1.2699999809265137,1.2799999713897705,1.2400000095367432,1.25,332000
2000-05-19,0.5231949687004089,1.2699999809265137,1.2699999809265137,1.2699999809265137,1.2699999809265137,98000
2000-05-22,0.5108360052108765,1.2400000095367432,1.25,1.2200000286102295,1.2300000190734863,138000
2000-05-23,0.5108360052108765,1.2400000095367432,1.2400000095367432,1.2400000095367432,1.2400000095367432,66000
2000-05-24,0.5025966763496399,1.2200000286102295,1.2300000190734863,1.2200000286102295,1.2300000190734863,214000
2000-05-25,0.481998473405838,1.1699999570846558,1.2200000286102295,1.1699999570846558,1.2200000286102295,612000
2000-05-26,0.481998473405838,1.1699999570846558,1.1699999570846558,1.1399999856948853,1.159999966621399,536000
2000-05-29,0.481998473405838,1.1699999570846558,1.2000000476837158,1.1699999570846558,1.2000000476837158,136000
2000-05-30,0.481998473405838,1.1699999570846558,1.1699999570846558,1.1699999570846558,1.1699999570846558,0
2000-05-31,0.481998473405838,1.1699999570846558,1.1699999570846558,1.149999976158142,1.149999976158142,72000
2000-06-01,0.4737592041492462,1.149999976158142,1.149999976158142,1.1200000047683716,1.1299999952316284,488000
2000-06-02,0.46551990509033203,1.1299999952316284,1.1299999952316284,1.1100000143051147,1.1100000143051147,372000
2000-06-05,0.46551990509033203,1.1299999952316284,1.149999976158142,1.1299999952316284,1.1299999952316284,410000
2000-06-06,0.46551990509033203,1.1299999952316284,1.1299999952316284,1.1299999952316284,1.1299999952316284,0
2000-06-07,0.4778788685798645,1.159999966621399,1.1799999475479126,1.159999966621399,1.159999966621399,296000
2000-06-08,0.4737592041492462,1.149999976158142,1.149999976158142,1.149999976158142,1.149999976158142,196000
2000-06-09,0.4696395695209503,1.1399999856948853,1.149999976158142,1.1399999856948853,1.1399999856948853,112000
2000-06-12,0.4696395695209503,1.1399999856948853,1.1699999570846558,1.1399999856948853,1.149999976158142,142000
2000-06-13,0.4614003002643585,1.1200000047683716,1.1399999856948853,1.1100000143051147,1.1399999856948853,244000
2000-06-14,0.4614003002643585,1.1200000047683716,1.1399999856948853,1.1200000047683716,1.1200000047683716,6000
2000-06-15,0.46551990509033203,1.1299999952316284,1.149999976158142,1.1200000047683716,1.1200000047683716,90000
2000-06-16,0.481998473405838,1.1699999570846558,1.1699999570846558,1.1200000047683716,1.1200000047683716,378000
2000-06-19,0.5067164301872253,1.2300000190734863,1.2699999809265137,1.149999976158142,1.149999976158142,638000
2000-06-20,0.4861181080341339,1.1799999475479126,1.25,1.1799999475479126,1.25,110000
2000-06-21,0.4696395695209503,1.1399999856948853,1.2200000286102295,1.1399999856948853,1.190000057220459,250000
2000-06-22,0.4737592041492462,1.149999976158142,1.159999966621399,1.149999976158142,1.149999976158142,220000
2000-06-23,0.4737592041492462,1.149999976158142,1.2000000476837158,1.149999976158142,1.149999976158142,20000
2000-06-26,0.481998473405838,1.1699999570846558,1.2000000476837158,1.149999976158142,1.149999976158142,224000
2000-06-27,0.4696395695209503,1.1399999856948853,1.159999966621399,1.1399999856948853,1.159999966621399,40000
2000-06-28,0.4778788685798645,1.159999966621399,1.159999966621399,1.149999976158142,1.159999966621399,76000
2000-06-29,0.4737592041492462,1.149999976158142,1.159999966621399,1.149999976158142,1.159999966621399,130000
2000-06-30,0.46551990509033203,1.1299999952316284,1.1299999952316284,1.1299999952316284,1.1299999952316284,36000
2000-07-03,0.4696395695209503,1.1399999856948853,1.159999966621399,1.1399999856948853,1.1399999856948853,0
2000-07-04,0.4696395695209503,1.1399999856948853,1.159999966621399,1.1299999952316284,1.1299999952316284,100000
2000-07-05,0.46551990509033203,1.1299999952316284,1.149999976158142,1.1299999952316284,1.1399999856948853,290000
2000-07-06,0.46551990509033203,1.1299999952316284,1.1399999856948853,1.1299999952316284,1.1299999952316284,106000
2000-07-07,0.4696395695209503,1.1399999856948853,1.1399999856948853,1.1299999952316284,1.1299999952316284,82000
2000-07-10,0.4778788685798645,1.159999966621399,1.159999966621399,1.149999976158142,1.149999976158142,236000
2000-07-11,0.4778788685798645,1.159999966621399,1.159999966621399,1.159999966621399,1.159999966621399,120000
2000-07-12,0.4861181080341339,1.1799999475479126,1.1799999475479126,1.159999966621399,1.159999966621399,92000
2000-07-13,0.490237832069397,1.190000057220459,1.190000057220459,1.1699999570846558,1.1699999570846558,224000
2000-07-14,0.481998473405838,1.1699999570846558,1.2200000286102295,1.1699999570846558,1.2000000476837158,262000
2000-07-17,0.4778788685798645,1.159999966621399,1.1699999570846558,1.159999966621399,1.1699999570846558,38000
2000-07-18,0.4737592041492462,1.149999976158142,1.159999966621399,1.149999976158142,1.159999966621399,180000
2000-07-19,0.4737592041492462,1.149999976158142,1.159999966621399,1.149999976158142,1.159999966621399,180000
2000-07-20,0.5067164301872253,1.2300000190734863,1.25,1.2100000381469727,1.25,172000
2000-07-21,0.4696395695209503,1.1399999856948853,1.2400000095367432,1.090000033378601,1.2400000095367432,1652000
2000-07-24,0.481998473405838,1.1699999570846558,1.1799999475479126,1.1399999856948853,1.1399999856948853,418000
2000-07-25,0.481998473405838,1.1699999570846558,1.1699999570846558,1.149999976158142,1.149999976158142,256000
2000-07-26,0.4778788685798645,1.159999966621399,1.159999966621399,1.159999966621399,1.159999966621399,184000
2000-07-27,0.4737592041492462,1.149999976158142,1.149999976158142,1.1399999856948853,1.149999976158142,324000
2000-07-28,0.4696395695209503,1.1399999856948853,1.1399999856948853,1.1299999952316284,1.1399999856948853,190000
2000-07-31,0.46551990509033203,1.1299999952316284,1.1299999952316284,1.1200000047683716,1.1200000047683716,280000
2000-08-01,0.4737592041492462,1.149999976158142,1.149999976158142,1.1399999856948853,1.1399999856948853,334000
2000-08-02,0.4737592041492462,1.149999976158142,1.149999976158142,1.149999976158142,1.149999976158142,42000
2000-08-03,0.46551990509033203,1.1299999952316284,1.1399999856948853,1.1299999952316284,1.1299999952316284,22000
2000-08-04,0.4778788685798645,1.159999966621399,1.159999966621399,1.1399999856948853,1.149999976158142,252000
2000-08-07,0.481998473405838,1.1699999570846558,1.1699999570846558,1.1399999856948853,1.1399999856948853,136000
2000-08-08,0.490237832069397,1.190000057220459,1.190000057220459,1.149999976158142,1.159999966621399,162000
2000-08-09,0.4778788685798645,1.159999966621399,1.1799999475479126,1.159999966621399,1.1799999475479126,172000
2000-08-10,0.49435728788375854,1.2000000476837158,1.2000000476837158,1.1799999475479126,1.2000000476837158,240000
2000-08-11,0.4861181080341339,1.1799999475479126,1.2000000476837158,1.159999966621399,1.2000000476837158,162000
2000-08-14,0.4861181080341339,1.1799999475479126,1.1799999475479126,1.1799999475479126,1.1799999475479126,30000
2000-08-15,0.4861181080341339,1.1799999475479126,1.1799999475479126,1.1699999570846558,1.1799999475479126,98000
2000-08-16,0.4861181080341339,1.1799999475479126,1.1799999475479126,1.1799999475479126,1.1799999475479126,222000
2000-08-17,0.481998473405838,1.1699999570846558,1.1699999570846558,1.1399999856948853,1.1399999856948853,128000
2000-08-18,0.481998473405838,1.1699999570846558,1.1699999570846558,1.1699999570846558,1.1699999570846558,10000
2000-08-21,0.4778788685798645,1.159999966621399,1.159999966621399,1.159999966621399,1.159999966621399,22000
2000-08-22,0.4861181080341339,1.1799999475479126,1.1799999475479126,1.159999966621399,1.1799999475479126,162000
2000-08-23,0.4778788685798645,1.159999966621399,1.159999966621399,1.159999966621399,1.159999966621399,178000
2000-08-24,0.4696395695209503,1.1399999856948853,1.1399999856948853,1.1399999856948853,1.1399999856948853,10000
2000-08-25,0.481998473405838,1.1699999570846558,1.1699999570846558,1.159999966621399,1.159999966621399,86000
2000-08-28,0.4861181080341339,1.1799999475479126,1.1799999475479126,1.1799999475479126,1.1799999475479126,170000
2000-08-29,0.490237832069397,1.190000057220459,1.190000057220459,1.1699999570846558,1.1699999570846558,130000
2000-08-30,0.4861181080341339,1.1799999475479126,1.1799999475479126,1.149999976158142,1.149999976158142,230000
2000-08-31,0.4861181080341339,1.1799999475479126,1.190000057220459,1.1699999570846558,1.1699999570846558,92000
2000-09-01,0.4861181080341339,1.1799999475479126,1.2100000381469727,1.1799999475479126,1.2000000476837158,114000
2000-09-04,0.49435728788375854,1.2000000476837158,1.2000000476837158,1.1799999475479126,1.1799999475479126,134000
2000-09-05,0.490237832069397,1.190000057220459,1.2000000476837158,1.190000057220459,1.2000000476837158,294000
2000-09-06,0.4817119836807251,1.1299999952316284,1.1699999570846558,1.1299999952316284,1.149999976158142,118000
2000-09-07,0.4987636208534241,1.1699999570846558,1.1699999570846558,1.1699999570846558,1.1699999570846558,162000
2000-09-08,0.4817119836807251,1.1299999952316284,1.1299999952316284,1.100000023841858,1.1299999952316284,30000
2000-09-11,0.4774490296840668,1.1200000047683716,1.1200000047683716,1.1200000047683716,1.1200000047683716,60000
2000-09-12,0.47318604588508606,1.1100000143051147,1.1100000143051147,1.1100000143051147,1.1100000143051147,50000
2000-09-13,0.47318604588508606,1.1100000143051147,1.1100000143051147,1.1100000143051147,1.1100000143051147,0
2000-09-14,0.46039721369743347,1.0800000429153442,1.100000023841858,1.0800000429153442,1.100000023841858,76000
2000-09-15,0.4476083517074585,1.0499999523162842,1.0499999523162842,1.0399999618530273,1.0399999618530273,44000
2000-09-18,0.42629364132881165,1.0,1.0099999904632568,1.0,1.0,236000
2000-09-19,0.42629364132881165,1.0,1.0,0.9900000095367432,1.0,190000
2000-09-20,0.42629364132881165,1.0,1.0,0.9900000095367432,1.0,166000
2000-09-21,0.413504958152771,0.9700000286102295,0.9800000190734863,0.9700000286102295,0.9800000190734863,96000
2000-09-22,0.3836643099784851,0.8999999761581421,0.949999988079071,0.8999999761581421,0.9399999976158142,108000
2000-09-25,0.40497899055480957,0.949999988079071,0.949999988079071,0.8999999761581421,0.8999999761581421,134000
2000-09-26,0.392190158367157,0.9200000166893005,0.9200000166893005,0.9200000166893005,0.9200000166893005,20000
2000-09-27,0.40071600675582886,0.9399999976158142,0.9399999976158142,0.8999999761581421,0.8999999761581421,56000
2000-09-28,0.41776782274246216,0.9800000190734863,0.9800000190734863,0.8999999761581421,0.9200000166893005,120000
2000-09-29,0.4092419147491455,0.9599999785423279,0.9700000286102295,0.9300000071525574,0.9700000286102295,90000
2000-10-02,0.4092419147491455,0.9599999785423279,0.9599999785423279,0.9599999785423279,0.9599999785423279,0
2000-10-03,0.4092419147491455,0.9599999785423279,0.9700000286102295,0.9599999785423279,0.9700000286102295,30000
2000-10-04,0.39645320177078247,0.9300000071525574,0.949999988079071,0.9300000071525574,0.9300000071525574,96000
2000-10-05,0.40071600675582886,0.9399999976158142,0.949999988079071,0.9200000166893005,0.9300000071525574,180000
2000-10-06,0.40071600675582886,0.9399999976158142,0.9399999976158142,0.9399999976158142,0.9399999976158142,0
2000-10-09,0.42629364132881165,1.0,1.0,1.0,1.0,60000
2000-10-10,0.40071600675582886,0.9399999976158142,0.9900000095367432,0.9399999976158142,0.9399999976158142,0
2000-10-11,0.392190158367157,0.9200000166893005,0.9800000190734863,0.9200000166893005,0.9200000166893005,0
2000-10-12,0.39645320177078247,0.9300000071525574,0.9399999976158142,0.9300000071525574,0.9399999976158142,22000
2000-10-13,0.392190158367157,0.9200000166893005,0.9300000071525574,0.8999999761581421,0.9300000071525574,340000
2000-10-16,0.392190158367157,0.9200000166893005,0.9200000166893005,0.9200000166893005,0.9200000166893005,0
2000-10-17,0.392190158367157,0.9200000166893005,0.9599999785423279,0.9200000166893005,0.9200000166893005,0
2000-10-18,0.3836643099784851,0.8999999761581421,0.8999999761581421,0.8500000238418579,0.8500000238418579,34000
2000-10-19,0.3623497188091278,0.8500000238418579,0.8700000047683716,0.8500000238418579,0.8500000238418579,230000
2000-10-20,0.3836643099784851,0.8999999761581421,0.8999999761581421,0.8600000143051147,0.8700000047683716,240000
2000-10-23,0.375138521194458,0.8799999952316284,0.9200000166893005,0.8799999952316284,0.9200000166893005,20000
2000-10-24,0.3836643099784851,0.8999999761581421,0.8999999761581421,0.8799999952316284,0.8799999952316284,110000
2000-10-25,0.3836643099784851,0.8999999761581421,0.8999999761581421,0.8999999761581421,0.8999999761581421,150000
2000-10-26,0.375138521194458,0.8799999952316284,0.9300000071525574,0.8799999952316284,0.8799999952316284,0
2000-10-27,0.375138521194458,0.8799999952316284,0.8799999952316284,0.8799999952316284,0.8799999952316284,0
2000-10-30,0.3836643099784851,0.8999999761581421,0.8999999761581421,0.8600000143051147,0.8999999761581421,176000
2000-10-31,0.3836643099784851,0.8999999761581421,0.8999999761581421,0.8999999761581421,0.8999999761581421,50000
2000-11-01,0.40071600675582886,0.9399999976158142,0.9399999976158142,0.8999999761581421,0.8999999761581421,186000
2000-11-02,0.392190158367157,0.9200000166893005,0.9200000166893005,0.9200000166893005,0.9200000166893005,62000
2000-11-03,0.38792723417282104,0.9100000262260437,0.9200000166893005,0.9100000262260437,0.9100000262260437,70000
2000-11-06,0.3836643099784851,0.8999999761581421,0.8999999761581421,0.8999999761581421,0.8999999761581421,30000
2000-11-07,0.3836643099784851,0.8999999761581421,0.8999999761581421,0.8999999761581421,0.8999999761581421,38000
2000-11-08,0.375138521194458,0.8799999952316284,0.9399999976158142,0.8799999952316284,0.8799999952316284,0
2000-11-09,0.3836643099784851,0.8999999761581421,0.8999999761581421,0.8999999761581421,0.8999999761581421,176000
2000-11-10,0.375138521194458,0.8799999952316284,0.8799999952316284,0.8799999952316284,0.8799999952316284,68000
2000-11-13,0.3623497188091278,0.8500000238418579,0.8500000238418579,0.8500000238418579,0.8500000238418579,26000
2000-11-14,0.375138521194458,0.8799999952316284,0.8799999952316284,0.8799999952316284,0.8799999952316284,26000
2000-11-15,0.3623497188091278,0.8500000238418579,0.8799999952316284,0.8500000238418579,0.8500000238418579,0
2000-11-16,0.38792723417282104,0.9100000262260437,0.9200000166893005,0.8600000143051147,0.8600000143051147,40000
2000-11-17,0.37940141558647156,0.8899999856948853,0.8899999856948853,0.8899999856948853,0.8899999856948853,10000
2000-11-20,0.37940141558647156,0.8899999856948853,0.8899999856948853,0.8899999856948853,0.8899999856948853,10000
2000-11-21,0.36661261320114136,0.8600000143051147,0.8799999952316284,0.8600000143051147,0.8799999952316284,98000
2000-11-22,0.36661261320114136,0.8600000143051147,0.8700000047683716,0.8600000143051147,0.8600000143051147,94000
2000-11-23,0.3836643099784851,0.8999999761581421,0.8999999761581421,0.8299999833106995,0.8399999737739563,90000
2000-11-24,0.3836643099784851,0.8999999761581421,0.8999999761581421,0.8799999952316284,0.8899999856948853,140000
2000-11-27,0.3708755373954773,0.8700000047683716,0.8700000047683716,0.8600000143051147,0.8600000143051147,110000
2000-11-28,0.3623497188091278,0.8500000238418579,0.8999999761581421,0.8500000238418579,0.8500000238418579,0
2000-11-29,0.3623497188091278,0.8500000238418579,0.8600000143051147,0.8500000238418579,0.8500000238418579,74000
2000-11-30,0.3836643099784851,0.8999999761581421,0.8999999761581421,0.8999999761581421,0.8999999761581421,10000
2000-12-01,0.3708755373954773,0.8700000047683716,0.8700000047683716,0.8700000047683716,0.8700000047683716,112000
2000-12-04,0.3623497188091278,0.8500000238418579,0.8500000238418579,0.8500000238418579,0.8500000238418579,10000
2000-12-05,0.36661261320114136,0.8600000143051147,0.8999999761581421,0.8600000143051147,0.8999999761581421,62000
2000-12-06,0.3836643099784851,0.8999999761581421,0.8999999761581421,0.8899999856948853,0.8999999761581421,108000
2000-12-07,0.3708755373954773,0.8700000047683716,0.8700000047683716,0.8700000047683716,0.8700000047683716,10000
2000-12-08,0.37940141558647156,0.8899999856948853,0.9100000262260437,0.8899999856948853,0.8899999856948853,0
2000-12-11,0.3708755373954773,0.8700000047683716,0.8899999856948853,0.8700000047683716,0.8899999856948853,190000
2000-12-12,0.36661261320114136,0.8600000143051147,0.8700000047683716,0.8600000143051147,0.8600000143051147,150000
2000-12-13,0.37940141558647156,0.8899999856948853,0.8899999856948853,0.8899999856948853,0.8899999856948853,90000
2000-12-14,0.375138521194458,0.8799999952316284,0.9100000262260437,0.8799999952316284,0.9100000262260437,110000
2000-12-15,0.3708755373954773,0.8700000047683716,0.8700000047683716,0.8700000047683716,0.8700000047683716,30000
2000-12-18,0.3623497188091278,0.8500000238418579,0.8700000047683716,0.8500000238418579,0.8700000047683716,40500
2000-12-19,0.3623497188091278,0.8500000238418579,0.8600000143051147,0.8500000238418579,0.8600000143051147,32000
2000-12-20,0.34103497862815857,0.800000011920929,0.8299999833106995,0.800000011920929,0.8199999928474426,50000
2000-12-21,0.3197203576564789,0.75,0.8100000023841858,0.7400000095367432,0.8100000023841858,296000
2000-12-22,0.3197203576564789,0.75,0.75,0.7200000286102295,0.7200000286102295,144000
2000-12-25,0.3197203576564789,0.75,0.75,0.75,0.75,0
2000-12-26,0.3197203576564789,0.75,0.75,0.75,0.75,0
2000-12-27,0.3197203576564789,0.75,0.7599999904632568,0.75,0.7599999904632568,26000
2000-12-28,0.33677202463150024,0.7900000214576721,0.7900000214576721,0.75,0.75,122000
2000-12-29,0.34103497862815857,0.800000011920929,0.800000011920929,0.7900000214576721,0.7900000214576721,70000
2001-01-01,0.34103497862815857,0.800000011920929,0.800000011920929,0.800000011920929,0.800000011920929,0
2001-01-02,0.3623497188091278,0.8500000238418579,0.8500000238418579,0.8100000023841858,0.8199999928474426,104000
2001-01-03,0.34103497862815857,0.800000011920929,0.800000011920929,0.800000011920929,0.800000011920929,46000
2001-01-04,0.3538236916065216,0.8299999833106995,0.8299999833106995,0.8299999833106995,0.8299999833106995,156000
2001-01-05,0.3580867648124695,0.8399999737739563,0.8399999737739563,0.8299999833106995,0.8299999833106995,80000
2001-01-08,0.34956079721450806,0.8199999928474426,0.8500000238418579,0.8199999928474426,0.8199999928474426,0
2001-01-09,0.3580867648124695,0.8399999737739563,0.8500000238418579,0.8399999737739563,0.8500000238418579,86000
2001-01-10,0.35808664560317993,0.8299999833106995,0.8500000238418579,0.8299999833106995,0.8299999833106995,102000
2001-01-11,0.3537723422050476,0.8199999928474426,0.8199999928474426,0.8199999928474426,0.8199999928474426,70000
2001-01-12,0.36671534180641174,0.8500000238418579,0.8600000143051147,0.8500000238418579,0.8600000143051147,110000
2001-01-15,0.34945806860923767,0.8100000023841858,0.8500000238418579,0.8100000023841858,0.8500000238418579,202000
2001-01-16,0.3451438546180725,0.800000011920929,0.8199999928474426,0.800000011920929,0.8100000023841858,120000
2001-01-17,0.3365152180194855,0.7799999713897705,0.8100000023841858,0.7799999713897705,0.7799999713897705,0
2001-01-18,0.3278866708278656,0.7599999904632568,0.8199999928474426,0.7599999904632568,0.7599999904632568,0
2001-01-19,0.34945806860923767,0.8100000023841858,0.8100000023841858,0.8100000023841858,0.8100000023841858,100000
2001-01-22,0.34945806860923767,0.8100000023841858,0.8100000023841858,0.800000011920929,0.800000011920929,120000
2001-01-23,0.34945806860923767,0.8100000023841858,0.8299999833106995,0.8100000023841858,0.8299999833106995,20000
2001-01-24,0.34945806860923767,0.8100000023841858,0.8100000023841858,0.8100000023841858,0.8100000023841858,0
2001-01-25,0.34945806860923767,0.8100000023841858,0.8100000023841858,0.8100000023841858,0.8100000023841858,0
2001-01-26,0.34945806860923767,0.8100000023841858,0.8100000023841858,0.8100000023841858,0.8100000023841858,0
2001-01-29,0.3408295512199402,0.7900000214576721,0.7900000214576721,0.7900000214576721,0.7900000214576721,38000
2001-01-30,0.3408295512199402,0.7900000214576721,0.7900000214576721,0.7900000214576721,0.7900000214576721,116000
2001-01-31,0.3537723422050476,0.8199999928474426,0.8199999928474426,0.7599999904632568,0.7900000214576721,156000
2001-02-01,0.35808664560317993,0.8299999833106995,0.8299999833106995,0.800000011920929,0.800000011920929,64000
2001-02-02,0.3537723422050476,0.8199999928474426,0.8199999928474426,0.8199999928474426,0.8199999928474426,236000
2001-02-05,0.3537723422050476,0.8199999928474426,0.8199999928474426,0.800000011920929,0.8199999928474426,90000
2001-02-06,0.36671534180641174,0.8500000238418579,0.8500000238418579,0.8500000238418579,0.8500000238418579,282000
2001-02-07,0.388286828994751,0.8999999761581421,0.8999999761581421,0.8500000238418579,0.8500000238418579,264000
2001-02-08,0.36671534180641174,0.8500000238418579,0.8600000143051147,0.8500000238418579,0.8500000238418579,92000
2001-02-09,0.38397249579429626,0.8899999856948853,0.8899999856948853,0.8899999856948853,0.8899999856948853,114000
2001-02-12,0.3753438889980316,0.8700000047683716,0.8700000047683716,0.8600000143051147,0.8700000047683716,154000
2001-02-13,0.388286828994751,0.8999999761581421,0.8999999761581421,0.8600000143051147,0.8600000143051147,50000
2001-02-14,0.3753438889980316,0.8700000047683716,0.8700000047683716,0.8700000047683716,0.8700000047683716,60000
2001-02-15,0.36671534180641174,0.8500000238418579,0.8500000238418579,0.8500000238418579,0.8500000238418579,70000
2001-02-16,0.3796582520008087,0.8799999952316284,0.8999999761581421,0.8799999952316284,0.8799999952316284,0
2001-02-19,0.3753438889980316,0.8700000047683716,0.8700000047683716,0.8700000047683716,0.8700000047683716,100000
2001-02-20,0.388286828994751,0.8999999761581421,0.8999999761581421,0.8500000238418579,0.8500000238418579,252000
2001-02-21,0.3926011621952057,0.9100000262260437,0.949999988079071,0.8999999761581421,0.8999999761581421,292000
2001-02-22,0.3796582520008087,0.8799999952316284,0.8799999952316284,0.8799999952316284,0.8799999952316284,20000
2001-02-23,0.409858375787735,0.949999988079071,0.949999988079071,0.8999999761581421,0.8999999761581421,340000
2001-02-26,0.388286828994751,0.8999999761581421,0.8999999761581421,0.8999999761581421,0.8999999761581421,118000
2001-02-27,0.3926011621952057,0.9100000262260437,0.9100000262260437,0.9100000262260437,0.9100000262260437,98000
2001-02-28,0.3753438889980316,0.8700000047683716,0.8999999761581421,0.8700000047683716,0.8999999761581421,300000
2001-03-01,0.3753438889980316,0.8700000047683716,0.8799999952316284,0.8700000047683716,0.8700000047683716,366000
2001-03-02,0.3796582520008087,0.8799999952316284,0.9100000262260437,0.8700000047683716,0.8899999856948853,188000
2001-03-05,0.388286828994751,0.8999999761581421,0.8999999761581421,0.8799999952316284,0.8799999952316284,200000
2001-03-06,0.388286828994751,0.8999999761581421,0.8999999761581421,0.8999999761581421,0.8999999761581421,40000
2001-03-07,0.388286828994751,0.8999999761581421,0.8999999761581421,0.8999999761581421,0.8999999761581421,62000
2001-03-08,0.3926011621952057,0.9100000262260437,0.9100000262260437,0.8899999856948853,0.8899999856948853,200000
2001-03-09,0.40122976899147034,0.9300000071525574,0.9300000071525574,0.9100000262260437,0.9100000262260437,110000
2001-03-12,0.38397249579429626,0.8899999856948853,0.8999999761581421,0.8899999856948853,0.8999999761581421,332000
2001-03-13,0.388286828994751,0.8999999761581421,0.9100000262260437,0.8799999952316284,0.8899999856948853,1006000
2001-03-14,0.388286828994751,0.8999999761581421,0.8999999761581421,0.8999999761581421,0.8999999761581421,0
2001-03-15,0.38397249579429626,0.8899999856948853,0.8999999761581421,0.8799999952316284,0.8899999856948853,464000
2001-03-16,0.38397249579429626,0.8899999856948853,0.8899999856948853,0.8899999856948853,0.8899999856948853,60000
2001-03-19,0.388286828994751,0.8999999761581421,0.8999999761581421,0.8999999761581421,0.8999999761581421,60000
2001-03-20,0.388286828994751,0.8999999761581421,0.8999999761581421,0.8999999761581421,0.8999999761581421,1000000
2001-03-21,0.3926011621952057,0.9100000262260437,0.9100000262260437,0.8899999856948853,0.8899999856948853,134000
2001-03-22,0.388286828994751,0.8999999761581421,0.9100000262260437,0.8899999856948853,0.8999999761581421,656000
2001-03-23,0.3926011621952057,0.9100000262260437,0.9100000262260437,0.8899999856948853,0.8899999856948853,282000
2001-03-26,0.388286828994751,0.8999999761581421,0.9399999976158142,0.8999999761581421,0.9399999976158142,52000
2001-03-27,0.388286828994751,0.8999999761581421,0.8999999761581421,0.8999999761581421,0.8999999761581421,140000
2001-03-28,0.388286828994751,0.8999999761581421,0.8999999761581421,0.8999999761581421,0.8999999761581421,118000
2001-03-29,0.3926011621952057,0.9100000262260437,0.9100000262260437,0.8899999856948853,0.8899999856948853,200000
2001-03-30,0.388286828994751,0.8999999761581421,0.8999999761581421,0.8899999856948853,0.8899999856948853,100000
2001-04-02,0.3926011621952057,0.9100000262260437,0.9100000262260437,0.8899999856948853,0.8899999856948853,290000
2001-04-03,0.3926011621952057,0.9100000262260437,0.9100000262260437,0.8899999856948853,0.8999999761581421,100000
2001-04-04,0.3926011621952057,0.9100000262260437,0.9100000262260437,0.8899999856948853,0.8899999856948853,370000
2001-04-05,0.3926011621952057,0.9100000262260437,0.9100000262260437,0.9100000262260437,0.9100000262260437,0
2001-04-06,0.3926011621952057,0.9100000262260437,0.9100000262260437,0.8899999856948853,0.8899999856948853,66000
2001-04-09,0.3926011621952057,0.9100000262260437,0.9100000262260437,0.8899999856948853,0.8899999856948853,652000
2001-04-10,0.388286828994751,0.8999999761581421,0.949999988079071,0.8999999761581421,0.949999988079071,44000
2001-04-11,0.3926011621952057,0.9100000262260437,0.9100000262260437,0.8999999761581421,0.8999999761581421,110000
2001-04-12,0.3926011621952057,0.9100000262260437,0.9100000262260437,0.8999999761581421,0.9100000262260437,292000
2001-04-13,0.3926011621952057,0.9100000262260437,0.9100000262260437,0.9100000262260437,0.9100000262260437,0
2001-04-16,0.3926011621952057,0.9100000262260437,0.9100000262260437,0.9100000262260437,0.9100000262260437,0
2001-04-17,0.3926011621952057,0.9100000262260437,0.9100000262260437,0.9100000262260437,0.9100000262260437,18000
2001-04-18,0.388286828994751,0.8999999761581421,0.8999999761581421,0.8999999761581421,0.8999999761581421,92000
2001-04-19,0.388286828994751,0.8999999761581421,0.8999999761581421,0.8999999761581421,0.8999999761581421,240000
2001-04-20,0.38397249579429626,0.8899999856948853,0.8999999761581421,0.8899999856948853,0.8999999761581421,138000
2001-04-23,0.3796582520008087,0.8799999952316284,0.9300000071525574,0.8799999952316284,0.8799999952316284,0
2001-04-24,0.38397249579429626,0.8899999856948853,0.9399999976158142,0.8899999856948853,0.8899999856948853,0
2001-04-25,0.39691537618637085,0.9200000166893005,0.9200000166893005,0.8999999761581421,0.8999999761581421,42000
2001-04-26,0.39691537618637085,0.9200000166893005,0.9200000166893005,0.8999999761581421,0.8999999761581421,42000
2001-04-27,0.388286828994751,0.8999999761581421,0.9200000166893005,0.8999999761581421,0.8999999761581421,0
2001-04-30,0.388286828994751,0.8999999761581421,0.8999999761581421,0.8999999761581421,0.8999999761581421,0
2001-05-01,0.388286828994751,0.8999999761581421,0.8999999761581421,0.8999999761581421,0.8999999761581421,0
2001-05-02,0.38397249579429626,0.8899999856948853,0.8899999856948853,0.8899999856948853,0.8899999856948853,10000
2001-05-03,0.388286828994751,0.8999999761581421,0.8999999761581421,0.8999999761581421,0.8999999761581421,140000
2001-05-04,0.388286828994751,0.8999999761581421,0.8999999761581421,0.8999999761581421,0.8999999761581421,62000
2001-05-07,0.388286828994751,0.8999999761581421,0.8999999761581421,0.8999999761581421,0.8999999761581421,90000
2001-05-08,0.388286828994751,0.8999999761581421,0.9100000262260437,0.8999999761581421,0.8999999761581421,490000
2001-05-09,0.388286828994751,0.8999999761581421,0.9100000262260437,0.8999999761581421,0.8999999761581421,334000
2001-05-10,0.388286828994751,0.8999999761581421,0.9200000166893005,0.8999999761581421,0.8999999761581421,320000
2001-05-11,0.388286828994751,0.8999999761581421,0.9100000262260437,0.8999999761581421,0.9100000262260437,14000
2001-05-14,0.388286828994751,0.8999999761581421,0.8999999761581421,0.8999999761581421,0.8999999761581421,40000
2001-05-15,0.40122976899147034,0.9300000071525574,0.9300000071525574,0.9100000262260437,0.9300000071525574,160000
2001-05-16,0.39691537618637085,0.9200000166893005,0.9300000071525574,0.8999999761581421,0.9300000071525574,220000
2001-05-17,0.3926011621952057,0.9100000262260437,0.9200000166893005,0.8999999761581421,0.9200000166893005,82000
2001-05-18,0.40122976899147034,0.9300000071525574,0.9300000071525574,0.9100000262260437,0.9100000262260437,94000
2001-05-21,0.4271155297756195,0.9900000095367432,1.0,0.9200000166893005,0.9300000071525574,590000
2001-05-22,0.4745727479457855,1.100000023841858,1.1200000047683716,1.0399999618530273,1.0499999523162842,1160000
2001-05-23,0.44437259435653687,1.0299999713897705,1.1200000047683716,1.0199999809265137,1.0700000524520874,970000
2001-05-24,0.435744047164917,1.0099999904632568,1.0499999523162842,1.0099999904632568,1.0499999523162842,492000
2001-05-25,0.4486869275569916,1.0399999618530273,1.059999942779541,1.0099999904632568,1.0499999523162842,516000
2001-05-28,0.4573155343532562,1.059999942779541,1.0700000524520874,1.0299999713897705,1.0299999713897705,378000
2001-05-29,0.44437259435653687,1.0299999713897705,1.0700000524520874,1.0299999713897705,1.0700000524520874,168000
2001-05-30,0.4486869275569916,1.0399999618530273,1.0399999618530273,0.9900000095367432,1.0099999904632568,236000
2001-05-31,0.435744047164917,1.0099999904632568,1.0399999618530273,1.0099999904632568,1.0399999618530273,104000
2001-06-01,0.43142974376678467,1.0,1.0,1.0,1.0,130000
2001-06-04,0.4400583505630493,1.0199999809265137,1.059999942779541,1.0099999904632568,1.059999942779541,376000
2001-06-05,0.44437259435653687,1.0299999713897705,1.0399999618530273,1.0099999904632568,1.0099999904632568,156000
2001-06-06,0.4573155343532562,1.059999942779541,1.059999942779541,1.0399999618530273,1.0399999618530273,518000
2001-06-07,0.4788871109485626,1.1100000143051147,1.1299999952316284,1.0700000524520874,1.0700000524520874,934000
2001-06-08,0.49182993173599243,1.1399999856948853,1.149999976158142,1.1299999952316284,1.149999976158142,874000
2001-06-11,0.47025859355926514,1.090000033378601,1.1100000143051147,1.090000033378601,1.1100000143051147,52000
2001-06-12,0.4875156581401825,1.1299999952316284,1.1299999952316284,1.090000033378601,1.090000033378601,222000
2001-06-13,0.4573155343532562,1.059999942779541,1.1299999952316284,1.059999942779541,1.100000023841858,298000
2001-06-14,0.4573155343532562,1.059999942779541,1.059999942779541,1.059999942779541,1.059999942779541,776000
2001-06-15,0.4573155343532562,1.059999942779541,1.0700000524520874,1.0499999523162842,1.0499999523162842,506000
2001-06-18,0.4616297781467438,1.0700000524520874,1.0700000524520874,1.0499999523162842,1.059999942779541,360000
2001-06-19,0.4573155343532562,1.059999942779541,1.0800000429153442,1.059999942779541,1.0800000429153442,486000
2001-06-20,0.4486869275569916,1.0399999618530273,1.0499999523162842,1.0399999618530273,1.0399999618530273,170000
2001-06-21,0.44437259435653687,1.0299999713897705,1.0299999713897705,1.0299999713897705,1.0299999713897705,24000
2001-06-22,0.4486869275569916,1.0399999618530273,1.059999942779541,1.0299999713897705,1.0399999618530273,112000
2001-06-25,0.4486869275569916,1.0399999618530273,1.0399999618530273,1.0399999618530273,1.0399999618530273,0
2001-06-26,0.4400583505630493,1.0199999809265137,1.0199999809265137,1.0199999809265137,1.0199999809265137,26000
2001-06-27,0.44437259435653687,1.0299999713897705,1.0299999713897705,1.0,1.0,60000
2001-06-28,0.4486869275569916,1.0399999618530273,1.0399999618530273,1.0299999713897705,1.0299999713897705,24000
2001-06-29,0.435744047164917,1.0099999904632568,1.0399999618530273,1.0099999904632568,1.0399999618530273,178000
2001-07-02,0.435744047164917,1.0099999904632568,1.0099999904632568,1.0099999904632568,1.0099999904632568,0
2001-07-03,0.3926011621952057,0.9100000262260437,0.9399999976158142,0.8899999856948853,0.8999999761581421,828000
2001-07-04,0.4055439829826355,0.9399999976158142,0.9399999976158142,0.8999999761581421,0.8999999761581421,138000
2001-07-05,0.3926011621952057,0.9100000262260437,0.9300000071525574,0.9100000262260437,0.9300000071525574,166000
2001-07-06,0.3926011621952057,0.9100000262260437,0.9100000262260437,0.9100000262260437,0.9100000262260437,0
2001-07-09,0.38397249579429626,0.8899999856948853,0.9100000262260437,0.8899999856948853,0.8999999761581421,56000
2001-07-10,0.3926011621952057,0.9100000262260437,0.9200000166893005,0.9100000262260437,0.9200000166893005,66000
2001-07-11,0.38397249579429626,0.8899999856948853,0.8999999761581421,0.8899999856948853,0.8999999761581421,66000
2001-07-12,0.3796582520008087,0.8799999952316284,0.8799999952316284,0.8799999952316284,0.8799999952316284,34000
2001-07-13,0.3796582520008087,0.8799999952316284,0.8899999856948853,0.8799999952316284,0.8899999856948853,138000
2001-07-16,0.3796582520008087,0.8799999952316284,0.8999999761581421,0.8799999952316284,0.8799999952316284,0
2001-07-17,0.3796582520008087,0.8799999952316284,0.8799999952316284,0.8700000047683716,0.8700000047683716,90000
2001-07-18,0.36671534180641174,0.8500000238418579,0.8500000238418579,0.8399999737739563,0.8500000238418579,110000
2001-07-19,0.34945806860923767,0.8100000023841858,0.8100000023841858,0.8100000023841858,0.8100000023841858,10000
2001-07-20,0.3710296154022217,0.8600000143051147,0.8600000143051147,0.8600000143051147,0.8600000143051147,4000
2001-07-23,0.3537723422050476,0.8199999928474426,0.8299999833106995,0.8199999928474426,0.8299999833106995,210000
2001-07-24,0.35808664560317993,0.8299999833106995,0.8299999833106995,0.7799999713897705,0.7799999713897705,16000
2001-07-25,0.35808664560317993,0.8299999833106995,0.8299999833106995,0.8299999833106995,0.8299999833106995,0
2001-07-26,0.3624010384082794,0.8399999737739563,0.8399999737739563,0.8199999928474426,0.8399999737739563,26000
2001-07-27,0.40122976899147034,0.9300000071525574,0.9300000071525574,0.8399999737739563,0.8600000143051147,152000
2001-07-30,0.3624010384082794,0.8399999737739563,0.8399999737739563,0.8399999737739563,0.8399999737739563,44000
2001-07-31,0.36671534180641174,0.8500000238418579,0.8500000238418579,0.8500000238418579,0.8500000238418579,50000
2001-08-01,0.3710296154022217,0.8600000143051147,0.8600000143051147,0.8500000238418579,0.8500000238418579,30000
2001-08-02,0.3710296154022217,0.8600000143051147,0.8600000143051147,0.8600000143051147,0.8600000143051147,10000
2001-08-03,0.3796582520008087,0.8799999952316284,0.8799999952316284,0.8600000143051147,0.8600000143051147,40000
2001-08-06,0.3796582520008087,0.8799999952316284,0.9100000262260437,0.8799999952316284,0.9100000262260437,236000
2001-08-07,0.3710296154022217,0.8600000143051147,0.8799999952316284,0.8600000143051147,0.8700000047683716,82000
2001-08-08,0.36671534180641174,0.8500000238418579,0.8700000047683716,0.8500000238418579,0.8500000238418579,80000
2001-08-09,0.36671534180641174,0.8500000238418579,0.8500000238418579,0.8500000238418579,0.8500000238418579,60000
2001-08-10,0.3624010384082794,0.8399999737739563,0.8399999737739563,0.8399999737739563,0.8399999737739563,70000
2001-08-13,0.3624010384082794,0.8399999737739563,0.8500000238418579,0.8399999737739563,0.8500000238418579,148000
2001-08-14,0.3667673170566559,0.8399999737739563,0.8399999737739563,0.8399999737739563,0.8399999737739563,76000
2001-08-15,0.3667673170566559,0.8399999737739563,0.8600000143051147,0.8399999737739563,0.8399999737739563,0
2001-08-16,0.3667673170566559,0.8399999737739563,0.8799999952316284,0.8399999737739563,0.8399999737739563,0
2001-08-17,0.3711336553096771,0.8500000238418579,0.8700000047683716,0.8500000238418579,0.8500000238418579,0
2001-08-20,0.3711336553096771,0.8500000238418579,0.8500000238418579,0.8500000238418579,0.8500000238418579,46000
2001-08-21,0.3711336553096771,0.8500000238418579,0.8500000238418579,0.8500000238418579,0.8500000238418579,4000
2001-08-22,0.3842323422431946,0.8799999952316284,0.8799999952316284,0.8399999737739563,0.8500000238418579,138000
2001-08-23,0.3667673170566559,0.8399999737739563,0.8799999952316284,0.8399999737739563,0.8799999952316284,62000
2001-08-24,0.3667673170566559,0.8399999737739563,0.8600000143051147,0.8399999737739563,0.8399999737739563,0
2001-08-27,0.3667673170566559,0.8399999737739563,0.8700000047683716,0.8399999737739563,0.8399999737739563,0
2001-08-28,0.3754998743534088,0.8600000143051147,0.8600000143051147,0.8600000143051147,0.8600000143051147,20000
2001-08-29,0.3711336553096771,0.8500000238418579,0.8500000238418579,0.8500000238418579,0.8500000238418579,2000
2001-08-30,0.3711336553096771,0.8500000238418579,0.8500000238418579,0.8500000238418579,0.8500000238418579,50000
2001-08-31,0.3667673170566559,0.8399999737739563,0.8399999737739563,0.8399999737739563,0.8399999737739563,124000
2001-09-03,0.3667673170566559,0.8399999737739563,0.8399999737739563,0.8399999737739563,0.8399999737739563,298000
2001-09-04,0.3667673170566559,0.8399999737739563,0.8399999737739563,0.8399999737739563,0.8399999737739563,30000
2001-09-05,0.3667673170566559,0.8399999737739563,0.8399999737739563,0.8399999737739563,0.8399999737739563,122000
2001-09-06,0.3667673170566559,0.8399999737739563,0.8399999737739563,0.8399999737739563,0.8399999737739563,10000
2001-09-07,0.34493589401245117,0.7900000214576721,0.8100000023841858,0.7900000214576721,0.7900000214576721,0
2001-09-10,0.34493589401245117,0.7900000214576721,0.800000011920929,0.7900000214576721,0.7900000214576721,0
2001-09-11,0.3405696451663971,0.7799999713897705,0.7799999713897705,0.7799999713897705,0.7799999713897705,10000
2001-09-12,0.29254069924354553,0.6700000166893005,0.7200000286102295,0.6700000166893005,0.7200000286102295,14000
2001-09-13,0.29690685868263245,0.6800000071525574,0.6899999976158142,0.6700000166893005,0.6700000166893005,102000
2001-09-14,0.29690685868263245,0.6800000071525574,0.6800000071525574,0.6800000071525574,0.6800000071525574,20000
2001-09-17,0.2663429379463196,0.6100000143051147,0.6100000143051147,0.6000000238418579,0.6000000238418579,28000
2001-09-18,0.27070924639701843,0.6200000047683716,0.6200000047683716,0.5699999928474426,0.5699999928474426,42000
2001-09-19,0.28380805253982544,0.6499999761581421,0.6499999761581421,0.6200000047683716,0.6200000047683716,30000
2001-09-20,0.2619766294956207,0.6000000238418579,0.699999988079071,0.6000000238418579,0.6000000238418579,0
2001-09-21,0.2532440721988678,0.5799999833106995,0.6499999761581421,0.5799999833106995,0.5799999833106995,0
2001-09-24,0.2532440721988678,0.5799999833106995,0.5799999833106995,0.5799999833106995,0.5799999833106995,0
2001-09-25,0.3274708688259125,0.75,0.75,0.6499999761581421,0.6499999761581421,78000
2001-09-26,0.33620333671569824,0.7699999809265137,0.7699999809265137,0.7300000190734863,0.7300000190734863,120000
2001-09-27,0.3187383711338043,0.7300000190734863,0.7599999904632568,0.7300000190734863,0.7300000190734863,70000
2001-09-28,0.3187383711338043,0.7300000190734863,0.7300000190734863,0.7300000190734863,0.7300000190734863,0
2001-10-01,0.3187383711338043,0.7300000190734863,0.7300000190734863,0.7300000190734863,0.7300000190734863,0
2001-10-02,0.3187383711338043,0.7300000190734863,0.7300000190734863,0.7300000190734863,0.7300000190734863,0
2001-10-03,0.3274708688259125,0.75,0.7599999904632568,0.6899999976158142,0.6899999976158142,120000
2001-10-04,0.33620333671569824,0.7699999809265137,0.7699999809265137,0.7300000190734863,0.7300000190734863,224000
2001-10-05,0.3667673170566559,0.8399999737739563,0.8399999737739563,0.7699999809265137,0.7699999809265137,104000
2001-10-08,0.3493022322654724,0.800000011920929,0.800000011920929,0.800000011920929,0.800000011920929,8000
2001-10-09,0.34493589401245117,0.7900000214576721,0.7900000214576721,0.7900000214576721,0.7900000214576721,22000
2001-10-10,0.34493589401245117,0.7900000214576721,0.7900000214576721,0.7900000214576721,0.7900000214576721,10000
2001-10-11,0.3493022322654724,0.800000011920929,0.800000011920929,0.800000011920929,0.800000011920929,16000
2001-10-12,0.34493589401245117,0.7900000214576721,0.800000011920929,0.75,0.75,152000
2001-10-15,0.34493589401245117,0.7900000214576721,0.8500000238418579,0.7900000214576721,0.7900000214576721,0
2001-10-16,0.3493022322654724,0.800000011920929,0.800000011920929,0.800000011920929,0.800000011920929,52000
2001-10-17,0.3711336553096771,0.8500000238418579,0.8500000238418579,0.800000011920929,0.800000011920929,30000
2001-10-18,0.3711336553096771,0.8500000238418579,0.8500000238418579,0.8500000238418579,0.8500000238418579,40000
2001-10-19,0.3754998743534088,0.8600000143051147,0.8600000143051147,0.8399999737739563,0.8399999737739563,118000
2001-10-22,0.3536684215068817,0.8100000023841858,0.8100000023841858,0.8100000023841858,0.8100000023841858,2000
2001-10-23,0.3754998743534088,0.8600000143051147,0.8600000143051147,0.8399999737739563,0.8399999737739563,96000
2001-10-24,0.3929648697376251,0.8999999761581421,0.8999999761581421,0.8799999952316284,0.8799999952316284,274000
2001-10-25,0.3929648697376251,0.8999999761581421,0.8999999761581421,0.8999999761581421,0.8999999761581421,0
2001-10-26,0.3842323422431946,0.8799999952316284,0.8899999856948853,0.8799999952316284,0.8799999952316284,0
2001-10-29,0.4016975164413452,0.9200000166893005,0.949999988079071,0.8700000047683716,0.8700000047683716,472000
2001-10-30,0.3754998743534088,0.8600000143051147,0.8999999761581421,0.8600000143051147,0.8600000143051147,0
2001-10-31,0.3929648697376251,0.8999999761581421,0.8999999761581421,0.8999999761581421,0.8999999761581421,20000
2001-11-01,0.3842323422431946,0.8799999952316284,0.8999999761581421,0.8799999952316284,0.8999999761581421,116000
2001-11-02,0.3842323422431946,0.8799999952316284,0.8799999952316284,0.8799999952316284,0.8799999952316284,14000
2001-11-05,0.4060637652873993,0.9300000071525574,0.9399999976158142,0.8999999761581421,0.8999999761581421,610000
2001-11-06,0.3842323422431946,0.8799999952316284,0.8799999952316284,0.8799999952316284,0.8799999952316284,60000
2001-11-07,0.3711336553096771,0.8500000238418579,0.8899999856948853,0.8500000238418579,0.8899999856948853,136000
2001-11-08,0.3754998743534088,0.8600000143051147,0.8999999761581421,0.8600000143051147,0.8600000143051147,0
2001-11-09,0.3754998743534088,0.8600000143051147,0.8600000143051147,0.8600000143051147,0.8600000143051147,0
2001-11-12,0.3842323422431946,0.8799999952316284,0.8799999952316284,0.8799999952316284,0.8799999952316284,92000
2001-11-13,0.3929648697376251,0.8999999761581421,0.9200000166893005,0.8799999952316284,0.8799999952316284,176000
2001-11-14,0.4060637652873993,0.9300000071525574,0.9399999976158142,0.9300000071525574,0.9399999976158142,50000
2001-11-15,0.4060637652873993,0.9300000071525574,0.949999988079071,0.9300000071525574,0.949999988079071,30000
2001-11-16,0.4060637652873993,0.9300000071525574,0.9399999976158142,0.8799999952316284,0.9399999976158142,302000
2001-11-19,0.4191626310348511,0.9599999785423279,1.0,0.8899999856948853,0.9800000190734863,352000
2001-11-20,0.38859859108924866,0.8899999856948853,1.0,0.8899999856948853,0.9800000190734863,184000
2001-11-21,0.3929648697376251,0.8999999761581421,0.9300000071525574,0.8999999761581421,0.8999999761581421,0
2001-11-22,0.3842323422431946,0.8799999952316284,0.8999999761581421,0.8799999952316284,0.8999999761581421,50000
2001-11-23,0.4016975164413452,0.9200000166893005,0.9800000190734863,0.8799999952316284,0.9800000190734863,344000
2001-11-26,0.4060637652873993,0.9300000071525574,0.9300000071525574,0.8799999952316284,0.8899999856948853,140000
2001-11-27,0.38859859108924866,0.8899999856948853,1.0,0.8899999856948853,0.9800000190734863,94000
2001-11-28,0.3842323422431946,0.8799999952316284,0.8799999952316284,0.8799999952316284,0.8799999952316284,128000
2001-11-29,0.4016975164413452,0.9200000166893005,0.9200000166893005,0.8799999952316284,0.8799999952316284,68000
2001-11-30,0.3929648697376251,0.8999999761581421,0.8999999761581421,0.8999999761581421,0.8999999761581421,10000
2001-12-03,0.3842323422431946,0.8799999952316284,0.8999999761581421,0.8799999952316284,0.8999999761581421,18000
2001-12-04,0.4147964119911194,0.949999988079071,0.949999988079071,0.9300000071525574,0.9300000071525574,46000
2001-12-05,0.41043001413345337,0.9399999976158142,0.9399999976158142,0.9399999976158142,0.9399999976158142,50000
2001-12-06,0.4016975164413452,0.9200000166893005,0.9200000166893005,0.8999999761581421,0.8999999761581421,70000
2001-12-07,0.3929648697376251,0.8999999761581421,0.8999999761581421,0.8999999761581421,0.8999999761581421,60000
2001-12-10,0.3842323422431946,0.8799999952316284,0.8999999761581421,0.8799999952316284,0.8999999761581421,110000
2001-12-11,0.3842323422431946,0.8799999952316284,0.8999999761581421,0.8799999952316284,0.8799999952316284,0
2001-12-12,0.38859859108924866,0.8899999856948853,0.9200000166893005,0.8899999856948853,0.8899999856948853,0
2001-12-13,0.3842323422431946,0.8799999952316284,0.8899999856948853,0.8799999952316284,0.8899999856948853,418000
2001-12-14,0.3842323422431946,0.8799999952316284,0.8799999952316284,0.8799999952316284,0.8799999952316284,12000
2001-12-17,0.3842323422431946,0.8799999952316284,0.8799999952316284,0.8799999952316284,0.8799999952316284,4000
2001-12-18,0.3842323422431946,0.8799999952316284,0.8899999856948853,0.8799999952316284,0.8799999952316284,380000
2001-12-19,0.3798660635948181,0.8700000047683716,0.8799999952316284,0.8700000047683716,0.8799999952316284,736000
2001-12-20,0.3842323422431946,0.8799999952316284,0.8799999952316284,0.8799999952316284,0.8799999952316284,102000
2001-12-21,0.3842323422431946,0.8799999952316284,0.8899999856948853,0.8799999952316284,0.8799999952316284,296000
2001-12-24,0.38859859108924866,0.8899999856948853,0.949999988079071,0.8899999856948853,0.8899999856948853,0
2001-12-25,0.38859859108924866,0.8899999856948853,0.8899999856948853,0.8899999856948853,0.8899999856948853,0
2001-12-26,0.38859859108924866,0.8899999856948853,0.8899999856948853,0.8899999856948853,0.8899999856948853,0
2001-12-27,0.3842323422431946,0.8799999952316284,0.8899999856948853,0.8799999952316284,0.8899999856948853,96000
2001-12-28,0.38859859108924866,0.8899999856948853,0.8899999856948853,0.8799999952316284,0.8799999952316284,108000
2001-12-31,0.3842323422431946,0.8799999952316284,0.8899999856948853,0.8799999952316284,0.8799999952316284,50000
2002-01-01,0.3842323422431946,0.8799999952316284,0.8799999952316284,0.8799999952316284,0.8799999952316284,0
2002-01-02,0.3842323422431946,0.8799999952316284,0.8799999952316284,0.8799999952316284,0.8799999952316284,20000
2002-01-03,0.3842323422431946,0.8799999952316284,0.8799999952316284,0.8799999952316284,0.8799999952316284,0
2002-01-04,0.3929648697376251,0.8999999761581421,0.8999999761581421,0.8899999856948853,0.8999999761581421,50000
2002-01-07,0.3929648697376251,0.8999999761581421,0.8999999761581421,0.8999999761581421,0.8999999761581421,62000
2002-01-08,0.3842323422431946,0.8799999952316284,0.8799999952316284,0.8799999952316284,0.8799999952316284,30000
2002-01-09,0.3842323422431946,0.8799999952316284,0.8799999952316284,0.8799999952316284,0.8799999952316284,178000
2002-01-10,0.3842323422431946,0.8799999952316284,0.8799999952316284,0.8799999952316284,0.8799999952316284,50000
2002-01-11,0.38859859108924866,0.8899999856948853,0.8899999856948853,0.8899999856948853,0.8899999856948853,46000
2002-01-14,0.3864031136035919,0.8799999952316284,0.8899999856948853,0.8799999952316284,0.8899999856948853,110000
2002-01-15,0.3864031136035919,0.8799999952316284,0.8899999856948853,0.8799999952316284,0.8799999952316284,0
2002-01-16,0.3864031136035919,0.8799999952316284,0.8799999952316284,0.8799999952316284,0.8799999952316284,80000
2002-01-17,0.3864031136035919,0.8799999952316284,0.8899999856948853,0.8799999952316284,0.8799999952316284,136000
2002-01-18,0.3864031136035919,0.8799999952316284,0.8799999952316284,0.8799999952316284,0.8799999952316284,0
2002-01-21,0.3864031136035919,0.8799999952316284,0.8799999952316284,0.8799999952316284,0.8799999952316284,100000
2002-01-22,0.3864031136035919,0.8799999952316284,0.8799999952316284,0.8799999952316284,0.8799999952316284,476000
2002-01-23,0.3864031136035919,0.8799999952316284,0.8799999952316284,0.8799999952316284,0.8799999952316284,1510000
2002-01-24,0.3864031136035919,0.8799999952316284,0.8799999952316284,0.8799999952316284,0.8799999952316284,706000
2002-01-25,0.3864031136035919,0.8799999952316284,0.8799999952316284,0.8799999952316284,0.8799999952316284,92000
2002-01-28,0.3864031136035919,0.8799999952316284,0.8799999952316284,0.8799999952316284,0.8799999952316284,94000
2002-01-29,0.39518505334854126,0.8999999761581421,0.8999999761581421,0.8799999952316284,0.8799999952316284,150000
2002-01-30,0.3864031136035919,0.8799999952316284,0.8799999952316284,0.8799999952316284,0.8799999952316284,200400
2002-01-31,0.3864031136035919,0.8799999952316284,0.8799999952316284,0.8799999952316284,0.8799999952316284,0
2002-02-01,0.3864031136035919,0.8799999952316284,0.8799999952316284,0.8799999952316284,0.8799999952316284,124000
2002-02-04,0.3864031136035919,0.8799999952316284,0.8799999952316284,0.8799999952316284,0.8799999952316284,382000
2002-02-05,0.3864031136035919,0.8799999952316284,0.8799999952316284,0.8799999952316284,0.8799999952316284,300000
2002-02-06,0.3864031136035919,0.8799999952316284,0.8799999952316284,0.8799999952316284,0.8799999952316284,38000
2002-02-07,0.39518505334854126,0.8999999761581421,0.8999999761581421,0.8799999952316284,0.8799999952316284,120000
2002-02-08,0.4215307831764221,0.9599999785423279,0.9599999785423279,0.8799999952316284,0.8799999952316284,144000
2002-02-11,0.3864031136035919,0.8799999952316284,0.9399999976158142,0.8799999952316284,0.8799999952316284,0
2002-02-12,0.3864031136035919,0.8799999952316284,0.8799999952316284,0.8799999952316284,0.8799999952316284,0
2002-02-13,0.3864031136035919,0.8799999952316284,0.8799999952316284,0.8799999952316284,0.8799999952316284,0
2002-02-14,0.3864031136035919,0.8799999952316284,0.8799999952316284,0.8799999952316284,0.8799999952316284,0
2002-02-15,0.41713985800743103,0.949999988079071,0.949999988079071,0.9300000071525574,0.9300000071525574,56000
2002-02-18,0.41274887323379517,0.9399999976158142,0.9399999976158142,0.8799999952316284,0.8799999952316284,68000
2002-02-19,0.40835800766944885,0.9300000071525574,0.9300000071525574,0.9300000071525574,0.9300000071525574,40000
2002-02-20,0.3864031136035919,0.8799999952316284,0.9100000262260437,0.8799999952316284,0.8799999952316284,0
2002-02-21,0.3864031136035919,0.8799999952316284,0.8799999952316284,0.8799999952316284,0.8799999952316284,20000
2002-02-22,0.3864031136035919,0.8799999952316284,0.8799999952316284,0.8799999952316284,0.8799999952316284,30000
2002-02-25,0.3864031136035919,0.8799999952316284,0.8899999856948853,0.8799999952316284,0.8899999856948853,140000
2002-02-26,0.3864031136035919,0.8799999952316284,0.8799999952316284,0.8799999952316284,0.8799999952316284,80000
2002-02-27,0.3864031136035919,0.8799999952316284,0.8799999952316284,0.8799999952316284,0.8799999952316284,30000
2002-02-28,0.3864031136035919,0.8799999952316284,0.8799999952316284,0.8799999952316284,0.8799999952316284,178000
2002-03-01,0.3864031136035919,0.8799999952316284,0.8799999952316284,0.8799999952316284,0.8799999952316284,96000
2002-03-04,0.3864031136035919,0.8799999952316284,0.8799999952316284,0.8799999952316284,0.8799999952316284,10000
2002-03-05,0.3864031136035919,0.8799999952316284,0.8799999952316284,0.8799999952316284,0.8799999952316284,16000
2002-03-06,0.3864031136035919,0.8799999952316284,0.9200000166893005,0.8799999952316284,0.8799999952316284,0
2002-03-07,0.3864031136035919,0.8799999952316284,0.8799999952316284,0.8799999952316284,0.8799999952316284,26000
2002-03-08,0.3864031136035919,0.8799999952316284,0.8799999952316284,0.8799999952316284,0.8799999952316284,130000
2002-03-11,0.3864031136035919,0.8799999952316284,0.8899999856948853,0.8799999952316284,0.8799999952316284,114000
2002-03-12,0.40835800766944885,0.9300000071525574,0.9300000071525574,0.8799999952316284,0.8799999952316284,64000
2002-03-13,0.3864031136035919,0.8799999952316284,0.8899999856948853,0.8799999952316284,0.8899999856948853,430000
2002-03-14,0.39079421758651733,0.8899999856948853,0.8899999856948853,0.8899999856948853,0.8899999856948853,2000
2002-03-15,0.39079421758651733,0.8899999856948853,0.8899999856948853,0.8899999856948853,0.8899999856948853,20000
2002-03-18,0.39518505334854126,0.8999999761581421,0.8999999761581421,0.8899999856948853,0.8899999856948853,74000
2002-03-19,0.3864031136035919,0.8799999952316284,0.8899999856948853,0.8799999952316284,0.8899999856948853,70000
2002-03-20,0.39518505334854126,0.8999999761581421,0.8999999761581421,0.8799999952316284,0.8799999952316284,100000
2002-03-21,0.3864031136035919,0.8799999952316284,0.8899999856948853,0.8799999952316284,0.8799999952316284,186000
2002-03-22,0.3864031136035919,0.8799999952316284,0.8799999952316284,0.8799999952316284,0.8799999952316284,152000
2002-03-25,0.39518505334854126,0.8999999761581421,0.8999999761581421,0.8899999856948853,0.8999999761581421,170000
2002-03-26,0.41274887323379517,0.9399999976158142,0.9399999976158142,0.8999999761581421,0.8999999761581421,66000
2002-03-27,0.4522673785686493,1.0299999713897705,1.0299999713897705,0.9200000166893005,0.949999988079071,1344000
2002-03-28,0.478613018989563,1.090000033378601,1.100000023841858,1.0099999904632568,1.0099999904632568,1460000
2002-03-29,0.478613018989563,1.090000033378601,1.090000033378601,1.090000033378601,1.090000033378601,0
2002-04-01,0.478613018989563,1.090000033378601,1.090000033378601,1.090000033378601,1.090000033378601,0
2002-04-02,0.562041163444519,1.2799999713897705,1.2999999523162842,1.100000023841858,1.100000023841858,5142000
2002-04-03,0.5313044786453247,1.2100000381469727,1.2999999523162842,1.1699999570846558,1.2899999618530273,2382000
2002-04-04,0.5049587488174438,1.149999976158142,1.2100000381469727,1.1100000143051147,1.2100000381469727,2198000
2002-04-05,0.5049587488174438,1.149999976158142,1.149999976158142,1.149999976158142,1.149999976158142,0
2002-04-08,0.49617689847946167,1.1299999952316284,1.1799999475479126,1.1299999952316284,1.1399999856948853,506000
2002-04-09,0.47422218322753906,1.0800000429153442,1.1200000047683716,1.0499999523162842,1.100000023841858,1496000
2002-04-10,0.4610491693019867,1.0499999523162842,1.0800000429153442,1.0499999523162842,1.0800000429153442,358000
2002-04-11,0.4917859733104706,1.1200000047683716,1.1200000047683716,1.0800000429153442,1.0800000429153442,790000
2002-04-12,0.5049587488174438,1.149999976158142,1.149999976158142,1.090000033378601,1.149999976158142,1688000
2002-04-15,0.5049587488174438,1.149999976158142,1.1799999475479126,1.149999976158142,1.159999966621399,550000
2002-04-16,0.5049587488174438,1.149999976158142,1.149999976158142,1.1299999952316284,1.1399999856948853,176000
2002-04-17,0.5049587488174438,1.149999976158142,1.159999966621399,1.1399999856948853,1.149999976158142,238000
2002-04-18,0.5005677938461304,1.1399999856948853,1.1799999475479126,1.1399999856948853,1.1799999475479126,262000
2002-04-19,0.5049587488174438,1.149999976158142,1.159999966621399,1.149999976158142,1.159999966621399,252000
2002-04-22,0.5049587488174438,1.149999976158142,1.149999976158142,1.149999976158142,1.149999976158142,94000
2002-04-23,0.48300403356552124,1.100000023841858,1.1299999952316284,1.100000023841858,1.1299999952316284,400000
2002-04-24,0.47422218322753906,1.0800000429153442,1.159999966621399,1.0800000429153442,1.159999966621399,70000
2002-04-25,0.48300403356552124,1.100000023841858,1.100000023841858,1.090000033378601,1.100000023841858,260000
2002-04-26,0.478613018989563,1.090000033378601,1.090000033378601,1.0399999618530273,1.0399999618530273,140000
2002-04-29,0.4610491693019867,1.0499999523162842,1.090000033378601,1.0499999523162842,1.0499999523162842,100000
2002-04-30,0.4698311984539032,1.0700000524520874,1.090000033378601,1.0700000524520874,1.0700000524520874,316000
2002-05-01,0.4698311984539032,1.0700000524520874,1.0700000524520874,1.0700000524520874,1.0700000524520874,0
2002-05-02,0.4698311984539032,1.0700000524520874,1.100000023841858,1.0700000524520874,1.0700000524520874,84000
2002-05-03,0.5005677938461304,1.1399999856948853,1.1399999856948853,1.0700000524520874,1.100000023841858,516000
2002-05-06,0.518131673336029,1.1799999475479126,1.1799999475479126,1.1399999856948853,1.1399999856948853,684000
2002-05-07,0.553259015083313,1.2599999904632568,1.2599999904632568,1.1799999475479126,1.1799999475479126,1392000
2002-05-08,0.553259015083313,1.2599999904632568,1.3200000524520874,1.25,1.2999999523162842,1430000
2002-05-09,0.5400863885879517,1.2300000190734863,1.25,1.2000000476837158,1.25,582000
2002-05-10,0.518131673336029,1.1799999475479126,1.2000000476837158,1.1799999475479126,1.2000000476837158,290000
2002-05-13,0.5093497037887573,1.159999966621399,1.1699999570846558,1.159999966621399,1.159999966621399,116000
2002-05-14,0.5137405395507812,1.1699999570846558,1.1699999570846558,1.1699999570846558,1.1699999570846558,46000
2002-05-15,0.5005677938461304,1.1399999856948853,1.149999976158142,1.100000023841858,1.100000023841858,554000
2002-05-16,0.4917859733104706,1.1200000047683716,1.1200000047683716,1.1200000047683716,1.1200000047683716,6000
2002-05-17,0.518131673336029,1.1799999475479126,1.1799999475479126,1.100000023841858,1.1200000047683716,214000
2002-05-20,0.518131673336029,1.1799999475479126,1.1799999475479126,1.1799999475479126,1.1799999475479126,0
2002-05-21,0.4917859733104706,1.1200000047683716,1.1200000047683716,1.1100000143051147,1.1200000047683716,200000
2002-05-22,0.48739492893218994,1.1100000143051147,1.149999976158142,1.100000023841858,1.100000023841858,176000
2002-05-23,0.4917859733104706,1.1200000047683716,1.1299999952316284,1.100000023841858,1.1299999952316284,280000
2002-05-24,0.4917859733104706,1.1200000047683716,1.1200000047683716,1.0800000429153442,1.0800000429153442,196000
2002-05-27,0.4917859733104706,1.1200000047683716,1.1200000047683716,1.1200000047683716,1.1200000047683716,40000
2002-05-28,0.48300403356552124,1.100000023841858,1.1200000047683716,1.100000023841858,1.1200000047683716,116000
2002-05-29,0.5093497037887573,1.159999966621399,1.159999966621399,1.0800000429153442,1.090000033378601,96000
2002-05-30,0.478613018989563,1.090000033378601,1.100000023841858,1.090000033378601,1.100000023841858,164000
2002-05-31,0.47422218322753906,1.0800000429153442,1.0800000429153442,1.0800000429153442,1.0800000429153442,6000
2002-06-03,0.4610491693019867,1.0499999523162842,1.0499999523162842,1.0499999523162842,1.0499999523162842,50000
2002-06-04,0.46544018387794495,1.059999942779541,1.1100000143051147,1.059999942779541,1.059999942779541,0
2002-06-05,0.47422218322753906,1.0800000429153442,1.0800000429153442,1.0800000429153442,1.0800000429153442,50000
2002-06-06,0.46544018387794495,1.059999942779541,1.0700000524520874,1.059999942779541,1.059999942779541,36000
2002-06-07,0.4610491693019867,1.0499999523162842,1.100000023841858,1.0499999523162842,1.100000023841858,40000
2002-06-10,0.46544018387794495,1.059999942779541,1.059999942779541,1.059999942779541,1.059999942779541,30000
2002-06-11,0.4610491693019867,1.0499999523162842,1.0499999523162842,1.0399999618530273,1.0499999523162842,90000
2002-06-12,0.4478763937950134,1.0199999809265137,1.0399999618530273,1.0199999809265137,1.0199999809265137,0
2002-06-13,0.4522673785686493,1.0299999713897705,1.0299999713897705,1.0299999713897705,1.0299999713897705,74000
2002-06-14,0.4390946328639984,1.0,1.0399999618530273,1.0,1.0,0
2002-06-17,0.4390946328639984,1.0,1.0,1.0,1.0,140000
2002-06-18,0.43031272292137146,0.9800000190734863,0.9800000190734863,0.8999999761581421,0.8999999761581421,62000
2002-06-19,0.41713985800743103,0.949999988079071,1.0,0.949999988079071,0.949999988079071,0
2002-06-20,0.41713985800743103,0.949999988079071,1.0,0.949999988079071,0.949999988079071,0
2002-06-21,0.43031272292137146,0.9800000190734863,0.9800000190734863,0.9800000190734863,0.9800000190734863,10000
2002-06-24,0.403967022895813,0.9200000166893005,0.949999988079071,0.9200000166893005,0.949999988079071,20000
2002-06-25,0.403967022895813,0.9200000166893005,1.0,0.9200000166893005,0.9200000166893005,0
2002-06-26,0.425921767950058,0.9700000286102295,0.9700000286102295,0.9100000262260437,0.9100000262260437,32000
2002-06-27,0.43470361828804016,0.9900000095367432,1.0,0.9900000095367432,0.9900000095367432,0
2002-06-28,0.43031272292137146,0.9800000190734863,0.9800000190734863,0.8999999761581421,0.8999999761581421,86000
2002-07-01,0.43031272292137146,0.9800000190734863,0.9800000190734863,0.9800000190734863,0.9800000190734863,0
2002-07-02,0.3995761275291443,0.9100000262260437,1.0,0.9100000262260437,0.9100000262260437,0
2002-07-03,0.40835800766944885,0.9300000071525574,0.9800000190734863,0.9300000071525574,0.9300000071525574,0
2002-07-04,0.403967022895813,0.9200000166893005,0.9700000286102295,0.9200000166893005,0.9200000166893005,0
2002-07-05,0.43031272292137146,0.9800000190734863,0.9800000190734863,0.9399999976158142,0.9399999976158142,26000
2002-07-08,0.403967022895813,0.9200000166893005,0.9900000095367432,0.9200000166893005,0.9200000166893005,0
2002-07-09,0.403967022895813,0.9200000166893005,0.9900000095367432,0.9200000166893005,0.9200000166893005,0
2002-07-10,0.3995761275291443,0.9100000262260437,0.9100000262260437,0.9100000262260437,0.9100000262260437,4000
2002-07-11,0.3995761275291443,0.9100000262260437,0.949999988079071,0.9100000262260437,0.949999988079071,14000
2002-07-12,0.40835800766944885,0.9300000071525574,0.9700000286102295,0.9300000071525574,0.9300000071525574,14000
2002-07-15,0.403967022895813,0.9200000166893005,0.9800000190734863,0.9200000166893005,0.9200000166893005,0
2002-07-16,0.40835800766944885,0.9300000071525574,0.9300000071525574,0.8999999761581421,0.8999999761581421,40000
2002-07-17,0.39518505334854126,0.8999999761581421,0.8999999761581421,0.8999999761581421,0.8999999761581421,28000
2002-07-18,0.39518505334854126,0.8999999761581421,0.8999999761581421,0.8999999761581421,0.8999999761581421,6000
2002-07-19,0.3864031136035919,0.8799999952316284,0.8999999761581421,0.8799999952316284,0.8799999952316284,150000
2002-07-22,0.3864031136035919,0.8799999952316284,0.8799999952316284,0.8799999952316284,0.8799999952316284,160000
2002-07-23,0.39518505334854126,0.8999999761581421,0.8999999761581421,0.8799999952316284,0.8799999952316284,60000
2002-07-24,0.3864031136035919,0.8799999952316284,0.8799999952316284,0.8799999952316284,0.8799999952316284,112000
2002-07-25,0.3864031136035919,0.8799999952316284,0.8899999856948853,0.8799999952316284,0.8899999856948853,82000
2002-07-26,0.3600575923919678,0.8199999928474426,0.8799999952316284,0.8199999928474426,0.8799999952316284,568000
2002-07-29,0.3864031136035919,0.8799999952316284,0.8799999952316284,0.8799999952316284,0.8799999952316284,178000
2002-07-30,0.3864031136035919,0.8799999952316284,0.8799999952316284,0.8799999952316284,0.8799999952316284,136000
2002-07-31,0.3864031136035919,0.8799999952316284,0.8799999952316284,0.8799999952316284,0.8799999952316284,126000
2002-08-01,0.3864031136035919,0.8799999952316284,0.8799999952316284,0.8799999952316284,0.8799999952316284,108000
2002-08-02,0.3600575923919678,0.8199999928474426,0.8799999952316284,0.8199999928474426,0.8199999928474426,0
2002-08-05,0.3600575923919678,0.8199999928474426,0.8199999928474426,0.8199999928474426,0.8199999928474426,0
2002-08-06,0.35127556324005127,0.800000011920929,0.8799999952316284,0.800000011920929,0.800000011920929,0
2002-08-07,0.35127556324005127,0.800000011920929,0.800000011920929,0.800000011920929,0.800000011920929,0
2002-08-08,0.3688393831253052,0.8399999737739563,0.8399999737739563,0.800000011920929,0.800000011920929,12000
2002-08-09,0.34688472747802734,0.7900000214576721,0.8399999737739563,0.7799999713897705,0.7799999713897705,62000
2002-08-12,0.34249380230903625,0.7799999713897705,0.7799999713897705,0.7799999713897705,0.7799999713897705,10000
2002-08-13,0.34249380230903625,0.7799999713897705,0.7799999713897705,0.7599999904632568,0.7599999904632568,46000
2002-08-14,0.35127556324005127,0.800000011920929,0.800000011920929,0.7400000095367432,0.7799999713897705,98000
2002-08-15,0.35127556324005127,0.800000011920929,0.800000011920929,0.800000011920929,0.800000011920929,12000
2002-08-16,0.36478620767593384,0.8100000023841858,0.8500000238418579,0.8100000023841858,0.8100000023841858,0
2002-08-19,0.3963109850883484,0.8799999952316284,0.8799999952316284,0.75,0.75,94000
2002-08-20,0.3963109850883484,0.8799999952316284,0.8799999952316284,0.8799999952316284,0.8799999952316284,0
2002-08-21,0.3602827191352844,0.800000011920929,0.9200000166893005,0.800000011920929,0.800000011920929,0
2002-08-22,0.4053179919719696,0.8999999761581421,0.8999999761581421,0.8999999761581421,0.8999999761581421,0
2002-08-23,0.4053179919719696,0.8999999761581421,0.8999999761581421,0.8999999761581421,0.8999999761581421,0
2002-08-26,0.4053179919719696,0.8999999761581421,0.8999999761581421,0.8999999761581421,0.8999999761581421,0
2002-08-27,0.4053179919719696,0.8999999761581421,0.8999999761581421,0.8999999761581421,0.8999999761581421,0
2002-08-28,0.4053179919719696,0.8999999761581421,0.8999999761581421,0.8999999761581421,0.8999999761581421,0
2002-08-29,0.4053179919719696,0.8999999761581421,0.8999999761581421,0.8999999761581421,0.8999999761581421,0
2002-08-30,0.4053179919719696,0.8999999761581421,0.8999999761581421,0.8999999761581421,0.8999999761581421,0
2002-09-02,0.3963109850883484,0.8799999952316284,0.8799999952316284,0.8700000047683716,0.8700000047683716,292000
2002-09-03,0.3918074369430542,0.8700000047683716,0.8799999952316284,0.8700000047683716,0.8700000047683716,128000
2002-09-04,0.3918074369430542,0.8700000047683716,0.8700000047683716,0.8700000047683716,0.8700000047683716,184000
2002-09-05,0.3963109850883484,0.8799999952316284,0.8799999952316284,0.8799999952316284,0.8799999952316284,50000
2002-09-06,0.3918074369430542,0.8700000047683716,0.8700000047683716,0.8700000047683716,0.8700000047683716,154000
2002-09-09,0.3918074369430542,0.8700000047683716,0.8700000047683716,0.8700000047683716,0.8700000047683716,30000
2002-09-10,0.3918074369430542,0.8700000047683716,0.8799999952316284,0.8700000047683716,0.8799999952316284,70000
2002-09-11,0.3918074369430542,0.8700000047683716,0.8999999761581421,0.8700000047683716,0.8700000047683716,0
2002-09-12,0.3918074369430542,0.8700000047683716,0.8700000047683716,0.8700000047683716,0.8700000047683716,10000
2002-09-13,0.3918074369430542,0.8700000047683716,0.8700000047683716,0.8700000047683716,0.8700000047683716,160000
2002-09-16,0.3918074369430542,0.8700000047683716,0.8700000047683716,0.8700000047683716,0.8700000047683716,332000
2002-09-17,0.3918074369430542,0.8700000047683716,0.8700000047683716,0.8700000047683716,0.8700000047683716,70000
2002-09-18,0.3918074369430542,0.8700000047683716,0.8700000047683716,0.8700000047683716,0.8700000047683716,82000
2002-09-19,0.3918074369430542,0.8700000047683716,0.8999999761581421,0.8700000047683716,0.8700000047683716,0
2002-09-20,0.3918074369430542,0.8700000047683716,0.8700000047683716,0.8700000047683716,0.8700000047683716,92000
2002-09-23,0.3918074369430542,0.8700000047683716,0.8700000047683716,0.8700000047683716,0.8700000047683716,22000
2002-09-24,0.3918074369430542,0.8700000047683716,0.8700000047683716,0.8700000047683716,0.8700000047683716,16000
2002-09-25,0.3918074369430542,0.8700000047683716,0.8799999952316284,0.8700000047683716,0.8799999952316284,264000
2002-09-26,0.4008145034313202,0.8899999856948853,0.8899999856948853,0.8799999952316284,0.8799999952316284,172000
2002-09-27,0.3918074369430542,0.8700000047683716,0.8700000047683716,0.8700000047683716,0.8700000047683716,200000
2002-09-30,0.3918074369430542,0.8700000047683716,0.8700000047683716,0.8700000047683716,0.8700000047683716,60000
2002-10-01,0.3918074369430542,0.8700000047683716,0.8700000047683716,0.8700000047683716,0.8700000047683716,0
2002-10-02,0.3918074369430542,0.8700000047683716,0.8700000047683716,0.8700000047683716,0.8700000047683716,70000
2002-10-03,0.3918074369430542,0.8700000047683716,0.8700000047683716,0.8700000047683716,0.8700000047683716,114000
2002-10-04,0.3918074369430542,0.8700000047683716,0.8799999952316284,0.8700000047683716,0.8700000047683716,230000
2002-10-07,0.3918074369430542,0.8700000047683716,0.8700000047683716,0.8700000047683716,0.8700000047683716,454000
2002-10-08,0.3918074369430542,0.8700000047683716,0.8700000047683716,0.8700000047683716,0.8700000047683716,200000
2002-10-09,0.3918074369430542,0.8700000047683716,0.8700000047683716,0.8700000047683716,0.8700000047683716,110000
2002-10-10,0.3918074369430542,0.8700000047683716,0.8700000047683716,0.8600000143051147,0.8700000047683716,298000
2002-10-11,0.3918074369430542,0.8700000047683716,0.8700000047683716,0.8700000047683716,0.8700000047683716,350000
2002-10-14,0.3918074369430542,0.8700000047683716,0.8700000047683716,0.8700000047683716,0.8700000047683716,0
2002-10-15,0.3918074369430542,0.8700000047683716,0.8700000047683716,0.8700000047683716,0.8700000047683716,60000
2002-10-16,0.3918074369430542,0.8700000047683716,0.8700000047683716,0.8700000047683716,0.8700000047683716,14000
2002-10-17,0.3918074369430542,0.8700000047683716,0.8700000047683716,0.8700000047683716,0.8700000047683716,30000
2002-10-18,0.3918074369430542,0.8700000047683716,0.8700000047683716,0.8700000047683716,0.8700000047683716,160000
2002-10-21,0.3963109850883484,0.8799999952316284,0.8799999952316284,0.8700000047683716,0.8700000047683716,70000
2002-10-22,0.3918074369430542,0.8700000047683716,0.8700000047683716,0.8700000047683716,0.8700000047683716,60000
2002-10-23,0.3918074369430542,0.8700000047683716,0.8700000047683716,0.8700000047683716,0.8700000047683716,60000
2002-10-24,0.36478620767593384,0.8100000023841858,0.8700000047683716,0.8100000023841858,0.8100000023841858,0
2002-10-25,0.3692897856235504,0.8199999928474426,0.8999999761581421,0.8199999928474426,0.8199999928474426,0
2002-10-28,0.3918074369430542,0.8700000047683716,0.8700000047683716,0.8700000047683716,0.8700000047683716,10000
2002-10-29,0.355779230594635,0.7900000214576721,0.8700000047683716,0.7900000214576721,0.7900000214576721,0
2002-10-30,0.3602827191352844,0.800000011920929,0.8600000143051147,0.800000011920929,0.800000011920929,0
2002-10-31,0.3602827191352844,0.800000011920929,0.8600000143051147,0.800000011920929,0.800000011920929,0
2002-11-01,0.3602827191352844,0.800000011920929,0.800000011920929,0.800000011920929,0.800000011920929,20000
2002-11-04,0.3692897856235504,0.8199999928474426,0.8199999928474426,0.8199999928474426,0.8199999928474426,6000
2002-11-05,0.355779230594635,0.7900000214576721,0.7900000214576721,0.7300000190734863,0.7900000214576721,34000
2002-11-06,0.35127559304237366,0.7799999713897705,0.7799999713897705,0.7300000190734863,0.7300000190734863,60000
2002-11-07,0.34226858615875244,0.7599999904632568,0.7599999904632568,0.7599999904632568,0.7599999904632568,26000
2002-11-08,0.33326151967048645,0.7400000095367432,0.7400000095367432,0.7400000095367432,0.7400000095367432,140000
2002-11-11,0.33326151967048645,0.7400000095367432,0.7400000095367432,0.7400000095367432,0.7400000095367432,0
2002-11-12,0.30624035000801086,0.6800000071525574,0.6800000071525574,0.6600000262260437,0.6600000262260437,32000
2002-11-13,0.30624035000801086,0.6800000071525574,0.75,0.6800000071525574,0.6800000071525574,0
2002-11-14,0.3242545425891876,0.7200000286102295,0.7200000286102295,0.7200000286102295,0.7200000286102295,22000
2002-11-15,0.33776506781578064,0.75,0.800000011920929,0.75,0.75,0
2002-11-18,0.34226858615875244,0.7599999904632568,0.7599999904632568,0.7599999904632568,0.7599999904632568,50000
2002-11-19,0.33776506781578064,0.75,0.75,0.75,0.75,14000
2002-11-20,0.3692897856235504,0.8199999928474426,0.8199999928474426,0.7799999713897705,0.7799999713897705,124000
2002-11-21,0.3602827191352844,0.800000011920929,0.800000011920929,0.800000011920929,0.800000011920929,36000
2002-11-22,0.355779230594635,0.7900000214576721,0.800000011920929,0.7900000214576721,0.800000011920929,108000
2002-11-25,0.355779230594635,0.7900000214576721,0.7900000214576721,0.7900000214576721,0.7900000214576721,138000
2002-11-26,0.355779230594635,0.7900000214576721,0.800000011920929,0.7900000214576721,0.800000011920929,132000
2002-11-27,0.355779230594635,0.7900000214576721,0.7900000214576721,0.7900000214576721,0.7900000214576721,24000
2002-11-28,0.355779230594635,0.7900000214576721,0.800000011920929,0.7900000214576721,0.800000011920929,30000
2002-11-29,0.3602827191352844,0.800000011920929,0.800000011920929,0.800000011920929,0.800000011920929,10000
2002-12-02,0.3602827191352844,0.800000011920929,0.800000011920929,0.800000011920929,0.800000011920929,0
2002-12-03,0.355779230594635,0.7900000214576721,0.800000011920929,0.7900000214576721,0.800000011920929,50000
2002-12-04,0.3602827191352844,0.800000011920929,0.8199999928474426,0.800000011920929,0.800000011920929,0
2002-12-05,0.3602827191352844,0.800000011920929,0.800000011920929,0.7900000214576721,0.7900000214576721,20000
2002-12-06,0.355779230594635,0.7900000214576721,0.7900000214576721,0.7900000214576721,0.7900000214576721,26000
2002-12-09,0.355779230594635,0.7900000214576721,0.7900000214576721,0.7900000214576721,0.7900000214576721,30000
2002-12-10,0.355779230594635,0.7900000214576721,0.7900000214576721,0.7900000214576721,0.7900000214576721,10000
2002-12-11,0.35127559304237366,0.7799999713897705,0.8299999833106995,0.7799999713897705,0.7799999713897705,0
2002-12-12,0.355779230594635,0.7900000214576721,0.8299999833106995,0.7900000214576721,0.7900000214576721,0
2002-12-13,0.3602827191352844,0.800000011920929,0.800000011920929,0.800000011920929,0.800000011920929,76000
2002-12-16,0.35127559304237366,0.7799999713897705,0.8199999928474426,0.7799999713897705,0.7799999713897705,0
2002-12-17,0.35127559304237366,0.7799999713897705,0.8199999928474426,0.7799999713897705,0.7799999713897705,0
2002-12-18,0.35127559304237366,0.7799999713897705,0.7799999713897705,0.7799999713897705,0.7799999713897705,100000
2002-12-19,0.36478620767593384,0.8100000023841858,0.8100000023841858,0.8100000023841858,0.8100000023841858,48000
2002-12-20,0.37379327416419983,0.8299999833106995,0.8299999833106995,0.800000011920929,0.8100000023841858,80000
2002-12-23,0.36478620767593384,0.8100000023841858,0.9100000262260437,0.8100000023841858,0.8500000238418579,130000
2002-12-24,0.3602827191352844,0.800000011920929,0.800000011920929,0.800000011920929,0.800000011920929,24000
2002-12-25,0.3602827191352844,0.800000011920929,0.800000011920929,0.800000011920929,0.800000011920929,0
2002-12-26,0.3602827191352844,0.800000011920929,0.800000011920929,0.800000011920929,0.800000011920929,0
2002-12-27,0.355779230594635,0.7900000214576721,0.800000011920929,0.7900000214576721,0.800000011920929,50000
2002-12-30,0.35127559304237366,0.7799999713897705,0.7799999713897705,0.7799999713897705,0.7799999713897705,10000
2002-12-31,0.35127559304237366,0.7799999713897705,0.8399999737739563,0.7799999713897705,0.7799999713897705,0
2003-01-01,0.35127559304237366,0.7799999713897705,0.7799999713897705,0.7799999713897705,0.7799999713897705,0
2003-01-02,0.35127559304237366,0.7799999713897705,0.7799999713897705,0.7799999713897705,0.7799999713897705,30000
2003-01-03,0.355779230594635,0.7900000214576721,0.800000011920929,0.7900000214576721,0.800000011920929,48000
2003-01-06,0.3602827191352844,0.800000011920929,0.800000011920929,0.800000011920929,0.800000011920929,10000
2003-01-07,0.35127559304237366,0.7799999713897705,0.7799999713897705,0.7799999713897705,0.7799999713897705,22000
2003-01-08,0.3602827191352844,0.800000011920929,0.8399999737739563,0.800000011920929,0.800000011920929,0
2003-01-09,0.355779230594635,0.7900000214576721,0.8299999833106995,0.7900000214576721,0.7900000214576721,0
2003-01-10,0.355779230594635,0.7900000214576721,0.8399999737739563,0.7900000214576721,0.7900000214576721,0
2003-01-13,0.36490175127983093,0.800000011920929,0.8500000238418579,0.800000011920929,0.800000011920929,0
2003-01-14,0.36490175127983093,0.800000011920929,0.8700000047683716,0.800000011920929,0.800000011920929,0
2003-01-15,0.3694629669189453,0.8100000023841858,0.8199999928474426,0.800000011920929,0.800000011920929,52000
2003-01-16,0.3694629669189453,0.8100000023841858,0.8799999952316284,0.8100000023841858,0.8100000023841858,0
2003-01-17,0.35577914118766785,0.7799999713897705,0.8100000023841858,0.7799999713897705,0.8100000023841858,10000
2003-01-20,0.3603404760360718,0.7900000214576721,0.7900000214576721,0.7900000214576721,0.7900000214576721,20000
2003-01-21,0.3603404760360718,0.7900000214576721,0.8299999833106995,0.7900000214576721,0.7900000214576721,0
2003-01-22,0.37402427196502686,0.8199999928474426,0.8199999928474426,0.8199999928474426,0.8199999928474426,20000
2003-01-23,0.3603404760360718,0.7900000214576721,0.8700000047683716,0.7900000214576721,0.7900000214576721,0
2003-01-24,0.35577914118766785,0.7799999713897705,0.8600000143051147,0.7799999713897705,0.7799999713897705,0
2003-01-27,0.35577914118766785,0.7799999713897705,0.8199999928474426,0.7799999713897705,0.7799999713897705,0
2003-01-28,0.35577914118766785,0.7799999713897705,0.8199999928474426,0.7799999713897705,0.8199999928474426,100200
2003-01-29,0.3603404760360718,0.7900000214576721,0.8100000023841858,0.7900000214576721,0.7900000214576721,0
2003-01-30,0.35577914118766785,0.7799999713897705,0.8199999928474426,0.7799999713897705,0.7799999713897705,0
2003-01-31,0.35577914118766785,0.7799999713897705,0.7799999713897705,0.7799999713897705,0.7799999713897705,0
2003-02-03,0.35577914118766785,0.7799999713897705,0.7799999713897705,0.7799999713897705,0.7799999713897705,0
2003-02-04,0.35577914118766785,0.7799999713897705,0.8600000143051147,0.7799999713897705,0.7799999713897705,0
2003-02-05,0.36490175127983093,0.800000011920929,0.800000011920929,0.800000011920929,0.800000011920929,28000
2003-02-06,0.35577914118766785,0.7799999713897705,0.8199999928474426,0.7799999713897705,0.7799999713897705,0
2003-02-07,0.36490175127983093,0.800000011920929,0.800000011920929,0.800000011920929,0.800000011920929,30000
2003-02-10,0.3603404760360718,0.7900000214576721,0.800000011920929,0.7900000214576721,0.7900000214576721,0
2003-02-11,0.36490175127983093,0.800000011920929,0.800000011920929,0.800000011920929,0.800000011920929,0
2003-02-12,0.36490175127983093,0.800000011920929,0.800000011920929,0.7900000214576721,0.7900000214576721,240000
2003-02-13,0.36490175127983093,0.800000011920929,0.8100000023841858,0.800000011920929,0.800000011920929,170000
2003-02-14,0.3694629669189453,0.8100000023841858,0.8199999928474426,0.8100000023841858,0.8199999928474426,70000
2003-02-17,0.3694629669189453,0.8100000023841858,0.8100000023841858,0.8100000023841858,0.8100000023841858,20000
2003-02-18,0.36490175127983093,0.800000011920929,0.800000011920929,0.800000011920929,0.800000011920929,20000
2003-02-19,0.3694629669189453,0.8100000023841858,0.8100000023841858,0.8100000023841858,0.8100000023841858,20000
2003-02-20,0.3694629669189453,0.8100000023841858,0.8100000023841858,0.800000011920929,0.800000011920929,64000
2003-02-21,0.36490175127983093,0.800000011920929,0.8500000238418579,0.800000011920929,0.800000011920929,0
2003-02-24,0.36490175127983093,0.800000011920929,0.800000011920929,0.800000011920929,0.800000011920929,2000
2003-02-25,0.36490175127983093,0.800000011920929,0.800000011920929,0.800000011920929,0.800000011920929,80000
2003-02-26,0.36490175127983093,0.800000011920929,0.800000011920929,0.800000011920929,0.800000011920929,2000
2003-02-27,0.36490175127983093,0.800000011920929,0.800000011920929,0.800000011920929,0.800000011920929,10000
2003-02-28,0.36490175127983093,0.800000011920929,0.800000011920929,0.800000011920929,0.800000011920929,80000
2003-03-03,0.36490175127983093,0.800000011920929,0.800000011920929,0.800000011920929,0.800000011920929,10000
2003-03-04,0.37402427196502686,0.8199999928474426,0.8199999928474426,0.8199999928474426,0.8199999928474426,100000
2003-03-05,0.37402427196502686,0.8199999928474426,0.8299999833106995,0.8199999928474426,0.8299999833106995,210000
2003-03-06,0.37402427196502686,0.8199999928474426,0.8199999928474426,0.8199999928474426,0.8199999928474426,174000
2003-03-07,0.37402427196502686,0.8199999928474426,0.8199999928474426,0.8199999928474426,0.8199999928474426,380000
2003-03-10,0.37402427196502686,0.8199999928474426,0.8199999928474426,0.8199999928474426,0.8199999928474426,170000
2003-03-11,0.37402427196502686,0.8199999928474426,0.8199999928474426,0.8199999928474426,0.8199999928474426,70000
2003-03-12,0.37402427196502686,0.8199999928474426,0.8500000238418579,0.8199999928474426,0.8199999928474426,0
2003-03-13,0.37402427196502686,0.8199999928474426,0.8199999928474426,0.8199999928474426,0.8199999928474426,54000
2003-03-14,0.37402427196502686,0.8199999928474426,0.8199999928474426,0.8199999928474426,0.8199999928474426,6000
2003-03-17,0.3877081871032715,0.8500000238418579,0.8500000238418579,0.8199999928474426,0.8199999928474426,120000
2003-03-18,0.37402427196502686,0.8199999928474426,0.9200000166893005,0.8199999928474426,0.8199999928474426,0
2003-03-19,0.3877081871032715,0.8500000238418579,0.8500000238418579,0.8500000238418579,0.8500000238418579,70000
2003-03-20,0.3831467926502228,0.8399999737739563,0.8399999737739563,0.8199999928474426,0.8199999928474426,16000
2003-03-21,0.37402427196502686,0.8199999928474426,0.8199999928474426,0.8199999928474426,0.8199999928474426,30000
2003-03-24,0.37402427196502686,0.8199999928474426,0.8199999928474426,0.8199999928474426,0.8199999928474426,26000
2003-03-25,0.37402427196502686,0.8199999928474426,0.8199999928474426,0.8199999928474426,0.8199999928474426,10000
2003-03-26,0.37402427196502686,0.8199999928474426,0.8299999833106995,0.8199999928474426,0.8299999833106995,66000
2003-03-27,0.37402427196502686,0.8199999928474426,0.8299999833106995,0.8199999928474426,0.8299999833106995,126000
2003-03-28,0.37402427196502686,0.8199999928474426,0.8500000238418579,0.8199999928474426,0.8199999928474426,0
2003-03-31,0.37402427196502686,0.8199999928474426,0.8199999928474426,0.8199999928474426,0.8199999928474426,414000
2003-04-01,0.37402427196502686,0.8199999928474426,0.8199999928474426,0.8199999928474426,0.8199999928474426,62000
2003-04-02,0.37402427196502686,0.8199999928474426,0.8299999833106995,0.8199999928474426,0.8299999833106995,40000
2003-04-03,0.37402427196502686,0.8199999928474426,0.8500000238418579,0.8199999928474426,0.8199999928474426,20000
2003-04-04,0.37402427196502686,0.8199999928474426,0.8199999928474426,0.8199999928474426,0.8199999928474426,94000
2003-04-07,0.37402427196502686,0.8199999928474426,0.8500000238418579,0.8199999928474426,0.8199999928474426,0
2003-04-08,0.37402427196502686,0.8199999928474426,0.8199999928474426,0.8199999928474426,0.8199999928474426,6000
2003-04-09,0.37402427196502686,0.8199999928474426,0.8199999928474426,0.8199999928474426,0.8199999928474426,102000
2003-04-10,0.37402427196502686,0.8199999928474426,0.8199999928474426,0.8199999928474426,0.8199999928474426,100000
2003-04-11,0.37402427196502686,0.8199999928474426,0.8199999928474426,0.8199999928474426,0.8199999928474426,60000
2003-04-14,0.37402427196502686,0.8199999928474426,0.8199999928474426,0.8199999928474426,0.8199999928474426,140000
2003-04-15,0.37402427196502686,0.8199999928474426,0.8199999928474426,0.8199999928474426,0.8199999928474426,128000
2003-04-16,0.37402427196502686,0.8199999928474426,0.8199999928474426,0.8199999928474426,0.8199999928474426,60000
2003-04-17,0.37402427196502686,0.8199999928474426,0.8199999928474426,0.8199999928474426,0.8199999928474426,48000
2003-04-18,0.37402427196502686,0.8199999928474426,0.8199999928474426,0.8199999928474426,0.8199999928474426,0
2003-04-21,0.37402427196502686,0.8199999928474426,0.8199999928474426,0.8199999928474426,0.8199999928474426,0
2003-04-22,0.37402427196502686,0.8199999928474426,0.8199999928474426,0.8199999928474426,0.8199999928474426,410000
2003-04-23,0.37402427196502686,0.8199999928474426,0.8199999928474426,0.8199999928474426,0.8199999928474426,0
2003-04-24,0.37402427196502686,0.8199999928474426,0.8199999928474426,0.8199999928474426,0.8199999928474426,108000
2003-04-25,0.35121792554855347,0.7699999809265137,0.8199999928474426,0.7699999809265137,0.8199999928474426,146000
2003-04-28,0.3375341296195984,0.7400000095367432,0.7699999809265137,0.7400000095367432,0.7699999809265137,76000
2003-04-29,0.36490175127983093,0.800000011920929,0.800000011920929,0.800000011920929,0.800000011920929,100000
2003-04-30,0.35121792554855347,0.7699999809265137,0.8199999928474426,0.7699999809265137,0.7699999809265137,0
2003-05-01,0.35121792554855347,0.7699999809265137,0.7699999809265137,0.7699999809265137,0.7699999809265137,0
2003-05-02,0.36490175127983093,0.800000011920929,0.800000011920929,0.800000011920929,0.800000011920929,100000
2003-05-05,0.36490175127983093,0.800000011920929,0.800000011920929,0.800000011920929,0.800000011920929,20000
2003-05-06,0.3694629669189453,0.8100000023841858,0.8100000023841858,0.8100000023841858,0.8100000023841858,140000
2003-05-07,0.36490175127983093,0.800000011920929,0.8399999737739563,0.800000011920929,0.800000011920929,0
2003-05-08,0.36490175127983093,0.800000011920929,0.800000011920929,0.800000011920929,0.800000011920929,0
2003-05-09,0.3694629669189453,0.8100000023841858,0.8100000023841858,0.8100000023841858,0.8100000023841858,134000
2003-05-12,0.36490175127983093,0.800000011920929,0.800000011920929,0.800000011920929,0.800000011920929,26000
2003-05-13,0.3694629669189453,0.8100000023841858,0.8100000023841858,0.8100000023841858,0.8100000023841858,20000
2003-05-14,0.36490175127983093,0.800000011920929,0.8399999737739563,0.800000011920929,0.800000011920929,0
2003-05-15,0.36490175127983093,0.800000011920929,0.8399999737739563,0.800000011920929,0.800000011920929,0
2003-05-16,0.36490175127983093,0.800000011920929,0.800000011920929,0.800000011920929,0.800000011920929,20000
2003-05-19,0.36490175127983093,0.800000011920929,0.800000011920929,0.800000011920929,0.800000011920929,110000
2003-05-20,0.3694629669189453,0.8100000023841858,0.8100000023841858,0.800000011920929,0.800000011920929,120000
2003-05-21,0.36490175127983093,0.800000011920929,0.800000011920929,0.800000011920929,0.800000011920929,30000
2003-05-22,0.3694629669189453,0.8100000023841858,0.8100000023841858,0.8100000023841858,0.8100000023841858,530010
2003-05-23,0.3694629669189453,0.8100000023841858,0.8299999833106995,0.8100000023841858,0.8100000023841858,0
2003-05-26,0.37402427196502686,0.8199999928474426,0.8500000238418579,0.8199999928474426,0.8399999737739563,52000
2003-05-27,0.37402427196502686,0.8199999928474426,0.8500000238418579,0.8199999928474426,0.8199999928474426,0
2003-05-28,0.3785855174064636,0.8299999833106995,0.8299999833106995,0.8299999833106995,0.8299999833106995,30000
2003-05-29,0.37402427196502686,0.8199999928474426,0.8199999928474426,0.8199999928474426,0.8199999928474426,14000
2003-05-30,0.3694629669189453,0.8100000023841858,0.8100000023841858,0.8100000023841858,0.8100000023841858,40000
2003-06-02,0.37402427196502686,0.8199999928474426,0.8500000238418579,0.8199999928474426,0.8199999928474426,0
2003-06-03,0.37402427196502686,0.8199999928474426,0.8399999737739563,0.8199999928474426,0.8199999928474426,0
2003-06-04,0.37402427196502686,0.8199999928474426,0.8199999928474426,0.8199999928474426,0.8199999928474426,0
2003-06-05,0.3694629669189453,0.8100000023841858,0.8199999928474426,0.8100000023841858,0.8199999928474426,124000
2003-06-06,0.3694629669189453,0.8100000023841858,0.8100000023841858,0.8100000023841858,0.8100000023841858,10000
2003-06-09,0.3694629669189453,0.8100000023841858,0.8100000023841858,0.8100000023841858,0.8100000023841858,250000
2003-06-10,0.3922693133354187,0.8600000143051147,0.8600000143051147,0.8399999737739563,0.8399999737739563,144000
2003-06-11,0.4013919234275818,0.8799999952316284,0.8999999761581421,0.8799999952316284,0.8899999856948853,146000
2003-06-12,0.3877081871032715,0.8500000238418579,0.8799999952316284,0.8500000238418579,0.8799999952316284,20000
2003-06-13,0.3831467926502228,0.8399999737739563,0.8500000238418579,0.8199999928474426,0.8199999928474426,106000
2003-06-16,0.3785855174064636,0.8299999833106995,0.8799999952316284,0.8299999833106995,0.8299999833106995,0
2003-06-17,0.3831467926502228,0.8399999737739563,0.8500000238418579,0.8399999737739563,0.8399999737739563,110000
2003-06-18,0.3831467926502228,0.8399999737739563,0.8600000143051147,0.8199999928474426,0.8199999928474426,44000
2003-06-19,0.3831467926502228,0.8399999737739563,0.8399999737739563,0.8399999737739563,0.8399999737739563,22000
2003-06-20,0.3694629669189453,0.8100000023841858,0.8100000023841858,0.8100000023841858,0.8100000023841858,40000
2003-06-23,0.37402427196502686,0.8199999928474426,0.8199999928474426,0.8199999928474426,0.8199999928474426,16000
2003-06-24,0.3694629669189453,0.8100000023841858,0.8100000023841858,0.8100000023841858,0.8100000023841858,292000
2003-06-25,0.3694629669189453,0.8100000023841858,0.8399999737739563,0.8100000023841858,0.8100000023841858,0
2003-06-26,0.37402427196502686,0.8199999928474426,0.8199999928474426,0.8199999928474426,0.8199999928474426,66000
2003-06-27,0.3694629669189453,0.8100000023841858,0.8500000238418579,0.8100000023841858,0.8100000023841858,0
2003-06-30,0.3785855174064636,0.8299999833106995,0.8299999833106995,0.8100000023841858,0.8100000023841858,60000
2003-07-01,0.3785855174064636,0.8299999833106995,0.8299999833106995,0.8299999833106995,0.8299999833106995,0
2003-07-02,0.3831467926502228,0.8399999737739563,0.8399999737739563,0.8299999833106995,0.8299999833106995,66000
2003-07-03,0.3785855174064636,0.8299999833106995,0.8500000238418579,0.8299999833106995,0.8500000238418579,98000
2003-07-04,0.3785855174064636,0.8299999833106995,0.8299999833106995,0.8299999833106995,0.8299999833106995,60000
2003-07-07,0.3785855174064636,0.8299999833106995,0.8299999833106995,0.8299999833106995,0.8299999833106995,82000
2003-07-08,0.3877081871032715,0.8500000238418579,0.8500000238418579,0.8399999737739563,0.8399999737739563,160000
2003-07-09,0.3785855174064636,0.8299999833106995,0.8399999737739563,0.8299999833106995,0.8399999737739563,86000
2003-07-10,0.3785855174064636,0.8299999833106995,0.8299999833106995,0.8299999833106995,0.8299999833106995,194000
2003-07-11,0.3785855174064636,0.8299999833106995,0.8500000238418579,0.8299999833106995,0.8299999833106995,0
2003-07-14,0.3831467926502228,0.8399999737739563,0.8399999737739563,0.8399999737739563,0.8399999737739563,10000
2003-07-15,0.3877081871032715,0.8500000238418579,0.8700000047683716,0.8399999737739563,0.8500000238418579,202000
2003-07-16,0.3785855174064636,0.8299999833106995,0.8700000047683716,0.8299999833106995,0.8299999833106995,0
2003-07-17,0.3831467926502228,0.8399999737739563,0.8399999737739563,0.8399999737739563,0.8399999737739563,100000
2003-07-18,0.3831467926502228,0.8399999737739563,0.8500000238418579,0.8399999737739563,0.8399999737739563,0
2003-07-21,0.3831467926502228,0.8399999737739563,0.8399999737739563,0.8399999737739563,0.8399999737739563,12000
2003-07-22,0.3877081871032715,0.8500000238418579,0.8500000238418579,0.8500000238418579,0.8500000238418579,30000
2003-07-23,0.3831467926502228,0.8399999737739563,0.8399999737739563,0.8399999737739563,0.8399999737739563,50000
2003-07-24,0.3877081871032715,0.8500000238418579,0.8999999761581421,0.8500000238418579,0.8999999761581421,236000
2003-07-25,0.41051438450813293,0.8999999761581421,0.9399999976158142,0.8500000238418579,0.8500000238418579,506000
2003-07-28,0.419636994600296,0.9200000166893005,0.9900000095367432,0.9200000166893005,0.9399999976158142,302000
2003-07-29,0.41051438450813293,0.8999999761581421,0.949999988079071,0.8999999761581421,0.9300000071525574,258000
2003-07-30,0.43788206577301025,0.9599999785423279,0.9900000095367432,0.9300000071525574,0.9300000071525574,602000
2003-07-31,0.4698108732700348,1.0299999713897705,1.090000033378601,1.0,1.0,1152000
2003-08-01,0.45612719655036926,1.0,1.0299999713897705,0.9900000095367432,1.0299999713897705,490000
2003-08-04,0.44244322180747986,0.9700000286102295,0.9900000095367432,0.949999988079071,0.9900000095367432,142000
2003-08-05,0.44244322180747986,0.9700000286102295,1.0,0.949999988079071,0.9700000286102295,304000
2003-08-06,0.43788206577301025,0.9599999785423279,0.9800000190734863,0.9399999976158142,0.9399999976158142,174000
2003-08-07,0.44244322180747986,0.9700000286102295,1.0,0.9599999785423279,0.9599999785423279,120000
2003-08-08,0.45612719655036926,1.0,1.1200000047683716,0.9900000095367432,1.0,418000
2003-08-11,0.5291075706481934,1.159999966621399,1.2100000381469727,1.059999942779541,1.0700000524520874,3068000
2003-08-12,0.50630122423172,1.1100000143051147,1.2100000381469727,1.1100000143051147,1.159999966621399,1564000
2003-08-13,0.5154237747192383,1.1299999952316284,1.159999966621399,1.090000033378601,1.149999976158142,1198000
2003-08-14,0.5245461463928223,1.149999976158142,1.149999976158142,1.1200000047683716,1.1299999952316284,678000
2003-08-15,0.5245461463928223,1.149999976158142,1.149999976158142,1.149999976158142,1.149999976158142,426000
2003-08-18,0.5154237747192383,1.1299999952316284,1.149999976158142,1.1299999952316284,1.149999976158142,566000
2003-08-19,0.5017397999763489,1.100000023841858,1.1299999952316284,1.100000023841858,1.1299999952316284,573910
2003-08-20,0.5245461463928223,1.149999976158142,1.149999976158142,1.090000033378601,1.1299999952316284,512000
2003-08-21,0.5199849605560303,1.1399999856948853,1.1699999570846558,1.1299999952316284,1.1299999952316284,610000
2003-08-22,0.5336688756942749,1.1699999570846558,1.1699999570846558,1.1299999952316284,1.1399999856948853,494000
2003-08-25,0.5199849605560303,1.1399999856948853,1.1699999570846558,1.100000023841858,1.100000023841858,312000
2003-08-26,0.5154237747192383,1.1299999952316284,1.1299999952316284,1.1200000047683716,1.1200000047683716,158000
2003-08-27,0.5199849605560303,1.1399999856948853,1.2000000476837158,1.0700000524520874,1.1299999952316284,370000
2003-08-28,0.5223167538642883,1.1200000047683716,1.1799999475479126,1.090000033378601,1.090000033378601,316000
2003-08-29,0.5409707427024841,1.159999966621399,1.1699999570846558,1.1299999952316284,1.1299999952316284,596000
2003-09-01,0.5549615621566772,1.190000057220459,1.2599999904632568,1.1299999952316284,1.1299999952316284,1364000
2003-09-02,0.5502980351448059,1.1799999475479126,1.2200000286102295,1.159999966621399,1.2200000286102295,314000
2003-09-03,0.5596251487731934,1.2000000476837158,1.2200000286102295,1.190000057220459,1.190000057220459,930000
2003-09-04,0.5689520835876465,1.2200000286102295,1.2699999809265137,1.2100000381469727,1.2100000381469727,1130000
2003-09-05,0.5596251487731934,1.2000000476837158,1.2300000190734863,1.159999966621399,1.2300000190734863,566000
2003-09-08,0.5689520835876465,1.2200000286102295,1.2300000190734863,1.1799999475479126,1.2000000476837158,836000
2003-09-09,0.5363073348999023,1.149999976158142,1.2100000381469727,1.149999976158142,1.2100000381469727,638000
2003-09-10,0.4989989697933197,1.0700000524520874,1.1299999952316284,1.0399999618530273,1.1200000047683716,706000
2003-09-11,0.5316438674926758,1.1399999856948853,1.1799999475479126,1.059999942779541,1.059999942779541,438000
2003-09-12,0.5316438674926758,1.1399999856948853,1.1399999856948853,1.1399999856948853,1.1399999856948853,0
2003-09-15,0.5549615621566772,1.190000057220459,1.2200000286102295,1.149999976158142,1.149999976158142,754000
2003-09-16,0.6295782327651978,1.350000023841858,1.350000023841858,1.1200000047683716,1.1299999952316284,1446000
2003-09-17,0.6249147057533264,1.340000033378601,1.3700000047683716,1.2899999618530273,1.340000033378601,2980000
2003-09-18,0.6015968322753906,1.2899999618530273,1.3799999952316284,1.2300000190734863,1.3799999952316284,3150000
2003-09-19,0.5782791376113892,1.2400000095367432,1.2899999618530273,1.2000000476837158,1.2899999618530273,1244000
2003-09-22,0.5596251487731934,1.2000000476837158,1.2400000095367432,1.1699999570846558,1.2400000095367432,422000
2003-09-23,0.545634388923645,1.1699999570846558,1.190000057220459,1.159999966621399,1.159999966621399,194000
2003-09-24,0.5642886161804199,1.2100000381469727,1.2100000381469727,1.1699999570846558,1.1699999570846558,102000
2003-09-25,0.545634388923645,1.1699999570846558,1.1799999475479126,1.149999976158142,1.149999976158142,160000
2003-09-26,0.5502980351448059,1.1799999475479126,1.190000057220459,1.159999966621399,1.1799999475479126,324000
2003-09-29,0.5409707427024841,1.159999966621399,1.159999966621399,1.1399999856948853,1.149999976158142,150000
2003-09-30,0.545634388923645,1.1699999570846558,1.2000000476837158,1.149999976158142,1.149999976158142,82000
2003-10-01,0.545634388923645,1.1699999570846558,1.1699999570846558,1.1699999570846558,1.1699999570846558,0
2003-10-02,0.5409707427024841,1.159999966621399,1.2000000476837158,1.159999966621399,1.2000000476837158,162000
2003-10-03,0.5363073348999023,1.149999976158142,1.159999966621399,1.149999976158142,1.149999976158142,186000
2003-10-06,0.5409707427024841,1.159999966621399,1.1699999570846558,1.149999976158142,1.159999966621399,156000
2003-10-07,0.5409707427024841,1.159999966621399,1.1699999570846558,1.159999966621399,1.159999966621399,140000
2003-10-08,0.5409707427024841,1.159999966621399,1.159999966621399,1.149999976158142,1.159999966621399,160000
2003-10-09,0.5409707427024841,1.159999966621399,1.159999966621399,1.1399999856948853,1.149999976158142,122000
2003-10-10,0.5502980351448059,1.1799999475479126,1.1799999475479126,1.1399999856948853,1.149999976158142,254000
2003-10-13,0.5363073348999023,1.149999976158142,1.149999976158142,1.1299999952316284,1.1299999952316284,100000
2003-10-14,0.5316438674926758,1.1399999856948853,1.149999976158142,1.1399999856948853,1.149999976158142,198000
2003-10-15,0.5596251487731934,1.2000000476837158,1.2200000286102295,1.1399999856948853,1.1399999856948853,118000
2003-10-16,0.5316438674926758,1.1399999856948853,1.149999976158142,1.1399999856948853,1.149999976158142,70000
2003-10-17,0.5549615621566772,1.190000057220459,1.190000057220459,1.1399999856948853,1.1399999856948853,284000
2003-10-20,0.5642886161804199,1.2100000381469727,1.2200000286102295,1.2000000476837158,1.2200000286102295,606090
2003-10-21,0.5596251487731934,1.2000000476837158,1.2100000381469727,1.190000057220459,1.2000000476837158,301262
2003-10-22,0.5596251487731934,1.2000000476837158,1.2000000476837158,1.2000000476837158,1.2000000476837158,124000
2003-10-23,0.545634388923645,1.1699999570846558,1.1699999570846558,1.149999976158142,1.1699999570846558,150000
2003-10-24,0.5409707427024841,1.159999966621399,1.159999966621399,1.1299999952316284,1.159999966621399,104000
2003-10-27,0.5409707427024841,1.159999966621399,1.159999966621399,1.159999966621399,1.159999966621399,30000
2003-10-28,0.5689520835876465,1.2200000286102295,1.2200000286102295,1.2000000476837158,1.2000000476837158,170000
2003-10-29,0.545634388923645,1.1699999570846558,1.1699999570846558,1.1699999570846558,1.1699999570846558,10000
2003-10-30,0.5549615621566772,1.190000057220459,1.2000000476837158,1.190000057220459,1.190000057220459,238000
2003-10-31,0.5596251487731934,1.2000000476837158,1.2000000476837158,1.159999966621399,1.159999966621399,170000
2003-11-03,0.5689520835876465,1.2200000286102295,1.25,1.2100000381469727,1.25,260000
2003-11-04,0.5736156702041626,1.2300000190734863,1.2300000190734863,1.2100000381469727,1.2200000286102295,546000
2003-11-05,0.5642886161804199,1.2100000381469727,1.2300000190734863,1.2100000381469727,1.2300000190734863,60000
2003-11-06,0.5502980351448059,1.1799999475479126,1.2100000381469727,1.1799999475479126,1.2000000476837158,110000
2003-11-07,0.5409707427024841,1.159999966621399,1.1799999475479126,1.159999966621399,1.1799999475479126,56000
2003-11-10,0.5409707427024841,1.159999966621399,1.159999966621399,1.159999966621399,1.159999966621399,10000
2003-11-11,0.5502980351448059,1.1799999475479126,1.1799999475479126,1.149999976158142,1.149999976158142,124000
2003-11-12,0.5409707427024841,1.159999966621399,1.2000000476837158,1.159999966621399,1.159999966621399,0
2003-11-13,0.545634388923645,1.1699999570846558,1.2000000476837158,1.1699999570846558,1.190000057220459,72000
2003-11-14,0.545634388923645,1.1699999570846558,1.1699999570846558,1.1699999570846558,1.1699999570846558,30000
2003-11-17,0.545634388923645,1.1699999570846558,1.1699999570846558,1.149999976158142,1.149999976158142,384000
2003-11-18,0.5409707427024841,1.159999966621399,1.190000057220459,1.159999966621399,1.159999966621399,80000
2003-11-19,0.5596251487731934,1.2000000476837158,1.2000000476837158,1.190000057220459,1.190000057220459,50000
2003-11-20,0.5409707427024841,1.159999966621399,1.2000000476837158,1.159999966621399,1.2000000476837158,40000
2003-11-21,0.545634388923645,1.1699999570846558,1.1699999570846558,1.149999976158142,1.149999976158142,74000
2003-11-24,0.545634388923645,1.1699999570846558,1.1699999570846558,1.1699999570846558,1.1699999570846558,20000
2003-11-25,0.5549615621566772,1.190000057220459,1.190000057220459,1.190000057220459,1.190000057220459,30000
2003-11-26,0.5502980351448059,1.1799999475479126,1.1799999475479126,1.1799999475479126,1.1799999475479126,50000
2003-11-27,0.5502980351448059,1.1799999475479126,1.190000057220459,1.1799999475479126,1.1799999475479126,70000
2003-11-28,0.545634388923645,1.1699999570846558,1.190000057220459,1.1699999570846558,1.1699999570846558,0
2003-12-01,0.5502980351448059,1.1799999475479126,1.2000000476837158,1.1799999475479126,1.1799999475479126,0
2003-12-02,0.5502980351448059,1.1799999475479126,1.1799999475479126,1.159999966621399,1.1799999475479126,70000
2003-12-03,0.5409707427024841,1.159999966621399,1.1699999570846558,1.159999966621399,1.1699999570846558,116000
2003-12-04,0.5316438674926758,1.1399999856948853,1.1699999570846558,1.1399999856948853,1.1699999570846558,166000
2003-12-05,0.5316438674926758,1.1399999856948853,1.149999976158142,1.1399999856948853,1.1399999856948853,120000
2003-12-08,0.5596251487731934,1.2000000476837158,1.2000000476837158,1.1399999856948853,1.1399999856948853,204000
2003-12-09,0.545634388923645,1.1699999570846558,1.190000057220459,1.159999966621399,1.1699999570846558,537576
2003-12-10,0.5409707427024841,1.159999966621399,1.1799999475479126,1.159999966621399,1.159999966621399,302000
2003-12-11,0.545634388923645,1.1699999570846558,1.1799999475479126,1.1699999570846558,1.1799999475479126,322000
2003-12-12,0.5409707427024841,1.159999966621399,1.1799999475479126,1.149999976158142,1.1699999570846558,190000
2003-12-15,0.5409707427024841,1.159999966621399,1.2200000286102295,1.159999966621399,1.2200000286102295,104000
2003-12-16,0.5316438674926758,1.1399999856948853,1.1399999856948853,1.1399999856948853,1.1399999856948853,10000
2003-12-17,0.5223167538642883,1.1200000047683716,1.1399999856948853,1.1200000047683716,1.1399999856948853,100000
2003-12-18,0.5269802808761597,1.1299999952316284,1.1299999952316284,1.1200000047683716,1.1200000047683716,64000
2003-12-19,0.5176531672477722,1.1100000143051147,1.1100000143051147,1.100000023841858,1.100000023841858,186000
2003-12-22,0.5036627054214478,1.0800000429153442,1.0800000429153442,1.0800000429153442,1.0800000429153442,132000
2003-12-23,0.48500820994377136,1.0399999618530273,1.0800000429153442,1.0399999618530273,1.0700000524520874,486000
2003-12-24,0.48500820994377136,1.0399999618530273,1.0399999618530273,1.0299999713897705,1.0399999618530273,172000
2003-12-25,0.48500820994377136,1.0399999618530273,1.0399999618530273,1.0399999618530273,1.0399999618530273,0
2003-12-26,0.48500820994377136,1.0399999618530273,1.0399999618530273,1.0399999618530273,1.0399999618530273,0
2003-12-29,0.48500820994377136,1.0399999618530273,1.0399999618530273,1.0199999809265137,1.0299999713897705,310000
2003-12-30,0.4803447425365448,1.0299999713897705,1.059999942779541,1.0299999713897705,1.0299999713897705,266000
2003-12-31,0.47568127512931824,1.0199999809265137,1.0199999809265137,1.0199999809265137,1.0199999809265137,20000
2004-01-01,0.47568127512931824,1.0199999809265137,1.0199999809265137,1.0199999809265137,1.0199999809265137,0
2004-01-02,0.4803910553455353,1.0199999809265137,1.0199999809265137,1.0099999904632568,1.0099999904632568,152000
2004-01-05,0.48510077595710754,1.0299999713897705,1.0299999713897705,1.0199999809265137,1.0199999809265137,100000
2004-01-06,0.4803910553455353,1.0199999809265137,1.0299999713897705,1.0199999809265137,1.0199999809265137,258000
2004-01-07,0.49922990798950195,1.059999942779541,1.059999942779541,1.0099999904632568,1.0099999904632568,150000
2004-01-08,0.5321979522705078,1.1299999952316284,1.1299999952316284,1.059999942779541,1.059999942779541,720000
2004-01-09,0.5227785110473633,1.1100000143051147,1.1100000143051147,1.100000023841858,1.1100000143051147,394000
2004-01-12,0.5039395689964294,1.0700000524520874,1.0800000429153442,1.0700000524520874,1.0800000429153442,110000
2004-01-13,0.5133590698242188,1.090000033378601,1.090000033378601,1.0700000524520874,1.0700000524520874,152000
2004-01-14,0.5039395689964294,1.0700000524520874,1.090000033378601,1.0700000524520874,1.0700000524520874,0
2004-01-15,0.5133590698242188,1.090000033378601,1.090000033378601,1.0700000524520874,1.0700000524520874,46000
2004-01-16,0.5133590698242188,1.090000033378601,1.090000033378601,1.059999942779541,1.059999942779541,60000
2004-01-19,0.5039395689964294,1.0700000524520874,1.0800000429153442,1.0700000524520874,1.0800000429153442,40000
2004-01-20,0.5416172742843628,1.149999976158142,1.149999976158142,1.090000033378601,1.090000033378601,224000
2004-01-21,0.5039395689964294,1.0700000524520874,1.2200000286102295,1.0700000524520874,1.1299999952316284,234000
2004-01-22,0.5039395689964294,1.0700000524520874,1.0700000524520874,1.0700000524520874,1.0700000524520874,0
2004-01-23,0.5039395689964294,1.0700000524520874,1.0700000524520874,1.0700000524520874,1.0700000524520874,0
2004-01-26,0.49922990798950195,1.059999942779541,1.0700000524520874,1.0299999713897705,1.0299999713897705,60000
2004-01-27,0.5180687308311462,1.100000023841858,1.1399999856948853,1.059999942779541,1.059999942779541,86000
2004-01-28,0.5180687308311462,1.100000023841858,1.1299999952316284,1.090000033378601,1.100000023841858,292000
2004-01-29,0.5180687308311462,1.100000023841858,1.1200000047683716,1.0700000524520874,1.0700000524520874,700000
2004-01-30,0.5180687308311462,1.100000023841858,1.149999976158142,1.100000023841858,1.100000023841858,354000
2004-02-02,0.5086494088172913,1.0800000429153442,1.100000023841858,1.0399999618530273,1.0399999618530273,92000
2004-02-03,0.5227785110473633,1.1100000143051147,1.1399999856948853,1.100000023841858,1.1100000143051147,280000
2004-02-04,0.49922990798950195,1.059999942779541,1.1200000047683716,1.059999942779541,1.1200000047683716,200000
2004-02-05,0.5416172742843628,1.149999976158142,1.1799999475479126,1.0800000429153442,1.0800000429153442,284000
2004-02-06,0.5698756575584412,1.2100000381469727,1.2200000286102295,1.1299999952316284,1.159999966621399,1298000
2004-02-09,0.5745852589607239,1.2200000286102295,1.2300000190734863,1.1799999475479126,1.2200000286102295,1496000
2004-02-10,0.5510367155075073,1.1699999570846558,1.2100000381469727,1.159999966621399,1.2000000476837158,510000
2004-02-11,0.5745852589607239,1.2200000286102295,1.25,1.149999976158142,1.25,466000
2004-02-12,0.5651659965515137,1.2000000476837158,1.2000000476837158,1.159999966621399,1.2000000476837158,252000
2004-02-13,0.5840047001838684,1.2400000095367432,1.2599999904632568,1.1799999475479126,1.190000057220459,1396000
2004-02-16,0.6169725656509399,1.309999942779541,1.3300000429153442,1.2799999713897705,1.2799999713897705,4624000
2004-02-17,0.6028435826301575,1.2799999713897705,1.2999999523162842,1.2799999713897705,1.2999999523162842,798000
2004-02-18,0.5840047001838684,1.2400000095367432,1.2699999809265137,1.2100000381469727,1.25,770000
2004-02-19,0.5604562163352966,1.190000057220459,1.2699999809265137,1.190000057220459,1.2699999809265137,536000
2004-02-20,0.5604562163352966,1.190000057220459,1.2000000476837158,1.190000057220459,1.2000000476837158,184000
2004-02-23,0.5604562163352966,1.190000057220459,1.2000000476837158,1.190000057220459,1.2000000476837158,82000
2004-02-24,0.5463270545005798,1.159999966621399,1.1699999570846558,1.159999966621399,1.1699999570846558,190000
2004-02-25,0.5463270545005798,1.159999966621399,1.159999966621399,1.149999976158142,1.149999976158142,120000
2004-02-26,0.5463270545005798,1.159999966621399,1.159999966621399,1.159999966621399,1.159999966621399,50000
2004-02-27,0.5463270545005798,1.159999966621399,1.159999966621399,1.159999966621399,1.159999966621399,68000
2004-03-01,0.5463270545005798,1.159999966621399,1.1799999475479126,1.159999966621399,1.159999966621399,112000
2004-03-02,0.5463270545005798,1.159999966621399,1.159999966621399,1.159999966621399,1.159999966621399,60000
2004-03-03,0.5604562163352966,1.190000057220459,1.190000057220459,1.1299999952316284,1.159999966621399,150000
2004-03-04,0.5557464361190796,1.1799999475479126,1.1799999475479126,1.1799999475479126,1.1799999475479126,20000
2004-03-05,0.5321979522705078,1.1299999952316284,1.149999976158142,1.1299999952316284,1.1299999952316284,1149090
2004-03-08,0.5369076728820801,1.1399999856948853,1.1799999475479126,1.1399999856948853,1.1399999856948853,0
2004-03-09,0.5416172742843628,1.149999976158142,1.149999976158142,1.1399999856948853,1.1399999856948853,40000
2004-03-10,0.5227785110473633,1.1100000143051147,1.1299999952316284,1.1100000143051147,1.1200000047683716,218000
2004-03-11,0.5180687308311462,1.100000023841858,1.1299999952316284,1.0700000524520874,1.090000033378601,422000
2004-03-12,0.5180687308311462,1.100000023841858,1.100000023841858,1.0299999713897705,1.0700000524520874,274000
2004-03-15,0.5133590698242188,1.090000033378601,1.1200000047683716,1.090000033378601,1.1100000143051147,194000
2004-03-16,0.5133590698242188,1.090000033378601,1.090000033378601,1.090000033378601,1.090000033378601,10000
2004-03-17,0.5227785110473633,1.1100000143051147,1.1299999952316284,1.1100000143051147,1.1100000143051147,130000
2004-03-18,0.5086494088172913,1.0800000429153442,1.0800000429153442,1.0800000429153442,1.0800000429153442,40000
2004-03-19,0.5133590698242188,1.090000033378601,1.1299999952316284,1.090000033378601,1.090000033378601,0
2004-03-22,0.5086494088172913,1.0800000429153442,1.0800000429153442,1.0700000524520874,1.0700000524520874,150000
2004-03-23,0.5133590698242188,1.090000033378601,1.100000023841858,1.059999942779541,1.059999942779541,132000
2004-03-24,0.5180687308311462,1.100000023841858,1.1200000047683716,1.090000033378601,1.1200000047683716,166000
2004-03-25,0.5321979522705078,1.1299999952316284,1.2100000381469727,1.100000023841858,1.100000023841858,716000
2004-03-26,0.5274882316589355,1.1200000047683716,1.1200000047683716,1.100000023841858,1.100000023841858,200000
2004-03-29,0.5274882316589355,1.1200000047683716,1.1200000047683716,1.1200000047683716,1.1200000047683716,384000
2004-03-30,0.5274882316589355,1.1200000047683716,1.1200000047683716,1.1200000047683716,1.1200000047683716,150000
2004-03-31,0.5274882316589355,1.1200000047683716,1.1200000047683716,1.1200000047683716,1.1200000047683716,380000
2004-04-01,0.5321979522705078,1.1299999952316284,1.159999966621399,1.1299999952316284,1.1299999952316284,10000
2004-04-02,0.5321979522705078,1.1299999952316284,1.1299999952316284,1.1299999952316284,1.1299999952316284,40000
2004-04-05,0.5321979522705078,1.1299999952316284,1.1299999952316284,1.1299999952316284,1.1299999952316284,0
2004-04-06,0.5274882316589355,1.1200000047683716,1.1200000047683716,1.1200000047683716,1.1200000047683716,60000
2004-04-07,0.5321979522705078,1.1299999952316284,1.1299999952316284,1.1299999952316284,1.1299999952316284,4000
2004-04-08,0.5321979522705078,1.1299999952316284,1.1299999952316284,1.1200000047683716,1.1200000047683716,20000
2004-04-09,0.5321979522705078,1.1299999952316284,1.1299999952316284,1.1299999952316284,1.1299999952316284,0
2004-04-12,0.5321979522705078,1.1299999952316284,1.1299999952316284,1.1299999952316284,1.1299999952316284,0
2004-04-13,0.5321979522705078,1.1299999952316284,1.149999976158142,1.1299999952316284,1.1399999856948853,174000
2004-04-14,0.5274882316589355,1.1200000047683716,1.1299999952316284,1.1200000047683716,1.1299999952316284,40000
2004-04-15,0.5274882316589355,1.1200000047683716,1.1200000047683716,1.1200000047683716,1.1200000047683716,200000
2004-04-16,0.5321979522705078,1.1299999952316284,1.1299999952316284,1.1200000047683716,1.1200000047683716,98000
2004-04-19,0.5274882316589355,1.1200000047683716,1.1200000047683716,1.1200000047683716,1.1200000047683716,10000
2004-04-20,0.5274882316589355,1.1200000047683716,1.1200000047683716,1.1200000047683716,1.1200000047683716,150000
2004-04-21,0.5274882316589355,1.1200000047683716,1.1200000047683716,1.1200000047683716,1.1200000047683716,196000
2004-04-22,0.5274882316589355,1.1200000047683716,1.1200000047683716,1.1200000047683716,1.1200000047683716,446000
2004-04-23,0.5274882316589355,1.1200000047683716,1.1200000047683716,1.1200000047683716,1.1200000047683716,208000
2004-04-26,0.5274882316589355,1.1200000047683716,1.1200000047683716,1.1200000047683716,1.1200000047683716,210000
2004-04-27,0.5274882316589355,1.1200000047683716,1.1200000047683716,1.1200000047683716,1.1200000047683716,104000
2004-04-28,0.5274882316589355,1.1200000047683716,1.1200000047683716,1.1200000047683716,1.1200000047683716,120000
2004-04-29,0.5274882316589355,1.1200000047683716,1.1200000047683716,1.1200000047683716,1.1200000047683716,200000
2004-04-30,0.5274882316589355,1.1200000047683716,1.1200000047683716,1.1200000047683716,1.1200000047683716,386000
2004-05-03,0.5274882316589355,1.1200000047683716,1.1200000047683716,1.1200000047683716,1.1200000047683716,110000
2004-05-04,0.5274882316589355,1.1200000047683716,1.1200000047683716,1.1200000047683716,1.1200000047683716,140000
2004-05-05,0.5321979522705078,1.1299999952316284,1.1299999952316284,1.1200000047683716,1.1200000047683716,166000
2004-05-06,0.5274882316589355,1.1200000047683716,1.1200000047683716,1.1200000047683716,1.1200000047683716,100000
2004-05-07,0.5274882316589355,1.1200000047683716,1.1200000047683716,1.1200000047683716,1.1200000047683716,42000
2004-05-10,0.5274882316589355,1.1200000047683716,1.1200000047683716,1.1200000047683716,1.1200000047683716,172000
2004-05-11,0.4945201575756073,1.0499999523162842,1.0499999523162842,1.0399999618530273,1.0399999618530273,20000
2004-05-12,0.5086494088172913,1.0800000429153442,1.0800000429153442,1.0800000429153442,1.0800000429153442,100000
2004-05-13,0.5086494088172913,1.0800000429153442,1.0800000429153442,1.0800000429153442,1.0800000429153442,220000
2004-05-14,0.5086494088172913,1.0800000429153442,1.0800000429153442,1.0800000429153442,1.0800000429153442,390000
2004-05-17,0.5086494088172913,1.0800000429153442,1.0800000429153442,1.0399999618530273,1.0800000429153442,798000
2004-05-18,0.5086494088172913,1.0800000429153442,1.0800000429153442,1.0800000429153442,1.0800000429153442,116000
2004-05-19,0.5086494088172913,1.0800000429153442,1.0800000429153442,1.0800000429153442,1.0800000429153442,20000
2004-05-20,0.5086494088172913,1.0800000429153442,1.1399999856948853,1.0800000429153442,1.100000023841858,184000
2004-05-21,0.5133590698242188,1.090000033378601,1.1200000047683716,1.0800000429153442,1.0800000429153442,180000
2004-05-24,0.5274882316589355,1.1200000047683716,1.1200000047683716,1.1200000047683716,1.1200000047683716,110000
2004-05-25,0.5274882316589355,1.1200000047683716,1.1399999856948853,1.1200000047683716,1.1200000047683716,118000
2004-05-26,0.5274882316589355,1.1200000047683716,1.1200000047683716,1.1200000047683716,1.1200000047683716,0
2004-05-27,0.5274882316589355,1.1200000047683716,1.159999966621399,1.1200000047683716,1.1200000047683716,0
2004-05-28,0.5274882316589355,1.1200000047683716,1.1799999475479126,1.1200000047683716,1.1200000047683716,0
2004-05-31,0.5274882316589355,1.1200000047683716,1.1799999475479126,1.1200000047683716,1.1200000047683716,0
2004-06-01,0.5321979522705078,1.1299999952316284,1.1299999952316284,1.1299999952316284,1.1299999952316284,30000
2004-06-02,0.5321979522705078,1.1299999952316284,1.1299999952316284,1.1299999952316284,1.1299999952316284,34000
2004-06-03,0.5274882316589355,1.1200000047683716,1.1200000047683716,1.1200000047683716,1.1200000047683716,140000
2004-06-04,0.5274882316589355,1.1200000047683716,1.1299999952316284,1.1200000047683716,1.1200000047683716,126000
2004-06-07,0.5274882316589355,1.1200000047683716,1.1299999952316284,1.1200000047683716,1.1200000047683716,110000
2004-06-08,0.5274882316589355,1.1200000047683716,1.1200000047683716,1.1200000047683716,1.1200000047683716,130000
2004-06-09,0.5274882316589355,1.1200000047683716,1.1200000047683716,1.1200000047683716,1.1200000047683716,10000
2004-06-10,0.5274882316589355,1.1200000047683716,1.1200000047683716,1.1200000047683716,1.1200000047683716,40000
2004-06-11,0.5274882316589355,1.1200000047683716,1.1200000047683716,1.1200000047683716,1.1200000047683716,50000
2004-06-14,0.5274882316589355,1.1200000047683716,1.1200000047683716,1.1200000047683716,1.1200000047683716,252000
2004-06-15,0.5274882316589355,1.1200000047683716,1.1200000047683716,1.1200000047683716,1.1200000047683716,8000
2004-06-16,0.5274882316589355,1.1200000047683716,1.1200000047683716,1.1200000047683716,1.1200000047683716,40000
2004-06-17,0.5274882316589355,1.1200000047683716,1.1200000047683716,1.1200000047683716,1.1200000047683716,112000
2004-06-18,0.5274882316589355,1.1200000047683716,1.1200000047683716,1.1200000047683716,1.1200000047683716,238000
2004-06-21,0.5274882316589355,1.1200000047683716,1.1200000047683716,1.1200000047683716,1.1200000047683716,100000
2004-06-22,0.5274882316589355,1.1200000047683716,1.1200000047683716,1.1200000047683716,1.1200000047683716,0
2004-06-23,0.5274882316589355,1.1200000047683716,1.1200000047683716,1.1200000047683716,1.1200000047683716,10000
2004-06-24,0.5274882316589355,1.1200000047683716,1.1200000047683716,1.1200000047683716,1.1200000047683716,46000
2004-06-25,0.5274882316589355,1.1200000047683716,1.1200000047683716,1.1200000047683716,1.1200000047683716,10000
2004-06-28,0.5274882316589355,1.1200000047683716,1.190000057220459,1.1200000047683716,1.1200000047683716,0
2004-06-29,0.5321979522705078,1.1299999952316284,1.1299999952316284,1.1200000047683716,1.1200000047683716,12000
2004-06-30,0.5274882316589355,1.1200000047683716,1.1299999952316284,1.1200000047683716,1.1200000047683716,72000
2004-07-01,0.5274882316589355,1.1200000047683716,1.1200000047683716,1.1200000047683716,1.1200000047683716,0
2004-07-02,0.5274882316589355,1.1200000047683716,1.1200000047683716,1.1200000047683716,1.1200000047683716,12000
2004-07-05,0.5274882316589355,1.1200000047683716,1.1799999475479126,1.1200000047683716,1.1200000047683716,0
2004-07-06,0.5274882316589355,1.1200000047683716,1.1799999475479126,1.1200000047683716,1.1200000047683716,0
2004-07-07,0.5416172742843628,1.149999976158142,1.149999976158142,1.1200000047683716,1.1200000047683716,140000
2004-07-08,0.5321979522705078,1.1299999952316284,1.1299999952316284,1.1299999952316284,1.1299999952316284,26000
2004-07-09,0.5321979522705078,1.1299999952316284,1.1299999952316284,1.1299999952316284,1.1299999952316284,20000
2004-07-12,0.5321979522705078,1.1299999952316284,1.1299999952316284,1.1299999952316284,1.1299999952316284,40000
2004-07-13,0.5321979522705078,1.1299999952316284,1.1799999475479126,1.1299999952316284,1.1299999952316284,0
2004-07-14,0.5321979522705078,1.1299999952316284,1.1799999475479126,1.1299999952316284,1.1299999952316284,0
2004-07-15,0.5321979522705078,1.1299999952316284,1.190000057220459,1.1299999952316284,1.1299999952316284,0
2004-07-16,0.5274882316589355,1.1200000047683716,1.190000057220459,1.1200000047683716,1.1200000047683716,0
2004-07-19,0.5557464361190796,1.1799999475479126,1.1799999475479126,1.1799999475479126,1.1799999475479126,10000
2004-07-20,0.5463270545005798,1.159999966621399,1.159999966621399,1.149999976158142,1.149999976158142,50000
2004-07-21,0.5463270545005798,1.159999966621399,1.190000057220459,1.159999966621399,1.159999966621399,0
2004-07-22,0.5651659965515137,1.2000000476837158,1.2000000476837158,1.1799999475479126,1.1799999475479126,118000
2004-07-23,0.5463270545005798,1.159999966621399,1.190000057220459,1.159999966621399,1.1699999570846558,66000
2004-07-26,0.5274882316589355,1.1200000047683716,1.1299999952316284,1.1200000047683716,1.1299999952316284,60000
2004-07-27,0.5274882316589355,1.1200000047683716,1.1200000047683716,1.1200000047683716,1.1200000047683716,42000
2004-07-28,0.5274882316589355,1.1200000047683716,1.1200000047683716,1.1200000047683716,1.1200000047683716,10000
2004-07-29,0.5274882316589355,1.1200000047683716,1.1299999952316284,1.1200000047683716,1.1299999952316284,130000
2004-07-30,0.5274882316589355,1.1200000047683716,1.149999976158142,1.1200000047683716,1.1200000047683716,0
2004-08-02,0.5274882316589355,1.1200000047683716,1.1200000047683716,1.1200000047683716,1.1200000047683716,62000
2004-08-03,0.5369076728820801,1.1399999856948853,1.1399999856948853,1.1399999856948853,1.1399999856948853,154072
2004-08-04,0.5463270545005798,1.159999966621399,1.159999966621399,1.159999966621399,1.159999966621399,30000
2004-08-05,0.5416172742843628,1.149999976158142,1.149999976158142,1.149999976158142,1.149999976158142,40000
2004-08-06,0.5416172742843628,1.149999976158142,1.149999976158142,1.1399999856948853,1.149999976158142,90000
2004-08-09,0.5369076728820801,1.1399999856948853,1.1399999856948853,1.1399999856948853,1.1399999856948853,120000
2004-08-10,0.5369076728820801,1.1399999856948853,1.1399999856948853,1.1399999856948853,1.1399999856948853,76000
2004-08-11,0.5274882316589355,1.1200000047683716,1.1200000047683716,1.1200000047683716,1.1200000047683716,20000
2004-08-12,0.5274882316589355,1.1200000047683716,1.159999966621399,1.1200000047683716,1.1200000047683716,0
2004-08-13,0.5274882316589355,1.1200000047683716,1.1200000047683716,1.1200000047683716,1.1200000047683716,58000
2004-08-16,0.49922990798950195,1.059999942779541,1.1100000143051147,1.059999942779541,1.059999942779541,0
2004-08-17,0.5180687308311462,1.100000023841858,1.100000023841858,1.100000023841858,1.100000023841858,60000
2004-08-18,0.4945201575756073,1.0499999523162842,1.100000023841858,1.0499999523162842,1.0499999523162842,0
2004-08-19,0.5180687308311462,1.100000023841858,1.100000023841858,1.100000023841858,1.100000023841858,10000
2004-08-20,0.49922990798950195,1.059999942779541,1.159999966621399,1.059999942779541,1.059999942779541,0
2004-08-23,0.5180687308311462,1.100000023841858,1.100000023841858,1.100000023841858,1.100000023841858,94000
2004-08-24,0.5180687308311462,1.100000023841858,1.100000023841858,1.100000023841858,1.100000023841858,138000
2004-08-25,0.5227785110473633,1.1100000143051147,1.1100000143051147,1.1100000143051147,1.1100000143051147,312000
2004-08-26,0.5274882316589355,1.1200000047683716,1.1200000047683716,1.1200000047683716,1.1200000047683716,190000
2004-08-27,0.5321979522705078,1.1299999952316284,1.1299999952316284,1.1200000047683716,1.1200000047683716,32000
2004-08-30,0.5274882316589355,1.1200000047683716,1.1200000047683716,1.1200000047683716,1.1200000047683716,4000
2004-08-31,0.5321979522705078,1.1299999952316284,1.1299999952316284,1.1299999952316284,1.1299999952316284,6000
2004-09-01,0.5321979522705078,1.1299999952316284,1.1299999952316284,1.1200000047683716,1.1200000047683716,40000
2004-09-02,0.5321979522705078,1.1299999952316284,1.1299999952316284,1.1299999952316284,1.1299999952316284,30000
2004-09-03,0.5321979522705078,1.1200000047683716,1.1200000047683716,1.1200000047683716,1.1200000047683716,136000
2004-09-06,0.5321979522705078,1.1200000047683716,1.1399999856948853,1.1200000047683716,1.1200000047683716,0
2004-09-07,0.5321979522705078,1.1200000047683716,1.1200000047683716,1.1200000047683716,1.1200000047683716,20000
2004-09-08,0.5417014956474304,1.1399999856948853,1.1399999856948853,1.1399999856948853,1.1399999856948853,63225
2004-09-09,0.5321979522705078,1.1200000047683716,1.1200000047683716,1.1200000047683716,1.1200000047683716,28000
2004-09-10,0.5369495749473572,1.1299999952316284,1.1299999952316284,1.1299999952316284,1.1299999952316284,110000
2004-09-13,0.5321979522705078,1.1200000047683716,1.1200000047683716,1.1200000047683716,1.1200000047683716,4000
2004-09-14,0.5321979522705078,1.1200000047683716,1.1200000047683716,1.1200000047683716,1.1200000047683716,30000
2004-09-15,0.5321979522705078,1.1200000047683716,1.1200000047683716,1.1200000047683716,1.1200000047683716,190000
2004-09-16,0.5369495749473572,1.1299999952316284,1.1299999952316284,1.1299999952316284,1.1299999952316284,74000
2004-09-17,0.5369495749473572,1.1299999952316284,1.1299999952316284,1.1200000047683716,1.1299999952316284,100000
2004-09-20,0.5369495749473572,1.1299999952316284,1.1299999952316284,1.1299999952316284,1.1299999952316284,14000
2004-09-21,0.5321979522705078,1.1200000047683716,1.1200000047683716,1.1200000047683716,1.1200000047683716,10000
2004-09-22,0.5369495749473572,1.1299999952316284,1.1299999952316284,1.1200000047683716,1.1200000047683716,86000
2004-09-23,0.5369495749473572,1.1299999952316284,1.1299999952316284,1.1299999952316284,1.1299999952316284,0
2004-09-24,0.5321979522705078,1.1200000047683716,1.1200000047683716,1.1200000047683716,1.1200000047683716,36000
2004-09-27,0.5321979522705078,1.1200000047683716,1.1200000047683716,1.1200000047683716,1.1200000047683716,0
2004-09-28,0.5321979522705078,1.1200000047683716,1.1200000047683716,1.1200000047683716,1.1200000047683716,74000
2004-09-29,0.5321979522705078,1.1200000047683716,1.1200000047683716,1.1200000047683716,1.1200000047683716,0
2004-09-30,0.5512048602104187,1.159999966621399,1.159999966621399,1.1299999952316284,1.1299999952316284,294000
2004-10-01,0.5512048602104187,1.159999966621399,1.159999966621399,1.159999966621399,1.159999966621399,0
2004-10-04,0.5607085227966309,1.1799999475479126,1.2000000476837158,1.149999976158142,1.2000000476837158,322000
2004-10-05,0.5512048602104187,1.159999966621399,1.159999966621399,1.149999976158142,1.149999976158142,284000
2004-10-06,0.5464531779289246,1.149999976158142,1.159999966621399,1.149999976158142,1.149999976158142,140000
2004-10-07,0.5464531779289246,1.149999976158142,1.159999966621399,1.149999976158142,1.149999976158142,160000
2004-10-08,0.5464531779289246,1.149999976158142,1.149999976158142,1.149999976158142,1.149999976158142,100000
2004-10-11,0.5464531779289246,1.149999976158142,1.149999976158142,1.1399999856948853,1.1399999856948853,90000
2004-10-12,0.5464531779289246,1.149999976158142,1.149999976158142,1.149999976158142,1.149999976158142,0
2004-10-13,0.5512048602104187,1.159999966621399,1.159999966621399,1.159999966621399,1.159999966621399,76000
2004-10-14,0.5559566617012024,1.1699999570846558,1.1699999570846558,1.1699999570846558,1.1699999570846558,50000
2004-10-15,0.5654602646827698,1.190000057220459,1.2000000476837158,1.190000057220459,1.2000000476837158,108000
2004-10-18,0.5654602646827698,1.190000057220459,1.190000057220459,1.1699999570846558,1.1699999570846558,70000
2004-10-19,0.5654602646827698,1.190000057220459,1.2000000476837158,1.1799999475479126,1.2000000476837158,194000
2004-10-20,0.5654602646827698,1.190000057220459,1.190000057220459,1.1799999475479126,1.1799999475479126,42000
2004-10-21,0.5607085227966309,1.1799999475479126,1.190000057220459,1.1799999475479126,1.190000057220459,30000
2004-10-22,0.5607085227966309,1.1799999475479126,1.1799999475479126,1.1799999475479126,1.1799999475479126,0
2004-10-25,0.5464531779289246,1.149999976158142,1.149999976158142,1.149999976158142,1.149999976158142,30000
2004-10-26,0.5559566617012024,1.1699999570846558,1.2000000476837158,1.1699999570846558,1.2000000476837158,128000
2004-10-27,0.5559566617012024,1.1699999570846558,1.1699999570846558,1.1699999570846558,1.1699999570846558,20000
2004-10-28,0.5844674110412598,1.2300000190734863,1.25,1.2000000476837158,1.2000000476837158,342000
2004-10-29,0.5702121257781982,1.2000000476837158,1.2100000381469727,1.190000057220459,1.190000057220459,142000
2004-11-01,0.5844674110412598,1.2300000190734863,1.2300000190734863,1.2000000476837158,1.2000000476837158,32000
2004-11-02,0.5797154903411865,1.2200000286102295,1.2200000286102295,1.190000057220459,1.2200000286102295,188000
2004-11-03,0.5512048602104187,1.159999966621399,1.2000000476837158,1.159999966621399,1.2000000476837158,30000
2004-11-04,0.5654602646827698,1.190000057220459,1.2300000190734863,1.190000057220459,1.2300000190734863,226000
2004-11-05,0.5797154903411865,1.2200000286102295,1.2400000095367432,1.2100000381469727,1.2100000381469727,318000
2004-11-08,0.6462403535842896,1.3600000143051147,1.3799999952316284,1.25,1.25,818000
2004-11-09,0.6652472615242004,1.399999976158142,1.399999976158142,1.2999999523162842,1.2999999523162842,1012000
2004-11-10,0.6557438969612122,1.3799999952316284,1.440000057220459,1.350000023841858,1.399999976158142,1334000
2004-11-11,0.6557438969612122,1.3799999952316284,1.3799999952316284,1.3300000429153442,1.3799999952316284,248000
2004-11-12,0.6224812269210815,1.309999942779541,1.3799999952316284,1.309999942779541,1.3799999952316284,196000
2004-11-15,0.6367368698120117,1.340000033378601,1.340000033378601,1.309999942779541,1.309999942779541,198000
2004-11-16,0.6034744381904602,1.2699999809265137,1.2999999523162842,1.2699999809265137,1.2999999523162842,100000
2004-11-17,0.6034744381904602,1.2699999809265137,1.2999999523162842,1.2400000095367432,1.25,390000
2004-11-18,0.5892190933227539,1.2400000095367432,1.25,1.2300000190734863,1.2400000095367432,840000
2004-11-19,0.617729663848877,1.2999999523162842,1.2999999523162842,1.25,1.25,130000
2004-11-22,0.617729663848877,1.2999999523162842,1.2999999523162842,1.2999999523162842,1.2999999523162842,0
2004-11-23,0.6462403535842896,1.3600000143051147,1.4299999475479126,1.309999942779541,1.309999942779541,1386000
2004-11-24,0.6557438969612122,1.3799999952316284,1.4199999570846558,1.3799999952316284,1.399999976158142,2222000
2004-11-25,0.6462403535842896,1.3600000143051147,1.399999976158142,1.3600000143051147,1.399999976158142,622000
2004-11-26,0.6462403535842896,1.3600000143051147,1.3799999952316284,1.340000033378601,1.3799999952316284,314000
2004-11-29,0.6462403535842896,1.3600000143051147,1.399999976158142,1.3600000143051147,1.399999976158142,254000
2004-11-30,0.6414886116981506,1.350000023841858,1.350000023841858,1.350000023841858,1.350000023841858,90000
2004-12-01,0.6367368698120117,1.340000033378601,1.3700000047683716,1.340000033378601,1.340000033378601,226000
2004-12-02,0.6319851279258728,1.3300000429153442,1.350000023841858,1.3300000429153442,1.340000033378601,212000
2004-12-03,0.617729663848877,1.2999999523162842,1.3200000524520874,1.2999999523162842,1.309999942779541,270000
2004-12-06,0.6224812269210815,1.309999942779541,1.340000033378601,1.309999942779541,1.309999942779541,64000
2004-12-07,0.6224812269210815,1.309999942779541,1.309999942779541,1.309999942779541,1.309999942779541,34000
2004-12-08,0.6224812269210815,1.309999942779541,1.340000033378601,1.309999942779541,1.340000033378601,40000
2004-12-09,0.6224812269210815,1.309999942779541,1.309999942779541,1.309999942779541,1.309999942779541,20000
2004-12-10,0.6319851279258728,1.3300000429153442,1.3300000429153442,1.2899999618530273,1.309999942779541,74000
2004-12-13,0.617729663848877,1.2999999523162842,1.2999999523162842,1.2999999523162842,1.2999999523162842,20000
2004-12-14,0.6272332072257996,1.3200000524520874,1.3200000524520874,1.2999999523162842,1.2999999523162842,50000
2004-12-15,0.6224812269210815,1.309999942779541,1.309999942779541,1.2999999523162842,1.2999999523162842,46000
2004-12-16,0.6224812269210815,1.309999942779541,1.309999942779541,1.309999942779541,1.309999942779541,0
2004-12-17,0.6082261204719543,1.2799999713897705,1.2999999523162842,1.2799999713897705,1.2999999523162842,46000
2004-12-20,0.6367368698120117,1.340000033378601,1.340000033378601,1.309999942779541,1.309999942779541,192000
2004-12-21,0.6272332072257996,1.3200000524520874,1.340000033378601,1.3200000524520874,1.340000033378601,92000
2004-12-22,0.617729663848877,1.2999999523162842,1.2999999523162842,1.2899999618530273,1.2999999523162842,224000
2004-12-23,0.6414886116981506,1.350000023841858,1.350000023841858,1.2999999523162842,1.340000033378601,42000
2004-12-24,0.6367368698120117,1.340000033378601,1.340000033378601,1.340000033378601,1.340000033378601,0
2004-12-27,0.6367368698120117,1.340000033378601,1.340000033378601,1.340000033378601,1.340000033378601,0
2004-12-28,0.6557438969612122,1.3799999952316284,1.3799999952316284,1.340000033378601,1.340000033378601,314000
2004-12-29,0.6604955792427063,1.3899999856948853,1.3899999856948853,1.3799999952316284,1.3799999952316284,360000
2004-12-30,0.6462403535842896,1.3600000143051147,1.3799999952316284,1.350000023841858,1.3600000143051147,110000
2004-12-31,0.6509921550750732,1.3700000047683716,1.3700000047683716,1.3700000047683716,1.3700000047683716,18000
2005-01-03,0.6604955792427063,1.3899999856948853,1.4299999475479126,1.3799999952316284,1.3899999856948853,394000
2005-01-04,0.6795026063919067,1.4299999475479126,1.4299999475479126,1.3799999952316284,1.409999966621399,622000
2005-01-05,0.6578930616378784,1.3700000047683716,1.399999976158142,1.340000033378601,1.340000033378601,258000
2005-01-06,0.6530910134315491,1.3600000143051147,1.3899999856948853,1.350000023841858,1.350000023841858,124000
2005-01-07,0.6530910134315491,1.3600000143051147,1.3899999856948853,1.350000023841858,1.3899999856948853,106000
2005-01-10,0.6578930616378784,1.3700000047683716,1.3700000047683716,1.340000033378601,1.3600000143051147,74000
2005-01-11,0.6434866786003113,1.340000033378601,1.3700000047683716,1.340000033378601,1.3700000047683716,120000
2005-01-12,0.6626952290534973,1.3799999952316284,1.3799999952316284,1.3300000429153442,1.3300000429153442,96000
2005-01-13,0.6626952290534973,1.3799999952316284,1.3799999952316284,1.3799999952316284,1.3799999952316284,50000
2005-01-14,0.6530910134315491,1.3600000143051147,1.3700000047683716,1.350000023841858,1.3700000047683716,274000
2005-01-17,0.6530910134315491,1.3600000143051147,1.3600000143051147,1.3600000143051147,1.3600000143051147,64000
2005-01-18,0.6578930616378784,1.3700000047683716,1.3700000047683716,1.350000023841858,1.3600000143051147,100000
2005-01-19,0.6819038391113281,1.4199999570846558,1.4199999570846558,1.3899999856948853,1.3899999856948853,270000
2005-01-20,0.6626952290534973,1.3799999952316284,1.399999976158142,1.3799999952316284,1.399999976158142,184000
2005-01-21,0.6722993850708008,1.399999976158142,1.4199999570846558,1.3899999856948853,1.399999976158142,290000
2005-01-24,0.7395293712615967,1.5399999618530273,1.5499999523162842,1.399999976158142,1.399999976158142,1282000
2005-01-25,0.7347273826599121,1.5299999713897705,1.5499999523162842,1.4700000286102295,1.5,712000
2005-01-26,0.7107166647911072,1.4800000190734863,1.5,1.4700000286102295,1.5,306000
2005-01-27,0.7107166647911072,1.4800000190734863,1.4900000095367432,1.4600000381469727,1.4700000286102295,370000
2005-01-28,0.7155188918113708,1.4900000095367432,1.5299999713897705,1.4800000190734863,1.4900000095367432,120000
2005-01-31,0.7107166647911072,1.4800000190734863,1.4800000190734863,1.4500000476837158,1.4500000476837158,150000
2005-02-01,0.7203209400177002,1.5,1.5,1.4600000381469727,1.4600000381469727,224000
2005-02-02,0.7299252152442932,1.5199999809265137,1.5499999523162842,1.5,1.5,830000
2005-02-03,0.72512286901474,1.5099999904632568,1.5199999809265137,1.5,1.5099999904632568,460000
2005-02-04,0.7203209400177002,1.5,1.5099999904632568,1.4900000095367432,1.4900000095367432,164000
2005-02-07,0.72512286901474,1.5099999904632568,1.5099999904632568,1.5,1.5,386000
2005-02-08,0.72512286901474,1.5099999904632568,1.5099999904632568,1.4800000190734863,1.5099999904632568,120000
2005-02-14,0.7299252152442932,1.5199999809265137,1.5399999618530273,1.5099999904632568,1.5199999809265137,434000
2005-02-15,0.7203209400177002,1.5,1.5,1.5,1.5,124000
2005-02-16,0.7539359331130981,1.5700000524520874,1.6200000047683716,1.4900000095367432,1.4900000095367432,3038000
2005-02-17,0.7635401487350464,1.590000033378601,1.590000033378601,1.5700000524520874,1.5700000524520874,800000
2005-02-18,0.7587380409240723,1.5800000429153442,1.590000033378601,1.5399999618530273,1.590000033378601,662000
2005-02-21,0.7923530340194702,1.649999976158142,1.649999976158142,1.559999942779541,1.5800000429153442,2420000
2005-02-22,0.8019573092460632,1.6699999570846558,1.7400000095367432,1.649999976158142,1.649999976158142,3428000
2005-02-23,0.8499785661697388,1.7699999809265137,1.7699999809265137,1.649999976158142,1.6699999570846558,2236000
2005-02-24,0.9268126487731934,1.9299999475479126,1.9700000286102295,1.75,1.7599999904632568,3731207
2005-02-25,0.9316149353981018,1.940000057220459,2.0250000953674316,1.9199999570846558,1.9800000190734863,4696000
2005-02-28,0.878791332244873,1.8300000429153442,1.940000057220459,1.8300000429153442,1.940000057220459,1130000
2005-03-01,0.8883958458900452,1.850000023841858,1.9299999475479126,1.809999942779541,1.850000023841858,1220000
2005-03-02,0.878791332244873,1.8300000429153442,1.8799999952316284,1.8200000524520874,1.850000023841858,822000
2005-03-03,0.8691872358322144,1.809999942779541,1.8300000429153442,1.7899999618530273,1.8200000524520874,632000
2005-03-04,0.8451763391494751,1.7599999904632568,1.7999999523162842,1.7400000095367432,1.7999999523162842,678000
2005-03-07,0.8643851280212402,1.7999999523162842,1.8200000524520874,1.75,1.7799999713897705,586000
2005-03-08,0.8595829010009766,1.7899999618530273,1.7999999523162842,1.7799999713897705,1.7999999523162842,352000
2005-03-09,0.8835936188697815,1.840000033378601,1.8700000047683716,1.7899999618530273,1.7899999618530273,956000
2005-03-10,0.8547806143760681,1.7799999713897705,1.809999942779541,1.7799999713897705,1.7999999523162842,406000
2005-03-11,0.8547806143760681,1.7799999713897705,1.8200000524520874,1.7799999713897705,1.809999942779541,366000
2005-03-14,0.840374231338501,1.75,1.7999999523162842,1.75,1.7999999523162842,540000
2005-03-15,0.840374231338501,1.75,1.7799999713897705,1.7200000286102295,1.7799999713897705,304000
2005-03-16,0.8499785661697388,1.7699999809265137,1.7799999713897705,1.7300000190734863,1.7799999713897705,146000
2005-03-17,0.8355722427368164,1.7400000095367432,1.75,1.7400000095367432,1.75,164000
2005-03-18,0.840374231338501,1.75,1.75,1.7300000190734863,1.7300000190734863,528000
2005-03-21,0.8307700753211975,1.7300000190734863,1.75,1.7300000190734863,1.75,64000
2005-03-22,0.8211657404899597,1.7100000381469727,1.7300000190734863,1.690000057220459,1.7300000190734863,194000
2005-03-23,0.8211657404899597,1.7100000381469727,1.7100000381469727,1.7000000476837158,1.7000000476837158,26000
2005-03-24,0.8019573092460632,1.6699999570846558,1.7000000476837158,1.659999966621399,1.7000000476837158,86000
2005-03-29,0.8067594766616821,1.6799999475479126,1.6799999475479126,1.6299999952316284,1.649999976158142,76000
2005-03-30,0.8019573092460632,1.6699999570846558,1.6799999475479126,1.649999976158142,1.649999976158142,240000
2005-03-31,0.8547806143760681,1.7799999713897705,1.7899999618530273,1.6699999570846558,1.6699999570846558,498000
2005-04-01,0.8499785661697388,1.7699999809265137,1.8200000524520874,1.75,1.809999942779541,732000
2005-04-04,0.8931979537010193,1.8600000143051147,1.899999976158142,1.7699999809265137,1.7699999809265137,1194000
2005-04-06,0.8931979537010193,1.8600000143051147,1.899999976158142,1.8600000143051147,1.8799999952316284,488000
2005-04-07,0.878791332244873,1.8300000429153442,1.899999976158142,1.809999942779541,1.8799999952316284,592000
2005-04-08,0.8883958458900452,1.850000023841858,1.850000023841858,1.8200000524520874,1.850000023841858,264000
2005-04-11,0.8835936188697815,1.840000033378601,1.840000033378601,1.8200000524520874,1.8200000524520874,10000
2005-04-12,0.8835936188697815,1.840000033378601,1.850000023841858,1.8200000524520874,1.8300000429153442,206000
2005-04-13,0.9028022885322571,1.8799999952316284,1.9199999570846558,1.8300000429153442,1.840000033378601,812000
2005-04-14,0.8980000019073486,1.8700000047683716,1.8899999856948853,1.850000023841858,1.8799999952316284,468000
2005-04-15,0.8883958458900452,1.850000023841858,1.8600000143051147,1.8300000429153442,1.840000033378601,200000
2005-04-18,0.8883958458900452,1.850000023841858,1.8600000143051147,1.7999999523162842,1.8200000524520874,326000
2005-04-19,0.8980000019073486,1.8700000047683716,1.8700000047683716,1.840000033378601,1.8600000143051147,132000
2005-04-20,0.9028022885322571,1.8799999952316284,1.909999966621399,1.8700000047683716,1.8899999856948853,566000
2005-04-21,0.9028022885322571,1.8799999952316284,1.8899999856948853,1.8600000143051147,1.8600000143051147,376000
2005-04-22,0.8980000019073486,1.8700000047683716,1.8799999952316284,1.840000033378601,1.8799999952316284,580000
2005-04-25,0.9028022885322571,1.8799999952316284,1.8799999952316284,1.8799999952316284,1.8799999952316284,60000
2005-04-26,0.8931979537010193,1.8600000143051147,1.8600000143051147,1.8200000524520874,1.840000033378601,446000
2005-04-27,0.8883958458900452,1.850000023841858,1.850000023841858,1.809999942779541,1.8300000429153442,220000
2005-04-28,0.8931979537010193,1.8600000143051147,1.8600000143051147,1.8600000143051147,1.8600000143051147,10000
2005-04-29,0.8691872358322144,1.809999942779541,1.850000023841858,1.809999942779541,1.850000023841858,172000
2005-05-03,0.8499785661697388,1.7699999809265137,1.7999999523162842,1.7699999809265137,1.7999999523162842,194000
2005-05-04,0.8547806143760681,1.7799999713897705,1.7999999523162842,1.7799999713897705,1.7799999713897705,120000
2005-05-05,0.8643851280212402,1.7999999523162842,1.8300000429153442,1.7999999523162842,1.8300000429153442,102000
2005-05-06,0.8547806143760681,1.7799999713897705,1.7999999523162842,1.7799999713897705,1.7999999523162842,138000
2005-05-09,0.8595829010009766,1.7899999618530273,1.7899999618530273,1.7699999809265137,1.7799999713897705,186000
2005-05-10,0.8547806143760681,1.7799999713897705,1.7799999713897705,1.7799999713897705,1.7799999713897705,90000
2005-05-11,0.8643851280212402,1.7999999523162842,1.7999999523162842,1.7699999809265137,1.7999999523162842,166000
2005-05-12,0.8739894032478333,1.8200000524520874,1.8200000524520874,1.7699999809265137,1.7799999713897705,102000
2005-05-13,0.8499785661697388,1.7699999809265137,1.8200000524520874,1.7699999809265137,1.8200000524520874,116000
2005-05-17,0.840374231338501,1.75,1.7699999809265137,1.75,1.75,86000
2005-05-18,0.840374231338501,1.75,1.7699999809265137,1.7400000095367432,1.7699999809265137,362000
2005-05-19,0.8499785661697388,1.7699999809265137,1.7699999809265137,1.7300000190734863,1.75,216000
2005-05-20,0.8547806143760681,1.7799999713897705,1.7799999713897705,1.7100000381469727,1.7100000381469727,28000
2005-05-23,0.8355722427368164,1.7400000095367432,1.75,1.7400000095367432,1.75,100000
2005-05-24,0.840374231338501,1.75,1.75,1.7200000286102295,1.7400000095367432,152000
2005-05-25,0.8163637518882751,1.7000000476837158,1.7699999809265137,1.7000000476837158,1.7699999809265137,90000
2005-05-26,0.8259679675102234,1.7200000286102295,1.7200000286102295,1.690000057220459,1.7000000476837158,154000
2005-05-27,0.8259679675102234,1.7200000286102295,1.7200000286102295,1.7100000381469727,1.7200000286102295,122000
2005-05-30,0.8163637518882751,1.7000000476837158,1.7100000381469727,1.6799999475479126,1.7000000476837158,260000
2005-05-31,0.8163637518882751,1.7000000476837158,1.7000000476837158,1.6699999570846558,1.7000000476837158,394000
2005-06-01,0.8019573092460632,1.6699999570846558,1.690000057220459,1.6699999570846558,1.6699999570846558,114000
2005-06-02,0.7971550226211548,1.659999966621399,1.7000000476837158,1.659999966621399,1.7000000476837158,42000
2005-06-03,0.7779463529586792,1.6200000047683716,1.659999966621399,1.6200000047683716,1.649999976158142,404000
2005-06-06,0.7779463529586792,1.6200000047683716,1.6200000047683716,1.590000033378601,1.6200000047683716,222000
2005-06-07,0.7971550226211548,1.659999966621399,1.659999966621399,1.6299999952316284,1.6299999952316284,88000
2005-06-08,0.7971550226211548,1.659999966621399,1.7000000476837158,1.659999966621399,1.6699999570846558,596000
2005-06-09,0.7923530340194702,1.649999976158142,1.659999966621399,1.649999976158142,1.659999966621399,110000
2005-06-10,0.8067594766616821,1.6799999475479126,1.6799999475479126,1.6799999475479126,1.6799999475479126,0
2005-06-13,0.7971550226211548,1.659999966621399,1.659999966621399,1.659999966621399,1.659999966621399,48000
2005-06-14,0.7923530340194702,1.649999976158142,1.6699999570846558,1.649999976158142,1.659999966621399,60000
2005-06-15,0.8067594766616821,1.6799999475479126,1.6799999475479126,1.649999976158142,1.649999976158142,52000
2005-06-16,0.8307700753211975,1.7300000190734863,1.7300000190734863,1.649999976158142,1.649999976158142,40000
2005-06-17,0.7875509858131409,1.6399999856948853,1.690000057220459,1.6399999856948853,1.690000057220459,40000
2005-06-20,0.8019573092460632,1.6699999570846558,1.6699999570846558,1.649999976158142,1.649999976158142,130000
2005-06-21,0.7875509858131409,1.6399999856948853,1.7000000476837158,1.6399999856948853,1.7000000476837158,256000
2005-06-22,0.8019573092460632,1.6699999570846558,1.6799999475479126,1.6399999856948853,1.649999976158142,424000
2005-06-23,0.8115615248680115,1.690000057220459,1.690000057220459,1.6699999570846558,1.6799999475479126,218000
2005-06-24,0.8115615248680115,1.690000057220459,1.690000057220459,1.690000057220459,1.690000057220459,0
2005-06-27,0.8211657404899597,1.7100000381469727,1.7100000381469727,1.7000000476837158,1.7000000476837158,106000
2005-06-28,0.7827485203742981,1.6299999952316284,1.6699999570846558,1.6299999952316284,1.6699999570846558,68000
2005-06-29,0.7971550226211548,1.659999966621399,1.7000000476837158,1.659999966621399,1.7000000476837158,70000
2005-06-30,0.7971550226211548,1.659999966621399,1.690000057220459,1.659999966621399,1.6799999475479126,20000
2005-07-04,0.7971550226211548,1.659999966621399,1.659999966621399,1.6200000047683716,1.6200000047683716,114000
2005-07-05,0.7731444239616394,1.6100000143051147,1.6299999952316284,1.6100000143051147,1.6200000047683716,152000
2005-07-06,0.768342137336731,1.600000023841858,1.6399999856948853,1.5800000429153442,1.6299999952316284,248000
2005-07-07,0.7443315386772156,1.5499999523162842,1.600000023841858,1.5499999523162842,1.590000033378601,100000
2005-07-08,0.7491337060928345,1.559999942779541,1.600000023841858,1.559999942779541,1.600000023841858,16000
2005-07-11,0.7635401487350464,1.590000033378601,1.590000033378601,1.5499999523162842,1.559999942779541,260000
2005-07-12,0.7443315386772156,1.5499999523162842,1.559999942779541,1.5,1.5099999904632568,264000
2005-07-13,0.7443315386772156,1.5499999523162842,1.5499999523162842,1.5499999523162842,1.5499999523162842,10000
2005-07-14,0.7443315386772156,1.5499999523162842,1.5499999523162842,1.5499999523162842,1.5499999523162842,90000
2005-07-15,0.72512286901474,1.5099999904632568,1.5499999523162842,1.5099999904632568,1.5499999523162842,186000
2005-07-18,0.7539359331130981,1.5700000524520874,1.5800000429153442,1.5199999809265137,1.5199999809265137,158000
2005-07-19,0.7443315386772156,1.5499999523162842,1.5499999523162842,1.5499999523162842,1.5499999523162842,20000
2005-07-20,0.7443315386772156,1.5499999523162842,1.5800000429153442,1.5499999523162842,1.5800000429153442,56000
2005-07-21,0.7299252152442932,1.5199999809265137,1.5199999809265137,1.5199999809265137,1.5199999809265137,64000
2005-07-22,0.7395293712615967,1.5399999618530273,1.5800000429153442,1.5099999904632568,1.5199999809265137,364000
2005-07-25,0.7731444239616394,1.6100000143051147,1.6100000143051147,1.5199999809265137,1.5800000429153442,404000
2005-07-26,0.7587380409240723,1.5800000429153442,1.600000023841858,1.5800000429153442,1.600000023841858,102000
2005-07-27,0.7587380409240723,1.5800000429153442,1.5800000429153442,1.5800000429153442,1.5800000429153442,20000
2005-07-28,0.7539359331130981,1.5700000524520874,1.5800000429153442,1.5700000524520874,1.5800000429153442,80000
2005-07-29,0.7395293712615967,1.5399999618530273,1.5700000524520874,1.5399999618530273,1.5700000524520874,162000
2005-08-01,0.7539359331130981,1.5700000524520874,1.5700000524520874,1.5,1.5,52000
2005-08-02,0.7395293712615967,1.5399999618530273,1.5499999523162842,1.5099999904632568,1.5499999523162842,122000
2005-08-03,0.72512286901474,1.5099999904632568,1.5199999809265137,1.5099999904632568,1.5199999809265137,184000
2005-08-04,0.72512286901474,1.5099999904632568,1.5199999809265137,1.5099999904632568,1.5199999809265137,202000
2005-08-05,0.72512286901474,1.5099999904632568,1.5199999809265137,1.5099999904632568,1.5199999809265137,56000
2005-08-08,0.7395293712615967,1.5399999618530273,1.559999942779541,1.5399999618530273,1.559999942779541,60000
2005-08-09,0.7299252152442932,1.5199999809265137,1.5399999618530273,1.5099999904632568,1.5199999809265137,100000
2005-08-10,0.7443315386772156,1.5499999523162842,1.5499999523162842,1.5199999809265137,1.5199999809265137,50000
2005-08-11,0.72512286901474,1.5099999904632568,1.5299999713897705,1.5099999904632568,1.5099999904632568,70000
2005-08-12,0.7107166647911072,1.4800000190734863,1.5,1.4800000190734863,1.5,104000
2005-08-15,0.7107166647911072,1.4800000190734863,1.5,1.4600000381469727,1.5,66000
2005-08-16,0.6867057681083679,1.4299999475479126,1.4700000286102295,1.4299999475479126,1.4700000286102295,264000
2005-08-17,0.6819038391113281,1.4199999570846558,1.4500000476837158,1.4199999570846558,1.4199999570846558,172000
2005-08-18,0.6482888460159302,1.350000023841858,1.4199999570846558,1.350000023841858,1.4199999570846558,338000
2005-08-19,0.6338822245597839,1.3200000524520874,1.3200000524520874,1.2799999713897705,1.3200000524520874,180000
2005-08-22,0.6530910134315491,1.3600000143051147,1.3799999952316284,1.3600000143051147,1.3799999952316284,80000
2005-08-23,0.6482888460159302,1.350000023841858,1.3600000143051147,1.350000023841858,1.3600000143051147,140000
2005-08-24,0.6482888460159302,1.350000023841858,1.3600000143051147,1.350000023841858,1.3600000143051147,40000
2005-08-25,0.6578930616378784,1.3700000047683716,1.3700000047683716,1.350000023841858,1.350000023841858,94000
2005-08-26,0.6674973368644714,1.3899999856948853,1.3899999856948853,1.3700000047683716,1.3700000047683716,18000
2005-08-29,0.6482888460159302,1.350000023841858,1.3600000143051147,1.350000023841858,1.3600000143051147,118000
2005-08-30,0.6722993850708008,1.399999976158142,1.399999976158142,1.399999976158142,1.399999976158142,50000
2005-08-31,0.6722993850708008,1.399999976158142,1.399999976158142,1.3799999952316284,1.3899999856948853,216000
2005-09-01,0.6963103413581848,1.4500000476837158,1.4500000476837158,1.399999976158142,1.399999976158142,108000
2005-09-02,0.6963103413581848,1.4500000476837158,1.4600000381469727,1.4500000476837158,1.4500000476837158,308000
2005-09-05,0.6674973368644714,1.3899999856948853,1.4500000476837158,1.3799999952316284,1.4500000476837158,136000
2005-09-06,0.6674973368644714,1.3899999856948853,1.3899999856948853,1.3899999856948853,1.3899999856948853,30000
2005-09-07,0.6626952290534973,1.3799999952316284,1.3899999856948853,1.3799999952316284,1.3899999856948853,216000
2005-09-08,0.6722993850708008,1.399999976158142,1.399999976158142,1.3799999952316284,1.3799999952316284,100000
2005-09-09,0.6674973368644714,1.3899999856948853,1.3899999856948853,1.3799999952316284,1.3799999952316284,60000
2005-09-12,0.6626952290534973,1.3799999952316284,1.3799999952316284,1.3700000047683716,1.3799999952316284,100000
2005-09-13,0.6626952290534973,1.3799999952316284,1.3799999952316284,1.3799999952316284,1.3799999952316284,350000
2005-09-14,0.6578930616378784,1.3700000047683716,1.3799999952316284,1.3700000047683716,1.3799999952316284,108000
2005-09-15,0.6530910134315491,1.3600000143051147,1.3799999952316284,1.3600000143051147,1.3799999952316284,50000
2005-09-16,0.6626952290534973,1.3799999952316284,1.3799999952316284,1.3600000143051147,1.3600000143051147,128000
2005-09-20,0.6578930616378784,1.3700000047683716,1.3799999952316284,1.3700000047683716,1.3799999952316284,64000
2005-09-21,0.6386846899986267,1.3300000429153442,1.3600000143051147,1.3300000429153442,1.3600000143051147,470000
2005-09-22,0.6022576689720154,1.2400000095367432,1.2400000095367432,1.2000000476837158,1.2000000476837158,152000
2005-09-23,0.5974007844924927,1.2300000190734863,1.2400000095367432,1.2300000190734863,1.2300000190734863,212000
2005-09-26,0.6022576689720154,1.2400000095367432,1.2400000095367432,1.2400000095367432,1.2400000095367432,0
2005-09-27,0.6022576689720154,1.2400000095367432,1.2400000095367432,1.2400000095367432,1.2400000095367432,0
2005-09-28,0.6022576689720154,1.2400000095367432,1.2400000095367432,1.2400000095367432,1.2400000095367432,14000
2005-09-29,0.6022576689720154,1.2400000095367432,1.25,1.2400000095367432,1.25,60000
2005-09-30,0.6119715571403503,1.2599999904632568,1.2599999904632568,1.2599999904632568,1.2599999904632568,30000
2005-10-03,0.5828299522399902,1.2000000476837158,1.2599999904632568,1.2000000476837158,1.2599999904632568,160000
2005-10-04,0.5925437808036804,1.2200000286102295,1.2400000095367432,1.190000057220459,1.2000000476837158,110000
2005-10-05,0.5876868963241577,1.2100000381469727,1.2200000286102295,1.2100000381469727,1.2200000286102295,234000
2005-10-06,0.5682591199874878,1.1699999570846558,1.1699999570846558,1.1699999570846558,1.1699999570846558,10000
2005-10-07,0.5731160640716553,1.1799999475479126,1.2000000476837158,1.159999966621399,1.2000000476837158,210000
2005-10-10,0.5536884665489197,1.1399999856948853,1.1799999475479126,1.1399999856948853,1.1799999475479126,96000
2005-10-12,0.5439746975898743,1.1200000047683716,1.1399999856948853,1.1200000047683716,1.1399999856948853,328000
2005-10-13,0.5488314628601074,1.1299999952316284,1.1299999952316284,1.1200000047683716,1.1200000047683716,146000
2005-10-14,0.5488314628601074,1.1299999952316284,1.1299999952316284,1.1299999952316284,1.1299999952316284,80000
2005-10-17,0.5488314628601074,1.1299999952316284,1.1299999952316284,1.1299999952316284,1.1299999952316284,0
2005-10-18,0.5488314628601074,1.1299999952316284,1.1299999952316284,1.1299999952316284,1.1299999952316284,94000
2005-10-19,0.5488314628601074,1.1299999952316284,1.1299999952316284,1.1299999952316284,1.1299999952316284,210000
2005-10-20,0.5488314628601074,1.1299999952316284,1.1299999952316284,1.1299999952316284,1.1299999952316284,22000
2005-10-21,0.5488314628601074,1.1299999952316284,1.1299999952316284,1.1299999952316284,1.1299999952316284,250000
2005-10-24,0.5488314628601074,1.1299999952316284,1.1299999952316284,1.1299999952316284,1.1299999952316284,308000
2005-10-25,0.5488314628601074,1.1299999952316284,1.1299999952316284,1.1299999952316284,1.1299999952316284,44000
2005-10-26,0.5488314628601074,1.1299999952316284,1.1399999856948853,1.1299999952316284,1.1299999952316284,134000
2005-10-27,0.5488314628601074,1.1299999952316284,1.1299999952316284,1.1299999952316284,1.1299999952316284,142000
2005-10-28,0.5488314628601074,1.1299999952316284,1.1299999952316284,1.1299999952316284,1.1299999952316284,0
2005-10-31,0.5488314628601074,1.1299999952316284,1.1299999952316284,1.1299999952316284,1.1299999952316284,198000
2005-11-01,0.5488314628601074,1.1299999952316284,1.1299999952316284,1.1299999952316284,1.1299999952316284,6000
2005-11-02,0.5488314628601074,1.1299999952316284,1.1299999952316284,1.1299999952316284,1.1299999952316284,46000
2005-11-03,0.5488314628601074,1.1299999952316284,1.1299999952316284,1.1299999952316284,1.1299999952316284,0
2005-11-04,0.5488314628601074,1.1299999952316284,1.1399999856948853,1.1299999952316284,1.1399999856948853,134000
2005-11-07,0.5536884665489197,1.1399999856948853,1.1399999856948853,1.1399999856948853,1.1399999856948853,10000
2005-11-08,0.5536884665489197,1.1399999856948853,1.1399999856948853,1.1299999952316284,1.1299999952316284,186000
2005-11-09,0.5634023547172546,1.159999966621399,1.159999966621399,1.149999976158142,1.149999976158142,44000
2005-11-10,0.5488314628601074,1.1299999952316284,1.1399999856948853,1.1299999952316284,1.1399999856948853,44000
2005-11-11,0.5488314628601074,1.1299999952316284,1.1699999570846558,1.1299999952316284,1.1399999856948853,174000
2005-11-14,0.5585453510284424,1.149999976158142,1.149999976158142,1.149999976158142,1.149999976158142,0
2005-11-15,0.5585453510284424,1.149999976158142,1.149999976158142,1.149999976158142,1.149999976158142,0
2005-11-16,0.5488314628601074,1.1299999952316284,1.1299999952316284,1.1299999952316284,1.1299999952316284,16000
2005-11-17,0.5488314628601074,1.1299999952316284,1.1399999856948853,1.1299999952316284,1.1399999856948853,48000
2005-11-18,0.5731160640716553,1.1799999475479126,1.1799999475479126,1.1299999952316284,1.1399999856948853,118000
2005-11-21,0.5731160640716553,1.1799999475479126,1.1799999475479126,1.1799999475479126,1.1799999475479126,0
2005-11-22,0.5488314628601074,1.1299999952316284,1.1399999856948853,1.1299999952316284,1.1399999856948853,110000
2005-11-23,0.5536884665489197,1.1399999856948853,1.1399999856948853,1.1299999952316284,1.1299999952316284,184000
2005-11-24,0.5488314628601074,1.1299999952316284,1.1299999952316284,1.1299999952316284,1.1299999952316284,10000
2005-11-25,0.5536884665489197,1.1399999856948853,1.149999976158142,1.1399999856948853,1.149999976158142,100000
2005-11-28,0.5634023547172546,1.159999966621399,1.159999966621399,1.1399999856948853,1.1399999856948853,20000
2005-11-29,0.5488314628601074,1.1299999952316284,1.1299999952316284,1.1299999952316284,1.1299999952316284,4000
2005-11-30,0.5634023547172546,1.159999966621399,1.159999966621399,1.1399999856948853,1.1399999856948853,90000
2005-12-01,0.5634023547172546,1.159999966621399,1.159999966621399,1.159999966621399,1.159999966621399,52000
2005-12-02,0.5536884665489197,1.1399999856948853,1.1399999856948853,1.1399999856948853,1.1399999856948853,14000
2005-12-05,0.5536884665489197,1.1399999856948853,1.1399999856948853,1.1399999856948853,1.1399999856948853,10000
2005-12-06,0.5488314628601074,1.1299999952316284,1.1299999952316284,1.1299999952316284,1.1299999952316284,250000
2005-12-07,0.5488314628601074,1.1299999952316284,1.1299999952316284,1.1299999952316284,1.1299999952316284,0
2005-12-08,0.5536884665489197,1.1399999856948853,1.1399999856948853,1.1299999952316284,1.1399999856948853,78000
2005-12-09,0.5585453510284424,1.149999976158142,1.149999976158142,1.1399999856948853,1.1399999856948853,154000
2005-12-12,0.5488314628601074,1.1299999952316284,1.1399999856948853,1.1299999952316284,1.1399999856948853,140000
2005-12-13,0.5488314628601074,1.1299999952316284,1.1399999856948853,1.1299999952316284,1.1399999856948853,242000
2005-12-14,0.5488314628601074,1.1299999952316284,1.1299999952316284,1.1299999952316284,1.1299999952316284,8000
2005-12-15,0.5585453510284424,1.149999976158142,1.149999976158142,1.149999976158142,1.149999976158142,40000
2005-12-16,0.5585453510284424,1.149999976158142,1.149999976158142,1.1299999952316284,1.1299999952316284,24000
2005-12-19,0.5488314628601074,1.1299999952316284,1.1299999952316284,1.1299999952316284,1.1299999952316284,42000
2005-12-20,0.5536884665489197,1.1399999856948853,1.1799999475479126,1.1299999952316284,1.1799999475479126,98000
2005-12-21,0.5488314628601074,1.1299999952316284,1.1399999856948853,1.1299999952316284,1.1299999952316284,420000
2005-12-22,0.5488314628601074,1.1299999952316284,1.149999976158142,1.1299999952316284,1.1299999952316284,154000
2005-12-23,0.5585453510284424,1.149999976158142,1.149999976158142,1.1299999952316284,1.1299999952316284,90000
2005-12-28,0.5488314628601074,1.1299999952316284,1.149999976158142,1.1299999952316284,1.149999976158142,134000
2005-12-29,0.5536884665489197,1.1399999856948853,1.1399999856948853,1.1399999856948853,1.1399999856948853,10000
2005-12-30,0.5585453510284424,1.149999976158142,1.149999976158142,1.1399999856948853,1.1399999856948853,90000
2006-01-03,0.5488314628601074,1.1299999952316284,1.1399999856948853,1.1299999952316284,1.1399999856948853,110000
2006-01-04,0.5536884665489197,1.1399999856948853,1.149999976158142,1.1399999856948853,1.149999976158142,100000
2006-01-05,0.5488314628601074,1.1299999952316284,1.1399999856948853,1.1299999952316284,1.1299999952316284,224000
2006-01-06,0.5488314628601074,1.1299999952316284,1.1299999952316284,1.1299999952316284,1.1299999952316284,720000
2006-01-09,0.5536884665489197,1.1399999856948853,1.1399999856948853,1.1299999952316284,1.1399999856948853,240000
2006-01-10,0.5488314628601074,1.1299999952316284,1.1399999856948853,1.1299999952316284,1.1299999952316284,164000
2006-01-11,0.5488314628601074,1.1299999952316284,1.1299999952316284,1.1200000047683716,1.1200000047683716,210000
2006-01-12,0.5488314628601074,1.1299999952316284,1.1299999952316284,1.1200000047683716,1.1200000047683716,76000
2006-01-13,0.5488314628601074,1.1299999952316284,1.1299999952316284,1.1200000047683716,1.1299999952316284,506000
2006-01-16,0.5536884665489197,1.1399999856948853,1.1399999856948853,1.1299999952316284,1.1299999952316284,138000
2006-01-17,0.5585453510284424,1.149999976158142,1.159999966621399,1.1399999856948853,1.1399999856948853,230000
2006-01-18,0.5536884665489197,1.1399999856948853,1.1399999856948853,1.1399999856948853,1.1399999856948853,138000
2006-01-19,0.5634023547172546,1.159999966621399,1.159999966621399,1.149999976158142,1.149999976158142,200000
2006-01-20,0.5634023547172546,1.159999966621399,1.159999966621399,1.149999976158142,1.149999976158142,250000
2006-01-23,0.5585453510284424,1.149999976158142,1.149999976158142,1.149999976158142,1.149999976158142,20000
2006-01-24,0.5488314628601074,1.1299999952316284,1.149999976158142,1.1299999952316284,1.1399999856948853,178000
2006-01-25,0.5536884665489197,1.1399999856948853,1.1399999856948853,1.1399999856948853,1.1399999856948853,110000
2006-01-26,0.5585453510284424,1.149999976158142,1.149999976158142,1.149999976158142,1.149999976158142,90000
2006-01-27,0.5536884665489197,1.1399999856948853,1.149999976158142,1.1399999856948853,1.149999976158142,30000
2006-02-01,0.5536884665489197,1.1399999856948853,1.149999976158142,1.1399999856948853,1.1399999856948853,170000
2006-02-02,0.5488314628601074,1.1299999952316284,1.1399999856948853,1.1299999952316284,1.1299999952316284,426000
2006-02-03,0.5488314628601074,1.1299999952316284,1.1299999952316284,1.1299999952316284,1.1299999952316284,92000
2006-02-06,0.5536884665489197,1.1399999856948853,1.1399999856948853,1.1299999952316284,1.1299999952316284,90000
2006-02-07,0.5634023547172546,1.159999966621399,1.159999966621399,1.1299999952316284,1.1299999952316284,160000
2006-02-08,0.5779731273651123,1.190000057220459,1.190000057220459,1.1299999952316284,1.159999966621399,262000
2006-02-09,0.5779731273651123,1.190000057220459,1.190000057220459,1.149999976158142,1.190000057220459,102000
2006-02-10,0.5779731273651123,1.190000057220459,1.190000057220459,1.149999976158142,1.1799999475479126,166000
2006-02-13,0.5585453510284424,1.149999976158142,1.149999976158142,1.149999976158142,1.149999976158142,60000
2006-02-14,0.5536884665489197,1.1399999856948853,1.149999976158142,1.1399999856948853,1.149999976158142,30000
2006-02-15,0.5634023547172546,1.159999966621399,1.159999966621399,1.159999966621399,1.159999966621399,40000
2006-02-16,0.5585453510284424,1.149999976158142,1.149999976158142,1.149999976158142,1.149999976158142,10000
2006-02-17,0.5536884665489197,1.1399999856948853,1.149999976158142,1.1399999856948853,1.149999976158142,120000
2006-02-20,0.5585453510284424,1.149999976158142,1.149999976158142,1.1399999856948853,1.149999976158142,110000
2006-02-21,0.5585453510284424,1.149999976158142,1.149999976158142,1.149999976158142,1.149999976158142,110000
2006-02-22,0.5585453510284424,1.149999976158142,1.149999976158142,1.1299999952316284,1.1299999952316284,108000
2006-02-23,0.5536884665489197,1.1399999856948853,1.1399999856948853,1.1299999952316284,1.1299999952316284,70000
2006-02-24,0.5488314628601074,1.1299999952316284,1.1299999952316284,1.1299999952316284,1.1299999952316284,62000
2006-02-27,0.5488314628601074,1.1299999952316284,1.1299999952316284,1.1299999952316284,1.1299999952316284,44000
2006-02-28,0.5488314628601074,1.1299999952316284,1.1299999952316284,1.1299999952316284,1.1299999952316284,90000
2006-03-01,0.5488314628601074,1.1299999952316284,1.1299999952316284,1.1299999952316284,1.1299999952316284,70000
2006-03-02,0.5585453510284424,1.149999976158142,1.149999976158142,1.1399999856948853,1.1399999856948853,60000
2006-03-03,0.5585453510284424,1.149999976158142,1.159999966621399,1.1399999856948853,1.159999966621399,114000
2006-03-06,0.5536884665489197,1.1399999856948853,1.1399999856948853,1.1399999856948853,1.1399999856948853,50000
2006-03-07,0.5536884665489197,1.1399999856948853,1.1399999856948853,1.1399999856948853,1.1399999856948853,20000
2006-03-08,0.5488314628601074,1.1299999952316284,1.1299999952316284,1.1299999952316284,1.1299999952316284,130000
2006-03-09,0.5585453510284424,1.149999976158142,1.149999976158142,1.1399999856948853,1.1399999856948853,160000
2006-03-10,0.5585453510284424,1.149999976158142,1.159999966621399,1.149999976158142,1.159999966621399,44000
2006-03-13,0.5585453510284424,1.149999976158142,1.149999976158142,1.149999976158142,1.149999976158142,0
2006-03-14,0.5536884665489197,1.1399999856948853,1.149999976158142,1.1399999856948853,1.149999976158142,48000
2006-03-15,0.5536884665489197,1.1399999856948853,1.1399999856948853,1.1399999856948853,1.1399999856948853,40000
2006-03-16,0.5536884665489197,1.1399999856948853,1.149999976158142,1.1399999856948853,1.1399999856948853,60000
2006-03-17,0.5585453510284424,1.149999976158142,1.149999976158142,1.149999976158142,1.149999976158142,10000
2006-03-20,0.5634023547172546,1.159999966621399,1.1799999475479126,1.149999976158142,1.149999976158142,156000
2006-03-21,0.5828299522399902,1.2000000476837158,1.2000000476837158,1.1399999856948853,1.159999966621399,420000
2006-03-22,0.5585453510284424,1.149999976158142,1.1699999570846558,1.149999976158142,1.1699999570846558,198000
2006-03-23,0.5682591199874878,1.1699999570846558,1.1699999570846558,1.1399999856948853,1.149999976158142,120000
2006-03-24,0.5585453510284424,1.149999976158142,1.1699999570846558,1.149999976158142,1.149999976158142,70000
2006-03-27,0.5585453510284424,1.149999976158142,1.159999966621399,1.149999976158142,1.149999976158142,134000
2006-03-28,0.5585453510284424,1.149999976158142,1.149999976158142,1.1399999856948853,1.1399999856948853,30000
2006-03-29,0.5634023547172546,1.159999966621399,1.159999966621399,1.149999976158142,1.149999976158142,10000
2006-03-30,0.5536884665489197,1.1399999856948853,1.1399999856948853,1.1399999856948853,1.1399999856948853,70000
2006-03-31,0.5536884665489197,1.1399999856948853,1.1399999856948853,1.1399999856948853,1.1399999856948853,104000
2006-04-03,0.5536884665489197,1.1399999856948853,1.149999976158142,1.1399999856948853,1.1399999856948853,288000
2006-04-04,0.5585453510284424,1.149999976158142,1.149999976158142,1.149999976158142,1.149999976158142,70000
2006-04-06,0.5682591199874878,1.1699999570846558,1.1699999570846558,1.1399999856948853,1.1399999856948853,100000
2006-04-07,0.5536884665489197,1.1399999856948853,1.149999976158142,1.1399999856948853,1.149999976158142,304000
2006-04-10,0.5585453510284424,1.149999976158142,1.149999976158142,1.1399999856948853,1.149999976158142,240000
2006-04-11,0.5585453510284424,1.149999976158142,1.149999976158142,1.1399999856948853,1.1399999856948853,338000
2006-04-12,0.5585453510284424,1.149999976158142,1.149999976158142,1.1399999856948853,1.1399999856948853,134000
2006-04-13,0.5536884665489197,1.1399999856948853,1.149999976158142,1.1399999856948853,1.149999976158142,154000
2006-04-18,0.5536884665489197,1.1399999856948853,1.1399999856948853,1.1399999856948853,1.1399999856948853,0
2006-04-19,0.5682591199874878,1.1699999570846558,1.1699999570846558,1.1399999856948853,1.1399999856948853,120000
2006-04-20,0.5536884665489197,1.1399999856948853,1.1399999856948853,1.1399999856948853,1.1399999856948853,100000
2006-04-21,0.5634023547172546,1.159999966621399,1.159999966621399,1.149999976158142,1.149999976158142,84000
2006-04-24,0.5536884665489197,1.1399999856948853,1.1399999856948853,1.1399999856948853,1.1399999856948853,126000
2006-04-25,0.5536884665489197,1.1399999856948853,1.1399999856948853,1.1399999856948853,1.1399999856948853,278000
2006-04-26,0.5536884665489197,1.1399999856948853,1.149999976158142,1.1399999856948853,1.149999976158142,170000
2006-04-27,0.5536884665489197,1.1399999856948853,1.1399999856948853,1.1399999856948853,1.1399999856948853,6000
2006-04-28,0.5585453510284424,1.149999976158142,1.149999976158142,1.1399999856948853,1.1399999856948853,338000
2006-05-02,0.5536884665489197,1.1399999856948853,1.1399999856948853,1.1399999856948853,1.1399999856948853,70000
2006-05-03,0.5536884665489197,1.1399999856948853,1.159999966621399,1.1399999856948853,1.1399999856948853,48000
2006-05-04,0.5585453510284424,1.149999976158142,1.149999976158142,1.149999976158142,1.149999976158142,180000
2006-05-08,0.5585453510284424,1.149999976158142,1.149999976158142,1.149999976158142,1.149999976158142,20000
2006-05-09,0.5536884665489197,1.1399999856948853,1.149999976158142,1.1399999856948853,1.149999976158142,308000
2006-05-10,0.5585453510284424,1.149999976158142,1.149999976158142,1.1399999856948853,1.149999976158142,304000
2006-05-11,0.5585453510284424,1.149999976158142,1.149999976158142,1.1399999856948853,1.149999976158142,100000
2006-05-12,0.5536884665489197,1.1399999856948853,1.1399999856948853,1.1399999856948853,1.1399999856948853,280000
2006-05-15,0.5536884665489197,1.1399999856948853,1.1399999856948853,1.1399999856948853,1.1399999856948853,552000
2006-05-16,0.5536884665489197,1.1399999856948853,1.1399999856948853,1.1399999856948853,1.1399999856948853,180000
2006-05-17,0.5536884665489197,1.1399999856948853,1.1399999856948853,1.1399999856948853,1.1399999856948853,10000
2006-05-18,0.5585453510284424,1.149999976158142,1.159999966621399,1.1399999856948853,1.1399999856948853,352000
2006-05-19,0.5536884665489197,1.1399999856948853,1.1399999856948853,1.1399999856948853,1.1399999856948853,126000
2006-05-22,0.5536884665489197,1.1399999856948853,1.1399999856948853,1.1399999856948853,1.1399999856948853,394000
2006-05-23,0.5536884665489197,1.1399999856948853,1.1399999856948853,1.1399999856948853,1.1399999856948853,104000
2006-05-24,0.5536884665489197,1.1399999856948853,1.1399999856948853,1.1399999856948853,1.1399999856948853,184000
2006-05-25,0.5536884665489197,1.1399999856948853,1.1399999856948853,1.1399999856948853,1.1399999856948853,228000
2006-05-26,0.5536884665489197,1.1399999856948853,1.1399999856948853,1.1399999856948853,1.1399999856948853,58000
2006-05-29,0.5488314628601074,1.1299999952316284,1.1299999952316284,1.1299999952316284,1.1299999952316284,6000
2006-05-30,0.5488314628601074,1.1299999952316284,1.1299999952316284,1.1299999952316284,1.1299999952316284,80000
2006-06-01,0.5439746975898743,1.1200000047683716,1.1299999952316284,1.1200000047683716,1.1299999952316284,280000
2006-06-02,0.5488314628601074,1.1299999952316284,1.1299999952316284,1.1299999952316284,1.1299999952316284,126000
2006-06-05,0.5536884665489197,1.1399999856948853,1.1399999856948853,1.1299999952316284,1.1299999952316284,80000
2006-06-06,0.5488314628601074,1.1299999952316284,1.1299999952316284,1.1299999952316284,1.1299999952316284,200000
2006-06-07,0.5488314628601074,1.1299999952316284,1.1399999856948853,1.1299999952316284,1.1399999856948853,54000
2006-06-08,0.5488314628601074,1.1299999952316284,1.1299999952316284,1.1299999952316284,1.1299999952316284,104000
2006-06-09,0.5488314628601074,1.1299999952316284,1.1299999952316284,1.1299999952316284,1.1299999952316284,22000
2006-06-12,0.5488314628601074,1.1299999952316284,1.1299999952316284,1.1299999952316284,1.1299999952316284,110000
2006-06-13,0.5488314628601074,1.1299999952316284,1.1399999856948853,1.1299999952316284,1.1399999856948853,226000
2006-06-14,0.5488314628601074,1.1299999952316284,1.1299999952316284,1.1200000047683716,1.1299999952316284,610000
2006-06-15,0.5488314628601074,1.1299999952316284,1.1399999856948853,1.1299999952316284,1.1399999856948853,110000
2006-06-16,0.5488314628601074,1.1299999952316284,1.1299999952316284,1.1299999952316284,1.1299999952316284,96000
2006-06-19,0.5536884665489197,1.1399999856948853,1.1399999856948853,1.1299999952316284,1.1299999952316284,50000
2006-06-20,0.5488314628601074,1.1299999952316284,1.1399999856948853,1.1299999952316284,1.1399999856948853,220000
2006-06-21,0.5536884665489197,1.1399999856948853,1.1399999856948853,1.1299999952316284,1.1299999952316284,126000
2006-06-22,0.5536884665489197,1.1399999856948853,1.1399999856948853,1.1299999952316284,1.1299999952316284,150000
2006-06-23,0.5488314628601074,1.1299999952316284,1.1399999856948853,1.1299999952316284,1.1299999952316284,50000
2006-06-26,0.5488314628601074,1.1299999952316284,1.1299999952316284,1.1299999952316284,1.1299999952316284,0
2006-06-27,0.5488314628601074,1.1299999952316284,1.1299999952316284,1.1299999952316284,1.1299999952316284,20000
2006-06-28,0.5488314628601074,1.1299999952316284,1.1299999952316284,1.1299999952316284,1.1299999952316284,0
2006-06-29,0.5488314628601074,1.1299999952316284,1.1299999952316284,1.1299999952316284,1.1299999952316284,0
2006-06-30,0.5488314628601074,1.1299999952316284,1.1299999952316284,1.1299999952316284,1.1299999952316284,0
2006-07-03,0.5488314628601074,1.1299999952316284,1.1299999952316284,1.1299999952316284,1.1299999952316284,64000
2006-07-04,0.5488314628601074,1.1299999952316284,1.1299999952316284,1.1299999952316284,1.1299999952316284,46000
2006-07-05,0.5488314628601074,1.1299999952316284,1.1699999570846558,1.1299999952316284,1.1299999952316284,113000
2006-07-06,0.5536884665489197,1.1399999856948853,1.149999976158142,1.1399999856948853,1.149999976158142,4000
2006-07-07,0.5536884665489197,1.1399999856948853,1.1399999856948853,1.1399999856948853,1.1399999856948853,0
2006-07-10,0.5488314628601074,1.1299999952316284,1.1299999952316284,1.1299999952316284,1.1299999952316284,22000
2006-07-11,0.5488314628601074,1.1299999952316284,1.1299999952316284,1.1299999952316284,1.1299999952316284,2000
2006-07-12,0.5488314628601074,1.1299999952316284,1.1399999856948853,1.1299999952316284,1.1299999952316284,34000
2006-07-13,0.5488314628601074,1.1299999952316284,1.1299999952316284,1.1299999952316284,1.1299999952316284,20000
2006-07-14,0.5488314628601074,1.1299999952316284,1.1299999952316284,1.1299999952316284,1.1299999952316284,4000
2006-07-17,0.5488314628601074,1.1299999952316284,1.1299999952316284,1.1299999952316284,1.1299999952316284,134000
2006-07-18,0.5488314628601074,1.1299999952316284,1.1299999952316284,1.1299999952316284,1.1299999952316284,16000
2006-07-19,0.5488314628601074,1.1299999952316284,1.149999976158142,1.1299999952316284,1.1299999952316284,154000
2006-07-20,0.5488314628601074,1.1299999952316284,1.1299999952316284,1.1299999952316284,1.1299999952316284,96000
2006-07-21,0.5488314628601074,1.1299999952316284,1.1299999952316284,1.1299999952316284,1.1299999952316284,4000
2006-07-24,0.5488314628601074,1.1299999952316284,1.1299999952316284,1.1299999952316284,1.1299999952316284,20000
2006-07-25,0.5536884665489197,1.1399999856948853,1.1399999856948853,1.1399999856948853,1.1399999856948853,60000
2006-07-26,0.5536884665489197,1.1399999856948853,1.1399999856948853,1.1399999856948853,1.1399999856948853,30000
2006-07-27,0.5488314628601074,1.1299999952316284,1.1699999570846558,1.1299999952316284,1.1299999952316284,630000
2006-07-28,0.5439746975898743,1.1200000047683716,1.1299999952316284,1.1200000047683716,1.1299999952316284,554000
2006-07-31,0.5439746975898743,1.1200000047683716,1.1200000047683716,1.1200000047683716,1.1200000047683716,362000
2006-08-01,0.5439746975898743,1.1200000047683716,1.1200000047683716,1.1200000047683716,1.1200000047683716,356000
2006-08-02,0.5439746975898743,1.1200000047683716,1.1200000047683716,1.1200000047683716,1.1200000047683716,102000
2006-08-03,0.5488314628601074,1.1299999952316284,1.1299999952316284,1.1200000047683716,1.1200000047683716,336000
2006-08-04,0.5488314628601074,1.1299999952316284,1.1299999952316284,1.1299999952316284,1.1299999952316284,96000
2006-08-07,0.5488314628601074,1.1299999952316284,1.1299999952316284,1.1200000047683716,1.1299999952316284,566604
2006-08-08,0.5488314628601074,1.1299999952316284,1.1299999952316284,1.1299999952316284,1.1299999952316284,94000
2006-08-09,0.5488314628601074,1.1299999952316284,1.1299999952316284,1.1299999952316284,1.1299999952316284,298000
2006-08-10,0.5488314628601074,1.1299999952316284,1.1299999952316284,1.1299999952316284,1.1299999952316284,54000
2006-08-11,0.5488314628601074,1.1299999952316284,1.1299999952316284,1.1299999952316284,1.1299999952316284,24000
2006-08-14,0.5488314628601074,1.1299999952316284,1.1299999952316284,1.1299999952316284,1.1299999952316284,70000
2006-08-15,0.5488314628601074,1.1299999952316284,1.1299999952316284,1.1299999952316284,1.1299999952316284,30000
2006-08-16,0.5488314628601074,1.1299999952316284,1.1299999952316284,1.1299999952316284,1.1299999952316284,32000
2006-08-17,0.5488314628601074,1.1299999952316284,1.1299999952316284,1.1299999952316284,1.1299999952316284,16000
2006-08-18,0.5488314628601074,1.1299999952316284,1.1299999952316284,1.1299999952316284,1.1299999952316284,70000
2006-08-21,0.5488314628601074,1.1299999952316284,1.1299999952316284,1.1299999952316284,1.1299999952316284,312000
2006-08-22,0.5488314628601074,1.1299999952316284,1.1299999952316284,1.1299999952316284,1.1299999952316284,20000
2006-08-23,0.5488314628601074,1.1299999952316284,1.1299999952316284,1.1299999952316284,1.1299999952316284,20000
2006-08-24,0.5488314628601074,1.1299999952316284,1.1299999952316284,1.1299999952316284,1.1299999952316284,4000
2006-08-25,0.5488314628601074,1.1299999952316284,1.1299999952316284,1.1299999952316284,1.1299999952316284,130000
2006-08-28,0.5488314628601074,1.1299999952316284,1.1299999952316284,1.1299999952316284,1.1299999952316284,0
2006-08-29,0.5488314628601074,1.1299999952316284,1.1299999952316284,1.1299999952316284,1.1299999952316284,20000
2006-08-30,0.5488314628601074,1.1299999952316284,1.1299999952316284,1.1299999952316284,1.1299999952316284,136000
2006-08-31,0.5488314628601074,1.1299999952316284,1.1299999952316284,1.1299999952316284,1.1299999952316284,10000
2006-09-01,0.5488314628601074,1.1299999952316284,1.1299999952316284,1.1299999952316284,1.1299999952316284,220000
2006-09-04,0.5488314628601074,1.1299999952316284,1.1299999952316284,1.1299999952316284,1.1299999952316284,78000
2006-09-05,0.5488314628601074,1.1299999952316284,1.1299999952316284,1.1299999952316284,1.1299999952316284,50000
2006-09-06,0.5488314628601074,1.1299999952316284,1.1299999952316284,1.1299999952316284,1.1299999952316284,74000
2006-09-07,0.5488314628601074,1.1299999952316284,1.1299999952316284,1.1299999952316284,1.1299999952316284,68000
2006-09-08,0.5488314628601074,1.1299999952316284,1.1299999952316284,1.1299999952316284,1.1299999952316284,20000
2006-09-11,0.5488314628601074,1.1299999952316284,1.1299999952316284,1.1299999952316284,1.1299999952316284,70000
2006-09-12,0.5536884665489197,1.1399999856948853,1.1399999856948853,1.1299999952316284,1.1399999856948853,208000
2006-09-13,0.5488314628601074,1.1299999952316284,1.1299999952316284,1.1299999952316284,1.1299999952316284,98000
2006-09-14,0.5488314628601074,1.1299999952316284,1.149999976158142,1.1299999952316284,1.149999976158142,26000
2006-09-15,0.5488314628601074,1.1299999952316284,1.1299999952316284,1.1299999952316284,1.1299999952316284,110000
2006-09-18,0.5488314628601074,1.1299999952316284,1.1299999952316284,1.1299999952316284,1.1299999952316284,40000
2006-09-19,0.5488314628601074,1.1299999952316284,1.1299999952316284,1.1299999952316284,1.1299999952316284,98000
2006-09-20,0.5488314628601074,1.1299999952316284,1.1299999952316284,1.1299999952316284,1.1299999952316284,10000
2006-09-21,0.5536884665489197,1.1399999856948853,1.1399999856948853,1.1399999856948853,1.1399999856948853,76000
2006-09-22,0.5488314628601074,1.1299999952316284,1.1299999952316284,1.1299999952316284,1.1299999952316284,36000
2006-09-25,0.5488314628601074,1.1299999952316284,1.1299999952316284,1.1299999952316284,1.1299999952316284,256000
2006-09-26,0.5536884665489197,1.1399999856948853,1.1399999856948853,1.1299999952316284,1.1299999952316284,120000
2006-09-27,0.5536884665489197,1.1399999856948853,1.1399999856948853,1.1399999856948853,1.1399999856948853,118000
2006-09-28,0.5536884665489197,1.1399999856948853,1.149999976158142,1.1399999856948853,1.1399999856948853,314000
2006-09-29,0.5536884665489197,1.1399999856948853,1.1399999856948853,1.1399999856948853,1.1399999856948853,106000
2006-10-03,0.5536884665489197,1.1399999856948853,1.1399999856948853,1.1399999856948853,1.1399999856948853,50000
2006-10-04,0.5585453510284424,1.149999976158142,1.149999976158142,1.1399999856948853,1.1399999856948853,128000
2006-10-05,0.5682591199874878,1.1699999570846558,1.1699999570846558,1.149999976158142,1.149999976158142,168000
2006-10-06,0.5876868963241577,1.2100000381469727,1.2300000190734863,1.1699999570846558,1.1799999475479126,530000
2006-10-09,0.6119715571403503,1.2599999904632568,1.399999976158142,1.2300000190734863,1.2300000190734863,150000
2006-10-10,0.6022576689720154,1.2400000095367432,1.2799999713897705,1.2400000095367432,1.2799999713897705,184000
2006-10-11,0.5876868963241577,1.2100000381469727,1.2100000381469727,1.2000000476837158,1.2100000381469727,240000
2006-10-12,0.5828299522399902,1.2000000476837158,1.2000000476837158,1.190000057220459,1.2000000476837158,184000
2006-10-13,0.5828299522399902,1.2000000476837158,1.2000000476837158,1.2000000476837158,1.2000000476837158,26000
2006-10-16,0.5828299522399902,1.2000000476837158,1.2000000476837158,1.2000000476837158,1.2000000476837158,52000
2006-10-17,0.5828299522399902,1.2000000476837158,1.2100000381469727,1.2000000476837158,1.2000000476837158,18000
2006-10-18,0.5828299522399902,1.2000000476837158,1.2000000476837158,1.2000000476837158,1.2000000476837158,0
2006-10-19,0.5828299522399902,1.2000000476837158,1.2000000476837158,1.2000000476837158,1.2000000476837158,40000
2006-10-20,0.5876868963241577,1.2100000381469727,1.2100000381469727,1.2000000476837158,1.2000000476837158,125333
2006-10-23,0.5828299522399902,1.2000000476837158,1.2000000476837158,1.2000000476837158,1.2000000476837158,90000
2006-10-24,0.5828299522399902,1.2000000476837158,1.2000000476837158,1.190000057220459,1.2000000476837158,180000
2006-10-25,0.5828299522399902,1.2000000476837158,1.2000000476837158,1.2000000476837158,1.2000000476837158,130000
2006-10-26,0.5828299522399902,1.2000000476837158,1.2000000476837158,1.2000000476837158,1.2000000476837158,104000
2006-10-27,0.5828299522399902,1.2000000476837158,1.2000000476837158,1.2000000476837158,1.2000000476837158,16000
2006-10-31,0.5828299522399902,1.2000000476837158,1.2000000476837158,1.2000000476837158,1.2000000476837158,30000
2006-11-01,0.5828299522399902,1.2000000476837158,1.2000000476837158,1.2000000476837158,1.2000000476837158,30000
2006-11-02,0.5828299522399902,1.2000000476837158,1.2000000476837158,1.2000000476837158,1.2000000476837158,94000
2006-11-03,0.5828299522399902,1.2000000476837158,1.2000000476837158,1.2000000476837158,1.2000000476837158,108000
2006-11-06,0.5828299522399902,1.2000000476837158,1.2000000476837158,1.2000000476837158,1.2000000476837158,92000
2006-11-07,0.5828299522399902,1.2000000476837158,1.2000000476837158,1.2000000476837158,1.2000000476837158,201800
2006-11-08,0.5828299522399902,1.2000000476837158,1.2000000476837158,1.2000000476837158,1.2000000476837158,120000
2006-11-09,0.5828299522399902,1.2000000476837158,1.2000000476837158,1.2000000476837158,1.2000000476837158,4000
2006-11-10,0.5876868963241577,1.2100000381469727,1.25,1.2000000476837158,1.2000000476837158,64000
2006-11-13,0.5828299522399902,1.2000000476837158,1.2100000381469727,1.2000000476837158,1.2100000381469727,242000
2006-11-14,0.5828299522399902,1.2000000476837158,1.2000000476837158,1.2000000476837158,1.2000000476837158,170000
2006-11-15,0.5828299522399902,1.2000000476837158,1.2100000381469727,1.190000057220459,1.2100000381469727,276000
2006-11-16,0.5828299522399902,1.2000000476837158,1.2300000190734863,1.2000000476837158,1.2300000190734863,96000
2006-11-17,0.5828299522399902,1.2000000476837158,1.2000000476837158,1.2000000476837158,1.2000000476837158,186000
2006-11-20,0.5828299522399902,1.2000000476837158,1.2000000476837158,1.2000000476837158,1.2000000476837158,0
2006-11-21,0.5828299522399902,1.2000000476837158,1.2000000476837158,1.2000000476837158,1.2000000476837158,174000
2006-11-22,0.5876868963241577,1.2100000381469727,1.2100000381469727,1.2000000476837158,1.2000000476837158,90000
2006-11-23,0.5828299522399902,1.2000000476837158,1.2300000190734863,1.2000000476837158,1.2300000190734863,270000
2006-11-24,0.5828299522399902,1.2000000476837158,1.2100000381469727,1.2000000476837158,1.2000000476837158,180000
2006-11-27,0.5828299522399902,1.2000000476837158,1.2000000476837158,1.2000000476837158,1.2000000476837158,146000
2006-11-28,0.5828299522399902,1.2000000476837158,1.2000000476837158,1.2000000476837158,1.2000000476837158,200000
2006-11-29,0.5828299522399902,1.2000000476837158,1.2000000476837158,1.2000000476837158,1.2000000476837158,46000
2006-11-30,0.5828299522399902,1.2000000476837158,1.2100000381469727,1.2000000476837158,1.2100000381469727,26000
2006-12-01,0.5828299522399902,1.2000000476837158,1.2000000476837158,1.2000000476837158,1.2000000476837158,122000
2006-12-04,0.5828299522399902,1.2000000476837158,1.2000000476837158,1.2000000476837158,1.2000000476837158,210000
2006-12-05,0.5828299522399902,1.2000000476837158,1.2100000381469727,1.2000000476837158,1.2000000476837158,124000
2006-12-06,0.5876868963241577,1.2100000381469727,1.2100000381469727,1.2000000476837158,1.2000000476837158,20000
2006-12-07,0.5828299522399902,1.2000000476837158,1.2000000476837158,1.2000000476837158,1.2000000476837158,662000
2006-12-08,0.5828299522399902,1.2000000476837158,1.2000000476837158,1.2000000476837158,1.2000000476837158,10000
2006-12-11,0.5828299522399902,1.2000000476837158,1.2000000476837158,1.2000000476837158,1.2000000476837158,20000
2006-12-12,0.5828299522399902,1.2000000476837158,1.2000000476837158,1.2000000476837158,1.2000000476837158,16000
2006-12-13,0.5828299522399902,1.2000000476837158,1.2000000476837158,1.2000000476837158,1.2000000476837158,0
2006-12-14,0.5876868963241577,1.2100000381469727,1.25,1.2000000476837158,1.2000000476837158,54000
2006-12-15,0.5876868963241577,1.2100000381469727,1.2100000381469727,1.2100000381469727,1.2100000381469727,46000
2006-12-18,0.5925437808036804,1.2200000286102295,1.2200000286102295,1.2100000381469727,1.2100000381469727,26667
2006-12-19,0.5925437808036804,1.2200000286102295,1.2200000286102295,1.2200000286102295,1.2200000286102295,0
2006-12-20,0.5876868963241577,1.2100000381469727,1.2100000381469727,1.2000000476837158,1.2100000381469727,60000
2006-12-21,0.5828299522399902,1.2000000476837158,1.2000000476837158,1.2000000476837158,1.2000000476837158,138000
2006-12-22,0.5828299522399902,1.2000000476837158,1.2000000476837158,1.2000000476837158,1.2000000476837158,20000
2006-12-27,0.5828299522399902,1.2000000476837158,1.2000000476837158,1.2000000476837158,1.2000000476837158,170000
2006-12-28,0.5828299522399902,1.2000000476837158,1.2000000476837158,1.2000000476837158,1.2000000476837158,144000
2006-12-29,0.5828299522399902,1.2000000476837158,1.2000000476837158,1.2000000476837158,1.2000000476837158,130000
2007-01-02,0.5828299522399902,1.2000000476837158,1.2000000476837158,1.2000000476837158,1.2000000476837158,156000
2007-01-03,0.5828299522399902,1.2000000476837158,1.2000000476837158,1.2000000476837158,1.2000000476837158,272000
2007-01-04,0.5828299522399902,1.2000000476837158,1.2100000381469727,1.2000000476837158,1.2100000381469727,196000
2007-01-05,0.5828299522399902,1.2000000476837158,1.2000000476837158,1.2000000476837158,1.2000000476837158,180000
2007-01-08,0.5828299522399902,1.2000000476837158,1.2000000476837158,1.2000000476837158,1.2000000476837158,110000
2007-01-09,0.5828299522399902,1.2000000476837158,1.2000000476837158,1.2000000476837158,1.2000000476837158,190000
2007-01-10,0.5828299522399902,1.2000000476837158,1.2000000476837158,1.2000000476837158,1.2000000476837158,460000
2007-01-11,0.5828299522399902,1.2000000476837158,1.2000000476837158,1.2000000476837158,1.2000000476837158,120000
2007-01-12,0.5828299522399902,1.2000000476837158,1.2000000476837158,1.2000000476837158,1.2000000476837158,0
2007-01-15,0.6071146726608276,1.25,1.25,1.25,1.25,20000
2007-01-16,0.5828299522399902,1.2000000476837158,1.2400000095367432,1.2000000476837158,1.2400000095367432,102000
2007-01-17,0.5828299522399902,1.2000000476837158,1.2000000476837158,1.2000000476837158,1.2000000476837158,64000
2007-01-18,0.5828299522399902,1.2000000476837158,1.2000000476837158,1.2000000476837158,1.2000000476837158,40000
2007-01-19,0.5974007844924927,1.2300000190734863,1.2300000190734863,1.2000000476837158,1.2000000476837158,194000
2007-01-22,0.5974007844924927,1.2300000190734863,1.2400000095367432,1.2300000190734863,1.2400000095367432,52000
2007-01-23,0.6022576689720154,1.2400000095367432,1.2400000095367432,1.2300000190734863,1.2300000190734863,210000
2007-01-24,0.5974007844924927,1.2300000190734863,1.2300000190734863,1.2200000286102295,1.2200000286102295,120000
2007-01-25,0.5876868963241577,1.2100000381469727,1.2100000381469727,1.2100000381469727,1.2100000381469727,100000
2007-01-26,0.5828299522399902,1.2000000476837158,1.2100000381469727,1.2000000476837158,1.2000000476837158,410000
2007-01-29,0.5828299522399902,1.2000000476837158,1.2000000476837158,1.2000000476837158,1.2000000476837158,24000
2007-01-30,0.5828299522399902,1.2000000476837158,1.2000000476837158,1.2000000476837158,1.2000000476837158,106000
2007-01-31,0.5828299522399902,1.2000000476837158,1.2000000476837158,1.2000000476837158,1.2000000476837158,12000
2007-02-01,0.5828299522399902,1.2000000476837158,1.2000000476837158,1.2000000476837158,1.2000000476837158,96000
2007-02-02,0.5828299522399902,1.2000000476837158,1.2000000476837158,1.2000000476837158,1.2000000476837158,290000
2007-02-05,0.5828299522399902,1.2000000476837158,1.2000000476837158,1.2000000476837158,1.2000000476837158,72000
2007-02-06,0.5828299522399902,1.2000000476837158,1.2000000476837158,1.2000000476837158,1.2000000476837158,40000
2007-02-07,0.5828299522399902,1.2000000476837158,1.2000000476837158,1.2000000476837158,1.2000000476837158,2000
2007-02-08,0.5828299522399902,1.2000000476837158,1.2000000476837158,1.2000000476837158,1.2000000476837158,30000
2007-02-09,0.5828299522399902,1.2000000476837158,1.2000000476837158,1.2000000476837158,1.2000000476837158,102000
2007-02-12,0.5828299522399902,1.2000000476837158,1.2000000476837158,1.2000000476837158,1.2000000476837158,708000
2007-02-13,0.5828299522399902,1.2000000476837158,1.2000000476837158,1.2000000476837158,1.2000000476837158,30000
2007-02-14,0.5828299522399902,1.2000000476837158,1.2000000476837158,1.2000000476837158,1.2000000476837158,20000
2007-02-15,0.5925437808036804,1.2200000286102295,1.2200000286102295,1.2000000476837158,1.2000000476837158,408000
2007-02-16,0.5828299522399902,1.2000000476837158,1.2200000286102295,1.2000000476837158,1.2200000286102295,42000
2007-02-21,0.5828299522399902,1.2000000476837158,1.2000000476837158,1.2000000476837158,1.2000000476837158,228000
2007-02-22,0.5828299522399902,1.2000000476837158,1.2000000476837158,1.2000000476837158,1.2000000476837158,4000
2007-02-23,0.5828299522399902,1.2000000476837158,1.2000000476837158,1.2000000476837158,1.2000000476837158,10000
2007-02-26,0.5828299522399902,1.2000000476837158,1.2000000476837158,1.2000000476837158,1.2000000476837158,78000
2007-02-27,0.5828299522399902,1.2000000476837158,1.2000000476837158,1.2000000476837158,1.2000000476837158,300000
2007-02-28,0.5828299522399902,1.2000000476837158,1.2000000476837158,1.2000000476837158,1.2000000476837158,292000
2007-03-01,0.5828299522399902,1.2000000476837158,1.2000000476837158,1.2000000476837158,1.2000000476837158,34000
2007-03-02,0.5828299522399902,1.2000000476837158,1.2000000476837158,1.2000000476837158,1.2000000476837158,196000
2007-03-05,0.5828299522399902,1.2000000476837158,1.2000000476837158,1.2000000476837158,1.2000000476837158,938000
2007-03-06,0.5828299522399902,1.2000000476837158,1.2000000476837158,1.2000000476837158,1.2000000476837158,0
2007-03-07,0.5828299522399902,1.2000000476837158,1.2000000476837158,1.2000000476837158,1.2000000476837158,95480
2007-03-08,0.5828299522399902,1.2000000476837158,1.2000000476837158,1.2000000476837158,1.2000000476837158,60000
2007-03-09,0.5828299522399902,1.2000000476837158,1.2000000476837158,1.2000000476837158,1.2000000476837158,10000
2007-03-12,0.5828299522399902,1.2000000476837158,1.2100000381469727,1.2000000476837158,1.2100000381469727,20000
2007-03-13,0.5828299522399902,1.2000000476837158,1.2000000476837158,1.2000000476837158,1.2000000476837158,20000
2007-03-14,0.5828299522399902,1.2000000476837158,1.2000000476837158,1.2000000476837158,1.2000000476837158,116000
2007-03-15,0.5876868963241577,1.2100000381469727,1.2100000381469727,1.2000000476837158,1.2000000476837158,54000
2007-03-16,0.5876868963241577,1.2100000381469727,1.2100000381469727,1.2100000381469727,1.2100000381469727,0
2007-03-19,0.5828299522399902,1.2000000476837158,1.2000000476837158,1.2000000476837158,1.2000000476837158,62000
2007-03-20,0.5828299522399902,1.2000000476837158,1.2000000476837158,1.2000000476837158,1.2000000476837158,10000
2007-03-21,0.5828299522399902,1.2000000476837158,1.2000000476837158,1.2000000476837158,1.2000000476837158,100000
2007-03-22,0.5974007844924927,1.2300000190734863,1.2300000190734863,1.2300000190734863,1.2300000190734863,40000
2007-03-23,0.5974007844924927,1.2300000190734863,1.2300000190734863,1.2300000190734863,1.2300000190734863,0
2007-03-26,0.5828299522399902,1.2000000476837158,1.2000000476837158,1.2000000476837158,1.2000000476837158,40000
2007-03-27,0.5925437808036804,1.2200000286102295,1.2200000286102295,1.2000000476837158,1.2000000476837158,104000
2007-03-28,0.5925437808036804,1.2200000286102295,1.2200000286102295,1.2200000286102295,1.2200000286102295,0
2007-03-29,0.5925437808036804,1.2200000286102295,1.2200000286102295,1.2200000286102295,1.2200000286102295,0
2007-03-30,0.5828299522399902,1.2000000476837158,1.2000000476837158,1.2000000476837158,1.2000000476837158,30000
2007-04-02,0.5828299522399902,1.2000000476837158,1.2000000476837158,1.2000000476837158,1.2000000476837158,0
2007-04-03,0.5828299522399902,1.2000000476837158,1.2200000286102295,1.2000000476837158,1.2000000476837158,36000
2007-04-04,0.6022576689720154,1.2400000095367432,1.2400000095367432,1.2000000476837158,1.2000000476837158,62000
2007-04-10,0.6022576689720154,1.2400000095367432,1.2400000095367432,1.2400000095367432,1.2400000095367432,20000
2007-04-11,0.5828299522399902,1.2000000476837158,1.2200000286102295,1.2000000476837158,1.2200000286102295,24000
2007-04-12,0.5828299522399902,1.2000000476837158,1.2000000476837158,1.2000000476837158,1.2000000476837158,20000
2007-04-13,0.5828299522399902,1.2000000476837158,1.2200000286102295,1.2000000476837158,1.2200000286102295,30000
2007-04-16,0.5828299522399902,1.2000000476837158,1.2000000476837158,1.2000000476837158,1.2000000476837158,198000
2007-04-17,0.5828299522399902,1.2000000476837158,1.2000000476837158,1.2000000476837158,1.2000000476837158,626000
2007-04-18,0.6022576689720154,1.2400000095367432,1.2400000095367432,1.2000000476837158,1.2000000476837158,234000
2007-04-19,0.5828299522399902,1.2000000476837158,1.2200000286102295,1.2000000476837158,1.2200000286102295,20000
2007-04-20,0.5828299522399902,1.2000000476837158,1.2000000476837158,1.2000000476837158,1.2000000476837158,0
2007-04-23,0.5828299522399902,1.2000000476837158,1.2000000476837158,1.2000000476837158,1.2000000476837158,46000
2007-04-24,0.5925437808036804,1.2200000286102295,1.2200000286102295,1.2200000286102295,1.2200000286102295,50000
2007-04-25,0.5925437808036804,1.2200000286102295,1.2200000286102295,1.2200000286102295,1.2200000286102295,0
2007-04-26,0.5876868963241577,1.2100000381469727,1.2300000190734863,1.2100000381469727,1.2100000381469727,66000
2007-04-27,0.5876868963241577,1.2100000381469727,1.2100000381469727,1.2100000381469727,1.2100000381469727,60000
2007-04-30,0.5876868963241577,1.2100000381469727,1.2100000381469727,1.2100000381469727,1.2100000381469727,0
2007-05-02,0.6022576689720154,1.2400000095367432,1.2400000095367432,1.2400000095367432,1.2400000095367432,4000
2007-05-03,0.6411128640174866,1.3200000524520874,1.4800000190734863,1.2200000286102295,1.2200000286102295,760000
2007-05-04,0.6313990950584412,1.2999999523162842,1.2999999523162842,1.2699999809265137,1.2699999809265137,100000
2007-05-07,0.6313990950584412,1.2999999523162842,1.2999999523162842,1.2999999523162842,1.2999999523162842,6000
2007-05-08,0.6071146726608276,1.25,1.2899999618530273,1.2400000095367432,1.2899999618530273,74000
2007-05-09,0.6071146726608276,1.25,1.25,1.2400000095367432,1.2400000095367432,6000
2007-05-10,0.5974007844924927,1.2300000190734863,1.2300000190734863,1.2200000286102295,1.2200000286102295,18000
2007-05-11,0.5925437808036804,1.2200000286102295,1.2300000190734863,1.2200000286102295,1.2300000190734863,50000
2007-05-14,0.5925437808036804,1.2200000286102295,1.2599999904632568,1.2200000286102295,1.2200000286102295,84000
2007-05-15,0.5925437808036804,1.2200000286102295,1.2300000190734863,1.2200000286102295,1.2300000190734863,218000
2007-05-16,0.621685266494751,1.2799999713897705,1.2799999713897705,1.2200000286102295,1.2400000095367432,128000
2007-05-17,0.6071146726608276,1.25,1.2699999809265137,1.2400000095367432,1.2699999809265137,30000
2007-05-18,0.6168283820152283,1.2699999809265137,1.2799999713897705,1.25,1.2799999713897705,26000
2007-05-21,0.5828299522399902,1.2000000476837158,1.2400000095367432,1.2000000476837158,1.2400000095367432,50000
2007-05-22,0.6168283820152283,1.2699999809265137,1.2699999809265137,1.2100000381469727,1.2699999809265137,18000
2007-05-23,0.6168283820152283,1.2699999809265137,1.2699999809265137,1.2699999809265137,1.2699999809265137,0
2007-05-25,0.5876868963241577,1.2100000381469727,1.2699999809265137,1.2000000476837158,1.25,90000
2007-05-28,0.6071146726608276,1.25,1.25,1.25,1.25,0
2007-05-29,0.6071146726608276,1.25,1.25,1.25,1.25,66000
2007-05-30,0.6071146726608276,1.25,1.25,1.25,1.25,0
2007-05-31,0.5974007844924927,1.2300000190734863,1.2300000190734863,1.2300000190734863,1.2300000190734863,42000
2007-06-01,0.6022576689720154,1.2400000095367432,1.25,1.2400000095367432,1.25,76000
2007-06-04,0.6022576689720154,1.2400000095367432,1.2400000095367432,1.2400000095367432,1.2400000095367432,0
2007-06-05,0.6265421509742737,1.2899999618530273,1.2999999523162842,1.25,1.25,60000
2007-06-06,0.6071146726608276,1.25,1.25,1.25,1.25,6000
2007-06-07,0.6071146726608276,1.25,1.25,1.2400000095367432,1.25,226000
2007-06-08,0.6071146726608276,1.25,1.25,1.25,1.25,0
2007-06-11,0.6071146726608276,1.25,1.25,1.25,1.25,20000
2007-06-12,0.6556838154792786,1.350000023841858,1.4800000190734863,1.2699999809265137,1.2699999809265137,562000
2007-06-13,0.6556838154792786,1.350000023841858,1.409999966621399,1.340000033378601,1.409999966621399,364000
2007-06-14,0.6362558007240295,1.309999942779541,1.309999942779541,1.309999942779541,1.309999942779541,28000
2007-06-15,0.6265421509742737,1.2899999618530273,1.2899999618530273,1.2899999618530273,1.2899999618530273,88000
2007-06-18,0.6411128640174866,1.3200000524520874,1.3200000524520874,1.2799999713897705,1.2999999523162842,28000
2007-06-20,0.6313990950584412,1.2999999523162842,1.2999999523162842,1.25,1.2999999523162842,30000
2007-06-21,0.6071146726608276,1.25,1.2699999809265137,1.2100000381469727,1.2100000381469727,138000
2007-06-22,0.6022576689720154,1.2400000095367432,1.2400000095367432,1.2300000190734863,1.2300000190734863,132000
2007-06-25,0.5974007844924927,1.2300000190734863,1.2300000190734863,1.2300000190734863,1.2300000190734863,10000
2007-06-26,0.6071146726608276,1.25,1.25,1.25,1.25,8000
2007-06-27,0.6071146726608276,1.25,1.25,1.2300000190734863,1.2400000095367432,130000
2007-06-28,0.5974007844924927,1.2300000190734863,1.2599999904632568,1.2300000190734863,1.2599999904632568,16000
2007-06-29,0.5974007844924927,1.2300000190734863,1.2300000190734863,1.2300000190734863,1.2300000190734863,20000
2007-07-03,0.6022576689720154,1.2400000095367432,1.2400000095367432,1.2400000095367432,1.2400000095367432,16000
2007-07-04,0.6022576689720154,1.2400000095367432,1.2400000095367432,1.2400000095367432,1.2400000095367432,0
2007-07-05,0.6022576689720154,1.2400000095367432,1.25,1.2200000286102295,1.2200000286102295,104000
2007-07-06,0.5925437808036804,1.2200000286102295,1.2200000286102295,1.2200000286102295,1.2200000286102295,40000
2007-07-09,0.5974007844924927,1.2300000190734863,1.2300000190734863,1.2300000190734863,1.2300000190734863,34000
2007-07-10,0.5974007844924927,1.2300000190734863,1.25,1.2300000190734863,1.2300000190734863,40000
2007-07-11,0.6119715571403503,1.2599999904632568,1.2599999904632568,1.2400000095367432,1.25,30000
2007-07-12,0.5925437808036804,1.2200000286102295,1.2799999713897705,1.2200000286102295,1.2799999713897705,160000
2007-07-13,0.5974007844924927,1.2300000190734863,1.2300000190734863,1.2300000190734863,1.2300000190734863,32000
2007-07-16,0.6022576689720154,1.2400000095367432,1.2999999523162842,1.2300000190734863,1.2300000190734863,108000
2007-07-17,0.6265421509742737,1.2899999618530273,1.2899999618530273,1.2699999809265137,1.2899999618530273,96000
2007-07-18,0.6071146726608276,1.25,1.2599999904632568,1.25,1.2599999904632568,242000
2007-07-19,0.6071146726608276,1.25,1.25,1.25,1.25,0
2007-07-20,0.6265421509742737,1.2899999618530273,1.2899999618530273,1.2599999904632568,1.2599999904632568,120000
2007-07-23,0.6459698677062988,1.3300000429153442,1.350000023841858,1.2999999523162842,1.2999999523162842,312000
2007-07-24,0.8548171520233154,1.7599999904632568,1.8899999856948853,1.4500000476837158,1.4500000476837158,4152000
2007-07-25,0.8208189010620117,1.690000057220459,1.850000023841858,1.649999976158142,1.7699999809265137,2882000
2007-07-26,0.7576789855957031,1.559999942779541,1.7200000286102295,1.559999942779541,1.7100000381469727,912000
2007-07-27,0.743108332157135,1.5299999713897705,1.559999942779541,1.5,1.5,422000
2007-07-30,0.8111048936843872,1.6699999570846558,1.6699999570846558,1.440000057220459,1.5399999618530273,232000
2007-07-31,0.7528220415115356,1.5499999523162842,1.649999976158142,1.5299999713897705,1.649999976158142,194000
2007-08-01,0.7188236713409424,1.4800000190734863,1.6100000143051147,1.4600000381469727,1.590000033378601,272000
2007-08-02,0.7285374402999878,1.5,1.600000023841858,1.4199999570846558,1.600000023841858,166000
2007-08-03,0.7576789855957031,1.559999942779541,1.600000023841858,1.5,1.5,362000
2007-08-06,0.6993958950042725,1.440000057220459,1.5499999523162842,1.4299999475479126,1.4299999475479126,164000
2007-08-07,0.6751112937927246,1.3899999856948853,1.4700000286102295,1.3799999952316284,1.4700000286102295,242000
2007-08-08,0.6799682974815369,1.399999976158142,1.399999976158142,1.3799999952316284,1.3899999856948853,110000
2007-08-09,0.6751112937927246,1.3899999856948853,1.399999976158142,1.3899999856948853,1.399999976158142,140000
2007-08-10,0.6751112937927246,1.3899999856948853,1.3899999856948853,1.3899999856948853,1.3899999856948853,0
2007-08-13,0.6362558007240295,1.309999942779541,1.309999942779541,1.2899999618530273,1.2899999618530273,30000
2007-08-14,0.6362558007240295,1.309999942779541,1.309999942779541,1.309999942779541,1.309999942779541,0
2007-08-15,0.6265421509742737,1.2899999618530273,1.2899999618530273,1.2899999618530273,1.2899999618530273,52000
2007-08-16,0.621685266494751,1.2799999713897705,1.2999999523162842,1.2799999713897705,1.2999999523162842,520000
2007-08-17,0.6071146726608276,1.25,1.2799999713897705,1.2000000476837158,1.2799999713897705,560000
2007-08-20,0.6071146726608276,1.25,1.2699999809265137,1.2200000286102295,1.2699999809265137,132000
2007-08-21,0.6022576689720154,1.2400000095367432,1.2400000095367432,1.2400000095367432,1.2400000095367432,8000
2007-08-22,0.5974007844924927,1.2300000190734863,1.2300000190734863,1.2300000190734863,1.2300000190734863,22000
2007-08-23,0.6071146726608276,1.25,1.25,1.2300000190734863,1.2300000190734863,76000
2007-08-24,0.6022576689720154,1.2400000095367432,1.25,1.2200000286102295,1.2200000286102295,152000
2007-08-27,0.6313990950584412,1.2999999523162842,1.350000023841858,1.2799999713897705,1.2999999523162842,134000
2007-08-28,0.6071146726608276,1.25,1.25,1.25,1.25,2000
2007-08-29,0.6313990950584412,1.2999999523162842,1.2999999523162842,1.2999999523162842,1.2999999523162842,2000
2007-08-30,0.6119715571403503,1.2599999904632568,1.2699999809265137,1.2599999904632568,1.2599999904632568,116000
2007-08-31,0.6119715571403503,1.2599999904632568,1.2599999904632568,1.2599999904632568,1.2599999904632568,0
2007-09-03,0.6168283820152283,1.2699999809265137,1.2699999809265137,1.2699999809265137,1.2699999809265137,10000
2007-09-04,0.6362558007240295,1.309999942779541,1.440000057220459,1.2999999523162842,1.2999999523162842,70000
2007-09-05,0.6605406999588013,1.3600000143051147,1.409999966621399,1.2799999713897705,1.409999966621399,74000
2007-09-06,0.6459698677062988,1.3300000429153442,1.3300000429153442,1.2599999904632568,1.2599999904632568,32000
2007-09-07,0.6702544689178467,1.3799999952316284,1.3799999952316284,1.2599999904632568,1.2599999904632568,52000
2007-09-10,0.6702544689178467,1.3799999952316284,1.3799999952316284,1.2999999523162842,1.3300000429153442,170000
2007-09-11,0.6799682974815369,1.399999976158142,1.399999976158142,1.3300000429153442,1.3799999952316284,140
2007-09-12,0.6676053404808044,1.350000023841858,1.350000023841858,1.309999942779541,1.350000023841858,116000
2007-09-13,0.6527694463729858,1.3200000524520874,1.3200000524520874,1.3200000524520874,1.3200000524520874,0
2007-09-14,0.642879068851471,1.2999999523162842,1.3200000524520874,1.2999999523162842,1.3200000524520874,68000
2007-09-17,0.6132078170776367,1.2400000095367432,1.2999999523162842,1.2300000190734863,1.2300000190734863,44000
2007-09-18,0.642879068851471,1.2999999523162842,1.2999999523162842,1.2999999523162842,1.2999999523162842,26000
2007-09-19,0.6230983138084412,1.2599999904632568,1.2599999904632568,1.2200000286102295,1.2599999904632568,124
2007-09-20,0.6230983138084412,1.2599999904632568,1.2599999904632568,1.2599999904632568,1.2599999904632568,0
2007-09-21,0.642879068851471,1.2999999523162842,1.409999966621399,1.2300000190734863,1.2300000190734863,182
2007-09-24,0.6329886317253113,1.2799999713897705,1.2999999523162842,1.2799999713897705,1.2999999523162842,70000
2007-09-25,0.642879068851471,1.2999999523162842,1.2999999523162842,1.2999999523162842,1.2999999523162842,46000
2007-09-27,0.6280434131622314,1.2699999809265137,1.2999999523162842,1.2699999809265137,1.2699999809265137,104000
2007-09-28,0.6527694463729858,1.3200000524520874,1.3300000429153442,1.25,1.25,98
2007-10-02,0.6329886317253113,1.2799999713897705,1.3200000524520874,1.25,1.25,52000
2007-10-03,0.6527694463729858,1.3200000524520874,1.350000023841858,1.3200000524520874,1.3200000524520874,222000
2007-10-04,0.6280434131622314,1.2699999809265137,1.309999942779541,1.2400000095367432,1.2400000095367432,104000
2007-10-05,0.6478241086006165,1.309999942779541,1.309999942779541,1.2999999523162842,1.2999999523162842,124000
2007-10-08,0.642879068851471,1.2999999523162842,1.2999999523162842,1.2899999618530273,1.2999999523162842,196000
2007-10-09,0.6379337906837463,1.2899999618530273,1.2999999523162842,1.2899999618530273,1.2999999523162842,36000
2007-10-10,0.6379337906837463,1.2899999618530273,1.2899999618530273,1.2899999618530273,1.2899999618530273,0
2007-10-11,0.6725504994392395,1.3600000143051147,1.399999976158142,1.350000023841858,1.399999976158142,46000
2007-10-12,0.6725504994392395,1.3600000143051147,1.3600000143051147,1.3600000143051147,1.3600000143051147,10000
2007-10-15,0.6230983138084412,1.2599999904632568,1.2599999904632568,1.2599999904632568,1.2599999904632568,2000
2007-10-16,0.6181530952453613,1.25,1.2999999523162842,1.25,1.2999999523162842,32000
2007-10-17,0.6527694463729858,1.3200000524520874,1.3200000524520874,1.2300000190734863,1.2899999618530273,178000
2007-10-18,0.6329886317253113,1.2799999713897705,1.2799999713897705,1.2699999809265137,1.2699999809265137,22000
2007-10-22,0.6329886317253113,1.2799999713897705,1.2799999713897705,1.2799999713897705,1.2799999713897705,140000
2007-10-23,0.642879068851471,1.2999999523162842,1.2999999523162842,1.2400000095367432,1.2400000095367432,64000
2007-10-24,0.642879068851471,1.2999999523162842,1.2999999523162842,1.2999999523162842,1.2999999523162842,110000
2007-10-25,0.6626600027084351,1.340000033378601,1.340000033378601,1.25,1.25,16000
2007-10-26,0.6230983138084412,1.2599999904632568,1.2699999809265137,1.2599999904632568,1.2699999809265137,46000
2007-10-29,0.6280434131622314,1.2699999809265137,1.2699999809265137,1.2699999809265137,1.2699999809265137,12000
2007-10-30,0.6280434131622314,1.2699999809265137,1.3200000524520874,1.2699999809265137,1.3200000524520874,130000
2007-10-31,0.6379337906837463,1.2899999618530273,1.2899999618530273,1.25,1.25,50000
2007-11-01,0.6527694463729858,1.3200000524520874,1.3200000524520874,1.2599999904632568,1.2599999904632568,164000
2007-11-02,0.6527694463729858,1.3200000524520874,1.3200000524520874,1.3200000524520874,1.3200000524520874,0
2007-11-05,0.6132078170776367,1.2400000095367432,1.2799999713897705,1.2300000190734863,1.2799999713897705,122000
2007-11-06,0.6230983138084412,1.2599999904632568,1.2999999523162842,1.25,1.25,158000
2007-11-07,0.6329886317253113,1.2799999713897705,1.2799999713897705,1.2799999713897705,1.2799999713897705,30000
2007-11-08,0.6181530952453613,1.25,1.25,1.25,1.25,22000
2007-11-09,0.6181530952453613,1.25,1.2999999523162842,1.25,1.2999999523162842,28000
2007-11-12,0.6082625985145569,1.2300000190734863,1.25,1.2300000190734863,1.25,152000
2007-11-13,0.6082625985145569,1.2300000190734863,1.2300000190734863,1.2200000286102295,1.2200000286102295,48000
2007-11-14,0.6033173203468323,1.2200000286102295,1.2200000286102295,1.2200000286102295,1.2200000286102295,50000
2007-11-15,0.6280434131622314,1.2699999809265137,1.2699999809265137,1.2599999904632568,1.2599999904632568,112000
2007-11-16,0.5983721017837524,1.2100000381469727,1.2100000381469727,1.2100000381469727,1.2100000381469727,126000
2007-11-19,0.5934268832206726,1.2000000476837158,1.2000000476837158,1.2000000476837158,1.2000000476837158,52000
2007-11-20,0.5934268832206726,1.2000000476837158,1.2000000476837158,1.2000000476837158,1.2000000476837158,10000
2007-11-21,0.5934268832206726,1.2000000476837158,1.2400000095367432,1.2000000476837158,1.2000000476837158,0
2007-11-22,0.5835363268852234,1.1799999475479126,1.1799999475479126,1.1799999475479126,1.1799999475479126,20000
2007-11-23,0.5835363268852234,1.1799999475479126,1.25,1.1799999475479126,1.1799999475479126,0
2007-11-26,0.5835363268852234,1.1799999475479126,1.25,1.1799999475479126,1.1799999475479126,0
2007-11-27,0.5687007308006287,1.149999976158142,1.25,1.149999976158142,1.149999976158142,0
2007-11-28,0.5687007308006287,1.149999976158142,1.2400000095367432,1.149999976158142,1.149999976158142,0
2007-11-29,0.5687007308006287,1.149999976158142,1.25,1.149999976158142,1.149999976158142,0
2007-11-30,0.5687007308006287,1.149999976158142,1.149999976158142,1.149999976158142,1.149999976158142,30000
2007-12-03,0.6379337906837463,1.2899999618530273,1.2899999618530273,1.2599999904632568,1.2599999904632568,242000
2007-12-04,0.6379337906837463,1.2899999618530273,1.2999999523162842,1.2899999618530273,1.2999999523162842,130000
2007-12-05,0.642879068851471,1.2999999523162842,1.2999999523162842,1.25,1.25,250000
2007-12-06,0.642879068851471,1.2999999523162842,1.2999999523162842,1.2400000095367432,1.2400000095367432,64000
2007-12-07,0.642879068851471,1.2999999523162842,1.2999999523162842,1.2999999523162842,1.2999999523162842,10000
2007-12-10,0.6676053404808044,1.350000023841858,1.350000023841858,1.25,1.2999999523162842,20000
2007-12-11,0.6230983138084412,1.2599999904632568,1.2599999904632568,1.2599999904632568,1.2599999904632568,2000
2007-12-12,0.6329886317253113,1.2799999713897705,1.2799999713897705,1.2799999713897705,1.2799999713897705,50000
2007-12-13,0.6181530952453613,1.25,1.25,1.25,1.25,40000
2007-12-14,0.6082625985145569,1.2300000190734863,1.2300000190734863,1.2300000190734863,1.2300000190734863,20000
2007-12-17,0.6230983138084412,1.2599999904632568,1.2599999904632568,1.2599999904632568,1.2599999904632568,30000
2007-12-18,0.6230983138084412,1.2599999904632568,1.2599999904632568,1.2599999904632568,1.2599999904632568,20000
2007-12-19,0.6082625985145569,1.2300000190734863,1.2300000190734863,1.2000000476837158,1.2000000476837158,10000
2007-12-20,0.6181530952453613,1.25,1.25,1.25,1.25,100000
2007-12-21,0.6082625985145569,1.2300000190734863,1.2300000190734863,1.2300000190734863,1.2300000190734863,44000
2007-12-24,0.6033173203468323,1.2200000286102295,1.2200000286102295,1.2200000286102295,1.2200000286102295,100000
2007-12-27,0.6082625985145569,1.2300000190734863,1.2699999809265137,1.2200000286102295,1.25,200000
2007-12-28,0.6082625985145569,1.2300000190734863,1.2300000190734863,1.2300000190734863,1.2300000190734863,40000
2007-12-31,0.6033173203468323,1.2200000286102295,1.3600000143051147,1.2200000286102295,1.2200000286102295,0
2008-01-02,0.6181530952453613,1.25,1.25,1.2200000286102295,1.2200000286102295,50000
2008-01-03,0.6082625985145569,1.2300000190734863,1.2599999904632568,1.2300000190734863,1.2599999904632568,120000
2008-01-04,0.6230983138084412,1.2599999904632568,1.2599999904632568,1.25,1.25,50000
2008-01-07,0.6033173203468323,1.2200000286102295,1.2200000286102295,1.2200000286102295,1.2200000286102295,20000
2008-01-08,0.6033173203468323,1.2200000286102295,1.2200000286102295,1.2000000476837158,1.2200000286102295,238000
2008-01-09,0.5934268832206726,1.2000000476837158,1.2200000286102295,1.2000000476837158,1.2200000286102295,36000
2008-01-10,0.5934268832206726,1.2000000476837158,1.2000000476837158,1.2000000476837158,1.2000000476837158,70000
2008-01-11,0.5934268832206726,1.2000000476837158,1.2400000095367432,1.2000000476837158,1.2400000095367432,56000
2008-01-14,0.5835363268852234,1.1799999475479126,1.2200000286102295,1.1799999475479126,1.2200000286102295,32000
2008-01-15,0.5736460089683533,1.159999966621399,1.159999966621399,1.159999966621399,1.159999966621399,20000
2008-01-16,0.5934268832206726,1.2000000476837158,1.2000000476837158,1.2000000476837158,1.2000000476837158,354000
2008-01-17,0.6033173203468323,1.2200000286102295,1.2200000286102295,1.2000000476837158,1.2000000476837158,122000
2008-01-18,0.5934268832206726,1.2000000476837158,1.2000000476837158,1.2000000476837158,1.2000000476837158,40000
2008-01-21,0.5934268832206726,1.2000000476837158,1.2000000476837158,1.2000000476837158,1.2000000476837158,250000
2008-01-22,0.5934268832206726,1.2000000476837158,1.2000000476837158,1.2000000476837158,1.2000000476837158,766000
2008-01-23,0.5983721017837524,1.2100000381469727,1.2100000381469727,1.2000000476837158,1.2000000476837158,76000
2008-01-24,0.5934268832206726,1.2000000476837158,1.2100000381469727,1.2000000476837158,1.2000000476837158,50000
2008-01-25,0.5934268832206726,1.2000000476837158,1.2000000476837158,1.2000000476837158,1.2000000476837158,30000
2008-01-28,0.5934268832206726,1.2000000476837158,1.2000000476837158,1.2000000476837158,1.2000000476837158,30000
2008-01-29,0.5934268832206726,1.2000000476837158,1.2000000476837158,1.2000000476837158,1.2000000476837158,14000
2008-01-30,0.5934268832206726,1.2000000476837158,1.2000000476837158,1.2000000476837158,1.2000000476837158,22000
2008-01-31,0.5934268832206726,1.2000000476837158,1.2000000476837158,1.2000000476837158,1.2000000476837158,130000
2008-02-01,0.5934268832206726,1.2000000476837158,1.2000000476837158,1.2000000476837158,1.2000000476837158,100000
2008-02-04,0.5983721017837524,1.2100000381469727,1.2100000381469727,1.2100000381469727,1.2100000381469727,10000
2008-02-05,0.6527694463729858,1.3200000524520874,1.3200000524520874,1.3200000524520874,1.3200000524520874,36000
2008-02-06,0.5934268832206726,1.2000000476837158,1.25,1.2000000476837158,1.25,104000
2008-02-11,0.5934268832206726,1.2000000476837158,1.2000000476837158,1.2000000476837158,1.2000000476837158,76000
2008-02-12,0.5934268832206726,1.2000000476837158,1.2000000476837158,1.2000000476837158,1.2000000476837158,40000
2008-02-13,0.5736460089683533,1.159999966621399,1.2000000476837158,1.159999966621399,1.159999966621399,0
2008-02-14,0.5687007308006287,1.149999976158142,1.3200000524520874,1.149999976158142,1.149999976158142,0
2008-02-15,0.5588102340698242,1.1299999952316284,1.350000023841858,1.1299999952316284,1.1299999952316284,0
2008-02-18,0.5934268832206726,1.2000000476837158,1.2000000476837158,1.2000000476837158,1.2000000476837158,50000
2008-02-19,0.5934268832206726,1.2000000476837158,1.2000000476837158,1.2000000476837158,1.2000000476837158,10000
2008-02-20,0.5687007308006287,1.149999976158142,1.2999999523162842,1.149999976158142,1.149999976158142,0
2008-02-21,0.5934268832206726,1.2000000476837158,1.2000000476837158,1.2000000476837158,1.2000000476837158,20000
2008-02-22,0.5934268832206726,1.2000000476837158,1.2000000476837158,1.2000000476837158,1.2000000476837158,81480
2008-02-25,0.5785911083221436,1.1699999570846558,1.1799999475479126,1.1699999570846558,1.1699999570846558,0
2008-02-26,0.5835363268852234,1.1799999475479126,1.2000000476837158,1.1799999475479126,1.1799999475479126,0
2008-02-27,0.5687007308006287,1.149999976158142,1.149999976158142,1.149999976158142,1.149999976158142,2000
2008-02-28,0.5687007308006287,1.149999976158142,1.149999976158142,1.149999976158142,1.149999976158142,2000
2008-02-29,0.5934268832206726,1.2000000476837158,1.2000000476837158,1.1299999952316284,1.1299999952316284,78000
2008-03-03,0.6181530952453613,1.25,1.2999999523162842,1.2000000476837158,1.2000000476837158,954000
2008-03-04,0.6280434131622314,1.2699999809265137,1.2799999713897705,1.2300000190734863,1.25,170000
2008-03-05,0.6181530952453613,1.25,1.25,1.2200000286102295,1.2200000286102295,52000
2008-03-06,0.6280434131622314,1.2699999809265137,1.2699999809265137,1.25,1.25,430000
2008-03-07,0.6181530952453613,1.25,1.25,1.2200000286102295,1.2200000286102295,20000
2008-03-10,0.6230983138084412,1.2599999904632568,1.2599999904632568,1.2599999904632568,1.2599999904632568,22000
2008-03-11,0.5934268832206726,1.2000000476837158,1.2599999904632568,1.2000000476837158,1.2000000476837158,0
2008-03-12,0.6181530952453613,1.25,1.25,1.2000000476837158,1.2000000476837158,20000
2008-03-13,0.6132078170776367,1.2400000095367432,1.2400000095367432,1.2000000476837158,1.2000000476837158,200000
2008-03-14,0.6181530952453613,1.25,1.25,1.2000000476837158,1.2000000476837158,62000
2008-03-17,0.5934268832206726,1.2000000476837158,1.2000000476837158,1.2000000476837158,1.2000000476837158,792000
2008-03-18,0.5934268832206726,1.2000000476837158,1.2000000476837158,1.2000000476837158,1.2000000476837158,1926000
2008-03-19,0.6082625985145569,1.2300000190734863,1.25,1.2300000190734863,1.2300000190734863,0
2008-03-20,0.5588102340698242,1.1299999952316284,1.1299999952316284,1.090000033378601,1.090000033378601,20000
2008-03-25,0.6082625985145569,1.2300000190734863,1.25,1.2300000190734863,1.2300000190734863,0
2008-03-26,0.5934268832206726,1.2000000476837158,1.2000000476837158,1.2000000476837158,1.2000000476837158,56000
2008-03-27,0.5588102340698242,1.1299999952316284,1.2000000476837158,1.1299999952316284,1.1299999952316284,0
2008-03-28,0.5934268832206726,1.2000000476837158,1.2000000476837158,1.2000000476837158,1.2000000476837158,10000
2008-03-31,0.5588102340698242,1.1299999952316284,1.2400000095367432,1.1299999952316284,1.1299999952316284,0
2008-04-01,0.5439746975898743,1.100000023841858,1.2000000476837158,1.100000023841858,1.100000023841858,0
2008-04-02,0.5934268832206726,1.2000000476837158,1.2000000476837158,1.2000000476837158,1.2000000476837158,6000
2008-04-03,0.5934268832206726,1.2000000476837158,1.2000000476837158,1.149999976158142,1.1799999475479126,78000
2008-04-07,0.5637555122375488,1.1399999856948853,1.2000000476837158,1.1399999856948853,1.2000000476837158,26000
2008-04-08,0.6181530952453613,1.25,1.25,1.25,1.25,20000
2008-04-09,0.5736460089683533,1.159999966621399,1.159999966621399,1.159999966621399,1.159999966621399,20000
2008-04-10,0.5538651347160339,1.1200000047683716,1.2100000381469727,1.1200000047683716,1.1200000047683716,0
2008-04-11,0.5736460089683533,1.159999966621399,1.159999966621399,1.159999966621399,1.159999966621399,20000
2008-04-14,0.5538651347160339,1.1200000047683716,1.2000000476837158,1.1200000047683716,1.1200000047683716,0
2008-04-15,0.5538651347160339,1.1200000047683716,1.2000000476837158,1.1200000047683716,1.1200000047683716,0
2008-04-16,0.5538651347160339,1.1200000047683716,1.2400000095367432,1.1200000047683716,1.1200000047683716,0
2008-04-17,0.5439746975898743,1.100000023841858,1.1799999475479126,1.100000023841858,1.100000023841858,0
2008-04-18,0.5835363268852234,1.1799999475479126,1.1799999475479126,1.1799999475479126,1.1799999475479126,20000
2008-04-21,0.5934268832206726,1.2000000476837158,1.2000000476837158,1.2000000476837158,1.2000000476837158,84000
2008-04-22,0.5934268832206726,1.2000000476837158,1.2000000476837158,1.2000000476837158,1.2000000476837158,0
2008-04-23,0.5884817242622375,1.190000057220459,1.190000057220459,1.100000023841858,1.100000023841858,10000
2008-04-24,0.5884817242622375,1.190000057220459,1.2000000476837158,1.159999966621399,1.190000057220459,200000
2008-04-25,0.5884817242622375,1.190000057220459,1.190000057220459,1.190000057220459,1.190000057220459,0
2008-04-28,0.5884817242622375,1.190000057220459,1.190000057220459,1.190000057220459,1.190000057220459,0
2008-04-29,0.5785911083221436,1.1699999570846558,1.1699999570846558,1.1399999856948853,1.1399999856948853,10000
2008-04-30,0.5637555122375488,1.1399999856948853,1.1399999856948853,1.1399999856948853,1.1399999856948853,10000
2008-05-02,0.5637555122375488,1.1399999856948853,1.1399999856948853,1.1399999856948853,1.1399999856948853,0
2008-05-05,0.5687007308006287,1.149999976158142,1.149999976158142,1.149999976158142,1.149999976158142,10000
2008-05-06,0.5934268832206726,1.2000000476837158,1.2000000476837158,1.100000023841858,1.1299999952316284,336000
2008-05-07,0.5538651347160339,1.1200000047683716,1.159999966621399,1.100000023841858,1.1299999952316284,188000
2008-05-08,0.5588102340698242,1.1299999952316284,1.1299999952316284,1.1299999952316284,1.1299999952316284,70000
2008-05-09,0.5588102340698242,1.1299999952316284,1.1299999952316284,1.100000023841858,1.100000023841858,14000
2008-05-13,0.5588102340698242,1.1299999952316284,1.1299999952316284,1.1299999952316284,1.1299999952316284,4000
2008-05-14,0.5538651347160339,1.1200000047683716,1.1200000047683716,1.100000023841858,1.100000023841858,88000
2008-05-15,0.5538651347160339,1.1200000047683716,1.1299999952316284,1.1200000047683716,1.1200000047683716,116000
2008-05-16,0.5538651347160339,1.1200000047683716,1.1200000047683716,1.1200000047683716,1.1200000047683716,0
2008-05-19,0.5588102340698242,1.1299999952316284,1.1299999952316284,1.1299999952316284,1.1299999952316284,10000
2008-05-20,0.5637555122375488,1.1399999856948853,1.2400000095367432,1.1399999856948853,1.2400000095367432,40000
2008-05-21,0.5588102340698242,1.1299999952316284,1.1299999952316284,1.1299999952316284,1.1299999952316284,30000
2008-05-22,0.5538651347160339,1.1200000047683716,1.1200000047683716,1.1200000047683716,1.1200000047683716,20000
2008-05-23,0.5538651347160339,1.1200000047683716,1.1200000047683716,1.1200000047683716,1.1200000047683716,0
2008-05-26,0.5538651347160339,1.1200000047683716,1.1200000047683716,1.1200000047683716,1.1200000047683716,0
2008-05-27,0.5538651347160339,1.1200000047683716,1.1299999952316284,1.1200000047683716,1.1299999952316284,500000
2008-05-28,0.5538651347160339,1.1200000047683716,1.1200000047683716,1.1200000047683716,1.1200000047683716,0
2008-05-29,0.5884817242622375,1.190000057220459,1.190000057220459,1.1299999952316284,1.1299999952316284,20000
2008-05-30,0.5538651347160339,1.1200000047683716,1.1200000047683716,1.1200000047683716,1.1200000047683716,24000
2008-06-02,0.5538651347160339,1.1200000047683716,1.1299999952316284,1.1200000047683716,1.1299999952316284,78000
2008-06-03,0.5538651347160339,1.1200000047683716,1.1200000047683716,1.1200000047683716,1.1200000047683716,0
2008-06-04,0.5538651347160339,1.1200000047683716,1.1200000047683716,1.1200000047683716,1.1200000047683716,0
2008-06-05,0.5538651347160339,1.1200000047683716,1.1200000047683716,1.1200000047683716,1.1200000047683716,60000
2008-06-06,0.5538651347160339,1.1200000047683716,1.1200000047683716,1.1200000047683716,1.1200000047683716,28000
2008-06-10,0.5538651347160339,1.1200000047683716,1.1200000047683716,1.1200000047683716,1.1200000047683716,244000
2008-06-11,0.5538651347160339,1.1200000047683716,1.1200000047683716,1.1200000047683716,1.1200000047683716,12000
2008-06-12,0.5538651347160339,1.1200000047683716,1.1200000047683716,1.1200000047683716,1.1200000047683716,282000
2008-06-13,0.5538651347160339,1.1200000047683716,1.1200000047683716,1.1200000047683716,1.1200000047683716,14000
2008-06-16,0.5538651347160339,1.1200000047683716,1.1200000047683716,1.1200000047683716,1.1200000047683716,162000
2008-06-17,0.5538651347160339,1.1200000047683716,1.1200000047683716,1.1200000047683716,1.1200000047683716,0
2008-06-18,0.5439746975898743,1.100000023841858,1.100000023841858,1.0299999713897705,1.0299999713897705,20000
2008-06-19,0.5340842008590698,1.0800000429153442,1.100000023841858,1.0499999523162842,1.100000023841858,110000
2008-06-20,0.5340842008590698,1.0800000429153442,1.0800000429153442,1.0800000429153442,1.0800000429153442,2000
2008-06-23,0.5044128894805908,1.0199999809265137,1.0399999618530273,0.9900000095367432,1.0199999809265137,164000
2008-06-24,0.5044128894805908,1.0199999809265137,1.0199999809265137,1.0199999809265137,1.0199999809265137,0
2008-06-25,0.5044128894805908,1.0199999809265137,1.0199999809265137,1.0199999809265137,1.0199999809265137,0
2008-06-26,0.48463204503059387,0.9800000190734863,0.9800000190734863,0.949999988079071,0.949999988079071,14000
2008-06-27,0.46485111117362976,0.9399999976158142,1.0499999523162842,0.8999999761581421,0.8999999761581421,54000
2008-06-30,0.44507020711898804,0.8999999761581421,0.9800000190734863,0.8999999761581421,0.9800000190734863,50000
2008-07-02,0.44507020711898804,0.8999999761581421,0.9599999785423279,0.8299999833106995,0.9399999976158142,98000
2008-07-03,0.4549606144428253,0.9200000166893005,0.9200000166893005,0.8100000023841858,0.8100000023841858,54000
2008-07-04,0.40056315064430237,0.8100000023841858,0.9100000262260437,0.8100000023841858,0.9100000262260437,12000
2008-07-07,0.4401249587535858,0.8899999856948853,0.8899999856948853,0.8500000238418579,0.8500000238418579,14000
2008-07-08,0.4401249587535858,0.8899999856948853,0.8899999856948853,0.8899999856948853,0.8899999856948853,0
2008-07-09,0.4549606144428253,0.9200000166893005,0.9200000166893005,0.9200000166893005,0.9200000166893005,10000
2008-07-10,0.4549606144428253,0.9200000166893005,0.9200000166893005,0.9200000166893005,0.9200000166893005,0
2008-07-11,0.4549606144428253,0.9200000166893005,0.9200000166893005,0.8500000238418579,0.8500000238418579,42000
2008-07-14,0.4549606144428253,0.9200000166893005,0.9200000166893005,0.9200000166893005,0.9200000166893005,0
2008-07-15,0.4549606144428253,0.9200000166893005,0.9200000166893005,0.9200000166893005,0.9200000166893005,0
2008-07-16,0.4549606144428253,0.9200000166893005,0.9200000166893005,0.9200000166893005,0.9200000166893005,0
2008-07-17,0.4549606144428253,0.9200000166893005,0.9200000166893005,0.9200000166893005,0.9200000166893005,0
2008-07-18,0.44507020711898804,0.8999999761581421,0.8999999761581421,0.8299999833106995,0.8299999833106995,8000
2008-07-21,0.44507020711898804,0.8999999761581421,0.8999999761581421,0.8999999761581421,0.8999999761581421,0
2008-07-22,0.4500153660774231,0.9100000262260437,0.9100000262260437,0.9100000262260437,0.9100000262260437,18000
2008-07-23,0.4500153660774231,0.9100000262260437,0.9100000262260437,0.9100000262260437,0.9100000262260437,0
2008-07-24,0.4500153660774231,0.9100000262260437,0.9100000262260437,0.9100000262260437,0.9100000262260437,0
2008-07-25,0.4500153660774231,0.9100000262260437,0.9100000262260437,0.9100000262260437,0.9100000262260437,0
2008-07-28,0.4500153660774231,0.9100000262260437,0.9100000262260437,0.9100000262260437,0.9100000262260437,0
2008-07-29,0.4500153660774231,0.9100000262260437,0.9100000262260437,0.9100000262260437,0.9100000262260437,0
2008-07-30,0.46979621052742004,0.949999988079071,0.949999988079071,0.949999988079071,0.949999988079071,10000
2008-07-31,0.46979621052742004,0.949999988079071,0.949999988079071,0.9100000262260437,0.9100000262260437,4000
2008-08-01,0.4500153660774231,0.9100000262260437,0.9100000262260437,0.9100000262260437,0.9100000262260437,0
2008-08-04,0.4500153660774231,0.9100000262260437,0.9100000262260437,0.9100000262260437,0.9100000262260437,0
2008-08-05,0.4500153660774231,0.9100000262260437,0.9100000262260437,0.9100000262260437,0.9100000262260437,0
2008-08-06,0.4500153660774231,0.9100000262260437,0.9100000262260437,0.9100000262260437,0.9100000262260437,0
2008-08-07,0.4500153660774231,0.9100000262260437,0.9100000262260437,0.9100000262260437,0.9100000262260437,0
2008-08-08,0.44507020711898804,0.8999999761581421,0.8999999761581421,0.8999999761581421,0.8999999761581421,58000
2008-08-11,0.44507020711898804,0.8999999761581421,0.8999999761581421,0.8999999761581421,0.8999999761581421,50000
2008-08-12,0.4500153660774231,0.9100000262260437,0.9100000262260437,0.9100000262260437,0.9100000262260437,0
2008-08-13,0.44507020711898804,0.8999999761581421,0.8999999761581421,0.8999999761581421,0.8999999761581421,2000
2008-08-14,0.44507020711898804,0.8999999761581421,0.8999999761581421,0.8999999761581421,0.8999999761581421,10000
2008-08-15,0.44507020711898804,0.8999999761581421,0.8999999761581421,0.8999999761581421,0.8999999761581421,2000
2008-08-18,0.44507020711898804,0.8999999761581421,0.8999999761581421,0.8999999761581421,0.8999999761581421,0
2008-08-19,0.44507020711898804,0.8999999761581421,0.8999999761581421,0.8999999761581421,0.8999999761581421,0
2008-08-20,0.44507020711898804,0.8999999761581421,0.8999999761581421,0.8999999761581421,0.8999999761581421,0
2008-08-21,0.44507020711898804,0.8999999761581421,0.8999999761581421,0.8999999761581421,0.8999999761581421,0
2008-08-22,0.44507020711898804,0.8999999761581421,0.8999999761581421,0.8999999761581421,0.8999999761581421,0
2008-08-25,0.44507020711898804,0.8999999761581421,0.8999999761581421,0.8999999761581421,0.8999999761581421,8000
2008-08-26,0.44507020711898804,0.8999999761581421,0.8999999761581421,0.8999999761581421,0.8999999761581421,0
2008-08-27,0.44507020711898804,0.8999999761581421,0.8999999761581421,0.8999999761581421,0.8999999761581421,0
2008-08-28,0.44507020711898804,0.8999999761581421,0.9100000262260437,0.8999999761581421,0.9100000262260437,50000
2008-08-29,0.44507020711898804,0.8999999761581421,0.8999999761581421,0.8999999761581421,0.8999999761581421,20000
2008-09-01,0.44507020711898804,0.8999999761581421,0.8999999761581421,0.8999999761581421,0.8999999761581421,0
2008-09-02,0.44507020711898804,0.8999999761581421,0.8999999761581421,0.8999999761581421,0.8999999761581421,0
2008-09-03,0.44507020711898804,0.8999999761581421,0.8999999761581421,0.8999999761581421,0.8999999761581421,0
2008-09-04,0.44507020711898804,0.8999999761581421,0.8999999761581421,0.8999999761581421,0.8999999761581421,0
2008-09-05,0.44507020711898804,0.8999999761581421,0.8999999761581421,0.8999999761581421,0.8999999761581421,0
2008-09-08,0.44507020711898804,0.8999999761581421,0.8999999761581421,0.8999999761581421,0.8999999761581421,0
2008-09-09,0.44507020711898804,0.8999999761581421,0.8999999761581421,0.8999999761581421,0.8999999761581421,68000
2008-09-10,0.44507020711898804,0.8999999761581421,0.8999999761581421,0.8999999761581421,0.8999999761581421,0
2008-09-11,0.4604174494743347,0.8999999761581421,0.8999999761581421,0.8999999761581421,0.8999999761581421,24000
2008-09-12,0.4604174494743347,0.8999999761581421,0.8999999761581421,0.8999999761581421,0.8999999761581421,0
2008-09-16,0.4604174494743347,0.8999999761581421,0.8999999761581421,0.8999999761581421,0.8999999761581421,100000
2008-09-17,0.4604174494743347,0.8999999761581421,0.8999999761581421,0.8999999761581421,0.8999999761581421,78000
2008-09-18,0.4604174494743347,0.8999999761581421,0.8999999761581421,0.8999999761581421,0.8999999761581421,564000
2008-09-19,0.4604174494743347,0.8999999761581421,0.8999999761581421,0.8999999761581421,0.8999999761581421,0
2008-09-22,0.4604174494743347,0.8999999761581421,0.8999999761581421,0.8999999761581421,0.8999999761581421,0
2008-09-23,0.4604174494743347,0.8999999761581421,0.8999999761581421,0.8999999761581421,0.8999999761581421,0
2008-09-24,0.4604174494743347,0.8999999761581421,0.8999999761581421,0.8999999761581421,0.8999999761581421,0
2008-09-25,0.4604174494743347,0.8999999761581421,0.8999999761581421,0.8999999761581421,0.8999999761581421,0
2008-09-26,0.4604174494743347,0.8999999761581421,0.8999999761581421,0.8999999761581421,0.8999999761581421,0
2008-09-29,0.3581024408340454,0.699999988079071,0.800000011920929,0.699999988079071,0.800000011920929,130000
2008-09-30,0.43483874201774597,0.8500000238418579,0.8500000238418579,0.699999988079071,0.699999988079071,72000
2008-10-02,0.43483874201774597,0.8500000238418579,0.8500000238418579,0.8500000238418579,0.8500000238418579,0
2008-10-03,0.43483874201774597,0.8500000238418579,0.8500000238418579,0.8500000238418579,0.8500000238418579,0
2008-10-06,0.43483874201774597,0.8500000238418579,0.8500000238418579,0.8500000238418579,0.8500000238418579,0
2008-10-08,0.34787097573280334,0.6800000071525574,0.6800000071525574,0.6499999761581421,0.6499999761581421,18000
2008-10-09,0.4501859247684479,0.8799999952316284,0.8799999952316284,0.699999988079071,0.699999988079071,298000
2008-10-10,0.4501859247684479,0.8799999952316284,0.8799999952316284,0.8799999952316284,0.8799999952316284,544000
2008-10-13,0.4501859247684479,0.8799999952316284,0.8999999761581421,0.8799999952316284,0.8999999761581421,172000
2008-10-14,0.47064897418022156,0.9200000166893005,0.9200000166893005,0.8799999952316284,0.8799999952316284,50000
2008-10-15,0.4501859247684479,0.8799999952316284,0.8799999952316284,0.8799999952316284,0.8799999952316284,6000
2008-10-16,0.4501859247684479,0.8799999952316284,0.8799999952316284,0.8799999952316284,0.8799999952316284,20000
2008-10-17,0.4143756926059723,0.8100000023841858,0.8799999952316284,0.7900000214576721,0.8799999952316284,34000
2008-10-20,0.4041441082954407,0.7900000214576721,0.7900000214576721,0.7900000214576721,0.7900000214576721,0
2008-10-21,0.4041441082954407,0.7900000214576721,0.7900000214576721,0.7900000214576721,0.7900000214576721,0
2008-10-22,0.36321815848350525,0.7099999785423279,0.7099999785423279,0.7099999785423279,0.7099999785423279,2000
2008-10-23,0.3734496831893921,0.7300000190734863,0.7599999904632568,0.7300000190734863,0.7599999904632568,30000
2008-10-24,0.3581024408340454,0.699999988079071,0.7099999785423279,0.699999988079071,0.7099999785423279,30000
2008-10-27,0.33763939142227173,0.6600000262260437,0.6600000262260437,0.6600000262260437,0.6600000262260437,10000
2008-10-28,0.33763939142227173,0.6600000262260437,0.6600000262260437,0.6600000262260437,0.6600000262260437,0
2008-10-29,0.34787097573280334,0.6800000071525574,0.6800000071525574,0.6100000143051147,0.6200000047683716,22000
2008-10-30,0.36833393573760986,0.7200000286102295,0.7200000286102295,0.7200000286102295,0.7200000286102295,0
2008-10-31,0.36833393573760986,0.7200000286102295,0.7200000286102295,0.7200000286102295,0.7200000286102295,0
2008-11-03,0.312060683965683,0.6100000143051147,0.8799999952316284,0.6100000143051147,0.8799999952316284,48000
2008-11-04,0.3581024408340454,0.699999988079071,0.699999988079071,0.699999988079071,0.699999988079071,0
2008-11-05,0.38368117809295654,0.75,0.75,0.75,0.75,0
2008-11-06,0.38879701495170593,0.7599999904632568,0.7599999904632568,0.7599999904632568,0.7599999904632568,0
2008-11-07,0.38879701495170593,0.7599999904632568,0.75,0.75,0.7599999904632568,100000
2008-11-10,0.38368117809295654,0.75,0.7599999904632568,0.75,0.7599999904632568,60000
2008-11-11,0.38368117809295654,0.75,0.75,0.75,0.75,30000
2008-11-12,0.38879701495170593,0.7599999904632568,0.7799999713897705,0.7599999904632568,0.7799999713897705,20000
2008-11-13,0.38879701495170593,0.7599999904632568,0.7599999904632568,0.7599999904632568,0.7599999904632568,0
2008-11-14,0.3990284502506256,0.7799999713897705,0.7799999713897705,0.75,0.75,30000
2008-11-17,0.3990284502506256,0.7799999713897705,0.7799999713897705,0.7799999713897705,0.7799999713897705,0
2008-11-18,0.3990284502506256,0.7799999713897705,0.7799999713897705,0.7799999713897705,0.7799999713897705,0
2008-11-19,0.3990284502506256,0.7799999713897705,0.7799999713897705,0.7799999713897705,0.7799999713897705,0
2008-11-20,0.3939126133918762,0.7699999809265137,0.7699999809265137,0.7699999809265137,0.7699999809265137,0
2008-11-21,0.3939126133918762,0.7699999809265137,0.7699999809265137,0.7699999809265137,0.7699999809265137,0
2008-11-24,0.38368117809295654,0.75,0.75,0.75,0.75,14000
2008-11-25,0.38368117809295654,0.75,0.75,0.75,0.75,0
2008-11-26,0.38368117809295654,0.75,0.75,0.75,0.75,0
2008-11-27,0.38879701495170593,0.7599999904632568,0.7599999904632568,0.7599999904632568,0.7599999904632568,0
2008-11-28,0.3939126133918762,0.7699999809265137,0.7699999809265137,0.7699999809265137,0.7699999809265137,10000
2008-12-01,0.3990284502506256,0.7799999713897705,0.7799999713897705,0.75,0.75,30000
2008-12-02,0.3990284502506256,0.7799999713897705,0.7799999713897705,0.7799999713897705,0.7799999713897705,0
2008-12-03,0.3990284502506256,0.7799999713897705,0.7799999713897705,0.7799999713897705,0.7799999713897705,0
2008-12-04,0.38368117809295654,0.75,0.7799999713897705,0.75,0.7799999713897705,20000
2008-12-05,0.38879701495170593,0.7599999904632568,0.7599999904632568,0.7599999904632568,0.7599999904632568,14000
2008-12-08,0.38879701495170593,0.7599999904632568,0.7599999904632568,0.7599999904632568,0.7599999904632568,0
2008-12-09,0.38879701495170593,0.7599999904632568,0.7599999904632568,0.75,0.75,84000
2008-12-10,0.38879701495170593,0.7599999904632568,0.7599999904632568,0.7599999904632568,0.7599999904632568,70000
2008-12-11,0.38879701495170593,0.7599999904632568,0.7599999904632568,0.7599999904632568,0.7599999904632568,20000
2008-12-12,0.40926000475883484,0.800000011920929,0.800000011920929,0.800000011920929,0.800000011920929,10000
2008-12-15,0.40926000475883484,0.800000011920929,0.800000011920929,0.800000011920929,0.800000011920929,0
2008-12-16,0.38879701495170593,0.7599999904632568,0.7599999904632568,0.7599999904632568,0.7599999904632568,30000
2008-12-17,0.38879701495170593,0.7599999904632568,0.7599999904632568,0.7599999904632568,0.7599999904632568,0
2008-12-18,0.38879701495170593,0.7599999904632568,0.7599999904632568,0.7599999904632568,0.7599999904632568,0
2008-12-19,0.38879701495170593,0.7599999904632568,0.7599999904632568,0.7599999904632568,0.7599999904632568,0
2008-12-22,0.38879701495170593,0.7599999904632568,0.7599999904632568,0.7599999904632568,0.7599999904632568,0
2008-12-23,0.38879701495170593,0.7599999904632568,0.7599999904632568,0.7599999904632568,0.7599999904632568,0
2008-12-24,0.3939126133918762,0.7699999809265137,0.7699999809265137,0.7699999809265137,0.7699999809265137,0
2008-12-29,0.3939126133918762,0.7699999809265137,0.7699999809265137,0.7699999809265137,0.7699999809265137,10000
2008-12-30,0.3939126133918762,0.7699999809265137,0.7699999809265137,0.7699999809265137,0.7699999809265137,0
2008-12-31,0.40926000475883484,0.800000011920929,0.800000011920929,0.800000011920929,0.800000011920929,14000
2009-01-02,0.40926000475883484,0.800000011920929,0.800000011920929,0.800000011920929,0.800000011920929,20000
2009-01-05,0.40926000475883484,0.800000011920929,0.800000011920929,0.800000011920929,0.800000011920929,0
2009-01-06,0.40926000475883484,0.800000011920929,0.800000011920929,0.800000011920929,0.800000011920929,0
2009-01-07,0.40926000475883484,0.800000011920929,0.800000011920929,0.800000011920929,0.800000011920929,0
2009-01-08,0.40926000475883484,0.800000011920929,0.800000011920929,0.800000011920929,0.800000011920929,0
2009-01-09,0.40926000475883484,0.800000011920929,0.800000011920929,0.800000011920929,0.800000011920929,2000
2009-01-12,0.40926000475883484,0.800000011920929,0.800000011920929,0.800000011920929,0.800000011920929,0
2009-01-13,0.40926000475883484,0.800000011920929,0.800000011920929,0.800000011920929,0.800000011920929,0
2009-01-14,0.3939126133918762,0.7699999809265137,0.7699999809265137,0.7599999904632568,0.7599999904632568,8000
2009-01-15,0.38368117809295654,0.75,0.7699999809265137,0.75,0.7699999809265137,36000
2009-01-16,0.38368117809295654,0.75,0.75,0.75,0.75,4000
2009-01-19,0.38368117809295654,0.75,0.75,0.75,0.75,0
2009-01-20,0.38368117809295654,0.75,0.75,0.75,0.75,0
2009-01-21,0.38368117809295654,0.75,0.75,0.75,0.75,32000
2009-01-22,0.38368117809295654,0.75,0.75,0.75,0.75,0
2009-01-23,0.38879701495170593,0.7599999904632568,0.7599999904632568,0.7599999904632568,0.7599999904632568,0
2009-01-29,0.38879701495170593,0.7599999904632568,0.7599999904632568,0.7599999904632568,0.7599999904632568,0
2009-01-30,0.38879701495170593,0.7599999904632568,0.7599999904632568,0.7599999904632568,0.7599999904632568,0
2009-02-02,0.38879701495170593,0.7599999904632568,0.7599999904632568,0.7599999904632568,0.7599999904632568,0
2009-02-03,0.38879701495170593,0.7599999904632568,0.7599999904632568,0.75,0.75,30000
2009-02-04,0.38879701495170593,0.7599999904632568,0.7599999904632568,0.7599999904632568,0.7599999904632568,0
2009-02-05,0.38879701495170593,0.7599999904632568,0.7599999904632568,0.7599999904632568,0.7599999904632568,0
2009-02-06,0.38368117809295654,0.75,0.75,0.75,0.75,36000
2009-02-09,0.38368117809295654,0.75,0.75,0.7400000095367432,0.7400000095367432,16000
2009-02-10,0.38368117809295654,0.75,0.75,0.75,0.75,0
2009-02-11,0.38368117809295654,0.75,0.75,0.75,0.75,0
2009-02-12,0.38368117809295654,0.75,0.75,0.75,0.75,0
2009-02-13,0.38368117809295654,0.75,0.75,0.75,0.75,0
2009-02-16,0.38368117809295654,0.75,0.75,0.75,0.75,0
2009-02-17,0.38368117809295654,0.75,0.75,0.75,0.75,20000
2009-02-18,0.38368117809295654,0.75,0.75,0.75,0.75,0
2009-02-19,0.38879701495170593,0.7599999904632568,0.7599999904632568,0.7599999904632568,0.7599999904632568,0
2009-02-20,0.38879701495170593,0.7599999904632568,0.7599999904632568,0.7599999904632568,0.7599999904632568,0
2009-02-23,0.38879701495170593,0.7599999904632568,0.7599999904632568,0.7599999904632568,0.7599999904632568,0
2009-02-24,0.38879701495170593,0.7599999904632568,0.7599999904632568,0.75,0.75,2000
2009-02-25,0.38879701495170593,0.7599999904632568,0.7599999904632568,0.7599999904632568,0.7599999904632568,0
2009-02-26,0.3990284502506256,0.7799999713897705,0.7799999713897705,0.7799999713897705,0.7799999713897705,10000
2009-02-27,0.3990284502506256,0.7799999713897705,0.7799999713897705,0.7799999713897705,0.7799999713897705,0
2009-03-02,0.38879701495170593,0.7599999904632568,0.7599999904632568,0.75,0.75,24000
2009-03-03,0.38879701495170593,0.7599999904632568,0.7599999904632568,0.7599999904632568,0.7599999904632568,0
2009-03-04,0.38879701495170593,0.7599999904632568,0.7599999904632568,0.7599999904632568,0.7599999904632568,0
2009-03-05,0.38368117809295654,0.75,0.75,0.75,0.75,102000
2009-03-06,0.38368117809295654,0.75,0.75,0.75,0.75,0
2009-03-09,0.38368117809295654,0.75,0.75,0.75,0.75,0
2009-03-10,0.38368117809295654,0.75,0.75,0.75,0.75,0
2009-03-11,0.38368117809295654,0.75,0.75,0.75,0.75,0
2009-03-12,0.38368117809295654,0.75,0.75,0.75,0.75,0
2009-03-13,0.38879701495170593,0.7599999904632568,0.7599999904632568,0.75,0.7599999904632568,72000
2009-03-16,0.3939126133918762,0.7699999809265137,0.7699999809265137,0.7699999809265137,0.7699999809265137,0
2009-03-17,0.3939126133918762,0.7699999809265137,0.7699999809265137,0.7699999809265137,0.7699999809265137,0
2009-03-18,0.40926000475883484,0.800000011920929,0.800000011920929,0.800000011920929,0.800000011920929,16000
2009-03-19,0.40926000475883484,0.800000011920929,0.800000011920929,0.800000011920929,0.800000011920929,0
2009-03-20,0.40926000475883484,0.800000011920929,0.800000011920929,0.800000011920929,0.800000011920929,0
2009-03-23,0.40926000475883484,0.800000011920929,0.800000011920929,0.800000011920929,0.800000011920929,0
2009-03-24,0.40926000475883484,0.800000011920929,0.800000011920929,0.800000011920929,0.800000011920929,0
2009-03-25,0.40926000475883484,0.800000011920929,0.800000011920929,0.800000011920929,0.800000011920929,30000
2009-03-26,0.40926000475883484,0.800000011920929,0.800000011920929,0.800000011920929,0.800000011920929,20000
2009-03-27,0.40926000475883484,0.800000011920929,0.800000011920929,0.800000011920929,0.800000011920929,0
2009-03-30,0.40926000475883484,0.800000011920929,0.800000011920929,0.800000011920929,0.800000011920929,0
2009-03-31,0.40926000475883484,0.800000011920929,0.800000011920929,0.800000011920929,0.800000011920929,0
2009-04-01,0.40926000475883484,0.800000011920929,0.800000011920929,0.800000011920929,0.800000011920929,0
2009-04-02,0.40926000475883484,0.800000011920929,0.800000011920929,0.800000011920929,0.800000011920929,0
2009-04-03,0.40926000475883484,0.800000011920929,0.800000011920929,0.800000011920929,0.800000011920929,0
2009-04-06,0.38879701495170593,0.7599999904632568,0.7599999904632568,0.7599999904632568,0.7599999904632568,10000
2009-04-07,0.38879701495170593,0.7599999904632568,0.7599999904632568,0.7599999904632568,0.7599999904632568,0
2009-04-08,0.38879701495170593,0.7599999904632568,0.7599999904632568,0.7300000190734863,0.7300000190734863,10000
2009-04-09,0.40926000475883484,0.800000011920929,0.800000011920929,0.800000011920929,0.800000011920929,2000
2009-04-14,0.40926000475883484,0.800000011920929,0.800000011920929,0.800000011920929,0.800000011920929,0
2009-04-15,0.4143756926059723,0.8100000023841858,0.8100000023841858,0.800000011920929,0.800000011920929,20000
2009-04-16,0.4194914400577545,0.8199999928474426,0.8199999928474426,0.800000011920929,0.800000011920929,30000
2009-04-17,0.40926000475883484,0.800000011920929,0.800000011920929,0.800000011920929,0.800000011920929,50000
2009-04-20,0.3990284502506256,0.7799999713897705,0.7799999713897705,0.7699999809265137,0.7699999809265137,10000
2009-04-21,0.4041441082954407,0.7900000214576721,0.7900000214576721,0.7900000214576721,0.7900000214576721,10000
2009-04-22,0.3990284502506256,0.7799999713897705,0.7799999713897705,0.7799999713897705,0.7799999713897705,6000
2009-04-23,0.3990284502506256,0.7799999713897705,0.7799999713897705,0.7799999713897705,0.7799999713897705,10000
2009-04-24,0.3990284502506256,0.7799999713897705,0.7799999713897705,0.7799999713897705,0.7799999713897705,0
2009-04-27,0.3990284502506256,0.7799999713897705,0.7799999713897705,0.7799999713897705,0.7799999713897705,30000
2009-04-28,0.4553016722202301,0.8899999856948853,0.8999999761581421,0.8899999856948853,0.8999999761581421,2000
2009-04-29,0.43483874201774597,0.8500000238418579,0.8500000238418579,0.8500000238418579,0.8500000238418579,0
2009-04-30,0.4501859247684479,0.8799999952316284,0.8999999761581421,0.8799999952316284,0.8999999761581421,10000
2009-05-04,0.4501859247684479,0.8799999952316284,0.8799999952316284,0.8799999952316284,0.8799999952316284,0
2009-05-05,0.4501859247684479,0.8799999952316284,0.8799999952316284,0.8799999952316284,0.8799999952316284,0
2009-05-06,0.4501859247684479,0.8799999952316284,0.8799999952316284,0.8799999952316284,0.8799999952316284,0
2009-05-07,0.4194914400577545,0.8199999928474426,0.8199999928474426,0.7900000214576721,0.7900000214576721,10000
2009-05-08,0.4501859247684479,0.8799999952316284,0.8799999952316284,0.8799999952316284,0.8799999952316284,30000
2009-05-11,0.42972293496131897,0.8399999737739563,0.8399999737739563,0.8399999737739563,0.8399999737739563,20000
2009-05-12,0.4194914400577545,0.8199999928474426,0.8600000143051147,0.8199999928474426,0.8600000143051147,40000
2009-05-13,0.4194914400577545,0.8199999928474426,0.8199999928474426,0.8199999928474426,0.8199999928474426,0
2009-05-14,0.4604174494743347,0.8999999761581421,0.8999999761581421,0.8999999761581421,0.8999999761581421,20000
2009-05-15,0.4604174494743347,0.8999999761581421,0.8999999761581421,0.8999999761581421,0.8999999761581421,0
2009-05-18,0.4604174494743347,0.8999999761581421,0.8999999761581421,0.8799999952316284,0.8999999761581421,130000
2009-05-19,0.46553313732147217,0.9100000262260437,0.9100000262260437,0.9100000262260437,0.9100000262260437,4000
2009-05-20,0.46553313732147217,0.9100000262260437,0.9100000262260437,0.9100000262260437,0.9100000262260437,0
2009-05-21,0.46553313732147217,0.9100000262260437,0.9100000262260437,0.9100000262260437,0.9100000262260437,0
2009-05-22,0.4859960973262787,0.949999988079071,0.949999988079071,0.949999988079071,0.949999988079071,10000
2009-05-25,0.4859960973262787,0.949999988079071,0.949999988079071,0.949999988079071,0.949999988079071,0
2009-05-26,0.4859960973262787,0.949999988079071,0.949999988079071,0.949999988079071,0.949999988079071,0
2009-05-27,0.4911118447780609,0.9599999785423279,0.9599999785423279,0.9200000166893005,0.9200000166893005,118000
2009-05-29,0.4911118447780609,0.9599999785423279,0.9599999785423279,0.9599999785423279,0.9599999785423279,0
2009-06-01,0.480880469083786,0.9399999976158142,0.9599999785423279,0.8999999761581421,0.9599999785423279,80000
2009-06-02,0.46553313732147217,0.9100000262260437,0.9100000262260437,0.9100000262260437,0.9100000262260437,30000
2009-06-03,0.46553313732147217,0.9100000262260437,0.9100000262260437,0.9100000262260437,0.9100000262260437,0
2009-06-04,0.46553313732147217,0.9100000262260437,0.9100000262260437,0.9100000262260437,0.9100000262260437,0
2009-06-05,0.4604174494743347,0.8999999761581421,0.8999999761581421,0.8799999952316284,0.8799999952316284,70000
2009-06-08,0.4604174494743347,0.8999999761581421,0.8999999761581421,0.8999999761581421,0.8999999761581421,0
2009-06-09,0.4604174494743347,0.8999999761581421,0.8999999761581421,0.8999999761581421,0.8999999761581421,0
2009-06-10,0.4604174494743347,0.8999999761581421,0.8999999761581421,0.8600000143051147,0.8600000143051147,10000
2009-06-11,0.4501859247684479,0.8799999952316284,0.8799999952316284,0.8600000143051147,0.8600000143051147,4000
2009-06-12,0.4501859247684479,0.8799999952316284,0.949999988079071,0.8799999952316284,0.949999988079071,40000
2009-06-15,0.4450701177120209,0.8700000047683716,0.8700000047683716,0.8700000047683716,0.8700000047683716,44000
2009-06-16,0.4450701177120209,0.8700000047683716,0.8700000047683716,0.8700000047683716,0.8700000047683716,0
2009-06-17,0.4450701177120209,0.8700000047683716,0.8700000047683716,0.8700000047683716,0.8700000047683716,0
2009-06-18,0.4399544596672058,0.8600000143051147,0.8600000143051147,0.8600000143051147,0.8600000143051147,20000
2009-06-19,0.4501859247684479,0.8799999952316284,0.8799999952316284,0.8799999952316284,0.8799999952316284,0
2009-06-22,0.43483874201774597,0.8500000238418579,0.8799999952316284,0.8500000238418579,0.8799999952316284,10000
2009-06-23,0.43483874201774597,0.8500000238418579,0.8500000238418579,0.8500000238418579,0.8500000238418579,0
2009-06-24,0.43483874201774597,0.8500000238418579,0.8500000238418579,0.8500000238418579,0.8500000238418579,20000
2009-06-25,0.4399544596672058,0.8600000143051147,0.8600000143051147,0.8600000143051147,0.8600000143051147,6000
2009-06-26,0.4399544596672058,0.8600000143051147,0.8600000143051147,0.8600000143051147,0.8600000143051147,0
2009-06-29,0.4399544596672058,0.8600000143051147,0.8600000143051147,0.8600000143051147,0.8600000143051147,0
2009-06-30,0.4399544596672058,0.8600000143051147,0.8600000143051147,0.8600000143051147,0.8600000143051147,6000
2009-07-02,0.4859960973262787,0.949999988079071,0.9800000190734863,0.949999988079071,0.9800000190734863,20000
2009-07-03,0.4553016722202301,0.8899999856948853,0.8899999856948853,0.8899999856948853,0.8899999856948853,60000
2009-07-06,0.4501859247684479,0.8799999952316284,0.8799999952316284,0.8799999952316284,0.8799999952316284,42000
2009-07-07,0.4553016722202301,0.8899999856948853,0.8899999856948853,0.8899999856948853,0.8899999856948853,0
2009-07-08,0.4604174494743347,0.8999999761581421,0.8999999761581421,0.8999999761581421,0.8999999761581421,0
2009-07-09,0.46553313732147217,0.9100000262260437,0.9100000262260437,0.9100000262260437,0.9100000262260437,0
2009-07-10,0.4604174494743347,0.8999999761581421,0.8999999761581421,0.8700000047683716,0.8700000047683716,8000
2009-07-13,0.4604174494743347,0.8999999761581421,0.8999999761581421,0.8999999761581421,0.8999999761581421,0
2009-07-14,0.4604174494743347,0.8999999761581421,0.8999999761581421,0.8999999761581421,0.8999999761581421,0
2009-07-15,0.4604174494743347,0.8999999761581421,0.8999999761581421,0.8999999761581421,0.8999999761581421,20000
2009-07-16,0.4501859247684479,0.8799999952316284,0.8799999952316284,0.699999988079071,0.699999988079071,50000
2009-07-17,0.4399544596672058,0.8600000143051147,0.8799999952316284,0.8600000143051147,0.8799999952316284,70000
2009-07-20,0.4501859247684479,0.8799999952316284,0.8799999952316284,0.8799999952316284,0.8799999952316284,0
2009-07-21,0.47064897418022156,0.9200000166893005,0.9200000166893005,0.9200000166893005,0.9200000166893005,68000
2009-07-22,0.4859960973262787,0.949999988079071,0.949999988079071,0.9399999976158142,0.949999988079071,128000
2009-07-23,0.5013435482978821,0.9800000190734863,0.9800000190734863,0.9200000166893005,0.9200000166893005,270000
2009-07-24,0.5115748643875122,1.0,1.0099999904632568,0.9800000190734863,0.9800000190734863,48000
2009-07-27,0.624121367931366,1.2200000286102295,1.309999942779541,1.100000023841858,1.100000023841858,2484000
2009-07-28,0.6138898730278015,1.2000000476837158,1.25,1.1799999475479126,1.2400000095367432,426000
2009-07-29,0.6138898730278015,1.2000000476837158,1.2300000190734863,1.1799999475479126,1.2300000190734863,178000
2009-07-30,0.6548157930374146,1.2799999713897705,1.600000023841858,1.2300000190734863,1.600000023841858,1004000
2009-07-31,0.6548157930374146,1.2799999713897705,1.2999999523162842,1.2599999904632568,1.2999999523162842,250000
2009-08-03,0.6701629757881165,1.309999942779541,1.309999942779541,1.2799999713897705,1.2999999523162842,364000
2009-08-04,0.6599315404891968,1.2899999618530273,1.309999942779541,1.2799999713897705,1.2999999523162842,352000
2009-08-05,0.6599315404891968,1.2899999618530273,1.3200000524520874,1.2899999618530273,1.2899999618530273,98000
2009-08-06,0.6548157930374146,1.2799999713897705,1.2799999713897705,1.25,1.2599999904632568,50000
2009-08-07,0.6394687294960022,1.25,1.25,1.25,1.25,30000
2009-08-10,0.629237174987793,1.2300000190734863,1.2799999713897705,1.2300000190734863,1.2799999713897705,32000
2009-08-11,0.6343528628349304,1.2400000095367432,1.2400000095367432,1.2300000190734863,1.2400000095367432,120000
2009-08-12,0.629237174987793,1.2300000190734863,1.2400000095367432,1.2300000190734863,1.2400000095367432,130000
2009-08-13,0.6599315404891968,1.2899999618530273,1.2899999618530273,1.2300000190734863,1.2300000190734863,6000
2009-08-14,0.6497001647949219,1.2699999809265137,1.2799999713897705,1.2100000381469727,1.2799999713897705,102000
2009-08-17,0.6190056204795837,1.2100000381469727,1.2200000286102295,1.2000000476837158,1.2200000286102295,90000
2009-08-18,0.6087741851806641,1.190000057220459,1.25,1.1799999475479126,1.2100000381469727,50000
2009-08-19,0.624121367931366,1.2200000286102295,1.2400000095367432,1.2200000286102295,1.2400000095367432,10000
2009-08-20,0.6138898730278015,1.2000000476837158,1.25,1.2000000476837158,1.25,14000
2009-08-21,0.6138898730278015,1.2000000476837158,1.2200000286102295,1.2000000476837158,1.2000000476837158,132000
2009-08-24,0.6190056204795837,1.2100000381469727,1.2300000190734863,1.2000000476837158,1.2000000476837158,32000
2009-08-25,0.6394687294960022,1.25,1.25,1.2100000381469727,1.25,290000
2009-08-26,0.6234818696975708,1.1699999570846558,1.2300000190734863,1.1399999856948853,1.1799999475479126,168000
2009-08-27,0.6128240823745728,1.149999976158142,1.149999976158142,1.100000023841858,1.1200000047683716,80000
2009-08-28,0.5648639798164368,1.059999942779541,1.0800000429153442,1.0499999523162842,1.059999942779541,142000
2009-08-31,0.5435484051704407,1.0199999809265137,1.0199999809265137,1.0,1.0099999904632568,101000
2009-09-01,0.5435484051704407,1.0199999809265137,1.0199999809265137,1.0199999809265137,1.0199999809265137,0
2009-09-02,0.559535026550293,1.0499999523162842,1.0700000524520874,1.0399999618530273,1.0399999618530273,20000
2009-09-03,0.5542060732841492,1.0399999618530273,1.0399999618530273,1.0399999618530273,1.0399999618530273,1000
2009-09-04,0.5542060732841492,1.0399999618530273,1.0399999618530273,1.0399999618530273,1.0399999618530273,20000
2009-09-07,0.5542060732841492,1.0399999618530273,1.0399999618530273,1.0199999809265137,1.0199999809265137,140000
2009-09-08,0.559535026550293,1.0499999523162842,1.0499999523162842,1.0499999523162842,1.0499999523162842,44000
2009-09-09,0.5435484051704407,1.0199999809265137,1.0199999809265137,1.0199999809265137,1.0199999809265137,10000
2009-09-10,0.559535026550293,1.0499999523162842,1.0499999523162842,1.0499999523162842,1.0499999523162842,32000
2009-09-11,0.559535026550293,1.0499999523162842,1.0499999523162842,1.0499999523162842,1.0499999523162842,2000
2009-09-14,0.5542060732841492,1.0399999618530273,1.0399999618530273,1.0399999618530273,1.0399999618530273,10000
2009-09-15,0.5542060732841492,1.0399999618530273,1.0399999618530273,1.0399999618530273,1.0399999618530273,0
2009-09-16,0.5435484051704407,1.0199999809265137,1.0199999809265137,1.0199999809265137,1.0199999809265137,0
2009-09-17,0.5648639798164368,1.059999942779541,1.059999942779541,1.0199999809265137,1.0199999809265137,70000
2009-09-18,0.5648639798164368,1.059999942779541,1.059999942779541,1.059999942779541,1.059999942779541,0
2009-09-21,0.5382195115089417,1.0099999904632568,1.090000033378601,1.0099999904632568,1.090000033378601,24000
2009-09-22,0.5488772392272949,1.0299999713897705,1.100000023841858,1.0199999809265137,1.0199999809265137,78000
2009-09-23,0.5648639798164368,1.059999942779541,1.090000033378601,1.059999942779541,1.090000033378601,124000
2009-09-24,0.559535026550293,1.0499999523162842,1.0499999523162842,1.0399999618530273,1.0399999618530273,22000
2009-09-25,0.5648639798164368,1.059999942779541,1.059999942779541,1.059999942779541,1.059999942779541,30000
2009-09-28,0.5648639798164368,1.059999942779541,1.059999942779541,1.059999942779541,1.059999942779541,30000
2009-09-29,0.559535026550293,1.0499999523162842,1.0499999523162842,1.0299999713897705,1.0299999713897705,24000
2009-09-30,0.559535026550293,1.0499999523162842,1.0499999523162842,1.0499999523162842,1.0499999523162842,26000
2009-10-02,0.5808507204055786,1.090000033378601,1.090000033378601,1.090000033378601,1.090000033378601,6000
2009-10-05,0.5755218863487244,1.0800000429153442,1.0800000429153442,1.0800000429153442,1.0800000429153442,0
2009-10-06,0.5701929330825806,1.0700000524520874,1.0700000524520874,1.0700000524520874,1.0700000524520874,30000
2009-10-07,0.5701929330825806,1.0700000524520874,1.0700000524520874,1.0700000524520874,1.0700000524520874,70000
2009-10-08,0.5701929330825806,1.0700000524520874,1.0700000524520874,1.0700000524520874,1.0700000524520874,0
2009-10-09,0.5701929330825806,1.0700000524520874,1.0700000524520874,1.0700000524520874,1.0700000524520874,0
2009-10-12,0.5755218863487244,1.0800000429153442,1.0800000429153442,1.059999942779541,1.059999942779541,60000
2009-10-13,0.5755218863487244,1.0800000429153442,1.0800000429153442,1.0800000429153442,1.0800000429153442,0
2009-10-14,0.5755218863487244,1.0800000429153442,1.0800000429153442,1.0800000429153442,1.0800000429153442,10000
2009-10-15,0.5861796736717224,1.100000023841858,1.100000023841858,1.090000033378601,1.090000033378601,88000
2009-10-16,0.5755218863487244,1.0800000429153442,1.149999976158142,1.0800000429153442,1.149999976158142,20000
2009-10-19,0.6128240823745728,1.149999976158142,1.149999976158142,1.059999942779541,1.059999942779541,80000
2009-10-20,0.5915084481239319,1.1100000143051147,1.1100000143051147,1.100000023841858,1.100000023841858,66000
2009-10-21,0.5915084481239319,1.1100000143051147,1.1100000143051147,1.1100000143051147,1.1100000143051147,0
2009-10-22,0.5915084481239319,1.1100000143051147,1.1100000143051147,1.1100000143051147,1.1100000143051147,0
2009-10-23,0.5915084481239319,1.1100000143051147,1.1100000143051147,1.1100000143051147,1.1100000143051147,0
2009-10-27,0.5701929330825806,1.0700000524520874,1.0700000524520874,1.059999942779541,1.0700000524520874,20000
2009-10-28,0.5755218863487244,1.0800000429153442,1.0800000429153442,1.0800000429153442,1.0800000429153442,20000
2009-10-29,0.5755218863487244,1.0800000429153442,1.0800000429153442,1.0800000429153442,1.0800000429153442,0
2009-10-30,0.5968374609947205,1.1200000047683716,1.1200000047683716,1.1100000143051147,1.1100000143051147,16000
2009-11-02,0.5755218863487244,1.0800000429153442,1.0800000429153442,1.0800000429153442,1.0800000429153442,10000
2009-11-03,0.5755218863487244,1.0800000429153442,1.0800000429153442,1.0800000429153442,1.0800000429153442,0
2009-11-04,0.5968374609947205,1.1200000047683716,1.1200000047683716,1.1200000047683716,1.1200000047683716,4000
2009-11-05,0.5968374609947205,1.1200000047683716,1.1200000047683716,1.1200000047683716,1.1200000047683716,0
2009-11-06,0.5861796736717224,1.100000023841858,1.100000023841858,1.0800000429153442,1.0800000429153442,14000
2009-11-09,0.5755218863487244,1.0800000429153442,1.0800000429153442,1.0800000429153442,1.0800000429153442,8000
2009-11-10,0.5808507204055786,1.090000033378601,1.090000033378601,1.090000033378601,1.090000033378601,16000
2009-11-11,0.5808507204055786,1.090000033378601,1.090000033378601,1.090000033378601,1.090000033378601,0
2009-11-12,0.5808507204055786,1.090000033378601,1.090000033378601,1.090000033378601,1.090000033378601,0
2009-11-13,0.5808507204055786,1.090000033378601,1.090000033378601,1.090000033378601,1.090000033378601,20000
2009-11-16,0.5861796736717224,1.100000023841858,1.100000023841858,1.100000023841858,1.100000023841858,20000
2009-11-17,0.6181529760360718,1.159999966621399,1.1799999475479126,1.100000023841858,1.149999976158142,38000
2009-11-18,0.5861796736717224,1.100000023841858,1.100000023841858,1.100000023841858,1.100000023841858,10000
2009-11-19,0.5861796736717224,1.100000023841858,1.100000023841858,1.100000023841858,1.100000023841858,2000
2009-11-20,0.5861796736717224,1.100000023841858,1.100000023841858,1.100000023841858,1.100000023841858,0
2009-11-23,0.5861796736717224,1.100000023841858,1.100000023841858,1.100000023841858,1.100000023841858,20000
2009-11-24,0.5861796736717224,1.100000023841858,1.100000023841858,1.100000023841858,1.100000023841858,2000
2009-11-25,0.5755218863487244,1.0800000429153442,1.0800000429153442,1.059999942779541,1.059999942779541,16000
2009-11-26,0.5755218863487244,1.0800000429153442,1.0800000429153442,1.0800000429153442,1.0800000429153442,0
2009-11-27,0.6021661758422852,1.1299999952316284,1.1299999952316284,1.059999942779541,1.059999942779541,76000
2009-11-30,0.5808507204055786,1.090000033378601,1.090000033378601,1.0800000429153442,1.0800000429153442,8000
2009-12-01,0.6128240823745728,1.149999976158142,1.149999976158142,1.1200000047683716,1.1299999952316284,90000
2009-12-02,0.6128240823745728,1.149999976158142,1.1799999475479126,1.149999976158142,1.1799999475479126,52000
2009-12-03,0.6181529760360718,1.159999966621399,1.1799999475479126,1.159999966621399,1.1799999475479126,50000
2009-12-04,0.6181529760360718,1.159999966621399,1.159999966621399,1.159999966621399,1.159999966621399,84000
2009-12-07,0.6554554104804993,1.2300000190734863,1.2300000190734863,1.159999966621399,1.159999966621399,278000
2009-12-08,0.6447975039482117,1.2100000381469727,1.2100000381469727,1.2000000476837158,1.2000000476837158,40000
2009-12-09,0.6394686102867126,1.2000000476837158,1.2300000190734863,1.1799999475479126,1.190000057220459,108000
2009-12-10,0.6288107633590698,1.1799999475479126,1.2300000190734863,1.1799999475479126,1.2300000190734863,70000
2009-12-11,0.6394686102867126,1.2000000476837158,1.2000000476837158,1.1799999475479126,1.1799999475479126,110000
2009-12-14,0.6394686102867126,1.2000000476837158,1.2000000476837158,1.2000000476837158,1.2000000476837158,0
2009-12-15,0.6394686102867126,1.2000000476837158,1.2000000476837158,1.2000000476837158,1.2000000476837158,0
2009-12-16,0.6394686102867126,1.2000000476837158,1.2000000476837158,1.2000000476837158,1.2000000476837158,0
2009-12-17,0.6288107633590698,1.1799999475479126,1.1799999475479126,1.1699999570846558,1.1699999570846558,56000
2009-12-18,0.6288107633590698,1.1799999475479126,1.1799999475479126,1.1799999475479126,1.1799999475479126,0
2009-12-21,0.6394686102867126,1.2000000476837158,1.2000000476837158,1.2000000476837158,1.2000000476837158,38000
2009-12-22,0.6394686102867126,1.2000000476837158,1.2000000476837158,1.2000000476837158,1.2000000476837158,0
2009-12-23,0.6554554104804993,1.2300000190734863,1.2300000190734863,1.2300000190734863,1.2300000190734863,20000
2009-12-24,0.6394686102867126,1.2000000476837158,1.2000000476837158,1.190000057220459,1.190000057220459,110000
2009-12-28,0.6341397166252136,1.190000057220459,1.190000057220459,1.190000057220459,1.190000057220459,48000
2009-12-29,0.6501263380050659,1.2200000286102295,1.2200000286102295,1.190000057220459,1.2000000476837158,118000
2009-12-30,0.6501263380050659,1.2200000286102295,1.2200000286102295,1.2200000286102295,1.2200000286102295,0
2009-12-31,0.6501263380050659,1.2200000286102295,1.2200000286102295,1.2200000286102295,1.2200000286102295,0
2010-01-04,0.6501263380050659,1.2200000286102295,1.2200000286102295,1.2200000286102295,1.2200000286102295,0
2010-01-05,0.6394686102867126,1.2000000476837158,1.2300000190734863,1.2000000476837158,1.2200000286102295,104000
2010-01-06,0.6394686102867126,1.2000000476837158,1.2000000476837158,1.2000000476837158,1.2000000476837158,102000
2010-01-07,0.6615192294120789,1.2000000476837158,1.2200000286102295,1.2000000476837158,1.2200000286102295,2000
2010-01-08,0.6615192294120789,1.2000000476837158,1.2000000476837158,1.2000000476837158,1.2000000476837158,28000
2010-01-11,0.6615192294120789,1.2000000476837158,1.2000000476837158,1.2000000476837158,1.2000000476837158,0
2010-01-12,0.6615192294120789,1.2000000476837158,1.2000000476837158,1.2000000476837158,1.2000000476837158,0
2010-01-13,0.6560066342353821,1.190000057220459,1.190000057220459,1.159999966621399,1.159999966621399,66000
2010-01-14,0.6560066342353821,1.190000057220459,1.190000057220459,1.190000057220459,1.190000057220459,0
2010-01-15,0.650493860244751,1.1799999475479126,1.1799999475479126,1.1799999475479126,1.1799999475479126,50000
2010-01-18,0.6615192294120789,1.2000000476837158,1.2000000476837158,1.2000000476837158,1.2000000476837158,40000
2010-01-19,0.6394686102867126,1.159999966621399,1.2000000476837158,1.159999966621399,1.1799999475479126,108000
2010-01-20,0.705620527267456,1.2799999713897705,1.2799999713897705,1.2200000286102295,1.2200000286102295,20000
2010-01-21,0.6890826225280762,1.25,1.2799999713897705,1.25,1.2799999713897705,0
2010-01-22,0.6890826225280762,1.25,1.25,1.25,1.25,38000
2010-01-25,0.6890826225280762,1.25,1.25,1.25,1.25,0
2010-01-26,0.6890826225280762,1.25,1.25,1.25,1.25,0
2010-01-27,0.6835698485374451,1.2400000095367432,1.25,1.2400000095367432,1.25,0
2010-01-28,0.650493860244751,1.1799999475479126,1.1799999475479126,1.159999966621399,1.159999966621399,16000
2010-01-29,0.6394686102867126,1.159999966621399,1.159999966621399,1.149999976158142,1.149999976158142,20000
2010-02-01,0.6890826225280762,1.25,1.25,1.2100000381469727,1.2100000381469727,200000
2010-02-02,0.6890826225280762,1.25,1.25,1.25,1.25,10000
2010-02-03,0.6725444793701172,1.2200000286102295,1.2200000286102295,1.149999976158142,1.149999976158142,26000
2010-02-04,0.6725444793701172,1.2200000286102295,1.2200000286102295,1.2200000286102295,1.2200000286102295,0
2010-02-05,0.650493860244751,1.1799999475479126,1.1799999475479126,1.1799999475479126,1.1799999475479126,10000
2010-02-08,0.6229305863380432,1.1299999952316284,1.1799999475479126,1.1299999952316284,1.1799999475479126,40000
2010-02-09,0.6229305863380432,1.1299999952316284,1.1299999952316284,1.1299999952316284,1.1299999952316284,0
2010-02-10,0.6615192294120789,1.2000000476837158,1.2000000476837158,1.2000000476837158,1.2000000476837158,84000
2010-02-11,0.6725444793701172,1.2200000286102295,1.2300000190734863,1.2000000476837158,1.2000000476837158,56000
2010-02-12,0.6725444793701172,1.2200000286102295,1.2200000286102295,1.2200000286102295,1.2200000286102295,40000
2010-02-17,0.6229305863380432,1.1299999952316284,1.1399999856948853,1.1299999952316284,1.1399999856948853,16000
2010-02-18,0.6780573129653931,1.2300000190734863,1.2300000190734863,1.2200000286102295,1.2200000286102295,68000
2010-02-19,0.6780573129653931,1.2300000190734863,1.2300000190734863,1.2300000190734863,1.2300000190734863,0
2010-02-22,0.6560066342353821,1.190000057220459,1.190000057220459,1.190000057220459,1.190000057220459,20000
2010-02-23,0.6615192294120789,1.2000000476837158,1.2000000476837158,1.2000000476837158,1.2000000476837158,0
2010-02-24,0.6615192294120789,1.2000000476837158,1.2000000476837158,1.190000057220459,1.2000000476837158,40000
2010-02-25,0.6615192294120789,1.2000000476837158,1.2000000476837158,1.2000000476837158,1.2000000476837158,0
2010-02-26,0.6670318841934204,1.2100000381469727,1.2100000381469727,1.2100000381469727,1.2100000381469727,12000
2010-03-01,0.6890826225280762,1.25,1.25,1.2400000095367432,1.2400000095367432,234000
2010-03-02,0.6670318841934204,1.2100000381469727,1.2100000381469727,1.2100000381469727,1.2100000381469727,40000
2010-03-03,0.7166459560394287,1.2999999523162842,1.2999999523162842,1.25,1.25,216000
2010-03-04,0.7166459560394287,1.2999999523162842,1.350000023841858,1.2999999523162842,1.350000023841858,12000
2010-03-05,0.7166459560394287,1.2999999523162842,1.2999999523162842,1.2999999523162842,1.2999999523162842,20000
2010-03-08,0.7166459560394287,1.2999999523162842,1.2999999523162842,1.25,1.25,88000
2010-03-09,0.7001079320907593,1.2699999809265137,1.2899999618530273,1.2400000095367432,1.2899999618530273,12000
2010-03-10,0.727671205997467,1.3200000524520874,1.3300000429153442,1.2999999523162842,1.2999999523162842,82000
2010-03-11,0.727671205997467,1.3200000524520874,1.3200000524520874,1.3200000524520874,1.3200000524520874,30000
2010-03-12,0.727671205997467,1.3200000524520874,1.3200000524520874,1.3200000524520874,1.3200000524520874,0
2010-03-15,0.727671205997467,1.3200000524520874,1.3200000524520874,1.3200000524520874,1.3200000524520874,0
2010-03-16,0.7331840395927429,1.3300000429153442,1.3300000429153442,1.3200000524520874,1.3200000524520874,46000
2010-03-17,0.705620527267456,1.2799999713897705,1.2799999713897705,1.2400000095367432,1.2400000095367432,82000
2010-03-18,0.705620527267456,1.2799999713897705,1.2799999713897705,1.2799999713897705,1.2799999713897705,0
2010-03-19,0.7166459560394287,1.2999999523162842,1.2999999523162842,1.2999999523162842,1.2999999523162842,2000
2010-03-22,0.7166459560394287,1.2999999523162842,1.2999999523162842,1.2999999523162842,1.2999999523162842,0
2010-03-23,0.7166459560394287,1.2999999523162842,1.2999999523162842,1.2999999523162842,1.2999999523162842,0
2010-03-24,0.7166459560394287,1.2999999523162842,1.2999999523162842,1.2999999523162842,1.2999999523162842,0
2010-03-25,0.7166459560394287,1.2999999523162842,1.2999999523162842,1.2999999523162842,1.2999999523162842,0
2010-03-26,0.7386964559555054,1.340000033378601,1.340000033378601,1.2999999523162842,1.2999999523162842,16000
2010-03-29,0.727671205997467,1.3200000524520874,1.3300000429153442,1.3200000524520874,1.3300000429153442,22000
2010-03-30,0.727671205997467,1.3200000524520874,1.3200000524520874,1.3200000524520874,1.3200000524520874,0
2010-03-31,0.727671205997467,1.3200000524520874,1.3200000524520874,1.3200000524520874,1.3200000524520874,0
2010-04-01,0.7166459560394287,1.2999999523162842,1.2999999523162842,1.2999999523162842,1.2999999523162842,20000
2010-04-07,0.7166459560394287,1.2999999523162842,1.2999999523162842,1.2999999523162842,1.2999999523162842,70000
2010-04-08,0.7166459560394287,1.2999999523162842,1.350000023841858,1.2999999523162842,1.350000023841858,20000
2010-04-09,0.7386964559555054,1.340000033378601,1.340000033378601,1.2999999523162842,1.309999942779541,184000
2010-04-12,0.7442092299461365,1.350000023841858,1.350000023841858,1.340000033378601,1.340000033378601,20000
2010-04-13,0.7331840395927429,1.3300000429153442,1.3300000429153442,1.3300000429153442,1.3300000429153442,28000
2010-04-14,0.7442092299461365,1.350000023841858,1.350000023841858,1.340000033378601,1.340000033378601,60000
2010-04-15,0.7442092299461365,1.350000023841858,1.350000023841858,1.350000023841858,1.350000023841858,0
2010-04-16,0.7331840395927429,1.3300000429153442,1.3300000429153442,1.3300000429153442,1.3300000429153442,20000
2010-04-19,0.7331840395927429,1.3300000429153442,1.3300000429153442,1.3300000429153442,1.3300000429153442,0
2010-04-20,0.7331840395927429,1.3300000429153442,1.3300000429153442,1.3300000429153442,1.3300000429153442,0
2010-04-21,0.7221583724021912,1.309999942779541,1.309999942779541,1.2999999523162842,1.309999942779541,12000
2010-04-22,0.7331840395927429,1.3300000429153442,1.3300000429153442,1.3300000429153442,1.3300000429153442,2000
2010-04-23,0.7662597298622131,1.3899999856948853,1.3899999856948853,1.350000023841858,1.350000023841858,136000
2010-04-26,0.7607472538948059,1.3799999952316284,1.399999976158142,1.3799999952316284,1.399999976158142,124000
2010-04-27,0.7607472538948059,1.3799999952316284,1.3799999952316284,1.3700000047683716,1.3700000047683716,214000
2010-04-28,0.727671205997467,1.3200000524520874,1.3799999952316284,1.309999942779541,1.3799999952316284,30000
2010-04-29,0.727671205997467,1.3200000524520874,1.3200000524520874,1.3200000524520874,1.3200000524520874,2000
2010-04-30,0.749721884727478,1.3600000143051147,1.3600000143051147,1.350000023841858,1.350000023841858,50000
2010-05-03,0.749721884727478,1.3600000143051147,1.3600000143051147,1.3600000143051147,1.3600000143051147,20000
2010-05-04,0.749721884727478,1.3600000143051147,1.3600000143051147,1.3600000143051147,1.3600000143051147,0
2010-05-05,0.7607472538948059,1.3799999952316284,1.3799999952316284,1.3300000429153442,1.340000033378601,254000
2010-05-06,0.749721884727478,1.3600000143051147,1.3700000047683716,1.340000033378601,1.3600000143051147,196000
2010-05-07,0.749721884727478,1.3600000143051147,1.3600000143051147,1.3600000143051147,1.3600000143051147,0
2010-05-10,0.6615192294120789,1.2000000476837158,1.2000000476837158,1.2000000476837158,1.2000000476837158,2000
2010-05-11,0.7607472538948059,1.3799999952316284,1.3799999952316284,1.3799999952316284,1.3799999952316284,18000
2010-05-12,0.7607472538948059,1.3799999952316284,1.3799999952316284,1.3799999952316284,1.3799999952316284,0
2010-05-13,0.7221583724021912,1.309999942779541,1.309999942779541,1.309999942779541,1.309999942779541,20000
2010-05-14,0.705620527267456,1.2799999713897705,1.3700000047683716,1.2799999713897705,1.3700000047683716,34000
2010-05-17,0.705620527267456,1.2799999713897705,1.2799999713897705,1.2799999713897705,1.2799999713897705,0
2010-05-18,0.705620527267456,1.2799999713897705,1.2799999713897705,1.2799999713897705,1.2799999713897705,0
2010-05-19,0.7166459560394287,1.2999999523162842,1.2999999523162842,1.2999999523162842,1.2999999523162842,58000
2010-05-20,0.7166459560394287,1.2999999523162842,1.2999999523162842,1.2999999523162842,1.2999999523162842,0
2010-05-24,0.705620527267456,1.2799999713897705,1.2999999523162842,1.2799999713897705,1.2999999523162842,62000
2010-05-25,0.6945952773094177,1.2599999904632568,1.2799999713897705,1.2599999904632568,1.2799999713897705,70000
2010-05-26,0.6835698485374451,1.2400000095367432,1.2400000095367432,1.2400000095367432,1.2400000095367432,3900
2010-05-27,0.6835698485374451,1.2400000095367432,1.2400000095367432,1.2400000095367432,1.2400000095367432,0
2010-05-28,0.6835698485374451,1.2400000095367432,1.2400000095367432,1.2400000095367432,1.2400000095367432,0
2010-05-31,0.6835698485374451,1.2400000095367432,1.2400000095367432,1.2400000095367432,1.2400000095367432,0
2010-06-01,0.6945952773094177,1.2599999904632568,1.2599999904632568,1.2599999904632568,1.2599999904632568,12000
2010-06-02,0.6945952773094177,1.2599999904632568,1.2599999904632568,1.2599999904632568,1.2599999904632568,0
2010-06-03,0.6890826225280762,1.25,1.2599999904632568,1.25,1.2599999904632568,10000
2010-06-04,0.7111331820487976,1.2899999618530273,1.350000023841858,1.2899999618530273,1.350000023841858,58000
2010-06-07,0.6780573129653931,1.2300000190734863,1.350000023841858,1.2300000190734863,1.2300000190734863,22000
2010-06-08,0.6780573129653931,1.2300000190734863,1.2300000190734863,1.2300000190734863,1.2300000190734863,0
2010-06-09,0.727671205997467,1.3200000524520874,1.3200000524520874,1.3200000524520874,1.3200000524520874,20000
2010-06-10,0.7166459560394287,1.2999999523162842,1.2999999523162842,1.2999999523162842,1.2999999523162842,0
2010-06-11,0.7111331820487976,1.2899999618530273,1.2899999618530273,1.2799999713897705,1.2899999618530273,100000
2010-06-14,0.6945952773094177,1.2599999904632568,1.2899999618530273,1.2599999904632568,1.2899999618530273,22000
2010-06-15,0.6945952773094177,1.2599999904632568,1.2599999904632568,1.2599999904632568,1.2599999904632568,0
2010-06-17,0.6945952773094177,1.2599999904632568,1.2599999904632568,1.2599999904632568,1.2599999904632568,0
2010-06-18,0.6945952773094177,1.2599999904632568,1.2599999904632568,1.2599999904632568,1.2599999904632568,0
2010-06-21,0.6945952773094177,1.2599999904632568,1.2599999904632568,1.2599999904632568,1.2599999904632568,0
2010-06-22,0.6945952773094177,1.2599999904632568,1.2599999904632568,1.2599999904632568,1.2599999904632568,0
2010-06-23,0.6945952773094177,1.2599999904632568,1.2599999904632568,1.2599999904632568,1.2599999904632568,0
2010-06-24,0.727671205997467,1.3200000524520874,1.3200000524520874,1.3200000524520874,1.3200000524520874,18000
2010-06-25,0.705620527267456,1.2799999713897705,1.2799999713897705,1.2799999713897705,1.2799999713897705,20000
2010-06-28,0.7111331820487976,1.2899999618530273,1.2899999618530273,1.2899999618530273,1.2899999618530273,0
2010-06-29,0.7166459560394287,1.2999999523162842,1.2999999523162842,1.2999999523162842,1.2999999523162842,50000
2010-06-30,0.7166459560394287,1.2999999523162842,1.2999999523162842,1.2999999523162842,1.2999999523162842,0
2010-07-02,0.7166459560394287,1.2999999523162842,1.2999999523162842,1.2999999523162842,1.2999999523162842,12000
2010-07-05,0.7166459560394287,1.2999999523162842,1.2999999523162842,1.2999999523162842,1.2999999523162842,0
2010-07-06,0.7166459560394287,1.2999999523162842,1.2999999523162842,1.2999999523162842,1.2999999523162842,0
2010-07-07,0.7166459560394287,1.2999999523162842,1.2999999523162842,1.2999999523162842,1.2999999523162842,0
2010-07-08,0.7331840395927429,1.3300000429153442,1.3300000429153442,1.3300000429153442,1.3300000429153442,10000
2010-07-09,0.7331840395927429,1.3300000429153442,1.3300000429153442,1.3300000429153442,1.3300000429153442,134000
2010-07-12,0.7331840395927429,1.3300000429153442,1.3300000429153442,1.3300000429153442,1.3300000429153442,38000
2010-07-13,0.7331840395927429,1.3300000429153442,1.3300000429153442,1.3300000429153442,1.3300000429153442,0
2010-07-14,0.7331840395927429,1.3300000429153442,1.340000033378601,1.3300000429153442,1.340000033378601,20000
2010-07-15,0.7331840395927429,1.3300000429153442,1.3300000429153442,1.3300000429153442,1.3300000429153442,0
2010-07-16,0.7331840395927429,1.3300000429153442,1.3300000429153442,1.3300000429153442,1.3300000429153442,62000
2010-07-19,0.7331840395927429,1.3300000429153442,1.3300000429153442,1.3300000429153442,1.3300000429153442,0
2010-07-20,0.7442092299461365,1.350000023841858,1.350000023841858,1.350000023841858,1.350000023841858,60000
2010-07-21,0.75523442029953,1.3700000047683716,1.3700000047683716,1.340000033378601,1.350000023841858,134000
2010-07-22,0.7772850394248962,1.409999966621399,1.4199999570846558,1.3799999952316284,1.4199999570846558,278000
2010-07-23,0.7717725038528442,1.399999976158142,1.4500000476837158,1.3899999856948853,1.4500000476837158,224000
2010-07-26,0.7717725038528442,1.399999976158142,1.399999976158142,1.399999976158142,1.399999976158142,16000
2010-07-27,0.749721884727478,1.3600000143051147,1.3600000143051147,1.3600000143051147,1.3600000143051147,16000
2010-07-28,0.7717725038528442,1.399999976158142,1.399999976158142,1.3899999856948853,1.3899999856948853,60000
2010-07-29,0.7717725038528442,1.399999976158142,1.399999976158142,1.399999976158142,1.399999976158142,0
2010-07-30,0.7607472538948059,1.3799999952316284,1.3799999952316284,1.3700000047683716,1.3799999952316284,42000
2010-08-02,0.7827978730201721,1.4199999570846558,1.4199999570846558,1.399999976158142,1.399999976158142,90000
2010-08-03,0.7772850394248962,1.409999966621399,1.4199999570846558,1.399999976158142,1.4199999570846558,114000
2010-08-04,0.7772850394248962,1.409999966621399,1.409999966621399,1.409999966621399,1.409999966621399,0
2010-08-05,0.7717725038528442,1.399999976158142,1.399999976158142,1.399999976158142,1.399999976158142,11271
2010-08-06,0.7717725038528442,1.399999976158142,1.399999976158142,1.399999976158142,1.399999976158142,30000
2010-08-09,0.7717725038528442,1.399999976158142,1.399999976158142,1.399999976158142,1.399999976158142,100000
2010-08-10,0.8048484921455383,1.4600000381469727,1.4600000381469727,1.4199999570846558,1.4199999570846558,14000
2010-08-11,0.7883104085922241,1.4299999475479126,1.4299999475479126,1.3799999952316284,1.4199999570846558,200000
2010-08-12,0.7607472538948059,1.3799999952316284,1.399999976158142,1.3799999952316284,1.399999976158142,70001
2010-08-13,0.7717725038528442,1.399999976158142,1.399999976158142,1.399999976158142,1.399999976158142,6000
2010-08-16,0.7607472538948059,1.3799999952316284,1.4500000476837158,1.3799999952316284,1.4500000476837158,28000
2010-08-17,0.7607472538948059,1.3799999952316284,1.3799999952316284,1.3799999952316284,1.3799999952316284,0
2010-08-18,0.7827978730201721,1.4199999570846558,1.4199999570846558,1.4199999570846558,1.4199999570846558,136000
2010-08-19,0.7827978730201721,1.4199999570846558,1.4199999570846558,1.4199999570846558,1.4199999570846558,24000
2010-08-20,0.7717725038528442,1.399999976158142,1.4199999570846558,1.399999976158142,1.4199999570846558,68000
2010-08-23,0.7827978730201721,1.4199999570846558,1.440000057220459,1.399999976158142,1.399999976158142,112000
2010-08-24,0.7827978730201721,1.4199999570846558,1.4199999570846558,1.4199999570846558,1.4199999570846558,10000
2010-08-25,0.7883104085922241,1.4299999475479126,1.4299999475479126,1.399999976158142,1.4199999570846558,72000
2010-08-26,0.7883104085922241,1.4299999475479126,1.4299999475479126,1.4199999570846558,1.4199999570846558,104000
2010-08-27,0.7883104085922241,1.4299999475479126,1.4299999475479126,1.4299999475479126,1.4299999475479126,0
2010-08-30,0.7883104085922241,1.4299999475479126,1.4299999475479126,1.4299999475479126,1.4299999475479126,0
2010-08-31,0.7883104085922241,1.4299999475479126,1.4299999475479126,1.4299999475479126,1.4299999475479126,0
2010-09-01,0.749721884727478,1.3600000143051147,1.4199999570846558,1.350000023841858,1.4199999570846558,62000
2010-09-02,0.7958585619926453,1.3799999952316284,1.4199999570846558,1.3799999952316284,1.3799999952316284,98000
2010-09-03,0.7958585619926453,1.3799999952316284,1.3799999952316284,1.350000023841858,1.350000023841858,156000
2010-09-06,0.7958585619926453,1.3799999952316284,1.3799999952316284,1.3799999952316284,1.3799999952316284,0
2010-09-07,0.8477624654769897,1.4700000286102295,1.4800000190734863,1.350000023841858,1.350000023841858,92000
2010-09-08,0.8246939778327942,1.4299999475479126,1.4299999475479126,1.4299999475479126,1.4299999475479126,14000
2010-09-09,0.8189269304275513,1.4199999570846558,1.4199999570846558,1.4199999570846558,1.4199999570846558,36000
2010-09-10,0.8073927164077759,1.399999976158142,1.399999976158142,1.3899999856948853,1.3899999856948853,24000
2010-09-13,0.8073927164077759,1.399999976158142,1.4199999570846558,1.399999976158142,1.399999976158142,12000
2010-09-14,0.8073927164077759,1.399999976158142,1.399999976158142,1.399999976158142,1.399999976158142,0
2010-09-15,0.8073927164077759,1.399999976158142,1.399999976158142,1.399999976158142,1.399999976158142,0
2010-09-16,0.8189269304275513,1.4199999570846558,1.4299999475479126,1.4199999570846558,1.4199999570846558,48000
2010-09-17,0.8189269304275513,1.4199999570846558,1.4199999570846558,1.4199999570846558,1.4199999570846558,0
2010-09-20,0.8189269304275513,1.4199999570846558,1.4199999570846558,1.4199999570846558,1.4199999570846558,0
2010-09-21,0.8189269304275513,1.4199999570846558,1.4199999570846558,1.4199999570846558,1.4199999570846558,36000
2010-09-22,0.8073927164077759,1.399999976158142,1.399999976158142,1.399999976158142,1.399999976158142,20000
2010-09-24,0.8073927164077759,1.399999976158142,1.399999976158142,1.399999976158142,1.399999976158142,40000
2010-09-27,0.8304610848426819,1.440000057220459,1.4500000476837158,1.3799999952316284,1.3799999952316284,32000
2010-09-28,0.7958585619926453,1.3799999952316284,1.3899999856948853,1.3799999952316284,1.3899999856948853,180000
2010-09-29,0.8362284302711487,1.4500000476837158,1.4500000476837158,1.4500000476837158,1.4500000476837158,30000
2010-09-30,0.8073927164077759,1.399999976158142,1.399999976158142,1.399999976158142,1.399999976158142,106000
2010-10-04,0.8362284302711487,1.4500000476837158,1.4500000476837158,1.4500000476837158,1.4500000476837158,82000
2010-10-05,0.8362284302711487,1.4500000476837158,1.4500000476837158,1.4500000476837158,1.4500000476837158,60000
2010-10-06,0.8304610848426819,1.440000057220459,1.440000057220459,1.440000057220459,1.440000057220459,0
2010-10-07,0.8189269304275513,1.4199999570846558,1.4500000476837158,1.4199999570846558,1.440000057220459,60000
2010-10-08,0.8304610848426819,1.440000057220459,1.4500000476837158,1.440000057220459,1.440000057220459,64000
2010-10-11,0.8246939778327942,1.4299999475479126,1.4600000381469727,1.4199999570846558,1.4600000381469727,30000
2010-10-12,0.8535294532775879,1.4800000190734863,1.4800000190734863,1.4500000476837158,1.4500000476837158,108000
2010-10-13,0.8535294532775879,1.4800000190734863,1.4800000190734863,1.4500000476837158,1.4500000476837158,86000
2010-10-14,0.8362284302711487,1.4500000476837158,1.4900000095367432,1.4299999475479126,1.4900000095367432,130000
2010-10-15,0.8362284302711487,1.4500000476837158,1.4600000381469727,1.4500000476837158,1.4600000381469727,152000
2010-10-18,0.8535294532775879,1.4800000190734863,1.4800000190734863,1.4199999570846558,1.4199999570846558,130000
2010-10-19,0.9227344989776611,1.600000023841858,1.600000023841858,1.5199999809265137,1.5199999809265137,224000
2010-10-20,0.9342687129974365,1.6200000047683716,1.6200000047683716,1.600000023841858,1.600000023841858,238000
2010-10-21,0.9458028674125671,1.6399999856948853,1.6799999475479126,1.6299999952316284,1.649999976158142,72000
2010-10-22,0.9573370218276978,1.659999966621399,1.659999966621399,1.649999976158142,1.649999976158142,50000
2010-10-25,0.9573370218276978,1.659999966621399,1.659999966621399,1.5299999713897705,1.5299999713897705,110000
2010-10-26,0.9054333567619324,1.5700000524520874,1.649999976158142,1.5700000524520874,1.649999976158142,214000
2010-10-27,0.8765980005264282,1.5199999809265137,1.5199999809265137,1.5199999809265137,1.5199999809265137,40000
2010-10-28,0.8765980005264282,1.5199999809265137,1.5199999809265137,1.5199999809265137,1.5199999809265137,0
2010-10-29,0.8765980005264282,1.5199999809265137,1.5199999809265137,1.5199999809265137,1.5199999809265137,0
2010-11-01,0.8765980005264282,1.5199999809265137,1.5199999809265137,1.5199999809265137,1.5199999809265137,0
2010-11-02,0.8765980005264282,1.5199999809265137,1.5199999809265137,1.5199999809265137,1.5199999809265137,0
2010-11-03,0.9515699744224548,1.649999976158142,1.649999976158142,1.5499999523162842,1.5499999523162842,234000
2010-11-04,0.9515699744224548,1.649999976158142,1.649999976158142,1.649999976158142,1.649999976158142,4000
2010-11-05,0.9342687129974365,1.6200000047683716,1.6399999856948853,1.6200000047683716,1.6399999856948853,108000
2010-11-08,0.9169673919677734,1.590000033378601,1.6299999952316284,1.590000033378601,1.6200000047683716,68000
2010-11-09,0.9112003445625305,1.5800000429153442,1.5800000429153442,1.5,1.5,70000
2010-11-10,0.8996662497520447,1.559999942779541,1.559999942779541,1.5099999904632568,1.559999942779541,124000
2010-11-11,0.8996662497520447,1.559999942779541,1.559999942779541,1.559999942779541,1.559999942779541,30000
2010-11-12,0.8996662497520447,1.559999942779541,1.559999942779541,1.559999942779541,1.559999942779541,10000
2010-11-15,0.8765980005264282,1.5199999809265137,1.5199999809265137,1.5199999809265137,1.5199999809265137,10000
2010-11-16,0.9227344989776611,1.600000023841858,1.649999976158142,1.5700000524520874,1.6399999856948853,258000
2010-11-17,0.9458028674125671,1.6399999856948853,1.6699999570846558,1.6100000143051147,1.649999976158142,130000
2010-11-18,0.9227344989776611,1.600000023841858,1.649999976158142,1.600000023841858,1.649999976158142,52000
2010-11-19,0.9342687129974365,1.6200000047683716,1.6200000047683716,1.600000023841858,1.6100000143051147,76000
2010-11-22,0.9342687129974365,1.6200000047683716,1.6200000047683716,1.600000023841858,1.600000023841858,10000
2010-11-23,0.9342687129974365,1.6200000047683716,1.6699999570846558,1.600000023841858,1.659999966621399,192000
2010-11-24,0.9227344989776611,1.600000023841858,1.600000023841858,1.5800000429153442,1.5800000429153442,20000
2010-11-25,0.9515699744224548,1.649999976158142,1.659999966621399,1.6200000047683716,1.6200000047683716,102000
2010-11-26,0.9458028674125671,1.6399999856948853,1.6399999856948853,1.6399999856948853,1.6399999856948853,60000
2010-11-29,1.0034737586975098,1.7400000095367432,1.7400000095367432,1.6699999570846558,1.6699999570846558,152000
2010-11-30,1.0034737586975098,1.7400000095367432,1.7400000095367432,1.659999966621399,1.7400000095367432,224000
2010-12-01,1.0150078535079956,1.7599999904632568,1.7699999809265137,1.6699999570846558,1.75,296000
2010-12-02,1.0034737586975098,1.7400000095367432,1.7599999904632568,1.7400000095367432,1.75,164000
2010-12-03,1.0265421867370605,1.7799999713897705,1.809999942779541,1.7799999713897705,1.7799999713897705,566000
2010-12-06,1.0669118165969849,1.850000023841858,1.850000023841858,1.7999999523162842,1.8200000524520874,184000
2010-12-07,1.0669118165969849,1.850000023841858,1.8799999952316284,1.850000023841858,1.8799999952316284,28000
2010-12-08,1.0669118165969849,1.850000023841858,1.8799999952316284,1.8200000524520874,1.850000023841858,246000
2010-12-09,1.0965484380722046,1.850000023841858,1.8600000143051147,1.7999999523162842,1.850000023841858,184000
2010-12-10,1.0787663459777832,1.8200000524520874,1.8799999952316284,1.7999999523162842,1.809999942779541,282000
2010-12-13,1.0846936702728271,1.8300000429153442,1.899999976158142,1.8200000524520874,1.8600000143051147,370000
2010-12-14,1.0965484380722046,1.850000023841858,1.8799999952316284,1.850000023841858,1.8799999952316284,118000
2010-12-15,1.0965484380722046,1.850000023841858,1.8600000143051147,1.850000023841858,1.850000023841858,54000
2010-12-16,1.0965484380722046,1.850000023841858,1.850000023841858,1.850000023841858,1.850000023841858,100000
2010-12-17,1.1143301725387573,1.8799999952316284,1.8799999952316284,1.8799999952316284,1.8799999952316284,12000
2010-12-20,1.0846936702728271,1.8300000429153442,1.8899999856948853,1.8300000429153442,1.840000033378601,142000
2010-12-21,1.0846936702728271,1.8300000429153442,1.8300000429153442,1.7799999713897705,1.8300000429153442,892000
2010-12-22,1.0313479900360107,1.7400000095367432,1.8799999952316284,1.7400000095367432,1.8799999952316284,1510000
2010-12-23,1.0550572872161865,1.7799999713897705,1.7899999618530273,1.7699999809265137,1.7699999809265137,1504000
2010-12-24,1.0787663459777832,1.8200000524520874,1.8200000524520874,1.809999942779541,1.8200000524520874,108000
2010-12-28,1.0669118165969849,1.7999999523162842,1.8200000524520874,1.7999999523162842,1.8200000524520874,0
2010-12-29,1.1084027290344238,1.8700000047683716,1.8799999952316284,1.840000033378601,1.840000033378601,178000
2010-12-30,1.0669118165969849,1.7999999523162842,1.7999999523162842,1.7999999523162842,1.7999999523162842,10000
2010-12-31,1.1084027290344238,1.8700000047683716,1.8700000047683716,1.8700000047683716,1.8700000047683716,40000
2011-01-03,1.090620994567871,1.840000033378601,1.840000033378601,1.840000033378601,1.840000033378601,44000
2011-01-04,1.090620994567871,1.840000033378601,1.840000033378601,1.840000033378601,1.840000033378601,106000
2011-01-05,1.0787663459777832,1.8200000524520874,1.840000033378601,1.8200000524520874,1.8300000429153442,84000
2011-01-06,1.0787663459777832,1.8200000524520874,1.8200000524520874,1.809999942779541,1.8200000524520874,108000
2011-01-07,1.0787663459777832,1.8200000524520874,1.8300000429153442,1.7999999523162842,1.809999942779541,36000
2011-01-10,1.0846936702728271,1.8300000429153442,1.8300000429153442,1.7999999523162842,1.809999942779541,36000
2011-01-11,1.0728391408920288,1.809999942779541,1.809999942779541,1.7999999523162842,1.809999942779541,136000
2011-01-12,1.0787663459777832,1.8200000524520874,1.850000023841858,1.8200000524520874,1.850000023841858,22000
2011-01-13,1.1498937606811523,1.940000057220459,1.940000057220459,1.8200000524520874,1.850000023841858,1004000
2011-01-14,1.1736031770706177,1.9800000190734863,2.0199999809265137,1.8300000429153442,1.9600000381469727,1265200
2011-01-17,1.1854575872421265,2.0,2.0,1.9500000476837158,1.9500000476837158,160000
2011-01-18,1.1676757335662842,1.9700000286102295,2.0,1.9500000476837158,2.0,102000
2011-01-19,1.138039231300354,1.9199999570846558,1.9299999475479126,1.899999976158142,1.9299999475479126,212000
2011-01-20,1.1558210849761963,1.9500000476837158,1.9500000476837158,1.8899999856948853,1.899999976158142,90000
2011-01-21,1.1558210849761963,1.9500000476837158,1.9500000476837158,1.9500000476837158,1.9500000476837158,0
2011-01-24,1.1202571392059326,1.8899999856948853,1.899999976158142,1.8899999856948853,1.899999976158142,518000
2011-01-25,1.1024755239486694,1.8600000143051147,1.8700000047683716,1.8600000143051147,1.8700000047683716,30000
2011-01-26,1.0965484380722046,1.850000023841858,1.8600000143051147,1.850000023841858,1.8600000143051147,76000
2011-01-27,1.0965484380722046,1.850000023841858,1.8600000143051147,1.850000023841858,1.8600000143051147,16000
2011-01-28,1.0965484380722046,1.850000023841858,1.850000023841858,1.840000033378601,1.840000033378601,42000
2011-01-31,1.1084027290344238,1.8700000047683716,1.8700000047683716,1.8300000429153442,1.8300000429153442,368000
2011-02-01,1.1084027290344238,1.8700000047683716,1.8700000047683716,1.8700000047683716,1.8700000047683716,0
2011-02-02,1.1084027290344238,1.8700000047683716,1.8799999952316284,1.8700000047683716,1.8799999952316284,42000
2011-02-07,1.1261845827102661,1.899999976158142,1.899999976158142,1.8899999856948853,1.8899999856948853,20000
2011-02-08,1.1261845827102661,1.899999976158142,1.9500000476837158,1.8899999856948853,1.9299999475479126,408000
2011-02-09,1.1261845827102661,1.899999976158142,1.899999976158142,1.899999976158142,1.899999976158142,0
2011-02-10,1.1143301725387573,1.8799999952316284,1.8799999952316284,1.8700000047683716,1.8799999952316284,98000
2011-02-11,1.1143301725387573,1.8799999952316284,1.8799999952316284,1.8700000047683716,1.8799999952316284,30000
2011-02-14,1.1558210849761963,1.9500000476837158,1.9500000476837158,1.8799999952316284,1.8799999952316284,120000
2011-02-15,1.1439664363861084,1.9299999475479126,1.9299999475479126,1.899999976158142,1.899999976158142,20000
2011-02-16,1.1439664363861084,1.9299999475479126,1.9299999475479126,1.9299999475479126,1.9299999475479126,0
2011-02-17,1.1558210849761963,1.9500000476837158,1.9600000381469727,1.9299999475479126,1.9500000476837158,126000
2011-02-18,1.138039231300354,1.9199999570846558,1.9500000476837158,1.9199999570846558,1.9500000476837158,24000
2011-02-21,1.1261845827102661,1.899999976158142,1.899999976158142,1.899999976158142,1.899999976158142,14000
2011-02-22,1.1024755239486694,1.8600000143051147,1.9500000476837158,1.840000033378601,1.9500000476837158,112000
2011-02-23,1.1084027290344238,1.8700000047683716,1.8700000047683716,1.8700000047683716,1.8700000047683716,4000
2011-02-24,1.1143301725387573,1.8799999952316284,1.8799999952316284,1.8700000047683716,1.8700000047683716,68000
2011-02-25,1.1143301725387573,1.8799999952316284,1.8799999952316284,1.8799999952316284,1.8799999952316284,10000
2011-02-28,1.138039231300354,1.9199999570846558,1.9199999570846558,1.9199999570846558,1.9199999570846558,20000
2011-03-01,1.1261845827102661,1.899999976158142,1.899999976158142,1.850000023841858,1.850000023841858,32000
2011-03-02,1.1558210849761963,1.9500000476837158,1.9500000476837158,1.9500000476837158,1.9500000476837158,100000
2011-03-03,1.1736031770706177,1.9800000190734863,1.9800000190734863,1.9800000190734863,1.9800000190734863,22000
2011-03-04,1.1736031770706177,1.9800000190734863,1.9800000190734863,1.9800000190734863,1.9800000190734863,100000
2011-03-07,1.1558210849761963,1.9500000476837158,1.9800000190734863,1.9500000476837158,1.9500000476837158,34000
2011-03-08,1.1558210849761963,1.9500000476837158,2.0,1.9500000476837158,1.9800000190734863,116000
2011-03-09,1.1676757335662842,1.9700000286102295,1.9700000286102295,1.9500000476837158,1.9600000381469727,106000
2011-03-10,1.1558210849761963,1.9500000476837158,1.9500000476837158,1.9500000476837158,1.9500000476837158,20000
2011-03-11,1.1439664363861084,1.9299999475479126,1.9299999475479126,1.9299999475479126,1.9299999475479126,20000
2011-03-14,1.1439664363861084,1.9299999475479126,1.940000057220459,1.899999976158142,1.899999976158142,114000
2011-03-15,1.1202571392059326,1.8899999856948853,1.8799999952316284,1.8700000047683716,1.8700000047683716,16000
2011-03-16,1.13211190700531,1.909999966621399,1.9500000476837158,1.8700000047683716,1.9500000476837158,52000
2011-03-17,1.1143301725387573,1.8799999952316284,1.8799999952316284,1.8200000524520874,1.850000023841858,134000
2011-03-18,1.1558210849761963,1.9500000476837158,1.9500000476837158,1.9500000476837158,1.9500000476837158,50000
2011-03-21,1.1558210849761963,1.9500000476837158,1.9500000476837158,1.9500000476837158,1.9500000476837158,0
2011-03-22,1.1558210849761963,1.9500000476837158,1.9500000476837158,1.9500000476837158,1.9500000476837158,0
2011-03-23,1.1261845827102661,1.899999976158142,1.899999976158142,1.899999976158142,1.899999976158142,48000
2011-03-24,1.1084027290344238,1.8700000047683716,1.899999976158142,1.8600000143051147,1.899999976158142,12000
2011-03-25,1.1558210849761963,1.9500000476837158,1.9600000381469727,1.9299999475479126,1.9299999475479126,34000
2011-03-28,1.1439664363861084,1.9299999475479126,1.9299999475479126,1.899999976158142,1.899999976158142,16000
2011-03-29,1.1261845827102661,1.899999976158142,1.899999976158142,1.899999976158142,1.899999976158142,40000
2011-03-30,1.1261845827102661,1.899999976158142,1.909999966621399,1.899999976158142,1.909999966621399,52000
2011-03-31,1.1261845827102661,1.899999976158142,1.899999976158142,1.899999976158142,1.899999976158142,20000
2011-04-01,1.1261845827102661,1.899999976158142,1.899999976158142,1.899999976158142,1.899999976158142,12000
2011-04-04,1.1261845827102661,1.899999976158142,1.899999976158142,1.899999976158142,1.899999976158142,0
2011-04-06,1.0965484380722046,1.850000023841858,1.9199999570846558,1.850000023841858,1.850000023841858,150000
2011-04-07,1.1439664363861084,1.9299999475479126,1.9199999570846558,1.899999976158142,1.899999976158142,62000
2011-04-08,1.1558210849761963,1.9500000476837158,1.9500000476837158,1.940000057220459,1.940000057220459,22000
2011-04-11,1.138039231300354,1.9199999570846558,1.9500000476837158,1.8700000047683716,1.9500000476837158,124000
2011-04-12,1.1439664363861084,1.9299999475479126,1.940000057220459,1.9299999475479126,1.940000057220459,38000
2011-04-13,1.13211190700531,1.909999966621399,1.9199999570846558,1.909999966621399,1.9199999570846558,58000
2011-04-14,1.13211190700531,1.909999966621399,1.909999966621399,1.899999976158142,1.909999966621399,140000
2011-04-15,1.13211190700531,1.909999966621399,1.909999966621399,1.8700000047683716,1.8700000047683716,70000
2011-04-18,1.1143301725387573,1.8799999952316284,1.909999966621399,1.8799999952316284,1.909999966621399,78000
2011-04-19,1.1143301725387573,1.8799999952316284,1.8799999952316284,1.8799999952316284,1.8799999952316284,0
2011-04-20,1.1439664363861084,1.9299999475479126,1.9299999475479126,1.9299999475479126,1.9299999475479126,30000
2011-04-21,1.1439664363861084,1.9299999475479126,1.9299999475479126,1.9299999475479126,1.9299999475479126,0
2011-04-26,1.1261845827102661,1.899999976158142,1.899999976158142,1.899999976158142,1.899999976158142,2000
2011-04-27,1.1261845827102661,1.899999976158142,1.899999976158142,1.899999976158142,1.899999976158142,0
2011-04-28,1.138039231300354,1.9199999570846558,1.9600000381469727,1.899999976158142,1.9299999475479126,122000
2011-04-29,1.13211190700531,1.909999966621399,1.909999966621399,1.909999966621399,1.909999966621399,36000
2011-05-03,1.138039231300354,1.9199999570846558,1.9299999475479126,1.9199999570846558,1.9199999570846558,90000
2011-05-04,1.138039231300354,1.9199999570846558,1.9199999570846558,1.9199999570846558,1.9199999570846558,0
2011-05-05,1.1084027290344238,1.8700000047683716,1.9199999570846558,1.8700000047683716,1.9199999570846558,112000
2011-05-06,1.1024755239486694,1.8600000143051147,1.899999976158142,1.8600000143051147,1.899999976158142,66000
2011-05-09,1.1084027290344238,1.8700000047683716,1.8700000047683716,1.850000023841858,1.8600000143051147,116000
2011-05-11,1.1084027290344238,1.8700000047683716,1.8899999856948853,1.8700000047683716,1.8899999856948853,200000
2011-05-12,1.0965484380722046,1.850000023841858,1.850000023841858,1.850000023841858,1.850000023841858,26000
2011-05-13,1.1084027290344238,1.8700000047683716,1.8700000047683716,1.8700000047683716,1.8700000047683716,50000
2011-05-16,1.1084027290344238,1.8700000047683716,1.8700000047683716,1.8700000047683716,1.8700000047683716,0
2011-05-17,1.1143301725387573,1.8799999952316284,1.899999976158142,1.8799999952316284,1.8799999952316284,288000
2011-05-18,1.1143301725387573,1.8799999952316284,1.8799999952316284,1.8799999952316284,1.8799999952316284,70000
2011-05-19,1.1143301725387573,1.8799999952316284,1.8799999952316284,1.8799999952316284,1.8799999952316284,0
2011-05-20,1.1261845827102661,1.899999976158142,1.909999966621399,1.8799999952316284,1.909999966621399,32000
2011-05-23,1.1261845827102661,1.899999976158142,1.899999976158142,1.899999976158142,1.899999976158142,0
2011-05-24,1.1024755239486694,1.8600000143051147,1.8899999856948853,1.8600000143051147,1.8600000143051147,2000
2011-05-25,1.1084027290344238,1.8700000047683716,1.8899999856948853,1.8700000047683716,1.8899999856948853,30000
2011-05-26,1.1084027290344238,1.8700000047683716,1.8700000047683716,1.8700000047683716,1.8700000047683716,0
2011-05-27,1.1084027290344238,1.8700000047683716,1.8799999952316284,1.8700000047683716,1.8799999952316284,44000
2011-05-30,1.1024755239486694,1.8600000143051147,1.8600000143051147,1.8600000143051147,1.8600000143051147,30000
2011-05-31,1.1084027290344238,1.8700000047683716,1.8700000047683716,1.8700000047683716,1.8700000047683716,10000
2011-06-01,1.1084027290344238,1.8700000047683716,1.8799999952316284,1.8700000047683716,1.8799999952316284,50000
2011-06-02,1.1143301725387573,1.8799999952316284,1.8799999952316284,1.8799999952316284,1.8799999952316284,42000
2011-06-03,1.1084027290344238,1.8700000047683716,1.8899999856948853,1.8700000047683716,1.8899999856948853,22000
2011-06-07,1.1143301725387573,1.8799999952316284,1.8799999952316284,1.8799999952316284,1.8799999952316284,126000
2011-06-08,1.1261845827102661,1.899999976158142,1.9800000190734863,1.8799999952316284,1.8899999856948853,116000
2011-06-09,1.138039231300354,1.9199999570846558,1.9199999570846558,1.899999976158142,1.899999976158142,36000
2011-06-10,1.138039231300354,1.9199999570846558,1.9199999570846558,1.9199999570846558,1.9199999570846558,0
2011-06-13,1.1973121166229248,2.0199999809265137,2.0199999809265137,1.9500000476837158,1.9500000476837158,224000
2011-06-14,1.1854575872421265,2.0,2.0199999809265137,2.0,2.0199999809265137,56000
2011-06-15,1.2032394409179688,2.0299999713897705,2.0399999618530273,2.0,2.0,150000
2011-06-16,1.1854575872421265,2.0,2.059999942779541,2.0,2.049999952316284,204000
2011-06-17,1.1676757335662842,1.9700000286102295,2.0,1.9700000286102295,2.0,72000
2011-06-20,1.1676757335662842,1.9700000286102295,1.9700000286102295,1.9700000286102295,1.9700000286102295,0
2011-06-21,1.1676757335662842,1.9700000286102295,1.9700000286102295,1.9700000286102295,1.9700000286102295,0
2011-06-22,1.1736031770706177,1.9800000190734863,2.0,1.9800000190734863,2.0,34000
2011-06-23,1.1854575872421265,2.0,2.0,2.0,2.0,200000
2011-06-24,1.1854575872421265,2.0,2.0,2.0,2.0,0
2011-06-27,1.215093970298767,2.049999952316284,2.049999952316284,2.049999952316284,2.049999952316284,100000
2011-06-28,1.215093970298767,2.049999952316284,2.049999952316284,2.049999952316284,2.049999952316284,0
2011-06-29,1.1617485284805298,1.9600000381469727,1.9299999475479126,1.9299999475479126,1.9299999475479126,10000
2011-06-30,1.1617485284805298,1.9600000381469727,1.9700000286102295,1.9600000381469727,1.9600000381469727,262000
2011-07-04,1.1439664363861084,1.9299999475479126,1.9600000381469727,1.9299999475479126,1.9600000381469727,72000
2011-07-05,1.138039231300354,1.9199999570846558,1.9299999475479126,1.8799999952316284,1.8799999952316284,46000
2011-07-06,1.1024755239486694,1.8600000143051147,1.9199999570846558,1.8600000143051147,1.8600000143051147,928000
2011-07-07,1.1439664363861084,1.9299999475479126,1.9299999475479126,1.9199999570846558,1.9199999570846558,6000
2011-07-08,1.1439664363861084,1.9299999475479126,1.9299999475479126,1.9299999475479126,1.9299999475479126,0
2011-07-11,1.1498937606811523,1.940000057220459,1.899999976158142,1.850000023841858,1.850000023841858,52000
2011-07-12,1.1143301725387573,1.8799999952316284,1.850000023841858,1.850000023841858,1.850000023841858,34000
2011-07-13,1.1084027290344238,1.8700000047683716,1.8799999952316284,1.8700000047683716,1.8700000047683716,24000
2011-07-14,1.1084027290344238,1.8700000047683716,1.8700000047683716,1.8700000047683716,1.8700000047683716,0
2011-07-15,1.1084027290344238,1.8700000047683716,1.8700000047683716,1.8700000047683716,1.8700000047683716,0
2011-07-18,1.1143301725387573,1.8799999952316284,1.8700000047683716,1.840000033378601,1.8700000047683716,78000
2011-07-19,1.1143301725387573,1.8799999952316284,1.8799999952316284,1.8799999952316284,1.8799999952316284,20000
2011-07-20,1.1143301725387573,1.8799999952316284,1.8799999952316284,1.8799999952316284,1.8799999952316284,0
2011-07-21,1.1143301725387573,1.8799999952316284,1.8799999952316284,1.8799999952316284,1.8799999952316284,0
2011-07-22,1.1143301725387573,1.8799999952316284,1.8799999952316284,1.8799999952316284,1.8799999952316284,0
2011-07-25,1.1143301725387573,1.8799999952316284,1.9900000095367432,1.8799999952316284,1.9900000095367432,38000
2011-07-26,1.1143301725387573,1.8799999952316284,1.8799999952316284,1.8799999952316284,1.8799999952316284,0
2011-07-27,1.1558210849761963,1.9500000476837158,1.9900000095367432,1.9199999570846558,1.9900000095367432,90000
2011-07-28,1.1617485284805298,1.9600000381469727,1.9600000381469727,1.8799999952316284,1.9199999570846558,90000
2011-07-29,1.1084027290344238,1.8700000047683716,1.840000033378601,1.840000033378601,1.840000033378601,2000
2011-08-01,1.1084027290344238,1.8700000047683716,1.8700000047683716,1.8700000047683716,1.8700000047683716,0
2011-08-02,1.1084027290344238,1.8700000047683716,1.8700000047683716,1.8700000047683716,1.8700000047683716,0
2011-08-03,1.1084027290344238,1.8700000047683716,1.8700000047683716,1.8700000047683716,1.8700000047683716,72000
2011-08-04,1.090620994567871,1.840000033378601,1.8300000429153442,1.8300000429153442,1.8300000429153442,2000
2011-08-05,1.0491299629211426,1.7699999809265137,1.8300000429153442,1.7699999809265137,1.8200000524520874,126000
2011-08-08,1.0254207849502563,1.7300000190734863,1.7999999523162842,1.7000000476837158,1.7999999523162842,148000
2011-08-09,1.0017116069793701,1.690000057220459,1.75,1.6799999475479126,1.7000000476837158,94000
2011-08-10,1.0194933414459229,1.7200000286102295,1.7999999523162842,1.7200000286102295,1.7999999523162842,100000
2011-08-11,1.0254207849502563,1.7300000190734863,1.6299999952316284,1.6299999952316284,1.6299999952316284,2000
2011-08-12,1.0254207849502563,1.7300000190734863,1.7300000190734863,1.7200000286102295,1.7200000286102295,52000
2011-08-15,1.0254207849502563,1.7300000190734863,1.7300000190734863,1.7300000190734863,1.7300000190734863,0
2011-08-16,1.0254207849502563,1.7300000190734863,1.7300000190734863,1.7300000190734863,1.7300000190734863,0
2011-08-17,1.0669118165969849,1.7999999523162842,1.7999999523162842,1.7999999523162842,1.7999999523162842,28000
2011-08-18,1.0669118165969849,1.7999999523162842,1.7999999523162842,1.7999999523162842,1.7999999523162842,0
2011-08-19,0.995784342288971,1.6799999475479126,1.7200000286102295,1.6299999952316284,1.6299999952316284,48000
2011-08-22,0.9839296340942383,1.659999966621399,1.659999966621399,1.649999976158142,1.659999966621399,10000
2011-08-23,1.0076390504837036,1.7000000476837158,1.7000000476837158,1.7000000476837158,1.7000000476837158,10000
2011-08-24,0.995784342288971,1.6799999475479126,1.6799999475479126,1.6299999952316284,1.6299999952316284,22000
2011-08-25,0.995784342288971,1.6799999475479126,1.6799999475479126,1.6799999475479126,1.6799999475479126,0
2011-08-26,0.995784342288971,1.6799999475479126,1.6799999475479126,1.6799999475479126,1.6799999475479126,0
2011-08-29,0.995784342288971,1.6799999475479126,1.6799999475479126,1.6799999475479126,1.6799999475479126,0
2011-08-30,1.007781744003296,1.6799999475479126,1.6799999475479126,1.6799999475479126,1.6799999475479126,0
2011-08-31,0.9957842230796814,1.659999966621399,1.659999966621399,1.6299999952316284,1.649999976158142,50000
2011-09-01,0.9957842230796814,1.659999966621399,1.659999966621399,1.659999966621399,1.659999966621399,0
2011-09-02,0.9957842230796814,1.659999966621399,1.659999966621399,1.659999966621399,1.659999966621399,0
2011-09-05,0.9957842230796814,1.659999966621399,1.659999966621399,1.659999966621399,1.659999966621399,0
2011-09-06,0.9957842230796814,1.659999966621399,1.659999966621399,1.659999966621399,1.659999966621399,0
2011-09-07,1.0137805938720703,1.690000057220459,1.6699999570846558,1.5299999713897705,1.5399999618530273,12000
2011-09-08,1.0137805938720703,1.690000057220459,1.690000057220459,1.690000057220459,1.690000057220459,0
2011-09-09,1.0137805938720703,1.690000057220459,1.690000057220459,1.690000057220459,1.690000057220459,0
2011-09-12,1.0137805938720703,1.690000057220459,1.690000057220459,1.690000057220459,1.690000057220459,0
2011-09-14,1.0137805938720703,1.690000057220459,1.690000057220459,1.690000057220459,1.690000057220459,0
2011-09-15,1.0137805938720703,1.690000057220459,1.690000057220459,1.690000057220459,1.690000057220459,0
2011-09-16,1.0137805938720703,1.690000057220459,1.690000057220459,1.690000057220459,1.690000057220459,0
2011-09-19,1.0137805938720703,1.690000057220459,1.690000057220459,1.690000057220459,1.690000057220459,0
2011-09-20,1.007781744003296,1.6799999475479126,1.6299999952316284,1.6100000143051147,1.6299999952316284,28000
2011-09-21,0.9777880907058716,1.6299999952316284,1.6299999952316284,1.5099999904632568,1.5299999713897705,34000
2011-09-22,0.9297986030578613,1.5499999523162842,1.600000023841858,1.5499999523162842,1.600000023841858,14000
2011-09-23,0.9297986030578613,1.5499999523162842,1.5499999523162842,1.5499999523162842,1.5499999523162842,0
2011-09-26,0.9297986030578613,1.5499999523162842,1.5499999523162842,1.5399999618530273,1.5399999618530273,16000
2011-09-27,0.9297986030578613,1.5499999523162842,1.5499999523162842,1.5499999523162842,1.5499999523162842,0
2011-09-28,0.9297986030578613,1.5499999523162842,1.5499999523162842,1.5499999523162842,1.5499999523162842,0
2011-09-30,0.8578141927719116,1.4299999475479126,1.5499999523162842,1.4299999475479126,1.4299999475479126,2000
2011-10-03,0.8578141927719116,1.4299999475479126,1.4299999475479126,1.4299999475479126,1.4299999475479126,0
2011-10-04,0.8578141927719116,1.4299999475479126,1.4299999475479126,1.4299999475479126,1.4299999475479126,0
2011-10-06,0.8998050689697266,1.5,1.4500000476837158,1.4500000476837158,1.4500000476837158,14000
2011-10-07,0.8758103251457214,1.4600000381469727,1.4299999475479126,1.4299999475479126,1.5,20000
2011-10-10,0.8758103251457214,1.4600000381469727,1.4600000381469727,1.4600000381469727,1.4600000381469727,0
2011-10-11,0.8878078460693359,1.4800000190734863,1.4800000190734863,1.4800000190734863,1.4800000190734863,22000
2011-10-12,0.9118026494979858,1.5199999809265137,1.5,1.5,1.5,14000
2011-10-13,0.9118026494979858,1.5199999809265137,1.5199999809265137,1.5199999809265137,1.5199999809265137,0
2011-10-14,0.9118026494979858,1.5199999809265137,1.5199999809265137,1.5199999809265137,1.5199999809265137,0
2011-10-17,0.9118026494979858,1.5199999809265137,1.5199999809265137,1.5199999809265137,1.5199999809265137,10000
2011-10-18,0.9118026494979858,1.5199999809265137,1.5199999809265137,1.5199999809265137,1.5199999809265137,0
2011-10-19,1.0197792053222656,1.7000000476837158,1.7200000286102295,1.7000000476837158,1.7000000476837158,504000
2011-10-20,1.0197792053222656,1.7000000476837158,1.7000000476837158,1.7000000476837158,1.7000000476837158,0
2011-10-21,0.9897856116294861,1.649999976158142,1.649999976158142,1.649999976158142,1.649999976158142,6000
2011-10-24,0.9897856116294861,1.649999976158142,1.649999976158142,1.649999976158142,1.649999976158142,0
2011-10-25,0.9897856116294861,1.649999976158142,1.649999976158142,1.649999976158142,1.649999976158142,0
2011-10-26,1.0197792053222656,1.7000000476837158,1.7000000476837158,1.7000000476837158,1.7000000476837158,64000
2011-10-27,1.0197792053222656,1.7000000476837158,1.7000000476837158,1.7000000476837158,1.7000000476837158,0
2011-10-28,1.0197792053222656,1.7000000476837158,1.7000000476837158,1.690000057220459,1.690000057220459,114000
2011-10-31,1.0197792053222656,1.7000000476837158,1.7000000476837158,1.7000000476837158,1.7000000476837158,0
2011-11-01,1.0197792053222656,1.7000000476837158,1.7000000476837158,1.7000000476837158,1.7000000476837158,0
2011-11-02,1.0197792053222656,1.7000000476837158,1.7000000476837158,1.7000000476837158,1.7000000476837158,0
2011-11-03,1.0197792053222656,1.7000000476837158,1.7000000476837158,1.7000000476837158,1.7000000476837158,0
2011-11-04,1.0617700815200806,1.7699999809265137,1.7699999809265137,1.7699999809265137,1.7699999809265137,4000
2011-11-07,1.0617700815200806,1.7699999809265137,1.7699999809265137,1.7699999809265137,1.7699999809265137,0
2011-11-08,1.0497726202011108,1.75,1.7799999713897705,1.7000000476837158,1.7000000476837158,80000
2011-11-09,1.0497726202011108,1.75,1.75,1.75,1.75,0
2011-11-10,1.0377751588821411,1.7300000190734863,1.7300000190734863,1.7300000190734863,1.7300000190734863,8100
2011-11-11,1.0377751588821411,1.7300000190734863,1.7300000190734863,1.7300000190734863,1.7300000190734863,0
2011-11-14,1.0377751588821411,1.7300000190734863,1.7300000190734863,1.7100000381469727,1.7100000381469727,48000
2011-11-15,1.0377751588821411,1.7300000190734863,1.7300000190734863,1.7300000190734863,1.7300000190734863,0
2011-11-16,1.0377751588821411,1.7300000190734863,1.7300000190734863,1.7300000190734863,1.7300000190734863,0
2011-11-17,1.0377751588821411,1.7300000190734863,1.7300000190734863,1.7300000190734863,1.7300000190734863,0
2011-11-18,1.0377751588821411,1.7300000190734863,1.7300000190734863,1.7300000190734863,1.7300000190734863,0
2011-11-21,1.0497726202011108,1.75,1.75,1.75,1.75,20000
2011-11-22,1.0377751588821411,1.7300000190734863,1.7400000095367432,1.7300000190734863,1.7400000095367432,12000
2011-11-23,1.0197792053222656,1.7000000476837158,1.7200000286102295,1.7000000476837158,1.7200000286102295,30000
2011-11-24,1.0197792053222656,1.7000000476837158,1.7000000476837158,1.7000000476837158,1.7000000476837158,0
2011-11-25,1.0197792053222656,1.7000000476837158,1.7000000476837158,1.7000000476837158,1.7000000476837158,0
2011-11-28,1.0197792053222656,1.7000000476837158,1.7000000476837158,1.7000000476837158,1.7000000476837158,0
2011-11-29,1.0197792053222656,1.7000000476837158,1.7000000476837158,1.7000000476837158,1.7000000476837158,0
2011-11-30,1.0197792053222656,1.7000000476837158,1.7000000476837158,1.7000000476837158,1.7000000476837158,0
2011-12-01,1.0197792053222656,1.7000000476837158,1.7300000190734863,1.7000000476837158,1.7300000190734863,50000
2011-12-02,1.0197792053222656,1.7000000476837158,1.7000000476837158,1.7000000476837158,1.7000000476837158,0
2011-12-05,1.0197792053222656,1.7000000476837158,1.7000000476837158,1.7000000476837158,1.7000000476837158,0
2011-12-06,1.0197792053222656,1.7000000476837158,1.7000000476837158,1.7000000476837158,1.7000000476837158,0
2011-12-07,1.0197792053222656,1.7000000476837158,1.7000000476837158,1.7000000476837158,1.7000000476837158,0
2011-12-08,0.9777880907058716,1.6299999952316284,1.6299999952316284,1.6299999952316284,1.6299999952316284,20000
2011-12-09,0.9777880907058716,1.6299999952316284,1.6299999952316284,1.6299999952316284,1.6299999952316284,0
2011-12-12,0.9777880907058716,1.6299999952316284,1.6299999952316284,1.6299999952316284,1.6299999952316284,0
2011-12-13,0.9777880907058716,1.6299999952316284,1.6299999952316284,1.6299999952316284,1.6299999952316284,0
2011-12-14,1.0497726202011108,1.75,1.75,1.7000000476837158,1.7000000476837158,58000
2011-12-15,1.0497726202011108,1.75,1.75,1.75,1.75,0
2011-12-16,1.0497726202011108,1.75,1.75,1.75,1.75,0
2011-12-19,0.9957842230796814,1.659999966621399,1.659999966621399,1.659999966621399,1.659999966621399,6000
2011-12-20,0.9957842230796814,1.659999966621399,1.659999966621399,1.659999966621399,1.659999966621399,0
2011-12-21,1.0197792053222656,1.7000000476837158,1.7000000476837158,1.7000000476837158,1.7000000476837158,50000
2011-12-22,1.0197792053222656,1.7000000476837158,1.7000000476837158,1.7000000476837158,1.7000000476837158,0
2011-12-23,1.0197792053222656,1.7000000476837158,1.7000000476837158,1.7000000476837158,1.7000000476837158,0
2011-12-28,1.0197792053222656,1.7000000476837158,1.7000000476837158,1.7000000476837158,1.7000000476837158,0
2011-12-29,1.0197792053222656,1.7000000476837158,1.7000000476837158,1.7000000476837158,1.7000000476837158,0
2011-12-30,1.0197792053222656,1.7000000476837158,1.7000000476837158,1.7000000476837158,1.7000000476837158,0
2012-01-03,1.0197792053222656,1.7000000476837158,1.7000000476837158,1.7000000476837158,1.7000000476837158,0
2012-01-04,1.0197792053222656,1.7000000476837158,1.7000000476837158,1.7000000476837158,1.7000000476837158,0
2012-01-05,1.0197792053222656,1.7000000476837158,1.7000000476837158,1.7000000476837158,1.7000000476837158,50000
2012-01-06,1.0377751588821411,1.7300000190734863,1.940000057220459,1.940000057220459,1.940000057220459,2000
2012-01-09,1.0557714700698853,1.7599999904632568,1.899999976158142,1.7799999713897705,1.899999976158142,6000
2012-01-10,1.0557714700698853,1.7599999904632568,1.7599999904632568,1.7599999904632568,1.7599999904632568,0
2012-01-11,1.0197792053222656,1.7000000476837158,1.75,1.75,1.75,10000
2012-01-12,1.0197792053222656,1.7000000476837158,1.7000000476837158,1.7000000476837158,1.7000000476837158,0
2012-01-13,1.0197792053222656,1.7000000476837158,1.7000000476837158,1.7000000476837158,1.7000000476837158,0
2012-01-16,0.9897856116294861,1.649999976158142,1.649999976158142,1.649999976158142,1.649999976158142,30000
2012-01-17,1.0977623462677002,1.8300000429153442,1.8600000143051147,1.7000000476837158,1.7000000476837158,140000
2012-01-18,1.0257779359817505,1.7100000381469727,1.7200000286102295,1.7000000476837158,1.7000000476837158,72000
2012-01-19,1.0257779359817505,1.7100000381469727,1.7100000381469727,1.7100000381469727,1.7100000381469727,10000
2012-01-20,1.0257779359817505,1.7100000381469727,1.7100000381469727,1.7100000381469727,1.7100000381469727,0
2012-01-26,1.0257779359817505,1.7100000381469727,1.7100000381469727,1.7100000381469727,1.7100000381469727,54000
2012-01-27,1.0257779359817505,1.7100000381469727,1.7100000381469727,1.7100000381469727,1.7100000381469727,0
2012-01-30,1.0197792053222656,1.7000000476837158,1.7000000476837158,1.600000023841858,1.600000023841858,24000
2012-01-31,1.0197792053222656,1.7000000476837158,1.7000000476837158,1.7000000476837158,1.7000000476837158,30000
2012-02-01,1.007781744003296,1.6799999475479126,1.6799999475479126,1.6799999475479126,1.6799999475479126,50000
2012-02-02,1.0257779359817505,1.7100000381469727,1.7200000286102295,1.6799999475479126,1.6799999475479126,20000
2012-02-03,1.0257779359817505,1.7100000381469727,1.7100000381469727,1.7100000381469727,1.7100000381469727,0
2012-02-06,1.0257779359817505,1.7100000381469727,1.7100000381469727,1.7100000381469727,1.7100000381469727,0
2012-02-07,1.007781744003296,1.6799999475479126,1.6299999952316284,1.6299999952316284,1.6299999952316284,16000
2012-02-08,1.007781744003296,1.6799999475479126,1.6799999475479126,1.6799999475479126,1.6799999475479126,0
2012-02-09,1.007781744003296,1.6799999475479126,1.6799999475479126,1.6799999475479126,1.6799999475479126,0
2012-02-10,1.007781744003296,1.6799999475479126,1.6799999475479126,1.6799999475479126,1.6799999475479126,30000
2012-02-13,1.007781744003296,1.6799999475479126,1.6799999475479126,1.6799999475479126,1.6799999475479126,0
2012-02-14,1.007781744003296,1.6799999475479126,1.6799999475479126,1.6799999475479126,1.6799999475479126,0
2012-02-15,1.007781744003296,1.6799999475479126,1.6799999475479126,1.6799999475479126,1.6799999475479126,14000
2012-02-16,1.0557714700698853,1.7599999904632568,1.7599999904632568,1.7100000381469727,1.7100000381469727,164000
2012-02-17,1.0317765474319458,1.7200000286102295,1.7200000286102295,1.7200000286102295,1.7200000286102295,72000
2012-02-20,1.0497726202011108,1.75,1.75,1.75,1.75,24000
2012-02-21,1.0197792053222656,1.7000000476837158,1.7000000476837158,1.7000000476837158,1.7000000476837158,22000
2012-02-22,1.0197792053222656,1.7000000476837158,1.7000000476837158,1.7000000476837158,1.7000000476837158,0
2012-02-23,1.0197792053222656,1.7000000476837158,1.7100000381469727,1.7000000476837158,1.7100000381469727,10000
2012-02-24,1.0197792053222656,1.7000000476837158,1.7899999618530273,1.7000000476837158,1.7000000476837158,80000
2012-02-27,1.0497726202011108,1.75,1.75,1.7000000476837158,1.7000000476837158,32000
2012-02-28,1.0257779359817505,1.7100000381469727,1.7100000381469727,1.7100000381469727,1.7100000381469727,100000
2012-02-29,0.9957842230796814,1.659999966621399,1.7100000381469727,1.659999966621399,1.7100000381469727,36000
2012-03-01,1.0017832517623901,1.6699999570846558,1.6699999570846558,1.6699999570846558,1.6699999570846558,8000
2012-03-02,1.0017832517623901,1.6699999570846558,1.6699999570846558,1.6699999570846558,1.6699999570846558,0
2012-03-05,1.0017832517623901,1.6699999570846558,1.6699999570846558,1.6699999570846558,1.6699999570846558,6000
2012-03-06,1.0017832517623901,1.6699999570846558,1.6699999570846558,1.6699999570846558,1.6699999570846558,0
2012-03-07,1.0017832517623901,1.6699999570846558,1.6699999570846558,1.6699999570846558,1.6699999570846558,0
2012-03-08,1.0017832517623901,1.6699999570846558,1.6699999570846558,1.6699999570846558,1.6699999570846558,0
2012-03-09,0.9897856116294861,1.649999976158142,1.649999976158142,1.5499999523162842,1.5499999523162842,18000
2012-03-12,0.9897856116294861,1.649999976158142,1.649999976158142,1.649999976158142,1.649999976158142,0
2012-03-13,0.9897856116294861,1.649999976158142,1.649999976158142,1.649999976158142,1.649999976158142,0
2012-03-14,1.0257779359817505,1.7100000381469727,1.7100000381469727,1.649999976158142,1.649999976158142,12000
2012-03-15,1.0257779359817505,1.7100000381469727,1.7100000381469727,1.7100000381469727,1.7100000381469727,0
2012-03-16,1.0257779359817505,1.7100000381469727,1.7100000381469727,1.7100000381469727,1.7100000381469727,0
2012-03-20,1.0257779359817505,1.7100000381469727,1.7100000381469727,1.7100000381469727,1.7100000381469727,0
2012-03-21,1.0257779359817505,1.7100000381469727,1.7100000381469727,1.7100000381469727,1.7100000381469727,0
2012-03-22,1.0197792053222656,1.7000000476837158,1.7000000476837158,1.7000000476837158,1.7000000476837158,30000
2012-03-23,1.0197792053222656,1.7000000476837158,1.7000000476837158,1.7000000476837158,1.7000000476837158,0
2012-03-26,1.0197792053222656,1.7000000476837158,1.7000000476837158,1.7000000476837158,1.7000000476837158,0
2012-03-27,1.0257779359817505,1.7100000381469727,1.7100000381469727,1.7000000476837158,1.7000000476837158,66000
2012-03-28,1.0257779359817505,1.7100000381469727,1.7100000381469727,1.7100000381469727,1.7100000381469727,0
2012-03-29,1.0257779359817505,1.7100000381469727,1.7100000381469727,1.7100000381469727,1.7100000381469727,0
2012-03-30,0.9957842230796814,1.659999966621399,1.600000023841858,1.600000023841858,1.600000023841858,10000
2012-04-02,0.9957842230796814,1.659999966621399,1.659999966621399,1.659999966621399,1.659999966621399,0
2012-04-03,0.9957842230796814,1.659999966621399,1.659999966621399,1.659999966621399,1.659999966621399,0
2012-04-05,0.9897856116294861,1.649999976158142,1.649999976158142,1.649999976158142,1.649999976158142,12000
2012-04-10,0.9897856116294861,1.649999976158142,1.649999976158142,1.649999976158142,1.649999976158142,30000
2012-04-11,0.9957842230796814,1.659999966621399,1.649999976158142,1.649999976158142,1.649999976158142,8000
2012-04-12,0.9777880907058716,1.6299999952316284,1.6299999952316284,1.6299999952316284,1.6299999952316284,10000
2012-04-13,0.9777880907058716,1.6299999952316284,1.6299999952316284,1.6299999952316284,1.6299999952316284,0
2012-04-16,0.9777880907058716,1.6299999952316284,1.6299999952316284,1.6299999952316284,1.6299999952316284,0
2012-04-17,0.9777880907058716,1.6299999952316284,1.6299999952316284,1.6299999952316284,1.6299999952316284,0
2012-04-18,0.9777880907058716,1.6299999952316284,1.6299999952316284,1.6299999952316284,1.6299999952316284,0
2012-04-19,0.9777880907058716,1.6299999952316284,1.6299999952316284,1.6299999952316284,1.6299999952316284,0
2012-04-20,0.9777880907058716,1.6299999952316284,1.6299999952316284,1.6299999952316284,1.6299999952316284,0
2012-04-23,0.9777880907058716,1.6299999952316284,1.6299999952316284,1.6299999952316284,1.6299999952316284,0
2012-04-24,0.9777880907058716,1.6299999952316284,1.6299999952316284,1.6299999952316284,1.6299999952316284,0
2012-04-25,0.9777880907058716,1.6299999952316284,1.6299999952316284,1.6299999952316284,1.6299999952316284,0
2012-04-26,0.9777880907058716,1.6299999952316284,1.6100000143051147,1.6100000143051147,1.6100000143051147,10000
2012-04-27,0.9657909274101257,1.6100000143051147,1.6100000143051147,1.6100000143051147,1.6100000143051147,0
2012-04-30,0.9657909274101257,1.6100000143051147,1.6100000143051147,1.6100000143051147,1.6100000143051147,0
2012-05-02,0.9657909274101257,1.6100000143051147,1.6100000143051147,1.6100000143051147,1.6100000143051147,0
2012-05-03,0.9657909274101257,1.6100000143051147,1.6100000143051147,1.6100000143051147,1.6100000143051147,0
2012-05-04,0.9657909274101257,1.6100000143051147,1.6100000143051147,1.6100000143051147,1.6100000143051147,0
2012-05-07,0.9657909274101257,1.6100000143051147,1.6100000143051147,1.6100000143051147,1.6100000143051147,0
2012-05-08,0.9657909274101257,1.6100000143051147,1.6100000143051147,1.6100000143051147,1.6100000143051147,0
2012-05-09,1.0377751588821411,1.7300000190734863,1.7300000190734863,1.7300000190734863,1.7300000190734863,20000
2012-05-10,1.0377751588821411,1.7300000190734863,1.7300000190734863,1.7300000190734863,1.7300000190734863,0
2012-05-11,1.0377751588821411,1.7300000190734863,1.7300000190734863,1.7300000190734863,1.7300000190734863,0
2012-05-14,1.0377751588821411,1.7300000190734863,1.7300000190734863,1.7300000190734863,1.7300000190734863,0
2012-05-15,1.0377751588821411,1.7300000190734863,1.7300000190734863,1.7300000190734863,1.7300000190734863,0
2012-05-16,1.0377751588821411,1.7300000190734863,1.7300000190734863,1.7300000190734863,1.7300000190734863,0
2012-05-17,1.0377751588821411,1.7300000190734863,1.7300000190734863,1.7300000190734863,1.7300000190734863,0
2012-05-18,0.9597921967506409,1.600000023841858,1.6100000143051147,1.600000023841858,1.6100000143051147,80000
2012-05-21,0.9597921967506409,1.600000023841858,1.600000023841858,1.600000023841858,1.600000023841858,0
2012-05-22,0.935797393321991,1.559999942779541,1.5499999523162842,1.5499999523162842,1.5499999523162842,50000
2012-05-23,0.935797393321991,1.559999942779541,1.559999942779541,1.559999942779541,1.559999942779541,0
2012-05-24,0.935797393321991,1.559999942779541,1.559999942779541,1.559999942779541,1.559999942779541,0
2012-05-25,0.935797393321991,1.559999942779541,1.559999942779541,1.559999942779541,1.559999942779541,4000
2012-05-28,0.935797393321991,1.559999942779541,1.559999942779541,1.559999942779541,1.559999942779541,0
2012-05-29,0.935797393321991,1.559999942779541,1.559999942779541,1.559999942779541,1.559999942779541,0
2012-05-30,0.935797393321991,1.559999942779541,1.559999942779541,1.559999942779541,1.559999942779541,0
2012-05-31,0.935797393321991,1.559999942779541,1.559999942779541,1.559999942779541,1.559999942779541,0
2012-06-01,0.9597921967506409,1.600000023841858,1.600000023841858,1.600000023841858,1.600000023841858,50000
2012-06-04,0.9597921967506409,1.600000023841858,1.600000023841858,1.600000023841858,1.600000023841858,0
2012-06-05,0.9297986030578613,1.5499999523162842,1.5499999523162842,1.5199999809265137,1.5499999523162842,32000
2012-06-06,0.9297986030578613,1.5499999523162842,1.5499999523162842,1.5499999523162842,1.5499999523162842,16000
2012-06-07,0.9297986030578613,1.5499999523162842,1.5499999523162842,1.5499999523162842,1.5499999523162842,0
2012-06-08,0.9297986030578613,1.5499999523162842,1.5499999523162842,1.5499999523162842,1.5499999523162842,0
2012-06-11,0.9297986030578613,1.5499999523162842,1.5499999523162842,1.5499999523162842,1.5499999523162842,0
2012-06-12,0.9297986030578613,1.5499999523162842,1.5499999523162842,1.5499999523162842,1.5499999523162842,0
2012-06-13,0.9297986030578613,1.5499999523162842,1.5499999523162842,1.5499999523162842,1.5499999523162842,0
2012-06-14,0.9297986030578613,1.5499999523162842,1.5499999523162842,1.5499999523162842,1.5499999523162842,0
2012-06-15,0.9297986030578613,1.5499999523162842,1.5499999523162842,1.5499999523162842,1.5499999523162842,0
2012-06-18,0.9297986030578613,1.5499999523162842,1.5499999523162842,1.5499999523162842,1.5499999523162842,0
2012-06-19,0.9297986030578613,1.5499999523162842,1.5499999523162842,1.5499999523162842,1.5499999523162842,0
2012-06-20,0.9297986030578613,1.5499999523162842,1.5499999523162842,1.5499999523162842,1.5499999523162842,0
2012-06-21,0.9477946758270264,1.5800000429153442,1.6200000047683716,1.6200000047683716,1.6200000047683716,6000
2012-06-22,0.9477946758270264,1.5800000429153442,1.5800000429153442,1.5800000429153442,1.5800000429153442,0
2012-06-25,0.9477946758270264,1.5800000429153442,1.5800000429153442,1.5800000429153442,1.5800000429153442,0
2012-06-26,0.9477946758270264,1.5800000429153442,1.5800000429153442,1.5800000429153442,1.5800000429153442,0
2012-06-27,0.9477946758270264,1.5800000429153442,1.5800000429153442,1.5800000429153442,1.5800000429153442,0
2012-06-28,1.0197792053222656,1.7000000476837158,1.7000000476837158,1.7000000476837158,1.7000000476837158,10000
2012-06-29,1.0197792053222656,1.7000000476837158,1.7000000476837158,1.7000000476837158,1.7000000476837158,0
2012-07-03,0.9178012609481812,1.5299999713897705,1.5700000524520874,1.2400000095367432,1.2400000095367432,110000
2012-07-04,0.8878078460693359,1.4800000190734863,1.4800000190734863,1.4800000190734863,1.4800000190734863,194000
2012-07-05,0.8878078460693359,1.4800000190734863,1.4800000190734863,1.4800000190734863,1.4800000190734863,0
2012-07-06,0.8878078460693359,1.4800000190734863,1.4800000190734863,1.4800000190734863,1.4800000190734863,0
2012-07-09,0.8878078460693359,1.4800000190734863,1.4800000190734863,1.4800000190734863,1.4800000190734863,0
2012-07-10,0.8878078460693359,1.4800000190734863,1.4800000190734863,1.4800000190734863,1.4800000190734863,0
2012-07-11,0.8878078460693359,1.4800000190734863,1.4800000190734863,1.4800000190734863,1.4800000190734863,0
2012-07-12,0.8878078460693359,1.4800000190734863,1.4800000190734863,1.4800000190734863,1.4800000190734863,0
2012-07-13,0.8878078460693359,1.4800000190734863,1.4800000190734863,1.4800000190734863,1.4800000190734863,0
2012-07-16,0.8878078460693359,1.4800000190734863,1.4800000190734863,1.4800000190734863,1.4800000190734863,0
2012-07-17,0.8878078460693359,1.4800000190734863,1.4800000190734863,1.4800000190734863,1.4800000190734863,0
2012-07-18,0.8878078460693359,1.4800000190734863,1.4800000190734863,1.4800000190734863,1.4800000190734863,0
2012-07-19,0.8878078460693359,1.4800000190734863,1.4800000190734863,1.4800000190734863,1.4800000190734863,0
2012-07-20,0.8878078460693359,1.4800000190734863,1.4800000190734863,1.4800000190734863,1.4800000190734863,0
2012-07-23,0.8698118925094604,1.4500000476837158,1.4500000476837158,1.4500000476837158,1.4500000476837158,84000
2012-07-24,0.8698118925094604,1.4500000476837158,1.4500000476837158,1.4500000476837158,1.4500000476837158,0
2012-07-25,0.8698118925094604,1.4500000476837158,1.4500000476837158,1.4500000476837158,1.4500000476837158,12000
2012-07-26,0.8698118925094604,1.4500000476837158,1.4500000476837158,1.4500000476837158,1.4500000476837158,0
2012-07-27,0.8698118925094604,1.4500000476837158,1.4500000476837158,1.4500000476837158,1.4500000476837158,0
2012-07-30,0.8638128638267517,1.440000057220459,1.4500000476837158,1.440000057220459,1.4500000476837158,50000
2012-07-31,0.8758103251457214,1.4600000381469727,1.4600000381469727,1.4600000381469727,1.4600000381469727,50000
2012-08-01,0.8758103251457214,1.4600000381469727,1.4600000381469727,1.4600000381469727,1.4600000381469727,30150
2012-08-02,0.8758103251457214,1.4600000381469727,1.4600000381469727,1.4600000381469727,1.4600000381469727,0
2012-08-03,0.8578141927719116,1.4299999475479126,1.440000057220459,1.4199999570846558,1.440000057220459,156000
2012-08-06,0.8578141927719116,1.4299999475479126,1.440000057220459,1.4199999570846558,1.440000057220459,110000
2012-08-07,0.8698118925094604,1.4500000476837158,1.4500000476837158,1.4500000476837158,1.4500000476837158,100000
2012-08-08,0.8698118925094604,1.4500000476837158,1.4500000476837158,1.4500000476837158,1.4500000476837158,0
2012-08-09,0.8578141927719116,1.4299999475479126,1.4900000095367432,1.4299999475479126,1.4900000095367432,54000
2012-08-10,0.8818089365959167,1.4700000286102295,1.4700000286102295,1.4700000286102295,1.4700000286102295,50000
2012-08-13,0.8638128638267517,1.440000057220459,1.4299999475479126,1.4299999475479126,1.4299999475479126,10000
2012-08-14,0.8638128638267517,1.440000057220459,1.440000057220459,1.440000057220459,1.440000057220459,0
2012-08-15,0.8638128638267517,1.440000057220459,1.440000057220459,1.440000057220459,1.440000057220459,0
2012-08-16,0.8638128638267517,1.440000057220459,1.440000057220459,1.440000057220459,1.440000057220459,0
2012-08-17,0.8998050689697266,1.5,1.5,1.4900000095367432,1.4900000095367432,220000
2012-08-20,0.8998050689697266,1.5,1.5,1.5,1.5,0
2012-08-21,0.8998050689697266,1.5,1.5,1.5,1.5,0
2012-08-22,0.8998050689697266,1.5,1.5,1.5,1.5,0
2012-08-23,0.893806517124176,1.4900000095367432,1.5,1.4900000095367432,1.5,164000
2012-08-24,0.8878078460693359,1.4800000190734863,1.4800000190734863,1.4800000190734863,1.4800000190734863,30000
2012-08-27,0.893806517124176,1.4900000095367432,1.4900000095367432,1.4800000190734863,1.4800000190734863,200000
2012-08-28,0.8998050689697266,1.5,1.5,1.5,1.5,86000
2012-08-29,0.8998050689697266,1.5,1.5,1.5,1.5,0
2012-08-30,0.8998050689697266,1.5,1.5,1.5,1.5,0
2012-08-31,0.8998050689697266,1.5,1.5,1.5,1.5,0
2012-09-03,0.8998050689697266,1.5,1.5,1.4800000190734863,1.4800000190734863,100000
2012-09-04,1.0197792053222656,1.7000000476837158,1.7000000476837158,1.4900000095367432,1.4900000095367432,42000
2012-09-05,0.9118026494979858,1.5199999809265137,1.5199999809265137,1.5,1.5,234000
2012-09-06,0.9118026494979858,1.5199999809265137,1.5199999809265137,1.5199999809265137,1.5199999809265137,0
2012-09-07,0.9118026494979858,1.5199999809265137,1.5199999809265137,1.5199999809265137,1.5199999809265137,0
2012-09-10,0.9118026494979858,1.5199999809265137,1.5199999809265137,1.5199999809265137,1.5199999809265137,10000
2012-09-11,0.9118026494979858,1.5199999809265137,1.5199999809265137,1.5199999809265137,1.5199999809265137,0
2012-09-12,0.8998050689697266,1.5,1.5,1.4299999475479126,1.4299999475479126,110000
2012-09-13,0.8998050689697266,1.5,1.5,1.5,1.5,0
2012-09-14,0.8998050689697266,1.5,1.5,1.5,1.5,0
2012-09-17,0.8998050689697266,1.5,1.5,1.5,1.5,0
2012-09-18,0.8998050689697266,1.5,1.5,1.5,1.5,10000
2012-09-19,0.8998050689697266,1.5,1.5099999904632568,1.5,1.5099999904632568,90000
2012-09-20,0.8998050689697266,1.5,1.5,1.5,1.5,0
2012-09-21,0.8998050689697266,1.5,1.5,1.5,1.5,0
2012-09-24,0.9118026494979858,1.5199999809265137,1.5199999809265137,1.5199999809265137,1.5199999809265137,0
2012-09-25,0.8998050689697266,1.5,1.5299999713897705,1.5,1.5299999713897705,86000
2012-09-26,0.8998050689697266,1.5,1.5,1.5,1.5,0
2012-09-27,0.8998050689697266,1.5,1.5,1.5,1.5,50000
2012-09-28,0.8998050689697266,1.5,1.5,1.5,1.5,20000
2012-10-03,0.8998050689697266,1.5,1.5,1.5,1.5,0
2012-10-04,0.9058038592338562,1.5099999904632568,1.5099999904632568,1.5099999904632568,1.5099999904632568,0
2012-10-05,0.9058038592338562,1.5099999904632568,1.5099999904632568,1.5,1.5099999904632568,100000
2012-10-08,0.9058038592338562,1.5099999904632568,1.4500000476837158,1.4500000476837158,1.4500000476837158,80000
2012-10-09,0.9058038592338562,1.5099999904632568,1.5099999904632568,1.5099999904632568,1.5099999904632568,6000
2012-10-10,0.9297986030578613,1.5499999523162842,1.5499999523162842,1.5499999523162842,1.5499999523162842,20000
2012-10-11,0.9297986030578613,1.5499999523162842,1.5499999523162842,1.5499999523162842,1.5499999523162842,0
2012-10-12,0.9297986030578613,1.5499999523162842,1.5499999523162842,1.5499999523162842,1.5499999523162842,0
2012-10-15,0.9297986030578613,1.5499999523162842,1.5499999523162842,1.5499999523162842,1.5499999523162842,0
2012-10-16,0.9297986030578613,1.5499999523162842,1.5499999523162842,1.5499999523162842,1.5499999523162842,150000
2012-10-17,0.9297986030578613,1.5499999523162842,1.5499999523162842,1.5499999523162842,1.5499999523162842,0
2012-10-18,0.9297986030578613,1.5499999523162842,1.5499999523162842,1.5399999618530273,1.5499999523162842,128000
2012-10-19,0.935797393321991,1.559999942779541,1.559999942779541,1.559999942779541,1.559999942779541,0
2012-10-22,0.9537934064865112,1.590000033378601,1.590000033378601,1.5700000524520874,1.5700000524520874,40000
2012-10-24,1.0137805938720703,1.690000057220459,1.7000000476837158,1.7000000476837158,1.7000000476837158,8000
2012-10-25,0.9897856116294861,1.649999976158142,1.649999976158142,1.5399999618530273,1.5399999618530273,84000
2012-10-26,0.9897856116294861,1.649999976158142,1.649999976158142,1.649999976158142,1.649999976158142,0
2012-10-29,0.9597921967506409,1.600000023841858,1.600000023841858,1.5700000524520874,1.5700000524520874,104000
2012-10-30,0.9657909274101257,1.6100000143051147,1.600000023841858,1.600000023841858,1.600000023841858,30000
2012-10-31,0.9777880907058716,1.6299999952316284,1.6799999475479126,1.6799999475479126,1.6799999475479126,40000
2012-11-01,1.0197792053222656,1.7000000476837158,1.7000000476837158,1.690000057220459,1.690000057220459,78000
2012-11-02,1.0377751588821411,1.7300000190734863,1.7400000095367432,1.7000000476837158,1.7000000476837158,108000
2012-11-05,1.0377751588821411,1.7300000190734863,1.7300000190734863,1.7300000190734863,1.7300000190734863,50000
2012-11-06,1.0377751588821411,1.7300000190734863,1.7300000190734863,1.7300000190734863,1.7300000190734863,60000
2012-11-07,1.0377751588821411,1.7300000190734863,1.7300000190734863,1.7200000286102295,1.7300000190734863,160000
2012-11-08,1.0317765474319458,1.7200000286102295,1.7799999713897705,1.7200000286102295,1.7799999713897705,340000
2012-11-09,1.0317765474319458,1.7200000286102295,1.7200000286102295,1.7200000286102295,1.7200000286102295,0
2012-11-12,1.0557714700698853,1.7599999904632568,1.7599999904632568,1.7200000286102295,1.7200000286102295,46000
2012-11-13,1.0197792053222656,1.7000000476837158,1.649999976158142,1.649999976158142,1.649999976158142,10000
2012-11-14,1.0197792053222656,1.7000000476837158,1.7000000476837158,1.7000000476837158,1.7000000476837158,86000
2012-11-15,1.0197792053222656,1.7000000476837158,1.7000000476837158,1.7000000476837158,1.7000000476837158,0
2012-11-16,1.0197792053222656,1.7000000476837158,1.7000000476837158,1.7000000476837158,1.7000000476837158,0
2012-11-19,1.0197792053222656,1.7000000476837158,1.7000000476837158,1.7000000476837158,1.7000000476837158,0
2012-11-20,1.0197792053222656,1.7000000476837158,1.7000000476837158,1.7000000476837158,1.7000000476837158,0
2012-11-21,1.0197792053222656,1.7000000476837158,1.7000000476837158,1.7000000476837158,1.7000000476837158,0
2012-11-22,0.9657909274101257,1.6100000143051147,1.600000023841858,1.600000023841858,1.600000023841858,10000
2012-11-23,0.9777880907058716,1.6299999952316284,1.6299999952316284,1.6299999952316284,1.6299999952316284,0
2012-11-26,0.9897856116294861,1.649999976158142,1.649999976158142,1.649999976158142,1.649999976158142,0
2012-11-27,0.9957842230796814,1.659999966621399,1.659999966621399,1.659999966621399,1.659999966621399,0
2012-11-28,0.9957842230796814,1.659999966621399,1.659999966621399,1.649999976158142,1.659999966621399,140000
2012-11-29,0.9837870597839355,1.6399999856948853,1.649999976158142,1.6299999952316284,1.649999976158142,30000
2012-11-30,0.9897856116294861,1.649999976158142,1.649999976158142,1.649999976158142,1.649999976158142,0
2012-12-03,0.9897856116294861,1.649999976158142,1.649999976158142,1.649999976158142,1.649999976158142,8000
2012-12-04,0.9777880907058716,1.6299999952316284,1.6399999856948853,1.6299999952316284,1.6299999952316284,124000
2012-12-05,0.9777880907058716,1.6299999952316284,1.6299999952316284,1.6299999952316284,1.6299999952316284,0
2012-12-06,1.0017832517623901,1.6699999570846558,1.6200000047683716,1.600000023841858,1.6200000047683716,100000
2012-12-07,1.0017832517623901,1.6699999570846558,1.6699999570846558,1.6699999570846558,1.6699999570846558,0
2012-12-10,1.0017832517623901,1.6699999570846558,1.6699999570846558,1.6699999570846558,1.6699999570846558,0
2012-12-11,1.0737674236297607,1.7899999618530273,1.7999999523162842,1.7000000476837158,1.7000000476837158,12000
2012-12-12,0.9837870597839355,1.6399999856948853,1.6399999856948853,1.6399999856948853,1.6399999856948853,2000
2012-12-13,0.9897856116294861,1.649999976158142,1.649999976158142,1.6299999952316284,1.649999976158142,30000
2012-12-14,0.9957842230796814,1.659999966621399,1.659999966621399,1.659999966621399,1.659999966621399,0
2012-12-17,0.9957842230796814,1.659999966621399,1.659999966621399,1.659999966621399,1.659999966621399,0
2012-12-18,0.9957842230796814,1.659999966621399,1.659999966621399,1.659999966621399,1.659999966621399,0
2012-12-19,0.9957842230796814,1.659999966621399,1.659999966621399,1.659999966621399,1.659999966621399,0
2012-12-20,0.9957842230796814,1.659999966621399,1.659999966621399,1.659999966621399,1.659999966621399,0
2012-12-21,0.9837870597839355,1.6399999856948853,1.6299999952316284,1.6299999952316284,1.6299999952316284,10000
2012-12-24,1.0197792053222656,1.7000000476837158,1.7000000476837158,1.7000000476837158,1.7000000476837158,10000
2012-12-27,1.0197792053222656,1.7000000476837158,1.7000000476837158,1.7000000476837158,1.7000000476837158,0
2012-12-28,1.0197792053222656,1.7000000476837158,1.7000000476837158,1.7000000476837158,1.7000000476837158,10000
2012-12-31,1.0197792053222656,1.7000000476837158,1.7000000476837158,1.7000000476837158,1.7000000476837158,0
2013-01-02,1.0197792053222656,1.7000000476837158,1.7000000476837158,1.7000000476837158,1.7000000476837158,0
2013-01-03,0.9897856116294861,1.649999976158142,1.6799999475479126,1.649999976158142,1.6799999475479126,6000
2013-01-04,1.0197792053222656,1.7000000476837158,1.7000000476837158,1.7000000476837158,1.7000000476837158,32000
2013-01-07,1.0197792053222656,1.7000000476837158,1.7000000476837158,1.7000000476837158,1.7000000476837158,20000
2013-01-08,1.0197792053222656,1.7000000476837158,1.7000000476837158,1.7000000476837158,1.7000000476837158,0
2013-01-09,1.0197792053222656,1.7000000476837158,1.7000000476837158,1.7000000476837158,1.7000000476837158,138000
2013-01-10,1.0317765474319458,1.7200000286102295,1.7999999523162842,1.7100000381469727,1.7799999713897705,292000
2013-01-11,0.9957842230796814,1.659999966621399,1.7100000381469727,1.659999966621399,1.7100000381469727,322000
2013-01-14,0.9957842230796814,1.659999966621399,1.659999966621399,1.659999966621399,1.659999966621399,0
2013-01-15,1.0377751588821411,1.7300000190734863,1.75,1.7000000476837158,1.7000000476837158,144000
2013-01-16,1.0377751588821411,1.7300000190734863,1.7300000190734863,1.7300000190734863,1.7300000190734863,0
2013-01-17,1.0317765474319458,1.7200000286102295,1.7200000286102295,1.7200000286102295,1.7200000286102295,0
2013-01-18,1.0317765474319458,1.7200000286102295,1.7200000286102295,1.7200000286102295,1.7200000286102295,6000
2013-01-21,1.0257779359817505,1.7100000381469727,1.7200000286102295,1.659999966621399,1.6699999570846558,74000
2013-01-22,1.0257779359817505,1.7100000381469727,1.7100000381469727,1.7100000381469727,1.7100000381469727,0
2013-01-23,1.0317765474319458,1.7200000286102295,1.7200000286102295,1.7100000381469727,1.7100000381469727,218000
2013-01-24,1.0197792053222656,1.7000000476837158,1.7000000476837158,1.7000000476837158,1.7000000476837158,14000
2013-01-25,0.9957842230796814,1.659999966621399,1.6699999570846558,1.649999976158142,1.6699999570846558,90000
2013-01-28,1.0617700815200806,1.7699999809265137,1.8300000429153442,1.649999976158142,1.649999976158142,406000
2013-01-29,1.0497726202011108,1.75,1.7999999523162842,1.75,1.7999999523162842,214000
2013-01-30,1.0497726202011108,1.75,1.75,1.75,1.75,10000
2013-01-31,1.043773889541626,1.7400000095367432,1.7400000095367432,1.7400000095367432,1.7400000095367432,0
2013-02-01,1.0317765474319458,1.7200000286102295,1.7200000286102295,1.7200000286102295,1.7200000286102295,6000
2013-02-04,1.0197792053222656,1.7000000476837158,1.7000000476837158,1.7000000476837158,1.7000000476837158,6000
2013-02-05,1.0377751588821411,1.7300000190734863,1.75,1.7300000190734863,1.75,46000
2013-02-06,1.0377751588821411,1.7300000190734863,1.7300000190734863,1.7300000190734863,1.7300000190734863,36000
2013-02-07,1.0377751588821411,1.7300000190734863,1.7300000190734863,1.7100000381469727,1.7100000381469727,96000
2013-02-08,1.0377751588821411,1.7300000190734863,1.7300000190734863,1.7300000190734863,1.7300000190734863,40000
2013-02-14,1.0377751588821411,1.7300000190734863,1.75,1.7100000381469727,1.75,92000
2013-02-15,1.043773889541626,1.7400000095367432,1.75,1.7300000190734863,1.75,96000
2013-02-18,1.0377751588821411,1.7300000190734863,1.7899999618530273,1.7200000286102295,1.7899999618530273,66000
2013-02-19,1.0317765474319458,1.7200000286102295,1.7200000286102295,1.7200000286102295,1.7200000286102295,30000
2013-02-20,1.0377751588821411,1.7300000190734863,1.7300000190734863,1.7300000190734863,1.7300000190734863,20000
2013-02-21,1.0377751588821411,1.7300000190734863,1.7400000095367432,1.7300000190734863,1.7300000190734863,90000
2013-02-22,1.0257779359817505,1.7100000381469727,1.7100000381469727,1.7100000381469727,1.7100000381469727,40000
2013-02-25,1.0257779359817505,1.7100000381469727,1.7200000286102295,1.7100000381469727,1.7200000286102295,110000
2013-02-26,1.0377751588821411,1.7300000190734863,1.7300000190734863,1.7100000381469727,1.7100000381469727,102000
2013-02-27,1.0257779359817505,1.7100000381469727,1.7400000095367432,1.7100000381469727,1.7200000286102295,398000
2013-02-28,1.0377751588821411,1.7300000190734863,1.75,1.7200000286102295,1.7200000286102295,138000
2013-03-01,1.0317765474319458,1.7200000286102295,1.7200000286102295,1.7100000381469727,1.7200000286102295,40000
2013-03-04,1.0497726202011108,1.75,1.75,1.7100000381469727,1.7200000286102295,120000
2013-03-05,1.0317765474319458,1.7200000286102295,1.7200000286102295,1.7200000286102295,1.7200000286102295,20000
2013-03-06,1.0317765474319458,1.7200000286102295,1.7200000286102295,1.7200000286102295,1.7200000286102295,0
2013-03-07,1.0377751588821411,1.7300000190734863,1.7300000190734863,1.7300000190734863,1.7300000190734863,0
2013-03-08,1.0377751588821411,1.7300000190734863,1.7400000095367432,1.7300000190734863,1.7400000095367432,40000
2013-03-11,1.0377751588821411,1.7300000190734863,1.7300000190734863,1.7300000190734863,1.7300000190734863,0
2013-03-12,1.0377751588821411,1.7300000190734863,1.7300000190734863,1.7300000190734863,1.7300000190734863,0
2013-03-13,1.0377751588821411,1.7300000190734863,1.7300000190734863,1.7100000381469727,1.7300000190734863,50000
2013-03-14,1.0317765474319458,1.7200000286102295,1.7200000286102295,1.7200000286102295,1.7200000286102295,2000
2013-03-15,1.0317765474319458,1.7200000286102295,1.7200000286102295,1.7200000286102295,1.7200000286102295,0
2013-03-18,1.0317765474319458,1.7200000286102295,1.7200000286102295,1.7200000286102295,1.7200000286102295,10000
2013-03-19,1.0257779359817505,1.7100000381469727,1.7100000381469727,1.7100000381469727,1.7100000381469727,32000
2013-03-20,1.0257779359817505,1.7100000381469727,1.7100000381469727,1.7100000381469727,1.7100000381469727,0
2013-03-21,1.0257779359817505,1.7100000381469727,1.7100000381469727,1.7100000381469727,1.7100000381469727,2000
2013-03-22,1.0257779359817505,1.7100000381469727,1.7100000381469727,1.7100000381469727,1.7100000381469727,0
2013-03-25,1.0257779359817505,1.7100000381469727,1.7100000381469727,1.7100000381469727,1.7100000381469727,0
2013-03-26,1.007781744003296,1.6799999475479126,1.6799999475479126,1.6799999475479126,1.6799999475479126,18000
2013-03-27,1.007781744003296,1.6799999475479126,1.6799999475479126,1.6799999475479126,1.6799999475479126,0
2013-03-28,1.007781744003296,1.6799999475479126,1.6799999475479126,1.6799999475479126,1.6799999475479126,0
2013-04-02,0.9957842230796814,1.659999966621399,1.659999966621399,1.659999966621399,1.659999966621399,18000
2013-04-03,1.0017832517623901,1.6699999570846558,1.6699999570846558,1.659999966621399,1.659999966621399,30000
2013-04-05,0.9537934064865112,1.590000033378601,1.5800000429153442,1.5800000429153442,1.5800000429153442,34000
2013-04-08,0.9837870597839355,1.6399999856948853,1.6399999856948853,1.6399999856948853,1.6399999856948853,4000
2013-04-09,0.9837870597839355,1.6399999856948853,1.6399999856948853,1.6399999856948853,1.6399999856948853,0
2013-04-10,0.9837870597839355,1.6399999856948853,1.6399999856948853,1.6399999856948853,1.6399999856948853,0
2013-04-11,0.9837870597839355,1.6399999856948853,1.6399999856948853,1.6399999856948853,1.6399999856948853,0
2013-04-12,0.9837870597839355,1.6399999856948853,1.6399999856948853,1.6399999856948853,1.6399999856948853,0
2013-04-15,0.9837870597839355,1.6399999856948853,1.6399999856948853,1.6399999856948853,1.6399999856948853,0
2013-04-16,0.9837870597839355,1.6399999856948853,1.6399999856948853,1.6399999856948853,1.6399999856948853,0
2013-04-17,0.9837870597839355,1.6399999856948853,1.6399999856948853,1.6399999856948853,1.6399999856948853,0
2013-04-18,0.9837870597839355,1.6399999856948853,1.6399999856948853,1.6399999856948853,1.6399999856948853,0
2013-04-19,0.9837870597839355,1.6399999856948853,1.6399999856948853,1.6399999856948853,1.6399999856948853,0
2013-04-22,1.007781744003296,1.6799999475479126,1.6799999475479126,1.659999966621399,1.6799999475479126,100000
2013-04-23,1.007781744003296,1.6799999475479126,1.6799999475479126,1.6799999475479126,1.6799999475479126,0
2013-04-24,1.0197792053222656,1.7000000476837158,1.7000000476837158,1.7000000476837158,1.7000000476837158,146000
2013-04-25,0.9957842230796814,1.659999966621399,1.690000057220459,1.659999966621399,1.690000057220459,64000
2013-04-26,1.0197792053222656,1.7000000476837158,1.7000000476837158,1.7000000476837158,1.7000000476837158,60000
2013-04-29,1.0497726202011108,1.75,1.75,1.7200000286102295,1.7200000286102295,78000
2013-04-30,1.0377751588821411,1.7300000190734863,1.7300000190734863,1.7300000190734863,1.7300000190734863,18000
2013-05-02,1.043773889541626,1.7400000095367432,1.75,1.7400000095367432,1.75,138000
2013-05-03,1.0497726202011108,1.75,1.75,1.75,1.75,0
2013-05-06,1.0617700815200806,1.7699999809265137,1.7899999618530273,1.7699999809265137,1.7899999618530273,90000
2013-05-07,1.0617700815200806,1.7699999809265137,1.7699999809265137,1.75,1.75,120000
2013-05-08,1.0617700815200806,1.7699999809265137,1.7699999809265137,1.7699999809265137,1.7699999809265137,4000
2013-05-09,1.0497726202011108,1.75,1.7599999904632568,1.75,1.7599999904632568,10000
2013-05-10,1.0497726202011108,1.75,1.75,1.75,1.75,0
2013-05-13,1.0557714700698853,1.7599999904632568,1.7599999904632568,1.7599999904632568,1.7599999904632568,0
2013-05-14,1.0497726202011108,1.75,1.7599999904632568,1.7300000190734863,1.7599999904632568,20000
2013-05-15,1.0557714700698853,1.7599999904632568,1.7599999904632568,1.7599999904632568,1.7599999904632568,0
2013-05-16,1.0677686929702759,1.7799999713897705,1.7799999713897705,1.7699999809265137,1.7699999809265137,34000
2013-05-20,1.0797662734985352,1.7999999523162842,1.809999942779541,1.7999999523162842,1.7999999523162842,142000
2013-05-21,1.0797662734985352,1.7999999523162842,1.809999942779541,1.7999999523162842,1.809999942779541,48000
2013-05-22,1.0857648849487305,1.809999942779541,1.809999942779541,1.809999942779541,1.809999942779541,0
2013-05-23,1.0857648849487305,1.809999942779541,1.809999942779541,1.809999942779541,1.809999942779541,28000
2013-05-24,1.0797662734985352,1.7999999523162842,1.7999999523162842,1.7999999523162842,1.7999999523162842,0
2013-05-27,1.1037609577178955,1.840000033378601,1.9500000476837158,1.850000023841858,1.8600000143051147,106000
2013-05-28,1.1037609577178955,1.840000033378601,1.840000033378601,1.840000033378601,1.840000033378601,0
2013-05-29,1.0977623462677002,1.8300000429153442,1.8300000429153442,1.7799999713897705,1.7799999713897705,10000
2013-05-30,1.0977623462677002,1.8300000429153442,1.8300000429153442,1.8300000429153442,1.8300000429153442,0
2013-05-31,1.0977623462677002,1.8300000429153442,1.8300000429153442,1.8300000429153442,1.8300000429153442,0
2013-06-03,1.0977623462677002,1.8300000429153442,1.8300000429153442,1.8300000429153442,1.8300000429153442,0
2013-06-04,1.0977623462677002,1.8300000429153442,1.8300000429153442,1.8300000429153442,1.8300000429153442,0
2013-06-05,1.0977623462677002,1.8300000429153442,1.8300000429153442,1.8300000429153442,1.8300000429153442,0
2013-06-06,1.0977623462677002,1.8300000429153442,1.8300000429153442,1.8300000429153442,1.8300000429153442,0
2013-06-07,1.0977623462677002,1.8300000429153442,1.8300000429153442,1.8300000429153442,1.8300000429153442,0
2013-06-10,1.0977623462677002,1.8300000429153442,1.8300000429153442,1.8300000429153442,1.8300000429153442,0
2013-06-11,1.0797662734985352,1.7999999523162842,1.7999999523162842,1.7999999523162842,1.7999999523162842,6000
2013-06-13,1.0497726202011108,1.75,1.75,1.75,1.75,50000
2013-06-14,1.0737674236297607,1.7899999618530273,1.7999999523162842,1.7799999713897705,1.7999999523162842,130000
2013-06-17,1.0737674236297607,1.7899999618530273,1.7899999618530273,1.7899999618530273,1.7899999618530273,0
2013-06-18,1.0797662734985352,1.7999999523162842,1.7999999523162842,1.7999999523162842,1.7999999523162842,2000
2013-06-19,1.0797662734985352,1.7999999523162842,1.7999999523162842,1.7999999523162842,1.7999999523162842,0
2013-06-20,1.0797662734985352,1.7999999523162842,1.7999999523162842,1.7999999523162842,1.7999999523162842,0
2013-06-21,1.0797662734985352,1.7999999523162842,1.7999999523162842,1.7999999523162842,1.7999999523162842,0
2013-06-24,1.0497726202011108,1.75,1.75,1.75,1.75,50000
2013-06-25,1.0557714700698853,1.7599999904632568,1.7599999904632568,1.7599999904632568,1.7599999904632568,26000
2013-06-26,1.0797662734985352,1.7999999523162842,1.7999999523162842,1.7999999523162842,1.7999999523162842,42000
2013-06-27,1.0797662734985352,1.7999999523162842,1.7999999523162842,1.7999999523162842,1.7999999523162842,6000
2013-06-28,1.1037609577178955,1.840000033378601,1.850000023841858,1.7999999523162842,1.850000023841858,82000
2013-07-02,1.1037609577178955,1.840000033378601,1.840000033378601,1.840000033378601,1.840000033378601,0
2013-07-03,1.0677686929702759,1.7799999713897705,1.7999999523162842,1.7000000476837158,1.7000000476837158,30000
2013-07-04,1.0797662734985352,1.7999999523162842,1.7999999523162842,1.7300000190734863,1.7300000190734863,66000
2013-07-05,1.0797662734985352,1.7999999523162842,1.7999999523162842,1.7999999523162842,1.7999999523162842,18000
2013-07-08,1.0797662734985352,1.7999999523162842,1.7999999523162842,1.7999999523162842,1.7999999523162842,0
2013-07-09,1.0737674236297607,1.7899999618530273,1.7899999618530273,1.7899999618530273,1.7899999618530273,0
2013-07-10,1.0197792053222656,1.7000000476837158,1.7000000476837158,1.7000000476837158,1.7000000476837158,100000
2013-07-11,1.0377751588821411,1.7300000190734863,1.7300000190734863,1.7300000190734863,1.7300000190734863,6000
2013-07-12,1.0377751588821411,1.7300000190734863,1.7300000190734863,1.7300000190734863,1.7300000190734863,0
2013-07-15,1.0377751588821411,1.7300000190734863,1.7300000190734863,1.7300000190734863,1.7300000190734863,0
2013-07-16,1.0377751588821411,1.7300000190734863,1.7300000190734863,1.7300000190734863,1.7300000190734863,10000
2013-07-17,1.0557714700698853,1.7599999904632568,1.7599999904632568,1.7599999904632568,1.7599999904632568,20000
2013-07-18,1.0917636156082153,1.8200000524520874,1.850000023841858,1.7899999618530273,1.7899999618530273,74000
2013-07-19,1.0797662734985352,1.7999999523162842,1.8200000524520874,1.75,1.809999942779541,156000
2013-07-22,1.1097596883773804,1.850000023841858,1.850000023841858,1.7999999523162842,1.7999999523162842,862000
2013-07-23,1.1097596883773804,1.850000023841858,1.899999976158142,1.850000023841858,1.850000023841858,222000
2013-07-24,1.1097596883773804,1.850000023841858,1.850000023841858,1.850000023841858,1.850000023841858,32000
2013-07-25,1.1157585382461548,1.8600000143051147,1.8600000143051147,1.850000023841858,1.850000023841858,80000
2013-07-26,1.1097596883773804,1.850000023841858,1.8700000047683716,1.840000033378601,1.850000023841858,74000
2013-07-29,1.1157585382461548,1.8600000143051147,1.8600000143051147,1.850000023841858,1.850000023841858,120000
2013-07-30,1.1397532224655151,1.899999976158142,1.899999976158142,1.8799999952316284,1.8799999952316284,28000
2013-07-31,1.127755880355835,1.8799999952316284,1.8799999952316284,1.8799999952316284,1.8799999952316284,22000
2013-08-01,1.1157585382461548,1.8600000143051147,1.8799999952316284,1.8600000143051147,1.8799999952316284,12000
2013-08-02,1.1157585382461548,1.8600000143051147,1.8600000143051147,1.8600000143051147,1.8600000143051147,0
2013-08-05,1.1217570304870605,1.8700000047683716,1.8700000047683716,1.850000023841858,1.850000023841858,40000
2013-08-06,1.1217570304870605,1.8700000047683716,1.8700000047683716,1.8700000047683716,1.8700000047683716,0
2013-08-07,1.1097596883773804,1.850000023841858,1.8600000143051147,1.850000023841858,1.850000023841858,118000
2013-08-08,1.1157585382461548,1.8600000143051147,1.899999976158142,1.850000023841858,1.850000023841858,40000
2013-08-09,1.1157585382461548,1.8600000143051147,1.8600000143051147,1.8600000143051147,1.8600000143051147,0
2013-08-12,1.1097596883773804,1.850000023841858,1.850000023841858,1.850000023841858,1.850000023841858,38000
2013-08-13,1.1097596883773804,1.850000023841858,1.850000023841858,1.850000023841858,1.850000023841858,0
2013-08-14,1.1097596883773804,1.850000023841858,1.850000023841858,1.850000023841858,1.850000023841858,0
2013-08-15,1.1097596883773804,1.850000023841858,1.850000023841858,1.850000023841858,1.850000023841858,0
2013-08-16,1.1217570304870605,1.8700000047683716,1.8700000047683716,1.8700000047683716,1.8700000047683716,50000
2013-08-19,1.127755880355835,1.8799999952316284,1.8799999952316284,1.8600000143051147,1.8600000143051147,230000
2013-08-20,1.127755880355835,1.8799999952316284,1.8899999856948853,1.8899999856948853,1.8899999856948853,50000
2013-08-21,1.127755880355835,1.8799999952316284,1.8799999952316284,1.8799999952316284,1.8799999952316284,0
2013-08-22,1.127755880355835,1.8799999952316284,1.909999966621399,1.8700000047683716,1.8799999952316284,196000
2013-08-23,1.127755880355835,1.8799999952316284,1.8799999952316284,1.8799999952316284,1.8799999952316284,0
2013-08-26,1.1157585382461548,1.8600000143051147,1.8799999952316284,1.8600000143051147,1.8799999952316284,64000
2013-08-27,1.127886176109314,1.8600000143051147,1.8600000143051147,1.8600000143051147,1.8600000143051147,0
2013-08-28,1.127886176109314,1.8600000143051147,1.8600000143051147,1.8600000143051147,1.8600000143051147,0
2013-08-29,1.1400140523910522,1.8799999952316284,1.8799999952316284,1.8799999952316284,1.8799999952316284,6000
2013-08-30,1.1642696857452393,1.9199999570846558,1.9199999570846558,1.8799999952316284,1.8799999952316284,138000
2013-09-02,1.1400140523910522,1.8799999952316284,1.8799999952316284,1.8600000143051147,1.8799999952316284,44000
2013-09-03,1.1460778713226318,1.8899999856948853,1.8799999952316284,1.8799999952316284,1.8799999952316284,30000
2013-09-04,1.1521416902542114,1.899999976158142,1.899999976158142,1.899999976158142,1.899999976158142,10000
2013-09-05,1.1521416902542114,1.899999976158142,1.899999976158142,1.899999976158142,1.899999976158142,10000
2013-09-06,1.1521416902542114,1.899999976158142,1.899999976158142,1.899999976158142,1.909999966621399,110000
2013-09-09,1.1521416902542114,1.899999976158142,1.9500000476837158,1.8799999952316284,1.899999976158142,400000
2013-09-10,1.2067168951034546,1.9900000095367432,1.9900000095367432,1.9900000095367432,1.9900000095367432,30000
2013-09-11,1.1521416902542114,1.899999976158142,1.9500000476837158,1.899999976158142,1.9500000476837158,222000
2013-09-12,1.1400140523910522,1.8799999952316284,1.8899999856948853,1.8799999952316284,1.8899999856948853,424000
2013-09-13,1.121822476387024,1.850000023841858,1.8600000143051147,1.850000023841858,1.8600000143051147,380000
2013-09-16,1.1582056283950806,1.909999966621399,1.8899999856948853,1.8899999856948853,1.8899999856948853,100000
2013-09-17,1.1582056283950806,1.909999966621399,1.909999966621399,1.909999966621399,1.909999966621399,0
2013-09-18,1.1582056283950806,1.909999966621399,1.909999966621399,1.909999966621399,1.909999966621399,0
2013-09-19,1.1521416902542114,1.899999976158142,1.899999976158142,1.8600000143051147,1.8600000143051147,30000
2013-09-23,1.1642696857452393,1.9199999570846558,1.8899999856948853,1.8600000143051147,1.8600000143051147,30000
2013-09-24,1.1642696857452393,1.9199999570846558,1.9299999475479126,1.899999976158142,1.9299999475479126,30000
2013-09-25,1.176397442817688,1.940000057220459,1.940000057220459,1.940000057220459,1.940000057220459,6000
2013-09-26,1.1703335046768188,1.9299999475479126,1.850000023841858,1.850000023841858,1.850000023841858,200000
2013-09-27,1.176397442817688,1.940000057220459,1.940000057220459,1.9199999570846558,1.9199999570846558,44000
2013-09-30,1.1824612617492676,1.9500000476837158,1.940000057220459,1.9299999475479126,1.940000057220459,46000
2013-10-02,1.1945892572402954,1.9700000286102295,1.9800000190734863,1.9800000190734863,1.9800000190734863,20000
2013-10-03,1.1945892572402954,1.9700000286102295,1.9700000286102295,1.9700000286102295,1.9700000286102295,0
2013-10-04,1.1885253190994263,1.9600000381469727,1.9600000381469727,1.9600000381469727,1.9600000381469727,0
2013-10-07,1.1885253190994263,1.9600000381469727,1.9600000381469727,1.9600000381469727,1.9600000381469727,0
2013-10-08,1.1885253190994263,1.9600000381469727,1.9600000381469727,1.9600000381469727,1.9600000381469727,0
2013-10-09,1.176397442817688,1.940000057220459,1.940000057220459,1.940000057220459,1.940000057220459,36000
2013-10-10,1.176397442817688,1.940000057220459,1.940000057220459,1.940000057220459,1.940000057220459,0
2013-10-11,1.176397442817688,1.940000057220459,1.940000057220459,1.940000057220459,1.940000057220459,0
2013-10-15,1.1824612617492676,1.9500000476837158,1.9700000286102295,1.9500000476837158,1.9600000381469727,60000
2013-10-16,1.1582056283950806,1.909999966621399,1.940000057220459,1.909999966621399,1.940000057220459,372000
2013-10-17,1.1582056283950806,1.909999966621399,1.909999966621399,1.909999966621399,1.909999966621399,0
2013-10-18,1.1885253190994263,1.9600000381469727,1.9900000095367432,1.9600000381469727,1.9600000381469727,94000
2013-10-21,1.1885253190994263,1.9600000381469727,1.9600000381469727,1.9600000381469727,1.9600000381469727,0
2013-10-22,1.1582056283950806,1.909999966621399,1.9600000381469727,1.909999966621399,1.9600000381469727,52000
2013-10-23,1.1642696857452393,1.9199999570846558,1.9199999570846558,1.909999966621399,1.9199999570846558,40000
2013-10-24,1.200653076171875,1.9800000190734863,1.9800000190734863,1.9800000190734863,1.9800000190734863,30000
2013-10-25,1.2127808332443237,2.0,2.0,2.0,2.0,90000
2013-10-28,1.2067168951034546,1.9900000095367432,2.0,1.9800000190734863,1.9800000190734863,82000
2013-10-29,1.2067168951034546,1.9900000095367432,2.0,1.9800000190734863,2.0,62000
2013-10-30,1.2067168951034546,1.9900000095367432,2.0,1.9900000095367432,2.0,34000
2013-10-31,1.1885253190994263,1.9600000381469727,1.9299999475479126,1.9299999475479126,1.9299999475479126,18000
2013-11-01,1.2067168951034546,1.9900000095367432,1.9900000095367432,1.9900000095367432,1.9900000095367432,8000
2013-11-04,1.2067168951034546,1.9900000095367432,1.9900000095367432,1.9700000286102295,1.9700000286102295,34000
2013-11-05,1.200653076171875,1.9800000190734863,1.9800000190734863,1.9800000190734863,1.9800000190734863,30000
2013-11-06,1.200653076171875,1.9800000190734863,1.9800000190734863,1.9800000190734863,1.9800000190734863,0
2013-11-07,1.2127808332443237,2.0,2.0299999713897705,1.9800000190734863,1.9800000190734863,216000
2013-11-08,1.2127808332443237,2.0,2.049999952316284,1.9900000095367432,2.049999952316284,280000
2013-11-11,1.2309725284576416,2.0299999713897705,2.0299999713897705,2.0299999713897705,2.0299999713897705,8000
2013-11-12,1.2309725284576416,2.0299999713897705,2.0299999713897705,2.0299999713897705,2.0299999713897705,0
2013-11-13,1.1703335046768188,1.9299999475479126,2.0,1.909999966621399,2.0,30000
2013-11-14,1.1945892572402954,1.9700000286102295,1.9700000286102295,1.9700000286102295,1.9700000286102295,0
2013-11-15,1.200653076171875,1.9800000190734863,2.0199999809265137,1.9700000286102295,1.9700000286102295,92000
2013-11-18,1.2067168951034546,1.9900000095367432,1.9900000095367432,1.9900000095367432,1.9900000095367432,46000
2013-11-19,1.1824612617492676,1.9500000476837158,1.909999966621399,1.909999966621399,1.909999966621399,2000
2013-11-20,1.2127808332443237,2.0,2.0399999618530273,2.0,1.9600000381469727,68000
2013-11-21,1.1945892572402954,1.9700000286102295,1.9700000286102295,1.9600000381469727,1.9700000286102295,6000
2013-11-22,1.2067168951034546,1.9900000095367432,1.9900000095367432,1.9900000095367432,1.9900000095367432,0
2013-11-25,1.2188446521759033,2.009999990463257,2.009999990463257,1.9700000286102295,1.9700000286102295,46000
2013-11-26,1.2188446521759033,2.009999990463257,2.009999990463257,2.009999990463257,2.009999990463257,0
2013-11-27,1.2127808332443237,2.0,2.0,2.0,2.0,0
2013-11-28,1.2127808332443237,2.0,2.009999990463257,1.9700000286102295,2.0,2000
2013-11-29,1.2127808332443237,2.0,1.9800000190734863,1.9800000190734863,1.9800000190734863,4000
2013-12-02,1.1945892572402954,1.9700000286102295,1.9900000095367432,1.9700000286102295,1.9900000095367432,118000
2013-12-03,1.1945892572402954,1.9700000286102295,1.9700000286102295,1.9700000286102295,1.9700000286102295,0
2013-12-04,1.1824612617492676,1.9500000476837158,1.9700000286102295,1.940000057220459,1.940000057220459,60000
2013-12-05,1.1824612617492676,1.9500000476837158,1.9500000476837158,1.9500000476837158,1.9500000476837158,26000
2013-12-06,1.1885253190994263,1.9600000381469727,1.9600000381469727,1.9600000381469727,1.9600000381469727,0
2013-12-09,1.1885253190994263,1.9600000381469727,1.9600000381469727,1.940000057220459,1.9600000381469727,52000
2013-12-10,1.19465172290802,1.9500000476837158,1.9299999475479126,1.9299999475479126,1.9299999475479126,6000
2013-12-11,1.19465172290802,1.9500000476837158,1.9500000476837158,1.9500000476837158,1.9500000476837158,0
2013-12-12,1.1762723922729492,1.9199999570846558,1.9500000476837158,1.9199999570846558,1.9500000476837158,64000
2013-12-13,1.170145869255066,1.909999966621399,1.909999966621399,1.899999976158142,1.899999976158142,46000
2013-12-16,1.1578930616378784,1.8899999856948853,1.8799999952316284,1.8799999952316284,1.8799999952316284,6000
2013-12-17,1.170145869255066,1.909999966621399,1.909999966621399,1.909999966621399,1.909999966621399,10000
2013-12-18,1.170145869255066,1.909999966621399,1.909999966621399,1.899999976158142,1.899999976158142,44000
2013-12-19,1.170145869255066,1.909999966621399,1.909999966621399,1.909999966621399,1.909999966621399,0
2013-12-20,1.1640194654464722,1.899999976158142,1.899999976158142,1.899999976158142,1.899999976158142,118000
2013-12-23,1.1640194654464722,1.899999976158142,1.899999976158142,1.899999976158142,1.899999976158142,0
2013-12-24,1.1640194654464722,1.899999976158142,1.899999976158142,1.899999976158142,1.899999976158142,0
2013-12-27,1.1762723922729492,1.9199999570846558,1.940000057220459,1.899999976158142,1.899999976158142,26000
2013-12-30,1.1823986768722534,1.9299999475479126,1.9299999475479126,1.9299999475479126,1.9299999475479126,0
2013-12-31,1.2497894763946533,2.0399999618530273,2.0399999618530273,1.9600000381469727,1.9600000381469727,20000
2014-01-02,1.2314101457595825,2.009999990463257,2.009999990463257,2.009999990463257,2.009999990463257,0
2014-01-03,1.2314101457595825,2.009999990463257,2.009999990463257,2.009999990463257,2.009999990463257,0
2014-01-06,1.1823986768722534,1.9299999475479126,1.940000057220459,1.899999976158142,1.909999966621399,48000
2014-01-07,1.1885253190994263,1.940000057220459,1.940000057220459,1.940000057220459,1.940000057220459,0
2014-01-08,1.19465172290802,1.9500000476837158,1.9500000476837158,1.9500000476837158,1.9500000476837158,0
2014-01-09,1.2191572189331055,1.9900000095367432,2.049999952316284,1.9600000381469727,1.9600000381469727,28000
2014-01-10,1.2007781267166138,1.9600000381469727,1.9900000095367432,1.9500000476837158,1.9900000095367432,98000
2014-01-13,1.2007781267166138,1.9600000381469727,1.9600000381469727,1.9600000381469727,1.9600000381469727,0
2014-01-14,1.19465172290802,1.9500000476837158,1.9500000476837158,1.9500000476837158,1.9500000476837158,0
2014-01-15,1.2069045305252075,1.9700000286102295,2.0,1.940000057220459,2.0,186000
2014-01-16,1.2130310535430908,1.9800000190734863,2.0,1.9500000476837158,2.0,16000
2014-01-17,1.2191572189331055,1.9900000095367432,1.9900000095367432,1.9800000190734863,1.9800000190734863,104000
2014-01-20,1.2069045305252075,1.9700000286102295,1.9700000286102295,1.9700000286102295,1.9700000286102295,22000
2014-01-21,1.2007781267166138,1.9600000381469727,1.9600000381469727,1.9600000381469727,1.9600000381469727,24000
2014-01-22,1.19465172290802,1.9500000476837158,1.9600000381469727,1.9500000476837158,1.9600000381469727,102000
2014-01-23,1.1885253190994263,1.940000057220459,2.0299999713897705,1.940000057220459,2.0,88000
2014-01-24,1.2007781267166138,1.9600000381469727,1.9600000381469727,1.940000057220459,1.940000057220459,144000
2014-01-27,1.1823986768722534,1.9299999475479126,1.940000057220459,1.9299999475479126,1.9299999475479126,194000
2014-01-28,1.1823986768722534,1.9299999475479126,1.9299999475479126,1.9299999475479126,1.9299999475479126,0
2014-01-29,1.1885253190994263,1.940000057220459,1.940000057220459,1.9299999475479126,1.9299999475479126,48000
2014-01-30,1.1885253190994263,1.940000057220459,1.9299999475479126,1.9299999475479126,1.9299999475479126,26000
2014-02-04,1.1885253190994263,1.940000057220459,1.940000057220459,1.940000057220459,1.940000057220459,0
2014-02-05,1.1885253190994263,1.940000057220459,1.940000057220459,1.940000057220459,1.940000057220459,0
2014-02-06,1.1885253190994263,1.940000057220459,1.940000057220459,1.9299999475479126,1.940000057220459,80000
2014-02-07,1.1885253190994263,1.940000057220459,1.940000057220459,1.940000057220459,1.940000057220459,0
2014-02-10,1.1885253190994263,1.940000057220459,1.940000057220459,1.940000057220459,1.940000057220459,0
2014-02-11,1.1885253190994263,1.940000057220459,1.940000057220459,1.940000057220459,1.940000057220459,0
2014-02-12,1.1885253190994263,1.940000057220459,1.940000057220459,1.940000057220459,1.940000057220459,0
2014-02-13,1.1823986768722534,1.9299999475479126,1.9500000476837158,1.9299999475479126,1.9500000476837158,150000
2014-02-14,1.1823986768722534,1.9299999475479126,1.9299999475479126,1.9299999475479126,1.9299999475479126,0
2014-02-17,1.1823986768722534,1.9299999475479126,1.9299999475479126,1.9299999475479126,1.9299999475479126,0
2014-02-18,1.1823986768722534,1.9299999475479126,1.899999976158142,1.899999976158142,1.899999976158142,20000
2014-02-19,1.1823986768722534,1.9299999475479126,1.9299999475479126,1.9299999475479126,1.9299999475479126,0
2014-02-20,1.2007781267166138,1.9600000381469727,1.9600000381469727,1.9600000381469727,1.9600000381469727,30000
2014-02-21,1.2130310535430908,1.9800000190734863,2.0,1.9199999570846558,1.9199999570846558,70000
2014-02-24,1.2130310535430908,1.9800000190734863,1.9800000190734863,1.9800000190734863,1.9800000190734863,0
2014-02-25,1.19465172290802,1.9500000476837158,1.9600000381469727,1.9500000476837158,1.9600000381469727,10000
2014-02-26,1.2069045305252075,1.9700000286102295,1.9700000286102295,1.940000057220459,1.940000057220459,40000
2014-02-27,1.2069045305252075,1.9700000286102295,1.9700000286102295,1.9700000286102295,1.9700000286102295,0
2014-02-28,1.2375365495681763,2.0199999809265137,2.049999952316284,1.940000057220459,1.940000057220459,102000
2014-03-03,1.2252837419509888,2.0,2.0199999809265137,2.0199999809265137,2.0199999809265137,10000
2014-03-04,1.2252837419509888,2.0,2.0,2.0,2.0,0
2014-03-05,1.2069045305252075,1.9700000286102295,1.9800000190734863,1.9700000286102295,1.9800000190734863,70000
2014-03-06,1.2069045305252075,1.9700000286102295,1.9700000286102295,1.9700000286102295,1.9700000286102295,0
2014-03-07,1.2069045305252075,1.9700000286102295,1.9700000286102295,1.9700000286102295,1.9700000286102295,0
2014-03-10,1.19465172290802,1.9500000476837158,1.9700000286102295,1.9500000476837158,1.9700000286102295,40000
2014-03-11,1.19465172290802,1.9500000476837158,1.9500000476837158,1.9500000476837158,1.9500000476837158,160000
2014-03-12,1.2007781267166138,1.9600000381469727,1.9500000476837158,1.940000057220459,1.9500000476837158,10000
2014-03-13,1.2007781267166138,1.9600000381469727,1.9600000381469727,1.9600000381469727,1.9600000381469727,50000
2014-03-14,1.2007781267166138,1.9600000381469727,1.9800000190734863,1.9600000381469727,1.9800000190734863,12000
2014-03-17,1.2007781267166138,1.9600000381469727,1.9600000381469727,1.9600000381469727,1.9600000381469727,0
2014-03-18,1.2007781267166138,1.9600000381469727,1.9600000381469727,1.9600000381469727,1.9600000381469727,0
2014-03-19,1.2069045305252075,1.9700000286102295,1.9700000286102295,1.9700000286102295,1.9700000286102295,64000
2014-03-20,1.2069045305252075,1.9700000286102295,1.9700000286102295,1.9700000286102295,1.9700000286102295,0
2014-03-21,1.19465172290802,1.9500000476837158,1.9700000286102295,1.9500000476837158,1.9700000286102295,50000
2014-03-24,1.2314101457595825,2.009999990463257,2.0199999809265137,1.9800000190734863,1.9800000190734863,240000
2014-03-25,1.2191572189331055,1.9900000095367432,2.009999990463257,1.9900000095367432,2.009999990463257,150000
2014-03-26,1.2252837419509888,2.0,2.009999990463257,1.9900000095367432,1.9900000095367432,250000
2014-03-27,1.2191572189331055,1.9900000095367432,2.0,1.9900000095367432,2.0,100000
2014-03-28,1.2191572189331055,1.9900000095367432,2.0,1.9900000095367432,1.9900000095367432,36000
2014-03-31,1.2252837419509888,2.0,2.0,1.9900000095367432,1.9900000095367432,70000
2014-04-01,1.2252837419509888,2.0,2.0,1.9900000095367432,2.0,58000
2014-04-02,1.2252837419509888,2.0,2.0,2.0,2.0,0
2014-04-03,1.2252837419509888,2.0,2.0,2.0,2.0,0
2014-04-04,1.2252837419509888,2.0,2.0,2.0,2.0,0
2014-04-07,1.4397082328796387,2.3499999046325684,3.200000047683716,2.3399999141693115,2.4000000953674316,4864000
2014-04-08,1.4029498100280762,2.2899999618530273,2.4000000953674316,2.2899999618530273,2.3499999046325684,2264667
2014-04-09,1.4029498100280762,2.2899999618530273,2.319999933242798,2.2899999618530273,2.299999952316284,970000
2014-04-10,1.4029498100280762,2.2899999618530273,2.309999942779541,2.2899999618530273,2.309999942779541,614000
2014-04-11,1.4029498100280762,2.2899999618530273,2.2899999618530273,2.2799999713897705,2.2899999618530273,508000
2014-04-14,1.4029498100280762,2.2899999618530273,2.299999952316284,2.2799999713897705,2.2799999713897705,88000
2014-04-15,1.3968236446380615,2.2799999713897705,2.2899999618530273,2.2799999713897705,2.2899999618530273,450000
2014-04-16,1.3968236446380615,2.2799999713897705,2.2799999713897705,2.2799999713897705,2.2799999713897705,1804000
2014-04-17,1.3968236446380615,2.2799999713897705,2.2799999713897705,2.2799999713897705,2.2799999713897705,190000
2014-04-22,1.4029498100280762,2.2899999618530273,2.2899999618530273,2.2799999713897705,2.2799999713897705,148000
2014-04-23,1.3968236446380615,2.2799999713897705,2.2799999713897705,2.2799999713897705,2.2799999713897705,4000
2014-04-24,1.40907621383667,2.299999952316284,2.309999942779541,2.299999952316284,2.309999942779541,2603000
2014-04-25,1.4152027368545532,2.309999942779541,2.309999942779541,2.299999952316284,2.299999952316284,1503111
2014-04-28,1.4152027368545532,2.309999942779541,2.309999942779541,2.309999942779541,2.309999942779541,700000
2014-04-29,1.4152027368545532,2.309999942779541,2.319999933242798,2.309999942779541,2.309999942779541,512000
2014-04-30,1.4152027368545532,2.309999942779541,2.309999942779541,2.309999942779541,2.309999942779541,436000
2014-05-02,1.4152027368545532,2.309999942779541,2.309999942779541,2.309999942779541,2.309999942779541,32000
2014-05-05,1.4152027368545532,2.309999942779541,2.3299999237060547,2.309999942779541,2.309999942779541,1382000
2014-05-07,1.4152027368545532,2.309999942779541,2.309999942779541,2.299999952316284,2.309999942779541,1010000
2014-05-08,1.4152027368545532,2.309999942779541,2.3299999237060547,2.309999942779541,2.319999933242798,1432000
2014-05-09,1.4152027368545532,2.309999942779541,2.319999933242798,2.309999942779541,2.319999933242798,835000
2014-05-12,1.4213290214538574,2.319999933242798,2.3299999237060547,2.309999942779541,2.309999942779541,458000
2014-05-13,1.4152027368545532,2.309999942779541,2.319999933242798,2.309999942779541,2.309999942779541,782000
2014-05-14,1.4213290214538574,2.319999933242798,2.319999933242798,2.309999942779541,2.319999933242798,1250000
2014-05-15,1.4152027368545532,2.309999942779541,2.309999942779541,2.309999942779541,2.309999942779541,452000
2014-05-16,1.4213290214538574,2.319999933242798,2.319999933242798,2.309999942779541,2.309999942779541,1177000
2014-05-19,1.4152027368545532,2.309999942779541,2.319999933242798,2.309999942779541,2.309999942779541,2230000
2014-05-20,1.4152027368545532,2.309999942779541,2.309999942779541,2.309999942779541,2.309999942779541,757000
2014-05-21,1.4213290214538574,2.319999933242798,2.319999933242798,2.309999942779541,2.309999942779541,616000
2014-05-22,1.6480064392089844,2.690000057220459,2.7899999618530273,2.3399999141693115,2.3499999046325684,842000
2014-05-23,1.5377310514450073,2.509999990463257,2.799999952316284,2.450000047683716,2.690000057220459,326000
2014-05-26,1.5867424011230469,2.5899999141693115,2.6500000953674316,2.5399999618530273,2.5399999618530273,144000
2014-05-27,1.5622367858886719,2.549999952316284,2.5899999141693115,2.5899999141693115,2.5899999141693115,2000
2014-05-28,1.4642140865325928,2.390000104904175,2.4700000286102295,2.3499999046325684,2.450000047683716,140000
2014-05-29,1.4458348751068115,2.359999895095825,2.359999895095825,2.3299999237060547,2.3499999046325684,154000
2014-05-30,1.4458348751068115,2.359999895095825,2.4100000858306885,2.3299999237060547,2.3299999237060547,194000
2014-06-03,1.4458348751068115,2.359999895095825,2.359999895095825,2.359999895095825,2.359999895095825,0
2014-06-04,1.4458348751068115,2.359999895095825,2.359999895095825,2.3499999046325684,2.359999895095825,12000
2014-06-05,1.4458348751068115,2.359999895095825,2.359999895095825,2.359999895095825,2.359999895095825,0
2014-06-06,1.4580875635147095,2.380000114440918,2.380000114440918,2.380000114440918,2.380000114440918,100000
2014-06-09,1.4519612789154053,2.369999885559082,2.369999885559082,2.369999885559082,2.369999885559082,30000
2014-06-10,1.4519612789154053,2.369999885559082,2.369999885559082,2.359999895095825,2.359999895095825,102000
2014-06-11,1.4703404903411865,2.4000000953674316,2.4000000953674316,2.380000114440918,2.380000114440918,146000
2014-06-12,1.5254782438278198,2.490000009536743,2.5,2.4000000953674316,2.4000000953674316,96000
2014-06-13,1.5316050052642822,2.5,2.5,2.490000009536743,2.490000009536743,246000
2014-06-16,1.4825934171676636,2.4200000762939453,2.549999952316284,2.3499999046325684,2.5,116000
2014-06-17,1.4825934171676636,2.4200000762939453,2.4200000762939453,2.4000000953674316,2.4200000762939453,32000
2014-06-18,1.4887197017669678,2.430000066757202,2.4200000762939453,2.4200000762939453,2.4200000762939453,12000
2014-06-19,1.4887197017669678,2.430000066757202,2.430000066757202,2.430000066757202,2.430000066757202,0
2014-06-20,1.5316050052642822,2.5,2.5,2.4800000190734863,2.4800000190734863,108000
2014-06-23,1.5928689241409302,2.5999999046325684,2.759999990463257,2.5299999713897705,2.609999895095825,998000
2014-06-24,1.5928689241409302,2.5999999046325684,2.609999895095825,2.5299999713897705,2.5299999713897705,70000
2014-06-25,1.5622367858886719,2.549999952316284,2.5399999618530273,2.5399999618530273,2.5399999618530273,50000
2014-06-26,1.5928689241409302,2.5999999046325684,2.5999999046325684,2.549999952316284,2.549999952316284,140000
2014-06-27,1.5928689241409302,2.5999999046325684,2.619999885559082,2.549999952316284,2.619999885559082,120000
2014-06-30,1.5928689241409302,2.5999999046325684,2.619999885559082,2.559999942779541,2.619999885559082,82000
2014-07-02,1.574489712715149,2.569999933242798,2.6500000953674316,2.549999952316284,2.6500000953674316,130000
2014-07-03,1.5928689241409302,2.5999999046325684,2.5999999046325684,2.5799999237060547,2.5999999046325684,208000
2014-07-04,1.5683629512786865,2.559999942779541,2.630000114440918,2.559999942779541,2.630000114440918,128000
2014-07-07,1.5561103820800781,2.5399999618530273,2.5799999237060547,2.509999990463257,2.549999952316284,170000
2014-07-08,1.5499837398529053,2.5299999713897705,2.5799999237060547,2.5199999809265137,2.5399999618530273,76000
2014-07-09,1.5867424011230469,2.5899999141693115,2.619999885559082,2.549999952316284,2.5799999237060547,110000
2014-07-10,1.5928689241409302,2.5999999046325684,2.5999999046325684,2.549999952316284,2.549999952316284,72000
2014-07-11,1.574489712715149,2.569999933242798,2.569999933242798,2.5399999618530273,2.559999942779541,136000
2014-07-14,1.5928689241409302,2.5999999046325684,2.6700000762939453,2.5799999237060547,2.5899999141693115,80040
2014-07-15,1.574489712715149,2.569999933242798,2.609999895095825,2.569999933242798,2.609999895095825,272000
2014-07-16,1.5867424011230469,2.5899999141693115,2.5899999141693115,2.569999933242798,2.5799999237060547,46000
2014-07-17,1.5806158781051636,2.5799999237060547,2.5799999237060547,2.559999942779541,2.569999933242798,82000
2014-07-18,1.5561103820800781,2.5399999618530273,2.559999942779541,2.5399999618530273,2.559999942779541,136000
2014-07-21,1.5806158781051636,2.5799999237060547,2.700000047683716,2.5799999237060547,2.5799999237060547,28228000
2014-07-22,1.5806158781051636,2.5799999237060547,2.609999895095825,2.549999952316284,2.609999895095825,90000
2014-07-23,1.598995327949524,2.609999895095825,2.630000114440918,2.5899999141693115,2.5999999046325684,234000
2014-07-24,1.6296275854110718,2.6600000858306885,2.8499999046325684,2.619999885559082,2.619999885559082,1290000
2014-07-25,1.6296275854110718,2.6600000858306885,2.6700000762939453,2.6500000953674316,2.6600000858306885,146000
2014-07-28,1.6541332006454468,2.700000047683716,2.700000047683716,2.680000066757202,2.690000057220459,196000
2014-07-29,1.6235008239746094,2.6500000953674316,2.700000047683716,2.6500000953674316,2.700000047683716,42000
2014-07-30,1.6296275854110718,2.6600000858306885,2.6700000762939453,2.5999999046325684,2.640000104904175,178000
2014-07-31,1.6663857698440552,2.7200000286102295,2.7200000286102295,2.6500000953674316,2.6500000953674316,66000
2014-08-01,1.635753870010376,2.6700000762939453,2.7100000381469727,2.6500000953674316,2.6500000953674316,216000
2014-08-04,1.6541332006454468,2.700000047683716,2.7300000190734863,2.6600000858306885,2.700000047683716,310000
2014-08-05,1.6296275854110718,2.6600000858306885,2.700000047683716,2.6600000858306885,2.700000047683716,88000
2014-08-06,1.6541332006454468,2.700000047683716,2.700000047683716,2.640000104904175,2.6600000858306885,168000
2014-08-07,1.660259485244751,2.7100000381469727,2.7100000381469727,2.680000066757202,2.680000066757202,60000
2014-08-08,1.6541332006454468,2.700000047683716,2.7300000190734863,2.680000066757202,2.7200000286102295,176000
2014-08-11,1.709270715713501,2.7899999618530273,2.819999933242798,2.680000066757202,2.680000066757202,236000
2014-08-12,1.739903211593628,2.8399999141693115,2.8399999141693115,2.75,2.7899999618530273,242000
2014-08-13,1.739903211593628,2.8399999141693115,2.890000104904175,2.819999933242798,2.890000104904175,118000
2014-08-14,1.7970529794692993,2.8299999237060547,2.880000114440918,2.75,2.75,50000
2014-08-15,1.7907029390335083,2.819999933242798,2.8499999046325684,2.7799999713897705,2.8499999046325684,108000
2014-08-18,1.7526028156280518,2.759999990463257,2.819999933242798,2.7300000190734863,2.819999933242798,162000
2014-08-19,1.7462528944015503,2.75,2.759999990463257,2.7200000286102295,2.759999990463257,40000
2014-08-20,1.7208527326583862,2.7100000381469727,2.7100000381469727,2.609999895095825,2.609999895095825,32000
2014-08-21,1.7208527326583862,2.7100000381469727,2.75,2.700000047683716,2.75,258000
2014-08-22,1.7272030115127563,2.7200000286102295,2.75,2.680000066757202,2.7300000190734863,202000
2014-08-25,1.7399029731750488,2.740000009536743,2.75,2.7200000286102295,2.7200000286102295,128000
2014-08-26,1.7780030965805054,2.799999952316284,2.819999933242798,2.75,2.75,286000
2014-08-27,1.7780030965805054,2.799999952316284,2.8399999141693115,2.799999952316284,2.819999933242798,234000
2014-08-28,1.765303134918213,2.7799999713897705,2.819999933242798,2.7699999809265137,2.809999942779541,458000
2014-08-29,1.7780030965805054,2.799999952316284,2.799999952316284,2.75,2.799999952316284,180000
2014-09-01,1.7780030965805054,2.799999952316284,2.799999952316284,2.759999990463257,2.799999952316284,180000
2014-09-02,1.7843528985977173,2.809999942779541,2.859999895095825,2.7799999713897705,2.799999952316284,184000
2014-09-03,1.8859529495239258,2.9700000286102295,3.450000047683716,2.8499999046325684,2.8299999237060547,1086000
2014-09-04,2.076453447341919,3.2699999809265137,3.299999952316284,3.0799999237060547,3.0799999237060547,1194000
2014-09-05,2.095503330230713,3.299999952316284,3.430000066757202,3.240000009536743,3.4000000953674316,312000
2014-09-08,2.095503330230713,3.299999952316284,3.299999952316284,3.25,3.299999952316284,81700
2014-09-10,2.159003734588623,3.4000000953674316,3.4000000953674316,3.319999933242798,3.3499999046325684,268000
2014-09-11,2.279653787612915,3.5899999141693115,3.6600000858306885,3.4000000953674316,3.450000047683716,284000
2014-09-12,2.508254051208496,3.950000047683716,4.050000190734863,3.5999999046325684,3.5999999046325684,1020000
2014-09-15,2.8448047637939453,4.480000019073486,4.5,3.9200000762939453,3.9200000762939453,1266000
2014-09-16,3.1750059127807617,5.0,5.190000057220459,4.5,4.599999904632568,2866000
2014-09-17,3.0480051040649414,4.800000190734863,5.0,4.420000076293945,5.0,1854000
2014-09-18,2.9337050914764404,4.619999885559082,4.800000190734863,4.53000020980835,4.800000190734863,220000
2014-09-19,2.9527554512023926,4.650000095367432,4.699999809265137,4.559999942779541,4.699999809265137,298000
2014-09-22,2.9654552936553955,4.670000076293945,4.900000095367432,4.519999980926514,4.710000038146973,348000
2014-09-23,2.9337050914764404,4.619999885559082,4.670000076293945,4.519999980926514,4.519999980926514,112000
2014-09-24,2.9972050189971924,4.71999979019165,4.949999809265137,4.449999809265137,4.559999942779541,302000
2014-09-25,2.978154420852661,4.690000057220459,5.010000228881836,4.5,4.650000095367432,624000
2014-09-26,2.971804618835449,4.679999828338623,4.699999809265137,4.579999923706055,4.610000133514404,152000
2014-09-29,2.7940049171447754,4.400000095367432,4.670000076293945,4.199999809265137,4.659999847412109,312000
2014-09-30,2.578104257583618,4.059999942779541,4.400000095367432,4.0,4.389999866485596,868000
2014-10-03,2.482854127883911,3.9100000858306885,4.019999980926514,3.700000047683716,3.9800000190734863,540000
2014-10-06,2.6225545406341553,4.130000114440918,4.28000020980835,3.950000047683716,3.950000047683716,236000
2014-10-07,2.635254383087158,4.150000095367432,4.159999847412109,4.099999904632568,4.139999866485596,80000
2014-10-08,2.628904342651367,4.139999866485596,4.139999866485596,4.119999885559082,4.119999885559082,44000
2014-10-09,2.7813048362731934,4.380000114440918,4.380000114440918,4.130000114440918,4.130000114440918,50000
2014-10-10,2.730504274368286,4.300000190734863,4.389999866485596,4.170000076293945,4.320000171661377,134000
2014-10-13,2.7114546298980713,4.269999980926514,4.269999980926514,4.199999809265137,4.199999809265137,4000
2014-10-14,2.660654067993164,4.190000057220459,4.25,4.190000057220459,4.199999809265137,24000
2014-10-15,2.635254383087158,4.150000095367432,4.199999809265137,4.139999866485596,4.179999828338623,60000
2014-10-16,2.6162045001983643,4.119999885559082,4.119999885559082,3.940000057220459,3.950000047683716,58000
2014-10-17,2.533653974533081,3.990000009536743,4.090000152587891,3.990000009536743,3.990000009536743,68000
2014-10-20,2.552704334259033,4.019999980926514,4.079999923706055,3.990000009536743,3.990000009536743,28000
2014-10-21,2.540004253387451,4.0,4.03000020980835,4.0,4.010000228881836,64000
2014-10-22,2.533653974533081,3.990000009536743,4.079999923706055,3.990000009536743,4.010000228881836,126000
2014-10-23,2.533653974533081,3.990000009536743,4.010000228881836,3.9000000953674316,3.950000047683716,60000
2014-10-24,2.533653974533081,3.990000009536743,3.990000009536743,3.990000009536743,3.990000009536743,0
2014-10-27,2.508254051208496,3.950000047683716,3.9600000381469727,3.809999942779541,3.9600000381469727,118000
2014-10-28,2.508254051208496,3.950000047683716,3.9700000286102295,3.940000057220459,3.940000057220459,22000
2014-10-29,2.413003921508789,3.799999952316284,3.9000000953674316,3.799999952316284,3.9000000953674316,64000
2014-10-30,2.413003921508789,3.799999952316284,3.799999952316284,3.799999952316284,3.799999952316284,0
2014-10-31,2.444754123687744,3.8499999046325684,3.880000114440918,3.799999952316284,3.799999952316284,62000
2014-11-03,2.457454204559326,3.869999885559082,4.150000095367432,3.859999895095825,4.0,216000
2014-11-04,2.520954132080078,3.9700000286102295,4.0,3.9700000286102295,4.0,24000
2014-11-05,2.463804244995117,3.880000114440918,3.940000057220459,3.799999952316284,3.9800000190734863,44000
2014-11-06,2.508254051208496,3.950000047683716,3.9700000286102295,3.7799999713897705,3.7799999713897705,32000
2014-11-07,2.514604330062866,3.9600000381469727,3.990000009536743,3.859999895095825,3.930000066757202,62000
2014-11-10,2.489204168319702,3.9200000762939453,4.010000228881836,3.9000000953674316,3.9600000381469727,181000
2014-11-11,2.489204168319702,3.9200000762939453,3.9200000762939453,3.9100000858306885,3.9100000858306885,16000
2014-11-12,2.520954132080078,3.9700000286102295,4.03000020980835,3.9700000286102295,3.990000009536743,224000
2014-11-13,2.489204168319702,3.9200000762939453,3.940000057220459,3.9200000762939453,3.930000066757202,52000
2014-11-14,2.540004253387451,4.0,4.0,3.990000009536743,3.990000009536743,206000
2014-11-17,2.5019044876098633,3.940000057220459,3.990000009536743,3.799999952316284,3.990000009536743,134000
2014-11-18,2.508254051208496,3.950000047683716,3.950000047683716,3.940000057220459,3.950000047683716,18000
2014-11-19,2.5717544555664062,4.050000190734863,4.050000190734863,3.950000047683716,3.950000047683716,94000
2014-11-20,2.5717544555664062,4.050000190734863,4.050000190734863,4.050000190734863,4.050000190734863,0
2014-11-21,2.635254383087158,4.150000095367432,4.25,4.110000133514404,4.119999885559082,644000
2014-11-24,2.6860544681549072,4.230000019073486,4.349999904632568,4.150000095367432,4.150000095367432,340000
2014-11-25,2.667004108428955,4.199999809265137,4.300000190734863,4.150000095367432,4.230000019073486,250000
2014-11-26,2.603503942489624,4.099999904632568,4.199999809265137,4.099999904632568,4.199999809265137,118000
2014-11-27,2.667004108428955,4.199999809265137,4.199999809265137,4.010000228881836,4.159999847412109,74000
2014-11-28,2.6098546981811523,4.110000133514404,4.199999809265137,4.099999904632568,4.199999809265137,125000
2014-12-01,2.603503942489624,4.099999904632568,4.199999809265137,4.099999904632568,4.139999866485596,244000
2014-12-02,2.552704334259033,4.019999980926514,4.150000095367432,4.0,4.150000095367432,116000
2014-12-03,2.603503942489624,4.099999904632568,4.110000133514404,4.010000228881836,4.03000020980835,218000
2014-12-04,2.540004253387451,4.0,4.099999904632568,3.9100000858306885,4.099999904632568,286000
2014-12-05,2.5019044876098633,3.940000057220459,4.03000020980835,3.930000066757202,4.03000020980835,156000
2014-12-08,2.520954132080078,3.9700000286102295,4.019999980926514,3.9200000762939453,3.9200000762939453,466000
2014-12-09,2.451103925704956,3.859999895095825,3.9800000190734863,3.859999895095825,3.9800000190734863,206000
2014-12-10,2.508254051208496,3.950000047683716,3.990000009536743,3.9000000953674316,3.9000000953674316,174000
2014-12-11,2.4444310665130615,3.8299999237060547,3.930000066757202,3.7200000286102295,3.890000104904175,432000
2014-12-12,2.4635777473449707,3.859999895095825,3.890000104904175,3.8399999141693115,3.8399999141693115,48000
2014-12-15,2.482725143432617,3.890000104904175,3.950000047683716,3.859999895095825,3.869999885559082,18000
2014-12-16,2.4763424396514893,3.880000114440918,3.890000104904175,3.799999952316284,3.890000104904175,16000
2014-12-17,2.56569504737854,4.019999980926514,4.099999904632568,3.9000000953674316,3.9000000953674316,116000
2014-12-18,2.540165424346924,3.9800000190734863,3.990000009536743,3.9800000190734863,3.990000009536743,44000
2014-12-19,2.457195281982422,3.8499999046325684,3.9800000190734863,3.75,3.9800000190734863,148000
2014-12-22,2.482725143432617,3.890000104904175,3.890000104904175,3.799999952316284,3.859999895095825,24000
2014-12-23,2.457195281982422,3.8499999046325684,3.859999895095825,3.8499999046325684,3.8499999046325684,50000
2014-12-24,2.521019220352173,3.950000047683716,3.950000047683716,3.950000047683716,3.950000047683716,6000
2014-12-29,2.4635777473449707,3.859999895095825,3.859999895095825,3.8499999046325684,3.8499999046325684,66000
2014-12-30,2.425283670425415,3.799999952316284,3.799999952316284,3.7799999713897705,3.799999952316284,104000
2014-12-31,2.3614609241485596,3.700000047683716,3.799999952316284,3.6700000762939453,3.799999952316284,104000
2015-01-02,2.3614609241485596,3.700000047683716,3.799999952316284,3.700000047683716,3.700000047683716,72000
2015-01-05,2.4189016819000244,3.7899999618530273,3.799999952316284,3.700000047683716,3.700000047683716,54000
2015-01-06,2.4189016819000244,3.7899999618530273,3.7899999618530273,3.700000047683716,3.7899999618530273,20000
2015-01-07,2.37422513961792,3.7200000286102295,3.7799999713897705,3.700000047683716,3.7799999713897705,26000
2015-01-08,2.348696231842041,3.680000066757202,3.7899999618530273,3.6500000953674316,3.7100000381469727,112000
2015-01-09,2.2019028663635254,3.450000047683716,3.700000047683716,3.450000047683716,3.690000057220459,824000
2015-01-12,2.2529611587524414,3.5299999713897705,3.5299999713897705,3.4000000953674316,3.490000009536743,206000
2015-01-13,2.2146670818328857,3.4700000286102295,3.5199999809265137,3.4600000381469727,3.5199999809265137,32000
2015-01-14,2.233814239501953,3.5,3.569999933242798,3.2699999809265137,3.450000047683716,166000
2015-01-15,2.2019028663635254,3.450000047683716,3.4600000381469727,3.450000047683716,3.4600000381469727,48000
2015-01-16,2.2848727703094482,3.5799999237060547,3.609999895095825,3.4600000381469727,3.4600000381469727,78000
2015-01-19,2.2912545204162598,3.5899999141693115,3.5899999141693115,3.4600000381469727,3.509999990463257,184000
2015-01-20,2.3104021549224854,3.619999885559082,3.6500000953674316,3.5899999141693115,3.6500000953674316,152000
2015-01-21,2.431666374206543,3.809999942779541,3.819999933242798,3.680000066757202,3.680000066757202,192000
2015-01-22,2.521019220352173,3.950000047683716,3.950000047683716,3.8399999141693115,3.8399999141693115,258000
2015-01-23,2.521019220352173,3.950000047683716,4.03000020980835,3.950000047683716,3.950000047683716,474000
2015-01-26,2.5529303550720215,4.0,4.0,3.990000009536743,4.0,250000
2015-01-27,2.5529303550720215,4.0,4.090000152587891,4.0,4.019999980926514,102000
2015-01-28,2.572077512741089,4.03000020980835,4.070000171661377,4.0,4.0,170000
2015-01-29,2.5529303550720215,4.0,4.03000020980835,4.0,4.0,202000
2015-01-30,2.572077512741089,4.03000020980835,4.03000020980835,3.75,3.75,96000
2015-02-02,2.5529303550720215,4.0,4.039999961853027,3.9700000286102295,3.9800000190734863,80000
2015-02-03,2.6167538166046143,4.099999904632568,4.099999904632568,3.890000104904175,3.890000104904175,140000
2015-02-04,2.56569504737854,4.019999980926514,4.119999885559082,4.019999980926514,4.110000133514404,94000
2015-02-05,2.623135805130005,4.110000133514404,4.139999866485596,4.070000171661377,4.070000171661377,66000
2015-02-06,2.5529303550720215,4.0,4.039999961853027,3.990000009536743,4.010000228881836,826000
2015-02-09,2.572077512741089,4.03000020980835,4.03000020980835,3.990000009536743,4.0,78000
2015-02-10,2.5529303550720215,4.0,4.0,4.0,4.0,86000
2015-02-11,2.5529303550720215,4.0,4.010000228881836,4.0,4.010000228881836,108000
2015-02-12,2.56569504737854,4.019999980926514,4.059999942779541,4.0,4.059999942779541,24000
2015-02-13,2.5529303550720215,4.0,4.050000190734863,4.0,4.039999961853027,76000
2015-02-16,2.5529303550720215,4.0,4.050000190734863,4.0,4.0,68000
2015-02-17,2.5529303550720215,4.0,4.0,4.0,4.0,0
2015-02-18,2.5529303550720215,4.0,4.0,3.990000009536743,3.990000009536743,24000
2015-02-23,2.56569504737854,4.019999980926514,4.019999980926514,4.0,4.0,10000
2015-02-24,2.5784597396850586,4.039999961853027,4.039999961853027,4.010000228881836,4.010000228881836,54000
2015-02-25,2.572077512741089,4.03000020980835,4.050000190734863,4.019999980926514,4.039999961853027,98000
2015-02-26,2.572077512741089,4.03000020980835,4.059999942779541,4.010000228881836,4.059999942779541,76000
2015-02-27,2.572077512741089,4.03000020980835,4.050000190734863,4.03000020980835,4.050000190734863,106000
2015-03-02,2.5529303550720215,4.0,4.03000020980835,3.9100000858306885,4.03000020980835,302000
2015-03-03,2.54654860496521,3.990000009536743,4.050000190734863,3.9600000381469727,4.0,224000
2015-03-04,2.5529303550720215,4.0,4.019999980926514,3.8299999237060547,3.990000009536743,346000
2015-03-05,2.5529303550720215,4.0,4.0,3.9800000190734863,3.9800000190734863,50000
2015-03-06,2.955017328262329,4.630000114440918,4.75,4.380000114440918,4.5,1984000
2015-03-09,2.9358701705932617,4.599999904632568,4.730000019073486,4.550000190734863,4.699999809265137,2152000
2015-03-10,2.9358701705932617,4.599999904632568,4.699999809265137,4.590000152587891,4.599999904632568,1226000
2015-03-11,2.980546712875366,4.670000076293945,4.690000057220459,4.599999904632568,4.599999904632568,1272000
2015-03-12,2.9933106899261475,4.690000057220459,4.739999771118164,4.679999828338623,4.71999979019165,2912000
2015-03-13,3.03798770904541,4.760000228881836,4.760000228881836,4.650000095367432,4.699999809265137,1622000
2015-03-16,3.2358391284942627,5.070000171661377,5.150000095367432,4.78000020980835,4.78000020980835,3162000
2015-03-17,3.3507213592529297,5.25,5.300000190734863,4.849999904632568,5.150000095367432,4094000
2015-03-18,3.1248300075531006,4.150000095367432,4.579999923706055,4.079999923706055,4.46999979019165,2064000
2015-03-19,3.1248300075531006,4.150000095367432,4.150000095367432,4.150000095367432,4.150000095367432,0
2015-03-20,3.034473419189453,4.03000020980835,4.449999809265137,4.03000020980835,4.360000133514404,3112000
2015-03-23,3.004354953765869,3.990000009536743,4.079999923706055,3.8299999237060547,4.03000020980835,660000
2015-03-24,3.034473419189453,4.03000020980835,4.03000020980835,3.990000009536743,3.990000009536743,274000
2015-03-25,2.9591760635375977,3.930000066757202,3.990000009536743,3.9200000762939453,3.990000009536743,262000
2015-03-26,2.8612897396087646,3.799999952316284,3.930000066757202,3.75,3.930000066757202,638000
2015-03-27,2.996824264526367,3.9800000190734863,4.190000057220459,3.799999952316284,3.799999952316284,606000
2015-03-30,3.0269436836242676,4.019999980926514,4.150000095367432,3.9800000190734863,3.9800000190734863,150000
2015-03-31,3.0118842124938965,4.0,4.099999904632568,4.0,4.039999961853027,406000
2015-04-01,3.0269436836242676,4.019999980926514,4.079999923706055,3.950000047683716,4.0,77365
2015-04-02,3.0269436836242676,4.019999980926514,4.050000190734863,4.0,4.019999980926514,286000
2015-04-08,2.9441168308258057,3.9100000858306885,4.079999923706055,3.9000000953674316,4.079999923706055,604000
2015-04-09,2.936586856842041,3.9000000953674316,3.940000057220459,3.859999895095825,3.940000057220459,960000
2015-04-10,3.0118842124938965,4.0,4.0,3.869999885559082,3.930000066757202,728000
2015-04-13,3.049532651901245,4.050000190734863,4.199999809265137,3.9700000286102295,4.199999809265137,1200000
2015-04-14,3.049532651901245,4.050000190734863,4.099999904632568,3.890000104904175,4.099999904632568,848000
2015-04-15,3.0269436836242676,4.019999980926514,4.099999904632568,3.9700000286102295,4.099999904632568,1228000
2015-04-16,3.004354953765869,3.990000009536743,4.059999942779541,3.990000009536743,4.059999942779541,386000
2015-04-17,3.019413948059082,4.010000228881836,4.03000020980835,3.9800000190734863,4.03000020980835,762000
2015-04-20,2.996824264526367,3.9800000190734863,4.019999980926514,3.950000047683716,4.0,758000
2015-04-21,2.966705799102783,3.940000057220459,4.099999904632568,3.930000066757202,4.099999904632568,486000
2015-04-22,2.951646566390991,3.9200000762939453,3.9800000190734863,3.9000000953674316,3.9800000190734863,344000
2015-04-23,2.951646566390991,3.9200000762939453,3.9700000286102295,3.9000000953674316,3.9600000381469727,436000
2015-04-24,2.966705799102783,3.940000057220459,4.050000190734863,3.9200000762939453,4.050000190734863,582000
2015-04-27,2.9591760635375977,3.930000066757202,4.099999904632568,3.9100000858306885,4.099999904632568,184000
2015-04-28,2.936586856842041,3.9000000953674316,3.9800000190734863,3.8399999141693115,3.940000057220459,630000
2015-04-29,2.906468152999878,3.859999895095825,3.930000066757202,3.859999895095825,3.869999885559082,260000
2015-04-30,2.8688197135925293,3.809999942779541,3.9100000858306885,3.809999942779541,3.859999895095825,388000
2015-05-04,3.0269436836242676,4.019999980926514,4.039999961853027,3.869999885559082,3.869999885559082,762000
2015-05-05,2.9817657470703125,3.9600000381469727,4.03000020980835,3.930000066757202,4.019999980926514,518000
2015-05-06,2.974236011505127,3.950000047683716,3.9700000286102295,3.9100000858306885,3.9200000762939453,536000
2015-05-07,2.951646566390991,3.9200000762939453,3.940000057220459,3.9000000953674316,3.9100000858306885,310000
2015-05-08,2.989295244216919,3.9700000286102295,4.010000228881836,3.9000000953674316,3.9000000953674316,340000
2015-05-11,3.0118842124938965,4.0,4.059999942779541,3.950000047683716,3.950000047683716,96000
2015-05-12,3.049532651901245,4.050000190734863,4.050000190734863,4.0,4.03000020980835,358000
2015-05-13,3.0269436836242676,4.019999980926514,4.079999923706055,4.019999980926514,4.019999980926514,110000
2015-05-14,3.049532651901245,4.050000190734863,4.070000171661377,4.03000020980835,4.050000190734863,166000
2015-05-15,3.0118842124938965,4.0,4.050000190734863,4.0,4.019999980926514,292000
2015-05-18,3.034473419189453,4.03000020980835,4.039999961853027,3.9700000286102295,3.9700000286102295,210000
2015-05-19,3.0269436836242676,4.019999980926514,4.059999942779541,4.0,4.059999942779541,182000
2015-05-20,3.0118842124938965,4.0,4.019999980926514,3.990000009536743,3.990000009536743,892000
2015-05-21,3.0118842124938965,4.0,4.019999980926514,3.9800000190734863,4.0,580000
2015-05-22,2.996824264526367,3.9800000190734863,4.0,3.950000047683716,4.0,308000
2015-05-26,3.0118842124938965,4.0,4.039999961853027,3.930000066757202,3.9700000286102295,642000
2015-05-27,3.0118842124938965,4.0,4.0,3.9700000286102295,3.9800000190734863,236000
2015-05-28,2.996824264526367,3.9800000190734863,4.0,3.950000047683716,4.0,40000
2015-05-29,3.004354953765869,3.990000009536743,4.0,3.9600000381469727,3.9600000381469727,332000
2015-06-01,3.019413948059082,4.010000228881836,4.010000228881836,3.940000057220459,3.950000047683716,72000
2015-06-02,3.034473419189453,4.03000020980835,4.050000190734863,4.0,4.03000020980835,116000
2015-06-03,2.9817657470703125,3.9600000381469727,4.050000190734863,3.950000047683716,4.010000228881836,498000
2015-06-04,2.974236011505127,3.950000047683716,3.9600000381469727,3.940000057220459,3.9600000381469727,220000
2015-06-05,2.9817657470703125,3.9600000381469727,3.9600000381469727,3.930000066757202,3.930000066757202,110000
2015-06-08,2.9817657470703125,3.9600000381469727,3.9600000381469727,3.9200000762939453,3.940000057220459,358000
2015-06-09,2.974236011505127,3.950000047683716,3.9800000190734863,3.950000047683716,3.9600000381469727,250000
2015-06-10,2.951646566390991,3.9200000762939453,3.950000047683716,3.9200000762939453,3.950000047683716,52000
2015-06-11,2.951646566390991,3.9200000762939453,3.9600000381469727,3.9200000762939453,3.9600000381469727,48000
2015-06-12,2.966705799102783,3.940000057220459,3.9600000381469727,3.9200000762939453,3.9600000381469727,130000
2015-06-15,2.9817657470703125,3.9600000381469727,4.21999979019165,3.9200000762939453,3.9200000762939453,1086000
2015-06-16,3.117300033569336,4.139999866485596,4.190000057220459,3.9700000286102295,3.9700000286102295,710000
2015-06-17,3.230246067047119,4.289999961853027,4.389999866485596,4.039999961853027,4.039999961853027,1234000
2015-06-18,3.290483236312866,4.369999885559082,4.380000114440918,4.230000019073486,4.230000019073486,626000
2015-06-19,3.215186834335327,4.269999980926514,4.460000038146973,4.199999809265137,4.389999866485596,598000
2015-06-22,3.147418737411499,4.179999828338623,4.25,4.070000171661377,4.070000171661377,290000
2015-06-23,3.1700081825256348,4.210000038146973,4.21999979019165,4.119999885559082,4.150000095367432,266000
2015-06-24,3.162478446960449,4.199999809265137,4.21999979019165,4.119999885559082,4.21999979019165,220000
2015-06-25,3.185067653656006,4.230000019073486,4.25,4.150000095367432,4.210000038146973,448000
2015-06-26,3.147418737411499,4.179999828338623,4.230000019073486,4.170000076293945,4.21999979019165,372000
2015-06-29,3.049532651901245,4.050000190734863,4.199999809265137,3.930000066757202,4.199999809265137,398000
2015-06-30,3.1775379180908203,4.21999979019165,4.25,4.119999885559082,4.199999809265137,248000
2015-07-02,3.1248300075531006,4.150000095367432,4.400000095367432,4.150000095367432,4.400000095367432,570000
2015-07-03,2.996824264526367,3.9800000190734863,4.230000019073486,3.950000047683716,4.230000019073486,364000
2015-07-06,2.906468152999878,3.859999895095825,4.150000095367432,3.799999952316284,4.0,548000
2015-07-07,2.9441168308258057,3.9100000858306885,4.050000190734863,3.8499999046325684,4.050000190734863,182000
2015-07-08,2.8010520935058594,3.7200000286102295,3.819999933242798,3.630000114440918,3.819999933242798,680000
2015-07-09,2.823641538619995,3.75,3.7799999713897705,3.6500000953674316,3.6500000953674316,1358000
2015-07-10,2.891409158706665,3.8399999141693115,3.930000066757202,3.759999990463257,3.930000066757202,1178000
2015-07-13,2.9441168308258057,3.9100000858306885,3.950000047683716,3.8399999141693115,3.950000047683716,178000
2015-07-14,2.921527624130249,3.880000114440918,3.9800000190734863,3.8399999141693115,3.8399999141693115,140000
2015-07-15,2.8688197135925293,3.809999942779541,3.9200000762939453,3.809999942779541,3.8499999046325684,138000
2015-07-16,2.906468152999878,3.859999895095825,4.0,3.819999933242798,4.0,42000
2015-07-17,2.921527624130249,3.880000114440918,3.9100000858306885,3.6700000762939453,3.6700000762939453,26000
2015-07-20,2.891409158706665,3.8399999141693115,3.990000009536743,3.8399999141693115,3.9800000190734863,156000
2015-07-21,2.8989381790161133,3.8499999046325684,3.940000057220459,3.7799999713897705,3.940000057220459,30000
2015-07-22,2.951646566390991,3.9200000762939453,3.9700000286102295,3.8499999046325684,3.9600000381469727,112000
2015-07-23,2.974236011505127,3.950000047683716,3.950000047683716,3.9100000858306885,3.9100000858306885,160000
2015-07-24,3.0118842124938965,4.0,4.050000190734863,3.9600000381469727,3.9700000286102295,266000
2015-07-27,3.004354953765869,3.990000009536743,4.010000228881836,3.9600000381469727,4.010000228881836,214000
2015-07-28,2.974236011505127,3.950000047683716,4.019999980926514,3.8499999046325684,4.019999980926514,206000
2015-07-29,2.9441168308258057,3.9100000858306885,3.9800000190734863,3.880000114440918,3.9800000190734863,80000
2015-07-30,2.974236011505127,3.950000047683716,3.950000047683716,3.940000057220459,3.940000057220459,82000
2015-07-31,2.974236011505127,3.950000047683716,4.099999904632568,3.950000047683716,4.099999904632568,92000
2015-08-03,3.0118842124938965,4.0,4.099999904632568,3.950000047683716,4.099999904632568,68000
2015-08-04,2.9441168308258057,3.9100000858306885,4.050000190734863,3.9000000953674316,4.050000190734863,4000
2015-08-05,3.0118842124938965,4.0,4.050000190734863,3.990000009536743,4.050000190734863,136000
2015-08-06,3.0118842124938965,4.0,4.099999904632568,4.0,4.099999904632568,204000
2015-08-07,3.0269436836242676,4.019999980926514,4.039999961853027,3.9800000190734863,3.9800000190734863,196000
2015-08-10,3.0269436836242676,4.019999980926514,4.099999904632568,4.019999980926514,4.099999904632568,86000
2015-08-11,3.034473419189453,4.03000020980835,4.059999942779541,4.0,4.059999942779541,544000
2015-08-12,3.034473419189453,4.03000020980835,4.099999904632568,4.0,4.050000190734863,182000
2015-08-13,3.034473419189453,4.03000020980835,4.03000020980835,3.880000114440918,4.010000228881836,218000
2015-08-14,3.0344736576080322,3.9100000858306885,3.930000066757202,3.890000104904175,3.890000104904175,88000
2015-08-17,3.0189521312713623,3.890000104904175,3.890000104904175,3.880000114440918,3.890000104904175,26000
2015-08-18,2.987908363342285,3.8499999046325684,3.869999885559082,3.8499999046325684,3.869999885559082,28000
2015-08-19,3.0344736576080322,3.9100000858306885,3.9800000190734863,3.859999895095825,3.9800000190734863,30000
2015-08-20,2.9568653106689453,3.809999942779541,3.9100000858306885,3.7100000381469727,3.9100000858306885,72000
2015-08-21,2.9103007316589355,3.75,3.799999952316284,3.680000066757202,3.680000066757202,214000
2015-08-24,2.8094100952148438,3.619999885559082,3.680000066757202,3.5199999809265137,3.680000066757202,370000
2015-08-25,2.832692861557007,3.6500000953674316,3.690000057220459,3.559999942779541,3.559999942779541,170000
2015-08-26,2.8637356758117676,3.690000057220459,3.700000047683716,3.630000114440918,3.630000114440918,108000
2015-08-27,2.9103007316589355,3.75,3.75,3.7100000381469727,3.7100000381469727,40000
2015-08-28,2.9491043090820312,3.799999952316284,3.809999942779541,3.759999990463257,3.759999990463257,82000
2015-08-31,2.8792574405670166,3.7100000381469727,3.799999952316284,3.7100000381469727,3.799999952316284,422000
2015-09-01,2.8637356758117676,3.690000057220459,3.7200000286102295,3.690000057220459,3.700000047683716,212000
2015-09-02,2.832692861557007,3.6500000953674316,3.6500000953674316,3.630000114440918,3.6500000953674316,48000
2015-09-04,2.8482139110565186,3.6700000762939453,3.680000066757202,3.630000114440918,3.630000114440918,136000
2015-09-07,2.840453624725342,3.6600000858306885,3.799999952316284,3.619999885559082,3.619999885559082,100000
2015-09-08,2.9180614948272705,3.759999990463257,3.759999990463257,3.6500000953674316,3.6500000953674316,170000
2015-09-09,2.9180614948272705,3.759999990463257,3.7899999618530273,3.759999990463257,3.759999990463257,38000
2015-09-10,2.8714966773986816,3.700000047683716,3.759999990463257,3.700000047683716,3.7100000381469727,48000
2015-09-11,2.9103007316589355,3.75,3.799999952316284,3.690000057220459,3.690000057220459,104000
2015-09-14,2.8714966773986816,3.700000047683716,3.7799999713897705,3.6500000953674316,3.7799999713897705,58000
2015-09-15,2.8637356758117676,3.690000057220459,3.7799999713897705,3.6500000953674316,3.7799999713897705,62000
2015-09-16,2.8792574405670166,3.7100000381469727,3.75,3.6500000953674316,3.700000047683716,466000
2015-09-17,2.8637356758117676,3.690000057220459,3.740000009536743,3.690000057220459,3.740000009536743,122000
2015-09-18,2.840453624725342,3.6600000858306885,3.869999885559082,3.6600000858306885,3.869999885559082,180000
2015-09-21,2.840453624725342,3.6600000858306885,3.8399999141693115,3.5799999237060547,3.8399999141693115,80000
2015-09-22,2.832692861557007,3.6500000953674316,3.7899999618530273,3.640000104904175,3.7899999618530273,26000
2015-09-23,2.793888568878174,3.5999999046325684,3.700000047683716,3.5999999046325684,3.630000114440918,32000
2015-09-24,2.840453624725342,3.6600000858306885,3.7799999713897705,3.6500000953674316,3.7799999713897705,34000
2015-09-25,2.8094100952148438,3.619999885559082,3.7200000286102295,3.609999895095825,3.7200000286102295,46000
2015-09-29,2.75508451461792,3.549999952316284,3.5999999046325684,3.549999952316284,3.6700000762939453,76000
2015-09-30,2.75508451461792,3.549999952316284,3.619999885559082,3.5,3.559999942779541,118000
2015-10-02,2.77060604095459,3.569999933242798,3.700000047683716,3.5,3.700000047683716,88000
2015-10-05,2.77060604095459,3.569999933242798,3.6500000953674316,3.5399999618530273,3.6500000953674316,82000
2015-10-06,2.778366804122925,3.5799999237060547,3.5799999237060547,3.5199999809265137,3.5399999618530273,44000
2015-10-07,2.75508451461792,3.549999952316284,3.549999952316284,3.5199999809265137,3.5199999809265137,144000
2015-10-08,2.73956298828125,3.5299999713897705,3.569999933242798,3.5,3.5,54000
2015-10-09,2.747323513031006,3.5399999618530273,3.5999999046325684,3.5,3.5,142000
2015-10-12,2.724040985107422,3.509999990463257,3.5899999141693115,3.5,3.5199999809265137,154000
2015-10-13,2.716280460357666,3.5,3.509999990463257,3.4800000190734863,3.5,126000
2015-10-14,2.700759172439575,3.4800000190734863,3.509999990463257,3.4800000190734863,3.5,42000
2015-10-15,2.73956298828125,3.5299999713897705,3.5799999237060547,3.5,3.559999942779541,160000
2015-10-16,2.724040985107422,3.509999990463257,3.5399999618530273,3.5,3.5299999713897705,112000
2015-10-19,2.700759172439575,3.4800000190734863,3.5299999713897705,3.4600000381469727,3.5,54000
2015-10-20,2.724040985107422,3.509999990463257,3.509999990463257,3.4200000762939453,3.4200000762939453,128000
2015-10-22,2.716280460357666,3.5,3.5299999713897705,3.430000066757202,3.430000066757202,222000
2015-10-23,2.724040985107422,3.509999990463257,3.5299999713897705,3.490000009536743,3.509999990463257,324000
2015-10-26,3.049994945526123,3.930000066757202,3.930000066757202,3.6600000858306885,3.6600000858306885,1740000
2015-10-27,3.065516710281372,3.950000047683716,4.039999961853027,3.890000104904175,3.890000104904175,2212000
2015-10-28,3.104320764541626,4.0,4.019999980926514,3.950000047683716,3.950000047683716,456000
2015-10-29,3.127603054046631,4.03000020980835,4.070000171661377,3.9700000286102295,3.9700000286102295,430000
2015-10-30,3.104320764541626,4.0,4.050000190734863,4.0,4.010000228881836,488000
2015-11-02,3.096560001373291,3.990000009536743,4.0,3.930000066757202,3.9700000286102295,756000
2015-11-03,3.088798761367798,3.9800000190734863,4.0,3.9600000381469727,4.0,274000
2015-11-04,3.104320764541626,4.0,4.010000228881836,3.9600000381469727,3.9600000381469727,426000
2015-11-05,3.081038236618042,3.9700000286102295,3.9800000190734863,3.9700000286102295,3.9700000286102295,38000
2015-11-06,3.081038236618042,3.9700000286102295,3.990000009536743,3.9600000381469727,3.990000009536743,10000
2015-11-09,3.057755470275879,3.940000057220459,3.950000047683716,3.9000000953674316,3.930000066757202,322000
2015-11-10,3.065516710281372,3.950000047683716,3.950000047683716,3.9100000858306885,3.9100000858306885,26000
2015-11-11,3.065516710281372,3.950000047683716,3.950000047683716,3.930000066757202,3.950000047683716,48000
2015-11-12,3.065516710281372,3.950000047683716,3.9600000381469727,3.940000057220459,3.950000047683716,730000
2015-11-13,3.057755470275879,3.940000057220459,3.950000047683716,3.9100000858306885,3.950000047683716,12000
2015-11-16,3.049994945526123,3.930000066757202,3.9600000381469727,3.9000000953674316,3.950000047683716,232000
2015-11-17,3.065516710281372,3.950000047683716,3.950000047683716,3.9100000858306885,3.930000066757202,130000
2015-11-18,3.065516710281372,3.950000047683716,3.9600000381469727,3.950000047683716,3.950000047683716,496000
2015-11-19,3.057755470275879,3.940000057220459,3.9800000190734863,3.940000057220459,3.950000047683716,240000
2015-11-20,3.088798761367798,3.9800000190734863,4.010000228881836,3.950000047683716,3.950000047683716,94000
2015-11-23,3.2052114009857178,4.130000114440918,4.139999866485596,4.03000020980835,4.03000020980835,470000
2015-11-24,3.2362544536590576,4.170000076293945,4.25,4.119999885559082,4.130000114440918,318000
2015-11-25,3.2362544536590576,4.170000076293945,4.190000057220459,4.079999923706055,4.190000057220459,194000
2015-11-26,3.2284936904907227,4.159999847412109,4.170000076293945,4.110000133514404,4.150000095367432,254000
2015-11-27,3.2129716873168945,4.139999866485596,4.170000076293945,4.079999923706055,4.139999866485596,186000
2015-11-30,3.2828190326690674,4.230000019073486,4.239999771118164,4.090000152587891,4.110000133514404,368000
2015-12-01,3.3293840885162354,4.289999961853027,4.329999923706055,4.269999980926514,4.269999980926514,1556000
2015-12-02,3.3992316722869873,4.380000114440918,4.400000095367432,4.28000020980835,4.329999923706055,820000
2015-12-03,3.375948667526245,4.349999904632568,4.389999866485596,4.28000020980835,4.389999866485596,180000
2015-12-04,3.36818790435791,4.340000152587891,4.380000114440918,4.320000171661377,4.340000152587891,292000
2015-12-07,3.375948667526245,4.349999904632568,4.400000095367432,4.300000190734863,4.360000133514404,744000
2015-12-08,3.391470193862915,4.369999885559082,4.369999885559082,4.329999923706055,4.349999904632568,236000
2015-12-09,3.3992316722869873,4.380000114440918,4.420000076293945,4.320000171661377,4.340000152587891,638000
2015-12-10,3.414752721786499,4.400000095367432,4.480000019073486,4.369999885559082,4.380000114440918,1512000
2015-12-11,3.2043652534484863,3.9600000381469727,4.079999923706055,3.9000000953674316,4.079999923706055,374000
2015-12-14,3.228640556335449,3.990000009536743,4.0,3.930000066757202,3.930000066757202,242000
2015-12-15,3.309558868408203,4.090000152587891,4.099999904632568,4.019999980926514,4.019999980926514,368000
2015-12-16,3.31765079498291,4.099999904632568,4.119999885559082,4.019999980926514,4.119999885559082,308000
2015-12-17,3.309558868408203,4.090000152587891,4.119999885559082,4.090000152587891,4.110000133514404,720000
2015-12-18,3.309558868408203,4.090000152587891,4.099999904632568,4.090000152587891,4.099999904632568,190000
2015-12-21,3.301466941833496,4.079999923706055,4.079999923706055,4.03000020980835,4.079999923706055,94000
2015-12-22,3.277191638946533,4.050000190734863,4.059999942779541,4.0,4.059999942779541,92000
2015-12-23,3.261007785797119,4.03000020980835,4.070000171661377,4.03000020980835,4.059999942779541,130000
2015-12-24,3.301466941833496,4.079999923706055,4.079999923706055,4.079999923706055,4.079999923706055,10000
2015-12-28,3.301466941833496,4.079999923706055,4.079999923706055,4.059999942779541,4.070000171661377,97610
2015-12-29,3.301466941833496,4.079999923706055,4.079999923706055,4.03000020980835,4.079999923706055,72000
2015-12-30,3.277191638946533,4.050000190734863,4.079999923706055,4.039999961853027,4.070000171661377,108000
2015-12-31,3.2933754920959473,4.070000171661377,4.119999885559082,4.039999961853027,4.039999961853027,82000
2016-01-04,3.228640556335449,3.990000009536743,4.050000190734863,3.990000009536743,4.050000190734863,484000
2016-01-05,3.2124571800231934,3.9700000286102295,3.9700000286102295,3.950000047683716,3.9600000381469727,358000
2016-01-06,3.1558141708374023,3.9000000953674316,3.9600000381469727,3.880000114440918,3.9600000381469727,92000
2016-01-07,3.1558141708374023,3.9000000953674316,3.9000000953674316,3.9000000953674316,3.9000000953674316,0
2016-01-08,3.0748958587646484,3.799999952316284,3.869999885559082,3.75,3.8499999046325684,388000
2016-01-11,2.9777939319610596,3.680000066757202,3.7699999809265137,3.6500000953674316,3.7699999809265137,456000
2016-01-12,2.9535186290740967,3.6500000953674316,3.690000057220459,3.630000114440918,3.6700000762939453,410000
2016-01-13,3.0668039321899414,3.7899999618530273,3.859999895095825,3.700000047683716,3.700000047683716,198000
2016-01-14,3.1477224826812744,3.890000104904175,3.890000104904175,3.759999990463257,3.759999990463257,302000
2016-01-15,3.1315388679504395,3.869999885559082,3.9000000953674316,3.8499999046325684,3.8499999046325684,218000
2016-01-18,3.1962735652923584,3.950000047683716,3.950000047683716,3.869999885559082,3.869999885559082,354000
2016-01-19,3.309558868408203,4.090000152587891,4.090000152587891,3.950000047683716,3.9600000381469727,304000
2016-01-20,3.1719980239868164,3.9200000762939453,4.090000152587891,3.9000000953674316,4.039999961853027,500000
2016-01-21,3.2043652534484863,3.9600000381469727,4.039999961853027,3.950000047683716,3.990000009536743,552000
2016-01-22,3.269099712371826,4.039999961853027,4.039999961853027,3.990000009536743,4.0,832000
2016-01-25,3.31765079498291,4.099999904632568,4.130000114440918,4.03000020980835,4.079999923706055,340000
2016-01-26,3.301466941833496,4.079999923706055,4.110000133514404,4.079999923706055,4.099999904632568,176000
2016-01-27,3.31765079498291,4.099999904632568,4.159999847412109,4.090000152587891,4.099999904632568,200000
2016-01-28,3.277191638946533,4.050000190734863,4.159999847412109,4.010000228881836,4.119999885559082,300000
2016-01-29,3.31765079498291,4.099999904632568,4.099999904632568,4.050000190734863,4.050000190734863,96000
2016-02-01,3.285283327102661,4.059999942779541,4.099999904632568,4.059999942779541,4.099999904632568,56000
2016-02-02,3.333834648132324,4.119999885559082,4.119999885559082,3.940000057220459,4.070000171661377,120000
2016-02-03,3.261007785797119,4.03000020980835,4.099999904632568,4.03000020980835,4.079999923706055,88000
2016-02-04,3.301466941833496,4.079999923706055,4.119999885559082,4.079999923706055,4.119999885559082,144000
2016-02-05,3.309558868408203,4.090000152587891,4.110000133514404,4.090000152587891,4.099999904632568,126000
2016-02-11,3.2933754920959473,4.070000171661377,4.099999904632568,4.050000190734863,4.050000190734863,236000
2016-02-12,3.301466941833496,4.079999923706055,4.099999904632568,4.059999942779541,4.070000171661377,296000
2016-02-15,3.301466941833496,4.079999923706055,4.110000133514404,4.059999942779541,4.110000133514404,216000
2016-02-16,3.31765079498291,4.099999904632568,4.099999904632568,4.059999942779541,4.090000152587891,340000
2016-02-17,3.31765079498291,4.099999904632568,4.099999904632568,4.099999904632568,4.099999904632568,24000
2016-02-18,3.31765079498291,4.099999904632568,4.119999885559082,4.099999904632568,4.119999885559082,248000
2016-02-19,3.358110189437866,4.150000095367432,4.159999847412109,4.110000133514404,4.110000133514404,58000
2016-02-22,3.422844648361206,4.230000019073486,4.25,4.150000095367432,4.150000095367432,300000
2016-02-23,3.714150905609131,4.590000152587891,4.590000152587891,4.260000228881836,4.260000228881836,800000
2016-02-24,3.576589345932007,4.420000076293945,4.599999904632568,4.420000076293945,4.590000152587891,362000
2016-02-25,3.6008646488189697,4.449999809265137,4.5,4.420000076293945,4.420000076293945,220000
2016-02-26,3.6008646488189697,4.449999809265137,4.5,4.420000076293945,4.489999771118164,204000
2016-02-29,3.6008646488189697,4.449999809265137,4.46999979019165,4.409999847412109,4.46999979019165,118000
2016-03-01,3.576589345932007,4.420000076293945,4.449999809265137,4.409999847412109,4.420000076293945,162000
2016-03-02,3.673691511154175,4.539999961853027,4.639999866485596,4.449999809265137,4.449999809265137,502000
2016-03-03,3.673691511154175,4.539999961853027,4.579999923706055,4.539999961853027,4.559999942779541,100000
2016-03-04,3.6575074195861816,4.519999980926514,4.539999961853027,4.460000038146973,4.510000228881836,130000
2016-03-07,3.649416208267212,4.510000228881836,4.570000171661377,4.510000228881836,4.570000171661377,178000
2016-03-08,3.6170482635498047,4.46999979019165,4.480000019073486,4.449999809265137,4.480000019073486,68000
2016-03-09,3.6089565753936768,4.460000038146973,4.46999979019165,4.369999885559082,4.420000076293945,216000
2016-03-10,3.6089565753936768,4.460000038146973,4.460000038146973,4.460000038146973,4.460000038146973,0
2016-03-11,3.665599822998047,4.53000020980835,4.550000190734863,4.429999828338623,4.449999809265137,108000
2016-03-14,3.576589345932007,4.420000076293945,4.510000228881836,4.409999847412109,4.510000228881836,86000
2016-03-15,3.5927734375,4.440000057220459,4.440000057220459,4.400000095367432,4.400000095367432,20000
2016-03-16,3.5684974193573,4.409999847412109,4.409999847412109,4.400000095367432,4.409999847412109,42000
2016-03-17,3.5523135662078857,4.389999866485596,4.400000095367432,4.329999923706055,4.380000114440918,180000
2016-03-18,3.511854648590088,4.340000152587891,4.380000114440918,4.320000171661377,4.380000114440918,104000
2016-03-21,3.41475248336792,4.21999979019165,4.320000171661377,4.199999809265137,4.320000171661377,740000
2016-03-22,3.5037622451782227,4.329999923706055,4.329999923706055,4.21999979019165,4.230000019073486,286000
2016-03-23,3.463304281234741,4.28000020980835,4.329999923706055,4.21999979019165,4.329999923706055,184000
2016-03-24,3.471395969390869,4.289999961853027,4.289999961853027,4.25,4.25,26000
2016-03-29,3.495671033859253,4.320000171661377,4.329999923706055,4.25,4.289999961853027,118000
2016-03-30,3.463304281234741,4.28000020980835,4.309999942779541,4.269999980926514,4.309999942779541,38000
2016-03-31,3.53613018989563,4.369999885559082,4.380000114440918,4.289999961853027,4.289999961853027,120000
2016-04-01,3.471395969390869,4.289999961853027,4.320000171661377,4.289999961853027,4.289999961853027,50000
2016-04-05,3.5037622451782227,4.329999923706055,4.349999904632568,4.300000190734863,4.349999904632568,98000
2016-04-06,3.495671033859253,4.320000171661377,4.349999904632568,4.320000171661377,4.329999923706055,54000
2016-04-07,3.487579107284546,4.309999942779541,4.320000171661377,4.300000190734863,4.320000171661377,56000
2016-04-08,3.495671033859253,4.320000171661377,4.340000152587891,4.289999961853027,4.300000190734863,104000
2016-04-11,3.479487657546997,4.300000190734863,4.320000171661377,4.28000020980835,4.300000190734863,328000
2016-04-12,3.519946336746216,4.349999904632568,4.349999904632568,4.300000190734863,4.300000190734863,52000
2016-04-13,3.487579107284546,4.309999942779541,4.349999904632568,4.309999942779541,4.349999904632568,88000
2016-04-14,3.495671033859253,4.320000171661377,4.349999904632568,4.28000020980835,4.349999904632568,214000
2016-04-15,3.479487657546997,4.300000190734863,4.349999904632568,4.28000020980835,4.340000152587891,166000
2016-04-18,3.463304281234741,4.28000020980835,4.309999942779541,4.25,4.309999942779541,104000
2016-04-19,3.479487657546997,4.300000190734863,4.300000190734863,4.28000020980835,4.300000190734863,232000
2016-04-20,3.430936098098755,4.239999771118164,4.28000020980835,4.230000019073486,4.28000020980835,182000
2016-04-21,3.430936098098755,4.239999771118164,4.239999771118164,4.199999809265137,4.230000019073486,174000
2016-04-22,3.40666127204895,4.210000038146973,4.239999771118164,4.199999809265137,4.239999771118164,36000
2016-04-25,3.40666127204895,4.210000038146973,4.210000038146973,4.199999809265137,4.210000038146973,32000
2016-04-26,3.439028263092041,4.25,4.260000228881836,4.210000038146973,4.210000038146973,134000
2016-04-27,3.390476942062378,4.190000057220459,4.230000019073486,4.150000095367432,4.230000019073486,220000
2016-04-28,3.398569107055664,4.199999809265137,4.199999809265137,4.179999828338623,4.190000057220459,112000
2016-04-29,3.358110189437866,4.150000095367432,4.170000076293945,4.099999904632568,4.170000076293945,80000
2016-05-03,3.333834648132324,4.119999885559082,4.150000095367432,4.090000152587891,4.099999904632568,154000
2016-05-04,3.309558868408203,4.090000152587891,4.119999885559082,4.079999923706055,4.119999885559082,162000
2016-05-05,3.2529163360595703,4.019999980926514,4.079999923706055,4.019999980926514,4.079999923706055,164000
2016-05-06,3.2448244094848633,4.010000228881836,4.010000228881836,3.9800000190734863,4.0,183996
2016-05-09,3.2043652534484863,3.9600000381469727,4.010000228881836,3.9800000190734863,4.010000228881836,118000
2016-05-10,3.261007785797119,4.03000020980835,4.099999904632568,3.940000057220459,3.940000057220459,912000
2016-05-11,3.277191638946533,4.050000190734863,4.059999942779541,4.039999961853027,4.059999942779541,60000
2016-05-12,3.2367324829101562,4.0,4.03000020980835,4.0,4.03000020980835,84000
2016-05-13,3.2043652534484863,3.9600000381469727,3.990000009536743,3.9100000858306885,3.990000009536743,194000
2016-05-16,3.2367324829101562,4.0,4.0,3.9600000381469727,3.9700000286102295,66000
2016-05-17,3.2367324829101562,4.0,4.0,4.0,4.0,0
2016-05-18,3.228640556335449,3.990000009536743,3.990000009536743,3.9600000381469727,3.9600000381469727,56000
2016-05-19,3.2529163360595703,4.019999980926514,4.050000190734863,4.0,4.0,74000
2016-05-20,3.333834648132324,4.119999885559082,4.139999866485596,4.050000190734863,4.050000190734863,62000
2016-05-23,3.285283327102661,4.059999942779541,4.130000114440918,4.059999942779541,4.130000114440918,48000
2016-05-24,3.301466941833496,4.079999923706055,4.079999923706055,4.039999961853027,4.059999942779541,50000
2016-05-25,3.309558868408203,4.090000152587891,4.119999885559082,4.079999923706055,4.119999885559082,102000
2016-05-26,3.31765079498291,4.099999904632568,4.119999885559082,4.059999942779541,4.059999942779541,66000
2016-05-27,3.35001802444458,4.139999866485596,4.139999866485596,4.119999885559082,4.119999885559082,50000
2016-05-30,3.366201639175415,4.159999847412109,4.159999847412109,4.139999866485596,4.139999866485596,54000
2016-05-31,3.382385015487671,4.179999828338623,4.25,4.099999904632568,4.230000019073486,92000
2016-06-01,3.4552125930786133,4.269999980926514,4.269999980926514,4.159999847412109,4.199999809265137,42000
2016-06-02,3.40666127204895,4.210000038146973,4.21999979019165,4.210000038146973,4.21999979019165,6000
2016-06-03,3.439028263092041,4.25,4.260000228881836,4.090000152587891,4.260000228881836,64000
2016-06-06,3.382385015487671,4.179999828338623,4.25,4.159999847412109,4.25,74000
2016-06-07,3.333834648132324,4.119999885559082,4.210000038146973,4.099999904632568,4.210000038146973,238000
2016-06-08,3.382385015487671,4.179999828338623,4.199999809265137,4.139999866485596,4.170000076293945,86000
2016-06-10,3.390476942062378,4.190000057220459,4.230000019073486,4.119999885559082,4.230000019073486,158000
2016-06-13,3.31765079498291,4.099999904632568,4.150000095367432,4.099999904632568,4.150000095367432,138000
2016-06-14,3.31765079498291,4.099999904632568,4.099999904632568,4.099999904632568,4.099999904632568,2000
2016-06-15,3.31765079498291,4.099999904632568,4.119999885559082,4.099999904632568,4.119999885559082,88000
2016-06-16,3.31765079498291,4.099999904632568,4.099999904632568,4.099999904632568,4.099999904632568,0
2016-06-17,3.269099712371826,4.039999961853027,4.079999923706055,4.019999980926514,4.050000190734863,226000
2016-06-20,3.2367324829101562,4.0,4.019999980926514,3.9800000190734863,4.010000228881836,194000
2016-06-21,3.1881814002990723,3.940000057220459,4.0,3.940000057220459,4.0,692000
2016-06-22,3.220548629760742,3.9800000190734863,3.990000009536743,3.9200000762939453,3.940000057220459,338000
2016-06-23,3.2367324829101562,4.0,4.050000190734863,3.9800000190734863,4.0,288000
2016-06-24,3.1881814002990723,3.940000057220459,4.050000190734863,3.880000114440918,4.050000190734863,386000
2016-06-27,3.228640556335449,3.990000009536743,4.0,3.950000047683716,3.950000047683716,126000
2016-06-28,3.261007785797119,4.03000020980835,4.050000190734863,3.990000009536743,3.990000009536743,164000
2016-06-29,3.382385015487671,4.179999828338623,4.199999809265137,4.03000020980835,4.03000020980835,472000
2016-06-30,3.366201639175415,4.159999847412109,4.269999980926514,4.159999847412109,4.199999809265137,676000
2016-07-04,3.228640556335449,3.990000009536743,4.099999904632568,3.880000114440918,4.099999904632568,498000
2016-07-05,3.2367324829101562,4.0,4.019999980926514,3.9600000381469727,4.0,82000
2016-07-06,3.1962735652923584,3.950000047683716,4.0,3.9000000953674316,4.0,102000
2016-07-07,3.220548629760742,3.9800000190734863,3.9800000190734863,3.9600000381469727,3.9800000190734863,24000
2016-07-08,3.228640556335449,3.990000009536743,4.0,3.9600000381469727,3.9700000286102295,32000
2016-07-11,3.2529163360595703,4.019999980926514,4.050000190734863,3.990000009536743,4.0,108000
2016-07-12,3.269099712371826,4.039999961853027,4.039999961853027,4.03000020980835,4.03000020980835,70000
2016-07-13,3.269099712371826,4.039999961853027,4.059999942779541,4.039999961853027,4.039999961853027,66000
2016-07-14,3.333834648132324,4.119999885559082,4.139999866485596,4.039999961853027,4.039999961853027,188000
2016-07-15,3.382385015487671,4.179999828338623,4.179999828338623,4.119999885559082,4.139999866485596,178000
2016-07-18,3.285283327102661,4.059999942779541,4.159999847412109,4.039999961853027,4.159999847412109,458000
2016-07-19,3.333834648132324,4.119999885559082,4.119999885559082,4.050000190734863,4.059999942779541,116000
2016-07-20,3.31765079498291,4.099999904632568,4.119999885559082,4.099999904632568,4.119999885559082,32000
2016-07-21,3.374293804168701,4.170000076293945,4.170000076293945,4.059999942779541,4.139999866485596,148000
2016-07-22,3.3419265747070312,4.130000114440918,4.159999847412109,4.130000114440918,4.139999866485596,32000
2016-07-25,3.366201639175415,4.159999847412109,4.159999847412109,4.099999904632568,4.119999885559082,108000
2016-07-26,3.3419265747070312,4.130000114440918,4.139999866485596,4.130000114440918,4.139999866485596,34000
2016-07-27,3.325742483139038,4.110000133514404,4.159999847412109,4.099999904632568,4.139999866485596,72000
2016-07-28,3.333834648132324,4.119999885559082,4.119999885559082,4.099999904632568,4.099999904632568,318000
2016-07-29,3.309558868408203,4.090000152587891,4.119999885559082,4.090000152587891,4.119999885559082,76000
2016-08-01,3.31765079498291,4.099999904632568,4.170000076293945,4.099999904632568,4.110000133514404,164000
2016-08-02,3.31765079498291,4.099999904632568,4.099999904632568,4.099999904632568,4.099999904632568,0
2016-08-03,3.3419265747070312,4.130000114440918,4.170000076293945,4.110000133514404,4.170000076293945,88000
2016-08-04,3.35001802444458,4.139999866485596,4.170000076293945,4.130000114440918,4.130000114440918,68000
2016-08-05,3.31765079498291,4.099999904632568,4.179999828338623,4.099999904632568,4.170000076293945,578000
2016-08-08,3.358110189437866,4.150000095367432,4.150000095367432,4.110000133514404,4.130000114440918,216000
2016-08-09,3.309558868408203,4.090000152587891,4.150000095367432,4.090000152587891,4.130000114440918,350000
2016-08-10,3.333834648132324,4.119999885559082,4.139999866485596,4.079999923706055,4.090000152587891,286000
2016-08-11,3.31765079498291,4.099999904632568,4.119999885559082,4.090000152587891,4.119999885559082,186000
2016-08-12,3.358110189437866,4.150000095367432,4.150000095367432,4.099999904632568,4.099999904632568,422000
2016-08-15,3.3419265747070312,4.130000114440918,4.199999809265137,4.130000114440918,4.159999847412109,226000
2016-08-16,3.358110189437866,4.150000095367432,4.170000076293945,4.130000114440918,4.130000114440918,132000
2016-08-17,3.358110189437866,4.150000095367432,4.190000057220459,4.150000095367432,4.170000076293945,476000
2016-08-18,3.35001802444458,4.139999866485596,4.190000057220459,4.139999866485596,4.179999828338623,606000
2016-08-19,3.358351469039917,4.03000020980835,4.079999923706055,4.019999980926514,4.070000171661377,250000
2016-08-22,3.366684913635254,4.039999961853027,4.150000095367432,4.03000020980835,4.150000095367432,336000
2016-08-23,3.366684913635254,4.039999961853027,4.070000171661377,3.9800000190734863,4.039999961853027,322000
2016-08-24,3.366684913635254,4.039999961853027,4.050000190734863,4.039999961853027,4.039999961853027,72000
2016-08-25,3.3416848182678223,4.010000228881836,4.039999961853027,4.010000228881836,4.039999961853027,32000
2016-08-26,3.3333513736724854,4.0,4.03000020980835,4.0,4.0,470000
2016-08-29,3.3250179290771484,3.990000009536743,4.050000190734863,3.990000009536743,4.0,136000
2016-08-30,3.3166844844818115,3.9800000190734863,4.019999980926514,3.9800000190734863,4.010000228881836,42000
2016-08-31,3.350018262863159,4.019999980926514,4.03000020980835,3.950000047683716,3.9800000190734863,144000
2016-09-01,3.350018262863159,4.019999980926514,4.019999980926514,3.9600000381469727,4.0,154000
2016-09-02,3.3416848182678223,4.010000228881836,4.03000020980835,3.990000009536743,4.03000020980835,110000
2016-09-05,3.3083512783050537,3.9700000286102295,4.03000020980835,3.950000047683716,4.019999980926514,118000
2016-09-06,3.3416848182678223,4.010000228881836,4.03000020980835,3.9800000190734863,3.9800000190734863,80000
2016-09-07,3.350018262863159,4.019999980926514,4.03000020980835,3.9800000190734863,4.0,138000
2016-09-08,3.350018262863159,4.019999980926514,4.019999980926514,4.0,4.019999980926514,190000
2016-09-09,3.3250179290771484,3.990000009536743,4.019999980926514,3.990000009536743,4.019999980926514,270000
2016-09-12,3.3083512783050537,3.9700000286102295,4.0,3.950000047683716,3.9800000190734863,230000
2016-09-13,3.3333513736724854,4.0,4.0,3.9700000286102295,3.9700000286102295,60000
2016-09-14,3.350018262863159,4.019999980926514,4.019999980926514,4.0,4.0,90000
2016-09-15,3.3166844844818115,3.9800000190734863,4.010000228881836,3.9800000190734863,4.010000228881836,34000
2016-09-19,3.350018262863159,4.019999980926514,4.019999980926514,4.019999980926514,4.019999980926514,50000
2016-09-20,3.300017833709717,3.9600000381469727,4.0,3.9600000381469727,4.0,230000
2016-09-21,3.283350706100464,3.940000057220459,3.9800000190734863,3.9200000762939453,3.9600000381469727,582000
2016-09-22,3.283350706100464,3.940000057220459,3.9600000381469727,3.940000057220459,3.950000047683716,190000
2016-09-23,3.2666845321655273,3.9200000762939453,3.930000066757202,3.9000000953674316,3.9200000762939453,384000
2016-09-26,3.2416841983795166,3.890000104904175,3.9200000762939453,3.890000104904175,3.9200000762939453,254000
2016-09-27,3.2666845321655273,3.9200000762939453,3.9600000381469727,3.9100000858306885,3.9100000858306885,168000
2016-09-28,3.3083512783050537,3.9700000286102295,3.990000009536743,3.9100000858306885,3.9200000762939453,166000
2016-09-29,3.300017833709717,3.9600000381469727,3.9700000286102295,3.950000047683716,3.9700000286102295,8000
2016-09-30,3.3166844844818115,3.9800000190734863,3.9800000190734863,3.9200000762939453,3.9200000762939453,54000
2016-10-03,3.283350706100464,3.940000057220459,4.0,3.940000057220459,4.0,22000
2016-10-04,3.291684627532959,3.950000047683716,3.950000047683716,3.940000057220459,3.940000057220459,78000
2016-10-05,3.3083512783050537,3.9700000286102295,3.9800000190734863,3.940000057220459,3.940000057220459,58000
2016-10-06,3.3166844844818115,3.9800000190734863,3.990000009536743,3.990000009536743,3.990000009536743,62000
2016-10-07,3.3166844844818115,3.9800000190734863,4.0,3.950000047683716,3.9800000190734863,140000
2016-10-11,3.3166844844818115,3.9800000190734863,3.9800000190734863,3.9600000381469727,3.9600000381469727,52000
2016-10-12,3.3083512783050537,3.9700000286102295,3.9700000286102295,3.940000057220459,3.9600000381469727,172000
2016-10-13,3.300017833709717,3.9600000381469727,3.9800000190734863,3.930000066757202,3.940000057220459,40000
2016-10-14,3.291684627532959,3.950000047683716,3.9600000381469727,3.9600000381469727,3.9600000381469727,2000
2016-10-17,3.291684627532959,3.950000047683716,3.950000047683716,3.930000066757202,3.930000066757202,16000
2016-10-18,3.291684627532959,3.950000047683716,4.0,3.950000047683716,4.0,60000
2016-10-19,3.291684627532959,3.950000047683716,3.9600000381469727,3.950000047683716,3.9600000381469727,50000
2016-10-20,3.300017833709717,3.9600000381469727,3.9600000381469727,3.9600000381469727,3.9600000381469727,20000
2016-10-21,3.300017833709717,3.9600000381469727,3.9600000381469727,3.9600000381469727,3.9600000381469727,0
2016-10-24,3.3250179290771484,3.990000009536743,3.990000009536743,3.9600000381469727,3.9600000381469727,192000
2016-10-25,3.3166844844818115,3.9800000190734863,3.990000009536743,3.9700000286102295,3.990000009536743,106000
2016-10-26,3.3166844844818115,3.9800000190734863,3.9800000190734863,3.940000057220459,3.9600000381469727,104000
2016-10-27,3.300017833709717,3.9600000381469727,3.9800000190734863,3.9600000381469727,3.9800000190734863,364000
2016-10-28,3.3166844844818115,3.9800000190734863,3.9800000190734863,3.950000047683716,3.950000047683716,26000
2016-10-31,3.3083512783050537,3.9700000286102295,3.9700000286102295,3.930000066757202,3.9600000381469727,112000
2016-11-01,3.283350706100464,3.940000057220459,3.9800000190734863,3.940000057220459,3.9800000190734863,70000
2016-11-02,3.283350706100464,3.940000057220459,3.950000047683716,3.940000057220459,3.950000047683716,162000
2016-11-03,3.300017833709717,3.9600000381469727,3.9600000381469727,3.940000057220459,3.950000047683716,62000
2016-11-04,3.3250179290771484,3.990000009536743,3.990000009536743,3.9600000381469727,3.9700000286102295,1576000
2016-11-07,3.3333513736724854,4.0,4.010000228881836,3.990000009536743,3.990000009536743,288000
2016-11-08,3.358351469039917,4.03000020980835,4.03000020980835,4.010000228881836,4.010000228881836,184000
2016-11-09,3.3416848182678223,4.010000228881836,4.03000020980835,3.9700000286102295,4.03000020980835,44000
2016-11-10,3.4000182151794434,4.079999923706055,4.079999923706055,4.03000020980835,4.03000020980835,190000
2016-11-11,3.4000182151794434,4.079999923706055,4.099999904632568,4.079999923706055,4.099999904632568,156000
2016-11-14,3.4000182151794434,4.079999923706055,4.079999923706055,4.039999961853027,4.079999923706055,196000
2016-11-15,3.441685438156128,4.130000114440918,4.130000114440918,4.079999923706055,4.079999923706055,56000
2016-11-16,3.3916852474212646,4.070000171661377,4.139999866485596,4.070000171661377,4.130000114440918,74000
2016-11-17,3.433351993560791,4.119999885559082,4.119999885559082,4.059999942779541,4.059999942779541,82000
2016-11-18,3.433351993560791,4.119999885559082,4.119999885559082,4.099999904632568,4.119999885559082,76000
2016-11-21,3.433351993560791,4.119999885559082,4.130000114440918,4.019999980926514,4.130000114440918,286000
2016-11-22,3.441685438156128,4.130000114440918,4.139999866485596,4.050000190734863,4.119999885559082,182000
2016-11-23,3.4000182151794434,4.079999923706055,4.079999923706055,4.079999923706055,4.079999923706055,4000
2016-11-24,3.4500186443328857,4.139999866485596,4.150000095367432,4.099999904632568,4.090000152587891,80000
2016-11-25,3.433351993560791,4.119999885559082,4.110000133514404,4.110000133514404,4.110000133514404,18000
2016-11-28,3.4500186443328857,4.139999866485596,4.150000095367432,4.119999885559082,4.119999885559082,358000
2016-11-29,3.4500186443328857,4.139999866485596,4.139999866485596,4.119999885559082,4.139999866485596,142000
2016-11-30,3.4583523273468018,4.150000095367432,4.150000095367432,4.139999866485596,4.139999866485596,160000
2016-12-01,3.441685438156128,4.130000114440918,4.179999828338623,4.070000171661377,4.099999904632568,286000
2016-12-02,3.4166853427886963,4.099999904632568,4.150000095367432,4.099999904632568,4.130000114440918,186000
2016-12-05,3.4166853427886963,4.099999904632568,4.179999828338623,4.070000171661377,4.179999828338623,280000
2016-12-06,3.441685438156128,4.130000114440918,4.130000114440918,4.110000133514404,4.130000114440918,194000
2016-12-07,3.425018310546875,4.110000133514404,4.139999866485596,4.110000133514404,4.130000114440918,184000
2016-12-08,3.4500186443328857,4.139999866485596,4.139999866485596,4.130000114440918,4.130000114440918,310000
2016-12-09,3.4500186443328857,4.139999866485596,4.170000076293945,4.130000114440918,4.139999866485596,356000
2016-12-12,3.432854413986206,4.0,4.039999961853027,3.9700000286102295,4.039999961853027,1056000
2016-12-13,3.432854413986206,4.0,4.0,4.0,4.0,26000
2016-12-14,3.432854413986206,4.0,4.03000020980835,4.0,4.0,138000
2016-12-15,3.432854413986206,4.0,4.019999980926514,3.990000009536743,4.0,404000
2016-12-16,3.432854413986206,4.0,4.0,3.950000047683716,3.9800000190734863,198000
2016-12-19,3.432854413986206,4.0,4.0,3.990000009536743,4.0,332000
2016-12-20,3.432854413986206,4.0,4.03000020980835,3.9800000190734863,4.0,494000
2016-12-21,3.432854413986206,4.0,4.0,3.990000009536743,3.990000009536743,16000
2016-12-22,3.4156901836395264,3.9800000190734863,4.0,3.9800000190734863,4.0,152000
2016-12-23,3.3899435997009277,3.950000047683716,3.9800000190734863,3.950000047683716,3.9700000286102295,100000
2016-12-28,3.4156901836395264,3.9800000190734863,3.990000009536743,3.930000066757202,3.950000047683716,176000
2016-12-29,3.4156901836395264,3.9800000190734863,3.990000009536743,3.9800000190734863,3.990000009536743,90000
2016-12-30,3.3985257148742676,3.9600000381469727,3.9600000381469727,3.950000047683716,3.9600000381469727,50000
2017-01-03,3.4156901836395264,3.9800000190734863,3.990000009536743,3.9800000190734863,3.9800000190734863,80000
2017-01-04,3.4071078300476074,3.9700000286102295,3.9700000286102295,3.9700000286102295,3.9800000190734863,828000
2017-01-05,3.4156901836395264,3.9800000190734863,4.0,3.9800000190734863,4.0,48000
2017-01-06,3.4156901836395264,3.9800000190734863,3.9800000190734863,3.9800000190734863,3.9800000190734863,0
2017-01-09,3.424272060394287,3.990000009536743,3.990000009536743,3.9800000190734863,3.9800000190734863,28000
2017-01-10,3.364197254180908,3.9200000762939453,3.9600000381469727,3.9100000858306885,3.9600000381469727,758000
2017-01-11,3.4071078300476074,3.9700000286102295,3.9700000286102295,3.940000057220459,3.950000047683716,120000
2017-01-12,3.3470330238342285,3.9000000953674316,3.9600000381469727,3.9000000953674316,3.950000047683716,384000
2017-01-13,3.3470330238342285,3.9000000953674316,3.950000047683716,3.890000104904175,3.950000047683716,166000
2017-01-16,3.3470330238342285,3.9000000953674316,3.9000000953674316,3.859999895095825,3.880000114440918,418000
2017-01-17,3.3556151390075684,3.9100000858306885,3.9000000953674316,3.9000000953674316,3.9000000953674316,8000
2017-01-18,3.381361484527588,3.940000057220459,3.940000057220459,3.9100000858306885,3.9100000858306885,16000
2017-01-19,3.372779369354248,3.930000066757202,3.940000057220459,3.9000000953674316,3.940000057220459,158000
2017-01-20,3.364197254180908,3.9200000762939453,3.940000057220459,3.890000104904175,3.9100000858306885,462000
2017-01-23,3.364197254180908,3.9200000762939453,3.9200000762939453,3.9200000762939453,3.9200000762939453,4000
2017-01-24,3.364197254180908,3.9200000762939453,3.9200000762939453,3.9000000953674316,3.9200000762939453,98000
2017-01-25,3.381361484527588,3.940000057220459,3.940000057220459,3.930000066757202,3.930000066757202,46000
2017-01-26,3.3470330238342285,3.9000000953674316,3.9000000953674316,3.880000114440918,3.9000000953674316,142000
2017-01-27,3.3556151390075684,3.9100000858306885,3.9200000762939453,3.9000000953674316,3.9200000762939453,26000
2017-02-01,3.3899435997009277,3.950000047683716,3.950000047683716,3.9100000858306885,3.9100000858306885,148523
2017-02-02,3.3899435997009277,3.950000047683716,3.990000009536743,3.950000047683716,3.950000047683716,284000
2017-02-03,3.4156901836395264,3.9800000190734863,3.990000009536743,3.950000047683716,3.950000047683716,66000
2017-02-06,3.4071078300476074,3.9700000286102295,3.990000009536743,3.950000047683716,3.950000047683716,110000
2017-02-07,3.3985257148742676,3.9600000381469727,3.9800000190734863,3.9600000381469727,3.9700000286102295,68000
2017-02-08,3.4071078300476074,3.9700000286102295,3.9700000286102295,3.950000047683716,3.950000047683716,16000
2017-02-09,3.3985257148742676,3.9600000381469727,3.9800000190734863,3.950000047683716,3.9800000190734863,112000
2017-02-10,3.3899435997009277,3.950000047683716,3.950000047683716,3.940000057220459,3.950000047683716,138000
2017-02-13,3.3899435997009277,3.950000047683716,3.9700000286102295,3.940000057220459,3.9700000286102295,136000
2017-02-14,3.3985257148742676,3.9600000381469727,3.9700000286102295,3.9600000381469727,3.9700000286102295,48000
2017-02-15,3.4156901836395264,3.9800000190734863,3.990000009536743,3.9600000381469727,3.9700000286102295,162000
2017-02-16,3.424272060394287,3.990000009536743,4.0,3.990000009536743,3.990000009536743,236000
2017-02-17,3.4156901836395264,3.9800000190734863,3.9800000190734863,3.9800000190734863,3.9800000190734863,60000
2017-02-20,3.432854413986206,4.0,4.010000228881836,3.9800000190734863,4.0,152000
2017-02-21,3.4071078300476074,3.9700000286102295,4.0,3.9700000286102295,4.0,158000
2017-02-22,3.3985257148742676,3.9600000381469727,3.9800000190734863,3.950000047683716,3.9700000286102295,204000
2017-02-23,3.4071078300476074,3.9700000286102295,3.9800000190734863,3.9700000286102295,3.9700000286102295,56000
2017-02-24,3.4071078300476074,3.9700000286102295,3.9700000286102295,3.9700000286102295,3.9700000286102295,0
2017-02-27,3.424272060394287,3.990000009536743,4.0,3.9700000286102295,3.9700000286102295,86000
2017-02-28,3.4071078300476074,3.9700000286102295,3.9700000286102295,3.9700000286102295,3.9700000286102295,6000
2017-03-01,3.4071078300476074,3.9700000286102295,3.9700000286102295,3.9600000381469727,3.9700000286102295,24000
2017-03-02,3.372779369354248,3.930000066757202,3.9800000190734863,3.930000066757202,3.9700000286102295,156000
2017-03-03,3.4071078300476074,3.9700000286102295,4.0,3.930000066757202,3.930000066757202,112000
2017-03-06,3.424272060394287,3.990000009536743,4.0,3.9700000286102295,3.9800000190734863,224000
2017-03-07,3.441436767578125,4.010000228881836,4.019999980926514,4.0,4.0,318000
2017-03-08,3.4500186443328857,4.019999980926514,4.039999961853027,4.010000228881836,4.010000228881836,294000
2017-03-09,3.4671828746795654,4.039999961853027,4.039999961853027,4.019999980926514,4.019999980926514,130000
2017-03-10,3.4757654666900635,4.050000190734863,4.050000190734863,4.0,4.03000020980835,408000
2017-03-13,3.4586007595062256,4.03000020980835,4.059999942779541,4.03000020980835,4.050000190734863,88000
2017-03-14,3.4586007595062256,4.03000020980835,4.019999980926514,4.019999980926514,4.019999980926514,10000
2017-03-15,3.4671828746795654,4.039999961853027,4.039999961853027,4.03000020980835,4.03000020980835,26000
2017-03-16,3.4500186443328857,4.019999980926514,4.070000171661377,4.019999980926514,4.070000171661377,96000
2017-03-17,3.4586007595062256,4.03000020980835,4.03000020980835,4.010000228881836,4.010000228881836,146000
2017-03-20,3.4671828746795654,4.039999961853027,4.039999961853027,4.019999980926514,4.019999980926514,102000
2017-03-21,3.4586007595062256,4.03000020980835,4.079999923706055,4.03000020980835,4.059999942779541,126000
2017-03-22,3.4586007595062256,4.03000020980835,4.050000190734863,4.019999980926514,4.019999980926514,460000
2017-03-23,3.4586007595062256,4.03000020980835,4.059999942779541,4.03000020980835,4.050000190734863,48000
2017-03-24,3.4757654666900635,4.050000190734863,4.050000190734863,4.03000020980835,4.039999961853027,42000
2017-03-27,3.4500186443328857,4.019999980926514,4.03000020980835,4.019999980926514,4.03000020980835,102000
2017-03-28,3.4586007595062256,4.03000020980835,4.03000020980835,4.03000020980835,4.03000020980835,38000
2017-03-29,3.4586007595062256,4.03000020980835,4.03000020980835,4.019999980926514,4.03000020980835,54000
2017-03-30,3.4586007595062256,4.03000020980835,4.039999961853027,4.0,4.03000020980835,234000
2017-03-31,3.4757654666900635,4.050000190734863,4.059999942779541,4.03000020980835,4.03000020980835,102000
2017-04-03,3.484347105026245,4.059999942779541,4.059999942779541,4.010000228881836,4.050000190734863,114000
2017-04-05,3.544421911239624,4.130000114440918,4.119999885559082,4.059999942779541,4.059999942779541,368000
2017-04-06,3.544421911239624,4.130000114440918,4.150000095367432,4.099999904632568,4.130000114440918,762000
2017-04-07,3.5873327255249023,4.179999828338623,4.199999809265137,4.110000133514404,4.130000114440918,288000
2017-04-10,3.604497194290161,4.199999809265137,4.199999809265137,4.139999866485596,4.159999847412109,340000
2017-04-11,3.595914840698242,4.190000057220459,4.190000057220459,4.190000057220459,4.190000057220459,46000
2017-04-12,3.604497194290161,4.199999809265137,4.210000038146973,4.179999828338623,4.190000057220459,186000
2017-04-13,3.6903183460235596,4.300000190734863,4.400000095367432,4.179999828338623,4.179999828338623,890000
2017-04-18,3.67315411567688,4.28000020980835,4.300000190734863,4.21999979019165,4.300000190734863,104000
2017-04-19,3.6474075317382812,4.25,4.269999980926514,4.239999771118164,4.269999980926514,62000
2017-04-20,3.6388251781463623,4.239999771118164,4.300000190734863,4.230000019073486,4.300000190734863,180000
2017-04-21,3.604497194290161,4.199999809265137,4.25,4.199999809265137,4.239999771118164,356000
2017-04-24,3.6302435398101807,4.230000019073486,4.239999771118164,4.199999809265137,4.199999809265137,22000
2017-04-25,3.664571762084961,4.269999980926514,4.300000190734863,4.25,4.25,144000
2017-04-26,3.6388251781463623,4.239999771118164,4.269999980926514,4.230000019073486,4.269999980926514,126000
2017-04-27,3.6388251781463623,4.239999771118164,4.269999980926514,4.239999771118164,4.25,70000
2017-04-28,3.6559903621673584,4.260000228881836,4.260000228881836,4.239999771118164,4.239999771118164,60000
2017-05-02,3.67315411567688,4.28000020980835,4.289999961853027,4.269999980926514,4.289999961853027,64000
2017-05-04,3.67315411567688,4.28000020980835,4.28000020980835,4.28000020980835,4.28000020980835,0
2017-05-05,3.67315411567688,4.28000020980835,4.28000020980835,4.260000228881836,4.28000020980835,72000
2017-05-08,3.6388251781463623,4.239999771118164,4.260000228881836,4.230000019073486,4.260000228881836,308000
2017-05-09,3.6559903621673584,4.260000228881836,4.260000228881836,4.230000019073486,4.230000019073486,76000
2017-05-10,3.664571762084961,4.269999980926514,4.28000020980835,4.260000228881836,4.260000228881836,154000
2017-05-11,3.67315411567688,4.28000020980835,4.289999961853027,4.269999980926514,4.269999980926514,46000
2017-05-12,3.67315411567688,4.28000020980835,4.28000020980835,4.28000020980835,4.28000020980835,52000
2017-05-15,3.6559903621673584,4.260000228881836,4.28000020980835,4.260000228881836,4.28000020980835,16000
2017-05-16,3.6559903621673584,4.260000228881836,4.260000228881836,4.25,4.260000228881836,54000
2017-05-17,3.6474075317382812,4.25,4.25,4.25,4.25,48000
2017-05-18,3.6474075317382812,4.25,4.260000228881836,4.25,4.25,80000
2017-05-19,3.6559903621673584,4.260000228881836,4.28000020980835,4.25,4.25,48000
2017-05-22,3.6559903621673584,4.260000228881836,4.260000228881836,4.230000019073486,4.230000019073486,46000
2017-05-23,3.6474075317382812,4.25,4.269999980926514,4.25,4.260000228881836,62000
2017-05-24,3.6559903621673584,4.260000228881836,4.260000228881836,4.260000228881836,4.260000228881836,10000
2017-05-25,3.664571762084961,4.269999980926514,4.269999980926514,4.260000228881836,4.260000228881836,156000
2017-05-26,3.67315411567688,4.28000020980835,4.28000020980835,4.25,4.25,84000
2017-05-29,3.698899984359741,4.309999942779541,4.309999942779541,4.28000020980835,4.28000020980835,136000
2017-05-31,3.698899984359741,4.309999942779541,4.369999885559082,4.309999942779541,4.309999942779541,236000
2017-06-01,3.716064929962158,4.329999923706055,4.349999904632568,4.300000190734863,4.300000190734863,162000
2017-06-02,3.9992754459381104,4.659999847412109,4.659999847412109,4.360000133514404,4.360000133514404,1260000
2017-06-05,4.188082695007324,4.880000114440918,4.900000095367432,4.699999809265137,4.699999809265137,950000
2017-06-06,4.119425296783447,4.800000190734863,4.880000114440918,4.699999809265137,4.880000114440918,480000
2017-06-07,4.059350967407227,4.730000019073486,4.800000190734863,4.71999979019165,4.730000019073486,222000
2017-06-08,4.033604145050049,4.699999809265137,4.78000020980835,4.679999828338623,4.739999771118164,596000
2017-06-09,3.9906935691833496,4.650000095367432,4.699999809265137,4.639999866485596,4.699999809265137,324000
2017-06-12,3.9906935691833496,4.650000095367432,4.670000076293945,4.630000114440918,4.650000095367432,420000
2017-06-13,3.9649462699890137,4.619999885559082,4.639999866485596,4.599999904632568,4.619999885559082,254000
2017-06-14,3.9649462699890137,4.619999885559082,4.699999809265137,4.610000133514404,4.619999885559082,286000
2017-06-15,3.956364870071411,4.610000133514404,4.690000057220459,4.610000133514404,4.650000095367432,191988
2017-06-16,3.956364870071411,4.610000133514404,4.679999828338623,4.610000133514404,4.639999866485596,286000
2017-06-19,3.982111692428589,4.639999866485596,4.679999828338623,4.630000114440918,4.630000114440918,252000
2017-06-20,3.9649462699890137,4.619999885559082,4.650000095367432,4.610000133514404,4.639999866485596,230000
2017-06-21,3.9649462699890137,4.619999885559082,4.679999828338623,4.619999885559082,4.619999885559082,288050
2017-06-22,3.947782039642334,4.599999904632568,4.670000076293945,4.579999923706055,4.650000095367432,658000
2017-06-23,3.973529100418091,4.630000114440918,4.659999847412109,4.599999904632568,4.599999904632568,236000
2017-06-26,3.973529100418091,4.630000114440918,4.650000095367432,4.579999923706055,4.630000114440918,336000
2017-06-27,3.982111692428589,4.639999866485596,4.650000095367432,4.619999885559082,4.619999885559082,180000
2017-06-28,4.085096836090088,4.760000228881836,4.769999980926514,4.639999866485596,4.639999866485596,814000
2017-06-29,4.188082695007324,4.880000114440918,4.949999809265137,4.769999980926514,4.800000190734863,938000
2017-06-30,3.9392001628875732,4.590000152587891,4.809999942779541,4.579999923706055,4.809999942779541,1482000
2017-07-03,3.973529100418091,4.630000114440918,4.650000095367432,4.599999904632568,4.619999885559082,128000
2017-07-04,3.9134538173675537,4.559999942779541,4.630000114440918,4.53000020980835,4.630000114440918,270000
2017-07-05,3.904872179031372,4.550000190734863,4.579999923706055,4.539999961853027,4.559999942779541,148000
2017-07-06,3.9134538173675537,4.559999942779541,4.579999923706055,4.539999961853027,4.579999923706055,260000
2017-07-07,3.9134538173675537,4.559999942779541,4.559999942779541,4.550000190734863,4.550000190734863,28500
2017-07-10,3.9134538173675537,4.559999942779541,4.590000152587891,4.53000020980835,4.550000190734863,68000
2017-07-11,3.9134538173675537,4.559999942779541,4.579999923706055,4.519999980926514,4.559999942779541,122000
2017-07-12,3.9392001628875732,4.590000152587891,4.590000152587891,4.559999942779541,4.559999942779541,116000
2017-07-13,3.9306178092956543,4.579999923706055,4.590000152587891,4.559999942779541,4.590000152587891,70000
2017-07-14,3.896289825439453,4.539999961853027,4.570000171661377,4.539999961853027,4.570000171661377,118000
2017-07-17,3.9134538173675537,4.559999942779541,4.559999942779541,4.550000190734863,4.550000190734863,96000
2017-07-18,3.9392001628875732,4.590000152587891,4.590000152587891,4.559999942779541,4.559999942779541,110000
2017-07-19,3.9134538173675537,4.559999942779541,4.579999923706055,4.559999942779541,4.579999923706055,278000
2017-07-20,3.9306178092956543,4.579999923706055,4.599999904632568,4.550000190734863,4.550000190734863,140000
2017-07-21,3.9220364093780518,4.570000171661377,4.570000171661377,4.559999942779541,4.559999942779541,50000
2017-07-24,3.947782039642334,4.599999904632568,4.639999866485596,4.590000152587891,4.590000152587891,270000
2017-07-25,4.016439437866211,4.679999828338623,4.679999828338623,4.599999904632568,4.599999904632568,234000
2017-07-26,3.982111692428589,4.639999866485596,4.679999828338623,4.639999866485596,4.679999828338623,68000
2017-07-27,4.007857799530029,4.670000076293945,4.670000076293945,4.659999847412109,4.670000076293945,88000
2017-07-28,3.9906935691833496,4.650000095367432,4.690000057220459,4.670000076293945,4.690000057220459,106000
2017-07-31,3.9906935691833496,4.650000095367432,4.670000076293945,4.590000152587891,4.650000095367432,242000
2017-08-01,3.947782039642334,4.599999904632568,4.670000076293945,4.599999904632568,4.659999847412109,130000
2017-08-02,3.9906935691833496,4.650000095367432,4.659999847412109,4.599999904632568,4.619999885559082,106020
2017-08-03,3.956364870071411,4.610000133514404,4.639999866485596,4.610000133514404,4.639999866485596,200000
2017-08-04,3.973529100418091,4.630000114440918,4.630000114440918,4.599999904632568,4.599999904632568,548000
2017-08-07,3.973529100418091,4.630000114440918,4.639999866485596,4.599999904632568,4.639999866485596,252000
2017-08-08,3.9906935691833496,4.650000095367432,4.650000095367432,4.630000114440918,4.630000114440918,44000
2017-08-09,3.973529100418091,4.630000114440918,4.650000095367432,4.630000114440918,4.650000095367432,50000
2017-08-10,3.973529100418091,4.630000114440918,4.639999866485596,4.53000020980835,4.619999885559082,188000
2017-08-11,3.9220364093780518,4.570000171661377,4.630000114440918,4.53000020980835,4.630000114440918,248000
2017-08-14,3.947782039642334,4.599999904632568,4.630000114440918,4.550000190734863,4.550000190734863,236000
2017-08-15,4.016439437866211,4.679999828338623,4.679999828338623,4.630000114440918,4.650000095367432,168000
2017-08-16,4.033604145050049,4.699999809265137,4.699999809265137,4.679999828338623,4.699999809265137,144000
2017-08-17,4.007857799530029,4.670000076293945,4.699999809265137,4.639999866485596,4.690000057220459,70000
2017-08-18,4.007857799530029,4.670000076293945,4.690000057220459,4.630000114440918,4.690000057220459,34000
2017-08-21,3.9992754459381104,4.659999847412109,4.679999828338623,4.639999866485596,4.670000076293945,108000
2017-08-22,4.01689338684082,4.559999942779541,4.599999904632568,4.539999961853027,4.559999942779541,224000
2017-08-23,4.01689338684082,4.559999942779541,4.559999942779541,4.559999942779541,4.559999942779541,0
2017-08-24,3.9904661178588867,4.53000020980835,4.599999904632568,4.53000020980835,4.559999942779541,320500
2017-08-25,4.025702476501465,4.570000171661377,4.590000152587891,4.5,4.53000020980835,136000
2017-08-28,4.008084297180176,4.550000190734863,4.570000171661377,4.550000190734863,4.570000171661377,60000
2017-08-29,3.972848892211914,4.510000228881836,4.599999904632568,4.510000228881836,4.599999904632568,26000
2017-08-30,3.9640395641326904,4.5,4.519999980926514,4.5,4.519999980926514,300000
2017-08-31,3.972848892211914,4.510000228881836,4.510000228881836,4.510000228881836,4.510000228881836,0
2017-09-01,3.9816577434539795,4.519999980926514,4.539999961853027,4.510000228881836,4.539999961853027,78000
2017-09-04,3.9640395641326904,4.5,4.510000228881836,4.489999771118164,4.510000228881836,218000
2017-09-05,3.9904661178588867,4.53000020980835,4.53000020980835,4.5,4.5,86000
2017-09-06,3.999274969100952,4.539999961853027,4.550000190734863,4.5,4.5,130000
2017-09-07,3.972848892211914,4.510000228881836,4.570000171661377,4.5,4.539999961853027,818000
2017-09-08,3.9816577434539795,4.519999980926514,4.559999942779541,4.5,4.5,42000
2017-09-11,3.9904661178588867,4.53000020980835,4.53000020980835,4.53000020980835,4.53000020980835,12000
2017-09-12,4.025702476501465,4.570000171661377,4.570000171661377,4.480000019073486,4.53000020980835,360000
2017-09-13,4.008084297180176,4.550000190734863,4.550000190734863,4.550000190734863,4.550000190734863,0
2017-09-14,3.972848892211914,4.510000228881836,4.539999961853027,4.5,4.510000228881836,54000
2017-09-15,3.9552299976348877,4.489999771118164,4.5,4.480000019073486,4.5,116000
2017-09-18,3.9552299976348877,4.489999771118164,4.519999980926514,4.489999771118164,4.5,160000
2017-09-19,3.9640395641326904,4.5,4.539999961853027,4.489999771118164,4.489999771118164,44000
2017-09-20,3.9640395641326904,4.5,4.5,4.480000019073486,4.5,146000
2017-09-21,3.9640395641326904,4.5,4.519999980926514,4.5,4.519999980926514,102000
2017-09-22,3.9464216232299805,4.480000019073486,4.5,4.480000019073486,4.5,26000
2017-09-25,3.928802967071533,4.460000038146973,4.480000019073486,4.449999809265137,4.46999979019165,106000
2017-09-26,3.9640395641326904,4.5,4.5,4.460000038146973,4.460000038146973,24000
2017-09-27,3.999274969100952,4.539999961853027,4.550000190734863,4.5,4.5,66000
2017-09-28,3.999274969100952,4.539999961853027,4.590000152587891,4.5,4.539999961853027,176000
2017-09-29,3.9640395641326904,4.5,4.5,4.489999771118164,4.489999771118164,30000
2017-10-03,3.9464216232299805,4.480000019073486,4.510000228881836,4.480000019073486,4.480000019073486,70000
2017-10-04,3.937612295150757,4.46999979019165,4.46999979019165,4.46999979019165,4.46999979019165,60000
2017-10-06,3.9640395641326904,4.5,4.5,4.46999979019165,4.480000019073486,130000
2017-10-09,3.9552299976348877,4.489999771118164,4.5,4.46999979019165,4.5,78000
2017-10-10,3.9816577434539795,4.519999980926514,4.519999980926514,4.480000019073486,4.480000019073486,138000
2017-10-11,3.9640395641326904,4.5,4.5,4.489999771118164,4.5,48000
2017-10-12,3.9552299976348877,4.489999771118164,4.5,4.489999771118164,4.5,50000
2017-10-13,3.972848892211914,4.510000228881836,4.53000020980835,4.5,4.5,264000
2017-10-16,3.9640395641326904,4.5,4.550000190734863,4.5,4.550000190734863,52000
2017-10-17,3.999274969100952,4.539999961853027,4.539999961853027,4.5,4.5,56000
2017-10-18,3.999274969100952,4.539999961853027,4.550000190734863,4.539999961853027,4.539999961853027,100000
2017-10-19,3.9904661178588867,4.53000020980835,4.539999961853027,4.5,4.5,192918
2017-10-20,3.999274969100952,4.539999961853027,4.539999961853027,4.53000020980835,4.5,14000
2017-10-23,3.9904661178588867,4.53000020980835,4.550000190734863,4.5,4.550000190734863,88000
2017-10-24,3.999274969100952,4.539999961853027,4.539999961853027,4.53000020980835,4.53000020980835,44000
2017-10-25,3.9904661178588867,4.53000020980835,4.550000190734863,4.519999980926514,4.550000190734863,44000
2017-10-26,4.008084297180176,4.550000190734863,4.550000190734863,4.550000190734863,4.550000190734863,46000
2017-10-27,3.9816577434539795,4.519999980926514,4.559999942779541,4.519999980926514,4.53000020980835,216000
2017-10-30,3.999274969100952,4.539999961853027,4.559999942779541,4.519999980926514,4.519999980926514,34000
2017-10-31,4.01689338684082,4.559999942779541,4.559999942779541,4.53000020980835,4.53000020980835,40000
2017-11-01,4.034511089324951,4.579999923706055,4.579999923706055,4.559999942779541,4.559999942779541,32000
2017-11-02,4.01689338684082,4.559999942779541,4.559999942779541,4.559999942779541,4.590000152587891,10000
2017-11-03,4.01689338684082,4.559999942779541,4.559999942779541,4.559999942779541,4.559999942779541,0
2017-11-06,4.01689338684082,4.559999942779541,4.559999942779541,4.539999961853027,4.539999961853027,56000
2017-11-07,4.025702476501465,4.570000171661377,4.599999904632568,4.559999942779541,4.559999942779541,128000
2017-11-08,4.008084297180176,4.550000190734863,4.610000133514404,4.489999771118164,4.570000171661377,112000
2017-11-09,4.01689338684082,4.559999942779541,4.559999942779541,4.519999980926514,4.519999980926514,64000
2017-11-10,4.01689338684082,4.559999942779541,4.579999923706055,4.559999942779541,4.559999942779541,64000
2017-11-13,3.9816577434539795,4.519999980926514,4.579999923706055,4.489999771118164,4.559999942779541,336000
2017-11-14,3.9816577434539795,4.519999980926514,4.519999980926514,4.5,4.5,40000
2017-11-15,3.9640395641326904,4.5,4.53000020980835,4.5,4.519999980926514,72000
2017-11-16,3.972848892211914,4.510000228881836,4.519999980926514,4.510000228881836,4.510000228881836,26000
2017-11-17,4.008084297180176,4.550000190734863,4.550000190734863,4.550000190734863,4.550000190734863,22000
2017-11-20,3.9816577434539795,4.519999980926514,4.53000020980835,4.5,4.53000020980835,58000
2017-11-21,3.9904661178588867,4.53000020980835,4.53000020980835,4.510000228881836,4.519999980926514,76000
2017-11-22,3.999274969100952,4.539999961853027,4.599999904632568,4.539999961853027,4.590000152587891,88000
2017-11-23,3.9904661178588867,4.53000020980835,4.53000020980835,4.53000020980835,4.53000020980835,24000
2017-11-24,3.9816577434539795,4.519999980926514,4.539999961853027,4.5,4.519999980926514,162000
2017-11-27,3.9816577434539795,4.519999980926514,4.519999980926514,4.519999980926514,4.519999980926514,0
2017-11-28,3.9904661178588867,4.53000020980835,4.539999961853027,4.53000020980835,4.53000020980835,106000
2017-11-29,3.9904661178588867,4.53000020980835,4.539999961853027,4.53000020980835,4.53000020980835,34000
2017-11-30,4.043320178985596,4.590000152587891,4.599999904632568,4.550000190734863,4.550000190734863,166000
2017-12-01,3.9111852645874023,4.440000057220459,4.489999771118164,4.400000095367432,4.480000019073486,780000
2017-12-04,3.9552299976348877,4.489999771118164,4.550000190734863,4.440000057220459,4.440000057220459,264000
2017-12-05,3.9816577434539795,4.519999980926514,4.53000020980835,4.5,4.5,144000
2017-12-06,3.9464216232299805,4.480000019073486,4.519999980926514,4.480000019073486,4.519999980926514,246000
2017-12-07,3.9640395641326904,4.5,4.519999980926514,4.480000019073486,4.480000019073486,54000
2017-12-08,3.9904661178588867,4.53000020980835,4.53000020980835,4.519999980926514,4.519999980926514,74000
2017-12-11,3.9904661178588867,4.53000020980835,4.53000020980835,4.519999980926514,4.53000020980835,48000
2017-12-12,3.9904661178588867,4.53000020980835,4.53000020980835,4.53000020980835,4.53000020980835,0
2017-12-13,4.01689338684082,4.559999942779541,4.559999942779541,4.519999980926514,4.53000020980835,202000
2017-12-14,4.034987449645996,4.460000038146973,4.480000019073486,4.440000057220459,4.480000019073486,180000
2017-12-15,4.053081512451172,4.480000019073486,4.480000019073486,4.460000038146973,4.460000038146973,52000
2017-12-18,4.044034481048584,4.46999979019165,4.480000019073486,4.449999809265137,4.480000019073486,16000
2017-12-19,4.034987449645996,4.460000038146973,4.480000019073486,4.460000038146973,4.480000019073486,44000
2017-12-20,4.034987449645996,4.460000038146973,4.460000038146973,4.460000038146973,4.460000038146973,0
2017-12-21,4.044034481048584,4.46999979019165,4.46999979019165,4.460000038146973,4.460000038146973,46000
2017-12-22,4.053081512451172,4.480000019073486,4.480000019073486,4.460000038146973,4.46999979019165,108000
2017-12-27,4.06212854385376,4.489999771118164,4.489999771118164,4.420000076293945,4.489999771118164,94000
2017-12-28,4.080223083496094,4.510000228881836,4.510000228881836,4.489999771118164,4.489999771118164,114000
2017-12-29,4.080223083496094,4.510000228881836,4.599999904632568,4.5,4.510000228881836,130000
2018-01-02,4.034987449645996,4.460000038146973,4.510000228881836,4.460000038146973,4.510000228881836,104000
2018-01-03,4.053081512451172,4.480000019073486,4.539999961853027,4.460000038146973,4.460000038146973,46000
2018-01-04,4.025940418243408,4.449999809265137,4.480000019073486,4.440000057220459,4.449999809265137,116000
2018-01-05,4.044034481048584,4.46999979019165,4.480000019073486,4.400000095367432,4.449999809265137,152000
2018-01-08,4.044034481048584,4.46999979019165,4.46999979019165,4.429999828338623,4.429999828338623,40000
2018-01-09,4.007845878601074,4.429999828338623,4.480000019073486,4.429999828338623,4.46999979019165,58000
2018-01-10,4.025940418243408,4.449999809265137,4.449999809265137,4.429999828338623,4.429999828338623,64000
2018-01-11,4.044034481048584,4.46999979019165,4.480000019073486,4.449999809265137,4.449999809265137,10000
2018-01-12,4.053081512451172,4.480000019073486,4.480000019073486,4.440000057220459,4.440000057220459,92000
2018-01-15,4.025940418243408,4.449999809265137,4.480000019073486,4.449999809265137,4.480000019073486,64000
2018-01-16,4.01689338684082,4.440000057220459,4.449999809265137,4.440000057220459,4.449999809265137,32000
2018-01-17,3.9807047843933105,4.400000095367432,4.429999828338623,4.400000095367432,4.429999828338623,212000
2018-01-18,4.034987449645996,4.460000038146973,4.46999979019165,4.400000095367432,4.400000095367432,112000
2018-01-19,4.034987449645996,4.460000038146973,4.480000019073486,4.449999809265137,4.46999979019165,30000
2018-01-22,3.9897520542144775,4.409999847412109,4.480000019073486,4.400000095367432,4.480000019073486,326000
2018-01-23,3.9987990856170654,4.420000076293945,4.46999979019165,4.409999847412109,4.46999979019165,28000
2018-01-24,4.025940418243408,4.449999809265137,4.460000038146973,4.449999809265137,4.449999809265137,14000
2018-01-25,3.9897520542144775,4.409999847412109,4.420000076293945,4.400000095367432,4.400000095367432,70000
2018-01-26,4.01689338684082,4.440000057220459,4.440000057220459,4.409999847412109,4.420000076293945,58000
2018-01-29,4.01689338684082,4.440000057220459,4.440000057220459,4.440000057220459,4.440000057220459,0
2018-01-30,4.01689338684082,4.440000057220459,4.440000057220459,4.440000057220459,4.440000057220459,0
2018-01-31,3.9897520542144775,4.409999847412109,4.440000057220459,4.409999847412109,4.409999847412109,36000
2018-02-01,3.9807047843933105,4.400000095367432,4.409999847412109,4.400000095367432,4.409999847412109,34000
2018-02-02,3.9807047843933105,4.400000095367432,4.440000057220459,4.400000095367432,4.440000057220459,26000
2018-02-05,3.9807047843933105,4.400000095367432,4.420000076293945,4.389999866485596,4.400000095367432,52000
2018-02-06,3.8992810249328613,4.309999942779541,4.389999866485596,4.309999942779541,4.389999866485596,126000
2018-02-07,3.93546986579895,4.349999904632568,4.380000114440918,4.340000152587891,4.349999904632568,56000
2018-02-08,3.953564167022705,4.369999885559082,4.369999885559082,4.369999885559082,4.369999885559082,6000
2018-02-09,3.85404634475708,4.260000228881836,4.340000152587891,4.25,4.340000152587891,70000
2018-02-12,3.8902342319488525,4.300000190734863,4.300000190734863,4.260000228881836,4.260000228881836,22000
2018-02-13,3.93546986579895,4.349999904632568,4.380000114440918,4.349999904632568,4.349999904632568,114000
2018-02-14,3.9626107215881348,4.380000114440918,4.380000114440918,4.380000114440918,4.380000114440918,0
2018-02-15,3.9626107215881348,4.380000114440918,4.380000114440918,4.380000114440918,4.380000114440918,0
2018-02-20,3.9807047843933105,4.400000095367432,4.400000095367432,4.400000095367432,4.400000095367432,0
2018-02-21,3.9897520542144775,4.409999847412109,4.400000095367432,4.400000095367432,4.400000095367432,6000
2018-02-22,3.9807047843933105,4.400000095367432,4.400000095367432,4.400000095367432,4.400000095367432,30000
2018-02-23,3.9807047843933105,4.400000095367432,4.5,4.400000095367432,4.400000095367432,136000
2018-02-26,3.9807047843933105,4.400000095367432,4.420000076293945,4.400000095367432,4.400000095367432,56000
2018-02-27,4.007845878601074,4.429999828338623,4.429999828338623,4.429999828338623,4.429999828338623,0
2018-02-28,4.007845878601074,4.429999828338623,4.429999828338623,4.429999828338623,4.429999828338623,10000
2018-03-01,3.9807047843933105,4.400000095367432,4.400000095367432,4.400000095367432,4.400000095367432,34000
2018-03-02,3.9807047843933105,4.400000095367432,4.400000095367432,4.400000095367432,4.400000095367432,0
2018-03-05,3.9807047843933105,4.400000095367432,4.400000095367432,4.400000095367432,4.400000095367432,0
2018-03-06,3.9807047843933105,4.400000095367432,4.400000095367432,4.400000095367432,4.400000095367432,0
2018-03-07,3.9987990856170654,4.420000076293945,4.420000076293945,4.420000076293945,4.420000076293945,6000
2018-03-08,3.953564167022705,4.369999885559082,4.380000114440918,4.360000133514404,4.380000114440918,44000
2018-03-09,3.9807047843933105,4.400000095367432,4.400000095367432,4.349999904632568,4.400000095367432,28000
2018-03-12,3.9807047843933105,4.400000095367432,4.400000095367432,4.400000095367432,4.400000095367432,0
2018-03-13,3.944516897201538,4.360000133514404,4.360000133514404,4.360000133514404,4.360000133514404,0
2018-03-14,3.944516897201538,4.360000133514404,4.380000114440918,4.349999904632568,4.380000114440918,74000
2018-03-15,3.944516897201538,4.360000133514404,4.360000133514404,4.360000133514404,4.360000133514404,20000
2018-03-16,3.9807047843933105,4.400000095367432,4.409999847412109,4.329999923706055,4.360000133514404,32000
2018-03-19,3.944516897201538,4.360000133514404,4.400000095367432,4.300000190734863,4.480000019073486,94000
2018-03-20,3.953564167022705,4.369999885559082,4.369999885559082,4.360000133514404,4.369999885559082,30000
2018-03-21,3.9264230728149414,4.340000152587891,4.369999885559082,4.340000152587891,4.369999885559082,138000
2018-03-22,3.9173758029937744,4.329999923706055,4.340000152587891,4.300000190734863,4.340000152587891,44000
2018-03-23,3.863093376159668,4.269999980926514,4.309999942779541,4.25,4.309999942779541,168000
2018-03-26,3.944516897201538,4.360000133514404,4.360000133514404,4.289999961853027,4.289999961853027,194000
2018-03-27,3.9173758029937744,4.329999923706055,4.369999885559082,4.329999923706055,4.369999885559082,34000
2018-03-28,3.9626107215881348,4.380000114440918,4.380000114440918,4.300000190734863,4.329999923706055,244000
2018-03-29,3.9173758029937744,4.329999923706055,4.440000057220459,4.329999923706055,4.380000114440918,42000
2018-04-03,3.9173758029937744,4.329999923706055,4.329999923706055,4.329999923706055,4.329999923706055,74000
2018-04-04,3.9173758029937744,4.329999923706055,4.329999923706055,4.309999942779541,4.329999923706055,112000
2018-04-06,3.9173758029937744,4.329999923706055,4.329999923706055,4.329999923706055,4.329999923706055,22000
2018-04-09,3.9173758029937744,4.329999923706055,4.360000133514404,4.329999923706055,4.349999904632568,136000
2018-04-10,3.9173758029937744,4.329999923706055,4.329999923706055,4.329999923706055,4.329999923706055,0
2018-04-11,3.9626107215881348,4.380000114440918,4.380000114440918,4.329999923706055,4.340000152587891,14000
2018-04-12,3.9626107215881348,4.380000114440918,4.380000114440918,4.380000114440918,4.380000114440918,0
2018-04-13,3.9173758029937744,4.329999923706055,4.400000095367432,4.329999923706055,4.340000152587891,20000
2018-04-16,3.8992810249328613,4.309999942779541,4.360000133514404,4.300000190734863,4.329999923706055,38000
2018-04-17,3.8902342319488525,4.300000190734863,4.340000152587891,4.199999809265137,4.309999942779541,130000
2018-04-18,3.8902342319488525,4.300000190734863,4.340000152587891,4.300000190734863,4.340000152587891,80000
2018-04-19,3.8902342319488525,4.300000190734863,4.320000171661377,4.300000190734863,4.309999942779541,166000
2018-04-20,3.93546986579895,4.349999904632568,4.349999904632568,4.300000190734863,4.300000190734863,12000
2018-04-23,3.93546986579895,4.349999904632568,4.349999904632568,4.349999904632568,4.349999904632568,0
2018-04-24,3.944516897201538,4.360000133514404,4.360000133514404,4.309999942779541,4.309999942779541,92000
2018-04-25,3.9083290100097656,4.320000171661377,4.329999923706055,4.320000171661377,4.329999923706055,14000
2018-04-26,3.9083290100097656,4.320000171661377,4.320000171661377,4.320000171661377,4.320000171661377,0
2018-04-27,3.93546986579895,4.349999904632568,4.349999904632568,4.349999904632568,4.349999904632568,22000
2018-04-30,3.944516897201538,4.360000133514404,4.389999866485596,4.360000133514404,4.389999866485596,12000
2018-05-02,3.953564167022705,4.369999885559082,4.369999885559082,4.360000133514404,4.360000133514404,36000
2018-05-03,3.953564167022705,4.369999885559082,4.369999885559082,4.369999885559082,4.369999885559082,28000
2018-05-04,3.9716577529907227,4.389999866485596,4.389999866485596,4.389999866485596,4.389999866485596,0
2018-05-07,4.01689338684082,4.440000057220459,4.440000057220459,4.400000095367432,4.400000095367432,42000
2018-05-08,4.01689338684082,4.440000057220459,4.440000057220459,4.440000057220459,4.440000057220459,0
2018-05-09,3.9807047843933105,4.400000095367432,4.400000095367432,4.400000095367432,4.400000095367432,4000
2018-05-10,3.9807047843933105,4.400000095367432,4.400000095367432,4.400000095367432,4.400000095367432,34000
2018-05-11,4.034987449645996,4.460000038146973,4.460000038146973,4.460000038146973,4.460000038146973,0
2018-05-14,4.025940418243408,4.449999809265137,4.449999809265137,4.449999809265137,4.449999809265137,0
2018-05-15,4.025940418243408,4.449999809265137,4.449999809265137,4.449999809265137,4.449999809265137,0
2018-05-16,4.025940418243408,4.449999809265137,4.449999809265137,4.449999809265137,4.449999809265137,0
2018-05-17,4.025940418243408,4.449999809265137,4.449999809265137,4.449999809265137,4.449999809265137,0
2018-05-18,4.034987449645996,4.460000038146973,4.460000038146973,4.460000038146973,4.460000038146973,12000
2018-05-21,4.034987449645996,4.460000038146973,4.460000038146973,4.400000095367432,4.400000095367432,12000
2018-05-23,3.9807047843933105,4.400000095367432,4.400000095367432,4.349999904632568,4.400000095367432,90000
2018-05-24,3.9807047843933105,4.400000095367432,4.400000095367432,4.400000095367432,4.400000095367432,0
2018-05-25,3.9807047843933105,4.400000095367432,4.400000095367432,4.400000095367432,4.400000095367432,0
2018-05-28,3.9807047843933105,4.400000095367432,4.400000095367432,4.400000095367432,4.400000095367432,0
2018-05-29,3.9807047843933105,4.400000095367432,4.400000095367432,4.400000095367432,4.400000095367432,0
2018-05-30,4.01689338684082,4.440000057220459,4.460000038146973,4.400000095367432,4.400000095367432,40000
2018-05-31,3.9807047843933105,4.400000095367432,4.460000038146973,4.400000095367432,4.460000038146973,76000
2018-06-01,4.01689338684082,4.440000057220459,4.449999809265137,4.380000114440918,4.400000095367432,64000
2018-06-04,4.01689338684082,4.440000057220459,4.440000057220459,4.440000057220459,4.440000057220459,14000
2018-06-05,4.007845878601074,4.429999828338623,4.429999828338623,4.429999828338623,4.429999828338623,40000
2018-06-06,4.007845878601074,4.429999828338623,4.429999828338623,4.429999828338623,4.429999828338623,10000
2018-06-07,4.007845878601074,4.429999828338623,4.429999828338623,4.380000114440918,4.400000095367432,58000
2018-06-08,4.007845878601074,4.429999828338623,4.429999828338623,4.429999828338623,4.429999828338623,0
2018-06-11,3.9897520542144775,4.409999847412109,4.429999828338623,4.409999847412109,4.429999828338623,8000
2018-06-12,3.9897520542144775,4.409999847412109,4.409999847412109,4.409999847412109,4.409999847412109,24000
2018-06-13,3.9807047843933105,4.400000095367432,4.400000095367432,4.400000095367432,4.400000095367432,10000
2018-06-14,3.953564167022705,4.369999885559082,4.369999885559082,4.369999885559082,4.369999885559082,0
2018-06-15,3.9626107215881348,4.380000114440918,4.429999828338623,4.369999885559082,4.380000114440918,66000
2018-06-19,3.953564167022705,4.369999885559082,4.369999885559082,4.329999923706055,4.369999885559082,48000
2018-06-20,3.9807047843933105,4.400000095367432,4.400000095367432,4.400000095367432,4.400000095367432,0
2018-06-21,3.953564167022705,4.369999885559082,4.369999885559082,4.369999885559082,4.369999885559082,4000
2018-06-22,3.9807047843933105,4.400000095367432,4.429999828338623,4.380000114440918,4.429999828338623,38000
2018-06-25,3.9807047843933105,4.400000095367432,4.400000095367432,4.400000095367432,4.400000095367432,0
2018-06-26,3.9807047843933105,4.400000095367432,4.400000095367432,4.380000114440918,4.380000114440918,44000
2018-06-27,3.9626107215881348,4.380000114440918,4.389999866485596,4.329999923706055,4.340000152587891,36000
2018-06-28,3.93546986579895,4.349999904632568,4.380000114440918,4.349999904632568,4.380000114440918,6000
2018-06-29,3.8902342319488525,4.300000190734863,4.300000190734863,4.300000190734863,4.300000190734863,42000
2018-07-03,3.8178577423095703,4.21999979019165,4.21999979019165,4.21999979019165,4.21999979019165,0
2018-07-04,3.844999074935913,4.25,4.289999961853027,4.25,4.289999961853027,16000
2018-07-05,3.863093376159668,4.269999980926514,4.269999980926514,4.130000114440918,4.25,94000
2018-07-06,3.781669855117798,4.179999828338623,4.199999809265137,4.139999866485596,4.199999809265137,120000
2018-07-09,3.7092931270599365,4.099999904632568,4.159999847412109,4.099999904632568,4.179999828338623,118000
2018-07-10,3.7364346981048584,4.130000114440918,4.130000114440918,4.130000114440918,4.130000114440918,10000
2018-07-11,3.7273874282836914,4.119999885559082,4.130000114440918,4.099999904632568,4.130000114440918,12000
2018-07-12,3.745481252670288,4.139999866485596,4.139999866485596,4.139999866485596,4.139999866485596,16000
2018-07-13,3.745481252670288,4.139999866485596,4.139999866485596,4.139999866485596,4.139999866485596,0
2018-07-16,3.69119930267334,4.079999923706055,4.139999866485596,4.079999923706055,4.119999885559082,72000
2018-07-17,3.7997634410858154,4.199999809265137,4.199999809265137,4.159999847412109,4.159999847412109,44000
2018-07-18,3.7092931270599365,4.099999904632568,4.159999847412109,4.099999904632568,4.159999847412109,10000
2018-07-19,3.7997634410858154,4.199999809265137,4.199999809265137,4.119999885559082,4.119999885559082,16000
2018-07-20,3.772623062133789,4.170000076293945,4.170000076293945,4.170000076293945,4.170000076293945,0
2018-07-23,3.772623062133789,4.170000076293945,4.170000076293945,4.170000076293945,4.170000076293945,0
2018-07-24,3.7997634410858154,4.199999809265137,4.25,4.199999809265137,4.25,26000
2018-07-25,3.7997634410858154,4.199999809265137,4.199999809265137,4.199999809265137,4.199999809265137,8000
2018-07-26,3.7997634410858154,4.199999809265137,4.199999809265137,4.199999809265137,4.260000228881836,212000
2018-07-27,3.8811869621276855,4.289999961853027,4.289999961853027,4.190000057220459,4.190000057220459,24000
2018-07-30,3.8902342319488525,4.300000190734863,4.300000190734863,4.199999809265137,4.25,70000
2018-07-31,3.8902342319488525,4.300000190734863,4.300000190734863,4.300000190734863,4.300000190734863,14000
2018-08-01,3.9264230728149414,4.340000152587891,4.340000152587891,4.340000152587891,4.340000152587891,0
2018-08-02,3.754528522491455,4.150000095367432,4.300000190734863,4.099999904632568,4.300000190734863,538000
2018-08-03,3.781669855117798,4.179999828338623,4.179999828338623,4.159999847412109,4.159999847412109,12000
2018-08-06,3.781669855117798,4.179999828338623,4.179999828338623,4.170000076293945,4.179999828338623,50000
2018-08-07,3.790717124938965,4.190000057220459,4.179999828338623,4.179999828338623,4.179999828338623,10000
2018-08-08,3.790717124938965,4.190000057220459,4.190000057220459,4.190000057220459,4.190000057220459,0
2018-08-09,3.790717124938965,4.190000057220459,4.190000057220459,4.190000057220459,4.190000057220459,0
2018-08-10,3.7997634410858154,4.199999809265137,4.199999809265137,4.199999809265137,4.199999809265137,0
2018-08-13,3.7997634410858154,4.199999809265137,4.199999809265137,4.199999809265137,4.199999809265137,0
2018-08-14,3.790717124938965,4.190000057220459,4.190000057220459,4.190000057220459,4.190000057220459,0
2018-08-15,3.7997634410858154,4.199999809265137,4.21999979019165,4.150000095367432,4.150000095367432,14000
2018-08-16,3.7997634410858154,4.199999809265137,4.199999809265137,4.199999809265137,4.199999809265137,0
2018-08-17,3.754528522491455,4.150000095367432,4.230000019073486,4.139999866485596,4.190000057220459,48000
2018-08-20,3.8269050121307373,4.230000019073486,4.230000019073486,4.230000019073486,4.230000019073486,6000
2018-08-21,3.8269050121307373,4.230000019073486,4.230000019073486,4.230000019073486,4.230000019073486,4000
2018-08-22,3.798971176147461,4.079999923706055,4.090000152587891,4.03000020980835,4.079999923706055,60000
2018-08-23,3.7896604537963867,4.070000171661377,4.070000171661377,4.070000171661377,4.070000171661377,0
2018-08-24,3.8269050121307373,4.110000133514404,4.170000076293945,4.110000133514404,4.170000076293945,100000
2018-08-27,3.864149808883667,4.150000095367432,4.150000095367432,4.150000095367432,4.150000095367432,2000
2018-08-28,3.864149808883667,4.150000095367432,4.150000095367432,4.150000095367432,4.150000095367432,0
2018-08-29,3.864149808883667,4.150000095367432,4.150000095367432,4.150000095367432,4.150000095367432,0
2018-08-30,3.864149808883667,4.150000095367432,4.150000095367432,4.150000095367432,4.150000095367432,0
2018-08-31,3.864149808883667,4.150000095367432,4.150000095367432,4.150000095367432,4.150000095367432,0
2018-09-03,3.780348777770996,4.059999942779541,4.059999942779541,4.059999942779541,4.059999942779541,0
2018-09-04,3.780348777770996,4.059999942779541,4.059999942779541,4.059999942779541,4.059999942779541,18000
2018-09-05,3.8082826137542725,4.090000152587891,4.099999904632568,4.0,4.039999961853027,36000
2018-09-06,3.817593574523926,4.099999904632568,4.130000114440918,4.050000190734863,4.050000190734863,20000
2018-09-07,3.7617266178131104,4.039999961853027,4.099999904632568,4.039999961853027,4.099999904632568,12000
2018-09-10,3.8082826137542725,4.090000152587891,4.090000152587891,4.090000152587891,4.090000152587891,0
2018-09-11,3.7617266178131104,4.039999961853027,4.039999961853027,4.03000020980835,4.039999961853027,36000
2018-09-12,3.7617266178131104,4.039999961853027,4.039999961853027,4.039999961853027,4.019999980926514,6000
2018-09-13,3.7617266178131104,4.039999961853027,4.039999961853027,4.039999961853027,4.039999961853027,18000
2018-09-14,3.7896604537963867,4.070000171661377,4.079999923706055,4.059999942779541,4.079999923706055,20000
2018-09-17,3.7896604537963867,4.070000171661377,4.070000171661377,4.070000171661377,4.070000171661377,0
2018-09-18,3.771038055419922,4.050000190734863,4.050000190734863,4.050000190734863,4.050000190734863,10000
2018-09-19,3.771038055419922,4.050000190734863,4.090000152587891,4.050000190734863,4.090000152587891,14000
2018-09-20,3.817593574523926,4.099999904632568,4.150000095367432,4.079999923706055,4.099999904632568,50000
2018-09-21,3.8082826137542725,4.090000152587891,4.090000152587891,4.090000152587891,4.090000152587891,0
2018-09-24,3.8082826137542725,4.090000152587891,4.090000152587891,4.090000152587891,4.090000152587891,0
2018-09-26,3.8082826137542725,4.090000152587891,4.090000152587891,4.090000152587891,4.090000152587891,0
2018-09-27,3.752415418624878,4.03000020980835,4.03000020980835,4.03000020980835,4.03000020980835,46000
2018-09-28,3.817593574523926,4.099999904632568,4.119999885559082,4.03000020980835,4.03000020980835,16000
2018-10-02,3.752415418624878,4.03000020980835,4.03000020980835,4.03000020980835,4.03000020980835,64000
2018-10-03,3.733793020248413,4.010000228881836,4.050000190734863,4.0,4.0,32000
2018-10-04,3.733793020248413,4.010000228881836,4.010000228881836,4.010000228881836,4.010000228881836,0
2018-10-05,3.733793020248413,4.010000228881836,4.010000228881836,4.010000228881836,4.010000228881836,0
2018-10-08,3.7244818210601807,4.0,4.0,4.0,4.0,0
2018-10-09,3.771038055419922,4.050000190734863,4.099999904632568,3.9800000190734863,4.0,30000
2018-10-10,3.7896604537963867,4.070000171661377,4.070000171661377,4.070000171661377,4.070000171661377,30000
2018-10-11,3.7244818210601807,4.0,4.0,3.9800000190734863,3.9800000190734863,36000
2018-10-12,3.7896604537963867,4.070000171661377,4.070000171661377,4.0,4.0,28000
2018-10-15,3.780348777770996,4.059999942779541,4.059999942779541,4.059999942779541,4.059999942779541,0
2018-10-16,3.780348777770996,4.059999942779541,4.059999942779541,4.059999942779541,4.059999942779541,0
2018-10-18,3.873460531234741,4.159999847412109,4.159999847412109,4.070000171661377,4.150000095367432,92000
2018-10-19,4.022440433502197,4.320000171661377,4.369999885559082,4.199999809265137,4.199999809265137,406000
2018-10-22,4.059685707092285,4.360000133514404,4.400000095367432,4.300000190734863,4.380000114440918,288000
2018-10-23,4.003817558288574,4.300000190734863,4.369999885559082,4.300000190734863,4.369999885559082,65000
2018-10-24,4.022440433502197,4.320000171661377,4.320000171661377,4.300000190734863,4.300000190734863,46000
2018-10-25,3.975883960723877,4.269999980926514,4.329999923706055,4.199999809265137,4.329999923706055,106000
2018-10-26,3.910705804824829,4.199999809265137,4.239999771118164,4.199999809265137,4.239999771118164,64000
2018-10-29,3.910705804824829,4.199999809265137,4.400000095367432,4.199999809265137,4.300000190734863,38000
2018-10-30,3.9386396408081055,4.230000019073486,4.329999923706055,4.199999809265137,4.199999809265137,72000
2018-10-31,4.003817558288574,4.300000190734863,4.300000190734863,4.239999771118164,4.239999771118164,18000
2018-11-01,4.0503740310668945,4.349999904632568,4.349999904632568,4.25,4.320000171661377,124000
2018-11-02,4.059685707092285,4.360000133514404,4.389999866485596,4.320000171661377,4.389999866485596,26000
2018-11-05,4.1155524253845215,4.420000076293945,4.429999828338623,4.360000133514404,4.360000133514404,140000
2018-11-06,4.26453161239624,4.579999923706055,4.610000133514404,4.449999809265137,4.449999809265137,474000
2018-11-07,4.4693779945373535,4.800000190734863,4.820000171661377,4.630000114440918,4.630000114440918,886000
2018-11-08,4.404199600219727,4.730000019073486,4.849999904632568,4.650000095367432,4.849999904632568,230000
2018-11-09,4.422821998596191,4.75,4.800000190734863,4.670000076293945,4.739999771118164,234000
2018-11-12,4.776647567749023,5.130000114440918,5.150000095367432,4.769999980926514,4.78000020980835,1770000
2018-11-13,5.121161937713623,5.5,5.849999904632568,5.03000020980835,5.050000190734863,2595000
2018-11-14,4.981493949890137,5.349999904632568,5.650000095367432,5.28000020980835,5.570000171661377,912000
2018-11-15,4.832515239715576,5.190000057220459,5.400000095367432,5.039999961853027,5.28000020980835,455918
2018-11-16,4.851137638092041,5.210000038146973,5.300000190734863,5.199999809265137,5.25,752000
2018-11-19,4.60904598236084,4.949999809265137,5.0,4.809999942779541,4.949999809265137,792000
2018-11-20,4.6462907791137695,4.989999771118164,5.050000190734863,4.949999809265137,4.949999809265137,252000
2018-11-21,4.832515239715576,5.190000057220459,5.199999809265137,4.940000057220459,4.940000057220459,388000
2018-11-22,4.8232035636901855,5.179999828338623,5.289999961853027,5.139999866485596,5.199999809265137,172000
2018-11-23,4.8232035636901855,5.179999828338623,5.289999961853027,5.130000114440918,5.179999828338623,184000
2018-11-26,4.776647567749023,5.130000114440918,5.260000228881836,5.079999923706055,5.210000038146973,124000
2018-11-27,4.804581165313721,5.159999847412109,5.159999847412109,5.050000190734863,5.099999904632568,392000
2018-11-28,4.720780849456787,5.070000171661377,5.119999885559082,5.070000171661377,5.119999885559082,241000
2018-11-29,4.7300920486450195,5.079999923706055,5.110000133514404,5.070000171661377,5.079999923706055,283000
2018-11-30,4.599734783172607,4.940000057220459,5.0,4.889999866485596,4.949999809265137,494000
2018-12-03,4.394888401031494,4.71999979019165,4.889999866485596,4.610000133514404,4.889999866485596,778000
2018-12-04,4.432133674621582,4.760000228881836,4.800000190734863,4.699999809265137,4.699999809265137,348000
2018-12-05,4.562489986419678,4.900000095367432,5.070000171661377,4.760000228881836,4.760000228881836,122000
2018-12-06,4.4693779945373535,4.800000190734863,4.849999904632568,4.760000228881836,4.820000171661377,82000
2018-12-07,4.525245189666748,4.860000133514404,4.869999885559082,4.739999771118164,4.760000228881836,86000
2018-12-10,4.478689193725586,4.809999942779541,4.880000114440918,4.78000020980835,4.820000171661377,60000
2018-12-11,4.497626781463623,4.75,4.75,4.730000019073486,4.75,36000
2018-12-12,4.402939796447754,4.650000095367432,4.650000095367432,4.440000057220459,4.599999904632568,170000
2018-12-13,4.431345462799072,4.679999828338623,4.679999828338623,4.619999885559082,4.639999866485596,30000
2018-12-14,4.365065097808838,4.610000133514404,4.659999847412109,4.590000152587891,4.659999847412109,84000
2018-12-17,4.336658954620361,4.579999923706055,4.690000057220459,4.570000171661377,4.619999885559082,30000
2018-12-18,4.317721843719482,4.559999942779541,4.559999942779541,4.400000095367432,4.510000228881836,88000
2018-12-19,4.260909080505371,4.5,4.590000152587891,4.5,4.550000190734863,14000
2018-12-20,4.241971969604492,4.480000019073486,4.550000190734863,4.460000038146973,4.460000038146973,78000
2018-12-21,4.251440525054932,4.489999771118164,4.539999961853027,4.489999771118164,4.539999961853027,20000
2018-12-24,4.213565826416016,4.449999809265137,4.449999809265137,4.449999809265137,4.449999809265137,4000
2018-12-27,4.1946282386779785,4.429999828338623,4.480000019073486,4.400000095367432,4.429999828338623,60000
2018-12-28,4.1946282386779785,4.429999828338623,4.429999828338623,4.429999828338623,4.429999828338623,0
2018-12-31,4.1756911277771,4.409999847412109,4.409999847412109,4.400000095367432,4.409999847412109,60000
2019-01-02,4.16622257232666,4.400000095367432,4.400000095367432,4.400000095367432,4.400000095367432,0
2019-01-03,4.052598476409912,4.28000020980835,4.349999904632568,4.179999828338623,4.349999904632568,218000
2019-01-04,4.0810041427612305,4.309999942779541,4.309999942779541,4.21999979019165,4.309999942779541,34000
2019-01-07,4.0810041427612305,4.309999942779541,4.309999942779541,4.25,4.309999942779541,24000
2019-01-08,4.0810041427612305,4.309999942779541,4.309999942779541,4.260000228881836,4.260000228881836,62000
2019-01-09,4.090473175048828,4.320000171661377,4.329999923706055,4.159999847412109,4.329999923706055,72000
2019-01-10,4.052598476409912,4.28000020980835,4.300000190734863,4.28000020980835,4.300000190734863,14000
2019-01-11,4.033661365509033,4.260000228881836,4.340000152587891,4.199999809265137,4.329999923706055,74000
2019-01-14,4.033661365509033,4.260000228881836,4.340000152587891,4.21999979019165,4.260000228881836,40000
2019-01-15,4.147285461425781,4.380000114440918,4.400000095367432,4.260000228881836,4.260000228881836,52000
2019-01-16,4.128348350524902,4.360000133514404,4.360000133514404,4.309999942779541,4.309999942779541,6000
2019-01-17,4.128348350524902,4.360000133514404,4.400000095367432,4.309999942779541,4.369999885559082,14000
2019-01-18,3.976848840713501,4.199999809265137,4.360000133514404,3.9000000953674316,4.320000171661377,388000
2019-01-21,3.995786190032959,4.21999979019165,4.230000019073486,4.150000095367432,4.230000019073486,48000
2019-01-22,4.0241923332214355,4.25,4.25,4.159999847412109,4.159999847412109,118000
2019-01-23,4.0431294441223145,4.269999980926514,4.289999961853027,4.179999828338623,4.179999828338623,20000
2019-01-24,3.995786190032959,4.21999979019165,4.28000020980835,4.199999809265137,4.28000020980835,26000
2019-01-25,4.090473175048828,4.320000171661377,4.320000171661377,4.210000038146973,4.230000019073486,52000
2019-01-28,4.062067031860352,4.289999961853027,4.309999942779541,4.25,4.25,30000
2019-01-29,4.005255222320557,4.230000019073486,4.25,4.230000019073486,4.25,38000
2019-01-30,4.118879318237305,4.349999904632568,4.360000133514404,4.179999828338623,4.179999828338623,34000
2019-01-31,4.109410285949707,4.340000152587891,4.349999904632568,4.239999771118164,4.239999771118164,8000
2019-02-01,4.014723300933838,4.239999771118164,4.349999904632568,4.239999771118164,4.349999904632568,20000
2019-02-04,4.014723300933838,4.239999771118164,4.239999771118164,4.239999771118164,4.239999771118164,0
2019-02-08,4.128348350524902,4.360000133514404,4.389999866485596,4.28000020980835,4.28000020980835,108000
2019-02-11,4.147285461425781,4.380000114440918,4.400000095367432,4.260000228881836,4.400000095367432,82000
2019-02-12,4.16622257232666,4.400000095367432,4.400000095367432,4.380000114440918,4.400000095367432,126000
2019-02-13,4.16622257232666,4.400000095367432,4.460000038146973,4.400000095367432,4.460000038146973,92000
2019-02-14,4.156754016876221,4.389999866485596,4.440000057220459,4.349999904632568,4.349999904632568,12500
2019-02-15,4.137816429138184,4.369999885559082,4.440000057220459,4.360000133514404,4.389999866485596,54000
2019-02-18,4.1756911277771,4.409999847412109,4.449999809265137,4.369999885559082,4.369999885559082,136000
2019-02-19,4.185160160064697,4.420000076293945,4.420000076293945,4.380000114440918,4.380000114440918,120000
2019-02-20,4.16622257232666,4.400000095367432,4.400000095367432,4.389999866485596,4.380000114440918,56000
2019-02-21,4.185160160064697,4.420000076293945,4.420000076293945,4.360000133514404,4.389999866485596,60000
2019-02-22,4.1756911277771,4.409999847412109,4.409999847412109,4.409999847412109,4.409999847412109,0
2019-02-25,4.16622257232666,4.400000095367432,4.400000095367432,4.369999885559082,4.369999885559082,88000
2019-02-26,4.147285461425781,4.380000114440918,4.420000076293945,4.369999885559082,4.369999885559082,16000
2019-02-27,4.16622257232666,4.400000095367432,4.409999847412109,4.380000114440918,4.380000114440918,46000
2019-02-28,4.1756911277771,4.409999847412109,4.409999847412109,4.389999866485596,4.389999866485596,20000
2019-03-01,4.204097270965576,4.440000057220459,4.449999809265137,4.409999847412109,4.409999847412109,14000
2019-03-04,4.204097270965576,4.440000057220459,4.5,4.440000057220459,4.5,68000
2019-03-05,4.16622257232666,4.400000095367432,4.440000057220459,4.360000133514404,4.440000057220459,52000
2019-03-06,4.128348350524902,4.360000133514404,4.440000057220459,4.360000133514404,4.369999885559082,90000
2019-03-07,4.156754016876221,4.389999866485596,4.420000076293945,4.389999866485596,4.420000076293945,92000
2019-03-08,4.213565826416016,4.449999809265137,4.460000038146973,4.360000133514404,4.380000114440918,72000
2019-03-11,4.1946282386779785,4.429999828338623,4.489999771118164,4.389999866485596,4.400000095367432,42000
2019-03-12,4.147285461425781,4.380000114440918,4.480000019073486,4.380000114440918,4.400000095367432,42000
2019-03-13,4.213565826416016,4.449999809265137,4.480000019073486,4.460000038146973,4.400000095367432,10000
2019-03-14,4.185160160064697,4.420000076293945,4.420000076293945,4.420000076293945,4.420000076293945,0
2019-03-15,4.16622257232666,4.400000095367432,4.409999847412109,4.380000114440918,4.409999847412109,14000
2019-03-18,4.213565826416016,4.449999809265137,4.449999809265137,4.360000133514404,4.360000133514404,46000
2019-03-19,4.1946282386779785,4.429999828338623,4.429999828338623,4.429999828338623,4.429999828338623,22000
2019-03-20,4.147285461425781,4.380000114440918,4.409999847412109,4.380000114440918,4.380000114440918,88000
2019-03-21,4.185160160064697,4.420000076293945,4.420000076293945,4.380000114440918,4.400000095367432,36000
2019-03-22,4.1756911277771,4.409999847412109,4.420000076293945,4.400000095367432,4.400000095367432,24000
2019-03-25,4.0810041427612305,4.309999942779541,4.429999828338623,4.300000190734863,4.360000133514404,24000
2019-03-26,4.099941730499268,4.329999923706055,4.429999828338623,4.309999942779541,4.309999942779541,70000
2019-03-27,4.147285461425781,4.380000114440918,4.409999847412109,4.320000171661377,4.409999847412109,12000
2019-03-28,4.090473175048828,4.320000171661377,4.340000152587891,4.320000171661377,4.340000152587891,24000
2019-03-29,4.090473175048828,4.320000171661377,4.329999923706055,4.329999923706055,4.329999923706055,2000
2019-04-01,4.090473175048828,4.320000171661377,4.329999923706055,4.320000171661377,4.329999923706055,20000
2019-04-02,4.099941730499268,4.329999923706055,4.360000133514404,4.329999923706055,4.360000133514404,28000
2019-04-03,4.0241923332214355,4.25,4.340000152587891,4.199999809265137,4.340000152587891,428000
2019-04-04,4.090473175048828,4.320000171661377,4.320000171661377,4.25,4.260000228881836,50000
2019-04-08,4.090473175048828,4.320000171661377,4.320000171661377,4.320000171661377,4.320000171661377,12000
2019-04-09,4.052598476409912,4.28000020980835,4.300000190734863,4.28000020980835,4.300000190734863,12000
2019-04-10,3.957911491394043,4.179999828338623,4.289999961853027,4.159999847412109,4.289999961853027,526000
2019-04-11,4.005255222320557,4.230000019073486,4.260000228881836,4.190000057220459,4.190000057220459,186000
2019-04-12,3.9484426975250244,4.170000076293945,4.440000057220459,4.159999847412109,4.210000038146973,158000
2019-04-15,4.0241923332214355,4.25,4.300000190734863,4.199999809265137,4.199999809265137,74000
2019-04-16,3.9389736652374268,4.159999847412109,4.28000020980835,4.159999847412109,4.28000020980835,58000
2019-04-17,4.0241923332214355,4.25,4.25,4.150000095367432,4.210000038146973,140000
2019-04-18,4.033661365509033,4.260000228881836,4.300000190734863,4.260000228881836,4.300000190734863,22000
2019-04-23,4.071535587310791,4.300000190734863,4.300000190734863,4.199999809265137,4.269999980926514,12000
2019-04-24,4.071535587310791,4.300000190734863,4.329999923706055,4.300000190734863,4.329999923706055,12000
2019-04-25,3.976848840713501,4.199999809265137,4.340000152587891,4.179999828338623,4.230000019073486,376000
2019-04-26,3.9389736652374268,4.159999847412109,4.289999961853027,4.159999847412109,4.25,84000
2019-04-29,3.957911491394043,4.179999828338623,4.230000019073486,4.159999847412109,4.230000019073486,146000
2019-04-30,3.9863176345825195,4.210000038146973,4.230000019073486,4.210000038146973,4.230000019073486,18000
2019-05-02,3.9863176345825195,4.210000038146973,4.210000038146973,4.210000038146973,4.210000038146973,8000
2019-05-03,3.976848840713501,4.199999809265137,4.25,4.199999809265137,4.25,122000
2019-05-06,3.976848840713501,4.199999809265137,4.25,4.190000057220459,4.239999771118164,50000
2019-05-07,3.9673802852630615,4.190000057220459,4.300000190734863,4.190000057220459,4.199999809265137,14000
2019-05-08,3.976848840713501,4.199999809265137,4.269999980926514,4.190000057220459,4.190000057220459,64000
2019-05-09,3.9863176345825195,4.210000038146973,4.230000019073486,4.190000057220459,4.199999809265137,120000
2019-05-10,3.9484426975250244,4.170000076293945,4.25,4.170000076293945,4.230000019073486,76000
2019-05-14,3.976848840713501,4.199999809265137,4.199999809265137,4.199999809265137,4.199999809265137,22000
2019-05-15,3.9484426975250244,4.170000076293945,4.190000057220459,4.170000076293945,4.190000057220459,246000
2019-05-16,3.976848840713501,4.199999809265137,4.199999809265137,4.170000076293945,4.170000076293945,30000
2019-05-17,3.976848840713501,4.199999809265137,4.239999771118164,4.170000076293945,4.170000076293945,34000
2019-05-20,3.976848840713501,4.199999809265137,4.199999809265137,4.199999809265137,4.199999809265137,0
2019-05-21,3.976848840713501,4.199999809265137,4.199999809265137,4.170000076293945,4.170000076293945,24000
2019-05-22,3.9484426975250244,4.170000076293945,4.170000076293945,4.170000076293945,4.170000076293945,6000
2019-05-23,4.0241923332214355,4.25,4.28000020980835,4.170000076293945,4.170000076293945,34000
2019-05-24,3.9105679988861084,4.130000114440918,4.119999885559082,4.119999885559082,4.119999885559082,10000
2019-05-27,3.90109920501709,4.119999885559082,4.199999809265137,4.119999885559082,4.199999809265137,48000
2019-05-28,3.90109920501709,4.119999885559082,4.119999885559082,4.119999885559082,4.119999885559082,0
2019-05-29,3.844287157058716,4.059999942779541,4.050000190734863,4.050000190734863,4.050000190734863,10000
2019-05-30,3.90109920501709,4.119999885559082,4.300000190734863,4.119999885559082,4.179999828338623,44000
2019-05-31,3.90109920501709,4.119999885559082,4.119999885559082,4.079999923706055,4.119999885559082,40000
2019-06-03,3.9105679988861084,4.130000114440918,4.130000114440918,4.130000114440918,4.130000114440918,0
2019-06-04,3.882161855697632,4.099999904632568,4.119999885559082,4.099999904632568,4.119999885559082,32000
2019-06-05,3.995786190032959,4.21999979019165,4.21999979019165,4.139999866485596,4.179999828338623,54000
2019-06-06,3.957911491394043,4.179999828338623,4.179999828338623,4.179999828338623,4.179999828338623,0
2019-06-10,3.9484426975250244,4.170000076293945,4.289999961853027,4.170000076293945,4.289999961853027,82000
2019-06-11,3.995786190032959,4.21999979019165,4.230000019073486,4.21999979019165,4.230000019073486,58000
2019-06-12,3.9484426975250244,4.170000076293945,4.199999809265137,4.170000076293945,4.199999809265137,20000
2019-06-13,3.9484426975250244,4.170000076293945,4.179999828338623,4.099999904632568,4.150000095367432,126000
2019-06-14,3.882161855697632,4.099999904632568,4.179999828338623,4.099999904632568,4.179999828338623,58000
2019-06-17,4.071535587310791,4.300000190734863,4.300000190734863,4.099999904632568,4.099999904632568,80000
2019-06-18,4.0241923332214355,4.25,4.25,4.199999809265137,4.199999809265137,16000
2019-06-19,4.014723300933838,4.239999771118164,4.239999771118164,4.239999771118164,4.239999771118164,0
2019-06-20,4.0241923332214355,4.25,4.25,4.239999771118164,4.239999771118164,32000
2019-06-21,3.9295053482055664,4.150000095367432,4.199999809265137,4.150000095367432,4.199999809265137,50000
2019-06-24,3.976848840713501,4.199999809265137,4.25,4.199999809265137,4.199999809265137,50000
2019-06-25,3.976848840713501,4.199999809265137,4.199999809265137,4.199999809265137,4.199999809265137,0
2019-06-26,4.1946282386779785,4.429999828338623,4.5,4.369999885559082,4.440000057220459,852700
2019-06-27,4.137816429138184,4.369999885559082,4.449999809265137,4.349999904632568,4.449999809265137,182000
2019-06-28,4.1756911277771,4.409999847412109,4.429999828338623,4.369999885559082,4.380000114440918,100000
2019-07-02,4.1756911277771,4.409999847412109,4.460000038146973,4.389999866485596,4.460000038146973,70000
2019-07-03,4.16622257232666,4.400000095367432,4.420000076293945,4.380000114440918,4.400000095367432,78000
2019-07-04,4.156754016876221,4.389999866485596,4.400000095367432,4.380000114440918,4.400000095367432,214800
2019-07-05,4.147285461425781,4.380000114440918,4.389999866485596,4.349999904632568,4.389999866485596,224000
2019-07-08,4.147285461425781,4.380000114440918,4.380000114440918,4.349999904632568,4.360000133514404,98000
2019-07-09,4.147285461425781,4.380000114440918,4.380000114440918,4.360000133514404,4.360000133514404,82000
2019-07-10,4.1756911277771,4.409999847412109,4.420000076293945,4.380000114440918,4.380000114440918,202000
2019-07-11,4.185160160064697,4.420000076293945,4.429999828338623,4.409999847412109,4.409999847412109,74000
2019-07-12,4.1946282386779785,4.429999828338623,4.480000019073486,4.429999828338623,4.480000019073486,112000
2019-07-15,4.204097270965576,4.440000057220459,4.449999809265137,4.409999847412109,4.409999847412109,68000
2019-07-16,4.1946282386779785,4.429999828338623,4.449999809265137,4.409999847412109,4.409999847412109,54000
2019-07-17,4.1946282386779785,4.429999828338623,4.449999809265137,4.400000095367432,4.400000095367432,42000
2019-07-18,4.223034858703613,4.460000038146973,4.460000038146973,4.440000057220459,4.449999809265137,124001
2019-07-19,4.213565826416016,4.449999809265137,4.449999809265137,4.449999809265137,4.449999809265137,0
2019-07-22,4.213565826416016,4.449999809265137,4.480000019073486,4.449999809265137,4.449999809265137,212000
2019-07-23,4.204097270965576,4.440000057220459,4.440000057220459,4.440000057220459,4.440000057220459,0
2019-07-24,4.213565826416016,4.449999809265137,4.449999809265137,4.349999904632568,4.409999847412109,76002
2019-07-25,4.204097270965576,4.440000057220459,4.440000057220459,4.440000057220459,4.440000057220459,6000
2019-07-26,4.16622257232666,4.400000095367432,4.449999809265137,4.400000095367432,4.400000095367432,68000
2019-07-29,4.090473175048828,4.320000171661377,4.400000095367432,4.25,4.25,70000
2019-07-30,4.033661365509033,4.260000228881836,4.300000190734863,4.260000228881836,4.300000190734863,188000
2019-07-31,4.033661365509033,4.260000228881836,4.260000228881836,4.260000228881836,4.260000228881836,0
2019-08-01,3.9863176345825195,4.210000038146973,4.300000190734863,4.210000038146973,4.25,88000
2019-08-02,3.90109920501709,4.119999885559082,4.199999809265137,4.099999904632568,4.199999809265137,166000
2019-08-05,3.645444631576538,3.8499999046325684,4.130000114440918,3.819999933242798,4.130000114440918,420000
2019-08-06,3.787475109100342,4.0,4.110000133514404,3.799999952316284,3.8499999046325684,338000
2019-08-07,3.882161855697632,4.099999904632568,4.119999885559082,4.019999980926514,4.039999961853027,34000
2019-08-08,3.863224506378174,4.079999923706055,4.110000133514404,4.079999923706055,4.099999904632568,108050
2019-08-09,3.825349807739258,4.039999961853027,4.099999904632568,4.03000020980835,4.079999923706055,56000
2019-08-12,3.8158812522888184,4.03000020980835,4.03000020980835,4.010000228881836,4.010000228881836,44000
2019-08-13,3.787475109100342,4.0,4.0,3.9000000953674316,4.0,42000
2019-08-14,3.7401316165924072,3.950000047683716,4.090000152587891,3.7200000286102295,4.0,100000
2019-08-15,3.7780063152313232,3.990000009536743,3.990000009536743,3.950000047683716,3.950000047683716,24000
2019-08-16,3.787475109100342,4.0,4.03000020980835,4.0,4.0,44000
2019-08-19,3.749600410461426,3.9600000381469727,4.0,3.859999895095825,4.0,204000
2019-08-20,3.7401316165924072,3.950000047683716,4.03000020980835,3.950000047683716,3.9700000286102295,194000
2019-08-21,3.7401316165924072,3.950000047683716,4.010000228881836,3.950000047683716,3.9600000381469727,200000
2019-08-22,3.7203946113586426,3.7699999809265137,3.799999952316284,3.740000009536743,3.799999952316284,220000
2019-08-23,3.7203946113586426,3.7699999809265137,3.819999933242798,3.7699999809265137,3.819999933242798,72000
2019-08-26,3.5032894611358643,3.549999952316284,3.75,3.5,3.75,170000
2019-08-27,3.4835524559020996,3.5299999713897705,3.5899999141693115,3.5299999713897705,3.5899999141693115,188000
2019-08-28,3.4539473056793213,3.5,3.5299999713897705,3.5,3.509999990463257,360000
2019-08-29,3.4934210777282715,3.5399999618530273,3.5399999618530273,3.5,3.5,38000
2019-08-30,3.4539473056793213,3.5,3.569999933242798,3.5,3.5,112000
2019-09-02,3.375,3.4200000762939453,3.450000047683716,3.3399999141693115,3.450000047683716,72000
2019-09-03,3.1578948497772217,3.200000047683716,3.4000000953674316,3.190000057220459,3.4000000953674316,180000
2019-09-04,3.4046053886413574,3.450000047683716,3.4600000381469727,3.2200000286102295,3.2300000190734863,1054000
2019-09-05,3.375,3.4200000762939453,3.4200000762939453,3.390000104904175,3.4000000953674316,26000
2019-09-06,3.3552632331848145,3.4000000953674316,3.569999933242798,3.4000000953674316,3.5199999809265137,78000
2019-09-09,3.5328946113586426,3.5799999237060547,3.5999999046325684,3.5,3.5399999618530273,58000
2019-09-10,3.513157844543457,3.559999942779541,3.569999933242798,3.5399999618530273,3.549999952316284,160000
2019-09-11,3.463815689086914,3.509999990463257,3.5799999237060547,3.4800000190734863,3.4800000190734863,66000
2019-09-12,3.463815689086914,3.509999990463257,3.5899999141693115,3.509999990463257,3.5899999141693115,32000
2019-09-13,3.4835524559020996,3.5299999713897705,3.5299999713897705,3.5299999713897705,3.5299999713897705,12000
2019-09-16,3.4539473056793213,3.5,3.5299999713897705,3.5,3.5,222000
2019-09-17,3.463815689086914,3.509999990463257,3.509999990463257,3.4800000190734863,3.5,182000
2019-09-18,3.4440789222717285,3.490000009536743,3.509999990463257,3.4600000381469727,3.5,44000
2019-09-19,3.4046053886413574,3.450000047683716,3.450000047683716,3.450000047683716,3.450000047683716,0
2019-09-20,3.4046053886413574,3.450000047683716,3.509999990463257,3.450000047683716,3.5,36000
2019-09-23,3.3651316165924072,3.4100000858306885,3.5,3.4100000858306885,3.440000057220459,26000
2019-09-24,3.2565789222717285,3.299999952316284,3.299999952316284,3.299999952316284,3.299999952316284,0
2019-09-25,3.1677632331848145,3.2100000381469727,3.309999942779541,3.200000047683716,3.309999942779541,244000
2019-09-26,3.1875,3.2300000190734863,3.299999952316284,3.2300000190734863,3.2300000190734863,18000
2019-09-27,3.1875,3.2300000190734863,3.2699999809265137,3.259999990463257,3.2699999809265137,12000
2019-09-30,3.1578948497772217,3.200000047683716,3.200000047683716,3.200000047683716,3.200000047683716,14000
2019-10-02,3.236842155456543,3.2799999713897705,3.2799999713897705,3.2799999713897705,3.2799999713897705,0
2019-10-03,3.2072367668151855,3.25,3.2699999809265137,3.1700000762939453,3.1700000762939453,42000
2019-10-04,3.1776316165924072,3.2200000286102295,3.299999952316284,3.200000047683716,3.200000047683716,126000
2019-10-08,3.1776316165924072,3.2200000286102295,3.2200000286102295,3.2200000286102295,3.2200000286102295,6000
2019-10-09,3.2072367668151855,3.25,3.25,3.25,3.25,0
2019-10-10,3.1282894611358643,3.1700000762939453,3.25,3.1700000762939453,3.25,24000
2019-10-11,3.1875,3.2300000190734863,3.200000047683716,3.200000047683716,3.200000047683716,10000
2019-10-14,3.1578948497772217,3.200000047683716,3.2300000190734863,3.200000047683716,3.2300000190734863,36364
2019-10-15,3.1973683834075928,3.240000009536743,3.240000009536743,3.200000047683716,3.2200000286102295,26000
2019-10-16,3.1875,3.2300000190734863,3.2300000190734863,3.2300000190734863,3.2300000190734863,0
2019-10-17,3.2171051502227783,3.259999990463257,3.2899999618530273,3.200000047683716,3.240000009536743,124000
2019-10-18,3.226973533630371,3.2699999809265137,3.2799999713897705,3.2699999809265137,3.2699999809265137,10000
2019-10-21,3.14802622795105,3.190000057220459,3.200000047683716,3.190000057220459,3.190000057220459,98000
2019-10-22,3.1578948497772217,3.200000047683716,3.200000047683716,3.190000057220459,3.190000057220459,66000
2019-10-23,3.1085526943206787,3.1500000953674316,3.240000009536743,3.1500000953674316,3.200000047683716,118000
2019-10-24,3.1677632331848145,3.2100000381469727,3.25,3.200000047683716,3.200000047683716,94000
2019-10-25,3.1875,3.2300000190734863,3.240000009536743,3.2300000190734863,3.240000009536743,16000
2019-10-28,3.236842155456543,3.2799999713897705,3.2899999618530273,3.2300000190734863,3.2300000190734863,44000
2019-10-29,3.1578948497772217,3.200000047683716,3.200000047683716,3.200000047683716,3.200000047683716,2000
2019-10-30,3.1578948497772217,3.200000047683716,3.200000047683716,3.200000047683716,3.200000047683716,0
2019-10-31,3.138157844543457,3.180000066757202,3.1700000762939453,3.1700000762939453,3.1700000762939453,10000
2019-11-01,3.138157844543457,3.180000066757202,3.180000066757202,3.180000066757202,3.180000066757202,144000
2019-11-04,3.1184210777282715,3.1600000858306885,3.180000066757202,3.1500000953674316,3.180000066757202,182000
2019-11-05,3.1184210777282715,3.1600000858306885,3.1600000858306885,3.0999999046325684,3.1600000858306885,48000
2019-11-06,3.1184210777282715,3.1600000858306885,3.180000066757202,3.1600000858306885,3.1700000762939453,156000
2019-11-07,3.138157844543457,3.180000066757202,3.190000057220459,3.1700000762939453,3.1700000762939453,326000
2019-11-08,3.138157844543457,3.180000066757202,3.200000047683716,3.1700000762939453,3.180000066757202,276000
2019-11-11,3.1085526943206787,3.1500000953674316,3.240000009536743,3.1500000953674316,3.1700000762939453,476000
2019-11-12,3.088815927505493,3.130000114440918,3.1500000953674316,3.0999999046325684,3.119999885559082,104000
2019-11-13,2.9703946113586426,3.009999990463257,3.140000104904175,2.9800000190734863,3.140000104904175,154000
2019-11-14,2.9802629947662354,3.0199999809265137,3.0399999618530273,3.009999990463257,3.0399999618530273,10000
2019-11-15,3.0,3.0399999618530273,3.0999999046325684,3.0199999809265137,3.0199999809265137,74000
2019-11-18,3.0098683834075928,3.049999952316284,3.069999933242798,3.049999952316284,3.069999933242798,12000
2019-11-19,3.0197367668151855,3.059999942779541,3.069999933242798,3.049999952316284,3.059999942779541,200000
2019-11-20,3.0197367668151855,3.059999942779541,3.0899999141693115,3.0199999809265137,3.0199999809265137,74000
2019-11-21,3.0197367668151855,3.059999942779541,3.059999942779541,3.0199999809265137,3.0199999809265137,12000
2019-11-22,3.0197367668151855,3.059999942779541,3.059999942779541,3.059999942779541,3.059999942779541,0
2019-11-25,3.0296051502227783,3.069999933242798,3.119999885559082,3.069999933242798,3.119999885559082,40000
2019-11-26,3.0197367668151855,3.059999942779541,3.0799999237060547,2.990000009536743,3.069999933242798,92000
2019-11-27,2.950657844543457,2.990000009536743,3.009999990463257,2.9800000190734863,3.009999990463257,20000
2019-11-28,3.0098683834075928,3.049999952316284,3.0999999046325684,3.0299999713897705,3.0299999713897705,28000
2019-11-29,2.96052622795105,3.0,3.049999952316284,3.0,3.0,104000
2019-12-02,2.901315927505493,2.940000057220459,3.0,2.9000000953674316,3.0,62000
2019-12-03,2.8717105388641357,2.9100000858306885,2.930000066757202,2.9100000858306885,2.930000066757202,30000
2019-12-04,2.911184310913086,2.950000047683716,2.950000047683716,2.930000066757202,2.930000066757202,20000
2019-12-05,2.861842155456543,2.9000000953674316,2.9800000190734863,2.9000000953674316,2.9100000858306885,104000
2019-12-06,2.812499761581421,2.8499999046325684,2.930000066757202,2.8499999046325684,2.9000000953674316,50000
2019-12-09,2.861842155456543,2.9000000953674316,2.9200000762939453,2.9000000953674316,2.9100000858306885,34000
2019-12-10,2.861842155456543,2.9000000953674316,2.9000000953674316,2.9000000953674316,2.9000000953674316,8000
2019-12-11,2.861842155456543,2.9000000953674316,2.9000000953674316,2.9000000953674316,2.9000000953674316,12000
2019-12-12,2.861842155456543,2.9000000953674316,2.990000009536743,2.9000000953674316,2.9000000953674316,838000
2019-12-13,2.8322367668151855,2.869999885559082,2.869999885559082,2.869999885559082,2.869999885559082,0
2019-12-16,2.66447377204895,2.700000047683716,2.869999885559082,2.700000047683716,2.859999895095825,330000
2019-12-17,2.7434210777282715,2.7799999713897705,2.7799999713897705,2.7799999713897705,2.7799999713897705,0
2019-12-18,2.7434210777282715,2.7799999713897705,2.7799999713897705,2.609999895095825,2.7799999713897705,268000
2019-12-19,2.713815689086914,2.75,2.759999990463257,2.690000057220459,2.700000047683716,132000
2019-12-20,2.6842105388641357,2.7200000286102295,2.75,2.7200000286102295,2.75,14000
2019-12-23,2.674342155456543,2.7100000381469727,2.7100000381469727,2.7100000381469727,2.7100000381469727,54000
2019-12-24,2.674342155456543,2.7100000381469727,2.7100000381469727,2.7100000381469727,2.7100000381469727,0
2019-12-27,2.723684072494507,2.759999990463257,2.759999990463257,2.7200000286102295,2.7300000190734863,32000
2019-12-30,2.763157844543457,2.799999952316284,2.799999952316284,2.7799999713897705,2.7799999713897705,40000
2019-12-31,2.763157844543457,2.799999952316284,2.799999952316284,2.799999952316284,2.799999952316284,0
2020-01-02,2.901315927505493,2.940000057220459,2.940000057220459,2.8299999237060547,2.8299999237060547,128000
2020-01-03,2.85197377204895,2.890000104904175,2.940000057220459,2.890000104904175,2.940000057220459,104000
2020-01-06,2.8914473056793213,2.930000066757202,2.930000066757202,2.890000104904175,2.890000104904175,28000
2020-01-07,2.911184310913086,2.950000047683716,2.950000047683716,2.950000047683716,2.950000047683716,0
2020-01-08,2.85197377204895,2.890000104904175,2.950000047683716,2.799999952316284,2.930000066757202,140000
2020-01-09,2.85197377204895,2.890000104904175,2.890000104904175,2.890000104904175,2.890000104904175,0
2020-01-10,2.812499761581421,2.8499999046325684,2.9000000953674316,2.8499999046325684,2.8499999046325684,44000
2020-01-13,2.763157844543457,2.799999952316284,2.9000000953674316,2.799999952316284,2.8499999046325684,64000
2020-01-14,2.861842155456543,2.9000000953674316,2.9000000953674316,2.890000104904175,2.9000000953674316,224000
2020-01-15,2.861842155456543,2.9000000953674316,2.990000009536743,2.9000000953674316,2.9000000953674316,62000
2020-01-16,2.85197377204895,2.890000104904175,2.9000000953674316,2.890000104904175,2.9000000953674316,22000
2020-01-17,2.9407894611358643,2.9800000190734863,2.990000009536743,2.990000009536743,2.990000009536743,4000
2020-01-20,2.861842155456543,2.9000000953674316,2.890000104904175,2.890000104904175,2.890000104904175,10000
2020-01-21,2.861842155456543,2.9000000953674316,2.9800000190734863,2.9000000953674316,2.9800000190734863,14000
2020-01-22,2.861842155456543,2.9000000953674316,2.9000000953674316,2.9000000953674316,2.9000000953674316,0
2020-01-23,2.802631378173828,2.8399999141693115,2.8399999141693115,2.809999942779541,2.809999942779541,6000
2020-01-24,2.802631378173828,2.8399999141693115,2.8399999141693115,2.8399999141693115,2.8399999141693115,0
2020-01-29,2.7828946113586426,2.819999933242798,2.9000000953674316,2.6500000953674316,2.799999952316284,278000
2020-01-30,2.7335526943206787,2.7699999809265137,2.7699999809265137,2.700000047683716,2.75,94000
2020-01-31,2.674342155456543,2.7100000381469727,2.7699999809265137,2.6500000953674316,2.6600000858306885,46000
2020-02-03,2.6151316165924072,2.6500000953674316,2.680000066757202,2.6500000953674316,2.680000066757202,30000
2020-02-04,2.6151316165924072,2.6500000953674316,2.6700000762939453,2.609999895095825,2.609999895095825,28000
2020-02-05,2.6052632331848145,2.640000104904175,2.640000104904175,2.5,2.609999895095825,128000
2020-02-06,2.5953948497772217,2.630000114440918,2.6500000953674316,2.619999885559082,2.6500000953674316,14000
2020-02-07,2.5953948497772217,2.630000114440918,2.640000104904175,2.630000114440918,2.609999895095825,40000
2020-02-10,2.5953948497772217,2.630000114440918,2.630000114440918,2.619999885559082,2.619999885559082,74000
2020-02-11,2.575657844543457,2.609999895095825,2.619999885559082,2.609999895095825,2.609999895095825,182000
2020-02-12,2.5953948497772217,2.630000114440918,2.630000114440918,2.609999895095825,2.609999895095825,332000
2020-02-13,2.5953948497772217,2.630000114440918,2.630000114440918,2.609999895095825,2.619999885559082,78000
2020-02-14,2.58552622795105,2.619999885559082,2.6500000953674316,2.609999895095825,2.630000114440918,120000
2020-02-17,2.674342155456543,2.7100000381469727,2.7100000381469727,2.7100000381469727,2.7100000381469727,42000
2020-02-18,2.58552622795105,2.619999885559082,2.619999885559082,2.619999885559082,2.619999885559082,0
2020-02-19,2.575657844543457,2.609999895095825,2.700000047683716,2.609999895095825,2.619999885559082,32000
2020-02-20,2.58552622795105,2.619999885559082,2.619999885559082,2.609999895095825,2.619999885559082,280000
2020-02-21,2.6348683834075928,2.6700000762939453,2.6700000762939453,2.609999895095825,2.609999895095825,86000
2020-02-24,2.625,2.6600000858306885,2.6700000762939453,2.6600000858306885,2.6700000762939453,10000
2020-02-25,2.625,2.6600000858306885,2.6600000858306885,2.6600000858306885,2.6600000858306885,0
2020-02-26,2.6151316165924072,2.6500000953674316,2.6600000858306885,2.609999895095825,2.609999895095825,44000
2020-02-27,2.5657894611358643,2.5999999046325684,2.6600000858306885,2.5999999046325684,2.6500000953674316,240000
2020-02-28,2.6052632331848145,2.640000104904175,2.6500000953674316,2.640000104904175,2.6500000953674316,46000
2020-03-02,2.6052632331848145,2.640000104904175,2.640000104904175,2.640000104904175,2.640000104904175,0
2020-03-03,2.625,2.6600000858306885,2.6700000762939453,2.619999885559082,2.619999885559082,34000
2020-03-04,2.6052632331848145,2.640000104904175,2.619999885559082,2.609999895095825,2.619999885559082,274000
2020-03-05,2.6052632331848145,2.640000104904175,2.640000104904175,2.630000114440918,2.640000104904175,44000
2020-03-06,2.625,2.6600000858306885,2.6600000858306885,2.609999895095825,2.609999895095825,58000
2020-03-09,2.6546053886413574,2.690000057220459,2.690000057220459,2.609999895095825,2.609999895095825,220000
2020-03-10,2.6447367668151855,2.680000066757202,2.680000066757202,2.630000114440918,2.630000114440918,26000
2020-03-11,2.6447367668151855,2.680000066757202,2.690000057220459,2.680000066757202,2.680000066757202,42000
2020-03-12,2.5953948497772217,2.630000114440918,2.6600000858306885,2.609999895095825,2.630000114440918,144000
2020-03-13,2.5164473056793213,2.549999952316284,2.609999895095825,2.549999952316284,2.609999895095825,597000
2020-03-16,2.5657894611358643,2.5999999046325684,2.5999999046325684,2.549999952316284,2.549999952316284,22000
2020-03-17,2.5657894611358643,2.5999999046325684,2.5999999046325684,2.5999999046325684,2.5999999046325684,0
2020-03-18,2.476973533630371,2.509999990463257,2.549999952316284,2.509999990463257,2.549999952316284,244000
2020-03-19,2.5164473056793213,2.549999952316284,2.5899999141693115,2.509999990463257,2.5199999809265137,486000
2020-03-20,2.5164473056793213,2.549999952316284,2.549999952316284,2.549999952316284,2.549999952316284,0
2020-03-23,2.476973533630371,2.509999990463257,2.6500000953674316,2.509999990463257,2.509999990463257,124000
2020-03-24,2.5065789222717285,2.5399999618530273,2.549999952316284,2.509999990463257,2.5199999809265137,94000
2020-03-25,2.486842155456543,2.5199999809265137,2.5199999809265137,2.509999990463257,2.5199999809265137,40000
2020-03-26,2.486842155456543,2.5199999809265137,2.6500000953674316,2.509999990463257,2.509999990463257,64000
2020-03-27,2.5953948497772217,2.630000114440918,2.630000114440918,2.5199999809265137,2.5199999809265137,10000
2020-03-30,2.5953948497772217,2.630000114440918,2.630000114440918,2.630000114440918,2.630000114440918,0
2020-03-31,2.6052632331848145,2.640000104904175,2.640000104904175,2.640000104904175,2.640000104904175,0
2020-04-01,2.476973533630371,2.509999990463257,2.5299999713897705,2.509999990463257,2.5199999809265137,18000
2020-04-02,2.486842155456543,2.5199999809265137,2.619999885559082,2.509999990463257,2.509999990463257,32441
2020-04-03,2.5164473056793213,2.549999952316284,2.549999952316284,2.549999952316284,2.549999952316284,0
2020-04-06,2.5164473056793213,2.549999952316284,2.549999952316284,2.549999952316284,2.549999952316284,2000
2020-04-07,2.5164473056793213,2.549999952316284,2.549999952316284,2.549999952316284,2.549999952316284,0
2020-04-08,2.575657844543457,2.609999895095825,2.609999895095825,2.509999990463257,2.509999990463257,44000
2020-04-09,2.6447367668151855,2.680000066757202,2.680000066757202,2.509999990463257,2.5199999809265137,38000
2020-04-14,2.5460524559020996,2.5799999237060547,2.5799999237060547,2.5799999237060547,2.5799999237060547,0
2020-04-15,2.536184072494507,2.569999933242798,2.5799999237060547,2.569999933242798,2.5799999237060547,53059
2020-04-16,2.536184072494507,2.569999933242798,2.569999933242798,2.569999933242798,2.569999933242798,0
2020-04-17,2.536184072494507,2.569999933242798,2.569999933242798,2.569999933242798,2.569999933242798,0
2020-04-20,2.58552622795105,2.619999885559082,2.619999885559082,2.549999952316284,2.5899999141693115,32000
2020-04-21,2.536184072494507,2.569999933242798,2.569999933242798,2.569999933242798,2.569999933242798,12000
2020-04-22,2.536184072494507,2.569999933242798,2.569999933242798,2.569999933242798,2.569999933242798,0
2020-04-23,2.5657894611358643,2.5999999046325684,2.630000114440918,2.5999999046325684,2.630000114440918,40000
2020-04-24,2.5657894611358643,2.5999999046325684,2.5999999046325684,2.5999999046325684,2.5999999046325684,0
2020-04-27,2.5559208393096924,2.5899999141693115,2.5899999141693115,2.549999952316284,2.549999952316284,10000
2020-04-28,2.5065789222717285,2.5399999618530273,2.5799999237060547,2.5399999618530273,2.559999942779541,14000
2020-04-29,2.625,2.6600000858306885,2.6600000858306885,2.5899999141693115,2.5899999141693115,72000
2020-05-04,2.6052632331848145,2.640000104904175,2.680000066757202,2.640000104904175,2.609999895095825,24000
2020-05-05,2.5953948497772217,2.630000114440918,2.630000114440918,2.5999999046325684,2.5999999046325684,24000
2020-05-06,2.6151316165924072,2.6500000953674316,2.6500000953674316,2.5999999046325684,2.5999999046325684,26000
2020-05-07,2.5657894611358643,2.5999999046325684,2.6600000858306885,2.5999999046325684,2.6600000858306885,14000
2020-05-08,2.58552622795105,2.619999885559082,2.619999885559082,2.5999999046325684,2.609999895095825,70000
2020-05-11,2.5953948497772217,2.630000114440918,2.630000114440918,2.630000114440918,2.630000114440918,0
2020-05-12,2.7434210777282715,2.7799999713897705,2.7899999618530273,2.609999895095825,2.609999895095825,66000
2020-05-13,2.7335526943206787,2.7699999809265137,2.7699999809265137,2.7699999809265137,2.7699999809265137,0
2020-05-14,2.6052632331848145,2.640000104904175,2.640000104904175,2.640000104904175,2.640000104904175,0
2020-05-15,2.5953948497772217,2.630000114440918,2.630000114440918,2.630000114440918,2.630000114440918,22000
2020-05-18,2.58552622795105,2.619999885559082,2.630000114440918,2.619999885559082,2.630000114440918,4000
2020-05-19,2.6151316165924072,2.6500000953674316,2.6500000953674316,2.6500000953674316,2.6500000953674316,0
2020-05-20,2.575657844543457,2.609999895095825,2.6500000953674316,2.5999999046325684,2.6500000953674316,12000
2020-05-21,2.575657844543457,2.609999895095825,2.609999895095825,2.609999895095825,2.609999895095825,0
2020-05-22,2.5953948497772217,2.630000114440918,2.640000104904175,2.5,2.5899999141693115,114000
2020-05-25,2.4671051502227783,2.5,2.5299999713897705,2.5,2.5299999713897705,94000
2020-05-26,2.536184072494507,2.569999933242798,2.569999933242798,2.5199999809265137,2.5199999809265137,42000
2020-05-27,2.4671051502227783,2.5,2.549999952316284,2.5,2.549999952316284,40000
2020-05-28,2.3684210777282715,2.4000000953674316,2.5,2.299999952316284,2.299999952316284,102000
2020-05-29,2.348684310913086,2.380000114440918,2.390000104904175,2.380000114440918,2.390000104904175,26000
2020-06-01,2.3190789222717285,2.3499999046325684,2.380000114440918,2.3499999046325684,2.380000114440918,28000
2020-06-02,2.3289473056793213,2.359999895095825,2.3499999046325684,2.3499999046325684,2.3499999046325684,12000
2020-06-03,2.338815689086914,2.369999885559082,2.359999895095825,2.2799999713897705,2.2799999713897705,22000
2020-06-04,2.3684210777282715,2.4000000953674316,2.4000000953674316,2.380000114440918,2.380000114440918,6000
2020-06-05,2.398026466369629,2.430000066757202,2.440000057220459,2.430000066757202,2.440000057220459,12000
2020-06-08,2.4177632331848145,2.450000047683716,2.559999942779541,2.430000066757202,2.430000066757202,50000
2020-06-09,2.4671051502227783,2.5,2.5,2.4800000190734863,2.4800000190734863,68000
2020-06-10,2.486842155456543,2.5199999809265137,2.5199999809265137,2.450000047683716,2.5199999809265137,46000
2020-06-11,2.4671051502227783,2.5,2.509999990463257,2.4600000381469727,2.509999990463257,54000
2020-06-12,2.4078948497772217,2.440000057220459,2.440000057220459,2.3499999046325684,2.3499999046325684,4000
2020-06-15,2.4078948497772217,2.440000057220459,2.440000057220459,2.3299999237060547,2.3299999237060547,8000
2020-06-16,2.398026466369629,2.430000066757202,2.430000066757202,2.430000066757202,2.430000066757202,0
2020-06-17,2.398026466369629,2.430000066757202,2.450000047683716,2.430000066757202,2.450000047683716,30000
2020-06-18,2.398026466369629,2.430000066757202,2.430000066757202,2.430000066757202,2.430000066757202,4000
2020-06-19,2.398026466369629,2.430000066757202,2.430000066757202,2.430000066757202,2.430000066757202,0
2020-06-22,2.4078948497772217,2.440000057220459,2.440000057220459,2.440000057220459,2.440000057220459,4000
2020-06-23,2.299341917037964,2.3299999237060547,2.3299999237060547,2.3299999237060547,2.3299999237060547,2000
2020-06-24,2.289473533630371,2.319999933242798,2.3299999237060547,2.299999952316284,2.299999952316284,54000
2020-06-26,2.3092103004455566,2.3399999141693115,2.3399999141693115,2.3399999141693115,2.3399999141693115,4000
2020-06-29,2.2598683834075928,2.2899999618530273,2.299999952316284,2.1600000858306885,2.299999952316284,166000
2020-06-30,2.2697367668151855,2.299999952316284,2.299999952316284,2.299999952316284,2.299999952316284,20000
2020-07-02,2.2203946113586426,2.25,2.299999952316284,2.119999885559082,2.299999952316284,14000
2020-07-03,2.1710526943206787,2.200000047683716,2.2300000190734863,2.200000047683716,2.2300000190734863,96000
2020-07-06,2.1710526943206787,2.200000047683716,2.2799999713897705,2.119999885559082,2.2100000381469727,182000
2020-07-07,2.161184310913086,2.190000057220459,2.3399999141693115,2.190000057220459,2.200000047683716,40000
2020-07-08,2.2302632331848145,2.259999990463257,2.2899999618530273,2.2899999618530273,2.2899999618530273,10000
2020-07-09,2.2401316165924072,2.2699999809265137,2.2799999713897705,2.190000057220459,2.200000047683716,82000
2020-07-10,2.161184310913086,2.190000057220459,2.190000057220459,2.190000057220459,2.190000057220459,20000
2020-07-13,2.151315927505493,2.180000066757202,2.2100000381469727,2.180000066757202,2.190000057220459,68000
2020-07-14,2.151315927505493,2.180000066757202,2.180000066757202,2.180000066757202,2.180000066757202,0
2020-07-15,2.151315927505493,2.180000066757202,2.180000066757202,2.180000066757202,2.180000066757202,14000
2020-07-16,2.151315927505493,2.180000066757202,2.180000066757202,2.180000066757202,2.180000066757202,52000
2020-07-17,2.151315927505493,2.180000066757202,2.180000066757202,2.180000066757202,2.180000066757202,0
2020-07-20,2.1710526943206787,2.200000047683716,2.200000047683716,2.200000047683716,2.200000047683716,0
2020-07-21,2.2302632331848145,2.259999990463257,2.259999990463257,2.259999990463257,2.259999990463257,0
2020-07-22,2.2302632331848145,2.259999990463257,2.259999990463257,2.259999990463257,2.259999990463257,4000
2020-07-23,2.2203946113586426,2.25,2.25,2.25,2.25,0
2020-07-24,2.151315927505493,2.180000066757202,2.180000066757202,2.180000066757202,2.180000066757202,62000
2020-07-27,2.151315927505493,2.180000066757202,2.180000066757202,2.180000066757202,2.180000066757202,24000
2020-07-28,2.151315927505493,2.180000066757202,2.200000047683716,2.180000066757202,2.200000047683716,52000
2020-07-29,2.151315927505493,2.180000066757202,2.180000066757202,2.180000066757202,2.180000066757202,4000
2020-07-30,2.2203946113586426,2.25,2.2899999618530273,2.180000066757202,2.180000066757202,34000
2020-07-31,2.151315927505493,2.180000066757202,2.190000057220459,2.180000066757202,2.190000057220459,10000
2020-08-03,2.151315927505493,2.180000066757202,2.180000066757202,2.180000066757202,2.180000066757202,66000
2020-08-04,2.1809210777282715,2.2100000381469727,2.2100000381469727,2.180000066757202,2.180000066757202,20000
2020-08-05,2.151315927505493,2.180000066757202,2.180000066757202,2.180000066757202,2.180000066757202,26000
2020-08-06,2.151315927505493,2.180000066757202,2.180000066757202,2.180000066757202,2.180000066757202,18000
2020-08-07,2.151315927505493,2.180000066757202,2.180000066757202,2.180000066757202,2.180000066757202,28000
2020-08-10,2.161184310913086,2.190000057220459,2.190000057220459,2.180000066757202,2.180000066757202,122000
2020-08-11,2.1809210777282715,2.2100000381469727,2.2100000381469727,2.2100000381469727,2.2100000381469727,2000
2020-08-12,2.1710526943206787,2.200000047683716,2.200000047683716,2.200000047683716,2.200000047683716,6000
2020-08-13,2.1809210777282715,2.2100000381469727,2.2100000381469727,2.200000047683716,2.200000047683716,66000
2020-08-14,2.200657844543457,2.2300000190734863,2.2300000190734863,2.2300000190734863,2.2300000190734863,4000
2020-08-17,2.200657844543457,2.2300000190734863,2.2300000190734863,2.2300000190734863,2.2300000190734863,20000
2020-08-18,2.2203946113586426,2.25,2.2699999809265137,2.25,2.259999990463257,23059
2020-08-19,2.151315927505493,2.180000066757202,2.25,2.180000066757202,2.25,74000
2020-08-20,2.3289473056793213,2.359999895095825,2.4000000953674316,2.259999990463257,2.259999990463257,80000
2020-08-21,2.3289473056793213,2.359999895095825,2.359999895095825,2.359999895095825,2.359999895095825,0
2020-08-24,2.3190789222717285,2.3499999046325684,2.359999895095825,2.3499999046325684,2.359999895095825,70000
2020-08-25,2.398026466369629,2.430000066757202,2.430000066757202,2.430000066757202,2.430000066757202,2000
2020-08-26,2.398026466369629,2.430000066757202,2.430000066757202,2.4200000762939453,2.4200000762939453,26000
2020-08-27,2.398026466369629,2.430000066757202,2.430000066757202,2.430000066757202,2.430000066757202,0
2020-08-28,2.3684210777282715,2.4000000953674316,2.4000000953674316,2.4000000953674316,2.4000000953674316,22000
2020-08-31,2.3782894611358643,2.4100000858306885,2.440000057220459,2.4100000858306885,2.4200000762939453,48000
2020-09-01,2.388157844543457,2.4200000762939453,2.4200000762939453,2.4200000762939453,2.4200000762939453,34000
2020-09-02,2.4078948497772217,2.440000057220459,2.440000057220459,2.440000057220459,2.440000057220459,10000
2020-09-03,2.4177632331848145,2.450000047683716,2.450000047683716,2.450000047683716,2.450000047683716,0
2020-09-04,2.398026466369629,2.430000066757202,2.440000057220459,2.430000066757202,2.440000057220459,20000
2020-09-07,2.3190789222717285,2.3499999046325684,2.369999885559082,2.3499999046325684,2.369999885559082,26000
2020-09-08,2.2697367668151855,2.299999952316284,2.3299999237060547,2.299999952316284,2.3299999237060547,24000
2020-09-09,2.3289473056793213,2.359999895095825,2.359999895095825,2.299999952316284,2.299999952316284,76000
2020-09-10,2.3684210777282715,2.4000000953674316,2.4000000953674316,2.359999895095825,2.359999895095825,26000
2020-09-11,2.3684210777282715,2.4000000953674316,2.4000000953674316,2.4000000953674316,2.4000000953674316,0
2020-09-14,2.4572367668151855,2.490000009536743,2.490000009536743,2.490000009536743,2.490000009536743,0
2020-09-15,2.3684210777282715,2.4000000953674316,2.4000000953674316,2.4000000953674316,2.4000000953674316,2000
2020-09-16,2.3684210777282715,2.4000000953674316,2.4000000953674316,2.4000000953674316,2.4000000953674316,0
2020-09-17,2.5657894611358643,2.5999999046325684,2.6700000762939453,2.6700000762939453,2.6700000762939453,4000
2020-09-18,2.4671051502227783,2.5,2.5999999046325684,2.5,2.5999999046325684,40000
2020-09-21,2.388157844543457,2.4200000762939453,2.430000066757202,2.430000066757202,2.430000066757202,4000
2020-09-22,2.338815689086914,2.369999885559082,2.369999885559082,2.369999885559082,2.369999885559082,4000
2020-09-23,2.2697367668151855,2.299999952316284,2.319999933242798,2.299999952316284,2.319999933242798,48000
2020-09-24,2.25,2.2799999713897705,2.2799999713897705,2.2799999713897705,2.2799999713897705,44000
2020-09-25,2.2796051502227783,2.309999942779541,2.309999942779541,2.2799999713897705,2.2899999618530273,14000
2020-09-28,2.2796051502227783,2.309999942779541,2.309999942779541,2.309999942779541,2.309999942779541,0
2020-09-29,2.2796051502227783,2.309999942779541,2.309999942779541,2.309999942779541,2.309999942779541,18000
2020-09-30,2.2796051502227783,2.309999942779541,2.319999933242798,2.309999942779541,2.319999933242798,78000
2020-10-05,2.289473533630371,2.319999933242798,2.319999933242798,2.319999933242798,2.319999933242798,0
2020-10-06,2.2203946113586426,2.25,2.309999942779541,2.200000047683716,2.309999942779541,1024000
2020-10-07,2.21052622795105,2.240000009536743,2.2699999809265137,2.240000009536743,2.2699999809265137,70000
2020-10-08,2.161184310913086,2.190000057220459,2.190000057220459,2.190000057220459,2.190000057220459,0
2020-10-09,2.161184310913086,2.190000057220459,2.190000057220459,2.1600000858306885,2.1600000858306885,12000
2020-10-12,2.161184310913086,2.190000057220459,2.190000057220459,2.190000057220459,2.190000057220459,10000
2020-10-14,2.1710526943206787,2.200000047683716,2.200000047683716,2.200000047683716,2.200000047683716,10000
2020-10-15,2.1710526943206787,2.200000047683716,2.200000047683716,2.200000047683716,2.200000047683716,0
2020-10-16,2.1710526943206787,2.200000047683716,2.200000047683716,2.1500000953674316,2.1500000953674316,12000
2020-10-19,2.1710526943206787,2.200000047683716,2.200000047683716,2.200000047683716,2.200000047683716,0
2020-10-20,2.1809210777282715,2.2100000381469727,2.2100000381469727,2.2100000381469727,2.2100000381469727,0
2020-10-21,2.1710526943206787,2.200000047683716,2.200000047683716,2.200000047683716,2.200000047683716,40000
2020-10-22,2.161184310913086,2.190000057220459,2.190000057220459,2.190000057220459,2.190000057220459,0
2020-10-23,2.1710526943206787,2.200000047683716,2.200000047683716,2.200000047683716,2.200000047683716,22000
2020-10-27,2.1710526943206787,2.200000047683716,2.200000047683716,2.200000047683716,2.200000047683716,90000
2020-10-28,2.1315789222717285,2.1600000858306885,2.190000057220459,2.1600000858306885,2.190000057220459,18000
2020-10-29,2.1414473056793213,2.1700000762939453,2.1700000762939453,2.1700000762939453,2.1700000762939453,0
2020-10-30,2.1315789222717285,2.1600000858306885,2.180000066757202,2.1600000858306885,2.180000066757202,28000
2020-11-02,2.1315789222717285,2.1600000858306885,2.1600000858306885,2.1600000858306885,2.1600000858306885,0
2020-11-03,2.1414473056793213,2.1700000762939453,2.1700000762939453,2.1700000762939453,2.1700000762939453,0
2020-11-04,2.151315927505493,2.180000066757202,2.180000066757202,2.180000066757202,2.180000066757202,0
2020-11-05,2.1809210777282715,2.2100000381469727,2.2100000381469727,2.2100000381469727,2.2100000381469727,28000
2020-11-06,2.200657844543457,2.2300000190734863,2.2200000286102295,2.200000047683716,2.200000047683716,96000
2020-11-09,2.3190789222717285,2.3499999046325684,2.4200000762939453,2.2899999618530273,2.4100000858306885,80000
2020-11-10,2.3190789222717285,2.3499999046325684,2.549999952316284,2.3499999046325684,2.549999952316284,38000
2020-11-11,2.4078948497772217,2.440000057220459,2.450000047683716,2.4000000953674316,2.4000000953674316,58000
2020-11-12,2.4078948497772217,2.440000057220459,2.440000057220459,2.440000057220459,2.440000057220459,0
2020-11-13,2.2796051502227783,2.309999942779541,2.309999942779541,2.299999952316284,2.299999952316284,12000
2020-11-16,2.2796051502227783,2.309999942779541,2.309999942779541,2.309999942779541,2.309999942779541,0
2020-11-17,2.2796051502227783,2.309999942779541,2.309999942779541,2.309999942779541,2.309999942779541,0
2020-11-18,2.2796051502227783,2.309999942779541,2.309999942779541,2.309999942779541,2.309999942779541,0
2020-11-19,2.2796051502227783,2.309999942779541,2.309999942779541,2.309999942779541,2.309999942779541,6000
2020-11-20,2.2203946113586426,2.25,2.309999942779541,2.2200000286102295,2.309999942779541,14000
2020-11-23,2.1809210777282715,2.2100000381469727,2.2100000381469727,2.2100000381469727,2.2100000381469727,12000
2020-11-24,2.161184310913086,2.190000057220459,2.2100000381469727,2.1600000858306885,2.2100000381469727,48000
2020-11-25,2.25,2.2799999713897705,2.2799999713897705,2.259999990463257,2.259999990463257,22000
2020-11-26,2.1809210777282715,2.2100000381469727,2.2200000286102295,2.2100000381469727,2.2100000381469727,28000
2020-11-27,2.1809210777282715,2.2100000381469727,2.2200000286102295,2.2100000381469727,2.2200000286102295,20000
2020-11-30,2.151315927505493,2.180000066757202,2.200000047683716,2.1600000858306885,2.200000047683716,76000
2020-12-01,2.1315789222717285,2.1600000858306885,2.1600000858306885,2.1600000858306885,2.1600000858306885,0
2020-12-02,2.1414473056793213,2.1700000762939453,2.1600000858306885,2.1600000858306885,2.1600000858306885,10000
2020-12-03,2.1710526943206787,2.200000047683716,2.200000047683716,2.200000047683716,2.1700000762939453,48000
2020-12-04,2.1710526943206787,2.200000047683716,2.200000047683716,2.200000047683716,2.200000047683716,0
2020-12-07,2.1710526943206787,2.200000047683716,2.200000047683716,2.200000047683716,2.200000047683716,2000
2020-12-08,2.21052622795105,2.240000009536743,2.240000009536743,2.240000009536743,2.240000009536743,8000
2020-12-09,2.200657844543457,2.2300000190734863,2.2300000190734863,2.2300000190734863,2.2300000190734863,0
2020-12-10,2.200657844543457,2.2300000190734863,2.2300000190734863,2.2300000190734863,2.2300000190734863,0
2020-12-11,2.200657844543457,2.2300000190734863,2.2300000190734863,2.2300000190734863,2.2300000190734863,0
2020-12-14,2.1907894611358643,2.2200000286102295,2.2200000286102295,2.2200000286102295,2.2200000286102295,0
2020-12-15,2.1809210777282715,2.2100000381469727,2.2100000381469727,2.2100000381469727,2.2100000381469727,2000
2020-12-16,2.1809210777282715,2.2100000381469727,2.2100000381469727,2.2100000381469727,2.2100000381469727,6000
2020-12-17,2.1315789222717285,2.1600000858306885,2.1600000858306885,2.1600000858306885,2.1600000858306885,10000
2020-12-18,2.1315789222717285,2.1600000858306885,2.1600000858306885,2.1600000858306885,2.1600000858306885,0
2020-12-21,2.151315927505493,2.180000066757202,2.180000066757202,2.180000066757202,2.180000066757202,12000
2020-12-22,2.1414473056793213,2.1700000762939453,2.1700000762939453,2.1700000762939453,2.1700000762939453,0
2020-12-23,2.2598683834075928,2.2899999618530273,2.3299999237060547,2.319999933242798,2.1700000762939453,200000
2020-12-24,2.25,2.2799999713897705,2.2799999713897705,2.2799999713897705,2.2799999713897705,0
2020-12-28,2.151315927505493,2.180000066757202,2.180000066757202,2.180000066757202,2.180000066757202,0
2020-12-29,2.1710526943206787,2.200000047683716,2.200000047683716,2.200000047683716,2.200000047683716,0
2020-12-30,2.1710526943206787,2.200000047683716,2.3499999046325684,2.1500000953674316,2.1600000858306885,80000
2020-12-31,2.2203946113586426,2.25,2.25,2.25,2.25,0
2021-01-04,2.25,2.2799999713897705,2.309999942779541,2.25,2.25,36000
2021-01-05,2.1710526943206787,2.200000047683716,2.200000047683716,2.200000047683716,2.200000047683716,2000
2021-01-06,2.1710526943206787,2.200000047683716,2.200000047683716,2.200000047683716,2.200000047683716,0
2021-01-07,2.151315927505493,2.180000066757202,2.180000066757202,2.1600000858306885,2.180000066757202,32000
2021-01-08,2.1217105388641357,2.1500000953674316,2.1600000858306885,2.1500000953674316,2.1600000858306885,28000
2021-01-11,2.1414473056793213,2.1700000762939453,2.1700000762939453,2.1600000858306885,2.1700000762939453,74000
2021-01-12,2.151315927505493,2.180000066757202,2.180000066757202,2.180000066757202,2.180000066757202,0
2021-01-13,2.151315927505493,2.180000066757202,2.180000066757202,2.180000066757202,2.180000066757202,0
2021-01-14,2.151315927505493,2.180000066757202,2.180000066757202,2.1500000953674316,2.1700000762939453,44000
2021-01-15,2.161184310913086,2.190000057220459,2.190000057220459,2.180000066757202,2.190000057220459,88000
2021-01-18,2.1217105388641357,2.1500000953674316,2.1500000953674316,2.1500000953674316,2.1500000953674316,0
2021-01-19,2.1217105388641357,2.1500000953674316,2.1500000953674316,2.109999895095825,2.1500000953674316,176000
2021-01-20,2.2203946113586426,2.25,2.2899999618530273,2.25,2.2799999713897705,8000
2021-01-21,2.2203946113586426,2.25,2.2699999809265137,2.25,2.25,40000
2021-01-22,2.2203946113586426,2.25,2.25,2.25,2.25,0
2021-01-25,2.2203946113586426,2.25,2.25,2.130000114440918,2.130000114440918,31147
2021-01-26,2.2203946113586426,2.25,2.25,2.25,2.25,0
2021-01-27,2.1710526943206787,2.200000047683716,2.200000047683716,2.200000047683716,2.200000047683716,0
2021-01-28,2.200657844543457,2.2300000190734863,2.2300000190734863,2.2300000190734863,2.2300000190734863,0
2021-01-29,2.200657844543457,2.2300000190734863,2.2300000190734863,2.2300000190734863,2.2300000190734863,0
2021-02-01,2.200657844543457,2.2300000190734863,2.2300000190734863,2.2300000190734863,2.2300000190734863,0
2021-02-02,2.1809210777282715,2.2100000381469727,2.2100000381469727,2.2100000381469727,2.2100000381469727,0
2021-02-03,2.1315789222717285,2.1600000858306885,2.1600000858306885,2.1600000858306885,2.1600000858306885,4000
2021-02-04,2.1414473056793213,2.1700000762939453,2.180000066757202,2.1700000762939453,2.1700000762939453,36000
2021-02-05,2.1217105388641357,2.1500000953674316,2.180000066757202,2.1500000953674316,2.1700000762939453,82000
2021-02-08,2.1217105388641357,2.1500000953674316,2.1500000953674316,2.1500000953674316,2.1500000953674316,0
2021-02-09,2.1710526943206787,2.200000047683716,2.200000047683716,2.140000104904175,2.1500000953674316,114000
2021-02-10,2.111842155456543,2.140000104904175,2.140000104904175,2.140000104904175,2.140000104904175,0
2021-02-11,2.151315927505493,2.180000066757202,2.180000066757202,2.180000066757202,2.180000066757202,0
2021-02-16,2.4177632331848145,2.450000047683716,2.4600000381469727,2.2200000286102295,2.2200000286102295,222000
2021-02-17,2.398026466369629,2.430000066757202,2.4600000381469727,2.430000066757202,2.4600000381469727,52000
2021-02-18,2.398026466369629,2.430000066757202,2.430000066757202,2.430000066757202,2.430000066757202,100000
2021-02-19,2.348684310913086,2.380000114440918,2.380000114440918,2.380000114440918,2.380000114440918,12000
2021-02-22,2.3782894611358643,2.4100000858306885,2.430000066757202,2.4100000858306885,2.4100000858306885,92000
2021-02-23,2.526315689086914,2.559999942779541,2.5899999141693115,2.4200000762939453,2.450000047683716,104000
2021-02-24,2.4967105388641357,2.5299999713897705,2.5899999141693115,2.4200000762939453,2.559999942779541,118000
2021-02-25,2.476973533630371,2.509999990463257,2.509999990463257,2.5,2.5,36000
2021-02-26,2.4671051502227783,2.5,2.5,2.5,2.5,0
2021-03-01,2.3190789222717285,2.3499999046325684,2.3299999237060547,2.2799999713897705,2.309999942779541,50000
2021-03-02,2.3190789222717285,2.3499999046325684,2.3499999046325684,2.309999942779541,2.3499999046325684,56000
2021-03-03,2.3585526943206787,2.390000104904175,2.5,2.2799999713897705,2.2899999618530273,62000
2021-03-04,2.3585526943206787,2.390000104904175,2.390000104904175,2.319999933242798,2.390000104904175,18000
2021-03-05,2.338815689086914,2.369999885559082,2.369999885559082,2.369999885559082,2.369999885559082,0
2021-03-08,2.299341917037964,2.3299999237060547,2.3299999237060547,2.3299999237060547,2.3299999237060547,0
2021-03-09,2.2697367668151855,2.299999952316284,2.3299999237060547,2.2799999713897705,2.3299999237060547,34000
2021-03-10,2.2203946113586426,2.25,2.299999952316284,2.2100000381469727,2.299999952316284,254000
2021-03-11,2.299341917037964,2.3299999237060547,2.299999952316284,2.200000047683716,2.25,84000
2021-03-12,2.2796051502227783,2.309999942779541,2.309999942779541,2.2799999713897705,2.309999942779541,50000
2021-03-15,2.2796051502227783,2.309999942779541,2.309999942779541,2.309999942779541,2.309999942779541,0
2021-03-16,2.2796051502227783,2.309999942779541,2.309999942779541,2.309999942779541,2.309999942779541,4000
2021-03-17,2.299341917037964,2.3299999237060547,2.3399999141693115,2.3299999237060547,2.3299999237060547,34000
2021-03-18,2.299341917037964,2.3299999237060547,2.3299999237060547,2.3299999237060547,2.3299999237060547,0
2021-03-19,2.2697367668151855,2.299999952316284,2.299999952316284,2.25,2.319999933242798,20000
2021-03-22,2.3092103004455566,2.3399999141693115,2.3499999046325684,2.3299999237060547,2.3499999046325684,16000
2021-03-23,2.2697367668151855,2.299999952316284,2.3399999141693115,2.2699999809265137,2.3399999141693115,6000
2021-03-24,2.25,2.2799999713897705,2.3299999237060547,2.25,2.3299999237060547,30000
2021-03-25,2.25,2.2799999713897705,2.2799999713897705,2.2799999713897705,2.2799999713897705,0
2021-03-26,2.2697367668151855,2.299999952316284,2.3299999237060547,2.299999952316284,2.3299999237060547,8000
2021-03-29,2.299341917037964,2.3299999237060547,2.3299999237060547,2.309999942779541,2.3299999237060547,102000
2021-03-30,2.299341917037964,2.3299999237060547,2.3299999237060547,2.3299999237060547,2.3299999237060547,6000
2021-03-31,2.299341917037964,2.3299999237060547,2.3299999237060547,2.3299999237060547,2.3299999237060547,8000
2021-04-01,2.299341917037964,2.3299999237060547,2.3299999237060547,2.3299999237060547,2.3299999237060547,0
2021-04-07,2.299341917037964,2.3299999237060547,2.3299999237060547,2.3299999237060547,2.3299999237060547,0
2021-04-08,2.299341917037964,2.3299999237060547,2.3299999237060547,2.3299999237060547,2.3299999237060547,6000
2021-04-09,2.1907894611358643,2.2200000286102295,2.2799999713897705,2.180000066757202,2.2799999713897705,142000
2021-04-12,2.2302632331848145,2.259999990463257,2.259999990463257,2.259999990463257,2.259999990463257,20000
2021-04-13,2.4473683834075928,2.4800000190734863,2.700000047683716,2.2699999809265137,2.2699999809265137,274000
2021-04-14,2.3782894611358643,2.4100000858306885,2.5,2.4000000953674316,2.5,220000
2021-04-15,2.4078948497772217,2.440000057220459,2.4100000858306885,2.4100000858306885,2.4100000858306885,4000
2021-04-16,2.4473683834075928,2.4800000190734863,2.4800000190734863,2.4800000190734863,2.4800000190734863,0
2021-04-19,2.398026466369629,2.430000066757202,2.440000057220459,2.4000000953674316,2.440000057220459,120000
2021-04-20,2.398026466369629,2.430000066757202,2.4700000286102295,2.430000066757202,2.4700000286102295,22000
2021-04-21,2.3782894611358643,2.4100000858306885,2.5799999237060547,2.4100000858306885,2.4200000762939453,78000
2021-04-22,2.398026466369629,2.430000066757202,2.440000057220459,2.430000066757202,2.430000066757202,12000
2021-04-23,2.398026466369629,2.430000066757202,2.430000066757202,2.430000066757202,2.430000066757202,2000
2021-04-26,2.398026466369629,2.430000066757202,2.430000066757202,2.430000066757202,2.430000066757202,0
2021-04-27,2.398026466369629,2.430000066757202,2.430000066757202,2.430000066757202,2.430000066757202,0
2021-04-28,2.398026466369629,2.430000066757202,2.430000066757202,2.430000066757202,2.430000066757202,0
2021-04-29,2.4671051502227783,2.5,2.5,2.5,2.5,0
2021-04-30,2.4375,2.4700000286102295,2.5,2.4200000762939453,2.5,46000
2021-05-03,2.398026466369629,2.430000066757202,2.430000066757202,2.430000066757202,2.430000066757202,0
2021-05-04,2.398026466369629,2.430000066757202,2.430000066757202,2.430000066757202,2.430000066757202,0
2021-05-05,2.398026466369629,2.430000066757202,2.430000066757202,2.430000066757202,2.430000066757202,4000
2021-05-06,2.3684210777282715,2.4000000953674316,2.4000000953674316,2.4000000953674316,2.4000000953674316,2000
2021-05-07,2.3684210777282715,2.4000000953674316,2.4000000953674316,2.4000000953674316,2.4000000953674316,0
2021-05-10,2.3684210777282715,2.4000000953674316,2.4000000953674316,2.4000000953674316,2.4000000953674316,0
2021-05-11,2.3684210777282715,2.4000000953674316,2.4000000953674316,2.4000000953674316,2.4000000953674316,24000
2021-05-12,2.3684210777282715,2.4000000953674316,2.4000000953674316,2.4000000953674316,2.4000000953674316,0
2021-05-13,2.4375,2.4700000286102295,2.4700000286102295,2.4700000286102295,2.4700000286102295,0
2021-05-14,2.4078948497772217,2.440000057220459,2.440000057220459,2.440000057220459,2.440000057220459,0
2021-05-17,2.3782894611358643,2.4100000858306885,2.4100000858306885,2.4100000858306885,2.4100000858306885,4000
2021-05-18,2.4375,2.4700000286102295,2.4700000286102295,2.4100000858306885,2.4100000858306885,42000
2021-05-20,2.3684210777282715,2.4000000953674316,2.4700000286102295,2.4000000953674316,2.4700000286102295,12000
2021-05-21,2.388157844543457,2.4200000762939453,2.4600000381469727,2.4000000953674316,2.4600000381469727,6000
2021-05-24,2.388157844543457,2.4200000762939453,2.5,2.4100000858306885,2.430000066757202,64000
2021-05-25,2.388157844543457,2.4200000762939453,2.4200000762939453,2.4200000762939453,2.4200000762939453,10000
2021-05-26,2.4473683834075928,2.4800000190734863,2.4800000190734863,2.4800000190734863,2.4800000190734863,22000
2021-05-27,2.3782894611358643,2.4100000858306885,2.4600000381469727,2.4000000953674316,2.4100000858306885,34000
2021-05-28,2.4177632331848145,2.450000047683716,2.450000047683716,2.450000047683716,2.450000047683716,0
2021-05-31,2.3782894611358643,2.4100000858306885,2.490000009536743,2.4100000858306885,2.4200000762939453,104000
2021-06-01,2.3585526943206787,2.390000104904175,2.390000104904175,2.390000104904175,2.390000104904175,0
2021-06-02,2.398026466369629,2.430000066757202,2.430000066757202,2.369999885559082,2.390000104904175,52000
2021-06-03,2.388157844543457,2.4200000762939453,2.4700000286102295,2.4200000762939453,2.430000066757202,12000
2021-06-04,2.388157844543457,2.4200000762939453,2.4200000762939453,2.4200000762939453,2.4200000762939453,0
2021-06-07,2.388157844543457,2.4200000762939453,2.4200000762939453,2.4200000762939453,2.4200000762939453,4000
2021-06-08,2.3289473056793213,2.359999895095825,2.359999895095825,2.109999895095825,2.359999895095825,120000
2021-06-09,2.3289473056793213,2.359999895095825,2.359999895095825,2.359999895095825,2.359999895095825,0
2021-06-10,2.289473533630371,2.319999933242798,2.319999933242798,2.319999933242798,2.319999933242798,0
2021-06-11,2.3092103004455566,2.3399999141693115,2.430000066757202,2.3299999237060547,2.430000066757202,6000
2021-06-15,2.3684210777282715,2.4000000953674316,2.4000000953674316,2.4000000953674316,2.4000000953674316,0
2021-06-16,2.348684310913086,2.380000114440918,2.380000114440918,2.380000114440918,2.380000114440918,0
2021-06-17,2.348684310913086,2.380000114440918,2.380000114440918,2.380000114440918,2.380000114440918,0
2021-06-18,2.348684310913086,2.380000114440918,2.380000114440918,2.380000114440918,2.380000114440918,0
2021-06-21,2.388157844543457,2.4200000762939453,2.4200000762939453,2.380000114440918,2.380000114440918,14000
2021-06-22,2.4375,2.4700000286102295,2.4700000286102295,2.390000104904175,2.390000104904175,10000
2021-06-23,2.3684210777282715,2.4000000953674316,2.4000000953674316,2.4000000953674316,2.4000000953674316,2000
2021-06-24,2.3684210777282715,2.4000000953674316,2.4000000953674316,2.4000000953674316,2.4000000953674316,78000
2021-06-25,2.3684210777282715,2.4000000953674316,2.4000000953674316,2.4000000953674316,2.4000000953674316,0
2021-06-28,2.3684210777282715,2.4000000953674316,2.4000000953674316,2.4000000953674316,2.4000000953674316,0
2021-06-29,2.3684210777282715,2.4000000953674316,2.4000000953674316,2.4000000953674316,2.4000000953674316,0
2021-06-30,2.3684210777282715,2.4000000953674316,2.4000000953674316,2.4000000953674316,2.4000000953674316,38000
2021-07-02,2.3684210777282715,2.4000000953674316,2.4000000953674316,2.4000000953674316,2.4000000953674316,22000
2021-07-05,2.338815689086914,2.369999885559082,2.369999885559082,2.369999885559082,2.369999885559082,0
2021-07-06,2.338815689086914,2.369999885559082,2.369999885559082,2.369999885559082,2.369999885559082,0
2021-07-07,2.3684210777282715,2.4000000953674316,2.4000000953674316,2.4000000953674316,2.4000000953674316,2000
2021-07-08,2.3684210777282715,2.4000000953674316,2.4000000953674316,2.359999895095825,2.4000000953674316,6000
2021-07-09,2.3684210777282715,2.4000000953674316,2.4000000953674316,2.4000000953674316,2.4000000953674316,0
2021-07-12,2.3684210777282715,2.4000000953674316,2.4000000953674316,2.4000000953674316,2.4000000953674316,2000
2021-07-13,2.2401316165924072,2.2699999809265137,2.3499999046325684,2.2200000286102295,2.3499999046325684,20000
2021-07-14,2.25,2.2799999713897705,2.3299999237060547,2.2799999713897705,2.299999952316284,60000
2021-07-15,2.348684310913086,2.380000114440918,2.4000000953674316,2.4000000953674316,2.4000000953674316,10000
2021-07-16,2.3289473056793213,2.359999895095825,2.359999895095825,2.359999895095825,2.359999895095825,0
2021-07-19,2.2697367668151855,2.299999952316284,2.299999952316284,2.299999952316284,2.299999952316284,10000
2021-07-20,2.2401316165924072,2.2699999809265137,2.2699999809265137,2.200000047683716,2.2100000381469727,40000
2021-07-21,2.2401316165924072,2.2699999809265137,2.2699999809265137,2.2699999809265137,2.2699999809265137,0
2021-07-22,2.2401316165924072,2.2699999809265137,2.2799999713897705,2.2699999809265137,2.2799999713897705,16000
2021-07-23,2.2401316165924072,2.2699999809265137,2.2699999809265137,2.2699999809265137,2.2699999809265137,0
2021-07-26,2.2302632331848145,2.259999990463257,2.390000104904175,2.25,2.390000104904175,10000
2021-07-27,2.1710526943206787,2.200000047683716,2.2899999618530273,2.200000047683716,2.2899999618530273,22000
2021-07-28,2.1414473056793213,2.1700000762939453,2.200000047683716,2.1700000762939453,2.200000047683716,20000
2021-07-29,2.289473533630371,2.319999933242798,2.319999933242798,2.200000047683716,2.319999933242798,44000
2021-07-30,2.289473533630371,2.319999933242798,2.319999933242798,2.319999933242798,2.319999933242798,0
2021-08-02,2.161184310913086,2.190000057220459,2.190000057220459,2.190000057220459,2.190000057220459,40000
2021-08-03,2.1710526943206787,2.200000047683716,2.200000047683716,2.200000047683716,2.200000047683716,46000
2021-08-04,2.1710526943206787,2.200000047683716,2.200000047683716,2.200000047683716,2.200000047683716,54000
2021-08-05,2.151315927505493,2.180000066757202,2.200000047683716,2.180000066757202,2.200000047683716,62000
2021-08-06,2.1710526943206787,2.200000047683716,2.200000047683716,2.200000047683716,2.200000047683716,4000
2021-08-09,2.1710526943206787,2.200000047683716,2.200000047683716,2.200000047683716,2.200000047683716,0
2021-08-10,2.161184310913086,2.190000057220459,2.190000057220459,2.190000057220459,2.190000057220459,10000
2021-08-11,2.161184310913086,2.190000057220459,2.190000057220459,2.190000057220459,2.190000057220459,8000
2021-08-12,2.151315927505493,2.180000066757202,2.180000066757202,2.180000066757202,2.180000066757202,0
2021-08-13,2.151315927505493,2.180000066757202,2.180000066757202,2.180000066757202,2.180000066757202,6000
2021-08-16,2.151315927505493,2.180000066757202,2.180000066757202,2.180000066757202,2.180000066757202,0
2021-08-17,2.151315927505493,2.180000066757202,2.180000066757202,2.180000066757202,2.180000066757202,0
2021-08-18,2.0723683834075928,2.0999999046325684,2.1500000953674316,2.0999999046325684,2.0999999046325684,50000
2021-08-19,2.052631378173828,2.0799999237060547,2.119999885559082,2.0799999237060547,2.109999895095825,74000
2021-08-20,1.993420958518982,2.0199999809265137,2.0899999141693115,2.0199999809265137,2.0899999141693115,64000
2021-08-23,1.993420958518982,2.0199999809265137,2.0199999809265137,2.0,2.009999990463257,32000
2021-08-24,2.0032894611358643,2.0299999713897705,2.0299999713897705,2.0299999713897705,2.0299999713897705,10000
2021-08-25,2.0032894611358643,2.0299999713897705,2.0299999713897705,2.0299999713897705,2.0299999713897705,0
2021-08-26,2.0032894611358643,2.0299999713897705,2.0299999713897705,2.0299999713897705,2.0299999713897705,0
2021-08-27,1.9835525751113892,2.009999990463257,2.009999990463257,1.9700000286102295,1.9800000190734863,44000
2021-08-30,1.9736841917037964,2.0,2.0,2.0,2.0,4000
2021-08-31,1.9539474248886108,1.9800000190734863,1.9800000190734863,1.9800000190734863,1.9800000190734863,2000
2021-09-01,1.9440789222717285,1.9700000286102295,1.9700000286102295,1.9700000286102295,1.9700000286102295,10000
2021-09-02,1.9440789222717285,1.9700000286102295,1.9700000286102295,1.9700000286102295,1.9700000286102295,0
2021-09-03,1.9638158082962036,1.9900000095367432,1.9900000095367432,1.9900000095367432,1.9900000095367432,0
2021-09-06,2.0625,2.0899999141693115,2.0899999141693115,2.0899999141693115,2.0899999141693115,0
2021-09-07,2.1217105388641357,2.1500000953674316,2.1600000858306885,2.049999952316284,2.049999952316284,68000
2021-09-08,2.052631378173828,2.0799999237060547,2.0799999237060547,2.0799999237060547,2.0799999237060547,0
2021-09-09,2.0723683834075928,2.0999999046325684,2.0399999618530273,2.009999990463257,2.009999990463257,22000
2021-09-10,2.111842155456543,2.140000104904175,2.140000104904175,2.140000104904175,2.140000104904175,2000
2021-09-13,2.0328946113586426,2.059999942779541,2.0,2.0,2.0,4000
2021-09-14,2.111842155456543,2.140000104904175,2.140000104904175,2.140000104904175,2.140000104904175,18000
2021-09-15,2.161184310913086,2.190000057220459,2.2300000190734863,2.200000047683716,2.200000047683716,64000
2021-09-16,2.151315927505493,2.180000066757202,2.200000047683716,2.190000057220459,2.190000057220459,152000
2021-09-17,2.1809210777282715,2.2100000381469727,2.2100000381469727,2.2100000381469727,2.2100000381469727,0
2021-09-20,2.111842155456543,2.140000104904175,2.140000104904175,2.140000104904175,2.140000104904175,0
2021-09-21,2.111842155456543,2.140000104904175,2.140000104904175,2.140000104904175,2.140000104904175,0
2021-09-23,2.111842155456543,2.140000104904175,2.140000104904175,2.140000104904175,2.140000104904175,0
2021-09-24,2.0921051502227783,2.119999885559082,2.119999885559082,2.119999885559082,2.119999885559082,0
2021-09-27,2.0822367668151855,2.109999895095825,2.109999895095825,2.109999895095825,2.109999895095825,0
2021-09-28,2.0822367668151855,2.109999895095825,2.0999999046325684,2.0999999046325684,2.0999999046325684,4000
2021-09-29,2.0625,2.0899999141693115,2.0899999141693115,2.0899999141693115,2.0899999141693115,0
2021-09-30,2.0625,2.0899999141693115,2.0899999141693115,2.0899999141693115,2.0899999141693115,6000
2021-10-04,2.111842155456543,2.140000104904175,2.140000104904175,2.140000104904175,2.200000047683716,10000
2021-10-05,2.10197377204895,2.130000114440918,2.1500000953674316,2.140000104904175,2.1500000953674316,8000
2021-10-06,2.0328946113586426,2.059999942779541,2.130000114440918,2.049999952316284,2.130000114440918,18000
2021-10-07,2.1710526943206787,2.200000047683716,2.200000047683716,2.200000047683716,2.200000047683716,0
2021-10-08,2.1414473056793213,2.1700000762939453,2.1700000762939453,2.1700000762939453,2.1700000762939453,0
2021-10-11,2.1414473056793213,2.1700000762939453,2.1700000762939453,2.1700000762939453,2.1700000762939453,0
2021-10-12,2.1414473056793213,2.1700000762939453,2.1700000762939453,2.1700000762939453,2.1700000762939453,0
2021-10-15,2.0723683834075928,2.0999999046325684,2.109999895095825,2.0999999046325684,2.109999895095825,14000
2021-10-18,2.0723683834075928,2.0999999046325684,2.0999999046325684,2.0999999046325684,2.0999999046325684,0
2021-10-19,2.052631378173828,2.0799999237060547,2.2699999809265137,2.069999933242798,2.069999933242798,14000
2021-10-20,2.0625,2.0899999141693115,2.0899999141693115,2.0899999141693115,2.0899999141693115,0
2021-10-21,2.0723683834075928,2.0999999046325684,2.0999999046325684,2.0999999046325684,2.0999999046325684,16000
2021-10-22,2.1217105388641357,2.1500000953674316,2.1500000953674316,2.1500000953674316,2.1500000953674316,0
2021-10-25,2.1315789222717285,2.1600000858306885,2.2699999809265137,2.1600000858306885,2.2699999809265137,8000
2021-10-26,2.1315789222717285,2.1600000858306885,2.1600000858306885,2.1600000858306885,2.1600000858306885,6000
2021-10-27,2.1315789222717285,2.1600000858306885,2.1600000858306885,2.1600000858306885,2.1600000858306885,2000
2021-10-28,2.1315789222717285,2.1600000858306885,2.1600000858306885,2.1600000858306885,2.1600000858306885,0
2021-10-29,2.1315789222717285,2.1600000858306885,2.1600000858306885,2.1600000858306885,2.1600000858306885,0
2021-11-01,2.21052622795105,2.240000009536743,2.240000009536743,2.2200000286102295,2.2200000286102295,6000
2021-11-02,2.21052622795105,2.240000009536743,2.240000009536743,2.240000009536743,2.240000009536743,0
2021-11-03,2.1907894611358643,2.2200000286102295,2.2200000286102295,2.2200000286102295,2.2200000286102295,0
2021-11-04,2.1907894611358643,2.2200000286102295,2.2200000286102295,2.2200000286102295,2.2200000286102295,0
2021-11-05,2.200657844543457,2.2300000190734863,2.2200000286102295,2.2200000286102295,2.2200000286102295,4000
2021-11-08,2.2598683834075928,2.2899999618530273,2.4000000953674316,2.2799999713897705,2.2799999713897705,70000
2021-11-09,2.348684310913086,2.380000114440918,2.380000114440918,2.369999885559082,2.369999885559082,18000
2021-11-10,2.348684310913086,2.380000114440918,2.430000066757202,2.380000114440918,2.430000066757202,74000
2021-11-11,2.299341917037964,2.3299999237060547,2.3299999237060547,2.3299999237060547,2.3299999237060547,0
2021-11-12,2.25,2.2799999713897705,2.299999952316284,2.2799999713897705,2.299999952316284,47324
2021-11-15,2.2598683834075928,2.2899999618530273,2.2899999618530273,2.200000047683716,2.200000047683716,34000
2021-11-16,2.2598683834075928,2.2899999618530273,2.2899999618530273,2.240000009536743,2.240000009536743,24000
2021-11-17,2.2598683834075928,2.2899999618530273,2.2899999618530273,2.2899999618530273,2.2899999618530273,0
2021-11-18,2.1315789222717285,2.1600000858306885,2.0999999046325684,1.9700000286102295,2.059999942779541,74000
2021-11-19,2.1907894611358643,2.2200000286102295,2.2200000286102295,2.2200000286102295,2.2200000286102295,0
2021-11-22,2.3289473056793213,2.359999895095825,2.390000104904175,2.2300000190734863,2.2300000190734863,100000
2021-11-23,2.3289473056793213,2.359999895095825,2.359999895095825,2.359999895095825,2.359999895095825,18000
2021-11-24,2.3289473056793213,2.359999895095825,2.359999895095825,2.359999895095825,2.359999895095825,0
2021-11-25,2.3289473056793213,2.359999895095825,2.359999895095825,2.359999895095825,2.359999895095825,0
2021-11-26,2.289473533630371,2.319999933242798,2.319999933242798,2.319999933242798,2.319999933242798,0
2021-11-29,2.289473533630371,2.319999933242798,2.319999933242798,2.319999933242798,2.319999933242798,0
2021-11-30,2.289473533630371,2.319999933242798,2.319999933242798,2.319999933242798,2.319999933242798,0
2021-12-01,2.289473533630371,2.319999933242798,2.319999933242798,2.319999933242798,2.319999933242798,0
2021-12-02,2.1315789222717285,2.1600000858306885,2.1700000762939453,2.0999999046325684,2.119999885559082,32000
2021-12-03,2.0723683834075928,2.0999999046325684,2.1700000762939453,2.0799999237060547,2.1700000762939453,26000
2021-12-06,2.0723683834075928,2.0999999046325684,2.0999999046325684,2.0799999237060547,2.0799999237060547,16000
2021-12-07,2.0723683834075928,2.0999999046325684,2.0999999046325684,2.0999999046325684,2.0999999046325684,0
2021-12-08,2.0723683834075928,2.0999999046325684,2.0999999046325684,2.0999999046325684,2.0999999046325684,0
2021-12-09,2.0625,2.0899999141693115,2.0899999141693115,2.0899999141693115,2.0899999141693115,0
2021-12-10,2.0625,2.0899999141693115,2.0899999141693115,2.0899999141693115,2.0899999141693115,0
2021-12-13,2.0625,2.0899999141693115,2.0899999141693115,2.0899999141693115,2.0899999141693115,0
2021-12-14,2.0625,2.0899999141693115,2.0899999141693115,2.0899999141693115,2.0899999141693115,0
2021-12-15,2.0723683834075928,2.0999999046325684,2.0999999046325684,2.0999999046325684,2.0999999046325684,6000
2021-12-16,2.0723683834075928,2.0999999046325684,2.0999999046325684,2.0999999046325684,2.0999999046325684,4000
2021-12-17,2.0723683834075928,2.0999999046325684,2.1600000858306885,2.0999999046325684,2.1600000858306885,6000
2021-12-20,2.0822367668151855,2.109999895095825,2.109999895095825,2.109999895095825,2.109999895095825,0
2021-12-21,2.0822367668151855,2.109999895095825,2.109999895095825,2.109999895095825,2.109999895095825,0
2021-12-22,2.0822367668151855,2.109999895095825,2.109999895095825,2.109999895095825,2.109999895095825,0
2021-12-23,2.0625,2.0899999141693115,2.0899999141693115,2.0899999141693115,2.0899999141693115,2000
2021-12-24,2.0625,2.0899999141693115,2.0899999141693115,2.0899999141693115,2.0899999141693115,0
2021-12-28,2.0625,2.0899999141693115,2.0899999141693115,2.0899999141693115,2.0899999141693115,0
2021-12-29,2.0625,2.0899999141693115,2.0899999141693115,2.0899999141693115,2.0899999141693115,0
2021-12-30,2.0625,2.0899999141693115,2.0899999141693115,2.0899999141693115,2.0899999141693115,10000
2021-12-31,2.0625,2.0899999141693115,2.0899999141693115,2.0899999141693115,2.0899999141693115,0
2022-01-03,2.0625,2.0899999141693115,2.0899999141693115,2.0899999141693115,2.0899999141693115,0
2022-01-04,2.1217105388641357,2.1500000953674316,2.1500000953674316,2.1500000953674316,2.1500000953674316,0
2022-01-05,2.1217105388641357,2.1500000953674316,2.1500000953674316,2.1500000953674316,2.1500000953674316,0
2022-01-06,2.0723683834075928,2.0999999046325684,2.0999999046325684,2.0999999046325684,2.0999999046325684,0
2022-01-07,1.993420958518982,2.0199999809265137,2.069999933242798,1.940000057220459,2.009999990463257,26000
2022-01-10,2.02302622795105,2.049999952316284,2.0299999713897705,1.940000057220459,1.9900000095367432,20000
2022-01-11,1.9539474248886108,1.9800000190734863,1.9800000190734863,1.9600000381469727,1.9800000190734863,22000
2022-01-12,1.9539474248886108,1.9800000190734863,2.0,1.8799999952316284,1.9700000286102295,56000
2022-01-13,1.9638158082962036,1.9900000095367432,1.9900000095367432,1.9900000095367432,1.9900000095367432,0
2022-01-14,1.9638158082962036,1.9900000095367432,1.9900000095367432,1.9900000095367432,1.9900000095367432,0
2022-01-17,1.9638158082962036,1.9900000095367432,1.9900000095367432,1.9900000095367432,1.9900000095367432,0
2022-01-18,1.9638158082962036,1.9900000095367432,1.9900000095367432,1.9900000095367432,1.9900000095367432,0
2022-01-19,1.9638158082962036,1.9900000095367432,1.9900000095367432,1.9900000095367432,1.9900000095367432,0
2022-01-20,1.9638158082962036,1.9900000095367432,1.9900000095367432,1.9900000095367432,1.9900000095367432,0
2022-01-21,1.9638158082962036,1.9900000095367432,1.9900000095367432,1.9900000095367432,1.9900000095367432,0
2022-01-24,1.9638158082962036,1.9900000095367432,1.9900000095367432,1.9900000095367432,1.9900000095367432,0
2022-01-25,1.875,1.899999976158142,1.899999976158142,1.899999976158142,1.899999976158142,4000
2022-01-26,1.875,1.899999976158142,1.899999976158142,1.899999976158142,1.899999976158142,2000
2022-01-27,1.9144737720489502,1.940000057220459,1.940000057220459,1.899999976158142,1.899999976158142,28000
2022-01-28,1.9144737720489502,1.940000057220459,1.940000057220459,1.940000057220459,1.940000057220459,0
2022-01-31,1.9144737720489502,1.940000057220459,1.940000057220459,1.940000057220459,1.940000057220459,0
2022-02-04,1.924342155456543,1.9500000476837158,1.9500000476837158,1.9500000476837158,1.9500000476837158,0
2022-02-07,1.8848683834075928,1.909999966621399,1.909999966621399,1.909999966621399,1.909999966621399,0
2022-02-08,1.8848683834075928,1.909999966621399,1.909999966621399,1.909999966621399,1.909999966621399,0
2022-02-09,1.8848683834075928,1.909999966621399,1.909999966621399,1.909999966621399,1.909999966621399,0
2022-02-10,1.855263113975525,1.8799999952316284,1.8799999952316284,1.8799999952316284,1.8799999952316284,4000
2022-02-11,1.855263113975525,1.8799999952316284,1.8799999952316284,1.8700000047683716,1.8799999952316284,14000
2022-02-14,1.855263113975525,1.8799999952316284,1.8799999952316284,1.8799999952316284,1.8799999952316284,0
2022-02-15,1.8848683834075928,1.909999966621399,1.909999966621399,1.8799999952316284,1.8799999952316284,26000
2022-02-16,1.875,1.899999976158142,1.899999976158142,1.899999976158142,1.899999976158142,0
2022-02-17,1.875,1.899999976158142,1.899999976158142,1.899999976158142,1.899999976158142,12000
2022-02-18,1.825657844543457,1.850000023841858,1.850000023841858,1.850000023841858,1.850000023841858,0
2022-02-21,1.825657844543457,1.850000023841858,1.850000023841858,1.850000023841858,1.850000023841858,16000
2022-02-22,1.825657844543457,1.850000023841858,1.850000023841858,1.7200000286102295,1.7400000095367432,188000
2022-02-23,1.7960526943206787,1.8200000524520874,1.8600000143051147,1.8200000524520874,1.850000023841858,100000
2022-02-24,1.6973683834075928,1.7200000286102295,1.8200000524520874,1.7200000286102295,1.8200000524520874,34000
2022-02-25,1.6973683834075928,1.7200000286102295,1.7200000286102295,1.7200000286102295,1.7200000286102295,0
2022-02-28,1.6875,1.7100000381469727,1.7100000381469727,1.7100000381469727,1.7100000381469727,8000
2022-03-01,1.6776316165924072,1.7000000476837158,1.7100000381469727,1.7000000476837158,1.7100000381469727,18000
2022-03-02,1.6776316165924072,1.7000000476837158,1.7000000476837158,1.7000000476837158,1.7000000476837158,0
2022-03-03,1.6776316165924072,1.7000000476837158,1.7000000476837158,1.7000000476837158,1.7000000476837158,0
2022-03-04,1.6776316165924072,1.7000000476837158,1.7000000476837158,1.7000000476837158,1.7000000476837158,0
2022-03-07,1.6578946113586426,1.6799999475479126,1.7000000476837158,1.6799999475479126,1.7000000476837158,60000
2022-03-08,1.6677632331848145,1.690000057220459,1.690000057220459,1.690000057220459,1.690000057220459,0
2022-03-09,1.6677632331848145,1.690000057220459,1.6799999475479126,1.6799999475479126,1.6799999475479126,2000
2022-03-10,1.7960526943206787,1.8200000524520874,1.8200000524520874,1.7999999523162842,1.7999999523162842,8000
2022-03-11,1.7861841917037964,1.809999942779541,1.809999942779541,1.809999942779541,1.809999942779541,0
2022-03-14,1.5888158082962036,1.6100000143051147,1.7200000286102295,1.600000023841858,1.7000000476837158,202000
2022-03-15,1.5789474248886108,1.600000023841858,1.6200000047683716,1.5499999523162842,1.6200000047683716,46000
2022-03-16,1.6578946113586426,1.6799999475479126,1.6799999475479126,1.600000023841858,1.600000023841858,16000
2022-03-17,1.480263113975525,1.5,1.590000033378601,1.5,1.5499999523162842,158000
2022-03-18,1.6480262279510498,1.6699999570846558,1.6699999570846558,1.5,1.5199999809265137,74000
2022-03-21,1.7171052694320679,1.7400000095367432,1.7400000095367432,1.6699999570846558,1.6699999570846558,28000
2022-03-22,1.776315689086914,1.7999999523162842,1.7999999523162842,1.7400000095367432,1.7400000095367432,102000
2022-03-23,1.776315689086914,1.7999999523162842,1.7999999523162842,1.7999999523162842,1.7999999523162842,0
2022-03-24,1.776315689086914,1.7999999523162842,1.850000023841858,1.7999999523162842,1.850000023841858,26000
2022-03-25,1.7664473056793213,1.7899999618530273,1.7899999618530273,1.7899999618530273,1.7899999618530273,0
2022-03-28,1.7565789222717285,1.7799999713897705,1.7799999713897705,1.7799999713897705,1.7799999713897705,0
2022-03-29,1.7565789222717285,1.7799999713897705,1.7799999713897705,1.7799999713897705,1.7799999713897705,0
2022-03-30,1.776315689086914,1.7999999523162842,1.7999999523162842,1.7999999523162842,1.7999999523162842,0
2022-03-31,1.776315689086914,1.7999999523162842,1.850000023841858,1.7999999523162842,1.850000023841858,64000
2022-04-01,1.776315689086914,1.7999999523162842,1.7999999523162842,1.7999999523162842,1.7999999523162842,0
2022-04-04,1.776315689086914,1.7999999523162842,1.7999999523162842,1.7999999523162842,1.7999999523162842,0
2022-04-06,1.776315689086914,1.7999999523162842,1.7999999523162842,1.7999999523162842,1.7999999523162842,0
2022-04-07,1.776315689086914,1.7999999523162842,1.809999942779541,1.7999999523162842,1.809999942779541,32000
2022-04-08,1.776315689086914,1.7999999523162842,1.7999999523162842,1.7999999523162842,1.7999999523162842,0
2022-04-11,1.776315689086914,1.7999999523162842,1.7999999523162842,1.7999999523162842,1.7999999523162842,0
2022-04-12,1.776315689086914,1.7999999523162842,1.7999999523162842,1.7999999523162842,1.7999999523162842,0
2022-04-13,1.776315689086914,1.7999999523162842,1.7999999523162842,1.75,1.75,24441
2022-04-14,1.776315689086914,1.7999999523162842,1.7999999523162842,1.7999999523162842,1.7999999523162842,0
2022-04-19,1.7565789222717285,1.7799999713897705,1.7799999713897705,1.7799999713897705,1.7799999713897705,34000
2022-04-20,1.776315689086914,1.7999999523162842,1.7999999523162842,1.7999999523162842,1.7999999523162842,2000
2022-04-21,1.7861841917037964,1.809999942779541,1.809999942779541,1.809999942779541,1.809999942779541,0
2022-04-22,1.825657844543457,1.850000023841858,1.8799999952316284,1.850000023841858,1.850000023841858,36000
2022-04-25,1.825657844543457,1.850000023841858,1.850000023841858,1.850000023841858,1.850000023841858,0
2022-04-26,1.825657844543457,1.850000023841858,1.8799999952316284,1.850000023841858,1.850000023841858,196000
2022-04-27,1.9736841917037964,2.0,2.0799999237060547,1.850000023841858,1.8600000143051147,372176
2022-04-28,1.9736841917037964,2.0,2.0,2.0,2.0,36000
2022-04-29,1.9736841917037964,2.0,2.0,1.9199999570846558,1.9199999570846558,12000
2022-05-03,1.9736841917037964,2.0,2.0,2.0,2.0,0
2022-05-04,2.0328946113586426,2.059999942779541,2.059999942779541,2.059999942779541,2.059999942779541,18000
2022-05-05,2.151315927505493,2.180000066757202,2.190000057220459,2.059999942779541,2.069999933242798,159864
2022-05-06,2.388157844543457,2.4200000762939453,2.4200000762939453,2.180000066757202,2.180000066757202,304000
2022-05-10,2.398026466369629,2.430000066757202,2.5899999141693115,2.3399999141693115,2.4000000953674316,550000
2022-05-11,2.950657844543457,2.990000009536743,3.200000047683716,2.5,2.5,1218376
2022-05-12,2.4177632331848145,2.450000047683716,3.049999952316284,2.450000047683716,3.009999990463257,778000
2022-05-13,2.476973533630371,2.509999990463257,2.509999990463257,2.5,2.5,24000
2022-05-16,2.476973533630371,2.509999990463257,2.5199999809265137,2.5,2.5199999809265137,152000
2022-05-17,2.66447377204895,2.700000047683716,2.700000047683716,2.5,2.509999990463257,152000
2022-05-18,2.66447377204895,2.700000047683716,2.700000047683716,2.700000047683716,2.700000047683716,10000
2022-05-19,2.713815689086914,2.75,2.75,2.700000047683716,2.700000047683716,100000
2022-05-20,2.723684072494507,2.759999990463257,2.7699999809265137,2.549999952316284,2.700000047683716,108000
2022-05-23,2.66447377204895,2.700000047683716,2.700000047683716,2.700000047683716,2.700000047683716,0
2022-05-24,2.66447377204895,2.700000047683716,2.7200000286102295,2.700000047683716,2.700000047683716,34000
2022-05-25,2.6348683834075928,2.6700000762939453,2.6700000762939453,2.6700000762939453,2.6700000762939453,0
2022-05-26,2.6348683834075928,2.6700000762939453,2.6700000762939453,2.6700000762939453,2.6700000762939453,0
2022-05-27,2.5065789222717285,2.5399999618530273,2.5399999618530273,2.5399999618530273,2.5399999618530273,0
2022-05-30,2.338815689086914,2.369999885559082,2.5399999618530273,2.369999885559082,2.5399999618530273,22000
2022-05-31,2.338815689086914,2.369999885559082,2.390000104904175,2.3499999046325684,2.390000104904175,40000
2022-06-01,2.2598683834075928,2.2899999618530273,2.309999942779541,2.259999990463257,2.309999942779541,140000
2022-06-02,2.2697367668151855,2.299999952316284,2.299999952316284,2.299999952316284,2.299999952316284,70000
2022-06-06,2.3190789222717285,2.3499999046325684,2.3499999046325684,2.299999952316284,2.299999952316284,26000
2022-06-07,2.3684210777282715,2.4000000953674316,2.4000000953674316,2.3499999046325684,2.3499999046325684,22000
2022-06-08,2.2697367668151855,2.299999952316284,2.4000000953674316,2.299999952316284,2.4000000953674316,14000
2022-06-09,2.2203946113586426,2.25,2.25,2.25,2.25,0
2022-06-10,2.1710526943206787,2.200000047683716,2.25,2.1500000953674316,2.200000047683716,50000
2022-06-13,2.1710526943206787,2.200000047683716,2.200000047683716,2.200000047683716,2.200000047683716,4000
2022-06-14,2.1710526943206787,2.200000047683716,2.200000047683716,2.200000047683716,2.200000047683716,30000
2022-06-15,2.1710526943206787,2.200000047683716,2.200000047683716,2.200000047683716,2.200000047683716,0
2022-06-16,2.200657844543457,2.2300000190734863,2.549999952316284,2.1500000953674316,2.299999952316284,66000
2022-06-17,2.200657844543457,2.2300000190734863,2.2300000190734863,2.2300000190734863,2.2300000190734863,0
2022-06-20,2.200657844543457,2.2300000190734863,2.2300000190734863,2.2300000190734863,2.2300000190734863,0
2022-06-21,2.1710526943206787,2.200000047683716,2.200000047683716,2.190000057220459,2.200000047683716,20000
2022-06-22,2.0822367668151855,2.109999895095825,2.109999895095825,2.059999942779541,2.069999933242798,22000
2022-06-23,2.3190789222717285,2.3499999046325684,2.450000047683716,2.049999952316284,2.059999942779541,10000
2022-06-24,2.1710526943206787,2.200000047683716,2.200000047683716,2.190000057220459,2.200000047683716,18000
2022-06-27,2.2203946113586426,2.25,2.25,2.25,2.25,0
2022-06-28,2.388157844543457,2.4200000762939453,2.440000057220459,2.4000000953674316,2.4000000953674316,56000
2022-06-29,2.3684210777282715,2.4000000953674316,2.4000000953674316,2.4000000953674316,2.4000000953674316,2000
2022-06-30,2.3684210777282715,2.4000000953674316,2.4000000953674316,2.4000000953674316,2.4000000953674316,0
2022-07-04,2.1710526943206787,2.200000047683716,2.200000047683716,2.200000047683716,2.200000047683716,0
2022-07-05,2.2598683834075928,2.2899999618530273,2.2899999618530273,2.2899999618530273,2.2899999618530273,0
2022-07-06,2.2697367668151855,2.299999952316284,2.299999952316284,2.299999952316284,2.299999952316284,10000
2022-07-07,2.2697367668151855,2.299999952316284,2.299999952316284,2.299999952316284,2.299999952316284,0
2022-07-08,2.2697367668151855,2.299999952316284,2.299999952316284,2.299999952316284,2.299999952316284,0
2022-07-11,2.2697367668151855,2.299999952316284,2.299999952316284,2.299999952316284,2.299999952316284,0
2022-07-12,2.2598683834075928,2.2899999618530273,2.2899999618530273,2.2899999618530273,2.2899999618530273,0
2022-07-13,2.1217105388641357,2.1500000953674316,2.1500000953674316,2.1500000953674316,2.1500000953674316,0
2022-07-14,2.1217105388641357,2.1500000953674316,2.1500000953674316,2.1500000953674316,2.1500000953674316,0
2022-07-15,2.1217105388641357,2.1500000953674316,2.1500000953674316,2.1500000953674316,2.1500000953674316,0
2022-07-18,2.151315927505493,2.180000066757202,2.180000066757202,2.180000066757202,2.180000066757202,0
2022-07-19,2.151315927505493,2.180000066757202,2.180000066757202,2.180000066757202,2.180000066757202,0
2022-07-20,2.25,2.2799999713897705,2.2799999713897705,2.2799999713897705,2.2799999713897705,6000
2022-07-21,2.052631378173828,2.0799999237060547,2.109999895095825,2.0799999237060547,2.109999895095825,20000
2022-07-22,2.052631378173828,2.0799999237060547,2.0799999237060547,2.0799999237060547,2.0799999237060547,0
2022-07-25,2.0427629947662354,2.069999933242798,2.0799999237060547,2.0799999237060547,2.0799999237060547,32000
2022-07-26,2.0032894611358643,2.0299999713897705,2.009999990463257,1.9700000286102295,2.009999990463257,20000
2022-07-27,2.0032894611358643,2.0299999713897705,2.0299999713897705,2.0299999713897705,2.0299999713897705,0
2022-07-28,2.0032894611358643,2.0299999713897705,2.0299999713897705,2.0299999713897705,2.0299999713897705,10020
2022-07-29,1.9736841917037964,2.0,2.0,2.0,2.0,0
2022-08-01,1.9736841917037964,2.0,2.0,2.0,2.0,0
2022-08-02,1.8947367668151855,1.9199999570846558,1.9500000476837158,1.899999976158142,1.9199999570846558,84000
2022-08-03,1.8947367668151855,1.9199999570846558,1.9199999570846558,1.9199999570846558,1.9199999570846558,0
2022-08-04,1.9440789222717285,1.9700000286102295,1.9700000286102295,1.9700000286102295,1.9700000286102295,10000
2022-08-05,1.9440789222717285,1.9700000286102295,1.9700000286102295,1.9700000286102295,1.9700000286102295,0
2022-08-08,1.924342155456543,1.9500000476837158,2.0,1.9500000476837158,2.0,14000
2022-08-09,1.924342155456543,1.9500000476837158,1.9500000476837158,1.9500000476837158,1.9500000476837158,0
2022-08-10,1.924342155456543,1.9500000476837158,1.9500000476837158,1.9500000476837158,1.9500000476837158,0
2022-08-11,1.9440789222717285,1.9700000286102295,1.9700000286102295,1.9700000286102295,1.9700000286102295,0
2022-08-12,1.9440789222717285,1.9700000286102295,1.9700000286102295,1.9700000286102295,1.9700000286102295,0
2022-08-15,1.9440789222717285,1.9700000286102295,1.9700000286102295,1.9700000286102295,1.9700000286102295,0
2022-08-16,1.9440789222717285,1.9700000286102295,1.9700000286102295,1.9700000286102295,1.9700000286102295,0
2022-08-17,1.9440789222717285,1.9700000286102295,1.9700000286102295,1.9700000286102295,1.9700000286102295,0
2022-08-18,1.9440789222717285,1.9700000286102295,1.9700000286102295,1.9700000286102295,1.9700000286102295,0
2022-08-19,1.9440789222717285,1.9700000286102295,1.9700000286102295,1.9700000286102295,1.9700000286102295,0
2022-08-22,1.9440789222717285,1.9700000286102295,1.9700000286102295,1.9700000286102295,1.9700000286102295,0
2022-08-23,1.8453947305679321,1.8700000047683716,1.9600000381469727,1.8700000047683716,1.9600000381469727,46000
2022-08-24,1.8355263471603394,1.8600000143051147,1.8799999952316284,1.8600000143051147,1.8799999952316284,18000
2022-08-25,1.8355263471603394,1.8600000143051147,1.8600000143051147,1.8600000143051147,1.8600000143051147,0
2022-08-26,1.8355263471603394,1.8600000143051147,1.8600000143051147,1.8600000143051147,1.8600000143051147,0
2022-08-29,1.8355263471603394,1.8600000143051147,1.8799999952316284,1.8600000143051147,1.8600000143051147,42000
2022-08-30,1.8355263471603394,1.8600000143051147,1.8600000143051147,1.8600000143051147,1.8600000143051147,0
2022-08-31,1.8355263471603394,1.8600000143051147,1.8600000143051147,1.8600000143051147,1.8600000143051147,0
2022-09-01,1.8355263471603394,1.8600000143051147,1.8600000143051147,1.649999976158142,1.840000033378601,56000
2022-09-02,1.8355263471603394,1.8600000143051147,1.8600000143051147,1.8600000143051147,1.8600000143051147,0
2022-09-05,1.8355263471603394,1.8600000143051147,1.8600000143051147,1.8600000143051147,1.8600000143051147,0
2022-09-06,1.8355263471603394,1.8600000143051147,1.8600000143051147,1.8600000143051147,1.8600000143051147,0
2022-09-07,1.8355263471603394,1.8600000143051147,1.8600000143051147,1.8600000143051147,1.8600000143051147,0
2022-09-08,1.8355263471603394,1.8600000143051147,1.8600000143051147,1.8600000143051147,1.8600000143051147,0
2022-09-09,1.8355263471603394,1.8600000143051147,1.8600000143051147,1.8600000143051147,1.8600000143051147,0
2022-09-13,1.7861841917037964,1.809999942779541,1.809999942779541,1.690000057220459,1.7000000476837158,28000
2022-09-14,1.7861841917037964,1.809999942779541,1.809999942779541,1.809999942779541,1.809999942779541,0
2022-09-15,1.7861841917037964,1.809999942779541,1.809999942779541,1.809999942779541,1.809999942779541,0
2022-09-16,1.7861841917037964,1.809999942779541,1.809999942779541,1.809999942779541,1.809999942779541,0
2022-09-19,1.776315689086914,1.7999999523162842,1.7999999523162842,1.7999999523162842,1.7999999523162842,0
2022-09-20,1.776315689086914,1.7999999523162842,1.7999999523162842,1.7999999523162842,1.7999999523162842,0
2022-09-21,1.776315689086914,1.7999999523162842,1.7999999523162842,1.7999999523162842,1.7999999523162842,0
2022-09-22,1.776315689086914,1.7999999523162842,1.7999999523162842,1.7999999523162842,1.7999999523162842,0
2022-09-23,1.7664473056793213,1.7899999618530273,1.7899999618530273,1.600000023841858,1.659999966621399,20000
2022-09-26,1.825657844543457,1.850000023841858,1.8600000143051147,1.75,1.8600000143051147,46000
2022-09-27,1.825657844543457,1.850000023841858,1.8600000143051147,1.75,1.850000023841858,10000
2022-09-28,1.8355263471603394,1.8600000143051147,1.8600000143051147,1.8600000143051147,1.8600000143051147,0
2022-09-29,1.8157894611358643,1.840000033378601,1.8600000143051147,1.840000033378601,1.8600000143051147,16000
2022-09-30,1.8157894611358643,1.840000033378601,1.840000033378601,1.840000033378601,1.840000033378601,0
2022-10-03,1.8157894611358643,1.840000033378601,1.840000033378601,1.840000033378601,1.840000033378601,0
2022-10-05,1.8355263471603394,1.8600000143051147,1.8799999952316284,1.8300000429153442,1.840000033378601,72000
2022-10-06,1.8947367668151855,1.9199999570846558,1.940000057220459,1.8600000143051147,1.899999976158142,78000
2022-10-07,1.8651314973831177,1.8899999856948853,1.9199999570846558,1.8600000143051147,1.8600000143051147,52000
2022-10-10,1.825657844543457,1.850000023841858,1.850000023841858,1.850000023841858,1.850000023841858,0
2022-10-11,1.825657844543457,1.850000023841858,1.850000023841858,1.850000023841858,1.850000023841858,0
2022-10-12,1.7960526943206787,1.8200000524520874,1.8300000429153442,1.75,1.8300000429153442,8000
2022-10-13,1.7960526943206787,1.8200000524520874,1.8200000524520874,1.8200000524520874,1.8200000524520874,0
2022-10-14,1.7861841917037964,1.809999942779541,1.809999942779541,1.75,1.75,20000
2022-10-17,1.7861841917037964,1.809999942779541,1.809999942779541,1.809999942779541,1.809999942779541,0
2022-10-18,1.7467105388641357,1.7699999809265137,1.7699999809265137,1.7699999809265137,1.7699999809265137,0
2022-10-19,1.7467105388641357,1.7699999809265137,1.7699999809265137,1.7699999809265137,1.7699999809265137,0
2022-10-20,1.7467105388641357,1.7699999809265137,1.7699999809265137,1.7699999809265137,1.7699999809265137,0
2022-10-21,1.7467105388641357,1.7699999809265137,1.7699999809265137,1.7699999809265137,1.7699999809265137,0
2022-10-24,1.7467105388641357,1.7699999809265137,1.7699999809265137,1.7699999809265137,1.7699999809265137,0
2022-10-25,1.825657844543457,1.850000023841858,1.9299999475479126,1.8600000143051147,1.8600000143051147,32000
2022-10-26,1.825657844543457,1.850000023841858,1.850000023841858,1.850000023841858,1.850000023841858,0
2022-10-27,1.8059210777282715,1.8300000429153442,1.8300000429153442,1.8300000429153442,1.8300000429153442,0
2022-10-28,1.776315689086914,1.7999999523162842,1.7999999523162842,1.7999999523162842,1.7999999523162842,0
2022-10-31,1.5888158082962036,1.6100000143051147,1.8600000143051147,1.6100000143051147,1.7000000476837158,32000
2022-11-01,1.6282894611358643,1.649999976158142,1.649999976158142,1.649999976158142,1.649999976158142,0
2022-11-02,1.6776316165924072,1.7000000476837158,1.7000000476837158,1.6699999570846558,1.6699999570846558,12000
2022-11-03,1.5592105388641357,1.5800000429153442,1.6799999475479126,1.5399999618530273,1.6100000143051147,110000
2022-11-04,1.6776316165924072,1.7000000476837158,1.600000023841858,1.5800000429153442,1.5800000429153442,206000
2022-11-07,1.6776316165924072,1.7000000476837158,1.7000000476837158,1.690000057220459,1.690000057220459,20000
2022-11-08,1.776315689086914,1.7999999523162842,1.7999999523162842,1.7999999523162842,1.7999999523162842,10000
2022-11-09,1.776315689086914,1.7999999523162842,1.7999999523162842,1.7999999523162842,1.7999999523162842,0
2022-11-10,1.7664473056793213,1.7899999618530273,1.7899999618530273,1.7899999618530273,1.7899999618530273,0
2022-11-11,1.776315689086914,1.7999999523162842,1.7999999523162842,1.6799999475479126,1.7400000095367432,22000
2022-11-14,1.776315689086914,1.7999999523162842,1.7999999523162842,1.659999966621399,1.659999966621399,22000
2022-11-15,1.7565789222717285,1.7799999713897705,1.7799999713897705,1.7799999713897705,1.7799999713897705,0
2022-11-16,1.776315689086914,1.7999999523162842,1.7999999523162842,1.6799999475479126,1.75,10000
2022-11-17,1.776315689086914,1.7999999523162842,1.7999999523162842,1.7999999523162842,1.7999999523162842,0
2022-11-18,1.7467105388641357,1.7699999809265137,1.7699999809265137,1.7699999809265137,1.7699999809265137,0
2022-11-21,1.776315689086914,1.7999999523162842,1.7999999523162842,1.7000000476837158,1.7300000190734863,10000
2022-11-22,1.776315689086914,1.7999999523162842,1.7999999523162842,1.7999999523162842,1.7999999523162842,0
2022-11-23,1.7664473056793213,1.7899999618530273,1.7899999618530273,1.6799999475479126,1.6799999475479126,4000
2022-11-24,1.7565789222717285,1.7799999713897705,1.7799999713897705,1.7799999713897705,1.7799999713897705,0
2022-11-25,1.7565789222717285,1.7799999713897705,1.7799999713897705,1.7799999713897705,1.7799999713897705,0
2022-11-28,1.7565789222717285,1.7799999713897705,1.7799999713897705,1.7799999713897705,1.7799999713897705,0
2022-11-29,1.7664473056793213,1.7899999618530273,1.7999999523162842,1.7100000381469727,1.7999999523162842,32000
2022-11-30,1.7467105388641357,1.7699999809265137,1.8600000143051147,1.7699999809265137,1.7999999523162842,56000
2022-12-01,1.776315689086914,1.7999999523162842,1.7999999523162842,1.7699999809265137,1.7999999523162842,32000
2022-12-02,1.825657844543457,1.850000023841858,1.850000023841858,1.7599999904632568,1.7999999523162842,164000
2022-12-05,1.9342105388641357,1.9600000381469727,1.9800000190734863,1.8799999952316284,1.909999966621399,100000
2022-12-06,1.855263113975525,1.8799999952316284,1.940000057220459,1.8799999952316284,1.8799999952316284,68000
2022-12-07,1.9046051502227783,1.9299999475479126,1.9900000095367432,1.850000023841858,1.850000023841858,64000
2022-12-08,2.111842155456543,2.140000104904175,2.190000057220459,1.940000057220459,1.940000057220459,268000
2022-12-09,2.1710526943206787,2.200000047683716,2.2200000286102295,2.130000114440918,2.130000114440918,122000
2022-12-12,2.338815689086914,2.369999885559082,2.430000066757202,2.200000047683716,2.200000047683716,170000
2022-12-13,2.66447377204895,2.700000047683716,2.7899999618530273,2.369999885559082,2.369999885559082,1056000
2022-12-14,2.625,2.6600000858306885,2.740000009536743,2.5,2.7200000286102295,296000
2022-12-15,2.4276316165924072,2.4600000381469727,2.5899999141693115,2.4600000381469727,2.559999942779541,132000
2022-12-16,2.3684210777282715,2.4000000953674316,2.4800000190734863,2.3299999237060547,2.4600000381469727,144000
2022-12-19,2.4078948497772217,2.440000057220459,2.549999952316284,2.430000066757202,2.450000047683716,92000
2022-12-20,2.348684310913086,2.380000114440918,2.4000000953674316,2.25,2.4000000953674316,280000
2022-12-21,2.4078948497772217,2.440000057220459,2.559999942779541,2.440000057220459,2.559999942779541,190000
2022-12-22,2.4473683834075928,2.4800000190734863,2.5199999809265137,2.4700000286102295,2.4800000190734863,150000
2022-12-23,2.4671051502227783,2.5,2.549999952316284,2.5,2.5,178000
2022-12-28,2.58552622795105,2.619999885559082,2.799999952316284,2.549999952316284,2.549999952316284,502000
2022-12-29,2.526315689086914,2.559999942779541,2.5899999141693115,2.549999952316284,2.619999885559082,92000
2022-12-30,2.4375,2.4700000286102295,2.559999942779541,2.4600000381469727,2.559999942779541,64000
2023-01-03,2.398026466369629,2.430000066757202,2.450000047683716,2.390000104904175,2.450000047683716,168000
2023-01-04,2.4473683834075928,2.4800000190734863,2.5199999809265137,2.440000057220459,2.440000057220459,174000
2023-01-05,2.4276316165924072,2.4600000381469727,2.559999942779541,2.4600000381469727,2.549999952316284,114000
2023-01-06,2.4473683834075928,2.4800000190734863,2.569999933242798,2.4700000286102295,2.490000009536743,224000
2023-01-09,2.4177632331848145,2.450000047683716,2.5199999809265137,2.450000047683716,2.4800000190734863,150000
2023-01-10,2.476973533630371,2.509999990463257,2.5199999809265137,2.4200000762939453,2.4200000762939453,102000
2023-01-11,2.3684210777282715,2.4000000953674316,2.509999990463257,2.4000000953674316,2.509999990463257,152000
2023-01-12,2.3684210777282715,2.4000000953674316,2.4000000953674316,2.380000114440918,2.4000000953674316,72000
2023-01-13,2.348684310913086,2.380000114440918,2.4000000953674316,2.319999933242798,2.4000000953674316,100000
2023-01-16,2.3190789222717285,2.3499999046325684,2.380000114440918,2.3499999046325684,2.380000114440918,72000
2023-01-17,2.289473533630371,2.319999933242798,2.3299999237060547,2.319999933242798,2.3299999237060547,64000
2023-01-18,2.299341917037964,2.3299999237060547,2.3299999237060547,2.319999933242798,2.3299999237060547,66000
2023-01-19,2.3585526943206787,2.390000104904175,2.390000104904175,2.3299999237060547,2.3299999237060547,34000
2023-01-20,2.2796051502227783,2.309999942779541,2.3399999141693115,2.2699999809265137,2.3299999237060547,336000
2023-01-26,2.2796051502227783,2.309999942779541,2.3399999141693115,2.309999942779541,2.319999933242798,22000
2023-01-27,2.2598683834075928,2.2899999618530273,2.3399999141693115,2.2799999713897705,2.309999942779541,116000
2023-01-30,2.25,2.2799999713897705,2.3299999237060547,2.2799999713897705,2.299999952316284,88000
2023-01-31,2.2203946113586426,2.25,2.3299999237060547,2.25,2.2799999713897705,52000
2023-02-01,2.1907894611358643,2.2200000286102295,2.2899999618530273,2.2200000286102295,2.2899999618530273,218000
2023-02-02,2.1907894611358643,2.2200000286102295,2.2200000286102295,2.2200000286102295,2.2200000286102295,14000
2023-02-03,2.6151316165924072,2.6500000953674316,2.6500000953674316,2.2799999713897705,2.25,1196000
2023-02-06,2.4473683834075928,2.4800000190734863,2.6500000953674316,2.4800000190734863,2.6500000953674316,492000
2023-02-07,2.3684210777282715,2.4000000953674316,2.440000057220459,2.390000104904175,2.440000057220459,180000
2023-02-08,2.3684210777282715,2.4000000953674316,2.4100000858306885,2.390000104904175,2.4000000953674316,52000
2023-02-09,2.299341917037964,2.3299999237060547,2.369999885559082,2.3299999237060547,2.4600000381469727,222000
2023-02-10,2.289473533630371,2.319999933242798,2.3299999237060547,2.319999933242798,2.319999933242798,304000
2023-02-13,2.289473533630371,2.319999933242798,2.319999933242798,2.319999933242798,2.319999933242798,0
2023-02-14,2.398026466369629,2.430000066757202,2.440000057220459,2.2799999713897705,2.299999952316284,26000
2023-02-15,2.289473533630371,2.319999933242798,2.359999895095825,2.2899999618530273,2.359999895095825,124000
2023-02-16,2.289473533630371,2.319999933242798,2.319999933242798,2.309999942779541,2.319999933242798,64000
2023-02-17,2.2796051502227783,2.309999942779541,2.309999942779541,2.2799999713897705,2.2799999713897705,26000
2023-02-20,2.2697367668151855,2.299999952316284,2.2899999618530273,2.2699999809265137,2.2699999809265137,54000
2023-02-21,2.348684310913086,2.380000114440918,2.380000114440918,2.2899999618530273,2.319999933242798,22000
2023-02-22,2.2598683834075928,2.2899999618530273,2.369999885559082,2.2899999618530273,2.369999885559082,6000
2023-02-23,2.25,2.2799999713897705,2.299999952316284,2.2799999713897705,2.299999952316284,40000
2023-02-24,2.25,2.2799999713897705,2.2799999713897705,2.2799999713897705,2.2799999713897705,0
2023-02-27,2.25,2.2799999713897705,2.299999952316284,2.2799999713897705,2.299999952316284,28000
2023-02-28,2.2401316165924072,2.2699999809265137,2.2699999809265137,2.2699999809265137,2.2699999809265137,0
2023-03-01,2.289473533630371,2.319999933242798,2.3399999141693115,2.2699999809265137,2.2699999809265137,16000
2023-03-02,2.2598683834075928,2.2899999618530273,2.3399999141693115,2.2899999618530273,2.3399999141693115,62000
2023-03-03,2.25,2.2799999713897705,2.2799999713897705,2.2300000190734863,2.2899999618530273,284012
2023-03-06,2.2302632331848145,2.259999990463257,2.299999952316284,2.25,2.2799999713897705,32000
2023-03-07,2.2302632331848145,2.259999990463257,2.259999990463257,2.259999990463257,2.259999990463257,0
2023-03-08,2.2302632331848145,2.259999990463257,2.259999990463257,2.259999990463257,2.259999990463257,0
2023-03-09,2.2302632331848145,2.259999990463257,2.259999990463257,2.240000009536743,2.240000009536743,34000
2023-03-10,2.161184310913086,2.190000057220459,2.2100000381469727,2.190000057220459,2.2100000381469727,58000
2023-03-13,2.1809210777282715,2.2100000381469727,2.2100000381469727,2.190000057220459,2.190000057220459,114000
2023-03-14,2.1809210777282715,2.2100000381469727,2.2200000286102295,2.2100000381469727,2.2100000381469727,38000
2023-03-15,2.1809210777282715,2.2100000381469727,2.2100000381469727,2.2100000381469727,2.2100000381469727,10000
2023-03-16,2.1710526943206787,2.200000047683716,2.200000047683716,2.200000047683716,2.200000047683716,0
2023-03-17,2.1907894611358643,2.2200000286102295,2.25,2.2100000381469727,2.2100000381469727,112000
2023-03-20,2.1907894611358643,2.2200000286102295,2.2200000286102295,2.2200000286102295,2.2200000286102295,0
2023-03-21,2.1907894611358643,2.2200000286102295,2.2200000286102295,2.2200000286102295,2.2200000286102295,0
2023-03-22,2.1907894611358643,2.2200000286102295,2.2200000286102295,2.2200000286102295,2.2200000286102295,0
2023-03-23,2.0921051502227783,2.119999885559082,2.119999885559082,2.119999885559082,2.119999885559082,10000
2023-03-24,2.2598683834075928,2.2899999618530273,2.5899999141693115,2.1700000762939453,2.1700000762939453,26000
2023-03-27,2.2302632331848145,2.259999990463257,2.259999990463257,2.200000047683716,2.200000047683716,20000
2023-03-28,2.2302632331848145,2.259999990463257,2.259999990463257,2.259999990463257,2.259999990463257,0
2023-03-29,2.1217105388641357,2.1500000953674316,2.180000066757202,2.130000114440918,2.130000114440918,46000
2023-03-30,2.1217105388641357,2.1500000953674316,2.1500000953674316,2.0799999237060547,2.1500000953674316,120000
2023-03-31,2.1217105388641357,2.1500000953674316,2.1500000953674316,2.1500000953674316,2.1500000953674316,0
2023-04-03,2.1217105388641357,2.1500000953674316,2.1500000953674316,2.1500000953674316,2.1500000953674316,28000
2023-04-04,2.1217105388641357,2.1500000953674316,2.1500000953674316,2.1500000953674316,2.1500000953674316,0
2023-04-06,2.151315927505493,2.180000066757202,2.180000066757202,2.1500000953674316,2.1500000953674316,52000
2023-04-11,2.21052622795105,2.240000009536743,2.259999990463257,2.180000066757202,2.200000047683716,108000
2023-04-12,2.1710526943206787,2.200000047683716,2.240000009536743,2.200000047683716,2.240000009536743,56000
2023-04-13,2.1217105388641357,2.1500000953674316,2.1500000953674316,2.1500000953674316,2.180000066757202,4000
2023-04-14,2.1217105388641357,2.1500000953674316,2.1500000953674316,2.1500000953674316,2.1500000953674316,0
2023-04-17,2.1217105388641357,2.1500000953674316,2.1500000953674316,2.1500000953674316,2.1500000953674316,0
2023-04-18,2.1414473056793213,2.1700000762939453,2.180000066757202,2.1700000762939453,2.1700000762939453,26000
2023-04-19,2.1414473056793213,2.1700000762939453,2.1700000762939453,2.1700000762939453,2.1700000762939453,0
2023-04-20,2.0921051502227783,2.119999885559082,2.119999885559082,2.119999885559082,2.119999885559082,0
2023-04-21,2.0921051502227783,2.119999885559082,2.119999885559082,2.119999885559082,2.119999885559082,0
2023-04-24,2.10197377204895,2.130000114440918,2.130000114440918,2.130000114440918,2.130000114440918,0
2023-04-25,2.0723683834075928,2.0999999046325684,2.0999999046325684,2.0999999046325684,2.0999999046325684,12000
2023-04-26,2.0921051502227783,2.119999885559082,2.119999885559082,2.119999885559082,2.119999885559082,0
2023-04-27,2.1217105388641357,2.1500000953674316,2.1500000953674316,2.1500000953674316,2.1500000953674316,0
2023-04-28,2.1809210777282715,2.2100000381469727,2.1500000953674316,2.1500000953674316,2.1500000953674316,44883
2023-05-02,2.0921051502227783,2.119999885559082,2.119999885559082,2.109999895095825,2.109999895095825,6000
2023-05-03,2.1315789222717285,2.1600000858306885,2.1600000858306885,2.0999999046325684,2.119999885559082,8000
2023-05-04,2.1809210777282715,2.2100000381469727,2.380000114440918,2.1500000953674316,2.3399999141693115,144000
2023-05-05,2.10197377204895,2.130000114440918,2.130000114440918,2.130000114440918,2.130000114440918,12000
2023-05-08,2.10197377204895,2.130000114440918,2.130000114440918,2.130000114440918,2.130000114440918,0
2023-05-09,2.10197377204895,2.130000114440918,2.130000114440918,2.130000114440918,2.130000114440918,0
2023-05-10,2.052631378173828,2.0799999237060547,2.0799999237060547,2.0799999237060547,2.0799999237060547,0
2023-05-11,2.0723683834075928,2.0999999046325684,2.109999895095825,2.0999999046325684,2.109999895095825,32000
2023-05-12,2.0723683834075928,2.0999999046325684,2.0999999046325684,2.0999999046325684,2.0999999046325684,0
2023-05-15,2.0723683834075928,2.0999999046325684,2.0999999046325684,2.0999999046325684,2.0999999046325684,0
2023-05-16,2.0822367668151855,2.109999895095825,2.109999895095825,2.109999895095825,2.109999895095825,0
2023-05-17,2.0822367668151855,2.109999895095825,2.109999895095825,2.109999895095825,2.109999895095825,0
2023-05-18,2.0723683834075928,2.0999999046325684,2.109999895095825,2.0999999046325684,2.109999895095825,10000
2023-05-19,2.052631378173828,2.0799999237060547,2.200000047683716,2.0799999237060547,2.0999999046325684,36000
2023-05-22,2.0328946113586426,2.059999942779541,2.0799999237060547,2.059999942779541,2.0799999237060547,80000
2023-05-23,2.02302622795105,2.049999952316284,2.049999952316284,2.0199999809265137,2.049999952316284,22000
2023-05-24,1.9638158082962036,1.9900000095367432,2.0199999809265137,1.9900000095367432,2.0199999809265137,94000
2023-05-25,1.8947367668151855,1.9199999570846558,2.009999990463257,1.8899999856948853,1.9900000095367432,54000
2023-05-29,1.825657844543457,1.850000023841858,1.8899999856948853,1.850000023841858,1.8899999856948853,90000
2023-05-30,1.8355263471603394,1.8600000143051147,1.8600000143051147,1.7300000190734863,1.7799999713897705,70000
2023-05-31,1.8355263471603394,1.8600000143051147,1.8600000143051147,1.8600000143051147,1.8600000143051147,0
2023-06-01,1.8355263471603394,1.8600000143051147,1.8600000143051147,1.8600000143051147,1.8600000143051147,0
2023-06-02,1.9046051502227783,1.9299999475479126,1.940000057220459,1.8799999952316284,1.8799999952316284,22353
2023-06-05,1.7565789222717285,1.7799999713897705,1.7799999713897705,1.75,1.7599999904632568,88000
2023-06-06,1.825657844543457,1.850000023841858,1.899999976158142,1.8200000524520874,1.8300000429153442,18000
2023-06-07,1.825657844543457,1.850000023841858,1.850000023841858,1.850000023841858,1.850000023841858,0
2023-06-08,1.825657844543457,1.850000023841858,1.850000023841858,1.850000023841858,1.850000023841858,0
2023-06-09,1.825657844543457,1.850000023841858,1.850000023841858,1.850000023841858,1.850000023841858,0
2023-06-12,1.8157894611358643,1.840000033378601,1.850000023841858,1.8200000524520874,1.850000023841858,114000
2023-06-13,1.8157894611358643,1.840000033378601,1.840000033378601,1.840000033378601,1.840000033378601,0
2023-06-14,1.8157894611358643,1.840000033378601,1.840000033378601,1.840000033378601,1.840000033378601,0
2023-06-15,1.825657844543457,1.850000023841858,1.850000023841858,1.850000023841858,1.850000023841858,20000
2023-06-16,1.8453947305679321,1.8700000047683716,1.8799999952316284,1.850000023841858,1.850000023841858,24000
2023-06-19,1.8453947305679321,1.8700000047683716,1.8700000047683716,1.8700000047683716,1.8700000047683716,0
2023-06-20,1.8453947305679321,1.8700000047683716,1.8700000047683716,1.8700000047683716,1.8700000047683716,0
2023-06-21,1.8453947305679321,1.8700000047683716,1.8700000047683716,1.8700000047683716,1.8700000047683716,0
2023-06-23,1.8453947305679321,1.8700000047683716,1.8700000047683716,1.8700000047683716,1.8700000047683716,0
2023-06-26,1.8453947305679321,1.8700000047683716,1.8700000047683716,1.8700000047683716,1.8700000047683716,0
2023-06-27,1.8453947305679321,1.8700000047683716,1.8700000047683716,1.8700000047683716,1.8700000047683716,0
2023-06-28,1.8453947305679321,1.8700000047683716,1.8700000047683716,1.8700000047683716,1.8700000047683716,0
2023-06-29,1.825657844543457,1.850000023841858,1.850000023841858,1.8200000524520874,1.8200000524520874,22000
2023-06-30,1.825657844543457,1.850000023841858,1.850000023841858,1.809999942779541,1.850000023841858,24000
2023-07-03,1.825657844543457,1.850000023841858,1.850000023841858,1.850000023841858,1.850000023841858,4000
2023-07-04,1.8157894611358643,1.840000033378601,1.840000033378601,1.840000033378601,1.840000033378601,0
2023-07-05,1.8157894611358643,1.840000033378601,1.840000033378601,1.840000033378601,1.840000033378601,0
2023-07-06,1.8157894611358643,1.840000033378601,1.840000033378601,1.840000033378601,1.840000033378601,0
2023-07-07,1.776315689086914,1.7999999523162842,1.7999999523162842,1.7899999618530273,1.7999999523162842,16000
2023-07-10,1.7269736528396606,1.75,1.75,1.75,1.75,0
2023-07-11,1.7269736528396606,1.75,1.75,1.7000000476837158,1.75,42000
2023-07-12,1.776315689086914,1.7999999523162842,1.9500000476837158,1.7999999523162842,1.8799999952316284,8000
2023-07-13,1.7664473056793213,1.7899999618530273,1.809999942779541,1.7899999618530273,1.809999942779541,18000
2023-07-14,1.825657844543457,1.850000023841858,1.850000023841858,1.7799999713897705,1.7999999523162842,16000
2023-07-18,1.825657844543457,1.850000023841858,1.850000023841858,1.850000023841858,1.850000023841858,0
2023-07-19,1.7171052694320679,1.7400000095367432,1.7400000095367432,1.7300000190734863,1.7300000190734863,28000
2023-07-20,1.7171052694320679,1.7400000095367432,1.7400000095367432,1.690000057220459,1.690000057220459,6000
2023-07-21,1.7171052694320679,1.7400000095367432,1.7400000095367432,1.7400000095367432,1.7400000095367432,0
2023-07-24,1.6776316165924072,1.7000000476837158,1.7000000476837158,1.7000000476837158,1.7000000476837158,0
2023-07-25,1.7269736528396606,1.75,1.75,1.7000000476837158,1.7000000476837158,22000
2023-07-26,1.6973683834075928,1.7200000286102295,1.75,1.7000000476837158,1.75,26000
2023-07-27,1.6973683834075928,1.7200000286102295,1.75,1.7200000286102295,1.75,20000
2023-07-28,1.7269736528396606,1.75,1.75,1.7000000476837158,1.7200000286102295,144000
2023-07-31,1.7269736528396606,1.75,1.75,1.75,1.75,8000
2023-08-01,1.7269736528396606,1.75,1.75,1.75,1.75,0
2023-08-02,1.7467105388641357,1.7699999809265137,1.7699999809265137,1.7699999809265137,1.7699999809265137,0
2023-08-03,1.7467105388641357,1.7699999809265137,1.7699999809265137,1.7699999809265137,1.7699999809265137,0
2023-08-04,1.7565789222717285,1.7799999713897705,1.7899999618530273,1.7799999713897705,1.7899999618530273,20000
2023-08-07,1.776315689086914,1.7999999523162842,1.7999999523162842,1.7400000095367432,1.7999999523162842,6000
2023-08-08,1.776315689086914,1.7999999523162842,1.9299999475479126,1.7999999523162842,1.9299999475479126,46000
2023-08-09,1.776315689086914,1.7999999523162842,1.7999999523162842,1.7999999523162842,1.7999999523162842,0
2023-08-10,1.7467105388641357,1.7699999809265137,1.7699999809265137,1.7699999809265137,1.7699999809265137,0
2023-08-11,1.7467105388641357,1.7699999809265137,1.9500000476837158,1.7300000190734863,1.9199999570846558,40000
2023-08-14,1.7171052694320679,1.7400000095367432,1.7100000381469727,1.7000000476837158,1.7000000476837158,30000
2023-08-15,1.6776316165924072,1.7000000476837158,1.7000000476837158,1.7000000476837158,1.7000000476837158,4000
2023-08-16,1.6480262279510498,1.6699999570846558,1.75,1.6699999570846558,1.75,50000
2023-08-17,1.6677632331848145,1.690000057220459,1.690000057220459,1.5499999523162842,1.6299999952316284,156000
2023-08-18,1.6776316165924072,1.7000000476837158,1.7100000381469727,1.690000057220459,1.690000057220459,8000
2023-08-21,1.6973683834075928,1.7200000286102295,1.7200000286102295,1.6299999952316284,1.6299999952316284,38000
2023-08-22,1.6776316165924072,1.7000000476837158,1.7000000476837158,1.7000000476837158,1.7000000476837158,0
2023-08-23,1.6677632331848145,1.690000057220459,1.690000057220459,1.690000057220459,1.690000057220459,0
2023-08-24,1.6677632331848145,1.690000057220459,1.690000057220459,1.690000057220459,1.690000057220459,0
2023-08-25,1.6677632331848145,1.690000057220459,1.690000057220459,1.690000057220459,1.690000057220459,0
2023-08-28,1.6578946113586426,1.6799999475479126,1.7000000476837158,1.659999966621399,1.659999966621399,22000
2023-08-29,1.6776316165924072,1.7000000476837158,1.7000000476837158,1.659999966621399,1.7000000476837158,6000
2023-08-30,1.6776316165924072,1.7000000476837158,1.7000000476837158,1.7000000476837158,1.7000000476837158,0
2023-08-31,1.5986841917037964,1.6200000047683716,1.7599999904632568,1.600000023841858,1.7599999904632568,38000
2023-09-04,1.6480262279510498,1.6699999570846558,1.6699999570846558,1.600000023841858,1.6699999570846558,8000
2023-09-05,1.6480262279510498,1.6699999570846558,1.6699999570846558,1.559999942779541,1.649999976158142,44000
2023-09-06,1.6480262279510498,1.6699999570846558,1.6699999570846558,1.6699999570846558,1.6699999570846558,0
2023-09-07,1.6184210777282715,1.6399999856948853,1.6699999570846558,1.600000023841858,1.6699999570846558,104000
2023-09-11,1.6480262279510498,1.6699999570846558,1.7000000476837158,1.600000023841858,1.659999966621399,50000
2023-09-12,1.5888158082962036,1.6100000143051147,1.6100000143051147,1.5800000429153442,1.6100000143051147,34000
2023-09-13,1.638157844543457,1.659999966621399,1.6799999475479126,1.6200000047683716,1.659999966621399,62000
2023-09-14,1.638157844543457,1.659999966621399,1.659999966621399,1.659999966621399,1.659999966621399,0
2023-09-15,1.6085525751113892,1.6299999952316284,1.6799999475479126,1.600000023841858,1.6200000047683716,72000
2023-09-18,1.6085525751113892,1.6299999952316284,1.6299999952316284,1.6299999952316284,1.6299999952316284,0
2023-09-19,1.6085525751113892,1.6299999952316284,1.6299999952316284,1.6299999952316284,1.6299999952316284,0
2023-09-20,1.6085525751113892,1.6299999952316284,1.6299999952316284,1.6299999952316284,1.6299999952316284,0
2023-09-21,1.6085525751113892,1.6299999952316284,1.6299999952316284,1.6299999952316284,1.6299999952316284,0
2023-09-22,1.5986841917037964,1.6200000047683716,1.6399999856948853,1.5700000524520874,1.590000033378601,14000
2023-09-25,1.5592105388641357,1.5800000429153442,1.6699999570846558,1.5700000524520874,1.5700000524520874,42000
2023-09-26,1.5888158082962036,1.6100000143051147,1.6200000047683716,1.5199999809265137,1.5700000524520874,64000
2023-09-27,1.638157844543457,1.659999966621399,1.659999966621399,1.5700000524520874,1.6200000047683716,14000
2023-09-28,1.7368420362472534,1.7599999904632568,1.7599999904632568,1.590000033378601,1.659999966621399,14000
2023-09-29,1.6776316165924072,1.7000000476837158,1.899999976158142,1.649999976158142,1.7599999904632568,106000
2023-10-03,1.5888158082962036,1.6100000143051147,1.659999966621399,1.6100000143051147,1.649999976158142,52000
2023-10-04,1.5197367668151855,1.5399999618530273,1.5700000524520874,1.5199999809265137,1.5700000524520874,70000
2023-10-05,1.549342155456543,1.5700000524520874,1.5700000524520874,1.5199999809265137,1.5499999523162842,14000
2023-10-06,1.5986841917037964,1.6200000047683716,1.6299999952316284,1.559999942779541,1.6299999952316284,18000
2023-10-09,1.5986841917037964,1.6200000047683716,1.6200000047683716,1.6200000047683716,1.6200000047683716,0
2023-10-10,1.6184210777282715,1.6399999856948853,1.6399999856948853,1.5499999523162842,1.6299999952316284,18000
2023-10-11,1.5690789222717285,1.590000033378601,1.649999976158142,1.5499999523162842,1.559999942779541,158000
2023-10-12,1.6677632331848145,1.690000057220459,1.690000057220459,1.559999942779541,1.659999966621399,70000
2023-10-13,1.6677632331848145,1.690000057220459,1.690000057220459,1.690000057220459,1.690000057220459,0
2023-10-16,1.6776316165924072,1.7000000476837158,1.75,1.6799999475479126,1.75,58000
2023-10-17,1.638157844543457,1.659999966621399,1.75,1.6200000047683716,1.75,90000
2023-10-18,1.5888158082962036,1.6100000143051147,1.6100000143051147,1.600000023841858,1.600000023841858,620000
2023-10-19,1.6184210777282715,1.6399999856948853,1.6799999475479126,1.600000023841858,1.6799999475479126,6000
2023-10-20,1.6184210777282715,1.6399999856948853,1.6399999856948853,1.6399999856948853,1.6399999856948853,0
2023-10-24,1.6184210777282715,1.6399999856948853,1.649999976158142,1.6200000047683716,1.6200000047683716,10000
2023-10-25,1.5888158082962036,1.6100000143051147,1.6299999952316284,1.6100000143051147,1.6299999952316284,26000
2023-10-26,1.5888158082962036,1.6100000143051147,1.6100000143051147,1.6100000143051147,1.6100000143051147,0
2023-10-27,1.6282894611358643,1.649999976158142,1.649999976158142,1.5700000524520874,1.6399999856948853,10000
2023-10-30,1.6282894611358643,1.649999976158142,1.649999976158142,1.649999976158142,1.649999976158142,0
2023-10-31,1.6282894611358643,1.649999976158142,1.649999976158142,1.6100000143051147,1.6100000143051147,8000
2023-11-01,1.6282894611358643,1.649999976158142,1.649999976158142,1.649999976158142,1.649999976158142,0
2023-11-02,1.6282894611358643,1.649999976158142,1.649999976158142,1.649999976158142,1.649999976158142,0
2023-11-03,1.6578946113586426,1.6799999475479126,1.6799999475479126,1.6200000047683716,1.649999976158142,18000
2023-11-06,1.6578946113586426,1.6799999475479126,1.6799999475479126,1.6799999475479126,1.6799999475479126,0
2023-11-07,1.6578946113586426,1.6799999475479126,1.6799999475479126,1.6799999475479126,1.6799999475479126,34000
2023-11-08,1.6480262279510498,1.6699999570846558,1.6799999475479126,1.6200000047683716,1.6799999475479126,22000
2023-11-09,1.6480262279510498,1.6699999570846558,1.6699999570846558,1.6699999570846558,1.6699999570846558,0
2023-11-10,1.6282894611358643,1.649999976158142,1.649999976158142,1.5800000429153442,1.6100000143051147,66000
2023-11-13,1.5789474248886108,1.600000023841858,1.600000023841858,1.5499999523162842,1.5800000429153442,6000
2023-11-14,1.5789474248886108,1.600000023841858,1.600000023841858,1.600000023841858,1.600000023841858,0
2023-11-15,1.5098683834075928,1.5299999713897705,1.6100000143051147,1.4900000095367432,1.5,74000
2023-11-16,1.5394736528396606,1.559999942779541,1.559999942779541,1.5,1.5399999618530273,38000
2023-11-17,1.4901314973831177,1.5099999904632568,1.590000033378601,1.4700000286102295,1.590000033378601,6000
2023-11-20,1.5690789222717285,1.590000033378601,1.649999976158142,1.5099999904632568,1.559999942779541,24000
2023-11-21,1.4901314973831177,1.5099999904632568,1.590000033378601,1.5099999904632568,1.590000033378601,25665
2023-11-22,1.5,1.5199999809265137,1.5199999809265137,1.4800000190734863,1.5099999904632568,16000
2023-11-23,1.5098683834075928,1.5299999713897705,1.6200000047683716,1.5199999809265137,1.5399999618530273,16000
2023-11-24,1.5394736528396606,1.559999942779541,1.649999976158142,1.5099999904632568,1.649999976158142,20000
2023-11-27,1.5789474248886108,1.600000023841858,1.600000023841858,1.590000033378601,1.600000023841858,108000
2023-11-28,1.5789474248886108,1.600000023841858,1.6100000143051147,1.600000023841858,1.6100000143051147,114000
2023-11-29,1.5296051502227783,1.5499999523162842,1.5499999523162842,1.5499999523162842,1.5499999523162842,0
2023-11-30,1.5,1.5199999809265137,1.5299999713897705,1.4800000190734863,1.5199999809265137,40000
2023-12-01,1.4901314973831177,1.5099999904632568,1.5099999904632568,1.5,1.5,12000
2023-12-04,1.5,1.5199999809265137,1.5199999809265137,1.5,1.5099999904632568,82000
2023-12-05,1.5,1.5199999809265137,1.5199999809265137,1.5199999809265137,1.5199999809265137,0
2023-12-06,1.4901314973831177,1.5099999904632568,1.5199999809265137,1.5099999904632568,1.5199999809265137,38000
2023-12-07,1.5197367668151855,1.5399999618530273,1.5399999618530273,1.5399999618530273,1.5399999618530273,40000
2023-12-08,1.5098683834075928,1.5299999713897705,1.5299999713897705,1.5299999713897705,1.5299999713897705,0
2023-12-11,1.5098683834075928,1.5299999713897705,1.5299999713897705,1.4900000095367432,1.4900000095367432,44000
2023-12-12,1.5394736528396606,1.559999942779541,1.559999942779541,1.559999942779541,1.559999942779541,0
2023-12-13,1.5197367668151855,1.5399999618530273,1.600000023841858,1.5299999713897705,1.5299999713897705,34000
2023-12-14,1.5197367668151855,1.5399999618530273,1.5399999618530273,1.5399999618530273,1.5399999618530273,0
2023-12-15,1.5789474248886108,1.600000023841858,1.600000023841858,1.600000023841858,1.600000023841858,2000
2023-12-18,1.5789474248886108,1.600000023841858,1.600000023841858,1.600000023841858,1.600000023841858,0
2023-12-19,1.5394736528396606,1.559999942779541,1.559999942779541,1.4900000095367432,1.5099999904632568,12000
2023-12-20,1.5592105388641357,1.5800000429153442,1.5800000429153442,1.5800000429153442,1.5800000429153442,10000
2023-12-21,1.5,1.5199999809265137,1.5199999809265137,1.5199999809265137,1.5199999809265137,0
2023-12-22,1.5296051502227783,1.5499999523162842,1.5499999523162842,1.5199999809265137,1.5299999713897705,16000
2023-12-27,1.5296051502227783,1.5499999523162842,1.600000023841858,1.5499999523162842,1.5499999523162842,76000
2023-12-28,1.5296051502227783,1.5499999523162842,1.5499999523162842,1.5499999523162842,1.5499999523162842,6000
2023-12-29,1.5592105388641357,1.5800000429153442,1.600000023841858,1.5299999713897705,1.5299999713897705,64000
2024-01-02,1.7269736528396606,1.75,1.7599999904632568,1.6200000047683716,1.6200000047683716,106000
2024-01-03,1.825657844543457,1.850000023841858,1.850000023841858,1.7599999904632568,1.7599999904632568,80000
2024-01-04,1.855263113975525,1.8799999952316284,1.9199999570846558,1.7999999523162842,1.8799999952316284,114000
2024-01-05,1.855263113975525,1.8799999952316284,1.8799999952316284,1.8799999952316284,1.8799999952316284,22000
2024-01-08,1.855263113975525,1.8799999952316284,1.8799999952316284,1.8799999952316284,1.8799999952316284,36000
2024-01-09,1.8355263471603394,1.8600000143051147,1.8799999952316284,1.850000023841858,1.8799999952316284,30000
2024-01-10,1.8059210777282715,1.8300000429153442,1.8300000429153442,1.8300000429153442,1.8300000429153442,0
2024-01-11,1.825657844543457,1.850000023841858,1.850000023841858,1.850000023841858,1.850000023841858,0
2024-01-12,1.825657844543457,1.850000023841858,1.850000023841858,1.850000023841858,1.850000023841858,0
2024-01-15,1.7565789222717285,1.7799999713897705,1.7799999713897705,1.7799999713897705,1.7799999713897705,10000
2024-01-16,1.7861841917037964,1.809999942779541,1.7999999523162842,1.7999999523162842,1.7999999523162842,48000
2024-01-17,1.7368420362472534,1.7599999904632568,1.7699999809265137,1.75,1.7699999809265137,38883
2024-01-18,1.875,1.899999976158142,1.899999976158142,1.75,1.75,10000
2024-01-19,1.8651314973831177,1.8899999856948853,1.8899999856948853,1.8899999856948853,1.8899999856948853,0
2024-01-22,1.7467105388641357,1.7699999809265137,1.7699999809265137,1.7699999809265137,1.7699999809265137,0
2024-01-23,1.7565789222717285,1.7799999713897705,1.7799999713897705,1.7799999713897705,1.7799999713897705,6000
2024-01-24,1.8355263471603394,1.8600000143051147,1.8899999856948853,1.8600000143051147,1.8799999952316284,8000
2024-01-25,1.855263113975525,1.8799999952316284,1.8799999952316284,1.8799999952316284,1.8799999952316284,0
2024-01-26,1.8355263471603394,1.8600000143051147,1.8799999952316284,1.8600000143051147,1.8799999952316284,32000
2024-01-29,1.855263113975525,1.8799999952316284,1.8799999952316284,1.8799999952316284,1.8799999952316284,0
2024-01-30,1.8355263471603394,1.8600000143051147,1.8600000143051147,1.8600000143051147,1.8600000143051147,4000
2024-01-31,1.8059210777282715,1.8300000429153442,1.8600000143051147,1.8200000524520874,1.8600000143051147,70000
2024-02-01,1.8059210777282715,1.8300000429153442,1.8300000429153442,1.8300000429153442,1.8300000429153442,0
2024-02-02,1.855263113975525,1.8799999952316284,1.8799999952316284,1.8799999952316284,1.8799999952316284,22000
2024-02-05,1.855263113975525,1.8799999952316284,1.8799999952316284,1.8799999952316284,1.8799999952316284,0
2024-02-06,1.855263113975525,1.8799999952316284,1.8799999952316284,1.8799999952316284,1.8799999952316284,0
2024-02-07,1.707236886024475,1.7300000190734863,1.8799999952316284,1.7200000286102295,1.8799999952316284,142000
2024-02-08,1.7171052694320679,1.7400000095367432,1.7899999618530273,1.7400000095367432,1.7899999618530273,18000
2024-02-09,1.6480262279510498,1.6699999570846558,1.6699999570846558,1.590000033378601,1.6299999952316284,18000
2024-02-14,1.6578946113586426,1.6799999475479126,1.6799999475479126,1.6699999570846558,1.6699999570846558,22000
2024-02-15,1.6578946113586426,1.6799999475479126,1.6799999475479126,1.6799999475479126,1.6799999475479126,0
2024-02-16,1.6677632331848145,1.690000057220459,1.690000057220459,1.690000057220459,1.690000057220459,0
2024-02-19,1.638157844543457,1.659999966621399,1.690000057220459,1.6399999856948853,1.690000057220459,54000
2024-02-20,1.6282894611358643,1.649999976158142,1.6699999570846558,1.6399999856948853,1.6699999570846558,136000
2024-02-21,1.6875,1.7100000381469727,1.7100000381469727,1.7100000381469727,1.7100000381469727,4000
2024-02-22,1.6776316165924072,1.7000000476837158,1.7000000476837158,1.7000000476837158,1.7000000476837158,2000
2024-02-23,1.6776316165924072,1.7000000476837158,1.7000000476837158,1.7000000476837158,1.7000000476837158,0
2024-02-26,1.6776316165924072,1.7000000476837158,1.7000000476837158,1.7000000476837158,1.7000000476837158,0
2024-02-27,1.6973683834075928,1.7200000286102295,1.7200000286102295,1.7200000286102295,1.7200000286102295,0
2024-02-28,1.776315689086914,1.7999999523162842,1.7999999523162842,1.7200000286102295,1.7200000286102295,16000
2024-02-29,1.7269736528396606,1.75,1.7699999809265137,1.75,1.7699999809265137,38000
2024-03-01,1.6776316165924072,1.7000000476837158,1.7200000286102295,1.7000000476837158,1.7200000286102295,26000
2024-03-04,1.6282894611358643,1.649999976158142,1.6699999570846558,1.649999976158142,1.6699999570846558,44000
2024-03-05,1.6480262279510498,1.6699999570846558,1.6699999570846558,1.6699999570846558,1.6699999570846558,4000
2024-03-06,1.6480262279510498,1.6699999570846558,1.6699999570846558,1.6699999570846558,1.6699999570846558,0
2024-03-07,1.6776316165924072,1.7000000476837158,1.7000000476837158,1.6699999570846558,1.6699999570846558,4000
2024-03-08,1.6776316165924072,1.7000000476837158,1.7000000476837158,1.7000000476837158,1.7000000476837158,0
2024-03-11,1.6776316165924072,1.7000000476837158,1.690000057220459,1.690000057220459,1.690000057220459,18000
2024-03-12,1.6875,1.7100000381469727,1.7100000381469727,1.7100000381469727,1.7100000381469727,0
2024-03-13,1.6875,1.7100000381469727,1.7100000381469727,1.7100000381469727,1.7100000381469727,0
2024-03-14,1.6875,1.7100000381469727,1.7100000381469727,1.7100000381469727,1.7100000381469727,0
2024-03-15,1.6875,1.7100000381469727,1.7100000381469727,1.7100000381469727,1.7100000381469727,0
2024-03-18,1.6973683834075928,1.7200000286102295,1.7200000286102295,1.659999966621399,1.7100000381469727,108000
2024-03-19,1.6973683834075928,1.7200000286102295,1.7200000286102295,1.7200000286102295,1.7200000286102295,14000
2024-03-20,1.7565789222717285,1.7799999713897705,1.7799999713897705,1.75,1.75,78000
2024-03-21,1.7171052694320679,1.7400000095367432,1.7799999713897705,1.75,1.659999966621399,2000
2024-03-22,1.7171052694320679,1.7400000095367432,1.75,1.7400000095367432,1.7400000095367432,16000
2024-03-25,1.6973683834075928,1.7200000286102295,1.7200000286102295,1.7200000286102295,1.7200000286102295,0
2024-03-26,1.6973683834075928,1.7200000286102295,1.7200000286102295,1.7200000286102295,1.7200000286102295,0
2024-03-27,1.6973683834075928,1.7200000286102295,1.7200000286102295,1.7200000286102295,1.7200000286102295,0
2024-03-28,1.6776316165924072,1.7000000476837158,1.7000000476837158,1.7000000476837158,1.7000000476837158,2000
2024-04-02,1.6677632331848145,1.690000057220459,1.7200000286102295,1.6799999475479126,1.7200000286102295,24000
2024-04-03,1.6677632331848145,1.690000057220459,1.690000057220459,1.690000057220459,1.690000057220459,0
2024-04-05,1.6875,1.7100000381469727,1.7100000381469727,1.7100000381469727,1.7100000381469727,26000
2024-04-08,1.6776316165924072,1.7000000476837158,1.7000000476837158,1.7000000476837158,1.7000000476837158,10000
2024-04-09,1.6875,1.7100000381469727,1.7100000381469727,1.7100000381469727,1.7100000381469727,12000
2024-04-10,1.6875,1.7100000381469727,1.7100000381469727,1.7100000381469727,1.7100000381469727,30000
2024-04-11,1.6875,1.7100000381469727,1.7100000381469727,1.7100000381469727,1.7100000381469727,0
2024-04-12,1.6776316165924072,1.7000000476837158,1.7100000381469727,1.7100000381469727,1.7100000381469727,20000
2024-04-15,1.6480262279510498,1.6699999570846558,1.6699999570846558,1.6699999570846558,1.6699999570846558,0
2024-04-16,1.6578946113586426,1.6799999475479126,1.6799999475479126,1.6799999475479126,1.6799999475479126,24000
2024-04-17,1.6578946113586426,1.6799999475479126,1.6799999475479126,1.6799999475479126,1.6799999475479126,0
2024-04-18,1.6282894611358643,1.649999976158142,1.649999976158142,1.649999976158142,1.649999976158142,0
2024-04-19,1.6085525751113892,1.6299999952316284,1.6399999856948853,1.6399999856948853,1.6399999856948853,10000
2024-04-22,1.6184210777282715,1.6399999856948853,1.6399999856948853,1.6399999856948853,1.6399999856948853,0
2024-04-23,1.6184210777282715,1.6399999856948853,1.6399999856948853,1.6399999856948853,1.6399999856948853,0
2024-04-24,1.6085525751113892,1.6299999952316284,1.6200000047683716,1.6200000047683716,1.6200000047683716,4000
2024-04-25,1.6085525751113892,1.6299999952316284,1.6299999952316284,1.6299999952316284,1.6299999952316284,0
2024-04-26,1.6282894611358643,1.649999976158142,1.649999976158142,1.649999976158142,1.649999976158142,20000
2024-04-29,1.6184210777282715,1.6399999856948853,1.6399999856948853,1.6399999856948853,1.6399999856948853,0
2024-04-30,1.5986841917037964,1.6200000047683716,1.6200000047683716,1.6100000143051147,1.6100000143051147,10000
2024-05-02,1.6776316165924072,1.7000000476837158,1.7000000476837158,1.7000000476837158,1.7000000476837158,14000
2024-05-03,1.6776316165924072,1.7000000476837158,1.7000000476837158,1.7000000476837158,1.7000000476837158,0
2024-05-06,1.6776316165924072,1.7000000476837158,1.7000000476837158,1.7000000476837158,1.7000000476837158,0
2024-05-07,1.6578946113586426,1.6799999475479126,1.6799999475479126,1.6799999475479126,1.6799999475479126,10000
2024-05-08,1.6578946113586426,1.6799999475479126,1.6799999475479126,1.6799999475479126,1.6799999475479126,0
2024-05-09,1.6282894611358643,1.649999976158142,1.6399999856948853,1.6399999856948853,1.6399999856948853,74000
2024-05-10,1.6282894611358643,1.649999976158142,1.649999976158142,1.649999976158142,1.649999976158142,0
2024-05-13,1.6282894611358643,1.649999976158142,1.649999976158142,1.649999976158142,1.649999976158142,0
2024-05-14,1.638157844543457,1.659999966621399,1.659999966621399,1.659999966621399,1.659999966621399,12000
2024-05-16,1.638157844543457,1.659999966621399,1.659999966621399,1.659999966621399,1.659999966621399,34000
2024-05-17,1.638157844543457,1.659999966621399,1.659999966621399,1.659999966621399,1.659999966621399,0
2024-05-20,1.638157844543457,1.659999966621399,1.659999966621399,1.659999966621399,1.659999966621399,0
2024-05-21,1.6578946113586426,1.6799999475479126,1.7000000476837158,1.649999976158142,1.649999976158142,70000
2024-05-22,1.638157844543457,1.659999966621399,1.6799999475479126,1.649999976158142,1.6799999475479126,42000
2024-05-23,1.6282894611358643,1.649999976158142,1.649999976158142,1.649999976158142,1.649999976158142,22000
2024-05-24,1.6282894611358643,1.649999976158142,1.649999976158142,1.649999976158142,1.649999976158142,4000
2024-05-27,1.6282894611358643,1.649999976158142,1.649999976158142,1.649999976158142,1.649999976158142,12000
2024-05-28,1.6282894611358643,1.649999976158142,1.649999976158142,1.649999976158142,1.649999976158142,0
2024-05-29,1.6184210777282715,1.6399999856948853,1.6399999856948853,1.6399999856948853,1.6399999856948853,0
2024-05-30,1.6184210777282715,1.6399999856948853,1.6399999856948853,1.6399999856948853,1.6399999856948853,0
2024-05-31,1.6184210777282715,1.6399999856948853,1.6399999856948853,1.6399999856948853,1.6399999856948853,2441
2024-06-03,1.6282894611358643,1.649999976158142,1.649999976158142,1.649999976158142,1.649999976158142,8000
2024-06-04,1.6184210777282715,1.6399999856948853,1.6399999856948853,1.6399999856948853,1.6399999856948853,18000
2024-06-05,1.6085525751113892,1.6299999952316284,1.6299999952316284,1.6299999952316284,1.6299999952316284,2000
2024-06-06,1.5394736528396606,1.559999942779541,1.649999976158142,1.5199999809265137,1.649999976158142,236000
2024-06-07,1.6282894611358643,1.649999976158142,1.649999976158142,1.600000023841858,1.600000023841858,54000
2024-06-11,1.638157844543457,1.659999966621399,1.659999966621399,1.6399999856948853,1.6399999856948853,40000
2024-06-12,1.638157844543457,1.659999966621399,1.659999966621399,1.6100000143051147,1.6100000143051147,14000
2024-06-13,1.638157844543457,1.659999966621399,1.659999966621399,1.659999966621399,1.659999966621399,48000
2024-06-14,1.6578946113586426,1.6799999475479126,1.6799999475479126,1.659999966621399,1.659999966621399,80000
2024-06-17,1.6578946113586426,1.6799999475479126,1.6799999475479126,1.6799999475479126,1.6799999475479126,8000
2024-06-18,1.6578946113586426,1.6799999475479126,1.6799999475479126,1.6799999475479126,1.6799999475479126,0
2024-06-19,1.6085525751113892,1.6299999952316284,1.6299999952316284,1.6299999952316284,1.6299999952316284,26000
2024-06-20,1.6875,1.7100000381469727,1.809999942779541,1.7000000476837158,1.809999942779541,518000
2024-06-21,1.6677632331848145,1.690000057220459,1.690000057220459,1.690000057220459,1.690000057220459,0
2024-06-24,1.6677632331848145,1.690000057220459,1.690000057220459,1.690000057220459,1.690000057220459,0
2024-06-25,1.7171052694320679,1.7400000095367432,1.7400000095367432,1.649999976158142,1.6699999570846558,12000
2024-06-26,1.6973683834075928,1.7200000286102295,1.7200000286102295,1.7200000286102295,1.7200000286102295,0
2024-06-27,1.6578946113586426,1.6799999475479126,1.7100000381469727,1.600000023841858,1.7100000381469727,68000
2024-06-28,1.6085525751113892,1.6299999952316284,1.6299999952316284,1.6299999952316284,1.6299999952316284,0
2024-07-02,1.5789474248886108,1.600000023841858,1.600000023841858,1.600000023841858,1.600000023841858,0
2024-07-03,1.5690789222717285,1.590000033378601,1.600000023841858,1.5800000429153442,1.600000023841858,30000
2024-07-04,1.5,1.5199999809265137,1.600000023841858,1.4800000190734863,1.600000023841858,468000
2024-07-05,1.5,1.5199999809265137,1.5199999809265137,1.5199999809265137,1.5199999809265137,0
2024-07-08,1.5098683834075928,1.5299999713897705,1.5299999713897705,1.5299999713897705,1.5299999713897705,0
2024-07-09,1.5098683834075928,1.5299999713897705,1.5299999713897705,1.5299999713897705,1.5299999713897705,0
2024-07-10,1.480263113975525,1.5,1.5099999904632568,1.4900000095367432,1.5,118000
2024-07-11,1.5,1.5199999809265137,1.5199999809265137,1.5199999809265137,1.5199999809265137,0
2024-07-12,1.5,1.5199999809265137,1.5199999809265137,1.5199999809265137,1.5199999809265137,14000
2024-07-15,1.4901314973831177,1.5099999904632568,1.5099999904632568,1.5,1.5,24000
2024-07-16,1.480263113975525,1.5,1.5,1.5,1.5,0
2024-07-17,1.5,1.5199999809265137,1.5199999809265137,1.5099999904632568,1.5199999809265137,18000
2024-07-18,1.4901314973831177,1.5099999904632568,1.5099999904632568,1.5099999904632568,1.5099999904632568,0
2024-07-19,1.4901314973831177,1.5099999904632568,1.5099999904632568,1.5099999904632568,1.5099999904632568,0
2024-07-22,1.5592105388641357,1.5800000429153442,1.5800000429153442,1.5099999904632568,1.5099999904632568,8000
2024-07-23,1.6282894611358643,1.649999976158142,1.649999976158142,1.6100000143051147,1.6100000143051147,20000
2024-07-24,1.6282894611358643,1.649999976158142,1.649999976158142,1.649999976158142,1.649999976158142,0
2024-07-25,1.5789474248886108,1.600000023841858,1.6399999856948853,1.5299999713897705,1.600000023841858,22000
2024-07-26,1.5789474248886108,1.600000023841858,1.600000023841858,1.600000023841858,1.600000023841858,0
2024-07-29,1.5789474248886108,1.600000023841858,1.600000023841858,1.600000023841858,1.600000023841858,0
2024-07-30,1.6085525751113892,1.6299999952316284,1.6299999952316284,1.6299999952316284,1.6299999952316284,0
2024-07-31,1.6085525751113892,1.6299999952316284,1.6299999952316284,1.6299999952316284,1.6299999952316284,0
2024-08-01,1.6085525751113892,1.6299999952316284,1.6299999952316284,1.6299999952316284,1.6299999952316284,0
2024-08-02,1.5986841917037964,1.6200000047683716,1.6200000047683716,1.6200000047683716,1.6200000047683716,0
2024-08-05,1.4901314973831177,1.5099999904632568,1.559999942779541,1.5099999904632568,1.559999942779541,24000
2024-08-06,1.4901314973831177,1.5099999904632568,1.5099999904632568,1.5099999904632568,1.5099999904632568,0
2024-08-07,1.480263113975525,1.5,1.5,1.5,1.5,4000
2024-08-08,1.480263113975525,1.5,1.5,1.5,1.5,0
2024-08-09,1.480263113975525,1.5,1.5,1.5,1.5,0
2024-08-12,1.4901314973831177,1.5099999904632568,1.5099999904632568,1.5099999904632568,1.5099999904632568,0
2024-08-13,1.4901314973831177,1.5099999904632568,1.5099999904632568,1.5099999904632568,1.5099999904632568,0
2024-08-14,1.4901314973831177,1.5099999904632568,1.5099999904632568,1.5099999904632568,1.5099999904632568,0
2024-08-15,1.4901314973831177,1.5099999904632568,1.5099999904632568,1.5099999904632568,1.5099999904632568,0
2024-08-16,1.4901314973831177,1.5099999904632568,1.5,1.5,1.5,10000
2024-08-19,1.5690789222717285,1.590000033378601,1.590000033378601,1.590000033378601,1.590000033378601,0
2024-08-20,1.5,1.5199999809265137,1.5399999618530273,1.5199999809265137,1.5399999618530273,50000
2024-08-21,1.5,1.5199999809265137,1.5199999809265137,1.5099999904632568,1.5199999809265137,10000
2024-08-22,1.5,1.5199999809265137,1.5199999809265137,1.5199999809265137,1.5199999809265137,8000
2024-08-23,1.5,1.5199999809265137,1.5199999809265137,1.5199999809265137,1.5199999809265137,0
2024-08-26,1.5199999809265137,1.5199999809265137,1.5199999809265137,1.5199999809265137,1.5199999809265137,0
2024-08-27,1.5,1.5,1.5399999618530273,1.4900000095367432,1.4900000095367432,24000
2024-08-28,1.4900000095367432,1.4900000095367432,1.4900000095367432,1.4900000095367432,1.4900000095367432,0
2024-08-29,1.4900000095367432,1.4900000095367432,1.4900000095367432,1.4900000095367432,1.4900000095367432,0
2024-08-30,1.4900000095367432,1.4900000095367432,1.4900000095367432,1.4900000095367432,1.4900000095367432,0
2024-09-02,1.4900000095367432,1.4900000095367432,1.4900000095367432,1.4900000095367432,1.4900000095367432,6000
2024-09-03,1.4900000095367432,1.4900000095367432,1.4900000095367432,1.4900000095367432,1.4900000095367432,0
2024-09-04,1.4900000095367432,1.4900000095367432,1.4900000095367432,1.4900000095367432,1.4900000095367432,0
2024-09-05,1.5199999809265137,1.5199999809265137,1.5199999809265137,1.5199999809265137,1.5199999809265137,0
2024-09-09,1.5199999809265137,1.5199999809265137,1.5199999809265137,1.5199999809265137,1.5199999809265137,0
2024-09-10,1.5199999809265137,1.5199999809265137,1.5199999809265137,1.5199999809265137,1.5199999809265137,0
2024-09-11,1.5499999523162842,1.5499999523162842,1.5499999523162842,1.5499999523162842,1.5499999523162842,0
2024-09-12,1.5,1.5,1.5,1.5,1.5,0
2024-09-13,1.5,1.5,1.5,1.5,1.5,0
2024-09-16,1.5,1.5,1.5,1.5,1.5,0
2024-09-17,1.5099999904632568,1.5099999904632568,1.5099999904632568,1.5099999904632568,1.5099999904632568,0
2024-09-19,1.5199999809265137,1.5199999809265137,1.5199999809265137,1.5199999809265137,1.5199999809265137,0
2024-09-20,1.5199999809265137,1.5199999809265137,1.5199999809265137,1.5199999809265137,1.5199999809265137,0
2024-09-23,1.5199999809265137,1.5199999809265137,1.5199999809265137,1.5199999809265137,1.5199999809265137,0
2024-09-24,1.5499999523162842,1.5499999523162842,1.6299999952316284,1.5499999523162842,1.5499999523162842,62000
2024-09-25,1.600000023841858,1.600000023841858,1.600000023841858,1.5800000429153442,1.600000023841858,32000
2024-09-26,1.5800000429153442,1.5800000429153442,1.5800000429153442,1.5800000429153442,1.5800000429153442,0
2024-09-27,1.5800000429153442,1.5800000429153442,1.5800000429153442,1.5800000429153442,1.5800000429153442,24000
2024-09-30,1.600000023841858,1.600000023841858,1.6299999952316284,1.600000023841858,1.6299999952316284,48000
2024-10-02,1.649999976158142,1.649999976158142,1.649999976158142,1.559999942779541,1.559999942779541,272000
2024-10-03,1.6399999856948853,1.6399999856948853,1.649999976158142,1.600000023841858,1.649999976158142,64000
2024-10-04,1.6299999952316284,1.6299999952316284,1.6699999570846558,1.6100000143051147,1.6699999570846558,124000
2024-10-07,1.649999976158142,1.649999976158142,1.649999976158142,1.600000023841858,1.6299999952316284,182000
2024-10-08,1.5299999713897705,1.5299999713897705,1.649999976158142,1.5099999904632568,1.649999976158142,234000
2024-10-09,1.5299999713897705,1.5299999713897705,1.5499999523162842,1.5199999809265137,1.5199999809265137,62000
2024-10-10,1.5299999713897705,1.5299999713897705,1.5299999713897705,1.5199999809265137,1.5299999713897705,50000
2024-10-14,1.590000033378601,1.590000033378601,1.600000023841858,1.559999942779541,1.600000023841858,106000
2024-10-15,1.5299999713897705,1.5299999713897705,1.5299999713897705,1.5299999713897705,1.5299999713897705,4000
2024-10-16,1.5800000429153442,1.5800000429153442,1.5800000429153442,1.5199999809265137,1.5399999618530273,80000
2024-10-17,1.5800000429153442,1.5800000429153442,1.5800000429153442,1.5800000429153442,1.600000023841858,50000
2024-10-18,1.5499999523162842,1.5499999523162842,1.5700000524520874,1.5199999809265137,1.5700000524520874,58000
2024-10-21,1.5499999523162842,1.5499999523162842,1.5499999523162842,1.5499999523162842,1.5499999523162842,16000
2024-10-22,1.590000033378601,1.590000033378601,1.590000033378601,1.5399999618530273,1.559999942779541,82000
2024-10-23,1.590000033378601,1.590000033378601,1.590000033378601,1.590000033378601,1.590000033378601,0
2024-10-24,1.600000023841858,1.600000023841858,1.600000023841858,1.559999942779541,1.559999942779541,80000
2024-10-25,1.6100000143051147,1.6100000143051147,1.6399999856948853,1.600000023841858,1.600000023841858,128000
2024-10-28,1.6100000143051147,1.6100000143051147,1.6100000143051147,1.600000023841858,1.6100000143051147,52000
2024-10-29,1.6200000047683716,1.6200000047683716,1.6299999952316284,1.600000023841858,1.6299999952316284,34000
2024-10-30,1.6100000143051147,1.6100000143051147,1.6100000143051147,1.6100000143051147,1.6100000143051147,0
2024-10-31,1.6100000143051147,1.6100000143051147,1.6100000143051147,1.6100000143051147,1.6100000143051147,10000
2024-11-01,1.590000033378601,1.590000033378601,1.590000033378601,1.590000033378601,1.590000033378601,0
2024-11-04,1.590000033378601,1.590000033378601,1.590000033378601,1.590000033378601,1.590000033378601,0
2024-11-05,1.590000033378601,1.590000033378601,1.590000033378601,1.590000033378601,1.590000033378601,0
2024-11-06,1.590000033378601,1.590000033378601,1.6100000143051147,1.590000033378601,1.6100000143051147,6000
2024-11-07,1.590000033378601,1.590000033378601,1.590000033378601,1.590000033378601,1.590000033378601,0
2024-11-08,1.600000023841858,1.600000023841858,1.600000023841858,1.600000023841858,1.600000023841858,10000
2024-11-11,1.600000023841858,1.600000023841858,1.600000023841858,1.600000023841858,1.600000023841858,0
2024-11-12,1.5499999523162842,1.5499999523162842,1.559999942779541,1.5399999618530273,1.559999942779541,46000
2024-11-13,1.5499999523162842,1.5499999523162842,1.5499999523162842,1.5499999523162842,1.5499999523162842,0
2024-11-14,1.5299999713897705,1.5299999713897705,1.5499999523162842,1.5099999904632568,1.5499999523162842,92000
2024-11-15,1.4900000095367432,1.4900000095367432,1.5299999713897705,1.4900000095367432,1.5299999713897705,172001
2024-11-18,1.4500000476837158,1.4500000476837158,1.4900000095367432,1.4500000476837158,1.4900000095367432,226000
2024-11-19,1.4500000476837158,1.4500000476837158,1.4500000476837158,1.3899999856948853,1.4500000476837158,236000
2024-11-20,1.399999976158142,1.399999976158142,1.4299999475479126,1.3700000047683716,1.4199999570846558,896000
2024-11-21,1.3899999856948853,1.3899999856948853,1.399999976158142,1.3899999856948853,1.399999976158142,152000
2024-11-22,1.399999976158142,1.399999976158142,1.409999966621399,1.3899999856948853,1.409999966621399,66000
2024-11-25,1.409999966621399,1.409999966621399,1.409999966621399,1.399999976158142,1.399999976158142,26000
2024-11-26,1.409999966621399,1.409999966621399,1.409999966621399,1.350000023841858,1.3600000143051147,120000
2024-11-27,1.399999976158142,1.399999976158142,1.399999976158142,1.350000023841858,1.3600000143051147,156000
2024-11-28,1.309999942779541,1.309999942779541,1.399999976158142,1.2599999904632568,1.399999976158142,418000
2024-11-29,1.3200000524520874,1.3200000524520874,1.3200000524520874,1.2000000476837158,1.2899999618530273,386000
2024-12-02,1.2799999713897705,1.2799999713897705,1.2799999713897705,1.2100000381469727,1.2599999904632568,114000
2024-12-03,1.2799999713897705,1.2799999713897705,1.2799999713897705,1.2400000095367432,1.2400000095367432,32000
2024-12-04,1.2599999904632568,1.2599999904632568,1.2799999713897705,1.25,1.2799999713897705,20000
2024-12-05,1.2699999809265137,1.2699999809265137,1.2699999809265137,1.2300000190734863,1.2400000095367432,22000
2024-12-06,1.25,1.25,1.2699999809265137,1.25,1.25,88000
2024-12-09,1.2999999523162842,1.2999999523162842,1.2999999523162842,1.2999999523162842,1.2999999523162842,2000
2024-12-10,1.340000033378601,1.340000033378601,1.3799999952316284,1.2799999713897705,1.3200000524520874,338000
2024-12-11,1.2899999618530273,1.2899999618530273,1.399999976158142,1.2899999618530273,1.3600000143051147,34000
2024-12-12,1.2999999523162842,1.2999999523162842,1.309999942779541,1.2899999618530273,1.2899999618530273,106000
2024-12-13,1.3300000429153442,1.3300000429153442,1.3799999952316284,1.2999999523162842,1.3799999952316284,96000
2024-12-16,1.3799999952316284,1.3799999952316284,1.3799999952316284,1.309999942779541,1.340000033378601,26000
2024-12-17,1.3799999952316284,1.3799999952316284,1.409999966621399,1.340000033378601,1.3799999952316284,142000
2024-12-18,1.409999966621399,1.409999966621399,1.409999966621399,1.399999976158142,1.3899999856948853,66000
2024-12-19,1.409999966621399,1.409999966621399,1.409999966621399,1.409999966621399,1.409999966621399,0
2024-12-20,1.4500000476837158,1.4500000476837158,1.4500000476837158,1.4299999475479126,1.4299999475479126,708000
2024-12-23,1.590000033378601,1.590000033378601,1.649999976158142,1.4600000381469727,1.4600000381469727,206000
2024-12-24,1.5399999618530273,1.5399999618530273,1.5399999618530273,1.5399999618530273,1.5399999618530273,0
2024-12-27,1.559999942779541,1.559999942779541,1.559999942779541,1.5,1.5099999904632568,76000
2024-12-30,1.5099999904632568,1.5099999904632568,1.5499999523162842,1.5099999904632568,1.5499999523162842,22000
2024-12-31,1.590000033378601,1.590000033378601,1.590000033378601,1.590000033378601,1.590000033378601,0
2025-01-02,1.5399999618530273,1.5399999618530273,1.5399999618530273,1.5299999713897705,1.5399999618530273,48000
2025-01-03,1.6399999856948853,1.6399999856948853,1.649999976158142,1.5399999618530273,1.5399999618530273,262000
2025-01-06,1.5499999523162842,1.5499999523162842,1.649999976158142,1.5299999713897705,1.649999976158142,262000
2025-01-07,1.6200000047683716,1.6200000047683716,1.6200000047683716,1.5499999523162842,1.5499999523162842,128000
2025-01-08,1.600000023841858,1.600000023841858,1.6399999856948853,1.5800000429153442,1.6399999856948853,118000
2025-01-09,1.6200000047683716,1.6200000047683716,1.649999976158142,1.600000023841858,1.600000023841858,216000
2025-01-10,1.6399999856948853,1.6399999856948853,1.6399999856948853,1.600000023841858,1.6100000143051147,74000
2025-01-13,1.5800000429153442,1.5800000429153442,1.5800000429153442,1.5700000524520874,1.5800000429153442,16000
2025-01-14,1.600000023841858,1.600000023841858,1.600000023841858,1.600000023841858,1.600000023841858,0
2025-01-15,1.6399999856948853,1.6399999856948853,1.649999976158142,1.600000023841858,1.600000023841858,128000
2025-01-16,1.590000033378601,1.590000033378601,1.600000023841858,1.590000033378601,1.600000023841858,74000
2025-01-17,1.590000033378601,1.590000033378601,1.590000033378601,1.590000033378601,1.590000033378601,0
2025-01-20,1.600000023841858,1.600000023841858,1.600000023841858,1.600000023841858,1.600000023841858,2000
2025-01-21,1.600000023841858,1.600000023841858,1.600000023841858,1.600000023841858,1.600000023841858,0
2025-01-22,1.600000023841858,1.600000023841858,1.600000023841858,1.600000023841858,1.600000023841858,10000
2025-01-23,1.600000023841858,1.600000023841858,1.600000023841858,1.600000023841858,1.600000023841858,10000
2025-01-24,1.6399999856948853,1.6399999856948853,1.6399999856948853,1.600000023841858,1.600000023841858,150000
2025-01-27,1.6399999856948853,1.6399999856948853,1.6399999856948853,1.6399999856948853,1.6399999856948853,62000
2025-01-28,1.6399999856948853,1.6399999856948853,1.6399999856948853,1.6399999856948853,1.6399999856948853,0
2025-02-03,1.600000023841858,1.600000023841858,1.600000023841858,1.600000023841858,1.600000023841858,0
2025-02-04,1.600000023841858,1.600000023841858,1.600000023841858,1.600000023841858,1.600000023841858,0
2025-02-05,1.5800000429153442,1.5800000429153442,1.600000023841858,1.5800000429153442,1.600000023841858,22000
2025-02-06,1.5800000429153442,1.5800000429153442,1.5800000429153442,1.5800000429153442,1.5800000429153442,0
2025-02-07,1.5800000429153442,1.5800000429153442,1.5800000429153442,1.5800000429153442,1.5800000429153442,0
2025-02-10,1.5800000429153442,1.5800000429153442,1.5800000429153442,1.5700000524520874,1.5800000429153442,12000
2025-02-11,1.5800000429153442,1.5800000429153442,1.600000023841858,1.5800000429153442,1.600000023841858,32000
2025-02-12,1.5700000524520874,1.5700000524520874,1.5700000524520874,1.5700000524520874,1.5700000524520874,0
2025-02-13,1.5700000524520874,1.5700000524520874,1.5700000524520874,1.5700000524520874,1.5700000524520874,0
2025-02-14,1.5399999618530273,1.5399999618530273,1.559999942779541,1.5399999618530273,1.559999942779541,38000
2025-02-17,1.5499999523162842,1.5499999523162842,1.5499999523162842,1.5399999618530273,1.5499999523162842,20000
2025-02-18,1.5499999523162842,1.5499999523162842,1.5499999523162842,1.5499999523162842,1.5499999523162842,0
2025-02-19,1.5499999523162842,1.5499999523162842,1.5499999523162842,1.5499999523162842,1.5499999523162842,0
2025-02-20,1.6699999570846558,1.6699999570846558,1.6699999570846558,1.590000033378601,1.590000033378601,50000
2025-02-21,1.6200000047683716,1.6200000047683716,1.7000000476837158,1.590000033378601,1.7000000476837158,8000
2025-02-24,1.590000033378601,1.590000033378601,1.590000033378601,1.590000033378601,1.590000033378601,0
2025-02-25,1.659999966621399,1.659999966621399,1.659999966621399,1.6399999856948853,1.6399999856948853,44000
2025-02-26,1.659999966621399,1.659999966621399,1.659999966621399,1.659999966621399,1.659999966621399,0
2025-02-27,1.659999966621399,1.659999966621399,1.659999966621399,1.659999966621399,1.659999966621399,0
2025-02-28,1.659999966621399,1.659999966621399,1.659999966621399,1.659999966621399,1.659999966621399,0
2025-03-03,1.5800000429153442,1.5800000429153442,1.6200000047683716,1.5800000429153442,1.6200000047683716,6000
2025-03-04,1.6200000047683716,1.6200000047683716,1.6399999856948853,1.5800000429153442,1.5800000429153442,30000
2025-03-05,1.5800000429153442,1.5800000429153442,1.559999942779541,1.559999942779541,1.559999942779541,10000
2025-03-06,1.5800000429153442,1.5800000429153442,1.5800000429153442,1.5800000429153442,1.5800000429153442,0
2025-03-07,1.5800000429153442,1.5800000429153442,1.5800000429153442,1.5800000429153442,1.5800000429153442,0
2025-03-10,1.590000033378601,1.590000033378601,1.590000033378601,1.5700000524520874,1.5499999523162842,36000
2025-03-11,1.590000033378601,1.590000033378601,1.590000033378601,1.590000033378601,1.590000033378601,0
2025-03-12,1.590000033378601,1.590000033378601,1.590000033378601,1.590000033378601,1.590000033378601,0
2025-03-13,1.590000033378601,1.590000033378601,1.590000033378601,1.590000033378601,1.590000033378601,0
2025-03-14,1.5800000429153442,1.5800000429153442,1.590000033378601,1.5800000429153442,1.590000033378601,74441
2025-03-17,1.590000033378601,1.590000033378601,1.590000033378601,1.5399999618530273,1.5700000524520874,38000
2025-03-18,1.590000033378601,1.590000033378601,1.590000033378601,1.590000033378601,1.590000033378601,0
2025-03-19,1.6299999952316284,1.6299999952316284,1.6299999952316284,1.5499999523162842,1.5700000524520874,94000
2025-03-20,1.600000023841858,1.600000023841858,1.600000023841858,1.600000023841858,1.600000023841858,0
2025-03-21,1.600000023841858,1.600000023841858,1.600000023841858,1.600000023841858,1.600000023841858,0
2025-03-24,1.600000023841858,1.600000023841858,1.600000023841858,1.600000023841858,1.600000023841858,0
2025-03-25,1.5800000429153442,1.5800000429153442,1.5800000429153442,1.5800000429153442,1.5800000429153442,0
2025-03-26,1.5800000429153442,1.5800000429153442,1.5800000429153442,1.5800000429153442,1.5800000429153442,0
2025-03-27,1.5800000429153442,1.5800000429153442,1.5800000429153442,1.5800000429153442,1.5800000429153442,0
2025-03-28,1.5800000429153442,1.5800000429153442,1.5800000429153442,1.559999942779541,1.559999942779541,20000
2025-03-31,1.5800000429153442,1.5800000429153442,1.5800000429153442,1.5800000429153442,1.5800000429153442,0
2025-04-01,1.5800000429153442,1.5800000429153442,1.5800000429153442,1.5800000429153442,1.5800000429153442,0
2025-04-02,1.559999942779541,1.559999942779541,1.559999942779541,1.559999942779541,1.559999942779541,0
2025-04-03,1.559999942779541,1.559999942779541,1.559999942779541,1.559999942779541,1.559999942779541,0
2025-04-07,1.3899999856948853,1.3899999856948853,1.5299999713897705,1.3300000429153442,1.5299999713897705,164000
2025-04-08,1.399999976158142,1.399999976158142,1.409999966621399,1.399999976158142,1.4299999475479126,20000
2025-04-09,1.3200000524520874,1.3200000524520874,1.409999966621399,1.2799999713897705,1.2899999618530273,14000
2025-04-10,1.3600000143051147,1.3600000143051147,1.399999976158142,1.3600000143051147,1.399999976158142,12000
2025-04-11,1.3600000143051147,1.3600000143051147,1.3600000143051147,1.3600000143051147,1.3600000143051147,0
2025-04-14,1.3700000047683716,1.3700000047683716,1.3700000047683716,1.3700000047683716,1.3700000047683716,0
2025-04-15,1.4500000476837158,1.4500000476837158,1.5499999523162842,1.4500000476837158,1.4900000095367432,70000
2025-04-16,1.4700000286102295,1.4700000286102295,1.559999942779541,1.4700000286102295,1.5,70088
2025-04-17,1.4700000286102295,1.4700000286102295,1.4700000286102295,1.4700000286102295,1.4700000286102295,0
2025-04-22,1.5399999618530273,1.5399999618530273,1.5399999618530273,1.4800000190734863,1.4800000190734863,12000
2025-04-23,1.5099999904632568,1.5099999904632568,1.5099999904632568,1.5099999904632568,1.5099999904632568,0
2025-04-24,1.5099999904632568,1.5099999904632568,1.5099999904632568,1.5099999904632568,1.5099999904632568,0
2025-04-25,1.5099999904632568,1.5099999904632568,1.5099999904632568,1.5099999904632568,1.5099999904632568,0
2025-04-28,1.5199999809265137,1.5199999809265137,1.5199999809265137,1.5199999809265137,1.5199999809265137,0
2025-04-29,1.5299999713897705,1.5299999713897705,1.5299999713897705,1.5299999713897705,1.5299999713897705,0
2025-04-30,1.5299999713897705,1.5299999713897705,1.5499999523162842,1.5299999713897705,1.5499999523162842,22000
2025-05-02,1.5299999713897705,1.5299999713897705,1.5299999713897705,1.5299999713897705,1.5299999713897705,0
2025-05-06,1.5099999904632568,1.5099999904632568,1.5099999904632568,1.5099999904632568,1.5099999904632568,0
2025-05-07,1.5099999904632568,1.5099999904632568,1.5099999904632568,1.5099999904632568,1.5099999904632568,0
2025-05-08,1.5199999809265137,1.5199999809265137,1.5099999904632568,1.5,1.5,14000
2025-05-09,1.5199999809265137,1.5199999809265137,1.5199999809265137,1.5199999809265137,1.5199999809265137,0
2025-05-12,1.5099999904632568,1.5099999904632568,1.5099999904632568,1.440000057220459,1.4800000190734863,102000
2025-05-13,1.5099999904632568,1.5099999904632568,1.5099999904632568,1.5099999904632568,1.5099999904632568,0
2025-05-14,1.4900000095367432,1.4900000095367432,1.5,1.4900000095367432,1.4900000095367432,14706
2025-05-15,1.4900000095367432,1.4900000095367432,1.4800000190734863,1.4800000190734863,1.4800000190734863,24000
