Date,Adj Close,Close,High,Low,Open,Volume
2010-10-28,2.1160080432891846,2.884999990463257,3.0450000762939453,2.8499999046325684,2.8499999046325684,1609640960
2010-10-29,2.068333864212036,2.819999933242798,2.9149999618530273,2.7750000953674316,2.9049999713897705,270946600
2010-11-01,2.1856863498687744,2.9800000190734863,2.984999895095825,2.809999942779541,2.8499999046325684,301734000
2010-11-02,2.2040224075317383,3.005000114440918,3.0350000858306885,2.930000066757202,2.994999885559082,250138000
2010-11-03,2.1893529891967773,2.984999895095825,3.049999952316284,2.9700000286102295,3.015000104904175,118580000
2010-11-04,2.1343443393707275,2.9100000858306885,3.0199999809265137,2.9049999713897705,3.0199999809265137,98820000
2010-11-05,2.119675636291504,2.890000104904175,2.9549999237060547,2.869999885559082,2.950000047683716,102080000
2010-11-08,2.1746833324432373,2.9649999141693115,2.984999895095825,2.890000104904175,2.890000104904175,91304500
2010-11-09,2.14167857170105,2.9200000762939453,2.9749999046325684,2.9149999618530273,2.9700000286102295,59492000
2010-11-10,2.163682222366333,2.950000047683716,2.9749999046325684,2.9200000762939453,2.930000066757202,63582000
2010-11-11,2.163682222366333,2.950000047683716,3.015000104904175,2.940000057220459,2.9700000286102295,94052682
2010-11-12,2.1013386249542236,2.865000009536743,2.944999933242798,2.8499999046325684,2.940000057220459,73942000
2010-11-15,2.1013386249542236,2.865000009536743,2.924999952316284,2.859999895095825,2.875,45848400
2010-11-16,2.0573315620422363,2.805000066757202,2.884999990463257,2.7950000762939453,2.8499999046325684,49268000
2010-11-17,2.0169923305511475,2.75,2.7899999618530273,2.740000009536743,2.7750000953674316,67294000
2010-11-18,2.090336799621582,2.8499999046325684,2.859999895095825,2.7799999713897705,2.799999952316284,40558440
2010-11-19,2.0976722240448,2.859999895095825,2.869999885559082,2.805000066757202,2.8499999046325684,27422000
2010-11-22,2.090336799621582,2.8499999046325684,2.875,2.809999942779541,2.809999942779541,16404000
2010-11-23,2.0389955043792725,2.7799999713897705,2.8499999046325684,2.7750000953674316,2.8399999141693115,22092000
2010-11-24,2.0720009803771973,2.825000047683716,2.8499999046325684,2.7950000762939453,2.7950000762939453,26842000
2010-11-25,2.1563472747802734,2.940000057220459,2.9700000286102295,2.859999895095825,2.869999885559082,127056000
2010-11-26,2.1526803970336914,2.934999942779541,2.984999895095825,2.9049999713897705,2.940000057220459,54046000
2010-11-29,2.26269793510437,3.0850000381469727,3.0950000286102295,2.9100000858306885,2.924999952316284,119666000
2010-11-30,2.20035457611084,3.0,3.069999933242798,2.9700000286102295,3.069999933242798,84654000
2010-12-01,2.1710166931152344,2.9600000381469727,2.994999885559082,2.890000104904175,2.8949999809265137,79770000
2010-12-02,2.163682222366333,2.950000047683716,3.0,2.924999952316284,2.990000009536743,39826000
2010-12-03,2.14167857170105,2.9200000762939453,2.9700000286102295,2.9200000762939453,2.9600000381469727,18647700
2010-12-06,2.1123404502868652,2.880000114440918,2.940000057220459,2.869999885559082,2.9100000858306885,16790000
2010-12-07,2.0976722240448,2.859999895095825,2.8949999809265137,2.8399999141693115,2.865000009536743,25735280
2010-12-08,2.1746833324432373,2.9649999141693115,3.0250000953674316,2.9000000953674316,2.924999952316284,82622000
2010-12-09,2.145345449447632,2.924999952316284,2.990000009536743,2.9049999713897705,2.9749999046325684,18616000
2010-12-10,2.1490132808685303,2.930000066757202,2.944999933242798,2.884999990463257,2.934999942779541,15536000
2010-12-13,2.123342514038086,2.8949999809265137,2.9700000286102295,2.884999990463257,2.950000047683716,15608000
2010-12-14,2.1526803970336914,2.934999942779541,2.940000057220459,2.8949999809265137,2.924999952316284,25609834
2010-12-15,2.119675636291504,2.890000104904175,2.934999942779541,2.884999990463257,2.924999952316284,23256000
2010-12-16,2.1123404502868652,2.880000114440918,2.934999942779541,2.8550000190734863,2.869999885559082,18358000
2010-12-17,2.1160080432891846,2.884999990463257,2.9049999713897705,2.859999895095825,2.880000114440918,9988000
2010-12-20,2.0830025672912598,2.8399999141693115,2.875,2.7899999618530273,2.875,18093600
2010-12-21,2.064666271209717,2.815000057220459,2.865000009536743,2.805000066757202,2.8299999237060547,13302000
2010-12-22,2.053664445877075,2.799999952316284,2.8450000286102295,2.7799999713897705,2.819999933242798,21988000
2010-12-23,2.049997329711914,2.7950000762939453,2.819999933242798,2.7799999713897705,2.799999952316284,9010000
2010-12-24,2.064666271209717,2.815000057220459,2.815000057220459,2.7750000953674316,2.7850000858306885,10270000
2010-12-28,2.064666271209717,2.815000057220459,2.825000047683716,2.75,2.7850000858306885,13494000
2010-12-29,2.049997329711914,2.7950000762939453,2.825000047683716,2.7799999713897705,2.799999952316284,7694000
2010-12-30,2.0573315620422363,2.805000066757202,2.819999933242798,2.7750000953674316,2.799999952316284,10063000
2010-12-31,2.0830025672912598,2.8399999141693115,2.875,2.799999952316284,2.825000047683716,10882000
2011-01-03,2.0830025672912598,2.8399999141693115,2.859999895095825,2.819999933242798,2.8399999141693115,14414000
2011-01-04,2.0830025672912598,2.8399999141693115,2.869999885559082,2.8299999237060547,2.859999895095825,20152000
2011-01-05,2.119675636291504,2.890000104904175,2.924999952316284,2.8350000381469727,2.8399999141693115,28898340
2011-01-06,2.0976722240448,2.859999895095825,2.9000000953674316,2.8450000286102295,2.8949999809265137,14820000
2011-01-07,2.0976722240448,2.859999895095825,2.859999895095825,2.7850000858306885,2.8450000286102295,32226000
2011-01-10,2.046329975128174,2.7899999618530273,2.825000047683716,2.7750000953674316,2.809999942779541,12926000
2011-01-11,2.046329975128174,2.7899999618530273,2.809999942779541,2.765000104904175,2.765000104904175,7388000
2011-01-12,2.049997329711914,2.7950000762939453,2.8399999141693115,2.759999990463257,2.765000104904175,20268000
2011-01-13,2.0389955043792725,2.7799999713897705,2.815000057220459,2.7799999713897705,2.799999952316284,8650000
2011-01-14,2.035327672958374,2.7750000953674316,2.7950000762939453,2.7699999809265137,2.7899999618530273,6926000
2011-01-17,2.035327672958374,2.7750000953674316,2.7899999618530273,2.755000114440918,2.7899999618530273,10856000
2011-01-18,2.035327672958374,2.7750000953674316,2.7950000762939453,2.755000114440918,2.759999990463257,10578000
2011-01-19,2.031661033630371,2.7699999809265137,2.7899999618530273,2.765000104904175,2.7699999809265137,10102000
2011-01-20,2.0243260860443115,2.759999990463257,2.7750000953674316,2.75,2.755000114440918,12176800
2011-01-21,1.9693171977996826,2.684999942779541,2.765000104904175,2.634999990463257,2.75,40542000
2011-01-24,1.9363127946853638,2.640000104904175,2.7100000381469727,2.609999895095825,2.7100000381469727,17428000
2011-01-25,1.9033067226409912,2.5950000286102295,2.6500000953674316,2.5799999237060547,2.634999990463257,14164000
2011-01-26,1.8592997789382935,2.5350000858306885,2.5850000381469727,2.450000047683716,2.5850000381469727,34044800
2011-01-27,1.8923052549362183,2.5799999237060547,2.5899999141693115,2.5,2.5250000953674316,16722000
2011-01-28,1.8703018426895142,2.549999952316284,2.5799999237060547,2.5199999809265137,2.559999942779541,12138000
2011-01-31,1.9619827270507812,2.674999952316284,2.7049999237060547,2.5,2.5,18156000
2011-02-01,1.9363127946853638,2.640000104904175,2.674999952316284,2.615000009536743,2.674999952316284,5388000
2011-02-02,1.917975902557373,2.615000009536743,2.6500000953674316,2.5950000286102295,2.6500000953674316,4636000
2011-02-07,1.917975902557373,2.615000009536743,2.625,2.5799999237060547,2.625,7852000
2011-02-08,1.8886380195617676,2.575000047683716,2.625,2.5399999618530273,2.625,5828000
2011-02-09,1.8556327819824219,2.5299999713897705,2.575000047683716,2.515000104904175,2.549999952316284,13286104
2011-02-10,1.8336292505264282,2.5,2.5399999618530273,2.4749999046325684,2.5399999618530273,23494000
2011-02-11,1.8336292505264282,2.5,2.549999952316284,2.4749999046325684,2.505000114440918,12112000
2011-02-14,1.8226276636123657,2.484999895095825,2.5,2.4549999237060547,2.5,17448000
2011-02-15,1.7932891845703125,2.444999933242798,2.5,2.440000057220459,2.484999895095825,11084000
2011-02-16,1.7822880744934082,2.430000066757202,2.450000047683716,2.380000114440918,2.450000047683716,20258000
2011-02-17,1.804290771484375,2.4600000381469727,2.4649999141693115,2.430000066757202,2.4649999141693115,12026000
2011-02-18,1.796956181526184,2.450000047683716,2.4600000381469727,2.434999942779541,2.450000047683716,14870000
2011-02-21,1.7859549522399902,2.434999942779541,2.440000057220459,2.4049999713897705,2.434999942779541,6334000
2011-02-22,1.7309452295303345,2.359999895095825,2.4200000762939453,2.3550000190734863,2.4000000953674316,20940000
2011-02-23,1.7309452295303345,2.359999895095825,2.4000000953674316,2.3499999046325684,2.390000104904175,13752000
2011-02-24,1.6759371757507324,2.2850000858306885,2.390000104904175,2.259999990463257,2.3499999046325684,22866000
2011-02-25,1.7236111164093018,2.3499999046325684,2.3550000190734863,2.2750000953674316,2.2750000953674316,6732000
2011-02-28,1.734613299369812,2.365000009536743,2.4149999618530273,2.315000057220459,2.3399999141693115,15370000
2011-03-01,1.7786203622817993,2.424999952316284,2.430000066757202,2.359999895095825,2.390000104904175,6982000
2011-03-02,1.796956181526184,2.450000047683716,2.4700000286102295,2.375,2.375,9138000
2011-03-03,1.8482979536056519,2.5199999809265137,2.5299999713897705,2.424999952316284,2.450000047683716,18862640
2011-03-04,1.8703018426895142,2.549999952316284,2.559999942779541,2.5250000953674316,2.5350000858306885,19090000
2011-03-07,1.8409632444381714,2.509999990463257,2.555000066757202,2.505000114440918,2.549999952316284,5462000
2011-03-08,1.804290771484375,2.4600000381469727,2.5,2.4149999618530273,2.4800000190734863,24618000
2011-03-09,1.7859549522399902,2.434999942779541,2.4600000381469727,2.4149999618530273,2.4600000381469727,9609220
2011-03-10,1.78962242603302,2.440000057220459,2.4600000381469727,2.424999952316284,2.450000047683716,6370000
2011-03-11,1.7859549522399902,2.434999942779541,2.444999933242798,2.4000000953674316,2.424999952316284,6952000
2011-03-14,1.796956181526184,2.450000047683716,2.450000047683716,2.4000000953674316,2.4149999618530273,5478000
2011-03-15,1.7676185369491577,2.4100000858306885,2.444999933242798,2.3499999046325684,2.440000057220459,12484000
2011-03-16,1.804290771484375,2.4600000381469727,2.4600000381469727,2.380000114440918,2.4000000953674316,8984000
2011-03-17,1.7566165924072266,2.3949999809265137,2.424999952316284,2.3550000190734863,2.390000104904175,16144000
2011-03-18,1.7676185369491577,2.4100000858306885,2.424999952316284,2.384999990463257,2.4149999618530273,12158244
2011-03-21,1.7822880744934082,2.430000066757202,2.4549999237060547,2.4200000762939453,2.440000057220459,7360000
2011-03-22,1.7712852954864502,2.4149999618530273,2.450000047683716,2.4000000953674316,2.430000066757202,8439788
2011-03-23,1.7712852954864502,2.4149999618530273,2.430000066757202,2.3949999809265137,2.4200000762939453,3864000
2011-03-24,1.7602840662002563,2.4000000953674316,2.450000047683716,2.4000000953674316,2.424999952316284,5142000
2011-03-25,1.7639504671096802,2.4049999713897705,2.424999952316284,2.3550000190734863,2.4149999618530273,9862000
2011-03-28,1.7602840662002563,2.4000000953674316,2.4100000858306885,2.375,2.4049999713897705,4574000
2011-03-29,1.7529491186141968,2.390000104904175,2.4000000953674316,2.3499999046325684,2.4000000953674316,8880000
2011-03-30,1.745614767074585,2.380000114440918,2.390000104904175,2.365000009536743,2.384999990463257,4362000
2011-03-31,1.7419476509094238,2.375,2.3949999809265137,2.319999933242798,2.380000114440918,12020000
2011-04-01,1.7639504671096802,2.4049999713897705,2.4149999618530273,2.3450000286102295,2.359999895095825,6642000
2011-04-04,1.7859549522399902,2.434999942779541,2.450000047683716,2.4000000953674316,2.4000000953674316,7686256
2011-04-06,1.7602840662002563,2.4000000953674316,2.444999933242798,2.365000009536743,2.444999933242798,9196000
2011-04-07,1.8703018426895142,2.549999952316284,2.549999952316284,2.369999885559082,2.4000000953674316,49849144
2011-04-08,1.9033067226409912,2.5950000286102295,2.640000104904175,2.515000104904175,2.549999952316284,43738000
2011-04-11,1.837296485900879,2.505000114440918,2.609999895095825,2.490000009536743,2.5950000286102295,23098000
2011-04-12,1.8226276636123657,2.484999895095825,2.509999990463257,2.4600000381469727,2.5,9664000
2011-04-13,1.8556327819824219,2.5299999713897705,2.5450000762939453,2.4549999237060547,2.4749999046325684,12316000
2011-04-14,1.8482979536056519,2.5199999809265137,2.565000057220459,2.5,2.5299999713897705,12500080
2011-04-15,1.8666346073150635,2.5450000762939453,2.559999942779541,2.509999990463257,2.515000104904175,6640000
2011-04-18,1.8629666566848755,2.5399999618530273,2.575000047683716,2.5250000953674316,2.5399999618530273,7031088
2011-04-19,1.9033067226409912,2.5950000286102295,2.5999999046325684,2.4749999046325684,2.5,6870000
2011-04-20,1.8996394872665405,2.5899999141693115,2.5950000286102295,2.5299999713897705,2.5899999141693115,17200000
2011-04-21,1.8923052549362183,2.5799999237060547,2.5950000286102295,2.5399999618530273,2.5950000286102295,16878000
2011-04-26,1.8666346073150635,2.5450000762939453,2.575000047683716,2.5,2.569999933242798,8881800
2011-04-27,1.8409632444381714,2.509999990463257,2.565000057220459,2.5,2.559999942779541,9268000
2011-04-28,1.8336292505264282,2.5,2.509999990463257,2.4649999141693115,2.509999990463257,15944000
2011-04-29,1.811625599861145,2.4700000286102295,2.515000104904175,2.450000047683716,2.4800000190734863,7708000
2011-05-03,1.7749526500701904,2.4200000762939453,2.5,2.4149999618530273,2.494999885559082,20722408
2011-05-04,1.7602840662002563,2.4000000953674316,2.4200000762939453,2.384999990463257,2.4000000953674316,9828000
2011-05-05,1.7566165924072266,2.3949999809265137,2.4200000762939453,2.375,2.4049999713897705,10496000
2011-05-06,1.7566165924072266,2.3949999809265137,2.4000000953674316,2.3399999141693115,2.365000009536743,9332000
2011-05-09,1.727278709411621,2.3550000190734863,2.4100000858306885,2.3299999237060547,2.3949999809265137,17952000
2011-05-11,1.7199441194534302,2.3450000286102295,2.384999990463257,2.319999933242798,2.3550000190734863,17410000
2011-05-12,1.6906062364578247,2.305000066757202,2.3450000286102295,2.2950000762939453,2.3399999141693115,13808000
2011-05-13,1.697940707206726,2.315000057220459,2.3299999237060547,2.2899999618530273,2.305000066757202,11130000
2011-05-16,1.6942732334136963,2.309999942779541,2.315000057220459,2.2850000858306885,2.305000066757202,12168000
2011-05-17,1.7566165924072266,2.3949999809265137,2.424999952316284,2.369999885559082,2.4000000953674316,54616000
2011-05-18,1.7602840662002563,2.4000000953674316,2.4200000762939453,2.384999990463257,2.3949999809265137,30178000
2011-05-19,1.7566165924072266,2.3949999809265137,2.430000066757202,2.390000104904175,2.424999952316284,26484000
2011-05-20,1.7236111164093018,2.3499999046325684,2.4000000953674316,2.3399999141693115,2.380000114440918,24980000
2011-05-23,1.7236111164093018,2.3499999046325684,2.390000104904175,2.3350000381469727,2.390000104904175,26344000
2011-05-24,1.7602840662002563,2.4000000953674316,2.424999952316284,2.3399999141693115,2.3499999046325684,24133372
2011-05-25,1.811625599861145,2.4700000286102295,2.4749999046325684,2.390000104904175,2.4100000858306885,27492000
2011-05-26,1.8226276636123657,2.484999895095825,2.5,2.444999933242798,2.5,26612724
2011-05-27,1.8226276636123657,2.484999895095825,2.5,2.440000057220459,2.4749999046325684,33612000
2011-05-30,1.826294183731079,2.490000009536743,2.515000104904175,2.4700000286102295,2.484999895095825,34722740
2011-05-31,1.7786203622817993,2.424999952316284,2.5250000953674316,2.3949999809265137,2.5,206693926
2011-06-01,1.7199441194534302,2.3450000286102295,2.430000066757202,2.3299999237060547,2.4200000762939453,63754240
2011-06-02,1.7309452295303345,2.359999895095825,2.375,2.2799999713897705,2.315000057220459,20422972
2011-06-03,1.7126095294952393,2.3350000381469727,2.384999990463257,2.325000047683716,2.375,11220000
2011-06-07,1.7309452295303345,2.359999895095825,2.359999895095825,2.319999933242798,2.325000047683716,26604000
2011-06-08,1.5255794525146484,2.0799999237060547,2.3399999141693115,2.065000057220459,2.325000047683716,97626000
2011-06-09,1.4595686197280884,1.9900000095367432,2.119999885559082,1.975000023841858,2.1050000190734863,53002000
2011-06-10,1.4669033288955688,2.0,2.069999933242798,1.9900000095367432,2.009999990463257,22272000
2011-06-13,1.400892734527588,1.909999966621399,2.005000114440918,1.8849999904632568,1.9900000095367432,37785548
2011-06-14,1.4375650882720947,1.9600000381469727,2.0199999809265137,1.9049999713897705,1.909999966621399,24777832
2011-06-15,1.433897852897644,1.9550000429153442,2.0299999713897705,1.9450000524520874,1.9800000190734863,18120000
2011-06-16,1.3678871393203735,1.8650000095367432,1.940000057220459,1.8600000143051147,1.940000057220459,33390000
2011-06-17,1.3898909091949463,1.8949999809265137,1.909999966621399,1.850000023841858,1.850000023841858,16126000
2011-06-20,1.3422163724899292,1.8300000429153442,1.934999942779541,1.8250000476837158,1.9149999618530273,23788000
2011-06-21,1.3312147855758667,1.815000057220459,1.8650000095367432,1.7599999904632568,1.8300000429153442,19688772
2011-06-22,1.3348822593688965,1.8200000524520874,1.8700000047683716,1.7999999523162842,1.850000023841858,23728000
2011-06-23,1.2762056589126587,1.7400000095367432,1.8250000476837158,1.7000000476837158,1.8200000524520874,53708000
2011-06-24,1.3275471925735474,1.809999942779541,1.8300000429153442,1.7400000095367432,1.7400000095367432,57648000
2011-06-27,1.2578696012496948,1.715000033378601,1.7999999523162842,1.715000033378601,1.7999999523162842,49340000
2011-06-28,1.2615368366241455,1.7200000286102295,1.75,1.7000000476837158,1.725000023841858,33769600
2011-06-29,1.279873013496399,1.7450000047683716,1.784999966621399,1.725000023841858,1.7350000143051147,79438154
2011-06-30,1.3458837270736694,1.8350000381469727,1.8700000047683716,1.7549999952316284,1.7599999904632568,157009258
2011-07-04,1.4155616760253906,1.9299999475479126,1.9550000429153442,1.8550000190734863,1.8700000047683716,105645800
2011-07-05,1.3568854331970215,1.850000023841858,1.965000033378601,1.840000033378601,1.940000057220459,87256000
2011-07-06,1.3202128410339355,1.7999999523162842,1.8650000095367432,1.7949999570846558,1.850000023841858,61247600
2011-07-07,1.3458837270736694,1.8350000381469727,1.9049999713897705,1.809999942779541,1.8200000524520874,82154000
2011-07-08,1.3422163724899292,1.8300000429153442,1.875,1.809999942779541,1.8700000047683716,56872000
2011-07-11,1.2982094287872314,1.7699999809265137,1.8250000476837158,1.7599999904632568,1.815000057220459,42396000
2011-07-12,1.2615368366241455,1.7200000286102295,1.7599999904632568,1.684999942779541,1.75,43564000
2011-07-13,1.2101950645446777,1.649999976158142,1.7400000095367432,1.6200000047683716,1.7200000286102295,92930000
2011-07-14,1.235865592956543,1.684999942779541,1.715000033378601,1.6449999809265137,1.659999966621399,77716000
2011-07-15,1.213862419128418,1.6549999713897705,1.690000057220459,1.649999976158142,1.6749999523162842,24080000
2011-07-18,1.1918590068817139,1.625,1.690000057220459,1.6200000047683716,1.6649999618530273,24929000
2011-07-19,1.2652040719985962,1.725000023841858,1.7300000190734863,1.5700000524520874,1.6150000095367432,77698000
2011-07-20,1.232198715209961,1.6799999475479126,1.8200000524520874,1.6749999523162842,1.774999976158142,65676000
2011-07-21,1.2505348920822144,1.7050000429153442,1.715000033378601,1.6699999570846558,1.7000000476837158,32088400
2011-07-22,1.2615368366241455,1.7200000286102295,1.725000023841858,1.690000057220459,1.725000023841858,40382000
2011-07-25,1.22486412525177,1.6699999570846558,1.7200000286102295,1.6449999809265137,1.7200000286102295,28066792
2011-07-26,1.2432005405426025,1.6950000524520874,1.7050000429153442,1.6699999570846558,1.684999942779541,24863068
2011-07-27,1.2395330667495728,1.690000057220459,1.715000033378601,1.6749999523162842,1.6950000524520874,22980972
2011-07-28,1.2395330667495728,1.690000057220459,1.690000057220459,1.6449999809265137,1.6799999475479126,19198878
2011-07-29,1.2615368366241455,1.7200000286102295,1.7350000143051147,1.6549999713897705,1.6749999523162842,55710000
2011-08-01,1.2468677759170532,1.7000000476837158,1.7350000143051147,1.690000057220459,1.7350000143051147,17329000
2011-08-02,1.2175298929214478,1.659999966621399,1.7050000429153442,1.6549999713897705,1.6950000524520874,8946000
2011-08-03,1.1881917715072632,1.6200000047683716,1.625,1.5850000381469727,1.625,16758000
2011-08-04,1.169854998588562,1.5950000286102295,1.6299999952316284,1.5700000524520874,1.625,22102000
2011-08-05,1.1221810579299927,1.5299999713897705,1.5499999523162842,1.4700000286102295,1.4800000190734863,58750000
2011-08-08,1.0781736373901367,1.4700000286102295,1.5049999952316284,1.4199999570846558,1.5,27636000
2011-08-09,1.0268322229385376,1.399999976158142,1.4450000524520874,1.340000033378601,1.409999966621399,34172000
2011-08-10,1.0158305168151855,1.3849999904632568,1.4800000190734863,1.3849999904632568,1.4550000429153442,16391080
2011-08-11,1.0561702251434326,1.440000057220459,1.465000033378601,1.3250000476837158,1.3600000143051147,29884674
2011-08-12,1.0561702251434326,1.440000057220459,1.4700000286102295,1.4249999523162842,1.465000033378601,10470000
2011-08-15,1.0561702251434326,1.440000057220459,1.465000033378601,1.4199999570846558,1.4500000476837158,13062000
2011-08-16,1.0561702251434326,1.440000057220459,1.4900000095367432,1.434999942779541,1.4500000476837158,14038000
2011-08-17,1.0818411111831665,1.475000023841858,1.4850000143051147,1.440000057220459,1.4600000381469727,16044000
2011-08-18,1.0635048151016235,1.4500000476837158,1.4850000143051147,1.434999942779541,1.4800000190734863,10148000
2011-08-19,1.0048285722732544,1.3700000047683716,1.4199999570846558,1.350000023841858,1.4049999713897705,12332000
2011-08-22,0.9461526274681091,1.2899999618530273,1.3899999856948853,1.2549999952316284,1.3700000047683716,25370000
2011-08-23,0.9644891619682312,1.315000057220459,1.3250000476837158,1.2649999856948853,1.2999999523162842,12750400
2011-08-24,0.9461526274681091,1.2899999618530273,1.3350000381469727,1.2649999856948853,1.3350000381469727,9520000
2011-08-25,0.9571545124053955,1.3049999475479126,1.3650000095367432,1.2999999523162842,1.2999999523162842,25604000
2011-08-26,0.9571545124053955,1.3049999475479126,1.3200000524520874,1.274999976158142,1.309999942779541,12130000
2011-08-29,0.9571545124053955,1.3049999475479126,1.3300000429153442,1.2899999618530273,1.3200000524520874,12028000
2011-08-30,0.9791579246520996,1.3350000381469727,1.3650000095367432,1.309999942779541,1.309999942779541,12680000
2011-08-31,1.1148467063903809,1.5199999809265137,1.5299999713897705,1.4500000476837158,1.4500000476837158,105988810
2011-09-01,1.169854998588562,1.5950000286102295,1.625,1.559999942779541,1.559999942779541,68438000
2011-09-02,1.1625207662582397,1.5850000381469727,1.6050000190734863,1.5449999570846558,1.600000023841858,29228000
2011-09-05,1.129515528678894,1.5399999618530273,1.5750000476837158,1.5099999904632568,1.5750000476837158,26646000
2011-09-06,1.129515528678894,1.5399999618530273,1.565000057220459,1.5099999904632568,1.534999966621399,23544000
2011-09-07,1.1735225915908813,1.600000023841858,1.6150000095367432,1.524999976158142,1.559999942779541,20343790
2011-09-08,1.1771899461746216,1.6050000190734863,1.649999976158142,1.5950000286102295,1.625,17402000
2011-09-09,1.2028604745864868,1.6399999856948853,1.6549999713897705,1.6100000143051147,1.6100000143051147,20146000
2011-09-12,1.1221810579299927,1.5299999713897705,1.600000023841858,1.5299999713897705,1.5700000524520874,15928000
2011-09-14,1.147851824760437,1.565000057220459,1.5800000429153442,1.4700000286102295,1.5750000476837158,24856000
2011-09-15,1.147851824760437,1.565000057220459,1.5850000381469727,1.5399999618530273,1.5750000476837158,12074002
2011-09-16,1.1845245361328125,1.6150000095367432,1.6200000047683716,1.5750000476837158,1.590000033378601,18572600
2011-09-19,1.158853530883789,1.5800000429153442,1.625,1.5750000476837158,1.625,11083370
2011-09-20,1.158853530883789,1.5800000429153442,1.590000033378601,1.524999976158142,1.5700000524520874,13646600
2011-09-21,1.1317812204360962,1.5049999952316284,1.534999966621399,1.4600000381469727,1.534999966621399,11769958
2011-09-22,1.0340192317962646,1.375,1.475000023841858,1.3600000143051147,1.475000023841858,28746000
2011-09-23,1.0452992916107178,1.3899999856948853,1.4299999475479126,1.2350000143051147,1.3350000381469727,26330000
2011-09-26,0.9888986945152283,1.315000057220459,1.3899999856948853,1.2400000095367432,1.3899999856948853,20150600
2011-09-27,1.0415394306182861,1.3849999904632568,1.4049999713897705,1.3300000429153442,1.3350000381469727,14786902
2011-09-28,1.1242607831954956,1.4950000047683716,1.5199999809265137,1.375,1.3849999904632568,31986000
2011-09-30,1.086660385131836,1.4450000524520874,1.524999976158142,1.4299999475479126,1.5,19050000
2011-10-03,1.0039386749267578,1.3350000381469727,1.399999976158142,1.2999999523162842,1.375,12994000
2011-10-04,0.9588178396224976,1.274999976158142,1.3300000429153442,1.2699999809265137,1.3049999475479126,16659806
2011-10-06,0.9964184165000916,1.3250000476837158,1.3600000143051147,1.2899999618530273,1.350000023841858,31128000
2011-10-07,1.0415394306182861,1.3849999904632568,1.4049999713897705,1.340000033378601,1.3450000286102295,30034000
2011-10-10,1.030259132385254,1.3700000047683716,1.4149999618530273,1.3450000286102295,1.409999966621399,11578000
2011-10-11,1.079140067100525,1.434999942779541,1.4600000381469727,1.399999976158142,1.4149999618530273,18186000
2011-10-12,1.1280208826065063,1.5,1.5399999618530273,1.4299999475479126,1.4500000476837158,26610000
2011-10-13,1.1806621551513672,1.5700000524520874,1.600000023841858,1.534999966621399,1.559999942779541,39543664
2011-10-14,1.1543413400650024,1.534999966621399,1.6150000095367432,1.5049999952316284,1.6150000095367432,11466000
2011-10-17,1.2145029306411743,1.6150000095367432,1.6399999856948853,1.5750000476837158,1.590000033378601,34396020
2011-10-18,1.1167405843734741,1.4850000143051147,1.565000057220459,1.4450000524520874,1.565000057220459,26101900
2011-10-19,1.1242607831954956,1.4950000047683716,1.534999966621399,1.4800000190734863,1.5,11788000
2011-10-20,1.1167405843734741,1.4850000143051147,1.5099999904632568,1.4700000286102295,1.5,17338000
2011-10-21,1.1280208826065063,1.5,1.5449999570846558,1.4900000095367432,1.5049999952316284,13512000
2011-10-24,1.1919422149658203,1.5850000381469727,1.5950000286102295,1.534999966621399,1.5449999570846558,25865252
2011-10-25,1.1731417179107666,1.559999942779541,1.6100000143051147,1.5499999523162842,1.5950000286102295,19214806
2011-10-26,1.2107425928115845,1.6100000143051147,1.6100000143051147,1.524999976158142,1.5399999618530273,16926000
2011-10-27,1.2558631896972656,1.6699999570846558,1.6799999475479126,1.6100000143051147,1.625,37818000
2011-10-28,1.2333027124404907,1.6399999856948853,1.7350000143051147,1.590000033378601,1.7000000476837158,45012000
2011-10-31,1.2558631896972656,1.6699999570846558,1.7000000476837158,1.6449999809265137,1.7000000476837158,19130000
2011-11-01,1.2182626724243164,1.6200000047683716,1.7100000381469727,1.6150000095367432,1.659999966621399,27104000
2011-11-02,1.27090322971344,1.690000057220459,1.690000057220459,1.5449999570846558,1.590000033378601,31700000
2011-11-03,1.244583010673523,1.6549999713897705,1.7050000429153442,1.6200000047683716,1.6799999475479126,31082000
2011-11-04,1.2746638059616089,1.6950000524520874,1.7200000286102295,1.6699999570846558,1.7000000476837158,27344000
2011-11-07,1.2333027124404907,1.6399999856948853,1.7000000476837158,1.6349999904632568,1.7000000476837158,25263626
2011-11-08,1.1881821155548096,1.5800000429153442,1.659999966621399,1.5750000476837158,1.649999976158142,23614000
2011-11-09,1.1957024335861206,1.590000033378601,1.625,1.5549999475479126,1.625,25899826
2011-11-10,1.1242607831954956,1.4950000047683716,1.5499999523162842,1.475000023841858,1.524999976158142,33098000
2011-11-11,1.1468212604522705,1.524999976158142,1.5449999570846558,1.5049999952316284,1.5049999952316284,12098000
2011-11-14,1.1581014394760132,1.5399999618530273,1.5750000476837158,1.524999976158142,1.559999942779541,16170000
2011-11-15,1.1430612802505493,1.5199999809265137,1.5399999618530273,1.5099999904632568,1.524999976158142,12138000
2011-11-16,1.1393011808395386,1.5149999856948853,1.5299999713897705,1.475000023841858,1.524999976158142,23321012
2011-11-17,1.1430612802505493,1.5199999809265137,1.5299999713897705,1.4900000095367432,1.5199999809265137,9562000
2011-11-18,1.1129807233810425,1.4800000190734863,1.5199999809265137,1.4800000190734863,1.5,12532000
2011-11-21,1.0941803455352783,1.4550000429153442,1.4850000143051147,1.4550000429153442,1.4850000143051147,8064000
2011-11-22,1.0904202461242676,1.4500000476837158,1.4600000381469727,1.4149999618530273,1.4600000381469727,7530000
2011-11-23,1.049059510231018,1.3949999809265137,1.4450000524520874,1.3899999856948853,1.440000057220459,12158000
2011-11-24,1.0678600072860718,1.4199999570846558,1.4249999523162842,1.375,1.3899999856948853,10304000
2011-11-25,1.0114586353302002,1.3450000286102295,1.4149999618530273,1.340000033378601,1.4149999618530273,23354400
2011-11-28,1.049059510231018,1.3949999809265137,1.409999966621399,1.3650000095367432,1.375,9508000
2011-11-29,1.0753799676895142,1.4299999475479126,1.434999942779541,1.3949999809265137,1.4149999618530273,23792000
2011-11-30,1.0640997886657715,1.4149999618530273,1.434999942779541,1.3899999856948853,1.434999942779541,15476000
2011-12-01,1.079140067100525,1.434999942779541,1.4850000143051147,1.4299999475479126,1.475000023841858,21461368
2011-12-02,1.0979403257369995,1.4600000381469727,1.4600000381469727,1.4249999523162842,1.440000057220459,6096000
2011-12-05,1.0941803455352783,1.4550000429153442,1.465000033378601,1.434999942779541,1.4500000476837158,6600420
2011-12-06,1.0603398084640503,1.409999966621399,1.4600000381469727,1.4049999713897705,1.4600000381469727,7217344
2011-12-07,1.082900047302246,1.440000057220459,1.4450000524520874,1.4199999570846558,1.4299999475479126,6286000
2011-12-08,1.079140067100525,1.434999942779541,1.440000057220459,1.409999966621399,1.434999942779541,9128000
2011-12-09,1.0528193712234497,1.399999976158142,1.4199999570846558,1.399999976158142,1.399999976158142,10770400
2011-12-12,1.0377792119979858,1.3799999952316284,1.4249999523162842,1.3700000047683716,1.4149999618530273,7990000
2011-12-13,1.0340192317962646,1.375,1.375,1.3600000143051147,1.375,6212000
2011-12-14,1.0264990329742432,1.3650000095367432,1.3849999904632568,1.3650000095367432,1.3650000095367432,4960000
2011-12-15,1.0039386749267578,1.3350000381469727,1.3550000190734863,1.3200000524520874,1.3450000286102295,9454000
2011-12-16,1.030259132385254,1.3700000047683716,1.375,1.3350000381469727,1.3350000381469727,4750700
2011-12-19,1.0716197490692139,1.4249999523162842,1.4249999523162842,1.350000023841858,1.350000023841858,10774200
2011-12-20,1.0716197490692139,1.4249999523162842,1.4450000524520874,1.399999976158142,1.4249999523162842,7252000
2011-12-21,1.056579351425171,1.4049999713897705,1.4500000476837158,1.4049999713897705,1.440000057220459,6002080
2011-12-22,1.049059510231018,1.3949999809265137,1.4299999475479126,1.375,1.399999976158142,10609730
2011-12-23,1.0640997886657715,1.4149999618530273,1.4249999523162842,1.3899999856948853,1.4149999618530273,6452000
2011-12-28,1.0603398084640503,1.409999966621399,1.4299999475479126,1.3899999856948853,1.4299999475479126,4522000
2011-12-29,1.0340192317962646,1.375,1.399999976158142,1.3700000047683716,1.3849999904632568,5600060
2011-12-30,1.0340192317962646,1.375,1.3849999904632568,1.3700000047683716,1.3799999952316284,6737742
2012-01-03,1.0452992916107178,1.3899999856948853,1.3949999809265137,1.3600000143051147,1.3949999809265137,7333674
2012-01-04,1.049059510231018,1.3949999809265137,1.399999976158142,1.3849999904632568,1.3949999809265137,6450408
2012-01-05,1.049059510231018,1.3949999809265137,1.4049999713897705,1.3849999904632568,1.4049999713897705,3610906
2012-01-06,1.0264990329742432,1.3650000095367432,1.3949999809265137,1.3350000381469727,1.3949999809265137,12594000
2012-01-09,1.0076987743377686,1.340000033378601,1.3650000095367432,1.3300000429153442,1.350000023841858,18172000
2012-01-10,1.0227389335632324,1.3600000143051147,1.3700000047683716,1.3250000476837158,1.350000023841858,27104004
2012-01-11,1.0340192317962646,1.375,1.3799999952316284,1.3600000143051147,1.375,9390000
2012-01-12,1.0227389335632324,1.3600000143051147,1.3899999856948853,1.3550000190734863,1.3799999952316284,7616000
2012-01-13,1.049059510231018,1.3949999809265137,1.399999976158142,1.340000033378601,1.3550000190734863,26482000
2012-01-16,1.0152186155319214,1.350000023841858,1.375,1.350000023841858,1.375,8398000
2012-01-17,1.0415394306182861,1.3849999904632568,1.3899999856948853,1.350000023841858,1.350000023841858,12234000
2012-01-18,1.0377792119979858,1.3799999952316284,1.3949999809265137,1.3650000095367432,1.3799999952316284,15034752
2012-01-19,1.086660385131836,1.4450000524520874,1.4500000476837158,1.3799999952316284,1.3899999856948853,30815016
2012-01-20,1.0716197490692139,1.4249999523162842,1.465000033378601,1.3949999809265137,1.465000033378601,16700000
2012-01-26,1.0716197490692139,1.4249999523162842,1.434999942779541,1.4049999713897705,1.434999942779541,16205572
2012-01-27,1.0716197490692139,1.4249999523162842,1.4450000524520874,1.409999966621399,1.4199999570846558,10180000
2012-01-30,1.0415394306182861,1.3849999904632568,1.4299999475479126,1.3799999952316284,1.4299999475479126,11914000
2012-01-31,1.056579351425171,1.4049999713897705,1.4049999713897705,1.3799999952316284,1.3799999952316284,11328000
2012-02-01,1.0415394306182861,1.3849999904632568,1.4149999618530273,1.3799999952316284,1.399999976158142,9362000
2012-02-02,1.0640997886657715,1.4149999618530273,1.4149999618530273,1.3849999904632568,1.3949999809265137,13372000
2012-02-03,1.1731417179107666,1.559999942779541,1.565000057220459,1.4049999713897705,1.4149999618530273,78674954
2012-02-06,1.1581014394760132,1.5399999618530273,1.625,1.5299999713897705,1.590000033378601,58363526
2012-02-07,1.1581014394760132,1.5399999618530273,1.565000057220459,1.5199999809265137,1.5499999523162842,17753050
2012-02-08,1.1957024335861206,1.590000033378601,1.6100000143051147,1.5399999618530273,1.5399999618530273,42332000
2012-02-09,1.2257829904556274,1.6299999952316284,1.659999966621399,1.5700000524520874,1.590000033378601,44484232
2012-02-10,1.1731417179107666,1.559999942779541,1.6449999809265137,1.5449999570846558,1.625,30914000
2012-02-13,1.176901936531067,1.565000057220459,1.5750000476837158,1.5399999618530273,1.5750000476837158,14714004
2012-02-14,1.1430612802505493,1.5199999809265137,1.5700000524520874,1.5149999856948853,1.565000057220459,17218018
2012-02-15,1.1543413400650024,1.534999966621399,1.5549999475479126,1.5099999904632568,1.5199999809265137,41254076
2012-02-16,1.1468212604522705,1.524999976158142,1.5549999475479126,1.5199999809265137,1.5299999713897705,13867000
2012-02-17,1.1430612802505493,1.5199999809265137,1.559999942779541,1.5,1.534999966621399,22116000
2012-02-20,1.1430612802505493,1.5199999809265137,1.5449999570846558,1.5049999952316284,1.5449999570846558,19902000
2012-02-21,1.1092205047607422,1.475000023841858,1.524999976158142,1.4700000286102295,1.524999976158142,24000000
2012-02-22,1.1731417179107666,1.559999942779541,1.590000033378601,1.475000023841858,1.4850000143051147,48714000
2012-02-23,1.176901936531067,1.565000057220459,1.6050000190734863,1.5399999618530273,1.565000057220459,27460000
2012-02-24,1.1919422149658203,1.5850000381469727,1.590000033378601,1.5549999475479126,1.5850000381469727,14732000
2012-02-27,1.1468212604522705,1.524999976158142,1.600000023841858,1.5099999904632568,1.5950000286102295,19996000
2012-02-28,1.1543413400650024,1.534999966621399,1.5449999570846558,1.5099999904632568,1.5399999618530273,9385000
2012-02-29,1.1581014394760132,1.5399999618530273,1.559999942779541,1.5299999713897705,1.534999966621399,14956000
2012-03-01,1.1581014394760132,1.5399999618530273,1.5800000429153442,1.5199999809265137,1.5399999618530273,16736000
2012-03-02,1.1731417179107666,1.559999942779541,1.565000057220459,1.524999976158142,1.534999966621399,15434004
2012-03-05,1.1957024335861206,1.590000033378601,1.600000023841858,1.559999942779541,1.5750000476837158,23008204
2012-03-06,1.086660385131836,1.4450000524520874,1.5850000381469727,1.440000057220459,1.5800000429153442,88177600
2012-03-07,1.1129807233810425,1.4800000190734863,1.5099999904632568,1.4249999523162842,1.434999942779541,45368364
2012-03-08,1.1468212604522705,1.524999976158142,1.534999966621399,1.5049999952316284,1.524999976158142,30759788
2012-03-09,1.1731417179107666,1.559999942779541,1.5700000524520874,1.5299999713897705,1.5299999713897705,28322000
2012-03-12,1.1806621551513672,1.5700000524520874,1.590000033378601,1.5499999523162842,1.5800000429153442,27232080
2012-03-13,1.1656215190887451,1.5499999523162842,1.5850000381469727,1.5449999570846558,1.5800000429153442,14070000
2012-03-14,1.1919422149658203,1.5850000381469727,1.6299999952316284,1.5549999475479126,1.5549999475479126,73708000
2012-03-15,1.2257829904556274,1.6299999952316284,1.6449999809265137,1.5750000476837158,1.5800000429153442,42216708
2012-03-16,1.2220227718353271,1.625,1.6649999618530273,1.6050000190734863,1.6449999809265137,36216000
2012-03-20,1.176901936531067,1.565000057220459,1.6150000095367432,1.5549999475479126,1.600000023841858,39224000
2012-03-21,1.1505813598632812,1.5299999713897705,1.590000033378601,1.5049999952316284,1.5850000381469727,30974000
2012-03-22,1.161861538887024,1.5449999570846558,1.5499999523162842,1.5049999952316284,1.5499999523162842,27940012
2012-03-23,1.1581014394760132,1.5399999618530273,1.5499999523162842,1.5099999904632568,1.5299999713897705,23486000
2012-03-26,1.1505813598632812,1.5299999713897705,1.5549999475479126,1.524999976158142,1.5399999618530273,15130000
2012-03-27,1.1656215190887451,1.5499999523162842,1.559999942779541,1.534999966621399,1.5449999570846558,18521032
2012-03-28,1.1393011808395386,1.5149999856948853,1.5499999523162842,1.5049999952316284,1.5499999523162842,15182000
2012-03-29,1.1317812204360962,1.5049999952316284,1.5149999856948853,1.4850000143051147,1.5049999952316284,14648000
2012-03-30,1.1393011808395386,1.5149999856948853,1.5299999713897705,1.5,1.5049999952316284,10914000
2012-04-02,1.1468212604522705,1.524999976158142,1.534999966621399,1.5,1.534999966621399,15574000
2012-04-03,1.1731417179107666,1.559999942779541,1.565000057220459,1.5099999904632568,1.524999976158142,13842006
2012-04-05,1.1731417179107666,1.559999942779541,1.5700000524520874,1.5299999713897705,1.534999966621399,18162234
2012-04-10,1.1393011808395386,1.5149999856948853,1.5499999523162842,1.5149999856948853,1.5449999570846558,11752000
2012-04-11,1.1280208826065063,1.5,1.5149999856948853,1.4950000047683716,1.5,15511200
2012-04-12,1.1317812204360962,1.5049999952316284,1.5199999809265137,1.4950000047683716,1.5099999904632568,15270000
2012-04-13,1.1317812204360962,1.5049999952316284,1.5149999856948853,1.4950000047683716,1.5049999952316284,13825400
2012-04-16,1.1242607831954956,1.4950000047683716,1.5,1.475000023841858,1.5,8814000
2012-04-17,1.1129807233810425,1.4800000190734863,1.4900000095367432,1.475000023841858,1.4900000095367432,6554000
2012-04-18,1.1430612802505493,1.5199999809265137,1.5199999809265137,1.5,1.5049999952316284,10166000
2012-04-19,1.1317812204360962,1.5049999952316284,1.534999966621399,1.5049999952316284,1.5049999952316284,12674000
2012-04-20,1.1317812204360962,1.5049999952316284,1.5099999904632568,1.4950000047683716,1.5,7729824
2012-04-23,1.120501160621643,1.4900000095367432,1.5149999856948853,1.4850000143051147,1.5099999904632568,7152000
2012-04-24,1.1242607831954956,1.4950000047683716,1.4950000047683716,1.475000023841858,1.4850000143051147,7912000
2012-04-25,1.1280208826065063,1.5,1.5,1.4850000143051147,1.5,6116000
2012-04-26,1.120501160621643,1.4900000095367432,1.5099999904632568,1.4700000286102295,1.5049999952316284,13965000
2012-04-27,1.1129807233810425,1.4800000190734863,1.4950000047683716,1.475000023841858,1.4900000095367432,5534000
2012-04-30,1.1092205047607422,1.475000023841858,1.4850000143051147,1.465000033378601,1.4850000143051147,8270000
2012-05-02,1.1280208826065063,1.5,1.5,1.475000023841858,1.4850000143051147,12706066
2012-05-03,1.1280208826065063,1.5,1.5199999809265137,1.4900000095367432,1.5,10454000
2012-05-04,1.1242607831954956,1.4950000047683716,1.5,1.4900000095367432,1.5,3266490
2012-05-07,1.0904202461242676,1.4500000476837158,1.4850000143051147,1.434999942779541,1.4850000143051147,14468000
2012-05-08,1.082900047302246,1.440000057220459,1.465000033378601,1.434999942779541,1.465000033378601,7008200
2012-05-09,1.056579351425171,1.4049999713897705,1.440000057220459,1.3949999809265137,1.440000057220459,14148000
2012-05-10,1.0340192317962646,1.375,1.409999966621399,1.3700000047683716,1.409999966621399,11070000
2012-05-11,1.0264990329742432,1.3650000095367432,1.3899999856948853,1.3650000095367432,1.3899999856948853,6075000
2012-05-14,1.0340192317962646,1.375,1.3899999856948853,1.3600000143051147,1.375,8855970
2012-05-15,1.0076987743377686,1.340000033378601,1.3700000047683716,1.2999999523162842,1.3550000190734863,19144000
2012-05-16,0.9738581776618958,1.2949999570846558,1.3300000429153442,1.2899999618530273,1.3250000476837158,15944000
2012-05-17,0.9888986945152283,1.315000057220459,1.3550000190734863,1.2999999523162842,1.2999999523162842,16546000
2012-05-18,0.9625778198242188,1.2799999713897705,1.309999942779541,1.2699999809265137,1.274999976158142,11434000
2012-05-21,0.9738581776618958,1.2949999570846558,1.3049999475479126,1.2799999713897705,1.284999966621399,6410000
2012-05-22,0.9888986945152283,1.315000057220459,1.3350000381469727,1.309999942779541,1.309999942779541,11546000
2012-05-23,1.0039386749267578,1.3350000381469727,1.3350000381469727,1.2949999570846558,1.309999942779541,6534000
2012-05-24,0.9964184165000916,1.3250000476837158,1.3450000286102295,1.3200000524520874,1.3250000476837158,6328000
2012-05-25,0.9888986945152283,1.315000057220459,1.3350000381469727,1.309999942779541,1.3250000476837158,3364000
2012-05-28,0.9813782572746277,1.3049999475479126,1.315000057220459,1.2949999570846558,1.2999999523162842,6342000
2012-05-29,1.030259132385254,1.3700000047683716,1.3799999952316284,1.2949999570846558,1.3049999475479126,13215600
2012-05-30,1.0152186155319214,1.350000023841858,1.3700000047683716,1.3350000381469727,1.3700000047683716,8318000
2012-05-31,1.0001786947250366,1.3300000429153442,1.350000023841858,1.3250000476837158,1.3350000381469727,9566714
2012-06-01,0.9964184165000916,1.3250000476837158,1.3600000143051147,1.3250000476837158,1.3250000476837158,16317646
2012-06-04,0.9851383566856384,1.309999942779541,1.3250000476837158,1.2999999523162842,1.309999942779541,16114000
2012-06-05,0.9743125438690186,1.2599999904632568,1.2799999713897705,1.2549999952316284,1.274999976158142,11444328
2012-06-06,0.9704461097717285,1.2549999952316284,1.2699999809265137,1.25,1.2649999856948853,8970188
2012-06-07,0.9859116673469543,1.274999976158142,1.2899999618530273,1.2699999809265137,1.2699999809265137,7370000
2012-06-08,0.9897778034210205,1.2799999713897705,1.2949999570846558,1.274999976158142,1.2799999713897705,6406000
2012-06-11,1.0361735820770264,1.340000033378601,1.350000023841858,1.2899999618530273,1.2949999570846558,8193624
2012-06-12,1.028441071510315,1.3300000429153442,1.3350000381469727,1.3049999475479126,1.3200000524520874,8083624
2012-06-13,1.0593715906143188,1.3700000047683716,1.3849999904632568,1.3350000381469727,1.340000033378601,12844436
2012-06-14,1.0439062118530273,1.350000023841858,1.3799999952316284,1.3450000286102295,1.3799999952316284,13152000
2012-06-15,1.0671041011810303,1.3799999952316284,1.3949999809265137,1.3450000286102295,1.3450000286102295,9754000
2012-06-18,1.0671041011810303,1.3799999952316284,1.409999966621399,1.3650000095367432,1.399999976158142,5678004
2012-06-19,1.1057674884796143,1.4299999475479126,1.434999942779541,1.3799999952316284,1.3799999952316284,16277784
2012-06-20,1.0903022289276123,1.409999966621399,1.4500000476837158,1.3799999952316284,1.4199999570846558,17518142
2012-06-21,1.0787031650543213,1.3949999809265137,1.4199999570846558,1.3700000047683716,1.4199999570846558,19200142
2012-06-22,1.0593715906143188,1.3700000047683716,1.3799999952316284,1.3550000190734863,1.375,4658000
2012-06-25,1.0439062118530273,1.350000023841858,1.375,1.3450000286102295,1.375,4778992
2012-06-26,1.047772765159607,1.3550000190734863,1.3650000095367432,1.3450000286102295,1.350000023841858,6920000
2012-06-27,1.0825695991516113,1.399999976158142,1.4199999570846558,1.350000023841858,1.3600000143051147,12592000
2012-06-28,1.0709705352783203,1.3849999904632568,1.4049999713897705,1.375,1.4049999713897705,12156134
2012-06-29,1.0825695991516113,1.399999976158142,1.409999966621399,1.3700000047683716,1.3799999952316284,12828168
2012-07-03,1.1173665523529053,1.4450000524520874,1.4500000476837158,1.4149999618530273,1.4149999618530273,21878000
2012-07-04,1.1057674884796143,1.4299999475479126,1.4600000381469727,1.4299999475479126,1.4500000476837158,8276000
2012-07-05,1.1173665523529053,1.4450000524520874,1.4500000476837158,1.4249999523162842,1.434999942779541,4662000
2012-07-06,1.1289652585983276,1.4600000381469727,1.4600000381469727,1.434999942779541,1.4450000524520874,11234000
2012-07-09,1.1250989437103271,1.4550000429153442,1.4800000190734863,1.440000057220459,1.4600000381469727,14686000
2012-07-10,1.1057674884796143,1.4299999475479126,1.4600000381469727,1.4199999570846558,1.4550000429153442,10036000
2012-07-11,1.198559284210205,1.5499999523162842,1.5549999475479126,1.4249999523162842,1.4249999523162842,68396000
2012-07-12,1.194692611694336,1.5449999570846558,1.5549999475479126,1.5099999904632568,1.5399999618530273,51712000
2012-07-13,1.1792274713516235,1.524999976158142,1.5399999618530273,1.4900000095367432,1.534999966621399,40159002
2012-07-16,1.159895658493042,1.5,1.5449999570846558,1.4950000047683716,1.5449999570846558,18926000
2012-07-17,1.1637624502182007,1.5049999952316284,1.5199999809265137,1.4900000095367432,1.5,14836224
2012-07-18,1.14829683303833,1.4850000143051147,1.5199999809265137,1.475000023841858,1.5099999904632568,15241832
2012-07-19,1.14829683303833,1.4850000143051147,1.5099999904632568,1.4800000190734863,1.4950000047683716,7810000
2012-07-20,1.1908262968063354,1.5399999618530273,1.5499999523162842,1.4800000190734863,1.4950000047683716,26084572
2012-07-23,1.1560295820236206,1.4950000047683716,1.524999976158142,1.4800000190734863,1.524999976158142,26411054
2012-07-24,1.1560295820236206,1.4950000047683716,1.5099999904632568,1.4900000095367432,1.5049999952316284,6530196
2012-07-25,1.1328318119049072,1.465000033378601,1.5,1.4500000476837158,1.4950000047683716,17814464
2012-07-26,1.1405643224716187,1.475000023841858,1.4850000143051147,1.4550000429153442,1.4700000286102295,7188968
2012-07-27,1.14829683303833,1.4850000143051147,1.5149999856948853,1.4700000286102295,1.4850000143051147,33012000
2012-07-30,1.14829683303833,1.4850000143051147,1.5049999952316284,1.4700000286102295,1.5049999952316284,11899928
2012-07-31,1.1328318119049072,1.465000033378601,1.4950000047683716,1.4500000476837158,1.465000033378601,22034012
2012-08-01,1.1444307565689087,1.4800000190734863,1.5,1.4550000429153442,1.475000023841858,16843612
2012-08-02,1.1521636247634888,1.4900000095367432,1.4900000095367432,1.475000023841858,1.4800000190734863,6047400
2012-08-03,1.159895658493042,1.5,1.5399999618530273,1.475000023841858,1.4900000095367432,25342512
2012-08-06,1.1366978883743286,1.4700000286102295,1.5199999809265137,1.465000033378601,1.5099999904632568,18994000
2012-08-07,1.14829683303833,1.4850000143051147,1.5099999904632568,1.4800000190734863,1.4850000143051147,15756000
2012-08-08,1.159895658493042,1.5,1.5149999856948853,1.4900000095367432,1.4950000047683716,16296800
2012-08-09,1.159895658493042,1.5,1.524999976158142,1.4900000095367432,1.5099999904632568,11786000
2012-08-10,1.159895658493042,1.5,1.5099999904632568,1.475000023841858,1.5099999904632568,12956000
2012-08-13,1.183093786239624,1.5299999713897705,1.5700000524520874,1.4950000047683716,1.5099999904632568,24824000
2012-08-14,1.1753613948822021,1.5199999809265137,1.5449999570846558,1.5,1.5399999618530273,10686000
2012-08-15,1.183093786239624,1.5299999713897705,1.534999966621399,1.5149999856948853,1.5149999856948853,17956000
2012-08-16,1.183093786239624,1.5299999713897705,1.5549999475479126,1.5199999809265137,1.5299999713897705,18916000
2012-08-17,1.202425241470337,1.5549999475479126,1.559999942779541,1.5299999713897705,1.5299999713897705,26596000
2012-08-20,1.2062917947769165,1.559999942779541,1.5850000381469727,1.5399999618530273,1.5499999523162842,15624000
2012-08-21,1.202425241470337,1.5549999475479126,1.559999942779541,1.5449999570846558,1.5549999475479126,18176000
2012-08-22,1.159895658493042,1.5,1.5499999523162842,1.4900000095367432,1.5449999570846558,17936000
2012-08-23,1.1869601011276245,1.534999966621399,1.5399999618530273,1.5099999904632568,1.5099999904632568,18666000
2012-08-24,1.183093786239624,1.5299999713897705,1.5449999570846558,1.5199999809265137,1.524999976158142,5788000
2012-08-27,1.1753613948822021,1.5199999809265137,1.534999966621399,1.5099999904632568,1.5299999713897705,8032020
2012-08-28,1.2294899225234985,1.590000033378601,1.6100000143051147,1.5399999618530273,1.5499999523162842,40766000
2012-08-29,1.2642865180969238,1.6349999904632568,1.649999976158142,1.600000023841858,1.600000023841858,46078000
2012-08-30,1.2294899225234985,1.590000033378601,1.625,1.5399999618530273,1.625,52180000
2012-08-31,1.198559284210205,1.5499999523162842,1.5850000381469727,1.5149999856948853,1.5800000429153442,42749418
2012-09-03,1.1753613948822021,1.5199999809265137,1.565000057220459,1.5149999856948853,1.565000057220459,18810018
2012-09-04,1.1444307565689087,1.4800000190734863,1.5199999809265137,1.4800000190734863,1.5149999856948853,26320800
2012-09-05,1.1328318119049072,1.465000033378601,1.4800000190734863,1.4600000381469727,1.4800000190734863,12181706
2012-09-06,1.1289652585983276,1.4600000381469727,1.475000023841858,1.4500000476837158,1.465000033378601,9233024
2012-09-07,1.1405643224716187,1.475000023841858,1.4800000190734863,1.465000033378601,1.475000023841858,29964000
2012-09-10,1.1289652585983276,1.4600000381469727,1.4900000095367432,1.4500000476837158,1.4850000143051147,24469000
2012-09-11,1.1212327480316162,1.4500000476837158,1.4700000286102295,1.4450000524520874,1.4500000476837158,23246000
2012-09-12,1.1405643224716187,1.475000023841858,1.4800000190734863,1.4600000381469727,1.465000033378601,14406000
2012-09-13,1.1250989437103271,1.4550000429153442,1.4800000190734863,1.4500000476837158,1.475000023841858,20790000
2012-09-14,1.14829683303833,1.4850000143051147,1.4850000143051147,1.465000033378601,1.4700000286102295,23408000
2012-09-17,1.14829683303833,1.4850000143051147,1.4950000047683716,1.475000023841858,1.4950000047683716,11772336
2012-09-18,1.1405643224716187,1.475000023841858,1.4850000143051147,1.465000033378601,1.4700000286102295,12194352
2012-09-19,1.1521636247634888,1.4900000095367432,1.4950000047683716,1.4700000286102295,1.4850000143051147,22876128
2012-09-20,1.160367727279663,1.4850000143051147,1.4900000095367432,1.4600000381469727,1.475000023841858,12400000
2012-09-21,1.1486468315124512,1.4700000286102295,1.4900000095367432,1.4600000381469727,1.475000023841858,16420000
2012-09-24,1.133019208908081,1.4500000476837158,1.4700000286102295,1.4450000524520874,1.4500000476837158,18409148
2012-09-25,1.1486468315124512,1.4700000286102295,1.475000023841858,1.440000057220459,1.4500000476837158,11568968
2012-09-26,1.133019208908081,1.4500000476837158,1.465000033378601,1.4450000524520874,1.465000033378601,12075982
2012-09-27,1.10567045211792,1.4149999618530273,1.4500000476837158,1.409999966621399,1.4450000524520874,23916196
2012-09-28,1.10567045211792,1.4149999618530273,1.434999942779541,1.399999976158142,1.4149999618530273,29237948
2012-10-03,1.133019208908081,1.4500000476837158,1.4600000381469727,1.4299999475479126,1.434999942779541,17674000
2012-10-04,1.133019208908081,1.4500000476837158,1.4550000429153442,1.4199999570846558,1.4550000429153442,11003036
2012-10-05,1.1369260549545288,1.4550000429153442,1.4700000286102295,1.4450000524520874,1.4550000429153442,14943464
2012-10-08,1.1291123628616333,1.4450000524520874,1.465000033378601,1.4299999475479126,1.4600000381469727,7223806
2012-10-09,1.1369260549545288,1.4550000429153442,1.4600000381469727,1.434999942779541,1.4550000429153442,11426656
2012-10-10,1.133019208908081,1.4500000476837158,1.465000033378601,1.434999942779541,1.434999942779541,7640002
2012-10-11,1.1447402238845825,1.465000033378601,1.465000033378601,1.4500000476837158,1.4500000476837158,8644078
2012-10-12,1.160367727279663,1.4850000143051147,1.4950000047683716,1.4600000381469727,1.4600000381469727,35802000
2012-10-15,1.1681817770004272,1.4950000047683716,1.5099999904632568,1.4800000190734863,1.4850000143051147,23801000
2012-10-16,1.1916236877441406,1.524999976158142,1.524999976158142,1.4900000095367432,1.5,28204000
2012-10-17,1.1955305337905884,1.5299999713897705,1.5499999523162842,1.5199999809265137,1.5449999570846558,25863888
2012-10-18,1.1799027919769287,1.5099999904632568,1.5549999475479126,1.5049999952316284,1.5499999523162842,26460000
2012-10-19,1.1877167224884033,1.5199999809265137,1.5299999713897705,1.5,1.5,29588000
2012-10-22,1.2111585140228271,1.5499999523162842,1.5499999523162842,1.5099999904632568,1.5099999904632568,24236768
2012-10-24,1.2189724445343018,1.559999942779541,1.5800000429153442,1.5399999618530273,1.5499999523162842,31338000
2012-10-25,1.1955305337905884,1.5299999713897705,1.565000057220459,1.5149999856948853,1.559999942779541,15752080
2012-10-26,1.1681817770004272,1.4950000047683716,1.5399999618530273,1.4900000095367432,1.5399999618530273,14766422
2012-10-29,1.160367727279663,1.4850000143051147,1.5049999952316284,1.4800000190734863,1.4900000095367432,10100722
2012-10-30,1.1564611196517944,1.4800000190734863,1.4900000095367432,1.4700000286102295,1.4800000190734863,9018000
2012-10-31,1.1877167224884033,1.5199999809265137,1.5199999809265137,1.4800000190734863,1.4800000190734863,11765904
2012-11-01,1.1955305337905884,1.5299999713897705,1.5449999570846558,1.5199999809265137,1.5399999618530273,23440960
2012-11-02,1.1994374990463257,1.534999966621399,1.5499999523162842,1.5199999809265137,1.5399999618530273,31850000
2012-11-05,1.1916236877441406,1.524999976158142,1.534999966621399,1.5049999952316284,1.534999966621399,16548276
2012-11-06,1.1955305337905884,1.5299999713897705,1.5399999618530273,1.524999976158142,1.524999976158142,13660000
2012-11-07,1.2072513103485107,1.5449999570846558,1.5499999523162842,1.5299999713897705,1.534999966621399,21958620
2012-11-08,1.1720885038375854,1.5,1.5399999618530273,1.4950000047683716,1.524999976158142,18306004
2012-11-09,1.183809518814087,1.5149999856948853,1.5199999809265137,1.4900000095367432,1.4900000095367432,8820908
2012-11-12,1.1799027919769287,1.5099999904632568,1.5299999713897705,1.5049999952316284,1.524999976158142,6813608
2012-11-13,1.1681817770004272,1.4950000047683716,1.5199999809265137,1.4850000143051147,1.5,9772016
2012-11-14,1.175995945930481,1.5049999952316284,1.5149999856948853,1.4950000047683716,1.5,7172000
2012-11-15,1.1720885038375854,1.5,1.5099999904632568,1.4900000095367432,1.5,7246520
2012-11-16,1.1916236877441406,1.524999976158142,1.5299999713897705,1.5099999904632568,1.5149999856948853,22392000
2012-11-19,1.175995945930481,1.5049999952316284,1.5399999618530273,1.5049999952316284,1.524999976158142,12236000
2012-11-20,1.175995945930481,1.5049999952316284,1.5199999809265137,1.5,1.5099999904632568,6852000
2012-11-21,1.1955305337905884,1.5299999713897705,1.5499999523162842,1.5099999904632568,1.5149999856948853,28916000
2012-11-22,1.1994374990463257,1.534999966621399,1.5499999523162842,1.5299999713897705,1.5399999618530273,17496000
2012-11-23,1.1994374990463257,1.534999966621399,1.5399999618530273,1.524999976158142,1.5399999618530273,19458000
2012-11-26,1.2502281665802002,1.600000023841858,1.6100000143051147,1.5399999618530273,1.5449999570846558,62092696
2012-11-27,1.2346001863479614,1.5800000429153442,1.6200000047683716,1.5700000524520874,1.6150000095367432,31259966
2012-11-28,1.2424143552780151,1.590000033378601,1.5950000286102295,1.5700000524520874,1.5800000429153442,18136000
2012-11-29,1.2306933403015137,1.5750000476837158,1.5950000286102295,1.565000057220459,1.5950000286102295,13152424
2012-11-30,1.2463207244873047,1.5950000286102295,1.600000023841858,1.559999942779541,1.565000057220459,15167324
2012-12-03,1.2150652408599854,1.5549999475479126,1.6050000190734863,1.5449999570846558,1.5950000286102295,13446292
2012-12-04,1.2306933403015137,1.5750000476837158,1.5800000429153442,1.5399999618530273,1.5449999570846558,8992980
2012-12-05,1.2346001863479614,1.5800000429153442,1.6150000095367432,1.565000057220459,1.5800000429153442,28463016
2012-12-06,1.2424143552780151,1.590000033378601,1.600000023841858,1.5800000429153442,1.5800000429153442,7548020
2012-12-07,1.2697628736495972,1.625,1.625,1.590000033378601,1.5950000286102295,27806604
2012-12-10,1.3205530643463135,1.690000057220459,1.7100000381469727,1.625,1.6299999952316284,60105234
2012-12-11,1.301018238067627,1.6649999618530273,1.7000000476837158,1.649999976158142,1.7000000476837158,30470090
2012-12-12,1.3244603872299194,1.6950000524520874,1.7200000286102295,1.6649999618530273,1.6649999618530273,20608000
2012-12-13,1.2892974615097046,1.649999976158142,1.7000000476837158,1.6449999809265137,1.6799999475479126,16438000
2012-12-14,1.3244603872299194,1.6950000524520874,1.7000000476837158,1.649999976158142,1.6549999713897705,19142010
2012-12-17,1.3439953327178955,1.7200000286102295,1.725000023841858,1.6799999475479126,1.7000000476837158,30991440
2012-12-18,1.3361812829971313,1.7100000381469727,1.7300000190734863,1.7000000476837158,1.7300000190734863,18434564
2012-12-19,1.3479021787643433,1.725000023841858,1.7350000143051147,1.6950000524520874,1.7050000429153442,27386406
2012-12-20,1.3479021787643433,1.725000023841858,1.7300000190734863,1.7000000476837158,1.7100000381469727,16976716
2012-12-21,1.3361812829971313,1.7100000381469727,1.7300000190734863,1.7000000476837158,1.715000033378601,12970000
2012-12-24,1.3361812829971313,1.7100000381469727,1.7400000095367432,1.7050000429153442,1.7100000381469727,5022000
2012-12-27,1.3166462182998657,1.684999942779541,1.7200000286102295,1.6799999475479126,1.7050000429153442,17912000
2012-12-28,1.3166462182998657,1.684999942779541,1.715000033378601,1.6649999618530273,1.684999942779541,19669144
2012-12-31,1.3283673524856567,1.7000000476837158,1.7100000381469727,1.6799999475479126,1.690000057220459,8292000
2013-01-02,1.3361812829971313,1.7100000381469727,1.7400000095367432,1.7050000429153442,1.7050000429153442,25555020
2013-01-03,1.3439953327178955,1.7200000286102295,1.7350000143051147,1.7050000429153442,1.725000023841858,15880000
2013-01-04,1.3283673524856567,1.7000000476837158,1.725000023841858,1.684999942779541,1.725000023841858,29232018
2013-01-07,1.4104137420654297,1.8049999475479126,1.8300000429153442,1.7100000381469727,1.715000033378601,96414878
2013-01-08,1.3908785581588745,1.7799999713897705,1.840000033378601,1.774999976158142,1.809999942779541,47435230
2013-01-09,1.3166462182998657,1.684999942779541,1.7799999713897705,1.6799999475479126,1.774999976158142,80128966
2013-01-10,1.3322741985321045,1.7050000429153442,1.7300000190734863,1.6299999952316284,1.690000057220459,94286068
2013-01-11,1.3088324069976807,1.6749999523162842,1.725000023841858,1.659999966621399,1.7100000381469727,43228908
2013-01-14,1.3244603872299194,1.6950000524520874,1.715000033378601,1.6649999618530273,1.6699999570846558,54642764
2013-01-15,1.3361812829971313,1.7100000381469727,1.7100000381469727,1.6749999523162842,1.690000057220459,31742986
2013-01-16,1.3439953327178955,1.7200000286102295,1.7200000286102295,1.684999942779541,1.6950000524520874,20107582
2013-01-17,1.3830647468566895,1.7699999809265137,1.7799999713897705,1.7200000286102295,1.7200000286102295,60357976
2013-01-18,1.3947855234146118,1.784999966621399,1.7949999570846558,1.7549999952316284,1.7949999570846558,33591000
2013-01-21,1.4025994539260864,1.7949999570846558,1.809999942779541,1.784999966621399,1.784999966621399,35878476
2013-01-22,1.3596229553222656,1.7400000095367432,1.7999999523162842,1.7350000143051147,1.7999999523162842,28421970
2013-01-23,1.3635298013687134,1.7450000047683716,1.7799999713897705,1.725000023841858,1.7549999952316284,33535106
2013-01-24,1.3518091440200806,1.7300000190734863,1.7599999904632568,1.7050000429153442,1.7450000047683716,30292724
2013-01-25,1.3244603872299194,1.6950000524520874,1.7350000143051147,1.6799999475479126,1.7350000143051147,19774076
2013-01-28,1.3205530643463135,1.690000057220459,1.7000000476837158,1.6649999618530273,1.6950000524520874,14918000
2013-01-29,1.3127394914627075,1.6799999475479126,1.684999942779541,1.649999976158142,1.6699999570846558,19627038
2013-01-30,1.3439953327178955,1.7200000286102295,1.725000023841858,1.690000057220459,1.690000057220459,25186848
2013-01-31,1.3439953327178955,1.7200000286102295,1.7549999952316284,1.7100000381469727,1.7450000047683716,24369828
2013-02-01,1.3439953327178955,1.7200000286102295,1.7350000143051147,1.7000000476837158,1.7300000190734863,7371920
2013-02-04,1.3479021787643433,1.725000023841858,1.7599999904632568,1.715000033378601,1.7300000190734863,14034000
2013-02-05,1.3244603872299194,1.6950000524520874,1.715000033378601,1.6799999475479126,1.715000033378601,19716000
2013-02-06,1.3361812829971313,1.7100000381469727,1.7200000286102295,1.684999942779541,1.6950000524520874,10073628
2013-02-07,1.3479021787643433,1.725000023841858,1.7350000143051147,1.6950000524520874,1.7050000429153442,14008974
2013-02-08,1.3479021787643433,1.725000023841858,1.7400000095367432,1.7000000476837158,1.725000023841858,6540002
2013-02-14,1.3674370050430298,1.75,1.774999976158142,1.7400000095367432,1.75,24275886
2013-02-15,1.414320468902588,1.809999942779541,1.8350000381469727,1.75,1.75,48954230
2013-02-18,1.414320468902588,1.809999942779541,1.8550000190734863,1.809999942779541,1.8200000524520874,32748892
2013-02-19,1.3947855234146118,1.784999966621399,1.8250000476837158,1.774999976158142,1.809999942779541,17269294
2013-02-20,1.4455760717391968,1.850000023841858,1.850000023841858,1.7799999713897705,1.7799999713897705,29876832
2013-02-21,1.4572969675064087,1.8650000095367432,1.8799999952316284,1.8049999475479126,1.8250000476837158,53054480
2013-02-22,1.4260414838790894,1.8250000476837158,1.8700000047683716,1.815000057220459,1.8650000095367432,27410008
2013-02-25,1.3986928462982178,1.7899999618530273,1.8350000381469727,1.784999966621399,1.8250000476837158,16785000
2013-02-26,1.4025994539260864,1.7949999570846558,1.8350000381469727,1.7549999952316284,1.774999976158142,19701466
2013-02-27,1.3947855234146118,1.784999966621399,1.809999942779541,1.774999976158142,1.7899999618530273,8848024
2013-02-28,1.4065062999725342,1.7999999523162842,1.8350000381469727,1.7899999618530273,1.7949999570846558,18566794
2013-03-01,1.4572969675064087,1.8650000095367432,1.875,1.7899999618530273,1.7999999523162842,25724910
2013-03-04,1.4651110172271729,1.875,1.8849999904632568,1.8300000429153442,1.8350000381469727,25326020
2013-03-05,1.472925066947937,1.8849999904632568,1.899999976158142,1.850000023841858,1.8650000095367432,26020522
2013-03-06,1.4885530471801758,1.9049999713897705,1.940000057220459,1.8849999904632568,1.8949999809265137,44572000
2013-03-07,1.4651110172271729,1.875,1.9049999713897705,1.8700000047683716,1.899999976158142,14951186
2013-03-08,1.480738878250122,1.8949999809265137,1.9049999713897705,1.8600000143051147,1.875,15238308
2013-03-11,1.4533902406692505,1.8600000143051147,1.9199999570846558,1.8550000190734863,1.899999976158142,13757780
2013-03-12,1.4455760717391968,1.850000023841858,1.8849999904632568,1.8300000429153442,1.8600000143051147,15274460
2013-03-13,1.4377623796463013,1.840000033378601,1.8550000190734863,1.809999942779541,1.850000023841858,18054502
2013-03-14,1.441669225692749,1.8450000286102295,1.850000023841858,1.815000057220459,1.8250000476837158,11128122
2013-03-15,1.429948329925537,1.8300000429153442,1.8700000047683716,1.8250000476837158,1.850000023841858,17468500
2013-03-18,1.3986928462982178,1.7899999618530273,1.8250000476837158,1.7699999809265137,1.8200000524520874,15052510
2013-03-19,1.3674370050430298,1.75,1.8250000476837158,1.75,1.8049999475479126,24324000
2013-03-20,1.3869717121124268,1.774999976158142,1.809999942779541,1.725000023841858,1.7300000190734863,21910048
2013-03-21,1.4065062999725342,1.7999999523162842,1.809999942779541,1.7699999809265137,1.784999966621399,15794000
2013-03-22,1.449483036994934,1.8550000190734863,1.8650000095367432,1.784999966621399,1.784999966621399,18840812
2013-03-25,1.4182275533676147,1.815000057220459,1.850000023841858,1.7699999809265137,1.8350000381469727,30092932
2013-03-26,1.4182275533676147,1.815000057220459,1.8250000476837158,1.784999966621399,1.7999999523162842,17938336
2013-03-27,1.4924596548080444,1.909999966621399,1.9199999570846558,1.809999942779541,1.809999942779541,49691914
2013-03-28,1.5002738237380981,1.9199999570846558,1.9249999523162842,1.8799999952316284,1.9149999618530273,27576000
2013-04-02,1.5237153768539429,1.9500000476837158,1.965000033378601,1.9049999713897705,1.9199999570846558,26882230
2013-04-03,1.5198084115982056,1.9450000524520874,1.965000033378601,1.9199999570846558,1.9600000381469727,15995630
2013-04-05,1.4846457242965698,1.899999976158142,1.934999942779541,1.8799999952316284,1.9049999713897705,21894936
2013-04-08,1.472925066947937,1.8849999904632568,1.899999976158142,1.8700000047683716,1.875,13272000
2013-04-09,1.4924596548080444,1.909999966621399,1.9199999570846558,1.8600000143051147,1.8600000143051147,10414470
2013-04-10,1.4963667392730713,1.9149999618530273,1.9199999570846558,1.899999976158142,1.909999966621399,6926000
2013-04-11,1.4885530471801758,1.9049999713897705,1.9450000524520874,1.8949999809265137,1.9249999523162842,8436612
2013-04-12,1.5784131288528442,2.0199999809265137,2.0350000858306885,1.899999976158142,1.899999976158142,62880000
2013-04-15,1.7073426246643066,2.184999942779541,2.194999933242798,2.0,2.0,99742002
2013-04-16,1.6721796989440918,2.140000104904175,2.174999952316284,2.0850000381469727,2.140000104904175,38158524
2013-04-17,1.640924334526062,2.0999999046325684,2.1449999809265137,2.069999933242798,2.1449999809265137,21068414
2013-04-18,1.6643661260604858,2.130000114440918,2.1649999618530273,2.059999942779541,2.069999933242798,19136004
2013-04-19,1.6878077983856201,2.1600000858306885,2.174999952316284,2.115000009536743,2.130000114440918,17961924
2013-04-22,1.7464120388031006,2.234999895095825,2.255000114440918,2.1549999713897705,2.1600000858306885,29056968
2013-04-23,1.7151566743850708,2.194999933242798,2.240000009536743,2.1600000858306885,2.2100000381469727,13124000
2013-04-24,1.7425050735473633,2.2300000190734863,2.234999895095825,2.1600000858306885,2.194999933242798,16474000
2013-04-25,1.6956218481063843,2.1700000762939453,2.2249999046325684,2.119999885559082,2.200000047683716,24848000
2013-04-26,1.6331104040145874,2.0899999141693115,2.1700000762939453,2.0799999237060547,2.1700000762939453,31180000
2013-04-29,1.6799943447113037,2.1500000953674316,2.174999952316284,2.0799999237060547,2.0799999237060547,13464804
2013-04-30,1.699528694152832,2.174999952316284,2.190000057220459,2.134999990463257,2.1500000953674316,17512984
2013-05-02,1.7346916198730469,2.2200000286102295,2.244999885559082,2.174999952316284,2.200000047683716,16980814
2013-05-03,1.7190635204315186,2.200000047683716,2.2200000286102295,2.1700000762939453,2.2200000286102295,10353014
2013-05-06,1.7346916198730469,2.2200000286102295,2.240000009536743,2.1649999618530273,2.2249999046325684,10122442
2013-05-07,1.7073426246643066,2.184999942779541,2.2200000286102295,2.1600000858306885,2.200000047683716,11932534
2013-05-08,1.78938889503479,2.2899999618530273,2.2899999618530273,2.174999952316284,2.190000057220459,34932430
2013-05-09,1.7815749645233154,2.2799999713897705,2.2899999618530273,2.2149999141693115,2.2899999618530273,15388000
2013-05-10,1.7737611532211304,2.2699999809265137,2.325000047683716,2.2300000190734863,2.2799999713897705,10990000
2013-05-13,1.7581331729888916,2.25,2.299999952316284,2.2300000190734863,2.299999952316284,7076000
2013-05-14,1.78938889503479,2.2899999618530273,2.315000057220459,2.25,2.25,13234778
2013-05-15,1.8245517015457153,2.3350000381469727,2.365000009536743,2.2950000762939453,2.2950000762939453,17060112
2013-05-16,1.8089239597320557,2.315000057220459,2.3450000286102295,2.2950000762939453,2.3350000381469727,11550000
2013-05-20,1.8245517015457153,2.3350000381469727,2.369999885559082,2.2950000762939453,2.299999952316284,18845294
2013-05-21,1.8323655128479004,2.3450000286102295,2.384999990463257,2.319999933242798,2.3399999141693115,17502000
2013-05-22,1.8440858125686646,2.359999895095825,2.359999895095825,2.244999885559082,2.325000047683716,11902000
2013-05-23,1.8597142696380615,2.380000114440918,2.3949999809265137,2.315000057220459,2.3499999046325684,21328000
2013-05-24,1.7972028255462646,2.299999952316284,2.369999885559082,2.255000114440918,2.369999885559082,21229372
2013-05-27,1.8284586668014526,2.3399999141693115,2.3399999141693115,2.2950000762939453,2.325000047683716,7040000
2013-05-28,1.867527961730957,2.390000104904175,2.4100000858306885,2.315000057220459,2.315000057220459,25696000
2013-05-29,1.9026910066604614,2.434999942779541,2.450000047683716,2.375,2.4000000953674316,18233694
2013-05-30,1.8597142696380615,2.380000114440918,2.444999933242798,2.359999895095825,2.4149999618530273,18482810
2013-05-31,1.8519002199172974,2.369999885559082,2.4200000762939453,2.325000047683716,2.380000114440918,37353682
2013-06-03,1.8636212348937988,2.384999990463257,2.4000000953674316,2.3499999046325684,2.3550000190734863,23672342
2013-06-04,1.8588751554489136,2.3499999046325684,2.384999990463257,2.3399999141693115,2.3499999046325684,12611324
2013-06-05,1.9814814329147339,2.505000114440918,2.5450000762939453,2.4149999618530273,2.440000057220459,69094394
2013-06-06,1.9854367971420288,2.509999990463257,2.565000057220459,2.4649999141693115,2.484999895095825,44872000
2013-06-07,2.009167194366455,2.5399999618530273,2.5899999141693115,2.5,2.5,21656652
2013-06-10,1.9933466911315918,2.5199999809265137,2.575000047683716,2.5,2.549999952316284,17343000
2013-06-11,2.0012569427490234,2.5299999713897705,2.549999952316284,2.4749999046325684,2.5250000953674316,34158800
2013-06-13,1.9933466911315918,2.5199999809265137,2.5350000858306885,2.4749999046325684,2.5,45896964
2013-06-14,2.044762372970581,2.5850000381469727,2.6050000190734863,2.515000104904175,2.515000104904175,28026000
2013-06-17,2.032897472381592,2.569999933242798,2.625,2.559999942779541,2.5999999046325684,11982000
2013-06-18,2.028942584991455,2.565000057220459,2.5999999046325684,2.5350000858306885,2.5899999141693115,10564790
2013-06-19,1.9973022937774658,2.5250000953674316,2.565000057220459,2.505000114440918,2.549999952316284,9809050
2013-06-20,1.977527141571045,2.5,2.5450000762939453,2.4749999046325684,2.509999990463257,16396000
2013-06-21,1.9023805856704712,2.4049999713897705,2.494999885559082,2.3499999046325684,2.490000009536743,33823500
2013-06-24,1.8509653806686401,2.3399999141693115,2.4000000953674316,2.2950000762939453,2.3499999046325684,27319506
2013-06-25,1.9023805856704712,2.4049999713897705,2.4200000762939453,2.2200000286102295,2.2899999618530273,34588422
2013-06-26,1.9300662279129028,2.440000057220459,2.440000057220459,2.3399999141693115,2.4000000953674316,21250938
2013-06-27,1.9973022937774658,2.5250000953674316,2.5350000858306885,2.4549999237060547,2.4600000381469727,15302400
2013-06-28,2.0170767307281494,2.549999952316284,2.555000066757202,2.505000114440918,2.5299999713897705,17494000
2013-07-02,2.0249876976013184,2.559999942779541,2.575000047683716,2.5299999713897705,2.575000047683716,17689202
2013-07-03,1.918201208114624,2.424999952316284,2.5350000858306885,2.4100000858306885,2.5,21256002
2013-07-04,1.9577512741088867,2.4749999046325684,2.5,2.4000000953674316,2.4000000953674316,10318382
2013-07-05,1.9261109828948975,2.434999942779541,2.484999895095825,2.390000104904175,2.4749999046325684,10370886
2013-07-08,1.9023805856704712,2.4049999713897705,2.450000047683716,2.4000000953674316,2.424999952316284,7352788
2013-07-09,1.8826054334640503,2.380000114440918,2.434999942779541,2.375,2.4000000953674316,6896288
2013-07-10,1.953796625137329,2.4700000286102295,2.4749999046325684,2.3949999809265137,2.4000000953674316,13984000
2013-07-11,1.9933466911315918,2.5199999809265137,2.5350000858306885,2.4549999237060547,2.4549999237060547,19344000
2013-07-12,2.0566275119781494,2.5999999046325684,2.6050000190734863,2.5199999809265137,2.5399999618530273,44104000
2013-07-15,2.0961785316467285,2.6500000953674316,2.6500000953674316,2.575000047683716,2.5999999046325684,22630300
2013-07-16,2.1001334190368652,2.6549999713897705,2.690000057220459,2.625,2.6500000953674316,38000000
2013-07-17,2.1515493392944336,2.7200000286102295,2.734999895095825,2.6549999713897705,2.6549999713897705,18078000
2013-07-18,2.234605312347412,2.825000047683716,2.8399999141693115,2.7249999046325684,2.7249999046325684,40641792
2013-07-19,2.1871449947357178,2.765000104904175,2.8450000286102295,2.734999895095825,2.8450000286102295,21594000
2013-07-22,2.195054531097412,2.7750000953674316,2.7899999618530273,2.700000047683716,2.7249999046325684,12851000
2013-07-23,2.2385599613189697,2.8299999237060547,2.8299999237060547,2.7750000953674316,2.799999952316284,22116006
2013-07-24,2.218785047531128,2.805000066757202,2.8350000381469727,2.7750000953674316,2.8299999237060547,8646000
2013-07-25,2.175279378890991,2.75,2.7899999618530273,2.744999885559082,2.7750000953674316,15201010
2013-07-26,2.254380226135254,2.8499999046325684,2.869999885559082,2.740000009536743,2.75,23192088
2013-07-29,2.2385599613189697,2.8299999237060547,2.875,2.819999933242798,2.859999895095825,13586000
2013-07-30,2.2266948223114014,2.815000057220459,2.869999885559082,2.805000066757202,2.8499999046325684,7256000
2013-07-31,2.218785047531128,2.805000066757202,2.819999933242798,2.7750000953674316,2.819999933242798,6902000
2013-08-01,2.214830160140991,2.799999952316284,2.8399999141693115,2.7950000762939453,2.799999952316284,6116000
2013-08-02,2.218785047531128,2.805000066757202,2.8299999237060547,2.7899999618530273,2.819999933242798,9532400
2013-08-05,2.1555042266845703,2.7249999046325684,2.819999933242798,2.625,2.815000057220459,20765156
2013-08-06,2.135728597640991,2.700000047683716,2.7200000286102295,2.6449999809265137,2.6500000953674316,23346000
2013-08-07,2.1199088096618652,2.680000066757202,2.7249999046325684,2.6500000953674316,2.6600000858306885,19400708
2013-08-08,2.1278185844421387,2.690000057220459,2.7049999237060547,2.6649999618530273,2.6649999618530273,7830000
2013-08-09,2.1119985580444336,2.6700000762939453,2.7049999237060547,2.6500000953674316,2.690000057220459,6860000
2013-08-12,2.1119985580444336,2.6700000762939453,2.700000047683716,2.6649999618530273,2.6700000762939453,9280000
2013-08-13,2.1199088096618652,2.680000066757202,2.7100000381469727,2.6700000762939453,2.6700000762939453,11816134
2013-08-14,2.1199088096618652,2.680000066757202,2.680000066757202,2.680000066757202,2.680000066757202,0
2013-08-15,1.9735716581344604,2.494999885559082,2.700000047683716,2.4700000286102295,2.680000066757202,50218000
2013-08-16,1.9814814329147339,2.505000114440918,2.509999990463257,2.380000114440918,2.424999952316284,52727742
2013-08-19,2.0170767307281494,2.549999952316284,2.575000047683716,2.505000114440918,2.5250000953674316,21168000
2013-08-20,1.9379760026931763,2.450000047683716,2.559999942779541,2.4149999618530273,2.549999952316284,32500000
2013-08-21,1.9102904796600342,2.4149999618530273,2.430000066757202,2.3450000286102295,2.4049999713897705,37354324
2013-08-22,1.9379760026931763,2.450000047683716,2.4649999141693115,2.375,2.4000000953674316,26882000
2013-08-23,1.9023805856704712,2.4049999713897705,2.494999885559082,2.4000000953674316,2.450000047683716,18788000
2013-08-26,2.0487172603607178,2.5899999141693115,2.640000104904175,2.4549999237060547,2.4549999237060547,50372000
2013-08-27,2.1199088096618652,2.680000066757202,2.7200000286102295,2.630000114440918,2.6549999713897705,47405208
2013-08-28,2.139683723449707,2.7049999237060547,2.7799999713897705,2.630000114440918,2.634999990463257,33433400
2013-08-29,2.199009656906128,2.7799999713897705,2.7899999618530273,2.7249999046325684,2.759999990463257,28918000
2013-08-30,2.28997540473938,2.8949999809265137,2.9100000858306885,2.7850000858306885,2.7950000762939453,44960546
2013-09-02,2.214830160140991,2.799999952316284,2.8949999809265137,2.7850000858306885,2.890000104904175,30711670
2013-09-03,2.199009656906128,2.7799999713897705,2.859999895095825,2.7699999809265137,2.799999952316284,19716000
2013-09-04,2.234605312347412,2.825000047683716,2.880000114440918,2.75,2.75,20099784
2013-09-05,2.2227394580841064,2.809999942779541,2.8450000286102295,2.7850000858306885,2.825000047683716,9586000
2013-09-06,2.227921485900879,2.7950000762939453,2.825000047683716,2.755000114440918,2.755000114440918,11903884
2013-09-09,2.291689872741699,2.875,2.875,2.799999952316284,2.825000047683716,26230000
2013-09-10,2.0525574684143066,2.575000047683716,2.6500000953674316,2.555000066757202,2.6500000953674316,1607761200
2013-09-11,2.0884268283843994,2.619999885559082,2.625,2.575000047683716,2.5950000286102295,89885010
2013-09-12,1.8971208333969116,2.380000114440918,2.619999885559082,2.3350000381469727,2.619999885559082,220290000
2013-09-13,1.952918291091919,2.450000047683716,2.4749999046325684,2.390000104904175,2.424999952316284,93246000
2013-09-16,1.9728460311889648,2.4749999046325684,2.490000009536743,2.4100000858306885,2.4649999141693115,52792000
2013-09-17,2.012701988220215,2.5250000953674316,2.559999942779541,2.4749999046325684,2.490000009536743,68674000
2013-09-18,2.0326290130615234,2.549999952316284,2.5850000381469727,2.5199999809265137,2.559999942779541,31400884
2013-09-19,2.0724847316741943,2.5999999046325684,2.6050000190734863,2.569999933242798,2.575000047683716,39594884
2013-09-23,2.0684993267059326,2.5950000286102295,2.6050000190734863,2.549999952316284,2.5950000286102295,17802000
2013-09-24,2.080455780029297,2.609999895095825,2.609999895095825,2.559999942779541,2.575000047683716,22646000
2013-09-25,2.080455780029297,2.609999895095825,2.619999885559082,2.569999933242798,2.5899999141693115,28528000
2013-09-26,2.0645134449005127,2.5899999141693115,2.5999999046325684,2.565000057220459,2.575000047683716,18492000
2013-09-27,2.0884268283843994,2.619999885559082,2.6549999713897705,2.5899999141693115,2.5899999141693115,42488794
2013-09-30,2.120311737060547,2.6600000858306885,2.6600000858306885,2.625,2.625,35652000
2013-10-02,2.184080123901367,2.740000009536743,2.759999990463257,2.640000104904175,2.6449999809265137,45145204
2013-10-03,2.1761090755462646,2.7300000190734863,2.75,2.690000057220459,2.7249999046325684,30026740
2013-10-04,2.2000224590301514,2.759999990463257,2.805000066757202,2.7249999046325684,2.7300000190734863,39216532
2013-10-07,2.1960370540618896,2.755000114440918,2.7850000858306885,2.744999885559082,2.75,30532000
2013-10-08,2.259805679321289,2.8350000381469727,2.8399999141693115,2.75,2.75,26192718
2013-10-09,2.3395166397094727,2.934999942779541,2.9749999046325684,2.825000047683716,2.8350000381469727,90792860
2013-10-10,2.319589614868164,2.9100000858306885,2.990000009536743,2.890000104904175,2.9600000381469727,39432066
2013-10-11,2.331544876098633,2.924999952316284,2.944999933242798,2.9000000953674316,2.9100000858306885,31760000
2013-10-15,2.331544876098633,2.924999952316284,2.9800000190734863,2.924999952316284,2.9700000286102295,22270266
2013-10-16,2.2877044677734375,2.869999885559082,2.950000047683716,2.8399999141693115,2.950000047683716,35903212
2013-10-17,2.315603494644165,2.9049999713897705,2.950000047683716,2.869999885559082,2.8949999809265137,18363200
2013-10-18,2.307631731033325,2.8949999809265137,2.9200000762939453,2.859999895095825,2.9000000953674316,14100000
2013-10-21,2.30364727973938,2.890000104904175,2.930000066757202,2.880000114440918,2.8949999809265137,18352000
2013-10-22,2.407271146774292,3.0199999809265137,3.0299999713897705,2.9000000953674316,2.9000000953674316,56317526
2013-10-23,2.307631731033325,2.8949999809265137,3.0299999713897705,2.890000104904175,3.0299999713897705,33249342
2013-10-24,2.3474881649017334,2.944999933242798,2.9749999046325684,2.9000000953674316,2.9000000953674316,25352010
2013-10-25,2.3275604248046875,2.9200000762939453,2.9749999046325684,2.9000000953674316,2.9549999237060547,13492000
2013-10-28,2.335530996322632,2.930000066757202,3.0,2.9200000762939453,2.950000047683716,18441600
2013-10-29,2.255819797515869,2.8299999237060547,2.9549999237060547,2.819999933242798,2.9200000762939453,24070684
2013-10-30,2.29966139793396,2.884999990463257,2.8949999809265137,2.869999885559082,2.8949999809265137,21286848
2013-10-31,2.30364727973938,2.890000104904175,2.9200000762939453,2.859999895095825,2.859999895095825,19620800
2013-11-01,2.3474881649017334,2.944999933242798,2.984999895095825,2.9000000953674316,2.9200000762939453,11650172
2013-11-04,2.307631731033325,2.8949999809265137,2.944999933242798,2.884999990463257,2.944999933242798,12292000
2013-11-05,2.267777442932129,2.8450000286102295,2.9100000858306885,2.825000047683716,2.8949999809265137,18854342
2013-11-06,2.279733419418335,2.859999895095825,2.9049999713897705,2.825000047683716,2.825000047683716,10626000
2013-11-07,2.2518346309661865,2.825000047683716,2.865000009536743,2.819999933242798,2.865000009536743,5856904
2013-11-08,2.2358925342559814,2.805000066757202,2.8499999046325684,2.7799999713897705,2.799999952316284,11100922
2013-11-11,2.2717621326446533,2.8499999046325684,2.890000104904175,2.7799999713897705,2.7899999618530273,13778640
2013-11-12,2.283719062805176,2.865000009536743,2.8949999809265137,2.809999942779541,2.819999933242798,9510000
2013-11-13,2.267777442932129,2.8450000286102295,2.875,2.8299999237060547,2.8299999237060547,13384000
2013-11-14,2.3395166397094727,2.934999942779541,2.984999895095825,2.8450000286102295,2.8450000286102295,22823398
2013-11-15,2.351473331451416,2.950000047683716,2.994999885559082,2.924999952316284,2.934999942779541,21048000
2013-11-18,2.3953144550323486,3.005000114440918,3.0250000953674316,2.950000047683716,2.9549999237060547,45542000
2013-11-19,2.4311842918395996,3.049999952316284,3.049999952316284,3.015000104904175,3.0450000762939453,32901462
2013-11-20,2.427198648452759,3.0450000762939453,3.0799999237060547,2.994999885559082,3.0399999618530273,15283000
2013-11-21,2.439155340194702,3.059999942779541,3.059999942779541,2.990000009536743,3.0250000953674316,11568694
2013-11-22,2.4192278385162354,3.0350000858306885,3.075000047683716,3.015000104904175,3.075000047683716,8803328
2013-11-25,2.443141222000122,3.065000057220459,3.075000047683716,3.0350000858306885,3.0399999618530273,11515124
2013-11-26,2.375386953353882,2.9800000190734863,3.065000057220459,2.950000047683716,3.059999942779541,21015706
2013-11-27,2.383357524871826,2.990000009536743,3.0,2.9600000381469727,2.994999885559082,8632016
2013-11-28,2.387342929840088,2.994999885559082,3.0250000953674316,2.9800000190734863,2.994999885559082,10766792
2013-11-29,2.423213243484497,3.0399999618530273,3.0399999618530273,2.9749999046325684,3.0,8040000
2013-12-02,2.4112565517425537,3.0250000953674316,3.0399999618530273,3.015000104904175,3.0250000953674316,9274000
2013-12-03,2.3913285732269287,3.0,3.0250000953674316,2.9600000381469727,3.0250000953674316,15914402
2013-12-04,2.443141222000122,3.065000057220459,3.069999933242798,2.9800000190734863,3.0,14639826
2013-12-05,2.4471263885498047,3.069999933242798,3.075000047683716,3.049999952316284,3.059999942779541,11496342
2013-12-06,2.5786492824554443,3.234999895095825,3.255000114440918,3.069999933242798,3.0799999237060547,50803840
2013-12-09,2.5826351642608643,3.240000009536743,3.2699999809265137,3.184999942779541,3.25,24765244
2013-12-10,2.6065480709075928,3.2699999809265137,3.315000057220459,3.244999885559082,3.25,46357348
2013-12-11,2.5826351642608643,3.240000009536743,3.25,3.194999933242798,3.200000047683716,26186232
2013-12-12,2.6304619312286377,3.299999952316284,3.299999952316284,3.1649999618530273,3.174999952316284,31022806
2013-12-13,2.734086036682129,3.430000066757202,3.444999933242798,3.2049999237060547,3.299999952316284,44798000
2013-12-16,2.7221295833587646,3.4149999618530273,3.509999990463257,3.390000104904175,3.430000066757202,37732922
2013-12-17,2.754013776779175,3.4549999237060547,3.5,3.4049999713897705,3.5,27316456
2013-12-18,2.841695785522461,3.565000057220459,3.5799999237060547,3.4200000762939453,3.434999942779541,34704448
2013-12-19,2.8257532119750977,3.5450000762939453,3.6050000190734863,3.509999990463257,3.5950000286102295,57192934
2013-12-20,2.7221295833587646,3.4149999618530273,3.569999933242798,3.390000104904175,3.509999990463257,30564000
2013-12-23,2.821768045425415,3.5399999618530273,3.5850000381469727,3.375,3.4000000953674316,23445630
2013-12-24,2.8337247371673584,3.555000066757202,3.609999895095825,3.5399999618530273,3.5399999618530273,12378786
2013-12-27,2.8456814289093018,3.569999933242798,3.5950000286102295,3.5399999618530273,3.565000057220459,14284000
2013-12-30,2.837709903717041,3.559999942779541,3.575000047683716,3.5399999618530273,3.575000047683716,17093366
2013-12-31,2.821768045425415,3.5399999618530273,3.575000047683716,3.5250000953674316,3.575000047683716,10616000
2014-01-02,2.9692330360412598,3.7249999046325684,3.740000009536743,3.5199999809265137,3.5399999618530273,31592000
2014-01-03,2.9971320629119873,3.759999990463257,3.819999933242798,3.690000057220459,3.75,23044000
2014-01-06,3.060900926589966,3.8399999141693115,3.934999942779541,3.7899999618530273,3.9100000858306885,39373754
2014-01-07,3.052929639816284,3.8299999237060547,3.869999885559082,3.755000114440918,3.8499999046325684,14094000
2014-01-08,3.148583173751831,3.950000047683716,3.9749999046325684,3.825000047683716,3.8499999046325684,22941358
2014-01-09,3.025031328201294,3.7950000762939453,3.9549999237060547,3.7899999618530273,3.9549999237060547,27766402
2014-01-10,3.009089231491089,3.7750000953674316,3.805000066757202,3.674999952316284,3.7899999618530273,34416324
2014-01-13,3.152569055557251,3.9549999237060547,4.039999961853027,3.799999952316284,3.880000114440918,50776000
2014-01-14,3.060900926589966,3.8399999141693115,3.950000047683716,3.805000066757202,3.950000047683716,34956000
2014-01-15,3.148583173751831,3.950000047683716,4.005000114440918,3.9149999618530273,3.9549999237060547,25337356
2014-01-16,3.10872745513916,3.9000000953674316,4.014999866485596,3.9000000953674316,4.014999866485596,14021454
2014-01-17,3.132641077041626,3.930000066757202,3.9800000190734863,3.884999990463257,3.9000000953674316,14180000
2014-01-20,3.096771001815796,3.884999990463257,3.940000057220459,3.869999885559082,3.934999942779541,19675108
2014-01-21,3.1565539836883545,3.9600000381469727,3.9700000286102295,3.880000114440918,3.9149999618530273,15354244
2014-01-22,3.292062520980835,4.130000114440918,4.195000171661377,3.950000047683716,3.9600000381469727,42588000
2014-01-23,3.2322795391082764,4.054999828338623,4.114999771118164,4.014999866485596,4.099999904632568,26070220
2014-01-24,3.017059564590454,3.7850000858306885,4.045000076293945,3.740000009536743,4.0,40184754
2014-01-27,3.1565539836883545,3.9600000381469727,3.9700000286102295,3.634999990463257,3.744999885559082,37625770
2014-01-28,3.1764819622039795,3.984999895095825,4.034999847412109,3.799999952316284,3.799999952316284,37311594
2014-01-29,3.311990737915039,4.15500020980835,4.159999847412109,3.9800000190734863,4.0,27682896
2014-01-30,3.3000335693359375,4.139999866485596,4.150000095367432,4.025000095367432,4.034999847412109,21846000
2014-02-04,3.296049118041992,4.135000228881836,4.21999979019165,4.019999980926514,4.099999904632568,29869048
2014-02-05,3.1804678440093994,3.990000009536743,4.195000171661377,3.9649999141693115,4.135000228881836,20397626
2014-02-06,3.1964094638824463,4.010000228881836,4.085000038146973,3.9700000286102295,3.9700000286102295,17502000
2014-02-07,3.260178327560425,4.090000152587891,4.099999904632568,3.9549999237060547,4.065000057220459,31366000
2014-02-10,3.34387469291687,4.195000171661377,4.235000133514404,4.09499979019165,4.199999809265137,29367050
2014-02-11,3.347860097885132,4.199999809265137,4.25,4.150000095367432,4.199999809265137,15906870
2014-02-12,3.347860097885132,4.199999809265137,4.244999885559082,4.170000076293945,4.239999771118164,16498000
2014-02-13,3.3359034061431885,4.184999942779541,4.269999980926514,4.175000190734863,4.195000171661377,20108472
2014-02-14,3.4036574363708496,4.269999980926514,4.309999942779541,4.15500020980835,4.184999942779541,25288000
2014-02-17,3.3917016983032227,4.255000114440918,4.304999828338623,4.224999904632568,4.300000190734863,9524000
2014-02-18,3.41960072517395,4.289999961853027,4.34499979019165,4.235000133514404,4.300000190734863,15692870
2014-02-19,3.527210235595703,4.425000190734863,4.429999828338623,4.210000038146973,4.215000152587891,22694000
2014-02-20,3.6667044162750244,4.599999904632568,4.65500020980835,4.394999980926514,4.414999961853027,51278178
2014-02-21,3.690617322921753,4.630000114440918,4.635000228881836,4.514999866485596,4.599999904632568,22818000
2014-02-24,3.6228630542755127,4.545000076293945,4.599999904632568,4.449999809265137,4.599999904632568,22368000
2014-02-25,3.527210235595703,4.425000190734863,4.574999809265137,4.40500020980835,4.494999885559082,31061428
2014-02-26,3.674675941467285,4.610000133514404,4.625,4.400000095367432,4.40500020980835,24812000
2014-02-27,3.6109061241149902,4.53000020980835,4.570000171661377,4.505000114440918,4.554999828338623,24817344
2014-02-28,3.742429733276367,4.695000171661377,4.715000152587891,4.505000114440918,4.505000114440918,36130118
2014-03-03,3.885908842086792,4.875,4.889999866485596,4.554999828338623,4.599999904632568,32581236
2014-03-04,3.9377217292785645,4.940000057220459,4.96999979019165,4.804999828338623,4.849999904632568,46145208
2014-03-05,3.8779373168945312,4.864999771118164,4.974999904632568,4.829999923706055,4.945000171661377,27996598
2014-03-06,3.706559419631958,4.650000095367432,4.925000190734863,4.599999904632568,4.864999771118164,47163572
2014-03-07,3.630833625793457,4.554999828338623,4.71999979019165,4.375,4.650000095367432,52880976
2014-03-10,3.62684965133667,4.550000190734863,4.614999771118164,4.375,4.505000114440918,47610000
2014-03-11,3.7862706184387207,4.75,5.039999961853027,4.710000038146973,4.75,149682250
2014-03-12,3.9456920623779297,4.949999809265137,4.960000038146973,4.71999979019165,4.75,94683046
2014-03-13,3.9177937507629395,4.914999961853027,5.010000228881836,4.824999809265137,5.0,42349804
2014-03-14,3.846052885055542,4.824999809265137,4.894999980926514,4.684999942779541,4.815000057220459,35231000
2014-03-17,3.88989520072937,4.880000114440918,5.03000020980835,4.860000133514404,4.925000190734863,38872126
2014-03-18,3.885908842086792,4.875,4.994999885559082,4.75,4.78000020980835,319933378
2014-03-19,3.7942416667938232,4.760000228881836,4.920000076293945,4.755000114440918,4.920000076293945,42370000
2014-03-20,3.993518352508545,5.010000228881836,5.150000095367432,4.800000190734863,4.824999809265137,87361364
2014-03-21,3.925764799118042,4.925000190734863,5.059999942779541,4.84499979019165,5.050000190734863,130678688
2014-03-24,3.746415138244629,4.699999809265137,4.949999809265137,4.699999809265137,4.929999828338623,59797568
2014-03-25,3.742429733276367,4.695000171661377,4.90500020980835,4.684999942779541,4.75,57358000
2014-03-26,3.730473518371582,4.679999828338623,4.815000057220459,4.659999847412109,4.699999809265137,37904000
2014-03-27,3.5989503860473633,4.514999866485596,4.684999942779541,4.360000133514404,4.675000190734863,62799700
2014-03-28,3.614891767501831,4.534999847412109,4.664999961853027,4.460000038146973,4.5,42516706
2014-03-31,3.7264881134033203,4.675000190734863,4.679999828338623,4.579999923706055,4.599999904632568,37816600
2014-04-01,3.8819236755371094,4.869999885559082,4.900000095367432,4.704999923706055,4.75,32639330
2014-04-02,3.8938794136047363,4.885000228881836,4.949999809265137,4.849999904632568,4.945000171661377,28128794
2014-04-03,3.730473518371582,4.679999828338623,4.75,4.635000228881836,4.690000057220459,318519042
2014-04-04,3.6667044162750244,4.599999904632568,4.679999828338623,4.525000095367432,4.679999828338623,64445932
2014-04-07,3.4076433181762695,4.275000095367432,4.599999904632568,4.25,4.599999904632568,109929982
2014-04-08,3.4674270153045654,4.349999904632568,4.389999866485596,4.235000133514404,4.25,78959916
2014-04-09,3.4873545169830322,4.375,4.449999809265137,4.349999904632568,4.400000095367432,31736000
2014-04-10,3.5391669273376465,4.440000057220459,4.445000171661377,4.264999866485596,4.40500020980835,55591600
2014-04-11,3.4036574363708496,4.269999980926514,4.434999942779541,4.230000019073486,4.434999942779541,51668696
2014-04-14,3.383730173110962,4.244999885559082,4.364999771118164,4.224999904632568,4.275000095367432,37884000
2014-04-15,3.383730173110962,4.244999885559082,4.295000076293945,4.239999771118164,4.28000020980835,20630000
2014-04-16,3.3717737197875977,4.230000019073486,4.300000190734863,4.105000019073486,4.260000228881836,35038142
2014-04-17,3.51126766204834,4.40500020980835,4.434999942779541,4.275000095367432,4.300000190734863,53339556
2014-04-22,3.5391669273376465,4.440000057220459,4.505000114440918,4.340000152587891,4.409999847412109,39704252
2014-04-23,3.5949647426605225,4.510000228881836,4.525000095367432,4.449999809265137,4.494999885559082,28092000
2014-04-24,3.5710513591766357,4.480000019073486,4.525000095367432,4.385000228881836,4.510000228881836,26684000
2014-04-25,3.4993109703063965,4.389999866485596,4.494999885559082,4.385000228881836,4.494999885559082,13517080
2014-04-28,3.3757591247558594,4.235000133514404,4.394999980926514,4.210000038146973,4.349999904632568,18978500
2014-04-29,3.3877158164978027,4.25,4.264999866485596,4.119999885559082,4.224999904632568,24167452
2014-04-30,3.4036574363708496,4.269999980926514,4.340000152587891,4.199999809265137,4.199999809265137,28569566
2014-05-02,3.4156148433685303,4.284999847412109,4.375,4.269999980926514,4.34499979019165,17565518
2014-05-05,3.3757591247558594,4.235000133514404,4.320000171661377,4.170000076293945,4.284999847412109,9048000
2014-05-07,3.311990737915039,4.15500020980835,4.34499979019165,4.119999885559082,4.34499979019165,18557120
2014-05-08,3.4036574363708496,4.269999980926514,4.275000095367432,4.085000038146973,4.179999828338623,24789802
2014-05-09,3.327932834625244,4.175000190734863,4.284999847412109,4.159999847412109,4.260000228881836,27164084
2014-05-12,3.3956871032714844,4.260000228881836,4.295000076293945,4.150000095367432,4.15500020980835,11734000
2014-05-13,3.399671792984009,4.264999866485596,4.295000076293945,4.199999809265137,4.295000076293945,28734000
2014-05-14,3.4036574363708496,4.269999980926514,4.309999942779541,4.204999923706055,4.204999923706055,12474492
2014-05-15,3.431556463241577,4.304999828338623,4.320000171661377,4.255000114440918,4.255000114440918,9455836
2014-05-16,3.5152533054351807,4.409999847412109,4.420000076293945,4.210000038146973,4.25,19416600
2014-05-19,3.443514108657837,4.320000171661377,4.420000076293945,4.315000057220459,4.414999961853027,13439352
2014-05-20,3.5551085472106934,4.460000038146973,4.46999979019165,4.329999923706055,4.349999904632568,25168000
2014-05-21,3.547137498855591,4.449999809265137,4.46999979019165,4.40500020980835,4.465000152587891,10579260
2014-05-22,3.7105448246002197,4.65500020980835,4.664999961853027,4.434999942779541,4.465000152587891,40626932
2014-05-23,3.7504007816314697,4.704999923706055,4.735000133514404,4.570000171661377,4.650000095367432,27243786
2014-05-26,3.8261260986328125,4.800000190734863,4.824999809265137,4.704999923706055,4.75,22980936
2014-05-27,3.7982280254364014,4.764999866485596,4.800000190734863,4.699999809265137,4.800000190734863,16246000
2014-05-28,3.706559419631958,4.650000095367432,4.789999961853027,4.585000038146973,4.789999961853027,39083426
2014-05-29,3.6388051509857178,4.565000057220459,4.71999979019165,4.550000190734863,4.644999980926514,23726000
2014-05-30,3.6826460361480713,4.619999885559082,4.644999980926514,4.53000020980835,4.565000057220459,29065826
2014-06-03,3.634819269180298,4.559999942779541,4.635000228881836,4.525000095367432,4.599999904632568,31689116
2014-06-04,3.674675941467285,4.610000133514404,4.659999847412109,4.53000020980835,4.559999942779541,16767000
2014-06-05,3.8638598918914795,4.820000171661377,4.880000114440918,4.630000114440918,4.699999809265137,19080000
2014-06-06,3.799729585647583,4.739999771118164,4.860000133514404,4.71999979019165,4.860000133514404,16859500
2014-06-09,3.7676644325256348,4.699999809265137,4.789999961853027,4.670000076293945,4.71999979019165,7194766
2014-06-10,3.847827911376953,4.800000190734863,4.820000171661377,4.639999866485596,4.730000019073486,19853273
2014-06-11,3.807745933532715,4.75,4.840000152587891,4.739999771118164,4.840000152587891,11877408
2014-06-12,3.927989959716797,4.900000095367432,4.949999809265137,4.75,4.75,25451675
2014-06-13,3.8558433055877686,4.809999942779541,4.940000057220459,4.800000190734863,4.849999904632568,15734408
2014-06-16,3.8398118019104004,4.789999961853027,4.869999885559082,4.75,4.800000190734863,17001144
2014-06-17,3.968071699142456,4.949999809265137,5.059999942779541,4.829999923706055,4.869999885559082,45939000
2014-06-18,3.9921209812164307,4.980000019073486,5.059999942779541,4.960000038146973,5.0,27634000
2014-06-19,3.8558433055877686,4.809999942779541,4.989999771118164,4.809999942779541,4.980000019073486,13864000
2014-06-20,3.783696413040161,4.71999979019165,4.889999866485596,4.710000038146973,4.829999923706055,19596767
2014-06-23,3.7676644325256348,4.699999809265137,4.809999942779541,4.610000133514404,4.670000076293945,28386325
2014-06-24,3.759648323059082,4.690000057220459,4.760000228881836,4.650000095367432,4.699999809265137,30637202
2014-06-25,3.711549997329712,4.630000114440918,4.730000019073486,4.619999885559082,4.699999809265137,32467134
2014-06-26,3.807745933532715,4.75,4.760000228881836,4.599999904632568,4.599999904632568,18178000
2014-06-27,3.783696413040161,4.71999979019165,4.769999980926514,4.679999828338623,4.71999979019165,15016500
2014-06-30,3.799729585647583,4.739999771118164,4.809999942779541,4.679999828338623,4.679999828338623,16594800
2014-07-02,3.919973850250244,4.889999866485596,4.96999979019165,4.78000020980835,4.800000190734863,27092567
2014-07-03,3.9520394802093506,4.929999828338623,4.929999828338623,4.829999923706055,4.920000076293945,15277214
2014-07-04,3.927989959716797,4.900000095367432,4.929999828338623,4.829999923706055,4.900000095367432,10722391
2014-07-07,3.9921209812164307,4.980000019073486,5.0,4.840000152587891,4.900000095367432,27490429
2014-07-08,4.01616907119751,5.010000228881836,5.099999904632568,4.989999771118164,5.0,45677305
2014-07-09,3.984105348587036,4.96999979019165,5.010000228881836,4.900000095367432,4.989999771118164,19028000
2014-07-10,4.01616907119751,5.010000228881836,5.039999961853027,4.949999809265137,5.0,11902121
2014-07-11,4.008153438568115,5.0,5.099999904632568,4.96999979019165,4.96999979019165,12994842
2014-07-14,4.040219783782959,5.039999961853027,5.050000190734863,4.989999771118164,5.019999980926514,8986000
2014-07-15,4.0562520027160645,5.059999942779541,5.079999923706055,5.010000228881836,5.070000171661377,16477000
2014-07-16,4.168479919433594,5.199999809265137,5.260000228881836,5.039999961853027,5.099999904632568,27911226
2014-07-17,4.224593639373779,5.269999980926514,5.300000190734863,5.179999828338623,5.25,27794800
2014-07-18,4.168479919433594,5.199999809265137,5.260000228881836,5.150000095367432,5.25,12891578
2014-07-21,4.1203813552856445,5.139999866485596,5.239999771118164,5.110000133514404,5.159999847412109,7175000
2014-07-22,4.168479919433594,5.199999809265137,5.210000038146973,5.110000133514404,5.139999866485596,13207000
2014-07-23,4.01616907119751,5.010000228881836,5.239999771118164,4.940000057220459,5.230000019073486,32486828
2014-07-24,3.968071699142456,4.949999809265137,5.0,4.909999847412109,4.989999771118164,21952371
2014-07-25,4.0562520027160645,5.059999942779541,5.070000171661377,4.940000057220459,4.940000057220459,15813200
2014-07-28,3.976088762283325,4.960000038146973,5.050000190734863,4.929999828338623,5.039999961853027,15845500
2014-07-29,3.903942108154297,4.869999885559082,4.960000038146973,4.820000171661377,4.929999828338623,27701000
2014-07-30,3.8959264755249023,4.860000133514404,4.949999809265137,4.809999942779541,4.820000171661377,17653125
2014-07-31,3.8398118019104004,4.789999961853027,4.860000133514404,4.75,4.860000133514404,21650580
2014-08-01,3.8157620429992676,4.760000228881836,4.869999885559082,4.730000019073486,4.75,19873265
2014-08-04,3.919973850250244,4.889999866485596,4.909999847412109,4.769999980926514,4.769999980926514,12988597
2014-08-05,3.9921209812164307,4.980000019073486,4.989999771118164,4.849999904632568,4.940000057220459,13075009
2014-08-06,4.064267635345459,5.070000171661377,5.079999923706055,4.940000057220459,4.989999771118164,21422622
2014-08-07,4.008153438568115,5.0,5.070000171661377,5.0,5.059999942779541,13708638
2014-08-08,4.0001373291015625,4.989999771118164,5.039999961853027,4.909999847412109,5.0,9008000
2014-08-11,4.040219783782959,5.039999961853027,5.070000171661377,5.0,5.019999980926514,7261000
2014-08-12,4.008153438568115,5.0,5.070000171661377,4.920000076293945,5.050000190734863,9668671
2014-08-13,3.976088762283325,4.960000038146973,4.989999771118164,4.940000057220459,4.989999771118164,10093000
2014-08-14,3.936006546020508,4.909999847412109,5.0,4.909999847412109,5.0,10489000
2014-08-15,4.008153438568115,5.0,5.010000228881836,4.949999809265137,4.949999809265137,8074098
2014-08-18,4.0001373291015625,4.989999771118164,5.050000190734863,4.980000019073486,5.0,5582000
2014-08-19,4.040219783782959,5.039999961853027,5.079999923706055,5.0,5.0,13011000
2014-08-20,4.1203813552856445,5.139999866485596,5.179999828338623,5.090000152587891,5.179999828338623,21863403
2014-08-21,4.160463809967041,5.190000057220459,5.199999809265137,5.119999885559082,5.179999828338623,17027000
2014-08-22,4.288724899291992,5.349999904632568,5.369999885559082,5.159999847412109,5.230000019073486,34477000
2014-08-25,4.296740531921387,5.360000133514404,5.440000057220459,5.28000020980835,5.340000152587891,13858200
2014-08-26,4.296740531921387,5.360000133514404,5.5,5.329999923706055,5.360000133514404,22348824
2014-08-27,4.27269172668457,5.329999923706055,5.409999847412109,5.179999828338623,5.329999923706055,19983286
2014-08-28,4.088316440582275,5.099999904632568,5.289999961853027,5.070000171661377,5.199999809265137,58898300
2014-08-29,4.160463809967041,5.190000057220459,5.28000020980835,5.070000171661377,5.070000171661377,40071000
2014-09-01,4.23261022567749,5.28000020980835,5.380000114440918,5.190000057220459,5.190000057220459,28141000
2014-09-02,4.200544834136963,5.239999771118164,5.360000133514404,5.21999979019165,5.28000020980835,28368000
2014-09-03,4.3608717918396,5.440000057220459,5.489999771118164,5.349999904632568,5.400000095367432,39199326
2014-09-04,4.457066535949707,5.559999942779541,5.590000152587891,5.449999809265137,5.480000019073486,34462932
2014-09-05,4.5211968421936035,5.639999866485596,5.679999828338623,5.539999961853027,5.630000114440918,33251642
2014-09-08,4.529213905334473,5.650000095367432,5.699999809265137,5.599999904632568,5.650000095367432,13616000
2014-09-10,4.663490295410156,5.800000190734863,5.880000114440918,5.760000228881836,5.829999923706055,34347680
2014-09-11,4.896664619445801,6.090000152587891,6.230000019073486,5.880000114440918,5.96999979019165,54881000
2014-09-12,4.9931511878967285,6.210000038146973,6.21999979019165,6.010000228881836,6.139999866485596,27306000
2014-09-15,4.872542858123779,6.059999942779541,6.230000019073486,5.949999809265137,6.130000114440918,21439336
2014-09-16,4.7278151512146,5.880000114440918,6.079999923706055,5.639999866485596,6.059999942779541,25918500
2014-09-17,4.8886237144470215,6.079999923706055,6.110000133514404,5.980000019073486,5.980000019073486,20012447
2014-09-18,4.872542858123779,6.059999942779541,6.079999923706055,5.960000038146973,6.050000190734863,20793989
2014-09-19,4.928827285766602,6.130000114440918,6.179999828338623,6.059999942779541,6.119999885559082,21607000
2014-09-22,4.840381145477295,6.019999980926514,6.179999828338623,5.96999979019165,6.130000114440918,18696000
2014-09-23,4.784097194671631,5.949999809265137,6.099999904632568,5.940000057220459,5.949999809265137,18554000
2014-09-24,4.735854148864746,5.889999866485596,6.0,5.829999923706055,5.96999979019165,33139800
2014-09-25,4.856461524963379,6.039999961853027,6.079999923706055,5.889999866485596,5.889999866485596,21426000
2014-09-26,4.856461524963379,6.039999961853027,6.059999942779541,5.920000076293945,6.039999961853027,11274720
2014-09-29,4.631328105926514,5.760000228881836,5.929999828338623,5.670000076293945,5.880000114440918,38972626
2014-09-30,4.679571628570557,5.820000171661377,5.889999866485596,5.630000114440918,5.639999866485596,32521852
2014-10-03,4.6876115798950195,5.829999923706055,5.889999866485596,5.679999828338623,5.789999961853027,24195800
2014-10-06,4.864503383636475,6.050000190734863,6.079999923706055,5.829999923706055,5.829999923706055,18151000
2014-10-07,4.97706937789917,6.190000057220459,6.309999942779541,6.010000228881836,6.099999904632568,32433600
2014-10-08,4.904704570770264,6.099999904632568,6.159999847412109,6.039999961853027,6.159999847412109,16621457
2014-10-09,4.97706937789917,6.190000057220459,6.659999847412109,6.139999866485596,6.420000076293945,53129037
2014-10-10,4.9449076652526855,6.150000095367432,6.28000020980835,6.070000171661377,6.25,41703163
2014-10-13,4.808218955993652,5.980000019073486,6.150000095367432,5.849999904632568,6.059999942779541,31132078
2014-10-14,4.840381145477295,6.019999980926514,6.119999885559082,5.900000095367432,5.900000095367432,25930572
2014-10-15,5.001190662384033,6.21999979019165,6.260000228881836,6.070000171661377,6.130000114440918,32567473
2014-10-16,5.178081512451172,6.440000057220459,6.590000152587891,6.25,6.300000190734863,62388775
2014-10-17,5.041393280029297,6.269999980926514,6.679999828338623,6.199999809265137,6.539999961853027,48847200
2014-10-20,5.049434661865234,6.28000020980835,6.389999866485596,6.230000019073486,6.300000190734863,15327000
2014-10-21,4.952947616577148,6.159999847412109,6.269999980926514,6.150000095367432,6.199999809265137,21814100
2014-10-22,4.97706937789917,6.190000057220459,6.269999980926514,6.139999866485596,6.260000228881836,20563031
2014-10-23,4.904704570770264,6.099999904632568,6.230000019073486,6.079999923706055,6.199999809265137,15153200
2014-10-24,5.001190662384033,6.21999979019165,6.239999771118164,6.110000133514404,6.110000133514404,18839000
2014-10-27,4.904704570770264,6.099999904632568,6.230000019073486,6.079999923706055,6.230000019073486,19289253
2014-10-28,5.065514087677002,6.300000190734863,6.300000190734863,6.099999904632568,6.099999904632568,18502000
2014-10-29,5.049434661865234,6.28000020980835,6.420000076293945,6.230000019073486,6.400000095367432,15590700
2014-10-30,4.97706937789917,6.190000057220459,6.289999961853027,6.150000095367432,6.289999961853027,15262000
2014-10-31,4.97706937789917,6.190000057220459,6.289999961853027,6.110000133514404,6.210000038146973,18472903
2014-11-03,4.960988521575928,6.170000076293945,6.239999771118164,6.130000114440918,6.230000019073486,14051441
2014-11-04,4.8242998123168945,6.0,6.210000038146973,5.960000038146973,6.199999809265137,44929800
2014-11-05,4.6876115798950195,5.829999923706055,6.059999942779541,5.800000190734863,6.050000190734863,44491201
2014-11-06,4.800178527832031,5.96999979019165,6.010000228881836,5.849999904632568,5.849999904632568,32542133
2014-11-07,4.711733341217041,5.860000133514404,6.0,5.849999904632568,6.0,19575849
2014-11-10,4.7036919593811035,5.849999904632568,6.0,5.840000152587891,5.900000095367432,21319219
2014-11-11,4.792138576507568,5.960000038146973,6.010000228881836,5.860000133514404,5.880000114440918,18429900
2014-11-12,4.832340717315674,6.010000228881836,6.03000020980835,5.860000133514404,5.96999979019165,32746500
2014-11-13,4.784097194671631,5.949999809265137,6.03000020980835,5.909999847412109,6.019999980926514,21126339
2014-11-14,4.8242998123168945,6.0,6.019999980926514,5.949999809265137,5.949999809265137,22724246
2014-11-17,4.8242998123168945,6.0,6.170000076293945,5.960000038146973,6.150000095367432,19390698
2014-11-18,4.759975910186768,5.920000076293945,6.059999942779541,5.860000133514404,6.0,15543344
2014-11-19,4.735854148864746,5.889999866485596,5.980000019073486,5.849999904632568,5.949999809265137,15033828
2014-11-20,4.719773769378662,5.869999885559082,5.900000095367432,5.769999980926514,5.889999866485596,11066300
2014-11-21,4.6876115798950195,5.829999923706055,5.889999866485596,5.800000190734863,5.809999942779541,14948173
2014-11-24,4.59112548828125,5.710000038146973,5.920000076293945,5.699999809265137,5.920000076293945,31901000
2014-11-25,4.695652008056641,5.840000152587891,5.849999904632568,5.550000190734863,5.699999809265137,35379623
2014-11-26,4.719773769378662,5.869999885559082,5.940000057220459,5.849999904632568,5.860000133514404,26535865
2014-11-27,4.743894100189209,5.900000095367432,5.960000038146973,5.849999904632568,5.900000095367432,20367183
2014-11-28,4.663490295410156,5.800000190734863,5.940000057220459,5.739999771118164,5.909999847412109,17298514
2014-12-01,4.599165916442871,5.71999979019165,5.840000152587891,5.630000114440918,5.809999942779541,26712367
2014-12-02,4.510720729827881,5.610000133514404,5.71999979019165,5.599999904632568,5.71999979019165,23960000
2014-12-03,4.333829879760742,5.389999866485596,5.650000095367432,5.289999961853027,5.650000095367432,55217647
2014-12-04,4.406193733215332,5.480000019073486,5.519999980926514,5.389999866485596,5.400000095367432,33852968
2014-12-05,4.422275543212891,5.5,5.510000228881836,5.320000171661377,5.480000019073486,27653899
2014-12-08,4.116736888885498,5.119999885559082,5.5,5.0,5.5,86091620
2014-12-09,3.8996424674987793,4.849999904632568,5.099999904632568,4.78000020980835,5.019999980926514,85196961
2014-12-10,4.2373433113098145,5.269999980926514,5.28000020980835,4.849999904632568,4.849999904632568,74831452
2014-12-11,4.092613697052002,5.090000152587891,5.239999771118164,5.079999923706055,5.170000076293945,38001631
2014-12-12,4.197140693664551,5.21999979019165,5.239999771118164,5.119999885559082,5.139999866485596,35456497
2014-12-15,4.357950687408447,5.420000076293945,5.440000057220459,5.119999885559082,5.25,41438727
2014-12-16,4.181060314178467,5.199999809265137,5.440000057220459,5.199999809265137,5.429999828338623,30988023
2014-12-17,4.036330223083496,5.019999980926514,5.269999980926514,5.010000228881836,5.210000038146973,29679361
2014-12-18,4.148898124694824,5.159999847412109,5.25,5.039999961853027,5.130000114440918,26137745
2014-12-19,4.036330223083496,5.019999980926514,5.230000019073486,5.0,5.199999809265137,31649082
2014-12-22,4.028289794921875,5.010000228881836,5.170000076293945,5.0,5.019999980926514,23700976
2014-12-23,3.907683849334717,4.860000133514404,5.090000152587891,4.849999904632568,5.050000190734863,33220601
2014-12-24,3.947885513305664,4.909999847412109,4.949999809265137,4.880000114440918,4.900000095367432,14409571
2014-12-29,4.004168510437012,4.980000019073486,5.0,4.909999847412109,4.949999809265137,17199029
2014-12-30,4.140857696533203,5.150000095367432,5.159999847412109,4.880000114440918,4.989999771118164,31014566
2014-12-31,4.173019886016846,5.190000057220459,5.21999979019165,5.070000171661377,5.110000133514404,17168550
2015-01-02,4.181060314178467,5.199999809265137,5.239999771118164,5.159999847412109,5.230000019073486,20042348
2015-01-05,4.068493366241455,5.059999942779541,5.230000019073486,5.039999961853027,5.199999809265137,25569184
2015-01-06,4.116736888885498,5.119999885559082,5.150000095367432,5.0,5.050000190734863,27292596
2015-01-07,4.3016676902771,5.349999904632568,5.360000133514404,5.130000114440918,5.179999828338623,45701205
2015-01-08,4.285586833953857,5.329999923706055,5.409999847412109,5.300000190734863,5.360000133514404,40368821
2015-01-09,4.494639873504639,5.590000152587891,5.670000076293945,5.360000133514404,5.380000114440918,91170438
2015-01-12,4.414234161376953,5.489999771118164,5.650000095367432,5.409999847412109,5.650000095367432,23451656
2015-01-13,4.422275543212891,5.5,5.590000152587891,5.449999809265137,5.590000152587891,28260735
2015-01-14,4.349910259246826,5.409999847412109,5.5,5.349999904632568,5.449999809265137,32816950
2015-01-15,4.398153305053711,5.46999979019165,5.489999771118164,5.349999904632568,5.380000114440918,14590394
2015-01-16,4.29362678527832,5.340000152587891,5.440000057220459,5.300000190734863,5.440000057220459,14969900
2015-01-19,4.092613697052002,5.090000152587891,5.329999923706055,5.079999923706055,5.28000020980835,45619378
2015-01-20,4.164978981018066,5.179999828338623,5.239999771118164,5.050000190734863,5.050000190734863,28206707
2015-01-21,4.189100742340088,5.210000038146973,5.239999771118164,5.130000114440918,5.239999771118164,24274338
2015-01-22,4.084574222564697,5.079999923706055,5.230000019073486,5.03000020980835,5.21999979019165,40679183
2015-01-23,4.084574222564697,5.079999923706055,5.119999885559082,4.989999771118164,5.059999942779541,54478314
2015-01-26,4.068493366241455,5.059999942779541,5.110000133514404,5.019999980926514,5.090000152587891,25813531
2015-01-27,4.036330223083496,5.019999980926514,5.090000152587891,5.0,5.070000171661377,27953600
2015-01-28,4.020249843597412,5.0,5.039999961853027,4.96999979019165,5.010000228881836,30177577
2015-01-29,4.020249843597412,5.0,5.0,4.949999809265137,5.0,26260000
2015-01-30,4.028289794921875,5.010000228881836,5.070000171661377,5.0,5.070000171661377,19484000
2015-02-02,3.988088607788086,4.960000038146973,5.03000020980835,4.949999809265137,5.0,11399518
2015-02-03,3.9318041801452637,4.889999866485596,5.010000228881836,4.840000152587891,4.980000019073486,31356571
2015-02-04,3.7227511405944824,4.630000114440918,4.949999809265137,4.599999904632568,4.949999809265137,96766840
2015-02-05,3.618224859237671,4.5,4.619999885559082,4.420000076293945,4.599999904632568,83975837
2015-02-06,3.553901433944702,4.420000076293945,4.630000114440918,4.400000095367432,4.590000152587891,64176020
2015-02-09,3.489576816558838,4.340000152587891,4.440000057220459,4.260000228881836,4.429999828338623,53848903
2015-02-10,3.5780224800109863,4.449999809265137,4.53000020980835,4.300000190734863,4.300000190734863,35610895
2015-02-11,3.417212963104248,4.25,4.5,4.210000038146973,4.489999771118164,57500387
2015-02-12,3.4815361499786377,4.329999923706055,4.340000152587891,4.119999885559082,4.230000019073486,54366643
2015-02-13,3.513698101043701,4.369999885559082,4.440000057220459,4.309999942779541,4.360000133514404,49101758
2015-02-16,3.497617483139038,4.349999904632568,4.429999828338623,4.309999942779541,4.420000076293945,24539211
2015-02-17,3.5056583881378174,4.360000133514404,4.389999866485596,4.329999923706055,4.369999885559082,18159700
2015-02-18,3.513698101043701,4.369999885559082,4.389999866485596,4.329999923706055,4.349999904632568,6949736
2015-02-23,3.473496437072754,4.320000171661377,4.400000095367432,4.300000190734863,4.400000095367432,20349235
2015-02-24,3.682549476623535,4.579999923706055,4.610000133514404,4.329999923706055,4.369999885559082,69332338
2015-02-25,3.658428192138672,4.550000190734863,4.650000095367432,4.53000020980835,4.559999942779541,37258717
2015-02-26,3.746872901916504,4.659999847412109,4.679999828338623,4.519999980926514,4.53000020980835,32075712
2015-02-27,3.7147109508514404,4.619999885559082,4.679999828338623,4.579999923706055,4.679999828338623,29027296
2015-03-02,3.6664676666259766,4.559999942779541,4.619999885559082,4.510000228881836,4.619999885559082,21956717
2015-03-03,3.7066705226898193,4.610000133514404,4.630000114440918,4.539999961853027,4.599999904632568,25918412
2015-03-04,3.8433592319488525,4.78000020980835,4.820000171661377,4.599999904632568,4.630000114440918,63763658
2015-03-05,3.8031558990478516,4.730000019073486,4.800000190734863,4.659999847412109,4.800000190734863,29141998
2015-03-06,3.875520706176758,4.820000171661377,4.849999904632568,4.760000228881836,4.789999961853027,31479866
2015-03-09,3.827277898788452,4.760000228881836,4.849999904632568,4.71999979019165,4.800000190734863,18858704
2015-03-10,3.69058895111084,4.590000152587891,4.789999961853027,4.570000171661377,4.730000019073486,31917890
2015-03-11,3.69862961769104,4.599999904632568,4.699999809265137,4.570000171661377,4.610000133514404,21128939
2015-03-12,3.674508810043335,4.570000171661377,4.619999885559082,4.510000228881836,4.559999942779541,20046167
2015-03-13,3.5297794342041016,4.389999866485596,4.570000171661377,4.380000114440918,4.550000190734863,39268000
2015-03-16,3.5699822902679443,4.440000057220459,4.519999980926514,4.389999866485596,4.400000095367432,16392509
2015-03-17,3.489576816558838,4.340000152587891,4.5,4.320000171661377,4.5,31028256
2015-03-18,3.5217392444610596,4.380000114440918,4.449999809265137,4.340000152587891,4.340000152587891,25838490
2015-03-19,3.489576816558838,4.340000152587891,4.400000095367432,4.300000190734863,4.380000114440918,30027500
2015-03-20,3.5217392444610596,4.380000114440918,4.449999809265137,4.349999904632568,4.369999885559082,39109000
2015-03-23,3.489576816558838,4.340000152587891,4.449999809265137,4.329999923706055,4.429999828338623,23835073
2015-03-24,3.5458602905273438,4.409999847412109,4.440000057220459,4.329999923706055,4.329999923706055,21247000
2015-03-25,3.5941028594970703,4.46999979019165,4.519999980926514,4.400000095367432,4.420000076293945,25163397
2015-03-26,3.5458602905273438,4.409999847412109,4.449999809265137,4.389999866485596,4.429999828338623,16895883
2015-03-27,3.5458602905273438,4.409999847412109,4.409999847412109,4.409999847412109,4.409999847412109,0
2015-03-30,3.5458602905273438,4.409999847412109,4.409999847412109,4.409999847412109,4.409999847412109,0
2015-03-31,3.5458602905273438,4.409999847412109,4.409999847412109,4.409999847412109,4.409999847412109,0
2015-04-01,3.5458602905273438,4.409999847412109,4.409999847412109,4.409999847412109,4.409999847412109,0
2015-04-02,3.5458602905273438,4.409999847412109,4.409999847412109,4.409999847412109,4.409999847412109,0
2015-04-08,3.5458602905273438,4.409999847412109,4.409999847412109,4.409999847412109,4.409999847412109,0
2015-04-09,3.5458602905273438,4.409999847412109,4.409999847412109,4.409999847412109,4.409999847412109,0
2015-04-10,3.5458602905273438,4.409999847412109,4.409999847412109,4.409999847412109,4.409999847412109,0
2015-04-13,3.5458602905273438,4.409999847412109,4.409999847412109,4.409999847412109,4.409999847412109,0
2015-04-14,3.5458602905273438,4.409999847412109,4.409999847412109,4.409999847412109,4.409999847412109,0
2015-04-15,3.5458602905273438,4.409999847412109,4.409999847412109,4.409999847412109,4.409999847412109,0
2015-04-16,3.5458602905273438,4.409999847412109,4.409999847412109,4.409999847412109,4.409999847412109,0
2015-04-17,3.5458602905273438,4.409999847412109,4.409999847412109,4.409999847412109,4.409999847412109,0
2015-04-20,3.5458602905273438,4.409999847412109,4.409999847412109,4.409999847412109,4.409999847412109,0
2015-04-21,3.5458602905273438,4.409999847412109,4.409999847412109,4.409999847412109,4.409999847412109,0
2015-04-22,3.5458602905273438,4.409999847412109,4.409999847412109,4.409999847412109,4.409999847412109,0
2015-04-23,3.5458602905273438,4.409999847412109,4.409999847412109,4.409999847412109,4.409999847412109,0
2015-04-24,3.5458602905273438,4.409999847412109,4.409999847412109,4.409999847412109,4.409999847412109,0
2015-04-27,3.5458602905273438,4.409999847412109,4.409999847412109,4.409999847412109,4.409999847412109,0
2015-04-28,3.5458602905273438,4.409999847412109,4.409999847412109,4.409999847412109,4.409999847412109,0
2015-04-29,3.5458602905273438,4.409999847412109,4.409999847412109,4.409999847412109,4.409999847412109,0
2015-04-30,3.5458602905273438,4.409999847412109,4.409999847412109,4.409999847412109,4.409999847412109,0
2015-05-04,3.5458602905273438,4.409999847412109,4.409999847412109,4.409999847412109,4.409999847412109,0
2015-05-05,3.5458602905273438,4.409999847412109,4.409999847412109,4.409999847412109,4.409999847412109,0
2015-05-06,3.5458602905273438,4.409999847412109,4.409999847412109,4.409999847412109,4.409999847412109,0
2015-05-07,3.5458602905273438,4.409999847412109,4.409999847412109,4.409999847412109,4.409999847412109,0
2015-05-08,3.5458602905273438,4.409999847412109,4.409999847412109,4.409999847412109,4.409999847412109,0
2015-05-11,3.5458602905273438,4.409999847412109,4.409999847412109,4.409999847412109,4.409999847412109,0
2015-05-12,3.5458602905273438,4.409999847412109,4.409999847412109,4.409999847412109,4.409999847412109,0
2015-05-13,3.5458602905273438,4.409999847412109,4.409999847412109,4.409999847412109,4.409999847412109,0
2015-05-14,3.5458602905273438,4.409999847412109,4.409999847412109,4.409999847412109,4.409999847412109,0
2015-05-15,3.5458602905273438,4.409999847412109,4.409999847412109,4.409999847412109,4.409999847412109,0
2015-05-18,3.5458602905273438,4.409999847412109,4.409999847412109,4.409999847412109,4.409999847412109,0
2015-05-19,3.5458602905273438,4.409999847412109,4.409999847412109,4.409999847412109,4.409999847412109,0
2015-05-20,3.5458602905273438,4.409999847412109,4.409999847412109,4.409999847412109,4.409999847412109,0
2015-05-21,3.5458602905273438,4.409999847412109,4.409999847412109,4.409999847412109,4.409999847412109,0
2015-05-22,3.5458602905273438,4.409999847412109,4.409999847412109,4.409999847412109,4.409999847412109,0
2015-05-26,3.5458602905273438,4.409999847412109,4.409999847412109,4.409999847412109,4.409999847412109,0
2015-05-27,3.5458602905273438,4.409999847412109,4.409999847412109,4.409999847412109,4.409999847412109,0
2015-05-28,3.5458602905273438,4.409999847412109,4.409999847412109,4.409999847412109,4.409999847412109,0
2015-05-29,3.5458602905273438,4.409999847412109,4.409999847412109,4.409999847412109,4.409999847412109,0
2015-06-01,3.5458602905273438,4.409999847412109,4.409999847412109,4.409999847412109,4.409999847412109,0
2015-06-02,3.5458602905273438,4.409999847412109,4.409999847412109,4.409999847412109,4.409999847412109,0
2015-06-03,3.5458602905273438,4.409999847412109,4.409999847412109,4.409999847412109,4.409999847412109,0
2015-06-04,3.5458602905273438,4.409999847412109,4.409999847412109,4.409999847412109,4.409999847412109,0
2015-06-05,3.5458602905273438,4.409999847412109,4.409999847412109,4.409999847412109,4.409999847412109,0
2015-06-08,3.5458602905273438,4.409999847412109,4.409999847412109,4.409999847412109,4.409999847412109,0
2015-06-09,3.5458602905273438,4.409999847412109,4.409999847412109,4.409999847412109,4.409999847412109,0
2015-06-10,3.5458602905273438,4.409999847412109,4.409999847412109,4.409999847412109,4.409999847412109,0
2015-06-11,3.5458602905273438,4.409999847412109,4.409999847412109,4.409999847412109,4.409999847412109,0
2015-06-12,3.5458602905273438,4.409999847412109,4.409999847412109,4.409999847412109,4.409999847412109,0
2015-06-15,3.5458602905273438,4.409999847412109,4.409999847412109,4.409999847412109,4.409999847412109,0
2015-06-16,3.5458602905273438,4.409999847412109,4.409999847412109,4.409999847412109,4.409999847412109,0
2015-06-17,3.5458602905273438,4.409999847412109,4.409999847412109,4.409999847412109,4.409999847412109,0
2015-06-18,3.5458602905273438,4.409999847412109,4.409999847412109,4.409999847412109,4.409999847412109,0
2015-06-19,3.5458602905273438,4.409999847412109,4.409999847412109,4.409999847412109,4.409999847412109,0
2015-06-22,3.5458602905273438,4.409999847412109,4.409999847412109,4.409999847412109,4.409999847412109,0
2015-06-23,3.5458602905273438,4.409999847412109,4.409999847412109,4.409999847412109,4.409999847412109,0
2015-06-24,3.5458602905273438,4.409999847412109,4.409999847412109,4.409999847412109,4.409999847412109,0
2015-06-25,3.5458602905273438,4.409999847412109,4.409999847412109,4.409999847412109,4.409999847412109,0
2015-06-26,3.5458602905273438,4.409999847412109,4.409999847412109,4.409999847412109,4.409999847412109,0
2015-06-29,3.5458602905273438,4.409999847412109,4.409999847412109,4.409999847412109,4.409999847412109,0
2015-06-30,3.5458602905273438,4.409999847412109,4.409999847412109,4.409999847412109,4.409999847412109,0
2015-07-02,3.5458602905273438,4.409999847412109,4.409999847412109,4.409999847412109,4.409999847412109,0
2015-07-03,3.5458602905273438,4.409999847412109,4.409999847412109,4.409999847412109,4.409999847412109,0
2015-07-06,3.5458602905273438,4.409999847412109,4.409999847412109,4.409999847412109,4.409999847412109,0
2015-07-07,3.5458602905273438,4.409999847412109,4.409999847412109,4.409999847412109,4.409999847412109,0
2015-07-08,3.5458602905273438,4.409999847412109,4.409999847412109,4.409999847412109,4.409999847412109,0
2015-07-09,3.5458602905273438,4.409999847412109,4.409999847412109,4.409999847412109,4.409999847412109,0
2015-07-10,3.5458602905273438,4.409999847412109,4.409999847412109,4.409999847412109,4.409999847412109,0
2015-07-13,3.5458602905273438,4.409999847412109,4.409999847412109,4.409999847412109,4.409999847412109,0
2015-07-14,3.5458602905273438,4.409999847412109,4.409999847412109,4.409999847412109,4.409999847412109,0
2015-07-15,3.5458602905273438,4.409999847412109,4.409999847412109,4.409999847412109,4.409999847412109,0
2015-07-16,3.5458602905273438,4.409999847412109,4.409999847412109,4.409999847412109,4.409999847412109,0
2015-07-17,3.5458602905273438,4.409999847412109,4.409999847412109,4.409999847412109,4.409999847412109,0
2015-07-20,3.5458602905273438,4.409999847412109,4.409999847412109,4.409999847412109,4.409999847412109,0
2015-07-21,3.5458602905273438,4.409999847412109,4.409999847412109,4.409999847412109,4.409999847412109,0
2015-07-22,3.5458602905273438,4.409999847412109,4.409999847412109,4.409999847412109,4.409999847412109,0
2015-07-23,3.5458602905273438,4.409999847412109,4.409999847412109,4.409999847412109,4.409999847412109,0
2015-07-24,3.5458602905273438,4.409999847412109,4.409999847412109,4.409999847412109,4.409999847412109,0
2015-07-27,3.5458602905273438,4.409999847412109,4.409999847412109,4.409999847412109,4.409999847412109,0
2015-07-28,3.5458602905273438,4.409999847412109,4.409999847412109,4.409999847412109,4.409999847412109,0
2015-07-29,3.5458602905273438,4.409999847412109,4.409999847412109,4.409999847412109,4.409999847412109,0
2015-07-30,3.5458602905273438,4.409999847412109,4.409999847412109,4.409999847412109,4.409999847412109,0
2015-07-31,3.5458602905273438,4.409999847412109,4.409999847412109,4.409999847412109,4.409999847412109,0
2015-08-03,3.5458602905273438,4.409999847412109,4.409999847412109,4.409999847412109,4.409999847412109,0
2015-08-04,3.5458602905273438,4.409999847412109,4.409999847412109,4.409999847412109,4.409999847412109,0
2015-08-05,3.5458602905273438,4.409999847412109,4.409999847412109,4.409999847412109,4.409999847412109,0
2015-08-06,3.5458602905273438,4.409999847412109,4.409999847412109,4.409999847412109,4.409999847412109,0
2015-08-07,3.5458602905273438,4.409999847412109,4.409999847412109,4.409999847412109,4.409999847412109,0
2015-08-10,3.5458602905273438,4.409999847412109,4.409999847412109,4.409999847412109,4.409999847412109,0
2015-08-11,3.5458602905273438,4.409999847412109,4.409999847412109,4.409999847412109,4.409999847412109,0
2015-08-12,3.5458602905273438,4.409999847412109,4.409999847412109,4.409999847412109,4.409999847412109,0
2015-08-13,3.5458602905273438,4.409999847412109,4.409999847412109,4.409999847412109,4.409999847412109,0
2015-08-14,3.5458602905273438,4.409999847412109,4.409999847412109,4.409999847412109,4.409999847412109,0
2015-08-17,3.5458602905273438,4.409999847412109,4.409999847412109,4.409999847412109,4.409999847412109,0
2015-08-18,3.5458602905273438,4.409999847412109,4.409999847412109,4.409999847412109,4.409999847412109,0
2015-08-19,3.5458602905273438,4.409999847412109,4.409999847412109,4.409999847412109,4.409999847412109,0
2015-08-20,3.5458602905273438,4.409999847412109,4.409999847412109,4.409999847412109,4.409999847412109,0
2015-08-21,3.5458602905273438,4.409999847412109,4.409999847412109,4.409999847412109,4.409999847412109,0
2015-08-24,3.5458602905273438,4.409999847412109,4.409999847412109,4.409999847412109,4.409999847412109,0
2015-08-25,3.5458602905273438,4.409999847412109,4.409999847412109,4.409999847412109,4.409999847412109,0
2015-08-26,3.5458602905273438,4.409999847412109,4.409999847412109,4.409999847412109,4.409999847412109,0
2015-08-27,3.5458602905273438,4.409999847412109,4.409999847412109,4.409999847412109,4.409999847412109,0
2015-08-28,3.5458602905273438,4.409999847412109,4.409999847412109,4.409999847412109,4.409999847412109,0
2015-08-31,3.5458602905273438,4.409999847412109,4.409999847412109,4.409999847412109,4.409999847412109,0
2015-09-01,3.5458602905273438,4.409999847412109,4.409999847412109,4.409999847412109,4.409999847412109,0
2015-09-02,3.5458602905273438,4.409999847412109,4.409999847412109,4.409999847412109,4.409999847412109,0
2015-09-04,3.5458602905273438,4.409999847412109,4.409999847412109,4.409999847412109,4.409999847412109,0
2015-09-07,3.5458602905273438,4.409999847412109,4.409999847412109,4.409999847412109,4.409999847412109,0
2015-09-08,3.5458602905273438,4.409999847412109,4.409999847412109,4.409999847412109,4.409999847412109,0
2015-09-09,3.5458602905273438,4.409999847412109,4.409999847412109,4.409999847412109,4.409999847412109,0
2015-09-10,3.5458602905273438,4.409999847412109,4.409999847412109,4.409999847412109,4.409999847412109,0
2015-09-11,3.545860767364502,4.39300012588501,4.39300012588501,4.39300012588501,4.39300012588501,0
2015-09-14,3.545860767364502,4.39300012588501,4.39300012588501,4.39300012588501,4.39300012588501,0
2015-09-15,3.545860767364502,4.39300012588501,4.39300012588501,4.39300012588501,4.39300012588501,0
2015-09-16,3.545860767364502,4.39300012588501,4.39300012588501,4.39300012588501,4.39300012588501,0
2015-09-17,3.545860767364502,4.39300012588501,4.39300012588501,4.39300012588501,4.39300012588501,0
2015-09-18,3.545860767364502,4.39300012588501,4.39300012588501,4.39300012588501,4.39300012588501,0
2015-09-21,3.545860767364502,4.39300012588501,4.39300012588501,4.39300012588501,4.39300012588501,0
2015-09-22,3.545860767364502,4.39300012588501,4.39300012588501,4.39300012588501,4.39300012588501,0
2015-09-23,3.545860767364502,4.39300012588501,4.39300012588501,4.39300012588501,4.39300012588501,0
2015-09-24,3.545860767364502,4.39300012588501,4.39300012588501,4.39300012588501,4.39300012588501,0
2015-09-25,3.545860767364502,4.39300012588501,4.39300012588501,4.39300012588501,4.39300012588501,0
2015-09-29,3.545860767364502,4.39300012588501,4.39300012588501,4.39300012588501,4.39300012588501,0
2015-09-30,3.545860767364502,4.39300012588501,4.39300012588501,4.39300012588501,4.39300012588501,0
2015-10-02,3.545860767364502,4.39300012588501,4.39300012588501,4.39300012588501,4.39300012588501,0
2015-10-05,3.545860767364502,4.39300012588501,4.39300012588501,4.39300012588501,4.39300012588501,0
2015-10-06,3.545860767364502,4.39300012588501,4.39300012588501,4.39300012588501,4.39300012588501,0
2015-10-07,3.545860767364502,4.39300012588501,4.39300012588501,4.39300012588501,4.39300012588501,0
2015-10-08,3.545860767364502,4.39300012588501,4.39300012588501,4.39300012588501,4.39300012588501,0
2015-10-09,3.545860767364502,4.39300012588501,4.39300012588501,4.39300012588501,4.39300012588501,0
2015-10-12,3.545860767364502,4.39300012588501,4.39300012588501,4.39300012588501,4.39300012588501,0
2015-10-13,3.545860767364502,4.39300012588501,4.39300012588501,4.39300012588501,4.39300012588501,0
2015-10-14,3.545860767364502,4.39300012588501,4.39300012588501,4.39300012588501,4.39300012588501,0
2015-10-15,3.545860767364502,4.39300012588501,4.39300012588501,4.39300012588501,4.39300012588501,0
2015-10-16,3.545860767364502,4.39300012588501,4.39300012588501,4.39300012588501,4.39300012588501,0
2015-10-19,3.545860767364502,4.39300012588501,4.39300012588501,4.39300012588501,4.39300012588501,0
2015-10-20,3.545860767364502,4.39300012588501,4.39300012588501,4.39300012588501,4.39300012588501,0
2015-10-22,3.545860767364502,4.39300012588501,4.39300012588501,4.39300012588501,4.39300012588501,0
2015-10-23,3.545860767364502,4.39300012588501,4.39300012588501,4.39300012588501,4.39300012588501,0
2015-10-26,3.545860767364502,4.39300012588501,4.39300012588501,4.39300012588501,4.39300012588501,0
2015-10-27,3.545860767364502,4.39300012588501,4.39300012588501,4.39300012588501,4.39300012588501,0
2015-10-28,3.545860767364502,4.39300012588501,4.39300012588501,4.39300012588501,4.39300012588501,0
2015-10-29,3.545860767364502,4.39300012588501,4.39300012588501,4.39300012588501,4.39300012588501,0
2015-10-30,3.545860767364502,4.39300012588501,4.39300012588501,4.39300012588501,4.39300012588501,0
2015-11-02,3.545860767364502,4.39300012588501,4.39300012588501,4.39300012588501,4.39300012588501,0
2015-11-03,3.545860767364502,4.39300012588501,4.39300012588501,4.39300012588501,4.39300012588501,0
2015-11-04,3.545860767364502,4.39300012588501,4.39300012588501,4.39300012588501,4.39300012588501,0
2015-11-05,3.545860767364502,4.39300012588501,4.39300012588501,4.39300012588501,4.39300012588501,0
2015-11-06,3.545860767364502,4.39300012588501,4.39300012588501,4.39300012588501,4.39300012588501,0
2015-11-09,3.545860767364502,4.39300012588501,4.39300012588501,4.39300012588501,4.39300012588501,0
2015-11-10,3.545860767364502,4.39300012588501,4.39300012588501,4.39300012588501,4.39300012588501,0
2015-11-11,3.545860767364502,4.39300012588501,4.39300012588501,4.39300012588501,4.39300012588501,0
2015-11-12,3.545860767364502,4.39300012588501,4.39300012588501,4.39300012588501,4.39300012588501,0
2015-11-13,3.545860767364502,4.39300012588501,4.39300012588501,4.39300012588501,4.39300012588501,0
2015-11-16,3.545860767364502,4.39300012588501,4.39300012588501,4.39300012588501,4.39300012588501,0
2015-11-17,3.545860767364502,4.39300012588501,4.39300012588501,4.39300012588501,4.39300012588501,0
2015-11-18,3.545860767364502,4.39300012588501,4.39300012588501,4.39300012588501,4.39300012588501,0
2015-11-19,3.545860767364502,4.39300012588501,4.39300012588501,4.39300012588501,4.39300012588501,0
2015-11-20,3.545860767364502,4.39300012588501,4.39300012588501,4.39300012588501,4.39300012588501,0
2015-11-23,3.545860767364502,4.39300012588501,4.39300012588501,4.39300012588501,4.39300012588501,0
2015-11-24,3.545860767364502,4.39300012588501,4.39300012588501,4.39300012588501,4.39300012588501,0
2015-11-25,3.545860767364502,4.39300012588501,4.39300012588501,4.39300012588501,4.39300012588501,0
2015-11-26,3.545860767364502,4.39300012588501,4.39300012588501,4.39300012588501,4.39300012588501,0
2015-11-27,3.545860767364502,4.39300012588501,4.39300012588501,4.39300012588501,4.39300012588501,0
2015-11-30,3.545860767364502,4.39300012588501,4.39300012588501,4.39300012588501,4.39300012588501,0
2015-12-01,3.545860767364502,4.39300012588501,4.39300012588501,4.39300012588501,4.39300012588501,0
2015-12-02,3.545860767364502,4.39300012588501,4.39300012588501,4.39300012588501,4.39300012588501,0
2015-12-03,3.545860767364502,4.39300012588501,4.39300012588501,4.39300012588501,4.39300012588501,0
2015-12-04,3.545860767364502,4.39300012588501,4.39300012588501,4.39300012588501,4.39300012588501,0
2015-12-07,3.545860767364502,4.39300012588501,4.39300012588501,4.39300012588501,4.39300012588501,0
2015-12-08,3.545860767364502,4.39300012588501,4.39300012588501,4.39300012588501,4.39300012588501,0
2015-12-09,3.545860767364502,4.39300012588501,4.39300012588501,4.39300012588501,4.39300012588501,0
2015-12-10,3.545860767364502,4.39300012588501,4.39300012588501,4.39300012588501,4.39300012588501,0
2015-12-11,3.545860767364502,4.39300012588501,4.39300012588501,4.39300012588501,4.39300012588501,0
2015-12-14,3.545860767364502,4.39300012588501,4.39300012588501,4.39300012588501,4.39300012588501,0
2015-12-15,3.545860767364502,4.39300012588501,4.39300012588501,4.39300012588501,4.39300012588501,0
2015-12-16,3.545860767364502,4.39300012588501,4.39300012588501,4.39300012588501,4.39300012588501,0
2015-12-17,3.5458595752716064,4.376999855041504,4.376999855041504,4.376999855041504,4.376999855041504,0
2015-12-18,3.5458595752716064,4.376999855041504,4.376999855041504,4.376999855041504,4.376999855041504,0
2015-12-21,3.5458595752716064,4.376999855041504,4.376999855041504,4.376999855041504,4.376999855041504,0
2015-12-22,3.5458595752716064,4.376999855041504,4.376999855041504,4.376999855041504,4.376999855041504,0
2015-12-23,3.5458595752716064,4.376999855041504,4.376999855041504,4.376999855041504,4.376999855041504,0
2015-12-24,3.5458595752716064,4.376999855041504,4.376999855041504,4.376999855041504,4.376999855041504,0
2015-12-28,3.5458595752716064,4.376999855041504,4.376999855041504,4.376999855041504,4.376999855041504,0
2015-12-29,3.5458595752716064,4.376999855041504,4.376999855041504,4.376999855041504,4.376999855041504,0
2015-12-30,3.5458595752716064,4.376999855041504,4.376999855041504,4.376999855041504,4.376999855041504,0
2015-12-31,3.5458595752716064,4.376999855041504,4.376999855041504,4.376999855041504,4.376999855041504,0
2016-01-04,3.5458595752716064,4.376999855041504,4.376999855041504,4.376999855041504,4.376999855041504,0
2016-01-05,3.5458595752716064,4.376999855041504,4.376999855041504,4.376999855041504,4.376999855041504,0
2016-01-06,3.5458595752716064,4.376999855041504,4.376999855041504,4.376999855041504,4.376999855041504,0
2016-01-07,3.5458595752716064,4.376999855041504,4.376999855041504,4.376999855041504,4.376999855041504,0
2016-01-08,3.5458595752716064,4.376999855041504,4.376999855041504,4.376999855041504,4.376999855041504,0
2016-01-11,3.5458595752716064,4.376999855041504,4.376999855041504,4.376999855041504,4.376999855041504,0
2016-01-12,3.5458595752716064,4.376999855041504,4.376999855041504,4.376999855041504,4.376999855041504,0
2016-01-13,3.5458595752716064,4.376999855041504,4.376999855041504,4.376999855041504,4.376999855041504,0
2016-01-14,3.5458595752716064,4.376999855041504,4.376999855041504,4.376999855041504,4.376999855041504,0
2016-01-15,3.5458595752716064,4.376999855041504,4.376999855041504,4.376999855041504,4.376999855041504,0
2016-01-18,3.5458595752716064,4.376999855041504,4.376999855041504,4.376999855041504,4.376999855041504,0
2016-01-19,3.5458595752716064,4.376999855041504,4.376999855041504,4.376999855041504,4.376999855041504,0
2016-01-20,3.5458595752716064,4.376999855041504,4.376999855041504,4.376999855041504,4.376999855041504,0
2016-01-21,3.5458595752716064,4.376999855041504,4.376999855041504,4.376999855041504,4.376999855041504,0
2016-01-22,3.5458595752716064,4.376999855041504,4.376999855041504,4.376999855041504,4.376999855041504,0
2016-01-25,3.5458595752716064,4.376999855041504,4.376999855041504,4.376999855041504,4.376999855041504,0
2016-01-26,3.5458595752716064,4.376999855041504,4.376999855041504,4.376999855041504,4.376999855041504,0
2016-01-27,3.5458595752716064,4.376999855041504,4.376999855041504,4.376999855041504,4.376999855041504,0
2016-01-28,3.5458595752716064,4.376999855041504,4.376999855041504,4.376999855041504,4.376999855041504,0
2016-01-29,3.5458595752716064,4.376999855041504,4.376999855041504,4.376999855041504,4.376999855041504,0
2016-02-01,3.5458595752716064,4.376999855041504,4.376999855041504,4.376999855041504,4.376999855041504,0
2016-02-02,3.5458595752716064,4.376999855041504,4.376999855041504,4.376999855041504,4.376999855041504,0
2016-02-03,3.5458595752716064,4.376999855041504,4.376999855041504,4.376999855041504,4.376999855041504,0
2016-02-04,3.5458595752716064,4.376999855041504,4.376999855041504,4.376999855041504,4.376999855041504,0
2016-02-05,3.5458595752716064,4.376999855041504,4.376999855041504,4.376999855041504,4.376999855041504,0
2016-02-11,3.5458595752716064,4.376999855041504,4.376999855041504,4.376999855041504,4.376999855041504,0
2016-02-12,3.5458595752716064,4.376999855041504,4.376999855041504,4.376999855041504,4.376999855041504,0
2016-02-15,3.5458595752716064,4.376999855041504,4.376999855041504,4.376999855041504,4.376999855041504,0
2016-02-16,3.5458595752716064,4.376999855041504,4.376999855041504,4.376999855041504,4.376999855041504,0
2016-02-17,3.5458595752716064,4.376999855041504,4.376999855041504,4.376999855041504,4.376999855041504,0
2016-02-18,3.5458595752716064,4.376999855041504,4.376999855041504,4.376999855041504,4.376999855041504,0
2016-02-19,3.5458595752716064,4.376999855041504,4.376999855041504,4.376999855041504,4.376999855041504,0
2016-02-22,3.5458595752716064,4.376999855041504,4.376999855041504,4.376999855041504,4.376999855041504,0
2016-02-23,3.5458595752716064,4.376999855041504,4.376999855041504,4.376999855041504,4.376999855041504,0
2016-02-24,3.5458595752716064,4.376999855041504,4.376999855041504,4.376999855041504,4.376999855041504,0
2016-02-25,3.5458595752716064,4.376999855041504,4.376999855041504,4.376999855041504,4.376999855041504,0
2016-02-26,3.5458595752716064,4.376999855041504,4.376999855041504,4.376999855041504,4.376999855041504,0
2016-02-29,1.6121227741241455,1.9900000095367432,2.319999933242798,1.409999966621399,1.5,1076277174
2016-03-01,1.5068085193634033,1.8600000143051147,1.9900000095367432,1.659999966621399,1.659999966621399,649671118
2016-03-02,1.547313928604126,1.909999966621399,1.9800000190734863,1.8600000143051147,1.9299999475479126,223694928
2016-03-03,1.5149093866348267,1.8700000047683716,1.940000057220459,1.8600000143051147,1.9299999475479126,82967910
2016-03-04,1.6445273160934448,2.0299999713897705,2.0899999141693115,1.8899999856948853,1.899999976158142,444915512
2016-03-07,1.69313383102417,2.0899999141693115,2.180000066757202,2.0299999713897705,2.049999952316284,255924684
2016-03-08,1.6526285409927368,2.0399999618530273,2.119999885559082,2.009999990463257,2.0899999141693115,116384599
2016-03-09,1.5878196954727173,1.9600000381469727,2.009999990463257,1.9500000476837158,2.009999990463257,107903915
2016-03-10,1.6526285409927368,2.0399999618530273,2.069999933242798,1.9600000381469727,1.9600000381469727,126550063
2016-03-11,1.6445273160934448,2.0299999713897705,2.059999942779541,2.009999990463257,2.0399999618530273,42695000
2016-03-14,1.6607298851013184,2.049999952316284,2.0999999046325684,2.0299999713897705,2.049999952316284,84963000
2016-03-15,1.7174372673034668,2.119999885559082,2.140000104904175,2.0199999809265137,2.049999952316284,92401289
2016-03-16,1.863257646560669,2.299999952316284,2.309999942779541,2.130000114440918,2.140000104904175,254412026
2016-03-17,2.0009765625,2.4700000286102295,2.4800000190734863,2.319999933242798,2.3399999141693115,168890166
2016-03-18,1.919965386390686,2.369999885559082,2.4600000381469727,2.3399999141693115,2.450000047683716,121581766
2016-03-21,1.9928754568099976,2.4600000381469727,2.5199999809265137,2.4000000953674316,2.4100000858306885,122934648
2016-03-22,2.0414819717407227,2.5199999809265137,2.569999933242798,2.4600000381469727,2.4800000190734863,100501848
2016-03-23,2.0981900691986084,2.5899999141693115,2.5999999046325684,2.5,2.5199999809265137,104133500
2016-03-24,2.0576844215393066,2.5399999618530273,2.5999999046325684,2.509999990463257,2.559999942779541,86827054
2016-03-29,1.8713587522506714,2.309999942779541,2.549999952316284,2.25,2.549999952316284,161240654
2016-03-30,1.7579431533813477,2.1700000762939453,2.4200000762939453,2.0799999237060547,2.4000000953674316,231942606
2016-03-31,1.7984486818313599,2.2200000286102295,2.2799999713897705,2.1700000762939453,2.1700000762939453,94686112
2016-04-01,1.725538730621338,2.130000114440918,2.2200000286102295,2.119999885559082,2.200000047683716,89809889
2016-04-05,1.7741453647613525,2.190000057220459,2.240000009536743,2.0799999237060547,2.0899999141693115,84731000
2016-04-06,1.7336397171020508,2.140000104904175,2.2200000286102295,2.130000114440918,2.1700000762939453,44626000
2016-04-07,1.709336280822754,2.109999895095825,2.200000047683716,2.0899999141693115,2.1600000858306885,55992000
2016-04-08,1.6769317388534546,2.069999933242798,2.0999999046325684,2.0199999809265137,2.0899999141693115,96858000
2016-04-11,1.6688307523727417,2.059999942779541,2.109999895095825,2.0299999713897705,2.069999933242798,55586294
2016-04-12,1.6607298851013184,2.049999952316284,2.069999933242798,2.0399999618530273,2.049999952316284,23838000
2016-04-13,1.6850332021713257,2.0799999237060547,2.119999885559082,2.069999933242798,2.069999933242798,67149151
2016-04-14,1.6283252239227295,2.009999990463257,2.119999885559082,2.0,2.0899999141693115,121774000
2016-04-15,1.6202239990234375,2.0,2.0299999713897705,1.9600000381469727,2.009999990463257,81654000
2016-04-18,1.6202239990234375,2.0,2.0399999618530273,2.0,2.009999990463257,53720000
2016-04-19,1.6121227741241455,1.9900000095367432,2.0299999713897705,1.9600000381469727,2.0199999809265137,90508988
2016-04-20,1.6040217876434326,1.9800000190734863,2.0199999809265137,1.9700000286102295,1.9900000095367432,43624000
2016-04-21,1.6121227741241455,1.9900000095367432,2.009999990463257,1.9800000190734863,1.9900000095367432,30404180
2016-04-22,1.5797185897827148,1.9500000476837158,2.0,1.9500000476837158,1.9800000190734863,50628000
2016-04-25,1.6040217876434326,1.9800000190734863,2.009999990463257,1.9500000476837158,1.9500000476837158,49255000
2016-04-26,1.6121227741241455,1.9900000095367432,2.009999990463257,1.9600000381469727,2.0,27253000
2016-04-27,1.547313928604126,1.909999966621399,2.0,1.909999966621399,2.0,74141900
2016-04-28,1.4501006603240967,1.7899999618530273,1.9299999475479126,1.7599999904632568,1.909999966621399,136039100
2016-04-29,1.4501006603240967,1.7899999618530273,1.850000023841858,1.7599999904632568,1.7699999809265137,63128000
2016-05-03,1.4501006603240967,1.7899999618530273,1.809999942779541,1.7599999904632568,1.7899999618530273,22792177
2016-05-04,1.45820152759552,1.7999999523162842,1.809999942779541,1.7799999713897705,1.7899999618530273,18076564
2016-05-05,1.4419994354248047,1.7799999713897705,1.8200000524520874,1.7699999809265137,1.7899999618530273,29820000
2016-05-06,1.4663026332855225,1.809999942779541,1.840000033378601,1.7699999809265137,1.7799999713897705,40121000
2016-05-09,1.4501006603240967,1.7899999618530273,1.8300000429153442,1.7799999713897705,1.7999999523162842,13788000
2016-05-10,1.4257971048355103,1.7599999904632568,1.7899999618530273,1.75,1.7699999809265137,25236000
2016-05-11,1.4338982105255127,1.7699999809265137,1.7899999618530273,1.7599999904632568,1.7899999618530273,10642000
2016-05-12,1.409595012664795,1.7400000095367432,1.7799999713897705,1.7300000190734863,1.7699999809265137,13267000
2016-05-13,1.4419994354248047,1.7799999713897705,1.7999999523162842,1.7400000095367432,1.7400000095367432,29086000
2016-05-16,1.4987071752548218,1.850000023841858,1.8799999952316284,1.7799999713897705,1.7799999713897705,46916062
2016-05-17,1.4663026332855225,1.809999942779541,1.8799999952316284,1.7999999523162842,1.8700000047683716,19523000
2016-05-18,1.4419994354248047,1.7799999713897705,1.8200000524520874,1.7699999809265137,1.7999999523162842,14320135
2016-05-19,1.409595012664795,1.7400000095367432,1.809999942779541,1.7300000190734863,1.7899999618530273,19924832
2016-05-20,1.3933929204940796,1.7200000286102295,1.75,1.7100000381469727,1.7200000286102295,14090000
2016-05-23,1.3690893650054932,1.690000057220459,1.7400000095367432,1.6699999570846558,1.7100000381469727,15158000
2016-05-24,1.3447859287261963,1.659999966621399,1.690000057220459,1.649999976158142,1.6699999570846558,22574000
2016-05-25,1.3447859287261963,1.659999966621399,1.7100000381469727,1.649999976158142,1.6799999475479126,18991000
2016-05-26,1.3528870344161987,1.6699999570846558,1.690000057220459,1.649999976158142,1.6699999570846558,19720024
2016-05-27,1.320482611656189,1.6299999952316284,1.690000057220459,1.6200000047683716,1.6699999570846558,24140000
2016-05-30,1.2637745141983032,1.559999942779541,1.6299999952316284,1.5399999618530273,1.6200000047683716,62956000
2016-05-31,1.3528870344161987,1.6699999570846558,1.7000000476837158,1.5499999523162842,1.559999942779541,88275393
2016-06-01,1.2799769639968872,1.5800000429153442,1.6699999570846558,1.5800000429153442,1.649999976158142,43529916
2016-06-02,1.2880780696868896,1.590000033378601,1.600000023841858,1.5700000524520874,1.590000033378601,18641000
2016-06-03,1.2880780696868896,1.590000033378601,1.6100000143051147,1.5800000429153442,1.600000023841858,21479479
2016-06-06,1.2799769639968872,1.5800000429153442,1.600000023841858,1.5700000524520874,1.5700000524520874,14681956
2016-06-07,1.3771904706954956,1.7000000476837158,1.7200000286102295,1.5800000429153442,1.5800000429153442,56315377
2016-06-08,1.3528870344161987,1.6699999570846558,1.7200000286102295,1.659999966621399,1.7100000381469727,36834000
2016-06-10,1.320482611656189,1.6299999952316284,1.6799999475479126,1.6200000047683716,1.6699999570846558,20663000
2016-06-13,1.2880780696868896,1.590000033378601,1.6200000047683716,1.5700000524520874,1.600000023841858,21725000
2016-06-14,1.2880780696868896,1.590000033378601,1.600000023841858,1.5800000429153442,1.5800000429153442,9360708
2016-06-15,1.2799769639968872,1.5800000429153442,1.600000023841858,1.5700000524520874,1.5700000524520874,14948720
2016-06-16,1.2556735277175903,1.5499999523162842,1.590000033378601,1.5399999618530273,1.590000033378601,19623550
2016-06-17,1.2556735277175903,1.5499999523162842,1.5700000524520874,1.5399999618530273,1.559999942779541,19276761
2016-06-20,1.2799769639968872,1.5800000429153442,1.600000023841858,1.5499999523162842,1.559999942779541,13285000
2016-06-21,1.2880780696868896,1.590000033378601,1.6100000143051147,1.5700000524520874,1.590000033378601,16270000
2016-06-22,1.2799769639968872,1.5800000429153442,1.600000023841858,1.559999942779541,1.5800000429153442,37376000
2016-06-23,1.328583836555481,1.6399999856948853,1.6699999570846558,1.5800000429153442,1.590000033378601,65641077
2016-06-24,1.3447859287261963,1.659999966621399,1.7200000286102295,1.5700000524520874,1.6399999856948853,134373000
2016-06-27,1.3123815059661865,1.6200000047683716,1.659999966621399,1.600000023841858,1.659999966621399,55312000
2016-06-28,1.296179175376892,1.600000023841858,1.600000023841858,1.5800000429153442,1.590000033378601,27666000
2016-06-29,1.2718758583068848,1.5700000524520874,1.6200000047683716,1.5499999523162842,1.590000033378601,53805000
2016-06-30,1.2324705123901367,1.4700000286102295,1.5499999523162842,1.4600000381469727,1.5299999713897705,86731086
2016-07-04,1.2827754020690918,1.5299999713897705,1.559999942779541,1.4700000286102295,1.4800000190734863,94335815
2016-07-05,1.3079278469085693,1.559999942779541,1.5800000429153442,1.5199999809265137,1.5199999809265137,71302000
2016-07-06,1.3498486280441284,1.6100000143051147,1.6299999952316284,1.5399999618530273,1.5499999523162842,84827000
2016-07-07,1.433690071105957,1.7100000381469727,1.7400000095367432,1.6299999952316284,1.6399999856948853,117754000
2016-07-08,1.433690071105957,1.7100000381469727,1.75,1.6799999475479126,1.7100000381469727,63432168
2016-07-11,1.40853750705719,1.6799999475479126,1.75,1.659999966621399,1.7300000190734863,49277719
2016-07-12,1.433690071105957,1.7100000381469727,1.7300000190734863,1.659999966621399,1.6799999475479126,38883000
2016-07-13,1.450458288192749,1.7300000190734863,1.7599999904632568,1.7100000381469727,1.7100000381469727,69551000
2016-07-14,1.5259157419204712,1.8200000524520874,1.8300000429153442,1.7200000286102295,1.7400000095367432,116033418
2016-07-15,1.5175316333770752,1.809999942779541,1.8300000429153442,1.7699999809265137,1.8300000429153442,55694000
2016-07-18,1.433690071105957,1.7100000381469727,1.7400000095367432,1.6100000143051147,1.6399999856948853,169188688
2016-07-19,1.5594525337219238,1.8600000143051147,1.8700000047683716,1.690000057220459,1.7000000476837158,145711000
2016-07-20,1.5678365230560303,1.8700000047683716,1.899999976158142,1.8300000429153442,1.850000023841858,82987000
2016-07-21,1.5510683059692383,1.850000023841858,1.8700000047683716,1.8300000429153442,1.8700000047683716,68736400
2016-07-22,1.6013730764389038,1.909999966621399,1.940000057220459,1.8300000429153442,1.840000033378601,69687000
2016-07-25,1.5762207508087158,1.8799999952316284,1.9199999570846558,1.840000033378601,1.909999966621399,42166000
2016-07-26,1.5342999696731567,1.8300000429153442,1.8799999952316284,1.8200000524520874,1.8600000143051147,41404915
2016-07-27,1.4839948415756226,1.7699999809265137,1.850000023841858,1.7300000190734863,1.8200000524520874,73598000
2016-07-28,1.5007632970809937,1.7899999618530273,1.809999942779541,1.7599999904632568,1.7799999713897705,27117428
2016-07-29,1.4672266244888306,1.75,1.8300000429153442,1.7400000095367432,1.7899999618530273,37528000
2016-08-01,1.4588426351547241,1.7400000095367432,1.7799999713897705,1.7400000095367432,1.7699999809265137,11409000
2016-08-02,1.4588426351547241,1.7400000095367432,1.7400000095367432,1.7400000095367432,1.7400000095367432,0
2016-08-03,1.4923791885375977,1.7799999713897705,1.7999999523162842,1.7400000095367432,1.7599999904632568,33034000
2016-08-04,1.5342999696731567,1.8300000429153442,1.8899999856948853,1.7899999618530273,1.7999999523162842,62550000
2016-08-05,1.5175316333770752,1.809999942779541,1.850000023841858,1.7999999523162842,1.850000023841858,16487000
2016-08-08,1.5678365230560303,1.8700000047683716,1.8799999952316284,1.809999942779541,1.8300000429153442,34170100
2016-08-09,1.5762207508087158,1.8799999952316284,1.909999966621399,1.850000023841858,1.850000023841858,23706000
2016-08-10,1.5426839590072632,1.840000033378601,1.8700000047683716,1.8300000429153442,1.8600000143051147,23197665
2016-08-11,1.5426839590072632,1.840000033378601,1.8600000143051147,1.8300000429153442,1.8600000143051147,18935000
2016-08-12,1.4839948415756226,1.7699999809265137,1.8600000143051147,1.7599999904632568,1.8600000143051147,77000000
2016-08-15,1.4672266244888306,1.75,1.7899999618530273,1.7300000190734863,1.7599999904632568,39306000
2016-08-16,1.4839948415756226,1.7699999809265137,1.7799999713897705,1.7300000190734863,1.75,16779088
2016-08-17,1.4923791885375977,1.7799999713897705,1.7899999618530273,1.75,1.7599999904632568,15860380
2016-08-18,1.5007632970809937,1.7899999618530273,1.8200000524520874,1.7699999809265137,1.7699999809265137,35624000
2016-08-19,1.4839948415756226,1.7699999809265137,1.7999999523162842,1.7599999904632568,1.7799999713897705,26763000
2016-08-22,1.4839948415756226,1.7699999809265137,1.7799999713897705,1.7400000095367432,1.75,15892131
2016-08-23,1.4672266244888306,1.75,1.7699999809265137,1.7400000095367432,1.7699999809265137,10867200
2016-08-24,1.4923791885375977,1.7799999713897705,1.840000033378601,1.6699999570846558,1.7400000095367432,86461200
2016-08-25,1.4672266244888306,1.75,1.7799999713897705,1.7400000095367432,1.7799999713897705,18478430
2016-08-26,1.4420742988586426,1.7200000286102295,1.75,1.6799999475479126,1.75,53462709
2016-08-29,1.4420742988586426,1.7200000286102295,1.7400000095367432,1.690000057220459,1.7200000286102295,17624400
2016-08-30,1.4588426351547241,1.7400000095367432,1.75,1.7100000381469727,1.7200000286102295,18448200
2016-08-31,1.4672266244888306,1.75,1.75,1.7300000190734863,1.7400000095367432,13367474
2016-09-01,1.4672266244888306,1.75,1.7599999904632568,1.7300000190734863,1.75,18688200
2016-09-02,1.5091471672058105,1.7999999523162842,1.7999999523162842,1.7400000095367432,1.7599999904632568,37512964
2016-09-05,1.556519865989685,1.840000033378601,1.8600000143051147,1.7699999809265137,1.7999999523162842,68993931
2016-09-06,1.564979076385498,1.850000023841858,1.8700000047683716,1.809999942779541,1.850000023841858,28341000
2016-09-07,1.531141757965088,1.809999942779541,1.850000023841858,1.7999999523162842,1.8300000429153442,22160050
2016-09-08,1.5396010875701904,1.8200000524520874,1.840000033378601,1.7999999523162842,1.809999942779541,14297000
2016-09-09,1.5480605363845825,1.8300000429153442,1.8700000047683716,1.809999942779541,1.8200000524520874,32374000
2016-09-12,1.5142232179641724,1.7899999618530273,1.809999942779541,1.7699999809265137,1.7999999523162842,33113000
2016-09-13,1.4973042011260986,1.7699999809265137,1.8300000429153442,1.7699999809265137,1.7999999523162842,18286898
2016-09-14,1.4973042011260986,1.7699999809265137,1.7899999618530273,1.75,1.7699999809265137,20577000
2016-09-15,1.5142232179641724,1.7899999618530273,1.809999942779541,1.75,1.75,85261000
2016-09-19,1.5396010875701904,1.8200000524520874,1.8799999952316284,1.7899999618530273,1.7899999618530273,43056000
2016-09-20,1.5142232179641724,1.7899999618530273,1.8300000429153442,1.7799999713897705,1.8300000429153442,23850000
2016-09-21,1.5142232179641724,1.7899999618530273,1.8200000524520874,1.7799999713897705,1.7999999523162842,20055000
2016-09-22,1.4719263315200806,1.7400000095367432,1.8300000429153442,1.7400000095367432,1.809999942779541,58418000
2016-09-23,1.480385661125183,1.75,1.7899999618530273,1.7400000095367432,1.7599999904632568,29759000
2016-09-26,1.4465482234954834,1.7100000381469727,1.7599999904632568,1.7000000476837158,1.75,39052372
2016-09-27,1.4380888938903809,1.7000000476837158,1.7300000190734863,1.690000057220459,1.7100000381469727,24248000
2016-09-28,1.4465482234954834,1.7100000381469727,1.7100000381469727,1.690000057220459,1.7100000381469727,14087000
2016-09-29,1.4465482234954834,1.7100000381469727,1.7400000095367432,1.7100000381469727,1.7200000286102295,11974712
2016-09-30,1.4380888938903809,1.7000000476837158,1.7100000381469727,1.690000057220459,1.7100000381469727,10113000
2016-10-03,1.455007791519165,1.7200000286102295,1.7300000190734863,1.7000000476837158,1.7100000381469727,9015000
2016-10-04,1.463467001914978,1.7300000190734863,1.7300000190734863,1.7100000381469727,1.7100000381469727,6710000
2016-10-05,1.480385661125183,1.75,1.75,1.7200000286102295,1.7300000190734863,11031000
2016-10-06,1.4719263315200806,1.7400000095367432,1.7599999904632568,1.7400000095367432,1.7400000095367432,10019063
2016-10-07,1.455007791519165,1.7200000286102295,1.75,1.7200000286102295,1.7300000190734863,8070000
2016-10-11,1.480385661125183,1.75,1.75,1.7200000286102295,1.7300000190734863,23060000
2016-10-12,1.463467001914978,1.7300000190734863,1.7400000095367432,1.7100000381469727,1.7300000190734863,9793000
2016-10-13,1.4465482234954834,1.7100000381469727,1.7300000190734863,1.690000057220459,1.7300000190734863,16269000
2016-10-14,1.4380888938903809,1.7000000476837158,1.7200000286102295,1.6799999475479126,1.7100000381469727,15380000
2016-10-17,1.4719263315200806,1.7400000095367432,1.7799999713897705,1.6399999856948853,1.7000000476837158,47161000
2016-10-18,1.5396010875701904,1.8200000524520874,1.8200000524520874,1.75,1.7599999904632568,66244994
2016-10-19,1.5396010875701904,1.8200000524520874,1.8300000429153442,1.7799999713897705,1.8300000429153442,38765109
2016-10-20,1.6157352924346924,1.909999966621399,1.909999966621399,1.809999942779541,1.8300000429153442,73926216
2016-10-21,1.6157352924346924,1.909999966621399,1.909999966621399,1.909999966621399,1.909999966621399,0
2016-10-24,1.5480605363845825,1.8300000429153442,1.899999976158142,1.8300000429153442,1.8899999856948853,40898000
2016-10-25,1.6072757244110107,1.899999976158142,1.9199999570846558,1.8300000429153442,1.840000033378601,61890000
2016-10-26,1.6157352924346924,1.909999966621399,1.9600000381469727,1.8700000047683716,1.899999976158142,65794000
2016-10-27,1.632653832435608,1.9299999475479126,1.940000057220459,1.8799999952316284,1.909999966621399,32246000
2016-10-28,1.6072757244110107,1.899999976158142,1.940000057220459,1.850000023841858,1.940000057220459,28891000
2016-10-31,1.5734386444091797,1.8600000143051147,1.909999966621399,1.8600000143051147,1.899999976158142,20702100
2016-11-01,1.6157352924346924,1.909999966621399,1.9199999570846558,1.8600000143051147,1.8799999952316284,18266100
2016-11-02,1.6072757244110107,1.899999976158142,1.9199999570846558,1.8799999952316284,1.899999976158142,30303714
2016-11-03,1.6072757244110107,1.899999976158142,1.9299999475479126,1.8799999952316284,1.899999976158142,20422000
2016-11-04,1.5903573036193848,1.8799999952316284,1.899999976158142,1.8600000143051147,1.899999976158142,11649000
2016-11-07,1.5818978548049927,1.8700000047683716,1.899999976158142,1.8600000143051147,1.8600000143051147,21980000
2016-11-08,1.6072757244110107,1.899999976158142,1.909999966621399,1.8700000047683716,1.8799999952316284,18923000
2016-11-09,1.6072757244110107,1.899999976158142,1.909999966621399,1.8300000429153442,1.899999976158142,30299360
2016-11-10,1.6241943836212158,1.9199999570846558,1.9900000095367432,1.909999966621399,1.909999966621399,24673000
2016-11-11,1.632653832435608,1.9299999475479126,1.940000057220459,1.909999966621399,1.9299999475479126,24280000
2016-11-14,1.5988166332244873,1.8899999856948853,1.9299999475479126,1.8799999952316284,1.9299999475479126,15593000
2016-11-15,1.6157352924346924,1.909999966621399,1.9299999475479126,1.8899999856948853,1.8899999856948853,17281000
2016-11-16,1.6157352924346924,1.909999966621399,1.9500000476837158,1.899999976158142,1.9199999570846558,26667366
2016-11-17,1.6072757244110107,1.899999976158142,1.9299999475479126,1.8899999856948853,1.909999966621399,24043000
2016-11-18,1.5988166332244873,1.8899999856948853,1.899999976158142,1.8700000047683716,1.899999976158142,13786000
2016-11-21,1.6072757244110107,1.899999976158142,1.909999966621399,1.8700000047683716,1.8899999856948853,24008000
2016-11-22,1.632653832435608,1.9299999475479126,1.9500000476837158,1.8899999856948853,1.8899999856948853,36665000
2016-11-23,1.6580320596694946,1.9600000381469727,1.9700000286102295,1.9299999475479126,1.9299999475479126,31858000
2016-11-24,1.632653832435608,1.9299999475479126,1.9600000381469727,1.909999966621399,1.9500000476837158,12914000
2016-11-25,1.6411134004592896,1.940000057220459,1.940000057220459,1.909999966621399,1.940000057220459,3097000
2016-11-28,1.6834098100662231,1.9900000095367432,2.0399999618530273,1.9199999570846558,1.9299999475479126,48739032
2016-11-29,1.7172471284866333,2.0299999713897705,2.059999942779541,1.9900000095367432,2.0,52997360
2016-11-30,1.7764629125595093,2.0999999046325684,2.119999885559082,2.0299999713897705,2.0299999713897705,54613407
2016-12-01,1.7426254749298096,2.059999942779541,2.109999895095825,2.049999952316284,2.0999999046325684,29247606
2016-12-02,1.759544014930725,2.0799999237060547,2.0899999141693115,2.049999952316284,2.059999942779541,22060000
2016-12-05,1.7764629125595093,2.0999999046325684,2.109999895095825,2.059999942779541,2.0999999046325684,35583760
2016-12-06,1.8695157766342163,2.2100000381469727,2.2200000286102295,2.0999999046325684,2.109999895095825,58486000
2016-12-07,1.8525969982147217,2.190000057220459,2.240000009536743,2.1700000762939453,2.2300000190734863,28167418
2016-12-08,1.8441379070281982,2.180000066757202,2.2300000190734863,2.1700000762939453,2.180000066757202,24343000
2016-12-09,1.8441379070281982,2.180000066757202,2.200000047683716,2.140000104904175,2.1700000762939453,23848632
2016-12-12,1.818759560585022,2.1500000953674316,2.190000057220459,2.0899999141693115,2.1700000762939453,47422400
2016-12-13,1.818759560585022,2.1500000953674316,2.1600000858306885,2.119999885559082,2.1500000953674316,12325000
2016-12-14,1.7341662645339966,2.049999952316284,2.200000047683716,2.0299999713897705,2.1600000858306885,37431000
2016-12-15,1.725706696510315,2.0399999618530273,2.119999885559082,2.009999990463257,2.0299999713897705,30394000
2016-12-16,1.7680034637451172,2.0899999141693115,2.0899999141693115,2.0299999713897705,2.0399999618530273,14519400
2016-12-19,1.7933812141418457,2.119999885559082,2.119999885559082,2.049999952316284,2.069999933242798,22801000
2016-12-20,1.7087877988815308,2.0199999809265137,2.0999999046325684,2.0,2.0799999237060547,24139000
2016-12-21,1.759544014930725,2.0799999237060547,2.0799999237060547,2.009999990463257,2.009999990463257,13176319
2016-12-22,1.7680034637451172,2.0899999141693115,2.0999999046325684,2.059999942779541,2.059999942779541,17154000
2016-12-23,1.7764629125595093,2.0999999046325684,2.109999895095825,2.069999933242798,2.0899999141693115,13831000
2016-12-28,1.759544014930725,2.0799999237060547,2.119999885559082,2.069999933242798,2.0899999141693115,11945000
2016-12-29,1.751084566116333,2.069999933242798,2.0899999141693115,2.059999942779541,2.0799999237060547,6228868
2016-12-30,1.8272193670272827,2.1600000858306885,2.1600000858306885,2.059999942779541,2.069999933242798,19547000
2017-01-03,1.810300350189209,2.140000104904175,2.180000066757202,2.130000114440918,2.1600000858306885,8960956
2017-01-04,1.8525969982147217,2.190000057220459,2.190000057220459,2.140000104904175,2.1600000858306885,21647000
2017-01-05,1.8779748678207397,2.2200000286102295,2.240000009536743,2.1700000762939453,2.190000057220459,39122770
2017-01-06,1.8441379070281982,2.180000066757202,2.240000009536743,2.180000066757202,2.2200000286102295,15276738
2017-01-09,1.8695157766342163,2.2100000381469727,2.2300000190734863,2.1700000762939453,2.180000066757202,7549000
2017-01-10,1.8610563278198242,2.200000047683716,2.2200000286102295,2.180000066757202,2.2200000286102295,9240816
2017-01-11,1.8695157766342163,2.2100000381469727,2.2300000190734863,2.1700000762939453,2.2100000381469727,14494000
2017-01-12,1.835678219795227,2.1700000762939453,2.2100000381469727,2.130000114440918,2.2100000381469727,18216666
2017-01-13,1.8441379070281982,2.180000066757202,2.200000047683716,2.140000104904175,2.1500000953674316,20235000
2017-01-16,1.8441379070281982,2.180000066757202,2.200000047683716,2.109999895095825,2.1700000762939453,12622662
2017-01-17,1.8695157766342163,2.2100000381469727,2.2300000190734863,2.1700000762939453,2.1700000762939453,12582000
2017-01-18,1.8779748678207397,2.2200000286102295,2.2200000286102295,2.180000066757202,2.200000047683716,7793563
2017-01-19,1.920271635055542,2.2699999809265137,2.2699999809265137,2.200000047683716,2.200000047683716,33921000
2017-01-20,1.971028208732605,2.3299999237060547,2.369999885559082,2.259999990463257,2.2799999713897705,43135100
2017-01-23,1.9456496238708496,2.299999952316284,2.369999885559082,2.2699999809265137,2.3299999237060547,16591000
2017-01-24,1.9625684022903442,2.319999933242798,2.3299999237060547,2.2699999809265137,2.299999952316284,12857500
2017-01-25,1.9456496238708496,2.299999952316284,2.3299999237060547,2.2799999713897705,2.309999942779541,9508000
2017-01-26,1.9456496238708496,2.299999952316284,2.319999933242798,2.2799999713897705,2.319999933242798,13489000
2017-01-27,1.9371904134750366,2.2899999618530273,2.299999952316284,2.2699999809265137,2.2899999618530273,3266990
2017-02-01,1.911812424659729,2.259999990463257,2.2799999713897705,2.2300000190734863,2.2799999713897705,8776972
2017-02-02,1.9371904134750366,2.2899999618530273,2.299999952316284,2.25,2.25,10335500
2017-02-03,1.911812424659729,2.259999990463257,2.299999952316284,2.240000009536743,2.299999952316284,15302124
2017-02-06,2.0048649311065674,2.369999885559082,2.390000104904175,2.2300000190734863,2.259999990463257,34735000
2017-02-07,2.0217840671539307,2.390000104904175,2.390000104904175,2.3399999141693115,2.359999895095825,15125048
2017-02-08,2.0302436351776123,2.4000000953674316,2.450000047683716,2.359999895095825,2.390000104904175,24010900
2017-02-09,2.0640807151794434,2.440000057220459,2.4700000286102295,2.4000000953674316,2.4000000953674316,22791280
2017-02-10,2.089458703994751,2.4700000286102295,2.490000009536743,2.450000047683716,2.4600000381469727,25073000
2017-02-13,2.123295783996582,2.509999990463257,2.509999990463257,2.4200000762939453,2.4800000190734863,30841000
2017-02-14,2.106377124786377,2.490000009536743,2.5199999809265137,2.4700000286102295,2.5199999809265137,24850130
2017-02-15,2.089458703994751,2.4700000286102295,2.509999990463257,2.450000047683716,2.5,22608577
2017-02-16,2.182511568069458,2.5799999237060547,2.5899999141693115,2.450000047683716,2.4800000190734863,36629518
2017-02-17,2.0809991359710693,2.4600000381469727,2.609999895095825,2.430000066757202,2.5999999046325684,77313000
2017-02-20,2.106377124786377,2.490000009536743,2.509999990463257,2.390000104904175,2.450000047683716,70086000
2017-02-21,2.1571338176727295,2.549999952316284,2.5899999141693115,2.4700000286102295,2.509999990463257,36027347
2017-02-22,2.1740520000457764,2.569999933242798,2.5799999237060547,2.4800000190734863,2.559999942779541,44270000
2017-02-23,2.29248309135437,2.7100000381469727,2.7300000190734863,2.5399999618530273,2.569999933242798,78358875
2017-02-24,2.3009421825408936,2.7200000286102295,2.759999990463257,2.619999885559082,2.7100000381469727,85301388
2017-02-27,2.275564193725586,2.690000057220459,2.759999990463257,2.6700000762939453,2.700000047683716,58039750
2017-02-28,2.241726875305176,2.6500000953674316,2.7100000381469727,2.640000104904175,2.690000057220459,25435000
2017-03-01,2.3601572513580322,2.7899999618530273,2.7899999618530273,2.6600000858306885,2.6700000762939453,58032481
2017-03-02,2.368617057800293,2.799999952316284,2.869999885559082,2.759999990463257,2.799999952316284,57812400
2017-03-03,2.3770763874053955,2.809999942779541,2.8399999141693115,2.75,2.759999990463257,30956301
2017-03-06,2.4532105922698975,2.9000000953674316,2.9100000858306885,2.799999952316284,2.819999933242798,37628980
2017-03-07,2.4532105922698975,2.9000000953674316,2.930000066757202,2.8499999046325684,2.9100000858306885,51211666
2017-03-08,2.4193732738494873,2.859999895095825,2.9200000762939453,2.859999895095825,2.9000000953674316,24439000
2017-03-09,2.4109137058258057,2.8499999046325684,2.880000114440918,2.799999952316284,2.859999895095825,25840500
2017-03-10,2.3432395458221436,2.7699999809265137,2.8499999046325684,2.759999990463257,2.8499999046325684,44058440
2017-03-13,2.4532105922698975,2.9000000953674316,2.9000000953674316,2.7300000190734863,2.759999990463257,26858991
2017-03-14,2.4109137058258057,2.8499999046325684,2.9200000762939453,2.8299999237060547,2.9100000858306885,18116400
2017-03-15,2.368617057800293,2.799999952316284,2.859999895095825,2.7799999713897705,2.859999895095825,21543000
2017-03-16,2.368617057800293,2.799999952316284,2.869999885559082,2.7799999713897705,2.8299999237060547,28838000
2017-03-17,2.334779739379883,2.759999990463257,2.809999942779541,2.7100000381469727,2.799999952316284,50107592
2017-03-20,2.3939952850341797,2.8299999237060547,2.8399999141693115,2.7100000381469727,2.759999990463257,25774676
2017-03-21,2.3178610801696777,2.740000009536743,2.819999933242798,2.7200000286102295,2.819999933242798,32475000
2017-03-22,2.3009421825408936,2.7200000286102295,2.7200000286102295,2.6600000858306885,2.690000057220459,28116000
2017-03-23,2.3263208866119385,2.75,2.7899999618530273,2.7200000286102295,2.740000009536743,15602000
2017-03-24,2.275564193725586,2.690000057220459,2.759999990463257,2.6700000762939453,2.759999990463257,20132326
2017-03-27,2.2501862049102783,2.6600000858306885,2.7100000381469727,2.640000104904175,2.6500000953674316,26308000
2017-03-28,2.2248082160949707,2.630000114440918,2.680000066757202,2.609999895095825,2.6700000762939453,25338000
2017-03-29,2.275564193725586,2.690000057220459,2.740000009536743,2.630000114440918,2.700000047683716,36015000
2017-03-30,2.402454376220703,2.8399999141693115,2.8399999141693115,2.690000057220459,2.7100000381469727,62679000
2017-03-31,2.4955074787139893,2.950000047683716,3.0,2.8499999046325684,2.8499999046325684,104641064
2017-04-03,2.554723024368286,3.0199999809265137,3.069999933242798,2.9800000190734863,2.9800000190734863,40753000
2017-04-05,2.6900720596313477,3.180000066757202,3.180000066757202,3.009999990463257,3.0399999618530273,64844000
2017-04-06,2.647775650024414,3.130000114440918,3.25,3.059999942779541,3.180000066757202,59841438
2017-04-07,2.6900720596313477,3.180000066757202,3.180000066757202,3.059999942779541,3.119999885559082,30810000
2017-04-10,2.6393160820007324,3.119999885559082,3.190000057220459,3.109999895095825,3.180000066757202,25238000
2017-04-11,2.706990957260132,3.200000047683716,3.25,3.119999885559082,3.1500000953674316,42093000
2017-04-12,2.7831246852874756,3.2899999618530273,3.3299999237060547,3.1700000762939453,3.2100000381469727,57634000
2017-04-13,2.833881139755249,3.3499999046325684,3.359999895095825,3.259999990463257,3.2899999618530273,31047000
2017-04-18,2.833881139755249,3.3499999046325684,3.430000066757202,3.299999952316284,3.359999895095825,46808000
2017-04-19,2.8254215717315674,3.3399999141693115,3.4000000953674316,3.180000066757202,3.369999885559082,62662500
2017-04-20,2.766206979751587,3.2699999809265137,3.369999885559082,3.240000009536743,3.319999933242798,32230000
2017-04-21,2.833881139755249,3.3499999046325684,3.390000104904175,3.2699999809265137,3.2699999809265137,34606820
2017-04-24,2.9015562534332275,3.430000066757202,3.4700000286102295,3.380000114440918,3.390000104904175,52392000
2017-04-25,2.9184746742248535,3.450000047683716,3.4600000381469727,3.4000000953674316,3.450000047683716,38091000
2017-04-26,2.9015562534332275,3.430000066757202,3.4700000286102295,3.369999885559082,3.4600000381469727,18458100
2017-04-27,2.850800037384033,3.369999885559082,3.430000066757202,3.3499999046325684,3.430000066757202,16467000
2017-04-28,2.926934003829956,3.4600000381469727,3.5,3.369999885559082,3.390000104904175,27168271
2017-05-02,2.859259605407715,3.380000114440918,3.4600000381469727,3.359999895095825,3.430000066757202,18628547
2017-05-04,2.960771322250366,3.5,3.5,3.380000114440918,3.380000114440918,31143000
2017-05-05,2.960771322250366,3.5,3.5999999046325684,3.4600000381469727,3.5199999809265137,28353000
2017-05-08,3.087661027908325,3.6500000953674316,3.6500000953674316,3.5,3.5,36657410
2017-05-09,3.1045799255371094,3.6700000762939453,3.75,3.619999885559082,3.6700000762939453,34541000
2017-05-10,3.062283515930176,3.619999885559082,3.700000047683716,3.619999885559082,3.6700000762939453,25990000
2017-05-11,3.0284464359283447,3.5799999237060547,3.6600000858306885,3.549999952316284,3.640000104904175,25003000
2017-05-12,3.0538241863250732,3.609999895095825,3.6500000953674316,3.559999942779541,3.5799999237060547,17959330
2017-05-15,3.079202175140381,3.640000104904175,3.6700000762939453,3.5799999237060547,3.5799999237060547,17654345
2017-05-16,3.0453643798828125,3.5999999046325684,3.759999990463257,3.5399999618530273,3.680000066757202,62258998
2017-05-17,3.079202175140381,3.640000104904175,3.6500000953674316,3.5899999141693115,3.5999999046325684,25666142
2017-05-18,2.8423402309417725,3.359999895095825,3.5999999046325684,3.2799999713897705,3.5799999237060547,91028000
2017-05-19,2.91001558303833,3.440000057220459,3.5,3.369999885559082,3.4000000953674316,45714953
2017-05-22,2.926934003829956,3.4600000381469727,3.490000009536743,3.4000000953674316,3.450000047683716,30940619
2017-05-23,2.926934003829956,3.4600000381469727,3.549999952316284,3.430000066757202,3.4600000381469727,45762748
2017-05-24,2.9015562534332275,3.430000066757202,3.4800000190734863,3.3299999237060547,3.4600000381469727,44375737
2017-05-25,2.8085031509399414,3.319999933242798,3.430000066757202,3.319999933242798,3.4000000953674316,41891941
2017-05-26,2.7831246852874756,3.2899999618530273,3.3499999046325684,3.2699999809265137,3.319999933242798,38818920
2017-05-29,2.7831246852874756,3.2899999618530273,3.380000114440918,3.259999990463257,3.309999942779541,35110054
2017-05-31,2.833881139755249,3.3499999046325684,3.3499999046325684,3.180000066757202,3.3299999237060547,316598543
2017-06-01,2.893096446990967,3.4200000762939453,3.4800000190734863,3.359999895095825,3.359999895095825,159594383
2017-06-02,2.91001558303833,3.440000057220459,3.4800000190734863,3.4000000953674316,3.450000047683716,30076911
2017-06-05,2.893096446990967,3.4200000762939453,3.4700000286102295,3.369999885559082,3.4600000381469727,30840595
2017-06-06,2.6816132068634033,3.1700000762939453,3.4100000858306885,3.1700000762939453,3.4100000858306885,75154000
2017-06-07,2.7915842533111572,3.299999952316284,3.309999942779541,3.130000114440918,3.140000104904175,59364000
2017-06-08,2.816962718963623,3.3299999237060547,3.3299999237060547,3.2200000286102295,3.319999933242798,46377291
2017-06-09,2.7831246852874756,3.2899999618530273,3.359999895095825,3.25,3.3299999237060547,29920000
2017-06-12,2.7408287525177,3.240000009536743,3.299999952316284,3.200000047683716,3.299999952316284,19179000
2017-06-13,2.816962718963623,3.3299999237060547,3.3499999046325684,3.2699999809265137,3.2799999713897705,31655000
2017-06-14,2.766206979751587,3.2699999809265137,3.3299999237060547,3.25,3.319999933242798,16734111
2017-06-15,2.766206979751587,3.2699999809265137,3.2799999713897705,3.2300000190734863,3.2699999809265137,16772000
2017-06-16,2.774665594100952,3.2799999713897705,3.2799999713897705,3.25,3.2699999809265137,12689380
2017-06-19,2.9523115158081055,3.490000009536743,3.490000009536743,3.2799999713897705,3.2799999713897705,41307062
2017-06-20,2.9184746742248535,3.450000047683716,3.549999952316284,3.4000000953674316,3.549999952316284,46572100
2017-06-21,2.9184746742248535,3.450000047683716,3.4800000190734863,3.4100000858306885,3.4200000762939453,22255381
2017-06-22,2.868805408477783,3.3499999046325684,3.4000000953674316,3.319999933242798,3.319999933242798,17063739
2017-06-23,2.8431148529052734,3.319999933242798,3.3499999046325684,3.2699999809265137,3.3499999046325684,26303251
2017-06-26,2.8088603019714355,3.2799999713897705,3.319999933242798,3.25,3.2799999713897705,19462161
2017-06-27,2.8088603019714355,3.2799999713897705,3.3299999237060547,3.259999990463257,3.3299999237060547,18538143
2017-06-28,2.877368927001953,3.359999895095825,3.359999895095825,3.2200000286102295,3.2799999713897705,34219630
2017-06-29,2.8516783714294434,3.3299999237060547,3.4100000858306885,3.309999942779541,3.4100000858306885,17858010
2017-06-30,2.8002970218658447,3.2699999809265137,3.3299999237060547,3.2699999809265137,3.3299999237060547,17669054
2017-07-03,2.8002970218658447,3.2699999809265137,3.319999933242798,3.25,3.2899999618530273,8657593
2017-07-04,2.731787919998169,3.190000057220459,3.2699999809265137,3.1600000858306885,3.2699999809265137,19482952
2017-07-05,2.783169746398926,3.25,3.25,3.1500000953674316,3.1600000858306885,10649445
2017-07-06,2.766042470932007,3.2300000190734863,3.2899999618530273,3.200000047683716,3.25,18699857
2017-07-07,2.766042470932007,3.2300000190734863,3.25,3.2100000381469727,3.2300000190734863,8329453
2017-07-10,2.740351438522339,3.200000047683716,3.259999990463257,3.190000057220459,3.259999990463257,14798115
2017-07-11,2.723224639892578,3.180000066757202,3.240000009536743,3.180000066757202,3.2100000381469727,14317000
2017-07-12,2.697533369064331,3.1500000953674316,3.200000047683716,3.0899999141693115,3.180000066757202,18576845
2017-07-13,2.8174240589141846,3.2899999618530273,3.299999952316284,3.1700000762939453,3.180000066757202,29652011
2017-07-14,2.766042470932007,3.2300000190734863,3.299999952316284,3.190000057220459,3.299999952316284,15317046
2017-07-17,2.8088603019714355,3.2799999713897705,3.2799999713897705,3.200000047683716,3.2300000190734863,14695178
2017-07-18,2.791733503341675,3.259999990463257,3.2799999713897705,3.2100000381469727,3.2799999713897705,9826014
2017-07-19,2.791733503341675,3.259999990463257,3.2699999809265137,3.2200000286102295,3.2200000286102295,14784262
2017-07-20,2.8859331607818604,3.369999885559082,3.380000114440918,3.259999990463257,3.259999990463257,35087000
2017-07-21,2.92018723487854,3.4100000858306885,3.430000066757202,3.3499999046325684,3.380000114440918,23212458
2017-07-24,2.911623477935791,3.4000000953674316,3.4600000381469727,3.4000000953674316,3.440000057220459,19079578
2017-07-25,2.8859331607818604,3.369999885559082,3.430000066757202,3.359999895095825,3.4000000953674316,9651716
2017-07-26,2.894496440887451,3.380000114440918,3.4200000762939453,3.359999895095825,3.380000114440918,13725373
2017-07-27,2.868805408477783,3.3499999046325684,3.4000000953674316,3.299999952316284,3.380000114440918,12345000
2017-07-28,2.8602421283721924,3.3399999141693115,3.380000114440918,3.3299999237060547,3.3499999046325684,14198555
2017-07-31,2.8174240589141846,3.2899999618530273,3.380000114440918,3.2899999618530273,3.369999885559082,21730165
2017-08-01,2.8259875774383545,3.299999952316284,3.3299999237060547,3.25,3.299999952316284,20729056
2017-08-02,2.8174240589141846,3.2899999618530273,3.319999933242798,3.25,3.2699999809265137,14262241
2017-08-03,2.757479190826416,3.2200000286102295,3.2799999713897705,3.200000047683716,3.2699999809265137,19744092
2017-08-04,2.8088603019714355,3.2799999713897705,3.309999942779541,3.2200000286102295,3.2200000286102295,14136530
2017-08-07,2.8002970218658447,3.2699999809265137,3.309999942779541,3.25,3.299999952316284,12364425
2017-08-08,2.791733503341675,3.259999990463257,3.2899999618530273,3.240000009536743,3.2699999809265137,14903276
2017-08-09,2.8516783714294434,3.3299999237060547,3.3299999237060547,3.25,3.25,22792146
2017-08-10,2.8259875774383545,3.299999952316284,3.319999933242798,3.240000009536743,3.299999952316284,17049558
2017-08-11,2.706097364425659,3.1600000858306885,3.259999990463257,3.119999885559082,3.25,22722940
2017-08-14,2.706097364425659,3.1600000858306885,3.2300000190734863,3.1600000858306885,3.1600000858306885,13611000
2017-08-15,2.6804065704345703,3.130000114440918,3.200000047683716,3.130000114440918,3.200000047683716,10490000
2017-08-16,2.6547152996063232,3.0999999046325684,3.1500000953674316,3.0999999046325684,3.0999999046325684,11240756
2017-08-17,2.6804065704345703,3.130000114440918,3.1700000762939453,3.0999999046325684,3.1600000858306885,7956700
2017-08-18,2.6290249824523926,3.069999933242798,3.130000114440918,3.059999942779541,3.0999999046325684,8458173
2017-08-21,2.4663162231445312,2.880000114440918,3.069999933242798,2.8399999141693115,3.049999952316284,44595000
2017-08-22,2.6718428134918213,3.119999885559082,3.1700000762939453,2.9800000190734863,3.0,36333200
2017-08-23,2.6718428134918213,3.119999885559082,3.119999885559082,3.119999885559082,3.119999885559082,0
2017-08-24,2.6204617023468018,3.059999942779541,3.190000057220459,3.049999952316284,3.180000066757202,23104489
2017-08-25,2.534825086593628,2.9600000381469727,3.0899999141693115,2.9000000953674316,3.069999933242798,30661032
2017-08-28,2.5519521236419678,2.9800000190734863,3.0,2.930000066757202,2.9600000381469727,11096624
2017-08-29,2.5519521236419678,2.9800000190734863,3.0399999618530273,2.940000057220459,2.9800000190734863,13714000
2017-08-30,2.5690793991088867,3.0,3.049999952316284,2.9600000381469727,3.049999952316284,16192000
2017-08-31,2.5776431560516357,3.009999990463257,3.0199999809265137,2.950000047683716,3.0199999809265137,21321611
2017-09-01,2.5698814392089844,2.9800000190734863,3.0,2.9600000381469727,3.0,12969750
2017-09-04,2.6388723850250244,3.059999942779541,3.119999885559082,2.9600000381469727,2.9600000381469727,23989235
2017-09-05,2.5871293544769287,3.0,3.0999999046325684,3.0,3.0799999237060547,11490000
2017-09-06,2.561258316040039,2.9700000286102295,3.0199999809265137,2.9600000381469727,3.0,13372729
2017-09-07,2.561258316040039,2.9700000286102295,3.0199999809265137,2.9600000381469727,3.0199999809265137,11799151
2017-09-08,2.578505516052246,2.990000009536743,3.0,2.9600000381469727,3.0,7646134
2017-09-11,2.578505516052246,2.990000009536743,3.0199999809265137,2.9700000286102295,2.990000009536743,8255252
2017-09-12,2.561258316040039,2.9700000286102295,3.009999990463257,2.940000057220459,3.0,16838000
2017-09-13,2.5526342391967773,2.9600000381469727,2.990000009536743,2.930000066757202,2.9800000190734863,9743518
2017-09-14,2.5267632007598877,2.930000066757202,2.9800000190734863,2.930000066757202,2.9700000286102295,12202372
2017-09-15,2.5871293544769287,3.0,3.0,2.9000000953674316,2.930000066757202,48533205
2017-09-18,2.6388723850250244,3.059999942779541,3.0799999237060547,2.9600000381469727,2.990000009536743,33799369
2017-09-19,2.5957531929016113,3.009999990463257,3.069999933242798,3.009999990463257,3.0399999618530273,12548369
2017-09-20,2.604377031326294,3.0199999809265137,3.0399999618530273,2.9800000190734863,3.009999990463257,11742907
2017-09-21,2.604377031326294,3.0199999809265137,3.0299999713897705,2.990000009536743,3.009999990463257,13473000
2017-09-22,2.544010877609253,2.950000047683716,3.0,2.940000057220459,3.0,11643000
2017-09-25,2.47502064704895,2.869999885559082,2.9600000381469727,2.869999885559082,2.950000047683716,12710000
2017-09-26,2.47502064704895,2.869999885559082,2.890000104904175,2.8499999046325684,2.880000114440918,9868220
2017-09-27,2.4232776165008545,2.809999942779541,2.890000104904175,2.7899999618530273,2.880000114440918,18003484
2017-09-28,2.3370401859283447,2.7100000381469727,2.819999933242798,2.700000047683716,2.799999952316284,25974243
2017-09-29,2.4491493701934814,2.8399999141693115,2.8399999141693115,2.7200000286102295,2.7200000286102295,18059552
2017-10-03,2.4836440086364746,2.880000114440918,2.9100000858306885,2.8299999237060547,2.8399999141693115,9461619
2017-10-04,2.4405252933502197,2.8299999237060547,2.9000000953674316,2.819999933242798,2.869999885559082,10348000
2017-10-06,2.4491493701934814,2.8399999141693115,2.859999895095825,2.8299999237060547,2.8399999141693115,6641000
2017-10-09,2.4663968086242676,2.859999895095825,2.869999885559082,2.809999942779541,2.8499999046325684,6924092
2017-10-10,2.535386800765991,2.940000057220459,3.009999990463257,2.8399999141693115,2.8499999046325684,38311295
2017-10-11,2.5095157623291016,2.9100000858306885,2.9800000190734863,2.890000104904175,2.9800000190734863,17999687
2017-10-12,2.518139123916626,2.9200000762939453,2.940000057220459,2.890000104904175,2.940000057220459,13772000
2017-10-13,2.4663968086242676,2.859999895095825,2.940000057220459,2.8499999046325684,2.930000066757202,20274000
2017-10-16,2.457772970199585,2.8499999046325684,2.9000000953674316,2.8299999237060547,2.859999895095825,14437000
2017-10-17,2.3974061012268066,2.7799999713897705,2.8499999046325684,2.7699999809265137,2.8399999141693115,21047874
2017-10-18,2.4232776165008545,2.809999942779541,2.8299999237060547,2.7899999618530273,2.7899999618530273,8798500
2017-10-19,2.3887829780578613,2.7699999809265137,2.8299999237060547,2.75,2.8299999237060547,14481000
2017-10-20,2.414654016494751,2.799999952316284,2.809999942779541,2.740000009536743,2.75,54970079
2017-10-23,2.4836440086364746,2.880000114440918,2.890000104904175,2.7699999809265137,2.7799999713897705,26184610
2017-10-24,2.4663968086242676,2.859999895095825,2.890000104904175,2.809999942779541,2.859999895095825,13634000
2017-10-25,2.457772970199585,2.8499999046325684,2.880000114440918,2.819999933242798,2.859999895095825,10092053
2017-10-26,2.4491493701934814,2.8399999141693115,2.890000104904175,2.819999933242798,2.819999933242798,10182038
2017-10-27,2.431901454925537,2.819999933242798,2.859999895095825,2.7899999618530273,2.8299999237060547,7816176
2017-10-30,2.414654016494751,2.799999952316284,2.8499999046325684,2.7799999713897705,2.8499999046325684,6745000
2017-10-31,2.431901454925537,2.819999933242798,2.8299999237060547,2.7899999618530273,2.799999952316284,5790110
2017-11-01,2.431901454925537,2.819999933242798,2.8399999141693115,2.799999952316284,2.8299999237060547,9564021
2017-11-02,2.4060299396514893,2.7899999618530273,2.8299999237060547,2.7799999713897705,2.809999942779541,6956000
2017-11-03,2.4060299396514893,2.7899999618530273,2.819999933242798,2.7799999713897705,2.799999952316284,8838674
2017-11-06,2.431901454925537,2.819999933242798,2.8299999237060547,2.75,2.7799999713897705,10471408
2017-11-07,2.4060299396514893,2.7899999618530273,2.8299999237060547,2.7899999618530273,2.819999933242798,8640307
2017-11-08,2.3801589012145996,2.759999990463257,2.809999942779541,2.7200000286102295,2.7899999618530273,15272876
2017-11-09,2.3801589012145996,2.759999990463257,2.7699999809265137,2.7300000190734863,2.759999990463257,8112000
2017-11-10,2.3629117012023926,2.740000009536743,2.759999990463257,2.7300000190734863,2.7300000190734863,9149039
2017-11-13,2.3629117012023926,2.740000009536743,2.7699999809265137,2.7300000190734863,2.7300000190734863,6973079
2017-11-14,2.3456640243530273,2.7200000286102295,2.759999990463257,2.7200000286102295,2.740000009536743,8772279
2017-11-15,2.3025453090667725,2.6700000762939453,2.740000009536743,2.6600000858306885,2.7200000286102295,10697000
2017-11-16,2.2766740322113037,2.640000104904175,2.680000066757202,2.640000104904175,2.6700000762939453,8029000
2017-11-17,2.2163071632385254,2.569999933242798,2.6600000858306885,2.569999933242798,2.640000104904175,14108068
2017-11-20,2.14731764793396,2.490000009536743,2.569999933242798,2.450000047683716,2.549999952316284,22925000
2017-11-21,2.1128222942352295,2.450000047683716,2.5799999237060547,2.4100000858306885,2.509999990463257,20609000
2017-11-22,2.1559412479400635,2.5,2.5399999618530273,2.450000047683716,2.450000047683716,13015360
2017-11-23,2.164565086364746,2.509999990463257,2.5799999237060547,2.5,2.5399999618530273,11082335
2017-11-24,2.4836440086364746,2.880000114440918,2.9000000953674316,2.5399999618530273,2.559999942779541,63396982
2017-11-27,2.3629117012023926,2.740000009536743,2.9600000381469727,2.7200000286102295,2.9100000858306885,41910000
2017-11-28,2.3974061012268066,2.7799999713897705,2.819999933242798,2.7200000286102295,2.75,15760000
2017-11-29,2.3715357780456543,2.75,2.7899999618530273,2.7300000190734863,2.7799999713897705,8233162
2017-11-30,2.3715357780456543,2.75,2.7799999713897705,2.690000057220459,2.740000009536743,21721487
2017-12-01,2.311168909072876,2.680000066757202,2.740000009536743,2.6700000762939453,2.740000009536743,8373079
2017-12-04,2.2766740322113037,2.640000104904175,2.7100000381469727,2.619999885559082,2.6600000858306885,10701559
2017-12-05,2.224931478500366,2.5799999237060547,2.640000104904175,2.5799999237060547,2.640000104904175,8148000
2017-12-06,2.164565086364746,2.509999990463257,2.5799999237060547,2.4800000190734863,2.559999942779541,16015472
2017-12-07,2.164565086364746,2.509999990463257,2.549999952316284,2.4800000190734863,2.509999990463257,13292507
2017-12-08,2.2766740322113037,2.640000104904175,2.640000104904175,2.490000009536743,2.5,12040630
2017-12-11,2.224931478500366,2.5799999237060547,2.630000114440918,2.5399999618530273,2.630000114440918,7276787
2017-12-12,2.2766740322113037,2.640000104904175,2.740000009536743,2.609999895095825,2.609999895095825,17201020
2017-12-13,2.311168909072876,2.680000066757202,2.700000047683716,2.640000104904175,2.640000104904175,7075630
2017-12-14,2.328416585922241,2.700000047683716,2.700000047683716,2.6500000953674316,2.6500000953674316,15292300
2017-12-15,2.3370401859283447,2.7100000381469727,2.7100000381469727,2.6600000858306885,2.700000047683716,14338627
2017-12-18,2.3025453090667725,2.6700000762939453,2.700000047683716,2.640000104904175,2.680000066757202,7814704
2017-12-19,2.3197927474975586,2.690000057220459,2.700000047683716,2.6500000953674316,2.6700000762939453,9760025
2017-12-20,2.3715357780456543,2.75,2.8299999237060547,2.6700000762939453,2.690000057220459,16676553
2017-12-21,2.4491493701934814,2.8399999141693115,2.8499999046325684,2.75,2.75,19561790
2017-12-22,2.4491493701934814,2.8399999141693115,2.869999885559082,2.809999942779541,2.859999895095825,10286553
2017-12-27,2.4491493701934814,2.8399999141693115,2.8499999046325684,2.7699999809265137,2.819999933242798,9812482
2017-12-28,2.4491493701934814,2.8399999141693115,2.8499999046325684,2.7899999618530273,2.819999933242798,6114000
2017-12-29,2.4232776165008545,2.809999942779541,2.8399999141693115,2.799999952316284,2.8299999237060547,5099075
2018-01-02,2.4232776165008545,2.809999942779541,2.8399999141693115,2.799999952316284,2.819999933242798,8548239
2018-01-03,2.518139123916626,2.9200000762939453,2.9700000286102295,2.809999942779541,2.8299999237060547,31101584
2018-01-04,2.6388723850250244,3.059999942779541,3.069999933242798,2.9200000762939453,2.940000057220459,39456145
2018-01-05,2.6388723850250244,3.059999942779541,3.119999885559082,3.0,3.0899999141693115,22777078
2018-01-08,2.6302483081817627,3.049999952316284,3.069999933242798,2.9600000381469727,3.0399999618530273,15156047
2018-01-09,2.62162446975708,3.0399999618530273,3.0799999237060547,3.009999990463257,3.0199999809265137,13178000
2018-01-10,2.6733667850494385,3.0999999046325684,3.130000114440918,3.0,3.0399999618530273,32306106
2018-01-11,2.6302483081817627,3.049999952316284,3.0999999046325684,3.0199999809265137,3.0999999046325684,10869260
2018-01-12,2.8027234077453613,3.25,3.2899999618530273,3.059999942779541,3.059999942779541,57374000
2018-01-15,2.681990623474121,3.109999895095825,3.309999942779541,3.0899999141693115,3.2799999713897705,26387745
2018-01-16,2.7423572540283203,3.180000066757202,3.190000057220459,3.109999895095825,3.130000114440918,14849126
2018-01-17,2.8027234077453613,3.25,3.259999990463257,3.0899999141693115,3.1500000953674316,25385654
2018-01-18,2.7423572540283203,3.180000066757202,3.2899999618530273,3.1700000762939453,3.2799999713897705,17367132
2018-01-19,2.7423572540283203,3.180000066757202,3.190000057220459,3.140000104904175,3.1700000762939453,11956000
2018-01-22,2.6733667850494385,3.0999999046325684,3.200000047683716,3.049999952316284,3.180000066757202,27349000
2018-01-23,2.6561195850372314,3.0799999237060547,3.0999999046325684,3.049999952316284,3.0999999046325684,15945000
2018-01-24,2.6388723850250244,3.059999942779541,3.0799999237060547,3.0299999713897705,3.069999933242798,12803630
2018-01-25,2.6733667850494385,3.0999999046325684,3.140000104904175,3.0299999713897705,3.059999942779541,17908450
2018-01-26,2.6561195850372314,3.0799999237060547,3.130000114440918,3.049999952316284,3.0999999046325684,10657000
2018-01-29,2.5698814392089844,2.9800000190734863,3.109999895095825,2.950000047683716,3.069999933242798,20610734
2018-01-30,2.544010877609253,2.950000047683716,3.0,2.930000066757202,2.9800000190734863,13033018
2018-01-31,2.5871293544769287,3.0,3.0199999809265137,2.9200000762939453,2.930000066757202,16348000
2018-02-01,2.544010877609253,2.950000047683716,3.0299999713897705,2.950000047683716,3.009999990463257,8610646
2018-02-02,2.5871293544769287,3.0,3.009999990463257,2.9100000858306885,2.950000047683716,8309089
2018-02-05,2.50089168548584,2.9000000953674316,2.940000057220459,2.8499999046325684,2.9100000858306885,13186997
2018-02-06,2.3197927474975586,2.690000057220459,2.799999952316284,2.680000066757202,2.799999952316284,37181602
2018-02-07,2.4060299396514893,2.7899999618530273,2.869999885559082,2.7300000190734863,2.7799999713897705,23429586
2018-02-08,2.3801589012145996,2.759999990463257,2.8499999046325684,2.75,2.75,7476399
2018-02-09,2.268049955368042,2.630000114440918,2.700000047683716,2.5799999237060547,2.700000047683716,31516000
2018-02-12,2.35428786277771,2.7300000190734863,2.7300000190734863,2.630000114440918,2.6500000953674316,19767000
2018-02-13,2.3801589012145996,2.759999990463257,2.799999952316284,2.7300000190734863,2.7899999618530273,7366000
2018-02-14,2.3715357780456543,2.75,2.799999952316284,2.7200000286102295,2.7899999618530273,4572000
2018-02-15,2.3887829780578613,2.7699999809265137,2.7799999713897705,2.7200000286102295,2.75,4875828
2018-02-20,2.431901454925537,2.819999933242798,2.8499999046325684,2.7200000286102295,2.75,6977311
2018-02-21,2.431901454925537,2.819999933242798,2.8399999141693115,2.7799999713897705,2.809999942779541,8534913
2018-02-22,2.414654016494751,2.799999952316284,2.8499999046325684,2.7899999618530273,2.809999942779541,11024269
2018-02-23,2.3887829780578613,2.7699999809265137,2.8299999237060547,2.759999990463257,2.809999942779541,11311000
2018-02-26,2.47502064704895,2.869999885559082,2.9100000858306885,2.7799999713897705,2.7799999713897705,12219491
2018-02-27,2.4922683238983154,2.890000104904175,2.950000047683716,2.869999885559082,2.869999885559082,17695093
2018-02-28,2.4663968086242676,2.859999895095825,2.869999885559082,2.799999952316284,2.859999895095825,12841542
2018-03-01,2.4491493701934814,2.8399999141693115,2.869999885559082,2.799999952316284,2.819999933242798,9836000
2018-03-02,2.3629117012023926,2.740000009536743,2.809999942779541,2.7300000190734863,2.799999952316284,19628000
2018-03-05,2.2508022785186768,2.609999895095825,2.75,2.609999895095825,2.75,24864000
2018-03-06,2.2766740322113037,2.640000104904175,2.680000066757202,2.619999885559082,2.6600000858306885,12999000
2018-03-07,2.2852976322174072,2.6500000953674316,2.7100000381469727,2.630000114440918,2.640000104904175,11556674
2018-03-08,2.35428786277771,2.7300000190734863,2.740000009536743,2.6600000858306885,2.6600000858306885,14341000
2018-03-09,2.431901454925537,2.819999933242798,2.819999933242798,2.7300000190734863,2.75,19841155
2018-03-12,2.414654016494751,2.799999952316284,2.859999895095825,2.75,2.859999895095825,11304875
2018-03-13,2.3887829780578613,2.7699999809265137,2.809999942779541,2.75,2.7699999809265137,8294772
2018-03-14,2.3456640243530273,2.7200000286102295,2.759999990463257,2.7100000381469727,2.75,11650776
2018-03-15,2.3629117012023926,2.740000009536743,2.75,2.690000057220459,2.700000047683716,6759365
2018-03-16,2.3370401859283447,2.7100000381469727,2.75,2.680000066757202,2.75,16230181
2018-03-19,2.3629117012023926,2.740000009536743,2.75,2.7100000381469727,2.7100000381469727,4532209
2018-03-20,2.518139123916626,2.9200000762939453,2.9700000286102295,2.690000057220459,2.7200000286102295,52455000
2018-03-21,2.47502064704895,2.869999885559082,2.9600000381469727,2.8399999141693115,2.9600000381469727,22986991
2018-03-22,2.4405252933502197,2.8299999237060547,2.880000114440918,2.799999952316284,2.880000114440918,9825925
2018-03-23,2.35428786277771,2.7300000190734863,2.7699999809265137,2.690000057220459,2.740000009536743,16927000
2018-03-26,2.3715357780456543,2.75,2.7699999809265137,2.680000066757202,2.7300000190734863,14419000
2018-03-27,2.0352084636688232,2.359999895095825,2.619999885559082,2.3499999046325684,2.5999999046325684,113102236
2018-03-28,1.94034743309021,2.25,2.3399999141693115,2.25,2.2899999618530273,29409408
2018-03-29,2.000713348388672,2.319999933242798,2.3299999237060547,2.200000047683716,2.2200000286102295,29426777
2018-04-03,1.9834656715393066,2.299999952316284,2.3399999141693115,2.2300000190734863,2.2899999618530273,24973183
2018-04-04,2.0093374252319336,2.3299999237060547,2.4000000953674316,2.2799999713897705,2.299999952316284,26203246
2018-04-06,1.9489706754684448,2.259999990463257,2.359999895095825,2.2300000190734863,2.3399999141693115,21980969
2018-04-09,1.9230995178222656,2.2300000190734863,2.299999952316284,2.2200000286102295,2.259999990463257,21029610
2018-04-10,1.94034743309021,2.25,2.319999933242798,2.2200000286102295,2.240000009536743,37361000
2018-04-11,1.8886045217514038,2.190000057220459,2.299999952316284,2.190000057220459,2.2899999618530273,25388167
2018-04-12,1.8972282409667969,2.200000047683716,2.240000009536743,2.190000057220459,2.190000057220459,20521716
2018-04-13,1.9058520793914795,2.2100000381469727,2.240000009536743,2.190000057220459,2.2200000286102295,14663000
2018-04-16,1.8368618488311768,2.130000114440918,2.200000047683716,2.0999999046325684,2.200000047683716,19125000
2018-04-17,1.7420002222061157,2.0199999809265137,2.140000104904175,2.0,2.130000114440918,31608019
2018-04-18,1.7161290645599365,1.9900000095367432,2.049999952316284,1.9199999570846558,2.0399999618530273,32910000
2018-04-19,1.69888174533844,1.9700000286102295,2.0399999618530273,1.9600000381469727,1.9800000190734863,22103000
2018-04-20,1.7161290645599365,1.9900000095367432,2.049999952316284,1.9800000190734863,1.9800000190734863,19965376
2018-04-23,1.6816341876983643,1.9500000476837158,2.009999990463257,1.9500000476837158,2.0,8032784
2018-04-24,1.7161290645599365,1.9900000095367432,1.9900000095367432,1.940000057220459,1.9500000476837158,11792951
2018-04-25,1.6902580261230469,1.9600000381469727,1.9800000190734863,1.940000057220459,1.9700000286102295,8775000
2018-04-26,1.6471389532089233,1.909999966621399,1.9700000286102295,1.8799999952316284,1.9600000381469727,17592000
2018-04-27,1.612644076347351,1.8700000047683716,1.9299999475479126,1.8600000143051147,1.9299999475479126,15762800
2018-04-30,1.6471389532089233,1.909999966621399,1.9299999475479126,1.8799999952316284,1.8799999952316284,11208309
2018-05-02,1.6212677955627441,1.8799999952316284,1.9299999475479126,1.8799999952316284,1.909999966621399,8525052
2018-05-03,1.6212677955627441,1.8799999952316284,1.9199999570846558,1.850000023841858,1.8799999952316284,15272131
2018-05-04,1.6212677955627441,1.8799999952316284,1.909999966621399,1.850000023841858,1.899999976158142,16493000
2018-05-07,1.6471389532089233,1.909999966621399,1.940000057220459,1.8799999952316284,1.8899999856948853,14085076
2018-05-08,1.6816341876983643,1.9500000476837158,1.9600000381469727,1.899999976158142,1.909999966621399,17710500
2018-05-09,1.69888174533844,1.9700000286102295,1.9700000286102295,1.899999976158142,1.9299999475479126,19534294
2018-05-10,1.6730105876922607,1.940000057220459,1.9800000190734863,1.9299999475479126,1.9700000286102295,27875076
2018-05-11,1.6730105876922607,1.940000057220459,1.9700000286102295,1.9199999570846558,1.940000057220459,22214000
2018-05-14,1.7420002222061157,2.0199999809265137,2.0199999809265137,1.9299999475479126,1.940000057220459,27648250
2018-05-15,1.69888174533844,1.9700000286102295,2.0199999809265137,1.9600000381469727,2.009999990463257,32543000
2018-05-16,1.8454855680465698,2.140000104904175,2.1700000762939453,1.9700000286102295,1.9800000190734863,119518275
2018-05-17,1.7937428951263428,2.0799999237060547,2.1500000953674316,2.069999933242798,2.1500000953674316,53729382
2018-05-18,1.819614291191101,2.109999895095825,2.130000114440918,2.049999952316284,2.0799999237060547,41280706
2018-05-21,1.8109906911849976,2.0999999046325684,2.140000104904175,2.0999999046325684,2.119999885559082,26339697
2018-05-23,1.7506240606307983,2.0299999713897705,2.109999895095825,2.0299999713897705,2.0899999141693115,50509000
2018-05-24,1.8023664951324463,2.0899999141693115,2.0999999046325684,2.0199999809265137,2.0399999618530273,24767637
2018-05-25,1.8454855680465698,2.140000104904175,2.1500000953674316,2.059999942779541,2.069999933242798,41519000
2018-05-28,1.8541094064712524,2.1500000953674316,2.180000066757202,2.0999999046325684,2.1500000953674316,35455000
2018-05-29,1.7764955759048462,2.059999942779541,2.190000057220459,2.049999952316284,2.1500000953674316,39039330
2018-05-30,1.7506240606307983,2.0299999713897705,2.0899999141693115,2.009999990463257,2.0299999713897705,23123570
2018-05-31,1.7506240606307983,2.0299999713897705,2.0899999141693115,2.0299999713897705,2.059999942779541,76868000
2018-06-01,1.8282378911972046,2.119999885559082,2.130000114440918,2.0399999618530273,2.049999952316284,33523791
2018-06-04,1.819614291191101,2.109999895095825,2.1500000953674316,2.0899999141693115,2.140000104904175,21204893
2018-06-05,1.8282378911972046,2.119999885559082,2.140000104904175,2.0999999046325684,2.109999895095825,18499000
2018-06-06,1.8282378911972046,2.119999885559082,2.1700000762939453,2.109999895095825,2.119999885559082,20654213
2018-06-07,1.7986942529678345,2.069999933242798,2.140000104904175,2.049999952316284,2.130000114440918,20360213
2018-06-08,1.80738365650177,2.0799999237060547,2.0999999046325684,2.069999933242798,2.069999933242798,18641894
2018-06-11,1.7552474737167358,2.0199999809265137,2.0799999237060547,2.0,2.0799999237060547,28464723
2018-06-12,1.7465583086013794,2.009999990463257,2.0299999713897705,1.9900000095367432,2.0199999809265137,13498000
2018-06-13,1.7552474737167358,2.0199999809265137,2.0299999713897705,1.9900000095367432,2.0,26053775
2018-06-14,1.7465583086013794,2.009999990463257,2.0399999618530273,1.9900000095367432,2.0199999809265137,12150790
2018-06-15,1.7378689050674438,2.0,2.009999990463257,1.9600000381469727,2.009999990463257,39498074
2018-06-19,1.6162182092666626,1.8600000143051147,1.9900000095367432,1.850000023841858,1.9900000095367432,33334000
2018-06-20,1.6683541536331177,1.9199999570846558,1.9199999570846558,1.8600000143051147,1.8799999952316284,18202648
2018-06-21,1.6249076128005981,1.8700000047683716,1.940000057220459,1.8700000047683716,1.9199999570846558,17746000
2018-06-22,1.6162182092666626,1.8600000143051147,1.899999976158142,1.840000033378601,1.8600000143051147,15675000
2018-06-25,1.5640819072723389,1.7999999523162842,1.8899999856948853,1.7899999618530273,1.8600000143051147,14712000
2018-06-26,1.5293246507644653,1.7599999904632568,1.7999999523162842,1.7300000190734863,1.7999999523162842,15192375
2018-06-27,1.4771885871887207,1.7000000476837158,1.7899999618530273,1.690000057220459,1.7699999809265137,19254008
2018-06-28,1.4858779907226562,1.7100000381469727,1.7599999904632568,1.6699999570846558,1.6699999570846558,14918851
2018-06-29,1.5206353664398193,1.75,1.7699999809265137,1.7100000381469727,1.7100000381469727,14558000
2018-07-03,1.4598097801208496,1.6799999475479126,1.7599999904632568,1.6699999570846558,1.7599999904632568,14692500
2018-07-04,1.4337416887283325,1.649999976158142,1.7100000381469727,1.649999976158142,1.690000057220459,8609217
2018-07-05,1.4250524044036865,1.6399999856948853,1.7000000476837158,1.600000023841858,1.649999976158142,11169000
2018-07-06,1.4076740741729736,1.6200000047683716,1.6699999570846558,1.6100000143051147,1.6299999952316284,8366143
2018-07-09,1.4511206150054932,1.6699999570846558,1.6699999570846558,1.6299999952316284,1.6399999856948853,7516700
2018-07-10,1.4250524044036865,1.6399999856948853,1.690000057220459,1.6399999856948853,1.690000057220459,20768859
2018-07-11,1.3816057443618774,1.590000033378601,1.6299999952316284,1.590000033378601,1.6200000047683716,22651815
2018-07-12,1.398984670639038,1.6100000143051147,1.6200000047683716,1.5700000524520874,1.590000033378601,12573412
2018-07-13,1.4250524044036865,1.6399999856948853,1.659999966621399,1.6200000047683716,1.6299999952316284,10266927
2018-07-16,1.3902950286865234,1.600000023841858,1.6699999570846558,1.600000023841858,1.649999976158142,10595000
2018-07-17,1.3816057443618774,1.590000033378601,1.600000023841858,1.5700000524520874,1.600000023841858,10454802
2018-07-18,1.3729164600372314,1.5800000429153442,1.6100000143051147,1.5700000524520874,1.590000033378601,10382500
2018-07-19,1.3642271757125854,1.5700000524520874,1.590000033378601,1.559999942779541,1.5700000524520874,7812168
2018-07-20,1.3816057443618774,1.590000033378601,1.590000033378601,1.5399999618530273,1.5700000524520874,12061612
2018-07-23,1.35553777217865,1.559999942779541,1.600000023841858,1.5399999618530273,1.590000033378601,10449202
2018-07-24,1.3642271757125854,1.5700000524520874,1.5800000429153442,1.5399999618530273,1.5700000524520874,23158500
2018-07-25,1.398984670639038,1.6100000143051147,1.6200000047683716,1.559999942779541,1.5700000524520874,21461281
2018-07-26,1.3902950286865234,1.600000023841858,1.649999976158142,1.590000033378601,1.6200000047683716,12384000
2018-07-27,1.398984670639038,1.6100000143051147,1.6200000047683716,1.5800000429153442,1.5800000429153442,8330000
2018-07-30,1.41636323928833,1.6299999952316284,1.6299999952316284,1.600000023841858,1.600000023841858,14599994
2018-07-31,1.4684993028640747,1.690000057220459,1.7100000381469727,1.6200000047683716,1.6299999952316284,25822000
2018-08-01,1.4424312114715576,1.659999966621399,1.7100000381469727,1.649999976158142,1.690000057220459,16209000
2018-08-02,1.35553777217865,1.559999942779541,1.6699999570846558,1.5499999523162842,1.659999966621399,23890500
2018-08-03,1.3207805156707764,1.5199999809265137,1.5800000429153442,1.5099999904632568,1.5700000524520874,16983000
2018-08-06,1.3034017086029053,1.5,1.5399999618530273,1.4800000190734863,1.5199999809265137,14247000
2018-08-07,1.3468481302261353,1.5499999523162842,1.559999942779541,1.5,1.5,13456000
2018-08-08,1.3729164600372314,1.5800000429153442,1.5800000429153442,1.5399999618530273,1.5499999523162842,11455000
2018-08-09,1.4076740741729736,1.6200000047683716,1.6200000047683716,1.559999942779541,1.5800000429153442,11775953
2018-08-10,1.398984670639038,1.6100000143051147,1.6299999952316284,1.600000023841858,1.6299999952316284,6160902
2018-08-13,1.35553777217865,1.559999942779541,1.5800000429153442,1.5399999618530273,1.5700000524520874,6477000
2018-08-14,1.5467034578323364,1.7799999713897705,1.840000033378601,1.5800000429153442,1.5800000429153442,70420804
2018-08-15,1.4337416887283325,1.649999976158142,1.7699999809265137,1.649999976158142,1.7699999809265137,32470000
2018-08-16,1.4858779907226562,1.7100000381469727,1.7599999904632568,1.6299999952316284,1.649999976158142,53731573
2018-08-17,1.4858779907226562,1.7100000381469727,1.7699999809265137,1.690000057220459,1.7599999904632568,36224780
2018-08-20,1.5206353664398193,1.75,1.7699999809265137,1.7200000286102295,1.7300000190734863,10514619
2018-08-21,1.5467034578323364,1.7799999713897705,1.7999999523162842,1.7400000095367432,1.75,20095675
2018-08-22,1.5293246507644653,1.7599999904632568,1.7899999618530273,1.7400000095367432,1.7899999618530273,10450000
2018-08-23,1.5640819072723389,1.7999999523162842,1.7999999523162842,1.7599999904632568,1.7799999713897705,10104869
2018-08-24,1.5119459629058838,1.7400000095367432,1.809999942779541,1.7400000095367432,1.7999999523162842,13341790
2018-08-27,1.5293246507644653,1.7599999904632568,1.7799999713897705,1.690000057220459,1.7400000095367432,24149281
2018-08-28,1.5032566785812378,1.7300000190734863,1.7400000095367432,1.690000057220459,1.7400000095367432,15721090
2018-08-29,1.5119459629058838,1.7400000095367432,1.7599999904632568,1.7100000381469727,1.7300000190734863,9325000
2018-08-30,1.494567632675171,1.7200000286102295,1.75,1.7000000476837158,1.75,10102415
2018-08-31,1.5119459629058838,1.7400000095367432,1.7400000095367432,1.690000057220459,1.7000000476837158,21360591
2018-09-03,1.4771885871887207,1.7000000476837158,1.75,1.6799999475479126,1.75,5703394
2018-09-04,1.5032566785812378,1.7300000190734863,1.75,1.7000000476837158,1.7200000286102295,6501000
2018-09-05,1.4337416887283325,1.649999976158142,1.7400000095367432,1.6399999856948853,1.7300000190734863,17964000
2018-09-06,1.4511206150054932,1.6699999570846558,1.7100000381469727,1.659999966621399,1.6699999570846558,15774598
2018-09-07,1.4337416887283325,1.649999976158142,1.690000057220459,1.6399999856948853,1.690000057220459,6521706
2018-09-10,1.3816057443618774,1.590000033378601,1.690000057220459,1.5700000524520874,1.6799999475479126,15369000
2018-09-11,1.3381589651107788,1.5399999618530273,1.6100000143051147,1.5299999713897705,1.5800000429153442,9376000
2018-09-12,1.2947121858596802,1.4900000095367432,1.5499999523162842,1.4900000095367432,1.5399999618530273,16125000
2018-09-13,1.3816057443618774,1.590000033378601,1.6100000143051147,1.4700000286102295,1.5099999904632568,17952727
2018-09-14,1.3729164600372314,1.5800000429153442,1.590000033378601,1.5499999523162842,1.590000033378601,7456584
2018-09-17,1.3294697999954224,1.5299999713897705,1.5700000524520874,1.5199999809265137,1.5700000524520874,3827000
2018-09-18,1.35553777217865,1.559999942779541,1.5800000429153442,1.5199999809265137,1.5299999713897705,4671000
2018-09-19,1.3816057443618774,1.590000033378601,1.600000023841858,1.5399999618530273,1.559999942779541,10265162
2018-09-20,1.3729164600372314,1.5800000429153442,1.6200000047683716,1.5800000429153442,1.590000033378601,5438250
2018-09-21,1.3816057443618774,1.590000033378601,1.6100000143051147,1.5700000524520874,1.600000023841858,12451504
2018-09-24,1.3729164600372314,1.5800000429153442,1.600000023841858,1.5499999523162842,1.590000033378601,3709000
2018-09-26,1.4337416887283325,1.649999976158142,1.659999966621399,1.5800000429153442,1.590000033378601,15462500
2018-09-27,1.3642271757125854,1.5700000524520874,1.649999976158142,1.559999942779541,1.6399999856948853,14454637
2018-09-28,1.3902950286865234,1.600000023841858,1.600000023841858,1.559999942779541,1.5800000429153442,9437000
2018-10-02,1.398984670639038,1.6100000143051147,1.6200000047683716,1.559999942779541,1.600000023841858,6398000
2018-10-03,1.4511206150054932,1.6699999570846558,1.690000057220459,1.6200000047683716,1.6200000047683716,13164000
2018-10-04,1.4598097801208496,1.6799999475479126,1.690000057220459,1.659999966621399,1.6799999475479126,6169938
2018-10-05,1.4250524044036865,1.6399999856948853,1.6799999475479126,1.6100000143051147,1.6699999570846558,7863217
2018-10-08,1.3816057443618774,1.590000033378601,1.6699999570846558,1.590000033378601,1.6399999856948853,12656000
2018-10-09,1.398984670639038,1.6100000143051147,1.6299999952316284,1.5800000429153442,1.590000033378601,11617704
2018-10-10,1.4424312114715576,1.659999966621399,1.6699999570846558,1.590000033378601,1.6100000143051147,12420038
2018-10-11,1.35553777217865,1.559999942779541,1.600000023841858,1.5499999523162842,1.600000023841858,14971444
2018-10-12,1.3729164600372314,1.5800000429153442,1.590000033378601,1.5299999713897705,1.5800000429153442,8428000
2018-10-15,1.3642271757125854,1.5700000524520874,1.590000033378601,1.559999942779541,1.5800000429153442,3121255
2018-10-16,1.3294697999954224,1.5299999713897705,1.5800000429153442,1.5099999904632568,1.5700000524520874,11810471
2018-10-18,1.3163928985595703,1.5099999904632568,1.559999942779541,1.5,1.5099999904632568,12145282
2018-10-19,1.3774179220199585,1.5800000429153442,1.5800000429153442,1.4900000095367432,1.5,16881000
2018-10-22,1.4471604824066162,1.659999966621399,1.659999966621399,1.5700000524520874,1.5800000429153442,16028000
2018-10-23,1.3774179220199585,1.5800000429153442,1.6699999570846558,1.5800000429153442,1.6699999570846558,6696000
2018-10-24,1.3687001466751099,1.5700000524520874,1.6100000143051147,1.5700000524520874,1.590000033378601,3853889
2018-10-25,1.3338288068771362,1.5299999713897705,1.5499999523162842,1.5099999904632568,1.5299999713897705,14874727
2018-10-26,1.3338288068771362,1.5299999713897705,1.5399999618530273,1.5099999904632568,1.5299999713897705,6236555
2018-10-29,1.3076752424240112,1.5,1.5299999713897705,1.5,1.5199999809265137,8577964
2018-10-30,1.3251107931137085,1.5199999809265137,1.5399999618530273,1.5,1.5,13352000
2018-10-31,1.3861356973648071,1.590000033378601,1.590000033378601,1.5299999713897705,1.5299999713897705,16176000
2018-11-01,1.4210070371627808,1.6299999952316284,1.6399999856948853,1.5800000429153442,1.600000023841858,19572500
2018-11-02,1.4558783769607544,1.6699999570846558,1.6799999475479126,1.6399999856948853,1.659999966621399,16604120
2018-11-05,1.4558783769607544,1.6699999570846558,1.6699999570846558,1.6200000047683716,1.6399999856948853,11520000
2018-11-06,1.4645962715148926,1.6799999475479126,1.6799999475479126,1.649999976158142,1.6799999475479126,4029000
2018-11-07,1.4820319414138794,1.7000000476837158,1.7000000476837158,1.6699999570846558,1.6799999475479126,7863100
2018-11-08,1.4733139276504517,1.690000057220459,1.7200000286102295,1.6699999570846558,1.7200000286102295,4647000
2018-11-09,1.4558783769607544,1.6699999570846558,1.690000057220459,1.6299999952316284,1.690000057220459,6206000
2018-11-12,1.4558783769607544,1.6699999570846558,1.690000057220459,1.659999966621399,1.6799999475479126,3161010
2018-11-13,1.4645962715148926,1.6799999475479126,1.7000000476837158,1.649999976158142,1.659999966621399,6977189
2018-11-14,1.4733139276504517,1.690000057220459,1.7000000476837158,1.659999966621399,1.6799999475479126,6616000
2018-11-15,1.490749716758728,1.7100000381469727,1.7100000381469727,1.6699999570846558,1.7000000476837158,7478449
2018-11-16,1.4994677305221558,1.7200000286102295,1.7200000286102295,1.690000057220459,1.7100000381469727,7614236
2018-11-19,1.508185625076294,1.7300000190734863,1.7300000190734863,1.690000057220459,1.7200000286102295,6679000
2018-11-20,1.543056845664978,1.7699999809265137,1.7799999713897705,1.7000000476837158,1.7200000286102295,12586000
2018-11-21,1.490749716758728,1.7100000381469727,1.7699999809265137,1.7100000381469727,1.7699999809265137,11886032
2018-11-22,1.4733139276504517,1.690000057220459,1.7400000095367432,1.6799999475479126,1.7200000286102295,6419822
2018-11-23,1.490749716758728,1.7100000381469727,1.7400000095367432,1.6799999475479126,1.7000000476837158,4671000
2018-11-26,1.4820319414138794,1.7000000476837158,1.7300000190734863,1.6799999475479126,1.7200000286102295,4422000
2018-11-27,1.4994677305221558,1.7200000286102295,1.7300000190734863,1.690000057220459,1.7100000381469727,5593970
2018-11-28,1.5169031620025635,1.7400000095367432,1.7400000095367432,1.7100000381469727,1.7300000190734863,5942081
2018-11-29,1.4994677305221558,1.7200000286102295,1.75,1.7100000381469727,1.7400000095367432,3814629
2018-11-30,1.5169031620025635,1.7400000095367432,1.7400000095367432,1.690000057220459,1.7200000286102295,13354364
2018-12-03,1.543056845664978,1.7699999809265137,1.7699999809265137,1.7300000190734863,1.75,7154074
2018-12-04,1.569210171699524,1.7999999523162842,1.7999999523162842,1.75,1.7699999809265137,12296941
2018-12-05,1.543056845664978,1.7699999809265137,1.7699999809265137,1.75,1.7699999809265137,3595000
2018-12-06,1.4820319414138794,1.7000000476837158,1.7799999713897705,1.659999966621399,1.7799999713897705,11615952
2018-12-07,1.508185625076294,1.7300000190734863,1.7300000190734863,1.659999966621399,1.7000000476837158,11170794
2018-12-10,1.4384428262710571,1.649999976158142,1.7000000476837158,1.649999976158142,1.7000000476837158,6722000
2018-12-11,1.5256210565567017,1.75,1.7699999809265137,1.659999966621399,1.659999966621399,15858020
2018-12-12,1.543056845664978,1.7699999809265137,1.8200000524520874,1.7300000190734863,1.7599999904632568,18152595
2018-12-13,1.569210171699524,1.7999999523162842,1.809999942779541,1.7799999713897705,1.7899999618530273,9626000
2018-12-14,1.5517746210098267,1.7799999713897705,1.7999999523162842,1.75,1.7799999713897705,10626000
2018-12-17,1.543056845664978,1.7699999809265137,1.7999999523162842,1.7400000095367432,1.7899999618530273,9299420
2018-12-18,1.3512643575668335,1.5499999523162842,1.7699999809265137,1.5499999523162842,1.7400000095367432,47318157
2018-12-19,1.3163928985595703,1.5099999904632568,1.590000033378601,1.4800000190734863,1.5499999523162842,24674110
2018-12-20,1.3163928985595703,1.5099999904632568,1.5299999713897705,1.4900000095367432,1.5,7359850
2018-12-21,1.2292145490646362,1.409999966621399,1.5099999904632568,1.3799999952316284,1.5,31124716
2018-12-24,1.2030612230300903,1.3799999952316284,1.4199999570846558,1.350000023841858,1.399999976158142,7739620
2018-12-27,1.1769076585769653,1.350000023841858,1.4299999475479126,1.340000033378601,1.399999976158142,27932893
2018-12-28,1.1681897640228271,1.340000033378601,1.4199999570846558,1.3200000524520874,1.350000023841858,17785274
2018-12-31,1.1943434476852417,1.3700000047683716,1.3799999952316284,1.3200000524520874,1.340000033378601,10005000
2019-01-02,1.1681897640228271,1.340000033378601,1.3899999856948853,1.3200000524520874,1.3799999952316284,7632974
2019-01-03,1.1071650981903076,1.2699999809265137,1.350000023841858,1.25,1.350000023841858,15871000
2019-01-04,1.1507543325424194,1.3200000524520874,1.3200000524520874,1.2400000095367432,1.2699999809265137,14515620
2019-01-07,1.185625672340393,1.3600000143051147,1.3700000047683716,1.3200000524520874,1.3200000524520874,7768000
2019-01-08,1.1681897640228271,1.340000033378601,1.3700000047683716,1.3200000524520874,1.3700000047683716,5217065
2019-01-09,1.2553682327270508,1.440000057220459,1.4600000381469727,1.3600000143051147,1.3700000047683716,24250036
2019-01-10,1.3425464630126953,1.5399999618530273,1.5399999618530273,1.440000057220459,1.4500000476837158,26777840
2019-01-11,1.3425464630126953,1.5399999618530273,1.590000033378601,1.5199999809265137,1.5700000524520874,14492754
2019-01-14,1.3076752424240112,1.5,1.5399999618530273,1.4700000286102295,1.5199999809265137,4469000
2019-01-15,1.3512643575668335,1.5499999523162842,1.5499999523162842,1.5,1.5,9394000
2019-01-16,1.3774179220199585,1.5800000429153442,1.590000033378601,1.5499999523162842,1.5700000524520874,5972000
2019-01-17,1.4122892618179321,1.6200000047683716,1.6399999856948853,1.5499999523162842,1.600000023841858,13922180
2019-01-18,1.3948534727096558,1.600000023841858,1.6399999856948853,1.5700000524520874,1.6299999952316284,15143000
2019-01-21,1.4035714864730835,1.6100000143051147,1.6100000143051147,1.5700000524520874,1.6100000143051147,4921000
2019-01-22,1.3948534727096558,1.600000023841858,1.6100000143051147,1.559999942779541,1.590000033378601,10436000
2019-01-23,1.3861356973648071,1.590000033378601,1.6100000143051147,1.5700000524520874,1.5800000429153442,3605000
2019-01-24,1.3948534727096558,1.600000023841858,1.600000023841858,1.5700000524520874,1.600000023841858,6590523
2019-01-25,1.4122892618179321,1.6200000047683716,1.6200000047683716,1.5800000429153442,1.600000023841858,6324400
2019-01-28,1.3948534727096558,1.600000023841858,1.6399999856948853,1.5800000429153442,1.6299999952316284,7542558
2019-01-29,1.3948534727096558,1.600000023841858,1.6399999856948853,1.5800000429153442,1.5800000429153442,14683900
2019-01-30,1.3861356973648071,1.590000033378601,1.6100000143051147,1.5700000524520874,1.600000023841858,9142022
2019-01-31,1.4384428262710571,1.649999976158142,1.649999976158142,1.5700000524520874,1.6100000143051147,12953900
2019-02-01,1.4645962715148926,1.6799999475479126,1.6799999475479126,1.6299999952316284,1.6799999475479126,6339842
2019-02-04,1.4558783769607544,1.6699999570846558,1.690000057220459,1.649999976158142,1.6699999570846558,1397634
2019-02-08,1.4994677305221558,1.7200000286102295,1.7300000190734863,1.6399999856948853,1.6399999856948853,9769682
2019-02-11,1.4558783769607544,1.6699999570846558,1.7100000381469727,1.649999976158142,1.7100000381469727,6793930
2019-02-12,1.508185625076294,1.7300000190734863,1.75,1.6699999570846558,1.690000057220459,15151447
2019-02-13,1.508185625076294,1.7300000190734863,1.75,1.7100000381469727,1.75,5493000
2019-02-14,1.508185625076294,1.7300000190734863,1.75,1.7100000381469727,1.7200000286102295,7195000
2019-02-15,1.4471604824066162,1.659999966621399,1.7400000095367432,1.649999976158142,1.7400000095367432,8098884
2019-02-18,1.4558783769607544,1.6699999570846558,1.7000000476837158,1.6399999856948853,1.6799999475479126,4265025
2019-02-19,1.4035714864730835,1.6100000143051147,1.6799999475479126,1.6100000143051147,1.6699999570846558,10915000
2019-02-20,1.4558783769607544,1.6699999570846558,1.6799999475479126,1.600000023841858,1.600000023841858,12119284
2019-02-21,1.4645962715148926,1.6799999475479126,1.6799999475479126,1.649999976158142,1.6699999570846558,6335000
2019-02-22,1.4820319414138794,1.7000000476837158,1.7000000476837158,1.649999976158142,1.649999976158142,6054441
2019-02-25,1.4645962715148926,1.6799999475479126,1.7300000190734863,1.659999966621399,1.7100000381469727,10444000
2019-02-26,1.4733139276504517,1.690000057220459,1.7300000190734863,1.6699999570846558,1.690000057220459,12666000
2019-02-27,1.4645962715148926,1.6799999475479126,1.7000000476837158,1.659999966621399,1.690000057220459,4899450
2019-02-28,1.429724931716919,1.6399999856948853,1.690000057220459,1.6200000047683716,1.659999966621399,15113821
2019-03-01,1.4645962715148926,1.6799999475479126,1.7000000476837158,1.6399999856948853,1.6399999856948853,9381102
2019-03-04,1.4558783769607544,1.6699999570846558,1.7000000476837158,1.659999966621399,1.7000000476837158,15030057
2019-03-05,1.4733139276504517,1.690000057220459,1.7100000381469727,1.649999976158142,1.6699999570846558,11671000
2019-03-06,1.4820319414138794,1.7000000476837158,1.7100000381469727,1.6799999475479126,1.6799999475479126,6270463
2019-03-07,1.4558783769607544,1.6699999570846558,1.7100000381469727,1.6699999570846558,1.690000057220459,7677855
2019-03-08,1.4035714864730835,1.6100000143051147,1.659999966621399,1.6100000143051147,1.649999976158142,7650340
2019-03-11,1.4035714864730835,1.6100000143051147,1.6299999952316284,1.590000033378601,1.6100000143051147,6222000
2019-03-12,1.4384428262710571,1.649999976158142,1.659999966621399,1.6200000047683716,1.6200000047683716,5497000
2019-03-13,1.4384428262710571,1.649999976158142,1.649999976158142,1.6299999952316284,1.649999976158142,4646081
2019-03-14,1.4035714864730835,1.6100000143051147,1.659999966621399,1.590000033378601,1.649999976158142,10422000
2019-03-15,1.3599823713302612,1.559999942779541,1.649999976158142,1.559999942779541,1.6200000047683716,15307472
2019-03-18,1.490749716758728,1.7100000381469727,1.7100000381469727,1.5800000429153442,1.5800000429153442,37671000
2019-03-19,1.6476707458496094,1.8899999856948853,1.899999976158142,1.7599999904632568,1.7599999904632568,49046400
2019-03-20,1.630235195159912,1.8700000047683716,1.940000057220459,1.8600000143051147,1.899999976158142,20839900
2019-03-21,1.6999777555465698,1.9500000476837158,2.0,1.8600000143051147,1.8899999856948853,42059463
2019-03-22,1.6825422048568726,1.9299999475479126,2.0,1.909999966621399,1.9800000190734863,12758000
2019-03-25,1.6389530897140503,1.8799999952316284,1.8899999856948853,1.840000033378601,1.8600000143051147,14106000
2019-03-26,1.6563884019851685,1.899999976158142,1.9299999475479126,1.8799999952316284,1.899999976158142,10482725
2019-03-27,1.6389530897140503,1.8799999952316284,1.9199999570846558,1.8700000047683716,1.899999976158142,8037937
2019-03-28,1.6476707458496094,1.8899999856948853,1.9500000476837158,1.8799999952316284,1.8799999952316284,9374932
2019-03-29,1.6563884019851685,1.899999976158142,1.9299999475479126,1.8700000047683716,1.909999966621399,13431594
2019-04-01,1.6738241910934448,1.9199999570846558,1.9299999475479126,1.899999976158142,1.9199999570846558,9935144
2019-04-02,1.7261313199996948,1.9800000190734863,2.0,1.909999966621399,1.9299999475479126,25294900
2019-04-03,1.6825422048568726,1.9299999475479126,2.0,1.9299999475479126,2.0,16245000
2019-04-04,1.6999777555465698,1.9500000476837158,1.9600000381469727,1.9199999570846558,1.9299999475479126,9035000
2019-04-08,1.6651062965393066,1.909999966621399,1.9600000381469727,1.8700000047683716,1.9500000476837158,17070000
2019-04-09,1.7522846460342407,2.009999990463257,2.0399999618530273,1.8899999856948853,1.899999976158142,33747000
2019-04-10,1.7958738803863525,2.059999942779541,2.0899999141693115,1.9500000476837158,2.009999990463257,33122762
2019-04-11,1.787156343460083,2.049999952316284,2.1700000762939453,2.0299999713897705,2.0799999237060547,32835635
2019-04-12,1.769720435142517,2.0299999713897705,2.049999952316284,2.0,2.049999952316284,7660900
2019-04-15,1.743566870689392,2.0,2.0799999237060547,1.9800000190734863,2.0199999809265137,9443110
2019-04-16,1.7348490953445435,1.9900000095367432,2.0399999618530273,1.9500000476837158,1.9900000095367432,10618560
2019-04-17,1.6825422048568726,1.9299999475479126,1.9800000190734863,1.9199999570846558,1.9700000286102295,18233000
2019-04-18,1.6651062965393066,1.909999966621399,1.9800000190734863,1.899999976158142,1.909999966621399,14927114
2019-04-23,1.8656163215637207,2.140000104904175,2.1500000953674316,1.909999966621399,1.9299999475479126,52741496
2019-04-24,1.8656163215637207,2.140000104904175,2.180000066757202,2.0799999237060547,2.130000114440918,25708711
2019-04-25,1.787156343460083,2.049999952316284,2.1600000858306885,2.0,2.140000104904175,24396822
2019-04-26,1.8568989038467407,2.130000114440918,2.140000104904175,2.0399999618530273,2.0799999237060547,20125259
2019-04-29,1.8568989038467407,2.130000114440918,2.140000104904175,2.0799999237060547,2.130000114440918,8124350
2019-04-30,1.839463233947754,2.109999895095825,2.130000114440918,2.059999942779541,2.130000114440918,5900443
2019-05-02,1.8830525875091553,2.1600000858306885,2.2200000286102295,2.109999895095825,2.109999895095825,17448000
2019-05-03,1.8307452201843262,2.0999999046325684,2.1700000762939453,2.0799999237060547,2.1700000762939453,23893818
2019-05-06,1.7261313199996948,1.9800000190734863,2.0399999618530273,1.940000057220459,2.0399999618530273,23181596
2019-05-07,1.743566870689392,2.0,2.0199999809265137,1.9500000476837158,2.009999990463257,15536014
2019-05-08,1.6651062965393066,1.909999966621399,1.9700000286102295,1.909999966621399,1.9500000476837158,15238279
2019-05-09,1.5953638553619385,1.8300000429153442,1.909999966621399,1.809999942779541,1.909999966621399,17364000
2019-05-10,1.6215171813964844,1.8600000143051147,1.9199999570846558,1.840000033378601,1.840000033378601,15161497
2019-05-14,1.569210171699524,1.7999999523162842,1.8600000143051147,1.7599999904632568,1.7599999904632568,15183810
2019-05-15,1.5953638553619385,1.8300000429153442,1.850000023841858,1.7999999523162842,1.840000033378601,14257230
2019-05-16,1.5866460800170898,1.8200000524520874,1.8600000143051147,1.7999999523162842,1.840000033378601,11962428
2019-05-17,1.543056845664978,1.7699999809265137,1.840000033378601,1.7599999904632568,1.8300000429153442,14570017
2019-05-20,1.4820319414138794,1.7000000476837158,1.7899999618530273,1.7000000476837158,1.7799999713897705,9482081
2019-05-21,1.508185625076294,1.7300000190734863,1.7300000190734863,1.6799999475479126,1.6799999475479126,10666000
2019-05-22,1.4645962715148926,1.6799999475479126,1.7300000190734863,1.6699999570846558,1.7300000190734863,9619486
2019-05-23,1.4471604824066162,1.659999966621399,1.7200000286102295,1.6399999856948853,1.690000057220459,9309679
2019-05-24,1.4645962715148926,1.6799999475479126,1.7000000476837158,1.6699999570846558,1.6699999570846558,4647000
2019-05-27,1.5169031620025635,1.7400000095367432,1.75,1.6799999475479126,1.7200000286102295,8726000
2019-05-28,1.5779279470443726,1.809999942779541,1.8300000429153442,1.7100000381469727,1.7200000286102295,50274648
2019-05-29,1.5604923963546753,1.7899999618530273,1.8300000429153442,1.7699999809265137,1.7899999618530273,13175389
2019-05-30,1.5256210565567017,1.75,1.809999942779541,1.7000000476837158,1.809999942779541,8483112
2019-05-31,1.5343388319015503,1.7599999904632568,1.7899999618530273,1.7200000286102295,1.75,7079727
2019-06-03,1.569210171699524,1.7999999523162842,1.7999999523162842,1.7300000190734863,1.7300000190734863,21659000
2019-06-04,1.5343388319015503,1.7599999904632568,1.8200000524520874,1.75,1.7699999809265137,21047153
2019-06-05,1.5475281476974487,1.7599999904632568,1.7999999523162842,1.7400000095367432,1.7999999523162842,8086114
2019-06-06,1.5299426317214966,1.7400000095367432,1.7899999618530273,1.7400000095367432,1.7599999904632568,5912000
2019-06-10,1.5651136636734009,1.7799999713897705,1.7999999523162842,1.75,1.7799999713897705,7287595
2019-06-11,1.5475281476974487,1.7599999904632568,1.7999999523162842,1.649999976158142,1.7999999523162842,9330348
2019-06-12,1.4947714805603027,1.7000000476837158,1.7599999904632568,1.7000000476837158,1.7599999904632568,9440000
2019-06-13,1.4596004486083984,1.659999966621399,1.690000057220459,1.6299999952316284,1.690000057220459,16661000
2019-06-14,1.4332220554351807,1.6299999952316284,1.6799999475479126,1.6200000047683716,1.6699999570846558,12751880
2019-06-17,1.468393087387085,1.6699999570846558,1.7200000286102295,1.6299999952316284,1.6299999952316284,9872520
2019-06-18,1.4771857261657715,1.6799999475479126,1.7000000476837158,1.659999966621399,1.659999966621399,12032236
2019-06-19,1.5475281476974487,1.7599999904632568,1.7799999713897705,1.7200000286102295,1.7200000286102295,11515200
2019-06-20,1.5651136636734009,1.7799999713897705,1.7999999523162842,1.7400000095367432,1.7699999809265137,11219370
2019-06-21,1.5299426317214966,1.7400000095367432,1.7799999713897705,1.7300000190734863,1.7599999904632568,10127000
2019-06-24,1.5563209056854248,1.7699999809265137,1.7899999618530273,1.7300000190734863,1.7300000190734863,7656491
2019-06-25,1.5211498737335205,1.7300000190734863,1.7699999809265137,1.7100000381469727,1.7699999809265137,8156471
2019-06-26,1.5651136636734009,1.7799999713897705,1.7899999618530273,1.7200000286102295,1.7300000190734863,8784000
2019-06-27,1.573906421661377,1.7899999618530273,1.7999999523162842,1.7699999809265137,1.7899999618530273,3924054
2019-06-28,1.5475281476974487,1.7599999904632568,1.7999999523162842,1.7400000095367432,1.7899999618530273,6347472
2019-07-02,1.573906421661377,1.7899999618530273,1.7999999523162842,1.7300000190734863,1.7799999713897705,12609858
2019-07-03,1.6002848148345947,1.8200000524520874,1.840000033378601,1.7000000476837158,1.7699999809265137,11968000
2019-07-04,1.5651136636734009,1.7799999713897705,1.850000023841858,1.7699999809265137,1.8200000524520874,11718000
2019-07-05,1.573906421661377,1.7899999618530273,1.7899999618530273,1.7599999904632568,1.7599999904632568,4412532
2019-07-08,1.5563209056854248,1.7699999809265137,1.7899999618530273,1.7400000095367432,1.7899999618530273,8228542
2019-07-09,1.5211498737335205,1.7300000190734863,1.7799999713897705,1.7300000190734863,1.7599999904632568,4606000
2019-07-10,1.5387353897094727,1.75,1.7599999904632568,1.7300000190734863,1.7300000190734863,7431000
2019-07-11,1.5475281476974487,1.7599999904632568,1.7999999523162842,1.7599999904632568,1.7599999904632568,8471700
2019-07-12,1.5211498737335205,1.7300000190734863,1.7599999904632568,1.7300000190734863,1.75,7048000
2019-07-15,1.5387353897094727,1.75,1.7699999809265137,1.7100000381469727,1.7100000381469727,5852000
2019-07-16,1.5651136636734009,1.7799999713897705,1.7799999713897705,1.7300000190734863,1.7300000190734863,8003345
2019-07-17,1.5387353897094727,1.75,1.7799999713897705,1.7400000095367432,1.75,4694000
2019-07-18,1.573906421661377,1.7899999618530273,1.7999999523162842,1.75,1.75,5634080
2019-07-19,1.5651136636734009,1.7799999713897705,1.809999942779541,1.7599999904632568,1.7999999523162842,6236000
2019-07-22,1.406843662261963,1.600000023841858,1.6699999570846558,1.5800000429153442,1.649999976158142,23307256
2019-07-23,1.3980509042739868,1.590000033378601,1.6200000047683716,1.5800000429153442,1.6200000047683716,8325000
2019-07-24,1.424429178237915,1.6200000047683716,1.6299999952316284,1.590000033378601,1.590000033378601,6318000
2019-07-25,1.4332220554351807,1.6299999952316284,1.6299999952316284,1.600000023841858,1.6299999952316284,4065883
2019-07-26,1.3804653882980347,1.5700000524520874,1.6200000047683716,1.559999942779541,1.6200000047683716,10374044
2019-07-29,1.3892583847045898,1.5800000429153442,1.590000033378601,1.5399999618530273,1.5700000524520874,5082178
2019-07-30,1.406843662261963,1.600000023841858,1.6299999952316284,1.5800000429153442,1.590000033378601,5970000
2019-07-31,1.424429178237915,1.6200000047683716,1.6299999952316284,1.559999942779541,1.600000023841858,5290000
2019-08-01,1.4156367778778076,1.6100000143051147,1.6200000047683716,1.590000033378601,1.6200000047683716,4802220
2019-08-02,1.3716727495193481,1.559999942779541,1.590000033378601,1.559999942779541,1.5700000524520874,7727000
2019-08-05,1.3013304471969604,1.4800000190734863,1.559999942779541,1.4800000190734863,1.5199999809265137,11326642
2019-08-06,1.257366418838501,1.4299999475479126,1.4600000381469727,1.3799999952316284,1.4600000381469727,15831838
2019-08-07,1.3277087211608887,1.5099999904632568,1.5399999618530273,1.4299999475479126,1.4299999475479126,15195000
2019-08-08,1.3452943563461304,1.5299999713897705,1.5399999618530273,1.5099999904632568,1.5399999618530273,7400106
2019-08-09,1.3189159631729126,1.5,1.5399999618530273,1.4900000095367432,1.5099999904632568,4292291
2019-08-12,1.3013304471969604,1.4800000190734863,1.5299999713897705,1.4600000381469727,1.4500000476837158,5299000
2019-08-13,1.2221955060958862,1.3899999856948853,1.4600000381469727,1.3799999952316284,1.4299999475479126,10124902
2019-08-14,1.2397809028625488,1.409999966621399,1.4500000476837158,1.3899999856948853,1.4299999475479126,7318136
2019-08-15,1.2309882640838623,1.399999976158142,1.409999966621399,1.350000023841858,1.3799999952316284,4893000
2019-08-16,1.2485737800598145,1.4199999570846558,1.440000057220459,1.3799999952316284,1.3899999856948853,7035000
2019-08-19,1.3013304471969604,1.4800000190734863,1.5099999904632568,1.409999966621399,1.409999966621399,7096262
2019-08-20,1.2661594152450562,1.440000057220459,1.4900000095367432,1.4199999570846558,1.4700000286102295,11004500
2019-08-21,1.2221955060958862,1.3899999856948853,1.4500000476837158,1.3799999952316284,1.440000057220459,20045184
2019-08-22,1.204609990119934,1.3700000047683716,1.409999966621399,1.3600000143051147,1.3799999952316284,18902000
2019-08-23,1.257366418838501,1.4299999475479126,1.440000057220459,1.3700000047683716,1.3899999856948853,18578922
2019-08-26,1.2221955060958862,1.3899999856948853,1.399999976158142,1.350000023841858,1.3799999952316284,10712258
2019-08-27,1.195817232131958,1.3600000143051147,1.4199999570846558,1.350000023841858,1.3899999856948853,24626480
2019-08-28,1.195817232131958,1.3600000143051147,1.3899999856948853,1.3600000143051147,1.3799999952316284,5557835
2019-08-29,1.2221955060958862,1.3899999856948853,1.3899999856948853,1.350000023841858,1.3799999952316284,5600604
2019-08-30,1.2309882640838623,1.399999976158142,1.409999966621399,1.3700000047683716,1.3799999952316284,7772982
2019-09-02,1.195817232131958,1.3600000143051147,1.399999976158142,1.350000023841858,1.399999976158142,6038000
2019-09-03,1.1694389581680298,1.3300000429153442,1.3799999952316284,1.309999942779541,1.350000023841858,7883000
2019-09-04,1.195817232131958,1.3600000143051147,1.3799999952316284,1.340000033378601,1.340000033378601,7836123
2019-09-05,1.2309882640838623,1.399999976158142,1.409999966621399,1.350000023841858,1.350000023841858,11882000
2019-09-06,1.2309882640838623,1.399999976158142,1.4199999570846558,1.3899999856948853,1.399999976158142,6993647
2019-09-09,1.2134027481079102,1.3799999952316284,1.409999966621399,1.3700000047683716,1.3899999856948853,5793000
2019-09-10,1.204609990119934,1.3700000047683716,1.3899999856948853,1.350000023841858,1.3899999856948853,12305188
2019-09-11,1.195817232131958,1.3600000143051147,1.3799999952316284,1.350000023841858,1.3700000047683716,12498430
2019-09-12,1.187024474143982,1.350000023841858,1.3700000047683716,1.340000033378601,1.3600000143051147,9960688
2019-09-13,1.2134027481079102,1.3799999952316284,1.3799999952316284,1.340000033378601,1.350000023841858,6276000
2019-09-16,1.204609990119934,1.3700000047683716,1.399999976158142,1.3600000143051147,1.3700000047683716,9093000
2019-09-17,1.195817232131958,1.3600000143051147,1.3700000047683716,1.350000023841858,1.3600000143051147,8348707
2019-09-18,1.204609990119934,1.3700000047683716,1.3899999856948853,1.3600000143051147,1.3600000143051147,6270000
2019-09-19,1.204609990119934,1.3700000047683716,1.3799999952316284,1.3600000143051147,1.3799999952316284,5681000
2019-09-20,1.2134027481079102,1.3799999952316284,1.3899999856948853,1.3600000143051147,1.3600000143051147,12937000
2019-09-23,1.195817232131958,1.3600000143051147,1.3899999856948853,1.350000023841858,1.3899999856948853,8476273
2019-09-24,1.1694389581680298,1.3300000429153442,1.3600000143051147,1.3300000429153442,1.350000023841858,13169810
2019-09-25,1.1166821718215942,1.2699999809265137,1.3200000524520874,1.2699999809265137,1.3200000524520874,16257700
2019-09-26,1.0551327466964722,1.2000000476837158,1.2799999713897705,1.190000057220459,1.2699999809265137,31577500
2019-09-27,1.0199617147445679,1.159999966621399,1.2200000286102295,1.149999976158142,1.2100000381469727,22943028
2019-09-30,1.0463402271270752,1.190000057220459,1.2000000476837158,1.1200000047683716,1.149999976158142,13109000
2019-10-02,1.0111689567565918,1.149999976158142,1.1799999475479126,1.1399999856948853,1.1699999570846558,10646000
2019-10-03,1.0375471115112305,1.1799999475479126,1.190000057220459,1.1399999856948853,1.1399999856948853,10742000
2019-10-04,0.9408266544342041,1.0700000524520874,1.2000000476837158,1.0499999523162842,1.2000000476837158,34031000
2019-10-08,0.9672051072120667,1.100000023841858,1.1399999856948853,1.059999942779541,1.0700000524520874,22968000
2019-10-09,0.9672051072120667,1.100000023841858,1.1200000047683716,1.090000033378601,1.100000023841858,10047530
2019-10-10,0.9935833215713501,1.1299999952316284,1.149999976158142,1.1100000143051147,1.1200000047683716,14442953
2019-10-11,0.9935833215713501,1.1299999952316284,1.1699999570846558,1.1100000143051147,1.1399999856948853,11465000
2019-10-14,0.975997805595398,1.1100000143051147,1.159999966621399,1.1100000143051147,1.1299999952316284,13463443
2019-10-15,0.975997805595398,1.1100000143051147,1.1299999952316284,1.100000023841858,1.1100000143051147,17789214
2019-10-16,0.9847906231880188,1.1200000047683716,1.1299999952316284,1.1100000143051147,1.1100000143051147,13673000
2019-10-17,0.9534505605697632,1.0800000429153442,1.1100000143051147,1.0800000429153442,1.1100000143051147,18609024
2019-10-18,0.9357938170433044,1.059999942779541,1.090000033378601,1.059999942779541,1.090000033378601,18982620
2019-10-21,0.9446220397949219,1.0700000524520874,1.090000033378601,1.0499999523162842,1.059999942779541,13751000
2019-10-22,0.9269655346870422,1.0499999523162842,1.090000033378601,1.0499999523162842,1.0700000524520874,17267964
2019-10-23,0.9357938170433044,1.059999942779541,1.059999942779541,1.0499999523162842,1.0499999523162842,11501000
2019-10-24,0.9446220397949219,1.0700000524520874,1.0800000429153442,1.0499999523162842,1.0700000524520874,12348996
2019-10-25,0.9446220397949219,1.0700000524520874,1.0700000524520874,1.059999942779541,1.059999942779541,9355000
2019-10-28,0.9534505605697632,1.0800000429153442,1.090000033378601,1.059999942779541,1.059999942779541,9993000
2019-10-29,0.9357938170433044,1.059999942779541,1.100000023841858,1.059999942779541,1.0800000429153442,14639714
2019-10-30,0.9269655346870422,1.0499999523162842,1.0700000524520874,1.0399999618530273,1.059999942779541,13507315
2019-10-31,0.9093091487884521,1.0299999713897705,1.0800000429153442,0.9800000190734863,1.0499999523162842,90739965
2019-11-01,0.8916525840759277,1.0099999904632568,1.0299999713897705,0.9900000095367432,1.0,35440000
2019-11-04,0.9446220397949219,1.0700000524520874,1.0700000524520874,1.0,1.0199999809265137,54404150
2019-11-05,0.9887633323669434,1.1200000047683716,1.1200000047683716,1.0499999523162842,1.0700000524520874,35323236
2019-11-06,1.0505610704421997,1.190000057220459,1.2200000286102295,1.1200000047683716,1.1299999952316284,61510195
2019-11-07,1.0152480602264404,1.149999976158142,1.2100000381469727,1.1399999856948853,1.2000000476837158,39871900
2019-11-08,0.9711068272590637,1.100000023841858,1.159999966621399,1.100000023841858,1.149999976158142,53282600
2019-11-11,0.9534505605697632,1.0800000429153442,1.1100000143051147,1.059999942779541,1.1100000143051147,23793911
2019-11-12,0.9357938170433044,1.059999942779541,1.100000023841858,1.0299999713897705,1.090000033378601,30411709
2019-11-13,0.9093091487884521,1.0299999713897705,1.0499999523162842,1.0099999904632568,1.0499999523162842,27661808
2019-11-14,0.9269655346870422,1.0499999523162842,1.0499999523162842,1.0199999809265137,1.0299999713897705,23922213
2019-11-15,0.8828244209289551,1.0,1.0399999618530273,0.9900000095367432,1.0399999618530273,40750400
2019-11-18,0.9004807472229004,1.0199999809265137,1.0299999713897705,1.0099999904632568,1.0099999904632568,12487390
2019-11-19,0.9004807472229004,1.0199999809265137,1.0299999713897705,1.0099999904632568,1.0199999809265137,17244680
2019-11-20,0.9004807472229004,1.0199999809265137,1.0199999809265137,1.0099999904632568,1.0199999809265137,14548805
2019-11-21,0.8916525840759277,1.0099999904632568,1.0199999809265137,1.0,1.0099999904632568,21209346
2019-11-22,0.8651678562164307,0.9800000190734863,1.0199999809265137,0.9800000190734863,1.0099999904632568,37319600
2019-11-25,0.7945418953895569,0.8999999761581421,0.9900000095367432,0.8999999761581421,0.9800000190734863,60846181
2019-11-26,0.821026623249054,0.9300000071525574,0.9700000286102295,0.8999999761581421,0.9100000262260437,328304373
2019-11-27,0.8386831283569336,0.949999988079071,0.9700000286102295,0.9399999976158142,0.9399999976158142,33155270
2019-11-28,0.8033702373504639,0.9100000262260437,0.949999988079071,0.9100000262260437,0.949999988079071,20846700
2019-11-29,0.7857136726379395,0.8899999856948853,0.9100000262260437,0.8700000047683716,0.9100000262260437,27371000
2019-12-02,0.7415724992752075,0.8399999737739563,0.8899999856948853,0.8299999833106995,0.8899999856948853,31432000
2019-12-03,0.750400722026825,0.8500000238418579,0.8700000047683716,0.800000011920929,0.8399999737739563,42983810
2019-12-04,0.7680572271347046,0.8700000047683716,0.8899999856948853,0.8299999833106995,0.8299999833106995,25678213
2019-12-05,0.7592290043830872,0.8600000143051147,0.8999999761581421,0.8500000238418579,0.8899999856948853,25598838
2019-12-06,0.750400722026825,0.8500000238418579,0.8899999856948853,0.8500000238418579,0.8799999952316284,18393000
2019-12-09,0.7239159345626831,0.8199999928474426,0.8600000143051147,0.8199999928474426,0.8500000238418579,16430000
2019-12-10,0.7239159345626831,0.8199999928474426,0.8399999737739563,0.8100000023841858,0.8199999928474426,15741492
2019-12-11,0.7415724992752075,0.8399999737739563,0.8500000238418579,0.8199999928474426,0.8299999833106995,13146000
2019-12-12,0.750400722026825,0.8500000238418579,0.8600000143051147,0.8399999737739563,0.8500000238418579,11339000
2019-12-13,0.7680572271347046,0.8700000047683716,0.8799999952316284,0.8500000238418579,0.8500000238418579,30234073
2019-12-16,0.7680572271347046,0.8700000047683716,0.8999999761581421,0.8700000047683716,0.8799999952316284,20047298
2019-12-17,0.7945418953895569,0.8999999761581421,0.9100000262260437,0.8799999952316284,0.8899999856948853,24195000
2019-12-18,0.8033702373504639,0.9100000262260437,0.9300000071525574,0.8999999761581421,0.9100000262260437,13878835
2019-12-19,0.8386831283569336,0.949999988079071,0.9599999785423279,0.9100000262260437,0.9200000166893005,22473782
2019-12-20,0.8828244209289551,1.0,1.0099999904632568,0.9599999785423279,0.9599999785423279,58418500
2019-12-23,0.8828244209289551,1.0,1.0199999809265137,1.0,1.0199999809265137,14170298
2019-12-24,0.8386831283569336,0.949999988079071,1.0,0.949999988079071,1.0,16034000
2019-12-27,0.847511351108551,0.9599999785423279,0.9800000190734863,0.949999988079071,0.949999988079071,19903740
2019-12-30,0.8298548460006714,0.9399999976158142,0.9599999785423279,0.9300000071525574,0.9599999785423279,11682753
2019-12-31,0.821026623249054,0.9300000071525574,0.9399999976158142,0.9300000071525574,0.9399999976158142,6033000
2020-01-02,0.8298548460006714,0.9399999976158142,0.9599999785423279,0.9399999976158142,0.9399999976158142,12087000
2020-01-03,0.8298548460006714,0.9399999976158142,0.9800000190734863,0.9399999976158142,0.949999988079071,15852600
2020-01-06,0.821026623249054,0.9300000071525574,0.949999988079071,0.9300000071525574,0.9399999976158142,6371000
2020-01-07,0.8298548460006714,0.9399999976158142,0.949999988079071,0.9300000071525574,0.949999988079071,7394471
2020-01-08,0.7945418953895569,0.8999999761581421,0.9300000071525574,0.8999999761581421,0.9300000071525574,16931302
2020-01-09,0.821026623249054,0.9300000071525574,0.9399999976158142,0.9100000262260437,0.9100000262260437,15436000
2020-01-10,0.8121984004974365,0.9200000166893005,0.949999988079071,0.9200000166893005,0.949999988079071,10038380
2020-01-13,0.8121984004974365,0.9200000166893005,0.9300000071525574,0.9100000262260437,0.9200000166893005,10557000
2020-01-14,0.8033702373504639,0.9100000262260437,0.9399999976158142,0.9100000262260437,0.9300000071525574,16573000
2020-01-15,0.8033702373504639,0.9100000262260437,0.9200000166893005,0.9100000262260437,0.9100000262260437,7644260
2020-01-16,0.8121984004974365,0.9200000166893005,0.9300000071525574,0.9100000262260437,0.9100000262260437,8883009
2020-01-17,0.821026623249054,0.9300000071525574,0.9399999976158142,0.9200000166893005,0.9300000071525574,17671000
2020-01-20,0.856339693069458,0.9700000286102295,1.0099999904632568,0.9399999976158142,0.9399999976158142,93329000
2020-01-21,0.856339693069458,0.9700000286102295,1.0099999904632568,0.9700000286102295,0.9800000190734863,48501900
2020-01-22,0.847511351108551,0.9599999785423279,0.9900000095367432,0.949999988079071,0.9800000190734863,18112000
2020-01-23,0.821026623249054,0.9300000071525574,0.9900000095367432,0.9300000071525574,0.9599999785423279,21076797
2020-01-24,0.8033702373504639,0.9100000262260437,0.9399999976158142,0.8999999761581421,0.9399999976158142,14018890
2020-01-29,0.7680572271347046,0.8700000047683716,0.9100000262260437,0.8600000143051147,0.8799999952316284,14453000
2020-01-30,0.8121984004974365,0.9200000166893005,0.9800000190734863,0.8600000143051147,0.8700000047683716,51190000
2020-01-31,0.7857136726379395,0.8899999856948853,0.9700000286102295,0.8799999952316284,0.949999988079071,27348000
2020-02-03,0.8121984004974365,0.9200000166893005,0.9399999976158142,0.8600000143051147,0.8899999856948853,30558212
2020-02-04,0.7945418953895569,0.8999999761581421,0.9399999976158142,0.8999999761581421,0.9200000166893005,20878000
2020-02-05,0.821026623249054,0.9300000071525574,0.949999988079071,0.9100000262260437,0.9100000262260437,27039000
2020-02-06,0.8298548460006714,0.9399999976158142,0.9800000190734863,0.9200000166893005,0.9399999976158142,34630400
2020-02-07,0.8651678562164307,0.9800000190734863,0.9900000095367432,0.9300000071525574,0.9399999976158142,53884000
2020-02-10,0.9181373715400696,1.0399999618530273,1.0499999523162842,0.9700000286102295,0.9700000286102295,72340000
2020-02-11,0.9004807472229004,1.0199999809265137,1.059999942779541,1.0099999904632568,1.0499999523162842,37109000
2020-02-12,0.9534505605697632,1.0800000429153442,1.1799999475479126,1.0800000429153442,1.1399999856948853,127846104
2020-02-13,0.9269655346870422,1.0499999523162842,1.1200000047683716,1.0499999523162842,1.100000023841858,33402000
2020-02-14,0.9269655346870422,1.0499999523162842,1.090000033378601,1.0499999523162842,1.059999942779541,27099084
2020-02-17,0.9093091487884521,1.0299999713897705,1.0700000524520874,1.0199999809265137,1.0499999523162842,23269200
2020-02-18,0.8828244209289551,1.0,1.0299999713897705,1.0,1.0299999713897705,24857000
2020-02-19,0.9357938170433044,1.059999942779541,1.0700000524520874,1.0099999904632568,1.0099999904632568,48534000
2020-02-20,0.9004807472229004,1.0199999809265137,1.0700000524520874,1.0199999809265137,1.059999942779541,23304800
2020-02-21,0.8739961981773376,0.9900000095367432,1.0399999618530273,0.9900000095367432,1.0299999713897705,39052000
2020-02-24,0.847511351108551,0.9599999785423279,0.9900000095367432,0.9399999976158142,0.9900000095367432,35920000
2020-02-25,0.8298548460006714,0.9399999976158142,0.9599999785423279,0.9100000262260437,0.949999988079071,34530000
2020-02-26,0.8298548460006714,0.9399999976158142,0.9599999785423279,0.9200000166893005,0.9200000166893005,19204000
2020-02-27,0.8386831283569336,0.949999988079071,0.9599999785423279,0.9300000071525574,0.9399999976158142,21272000
2020-02-28,0.8121984004974365,0.9200000166893005,0.9399999976158142,0.9100000262260437,0.9300000071525574,27069000
2020-03-02,0.8386831283569336,0.949999988079071,1.0099999904632568,0.949999988079071,0.9900000095367432,45441000
2020-03-03,0.8121984004974365,0.9200000166893005,0.9800000190734863,0.9200000166893005,0.9700000286102295,32124780
2020-03-04,0.8298548460006714,0.9399999976158142,0.9399999976158142,0.9100000262260437,0.9200000166893005,14827000
2020-03-05,0.821026623249054,0.9300000071525574,0.949999988079071,0.9200000166893005,0.949999988079071,21020403
2020-03-06,0.821026623249054,0.9300000071525574,0.949999988079071,0.9200000166893005,0.9200000166893005,9362597
2020-03-09,0.7945418953895569,0.8999999761581421,0.9300000071525574,0.8899999856948853,0.9200000166893005,20126000
2020-03-10,0.7680572271347046,0.8700000047683716,0.8999999761581421,0.8500000238418579,0.8799999952316284,30430649
2020-03-11,0.7680572271347046,0.8700000047683716,0.8899999856948853,0.8600000143051147,0.8799999952316284,17080570
2020-03-12,0.7415724992752075,0.8399999737739563,0.8600000143051147,0.8100000023841858,0.8600000143051147,29936000
2020-03-13,0.7415724992752075,0.8399999737739563,0.8600000143051147,0.7599999904632568,0.7900000214576721,35840000
2020-03-16,0.6974312663078308,0.7900000214576721,0.8199999928474426,0.7799999713897705,0.7900000214576721,36483000
2020-03-17,0.6886030435562134,0.7799999713897705,0.800000011920929,0.7599999904632568,0.7699999809265137,29821000
2020-03-18,0.6974312663078308,0.7900000214576721,0.8999999761581421,0.7699999809265137,0.7699999809265137,71358000
2020-03-19,0.6444618105888367,0.7300000190734863,0.8100000023841858,0.7200000286102295,0.7900000214576721,52103318
2020-03-20,0.6797747015953064,0.7699999809265137,0.7900000214576721,0.75,0.7599999904632568,20096000
2020-03-23,0.7239159345626831,0.8199999928474426,0.8199999928474426,0.7400000095367432,0.75,38318421
2020-03-24,0.7150877118110657,0.8100000023841858,0.8500000238418579,0.800000011920929,0.8399999737739563,22909857
2020-03-25,0.7239159345626831,0.8199999928474426,0.8500000238418579,0.8100000023841858,0.8299999833106995,16764000
2020-03-26,0.6974312663078308,0.7900000214576721,0.8299999833106995,0.7900000214576721,0.8299999833106995,22159000
2020-03-27,0.6974312663078308,0.7900000214576721,0.8199999928474426,0.7900000214576721,0.8100000023841858,14763000
2020-03-30,0.6974312663078308,0.7900000214576721,0.800000011920929,0.7799999713897705,0.7900000214576721,9434000
2020-03-31,0.6886030435562134,0.7799999713897705,0.8100000023841858,0.7699999809265137,0.7900000214576721,27203000
2020-04-01,0.670946478843689,0.7599999904632568,0.7900000214576721,0.75,0.7799999713897705,17223488
2020-04-02,0.670946478843689,0.7599999904632568,0.7599999904632568,0.7400000095367432,0.7599999904632568,11457000
2020-04-03,0.6532900333404541,0.7400000095367432,0.7599999904632568,0.7400000095367432,0.75,10122708
2020-04-06,0.6532900333404541,0.7400000095367432,0.7599999904632568,0.7200000286102295,0.75,21349000
2020-04-07,0.670946478843689,0.7599999904632568,0.7799999713897705,0.7400000095367432,0.7599999904632568,21274000
2020-04-08,0.6532900333404541,0.7400000095367432,0.7699999809265137,0.7400000095367432,0.7699999809265137,15385751
2020-04-09,0.6886030435562134,0.7799999713897705,0.7900000214576721,0.7599999904632568,0.7599999904632568,24185000
2020-04-14,0.6886030435562134,0.7799999713897705,0.8100000023841858,0.7699999809265137,0.7799999713897705,18974000
2020-04-15,0.6797747015953064,0.7699999809265137,0.7900000214576721,0.7699999809265137,0.7900000214576721,11135000
2020-04-16,0.6797747015953064,0.7699999809265137,0.7799999713897705,0.7599999904632568,0.7699999809265137,12229000
2020-04-17,0.6886030435562134,0.7799999713897705,0.7900000214576721,0.7699999809265137,0.7699999809265137,13413000
2020-04-20,0.6797747015953064,0.7699999809265137,0.7900000214576721,0.7599999904632568,0.7900000214576721,10468000
2020-04-21,0.6621183156967163,0.75,0.7699999809265137,0.7400000095367432,0.7699999809265137,23088500
2020-04-22,0.6621183156967163,0.75,0.7599999904632568,0.7400000095367432,0.75,13250763
2020-04-23,0.6621183156967163,0.75,0.7599999904632568,0.7400000095367432,0.7599999904632568,12130000
2020-04-24,0.6532900333404541,0.7400000095367432,0.7599999904632568,0.7400000095367432,0.7400000095367432,5842000
2020-04-27,0.6797747015953064,0.7699999809265137,0.7699999809265137,0.7400000095367432,0.75,12126000
2020-04-28,0.670946478843689,0.7599999904632568,0.7699999809265137,0.75,0.7699999809265137,8083000
2020-04-29,0.6886030435562134,0.7799999713897705,0.8100000023841858,0.7599999904632568,0.7599999904632568,32838000
2020-05-04,0.6974312663078308,0.7900000214576721,0.8199999928474426,0.7799999713897705,0.8100000023841858,27121000
2020-05-05,0.6886030435562134,0.7799999713897705,0.800000011920929,0.7799999713897705,0.7900000214576721,11657000
2020-05-06,0.6797747015953064,0.7699999809265137,0.7799999713897705,0.7599999904632568,0.7799999713897705,27749007
2020-05-07,0.670946478843689,0.7599999904632568,0.7799999713897705,0.7599999904632568,0.7699999809265137,9293000
2020-05-08,0.6886030435562134,0.7799999713897705,0.7799999713897705,0.7599999904632568,0.7699999809265137,11277000
2020-05-11,0.6797747015953064,0.7699999809265137,0.800000011920929,0.7699999809265137,0.7799999713897705,11738100
2020-05-12,0.670946478843689,0.7599999904632568,0.7799999713897705,0.7599999904632568,0.7699999809265137,10859000
2020-05-13,0.670946478843689,0.7599999904632568,0.7699999809265137,0.75,0.7599999904632568,6903000
2020-05-14,0.6532900333404541,0.7400000095367432,0.7599999904632568,0.7400000095367432,0.7599999904632568,17396000
2020-05-15,0.6621183156967163,0.75,0.75,0.7400000095367432,0.75,12706000
2020-05-18,0.670946478843689,0.7599999904632568,0.7599999904632568,0.7400000095367432,0.7400000095367432,6606000
2020-05-19,0.6797747015953064,0.7699999809265137,0.7799999713897705,0.7599999904632568,0.7699999809265137,15659000
2020-05-20,0.6797747015953064,0.7699999809265137,0.7799999713897705,0.7599999904632568,0.7699999809265137,6408000
2020-05-21,0.670946478843689,0.7599999904632568,0.7799999713897705,0.7599999904632568,0.7699999809265137,9046000
2020-05-22,0.6444618105888367,0.7300000190734863,0.7599999904632568,0.7200000286102295,0.7599999904632568,30188000
2020-05-25,0.6356335282325745,0.7200000286102295,0.7300000190734863,0.7099999785423279,0.7300000190734863,18072000
2020-05-26,0.6356335282325745,0.7200000286102295,0.75,0.7200000286102295,0.7300000190734863,16560000
2020-05-27,0.6444618105888367,0.7300000190734863,0.7300000190734863,0.7099999785423279,0.7300000190734863,14714000
2020-05-28,0.6444618105888367,0.7300000190734863,0.75,0.7200000286102295,0.7300000190734863,13646000
2020-05-29,0.670946478843689,0.7599999904632568,0.7799999713897705,0.7300000190734863,0.7300000190734863,28703000
2020-06-01,0.6797747015953064,0.7699999809265137,0.7900000214576721,0.7599999904632568,0.7699999809265137,29247000
2020-06-02,0.6974312663078308,0.7900000214576721,0.800000011920929,0.7799999713897705,0.7799999713897705,14128488
2020-06-03,0.6886030435562134,0.7799999713897705,0.800000011920929,0.7799999713897705,0.7900000214576721,14309000
2020-06-04,0.6974312663078308,0.7900000214576721,0.800000011920929,0.7799999713897705,0.7900000214576721,17083000
2020-06-05,0.7150877118110657,0.8100000023841858,0.8100000023841858,0.7900000214576721,0.7900000214576721,29103000
2020-06-08,0.7150877118110657,0.8100000023841858,0.8199999928474426,0.7900000214576721,0.8100000023841858,19046000
2020-06-09,0.7062594294548035,0.800000011920929,0.8100000023841858,0.7900000214576721,0.8100000023841858,17310000
2020-06-10,0.7062594294548035,0.800000011920929,0.8100000023841858,0.800000011920929,0.8100000023841858,16597000
2020-06-11,0.6886030435562134,0.7799999713897705,0.8100000023841858,0.7699999809265137,0.800000011920929,30023000
2020-06-12,0.6974312663078308,0.7900000214576721,0.800000011920929,0.75,0.7699999809265137,21605000
2020-06-15,0.6974312663078308,0.7900000214576721,0.800000011920929,0.7900000214576721,0.800000011920929,11730000
2020-06-16,0.7327441573143005,0.8299999833106995,0.8399999737739563,0.7900000214576721,0.8100000023841858,56059000
2020-06-17,0.7857136726379395,0.8899999856948853,0.9200000166893005,0.8299999833106995,0.8399999737739563,110183000
2020-06-18,0.672700047492981,0.75,0.7900000214576721,0.75,0.7699999809265137,34201000
2020-06-19,0.672700047492981,0.75,0.7599999904632568,0.7200000286102295,0.75,34871956
2020-06-22,0.6547614336013794,0.7300000190734863,0.75,0.7200000286102295,0.75,29937130
2020-06-23,0.6547614336013794,0.7300000190734863,0.75,0.7200000286102295,0.7400000095367432,18756185
2020-06-24,0.672700047492981,0.75,0.7799999713897705,0.7300000190734863,0.7300000190734863,26433760
2020-06-26,0.6637307405471802,0.7400000095367432,0.7599999904632568,0.7400000095367432,0.75,5185000
2020-06-29,0.6816694140434265,0.7599999904632568,0.7599999904632568,0.7400000095367432,0.75,13910732
2020-06-30,0.6637307405471802,0.7400000095367432,0.7699999809265137,0.7400000095367432,0.7699999809265137,8983000
2020-07-02,0.672700047492981,0.75,0.7599999904632568,0.7400000095367432,0.7400000095367432,15845000
2020-07-03,0.672700047492981,0.75,0.7799999713897705,0.7400000095367432,0.75,15881000
2020-07-06,0.6996080279350281,0.7799999713897705,0.7799999713897705,0.7599999904632568,0.7599999904632568,27464000
2020-07-07,0.6906387209892273,0.7699999809265137,0.800000011920929,0.7699999809265137,0.7799999713897705,27591530
2020-07-08,0.6996080279350281,0.7799999713897705,0.7900000214576721,0.7699999809265137,0.7799999713897705,17227010
2020-07-09,0.6996080279350281,0.7799999713897705,0.7900000214576721,0.7699999809265137,0.7900000214576721,25978000
2020-07-10,0.6906387209892273,0.7699999809265137,0.7900000214576721,0.7599999904632568,0.7799999713897705,18133000
2020-07-13,0.6996080279350281,0.7799999713897705,0.7799999713897705,0.7699999809265137,0.7699999809265137,21223000
2020-07-14,0.6816694140434265,0.7599999904632568,0.7799999713897705,0.75,0.7799999713897705,20961000
2020-07-15,0.672700047492981,0.75,0.7799999713897705,0.75,0.7699999809265137,15580771
2020-07-16,0.672700047492981,0.75,0.7599999904632568,0.7400000095367432,0.7599999904632568,15710000
2020-07-17,0.6637307405471802,0.7400000095367432,0.75,0.7400000095367432,0.7400000095367432,7491000
2020-07-20,0.6637307405471802,0.7400000095367432,0.75,0.7300000190734863,0.75,6924000
2020-07-21,0.6996080279350281,0.7799999713897705,0.7900000214576721,0.7400000095367432,0.7400000095367432,37584557
2020-07-22,0.7534240484237671,0.8399999737739563,0.8700000047683716,0.7799999713897705,0.7900000214576721,77400000
2020-07-23,0.7354853749275208,0.8199999928474426,0.8600000143051147,0.800000011920929,0.8399999737739563,22266000
2020-07-24,0.7175466418266296,0.800000011920929,0.8199999928474426,0.7599999904632568,0.8100000023841858,44666000
2020-07-27,0.6996080279350281,0.7799999713897705,0.8100000023841858,0.7699999809265137,0.800000011920929,11340000
2020-07-28,0.6996080279350281,0.7799999713897705,0.800000011920929,0.7699999809265137,0.7900000214576721,17464000
2020-07-29,0.6996080279350281,0.7799999713897705,0.7900000214576721,0.7699999809265137,0.7799999713897705,10895000
2020-07-30,0.7085773944854736,0.7900000214576721,0.8100000023841858,0.7799999713897705,0.7900000214576721,15701000
2020-07-31,0.7085773944854736,0.7900000214576721,0.8100000023841858,0.7900000214576721,0.7900000214576721,10740785
2020-08-03,0.7175466418266296,0.800000011920929,0.8199999928474426,0.800000011920929,0.800000011920929,12853000
2020-08-04,0.7444546818733215,0.8299999833106995,0.8600000143051147,0.800000011920929,0.800000011920929,28530000
2020-08-05,0.7444546818733215,0.8299999833106995,0.8399999737739563,0.8199999928474426,0.8299999833106995,12120000
2020-08-06,0.72651606798172,0.8100000023841858,0.8299999833106995,0.800000011920929,0.8299999833106995,15801331
2020-08-07,0.7354853749275208,0.8199999928474426,0.8299999833106995,0.8100000023841858,0.8100000023841858,9596000
2020-08-10,0.72651606798172,0.8100000023841858,0.8299999833106995,0.800000011920929,0.8199999928474426,11134000
2020-08-11,0.72651606798172,0.8100000023841858,0.8299999833106995,0.800000011920929,0.8199999928474426,10573000
2020-08-12,0.72651606798172,0.8100000023841858,0.8199999928474426,0.800000011920929,0.8100000023841858,10087000
2020-08-13,0.7354853749275208,0.8199999928474426,0.8299999833106995,0.8100000023841858,0.8199999928474426,12035000
2020-08-14,0.7534240484237671,0.8399999737739563,0.8600000143051147,0.8100000023841858,0.8199999928474426,17614000
2020-08-17,0.7534240484237671,0.8399999737739563,0.8500000238418579,0.8299999833106995,0.8500000238418579,11236000
2020-08-18,0.7623934149742126,0.8500000238418579,0.8500000238418579,0.8299999833106995,0.8399999737739563,6761363
2020-08-19,0.7534240484237671,0.8399999737739563,0.8600000143051147,0.8399999737739563,0.8600000143051147,7498000
2020-08-20,0.7893013954162598,0.8799999952316284,0.8899999856948853,0.8399999737739563,0.8399999737739563,26379000
2020-08-21,0.9238414168357849,1.0299999713897705,1.059999942779541,0.8899999856948853,0.8899999856948853,154340000
2020-08-24,0.950749397277832,1.059999942779541,1.090000033378601,0.9900000095367432,1.0800000429153442,85561000
2020-08-25,0.9417800903320312,1.0499999523162842,1.059999942779541,1.0199999809265137,1.059999942779541,22867000
2020-08-26,0.8072400093078613,0.8999999761581421,1.0199999809265137,0.8899999856948853,1.0099999904632568,85998000
2020-08-27,0.8520867228507996,0.949999988079071,0.9700000286102295,0.8899999856948853,0.9200000166893005,57619000
2020-08-28,0.843117356300354,0.9399999976158142,0.9599999785423279,0.9200000166893005,0.949999988079071,19454100
2020-08-31,0.843117356300354,0.9399999976158142,0.9599999785423279,0.9300000071525574,0.9300000071525574,13212325
2020-09-01,0.843117356300354,0.9399999976158142,0.9599999785423279,0.9399999976158142,0.9399999976158142,10890000
2020-09-02,0.8251787424087524,0.9200000166893005,0.949999988079071,0.8999999761581421,0.949999988079071,22573000
2020-09-03,0.8162094354629517,0.9100000262260437,0.9300000071525574,0.8999999761581421,0.9200000166893005,24043000
2020-09-04,0.7982707619667053,0.8899999856948853,0.9200000166893005,0.8899999856948853,0.9200000166893005,21902000
2020-09-07,0.8072400093078613,0.8999999761581421,0.9100000262260437,0.8899999856948853,0.8999999761581421,8614000
2020-09-08,0.771362841129303,0.8600000143051147,0.9100000262260437,0.8399999737739563,0.8999999761581421,27139000
2020-09-09,0.7623934149742126,0.8500000238418579,0.8600000143051147,0.8299999833106995,0.8399999737739563,17336000
2020-09-10,0.7893013954162598,0.8799999952316284,0.8799999952316284,0.8299999833106995,0.8500000238418579,24367734
2020-09-11,0.771362841129303,0.8600000143051147,0.8799999952316284,0.8500000238418579,0.8799999952316284,15848964
2020-09-14,0.7444546818733215,0.8299999833106995,0.8700000047683716,0.8299999833106995,0.8500000238418579,13847000
2020-09-15,0.7444546818733215,0.8299999833106995,0.8399999737739563,0.8199999928474426,0.8299999833106995,14837000
2020-09-16,0.7623934149742126,0.8500000238418579,0.8799999952316284,0.8199999928474426,0.8299999833106995,19988000
2020-09-17,0.7534240484237671,0.8399999737739563,0.8500000238418579,0.8299999833106995,0.8500000238418579,13328000
2020-09-18,0.771362841129303,0.8600000143051147,0.8700000047683716,0.8399999737739563,0.8500000238418579,33654956
2020-09-21,0.8162094354629517,0.9100000262260437,0.9399999976158142,0.8600000143051147,0.8600000143051147,50637000
2020-09-22,0.8072400093078613,0.8999999761581421,0.9700000286102295,0.8899999856948853,0.9200000166893005,37992000
2020-09-23,0.8251787424087524,0.9200000166893005,0.949999988079071,0.8899999856948853,0.8999999761581421,17547000
2020-09-24,0.8341480493545532,0.9300000071525574,0.9700000286102295,0.9200000166893005,0.9200000166893005,45429000
2020-09-25,0.7893013954162598,0.8799999952316284,0.9599999785423279,0.8700000047683716,0.9399999976158142,29375000
2020-09-28,0.780332088470459,0.8700000047683716,0.8799999952316284,0.8500000238418579,0.8799999952316284,22292000
2020-09-29,0.727435827255249,0.8100000023841858,0.8500000238418579,0.8100000023841858,0.8399999737739563,14935000
2020-09-30,0.74539715051651,0.8299999833106995,0.8399999737739563,0.8100000023841858,0.8100000023841858,8705000
2020-10-05,0.74539715051651,0.8299999833106995,0.8399999737739563,0.8100000023841858,0.8399999737739563,15370000
2020-10-06,0.7543779015541077,0.8399999737739563,0.8600000143051147,0.8299999833106995,0.8299999833106995,10690000
2020-10-07,0.74539715051651,0.8299999833106995,0.8399999737739563,0.8100000023841858,0.8299999833106995,20320007
2020-10-08,0.7364165186882019,0.8199999928474426,0.8399999737739563,0.8199999928474426,0.8299999833106995,8905000
2020-10-09,0.727435827255249,0.8100000023841858,0.8299999833106995,0.8100000023841858,0.8299999833106995,24840000
2020-10-12,0.709474503993988,0.7900000214576721,0.8100000023841858,0.7799999713897705,0.8100000023841858,38215701
2020-10-14,0.727435827255249,0.8100000023841858,0.8299999833106995,0.800000011920929,0.800000011920929,12565000
2020-10-15,0.727435827255249,0.8100000023841858,0.8299999833106995,0.800000011920929,0.8100000023841858,10785000
2020-10-16,0.727435827255249,0.8100000023841858,0.8199999928474426,0.800000011920929,0.8100000023841858,16141000
2020-10-19,0.7364165186882019,0.8199999928474426,0.8399999737739563,0.8100000023841858,0.8100000023841858,10386000
2020-10-20,0.7364165186882019,0.8199999928474426,0.8299999833106995,0.8100000023841858,0.8199999928474426,9443000
2020-10-21,0.7723393440246582,0.8600000143051147,0.8700000047683716,0.8199999928474426,0.8299999833106995,23495000
2020-10-22,0.7903006076812744,0.8799999952316284,0.9100000262260437,0.8700000047683716,0.8700000047683716,30098000
2020-10-23,0.8262234330177307,0.9200000166893005,0.9300000071525574,0.8700000047683716,0.8799999952316284,42266000
2020-10-27,0.7903006076812744,0.8799999952316284,0.9800000190734863,0.8799999952316284,0.9399999976158142,42918000
2020-10-28,0.8352041244506836,0.9300000071525574,0.949999988079071,0.8899999856948853,0.8999999761581421,29745709
2020-10-29,0.8441847562789917,0.9399999976158142,0.949999988079071,0.8899999856948853,0.9100000262260437,35591000
2020-10-30,0.7992813587188721,0.8899999856948853,0.9599999785423279,0.8899999856948853,0.9399999976158142,26422000
2020-11-02,0.7903006076812744,0.8799999952316284,0.9100000262260437,0.8799999952316284,0.8899999856948853,16551000
2020-11-03,0.7992813587188721,0.8899999856948853,0.9100000262260437,0.8799999952316284,0.8799999952316284,11477000
2020-11-04,0.8262234330177307,0.9200000166893005,0.9399999976158142,0.8899999856948853,0.8899999856948853,18651000
2020-11-05,0.8531654477119446,0.949999988079071,0.9700000286102295,0.9200000166893005,0.9399999976158142,45335000
2020-11-06,0.8441847562789917,0.9399999976158142,0.9700000286102295,0.9300000071525574,0.9599999785423279,24273000
2020-11-09,0.8980689644813538,1.0,1.0099999904632568,0.9399999976158142,0.949999988079071,57640000
2020-11-10,0.8890882730484009,0.9900000095367432,1.0299999713897705,0.9800000190734863,1.0199999809265137,27353000
2020-11-11,0.8711268901824951,0.9700000286102295,1.0,0.949999988079071,0.9800000190734863,22049000
2020-11-12,0.8890882730484009,0.9900000095367432,1.0,0.9599999785423279,0.9800000190734863,15318000
2020-11-13,0.880107581615448,0.9800000190734863,0.9900000095367432,0.9700000286102295,0.9800000190734863,9285000
2020-11-16,0.8711268901824951,0.9700000286102295,0.9900000095367432,0.9599999785423279,0.9700000286102295,7931000
2020-11-17,0.8531654477119446,0.949999988079071,0.9700000286102295,0.9300000071525574,0.9700000286102295,19269000
2020-11-18,0.8531654477119446,0.949999988079071,0.9599999785423279,0.9399999976158142,0.949999988079071,10679000
2020-11-19,0.8621461391448975,0.9599999785423279,0.9599999785423279,0.9399999976158142,0.949999988079071,7606000
2020-11-20,0.8621461391448975,0.9599999785423279,0.9800000190734863,0.949999988079071,0.949999988079071,18896000
2020-11-23,0.8531654477119446,0.949999988079071,0.9800000190734863,0.9399999976158142,0.9599999785423279,11240000
2020-11-24,0.8352041244506836,0.9300000071525574,0.949999988079071,0.8999999761581421,0.949999988079071,23814000
2020-11-25,0.8082619905471802,0.8999999761581421,0.9399999976158142,0.8899999856948853,0.9300000071525574,27072000
2020-11-26,0.8172427415847778,0.9100000262260437,0.9100000262260437,0.8999999761581421,0.8999999761581421,3813000
2020-11-27,0.8262234330177307,0.9200000166893005,0.9200000166893005,0.8999999761581421,0.9100000262260437,7113000
2020-11-30,0.7992813587188721,0.8899999856948853,0.9200000166893005,0.8899999856948853,0.9200000166893005,15242000
2020-12-01,0.8082619905471802,0.8999999761581421,0.9100000262260437,0.8799999952316284,0.8999999761581421,13157010
2020-12-02,0.8082619905471802,0.8999999761581421,0.9200000166893005,0.8999999761581421,0.9100000262260437,6016000
2020-12-03,0.7992813587188721,0.8899999856948853,0.9100000262260437,0.8899999856948853,0.8999999761581421,12623000
2020-12-04,0.7903006076812744,0.8799999952316284,0.8999999761581421,0.8600000143051147,0.8999999761581421,28889000
2020-12-07,0.7992813587188721,0.8899999856948853,0.8899999856948853,0.8700000047683716,0.8799999952316284,6674000
2020-12-08,0.7992813587188721,0.8899999856948853,0.8999999761581421,0.8799999952316284,0.8899999856948853,5736000
2020-12-09,0.7903006076812744,0.8799999952316284,0.8999999761581421,0.8799999952316284,0.8899999856948853,6436898
2020-12-10,0.7992813587188721,0.8899999856948853,0.9100000262260437,0.8700000047683716,0.8799999952316284,15182000
2020-12-11,0.7903006076812744,0.8799999952316284,0.8899999856948853,0.8700000047683716,0.8899999856948853,10892000
2020-12-14,0.7903006076812744,0.8799999952316284,0.8899999856948853,0.8700000047683716,0.8799999952316284,7618666
2020-12-15,0.7903006076812744,0.8799999952316284,0.8899999856948853,0.8700000047683716,0.8799999952316284,5702000
2020-12-16,0.7813199758529663,0.8700000047683716,0.8899999856948853,0.8600000143051147,0.8700000047683716,10508000
2020-12-17,0.7903006076812744,0.8799999952316284,0.8999999761581421,0.8600000143051147,0.8700000047683716,19625000
2020-12-18,0.7903006076812744,0.8799999952316284,0.8899999856948853,0.8700000047683716,0.8799999952316284,7738000
2020-12-21,0.7543779015541077,0.8399999737739563,0.8899999856948853,0.8299999833106995,0.8899999856948853,30504000
2020-12-22,0.74539715051651,0.8299999833106995,0.8500000238418579,0.8199999928474426,0.8399999737739563,7403000
2020-12-23,0.727435827255249,0.8100000023841858,0.8299999833106995,0.8100000023841858,0.8299999833106995,9299000
2020-12-24,0.727435827255249,0.8100000023841858,0.8100000023841858,0.8100000023841858,0.8100000023841858,0
2020-12-28,0.7184550762176514,0.800000011920929,0.8100000023841858,0.7900000214576721,0.8100000023841858,13099000
2020-12-29,0.74539715051651,0.8299999833106995,0.8299999833106995,0.800000011920929,0.8100000023841858,7915000
2020-12-30,0.74539715051651,0.8299999833106995,0.8399999737739563,0.8199999928474426,0.8299999833106995,7752000
2020-12-31,0.74539715051651,0.8299999833106995,0.8299999833106995,0.8299999833106995,0.8299999833106995,0
2021-01-04,0.709474503993988,0.7900000214576721,0.8299999833106995,0.7900000214576721,0.8199999928474426,19118000
2021-01-05,0.7364165186882019,0.8199999928474426,0.8199999928474426,0.7900000214576721,0.7900000214576721,20933000
2021-01-06,0.7543779015541077,0.8399999737739563,0.8500000238418579,0.8100000023841858,0.8199999928474426,13354000
2021-01-07,0.7633585929870605,0.8500000238418579,0.8600000143051147,0.8299999833106995,0.8399999737739563,12383000
2021-01-08,0.7723393440246582,0.8600000143051147,0.8799999952316284,0.8399999737739563,0.8600000143051147,17925266
2021-01-11,0.7723393440246582,0.8600000143051147,0.8799999952316284,0.8500000238418579,0.8700000047683716,10033000
2021-01-12,0.7813199758529663,0.8700000047683716,0.8700000047683716,0.8500000238418579,0.8700000047683716,13565000
2021-01-13,0.7813199758529663,0.8700000047683716,0.8700000047683716,0.8500000238418579,0.8700000047683716,11708000
2021-01-14,0.7543779015541077,0.8399999737739563,0.8700000047683716,0.8299999833106995,0.8700000047683716,18132000
2021-01-15,0.74539715051651,0.8299999833106995,0.8399999737739563,0.8199999928474426,0.8399999737739563,8182300
2021-01-18,0.7723393440246582,0.8600000143051147,0.8600000143051147,0.8299999833106995,0.8299999833106995,10369334
2021-01-19,0.8262234330177307,0.9200000166893005,0.9200000166893005,0.8600000143051147,0.8600000143051147,52257668
2021-01-20,1.1854510307312012,1.3200000524520874,1.3600000143051147,0.9200000166893005,0.9300000071525574,393942000
2021-01-21,1.9398293495178223,2.1600000858306885,2.200000047683716,1.5099999904632568,1.5099999904632568,843001392
2021-01-22,1.5087558031082153,1.6799999475479126,2.319999933242798,1.6100000143051147,2.180000066757202,665718520
2021-01-25,1.3111807107925415,1.4600000381469727,1.8600000143051147,1.399999976158142,1.659999966621399,429673751
2021-01-26,1.6883695125579834,1.8799999952316284,1.9800000190734863,1.4800000190734863,1.5099999904632568,717726010
2021-01-27,1.6344854831695557,1.8200000524520874,2.25,1.7200000286102295,1.9299999475479126,535950010
2021-01-28,1.5446786880493164,1.7200000286102295,1.9299999475479126,1.659999966621399,1.8600000143051147,210852002
2021-01-29,1.7332731485366821,1.9299999475479126,1.9800000190734863,1.6299999952316284,1.7699999809265137,416220002
2021-02-01,1.7063308954238892,1.899999976158142,2.009999990463257,1.850000023841858,1.9500000476837158,154839000
2021-02-02,2.0475974082946777,2.2799999713897705,2.3399999141693115,1.8799999952316284,1.940000057220459,517110000
2021-02-03,2.110461950302124,2.3499999046325684,2.700000047683716,2.309999942779541,2.430000066757202,565485832
2021-02-04,2.1194424629211426,2.359999895095825,2.5999999046325684,2.3299999237060547,2.4000000953674316,270780000
2021-02-05,1.957790493965149,2.180000066757202,2.5299999713897705,2.140000104904175,2.490000009536743,263632000
2021-02-08,1.8590024709701538,2.069999933242798,2.2799999713897705,1.9600000381469727,2.240000009536743,289668000
2021-02-09,2.0565779209136963,2.2899999618530273,2.3499999046325684,2.009999990463257,2.0999999046325684,134321000
2021-02-10,2.092500925064087,2.3299999237060547,2.430000066757202,2.200000047683716,2.319999933242798,144082000
2021-02-11,2.0565779209136963,2.2899999618530273,2.2899999618530273,2.2899999618530273,2.2899999618530273,0
2021-02-16,2.4068245887756348,2.680000066757202,2.700000047683716,2.2899999618530273,2.319999933242798,197630000
2021-02-17,2.3798828125,2.6500000953674316,2.9100000858306885,2.5899999141693115,2.740000009536743,169050234
2021-02-18,2.3709020614624023,2.640000104904175,2.890000104904175,2.4700000286102295,2.6700000762939453,307426000
2021-02-19,2.352940559387207,2.619999885559082,2.700000047683716,2.4600000381469727,2.5999999046325684,178995000
2021-02-22,2.4696896076202393,2.75,2.8499999046325684,2.509999990463257,2.640000104904175,304994000
2021-02-23,2.451728343963623,2.7300000190734863,3.119999885559082,2.690000057220459,2.799999952316284,359716000
2021-02-24,2.2002692222595215,2.450000047683716,2.809999942779541,2.180000066757202,2.7200000286102295,461072000
2021-02-25,2.1912882328033447,2.440000057220459,2.5799999237060547,2.359999895095825,2.5,139722000
2021-02-26,2.1463849544525146,2.390000104904175,2.4700000286102295,2.2100000381469727,2.299999952316284,128611000
2021-03-01,2.1553657054901123,2.4000000953674316,2.5199999809265137,2.359999895095825,2.450000047683716,81310000
2021-03-02,1.8500220775604248,2.059999942779541,2.450000047683716,2.0399999618530273,2.440000057220459,230377000
2021-03-03,2.137404203414917,2.380000114440918,2.4000000953674316,2.0899999141693115,2.0999999046325684,164668000
2021-03-04,2.065558433532715,2.299999952316284,2.4200000762939453,2.2100000381469727,2.319999933242798,108452334
2021-03-05,2.065558433532715,2.299999952316284,2.3299999237060547,2.119999885559082,2.1600000858306885,97561000
2021-03-08,1.9128869771957397,2.130000114440918,2.380000114440918,2.0799999237060547,2.380000114440918,128450000
2021-03-09,1.9398293495178223,2.1600000858306885,2.2899999618530273,2.049999952316284,2.130000114440918,103465000
2021-03-10,2.011674404144287,2.240000009536743,2.319999933242798,2.2300000190734863,2.299999952316284,54801000
2021-03-11,2.236191749572754,2.490000009536743,2.5,2.240000009536743,2.240000009536743,156635100
2021-03-12,2.137404203414917,2.380000114440918,2.5399999618530273,2.369999885559082,2.5,70216000
2021-03-15,2.0565779209136963,2.2899999618530273,2.4000000953674316,2.240000009536743,2.3499999046325684,60207920
2021-03-16,2.110461950302124,2.3499999046325684,2.380000114440918,2.2799999713897705,2.2799999713897705,41926000
2021-03-17,2.1014811992645264,2.3399999141693115,2.440000057220459,2.2899999618530273,2.3499999046325684,53330000
2021-03-18,2.1553657054901123,2.4000000953674316,2.5299999713897705,2.2899999618530273,2.380000114440918,96578396
2021-03-19,2.0745389461517334,2.309999942779541,2.4000000953674316,2.2200000286102295,2.380000114440918,69032256
2021-03-22,2.08351993560791,2.319999933242798,2.3499999046325684,2.2699999809265137,2.309999942779541,28466000
2021-03-23,1.8949253559112549,2.109999895095825,2.3299999237060547,2.069999933242798,2.3299999237060547,100053000
2021-03-24,1.9757517576217651,2.200000047683716,2.2799999713897705,2.069999933242798,2.119999885559082,108268000
2021-03-25,1.8949253559112549,2.109999895095825,2.1600000858306885,2.059999942779541,2.1500000953674316,66749000
2021-03-26,1.867983341217041,2.0799999237060547,2.1700000762939453,2.049999952316284,2.130000114440918,66478500
2021-03-29,1.8590024709701538,2.069999933242798,2.140000104904175,2.059999942779541,2.130000114440918,33857000
2021-03-30,1.9128869771957397,2.130000114440918,2.200000047683716,2.0799999237060547,2.0899999141693115,42494000
2021-03-31,1.83206045627594,2.0399999618530273,2.180000066757202,2.009999990463257,2.1600000858306885,39289000
2021-04-01,1.9128869771957397,2.130000114440918,2.140000104904175,2.0399999618530273,2.049999952316284,44978000
2021-04-07,1.83206045627594,2.0399999618530273,2.1700000762939453,2.009999990463257,2.130000114440918,59231000
2021-04-08,1.8859447240829468,2.0999999046325684,2.140000104904175,2.009999990463257,2.0399999618530273,42141000
2021-04-09,1.8769638538360596,2.0899999141693115,2.130000114440918,2.0399999618530273,2.0999999046325684,28267000
2021-04-12,1.9757517576217651,2.200000047683716,2.240000009536743,2.0799999237060547,2.119999885559082,88368000
2021-04-13,2.03861665725708,2.2699999809265137,2.309999942779541,2.130000114440918,2.2100000381469727,82478000
2021-04-14,2.2900757789611816,2.549999952316284,2.549999952316284,2.240000009536743,2.309999942779541,185725500
2021-04-15,2.1733267307281494,2.4200000762939453,2.619999885559082,2.4100000858306885,2.5799999237060547,86526000
2021-04-16,2.2272109985351562,2.4800000190734863,2.559999942779541,2.4200000762939453,2.4200000762939453,82873000
2021-04-19,2.3439598083496094,2.609999895095825,2.619999885559082,2.4700000286102295,2.5,112102000
2021-04-20,2.622361421585083,2.9200000762939453,2.990000009536743,2.549999952316284,2.609999895095825,320402000
2021-04-21,2.766052007675171,3.0799999237060547,3.200000047683716,2.8299999237060547,2.880000114440918,303824108
2021-04-22,2.8558592796325684,3.180000066757202,3.3299999237060547,2.9700000286102295,3.130000114440918,229129455
2021-04-23,2.784013509750366,3.0999999046325684,3.319999933242798,3.049999952316284,3.1600000858306885,167609000
2021-04-26,2.93668532371521,3.2699999809265137,3.4000000953674316,3.0999999046325684,3.0999999046325684,191026000
2021-04-27,2.9456660747528076,3.2799999713897705,3.380000114440918,3.200000047683716,3.2799999713897705,118742200
2021-04-28,2.9007627964019775,3.2300000190734863,3.319999933242798,3.1600000858306885,3.319999933242798,104418000
2021-04-29,2.784013509750366,3.0999999046325684,3.2799999713897705,3.049999952316284,3.2699999809265137,71360000
2021-04-30,2.784013509750366,3.0999999046325684,3.25,3.059999942779541,3.0999999046325684,89977000
2021-05-03,2.622361421585083,2.9200000762939453,3.1500000953674316,2.8399999141693115,3.1500000953674316,96368000
2021-05-04,2.721148729324341,3.0299999713897705,3.0399999618530273,2.819999933242798,2.930000066757202,63881000
2021-05-05,2.6313419342041016,2.930000066757202,3.0899999141693115,2.890000104904175,2.9800000190734863,45482000
2021-05-06,2.622361421585083,2.9200000762939453,3.2100000381469727,2.890000104904175,2.990000009536743,222047499
2021-05-07,2.4068245887756348,2.680000066757202,3.009999990463257,2.5999999046325684,2.9700000286102295,237909500
2021-05-10,2.4786698818206787,2.759999990463257,2.880000114440918,2.700000047683716,2.7699999809265137,104276200
2021-05-11,2.4607088565826416,2.740000009536743,2.7799999713897705,2.5799999237060547,2.700000047683716,113701000
2021-05-12,2.5594966411590576,2.8499999046325684,2.869999885559082,2.630000114440918,2.7699999809265137,142418000
2021-05-13,2.4607088565826416,2.740000009536743,2.880000114440918,2.7200000286102295,2.7699999809265137,90579000
2021-05-14,2.6133806705474854,2.9100000858306885,2.9200000762939453,2.75,2.809999942779541,104449000
2021-05-17,2.7750329971313477,3.0899999141693115,3.130000114440918,2.880000114440918,3.0,136833600
2021-05-18,2.7301294803619385,3.0399999618530273,3.190000057220459,3.0399999618530273,3.1500000953674316,96571932
2021-05-20,2.5864384174346924,2.880000114440918,3.049999952316284,2.859999895095825,3.0,79843000
2021-05-21,2.595419406890869,2.890000104904175,2.990000009536743,2.859999895095825,2.9200000762939453,62550500
2021-05-24,2.5594966411590576,2.8499999046325684,2.940000057220459,2.759999990463257,2.930000066757202,65833000
2021-05-25,2.810955762863159,3.130000114440918,3.1600000858306885,2.8499999046325684,2.880000114440918,154457000
2021-05-26,3.053434371948242,3.4000000953674316,3.4800000190734863,3.049999952316284,3.130000114440918,232938000
2021-05-27,3.089357376098633,3.440000057220459,3.559999942779541,3.2799999713897705,3.430000066757202,145593195
2021-05-28,3.080376386642456,3.430000066757202,3.740000009536743,3.4100000858306885,3.440000057220459,192844100
2021-05-31,3.4126617908477783,3.799999952316284,3.799999952316284,3.430000066757202,3.5199999809265137,181035600
2021-06-01,3.403681516647339,3.7899999618530273,3.8399999141693115,3.640000104904175,3.799999952316284,133909598
2021-06-02,3.224067449569702,3.5899999141693115,3.799999952316284,3.390000104904175,3.75,198041110
2021-06-03,3.349797487258911,3.7300000190734863,3.950000047683716,3.630000114440918,3.690000057220459,186609850
2021-06-04,3.2869324684143066,3.6600000858306885,3.869999885559082,3.5299999713897705,3.799999952316284,134164000
2021-06-07,3.1432414054870605,3.5,3.680000066757202,3.4100000858306885,3.6500000953674316,135116838
2021-06-08,3.035473108291626,3.380000114440918,3.619999885559082,3.319999933242798,3.5199999809265137,134859000
2021-06-09,3.062415361404419,3.4100000858306885,3.490000009536743,3.3299999237060547,3.430000066757202,88952700
2021-06-10,3.053434371948242,3.4000000953674316,3.4800000190734863,3.3299999237060547,3.440000057220459,72950000
2021-06-11,3.0175116062164307,3.359999895095825,3.450000047683716,3.319999933242798,3.4000000953674316,85234000
2021-06-15,3.179164171218872,3.5399999618530273,3.619999885559082,3.319999933242798,3.369999885559082,110763000
2021-06-16,2.792994260787964,3.109999895095825,3.5999999046325684,3.0799999237060547,3.559999942779541,203099000
2021-06-17,2.8289172649383545,3.1500000953674316,3.319999933242798,3.0,3.109999895095825,126616998
2021-06-18,2.9007627964019775,3.2300000190734863,3.2899999618530273,3.0999999046325684,3.200000047683716,88671106
2021-06-21,3.089357376098633,3.440000057220459,3.4700000286102295,3.130000114440918,3.180000066757202,132697000
2021-06-22,3.0444538593292236,3.390000104904175,3.4700000286102295,3.309999942779541,3.4600000381469727,82573000
2021-06-23,3.1252799034118652,3.4800000190734863,3.5799999237060547,3.3399999141693115,3.4000000953674316,81992500
2021-06-24,3.035473108291626,3.380000114440918,3.490000009536743,3.2799999713897705,3.490000009536743,91165799
2021-06-25,3.1612024307250977,3.5199999809265137,3.690000057220459,3.380000114440918,3.390000104904175,138147000
2021-06-28,3.1432414054870605,3.5,3.680000066757202,3.490000009536743,3.5199999809265137,47561000
2021-06-29,3.0983378887176514,3.450000047683716,3.619999885559082,3.359999895095825,3.5199999809265137,81293000
2021-06-30,2.98158860206604,3.319999933242798,3.4600000381469727,3.2200000286102295,3.440000057220459,89547500
2021-07-02,2.810955762863159,3.130000114440918,3.4200000762939453,3.0799999237060547,3.319999933242798,151895412
2021-07-05,2.834425687789917,3.140000104904175,3.2200000286102295,3.0899999141693115,3.140000104904175,64511598
2021-07-06,2.680969476699829,2.9700000286102295,3.1700000762939453,2.819999933242798,3.1700000762939453,142669000
2021-07-07,2.644862174987793,2.930000066757202,3.0199999809265137,2.880000114440918,2.9100000858306885,61365000
2021-07-08,2.464325428009033,2.7300000190734863,2.940000057220459,2.6700000762939453,2.930000066757202,119502175
2021-07-09,2.6087546348571777,2.890000104904175,2.930000066757202,2.7300000190734863,2.799999952316284,117219000
2021-07-12,2.617781639099121,2.9000000953674316,2.9600000381469727,2.7799999713897705,2.940000057220459,91949300
2021-07-13,2.4823789596557617,2.75,2.9100000858306885,2.75,2.9100000858306885,105030001
2021-07-14,2.7622108459472656,3.059999942779541,3.1600000858306885,2.7899999618530273,2.799999952316284,177754503
2021-07-15,2.744157075881958,3.0399999618530273,3.109999895095825,2.9200000762939453,3.059999942779541,98991934
2021-07-16,2.617781639099121,2.9000000953674316,3.0399999618530273,2.859999895095825,3.0399999618530273,78553000
2021-07-19,2.6899962425231934,2.9800000190734863,3.0199999809265137,2.8299999237060547,2.8299999237060547,72010000
2021-07-20,2.6087546348571777,2.890000104904175,3.0,2.8399999141693115,2.9800000190734863,56052000
2021-07-21,2.6358354091644287,2.9200000762939453,2.9800000190734863,2.869999885559082,2.930000066757202,50029400
2021-07-22,2.6358354091644287,2.9200000762939453,2.9600000381469727,2.809999942779541,2.940000057220459,58651000
2021-07-23,2.545567035675049,2.819999933242798,2.940000057220459,2.7699999809265137,2.9200000762939453,61104950
2021-07-26,2.211574077606201,2.450000047683716,2.809999942779541,2.390000104904175,2.809999942779541,213017000
2021-07-27,2.0310373306274414,2.25,2.4800000190734863,2.119999885559082,2.450000047683716,177667911
2021-07-28,2.2476816177368164,2.490000009536743,2.569999933242798,2.380000114440918,2.450000047683716,189566000
2021-07-29,2.4101643562316895,2.6700000762939453,2.680000066757202,2.5299999713897705,2.5999999046325684,99156000
2021-07-30,2.3830840587615967,2.640000104904175,2.6500000953674316,2.509999990463257,2.609999895095825,65433000
2021-08-02,2.464325428009033,2.7300000190734863,2.75,2.490000009536743,2.640000104904175,67667000
2021-08-03,2.554593563079834,2.8299999237060547,2.8299999237060547,2.680000066757202,2.7200000286102295,73192342
2021-08-04,2.455298662185669,2.7200000286102295,2.8399999141693115,2.680000066757202,2.8299999237060547,65078624
2021-08-05,2.3740572929382324,2.630000114440918,2.7799999713897705,2.5999999046325684,2.6700000762939453,41433000
2021-08-06,2.328922748565674,2.5799999237060547,2.6500000953674316,2.509999990463257,2.630000114440918,34077285
2021-08-09,2.2837889194488525,2.5299999713897705,2.5799999237060547,2.450000047683716,2.5199999809265137,35546000
2021-08-10,2.365030288696289,2.619999885559082,2.6500000953674316,2.5,2.5199999809265137,41366300
2021-08-11,2.310868978500366,2.559999942779541,2.640000104904175,2.5299999713897705,2.619999885559082,34243000
2021-08-12,2.238654375076294,2.4800000190734863,2.569999933242798,2.4600000381469727,2.559999942779541,58696000
2021-08-13,2.265735149383545,2.509999990463257,2.7300000190734863,2.4600000381469727,2.490000009536743,106726314
2021-08-16,2.2567083835601807,2.5,2.559999942779541,2.4800000190734863,2.5199999809265137,32091000
2021-08-17,2.121305465698242,2.3499999046325684,2.5,2.3299999237060547,2.490000009536743,46390000
2021-08-18,2.112278699874878,2.3399999141693115,2.4000000953674316,2.309999942779541,2.380000114440918,28692000
2021-08-19,2.0310373306274414,2.25,2.3399999141693115,2.2300000190734863,2.3399999141693115,39283763
2021-08-20,1.9317423105239868,2.140000104904175,2.25,2.049999952316284,2.25,68434000
2021-08-23,2.022010564804077,2.240000009536743,2.299999952316284,2.140000104904175,2.140000104904175,53727000
2021-08-24,2.1032519340515137,2.3299999237060547,2.3299999237060547,2.259999990463257,2.2799999713897705,23255000
2021-08-25,2.022010564804077,2.240000009536743,2.359999895095825,2.2100000381469727,2.3499999046325684,31119000
2021-08-26,1.9949301481246948,2.2100000381469727,2.2799999713897705,2.180000066757202,2.2100000381469727,28415000
2021-08-27,1.9317423105239868,2.140000104904175,2.2300000190734863,2.0999999046325684,2.200000047683716,41901000
2021-08-30,1.9227153062820435,2.130000114440918,2.190000057220459,2.0799999237060547,2.140000104904175,53736000
2021-08-31,2.085198402404785,2.309999942779541,2.3299999237060547,2.130000114440918,2.130000114440918,71309100
2021-09-01,2.0039567947387695,2.2200000286102295,2.369999885559082,2.200000047683716,2.3499999046325684,66356000
2021-09-02,2.076171636581421,2.299999952316284,2.380000114440918,2.240000009536743,2.25,65315000
2021-09-03,2.0400640964508057,2.259999990463257,2.3399999141693115,2.25,2.309999942779541,34484950
2021-09-06,2.175467014312744,2.4100000858306885,2.4800000190734863,2.2799999713897705,2.2899999618530273,89266000
2021-09-07,2.166440010070801,2.4000000953674316,2.490000009536743,2.3499999046325684,2.4600000381469727,57539206
2021-09-08,2.085198402404785,2.309999942779541,2.430000066757202,2.2699999809265137,2.4000000953674316,51402548
2021-09-09,2.0039567947387695,2.2200000286102295,2.359999895095825,2.2200000286102295,2.2899999618530273,47048000
2021-09-10,1.9768764972686768,2.190000057220459,2.25,2.1700000762939453,2.2300000190734863,68835000
2021-09-13,1.9588228464126587,2.1700000762939453,2.190000057220459,2.109999895095825,2.1700000762939453,35358920
2021-09-14,1.9227153062820435,2.130000114440918,2.2200000286102295,2.130000114440918,2.180000066757202,34978000
2021-09-15,1.8685542345046997,2.069999933242798,2.1500000953674316,2.069999933242798,2.1500000953674316,35632666
2021-09-16,1.796339750289917,1.9900000095367432,2.0999999046325684,1.940000057220459,2.0899999141693115,47070824
2021-09-17,1.9136884212493896,2.119999885559082,2.1500000953674316,1.9800000190734863,2.0299999713897705,47364100
2021-09-20,1.9136884212493896,2.119999885559082,2.130000114440918,2.009999990463257,2.0999999046325684,30011000
2021-09-21,1.8505005836486816,2.049999952316284,2.0999999046325684,2.0,2.0799999237060547,24396000
2021-09-23,1.859527587890625,2.059999942779541,2.140000104904175,2.0199999809265137,2.0899999141693115,33175277
2021-09-24,1.8053666353225708,2.0,2.0999999046325684,1.9800000190734863,2.059999942779541,45219000
2021-09-27,1.606776237487793,1.7799999713897705,2.0,1.7699999809265137,2.0,97557118
2021-09-28,1.3179177045822144,1.4600000381469727,1.7799999713897705,1.4600000381469727,1.7699999809265137,415129001
2021-09-29,1.3991589546203613,1.5499999523162842,1.600000023841858,1.4600000381469727,1.4600000381469727,97947000
2021-09-30,1.4984540939331055,1.659999966621399,1.6699999570846558,1.559999942779541,1.590000033378601,80289380
2021-10-04,1.4894273281097412,1.649999976158142,1.659999966621399,1.5499999523162842,1.659999966621399,33187530
2021-10-05,1.5074810981750488,1.6699999570846558,1.690000057220459,1.6200000047683716,1.659999966621399,22780000
2021-10-06,1.453320026397705,1.6100000143051147,1.6799999475479126,1.559999942779541,1.6799999475479126,37320000
2021-10-07,1.4984540939331055,1.659999966621399,1.6799999475479126,1.5800000429153442,1.600000023841858,33312994
2021-10-08,1.4172128438949585,1.5700000524520874,1.6699999570846558,1.5499999523162842,1.649999976158142,73150000
2021-10-11,1.372078537940979,1.5199999809265137,1.6100000143051147,1.5199999809265137,1.5700000524520874,94378000
2021-10-12,1.4172128438949585,1.5700000524520874,1.600000023841858,1.5199999809265137,1.5199999809265137,62796010
2021-10-15,1.4713737964630127,1.6299999952316284,1.6399999856948853,1.5499999523162842,1.6399999856948853,53231000
2021-10-18,1.543588399887085,1.7100000381469727,1.7300000190734863,1.6200000047683716,1.6299999952316284,57272000
2021-10-19,1.5345616340637207,1.7000000476837158,1.7300000190734863,1.6799999475479126,1.7100000381469727,26295200
2021-10-20,1.5977494716644287,1.7699999809265137,1.8300000429153442,1.7000000476837158,1.7200000286102295,70353500
2021-10-21,1.5345616340637207,1.7000000476837158,1.7599999904632568,1.659999966621399,1.7599999904632568,66212000
2021-10-22,1.5706689357757568,1.7400000095367432,1.7799999713897705,1.7100000381469727,1.7200000286102295,56223000
2021-10-25,1.5977494716644287,1.7699999809265137,1.8200000524520874,1.7300000190734863,1.7400000095367432,43626000
2021-10-26,1.5616421699523926,1.7300000190734863,1.7899999618530273,1.6799999475479126,1.7799999713897705,48400000
2021-10-27,1.5255348682403564,1.690000057220459,1.75,1.690000057220459,1.7300000190734863,20202000
2021-10-28,1.4713737964630127,1.6299999952316284,1.7000000476837158,1.6100000143051147,1.690000057220459,33708000
2021-10-29,1.480400562286377,1.6399999856948853,1.6699999570846558,1.6100000143051147,1.6299999952316284,21766000
2021-11-01,1.453320026397705,1.6100000143051147,1.6399999856948853,1.590000033378601,1.6399999856948853,33730000
2021-11-02,1.390132188796997,1.5399999618530273,1.6699999570846558,1.5199999809265137,1.6299999952316284,42753000
2021-11-03,1.4172128438949585,1.5700000524520874,1.590000033378601,1.5099999904632568,1.559999942779541,35177000
2021-11-04,1.3991589546203613,1.5499999523162842,1.590000033378601,1.5199999809265137,1.5800000429153442,29568000
2021-11-05,1.3449981212615967,1.4900000095367432,1.5499999523162842,1.440000057220459,1.5399999618530273,75311000
2021-11-08,1.3269445896148682,1.4700000286102295,1.5099999904632568,1.440000057220459,1.4900000095367432,34877105
2021-11-09,1.4172128438949585,1.5700000524520874,1.590000033378601,1.4600000381469727,1.4700000286102295,52851000
2021-11-10,1.3630517721176147,1.5099999904632568,1.5800000429153442,1.4500000476837158,1.5700000524520874,86119271
2021-11-11,1.354024887084961,1.5,1.5299999713897705,1.4800000190734863,1.5099999904632568,46621607
2021-11-12,1.3269445896148682,1.4700000286102295,1.5199999809265137,1.4299999475479126,1.5099999904632568,68612106
2021-11-15,1.4623469114303589,1.6200000047683716,1.6200000047683716,1.4700000286102295,1.4700000286102295,108277000
2021-11-16,1.4713737964630127,1.6299999952316284,1.690000057220459,1.559999942779541,1.6100000143051147,74791300
2021-11-17,1.480400562286377,1.6399999856948853,1.7300000190734863,1.6299999952316284,1.6399999856948853,61520500
2021-11-18,1.4262396097183228,1.5800000429153442,1.649999976158142,1.5800000429153442,1.649999976158142,34855000
2021-11-19,1.4262396097183228,1.5800000429153442,1.6100000143051147,1.5399999618530273,1.5700000524520874,28994000
2021-11-22,1.390132188796997,1.5399999618530273,1.6100000143051147,1.5299999713897705,1.5800000429153442,33009000
2021-11-23,1.3630517721176147,1.5099999904632568,1.559999942779541,1.5,1.5399999618530273,26678000
2021-11-24,1.3811054229736328,1.5299999713897705,1.5499999523162842,1.4900000095367432,1.5099999904632568,19102679
2021-11-25,1.480400562286377,1.6399999856948853,1.6399999856948853,1.5299999713897705,1.5299999713897705,54408000
2021-11-26,1.480400562286377,1.6399999856948853,1.7899999618530273,1.6200000047683716,1.6399999856948853,144352000
2021-11-29,1.4081858396530151,1.559999942779541,1.7100000381469727,1.559999942779541,1.6399999856948853,54702000
2021-11-30,1.372078537940979,1.5199999809265137,1.6100000143051147,1.4900000095367432,1.5800000429153442,61623000
2021-12-01,1.354024887084961,1.5,1.5399999618530273,1.4900000095367432,1.5299999713897705,38352396
2021-12-02,1.3359713554382324,1.4800000190734863,1.5199999809265137,1.4700000286102295,1.4900000095367432,48209100
2021-12-03,1.354024887084961,1.5,1.5199999809265137,1.4800000190734863,1.4900000095367432,27454000
2021-12-06,1.2998639345169067,1.440000057220459,1.5099999904632568,1.440000057220459,1.5099999904632568,47238000
2021-12-07,1.3449981212615967,1.4900000095367432,1.5,1.4500000476837158,1.4700000286102295,22130622
2021-12-08,1.354024887084961,1.5,1.5299999713897705,1.4700000286102295,1.5,34089174
2021-12-09,1.4623469114303589,1.6200000047683716,1.6299999952316284,1.5,1.5099999904632568,72730000
2021-12-10,1.4172128438949585,1.5700000524520874,1.6100000143051147,1.5499999523162842,1.600000023841858,29379449
2021-12-13,1.3630517721176147,1.5099999904632568,1.590000033378601,1.5099999904632568,1.590000033378601,30548000
2021-12-14,1.3359713554382324,1.4800000190734863,1.5399999618530273,1.4800000190734863,1.5099999904632568,35339001
2021-12-15,1.3179177045822144,1.4600000381469727,1.5199999809265137,1.4199999570846558,1.4900000095367432,60323000
2021-12-16,1.354024887084961,1.5,1.5099999904632568,1.4299999475479126,1.4700000286102295,34353000
2021-12-17,1.2727835178375244,1.409999966621399,1.5,1.399999976158142,1.5,57247000
2021-12-20,1.1915420293807983,1.3200000524520874,1.4299999475479126,1.3200000524520874,1.409999966621399,55609900
2021-12-21,1.2637566328048706,1.399999976158142,1.399999976158142,1.3300000429153442,1.3300000429153442,34704000
2021-12-22,1.2637566328048706,1.399999976158142,1.4299999475479126,1.3700000047683716,1.4299999475479126,20180000
2021-12-23,1.2727835178375244,1.409999966621399,1.440000057220459,1.399999976158142,1.399999976158142,13312000
2021-12-24,1.2908371686935425,1.4299999475479126,1.440000057220459,1.409999966621399,1.4199999570846558,11429000
2021-12-28,1.3269445896148682,1.4700000286102295,1.5,1.4299999475479126,1.440000057220459,37232000
2021-12-29,1.3088908195495605,1.4500000476837158,1.4800000190734863,1.4199999570846558,1.4800000190734863,14976000
2021-12-30,1.2998639345169067,1.440000057220459,1.4700000286102295,1.4199999570846558,1.4700000286102295,9215000
2021-12-31,1.3359713554382324,1.4800000190734863,1.4900000095367432,1.4500000476837158,1.4600000381469727,9706000
2022-01-03,1.4352664947509766,1.590000033378601,1.590000033378601,1.4800000190734863,1.4800000190734863,45210000
2022-01-04,1.390132188796997,1.5399999618530273,1.6200000047683716,1.5399999618530273,1.600000023841858,46316214
2022-01-05,1.3449981212615967,1.4900000095367432,1.559999942779541,1.4800000190734863,1.5499999523162842,30444000
2022-01-06,1.3359713554382324,1.4800000190734863,1.5099999904632568,1.4500000476837158,1.5099999904632568,25877000
2022-01-07,1.3269445896148682,1.4700000286102295,1.5,1.4500000476837158,1.4800000190734863,18083000
2022-01-10,1.480400562286377,1.6399999856948853,1.649999976158142,1.5,1.5099999904632568,114170000
2022-01-11,1.4352664947509766,1.590000033378601,1.659999966621399,1.559999942779541,1.6200000047683716,57240000
2022-01-12,1.5074810981750488,1.6699999570846558,1.6699999570846558,1.5800000429153442,1.600000023841858,59390000
2022-01-13,1.4623469114303589,1.6200000047683716,1.7200000286102295,1.6100000143051147,1.6699999570846558,72710000
2022-01-14,1.4894273281097412,1.649999976158142,1.6799999475479126,1.600000023841858,1.6100000143051147,39374000
2022-01-17,1.4623469114303589,1.6200000047683716,1.659999966621399,1.590000033378601,1.649999976158142,25496000
2022-01-18,1.480400562286377,1.6399999856948853,1.649999976158142,1.6200000047683716,1.6299999952316284,18571770
2022-01-19,1.4352664947509766,1.590000033378601,1.6399999856948853,1.5700000524520874,1.6399999856948853,27444000
2022-01-20,1.453320026397705,1.6100000143051147,1.6200000047683716,1.5800000429153442,1.5800000429153442,17668000
2022-01-21,1.4262396097183228,1.5800000429153442,1.6699999570846558,1.5800000429153442,1.6299999952316284,27624000
2022-01-24,1.390132188796997,1.5399999618530273,1.590000033378601,1.5299999713897705,1.5700000524520874,25638700
2022-01-25,1.3179177045822144,1.4600000381469727,1.5199999809265137,1.4600000381469727,1.5199999809265137,39030000
2022-01-26,1.3449981212615967,1.4900000095367432,1.5199999809265137,1.4600000381469727,1.4600000381469727,21355000
2022-01-27,1.3179177045822144,1.4600000381469727,1.4800000190734863,1.4299999475479126,1.4800000190734863,20135000
2022-01-28,1.2998639345169067,1.440000057220459,1.4600000381469727,1.4199999570846558,1.4600000381469727,19030000
2022-01-31,1.3088908195495605,1.4500000476837158,1.4500000476837158,1.4500000476837158,1.4500000476837158,0
2022-02-04,1.3359713554382324,1.4800000190734863,1.4900000095367432,1.4299999475479126,1.4600000381469727,20040400
2022-02-07,1.372078537940979,1.5199999809265137,1.5199999809265137,1.4800000190734863,1.4800000190734863,20273000
2022-02-08,1.3991589546203613,1.5499999523162842,1.5499999523162842,1.4800000190734863,1.5199999809265137,24268997
2022-02-09,1.4262396097183228,1.5800000429153442,1.600000023841858,1.5399999618530273,1.559999942779541,37645000
2022-02-10,1.4713737964630127,1.6299999952316284,1.6399999856948853,1.590000033378601,1.600000023841858,34790000
2022-02-11,1.453320026397705,1.6100000143051147,1.6299999952316284,1.5800000429153442,1.6200000047683716,27605000
2022-02-14,1.4442931413650513,1.600000023841858,1.6399999856948853,1.590000033378601,1.6100000143051147,25572000
2022-02-15,1.7241250276565552,1.909999966621399,1.940000057220459,1.649999976158142,1.649999976158142,302376424
2022-02-16,1.715098261833191,1.899999976158142,1.9900000095367432,1.809999942779541,1.9500000476837158,153011495
2022-02-17,1.6609373092651367,1.840000033378601,1.909999966621399,1.7699999809265137,1.899999976158142,97481000
2022-02-18,1.6609373092651367,1.840000033378601,1.899999976158142,1.7999999523162842,1.8300000429153442,64519000
2022-02-21,1.669964075088501,1.850000023841858,1.9500000476837158,1.7999999523162842,1.840000033378601,75109000
2022-02-22,1.606776237487793,1.7799999713897705,1.8300000429153442,1.7300000190734863,1.8300000429153442,51574214
2022-02-23,1.6338567733764648,1.809999942779541,1.840000033378601,1.7699999809265137,1.7699999809265137,32776000
2022-02-24,1.5345616340637207,1.7000000476837158,1.7999999523162842,1.6799999475479126,1.7799999713897705,68172800
2022-02-25,1.5616421699523926,1.7300000190734863,1.7799999713897705,1.7200000286102295,1.7200000286102295,39141258
2022-02-28,1.5074810981750488,1.6699999570846558,1.75,1.6200000047683716,1.7400000095367432,61167000
2022-03-01,1.516507863998413,1.6799999475479126,1.7300000190734863,1.659999966621399,1.6799999475479126,31073100
2022-03-02,1.453320026397705,1.6100000143051147,1.6799999475479126,1.600000023841858,1.6799999475479126,32158305
2022-03-03,1.4713737964630127,1.6299999952316284,1.649999976158142,1.6200000047683716,1.6299999952316284,21259602
2022-03-04,1.4442931413650513,1.600000023841858,1.6200000047683716,1.5800000429153442,1.590000033378601,29735000
2022-03-07,1.453320026397705,1.6100000143051147,1.6299999952316284,1.5199999809265137,1.600000023841858,50546000
2022-03-08,1.4442931413650513,1.600000023841858,1.6399999856948853,1.5800000429153442,1.6100000143051147,47820000
2022-03-09,1.4262396097183228,1.5800000429153442,1.6299999952316284,1.5099999904632568,1.6299999952316284,74704000
2022-03-10,1.5074810981750488,1.6699999570846558,1.6699999570846558,1.6100000143051147,1.6299999952316284,44708000
2022-03-11,1.4713737964630127,1.6299999952316284,1.6799999475479126,1.600000023841858,1.6399999856948853,50725050
2022-03-14,1.2908371686935425,1.4299999475479126,1.6100000143051147,1.4199999570846558,1.6100000143051147,96698000
2022-03-15,1.1825151443481445,1.309999942779541,1.440000057220459,1.2699999809265137,1.399999976158142,110967122
2022-03-16,1.3449981212615967,1.4900000095367432,1.5099999904632568,1.3300000429153442,1.3700000047683716,88118000
2022-03-17,1.4442931413650513,1.600000023841858,1.6399999856948853,1.5099999904632568,1.559999942779541,80557000
2022-03-18,1.4713737964630127,1.6299999952316284,1.659999966621399,1.5399999618530273,1.5800000429153442,48216100
2022-03-21,1.4894273281097412,1.649999976158142,1.7100000381469727,1.6100000143051147,1.649999976158142,37399000
2022-03-22,1.5074810981750488,1.6699999570846558,1.6799999475479126,1.600000023841858,1.6399999856948853,40996000
2022-03-23,1.543588399887085,1.7100000381469727,1.75,1.659999966621399,1.6699999570846558,50335000
2022-03-24,1.543588399887085,1.7100000381469727,1.7799999713897705,1.6799999475479126,1.7000000476837158,52204000
2022-03-25,1.4894273281097412,1.649999976158142,1.75,1.6299999952316284,1.7300000190734863,35654000
2022-03-28,1.3630517721176147,1.5099999904632568,1.690000057220459,1.4900000095367432,1.6799999475479126,126118000
2022-03-29,1.3811054229736328,1.5299999713897705,1.5499999523162842,1.4900000095367432,1.5199999809265137,61108000
2022-03-30,1.4894273281097412,1.649999976158142,1.6799999475479126,1.5399999618530273,1.5499999523162842,82484280
2022-03-31,1.4172128438949585,1.5700000524520874,1.6699999570846558,1.559999942779541,1.659999966621399,29830000
2022-04-01,1.4172128438949585,1.5700000524520874,1.5800000429153442,1.5299999713897705,1.5499999523162842,21723398
2022-04-04,1.4442931413650513,1.600000023841858,1.6299999952316284,1.5800000429153442,1.5800000429153442,17219058
2022-04-06,1.3991589546203613,1.5499999523162842,1.6200000047683716,1.5499999523162842,1.600000023841858,42570000
2022-04-07,1.3630517721176147,1.5099999904632568,1.5700000524520874,1.5,1.5499999523162842,61947652
2022-04-08,1.3449981212615967,1.4900000095367432,1.5199999809265137,1.4800000190734863,1.5099999904632568,43995000
2022-04-11,1.2727835178375244,1.409999966621399,1.4900000095367432,1.399999976158142,1.4800000190734863,45476048
2022-04-12,1.2276493310928345,1.3600000143051147,1.409999966621399,1.340000033378601,1.409999966621399,135680000
2022-04-13,1.2727835178375244,1.409999966621399,1.4800000190734863,1.3799999952316284,1.3799999952316284,265763000
2022-04-14,1.2818102836608887,1.4199999570846558,1.4299999475479126,1.3899999856948853,1.4199999570846558,87713742
2022-04-19,1.2818102836608887,1.4199999570846558,1.4500000476837158,1.3799999952316284,1.4500000476837158,40998000
2022-04-20,1.2276493310928345,1.3600000143051147,1.4199999570846558,1.3600000143051147,1.4199999570846558,39234671
2022-04-21,1.2095955610275269,1.340000033378601,1.3799999952316284,1.3200000524520874,1.3700000047683716,66070500
2022-04-22,1.1915420293807983,1.3200000524520874,1.340000033378601,1.2799999713897705,1.3200000524520874,46545000
2022-04-25,1.1283541917800903,1.25,1.309999942779541,1.2300000190734863,1.2999999523162842,48600000
2022-04-26,1.1283541917800903,1.25,1.2899999618530273,1.2400000095367432,1.2599999904632568,28634000
2022-04-27,1.1283541917800903,1.25,1.2599999904632568,1.2000000476837158,1.2200000286102295,40504559
2022-04-28,1.1373809576034546,1.2599999904632568,1.2699999809265137,1.2300000190734863,1.25,14877000
2022-04-29,1.1373809576034546,1.2599999904632568,1.2699999809265137,1.2200000286102295,1.2599999904632568,43859500
2022-05-03,1.1734882593154907,1.2999999523162842,1.309999942779541,1.2400000095367432,1.2699999809265137,15560000
2022-05-04,1.119327187538147,1.2400000095367432,1.2999999523162842,1.2400000095367432,1.2999999523162842,16469000
2022-05-05,1.0471127033233643,1.159999966621399,1.25,1.159999966621399,1.2400000095367432,92558000
2022-05-06,0.9478175044059753,1.0499999523162842,1.1100000143051147,1.0,1.1100000143051147,742435800
2022-05-10,0.9929517507553101,1.100000023841858,1.1299999952316284,1.0099999904632568,1.0199999809265137,114001882
2022-05-11,1.0471127033233643,1.159999966621399,1.190000057220459,1.1100000143051147,1.1200000047683716,53198089
2022-05-12,1.0832200050354004,1.2000000476837158,1.440000057220459,1.1299999952316284,1.149999976158142,760520000
2022-05-13,1.0380858182907104,1.149999976158142,1.2000000476837158,1.1399999856948853,1.190000057220459,136496460
2022-05-16,1.0290590524673462,1.1399999856948853,1.2200000286102295,1.1299999952316284,1.1699999570846558,91159000
2022-05-17,1.0471127033233643,1.159999966621399,1.1799999475479126,1.1399999856948853,1.149999976158142,42524000
2022-05-18,1.0741931200027466,1.190000057220459,1.2100000381469727,1.159999966621399,1.1699999570846558,41661000
2022-05-19,1.0651661157608032,1.1799999475479126,1.190000057220459,1.149999976158142,1.159999966621399,31684000
2022-05-20,1.1103004217147827,1.2300000190734863,1.2400000095367432,1.2000000476837158,1.2200000286102295,75494560
2022-05-23,1.1103004217147827,1.2300000190734863,1.25,1.2100000381469727,1.2300000190734863,36068000
2022-05-24,1.0832200050354004,1.2000000476837158,1.2300000190734863,1.1799999475479126,1.2300000190734863,55425370
2022-05-25,1.119327187538147,1.2400000095367432,1.2699999809265137,1.190000057220459,1.2100000381469727,72549000
2022-05-26,0.9784969091415405,1.0700000524520874,1.1399999856948853,1.059999942779541,1.1200000047683716,82204000
2022-05-27,0.9784969091415405,1.0700000524520874,1.100000023841858,1.059999942779541,1.090000033378601,31328000
2022-05-30,0.9967866539955139,1.090000033378601,1.100000023841858,1.0700000524520874,1.0800000429153442,36035000
2022-05-31,1.0333658456802368,1.1299999952316284,1.149999976158142,1.0800000429153442,1.090000033378601,52977030
2022-06-01,1.0608004331588745,1.159999966621399,1.190000057220459,1.1299999952316284,1.1399999856948853,41739000
2022-06-02,1.0608004331588745,1.159999966621399,1.1799999475479126,1.1299999952316284,1.159999966621399,38400065
2022-06-06,1.0608004331588745,1.159999966621399,1.1799999475479126,1.1399999856948853,1.1699999570846558,34901000
2022-06-07,1.0699450969696045,1.1699999570846558,1.1799999475479126,1.1299999952316284,1.149999976158142,35870000
2022-06-08,1.0973796844482422,1.2000000476837158,1.2200000286102295,1.1699999570846558,1.1799999475479126,54066794
2022-06-09,1.0882349014282227,1.190000057220459,1.2300000190734863,1.1699999570846558,1.2000000476837158,28675000
2022-06-10,1.0882349014282227,1.190000057220459,1.2000000476837158,1.159999966621399,1.1699999570846558,26767000
2022-06-13,1.042510747909546,1.1399999856948853,1.190000057220459,1.1200000047683716,1.1699999570846558,42143415
2022-06-14,1.042510747909546,1.1399999856948853,1.1399999856948853,1.100000023841858,1.1200000047683716,32445000
2022-06-15,1.0516555309295654,1.149999976158142,1.190000057220459,1.1299999952316284,1.1399999856948853,25113267
2022-06-16,1.0516555309295654,1.149999976158142,1.190000057220459,1.1399999856948853,1.1699999570846558,34171000
2022-06-17,1.079089879989624,1.1799999475479126,1.190000057220459,1.1399999856948853,1.149999976158142,32729000
2022-06-20,1.0882349014282227,1.190000057220459,1.2100000381469727,1.159999966621399,1.1799999475479126,32103000
2022-06-21,1.1156693696975708,1.2200000286102295,1.25,1.1799999475479126,1.2000000476837158,54797000
2022-06-22,1.1065245866775513,1.2100000381469727,1.2799999713897705,1.2000000476837158,1.2200000286102295,50962000
2022-06-23,1.1339589357376099,1.2400000095367432,1.2400000095367432,1.2100000381469727,1.2100000381469727,21160000
2022-06-24,1.1522486209869385,1.2599999904632568,1.2699999809265137,1.2400000095367432,1.25,35649000
2022-06-27,1.170538306236267,1.2799999713897705,1.2999999523162842,1.2599999904632568,1.2599999904632568,48745000
2022-06-28,1.1888279914855957,1.2999999523162842,1.2999999523162842,1.25,1.2899999618530273,44575000
2022-06-29,1.1888279914855957,1.2999999523162842,1.350000023841858,1.2599999904632568,1.2899999618530273,85476000
2022-06-30,1.170538306236267,1.2799999713897705,1.3200000524520874,1.2599999904632568,1.2999999523162842,28560000
2022-07-04,1.170538306236267,1.2799999713897705,1.2999999523162842,1.2699999809265137,1.2899999618530273,30550018
2022-07-05,1.2071176767349243,1.3200000524520874,1.3300000429153442,1.2699999809265137,1.2999999523162842,64253024
2022-07-06,1.1979727745056152,1.309999942779541,1.350000023841858,1.2799999713897705,1.309999942779541,55297500
2022-07-07,1.1522486209869385,1.2599999904632568,1.2999999523162842,1.2599999904632568,1.2999999523162842,36611500
2022-07-08,1.1796830892562866,1.2899999618530273,1.2999999523162842,1.2699999809265137,1.2799999713897705,38451000
2022-07-11,1.1613935232162476,1.2699999809265137,1.2999999523162842,1.25,1.2999999523162842,30697000
2022-07-12,1.0882349014282227,1.190000057220459,1.2699999809265137,1.159999966621399,1.2699999809265137,64742940
2022-07-13,1.0699450969696045,1.1699999570846558,1.2200000286102295,1.1699999570846558,1.2000000476837158,22846000
2022-07-14,1.079089879989624,1.1799999475479126,1.2100000381469727,1.149999976158142,1.1799999475479126,20244000
2022-07-15,1.0333658456802368,1.1299999952316284,1.190000057220459,1.1299999952316284,1.1799999475479126,28710000
2022-07-18,1.0973796844482422,1.2000000476837158,1.2100000381469727,1.1200000047683716,1.149999976158142,28660000
2022-07-19,1.079089879989624,1.1799999475479126,1.2200000286102295,1.1799999475479126,1.2100000381469727,19500600
2022-07-20,1.1065245866775513,1.2100000381469727,1.2200000286102295,1.190000057220459,1.190000057220459,13765000
2022-07-21,1.0882349014282227,1.190000057220459,1.2100000381469727,1.1699999570846558,1.2000000476837158,14152000
2022-07-22,1.079089879989624,1.1799999475479126,1.2100000381469727,1.1699999570846558,1.190000057220459,9490300
2022-07-25,1.079089879989624,1.1799999475479126,1.1799999475479126,1.159999966621399,1.1799999475479126,11870300
2022-07-26,1.0699450969696045,1.1699999570846558,1.1799999475479126,1.149999976158142,1.1799999475479126,13462000
2022-07-27,1.0608004331588745,1.159999966621399,1.190000057220459,1.159999966621399,1.1799999475479126,10909000
2022-07-28,1.0699450969696045,1.1699999570846558,1.190000057220459,1.159999966621399,1.1699999570846558,11324000
2022-07-29,1.0242209434509277,1.1200000047683716,1.1699999570846558,1.1200000047683716,1.1699999570846558,24751000
2022-08-01,1.0059313774108887,1.100000023841858,1.1299999952316284,1.090000033378601,1.1200000047683716,26191800
2022-08-02,0.9602072238922119,1.0499999523162842,1.100000023841858,1.0399999618530273,1.100000023841858,30981812
2022-08-03,0.9784969091415405,1.0700000524520874,1.090000033378601,1.059999942779541,1.0700000524520874,15096000
2022-08-04,0.9967866539955139,1.090000033378601,1.100000023841858,1.0800000429153442,1.0800000429153442,11625000
2022-08-05,1.0150761604309082,1.1100000143051147,1.1200000047683716,1.090000033378601,1.100000023841858,10217000
2022-08-08,1.0150761604309082,1.1100000143051147,1.1200000047683716,1.090000033378601,1.100000023841858,10530000
2022-08-09,1.0242209434509277,1.1200000047683716,1.1399999856948853,1.1100000143051147,1.1200000047683716,10681118
2022-08-10,0.9784969091415405,1.0700000524520874,1.1200000047683716,1.0700000524520874,1.1200000047683716,11833000
2022-08-11,1.0150761604309082,1.1100000143051147,1.1100000143051147,1.0800000429153442,1.090000033378601,10861000
2022-08-12,1.0150761604309082,1.1100000143051147,1.1200000047683716,1.090000033378601,1.090000033378601,12619000
2022-08-15,1.0242209434509277,1.1200000047683716,1.1299999952316284,1.100000023841858,1.100000023841858,11682000
2022-08-16,1.0059313774108887,1.100000023841858,1.1299999952316284,1.090000033378601,1.1299999952316284,10550000
2022-08-17,0.9053382277488708,0.9900000095367432,1.0700000524520874,0.9700000286102295,1.0700000524520874,110007000
2022-08-18,0.8504692912101746,0.9300000071525574,0.9800000190734863,0.8799999952316284,0.9800000190734863,136040122
2022-08-19,0.8961934447288513,0.9800000190734863,0.9900000095367432,0.9399999976158142,0.949999988079071,36431000
2022-08-22,0.9144830703735352,1.0,1.0099999904632568,0.9700000286102295,0.9800000190734863,21797000
2022-08-23,0.887048602104187,0.9700000286102295,1.0,0.9599999785423279,1.0,16553430
2022-08-24,0.9053382277488708,0.9900000095367432,0.9900000095367432,0.9599999785423279,0.9800000190734863,16903430
2022-08-25,0.9144830703735352,1.0,1.0099999904632568,0.9800000190734863,0.9800000190734863,9732000
2022-08-26,0.932772696018219,1.0199999809265137,1.0199999809265137,1.0,1.0099999904632568,11964000
2022-08-29,0.9144830703735352,1.0,1.0099999904632568,0.9800000190734863,1.0099999904632568,9642000
2022-08-30,0.9236277937889099,1.0099999904632568,1.0199999809265137,0.9700000286102295,1.0,15027000
2022-08-31,0.9144830703735352,1.0,1.0099999904632568,0.9800000190734863,0.9900000095367432,16780000
2022-09-01,0.9053382277488708,0.9900000095367432,1.0099999904632568,0.9800000190734863,0.9900000095367432,7980000
2022-09-02,0.8687589168548584,0.949999988079071,0.9900000095367432,0.949999988079071,0.9900000095367432,18814000
2022-09-05,0.8596140146255493,0.9399999976158142,0.949999988079071,0.9200000166893005,0.949999988079071,16647021
2022-09-06,0.8596140146255493,0.9399999976158142,0.949999988079071,0.9200000166893005,0.9399999976158142,6115000
2022-09-07,0.8504692912101746,0.9300000071525574,0.9399999976158142,0.9200000166893005,0.9399999976158142,8059000
2022-09-08,0.8413244485855103,0.9200000166893005,0.9399999976158142,0.8999999761581421,0.9399999976158142,16018000
2022-09-09,0.8687589168548584,0.949999988079071,0.9599999785423279,0.9200000166893005,0.9200000166893005,15961000
2022-09-13,0.8596140146255493,0.9399999976158142,0.9599999785423279,0.9300000071525574,0.949999988079071,8201130
2022-09-14,0.8413244485855103,0.9200000166893005,0.9300000071525574,0.9100000262260437,0.9100000262260437,8689448
2022-09-15,0.8413244485855103,0.9200000166893005,0.949999988079071,0.8999999761581421,0.9200000166893005,14362000
2022-09-16,0.8138899207115173,0.8899999856948853,0.9200000166893005,0.8899999856948853,0.9200000166893005,19030000
2022-09-19,0.7864554524421692,0.8600000143051147,0.8999999761581421,0.8399999737739563,0.8999999761581421,25496560
2022-09-20,0.7681657671928406,0.8399999737739563,0.8700000047683716,0.8299999833106995,0.8700000047683716,35021557
2022-09-21,0.7590209245681763,0.8299999833106995,0.8500000238418579,0.8100000023841858,0.8399999737739563,26273900
2022-09-22,0.7498761415481567,0.8199999928474426,0.8199999928474426,0.800000011920929,0.8100000023841858,9440000
2022-09-23,0.7224416732788086,0.7900000214576721,0.8199999928474426,0.7900000214576721,0.8199999928474426,17694000
2022-09-26,0.7224416732788086,0.7900000214576721,0.8100000023841858,0.7699999809265137,0.7900000214576721,16095634
2022-09-27,0.7681657671928406,0.8399999737739563,0.8500000238418579,0.7900000214576721,0.800000011920929,22778000
2022-09-28,0.7315863966941833,0.800000011920929,0.8399999737739563,0.800000011920929,0.8399999737739563,12649480
2022-09-29,0.7224416732788086,0.7900000214576721,0.8199999928474426,0.7799999713897705,0.8199999928474426,9274008
2022-09-30,0.6958879828453064,0.7599999904632568,0.7799999713897705,0.7400000095367432,0.75,9950000
2022-10-03,0.7325136661529541,0.800000011920929,0.8100000023841858,0.7599999904632568,0.7599999904632568,10298000
2022-10-05,0.7325136661529541,0.800000011920929,0.8299999833106995,0.7900000214576721,0.8299999833106995,10648172
2022-10-06,0.7233572602272034,0.7900000214576721,0.8100000023841858,0.7799999713897705,0.800000011920929,7519000
2022-10-07,0.7050443887710571,0.7699999809265137,0.7799999713897705,0.7599999904632568,0.7799999713897705,7565000
2022-10-10,0.6775751709938049,0.7400000095367432,0.7699999809265137,0.7400000095367432,0.7699999809265137,11267000
2022-10-11,0.6592622995376587,0.7200000286102295,0.75,0.7200000286102295,0.75,12873800
2022-10-12,0.650105893611908,0.7099999785423279,0.7300000190734863,0.6899999976158142,0.7200000286102295,19322000
2022-10-13,0.6592622995376587,0.7200000286102295,0.7300000190734863,0.699999988079071,0.7099999785423279,7849000
2022-10-14,0.6775751709938049,0.7400000095367432,0.7599999904632568,0.7200000286102295,0.7200000286102295,27883576
2022-10-17,0.7050443887710571,0.7699999809265137,0.7900000214576721,0.7400000095367432,0.7400000095367432,13374000
2022-10-18,0.7416700720787048,0.8100000023841858,0.8100000023841858,0.7599999904632568,0.7900000214576721,18303000
2022-10-19,0.7050443887710571,0.7699999809265137,0.8100000023841858,0.7599999904632568,0.8100000023841858,13103000
2022-10-20,0.6684187650680542,0.7300000190734863,0.7699999809265137,0.7200000286102295,0.7699999809265137,25366000
2022-10-21,0.6775751709938049,0.7400000095367432,0.75,0.7300000190734863,0.7400000095367432,11910000
2022-10-24,0.6134802103042603,0.6700000166893005,0.75,0.6499999761581421,0.7400000095367432,48700000
2022-10-25,0.6043238043785095,0.6600000262260437,0.6899999976158142,0.6499999761581421,0.6800000071525574,19041000
2022-10-26,0.6409494876861572,0.699999988079071,0.7099999785423279,0.6700000166893005,0.6700000166893005,25153000
2022-10-27,0.6409494876861572,0.699999988079071,0.7300000190734863,0.699999988079071,0.7099999785423279,16576000
2022-10-28,0.6134802103042603,0.6700000166893005,0.7099999785423279,0.6600000262260437,0.7099999785423279,14532000
2022-10-31,0.6134802103042603,0.6700000166893005,0.6899999976158142,0.6499999761581421,0.6700000166893005,18401491
2022-11-01,0.650105893611908,0.7099999785423279,0.7099999785423279,0.6600000262260437,0.6600000262260437,21466000
2022-11-02,0.6775751709938049,0.7400000095367432,0.75,0.699999988079071,0.7099999785423279,31248000
2022-11-03,0.6867315769195557,0.75,0.75,0.7200000286102295,0.7300000190734863,14102283
2022-11-04,0.7142008543014526,0.7799999713897705,0.8100000023841858,0.7400000095367432,0.7400000095367432,44166000
2022-11-07,0.7508265376091003,0.8199999928474426,0.8299999833106995,0.7799999713897705,0.7799999713897705,27044000
2022-11-08,0.7325136661529541,0.800000011920929,0.8199999928474426,0.800000011920929,0.8199999928474426,14661100
2022-11-09,0.7325136661529541,0.800000011920929,0.8100000023841858,0.7799999713897705,0.8100000023841858,20905000
2022-11-10,0.7050443887710571,0.7699999809265137,0.7900000214576721,0.7599999904632568,0.7799999713897705,23212000
2022-11-11,0.7416700720787048,0.8100000023841858,0.8199999928474426,0.7900000214576721,0.8100000023841858,50707000
2022-11-14,0.7966086268424988,0.8700000047683716,0.8700000047683716,0.800000011920929,0.8100000023841858,52987000
2022-11-15,0.8057650327682495,0.8799999952316284,0.8899999856948853,0.8600000143051147,0.8600000143051147,39705982
2022-11-16,0.7966086268424988,0.8700000047683716,0.8899999856948853,0.8600000143051147,0.8799999952316284,32071000
2022-11-17,0.787452220916748,0.8600000143051147,0.8700000047683716,0.8299999833106995,0.8600000143051147,27010991
2022-11-18,0.8240779042243958,0.8999999761581421,0.9200000166893005,0.8500000238418579,0.8700000047683716,45643797
2022-11-21,0.787452220916748,0.8600000143051147,0.8999999761581421,0.8600000143051147,0.8999999761581421,22150000
2022-11-22,0.7508265376091003,0.8199999928474426,0.8700000047683716,0.800000011920929,0.8600000143051147,40712210
2022-11-23,0.7508265376091003,0.8199999928474426,0.8299999833106995,0.7900000214576721,0.8199999928474426,21888290
2022-11-24,0.7416700720787048,0.8100000023841858,0.8299999833106995,0.800000011920929,0.8199999928474426,8804000
2022-11-25,0.7599829435348511,0.8299999833106995,0.8299999833106995,0.800000011920929,0.8199999928474426,11406000
2022-11-28,0.7416700720787048,0.8100000023841858,0.8100000023841858,0.7799999713897705,0.8100000023841858,14053000
2022-11-29,0.7782958149909973,0.8500000238418579,0.8500000238418579,0.8100000023841858,0.8199999928474426,18095000
2022-11-30,0.787452220916748,0.8600000143051147,0.8700000047683716,0.8399999737739563,0.8500000238418579,28221000
2022-12-01,0.7691393494606018,0.8399999737739563,0.8799999952316284,0.8399999737739563,0.8700000047683716,31780000
2022-12-02,0.7782958149909973,0.8500000238418579,0.8600000143051147,0.8399999737739563,0.8500000238418579,16459452
2022-12-05,0.8240779042243958,0.8999999761581421,0.9100000262260437,0.8500000238418579,0.8600000143051147,55938904
2022-12-06,0.8057650327682495,0.8799999952316284,0.9100000262260437,0.8700000047683716,0.8899999856948853,28486891
2022-12-07,0.7966086268424988,0.8700000047683716,0.9300000071525574,0.8700000047683716,0.8799999952316284,61087000
2022-12-08,0.8332343697547913,0.9100000262260437,0.9200000166893005,0.8799999952316284,0.8799999952316284,39037400
2022-12-09,0.8332343697547913,0.9100000262260437,0.9399999976158142,0.8999999761581421,0.9100000262260437,37334000
2022-12-12,0.9522677659988403,1.0399999618530273,1.0499999523162842,0.9100000262260437,0.9100000262260437,129130000
2022-12-13,0.8973293304443359,0.9800000190734863,1.190000057220459,0.9800000190734863,1.059999942779541,312193000
2022-12-14,0.8881728649139404,0.9700000286102295,1.0099999904632568,0.9599999785423279,1.0,54963000
2022-12-15,0.851547122001648,0.9300000071525574,0.9800000190734863,0.9200000166893005,0.9800000190734863,41135000
2022-12-16,0.8607035875320435,0.9399999976158142,0.9599999785423279,0.9100000262260437,0.9200000166893005,26496000
2022-12-19,0.8240779042243958,0.8999999761581421,0.9399999976158142,0.8799999952316284,0.9300000071525574,40080000
2022-12-20,0.7966086268424988,0.8700000047683716,0.8899999856948853,0.8600000143051147,0.8899999856948853,24572000
2022-12-21,0.8149214386940002,0.8899999856948853,0.8999999761581421,0.8700000047683716,0.8700000047683716,18216000
2022-12-22,0.8149214386940002,0.8899999856948853,0.9100000262260437,0.8799999952316284,0.8999999761581421,15842000
2022-12-23,0.8240779042243958,0.8999999761581421,0.9300000071525574,0.8700000047683716,0.8799999952316284,24545000
2022-12-28,0.8607035875320435,0.9399999976158142,0.9700000286102295,0.9200000166893005,0.9200000166893005,38107000
2022-12-29,0.8790163993835449,0.9599999785423279,0.9800000190734863,0.9200000166893005,0.9300000071525574,41445000
2022-12-30,0.8698599934577942,0.949999988079071,0.9800000190734863,0.9300000071525574,0.9700000286102295,20013008
2023-01-03,0.8790163993835449,0.9599999785423279,0.9700000286102295,0.9200000166893005,0.9399999976158142,27816452
2023-01-04,0.9247984886169434,1.0099999904632568,1.0199999809265137,0.9800000190734863,0.9800000190734863,36605008
2023-01-05,0.9431113600730896,1.0299999713897705,1.0399999618530273,1.0,1.0099999904632568,43865992
2023-01-06,0.9247984886169434,1.0099999904632568,1.0399999618530273,1.0,1.0299999713897705,22906000
2023-01-09,0.9522677659988403,1.0399999618530273,1.059999942779541,1.0199999809265137,1.0199999809265137,20213431
2023-01-10,0.9431113600730896,1.0299999713897705,1.0399999618530273,1.0099999904632568,1.0399999618530273,14220985
2023-01-11,0.9522677659988403,1.0399999618530273,1.0700000524520874,1.0299999713897705,1.0299999713897705,32908000
2023-01-12,0.9064856767654419,0.9900000095367432,1.0499999523162842,0.9900000095367432,1.0399999618530273,37292992
2023-01-13,0.9431113600730896,1.0299999713897705,1.0399999618530273,1.0,1.0,19487992
2023-01-16,0.9522677659988403,1.0399999618530273,1.090000033378601,1.0299999713897705,1.0299999713897705,52935992
2023-01-17,0.9339548945426941,1.0199999809265137,1.0499999523162842,1.0,1.0399999618530273,19662985
2023-01-18,0.9156420826911926,1.0,1.0299999713897705,1.0,1.0199999809265137,22266809
2023-01-19,0.9247984886169434,1.0099999904632568,1.0099999904632568,0.9900000095367432,1.0,13118992
2023-01-20,0.9247984886169434,1.0099999904632568,1.0199999809265137,1.0,1.0199999809265137,6921000
2023-01-26,0.9522677659988403,1.0399999618530273,1.0499999523162842,0.9700000286102295,1.0,47000000
2023-01-27,0.9614241719245911,1.0499999523162842,1.0800000429153442,1.0299999713897705,1.059999942779541,26450992
2023-01-30,0.9247984886169434,1.0099999904632568,1.0499999523162842,1.0,1.0399999618530273,38536000
2023-01-31,0.9156420826911926,1.0,1.0199999809265137,0.9800000190734863,1.0099999904632568,46390000
2023-02-01,0.9339548945426941,1.0199999809265137,1.0299999713897705,0.9900000095367432,1.0099999904632568,27833500
2023-02-02,0.9980499744415283,1.090000033378601,1.1100000143051147,1.0199999809265137,1.0299999713897705,110656000
2023-02-03,1.0163627862930298,1.1100000143051147,1.1399999856948853,1.0499999523162842,1.090000033378601,73821000
2023-02-06,0.9339548945426941,1.0199999809265137,1.100000023841858,1.0099999904632568,1.100000023841858,77581000
2023-02-07,0.9339548945426941,1.0199999809265137,1.0499999523162842,1.0199999809265137,1.0199999809265137,19329000
2023-02-08,0.9339548945426941,1.0199999809265137,1.0299999713897705,1.0,1.0299999713897705,30947000
2023-02-09,0.9431113600730896,1.0299999713897705,1.0399999618530273,1.0099999904632568,1.0199999809265137,13146000
2023-02-10,0.9247984886169434,1.0099999904632568,1.0299999713897705,1.0,1.0199999809265137,30324000
2023-02-13,0.9247984886169434,1.0099999904632568,1.0199999809265137,0.9900000095367432,1.0099999904632568,14954000
2023-02-14,0.9156420826911926,1.0,1.0199999809265137,1.0,1.0099999904632568,14830000
2023-02-15,0.8881728649139404,0.9700000286102295,1.0,0.9599999785423279,1.0,25934000
2023-02-16,0.8881728649139404,0.9700000286102295,1.0,0.9700000286102295,0.9700000286102295,25111792
2023-02-17,0.8790163993835449,0.9599999785423279,0.9800000190734863,0.9599999785423279,0.9700000286102295,11320374
2023-02-20,0.8973293304443359,0.9800000190734863,1.0,0.9599999785423279,0.9599999785423279,14189000
2023-02-21,0.8881728649139404,0.9700000286102295,1.0,0.9700000286102295,0.9900000095367432,10939000
2023-02-22,0.8881728649139404,0.9700000286102295,0.9800000190734863,0.9599999785423279,0.9700000286102295,11460000
2023-02-23,0.8881728649139404,0.9700000286102295,0.9900000095367432,0.9599999785423279,0.9700000286102295,12941000
2023-02-24,0.851547122001648,0.9300000071525574,0.9599999785423279,0.9100000262260437,0.9599999785423279,37011000
2023-02-27,0.851547122001648,0.9300000071525574,0.949999988079071,0.9100000262260437,0.9300000071525574,21514000
2023-02-28,0.8332343697547913,0.9100000262260437,0.9399999976158142,0.8899999856948853,0.9300000071525574,27132880
2023-03-01,0.851547122001648,0.9300000071525574,0.949999988079071,0.9100000262260437,0.9100000262260437,20769000
2023-03-02,0.8698599934577942,0.949999988079071,0.9700000286102295,0.9399999976158142,0.9399999976158142,21351000
2023-03-03,0.8790163993835449,0.9599999785423279,0.9800000190734863,0.9399999976158142,0.9599999785423279,17390000
2023-03-06,0.8423907160758972,0.9200000166893005,0.9599999785423279,0.9100000262260437,0.9599999785423279,64158000
2023-03-07,0.8240779042243958,0.8999999761581421,0.9300000071525574,0.8999999761581421,0.9300000071525574,32531500
2023-03-08,0.8332343697547913,0.9100000262260437,0.9100000262260437,0.8899999856948853,0.8899999856948853,13562000
2023-03-09,0.7508265376091003,0.8199999928474426,0.8999999761581421,0.800000011920929,0.8999999761581421,96013000
2023-03-10,0.7416700720787048,0.8100000023841858,0.8199999928474426,0.7699999809265137,0.800000011920929,35335000
2023-03-13,0.7416700720787048,0.8100000023841858,0.8199999928474426,0.7900000214576721,0.8100000023841858,23425000
2023-03-14,0.7142008543014526,0.7799999713897705,0.8100000023841858,0.7699999809265137,0.8100000023841858,30406000
2023-03-15,0.7416700720787048,0.8100000023841858,0.8299999833106995,0.7900000214576721,0.7900000214576721,15552000
2023-03-16,0.7416700720787048,0.8100000023841858,0.8399999737739563,0.800000011920929,0.8100000023841858,19235000
2023-03-17,0.7508265376091003,0.8199999928474426,0.8299999833106995,0.8100000023841858,0.8199999928474426,12996000
2023-03-20,0.7325136661529541,0.800000011920929,0.8199999928474426,0.7900000214576721,0.8199999928474426,13755600
2023-03-21,0.7416700720787048,0.8100000023841858,0.8199999928474426,0.7900000214576721,0.8199999928474426,13214000
2023-03-22,0.7599829435348511,0.8299999833106995,0.8399999737739563,0.8100000023841858,0.8199999928474426,17001000
2023-03-23,0.7599829435348511,0.8299999833106995,0.8299999833106995,0.800000011920929,0.8299999833106995,15695000
2023-03-24,0.7508265376091003,0.8199999928474426,0.8399999737739563,0.8100000023841858,0.8299999833106995,15968000
2023-03-27,0.7325136661529541,0.800000011920929,0.8299999833106995,0.7900000214576721,0.8299999833106995,13851000
2023-03-28,0.7325136661529541,0.800000011920929,0.8100000023841858,0.7900000214576721,0.8100000023841858,13657000
2023-03-29,0.7325136661529541,0.800000011920929,0.8100000023841858,0.7699999809265137,0.8100000023841858,24834000
2023-03-30,0.7325136661529541,0.800000011920929,0.8100000023841858,0.7799999713897705,0.800000011920929,16105000
2023-03-31,0.7233572602272034,0.7900000214576721,0.8100000023841858,0.7799999713897705,0.800000011920929,24980000
2023-04-03,0.7325136661529541,0.800000011920929,0.8100000023841858,0.7799999713897705,0.7900000214576721,17681000
2023-04-04,0.7416700720787048,0.8100000023841858,0.8299999833106995,0.7799999713897705,0.800000011920929,22489000
2023-04-06,0.7508265376091003,0.8199999928474426,0.8299999833106995,0.800000011920929,0.8100000023841858,16063165
2023-04-11,0.7966086268424988,0.8700000047683716,0.8799999952316284,0.8299999833106995,0.8299999833106995,29297000
2023-04-12,0.7782958149909973,0.8500000238418579,0.8799999952316284,0.8399999737739563,0.8799999952316284,11475000
2023-04-13,0.787452220916748,0.8600000143051147,0.8700000047683716,0.8399999737739563,0.8399999737739563,25683000
2023-04-14,0.7782958149909973,0.8500000238418579,0.8799999952316284,0.8299999833106995,0.8600000143051147,22672300
2023-04-17,0.7691393494606018,0.8399999737739563,0.8500000238418579,0.8299999833106995,0.8500000238418579,14580000
2023-04-18,0.7691393494606018,0.8399999737739563,0.8500000238418579,0.8299999833106995,0.8399999737739563,6306000
2023-04-19,0.7691393494606018,0.8399999737739563,0.8500000238418579,0.8299999833106995,0.8399999737739563,3101000
2023-04-20,0.7508265376091003,0.8199999928474426,0.8399999737739563,0.800000011920929,0.8399999737739563,25676000
2023-04-21,0.7325136661529541,0.800000011920929,0.8199999928474426,0.800000011920929,0.8100000023841858,14242000
2023-04-24,0.7416700720787048,0.8100000023841858,0.8199999928474426,0.7900000214576721,0.8100000023841858,11978000
2023-04-25,0.7233572602272034,0.7900000214576721,0.8100000023841858,0.7699999809265137,0.8100000023841858,27882000
2023-04-26,0.7325136661529541,0.800000011920929,0.8100000023841858,0.7900000214576721,0.800000011920929,11860000
2023-04-27,0.7325136661529541,0.800000011920929,0.8100000023841858,0.7900000214576721,0.8100000023841858,11205000
2023-04-28,0.7325136661529541,0.800000011920929,0.8100000023841858,0.7900000214576721,0.8100000023841858,9219000
2023-05-02,0.7325136661529541,0.800000011920929,0.8100000023841858,0.7799999713897705,0.8100000023841858,16434600
2023-05-03,0.7416700720787048,0.8100000023841858,0.8199999928474426,0.7799999713897705,0.800000011920929,10498000
2023-05-04,0.7233572602272034,0.7900000214576721,0.8199999928474426,0.7900000214576721,0.8100000023841858,11270400
2023-05-05,0.7416700720787048,0.8100000023841858,0.8100000023841858,0.7900000214576721,0.800000011920929,11192000
2023-05-08,0.7416700720787048,0.8100000023841858,0.8299999833106995,0.800000011920929,0.8100000023841858,8892000
2023-05-09,0.7325136661529541,0.800000011920929,0.8100000023841858,0.7900000214576721,0.8100000023841858,13371000
2023-05-10,0.7325136661529541,0.800000011920929,0.800000011920929,0.7900000214576721,0.800000011920929,8267000
2023-05-11,0.7233572602272034,0.7900000214576721,0.800000011920929,0.7900000214576721,0.7900000214576721,11111000
2023-05-12,0.7142008543014526,0.7799999713897705,0.800000011920929,0.7799999713897705,0.800000011920929,17397000
2023-05-15,0.7325136661529541,0.800000011920929,0.8100000023841858,0.7799999713897705,0.7799999713897705,12551000
2023-05-16,0.7233572602272034,0.7900000214576721,0.8100000023841858,0.7799999713897705,0.800000011920929,16650000
2023-05-17,0.7233572602272034,0.7900000214576721,0.800000011920929,0.7799999713897705,0.7900000214576721,9399955
2023-05-18,0.7142008543014526,0.7799999713897705,0.7900000214576721,0.7799999713897705,0.7900000214576721,8678000
2023-05-19,0.7050443887710571,0.7699999809265137,0.7799999713897705,0.7599999904632568,0.7799999713897705,17032000
2023-05-22,0.7142008543014526,0.7799999713897705,0.800000011920929,0.7699999809265137,0.7699999809265137,10860000
2023-05-23,0.7142008543014526,0.7799999713897705,0.800000011920929,0.7699999809265137,0.7900000214576721,8322000
2023-05-24,0.7050443887710571,0.7699999809265137,0.7799999713897705,0.7599999904632568,0.7699999809265137,6964000
2023-05-25,0.6958879828453064,0.7599999904632568,0.7699999809265137,0.75,0.7599999904632568,15615000
2023-05-29,0.6592622995376587,0.7200000286102295,0.7599999904632568,0.7099999785423279,0.7599999904632568,27610000
2023-05-30,0.6775751709938049,0.7400000095367432,0.7400000095367432,0.7200000286102295,0.7300000190734863,6644000
2023-05-31,0.6775751709938049,0.7400000095367432,0.7400000095367432,0.7099999785423279,0.7300000190734863,33670000
2023-06-01,0.6867315769195557,0.75,0.7900000214576721,0.7300000190734863,0.7300000190734863,18613000
2023-06-02,0.7050443887710571,0.7699999809265137,0.7799999713897705,0.75,0.75,6209000
2023-06-05,0.6867315769195557,0.75,0.7699999809265137,0.75,0.7699999809265137,13093300
2023-06-06,0.7031052708625793,0.7300000190734863,0.7599999904632568,0.7200000286102295,0.7200000286102295,12788000
2023-06-07,0.6934736967086792,0.7200000286102295,0.7400000095367432,0.7099999785423279,0.7400000095367432,6856569
2023-06-08,0.7031052708625793,0.7300000190734863,0.7300000190734863,0.7099999785423279,0.7300000190734863,5522000
2023-06-09,0.7127368450164795,0.7400000095367432,0.7400000095367432,0.7200000286102295,0.7200000286102295,5811000
2023-06-12,0.7031052708625793,0.7300000190734863,0.7400000095367432,0.7200000286102295,0.7400000095367432,6982000
2023-06-13,0.7031052708625793,0.7300000190734863,0.75,0.7200000286102295,0.7300000190734863,12727000
2023-06-14,0.7031052708625793,0.7300000190734863,0.7400000095367432,0.7200000286102295,0.7300000190734863,9235000
2023-06-15,0.7031052708625793,0.7300000190734863,0.7400000095367432,0.7200000286102295,0.7300000190734863,13068100
2023-06-16,0.7127368450164795,0.7400000095367432,0.7599999904632568,0.7300000190734863,0.7300000190734863,28066400
2023-06-19,0.7319999933242798,0.7599999904632568,0.7900000214576721,0.7400000095367432,0.7400000095367432,26668000
2023-06-20,0.7512631416320801,0.7799999713897705,0.800000011920929,0.7599999904632568,0.7599999904632568,51848000
2023-06-21,0.7223684191703796,0.75,0.7699999809265137,0.7400000095367432,0.7699999809265137,27202000
2023-06-23,0.7031052708625793,0.7300000190734863,0.75,0.7200000286102295,0.75,15175000
2023-06-26,0.7319999933242798,0.7599999904632568,0.7699999809265137,0.7300000190734863,0.7300000190734863,23416000
2023-06-27,0.7512631416320801,0.7799999713897705,0.7900000214576721,0.7699999809265137,0.7699999809265137,23588000
2023-06-28,0.7416315674781799,0.7699999809265137,0.7799999713897705,0.7599999904632568,0.7799999713897705,24600000
2023-06-29,0.7416315674781799,0.7699999809265137,0.7799999713897705,0.75,0.7699999809265137,17853000
2023-06-30,0.7512631416320801,0.7799999713897705,0.800000011920929,0.7599999904632568,0.7699999809265137,22303000
2023-07-03,0.7512631416320801,0.7799999713897705,0.800000011920929,0.7699999809265137,0.7900000214576721,14471000
2023-07-04,0.760894775390625,0.7900000214576721,0.7900000214576721,0.7699999809265137,0.7699999809265137,14684000
2023-07-05,0.7416315674781799,0.7699999809265137,0.7900000214576721,0.7699999809265137,0.7799999713897705,6584000
2023-07-06,0.7223684191703796,0.75,0.7799999713897705,0.7400000095367432,0.7699999809265137,43319000
2023-07-07,0.7223684191703796,0.75,0.75,0.7300000190734863,0.75,15580336
2023-07-10,0.7319999933242798,0.7599999904632568,0.7599999904632568,0.75,0.7599999904632568,6521000
2023-07-11,0.7223684191703796,0.75,0.7599999904632568,0.7400000095367432,0.7599999904632568,14781000
2023-07-12,0.7127368450164795,0.7400000095367432,0.75,0.7400000095367432,0.75,7254000
2023-07-13,0.7319999933242798,0.7599999904632568,0.7699999809265137,0.7400000095367432,0.7400000095367432,12979000
2023-07-14,0.7127368450164795,0.7400000095367432,0.7699999809265137,0.7400000095367432,0.7599999904632568,28311000
2023-07-18,0.7127368450164795,0.7400000095367432,0.75,0.7300000190734863,0.75,21915000
2023-07-19,0.7031052708625793,0.7300000190734863,0.7400000095367432,0.7300000190734863,0.7400000095367432,8614000
2023-07-20,0.7031052708625793,0.7300000190734863,0.7400000095367432,0.7200000286102295,0.7300000190734863,10650000
2023-07-21,0.7127368450164795,0.7400000095367432,0.75,0.7300000190734863,0.7300000190734863,6423000
2023-07-24,0.7127368450164795,0.7400000095367432,0.7599999904632568,0.7300000190734863,0.7400000095367432,15081000
2023-07-25,0.7223684191703796,0.75,0.7599999904632568,0.7400000095367432,0.75,9870000
2023-07-26,0.7127368450164795,0.7400000095367432,0.75,0.7400000095367432,0.75,6527000
2023-07-27,0.7223684191703796,0.75,0.7599999904632568,0.7400000095367432,0.75,7646000
2023-07-28,0.7416315674781799,0.7699999809265137,0.7699999809265137,0.7400000095367432,0.75,19325000
2023-07-31,0.7319999933242798,0.7599999904632568,0.7799999713897705,0.75,0.7699999809265137,25228000
2023-08-01,0.7223684191703796,0.75,0.7799999713897705,0.75,0.7599999904632568,17000000
2023-08-02,0.7223684191703796,0.75,0.7599999904632568,0.7400000095367432,0.75,11698000
2023-08-03,0.7127368450164795,0.7400000095367432,0.75,0.7300000190734863,0.7400000095367432,20449000
2023-08-04,0.7031052708625793,0.7300000190734863,0.75,0.7200000286102295,0.7400000095367432,21314000
2023-08-07,0.6934736967086792,0.7200000286102295,0.7300000190734863,0.699999988079071,0.7300000190734863,39563000
2023-08-08,0.6934736967086792,0.7200000286102295,0.7300000190734863,0.699999988079071,0.7200000286102295,20370000
2023-08-09,0.7031052708625793,0.7300000190734863,0.7400000095367432,0.7200000286102295,0.7200000286102295,16067000
2023-08-10,0.6934736967086792,0.7200000286102295,0.7400000095367432,0.7200000286102295,0.7400000095367432,5843000
2023-08-11,0.7031052708625793,0.7300000190734863,0.7300000190734863,0.7200000286102295,0.7200000286102295,2912000
2023-08-14,0.6934736967086792,0.7200000286102295,0.7200000286102295,0.699999988079071,0.7099999785423279,12156333
2023-08-15,0.6838420629501343,0.7099999785423279,0.7200000286102295,0.699999988079071,0.7099999785423279,6295000
2023-08-16,0.6742104887962341,0.699999988079071,0.7200000286102295,0.699999988079071,0.7099999785423279,14526000
2023-08-17,0.6549474000930786,0.6800000071525574,0.699999988079071,0.6700000166893005,0.6899999976158142,35766500
2023-08-18,0.6164210438728333,0.6399999856948853,0.6899999976158142,0.6399999856948853,0.6800000071525574,25501000
2023-08-21,0.6356842517852783,0.6600000262260437,0.6600000262260437,0.6399999856948853,0.6399999856948853,14083000
2023-08-22,0.6356842517852783,0.6600000262260437,0.6700000166893005,0.6399999856948853,0.6600000262260437,16282000
2023-08-23,0.6356842517852783,0.6600000262260437,0.6600000262260437,0.6399999856948853,0.6600000262260437,5110000
2023-08-24,0.6356842517852783,0.6600000262260437,0.7099999785423279,0.6499999761581421,0.6700000166893005,34721000
2023-08-25,0.6356842517852783,0.6600000262260437,0.6700000166893005,0.6499999761581421,0.6600000262260437,5452000
2023-08-28,0.6356842517852783,0.6600000262260437,0.6800000071525574,0.6499999761581421,0.6700000166893005,15896500
2023-08-29,0.6549474000930786,0.6800000071525574,0.6800000071525574,0.6600000262260437,0.6600000262260437,8959000
2023-08-30,0.6356842517852783,0.6600000262260437,0.6800000071525574,0.6600000262260437,0.6800000071525574,6349000
2023-08-31,0.6164210438728333,0.6399999856948853,0.6700000166893005,0.6399999856948853,0.6700000166893005,17244001
2023-09-04,0.6356842517852783,0.6600000262260437,0.6600000262260437,0.6399999856948853,0.6499999761581421,6565000
2023-09-05,0.6356842517852783,0.6600000262260437,0.6700000166893005,0.6499999761581421,0.6600000262260437,7244000
2023-09-06,0.6356842517852783,0.6600000262260437,0.6600000262260437,0.6399999856948853,0.6600000262260437,9908000
2023-09-07,0.6260526180267334,0.6499999761581421,0.6600000262260437,0.6399999856948853,0.6600000262260437,8597500
2023-09-11,0.6356842517852783,0.6600000262260437,0.6700000166893005,0.6399999856948853,0.6399999856948853,12877000
2023-09-12,0.6453158259391785,0.6700000166893005,0.6800000071525574,0.6600000262260437,0.6600000262260437,9537000
2023-09-13,0.6356842517852783,0.6600000262260437,0.6700000166893005,0.6499999761581421,0.6700000166893005,7953000
2023-09-14,0.6356842517852783,0.6600000262260437,0.6600000262260437,0.6499999761581421,0.6600000262260437,3033000
2023-09-15,0.6356842517852783,0.6600000262260437,0.6600000262260437,0.6399999856948853,0.6600000262260437,10281385
2023-09-18,0.6260526180267334,0.6499999761581421,0.6600000262260437,0.6499999761581421,0.6600000262260437,5682000
2023-09-19,0.6164210438728333,0.6399999856948853,0.6600000262260437,0.6399999856948853,0.6499999761581421,7355000
2023-09-20,0.6164210438728333,0.6399999856948853,0.6499999761581421,0.6399999856948853,0.6499999761581421,7328000
2023-09-21,0.6164210438728333,0.6399999856948853,0.6600000262260437,0.6299999952316284,0.6399999856948853,11791000
2023-09-22,0.6164210438728333,0.6399999856948853,0.6499999761581421,0.6299999952316284,0.6299999952316284,9595000
2023-09-25,0.6067894697189331,0.6299999952316284,0.6399999856948853,0.6299999952316284,0.6399999856948853,6122000
2023-09-26,0.597157895565033,0.6200000047683716,0.6399999856948853,0.6100000143051147,0.6299999952316284,18417000
2023-09-27,0.6067894697189331,0.6299999952316284,0.6399999856948853,0.6100000143051147,0.6200000047683716,10215000
2023-09-28,0.597157895565033,0.6200000047683716,0.6299999952316284,0.6100000143051147,0.6299999952316284,9683000
2023-09-29,0.5875263214111328,0.6100000143051147,0.6200000047683716,0.6100000143051147,0.6200000047683716,5078000
2023-10-03,0.5586315393447876,0.5799999833106995,0.6100000143051147,0.5799999833106995,0.6100000143051147,7587000
2023-10-04,0.5489999651908875,0.5699999928474426,0.5799999833106995,0.5699999928474426,0.5799999833106995,4386001
2023-10-05,0.5586315393447876,0.5799999833106995,0.5899999737739563,0.5600000023841858,0.5699999928474426,10987000
2023-10-06,0.5778947472572327,0.6000000238418579,0.6100000143051147,0.5899999737739563,0.5899999737739563,4866400
2023-10-09,0.5875263214111328,0.6100000143051147,0.6200000047683716,0.6000000238418579,0.6000000238418579,4229000
2023-10-10,0.5682631134986877,0.5899999737739563,0.6200000047683716,0.5799999833106995,0.6200000047683716,12339000
2023-10-11,0.5682631134986877,0.5899999737739563,0.6200000047683716,0.5899999737739563,0.5899999737739563,15439000
2023-10-12,0.597157895565033,0.6200000047683716,0.6399999856948853,0.6000000238418579,0.6100000143051147,31368000
2023-10-13,0.6067894697189331,0.6299999952316284,0.6299999952316284,0.6100000143051147,0.6200000047683716,6606600
2023-10-16,0.6164210438728333,0.6399999856948853,0.6600000262260437,0.6299999952316284,0.6399999856948853,14671000
2023-10-17,0.6164210438728333,0.6399999856948853,0.6700000166893005,0.6299999952316284,0.6600000262260437,12035000
2023-10-18,0.5875263214111328,0.6100000143051147,0.6399999856948853,0.6100000143051147,0.6399999856948853,10169000
2023-10-19,0.5875263214111328,0.6100000143051147,0.6299999952316284,0.6000000238418579,0.6100000143051147,8036000
2023-10-20,0.5875263214111328,0.6100000143051147,0.6200000047683716,0.6000000238418579,0.6000000238418579,6192000
2023-10-24,0.5778947472572327,0.6000000238418579,0.6100000143051147,0.5899999737739563,0.6100000143051147,8386000
2023-10-25,0.5875263214111328,0.6100000143051147,0.6200000047683716,0.6000000238418579,0.6100000143051147,4517000
2023-10-26,0.5682631134986877,0.5899999737739563,0.6100000143051147,0.5899999737739563,0.6000000238418579,6656000
2023-10-27,0.5875263214111328,0.6100000143051147,0.6299999952316284,0.6000000238418579,0.6000000238418579,14989000
2023-10-30,0.6453158259391785,0.6700000166893005,0.6700000166893005,0.6200000047683716,0.6200000047683716,26013000
2023-10-31,0.6356842517852783,0.6600000262260437,0.699999988079071,0.6499999761581421,0.6700000166893005,21603000
2023-11-01,0.6549474000930786,0.6800000071525574,0.6800000071525574,0.6499999761581421,0.6600000262260437,10794000
2023-11-02,0.6453158259391785,0.6700000166893005,0.6899999976158142,0.6600000262260437,0.6700000166893005,7212000
2023-11-03,0.6453158259391785,0.6700000166893005,0.6800000071525574,0.6700000166893005,0.6800000071525574,5479397
2023-11-06,0.6742104887962341,0.699999988079071,0.7099999785423279,0.6800000071525574,0.6899999976158142,22560000
2023-11-07,0.664578914642334,0.6899999976158142,0.7099999785423279,0.6800000071525574,0.6899999976158142,13252000
2023-11-08,0.6549474000930786,0.6800000071525574,0.699999988079071,0.6700000166893005,0.6899999976158142,8042000
2023-11-09,0.6260526180267334,0.6499999761581421,0.6899999976158142,0.6499999761581421,0.6800000071525574,9971000
2023-11-10,0.6356842517852783,0.6600000262260437,0.6700000166893005,0.6299999952316284,0.6499999761581421,6584000
2023-11-13,0.6356842517852783,0.6600000262260437,0.6700000166893005,0.6399999856948853,0.6700000166893005,7728900
2023-11-14,0.6453158259391785,0.6700000166893005,0.6700000166893005,0.6499999761581421,0.6600000262260437,4499000
2023-11-15,0.6549474000930786,0.6800000071525574,0.6899999976158142,0.6700000166893005,0.6899999976158142,5788000
2023-11-16,0.6453158259391785,0.6700000166893005,0.6800000071525574,0.6600000262260437,0.6800000071525574,8402000
2023-11-17,0.6453158259391785,0.6700000166893005,0.6899999976158142,0.6600000262260437,0.6600000262260437,8032000
2023-11-20,0.6742104887962341,0.699999988079071,0.699999988079071,0.6700000166893005,0.6700000166893005,8133100
2023-11-21,0.6742104887962341,0.699999988079071,0.7099999785423279,0.6899999976158142,0.699999988079071,12644000
2023-11-22,0.6742104887962341,0.699999988079071,0.699999988079071,0.6800000071525574,0.699999988079071,7927000
2023-11-23,0.6742104887962341,0.699999988079071,0.699999988079071,0.6899999976158142,0.699999988079071,5892000
2023-11-24,0.6742104887962341,0.699999988079071,0.7099999785423279,0.6899999976158142,0.699999988079071,5841000
2023-11-27,0.664578914642334,0.6899999976158142,0.7099999785423279,0.6899999976158142,0.699999988079071,5600000
2023-11-28,0.664578914642334,0.6899999976158142,0.699999988079071,0.6899999976158142,0.6899999976158142,2909000
2023-11-29,0.664578914642334,0.6899999976158142,0.7099999785423279,0.6800000071525574,0.699999988079071,6444000
2023-11-30,0.664578914642334,0.6899999976158142,0.6899999976158142,0.6700000166893005,0.6899999976158142,8362156
2023-12-01,0.6453158259391785,0.6700000166893005,0.699999988079071,0.6700000166893005,0.6899999976158142,7290000
2023-12-04,0.6356842517852783,0.6600000262260437,0.6800000071525574,0.6499999761581421,0.6800000071525574,12832001
2023-12-05,0.6164210438728333,0.6399999856948853,0.6700000166893005,0.6399999856948853,0.6600000262260437,6454439
2023-12-06,0.6453158259391785,0.6700000166893005,0.6700000166893005,0.6399999856948853,0.6399999856948853,6602000
2023-12-07,0.6356842517852783,0.6600000262260437,0.6700000166893005,0.6399999856948853,0.6700000166893005,8534000
2023-12-08,0.597157895565033,0.6200000047683716,0.6600000262260437,0.6200000047683716,0.6499999761581421,17163913
2023-12-11,0.597157895565033,0.6200000047683716,0.6299999952316284,0.6000000238418579,0.6200000047683716,19390000
2023-12-12,0.6260526180267334,0.6499999761581421,0.6600000262260437,0.6200000047683716,0.6200000047683716,11102000
2023-12-13,0.6164210438728333,0.6399999856948853,0.6499999761581421,0.6299999952316284,0.6499999761581421,4930000
2023-12-14,0.597157895565033,0.6200000047683716,0.6600000262260437,0.6200000047683716,0.6399999856948853,8724000
2023-12-15,0.6067894697189331,0.6299999952316284,0.6399999856948853,0.6299999952316284,0.6299999952316284,4160000
2023-12-18,0.597157895565033,0.6200000047683716,0.6399999856948853,0.6100000143051147,0.6399999856948853,9730000
2023-12-19,0.5875263214111328,0.6100000143051147,0.6299999952316284,0.6100000143051147,0.6200000047683716,4088000
2023-12-20,0.6067894697189331,0.6299999952316284,0.6299999952316284,0.6100000143051147,0.6200000047683716,3927000
2023-12-21,0.6067894697189331,0.6299999952316284,0.6299999952316284,0.6000000238418579,0.6200000047683716,7259000
2023-12-22,0.597157895565033,0.6200000047683716,0.6299999952316284,0.6000000238418579,0.6299999952316284,8092000
2023-12-27,0.6067894697189331,0.6299999952316284,0.6299999952316284,0.6100000143051147,0.6200000047683716,6095000
2023-12-28,0.6164210438728333,0.6399999856948853,0.6499999761581421,0.6200000047683716,0.6299999952316284,25065000
2023-12-29,0.6260526180267334,0.6499999761581421,0.6499999761581421,0.6399999856948853,0.6499999761581421,2519000
2024-01-02,0.6164210438728333,0.6399999856948853,0.6600000262260437,0.6299999952316284,0.6499999761581421,2866000
2024-01-03,0.6164210438728333,0.6399999856948853,0.6399999856948853,0.6299999952316284,0.6299999952316284,3752484
2024-01-04,0.6067894697189331,0.6299999952316284,0.6499999761581421,0.6299999952316284,0.6399999856948853,2657000
2024-01-05,0.597157895565033,0.6200000047683716,0.6399999856948853,0.6100000143051147,0.6399999856948853,5802000
2024-01-08,0.5875263214111328,0.6100000143051147,0.6200000047683716,0.6000000238418579,0.6200000047683716,9737000
2024-01-09,0.5778947472572327,0.6000000238418579,0.6200000047683716,0.6000000238418579,0.6100000143051147,2636000
2024-01-10,0.5875263214111328,0.6100000143051147,0.6200000047683716,0.6000000238418579,0.6000000238418579,4528000
2024-01-11,0.6067894697189331,0.6299999952316284,0.6399999856948853,0.6100000143051147,0.6200000047683716,5270000
2024-01-12,0.6067894697189331,0.6299999952316284,0.6399999856948853,0.6200000047683716,0.6299999952316284,2640000
2024-01-15,0.6067894697189331,0.6299999952316284,0.6299999952316284,0.6299999952316284,0.6299999952316284,0
2024-01-16,0.597157895565033,0.6200000047683716,0.6299999952316284,0.6100000143051147,0.6200000047683716,3066000
2024-01-17,0.5682631134986877,0.5899999737739563,0.6200000047683716,0.5799999833106995,0.6100000143051147,14564000
2024-01-18,0.5586315393447876,0.5799999833106995,0.6000000238418579,0.5799999833106995,0.6000000238418579,6744000
2024-01-19,0.5489999651908875,0.5699999928474426,0.5899999737739563,0.5699999928474426,0.5899999737739563,5180000
2024-01-22,0.5297368764877319,0.550000011920929,0.5799999833106995,0.5299999713897705,0.5799999833106995,10585000
2024-01-23,0.5393684506416321,0.5600000023841858,0.5699999928474426,0.550000011920929,0.5600000023841858,16032000
2024-01-24,0.5393684506416321,0.5600000023841858,0.5699999928474426,0.5400000214576721,0.5600000023841858,11469000
2024-01-25,0.5586315393447876,0.5799999833106995,0.5899999737739563,0.5600000023841858,0.5600000023841858,7671940
2024-01-26,0.5586315393447876,0.5799999833106995,0.6100000143051147,0.5699999928474426,0.5899999737739563,10440000
2024-01-29,0.5393684506416321,0.5600000023841858,0.5899999737739563,0.5600000023841858,0.5799999833106995,9759000
2024-01-30,0.5201053023338318,0.5400000214576721,0.5600000023841858,0.5400000214576721,0.5600000023841858,11047816
2024-01-31,0.5201053023338318,0.5400000214576721,0.550000011920929,0.5299999713897705,0.550000011920929,7957000
2024-02-01,0.5104736685752869,0.5299999713897705,0.550000011920929,0.5299999713897705,0.5400000214576721,6435000
2024-02-02,0.4912105202674866,0.5099999904632568,0.550000011920929,0.5099999904632568,0.5400000214576721,12280000
2024-02-05,0.4815789461135864,0.5,0.5099999904632568,0.49000000953674316,0.5099999904632568,10276900
2024-02-06,0.5297368764877319,0.550000011920929,0.550000011920929,0.5,0.5099999904632568,9496000
2024-02-07,0.5201053023338318,0.5400000214576721,0.5699999928474426,0.5299999713897705,0.5600000023841858,5821000
2024-02-08,0.5297368764877319,0.550000011920929,0.5600000023841858,0.5400000214576721,0.5400000214576721,4537000
2024-02-09,0.5297368764877319,0.550000011920929,0.550000011920929,0.550000011920929,0.550000011920929,0
2024-02-14,0.5297368764877319,0.550000011920929,0.550000011920929,0.5299999713897705,0.550000011920929,3213000
2024-02-15,0.5201053023338318,0.5400000214576721,0.550000011920929,0.5299999713897705,0.5400000214576721,1631000
2024-02-16,0.5393684506416321,0.5600000023841858,0.5600000023841858,0.5299999713897705,0.5400000214576721,2905000
2024-02-19,0.5297368764877319,0.550000011920929,0.5600000023841858,0.5400000214576721,0.550000011920929,5125000
2024-02-20,0.5393684506416321,0.5600000023841858,0.5600000023841858,0.5400000214576721,0.550000011920929,5543000
2024-02-21,0.5586315393447876,0.5799999833106995,0.5899999737739563,0.550000011920929,0.550000011920929,11373000
2024-02-22,0.5586315393447876,0.5799999833106995,0.5899999737739563,0.5699999928474426,0.5799999833106995,4419000
2024-02-23,0.5586315393447876,0.5799999833106995,0.5899999737739563,0.5699999928474426,0.5699999928474426,4792000
2024-02-26,0.5586315393447876,0.5799999833106995,0.5899999737739563,0.5699999928474426,0.5799999833106995,7000000
2024-02-27,0.5586315393447876,0.5799999833106995,0.5799999833106995,0.5600000023841858,0.5799999833106995,3332000
2024-02-28,0.5586315393447876,0.5799999833106995,0.5899999737739563,0.5699999928474426,0.5799999833106995,12598001
2024-02-29,0.5489999651908875,0.5699999928474426,0.5899999737739563,0.5699999928474426,0.5799999833106995,13208000
2024-03-01,0.5489999651908875,0.5699999928474426,0.5799999833106995,0.5600000023841858,0.5799999833106995,7896000
2024-03-04,0.5489999651908875,0.5699999928474426,0.5799999833106995,0.5600000023841858,0.5699999928474426,4741000
2024-03-05,0.5297368764877319,0.550000011920929,0.5699999928474426,0.550000011920929,0.5699999928474426,7324000
2024-03-06,0.5489999651908875,0.5699999928474426,0.5699999928474426,0.550000011920929,0.550000011920929,5497000
2024-03-07,0.5393684506416321,0.5600000023841858,0.5699999928474426,0.550000011920929,0.5600000023841858,4532000
2024-03-08,0.5297368764877319,0.550000011920929,0.5699999928474426,0.550000011920929,0.5600000023841858,4443000
2024-03-11,0.5489999651908875,0.5699999928474426,0.5699999928474426,0.550000011920929,0.550000011920929,6781000
2024-03-12,0.5682631134986877,0.5899999737739563,0.5899999737739563,0.5699999928474426,0.5699999928474426,11388001
2024-03-13,0.5489999651908875,0.5699999928474426,0.5799999833106995,0.5699999928474426,0.5799999833106995,3078000
2024-03-14,0.5682631134986877,0.5899999737739563,0.6000000238418579,0.5699999928474426,0.5799999833106995,12457000
2024-03-15,0.5586315393447876,0.5799999833106995,0.5899999737739563,0.5699999928474426,0.5799999833106995,5362000
2024-03-18,0.5586315393447876,0.5799999833106995,0.5799999833106995,0.5699999928474426,0.5799999833106995,6054000
2024-03-19,0.5489999651908875,0.5699999928474426,0.5799999833106995,0.5600000023841858,0.5699999928474426,9429000
2024-03-20,0.5586315393447876,0.5799999833106995,0.5899999737739563,0.5699999928474426,0.5699999928474426,5330000
2024-03-21,0.5586315393447876,0.5799999833106995,0.5899999737739563,0.5699999928474426,0.5899999737739563,6597000
2024-03-22,0.5489999651908875,0.5699999928474426,0.5799999833106995,0.5600000023841858,0.5799999833106995,12353001
2024-03-25,0.5393684506416321,0.5600000023841858,0.5799999833106995,0.550000011920929,0.5799999833106995,6217154
2024-03-26,0.5393684506416321,0.5600000023841858,0.5699999928474426,0.550000011920929,0.550000011920929,5667000
2024-03-27,0.5489999651908875,0.5699999928474426,0.5699999928474426,0.550000011920929,0.5600000023841858,5301000
2024-03-28,0.5104736685752869,0.5299999713897705,0.5699999928474426,0.5299999713897705,0.5600000023841858,26037000
2024-04-02,0.5201053023338318,0.5400000214576721,0.550000011920929,0.5299999713897705,0.5400000214576721,7517000
2024-04-03,0.5297368764877319,0.550000011920929,0.550000011920929,0.5299999713897705,0.5400000214576721,3424000
2024-04-05,0.5008420944213867,0.5199999809265137,0.5400000214576721,0.5199999809265137,0.5400000214576721,4196000
2024-04-08,0.5008420944213867,0.5199999809265137,0.5299999713897705,0.5199999809265137,0.5299999713897705,11891000
2024-04-09,0.5008420944213867,0.5199999809265137,0.5299999713897705,0.5099999904632568,0.5299999713897705,8358000
2024-04-10,0.5393684506416321,0.5600000023841858,0.5699999928474426,0.5199999809265137,0.5299999713897705,23862000
2024-04-11,0.5201053023338318,0.5400000214576721,0.550000011920929,0.5400000214576721,0.550000011920929,3935000
2024-04-12,0.5008420944213867,0.5199999809265137,0.5400000214576721,0.5199999809265137,0.5400000214576721,12348000
2024-04-15,0.5008420944213867,0.5199999809265137,0.5299999713897705,0.5099999904632568,0.5199999809265137,4996000
2024-04-16,0.4815789461135864,0.5,0.5199999809265137,0.5,0.5199999809265137,8387000
2024-04-17,0.4912105202674866,0.5099999904632568,0.5199999809265137,0.5,0.5,7390000
2024-04-18,0.4912105202674866,0.5099999904632568,0.5199999809265137,0.5,0.5199999809265137,5889000
2024-04-19,0.4912105202674866,0.5099999904632568,0.5199999809265137,0.5,0.5199999809265137,6486000
2024-04-22,0.4912105202674866,0.5099999904632568,0.5199999809265137,0.5,0.5099999904632568,7004000
2024-04-23,0.4912105202674866,0.5099999904632568,0.5199999809265137,0.5099999904632568,0.5199999809265137,2144002
2024-04-24,0.5104736685752869,0.5299999713897705,0.5299999713897705,0.5099999904632568,0.5199999809265137,7475000
2024-04-25,0.5201053023338318,0.5400000214576721,0.5400000214576721,0.5199999809265137,0.5199999809265137,7516000
2024-04-26,0.5393684506416321,0.5600000023841858,0.5600000023841858,0.5299999713897705,0.5299999713897705,16044000
2024-04-29,0.5393684506416321,0.5600000023841858,0.5699999928474426,0.550000011920929,0.5600000023841858,16353000
2024-04-30,0.5489999651908875,0.5699999928474426,0.5699999928474426,0.550000011920929,0.5600000023841858,11098000
2024-05-02,0.6067894697189331,0.6299999952316284,0.6399999856948853,0.5600000023841858,0.5699999928474426,29002000
2024-05-03,0.5875263214111328,0.6100000143051147,0.6499999761581421,0.6000000238418579,0.6299999952316284,9289000
2024-05-06,0.5875263214111328,0.6100000143051147,0.6200000047683716,0.6000000238418579,0.6200000047683716,13656000
2024-05-07,0.5875263214111328,0.6100000143051147,0.6200000047683716,0.6000000238418579,0.6000000238418579,9439000
2024-05-08,0.5682631134986877,0.5899999737739563,0.6200000047683716,0.5799999833106995,0.6100000143051147,20072000
2024-05-09,0.597157895565033,0.6200000047683716,0.6399999856948853,0.5799999833106995,0.5899999737739563,25870000
2024-05-10,0.6067894697189331,0.6299999952316284,0.6299999952316284,0.6100000143051147,0.6200000047683716,9723000
2024-05-13,0.6164210438728333,0.6399999856948853,0.6499999761581421,0.6200000047683716,0.6299999952316284,20291000
2024-05-14,0.597157895565033,0.6200000047683716,0.6499999761581421,0.6100000143051147,0.6399999856948853,22210000
2024-05-16,0.597157895565033,0.6200000047683716,0.6299999952316284,0.6100000143051147,0.6200000047683716,15451000
2024-05-17,0.5875263214111328,0.6100000143051147,0.6299999952316284,0.6000000238418579,0.6299999952316284,16555000
2024-05-20,0.597157895565033,0.6200000047683716,0.6200000047683716,0.6000000238418579,0.6100000143051147,8277000
2024-05-21,0.5778947472572327,0.6000000238418579,0.6200000047683716,0.5899999737739563,0.6200000047683716,12122000
2024-05-22,0.5875263214111328,0.6100000143051147,0.6200000047683716,0.5899999737739563,0.6000000238418579,15972056
2024-05-23,0.5586315393447876,0.5799999833106995,0.6100000143051147,0.5699999928474426,0.6100000143051147,22605000
2024-05-24,0.5489999651908875,0.5699999928474426,0.5899999737739563,0.5699999928474426,0.5799999833106995,8905000
2024-05-27,0.5489999651908875,0.5699999928474426,0.5799999833106995,0.550000011920929,0.5699999928474426,14967000
2024-05-28,0.5393684506416321,0.5600000023841858,0.5799999833106995,0.550000011920929,0.5699999928474426,12106000
2024-05-29,0.5297368764877319,0.550000011920929,0.5600000023841858,0.550000011920929,0.5600000023841858,4720000
2024-05-30,0.5201053023338318,0.5400000214576721,0.5699999928474426,0.5400000214576721,0.550000011920929,15193000
2024-05-31,0.5201053023338318,0.5400000214576721,0.5600000023841858,0.5400000214576721,0.5400000214576721,13058000
2024-06-03,0.5201053023338318,0.5400000214576721,0.550000011920929,0.5400000214576721,0.550000011920929,4353000
2024-06-04,0.5201053023338318,0.5400000214576721,0.550000011920929,0.5299999713897705,0.5400000214576721,5149000
2024-06-05,0.5297368764877319,0.550000011920929,0.5600000023841858,0.5400000214576721,0.5400000214576721,7819000
2024-06-06,0.5104736685752869,0.5299999713897705,0.5600000023841858,0.5299999713897705,0.550000011920929,11975000
2024-06-07,0.5008420944213867,0.5199999809265137,0.5400000214576721,0.5199999809265137,0.5400000214576721,15972000
2024-06-11,0.5104736685752869,0.5299999713897705,0.5299999713897705,0.5099999904632568,0.5199999809265137,12917000
2024-06-12,0.5008420944213867,0.5199999809265137,0.5400000214576721,0.5099999904632568,0.5199999809265137,8088000
2024-06-13,0.5008420944213867,0.5199999809265137,0.5299999713897705,0.5199999809265137,0.5299999713897705,6258000
2024-06-14,0.5393684506416321,0.5600000023841858,0.5600000023841858,0.5199999809265137,0.5299999713897705,23384000
2024-06-17,0.5201053023338318,0.5400000214576721,0.5699999928474426,0.5400000214576721,0.5600000023841858,10479000
2024-06-18,0.5393684506416321,0.5600000023841858,0.5699999928474426,0.5400000214576721,0.550000011920929,17182000
2024-06-19,0.5489999651908875,0.5699999928474426,0.6000000238418579,0.5699999928474426,0.5699999928474426,44736000
2024-06-20,0.5201053023338318,0.5400000214576721,0.5899999737739563,0.5299999713897705,0.5699999928474426,21081500
2024-06-21,0.5297368764877319,0.550000011920929,0.5600000023841858,0.5299999713897705,0.5400000214576721,19254000
2024-06-24,0.5201053023338318,0.5400000214576721,0.5600000023841858,0.5099999904632568,0.550000011920929,34561000
2024-06-25,0.5201053023338318,0.5400000214576721,0.5400000214576721,0.5299999713897705,0.5400000214576721,4938000
2024-06-26,0.5393684506416321,0.5600000023841858,0.5600000023841858,0.5299999713897705,0.5400000214576721,7670000
2024-06-27,0.5201053023338318,0.5400000214576721,0.5600000023841858,0.5199999809265137,0.5600000023841858,16818000
2024-06-28,0.5008420944213867,0.5199999809265137,0.5400000214576721,0.5199999809265137,0.5400000214576721,4821000
2024-07-02,0.5008420944213867,0.5199999809265137,0.5400000214576721,0.5199999809265137,0.5199999809265137,11032000
2024-07-03,0.5104736685752869,0.5299999713897705,0.5400000214576721,0.5199999809265137,0.5199999809265137,5710000
2024-07-04,0.5201053023338318,0.5400000214576721,0.550000011920929,0.5299999713897705,0.5299999713897705,8611000
2024-07-05,0.5297368764877319,0.550000011920929,0.5600000023841858,0.5299999713897705,0.5400000214576721,14389000
2024-07-08,0.5104736685752869,0.5299999713897705,0.550000011920929,0.5299999713897705,0.550000011920929,8140000
2024-07-09,0.5201053023338318,0.5400000214576721,0.550000011920929,0.5299999713897705,0.5400000214576721,9731000
2024-07-10,0.5297368764877319,0.550000011920929,0.550000011920929,0.5400000214576721,0.550000011920929,3215000
2024-07-11,0.5393684506416321,0.5600000023841858,0.5600000023841858,0.5400000214576721,0.550000011920929,15375000
2024-07-12,0.5393684506416321,0.5600000023841858,0.5699999928474426,0.550000011920929,0.5600000023841858,10885000
2024-07-15,0.5297368764877319,0.550000011920929,0.5600000023841858,0.550000011920929,0.5600000023841858,4892000
2024-07-16,0.5297368764877319,0.550000011920929,0.5600000023841858,0.5400000214576721,0.550000011920929,5975000
2024-07-17,0.5393684506416321,0.5600000023841858,0.5600000023841858,0.550000011920929,0.550000011920929,3994000
2024-07-18,0.5393684506416321,0.5600000023841858,0.5699999928474426,0.550000011920929,0.550000011920929,8417000
2024-07-19,0.5297368764877319,0.550000011920929,0.5600000023841858,0.550000011920929,0.5600000023841858,6803000
2024-07-22,0.5393684506416321,0.5600000023841858,0.5600000023841858,0.5400000214576721,0.550000011920929,3241000
2024-07-23,0.5297368764877319,0.550000011920929,0.5600000023841858,0.5400000214576721,0.550000011920929,5969000
2024-07-24,0.5201053023338318,0.5400000214576721,0.550000011920929,0.5299999713897705,0.550000011920929,5235000
2024-07-25,0.5104736685752869,0.5299999713897705,0.5400000214576721,0.5099999904632568,0.5299999713897705,18567000
2024-07-26,0.5008420944213867,0.5199999809265137,0.5400000214576721,0.5199999809265137,0.5299999713897705,4243000
2024-07-29,0.5104736685752869,0.5299999713897705,0.5299999713897705,0.5199999809265137,0.5299999713897705,3161000
2024-07-30,0.5008420944213867,0.5199999809265137,0.5299999713897705,0.5099999904632568,0.5199999809265137,14727000
2024-07-31,0.5104736685752869,0.5299999713897705,0.5299999713897705,0.5099999904632568,0.5199999809265137,6647000
2024-08-01,0.5008420944213867,0.5199999809265137,0.5299999713897705,0.5099999904632568,0.5299999713897705,5724000
2024-08-02,0.5008420944213867,0.5199999809265137,0.5299999713897705,0.5099999904632568,0.5199999809265137,6576000
2024-08-05,0.4815789461135864,0.5,0.5199999809265137,0.4950000047683716,0.5199999809265137,12856000
2024-08-06,0.5104736685752869,0.5299999713897705,0.5400000214576721,0.5099999904632568,0.5099999904632568,17910000
2024-08-07,0.5201053023338318,0.5400000214576721,0.550000011920929,0.5299999713897705,0.5400000214576721,6633000
2024-08-08,0.5201053023338318,0.5400000214576721,0.5400000214576721,0.5299999713897705,0.5400000214576721,2974000
2024-08-09,0.5104736685752869,0.5299999713897705,0.550000011920929,0.5299999713897705,0.5400000214576721,5616000
2024-08-12,0.5201053023338318,0.5400000214576721,0.5400000214576721,0.5299999713897705,0.5299999713897705,1095000
2024-08-13,0.5104736685752869,0.5299999713897705,0.5400000214576721,0.5199999809265137,0.5299999713897705,2827000
2024-08-14,0.5104736685752869,0.5299999713897705,0.5400000214576721,0.5199999809265137,0.5299999713897705,8562000
2024-08-15,0.5008420944213867,0.5199999809265137,0.5400000214576721,0.5199999809265137,0.5299999713897705,5904000
2024-08-16,0.5201053023338318,0.5400000214576721,0.5400000214576721,0.5199999809265137,0.5299999713897705,4595000
2024-08-19,0.5201053023338318,0.5400000214576721,0.5400000214576721,0.5299999713897705,0.5400000214576721,2011000
2024-08-20,0.5104736685752869,0.5299999713897705,0.550000011920929,0.5299999713897705,0.5400000214576721,8603000
2024-08-21,0.5104736685752869,0.5299999713897705,0.5400000214576721,0.5299999713897705,0.5299999713897705,2617000
2024-08-22,0.5201053023338318,0.5400000214576721,0.5400000214576721,0.5299999713897705,0.5400000214576721,3277000
2024-08-23,0.5104736685752869,0.5299999713897705,0.5400000214576721,0.5299999713897705,0.5299999713897705,2653000
2024-08-26,0.5104736685752869,0.5299999713897705,0.5400000214576721,0.5299999713897705,0.5400000214576721,2771000
2024-08-27,0.5104736685752869,0.5299999713897705,0.5400000214576721,0.5199999809265137,0.5299999713897705,5710000
2024-08-28,0.5104736685752869,0.5299999713897705,0.5299999713897705,0.5199999809265137,0.5299999713897705,3981000
2024-08-29,0.5104736685752869,0.5299999713897705,0.5400000214576721,0.5199999809265137,0.5299999713897705,3573880
2024-08-30,0.5201053023338318,0.5400000214576721,0.550000011920929,0.5199999809265137,0.5299999713897705,22934000
2024-09-02,0.5297368764877319,0.550000011920929,0.550000011920929,0.5400000214576721,0.5400000214576721,4831000
2024-09-03,0.5297368764877319,0.550000011920929,0.550000011920929,0.5400000214576721,0.550000011920929,4086000
2024-09-04,0.5297368764877319,0.550000011920929,0.550000011920929,0.5299999713897705,0.550000011920929,6185000
2024-09-05,0.5297368764877319,0.550000011920929,0.550000011920929,0.5400000214576721,0.550000011920929,2232000
2024-09-09,0.5201053023338318,0.5400000214576721,0.550000011920929,0.5199999809265137,0.550000011920929,16460000
2024-09-10,0.5008420944213867,0.5199999809265137,0.5400000214576721,0.5199999809265137,0.5299999713897705,5059000
2024-09-11,0.4912105202674866,0.5099999904632568,0.5299999713897705,0.5099999904632568,0.5299999713897705,10551000
2024-09-12,0.4912105202674866,0.5099999904632568,0.5199999809265137,0.5099999904632568,0.5199999809265137,2830000
2024-09-13,0.5008420944213867,0.5199999809265137,0.5400000214576721,0.5099999904632568,0.5199999809265137,9630000
2024-09-16,0.5008420944213867,0.5199999809265137,0.5299999713897705,0.5099999904632568,0.5199999809265137,1472000
2024-09-17,0.5104736685752869,0.5299999713897705,0.5299999713897705,0.5199999809265137,0.5199999809265137,805000
2024-09-19,0.5201053023338318,0.5400000214576721,0.5400000214576721,0.5199999809265137,0.5299999713897705,5205000
2024-09-20,0.5201053023338318,0.5400000214576721,0.550000011920929,0.5299999713897705,0.5400000214576721,5384000
2024-09-23,0.5104736685752869,0.5299999713897705,0.5400000214576721,0.5299999713897705,0.5400000214576721,3376014
2024-09-24,0.5297368764877319,0.550000011920929,0.550000011920929,0.5299999713897705,0.5299999713897705,10719014
2024-09-25,0.5297368764877319,0.550000011920929,0.5699999928474426,0.5400000214576721,0.5600000023841858,19997000
2024-09-26,0.5489999651908875,0.5699999928474426,0.5699999928474426,0.550000011920929,0.550000011920929,34679000
2024-09-27,0.5799999833106995,0.5799999833106995,0.5899999737739563,0.5600000023841858,0.5600000023841858,48008500
2024-09-30,0.6499999761581421,0.6499999761581421,0.6600000262260437,0.6000000238418579,0.6100000143051147,59332058
2024-10-02,0.6899999976158142,0.6899999976158142,0.699999988079071,0.6499999761581421,0.6499999761581421,37988231
2024-10-03,0.6800000071525574,0.6800000071525574,0.7200000286102295,0.6399999856948853,0.7099999785423279,18549000
2024-10-04,0.7200000286102295,0.7200000286102295,0.7200000286102295,0.6600000262260437,0.6700000166893005,27431771
2024-10-07,0.9399999976158142,0.9399999976158142,1.0199999809265137,0.8199999928474426,0.8199999928474426,120397748
2024-10-08,0.800000011920929,0.800000011920929,0.9800000190734863,0.7799999713897705,0.9800000190734863,163233000
2024-10-09,0.7400000095367432,0.7400000095367432,0.8299999833106995,0.699999988079071,0.8199999928474426,90285000
2024-10-10,0.7400000095367432,0.7400000095367432,0.7900000214576721,0.7300000190734863,0.7699999809265137,49726000
2024-10-14,0.699999988079071,0.699999988079071,0.75,0.6899999976158142,0.7400000095367432,35170000
2024-10-15,0.6700000166893005,0.6700000166893005,0.7200000286102295,0.6499999761581421,0.7099999785423279,29128000
2024-10-16,0.6700000166893005,0.6700000166893005,0.6899999976158142,0.6499999761581421,0.6499999761581421,17976002
2024-10-17,0.6600000262260437,0.6600000262260437,0.699999988079071,0.6600000262260437,0.6800000071525574,16749492
2024-10-18,0.7099999785423279,0.7099999785423279,0.7200000286102295,0.6600000262260437,0.6700000166893005,31773000
2024-10-21,0.699999988079071,0.699999988079071,0.7200000286102295,0.6899999976158142,0.7099999785423279,17694000
2024-10-22,0.699999988079071,0.699999988079071,0.7200000286102295,0.6899999976158142,0.7099999785423279,15162000
2024-10-23,0.699999988079071,0.699999988079071,0.7200000286102295,0.6899999976158142,0.7099999785423279,21746000
2024-10-24,0.6899999976158142,0.6899999976158142,0.7099999785423279,0.6800000071525574,0.699999988079071,16758000
2024-10-25,0.7099999785423279,0.7099999785423279,0.7200000286102295,0.6899999976158142,0.6899999976158142,15295000
2024-10-28,0.7099999785423279,0.7099999785423279,0.7200000286102295,0.699999988079071,0.7099999785423279,14386000
2024-10-29,0.7400000095367432,0.7400000095367432,0.8799999952316284,0.7099999785423279,0.7200000286102295,220043000
2024-10-30,0.7200000286102295,0.7200000286102295,0.75,0.699999988079071,0.7400000095367432,55259000
2024-10-31,0.7300000190734863,0.7300000190734863,0.7699999809265137,0.7099999785423279,0.7300000190734863,46869000
2024-11-01,0.7200000286102295,0.7200000286102295,0.75,0.7099999785423279,0.7400000095367432,35681000
2024-11-04,0.7200000286102295,0.7200000286102295,0.7400000095367432,0.7099999785423279,0.7200000286102295,16024000
2024-11-05,0.75,0.75,0.75,0.7200000286102295,0.7300000190734863,26519000
2024-11-06,0.7200000286102295,0.7200000286102295,0.75,0.7099999785423279,0.75,34322000
2024-11-07,0.7400000095367432,0.7400000095367432,0.75,0.7099999785423279,0.7300000190734863,34008000
2024-11-08,0.7300000190734863,0.7300000190734863,0.75,0.7300000190734863,0.75,24402000
2024-11-11,0.7200000286102295,0.7200000286102295,0.7300000190734863,0.7099999785423279,0.7200000286102295,23341000
2024-11-12,0.7099999785423279,0.7099999785423279,0.7599999904632568,0.7099999785423279,0.7300000190734863,55547000
2024-11-13,0.7200000286102295,0.7200000286102295,0.7400000095367432,0.699999988079071,0.7300000190734863,43685001
2024-11-14,0.7099999785423279,0.7099999785423279,0.7200000286102295,0.699999988079071,0.7200000286102295,32146000
2024-11-15,0.6700000166893005,0.6700000166893005,0.7200000286102295,0.6700000166893005,0.7099999785423279,32219000
2024-11-18,0.6899999976158142,0.6899999976158142,0.699999988079071,0.6700000166893005,0.6700000166893005,15722000
2024-11-19,0.6899999976158142,0.6899999976158142,0.699999988079071,0.6800000071525574,0.6899999976158142,6299000
2024-11-20,0.699999988079071,0.699999988079071,0.7099999785423279,0.6899999976158142,0.699999988079071,10816000
2024-11-21,0.699999988079071,0.699999988079071,0.7099999785423279,0.6899999976158142,0.7099999785423279,12558000
2024-11-22,0.6600000262260437,0.6600000262260437,0.7099999785423279,0.6499999761581421,0.699999988079071,17544000
2024-11-25,0.6700000166893005,0.6700000166893005,0.6800000071525574,0.6499999761581421,0.6700000166893005,15125000
2024-11-26,0.7200000286102295,0.7200000286102295,0.7400000095367432,0.6700000166893005,0.6800000071525574,40001000
2024-11-27,0.699999988079071,0.699999988079071,0.7400000095367432,0.699999988079071,0.7400000095367432,30864000
2024-11-28,0.6899999976158142,0.6899999976158142,0.7099999785423279,0.6899999976158142,0.7099999785423279,7714000
2024-11-29,0.6899999976158142,0.6899999976158142,0.699999988079071,0.6800000071525574,0.6899999976158142,8762000
2024-12-02,0.699999988079071,0.699999988079071,0.7099999785423279,0.6899999976158142,0.699999988079071,7989000
2024-12-03,0.7099999785423279,0.7099999785423279,0.7099999785423279,0.6899999976158142,0.7099999785423279,12535000
2024-12-04,0.6899999976158142,0.6899999976158142,0.7099999785423279,0.6800000071525574,0.7099999785423279,10165000
2024-12-05,0.6800000071525574,0.6800000071525574,0.6899999976158142,0.6700000166893005,0.6800000071525574,12495800
2024-12-06,0.6899999976158142,0.6899999976158142,0.699999988079071,0.6800000071525574,0.6800000071525574,12983000
2024-12-09,0.7099999785423279,0.7099999785423279,0.7099999785423279,0.6899999976158142,0.6899999976158142,10392001
2024-12-10,0.699999988079071,0.699999988079071,0.7400000095367432,0.699999988079071,0.7300000190734863,22025000
2024-12-11,0.7099999785423279,0.7099999785423279,0.7200000286102295,0.699999988079071,0.7099999785423279,16293556
2024-12-12,0.7099999785423279,0.7099999785423279,0.7200000286102295,0.699999988079071,0.699999988079071,20035000
2024-12-13,0.6800000071525574,0.6800000071525574,0.7099999785423279,0.6800000071525574,0.699999988079071,21977000
