Date,Adj Close,Close,High,Low,Open,Volume
2000-01-04,0.9535053968429565,1.6182680130004883,1.6918259859085083,1.52019202709198,1.52019202709198,2406274
2000-01-05,0.8957177400588989,1.52019202709198,1.5692299604415894,1.44663405418396,1.5692299604415894,1004925
2000-01-06,0.8523765206336975,1.44663405418396,1.52019202709198,1.3975950479507446,1.52019202709198,643168
2000-01-07,0.9679530262947083,1.642788052558899,1.7653839588165283,1.5692299604415894,1.5692299604415894,4023373
2000-01-10,1.0257412195205688,1.7408649921417236,1.8634610176086426,1.716344952583313,1.7653839588165283,4415310
2000-01-11,0.9824000000953674,1.6673070192337036,1.7899030447006226,1.6182680130004883,1.7653839588165283,1099953
2000-01-12,0.9679530262947083,1.642788052558899,1.6673070192337036,1.5692299604415894,1.5692299604415894,269992
2000-01-13,0.9246114492416382,1.5692299604415894,1.642788052558899,1.5692299604415894,1.642788052558899,702713
2000-01-14,0.9390584230422974,1.5937490463256836,1.6673070192337036,1.5692299604415894,1.6182680130004883,738196
2000-01-17,0.9679530262947083,1.642788052558899,1.6673070192337036,1.5937490463256836,1.5937490463256836,615843
2000-01-18,0.9535053968429565,1.6182680130004883,1.6918259859085083,1.5937490463256836,1.5937490463256836,859529
2000-01-19,0.9535053968429565,1.6182680130004883,1.6182680130004883,1.5692299604415894,1.5692299604415894,484109
2000-01-20,0.8957177400588989,1.52019202709198,1.6182680130004883,1.52019202709198,1.6182680130004883,393976
2000-01-21,0.9101648330688477,1.5447109937667847,1.5692299604415894,1.4956719875335693,1.5447109937667847,650102
2000-01-24,0.9679530262947083,1.642788052558899,1.642788052558899,1.4956719875335693,1.4956719875335693,1280627
2000-01-25,0.9246114492416382,1.5692299604415894,1.6673070192337036,1.5692299604415894,1.642788052558899,420486
2000-01-26,0.9535053968429565,1.6182680130004883,1.642788052558899,1.5692299604415894,1.642788052558899,555074
2000-01-27,0.9246114492416382,1.5692299604415894,1.6182680130004883,1.5692299604415894,1.5692299604415894,250823
2000-01-28,1.0401883125305176,1.7653839588165283,1.8144220113754272,1.5692299604415894,1.5937490463256836,1267984
2000-01-31,1.0690819025039673,1.8144220113754272,1.9370180368423462,1.6182680130004883,1.6182680130004883,2356110
2000-02-01,1.0979766845703125,1.8634610176086426,1.9370180368423462,1.8144220113754272,1.8144220113754272,1894023
2000-02-02,1.1846586465835571,2.010576009750366,2.035094976425171,1.7408649921417236,1.912498950958252,3312094
2000-02-03,1.2713409662246704,2.15769100189209,2.3538448810577393,1.9860570430755615,1.9860570430755615,5436142
2000-02-04,1.2713409662246704,2.15769100189209,2.15769100189209,2.15769100189209,2.15769100189209,0
2000-02-07,1.2713409662246704,2.15769100189209,2.15769100189209,2.15769100189209,2.15769100189209,0
2000-02-08,1.1991055011749268,2.035094976425171,2.255768060684204,2.010576009750366,2.15769100189209,1207419
2000-02-09,1.1124234199523926,1.8879799842834473,2.1086530685424805,1.8879799842834473,2.059614896774292,1597929
2000-02-10,1.1124234199523926,1.8879799842834473,1.912498950958252,1.8144220113754272,1.912498950958252,765317
2000-02-11,1.0690819025039673,1.8144220113754272,1.912498950958252,1.7653839588165283,1.838942050933838,745537
2000-02-14,0.9968468546867371,1.6918259859085083,1.7653839588165283,1.6182680130004883,1.7653839588165283,709443
2000-02-15,1.0401883125305176,1.7653839588165283,1.8634610176086426,1.716344952583313,1.716344952583313,997584
2000-02-16,1.0690819025039673,1.8144220113754272,1.8144220113754272,1.6673070192337036,1.6673070192337036,1014509
2000-02-17,1.0690819025039673,1.8144220113754272,1.8144220113754272,1.7653839588165283,1.7899030447006226,718211
2000-02-18,1.0835294723510742,1.838942050933838,1.9860570430755615,1.8144220113754272,1.8634610176086426,2590212
2000-02-21,1.0546350479125977,1.7899030447006226,1.9370180368423462,1.7653839588165283,1.838942050933838,991058
2000-02-22,0.9535053968429565,1.6182680130004883,1.8144220113754272,1.52019202709198,1.8144220113754272,1140737
2000-02-23,1.0112935304641724,1.716344952583313,1.7653839588165283,1.6182680130004883,1.6182680130004883,501239
2000-02-24,0.9824000000953674,1.6673070192337036,1.716344952583313,1.6182680130004883,1.6673070192337036,745537
2000-02-25,0.9246114492416382,1.5692299604415894,1.642788052558899,1.52019202709198,1.642788052558899,588925
2000-02-28,0.8379296064376831,1.4221149682998657,1.52019202709198,1.3730759620666504,1.52019202709198,534274
2000-02-29,0.8668233752250671,1.4711530208587646,1.52019202709198,1.44663405418396,1.44663405418396,379294
2000-03-01,0.8668233752250671,1.4711530208587646,1.52019202709198,1.4221149682998657,1.4711530208587646,382556
2000-03-02,0.8957177400588989,1.52019202709198,1.5692299604415894,1.4221149682998657,1.4711530208587646,570572
2000-03-03,0.9101648330688477,1.5447109937667847,1.6182680130004883,1.4711530208587646,1.5692299604415894,666823
2000-03-06,0.9101648330688477,1.5447109937667847,1.716344952583313,1.52019202709198,1.6182680130004883,553851
2000-03-07,0.9246114492416382,1.5692299604415894,1.5692299604415894,1.52019202709198,1.5447109937667847,322603
2000-03-08,0.9390584230422974,1.5937490463256836,1.642788052558899,1.5447109937667847,1.5447109937667847,476360
2000-03-09,0.8957177400588989,1.52019202709198,1.642788052558899,1.52019202709198,1.642788052558899,547733
2000-03-10,0.9101648330688477,1.5447109937667847,1.6182680130004883,1.4711530208587646,1.5692299604415894,581584
2000-03-13,0.8812704086303711,1.4956719875335693,1.5937490463256836,1.4711530208587646,1.5692299604415894,428643
2000-03-14,0.8668233752250671,1.4711530208587646,1.5447109937667847,1.4711530208587646,1.4956719875335693,528487
2000-03-15,0.8668233752250671,1.4711530208587646,1.4956719875335693,1.44663405418396,1.4711530208587646,349929
2000-03-16,0.8523765206336975,1.44663405418396,1.4711530208587646,1.4221149682998657,1.44663405418396,473098
2000-03-17,0.8957177400588989,1.52019202709198,1.52019202709198,1.4956719875335693,1.4956719875335693,692109
2000-03-20,0.8812704086303711,1.4956719875335693,1.52019202709198,1.4221149682998657,1.4711530208587646,236141
2000-03-21,0.8523765206336975,1.44663405418396,1.4711530208587646,1.324038028717041,1.4711530208587646,351968
2000-03-22,0.8379296064376831,1.4221149682998657,1.5447109937667847,1.4221149682998657,1.4711530208587646,156203
2000-03-23,0.8523765206336975,1.44663405418396,1.4711530208587646,1.4221149682998657,1.4221149682998657,199129
2000-03-24,0.8523765206336975,1.44663405418396,1.4711530208587646,1.44663405418396,1.44663405418396,208000
2000-03-27,0.8668233752250671,1.4711530208587646,1.4956719875335693,1.4221149682998657,1.4221149682998657,1002070
2000-03-28,0.8379296064376831,1.4221149682998657,1.4956719875335693,1.4221149682998657,1.4711530208587646,281513
2000-03-29,0.8234819173812866,1.3975950479507446,1.4221149682998657,1.3975950479507446,1.3975950479507446,362980
2000-03-30,0.8090349435806274,1.3730759620666504,1.4221149682998657,1.3730759620666504,1.3730759620666504,280188
2000-03-31,0.8379296064376831,1.4221149682998657,1.4221149682998657,1.3730759620666504,1.3730759620666504,256533
2000-04-03,0.8090349435806274,1.3730759620666504,1.3730759620666504,1.324038028717041,1.324038028717041,112156
2000-04-04,0.8090349435806274,1.3730759620666504,1.3730759620666504,1.3730759620666504,1.3730759620666504,0
2000-04-05,0.7512466907501221,1.2749990224838257,1.2749990224838257,1.250480055809021,1.2749990224838257,358494
2000-04-06,0.7801411747932434,1.324038028717041,1.3730759620666504,1.2995189428329468,1.3730759620666504,126431
2000-04-07,0.8090349435806274,1.3730759620666504,1.3730759620666504,1.250480055809021,1.324038028717041,70149
2000-04-10,0.7801411747932434,1.324038028717041,1.3485569953918457,1.324038028717041,1.3485569953918457,286713
2000-04-11,0.7512466907501221,1.2749990224838257,1.3485569953918457,1.250480055809021,1.3485569953918457,70556
2000-04-12,0.7801411747932434,1.324038028717041,1.324038028717041,1.2259609699249268,1.2749990224838257,190870
2000-04-13,0.7801411747932434,1.324038028717041,1.324038028717041,1.250480055809021,1.2749990224838257,107262
2000-04-14,0.7945881485939026,1.3485569953918457,1.3485569953918457,1.2259609699249268,1.2259609699249268,268768
2000-04-17,0.7079059481620789,1.201442003250122,1.250480055809021,1.1376919746398926,1.2259609699249268,434353
2000-04-18,0.7801411747932434,1.324038028717041,1.324038028717041,1.201442003250122,1.2259609699249268,532235
2000-04-19,0.7367997169494629,1.250480055809021,1.44663405418396,1.250480055809021,1.4221149682998657,588109
2000-04-20,0.7512466907501221,1.2749990224838257,1.2749990224838257,1.2259609699249268,1.2749990224838257,261835
2000-04-21,0.7512466907501221,1.2749990224838257,1.2749990224838257,1.2749990224838257,1.2749990224838257,0
2000-04-24,0.7512466907501221,1.2749990224838257,1.2749990224838257,1.2749990224838257,1.2749990224838257,0
2000-04-25,0.7512466907501221,1.2749990224838257,1.324038028717041,1.250480055809021,1.324038028717041,163137
2000-04-26,0.7512466907501221,1.2749990224838257,1.3730759620666504,1.2749990224838257,1.2749990224838257,140705
2000-04-27,0.7656940817832947,1.2995189428329468,1.324038028717041,1.250480055809021,1.2995189428329468,81568
2000-04-28,0.7512466907501221,1.2749990224838257,1.2749990224838257,1.250480055809021,1.250480055809021,158651
2000-05-01,0.7512466907501221,1.2749990224838257,1.2749990224838257,1.2749990224838257,1.2749990224838257,0
2000-05-02,0.8234819173812866,1.3975950479507446,1.3975950479507446,1.2749990224838257,1.2995189428329468,394792
2000-05-03,0.7512466907501221,1.2749990224838257,1.3485569953918457,1.2749990224838257,1.3485569953918457,161098
2000-05-04,0.7656940817832947,1.2995189428329468,1.2995189428329468,1.2259609699249268,1.2995189428329468,323419
2000-05-05,0.7512466907501221,1.2749990224838257,1.2749990224838257,1.2063449621200562,1.2259609699249268,725960
2000-05-08,0.7021269202232361,1.1916340589523315,1.250480055809021,1.1916340589523315,1.250480055809021,261835
2000-05-09,0.7021269202232361,1.1916340589523315,1.1916340589523315,1.1916340589523315,1.1916340589523315,0
2000-05-10,0.6790115237236023,1.1524029970169067,1.1524029970169067,1.1082689762115479,1.127884030342102,187607
2000-05-11,0.6790115237236023,1.1524029970169067,1.1524029970169067,1.1524029970169067,1.1524029970169067,0
2000-05-12,0.6876799464225769,1.1671149730682373,1.1671149730682373,1.1082689762115479,1.127884030342102,233286
2000-05-15,0.7223526835441589,1.2259609699249268,1.250480055809021,1.1474989652633667,1.1474989652633667,378478
2000-05-16,0.7223526835441589,1.2259609699249268,1.250480055809021,1.2161530256271362,1.250480055809021,438023
2000-05-17,0.7223526835441589,1.2259609699249268,1.2259609699249268,1.1573070287704468,1.2063449621200562,101960
2000-05-18,0.7107948064804077,1.2063449621200562,1.2063449621200562,1.2063449621200562,1.2063449621200562,16313
2000-05-19,0.6934583783149719,1.1769219636917114,1.1769219636917114,1.1573070287704468,1.1769219636917114,159058
2000-05-22,0.7223526835441589,1.2259609699249268,1.2259609699249268,1.1769219636917114,1.1769219636917114,210447
2000-05-23,0.7021269202232361,1.1916340589523315,1.2063449621200562,1.1769219636917114,1.2063449621200562,144784
2000-05-24,0.6790115237236023,1.1524029970169067,1.1769219636917114,1.1524029970169067,1.1769219636917114,81568
2000-05-25,0.6645646691322327,1.127884030342102,1.127884030342102,1.127884030342102,1.127884030342102,8156
2000-05-26,0.6645646691322327,1.127884030342102,1.127884030342102,1.127884030342102,1.127884030342102,0
2000-05-29,0.6472281813621521,1.0984610319137573,1.0984610319137573,1.0984610319137573,1.0984610319137573,2854
2000-05-30,0.6472281813621521,1.0984610319137573,1.0984610319137573,1.0984610319137573,1.0984610319137573,0
2000-05-31,0.598107635974884,1.0150949954986572,1.054326057434082,1.0101920366287231,1.054326057434082,80345
2000-06-01,0.6183338165283203,1.049422025680542,1.049422025680542,0.9709609746932983,1.0396150350570679,212078
2000-06-02,0.6183338165283203,1.049422025680542,1.049422025680542,1.0249030590057373,1.0298069715499878,86462
2000-06-05,0.6356701254844666,1.0788450241088867,1.0886529684066772,1.054326057434082,1.054326057434082,132956
2000-06-06,0.6356701254844666,1.0788450241088867,1.0788450241088867,1.0788450241088867,1.0788450241088867,0
2000-06-07,0.6241125464439392,1.0592299699783325,1.1033649444580078,1.0396150350570679,1.0592299699783325,125207
2000-06-08,0.6356701254844666,1.0788450241088867,1.122979998588562,1.0690380334854126,1.0984610319137573,119498
2000-06-09,0.6356701254844666,1.0788450241088867,1.0788450241088867,1.0641340017318726,1.0788450241088867,42823
2000-06-12,0.6501175761222839,1.1033649444580078,1.1033649444580078,1.0788450241088867,1.0788450241088867,53019
2000-06-13,0.6472281813621521,1.0984610319137573,1.1033649444580078,1.054326057434082,1.0837490558624268,149270
2000-06-14,0.6327811479568481,1.073941946029663,1.0984610319137573,1.0592299699783325,1.0984610319137573,31811
2000-06-15,0.6472281813621521,1.0984610319137573,1.0984610319137573,1.0690380334854126,1.0690380334854126,95843
2000-06-16,0.7050163745880127,1.196537971496582,1.196537971496582,1.0788450241088867,1.0984610319137573,301396
2000-06-19,0.7165738344192505,1.2161530256271362,1.2259609699249268,1.1769219636917114,1.1769219636917114,528156
2000-06-20,0.6963479518890381,1.1818259954452515,1.2749990224838257,1.1622109413146973,1.2749990224838257,381333
2000-06-21,0.6645646691322327,1.127884030342102,1.1671149730682373,1.118075966835022,1.1671149730682373,88094
2000-06-22,0.6674540638923645,1.1327879428863525,1.1524029970169067,1.1327879428863525,1.1327879428863525,84423
2000-06-23,0.6530070304870605,1.1082689762115479,1.1082689762115479,1.1082689762115479,1.1082689762115479,40784
2000-06-26,0.6212232708930969,1.054326057434082,1.0788450241088867,1.0396150350570679,1.0788450241088867,80345
2000-06-27,0.6501175761222839,1.1033649444580078,1.1033649444580078,1.1033649444580078,1.1033649444580078,42007
2000-06-28,0.6761220693588257,1.1474989652633667,1.1474989652633667,1.0984610319137573,1.1033649444580078,227168
2000-06-29,0.6414490938186646,1.0886529684066772,1.127884030342102,1.0886529684066772,1.127884030342102,155388
2000-06-30,0.6645646691322327,1.127884030342102,1.1327879428863525,1.1082689762115479,1.1082689762115479,101960
2000-07-03,0.6443386673927307,1.0935570001602173,1.127884030342102,1.0935570001602173,1.1131720542907715,229207
2000-07-04,0.6241125464439392,1.0592299699783325,1.0788450241088867,1.054326057434082,1.0592299699783325,59137
2000-07-05,0.6356701254844666,1.0788450241088867,1.0788450241088867,1.0592299699783325,1.0641340017318726,117458
2000-07-06,0.6356701254844666,1.0788450241088867,1.0788450241088867,1.0788450241088867,1.0788450241088867,0
2000-07-07,0.6501175761222839,1.1033649444580078,1.127884030342102,1.1033649444580078,1.127884030342102,0
2000-07-10,0.6212232708930969,1.054326057434082,1.127884030342102,1.054326057434082,1.127884030342102,84229
2000-07-11,0.6501175761222839,1.1033649444580078,1.122979998588562,1.0641340017318726,1.0641340017318726,162495
2000-07-12,0.6819010972976685,1.1573070287704468,1.1573070287704468,1.0984610319137573,1.118075966835022,211670
2000-07-13,0.6674540638923645,1.1327879428863525,1.1573070287704468,1.127884030342102,1.1573070287704468,295686
2000-07-14,0.6616750955581665,1.122979998588562,1.1425950527191162,1.1082689762115479,1.1082689762115479,165992
2000-07-17,0.6501175761222839,1.1033649444580078,1.122979998588562,1.1033649444580078,1.122979998588562,36705
2000-07-18,0.6356701254844666,1.0788450241088867,1.0788450241088867,1.0592299699783325,1.0788450241088867,106039
2000-07-19,0.6356701254844666,1.0788450241088867,1.0788450241088867,1.0592299699783325,1.0788450241088867,106039
2000-07-20,0.6819010972976685,1.1573070287704468,1.1769219636917114,1.1082689762115479,1.1082689762115479,405396
2000-07-21,0.7079059481620789,1.201442003250122,1.2161530256271362,1.1573070287704468,1.196537971496582,985349
2000-07-24,0.8668233752250671,1.4711530208587646,1.52019202709198,1.201442003250122,1.201442003250122,2273725
2000-07-25,0.8379296064376831,1.4221149682998657,1.6182680130004883,1.3975950479507446,1.5447109937667847,3206055
2000-07-26,0.8523765206336975,1.44663405418396,1.4956719875335693,1.4221149682998657,1.4221149682998657,1115451
2000-07-27,0.8234819173812866,1.3975950479507446,1.4221149682998657,1.324038028717041,1.3730759620666504,474321
2000-07-28,0.7656940817832947,1.2995189428329468,1.324038028717041,1.2749990224838257,1.324038028717041,746556
2000-07-31,0.7512466907501221,1.2749990224838257,1.3485569953918457,1.2112489938735962,1.2112489938735962,154164
2000-08-01,0.8234819173812866,1.3975950479507446,1.3975950479507446,1.2749990224838257,1.324038028717041,212894
2000-08-02,0.7945881485939026,1.3485569953918457,1.44663405418396,1.324038028717041,1.324038028717041,401317
2000-08-03,0.8090349435806274,1.3730759620666504,1.4221149682998657,1.3485569953918457,1.3730759620666504,514698
2000-08-04,0.8523765206336975,1.44663405418396,1.52019202709198,1.3730759620666504,1.3730759620666504,700674
2000-08-07,1.0690819025039673,1.8144220113754272,1.8144220113754272,1.44663405418396,1.44663405418396,7208628
2000-08-08,0.9679530262947083,1.642788052558899,1.7899030447006226,1.642788052558899,1.7653839588165283,4451404
2000-08-09,0.9535053968429565,1.6182680130004883,1.7408649921417236,1.4956719875335693,1.7408649921417236,1592423
2000-08-10,1.0546350479125977,1.7899030447006226,1.8144220113754272,1.5447109937667847,1.6182680130004883,2725208
2000-08-11,1.0690819025039673,1.8144220113754272,1.9370180368423462,1.7899030447006226,1.838942050933838,7578134
2000-08-14,1.0690819025039673,1.8144220113754272,1.838942050933838,1.6673070192337036,1.838942050933838,2067765
2000-08-15,1.0257412195205688,1.7408649921417236,1.7899030447006226,1.7408649921417236,1.7408649921417236,567309
2000-08-16,1.0112935304641724,1.716344952583313,1.838942050933838,1.716344952583313,1.7653839588165283,2048596
2000-08-17,0.9824000000953674,1.6673070192337036,1.7653839588165283,1.6673070192337036,1.7408649921417236,576690
2000-08-18,0.9390584230422974,1.5937490463256836,1.6673070192337036,1.5937490463256836,1.6673070192337036,694149
2000-08-21,0.9390584230422974,1.5937490463256836,1.6182680130004883,1.5692299604415894,1.5692299604415894,495529
2000-08-22,0.9390584230422974,1.5937490463256836,1.6673070192337036,1.5937490463256836,1.6673070192337036,367262
2000-08-23,0.8668233752250671,1.4711530208587646,1.5692299604415894,1.4711530208587646,1.5447109937667847,558337
2000-08-24,0.8812704086303711,1.4956719875335693,1.5692299604415894,1.4711530208587646,1.4711530208587646,379294
2000-08-25,0.8523765206336975,1.44663405418396,1.4711530208587646,1.4221149682998657,1.4711530208587646,516737
2000-08-28,0.8379296064376831,1.4221149682998657,1.4711530208587646,1.3975950479507446,1.44663405418396,236549
2000-08-29,0.8523765206336975,1.44663405418396,1.4711530208587646,1.4221149682998657,1.4221149682998657,426196
2000-08-30,0.8668233752250671,1.4711530208587646,1.4711530208587646,1.4221149682998657,1.4221149682998657,258572
2000-08-31,0.8379296064376831,1.4221149682998657,1.4221149682998657,1.3730759620666504,1.3730759620666504,300172
2000-09-01,0.8379296064376831,1.4221149682998657,1.4711530208587646,1.3730759620666504,1.3730759620666504,225945
2000-09-04,0.8668233752250671,1.4711530208587646,1.4711530208587646,1.4221149682998657,1.44663405418396,283451
2000-09-05,0.8234819173812866,1.3975950479507446,1.4221149682998657,1.3975950479507446,1.4221149682998657,190462
2000-09-06,0.8090349435806274,1.3730759620666504,1.3975950479507446,1.3730759620666504,1.3975950479507446,148862
2000-09-07,0.7367997169494629,1.250480055809021,1.3975950479507446,1.250480055809021,1.3730759620666504,216972
2000-09-08,0.7801411747932434,1.324038028717041,1.324038028717041,1.2259609699249268,1.324038028717041,305882
2000-09-11,0.7512466907501221,1.2749990224838257,1.2749990224838257,1.2259609699249268,1.2259609699249268,42007
2000-09-12,0.7107948064804077,1.2063449621200562,1.2259609699249268,1.2063449621200562,1.2259609699249268,277333
2000-09-13,0.7107948064804077,1.2063449621200562,1.2063449621200562,1.2063449621200562,1.2063449621200562,0
2000-09-14,0.7021269202232361,1.1916340589523315,1.2749990224838257,1.1818259954452515,1.196537971496582,173333
2000-09-15,0.7223526835441589,1.2259609699249268,1.324038028717041,1.1916340589523315,1.1916340589523315,221866
2000-09-18,0.7223526835441589,1.2259609699249268,1.2259609699249268,1.2259609699249268,1.2259609699249268,0
2000-09-19,0.7223526835441589,1.2259609699249268,1.2259609699249268,1.2259609699249268,1.2259609699249268,0
2000-09-20,0.7223526835441589,1.2259609699249268,1.2259609699249268,1.2259609699249268,1.2259609699249268,4894
2000-09-21,0.6790115237236023,1.1524029970169067,1.2063449621200562,1.1474989652633667,1.2063449621200562,75450
2000-09-22,0.5952189564704895,1.0101920366287231,1.1720190048217773,0.9807689785957336,1.1720190048217773,222682
2000-09-25,0.6414490938186646,1.0886529684066772,1.1082689762115479,1.0298069715499878,1.0298069715499878,192501
2000-09-26,0.7050163745880127,1.196537971496582,1.196537971496582,1.0984610319137573,1.0984610319137573,147231
2000-09-27,0.7107948064804077,1.2063449621200562,1.2063449621200562,1.196537971496582,1.196537971496582,65254
2000-09-28,0.7079059481620789,1.201442003250122,1.201442003250122,1.1769219636917114,1.1769219636917114,120313
2000-09-29,0.7656940817832947,1.2995189428329468,1.2995189428329468,1.196537971496582,1.196537971496582,172517
2000-10-02,0.7656940817832947,1.2995189428329468,1.2995189428329468,1.2995189428329468,1.2995189428329468,0
2000-10-03,0.7656940817832947,1.2995189428329468,1.2995189428329468,1.2210570573806763,1.2210570573806763,10196
2000-10-04,0.7223526835441589,1.2259609699249268,1.250480055809021,1.2259609699249268,1.2259609699249268,122352
2000-10-05,0.7223526835441589,1.2259609699249268,1.324038028717041,1.2259609699249268,1.2259609699249268,115011
2000-10-06,0.7223526835441589,1.2259609699249268,1.2259609699249268,1.2259609699249268,1.2259609699249268,0
2000-10-09,0.7223526835441589,1.2259609699249268,1.2259609699249268,1.2259609699249268,1.2259609699249268,0
2000-10-10,0.7194634079933167,1.2210570573806763,1.2210570573806763,1.2210570573806763,1.2210570573806763,2039
2000-10-11,0.7223526835441589,1.2259609699249268,1.2259609699249268,1.2259609699249268,1.2259609699249268,27325
2000-10-12,0.7223526835441589,1.2259609699249268,1.2259609699249268,1.2259609699249268,1.2259609699249268,0
2000-10-13,0.6819010972976685,1.1573070287704468,1.1573070287704468,1.1474989652633667,1.1573070287704468,61176
2000-10-16,0.6819010972976685,1.1573070287704468,1.1573070287704468,1.1573070287704468,1.1573070287704468,0
2000-10-17,0.6645646691322327,1.127884030342102,1.1671149730682373,1.127884030342102,1.1671149730682373,24470
2000-10-18,0.6530070304870605,1.1082689762115479,1.127884030342102,1.1082689762115479,1.127884030342102,40988
2000-10-19,0.6530070304870605,1.1082689762115479,1.1082689762115479,1.1082689762115479,1.1082689762115479,0
2000-10-20,0.6183338165283203,1.049422025680542,1.049422025680542,1.0249030590057373,1.0298069715499878,348705
2000-10-23,0.5923293232917786,1.005288004875183,1.0298069715499878,0.9807689785957336,0.9807689785957336,504094
2000-10-24,0.5778824687004089,0.9807689785957336,1.0298069715499878,0.9807689785957336,0.9856719970703125,243686
2000-10-25,0.5778824687004089,0.9807689785957336,0.9954800009727478,0.9807689785957336,0.9807689785957336,159874
2000-10-26,0.5778824687004089,0.9807689785957336,1.005288004875183,0.9807689785957336,0.9807689785957336,72596
2000-10-27,0.5778824687004089,0.9807689785957336,0.9807689785957336,0.9807689785957336,0.9807689785957336,0
2000-10-30,0.580771267414093,0.9856719970703125,1.005288004875183,0.9856719970703125,0.9856719970703125,146415
2000-10-31,0.589439868927002,1.000383973121643,1.049422025680542,1.000383973121643,1.0249030590057373,187607
2000-11-01,0.6241125464439392,1.0592299699783325,1.0592299699783325,1.0199990272521973,1.0199990272521973,146823
2000-11-02,0.6183338165283203,1.049422025680542,1.054326057434082,1.000383973121643,1.0396150350570679,222274
2000-11-03,0.6472281813621521,1.0984610319137573,1.0984610319137573,1.0298069715499878,1.0298069715499878,268360
2000-11-06,0.6414490938186646,1.0886529684066772,1.0886529684066772,1.049422025680542,1.0788450241088867,124392
2000-11-07,0.6241125464439392,1.0592299699783325,1.0788450241088867,1.0592299699783325,1.0788450241088867,125207
2000-11-08,0.6241125464439392,1.0592299699783325,1.0788450241088867,1.0592299699783325,1.0690380334854126,84831
2000-11-09,0.6096658110618591,1.0347110033035278,1.0347110033035278,1.0298069715499878,1.0298069715499878,76266
2000-11-10,0.6067761778831482,1.0298069715499878,1.0298069715499878,1.0199990272521973,1.0199990272521973,167215
2000-11-13,0.6067761778831482,1.0298069715499878,1.0298069715499878,1.0298069715499878,1.0298069715499878,0
2000-11-14,0.6067761778831482,1.0298069715499878,1.0298069715499878,1.0101920366287231,1.0101920366287231,13050
2000-11-15,0.6067761778831482,1.0298069715499878,1.054326057434082,1.0101920366287231,1.054326057434082,37113
2000-11-16,0.6096658110618591,1.0347110033035278,1.0347110033035278,1.0101920366287231,1.0150949954986572,126431
2000-11-17,0.6241125464439392,1.0592299699783325,1.0592299699783325,1.0101920366287231,1.0101920366287231,73411
2000-11-20,0.6241125464439392,1.0592299699783325,1.0592299699783325,1.0592299699783325,1.0592299699783325,0
2000-11-21,0.580771267414093,0.9856719970703125,1.005288004875183,0.9856719970703125,0.9856719970703125,36705
2000-11-22,0.6327811479568481,1.073941946029663,1.1573070287704468,1.054326057434082,1.0592299699783325,303843
2000-11-23,0.6183338165283203,1.049422025680542,1.0788450241088867,0.9954800009727478,1.0788450241088867,146415
2000-11-24,0.6183338165283203,1.049422025680542,1.049422025680542,1.049422025680542,1.049422025680542,10196
2000-11-27,0.6183338165283203,1.049422025680542,1.049422025680542,1.049422025680542,1.049422025680542,2039
2000-11-28,0.6183338165283203,1.049422025680542,1.049422025680542,1.049422025680542,1.049422025680542,6117
2000-11-29,0.5952189564704895,1.0101920366287231,1.049422025680542,1.0101920366287231,1.049422025680542,57913
2000-11-30,0.5778824687004089,0.9807689785957336,1.0298069715499878,0.961152970790863,1.0298069715499878,150901
2000-12-01,0.589439868927002,1.000383973121643,1.0298069715499878,0.9807689785957336,0.9807689785957336,210854
2000-12-04,0.6732326149940491,1.1425950527191162,1.1573070287704468,0.9905760288238525,0.9905760288238525,471874
2000-12-05,0.7107948064804077,1.2063449621200562,1.250480055809021,1.0935570001602173,1.1425950527191162,738604
2000-12-06,0.7801411747932434,1.324038028717041,1.3730759620666504,1.2063449621200562,1.2063449621200562,1269208
2000-12-07,0.7223526835441589,1.2259609699249268,1.2259609699249268,1.201442003250122,1.2259609699249268,120313
2000-12-08,0.7223526835441589,1.2259609699249268,1.324038028717041,1.2259609699249268,1.2749990224838257,210854
2000-12-11,0.7512466907501221,1.2749990224838257,1.2749990224838257,1.201442003250122,1.2259609699249268,278556
2000-12-12,0.8234819173812866,1.3975950479507446,1.44663405418396,1.2749990224838257,1.2749990224838257,1629333
2000-12-13,0.7656940817832947,1.2995189428329468,1.3485569953918457,1.250480055809021,1.2995189428329468,468611
2000-12-14,0.7945881485939026,1.3485569953918457,1.3730759620666504,1.2995189428329468,1.2995189428329468,509396
2000-12-15,0.7656940817832947,1.2995189428329468,1.324038028717041,1.2749990224838257,1.2749990224838257,307513
2000-12-18,0.7223526835441589,1.2259609699249268,1.2749990224838257,1.2259609699249268,1.2749990224838257,57098
2000-12-19,0.6819010972976685,1.1573070287704468,1.2063449621200562,1.1573070287704468,1.2063449621200562,152941
2000-12-20,0.6819010972976685,1.1573070287704468,1.201442003250122,1.1573070287704468,1.196537971496582,75450
2000-12-21,0.6819010972976685,1.1573070287704468,1.1573070287704468,1.1573070287704468,1.1573070287704468,0
2000-12-22,0.6934583783149719,1.1769219636917114,1.1769219636917114,1.1769219636917114,1.1769219636917114,20392
2000-12-25,0.6934583783149719,1.1769219636917114,1.1769219636917114,1.1769219636917114,1.1769219636917114,0
2000-12-26,0.6934583783149719,1.1769219636917114,1.1769219636917114,1.1769219636917114,1.1769219636917114,0
2000-12-27,0.6934583783149719,1.1769219636917114,1.1769219636917114,1.1769219636917114,1.1769219636917114,0
2000-12-28,0.6645646691322327,1.127884030342102,1.127884030342102,1.127884030342102,1.127884030342102,22431
2000-12-29,0.6501175761222839,1.1033649444580078,1.1082689762115479,1.0788450241088867,1.1082689762115479,89725
2001-01-01,0.6501175761222839,1.1033649444580078,1.1033649444580078,1.1033649444580078,1.1033649444580078,0
2001-01-02,0.6356701254844666,1.0788450241088867,1.1082689762115479,1.0788450241088867,1.1082689762115479,154980
2001-01-03,0.6067761778831482,1.0298069715499878,1.0837490558624268,1.005288004875183,1.0837490558624268,242666
2001-01-04,0.6414490938186646,1.0886529684066772,1.122979998588562,1.054326057434082,1.0690380334854126,326274
2001-01-05,0.6501175761222839,1.1033649444580078,1.1376919746398926,1.0788450241088867,1.0788450241088867,110933
2001-01-08,0.6501175761222839,1.1033649444580078,1.1033649444580078,1.1033649444580078,1.1033649444580078,50980
2001-01-09,0.6587855219841003,1.118075966835022,1.1425950527191162,1.0886529684066772,1.0886529684066772,159058
2001-01-10,0.6414490938186646,1.0886529684066772,1.1033649444580078,1.0788450241088867,1.0788450241088867,177411
2001-01-11,0.6298916339874268,1.0690380334854126,1.0788450241088867,1.0690380334854126,1.0788450241088867,258980
2001-01-12,0.6241125464439392,1.0592299699783325,1.0788450241088867,1.0592299699783325,1.0592299699783325,95843
2001-01-15,0.6067761778831482,1.0298069715499878,1.0592299699783325,1.0199990272521973,1.0396150350570679,87278
2001-01-16,0.6067761778831482,1.0298069715499878,1.0298069715499878,1.0199990272521973,1.0199990272521973,44047
2001-01-17,0.6096658110618591,1.0347110033035278,1.0347110033035278,1.0347110033035278,1.0347110033035278,19168
2001-01-18,0.6241125464439392,1.0592299699783325,1.0592299699783325,1.0396150350570679,1.0396150350570679,66070
2001-01-19,0.6241125464439392,1.0592299699783325,1.0788450241088867,1.0592299699783325,1.0788450241088867,23654
2001-01-22,0.6356701254844666,1.0788450241088867,1.0788450241088867,1.0641340017318726,1.0788450241088867,29772
2001-01-23,0.6270021200180054,1.0641340017318726,1.0641340017318726,1.0641340017318726,1.0641340017318726,16313
2001-01-24,0.6270021200180054,1.0641340017318726,1.0641340017318726,1.0641340017318726,1.0641340017318726,0
2001-01-25,0.6270021200180054,1.0641340017318726,1.0641340017318726,1.0641340017318726,1.0641340017318726,0
2001-01-26,0.6270021200180054,1.0641340017318726,1.0641340017318726,1.0641340017318726,1.0641340017318726,0
2001-01-29,0.6443386673927307,1.0935570001602173,1.0935570001602173,1.0935570001602173,1.0935570001602173,10196
2001-01-30,0.6443386673927307,1.0935570001602173,1.0935570001602173,1.0935570001602173,1.0935570001602173,0
2001-01-31,0.6443386673927307,1.0935570001602173,1.0935570001602173,1.0935570001602173,1.0935570001602173,12235
2001-02-01,0.6501175761222839,1.1033649444580078,1.1033649444580078,1.0788450241088867,1.0788450241088867,84831
2001-02-02,0.6212232708930969,1.054326057434082,1.1671149730682373,1.0445189476013184,1.0445189476013184,14682
2001-02-05,0.6212232708930969,1.054326057434082,1.054326057434082,1.054326057434082,1.054326057434082,0
2001-02-06,0.6356701254844666,1.0788450241088867,1.0788450241088867,1.0150949954986572,1.0788450241088867,91764
2001-02-07,0.6125552654266357,1.0396150350570679,1.0396150350570679,1.0396150350570679,1.0396150350570679,47309
2001-02-08,0.6125552654266357,1.0396150350570679,1.0396150350570679,1.0199990272521973,1.0199990272521973,55874
2001-02-09,0.6472281813621521,1.0984610319137573,1.0984610319137573,1.0396150350570679,1.0396150350570679,98698
2001-02-12,0.6876799464225769,1.1671149730682373,1.1671149730682373,1.0788450241088867,1.0984610319137573,154164
2001-02-13,0.6558960676193237,1.1131720542907715,1.1769219636917114,1.1131720542907715,1.1769219636917114,259796
2001-02-14,0.6414490938186646,1.0886529684066772,1.0886529684066772,1.0788450241088867,1.0788450241088867,40784
2001-02-15,0.6414490938186646,1.0886529684066772,1.0886529684066772,1.073941946029663,1.0886529684066772,53427
2001-02-16,0.6356701254844666,1.0788450241088867,1.1425950527191162,1.0592299699783325,1.0592299699783325,88909
2001-02-19,0.6414490938186646,1.0886529684066772,1.0886529684066772,1.0788450241088867,1.0788450241088867,30180
2001-02-20,0.7367997169494629,1.250480055809021,1.2749990224838257,1.1671149730682373,1.1671149730682373,1180706
2001-02-21,0.7367997169494629,1.250480055809021,1.3975950479507446,1.2063449621200562,1.2995189428329468,1375655
2001-02-22,0.7367997169494629,1.250480055809021,1.250480055809021,1.1720190048217773,1.2259609699249268,258164
2001-02-23,0.8090349435806274,1.3730759620666504,1.3975950479507446,1.250480055809021,1.250480055809021,1467419
2001-02-26,0.8957177400588989,1.52019202709198,1.52019202709198,1.324038028717041,1.324038028717041,2085506
2001-02-27,0.9246114492416382,1.5692299604415894,1.642788052558899,1.52019202709198,1.52019202709198,4270730
2001-02-28,0.7945881485939026,1.3485569953918457,1.6182680130004883,1.324038028717041,1.6182680130004883,2011074
2001-03-01,0.7512466907501221,1.2749990224838257,1.3975950479507446,1.2259609699249268,1.3730759620666504,1002070
2001-03-02,0.6963479518890381,1.1818259954452515,1.2995189428329468,1.1769219636917114,1.2749990224838257,634196
2001-03-05,0.6963479518890381,1.1818259954452515,1.1818259954452515,1.0984610319137573,1.127884030342102,132549
2001-03-06,0.7107948064804077,1.2063449621200562,1.2259609699249268,1.1769219636917114,1.1818259954452515,198171
2001-03-07,0.7079059481620789,1.201442003250122,1.201442003250122,1.1671149730682373,1.201442003250122,167215
2001-03-08,0.7021269202232361,1.1916340589523315,1.196537971496582,1.1524029970169067,1.1769219636917114,92172
2001-03-09,0.7079059481620789,1.201442003250122,1.2259609699249268,1.1769219636917114,1.1916340589523315,157019
2001-03-12,0.6790115237236023,1.1524029970169067,1.1671149730682373,1.1524029970169067,1.1671149730682373,40784
2001-03-13,0.6385595798492432,1.0837490558624268,1.127884030342102,1.0396150350570679,1.0788450241088867,73411
2001-03-14,0.6385595798492432,1.0837490558624268,1.0837490558624268,1.0837490558624268,1.0837490558624268,0
2001-03-15,0.6385595798492432,1.0837490558624268,1.0837490558624268,1.0298069715499878,1.0298069715499878,47309
2001-03-16,0.6645646691322327,1.127884030342102,1.1622109413146973,1.0837490558624268,1.0837490558624268,518368
2001-03-19,0.6645646691322327,1.127884030342102,1.1376919746398926,1.1033649444580078,1.1376919746398926,41192
2001-03-20,0.6385595798492432,1.0837490558624268,1.1327879428863525,1.0690380334854126,1.1327879428863525,119905
2001-03-21,0.6443386673927307,1.0935570001602173,1.127884030342102,1.0788450241088867,1.0788450241088867,102776
2001-03-22,0.6443386673927307,1.0935570001602173,1.127884030342102,1.0788450241088867,1.0788450241088867,169254
2001-03-23,0.6501175761222839,1.1033649444580078,1.1524029970169067,1.1033649444580078,1.122979998588562,181490
2001-03-26,0.7107948064804077,1.2063449621200562,1.2063449621200562,1.1033649444580078,1.1033649444580078,334227
2001-03-27,0.7223526835441589,1.2259609699249268,1.2749990224838257,1.1867300271987915,1.1867300271987915,752878
2001-03-28,0.7512466907501221,1.2749990224838257,1.3975950479507446,1.2259609699249268,1.2259609699249268,1165615
2001-03-29,0.8234819173812866,1.3975950479507446,1.4221149682998657,1.2749990224838257,1.2749990224838257,1895247
2001-03-30,0.7945881485939026,1.3485569953918457,1.4221149682998657,1.324038028717041,1.4221149682998657,1609000
2001-04-02,0.8812704086303711,1.4956719875335693,1.4956719875335693,1.324038028717041,1.3730759620666504,4011953
2001-04-03,0.8090349435806274,1.3730759620666504,1.4956719875335693,1.3485569953918457,1.4956719875335693,3405082
2001-04-04,0.7367997169494629,1.250480055809021,1.2995189428329468,1.2259609699249268,1.250480055809021,1416439
2001-04-05,0.7367997169494629,1.250480055809021,1.250480055809021,1.250480055809021,1.250480055809021,0
2001-04-06,0.7512466907501221,1.2749990224838257,1.3485569953918457,1.2259609699249268,1.3485569953918457,1468643
2001-04-09,0.7656940817832947,1.2995189428329468,1.324038028717041,1.2259609699249268,1.2749990224838257,880533
2001-04-10,0.8957177400588989,1.52019202709198,1.52019202709198,1.324038028717041,1.3485569953918457,4471592
2001-04-11,0.8234819173812866,1.3975950479507446,1.5692299604415894,1.3730759620666504,1.5692299604415894,2565333
2001-04-12,0.8090349435806274,1.3730759620666504,1.4221149682998657,1.3485569953918457,1.3485569953918457,668047
2001-04-13,0.8090349435806274,1.3730759620666504,1.3730759620666504,1.3730759620666504,1.3730759620666504,0
2001-04-16,0.8090349435806274,1.3730759620666504,1.3730759620666504,1.3730759620666504,1.3730759620666504,0
2001-04-17,0.8379296064376831,1.4221149682998657,1.4711530208587646,1.3975950479507446,1.3975950479507446,986164
2001-04-18,0.9390584230422974,1.5937490463256836,1.642788052558899,1.3975950479507446,1.3975950479507446,7062008
2001-04-19,0.9824000000953674,1.6673070192337036,1.8879799842834473,1.6673070192337036,1.716344952583313,16709947
2001-04-20,0.9390584230422974,1.5937490463256836,1.7899030447006226,1.52019202709198,1.6918259859085083,7424377
2001-04-23,1.2135530710220337,2.059614896774292,2.059614896774292,1.6673070192337036,1.716344952583313,21380160
2001-04-24,1.0979766845703125,1.8634610176086426,2.15769100189209,1.8634610176086426,2.084134101867676,15838182
2001-04-25,1.2280000448226929,2.084134101867676,2.084134101867676,1.8144220113754272,1.912498950958252,14811029
2001-04-26,1.2280000448226929,2.084134101867676,2.084134101867676,1.8144220113754272,1.912498950958252,14811029
2001-04-27,1.2135530710220337,2.059614896774292,2.133172035217285,1.9615379571914673,1.9615379571914673,6721459
2001-04-30,1.2135530710220337,2.059614896774292,2.059614896774292,2.059614896774292,2.059614896774292,0
2001-05-01,1.2135530710220337,2.059614896774292,2.059614896774292,2.059614896774292,2.059614896774292,0
2001-05-02,1.2857884168624878,2.182210922241211,2.2312490940093994,2.059614896774292,2.133172035217285,9363672
2001-05-03,1.2280000448226929,2.084134101867676,2.280287981033325,2.035094976425171,2.2067298889160156,7296722
2001-05-04,1.2568938732147217,2.133172035217285,2.15769100189209,2.059614896774292,2.15769100189209,5686149
2001-05-07,1.2713409662246704,2.15769100189209,2.2067298889160156,2.084134101867676,2.182210922241211,5017287
2001-05-08,1.2280000448226929,2.084134101867676,2.2067298889160156,2.059614896774292,2.2067298889160156,3414871
2001-05-09,1.2424471378326416,2.1086530685424805,2.2312490940093994,2.084134101867676,2.133172035217285,8328565
2001-05-10,1.1702117919921875,1.9860570430755615,2.133172035217285,1.8879799842834473,2.133172035217285,4952439
2001-05-11,1.1702117919921875,1.9860570430755615,1.9860570430755615,1.912498950958252,1.9860570430755615,3170165
2001-05-14,1.1702117919921875,1.9860570430755615,2.010576009750366,1.8879799842834473,1.912498950958252,2836549
2001-05-15,1.1846586465835571,2.010576009750366,2.035094976425171,1.9615379571914673,1.9615379571914673,4400220
2001-05-16,1.1846586465835571,2.010576009750366,2.035094976425171,1.9370180368423462,2.010576009750366,3664063
2001-05-17,1.2424471378326416,2.1086530685424805,2.133172035217285,1.9860570430755615,2.035094976425171,8850197
2001-05-18,1.3002351522445679,2.2067298889160156,2.280287981033325,2.084134101867676,2.133172035217285,14189680
2001-05-21,1.3002351522445679,2.2067298889160156,2.255768060684204,2.133172035217285,2.255768060684204,5646181
2001-05-22,1.3291293382644653,2.255768060684204,2.3293259143829346,2.182210922241211,2.2312490940093994,11710809
2001-05-23,1.3002351522445679,2.2067298889160156,2.30480694770813,2.182210922241211,2.255768060684204,5704094
2001-05-24,1.3146820068359375,2.2312490940093994,2.255768060684204,2.182210922241211,2.2067298889160156,4318651
2001-05-25,1.4736002683639526,2.5009610652923584,2.5009610652923584,2.255768060684204,2.280287981033325,22266403
2001-05-28,1.4302586317062378,2.427402973175049,2.5990378856658936,2.3783650398254395,2.5009610652923584,10899201
2001-05-29,1.3580234050750732,2.30480694770813,2.4519219398498535,2.30480694770813,2.427402973175049,6439844
2001-05-30,1.3291293382644653,2.255768060684204,2.3293259143829346,2.182210922241211,2.30480694770813,7627891
2001-05-31,1.3435766696929932,2.280287981033325,2.3783650398254395,2.2067298889160156,2.2067298889160156,13579955
2001-06-01,1.3002351522445679,2.2067298889160156,2.3293259143829346,2.182210922241211,2.30480694770813,7465161
2001-06-04,1.4447053670883179,2.4519219398498535,2.5009610652923584,2.2312490940093994,2.2312490940093994,18368849
2001-06-05,1.502493977546692,2.5499989986419678,2.7461531162261963,2.3538448810577393,2.5009610652923584,29390812
2001-06-06,1.4447053670883179,2.4519219398498535,2.5990378856658936,2.427402973175049,2.5499989986419678,10965068
2001-06-07,1.502493977546692,2.5499989986419678,2.5499989986419678,2.427402973175049,2.427402973175049,5734479
2001-06-08,1.502493977546692,2.5499989986419678,2.648076057434082,2.5009610652923584,2.5990378856658936,11018291
2001-06-11,1.502493977546692,2.5499989986419678,2.6971139907836914,2.5009610652923584,2.5990378856658936,8848566
2001-06-12,1.6180709600448608,2.7461531162261963,2.7951910495758057,2.5009610652923584,2.5009610652923584,19401508
2001-06-13,1.4158118963241577,2.402884006500244,2.4519219398498535,2.255768060684204,2.3783650398254395,105069584
2001-06-14,1.2135530710220337,2.059614896774292,2.427402973175049,2.035094976425171,2.3783650398254395,23886764
2001-06-15,1.3291293382644653,2.255768060684204,2.255768060684204,1.9860570430755615,2.059614896774292,32068302
2001-06-18,1.3291293382644653,2.255768060684204,2.3538448810577393,2.2067298889160156,2.280287981033325,17526653
2001-06-19,1.3002351522445679,2.2067298889160156,2.280287981033325,2.133172035217285,2.280287981033325,10946715
2001-06-20,1.3146820068359375,2.2312490940093994,2.280287981033325,2.182210922241211,2.182210922241211,8407687
2001-06-21,1.372470498085022,2.3293259143829346,2.3293259143829346,2.2312490940093994,2.255768060684204,15584096
2001-06-22,1.3291293382644653,2.255768060684204,2.3538448810577393,2.2312490940093994,2.3293259143829346,10198527
2001-06-25,1.3291293382644653,2.255768060684204,2.255768060684204,2.255768060684204,2.255768060684204,0
2001-06-26,1.2857884168624878,2.182210922241211,2.280287981033325,2.15769100189209,2.280287981033325,4907985
2001-06-27,1.2568938732147217,2.133172035217285,2.2067298889160156,2.1086530685424805,2.2067298889160156,3375718
2001-06-28,1.1991055011749268,2.035094976425171,2.15769100189209,2.010576009750366,2.133172035217285,5874573
2001-06-29,1.1702117919921875,1.9860570430755615,2.1086530685424805,1.9860570430755615,2.1086530685424805,4124926
2001-07-02,1.1702117919921875,1.9860570430755615,1.9860570430755615,1.9860570430755615,1.9860570430755615,0
2001-07-03,1.1124234199523926,1.8879799842834473,2.010576009750366,1.8144220113754272,2.010576009750366,6842385
2001-07-04,1.1413172483444214,1.9370180368423462,1.9370180368423462,1.716344952583313,1.716344952583313,4888408
2001-07-05,1.1124234199523926,1.8879799842834473,2.035094976425171,1.8634610176086426,1.912498950958252,5351718
2001-07-06,1.1124234199523926,1.8879799842834473,1.8879799842834473,1.8879799842834473,1.8879799842834473,0
2001-07-09,1.0690819025039673,1.8144220113754272,1.838942050933838,1.7653839588165283,1.7899030447006226,1853239
2001-07-10,1.0979766845703125,1.8634610176086426,1.8879799842834473,1.7408649921417236,1.8144220113754272,4134714
2001-07-11,1.0401883125305176,1.7653839588165283,1.838942050933838,1.7408649921417236,1.838942050933838,1633412
2001-07-12,1.1413172483444214,1.9370180368423462,1.9860570430755615,1.8144220113754272,1.8144220113754272,8384848
2001-07-13,1.1268701553344727,1.912498950958252,1.9860570430755615,1.8634610176086426,1.9860570430755615,5954510
2001-07-16,1.0979766845703125,1.8634610176086426,2.010576009750366,1.838942050933838,1.9615379571914673,4425914
2001-07-17,1.0401883125305176,1.7653839588165283,1.838942050933838,1.7408649921417236,1.838942050933838,3115106
2001-07-18,0.9968468546867371,1.6918259859085083,1.8144220113754272,1.6673070192337036,1.7653839588165283,3191780
2001-07-19,0.9246114492416382,1.5692299604415894,1.716344952583313,1.4956719875335693,1.6918259859085083,4082918
2001-07-20,0.9679530262947083,1.642788052558899,1.6918259859085083,1.5692299604415894,1.5692299604415894,3746039
2001-07-23,0.9679530262947083,1.642788052558899,1.6673070192337036,1.6182680130004883,1.642788052558899,1497192
2001-07-24,1.0257412195205688,1.7408649921417236,1.7408649921417236,1.6182680130004883,1.642788052558899,1552251
2001-07-25,1.0257412195205688,1.7408649921417236,1.7408649921417236,1.7408649921417236,1.7408649921417236,0
2001-07-26,1.0257412195205688,1.7408649921417236,1.8144220113754272,1.6673070192337036,1.716344952583313,4376973
2001-07-27,1.0401883125305176,1.7653839588165283,1.8144220113754272,1.7408649921417236,1.7653839588165283,2584094
2001-07-30,0.9968468546867371,1.6918259859085083,1.7899030447006226,1.6918259859085083,1.7408649921417236,964549
2001-07-31,0.9824000000953674,1.6673070192337036,1.7408649921417236,1.6673070192337036,1.6918259859085083,1832031
2001-08-01,0.9968468546867371,1.6918259859085083,1.716344952583313,1.6673070192337036,1.6673070192337036,1647686
2001-08-02,0.9535053968429565,1.6182680130004883,1.6918259859085083,1.6182680130004883,1.6918259859085083,806713
2001-08-03,0.9101648330688477,1.5447109937667847,1.5937490463256836,1.4956719875335693,1.5937490463256836,1192533
2001-08-06,0.8957177400588989,1.52019202709198,1.52019202709198,1.44663405418396,1.4711530208587646,1852423
2001-08-07,0.8812704086303711,1.4956719875335693,1.52019202709198,1.4221149682998657,1.4221149682998657,1943780
2001-08-08,0.8812704086303711,1.4956719875335693,1.5447109937667847,1.4956719875335693,1.4956719875335693,1402980
2001-08-09,0.8812704086303711,1.4956719875335693,1.5447109937667847,1.44663405418396,1.44663405418396,847498
2001-08-10,0.8812704086303711,1.4956719875335693,1.5447109937667847,1.4956719875335693,1.5447109937667847,604423
2001-08-13,0.8812704086303711,1.4956719875335693,1.52019202709198,1.44663405418396,1.4711530208587646,887058
2001-08-14,0.8957177400588989,1.52019202709198,1.52019202709198,1.4711530208587646,1.4956719875335693,978007
2001-08-15,0.9679530262947083,1.642788052558899,1.6673070192337036,1.52019202709198,1.52019202709198,2783529
2001-08-16,0.9535053968429565,1.6182680130004883,1.6673070192337036,1.5937490463256836,1.642788052558899,2268831
2001-08-17,0.9679530262947083,1.642788052558899,1.6918259859085083,1.6182680130004883,1.6182680130004883,757772
2001-08-20,0.9390584230422974,1.5937490463256836,1.642788052558899,1.52019202709198,1.52019202709198,515921
2001-08-21,0.9679530262947083,1.642788052558899,1.642788052558899,1.5937490463256836,1.6182680130004883,570980
2001-08-22,0.9246114492416382,1.5692299604415894,1.6182680130004883,1.5447109937667847,1.5692299604415894,332392
2001-08-23,0.9246114492416382,1.5692299604415894,1.5937490463256836,1.52019202709198,1.5937490463256836,450666
2001-08-24,0.8957177400588989,1.52019202709198,1.5447109937667847,1.4956719875335693,1.5447109937667847,472690
2001-08-27,0.8668233752250671,1.4711530208587646,1.5447109937667847,1.4711530208587646,1.5447109937667847,489411
2001-08-28,0.8668233752250671,1.4711530208587646,1.4711530208587646,1.4221149682998657,1.44663405418396,350337
2001-08-29,0.8379296064376831,1.4221149682998657,1.4956719875335693,1.4221149682998657,1.4956719875335693,332800
2001-08-30,0.8379296064376831,1.4221149682998657,1.4221149682998657,1.3975950479507446,1.4221149682998657,589741
2001-08-31,0.8234819173812866,1.3975950479507446,1.4711530208587646,1.3730759620666504,1.3975950479507446,810384
2001-09-03,0.7801411747932434,1.324038028717041,1.4221149682998657,1.324038028717041,1.3730759620666504,336470
2001-09-04,0.8234819173812866,1.3975950479507446,1.3975950479507446,1.2995189428329468,1.324038028717041,565270
2001-09-05,0.7945881485939026,1.3485569953918457,1.3485569953918457,1.324038028717041,1.324038028717041,201474
2001-09-06,0.7801411747932434,1.324038028717041,1.3485569953918457,1.324038028717041,1.324038028717041,162321
2001-09-07,0.7512466907501221,1.2749990224838257,1.324038028717041,1.2259609699249268,1.2995189428329468,343811
2001-09-10,0.7367997169494629,1.250480055809021,1.2995189428329468,1.2259609699249268,1.2259609699249268,204737
2001-09-11,0.7223526835441589,1.2259609699249268,1.2749990224838257,1.2259609699249268,1.2749990224838257,470651
2001-09-12,0.589439868927002,1.000383973121643,1.0788450241088867,0.9807689785957336,1.0690380334854126,2303498
2001-09-13,0.6154447197914124,1.0445189476013184,1.1033649444580078,1.0298069715499878,1.0445189476013184,1441317
2001-09-14,0.580771267414093,0.9856719970703125,1.0445189476013184,0.9807689785957336,1.0445189476013184,632564
2001-09-17,0.5403199791908264,0.9170190095901489,0.9807689785957336,0.8924990296363831,0.9807689785957336,885427
2001-09-18,0.5576563477516174,0.9464420080184937,0.9660570025444031,0.9072110056877136,0.9464420080184937,477176
2001-09-19,0.6154447197914124,1.0445189476013184,1.0690380334854126,0.9660570025444031,0.9709609746932983,1634227
2001-09-20,0.589439868927002,1.000383973121643,1.0396150350570679,0.9856719970703125,1.005288004875183,796925
2001-09-21,0.5778824687004089,0.9807689785957336,0.9807689785957336,0.9317299723625183,0.9709609746932983,399686
2001-09-24,0.5778824687004089,0.9807689785957336,0.9807689785957336,0.9807689785957336,0.9807689785957336,0
2001-09-25,0.5836607813835144,0.9905760288238525,1.0886529684066772,0.9905760288238525,1.0886529684066772,1038368
2001-09-26,0.5923293232917786,1.005288004875183,1.0150949954986572,0.9856719970703125,0.9905760288238525,473913
2001-09-27,0.6183338165283203,1.049422025680542,1.049422025680542,0.9905760288238525,1.0249030590057373,267545
2001-09-28,0.6183338165283203,1.049422025680542,1.049422025680542,1.049422025680542,1.049422025680542,0
2001-10-01,0.6183338165283203,1.049422025680542,1.049422025680542,1.049422025680542,1.049422025680542,0
2001-10-02,0.6183338165283203,1.049422025680542,1.049422025680542,1.049422025680542,1.049422025680542,0
2001-10-03,0.6183338165283203,1.049422025680542,1.0690380334854126,1.0298069715499878,1.0690380334854126,458415
2001-10-04,0.6472281813621521,1.0984610319137573,1.0984610319137573,1.054326057434082,1.0592299699783325,1048564
2001-10-05,0.7367997169494629,1.250480055809021,1.2749990224838257,1.0690380334854126,1.1033649444580078,3164047
2001-10-08,0.7801411747932434,1.324038028717041,1.4221149682998657,1.1573070287704468,1.1769219636917114,2066949
2001-10-09,0.8234819173812866,1.3975950479507446,1.4221149682998657,1.324038028717041,1.3975950479507446,2907514
2001-10-10,0.8812704086303711,1.4956719875335693,1.4956719875335693,1.3975950479507446,1.3975950479507446,3379388
2001-10-11,0.8379296064376831,1.4221149682998657,1.52019202709198,1.4221149682998657,1.4956719875335693,2258227
2001-10-12,0.7656940817832947,1.2995189428329468,1.4221149682998657,1.2995189428329468,1.4221149682998657,1860172
2001-10-15,0.7367997169494629,1.250480055809021,1.3485569953918457,1.2259609699249268,1.2995189428329468,948643
2001-10-16,0.7656940817832947,1.2995189428329468,1.2995189428329468,1.2749990224838257,1.2995189428329468,263058
2001-10-17,0.7801411747932434,1.324038028717041,1.3485569953918457,1.2995189428329468,1.324038028717041,555890
2001-10-18,0.7656940817832947,1.2995189428329468,1.324038028717041,1.2749990224838257,1.324038028717041,537129
2001-10-19,0.7512466907501221,1.2749990224838257,1.2995189428329468,1.2749990224838257,1.2995189428329468,350745
2001-10-22,0.7512466907501221,1.2749990224838257,1.2995189428329468,1.250480055809021,1.2749990224838257,186792
2001-10-23,0.8234819173812866,1.3975950479507446,1.3975950479507446,1.324038028717041,1.324038028717041,2128125
2001-10-24,0.7945881485939026,1.3485569953918457,1.3975950479507446,1.3485569953918457,1.3975950479507446,904188
2001-10-25,0.7945881485939026,1.3485569953918457,1.3485569953918457,1.3485569953918457,1.3485569953918457,0
2001-10-26,0.8090349435806274,1.3730759620666504,1.3975950479507446,1.3485569953918457,1.3975950479507446,387043
2001-10-29,0.8090349435806274,1.3730759620666504,1.3730759620666504,1.3485569953918457,1.3485569953918457,523262
2001-10-30,0.9246114492416382,1.5692299604415894,1.5937490463256836,1.3485569953918457,1.3485569953918457,5597240
2001-10-31,0.9246114492416382,1.5692299604415894,1.642788052558899,1.52019202709198,1.5692299604415894,3990337
2001-11-01,0.9968468546867371,1.6918259859085083,1.716344952583313,1.5937490463256836,1.5937490463256836,6590746
2001-11-02,0.9679530262947083,1.642788052558899,1.7408649921417236,1.5937490463256836,1.716344952583313,2373443
2001-11-05,0.9968468546867371,1.6918259859085083,1.716344952583313,1.6182680130004883,1.6673070192337036,1692957
2001-11-06,0.9679530262947083,1.642788052558899,1.716344952583313,1.6182680130004883,1.716344952583313,1765961
2001-11-07,0.9246114492416382,1.5692299604415894,1.642788052558899,1.5447109937667847,1.642788052558899,1497192
2001-11-08,0.9679530262947083,1.642788052558899,1.6673070192337036,1.5692299604415894,1.5937490463256836,1330792
2001-11-09,0.9679530262947083,1.642788052558899,1.642788052558899,1.642788052558899,1.642788052558899,0
2001-11-12,0.9101648330688477,1.5447109937667847,1.642788052558899,1.5447109937667847,1.6182680130004883,621553
2001-11-13,0.9246114492416382,1.5692299604415894,1.5692299604415894,1.52019202709198,1.52019202709198,744721
2001-11-14,0.9535053968429565,1.6182680130004883,1.642788052558899,1.5692299604415894,1.5692299604415894,1936847
2001-11-15,0.9390584230422974,1.5937490463256836,1.642788052558899,1.5692299604415894,1.6182680130004883,925804
2001-11-16,0.8957177400588989,1.52019202709198,1.6182680130004883,1.52019202709198,1.6182680130004883,2327968
2001-11-19,0.9390584230422974,1.5937490463256836,1.5937490463256836,1.5447109937667847,1.5447109937667847,978415
2001-11-20,0.9101648330688477,1.5447109937667847,1.6182680130004883,1.5447109937667847,1.6182680130004883,2241098
2001-11-21,0.9101648330688477,1.5447109937667847,1.5447109937667847,1.52019202709198,1.5447109937667847,882980
2001-11-22,0.9101648330688477,1.5447109937667847,1.5692299604415894,1.5447109937667847,1.5447109937667847,743498
2001-11-23,0.9535053968429565,1.6182680130004883,1.6182680130004883,1.5447109937667847,1.5447109937667847,3952000
2001-11-26,0.9390584230422974,1.5937490463256836,1.6673070192337036,1.5937490463256836,1.642788052558899,2180329
2001-11-27,0.9101648330688477,1.5447109937667847,1.5937490463256836,1.5447109937667847,1.5692299604415894,801411
2001-11-28,0.9101648330688477,1.5447109937667847,1.5937490463256836,1.5447109937667847,1.5692299604415894,914792
2001-11-29,0.9101648330688477,1.5447109937667847,1.5692299604415894,1.52019202709198,1.52019202709198,1503310
2001-11-30,0.9101648330688477,1.5447109937667847,1.5937490463256836,1.5447109937667847,1.5692299604415894,791215
2001-12-03,0.9246114492416382,1.5692299604415894,1.5692299604415894,1.52019202709198,1.5447109937667847,647247
2001-12-04,0.9824000000953674,1.6673070192337036,1.6673070192337036,1.5692299604415894,1.5692299604415894,3436078
2001-12-05,0.9535053968429565,1.6182680130004883,1.6918259859085083,1.5937490463256836,1.6918259859085083,1209255
2001-12-06,0.9390584230422974,1.5937490463256836,1.6918259859085083,1.5692299604415894,1.642788052558899,1981302
2001-12-07,0.9101648330688477,1.5447109937667847,1.5937490463256836,1.5447109937667847,1.5692299604415894,576282
2001-12-10,0.9101648330688477,1.5447109937667847,1.5937490463256836,1.5447109937667847,1.5692299604415894,1028988
2001-12-11,0.9101648330688477,1.5447109937667847,1.5692299604415894,1.52019202709198,1.5447109937667847,1104847
2001-12-12,0.8957177400588989,1.52019202709198,1.5692299604415894,1.52019202709198,1.5692299604415894,1653192
2001-12-13,0.8523765206336975,1.44663405418396,1.5447109937667847,1.3975950479507446,1.52019202709198,1044078
2001-12-14,0.8523765206336975,1.44663405418396,1.44663405418396,1.3975950479507446,1.3975950479507446,601568
2001-12-17,0.8234819173812866,1.3975950479507446,1.44663405418396,1.3975950479507446,1.44663405418396,201882
2001-12-18,0.8090349435806274,1.3730759620666504,1.3975950479507446,1.3730759620666504,1.3730759620666504,526117
2001-12-19,0.8090349435806274,1.3730759620666504,1.3975950479507446,1.3485569953918457,1.3730759620666504,527341
2001-12-20,0.8234819173812866,1.3975950479507446,1.3975950479507446,1.3730759620666504,1.3730759620666504,716580
2001-12-21,0.8090349435806274,1.3730759620666504,1.3975950479507446,1.3730759620666504,1.3730759620666504,222274
2001-12-24,0.7945881485939026,1.3485569953918457,1.3730759620666504,1.3485569953918457,1.3730759620666504,99921
2001-12-25,0.7945881485939026,1.3485569953918457,1.3485569953918457,1.3485569953918457,1.3485569953918457,0
2001-12-26,0.7945881485939026,1.3485569953918457,1.3485569953918457,1.3485569953918457,1.3485569953918457,0
2001-12-27,0.8090349435806274,1.3730759620666504,1.3730759620666504,1.3485569953918457,1.3730759620666504,393160
2001-12-28,0.8090349435806274,1.3730759620666504,1.3730759620666504,1.3485569953918457,1.3485569953918457,194541
2001-12-31,0.8234819173812866,1.3975950479507446,1.3975950479507446,1.3730759620666504,1.3730759620666504,41192
2002-01-01,0.8234819173812866,1.3975950479507446,1.3975950479507446,1.3975950479507446,1.3975950479507446,0
2002-01-02,0.8234819173812866,1.3975950479507446,1.4221149682998657,1.3485569953918457,1.3485569953918457,382964
2002-01-03,0.8234819173812866,1.3975950479507446,1.3975950479507446,1.3975950479507446,1.3975950479507446,0
2002-01-04,0.8668233752250671,1.4711530208587646,1.4956719875335693,1.3975950479507446,1.44663405418396,791623
2002-01-07,0.9246114492416382,1.5692299604415894,1.5692299604415894,1.44663405418396,1.44663405418396,2068988
2002-01-08,0.8957177400588989,1.52019202709198,1.52019202709198,1.4956719875335693,1.52019202709198,520407
2002-01-09,0.8523765206336975,1.44663405418396,1.4956719875335693,1.4221149682998657,1.4956719875335693,740235
2002-01-10,0.8957177400588989,1.52019202709198,1.52019202709198,1.3975950479507446,1.3975950479507446,608094
2002-01-11,0.8523765206336975,1.44663405418396,1.4956719875335693,1.44663405418396,1.4711530208587646,365835
2002-01-14,0.8523765206336975,1.44663405418396,1.44663405418396,1.3975950479507446,1.3975950479507446,167215
2002-01-15,0.8234819173812866,1.3975950479507446,1.3975950479507446,1.3975950479507446,1.3975950479507446,136627
2002-01-16,0.8379296064376831,1.4221149682998657,1.4221149682998657,1.3975950479507446,1.4221149682998657,279372
2002-01-17,0.8379296064376831,1.4221149682998657,1.44663405418396,1.3975950479507446,1.4221149682998657,508988
2002-01-18,0.8234819173812866,1.3975950479507446,1.44663405418396,1.3975950479507446,1.44663405418396,327090
2002-01-21,0.8234819173812866,1.3975950479507446,1.3975950479507446,1.3730759620666504,1.3975950479507446,401725
2002-01-22,0.8090349435806274,1.3730759620666504,1.3975950479507446,1.3485569953918457,1.3975950479507446,220235
2002-01-23,0.8234819173812866,1.3975950479507446,1.3975950479507446,1.3485569953918457,1.3730759620666504,152125
2002-01-24,0.7945881485939026,1.3485569953918457,1.3975950479507446,1.3485569953918457,1.3730759620666504,544470
2002-01-25,0.8523765206336975,1.44663405418396,1.44663405418396,1.3485569953918457,1.3730759620666504,1097118
2002-01-28,0.8379296064376831,1.4221149682998657,1.44663405418396,1.3975950479507446,1.4221149682998657,1030619
2002-01-29,0.8379296064376831,1.4221149682998657,1.44663405418396,1.3975950479507446,1.4221149682998657,389898
2002-01-30,0.8234819173812866,1.3975950479507446,1.4221149682998657,1.3730759620666504,1.3975950479507446,192501
2002-01-31,0.8234819173812866,1.3975950479507446,1.3975950479507446,1.3975950479507446,1.3975950479507446,0
2002-02-01,0.8234819173812866,1.3975950479507446,1.3975950479507446,1.3730759620666504,1.3730759620666504,284266
2002-02-04,0.8090349435806274,1.3730759620666504,1.3975950479507446,1.3730759620666504,1.3975950479507446,85239
2002-02-05,0.8090349435806274,1.3730759620666504,1.3975950479507446,1.3485569953918457,1.3485569953918457,170070
2002-02-06,0.8234819173812866,1.3975950479507446,1.3975950479507446,1.324038028717041,1.324038028717041,216972
2002-02-07,0.8379296064376831,1.4221149682998657,1.44663405418396,1.3485569953918457,1.3485569953918457,536313
2002-02-08,0.8234819173812866,1.3975950479507446,1.4221149682998657,1.3975950479507446,1.4221149682998657,134588
2002-02-11,0.8523765206336975,1.44663405418396,1.44663405418396,1.3730759620666504,1.3730759620666504,193725
2002-02-12,0.8523765206336975,1.44663405418396,1.44663405418396,1.44663405418396,1.44663405418396,0
2002-02-13,0.8523765206336975,1.44663405418396,1.44663405418396,1.44663405418396,1.44663405418396,0
2002-02-14,0.8523765206336975,1.44663405418396,1.44663405418396,1.44663405418396,1.44663405418396,0
2002-02-15,0.8523765206336975,1.44663405418396,1.4711530208587646,1.4221149682998657,1.4711530208587646,139074
2002-02-18,0.9101648330688477,1.5447109937667847,1.5447109937667847,1.44663405418396,1.44663405418396,1820204
2002-02-19,0.8668233752250671,1.4711530208587646,1.52019202709198,1.44663405418396,1.52019202709198,708015
2002-02-20,0.8812704086303711,1.4956719875335693,1.4956719875335693,1.4711530208587646,1.4711530208587646,429051
2002-02-21,0.8668233752250671,1.4711530208587646,1.4956719875335693,1.44663405418396,1.4956719875335693,508784
2002-02-22,0.8812704086303711,1.4956719875335693,1.5447109937667847,1.44663405418396,1.44663405418396,1006149
2002-02-25,0.8668233752250671,1.4711530208587646,1.4711530208587646,1.4711530208587646,1.4711530208587646,666415
2002-02-26,0.8812704086303711,1.4956719875335693,1.4956719875335693,1.4221149682998657,1.4711530208587646,553443
2002-02-27,0.8812704086303711,1.4956719875335693,1.4956719875335693,1.44663405418396,1.4711530208587646,764706
2002-02-28,0.8812704086303711,1.4956719875335693,1.4956719875335693,1.4711530208587646,1.4956719875335693,725960
2002-03-01,0.8379296064376831,1.4221149682998657,1.4711530208587646,1.4221149682998657,1.4711530208587646,385003
2002-03-04,0.8523765206336975,1.44663405418396,1.44663405418396,1.4221149682998657,1.4221149682998657,347482
2002-03-05,0.8812704086303711,1.4956719875335693,1.5447109937667847,1.4221149682998657,1.4221149682998657,3279875
2002-03-06,0.8812704086303711,1.4956719875335693,1.52019202709198,1.4711530208587646,1.4956719875335693,1523702
2002-03-07,0.8957177400588989,1.52019202709198,1.52019202709198,1.4956719875335693,1.52019202709198,1177851
2002-03-08,0.9101648330688477,1.5447109937667847,1.5447109937667847,1.4956719875335693,1.5447109937667847,1379325
2002-03-11,0.9246114492416382,1.5692299604415894,1.5692299604415894,1.52019202709198,1.5447109937667847,1978447
2002-03-12,0.9968468546867371,1.6918259859085083,1.6918259859085083,1.5937490463256836,1.5937490463256836,5706542
2002-03-13,0.9679530262947083,1.642788052558899,1.6918259859085083,1.5937490463256836,1.6673070192337036,1844674
2002-03-14,0.9535053968429565,1.6182680130004883,1.642788052558899,1.6182680130004883,1.642788052558899,1398494
2002-03-15,0.9535053968429565,1.6182680130004883,1.6182680130004883,1.5937490463256836,1.6182680130004883,2079592
2002-03-18,0.9968468546867371,1.6918259859085083,1.6918259859085083,1.6182680130004883,1.6182680130004883,3233380
2002-03-19,1.0546350479125977,1.7899030447006226,1.7899030447006226,1.6918259859085083,1.6918259859085083,5973271
2002-03-20,1.0401883125305176,1.7653839588165283,1.8144220113754272,1.7653839588165283,1.7899030447006226,3293741
2002-03-21,1.0112935304641724,1.716344952583313,1.7653839588165283,1.6918259859085083,1.7653839588165283,2112627
2002-03-22,0.9679530262947083,1.642788052558899,1.716344952583313,1.642788052558899,1.716344952583313,1974980
2002-03-25,0.9824000000953674,1.6673070192337036,1.6673070192337036,1.642788052558899,1.6673070192337036,711278
2002-03-26,0.9390584230422974,1.5937490463256836,1.642788052558899,1.5692299604415894,1.642788052558899,943749
2002-03-27,0.9390584230422974,1.5937490463256836,1.6673070192337036,1.5937490463256836,1.6673070192337036,816094
2002-03-28,0.9535053968429565,1.6182680130004883,1.6182680130004883,1.5937490463256836,1.5937490463256836,526933
2002-03-29,0.9535053968429565,1.6182680130004883,1.6182680130004883,1.6182680130004883,1.6182680130004883,0
2002-04-01,0.9535053968429565,1.6182680130004883,1.6182680130004883,1.6182680130004883,1.6182680130004883,0
2002-04-02,1.0112935304641724,1.716344952583313,1.716344952583313,1.5692299604415894,1.5937490463256836,1520847
2002-04-03,0.9679530262947083,1.642788052558899,1.6918259859085083,1.642788052558899,1.6673070192337036,668862
2002-04-04,0.9968468546867371,1.6918259859085083,1.6918259859085083,1.642788052558899,1.6673070192337036,597082
2002-04-05,0.9968468546867371,1.6918259859085083,1.6918259859085083,1.6918259859085083,1.6918259859085083,0
2002-04-08,1.0401883125305176,1.7653839588165283,1.7899030447006226,1.6918259859085083,1.6918259859085083,1988643
2002-04-09,1.0979766845703125,1.8634610176086426,1.9370180368423462,1.7653839588165283,1.7653839588165283,7598118
2002-04-10,1.0401883125305176,1.7653839588165283,1.8634610176086426,1.7408649921417236,1.8634610176086426,2535153
2002-04-11,1.0401883125305176,1.7653839588165283,1.7653839588165283,1.7653839588165283,1.7653839588165283,0
2002-04-12,1.0401883125305176,1.7653839588165283,1.7653839588165283,1.7653839588165283,1.7653839588165283,0
2002-04-15,1.0979766845703125,1.8634610176086426,1.9860570430755615,1.7408649921417236,1.8634610176086426,21581430
2002-04-16,1.0690819025039673,1.8144220113754272,1.8879799842834473,1.7653839588165283,1.8879799842834473,10945287
2002-04-17,1.0401883125305176,1.7653839588165283,1.838942050933838,1.7653839588165283,1.838942050933838,2508235
2002-04-18,1.0401883125305176,1.7653839588165283,1.8144220113754272,1.7653839588165283,1.7653839588165283,2434416
2002-04-19,1.0546350479125977,1.7899030447006226,1.838942050933838,1.7408649921417236,1.7653839588165283,5303185
2002-04-22,0.9824000000953674,1.6673070192337036,1.8144220113754272,1.6673070192337036,1.7899030447006226,3416502
2002-04-23,1.0401883125305176,1.7653839588165283,1.7653839588165283,1.6182680130004883,1.642788052558899,4387984
2002-04-24,0.9968468546867371,1.6918259859085083,1.7653839588165283,1.6673070192337036,1.7653839588165283,3339827
2002-04-25,0.9679530262947083,1.642788052558899,1.6918259859085083,1.642788052558899,1.6673070192337036,1573459
2002-04-26,0.9968468546867371,1.6918259859085083,1.6918259859085083,1.642788052558899,1.642788052558899,1634635
2002-04-29,0.9968468546867371,1.6918259859085083,1.6918259859085083,1.642788052558899,1.642788052558899,1098525
2002-04-30,1.0690819025039673,1.8144220113754272,1.8144220113754272,1.716344952583313,1.716344952583313,11488942
2002-05-01,1.0690819025039673,1.8144220113754272,1.8144220113754272,1.8144220113754272,1.8144220113754272,0
2002-05-02,1.0401883125305176,1.7653839588165283,1.838942050933838,1.7408649921417236,1.8144220113754272,5792596
2002-05-03,1.0257412195205688,1.7408649921417236,1.7899030447006226,1.716344952583313,1.7899030447006226,1605270
2002-05-06,1.0257412195205688,1.7408649921417236,1.7653839588165283,1.716344952583313,1.716344952583313,1535937
2002-05-07,1.0835294723510742,1.838942050933838,1.8634610176086426,1.6918259859085083,1.6918259859085083,5219577
2002-05-08,1.1124234199523926,1.8879799842834473,1.9370180368423462,1.7899030447006226,1.8634610176086426,13327092
2002-05-09,1.0690819025039673,1.8144220113754272,1.9615379571914673,1.8144220113754272,1.9370180368423462,5076832
2002-05-10,1.0690819025039673,1.8144220113754272,1.8634610176086426,1.8144220113754272,1.8144220113754272,1898102
2002-05-13,1.0835294723510742,1.838942050933838,1.8634610176086426,1.8144220113754272,1.8144220113754272,1581615
2002-05-14,1.0690819025039673,1.8144220113754272,1.8879799842834473,1.8144220113754272,1.8879799842834473,1616282
2002-05-15,1.1413172483444214,1.9370180368423462,1.9615379571914673,1.8144220113754272,1.8144220113754272,5314196
2002-05-16,1.1413172483444214,1.9370180368423462,1.9860570430755615,1.8634610176086426,1.912498950958252,7994950
2002-05-17,1.0979766845703125,1.8634610176086426,1.9370180368423462,1.8144220113754272,1.9370180368423462,3471561
2002-05-20,1.0979766845703125,1.8634610176086426,1.8634610176086426,1.8634610176086426,1.8634610176086426,0
2002-05-21,1.0979766845703125,1.8634610176086426,1.8634610176086426,1.7899030447006226,1.838942050933838,2183592
2002-05-22,1.2135530710220337,2.059614896774292,2.059614896774292,1.8634610176086426,1.8634610176086426,17229743
2002-05-23,1.1413172483444214,1.9370180368423462,2.059614896774292,1.912498950958252,2.059614896774292,10633695
2002-05-24,1.1991055011749268,2.035094976425171,2.133172035217285,1.912498950958252,1.912498950958252,13042009
2002-05-27,1.2135530710220337,2.059614896774292,2.1086530685424805,2.035094976425171,2.035094976425171,7199309
2002-05-28,1.1702117919921875,1.9860570430755615,2.133172035217285,1.9615379571914673,2.059614896774292,8359969
2002-05-29,1.1991055011749268,2.035094976425171,2.133172035217285,1.9615379571914673,1.9615379571914673,14482988
2002-05-30,1.2280000448226929,2.084134101867676,2.15769100189209,2.035094976425171,2.059614896774292,10769507
2002-05-31,1.1413172483444214,1.9370180368423462,2.084134101867676,1.9370180368423462,2.059614896774292,5919436
2002-06-03,1.1124234199523926,1.8879799842834473,1.9615379571914673,1.838942050933838,1.9615379571914673,4726087
2002-06-04,1.0835294723510742,1.838942050933838,1.8879799842834473,1.8144220113754272,1.8879799842834473,3005396
2002-06-05,1.0835294723510742,1.838942050933838,1.8879799842834473,1.838942050933838,1.838942050933838,1225568
2002-06-06,1.0835294723510742,1.838942050933838,1.8634610176086426,1.8144220113754272,1.8634610176086426,1338133
2002-06-07,1.1124234199523926,1.8879799842834473,1.9370180368423462,1.838942050933838,1.8634610176086426,3940988
2002-06-10,1.0979766845703125,1.8634610176086426,1.912498950958252,1.8634610176086426,1.912498950958252,2434416
2002-06-11,1.0979766845703125,1.8634610176086426,1.912498950958252,1.838942050933838,1.8634610176086426,1852831
2002-06-12,1.0979766845703125,1.8634610176086426,1.912498950958252,1.8634610176086426,1.8634610176086426,2983984
2002-06-13,1.1413172483444214,1.9370180368423462,1.9860570430755615,1.912498950958252,1.912498950958252,4190384
2002-06-14,1.1124234199523926,1.8879799842834473,1.9615379571914673,1.8634610176086426,1.9615379571914673,1363419
2002-06-17,1.0690819025039673,1.8144220113754272,1.8879799842834473,1.8144220113754272,1.8634610176086426,1998431
2002-06-18,1.0835294723510742,1.838942050933838,1.8634610176086426,1.8144220113754272,1.8634610176086426,1807153
2002-06-19,1.0112935304641724,1.716344952583313,1.838942050933838,1.6918259859085083,1.838942050933838,927843
2002-06-20,1.0112935304641724,1.716344952583313,1.7653839588165283,1.6182680130004883,1.6918259859085083,872376
2002-06-21,0.9968468546867371,1.6918259859085083,1.716344952583313,1.6673070192337036,1.6673070192337036,402949
2002-06-24,1.0835294723510742,1.838942050933838,1.838942050933838,1.716344952583313,1.7408649921417236,992282
2002-06-25,1.0257412195205688,1.7408649921417236,1.838942050933838,1.716344952583313,1.838942050933838,669678
2002-06-26,1.0257412195205688,1.7408649921417236,1.7408649921417236,1.6918259859085083,1.7408649921417236,359717
2002-06-27,1.0112935304641724,1.716344952583313,1.7899030447006226,1.716344952583313,1.716344952583313,1120753
2002-06-28,1.0257412195205688,1.7408649921417236,1.7653839588165283,1.7408649921417236,1.7408649921417236,502870
2002-07-01,1.0257412195205688,1.7408649921417236,1.7408649921417236,1.7408649921417236,1.7408649921417236,0
2002-07-02,1.0401883125305176,1.7653839588165283,1.7899030447006226,1.6918259859085083,1.716344952583313,407843
2002-07-03,1.0546350479125977,1.7899030447006226,1.7899030447006226,1.7408649921417236,1.7408649921417236,646023
2002-07-04,1.0546350479125977,1.7899030447006226,1.838942050933838,1.7653839588165283,1.7899030447006226,1088533
2002-07-05,1.0401883125305176,1.7653839588165283,1.8144220113754272,1.7653839588165283,1.8144220113754272,241035
2002-07-08,1.0112935304641724,1.716344952583313,1.8144220113754272,1.716344952583313,1.8144220113754272,374807
2002-07-09,1.0401883125305176,1.7653839588165283,1.7653839588165283,1.6918259859085083,1.6918259859085083,297725
2002-07-10,1.0112935304641724,1.716344952583313,1.7653839588165283,1.716344952583313,1.7653839588165283,356047
2002-07-11,1.0112935304641724,1.716344952583313,1.7408649921417236,1.6918259859085083,1.7408649921417236,526525
2002-07-12,1.0257412195205688,1.7408649921417236,1.7408649921417236,1.6918259859085083,1.6918259859085083,477176
2002-07-15,0.9968468546867371,1.6918259859085083,1.716344952583313,1.6918259859085083,1.6918259859085083,505725
2002-07-16,0.9824000000953674,1.6673070192337036,1.6918259859085083,1.6182680130004883,1.6918259859085083,552627
2002-07-17,0.9246114492416382,1.5692299604415894,1.642788052558899,1.5447109937667847,1.5692299604415894,483702
2002-07-18,0.9535053968429565,1.6182680130004883,1.6182680130004883,1.5692299604415894,1.6182680130004883,450666
2002-07-19,0.9246114492416382,1.5692299604415894,1.6182680130004883,1.5692299604415894,1.6182680130004883,316078
2002-07-22,0.8523765206336975,1.44663405418396,1.52019202709198,1.44663405418396,1.52019202709198,407027
2002-07-23,0.8957177400588989,1.52019202709198,1.5447109937667847,1.4711530208587646,1.4711530208587646,327090
2002-07-24,0.8668233752250671,1.4711530208587646,1.4956719875335693,1.44663405418396,1.4956719875335693,283858
2002-07-25,0.8379296064376831,1.4221149682998657,1.52019202709198,1.4221149682998657,1.52019202709198,492266
2002-07-26,0.7223526835441589,1.2259609699249268,1.3485569953918457,1.1671149730682373,1.324038028717041,1743121
2002-07-29,0.7801411747932434,1.324038028717041,1.324038028717041,1.2259609699249268,1.324038028717041,973929
2002-07-30,0.8234819173812866,1.3975950479507446,1.4711530208587646,1.3485569953918457,1.3975950479507446,918462
2002-07-31,0.8234819173812866,1.3975950479507446,1.44663405418396,1.3730759620666504,1.3975950479507446,352784
2002-08-01,0.8090349435806274,1.3730759620666504,1.44663405418396,1.3730759620666504,1.3975950479507446,185976
2002-08-02,0.8090349435806274,1.3730759620666504,1.3730759620666504,1.2749990224838257,1.3730759620666504,216972
2002-08-05,0.7656940817832947,1.2995189428329468,1.3730759620666504,1.250480055809021,1.250480055809021,383780
2002-08-06,0.7367997169494629,1.250480055809021,1.2749990224838257,1.2259609699249268,1.250480055809021,793662
2002-08-07,0.7512466907501221,1.2749990224838257,1.324038028717041,1.2749990224838257,1.324038028717041,471874
2002-08-08,0.7512466907501221,1.2749990224838257,1.2749990224838257,1.2749990224838257,1.2749990224838257,250415
2002-08-09,0.7512466907501221,1.2749990224838257,1.2749990224838257,1.2749990224838257,1.2749990224838257,421913
2002-08-12,0.7223526835441589,1.2259609699249268,1.250480055809021,1.2210570573806763,1.250480055809021,201474
2002-08-13,0.7223526835441589,1.2259609699249268,1.250480055809021,1.2259609699249268,1.250480055809021,103388
2002-08-14,0.6992375254631042,1.1867300271987915,1.201442003250122,1.1867300271987915,1.1867300271987915,116643
2002-08-15,0.6992375254631042,1.1867300271987915,1.201442003250122,1.1867300271987915,1.1867300271987915,213301
2002-08-16,0.7223526835441589,1.2259609699249268,1.2259609699249268,1.1769219636917114,1.1818259954452515,180674
2002-08-19,0.7801411747932434,1.324038028717041,1.324038028717041,1.1671149730682373,1.1671149730682373,563639
2002-08-20,0.8090349435806274,1.3730759620666504,1.3975950479507446,1.250480055809021,1.3485569953918457,596266
2002-08-21,0.7801411747932434,1.324038028717041,1.3730759620666504,1.2995189428329468,1.3730759620666504,146415
2002-08-22,0.8379296064376831,1.4221149682998657,1.4221149682998657,1.324038028717041,1.324038028717041,316486
2002-08-23,0.8379296064376831,1.4221149682998657,1.4221149682998657,1.4221149682998657,1.4221149682998657,0
2002-08-26,0.8234819173812866,1.3975950479507446,1.44663405418396,1.3730759620666504,1.44663405418396,71372
2002-08-27,0.7945881485939026,1.3485569953918457,1.3730759620666504,1.3485569953918457,1.3730759620666504,146007
2002-08-28,0.7945881485939026,1.3485569953918457,1.3485569953918457,1.2995189428329468,1.324038028717041,44454
2002-08-29,0.7656940817832947,1.2995189428329468,1.324038028717041,1.2995189428329468,1.2995189428329468,140705
2002-08-30,0.7801411747932434,1.324038028717041,1.324038028717041,1.2995189428329468,1.2995189428329468,114196
2002-09-02,0.7512466907501221,1.2749990224838257,1.324038028717041,1.2749990224838257,1.2995189428329468,140705
2002-09-03,0.7512466907501221,1.2749990224838257,1.2749990224838257,1.250480055809021,1.2749990224838257,140705
2002-09-04,0.7512466907501221,1.2749990224838257,1.2995189428329468,1.2749990224838257,1.2995189428329468,99921
2002-09-05,0.7801411747932434,1.324038028717041,1.324038028717041,1.2749990224838257,1.2749990224838257,508580
2002-09-06,0.7945881485939026,1.3485569953918457,1.3485569953918457,1.2749990224838257,1.324038028717041,344627
2002-09-09,0.7945881485939026,1.3485569953918457,1.3485569953918457,1.2749990224838257,1.3485569953918457,126839
2002-09-10,0.7945881485939026,1.3485569953918457,1.3485569953918457,1.2995189428329468,1.2995189428329468,190054
2002-09-11,0.7801411747932434,1.324038028717041,1.324038028717041,1.324038028717041,1.324038028717041,4078
2002-09-12,0.7801411747932434,1.324038028717041,1.3485569953918457,1.2995189428329468,1.324038028717041,275294
2002-09-13,0.7512466907501221,1.2749990224838257,1.2995189428329468,1.2161530256271362,1.2995189428329468,361349
2002-09-16,0.7656940817832947,1.2995189428329468,1.2995189428329468,1.2259609699249268,1.2749990224838257,267137
2002-09-17,0.7801411747932434,1.324038028717041,1.324038028717041,1.2749990224838257,1.2995189428329468,112156
2002-09-18,0.7656940817832947,1.2995189428329468,1.2995189428329468,1.250480055809021,1.250480055809021,77898
2002-09-19,0.7801411747932434,1.324038028717041,1.324038028717041,1.250480055809021,1.2749990224838257,188831
2002-09-20,0.7656940817832947,1.2995189428329468,1.2995189428329468,1.2259609699249268,1.2259609699249268,104000
2002-09-23,0.7801411747932434,1.324038028717041,1.324038028717041,1.2259609699249268,1.2749990224838257,374400
2002-09-24,0.7512466907501221,1.2749990224838257,1.2749990224838257,1.2259609699249268,1.2259609699249268,285082
2002-09-25,0.7223526835441589,1.2259609699249268,1.250480055809021,1.1327879428863525,1.2259609699249268,786525
2002-09-26,0.7223526835441589,1.2259609699249268,1.2259609699249268,1.1867300271987915,1.2210570573806763,351152
2002-09-27,0.7367997169494629,1.250480055809021,1.250480055809021,1.196537971496582,1.196537971496582,149678
2002-09-30,0.7367997169494629,1.250480055809021,1.250480055809021,1.1867300271987915,1.1867300271987915,115623
2002-10-01,0.7367997169494629,1.250480055809021,1.250480055809021,1.250480055809021,1.250480055809021,0
2002-10-02,0.7512466907501221,1.2749990224838257,1.2749990224838257,1.2063449621200562,1.2749990224838257,250007
2002-10-03,0.7223526835441589,1.2259609699249268,1.2259609699249268,1.1867300271987915,1.2259609699249268,336878
2002-10-04,0.7223526835441589,1.2259609699249268,1.2259609699249268,1.127884030342102,1.127884030342102,96250
2002-10-07,0.7223526835441589,1.2259609699249268,1.2259609699249268,1.1573070287704468,1.1867300271987915,220235
2002-10-08,0.7223526835441589,1.2259609699249268,1.2259609699249268,1.1769219636917114,1.1867300271987915,88501
2002-10-09,0.7223526835441589,1.2259609699249268,1.2259609699249268,1.1671149730682373,1.1867300271987915,134588
2002-10-10,0.7165738344192505,1.2161530256271362,1.2161530256271362,1.1622109413146973,1.1867300271987915,226760
2002-10-11,0.7223526835441589,1.2259609699249268,1.2259609699249268,1.1818259954452515,1.1818259954452515,430274
2002-10-14,0.7223526835441589,1.2259609699249268,1.2259609699249268,1.2259609699249268,1.2259609699249268,0
2002-10-15,0.7367997169494629,1.250480055809021,1.250480055809021,1.1867300271987915,1.2259609699249268,75450
2002-10-16,0.7136841416358948,1.2112489938735962,1.250480055809021,1.201442003250122,1.2259609699249268,235937
2002-10-17,0.7656940817832947,1.2995189428329468,1.2995189428329468,1.2259609699249268,1.2259609699249268,991058
2002-10-18,0.7512466907501221,1.2749990224838257,1.324038028717041,1.250480055809021,1.2995189428329468,699043
2002-10-21,0.7367997169494629,1.250480055809021,1.2749990224838257,1.2259609699249268,1.2749990224838257,135403
2002-10-22,0.7223526835441589,1.2259609699249268,1.2749990224838257,1.2112489938735962,1.250480055809021,238180
2002-10-23,0.7512466907501221,1.2749990224838257,1.2749990224838257,1.201442003250122,1.2161530256271362,157835
2002-10-24,0.7512466907501221,1.2749990224838257,1.2749990224838257,1.2259609699249268,1.2259609699249268,567717
2002-10-25,0.7512466907501221,1.2749990224838257,1.2749990224838257,1.2063449621200562,1.2259609699249268,161098
2002-10-28,0.7367997169494629,1.250480055809021,1.2749990224838257,1.2112489938735962,1.2749990224838257,749615
2002-10-29,0.7223526835441589,1.2259609699249268,1.2259609699249268,1.1916340589523315,1.2161530256271362,246745
2002-10-30,0.7223526835441589,1.2259609699249268,1.2259609699249268,1.1916340589523315,1.201442003250122,210039
2002-10-31,0.7194634079933167,1.2210570573806763,1.2210570573806763,1.201442003250122,1.201442003250122,50980
2002-11-01,0.7512466907501221,1.2749990224838257,1.2749990224838257,1.1769219636917114,1.1867300271987915,409066
2002-11-04,0.7367997169494629,1.250480055809021,1.250480055809021,1.201442003250122,1.201442003250122,28956
2002-11-05,0.7367997169494629,1.250480055809021,1.250480055809021,1.2063449621200562,1.2063449621200562,132956
2002-11-06,0.7367997169494629,1.250480055809021,1.250480055809021,1.2063449621200562,1.2063449621200562,81160
2002-11-07,0.7367997169494629,1.250480055809021,1.250480055809021,1.2063449621200562,1.2259609699249268,198619
2002-11-08,0.7367997169494629,1.250480055809021,1.250480055809021,1.2112489938735962,1.250480055809021,96658
2002-11-11,0.7367997169494629,1.250480055809021,1.250480055809021,1.196537971496582,1.201442003250122,99921
2002-11-12,0.7223526835441589,1.2259609699249268,1.2259609699249268,1.1916340589523315,1.1916340589523315,43231
2002-11-13,0.7223526835441589,1.2259609699249268,1.2259609699249268,1.2063449621200562,1.2259609699249268,44454
2002-11-14,0.7223526835441589,1.2259609699249268,1.2259609699249268,1.196537971496582,1.2063449621200562,158651
2002-11-15,0.7367997169494629,1.250480055809021,1.250480055809021,1.196537971496582,1.201442003250122,115419
2002-11-18,0.7223526835441589,1.2259609699249268,1.2259609699249268,1.2161530256271362,1.2259609699249268,140705
2002-11-19,0.7223526835441589,1.2259609699249268,1.2259609699249268,1.201442003250122,1.2063449621200562,199027
2002-11-20,0.7194634079933167,1.2210570573806763,1.2210570573806763,1.196537971496582,1.196537971496582,167215
2002-11-21,0.7223526835441589,1.2259609699249268,1.2259609699249268,1.196537971496582,1.201442003250122,130101
2002-11-22,0.6992375254631042,1.1867300271987915,1.250480055809021,1.1867300271987915,1.2259609699249268,403356
2002-11-25,0.7223526835441589,1.2259609699249268,1.2259609699249268,1.1769219636917114,1.1769219636917114,177003
2002-11-26,0.7165738344192505,1.2161530256271362,1.2161530256271362,1.196537971496582,1.196537971496582,89725
2002-11-27,0.7021269202232361,1.1916340589523315,1.1916340589523315,1.1916340589523315,1.1916340589523315,28549
2002-11-28,0.7107948064804077,1.2063449621200562,1.2259609699249268,1.1818259954452515,1.1818259954452515,53835
2002-11-29,0.7223526835441589,1.2259609699249268,1.2259609699249268,1.201442003250122,1.201442003250122,148454
2002-12-02,0.7223526835441589,1.2259609699249268,1.2259609699249268,1.2259609699249268,1.2259609699249268,0
2002-12-03,0.7945881485939026,1.3485569953918457,1.4221149682998657,1.3485569953918457,1.3975950479507446,1181521
2002-12-04,0.8234819173812866,1.3975950479507446,1.4711530208587646,1.2995189428329468,1.3975950479507446,1666855
2002-12-05,0.8090349435806274,1.3730759620666504,1.44663405418396,1.324038028717041,1.44663405418396,482478
2002-12-06,0.7945881485939026,1.3485569953918457,1.3730759620666504,1.324038028717041,1.3485569953918457,405396
2002-12-09,0.7656940817832947,1.2995189428329468,1.324038028717041,1.2749990224838257,1.2995189428329468,179043
2002-12-10,0.7512466907501221,1.2749990224838257,1.2749990224838257,1.2259609699249268,1.2749990224838257,77082
2002-12-11,0.7945881485939026,1.3485569953918457,1.3485569953918457,1.2749990224838257,1.2749990224838257,301396
2002-12-12,0.7801411747932434,1.324038028717041,1.3730759620666504,1.2995189428329468,1.2995189428329468,53427
2002-12-13,0.7656940817832947,1.2995189428329468,1.2995189428329468,1.250480055809021,1.2749990224838257,165176
2002-12-16,0.7512466907501221,1.2749990224838257,1.2995189428329468,1.250480055809021,1.2995189428329468,119905
2002-12-17,0.7512466907501221,1.2749990224838257,1.2749990224838257,1.201442003250122,1.250480055809021,248376
2002-12-18,0.7223526835441589,1.2259609699249268,1.2995189428329468,1.2259609699249268,1.2259609699249268,371137
2002-12-19,0.7165738344192505,1.2161530256271362,1.2161530256271362,1.201442003250122,1.201442003250122,53019
2002-12-20,0.7223526835441589,1.2259609699249268,1.2259609699249268,1.201442003250122,1.201442003250122,234509
2002-12-23,0.7223526835441589,1.2259609699249268,1.2259609699249268,1.196537971496582,1.2259609699249268,182713
2002-12-24,0.7367997169494629,1.250480055809021,1.250480055809021,1.196537971496582,1.196537971496582,34258
2002-12-25,0.7367997169494629,1.250480055809021,1.250480055809021,1.250480055809021,1.250480055809021,0
2002-12-26,0.7367997169494629,1.250480055809021,1.250480055809021,1.250480055809021,1.250480055809021,0
2002-12-27,0.7223526835441589,1.2259609699249268,1.2259609699249268,1.196537971496582,1.196537971496582,57098
2002-12-30,0.7136841416358948,1.2112489938735962,1.2161530256271362,1.1867300271987915,1.201442003250122,289568
2002-12-31,0.7512466907501221,1.2749990224838257,1.2749990224838257,1.201442003250122,1.2063449621200562,144376
2003-01-01,0.7512466907501221,1.2749990224838257,1.2749990224838257,1.2749990224838257,1.2749990224838257,0
2003-01-02,0.7223526835441589,1.2259609699249268,1.2259609699249268,1.201442003250122,1.2259609699249268,125207
2003-01-03,0.7367997169494629,1.250480055809021,1.250480055809021,1.2259609699249268,1.2259609699249268,305474
2003-01-06,0.7512466907501221,1.2749990224838257,1.2749990224838257,1.2112489938735962,1.2112489938735962,316486
2003-01-07,0.7367997169494629,1.250480055809021,1.324038028717041,1.2259609699249268,1.250480055809021,846682
2003-01-08,0.7512466907501221,1.2749990224838257,1.2749990224838257,1.250480055809021,1.250480055809021,538760
2003-01-09,0.8090349435806274,1.3730759620666504,1.3730759620666504,1.2259609699249268,1.2259609699249268,1252486
2003-01-10,0.7801411747932434,1.324038028717041,1.3730759620666504,1.2749990224838257,1.3730759620666504,846682
2003-01-13,0.7945881485939026,1.3485569953918457,1.3975950479507446,1.2995189428329468,1.324038028717041,1642384
2003-01-14,0.7512466907501221,1.2749990224838257,1.324038028717041,1.2749990224838257,1.324038028717041,555482
2003-01-15,0.7656940817832947,1.2995189428329468,1.3485569953918457,1.2749990224838257,1.2995189428329468,738196
2003-01-16,0.7512466907501221,1.2749990224838257,1.2749990224838257,1.250480055809021,1.250480055809021,118274
2003-01-17,0.7367997169494629,1.250480055809021,1.2749990224838257,1.2259609699249268,1.2749990224838257,426196
2003-01-20,0.7223526835441589,1.2259609699249268,1.250480055809021,1.2161530256271362,1.250480055809021,196172
2003-01-21,0.7656940817832947,1.2995189428329468,1.324038028717041,1.2749990224838257,1.2749990224838257,354823
2003-01-22,0.7367997169494629,1.250480055809021,1.2749990224838257,1.2259609699249268,1.2749990224838257,286305
2003-01-23,0.7367997169494629,1.250480055809021,1.2995189428329468,1.2259609699249268,1.2995189428329468,157019
2003-01-24,0.7223526835441589,1.2259609699249268,1.250480055809021,1.201442003250122,1.250480055809021,595858
2003-01-27,0.7223526835441589,1.2259609699249268,1.250480055809021,1.1769219636917114,1.1769219636917114,279372
2003-01-28,0.7136841416358948,1.2112489938735962,1.250480055809021,1.2112489938735962,1.250480055809021,153349
2003-01-29,0.7367997169494629,1.250480055809021,1.250480055809021,1.2063449621200562,1.2063449621200562,86870
2003-01-30,0.7512466907501221,1.2749990224838257,1.2749990224838257,1.2259609699249268,1.250480055809021,426196
2003-01-31,0.7512466907501221,1.2749990224838257,1.2749990224838257,1.2749990224838257,1.2749990224838257,0
2003-02-03,0.7512466907501221,1.2749990224838257,1.2749990224838257,1.2749990224838257,1.2749990224838257,0
2003-02-04,0.7367997169494629,1.250480055809021,1.250480055809021,1.2161530256271362,1.2161530256271362,63215
2003-02-05,0.7801411747932434,1.324038028717041,1.324038028717041,1.2749990224838257,1.2749990224838257,492062
2003-02-06,0.7367997169494629,1.250480055809021,1.2995189428329468,1.250480055809021,1.2995189428329468,256941
2003-02-07,0.7367997169494629,1.250480055809021,1.250480055809021,1.2259609699249268,1.250480055809021,367058
2003-02-10,0.7223526835441589,1.2259609699249268,1.250480055809021,1.2210570573806763,1.2259609699249268,526729
2003-02-11,0.7367997169494629,1.250480055809021,1.2749990224838257,1.2259609699249268,1.250480055809021,351968
2003-02-12,0.7945881485939026,1.3485569953918457,1.3485569953918457,1.2749990224838257,1.2749990224838257,2148110
2003-02-13,0.7512466907501221,1.2749990224838257,1.3485569953918457,1.2749990224838257,1.324038028717041,748800
2003-02-14,0.7367997169494629,1.250480055809021,1.2995189428329468,1.250480055809021,1.2995189428329468,201882
2003-02-17,0.7656940817832947,1.2995189428329468,1.2995189428329468,1.2749990224838257,1.2749990224838257,104000
2003-02-18,0.7656940817832947,1.2995189428329468,1.2995189428329468,1.2995189428329468,1.2995189428329468,180266
2003-02-19,0.8090349435806274,1.3730759620666504,1.3730759620666504,1.2995189428329468,1.2995189428329468,1267168
2003-02-20,0.8523765206336975,1.44663405418396,1.4956719875335693,1.324038028717041,1.3485569953918457,4821114
2003-02-21,0.8090349435806274,1.3730759620666504,1.4711530208587646,1.3485569953918457,1.4711530208587646,1012878
2003-02-24,0.7945881485939026,1.3485569953918457,1.3730759620666504,1.3485569953918457,1.3730759620666504,357270
2003-02-25,0.7945881485939026,1.3485569953918457,1.3485569953918457,1.3485569953918457,1.3485569953918457,228392
2003-02-26,0.7945881485939026,1.3485569953918457,1.3485569953918457,1.3485569953918457,1.3485569953918457,328721
2003-02-27,0.8523765206336975,1.44663405418396,1.52019202709198,1.3485569953918457,1.3485569953918457,1627294
2003-02-28,0.8090349435806274,1.3730759620666504,1.4956719875335693,1.3730759620666504,1.4221149682998657,2449506
2003-03-03,0.8234819173812866,1.3975950479507446,1.4221149682998657,1.3485569953918457,1.3730759620666504,862996
2003-03-04,0.7801411747932434,1.324038028717041,1.3975950479507446,1.324038028717041,1.3975950479507446,364611
2003-03-05,0.7656940817832947,1.2995189428329468,1.3485569953918457,1.2995189428329468,1.324038028717041,424156
2003-03-06,0.7512466907501221,1.2749990224838257,1.3485569953918457,1.2749990224838257,1.324038028717041,358086
2003-03-07,0.7656940817832947,1.2995189428329468,1.324038028717041,1.2995189428329468,1.324038028717041,336470
2003-03-10,0.7512466907501221,1.2749990224838257,1.2995189428329468,1.2749990224838257,1.2995189428329468,193725
2003-03-11,0.7801411747932434,1.324038028717041,1.324038028717041,1.2995189428329468,1.2995189428329468,146823
2003-03-12,0.8090349435806274,1.3730759620666504,1.3730759620666504,1.2995189428329468,1.324038028717041,590556
2003-03-13,0.7945881485939026,1.3485569953918457,1.3485569953918457,1.324038028717041,1.324038028717041,151717
2003-03-14,0.8090349435806274,1.3730759620666504,1.3975950479507446,1.324038028717041,1.3485569953918457,564454
2003-03-17,0.7801411747932434,1.324038028717041,1.3730759620666504,1.2995189428329468,1.324038028717041,455153
2003-03-18,0.7801411747932434,1.324038028717041,1.324038028717041,1.324038028717041,1.324038028717041,234101
2003-03-19,0.7801411747932434,1.324038028717041,1.3485569953918457,1.324038028717041,1.3485569953918457,553035
2003-03-20,0.7945881485939026,1.3485569953918457,1.3485569953918457,1.2995189428329468,1.2995189428329468,88909
2003-03-21,0.7945881485939026,1.3485569953918457,1.3730759620666504,1.3485569953918457,1.3485569953918457,432313
2003-03-24,0.7801411747932434,1.324038028717041,1.3975950479507446,1.324038028717041,1.3485569953918457,168439
2003-03-25,0.7945881485939026,1.3485569953918457,1.3730759620666504,1.324038028717041,1.324038028717041,220643
2003-03-26,0.7945881485939026,1.3485569953918457,1.3975950479507446,1.324038028717041,1.3485569953918457,339529
2003-03-27,0.7801411747932434,1.324038028717041,1.3485569953918457,1.324038028717041,1.3485569953918457,55058
2003-03-28,0.7801411747932434,1.324038028717041,1.3485569953918457,1.324038028717041,1.324038028717041,112972
2003-03-31,0.7656940817832947,1.2995189428329468,1.324038028717041,1.2749990224838257,1.324038028717041,261835
2003-04-01,0.7367997169494629,1.250480055809021,1.2749990224838257,1.2259609699249268,1.2749990224838257,318117
2003-04-02,0.7512466907501221,1.2749990224838257,1.2995189428329468,1.2749990224838257,1.2749990224838257,115011
2003-04-03,0.7656940817832947,1.2995189428329468,1.2995189428329468,1.2995189428329468,1.2995189428329468,38745
2003-04-04,0.7801411747932434,1.324038028717041,1.324038028717041,1.2995189428329468,1.2995189428329468,87686
2003-04-07,0.7656940817832947,1.2995189428329468,1.324038028717041,1.2749990224838257,1.324038028717041,58729
2003-04-08,0.7801411747932434,1.324038028717041,1.324038028717041,1.2995189428329468,1.2995189428329468,57098
2003-04-09,0.7656940817832947,1.2995189428329468,1.2995189428329468,1.2995189428329468,1.2995189428329468,90133
2003-04-10,0.7512466907501221,1.2749990224838257,1.2995189428329468,1.250480055809021,1.2749990224838257,59545
2003-04-11,0.7367997169494629,1.250480055809021,1.324038028717041,1.250480055809021,1.250480055809021,92172
2003-04-14,0.7223526835441589,1.2259609699249268,1.250480055809021,1.2259609699249268,1.250480055809021,102776
2003-04-15,0.7223526835441589,1.2259609699249268,1.250480055809021,1.2259609699249268,1.2259609699249268,150086
2003-04-16,0.7223526835441589,1.2259609699249268,1.250480055809021,1.2259609699249268,1.2259609699249268,37725
2003-04-17,0.7223526835441589,1.2259609699249268,1.2259609699249268,1.2063449621200562,1.2259609699249268,352376
2003-04-18,0.7223526835441589,1.2259609699249268,1.2259609699249268,1.2259609699249268,1.2259609699249268,0
2003-04-21,0.7223526835441589,1.2259609699249268,1.2259609699249268,1.2259609699249268,1.2259609699249268,0
2003-04-22,0.7223526835441589,1.2259609699249268,1.2749990224838257,1.201442003250122,1.2259609699249268,89725
2003-04-23,0.7223526835441589,1.2259609699249268,1.2259609699249268,1.1524029970169067,1.201442003250122,303843
2003-04-24,0.7165738344192505,1.2161530256271362,1.2259609699249268,1.2161530256271362,1.2259609699249268,50980
2003-04-25,0.7107948064804077,1.2063449621200562,1.2063449621200562,1.127884030342102,1.1769219636917114,544878
2003-04-28,0.7223526835441589,1.2259609699249268,1.2259609699249268,1.127884030342102,1.1671149730682373,232266
2003-04-29,0.7194634079933167,1.2210570573806763,1.2210570573806763,1.1818259954452515,1.201442003250122,338102
2003-04-30,0.7223526835441589,1.2259609699249268,1.2259609699249268,1.1769219636917114,1.2259609699249268,246745
2003-05-01,0.7223526835441589,1.2259609699249268,1.2259609699249268,1.2259609699249268,1.2259609699249268,0
2003-05-02,0.7223526835441589,1.2259609699249268,1.2259609699249268,1.2210570573806763,1.2210570573806763,44862
2003-05-05,0.7223526835441589,1.2259609699249268,1.2259609699249268,1.1867300271987915,1.2259609699249268,171294
2003-05-06,0.7223526835441589,1.2259609699249268,1.250480055809021,1.2161530256271362,1.2161530256271362,70556
2003-05-07,0.7367997169494629,1.250480055809021,1.250480055809021,1.201442003250122,1.2259609699249268,103592
2003-05-08,0.7367997169494629,1.250480055809021,1.250480055809021,1.250480055809021,1.250480055809021,0
2003-05-09,0.7223526835441589,1.2259609699249268,1.2259609699249268,1.1769219636917114,1.1769219636917114,51388
2003-05-12,0.7367997169494629,1.250480055809021,1.250480055809021,1.1818259954452515,1.1818259954452515,99105
2003-05-13,0.7223526835441589,1.2259609699249268,1.2259609699249268,1.1818259954452515,1.2259609699249268,969035
2003-05-14,0.7223526835441589,1.2259609699249268,1.250480055809021,1.201442003250122,1.201442003250122,350745
2003-05-15,0.7223526835441589,1.2259609699249268,1.250480055809021,1.2259609699249268,1.2259609699249268,563639
2003-05-16,0.7223526835441589,1.2259609699249268,1.250480055809021,1.2259609699249268,1.250480055809021,173333
2003-05-19,0.7367997169494629,1.250480055809021,1.2995189428329468,1.2063449621200562,1.2259609699249268,543654
2003-05-20,0.7367997169494629,1.250480055809021,1.2749990224838257,1.2259609699249268,1.250480055809021,200862
2003-05-21,0.7801411747932434,1.324038028717041,1.324038028717041,1.250480055809021,1.2749990224838257,1401349
2003-05-22,0.7512466907501221,1.2749990224838257,1.324038028717041,1.2749990224838257,1.324038028717041,684360
2003-05-23,0.8090349435806274,1.3730759620666504,1.3975950479507446,1.324038028717041,1.324038028717041,2186447
2003-05-26,0.8668233752250671,1.4711530208587646,1.4956719875335693,1.3485569953918457,1.3975950479507446,7072001
2003-05-27,0.8234819173812866,1.3975950479507446,1.4711530208587646,1.3730759620666504,1.4711530208587646,2740706
2003-05-28,0.7801411747932434,1.324038028717041,1.44663405418396,1.324038028717041,1.4221149682998657,1943780
2003-05-29,0.7656940817832947,1.2995189428329468,1.324038028717041,1.2995189428329468,1.324038028717041,488596
2003-05-30,0.7945881485939026,1.3485569953918457,1.3485569953918457,1.2995189428329468,1.2995189428329468,1024502
2003-06-02,0.8090349435806274,1.3730759620666504,1.3975950479507446,1.3485569953918457,1.3730759620666504,1217004
2003-06-03,0.7945881485939026,1.3485569953918457,1.3975950479507446,1.3485569953918457,1.3975950479507446,218196
2003-06-04,0.7945881485939026,1.3485569953918457,1.3485569953918457,1.3485569953918457,1.3485569953918457,0
2003-06-05,0.7656940817832947,1.2995189428329468,1.3730759620666504,1.2995189428329468,1.3730759620666504,526525
2003-06-06,0.7945881485939026,1.3485569953918457,1.3485569953918457,1.2995189428329468,1.324038028717041,289574
2003-06-09,0.7945881485939026,1.3485569953918457,1.3730759620666504,1.3485569953918457,1.3485569953918457,254902
2003-06-10,0.8523765206336975,1.44663405418396,1.4711530208587646,1.324038028717041,1.3485569953918457,2460925
2003-06-11,0.8523765206336975,1.44663405418396,1.44663405418396,1.3975950479507446,1.44663405418396,1546133
2003-06-12,0.8812704086303711,1.4956719875335693,1.52019202709198,1.4221149682998657,1.44663405418396,7662150
2003-06-13,0.8812704086303711,1.4956719875335693,1.5447109937667847,1.44663405418396,1.4956719875335693,8447656
2003-06-16,0.9101648330688477,1.5447109937667847,1.5692299604415894,1.4711530208587646,1.4956719875335693,6148644
2003-06-17,0.8523765206336975,1.44663405418396,1.5447109937667847,1.4221149682998657,1.5447109937667847,2428298
2003-06-18,0.8668233752250671,1.4711530208587646,1.4711530208587646,1.3975950479507446,1.4221149682998657,1565302
2003-06-19,0.8668233752250671,1.4711530208587646,1.4956719875335693,1.4221149682998657,1.4221149682998657,1866290
2003-06-20,0.8523765206336975,1.44663405418396,1.44663405418396,1.4221149682998657,1.4221149682998657,870337
2003-06-23,0.8090349435806274,1.3730759620666504,1.44663405418396,1.324038028717041,1.4221149682998657,1704376
2003-06-24,0.7945881485939026,1.3485569953918457,1.3485569953918457,1.2749990224838257,1.3485569953918457,957615
2003-06-25,0.7945881485939026,1.3485569953918457,1.3730759620666504,1.2995189428329468,1.3485569953918457,750431
2003-06-26,0.8090349435806274,1.3730759620666504,1.3730759620666504,1.3485569953918457,1.3485569953918457,499607
2003-06-27,0.8523765206336975,1.44663405418396,1.44663405418396,1.3485569953918457,1.3730759620666504,2091419
2003-06-30,0.8523765206336975,1.44663405418396,1.52019202709198,1.3975950479507446,1.3975950479507446,2577976
2003-07-01,0.8523765206336975,1.44663405418396,1.44663405418396,1.44663405418396,1.44663405418396,0
2003-07-02,0.8234819173812866,1.3975950479507446,1.4221149682998657,1.3730759620666504,1.4221149682998657,824251
2003-07-03,0.8668233752250671,1.4711530208587646,1.4711530208587646,1.3975950479507446,1.4221149682998657,1131357
2003-07-04,0.8379296064376831,1.4221149682998657,1.4711530208587646,1.3975950479507446,1.44663405418396,1093019
2003-07-07,0.8812704086303711,1.4956719875335693,1.4956719875335693,1.3975950479507446,1.3975950479507446,2873663
2003-07-08,0.8812704086303711,1.4956719875335693,1.5692299604415894,1.4956719875335693,1.52019202709198,12901507
2003-07-09,0.8812704086303711,1.4956719875335693,1.5447109937667847,1.4956719875335693,1.52019202709198,4055184
2003-07-10,0.9246114492416382,1.5692299604415894,1.5937490463256836,1.4956719875335693,1.4956719875335693,9251107
2003-07-11,0.9535053968429565,1.6182680130004883,1.642788052558899,1.52019202709198,1.52019202709198,12736535
2003-07-14,0.9968468546867371,1.6918259859085083,1.7408649921417236,1.6182680130004883,1.6182680130004883,12436362
2003-07-15,0.9968468546867371,1.6918259859085083,1.7408649921417236,1.6182680130004883,1.7408649921417236,6138040
2003-07-16,1.0835294723510742,1.838942050933838,1.838942050933838,1.6673070192337036,1.6918259859085083,10770323
2003-07-17,1.0257412195205688,1.7408649921417236,1.8879799842834473,1.7408649921417236,1.8144220113754272,12086433
2003-07-18,1.0257412195205688,1.7408649921417236,1.7899030447006226,1.716344952583313,1.716344952583313,2605302
2003-07-21,1.0257412195205688,1.7408649921417236,1.7899030447006226,1.716344952583313,1.7408649921417236,2217851
2003-07-22,0.9390584230422974,1.5937490463256836,1.716344952583313,1.5692299604415894,1.716344952583313,3963420
2003-07-23,0.9246114492416382,1.5692299604415894,1.6918259859085083,1.5447109937667847,1.642788052558899,3130604
2003-07-24,0.9535053968429565,1.6182680130004883,1.6182680130004883,1.5692299604415894,1.5692299604415894,1177443
2003-07-25,0.9390584230422974,1.5937490463256836,1.642788052558899,1.5937490463256836,1.6182680130004883,756956
2003-07-28,0.9679530262947083,1.642788052558899,1.642788052558899,1.6182680130004883,1.642788052558899,1091388
2003-07-29,0.9679530262947083,1.642788052558899,1.642788052558899,1.5937490463256836,1.642788052558899,1060800
2003-07-30,0.9679530262947083,1.642788052558899,1.6918259859085083,1.6182680130004883,1.6182680130004883,2786384
2003-07-31,0.9679530262947083,1.642788052558899,1.6918259859085083,1.642788052558899,1.6673070192337036,1812455
2003-08-01,0.9679530262947083,1.642788052558899,1.6918259859085083,1.6182680130004883,1.6673070192337036,1208847
2003-08-04,0.9824000000953674,1.6673070192337036,1.716344952583313,1.6182680130004883,1.642788052558899,2160753
2003-08-05,1.0112935304641724,1.716344952583313,1.7408649921417236,1.6918259859085083,1.716344952583313,4479341
2003-08-06,0.9824000000953674,1.6673070192337036,1.716344952583313,1.642788052558899,1.716344952583313,1531247
2003-08-07,1.0401883125305176,1.7653839588165283,1.7899030447006226,1.6918259859085083,1.716344952583313,6191875
2003-08-08,1.0257412195205688,1.7408649921417236,1.838942050933838,1.716344952583313,1.8144220113754272,3718306
2003-08-11,1.0112935304641724,1.716344952583313,1.7408649921417236,1.6918259859085083,1.7408649921417236,1080784
2003-08-12,1.0112935304641724,1.716344952583313,1.7653839588165283,1.6673070192337036,1.716344952583313,2281882
2003-08-13,1.0257412195205688,1.7408649921417236,1.7653839588165283,1.716344952583313,1.7653839588165283,2336125
2003-08-14,1.0112935304641724,1.716344952583313,1.7408649921417236,1.6918259859085083,1.7408649921417236,1153380
2003-08-15,0.9968468546867371,1.6918259859085083,1.6918259859085083,1.6918259859085083,1.6918259859085083,1201913
2003-08-18,1.0112935304641724,1.716344952583313,1.7408649921417236,1.6918259859085083,1.6918259859085083,2368345
2003-08-19,0.9968468546867371,1.6918259859085083,1.7653839588165283,1.6918259859085083,1.7408649921417236,4200784
2003-08-20,0.9968468546867371,1.6918259859085083,1.716344952583313,1.6673070192337036,1.716344952583313,1841412
2003-08-21,0.9968468546867371,1.6918259859085083,1.716344952583313,1.6673070192337036,1.6918259859085083,1776157
2003-08-22,1.0257412195205688,1.7408649921417236,1.7408649921417236,1.6918259859085083,1.716344952583313,1409098
2003-08-25,1.0112935304641724,1.716344952583313,1.7899030447006226,1.6918259859085083,1.716344952583313,3191373
2003-08-26,1.0112935304641724,1.716344952583313,1.7653839588165283,1.6918259859085083,1.716344952583313,2753757
2003-08-27,1.0546350479125977,1.7899030447006226,1.7899030447006226,1.716344952583313,1.7408649921417236,4021333
2003-08-28,1.0257412195205688,1.7408649921417236,1.7899030447006226,1.716344952583313,1.7899030447006226,1209662
2003-08-29,1.0257412195205688,1.7408649921417236,1.7653839588165283,1.716344952583313,1.7408649921417236,1449531
2003-09-01,1.1124234199523926,1.8879799842834473,1.912498950958252,1.716344952583313,1.7653839588165283,10375123
2003-09-02,1.0690819025039673,1.8144220113754272,1.912498950958252,1.8144220113754272,1.8879799842834473,5200816
2003-09-03,1.2424471378326416,2.1086530685424805,2.133172035217285,1.8634610176086426,1.8634610176086426,15129759
2003-09-04,1.1991055011749268,2.035094976425171,2.182210922241211,1.9615379571914673,2.133172035217285,7177632
2003-09-05,1.1557649374008179,1.9615379571914673,2.035094976425171,1.9615379571914673,1.9860570430755615,2841443
2003-09-08,1.1702117919921875,1.9860570430755615,2.010576009750366,1.9615379571914673,1.9860570430755615,1550212
2003-09-09,1.0835294723510742,1.838942050933838,2.035094976425171,1.838942050933838,2.010576009750366,3512753
2003-09-10,1.0401883125305176,1.7653839588165283,1.838942050933838,1.7653839588165283,1.8144220113754272,2122008
2003-09-11,1.0979766845703125,1.8634610176086426,1.8634610176086426,1.7899030447006226,1.8144220113754272,1810008
2003-09-12,1.0979766845703125,1.8634610176086426,1.8634610176086426,1.8634610176086426,1.8634610176086426,0
2003-09-15,1.0835294723510742,1.838942050933838,1.8634610176086426,1.8144220113754272,1.8634610176086426,1230055
2003-09-16,1.0546350479125977,1.7899030447006226,1.8144220113754272,1.7653839588165283,1.7899030447006226,1827545
2003-09-17,1.0690819025039673,1.8144220113754272,1.838942050933838,1.7899030447006226,1.838942050933838,1371576
2003-09-18,1.0546350479125977,1.7899030447006226,1.838942050933838,1.7899030447006226,1.838942050933838,593411
2003-09-19,1.0401883125305176,1.7653839588165283,1.8144220113754272,1.7653839588165283,1.7899030447006226,530216
2003-09-22,0.9968468546867371,1.6918259859085083,1.7653839588165283,1.6673070192337036,1.7653839588165283,1132580
2003-09-23,1.0112935304641724,1.716344952583313,1.716344952583313,1.642788052558899,1.642788052558899,644392
2003-09-24,1.0401883125305176,1.7653839588165283,1.7899030447006226,1.716344952583313,1.7408649921417236,1069364
2003-09-25,1.0257412195205688,1.7408649921417236,1.7653839588165283,1.716344952583313,1.716344952583313,498792
2003-09-26,1.0112935304641724,1.716344952583313,1.7408649921417236,1.716344952583313,1.7408649921417236,516737
2003-09-29,0.9968468546867371,1.6918259859085083,1.7408649921417236,1.6918259859085083,1.7408649921417236,451482
2003-09-30,1.0112935304641724,1.716344952583313,1.7408649921417236,1.6918259859085083,1.716344952583313,593004
2003-10-01,1.0112935304641724,1.716344952583313,1.716344952583313,1.716344952583313,1.716344952583313,0
2003-10-02,1.0257412195205688,1.7408649921417236,1.7653839588165283,1.716344952583313,1.7653839588165283,662337
2003-10-03,1.0401883125305176,1.7653839588165283,1.7653839588165283,1.716344952583313,1.7408649921417236,644392
2003-10-06,1.0979766845703125,1.8634610176086426,1.8634610176086426,1.7408649921417236,1.7408649921417236,2966243
2003-10-07,1.0979766845703125,1.8634610176086426,1.8634610176086426,1.8634610176086426,1.8634610176086426,0
2003-10-08,1.0979766845703125,1.8634610176086426,1.8634610176086426,1.8634610176086426,1.8634610176086426,0
2003-10-09,1.2135530710220337,2.059614896774292,2.1086530685424805,1.9615379571914673,2.035094976425171,12635798
2003-10-10,1.1846586465835571,2.010576009750366,2.1086530685424805,1.9370180368423462,2.1086530685424805,4084957
2003-10-13,1.2280000448226929,2.084134101867676,2.133172035217285,1.9860570430755615,2.035094976425171,4854564
2003-10-14,1.2857884168624878,2.182210922241211,2.280287981033325,2.084134101867676,2.1086530685424805,11996299
2003-10-15,1.2424471378326416,2.1086530685424805,2.2067298889160156,2.084134101867676,2.2067298889160156,4166118
2003-10-16,1.2135530710220337,2.059614896774292,2.133172035217285,2.059614896774292,2.1086530685424805,2109888
2003-10-17,1.2424471378326416,2.1086530685424805,2.15769100189209,2.035094976425171,2.084134101867676,3865130
2003-10-20,1.2424471378326416,2.1086530685424805,2.133172035217285,2.084134101867676,2.133172035217285,1484141
2003-10-21,1.1991055011749268,2.035094976425171,2.133172035217285,2.035094976425171,2.1086530685424805,1619953
2003-10-22,1.1846586465835571,2.010576009750366,2.059614896774292,2.010576009750366,2.035094976425171,1754133
2003-10-23,1.1124234199523926,1.8879799842834473,2.084134101867676,1.8634610176086426,1.9860570430755615,3472377
2003-10-24,1.1413172483444214,1.9370180368423462,1.9370180368423462,1.838942050933838,1.912498950958252,1923796
2003-10-27,1.1557649374008179,1.9615379571914673,1.9615379571914673,1.8879799842834473,1.8879799842834473,768784
2003-10-28,1.1846586465835571,2.010576009750366,2.010576009750366,1.9860570430755615,2.010576009750366,1024094
2003-10-29,1.1557649374008179,1.9615379571914673,2.010576009750366,1.9370180368423462,2.010576009750366,641129
2003-10-30,1.1557649374008179,1.9615379571914673,1.9615379571914673,1.912498950958252,1.912498950958252,433945
2003-10-31,1.1846586465835571,2.010576009750366,2.059614896774292,1.9615379571914673,1.9615379571914673,2530667
2003-11-03,1.1991055011749268,2.035094976425171,2.059614896774292,2.010576009750366,2.035094976425171,1670117
2003-11-04,1.1846586465835571,2.010576009750366,2.035094976425171,1.9860570430755615,2.035094976425171,1317741
2003-11-05,1.1557649374008179,1.9615379571914673,2.059614896774292,1.9615379571914673,1.9615379571914673,1763106
2003-11-06,1.1557649374008179,1.9615379571914673,1.9615379571914673,1.8879799842834473,1.9615379571914673,805082
2003-11-07,1.2424471378326416,2.1086530685424805,2.1086530685424805,1.912498950958252,1.9615379571914673,2298012
2003-11-10,1.2280000448226929,2.084134101867676,2.133172035217285,1.9860570430755615,2.1086530685424805,2918933
2003-11-11,1.2424471378326416,2.1086530685424805,2.133172035217285,2.035094976425171,2.035094976425171,5940644
2003-11-12,1.2424471378326416,2.1086530685424805,2.133172035217285,2.059614896774292,2.1086530685424805,2585875
2003-11-13,1.2280000448226929,2.084134101867676,2.133172035217285,2.059614896774292,2.1086530685424805,1532674
2003-11-14,1.2135530710220337,2.059614896774292,2.084134101867676,2.010576009750366,2.059614896774292,1580392
2003-11-17,1.1846586465835571,2.010576009750366,2.035094976425171,2.010576009750366,2.035094976425171,656627
2003-11-18,1.2280000448226929,2.084134101867676,2.133172035217285,2.010576009750366,2.035094976425171,4888612
2003-11-19,1.2424471378326416,2.1086530685424805,2.15769100189209,2.059614896774292,2.059614896774292,5840314
2003-11-20,1.1991055011749268,2.035094976425171,2.1086530685424805,2.035094976425171,2.1086530685424805,4022557
2003-11-21,1.1991055011749268,2.035094976425171,2.059614896774292,1.9615379571914673,2.010576009750366,3739922
2003-11-24,1.1702117919921875,1.9860570430755615,2.035094976425171,1.9860570430755615,2.035094976425171,788768
2003-11-25,1.1702117919921875,1.9860570430755615,2.010576009750366,1.9860570430755615,2.010576009750366,1438055
2003-11-26,1.1702117919921875,1.9860570430755615,2.035094976425171,1.9615379571914673,1.9860570430755615,1881788
2003-11-27,1.1702117919921875,1.9860570430755615,2.010576009750366,1.9860570430755615,1.9860570430755615,871560
2003-11-28,1.1846586465835571,2.010576009750366,2.010576009750366,1.9860570430755615,2.010576009750366,822211
2003-12-01,1.1846586465835571,2.010576009750366,2.035094976425171,2.010576009750366,2.010576009750366,1460894
2003-12-02,1.2135530710220337,2.059614896774292,2.1086530685424805,2.035094976425171,2.059614896774292,3446275
2003-12-03,1.2135530710220337,2.059614896774292,2.1086530685424805,2.035094976425171,2.059614896774292,2350808
2003-12-04,1.2568938732147217,2.133172035217285,2.15769100189209,2.035094976425171,2.084134101867676,4207514
2003-12-05,1.4447053670883179,2.4519219398498535,2.4519219398498535,2.15769100189209,2.182210922241211,26247564
2003-12-08,1.4736002683639526,2.5009610652923584,2.5990378856658936,2.402884006500244,2.427402973175049,14224754
2003-12-09,1.4158118963241577,2.402884006500244,2.5499989986419678,2.3783650398254395,2.5499989986419678,6673946
2003-12-10,1.4302586317062378,2.427402973175049,2.5499989986419678,2.3538448810577393,2.3538448810577393,5831749
2003-12-11,1.4447053670883179,2.4519219398498535,2.5009610652923584,2.402884006500244,2.427402973175049,2850823
2003-12-12,1.6180709600448608,2.7461531162261963,2.7461531162261963,2.427402973175049,2.4519219398498535,14600786
2003-12-15,1.4736002683639526,2.5009610652923584,2.7461531162261963,2.4519219398498535,2.7461531162261963,7305317
2003-12-16,1.502493977546692,2.5499989986419678,2.5990378856658936,2.4519219398498535,2.5009610652923584,3654275
2003-12-17,1.4736002683639526,2.5009610652923584,2.5990378856658936,2.3783650398254395,2.5499989986419678,4724047
2003-12-18,1.4736002683639526,2.5009610652923584,2.5499989986419678,2.427402973175049,2.4519219398498535,2593067
2003-12-19,1.502493977546692,2.5499989986419678,2.5990378856658936,2.5009610652923584,2.5499989986419678,3097976
2003-12-22,1.502493977546692,2.5499989986419678,2.5990378856658936,2.5009610652923584,2.5499989986419678,2273521
2003-12-23,1.4447053670883179,2.4519219398498535,2.5499989986419678,2.427402973175049,2.5499989986419678,1943780
2003-12-24,1.4447053670883179,2.4519219398498535,2.5009610652923584,2.402884006500244,2.402884006500244,940078
2003-12-25,1.4447053670883179,2.4519219398498535,2.4519219398498535,2.4519219398498535,2.4519219398498535,0
2003-12-26,1.4447053670883179,2.4519219398498535,2.4519219398498535,2.4519219398498535,2.4519219398498535,0
2003-12-29,1.4302586317062378,2.427402973175049,2.4519219398498535,2.402884006500244,2.427402973175049,1469459
2003-12-30,1.4447053670883179,2.4519219398498535,2.5499989986419678,2.427402973175049,2.4519219398498535,4018618
2003-12-31,1.5313881635665894,2.5990378856658936,2.648076057434082,2.4519219398498535,2.4519219398498535,2653835
2004-01-01,1.5313881635665894,2.5990378856658936,2.5990378856658936,2.5990378856658936,2.5990378856658936,0
2004-01-02,1.5602823495864868,2.648076057434082,2.6971139907836914,2.5990378856658936,2.648076057434082,4108612
2004-01-05,1.704753041267395,2.89326810836792,2.9423069953918457,2.5499989986419678,2.648076057434082,8961946
2004-01-06,1.7336472272872925,2.9423069953918457,3.0894219875335693,2.7951910495758057,2.89326810836792,12205931
2004-01-07,1.8492236137390137,3.138461112976074,3.285576105117798,2.9423069953918457,2.9423069953918457,16493994
2004-01-08,1.8203296661376953,3.0894219875335693,3.1874990463256836,2.991344928741455,3.1874990463256836,5578071
2004-01-09,2.022587537765503,3.4326910972595215,3.5307679176330566,3.138461112976074,3.138461112976074,13162731
2004-01-12,1.9648000001907349,3.3346140384674072,3.5307679176330566,3.1874990463256836,3.3346140384674072,6844220
2004-01-13,1.8492236137390137,3.138461112976074,3.3346140384674072,2.991344928741455,3.3346140384674072,6506730
2004-01-14,1.9070112705230713,3.236536979675293,3.3346140384674072,3.138461112976074,3.138461112976074,3228486
2004-01-15,1.878117322921753,3.1874990463256836,3.285576105117798,3.138461112976074,3.285576105117798,1681945
2004-01-16,1.8492236137390137,3.138461112976074,3.285576105117798,3.04038405418396,3.285576105117798,4021333
2004-01-19,1.9936941862106323,3.383652925491333,3.383652925491333,3.04038405418396,3.0894219875335693,2565333
2004-01-20,2.1381640434265137,3.628844976425171,3.677884101867676,3.3346140384674072,3.383652925491333,8701062
2004-01-21,2.1381640434265137,3.628844976425171,3.677884101867676,3.4817299842834473,3.628844976425171,2727818
2004-01-22,2.1381640434265137,3.628844976425171,3.628844976425171,3.628844976425171,3.628844976425171,0
2004-01-23,2.1381640434265137,3.628844976425171,3.628844976425171,3.628844976425171,3.628844976425171,0
2004-01-26,2.1381640434265137,3.628844976425171,3.726922035217285,3.5307679176330566,3.628844976425171,2556979
2004-01-27,2.224846839904785,3.7759599685668945,3.8249990940093994,3.5307679176330566,3.726922035217285,5496502
2004-01-28,2.1381640434265137,3.628844976425171,3.9230759143829346,3.5798070430755615,3.7759599685668945,4612706
2004-01-29,2.1092708110809326,3.5798070430755615,3.628844976425171,3.4817299842834473,3.5307679176330566,2990714
2004-01-30,2.080376625061035,3.5307679176330566,3.677884101867676,3.4817299842834473,3.628844976425171,3363075
2004-02-02,1.9070112705230713,3.236536979675293,3.5307679176330566,3.236536979675293,3.5307679176330566,4132267
2004-02-03,1.9648000001907349,3.3346140384674072,3.3346140384674072,3.1874990463256836,3.236536979675293,2298604
2004-02-04,1.9936941862106323,3.383652925491333,3.4817299842834473,3.3346140384674072,3.383652925491333,2684016
2004-02-05,1.9070112705230713,3.236536979675293,3.4326910972595215,3.236536979675293,3.4326910972595215,868298
2004-02-06,2.0514824390411377,3.4817299842834473,3.4817299842834473,3.285576105117798,3.3346140384674072,3411200
2004-02-09,2.080376625061035,3.5307679176330566,3.628844976425171,3.4817299842834473,3.4817299842834473,3074678
2004-02-10,2.1092708110809326,3.5798070430755615,3.5798070430755615,3.4817299842834473,3.5798070430755615,2799027
2004-02-11,2.1670589447021484,3.677884101867676,3.726922035217285,3.5798070430755615,3.5798070430755615,4784000
2004-02-12,2.1092708110809326,3.5798070430755615,3.7759599685668945,3.5307679176330566,3.7759599685668945,2360188
2004-02-13,2.1381640434265137,3.628844976425171,3.628844976425171,3.5307679176330566,3.5798070430755615,1535937
2004-02-16,2.080376625061035,3.5307679176330566,3.628844976425171,3.5307679176330566,3.5798070430755615,1083231
2004-02-17,2.2537412643432617,3.8249990940093994,3.874037027359009,3.5798070430755615,3.5798070430755615,10145915
2004-02-18,2.195953369140625,3.726922035217285,3.9230759143829346,3.677884101867676,3.874037027359009,5726118
2004-02-19,2.1381640434265137,3.628844976425171,3.726922035217285,3.5798070430755615,3.726922035217285,2730918
2004-02-20,2.1092708110809326,3.5798070430755615,3.628844976425171,3.5307679176330566,3.5798070430755615,1384219
2004-02-23,2.1381640434265137,3.628844976425171,3.677884101867676,3.4817299842834473,3.5798070430755615,1316110
2004-02-24,2.1381640434265137,3.628844976425171,3.726922035217285,3.628844976425171,3.628844976425171,2142400
2004-02-25,2.1381640434265137,3.628844976425171,3.726922035217285,3.5307679176330566,3.628844976425171,4021333
2004-02-26,2.1670589447021484,3.677884101867676,3.9230759143829346,3.5798070430755615,3.628844976425171,24064380
2004-02-27,2.1670589447021484,3.677884101867676,3.677884101867676,3.677884101867676,3.677884101867676,0
2004-03-01,2.0514824390411377,3.4817299842834473,3.628844976425171,3.4817299842834473,3.628844976425171,4797051
2004-03-02,2.0514824390411377,3.4817299842834473,3.4817299842834473,3.4817299842834473,3.4817299842834473,0
2004-03-03,2.022587537765503,3.4326910972595215,3.5307679176330566,3.285576105117798,3.383652925491333,70155963
2004-03-04,2.022587537765503,3.4326910972595215,3.4326910972595215,3.3346140384674072,3.4326910972595215,4124926
2004-03-05,1.9936941862106323,3.383652925491333,3.4326910972595215,3.383652925491333,3.4326910972595215,3812518
2004-03-08,2.0514824390411377,3.4817299842834473,3.628844976425171,3.4326910972595215,3.4326910972595215,4783185
2004-03-09,1.9070112705230713,3.236536979675293,3.4326910972595215,3.1874990463256836,3.4326910972595215,7543467
2004-03-10,1.8203296661376953,3.0894219875335693,3.236536979675293,2.991344928741455,3.236536979675293,9384064
2004-03-11,1.7625412940979004,2.991344928741455,2.991344928741455,2.8442299365997314,2.991344928741455,5010353
2004-03-12,1.8203296661376953,3.0894219875335693,3.138461112976074,2.7951910495758057,2.89326810836792,7930103
2004-03-15,1.9359060525894165,3.285576105117798,3.4326910972595215,3.138461112976074,3.138461112976074,17376567
2004-03-16,1.9936941862106323,3.383652925491333,3.383652925491333,3.236536979675293,3.236536979675293,6162918
2004-03-17,1.9648000001907349,3.3346140384674072,3.4326910972595215,3.285576105117798,3.383652925491333,1931545
2004-03-18,1.878117322921753,3.1874990463256836,3.3346140384674072,3.138461112976074,3.3346140384674072,1965396
2004-03-19,1.7336472272872925,2.9423069953918457,3.1874990463256836,2.89326810836792,3.1874990463256836,5622934
2004-03-22,1.704753041267395,2.89326810836792,2.9423069953918457,2.6971139907836914,2.8442299365997314,6560565
2004-03-23,1.7336472272872925,2.9423069953918457,2.991344928741455,2.7951910495758057,2.7951910495758057,3101239
2004-03-24,1.7336472272872925,2.9423069953918457,2.991344928741455,2.89326810836792,2.9423069953918457,1772894
2004-03-25,1.6758592128753662,2.8442299365997314,2.9423069953918457,2.8442299365997314,2.89326810836792,918870
2004-03-26,1.6758592128753662,2.8442299365997314,2.991344928741455,2.8442299365997314,2.991344928741455,2090196
2004-03-29,1.704753041267395,2.89326810836792,2.89326810836792,2.7951910495758057,2.8442299365997314,1218227
2004-03-30,1.704753041267395,2.89326810836792,2.9423069953918457,2.8442299365997314,2.89326810836792,1065286
2004-03-31,1.6469643115997314,2.7951910495758057,2.89326810836792,2.7951910495758057,2.89326810836792,869113
2004-04-01,1.5313881635665894,2.5990378856658936,2.7951910495758057,2.5499989986419678,2.7951910495758057,2904047
2004-04-02,1.5602823495864868,2.648076057434082,2.7461531162261963,2.5990378856658936,2.5990378856658936,1473686
2004-04-05,1.5602823495864868,2.648076057434082,2.648076057434082,2.648076057434082,2.648076057434082,0
2004-04-06,1.6758592128753662,2.8442299365997314,2.8442299365997314,2.6971139907836914,2.7461531162261963,1017160
2004-04-07,1.6758592128753662,2.8442299365997314,2.8442299365997314,2.7951910495758057,2.8442299365997314,917647
2004-04-08,1.704753041267395,2.89326810836792,2.89326810836792,2.7951910495758057,2.8442299365997314,1052643
2004-04-09,1.704753041267395,2.89326810836792,2.89326810836792,2.89326810836792,2.89326810836792,0
2004-04-12,1.704753041267395,2.89326810836792,2.89326810836792,2.89326810836792,2.89326810836792,0
2004-04-13,1.6469643115997314,2.7951910495758057,2.89326810836792,2.7461531162261963,2.8442299365997314,1417255
2004-04-14,1.5891762971878052,2.6971139907836914,2.7461531162261963,2.648076057434082,2.6971139907836914,2247623
2004-04-15,1.5891762971878052,2.6971139907836914,2.6971139907836914,2.5499989986419678,2.6971139907836914,2505380
2004-04-16,1.6180709600448608,2.7461531162261963,2.7951910495758057,2.7461531162261963,2.7461531162261963,906635
2004-04-19,1.5891762971878052,2.6971139907836914,2.7951910495758057,2.6971139907836914,2.7951910495758057,685176
2004-04-20,1.401364803314209,2.3783650398254395,2.7461531162261963,2.3538448810577393,2.7461531162261963,3090227
2004-04-21,1.2424471378326416,2.1086530685424805,2.3538448810577393,2.084134101867676,2.3538448810577393,5371702
2004-04-22,1.2568938732147217,2.133172035217285,2.2312490940093994,2.084134101867676,2.182210922241211,5878244
2004-04-23,1.3435766696929932,2.280287981033325,2.30480694770813,2.182210922241211,2.2312490940093994,7551216
2004-04-26,1.2857884168624878,2.182210922241211,2.255768060684204,2.133172035217285,2.255768060684204,2332047
2004-04-27,1.3002351522445679,2.2067298889160156,2.2312490940093994,2.133172035217285,2.15769100189209,2040847
2004-04-28,1.2424471378326416,2.1086530685424805,2.2067298889160156,2.084134101867676,2.2067298889160156,3375718
2004-04-29,1.1268701553344727,1.912498950958252,2.035094976425171,1.8879799842834473,2.035094976425171,5691451
2004-04-30,1.0690819025039673,1.8144220113754272,1.912498950958252,1.7653839588165283,1.8879799842834473,5723671
2004-05-03,1.0257412195205688,1.7408649921417236,1.8144220113754272,1.716344952583313,1.7653839588165283,6444738
2004-05-04,1.0546350479125977,1.7899030447006226,1.8144220113754272,1.7653839588165283,1.7899030447006226,4873318
2004-05-05,0.9968468546867371,1.6918259859085083,1.7899030447006226,1.6673070192337036,1.7899030447006226,5502620
2004-05-06,1.0112935304641724,1.716344952583313,1.7408649921417236,1.6673070192337036,1.6673070192337036,3453208
2004-05-07,0.9968468546867371,1.6918259859085083,1.6918259859085083,1.6673070192337036,1.6673070192337036,1779827
2004-05-10,0.8957177400588989,1.52019202709198,1.6182680130004883,1.52019202709198,1.6182680130004883,3572706
2004-05-11,0.9246114492416382,1.5692299604415894,1.5937490463256836,1.52019202709198,1.5692299604415894,2597553
2004-05-12,0.9246114492416382,1.5692299604415894,1.6182680130004883,1.5692299604415894,1.5692299604415894,1389521
2004-05-13,0.8812704086303711,1.4956719875335693,1.5692299604415894,1.4956719875335693,1.5692299604415894,2070619
2004-05-14,0.8379296064376831,1.4221149682998657,1.4956719875335693,1.3730759620666504,1.4956719875335693,3208910
2004-05-17,0.7801411747932434,1.324038028717041,1.3975950479507446,1.2749990224838257,1.3730759620666504,2653835
2004-05-18,0.8234819173812866,1.3975950479507446,1.3975950479507446,1.324038028717041,1.324038028717041,1422964
2004-05-19,0.8957177400588989,1.52019202709198,1.52019202709198,1.44663405418396,1.44663405418396,2359780
2004-05-20,0.8812704086303711,1.4956719875335693,1.5447109937667847,1.4956719875335693,1.4956719875335693,703529
2004-05-21,0.9390584230422974,1.5937490463256836,1.6182680130004883,1.4956719875335693,1.52019202709198,1872815
2004-05-24,0.9824000000953674,1.6673070192337036,1.6673070192337036,1.5692299604415894,1.6182680130004883,2475200
2004-05-25,1.0401883125305176,1.7653839588165283,1.7653839588165283,1.6182680130004883,1.642788052558899,3800282
2004-05-26,1.0401883125305176,1.7653839588165283,1.7653839588165283,1.7653839588165283,1.7653839588165283,0
2004-05-27,1.1124234199523926,1.8879799842834473,1.912498950958252,1.8144220113754272,1.838942050933838,6598902
2004-05-28,1.1124234199523926,1.8879799842834473,1.9615379571914673,1.8879799842834473,1.912498950958252,4838651
2004-05-31,1.0979766845703125,1.8634610176086426,1.912498950958252,1.8144220113754272,1.912498950958252,2014337
2004-06-01,1.0979766845703125,1.8634610176086426,1.912498950958252,1.838942050933838,1.8634610176086426,2219890
2004-06-02,1.1124234199523926,1.8879799842834473,1.8879799842834473,1.838942050933838,1.8634610176086426,1543686
2004-06-03,1.1124234199523926,1.8879799842834473,2.084134101867676,1.8879799842834473,1.9860570430755615,12152095
2004-06-04,1.1702117919921875,1.9860570430755615,1.9860570430755615,1.912498950958252,1.912498950958252,4555200
2004-06-07,1.2135530710220337,2.059614896774292,2.084134101867676,2.010576009750366,2.035094976425171,3859420
2004-06-08,1.1846586465835571,2.010576009750366,2.1086530685424805,2.010576009750366,2.084134101867676,3334526
2004-06-09,1.2280000448226929,2.084134101867676,2.133172035217285,2.035094976425171,2.084134101867676,4485867
2004-06-10,1.2280000448226929,2.084134101867676,2.084134101867676,2.010576009750366,2.035094976425171,3164047
2004-06-11,1.2135530710220337,2.059614896774292,2.084134101867676,2.035094976425171,2.084134101867676,1048157
2004-06-14,1.1413172483444214,1.9370180368423462,2.059614896774292,1.9370180368423462,2.059614896774292,2600408
2004-06-15,1.1413172483444214,1.9370180368423462,1.9615379571914673,1.8879799842834473,1.912498950958252,1819796
2004-06-16,1.1124234199523926,1.8879799842834473,1.9370180368423462,1.838942050933838,1.9370180368423462,1303059
2004-06-17,1.0690819025039673,1.8144220113754272,1.8634610176086426,1.8144220113754272,1.838942050933838,1170509
2004-06-18,1.0690819025039673,1.8144220113754272,1.8144220113754272,1.6918259859085083,1.8144220113754272,2164831
2004-06-21,1.0690819025039673,1.8144220113754272,1.8144220113754272,1.7653839588165283,1.8144220113754272,328721
2004-06-22,1.0690819025039673,1.8144220113754272,1.8144220113754272,1.8144220113754272,1.8144220113754272,0
2004-06-23,1.0835294723510742,1.838942050933838,1.838942050933838,1.7653839588165283,1.8144220113754272,303843
2004-06-24,1.1268701553344727,1.912498950958252,1.912498950958252,1.7899030447006226,1.8879799842834473,2357741
2004-06-25,1.0979766845703125,1.8634610176086426,1.912498950958252,1.8634610176086426,1.912498950958252,445772
2004-06-28,1.0835294723510742,1.838942050933838,1.8634610176086426,1.8144220113754272,1.838942050933838,511027
2004-06-29,1.0835294723510742,1.838942050933838,1.8634610176086426,1.838942050933838,1.838942050933838,1537161
2004-06-30,1.1124234199523926,1.8879799842834473,1.912498950958252,1.8634610176086426,1.8879799842834473,1259419
2004-07-01,1.1124234199523926,1.8879799842834473,1.8879799842834473,1.8879799842834473,1.8879799842834473,0
2004-07-02,1.1268701553344727,1.912498950958252,1.912498950958252,1.8634610176086426,1.8879799842834473,683137
2004-07-05,1.1268701553344727,1.912498950958252,1.912498950958252,1.8879799842834473,1.8879799842834473,421302
2004-07-06,1.1991055011749268,2.035094976425171,2.035094976425171,1.912498950958252,1.912498950958252,3848000
2004-07-07,1.2135530710220337,2.059614896774292,2.084134101867676,2.010576009750366,2.010576009750366,3281914
2004-07-08,1.1846586465835571,2.010576009750366,2.059614896774292,1.9615379571914673,2.059614896774292,1816533
2004-07-09,1.1702117919921875,1.9860570430755615,2.035094976425171,1.9860570430755615,2.035094976425171,416000
2004-07-12,1.1846586465835571,2.010576009750366,2.010576009750366,1.9615379571914673,1.9860570430755615,700266
2004-07-13,1.1557649374008179,1.9615379571914673,1.9615379571914673,1.9370180368423462,1.9615379571914673,586886
2004-07-14,1.1124234199523926,1.8879799842834473,1.9615379571914673,1.8634610176086426,1.9615379571914673,787545
2004-07-15,1.1124234199523926,1.8879799842834473,1.9370180368423462,1.838942050933838,1.838942050933838,357678
2004-07-16,1.1413172483444214,1.9370180368423462,1.9370180368423462,1.912498950958252,1.912498950958252,83607
2004-07-19,1.1702117919921875,1.9860570430755615,1.9860570430755615,1.912498950958252,1.912498950958252,371902
2004-07-20,1.1557649374008179,1.9615379571914673,2.010576009750366,1.9370180368423462,1.9615379571914673,493082
2004-07-21,1.1702117919921875,1.9860570430755615,2.010576009750366,1.9615379571914673,1.9615379571914673,487780
2004-07-22,1.1268701553344727,1.912498950958252,1.9615379571914673,1.912498950958252,1.9615379571914673,353600
2004-07-23,1.1268701553344727,1.912498950958252,1.9370180368423462,1.912498950958252,1.912498950958252,547733
2004-07-26,1.1413172483444214,1.9370180368423462,1.9370180368423462,1.8634610176086426,1.912498950958252,194949
2004-07-27,1.1124234199523926,1.8879799842834473,1.9370180368423462,1.8879799842834473,1.9370180368423462,208407
2004-07-28,1.1124234199523926,1.8879799842834473,1.912498950958252,1.8879799842834473,1.912498950958252,466980
2004-07-29,1.1124234199523926,1.8879799842834473,1.8879799842834473,1.8879799842834473,1.8879799842834473,326274
2004-07-30,1.1413172483444214,1.9370180368423462,1.9370180368423462,1.912498950958252,1.912498950958252,845051
2004-08-02,1.1124234199523926,1.8879799842834473,1.9370180368423462,1.8879799842834473,1.9370180368423462,303843
2004-08-03,1.1124234199523926,1.8879799842834473,1.8879799842834473,1.8634610176086426,1.8879799842834473,215137
2004-08-04,1.1124234199523926,1.8879799842834473,1.9370180368423462,1.8634610176086426,1.8634610176086426,630729
2004-08-05,1.0979766845703125,1.8634610176086426,1.912498950958252,1.8634610176086426,1.8634610176086426,405702
2004-08-06,1.0835294723510742,1.838942050933838,1.8634610176086426,1.838942050933838,1.8634610176086426,354109
2004-08-09,1.0835294723510742,1.838942050933838,1.8634610176086426,1.838942050933838,1.838942050933838,176392
2004-08-10,1.0401883125305176,1.7653839588165283,1.838942050933838,1.7653839588165283,1.838942050933838,171294
2004-08-11,1.0257412195205688,1.7408649921417236,1.7899030447006226,1.7408649921417236,1.7899030447006226,357678
2004-08-12,1.0401883125305176,1.7653839588165283,1.8144220113754272,1.716344952583313,1.7408649921417236,339733
2004-08-13,1.0257412195205688,1.7408649921417236,1.7653839588165283,1.716344952583313,1.716344952583313,245521
2004-08-16,0.9968468546867371,1.6918259859085083,1.7408649921417236,1.6918259859085083,1.716344952583313,396015
2004-08-17,1.0112935304641724,1.716344952583313,1.7408649921417236,1.6918259859085083,1.7408649921417236,481662
2004-08-18,1.0112935304641724,1.716344952583313,1.716344952583313,1.716344952583313,1.716344952583313,0
2004-08-19,1.0112935304641724,1.716344952583313,1.716344952583313,1.716344952583313,1.716344952583313,0
2004-08-20,1.0690819025039673,1.8144220113754272,1.8634610176086426,1.6673070192337036,1.6673070192337036,303843
2004-08-23,1.0835294723510742,1.838942050933838,1.8634610176086426,1.8144220113754272,1.8144220113754272,367874
2004-08-24,1.1124234199523926,1.8879799842834473,1.8879799842834473,1.838942050933838,1.8634610176086426,540392
2004-08-25,1.1557649374008179,1.9615379571914673,2.035094976425171,1.8879799842834473,1.912498950958252,3699953
2004-08-26,1.1702117919921875,1.9860570430755615,2.010576009750366,1.9370180368423462,1.9860570430755615,1272062
2004-08-27,1.1268701553344727,1.912498950958252,2.010576009750366,1.8634610176086426,2.010576009750366,995545
2004-08-30,1.1268701553344727,1.912498950958252,1.912498950958252,1.8879799842834473,1.912498950958252,272847
2004-08-31,1.1268701553344727,1.912498950958252,1.9370180368423462,1.8634610176086426,1.8634610176086426,252047
2004-09-01,1.1413172483444214,1.9370180368423462,1.9370180368423462,1.8879799842834473,1.912498950958252,745945
2004-09-02,1.1557649374008179,1.9615379571914673,2.010576009750366,1.8879799842834473,1.912498950958252,1368721
2004-09-03,1.1413172483444214,1.9370180368423462,1.9615379571914673,1.912498950958252,1.9615379571914673,441286
2004-09-06,1.1268701553344727,1.912498950958252,1.912498950958252,1.8879799842834473,1.912498950958252,438839
2004-09-07,1.1268701553344727,1.912498950958252,1.912498950958252,1.8879799842834473,1.912498950958252,626447
2004-09-08,1.1557649374008179,1.9615379571914673,1.9615379571914673,1.9370180368423462,1.9370180368423462,976784
2004-09-09,1.1268701553344727,1.912498950958252,1.9615379571914673,1.912498950958252,1.9615379571914673,446996
2004-09-10,1.1124234199523926,1.8879799842834473,1.9370180368423462,1.8879799842834473,1.9370180368423462,314039
2004-09-13,1.1268701553344727,1.912498950958252,1.912498950958252,1.8879799842834473,1.912498950958252,390305
2004-09-14,1.1557649374008179,1.9615379571914673,1.9860570430755615,1.912498950958252,1.912498950958252,1322635
2004-09-15,1.1557649374008179,1.9615379571914673,1.9615379571914673,1.9370180368423462,1.9615379571914673,820172
2004-09-16,1.2424471378326416,2.1086530685424805,2.1086530685424805,1.9615379571914673,1.9615379571914673,6113977
2004-09-17,1.2135530710220337,2.059614896774292,2.1086530685424805,2.035094976425171,2.084134101867676,3374086
2004-09-20,1.2857884168624878,2.182210922241211,2.182210922241211,2.059614896774292,2.059614896774292,7316299
2004-09-21,1.3146820068359375,2.2312490940093994,2.280287981033325,2.182210922241211,2.2312490940093994,7854652
2004-09-22,1.2424471378326416,2.1086530685424805,2.2067298889160156,2.084134101867676,2.2067298889160156,4634730
2004-09-23,1.2424471378326416,2.1086530685424805,2.133172035217285,2.059614896774292,2.059614896774292,1997208
2004-09-24,1.2135530710220337,2.059614896774292,2.084134101867676,2.010576009750366,2.059614896774292,1789615
2004-09-27,1.2280000448226929,2.084134101867676,2.084134101867676,1.9860570430755615,2.035094976425171,663560
2004-09-28,1.2135530710220337,2.059614896774292,2.084134101867676,2.035094976425171,2.084134101867676,568941
2004-09-29,1.2135530710220337,2.059614896774292,2.059614896774292,2.059614896774292,2.059614896774292,0
2004-09-30,1.2424471378326416,2.1086530685424805,2.15769100189209,2.059614896774292,2.084134101867676,1203953
2004-10-01,1.2424471378326416,2.1086530685424805,2.1086530685424805,2.1086530685424805,2.1086530685424805,0
2004-10-04,1.2424471378326416,2.1086530685424805,2.182210922241211,2.1086530685424805,2.133172035217285,3879812
2004-10-05,1.2280000448226929,2.084134101867676,2.133172035217285,2.059614896774292,2.133172035217285,1065500
2004-10-06,1.2135530710220337,2.059614896774292,2.133172035217285,2.059614896774292,2.1086530685424805,1059576
2004-10-07,1.3146820068359375,2.2312490940093994,2.2312490940093994,2.1086530685424805,2.1086530685424805,6418636
2004-10-08,1.3002351522445679,2.2067298889160156,2.30480694770813,2.15769100189209,2.2067298889160156,6215122
2004-10-11,1.2857884168624878,2.182210922241211,2.2067298889160156,2.15769100189209,2.2067298889160156,1869961
2004-10-12,1.2857884168624878,2.182210922241211,2.182210922241211,2.133172035217285,2.15769100189209,1036737
2004-10-13,1.2568938732147217,2.133172035217285,2.15769100189209,2.1086530685424805,2.15769100189209,962917
2004-10-14,1.2713409662246704,2.15769100189209,2.182210922241211,2.059614896774292,2.1086530685424805,1633412
2004-10-15,1.2424471378326416,2.1086530685424805,2.15769100189209,2.084134101867676,2.084134101867676,1559592
2004-10-18,1.2280000448226929,2.084134101867676,2.133172035217285,2.084134101867676,2.084134101867676,1005333
2004-10-19,1.2424471378326416,2.1086530685424805,2.133172035217285,2.059614896774292,2.1086530685424805,838117
2004-10-20,1.3146820068359375,2.2312490940093994,2.2312490940093994,2.084134101867676,2.084134101867676,5165741
2004-10-21,1.2857884168624878,2.182210922241211,2.2312490940093994,2.133172035217285,2.2312490940093994,1742713
2004-10-22,1.2857884168624878,2.182210922241211,2.182210922241211,2.182210922241211,2.182210922241211,0
2004-10-25,1.2424471378326416,2.1086530685424805,2.1086530685424805,2.084134101867676,2.1086530685424805,892360
2004-10-26,1.2713409662246704,2.15769100189209,2.182210922241211,2.1086530685424805,2.133172035217285,1810415
2004-10-27,1.3146820068359375,2.2312490940093994,2.3293259143829346,2.15769100189209,2.15769100189209,9444017
2004-10-28,1.3580234050750732,2.30480694770813,2.3293259143829346,2.2312490940093994,2.280287981033325,4963859
2004-10-29,1.3435766696929932,2.280287981033325,2.30480694770813,2.255768060684204,2.30480694770813,3314949
2004-11-01,1.4302586317062378,2.427402973175049,2.4519219398498535,2.255768060684204,2.280287981033325,11125554
2004-11-02,1.401364803314209,2.3783650398254395,2.4519219398498535,2.3538448810577393,2.4519219398498535,6552001
2004-11-03,1.4447053670883179,2.4519219398498535,2.5009610652923584,2.3293259143829346,2.3783650398254395,7392769
2004-11-04,1.4302586317062378,2.427402973175049,2.5009610652923584,2.427402973175049,2.5009610652923584,2613867
2004-11-05,1.4736002683639526,2.5009610652923584,2.5990378856658936,2.427402973175049,2.4519219398498535,6097663
2004-11-08,1.4736002683639526,2.5009610652923584,2.5990378856658936,2.5009610652923584,2.5009610652923584,3782745
2004-11-09,1.502493977546692,2.5499989986419678,2.5499989986419678,2.4519219398498535,2.5009610652923584,3171796
2004-11-10,1.5313881635665894,2.5990378856658936,2.648076057434082,2.5499989986419678,2.5499989986419678,8563483
2004-11-11,1.502493977546692,2.5499989986419678,2.648076057434082,2.5499989986419678,2.5990378856658936,2119153
2004-11-12,1.4302586317062378,2.427402973175049,2.5990378856658936,2.427402973175049,2.5990378856658936,5893334
2004-11-15,1.502493977546692,2.5499989986419678,2.5499989986419678,2.4519219398498535,2.4519219398498535,3277020
2004-11-16,1.4447053670883179,2.4519219398498535,2.5009610652923584,2.427402973175049,2.5009610652923584,2442980
2004-11-17,1.4447053670883179,2.4519219398498535,2.5009610652923584,2.402884006500244,2.4519219398498535,1902180
2004-11-18,1.4302586317062378,2.427402973175049,2.5009610652923584,2.427402973175049,2.4519219398498535,1944596
2004-11-19,1.4447053670883179,2.4519219398498535,2.4519219398498535,2.402884006500244,2.4519219398498535,1356486
2004-11-22,1.4158118963241577,2.402884006500244,2.427402973175049,2.3783650398254395,2.427402973175049,1568564
2004-11-23,1.4736002683639526,2.5009610652923584,2.5499989986419678,2.402884006500244,2.402884006500244,3826792
2004-11-24,1.5602823495864868,2.648076057434082,2.648076057434082,2.5499989986419678,2.5499989986419678,7592816
2004-11-25,1.502493977546692,2.5499989986419678,2.648076057434082,2.4519219398498535,2.648076057434082,3618792
2004-11-26,1.502493977546692,2.5499989986419678,2.5990378856658936,2.4519219398498535,2.5499989986419678,4702839
2004-11-29,1.4736002683639526,2.5009610652923584,2.5990378856658936,2.5009610652923584,2.5009610652923584,997584
2004-11-30,1.4736002683639526,2.5009610652923584,2.5499989986419678,2.4519219398498535,2.5499989986419678,1703968
2004-12-01,1.4447053670883179,2.4519219398498535,2.4519219398498535,2.427402973175049,2.4519219398498535,1200690
2004-12-02,1.4447053670883179,2.4519219398498535,2.5009610652923584,2.427402973175049,2.4519219398498535,1430102
2004-12-03,1.386917233467102,2.3538448810577393,2.427402973175049,2.3293259143829346,2.402884006500244,2382212
2004-12-06,1.372470498085022,2.3293259143829346,2.3538448810577393,2.30480694770813,2.30480694770813,1065286
2004-12-07,1.386917233467102,2.3538448810577393,2.402884006500244,2.3293259143829346,2.3293259143829346,1556737
2004-12-08,1.3580234050750732,2.30480694770813,2.3538448810577393,2.30480694770813,2.3538448810577393,710462
2004-12-09,1.372470498085022,2.3293259143829346,2.3293259143829346,2.280287981033325,2.30480694770813,833631
2004-12-10,1.3580234050750732,2.30480694770813,2.3293259143829346,2.280287981033325,2.3293259143829346,1233725
2004-12-13,1.3580234050750732,2.30480694770813,2.30480694770813,2.182210922241211,2.30480694770813,1292455
2004-12-14,1.372470498085022,2.3293259143829346,2.3783650398254395,2.30480694770813,2.30480694770813,1405427
2004-12-15,1.372470498085022,2.3293259143829346,2.3783650398254395,2.3293259143829346,2.3293259143829346,405396
2004-12-16,1.3580234050750732,2.30480694770813,2.3293259143829346,2.2312490940093994,2.3293259143829346,1411545
2004-12-17,1.3291293382644653,2.255768060684204,2.280287981033325,2.2312490940093994,2.255768060684204,1025725
2004-12-20,1.3580234050750732,2.30480694770813,2.30480694770813,2.2312490940093994,2.255768060684204,872784
2004-12-21,1.3146820068359375,2.2312490940093994,2.280287981033325,2.2312490940093994,2.280287981033325,575058
2004-12-22,1.3435766696929932,2.280287981033325,2.280287981033325,2.2067298889160156,2.2312490940093994,609725
2004-12-23,1.3435766696929932,2.280287981033325,2.30480694770813,2.255768060684204,2.30480694770813,743905
2004-12-24,1.3435766696929932,2.280287981033325,2.30480694770813,2.255768060684204,2.280287981033325,1212109
2004-12-27,1.3435766696929932,2.280287981033325,2.280287981033325,2.280287981033325,2.280287981033325,0
2004-12-28,1.3580234050750732,2.30480694770813,2.30480694770813,2.255768060684204,2.280287981033325,555482
2004-12-29,1.4736002683639526,2.5009610652923584,2.5009610652923584,2.30480694770813,2.3293259143829346,5401475
2004-12-30,1.4158118963241577,2.402884006500244,2.5009610652923584,2.402884006500244,2.5009610652923584,2062055
2004-12-31,1.4302586317062378,2.427402973175049,2.4519219398498535,2.402884006500244,2.427402973175049,1132580
2005-01-03,1.4447053670883179,2.4519219398498535,2.4519219398498535,2.402884006500244,2.427402973175049,1058353
2005-01-04,1.4302586317062378,2.427402973175049,2.427402973175049,2.402884006500244,2.427402973175049,1940925
2005-01-05,1.386917233467102,2.3538448810577393,2.3783650398254395,2.30480694770813,2.3783650398254395,1372392
2005-01-06,1.401364803314209,2.3783650398254395,2.402884006500244,2.30480694770813,2.30480694770813,1065694
2005-01-07,1.3580234050750732,2.30480694770813,2.3783650398254395,2.2312490940093994,2.3538448810577393,2149333
2005-01-10,1.372470498085022,2.3293259143829346,2.3293259143829346,2.30480694770813,2.30480694770813,475137
2005-01-11,1.3580234050750732,2.30480694770813,2.3293259143829346,2.280287981033325,2.3293259143829346,694556
2005-01-12,1.3435766696929932,2.280287981033325,2.30480694770813,2.2312490940093994,2.2312490940093994,634400
2005-01-13,1.3435766696929932,2.280287981033325,2.3293259143829346,2.280287981033325,2.30480694770813,334839
2005-01-14,1.3291293382644653,2.255768060684204,2.280287981033325,2.2312490940093994,2.255768060684204,470651
2005-01-17,1.3435766696929932,2.280287981033325,2.280287981033325,2.255768060684204,2.255768060684204,304251
2005-01-18,1.386917233467102,2.3538448810577393,2.3783650398254395,2.2312490940093994,2.280287981033325,1252894
2005-01-19,1.372470498085022,2.3293259143829346,2.3538448810577393,2.3293259143829346,2.3538448810577393,686400
2005-01-20,1.372470498085022,2.3293259143829346,2.3293259143829346,2.30480694770813,2.30480694770813,368690
2005-01-21,1.372470498085022,2.3293259143829346,2.3538448810577393,2.30480694770813,2.30480694770813,350337
2005-01-24,1.3580234050750732,2.30480694770813,2.30480694770813,2.280287981033325,2.30480694770813,318933
2005-01-25,1.372470498085022,2.3293259143829346,2.3293259143829346,2.280287981033325,2.30480694770813,327090
2005-01-26,1.372470498085022,2.3293259143829346,2.3538448810577393,2.30480694770813,2.3293259143829346,2420141
2005-01-27,1.401364803314209,2.3783650398254395,2.3783650398254395,2.3293259143829346,2.3293259143829346,586070
2005-01-28,1.4302586317062378,2.427402973175049,2.427402973175049,2.3293259143829346,2.3783650398254395,1544910
2005-01-31,1.4302586317062378,2.427402973175049,2.4519219398498535,2.3783650398254395,2.3783650398254395,1982117
2005-02-01,1.4158118963241577,2.402884006500244,2.5990378856658936,2.402884006500244,2.5009610652923584,8005146
2005-02-02,1.4302586317062378,2.427402973175049,2.4519219398498535,2.402884006500244,2.402884006500244,1207215
2005-02-03,1.4158118963241577,2.402884006500244,2.4519219398498535,2.402884006500244,2.427402973175049,606054
2005-02-04,1.4736002683639526,2.5009610652923584,2.5009610652923584,2.427402973175049,2.427402973175049,1614651
2005-02-07,1.5313881635665894,2.5990378856658936,2.7461531162261963,2.5499989986419678,2.5499989986419678,10590625
2005-02-08,1.5891762971878052,2.6971139907836914,2.7951910495758057,2.5990378856658936,2.648076057434082,3555577
2005-02-14,1.7914354801177979,3.04038405418396,3.0894219875335693,2.648076057434082,2.7461531162261963,15514967
2005-02-15,1.9936941862106323,3.383652925491333,3.5798070430755615,3.0894219875335693,3.0894219875335693,42996869
2005-02-16,1.9359060525894165,3.285576105117798,3.383652925491333,3.1874990463256836,3.383652925491333,11949805
2005-02-17,1.9070112705230713,3.236536979675293,3.285576105117798,3.0894219875335693,3.236536979675293,8075907
2005-02-18,1.9648000001907349,3.3346140384674072,3.4326910972595215,3.1874990463256836,3.1874990463256836,14755563
2005-02-21,1.9359060525894165,3.285576105117798,3.383652925491333,3.236536979675293,3.285576105117798,5659844
2005-02-22,1.9070112705230713,3.236536979675293,3.285576105117798,3.1874990463256836,3.285576105117798,4725271
2005-02-23,1.9359060525894165,3.285576105117798,3.383652925491333,3.138461112976074,3.138461112976074,9389366
2005-02-24,1.9648000001907349,3.3346140384674072,3.383652925491333,3.236536979675293,3.3346140384674072,5767922
2005-02-25,1.9359060525894165,3.285576105117798,3.285576105117798,3.1874990463256836,3.285576105117798,6528346
2005-02-28,2.022587537765503,3.4326910972595215,3.5307679176330566,3.285576105117798,3.3346140384674072,22103877
2005-03-01,1.9936941862106323,3.383652925491333,3.4817299842834473,3.3346140384674072,3.3346140384674072,8669930
2005-03-02,1.8492236137390137,3.138461112976074,3.4326910972595215,3.0894219875335693,3.4326910972595215,11486903
2005-03-03,1.8203296661376953,3.0894219875335693,3.1874990463256836,2.9423069953918457,3.138461112976074,9164236
2005-03-04,1.7625412940979004,2.991344928741455,3.138461112976074,2.9423069953918457,3.138461112976074,3775812
2005-03-07,1.7625412940979004,2.991344928741455,3.0894219875335693,2.9423069953918457,3.04038405418396,4924706
2005-03-08,1.8203296661376953,3.0894219875335693,3.138461112976074,3.04038405418396,3.0894219875335693,5086620
2005-03-09,1.9070112705230713,3.236536979675293,3.236536979675293,3.138461112976074,3.138461112976074,6250197
2005-03-10,1.9070112705230713,3.236536979675293,3.3346140384674072,3.1874990463256836,3.1874990463256836,8721318
2005-03-11,1.878117322921753,3.1874990463256836,3.285576105117798,3.138461112976074,3.285576105117798,2447467
2005-03-14,1.8492236137390137,3.138461112976074,3.236536979675293,3.138461112976074,3.1874990463256836,2198274
2005-03-15,1.8203296661376953,3.0894219875335693,3.1874990463256836,3.0894219875335693,3.1874990463256836,1763106
2005-03-16,1.878117322921753,3.1874990463256836,3.1874990463256836,3.04038405418396,3.0894219875335693,988204
2005-03-17,1.8203296661376953,3.0894219875335693,3.1874990463256836,3.0894219875335693,3.0894219875335693,1033882
2005-03-18,1.8492236137390137,3.138461112976074,3.1874990463256836,3.0894219875335693,3.138461112976074,1329160
2005-03-21,1.8203296661376953,3.0894219875335693,3.1874990463256836,3.0894219875335693,3.1874990463256836,604831
2005-03-22,1.7336472272872925,2.9423069953918457,3.0894219875335693,2.9423069953918457,3.0894219875335693,3537224
2005-03-23,1.6469643115997314,2.7951910495758057,2.89326810836792,2.7461531162261963,2.8442299365997314,6277114
2005-03-24,1.6758592128753662,2.8442299365997314,2.8442299365997314,2.648076057434082,2.7951910495758057,1937255
2005-03-29,1.6469643115997314,2.7951910495758057,2.7951910495758057,2.7461531162261963,2.7461531162261963,494305
2005-03-30,1.6758592128753662,2.8442299365997314,2.8442299365997314,2.7951910495758057,2.7951910495758057,725145
2005-03-31,1.7625412940979004,2.991344928741455,2.991344928741455,2.8442299365997314,2.8442299365997314,1553882
2005-04-01,1.7625412940979004,2.991344928741455,2.991344928741455,2.89326810836792,2.9423069953918457,630933
2005-04-04,1.8203296661376953,3.0894219875335693,3.0894219875335693,2.9423069953918457,2.991344928741455,1627702
2005-04-06,1.8492236137390137,3.138461112976074,3.138461112976074,2.991344928741455,3.04038405418396,1757396
2005-04-07,1.8203296661376953,3.0894219875335693,3.0894219875335693,3.04038405418396,3.0894219875335693,1186823
2005-04-08,1.9070112705230713,3.236536979675293,3.285576105117798,3.0894219875335693,3.0894219875335693,6164558
2005-04-11,1.9648000001907349,3.3346140384674072,3.3346140384674072,3.1874990463256836,3.1874990463256836,4052330
2005-04-12,1.8492236137390137,3.138461112976074,3.285576105117798,3.138461112976074,3.285576105117798,2912000
2005-04-13,1.8492236137390137,3.138461112976074,3.236536979675293,3.138461112976074,3.1874990463256836,2428706
2005-04-14,1.878117322921753,3.1874990463256836,3.1874990463256836,3.138461112976074,3.1874990463256836,1264721
2005-04-15,1.8492236137390137,3.138461112976074,3.138461112976074,3.0894219875335693,3.138461112976074,1694180
2005-04-18,1.7625412940979004,2.991344928741455,3.0894219875335693,2.89326810836792,2.991344928741455,4145726
2005-04-19,1.7914354801177979,3.04038405418396,3.04038405418396,2.89326810836792,3.04038405418396,2549020
2005-04-20,1.704753041267395,2.89326810836792,3.04038405418396,2.89326810836792,2.991344928741455,1366274
2005-04-21,1.6758592128753662,2.8442299365997314,2.89326810836792,2.7951910495758057,2.89326810836792,1236988
2005-04-22,1.6758592128753662,2.8442299365997314,2.9423069953918457,2.8442299365997314,2.9423069953918457,862180
2005-04-25,1.6758592128753662,2.8442299365997314,2.89326810836792,2.7951910495758057,2.89326810836792,834039
2005-04-26,1.6758592128753662,2.8442299365997314,2.9423069953918457,2.8442299365997314,2.89326810836792,941709
2005-04-27,1.704753041267395,2.89326810836792,2.89326810836792,2.8442299365997314,2.8442299365997314,376847
2005-04-28,1.704753041267395,2.89326810836792,2.89326810836792,2.8442299365997314,2.8442299365997314,246745
2005-04-29,1.704753041267395,2.89326810836792,2.89326810836792,2.7951910495758057,2.8442299365997314,792847
2005-05-03,1.6469643115997314,2.7951910495758057,2.8442299365997314,2.7461531162261963,2.8442299365997314,772862
2005-05-04,1.704753041267395,2.89326810836792,2.991344928741455,2.7951910495758057,2.7951910495758057,3976114
2005-05-05,1.704753041267395,2.89326810836792,2.991344928741455,2.89326810836792,2.9423069953918457,774902
2005-05-06,1.7336472272872925,2.9423069953918457,2.991344928741455,2.89326810836792,2.89326810836792,3598808
2005-05-09,1.7336472272872925,2.9423069953918457,2.9423069953918457,2.89326810836792,2.9423069953918457,432313
2005-05-10,1.7336472272872925,2.9423069953918457,2.991344928741455,2.89326810836792,2.9423069953918457,1060392
2005-05-11,1.704753041267395,2.89326810836792,2.9423069953918457,2.8442299365997314,2.89326810836792,792031
2005-05-12,1.704753041267395,2.89326810836792,2.991344928741455,2.89326810836792,2.89326810836792,1125239
2005-05-13,1.6469643115997314,2.7951910495758057,2.89326810836792,2.7461531162261963,2.89326810836792,1506572
2005-05-17,1.6469643115997314,2.7951910495758057,2.7951910495758057,2.6971139907836914,2.7461531162261963,666823
2005-05-18,1.6180709600448608,2.7461531162261963,2.7461531162261963,2.7461531162261963,2.7461531162261963,324235
2005-05-19,1.6469643115997314,2.7951910495758057,2.7951910495758057,2.6971139907836914,2.7461531162261963,438206
2005-05-20,1.5891762971878052,2.6971139907836914,2.7461531162261963,2.648076057434082,2.7461531162261963,1933992
2005-05-23,1.5602823495864868,2.648076057434082,2.6971139907836914,2.5990378856658936,2.6971139907836914,502054
2005-05-24,1.5891762971878052,2.6971139907836914,2.6971139907836914,2.648076057434082,2.648076057434082,473913
2005-05-25,1.5602823495864868,2.648076057434082,2.6971139907836914,2.648076057434082,2.6971139907836914,364203
2005-05-26,1.6469643115997314,2.7951910495758057,2.8442299365997314,2.648076057434082,2.648076057434082,3515608
2005-05-27,1.6469643115997314,2.7951910495758057,2.8442299365997314,2.7951910495758057,2.8442299365997314,1020423
2005-05-30,1.6469643115997314,2.7951910495758057,2.7951910495758057,2.7461531162261963,2.7951910495758057,223905
2005-05-31,1.6180709600448608,2.7461531162261963,2.7951910495758057,2.7461531162261963,2.7461531162261963,466980
2005-06-01,1.6180709600448608,2.7461531162261963,2.7951910495758057,2.7461531162261963,2.7461531162261963,385411
2005-06-02,1.6180709600448608,2.7461531162261963,2.7461531162261963,2.6971139907836914,2.7461531162261963,471466
2005-06-03,1.6180709600448608,2.7461531162261963,2.7461531162261963,2.7461531162261963,2.7461531162261963,79529
2005-06-06,1.6180709600448608,2.7461531162261963,2.7461531162261963,2.6971139907836914,2.6971139907836914,291607
2005-06-07,1.6180709600448608,2.7461531162261963,2.7951910495758057,2.7461531162261963,2.7461531162261963,342588
2005-06-08,1.6758592128753662,2.8442299365997314,2.8442299365997314,2.7461531162261963,2.7461531162261963,337694
2005-06-09,1.6180709600448608,2.7461531162261963,2.7951910495758057,2.7461531162261963,2.7951910495758057,369913
2005-06-10,1.704753041267395,2.89326810836792,2.89326810836792,2.7461531162261963,2.7951910495758057,1627702
2005-06-13,1.6469643115997314,2.7951910495758057,2.8442299365997314,2.7951910495758057,2.8442299365997314,452298
2005-06-14,1.6758592128753662,2.8442299365997314,2.89326810836792,2.8442299365997314,2.89326810836792,1282259
2005-06-15,1.6758592128753662,2.8442299365997314,2.8442299365997314,2.7951910495758057,2.8442299365997314,507356
2005-06-16,1.6469643115997314,2.7951910495758057,2.7951910495758057,2.7951910495758057,2.7951910495758057,222682
2005-06-17,1.6469643115997314,2.7951910495758057,2.8442299365997314,2.7461531162261963,2.7951910495758057,1303874
2005-06-20,1.6469643115997314,2.7951910495758057,2.7951910495758057,2.7951910495758057,2.7951910495758057,274886
2005-06-21,1.6469643115997314,2.7951910495758057,2.8442299365997314,2.7951910495758057,2.7951910495758057,225537
2005-06-22,1.6758592128753662,2.8442299365997314,2.8442299365997314,2.7951910495758057,2.7951910495758057,433945
2005-06-23,1.6758592128753662,2.8442299365997314,2.8442299365997314,2.7951910495758057,2.8442299365997314,564862
2005-06-24,1.6469643115997314,2.7951910495758057,2.8442299365997314,2.7951910495758057,2.8442299365997314,398870
2005-06-27,1.6469643115997314,2.7951910495758057,2.8442299365997314,2.7951910495758057,2.7951910495758057,777756
2005-06-28,1.7625412940979004,2.991344928741455,2.991344928741455,2.7461531162261963,2.7951910495758057,3844330
2005-06-29,1.704753041267395,2.89326810836792,2.991344928741455,2.8442299365997314,2.991344928741455,1163168
2005-06-30,1.6758592128753662,2.8442299365997314,2.89326810836792,2.8442299365997314,2.89326810836792,343403
2005-07-04,1.7336472272872925,2.9423069953918457,2.9423069953918457,2.89326810836792,2.89326810836792,1100768
2005-07-05,1.704753041267395,2.89326810836792,2.9423069953918457,2.89326810836792,2.9423069953918457,779796
2005-07-06,1.7625412940979004,2.991344928741455,2.991344928741455,2.8442299365997314,2.9423069953918457,1934808
2005-07-07,1.7625412940979004,2.991344928741455,3.0894219875335693,2.9423069953918457,2.9423069953918457,7552032
2005-07-08,1.7336472272872925,2.9423069953918457,2.991344928741455,2.8442299365997314,2.9423069953918457,1680721
2005-07-11,1.7625412940979004,2.991344928741455,2.991344928741455,2.9423069953918457,2.991344928741455,1490666
2005-07-12,1.8203296661376953,3.0894219875335693,3.0894219875335693,2.9423069953918457,2.991344928741455,4210981
2005-07-13,1.8492236137390137,3.138461112976074,3.1874990463256836,3.0894219875335693,3.138461112976074,3718510
2005-07-14,1.7625412940979004,2.991344928741455,3.138461112976074,2.9423069953918457,3.138461112976074,3622518
2005-07-15,1.704753041267395,2.89326810836792,2.991344928741455,2.89326810836792,2.991344928741455,1668894
2005-07-18,1.704753041267395,2.89326810836792,2.9423069953918457,2.8442299365997314,2.9423069953918457,1558776
2005-07-19,1.704753041267395,2.89326810836792,2.89326810836792,2.89326810836792,2.89326810836792,713113
2005-07-20,1.7336472272872925,2.9423069953918457,2.991344928741455,2.89326810836792,2.9423069953918457,3629804
2005-07-21,1.7625412940979004,2.991344928741455,2.991344928741455,2.9423069953918457,2.9423069953918457,1975184
2005-07-22,1.7914354801177979,3.04038405418396,3.04038405418396,2.991344928741455,2.991344928741455,2057976
2005-07-25,1.7914354801177979,3.04038405418396,3.138461112976074,2.991344928741455,3.04038405418396,2302274
2005-07-26,1.7625412940979004,2.991344928741455,2.991344928741455,2.9423069953918457,2.991344928741455,743498
2005-07-27,1.7625412940979004,2.991344928741455,3.04038405418396,2.9423069953918457,2.991344928741455,960878
2005-07-28,1.7625412940979004,2.991344928741455,3.04038405418396,2.9423069953918457,2.991344928741455,1099953
2005-07-29,1.8203296661376953,3.0894219875335693,3.0894219875335693,2.991344928741455,2.991344928741455,2572674
2005-08-01,1.878117322921753,3.1874990463256836,3.285576105117798,3.04038405418396,3.138461112976074,9027201
2005-08-02,1.878117322921753,3.1874990463256836,3.236536979675293,3.138461112976074,3.236536979675293,4155514
2005-08-03,2.080376625061035,3.5307679176330566,3.5798070430755615,3.138461112976074,3.236536979675293,28274545
2005-08-04,2.0514824390411377,3.4817299842834473,3.5307679176330566,3.383652925491333,3.5307679176330566,11692599
2005-08-05,2.022587537765503,3.4326910972595215,3.4817299842834473,3.4326910972595215,3.4817299842834473,1727215
2005-08-08,2.0514824390411377,3.4817299842834473,3.4817299842834473,3.4817299842834473,3.4817299842834473,0
2005-08-09,2.0514824390411377,3.4817299842834473,3.4817299842834473,3.4817299842834473,3.4817299842834473,0
2005-08-10,2.0514824390411377,3.4817299842834473,3.4817299842834473,3.4817299842834473,3.4817299842834473,0
2005-08-11,1.9359060525894165,3.285576105117798,3.4817299842834473,3.1874990463256836,3.4817299842834473,11085586
2005-08-12,1.9936941862106323,3.383652925491333,3.4817299842834473,3.285576105117798,3.285576105117798,5557271
2005-08-15,1.9648000001907349,3.3346140384674072,3.4326910972595215,3.3346140384674072,3.383652925491333,717804
2005-08-16,1.9648000001907349,3.3346140384674072,3.4326910972595215,3.285576105117798,3.383652925491333,1416847
2005-08-17,1.9359060525894165,3.285576105117798,3.3346140384674072,3.285576105117798,3.285576105117798,1921757
2005-08-18,1.8203296661376953,3.0894219875335693,3.3346140384674072,3.0894219875335693,3.3346140384674072,3286808
2005-08-19,1.8492236137390137,3.138461112976074,3.1874990463256836,3.04038405418396,3.138461112976074,2088565
2005-08-22,1.8492236137390137,3.138461112976074,3.138461112976074,3.0894219875335693,3.138461112976074,922133
2005-08-23,1.8203296661376953,3.0894219875335693,3.1874990463256836,3.04038405418396,3.138461112976074,1422557
2005-08-24,1.7914354801177979,3.04038405418396,3.0894219875335693,3.04038405418396,3.04038405418396,508580
2005-08-25,1.7914354801177979,3.04038405418396,3.0894219875335693,3.04038405418396,3.04038405418396,850353
2005-08-26,1.8492236137390137,3.138461112976074,3.138461112976074,3.04038405418396,3.04038405418396,555890
2005-08-29,1.8203296661376953,3.0894219875335693,3.138461112976074,3.04038405418396,3.0894219875335693,1039184
2005-08-30,1.8492236137390137,3.138461112976074,3.138461112976074,3.04038405418396,3.0894219875335693,1237804
2005-08-31,1.7625412940979004,2.991344928741455,3.0894219875335693,2.89326810836792,3.0894219875335693,3128157
2005-09-01,1.8203296661376953,3.0894219875335693,3.0894219875335693,2.991344928741455,2.991344928741455,1993945
2005-09-02,1.7914354801177979,3.04038405418396,3.04038405418396,2.991344928741455,3.04038405418396,970666
2005-09-05,1.7914354801177979,3.04038405418396,3.0894219875335693,2.991344928741455,3.0894219875335693,341772
2005-09-06,1.8203296661376953,3.0894219875335693,3.138461112976074,2.991344928741455,3.04038405418396,2224784
2005-09-07,1.7914354801177979,3.04038405418396,3.138461112976074,3.04038405418396,3.0894219875335693,1290823
2005-09-08,1.8203296661376953,3.0894219875335693,3.0894219875335693,3.04038405418396,3.0894219875335693,716580
2005-09-09,1.7625412940979004,2.991344928741455,3.0894219875335693,2.991344928741455,3.0894219875335693,1659106
2005-09-12,1.7625412940979004,2.991344928741455,3.04038405418396,2.9423069953918457,2.991344928741455,1099545
2005-09-13,1.7625412940979004,2.991344928741455,3.0894219875335693,2.9423069953918457,2.991344928741455,5451640
2005-09-14,1.8492236137390137,3.138461112976074,3.1874990463256836,3.04038405418396,3.04038405418396,6220016
2005-09-15,1.8492236137390137,3.138461112976074,3.1874990463256836,3.0894219875335693,3.138461112976074,3016408
2005-09-16,1.7914354801177979,3.04038405418396,3.138461112976074,3.04038405418396,3.138461112976074,1821835
2005-09-20,1.8492236137390137,3.138461112976074,3.138461112976074,3.04038405418396,3.0894219875335693,1615484
2005-09-21,1.7914354801177979,3.04038405418396,3.0894219875335693,2.991344928741455,3.0894219875335693,2314510
2005-09-22,1.7625412940979004,2.991344928741455,2.991344928741455,2.9423069953918457,2.991344928741455,1842227
2005-09-23,1.7914354801177979,3.04038405418396,3.04038405418396,2.9423069953918457,3.04038405418396,1189270
2005-09-26,1.7914354801177979,3.04038405418396,3.04038405418396,2.991344928741455,2.991344928741455,1454368
2005-09-27,1.8203296661376953,3.0894219875335693,3.138461112976074,3.04038405418396,3.04038405418396,3701584
2005-09-28,1.7914354801177979,3.04038405418396,3.0894219875335693,3.04038405418396,3.0894219875335693,1413584
2005-09-29,1.8492236137390137,3.138461112976074,3.138461112976074,3.04038405418396,3.04038405418396,1684392
2005-09-30,1.9070112705230713,3.236536979675293,3.236536979675293,3.0894219875335693,3.138461112976074,4104126
2005-10-03,1.9070112705230713,3.236536979675293,3.285576105117798,3.138461112976074,3.1874990463256836,4654714
2005-10-04,1.9359060525894165,3.285576105117798,3.383652925491333,3.236536979675293,3.236536979675293,3611859
2005-10-05,1.878117322921753,3.1874990463256836,3.236536979675293,3.1874990463256836,3.236536979675293,1849568
2005-10-06,1.8492236137390137,3.138461112976074,3.1874990463256836,3.04038405418396,3.138461112976074,2527404
2005-10-07,1.8203296661376953,3.0894219875335693,3.138461112976074,3.0894219875335693,3.138461112976074,727184
2005-10-10,1.8492236137390137,3.138461112976074,3.138461112976074,3.04038405418396,3.0894219875335693,900109
2005-10-12,1.7625412940979004,2.991344928741455,3.0894219875335693,2.89326810836792,3.0894219875335693,2616314
2005-10-13,1.7336472272872925,2.9423069953918457,2.991344928741455,2.9423069953918457,2.9423069953918457,500831
2005-10-14,1.704753041267395,2.89326810836792,2.9423069953918457,2.8442299365997314,2.9423069953918457,2486619
2005-10-17,1.7336472272872925,2.9423069953918457,3.04038405418396,2.89326810836792,2.89326810836792,3337788
2005-10-18,1.7336472272872925,2.9423069953918457,2.991344928741455,2.89326810836792,2.991344928741455,431905
2005-10-19,1.6758592128753662,2.8442299365997314,2.89326810836792,2.8442299365997314,2.89326810836792,939670
2005-10-20,1.6758592128753662,2.8442299365997314,2.9423069953918457,2.7951910495758057,2.8442299365997314,1577537
2005-10-21,1.6758592128753662,2.8442299365997314,2.8442299365997314,2.7461531162261963,2.7951910495758057,676611
2005-10-24,1.5313881635665894,2.5990378856658936,2.7951910495758057,2.4519219398498535,2.7951910495758057,5185318
2005-10-25,1.502493977546692,2.5499989986419678,2.6971139907836914,2.5009610652923584,2.648076057434082,3104502
2005-10-26,1.386917233467102,2.3538448810577393,2.5499989986419678,2.30480694770813,2.5499989986419678,4157961
2005-10-27,1.386917233467102,2.3538448810577393,2.3538448810577393,2.30480694770813,2.3538448810577393,1727623
2005-10-28,1.3291293382644653,2.255768060684204,2.30480694770813,2.2312490940093994,2.280287981033325,1202729
2005-10-31,1.3580234050750732,2.30480694770813,2.3538448810577393,2.2312490940093994,2.255768060684204,3577192
2005-11-01,1.4158118963241577,2.402884006500244,2.4519219398498535,2.3538448810577393,2.3538448810577393,4460173
2005-11-02,1.5602823495864868,2.648076057434082,2.648076057434082,2.3783650398254395,2.427402973175049,11030119
2005-11-03,1.6758592128753662,2.8442299365997314,2.8442299365997314,2.5499989986419678,2.5990378856658936,8485585
2005-11-04,1.6758592128753662,2.8442299365997314,2.8442299365997314,2.7461531162261963,2.8442299365997314,1150525
2005-11-07,1.5891762971878052,2.6971139907836914,2.7461531162261963,2.648076057434082,2.7461531162261963,996360
2005-11-08,1.5602823495864868,2.648076057434082,2.6971139907836914,2.5990378856658936,2.6971139907836914,636643
2005-11-09,1.5891762971878052,2.6971139907836914,2.7461531162261963,2.5990378856658936,2.5990378856658936,1011858
2005-11-10,1.5891762971878052,2.6971139907836914,2.6971139907836914,2.5990378856658936,2.6971139907836914,779388
2005-11-11,1.5602823495864868,2.648076057434082,2.7461531162261963,2.648076057434082,2.7461531162261963,585662
2005-11-14,1.5313881635665894,2.5990378856658936,2.648076057434082,2.5990378856658936,2.648076057434082,256941
2005-11-15,1.6180709600448608,2.7461531162261963,2.7951910495758057,2.5990378856658936,2.6971139907836914,1824282
2005-11-16,1.6180709600448608,2.7461531162261963,2.7461531162261963,2.6971139907836914,2.7461531162261963,1369537
2005-11-17,1.5602823495864868,2.648076057434082,2.6971139907836914,2.5990378856658936,2.6971139907836914,2011482
2005-11-18,1.5602823495864868,2.648076057434082,2.6971139907836914,2.5990378856658936,2.648076057434082,1934400
2005-11-21,1.502493977546692,2.5499989986419678,2.648076057434082,2.5499989986419678,2.648076057434082,976784
2005-11-22,1.502493977546692,2.5499989986419678,2.5499989986419678,2.5009610652923584,2.5499989986419678,899294
2005-11-23,1.4736002683639526,2.5009610652923584,2.5499989986419678,2.5009610652923584,2.5499989986419678,2781898
2005-11-24,1.4736002683639526,2.5009610652923584,2.5499989986419678,2.5009610652923584,2.5009610652923584,5106604
2005-11-25,1.4736002683639526,2.5009610652923584,2.5499989986419678,2.4519219398498535,2.5499989986419678,2621208
2005-11-28,1.502493977546692,2.5499989986419678,2.648076057434082,2.5009610652923584,2.5499989986419678,8285334
2005-11-29,1.502493977546692,2.5499989986419678,2.5499989986419678,2.4519219398498535,2.5499989986419678,5676769
2005-11-30,1.4302586317062378,2.427402973175049,2.5009610652923584,2.427402973175049,2.5009610652923584,6934557
2005-12-01,1.4447053670883179,2.4519219398498535,2.4519219398498535,2.427402973175049,2.427402973175049,3606149
2005-12-02,1.4447053670883179,2.4519219398498535,2.5499989986419678,2.4519219398498535,2.5009610652923584,2251294
2005-12-05,1.4447053670883179,2.4519219398498535,2.5009610652923584,2.4519219398498535,2.4519219398498535,749615
2005-12-06,1.4158118963241577,2.402884006500244,2.5009610652923584,2.402884006500244,2.4519219398498535,976376
2005-12-07,1.4302586317062378,2.427402973175049,2.4519219398498535,2.402884006500244,2.402884006500244,560376
2005-12-08,1.4447053670883179,2.4519219398498535,2.4519219398498535,2.402884006500244,2.427402973175049,773678
2005-12-09,1.4302586317062378,2.427402973175049,2.4519219398498535,2.427402973175049,2.4519219398498535,650102
2005-12-12,1.4158118963241577,2.402884006500244,2.4519219398498535,2.3783650398254395,2.427402973175049,1199548
2005-12-13,1.386917233467102,2.3538448810577393,2.427402973175049,2.3538448810577393,2.427402973175049,1785129
2005-12-14,1.401364803314209,2.3783650398254395,2.402884006500244,2.3783650398254395,2.3783650398254395,505501
2005-12-15,1.4158118963241577,2.402884006500244,2.427402973175049,2.3783650398254395,2.3783650398254395,505725
2005-12-16,1.4302586317062378,2.427402973175049,2.4519219398498535,2.3783650398254395,2.402884006500244,1435608
2005-12-19,1.4158118963241577,2.402884006500244,2.427402973175049,2.402884006500244,2.427402973175049,474729
2005-12-20,1.4158118963241577,2.402884006500244,2.402884006500244,2.3783650398254395,2.402884006500244,293239
2005-12-21,1.386917233467102,2.3538448810577393,2.3783650398254395,2.3293259143829346,2.3783650398254395,1462933
2005-12-22,1.3580234050750732,2.30480694770813,2.3538448810577393,2.30480694770813,2.3538448810577393,711278
2005-12-23,1.401364803314209,2.3783650398254395,2.402884006500244,2.3293259143829346,2.3293259143829346,1064062
2005-12-28,1.4736002683639526,2.5009610652923584,2.5009610652923584,2.3538448810577393,2.3783650398254395,2093866
2005-12-29,1.4736002683639526,2.5009610652923584,2.5009610652923584,2.4519219398498535,2.5009610652923584,1524925
2005-12-30,1.4447053670883179,2.4519219398498535,2.5009610652923584,2.427402973175049,2.5009610652923584,1074666
2006-01-03,1.4447053670883179,2.4519219398498535,2.5009610652923584,2.427402973175049,2.4519219398498535,359717
2006-01-04,1.5313881635665894,2.5990378856658936,2.5990378856658936,2.4519219398498535,2.5009610652923584,5824000
2006-01-05,1.5602823495864868,2.648076057434082,2.7461531162261963,2.5990378856658936,2.6971139907836914,9991750
2006-01-06,1.5602823495864868,2.648076057434082,2.6971139907836914,2.5990378856658936,2.6971139907836914,3635514
2006-01-09,1.6180709600448608,2.7461531162261963,2.7461531162261963,2.5990378856658936,2.648076057434082,5065412
2006-01-10,1.6180709600448608,2.7461531162261963,2.8442299365997314,2.6971139907836914,2.7461531162261963,7269805
2006-01-11,1.5891762971878052,2.6971139907836914,2.7951910495758057,2.6971139907836914,2.7461531162261963,1960910
2006-01-12,1.5891762971878052,2.6971139907836914,2.7461531162261963,2.648076057434082,2.7461531162261963,1522886
2006-01-13,1.6469643115997314,2.7951910495758057,2.7951910495758057,2.648076057434082,2.648076057434082,4408784
2006-01-16,1.7336472272872925,2.9423069953918457,2.991344928741455,2.7951910495758057,2.7951910495758057,15270465
2006-01-17,1.6469643115997314,2.7951910495758057,2.991344928741455,2.7461531162261963,2.991344928741455,12825241
2006-01-18,1.6469643115997314,2.7951910495758057,2.7951910495758057,2.6971139907836914,2.7461531162261963,4524612
2006-01-19,1.7336472272872925,2.9423069953918457,2.9423069953918457,2.7461531162261963,2.7461531162261963,6195546
2006-01-20,1.6758592128753662,2.8442299365997314,2.9423069953918457,2.7951910495758057,2.9423069953918457,4887592
2006-01-23,1.704753041267395,2.89326810836792,2.89326810836792,2.7461531162261963,2.7951910495758057,5019326
2006-01-24,1.6758592128753662,2.8442299365997314,2.9423069953918457,2.8442299365997314,2.89326810836792,2285145
2006-01-25,1.7625412940979004,2.991344928741455,3.04038405418396,2.89326810836792,2.89326810836792,9684644
2006-01-26,1.7625412940979004,2.991344928741455,3.0894219875335693,2.9423069953918457,2.991344928741455,5346008
2006-01-27,1.7625412940979004,2.991344928741455,3.04038405418396,2.9423069953918457,2.991344928741455,6109491
2006-02-01,1.7336472272872925,2.9423069953918457,2.991344928741455,2.89326810836792,2.991344928741455,5282792
2006-02-02,1.7625412940979004,2.991344928741455,2.991344928741455,2.89326810836792,2.9423069953918457,6146604
2006-02-03,1.704753041267395,2.89326810836792,2.991344928741455,2.89326810836792,2.9423069953918457,4641255
2006-02-06,1.7625412940979004,2.991344928741455,2.991344928741455,2.89326810836792,2.9423069953918457,2610196
2006-02-07,1.7336472272872925,2.9423069953918457,2.991344928741455,2.89326810836792,2.991344928741455,3894086
2006-02-08,1.704753041267395,2.89326810836792,2.9423069953918457,2.8442299365997314,2.9423069953918457,4137569
2006-02-09,1.704753041267395,2.89326810836792,2.9423069953918457,2.8442299365997314,2.89326810836792,2514761
2006-02-10,1.6758592128753662,2.8442299365997314,2.89326810836792,2.8442299365997314,2.89326810836792,1682353
2006-02-13,1.6758592128753662,2.8442299365997314,2.8442299365997314,2.8442299365997314,2.8442299365997314,0
2006-02-14,1.6758592128753662,2.8442299365997314,2.8442299365997314,2.8442299365997314,2.8442299365997314,0
2006-02-15,1.7914354801177979,3.04038405418396,3.236536979675293,2.89326810836792,2.9423069953918457,18096410
2006-02-16,1.7914354801177979,3.04038405418396,3.138461112976074,2.991344928741455,3.0894219875335693,5175122
2006-02-17,1.7914354801177979,3.04038405418396,3.0894219875335693,2.9423069953918457,3.0894219875335693,4275420
2006-02-20,1.7625412940979004,2.991344928741455,2.991344928741455,2.89326810836792,2.991344928741455,1869145
2006-02-21,1.7336472272872925,2.9423069953918457,3.04038405418396,2.9423069953918457,2.991344928741455,2867953
2006-02-22,1.7336472272872925,2.9423069953918457,2.991344928741455,2.89326810836792,2.9423069953918457,3379797
2006-02-23,1.7336472272872925,2.9423069953918457,2.991344928741455,2.89326810836792,2.9423069953918457,2345098
2006-02-24,1.6758592128753662,2.8442299365997314,2.9423069953918457,2.8442299365997314,2.89326810836792,3750933
2006-02-27,1.6758592128753662,2.8442299365997314,2.89326810836792,2.7951910495758057,2.8442299365997314,1804298
2006-02-28,1.6758592128753662,2.8442299365997314,2.8442299365997314,2.7461531162261963,2.8442299365997314,2029019
2006-03-01,1.704753041267395,2.89326810836792,2.89326810836792,2.7951910495758057,2.7951910495758057,1613223
2006-03-02,1.6469643115997314,2.7951910495758057,2.89326810836792,2.7951910495758057,2.89326810836792,2132408
2006-03-03,1.6469643115997314,2.7951910495758057,2.8442299365997314,2.7461531162261963,2.8442299365997314,2567780
2006-03-06,1.704753041267395,2.89326810836792,2.89326810836792,2.7951910495758057,2.7951910495758057,2115890
2006-03-07,1.6469643115997314,2.7951910495758057,2.8442299365997314,2.7951910495758057,2.8442299365997314,1524925
2006-03-08,1.6180709600448608,2.7461531162261963,2.8442299365997314,2.648076057434082,2.7951910495758057,2779859
2006-03-09,1.5891762971878052,2.6971139907836914,2.7461531162261963,2.648076057434082,2.7461531162261963,1655027
2006-03-10,1.6469643115997314,2.7951910495758057,2.7951910495758057,2.6971139907836914,2.6971139907836914,1828768
2006-03-13,1.7625412940979004,2.991344928741455,3.04038405418396,2.7461531162261963,2.7951910495758057,11151248
2006-03-14,1.7336472272872925,2.9423069953918457,3.04038405418396,2.9423069953918457,2.991344928741455,4479341
2006-03-15,1.7625412940979004,2.991344928741455,2.991344928741455,2.89326810836792,2.9423069953918457,2232941
2006-03-16,1.7914354801177979,3.04038405418396,3.0894219875335693,2.9423069953918457,2.991344928741455,10647970
2006-03-17,1.878117322921753,3.1874990463256836,3.1874990463256836,2.991344928741455,2.991344928741455,23428849
2006-03-20,1.9936941862106323,3.383652925491333,3.5307679176330566,3.3346140384674072,3.3346140384674072,41763143
2006-03-21,1.9648000001907349,3.3346140384674072,3.383652925491333,3.285576105117798,3.3346140384674072,10940393
2006-03-22,1.878117322921753,3.1874990463256836,3.3346140384674072,3.1874990463256836,3.3346140384674072,9609193
2006-03-23,1.9936941862106323,3.383652925491333,3.4326910972595215,3.1874990463256836,3.236536979675293,10639405
2006-03-24,1.9648000001907349,3.3346140384674072,3.383652925491333,3.236536979675293,3.383652925491333,8237209
2006-03-27,2.022587537765503,3.4326910972595215,3.4326910972595215,3.285576105117798,3.383652925491333,8906887
2006-03-28,1.9359060525894165,3.285576105117798,3.383652925491333,3.285576105117798,3.383652925491333,6172706
2006-03-29,1.9359060525894165,3.285576105117798,3.3346140384674072,3.236536979675293,3.285576105117798,3594322
2006-03-30,1.9070112705230713,3.236536979675293,3.3346140384674072,3.236536979675293,3.285576105117798,4381867
2006-03-31,1.8492236137390137,3.138461112976074,3.285576105117798,3.0894219875335693,3.285576105117798,7477333
2006-04-03,1.9359060525894165,3.285576105117798,3.3346140384674072,3.138461112976074,3.1874990463256836,7712722
2006-04-04,1.9648000001907349,3.3346140384674072,3.383652925491333,3.236536979675293,3.285576105117798,4407153
2006-04-06,2.080376625061035,3.5307679176330566,3.5307679176330566,3.383652925491333,3.4326910972595215,21391783
2006-04-07,2.0514824390411377,3.4817299842834473,3.5307679176330566,3.383652925491333,3.5307679176330566,8676048
2006-04-10,2.022587537765503,3.4326910972595215,3.4817299842834473,3.383652925491333,3.4326910972595215,4090259
2006-04-11,1.9648000001907349,3.3346140384674072,3.4326910972595215,3.3346140384674072,3.4326910972595215,2725208
2006-04-12,1.9648000001907349,3.3346140384674072,3.4326910972595215,3.3346140384674072,3.383652925491333,2050227
2006-04-13,2.1092708110809326,3.5798070430755615,3.628844976425171,3.3346140384674072,3.3346140384674072,14355061
2006-04-18,2.080376625061035,3.5307679176330566,3.628844976425171,3.4817299842834473,3.5798070430755615,8510871
2006-04-19,2.1381640434265137,3.628844976425171,3.726922035217285,3.5798070430755615,3.628844976425171,11591107
2006-04-20,1.9936941862106323,3.383652925491333,3.7759599685668945,3.285576105117798,3.628844976425171,26090545
2006-04-21,1.9359060525894165,3.285576105117798,3.3346140384674072,3.236536979675293,3.3346140384674072,9869397
2006-04-24,1.878117322921753,3.1874990463256836,3.285576105117798,3.0894219875335693,3.236536979675293,8886495
2006-04-25,1.7625412940979004,2.991344928741455,3.1874990463256836,2.89326810836792,3.138461112976074,8216001
2006-04-26,1.7914354801177979,3.04038405418396,3.04038405418396,2.89326810836792,2.991344928741455,4794196
2006-04-27,1.7625412940979004,2.991344928741455,3.04038405418396,2.9423069953918457,3.04038405418396,2229678
2006-04-28,1.7336472272872925,2.9423069953918457,2.991344928741455,2.7951910495758057,2.991344928741455,2717459
2006-05-02,1.7914354801177979,3.04038405418396,3.0894219875335693,2.9423069953918457,2.991344928741455,2790055
2006-05-03,1.8492236137390137,3.138461112976074,3.285576105117798,3.0894219875335693,3.0894219875335693,8110369
2006-05-04,1.8492236137390137,3.138461112976074,3.1874990463256836,3.138461112976074,3.1874990463256836,1661145
2006-05-08,1.878117322921753,3.1874990463256836,3.236536979675293,3.138461112976074,3.1874990463256836,1874039
2006-05-09,1.8203296661376953,3.0894219875335693,3.236536979675293,3.04038405418396,3.236536979675293,1636266
2006-05-10,1.7914354801177979,3.04038405418396,3.138461112976074,2.991344928741455,3.138461112976074,1827545
2006-05-11,1.7914354801177979,3.04038405418396,3.138461112976074,2.991344928741455,3.04038405418396,2162384
2006-05-12,1.7625412940979004,2.991344928741455,3.04038405418396,2.9423069953918457,2.991344928741455,1795325
2006-05-15,1.7336472272872925,2.9423069953918457,2.991344928741455,2.89326810836792,2.9423069953918457,1952753
2006-05-16,1.7625412940979004,2.991344928741455,3.04038405418396,2.89326810836792,2.9423069953918457,2365490
2006-05-17,1.7625412940979004,2.991344928741455,3.04038405418396,2.991344928741455,2.991344928741455,1092204
2006-05-18,1.7336472272872925,2.9423069953918457,2.991344928741455,2.89326810836792,2.89326810836792,1489341
2006-05-19,1.7625412940979004,2.991344928741455,3.04038405418396,2.9423069953918457,2.9423069953918457,1659513
2006-05-22,1.5891762971878052,2.6971139907836914,3.04038405418396,2.6971139907836914,3.04038405418396,3066980
2006-05-23,1.6067034006118774,2.6971139907836914,2.7951910495758057,2.648076057434082,2.6971139907836914,2926682
2006-05-24,1.54827880859375,2.5990378856658936,2.7461531162261963,2.5990378856658936,2.6971139907836914,2416063
2006-05-25,1.5190656185150146,2.5499989986419678,2.5990378856658936,2.4519219398498535,2.5990378856658936,3997679
2006-05-26,1.54827880859375,2.5990378856658936,2.648076057434082,2.5499989986419678,2.5990378856658936,5417789
2006-05-29,1.5774909257888794,2.648076057434082,2.6971139907836914,2.5499989986419678,2.5990378856658936,5407185
2006-05-30,1.54827880859375,2.5990378856658936,2.648076057434082,2.5990378856658936,2.648076057434082,1892800
2006-06-01,1.5774909257888794,2.648076057434082,2.6971139907836914,2.5990378856658936,2.648076057434082,3172612
2006-06-02,1.635917067527771,2.7461531162261963,2.7461531162261963,2.648076057434082,2.648076057434082,3261929
2006-06-05,1.6943427324295044,2.8442299365997314,2.8442299365997314,2.7951910495758057,2.7951910495758057,5875796
2006-06-06,1.6943427324295044,2.8442299365997314,2.8442299365997314,2.7461531162261963,2.7461531162261963,1335686
2006-06-07,1.665129542350769,2.7951910495758057,2.8442299365997314,2.7461531162261963,2.7951910495758057,1257788
2006-06-08,1.635917067527771,2.7461531162261963,2.7461531162261963,2.7461531162261963,2.7461531162261963,0
2006-06-09,1.5774909257888794,2.648076057434082,2.7461531162261963,2.5499989986419678,2.7461531162261963,1089349
2006-06-12,1.5774909257888794,2.648076057434082,2.6971139907836914,2.648076057434082,2.6971139907836914,532235
2006-06-13,1.4898532629013062,2.5009610652923584,2.648076057434082,2.5009610652923584,2.5499989986419678,1553073
2006-06-14,1.4606398344039917,2.4519219398498535,2.5499989986419678,2.4519219398498535,2.5009610652923584,2184000
2006-06-15,1.4898532629013062,2.5009610652923584,2.5499989986419678,2.4519219398498535,2.5009610652923584,1701521
2006-06-16,1.4898532629013062,2.5009610652923584,2.648076057434082,2.5009610652923584,2.5499989986419678,2341427
2006-06-19,1.5190656185150146,2.5499989986419678,2.5990378856658936,2.5009610652923584,2.5499989986419678,754509
2006-06-20,1.4898532629013062,2.5009610652923584,2.5499989986419678,2.5009610652923584,2.5499989986419678,527341
2006-06-21,1.5190656185150146,2.5499989986419678,2.5499989986419678,2.4519219398498535,2.5009610652923584,359717
2006-06-22,1.54827880859375,2.5990378856658936,2.648076057434082,2.5499989986419678,2.5499989986419678,1681129
2006-06-23,1.54827880859375,2.5990378856658936,2.5990378856658936,2.5499989986419678,2.5499989986419678,208000
2006-06-26,1.54827880859375,2.5990378856658936,2.648076057434082,2.5990378856658936,2.5990378856658936,1745976
2006-06-27,1.6067034006118774,2.6971139907836914,2.6971139907836914,2.648076057434082,2.648076057434082,951906
2006-06-28,1.6067034006118774,2.6971139907836914,2.7461531162261963,2.5990378856658936,2.648076057434082,1891576
2006-06-29,1.6067034006118774,2.6971139907836914,2.7461531162261963,2.6971139907836914,2.6971139907836914,1375247
2006-06-30,1.665129542350769,2.7951910495758057,2.8442299365997314,2.6971139907836914,2.7461531162261963,2890384
2006-07-03,1.665129542350769,2.7951910495758057,2.8442299365997314,2.7951910495758057,2.7951910495758057,1343
2006-07-04,1.723555088043213,2.89326810836792,2.991344928741455,2.8442299365997314,2.9423069953918457,3387545
2006-07-05,1.6943427324295044,2.8442299365997314,2.9423069953918457,2.7951910495758057,2.89326810836792,1305913
2006-07-06,1.723555088043213,2.89326810836792,2.89326810836792,2.7461531162261963,2.7461531162261963,1276957
2006-07-07,1.6943427324295044,2.8442299365997314,2.9423069953918457,2.8442299365997314,2.89326810836792,2437678
2006-07-10,1.6943427324295044,2.8442299365997314,2.89326810836792,2.7951910495758057,2.7951910495758057,887058
2006-07-11,1.6943427324295044,2.8442299365997314,2.89326810836792,2.7951910495758057,2.8442299365997314,344831
2006-07-12,1.665129542350769,2.7951910495758057,2.8442299365997314,2.7951910495758057,2.8442299365997314,548141
2006-07-13,1.723555088043213,2.89326810836792,2.9423069953918457,2.7951910495758057,2.8442299365997314,4011953
2006-07-14,1.665129542350769,2.7951910495758057,2.8442299365997314,2.7461531162261963,2.7951910495758057,1929098
2006-07-17,1.665129542350769,2.7951910495758057,2.8442299365997314,2.7461531162261963,2.7951910495758057,589741
2006-07-18,1.635917067527771,2.7461531162261963,2.8442299365997314,2.7461531162261963,2.8442299365997314,401725
2006-07-19,1.6943427324295044,2.8442299365997314,2.8442299365997314,2.7951910495758057,2.7951910495758057,564047
2006-07-20,1.6943427324295044,2.8442299365997314,2.89326810836792,2.8442299365997314,2.8442299365997314,1558368
2006-07-21,1.665129542350769,2.7951910495758057,2.89326810836792,2.7951910495758057,2.89326810836792,947827
2006-07-24,1.7527685165405273,2.9423069953918457,2.9423069953918457,2.7951910495758057,2.7951910495758057,6458604
2006-07-25,1.6943427324295044,2.8442299365997314,2.991344928741455,2.8442299365997314,2.9423069953918457,1836925
2006-07-26,1.723555088043213,2.89326810836792,2.89326810836792,2.8442299365997314,2.8442299365997314,1343027
2006-07-27,1.8111939430236816,3.04038405418396,3.04038405418396,2.8442299365997314,2.89326810836792,9188707
2006-07-28,1.7527685165405273,2.9423069953918457,3.04038405418396,2.9423069953918457,3.04038405418396,4385130
2006-07-31,1.7819807529449463,2.991344928741455,3.04038405418396,2.9423069953918457,3.04038405418396,1125647
2006-08-01,1.6943427324295044,2.8442299365997314,2.9423069953918457,2.8442299365997314,2.9423069953918457,2486212
2006-08-02,1.723555088043213,2.89326810836792,2.9423069953918457,2.8442299365997314,2.8442299365997314,1875263
2006-08-03,1.723555088043213,2.89326810836792,2.9423069953918457,2.8442299365997314,2.89326810836792,1916455
2006-08-04,1.6943427324295044,2.8442299365997314,2.89326810836792,2.7951910495758057,2.89326810836792,1719059
2006-08-07,1.6943427324295044,2.8442299365997314,2.8442299365997314,2.7951910495758057,2.7951910495758057,515921
2006-08-08,1.6943427324295044,2.8442299365997314,2.8442299365997314,2.7951910495758057,2.8442299365997314,261019
2006-08-09,1.6943427324295044,2.8442299365997314,2.89326810836792,2.7951910495758057,2.7951910495758057,1168470
2006-08-10,1.6943427324295044,2.8442299365997314,2.8442299365997314,2.7951910495758057,2.8442299365997314,344219
2006-08-11,1.6943427324295044,2.8442299365997314,2.8442299365997314,2.7951910495758057,2.8442299365997314,683137
2006-08-14,1.6943427324295044,2.8442299365997314,2.8442299365997314,2.7951910495758057,2.8442299365997314,194949
2006-08-15,1.7527685165405273,2.9423069953918457,2.9423069953918457,2.8442299365997314,2.8442299365997314,2687278
2006-08-16,1.7527685165405273,2.9423069953918457,2.9423069953918457,2.8442299365997314,2.9423069953918457,1551843
2006-08-17,1.723555088043213,2.89326810836792,2.9423069953918457,2.7951910495758057,2.89326810836792,1863027
2006-08-18,1.723555088043213,2.89326810836792,2.89326810836792,2.8442299365997314,2.8442299365997314,565474
2006-08-21,1.665129542350769,2.7951910495758057,2.8442299365997314,2.7461531162261963,2.8442299365997314,1350164
2006-08-22,1.6943427324295044,2.8442299365997314,2.8442299365997314,2.7951910495758057,2.7951910495758057,611356
2006-08-23,1.665129542350769,2.7951910495758057,2.8442299365997314,2.7951910495758057,2.7951910495758057,372768
2006-08-24,1.665129542350769,2.7951910495758057,2.7951910495758057,2.7461531162261963,2.7951910495758057,1171325
2006-08-25,1.665129542350769,2.7951910495758057,2.7951910495758057,2.7461531162261963,2.7461531162261963,866666
2006-08-28,1.665129542350769,2.7951910495758057,2.7951910495758057,2.7461531162261963,2.7461531162261963,640313
2006-08-29,1.635917067527771,2.7461531162261963,2.7461531162261963,2.6971139907836914,2.7461531162261963,3789679
2006-08-30,1.6067034006118774,2.6971139907836914,2.7951910495758057,2.6971139907836914,2.7461531162261963,3319843
2006-08-31,1.5774909257888794,2.648076057434082,2.6971139907836914,2.648076057434082,2.6971139907836914,1642792
2006-09-01,1.635917067527771,2.7461531162261963,2.7461531162261963,2.648076057434082,2.648076057434082,2535969
2006-09-04,1.723555088043213,2.89326810836792,2.89326810836792,2.648076057434082,2.7461531162261963,9229491
2006-09-05,1.723555088043213,2.89326810836792,2.9423069953918457,2.8442299365997314,2.89326810836792,4546228
2006-09-06,1.6943427324295044,2.8442299365997314,2.89326810836792,2.7951910495758057,2.89326810836792,3036392
2006-09-07,1.665129542350769,2.7951910495758057,2.7951910495758057,2.7461531162261963,2.7951910495758057,3062494
2006-09-08,1.665129542350769,2.7951910495758057,2.7951910495758057,2.7461531162261963,2.7461531162261963,1005333
2006-09-11,1.635917067527771,2.7461531162261963,2.7951910495758057,2.7461531162261963,2.7951910495758057,856062
2006-09-12,1.635917067527771,2.7461531162261963,2.7461531162261963,2.6971139907836914,2.7461531162261963,845866
2006-09-13,1.635917067527771,2.7461531162261963,2.7461531162261963,2.6971139907836914,2.7461531162261963,379294
2006-09-14,1.6067034006118774,2.6971139907836914,2.7461531162261963,2.6971139907836914,2.7461531162261963,1435608
2006-09-15,1.6067034006118774,2.6971139907836914,2.7951910495758057,2.6971139907836914,2.6971139907836914,1459262
2006-09-18,1.635917067527771,2.7461531162261963,2.7951910495758057,2.6971139907836914,2.7461531162261963,1681537
2006-09-19,1.635917067527771,2.7461531162261963,2.7951910495758057,2.7461531162261963,2.7461531162261963,711686
2006-09-20,1.665129542350769,2.7951910495758057,2.7951910495758057,2.6971139907836914,2.7461531162261963,534682
2006-09-21,1.54827880859375,2.5990378856658936,2.7951910495758057,2.5499989986419678,2.7461531162261963,3820267
2006-09-22,1.54827880859375,2.5990378856658936,2.5990378856658936,2.5499989986419678,2.5990378856658936,1690510
2006-09-25,1.5190656185150146,2.5499989986419678,2.5499989986419678,2.5009610652923584,2.5499989986419678,1849976
2006-09-26,1.4898532629013062,2.5009610652923584,2.5499989986419678,2.5009610652923584,2.5499989986419678,1647278
2006-09-27,1.4606398344039917,2.4519219398498535,2.5499989986419678,2.4519219398498535,2.5009610652923584,915607
2006-09-28,1.4606398344039917,2.4519219398498535,2.5009610652923584,2.427402973175049,2.5009610652923584,1702337
2006-09-29,1.4606398344039917,2.4519219398498535,2.5009610652923584,2.427402973175049,2.4519219398498535,1051011
2006-10-03,1.5190656185150146,2.5499989986419678,2.5499989986419678,2.4519219398498535,2.4519219398498535,952313
2006-10-04,1.4898532629013062,2.5009610652923584,2.5499989986419678,2.4519219398498535,2.5499989986419678,769600
2006-10-05,1.4898532629013062,2.5009610652923584,2.5499989986419678,2.4519219398498535,2.5499989986419678,733302
2006-10-06,1.4606398344039917,2.4519219398498535,2.5009610652923584,2.4519219398498535,2.4519219398498535,1479655
2006-10-09,1.4460338354110718,2.427402973175049,2.4519219398498535,2.427402973175049,2.4519219398498535,1825506
2006-10-10,1.4898532629013062,2.5009610652923584,2.5009610652923584,2.427402973175049,2.4519219398498535,933349
2006-10-11,1.4606398344039917,2.4519219398498535,2.4519219398498535,2.427402973175049,2.4519219398498535,662745
2006-10-12,1.4898532629013062,2.5009610652923584,2.5499989986419678,2.4519219398498535,2.4519219398498535,1793694
2006-10-13,1.4606398344039917,2.4519219398498535,2.5499989986419678,2.4519219398498535,2.5009610652923584,1627294
2006-10-16,1.4606398344039917,2.4519219398498535,2.5009610652923584,2.4519219398498535,2.5009610652923584,1039592
2006-10-17,1.4898532629013062,2.5009610652923584,2.5009610652923584,2.4519219398498535,2.4519219398498535,743905
2006-10-18,1.54827880859375,2.5990378856658936,2.648076057434082,2.4519219398498535,2.4519219398498535,4710588
2006-10-19,1.6067034006118774,2.6971139907836914,2.6971139907836914,2.5990378856658936,2.648076057434082,3952816
2006-10-20,1.6067034006118774,2.6971139907836914,2.6971139907836914,2.5990378856658936,2.6971139907836914,1661145
2006-10-23,1.6067034006118774,2.6971139907836914,2.7461531162261963,2.5990378856658936,2.648076057434082,4730165
2006-10-24,1.5774909257888794,2.648076057434082,2.7461531162261963,2.5990378856658936,2.7461531162261963,2706855
2006-10-25,1.54827880859375,2.5990378856658936,2.648076057434082,2.5499989986419678,2.648076057434082,1217819
2006-10-26,1.54827880859375,2.5990378856658936,2.5990378856658936,2.5499989986419678,2.5990378856658936,601976
2006-10-27,1.4898532629013062,2.5009610652923584,2.5990378856658936,2.4519219398498535,2.5990378856658936,1190494
2006-10-31,1.54827880859375,2.5990378856658936,2.5990378856658936,2.4519219398498535,2.5009610652923584,1310400
2006-11-01,1.54827880859375,2.5990378856658936,2.648076057434082,2.5499989986419678,2.5499989986419678,1141553
2006-11-02,1.54827880859375,2.5990378856658936,2.5990378856658936,2.5499989986419678,2.5990378856658936,1068549
2006-11-03,1.5190656185150146,2.5499989986419678,2.5990378856658936,2.5499989986419678,2.5990378856658936,1214964
2006-11-06,1.5774909257888794,2.648076057434082,2.648076057434082,2.5499989986419678,2.5499989986419678,2089788
2006-11-07,1.54827880859375,2.5990378856658936,2.648076057434082,2.5499989986419678,2.5990378856658936,1203953
2006-11-08,1.5774909257888794,2.648076057434082,2.648076057434082,2.5499989986419678,2.5990378856658936,3987890
2006-11-09,1.635917067527771,2.7461531162261963,2.7461531162261963,2.5990378856658936,2.5990378856658936,6035671
2006-11-10,1.5774909257888794,2.648076057434082,2.7461531162261963,2.648076057434082,2.6971139907836914,1673788
2006-11-13,1.6067034006118774,2.6971139907836914,2.6971139907836914,2.5990378856658936,2.6971139907836914,876
2006-11-14,1.635917067527771,2.7461531162261963,2.7461531162261963,2.648076057434082,2.648076057434082,5698385
2006-11-15,1.6067034006118774,2.6971139907836914,2.7461531162261963,2.648076057434082,2.6971139907836914,1758212
2006-11-16,1.665129542350769,2.7951910495758057,2.8442299365997314,2.6971139907836914,2.6971139907836914,8030432
2006-11-17,1.635917067527771,2.7461531162261963,2.7461531162261963,2.648076057434082,2.7461531162261963,2861020
2006-11-20,1.5774909257888794,2.648076057434082,2.6971139907836914,2.648076057434082,2.6971139907836914,1811231
2006-11-21,1.54827880859375,2.5990378856658936,2.648076057434082,2.5990378856658936,2.648076057434082,727184
2006-11-22,1.5774909257888794,2.648076057434082,2.6971139907836914,2.648076057434082,2.648076057434082,1734149
2006-11-23,1.5774909257888794,2.648076057434082,2.7461531162261963,2.648076057434082,2.6971139907836914,2496000
2006-11-24,1.6067034006118774,2.6971139907836914,2.6971139907836914,2.648076057434082,2.648076057434082,1823059
2006-11-27,1.665129542350769,2.7951910495758057,2.7951910495758057,2.648076057434082,2.648076057434082,13433947
2006-11-28,1.5190656185150146,2.5499989986419678,2.7461531162261963,2.5499989986419678,2.6971139907836914,4532361
2006-11-29,1.6067034006118774,2.6971139907836914,2.6971139907836914,2.5990378856658936,2.5990378856658936,1852831
2006-11-30,1.6943427324295044,2.8442299365997314,2.8442299365997314,2.648076057434082,2.6971139907836914,10164268
2006-12-01,1.635917067527771,2.7461531162261963,2.8442299365997314,2.6971139907836914,2.8442299365997314,6188612
2006-12-04,1.6067034006118774,2.6971139907836914,2.7461531162261963,2.6971139907836914,2.7461531162261963,2051859
2006-12-05,1.665129542350769,2.7951910495758057,2.7951910495758057,2.7461531162261963,2.7461531162261963,3134682
2006-12-06,1.635917067527771,2.7461531162261963,2.7951910495758057,2.6971139907836914,2.7461531162261963,2913223
2006-12-07,1.6067034006118774,2.6971139907836914,2.7461531162261963,2.648076057434082,2.7461531162261963,1243106
2006-12-08,1.5774909257888794,2.648076057434082,2.6971139907836914,2.648076057434082,2.6971139907836914,785506
2006-12-11,1.5774909257888794,2.648076057434082,2.6971139907836914,2.648076057434082,2.648076057434082,132
2006-12-12,1.5774909257888794,2.648076057434082,2.7461531162261963,2.648076057434082,2.7461531162261963,1174996
2006-12-13,1.54827880859375,2.5990378856658936,2.6971139907836914,2.5990378856658936,2.648076057434082,2367529
2006-12-14,1.5774909257888794,2.648076057434082,2.6971139907836914,2.5990378856658936,2.648076057434082,1289600
2006-12-15,1.6067034006118774,2.6971139907836914,2.7461531162261963,2.648076057434082,2.6971139907836914,1152157
2006-12-18,1.6067034006118774,2.6971139907836914,2.7461531162261963,2.6971139907836914,2.6971139907836914,3212988
2006-12-19,1.5774909257888794,2.648076057434082,2.7461531162261963,2.5990378856658936,2.6971139907836914,2610604
2006-12-20,1.5774909257888794,2.648076057434082,2.6971139907836914,2.5990378856658936,2.648076057434082,1217004
2006-12-21,1.54827880859375,2.5990378856658936,2.648076057434082,2.5990378856658936,2.648076057434082,1563262
2006-12-22,1.54827880859375,2.5990378856658936,2.648076057434082,2.5990378856658936,2.5990378856658936,782039
2006-12-27,1.54827880859375,2.5990378856658936,2.648076057434082,2.5499989986419678,2.5990378856658936,985349
2006-12-28,1.5190656185150146,2.5499989986419678,2.5990378856658936,2.5499989986419678,2.5990378856658936,1405835
2006-12-29,1.4898532629013062,2.5009610652923584,2.5499989986419678,2.5009610652923584,2.5499989986419678,1007372
2007-01-02,1.5190656185150146,2.5499989986419678,2.5990378856658936,2.5009610652923584,2.5499989986419678,2536784
2007-01-03,1.5774909257888794,2.648076057434082,2.6971139907836914,2.5499989986419678,2.5990378856658936,3372863
2007-01-04,1.54827880859375,2.5990378856658936,2.648076057434082,2.5499989986419678,2.648076057434082,3607373
2007-01-05,1.54827880859375,2.5990378856658936,2.5990378856658936,2.5499989986419678,2.5499989986419678,538964
2007-01-08,1.5190656185150146,2.5499989986419678,2.5990378856658936,2.5499989986419678,2.5990378856658936,818541
2007-01-09,1.54827880859375,2.5990378856658936,2.5990378856658936,2.5009610652923584,2.5499989986419678,2360188
2007-01-10,1.5190656185150146,2.5499989986419678,2.5499989986419678,2.5009610652923584,2.5499989986419678,1629741
2007-01-11,1.4898532629013062,2.5009610652923584,2.5499989986419678,2.5009610652923584,2.5009610652923584,527749
2007-01-12,1.5190656185150146,2.5499989986419678,2.5499989986419678,2.5009610652923584,2.5499989986419678,1615874
2007-01-15,1.54827880859375,2.5990378856658936,2.5990378856658936,2.5499989986419678,2.5499989986419678,555074
2007-01-16,1.5190656185150146,2.5499989986419678,2.5990378856658936,2.5009610652923584,2.5499989986419678,1119937
2007-01-17,1.54827880859375,2.5990378856658936,2.5990378856658936,2.5009610652923584,2.5009610652923584,2900580
2007-01-18,1.5190656185150146,2.5499989986419678,2.5990378856658936,2.5009610652923584,2.5499989986419678,1286337
2007-01-19,1.635917067527771,2.7461531162261963,2.7461531162261963,2.5990378856658936,2.5990378856658936,13183531
2007-01-22,1.635917067527771,2.7461531162261963,2.7951910495758057,2.6971139907836914,2.7461531162261963,4630243
2007-01-23,1.6067034006118774,2.6971139907836914,2.7461531162261963,2.648076057434082,2.6971139907836914,2858980
2007-01-24,1.6067034006118774,2.6971139907836914,2.7461531162261963,2.6971139907836914,2.7461531162261963,1834478
2007-01-25,1.5774909257888794,2.648076057434082,2.7461531162261963,2.648076057434082,2.6971139907836914,1512690
2007-01-26,1.5774909257888794,2.648076057434082,2.648076057434082,2.5990378856658936,2.648076057434082,2361819
2007-01-29,1.6067034006118774,2.6971139907836914,2.6971139907836914,2.648076057434082,2.648076057434082,3119184
2007-01-30,1.665129542350769,2.7951910495758057,2.7951910495758057,2.6971139907836914,2.7461531162261963,6361946
2007-01-31,1.5774909257888794,2.648076057434082,2.7951910495758057,2.648076057434082,2.7951910495758057,2941773
2007-02-01,1.6067034006118774,2.6971139907836914,2.7461531162261963,2.648076057434082,2.6971139907836914,1198243
2007-02-02,1.6067034006118774,2.6971139907836914,2.7461531162261963,2.6971139907836914,2.6971139907836914,1283074
2007-02-05,1.723555088043213,2.89326810836792,2.89326810836792,2.6971139907836914,2.6971139907836914,12156174
2007-02-06,1.723555088043213,2.89326810836792,2.991344928741455,2.8442299365997314,2.9423069953918457,8861820
2007-02-07,1.6943427324295044,2.8442299365997314,2.9423069953918457,2.7951910495758057,2.89326810836792,3464627
2007-02-08,1.723555088043213,2.89326810836792,2.89326810836792,2.7951910495758057,2.8442299365997314,2655467
2007-02-09,1.6943427324295044,2.8442299365997314,2.89326810836792,2.7951910495758057,2.89326810836792,2864328
2007-02-12,1.7527685165405273,2.9423069953918457,2.991344928741455,2.8442299365997314,2.8442299365997314,7346479
2007-02-13,1.6943427324295044,2.8442299365997314,2.991344928741455,2.8442299365997314,2.9423069953918457,4270526
2007-02-14,1.8404066562652588,3.0894219875335693,3.138461112976074,2.8442299365997314,2.89326810836792,14367500
2007-02-15,1.8988322019577026,3.1874990463256836,3.285576105117798,3.04038405418396,3.138461112976074,18958183
2007-02-16,1.957257866859436,3.285576105117798,3.3346140384674072,3.1874990463256836,3.236536979675293,10035695
2007-02-21,1.8988322019577026,3.1874990463256836,3.285576105117798,3.0894219875335693,3.285576105117798,4419796
2007-02-22,1.8696198463439941,3.138461112976074,3.236536979675293,3.0894219875335693,3.1874990463256836,4253804
2007-02-23,1.8696198463439941,3.138461112976074,3.236536979675293,3.0894219875335693,3.138461112976074,4611890
2007-02-26,1.957257866859436,3.285576105117798,3.3346140384674072,3.138461112976074,3.138461112976074,6375404
2007-02-27,1.957257866859436,3.285576105117798,3.4817299842834473,3.236536979675293,3.3346140384674072,13092990
2007-02-28,1.7819807529449463,2.991344928741455,3.04038405418396,2.8442299365997314,2.9423069953918457,9778856
2007-03-01,1.7527685165405273,2.9423069953918457,3.04038405418396,2.9423069953918457,3.04038405418396,3459733
2007-03-02,1.665129542350769,2.7951910495758057,3.04038405418396,2.648076057434082,2.9423069953918457,7029177
2007-03-05,1.5190656185150146,2.5499989986419678,2.7461531162261963,2.5499989986419678,2.6971139907836914,4377381
2007-03-06,1.5774909257888794,2.648076057434082,2.6971139907836914,2.5990378856658936,2.648076057434082,2235388
2007-03-07,1.5774909257888794,2.648076057434082,2.7951910495758057,2.648076057434082,2.7461531162261963,3239498
2007-03-08,1.665129542350769,2.7951910495758057,2.8442299365997314,2.6971139907836914,2.6971139907836914,4046212
2007-03-09,1.635917067527771,2.7461531162261963,2.8442299365997314,2.7461531162261963,2.8442299365997314,1613835
2007-03-12,1.6943427324295044,2.8442299365997314,2.8442299365997314,2.7461531162261963,2.8442299365997314,1430713
2007-03-13,1.665129542350769,2.7951910495758057,2.8442299365997314,2.7461531162261963,2.8442299365997314,1013898
2007-03-14,1.635917067527771,2.7461531162261963,2.7461531162261963,2.648076057434082,2.6971139907836914,1741490
2007-03-15,1.665129542350769,2.7951910495758057,2.8442299365997314,2.6971139907836914,2.7461531162261963,2053490
2007-03-16,1.6943427324295044,2.8442299365997314,2.991344928741455,2.7461531162261963,2.7951910495758057,8253522
2007-03-19,1.723555088043213,2.89326810836792,2.9423069953918457,2.7951910495758057,2.8442299365997314,1894023
2007-03-20,1.7527685165405273,2.9423069953918457,3.04038405418396,2.7951910495758057,2.89326810836792,7831405
2007-03-21,1.7819807529449463,2.991344928741455,3.04038405418396,2.89326810836792,2.991344928741455,2771294
2007-03-22,1.7527685165405273,2.9423069953918457,3.04038405418396,2.89326810836792,2.991344928741455,5559718
2007-03-23,1.7527685165405273,2.9423069953918457,2.991344928741455,2.89326810836792,2.9423069953918457,1900549
2007-03-26,1.7527685165405273,2.9423069953918457,2.991344928741455,2.89326810836792,2.9423069953918457,1637082
2007-03-27,1.723555088043213,2.89326810836792,2.9423069953918457,2.8442299365997314,2.9423069953918457,1272062
2007-03-28,1.6943427324295044,2.8442299365997314,2.89326810836792,2.7951910495758057,2.89326810836792,2031059
2007-03-29,1.723555088043213,2.89326810836792,2.9423069953918457,2.8442299365997314,2.8442299365997314,1477615
2007-03-30,1.6943427324295044,2.8442299365997314,2.9423069953918457,2.8442299365997314,2.9423069953918457,1368721
2007-04-02,1.665129542350769,2.7951910495758057,2.89326810836792,2.7951910495758057,2.89326810836792,2789647
2007-04-03,1.6943427324295044,2.8442299365997314,2.89326810836792,2.7951910495758057,2.7951910495758057,1332423
2007-04-04,1.6943427324295044,2.8442299365997314,2.89326810836792,2.7951910495758057,2.89326810836792,1565302
2007-04-10,1.7527685165405273,2.9423069953918457,2.991344928741455,2.8442299365997314,2.89326810836792,3655090
2007-04-11,1.723555088043213,2.89326810836792,2.991344928741455,2.89326810836792,2.9423069953918457,1610980
2007-04-12,1.8988322019577026,3.1874990463256836,3.236536979675293,2.89326810836792,2.89326810836792,19571956
2007-04-13,1.8111939430236816,3.04038405418396,3.285576105117798,3.04038405418396,3.236536979675293,5883342
2007-04-16,1.7819807529449463,2.991344928741455,3.138461112976074,2.991344928741455,3.0894219875335693,3626949
2007-04-17,1.7819807529449463,2.991344928741455,3.0894219875335693,2.991344928741455,3.04038405418396,2956047
2007-04-18,1.8111939430236816,3.04038405418396,3.0894219875335693,2.991344928741455,3.04038405418396,3256220
2007-04-19,1.7527685165405273,2.9423069953918457,3.04038405418396,2.89326810836792,3.04038405418396,3053114
2007-04-20,1.7527685165405273,2.9423069953918457,2.991344928741455,2.89326810836792,2.89326810836792,3035169
2007-04-23,1.8404066562652588,3.0894219875335693,3.0894219875335693,2.89326810836792,2.991344928741455,7923577
2007-04-24,1.8696198463439941,3.138461112976074,3.1874990463256836,2.991344928741455,3.0894219875335693,8864879
2007-04-25,1.8696198463439941,3.138461112976074,3.1874990463256836,3.04038405418396,3.1874990463256836,7482291
2007-04-26,1.8696198463439941,3.138461112976074,3.1874990463256836,3.04038405418396,3.1874990463256836,1842635
2007-04-27,1.8988322019577026,3.1874990463256836,3.236536979675293,3.0894219875335693,3.138461112976074,8875483
2007-04-30,2.190960168838501,3.677884101867676,3.677884101867676,3.138461112976074,3.236536979675293,82807463
2007-05-02,2.541513442993164,4.266345024108887,4.413459777832031,3.5307679176330566,3.677884101867676,88033770
2007-05-03,2.483088254928589,4.168268203735352,4.315382957458496,3.972114086151123,4.217307090759277,36483409
2007-05-04,2.337023973464966,3.9230759143829346,4.217307090759277,3.874037027359009,4.168268203735352,17934089
2007-05-07,2.366237163543701,3.972114086151123,4.021152973175049,3.874037027359009,3.9230759143829346,15878763
2007-05-08,2.7167909145355225,4.56057596206665,4.707691192626953,4.021152973175049,4.021152973175049,72954991
2007-05-09,2.5999393463134766,4.364421844482422,4.56057596206665,4.266345024108887,4.511537075042725,26813651
2007-05-10,2.83364200592041,4.756730079650879,4.854805946350098,4.266345024108887,4.364421844482422,45394579
2007-05-11,2.687577724456787,4.511537075042725,4.756730079650879,4.511537075042725,4.60961389541626,18684112
2007-05-14,2.9212803840637207,4.903844833374023,5.050960063934326,4.56057596206665,4.707691192626953,37367817
2007-05-15,2.9797065258026123,5.001922130584717,5.247114181518555,4.756730079650879,4.903844833374023,24948992
2007-05-16,2.9212803840637207,4.903844833374023,5.247114181518555,4.854805946350098,5.001922130584717,17606590
2007-05-17,2.7460033893585205,4.60961389541626,5.001922130584717,4.56057596206665,4.903844833374023,14330590
2007-05-18,2.658365488052368,4.462499141693115,4.56057596206665,4.266345024108887,4.511537075042725,11740990
2007-05-21,2.7460033893585205,4.60961389541626,4.707691192626953,4.315382957458496,4.413459777832031,11565617
2007-05-22,2.7752163410186768,4.6586527824401855,4.903844833374023,4.511537075042725,4.56057596206665,15080818
2007-05-23,2.9212803840637207,4.903844833374023,5.050960063934326,4.60961389541626,4.707691192626953,24205086
2007-05-25,2.9212803840637207,4.903844833374023,4.952882766723633,4.707691192626953,4.756730079650879,13577915
2007-05-28,3.0673441886901855,5.149036884307861,5.394228935241699,4.952882766723633,4.952882766723633,30124522
2007-05-29,3.0673441886901855,5.149036884307861,5.394228935241699,4.952882766723633,5.2961530685424805,21578575
2007-05-30,3.271834135055542,5.492306232452393,5.6394219398498535,5.099998950958252,5.149036884307861,85550821
2007-05-31,3.6223878860473633,6.08076810836792,6.2278828620910645,5.541345119476318,5.590383052825928,44636399
2007-06-01,4.011669635772705,6.6201910972595215,7.159614086151123,6.08076810836792,6.08076810836792,66936653
2007-06-04,3.8333709239959717,6.325960159301758,6.9634599685668945,6.325960159301758,6.767305850982666,30349651
2007-06-05,3.8333709239959717,6.325960159301758,6.424036979675293,5.6394219398498535,6.374999046325684,32842389
2007-06-06,4.27911376953125,7.06153678894043,7.355768203735352,6.2278828620910645,6.276922225952148,46274144
2007-06-07,4.2196807861328125,6.9634599685668945,7.306728839874268,6.718267917633057,6.865383148193359,31992851
2007-06-08,4.130533218383789,6.81634521484375,6.9634599685668945,6.6201910972595215,6.718267917633057,14632598
2007-06-11,4.160248756408691,6.865383148193359,7.06153678894043,6.81634521484375,6.9634599685668945,11254433
2007-06-12,3.981951951980591,6.571152210235596,6.914422035217285,6.522113800048828,6.865383148193359,8776785
2007-06-13,4.041384220123291,6.669229030609131,6.81634521484375,6.522113800048828,6.522113800048828,7598730
2007-06-14,4.189964771270752,6.914422035217285,7.159614086151123,6.718267917633057,6.767305850982666,18065618
2007-06-15,4.576273441314697,7.5519208908081055,7.79711389541626,6.914422035217285,6.914422035217285,45606861
2007-06-18,4.724853992462158,7.79711389541626,8.238459587097168,7.355768203735352,7.748075008392334,24475690
2007-06-20,4.873433589935303,8.042305946350098,8.532690048217773,7.9442291259765625,8.042305946350098,11784833
2007-06-21,4.635705471038818,7.649998188018799,8.140382766723633,7.649998188018799,8.042305946350098,8696848
2007-06-22,4.724853992462158,7.79711389541626,7.993268013000488,7.649998188018799,7.699037075042725,5916581
2007-06-25,4.516842842102051,7.453845024108887,7.79711389541626,7.404806137084961,7.748075008392334,4731388
2007-06-26,4.695137977600098,7.748075008392334,7.9442291259765625,7.306728839874268,7.453845024108887,9172403
2007-06-27,4.754570007324219,7.846151828765869,7.9442291259765625,7.404806137084961,7.846151828765869,7167436
2007-06-28,4.516842842102051,7.453845024108887,7.895191192626953,7.453845024108887,7.895191192626953,2525365
2007-06-29,4.6059889793396,7.600959777832031,7.748075008392334,7.208652019500732,7.453845024108887,8449083
2007-07-03,4.635705471038818,7.649998188018799,7.846151828765869,7.453845024108887,7.649998188018799,4030306
2007-07-04,4.635705471038818,7.649998188018799,7.748075008392334,7.306728839874268,7.748075008392334,5409632
2007-07-05,5.259742736816406,8.679805755615234,9.1211519241333,7.453845024108887,7.649998188018799,31064600
2007-07-06,5.764915943145752,9.513460159301758,9.660574913024902,8.483652114868164,8.679805755615234,39009244
2007-07-09,5.913496017456055,9.758651733398438,9.905767440795898,9.17018985748291,9.562498092651367,25377023
2007-07-10,5.854063987731934,9.660574913024902,9.905767440795898,9.513460159301758,9.856728553771973,7241355
2007-07-11,5.705484867095947,9.415383338928223,9.611536026000977,9.219228744506836,9.415383338928223,6423122
2007-07-12,5.527187347412109,9.1211519241333,9.513460159301758,8.92499828338623,9.366344451904297,7712110
2007-07-13,5.67576789855957,9.366344451904297,9.415383338928223,9.023075103759766,9.268266677856445,4452016
2007-07-16,5.824347972869873,9.611536026000977,9.954806327819824,9.268266677856445,9.366344451904297,9369606
2007-07-17,5.794632911682129,9.562498092651367,9.709612846374512,9.415383338928223,9.611536026000977,2718274
2007-07-18,5.67576789855957,9.366344451904297,9.562498092651367,9.219228744506836,9.562498092651367,2688094
2007-07-19,5.913496017456055,9.758651733398438,9.905767440795898,9.366344451904297,9.415383338928223,5709396
2007-07-20,5.764915943145752,9.513460159301758,9.905767440795898,9.513460159301758,9.807689666748047,3431573
2007-07-23,6.983274459838867,11.524036407470703,11.573075294494629,9.317305564880371,9.611536026000977,17817407
2007-07-24,6.923841953277588,11.425958633422852,12.40672779083252,11.033652305603027,11.180767059326172,13884613
2007-07-25,7.310152053833008,12.063459396362305,12.259613037109375,11.033652305603027,11.082690238952637,4360659
2007-07-26,7.845041751861572,12.946150779724121,13.387496948242188,11.573075294494629,11.769227981567383,209770489
2007-07-27,8.02333927154541,13.240382194519043,13.82884407043457,12.063459396362305,12.16153621673584,43869544
2007-07-30,7.66674280166626,12.651921272277832,13.338459014892578,12.16153621673584,13.093267440795898,18952473
2007-07-31,7.607310771942139,12.553844451904297,12.995189666748047,12.308650970458984,12.995189666748047,8696440
2007-08-01,7.13185453414917,11.769227981567383,12.946150779724121,11.082690238952637,12.308650970458984,13777351
2007-08-02,6.4781012535095215,10.69038200378418,12.35768985748291,10.150959014892578,12.16153621673584,19878899
2007-08-03,6.983274459838867,11.524036407470703,11.524036407470703,10.396151542663574,11.033652305603027,13006935
2007-08-06,6.507816791534424,10.739420890808105,11.180767059326172,10.494229316711426,10.788458824157715,14511061
2007-08-07,6.0026445388793945,9.905767440795898,11.376920700073242,9.268266677856445,11.180767059326172,16782543
2007-08-08,6.507816791534424,10.739420890808105,10.935574531555176,9.856728553771973,10.05288314819336,11458762
2007-08-09,6.68611478805542,11.033652305603027,11.720190048217773,10.83749771118164,10.984613418579102,15286982
2007-08-10,6.240373611450195,10.298074722290039,10.592306137084961,9.856728553771973,9.954806327819824,12583594
2007-08-13,6.4781012535095215,10.69038200378418,11.082690238952637,10.347112655639648,10.64134407043457,10076378
2007-08-14,6.359238147735596,10.494229316711426,10.83749771118164,10.4451904296875,10.69038200378418,5209992
2007-08-15,6.240373611450195,10.298074722290039,10.396151542663574,10.150959014892578,10.199997901916504,5856628
2007-08-16,5.408323287963867,8.92499828338623,10.05288314819336,8.679805755615234,10.05288314819336,19007134
2007-08-17,5.289458274841309,8.728843688964844,9.1211519241333,6.669229030609131,8.92499828338623,23066795
2007-08-20,5.5866193771362305,9.219228744506836,9.807689666748047,8.679805755615234,9.513460159301758,19780191
2007-08-21,5.259742736816406,8.679805755615234,9.905767440795898,8.5817289352417,9.513460159301758,25213209
2007-08-22,5.348891258239746,8.826921463012695,9.023075103759766,8.091343879699707,8.875960350036621,13316896
2007-08-23,6.240373611450195,10.298074722290039,10.494229316711426,8.826921463012695,9.1211519241333,32268961
2007-08-24,6.864409446716309,11.327881813049316,11.769227981567383,9.856728553771973,10.347112655639648,30027659
2007-08-27,7.696461200714111,12.700959205627441,12.848073959350586,11.573075294494629,11.769227981567383,17214245
2007-08-28,7.161571979522705,11.818266868591309,12.553844451904297,11.524036407470703,12.553844451904297,16364655
2007-08-29,7.072422027587891,11.671152114868164,11.769227981567383,10.83749771118164,10.984613418579102,11982433
2007-08-30,7.458730697631836,12.308650970458984,12.749998092651367,11.720190048217773,12.014421463012695,14217006
2007-08-31,8.02333927154541,13.240382194519043,13.6326904296875,12.259613037109375,12.40672779083252,32581110
2007-09-03,8.02333927154541,13.240382194519043,14.024996757507324,12.749998092651367,13.240382194519043,22769070
2007-09-04,7.7261762619018555,12.749998092651367,13.534612655639648,12.602882385253906,13.338459014892578,15838590
2007-09-05,7.904473304748535,13.044227600097656,13.338459014892578,12.749998092651367,13.142305374145508,8043697
2007-09-06,7.963904857635498,13.142305374145508,13.436535835266113,12.799036026000977,13.044227600097656,6040973
2007-09-07,8.14220142364502,13.436535835266113,13.779805183410645,13.044227600097656,13.044227600097656,17385132
2007-09-10,8.885102272033691,14.662496566772461,14.711536407470703,13.044227600097656,13.093267440795898,15636912
2007-09-11,9.122831344604492,15.054804801940918,16.133651733398438,14.809613227844238,15.93749713897705,21873424
2007-09-12,9.241697311401367,15.250959396362305,15.839420318603516,14.907690048217773,15.496150970458984,9744189
2007-09-13,9.063399314880371,14.956727981567383,15.59422779083252,14.46634292602539,15.447113037109375,9005993
2007-09-14,8.91481876373291,14.711536407470703,15.103842735290527,14.564419746398926,14.956727981567383,5282589
2007-09-17,8.736523628234863,14.417304992675781,14.809613227844238,14.221151351928711,14.809613227844238,6123969
2007-09-18,9.330843925476074,15.39807415008545,15.643265724182129,14.221151351928711,14.221151351928711,15558810
2007-09-19,9.568572998046875,15.790382385253906,16.476919174194336,15.447113037109375,15.692304611206055,18632928
2007-09-20,9.330843925476074,15.39807415008545,15.790382385253906,15.34903621673584,15.545188903808594,6124581
2007-09-21,9.419992446899414,15.545188903808594,15.888459205627441,15.250959396362305,15.250959396362305,5669428
2007-09-24,9.330843925476074,15.39807415008545,16.280765533447266,15.201919555664062,15.692304611206055,9196048
2007-09-25,8.82567024230957,14.564419746398926,15.39807415008545,14.319228172302246,14.711536407470703,8546762
2007-09-27,9.2119779586792,15.201919555664062,15.790382385253906,14.760574340820312,15.005765914916992,14310381
2007-09-28,9.033685684204102,14.907690048217773,15.34903621673584,14.858651161193848,15.201919555664062,5526593
2007-10-02,10.430339813232422,17.21249771118164,17.31057357788086,15.447113037109375,15.643265724182129,31118436
2007-10-03,10.965226173400879,18.09518814086914,18.634611129760742,17.31057357788086,17.65384292602539,22972583
2007-10-04,9.59829044342041,15.839420318603516,16.72211265563965,15.496150970458984,16.67307472229004,61882456
2007-10-05,9.806302070617676,16.182689666748047,16.574996948242188,15.839420318603516,16.182689666748047,9460330
2007-10-08,9.568572998046875,15.790382385253906,16.525957107543945,15.790382385253906,16.427881240844727,4440596
2007-10-09,9.865732192993164,16.280765533447266,16.427881240844727,15.005765914916992,15.93749713897705,8146667
2007-10-10,10.965226173400879,18.09518814086914,18.14422607421875,17.21249771118164,17.26153564453125,20717822
2007-10-11,11.88642406463623,19.615381240844727,19.90961265563965,18.2423038482666,18.291343688964844,31354577
2007-10-12,11.529831886291504,19.026920318603516,19.517303466796875,18.09518814086914,19.468265533447266,9298417
2007-10-15,11.232670783996582,18.536535263061523,20.007688522338867,18.2423038482666,19.370189666748047,12949787
2007-10-16,10.93551254272461,18.04615020751953,18.536535263061523,17.80095863342285,18.193265914916992,6629118
2007-10-17,11.648695945739746,19.223072052001953,19.566343307495117,17.60480308532715,17.80095863342285,6362712
2007-10-18,12.005289077758789,19.811534881591797,20.399995803833008,18.634611129760742,19.566343307495117,15987045
2007-10-22,11.88642406463623,19.615381240844727,19.811534881591797,18.487497329711914,18.585573196411133,7968662
2007-10-23,12.302452087402344,20.30191993713379,21.28268814086914,19.860572814941406,19.860572814941406,6254345
2007-10-24,12.124155044555664,20.007688522338867,20.98845863342285,19.860572814941406,20.74326515197754,5023404
2007-10-25,11.88642406463623,19.615381240844727,20.252880096435547,19.321149826049805,20.154804229736328,5421867
2007-10-26,12.153870582580566,20.056726455688477,20.49807357788086,19.811534881591797,20.056726455688477,2828188
2007-10-29,12.421314239501953,20.49807357788086,20.64518928527832,20.3509578704834,20.3509578704834,4489075
2007-10-30,12.035006523132324,19.860572814941406,20.79230308532715,19.713457107543945,20.49807357788086,5717553
2007-10-31,12.183585166931152,20.10576629638672,20.84134292602539,19.762496948242188,20.74326515197754,8028132
2007-11-01,12.92648696899414,21.33172607421875,21.33172607421875,20.399995803833008,20.596149444580078,11136566
2007-11-02,12.688755989074707,20.93941879272461,21.08653450012207,20.30191993713379,20.596149444580078,5214618
2007-11-05,12.005289077758789,19.811534881591797,21.67499542236328,19.615381240844727,20.399995803833008,5947577
2007-11-06,11.797277450561523,19.468265533447266,20.3509578704834,19.370189666748047,19.860572814941406,5616612
2007-11-07,11.88642406463623,19.615381240844727,20.252880096435547,19.566343307495117,20.056726455688477,4675106
2007-11-08,11.945853233337402,19.713457107543945,19.713457107543945,19.026920318603516,19.419227600097656,3680377
2007-11-09,11.589265823364258,19.124996185302734,19.664419174194336,18.879804611206055,19.124996185302734,4804800
2007-11-12,10.876079559326172,17.948074340820312,18.68364906311035,17.1634578704834,18.2423038482666,8042463
2007-11-13,10.25204086303711,16.91826629638672,18.04615020751953,16.72211265563965,16.72211265563965,4045600
2007-11-14,10.727499961853027,17.702880859375,17.997112274169922,17.45768928527832,17.45768928527832,5683906
2007-11-15,10.341188430786133,17.065380096435547,17.84999656677246,16.967304229736328,17.80095863342285,1911846
2007-11-16,10.430339813232422,17.21249771118164,17.40865135192871,16.231727600097656,17.065380096435547,3050055
2007-11-19,10.25204086303711,16.91826629638672,17.55576515197754,16.378843307495117,16.91826629638672,2013521
2007-11-20,10.400622367858887,17.1634578704834,17.50672721862793,15.39807415008545,15.93749713897705,5712659
2007-11-21,9.806302070617676,16.182689666748047,17.55576515197754,15.692304611206055,17.11441993713379,2682384
2007-11-22,9.687438011169434,15.986536026000977,16.525957107543945,15.496150970458984,15.839420318603516,3228690
2007-11-23,9.776586532592773,16.133651733398438,16.72211265563965,15.93749713897705,16.427881240844727,2735414
2007-11-26,10.281757354736328,16.967304229736328,17.065380096435547,16.182689666748047,16.182689666748047,1931953
2007-11-27,9.895451545715332,16.329805374145508,16.67307472229004,16.182689666748047,16.182689666748047,2393631
2007-11-28,9.776586532592773,16.133651733398438,16.624034881591797,15.93749713897705,16.476919174194336,4069867
2007-11-29,9.776586532592773,16.133651733398438,16.133651733398438,16.133651733398438,16.133651733398438,0
2007-11-30,9.776586532592773,16.133651733398438,16.133651733398438,16.133651733398438,16.133651733398438,0
2007-12-03,9.895451545715332,16.329805374145508,16.476919174194336,16.035573959350586,16.427881240844727,13363006
2007-12-04,10.281757354736328,16.967304229736328,17.1634578704834,16.182689666748047,16.574996948242188,5843061
2007-12-05,10.222325325012207,16.86922836303711,17.31057357788086,16.72211265563965,16.967304229736328,4087404
2007-12-06,10.103463172912598,16.67307472229004,17.35961151123047,16.378843307495117,17.016342163085938,2414839
2007-12-07,10.162893295288086,16.771150588989258,17.11441993713379,16.231727600097656,17.065380096435547,3551906
2007-12-10,9.806302070617676,16.182689666748047,16.91826629638672,16.084611892700195,16.624034881591797,2751742
2007-12-11,9.895451545715332,16.329805374145508,16.574996948242188,15.741342544555664,16.231727600097656,3811638
2007-12-12,9.59829044342041,15.839420318603516,16.182689666748047,15.447113037109375,16.182689666748047,1900661
2007-12-13,9.509140968322754,15.692304611206055,16.182689666748047,15.59422779083252,15.741342544555664,1388269
2007-12-14,9.122831344604492,15.054804801940918,15.39807415008545,14.368267059326172,15.201919555664062,8448203
2007-12-17,8.379929542541504,13.82884407043457,15.201919555664062,13.044227600097656,15.201919555664062,10599764
2007-12-18,8.379929542541504,13.82884407043457,13.82884407043457,12.995189666748047,13.485573768615723,6354119
2007-12-19,8.379929542541504,13.82884407043457,14.07403564453125,12.995189666748047,13.975958824157715,2615906
2007-12-20,8.469078063964844,13.975958824157715,13.975958824157715,13.485573768615723,13.534612655639648,1047749
2007-12-21,9.09311580657959,15.005765914916992,15.054804801940918,14.024996757507324,14.024996757507324,1515137
2007-12-24,9.509140968322754,15.692304611206055,15.741342544555664,15.299997329711914,15.496150970458984,1233317
2007-12-27,9.628005981445312,15.888459205627441,15.888459205627441,14.613458633422852,15.692304611206055,2036361
2007-12-28,9.509140968322754,15.692304611206055,15.790382385253906,15.201919555664062,15.741342544555664,2881004
2007-12-31,9.479424476623535,15.643265724182129,15.839420318603516,15.496150970458984,15.839420318603516,907451
2008-01-02,9.09311580657959,15.005765914916992,15.888459205627441,14.907690048217773,15.299997329711914,2634259
2008-01-03,9.063399314880371,14.956727981567383,15.34903621673584,14.711536407470703,14.858651161193848,1663184
2008-01-04,9.033685684204102,14.907690048217773,15.054804801940918,14.711536407470703,15.054804801940918,697819
2008-01-07,8.91481876373291,14.711536407470703,14.711536407470703,13.436535835266113,14.46634292602539,4058855
2008-01-08,9.36055850982666,15.447113037109375,15.692304611206055,14.172113418579102,14.172113418579102,4013992
2008-01-09,9.330843925476074,15.39807415008545,15.447113037109375,14.662496566772461,15.39807415008545,5050322
2008-01-10,10.25204086303711,16.91826629638672,17.702880859375,15.39807415008545,15.39807415008545,25653255
2008-01-11,10.400622367858887,17.1634578704834,17.55576515197754,17.016342163085938,17.26153564453125,8499044
2008-01-14,10.014314651489258,16.525957107543945,17.35961151123047,16.182689666748047,17.1634578704834,3246839
2008-01-15,9.717153549194336,16.035573959350586,16.91826629638672,15.643265724182129,16.525957107543945,6224706
2008-01-16,9.00396728515625,14.858651161193848,15.741342544555664,14.46634292602539,15.692304611206055,5144138
2008-01-17,8.706807136535645,14.368267059326172,15.103842735290527,13.926919937133789,15.054804801940918,5842353
2008-01-18,8.469078063964844,13.975958824157715,14.319228172302246,13.485573768615723,13.730767250061035,3493177
2008-01-21,8.320497512817383,13.730767250061035,13.926919937133789,13.534612655639648,13.779805183410645,2986689
2008-01-22,7.696461200714111,12.700959205627441,14.907690048217773,10.199997901916504,14.907690048217773,6538923
2008-01-23,7.191286087036133,11.867304801940918,13.730767250061035,11.229804992675781,11.524036407470703,7222087
2008-01-24,7.191286087036133,11.867304801940918,12.749998092651367,11.278843879699707,12.16153621673584,8572456
2008-01-25,7.755892276763916,12.799036026000977,13.142305374145508,11.524036407470703,11.524036407470703,10329022
2008-01-28,7.191286087036133,11.867304801940918,12.799036026000977,11.867304801940918,12.799036026000977,2629365
2008-01-29,7.0129899978637695,11.573075294494629,12.553844451904297,11.524036407470703,12.259613037109375,3856565
2008-01-30,6.68611478805542,11.033652305603027,11.769227981567383,10.298074722290039,11.769227981567383,6554248
2008-01-31,6.448385238647461,10.64134407043457,11.033652305603027,9.513460159301758,10.543267250061035,14887092
2008-02-01,6.270088195800781,10.347112655639648,11.033652305603027,10.298074722290039,10.592306137084961,7721083
2008-02-04,6.329519748687744,10.4451904296875,11.327881813049316,9.954806327819824,10.88653564453125,19446371
2008-02-05,6.1512250900268555,10.150959014892578,10.4451904296875,9.807689666748047,10.4451904296875,14322841
2008-02-06,5.735200881958008,9.464421272277832,9.758651733398438,9.317305564880371,9.709612846374512,5582965
2008-02-11,5.438039779663086,8.974037170410156,9.464421272277832,8.385575294494629,9.464421272277832,21402387
2008-02-12,5.438039779663086,8.974037170410156,9.366344451904297,8.974037170410156,9.17018985748291,4110447
2008-02-13,5.67576789855957,9.366344451904297,10.298074722290039,9.317305564880371,9.415383338928223,16651014
2008-02-14,6.121509075164795,10.101921081542969,10.101921081542969,9.513460159301758,9.709612846374512,14188457
2008-02-15,6.329519748687744,10.4451904296875,10.88653564453125,9.513460159301758,9.611536026000977,12528127
2008-02-18,6.4186692237854,10.592306137084961,11.376920700073242,10.592306137084961,10.739420890808105,16969132
2008-02-19,7.042706489562988,11.622113227844238,12.16153621673584,10.88653564453125,10.88653564453125,18153508
2008-02-20,6.834693431854248,11.278843879699707,11.720190048217773,10.83749771118164,11.671152114868164,17910026
2008-02-21,6.4781012535095215,10.69038200378418,11.622113227844238,10.543267250061035,11.474998474121094,6515295
2008-02-22,6.567249298095703,10.83749771118164,11.082690238952637,10.494229316711426,10.64134407043457,5224063
2008-02-25,6.4781012535095215,10.69038200378418,10.935574531555176,10.298074722290039,10.935574531555176,4265224
2008-02-26,6.359238147735596,10.494229316711426,11.082690238952637,10.4451904296875,10.83749771118164,6317404
2008-02-27,6.4781012535095215,10.69038200378418,10.88653564453125,10.249035835266113,10.494229316711426,8444801
2008-02-28,6.537533283233643,10.788458824157715,11.131729125976562,9.513460159301758,9.513460159301758,3990142
2008-02-29,6.775262832641602,11.180767059326172,11.278843879699707,10.64134407043457,10.83749771118164,6533240
2008-03-03,6.596966743469238,10.88653564453125,11.229804992675781,10.739420890808105,11.229804992675781,4911020
2008-03-04,6.715829849243164,11.082690238952637,11.327881813049316,10.209806442260742,10.209806442260742,6678840
2008-03-05,6.537533283233643,10.788458824157715,11.818266868591309,10.4451904296875,11.818266868591309,6163797
2008-03-06,6.596966743469238,10.88653564453125,11.131729125976562,10.739420890808105,10.935574531555176,5867232
2008-03-07,6.270088195800781,10.347112655639648,10.592306137084961,10.05288314819336,10.4451904296875,5326432
2008-03-10,5.824347972869873,9.611536026000977,10.298074722290039,9.562498092651367,10.101921081542969,4475940
2008-03-11,5.794632911682129,9.562498092651367,9.709612846374512,8.974037170410156,9.562498092651367,10180174
2008-03-12,5.883780002593994,9.709612846374512,10.396151542663574,9.660574913024902,9.856728553771973,16651830
2008-03-13,5.5866193771362305,9.219228744506836,10.298074722290039,8.974037170410156,10.298074722290039,4306824
2008-03-14,5.140878677368164,8.483652114868164,9.513460159301758,8.287498474121094,9.464421272277832,13258951
2008-03-17,4.6059889793396,7.600959777832031,7.993268013000488,7.355768203735352,7.895191192626953,5715718
2008-03-18,4.130533218383789,6.81634521484375,7.846151828765869,5.884613990783691,7.846151828765869,16808144
2008-03-19,4.249396800994873,7.012497901916504,7.404806137084961,6.6201910972595215,6.6201910972595215,12328080
2008-03-20,4.189964771270752,6.914422035217285,7.06153678894043,6.2278828620910645,6.718267917633057,4626573
2008-03-25,4.665421962738037,7.699037075042725,7.748075008392334,6.9634599685668945,7.110575199127197,6095216
2008-03-26,4.843719005584717,7.993268013000488,8.140382766723633,7.600959777832031,7.600959777832031,7196393
2008-03-27,5.022014617919922,8.287498474121094,8.287498474121094,7.600959777832031,7.846151828765869,5450008
2008-03-28,5.1111626625061035,8.434614181518555,8.532690048217773,8.042305946350098,8.238459587097168,5606620
2008-03-31,5.438039779663086,8.974037170410156,9.023075103759766,8.385575294494629,8.483652114868164,7568631
2008-04-01,5.467756271362305,9.023075103759766,9.660574913024902,8.630766868591309,9.072113037109375,9944032
2008-04-02,5.497470855712891,9.072113037109375,9.415383338928223,9.023075103759766,9.17018985748291,4221407
2008-04-03,5.497470855712891,9.072113037109375,9.219228744506836,8.679805755615234,9.17018985748291,3673851
2008-04-07,5.764915943145752,9.513460159301758,9.709612846374512,9.072113037109375,9.17018985748291,4105331
2008-04-08,5.943211078643799,9.807689666748047,10.150959014892578,9.317305564880371,9.317305564880371,5336220
2008-04-09,5.764915943145752,9.513460159301758,10.199997901916504,9.464421272277832,9.807689666748047,3010728
2008-04-10,5.913496017456055,9.758651733398438,9.807689666748047,9.1211519241333,9.17018985748291,5106604
2008-04-11,5.854063987731934,9.660574913024902,9.954806327819824,9.562498092651367,9.954806327819824,5684926
2008-04-14,5.497470855712891,9.072113037109375,9.415383338928223,9.023075103759766,9.317305564880371,2534745
2008-04-15,5.794632911682129,9.562498092651367,9.611536026000977,8.92499828338623,9.1211519241333,6621334
2008-04-16,6.240373611450195,10.298074722290039,10.64134407043457,9.660574913024902,9.660574913024902,20288771
2008-04-17,6.537533283233643,10.788458824157715,11.425958633422852,10.64134407043457,10.88653564453125,29041290
2008-04-18,7.607310771942139,12.553844451904297,12.848073959350586,10.64134407043457,10.64134407043457,39397966
2008-04-21,7.547879695892334,12.455766677856445,14.270190238952637,12.259613037109375,12.995189666748047,22178111
2008-04-22,8.053053855895996,13.289421081542969,13.387496948242188,12.16153621673584,12.455766677856445,14416237
2008-04-23,7.785607814788818,12.848073959350586,13.779805183410645,12.651921272277832,13.289421081542969,12545664
2008-04-24,8.053053855895996,13.289421081542969,14.46634292602539,11.671152114868164,11.671152114868164,28399662
2008-04-25,8.14220142364502,13.436535835266113,13.730767250061035,13.191344261169434,13.436535835266113,8697327
2008-04-28,7.993620872497559,13.191344261169434,13.583650588989258,12.995189666748047,13.387496948242188,5744879
2008-04-29,7.66674280166626,12.651921272277832,13.387496948242188,12.35768985748291,13.240382194519043,11597056
2008-04-30,7.250718593597412,11.965381622314453,12.553844451904297,11.671152114868164,12.40672779083252,19136940
2008-05-02,7.637028217315674,12.602882385253906,12.799036026000977,11.965381622314453,11.965381622314453,13445652
2008-05-05,7.7261762619018555,12.749998092651367,12.995189666748047,12.308650970458984,12.700959205627441,9003279
2008-05-06,7.815325736999512,12.897112846374512,13.142305374145508,11.818266868591309,11.818266868591309,6724663
2008-05-07,7.5775957107543945,12.504804611206055,13.093267440795898,12.35768985748291,13.044227600097656,6171483
2008-05-08,7.429014682769775,12.259613037109375,12.35768985748291,12.014421463012695,12.259613037109375,7162542
2008-05-09,7.221004009246826,11.916343688964844,12.455766677856445,11.916343688964844,12.308650970458984,4271545
2008-05-13,7.696461200714111,12.700959205627441,12.749998092651367,12.063459396362305,12.063459396362305,7958826
2008-05-14,7.874757766723633,12.995189666748047,13.142305374145508,12.749998092651367,12.749998092651367,10223178
2008-05-15,8.320497512817383,13.730767250061035,13.779805183410645,13.338459014892578,13.387496948242188,15527610
2008-05-16,8.528512954711914,14.07403564453125,14.221151351928711,12.848073959350586,12.848073959350586,11428520
2008-05-19,8.766239166259766,14.46634292602539,14.46634292602539,14.024996757507324,14.12307357788086,8101397
2008-05-20,8.439361572265625,13.926919937133789,14.417304992675781,13.87788200378418,14.417304992675781,7397276
2008-05-21,8.409646034240723,13.87788200378418,13.87788200378418,13.240382194519043,13.6326904296875,9788032
2008-05-22,8.112485885620117,13.387496948242188,13.583650588989258,13.338459014892578,13.436535835266113,4932863
2008-05-23,8.201634407043457,13.534612655639648,13.730767250061035,13.387496948242188,13.485573768615723,3459326
2008-05-26,8.082769393920898,13.338459014892578,13.534612655639648,13.093267440795898,13.387496948242188,3706886
2008-05-27,8.261066436767578,13.6326904296875,13.926919937133789,13.338459014892578,13.338459014892578,7629522
2008-05-28,8.261066436767578,13.6326904296875,13.779805183410645,13.534612655639648,13.779805183410645,2607341
2008-05-29,8.201634407043457,13.534612655639648,13.730767250061035,13.387496948242188,13.68172836303711,3752157
2008-05-30,8.261066436767578,13.6326904296875,13.779805183410645,13.436535835266113,13.583650588989258,3802281
2008-06-02,8.439361572265625,13.926919937133789,14.07403564453125,13.485573768615723,13.485573768615723,3683475
2008-06-03,8.228378295898438,13.387496948242188,13.730767250061035,13.289421081542969,13.485573768615723,4393694
2008-06-04,7.866690635681152,12.799036026000977,13.534612655639648,12.700959205627441,13.387496948242188,8420656
2008-06-05,7.384442329406738,12.014421463012695,13.044227600097656,11.671152114868164,12.848073959350586,15480912
2008-06-06,7.474863529205322,12.16153621673584,13.044227600097656,12.014421463012695,13.044227600097656,5282217
2008-06-10,6.872050762176514,11.180767059326172,12.40672779083252,10.88653564453125,12.40672779083252,6682748
2008-06-11,6.932331562042236,11.278843879699707,11.622113227844238,11.131729125976562,11.180767059326172,7179803
2008-06-12,6.721349716186523,10.935574531555176,11.033652305603027,10.396151542663574,10.984613418579102,10709962
2008-06-13,6.932331562042236,11.278843879699707,11.376920700073242,10.788458824157715,10.935574531555176,9468487
2008-06-16,7.565286636352539,12.308650970458984,12.308650970458984,11.720190048217773,11.769227981567383,5757930
2008-06-17,8.047534942626953,13.093267440795898,13.142305374145508,12.602882385253906,12.700959205627441,13099597
2008-06-18,7.92697286605835,12.897112846374512,13.240382194519043,12.799036026000977,12.897112846374512,7484330
2008-06-19,7.625565052032471,12.40672779083252,12.946150779724121,12.210575103759766,12.749998092651367,5319580
2008-06-20,7.866690635681152,12.799036026000977,12.946150779724121,12.553844451904297,12.553844451904297,4396994
2008-06-23,7.595426559448242,12.35768985748291,12.700959205627441,12.210575103759766,12.700959205627441,6781616
2008-06-24,7.625565052032471,12.40672779083252,12.455766677856445,12.210575103759766,12.259613037109375,5008926
2008-06-25,7.655706405639648,12.455766677856445,12.848073959350586,12.35768985748291,12.40672779083252,4999341
2008-06-26,7.776269912719727,12.651921272277832,12.651921272277832,12.35768985748291,12.504804611206055,4750557
2008-06-27,7.776269912719727,12.651921272277832,12.651921272277832,12.063459396362305,12.16153621673584,3614324
2008-06-30,7.685845851898193,12.504804611206055,12.700959205627441,12.210575103759766,12.455766677856445,2223036
2008-07-02,7.505002975463867,12.210575103759766,12.40672779083252,12.11249828338623,12.259613037109375,13959045
2008-07-03,7.384442329406738,12.014421463012695,12.210575103759766,11.916343688964844,12.210575103759766,9944848
2008-07-04,7.474863529205322,12.16153621673584,12.16153621673584,11.965381622314453,12.014421463012695,3131012
2008-07-07,7.505002975463867,12.210575103759766,12.308650970458984,11.916343688964844,12.16153621673584,2095906
2008-07-08,7.8064093589782715,12.700959205627441,12.946150779724121,12.210575103759766,12.210575103759766,6356038
2008-07-09,7.836552619934082,12.749998092651367,13.093267440795898,12.651921272277832,12.995189666748047,4224032
2008-07-10,8.318799018859863,13.534612655639648,13.534612655639648,12.602882385253906,12.651921272277832,13933147
2008-07-11,8.137955665588379,13.240382194519043,13.730767250061035,12.799036026000977,13.6326904296875,11915979
2008-07-14,7.866690635681152,12.799036026000977,13.387496948242188,12.799036026000977,13.191344261169434,2321585
2008-07-15,7.565286636352539,12.308650970458984,12.749998092651367,12.210575103759766,12.749998092651367,5554824
2008-07-16,7.625565052032471,12.40672779083252,12.455766677856445,12.11249828338623,12.259613037109375,6238094
2008-07-17,7.776269912719727,12.651921272277832,12.749998092651367,12.455766677856445,12.749998092651367,4703410
2008-07-18,7.595426559448242,12.35768985748291,12.848073959350586,12.308650970458984,12.651921272277832,2465819
2008-07-21,7.565286636352539,12.308650970458984,12.602882385253906,12.259613037109375,12.40672779083252,13989837
2008-07-22,7.535144805908203,12.259613037109375,12.35768985748291,12.210575103759766,12.308650970458984,2073474
2008-07-23,7.535144805908203,12.259613037109375,12.504804611206055,12.210575103759766,12.35768985748291,3818228
2008-07-24,7.655706405639648,12.455766677856445,12.749998092651367,12.35768985748291,12.40672779083252,4846581
2008-07-25,7.595426559448242,12.35768985748291,12.40672779083252,12.16153621673584,12.259613037109375,6025883
2008-07-28,7.535144805908203,12.259613037109375,12.40672779083252,12.210575103759766,12.308650970458984,1529004
2008-07-29,7.565286636352539,12.308650970458984,12.35768985748291,12.16153621673584,12.16153621673584,4026003
2008-07-30,7.715988636016846,12.553844451904297,12.799036026000977,12.35768985748291,12.35768985748291,3717082
2008-07-31,7.836552619934082,12.749998092651367,12.946150779724121,12.553844451904297,12.700959205627441,3128973
2008-08-01,7.655706405639648,12.455766677856445,12.602882385253906,12.308650970458984,12.553844451904297,2566149
2008-08-04,7.535144805908203,12.259613037109375,12.40672779083252,12.210575103759766,12.40672779083252,4144502
2008-08-05,7.263879299163818,11.818266868591309,12.35768985748291,11.131729125976562,12.259613037109375,19114591
2008-08-06,7.263879299163818,11.818266868591309,11.818266868591309,11.818266868591309,11.818266868591309,0
2008-08-07,7.294018268585205,11.867304801940918,12.063459396362305,11.573075294494629,11.965381622314453,12500965
2008-08-08,7.052896022796631,11.474998474121094,11.818266868591309,11.474998474121094,11.818266868591309,6078087
2008-08-11,6.35966157913208,10.347112655639648,12.019325256347656,9.562498092651367,12.019325256347656,14309586
2008-08-12,5.96783447265625,9.709612846374512,10.347112655639648,9.317305564880371,9.807689666748047,8333052
2008-08-13,5.726709365844727,9.317305564880371,9.856728553771973,8.974037170410156,9.317305564880371,9960142
2008-08-14,5.937693119049072,9.660574913024902,9.709612846374512,9.268266677856445,9.464421272277832,4895790
2008-08-15,6.028113842010498,9.807689666748047,10.003844261169434,9.415383338928223,9.562498092651367,7205773
2008-08-18,5.6664276123046875,9.219228744506836,9.954806327819824,8.974037170410156,9.856728553771973,6235922
2008-08-19,5.606146812438965,9.1211519241333,9.317305564880371,8.92499828338623,9.1211519241333,2503341
2008-08-20,5.756850719451904,9.366344451904297,9.513460159301758,9.023075103759766,9.072113037109375,2744376
2008-08-21,5.636287689208984,9.17018985748291,9.415383338928223,9.1211519241333,9.366344451904297,2290447
2008-08-22,5.636287689208984,9.17018985748291,9.17018985748291,9.17018985748291,9.17018985748291,0
2008-08-25,5.636287689208984,9.17018985748291,9.415383338928223,9.17018985748291,9.219228744506836,1166023
2008-08-26,5.304740905761719,8.630766868591309,9.1211519241333,8.385575294494629,9.072113037109375,5485491
2008-08-27,5.545866966247559,9.023075103759766,9.023075103759766,8.532690048217773,8.728843688964844,3356549
2008-08-28,5.455444812774658,8.875960350036621,9.366344451904297,8.875960350036621,9.1211519241333,5728565
2008-08-29,5.636287689208984,9.17018985748291,9.415383338928223,9.023075103759766,9.072113037109375,9413836
2008-09-01,5.786990642547607,9.415383338928223,9.464421272277832,9.072113037109375,9.17018985748291,4851702
2008-09-02,5.334883213043213,8.679805755615234,9.366344451904297,7.993268013000488,9.317305564880371,14751664
2008-09-03,4.762211322784424,7.748075008392334,8.5817289352417,7.404806137084961,8.5817289352417,18500991
2008-09-04,4.4306640625,7.208652019500732,7.5519208908081055,6.81634521484375,7.453845024108887,16386324
2008-09-05,4.460806369781494,7.257690906524658,7.257690906524658,6.522113800048828,7.208652019500732,17790528
2008-09-08,4.370384216308594,7.110575199127197,7.649998188018799,6.9634599685668945,7.600959777832031,8284205
2008-09-09,4.0689778327941895,6.6201910972595215,6.9634599685668945,6.6201910972595215,6.914422035217285,5649279
2008-09-10,3.707291603088379,6.031729221343994,6.374999046325684,5.884613990783691,6.276922225952148,14814965
2008-09-11,3.918276309967041,6.374999046325684,6.374999046325684,5.198075771331787,5.884613990783691,24098190
2008-09-12,4.00869607925415,6.522113800048828,6.914422035217285,5.933651924133301,6.178844928741455,16198960
2008-09-16,4.039297580718994,6.473074913024902,6.571152210235596,5.590383052825928,5.992498874664307,20902910
2008-09-17,4.069897651672363,6.522113800048828,6.865383148193359,6.178844928741455,6.767305850982666,15831632
2008-09-18,3.580286979675293,5.737499237060547,6.325960159301758,5.590383052825928,6.178844928741455,17792567
2008-09-19,3.8556935787200928,6.178844928741455,6.424036979675293,5.884613990783691,6.129806041717529,18539328
2008-09-22,3.978097438812256,6.374999046325684,6.669229030609131,6.129806041717529,6.374999046325684,14417257
2008-09-23,3.5496859550476074,5.688459873199463,6.2278828620910645,5.6394219398498535,6.129806041717529,12070428
2008-09-24,3.5496859550476074,5.688459873199463,5.982690811157227,5.6394219398498535,5.786537170410156,7890542
2008-09-25,3.672088861465454,5.884613990783691,6.08076810836792,5.6394219398498535,5.6394219398498535,10009287
2008-09-26,3.5190844535827637,5.6394219398498535,5.933651924133301,5.590383052825928,5.884613990783691,11150433
2008-09-29,3.396681785583496,5.443267822265625,5.786537170410156,5.394228935241699,5.737499237060547,5097632
2008-09-30,3.335479974746704,5.34519100189209,5.34519100189209,4.903844833374023,4.903844833374023,6277114
2008-10-02,3.1518754959106445,5.050960063934326,5.394228935241699,4.903844833374023,5.2961530685424805,25812943
2008-10-03,3.060073137283325,4.903844833374023,5.050960063934326,4.854805946350098,5.001922130584717,6766220
2008-10-06,2.9682717323303223,4.756730079650879,4.903844833374023,4.60961389541626,4.903844833374023,8880785
2008-10-08,2.2644548416137695,3.628844976425171,4.56057596206665,3.628844976425171,4.56057596206665,12268739
2008-10-09,2.3256564140319824,3.726922035217285,4.021152973175049,3.628844976425171,3.7759599685668945,11825821
2008-10-10,2.111450672149658,3.383652925491333,3.5798070430755615,3.04038405418396,3.285576105117798,15379359
2008-10-13,2.1420512199401855,3.4326910972595215,3.5307679176330566,3.138461112976074,3.4817299842834473,16618957
2008-10-14,1.9278465509414673,3.0894219875335693,3.677884101867676,2.89326810836792,3.628844976425171,44904759
2008-10-15,1.6218392848968506,2.5990378856658936,3.04038405418396,2.5990378856658936,3.04038405418396,30023988
2008-10-16,1.6218392848968506,2.5990378856658936,2.9423069953918457,2.3783650398254395,2.8148069381713867,47085905
2008-10-17,1.5147364139556885,2.427402973175049,2.6971139907836914,2.427402973175049,2.648076057434082,12802198
2008-10-20,1.5606378316879272,2.5009610652923584,2.5499989986419678,2.402884006500244,2.5009610652923584,7382573
2008-10-21,1.6218392848968506,2.5990378856658936,2.7461531162261963,2.5009610652923584,2.5499989986419678,14170919
2008-10-22,1.5300363302230835,2.4519219398498535,2.7461531162261963,2.427402973175049,2.5990378856658936,7138071
2008-10-23,1.4535348415374756,2.3293259143829346,2.3783650398254395,2.280287981033325,2.3538448810577393,5477334
2008-10-24,1.1781281232833862,1.8879799842834473,2.3783650398254395,1.8879799842834473,2.3538448810577393,10922856
2008-10-27,1.1934285163879395,1.912498950958252,2.084134101867676,1.8879799842834473,1.912498950958252,6681899
2008-10-28,1.3311320543289185,2.133172035217285,2.15769100189209,1.912498950958252,1.912498950958252,6903154
2008-10-29,1.3617327213287354,2.182210922241211,2.427402973175049,2.1086530685424805,2.2067298889160156,9923640
2008-10-30,1.7748429775238037,2.8442299365997314,2.991344928741455,2.280287981033325,2.30480694770813,30428977
2008-10-31,1.8972458839416504,3.04038405418396,3.138461112976074,2.6971139907836914,2.7951910495758057,15720316
2008-11-03,1.744241714477539,2.7951910495758057,3.3346140384674072,2.7461531162261963,3.138461112976074,12499170
2008-11-04,1.71364164352417,2.7461531162261963,2.9423069953918457,2.6971139907836914,2.7951910495758057,16179547
2008-11-05,1.836044430732727,2.9423069953918457,3.138461112976074,2.89326810836792,2.9423069953918457,16774998
2008-11-06,1.9278465509414673,3.0894219875335693,3.3346140384674072,2.7461531162261963,3.006057024002075,33348930
2008-11-07,2.295055389404297,3.677884101867676,3.726922035217285,3.138461112976074,3.138461112976074,26917039
2008-11-10,2.754066228866577,4.413459777832031,4.511537075042725,3.972114086151123,4.168268203735352,29135094
2008-11-11,2.998872756958008,4.805768013000488,5.247114181518555,4.266345024108887,4.315382957458496,42899394
2008-11-12,2.7234654426574707,4.364421844482422,5.099998950958252,4.266345024108887,4.903844833374023,41467185
2008-11-13,2.601062774658203,4.168268203735352,4.511537075042725,4.021152973175049,4.070190906524658,25411486
2008-11-14,2.5092601776123047,4.021152973175049,4.462499141693115,3.9230759143829346,4.364421844482422,22842481
2008-11-17,2.5398612022399902,4.070190906524658,4.266345024108887,3.8249990940093994,4.202595233917236,16436080
2008-11-18,2.386857748031616,3.8249990940093994,4.266345024108887,3.7759599685668945,4.021152973175049,24178984
2008-11-19,2.233854293823242,3.5798070430755615,3.972114086151123,3.5798070430755615,3.874037027359009,14626480
2008-11-20,1.9890482425689697,3.1874990463256836,3.4817299842834473,3.138461112976074,3.383652925491333,11818072
2008-11-21,2.1420512199401855,3.4326910972595215,3.5307679176330566,2.991344928741455,3.04038405418396,19777540
2008-11-24,2.0502498149871826,3.285576105117798,3.677884101867676,3.285576105117798,3.3346140384674072,20938996
2008-11-25,1.8972458839416504,3.04038405418396,3.4817299842834473,3.04038405418396,3.4326910972595215,24263611
2008-11-26,2.019648313522339,3.236536979675293,3.285576105117798,3.0894219875335693,3.0894219875335693,21465267
2008-11-27,2.1420512199401855,3.4326910972595215,3.628844976425171,3.3346140384674072,3.383652925491333,28159533
2008-11-28,2.2032530307769775,3.5307679176330566,3.5798070430755615,3.383652925491333,3.4817299842834473,11345382
2008-12-01,2.386857748031616,3.8249990940093994,3.874037027359009,3.4817299842834473,3.4817299842834473,18541367
2008-12-02,2.2032530307769775,3.5307679176330566,3.726922035217285,3.5307679176330566,3.628844976425171,14607719
2008-12-03,2.4174582958221436,3.874037027359009,3.9230759143829346,3.5798070430755615,3.628844976425171,19184944
2008-12-04,2.3562562465667725,3.7759599685668945,4.119229793548584,3.726922035217285,4.070190906524658,21510466
2008-12-05,2.44805908203125,3.9230759143829346,4.021152973175049,3.8249990940093994,3.8249990940093994,13513068
2008-12-08,2.7846672534942627,4.462499141693115,4.462499141693115,4.021152973175049,4.021152973175049,38330327
2008-12-09,2.692864179611206,4.315382957458496,4.56057596206665,4.266345024108887,4.364421844482422,32897448
2008-12-10,2.8458683490753174,4.56057596206665,4.6586527824401855,4.364421844482422,4.364421844482422,34645668
2008-12-11,2.7234654426574707,4.364421844482422,4.805768013000488,4.364421844482422,4.511537075042725,33853024
2008-12-12,2.4174582958221436,3.874037027359009,4.413459777832031,3.7759599685668945,4.364421844482422,33549385
2008-12-15,2.386857748031616,3.8249990940093994,4.119229793548584,3.8249990940093994,4.070190906524658,18724081
2008-12-16,2.44805908203125,3.9230759143829346,3.972114086151123,3.628844976425171,3.7759599685668945,17773806
2008-12-17,2.662264108657837,4.266345024108887,4.266345024108887,3.972114086151123,4.070190906524658,49867571
2008-12-18,2.81526780128479,4.511537075042725,4.56057596206665,4.217307090759277,4.315382957458496,55145702
2008-12-19,2.81526780128479,4.511537075042725,5.001922130584717,4.364421844482422,4.462499141693115,79303478
2008-12-22,2.662264108657837,4.266345024108887,4.756730079650879,4.217307090759277,4.6586527824401855,31813808
2008-12-23,2.5398612022399902,4.070190906524658,4.315382957458496,4.021152973175049,4.217307090759277,13412127
2008-12-24,2.6316635608673096,4.217307090759277,4.315382957458496,3.9230759143829346,3.972114086151123,11011440
2008-12-29,2.692864179611206,4.315382957458496,4.413459777832031,4.168268203735352,4.217307090759277,10506856
2008-12-30,2.6316635608673096,4.217307090759277,4.413459777832031,4.168268203735352,4.364421844482422,7083420
2008-12-31,2.6316635608673096,4.217307090759277,4.315382957458496,4.217307090759277,4.266345024108887,3488282
2009-01-02,2.81526780128479,4.511537075042725,4.56057596206665,4.217307090759277,4.266345024108887,17714302
2009-01-05,2.9376707077026367,4.707691192626953,4.707691192626953,4.462499141693115,4.60961389541626,26768584
2009-01-06,2.9376707077026367,4.707691192626953,4.854805946350098,4.511537075042725,4.6586527824401855,31131487
2009-01-07,2.9682717323303223,4.756730079650879,5.050960063934326,4.60961389541626,4.805768013000488,74629595
2009-01-08,2.754066228866577,4.413459777832031,4.756730079650879,4.364421844482422,4.6586527824401855,35468491
2009-01-09,2.7234654426574707,4.364421844482422,4.511537075042725,4.217307090759277,4.462499141693115,18035315
2009-01-12,2.5092601776123047,4.021152973175049,4.315382957458496,3.972114086151123,4.315382957458496,9957083
2009-01-13,2.4786598682403564,3.972114086151123,4.217307090759277,3.9230759143829346,3.972114086151123,8383420
2009-01-14,2.5704619884490967,4.119229793548584,4.217307090759277,4.070190906524658,4.119229793548584,7504722
2009-01-15,2.5092601776123047,4.021152973175049,4.070190906524658,3.7759599685668945,3.972114086151123,13625633
2009-01-16,2.5092601776123047,4.021152973175049,4.119229793548584,3.972114086151123,4.070190906524658,7201287
2009-01-19,2.4786598682403564,3.972114086151123,4.119229793548584,3.9230759143829346,4.070190906524658,4044173
2009-01-20,2.4174582958221436,3.874037027359009,4.021152973175049,3.874037027359009,3.874037027359009,3980549
2009-01-21,2.233854293823242,3.5798070430755615,3.8249990940093994,3.5307679176330566,3.7759599685668945,11092927
2009-01-22,2.295055389404297,3.677884101867676,3.726922035217285,3.5798070430755615,3.677884101867676,6594291
2009-01-23,2.233854293823242,3.5798070430755615,3.677884101867676,3.5798070430755615,3.5798070430755615,4289694
2009-01-29,2.3256564140319824,3.726922035217285,3.7759599685668945,3.677884101867676,3.7759599685668945,6171129
2009-01-30,2.4786598682403564,3.972114086151123,4.021152973175049,3.677884101867676,3.677884101867676,8945632
2009-02-02,2.3562562465667725,3.7759599685668945,3.972114086151123,3.7759599685668945,3.9230759143829346,3927122
2009-02-03,2.386857748031616,3.8249990940093994,3.972114086151123,3.7759599685668945,3.8249990940093994,4868730
2009-02-04,2.5092601776123047,4.021152973175049,4.168268203735352,3.9230759143829346,3.9230759143829346,18163296
2009-02-05,2.5398612022399902,4.070190906524658,4.217307090759277,4.021152973175049,4.070190906524658,16553947
2009-02-06,2.601062774658203,4.168268203735352,4.217307090759277,4.070190906524658,4.168268203735352,9002322
2009-02-09,2.692864179611206,4.315382957458496,4.364421844482422,4.119229793548584,4.266345024108887,17077210
2009-02-10,2.662264108657837,4.266345024108887,4.462499141693115,4.217307090759277,4.364421844482422,13918464
2009-02-11,2.601062774658203,4.168268203735352,4.217307090759277,4.070190906524658,4.119229793548584,7723326
2009-02-12,2.5704619884490967,4.119229793548584,4.266345024108887,4.119229793548584,4.168268203735352,9713601
2009-02-13,2.6316635608673096,4.217307090759277,4.217307090759277,4.119229793548584,4.168268203735352,9267421
2009-02-16,2.8764688968658447,4.60961389541626,4.60961389541626,4.266345024108887,4.315382957458496,33345260
2009-02-17,2.6316635608673096,4.217307090759277,4.56057596206665,4.217307090759277,4.56057596206665,31668616
2009-02-18,2.662264108657837,4.266345024108887,4.315382957458496,4.119229793548584,4.168268203735352,14718653
2009-02-19,2.7234654426574707,4.364421844482422,4.413459777832031,4.217307090759277,4.217307090759277,9413428
2009-02-20,2.601062774658203,4.168268203735352,4.315382957458496,4.119229793548584,4.315382957458496,9602668
2009-02-23,2.6316635608673096,4.217307090759277,4.217307090759277,4.119229793548584,4.119229793548584,6132738
2009-02-24,2.4786598682403564,3.972114086151123,4.119229793548584,3.9230759143829346,4.119229793548584,6764895
2009-02-25,2.4786598682403564,3.972114086151123,4.168268203735352,3.972114086151123,4.070190906524658,7826511
2009-02-26,2.4174582958221436,3.874037027359009,4.021152973175049,3.7759599685668945,4.021152973175049,8685428
2009-02-27,2.3256564140319824,3.726922035217285,3.874037027359009,3.726922035217285,3.8249990940093994,5575216
2009-03-02,2.17265248298645,3.4817299842834473,3.677884101867676,3.4817299842834473,3.628844976425171,5480393
2009-03-03,2.233854293823242,3.5798070430755615,3.628844976425171,3.285576105117798,3.3346140384674072,21479196
2009-03-04,2.3562562465667725,3.7759599685668945,3.7759599685668945,3.5798070430755615,3.628844976425171,12180237
2009-03-05,2.295055389404297,3.677884101867676,3.874037027359009,3.628844976425171,3.874037027359009,5854589
2009-03-06,2.17265248298645,3.4817299842834473,3.677884101867676,3.4817299842834473,3.5798070430755615,7124001
2009-03-09,2.1420512199401855,3.4326910972595215,3.5798070430755615,3.4326910972595215,3.4817299842834473,4332518
2009-03-10,2.17265248298645,3.4817299842834473,3.5798070430755615,3.4326910972595215,3.4817299842834473,9372644
2009-03-11,2.17265248298645,3.4817299842834473,3.628844976425171,3.4817299842834473,3.5798070430755615,10255217
2009-03-12,2.1420512199401855,3.4326910972595215,3.5307679176330566,3.383652925491333,3.4817299842834473,6893073
2009-03-13,2.233854293823242,3.5798070430755615,3.628844976425171,3.4817299842834473,3.5307679176330566,9873883
2009-03-16,2.3562562465667725,3.7759599685668945,3.7759599685668945,3.5798070430755615,3.628844976425171,21903219
2009-03-17,2.233854293823242,3.5798070430755615,3.7759599685668945,3.5798070430755615,3.726922035217285,18981838
2009-03-18,2.2644548416137695,3.628844976425171,3.726922035217285,3.5798070430755615,3.628844976425171,12995107
2009-03-19,2.3256564140319824,3.726922035217285,3.7759599685668945,3.5798070430755615,3.628844976425171,18818293
2009-03-20,2.295055389404297,3.677884101867676,3.9230759143829346,3.677884101867676,3.7759599685668945,21234356
2009-03-23,2.5092601776123047,4.021152973175049,4.021152973175049,3.726922035217285,3.726922035217285,34171142
2009-03-24,2.4786598682403564,3.972114086151123,4.119229793548584,3.874037027359009,4.070190906524658,28878203
2009-03-25,2.4786598682403564,3.972114086151123,4.070190906524658,3.9230759143829346,3.9230759143829346,20246559
2009-03-26,2.5704619884490967,4.119229793548584,4.119229793548584,3.972114086151123,4.021152973175049,18098511
2009-03-27,2.5704619884490967,4.119229793548584,4.168268203735352,4.070190906524658,4.168268203735352,16378167
2009-03-30,2.4174582958221436,3.874037027359009,4.119229793548584,3.8249990940093994,4.070190906524658,11803797
2009-03-31,2.44805908203125,3.9230759143829346,3.972114086151123,3.8249990940093994,3.874037027359009,10665303
2009-04-01,2.4786598682403564,3.972114086151123,4.021152973175049,3.874037027359009,3.972114086151123,11940425
2009-04-02,2.601062774658203,4.168268203735352,4.217307090759277,4.021152973175049,4.021152973175049,33966609
2009-04-03,2.692864179611206,4.315382957458496,4.462499141693115,4.168268203735352,4.217307090759277,60966440
2009-04-06,2.7846672534942627,4.462499141693115,4.56057596206665,4.364421844482422,4.462499141693115,40567755
2009-04-07,2.692864179611206,4.315382957458496,4.462499141693115,4.315382957458496,4.413459777832031,15288818
2009-04-08,2.6316635608673096,4.217307090759277,4.315382957458496,4.119229793548584,4.315382957458496,13409884
2009-04-09,2.692864179611206,4.315382957458496,4.315382957458496,4.217307090759277,4.266345024108887,9487656
2009-04-14,2.8764688968658447,4.60961389541626,4.60961389541626,4.364421844482422,4.413459777832031,42522139
2009-04-15,2.9376707077026367,4.707691192626953,4.707691192626953,4.511537075042725,4.56057596206665,54678110
2009-04-16,2.8458683490753174,4.56057596206665,4.854805946350098,4.462499141693115,4.805768013000488,51438000
2009-04-17,2.7846672534942627,4.462499141693115,4.756730079650879,4.413459777832031,4.60961389541626,65892778
2009-04-20,2.8458683490753174,4.56057596206665,4.6586527824401855,4.462499141693115,4.511537075042725,20804897
2009-04-21,2.7234654426574707,4.364421844482422,4.462499141693115,4.315382957458496,4.364421844482422,30483832
2009-04-22,2.601062774658203,4.168268203735352,4.462499141693115,4.119229793548584,4.413459777832031,58356516
2009-04-23,2.692864179611206,4.315382957458496,4.168268203735352,4.266345024108887,4.168268203735352,13213575
2009-04-24,2.8458683490753174,4.56057596206665,4.6586527824401855,4.364421844482422,4.364421844482422,67195226
2009-04-27,2.692864179611206,4.315382957458496,4.56057596206665,4.315382957458496,4.511537075042725,38849104
2009-04-28,2.5398612022399902,4.070190906524658,4.413459777832031,3.972114086151123,4.364421844482422,29034969
2009-04-29,2.6316635608673096,4.217307090759277,4.217307090759277,4.070190906524658,4.119229793548584,27676239
2009-04-30,2.662264108657837,4.266345024108887,4.364421844482422,4.168268203735352,4.315382957458496,39267551
2009-05-04,3.1518754959106445,5.050960063934326,5.050960063934326,4.266345024108887,4.315382957458496,139506029
2009-05-05,3.0906734466552734,4.952882766723633,5.149036884307861,4.805768013000488,5.050960063934326,62671844
2009-05-06,3.4884839057922363,5.590383052825928,5.835576057434082,4.952882766723633,5.050960063934326,105547033
2009-05-07,3.396681785583496,5.443267822265625,5.835576057434082,5.2961530685424805,5.737499237060547,74880011
2009-05-08,4.069897651672363,6.522113800048828,6.6201910972595215,5.394228935241699,5.394228935241699,146509329
2009-05-11,3.8556935787200928,6.178844928741455,7.159614086151123,5.982690811157227,6.571152210235596,90686524
2009-05-12,3.794491767883301,6.08076810836792,6.374999046325684,5.737499237060547,6.2278828620910645,64702692
2009-05-13,3.7638914585113525,6.031729221343994,6.424036979675293,5.933651924133301,5.982690811157227,74553190
2009-05-14,3.794491767883301,6.08076810836792,6.232787132263184,5.737499237060547,6.232787132263184,30079659
2009-05-15,3.733290195465088,5.982690811157227,6.276922225952148,5.884613990783691,6.129806041717529,39001637
2009-05-18,3.978097438812256,6.374999046325684,6.473074913024902,5.835576057434082,5.884613990783691,67445641
2009-05-19,4.039297580718994,6.473074913024902,6.767305850982666,6.374999046325684,6.669229030609131,50373121
2009-05-20,4.222901344299316,6.767305850982666,7.06153678894043,6.522113800048828,6.522113800048828,78286154
2009-05-21,4.3453049659729,6.9634599685668945,7.306728839874268,6.6201910972595215,6.767305850982666,75119415
2009-05-22,4.161700248718262,6.669229030609131,7.208652019500732,6.325960159301758,7.012497901916504,61697458
2009-05-25,4.161700248718262,6.669229030609131,6.865383148193359,6.522113800048828,6.718267917633057,29121228
2009-05-26,4.16170072555542,6.522113800048828,6.767305850982666,6.522113800048828,6.571152210235596,18975720
2009-05-27,4.224282264709473,6.6201910972595215,6.865383148193359,6.571152210235596,6.669229030609131,33391612
2009-05-29,4.255573272705078,6.669229030609131,6.81634521484375,6.522113800048828,6.718267917633057,30671713
2009-06-01,4.474609375,7.012497901916504,7.159614086151123,6.6201910972595215,6.914422035217285,63966331
2009-06-02,4.505901336669922,7.06153678894043,7.699037075042725,6.914422035217285,7.06153678894043,123632364
2009-06-03,4.72493839263916,7.404806137084961,7.748075008392334,7.208652019500732,7.257690906524658,97756344
2009-06-04,4.756229400634766,7.453845024108887,7.5519208908081055,7.257690906524658,7.453845024108887,73395870
2009-06-05,4.756229400634766,7.453845024108887,7.699037075042725,7.404806137084961,7.649998188018799,35798436
2009-06-08,5.006556987762451,7.846151828765869,7.993268013000488,7.404806137084961,7.453845024108887,73434615
2009-06-09,4.756229400634766,7.453845024108887,8.091343879699707,7.257690906524658,7.9442291259765625,57370487
2009-06-10,4.72493839263916,7.404806137084961,7.600959777832031,7.06153678894043,7.5519208908081055,60614472
2009-06-11,4.818809986114502,7.5519208908081055,7.699037075042725,7.355768203735352,7.404806137084961,38746872
2009-06-12,4.693647384643555,7.355768203735352,7.699037075042725,7.208652019500732,7.600959777832031,38111723
2009-06-15,4.693647384643555,7.355768203735352,7.502882957458496,7.257690906524658,7.306728839874268,26509400
2009-06-16,4.537191867828369,7.110575199127197,7.257690906524658,6.914422035217285,7.257690906524658,18256693
2009-06-17,4.631065368652344,7.257690906524658,7.355768203735352,6.9634599685668945,7.159614086151123,17502183
2009-06-18,4.474609375,7.012497901916504,7.306728839874268,6.9634599685668945,7.208652019500732,16591877
2009-06-19,4.318155288696289,6.767305850982666,7.159614086151123,6.718267917633057,7.110575199127197,18840520
2009-06-22,4.255573272705078,6.669229030609131,6.9634599685668945,6.571152210235596,6.767305850982666,19203704
2009-06-23,3.9739534854888916,6.2278828620910645,6.424036979675293,6.129806041717529,6.325960159301758,25786702
2009-06-24,4.130409240722656,6.473074913024902,6.522113800048828,6.276922225952148,6.276922225952148,12285052
2009-06-25,4.224282264709473,6.6201910972595215,6.767305850982666,6.571152210235596,6.6201910972595215,12566286
2009-06-26,4.286865234375,6.718267917633057,6.81634521484375,6.669229030609131,6.767305850982666,8037365
2009-06-29,4.192991733551025,6.571152210235596,6.81634521484375,6.522113800048828,6.81634521484375,7103812
2009-06-30,4.067828178405762,6.374999046325684,6.718267917633057,6.325960159301758,6.718267917633057,9594919
2009-07-02,4.005245208740234,6.276922225952148,6.571152210235596,6.178844928741455,6.571152210235596,9760095
2009-07-03,4.03653621673584,6.325960159301758,6.424036979675293,6.08076810836792,6.178844928741455,9741334
2009-07-06,4.03653621673584,6.325960159301758,6.325960159301758,6.325960159301758,6.325960159301758,0
2009-07-07,4.03653621673584,6.325960159301758,6.325960159301758,6.325960159301758,6.325960159301758,0
2009-07-08,4.03653621673584,6.325960159301758,6.325960159301758,6.325960159301758,6.325960159301758,0
2009-07-09,3.9426634311676025,6.178844928741455,6.473074913024902,5.933651924133301,6.424036979675293,19765305
2009-07-10,4.005245208740234,6.276922225952148,6.424036979675293,6.08076810836792,6.178844928741455,9860832
2009-07-13,3.911372661590576,6.129806041717529,6.276922225952148,6.08076810836792,6.2278828620910645,11780550
2009-07-14,3.9739534854888916,6.2278828620910645,6.276922225952148,6.08076810836792,6.178844928741455,15584300
2009-07-15,4.224282264709473,6.6201910972595215,6.669229030609131,6.276922225952148,6.325960159301758,23770325
2009-07-16,4.16170072555542,6.522113800048828,6.914422035217285,6.473074913024902,6.767305850982666,18785665
2009-07-17,4.192991733551025,6.571152210235596,6.669229030609131,6.522113800048828,6.6201910972595215,6573820
2009-07-20,4.380736351013184,6.865383148193359,6.865383148193359,6.6201910972595215,6.6201910972595215,17396959
2009-07-21,4.568483352661133,7.159614086151123,7.257690906524658,6.914422035217285,6.9634599685668945,39050782
2009-07-22,4.537191867828369,7.110575199127197,7.355768203735352,7.06153678894043,7.208652019500732,25415564
2009-07-23,4.537191867828369,7.110575199127197,7.257690906524658,7.012497901916504,7.208652019500732,13600755
2009-07-24,4.568483352661133,7.159614086151123,7.257690906524658,7.06153678894043,7.159614086151123,11546326
2009-07-27,5.006556987762451,7.846151828765869,7.895191192626953,6.81634521484375,6.9634599685668945,84881754
2009-07-28,4.975265979766846,7.79711389541626,7.993268013000488,7.600959777832031,7.895191192626953,49084775
2009-07-29,4.662355899810791,7.306728839874268,7.846151828765869,7.06153678894043,7.699037075042725,32242044
2009-07-30,4.693647384643555,7.355768203735352,7.600959777832031,7.159614086151123,7.306728839874268,18398010
2009-07-31,4.912683963775635,7.699037075042725,7.748075008392334,7.502882957458496,7.5519208908081055,27421133
2009-08-03,5.382048606872559,8.434614181518555,8.434614181518555,7.649998188018799,7.79711389541626,73766599
2009-08-04,5.2568840980529785,8.238459587097168,8.5817289352417,8.042305946350098,8.5817289352417,44541371
2009-08-05,5.037848472595215,7.895191192626953,8.33653736114502,7.79711389541626,8.238459587097168,23929486
2009-08-06,5.037848472595215,7.895191192626953,7.993268013000488,7.600959777832031,7.846151828765869,23286623
2009-08-07,4.912683963775635,7.699037075042725,8.091343879699707,7.600959777832031,7.9442291259765625,32268146
2009-08-10,4.94397497177124,7.748075008392334,7.895191192626953,7.649998188018799,7.846151828765869,15962575
2009-08-11,4.881392955780029,7.649998188018799,7.748075008392334,7.502882957458496,7.649998188018799,12974919
2009-08-12,4.662355899810791,7.306728839874268,7.600959777832031,7.257690906524658,7.502882957458496,16084112
2009-08-13,4.756229400634766,7.453845024108887,7.453845024108887,7.355768203735352,7.404806137084961,12332770
2009-08-14,4.693647384643555,7.355768203735352,7.5519208908081055,7.208652019500732,7.502882957458496,11524833
2009-08-17,4.412028789520264,6.914422035217285,7.257690906524658,6.81634521484375,7.110575199127197,14289806
2009-08-18,4.505901336669922,7.06153678894043,7.110575199127197,6.718267917633057,6.914422035217285,15095500
2009-08-19,4.443319320678711,6.9634599685668945,7.208652019500732,6.81634521484375,7.110575199127197,8357522
2009-08-20,4.537191867828369,7.110575199127197,7.159614086151123,6.914422035217285,7.06153678894043,8534118
2009-08-21,4.505901336669922,7.06153678894043,7.159614086151123,6.914422035217285,7.110575199127197,5373742
2009-08-24,4.693647384643555,7.355768203735352,7.355768203735352,7.110575199127197,7.208652019500732,17317022
2009-08-25,4.631065368652344,7.257690906524658,7.453845024108887,7.159614086151123,7.257690906524658,12256096
2009-08-26,4.662355899810791,7.306728839874268,7.404806137084961,7.257690906524658,7.355768203735352,5267294
2009-08-27,4.568483352661133,7.159614086151123,7.306728839874268,7.110575199127197,7.306728839874268,6148236
2009-08-28,4.474609375,7.012497901916504,7.208652019500732,6.914422035217285,7.159614086151123,12153988
2009-08-31,4.318155288696289,6.767305850982666,6.865383148193359,6.6201910972595215,6.865383148193359,12745507
2009-09-01,4.380736351013184,6.865383148193359,6.914422035217285,6.669229030609131,6.865383148193359,3732846
2009-09-02,4.3494462966918945,6.81634521484375,6.9634599685668945,6.669229030609131,6.767305850982666,6419859
2009-09-03,4.443319320678711,6.9634599685668945,7.110575199127197,6.81634521484375,6.81634521484375,7808565
2009-09-04,4.474609375,7.012497901916504,7.06153678894043,6.865383148193359,7.012497901916504,6909475
2009-09-07,4.505901336669922,7.06153678894043,7.208652019500732,7.012497901916504,7.06153678894043,5453149
2009-09-08,4.474609375,7.012497901916504,7.208652019500732,6.865383148193359,6.9634599685668945,11156550
2009-09-09,4.72493839263916,7.404806137084961,7.502882957458496,7.159614086151123,7.159614086151123,25741431
2009-09-10,4.631065368652344,7.257690906524658,7.600959777832031,7.159614086151123,7.5519208908081055,15115729
2009-09-11,4.568483352661133,7.159614086151123,7.355768203735352,7.06153678894043,7.306728839874268,6160471
2009-09-14,4.505901336669922,7.06153678894043,7.159614086151123,6.9634599685668945,7.110575199127197,5443075
2009-09-15,4.443319320678711,6.9634599685668945,7.110575199127197,6.914422035217285,7.110575199127197,2841443
2009-09-16,4.474609375,7.012497901916504,7.06153678894043,6.914422035217285,7.06153678894043,6991248
2009-09-17,4.537191867828369,7.110575199127197,7.208652019500732,7.012497901916504,7.012497901916504,11800942
2009-09-18,4.412028789520264,6.914422035217285,7.110575199127197,6.914422035217285,7.110575199127197,4738210
2009-09-21,4.380736351013184,6.865383148193359,6.9634599685668945,6.81634521484375,6.9634599685668945,4534837
2009-09-22,4.380736351013184,6.865383148193359,6.914422035217285,6.81634521484375,6.865383148193359,2363043
2009-09-23,4.412028789520264,6.914422035217285,7.06153678894043,6.865383148193359,6.9634599685668945,6215530
2009-09-24,4.3494462966918945,6.81634521484375,6.9634599685668945,6.718267917633057,6.914422035217285,7142150
2009-09-25,4.3494462966918945,6.81634521484375,6.865383148193359,6.767305850982666,6.81634521484375,4288471
2009-09-28,4.224282264709473,6.6201910972595215,6.865383148193359,6.571152210235596,6.81634521484375,4370855
2009-09-29,4.255573272705078,6.669229030609131,6.767305850982666,6.669229030609131,6.718267917633057,3205239
2009-09-30,4.192991733551025,6.571152210235596,6.669229030609131,6.473074913024902,6.669229030609131,2517977
2009-10-02,4.03653621673584,6.325960159301758,6.473074913024902,6.276922225952148,6.473074913024902,4473632
2009-10-05,3.911372661590576,6.129806041717529,6.374999046325684,6.129806041717529,6.374999046325684,5663718
2009-10-06,4.130409240722656,6.473074913024902,6.571152210235596,6.178844928741455,6.2278828620910645,7306918
2009-10-07,4.192991733551025,6.571152210235596,6.669229030609131,6.473074913024902,6.522113800048828,4496879
2009-10-08,4.192991733551025,6.571152210235596,6.669229030609131,6.424036979675293,6.669229030609131,4112282
2009-10-09,4.192991733551025,6.571152210235596,6.669229030609131,6.571152210235596,6.6201910972595215,4748314
2009-10-12,4.099117755889893,6.424036979675293,6.6201910972595215,6.424036979675293,6.6201910972595215,1847121
2009-10-13,4.16170072555542,6.522113800048828,6.767305850982666,6.424036979675293,6.424036979675293,6368471
2009-10-14,4.224282264709473,6.6201910972595215,6.669229030609131,6.571152210235596,6.571152210235596,3566588
2009-10-15,4.16170072555542,6.522113800048828,6.865383148193359,6.473074913024902,6.718267917633057,8871405
2009-10-16,4.130409240722656,6.473074913024902,6.669229030609131,6.424036979675293,6.571152210235596,4930824
2009-10-19,4.255573272705078,6.669229030609131,6.718267917633057,6.424036979675293,6.473074913024902,3601867
2009-10-20,4.224282264709473,6.6201910972595215,6.81634521484375,6.571152210235596,6.718267917633057,4851090
2009-10-21,4.412028789520264,6.914422035217285,6.914422035217285,6.522113800048828,6.522113800048828,15863061
2009-10-22,4.474609375,7.012497901916504,7.110575199127197,6.767305850982666,6.865383148193359,14092855
2009-10-23,4.443319320678711,6.9634599685668945,7.159614086151123,6.865383148193359,7.110575199127197,8459014
2009-10-27,4.412028789520264,6.914422035217285,6.9634599685668945,6.767305850982666,6.81634521484375,8699295
2009-10-28,4.318155288696289,6.767305850982666,6.914422035217285,6.669229030609131,6.81634521484375,6772644
2009-10-29,4.16170072555542,6.522113800048828,6.669229030609131,6.473074913024902,6.669229030609131,6329318
2009-10-30,4.255573272705078,6.669229030609131,6.767305850982666,6.571152210235596,6.6201910972595215,12885548
2009-11-02,4.192991733551025,6.571152210235596,6.6201910972595215,6.424036979675293,6.473074913024902,6044644
2009-11-03,4.318155288696289,6.767305850982666,7.012497901916504,6.473074913024902,6.571152210235596,32042201
2009-11-04,4.255573272705078,6.669229030609131,6.865383148193359,6.6201910972595215,6.865383148193359,27195039
2009-11-05,4.318155288696289,6.767305850982666,6.81634521484375,6.571152210235596,6.669229030609131,9908958
2009-11-06,4.3494462966918945,6.81634521484375,6.914422035217285,6.718267917633057,6.865383148193359,12939641
2009-11-09,4.318155288696289,6.767305850982666,6.9634599685668945,6.6201910972595215,6.865383148193359,30733842
2009-11-10,4.286865234375,6.718267917633057,6.914422035217285,6.6201910972595215,6.767305850982666,34707048
2009-11-11,4.255573272705078,6.669229030609131,6.767305850982666,6.6201910972595215,6.718267917633057,15099806
2009-11-12,4.756229400634766,7.453845024108887,7.502882957458496,6.669229030609131,6.718267917633057,114143591
2009-11-13,4.818809986114502,7.5519208908081055,7.9442291259765625,7.453845024108887,7.649998188018799,66099555
2009-11-16,4.881392955780029,7.649998188018799,7.895191192626953,7.404806137084961,7.649998188018799,33958407
2009-11-17,4.94397497177124,7.748075008392334,7.895191192626953,7.600959777832031,7.748075008392334,42679248
2009-11-18,4.756229400634766,7.453845024108887,7.895191192626953,7.404806137084961,7.79711389541626,29157852
2009-11-19,4.818809986114502,7.5519208908081055,7.600959777832031,7.404806137084961,7.502882957458496,11219358
2009-11-20,4.787519931793213,7.502882957458496,7.600959777832031,7.453845024108887,7.453845024108887,7556113
2009-11-23,4.818809986114502,7.5519208908081055,7.649998188018799,7.502882957458496,7.5519208908081055,5841945
2009-11-24,4.787519931793213,7.502882957458496,7.846151828765869,7.453845024108887,7.5519208908081055,24657792
2009-11-25,4.975265979766846,7.79711389541626,7.846151828765869,7.404806137084961,7.600959777832031,24253008
2009-11-26,4.881392955780029,7.649998188018799,7.895191192626953,7.600959777832031,7.895191192626953,13296504
2009-11-27,4.537191867828369,7.110575199127197,7.5519208908081055,7.012497901916504,7.404806137084961,17369634
2009-11-30,4.72493839263916,7.404806137084961,7.453845024108887,7.257690906524658,7.306728839874268,19242450
2009-12-01,5.069138050079346,7.9442291259765625,7.9442291259765625,7.355768203735352,7.453845024108887,31609578
2009-12-02,5.006556987762451,7.846151828765869,8.140382766723633,7.79711389541626,8.042305946350098,22965854
2009-12-03,5.100430011749268,7.993268013000488,8.042305946350098,7.748075008392334,7.895191192626953,24268709
2009-12-04,5.288175582885742,8.287498474121094,8.33653736114502,7.895191192626953,7.993268013000488,39646845
2009-12-07,5.382048606872559,8.434614181518555,8.630766868591309,8.287498474121094,8.385575294494629,32274676
2009-12-08,5.382048606872559,8.434614181518555,8.630766868591309,8.385575294494629,8.483652114868164,20420709
2009-12-09,5.194302558898926,8.140382766723633,8.532690048217773,7.993268013000488,8.33653736114502,23634105
2009-12-10,5.663668155670166,8.875960350036621,8.92499828338623,8.189420700073242,8.287498474121094,69370274
2009-12-11,6.00786828994751,9.415383338928223,9.562498092651367,8.875960350036621,9.023075103759766,80186867
2009-12-14,6.039160251617432,9.464421272277832,9.856728553771973,9.219228744506836,9.317305564880371,55474016
2009-12-15,5.601085662841797,8.77788257598877,9.513460159301758,8.679805755615234,9.415383338928223,44751206
2009-12-16,5.851412773132324,9.17018985748291,9.415383338928223,8.826921463012695,8.826921463012695,34469275
2009-12-17,5.475921630859375,8.5817289352417,9.268266677856445,8.434614181518555,9.17018985748291,30559181
2009-12-18,5.632376670837402,8.826921463012695,8.875960350036621,8.287498474121094,8.483652114868164,27095206
2009-12-21,5.475921630859375,8.5817289352417,8.92499828338623,8.483652114868164,8.826921463012695,11552770
2009-12-22,5.632376670837402,8.826921463012695,8.826921463012695,8.630766868591309,8.77788257598877,9794191
2009-12-23,5.788830757141113,9.072113037109375,9.17018985748291,8.679805755615234,8.875960350036621,9391160
2009-12-24,5.8201212882995605,9.1211519241333,9.219228744506836,9.1211519241333,9.219228744506836,3551906
2009-12-28,5.945286750793457,9.317305564880371,9.415383338928223,9.1211519241333,9.17018985748291,11653711
2009-12-29,6.195614337921143,9.709612846374512,9.807689666748047,9.268266677856445,9.317305564880371,22089603
2009-12-30,6.070450305938721,9.513460159301758,9.709612846374512,9.366344451904297,9.709612846374512,9850155
2009-12-31,6.070450305938721,9.513460159301758,9.562498092651367,9.366344451904297,9.513460159301758,2984188
2010-01-04,6.571106910705566,10.298074722290039,10.347112655639648,9.513460159301758,9.611536026000977,32782611
2010-01-05,6.790143013000488,10.64134407043457,11.425958633422852,10.396151542663574,10.4451904296875,70247455
2010-01-06,6.6962690353393555,10.494229316711426,11.180767059326172,10.4451904296875,10.88653564453125,22967281
2010-01-07,6.664976596832275,10.4451904296875,11.131729125976562,10.347112655639648,10.64134407043457,16376331
2010-01-08,6.7275614738464355,10.543267250061035,10.788458824157715,10.298074722290039,10.4451904296875,15167135
2010-01-11,6.884015083312988,10.788458824157715,11.033652305603027,10.69038200378418,10.788458824157715,11658340
2010-01-12,6.790143013000488,10.64134407043457,10.88653564453125,10.543267250061035,10.83749771118164,13130511
2010-01-13,6.258194923400879,9.807689666748047,10.494229316711426,9.660574913024902,10.4451904296875,33111973
2010-01-14,6.383360862731934,10.003844261169434,10.249035835266113,9.905767440795898,10.003844261169434,15693224
2010-01-15,6.539814472198486,10.249035835266113,10.347112655639648,10.101921081542969,10.249035835266113,8313067
2010-01-18,6.414651393890381,10.05288314819336,10.298074722290039,9.905767440795898,10.298074722290039,10389305
2010-01-19,6.320777416229248,9.905767440795898,10.199997901916504,9.807689666748047,10.101921081542969,12945351
2010-01-20,5.945286750793457,9.317305564880371,9.954806327819824,9.17018985748291,9.954806327819824,30829112
2010-01-21,5.601085662841797,8.77788257598877,9.317305564880371,8.679805755615234,9.268266677856445,36565386
2010-01-22,5.507211685180664,8.630766868591309,8.630766868591309,7.993268013000488,8.434614181518555,36021948
2010-01-25,5.444630146026611,8.532690048217773,8.630766868591309,8.238459587097168,8.434614181518555,13015092
2010-01-26,5.16301155090332,8.091343879699707,8.5817289352417,8.042305946350098,8.5817289352417,19934457
2010-01-27,5.006556987762451,7.846151828765869,8.287498474121094,7.699037075042725,8.238459587097168,15265570
2010-01-28,5.16301155090332,8.091343879699707,8.091343879699707,7.9442291259765625,7.9442291259765625,9147759
2010-01-29,5.006556987762451,7.846151828765869,7.993268013000488,7.600959777832031,7.846151828765869,9634887
2010-02-01,4.94397497177124,7.748075008392334,7.895191192626953,7.600959777832031,7.699037075042725,9167122
2010-02-02,5.100430011749268,7.993268013000488,8.140382766723633,7.895191192626953,7.9442291259765625,12722848
2010-02-03,5.350757598876953,8.385575294494629,8.385575294494629,7.993268013000488,8.189420700073242,11476510
2010-02-04,5.225593090057373,8.189420700073242,8.33653736114502,8.140382766723633,8.33653736114502,7933365
2010-02-05,4.850100994110107,7.600959777832031,7.846151828765869,7.5519208908081055,7.79711389541626,13444143
2010-02-08,4.568483352661133,7.159614086151123,7.699037075042725,7.06153678894043,7.649998188018799,17517681
2010-02-09,4.568483352661133,7.159614086151123,7.257690906524658,7.012497901916504,7.159614086151123,13444006
2010-02-10,5.037848472595215,7.895191192626953,7.9442291259765625,7.257690906524658,7.306728839874268,24015136
2010-02-11,5.131720066070557,8.042305946350098,8.238459587097168,7.895191192626953,7.895191192626953,14154002
2010-02-12,5.444630146026611,8.532690048217773,8.5817289352417,8.091343879699707,8.091343879699707,18252206
2010-02-17,5.444630146026611,8.532690048217773,8.826921463012695,8.385575294494629,8.630766868591309,9483618
2010-02-18,5.225593090057373,8.189420700073242,8.5817289352417,8.140382766723633,8.483652114868164,3079664
2010-02-19,5.006556987762451,7.846151828765869,8.189420700073242,7.79711389541626,8.189420700073242,6266918
2010-02-22,5.382048606872559,8.434614181518555,8.483652114868164,8.091343879699707,8.091343879699707,11021146
2010-02-23,5.538504123687744,8.679805755615234,8.679805755615234,8.238459587097168,8.33653736114502,10788288
2010-02-24,5.538504123687744,8.679805755615234,8.77788257598877,8.434614181518555,8.5817289352417,6021295
2010-02-25,5.538504123687744,8.679805755615234,8.875960350036621,8.5817289352417,8.728843688964844,12025012
2010-02-26,5.444630146026611,8.532690048217773,8.77788257598877,8.434614181518555,8.728843688964844,6805271
2010-03-01,5.538504123687744,8.679805755615234,8.77788257598877,8.5817289352417,8.630766868591309,10555995
2010-03-02,5.538504123687744,8.679805755615234,8.875960350036621,8.5817289352417,8.679805755615234,10654903
2010-03-03,5.601085662841797,8.77788257598877,8.92499828338623,8.679805755615234,8.728843688964844,15625091
2010-03-04,5.538504123687744,8.679805755615234,8.875960350036621,8.630766868591309,8.826921463012695,8293083
2010-03-05,5.507211685180664,8.630766868591309,8.77788257598877,8.5817289352417,8.728843688964844,5096816
2010-03-08,5.538504123687744,8.679805755615234,8.826921463012695,8.630766868591309,8.728843688964844,6883429
2010-03-09,5.538504123687744,8.679805755615234,8.728843688964844,8.630766868591309,8.630766868591309,3823937
2010-03-10,5.475921630859375,8.5817289352417,8.728843688964844,8.532690048217773,8.679805755615234,5784032
2010-03-11,5.382048606872559,8.434614181518555,8.630766868591309,8.33653736114502,8.630766868591309,9311875
2010-03-12,5.2568840980529785,8.238459587097168,8.483652114868164,8.042305946350098,8.483652114868164,15459500
2010-03-15,5.225593090057373,8.189420700073242,8.189420700073242,8.091343879699707,8.189420700073242,3381020
2010-03-16,5.288175582885742,8.287498474121094,8.434614181518555,8.189420700073242,8.189420700073242,8221507
2010-03-17,5.507211685180664,8.630766868591309,8.630766868591309,8.33653736114502,8.385575294494629,25729603
2010-03-18,5.382048606872559,8.434614181518555,8.679805755615234,8.33653736114502,8.630766868591309,12431264
2010-03-19,5.288175582885742,8.287498474121094,8.483652114868164,8.287498474121094,8.434614181518555,10683860
2010-03-22,5.288175582885742,8.287498474121094,8.434614181518555,8.189420700073242,8.33653736114502,9772534
2010-03-23,5.2568840980529785,8.238459587097168,8.385575294494629,8.189420700073242,8.33653736114502,13056711
2010-03-24,5.319467067718506,8.33653736114502,8.532690048217773,8.238459587097168,8.238459587097168,11570875
2010-03-25,5.225593090057373,8.189420700073242,8.33653736114502,8.140382766723633,8.287498474121094,16597586
2010-03-26,5.131720066070557,8.042305946350098,8.238459587097168,7.9442291259765625,8.189420700073242,12882747
2010-03-29,5.131720066070557,8.042305946350098,8.140382766723633,7.993268013000488,8.042305946350098,6699349
2010-03-30,5.194302558898926,8.140382766723633,8.140382766723633,8.042305946350098,8.091343879699707,10967107
2010-03-31,5.131720066070557,8.042305946350098,8.189420700073242,8.042305946350098,8.140382766723633,4658792
2010-04-01,5.288175582885742,8.287498474121094,8.33653736114502,8.042305946350098,8.091343879699707,20615250
2010-04-07,5.382048606872559,8.434614181518555,8.5817289352417,8.33653736114502,8.434614181518555,15362576
2010-04-08,5.288175582885742,8.287498474121094,8.434614181518555,8.189420700073242,8.385575294494629,8323126
2010-04-09,5.413339614868164,8.483652114868164,8.532690048217773,8.33653736114502,8.33653736114502,8966432
2010-04-12,5.319467067718506,8.33653736114502,8.5817289352417,8.287498474121094,8.532690048217773,8443169
2010-04-13,5.2568840980529785,8.238459587097168,8.434614181518555,8.238459587097168,8.287498474121094,5958465
2010-04-14,5.194302558898926,8.140382766723633,8.33653736114502,8.091343879699707,8.287498474121094,5517506
2010-04-15,5.194302558898926,8.140382766723633,8.287498474121094,8.091343879699707,8.189420700073242,4153679
2010-04-16,4.94397497177124,7.748075008392334,7.9442291259765625,7.649998188018799,7.846151828765869,12959217
2010-04-19,4.787519931793213,7.502882957458496,7.649998188018799,7.355768203735352,7.5519208908081055,10069900
2010-04-20,4.787519931793213,7.502882957458496,7.5519208908081055,7.404806137084961,7.5519208908081055,8246181
2010-04-21,4.756229400634766,7.453845024108887,7.649998188018799,7.404806137084961,7.5519208908081055,20609839
2010-04-22,4.662355899810791,7.306728839874268,7.404806137084961,7.257690906524658,7.404806137084961,11958778
2010-04-23,4.59977388381958,7.208652019500732,7.355768203735352,7.110575199127197,7.306728839874268,11735484
2010-04-26,4.505901336669922,7.06153678894043,7.257690906524658,6.9634599685668945,7.257690906524658,15150885
2010-04-27,4.443319320678711,6.9634599685668945,7.06153678894043,6.865383148193359,7.012497901916504,10040610
2010-04-28,4.412028789520264,6.914422035217285,6.9634599685668945,6.718267917633057,6.767305850982666,7480659
2010-04-29,4.443319320678711,6.9634599685668945,7.159614086151123,6.914422035217285,6.9634599685668945,8346918
2010-04-30,4.474609375,7.012497901916504,7.159614086151123,7.012497901916504,7.110575199127197,8905460
2010-05-03,4.318155288696289,6.767305850982666,6.9634599685668945,6.669229030609131,6.865383148193359,13570475
2010-05-04,4.224282264709473,6.6201910972595215,6.865383148193359,6.522113800048828,6.81634521484375,4724047
2010-05-05,4.03653621673584,6.325960159301758,6.424036979675293,6.2278828620910645,6.424036979675293,9836566
2010-05-06,3.754917621612549,5.884613990783691,6.178844928741455,5.786537170410156,6.129806041717529,17334383
2010-05-07,3.754917621612549,5.884613990783691,5.884613990783691,5.492306232452393,5.541345119476318,22483376
2010-05-10,3.911372661590576,6.129806041717529,6.129806041717529,5.786537170410156,6.129806041717529,14610143
2010-05-11,3.817500352859497,5.982690811157227,6.325960159301758,5.835576057434082,5.992498874664307,17810437
2010-05-12,3.8487908840179443,6.031729221343994,6.325960159301758,5.933651924133301,6.08076810836792,17746481
2010-05-13,3.911372661590576,6.129806041717529,6.178844928741455,6.031729221343994,6.178844928741455,12132315
2010-05-14,3.817500352859497,5.982690811157227,6.08076810836792,5.884613990783691,6.031729221343994,8285742
2010-05-17,3.4732987880706787,5.443267822265625,5.884613990783691,5.394228935241699,5.884613990783691,18017900
2010-05-18,3.6610450744628906,5.737499237060547,5.737499237060547,5.394228935241699,5.541345119476318,12137184
2010-05-19,3.442007064819336,5.394228935241699,5.590383052825928,5.34519100189209,5.541345119476318,9697287
2010-05-20,3.3481345176696777,5.247114181518555,5.492306232452393,4.805768013000488,5.443267822265625,15282700
2010-05-24,3.5045902729034424,5.492306232452393,5.590383052825928,5.2961530685424805,5.2961530685424805,10504205
2010-05-25,3.285552978515625,5.149036884307861,5.443267822265625,5.099998950958252,5.34519100189209,8145036
2010-05-26,3.285552978515625,5.149036884307861,5.2961530685424805,5.099998950958252,5.247114181518555,6405993
2010-05-27,3.5358810424804688,5.541345119476318,5.6394219398498535,5.001922130584717,5.099998950958252,12695699
2010-05-28,3.7236263751983643,5.835576057434082,5.884613990783691,5.737499237060547,5.835576057434082,20622183
2010-05-31,3.911372661590576,6.129806041717529,6.325960159301758,5.786537170410156,5.835576057434082,42002492
2010-06-01,3.8487908840179443,6.031729221343994,6.2278828620910645,5.933651924133301,6.129806041717529,13046679
2010-06-02,3.817500352859497,5.982690811157227,6.08076810836792,5.786537170410156,6.08076810836792,9192989
2010-06-03,3.880082130432129,6.08076810836792,6.2278828620910645,6.031729221343994,6.129806041717529,8774746
2010-06-04,3.817500352859497,5.982690811157227,6.129806041717529,5.884613990783691,6.129806041717529,9702956
2010-06-07,3.692335605621338,5.786537170410156,5.786537170410156,5.6394219398498535,5.6394219398498535,7782871
2010-06-08,3.786207675933838,5.933651924133301,5.933651924133301,5.786537170410156,5.884613990783691,3775404
2010-06-09,3.7236263751983643,5.835576057434082,5.933651924133301,5.6394219398498535,5.884613990783691,8418291
2010-06-10,3.692335605621338,5.786537170410156,5.835576057434082,5.688459873199463,5.737499237060547,7135787
2010-06-11,3.786207675933838,5.933651924133301,6.031729221343994,5.835576057434082,5.884613990783691,8515358
2010-06-14,3.880082130432129,6.08076810836792,6.129806041717529,5.933651924133301,5.982690811157227,6500612
2010-06-15,3.880082130432129,6.08076810836792,6.129806041717529,6.031729221343994,6.08076810836792,4257067
2010-06-17,3.9426634311676025,6.178844928741455,6.2278828620910645,6.08076810836792,6.178844928741455,8820489
2010-06-18,3.8487908840179443,6.031729221343994,6.178844928741455,5.933651924133301,6.129806041717529,7814275
2010-06-21,4.03653621673584,6.325960159301758,6.325960159301758,5.982690811157227,6.031729221343994,19190246
2010-06-22,4.067828178405762,6.374999046325684,6.424036979675293,6.178844928741455,6.276922225952148,15974198
2010-06-23,3.9739534854888916,6.2278828620910645,6.325960159301758,6.129806041717529,6.2278828620910645,9913178
2010-06-24,3.8487908840179443,6.031729221343994,6.2278828620910645,5.982690811157227,6.178844928741455,12978386
2010-06-25,3.817500352859497,5.982690811157227,6.08076810836792,5.884613990783691,5.933651924133301,4844775
2010-06-28,3.786207675933838,5.933651924133301,6.08076810836792,5.835576057434082,5.982690811157227,5362419
2010-06-29,3.5358810424804688,5.541345119476318,5.884613990783691,5.443267822265625,5.884613990783691,17143688
2010-06-30,3.4732987880706787,5.443267822265625,5.492306232452393,5.34519100189209,5.394228935241699,10801115
2010-07-02,3.4107165336608887,5.34519100189209,5.492306232452393,5.198075771331787,5.394228935241699,9065806
2010-07-05,3.4107165336608887,5.34519100189209,5.34519100189209,5.247114181518555,5.34519100189209,2547345
2010-07-06,3.5984623432159424,5.6394219398498535,5.6394219398498535,5.2961530685424805,5.34519100189209,4595577
2010-07-07,3.567171096801758,5.590383052825928,5.590383052825928,5.443267822265625,5.590383052825928,3276204
2010-07-08,3.567171096801758,5.590383052825928,5.737499237060547,5.541345119476318,5.688459873199463,4579263
2010-07-09,3.6610450744628906,5.737499237060547,5.737499237060547,5.590383052825928,5.590383052825928,11277272
2010-07-12,3.692335605621338,5.786537170410156,5.835576057434082,5.688459873199463,5.737499237060547,8166652
2010-07-13,3.6610450744628906,5.737499237060547,5.786537170410156,5.6394219398498535,5.737499237060547,3845961
2010-07-14,3.7236263751983643,5.835576057434082,5.884613990783691,5.737499237060547,5.786537170410156,10273978
2010-07-15,3.5984623432159424,5.6394219398498535,5.835576057434082,5.590383052825928,5.786537170410156,3254996
2010-07-16,3.5358810424804688,5.541345119476318,5.6394219398498535,5.492306232452393,5.6394219398498535,2740298
2010-07-19,3.5045902729034424,5.492306232452393,5.541345119476318,5.394228935241699,5.394228935241699,3058660
2010-07-20,3.629754066467285,5.688459873199463,5.786537170410156,5.590383052825928,5.590383052825928,7116863
2010-07-21,4.005245208740234,6.276922225952148,6.276922225952148,5.737499237060547,5.786537170410156,35171255
2010-07-22,4.067828178405762,6.374999046325684,6.473074913024902,6.129806041717529,6.178844928741455,27034090
2010-07-23,3.911372661590576,6.129806041717529,6.473074913024902,6.08076810836792,6.473074913024902,21823791
2010-07-26,3.911372661590576,6.129806041717529,6.2278828620910645,6.08076810836792,6.2278828620910645,6358275
2010-07-27,4.067828178405762,6.374999046325684,6.424036979675293,6.129806041717529,6.178844928741455,15850418
2010-07-28,4.005245208740234,6.276922225952148,6.473074913024902,6.2278828620910645,6.374999046325684,11449626
2010-07-29,4.03653621673584,6.325960159301758,6.473074913024902,6.2278828620910645,6.276922225952148,13436598
2010-07-30,4.099117755889893,6.424036979675293,6.424036979675293,6.276922225952148,6.325960159301758,6745726
2010-08-02,4.224282264709473,6.6201910972595215,6.669229030609131,6.473074913024902,6.473074913024902,16232567
2010-08-03,4.067828178405762,6.374999046325684,6.669229030609131,6.374999046325684,6.6201910972595215,7176408
2010-08-04,4.067828178405762,6.374999046325684,6.473074913024902,6.2278828620910645,6.424036979675293,7382777
2010-08-05,4.03653621673584,6.325960159301758,6.424036979675293,6.276922225952148,6.374999046325684,3697914
2010-08-06,4.005245208740234,6.276922225952148,6.374999046325684,6.2278828620910645,6.325960159301758,5471624
2010-08-09,4.03653621673584,6.325960159301758,6.374999046325684,6.276922225952148,6.325960159301758,3020894
2010-08-10,4.03653621673584,6.325960159301758,6.473074913024902,6.276922225952148,6.374999046325684,9620552
2010-08-11,3.9426634311676025,6.178844928741455,6.374999046325684,6.129806041717529,6.276922225952148,7752732
2010-08-12,3.9426634311676025,6.178844928741455,6.178844928741455,6.031729221343994,6.129806041717529,6126824
2010-08-13,3.9739534854888916,6.2278828620910645,6.2278828620910645,6.08076810836792,6.178844928741455,2829208
2010-08-16,4.005245208740234,6.276922225952148,6.276922225952148,6.129806041717529,6.129806041717529,3875530
2010-08-17,3.9739534854888916,6.2278828620910645,6.276922225952148,6.178844928741455,6.2278828620910645,2018008
2010-08-18,3.9739534854888916,6.2278828620910645,6.325960159301758,6.2278828620910645,6.276922225952148,1915435
2010-08-19,3.9739534854888916,6.2278828620910645,6.325960159301758,6.178844928741455,6.276922225952148,5164110
2010-08-20,4.005245208740234,6.276922225952148,6.325960159301758,6.178844928741455,6.2278828620910645,4646965
2010-08-23,3.9739534854888916,6.2278828620910645,6.325960159301758,6.178844928741455,6.276922225952148,1526353
2010-08-24,3.9426634311676025,6.178844928741455,6.276922225952148,6.129806041717529,6.178844928741455,2321912
2010-08-25,3.8487908840179443,6.031729221343994,6.178844928741455,6.031729221343994,6.08076810836792,3699749
2010-08-26,3.7236263751983643,5.835576057434082,6.129806041717529,5.786537170410156,6.08076810836792,9496221
2010-08-27,3.6610450744628906,5.737499237060547,5.835576057434082,5.6394219398498535,5.835576057434082,4684486
2010-08-30,3.629754066467285,5.688459873199463,5.835576057434082,5.6394219398498535,5.786537170410156,5739169
2010-08-31,3.5358810424804688,5.541345119476318,5.6394219398498535,5.443267822265625,5.6394219398498535,6843262
2010-09-01,3.629754066467285,5.688459873199463,5.737499237060547,5.590383052825928,5.590383052825928,5850102
2010-09-02,3.754917621612549,5.884613990783691,5.884613990783691,5.786537170410156,5.786537170410156,10738103
2010-09-03,3.8487908840179443,6.031729221343994,6.031729221343994,5.835576057434082,5.884613990783691,8374040
2010-09-06,4.192991733551025,6.571152210235596,6.6201910972595215,6.129806041717529,6.129806041717529,57164526
2010-09-07,4.318155288696289,6.767305850982666,6.914422035217285,6.669229030609131,6.767305850982666,34284930
2010-09-08,4.192991733551025,6.571152210235596,6.669229030609131,6.522113800048828,6.6201910972595215,11893523
2010-09-09,4.192991733551025,6.571152210235596,6.767305850982666,6.473074913024902,6.669229030609131,11758527
2010-09-10,4.16170072555542,6.522113800048828,6.6201910972595215,6.374999046325684,6.571152210235596,7746165
2010-09-13,4.318155288696289,6.767305850982666,6.81634521484375,6.6201910972595215,6.669229030609131,14444174
2010-09-14,4.3494462966918945,6.81634521484375,6.865383148193359,6.718267917633057,6.81634521484375,9111217
2010-09-15,4.255573272705078,6.669229030609131,6.81634521484375,6.522113800048828,6.767305850982666,9175656
2010-09-16,4.224282264709473,6.6201910972595215,6.669229030609131,6.522113800048828,6.669229030609131,4570290
2010-09-17,4.286865234375,6.718267917633057,6.767305850982666,6.6201910972595215,6.6201910972595215,10318025
2010-09-20,4.318155288696289,6.767305850982666,6.865383148193359,6.718267917633057,6.767305850982666,9680158
2010-09-21,4.318155288696289,6.767305850982666,6.865383148193359,6.669229030609131,6.81634521484375,7930511
2010-09-22,4.255573272705078,6.669229030609131,6.767305850982666,6.6201910972595215,6.718267917633057,8363640
2010-09-24,4.286865234375,6.718267917633057,6.718267917633057,6.571152210235596,6.669229030609131,5186134
2010-09-27,4.286865234375,6.718267917633057,6.81634521484375,6.669229030609131,6.767305850982666,14370355
2010-09-28,4.380736351013184,6.865383148193359,7.110575199127197,6.81634521484375,6.914422035217285,62699774
2010-09-29,4.474609375,7.012497901916504,7.159614086151123,6.81634521484375,6.914422035217285,54584918
2010-09-30,4.443319320678711,6.9634599685668945,7.06153678894043,6.865383148193359,7.06153678894043,28092851
2010-10-04,4.474609375,7.012497901916504,7.06153678894043,6.9634599685668945,6.9634599685668945,45452105
2010-10-05,4.318155288696289,6.767305850982666,7.012497901916504,6.669229030609131,6.9634599685668945,32601863
2010-10-06,4.412028789520264,6.914422035217285,6.914422035217285,6.767305850982666,6.81634521484375,19792630
2010-10-07,4.380736351013184,6.865383148193359,6.914422035217285,6.767305850982666,6.914422035217285,8480691
2010-10-08,4.3494462966918945,6.81634521484375,6.865383148193359,6.767305850982666,6.865383148193359,7291828
2010-10-11,4.318155288696289,6.767305850982666,6.914422035217285,6.767305850982666,6.865383148193359,27966012
2010-10-12,4.255573272705078,6.669229030609131,6.865383148193359,6.6201910972595215,6.767305850982666,17881477
2010-10-13,4.380736351013184,6.865383148193359,6.865383148193359,6.6201910972595215,6.718267917633057,16950371
2010-10-14,4.380736351013184,6.865383148193359,6.9634599685668945,6.767305850982666,6.865383148193359,14868331
2010-10-15,4.318155288696289,6.767305850982666,6.865383148193359,6.718267917633057,6.865383148193359,8645867
2010-10-18,4.380736351013184,6.865383148193359,7.110575199127197,6.767305850982666,6.81634521484375,40212115
2010-10-19,4.412028789520264,6.914422035217285,6.9634599685668945,6.81634521484375,6.9634599685668945,17526653
2010-10-20,4.3494462966918945,6.81634521484375,6.865383148193359,6.718267917633057,6.767305850982666,20178042
2010-10-21,4.3494462966918945,6.81634521484375,6.865383148193359,6.767305850982666,6.81634521484375,8814307
2010-10-22,4.224282264709473,6.6201910972595215,6.81634521484375,6.571152210235596,6.81634521484375,18109257
2010-10-25,4.318155288696289,6.767305850982666,6.81634521484375,6.571152210235596,6.6201910972595215,13134590
2010-10-26,4.224282264709473,6.6201910972595215,6.767305850982666,6.571152210235596,6.718267917633057,7439467
2010-10-27,4.067828178405762,6.374999046325684,6.669229030609131,6.325960159301758,6.6201910972595215,12633758
2010-10-28,4.067828178405762,6.374999046325684,6.522113800048828,6.325960159301758,6.424036979675293,9739519
2010-10-29,4.067828178405762,6.374999046325684,6.522113800048828,6.325960159301758,6.424036979675293,9387876
2010-11-01,4.16170072555542,6.522113800048828,6.522113800048828,6.374999046325684,6.374999046325684,12544416
2010-11-02,4.099117755889893,6.424036979675293,6.522113800048828,6.424036979675293,6.473074913024902,6078451
2010-11-03,4.130409240722656,6.473074913024902,6.571152210235596,6.424036979675293,6.473074913024902,15715860
2010-11-04,4.16170072555542,6.522113800048828,6.571152210235596,6.473074913024902,6.522113800048828,11655342
2010-11-05,4.255573272705078,6.669229030609131,6.669229030609131,6.571152210235596,6.571152210235596,17723438
2010-11-08,4.224282264709473,6.6201910972595215,6.669229030609131,6.571152210235596,6.669229030609131,11272378
2010-11-09,4.255573272705078,6.669229030609131,6.81634521484375,6.6201910972595215,6.669229030609131,13914794
2010-11-10,4.16170072555542,6.522113800048828,6.718267917633057,6.522113800048828,6.669229030609131,9421177
2010-11-11,4.16170072555542,6.522113800048828,6.6201910972595215,6.473074913024902,6.522113800048828,17685761
2010-11-12,4.03653621673584,6.325960159301758,6.522113800048828,6.276922225952148,6.473074913024902,9793130
2010-11-15,4.005245208740234,6.276922225952148,6.424036979675293,6.178844928741455,6.424036979675293,5409224
2010-11-16,3.880082130432129,6.08076810836792,6.276922225952148,6.031729221343994,6.276922225952148,10546417
2010-11-17,3.7236263751983643,5.835576057434082,6.031729221343994,5.786537170410156,5.982690811157227,12132519
2010-11-18,3.754917621612549,5.884613990783691,5.982690811157227,5.884613990783691,5.933651924133301,8185821
2010-11-19,3.817500352859497,5.982690811157227,6.031729221343994,5.884613990783691,5.933651924133301,6081757
2010-11-22,3.817500352859497,5.982690811157227,5.982690811157227,5.835576057434082,5.933651924133301,2984392
2010-11-23,3.7236263751983643,5.835576057434082,5.933651924133301,5.786537170410156,5.933651924133301,4817239
2010-11-24,3.7236263751983643,5.835576057434082,5.884613990783691,5.786537170410156,5.786537170410156,3256627
2010-11-25,3.786207675933838,5.933651924133301,6.031729221343994,5.835576057434082,5.884613990783691,10754417
2010-11-26,3.692335605621338,5.786537170410156,5.933651924133301,5.737499237060547,5.933651924133301,8181742
2010-11-29,3.692335605621338,5.786537170410156,5.786537170410156,5.6394219398498535,5.737499237060547,3673443
2010-11-30,3.692335605621338,5.786537170410156,5.786537170410156,5.6394219398498535,5.737499237060547,3894086
2010-12-01,3.692335605621338,5.786537170410156,5.835576057434082,5.688459873199463,5.737499237060547,3967915
2010-12-02,3.7236263751983643,5.835576057434082,5.933651924133301,5.786537170410156,5.884613990783691,4821318
2010-12-03,3.7236263751983643,5.835576057434082,5.884613990783691,5.737499237060547,5.835576057434082,3019263
2010-12-06,3.5984623432159424,5.6394219398498535,5.835576057434082,5.6394219398498535,5.835576057434082,6523859
2010-12-07,3.629754066467285,5.688459873199463,5.737499237060547,5.6394219398498535,5.6394219398498535,4699210
2010-12-08,3.567171096801758,5.590383052825928,5.688459873199463,5.541345119476318,5.688459873199463,5717716
2010-12-09,3.5045902729034424,5.492306232452393,5.688459873199463,5.492306232452393,5.6394219398498535,4234228
2010-12-10,3.567171096801758,5.590383052825928,5.590383052825928,5.443267822265625,5.492306232452393,6328992
2010-12-13,3.5045902729034424,5.492306232452393,5.6394219398498535,5.443267822265625,5.590383052825928,4812957
2010-12-14,3.692335605621338,5.786537170410156,5.786537170410156,5.492306232452393,5.492306232452393,16403045
2010-12-15,3.629754066467285,5.688459873199463,5.835576057434082,5.6394219398498535,5.737499237060547,10769507
2010-12-16,3.5358810424804688,5.541345119476318,5.688459873199463,5.492306232452393,5.6394219398498535,5397478
2010-12-17,3.567171096801758,5.590383052825928,5.590383052825928,5.492306232452393,5.590383052825928,2161976
2010-12-20,3.567171096801758,5.590383052825928,5.590383052825928,5.443267822265625,5.590383052825928,3631861
2010-12-21,3.6610450744628906,5.737499237060547,5.737499237060547,5.541345119476318,5.590383052825928,5946016
2010-12-22,3.629754066467285,5.688459873199463,5.737499237060547,5.6394219398498535,5.688459873199463,3023929
2010-12-23,3.629754066467285,5.688459873199463,5.737499237060547,5.590383052825928,5.737499237060547,1610980
2010-12-24,3.5984623432159424,5.6394219398498535,5.688459873199463,5.590383052825928,5.6394219398498535,496345
2010-12-28,3.567171096801758,5.590383052825928,5.6394219398498535,5.541345119476318,5.6394219398498535,1366274
2010-12-29,3.5358810424804688,5.541345119476318,5.6394219398498535,5.541345119476318,5.590383052825928,2793725
2010-12-30,3.567171096801758,5.590383052825928,5.590383052825928,5.492306232452393,5.541345119476318,3107357
2010-12-31,3.5358810424804688,5.541345119476318,5.590383052825928,5.492306232452393,5.541345119476318,2676674
2011-01-03,3.629754066467285,5.688459873199463,5.688459873199463,5.541345119476318,5.541345119476318,3404675
2011-01-04,3.9739534854888916,6.2278828620910645,6.2278828620910645,5.737499237060547,5.737499237060547,36574466
2011-01-05,3.880082130432129,6.08076810836792,6.2278828620910645,5.982690811157227,6.129806041717529,16252272
2011-01-06,3.880082130432129,6.08076810836792,6.178844928741455,5.982690811157227,6.129806041717529,7521097
2011-01-07,3.880082130432129,6.08076810836792,6.08076810836792,5.982690811157227,6.08076810836792,7001036
2011-01-10,3.8487908840179443,6.031729221343994,6.129806041717529,5.982690811157227,5.982690811157227,6508769
2011-01-11,3.880082130432129,6.08076810836792,6.129806041717529,6.031729221343994,6.08076810836792,6154761
2011-01-12,3.911372661590576,6.129806041717529,6.178844928741455,6.031729221343994,6.031729221343994,7983938
2011-01-13,3.9426634311676025,6.178844928741455,6.374999046325684,6.129806041717529,6.325960159301758,17050645
2011-01-14,3.880082130432129,6.08076810836792,6.178844928741455,6.031729221343994,6.129806041717529,9154856
2011-01-17,3.786207675933838,5.933651924133301,6.129806041717529,5.884613990783691,6.08076810836792,5695240
2011-01-18,3.754917621612549,5.884613990783691,5.933651924133301,5.786537170410156,5.884613990783691,7042636
2011-01-19,3.786207675933838,5.933651924133301,5.982690811157227,5.884613990783691,5.933651924133301,4946322
2011-01-20,3.6610450744628906,5.737499237060547,5.884613990783691,5.6394219398498535,5.835576057434082,8779640
2011-01-21,3.6610450744628906,5.737499237060547,5.786537170410156,5.688459873199463,5.688459873199463,3164863
2011-01-24,3.6610450744628906,5.737499237060547,5.786537170410156,5.688459873199463,5.737499237060547,2363043
2011-01-25,3.567171096801758,5.590383052825928,5.786537170410156,5.590383052825928,5.737499237060547,4235859
2011-01-26,3.6610450744628906,5.737499237060547,5.737499237060547,5.590383052825928,5.6394219398498535,3441380
2011-01-27,3.6610450744628906,5.737499237060547,5.786537170410156,5.6394219398498535,5.737499237060547,3086557
2011-01-28,3.629754066467285,5.688459873199463,5.737499237060547,5.6394219398498535,5.688459873199463,1476800
2011-01-31,3.5984623432159424,5.6394219398498535,5.6394219398498535,5.541345119476318,5.6394219398498535,2529912
2011-02-01,3.567171096801758,5.590383052825928,5.6394219398498535,5.541345119476318,5.590383052825928,2918444
2011-02-02,3.629754066467285,5.688459873199463,5.688459873199463,5.590383052825928,5.590383052825928,1726174
2011-02-07,3.5984623432159424,5.6394219398498535,5.688459873199463,5.541345119476318,5.688459873199463,3983404
2011-02-08,3.5984623432159424,5.6394219398498535,5.688459873199463,5.590383052825928,5.6394219398498535,3706886
2011-02-09,3.5358810424804688,5.541345119476318,5.6394219398498535,5.492306232452393,5.6394219398498535,2956455
2011-02-10,3.5045902729034424,5.492306232452393,5.590383052825928,5.443267822265625,5.541345119476318,5028706
2011-02-11,3.5358810424804688,5.541345119476318,5.541345119476318,5.443267822265625,5.492306232452393,6776722
2011-02-14,3.629754066467285,5.688459873199463,5.786537170410156,5.492306232452393,5.541345119476318,7870150
2011-02-15,3.6610450744628906,5.737499237060547,5.737499237060547,5.6394219398498535,5.737499237060547,7719778
2011-02-16,3.7236263751983643,5.835576057434082,5.835576057434082,5.6394219398498535,5.737499237060547,6667828
2011-02-17,3.692335605621338,5.786537170410156,5.835576057434082,5.737499237060547,5.835576057434082,5787295
2011-02-18,3.754917621612549,5.884613990783691,5.933651924133301,5.737499237060547,5.786537170410156,8633206
2011-02-21,3.754917621612549,5.884613990783691,5.933651924133301,5.835576057434082,5.835576057434082,7126652
2011-02-22,3.5984623432159424,5.6394219398498535,5.835576057434082,5.6394219398498535,5.835576057434082,3901428
2011-02-23,3.567171096801758,5.590383052825928,5.688459873199463,5.590383052825928,5.688459873199463,2274133
2011-02-24,3.5045902729034424,5.492306232452393,5.688459873199463,5.443267822265625,5.590383052825928,5604581
2011-02-25,3.692335605621338,5.786537170410156,5.835576057434082,5.443267822265625,5.541345119476318,16321170
2011-02-28,3.692335605621338,5.786537170410156,5.786537170410156,5.6394219398498535,5.786537170410156,7113601
2011-03-01,3.754917621612549,5.884613990783691,5.884613990783691,5.688459873199463,5.786537170410156,10060540
2011-03-02,3.6610450744628906,5.737499237060547,5.786537170410156,5.688459873199463,5.737499237060547,2257004
2011-03-03,3.692335605621338,5.786537170410156,5.835576057434082,5.737499237060547,5.737499237060547,2294118
2011-03-04,3.8487908840179443,6.031729221343994,6.031729221343994,5.835576057434082,5.835576057434082,12176546
2011-03-07,3.754917621612549,5.884613990783691,6.031729221343994,5.835576057434082,5.933651924133301,3569443
2011-03-08,3.754917621612549,5.884613990783691,5.933651924133301,5.835576057434082,5.884613990783691,2107929
2011-03-09,3.692335605621338,5.786537170410156,5.982690811157227,5.688459873199463,5.933651924133301,8970103
2011-03-10,3.629754066467285,5.688459873199463,5.835576057434082,5.590383052825928,5.786537170410156,6348895
2011-03-11,3.629754066467285,5.688459873199463,5.737499237060547,5.541345119476318,5.590383052825928,8720911
2011-03-14,3.5984623432159424,5.6394219398498535,5.737499237060547,5.590383052825928,5.688459873199463,4591906
2011-03-15,3.5358810424804688,5.541345119476318,5.6394219398498535,5.443267822265625,5.590383052825928,10699795
2011-03-16,3.567171096801758,5.590383052825928,5.590383052825928,5.492306232452393,5.541345119476318,2509357
2011-03-17,3.4732987880706787,5.443267822265625,5.541345119476318,5.394228935241699,5.492306232452393,4830494
2011-03-18,3.5045902729034424,5.492306232452393,5.541345119476318,5.443267822265625,5.492306232452393,2929945
2011-03-21,3.567171096801758,5.590383052825928,5.590383052825928,5.492306232452393,5.541345119476318,4825600
2011-03-22,3.567171096801758,5.590383052825928,5.590383052825928,5.492306232452393,5.590383052825928,3976471
2011-03-23,3.5358810424804688,5.541345119476318,5.590383052825928,5.492306232452393,5.541345119476318,2895074
2011-03-24,3.5045902729034424,5.492306232452393,5.6394219398498535,5.443267822265625,5.541345119476318,13132551
2011-03-25,3.4732987880706787,5.443267822265625,5.541345119476318,5.394228935241699,5.541345119476318,10421617
2011-03-28,3.4732987880706787,5.443267822265625,5.492306232452393,5.394228935241699,5.443267822265625,4102086
2011-03-29,3.4732987880706787,5.443267822265625,5.492306232452393,5.394228935241699,5.443267822265625,2042397
2011-03-30,3.5045902729034424,5.492306232452393,5.590383052825928,5.394228935241699,5.394228935241699,12178605
2011-03-31,3.3481345176696777,5.247114181518555,5.492306232452393,5.198075771331787,5.443267822265625,25046466
2011-04-01,3.285552978515625,5.149036884307861,5.247114181518555,5.050960063934326,5.198075771331787,12358994
2011-04-04,3.2542624473571777,5.099998950958252,5.198075771331787,5.050960063934326,5.149036884307861,15168094
2011-04-06,3.3481345176696777,5.247114181518555,5.2961530685424805,5.099998950958252,5.099998950958252,15699516
2011-04-07,3.3481345176696777,5.247114181518555,5.2961530685424805,5.198075771331787,5.247114181518555,6754901
2011-04-08,3.3794260025024414,5.2961530685424805,5.2961530685424805,5.149036884307861,5.247114181518555,7066658
2011-04-11,3.4107165336608887,5.34519100189209,5.443267822265625,5.198075771331787,5.247114181518555,17675516
2011-04-12,3.3794260025024414,5.2961530685424805,5.492306232452393,5.198075771331787,5.34519100189209,26231577
2011-04-13,3.442007064819336,5.394228935241699,5.443267822265625,5.247114181518555,5.2961530685424805,16974393
2011-04-14,3.442007064819336,5.394228935241699,5.443267822265625,5.34519100189209,5.394228935241699,8520692
2011-04-15,3.4107165336608887,5.34519100189209,5.34519100189209,5.247114181518555,5.34519100189209,9670757
2011-04-18,3.3794260025024414,5.2961530685424805,5.34519100189209,5.247114181518555,5.2961530685424805,6746950
2011-04-19,3.3481345176696777,5.247114181518555,5.2961530685424805,5.149036884307861,5.247114181518555,6952135
2011-04-20,3.3794260025024414,5.2961530685424805,5.34519100189209,5.247114181518555,5.2961530685424805,6881538
2011-04-21,3.4107165336608887,5.34519100189209,5.34519100189209,5.2961530685424805,5.2961530685424805,4225255
2011-04-26,3.3168439865112305,5.198075771331787,5.34519100189209,5.099998950958252,5.2961530685424805,6683326
2011-04-27,3.3168439865112305,5.198075771331787,5.247114181518555,5.099998950958252,5.198075771331787,5204956
2011-04-28,3.285552978515625,5.149036884307861,5.198075771331787,5.099998950958252,5.198075771331787,3545584
2011-04-29,3.222970724105835,5.050960063934326,5.149036884307861,5.001922130584717,5.099998950958252,6004879
2011-05-03,3.191680431365967,5.001922130584717,5.099998950958252,4.952882766723633,5.099998950958252,9541064
2011-05-04,3.1603877544403076,4.952882766723633,5.001922130584717,4.854805946350098,5.001922130584717,6775499
2011-05-05,3.1290974617004395,4.903844833374023,5.001922130584717,4.854805946350098,4.903844833374023,2618464
2011-05-06,3.1290974617004395,4.903844833374023,4.903844833374023,4.903844833374023,4.903844833374023,0
2011-05-09,3.191680431365967,5.001922130584717,5.149036884307861,4.952882766723633,5.001922130584717,7342401
2011-05-11,3.191680431365967,5.001922130584717,5.099998950958252,4.952882766723633,5.001922130584717,4935718
2011-05-12,3.1290974617004395,4.903844833374023,4.952882766723633,4.854805946350098,4.903844833374023,4439169
2011-05-13,3.1290974617004395,4.903844833374023,4.903844833374023,4.756730079650879,4.903844833374023,6286087
2011-05-16,3.0026700496673584,4.6586527824401855,4.854805946350098,4.56057596206665,4.805768013000488,9336285
2011-05-17,2.971061944961548,4.60961389541626,4.6586527824401855,4.511537075042725,4.60961389541626,4620598
2011-05-18,3.0026700496673584,4.6586527824401855,4.707691192626953,4.56057596206665,4.56057596206665,5042839
2011-05-19,3.0026700496673584,4.6586527824401855,4.707691192626953,4.60961389541626,4.6586527824401855,5126181
2011-05-20,2.9078481197357178,4.511537075042725,4.6586527824401855,4.462499141693115,4.6586527824401855,4236043
2011-05-23,2.8130271434783936,4.364421844482422,4.511537075042725,4.315382957458496,4.462499141693115,5226102
2011-05-24,2.8446338176727295,4.413459777832031,4.462499141693115,4.315382957458496,4.364421844482422,2707671
2011-05-25,2.7498128414154053,4.266345024108887,4.413459777832031,4.217307090759277,4.364421844482422,3210133
2011-05-26,2.686599016189575,4.168268203735352,4.364421844482422,4.119229793548584,4.315382957458496,5234135
2011-05-27,2.7182061672210693,4.217307090759277,4.266345024108887,4.119229793548584,4.168268203735352,4623310
2011-05-30,2.7182061672210693,4.217307090759277,4.266345024108887,4.119229793548584,4.266345024108887,1928962
2011-05-31,2.7498128414154053,4.266345024108887,4.266345024108887,4.168268203735352,4.217307090759277,4756675
2011-06-01,2.654991865158081,4.119229793548584,4.266345024108887,4.070190906524658,4.217307090759277,9040559
2011-06-02,2.591777801513672,4.021152973175049,4.070190906524658,3.972114086151123,4.070190906524658,5922698
2011-06-03,2.5285637378692627,3.9230759143829346,4.070190906524658,3.8249990940093994,4.021152973175049,10682210
2011-06-07,2.4653499126434326,3.8249990940093994,3.874037027359009,3.7759599685668945,3.874037027359009,4655937
2011-06-08,2.4021356105804443,3.726922035217285,3.8249990940093994,3.677884101867676,3.8249990940093994,6485522
2011-06-09,2.338921308517456,3.628844976425171,3.726922035217285,3.5307679176330566,3.677884101867676,8204581
2011-06-10,2.307314872741699,3.5798070430755615,3.677884101867676,3.5307679176330566,3.628844976425171,3056784
2011-06-13,2.4021356105804443,3.726922035217285,3.726922035217285,3.4817299842834473,3.5307679176330566,4182024
2011-06-14,2.338921308517456,3.628844976425171,3.726922035217285,3.5798070430755615,3.677884101867676,3989930
2011-06-15,2.338921308517456,3.628844976425171,3.677884101867676,3.5798070430755615,3.628844976425171,1973961
2011-06-16,2.275707483291626,3.5307679176330566,3.628844976425171,3.4817299842834473,3.628844976425171,2251498
2011-06-17,2.307314872741699,3.5798070430755615,3.5798070430755615,3.4817299842834473,3.4817299842834473,3516016
2011-06-20,2.275707483291626,3.5307679176330566,3.677884101867676,3.4817299842834473,3.5798070430755615,4075984
2011-06-21,2.275707483291626,3.5307679176330566,3.5798070430755615,3.383652925491333,3.5307679176330566,6493679
2011-06-22,2.244100332260132,3.4817299842834473,3.5798070430755615,3.4326910972595215,3.5307679176330566,6451345
2011-06-23,2.244100332260132,3.4817299842834473,3.5307679176330566,3.4326910972595215,3.4817299842834473,2345914
2011-06-24,2.37052845954895,3.677884101867676,3.677884101867676,3.4817299842834473,3.4817299842834473,7486369
2011-06-27,2.37052845954895,3.677884101867676,3.677884101867676,3.5798070430755615,3.5798070430755615,2774606
2011-06-28,2.338921308517456,3.628844976425171,3.677884101867676,3.5307679176330566,3.677884101867676,3408345
2011-06-29,2.338921308517456,3.628844976425171,3.628844976425171,3.5798070430755615,3.628844976425171,1630964
2011-06-30,2.4021356105804443,3.726922035217285,3.7759599685668945,3.628844976425171,3.628844976425171,5955122
2011-07-04,2.5285637378692627,3.9230759143829346,3.9230759143829346,3.726922035217285,3.726922035217285,12507592
2011-07-05,2.433742046356201,3.7759599685668945,3.9230759143829346,3.726922035217285,3.874037027359009,9612048
2011-07-06,2.4653499126434326,3.8249990940093994,3.874037027359009,3.7759599685668945,3.7759599685668945,4432032
2011-07-07,2.4969565868377686,3.874037027359009,3.9230759143829346,3.8249990940093994,3.8249990940093994,2664031
2011-07-08,2.5285637378692627,3.9230759143829346,3.9230759143829346,3.8249990940093994,3.874037027359009,3445051
2011-07-11,2.4021356105804443,3.726922035217285,3.874037027359009,3.726922035217285,3.874037027359009,6640910
2011-07-12,2.338921308517456,3.628844976425171,3.677884101867676,3.5798070430755615,3.677884101867676,4423467
2011-07-13,2.37052845954895,3.677884101867676,3.677884101867676,3.5307679176330566,3.628844976425171,4121357
2011-07-14,2.338921308517456,3.628844976425171,3.628844976425171,3.5798070430755615,3.628844976425171,1236988
2011-07-15,2.307314872741699,3.5798070430755615,3.628844976425171,3.5307679176330566,3.5798070430755615,2213365
2011-07-18,2.244100332260132,3.4817299842834473,3.5798070430755615,3.4817299842834473,3.5307679176330566,2535969
2011-07-19,2.2124929428100586,3.4326910972595215,3.5307679176330566,3.4326910972595215,3.4817299842834473,1869145
2011-07-20,2.275707483291626,3.5307679176330566,3.5307679176330566,3.4817299842834473,3.5307679176330566,2031874
2011-07-21,2.244100332260132,3.4817299842834473,3.5307679176330566,3.4326910972595215,3.5307679176330566,1147262
2011-07-22,2.338921308517456,3.628844976425171,3.628844976425171,3.5307679176330566,3.5307679176330566,1738635
2011-07-25,2.307314872741699,3.5798070430755615,3.5798070430755615,3.5307679176330566,3.5798070430755615,749207
2011-07-26,2.275707483291626,3.5307679176330566,3.5798070430755615,3.4817299842834473,3.5307679176330566,2028204
2011-07-27,2.307314872741699,3.5798070430755615,3.5798070430755615,3.4817299842834473,3.5307679176330566,863404
2011-07-28,2.275707483291626,3.5307679176330566,3.5307679176330566,3.4817299842834473,3.5307679176330566,1376062
2011-07-29,2.307314872741699,3.5798070430755615,3.5798070430755615,3.4326910972595215,3.5307679176330566,3067388
2011-08-01,2.275707483291626,3.5307679176330566,3.628844976425171,3.4817299842834473,3.5798070430755615,2981741
2011-08-02,2.244100332260132,3.4817299842834473,3.5307679176330566,3.4326910972595215,3.4817299842834473,4122071
2011-08-03,2.2124929428100586,3.4326910972595215,3.4326910972595215,3.3346140384674072,3.4326910972595215,7816314
2011-08-04,2.1492788791656494,3.3346140384674072,3.4817299842834473,3.3346140384674072,3.4326910972595215,6018134
2011-08-05,2.0228512287139893,3.138461112976074,3.1874990463256836,2.991344928741455,3.138461112976074,8288393
2011-08-08,1.864815592765808,2.89326810836792,3.04038405418396,2.7461531162261963,2.991344928741455,8822056
2011-08-09,1.7383873462677002,2.6971139907836914,2.7461531162261963,2.5499989986419678,2.648076057434082,17237085
2011-08-10,1.7699949741363525,2.7461531162261963,2.7951910495758057,2.648076057434082,2.7951910495758057,10435076
2011-08-11,1.7067803144454956,2.648076057434082,2.648076057434082,2.5499989986419678,2.5990378856658936,5513632
2011-08-12,1.7383873462677002,2.6971139907836914,2.7461531162261963,2.648076057434082,2.648076057434082,4679592
2011-08-15,1.7699949741363525,2.7461531162261963,2.7951910495758057,2.6971139907836914,2.6971139907836914,3269271
2011-08-16,1.864815592765808,2.89326810836792,2.89326810836792,2.7951910495758057,2.7951910495758057,5945130
2011-08-17,1.896423101425171,2.9423069953918457,2.991344928741455,2.89326810836792,2.89326810836792,4271341
2011-08-18,1.864815592765808,2.89326810836792,2.991344928741455,2.8442299365997314,2.89326810836792,3014369
2011-08-19,1.7699949741363525,2.7461531162261963,2.7951910495758057,2.6971139907836914,2.7951910495758057,2938102
2011-08-22,1.7383873462677002,2.6971139907836914,2.7951910495758057,2.5990378856658936,2.6971139907836914,3018039
2011-08-23,1.7699949741363525,2.7461531162261963,2.7461531162261963,2.5009610652923584,2.6971139907836914,3941804
2011-08-24,1.7383873462677002,2.6971139907836914,2.7461531162261963,2.648076057434082,2.7461531162261963,1380957
2011-08-25,1.7699949741363525,2.7461531162261963,2.7461531162261963,2.648076057434082,2.6971139907836914,1529004
2011-08-26,1.7383873462677002,2.6971139907836914,2.7461531162261963,2.648076057434082,2.6971139907836914,1586612
2011-08-29,1.7383873462677002,2.6971139907836914,2.7461531162261963,2.648076057434082,2.6971139907836914,831592
2011-08-30,1.7699949741363525,2.7461531162261963,2.7951910495758057,2.6971139907836914,2.6971139907836914,1898917
2011-08-31,1.8016010522842407,2.7951910495758057,2.8442299365997314,2.6971139907836914,2.7461531162261963,3914886
2011-09-01,1.8332090377807617,2.8442299365997314,2.89326810836792,2.7461531162261963,2.7951910495758057,3798651
2011-09-02,1.8016010522842407,2.7951910495758057,2.8442299365997314,2.7461531162261963,2.7951910495758057,957207
2011-09-05,1.7699949741363525,2.7461531162261963,2.7461531162261963,2.648076057434082,2.7461531162261963,2012298
2011-09-06,1.7383873462677002,2.6971139907836914,2.6971139907836914,2.5990378856658936,2.648076057434082,4547043
2011-09-07,1.7383873462677002,2.6971139907836914,2.7461531162261963,2.648076057434082,2.6971139907836914,1463749
2011-09-08,1.7067803144454956,2.648076057434082,2.7461531162261963,2.648076057434082,2.7461531162261963,2717867
2011-09-09,1.7383873462677002,2.6971139907836914,2.7461531162261963,2.648076057434082,2.648076057434082,778572
2011-09-12,1.6751737594604492,2.5990378856658936,2.648076057434082,2.5499989986419678,2.648076057434082,3373678
2011-09-14,1.6751737594604492,2.5990378856658936,2.648076057434082,2.402884006500244,2.5990378856658936,9627138
2011-09-15,1.6751737594604492,2.5990378856658936,2.648076057434082,2.5009610652923584,2.648076057434082,2411577
2011-09-16,1.6119598150253296,2.5009610652923584,2.648076057434082,2.5009610652923584,2.5990378856658936,4841195
2011-09-19,1.5171377658843994,2.3538448810577393,2.5009610652923584,2.3293259143829346,2.5009610652923584,5561757
2011-09-20,1.4697275161743164,2.280287981033325,2.3783650398254395,2.2067298889160156,2.3538448810577393,8089773
2011-09-21,1.4539238214492798,2.255768060684204,2.280287981033325,2.2067298889160156,2.255768060684204,5673914
2011-09-22,1.3591029644012451,2.1086530685424805,2.2067298889160156,2.084134101867676,2.2067298889160156,5162071
2011-09-23,1.2958886623382568,2.010576009750366,2.059614896774292,1.9370180368423462,2.035094976425171,6260800
2011-09-26,1.2010678052902222,1.8634610176086426,2.010576009750366,1.7653839588165283,2.010576009750366,5833177
2011-09-27,1.311692237854004,2.035094976425171,2.035094976425171,1.8879799842834473,1.912498950958252,7872597
2011-09-28,1.311692237854004,2.035094976425171,2.084134101867676,1.9615379571914673,2.010576009750366,4498102
2011-09-30,1.2958886623382568,2.010576009750366,2.035094976425171,1.9370180368423462,2.035094976425171,9121821
2011-10-03,1.2168710231781006,1.8879799842834473,1.9860570430755615,1.8634610176086426,1.9860570430755615,2707467
2011-10-04,1.185264229774475,1.838942050933838,1.8879799842834473,1.7899030447006226,1.838942050933838,1962133
2011-10-06,1.232674479484558,1.912498950958252,1.9370180368423462,1.8634610176086426,1.8879799842834473,2761506
2011-10-07,1.3432995080947876,2.084134101867676,2.1086530685424805,1.912498950958252,1.9370180368423462,13662747
2011-10-10,1.3274959325790405,2.059614896774292,2.1086530685424805,2.010576009750366,2.059614896774292,4627185
2011-10-11,1.374906301498413,2.133172035217285,2.182210922241211,2.084134101867676,2.1086530685424805,4020110
2011-10-12,1.485530972480774,2.30480694770813,2.3293259143829346,2.084134101867676,2.1086530685424805,8919938
2011-10-13,1.6119598150253296,2.5009610652923584,2.5990378856658936,2.3293259143829346,2.3538448810577393,22908552
2011-10-14,1.5329418182373047,2.3783650398254395,2.5009610652923584,2.3293259143829346,2.4519219398498535,10936111
2011-10-17,1.6119598150253296,2.5009610652923584,2.5499989986419678,2.427402973175049,2.427402973175049,6094400
2011-10-18,1.4539238214492798,2.255768060684204,2.427402973175049,2.2312490940093994,2.402884006500244,4645334
2011-10-19,1.5013347864151,2.3293259143829346,2.3538448810577393,2.30480694770813,2.3293259143829346,3346353
2011-10-20,1.4697275161743164,2.280287981033325,2.30480694770813,2.2067298889160156,2.30480694770813,2045537
2011-10-21,1.5013347864151,2.3293259143829346,2.3293259143829346,2.255768060684204,2.280287981033325,2269239
2011-10-24,1.5803519487380981,2.4519219398498535,2.4519219398498535,2.3538448810577393,2.402884006500244,6142934
2011-10-25,1.643566370010376,2.5499989986419678,2.5499989986419678,2.402884006500244,2.4519219398498535,9285773
2011-10-26,1.643566370010376,2.5499989986419678,2.5499989986419678,2.4519219398498535,2.4519219398498535,8130354
2011-10-27,1.8016010522842407,2.7951910495758057,2.7951910495758057,2.5009610652923584,2.5499989986419678,24576835
2011-10-28,1.8016010522842407,2.7951910495758057,2.9423069953918457,2.7461531162261963,2.89326810836792,17434277
2011-10-31,1.7383873462677002,2.6971139907836914,2.7951910495758057,2.5990378856658936,2.6971139907836914,5813519
2011-11-01,1.6751737594604492,2.5990378856658936,2.6971139907836914,2.5009610652923584,2.5990378856658936,4902275
2011-11-02,1.7383873462677002,2.6971139907836914,2.6971139907836914,2.427402973175049,2.5009610652923584,12275264
2011-11-03,1.6751737594604492,2.5990378856658936,2.6971139907836914,2.5499989986419678,2.648076057434082,7233914
2011-11-04,1.7699949741363525,2.7461531162261963,2.7951910495758057,2.648076057434082,2.6971139907836914,5484267
2011-11-07,1.8016010522842407,2.7951910495758057,2.89326810836792,2.648076057434082,2.6971139907836914,9080628
2011-11-08,1.7699949741363525,2.7461531162261963,2.89326810836792,2.6971139907836914,2.7951910495758057,8355891
2011-11-09,1.7699949741363525,2.7461531162261963,2.8442299365997314,2.6971139907836914,2.7951910495758057,5285240
2011-11-10,1.643566370010376,2.5499989986419678,2.5990378856658936,2.5009610652923584,2.5499989986419678,7036110
2011-11-11,1.6751737594604492,2.5990378856658936,2.5990378856658936,2.5009610652923584,2.5499989986419678,3758275
2011-11-14,1.7067803144454956,2.648076057434082,2.6971139907836914,2.5990378856658936,2.648076057434082,6229397
2011-11-15,1.6751737594604492,2.5990378856658936,2.5990378856658936,2.5499989986419678,2.5990378856658936,1402164
2011-11-16,1.643566370010376,2.5499989986419678,2.5990378856658936,2.4519219398498535,2.5990378856658936,3566792
2011-11-17,1.643566370010376,2.5499989986419678,2.5499989986419678,2.4519219398498535,2.4519219398498535,2349584
2011-11-18,1.6119598150253296,2.5009610652923584,2.5009610652923584,2.4519219398498535,2.5009610652923584,3543341
2011-11-21,1.5645487308502197,2.427402973175049,2.4519219398498535,2.3783650398254395,2.427402973175049,3123671
2011-11-22,1.5171377658843994,2.3538448810577393,2.402884006500244,2.30480694770813,2.3538448810577393,4809694
2011-11-23,1.4697275161743164,2.280287981033325,2.3293259143829346,2.255768060684204,2.3293259143829346,3002745
2011-11-24,1.485530972480774,2.30480694770813,2.3293259143829346,2.2312490940093994,2.2312490940093994,4294588
2011-11-25,1.4539238214492798,2.255768060684204,2.280287981033325,2.2312490940093994,2.280287981033325,1995576
2011-11-28,1.5013347864151,2.3293259143829346,2.3293259143829346,2.255768060684204,2.280287981033325,3923043
2011-11-29,1.5013347864151,2.3293259143829346,2.3538448810577393,2.280287981033325,2.3293259143829346,6479812
2011-11-30,1.5013347864151,2.3293259143829346,2.3538448810577393,2.255768060684204,2.3293259143829346,5290949
2011-12-01,1.5803519487380981,2.4519219398498535,2.5009610652923584,2.3783650398254395,2.427402973175049,14295182
2011-12-02,1.5487455129623413,2.402884006500244,2.4519219398498535,2.3538448810577393,2.4519219398498535,4785428
2011-12-05,1.5803519487380981,2.4519219398498535,2.4519219398498535,2.3783650398254395,2.402884006500244,5274636
2011-12-06,1.5329418182373047,2.3783650398254395,2.427402973175049,2.3293259143829346,2.427402973175049,4210573
2011-12-07,1.5329418182373047,2.3783650398254395,2.402884006500244,2.3293259143829346,2.3783650398254395,9514370
2011-12-08,1.5171377658843994,2.3538448810577393,2.402884006500244,2.3293259143829346,2.3538448810577393,4174275
2011-12-09,1.485530972480774,2.30480694770813,2.30480694770813,2.255768060684204,2.30480694770813,3728298
2011-12-12,1.4697275161743164,2.280287981033325,2.3293259143829346,2.255768060684204,2.30480694770813,2053855
2011-12-13,1.4697275161743164,2.280287981033325,2.280287981033325,2.2312490940093994,2.255768060684204,1928282
2011-12-14,1.4697275161743164,2.280287981033325,2.30480694770813,2.2312490940093994,2.255768060684204,3690573
2011-12-15,1.4539238214492798,2.255768060684204,2.255768060684204,2.2067298889160156,2.2312490940093994,2059200
2011-12-16,1.4539238214492798,2.255768060684204,2.280287981033325,2.2067298889160156,2.2312490940093994,3325349
2011-12-19,1.4223169088363647,2.2067298889160156,2.2312490940093994,2.133172035217285,2.2312490940093994,3172612
2011-12-20,1.4223169088363647,2.2067298889160156,2.2312490940093994,2.182210922241211,2.182210922241211,1251262
2011-12-21,1.4381202459335327,2.2312490940093994,2.255768060684204,2.182210922241211,2.2312490940093994,4321302
2011-12-22,1.4381202459335327,2.2312490940093994,2.2312490940093994,2.182210922241211,2.2067298889160156,1094188
2011-12-23,1.4697275161743164,2.280287981033325,2.280287981033325,2.2067298889160156,2.2312490940093994,4184063
2011-12-28,1.4697275161743164,2.280287981033325,2.280287981033325,2.2312490940093994,2.255768060684204,3297004
2011-12-29,1.4539238214492798,2.255768060684204,2.255768060684204,2.2067298889160156,2.255768060684204,1688878
2011-12-30,1.4539238214492798,2.255768060684204,2.255768060684204,2.2312490940093994,2.255768060684204,371545
2012-01-03,1.4697275161743164,2.280287981033325,2.280287981033325,2.2312490940093994,2.2312490940093994,2290855
2012-01-04,1.4539238214492798,2.255768060684204,2.280287981033325,2.2312490940093994,2.280287981033325,1747608
2012-01-05,1.4539238214492798,2.255768060684204,2.255768060684204,2.2312490940093994,2.255768060684204,278964
2012-01-06,1.4223169088363647,2.2067298889160156,2.2312490940093994,2.182210922241211,2.2312490940093994,980862
2012-01-09,1.4381202459335327,2.2312490940093994,2.2312490940093994,2.133172035217285,2.182210922241211,2293302
2012-01-10,1.4697275161743164,2.280287981033325,2.280287981033325,2.2067298889160156,2.2312490940093994,3553741
2012-01-11,1.5013347864151,2.3293259143829346,2.3293259143829346,2.255768060684204,2.280287981033325,6714322
2012-01-12,1.485530972480774,2.30480694770813,2.3293259143829346,2.280287981033325,2.3293259143829346,2394447
2012-01-13,1.5329418182373047,2.3783650398254395,2.3783650398254395,2.30480694770813,2.30480694770813,5284016
2012-01-16,1.485530972480774,2.30480694770813,2.3293259143829346,2.280287981033325,2.3293259143829346,1152564
2012-01-17,1.5329418182373047,2.3783650398254395,2.3783650398254395,2.30480694770813,2.30480694770813,3854118
2012-01-18,1.5171377658843994,2.3538448810577393,2.3783650398254395,2.3293259143829346,2.3783650398254395,3713412
2012-01-19,1.5329418182373047,2.3783650398254395,2.402884006500244,2.3293259143829346,2.3538448810577393,4801130
2012-01-20,1.5487455129623413,2.402884006500244,2.402884006500244,2.3783650398254395,2.402884006500244,2888843
2012-01-26,1.7383873462677002,2.6971139907836914,2.6971139907836914,2.402884006500244,2.402884006500244,22512944
2012-01-27,1.8332090377807617,2.8442299365997314,2.8442299365997314,2.648076057434082,2.6971139907836914,20673979
2012-01-30,1.7067803144454956,2.648076057434082,2.8442299365997314,2.648076057434082,2.7951910495758057,11543041
2012-01-31,1.7067803144454956,2.648076057434082,2.6971139907836914,2.5499989986419678,2.6971139907836914,9607417
2012-02-01,1.643566370010376,2.5499989986419678,2.6971139907836914,2.5009610652923584,2.648076057434082,8952566
2012-02-02,1.7383873462677002,2.6971139907836914,2.6971139907836914,2.5499989986419678,2.5499989986419678,5899451
2012-02-03,1.7067803144454956,2.648076057434082,2.6971139907836914,2.5990378856658936,2.6971139907836914,8888942
2012-02-06,1.7699949741363525,2.7461531162261963,2.7461531162261963,2.648076057434082,2.6971139907836914,7530416
2012-02-07,1.7699949741363525,2.7461531162261963,2.7951910495758057,2.6971139907836914,2.7461531162261963,3072690
2012-02-08,1.864815592765808,2.89326810836792,2.89326810836792,2.6971139907836914,2.7461531162261963,11660644
2012-02-09,1.9596370458602905,3.04038405418396,3.04038405418396,2.8442299365997314,2.89326810836792,17025822
2012-02-10,1.9280297756195068,2.991344928741455,3.0894219875335693,2.89326810836792,3.04038405418396,17076802
2012-02-13,1.9912441968917847,3.0894219875335693,3.0894219875335693,2.9423069953918457,2.991344928741455,6996142
2012-02-14,1.9596370458602905,3.04038405418396,3.0894219875335693,2.991344928741455,3.0894219875335693,10130825
2012-02-15,2.0544581413269043,3.1874990463256836,3.236536979675293,3.04038405418396,3.04038405418396,15223970
2012-02-16,2.0228512287139893,3.138461112976074,3.236536979675293,3.138461112976074,3.1874990463256836,11179797
2012-02-17,2.0228512287139893,3.138461112976074,3.285576105117798,3.0894219875335693,3.1874990463256836,5483043
2012-02-20,1.9912441968917847,3.0894219875335693,3.236536979675293,2.991344928741455,3.1874990463256836,6844016
2012-02-21,1.9280297756195068,2.991344928741455,3.0894219875335693,2.9423069953918457,3.0894219875335693,10080252
2012-02-22,1.9280297756195068,2.991344928741455,3.04038405418396,2.9423069953918457,2.9423069953918457,9486334
2012-02-23,1.864815592765808,2.89326810836792,3.0894219875335693,2.8442299365997314,2.991344928741455,13420080
2012-02-24,1.896423101425171,2.9423069953918457,2.9423069953918457,2.89326810836792,2.9423069953918457,7184565
2012-02-27,1.8332090377807617,2.8442299365997314,2.991344928741455,2.7951910495758057,2.9423069953918457,6401439
2012-02-28,1.896423101425171,2.9423069953918457,2.9423069953918457,2.8442299365997314,2.89326810836792,4858228
2012-02-29,1.896423101425171,2.9423069953918457,2.9423069953918457,2.8442299365997314,2.9423069953918457,2236612
2012-03-01,1.864815592765808,2.89326810836792,2.9423069953918457,2.8442299365997314,2.89326810836792,3787796
2012-03-02,1.9280297756195068,2.991344928741455,2.991344928741455,2.89326810836792,2.89326810836792,4488722
2012-03-05,1.896423101425171,2.9423069953918457,2.991344928741455,2.89326810836792,2.9423069953918457,3381713
2012-03-06,1.8332090377807617,2.8442299365997314,2.9423069953918457,2.7951910495758057,2.9423069953918457,4726087
2012-03-07,1.8016010522842407,2.7951910495758057,2.7951910495758057,2.6971139907836914,2.7951910495758057,4408173
2012-03-08,1.8332090377807617,2.8442299365997314,2.8442299365997314,2.7461531162261963,2.7951910495758057,3964432
2012-03-09,1.8332090377807617,2.8442299365997314,2.89326810836792,2.7951910495758057,2.8442299365997314,5025036
2012-03-12,1.8332090377807617,2.8442299365997314,2.8442299365997314,2.7461531162261963,2.8442299365997314,1225568
2012-03-13,1.8332090377807617,2.8442299365997314,2.8442299365997314,2.7951910495758057,2.8442299365997314,889913
2012-03-14,1.8332090377807617,2.8442299365997314,2.9423069953918457,2.7951910495758057,2.8442299365997314,4608628
2012-03-15,1.8332090377807617,2.8442299365997314,2.89326810836792,2.7951910495758057,2.8442299365997314,786811
2012-03-16,1.8016010522842407,2.7951910495758057,2.8442299365997314,2.7461531162261963,2.8442299365997314,1424596
2012-03-20,1.7067803144454956,2.648076057434082,2.6971139907836914,2.5990378856658936,2.6971139907836914,3544157
2012-03-21,1.6119598150253296,2.5009610652923584,2.648076057434082,2.4519219398498535,2.648076057434082,6868079
2012-03-22,1.6119598150253296,2.5009610652923584,2.5499989986419678,2.4519219398498535,2.5009610652923584,2253741
2012-03-23,1.5329418182373047,2.3783650398254395,2.4519219398498535,2.3538448810577393,2.4519219398498535,4874134
2012-03-26,1.4697275161743164,2.280287981033325,2.3538448810577393,2.255768060684204,2.3293259143829346,4520941
2012-03-27,1.5171377658843994,2.3538448810577393,2.3783650398254395,2.30480694770813,2.3293259143829346,5706542
2012-03-28,1.4539238214492798,2.255768060684204,2.3538448810577393,2.2312490940093994,2.3538448810577393,6125804
2012-03-29,1.4223169088363647,2.2067298889160156,2.255768060684204,2.182210922241211,2.2312490940093994,2785569
2012-03-30,1.4381202459335327,2.2312490940093994,2.255768060684204,2.182210922241211,2.2067298889160156,2829820
2012-04-02,1.4381202459335327,2.2312490940093994,2.255768060684204,2.182210922241211,2.2312490940093994,2085710
2012-04-03,1.5013347864151,2.3293259143829346,2.3293259143829346,2.2067298889160156,2.2312490940093994,5853773
2012-04-05,1.485530972480774,2.30480694770813,2.30480694770813,2.255768060684204,2.280287981033325,3059639
2012-04-10,1.4381202459335327,2.2312490940093994,2.30480694770813,2.2067298889160156,2.280287981033325,3599216
2012-04-11,1.4065135717391968,2.182210922241211,2.182210922241211,2.133172035217285,2.182210922241211,2440941
2012-04-12,1.4065135717391968,2.182210922241211,2.2067298889160156,2.15769100189209,2.182210922241211,3042510
2012-04-13,1.4223169088363647,2.2067298889160156,2.2312490940093994,2.182210922241211,2.2067298889160156,5474181
2012-04-16,1.390709638595581,2.15769100189209,2.182210922241211,2.1086530685424805,2.15769100189209,5483043
2012-04-17,1.3432995080947876,2.084134101867676,2.15769100189209,2.084134101867676,2.133172035217285,2677898
2012-04-18,1.374906301498413,2.133172035217285,2.133172035217285,2.1086530685424805,2.1086530685424805,2279843
2012-04-19,1.374906301498413,2.133172035217285,2.133172035217285,2.1086530685424805,2.1086530685424805,793255
2012-04-20,1.374906301498413,2.133172035217285,2.133172035217285,2.1086530685424805,2.1086530685424805,2443796
2012-04-23,1.3591029644012451,2.1086530685424805,2.133172035217285,2.084134101867676,2.1086530685424805,2067765
2012-04-24,1.311692237854004,2.035094976425171,2.1086530685424805,2.010576009750366,2.084134101867676,1990478
2012-04-25,1.311692237854004,2.035094976425171,2.059614896774292,2.010576009750366,2.059614896774292,1873223
2012-04-26,1.3274959325790405,2.059614896774292,2.084134101867676,2.035094976425171,2.059614896774292,3344314
2012-04-27,1.2958886623382568,2.010576009750366,2.059614896774292,1.9860570430755615,2.059614896774292,3566588
2012-04-30,1.311692237854004,2.035094976425171,2.035094976425171,1.9860570430755615,2.010576009750366,1679498
2012-05-02,1.311692237854004,2.035094976425171,2.059614896774292,2.010576009750366,2.035094976425171,2757427
2012-05-03,1.311692237854004,2.035094976425171,2.035094976425171,1.9860570430755615,2.035094976425171,1248000
2012-05-04,1.2958886623382568,2.010576009750366,2.035094976425171,1.9860570430755615,2.035094976425171,1546949
2012-05-07,1.2642818689346313,1.9615379571914673,1.9860570430755615,1.9370180368423462,1.9615379571914673,2108549
2012-05-08,1.2010678052902222,1.8634610176086426,1.9860570430755615,1.8634610176086426,1.9615379571914673,7809789
2012-05-09,1.169460415840149,1.8144220113754272,1.8634610176086426,1.7899030447006226,1.838942050933838,7019389
2012-05-10,1.1536571979522705,1.7899030447006226,1.838942050933838,1.7653839588165283,1.8144220113754272,5300330
2012-05-11,1.137853741645813,1.7653839588165283,1.7899030447006226,1.7653839588165283,1.7899030447006226,2753757
2012-05-14,1.137853741645813,1.7653839588165283,1.7899030447006226,1.7408649921417236,1.7899030447006226,2009851
2012-05-15,1.137853741645813,1.7653839588165283,1.7653839588165283,1.716344952583313,1.7408649921417236,3200345
2012-05-16,1.0746394395828247,1.6673070192337036,1.716344952583313,1.642788052558899,1.716344952583313,4290102
2012-05-17,1.0588362216949463,1.642788052558899,1.6918259859085083,1.6182680130004883,1.6673070192337036,3589835
2012-05-18,1.0272287130355835,1.5937490463256836,1.6182680130004883,1.5447109937667847,1.5692299604415894,7418259
2012-05-21,1.0588362216949463,1.642788052558899,1.642788052558899,1.5447109937667847,1.5937490463256836,8968064
2012-05-22,1.0588362216949463,1.642788052558899,1.6918259859085083,1.6182680130004883,1.642788052558899,7797146
2012-05-23,1.0272287130355835,1.5937490463256836,1.6182680130004883,1.5937490463256836,1.6182680130004883,1929914
2012-05-24,1.0272287130355835,1.5937490463256836,1.6182680130004883,1.5447109937667847,1.5937490463256836,3478494
2012-05-25,1.0272287130355835,1.5937490463256836,1.5937490463256836,1.5447109937667847,1.5937490463256836,1733741
2012-05-28,1.0272287130355835,1.5937490463256836,1.6182680130004883,1.5692299604415894,1.5937490463256836,1457223
2012-05-29,1.169460415840149,1.8144220113754272,1.8144220113754272,1.5937490463256836,1.6182680130004883,18655563
2012-05-30,1.137853741645813,1.7653839588165283,1.7899030447006226,1.6918259859085083,1.7899030447006226,16771328
2012-05-31,1.0904427766799927,1.6918259859085083,1.7408649921417236,1.6918259859085083,1.716344952583313,5754667
2012-06-01,1.0746394395828247,1.6673070192337036,1.716344952583313,1.6182680130004883,1.6673070192337036,5002196
2012-06-04,1.043031930923462,1.6182680130004883,1.6182680130004883,1.5447109937667847,1.6182680130004883,3990745
2012-06-05,1.043031930923462,1.6182680130004883,1.642788052558899,1.5937490463256836,1.642788052558899,1141145
2012-06-06,1.0746394395828247,1.6673070192337036,1.6918259859085083,1.6182680130004883,1.6182680130004883,4997114
2012-06-07,1.0588362216949463,1.642788052558899,1.716344952583313,1.642788052558899,1.6918259859085083,3714635
2012-06-08,1.1062462329864502,1.716344952583313,1.716344952583313,1.6182680130004883,1.6182680130004883,2837465
2012-06-11,1.1536571979522705,1.7899030447006226,1.7899030447006226,1.716344952583313,1.7408649921417236,7806526
2012-06-12,1.137853741645813,1.7653839588165283,1.7899030447006226,1.716344952583313,1.7408649921417236,4017663
2012-06-13,1.137853741645813,1.7653839588165283,1.7899030447006226,1.716344952583313,1.7899030447006226,1328753
2012-06-14,1.1062462329864502,1.716344952583313,1.7653839588165283,1.6918259859085083,1.716344952583313,773270
2012-06-15,1.1062462329864502,1.716344952583313,1.7408649921417236,1.6918259859085083,1.716344952583313,3578008
2012-06-18,1.122050166130066,1.7408649921417236,1.7653839588165283,1.716344952583313,1.7408649921417236,1399310
2012-06-19,1.1062462329864502,1.716344952583313,1.7408649921417236,1.6918259859085083,1.716344952583313,1085676
2012-06-20,1.122050166130066,1.7408649921417236,1.7408649921417236,1.716344952583313,1.716344952583313,867074
2012-06-21,1.0746394395828247,1.6673070192337036,1.7408649921417236,1.642788052558899,1.7408649921417236,1480470
2012-06-22,1.0588362216949463,1.642788052558899,1.6918259859085083,1.5937490463256836,1.642788052558899,3539263
2012-06-25,1.0588362216949463,1.642788052558899,1.6673070192337036,1.6182680130004883,1.642788052558899,899294
2012-06-26,1.0904427766799927,1.6918259859085083,1.6918259859085083,1.6182680130004883,1.6182680130004883,1165208
2012-06-27,1.0904427766799927,1.6918259859085083,1.6918259859085083,1.642788052558899,1.6918259859085083,1346290
2012-06-28,1.0588362216949463,1.642788052558899,1.716344952583313,1.6182680130004883,1.6918259859085083,1221490
2012-06-29,1.0904427766799927,1.6918259859085083,1.6918259859085083,1.642788052558899,1.642788052558899,997341
2012-07-03,1.137853741645813,1.7653839588165283,1.7653839588165283,1.6918259859085083,1.6918259859085083,3527843
2012-07-04,1.2010678052902222,1.8634610176086426,1.8879799842834473,1.7408649921417236,1.7653839588165283,10112879
2012-07-05,1.232674479484558,1.912498950958252,1.9370180368423462,1.8144220113754272,1.838942050933838,4966306
2012-07-06,1.232674479484558,1.912498950958252,1.912498950958252,1.8634610176086426,1.912498950958252,2252517
2012-07-09,1.169460415840149,1.8144220113754272,1.8879799842834473,1.7899030447006226,1.8634610176086426,1839372
2012-07-10,1.169460415840149,1.8144220113754272,1.8634610176086426,1.7653839588165283,1.8144220113754272,2307576
2012-07-11,1.185264229774475,1.838942050933838,1.838942050933838,1.7653839588165283,1.7899030447006226,1358117
2012-07-12,1.137853741645813,1.7653839588165283,1.8144220113754272,1.7408649921417236,1.8144220113754272,3058416
2012-07-13,1.1536571979522705,1.7899030447006226,1.7899030447006226,1.7408649921417236,1.7653839588165283,1034698
2012-07-16,1.137853741645813,1.7653839588165283,1.8144220113754272,1.7653839588165283,1.7899030447006226,1230870
2012-07-17,1.1536571979522705,1.7899030447006226,1.7899030447006226,1.7408649921417236,1.7653839588165283,1239435
2012-07-18,1.137853741645813,1.7653839588165283,1.7899030447006226,1.716344952583313,1.7899030447006226,1525333
2012-07-19,1.137853741645813,1.7653839588165283,1.7899030447006226,1.7408649921417236,1.7653839588165283,1084455
2012-07-20,1.1536571979522705,1.7899030447006226,1.7899030447006226,1.7408649921417236,1.7653839588165283,1891168
2012-07-23,1.122050166130066,1.7408649921417236,1.7408649921417236,1.716344952583313,1.7408649921417236,1713145
2012-07-24,1.0746394395828247,1.6673070192337036,1.7408649921417236,1.642788052558899,1.716344952583313,1613835
2012-07-25,1.0746394395828247,1.6673070192337036,1.6918259859085083,1.6182680130004883,1.642788052558899,1836517
2012-07-26,1.0904427766799927,1.6918259859085083,1.716344952583313,1.642788052558899,1.6673070192337036,1183560
2012-07-27,1.122050166130066,1.7408649921417236,1.7408649921417236,1.716344952583313,1.716344952583313,1879749
2012-07-30,1.1536571979522705,1.7899030447006226,1.7899030447006226,1.716344952583313,1.7408649921417236,1599561
2012-07-31,1.169460415840149,1.8144220113754272,1.838942050933838,1.7653839588165283,1.7653839588165283,3387137
2012-08-01,1.169460415840149,1.8144220113754272,1.8144220113754272,1.7653839588165283,1.7899030447006226,2080818
2012-08-02,1.185264229774475,1.838942050933838,1.8634610176086426,1.7653839588165283,1.7899030447006226,3547216
2012-08-03,1.169460415840149,1.8144220113754272,1.838942050933838,1.7653839588165283,1.8144220113754272,1159090
2012-08-06,1.185264229774475,1.838942050933838,1.8634610176086426,1.8144220113754272,1.838942050933838,1931545
2012-08-07,1.2168710231781006,1.8879799842834473,1.912498950958252,1.8634610176086426,1.8634610176086426,5114353
2012-08-08,1.2010678052902222,1.8634610176086426,1.912498950958252,1.8144220113754272,1.8879799842834473,2166192
2012-08-09,1.232674479484558,1.912498950958252,1.912498950958252,1.838942050933838,1.8634610176086426,2268627
2012-08-10,1.2010678052902222,1.8634610176086426,1.912498950958252,1.838942050933838,1.8879799842834473,1326306
2012-08-13,1.169460415840149,1.8144220113754272,1.8634610176086426,1.7899030447006226,1.8634610176086426,1290008
2012-08-14,1.185264229774475,1.838942050933838,1.838942050933838,1.7899030447006226,1.8144220113754272,737788
2012-08-15,1.169460415840149,1.8144220113754272,1.838942050933838,1.7653839588165283,1.8144220113754272,1912784
2012-08-16,1.169460415840149,1.8144220113754272,1.8144220113754272,1.7899030447006226,1.8144220113754272,397239
2012-08-17,1.169460415840149,1.8144220113754272,1.838942050933838,1.7899030447006226,1.8144220113754272,473098
2012-08-20,1.169460415840149,1.8144220113754272,1.8144220113754272,1.7899030447006226,1.7899030447006226,835262
2012-08-21,1.169460415840149,1.8144220113754272,1.838942050933838,1.7899030447006226,1.8144220113754272,1363011
2012-08-22,1.1536571979522705,1.7899030447006226,1.8144220113754272,1.7653839588165283,1.7899030447006226,815278
2012-08-23,1.1536571979522705,1.7899030447006226,1.8144220113754272,1.7653839588165283,1.8144220113754272,1637490
2012-08-24,1.122050166130066,1.7408649921417236,1.7653839588165283,1.716344952583313,1.7653839588165283,1885051
2012-08-27,1.122050166130066,1.7408649921417236,1.7653839588165283,1.716344952583313,1.7653839588165283,734030
2012-08-28,1.122050166130066,1.7408649921417236,1.7408649921417236,1.6918259859085083,1.716344952583313,812015
2012-08-29,1.122050166130066,1.7408649921417236,1.7408649921417236,1.6918259859085083,1.7408649921417236,853207
2012-08-30,1.1062462329864502,1.716344952583313,1.7408649921417236,1.6918259859085083,1.7408649921417236,1537976
2012-08-31,1.1062462329864502,1.716344952583313,1.7408649921417236,1.6673070192337036,1.6918259859085083,991058
2012-09-03,1.0904427766799927,1.6918259859085083,1.716344952583313,1.642788052558899,1.6918259859085083,2031059
2012-09-04,1.0588362216949463,1.642788052558899,1.6918259859085083,1.6182680130004883,1.6673070192337036,1355670
2012-09-05,1.043031930923462,1.6182680130004883,1.642788052558899,1.5937490463256836,1.6182680130004883,562823
2012-09-06,1.0746394395828247,1.6673070192337036,1.6673070192337036,1.5937490463256836,1.6182680130004883,1140329
2012-09-07,1.122050166130066,1.7408649921417236,1.7408649921417236,1.6673070192337036,1.6673070192337036,4906761
2012-09-10,1.137853741645813,1.7653839588165283,1.7653839588165283,1.716344952583313,1.7408649921417236,3048627
2012-09-11,1.1062462329864502,1.716344952583313,1.7653839588165283,1.6918259859085083,1.7653839588165283,1515771
2012-09-12,1.122050166130066,1.7408649921417236,1.7408649921417236,1.716344952583313,1.7408649921417236,953129
2012-09-13,1.1062462329864502,1.716344952583313,1.7408649921417236,1.6918259859085083,1.7408649921417236,673894
2012-09-14,1.169460415840149,1.8144220113754272,1.8634610176086426,1.7408649921417236,1.7408649921417236,8767405
2012-09-17,1.1536571979522705,1.7899030447006226,1.838942050933838,1.7653839588165283,1.838942050933838,2248319
2012-09-18,1.1536571979522705,1.7899030447006226,1.7899030447006226,1.7408649921417236,1.7899030447006226,1329568
2012-09-19,1.185264229774475,1.838942050933838,1.838942050933838,1.7653839588165283,1.7899030447006226,2960941
2012-09-20,1.137853741645813,1.7653839588165283,1.838942050933838,1.7408649921417236,1.838942050933838,2269647
2012-09-21,1.1536571979522705,1.7899030447006226,1.7899030447006226,1.7408649921417236,1.7653839588165283,1782274
2012-09-24,1.137853741645813,1.7653839588165283,1.7899030447006226,1.7408649921417236,1.7653839588165283,682729
2012-09-25,1.122050166130066,1.7408649921417236,1.7653839588165283,1.716344952583313,1.7653839588165283,608909
2012-09-26,1.0904427766799927,1.6918259859085083,1.7408649921417236,1.6673070192337036,1.716344952583313,1251262
2012-09-27,1.1062462329864502,1.716344952583313,1.716344952583313,1.6918259859085083,1.6918259859085083,1097098
2012-09-28,1.122050166130066,1.7408649921417236,1.7408649921417236,1.716344952583313,1.716344952583313,1453145
2012-10-03,1.122050166130066,1.7408649921417236,1.7899030447006226,1.7408649921417236,1.7408649921417236,736972
2012-10-04,1.137853741645813,1.7653839588165283,1.7653839588165283,1.7408649921417236,1.7408649921417236,275294
2012-10-05,1.1536571979522705,1.7899030447006226,1.7899030447006226,1.7653839588165283,1.7653839588165283,2458478
2012-10-08,1.122050166130066,1.7408649921417236,1.7899030447006226,1.7408649921417236,1.7899030447006226,535905
2012-10-09,1.137853741645813,1.7653839588165283,1.7899030447006226,1.7408649921417236,1.7408649921417236,974337
2012-10-10,1.169460415840149,1.8144220113754272,1.8144220113754272,1.7408649921417236,1.7408649921417236,2949522
2012-10-11,1.185264229774475,1.838942050933838,1.838942050933838,1.7899030447006226,1.7899030447006226,5130259
2012-10-12,1.169460415840149,1.8144220113754272,1.8634610176086426,1.7653839588165283,1.838942050933838,5247718
2012-10-15,1.169460415840149,1.8144220113754272,1.8144220113754272,1.7899030447006226,1.8144220113754272,1082008
2012-10-16,1.169460415840149,1.8144220113754272,1.8144220113754272,1.7899030447006226,1.8144220113754272,2953600
2012-10-17,1.185264229774475,1.838942050933838,1.8879799842834473,1.8144220113754272,1.8144220113754272,8284926
2012-10-18,1.2642818689346313,1.9615379571914673,1.9860570430755615,1.838942050933838,1.838942050933838,18963077
2012-10-19,1.2642818689346313,1.9615379571914673,2.010576009750366,1.9615379571914673,1.9615379571914673,13440472
2012-10-22,1.2958886623382568,2.010576009750366,2.010576009750366,1.9370180368423462,1.9615379571914673,5373334
2012-10-24,1.390709638595581,2.15769100189209,2.15769100189209,1.9860570430755615,2.010576009750366,18625383
2012-10-25,1.311692237854004,2.035094976425171,2.182210922241211,1.9860570430755615,2.133172035217285,21384442
2012-10-26,1.2800853252410889,1.9860570430755615,2.035094976425171,1.9370180368423462,2.035094976425171,10182213
2012-10-29,1.2642818689346313,1.9615379571914673,2.010576009750366,1.9370180368423462,1.9370180368423462,4952439
2012-10-30,1.2642818689346313,1.9615379571914673,1.9860570430755615,1.9370180368423462,1.9615379571914673,2486619
2012-10-31,1.311692237854004,2.035094976425171,2.035094976425171,1.9615379571914673,1.9860570430755615,6259032
2012-11-01,1.3591029644012451,2.1086530685424805,2.1086530685424805,1.9860570430755615,2.035094976425171,14015327
2012-11-02,1.390709638595581,2.15769100189209,2.182210922241211,2.084134101867676,2.1086530685424805,23567627
2012-11-05,1.374906301498413,2.133172035217285,2.182210922241211,2.133172035217285,2.133172035217285,5362730
2012-11-06,1.374906301498413,2.133172035217285,2.15769100189209,2.059614896774292,2.133172035217285,6926401
2012-11-07,1.374906301498413,2.133172035217285,2.15769100189209,2.084134101867676,2.133172035217285,8003107
2012-11-08,1.3274959325790405,2.059614896774292,2.1086530685424805,2.035094976425171,2.084134101867676,6160879
2012-11-09,1.3274959325790405,2.059614896774292,2.059614896774292,2.010576009750366,2.035094976425171,2394039
2012-11-12,1.2958886623382568,2.010576009750366,2.059614896774292,1.9860570430755615,2.059614896774292,2553506
2012-11-13,1.2642818689346313,1.9615379571914673,2.010576009750366,1.9370180368423462,1.9860570430755615,2103247
2012-11-14,1.2958886623382568,2.010576009750366,2.010576009750366,1.9615379571914673,1.9615379571914673,2196235
2012-11-15,1.2642818689346313,1.9615379571914673,1.9860570430755615,1.9370180368423462,1.9615379571914673,1463749
2012-11-16,1.2642818689346313,1.9615379571914673,1.9860570430755615,1.9370180368423462,1.9615379571914673,1080376
2012-11-19,1.2642818689346313,1.9615379571914673,1.9860570430755615,1.9370180368423462,1.9615379571914673,2218259
2012-11-20,1.2800853252410889,1.9860570430755615,2.010576009750366,1.9615379571914673,1.9860570430755615,2814933
2012-11-21,1.3274959325790405,2.059614896774292,2.059614896774292,1.9615379571914673,1.9860570430755615,5958181
2012-11-22,1.311692237854004,2.035094976425171,2.059614896774292,2.010576009750366,2.059614896774292,2039623
2012-11-23,1.3432995080947876,2.084134101867676,2.084134101867676,2.010576009750366,2.035094976425171,4649820
2012-11-26,1.3432995080947876,2.084134101867676,2.1086530685424805,2.035094976425171,2.084134101867676,3696690
2012-11-27,1.3274959325790405,2.059614896774292,2.084134101867676,2.035094976425171,2.059614896774292,812015
2012-11-28,1.311692237854004,2.035094976425171,2.035094976425171,1.9860570430755615,2.035094976425171,1293882
2012-11-29,1.311692237854004,2.035094976425171,2.059614896774292,2.010576009750366,2.035094976425171,1797364
2012-11-30,1.311692237854004,2.035094976425171,2.059614896774292,2.035094976425171,2.035094976425171,2875294
2012-12-03,1.2958886623382568,2.010576009750366,2.059614896774292,1.9615379571914673,2.059614896774292,2571043
2012-12-04,1.311692237854004,2.035094976425171,2.035094976425171,1.9860570430755615,2.010576009750366,1330384
2012-12-05,1.3274959325790405,2.059614896774292,2.059614896774292,2.010576009750366,2.035094976425171,5565428
2012-12-06,1.3274959325790405,2.059614896774292,2.084134101867676,2.035094976425171,2.035094976425171,3660392
2012-12-07,1.3591029644012451,2.1086530685424805,2.133172035217285,2.035094976425171,2.059614896774292,12075829
2012-12-10,1.4381202459335327,2.2312490940093994,2.255768060684204,2.133172035217285,2.133172035217285,13276723
2012-12-11,1.4223169088363647,2.2067298889160156,2.255768060684204,2.182210922241211,2.255768060684204,6885616
2012-12-12,1.4223169088363647,2.2067298889160156,2.2312490940093994,2.182210922241211,2.2312490940093994,6007530
2012-12-13,1.4223169088363647,2.2067298889160156,2.2312490940093994,2.182210922241211,2.2067298889160156,4332926
2012-12-14,1.4381202459335327,2.2312490940093994,2.255768060684204,2.15769100189209,2.182210922241211,3696690
2012-12-17,1.4223169088363647,2.2067298889160156,2.255768060684204,2.2067298889160156,2.255768060684204,2530667
2012-12-18,1.4539238214492798,2.255768060684204,2.255768060684204,2.2067298889160156,2.2312490940093994,2047372
2012-12-19,1.5013347864151,2.3293259143829346,2.3783650398254395,2.2312490940093994,2.255768060684204,9392221
2012-12-20,1.4697275161743164,2.280287981033325,2.3293259143829346,2.2312490940093994,2.3293259143829346,2434823
2012-12-21,1.4381202459335327,2.2312490940093994,2.280287981033325,2.2312490940093994,2.280287981033325,3202792
2012-12-24,1.4697275161743164,2.280287981033325,2.30480694770813,2.2312490940093994,2.2312490940093994,997584
2012-12-27,1.4065135717391968,2.182210922241211,2.255768060684204,2.15769100189209,2.255768060684204,11847844
2012-12-28,1.4223169088363647,2.2067298889160156,2.2067298889160156,2.15769100189209,2.182210922241211,3587237
2012-12-31,1.4223169088363647,2.2067298889160156,2.2067298889160156,2.182210922241211,2.15769100189209,1014306
2013-01-02,1.485530972480774,2.30480694770813,2.3293259143829346,2.2067298889160156,2.2067298889160156,17069461
2013-01-03,1.643566370010376,2.5499989986419678,2.5499989986419678,2.30480694770813,2.3293259143829346,31456130
2013-01-04,1.7067803144454956,2.648076057434082,2.648076057434082,2.4519219398498535,2.5009610652923584,19735109
2013-01-07,1.8332090377807617,2.8442299365997314,2.8442299365997314,2.5990378856658936,2.5990378856658936,21791062
2013-01-08,1.7383873462677002,2.6971139907836914,2.8442299365997314,2.6971139907836914,2.8442299365997314,10810291
2013-01-09,1.8016010522842407,2.7951910495758057,2.7951910495758057,2.6971139907836914,2.7461531162261963,13093805
2013-01-10,1.8016010522842407,2.7951910495758057,2.89326810836792,2.7461531162261963,2.7461531162261963,11516268
2013-01-11,1.7383873462677002,2.6971139907836914,2.7951910495758057,2.648076057434082,2.7951910495758057,10109209
2013-01-14,1.7383873462677002,2.6971139907836914,2.7461531162261963,2.648076057434082,2.648076057434082,4244424
2013-01-15,1.7699949741363525,2.7461531162261963,2.7461531162261963,2.648076057434082,2.6971139907836914,2551467
2013-01-16,1.7383873462677002,2.6971139907836914,2.7461531162261963,2.648076057434082,2.7461531162261963,3163639
2013-01-17,1.7067803144454956,2.648076057434082,2.7461531162261963,2.5990378856658936,2.6971139907836914,5958181
2013-01-18,1.7067803144454956,2.648076057434082,2.6971139907836914,2.5990378856658936,2.648076057434082,2925867
2013-01-21,1.7067803144454956,2.648076057434082,2.648076057434082,2.5990378856658936,2.5990378856658936,2453584
2013-01-22,1.7383873462677002,2.6971139907836914,2.7461531162261963,2.5990378856658936,2.648076057434082,9024313
2013-01-23,1.896423101425171,2.9423069953918457,2.991344928741455,2.6971139907836914,2.6971139907836914,46350971
2013-01-24,1.8332090377807617,2.8442299365997314,2.9423069953918457,2.7951910495758057,2.89326810836792,9521507
2013-01-25,1.7383873462677002,2.6971139907836914,2.8442299365997314,2.648076057434082,2.8442299365997314,12678213
2013-01-28,1.7067803144454956,2.648076057434082,2.6971139907836914,2.5990378856658936,2.6971139907836914,4253396
2013-01-29,1.7067803144454956,2.648076057434082,2.6971139907836914,2.5499989986419678,2.5990378856658936,5558291
2013-01-30,1.7067803144454956,2.648076057434082,2.6971139907836914,2.5990378856658936,2.648076057434082,1623215
2013-01-31,1.643566370010376,2.5499989986419678,2.648076057434082,2.5499989986419678,2.5990378856658936,3007027
2013-02-01,1.6751737594604492,2.5990378856658936,2.648076057434082,2.5499989986419678,2.5990378856658936,2321443
2013-02-04,1.7067803144454956,2.648076057434082,2.6971139907836914,2.5990378856658936,2.648076057434082,3633475
2013-02-05,1.6751737594604492,2.5990378856658936,2.5990378856658936,2.5009610652923584,2.5990378856658936,9028832
2013-02-06,1.7067803144454956,2.648076057434082,2.648076057434082,2.5499989986419678,2.5499989986419678,2602855
2013-02-07,1.6751737594604492,2.5990378856658936,2.648076057434082,2.5009610652923584,2.648076057434082,2435639
2013-02-08,1.643566370010376,2.5499989986419678,2.5990378856658936,2.5009610652923584,2.5499989986419678,1699482
2013-02-14,1.6751737594604492,2.5990378856658936,2.5990378856658936,2.5499989986419678,2.5499989986419678,3398149
2013-02-15,1.6751737594604492,2.5990378856658936,2.5990378856658936,2.5499989986419678,2.5499989986419678,1732925
2013-02-18,1.6751737594604492,2.5990378856658936,2.5990378856658936,2.5499989986419678,2.5990378856658936,1354447
2013-02-19,1.643566370010376,2.5499989986419678,2.5990378856658936,2.5009610652923584,2.5990378856658936,1942149
2013-02-20,1.643566370010376,2.5499989986419678,2.5499989986419678,2.5009610652923584,2.5499989986419678,1428266
2013-02-21,1.5803519487380981,2.4519219398498535,2.5009610652923584,2.402884006500244,2.5009610652923584,4494024
2013-02-22,1.5803519487380981,2.4519219398498535,2.4519219398498535,2.402884006500244,2.4519219398498535,1862619
2013-02-25,1.5645487308502197,2.427402973175049,2.4519219398498535,2.3783650398254395,2.4519219398498535,1338949
2013-02-26,1.5013347864151,2.3293259143829346,2.3783650398254395,2.30480694770813,2.3783650398254395,3684047
2013-02-27,1.5013347864151,2.3293259143829346,2.3538448810577393,2.30480694770813,2.3293259143829346,1341396
2013-02-28,1.5803519487380981,2.4519219398498535,2.4519219398498535,2.3538448810577393,2.3538448810577393,2782306
2013-03-01,1.5487455129623413,2.402884006500244,2.4519219398498535,2.3783650398254395,2.427402973175049,1838149
2013-03-04,1.5013347864151,2.3293259143829346,2.402884006500244,2.30480694770813,2.3783650398254395,1783090
2013-03-05,1.5329418182373047,2.3783650398254395,2.3783650398254395,2.3293259143829346,2.3538448810577393,920909
2013-03-06,1.5645487308502197,2.427402973175049,2.5009610652923584,2.3783650398254395,2.402884006500244,3912439
2013-03-07,1.5803519487380981,2.4519219398498535,2.5009610652923584,2.427402973175049,2.427402973175049,1891168
2013-03-08,1.5803519487380981,2.4519219398498535,2.5009610652923584,2.427402973175049,2.4519219398498535,2307168
2013-03-11,1.5487455129623413,2.402884006500244,2.5009610652923584,2.3783650398254395,2.5009610652923584,1568564
2013-03-12,1.5013347864151,2.3293259143829346,2.3783650398254395,2.280287981033325,2.3783650398254395,6018134
2013-03-13,1.4539238214492798,2.255768060684204,2.3293259143829346,2.2312490940093994,2.3293259143829346,1851200
2013-03-14,1.4697275161743164,2.280287981033325,2.280287981033325,2.182210922241211,2.255768060684204,1668600
2013-03-15,1.4223169088363647,2.2067298889160156,2.30480694770813,2.182210922241211,2.280287981033325,4080879
2013-03-18,1.374906301498413,2.133172035217285,2.182210922241211,2.084134101867676,2.182210922241211,1389113
2013-03-19,1.4065135717391968,2.182210922241211,2.182210922241211,2.133172035217285,2.133172035217285,1199874
2013-03-20,1.4065135717391968,2.182210922241211,2.2067298889160156,2.15769100189209,2.182210922241211,2155805
2013-03-21,1.4065135717391968,2.182210922241211,2.2067298889160156,2.15769100189209,2.2067298889160156,586478
2013-03-22,1.374906301498413,2.133172035217285,2.182210922241211,2.1086530685424805,2.15769100189209,1761882
2013-03-25,1.390709638595581,2.15769100189209,2.15769100189209,2.1086530685424805,2.15769100189209,431090
2013-03-26,1.3591029644012451,2.1086530685424805,2.15769100189209,2.084134101867676,2.133172035217285,771741
2013-03-27,1.374906301498413,2.133172035217285,2.15769100189209,2.084134101867676,2.1086530685424805,1573866
2013-03-28,1.3591029644012451,2.1086530685424805,2.15769100189209,2.059614896774292,2.15769100189209,1244737
2013-04-02,1.3591029644012451,2.1086530685424805,2.133172035217285,2.035094976425171,2.059614896774292,3582902
2013-04-03,1.3432995080947876,2.084134101867676,2.15769100189209,2.059614896774292,2.133172035217285,2786792
2013-04-05,1.2800853252410889,1.9860570430755615,2.084134101867676,1.9370180368423462,2.059614896774292,1650949
2013-04-08,1.248477816581726,1.9370180368423462,1.9615379571914673,1.8879799842834473,1.9615379571914673,1142890
2013-04-09,1.2958886623382568,2.010576009750366,2.010576009750366,1.9370180368423462,1.9615379571914673,2810039
2013-04-10,1.2800853252410889,1.9860570430755615,2.035094976425171,1.9370180368423462,2.010576009750366,1027764
2013-04-11,1.2958886623382568,2.010576009750366,2.059614896774292,1.9860570430755615,2.010576009750366,1440502
2013-04-12,1.2958886623382568,2.010576009750366,2.010576009750366,1.9615379571914673,2.010576009750366,687419
2013-04-15,1.2642818689346313,1.9615379571914673,1.9860570430755615,1.9370180368423462,1.9860570430755615,728407
2013-04-16,1.2642818689346313,1.9615379571914673,1.9860570430755615,1.8879799842834473,1.912498950958252,1131764
2013-04-17,1.248477816581726,1.9370180368423462,2.010576009750366,1.912498950958252,1.9615379571914673,1666855
2013-04-18,1.2642818689346313,1.9615379571914673,1.9860570430755615,1.912498950958252,1.9370180368423462,638274
2013-04-19,1.2958886623382568,2.010576009750366,2.010576009750366,1.9370180368423462,1.9615379571914673,1087309
2013-04-22,1.3274959325790405,2.059614896774292,2.084134101867676,2.010576009750366,2.035094976425171,3403451
2013-04-23,1.2958886623382568,2.010576009750366,2.059614896774292,1.9860570430755615,2.059614896774292,1300204
2013-04-24,1.2958886623382568,2.010576009750366,2.035094976425171,1.9615379571914673,2.010576009750366,1933584
2013-04-25,1.311692237854004,2.035094976425171,2.035094976425171,1.9860570430755615,2.010576009750366,873192
2013-04-26,1.2958886623382568,2.010576009750366,2.059614896774292,1.9615379571914673,2.035094976425171,2500894
2013-04-29,1.2642818689346313,1.9615379571914673,2.010576009750366,1.9370180368423462,1.9860570430755615,993913
2013-04-30,1.2642818689346313,1.9615379571914673,1.9860570430755615,1.9370180368423462,1.9615379571914673,1294928
2013-05-02,1.2800853252410889,1.9860570430755615,1.9860570430755615,1.9370180368423462,1.9370180368423462,921317
2013-05-03,1.2800853252410889,1.9860570430755615,2.010576009750366,1.9615379571914673,1.9860570430755615,1318964
2013-05-06,1.2958886623382568,2.010576009750366,2.010576009750366,1.9860570430755615,2.010576009750366,1192533
2013-05-07,1.374906301498413,2.133172035217285,2.133172035217285,1.9860570430755615,2.010576009750366,9138542
2013-05-08,1.3432995080947876,2.084134101867676,2.133172035217285,2.035094976425171,2.133172035217285,15099578
2013-05-09,1.3432995080947876,2.084134101867676,2.084134101867676,2.035094976425171,2.059614896774292,1807561
2013-05-10,1.3432995080947876,2.084134101867676,2.084134101867676,2.035094976425171,2.059614896774292,1915231
2013-05-13,1.3274959325790405,2.059614896774292,2.1086530685424805,2.035094976425171,2.084134101867676,2042070
2013-05-14,1.3274959325790405,2.059614896774292,2.059614896774292,2.010576009750366,2.059614896774292,1876486
2013-05-15,1.3274959325790405,2.059614896774292,2.059614896774292,2.035094976425171,2.059614896774292,2088972
2013-05-16,1.311692237854004,2.035094976425171,2.059614896774292,2.010576009750366,2.059614896774292,971074
2013-05-20,1.3274959325790405,2.059614896774292,2.059614896774292,2.035094976425171,2.035094976425171,2451953
2013-05-21,1.3274959325790405,2.059614896774292,2.059614896774292,2.010576009750366,2.035094976425171,1762290
2013-05-22,1.311692237854004,2.035094976425171,2.059614896774292,2.010576009750366,2.010576009750366,566086
2013-05-23,1.2800853252410889,1.9860570430755615,2.035094976425171,1.9370180368423462,2.035094976425171,2662196
2013-05-24,1.2800853252410889,1.9860570430755615,1.9860570430755615,1.9370180368423462,1.9860570430755615,902964
2013-05-27,1.2800853252410889,1.9860570430755615,1.9860570430755615,1.9370180368423462,1.9615379571914673,1277772
2013-05-28,1.2958886623382568,2.010576009750366,2.010576009750366,1.9370180368423462,1.9860570430755615,1139513
2013-05-29,1.2800853252410889,1.9860570430755615,2.010576009750366,1.9615379571914673,2.010576009750366,1669710
2013-05-30,1.2800853252410889,1.9860570430755615,1.9860570430755615,1.9370180368423462,1.9615379571914673,682325
2013-05-31,1.2642818689346313,1.9615379571914673,1.9860570430755615,1.9370180368423462,1.9860570430755615,1205993
2013-06-03,1.2642818689346313,1.9615379571914673,1.9860570430755615,1.9370180368423462,1.9615379571914673,681947
2013-06-04,1.248477816581726,1.9370180368423462,1.9615379571914673,1.8879799842834473,1.9370180368423462,1224753
2013-06-05,1.248477816581726,1.9370180368423462,1.9370180368423462,1.8879799842834473,1.912498950958252,615435
2013-06-06,1.232674479484558,1.912498950958252,1.912498950958252,1.8634610176086426,1.912498950958252,671717
2013-06-07,1.232674479484558,1.912498950958252,1.912498950958252,1.8634610176086426,1.912498950958252,827106
2013-06-10,1.2168710231781006,1.8879799842834473,1.912498950958252,1.8634610176086426,1.8879799842834473,767968
2013-06-11,1.169460415840149,1.8144220113754272,1.8879799842834473,1.7653839588165283,1.8634610176086426,2896094
2013-06-13,1.137853741645813,1.7653839588165283,1.7899030447006226,1.6918259859085083,1.7653839588165283,4499326
2013-06-14,1.137853741645813,1.7653839588165283,1.7899030447006226,1.716344952583313,1.7653839588165283,4184471
2013-06-17,1.1536571979522705,1.7899030447006226,1.7899030447006226,1.7653839588165283,1.7653839588165283,958023
2013-06-18,1.169460415840149,1.8144220113754272,1.8144220113754272,1.7653839588165283,1.7899030447006226,1021239
2013-06-19,1.2010678052902222,1.8634610176086426,1.8879799842834473,1.7653839588165283,1.8144220113754272,3731357
2013-06-20,1.169460415840149,1.8144220113754272,1.8634610176086426,1.7899030447006226,1.8144220113754272,1332015
2013-06-21,1.169460415840149,1.8144220113754272,1.838942050933838,1.7408649921417236,1.7653839588165283,2921788
2013-06-24,1.122050166130066,1.7408649921417236,1.7899030447006226,1.6918259859085083,1.7653839588165283,1475168
2013-06-25,1.0904427766799927,1.6918259859085083,1.7653839588165283,1.6182680130004883,1.716344952583313,2538018
2013-06-26,1.122050166130066,1.7408649921417236,1.7408649921417236,1.6918259859085083,1.716344952583313,1302651
2013-06-27,1.1062462329864502,1.716344952583313,1.7408649921417236,1.6673070192337036,1.7408649921417236,3810479
2013-06-28,1.1062462329864502,1.716344952583313,1.7408649921417236,1.6918259859085083,1.6918259859085083,2101616
2013-07-02,1.1062462329864502,1.716344952583313,1.7408649921417236,1.6918259859085083,1.6918259859085083,482070
2013-07-03,1.0904427766799927,1.6918259859085083,1.716344952583313,1.642788052558899,1.6918259859085083,1301835
2013-07-04,1.0746394395828247,1.6673070192337036,1.6918259859085083,1.642788052558899,1.6918259859085083,1242290
2013-07-05,1.0904427766799927,1.6918259859085083,1.6918259859085083,1.6673070192337036,1.6918259859085083,2312471
2013-07-08,1.0904427766799927,1.6918259859085083,1.6918259859085083,1.642788052558899,1.6918259859085083,1188456
2013-07-09,1.1062462329864502,1.716344952583313,1.7408649921417236,1.6673070192337036,1.6918259859085083,3664063
2013-07-10,1.1062462329864502,1.716344952583313,1.716344952583313,1.6673070192337036,1.716344952583313,1768408
2013-07-11,1.137853741645813,1.7653839588165283,1.7653839588165283,1.6918259859085083,1.6918259859085083,2883451
2013-07-12,1.122050166130066,1.7408649921417236,1.7653839588165283,1.716344952583313,1.7653839588165283,981678
2013-07-15,1.1536571979522705,1.7899030447006226,1.838942050933838,1.7408649921417236,1.7408649921417236,5230589
2013-07-16,1.1536571979522705,1.7899030447006226,1.7899030447006226,1.7653839588165283,1.7899030447006226,663968
2013-07-17,1.1536571979522705,1.7899030447006226,1.7899030447006226,1.7408649921417236,1.7653839588165283,732894
2013-07-18,1.1536571979522705,1.7899030447006226,1.8144220113754272,1.7408649921417236,1.7899030447006226,652956
2013-07-19,1.1536571979522705,1.7899030447006226,1.7899030447006226,1.7653839588165283,1.7653839588165283,626039
2013-07-22,1.137853741645813,1.7653839588165283,1.7899030447006226,1.7408649921417236,1.7899030447006226,858509
2013-07-23,1.169460415840149,1.8144220113754272,1.8144220113754272,1.7653839588165283,1.7653839588165283,2300236
2013-07-24,1.1536571979522705,1.7899030447006226,1.8144220113754272,1.7899030447006226,1.8144220113754272,1109333
2013-07-25,1.169460415840149,1.8144220113754272,1.838942050933838,1.7653839588165283,1.7899030447006226,3760318
2013-07-26,1.169460415840149,1.8144220113754272,1.838942050933838,1.7899030447006226,1.8144220113754272,2818196
2013-07-29,1.137853741645813,1.7653839588165283,1.7899030447006226,1.716344952583313,1.7899030447006226,1978447
2013-07-30,1.137853741645813,1.7653839588165283,1.7899030447006226,1.7408649921417236,1.7408649921417236,815686
2013-07-31,1.137853741645813,1.7653839588165283,1.7899030447006226,1.7408649921417236,1.7653839588165283,350337
2013-08-01,1.169460415840149,1.8144220113754272,1.8144220113754272,1.7408649921417236,1.7653839588165283,2586949
2013-08-02,1.169460415840149,1.8144220113754272,1.8144220113754272,1.7899030447006226,1.8144220113754272,1925019
2013-08-05,1.185264229774475,1.838942050933838,1.838942050933838,1.7899030447006226,1.8144220113754272,1444580
2013-08-06,1.185264229774475,1.838942050933838,1.838942050933838,1.7653839588165283,1.8144220113754272,631749
2013-08-07,1.169460415840149,1.8144220113754272,1.8144220113754272,1.7653839588165283,1.7899030447006226,1172549
2013-08-08,1.169460415840149,1.8144220113754272,1.8144220113754272,1.7653839588165283,1.7899030447006226,692823
2013-08-09,1.2010678052902222,1.8634610176086426,1.8634610176086426,1.7899030447006226,1.8144220113754272,2693804
2013-08-12,1.248477816581726,1.9370180368423462,1.9370180368423462,1.838942050933838,1.8634610176086426,5196738
2013-08-13,1.2642818689346313,1.9615379571914673,1.9860570430755615,1.912498950958252,1.9370180368423462,6588299
2013-08-14,1.2642818689346313,1.9615379571914673,1.9615379571914673,1.9615379571914673,1.9615379571914673,0
2013-08-15,1.2958886623382568,2.010576009750366,2.035094976425171,1.9615379571914673,1.9615379571914673,7212299
2013-08-16,1.3274959325790405,2.059614896774292,2.084134101867676,1.9615379571914673,1.9615379571914673,6856659
2013-08-19,1.3591029644012451,2.1086530685424805,2.182210922241211,2.035094976425171,2.059614896774292,9104691
2013-08-20,1.2800853252410889,1.9860570430755615,2.084134101867676,1.9615379571914673,2.084134101867676,6582589
2013-08-21,1.2800853252410889,1.9860570430755615,2.010576009750366,1.912498950958252,1.9860570430755615,2472753
2013-08-22,1.2958886623382568,2.010576009750366,2.010576009750366,1.9370180368423462,1.9370180368423462,1536753
2013-08-23,1.2800853252410889,1.9860570430755615,2.010576009750366,1.9615379571914673,2.010576009750366,2374055
2013-08-26,1.2642818689346313,1.9615379571914673,1.9860570430755615,1.9370180368423462,1.9615379571914673,2914039
2013-08-27,1.248477816581726,1.9370180368423462,1.9615379571914673,1.912498950958252,1.9370180368423462,702713
2013-08-28,1.2010678052902222,1.8634610176086426,1.912498950958252,1.838942050933838,1.8879799842834473,1745161
2013-08-29,1.2642818689346313,1.9615379571914673,1.9615379571914673,1.8634610176086426,1.8879799842834473,2245176
2013-08-30,1.232674479484558,1.912498950958252,1.9615379571914673,1.8879799842834473,1.9615379571914673,1542055
2013-09-02,1.248477816581726,1.9370180368423462,1.9370180368423462,1.8879799842834473,1.8879799842834473,1303874
2013-09-03,1.248477816581726,1.9370180368423462,1.9370180368423462,1.912498950958252,1.9370180368423462,2405459
2013-09-04,1.2800853252410889,1.9860570430755615,1.9860570430755615,1.8879799842834473,1.912498950958252,5512408
2013-09-05,1.248477816581726,1.9370180368423462,1.9860570430755615,1.912498950958252,1.9860570430755615,5775875
2013-09-06,1.232674479484558,1.912498950958252,1.9370180368423462,1.8879799842834473,1.9370180368423462,2481725
2013-09-09,1.248477816581726,1.9370180368423462,1.9370180368423462,1.8879799842834473,1.912498950958252,4181208
2013-09-10,1.311692237854004,2.035094976425171,2.035094976425171,1.912498950958252,1.9370180368423462,15239061
2013-09-11,1.311692237854004,2.035094976425171,2.035094976425171,1.9615379571914673,2.035094976425171,8023094
2013-09-12,1.2800853252410889,1.9860570430755615,2.035094976425171,1.9615379571914673,2.035094976425171,3798243
2013-09-13,1.2642818689346313,1.9615379571914673,1.9860570430755615,1.912498950958252,1.9615379571914673,2240894
2013-09-16,1.2642818689346313,1.9615379571914673,1.9860570430755615,1.9370180368423462,1.9615379571914673,2038808
2013-09-17,1.248477816581726,1.9370180368423462,1.9615379571914673,1.912498950958252,1.9615379571914673,1003294
2013-09-18,1.248477816581726,1.9370180368423462,1.9370180368423462,1.8879799842834473,1.9370180368423462,1431937
2013-09-19,1.2642818689346313,1.9615379571914673,1.9615379571914673,1.9370180368423462,1.9615379571914673,3372863
2013-09-23,1.2642818689346313,1.9615379571914673,1.9615379571914673,1.912498950958252,1.9615379571914673,1177443
2013-09-24,1.232674479484558,1.912498950958252,1.9370180368423462,1.912498950958252,1.9370180368423462,635011
2013-09-25,1.248477816581726,1.9370180368423462,1.9370180368423462,1.912498950958252,1.9370180368423462,808345
2013-09-26,1.232674479484558,1.912498950958252,1.912498950958252,1.8879799842834473,1.912498950958252,1069772
2013-09-27,1.232674479484558,1.912498950958252,1.9615379571914673,1.8634610176086426,1.912498950958252,3968314
2013-09-30,1.2168710231781006,1.8879799842834473,1.912498950958252,1.8634610176086426,1.8634610176086426,1345474
2013-10-02,1.2168710231781006,1.8879799842834473,1.912498950958252,1.8634610176086426,1.8879799842834473,1187639
2013-10-03,1.2168710231781006,1.8879799842834473,1.912498950958252,1.8634610176086426,1.8879799842834473,1825506
2013-10-04,1.2168710231781006,1.8879799842834473,1.912498950958252,1.8634610176086426,1.8634610176086426,916423
2013-10-07,1.2010678052902222,1.8634610176086426,1.8879799842834473,1.8634610176086426,1.8879799842834473,732486
2013-10-08,1.232674479484558,1.912498950958252,1.912498950958252,1.838942050933838,1.8634610176086426,1664612
2013-10-09,1.2168710231781006,1.8879799842834473,1.912498950958252,1.8634610176086426,1.8879799842834473,1659513
2013-10-10,1.2168710231781006,1.8879799842834473,1.912498950958252,1.8634610176086426,1.8879799842834473,1392376
2013-10-11,1.248477816581726,1.9370180368423462,1.9370180368423462,1.8634610176086426,1.8879799842834473,3407938
2013-10-15,1.232674479484558,1.912498950958252,1.9370180368423462,1.8879799842834473,1.912498950958252,1561633
2013-10-16,1.232674479484558,1.912498950958252,1.912498950958252,1.8634610176086426,1.912498950958252,1472315
2013-10-17,1.2168710231781006,1.8879799842834473,1.912498950958252,1.8879799842834473,1.912498950958252,1528596
2013-10-18,1.248477816581726,1.9370180368423462,1.9370180368423462,1.8879799842834473,1.8879799842834473,2376910
2013-10-21,1.248477816581726,1.9370180368423462,1.9370180368423462,1.8879799842834473,1.912498950958252,1217004
2013-10-22,1.232674479484558,1.912498950958252,1.9615379571914673,1.8879799842834473,1.912498950958252,2792910
2013-10-23,1.232674479484558,1.912498950958252,1.9370180368423462,1.8879799842834473,1.912498950958252,1633819
2013-10-24,1.232674479484558,1.912498950958252,1.912498950958252,1.8634610176086426,1.8879799842834473,961695
2013-10-25,1.232674479484558,1.912498950958252,1.912498950958252,1.8634610176086426,1.912498950958252,840156
2013-10-28,1.2168710231781006,1.8879799842834473,1.912498950958252,1.8634610176086426,1.912498950958252,892360
2013-10-29,1.2168710231781006,1.8879799842834473,1.912498950958252,1.8634610176086426,1.8879799842834473,421302
2013-10-30,1.232674479484558,1.912498950958252,1.912498950958252,1.838942050933838,1.8879799842834473,2064094
2013-10-31,1.2168710231781006,1.8879799842834473,1.912498950958252,1.8634610176086426,1.8879799842834473,493490
2013-11-01,1.2168710231781006,1.8879799842834473,1.912498950958252,1.8879799842834473,1.8879799842834473,606462
2013-11-04,1.232674479484558,1.912498950958252,1.9370180368423462,1.8879799842834473,1.8879799842834473,1570604
2013-11-05,1.232674479484558,1.912498950958252,1.912498950958252,1.8634610176086426,1.912498950958252,1102808
2013-11-06,1.232674479484558,1.912498950958252,1.912498950958252,1.8634610176086426,1.912498950958252,590964
2013-11-07,1.2168710231781006,1.8879799842834473,1.8879799842834473,1.8634610176086426,1.8879799842834473,604423
2013-11-08,1.2010678052902222,1.8634610176086426,1.8879799842834473,1.8634610176086426,1.8879799842834473,2258227
2013-11-11,1.2168710231781006,1.8879799842834473,1.8879799842834473,1.8634610176086426,1.8879799842834473,749207
2013-11-12,1.2010678052902222,1.8634610176086426,1.8879799842834473,1.838942050933838,1.8634610176086426,659890
2013-11-13,1.169460415840149,1.8144220113754272,1.8634610176086426,1.7899030447006226,1.8634610176086426,1518808
2013-11-14,1.185264229774475,1.838942050933838,1.838942050933838,1.7899030447006226,1.8144220113754272,778164
2013-11-15,1.2010678052902222,1.8634610176086426,1.8879799842834473,1.838942050933838,1.838942050933838,1070588
2013-11-18,1.248477816581726,1.9370180368423462,1.9370180368423462,1.8634610176086426,1.8634610176086426,6189020
2013-11-19,1.3274959325790405,2.059614896774292,2.059614896774292,1.912498950958252,1.912498950958252,19156802
2013-11-20,1.3274959325790405,2.059614896774292,2.084134101867676,2.010576009750366,2.035094976425171,9949742
2013-11-21,1.4223169088363647,2.2067298889160156,2.2312490940093994,2.035094976425171,2.059614896774292,21254748
2013-11-22,1.4065135717391968,2.182210922241211,2.280287981033325,2.15769100189209,2.255768060684204,11360941
2013-11-25,1.4223169088363647,2.2067298889160156,2.2067298889160156,2.133172035217285,2.182210922241211,4190996
2013-11-26,1.374906301498413,2.133172035217285,2.182210922241211,2.1086530685424805,2.182210922241211,3995701
2013-11-27,1.390709638595581,2.15769100189209,2.182210922241211,2.084134101867676,2.1086530685424805,6322385
2013-11-28,1.390709638595581,2.15769100189209,2.182210922241211,2.133172035217285,2.182210922241211,4792565
2013-11-29,1.374906301498413,2.133172035217285,2.15769100189209,2.1086530685424805,2.15769100189209,2007812
2013-12-02,1.4381202459335327,2.2312490940093994,2.2312490940093994,2.133172035217285,2.133172035217285,10334746
2013-12-03,1.4381202459335327,2.2312490940093994,2.2312490940093994,2.182210922241211,2.2067298889160156,3829647
2013-12-04,1.5013347864151,2.3293259143829346,2.3293259143829346,2.182210922241211,2.182210922241211,11022166
2013-12-05,1.4539238214492798,2.255768060684204,2.3538448810577393,2.2312490940093994,2.3538448810577393,4138792
2013-12-06,1.485530972480774,2.30480694770813,2.3293259143829346,2.2312490940093994,2.255768060684204,4178353
2013-12-09,1.5171377658843994,2.3538448810577393,2.3538448810577393,2.280287981033325,2.3293259143829346,9528440
2013-12-10,1.5013347864151,2.3293259143829346,2.3783650398254395,2.30480694770813,2.3538448810577393,4245239
2013-12-11,1.485530972480774,2.30480694770813,2.3293259143829346,2.280287981033325,2.30480694770813,5990400
2013-12-12,1.4697275161743164,2.280287981033325,2.30480694770813,2.255768060684204,2.280287981033325,1447435
2013-12-13,1.485530972480774,2.30480694770813,2.30480694770813,2.2312490940093994,2.255768060684204,1574274
2013-12-16,1.5171377658843994,2.3538448810577393,2.3783650398254395,2.280287981033325,2.3293259143829346,10686715
2013-12-17,1.5013347864151,2.3293259143829346,2.427402973175049,2.30480694770813,2.3783650398254395,6478997
2013-12-18,1.5013347864151,2.3293259143829346,2.3538448810577393,2.280287981033325,2.30480694770813,8016973
2013-12-19,1.4697275161743164,2.280287981033325,2.3538448810577393,2.2312490940093994,2.3538448810577393,5401067
2013-12-20,1.390709638595581,2.15769100189209,2.280287981033325,2.1086530685424805,2.255768060684204,5429208
2013-12-23,1.4223169088363647,2.2067298889160156,2.2067298889160156,2.133172035217285,2.15769100189209,1544502
2013-12-24,1.4065135717391968,2.182210922241211,2.2067298889160156,2.15769100189209,2.2067298889160156,715279
2013-12-27,1.4223169088363647,2.2067298889160156,2.2312490940093994,2.15769100189209,2.15769100189209,2107325
2013-12-30,1.4065135717391968,2.182210922241211,2.2312490940093994,2.182210922241211,2.2312490940093994,1482102
2013-12-31,1.4223169088363647,2.2067298889160156,2.2067298889160156,2.182210922241211,2.2067298889160156,1101584
2014-01-02,1.4223169088363647,2.2067298889160156,2.2067298889160156,2.15769100189209,2.2067298889160156,1490259
2014-01-03,1.390709638595581,2.15769100189209,2.182210922241211,2.1086530685424805,2.15769100189209,1514321
2014-01-06,1.3274959325790405,2.059614896774292,2.133172035217285,2.035094976425171,2.133172035217285,2425035
2014-01-07,1.2642818689346313,1.9615379571914673,2.059614896774292,1.9370180368423462,2.035094976425171,6790181
2014-01-08,1.2958886623382568,2.010576009750366,2.035094976425171,1.9615379571914673,1.9860570430755615,2020455
2014-01-09,1.248477816581726,1.9370180368423462,2.010576009750366,1.8879799842834473,2.010576009750366,4577224
2014-01-10,1.248477816581726,1.9370180368423462,1.9615379571914673,1.8879799842834473,1.912498950958252,3034353
2014-01-13,1.248477816581726,1.9370180368423462,1.9615379571914673,1.8879799842834473,1.9370180368423462,1613427
2014-01-14,1.248477816581726,1.9370180368423462,1.9370180368423462,1.8879799842834473,1.912498950958252,1117490
2014-01-15,1.2642818689346313,1.9615379571914673,1.9615379571914673,1.912498950958252,1.9370180368423462,1735372
2014-01-16,1.2958886623382568,2.010576009750366,2.059614896774292,1.9615379571914673,1.9615379571914673,5092738
2014-01-17,1.2958886623382568,2.010576009750366,2.010576009750366,1.9615379571914673,2.010576009750366,1099953
2014-01-20,1.248477816581726,1.9370180368423462,1.9860570430755615,1.912498950958252,1.9860570430755615,2064910
2014-01-21,1.2800853252410889,1.9860570430755615,1.9860570430755615,1.9370180368423462,1.9370180368423462,2130165
2014-01-22,1.2958886623382568,2.010576009750366,2.035094976425171,1.9615379571914673,1.9860570430755615,2728878
2014-01-23,1.2642818689346313,1.9615379571914673,1.9860570430755615,1.9370180368423462,1.9615379571914673,1488627
2014-01-24,1.248477816581726,1.9370180368423462,1.9615379571914673,1.912498950958252,1.9370180368423462,1511874
2014-01-27,1.2168710231781006,1.8879799842834473,1.8879799842834473,1.8144220113754272,1.8634610176086426,2211325
2014-01-28,1.232674479484558,1.912498950958252,1.912498950958252,1.8634610176086426,1.8879799842834473,624000
2014-01-29,1.232674479484558,1.912498950958252,1.912498950958252,1.8634610176086426,1.912498950958252,1055906
2014-01-30,1.2168710231781006,1.8879799842834473,1.8879799842834473,1.838942050933838,1.8879799842834473,1081192
2014-02-04,1.2010678052902222,1.8634610176086426,1.8634610176086426,1.8144220113754272,1.8634610176086426,1799404
2014-02-05,1.169460415840149,1.8144220113754272,1.8634610176086426,1.7899030447006226,1.8634610176086426,2054306
2014-02-06,1.2010678052902222,1.8634610176086426,1.8634610176086426,1.8144220113754272,1.8144220113754272,1712070
2014-02-07,1.185264229774475,1.838942050933838,1.8634610176086426,1.8144220113754272,1.8634610176086426,2604486
2014-02-10,1.2010678052902222,1.8634610176086426,1.8634610176086426,1.8144220113754272,1.838942050933838,1420517
2014-02-11,1.232674479484558,1.912498950958252,1.912498950958252,1.838942050933838,1.838942050933838,3804361
2014-02-12,1.248477816581726,1.9370180368423462,1.9370180368423462,1.8879799842834473,1.912498950958252,1960910
2014-02-13,1.232674479484558,1.912498950958252,1.9370180368423462,1.8879799842834473,1.9370180368423462,712909
2014-02-14,1.2642818689346313,1.9615379571914673,1.9615379571914673,1.912498950958252,1.912498950958252,4125741
2014-02-17,1.248477816581726,1.9370180368423462,1.9615379571914673,1.912498950958252,1.9370180368423462,1140737
2014-02-18,1.232674479484558,1.912498950958252,1.912498950958252,1.8634610176086426,1.912498950958252,925804
2014-02-19,1.2168710231781006,1.8879799842834473,1.912498950958252,1.838942050933838,1.8879799842834473,1048564
2014-02-20,1.2168710231781006,1.8879799842834473,1.912498950958252,1.8634610176086426,1.8634610176086426,938039
2014-02-21,1.2168710231781006,1.8879799842834473,1.8879799842834473,1.838942050933838,1.8879799842834473,746353
2014-02-24,1.2010678052902222,1.8634610176086426,1.8879799842834473,1.838942050933838,1.8879799842834473,1088125
2014-02-25,1.2010678052902222,1.8634610176086426,1.8634610176086426,1.8144220113754272,1.8634610176086426,621960
2014-02-26,1.2010678052902222,1.8634610176086426,1.8634610176086426,1.8144220113754272,1.8634610176086426,814870
2014-02-27,1.2010678052902222,1.8634610176086426,1.8634610176086426,1.838942050933838,1.8634610176086426,757772
2014-02-28,1.2168710231781006,1.8879799842834473,1.8879799842834473,1.838942050933838,1.8634610176086426,1161129
2014-03-03,1.2642818689346313,1.9615379571914673,2.010576009750366,1.838942050933838,1.8634610176086426,7182526
2014-03-04,1.2800853252410889,1.9860570430755615,2.035094976425171,1.9615379571914673,2.010576009750366,6406400
2014-03-05,1.2642818689346313,1.9615379571914673,2.010576009750366,1.9370180368423462,2.010576009750366,7652361
2014-03-06,1.2642818689346313,1.9615379571914673,1.9615379571914673,1.9370180368423462,1.9370180368423462,1064062
2014-03-07,1.232674479484558,1.912498950958252,1.9615379571914673,1.8879799842834473,1.9615379571914673,2106102
2014-03-10,1.2168710231781006,1.8879799842834473,1.912498950958252,1.8634610176086426,1.912498950958252,955984
2014-03-11,1.232674479484558,1.912498950958252,1.912498950958252,1.8634610176086426,1.8879799842834473,987796
2014-03-12,1.2010678052902222,1.8634610176086426,1.912498950958252,1.838942050933838,1.8879799842834473,2396078
2014-03-13,1.2010678052902222,1.8634610176086426,1.8879799842834473,1.838942050933838,1.8634610176086426,1337521
2014-03-14,1.169460415840149,1.8144220113754272,1.8634610176086426,1.7408649921417236,1.838942050933838,3122039
2014-03-17,1.169460415840149,1.8144220113754272,1.8144220113754272,1.7653839588165283,1.7653839588165283,684768
2014-03-18,1.2010678052902222,1.8634610176086426,1.8634610176086426,1.7899030447006226,1.8144220113754272,1196204
2014-03-19,1.185264229774475,1.838942050933838,1.8634610176086426,1.8144220113754272,1.838942050933838,878086
2014-03-20,1.185264229774475,1.838942050933838,1.8634610176086426,1.8144220113754272,1.8144220113754272,495121
2014-03-21,1.2010678052902222,1.8634610176086426,1.8634610176086426,1.8144220113754272,1.838942050933838,734525
2014-03-24,1.2010678052902222,1.8634610176086426,1.8634610176086426,1.838942050933838,1.8634610176086426,902557
2014-03-25,1.185264229774475,1.838942050933838,1.8634610176086426,1.8144220113754272,1.838942050933838,988204
2014-03-26,1.185264229774475,1.838942050933838,1.8634610176086426,1.8144220113754272,1.838942050933838,1255219
2014-03-27,1.1536571979522705,1.7899030447006226,1.838942050933838,1.7653839588165283,1.8144220113754272,2342447
2014-03-28,1.185264229774475,1.838942050933838,1.838942050933838,1.7653839588165283,1.7899030447006226,1735372
2014-03-31,1.185264229774475,1.838942050933838,1.838942050933838,1.7899030447006226,1.838942050933838,947419
2014-04-01,1.185264229774475,1.838942050933838,1.838942050933838,1.7899030447006226,1.8144220113754272,669270
2014-04-02,1.185264229774475,1.838942050933838,1.838942050933838,1.7899030447006226,1.838942050933838,963325
2014-04-03,1.2168710231781006,1.8879799842834473,1.8879799842834473,1.8144220113754272,1.838942050933838,7468832
2014-04-04,1.2010678052902222,1.8634610176086426,1.8879799842834473,1.838942050933838,1.8879799842834473,1435200
2014-04-07,1.185264229774475,1.838942050933838,1.8634610176086426,1.8144220113754272,1.838942050933838,757650
2014-04-08,1.2168710231781006,1.8879799842834473,1.8879799842834473,1.838942050933838,1.838942050933838,2673004
2014-04-09,1.2168710231781006,1.8879799842834473,1.9370180368423462,1.8634610176086426,1.8879799842834473,3527027
2014-04-10,1.248477816581726,1.9370180368423462,1.9370180368423462,1.8634610176086426,1.912498950958252,3846777
2014-04-11,1.232674479484558,1.912498950958252,1.9370180368423462,1.8634610176086426,1.9370180368423462,2101208
2014-04-14,1.2010678052902222,1.8634610176086426,1.8879799842834473,1.838942050933838,1.8634610176086426,1277772
2014-04-15,1.2010678052902222,1.8634610176086426,1.8634610176086426,1.8144220113754272,1.8634610176086426,1167655
2014-04-16,1.2010678052902222,1.8634610176086426,1.8634610176086426,1.838942050933838,1.8634610176086426,390305
2014-04-17,1.2010678052902222,1.8634610176086426,1.8634610176086426,1.838942050933838,1.8634610176086426,724329
2014-04-22,1.185264229774475,1.838942050933838,1.8634610176086426,1.8144220113754272,1.8634610176086426,692517
2014-04-23,1.169460415840149,1.8144220113754272,1.8634610176086426,1.8144220113754272,1.8144220113754272,1693364
2014-04-24,1.169460415840149,1.8144220113754272,1.838942050933838,1.7653839588165283,1.8144220113754272,1840596
2014-04-25,1.1536571979522705,1.7899030447006226,1.8144220113754272,1.7653839588165283,1.7899030447006226,1232094
2014-04-28,1.1536571979522705,1.7899030447006226,1.7899030447006226,1.7653839588165283,1.7899030447006226,828737
2014-04-29,1.137853741645813,1.7653839588165283,1.7899030447006226,1.716344952583313,1.7899030447006226,940486
2014-04-30,1.137853741645813,1.7653839588165283,1.7653839588165283,1.716344952583313,1.7653839588165283,518776
2014-05-02,1.137853741645813,1.7653839588165283,1.7653839588165283,1.7408649921417236,1.7653839588165283,464533
2014-05-05,1.122050166130066,1.7408649921417236,1.7653839588165283,1.716344952583313,1.7653839588165283,354007
2014-05-07,1.122050166130066,1.7408649921417236,1.7408649921417236,1.6918259859085083,1.716344952583313,681098
2014-05-08,1.0904427766799927,1.6918259859085083,1.7408649921417236,1.642788052558899,1.7408649921417236,2334494
2014-05-09,1.0904427766799927,1.6918259859085083,1.6918259859085083,1.642788052558899,1.6673070192337036,784690
2014-05-12,1.0904427766799927,1.6918259859085083,1.6918259859085083,1.642788052558899,1.6918259859085083,1935623
2014-05-13,1.0904427766799927,1.6918259859085083,1.716344952583313,1.6673070192337036,1.6918259859085083,860141
2014-05-14,1.1062462329864502,1.716344952583313,1.716344952583313,1.6673070192337036,1.6918259859085083,1385851
2014-05-15,1.1062462329864502,1.716344952583313,1.716344952583313,1.642788052558899,1.716344952583313,1684392
2014-05-16,1.0904427766799927,1.6918259859085083,1.6918259859085083,1.6673070192337036,1.6673070192337036,317709
2014-05-19,1.1062462329864502,1.716344952583313,1.716344952583313,1.6673070192337036,1.716344952583313,533458
2014-05-20,1.1062462329864502,1.716344952583313,1.7408649921417236,1.6918259859085083,1.716344952583313,520815
2014-05-21,1.1062462329864502,1.716344952583313,1.716344952583313,1.6918259859085083,1.716344952583313,257756
2014-05-22,1.1062462329864502,1.716344952583313,1.716344952583313,1.6918259859085083,1.716344952583313,376031
2014-05-23,1.0904427766799927,1.6918259859085083,1.716344952583313,1.6673070192337036,1.716344952583313,735341
2014-05-26,1.0904427766799927,1.6918259859085083,1.6918259859085083,1.642788052558899,1.6918259859085083,1745161
2014-05-27,1.0746394395828247,1.6673070192337036,1.6918259859085083,1.642788052558899,1.6918259859085083,671921
2014-05-28,1.0588362216949463,1.642788052558899,1.6673070192337036,1.5937490463256836,1.6673070192337036,3807216
2014-05-29,1.0588362216949463,1.642788052558899,1.642788052558899,1.6182680130004883,1.642788052558899,649286
2014-05-30,1.0588362216949463,1.642788052558899,1.642788052558899,1.6182680130004883,1.642788052558899,820172
2014-06-03,1.0746394395828247,1.6673070192337036,1.6673070192337036,1.642788052558899,1.642788052558899,837709
2014-06-04,1.0588362216949463,1.642788052558899,1.6673070192337036,1.6182680130004883,1.6673070192337036,1208031
2014-06-05,1.0746394395828247,1.6673070192337036,1.6673070192337036,1.6182680130004883,1.642788052558899,1045709
2014-06-06,1.0588362216949463,1.642788052558899,1.6918259859085083,1.642788052558899,1.6918259859085083,503412
2014-06-09,1.0588362216949463,1.642788052558899,1.6673070192337036,1.642788052558899,1.642788052558899,559968
2014-06-10,1.0746394395828247,1.6673070192337036,1.6918259859085083,1.642788052558899,1.642788052558899,1805929
2014-06-11,1.137853741645813,1.7653839588165283,1.7653839588165283,1.6673070192337036,1.6673070192337036,6108879
2014-06-12,1.137853741645813,1.7653839588165283,1.7899030447006226,1.7408649921417236,1.7653839588165283,3239906
2014-06-13,1.137853741645813,1.7653839588165283,1.7653839588165283,1.7408649921417236,1.7408649921417236,1318964
2014-06-16,1.122050166130066,1.7408649921417236,1.7653839588165283,1.7408649921417236,1.7653839588165283,861160
2014-06-17,1.137853741645813,1.7653839588165283,1.8144220113754272,1.7653839588165283,1.7653839588165283,8576126
2014-06-18,1.137853741645813,1.7653839588165283,1.7899030447006226,1.7408649921417236,1.7653839588165283,1147670
2014-06-19,1.1062462329864502,1.716344952583313,1.7899030447006226,1.716344952583313,1.7653839588165283,1218635
2014-06-20,1.1062462329864502,1.716344952583313,1.7408649921417236,1.6918259859085083,1.7408649921417236,1321411
2014-06-23,1.0904427766799927,1.6918259859085083,1.7408649921417236,1.6673070192337036,1.716344952583313,801411
2014-06-24,1.0904427766799927,1.6918259859085083,1.6918259859085083,1.6673070192337036,1.6918259859085083,1752910
2014-06-25,1.0746394395828247,1.6673070192337036,1.6918259859085083,1.642788052558899,1.6918259859085083,493898
2014-06-26,1.1062462329864502,1.716344952583313,1.716344952583313,1.6673070192337036,1.6673070192337036,756956
2014-06-27,1.0746394395828247,1.6673070192337036,1.6918259859085083,1.6673070192337036,1.6918259859085083,873192
2014-06-30,1.0904427766799927,1.6918259859085083,1.6918259859085083,1.642788052558899,1.6918259859085083,753286
2014-07-02,1.122050166130066,1.7408649921417236,1.7408649921417236,1.6673070192337036,1.6673070192337036,2422996
2014-07-03,1.122050166130066,1.7408649921417236,1.7408649921417236,1.6918259859085083,1.716344952583313,881818
2014-07-04,1.122050166130066,1.7408649921417236,1.7408649921417236,1.716344952583313,1.7408649921417236,1489443
2014-07-07,1.122050166130066,1.7408649921417236,1.7408649921417236,1.716344952583313,1.716344952583313,768784
2014-07-08,1.1062462329864502,1.716344952583313,1.7408649921417236,1.716344952583313,1.716344952583313,802635
2014-07-09,1.0904427766799927,1.6918259859085083,1.716344952583313,1.6673070192337036,1.716344952583313,1475576
2014-07-10,1.1062462329864502,1.716344952583313,1.716344952583313,1.6673070192337036,1.6918259859085083,302619
2014-07-11,1.0904427766799927,1.6918259859085083,1.6918259859085083,1.6673070192337036,1.6918259859085083,815278
2014-07-14,1.122050166130066,1.7408649921417236,1.7653839588165283,1.6918259859085083,1.6918259859085083,3514792
2014-07-15,1.122050166130066,1.7408649921417236,1.7408649921417236,1.716344952583313,1.7408649921417236,1268392
2014-07-16,1.122050166130066,1.7408649921417236,1.7408649921417236,1.716344952583313,1.7408649921417236,1954792
2014-07-17,1.122050166130066,1.7408649921417236,1.7408649921417236,1.716344952583313,1.7408649921417236,898886
2014-07-18,1.1062462329864502,1.716344952583313,1.716344952583313,1.6918259859085083,1.716344952583313,652549
2014-07-21,1.0904427766799927,1.6918259859085083,1.716344952583313,1.6918259859085083,1.716344952583313,647655
2014-07-22,1.1062462329864502,1.716344952583313,1.716344952583313,1.6918259859085083,1.6918259859085083,729223
2014-07-23,1.122050166130066,1.7408649921417236,1.7408649921417236,1.6918259859085083,1.716344952583313,4256251
2014-07-24,1.1536571979522705,1.7899030447006226,1.7899030447006226,1.716344952583313,1.7408649921417236,6959844
2014-07-25,1.1536571979522705,1.7899030447006226,1.7899030447006226,1.7408649921417236,1.7899030447006226,2469898
2014-07-28,1.169460415840149,1.8144220113754272,1.838942050933838,1.7899030447006226,1.7899030447006226,8753538
2014-07-29,1.169460415840149,1.8144220113754272,1.838942050933838,1.7899030447006226,1.8144220113754272,2788016
2014-07-30,1.169460415840149,1.8144220113754272,1.8634610176086426,1.7899030447006226,1.8144220113754272,6176377
2014-07-31,1.185264229774475,1.838942050933838,1.838942050933838,1.7899030447006226,1.8144220113754272,2037176
2014-08-01,1.169460415840149,1.8144220113754272,1.8144220113754272,1.7653839588165283,1.8144220113754272,1256564
2014-08-04,1.2010678052902222,1.8634610176086426,1.8634610176086426,1.7899030447006226,1.8144220113754272,6097663
2014-08-05,1.2010678052902222,1.8634610176086426,1.8634610176086426,1.8144220113754272,1.8634610176086426,5860706
2014-08-06,1.232674479484558,1.912498950958252,1.9370180368423462,1.8144220113754272,1.838942050933838,15546574
2014-08-07,1.2010678052902222,1.8634610176086426,1.912498950958252,1.838942050933838,1.912498950958252,6289349
2014-08-08,1.169460415840149,1.8144220113754272,1.8634610176086426,1.8144220113754272,1.8634610176086426,4814588
2014-08-11,1.2010678052902222,1.8634610176086426,1.8634610176086426,1.838942050933838,1.838942050933838,1964172
2014-08-12,1.185264229774475,1.838942050933838,1.8634610176086426,1.8144220113754272,1.838942050933838,2150149
2014-08-13,1.2010678052902222,1.8634610176086426,1.8634610176086426,1.8144220113754272,1.838942050933838,3830065
2014-08-14,1.185264229774475,1.838942050933838,1.8879799842834473,1.838942050933838,1.8634610176086426,2436455
2014-08-15,1.2168710231781006,1.8879799842834473,1.912498950958252,1.838942050933838,1.8634610176086426,2957678
2014-08-18,1.2168710231781006,1.8879799842834473,1.912498950958252,1.8634610176086426,1.912498950958252,2576121
2014-08-19,1.2168710231781006,1.8879799842834473,1.912498950958252,1.8634610176086426,1.912498950958252,2530259
2014-08-20,1.185264229774475,1.838942050933838,1.912498950958252,1.838942050933838,1.912498950958252,1988649
2014-08-21,1.185264229774475,1.838942050933838,1.8634610176086426,1.8144220113754272,1.838942050933838,2471121
2014-08-22,1.2010678052902222,1.8634610176086426,1.8634610176086426,1.8144220113754272,1.838942050933838,1346698
2014-08-25,1.185264229774475,1.838942050933838,1.8634610176086426,1.8144220113754272,1.8634610176086426,1369945
2014-08-26,1.2010678052902222,1.8634610176086426,1.9615379571914673,1.8144220113754272,1.838942050933838,4328439
2014-08-27,1.2010678052902222,1.8634610176086426,1.8879799842834473,1.838942050933838,1.8879799842834473,804266
2014-08-28,1.185264229774475,1.838942050933838,1.8634610176086426,1.8144220113754272,1.8634610176086426,1571419
2014-08-29,1.137853741645813,1.7653839588165283,1.838942050933838,1.7653839588165283,1.8144220113754272,2655874
2014-09-01,1.137853741645813,1.7653839588165283,1.7899030447006226,1.7653839588165283,1.7653839588165283,733302
2014-09-02,1.137853741645813,1.7653839588165283,1.7899030447006226,1.7408649921417236,1.7653839588165283,1506980
2014-09-03,1.169460415840149,1.8144220113754272,1.8144220113754272,1.7653839588165283,1.7653839588165283,1238211
2014-09-04,1.169460415840149,1.8144220113754272,1.838942050933838,1.7899030447006226,1.8144220113754272,1516768
2014-09-05,1.1536571979522705,1.7899030447006226,1.838942050933838,1.7899030447006226,1.8144220113754272,1817532
2014-09-08,1.185264229774475,1.838942050933838,1.838942050933838,1.7899030447006226,1.7899030447006226,2971137
2014-09-10,1.169460415840149,1.8144220113754272,1.8144220113754272,1.7653839588165283,1.8144220113754272,1614243
2014-09-11,1.1536571979522705,1.7899030447006226,1.8144220113754272,1.7653839588165283,1.8144220113754272,2469082
2014-09-12,1.137853741645813,1.7653839588165283,1.7899030447006226,1.7408649921417236,1.7899030447006226,2417694
2014-09-15,1.137853741645813,1.7653839588165283,1.7653839588165283,1.7408649921417236,1.7408649921417236,1235357
2014-09-16,1.1536571979522705,1.7899030447006226,1.838942050933838,1.7653839588165283,1.7653839588165283,3206116
2014-09-17,1.137853741645813,1.7653839588165283,1.8144220113754272,1.7653839588165283,1.7899030447006226,1363011
2014-09-18,1.122050166130066,1.7408649921417236,1.7899030447006226,1.7408649921417236,1.7653839588165283,1025725
2014-09-19,1.1536571979522705,1.7899030447006226,1.7899030447006226,1.7408649921417236,1.7653839588165283,598305
2014-09-22,1.122050166130066,1.7408649921417236,1.7653839588165283,1.7408649921417236,1.7653839588165283,991435
2014-09-23,1.137853741645813,1.7653839588165283,1.7653839588165283,1.7408649921417236,1.7408649921417236,684360
2014-09-24,1.122050166130066,1.7408649921417236,1.7653839588165283,1.716344952583313,1.7408649921417236,2017192
2014-09-25,1.1536571979522705,1.7899030447006226,1.7899030447006226,1.7408649921417236,1.7408649921417236,2154227
2014-09-26,1.137853741645813,1.7653839588165283,1.7653839588165283,1.7408649921417236,1.7653839588165283,1554290
2014-09-29,1.0904427766799927,1.6918259859085083,1.7408649921417236,1.642788052558899,1.7408649921417236,3446682
2014-09-30,1.0746394395828247,1.6673070192337036,1.6673070192337036,1.6182680130004883,1.642788052558899,1847937
2014-10-03,1.0588362216949463,1.642788052558899,1.6673070192337036,1.6182680130004883,1.642788052558899,1333239
2014-10-06,1.0904427766799927,1.6918259859085083,1.6918259859085083,1.642788052558899,1.6673070192337036,638682
2014-10-07,1.0904427766799927,1.6918259859085083,1.6918259859085083,1.6673070192337036,1.6918259859085083,350337
2014-10-08,1.0904427766799927,1.6918259859085083,1.6918259859085083,1.642788052558899,1.6918259859085083,1202729
2014-10-09,1.137853741645813,1.7653839588165283,1.7653839588165283,1.6918259859085083,1.6918259859085083,2589804
2014-10-10,1.0904427766799927,1.6918259859085083,1.7408649921417236,1.6673070192337036,1.7408649921417236,1826321
2014-10-13,1.0746394395828247,1.6673070192337036,1.6918259859085083,1.6673070192337036,1.6918259859085083,418854
2014-10-14,1.0746394395828247,1.6673070192337036,1.716344952583313,1.642788052558899,1.6673070192337036,1194572
2014-10-15,1.0904427766799927,1.6918259859085083,1.7408649921417236,1.6182680130004883,1.6673070192337036,2806369
2014-10-16,1.0904427766799927,1.6918259859085083,1.716344952583313,1.6673070192337036,1.6918259859085083,2490698
2014-10-17,1.0904427766799927,1.6918259859085083,1.6918259859085083,1.6673070192337036,1.6918259859085083,557521
2014-10-20,1.0746394395828247,1.6673070192337036,1.6918259859085083,1.642788052558899,1.6918259859085083,1000847
2014-10-21,1.0746394395828247,1.6673070192337036,1.6918259859085083,1.642788052558899,1.6673070192337036,328721
2014-10-22,1.0746394395828247,1.6673070192337036,1.6918259859085083,1.6182680130004883,1.6673070192337036,2141992
2014-10-23,1.0746394395828247,1.6673070192337036,1.6673070192337036,1.642788052558899,1.6673070192337036,407843
2014-10-24,1.0588362216949463,1.642788052558899,1.6673070192337036,1.642788052558899,1.6673070192337036,1067325
2014-10-27,1.043031930923462,1.6182680130004883,1.642788052558899,1.6182680130004883,1.642788052558899,792847
2014-10-28,1.0588362216949463,1.642788052558899,1.6673070192337036,1.6182680130004883,1.642788052558899,3014776
2014-10-29,1.1062462329864502,1.716344952583313,1.716344952583313,1.642788052558899,1.6673070192337036,4155514
2014-10-30,1.0904427766799927,1.6918259859085083,1.716344952583313,1.6673070192337036,1.716344952583313,4837836
2014-10-31,1.137853741645813,1.7653839588165283,1.7899030447006226,1.6918259859085083,1.6918259859085083,9230715
2014-11-03,1.122050166130066,1.7408649921417236,1.7899030447006226,1.716344952583313,1.7653839588165283,2172988
2014-11-04,1.1536571979522705,1.7899030447006226,1.8144220113754272,1.716344952583313,1.7408649921417236,4653083
2014-11-05,1.137853741645813,1.7653839588165283,1.7899030447006226,1.7408649921417236,1.7899030447006226,3348800
2014-11-06,1.137853741645813,1.7653839588165283,1.7899030447006226,1.716344952583313,1.7653839588165283,1918494
2014-11-07,1.137853741645813,1.7653839588165283,1.7899030447006226,1.7408649921417236,1.7653839588165283,1225160
2014-11-10,1.185264229774475,1.838942050933838,1.838942050933838,1.7653839588165283,1.7899030447006226,9110401
2014-11-11,1.169460415840149,1.8144220113754272,1.838942050933838,1.7899030447006226,1.838942050933838,4471185
2014-11-12,1.1536571979522705,1.7899030447006226,1.8144220113754272,1.7899030447006226,1.8144220113754272,1889129
2014-11-13,1.1536571979522705,1.7899030447006226,1.8144220113754272,1.7653839588165283,1.7653839588165283,2119968
2014-11-14,1.137853741645813,1.7653839588165283,1.7899030447006226,1.7653839588165283,1.7899030447006226,770415
2014-11-17,1.122050166130066,1.7408649921417236,1.8144220113754272,1.7408649921417236,1.7899030447006226,1017976
2014-11-18,1.0904427766799927,1.6918259859085083,1.7408649921417236,1.6918259859085083,1.7408649921417236,951498
2014-11-19,1.0904427766799927,1.6918259859085083,1.716344952583313,1.6673070192337036,1.6918259859085083,2820643
2014-11-20,1.1062462329864502,1.716344952583313,1.716344952583313,1.6918259859085083,1.716344952583313,382149
2014-11-21,1.1062462329864502,1.716344952583313,1.716344952583313,1.6918259859085083,1.6918259859085083,467796
2014-11-24,1.122050166130066,1.7408649921417236,1.7653839588165283,1.6918259859085083,1.7408649921417236,2782306
2014-11-25,1.1062462329864502,1.716344952583313,1.7899030447006226,1.716344952583313,1.716344952583313,2751310
2014-11-26,1.137853741645813,1.7653839588165283,1.7653839588165283,1.716344952583313,1.716344952583313,632346
2014-11-27,1.122050166130066,1.7408649921417236,1.7653839588165283,1.716344952583313,1.7653839588165283,284674
2014-11-28,1.122050166130066,1.7408649921417236,1.7408649921417236,1.6918259859085083,1.7408649921417236,1595482
2014-12-01,1.0904427766799927,1.6918259859085083,1.716344952583313,1.6673070192337036,1.716344952583313,1120753
2014-12-02,1.1062462329864502,1.716344952583313,1.716344952583313,1.6673070192337036,1.6918259859085083,1029804
2014-12-03,1.1062462329864502,1.716344952583313,1.7408649921417236,1.6673070192337036,1.716344952583313,1355670
2014-12-04,1.122050166130066,1.7408649921417236,1.7408649921417236,1.6918259859085083,1.716344952583313,2275765
2014-12-05,1.1062462329864502,1.716344952583313,1.7653839588165283,1.716344952583313,1.7408649921417236,1754677
2014-12-08,1.122050166130066,1.7408649921417236,1.7408649921417236,1.6918259859085083,1.7408649921417236,2052266
2014-12-09,1.1062462329864502,1.716344952583313,1.7408649921417236,1.6918259859085083,1.716344952583313,1801443
2014-12-10,1.0904427766799927,1.6918259859085083,1.716344952583313,1.6673070192337036,1.716344952583313,1895655
2014-12-11,1.1062462329864502,1.716344952583313,1.7408649921417236,1.6673070192337036,1.6918259859085083,3678745
2014-12-12,1.1062462329864502,1.716344952583313,1.7899030447006226,1.716344952583313,1.716344952583313,6451426
2014-12-15,1.122050166130066,1.7408649921417236,1.7653839588165283,1.716344952583313,1.7408649921417236,1238211
2014-12-16,1.137853741645813,1.7653839588165283,1.7899030447006226,1.716344952583313,1.7653839588165283,2824722
2014-12-17,1.1062462329864502,1.716344952583313,1.7899030447006226,1.716344952583313,1.7408649921417236,4030714
2014-12-18,1.1062462329864502,1.716344952583313,1.7653839588165283,1.716344952583313,1.7408649921417236,2319404
2014-12-19,1.1062462329864502,1.716344952583313,1.7408649921417236,1.6918259859085083,1.7408649921417236,3900204
2014-12-22,1.1062462329864502,1.716344952583313,1.7653839588165283,1.716344952583313,1.716344952583313,1685615
2014-12-23,1.1062462329864502,1.716344952583313,1.7408649921417236,1.716344952583313,1.716344952583313,1090383
2014-12-24,1.0904427766799927,1.6918259859085083,1.7408649921417236,1.6918259859085083,1.716344952583313,419262
2014-12-29,1.122050166130066,1.7408649921417236,1.7408649921417236,1.6918259859085083,1.716344952583313,1328753
2014-12-30,1.1062462329864502,1.716344952583313,1.7408649921417236,1.6918259859085083,1.7408649921417236,1352408
2014-12-31,1.122050166130066,1.7408649921417236,1.7408649921417236,1.716344952583313,1.7408649921417236,289976
2015-01-02,1.137853741645813,1.7653839588165283,1.7653839588165283,1.716344952583313,1.716344952583313,2597961
2015-01-05,1.137853741645813,1.7653839588165283,1.8144220113754272,1.7408649921417236,1.7408649921417236,6050353
2015-01-06,1.137853741645813,1.7653839588165283,1.8144220113754272,1.7408649921417236,1.7408649921417236,973521
2015-01-07,1.169460415840149,1.8144220113754272,1.8144220113754272,1.7408649921417236,1.7653839588165283,5061741
2015-01-08,1.1536571979522705,1.7899030447006226,1.8144220113754272,1.7653839588165283,1.8144220113754272,2113851
2015-01-09,1.169460415840149,1.8144220113754272,1.838942050933838,1.7899030447006226,1.7899030447006226,9588801
2015-01-12,1.137853741645813,1.7653839588165283,1.8144220113754272,1.7408649921417236,1.8144220113754272,5352534
2015-01-13,1.137853741645813,1.7653839588165283,1.7653839588165283,1.7408649921417236,1.7653839588165283,570164
2015-01-14,1.122050166130066,1.7408649921417236,1.7653839588165283,1.716344952583313,1.7408649921417236,1144000
2015-01-15,1.137853741645813,1.7653839588165283,1.7653839588165283,1.716344952583313,1.7408649921417236,1708863
2015-01-16,1.122050166130066,1.7408649921417236,1.7653839588165283,1.6918259859085083,1.7653839588165283,1855278
2015-01-19,1.0904427766799927,1.6918259859085083,1.7408649921417236,1.6673070192337036,1.7408649921417236,1845898
2015-01-20,1.0904427766799927,1.6918259859085083,1.6918259859085083,1.6673070192337036,1.6918259859085083,1227200
2015-01-21,1.0904427766799927,1.6918259859085083,1.716344952583313,1.6673070192337036,1.6673070192337036,1476392
2015-01-22,1.1062462329864502,1.716344952583313,1.716344952583313,1.6673070192337036,1.716344952583313,1220674
2015-01-23,1.1062462329864502,1.716344952583313,1.7408649921417236,1.6918259859085083,1.7408649921417236,1079153
2015-01-26,1.0746394395828247,1.6673070192337036,1.716344952583313,1.6673070192337036,1.716344952583313,896031
2015-01-27,1.0904427766799927,1.6918259859085083,1.6918259859085083,1.6673070192337036,1.6918259859085083,646023
2015-01-28,1.0904427766799927,1.6918259859085083,1.6918259859085083,1.6673070192337036,1.6918259859085083,558337
2015-01-29,1.0588362216949463,1.642788052558899,1.6918259859085083,1.6182680130004883,1.6918259859085083,3383467
2015-01-30,1.0746394395828247,1.6673070192337036,1.6673070192337036,1.6182680130004883,1.642788052558899,2018008
2015-02-02,1.043031930923462,1.6182680130004883,1.6673070192337036,1.5937490463256836,1.6673070192337036,1668282
2015-02-03,1.0588362216949463,1.642788052558899,1.642788052558899,1.5937490463256836,1.642788052558899,1103623
2015-02-04,1.043031930923462,1.6182680130004883,1.642788052558899,1.6182680130004883,1.642788052558899,836894
2015-02-05,1.043031930923462,1.6182680130004883,1.6673070192337036,1.5937490463256836,1.642788052558899,983717
2015-02-06,1.043031930923462,1.6182680130004883,1.6182680130004883,1.5937490463256836,1.6182680130004883,492674
2015-02-09,1.011425256729126,1.5692299604415894,1.6182680130004883,1.5692299604415894,1.6182680130004883,1813678
2015-02-10,1.011425256729126,1.5692299604415894,1.5937490463256836,1.5692299604415894,1.5692299604415894,1820612
2015-02-11,1.0272287130355835,1.5937490463256836,1.5937490463256836,1.5692299604415894,1.5692299604415894,680690
2015-02-12,1.0272287130355835,1.5937490463256836,1.5937490463256836,1.5447109937667847,1.5937490463256836,604423
2015-02-13,1.043031930923462,1.6182680130004883,1.642788052558899,1.5692299604415894,1.5937490463256836,2158714
2015-02-16,1.043031930923462,1.6182680130004883,1.6182680130004883,1.5692299604415894,1.6182680130004883,1227200
2015-02-17,1.043031930923462,1.6182680130004883,1.6182680130004883,1.5692299604415894,1.6182680130004883,378070
2015-02-18,1.043031930923462,1.6182680130004883,1.6182680130004883,1.5937490463256836,1.5937490463256836,176188
2015-02-23,1.0272287130355835,1.5937490463256836,1.6182680130004883,1.5937490463256836,1.6182680130004883,517145
2015-02-24,1.0272287130355835,1.5937490463256836,1.6182680130004883,1.5692299604415894,1.5692299604415894,895623
2015-02-25,1.043031930923462,1.6182680130004883,1.6182680130004883,1.5692299604415894,1.5937490463256836,843011
2015-02-26,1.043031930923462,1.6182680130004883,1.6182680130004883,1.5937490463256836,1.6182680130004883,403764
2015-02-27,1.043031930923462,1.6182680130004883,1.6182680130004883,1.5937490463256836,1.6182680130004883,520815
2015-03-02,1.0588362216949463,1.642788052558899,1.642788052558899,1.5937490463256836,1.6182680130004883,1279404
2015-03-03,1.0272287130355835,1.5937490463256836,1.642788052558899,1.5937490463256836,1.642788052558899,1557145
2015-03-04,1.043031930923462,1.6182680130004883,1.6182680130004883,1.5937490463256836,1.6182680130004883,482478
2015-03-05,1.0272287130355835,1.5937490463256836,1.5937490463256836,1.5937490463256836,1.5937490463256836,983309
2015-03-06,1.043031930923462,1.6182680130004883,1.6182680130004883,1.5937490463256836,1.5937490463256836,337286
2015-03-09,1.0272287130355835,1.5937490463256836,1.6182680130004883,1.5692299604415894,1.6182680130004883,1289192
2015-03-10,1.0272287130355835,1.5937490463256836,1.5937490463256836,1.5692299604415894,1.5937490463256836,502054
2015-03-11,1.0272287130355835,1.5937490463256836,1.5937490463256836,1.5692299604415894,1.5692299604415894,1014713
2015-03-12,1.011425256729126,1.5692299604415894,1.642788052558899,1.5692299604415894,1.5692299604415894,4034384
2015-03-13,1.0272287130355835,1.5937490463256836,1.5937490463256836,1.5692299604415894,1.5937490463256836,705568
2015-03-16,1.011425256729126,1.5692299604415894,1.5937490463256836,1.5447109937667847,1.5692299604415894,971074
2015-03-17,1.011425256729126,1.5692299604415894,1.5692299604415894,1.5447109937667847,1.5692299604415894,867074
2015-03-18,1.0272287130355835,1.5937490463256836,1.5937490463256836,1.5447109937667847,1.5692299604415894,1699645
2015-03-19,1.043031930923462,1.6182680130004883,1.6182680130004883,1.5692299604415894,1.5937490463256836,2092480
2015-03-20,1.0272287130355835,1.5937490463256836,1.6182680130004883,1.5692299604415894,1.6182680130004883,1288376
2015-03-23,1.011425256729126,1.5692299604415894,1.5937490463256836,1.5692299604415894,1.5937490463256836,1402572
2015-03-24,1.0272287130355835,1.5937490463256836,1.6182680130004883,1.5692299604415894,1.5692299604415894,2059608
2015-03-25,1.0272287130355835,1.5937490463256836,1.5937490463256836,1.5692299604415894,1.5937490463256836,592922
2015-03-26,1.043031930923462,1.6182680130004883,1.6673070192337036,1.5447109937667847,1.5692299604415894,9570448
2015-03-27,1.0272287130355835,1.5937490463256836,1.6182680130004883,1.5447109937667847,1.5937490463256836,2821459
2015-03-30,1.0588362216949463,1.642788052558899,1.6673070192337036,1.5692299604415894,1.5937490463256836,5073161
2015-03-31,1.1062462329864502,1.716344952583313,1.7408649921417236,1.6182680130004883,1.6673070192337036,11404927
2015-04-01,1.0904427766799927,1.6918259859085083,1.716344952583313,1.6673070192337036,1.716344952583313,6097255
2015-04-02,1.137853741645813,1.7653839588165283,1.7899030447006226,1.6918259859085083,1.6918259859085083,17912881
2015-04-08,1.185264229774475,1.838942050933838,1.8879799842834473,1.7899030447006226,1.7899030447006226,12825037
2015-04-09,1.248477816581726,1.9370180368423462,2.035094976425171,1.8634610176086426,1.8879799842834473,26220239
2015-04-10,1.2800853252410889,1.9860570430755615,1.9860570430755615,1.912498950958252,1.9860570430755615,10252770
2015-04-13,1.390709638595581,2.15769100189209,2.30480694770813,2.059614896774292,2.059614896774292,40313403
2015-04-14,1.3591029644012451,2.1086530685424805,2.30480694770813,2.1086530685424805,2.15769100189209,14420785
2015-04-15,1.3432995080947876,2.084134101867676,2.2067298889160156,2.035094976425171,2.15769100189209,10124707
2015-04-16,1.3591029644012451,2.1086530685424805,2.133172035217285,2.059614896774292,2.084134101867676,9452581
2015-04-17,1.3274959325790405,2.059614896774292,2.133172035217285,2.035094976425171,2.1086530685424805,7947069
2015-04-20,1.248477816581726,1.9370180368423462,2.059614896774292,1.8879799842834473,2.010576009750366,14132582
2015-04-21,1.2958886623382568,2.010576009750366,2.035094976425171,1.9370180368423462,1.9615379571914673,8152785
2015-04-22,1.3274959325790405,2.059614896774292,2.084134101867676,2.010576009750366,2.010576009750366,5023812
2015-04-23,1.374906301498413,2.133172035217285,2.182210922241211,2.059614896774292,2.084134101867676,12838740
2015-04-24,1.3591029644012451,2.1086530685424805,2.15769100189209,2.059614896774292,2.133172035217285,3387545
2015-04-27,1.374906301498413,2.133172035217285,2.15769100189209,2.084134101867676,2.1086530685424805,6870934
2015-04-28,1.6119598150253296,2.5009610652923584,2.5499989986419678,2.1086530685424805,2.133172035217285,70079819
2015-04-29,1.7067803144454956,2.648076057434082,2.7461531162261963,2.427402973175049,2.5009610652923584,69890049
2015-04-30,1.7383873462677002,2.6971139907836914,2.7461531162261963,2.5009610652923584,2.5990378856658936,30548393
2015-05-04,1.7699949741363525,2.7461531162261963,2.7951910495758057,2.648076057434082,2.7461531162261963,14082417
2015-05-05,1.9596370458602905,3.04038405418396,3.04038405418396,2.7461531162261963,2.7951910495758057,53000039
2015-05-06,1.8332090377807617,2.8442299365997314,3.04038405418396,2.7951910495758057,3.04038405418396,22937509
2015-05-07,1.7383873462677002,2.6971139907836914,2.8442299365997314,2.5990378856658936,2.8442299365997314,30124216
2015-05-08,1.8016010522842407,2.7951910495758057,2.8442299365997314,2.6971139907836914,2.7951910495758057,8443985
2015-05-11,1.8016010522842407,2.7951910495758057,2.89326810836792,2.7461531162261963,2.8442299365997314,7953146
2015-05-12,1.8016010522842407,2.7951910495758057,2.7951910495758057,2.7461531162261963,2.7951910495758057,4357396
2015-05-13,1.7067803144454956,2.648076057434082,2.7951910495758057,2.648076057434082,2.7951910495758057,4056408
2015-05-14,1.8016010522842407,2.7951910495758057,2.8442299365997314,2.648076057434082,2.648076057434082,8005554
2015-05-15,1.8016010522842407,2.7951910495758057,2.89326810836792,2.7461531162261963,2.8442299365997314,4237083
2015-05-18,1.8332090377807617,2.8442299365997314,2.9423069953918457,2.7461531162261963,2.7951910495758057,13680080
2015-05-19,1.8016010522842407,2.7951910495758057,2.89326810836792,2.7951910495758057,2.89326810836792,4786855
2015-05-20,1.8016010522842407,2.7951910495758057,2.89326810836792,2.7461531162261963,2.8442299365997314,4729349
2015-05-21,2.0544581413269043,3.1874990463256836,3.1874990463256836,2.7951910495758057,2.7951910495758057,44134547
2015-05-22,1.9912441968917847,3.0894219875335693,3.285576105117798,3.0894219875335693,3.138461112976074,21041038
2015-05-26,2.0860648155212402,3.236536979675293,3.236536979675293,3.0894219875335693,3.1874990463256836,7947640
2015-05-27,2.275707483291626,3.5307679176330566,3.5307679176330566,3.1874990463256836,3.1874990463256836,22806387
2015-05-28,2.1808862686157227,3.383652925491333,3.628844976425171,3.285576105117798,3.5307679176330566,18201226
2015-05-29,2.1176724433898926,3.285576105117798,3.4817299842834473,3.236536979675293,3.383652925491333,10672440
2015-06-01,2.244100332260132,3.4817299842834473,3.4817299842834473,3.285576105117798,3.285576105117798,8870997
2015-06-02,2.1492788791656494,3.3346140384674072,3.4817299842834473,3.3346140384674072,3.4817299842834473,5997334
2015-06-03,2.0228512287139893,3.138461112976074,3.4326910972595215,3.0894219875335693,3.383652925491333,11654935
2015-06-04,2.0228512287139893,3.138461112976074,3.236536979675293,2.9423069953918457,3.138461112976074,13214527
2015-06-05,1.9596370458602905,3.04038405418396,3.138461112976074,2.991344928741455,3.138461112976074,3324329
2015-06-08,1.9596370458602905,3.04038405418396,3.0894219875335693,2.9423069953918457,3.04038405418396,5305224
2015-06-09,1.8016010522842407,2.7951910495758057,3.04038405418396,2.7461531162261963,3.04038405418396,12921696
2015-06-10,1.7383873462677002,2.6971139907836914,2.89326810836792,2.648076057434082,2.7951910495758057,8803703
2015-06-11,1.7699949741363525,2.7461531162261963,2.7951910495758057,2.6971139907836914,2.7461531162261963,2799435
2015-06-12,1.8332090377807617,2.8442299365997314,2.8442299365997314,2.6971139907836914,2.7461531162261963,4456094
2015-06-15,1.8016010522842407,2.7951910495758057,2.8442299365997314,2.6971139907836914,2.7951910495758057,6442291
2015-06-16,1.7383873462677002,2.6971139907836914,2.7951910495758057,2.648076057434082,2.7951910495758057,3249286
2015-06-17,1.7383873462677002,2.6971139907836914,2.7461531162261963,2.5990378856658936,2.6971139907836914,3018855
2015-06-18,1.896423101425171,2.9423069953918457,3.04038405418396,2.648076057434082,2.6971139907836914,16540488
2015-06-19,1.8332090377807617,2.8442299365997314,2.991344928741455,2.7951910495758057,2.991344928741455,8419923
2015-06-22,1.896423101425171,2.9423069953918457,2.9423069953918457,2.7461531162261963,2.8442299365997314,7075263
2015-06-23,1.896423101425171,2.9423069953918457,2.991344928741455,2.89326810836792,2.9423069953918457,4791749
2015-06-24,1.9596370458602905,3.04038405418396,3.138461112976074,2.89326810836792,2.89326810836792,13116645
2015-06-25,1.9596370458602905,3.04038405418396,3.0894219875335693,2.991344928741455,3.04038405418396,2664439
2015-06-26,1.864815592765808,2.89326810836792,3.04038405418396,2.7951910495758057,3.04038405418396,4753025
2015-06-29,1.7383873462677002,2.6971139907836914,2.89326810836792,2.5009610652923584,2.8442299365997314,7099734
2015-06-30,1.7383873462677002,2.6971139907836914,2.7461531162261963,2.5499989986419678,2.7461531162261963,6166997
2015-07-02,1.6119598150253296,2.5009610652923584,2.6971139907836914,2.5009610652923584,2.6971139907836914,3806400
2015-07-03,1.485530972480774,2.30480694770813,2.5990378856658936,2.280287981033325,2.5990378856658936,10717099
2015-07-06,1.2800853252410889,1.9860570430755615,2.402884006500244,1.7408649921417236,2.402884006500244,9725428
2015-07-07,1.169460415840149,1.8144220113754272,2.084134101867676,1.7899030447006226,2.059614896774292,5768554
2015-07-08,1.0272287130355835,1.5937490463256836,1.716344952583313,1.4711530208587646,1.716344952583313,23069263
2015-07-09,1.3591029644012451,2.1086530685424805,2.1086530685424805,1.5692299604415894,1.5692299604415894,25312788
2015-07-10,1.390709638595581,2.15769100189209,2.2312490940093994,2.059614896774292,2.15769100189209,7524503
2015-07-13,1.5329418182373047,2.3783650398254395,2.427402973175049,2.084134101867676,2.182210922241211,8390558
2015-07-14,1.5803519487380981,2.4519219398498535,2.5499989986419678,2.3783650398254395,2.3783650398254395,6058102
2015-07-15,1.4697275161743164,2.280287981033325,2.4519219398498535,2.2312490940093994,2.4519219398498535,6474510
2015-07-16,1.4697275161743164,2.280287981033325,2.30480694770813,2.2067298889160156,2.255768060684204,3272941
2015-07-17,1.5013347864151,2.3293259143829346,2.3538448810577393,2.255768060684204,2.255768060684204,2066643
2015-07-20,1.4697275161743164,2.280287981033325,2.3783650398254395,2.280287981033325,2.3293259143829346,1099137
2015-07-21,1.5013347864151,2.3293259143829346,2.3293259143829346,2.255768060684204,2.280287981033325,698635
2015-07-22,1.4539238214492798,2.255768060684204,2.280287981033325,2.2312490940093994,2.280287981033325,1363827
2015-07-23,1.485530972480774,2.30480694770813,2.30480694770813,2.2067298889160156,2.2312490940093994,2416063
2015-07-24,1.4539238214492798,2.255768060684204,2.280287981033325,2.2067298889160156,2.255768060684204,1991906
2015-07-27,1.311692237854004,2.035094976425171,2.2067298889160156,2.010576009750366,2.2067298889160156,3108580
2015-07-28,1.2958886623382568,2.010576009750366,2.133172035217285,1.912498950958252,1.9860570430755615,2953243
2015-07-29,1.3432995080947876,2.084134101867676,2.1086530685424805,2.010576009750366,2.035094976425171,2172172
2015-07-30,1.311692237854004,2.035094976425171,2.133172035217285,1.9860570430755615,2.1086530685424805,2131388
2015-07-31,1.311692237854004,2.035094976425171,2.059614896774292,1.9860570430755615,2.010576009750366,750839
2015-08-03,1.248477816581726,1.9370180368423462,2.035094976425171,1.912498950958252,1.9860570430755615,1784314
2015-08-04,1.248477816581726,1.9370180368423462,1.9615379571914673,1.8634610176086426,1.912498950958252,1317741
2015-08-05,1.2642818689346313,1.9615379571914673,1.9860570430755615,1.9370180368423462,1.9370180368423462,522447
2015-08-06,1.2642818689346313,1.9615379571914673,1.9615379571914673,1.8879799842834473,1.9370180368423462,816502
2015-08-07,1.2800853252410889,1.9860570430755615,2.010576009750366,1.912498950958252,1.912498950958252,653364
2015-08-10,1.374906301498413,2.133172035217285,2.15769100189209,1.9615379571914673,1.9615379571914673,5735091
2015-08-11,1.3432995080947876,2.084134101867676,2.2067298889160156,2.035094976425171,2.1086530685424805,2263529
2015-08-12,1.311692237854004,2.035094976425171,2.084134101867676,1.9860570430755615,2.084134101867676,1115858
2015-08-13,1.2642818689346313,1.9615379571914673,2.035094976425171,1.9615379571914673,2.035094976425171,814156
2015-08-14,1.2642818689346313,1.9615379571914673,1.9860570430755615,1.912498950958252,1.9615379571914673,781019
2015-08-17,1.248477816581726,1.9370180368423462,1.9615379571914673,1.8879799842834473,1.9615379571914673,688439
2015-08-18,1.232674479484558,1.912498950958252,1.9615379571914673,1.8879799842834473,1.9370180368423462,765113
2015-08-19,1.2010678052902222,1.8634610176086426,1.912498950958252,1.8144220113754272,1.8879799842834473,1359749
2015-08-20,1.1536571979522705,1.7899030447006226,1.838942050933838,1.7408649921417236,1.8144220113754272,4817443
2015-08-21,1.122050166130066,1.7408649921417236,1.7653839588165283,1.6918259859085083,1.7408649921417236,2358965
2015-08-24,0.9956220984458923,1.5447109937667847,1.6918259859085083,1.4956719875335693,1.6918259859085083,5462651
2015-08-25,0.9798185229301453,1.52019202709198,1.642788052558899,1.4711530208587646,1.4956719875335693,2781490
2015-08-26,1.011425256729126,1.5692299604415894,1.6182680130004883,1.4956719875335693,1.5447109937667847,1891576
2015-08-27,1.0588362216949463,1.642788052558899,1.642788052558899,1.5447109937667847,1.6182680130004883,2755796
2015-08-28,1.0272287130355835,1.5937490463256836,1.6918259859085083,1.5937490463256836,1.642788052558899,2099576
2015-08-31,0.9956220984458923,1.5447109937667847,1.6182680130004883,1.52019202709198,1.6182680130004883,876047
2015-09-01,0.9956220984458923,1.5447109937667847,1.5937490463256836,1.52019202709198,1.5447109937667847,879717
2015-09-02,0.9798185229301453,1.52019202709198,1.5447109937667847,1.4711530208587646,1.52019202709198,1708047
2015-09-04,0.9640147686004639,1.4956719875335693,1.5447109937667847,1.4711530208587646,1.52019202709198,1379325
2015-09-07,0.9640147686004639,1.4956719875335693,1.52019202709198,1.4711530208587646,1.4711530208587646,695780
2015-09-08,0.9956220984458923,1.5447109937667847,1.5692299604415894,1.4711530208587646,1.4956719875335693,1701521
2015-09-09,1.0904427766799927,1.6918259859085083,1.716344952583313,1.5692299604415894,1.5692299604415894,4934902
2015-09-10,1.043031930923462,1.6182680130004883,1.6673070192337036,1.5937490463256836,1.6673070192337036,940894
2015-09-11,1.0588362216949463,1.642788052558899,1.6673070192337036,1.6182680130004883,1.642788052558899,801411
2015-09-14,1.043031930923462,1.6182680130004883,1.6673070192337036,1.5937490463256836,1.6673070192337036,878494
2015-09-15,1.043031930923462,1.6182680130004883,1.642788052558899,1.5937490463256836,1.5937490463256836,525302
2015-09-16,1.0588362216949463,1.642788052558899,1.6673070192337036,1.6182680130004883,1.6182680130004883,719027
2015-09-17,1.0746394395828247,1.6673070192337036,1.7408649921417236,1.6182680130004883,1.6673070192337036,2238243
2015-09-18,1.0588362216949463,1.642788052558899,1.6918259859085083,1.6182680130004883,1.6673070192337036,1187433
2015-09-21,1.0588362216949463,1.642788052558899,1.642788052558899,1.5937490463256836,1.6182680130004883,741458
2015-09-22,1.043031930923462,1.6182680130004883,1.6673070192337036,1.5937490463256836,1.642788052558899,1673380
2015-09-23,1.011425256729126,1.5692299604415894,1.6182680130004883,1.5447109937667847,1.5937490463256836,895623
2015-09-24,1.0272287130355835,1.5937490463256836,1.5937490463256836,1.5447109937667847,1.5937490463256836,358902
2015-09-25,1.0272287130355835,1.5937490463256836,1.5937490463256836,1.5447109937667847,1.5937490463256836,543247
2015-09-29,0.9798185229301453,1.52019202709198,1.5447109937667847,1.4956719875335693,1.5447109937667847,1097506
2015-09-30,1.0272287130355835,1.5937490463256836,1.5937490463256836,1.52019202709198,1.5447109937667847,1255749
2015-10-02,1.0272287130355835,1.5937490463256836,1.642788052558899,1.5692299604415894,1.6182680130004883,1096691
2015-10-05,1.043031930923462,1.6182680130004883,1.642788052558899,1.5937490463256836,1.642788052558899,517553
2015-10-06,1.0272287130355835,1.5937490463256836,1.642788052558899,1.5937490463256836,1.6182680130004883,563231
2015-10-07,1.0746394395828247,1.6673070192337036,1.6673070192337036,1.5937490463256836,1.5937490463256836,1096282
2015-10-08,1.0588362216949463,1.642788052558899,1.6673070192337036,1.6182680130004883,1.6673070192337036,693741
2015-10-09,1.0904427766799927,1.6918259859085083,1.7408649921417236,1.642788052558899,1.6673070192337036,3507451
2015-10-12,1.122050166130066,1.7408649921417236,1.7653839588165283,1.6673070192337036,1.6918259859085083,2777820
2015-10-13,1.1062462329864502,1.716344952583313,1.7408649921417236,1.6673070192337036,1.7408649921417236,794478
2015-10-14,1.0904427766799927,1.6918259859085083,1.6918259859085083,1.6673070192337036,1.6918259859085083,658258
2015-10-15,1.0904427766799927,1.6918259859085083,1.716344952583313,1.6673070192337036,1.6918259859085083,1517176
2015-10-16,1.0904427766799927,1.6918259859085083,1.716344952583313,1.6673070192337036,1.6918259859085083,1188047
2015-10-19,1.0588362216949463,1.642788052558899,1.6918259859085083,1.6182680130004883,1.6673070192337036,1316517
2015-10-20,1.0746394395828247,1.6673070192337036,1.6673070192337036,1.6182680130004883,1.6673070192337036,917647
2015-10-22,1.0588362216949463,1.642788052558899,1.6673070192337036,1.6182680130004883,1.642788052558899,1106070
2015-10-23,1.0746394395828247,1.6673070192337036,1.6673070192337036,1.642788052558899,1.6673070192337036,1510243
2015-10-26,1.0588362216949463,1.642788052558899,1.6673070192337036,1.6182680130004883,1.6673070192337036,973521
2015-10-27,1.043031930923462,1.6182680130004883,1.642788052558899,1.5937490463256836,1.6182680130004883,827106
2015-10-28,1.0272287130355835,1.5937490463256836,1.642788052558899,1.5692299604415894,1.6182680130004883,1462525
2015-10-29,1.0272287130355835,1.5937490463256836,1.6182680130004883,1.5692299604415894,1.5937490463256836,912345
2015-10-30,1.0272287130355835,1.5937490463256836,1.6182680130004883,1.5692299604415894,1.6182680130004883,2657653
2015-11-02,1.0272287130355835,1.5937490463256836,1.5937490463256836,1.5447109937667847,1.5937490463256836,721066
2015-11-03,1.0272287130355835,1.5937490463256836,1.5937490463256836,1.5447109937667847,1.5937490463256836,796517
2015-11-04,1.043031930923462,1.6182680130004883,1.642788052558899,1.5937490463256836,1.5937490463256836,1079153
2015-11-05,1.043031930923462,1.6182680130004883,1.6182680130004883,1.5937490463256836,1.5937490463256836,720658
2015-11-06,1.043031930923462,1.6182680130004883,1.6673070192337036,1.5937490463256836,1.5937490463256836,1602008
2015-11-09,1.0588362216949463,1.642788052558899,1.642788052558899,1.6182680130004883,1.6182680130004883,533458
2015-11-10,1.043031930923462,1.6182680130004883,1.642788052558899,1.5937490463256836,1.6182680130004883,449443
2015-11-11,1.043031930923462,1.6182680130004883,1.6673070192337036,1.5937490463256836,1.642788052558899,1130133
2015-11-12,1.0272287130355835,1.5937490463256836,1.642788052558899,1.5447109937667847,1.5937490463256836,4036016
2015-11-13,0.9956220984458923,1.5447109937667847,1.5692299604415894,1.5447109937667847,1.5447109937667847,994321
2015-11-16,0.9798185229301453,1.52019202709198,1.5447109937667847,1.4956719875335693,1.52019202709198,2024533
2015-11-17,0.9798185229301453,1.52019202709198,1.5447109937667847,1.4956719875335693,1.52019202709198,2663216
2015-11-18,0.9956220984458923,1.5447109937667847,1.5447109937667847,1.52019202709198,1.5447109937667847,346258
2015-11-19,0.9956220984458923,1.5447109937667847,1.5692299604415894,1.52019202709198,1.5447109937667847,1172141
2015-11-20,1.011425256729126,1.5692299604415894,1.5692299604415894,1.5447109937667847,1.5447109937667847,297725
2015-11-23,1.011425256729126,1.5692299604415894,1.5692299604415894,1.5447109937667847,1.5692299604415894,380517
2015-11-24,1.011425256729126,1.5692299604415894,1.5692299604415894,1.52019202709198,1.5692299604415894,430682
2015-11-25,0.9956220984458923,1.5447109937667847,1.5692299604415894,1.4956719875335693,1.52019202709198,1087309
2015-11-26,0.9798185229301453,1.52019202709198,1.5447109937667847,1.4711530208587646,1.5447109937667847,2585725
2015-11-27,0.9640147686004639,1.4956719875335693,1.52019202709198,1.4711530208587646,1.52019202709198,1184376
2015-11-30,0.9482112526893616,1.4711530208587646,1.52019202709198,1.4711530208587646,1.4956719875335693,984125
2015-12-01,0.9640147686004639,1.4956719875335693,1.52019202709198,1.4711530208587646,1.4711530208587646,524486
2015-12-02,0.9482112526893616,1.4711530208587646,1.52019202709198,1.4711530208587646,1.4956719875335693,933553
2015-12-03,0.932407796382904,1.44663405418396,1.4956719875335693,1.4221149682998657,1.4711530208587646,1903812
2015-12-04,0.9166045188903809,1.4221149682998657,1.4711530208587646,1.4221149682998657,1.44663405418396,1212517
2015-12-07,0.932407796382904,1.44663405418396,1.4711530208587646,1.4221149682998657,1.44663405418396,909082
2015-12-08,0.9166045188903809,1.4221149682998657,1.44663405418396,1.3975950479507446,1.44663405418396,1594259
2015-12-09,0.9166045188903809,1.4221149682998657,1.4221149682998657,1.3975950479507446,1.4221149682998657,736972
2015-12-10,0.9166045188903809,1.4221149682998657,1.4221149682998657,1.3975950479507446,1.3975950479507446,706384
2015-12-11,0.9008002281188965,1.3975950479507446,1.4221149682998657,1.3485569953918457,1.4221149682998657,1068957
2015-12-14,0.8375868797302246,1.2995189428329468,1.3730759620666504,1.2749990224838257,1.3730759620666504,1664408
2015-12-15,0.8375868797302246,1.2995189428329468,1.3485569953918457,1.2995189428329468,1.324038028717041,604831
2015-12-16,0.8533901572227478,1.324038028717041,1.3730759620666504,1.324038028717041,1.3485569953918457,677019
2015-12-17,0.8533901572227478,1.324038028717041,1.3730759620666504,1.2995189428329468,1.324038028717041,1548988
2015-12-18,0.8375868797302246,1.2995189428329468,1.324038028717041,1.2749990224838257,1.2995189428329468,1489475
2015-12-21,0.8533901572227478,1.324038028717041,1.3485569953918457,1.2749990224838257,1.2995189428329468,685992
2015-12-22,0.8691936731338501,1.3485569953918457,1.3485569953918457,1.2995189428329468,1.2995189428329468,440062
2015-12-23,0.8849970102310181,1.3730759620666504,1.3975950479507446,1.3485569953918457,1.3485569953918457,1381364
2015-12-24,0.8849970102310181,1.3730759620666504,1.3975950479507446,1.3485569953918457,1.3975950479507446,117050
2015-12-28,0.8849970102310181,1.3730759620666504,1.3730759620666504,1.3485569953918457,1.3730759620666504,637051
2015-12-29,0.8849970102310181,1.3730759620666504,1.3730759620666504,1.324038028717041,1.3485569953918457,526525
2015-12-30,0.9008002281188965,1.3975950479507446,1.3975950479507446,1.3485569953918457,1.3730759620666504,719843
2015-12-31,0.8849970102310181,1.3730759620666504,1.3730759620666504,1.3485569953918457,1.3730759620666504,30996
2016-01-04,0.8533901572227478,1.324038028717041,1.3730759620666504,1.324038028717041,1.3730759620666504,703937
2016-01-05,0.8533901572227478,1.324038028717041,1.3485569953918457,1.2749990224838257,1.324038028717041,1042447
2016-01-06,0.8691936731338501,1.3485569953918457,1.3485569953918457,1.2995189428329468,1.324038028717041,737380
2016-01-07,0.8691936731338501,1.3485569953918457,1.3485569953918457,1.3485569953918457,1.3485569953918457,0
2016-01-08,0.8375868797302246,1.2995189428329468,1.2995189428329468,1.250480055809021,1.250480055809021,843011
2016-01-11,0.8059795498847961,1.250480055809021,1.2995189428329468,1.2161530256271362,1.2995189428329468,1122792
2016-01-12,0.7870152592658997,1.2210570573806763,1.250480055809021,1.2112489938735962,1.250480055809021,804266
2016-01-13,0.7743727564811707,1.201442003250122,1.250480055809021,1.201442003250122,1.250480055809021,432721
2016-01-14,0.7396044135093689,1.1474989652633667,1.2112489938735962,1.1033649444580078,1.1818259954452515,2063278
2016-01-15,0.7143192291259766,1.1082689762115479,1.1622109413146973,1.0886529684066772,1.1524029970169067,929474
2016-01-18,0.6827118396759033,1.0592299699783325,1.0886529684066772,1.0347110033035278,1.0837490558624268,1204360
2016-01-19,0.7048368453979492,1.0935570001602173,1.1131720542907715,1.0445189476013184,1.0445189476013184,745129
2016-01-20,0.6763903498649597,1.049422025680542,1.1131720542907715,1.0396150350570679,1.0788450241088867,801411
2016-01-21,0.6384618282318115,0.9905760288238525,1.0788450241088867,0.9905760288238525,1.049422025680542,767560
2016-01-22,0.660586953163147,1.0249030590057373,1.0396150350570679,0.9905760288238525,1.0150949954986572,584031
2016-01-25,0.6795511841773987,1.054326057434082,1.073941946029663,1.0298069715499878,1.0298069715499878,422525
2016-01-26,0.6479443311691284,1.005288004875183,1.0641340017318726,0.9905760288238525,1.0396150350570679,703121
2016-01-27,0.64162278175354,0.9954800009727478,1.049422025680542,0.9807689785957336,1.0298069715499878,936000
2016-01-28,0.6511051654815674,1.0101920366287231,1.0150949954986572,0.9954800009727478,1.005288004875183,585662
2016-01-29,0.6321409344673157,0.9807689785957336,1.005288004875183,0.9317299723625183,1.005288004875183,2597961
2016-02-01,0.6194976568222046,0.961152970790863,0.9954800009727478,0.9513459801673889,0.9807689785957336,801819
2016-02-02,0.6258193850517273,0.9709609746932983,0.9709609746932983,0.9513459801673889,0.961152970790863,361349
2016-02-03,0.6194976568222046,0.961152970790863,0.9660570025444031,0.9513459801673889,0.9513459801673889,645615
2016-02-04,0.6384618282318115,0.9905760288238525,0.9954800009727478,0.9562489986419678,0.961152970790863,1070180
2016-02-05,0.6447836756706238,1.000383973121643,1.005288004875183,0.9856719970703125,0.9905760288238525,1086646
2016-02-11,0.6289802193641663,0.9758650064468384,1.000383973121643,0.9513459801673889,1.000383973121643,332800
2016-02-12,0.6289802193641663,0.9758650064468384,0.9954800009727478,0.9660570025444031,0.9660570025444031,666007
2016-02-15,0.6447836756706238,1.000383973121643,1.0101920366287231,0.9807689785957336,0.9905760288238525,378070
2016-02-16,0.6574261784553528,1.0199990272521973,1.0298069715499878,0.9954800009727478,1.0150949954986572,641945
2016-02-17,0.6637477278709412,1.0298069715499878,1.054326057434082,1.0101920366287231,1.0199990272521973,797333
2016-02-18,0.6574261784553528,1.0199990272521973,1.054326057434082,1.0101920366287231,1.049422025680542,2185223
2016-02-19,0.6447836756706238,1.000383973121643,1.0298069715499878,0.9905760288238525,1.0101920366287231,614211
2016-02-22,0.6479443311691284,1.005288004875183,1.0396150350570679,0.9856719970703125,1.0101920366287231,2008219
2016-02-23,0.660586953163147,1.0249030590057373,1.0445189476013184,0.9954800009727478,1.005288004875183,3241352
2016-02-24,0.654265284538269,1.0150949954986572,1.0298069715499878,0.9856719970703125,1.0150949954986572,868298
2016-02-25,0.6384618282318115,0.9905760288238525,1.0199990272521973,0.9709609746932983,1.005288004875183,1526557
2016-02-26,0.6479443311691284,1.005288004875183,1.0199990272521973,0.9905760288238525,1.005288004875183,2039216
2016-02-29,0.6447836756706238,1.000383973121643,1.0150949954986572,0.9856719970703125,1.005288004875183,1201913
2016-03-01,0.6479443311691284,1.005288004875183,1.0150949954986572,0.9905760288238525,1.000383973121643,392345
2016-03-02,0.701676070690155,1.0886529684066772,1.127884030342102,0.9954800009727478,0.9954800009727478,4205271
2016-03-03,0.7364437580108643,1.1425950527191162,1.1671149730682373,1.0886529684066772,1.0935570001602173,3280974
2016-03-04,0.749086856842041,1.1622109413146973,1.1671149730682373,1.127884030342102,1.1425950527191162,1608941
2016-03-07,0.7712118625640869,1.196537971496582,1.2210570573806763,1.1671149730682373,1.1720190048217773,1463341
2016-03-08,0.75224769115448,1.1671149730682373,1.1867300271987915,1.1425950527191162,1.1867300271987915,1082415
2016-03-09,0.7364437580108643,1.1425950527191162,1.1622109413146973,1.127884030342102,1.1425950527191162,1312439
2016-03-10,0.7364437580108643,1.1425950527191162,1.1474989652633667,1.1327879428863525,1.1425950527191162,951090
2016-03-11,0.7427653670310974,1.1524029970169067,1.1524029970169067,1.127884030342102,1.1524029970169067,852392
2016-03-14,0.7427653670310974,1.1524029970169067,1.1769219636917114,1.1376919746398926,1.1524029970169067,950356
2016-03-15,0.7301226258277893,1.1327879428863525,1.1524029970169067,1.1033649444580078,1.1474989652633667,657851
2016-03-16,0.7174794673919678,1.1131720542907715,1.1524029970169067,1.1082689762115479,1.122979998588562,455968
2016-03-17,0.7174794673919678,1.1131720542907715,1.1425950527191162,1.0935570001602173,1.1425950527191162,548141
2016-03-18,0.7111584544181824,1.1033649444580078,1.1425950527191162,1.0837490558624268,1.1425950527191162,1190086
2016-03-21,0.7269619107246399,1.127884030342102,1.1573070287704468,1.1082689762115479,1.122979998588562,1126055
2016-03-22,0.7332833409309387,1.1376919746398926,1.1524029970169067,1.122979998588562,1.1425950527191162,199435
2016-03-23,0.7238010168075562,1.122979998588562,1.1376919746398926,1.122979998588562,1.1376919746398926,530604
2016-03-24,0.6953545212745667,1.0788450241088867,1.122979998588562,1.0690380334854126,1.1131720542907715,725553
2016-03-29,0.6858727335929871,1.0641340017318726,1.1082689762115479,1.054326057434082,1.0788450241088867,785913
2016-03-30,0.6953545212745667,1.0788450241088867,1.0788450241088867,1.054326057434082,1.0641340017318726,639090
2016-03-31,0.6700694561004639,1.0396150350570679,1.0935570001602173,1.0298069715499878,1.0886529684066772,573835
2016-04-01,0.6795511841773987,1.054326057434082,1.0690380334854126,1.0347110033035278,1.0347110033035278,401725
2016-04-05,0.701676070690155,1.0886529684066772,1.0984610319137573,0.9807689785957336,1.0690380334854126,593411
2016-04-06,0.6921942830085754,1.073941946029663,1.0788450241088867,1.0298069715499878,1.0788450241088867,462902
2016-04-07,0.7238010168075562,1.122979998588562,1.127884030342102,1.0445189476013184,1.0788450241088867,1940925
2016-04-08,0.701676070690155,1.0886529684066772,1.118075966835022,1.0690380334854126,1.0935570001602173,773270
2016-04-11,0.7238010168075562,1.122979998588562,1.122979998588562,1.0837490558624268,1.0886529684066772,1109741
2016-04-12,0.8849970102310181,1.3730759620666504,1.3975950479507446,1.1327879428863525,1.1327879428863525,26263878
2016-04-13,0.8691936731338501,1.3485569953918457,1.3975950479507446,1.2995189428329468,1.3730759620666504,8736001
2016-04-14,0.8691936731338501,1.3485569953918457,1.3730759620666504,1.2995189428329468,1.3730759620666504,3627357
2016-04-15,0.8375868797302246,1.2995189428329468,1.3485569953918457,1.2995189428329468,1.324038028717041,1770855
2016-04-18,0.8533901572227478,1.324038028717041,1.3485569953918457,1.250480055809021,1.2749990224838257,3002949
2016-04-19,0.8691936731338501,1.3485569953918457,1.3730759620666504,1.324038028717041,1.324038028717041,3674259
2016-04-20,0.8375868797302246,1.2995189428329468,1.3485569953918457,1.250480055809021,1.3485569953918457,3978102
2016-04-21,0.8375868797302246,1.2995189428329468,1.324038028717041,1.2749990224838257,1.2995189428329468,1706415
2016-04-22,0.8217828869819641,1.2749990224838257,1.2995189428329468,1.2749990224838257,1.2995189428329468,1248408
2016-04-25,0.8059795498847961,1.250480055809021,1.324038028717041,1.250480055809021,1.2749990224838257,1430713
2016-04-26,0.8059795498847961,1.250480055809021,1.2995189428329468,1.2259609699249268,1.2749990224838257,2345383
2016-04-27,0.7838543653488159,1.2161530256271362,1.250480055809021,1.2063449621200562,1.2259609699249268,1544094
2016-04-28,0.7838543653488159,1.2161530256271362,1.250480055809021,1.201442003250122,1.2161530256271362,995545
2016-04-29,0.768051028251648,1.1916340589523315,1.250480055809021,1.1867300271987915,1.2161530256271362,1126055
2016-05-03,0.7617295384407043,1.1818259954452515,1.201442003250122,1.1720190048217773,1.1916340589523315,994921
2016-05-04,0.7396044135093689,1.1474989652633667,1.1671149730682373,1.127884030342102,1.1671149730682373,1698666
2016-05-05,0.758568525314331,1.1769219636917114,1.196537971496582,1.118075966835022,1.127884030342102,1991090
2016-05-06,0.7364437580108643,1.1425950527191162,1.1622109413146973,1.1376919746398926,1.1622109413146973,753694
2016-05-09,0.7111584544181824,1.1033649444580078,1.1524029970169067,1.1033649444580078,1.1524029970169067,496345
2016-05-10,0.7111584544181824,1.1033649444580078,1.118075966835022,1.0984610319137573,1.1033649444580078,668047
2016-05-11,0.7143192291259766,1.1082689762115479,1.127884030342102,1.0886529684066772,1.127884030342102,620329
2016-05-12,0.7111584544181824,1.1033649444580078,1.1131720542907715,1.0788450241088867,1.1082689762115479,523670
2016-05-13,0.6827118396759033,1.0592299699783325,1.1082689762115479,1.0347110033035278,1.0886529684066772,1224345
2016-05-16,0.6890335083007812,1.0690380334854126,1.0886529684066772,1.0396150350570679,1.0396150350570679,663560
2016-05-17,0.6858727335929871,1.0641340017318726,1.0690380334854126,1.049422025680542,1.049422025680542,681098
2016-05-18,0.6732301115989685,1.0445189476013184,1.0641340017318726,1.0445189476013184,1.049422025680542,438023
2016-05-19,0.6795511841773987,1.054326057434082,1.0641340017318726,1.0298069715499878,1.0396150350570679,854023
2016-05-20,0.6637477278709412,1.0298069715499878,1.0445189476013184,1.0298069715499878,1.0396150350570679,487780
2016-05-23,0.6637477278709412,1.0298069715499878,1.0592299699783325,1.0199990272521973,1.0199990272521973,370729
2016-05-24,0.6637477278709412,1.0298069715499878,1.0347110033035278,1.0150949954986572,1.0298069715499878,516329
2016-05-25,0.6827118396759033,1.0592299699783325,1.073941946029663,1.0396150350570679,1.0396150350570679,548141
2016-05-26,0.6953545212745667,1.0788450241088867,1.0788450241088867,1.0396150350570679,1.0396150350570679,336470
2016-05-27,0.6827118396759033,1.0592299699783325,1.073941946029663,1.0445189476013184,1.0690380334854126,613396
2016-05-30,0.6890335083007812,1.0690380334854126,1.0935570001602173,1.0592299699783325,1.0592299699783325,186792
2016-05-31,0.6700694561004639,1.0396150350570679,1.0886529684066772,1.0298069715499878,1.0788450241088867,1938886
2016-06-01,0.6890335083007812,1.0690380334854126,1.0690380334854126,1.0445189476013184,1.0445189476013184,296909
2016-06-02,0.7301226258277893,1.1327879428863525,1.1573070287704468,1.049422025680542,1.0837490558624268,2630588
2016-06-03,0.7143192291259766,1.1082689762115479,1.1474989652633667,1.0690380334854126,1.1376919746398926,860549
2016-06-06,0.7174794673919678,1.1131720542907715,1.118075966835022,1.0788450241088867,1.0984610319137573,648470
2016-06-07,0.7332833409309387,1.1376919746398926,1.1524029970169067,1.1082689762115479,1.1131720542907715,1694180
2016-06-08,0.7206401228904724,1.118075966835022,1.1425950527191162,1.1131720542907715,1.1425950527191162,415184
2016-06-10,0.6985154151916504,1.0837490558624268,1.118075966835022,1.0788450241088867,1.118075966835022,426196
2016-06-13,0.6574261784553528,1.0199990272521973,1.0592299699783325,1.0150949954986572,1.054326057434082,793255
2016-06-14,0.6732301115989685,1.0445189476013184,1.0445189476013184,1.0249030590057373,1.0298069715499878,345851
2016-06-15,0.6732301115989685,1.0445189476013184,1.0445189476013184,1.0199990272521973,1.0199990272521973,274478
2016-06-16,0.654265284538269,1.0150949954986572,1.0298069715499878,1.0150949954986572,1.0298069715499878,180211
2016-06-17,0.6763903498649597,1.049422025680542,1.0592299699783325,1.0199990272521973,1.0445189476013184,371545
2016-06-20,0.6700694561004639,1.0396150350570679,1.0641340017318726,1.0298069715499878,1.0298069715499878,207184
2016-06-21,0.6669085025787354,1.0347110033035278,1.0641340017318726,1.0249030590057373,1.054326057434082,363388
2016-06-22,0.6827118396759033,1.0592299699783325,1.0641340017318726,1.0347110033035278,1.0396150350570679,396423
2016-06-23,0.6827118396759033,1.0592299699783325,1.0690380334854126,1.0396150350570679,1.0690380334854126,349929
2016-06-24,0.654265284538269,1.0150949954986572,1.0396150350570679,0.9856719970703125,1.0396150350570679,553035
2016-06-27,0.6700694561004639,1.0396150350570679,1.0396150350570679,0.9954800009727478,1.0150949954986572,511435
2016-06-28,0.6763903498649597,1.049422025680542,1.054326057434082,1.005288004875183,1.005288004875183,687215
2016-06-29,0.6795511841773987,1.054326057434082,1.073941946029663,1.0347110033035278,1.0641340017318726,755325
2016-06-30,0.6858727335929871,1.0641340017318726,1.0641340017318726,1.0445189476013184,1.0641340017318726,284266
2016-07-04,0.7206401228904724,1.118075966835022,1.127884030342102,1.0641340017318726,1.0641340017318726,2095498
2016-07-05,0.7174794673919678,1.1131720542907715,1.127884030342102,1.0935570001602173,1.118075966835022,877270
2016-07-06,0.6985154151916504,1.0837490558624268,1.1033649444580078,1.0641340017318726,1.1033649444580078,397239
2016-07-07,0.7048368453979492,1.0935570001602173,1.1033649444580078,1.0690380334854126,1.0690380334854126,443019
2016-07-08,0.701676070690155,1.0886529684066772,1.1082689762115479,1.0788450241088867,1.0984610319137573,367874
2016-07-11,0.7206401228904724,1.118075966835022,1.122979998588562,1.0935570001602173,1.0935570001602173,497976
2016-07-12,0.75224769115448,1.1671149730682373,1.1769219636917114,1.1033649444580078,1.122979998588562,2537396
2016-07-13,0.7775328159332275,1.2063449621200562,1.250480055809021,1.1720190048217773,1.1867300271987915,5730604
2016-07-14,0.768051028251648,1.1916340589523315,1.2210570573806763,1.1769219636917114,1.2063449621200562,1752910
2016-07-15,0.758568525314331,1.1769219636917114,1.2259609699249268,1.1671149730682373,1.2259609699249268,1682353
2016-07-18,0.75224769115448,1.1671149730682373,1.201442003250122,1.1573070287704468,1.1867300271987915,592596
2016-07-19,0.7364437580108643,1.1425950527191162,1.1818259954452515,1.1327879428863525,1.1720190048217773,1340580
2016-07-20,0.7364437580108643,1.1425950527191162,1.1622109413146973,1.1376919746398926,1.1474989652633667,875639
2016-07-21,0.745926022529602,1.1573070287704468,1.1622109413146973,1.1376919746398926,1.1425950527191162,836894
2016-07-22,0.745926022529602,1.1573070287704468,1.1720190048217773,1.1524029970169067,1.1524029970169067,423341
2016-07-25,0.7174794673919678,1.1131720542907715,1.1573070287704468,1.1033649444580078,1.1573070287704468,911937
2016-07-26,0.7269619107246399,1.127884030342102,1.1376919746398926,1.1082689762115479,1.127884030342102,721474
2016-07-27,0.7238010168075562,1.122979998588562,1.1573070287704468,1.1131720542907715,1.122979998588562,1117082
2016-07-28,0.7238010168075562,1.122979998588562,1.127884030342102,1.1131720542907715,1.122979998588562,384188
2016-07-29,0.7111584544181824,1.1033649444580078,1.1327879428863525,1.1033649444580078,1.1327879428863525,1001581
2016-08-01,0.7206401228904724,1.118075966835022,1.1376919746398926,1.1033649444580078,1.127884030342102,1248408
2016-08-02,0.7206401228904724,1.118075966835022,1.118075966835022,1.118075966835022,1.118075966835022,0
2016-08-03,0.7111584544181824,1.1033649444580078,1.122979998588562,1.0935570001602173,1.118075966835022,437615
2016-08-04,0.7143192291259766,1.1082689762115479,1.1131720542907715,1.0935570001602173,1.1082689762115479,443733
2016-08-05,0.7269619107246399,1.127884030342102,1.1376919746398926,1.1131720542907715,1.1131720542907715,690358
2016-08-08,0.758568525314331,1.1769219636917114,1.1867300271987915,1.122979998588562,1.1327879428863525,1826033
2016-08-09,0.7617295384407043,1.1818259954452515,1.1916340589523315,1.1573070287704468,1.1769219636917114,467796
2016-08-10,0.745926022529602,1.1573070287704468,1.196537971496582,1.1474989652633667,1.1818259954452515,629709
2016-08-11,0.75224769115448,1.1671149730682373,1.1769219636917114,1.1474989652633667,1.1524029970169067,730447
2016-08-12,0.7648903131484985,1.1867300271987915,1.201442003250122,1.1769219636917114,1.1769219636917114,856878
2016-08-15,0.7712118625640869,1.196537971496582,1.2063449621200562,1.1867300271987915,1.1867300271987915,762258
2016-08-16,0.7901759743690491,1.2259609699249268,1.250480055809021,1.1916340589523315,1.201442003250122,3504188
2016-08-17,0.7743727564811707,1.201442003250122,1.250480055809021,1.1916340589523315,1.2259609699249268,4001084
2016-08-18,0.7743727564811707,1.201442003250122,1.2259609699249268,1.201442003250122,1.2161530256271362,823299
2016-08-19,0.768051028251648,1.1916340589523315,1.2112489938735962,1.1769219636917114,1.2112489938735962,1040408
2016-08-22,0.7648903131484985,1.1867300271987915,1.1916340589523315,1.1671149730682373,1.1867300271987915,283043
2016-08-23,0.768051028251648,1.1916340589523315,1.2259609699249268,1.1818259954452515,1.1818259954452515,919278
2016-08-24,0.749086856842041,1.1622109413146973,1.196537971496582,1.1573070287704468,1.1916340589523315,1332831
2016-08-25,0.749086856842041,1.1622109413146973,1.1818259954452515,1.1524029970169067,1.1524029970169067,814055
2016-08-26,0.749086856842041,1.1622109413146973,1.1720190048217773,1.1573070287704468,1.1573070287704468,530196
2016-08-29,0.7332833409309387,1.1376919746398926,1.1622109413146973,1.127884030342102,1.1622109413146973,1296125
2016-08-30,0.7364437580108643,1.1425950527191162,1.1474989652633667,1.127884030342102,1.1376919746398926,950682
2016-08-31,0.7238010168075562,1.122979998588562,1.1474989652633667,1.122979998588562,1.1425950527191162,1036329
2016-09-01,0.7269619107246399,1.127884030342102,1.1474989652633667,1.118075966835022,1.127884030342102,1058760
2016-09-02,0.7143192291259766,1.1082689762115479,1.1327879428863525,1.1082689762115479,1.127884030342102,1481245
2016-09-05,0.7364437580108643,1.1425950527191162,1.1671149730682373,1.118075966835022,1.122979998588562,1901772
2016-09-06,0.7617295384407043,1.1818259954452515,1.1818259954452515,1.127884030342102,1.1474989652633667,1453145
2016-09-07,0.7617295384407043,1.1818259954452515,1.1916340589523315,1.1524029970169067,1.1916340589523315,949866
2016-09-08,0.7617295384407043,1.1818259954452515,1.1916340589523315,1.1622109413146973,1.1622109413146973,336062
2016-09-09,0.7648903131484985,1.1867300271987915,1.2112489938735962,1.1671149730682373,1.1916340589523315,2124863
2016-09-12,0.7301226258277893,1.1327879428863525,1.1622109413146973,1.127884030342102,1.1474989652633667,1797772
2016-09-13,0.7301226258277893,1.1327879428863525,1.1524029970169067,1.122979998588562,1.1524029970169067,635419
2016-09-14,0.7269619107246399,1.127884030342102,1.1474989652633667,1.118075966835022,1.1327879428863525,470243
2016-09-15,0.7269619107246399,1.127884030342102,1.1376919746398926,1.1082689762115479,1.122979998588562,1376878
2016-09-19,0.7269619107246399,1.127884030342102,1.1425950527191162,1.0886529684066772,1.127884030342102,1262274
2016-09-20,0.7617295384407043,1.1818259954452515,1.1916340589523315,1.1327879428863525,1.1327879428863525,4205271
2016-09-21,0.7648903131484985,1.1867300271987915,1.1916340589523315,1.1573070287704468,1.1867300271987915,1389521
2016-09-22,0.7743727564811707,1.201442003250122,1.250480055809021,1.1769219636917114,1.201442003250122,2710525
2016-09-23,0.7712118625640869,1.196537971496582,1.2112489938735962,1.1769219636917114,1.2112489938735962,2021270
2016-09-26,0.7648903131484985,1.1867300271987915,1.2161530256271362,1.1720190048217773,1.196537971496582,1259827
2016-09-27,0.7775328159332275,1.2063449621200562,1.2063449621200562,1.1524029970169067,1.1573070287704468,1197427
2016-09-28,0.7870152592658997,1.2210570573806763,1.2259609699249268,1.196537971496582,1.201442003250122,990243
2016-09-29,0.8217828869819641,1.2749990224838257,1.324038028717041,1.196537971496582,1.250480055809021,5056439
2016-09-30,0.8375868797302246,1.2995189428329468,1.324038028717041,1.2259609699249268,1.250480055809021,6653146
2016-10-03,0.8217828869819641,1.2749990224838257,1.324038028717041,1.250480055809021,1.324038028717041,1787576
2016-10-04,0.8691936731338501,1.3485569953918457,1.52019202709198,1.2995189428329468,1.44663405418396,17377383
2016-10-05,0.8849970102310181,1.3730759620666504,1.3975950479507446,1.324038028717041,1.3485569953918457,5354167
2016-10-06,0.8849970102310181,1.3730759620666504,1.3975950479507446,1.3485569953918457,1.3730759620666504,1400941
2016-10-07,0.8849970102310181,1.3730759620666504,1.3975950479507446,1.324038028717041,1.3730759620666504,1526424
2016-10-11,0.8691936731338501,1.3485569953918457,1.3975950479507446,1.324038028717041,1.3730759620666504,1935623
2016-10-12,0.8375868797302246,1.2995189428329468,1.3485569953918457,1.250480055809021,1.324038028717041,2292078
2016-10-13,0.8375868797302246,1.2995189428329468,1.3485569953918457,1.2749990224838257,1.324038028717041,2498039
2016-10-14,0.8375868797302246,1.2995189428329468,1.324038028717041,1.2749990224838257,1.2995189428329468,907043
2016-10-17,0.8217828869819641,1.2749990224838257,1.2995189428329468,1.2749990224838257,1.2995189428329468,294054
2016-10-18,0.8217828869819641,1.2749990224838257,1.324038028717041,1.2749990224838257,1.2749990224838257,808753
2016-10-19,0.8217828869819641,1.2749990224838257,1.2995189428329468,1.2749990224838257,1.2749990224838257,688847
2016-10-20,0.8059795498847961,1.250480055809021,1.2995189428329468,1.250480055809021,1.2995189428329468,1035513
2016-10-21,0.8059795498847961,1.250480055809021,1.250480055809021,1.250480055809021,1.250480055809021,0
2016-10-24,0.8217828869819641,1.2749990224838257,1.2995189428329468,1.2259609699249268,1.250480055809021,2004549
2016-10-25,0.8217828869819641,1.2749990224838257,1.2995189428329468,1.250480055809021,1.2749990224838257,1726808
2016-10-26,0.8059795498847961,1.250480055809021,1.2749990224838257,1.2259609699249268,1.2749990224838257,1188047
2016-10-27,0.8217828869819641,1.2749990224838257,1.2749990224838257,1.2259609699249268,1.2749990224838257,1566933
2016-10-28,0.8059795498847961,1.250480055809021,1.2749990224838257,1.2259609699249268,1.2749990224838257,572204
2016-10-31,0.7870152592658997,1.2210570573806763,1.250480055809021,1.2112489938735962,1.2259609699249268,1108925
2016-11-01,0.7901759743690491,1.2259609699249268,1.250480055809021,1.2210570573806763,1.2210570573806763,1304690
2016-11-02,0.7901759743690491,1.2259609699249268,1.2259609699249268,1.2112489938735962,1.2112489938735962,556705
2016-11-03,0.7870152592658997,1.2210570573806763,1.2259609699249268,1.2112489938735962,1.2210570573806763,159874
2016-11-04,0.7806934118270874,1.2112489938735962,1.2210570573806763,1.196537971496582,1.2112489938735962,687215
2016-11-07,0.8059795498847961,1.250480055809021,1.2749990224838257,1.201442003250122,1.201442003250122,1180706
2016-11-08,0.8059795498847961,1.250480055809021,1.250480055809021,1.2259609699249268,1.250480055809021,617066
2016-11-09,0.7870152592658997,1.2210570573806763,1.250480055809021,1.2112489938735962,1.250480055809021,1523702
2016-11-10,0.8691936731338501,1.3485569953918457,1.3485569953918457,1.250480055809021,1.250480055809021,3886745
2016-11-11,0.9008002281188965,1.3975950479507446,1.44663405418396,1.2749990224838257,1.324038028717041,6073193
2016-11-14,0.8849970102310181,1.3730759620666504,1.3975950479507446,1.324038028717041,1.3975950479507446,2162384
2016-11-15,0.8691936731338501,1.3485569953918457,1.3730759620666504,1.324038028717041,1.3485569953918457,818541
2016-11-16,0.8691936731338501,1.3485569953918457,1.3730759620666504,1.324038028717041,1.3485569953918457,1037960
2016-11-17,0.8217828869819641,1.2749990224838257,1.3485569953918457,1.2749990224838257,1.324038028717041,1409506
2016-11-18,0.8533901572227478,1.324038028717041,1.324038028717041,1.250480055809021,1.2995189428329468,1608125
2016-11-21,0.8375868797302246,1.2995189428329468,1.2995189428329468,1.2749990224838257,1.2995189428329468,1230055
2016-11-22,0.8533901572227478,1.324038028717041,1.3730759620666504,1.2995189428329468,1.2995189428329468,3100831
2016-11-23,0.8691936731338501,1.3485569953918457,1.3975950479507446,1.324038028717041,1.324038028717041,1878525
2016-11-24,0.9008002281188965,1.3975950479507446,1.44663405418396,1.324038028717041,1.324038028717041,8004330
2016-11-25,0.8849970102310181,1.3730759620666504,1.44663405418396,1.3485569953918457,1.3975950479507446,4608220
2016-11-28,0.8849970102310181,1.3730759620666504,1.3730759620666504,1.3485569953918457,1.3730759620666504,1417662
2016-11-29,0.8849970102310181,1.3730759620666504,1.3975950479507446,1.324038028717041,1.324038028717041,829145
2016-11-30,0.8691936731338501,1.3485569953918457,1.3730759620666504,1.2995189428329468,1.3485569953918457,2678306
2016-12-01,0.8533901572227478,1.324038028717041,1.3485569953918457,1.2995189428329468,1.324038028717041,870745
2016-12-02,0.8533901572227478,1.324038028717041,1.324038028717041,1.2995189428329468,1.324038028717041,535905
2016-12-05,0.8533901572227478,1.324038028717041,1.324038028717041,1.2995189428329468,1.324038028717041,134996
2016-12-06,0.8691936731338501,1.3485569953918457,1.3485569953918457,1.2995189428329468,1.324038028717041,1187639
2016-12-07,0.8849970102310181,1.3730759620666504,1.4221149682998657,1.324038028717041,1.3485569953918457,5692267
2016-12-08,0.8849970102310181,1.3730759620666504,1.3730759620666504,1.3485569953918457,1.3730759620666504,1582023
2016-12-09,0.8691936731338501,1.3485569953918457,1.3975950479507446,1.324038028717041,1.3730759620666504,2223153
2016-12-12,0.8691936731338501,1.3485569953918457,1.3975950479507446,1.2995189428329468,1.3485569953918457,3366337
2016-12-13,0.8691936731338501,1.3485569953918457,1.3485569953918457,1.324038028717041,1.3485569953918457,460862
2016-12-14,0.8533901572227478,1.324038028717041,1.3485569953918457,1.2995189428329468,1.3485569953918457,3460549
2016-12-15,0.8059795498847961,1.250480055809021,1.324038028717041,1.2259609699249268,1.324038028717041,3364706
2016-12-16,0.8217828869819641,1.2749990224838257,1.2749990224838257,1.2210570573806763,1.250480055809021,3687819
2016-12-19,0.8059795498847961,1.250480055809021,1.2749990224838257,1.2259609699249268,1.2749990224838257,568125
2016-12-20,0.7838543653488159,1.2161530256271362,1.250480055809021,1.2112489938735962,1.250480055809021,2005365
2016-12-21,0.7870152592658997,1.2210570573806763,1.2259609699249268,1.1916340589523315,1.2161530256271362,687215
2016-12-22,0.7806934118270874,1.2112489938735962,1.2259609699249268,1.2063449621200562,1.2259609699249268,606870
2016-12-23,0.7743727564811707,1.201442003250122,1.2161530256271362,1.1916340589523315,1.201442003250122,521631
2016-12-28,0.7743727564811707,1.201442003250122,1.2210570573806763,1.1916340589523315,1.2112489938735962,529380
2016-12-29,0.7838543653488159,1.2161530256271362,1.2259609699249268,1.1916340589523315,1.196537971496582,516997
2016-12-30,0.8059795498847961,1.250480055809021,1.250480055809021,1.2063449621200562,1.2161530256271362,892582
2017-01-03,0.8059795498847961,1.250480055809021,1.250480055809021,1.2063449621200562,1.2259609699249268,683137
2017-01-04,0.8059795498847961,1.250480055809021,1.250480055809021,1.2063449621200562,1.250480055809021,804266
2017-01-05,0.8059795498847961,1.250480055809021,1.250480055809021,1.2259609699249268,1.250480055809021,451074
2017-01-06,0.7901759743690491,1.2259609699249268,1.250480055809021,1.2210570573806763,1.250480055809021,490138
2017-01-09,0.7901759743690491,1.2259609699249268,1.250480055809021,1.2161530256271362,1.2259609699249268,643984
2017-01-10,0.8059795498847961,1.250480055809021,1.250480055809021,1.2210570573806763,1.2210570573806763,1051377
2017-01-11,0.8375868797302246,1.2995189428329468,1.2995189428329468,1.250480055809021,1.250480055809021,2788831
2017-01-12,0.8059795498847961,1.250480055809021,1.2995189428329468,1.250480055809021,1.2995189428329468,459639
2017-01-13,0.8217828869819641,1.2749990224838257,1.2749990224838257,1.2259609699249268,1.250480055809021,716580
2017-01-16,0.8059795498847961,1.250480055809021,1.2749990224838257,1.250480055809021,1.2749990224838257,527341
2017-01-17,0.8059795498847961,1.250480055809021,1.2749990224838257,1.2259609699249268,1.250480055809021,511435
2017-01-18,0.8217828869819641,1.2749990224838257,1.2995189428329468,1.250480055809021,1.250480055809021,1056721
2017-01-19,0.8059795498847961,1.250480055809021,1.2749990224838257,1.2259609699249268,1.250480055809021,786321
2017-01-20,0.7901759743690491,1.2259609699249268,1.250480055809021,1.2259609699249268,1.2259609699249268,776533
2017-01-23,0.8059795498847961,1.250480055809021,1.2749990224838257,1.2259609699249268,1.2259609699249268,890729
2017-01-24,0.8691936731338501,1.3485569953918457,1.3485569953918457,1.2259609699249268,1.250480055809021,3635922
2017-01-25,0.8533901572227478,1.324038028717041,1.3485569953918457,1.2995189428329468,1.3485569953918457,1605678
2017-01-26,0.8533901572227478,1.324038028717041,1.3485569953918457,1.2749990224838257,1.324038028717041,1057537
2017-01-27,0.8375868797302246,1.2995189428329468,1.324038028717041,1.2995189428329468,1.324038028717041,118274
2017-02-01,0.8533901572227478,1.324038028717041,1.324038028717041,1.2749990224838257,1.324038028717041,650509
2017-02-02,0.8533901572227478,1.324038028717041,1.3485569953918457,1.2995189428329468,1.324038028717041,714541
2017-02-03,0.8375868797302246,1.2995189428329468,1.324038028717041,1.2749990224838257,1.324038028717041,1046117
2017-02-06,0.8059795498847961,1.250480055809021,1.2995189428329468,1.2259609699249268,1.2749990224838257,2761098
2017-02-07,0.8059795498847961,1.250480055809021,1.250480055809021,1.2259609699249268,1.250480055809021,1280627
2017-02-08,0.8375868797302246,1.2995189428329468,1.2995189428329468,1.2259609699249268,1.2259609699249268,1360972
2017-02-09,0.8217828869819641,1.2749990224838257,1.2995189428329468,1.250480055809021,1.2749990224838257,827106
2017-02-10,0.8533901572227478,1.324038028717041,1.324038028717041,1.2749990224838257,1.2749990224838257,1780643
2017-02-13,0.8691936731338501,1.3485569953918457,1.3485569953918457,1.2995189428329468,1.324038028717041,1665223
2017-02-14,0.8691936731338501,1.3485569953918457,1.3485569953918457,1.2995189428329468,1.324038028717041,1226384
2017-02-15,0.8691936731338501,1.3485569953918457,1.3730759620666504,1.324038028717041,1.3730759620666504,3845145
2017-02-16,0.8533901572227478,1.324038028717041,1.3485569953918457,1.2995189428329468,1.3485569953918457,1138290
2017-02-17,0.8217828869819641,1.2749990224838257,1.324038028717041,1.2749990224838257,1.324038028717041,565798
2017-02-20,0.8375868797302246,1.2995189428329468,1.2995189428329468,1.2749990224838257,1.2749990224838257,707200
2017-02-21,0.8533901572227478,1.324038028717041,1.3730759620666504,1.2749990224838257,1.2995189428329468,4004612
2017-02-22,0.9166045188903809,1.4221149682998657,1.44663405418396,1.2995189428329468,1.324038028717041,10880033
2017-02-23,0.9008002281188965,1.3975950479507446,1.4221149682998657,1.3485569953918457,1.4221149682998657,9176064
2017-02-24,0.8691936731338501,1.3485569953918457,1.3975950479507446,1.324038028717041,1.3975950479507446,1687410
2017-02-27,0.8691936731338501,1.3485569953918457,1.3730759620666504,1.2995189428329468,1.324038028717041,2628957
2017-02-28,0.8691936731338501,1.3485569953918457,1.3485569953918457,1.2995189428329468,1.3485569953918457,1400533
2017-03-01,0.8533901572227478,1.324038028717041,1.3485569953918457,1.2995189428329468,1.3485569953918457,435168
2017-03-02,0.8533901572227478,1.324038028717041,1.3730759620666504,1.2995189428329468,1.3485569953918457,2543310
2017-03-03,0.8533901572227478,1.324038028717041,1.324038028717041,1.2749990224838257,1.324038028717041,568125
2017-03-06,0.8533901572227478,1.324038028717041,1.324038028717041,1.2995189428329468,1.324038028717041,537945
2017-03-07,0.8533901572227478,1.324038028717041,1.3485569953918457,1.2995189428329468,1.324038028717041,864219
2017-03-08,0.8533901572227478,1.324038028717041,1.3485569953918457,1.2995189428329468,1.324038028717041,464941
2017-03-09,0.8217828869819641,1.2749990224838257,1.324038028717041,1.2749990224838257,1.2995189428329468,1360564
2017-03-10,0.8217828869819641,1.2749990224838257,1.2995189428329468,1.2749990224838257,1.2749990224838257,1109333
2017-03-13,0.8375868797302246,1.2995189428329468,1.324038028717041,1.2749990224838257,1.2749990224838257,1058760
2017-03-14,0.8533901572227478,1.324038028717041,1.3485569953918457,1.2995189428329468,1.2995189428329468,936000
2017-03-15,0.8533901572227478,1.324038028717041,1.324038028717041,1.2995189428329468,1.2995189428329468,497568
2017-03-16,0.8691936731338501,1.3485569953918457,1.3485569953918457,1.2749990224838257,1.324038028717041,2297076
2017-03-17,0.8533901572227478,1.324038028717041,1.3485569953918457,1.2995189428329468,1.3485569953918457,1249631
2017-03-20,0.8375868797302246,1.2995189428329468,1.3485569953918457,1.2259609699249268,1.3485569953918457,5219577
2017-03-21,0.8375868797302246,1.2995189428329468,1.2995189428329468,1.2749990224838257,1.2995189428329468,1189270
2017-03-22,0.8217828869819641,1.2749990224838257,1.2995189428329468,1.250480055809021,1.2995189428329468,1639121
2017-03-23,0.8217828869819641,1.2749990224838257,1.2995189428329468,1.250480055809021,1.2749990224838257,810792
2017-03-24,0.8217828869819641,1.2749990224838257,1.2749990224838257,1.250480055809021,1.2749990224838257,1510651
2017-03-27,0.7901759743690491,1.2259609699249268,1.2749990224838257,1.2259609699249268,1.250480055809021,1595074
2017-03-28,0.8059795498847961,1.250480055809021,1.2749990224838257,1.2259609699249268,1.2259609699249268,382149
2017-03-29,0.8217828869819641,1.2749990224838257,1.2749990224838257,1.250480055809021,1.250480055809021,355231
2017-03-30,0.8059795498847961,1.250480055809021,1.2749990224838257,1.2259609699249268,1.2749990224838257,403356
2017-03-31,0.8059795498847961,1.250480055809021,1.250480055809021,1.2259609699249268,1.250480055809021,596674
2017-04-03,0.8217828869819641,1.2749990224838257,1.2749990224838257,1.2259609699249268,1.250480055809021,1056721
2017-04-05,0.8375868797302246,1.2995189428329468,1.2995189428329468,1.2749990224838257,1.2749990224838257,1508204
2017-04-06,0.8375868797302246,1.2995189428329468,1.324038028717041,1.2749990224838257,1.2995189428329468,1356486
2017-04-07,0.8217828869819641,1.2749990224838257,1.2995189428329468,1.250480055809021,1.2995189428329468,909490
2017-04-10,0.8217828869819641,1.2749990224838257,1.2749990224838257,1.250480055809021,1.2749990224838257,245929
2017-04-11,0.8217828869819641,1.2749990224838257,1.2995189428329468,1.2259609699249268,1.2749990224838257,2294118
2017-04-12,0.8217828869819641,1.2749990224838257,1.2749990224838257,1.2259609699249268,1.2259609699249268,778164
2017-04-13,0.8059795498847961,1.250480055809021,1.2749990224838257,1.250480055809021,1.250480055809021,386635
2017-04-18,0.8059795498847961,1.250480055809021,1.250480055809021,1.2259609699249268,1.250480055809021,1006964
2017-04-19,0.7870152592658997,1.2210570573806763,1.250480055809021,1.2063449621200562,1.250480055809021,2148925
2017-04-20,0.7870152592658997,1.2210570573806763,1.250480055809021,1.2112489938735962,1.2161530256271362,1079560
2017-04-21,0.7870152592658997,1.2210570573806763,1.2259609699249268,1.2161530256271362,1.2210570573806763,834447
2017-04-24,0.7806934118270874,1.2112489938735962,1.2259609699249268,1.201442003250122,1.2259609699249268,942525
2017-04-25,0.7901759743690491,1.2259609699249268,1.2259609699249268,1.2063449621200562,1.2161530256271362,729223
2017-04-26,0.7901759743690491,1.2259609699249268,1.250480055809021,1.2112489938735962,1.2161530256271362,618290
2017-04-27,0.7838543653488159,1.2161530256271362,1.2210570573806763,1.2063449621200562,1.2112489938735962,171294
2017-04-28,0.7806934118270874,1.2112489938735962,1.2210570573806763,1.196537971496582,1.2112489938735962,369913
2017-05-02,0.8059795498847961,1.250480055809021,1.250480055809021,1.2063449621200562,1.2112489938735962,312815
2017-05-04,0.7806934118270874,1.2112489938735962,1.250480055809021,1.2063449621200562,1.250480055809021,715764
2017-05-05,0.7712118625640869,1.196537971496582,1.2161530256271362,1.1916340589523315,1.201442003250122,876862
2017-05-08,0.7617295384407043,1.1818259954452515,1.196537971496582,1.1720190048217773,1.1867300271987915,438023
2017-05-09,0.758568525314331,1.1769219636917114,1.1867300271987915,1.1720190048217773,1.1818259954452515,559560
2017-05-10,0.7838543653488159,1.2161530256271362,1.2161530256271362,1.1769219636917114,1.1769219636917114,1263498
2017-05-11,0.7775328159332275,1.2063449621200562,1.2161530256271362,1.1818259954452515,1.2161530256271362,257756
2017-05-12,0.7712118625640869,1.196537971496582,1.201442003250122,1.1818259954452515,1.201442003250122,705160
2017-05-15,0.7901759743690491,1.2259609699249268,1.2259609699249268,1.1867300271987915,1.196537971496582,547325
2017-05-16,0.7838543653488159,1.2161530256271362,1.2210570573806763,1.196537971496582,1.2210570573806763,439654
2017-05-17,0.7838543653488159,1.2161530256271362,1.2210570573806763,1.196537971496582,1.201442003250122,227168
2017-05-18,0.7743727564811707,1.201442003250122,1.2112489938735962,1.1867300271987915,1.1867300271987915,194541
2017-05-19,0.768051028251648,1.1916340589523315,1.2161530256271362,1.1769219636917114,1.1916340589523315,1467419
2017-05-22,0.7712118625640869,1.196537971496582,1.2063449621200562,1.1867300271987915,1.1916340589523315,589741
2017-05-23,0.758568525314331,1.1769219636917114,1.196537971496582,1.1769219636917114,1.1916340589523315,708015
2017-05-24,0.7617295384407043,1.1818259954452515,1.1818259954452515,1.1720190048217773,1.1769219636917114,300988
2017-05-25,0.768051028251648,1.1916340589523315,1.1916340589523315,1.1769219636917114,1.1818259954452515,828329
2017-05-26,0.7743727564811707,1.201442003250122,1.201442003250122,1.1818259954452515,1.1916340589523315,207184
2017-05-29,0.7617295384407043,1.1818259954452515,1.201442003250122,1.1818259954452515,1.1916340589523315,197396
2017-05-31,0.7617295384407043,1.1818259954452515,1.2161530256271362,1.1769219636917114,1.201442003250122,559560
2017-06-01,0.7648903131484985,1.1867300271987915,1.2112489938735962,1.1769219636917114,1.201442003250122,271623
2017-06-02,0.768051028251648,1.1916340589523315,1.196537971496582,1.1769219636917114,1.1818259954452515,550996
2017-06-05,0.768051028251648,1.1916340589523315,1.1916340589523315,1.1769219636917114,1.1769219636917114,189647
2017-06-06,0.8059795498847961,1.250480055809021,1.250480055809021,1.1818259954452515,1.1818259954452515,1892800
2017-06-07,0.8059795498847961,1.250480055809021,1.250480055809021,1.2161530256271362,1.250480055809021,622368
2017-06-08,0.7901759743690491,1.2259609699249268,1.250480055809021,1.2210570573806763,1.2259609699249268,763074
2017-06-09,0.8059795498847961,1.250480055809021,1.250480055809021,1.2210570573806763,1.2259609699249268,949866
2017-06-12,0.8059795498847961,1.250480055809021,1.250480055809021,1.2259609699249268,1.250480055809021,521223
2017-06-13,0.8059795498847961,1.250480055809021,1.2749990224838257,1.2259609699249268,1.250480055809021,1278588
2017-06-14,0.8533901572227478,1.324038028717041,1.324038028717041,1.2259609699249268,1.250480055809021,3352878
2017-06-15,0.8217828869819641,1.2749990224838257,1.2995189428329468,1.2749990224838257,1.2995189428329468,529784
2017-06-16,0.8217828869819641,1.2749990224838257,1.2995189428329468,1.250480055809021,1.2749990224838257,446588
2017-06-19,0.8217828869819641,1.2749990224838257,1.2749990224838257,1.250480055809021,1.2749990224838257,471466
2017-06-20,0.8217828869819641,1.2749990224838257,1.2749990224838257,1.2259609699249268,1.2749990224838257,402133
2017-06-21,0.7901759743690491,1.2259609699249268,1.2749990224838257,1.2259609699249268,1.250480055809021,230023
2017-06-22,0.7901759743690491,1.2259609699249268,1.250480055809021,1.2210570573806763,1.2259609699249268,1973553
2017-06-23,0.7775328159332275,1.2063449621200562,1.250480055809021,1.201442003250122,1.2259609699249268,994729
2017-06-26,0.7870152592658997,1.2210570573806763,1.2259609699249268,1.201442003250122,1.201442003250122,176188
2017-06-27,0.7870152592658997,1.2210570573806763,1.2210570573806763,1.1916340589523315,1.2210570573806763,1196204
2017-06-28,0.7870152592658997,1.2210570573806763,1.250480055809021,1.201442003250122,1.2063449621200562,1672564
2017-06-29,0.7838543653488159,1.2161530256271362,1.2210570573806763,1.196537971496582,1.2210570573806763,2005772
2017-06-30,0.7775328159332275,1.2063449621200562,1.2112489938735962,1.1867300271987915,1.1867300271987915,1024502
2017-07-03,0.7901759743690491,1.2259609699249268,1.250480055809021,1.196537971496582,1.196537971496582,1803890
2017-07-04,0.7743727564811707,1.201442003250122,1.2259609699249268,1.1867300271987915,1.2259609699249268,1380549
2017-07-05,0.7838543653488159,1.2161530256271362,1.2210570573806763,1.1867300271987915,1.196537971496582,1280627
2017-07-06,0.7743727564811707,1.201442003250122,1.2161530256271362,1.201442003250122,1.201442003250122,115011
2017-07-07,0.7870152592658997,1.2210570573806763,1.2259609699249268,1.201442003250122,1.201442003250122,346666
2017-07-10,0.7775328159332275,1.2063449621200562,1.2210570573806763,1.2063449621200562,1.2161530256271362,189647
2017-07-11,0.7870152592658997,1.2210570573806763,1.2259609699249268,1.2112489938735962,1.2112489938735962,1730478
2017-07-12,0.7901759743690491,1.2259609699249268,1.250480055809021,1.2161530256271362,1.2161530256271362,2398933
2017-07-13,0.7870152592658997,1.2210570573806763,1.2259609699249268,1.2112489938735962,1.2259609699249268,917239
2017-07-14,0.7901759743690491,1.2259609699249268,1.250480055809021,1.2161530256271362,1.2210570573806763,862180
2017-07-17,0.7838543653488159,1.2161530256271362,1.250480055809021,1.2063449621200562,1.2259609699249268,1223121
2017-07-18,0.7806934118270874,1.2112489938735962,1.250480055809021,1.196537971496582,1.2161530256271362,2294933
2017-07-19,0.7870152592658997,1.2210570573806763,1.250480055809021,1.196537971496582,1.2112489938735962,1844266
2017-07-20,0.7806934118270874,1.2112489938735962,1.2259609699249268,1.2063449621200562,1.2112489938735962,748800
2017-07-21,0.7743727564811707,1.201442003250122,1.2161530256271362,1.1916340589523315,1.2063449621200562,1591404
2017-07-24,0.8375868797302246,1.2995189428329468,1.3485569953918457,1.2259609699249268,1.2259609699249268,14030621
2017-07-25,0.8217828869819641,1.2749990224838257,1.324038028717041,1.250480055809021,1.2995189428329468,2845114
2017-07-26,0.8217828869819641,1.2749990224838257,1.2995189428329468,1.250480055809021,1.2749990224838257,2145663
2017-07-27,0.8217828869819641,1.2749990224838257,1.2995189428329468,1.250480055809021,1.2749990224838257,1397270
2017-07-28,0.8217828869819641,1.2749990224838257,1.2995189428329468,1.250480055809021,1.2749990224838257,1181521
2017-07-31,0.8691936731338501,1.3485569953918457,1.4221149682998657,1.250480055809021,1.250480055809021,9868174
2017-08-01,0.8691936731338501,1.3485569953918457,1.3730759620666504,1.324038028717041,1.3485569953918457,2580423
2017-08-02,0.9008002281188965,1.3975950479507446,1.3975950479507446,1.324038028717041,1.3485569953918457,3714635
2017-08-03,0.8849970102310181,1.3730759620666504,1.4221149682998657,1.324038028717041,1.3975950479507446,4355357
2017-08-04,0.8691936731338501,1.3485569953918457,1.3975950479507446,1.324038028717041,1.3485569953918457,4843953
2017-08-07,0.9166045188903809,1.4221149682998657,1.44663405418396,1.3485569953918457,1.3485569953918457,7759834
2017-08-08,0.9640147686004639,1.4956719875335693,1.5692299604415894,1.4221149682998657,1.4221149682998657,30182843
2017-08-09,0.9482112526893616,1.4711530208587646,1.52019202709198,1.4221149682998657,1.52019202709198,6136408
2017-08-10,0.9166045188903809,1.4221149682998657,1.44663405418396,1.3730759620666504,1.44663405418396,7392565
2017-08-11,0.8533901572227478,1.324038028717041,1.3730759620666504,1.2995189428329468,1.3730759620666504,6165773
2017-08-14,0.8849970102310181,1.3730759620666504,1.3730759620666504,1.324038028717041,1.3485569953918457,1733741
2017-08-15,0.8849970102310181,1.3730759620666504,1.3975950479507446,1.3485569953918457,1.3730759620666504,2416063
2017-08-16,0.8849970102310181,1.3730759620666504,1.3975950479507446,1.3485569953918457,1.3730759620666504,1148078
2017-08-17,0.9008002281188965,1.3975950479507446,1.3975950479507446,1.3730759620666504,1.3975950479507446,789176
2017-08-18,0.8691936731338501,1.3485569953918457,1.3730759620666504,1.324038028717041,1.3730759620666504,1593035
2017-08-21,0.8849970102310181,1.3730759620666504,1.3975950479507446,1.3485569953918457,1.3485569953918457,1203545
2017-08-22,0.9008002281188965,1.3975950479507446,1.44663405418396,1.3485569953918457,1.3730759620666504,2730918
2017-08-23,0.9008002281188965,1.3975950479507446,1.3975950479507446,1.3975950479507446,1.3975950479507446,0
2017-08-24,0.9008002281188965,1.3975950479507446,1.4221149682998657,1.3730759620666504,1.3975950479507446,980455
2017-08-25,0.9482112526893616,1.4711530208587646,1.4956719875335693,1.3485569953918457,1.3730759620666504,15465006
2017-08-28,0.9166045188903809,1.4221149682998657,1.4711530208587646,1.3975950479507446,1.44663405418396,2032282
2017-08-29,0.9166045188903809,1.4221149682998657,1.4711530208587646,1.3975950479507446,1.4221149682998657,3666102
2017-08-30,0.9166045188903809,1.4221149682998657,1.44663405418396,1.3730759620666504,1.4221149682998657,2998911
2017-08-31,0.9166045188903809,1.4221149682998657,1.4221149682998657,1.3730759620666504,1.3975950479507446,2427482
2017-09-01,0.932407796382904,1.44663405418396,1.4711530208587646,1.3975950479507446,1.4221149682998657,4754228
2017-09-04,0.932407796382904,1.44663405418396,1.4956719875335693,1.4221149682998657,1.44663405418396,3132235
2017-09-05,0.932407796382904,1.44663405418396,1.4711530208587646,1.3975950479507446,1.44663405418396,3154667
2017-09-06,0.9166045188903809,1.4221149682998657,1.44663405418396,1.3975950479507446,1.4221149682998657,2788831
2017-09-07,0.9008002281188965,1.3975950479507446,1.44663405418396,1.3730759620666504,1.4221149682998657,3330039
2017-09-08,0.9166045188903809,1.4221149682998657,1.44663405418396,1.3975950479507446,1.3975950479507446,1807561
2017-09-11,0.7554084658622742,1.1720190048217773,1.3730759620666504,1.1622109413146973,1.3730759620666504,27250043
2017-09-12,0.745926022529602,1.1573070287704468,1.1769219636917114,1.1474989652633667,1.1720190048217773,8684205
2017-09-13,0.758568525314331,1.1769219636917114,1.1916340589523315,1.1524029970169067,1.1524029970169067,3763984
2017-09-14,0.749086856842041,1.1622109413146973,1.1818259954452515,1.1573070287704468,1.1720190048217773,1863027
2017-09-15,0.745926022529602,1.1573070287704468,1.1720190048217773,1.1524029970169067,1.1671149730682373,1647278
2017-09-18,0.7427653670310974,1.1524029970169067,1.1622109413146973,1.1425950527191162,1.1524029970169067,2427890
2017-09-19,0.7301226258277893,1.1327879428863525,1.1524029970169067,1.1327879428863525,1.1425950527191162,1722321
2017-09-20,0.7364437580108643,1.1425950527191162,1.1622109413146973,1.1376919746398926,1.1376919746398926,2526180
2017-09-21,0.7617295384407043,1.1818259954452515,1.2161530256271362,1.1376919746398926,1.1425950527191162,14678684
2017-09-22,0.7554084658622742,1.1720190048217773,1.1867300271987915,1.1622109413146973,1.1867300271987915,1929914
2017-09-25,0.7427653670310974,1.1524029970169067,1.1720190048217773,1.1474989652633667,1.1720190048217773,2519247
2017-09-26,0.7427653670310974,1.1524029970169067,1.1573070287704468,1.1376919746398926,1.1474989652633667,1435608
2017-09-27,0.7427653670310974,1.1524029970169067,1.1524029970169067,1.1376919746398926,1.1376919746398926,1101584
2017-09-28,0.7301226258277893,1.1327879428863525,1.1524029970169067,1.122979998588562,1.1524029970169067,3137129
2017-09-29,0.7269619107246399,1.127884030342102,1.1327879428863525,1.118075966835022,1.1327879428863525,2071027
2017-10-03,0.7332833409309387,1.1376919746398926,1.1474989652633667,1.122979998588562,1.1474989652633667,2357741
2017-10-04,0.7269619107246399,1.127884030342102,1.1425950527191162,1.122979998588562,1.127884030342102,1661145
2017-10-06,0.7332833409309387,1.1376919746398926,1.1524029970169067,1.127884030342102,1.1327879428863525,2004141
2017-10-09,0.7269619107246399,1.127884030342102,1.1327879428863525,1.127884030342102,1.1327879428863525,1086086
2017-10-10,0.7364437580108643,1.1425950527191162,1.1425950527191162,1.127884030342102,1.127884030342102,2321463
2017-10-11,0.7332833409309387,1.1376919746398926,1.1573070287704468,1.1327879428863525,1.1327879428863525,2406274
2017-10-12,0.7364437580108643,1.1425950527191162,1.1474989652633667,1.1327879428863525,1.1376919746398926,1932768
2017-10-13,0.7396044135093689,1.1474989652633667,1.1524029970169067,1.1327879428863525,1.1425950527191162,3451984
2017-10-16,0.7573297023773193,1.1749999523162842,1.184999942779541,1.149999976158142,1.1649999618530273,3125600
2017-10-17,0.7444390654563904,1.1549999713897705,1.1749999523162842,1.1549999713897705,1.1649999618530273,657600
2017-10-18,0.7444390654563904,1.1549999713897705,1.1699999570846558,1.1399999856948853,1.159999966621399,4392200
2017-10-19,0.7379937171936035,1.1449999809265137,1.159999966621399,1.1399999856948853,1.1449999809265137,2521600
2017-10-20,0.7444390654563904,1.1549999713897705,1.1649999618530273,1.1449999809265137,1.1449999809265137,1089200
2017-10-23,0.7573297023773193,1.1749999523162842,1.1749999523162842,1.149999976158142,1.1549999713897705,3286000
2017-10-24,0.7541071176528931,1.1699999570846558,1.215000033378601,1.159999966621399,1.1749999523162842,3634400
2017-10-25,0.7508842945098877,1.1649999618530273,1.1799999475479126,1.159999966621399,1.1749999523162842,1916800
2017-10-26,0.7379937171936035,1.1449999809265137,1.1649999618530273,1.1449999809265137,1.1649999618530273,4385200
2017-10-27,0.7379937171936035,1.1449999809265137,1.1549999713897705,1.1399999856948853,1.1449999809265137,2905600
2017-10-30,0.7379937171936035,1.1449999809265137,1.149999976158142,1.1399999856948853,1.149999976158142,2794400
2017-10-31,0.7379937171936035,1.1449999809265137,1.1449999809265137,1.1349999904632568,1.1449999809265137,4260400
2017-11-01,0.7379937171936035,1.1449999809265137,1.1449999809265137,1.1399999856948853,1.1449999809265137,2019200
2017-11-02,0.7283257842063904,1.1299999952316284,1.1449999809265137,1.1299999952316284,1.1399999856948853,5466000
2017-11-03,0.7347711324691772,1.1399999856948853,1.1549999713897705,1.1299999952316284,1.1349999904632568,8128800
2017-11-06,0.7412164211273193,1.149999976158142,1.1549999713897705,1.1349999904632568,1.1349999904632568,6478800
2017-11-07,0.7508842945098877,1.1649999618530273,1.2300000190734863,1.149999976158142,1.149999976158142,15079200
2017-11-08,0.7541071176528931,1.1699999570846558,1.190000057220459,1.1649999618530273,1.1649999618530273,2912800
2017-11-09,0.7508842945098877,1.1649999618530273,1.184999942779541,1.1649999618530273,1.1699999570846558,1622400
2017-11-10,0.7476616501808167,1.159999966621399,1.1699999570846558,1.1549999713897705,1.1649999618530273,1259200
2017-11-13,0.7412164211273193,1.149999976158142,1.159999966621399,1.1399999856948853,1.1549999713897705,2079600
2017-11-14,0.7508842945098877,1.1649999618530273,1.1699999570846558,1.1399999856948853,1.149999976158142,2268400
2017-11-15,0.7476616501808167,1.159999966621399,1.1749999523162842,1.1399999856948853,1.1699999570846558,5568000
2017-11-16,0.7379937171936035,1.1449999809265137,1.159999966621399,1.1449999809265137,1.149999976158142,1712400
2017-11-17,0.7444390654563904,1.1549999713897705,1.1649999618530273,1.1449999809265137,1.149999976158142,2291276
2017-11-20,0.7379937171936035,1.1449999809265137,1.1649999618530273,1.1349999904632568,1.149999976158142,2664000
2017-11-21,0.7444390654563904,1.1549999713897705,1.159999966621399,1.1399999856948853,1.1549999713897705,2988400
2017-11-22,0.7412164211273193,1.149999976158142,1.1549999713897705,1.1449999809265137,1.1449999809265137,2479200
2017-11-23,0.7379937171936035,1.1449999809265137,1.1549999713897705,1.1399999856948853,1.149999976158142,1904800
2017-11-24,0.7379937171936035,1.1449999809265137,1.1549999713897705,1.1449999809265137,1.149999976158142,1026400
2017-11-27,0.7379937171936035,1.1449999809265137,1.149999976158142,1.1349999904632568,1.1449999809265137,1137167
2017-11-28,0.7379937171936035,1.1449999809265137,1.149999976158142,1.1399999856948853,1.1449999809265137,1446800
2017-11-29,0.7605525255203247,1.1799999475479126,1.190000057220459,1.149999976158142,1.149999976158142,7592400
2017-11-30,0.7347711324691772,1.1399999856948853,1.184999942779541,1.1299999952316284,1.1799999475479126,5781600
2017-12-01,0.7412164211273193,1.149999976158142,1.1549999713897705,1.1399999856948853,1.1399999856948853,1218542
2017-12-04,0.7347711324691772,1.1399999856948853,1.149999976158142,1.1399999856948853,1.1399999856948853,506800
2017-12-05,0.7347711324691772,1.1399999856948853,1.149999976158142,1.1349999904632568,1.1399999856948853,693200
2017-12-06,0.7025443911552429,1.090000033378601,1.1399999856948853,1.0850000381469727,1.1399999856948853,5554400
2017-12-07,0.6832082271575928,1.059999942779541,1.1050000190734863,1.059999942779541,1.100000023841858,2313600
2017-12-08,0.6896535158157349,1.0700000524520874,1.0800000429153442,1.059999942779541,1.059999942779541,962400
2017-12-11,0.6928762793540955,1.0750000476837158,1.0850000381469727,1.059999942779541,1.065000057220459,672802
2017-12-12,0.6896535158157349,1.0700000524520874,1.0800000429153442,1.065000057220459,1.0800000429153442,606000
2017-12-13,0.6896535158157349,1.0700000524520874,1.0700000524520874,1.0499999523162842,1.065000057220459,1055200
2017-12-14,0.6896535158157349,1.0700000524520874,1.0800000429153442,1.065000057220459,1.0750000476837158,659600
2017-12-15,0.6864308714866638,1.065000057220459,1.0800000429153442,1.0549999475479126,1.0800000429153442,1101600
2017-12-18,0.6864308714866638,1.065000057220459,1.0750000476837158,1.0549999475479126,1.0700000524520874,884000
2017-12-19,0.6832082271575928,1.059999942779541,1.0700000524520874,1.0499999523162842,1.0700000524520874,1136000
2017-12-20,0.6832082271575928,1.059999942779541,1.059999942779541,1.0499999523162842,1.059999942779541,342000
2017-12-21,0.6799854636192322,1.0549999475479126,1.065000057220459,1.0399999618530273,1.0499999523162842,1482800
2017-12-22,0.6896535158157349,1.0700000524520874,1.0700000524520874,1.0499999523162842,1.059999942779541,1062000
2017-12-27,0.7251030206680298,1.125,1.1299999952316284,1.0700000524520874,1.0700000524520874,2345200
2017-12-28,0.7251030206680298,1.125,1.1349999904632568,1.1100000143051147,1.125,1057200
2017-12-29,0.7283257842063904,1.1299999952316284,1.1349999904632568,1.1150000095367432,1.1150000095367432,1975200
2018-01-02,0.721880316734314,1.1200000047683716,1.1299999952316284,1.1150000095367432,1.125,1351600
2018-01-03,0.7251030206680298,1.125,1.1299999952316284,1.1150000095367432,1.125,960000
2018-01-04,0.7347711324691772,1.1399999856948853,1.1449999809265137,1.1200000047683716,1.1299999952316284,1887200
2018-01-05,0.7541071176528931,1.1699999570846558,1.1699999570846558,1.1299999952316284,1.1299999952316284,3528800
2018-01-08,0.7766658663749695,1.2050000429153442,1.2350000143051147,1.159999966621399,1.1699999570846558,12930800
2018-01-09,0.7702206969261169,1.1950000524520874,1.2200000286102295,1.184999942779541,1.2050000429153442,3885600
2018-01-10,0.7605525255203247,1.1799999475479126,1.2100000381469727,1.1799999475479126,1.2100000381469727,1386800
2018-01-11,0.7508842945098877,1.1649999618530273,1.190000057220459,1.149999976158142,1.1799999475479126,3146000
2018-01-12,0.7573297023773193,1.1749999523162842,1.1799999475479126,1.159999966621399,1.1749999523162842,1528800
2018-01-15,0.7379937171936035,1.1449999809265137,1.1749999523162842,1.1399999856948853,1.1699999570846558,2330400
2018-01-16,0.7444390654563904,1.1549999713897705,1.1649999618530273,1.1449999809265137,1.1449999809265137,2686800
2018-01-17,0.7444390654563904,1.1549999713897705,1.1549999713897705,1.1399999856948853,1.1549999713897705,1472000
2018-01-18,0.7379937171936035,1.1449999809265137,1.1549999713897705,1.1399999856948853,1.1549999713897705,1091600
2018-01-19,0.7379937171936035,1.1449999809265137,1.1549999713897705,1.1399999856948853,1.1399999856948853,1378800
2018-01-22,0.7412164211273193,1.149999976158142,1.1549999713897705,1.1349999904632568,1.149999976158142,1596800
2018-01-23,0.721880316734314,1.1200000047683716,1.1549999713897705,1.1100000143051147,1.1549999713897705,4534400
2018-01-24,0.7315483689308167,1.1349999904632568,1.1349999904632568,1.1100000143051147,1.1299999952316284,2742400
2018-01-25,0.7251030206680298,1.125,1.1399999856948853,1.1200000047683716,1.1399999856948853,1682800
2018-01-26,0.7283257842063904,1.1299999952316284,1.1299999952316284,1.1150000095367432,1.125,1464000
2018-01-29,0.7347711324691772,1.1399999856948853,1.149999976158142,1.1299999952316284,1.125,1943200
2018-01-30,0.7315483689308167,1.1349999904632568,1.1399999856948853,1.125,1.1399999856948853,1728400
2018-01-31,0.7283257842063904,1.1299999952316284,1.1349999904632568,1.1200000047683716,1.125,1978800
2018-02-01,0.8056701421737671,1.25,1.274999976158142,1.1349999904632568,1.1349999904632568,34328000
2018-02-02,0.7798885703086853,1.2100000381469727,1.25,1.184999942779541,1.25,13626000
2018-02-05,0.7573297023773193,1.1749999523162842,1.190000057220459,1.1449999809265137,1.159999966621399,4236000
2018-02-06,0.7122122645378113,1.1050000190734863,1.149999976158142,1.100000023841858,1.149999976158142,8878000
2018-02-07,0.7154349684715271,1.1100000143051147,1.149999976158142,1.1050000190734863,1.125,2902400
2018-02-08,0.721880316734314,1.1200000047683716,1.125,1.100000023841858,1.1150000095367432,2038400
2018-02-09,0.6993216276168823,1.0850000381469727,1.100000023841858,1.065000057220459,1.0850000381469727,2691200
2018-02-12,0.6993216276168823,1.0850000381469727,1.0950000286102295,1.0800000429153442,1.0800000429153442,679200
2018-02-13,0.7057669162750244,1.0950000286102295,1.1150000095367432,1.0750000476837158,1.0850000381469727,4744367
2018-02-14,0.7154349684715271,1.1100000143051147,1.1150000095367432,1.0850000381469727,1.1150000095367432,864000
2018-02-15,0.7186577916145325,1.1150000095367432,1.1200000047683716,1.100000023841858,1.1200000047683716,1148000
2018-02-20,0.7347711324691772,1.1399999856948853,1.1399999856948853,1.100000023841858,1.125,1353600
2018-02-21,0.7347711324691772,1.1399999856948853,1.1449999809265137,1.125,1.125,1248800
2018-02-22,0.7347711324691772,1.1399999856948853,1.1399999856948853,1.125,1.125,226400
2018-02-23,0.7734434604644775,1.2000000476837158,1.2100000381469727,1.1449999809265137,1.1449999809265137,5482800
2018-02-26,0.7831113338470459,1.215000033378601,1.2300000190734863,1.1749999523162842,1.1950000524520874,5703200
2018-02-27,0.789556622505188,1.225000023841858,1.25,1.1799999475479126,1.2000000476837158,7119600
2018-02-28,0.7766658663749695,1.2050000429153442,1.2200000286102295,1.1749999523162842,1.2000000476837158,3850000
2018-03-01,0.7766658663749695,1.2050000429153442,1.2200000286102295,1.1799999475479126,1.2050000429153442,4685200
2018-03-02,0.7605525255203247,1.1799999475479126,1.2000000476837158,1.1699999570846558,1.184999942779541,2730000
2018-03-05,0.7251030206680298,1.125,1.184999942779541,1.1200000047683716,1.184999942779541,2567200
2018-03-06,0.7412164211273193,1.149999976158142,1.159999966621399,1.1349999904632568,1.149999976158142,1093200
2018-03-07,0.721880316734314,1.1200000047683716,1.149999976158142,1.1200000047683716,1.149999976158142,1487200
2018-03-08,0.7283257842063904,1.1299999952316284,1.1349999904632568,1.1200000047683716,1.1349999904632568,426800
2018-03-09,0.7573297023773193,1.1749999523162842,1.1749999523162842,1.1349999904632568,1.1399999856948853,3294000
2018-03-12,0.7798885703086853,1.2100000381469727,1.2200000286102295,1.1749999523162842,1.184999942779541,4938000
2018-03-13,0.7702206969261169,1.1950000524520874,1.215000033378601,1.149999976158142,1.215000033378601,3838400
2018-03-14,0.7669979333877563,1.190000057220459,1.190000057220459,1.159999966621399,1.1699999570846558,2077600
2018-03-15,0.7605525255203247,1.1799999475479126,1.2000000476837158,1.1699999570846558,1.184999942779541,781200
2018-03-16,0.7476616501808167,1.159999966621399,1.1799999475479126,1.1549999713897705,1.1799999475479126,1561600
2018-03-19,0.7669979333877563,1.190000057220459,1.190000057220459,1.1699999570846558,1.1749999523162842,3982400
2018-03-20,0.7476616501808167,1.159999966621399,1.1799999475479126,1.149999976158142,1.1799999475479126,2175600
2018-03-21,0.7283257842063904,1.1299999952316284,1.1749999523162842,1.125,1.1749999523162842,3140000
2018-03-22,0.7154349684715271,1.1100000143051147,1.1449999809265137,1.1050000190734863,1.1299999952316284,3383200
2018-03-23,0.6993216276168823,1.0850000381469727,1.100000023841858,1.0499999523162842,1.100000023841858,2929200
2018-03-26,0.7025443911552429,1.090000033378601,1.100000023841858,1.0800000429153442,1.0850000381469727,612000
2018-03-27,0.7025443911552429,1.090000033378601,1.1050000190734863,1.0800000429153442,1.100000023841858,2421200
2018-03-28,0.7025443911552429,1.090000033378601,1.100000023841858,1.0800000429153442,1.090000033378601,1490000
2018-03-29,0.7025443911552429,1.090000033378601,1.1050000190734863,1.0850000381469727,1.090000033378601,964800
2018-04-03,0.7122122645378113,1.1050000190734863,1.1100000143051147,1.0800000429153442,1.090000033378601,858000
2018-04-04,0.6993216276168823,1.0850000381469727,1.1100000143051147,1.0800000429153442,1.1100000143051147,576400
2018-04-06,0.6993216276168823,1.0850000381469727,1.1100000143051147,1.065000057220459,1.0850000381469727,1150800
2018-04-09,0.6993216276168823,1.0850000381469727,1.100000023841858,1.065000057220459,1.065000057220459,470800
2018-04-10,0.6960989236831665,1.0800000429153442,1.090000033378601,1.0750000476837158,1.0800000429153442,788000
2018-04-11,0.7122122645378113,1.1050000190734863,1.1150000095367432,1.0850000381469727,1.0850000381469727,1972000
2018-04-12,0.7057669162750244,1.0950000286102295,1.1100000143051147,1.0800000429153442,1.1100000143051147,1006800
2018-04-13,0.7089896202087402,1.100000023841858,1.1050000190734863,1.0750000476837158,1.1050000190734863,832400
2018-04-16,0.7057669162750244,1.0950000286102295,1.1050000190734863,1.0750000476837158,1.1050000190734863,486800
2018-04-17,0.6960989236831665,1.0800000429153442,1.1100000143051147,1.0750000476837158,1.0950000286102295,1024000
2018-04-18,0.6960989236831665,1.0800000429153442,1.0950000286102295,1.0750000476837158,1.0850000381469727,1191600
2018-04-19,0.7025443911552429,1.090000033378601,1.090000033378601,1.0750000476837158,1.0750000476837158,1967200
2018-04-20,0.6928762793540955,1.0750000476837158,1.090000033378601,1.0750000476837158,1.090000033378601,593600
2018-04-23,0.7186577916145325,1.1150000095367432,1.1349999904632568,1.0700000524520874,1.0700000524520874,3356000
2018-04-24,0.7154349684715271,1.1100000143051147,1.1150000095367432,1.0950000286102295,1.100000023841858,1074400
2018-04-25,0.7057669162750244,1.0950000286102295,1.100000023841858,1.0850000381469727,1.090000033378601,458400
2018-04-26,0.6928762793540955,1.0750000476837158,1.0800000429153442,1.0700000524520874,1.0750000476837158,1546000
2018-04-27,0.6960989236831665,1.0800000429153442,1.0850000381469727,1.065000057220459,1.0700000524520874,941200
2018-04-30,0.6993216276168823,1.0850000381469727,1.090000033378601,1.0800000429153442,1.0800000429153442,163200
2018-05-02,0.6960989236831665,1.0800000429153442,1.090000033378601,1.0700000524520874,1.0850000381469727,416400
2018-05-03,0.6960989236831665,1.0800000429153442,1.0800000429153442,1.065000057220459,1.065000057220459,310000
2018-05-04,0.6928762793540955,1.0750000476837158,1.0800000429153442,1.065000057220459,1.0800000429153442,670800
2018-05-07,0.6993216276168823,1.0850000381469727,1.0950000286102295,1.0750000476837158,1.0800000429153442,927600
2018-05-08,0.6960989236831665,1.0800000429153442,1.090000033378601,1.0700000524520874,1.0750000476837158,379600
2018-05-09,0.6960989236831665,1.0800000429153442,1.090000033378601,1.0750000476837158,1.0750000476837158,350400
2018-05-10,0.721880316734314,1.1200000047683716,1.125,1.0800000429153442,1.0800000429153442,1782800
2018-05-11,0.7122122645378113,1.1050000190734863,1.125,1.0950000286102295,1.125,1331600
2018-05-14,0.7122122645378113,1.1050000190734863,1.1200000047683716,1.0950000286102295,1.1200000047683716,324400
2018-05-15,0.7089896202087402,1.100000023841858,1.1100000143051147,1.0850000381469727,1.0950000286102295,1084800
2018-05-16,0.7057669162750244,1.0950000286102295,1.100000023841858,1.0800000429153442,1.100000023841858,1404909
2018-05-17,0.7025443911552429,1.090000033378601,1.0950000286102295,1.0850000381469727,1.0850000381469727,444000
2018-05-18,0.7025443911552429,1.090000033378601,1.100000023841858,1.0750000476837158,1.090000033378601,3168876
2018-05-21,0.7702206969261169,1.1950000524520874,1.25,1.159999966621399,1.2100000381469727,402739200
2018-05-23,0.7315483689308167,1.1349999904632568,1.2200000286102295,1.125,1.2200000286102295,10324400
2018-05-24,0.7315483689308167,1.1349999904632568,1.159999966621399,1.125,1.1399999856948853,2422200
2018-05-25,0.7251030206680298,1.125,1.1349999904632568,1.1050000190734863,1.1299999952316284,1706400
2018-05-28,0.7251030206680298,1.125,1.1649999618530273,1.1100000143051147,1.1299999952316284,824400
2018-05-29,0.7154349684715271,1.1100000143051147,1.125,1.1050000190734863,1.1200000047683716,1956400
2018-05-30,0.6993216276168823,1.0850000381469727,1.100000023841858,1.0850000381469727,1.100000023841858,2015600
2018-05-31,0.7251030206680298,1.125,1.1399999856948853,1.090000033378601,1.090000033378601,2712317
2018-06-01,0.7089896202087402,1.100000023841858,1.1100000143051147,1.100000023841858,1.100000023841858,2855200
2018-06-04,0.6993216276168823,1.0850000381469727,1.1299999952316284,1.0850000381469727,1.0950000286102295,2494000
2018-06-05,0.7025443911552429,1.090000033378601,1.100000023841858,1.0800000429153442,1.0800000429153442,2361600
2018-06-06,0.7089896202087402,1.100000023841858,1.1050000190734863,1.0950000286102295,1.100000023841858,510000
2018-06-07,0.7057669162750244,1.0950000286102295,1.1050000190734863,1.090000033378601,1.0950000286102295,2192800
2018-06-08,0.7057669162750244,1.0950000286102295,1.1050000190734863,1.090000033378601,1.090000033378601,1182400
2018-06-11,0.7057669162750244,1.0950000286102295,1.1150000095367432,1.0950000286102295,1.1050000190734863,1116400
2018-06-12,0.7025443911552429,1.090000033378601,1.0950000286102295,1.0850000381469727,1.0950000286102295,551600
2018-06-13,0.6993216276168823,1.0850000381469727,1.0950000286102295,1.0800000429153442,1.0950000286102295,629200
2018-06-14,0.6993216276168823,1.0850000381469727,1.090000033378601,1.0800000429153442,1.0800000429153442,716000
2018-06-15,0.7315483689308167,1.1349999904632568,1.1549999713897705,1.0750000476837158,1.0800000429153442,5128400
2018-06-19,0.6960989236831665,1.0800000429153442,1.1050000190734863,1.0700000524520874,1.1050000190734863,1618800
2018-06-20,0.6896535158157349,1.0700000524520874,1.0800000429153442,1.0700000524520874,1.0800000429153442,728800
2018-06-21,0.6896535158157349,1.0700000524520874,1.0750000476837158,1.065000057220459,1.065000057220459,1111200
2018-06-22,0.6896535158157349,1.0700000524520874,1.0750000476837158,1.065000057220459,1.065000057220459,649200
2018-06-25,0.6864308714866638,1.065000057220459,1.0700000524520874,1.059999942779541,1.0700000524520874,1009200
2018-06-26,0.6670948266983032,1.034999966621399,1.065000057220459,1.024999976158142,1.0549999475479126,2012000
2018-06-27,0.6542039513587952,1.0149999856948853,1.065000057220459,1.0099999904632568,1.0399999618530273,1118400
2018-06-28,0.6445361375808716,1.0,1.0549999475479126,0.9950000047683716,1.0549999475479126,1025200
2018-06-29,0.6542039513587952,1.0149999856948853,1.024999976158142,0.9900000095367432,0.9900000095367432,858000
2018-07-03,0.641313374042511,0.9950000047683716,1.0299999713897705,0.9850000143051147,1.0149999856948853,1369600
2018-07-04,0.641313374042511,0.9950000047683716,1.0099999904632568,0.9850000143051147,0.9950000047683716,2244400
2018-07-05,0.6090864539146423,0.9449999928474426,0.9950000047683716,0.9399999976158142,0.9800000190734863,2154400
2018-07-06,0.6252000331878662,0.9700000286102295,1.0,0.9300000071525574,0.949999988079071,1913200
2018-07-09,0.6123092770576477,0.949999988079071,0.9800000190734863,0.9300000071525574,0.9549999833106995,3469200
2018-07-10,0.6123092770576477,0.949999988079071,0.9599999785423279,0.9300000071525574,0.9599999785423279,1650800
2018-07-11,0.5833051204681396,0.9049999713897705,0.9449999928474426,0.8999999761581421,0.9449999928474426,3178800
2018-07-12,0.5929731130599976,0.9200000166893005,0.9200000166893005,0.9049999713897705,0.9049999713897705,314400
2018-07-13,0.5897505283355713,0.9150000214576721,0.9399999976158142,0.9100000262260437,0.9200000166893005,1268800
2018-07-16,0.5994185209274292,0.9300000071525574,0.9350000023841858,0.8999999761581421,0.9100000262260437,894400
2018-07-17,0.5961957573890686,0.925000011920929,0.9399999976158142,0.9200000166893005,0.9300000071525574,802800
2018-07-18,0.6123092770576477,0.949999988079071,0.949999988079071,0.9200000166893005,0.9300000071525574,1526000
2018-07-19,0.6090864539146423,0.9449999928474426,0.9599999785423279,0.9399999976158142,0.949999988079071,1929200
2018-07-20,0.6219772696495056,0.9649999737739563,0.9649999737739563,0.9350000023841858,0.949999988079071,1207600
2018-07-23,0.6252000331878662,0.9700000286102295,0.9800000190734863,0.9399999976158142,0.9549999833106995,975200
2018-07-24,0.6252000331878662,0.9700000286102295,0.9750000238418579,0.9649999737739563,0.9700000286102295,873600
2018-07-25,0.6670948266983032,1.034999966621399,1.0750000476837158,1.0149999856948853,1.059999942779541,5346000
2018-07-26,0.6606493592262268,1.024999976158142,1.034999966621399,1.0,1.034999966621399,1498400
2018-07-27,0.6670948266983032,1.034999966621399,1.0449999570846558,1.0049999952316284,1.0049999952316284,586400
2018-07-30,0.6767627596855164,1.0499999523162842,1.0499999523162842,1.0049999952316284,1.0299999713897705,1743210
2018-07-31,0.6606493592262268,1.024999976158142,1.0449999570846558,1.0149999856948853,1.0449999570846558,604400
2018-08-01,0.6606493592262268,1.024999976158142,1.0449999570846558,1.0099999904632568,1.034999966621399,696400
2018-08-02,0.6477586030960083,1.0049999952316284,1.0199999809265137,0.9950000047683716,1.0099999904632568,795200
2018-08-03,0.6348679661750793,0.9850000143051147,1.0,0.9700000286102295,1.0,1004000
2018-08-06,0.6219772696495056,0.9649999737739563,0.9850000143051147,0.9649999737739563,0.9850000143051147,1154800
2018-08-07,0.6445361375808716,1.0,1.0,0.9599999785423279,0.9700000286102295,1282400
2018-08-08,0.641313374042511,0.9950000047683716,1.0149999856948853,0.9800000190734863,0.9800000190734863,552000
2018-08-09,0.6380906701087952,0.9900000095367432,1.0,0.9750000238418579,0.9800000190734863,513200
2018-08-10,0.6316453218460083,0.9800000190734863,0.9900000095367432,0.9700000286102295,0.9750000238418579,515200
2018-08-13,0.6284226179122925,0.9750000238418579,0.9900000095367432,0.9649999737739563,0.9649999737739563,340000
2018-08-14,0.6252000331878662,0.9700000286102295,0.9900000095367432,0.949999988079071,0.9599999785423279,384600
2018-08-15,0.6123092770576477,0.949999988079071,0.9700000286102295,0.9399999976158142,0.9449999928474426,1445600
2018-08-16,0.6058638691902161,0.9399999976158142,0.9549999833106995,0.9200000166893005,0.925000011920929,538000
2018-08-17,0.6090864539146423,0.9449999928474426,0.9649999737739563,0.9399999976158142,0.949999988079071,1579600
2018-08-20,0.6187545657157898,0.9599999785423279,0.9649999737739563,0.9300000071525574,0.9649999737739563,564447
2018-08-21,0.6123092770576477,0.949999988079071,0.9649999737739563,0.9399999976158142,0.9599999785423279,314800
2018-08-22,0.6219772696495056,0.9649999737739563,0.9750000238418579,0.9549999833106995,0.9599999785423279,779600
2018-08-23,0.6219772696495056,0.9649999737739563,0.9700000286102295,0.9399999976158142,0.9700000286102295,326000
2018-08-24,0.6155319213867188,0.9549999833106995,0.9649999737739563,0.9350000023841858,0.949999988079071,315600
2018-08-27,0.6187545657157898,0.9599999785423279,0.9700000286102295,0.949999988079071,0.9599999785423279,286800
2018-08-28,0.6187545657157898,0.9599999785423279,0.9700000286102295,0.949999988079071,0.9549999833106995,644000
2018-08-29,0.6316453218460083,0.9800000190734863,0.9900000095367432,0.9549999833106995,0.9599999785423279,791200
2018-08-30,0.6380906701087952,0.9900000095367432,0.9950000047683716,0.9800000190734863,0.9950000047683716,991200
2018-08-31,0.6252000331878662,0.9700000286102295,1.0049999952316284,0.9549999833106995,0.9800000190734863,2575200
2018-09-03,0.6252000331878662,0.9700000286102295,0.9900000095367432,0.9700000286102295,0.9700000286102295,181200
2018-09-04,0.6380906701087952,0.9900000095367432,0.9950000047683716,0.9700000286102295,0.9700000286102295,610800
2018-09-05,0.6284226179122925,0.9750000238418579,0.9900000095367432,0.9700000286102295,0.9800000190734863,677600
2018-09-06,0.6316453218460083,0.9800000190734863,0.9900000095367432,0.9549999833106995,0.9900000095367432,888400
2018-09-07,0.6284226179122925,0.9750000238418579,0.9850000143051147,0.9599999785423279,0.9850000143051147,534000
2018-09-10,0.6187545657157898,0.9599999785423279,0.9700000286102295,0.9399999976158142,0.9599999785423279,595600
2018-09-11,0.6123092770576477,0.949999988079071,0.9700000286102295,0.9350000023841858,0.9599999785423279,846400
2018-09-12,0.6058638691902161,0.9399999976158142,0.949999988079071,0.8899999856948853,0.949999988079071,1024400
2018-09-13,0.6155319213867188,0.9549999833106995,0.9700000286102295,0.9350000023841858,0.9449999928474426,1191200
2018-09-14,0.6155319213867188,0.9549999833106995,0.9599999785423279,0.9399999976158142,0.9599999785423279,286400
2018-09-17,0.6090864539146423,0.9449999928474426,0.949999988079071,0.9300000071525574,0.9449999928474426,238400
2018-09-18,0.602641224861145,0.9350000023841858,0.949999988079071,0.925000011920929,0.949999988079071,1262400
2018-09-19,0.6058638691902161,0.9399999976158142,0.949999988079071,0.925000011920929,0.949999988079071,495600
2018-09-20,0.6058638691902161,0.9399999976158142,0.9549999833106995,0.9350000023841858,0.949999988079071,1313333
2018-09-21,0.6316453218460083,0.9800000190734863,1.0149999856948853,0.9599999785423279,0.9700000286102295,3472800
2018-09-24,0.6252000331878662,0.9700000286102295,0.9900000095367432,0.9549999833106995,0.9649999737739563,1126400
2018-09-26,0.6187545657157898,0.9599999785423279,0.9700000286102295,0.9449999928474426,0.9449999928474426,892800
2018-09-27,0.6252000331878662,0.9700000286102295,0.9750000238418579,0.9449999928474426,0.9449999928474426,648800
2018-09-28,0.6187545657157898,0.9599999785423279,0.9599999785423279,0.949999988079071,0.9549999833106995,424800
2018-10-02,0.5994185209274292,0.9300000071525574,0.9549999833106995,0.925000011920929,0.9549999833106995,818800
2018-10-03,0.5994185209274292,0.9300000071525574,0.9399999976158142,0.925000011920929,0.925000011920929,399600
2018-10-04,0.6058638691902161,0.9399999976158142,0.9449999928474426,0.9100000262260437,0.925000011920929,601600
2018-10-05,0.5961957573890686,0.925000011920929,0.9300000071525574,0.9100000262260437,0.925000011920929,238800
2018-10-08,0.5833051204681396,0.9049999713897705,0.925000011920929,0.9049999713897705,0.9100000262260437,264000
2018-10-09,0.5833051204681396,0.9049999713897705,0.9200000166893005,0.8999999761581421,0.9049999713897705,234398
2018-10-10,0.5800824761390686,0.8999999761581421,0.9100000262260437,0.8949999809265137,0.9049999713897705,236611
2018-10-11,0.5446329712867737,0.8450000286102295,0.8799999952316284,0.8349999785423279,0.8799999952316284,3298400
2018-10-12,0.5607463121414185,0.8700000047683716,0.875,0.8399999737739563,0.8500000238418579,862800
2018-10-15,0.5607463121414185,0.8700000047683716,0.8899999856948853,0.824999988079071,0.8650000095367432,826000
2018-10-16,0.5510782599449158,0.8550000190734863,0.8700000047683716,0.8450000286102295,0.8700000047683716,315600
2018-10-18,0.5543010234832764,0.8600000143051147,0.8799999952316284,0.8550000190734863,0.8550000190734863,366400
2018-10-19,0.5478555560112,0.8500000238418579,0.875,0.8450000286102295,0.8600000143051147,396000
2018-10-22,0.5607463121414185,0.8700000047683716,0.8799999952316284,0.8650000095367432,0.8550000190734863,703400
2018-10-23,0.5478555560112,0.8500000238418579,0.8899999856948853,0.8500000238418579,0.8700000047683716,627600
2018-10-24,0.5414102673530579,0.8399999737739563,0.8600000143051147,0.8349999785423279,0.8399999737739563,714800
2018-10-25,0.5414102673530579,0.8399999737739563,0.8500000238418579,0.8299999833106995,0.8349999785423279,455600
2018-10-26,0.5510782599449158,0.8550000190734863,0.8600000143051147,0.8299999833106995,0.8399999737739563,326400
2018-10-29,0.5543010234832764,0.8600000143051147,0.875,0.8500000238418579,0.8600000143051147,1166000
2018-10-30,0.5510782599449158,0.8550000190734863,0.8700000047683716,0.8500000238418579,0.8600000143051147,370400
2018-10-31,0.563969075679779,0.875,0.875,0.8550000190734863,0.8600000143051147,405900
2018-11-01,0.5671917796134949,0.8799999952316284,0.8899999856948853,0.8550000190734863,0.8550000190734863,553600
2018-11-02,0.5768598318099976,0.8949999809265137,0.8949999809265137,0.8799999952316284,0.8799999952316284,1055200
2018-11-05,0.5768598318099976,0.8949999809265137,0.8949999809265137,0.8700000047683716,0.8849999904632568,362800
2018-11-06,0.5929731130599976,0.9200000166893005,0.9200000166893005,0.8799999952316284,0.8999999761581421,751600
2018-11-07,0.6058638691902161,0.9399999976158142,0.9399999976158142,0.9049999713897705,0.9100000262260437,513200
2018-11-08,0.6123092770576477,0.949999988079071,0.9649999737739563,0.9150000214576721,0.9649999737739563,640800
2018-11-09,0.6123092770576477,0.949999988079071,0.9549999833106995,0.925000011920929,0.9300000071525574,590800
2018-11-12,0.6123092770576477,0.949999988079071,0.9549999833106995,0.925000011920929,0.9300000071525574,232800
2018-11-13,0.6058638691902161,0.9399999976158142,0.9449999928474426,0.9350000023841858,0.9399999976158142,101200
2018-11-14,0.6058638691902161,0.9399999976158142,0.949999988079071,0.925000011920929,0.949999988079071,224800
2018-11-15,0.6058638691902161,0.9399999976158142,0.949999988079071,0.9150000214576721,0.925000011920929,524800
2018-11-16,0.6155319213867188,0.9549999833106995,0.9599999785423279,0.9350000023841858,0.949999988079071,1377600
2018-11-19,0.6477586030960083,1.0049999952316284,1.024999976158142,0.949999988079071,0.9599999785423279,4812000
2018-11-20,0.6670948266983032,1.034999966621399,1.0700000524520874,0.9850000143051147,0.9950000047683716,7987200
2018-11-21,0.6735401153564453,1.0449999570846558,1.065000057220459,1.0199999809265137,1.024999976158142,4140000
2018-11-22,0.6832082271575928,1.059999942779541,1.1299999952316284,1.0499999523162842,1.0499999523162842,7276800
2018-11-23,0.6574267745018005,1.0199999809265137,1.0850000381469727,1.0049999952316284,1.0750000476837158,2362400
2018-11-26,0.6799854636192322,1.0549999475479126,1.0549999475479126,1.0,1.0399999618530273,3913600
2018-11-27,0.6864308714866638,1.065000057220459,1.0800000429153442,1.0449999570846558,1.0449999570846558,1385200
2018-11-28,0.7025443911552429,1.090000033378601,1.090000033378601,1.0399999618530273,1.0399999618530273,1628800
2018-11-29,0.6960989236831665,1.0800000429153442,1.100000023841858,1.0549999475479126,1.100000023841858,1299200
2018-11-30,0.7057669162750244,1.0950000286102295,1.100000023841858,1.059999942779541,1.065000057220459,1598800
2018-12-03,0.6960989236831665,1.0800000429153442,1.100000023841858,1.0750000476837158,1.100000023841858,1661200
2018-12-04,0.7154349684715271,1.1100000143051147,1.125,1.0750000476837158,1.0750000476837158,2338400
2018-12-05,0.7122122645378113,1.1050000190734863,1.1100000143051147,1.0850000381469727,1.1050000190734863,1574800
2018-12-06,0.7122122645378113,1.1050000190734863,1.1150000095367432,1.090000033378601,1.1050000190734863,1400400
2018-12-07,0.7122122645378113,1.1050000190734863,1.1150000095367432,1.090000033378601,1.1150000095367432,1095200
2018-12-10,0.7122122645378113,1.1050000190734863,1.1100000143051147,1.090000033378601,1.1100000143051147,919600
2018-12-11,0.7057669162750244,1.0950000286102295,1.1150000095367432,1.0850000381469727,1.1150000095367432,620800
2018-12-12,0.6993216276168823,1.0850000381469727,1.100000023841858,1.0549999475479126,1.100000023841858,1079200
2018-12-13,0.6993216276168823,1.0850000381469727,1.100000023841858,1.065000057220459,1.0750000476837158,1034135
2018-12-14,0.6735401153564453,1.0449999570846558,1.0850000381469727,1.024999976158142,1.0800000429153442,1167200
2018-12-17,0.6606493592262268,1.024999976158142,1.0499999523162842,1.0049999952316284,1.0449999570846558,908400
2018-12-18,0.6735401153564453,1.0449999570846558,1.0549999475479126,1.0049999952316284,1.0049999952316284,499200
2018-12-19,0.6670948266983032,1.034999966621399,1.0750000476837158,1.0199999809265137,1.059999942779541,794000
2018-12-20,0.6638721823692322,1.0299999713897705,1.0449999570846558,1.0149999856948853,1.0449999570846558,836800
2018-12-21,0.6445361375808716,1.0,1.065000057220459,0.9649999737739563,1.0449999570846558,3483600
2018-12-24,0.6509813666343689,1.0099999904632568,1.0299999713897705,0.9800000190734863,1.0099999904632568,534800
2018-12-27,0.6316453218460083,0.9800000190734863,1.024999976158142,0.9750000238418579,1.0099999904632568,1268400
2018-12-28,0.6090864539146423,0.9449999928474426,1.0149999856948853,0.9350000023841858,1.0,2643200
2018-12-31,0.6348679661750793,0.9850000143051147,1.0,0.949999988079071,0.9700000286102295,609747
2019-01-02,0.6187545657157898,0.9599999785423279,1.0,0.9449999928474426,0.9850000143051147,242000
2019-01-03,0.6090864539146423,0.9449999928474426,0.9649999737739563,0.925000011920929,0.9449999928474426,818000
2019-01-04,0.6058638691902161,0.9399999976158142,0.9549999833106995,0.9049999713897705,0.9049999713897705,415201
2019-01-07,0.6284226179122925,0.9750000238418579,0.9850000143051147,0.9399999976158142,0.9399999976158142,396800
2019-01-08,0.6155319213867188,0.9549999833106995,0.9750000238418579,0.9549999833106995,0.9750000238418579,125200
2019-01-09,0.6219772696495056,0.9649999737739563,0.9750000238418579,0.9350000023841858,0.9750000238418579,602800
2019-01-10,0.6348679661750793,0.9850000143051147,1.0,0.9399999976158142,0.9800000190734863,814400
2019-01-11,0.6380906701087952,0.9900000095367432,0.9950000047683716,0.9700000286102295,0.9750000238418579,292800
2019-01-14,0.6348679661750793,0.9850000143051147,0.9900000095367432,0.9700000286102295,0.9900000095367432,400400
2019-01-15,0.6445361375808716,1.0,1.0049999952316284,0.9750000238418579,0.9800000190734863,327200
2019-01-16,0.7025443911552429,1.090000033378601,1.100000023841858,1.0099999904632568,1.0199999809265137,6609200
2019-01-17,0.7154349684715271,1.1100000143051147,1.1399999856948853,1.090000033378601,1.100000023841858,7458000
2019-01-18,0.7154349684715271,1.1100000143051147,1.149999976158142,1.090000033378601,1.1399999856948853,3323600
2019-01-21,0.6993216276168823,1.0850000381469727,1.1200000047683716,1.0750000476837158,1.1050000190734863,1523200
2019-01-22,0.6832082271575928,1.059999942779541,1.0800000429153442,1.0499999523162842,1.0750000476837158,2624000
2019-01-23,0.6735401153564453,1.0449999570846558,1.0700000524520874,1.0399999618530273,1.059999942779541,924000
2019-01-24,0.6735401153564453,1.0449999570846558,1.0549999475479126,1.0299999713897705,1.0399999618530273,1381600
2019-01-25,0.6799854636192322,1.0549999475479126,1.065000057220459,1.0499999523162842,1.0499999523162842,721600
2019-01-28,0.6799854636192322,1.0549999475479126,1.0700000524520874,1.0399999618530273,1.0700000524520874,1028800
2019-01-29,0.6799854636192322,1.0549999475479126,1.0700000524520874,1.0299999713897705,1.0700000524520874,839600
2019-01-30,0.6735401153564453,1.0449999570846558,1.0549999475479126,1.034999966621399,1.034999966621399,461200
2019-01-31,0.6832082271575928,1.059999942779541,1.0750000476837158,1.0449999570846558,1.0449999570846558,431200
2019-02-01,0.6928762793540955,1.0750000476837158,1.0750000476837158,1.0499999523162842,1.0549999475479126,730800
2019-02-04,0.6993216276168823,1.0850000381469727,1.090000033378601,1.059999942779541,1.059999942779541,666000
2019-02-08,0.7122122645378113,1.1050000190734863,1.1050000190734863,1.065000057220459,1.0750000476837158,1568400
2019-02-11,0.7057669162750244,1.0950000286102295,1.1050000190734863,1.090000033378601,1.090000033378601,816800
2019-02-12,0.7025443911552429,1.090000033378601,1.0950000286102295,1.0750000476837158,1.090000033378601,1240800
2019-02-13,0.721880316734314,1.1200000047683716,1.1200000047683716,1.0800000429153442,1.0950000286102295,2351600
2019-02-14,0.7154349684715271,1.1100000143051147,1.125,1.090000033378601,1.1150000095367432,1333240
2019-02-15,0.7057669162750244,1.0950000286102295,1.0950000286102295,1.0800000429153442,1.0950000286102295,855200
2019-02-18,0.7412164211273193,1.149999976158142,1.1699999570846558,1.1299999952316284,1.1349999904632568,6085200
2019-02-19,0.7541071176528931,1.1699999570846558,1.2000000476837158,1.149999976158142,1.149999976158142,3550800
2019-02-20,0.7476616501808167,1.159999966621399,1.190000057220459,1.1549999713897705,1.1749999523162842,2159200
2019-02-21,0.7412164211273193,1.149999976158142,1.1699999570846558,1.1399999856948853,1.1699999570846558,1682400
2019-02-22,0.7476616501808167,1.159999966621399,1.1699999570846558,1.1399999856948853,1.159999966621399,1489600
2019-02-25,0.7669979333877563,1.190000057220459,1.215000033378601,1.159999966621399,1.1649999618530273,5494983
2019-02-26,0.7508842945098877,1.1649999618530273,1.1749999523162842,1.1549999713897705,1.1699999570846558,1400800
2019-02-27,0.7412164211273193,1.149999976158142,1.1799999475479126,1.1399999856948853,1.1749999523162842,1431600
2019-02-28,0.7379937171936035,1.1449999809265137,1.1549999713897705,1.125,1.1349999904632568,950800
2019-03-01,0.7379937171936035,1.1449999809265137,1.149999976158142,1.1299999952316284,1.1349999904632568,907200
2019-03-04,0.7444390654563904,1.1549999713897705,1.1699999570846558,1.149999976158142,1.159999966621399,1026000
2019-03-05,0.7444390654563904,1.1549999713897705,1.1749999523162842,1.1449999809265137,1.1549999713897705,1186000
2019-03-06,0.7412164211273193,1.149999976158142,1.1699999570846558,1.1449999809265137,1.1699999570846558,603600
2019-03-07,0.7315483689308167,1.1349999904632568,1.159999966621399,1.1299999952316284,1.1299999952316284,419200
2019-03-08,0.7186577916145325,1.1150000095367432,1.1449999809265137,1.1150000095367432,1.1449999809265137,1106800
2019-03-11,0.7186577916145325,1.1150000095367432,1.1200000047683716,1.1050000190734863,1.1050000190734863,473600
2019-03-12,0.721880316734314,1.1200000047683716,1.1449999809265137,1.1050000190734863,1.1100000143051147,1849200
2019-03-13,0.7251030206680298,1.125,1.1399999856948853,1.1100000143051147,1.1200000047683716,902800
2019-03-14,0.721880316734314,1.1200000047683716,1.1299999952316284,1.1150000095367432,1.1200000047683716,604822
2019-03-15,0.7605525255203247,1.1799999475479126,1.184999942779541,1.1299999952316284,1.1349999904632568,2324242
2019-03-18,0.7508842945098877,1.1649999618530273,1.1950000524520874,1.1549999713897705,1.1799999475479126,1002800
2019-03-19,0.7444390654563904,1.1549999713897705,1.1749999523162842,1.1449999809265137,1.1749999523162842,538400
2019-03-20,0.7605525255203247,1.1799999475479126,1.2300000190734863,1.1699999570846558,1.1799999475479126,8286000
2019-03-21,0.7702206969261169,1.1950000524520874,1.2000000476837158,1.1799999475479126,1.2000000476837158,1504400
2019-03-22,0.7444390654563904,1.1549999713897705,1.1950000524520874,1.1050000190734863,1.1950000524520874,5511600
2019-03-25,0.7573297023773193,1.1749999523162842,1.1799999475479126,1.1299999952316284,1.149999976158142,2073373
2019-03-26,0.7669979333877563,1.190000057220459,1.2100000381469727,1.1749999523162842,1.1950000524520874,2601200
2019-03-27,0.9345774054527283,1.4500000476837158,1.4500000476837158,1.274999976158142,1.2999999523162842,50920000
2019-03-28,1.0312577486038208,1.600000023841858,1.600000023841858,1.399999976158142,1.5,33533940
2019-03-29,1.0151441097259521,1.5750000476837158,1.6749999523162842,1.524999976158142,1.625,25849200
2019-04-01,1.0473711490631104,1.625,1.625,1.5750000476837158,1.5750000476837158,10783200
2019-04-02,1.0312577486038208,1.600000023841858,1.649999976158142,1.5750000476837158,1.625,5278400
2019-04-03,1.0473711490631104,1.625,1.649999976158142,1.600000023841858,1.600000023841858,8345200
2019-04-04,1.0473711490631104,1.625,1.725000023841858,1.600000023841858,1.649999976158142,14467200
2019-04-08,1.0473711490631104,1.625,1.7000000476837158,1.600000023841858,1.625,11223600
2019-04-09,1.0312577486038208,1.600000023841858,1.649999976158142,1.600000023841858,1.625,3801200
2019-04-10,1.0473711490631104,1.625,1.649999976158142,1.600000023841858,1.600000023841858,3313420
2019-04-11,1.0151441097259521,1.5750000476837158,1.649999976158142,1.524999976158142,1.649999976158142,11352800
2019-04-12,1.0151441097259521,1.5750000476837158,1.5750000476837158,1.524999976158142,1.5499999523162842,3254400
2019-04-15,1.0151441097259521,1.5750000476837158,1.600000023841858,1.5499999523162842,1.5750000476837158,2844800
2019-04-16,0.9990307688713074,1.5499999523162842,1.5750000476837158,1.524999976158142,1.5750000476837158,2087200
2019-04-17,1.0151441097259521,1.5750000476837158,1.600000023841858,1.524999976158142,1.5499999523162842,3568000
2019-04-18,1.0151441097259521,1.5750000476837158,1.600000023841858,1.5499999523162842,1.5750000476837158,1394400
2019-04-23,0.9990307688713074,1.5499999523162842,1.5750000476837158,1.5499999523162842,1.5750000476837158,2218015
2019-04-24,1.0151441097259521,1.5750000476837158,1.5750000476837158,1.524999976158142,1.5499999523162842,3479200
2019-04-25,0.9990307688713074,1.5499999523162842,1.5750000476837158,1.524999976158142,1.5499999523162842,1415200
2019-04-26,0.9990307688713074,1.5499999523162842,1.5750000476837158,1.5,1.5499999523162842,2742100
2019-04-29,1.0312577486038208,1.600000023841858,1.625,1.524999976158142,1.5499999523162842,3589200
2019-04-30,1.0312577486038208,1.600000023841858,1.600000023841858,1.5750000476837158,1.600000023841858,1413600
2019-05-02,0.9990307688713074,1.5499999523162842,1.600000023841858,1.5499999523162842,1.600000023841858,1359600
2019-05-03,1.0312577486038208,1.600000023841858,1.600000023841858,1.524999976158142,1.5499999523162842,2322000
2019-05-06,0.9345774054527283,1.4500000476837158,1.5750000476837158,1.4249999523162842,1.5499999523162842,12120400
2019-05-07,0.966804027557373,1.5,1.5,1.4500000476837158,1.475000023841858,2149200
2019-05-08,0.9345774054527283,1.4500000476837158,1.475000023841858,1.4249999523162842,1.4500000476837158,2890800
2019-05-09,0.9184635877609253,1.4249999523162842,1.475000023841858,1.399999976158142,1.4500000476837158,4385200
2019-05-10,0.9345774054527283,1.4500000476837158,1.475000023841858,1.4249999523162842,1.4249999523162842,2078000
2019-05-14,0.9345774054527283,1.4500000476837158,1.4500000476837158,1.399999976158142,1.4249999523162842,2550000
2019-05-15,1.0151441097259521,1.5750000476837158,1.600000023841858,1.4249999523162842,1.4500000476837158,9870800
2019-05-16,1.0151441097259521,1.5750000476837158,1.625,1.5499999523162842,1.5750000476837158,17563600
2019-05-17,0.9506905674934387,1.475000023841858,1.5750000476837158,1.4500000476837158,1.5499999523162842,8576000
2019-05-20,0.9345774054527283,1.4500000476837158,1.475000023841858,1.4249999523162842,1.4500000476837158,1944400
2019-05-21,0.9506905674934387,1.475000023841858,1.475000023841858,1.4500000476837158,1.4500000476837158,1365600
2019-05-22,0.9345774054527283,1.4500000476837158,1.5,1.4500000476837158,1.475000023841858,1305200
2019-05-23,0.9345774054527283,1.4500000476837158,1.5,1.4249999523162842,1.5,1890400
2019-05-24,0.9506905674934387,1.475000023841858,1.475000023841858,1.4249999523162842,1.4500000476837158,956000
2019-05-27,0.966804027557373,1.5,1.5,1.475000023841858,1.475000023841858,1498400
2019-05-28,0.9184635877609253,1.4249999523162842,1.524999976158142,1.399999976158142,1.5,11786400
2019-05-29,0.9506905674934387,1.475000023841858,1.475000023841858,1.4249999523162842,1.4249999523162842,2425600
2019-05-30,0.9506905674934387,1.475000023841858,1.5,1.4500000476837158,1.475000023841858,1473200
2019-05-31,0.9506905674934387,1.475000023841858,1.475000023841858,1.4500000476837158,1.475000023841858,3340800
2019-06-03,0.9345774054527283,1.4500000476837158,1.475000023841858,1.4249999523162842,1.4500000476837158,2690240
2019-06-04,0.9345774054527283,1.4500000476837158,1.475000023841858,1.4249999523162842,1.4500000476837158,1840571
2019-06-05,0.9506905674934387,1.475000023841858,1.475000023841858,1.4249999523162842,1.4500000476837158,2770800
2019-06-06,0.9506905674934387,1.475000023841858,1.475000023841858,1.4500000476837158,1.475000023841858,1523200
2019-06-10,0.966804027557373,1.5,1.524999976158142,1.4500000476837158,1.475000023841858,5167200
2019-06-11,0.9829173684120178,1.524999976158142,1.524999976158142,1.5,1.524999976158142,1850400
2019-06-12,0.9829173684120178,1.524999976158142,1.524999976158142,1.475000023841858,1.5,2444000
2019-06-13,0.9829173684120178,1.524999976158142,1.524999976158142,1.475000023841858,1.524999976158142,3877200
2019-06-14,0.9670921564102173,1.375,1.475000023841858,1.350000023841858,1.4500000476837158,5654000
2019-06-17,0.9319252371788025,1.3250000476837158,1.399999976158142,1.2999999523162842,1.399999976158142,4320800
2019-06-18,0.9495089650154114,1.350000023841858,1.375,1.3250000476837158,1.3250000476837158,2651600
2019-06-19,0.9670921564102173,1.375,1.375,1.3250000476837158,1.375,3737600
2019-06-20,0.9846757650375366,1.399999976158142,1.399999976158142,1.350000023841858,1.350000023841858,4370000
2019-06-21,0.9670921564102173,1.375,1.399999976158142,1.350000023841858,1.399999976158142,17243200
2019-06-24,0.9846757650375366,1.399999976158142,1.399999976158142,1.375,1.375,3355200
2019-06-25,0.9670921564102173,1.375,1.399999976158142,1.350000023841858,1.399999976158142,3215600
2019-06-26,0.9670921564102173,1.375,1.399999976158142,1.350000023841858,1.375,729600
2019-06-27,0.9495089650154114,1.350000023841858,1.399999976158142,1.350000023841858,1.350000023841858,872400
2019-06-28,0.9319252371788025,1.3250000476837158,1.375,1.3250000476837158,1.350000023841858,1906800
2019-07-02,0.9495089650154114,1.350000023841858,1.375,1.3250000476837158,1.350000023841858,6075200
2019-07-03,0.9670921564102173,1.375,1.375,1.3250000476837158,1.3250000476837158,1796400
2019-07-04,0.9670921564102173,1.375,1.375,1.3250000476837158,1.350000023841858,607200
2019-07-05,0.9670921564102173,1.375,1.375,1.350000023841858,1.350000023841858,302400
2019-07-08,0.9319252371788025,1.3250000476837158,1.375,1.3250000476837158,1.375,650400
2019-07-09,0.9495089650154114,1.350000023841858,1.350000023841858,1.3250000476837158,1.350000023841858,944400
2019-07-10,0.9495089650154114,1.350000023841858,1.375,1.3250000476837158,1.350000023841858,696400
2019-07-11,0.9670921564102173,1.375,1.375,1.350000023841858,1.350000023841858,465600
2019-07-12,0.9495089650154114,1.350000023841858,1.375,1.350000023841858,1.375,322800
2019-07-15,1.0022591352462769,1.4249999523162842,1.4249999523162842,1.3250000476837158,1.350000023841858,3689600
2019-07-16,1.0022591352462769,1.4249999523162842,1.4249999523162842,1.399999976158142,1.4249999523162842,2796800
2019-07-17,1.0022591352462769,1.4249999523162842,1.4249999523162842,1.375,1.399999976158142,957200
2019-07-18,0.9846757650375366,1.399999976158142,1.4249999523162842,1.375,1.399999976158142,740000
2019-07-19,1.0022591352462769,1.4249999523162842,1.4249999523162842,1.399999976158142,1.4249999523162842,462800
2019-07-22,1.0022591352462769,1.4249999523162842,1.4500000476837158,1.399999976158142,1.4249999523162842,3123600
2019-07-23,1.0198428630828857,1.4500000476837158,1.4500000476837158,1.4249999523162842,1.4249999523162842,1214400
2019-07-24,1.0198428630828857,1.4500000476837158,1.4500000476837158,1.4249999523162842,1.4500000476837158,1086400
2019-07-25,1.072593331336975,1.524999976158142,1.600000023841858,1.475000023841858,1.475000023841858,15299470
2019-07-26,1.072593331336975,1.524999976158142,1.524999976158142,1.5,1.5,3577200
2019-07-29,1.0550096035003662,1.5,1.5499999523162842,1.475000023841858,1.5499999523162842,2179600
2019-07-30,1.072593331336975,1.524999976158142,1.524999976158142,1.475000023841858,1.475000023841858,1510800
2019-07-31,1.072593331336975,1.524999976158142,1.5499999523162842,1.5,1.524999976158142,2110800
2019-08-01,1.037426233291626,1.475000023841858,1.524999976158142,1.475000023841858,1.5,1589200
2019-08-02,1.0198428630828857,1.4500000476837158,1.475000023841858,1.4249999523162842,1.475000023841858,3256400
2019-08-05,0.9670921564102173,1.375,1.4500000476837158,1.375,1.4500000476837158,3252800
2019-08-06,0.9670921564102173,1.375,1.399999976158142,1.3250000476837158,1.350000023841858,3244000
2019-08-07,0.9846757650375366,1.399999976158142,1.399999976158142,1.375,1.399999976158142,582400
2019-08-08,0.9846757650375366,1.399999976158142,1.4249999523162842,1.375,1.399999976158142,1311200
2019-08-09,1.0022591352462769,1.4249999523162842,1.4249999523162842,1.399999976158142,1.399999976158142,785600
2019-08-12,0.9846757650375366,1.399999976158142,1.4249999523162842,1.375,1.399999976158142,1587200
2019-08-13,0.9670921564102173,1.375,1.399999976158142,1.3250000476837158,1.375,4520800
2019-08-14,0.9670921564102173,1.375,1.399999976158142,1.350000023841858,1.399999976158142,1267600
2019-08-15,0.9670921564102173,1.375,1.399999976158142,1.3250000476837158,1.350000023841858,1810400
2019-08-16,1.0022591352462769,1.4249999523162842,1.4249999523162842,1.375,1.399999976158142,2444702
2019-08-19,1.0198428630828857,1.4500000476837158,1.475000023841858,1.399999976158142,1.4249999523162842,3866000
2019-08-20,1.0198428630828857,1.4500000476837158,1.4500000476837158,1.4249999523162842,1.4249999523162842,1264000
2019-08-21,1.0550096035003662,1.5,1.524999976158142,1.4500000476837158,1.4500000476837158,3942200
2019-08-22,1.0550096035003662,1.5,1.524999976158142,1.475000023841858,1.5,1221600
2019-08-23,1.072593331336975,1.524999976158142,1.524999976158142,1.475000023841858,1.5,2628800
2019-08-26,1.0550096035003662,1.5,1.5,1.4500000476837158,1.4500000476837158,3312000
2019-08-27,1.1077601909637451,1.5750000476837158,1.5750000476837158,1.5,1.5,11524227
2019-08-28,1.1077601909637451,1.5750000476837158,1.600000023841858,1.5499999523162842,1.5750000476837158,4899200
2019-08-29,1.0901769399642944,1.5499999523162842,1.5750000476837158,1.524999976158142,1.5750000476837158,3064800
2019-08-30,1.072593331336975,1.524999976158142,1.5499999523162842,1.5,1.5499999523162842,1576539
2019-09-02,1.0550096035003662,1.5,1.524999976158142,1.475000023841858,1.5,1033600
2019-09-03,1.0550096035003662,1.5,1.524999976158142,1.475000023841858,1.524999976158142,719600
2019-09-04,1.072593331336975,1.524999976158142,1.524999976158142,1.475000023841858,1.5,2834400
2019-09-05,1.0901769399642944,1.5499999523162842,1.5750000476837158,1.5,1.5,4024800
2019-09-06,1.125343918800354,1.600000023841858,1.600000023841858,1.524999976158142,1.5750000476837158,4425600
2019-09-09,1.1780943870544434,1.6749999523162842,1.7000000476837158,1.600000023841858,1.625,7756000
2019-09-10,1.1956777572631836,1.7000000476837158,1.725000023841858,1.649999976158142,1.6749999523162842,14308400
2019-09-11,1.1780943870544434,1.6749999523162842,1.725000023841858,1.649999976158142,1.7000000476837158,3070800
2019-09-12,1.1956777572631836,1.7000000476837158,1.7000000476837158,1.6749999523162842,1.7000000476837158,2136000
2019-09-13,1.2132611274719238,1.725000023841858,1.725000023841858,1.6749999523162842,1.7000000476837158,3864400
2019-09-16,1.2132611274719238,1.725000023841858,1.75,1.7000000476837158,1.725000023841858,4129600
2019-09-17,1.1855971813201904,1.649999976158142,1.725000023841858,1.625,1.725000023841858,5114800
2019-09-18,1.1855971813201904,1.649999976158142,1.6749999523162842,1.649999976158142,1.6749999523162842,436400
2019-09-19,1.1855971813201904,1.649999976158142,1.6749999523162842,1.625,1.6749999523162842,3796400
2019-09-20,1.1676337718963623,1.625,1.625,1.600000023841858,1.625,1163200
2019-09-23,1.1676337718963623,1.625,1.625,1.5750000476837158,1.625,3603200
2019-09-24,1.1676337718963623,1.625,1.625,1.600000023841858,1.625,883400
2019-09-25,1.1317063570022583,1.5750000476837158,1.625,1.5750000476837158,1.600000023841858,1188800
2019-09-26,1.1496702432632446,1.600000023841858,1.600000023841858,1.5750000476837158,1.5750000476837158,588000
2019-09-27,1.1496702432632446,1.600000023841858,1.600000023841858,1.5750000476837158,1.600000023841858,1055200
2019-09-30,1.1496702432632446,1.600000023841858,1.600000023841858,1.5750000476837158,1.5750000476837158,1067200
2019-10-02,1.1496702432632446,1.600000023841858,1.600000023841858,1.5750000476837158,1.5750000476837158,1042800
2019-10-03,1.1496702432632446,1.600000023841858,1.600000023841858,1.5750000476837158,1.600000023841858,1423600
2019-10-04,1.1496702432632446,1.600000023841858,1.625,1.5750000476837158,1.600000023841858,2996800
2019-10-08,1.1676337718963623,1.625,1.625,1.600000023841858,1.600000023841858,1308400
2019-10-09,1.1496702432632446,1.600000023841858,1.625,1.5750000476837158,1.625,4633200
2019-10-10,1.1496702432632446,1.600000023841858,1.625,1.5750000476837158,1.600000023841858,1734400
2019-10-11,1.1496702432632446,1.600000023841858,1.625,1.600000023841858,1.600000023841858,787200
2019-10-14,1.1496702432632446,1.600000023841858,1.649999976158142,1.600000023841858,1.625,4470400
2019-10-15,1.1676337718963623,1.625,1.625,1.600000023841858,1.600000023841858,1422000
2019-10-16,1.1676337718963623,1.625,1.649999976158142,1.600000023841858,1.625,3182000
2019-10-17,1.2215243577957153,1.7000000476837158,1.725000023841858,1.649999976158142,1.649999976158142,9307600
2019-10-18,1.2394880056381226,1.725000023841858,1.725000023841858,1.6749999523162842,1.7000000476837158,4697200
2019-10-21,1.2215243577957153,1.7000000476837158,1.725000023841858,1.7000000476837158,1.725000023841858,1320800
2019-10-22,1.2215243577957153,1.7000000476837158,1.725000023841858,1.6749999523162842,1.725000023841858,1668400
2019-10-23,1.2035609483718872,1.6749999523162842,1.7000000476837158,1.6749999523162842,1.7000000476837158,1446800
2019-10-24,1.2215243577957153,1.7000000476837158,1.7000000476837158,1.6749999523162842,1.7000000476837158,684000
2019-10-25,1.2215243577957153,1.7000000476837158,1.7000000476837158,1.6749999523162842,1.7000000476837158,1717600
2019-10-28,1.3831968307495117,1.9249999523162842,1.9249999523162842,1.7000000476837158,1.7000000476837158,20216000
2019-10-29,1.365233063697815,1.899999976158142,2.075000047683716,1.875,1.9500000476837158,24306000
2019-10-30,1.3293060064315796,1.850000023841858,1.9249999523162842,1.850000023841858,1.9249999523162842,6732800
2019-10-31,1.3293060064315796,1.850000023841858,1.875,1.8250000476837158,1.875,6000800
2019-11-01,1.3113423585891724,1.8250000476837158,1.9500000476837158,1.7999999523162842,1.850000023841858,14746000
2019-11-04,1.365233063697815,1.899999976158142,1.9249999523162842,1.8250000476837158,1.8250000476837158,9104800
2019-11-05,1.4191241264343262,1.975000023841858,2.0250000953674316,1.899999976158142,1.9249999523162842,22119600
2019-11-06,1.401160478591919,1.9500000476837158,2.0250000953674316,1.9249999523162842,2.0250000953674316,8798800
2019-11-07,1.401160478591919,1.9500000476837158,1.975000023841858,1.9249999523162842,1.9500000476837158,5961320
2019-11-08,1.4370876550674438,2.0,2.0250000953674316,1.9249999523162842,1.975000023841858,6825200
2019-11-11,1.365233063697815,1.899999976158142,2.0,1.899999976158142,2.0,10910400
2019-11-12,1.401160478591919,1.9500000476837158,1.9500000476837158,1.9249999523162842,1.9249999523162842,1600000
2019-11-13,1.3831968307495117,1.9249999523162842,1.9500000476837158,1.899999976158142,1.9500000476837158,2943200
2019-11-14,1.365233063697815,1.899999976158142,1.9500000476837158,1.899999976158142,1.9249999523162842,2676800
2019-11-15,1.365233063697815,1.899999976158142,1.9249999523162842,1.899999976158142,1.9249999523162842,5726800
2019-11-18,1.3113423585891724,1.8250000476837158,1.899999976158142,1.7999999523162842,1.899999976158142,10646000
2019-11-19,1.3293060064315796,1.850000023841858,1.875,1.7999999523162842,1.8250000476837158,7095600
2019-11-20,1.2933789491653442,1.7999999523162842,1.850000023841858,1.774999976158142,1.8250000476837158,9998000
2019-11-21,1.275415062904358,1.774999976158142,1.774999976158142,1.75,1.774999976158142,3996400
2019-11-22,1.275415062904358,1.774999976158142,1.7999999523162842,1.774999976158142,1.774999976158142,813600
2019-11-25,1.2933789491653442,1.7999999523162842,1.8250000476837158,1.7999999523162842,1.7999999523162842,1782400
2019-11-26,1.275415062904358,1.774999976158142,1.850000023841858,1.774999976158142,1.8250000476837158,6692800
2019-11-27,1.2933789491653442,1.7999999523162842,1.7999999523162842,1.774999976158142,1.774999976158142,1789600
2019-11-28,1.2574517726898193,1.75,1.8250000476837158,1.725000023841858,1.7999999523162842,7444000
2019-11-29,1.2394880056381226,1.725000023841858,1.75,1.6749999523162842,1.75,6369600
2019-12-02,1.275415062904358,1.774999976158142,1.774999976158142,1.725000023841858,1.725000023841858,3231600
2019-12-03,1.2574517726898193,1.75,1.75,1.7000000476837158,1.75,1977600
2019-12-04,1.2394880056381226,1.725000023841858,1.75,1.7000000476837158,1.725000023841858,3216800
2019-12-05,1.2574517726898193,1.75,1.75,1.7000000476837158,1.75,1277600
2019-12-06,1.2574517726898193,1.75,1.75,1.725000023841858,1.75,1111200
2019-12-09,1.2574517726898193,1.75,1.774999976158142,1.725000023841858,1.75,4713200
2019-12-10,1.2394880056381226,1.725000023841858,1.774999976158142,1.725000023841858,1.75,1255600
2019-12-11,1.2394880056381226,1.725000023841858,1.774999976158142,1.725000023841858,1.75,1778400
2019-12-12,1.2933789491653442,1.7999999523162842,1.7999999523162842,1.75,1.75,3712000
2019-12-13,1.2933789491653442,1.7999999523162842,1.8250000476837158,1.774999976158142,1.8250000476837158,3869600
2019-12-16,1.3113423585891724,1.8250000476837158,1.8250000476837158,1.7999999523162842,1.8250000476837158,2178800
2019-12-17,1.3472696542739868,1.875,1.899999976158142,1.8250000476837158,1.8250000476837158,8517600
2019-12-18,1.3472696542739868,1.875,1.899999976158142,1.850000023841858,1.899999976158142,1813634
2019-12-19,1.3293060064315796,1.850000023841858,1.875,1.850000023841858,1.875,1259200
2019-12-20,1.3293060064315796,1.850000023841858,1.875,1.8250000476837158,1.850000023841858,4754400
2019-12-23,1.3293060064315796,1.850000023841858,1.875,1.8250000476837158,1.875,1230400
2019-12-24,1.3472696542739868,1.875,1.875,1.8250000476837158,1.850000023841858,1546400
2019-12-27,1.3831968307495117,1.9249999523162842,1.9500000476837158,1.850000023841858,1.875,5875750
2019-12-30,1.3831968307495117,1.9249999523162842,1.9500000476837158,1.899999976158142,1.9500000476837158,2672400
2019-12-31,1.3831968307495117,1.9249999523162842,1.9249999523162842,1.899999976158142,1.9249999523162842,614000
2020-01-02,1.3831968307495117,1.9249999523162842,1.9249999523162842,1.899999976158142,1.9249999523162842,1122000
2020-01-03,1.3831968307495117,1.9249999523162842,1.9249999523162842,1.875,1.9249999523162842,3121600
2020-01-06,1.3472696542739868,1.875,1.9249999523162842,1.875,1.899999976158142,1661600
2020-01-07,1.3472696542739868,1.875,1.9249999523162842,1.875,1.899999976158142,1986800
2020-01-08,1.3293060064315796,1.850000023841858,1.875,1.8250000476837158,1.875,2774800
2020-01-09,1.3293060064315796,1.850000023841858,1.875,1.7999999523162842,1.850000023841858,5310400
2020-01-10,1.3113423585891724,1.8250000476837158,1.875,1.8250000476837158,1.875,2802000
2020-01-13,1.3293060064315796,1.850000023841858,1.875,1.8250000476837158,1.850000023841858,2852000
2020-01-14,1.3293060064315796,1.850000023841858,1.875,1.850000023841858,1.875,2570400
2020-01-15,1.3293060064315796,1.850000023841858,1.875,1.850000023841858,1.850000023841858,1260000
2020-01-16,1.365233063697815,1.899999976158142,1.9249999523162842,1.8250000476837158,1.875,5080800
2020-01-17,1.365233063697815,1.899999976158142,1.9249999523162842,1.875,1.9249999523162842,2419200
2020-01-20,1.3472696542739868,1.875,1.899999976158142,1.875,1.875,1599200
2020-01-21,1.3113423585891724,1.8250000476837158,1.899999976158142,1.8250000476837158,1.875,5470000
2020-01-22,1.3293060064315796,1.850000023841858,1.850000023841858,1.7999999523162842,1.850000023841858,1779200
2020-01-23,1.2933789491653442,1.7999999523162842,1.850000023841858,1.75,1.8250000476837158,6182400
2020-01-24,1.2933789491653442,1.7999999523162842,1.7999999523162842,1.774999976158142,1.7999999523162842,849200
2020-01-29,1.2574517726898193,1.75,1.774999976158142,1.7000000476837158,1.75,5375600
2020-01-30,1.2215243577957153,1.7000000476837158,1.75,1.6749999523162842,1.75,5697600
2020-01-31,1.2394880056381226,1.725000023841858,1.725000023841858,1.6749999523162842,1.7000000476837158,3021200
2020-02-03,1.2394880056381226,1.725000023841858,1.725000023841858,1.6749999523162842,1.7000000476837158,3676845
2020-02-04,1.2574517726898193,1.75,1.75,1.7000000476837158,1.725000023841858,1908400
2020-02-05,1.2574517726898193,1.75,1.75,1.725000023841858,1.75,1155200
2020-02-06,1.2574517726898193,1.75,1.774999976158142,1.725000023841858,1.75,4052800
2020-02-07,1.2394880056381226,1.725000023841858,1.75,1.7000000476837158,1.75,2331600
2020-02-10,1.2394880056381226,1.725000023841858,1.725000023841858,1.7000000476837158,1.7000000476837158,1121600
2020-02-11,1.2394880056381226,1.725000023841858,1.725000023841858,1.7000000476837158,1.725000023841858,2070400
2020-02-12,1.2394880056381226,1.725000023841858,1.75,1.7000000476837158,1.725000023841858,2833522
2020-02-13,1.2394880056381226,1.725000023841858,1.75,1.725000023841858,1.75,616000
2020-02-14,1.275415062904358,1.774999976158142,1.7999999523162842,1.725000023841858,1.725000023841858,5323200
2020-02-17,1.275415062904358,1.774999976158142,1.774999976158142,1.75,1.774999976158142,1534400
2020-02-18,1.275415062904358,1.774999976158142,1.7999999523162842,1.75,1.774999976158142,1915200
2020-02-19,1.2933789491653442,1.7999999523162842,1.7999999523162842,1.774999976158142,1.7999999523162842,1351600
2020-02-20,1.275415062904358,1.774999976158142,1.7999999523162842,1.75,1.7999999523162842,2963600
2020-02-21,1.2933789491653442,1.7999999523162842,1.7999999523162842,1.75,1.774999976158142,1849600
2020-02-24,1.2574517726898193,1.75,1.774999976158142,1.75,1.774999976158142,4126400
2020-02-25,1.2574517726898193,1.75,1.75,1.725000023841858,1.75,5552960
2020-02-26,1.2394880056381226,1.725000023841858,1.75,1.725000023841858,1.725000023841858,2446800
2020-02-27,1.2394880056381226,1.725000023841858,1.75,1.725000023841858,1.725000023841858,2098800
2020-02-28,1.2035609483718872,1.6749999523162842,1.725000023841858,1.6749999523162842,1.7000000476837158,8828800
2020-03-02,1.2035609483718872,1.6749999523162842,1.7000000476837158,1.6749999523162842,1.6749999523162842,2312400
2020-03-03,1.2215243577957153,1.7000000476837158,1.725000023841858,1.6749999523162842,1.7000000476837158,1152400
2020-03-04,1.2215243577957153,1.7000000476837158,1.725000023841858,1.6749999523162842,1.7000000476837158,2830000
2020-03-05,1.2215243577957153,1.7000000476837158,1.725000023841858,1.7000000476837158,1.7000000476837158,1264400
2020-03-06,1.2215243577957153,1.7000000476837158,1.725000023841858,1.6749999523162842,1.725000023841858,3173600
2020-03-09,1.1676337718963623,1.625,1.6749999523162842,1.625,1.6749999523162842,5993600
2020-03-10,1.1676337718963623,1.625,1.649999976158142,1.600000023841858,1.625,3467600
2020-03-11,1.1676337718963623,1.625,1.649999976158142,1.625,1.625,1742800
2020-03-12,1.1137430667877197,1.5499999523162842,1.625,1.5499999523162842,1.600000023841858,3849600
2020-03-13,1.0778156518936157,1.5,1.5,1.399999976158142,1.5,5824000
2020-03-16,1.005961298942566,1.399999976158142,1.5,1.399999976158142,1.475000023841858,3242000
2020-03-17,1.005961298942566,1.399999976158142,1.4249999523162842,1.3250000476837158,1.375,4890400
2020-03-18,0.970034122467041,1.350000023841858,1.4500000476837158,1.350000023841858,1.4249999523162842,2491600
2020-03-19,0.9879976511001587,1.375,1.375,1.25,1.350000023841858,6541600
2020-03-20,1.005961298942566,1.399999976158142,1.399999976158142,1.3250000476837158,1.350000023841858,3719200
2020-03-23,0.9341070055961609,1.2999999523162842,1.375,1.2999999523162842,1.3250000476837158,2110800
2020-03-24,0.9520704746246338,1.3250000476837158,1.350000023841858,1.2999999523162842,1.3250000476837158,1852000
2020-03-25,0.970034122467041,1.350000023841858,1.399999976158142,1.350000023841858,1.350000023841858,3238015
2020-03-26,0.9879976511001587,1.375,1.375,1.350000023841858,1.350000023841858,2461800
2020-03-27,0.9879976511001587,1.375,1.399999976158142,1.350000023841858,1.375,2708000
2020-03-30,1.0203320980072021,1.4199999570846558,1.4600000381469727,1.309999942779541,1.309999942779541,1642800
2020-03-31,0.95566326379776,1.3300000429153442,1.4700000286102295,1.3300000429153442,1.4500000476837158,3474400
2020-04-01,0.9269214272499084,1.2899999618530273,1.350000023841858,1.2599999904632568,1.309999942779541,3846400
2020-04-02,0.9197360873222351,1.2799999713897705,1.2899999618530273,1.2200000286102295,1.2599999904632568,3955600
2020-04-03,0.9125505089759827,1.2699999809265137,1.309999942779541,1.25,1.2799999713897705,1713200
2020-04-06,0.9125505089759827,1.2699999809265137,1.2899999618530273,1.25,1.2699999809265137,1865600
2020-04-07,0.9628487229347229,1.340000033378601,1.340000033378601,1.2799999713897705,1.2899999618530273,2491200
2020-04-08,0.9341070055961609,1.2999999523162842,1.3300000429153442,1.2999999523162842,1.3300000429153442,1454000
2020-04-09,0.9772194027900696,1.3600000143051147,1.3799999952316284,1.309999942779541,1.3200000524520874,2309600
2020-04-14,0.95566326379776,1.3300000429153442,1.3700000047683716,1.3200000524520874,1.3700000047683716,1729600
2020-04-15,1.0203320980072021,1.4199999570846558,1.5099999904632568,1.340000033378601,1.340000033378601,2757200
2020-04-16,1.013146996498108,1.409999966621399,1.4600000381469727,1.399999976158142,1.4600000381469727,3305200
2020-04-17,1.0203320980072021,1.4199999570846558,1.4700000286102295,1.409999966621399,1.4199999570846558,4069600
2020-04-20,1.0490740537643433,1.4600000381469727,1.4800000190734863,1.4199999570846558,1.4299999475479126,3932300
2020-04-21,1.005961298942566,1.399999976158142,1.4800000190734863,1.399999976158142,1.4500000476837158,2123600
2020-04-22,1.0203320980072021,1.4199999570846558,1.4199999570846558,1.3700000047683716,1.399999976158142,1929200
2020-04-23,1.0203320980072021,1.4199999570846558,1.4299999475479126,1.409999966621399,1.4199999570846558,2527200
2020-04-24,1.0347031354904175,1.440000057220459,1.4500000476837158,1.409999966621399,1.409999966621399,2196800
2020-04-27,1.0490740537643433,1.4600000381469727,1.4800000190734863,1.440000057220459,1.440000057220459,3018000
2020-04-28,1.0778156518936157,1.5,1.5,1.4500000476837158,1.4600000381469727,3160800
2020-04-29,1.0850012302398682,1.5099999904632568,1.5099999904632568,1.4600000381469727,1.5,3609200
2020-05-04,1.027517557144165,1.4299999475479126,1.4800000190734863,1.4299999475479126,1.4700000286102295,2683201
2020-05-05,1.0203320980072021,1.4199999570846558,1.4500000476837158,1.4199999570846558,1.4199999570846558,3025200
2020-05-06,1.0347031354904175,1.440000057220459,1.440000057220459,1.4199999570846558,1.4199999570846558,2000400
2020-05-07,1.0347031354904175,1.440000057220459,1.440000057220459,1.4199999570846558,1.4299999475479126,894800
2020-05-08,1.0347031354904175,1.440000057220459,1.4600000381469727,1.4199999570846558,1.4500000476837158,3098800
2020-05-11,1.0490740537643433,1.4600000381469727,1.4800000190734863,1.4500000476837158,1.4500000476837158,3378000
2020-05-12,1.027517557144165,1.4299999475479126,1.4500000476837158,1.4199999570846558,1.4500000476837158,2310000
2020-05-13,1.0203320980072021,1.4199999570846558,1.4299999475479126,1.409999966621399,1.4199999570846558,2512200
2020-05-14,1.0203320980072021,1.4199999570846558,1.4199999570846558,1.3899999856948853,1.399999976158142,1536800
2020-05-15,1.013146996498108,1.409999966621399,1.4199999570846558,1.3899999856948853,1.409999966621399,2588400
2020-05-18,1.0347031354904175,1.440000057220459,1.440000057220459,1.340000033378601,1.399999976158142,3091200
2020-05-19,1.0347031354904175,1.440000057220459,1.4600000381469727,1.4299999475479126,1.4299999475479126,1379600
2020-05-20,1.013146996498108,1.409999966621399,1.4299999475479126,1.409999966621399,1.4299999475479126,1450600
2020-05-21,1.005961298942566,1.399999976158142,1.4199999570846558,1.399999976158142,1.409999966621399,920000
2020-05-22,0.95566326379776,1.3300000429153442,1.3899999856948853,1.3200000524520874,1.3799999952316284,3653800
2020-05-25,0.9772194027900696,1.3600000143051147,1.3700000047683716,1.3200000524520874,1.3200000524520874,1802000
2020-05-26,0.9915903210639954,1.3799999952316284,1.3899999856948853,1.350000023841858,1.350000023841858,1316800
2020-05-27,0.9772194027900696,1.3600000143051147,1.3899999856948853,1.3300000429153442,1.3700000047683716,1553600
2020-05-28,0.9628487229347229,1.340000033378601,1.350000023841858,1.3300000429153442,1.350000023841858,1386800
2020-05-29,0.9269214272499084,1.2899999618530273,1.3600000143051147,1.2899999618530273,1.3300000429153442,5682799
2020-06-01,0.95566326379776,1.3300000429153442,1.350000023841858,1.309999942779541,1.309999942779541,3538000
2020-06-02,0.9484778046607971,1.3200000524520874,1.3300000429153442,1.309999942779541,1.3300000429153442,2692800
2020-06-03,1.005961298942566,1.399999976158142,1.4199999570846558,1.3300000429153442,1.3300000429153442,8582400
2020-06-04,0.9987758994102478,1.3899999856948853,1.4299999475479126,1.3700000047683716,1.4299999475479126,4958800
2020-06-05,1.0490740537643433,1.4600000381469727,1.4800000190734863,1.3899999856948853,1.3899999856948853,4856000
2020-06-08,1.0850012302398682,1.5099999904632568,1.5299999713897705,1.4500000476837158,1.4600000381469727,5191200
2020-06-09,1.1496702432632446,1.600000023841858,1.6299999952316284,1.5,1.5,8510000
2020-06-10,1.1352992057800293,1.5800000429153442,1.600000023841858,1.5499999523162842,1.590000033378601,3593800
2020-06-11,1.1137430667877197,1.5499999523162842,1.590000033378601,1.5299999713897705,1.5700000524520874,5724400
2020-06-12,1.1927826404571533,1.659999966621399,1.6699999570846558,1.4900000095367432,1.5199999809265137,9634800
2020-06-15,1.1640409231185913,1.6200000047683716,1.690000057220459,1.6100000143051147,1.649999976158142,6710800
2020-06-16,1.1712265014648438,1.6299999952316284,1.649999976158142,1.6100000143051147,1.649999976158142,3716200
2020-06-17,1.2179913520812988,1.6200000047683716,1.6299999952316284,1.559999942779541,1.590000033378601,7548400
2020-06-18,1.2781388759613037,1.7000000476837158,1.7300000190734863,1.6200000047683716,1.649999976158142,17570400
2020-06-19,1.240546464920044,1.649999976158142,1.7300000190734863,1.590000033378601,1.7200000286102295,10876000
2020-06-22,1.2179913520812988,1.6200000047683716,1.6699999570846558,1.600000023841858,1.6299999952316284,4525600
2020-06-23,1.1879174709320068,1.5800000429153442,1.6299999952316284,1.5700000524520874,1.6299999952316284,3156000
2020-06-24,1.1578433513641357,1.5399999618530273,1.590000033378601,1.5299999713897705,1.590000033378601,4609601
2020-06-26,1.135288119316101,1.5099999904632568,1.5700000524520874,1.5,1.5499999523162842,2330000
2020-06-29,1.1503251791000366,1.5299999713897705,1.5800000429153442,1.5199999809265137,1.5299999713897705,5256000
2020-06-30,1.1503251791000366,1.5299999713897705,1.5499999523162842,1.5199999809265137,1.5299999713897705,3383671
2020-07-02,1.225509762763977,1.6299999952316284,1.659999966621399,1.5299999713897705,1.5399999618530273,7011200
2020-07-03,1.1879174709320068,1.5800000429153442,1.6299999952316284,1.559999942779541,1.6299999952316284,6186800
2020-07-06,1.2104727029800415,1.6100000143051147,1.6100000143051147,1.5700000524520874,1.5800000429153442,7620400
2020-07-07,1.1879174709320068,1.5800000429153442,1.6299999952316284,1.5700000524520874,1.6200000047683716,5746400
2020-07-08,1.195435881614685,1.590000033378601,1.600000023841858,1.559999942779541,1.5800000429153442,3947471
2020-07-09,1.1879174709320068,1.5800000429153442,1.6100000143051147,1.559999942779541,1.600000023841858,7189200
2020-07-10,1.1728805303573608,1.559999942779541,1.590000033378601,1.5499999523162842,1.5800000429153442,4019200
2020-07-13,1.2029544115066528,1.600000023841858,1.6100000143051147,1.5399999618530273,1.559999942779541,6121600
2020-07-14,1.270620584487915,1.690000057220459,1.7100000381469727,1.5499999523162842,1.590000033378601,14783200
2020-07-15,1.2555835247039795,1.6699999570846558,1.7300000190734863,1.6399999856948853,1.7100000381469727,6706800
2020-07-16,1.2330281734466553,1.6399999856948853,1.6799999475479126,1.600000023841858,1.6699999570846558,9607904
2020-07-17,1.2781388759613037,1.7000000476837158,1.7000000476837158,1.6299999952316284,1.6299999952316284,9735700
2020-07-20,1.3006943464279175,1.7300000190734863,1.7799999713897705,1.7000000476837158,1.7000000476837158,13326000
2020-07-21,1.3006943464279175,1.7300000190734863,1.7400000095367432,1.690000057220459,1.7400000095367432,9437600
2020-07-22,1.2856574058532715,1.7100000381469727,1.7799999713897705,1.6799999475479126,1.7300000190734863,10658800
2020-07-23,1.40595281124115,1.8700000047683716,1.8899999856948853,1.6799999475479126,1.7200000286102295,36547200
2020-07-24,1.3608418703079224,1.809999942779541,1.909999966621399,1.7699999809265137,1.850000023841858,16676400
2020-07-27,1.3833974599838257,1.840000033378601,1.8700000047683716,1.7799999713897705,1.840000033378601,10582400
2020-07-28,1.436026692390442,1.909999966621399,1.9199999570846558,1.8600000143051147,1.8600000143051147,17012400
2020-07-29,1.4285081624984741,1.899999976158142,1.9199999570846558,1.8700000047683716,1.909999966621399,12062200
2020-07-30,1.4510635137557983,1.9299999475479126,1.9500000476837158,1.8600000143051147,1.899999976158142,19323600
2020-07-31,1.4661006927490234,1.9500000476837158,1.9800000190734863,1.899999976158142,1.9299999475479126,17694800
2020-08-03,1.4811376333236694,1.9700000286102295,2.049999952316284,1.9600000381469727,1.9800000190734863,26275000
2020-08-04,1.4209896326065063,1.8899999856948853,1.9900000095367432,1.8799999952316284,1.9700000286102295,15850800
2020-08-05,1.40595281124115,1.8700000047683716,1.909999966621399,1.850000023841858,1.899999976158142,7835200
2020-08-06,1.4134713411331177,1.8799999952316284,1.8899999856948853,1.8300000429153442,1.8700000047683716,6056800
2020-08-07,1.3984342813491821,1.8600000143051147,1.909999966621399,1.8300000429153442,1.8899999856948853,8282000
2020-08-10,1.4209896326065063,1.8899999856948853,2.0,1.8700000047683716,1.9299999475479126,18523600
2020-08-11,1.390916109085083,1.850000023841858,1.9199999570846558,1.850000023841858,1.899999976158142,7374000
2020-08-12,1.4134713411331177,1.8799999952316284,1.899999976158142,1.8300000429153442,1.8799999952316284,6185200
2020-08-13,1.4285081624984741,1.899999976158142,1.9600000381469727,1.8700000047683716,1.8700000047683716,5976800
2020-08-14,1.4209896326065063,1.8899999856948853,1.899999976158142,1.8600000143051147,1.8799999952316284,3610000
2020-08-17,1.4134713411331177,1.8799999952316284,1.9299999475479126,1.8799999952316284,1.899999976158142,3188800
2020-08-18,1.4510635137557983,1.9299999475479126,1.9500000476837158,1.8899999856948853,1.899999976158142,5601170
2020-08-19,1.4585820436477661,1.940000057220459,1.9600000381469727,1.909999966621399,1.9299999475479126,3894000
2020-08-20,1.4435449838638306,1.9199999570846558,1.9299999475479126,1.899999976158142,1.9299999475479126,2166400
2020-08-21,1.4585820436477661,1.940000057220459,1.9600000381469727,1.9199999570846558,1.9199999570846558,5589600
2020-08-24,1.4435449838638306,1.9199999570846558,1.9500000476837158,1.899999976158142,1.9299999475479126,4844400
2020-08-25,1.4435449838638306,1.9199999570846558,2.049999952316284,1.899999976158142,1.909999966621399,18402800
2020-08-26,1.488655924797058,1.9800000190734863,2.0199999809265137,1.9299999475479126,1.9299999475479126,8914000
2020-08-27,1.4961744546890259,1.9900000095367432,2.009999990463257,1.9299999475479126,1.9700000286102295,7998400
2020-08-28,1.5713591575622559,2.0899999141693115,2.0999999046325684,1.9900000095367432,1.9900000095367432,17342400
2020-08-31,1.5863958597183228,2.109999895095825,2.190000057220459,2.0799999237060547,2.0999999046325684,19516800
2020-09-01,1.6089515686035156,2.140000104904175,2.1700000762939453,2.049999952316284,2.1600000858306885,11582400
2020-09-02,1.6014330387115479,2.130000114440918,2.1500000953674316,2.0899999141693115,2.1500000953674316,5742800
2020-09-03,1.789394497871399,2.380000114440918,2.4700000286102295,2.119999885559082,2.140000104904175,45298800
2020-09-04,1.9548008441925049,2.5999999046325684,2.640000104904175,2.259999990463257,2.299999952316284,31713200
2020-09-07,1.8570609092712402,2.4700000286102295,2.630000114440918,2.440000057220459,2.609999895095825,19260800
2020-09-08,1.8570609092712402,2.4700000286102295,2.5399999618530273,2.380000114440918,2.5199999809265137,12546800
2020-09-09,1.9623193740844727,2.609999895095825,2.690000057220459,2.4200000762939453,2.4600000381469727,21705200
2020-09-10,1.8871347904205322,2.509999990463257,2.6500000953674316,2.4800000190734863,2.630000114440918,17192400
2020-09-11,1.894653081893921,2.5199999809265137,2.5799999237060547,2.4800000190734863,2.509999990463257,8442400
2020-09-14,1.879616379737854,2.5,2.5799999237060547,2.4800000190734863,2.5299999713897705,9315200
2020-09-15,1.9172087907791138,2.549999952316284,2.5899999141693115,2.4600000381469727,2.509999990463257,10824400
2020-09-16,1.894653081893921,2.5199999809265137,2.630000114440918,2.509999990463257,2.5799999237060547,8406400
2020-09-17,1.8206785917282104,2.380000114440918,2.509999990463257,2.369999885559082,2.490000009536743,14188000
2020-09-18,1.8283283710479736,2.390000104904175,2.4000000953674316,2.359999895095825,2.380000114440918,5100400
2020-09-21,1.7365292310714722,2.2699999809265137,2.380000114440918,2.259999990463257,2.380000114440918,11299470
2020-09-22,1.7212295532226562,2.25,2.319999933242798,2.2100000381469727,2.259999990463257,9420000
2020-09-23,1.7365292310714722,2.2699999809265137,2.2699999809265137,2.190000057220459,2.25,6869200
2020-09-24,1.713579773902893,2.240000009536743,2.259999990463257,2.180000066757202,2.2300000190734863,7644000
2020-09-25,1.713579773902893,2.240000009536743,2.2899999618530273,2.200000047683716,2.2300000190734863,7096000
2020-09-28,1.728879690170288,2.259999990463257,2.2699999809265137,2.2200000286102295,2.2300000190734863,3191200
2020-09-29,1.744179129600525,2.2799999713897705,2.2899999618530273,2.2200000286102295,2.259999990463257,4309200
2020-09-30,1.8206785917282104,2.380000114440918,2.380000114440918,2.2799999713897705,2.2799999713897705,7460400
2020-10-05,1.8971774578094482,2.4800000190734863,2.490000009536743,2.3399999141693115,2.390000104904175,10441600
2020-10-06,1.9124774932861328,2.5,2.549999952316284,2.4700000286102295,2.4800000190734863,6510078
2020-10-07,1.8895277976989746,2.4700000286102295,2.5199999809265137,2.4600000381469727,2.490000009536743,3672800
2020-10-08,1.866578221321106,2.440000057220459,2.4700000286102295,2.430000066757202,2.4700000286102295,3465600
2020-10-09,1.8512779474258423,2.4200000762939453,2.4600000381469727,2.4000000953674316,2.440000057220459,3256400
2020-10-12,2.01957631111145,2.640000104904175,2.7100000381469727,2.440000057220459,2.440000057220459,29621800
2020-10-14,2.0654752254486084,2.700000047683716,2.759999990463257,2.640000104904175,2.6600000858306885,11955200
2020-10-15,2.0042762756347656,2.619999885559082,2.740000009536743,2.5999999046325684,2.700000047683716,5046800
2020-10-16,2.027226209640503,2.6500000953674316,2.690000057220459,2.630000114440918,2.640000104904175,3368400
2020-10-19,1.9813268184661865,2.5899999141693115,2.680000066757202,2.569999933242798,2.6500000953674316,3522800
2020-10-20,2.0042762756347656,2.619999885559082,2.630000114440918,2.559999942779541,2.619999885559082,2288000
2020-10-21,1.9660266637802124,2.569999933242798,2.6500000953674316,2.569999933242798,2.640000104904175,2976000
2020-10-22,1.9813268184661865,2.5899999141693115,2.5999999046325684,2.5,2.5799999237060547,4930000
2020-10-23,1.9354273080825806,2.5299999713897705,2.5799999237060547,2.509999990463257,2.559999942779541,3800400
2020-10-27,1.9813268184661865,2.5899999141693115,2.5899999141693115,2.4700000286102295,2.5299999713897705,6879600
2020-10-28,2.0654752254486084,2.700000047683716,2.7200000286102295,2.5899999141693115,2.5899999141693115,9674800
2020-10-29,2.141974925994873,2.799999952316284,2.799999952316284,2.6500000953674316,2.6600000858306885,14327600
2020-10-30,2.1266748905181885,2.7799999713897705,2.8299999237060547,2.75,2.799999952316284,19417200
2020-11-02,2.0119261741638184,2.630000114440918,2.809999942779541,2.630000114440918,2.7799999713897705,9164000
2020-11-03,2.01957631111145,2.640000104904175,2.680000066757202,2.640000104904175,2.6700000762939453,4142400
2020-11-04,2.0119261741638184,2.630000114440918,2.759999990463257,2.619999885559082,2.640000104904175,7272400
2020-11-05,2.0654752254486084,2.700000047683716,2.7100000381469727,2.640000104904175,2.6500000953674316,3859800
2020-11-06,2.0501761436462402,2.680000066757202,2.7899999618530273,2.6600000858306885,2.700000047683716,6146800
2020-11-09,2.0425257682800293,2.6700000762939453,2.7300000190734863,2.6500000953674316,2.7200000286102295,5576000
2020-11-10,2.0501761436462402,2.680000066757202,2.700000047683716,2.6500000953674316,2.700000047683716,4430000
2020-11-11,1.9583770036697388,2.559999942779541,2.690000057220459,2.549999952316284,2.690000057220459,9114800
2020-11-12,2.0348756313323975,2.6600000858306885,2.680000066757202,2.559999942779541,2.559999942779541,4455600
2020-11-13,1.9966259002685547,2.609999895095825,2.680000066757202,2.5899999141693115,2.6600000858306885,3265200
2020-11-16,2.027226209640503,2.6500000953674316,2.6700000762939453,2.5899999141693115,2.619999885559082,2830400
2020-11-17,2.01957631111145,2.640000104904175,2.6600000858306885,2.5999999046325684,2.6500000953674316,3438000
2020-11-18,2.141974925994873,2.799999952316284,2.869999885559082,2.630000114440918,2.640000104904175,27649652
2020-11-19,2.172574043273926,2.8399999141693115,2.880000114440918,2.809999942779541,2.809999942779541,13553600
2020-11-20,2.0884249210357666,2.7300000190734863,2.880000114440918,2.700000047683716,2.8399999141693115,11459200
2020-11-23,2.0731256008148193,2.7100000381469727,2.759999990463257,2.6600000858306885,2.740000009536743,7610800
2020-11-24,2.0425257682800293,2.6700000762939453,2.7100000381469727,2.6600000858306885,2.7100000381469727,4847600
2020-11-25,2.057826042175293,2.690000057220459,2.819999933242798,2.690000057220459,2.690000057220459,12980400
2020-11-26,2.0654752254486084,2.700000047683716,2.7100000381469727,2.680000066757202,2.690000057220459,3025600
2020-11-27,2.057826042175293,2.690000057220459,2.7200000286102295,2.6700000762939453,2.7200000286102295,2940000
2020-11-30,1.9048271179199219,2.490000009536743,2.700000047683716,2.490000009536743,2.700000047683716,15298800
2020-12-01,1.9430766105651855,2.5399999618530273,2.630000114440918,2.5299999713897705,2.549999952316284,12961600
2020-12-02,1.8895277976989746,2.4700000286102295,2.559999942779541,2.4200000762939453,2.549999952316284,12828000
2020-12-03,1.8589279651641846,2.430000066757202,2.5,2.390000104904175,2.5,21120864
2020-12-04,1.8512779474258423,2.4200000762939453,2.440000057220459,2.4000000953674316,2.4100000858306885,8698000
2020-12-07,1.8283283710479736,2.390000104904175,2.4200000762939453,2.3499999046325684,2.4200000762939453,8112800
2020-12-08,1.7824286222457886,2.3299999237060547,2.4000000953674316,2.319999933242798,2.4000000953674316,9704850
2020-12-09,1.7365292310714722,2.2699999809265137,2.359999895095825,2.25,2.3299999237060547,13405200
2020-12-10,1.744179129600525,2.2799999713897705,2.2799999713897705,2.2100000381469727,2.2799999713897705,6833223
2020-12-11,1.7594791650772095,2.299999952316284,2.3499999046325684,2.2799999713897705,2.299999952316284,8154000
2020-12-14,1.7212295532226562,2.25,2.299999952316284,2.2100000381469727,2.299999952316284,9913600
2020-12-15,1.713579773902893,2.240000009536743,2.2799999713897705,2.200000047683716,2.25,7716000
2020-12-16,1.744179129600525,2.2799999713897705,2.309999942779541,2.2300000190734863,2.240000009536743,7418800
2020-12-17,1.7212295532226562,2.25,2.309999942779541,2.240000009536743,2.2899999618530273,5713600
2020-12-18,1.7212295532226562,2.25,2.2699999809265137,2.2300000190734863,2.259999990463257,4351220
2020-12-21,1.8283283710479736,2.390000104904175,2.390000104904175,2.25,2.25,9437600
2020-12-22,1.7365292310714722,2.2699999809265137,2.390000104904175,2.25,2.369999885559082,8721600
2020-12-23,1.7365292310714722,2.2699999809265137,2.299999952316284,2.2699999809265137,2.2699999809265137,2950000
2020-12-24,1.7059298753738403,2.2300000190734863,2.2300000190734863,2.2300000190734863,2.2300000190734863,0
2020-12-28,1.6370806694030762,2.140000104904175,2.259999990463257,2.119999885559082,2.240000009536743,12310000
2020-12-29,1.6676803827285767,2.180000066757202,2.190000057220459,2.119999885559082,2.130000114440918,3882400
2020-12-30,1.6676803827285767,2.180000066757202,2.200000047683716,2.140000104904175,2.1700000762939453,2134000
2020-12-31,1.6906299591064453,2.2100000381469727,2.2100000381469727,2.2100000381469727,2.2100000381469727,0
2021-01-04,1.6523804664611816,2.1600000858306885,2.2200000286102295,2.140000104904175,2.200000047683716,3207200
2021-01-05,1.6141306161880493,2.109999895095825,2.140000104904175,2.0799999237060547,2.130000114440918,7730800
2021-01-06,1.5911811590194702,2.0799999237060547,2.130000114440918,2.069999933242798,2.119999885559082,6055200
2021-01-07,1.5682313442230225,2.049999952316284,2.0799999237060547,2.009999990463257,2.0799999237060547,6537600
2021-01-08,1.5911811590194702,2.0799999237060547,2.0799999237060547,2.0199999809265137,2.0399999618530273,4390801
2021-01-11,1.6600306034088135,2.1700000762939453,2.180000066757202,2.0899999141693115,2.0899999141693115,6903600
2021-01-12,1.5835310220718384,2.069999933242798,2.190000057220459,2.059999942779541,2.190000057220459,8173600
2021-01-13,1.5835310220718384,2.069999933242798,2.119999885559082,2.049999952316284,2.069999933242798,4350000
2021-01-14,1.5758812427520752,2.059999942779541,2.0899999141693115,2.0299999713897705,2.069999933242798,5123200
2021-01-15,1.552931547164917,2.0299999713897705,2.059999942779541,2.0199999809265137,2.049999952316284,4473400
2021-01-18,1.6523804664611816,2.1600000858306885,2.180000066757202,2.059999942779541,2.0799999237060547,11406000
2021-01-19,1.6064808368682861,2.0999999046325684,2.190000057220459,2.059999942779541,2.190000057220459,11749400
2021-01-20,1.6600306034088135,2.1700000762939453,2.1700000762939453,2.069999933242798,2.109999895095825,13554000
2021-01-21,1.8053784370422363,2.359999895095825,2.4000000953674316,2.1700000762939453,2.2200000286102295,46675720
2021-01-22,1.7594791650772095,2.299999952316284,2.4200000762939453,2.2300000190734863,2.380000114440918,22788000
2021-01-25,1.7824286222457886,2.3299999237060547,2.369999885559082,2.299999952316284,2.3399999141693115,13876400
2021-01-26,1.7212295532226562,2.25,2.369999885559082,2.240000009536743,2.3399999141693115,8889200
2021-01-27,1.6064808368682861,2.0999999046325684,2.2100000381469727,2.049999952316284,2.190000057220459,280918800
2021-01-28,1.5146820545196533,1.9800000190734863,2.0899999141693115,1.9700000286102295,2.069999933242798,37326000
2021-01-29,1.422883152961731,1.8600000143051147,2.0399999618530273,1.840000033378601,2.0,31480000
2021-02-01,1.4764324426651,1.9299999475479126,1.940000057220459,1.8899999856948853,1.8899999856948853,12729000
2021-02-02,1.4993822574615479,1.9600000381469727,1.9900000095367432,1.940000057220459,1.9600000381469727,18319200
2021-02-03,1.4917322397232056,1.9500000476837158,1.9700000286102295,1.9299999475479126,1.9700000286102295,6926800
2021-02-04,1.5070321559906006,1.9700000286102295,2.0199999809265137,1.9500000476837158,1.9500000476837158,8970000
2021-02-05,1.4687825441360474,1.9199999570846558,1.9600000381469727,1.909999966621399,1.9600000381469727,5886800
2021-02-08,1.4381829500198364,1.8799999952316284,1.9299999475479126,1.850000023841858,1.909999966621399,8249000
2021-02-09,1.4534826278686523,1.899999976158142,1.9299999475479126,1.8799999952316284,1.8799999952316284,4402000
2021-02-10,1.461132526397705,1.909999966621399,1.9199999570846558,1.8799999952316284,1.899999976158142,5786000
2021-02-11,1.4687825441360474,1.9199999570846558,1.9199999570846558,1.9199999570846558,1.9199999570846558,0
2021-02-16,1.5452816486358643,2.0199999809265137,2.0799999237060547,1.940000057220459,1.940000057220459,16629600
2021-02-17,1.5146820545196533,1.9800000190734863,2.0399999618530273,1.9700000286102295,2.0199999809265137,10236600
2021-02-18,1.4687825441360474,1.9199999570846558,1.9900000095367432,1.9199999570846558,1.9800000190734863,14677200
2021-02-19,1.4917322397232056,1.9500000476837158,1.9500000476837158,1.909999966621399,1.9199999570846558,6579400
2021-02-22,1.5758812427520752,2.059999942779541,2.0999999046325684,2.009999990463257,2.0199999809265137,31319200
2021-02-23,1.552931547164917,2.0299999713897705,2.0799999237060547,2.009999990463257,2.069999933242798,9569355
2021-02-24,1.5070321559906006,1.9700000286102295,2.049999952316284,1.9299999475479126,2.049999952316284,11719600
2021-02-25,1.537631869316101,2.009999990463257,2.0399999618530273,1.9600000381469727,1.9900000095367432,7031600
2021-02-26,1.5070321559906006,1.9700000286102295,2.009999990463257,1.9500000476837158,1.9800000190734863,8571600
2021-03-01,1.5452816486358643,2.0199999809265137,2.059999942779541,1.9700000286102295,1.9800000190734863,6858400
2021-03-02,1.5299818515777588,2.0,2.059999942779541,2.0,2.0399999618530273,3188400
2021-03-03,1.5452816486358643,2.0199999809265137,2.049999952316284,2.0,2.009999990463257,3602400
2021-03-04,1.5146820545196533,1.9800000190734863,2.0399999618530273,1.9500000476837158,2.0199999809265137,6114800
2021-03-05,1.4917322397232056,1.9500000476837158,1.9700000286102295,1.9199999570846558,1.9700000286102295,6143628
2021-03-08,1.4917322397232056,1.9500000476837158,2.0399999618530273,1.9199999570846558,1.9700000286102295,8508000
2021-03-09,1.4764324426651,1.9299999475479126,1.9800000190734863,1.9199999570846558,1.9800000190734863,4710000
2021-03-10,1.5299818515777588,2.0,2.0199999809265137,1.940000057220459,1.940000057220459,6740400
2021-03-11,1.5452816486358643,2.0199999809265137,2.0299999713897705,2.0,2.0199999809265137,4450000
2021-03-12,1.6064808368682861,2.0999999046325684,2.180000066757202,2.009999990463257,2.0199999809265137,22042400
2021-03-15,1.5835310220718384,2.069999933242798,2.1600000858306885,2.0399999618530273,2.0999999046325684,5402000
2021-03-16,1.5758812427520752,2.059999942779541,2.069999933242798,2.0299999713897705,2.069999933242798,4980400
2021-03-17,1.5682313442230225,2.049999952316284,2.069999933242798,2.0299999713897705,2.059999942779541,5652800
2021-03-18,1.5605814456939697,2.0399999618530273,2.069999933242798,2.0299999713897705,2.049999952316284,3730800
2021-03-19,1.5452816486358643,2.0199999809265137,2.0399999618530273,1.9800000190734863,2.0299999713897705,7496604
2021-03-22,1.5299818515777588,2.0,2.0199999809265137,1.9900000095367432,2.009999990463257,2694800
2021-03-23,1.5070321559906006,1.9700000286102295,2.0,1.9600000381469727,2.0,3928000
2021-03-24,1.484082579612732,1.940000057220459,1.9700000286102295,1.9199999570846558,1.9600000381469727,6024000
2021-03-25,1.4687825441360474,1.9199999570846558,1.9500000476837158,1.899999976158142,1.9299999475479126,5084000
2021-03-26,1.5070321559906006,1.9700000286102295,1.9800000190734863,1.9299999475479126,1.9600000381469727,4137200
2021-03-29,1.461132526397705,1.909999966621399,1.9800000190734863,1.8899999856948853,1.9800000190734863,6948000
2021-03-30,1.4534826278686523,1.899999976158142,1.9199999570846558,1.850000023841858,1.909999966621399,6413200
2021-03-31,1.4305329322814941,1.8700000047683716,1.9199999570846558,1.850000023841858,1.9199999570846558,6917600
2021-04-01,1.4152333736419678,1.850000023841858,1.8799999952316284,1.840000033378601,1.8700000047683716,7956800
2021-04-07,1.3846335411071777,1.809999942779541,1.8600000143051147,1.7899999618530273,1.850000023841858,6884000
2021-04-08,1.39228355884552,1.8200000524520874,1.8300000429153442,1.7999999523162842,1.7999999523162842,2282000
2021-04-09,1.3616840839385986,1.7799999713897705,1.8200000524520874,1.7699999809265137,1.8200000524520874,4886000
2021-04-12,1.3387341499328613,1.75,1.809999942779541,1.7300000190734863,1.7999999523162842,6820073
2021-04-13,1.3616840839385986,1.7799999713897705,1.7799999713897705,1.7400000095367432,1.7599999904632568,2997600
2021-04-14,1.39228355884552,1.8200000524520874,1.8300000429153442,1.75,1.7799999713897705,5032800
2021-04-15,1.376983642578125,1.7999999523162842,1.8200000524520874,1.7699999809265137,1.8200000524520874,1204800
2021-04-16,1.3693336248397827,1.7899999618530273,1.8200000524520874,1.7799999713897705,1.809999942779541,1465600
2021-04-19,1.39228355884552,1.8200000524520874,1.8300000429153442,1.7899999618530273,1.7999999523162842,3626000
2021-04-20,1.3846335411071777,1.809999942779541,1.8200000524520874,1.7899999618530273,1.809999942779541,1815600
2021-04-21,1.3693336248397827,1.7899999618530273,1.809999942779541,1.7799999713897705,1.7999999523162842,2030400
2021-04-22,1.39228355884552,1.8200000524520874,1.850000023841858,1.7999999523162842,1.7999999523162842,4920000
2021-04-23,1.3693336248397827,1.7899999618530273,1.8300000429153442,1.7899999618530273,1.8200000524520874,2645600
2021-04-26,1.4152333736419678,1.850000023841858,1.8600000143051147,1.7899999618530273,1.7899999618530273,8466633
2021-04-27,1.3846335411071777,1.809999942779541,1.850000023841858,1.7999999523162842,1.850000023841858,2037200
2021-04-28,1.3846335411071777,1.809999942779541,1.809999942779541,1.7899999618530273,1.809999942779541,3088400
2021-04-29,1.3693336248397827,1.7899999618530273,1.809999942779541,1.7899999618530273,1.7899999618530273,2880800
2021-04-30,1.3540339469909668,1.7699999809265137,1.7899999618530273,1.7599999904632568,1.7899999618530273,1819600
2021-05-03,1.3616840839385986,1.7799999713897705,1.7799999713897705,1.7300000190734863,1.7799999713897705,2914000
2021-05-04,1.3616840839385986,1.7799999713897705,1.7899999618530273,1.7400000095367432,1.7899999618530273,1771600
2021-05-05,1.3540339469909668,1.7699999809265137,1.7899999618530273,1.75,1.7699999809265137,1876000
2021-05-06,1.3310840129852295,1.7400000095367432,1.7799999713897705,1.7300000190734863,1.7699999809265137,3707487
2021-05-07,1.3387341499328613,1.75,1.7699999809265137,1.7400000095367432,1.7599999904632568,1907936
2021-05-10,1.376983642578125,1.7999999523162842,1.8200000524520874,1.75,1.7599999904632568,5002400
2021-05-11,1.3387341499328613,1.75,1.7999999523162842,1.7400000095367432,1.7999999523162842,5041200
2021-05-12,1.3387341499328613,1.75,1.7699999809265137,1.7400000095367432,1.75,2352000
2021-05-13,1.3081344366073608,1.7100000381469727,1.75,1.7100000381469727,1.7400000095367432,3151200
2021-05-14,1.3540339469909668,1.7699999809265137,1.7699999809265137,1.6799999475479126,1.7100000381469727,5311600
2021-05-17,1.3616840839385986,1.7799999713897705,1.7799999713897705,1.75,1.7699999809265137,2928800
2021-05-18,1.4458329677581787,1.8899999856948853,1.8899999856948853,1.7899999618530273,1.7899999618530273,10493200
2021-05-20,1.422883152961731,1.8600000143051147,1.8899999856948853,1.75,1.8899999856948853,7278200
2021-05-21,1.376983642578125,1.7999999523162842,1.8600000143051147,1.7699999809265137,1.8600000143051147,9162000
2021-05-24,1.39228355884552,1.8200000524520874,1.8300000429153442,1.7799999713897705,1.8200000524520874,2392316
2021-05-25,1.39228355884552,1.8200000524520874,1.8200000524520874,1.7999999523162842,1.8200000524520874,1607200
2021-05-26,1.3999333381652832,1.8300000429153442,1.840000033378601,1.7999999523162842,1.8300000429153442,2096000
2021-05-27,1.3846335411071777,1.809999942779541,1.840000033378601,1.7899999618530273,1.8200000524520874,14182800
2021-05-28,1.376983642578125,1.7999999523162842,1.8200000524520874,1.7799999713897705,1.809999942779541,4773200
2021-05-31,1.376983642578125,1.7999999523162842,1.809999942779541,1.7699999809265137,1.7799999713897705,2587200
2021-06-01,1.3846335411071777,1.809999942779541,1.840000033378601,1.7899999618530273,1.809999942779541,9658000
2021-06-02,1.3693336248397827,1.7899999618530273,1.8200000524520874,1.7699999809265137,1.809999942779541,2366000
2021-06-03,1.346384048461914,1.7599999904632568,1.7999999523162842,1.7400000095367432,1.7999999523162842,4280000
2021-06-04,1.3540339469909668,1.7699999809265137,1.7799999713897705,1.7400000095367432,1.7599999904632568,2130000
2021-06-07,1.3540339469909668,1.7699999809265137,1.7899999618530273,1.7400000095367432,1.7899999618530273,2313122
2021-06-08,1.346384048461914,1.7599999904632568,1.7799999713897705,1.7400000095367432,1.7799999713897705,1645000
2021-06-09,1.3310840129852295,1.7400000095367432,1.7599999904632568,1.7300000190734863,1.7599999904632568,3931201
2021-06-10,1.3234342336654663,1.7300000190734863,1.7599999904632568,1.7000000476837158,1.75,7140000
2021-06-11,1.3387341499328613,1.75,1.75,1.7300000190734863,1.75,2965200
2021-06-15,1.3310840129852295,1.7400000095367432,1.75,1.7100000381469727,1.75,3904000
2021-06-16,1.3004846572875977,1.7000000476837158,1.7400000095367432,1.6699999570846558,1.7400000095367432,13010000
2021-06-17,1.3081344366073608,1.7100000381469727,1.7400000095367432,1.6799999475479126,1.7100000381469727,4380000
2021-06-18,1.3081344366073608,1.7100000381469727,1.7200000286102295,1.6699999570846558,1.7100000381469727,4986400
2021-06-21,1.3234342336654663,1.7300000190734863,1.7400000095367432,1.7000000476837158,1.7100000381469727,2875600
2021-06-22,1.3234342336654663,1.7300000190734863,1.7400000095367432,1.7200000286102295,1.7200000286102295,1171259
2021-06-23,1.3157845735549927,1.7200000286102295,1.7400000095367432,1.7100000381469727,1.7400000095367432,1534400
2021-06-24,1.3540339469909668,1.7699999809265137,1.7799999713897705,1.7100000381469727,1.7100000381469727,3270400
2021-06-25,1.3616840839385986,1.7799999713897705,1.7999999523162842,1.7599999904632568,1.7699999809265137,3727600
2021-06-28,1.407583236694336,1.840000033378601,1.840000033378601,1.7899999618530273,1.7799999713897705,5534400
2021-06-29,1.407583236694336,1.840000033378601,1.850000023841858,1.809999942779541,1.850000023841858,5150000
2021-06-30,1.422883152961731,1.8600000143051147,1.8799999952316284,1.840000033378601,1.840000033378601,4500600
2021-07-02,1.407583236694336,1.840000033378601,1.8600000143051147,1.8200000524520874,1.8600000143051147,3358400
2021-07-05,1.4305329322814941,1.8700000047683716,1.9500000476837158,1.850000023841858,1.850000023841858,12928800
2021-07-06,1.4458329677581787,1.8899999856948853,1.9199999570846558,1.8700000047683716,1.8700000047683716,3622200
2021-07-07,1.4381829500198364,1.8799999952316284,1.8899999856948853,1.8600000143051147,1.8899999856948853,1986000
2021-07-08,1.407583236694336,1.840000033378601,1.8899999856948853,1.840000033378601,1.8799999952316284,2975165
2021-07-09,1.3616840839385986,1.7799999713897705,1.840000033378601,1.7699999809265137,1.840000033378601,7436800
2021-07-12,1.4381829500198364,1.8799999952316284,1.899999976158142,1.809999942779541,1.809999942779541,4611200
2021-07-13,1.422883152961731,1.8600000143051147,1.899999976158142,1.850000023841858,1.899999976158142,2922000
2021-07-14,1.4188628196716309,1.7999999523162842,1.8200000524520874,1.7799999713897705,1.7799999713897705,2207200
2021-07-15,1.4267455339431763,1.809999942779541,1.8200000524520874,1.7699999809265137,1.7799999713897705,1397200
2021-07-16,1.4267455339431763,1.809999942779541,1.8200000524520874,1.7699999809265137,1.8200000524520874,2261600
2021-07-19,1.4188628196716309,1.7999999523162842,1.809999942779541,1.7699999809265137,1.7799999713897705,3076000
2021-07-20,1.4188628196716309,1.7999999523162842,1.840000033378601,1.7899999618530273,1.7999999523162842,3344000
2021-07-21,1.4267455339431763,1.809999942779541,1.8200000524520874,1.7799999713897705,1.7999999523162842,1952000
2021-07-22,1.4425108432769775,1.8300000429153442,1.840000033378601,1.7999999523162842,1.809999942779541,1622557
2021-07-23,1.4267455339431763,1.809999942779541,1.8300000429153442,1.7899999618530273,1.8300000429153442,2523600
2021-07-26,1.363684892654419,1.7300000190734863,1.809999942779541,1.7300000190734863,1.809999942779541,4520000
2021-07-27,1.2848591804504395,1.6299999952316284,1.7799999713897705,1.6200000047683716,1.7300000190734863,6996000
2021-07-28,1.2927417755126953,1.6399999856948853,1.659999966621399,1.6100000143051147,1.659999966621399,4560194
2021-07-29,1.3163894414901733,1.6699999570846558,1.690000057220459,1.6399999856948853,1.6399999856948853,2458000
2021-07-30,1.3794502019882202,1.75,1.7899999618530273,1.6699999570846558,1.7100000381469727,7953200
2021-08-02,1.371567726135254,1.7400000095367432,1.75,1.7000000476837158,1.7200000286102295,1886800
2021-08-03,1.3558025360107422,1.7200000286102295,1.75,1.7100000381469727,1.7400000095367432,954000
2021-08-04,1.3952152729034424,1.7699999809265137,1.7799999713897705,1.7300000190734863,1.7300000190734863,2136000
2021-08-05,1.3794502019882202,1.75,1.809999942779541,1.75,1.7699999809265137,1964000
2021-08-06,1.371567726135254,1.7400000095367432,1.7599999904632568,1.7200000286102295,1.7599999904632568,1683759
2021-08-09,1.3479198217391968,1.7100000381469727,1.7400000095367432,1.6699999570846558,1.6699999570846558,1536000
2021-08-10,1.371567726135254,1.7400000095367432,1.7400000095367432,1.7000000476837158,1.7100000381469727,1010800
2021-08-11,1.363684892654419,1.7300000190734863,1.7400000095367432,1.7000000476837158,1.7400000095367432,3412000
2021-08-12,1.3479198217391968,1.7100000381469727,1.7300000190734863,1.690000057220459,1.7100000381469727,2292400
2021-08-13,1.3400373458862305,1.7000000476837158,1.7100000381469727,1.6799999475479126,1.7100000381469727,1055200
2021-08-16,1.3242720365524292,1.6799999475479126,1.7000000476837158,1.659999966621399,1.690000057220459,1614800
2021-08-17,1.3242720365524292,1.6799999475479126,1.690000057220459,1.6299999952316284,1.6799999475479126,4884000
2021-08-18,1.3163894414901733,1.6699999570846558,1.690000057220459,1.6399999856948853,1.6699999570846558,1194000
2021-08-19,1.308506965637207,1.659999966621399,1.690000057220459,1.649999976158142,1.690000057220459,1709200
2021-08-20,1.2769765853881836,1.6200000047683716,1.6799999475479126,1.6200000047683716,1.6799999475479126,2127099
2021-08-23,1.2927417755126953,1.6399999856948853,1.659999966621399,1.6299999952316284,1.6299999952316284,1183200
2021-08-24,1.2848591804504395,1.6299999952316284,1.6699999570846558,1.6299999952316284,1.6699999570846558,1890800
2021-08-25,1.2927417755126953,1.6399999856948853,1.659999966621399,1.6399999856948853,1.649999976158142,1243200
2021-08-26,1.3163894414901733,1.6699999570846558,1.6799999475479126,1.6299999952316284,1.6299999952316284,2410000
2021-08-27,1.3321547508239746,1.690000057220459,1.7000000476837158,1.6699999570846558,1.6699999570846558,2116800
2021-08-30,1.3400373458862305,1.7000000476837158,1.7200000286102295,1.690000057220459,1.7000000476837158,1908000
2021-08-31,1.3163894414901733,1.6699999570846558,1.7100000381469727,1.659999966621399,1.7000000476837158,4066400
2021-09-01,1.3321547508239746,1.690000057220459,1.7000000476837158,1.659999966621399,1.659999966621399,3403200
2021-09-02,1.3400373458862305,1.7000000476837158,1.7100000381469727,1.6699999570846558,1.7000000476837158,4234800
2021-09-03,1.3321547508239746,1.690000057220459,1.7000000476837158,1.6699999570846558,1.7000000476837158,3556000
2021-09-06,1.3479198217391968,1.7100000381469727,1.7300000190734863,1.690000057220459,1.7000000476837158,7587200
2021-09-07,1.3321547508239746,1.690000057220459,1.7300000190734863,1.690000057220459,1.7100000381469727,6291625
2021-09-08,1.3242720365524292,1.6799999475479126,1.7200000286102295,1.6699999570846558,1.7000000476837158,6216000
2021-09-09,1.3163894414901733,1.6699999570846558,1.690000057220459,1.6200000047683716,1.690000057220459,10069600
2021-09-10,1.3163894414901733,1.6699999570846558,1.6799999475479126,1.6399999856948853,1.6799999475479126,3157200
2021-09-13,1.3163894414901733,1.6699999570846558,1.6799999475479126,1.6399999856948853,1.649999976158142,1912400
2021-09-14,1.3006243705749512,1.649999976158142,1.6699999570846558,1.6399999856948853,1.659999966621399,2726000
2021-09-15,1.2927417755126953,1.6399999856948853,1.649999976158142,1.6299999952316284,1.6299999952316284,2491295
2021-09-16,1.2848591804504395,1.6299999952316284,1.649999976158142,1.590000033378601,1.6299999952316284,6588000
2021-09-17,1.3163894414901733,1.6699999570846558,1.6699999570846558,1.6100000143051147,1.6299999952316284,6118800
2021-09-20,1.3242720365524292,1.6799999475479126,1.690000057220459,1.600000023841858,1.649999976158142,5923600
2021-09-21,1.3321547508239746,1.690000057220459,1.690000057220459,1.649999976158142,1.649999976158142,2558590
2021-09-23,1.3321547508239746,1.690000057220459,1.7300000190734863,1.6799999475479126,1.690000057220459,8483600
2021-09-24,1.308506965637207,1.659999966621399,1.7000000476837158,1.649999976158142,1.7000000476837158,1858000
2021-09-27,1.3006243705749512,1.649999976158142,1.659999966621399,1.6399999856948853,1.659999966621399,1980800
2021-09-28,1.3006243705749512,1.649999976158142,1.6699999570846558,1.6399999856948853,1.6399999856948853,1001600
2021-09-29,1.3176815509796143,1.6299999952316284,1.6299999952316284,1.590000033378601,1.6200000047683716,3046800
2021-09-30,1.3176815509796143,1.6299999952316284,1.6399999856948853,1.600000023841858,1.600000023841858,736000
2021-10-04,1.3176815509796143,1.6299999952316284,1.6399999856948853,1.6200000047683716,1.6200000047683716,1154800
2021-10-05,1.3176815509796143,1.6299999952316284,1.6299999952316284,1.600000023841858,1.6200000047683716,982000
2021-10-06,1.3257653713226318,1.6399999856948853,1.649999976158142,1.6100000143051147,1.6100000143051147,816800
2021-10-07,1.3257653713226318,1.6399999856948853,1.649999976158142,1.6100000143051147,1.6399999856948853,1966800
2021-10-08,1.3500171899795532,1.6699999570846558,1.6799999475479126,1.6299999952316284,1.6399999856948853,1962701
2021-10-11,1.3581011295318604,1.6799999475479126,1.7100000381469727,1.6699999570846558,1.690000057220459,2603200
2021-10-12,1.366185188293457,1.690000057220459,1.7699999809265137,1.6799999475479126,1.690000057220459,11489600
2021-10-15,1.366185188293457,1.690000057220459,1.7400000095367432,1.6799999475479126,1.690000057220459,7014800
2021-10-18,1.366185188293457,1.690000057220459,1.7200000286102295,1.6799999475479126,1.7000000476837158,3557200
2021-10-19,1.366185188293457,1.690000057220459,1.7000000476837158,1.6699999570846558,1.690000057220459,2370800
2021-10-20,1.3581011295318604,1.6799999475479126,1.690000057220459,1.659999966621399,1.690000057220459,1258000
2021-10-21,1.3419331312179565,1.659999966621399,1.6799999475479126,1.6299999952316284,1.6799999475479126,3740400
2021-10-22,1.3176815509796143,1.6299999952316284,1.6699999570846558,1.6299999952316284,1.6699999570846558,1238000
2021-10-25,1.3338494300842285,1.649999976158142,1.6699999570846558,1.6299999952316284,1.6299999952316284,2371394
2021-10-26,1.3176815509796143,1.6299999952316284,1.659999966621399,1.6100000143051147,1.649999976158142,1829600
2021-10-27,1.3257653713226318,1.6399999856948853,1.649999976158142,1.600000023841858,1.6299999952316284,2692000
2021-10-28,1.3257653713226318,1.6399999856948853,1.6399999856948853,1.6100000143051147,1.6399999856948853,1314000
2021-10-29,1.3338494300842285,1.649999976158142,1.6699999570846558,1.6399999856948853,1.6399999856948853,2532800
2021-11-01,1.3257653713226318,1.6399999856948853,1.649999976158142,1.6200000047683716,1.649999976158142,2011200
2021-11-02,1.301513671875,1.6100000143051147,1.659999966621399,1.600000023841858,1.6399999856948853,3286000
2021-11-03,1.2934296131134033,1.600000023841858,1.6200000047683716,1.600000023841858,1.600000023841858,2581200
2021-11-04,1.3095976114273071,1.6200000047683716,1.690000057220459,1.600000023841858,1.600000023841858,16726400
2021-11-05,1.3095976114273071,1.6200000047683716,1.649999976158142,1.6100000143051147,1.649999976158142,3264301
2021-11-08,1.3500171899795532,1.6699999570846558,1.6699999570846558,1.6100000143051147,1.6299999952316284,7958000
2021-11-09,1.366185188293457,1.690000057220459,1.7000000476837158,1.6699999570846558,1.6699999570846558,6916400
2021-11-10,1.3823530673980713,1.7100000381469727,1.7200000286102295,1.659999966621399,1.7000000476837158,13746000
2021-11-11,1.398520827293396,1.7300000190734863,1.7599999904632568,1.690000057220459,1.7100000381469727,15522400
2021-11-12,1.3904370069503784,1.7200000286102295,1.75,1.690000057220459,1.75,16226000
2021-11-15,1.3742691278457642,1.7000000476837158,1.7300000190734863,1.6799999475479126,1.7200000286102295,12681600
2021-11-16,1.3904370069503784,1.7200000286102295,1.7300000190734863,1.6699999570846558,1.7100000381469727,8116400
2021-11-17,1.366185188293457,1.690000057220459,1.7400000095367432,1.6799999475479126,1.7300000190734863,5154000
2021-11-18,1.366185188293457,1.690000057220459,1.7100000381469727,1.6799999475479126,1.690000057220459,12103200
2021-11-19,1.398520827293396,1.7300000190734863,1.7400000095367432,1.6799999475479126,1.690000057220459,16518570
2021-11-22,1.4227726459503174,1.7599999904632568,1.7599999904632568,1.7000000476837158,1.7000000476837158,13412000
2021-11-23,1.455108404159546,1.7999999523162842,1.8200000524520874,1.7400000095367432,1.75,14577600
2021-11-24,1.5601996183395386,1.9299999475479126,1.940000057220459,1.8300000429153442,1.8300000429153442,25438400
2021-11-25,1.5521156787872314,1.9199999570846558,1.9700000286102295,1.899999976158142,1.9600000381469727,11862000
2021-11-26,1.527863621711731,1.8899999856948853,1.9199999570846558,1.8700000047683716,1.9199999570846558,6947200
2021-11-29,1.5521156787872314,1.9199999570846558,1.940000057220459,1.8200000524520874,1.8600000143051147,14497000
2021-11-30,1.535947561264038,1.899999976158142,1.9299999475479126,1.850000023841858,1.9199999570846558,10482000
2021-12-01,1.4712761640548706,1.8200000524520874,1.899999976158142,1.7899999618530273,1.899999976158142,13744000
2021-12-02,1.455108404159546,1.7999999523162842,1.850000023841858,1.7899999618530273,1.809999942779541,8038000
2021-12-03,1.3904370069503784,1.7200000286102295,1.7899999618530273,1.7200000286102295,1.7899999618530273,10082000
2021-12-06,1.3419331312179565,1.659999966621399,1.7300000190734863,1.659999966621399,1.7100000381469727,9400000
2021-12-07,1.366185188293457,1.690000057220459,1.7200000286102295,1.6799999475479126,1.6799999475479126,8838290
2021-12-08,1.3500171899795532,1.6699999570846558,1.7000000476837158,1.6699999570846558,1.690000057220459,6500000
2021-12-09,1.3581011295318604,1.6799999475479126,1.7000000476837158,1.6699999570846558,1.6799999475479126,3494800
2021-12-10,1.3500171899795532,1.6699999570846558,1.6799999475479126,1.659999966621399,1.6699999570846558,3862400
2021-12-13,1.3176815509796143,1.6299999952316284,1.6699999570846558,1.6299999952316284,1.6699999570846558,5581200
2021-12-14,1.301513671875,1.6100000143051147,1.6299999952316284,1.6100000143051147,1.6299999952316284,5084000
2021-12-15,1.2934296131134033,1.600000023841858,1.6200000047683716,1.600000023841858,1.6100000143051147,3092800
2021-12-16,1.3176815509796143,1.6299999952316284,1.6299999952316284,1.600000023841858,1.600000023841858,1938400
2021-12-17,1.301513671875,1.6100000143051147,1.6299999952316284,1.600000023841858,1.6200000047683716,3196400
2021-12-20,1.2045063972473145,1.4900000095367432,1.600000023841858,1.4500000476837158,1.600000023841858,17368400
2021-12-21,1.2530099153518677,1.5499999523162842,1.5800000429153442,1.5099999904632568,1.5099999904632568,5908714
2021-12-22,1.2530099153518677,1.5499999523162842,1.5700000524520874,1.5399999618530273,1.5499999523162842,1802000
2021-12-23,1.2772618532180786,1.5800000429153442,1.5800000429153442,1.5099999904632568,1.5399999618530273,4250000
2021-12-24,1.2610937356948853,1.559999942779541,1.5700000524520874,1.5399999618530273,1.5700000524520874,486000
2021-12-28,1.2691779136657715,1.5700000524520874,1.5800000429153442,1.5299999713897705,1.559999942779541,4324000
2021-12-29,1.2368419170379639,1.5299999713897705,1.5800000429153442,1.5199999809265137,1.5800000429153442,1408000
2021-12-30,1.2530099153518677,1.5499999523162842,1.559999942779541,1.5299999713897705,1.5299999713897705,483600
2021-12-31,1.2530099153518677,1.5499999523162842,1.5700000524520874,1.5499999523162842,1.559999942779541,476000
2022-01-03,1.2610937356948853,1.559999942779541,1.5700000524520874,1.5399999618530273,1.5499999523162842,896000
2022-01-04,1.2934296131134033,1.600000023841858,1.6200000047683716,1.5499999523162842,1.5499999523162842,5529600
2022-01-05,1.2287583351135254,1.5199999809265137,1.590000033378601,1.5099999904632568,1.5800000429153442,6034000
2022-01-06,1.2287583351135254,1.5199999809265137,1.5399999618530273,1.5,1.5199999809265137,4431200
2022-01-07,1.2287583351135254,1.5199999809265137,1.5399999618530273,1.5099999904632568,1.5299999713897705,2985922
2022-01-10,1.2772618532180786,1.5800000429153442,1.5800000429153442,1.5299999713897705,1.5299999713897705,3168000
2022-01-11,1.2691779136657715,1.5700000524520874,1.590000033378601,1.5499999523162842,1.590000033378601,2230800
2022-01-12,1.2691779136657715,1.5700000524520874,1.5800000429153442,1.559999942779541,1.5800000429153442,1214000
2022-01-13,1.2691779136657715,1.5700000524520874,1.5800000429153442,1.559999942779541,1.5700000524520874,1790000
2022-01-14,1.2934296131134033,1.600000023841858,1.6100000143051147,1.5499999523162842,1.5800000429153442,9162800
2022-01-17,1.24492609500885,1.5399999618530273,1.600000023841858,1.5399999618530273,1.6200000047683716,2260000
2022-01-18,1.24492609500885,1.5399999618530273,1.559999942779541,1.5199999809265137,1.559999942779541,3418000
2022-01-19,1.1964224576950073,1.4800000190734863,1.559999942779541,1.4800000190734863,1.5399999618530273,11704000
2022-01-20,1.1964224576950073,1.4800000190734863,1.5199999809265137,1.4700000286102295,1.5,11318000
2022-01-21,1.1964224576950073,1.4800000190734863,1.5,1.4700000286102295,1.4900000095367432,4081206
2022-01-24,1.1883385181427002,1.4700000286102295,1.4900000095367432,1.4600000381469727,1.4900000095367432,1765600
2022-01-25,1.1560026407241821,1.4299999475479126,1.4800000190734863,1.4199999570846558,1.4800000190734863,4876000
2022-01-26,1.1560026407241821,1.4299999475479126,1.4500000476837158,1.4199999570846558,1.4500000476837158,1972400
2022-01-27,1.1479188203811646,1.4199999570846558,1.440000057220459,1.3899999856948853,1.4299999475479126,9237200
2022-01-28,1.1236671209335327,1.3899999856948853,1.4199999570846558,1.3799999952316284,1.399999976158142,2952000
2022-01-31,1.1479188203811646,1.4199999570846558,1.4199999570846558,1.4199999570846558,1.4199999570846558,0
2022-02-04,1.2125903367996216,1.5,1.5399999618530273,1.4500000476837158,1.4500000476837158,15820000
2022-02-07,1.2045063972473145,1.4900000095367432,1.5299999713897705,1.4800000190734863,1.5,5422000
2022-02-08,1.1802546977996826,1.4600000381469727,1.5,1.440000057220459,1.5,11298000
2022-02-09,1.1883385181427002,1.4700000286102295,1.4800000190734863,1.440000057220459,1.4800000190734863,15119200
2022-02-10,1.2045063972473145,1.4900000095367432,1.5,1.4700000286102295,1.4700000286102295,5933661
2022-02-11,1.1964224576950073,1.4800000190734863,1.5099999904632568,1.4700000286102295,1.5,6086000
2022-02-14,1.1802546977996826,1.4600000381469727,1.4700000286102295,1.4500000476837158,1.4700000286102295,5424000
2022-02-15,1.2045063972473145,1.4900000095367432,1.5199999809265137,1.4700000286102295,1.4700000286102295,8234400
2022-02-16,1.0913313627243042,1.350000023841858,1.4700000286102295,1.340000033378601,1.4500000476837158,35467600
2022-02-17,1.107499122619629,1.3700000047683716,1.3700000047683716,1.340000033378601,1.3600000143051147,9402000
2022-02-18,1.0994153022766113,1.3600000143051147,1.3600000143051147,1.3300000429153442,1.3600000143051147,7386000
2022-02-21,1.0913313627243042,1.350000023841858,1.3600000143051147,1.340000033378601,1.3600000143051147,3652000
2022-02-22,1.0751633644104004,1.3300000429153442,1.350000023841858,1.309999942779541,1.350000023841858,9991200
2022-02-23,1.107499122619629,1.3700000047683716,1.3799999952316284,1.3300000429153442,1.340000033378601,9525200
2022-02-24,1.0751633644104004,1.3300000429153442,1.3799999952316284,1.3200000524520874,1.350000023841858,6647693
2022-02-25,1.0751633644104004,1.3300000429153442,1.350000023841858,1.3200000524520874,1.3300000429153442,3610000
2022-02-28,1.0536812543869019,1.2899999618530273,1.3200000524520874,1.2699999809265137,1.3200000524520874,1562000
2022-03-01,1.021009087562561,1.25,1.2899999618530273,1.25,1.2899999618530273,10148000
2022-03-02,0.9883368015289307,1.2100000381469727,1.2599999904632568,1.2000000476837158,1.25,6426687
2022-03-03,1.0128411054611206,1.2400000095367432,1.2400000095367432,1.2200000286102295,1.2200000286102295,2643200
2022-03-04,0.9474963545799255,1.159999966621399,1.2300000190734863,1.159999966621399,1.2300000190734863,5479586
2022-03-07,0.9311602711677551,1.1399999856948853,1.149999976158142,1.090000033378601,1.149999976158142,15445954
2022-03-08,0.9393283128738403,1.149999976158142,1.190000057220459,1.1399999856948853,1.149999976158142,4321200
2022-03-09,0.9148241281509399,1.1200000047683716,1.1799999475479126,1.0800000429153442,1.149999976158142,4568400
2022-03-10,0.9229921698570251,1.1299999952316284,1.149999976158142,1.1299999952316284,1.1299999952316284,2140400
2022-03-11,0.9148241281509399,1.1200000047683716,1.149999976158142,1.090000033378601,1.149999976158142,4076800
2022-03-14,0.8331433534622192,1.0199999809265137,1.090000033378601,1.0099999904632568,1.090000033378601,8494800
2022-03-15,0.7514627575874329,0.9200000166893005,1.0199999809265137,0.9100000262260437,1.0199999809265137,19069600
2022-03-16,0.8331433534622192,1.0199999809265137,1.0199999809265137,0.9200000166893005,0.9200000166893005,12961732
2022-03-17,0.8903199434280396,1.090000033378601,1.100000023841858,1.0399999618530273,1.059999942779541,4777200
2022-03-18,0.9474963545799255,1.159999966621399,1.1699999570846558,1.059999942779541,1.0700000524520874,11140000
2022-03-21,0.9229921698570251,1.1299999952316284,1.1799999475479126,1.1200000047683716,1.159999966621399,9565917
2022-03-22,0.9720005989074707,1.190000057220459,1.190000057220459,1.1200000047683716,1.1299999952316284,2787200
2022-03-23,0.9883368015289307,1.2100000381469727,1.2400000095367432,1.190000057220459,1.190000057220459,7936800
2022-03-24,1.021009087562561,1.25,1.2599999904632568,1.2000000476837158,1.2000000476837158,2437200
2022-03-25,0.9883368015289307,1.2100000381469727,1.2699999809265137,1.2000000476837158,1.2599999904632568,4208000
2022-03-28,0.9638325572013855,1.1799999475479126,1.2200000286102295,1.149999976158142,1.2100000381469727,3418000
2022-03-29,0.9474963545799255,1.159999966621399,1.2000000476837158,1.149999976158142,1.2000000476837158,5350800
2022-03-30,0.9883368015289307,1.2100000381469727,1.2300000190734863,1.1699999570846558,1.1699999570846558,9224800
2022-03-31,0.9474963545799255,1.159999966621399,1.25,1.149999976158142,1.2400000095367432,10966000
2022-04-01,0.980168879032135,1.2000000476837158,1.2000000476837158,1.1299999952316284,1.149999976158142,3334400
2022-04-04,1.0128411054611206,1.2400000095367432,1.25,1.1799999475479126,1.1799999475479126,4265800
2022-04-06,1.004672884941101,1.2300000190734863,1.25,1.2100000381469727,1.2300000190734863,3289200
2022-04-07,1.004672884941101,1.2300000190734863,1.2400000095367432,1.2100000381469727,1.2300000190734863,2353200
2022-04-08,0.9883368015289307,1.2100000381469727,1.2300000190734863,1.2000000476837158,1.2100000381469727,1993059
2022-04-11,0.9556645154953003,1.1699999570846558,1.2000000476837158,1.159999966621399,1.2000000476837158,6802000
2022-04-12,0.9720005989074707,1.190000057220459,1.2000000476837158,1.1699999570846558,1.1799999475479126,4444800
2022-04-13,0.9638325572013855,1.1799999475479126,1.190000057220459,1.159999966621399,1.1699999570846558,4042000
2022-04-14,0.9720005989074707,1.190000057220459,1.190000057220459,1.159999966621399,1.190000057220459,3502000
2022-04-19,0.9556645154953003,1.1699999570846558,1.1799999475479126,1.149999976158142,1.1799999475479126,2236000
2022-04-20,0.9311602711677551,1.1399999856948853,1.1799999475479126,1.1299999952316284,1.1799999475479126,2136000
2022-04-21,0.8903199434280396,1.090000033378601,1.149999976158142,1.090000033378601,1.149999976158142,3358000
2022-04-22,0.8984881043434143,1.100000023841858,1.1100000143051147,1.0700000524520874,1.090000033378601,1292000
2022-04-25,0.8331433534622192,1.0199999809265137,1.0700000524520874,1.0099999904632568,1.0700000524520874,4388000
2022-04-26,0.8249753713607788,1.0099999904632568,1.0499999523162842,1.0099999904632568,1.0299999713897705,3500671
2022-04-27,0.8576476573944092,1.0499999523162842,1.0499999523162842,1.0,1.0,2314000
2022-04-28,0.8494795560836792,1.0399999618530273,1.059999942779541,1.0199999809265137,1.0399999618530273,636000
2022-04-29,0.8821518421173096,1.0800000429153442,1.0800000429153442,1.0299999713897705,1.0499999523162842,1054000
2022-05-03,0.8821518421173096,1.0800000429153442,1.0800000429153442,1.0499999523162842,1.0499999523162842,978000
2022-05-04,0.8576476573944092,1.0499999523162842,1.0800000429153442,1.0499999523162842,1.0800000429153442,540000
2022-05-05,0.8821518421173096,1.0800000429153442,1.100000023841858,1.0700000524520874,1.0700000524520874,2373600
2022-05-06,0.8413114547729492,1.0299999713897705,1.059999942779541,1.0299999713897705,1.059999942779541,1866000
2022-05-10,0.8576476573944092,1.0499999523162842,1.0499999523162842,0.9900000095367432,1.0199999809265137,1438562
2022-05-11,0.8821518421173096,1.0800000429153442,1.100000023841858,1.0399999618530273,1.059999942779541,2977000
2022-05-12,0.8494795560836792,1.0399999618530273,1.090000033378601,1.0399999618530273,1.0700000524520874,2478000
2022-05-13,0.8658156991004944,1.059999942779541,1.0800000429153442,1.0399999618530273,1.0499999523162842,1532000
2022-05-16,0.9148241281509399,1.1200000047683716,1.149999976158142,1.100000023841858,1.1100000143051147,4074000
2022-05-17,0.9311602711677551,1.1399999856948853,1.149999976158142,1.1299999952316284,1.1399999856948853,2122000
2022-05-18,0.9311602711677551,1.1399999856948853,1.159999966621399,1.100000023841858,1.159999966621399,2779200
2022-05-19,0.9229921698570251,1.1299999952316284,1.1299999952316284,1.100000023841858,1.1100000143051147,1064000
2022-05-20,0.9393283128738403,1.149999976158142,1.149999976158142,1.1200000047683716,1.1399999856948853,1052800
2022-05-23,0.9148241281509399,1.1200000047683716,1.149999976158142,1.1100000143051147,1.149999976158142,872800
2022-05-24,0.90665602684021,1.1100000143051147,1.1399999856948853,1.090000033378601,1.1299999952316284,1843142
2022-05-25,0.9148241281509399,1.1200000047683716,1.149999976158142,1.100000023841858,1.100000023841858,1904000
2022-05-26,0.9148241281509399,1.1200000047683716,1.1399999856948853,1.1100000143051147,1.1200000047683716,880800
2022-05-27,0.9229921698570251,1.1299999952316284,1.1399999856948853,1.1200000047683716,1.1299999952316284,1042000
2022-05-30,0.9311602711677551,1.1399999856948853,1.149999976158142,1.1200000047683716,1.1299999952316284,1459200
2022-05-31,0.9229921698570251,1.1299999952316284,1.1699999570846558,1.1299999952316284,1.1299999952316284,3552400
2022-06-01,0.9556645154953003,1.1699999570846558,1.1699999570846558,1.1200000047683716,1.1200000047683716,1042000
2022-06-02,0.9474963545799255,1.159999966621399,1.1699999570846558,1.1299999952316284,1.149999976158142,908975
2022-06-06,0.9556645154953003,1.1699999570846558,1.190000057220459,1.149999976158142,1.149999976158142,2110400
2022-06-07,0.9638325572013855,1.1799999475479126,1.2000000476837158,1.159999966621399,1.1699999570846558,2134000
2022-06-08,0.9883368015289307,1.2100000381469727,1.2200000286102295,1.1799999475479126,1.2000000476837158,1657477
2022-06-09,0.980168879032135,1.2000000476837158,1.2100000381469727,1.1699999570846558,1.2000000476837158,1137200
2022-06-10,0.9720005989074707,1.190000057220459,1.2000000476837158,1.1699999570846558,1.1799999475479126,1406400
2022-06-13,0.9556645154953003,1.1699999570846558,1.1799999475479126,1.149999976158142,1.1799999475479126,1357200
2022-06-14,0.9311602711677551,1.1399999856948853,1.159999966621399,1.100000023841858,1.149999976158142,7226000
2022-06-15,0.9393283128738403,1.149999976158142,1.159999966621399,1.1399999856948853,1.1399999856948853,2277600
2022-06-16,0.9229921698570251,1.1299999952316284,1.159999966621399,1.1100000143051147,1.159999966621399,3478000
2022-06-17,0.9148241281509399,1.1200000047683716,1.149999976158142,1.1200000047683716,1.1299999952316284,2684000
2022-06-20,0.9148241281509399,1.1200000047683716,1.1299999952316284,1.1100000143051147,1.1200000047683716,2182800
2022-06-21,0.9311602711677551,1.1399999856948853,1.149999976158142,1.1299999952316284,1.1399999856948853,3050000
2022-06-22,0.90665602684021,1.1100000143051147,1.149999976158142,1.1100000143051147,1.149999976158142,2829896
2022-06-23,0.9229921698570251,1.1299999952316284,1.1299999952316284,1.100000023841858,1.1200000047683716,1102814
2022-06-24,0.9311602711677551,1.1399999856948853,1.149999976158142,1.1200000047683716,1.1299999952316284,1383600
2022-06-27,0.9474963545799255,1.159999966621399,1.1699999570846558,1.149999976158142,1.149999976158142,1549664
2022-06-28,0.9638325572013855,1.1799999475479126,1.1799999475479126,1.159999966621399,1.1699999570846558,1482000
2022-06-29,0.9638325572013855,1.1799999475479126,1.1799999475479126,1.159999966621399,1.1799999475479126,730000
2022-06-30,0.9638325572013855,1.1799999475479126,1.190000057220459,1.159999966621399,1.1799999475479126,1308000
2022-07-04,0.9393283128738403,1.149999976158142,1.1799999475479126,1.149999976158142,1.1799999475479126,716800
2022-07-05,0.9474963545799255,1.159999966621399,1.1699999570846558,1.1399999856948853,1.159999966621399,1227300
2022-07-06,0.9474963545799255,1.159999966621399,1.159999966621399,1.1200000047683716,1.159999966621399,1684000
2022-07-07,0.9556645154953003,1.1699999570846558,1.1799999475479126,1.1399999856948853,1.149999976158142,1800000
2022-07-08,0.9556645154953003,1.1699999570846558,1.1799999475479126,1.149999976158142,1.1699999570846558,1366000
2022-07-11,0.9556645154953003,1.1699999570846558,1.1699999570846558,1.149999976158142,1.1699999570846558,1206000
2022-07-12,0.9393283128738403,1.149999976158142,1.1699999570846558,1.149999976158142,1.149999976158142,1942400
2022-07-13,0.9638325572013855,1.1799999475479126,1.190000057220459,1.159999966621399,1.1799999475479126,1496000
2022-07-14,0.9508969187736511,1.1100000143051147,1.1399999856948853,1.090000033378601,1.1399999856948853,1556400
2022-07-15,0.9337636828422546,1.090000033378601,1.1100000143051147,1.059999942779541,1.1100000143051147,2472000
2022-07-18,0.9680302739143372,1.1299999952316284,1.159999966621399,1.1200000047683716,1.1299999952316284,4004400
2022-07-19,1.0622632503509521,1.2400000095367432,1.409999966621399,1.149999976158142,1.149999976158142,42052800
2022-07-20,1.053696632385254,1.2300000190734863,1.2699999809265137,1.1799999475479126,1.2699999809265137,14216000
2022-07-21,1.053696632385254,1.2300000190734863,1.2300000190734863,1.190000057220459,1.2300000190734863,4214000
2022-07-22,1.0622632503509521,1.2400000095367432,1.25,1.2100000381469727,1.2400000095367432,2374395
2022-07-25,1.0965299606323242,1.2799999713897705,1.309999942779541,1.2400000095367432,1.2599999904632568,5706000
2022-07-26,1.1821963787078857,1.3799999952316284,1.399999976158142,1.2899999618530273,1.2899999618530273,15404400
2022-07-27,1.1821963787078857,1.3799999952316284,1.3799999952316284,1.340000033378601,1.350000023841858,2688000
2022-07-28,1.1821963787078857,1.3799999952316284,1.4800000190734863,1.3700000047683716,1.4800000190734863,8989200
2022-07-29,1.156496524810791,1.350000023841858,1.3799999952316284,1.3200000524520874,1.3799999952316284,3610000
2022-08-01,1.1307963132858276,1.3200000524520874,1.350000023841858,1.3200000524520874,1.350000023841858,2650000
2022-08-02,1.0879632234573364,1.2699999809265137,1.309999942779541,1.25,1.309999942779541,5558000
2022-08-03,1.053696632385254,1.2300000190734863,1.2999999523162842,1.2300000190734863,1.2599999904632568,3726000
2022-08-04,1.1050963401794434,1.2899999618530273,1.3200000524520874,1.25,1.25,2335200
2022-08-05,1.1136630773544312,1.2999999523162842,1.309999942779541,1.2699999809265137,1.309999942779541,1336651
2022-08-08,1.1136630773544312,1.2999999523162842,1.3200000524520874,1.2899999618530273,1.309999942779541,1564000
2022-08-09,1.1307963132858276,1.3200000524520874,1.350000023841858,1.3200000524520874,1.3200000524520874,3716000
2022-08-10,1.0965299606323242,1.2799999713897705,1.350000023841858,1.2799999713897705,1.350000023841858,1394000
2022-08-11,1.1050963401794434,1.2899999618530273,1.309999942779541,1.2799999713897705,1.2999999523162842,2240800
2022-08-12,1.1136630773544312,1.2999999523162842,1.309999942779541,1.2799999713897705,1.309999942779541,1243600
2022-08-15,1.1050963401794434,1.2899999618530273,1.309999942779541,1.2799999713897705,1.2899999618530273,1295600
2022-08-16,1.1222296953201294,1.309999942779541,1.340000033378601,1.2799999713897705,1.2899999618530273,3240000
2022-08-17,1.1050963401794434,1.2899999618530273,1.3200000524520874,1.2799999713897705,1.3200000524520874,2062000
2022-08-18,1.0879632234573364,1.2699999809265137,1.2899999618530273,1.2599999904632568,1.2799999713897705,1626000
2022-08-19,1.0879632234573364,1.2699999809265137,1.2799999713897705,1.2599999904632568,1.2599999904632568,1047969
2022-08-22,1.0879632234573364,1.2699999809265137,1.2999999523162842,1.25,1.25,1826000
2022-08-23,1.1907628774642944,1.3899999856948853,1.399999976158142,1.2699999809265137,1.2799999713897705,11975600
2022-08-24,1.1479297876358032,1.340000033378601,1.409999966621399,1.340000033378601,1.3799999952316284,3818400
2022-08-25,1.1821963787078857,1.3799999952316284,1.409999966621399,1.350000023841858,1.3600000143051147,4100000
2022-08-26,1.1650629043579102,1.3600000143051147,1.3899999856948853,1.350000023841858,1.3899999856948853,4019600
2022-08-29,1.1479297876358032,1.340000033378601,1.3600000143051147,1.309999942779541,1.340000033378601,2664000
2022-08-30,1.1479297876358032,1.340000033378601,1.350000023841858,1.309999942779541,1.340000033378601,1344400
2022-08-31,1.1479297876358032,1.340000033378601,1.340000033378601,1.309999942779541,1.3300000429153442,2065200
2022-09-01,1.1307963132858276,1.3200000524520874,1.340000033378601,1.309999942779541,1.3300000429153442,1262000
2022-09-02,1.1136630773544312,1.2999999523162842,1.3300000429153442,1.2799999713897705,1.3300000429153442,1660000
2022-09-05,1.1050963401794434,1.2899999618530273,1.2999999523162842,1.2699999809265137,1.2999999523162842,2973600
2022-09-06,1.0879632234573364,1.2699999809265137,1.2999999523162842,1.2599999904632568,1.2999999523162842,3270400
2022-09-07,1.0708297491073608,1.25,1.2599999904632568,1.2000000476837158,1.2599999904632568,6654555
2022-09-08,1.053696632385254,1.2300000190734863,1.25,1.2100000381469727,1.25,3456000
2022-09-09,1.0793964862823486,1.2599999904632568,1.2799999713897705,1.2300000190734863,1.25,3254400
2022-09-13,1.0879632234573364,1.2699999809265137,1.2799999713897705,1.25,1.2799999713897705,2957452
2022-09-14,1.0622632503509521,1.2400000095367432,1.25,1.2200000286102295,1.25,3834000
2022-09-15,1.053696632385254,1.2300000190734863,1.25,1.2100000381469727,1.2300000190734863,5706800
2022-09-16,1.1050963401794434,1.2899999618530273,1.309999942779541,1.2300000190734863,1.2599999904632568,10865200
2022-09-19,1.1307963132858276,1.3200000524520874,1.340000033378601,1.2699999809265137,1.2999999523162842,8456000
2022-09-20,1.1736295223236084,1.3700000047683716,1.3899999856948853,1.3300000429153442,1.3300000429153442,11495600
2022-09-21,1.1650629043579102,1.3600000143051147,1.3799999952316284,1.340000033378601,1.3700000047683716,7846000
2022-09-22,1.1907628774642944,1.3899999856948853,1.409999966621399,1.340000033378601,1.350000023841858,10336990
2022-09-23,1.1736295223236084,1.3700000047683716,1.399999976158142,1.340000033378601,1.3899999856948853,6564000
2022-09-26,1.1479297876358032,1.340000033378601,1.3700000047683716,1.3200000524520874,1.3700000047683716,9721740
2022-09-27,1.1736295223236084,1.3700000047683716,1.3899999856948853,1.3300000429153442,1.340000033378601,9374400
2022-09-28,1.1393630504608154,1.3300000429153442,1.3700000047683716,1.3200000524520874,1.3700000047683716,9656860
2022-09-29,1.0608594417572021,1.2000000476837158,1.3200000524520874,1.190000057220459,1.3200000524520874,6186000
2022-09-30,1.0520188808441162,1.190000057220459,1.2100000381469727,1.159999966621399,1.2100000381469727,3560000
2022-10-03,1.0873808860778809,1.2300000190734863,1.2300000190734863,1.190000057220459,1.190000057220459,2726000
2022-10-05,1.1227428913116455,1.2699999809265137,1.2799999713897705,1.2300000190734863,1.2300000190734863,1696000
2022-10-06,1.1315834522247314,1.2799999713897705,1.2899999618530273,1.2599999904632568,1.2699999809265137,1234000
2022-10-07,1.1139023303985596,1.2599999904632568,1.2799999713897705,1.25,1.2799999713897705,1471600
2022-10-10,1.0785404443740845,1.2200000286102295,1.2599999904632568,1.2100000381469727,1.2599999904632568,6308564
2022-10-11,1.0962213277816772,1.2400000095367432,1.25,1.2200000286102295,1.2200000286102295,5515200
2022-10-12,1.0873808860778809,1.2300000190734863,1.25,1.2300000190734863,1.25,6194000
2022-10-13,1.1050617694854736,1.25,1.2599999904632568,1.2200000286102295,1.2200000286102295,6034000
2022-10-14,1.1139023303985596,1.2599999904632568,1.2799999713897705,1.25,1.25,4552400
2022-10-17,1.108271598815918,1.2400000095367432,1.2699999809265137,1.2200000286102295,1.2200000286102295,4382000
2022-10-18,1.179772973060608,1.3200000524520874,1.3200000524520874,1.25,1.25,6100400
2022-10-19,1.2155237197875977,1.3600000143051147,1.3799999952316284,1.2899999618530273,1.3200000524520874,9380000
2022-10-20,1.1708353757858276,1.309999942779541,1.3600000143051147,1.2999999523162842,1.340000033378601,3450000
2022-10-21,1.2155237197875977,1.3600000143051147,1.3700000047683716,1.2999999523162842,1.2999999523162842,7294000
2022-10-24,1.1172093152999878,1.25,1.3600000143051147,1.25,1.3600000143051147,16263915
2022-10-25,1.2423367500305176,1.3899999856948853,1.409999966621399,1.2300000190734863,1.2699999809265137,17375000
2022-10-26,1.3138381242752075,1.4700000286102295,1.4800000190734863,1.3899999856948853,1.399999976158142,14140000
2022-10-27,1.3495888710021973,1.5099999904632568,1.5199999809265137,1.4700000286102295,1.4900000095367432,12393200
2022-10-28,1.3049005270004272,1.4600000381469727,1.5199999809265137,1.3899999856948853,1.5099999904632568,11789600
2022-10-31,1.2780873775482178,1.4299999475479126,1.4700000286102295,1.409999966621399,1.4600000381469727,6585200
2022-11-01,1.2870252132415771,1.440000057220459,1.4700000286102295,1.409999966621399,1.409999966621399,6618000
2022-11-02,1.3942773342132568,1.559999942779541,1.5800000429153442,1.4199999570846558,1.440000057220459,34420000
2022-11-03,1.3674641847610474,1.5299999713897705,1.559999942779541,1.4900000095367432,1.5099999904632568,8508000
2022-11-04,1.3674641847610474,1.5299999713897705,1.5800000429153442,1.5099999904632568,1.559999942779541,8798400
2022-11-07,1.4121527671813965,1.5800000429153442,1.590000033378601,1.5199999809265137,1.5299999713897705,13381576
2022-11-08,1.430027961730957,1.600000023841858,1.6200000047683716,1.5499999523162842,1.5800000429153442,6152881
2022-11-09,1.4121527671813965,1.5800000429153442,1.6100000143051147,1.5499999523162842,1.5700000524520874,6877995
2022-11-10,1.4210903644561768,1.590000033378601,1.600000023841858,1.5499999523162842,1.559999942779541,4961985
2022-11-11,1.430027961730957,1.600000023841858,1.6200000047683716,1.590000033378601,1.590000033378601,6396800
2022-11-14,1.3942773342132568,1.559999942779541,1.6299999952316284,1.5399999618530273,1.5800000429153442,9076785
2022-11-15,1.4479032754898071,1.6200000047683716,1.6200000047683716,1.5399999618530273,1.5499999523162842,7967995
2022-11-16,1.403214931488037,1.5700000524520874,1.6100000143051147,1.5499999523162842,1.6100000143051147,6929190
2022-11-17,1.430027961730957,1.600000023841858,1.6200000047683716,1.5499999523162842,1.5499999523162842,5034400
2022-11-18,1.4389655590057373,1.6100000143051147,1.6299999952316284,1.600000023841858,1.6200000047683716,4491200
2022-11-21,1.4210903644561768,1.590000033378601,1.600000023841858,1.559999942779541,1.600000023841858,4271375
2022-11-22,1.4479032754898071,1.6200000047683716,1.6200000047683716,1.5800000429153442,1.590000033378601,5588939
2022-11-23,1.430027961730957,1.600000023841858,1.6200000047683716,1.5800000429153442,1.5800000429153442,2575600
2022-11-24,1.4479032754898071,1.6200000047683716,1.6299999952316284,1.590000033378601,1.590000033378601,3045600
2022-11-25,1.430027961730957,1.600000023841858,1.6200000047683716,1.600000023841858,1.6100000143051147,1754000
2022-11-28,1.4568408727645874,1.6299999952316284,1.6299999952316284,1.5499999523162842,1.5800000429153442,5338600
2022-11-29,1.4568408727645874,1.6299999952316284,1.6399999856948853,1.590000033378601,1.590000033378601,4272000
2022-11-30,1.4747161865234375,1.649999976158142,1.649999976158142,1.600000023841858,1.600000023841858,7798800
2022-12-01,1.4747161865234375,1.649999976158142,1.6799999475479126,1.6100000143051147,1.649999976158142,6080000
2022-12-02,1.4657785892486572,1.6399999856948853,1.659999966621399,1.6200000047683716,1.649999976158142,3362790
2022-12-05,1.5015292167663574,1.6799999475479126,1.6799999475479126,1.6299999952316284,1.6399999856948853,5387662
2022-12-06,1.5372800827026367,1.7200000286102295,1.7300000190734863,1.649999976158142,1.649999976158142,8061300
2022-12-07,1.5551553964614868,1.7400000095367432,1.7699999809265137,1.7000000476837158,1.7000000476837158,8439462
2022-12-08,1.564092993736267,1.75,1.7599999904632568,1.7200000286102295,1.75,3721600
2022-12-09,1.5730308294296265,1.7599999904632568,1.7699999809265137,1.7300000190734863,1.75,4924200
2022-12-12,1.5551553964614868,1.7400000095367432,1.7799999713897705,1.7200000286102295,1.7300000190734863,1872000
2022-12-13,1.564092993736267,1.75,1.75,1.7200000286102295,1.7300000190734863,3398000
2022-12-14,1.5730308294296265,1.7599999904632568,1.7699999809265137,1.7300000190734863,1.75,2642796
2022-12-15,1.5730308294296265,1.7599999904632568,1.7799999713897705,1.7300000190734863,1.7599999904632568,7556000
2022-12-16,1.6266567707061768,1.8200000524520874,1.850000023841858,1.75,1.75,9696396
2022-12-19,1.635594367980957,1.8300000429153442,1.8300000429153442,1.7899999618530273,1.809999942779541,6950004
2022-12-20,1.6087814569473267,1.7999999523162842,1.8200000524520874,1.7799999713897705,1.8200000524520874,2034000
2022-12-21,1.6266567707061768,1.8200000524520874,1.8300000429153442,1.7999999523162842,1.809999942779541,2951525
2022-12-22,1.6087814569473267,1.7999999523162842,1.8200000524520874,1.7899999618530273,1.7999999523162842,2854000
2022-12-23,1.6087814569473267,1.7999999523162842,1.8300000429153442,1.7999999523162842,1.7999999523162842,2504400
2022-12-28,1.617719054222107,1.809999942779541,1.8300000429153442,1.7999999523162842,1.8300000429153442,1649600
2022-12-29,1.6981581449508667,1.899999976158142,1.9199999570846558,1.7799999713897705,1.7999999523162842,15419600
2022-12-30,1.6981581449508667,1.899999976158142,1.940000057220459,1.8899999856948853,1.909999966621399,3072800
2023-01-03,1.7070958614349365,1.909999966621399,1.9199999570846558,1.8700000047683716,1.8799999952316284,4290000
2023-01-04,1.7160334587097168,1.9199999570846558,1.940000057220459,1.899999976158142,1.899999976158142,2965200
2023-01-05,1.7070958614349365,1.909999966621399,1.9199999570846558,1.8899999856948853,1.9199999570846558,2904400
2023-01-06,1.6981581449508667,1.899999976158142,1.909999966621399,1.840000033378601,1.909999966621399,6384400
2023-01-09,1.7070958614349365,1.909999966621399,1.9299999475479126,1.899999976158142,1.899999976158142,2644359
2023-01-10,1.6713451147079468,1.8700000047683716,1.899999976158142,1.8700000047683716,1.899999976158142,1476396
2023-01-11,1.6981581449508667,1.899999976158142,1.909999966621399,1.850000023841858,1.8600000143051147,11747596
2023-01-12,1.7070958614349365,1.909999966621399,1.940000057220459,1.8799999952316284,1.8899999856948853,3163200
2023-01-13,1.680282711982727,1.8799999952316284,1.9199999570846558,1.8799999952316284,1.909999966621399,2237600
2023-01-16,1.733909010887146,1.940000057220459,1.940000057220459,1.8600000143051147,1.8700000047683716,6063192
2023-01-17,1.7160334587097168,1.9199999570846558,1.9700000286102295,1.899999976158142,1.899999976158142,3826396
2023-01-18,1.7160334587097168,1.9199999570846558,1.9299999475479126,1.899999976158142,1.909999966621399,1738000
2023-01-19,1.6981581449508667,1.899999976158142,1.909999966621399,1.8799999952316284,1.899999976158142,1287200
2023-01-20,1.6981581449508667,1.899999976158142,1.909999966621399,1.8799999952316284,1.8799999952316284,1366396
2023-01-26,1.7070958614349365,1.909999966621399,1.9199999570846558,1.8899999856948853,1.899999976158142,2458511
2023-01-27,1.6892204284667969,1.8899999856948853,1.909999966621399,1.8799999952316284,1.8899999856948853,2427619
2023-01-30,1.6892204284667969,1.8899999856948853,1.909999966621399,1.850000023841858,1.8799999952316284,5411387
2023-01-31,1.680282711982727,1.8799999952316284,1.909999966621399,1.8600000143051147,1.899999976158142,2768000
2023-02-01,1.6266567707061768,1.8200000524520874,1.8899999856948853,1.809999942779541,1.8600000143051147,6050600
2023-02-02,1.5998437404632568,1.7899999618530273,1.850000023841858,1.7899999618530273,1.809999942779541,8437818
2023-02-03,1.546217679977417,1.7300000190734863,1.8200000524520874,1.7100000381469727,1.7699999809265137,7204407
2023-02-06,1.5194047689437866,1.7000000476837158,1.7200000286102295,1.6699999570846558,1.7000000476837158,6580200
2023-02-07,1.528342366218567,1.7100000381469727,1.7300000190734863,1.6799999475479126,1.7000000476837158,3681031
2023-02-08,1.5015292167663574,1.6799999475479126,1.7000000476837158,1.659999966621399,1.6799999475479126,2768000
2023-02-09,1.5104670524597168,1.690000057220459,1.7100000381469727,1.659999966621399,1.6699999570846558,3376800
2023-02-10,1.5194047689437866,1.7000000476837158,1.7200000286102295,1.690000057220459,1.690000057220459,2664000
2023-02-13,1.528342366218567,1.7100000381469727,1.7100000381469727,1.6699999570846558,1.690000057220459,2538964
2023-02-14,1.5104670524597168,1.690000057220459,1.7100000381469727,1.690000057220459,1.7000000476837158,1752000
2023-02-15,1.5015292167663574,1.6799999475479126,1.7000000476837158,1.6699999570846558,1.690000057220459,2046000
2023-02-16,1.4925915002822876,1.6699999570846558,1.7100000381469727,1.6699999570846558,1.6699999570846558,2304000
2023-02-17,1.4925915002822876,1.6699999570846558,1.7300000190734863,1.6699999570846558,1.6699999570846558,1140000
2023-02-20,1.5015292167663574,1.6799999475479126,1.7000000476837158,1.659999966621399,1.659999966621399,2651600
2023-02-21,1.5015292167663574,1.6799999475479126,1.7300000190734863,1.6699999570846558,1.6699999570846558,7876270
2023-02-22,1.4925915002822876,1.6699999570846558,1.7000000476837158,1.6699999570846558,1.6699999570846558,1414000
2023-02-23,1.5015292167663574,1.6799999475479126,1.7100000381469727,1.6699999570846558,1.6699999570846558,740000
2023-02-24,1.4836540222167969,1.659999966621399,1.7000000476837158,1.659999966621399,1.6799999475479126,1564400
2023-02-27,1.4568408727645874,1.6299999952316284,1.6699999570846558,1.6299999952316284,1.649999976158142,1796400
2023-02-28,1.4657785892486572,1.6399999856948853,1.659999966621399,1.6100000143051147,1.6100000143051147,3482400
2023-03-01,1.4925915002822876,1.6699999570846558,1.690000057220459,1.6100000143051147,1.6100000143051147,2780400
2023-03-02,1.528342366218567,1.7100000381469727,1.7100000381469727,1.6299999952316284,1.6299999952316284,4278000
2023-03-03,1.5551553964614868,1.7400000095367432,1.7599999904632568,1.7000000476837158,1.7000000476837158,3798404
2023-03-06,1.6087814569473267,1.7999999523162842,1.7999999523162842,1.75,1.75,3352600
2023-03-07,1.5730308294296265,1.7599999904632568,1.850000023841858,1.7599999904632568,1.7999999523162842,6770800
2023-03-08,1.6266567707061768,1.8200000524520874,1.840000033378601,1.7400000095367432,1.7400000095367432,3911600
2023-03-09,1.5819684267044067,1.7699999809265137,1.8300000429153442,1.7699999809265137,1.8200000524520874,2684000
2023-03-10,1.5104670524597168,1.690000057220459,1.7599999904632568,1.6799999475479126,1.75,2351600
2023-03-13,1.5730308294296265,1.7599999904632568,1.7699999809265137,1.6399999856948853,1.6399999856948853,2995400
2023-03-14,1.564092993736267,1.75,1.7999999523162842,1.7300000190734863,1.7599999904632568,3890000
2023-03-15,1.6087814569473267,1.7999999523162842,1.8300000429153442,1.7400000095367432,1.7400000095367432,5247200
2023-03-16,1.590906023979187,1.7799999713897705,1.809999942779541,1.75,1.75,1322400
2023-03-17,1.6266567707061768,1.8200000524520874,1.8300000429153442,1.7699999809265137,1.7799999713897705,4603662
2023-03-20,1.5372800827026367,1.7200000286102295,1.809999942779541,1.7200000286102295,1.7799999713897705,2057996
2023-03-21,1.590906023979187,1.7799999713897705,1.7899999618530273,1.7200000286102295,1.7200000286102295,1509852
2023-03-22,1.5819684267044067,1.7699999809265137,1.7899999618530273,1.75,1.75,1108800
2023-03-23,1.635594367980957,1.8300000429153442,1.8300000429153442,1.7400000095367432,1.7400000095367432,5425200
2023-03-24,1.6445322036743164,1.840000033378601,1.850000023841858,1.7999999523162842,1.8200000524520874,3180000
2023-03-27,1.680282711982727,1.8799999952316284,1.899999976158142,1.809999942779541,1.840000033378601,10297200
2023-03-28,1.7070958614349365,1.909999966621399,1.9299999475479126,1.840000033378601,1.9299999475479126,17700000
2023-03-29,1.7249711751937866,1.9299999475479126,2.0,1.9199999570846558,1.9199999570846558,23216000
2023-03-30,1.7696596384048462,1.9800000190734863,2.0,1.940000057220459,1.9500000476837158,13212514
2023-03-31,1.8054102659225464,2.0199999809265137,2.0299999713897705,1.9800000190734863,1.9900000095367432,11337246
2023-04-03,1.8054102659225464,2.0199999809265137,2.0799999237060547,2.0199999809265137,2.0199999809265137,8686800
2023-04-04,1.8500986099243164,2.069999933242798,2.0799999237060547,2.0,2.0299999713897705,9394240
2023-04-06,1.8947869539260864,2.119999885559082,2.119999885559082,2.049999952316284,2.069999933242798,12304600
2023-04-11,1.9126626253128052,2.140000104904175,2.1600000858306885,2.109999895095825,2.130000114440918,10095500
2023-04-12,1.921600103378296,2.1500000953674316,2.1700000762939453,2.119999885559082,2.140000104904175,8886066
2023-04-13,1.9662885665893555,2.200000047683716,2.200000047683716,2.130000114440918,2.130000114440918,16700800
2023-04-14,1.9662885665893555,2.200000047683716,2.200000047683716,2.0999999046325684,2.180000066757202,33181450
2023-04-17,1.9126626253128052,2.140000104904175,2.200000047683716,2.119999885559082,2.200000047683716,6702200
2023-04-18,1.9305377006530762,2.1600000858306885,2.190000057220459,2.0899999141693115,2.140000104904175,18475400
2023-04-19,1.9305377006530762,2.1600000858306885,2.180000066757202,2.119999885559082,2.1600000858306885,6457200
2023-04-20,1.7517842054367065,1.9600000381469727,2.1500000953674316,1.940000057220459,2.140000104904175,16810800
2023-04-21,1.778597354888916,1.9900000095367432,2.0299999713897705,1.940000057220459,1.9500000476837158,10496400
2023-04-24,1.733909010887146,1.940000057220459,1.9800000190734863,1.9299999475479126,1.9600000381469727,3472400
2023-04-25,1.7428466081619263,1.9500000476837158,1.9700000286102295,1.9299999475479126,1.940000057220459,2516800
2023-04-26,1.7428466081619263,1.9500000476837158,1.9600000381469727,1.8899999856948853,1.9199999570846558,4113849
2023-04-27,1.778597354888916,1.9900000095367432,2.0199999809265137,1.9199999570846558,1.9199999570846558,3682000
2023-04-28,1.8143479824066162,2.0299999713897705,2.069999933242798,1.9700000286102295,1.9800000190734863,3978000
2023-05-02,1.7428466081619263,1.9500000476837158,2.0199999809265137,1.9299999475479126,2.0199999809265137,2225200
2023-05-03,1.7249711751937866,1.9299999475479126,1.9500000476837158,1.909999966621399,1.9500000476837158,996000
2023-05-04,1.7428466081619263,1.9500000476837158,1.9800000190734863,1.909999966621399,1.9199999570846558,6166000
2023-05-05,1.7964726686477661,2.009999990463257,2.009999990463257,1.940000057220459,1.9500000476837158,3848000
2023-05-08,1.8590362071990967,2.0799999237060547,2.109999895095825,1.9800000190734863,2.0,6015300
2023-05-09,1.823285460472107,2.0399999618530273,2.0899999141693115,2.0199999809265137,2.0799999237060547,4860000
2023-05-10,1.8769115209579468,2.0999999046325684,2.109999895095825,2.009999990463257,2.009999990463257,3303500
2023-05-11,1.9126626253128052,2.140000104904175,2.1500000953674316,2.0799999237060547,2.0799999237060547,4665695
2023-05-12,1.9126626253128052,2.140000104904175,2.1600000858306885,2.109999895095825,2.1500000953674316,3945600
2023-05-15,1.9305377006530762,2.1600000858306885,2.180000066757202,2.0799999237060547,2.1500000953674316,3656000
2023-05-16,1.9573506116867065,2.190000057220459,2.200000047683716,2.059999942779541,2.140000104904175,16839200
2023-05-17,1.9841636419296265,2.2200000286102295,2.25,2.1500000953674316,2.190000057220459,12547200
2023-05-18,1.9841636419296265,2.2200000286102295,2.259999990463257,2.200000047683716,2.240000009536743,3884400
2023-05-19,2.0199146270751953,2.259999990463257,2.2899999618530273,2.1600000858306885,2.25,16708133
2023-05-22,2.010976552963257,2.25,2.299999952316284,2.2100000381469727,2.259999990463257,11033360
2023-05-23,1.9484130144119263,2.180000066757202,2.259999990463257,2.1700000762939453,2.259999990463257,5608000
2023-05-24,1.867973804473877,2.0899999141693115,2.200000047683716,2.0199999809265137,2.1600000858306885,20365600
2023-05-25,1.8500986099243164,2.069999933242798,2.109999895095825,2.049999952316284,2.109999895095825,2981000
2023-05-29,1.8769115209579468,2.0999999046325684,2.190000057220459,2.0299999713897705,2.0399999618530273,10164000
2023-05-30,1.8590362071990967,2.0799999237060547,2.1600000858306885,2.069999933242798,2.109999895095825,4581600
2023-05-31,1.867973804473877,2.0899999141693115,2.1700000762939453,2.0299999713897705,2.0799999237060547,15936000
2023-06-01,1.7964726686477661,2.009999990463257,2.0799999237060547,1.9800000190734863,2.069999933242798,13831600
2023-06-02,1.8500986099243164,2.069999933242798,2.0999999046325684,2.009999990463257,2.0299999713897705,5477200
2023-06-05,1.8054102659225464,2.0199999809265137,2.0799999237060547,2.009999990463257,2.0799999237060547,2893600
2023-06-06,1.7875349521636963,2.0,2.0299999713897705,2.0,2.0299999713897705,2802000
2023-06-07,1.7964726686477661,2.009999990463257,2.0199999809265137,1.9700000286102295,2.0,5469200
2023-06-08,1.8322232961654663,2.049999952316284,2.049999952316284,1.9900000095367432,2.0199999809265137,4936000
2023-06-09,1.8500986099243164,2.069999933242798,2.069999933242798,2.0199999809265137,2.0299999713897705,3410000
2023-06-12,1.867973804473877,2.0899999141693115,2.0899999141693115,2.0299999713897705,2.049999952316284,3832000
2023-06-13,1.867973804473877,2.0899999141693115,2.119999885559082,2.049999952316284,2.049999952316284,2618800
2023-06-14,1.823285460472107,2.0399999618530273,2.119999885559082,2.0299999713897705,2.119999885559082,3764000
2023-06-15,1.7875349521636963,2.0,2.059999942779541,1.9900000095367432,2.0199999809265137,2217600
2023-06-16,1.823285460472107,2.0399999618530273,2.049999952316284,1.9900000095367432,1.9900000095367432,3460000
2023-06-19,1.7964726686477661,2.009999990463257,2.0399999618530273,1.940000057220459,2.009999990463257,9932000
2023-06-20,1.8143479824066162,2.0299999713897705,2.0299999713897705,1.9600000381469727,2.009999990463257,3434000
2023-06-21,1.7517842054367065,1.9600000381469727,2.009999990463257,1.9500000476837158,1.9800000190734863,2042248
2023-06-23,1.6892204284667969,1.8899999856948853,1.9700000286102295,1.8799999952316284,1.9700000286102295,2074000
2023-06-26,1.6534696817398071,1.850000023841858,1.899999976158142,1.8300000429153442,1.8899999856948853,4159600
2023-06-27,1.6713451147079468,1.8700000047683716,1.8799999952316284,1.8200000524520874,1.850000023841858,3084000
2023-06-28,1.635594367980957,1.8300000429153442,1.8899999856948853,1.8300000429153442,1.8899999856948853,1476000
2023-06-29,1.6266567707061768,1.8200000524520874,1.840000033378601,1.7799999713897705,1.840000033378601,2006000
2023-06-30,1.6266567707061768,1.8200000524520874,1.8300000429153442,1.7799999713897705,1.7899999618530273,2896000
2023-07-03,1.6981581449508667,1.899999976158142,1.899999976158142,1.8200000524520874,1.8200000524520874,3362800
2023-07-04,1.7070958614349365,1.909999966621399,1.909999966621399,1.8600000143051147,1.909999966621399,5288800
2023-07-05,1.7249711751937866,1.9299999475479126,1.940000057220459,1.8700000047683716,1.8799999952316284,5434000
2023-07-06,1.7517842054367065,1.9600000381469727,1.9600000381469727,1.8899999856948853,1.9299999475479126,4602000
2023-07-07,1.7517842054367065,1.9600000381469727,1.9900000095367432,1.909999966621399,1.9600000381469727,5758000
2023-07-10,1.7964726686477661,2.009999990463257,2.0199999809265137,1.9600000381469727,1.9600000381469727,4857200
2023-07-11,1.7875349521636963,2.0,2.009999990463257,1.9800000190734863,2.0,2498800
2023-07-12,1.8463233709335327,2.009999990463257,2.009999990463257,1.9600000381469727,1.9600000381469727,3543600
2023-07-13,1.887856125831604,2.0,2.0,1.9600000381469727,1.9700000286102295,3328400
2023-07-14,1.887856125831604,2.0,2.0199999809265137,1.9600000381469727,1.9900000095367432,2027600
2023-07-18,1.9161739349365234,2.0299999713897705,2.0299999713897705,1.9800000190734863,1.9900000095367432,3932000
2023-07-19,1.9161739349365234,2.0299999713897705,2.0299999713897705,1.9800000190734863,2.0199999809265137,2632000
2023-07-20,1.935052514076233,2.049999952316284,2.059999942779541,2.0,2.0199999809265137,3806000
2023-07-21,1.897295355796814,2.009999990463257,2.049999952316284,2.009999990463257,2.0199999809265137,680240
2023-07-24,1.878416895866394,1.9900000095367432,2.0199999809265137,1.9700000286102295,2.0,1308000
2023-07-25,1.9067347049713135,2.0199999809265137,2.049999952316284,1.9900000095367432,2.049999952316284,986000
2023-07-26,1.868977665901184,1.9800000190734863,2.0199999809265137,1.9800000190734863,1.9900000095367432,480400
2023-07-27,1.840659737586975,1.9500000476837158,1.9900000095367432,1.9299999475479126,1.9800000190734863,2522000
2023-07-28,1.8595384359359741,1.9700000286102295,1.9800000190734863,1.9500000476837158,1.9500000476837158,1035200
2023-07-31,1.7368277311325073,1.840000033378601,1.909999966621399,1.7999999523162842,1.909999966621399,10750000
2023-08-01,1.6141170263290405,1.7100000381469727,1.840000033378601,1.7000000476837158,1.840000033378601,9978800
2023-08-02,1.5857990980148315,1.6799999475479126,1.7300000190734863,1.6699999570846558,1.7200000286102295,4550800
2023-08-03,1.6046777963638306,1.7000000476837158,1.7300000190734863,1.6799999475479126,1.7200000286102295,2302000
2023-08-04,1.6141170263290405,1.7100000381469727,1.7200000286102295,1.690000057220459,1.7000000476837158,2414020
2023-08-07,1.5952385663986206,1.690000057220459,1.7000000476837158,1.6399999856948853,1.690000057220459,1890400
2023-08-08,1.5480420589447021,1.6399999856948853,1.7000000476837158,1.6200000047683716,1.690000057220459,3518000
2023-08-09,1.5291635990142822,1.6200000047683716,1.659999966621399,1.5700000524520874,1.659999966621399,3468000
2023-08-10,1.5386028289794922,1.6299999952316284,1.6399999856948853,1.6100000143051147,1.6200000047683716,990000
2023-08-11,1.557481288909912,1.649999976158142,1.6699999570846558,1.6299999952316284,1.6399999856948853,1925200
2023-08-14,1.5008456707000732,1.590000033378601,1.6299999952316284,1.5800000429153442,1.6299999952316284,1658800
2023-08-15,1.5386028289794922,1.6299999952316284,1.6799999475479126,1.5800000429153442,1.6200000047683716,2710000
2023-08-16,1.5008456707000732,1.590000033378601,1.6100000143051147,1.5800000429153442,1.590000033378601,2627200
2023-08-17,1.5197241306304932,1.6100000143051147,1.6200000047683716,1.5499999523162842,1.590000033378601,1654000
2023-08-18,1.5008456707000732,1.590000033378601,1.6200000047683716,1.5700000524520874,1.6200000047683716,2182000
2023-08-21,1.5102849006652832,1.600000023841858,1.649999976158142,1.590000033378601,1.5800000429153442,1480303
2023-08-22,1.5102849006652832,1.600000023841858,1.6200000047683716,1.5800000429153442,1.6200000047683716,1462012
2023-08-23,1.4914064407348633,1.5800000429153442,1.600000023841858,1.5800000429153442,1.590000033378601,1114000
2023-08-24,1.5291635990142822,1.6200000047683716,1.6399999856948853,1.590000033378601,1.590000033378601,986400
2023-08-25,1.5008456707000732,1.590000033378601,1.6200000047683716,1.590000033378601,1.6100000143051147,1566000
2023-08-28,1.5386028289794922,1.6299999952316284,1.6399999856948853,1.5700000524520874,1.6399999856948853,1606000
2023-08-29,1.557481288909912,1.649999976158142,1.659999966621399,1.559999942779541,1.6200000047683716,4430800
2023-08-30,1.5952385663986206,1.690000057220459,1.690000057220459,1.6200000047683716,1.6699999570846558,4739600
2023-08-31,1.7273885011672974,1.8300000429153442,1.8300000429153442,1.6799999475479126,1.6799999475479126,10794000
2023-09-04,1.7085096836090088,1.809999942779541,1.8300000429153442,1.7599999904632568,1.7799999713897705,3135200
2023-09-05,1.6990704536437988,1.7999999523162842,1.7999999523162842,1.7400000095367432,1.7699999809265137,4170000
2023-09-06,1.7273885011672974,1.8300000429153442,1.840000033378601,1.7799999713897705,1.809999942779541,3072000
2023-09-07,1.7273885011672974,1.8300000429153442,1.840000033378601,1.809999942779541,1.840000033378601,1944223
2023-09-11,1.7368277311325073,1.840000033378601,1.840000033378601,1.7799999713897705,1.8200000524520874,2770800
2023-09-12,1.7651455402374268,1.8700000047683716,1.8700000047683716,1.8200000524520874,1.840000033378601,1992000
2023-09-13,1.7557061910629272,1.8600000143051147,1.8700000047683716,1.8200000524520874,1.8700000047683716,2840000
2023-09-14,1.7557061910629272,1.8600000143051147,1.8700000047683716,1.8300000429153442,1.8600000143051147,1982400
2023-09-15,1.7934633493423462,1.899999976158142,1.899999976158142,1.8300000429153442,1.8700000047683716,5946000
2023-09-18,1.7840240001678467,1.8899999856948853,1.899999976158142,1.840000033378601,1.899999976158142,3482000
2023-09-19,1.7651455402374268,1.8700000047683716,1.8899999856948853,1.8600000143051147,1.8899999856948853,2350771
2023-09-20,1.62355637550354,1.7200000286102295,1.8600000143051147,1.7200000286102295,1.8600000143051147,7184000
2023-09-21,1.5386028289794922,1.6299999952316284,1.7200000286102295,1.6299999952316284,1.7200000286102295,2580257
2023-09-22,1.557481288909912,1.649999976158142,1.6699999570846558,1.600000023841858,1.6299999952316284,3576000
2023-09-25,1.5197241306304932,1.6100000143051147,1.659999966621399,1.5800000429153442,1.6399999856948853,3983200
2023-09-26,1.4630885124206543,1.5499999523162842,1.6200000047683716,1.5499999523162842,1.6100000143051147,3594000
2023-09-27,1.5008456707000732,1.590000033378601,1.590000033378601,1.5199999809265137,1.5499999523162842,4660000
2023-09-28,1.4939061403274536,1.5499999523162842,1.559999942779541,1.4800000190734863,1.5499999523162842,5192000
2023-09-29,1.5517348051071167,1.6100000143051147,1.6299999952316284,1.5499999523162842,1.5499999523162842,4472000
2023-10-03,1.484268069267273,1.5399999618530273,1.6200000047683716,1.5399999618530273,1.6200000047683716,694800
2023-10-04,1.43607759475708,1.4900000095367432,1.5299999713897705,1.4600000381469727,1.5199999809265137,1858000
2023-10-05,1.43607759475708,1.4900000095367432,1.5099999904632568,1.4800000190734863,1.4900000095367432,462000
2023-10-06,1.4746299982070923,1.5299999713897705,1.5499999523162842,1.5099999904632568,1.5099999904632568,660000
2023-10-09,1.484268069267273,1.5399999618530273,1.5700000524520874,1.5399999618530273,1.5499999523162842,430000
2023-10-10,1.4939061403274536,1.5499999523162842,1.5800000429153442,1.5399999618530273,1.5700000524520874,1473927
2023-10-11,1.484268069267273,1.5399999618530273,1.559999942779541,1.5399999618530273,1.559999942779541,498000
2023-10-12,1.484268069267273,1.5399999618530273,1.559999942779541,1.5299999713897705,1.5399999618530273,2062400
2023-10-13,1.4649919271469116,1.5199999809265137,1.5299999713897705,1.4900000095367432,1.5299999713897705,466000
2023-10-16,1.4168014526367188,1.4700000286102295,1.5199999809265137,1.4199999570846558,1.5199999809265137,2966000
2023-10-17,1.4168014526367188,1.4700000286102295,1.5,1.4299999475479126,1.5,1312000
2023-10-18,1.3396965265274048,1.3899999856948853,1.4600000381469727,1.3799999952316284,1.4600000381469727,2986000
2023-10-19,1.3300584554672241,1.3799999952316284,1.3899999856948853,1.340000033378601,1.3799999952316284,2228400
2023-10-20,1.3011441230773926,1.350000023841858,1.3700000047683716,1.340000033378601,1.3600000143051147,6348200
2023-10-24,1.2818679809570312,1.3300000429153442,1.3600000143051147,1.309999942779541,1.3200000524520874,2620000
2023-10-25,1.2722299098968506,1.3200000524520874,1.350000023841858,1.309999942779541,1.350000023841858,2288000
2023-10-26,1.2818679809570312,1.3300000429153442,1.350000023841858,1.25,1.3200000524520874,5390000
2023-10-27,1.2722299098968506,1.3200000524520874,1.350000023841858,1.309999942779541,1.350000023841858,1678000
2023-10-30,1.2818679809570312,1.3300000429153442,1.350000023841858,1.2899999618530273,1.3200000524520874,1044400
2023-10-31,1.2336773872375488,1.2799999713897705,1.3300000429153442,1.2799999713897705,1.3200000524520874,7093000
2023-11-01,1.2625916004180908,1.309999942779541,1.3200000524520874,1.2699999809265137,1.309999942779541,2182200
2023-11-02,1.2625916004180908,1.309999942779541,1.3200000524520874,1.2699999809265137,1.2999999523162842,2468000
2023-11-03,1.291506052017212,1.340000033378601,1.340000033378601,1.2999999523162842,1.3200000524520874,3950000
2023-11-06,1.3011441230773926,1.350000023841858,1.3700000047683716,1.2999999523162842,1.3200000524520874,5214400
2023-11-07,1.2818679809570312,1.3300000429153442,1.3600000143051147,1.3200000524520874,1.350000023841858,5777000
2023-11-08,1.291506052017212,1.340000033378601,1.350000023841858,1.309999942779541,1.3200000524520874,4116800
2023-11-09,1.3396965265274048,1.3899999856948853,1.399999976158142,1.3300000429153442,1.340000033378601,9084000
2023-11-10,1.3396965265274048,1.3899999856948853,1.409999966621399,1.3600000143051147,1.3799999952316284,3167000
2023-11-13,1.3878871202468872,1.440000057220459,1.440000057220459,1.3600000143051147,1.3799999952316284,3375200
2023-11-14,1.3878871202468872,1.440000057220459,1.4600000381469727,1.3799999952316284,1.440000057220459,5793400
2023-11-15,1.378248929977417,1.4299999475479126,1.4700000286102295,1.4199999570846558,1.4500000476837158,4494000
2023-11-16,1.3589726686477661,1.409999966621399,1.4199999570846558,1.3799999952316284,1.409999966621399,9770000
2023-11-17,1.3493345975875854,1.399999976158142,1.4199999570846558,1.3700000047683716,1.3700000047683716,2088200
2023-11-20,1.3878871202468872,1.440000057220459,1.440000057220459,1.3899999856948853,1.399999976158142,2555200
2023-11-21,1.3493345975875854,1.399999976158142,1.440000057220459,1.399999976158142,1.4500000476837158,1203295
2023-11-22,1.3396965265274048,1.3899999856948853,1.409999966621399,1.3799999952316284,1.399999976158142,1120000
2023-11-23,1.3686108589172363,1.4199999570846558,1.4199999570846558,1.3799999952316284,1.399999976158142,342000
2023-11-24,1.3686108589172363,1.4199999570846558,1.440000057220459,1.3899999856948853,1.4199999570846558,3150000
2023-11-27,1.3686108589172363,1.4199999570846558,1.4299999475479126,1.3899999856948853,1.399999976158142,6492000
2023-11-28,1.3493345975875854,1.399999976158142,1.4500000476837158,1.3799999952316284,1.4299999475479126,7344400
2023-11-29,1.3204203844070435,1.3700000047683716,1.3799999952316284,1.340000033378601,1.3799999952316284,12762000
2023-11-30,1.2722299098968506,1.3200000524520874,1.3799999952316284,1.309999942779541,1.3600000143051147,6285918
2023-12-01,1.291506052017212,1.340000033378601,1.340000033378601,1.309999942779541,1.3200000524520874,2798400
2023-12-04,1.2625916004180908,1.309999942779541,1.340000033378601,1.2999999523162842,1.3200000524520874,3418000
2023-12-05,1.2625916004180908,1.309999942779541,1.340000033378601,1.2799999713897705,1.309999942779541,4838000
2023-12-06,1.3011441230773926,1.350000023841858,1.3600000143051147,1.2899999618530273,1.309999942779541,3406000
2023-12-07,1.2529535293579102,1.2999999523162842,1.350000023841858,1.2999999523162842,1.350000023841858,1550000
2023-12-08,1.2722299098968506,1.3200000524520874,1.3300000429153442,1.2899999618530273,1.2999999523162842,1564180
2023-12-11,1.3107821941375732,1.3600000143051147,1.3600000143051147,1.2799999713897705,1.3200000524520874,7014380
2023-12-12,1.2625916004180908,1.309999942779541,1.3899999856948853,1.309999942779541,1.3300000429153442,6032000
2023-12-13,1.2336773872375488,1.2799999713897705,1.3300000429153442,1.2799999713897705,1.3300000429153442,3224000
2023-12-14,1.291506052017212,1.340000033378601,1.3700000047683716,1.2699999809265137,1.2899999618530273,7598400
2023-12-15,1.3300584554672241,1.3799999952316284,1.3899999856948853,1.340000033378601,1.340000033378601,4506400
2023-12-18,1.3589726686477661,1.409999966621399,1.409999966621399,1.3600000143051147,1.3799999952316284,6948000
2023-12-19,1.3686108589172363,1.4199999570846558,1.4199999570846558,1.399999976158142,1.409999966621399,1832000
2023-12-20,1.3878871202468872,1.440000057220459,1.440000057220459,1.399999976158142,1.4199999570846558,8314150
2023-12-21,1.4168014526367188,1.4700000286102295,1.4800000190734863,1.4299999475479126,1.4299999475479126,4684000
2023-12-22,1.4264395236968994,1.4800000190734863,1.5,1.4600000381469727,1.4900000095367432,6010000
2023-12-27,1.484268069267273,1.5399999618530273,1.559999942779541,1.4900000095367432,1.5099999904632568,7222000
2023-12-28,1.5035442113876343,1.559999942779541,1.590000033378601,1.5399999618530273,1.559999942779541,1968400
2023-12-29,1.513182520866394,1.5700000524520874,1.5800000429153442,1.5299999713897705,1.5700000524520874,8718800
2024-01-02,1.542096734046936,1.600000023841858,1.6299999952316284,1.5700000524520874,1.600000023841858,3743200
2024-01-03,1.542096734046936,1.600000023841858,1.6200000047683716,1.5700000524520874,1.6100000143051147,2721600
2024-01-04,1.484268069267273,1.5399999618530273,1.600000023841858,1.5299999713897705,1.600000023841858,3400000
2024-01-05,1.4553537368774414,1.5099999904632568,1.590000033378601,1.4900000095367432,1.5399999618530273,2352000
2024-01-08,1.4264395236968994,1.4800000190734863,1.5299999713897705,1.4600000381469727,1.5299999713897705,1934000
2024-01-09,1.4264395236968994,1.4800000190734863,1.5099999904632568,1.4600000381469727,1.5099999904632568,1318000
2024-01-10,1.4457156658172607,1.5,1.5,1.4600000381469727,1.5,1730000
2024-01-11,1.4457156658172607,1.5,1.5199999809265137,1.4800000190734863,1.5199999809265137,2118400
2024-01-12,1.43607759475708,1.4900000095367432,1.5,1.4700000286102295,1.5,1810000
2024-01-15,1.43607759475708,1.4900000095367432,1.5,1.4800000190734863,1.5,426000
2024-01-16,1.4168014526367188,1.4700000286102295,1.4800000190734863,1.440000057220459,1.4800000190734863,734800
2024-01-17,1.3396965265274048,1.3899999856948853,1.4600000381469727,1.3799999952316284,1.4600000381469727,2632000
2024-01-18,1.3396965265274048,1.3899999856948853,1.409999966621399,1.3700000047683716,1.3899999856948853,2080000
2024-01-19,1.3493345975875854,1.399999976158142,1.4299999475479126,1.350000023841858,1.4299999475479126,2190800
2024-01-22,1.291506052017212,1.340000033378601,1.4199999570846558,1.3300000429153442,1.4199999570846558,2615200
2024-01-23,1.3107821941375732,1.3600000143051147,1.3899999856948853,1.340000033378601,1.3799999952316284,2366000
2024-01-24,1.3589726686477661,1.409999966621399,1.409999966621399,1.340000033378601,1.3799999952316284,2355200
2024-01-25,1.3686108589172363,1.4199999570846558,1.4199999570846558,1.3799999952316284,1.409999966621399,1380000
2024-01-26,1.3396965265274048,1.3899999856948853,1.4199999570846558,1.3799999952316284,1.409999966621399,1526800
2024-01-29,1.3396965265274048,1.3899999856948853,1.409999966621399,1.3799999952316284,1.409999966621399,1366400
2024-01-30,1.3107821941375732,1.3600000143051147,1.3899999856948853,1.340000033378601,1.3799999952316284,1154000
2024-01-31,1.3204203844070435,1.3700000047683716,1.3799999952316284,1.340000033378601,1.3799999952316284,1896000
2024-02-01,1.3204203844070435,1.3700000047683716,1.3899999856948853,1.350000023841858,1.3700000047683716,1664000
2024-02-02,1.3300584554672241,1.3799999952316284,1.4199999570846558,1.3700000047683716,1.3799999952316284,1672800
2024-02-05,1.3396965265274048,1.3899999856948853,1.3899999856948853,1.3600000143051147,1.3600000143051147,964800
2024-02-06,1.3686108589172363,1.4199999570846558,1.4500000476837158,1.399999976158142,1.399999976158142,1871378
2024-02-07,1.378248929977417,1.4299999475479126,1.4600000381469727,1.399999976158142,1.4299999475479126,2023600
2024-02-08,1.3878871202468872,1.440000057220459,1.4500000476837158,1.409999966621399,1.4500000476837158,1844111
2024-02-09,1.378248929977417,1.4299999475479126,1.4500000476837158,1.4199999570846558,1.4500000476837158,672000
2024-02-14,1.4264395236968994,1.4800000190734863,1.4800000190734863,1.4299999475479126,1.4500000476837158,1292000
2024-02-15,1.43607759475708,1.4900000095367432,1.5,1.4600000381469727,1.5,722000
2024-02-16,1.4553537368774414,1.5099999904632568,1.5099999904632568,1.4800000190734863,1.5099999904632568,1058600
2024-02-19,1.4746299982070923,1.5299999713897705,1.5399999618530273,1.5099999904632568,1.5299999713897705,2732400
2024-02-20,1.4939061403274536,1.5499999523162842,1.559999942779541,1.5099999904632568,1.5399999618530273,2070000
2024-02-21,1.4939061403274536,1.5499999523162842,1.5499999523162842,1.5299999713897705,1.5499999523162842,1724000
2024-02-22,1.513182520866394,1.5700000524520874,1.5700000524520874,1.5299999713897705,1.559999942779541,2034800
2024-02-23,1.5228205919265747,1.5800000429153442,1.590000033378601,1.5499999523162842,1.590000033378601,2042000
2024-02-26,1.513182520866394,1.5700000524520874,1.5800000429153442,1.559999942779541,1.5800000429153442,1422070
2024-02-27,1.513182520866394,1.5700000524520874,1.600000023841858,1.5499999523162842,1.600000023841858,2257600
2024-02-28,1.4553537368774414,1.5099999904632568,1.559999942779541,1.5099999904632568,1.559999942779541,1504000
2024-02-29,1.4553537368774414,1.5099999904632568,1.5299999713897705,1.4900000095367432,1.5099999904632568,2936400
2024-03-01,1.4457156658172607,1.5,1.5199999809265137,1.4900000095367432,1.5199999809265137,490800
2024-03-04,1.4264395236968994,1.4800000190734863,1.5,1.4700000286102295,1.5,876000
2024-03-05,1.3878871202468872,1.440000057220459,1.4800000190734863,1.4299999475479126,1.4800000190734863,1640440
2024-03-06,1.378248929977417,1.4299999475479126,1.4600000381469727,1.399999976158142,1.440000057220459,1108400
2024-03-07,1.3975251913070679,1.4500000476837158,1.4600000381469727,1.4199999570846558,1.4299999475479126,994000
2024-03-08,1.4071632623672485,1.4600000381469727,1.4900000095367432,1.4500000476837158,1.4500000476837158,1000400
2024-03-11,1.4071632623672485,1.4600000381469727,1.4700000286102295,1.4500000476837158,1.4600000381469727,612800
2024-03-12,1.4264395236968994,1.4800000190734863,1.4900000095367432,1.4500000476837158,1.4600000381469727,1572800
2024-03-13,1.4264395236968994,1.4800000190734863,1.5,1.4800000190734863,1.4800000190734863,873200
2024-03-14,1.4168014526367188,1.4700000286102295,1.4900000095367432,1.4600000381469727,1.4800000190734863,948000
2024-03-15,1.4649919271469116,1.5199999809265137,1.5399999618530273,1.4600000381469727,1.4600000381469727,13692400
2024-03-18,1.4746299982070923,1.5299999713897705,1.5399999618530273,1.5199999809265137,1.5199999809265137,642000
2024-03-19,1.4071632623672485,1.4600000381469727,1.5199999809265137,1.4600000381469727,1.5199999809265137,1584000
2024-03-20,1.4264395236968994,1.4800000190734863,1.4900000095367432,1.4600000381469727,1.4600000381469727,702000
2024-03-21,1.4553537368774414,1.5099999904632568,1.5099999904632568,1.4800000190734863,1.4800000190734863,782000
2024-03-22,1.4168014526367188,1.4700000286102295,1.5199999809265137,1.4600000381469727,1.5199999809265137,1162000
2024-03-25,1.3686108589172363,1.4199999570846558,1.4600000381469727,1.409999966621399,1.4600000381469727,992000
2024-03-26,1.3975251913070679,1.4500000476837158,1.4600000381469727,1.4299999475479126,1.440000057220459,586000
2024-03-27,1.4071632623672485,1.4600000381469727,1.4800000190734863,1.440000057220459,1.4800000190734863,328000
2024-03-28,1.3878871202468872,1.440000057220459,1.4800000190734863,1.440000057220459,1.4600000381469727,1564800
2024-04-02,1.4071632623672485,1.4600000381469727,1.4800000190734863,1.3700000047683716,1.4800000190734863,5647160
2024-04-03,1.4457156658172607,1.5,1.5,1.4500000476837158,1.4700000286102295,2108000
2024-04-05,1.4553537368774414,1.5099999904632568,1.5199999809265137,1.4800000190734863,1.5199999809265137,2513200
2024-04-08,1.4746299982070923,1.5299999713897705,1.5299999713897705,1.5,1.5099999904632568,2138000
2024-04-09,1.4746299982070923,1.5299999713897705,1.5399999618530273,1.5099999904632568,1.5399999618530273,1880000
2024-04-10,1.4553537368774414,1.5099999904632568,1.5399999618530273,1.4900000095367432,1.5399999618530273,1722000
2024-04-11,1.4649919271469116,1.5199999809265137,1.5299999713897705,1.4800000190734863,1.5099999904632568,2450000
2024-04-12,1.43607759475708,1.4900000095367432,1.5199999809265137,1.4700000286102295,1.5199999809265137,13370000
2024-04-15,1.378248929977417,1.4299999475479126,1.4800000190734863,1.4299999475479126,1.4800000190734863,934000
2024-04-16,1.3204203844070435,1.3700000047683716,1.4299999475479126,1.3600000143051147,1.4199999570846558,2436400
2024-04-17,1.3011441230773926,1.350000023841858,1.3799999952316284,1.350000023841858,1.3700000047683716,2172000
2024-04-18,1.3300584554672241,1.3799999952316284,1.3799999952316284,1.3600000143051147,1.3700000047683716,1075200
2024-04-19,1.3107821941375732,1.3600000143051147,1.3799999952316284,1.350000023841858,1.3799999952316284,598400
2024-04-22,1.2818679809570312,1.3300000429153442,1.3799999952316284,1.3300000429153442,1.3799999952316284,1836800
2024-04-23,1.2818679809570312,1.3300000429153442,1.350000023841858,1.3200000524520874,1.3200000524520874,977200
2024-04-24,1.291506052017212,1.340000033378601,1.3600000143051147,1.3300000429153442,1.340000033378601,1502000
2024-04-25,1.3011441230773926,1.350000023841858,1.3700000047683716,1.3300000429153442,1.3300000429153442,659600
2024-04-26,1.3493345975875854,1.399999976158142,1.409999966621399,1.350000023841858,1.350000023841858,1277200
2024-04-29,1.3589726686477661,1.409999966621399,1.440000057220459,1.399999976158142,1.399999976158142,1712800
2024-04-30,1.3589726686477661,1.409999966621399,1.409999966621399,1.3700000047683716,1.409999966621399,1870000
2024-05-02,1.3975251913070679,1.4500000476837158,1.4500000476837158,1.399999976158142,1.399999976158142,2014000
2024-05-03,1.3878871202468872,1.440000057220459,1.4700000286102295,1.4199999570846558,1.4600000381469727,1852000
2024-05-06,1.3686108589172363,1.4199999570846558,1.440000057220459,1.409999966621399,1.4199999570846558,1082510
2024-05-07,1.3493345975875854,1.399999976158142,1.4299999475479126,1.3899999856948853,1.4199999570846558,1345800
2024-05-08,1.3686108589172363,1.4199999570846558,1.4299999475479126,1.399999976158142,1.399999976158142,980000
2024-05-09,1.4071632623672485,1.4600000381469727,1.4900000095367432,1.409999966621399,1.4199999570846558,3594000
2024-05-10,1.4264395236968994,1.4800000190734863,1.5,1.4700000286102295,1.4900000095367432,3452400
2024-05-13,1.4071632623672485,1.4600000381469727,1.4800000190734863,1.440000057220459,1.4500000476837158,15988800
2024-05-14,1.3878871202468872,1.440000057220459,1.4900000095367432,1.4299999475479126,1.4700000286102295,3886400
2024-05-16,1.3975251913070679,1.4500000476837158,1.4600000381469727,1.4299999475479126,1.440000057220459,3865650
2024-05-17,1.4071632623672485,1.4600000381469727,1.4600000381469727,1.440000057220459,1.4500000476837158,2292000
2024-05-20,1.3975251913070679,1.4500000476837158,1.4600000381469727,1.4500000476837158,1.4600000381469727,1356800
2024-05-21,1.3686108589172363,1.4199999570846558,1.440000057220459,1.409999966621399,1.440000057220459,1605600
2024-05-22,1.3878871202468872,1.440000057220459,1.440000057220459,1.4199999570846558,1.4199999570846558,1374000
2024-05-23,1.3493345975875854,1.399999976158142,1.409999966621399,1.3700000047683716,1.409999966621399,1902400
2024-05-24,1.3396965265274048,1.3899999856948853,1.399999976158142,1.3600000143051147,1.3899999856948853,1320000
2024-05-27,1.3493345975875854,1.399999976158142,1.399999976158142,1.350000023841858,1.3899999856948853,2074000
2024-05-28,1.3396965265274048,1.3899999856948853,1.399999976158142,1.3799999952316284,1.399999976158142,386000
2024-05-29,1.3204203844070435,1.3700000047683716,1.3700000047683716,1.3600000143051147,1.3700000047683716,1641300
2024-05-30,1.291506052017212,1.340000033378601,1.3600000143051147,1.3300000429153442,1.3600000143051147,1744000
2024-05-31,1.2529535293579102,1.2999999523162842,1.3600000143051147,1.2999999523162842,1.340000033378601,1726400
2024-06-03,1.291506052017212,1.340000033378601,1.340000033378601,1.309999942779541,1.3300000429153442,846000
2024-06-04,1.3011441230773926,1.350000023841858,1.3700000047683716,1.309999942779541,1.340000033378601,1447792
2024-06-05,1.3011441230773926,1.350000023841858,1.3600000143051147,1.340000033378601,1.350000023841858,493200
2024-06-06,1.2818679809570312,1.3300000429153442,1.3700000047683716,1.3300000429153442,1.3600000143051147,908000
2024-06-07,1.291506052017212,1.340000033378601,1.3600000143051147,1.3200000524520874,1.3200000524520874,1311200
2024-06-11,1.2722299098968506,1.3200000524520874,1.340000033378601,1.2999999523162842,1.340000033378601,862400
2024-06-12,1.291506052017212,1.340000033378601,1.340000033378601,1.309999942779541,1.3300000429153442,904000
2024-06-13,1.3204203844070435,1.3700000047683716,1.3799999952316284,1.340000033378601,1.3799999952316284,1567200
2024-06-14,1.3011441230773926,1.350000023841858,1.3700000047683716,1.340000033378601,1.3700000047683716,1238400
2024-06-17,1.2818679809570312,1.3300000429153442,1.340000033378601,1.3200000524520874,1.340000033378601,320000
2024-06-18,1.291506052017212,1.340000033378601,1.350000023841858,1.309999942779541,1.350000023841858,1061600
2024-06-19,1.3204203844070435,1.3700000047683716,1.3700000047683716,1.3300000429153442,1.3600000143051147,1261600
2024-06-20,1.3300584554672241,1.3799999952316284,1.3799999952316284,1.350000023841858,1.3799999952316284,958000
2024-06-21,1.3107821941375732,1.3600000143051147,1.3899999856948853,1.3200000524520874,1.3600000143051147,1686000
2024-06-24,1.2722299098968506,1.3200000524520874,1.3799999952316284,1.309999942779541,1.3799999952316284,1310000
2024-06-25,1.2722299098968506,1.3200000524520874,1.350000023841858,1.3200000524520874,1.350000023841858,647200
2024-06-26,1.3011441230773926,1.350000023841858,1.350000023841858,1.309999942779541,1.309999942779541,385600
2024-06-27,1.3011441230773926,1.350000023841858,1.350000023841858,1.3200000524520874,1.350000023841858,702000
2024-06-28,1.3011441230773926,1.350000023841858,1.3799999952316284,1.3300000429153442,1.3600000143051147,1538000
2024-07-02,1.3011441230773926,1.350000023841858,1.350000023841858,1.3300000429153442,1.3300000429153442,936000
2024-07-03,1.3011441230773926,1.350000023841858,1.3700000047683716,1.340000033378601,1.3600000143051147,1267600
2024-07-04,1.3107821941375732,1.3600000143051147,1.3700000047683716,1.340000033378601,1.3700000047683716,938000
2024-07-05,1.3011441230773926,1.350000023841858,1.3600000143051147,1.340000033378601,1.3600000143051147,324000
2024-07-08,1.2818679809570312,1.3300000429153442,1.3700000047683716,1.3200000524520874,1.3700000047683716,1286400
2024-07-09,1.2818679809570312,1.3300000429153442,1.350000023841858,1.3300000429153442,1.350000023841858,383600
2024-07-10,1.291506052017212,1.340000033378601,1.350000023841858,1.3300000429153442,1.350000023841858,182000
2024-07-11,1.3107821941375732,1.3600000143051147,1.3700000047683716,1.3300000429153442,1.350000023841858,1022000
2024-07-12,1.3300584554672241,1.3799999952316284,1.3799999952316284,1.350000023841858,1.350000023841858,975600
2024-07-15,1.3222230672836304,1.350000023841858,1.350000023841858,1.3300000429153442,1.3300000429153442,363200
2024-07-16,1.3320173025131226,1.3600000143051147,1.3600000143051147,1.3300000429153442,1.3600000143051147,934800
2024-07-17,1.3124288320541382,1.340000033378601,1.3700000047683716,1.340000033378601,1.3600000143051147,1010800
2024-07-18,1.3124288320541382,1.340000033378601,1.350000023841858,1.3300000429153442,1.3300000429153442,904400
2024-07-19,1.3124288320541382,1.340000033378601,1.350000023841858,1.3300000429153442,1.350000023841858,946400
2024-07-22,1.3124288320541382,1.340000033378601,1.350000023841858,1.3300000429153442,1.350000023841858,994400
2024-07-23,1.3124288320541382,1.340000033378601,1.350000023841858,1.3200000524520874,1.350000023841858,938000
2024-07-24,1.3124288320541382,1.340000033378601,1.350000023841858,1.3200000524520874,1.340000033378601,1178800
2024-07-25,1.2732517719268799,1.2999999523162842,1.3300000429153442,1.2999999523162842,1.3200000524520874,790000
2024-07-26,1.2732517719268799,1.2999999523162842,1.3300000429153442,1.2999999523162842,1.2999999523162842,1516000
2024-07-29,1.2634575366973877,1.2899999618530273,1.309999942779541,1.2599999904632568,1.2999999523162842,1892725
2024-07-30,1.224280595779419,1.25,1.2899999618530273,1.2400000095367432,1.2899999618530273,1086000
2024-07-31,1.224280595779419,1.25,1.2599999904632568,1.2400000095367432,1.25,1134000
2024-08-01,1.2438690662384033,1.2699999809265137,1.2799999713897705,1.25,1.25,268000
2024-08-02,1.2536633014678955,1.2799999713897705,1.2999999523162842,1.25,1.2699999809265137,1243815
2024-08-05,1.2340748310089111,1.2599999904632568,1.309999942779541,1.25,1.2999999523162842,979600
2024-08-06,1.2144863605499268,1.2400000095367432,1.2899999618530273,1.2100000381469727,1.2799999713897705,5213600
2024-08-07,1.224280595779419,1.25,1.2599999904632568,1.2300000190734863,1.2400000095367432,288000
2024-08-08,1.2438690662384033,1.2699999809265137,1.2799999713897705,1.2300000190734863,1.25,856000
2024-08-09,1.2732517719268799,1.2999999523162842,1.2999999523162842,1.2699999809265137,1.2899999618530273,1046400
2024-08-12,1.2536633014678955,1.2799999713897705,1.3300000429153442,1.2699999809265137,1.3300000429153442,314000
2024-08-13,1.2536633014678955,1.2799999713897705,1.2999999523162842,1.2699999809265137,1.2799999713897705,530610
2024-08-14,1.2536633014678955,1.2799999713897705,1.2999999523162842,1.2699999809265137,1.2999999523162842,242400
2024-08-15,1.2536633014678955,1.2799999713897705,1.2799999713897705,1.25,1.2699999809265137,1411200
2024-08-16,1.2438690662384033,1.2699999809265137,1.2899999618530273,1.2599999904632568,1.2899999618530273,174000
2024-08-19,1.224280595779419,1.25,1.2699999809265137,1.25,1.25,641200
2024-08-20,1.2340748310089111,1.2599999904632568,1.2799999713897705,1.2599999904632568,1.2699999809265137,948400
2024-08-21,1.2536633014678955,1.2799999713897705,1.2899999618530273,1.2599999904632568,1.2799999713897705,1556400
2024-08-22,1.2634575366973877,1.2899999618530273,1.2999999523162842,1.2699999809265137,1.2999999523162842,1201600
2024-08-23,1.2536633014678955,1.2799999713897705,1.2899999618530273,1.2599999904632568,1.2799999713897705,724000
2024-08-26,1.2732517719268799,1.2999999523162842,1.2999999523162842,1.2699999809265137,1.2899999618530273,954000
2024-08-27,1.302634596824646,1.3300000429153442,1.340000033378601,1.2999999523162842,1.309999942779541,2306000
2024-08-28,1.283046007156372,1.309999942779541,1.340000033378601,1.2999999523162842,1.340000033378601,1156000
2024-08-29,1.3124288320541382,1.340000033378601,1.350000023841858,1.2999999523162842,1.309999942779541,1270400
2024-08-30,1.2928403615951538,1.3200000524520874,1.350000023841858,1.3200000524520874,1.350000023841858,1379600
2024-09-02,1.2928403615951538,1.3200000524520874,1.340000033378601,1.309999942779541,1.3300000429153442,532000
2024-09-03,1.2634575366973877,1.2899999618530273,1.3200000524520874,1.2799999713897705,1.309999942779541,1270000
2024-09-04,1.2634575366973877,1.2899999618530273,1.2899999618530273,1.2699999809265137,1.2799999713897705,378000
2024-09-05,1.2634575366973877,1.2899999618530273,1.3200000524520874,1.2799999713897705,1.2899999618530273,1558000
2024-09-09,1.2634575366973877,1.2899999618530273,1.2999999523162842,1.2699999809265137,1.2799999713897705,1474000
2024-09-10,1.2928403615951538,1.3200000524520874,1.3200000524520874,1.2899999618530273,1.2899999618530273,1812000
2024-09-11,1.2732517719268799,1.2999999523162842,1.2999999523162842,1.2799999713897705,1.3200000524520874,1442000
2024-09-12,1.283046007156372,1.309999942779541,1.3200000524520874,1.2799999713897705,1.2999999523162842,1084000
2024-09-13,1.2928403615951538,1.3200000524520874,1.3200000524520874,1.2899999618530273,1.2999999523162842,1866000
2024-09-16,1.302634596824646,1.3300000429153442,1.3300000429153442,1.2899999618530273,1.2899999618530273,1258000
2024-09-17,1.3320173025131226,1.3600000143051147,1.3700000047683716,1.3200000524520874,1.3300000429153442,1562075
2024-09-19,1.3418115377426147,1.3700000047683716,1.3799999952316284,1.3300000429153442,1.3300000429153442,2958000
2024-09-20,1.3614000082015991,1.3899999856948853,1.399999976158142,1.3600000143051147,1.3700000047683716,10118400
2024-09-23,1.351605772972107,1.3799999952316284,1.3899999856948853,1.3600000143051147,1.3799999952316284,1168000
2024-09-24,1.3614000082015991,1.3899999856948853,1.3899999856948853,1.3700000047683716,1.3700000047683716,1034000
2024-09-25,1.3600000143051147,1.3600000143051147,1.3799999952316284,1.340000033378601,1.3600000143051147,1344800
2024-09-26,1.350000023841858,1.350000023841858,1.3600000143051147,1.340000033378601,1.3600000143051147,2106800
2024-09-27,1.3600000143051147,1.3600000143051147,1.409999966621399,1.3300000429153442,1.3799999952316284,6609200
2024-09-30,1.3799999952316284,1.3799999952316284,1.399999976158142,1.340000033378601,1.3700000047683716,10207600
2024-10-02,1.3700000047683716,1.3700000047683716,1.4199999570846558,1.350000023841858,1.3700000047683716,14514400
2024-10-03,1.2799999713897705,1.2799999713897705,1.3799999952316284,1.2699999809265137,1.3799999952316284,9969600
2024-10-04,1.2599999904632568,1.2599999904632568,1.2899999618530273,1.25,1.2699999809265137,14030000
2024-10-07,1.3200000524520874,1.3200000524520874,1.340000033378601,1.2899999618530273,1.2899999618530273,19232000
2024-10-08,1.2200000286102295,1.2200000286102295,1.340000033378601,1.2100000381469727,1.3200000524520874,16987600
2024-10-09,1.149999976158142,1.149999976158142,1.2400000095367432,1.1299999952316284,1.2400000095367432,10974800
2024-10-10,1.1399999856948853,1.1399999856948853,1.1799999475479126,1.1399999856948853,1.1699999570846558,4237200
2024-10-14,1.1200000047683716,1.1200000047683716,1.159999966621399,1.100000023841858,1.159999966621399,3777200
2024-10-15,1.0399999618530273,1.0399999618530273,1.1200000047683716,1.0299999713897705,1.1200000047683716,5593200
2024-10-16,1.0499999523162842,1.0499999523162842,1.059999942779541,1.0199999809265137,1.0299999713897705,5167200
2024-10-17,1.0399999618530273,1.0399999618530273,1.059999942779541,1.0299999713897705,1.0499999523162842,2428000
2024-10-18,1.0800000429153442,1.0800000429153442,1.0800000429153442,1.0399999618530273,1.0399999618530273,3892000
2024-10-21,1.0700000524520874,1.0700000524520874,1.0800000429153442,1.059999942779541,1.0800000429153442,2041200
2024-10-22,1.059999942779541,1.059999942779541,1.0700000524520874,1.0499999523162842,1.0700000524520874,790000
2024-10-23,1.059999942779541,1.059999942779541,1.0700000524520874,1.0499999523162842,1.0499999523162842,1724800
2024-10-24,1.059999942779541,1.059999942779541,1.059999942779541,1.0499999523162842,1.059999942779541,2168000
2024-10-25,1.0700000524520874,1.0700000524520874,1.0700000524520874,1.0499999523162842,1.059999942779541,2308000
2024-10-28,1.0700000524520874,1.0700000524520874,1.0700000524520874,1.059999942779541,1.059999942779541,1229600
2024-10-29,1.0499999523162842,1.0499999523162842,1.0700000524520874,1.0399999618530273,1.059999942779541,2440800
2024-10-30,1.0499999523162842,1.0499999523162842,1.059999942779541,1.0399999618530273,1.0499999523162842,1369134
2024-10-31,1.0399999618530273,1.0399999618530273,1.0499999523162842,1.0399999618530273,1.0499999523162842,1151134
2024-11-01,1.0299999713897705,1.0299999713897705,1.0499999523162842,1.0199999809265137,1.0499999523162842,3800000
2024-11-04,1.1200000047683716,1.1200000047683716,1.1200000047683716,1.0099999904632568,1.0399999618530273,8308000
2024-11-05,1.1100000143051147,1.1100000143051147,1.1399999856948853,1.100000023841858,1.1200000047683716,6643600
2024-11-06,1.090000033378601,1.090000033378601,1.1100000143051147,1.0800000429153442,1.1100000143051147,2344800
2024-11-07,1.090000033378601,1.090000033378601,1.1100000143051147,1.0700000524520874,1.100000023841858,3316400
2024-11-08,1.0499999523162842,1.0499999523162842,1.090000033378601,1.0499999523162842,1.090000033378601,2722800
2024-11-11,1.0399999618530273,1.0399999618530273,1.0499999523162842,1.0299999713897705,1.0399999618530273,1700000
2024-11-12,1.0199999809265137,1.0199999809265137,1.059999942779541,1.0199999809265137,1.0399999618530273,1922800
2024-11-13,1.0299999713897705,1.0299999713897705,1.0499999523162842,1.0099999904632568,1.0199999809265137,2206400
2024-11-14,1.0199999809265137,1.0199999809265137,1.0399999618530273,1.0099999904632568,1.0399999618530273,2852000
2024-11-15,1.0199999809265137,1.0199999809265137,1.0199999809265137,1.0099999904632568,1.0199999809265137,429200
2024-11-18,1.0099999904632568,1.0099999904632568,1.0199999809265137,1.0,1.0199999809265137,778000
2024-11-19,1.0099999904632568,1.0099999904632568,1.0199999809265137,1.0,1.0199999809265137,2512000
2024-11-20,1.0099999904632568,1.0099999904632568,1.0199999809265137,0.9900000095367432,1.0,1692000
2024-11-21,1.0,1.0,1.0099999904632568,1.0,1.0099999904632568,736000
2024-11-22,0.949999988079071,0.949999988079071,1.0,0.9200000166893005,1.0,6150800
2024-11-25,0.949999988079071,0.949999988079071,0.9700000286102295,0.949999988079071,0.9599999785423279,1766400
2024-11-26,0.9700000286102295,0.9700000286102295,0.9700000286102295,0.9599999785423279,0.9599999785423279,488806
2024-11-27,0.9599999785423279,0.9599999785423279,0.9700000286102295,0.949999988079071,0.9700000286102295,1984000
2024-11-28,0.9599999785423279,0.9599999785423279,0.9700000286102295,0.949999988079071,0.9599999785423279,722000
2024-11-29,0.9599999785423279,0.9599999785423279,0.9700000286102295,0.9599999785423279,0.9599999785423279,490000
2024-12-02,0.9399999976158142,0.9399999976158142,0.9599999785423279,0.9399999976158142,0.9599999785423279,906000
2024-12-03,0.9800000190734863,0.9800000190734863,1.0,0.949999988079071,0.9599999785423279,2411197
2024-12-04,1.0099999904632568,1.0099999904632568,1.0199999809265137,0.9900000095367432,1.0,1840000
2024-12-05,1.0199999809265137,1.0199999809265137,1.0199999809265137,0.9900000095367432,1.0099999904632568,1276000
2024-12-06,1.0299999713897705,1.0299999713897705,1.0499999523162842,1.0099999904632568,1.0199999809265137,2446000
2024-12-09,1.0499999523162842,1.0499999523162842,1.0499999523162842,1.0199999809265137,1.0299999713897705,696800
2024-12-10,1.0399999618530273,1.0399999618530273,1.059999942779541,1.0399999618530273,1.059999942779541,1741900
2024-12-11,1.0399999618530273,1.0399999618530273,1.059999942779541,1.0299999713897705,1.0299999713897705,1261200
2024-12-12,1.0299999713897705,1.0299999713897705,1.0299999713897705,1.0199999809265137,1.0299999713897705,305600
2024-12-13,0.9800000190734863,0.9800000190734863,1.0299999713897705,0.9700000286102295,1.0299999713897705,2354800
2024-12-16,0.9700000286102295,0.9700000286102295,1.0,0.9700000286102295,0.9900000095367432,836000
2024-12-17,0.9900000095367432,0.9900000095367432,0.9900000095367432,0.9700000286102295,0.9700000286102295,367200
