Date,Adj Close,Close,High,Low,Open,Volume
2016-07-11,1.0195845365524292,1.8600000143051147,2.009999990463257,1.850000023841858,2.0,171220000
2016-07-12,1.0305479764938354,1.8799999952316284,1.8899999856948853,1.8600000143051147,1.8799999952316284,34384000
2016-07-13,1.0524743795394897,1.9199999570846558,1.940000057220459,1.8899999856948853,1.8899999856948853,13866000
2016-07-14,1.0853641033172607,1.9800000190734863,1.9900000095367432,1.9299999475479126,1.940000057220459,17848000
2016-07-15,1.0853641033172607,1.9800000190734863,2.0399999618530273,1.9800000190734863,1.9900000095367432,14290000
2016-07-18,1.0908458232879639,1.9900000095367432,2.0,1.9800000190734863,1.9800000190734863,2248000
2016-07-19,1.0853641033172607,1.9800000190734863,2.0,1.9700000286102295,2.0,3738000
2016-07-20,1.0798826217651367,1.9700000286102295,1.9900000095367432,1.9700000286102295,1.9900000095367432,2636000
2016-07-21,1.0853641033172607,1.9800000190734863,1.9900000095367432,1.9700000286102295,1.9700000286102295,1019980
2016-07-22,1.0853641033172607,1.9800000190734863,1.9900000095367432,1.9800000190734863,1.9800000190734863,2960000
2016-07-25,1.1018091440200806,2.009999990463257,2.069999933242798,1.9800000190734863,1.9800000190734863,5460000
2016-07-26,1.1018091440200806,2.009999990463257,2.0199999809265137,1.9900000095367432,2.009999990463257,8514000
2016-07-27,1.1018091440200806,2.009999990463257,2.0299999713897705,2.0,2.0199999809265137,9195000
2016-07-28,1.1018091440200806,2.009999990463257,2.0299999713897705,2.0,2.0199999809265137,12348000
2016-07-29,1.1018091440200806,2.009999990463257,2.0299999713897705,2.0,2.009999990463257,13520000
2016-08-01,1.06891930103302,1.9500000476837158,2.0299999713897705,1.940000057220459,2.0299999713897705,752000
2016-08-02,1.06891930103302,1.9500000476837158,1.9500000476837158,1.9500000476837158,1.9500000476837158,0
2016-08-03,1.0141030550003052,1.850000023841858,1.9299999475479126,1.809999942779541,1.9299999475479126,1304000
2016-08-04,1.0305479764938354,1.8799999952316284,1.8799999952316284,1.8200000524520874,1.850000023841858,466000
2016-08-05,1.0195845365524292,1.8600000143051147,1.8799999952316284,1.8600000143051147,1.8799999952316284,54000
2016-08-08,1.0195845365524292,1.8600000143051147,1.8600000143051147,1.8200000524520874,1.850000023841858,640000
2016-08-09,1.0744010210037231,1.9600000381469727,1.9600000381469727,1.8300000429153442,1.850000023841858,900000
2016-08-10,1.06891930103302,1.9500000476837158,1.9800000190734863,1.909999966621399,1.9500000476837158,510000
2016-08-11,1.1072908639907837,2.0199999809265137,2.0199999809265137,1.9299999475479126,1.9500000476837158,488000
2016-08-12,1.1018091440200806,2.009999990463257,2.0199999809265137,1.9199999570846558,2.0199999809265137,684000
2016-08-15,1.1018091440200806,2.009999990463257,2.0299999713897705,2.0,2.0299999713897705,4070000
2016-08-16,1.0798826217651367,1.9700000286102295,1.9800000190734863,1.9500000476837158,1.9800000190734863,364000
2016-08-17,1.063437819480896,1.940000057220459,1.940000057220459,1.9299999475479126,1.9299999475479126,24000
2016-08-18,1.063437819480896,1.940000057220459,1.940000057220459,1.9199999570846558,1.940000057220459,70000
2016-08-19,1.0524743795394897,1.9199999570846558,1.9299999475479126,1.909999966621399,1.9299999475479126,22000
2016-08-22,1.0305479764938354,1.8799999952316284,1.9199999570846558,1.8600000143051147,1.9199999570846558,186000
2016-08-23,1.063437819480896,1.940000057220459,1.940000057220459,1.8899999856948853,1.8899999856948853,94000
2016-08-24,1.063437819480896,1.940000057220459,1.940000057220459,1.8600000143051147,1.9299999475479126,46000
2016-08-25,1.0579562187194824,1.9299999475479126,1.9299999475479126,1.9299999475479126,1.9299999475479126,32000
2016-08-26,1.063437819480896,1.940000057220459,1.940000057220459,1.9199999570846558,1.9299999475479126,60000
2016-08-29,1.0963276624679565,2.0,2.190000057220459,1.9700000286102295,2.0,276966000
2016-08-30,1.0524743795394897,1.9199999570846558,2.0,1.8799999952316284,2.0,2116000
2016-08-31,1.0415111780166626,1.899999976158142,1.9299999475479126,1.8899999856948853,1.9299999475479126,528000
2016-09-01,1.0415111780166626,1.899999976158142,1.909999966621399,1.8799999952316284,1.8899999856948853,454000
2016-09-02,1.036029577255249,1.8899999856948853,1.9199999570846558,1.8799999952316284,1.8799999952316284,272000
2016-09-05,1.0415111780166626,1.899999976158142,1.899999976158142,1.8799999952316284,1.8899999856948853,524000
2016-09-06,1.0524743795394897,1.9199999570846558,1.9199999570846558,1.8799999952316284,1.8799999952316284,218000
2016-09-07,1.0415111780166626,1.899999976158142,1.909999966621399,1.899999976158142,1.909999966621399,214000
2016-09-08,1.0469927787780762,1.909999966621399,1.909999966621399,1.8799999952316284,1.899999976158142,284000
2016-09-09,1.0524743795394897,1.9199999570846558,1.9299999475479126,1.899999976158142,1.909999966621399,528000
2016-09-12,1.0415111780166626,1.899999976158142,1.9199999570846558,1.8799999952316284,1.8899999856948853,1692000
2016-09-13,1.0579562187194824,1.9299999475479126,1.940000057220459,1.909999966621399,1.9299999475479126,358000
2016-09-14,1.0524743795394897,1.9199999570846558,1.940000057220459,1.909999966621399,1.940000057220459,490000
2016-09-15,1.0579562187194824,1.9299999475479126,1.9299999475479126,1.909999966621399,1.9299999475479126,146000
2016-09-19,1.0579562187194824,1.9299999475479126,1.940000057220459,1.9299999475479126,1.9299999475479126,142000
2016-09-20,1.063437819480896,1.940000057220459,1.9800000190734863,1.9199999570846558,1.9800000190734863,126000
2016-09-21,1.0524743795394897,1.9199999570846558,1.9299999475479126,1.909999966621399,1.9299999475479126,188000
2016-09-22,1.0524743795394897,1.9199999570846558,1.9299999475479126,1.899999976158142,1.9299999475479126,302000
2016-09-23,1.0579562187194824,1.9299999475479126,1.940000057220459,1.8899999856948853,1.909999966621399,82000
2016-09-26,1.0524743795394897,1.9199999570846558,1.9299999475479126,1.8300000429153442,1.8300000429153442,392000
2016-09-27,1.0469927787780762,1.909999966621399,1.909999966621399,1.899999976158142,1.909999966621399,118000
2016-09-28,1.0469927787780762,1.909999966621399,1.9199999570846558,1.8899999856948853,1.8899999856948853,204000
2016-09-29,1.0524743795394897,1.9199999570846558,1.9199999570846558,1.8700000047683716,1.8899999856948853,518000
2016-09-30,1.0524743795394897,1.9199999570846558,1.9199999570846558,1.8899999856948853,1.8899999856948853,262000
2016-10-03,1.0469927787780762,1.909999966621399,1.9299999475479126,1.899999976158142,1.9299999475479126,132000
2016-10-04,1.0524743795394897,1.9199999570846558,1.9299999475479126,1.899999976158142,1.899999976158142,178000
2016-10-05,1.0524743795394897,1.9199999570846558,1.9299999475479126,1.899999976158142,1.899999976158142,90000
2016-10-06,1.0524743795394897,1.9199999570846558,1.9299999475479126,1.899999976158142,1.9199999570846558,126000
2016-10-07,1.0579562187194824,1.9299999475479126,1.940000057220459,1.909999966621399,1.909999966621399,84000
2016-10-11,1.0524743795394897,1.9199999570846558,1.940000057220459,1.899999976158142,1.909999966621399,486000
2016-10-12,1.0579562187194824,1.9299999475479126,1.9299999475479126,1.9199999570846558,1.9199999570846558,50000
2016-10-13,1.0524743795394897,1.9199999570846558,1.9299999475479126,1.909999966621399,1.909999966621399,42000
2016-10-14,1.0524743795394897,1.9199999570846558,1.9199999570846558,1.9199999570846558,1.9199999570846558,0
2016-10-17,1.0524743795394897,1.9199999570846558,1.9199999570846558,1.9199999570846558,1.9199999570846558,6000
2016-10-18,1.0524743795394897,1.9199999570846558,1.9199999570846558,1.9199999570846558,1.9199999570846558,24000
2016-10-19,1.063437819480896,1.940000057220459,1.9500000476837158,1.909999966621399,1.9299999475479126,36000
2016-10-20,1.0415111780166626,1.899999976158142,1.940000057220459,1.899999976158142,1.940000057220459,272000
2016-10-21,1.0415111780166626,1.899999976158142,1.899999976158142,1.899999976158142,1.899999976158142,0
2016-10-24,1.0469927787780762,1.909999966621399,1.940000057220459,1.8700000047683716,1.9199999570846558,274000
2016-10-25,1.0469927787780762,1.909999966621399,1.940000057220459,1.8799999952316284,1.8799999952316284,142000
2016-10-26,1.0579562187194824,1.9299999475479126,1.9500000476837158,1.8899999856948853,1.8899999856948853,20000
2016-10-27,1.0579562187194824,1.9299999475479126,1.940000057220459,1.8799999952316284,1.940000057220459,170000
2016-10-28,1.063437819480896,1.940000057220459,1.9500000476837158,1.899999976158142,1.9199999570846558,70000
2016-10-31,1.0524743795394897,1.9199999570846558,1.9199999570846558,1.9199999570846558,1.9199999570846558,0
2016-11-01,1.0524743795394897,1.9199999570846558,1.940000057220459,1.8899999856948853,1.8899999856948853,214000
2016-11-02,1.0579562187194824,1.9299999475479126,1.940000057220459,1.8899999856948853,1.9199999570846558,264000
2016-11-03,1.063437819480896,1.940000057220459,1.940000057220459,1.899999976158142,1.9299999475479126,576000
2016-11-04,1.063437819480896,1.940000057220459,1.940000057220459,1.8600000143051147,1.899999976158142,274000
2016-11-07,1.063437819480896,1.940000057220459,1.940000057220459,1.899999976158142,1.940000057220459,126000
2016-11-08,1.0579562187194824,1.9299999475479126,1.9299999475479126,1.909999966621399,1.909999966621399,14000
2016-11-09,1.063437819480896,1.940000057220459,1.940000057220459,1.8600000143051147,1.899999976158142,134000
2016-11-10,1.0579562187194824,1.9299999475479126,1.9299999475479126,1.8899999856948853,1.899999976158142,74000
2016-11-11,1.0305479764938354,1.8799999952316284,1.9299999475479126,1.8300000429153442,1.9299999475479126,1604000
2016-11-14,1.0141030550003052,1.850000023841858,1.8799999952316284,1.8300000429153442,1.840000033378601,436000
2016-11-15,1.0031397342681885,1.8300000429153442,1.8700000047683716,1.8300000429153442,1.850000023841858,2108000
2016-11-16,0.992176353931427,1.809999942779541,1.850000023841858,1.7999999523162842,1.8300000429153442,1220000
2016-11-17,0.992176353931427,1.809999942779541,1.840000033378601,1.7999999523162842,1.809999942779541,2614000
2016-11-18,0.9866946935653687,1.7999999523162842,1.8200000524520874,1.7999999523162842,1.809999942779541,2856000
2016-11-21,0.9866946935653687,1.7999999523162842,1.7999999523162842,1.7599999904632568,1.7999999523162842,2694000
2016-11-22,1.0031397342681885,1.8300000429153442,1.899999976158142,1.7899999618530273,1.7999999523162842,2038000
2016-11-23,1.0031397342681885,1.8300000429153442,1.850000023841858,1.809999942779541,1.8300000429153442,1152000
2016-11-24,1.0141030550003052,1.850000023841858,1.8600000143051147,1.809999942779541,1.8300000429153442,1536000
2016-11-25,1.0250660181045532,1.8700000047683716,1.8799999952316284,1.840000033378601,1.8600000143051147,110000
2016-11-28,1.0141030550003052,1.850000023841858,1.8700000047683716,1.8300000429153442,1.850000023841858,102000
2016-11-29,1.0305479764938354,1.8799999952316284,1.899999976158142,1.8300000429153442,1.840000033378601,620000
2016-11-30,1.0963276624679565,2.0,2.0,1.840000033378601,1.850000023841858,1322000
2016-12-01,1.0469927787780762,1.909999966621399,1.9500000476837158,1.899999976158142,1.899999976158142,160000
2016-12-02,1.063437819480896,1.940000057220459,1.9800000190734863,1.8799999952316284,1.899999976158142,374000
2016-12-05,1.0579562187194824,1.9299999475479126,1.9500000476837158,1.899999976158142,1.9199999570846558,468000
2016-12-06,1.06891930103302,1.9500000476837158,1.9500000476837158,1.909999966621399,1.9500000476837158,1196000
2016-12-07,1.0744010210037231,1.9600000381469727,1.9800000190734863,1.9199999570846558,1.9700000286102295,1206000
2016-12-08,1.06891930103302,1.9500000476837158,1.9800000190734863,1.9299999475479126,1.9800000190734863,1088000
2016-12-09,1.06891930103302,1.9500000476837158,1.9500000476837158,1.9500000476837158,1.9500000476837158,0
2016-12-12,1.036029577255249,1.8899999856948853,1.9500000476837158,1.8600000143051147,1.9500000476837158,1254000
2016-12-13,1.0415111780166626,1.899999976158142,1.9299999475479126,1.8899999856948853,1.8899999856948853,572000
2016-12-14,1.0579562187194824,1.9299999475479126,1.9500000476837158,1.8899999856948853,1.9199999570846558,1342000
2016-12-15,1.036029577255249,1.8899999856948853,1.8899999856948853,1.8799999952316284,1.8799999952316284,40000
2016-12-16,1.0963276624679565,2.0,2.0299999713897705,1.9199999570846558,1.9199999570846558,1074000
2016-12-19,1.0853641033172607,1.9800000190734863,2.0299999713897705,1.9299999475479126,1.9800000190734863,466000
2016-12-20,1.0853641033172607,1.9800000190734863,1.9800000190734863,1.940000057220459,1.940000057220459,136000
2016-12-21,1.1072908639907837,2.0199999809265137,2.0299999713897705,1.940000057220459,1.9500000476837158,36000
2016-12-22,1.0908458232879639,1.9900000095367432,1.9900000095367432,1.9900000095367432,1.9900000095367432,0
2016-12-23,1.0853641033172607,1.9800000190734863,1.9800000190734863,1.9800000190734863,1.9800000190734863,0
2016-12-28,1.0853641033172607,1.9800000190734863,2.009999990463257,1.9800000190734863,1.9800000190734863,70000
2016-12-29,1.0853641033172607,1.9800000190734863,1.9800000190734863,1.9800000190734863,1.9800000190734863,0
2016-12-30,1.1072908639907837,2.0199999809265137,2.0299999713897705,1.9199999570846558,1.9800000190734863,1742559
2017-01-03,1.0798826217651367,1.9700000286102295,2.0,1.9700000286102295,2.0,4000
2017-01-04,1.06891930103302,1.9500000476837158,1.9500000476837158,1.9500000476837158,1.9500000476837158,0
2017-01-05,1.06891930103302,1.9500000476837158,1.9500000476837158,1.9199999570846558,1.9199999570846558,12000
2017-01-06,1.06891930103302,1.9500000476837158,1.9199999570846558,1.9199999570846558,1.9199999570846558,2623
2017-01-09,1.063437819480896,1.940000057220459,1.940000057220459,1.940000057220459,1.940000057220459,0
2017-01-10,1.063437819480896,1.940000057220459,1.9199999570846558,1.9199999570846558,1.850000023841858,12000
2017-01-11,1.0524743795394897,1.9199999570846558,1.9199999570846558,1.9199999570846558,1.9199999570846558,6000
2017-01-12,1.0305479764938354,1.8799999952316284,1.9199999570846558,1.8799999952316284,1.9199999570846558,262000
2017-01-13,1.0415111780166626,1.899999976158142,1.899999976158142,1.8799999952316284,1.8799999952316284,20000
2017-01-16,1.0250660181045532,1.8700000047683716,1.8799999952316284,1.850000023841858,1.8799999952316284,22000
2017-01-17,1.0141030550003052,1.850000023841858,1.850000023841858,1.850000023841858,1.850000023841858,42000
2017-01-18,1.0141030550003052,1.850000023841858,1.899999976158142,1.850000023841858,1.850000023841858,24000
2017-01-19,1.0086214542388916,1.840000033378601,1.840000033378601,1.840000033378601,1.840000033378601,14000
2017-01-20,1.0141030550003052,1.850000023841858,1.840000033378601,1.8300000429153442,1.8300000429153442,46000
2017-01-23,1.0141030550003052,1.850000023841858,1.850000023841858,1.850000023841858,1.850000023841858,4000
2017-01-24,1.0141030550003052,1.850000023841858,1.850000023841858,1.850000023841858,1.850000023841858,2000
2017-01-25,1.0141030550003052,1.850000023841858,1.850000023841858,1.840000033378601,1.850000023841858,44000
2017-01-26,1.0141030550003052,1.850000023841858,1.850000023841858,1.850000023841858,1.850000023841858,0
2017-01-27,1.0086214542388916,1.840000033378601,1.8600000143051147,1.840000033378601,1.8600000143051147,38000
2017-02-01,1.0086214542388916,1.840000033378601,1.840000033378601,1.840000033378601,1.840000033378601,20000
2017-02-02,1.0195845365524292,1.8600000143051147,1.8600000143051147,1.840000033378601,1.840000033378601,4000
2017-02-03,1.0195845365524292,1.8600000143051147,1.8600000143051147,1.8600000143051147,1.8600000143051147,2000
2017-02-06,1.036029577255249,1.8899999856948853,1.899999976158142,1.8899999856948853,1.899999976158142,38000
2017-02-07,1.036029577255249,1.8899999856948853,1.8899999856948853,1.8799999952316284,1.8899999856948853,42000
2017-02-08,1.0415111780166626,1.899999976158142,1.9299999475479126,1.8300000429153442,1.8899999856948853,52000
2017-02-09,1.0524743795394897,1.9199999570846558,1.9299999475479126,1.850000023841858,1.9299999475479126,304000
2017-02-10,1.0579562187194824,1.9299999475479126,1.9299999475479126,1.909999966621399,1.9299999475479126,84000
2017-02-13,1.0579562187194824,1.9299999475479126,1.9299999475479126,1.899999976158142,1.899999976158142,12000
2017-02-14,1.0579562187194824,1.9299999475479126,1.9299999475479126,1.9299999475479126,1.9299999475479126,0
2017-02-15,1.0524743795394897,1.9199999570846558,1.940000057220459,1.840000033378601,1.8700000047683716,98000
2017-02-16,1.0415111780166626,1.899999976158142,1.899999976158142,1.8700000047683716,1.8700000047683716,48000
2017-02-17,1.06891930103302,1.9500000476837158,1.9500000476837158,1.899999976158142,1.9299999475479126,94000
2017-02-20,1.0744010210037231,1.9600000381469727,2.0,1.909999966621399,2.0,18000
2017-02-21,1.0744010210037231,1.9600000381469727,1.9800000190734863,1.8799999952316284,1.9700000286102295,94000
2017-02-22,1.0744010210037231,1.9600000381469727,1.9600000381469727,1.9600000381469727,1.9600000381469727,8000
2017-02-23,1.0853641033172607,1.9800000190734863,2.0199999809265137,1.9299999475479126,1.9900000095367432,140000
2017-02-24,1.0853641033172607,1.9800000190734863,1.9800000190734863,1.9800000190734863,1.9800000190734863,0
2017-02-27,1.0744010210037231,1.9600000381469727,2.0299999713897705,1.9299999475479126,2.0299999713897705,94000
2017-02-28,1.036029577255249,1.8899999856948853,1.9299999475479126,1.8899999856948853,1.9199999570846558,118000
2017-03-01,1.036029577255249,1.8899999856948853,1.8899999856948853,1.8899999856948853,1.8899999856948853,0
2017-03-02,1.06891930103302,1.9500000476837158,1.940000057220459,1.909999966621399,1.9199999570846558,32000
2017-03-03,1.1072908639907837,2.0199999809265137,2.0299999713897705,1.940000057220459,1.940000057220459,300000
2017-03-06,1.1072908639907837,2.0199999809265137,2.0399999618530273,2.0,2.0399999618530273,514000
2017-03-07,1.0963276624679565,2.0,2.0299999713897705,1.9600000381469727,1.9600000381469727,1768000
2017-03-08,1.0963276624679565,2.0,2.0,1.9900000095367432,1.9900000095367432,22000
2017-03-09,1.063437819480896,1.940000057220459,1.940000057220459,1.8899999856948853,1.9199999570846558,1834000
2017-03-10,1.1127723455429077,2.0299999713897705,2.0299999713897705,1.9199999570846558,1.9199999570846558,438000
2017-03-13,1.0798826217651367,1.9700000286102295,2.0399999618530273,1.9700000286102295,2.0399999618530273,88000
2017-03-14,1.0798826217651367,1.9700000286102295,2.0299999713897705,1.9700000286102295,2.0,108000
2017-03-15,1.0963276624679565,2.0,2.0,1.9500000476837158,1.9500000476837158,6000
2017-03-16,1.0963276624679565,2.0,2.0,1.9800000190734863,2.0,247000
2017-03-17,1.0908458232879639,1.9900000095367432,1.9900000095367432,1.9900000095367432,1.9900000095367432,0
2017-03-20,1.0963276624679565,2.0,2.0,1.9700000286102295,2.0,28000
2017-03-21,1.0963276624679565,2.0,2.009999990463257,1.9900000095367432,1.9900000095367432,176000
2017-03-22,1.0853641033172607,1.9800000190734863,2.009999990463257,1.9600000381469727,2.009999990463257,18000
2017-03-23,1.1072908639907837,2.0199999809265137,2.0199999809265137,2.0,2.0,124000
2017-03-24,1.1018091440200806,2.009999990463257,2.0199999809265137,2.009999990463257,2.0199999809265137,14000
2017-03-27,1.1072908639907837,2.0199999809265137,2.0299999713897705,1.9900000095367432,1.9900000095367432,34000
2017-03-28,1.1072908639907837,2.0199999809265137,2.059999942779541,1.9900000095367432,2.009999990463257,278000
2017-03-29,1.0853641033172607,1.9800000190734863,1.9800000190734863,1.9800000190734863,1.9800000190734863,16000
2017-03-30,1.1072908639907837,2.0199999809265137,2.0199999809265137,1.9800000190734863,1.9800000190734863,78000
2017-03-31,1.0853641033172607,1.9800000190734863,1.9900000095367432,1.9800000190734863,1.9900000095367432,132000
2017-04-03,1.0798826217651367,1.9700000286102295,1.9700000286102295,1.9700000286102295,1.9700000286102295,8000
2017-04-05,1.0853641033172607,1.9800000190734863,2.0399999618530273,1.9800000190734863,2.0,320000
2017-04-06,1.1018091440200806,2.009999990463257,2.0299999713897705,1.9800000190734863,1.9900000095367432,52000
2017-04-07,1.1018091440200806,2.009999990463257,2.0199999809265137,1.9900000095367432,2.0199999809265137,28000
2017-04-10,1.0744010210037231,1.9600000381469727,1.899999976158142,1.899999976158142,1.899999976158142,4000
2017-04-11,1.1018091440200806,2.009999990463257,2.009999990463257,1.940000057220459,1.9500000476837158,54000
2017-04-12,1.1018091440200806,2.009999990463257,2.009999990463257,2.009999990463257,2.009999990463257,36000
2017-04-13,1.0908458232879639,1.9900000095367432,1.9900000095367432,1.9199999570846558,1.9299999475479126,48000
2017-04-18,1.06891930103302,1.9500000476837158,1.9500000476837158,1.8899999856948853,1.8899999856948853,8000
2017-04-19,1.06891930103302,1.9500000476837158,1.9500000476837158,1.9500000476837158,1.9500000476837158,20000
2017-04-20,1.0798826217651367,1.9700000286102295,1.9800000190734863,1.9700000286102295,1.9800000190734863,10000
2017-04-21,1.0744010210037231,1.9600000381469727,1.9800000190734863,1.899999976158142,1.9600000381469727,250000
2017-04-24,1.0744010210037231,1.9600000381469727,1.9600000381469727,1.9600000381469727,1.9600000381469727,0
2017-04-25,1.0744010210037231,1.9600000381469727,1.9600000381469727,1.9600000381469727,1.9600000381469727,0
2017-04-26,1.0744010210037231,1.9600000381469727,1.9600000381469727,1.9600000381469727,1.9600000381469727,0
2017-04-27,1.0853641033172607,1.9800000190734863,1.9900000095367432,1.9600000381469727,1.9600000381469727,26000
2017-04-28,1.1018091440200806,2.009999990463257,2.0299999713897705,2.0299999713897705,2.009999990463257,26000
2017-05-02,1.0853641033172607,1.9800000190734863,2.0299999713897705,1.9299999475479126,2.0299999713897705,20000
2017-05-04,1.1018091440200806,2.009999990463257,2.0199999809265137,1.9600000381469727,1.9800000190734863,74000
2017-05-05,1.1018091440200806,2.009999990463257,2.009999990463257,2.009999990463257,2.009999990463257,0
2017-05-08,1.0963276624679565,2.0,2.0,2.0,2.0,0
2017-05-09,1.0744010210037231,1.9600000381469727,1.899999976158142,1.899999976158142,1.899999976158142,2000
2017-05-10,1.0744010210037231,1.9600000381469727,1.9600000381469727,1.9600000381469727,1.9600000381469727,0
2017-05-11,1.0744010210037231,1.9600000381469727,1.9600000381469727,1.9600000381469727,1.9600000381469727,0
2017-05-12,1.0744010210037231,1.9600000381469727,1.9600000381469727,1.9600000381469727,1.9600000381469727,0
2017-05-15,1.0744010210037231,1.9600000381469727,1.9600000381469727,1.9600000381469727,1.9600000381469727,0
2017-05-16,1.0744010210037231,1.9600000381469727,1.9600000381469727,1.9600000381469727,1.9600000381469727,0
2017-05-17,1.0744010210037231,1.9600000381469727,1.9600000381469727,1.9600000381469727,1.9600000381469727,0
2017-05-18,1.0524743795394897,1.9199999570846558,1.9199999570846558,1.899999976158142,1.899999976158142,14000
2017-05-19,1.0524743795394897,1.9199999570846558,1.9199999570846558,1.9199999570846558,1.9199999570846558,0
2017-05-22,1.0524743795394897,1.9199999570846558,1.9199999570846558,1.9199999570846558,1.9199999570846558,0
2017-05-23,1.0524743795394897,1.9199999570846558,1.9199999570846558,1.9199999570846558,1.9199999570846558,0
2017-05-24,1.0524743795394897,1.9199999570846558,1.9199999570846558,1.9199999570846558,1.9199999570846558,2000
2017-05-25,1.06891930103302,1.9500000476837158,1.9500000476837158,1.9500000476837158,1.9500000476837158,0
2017-05-26,1.06891930103302,1.9500000476837158,1.9500000476837158,1.9500000476837158,1.9500000476837158,0
2017-05-29,1.06891930103302,1.9500000476837158,1.899999976158142,1.899999976158142,1.899999976158142,10000
2017-05-31,1.0908458232879639,1.9900000095367432,2.0,1.9500000476837158,1.9500000476837158,14000
2017-06-01,1.063437819480896,1.940000057220459,1.909999966621399,1.909999966621399,1.909999966621399,4000
2017-06-02,1.0708030462265015,1.8899999856948853,1.899999976158142,1.8899999856948853,1.8899999856948853,40000
2017-06-05,1.0764687061309814,1.899999976158142,1.899999976158142,1.8899999856948853,1.9700000286102295,2000
2017-06-06,1.0821342468261719,1.909999966621399,1.9199999570846558,1.899999976158142,1.899999976158142,26000
2017-06-07,1.0821342468261719,1.909999966621399,1.909999966621399,1.850000023841858,1.909999966621399,92000
2017-06-08,1.053806185722351,1.8600000143051147,1.8600000143051147,1.8600000143051147,1.8600000143051147,50000
2017-06-09,1.053806185722351,1.8600000143051147,1.850000023841858,1.850000023841858,1.850000023841858,2000
2017-06-12,1.065137505531311,1.8799999952316284,1.8799999952316284,1.8799999952316284,1.8799999952316284,0
2017-06-13,1.065137505531311,1.8799999952316284,1.8799999952316284,1.8799999952316284,1.8799999952316284,0
2017-06-14,1.0708030462265015,1.8899999856948853,1.8899999856948853,1.850000023841858,1.8899999856948853,34000
2017-06-15,1.053806185722351,1.8600000143051147,1.9199999570846558,1.850000023841858,1.9199999570846558,34000
2017-06-16,1.048140525817871,1.850000023841858,1.9500000476837158,1.850000023841858,1.9500000476837158,84000
2017-06-19,1.048140525817871,1.850000023841858,1.8700000047683716,1.850000023841858,1.850000023841858,188000
2017-06-20,1.0368092060089111,1.8300000429153442,1.850000023841858,1.8300000429153442,1.850000023841858,40000
2017-06-21,1.0368092060089111,1.8300000429153442,1.8200000524520874,1.8200000524520874,1.8200000524520874,146000
2017-06-22,1.0141468048095703,1.7899999618530273,1.850000023841858,1.7899999618530273,1.809999942779541,758000
2017-06-23,1.0198122262954712,1.7999999523162842,1.8200000524520874,1.7999999523162842,1.8200000524520874,4000
2017-06-26,1.0198122262954712,1.7999999523162842,1.8200000524520874,1.7899999618530273,1.7899999618530273,54000
2017-06-27,1.0368092060089111,1.8300000429153442,1.809999942779541,1.7999999523162842,1.809999942779541,36000
2017-06-28,1.0368092060089111,1.8300000429153442,1.8300000429153442,1.8300000429153442,1.8300000429153442,0
2017-06-29,1.0311436653137207,1.8200000524520874,1.8200000524520874,1.8200000524520874,1.8200000524520874,2000
2017-06-30,1.0311436653137207,1.8200000524520874,1.8200000524520874,1.8200000524520874,1.8200000524520874,0
2017-07-03,1.0424748659133911,1.840000033378601,1.850000023841858,1.8300000429153442,1.8899999856948853,72000
2017-07-04,1.0311436653137207,1.8200000524520874,1.8200000524520874,1.8200000524520874,1.8200000524520874,4000
2017-07-05,1.048140525817871,1.850000023841858,1.8600000143051147,1.809999942779541,1.809999942779541,93361
2017-07-06,1.048140525817871,1.850000023841858,1.8600000143051147,1.809999942779541,1.850000023841858,2000
2017-07-07,1.048140525817871,1.850000023841858,1.850000023841858,1.850000023841858,1.850000023841858,0
2017-07-10,1.0254781246185303,1.809999942779541,1.809999942779541,1.7799999713897705,1.7999999523162842,26000
2017-07-11,1.0254781246185303,1.809999942779541,1.840000033378601,1.809999942779541,1.8200000524520874,44000
2017-07-12,1.0368092060089111,1.8300000429153442,1.840000033378601,1.8300000429153442,1.8300000429153442,28000
2017-07-13,1.0368092060089111,1.8300000429153442,1.899999976158142,1.809999942779541,1.850000023841858,54000
2017-07-14,1.048140525817871,1.850000023841858,1.9900000095367432,1.7999999523162842,1.909999966621399,338000
2017-07-17,1.048140525817871,1.850000023841858,1.8799999952316284,1.809999942779541,1.840000033378601,102000
2017-07-18,1.0254781246185303,1.809999942779541,1.8200000524520874,1.809999942779541,1.8200000524520874,10000
2017-07-19,1.0368092060089111,1.8300000429153442,1.8300000429153442,1.8200000524520874,1.8300000429153442,42000
2017-07-20,1.0311436653137207,1.8200000524520874,1.8700000047683716,1.809999942779541,1.809999942779541,130000
2017-07-21,1.048140525817871,1.850000023841858,1.850000023841858,1.850000023841858,1.850000023841858,2000
2017-07-24,1.048140525817871,1.850000023841858,1.850000023841858,1.850000023841858,1.850000023841858,0
2017-07-25,1.048140525817871,1.850000023841858,1.850000023841858,1.850000023841858,1.850000023841858,4000
2017-07-26,1.0368092060089111,1.8300000429153442,1.8600000143051147,1.8200000524520874,1.8600000143051147,32000
2017-07-27,1.0368092060089111,1.8300000429153442,1.850000023841858,1.8300000429153442,1.850000023841858,64934
2017-07-28,1.0311436653137207,1.8200000524520874,1.8300000429153442,1.8200000524520874,1.8300000429153442,30000
2017-07-31,1.0424748659133911,1.840000033378601,1.850000023841858,1.7999999523162842,1.809999942779541,188000
2017-08-01,1.0424748659133911,1.840000033378601,1.840000033378601,1.840000033378601,1.840000033378601,0
2017-08-02,1.0424748659133911,1.840000033378601,1.840000033378601,1.840000033378601,1.840000033378601,0
2017-08-03,1.048140525817871,1.850000023841858,1.850000023841858,1.8200000524520874,1.8200000524520874,76000
2017-08-04,1.0368092060089111,1.8300000429153442,1.8300000429153442,1.8300000429153442,1.8300000429153442,37820
2017-08-07,1.0368092060089111,1.8300000429153442,1.8300000429153442,1.8300000429153442,1.8300000429153442,0
2017-08-08,1.053806185722351,1.8600000143051147,1.8600000143051147,1.850000023841858,1.850000023841858,4000
2017-08-09,1.059471607208252,1.8700000047683716,1.8700000047683716,1.8700000047683716,1.8700000047683716,8000
2017-08-10,1.0311436653137207,1.8200000524520874,1.850000023841858,1.809999942779541,1.850000023841858,26000
2017-08-11,1.0311436653137207,1.8200000524520874,1.8200000524520874,1.8200000524520874,1.8200000524520874,0
2017-08-14,1.0424748659133911,1.840000033378601,1.840000033378601,1.840000033378601,1.840000033378601,12000
2017-08-15,1.0368092060089111,1.8300000429153442,1.8300000429153442,1.8300000429153442,1.8300000429153442,62000
2017-08-16,1.0368092060089111,1.8300000429153442,1.8300000429153442,1.8300000429153442,1.8300000429153442,0
2017-08-17,1.0254781246185303,1.809999942779541,1.809999942779541,1.809999942779541,1.809999942779541,42000
2017-08-18,1.0254781246185303,1.809999942779541,1.809999942779541,1.809999942779541,1.809999942779541,12000
2017-08-21,1.0254781246185303,1.809999942779541,1.809999942779541,1.809999942779541,1.809999942779541,0
2017-08-22,1.0368092060089111,1.8300000429153442,1.8300000429153442,1.8300000429153442,1.8300000429153442,20000
2017-08-23,1.0368092060089111,1.8300000429153442,1.8300000429153442,1.8300000429153442,1.8300000429153442,0
2017-08-24,1.0254781246185303,1.809999942779541,1.809999942779541,1.809999942779541,1.809999942779541,6000
2017-08-25,1.0368092060089111,1.8300000429153442,1.8300000429153442,1.8300000429153442,1.8300000429153442,10000
2017-08-28,1.0368092060089111,1.8300000429153442,1.840000033378601,1.8300000429153442,1.840000033378601,52000
2017-08-29,1.0424748659133911,1.840000033378601,1.840000033378601,1.840000033378601,1.840000033378601,8000
2017-08-30,1.0368092060089111,1.8300000429153442,1.8200000524520874,1.8200000524520874,1.8200000524520874,2000
2017-08-31,1.059471607208252,1.8700000047683716,1.8700000047683716,1.850000023841858,1.850000023841858,66000
2017-09-01,1.0254781246185303,1.809999942779541,1.8200000524520874,1.7799999713897705,1.8200000524520874,588000
2017-09-04,1.0254781246185303,1.809999942779541,1.8300000429153442,1.809999942779541,1.809999942779541,68000
2017-09-05,1.0198122262954712,1.7999999523162842,1.7999999523162842,1.7999999523162842,1.7999999523162842,12000
2017-09-06,1.0254781246185303,1.809999942779541,1.8200000524520874,1.809999942779541,1.8200000524520874,22000
2017-09-07,1.0254781246185303,1.809999942779541,1.809999942779541,1.809999942779541,1.809999942779541,2000
2017-09-08,1.0254781246185303,1.809999942779541,1.809999942779541,1.809999942779541,1.809999942779541,18000
2017-09-11,1.0198122262954712,1.7999999523162842,1.7999999523162842,1.7999999523162842,1.7999999523162842,10000
2017-09-12,1.0311436653137207,1.8200000524520874,1.8200000524520874,1.809999942779541,1.8200000524520874,26000
2017-09-13,1.0424748659133911,1.840000033378601,1.840000033378601,1.840000033378601,1.8300000429153442,20000
2017-09-14,1.0311436653137207,1.8200000524520874,1.8200000524520874,1.809999942779541,1.809999942779541,30000
2017-09-15,1.0084811449050903,1.7799999713897705,1.8200000524520874,1.7599999904632568,1.7999999523162842,254000
2017-09-18,1.0028156042099,1.7699999809265137,1.7899999618530273,1.7000000476837158,1.7899999618530273,328000
2017-09-19,1.0084811449050903,1.7799999713897705,1.7999999523162842,1.7799999713897705,1.7799999713897705,379005
2017-09-20,1.0084811449050903,1.7799999713897705,1.7799999713897705,1.7799999713897705,1.7799999713897705,14000
2017-09-21,1.0198122262954712,1.7999999523162842,1.7999999523162842,1.7999999523162842,1.7999999523162842,50000
2017-09-22,1.0141468048095703,1.7899999618530273,1.7899999618530273,1.7899999618530273,1.7899999618530273,252000
2017-09-25,1.0311436653137207,1.8200000524520874,1.8200000524520874,1.809999942779541,1.809999942779541,56000
2017-09-26,1.0368092060089111,1.8300000429153442,1.8300000429153442,1.7999999523162842,1.7999999523162842,16000
2017-09-27,1.0368092060089111,1.8300000429153442,1.8300000429153442,1.7999999523162842,1.7999999523162842,34000
2017-09-28,1.0368092060089111,1.8300000429153442,1.8300000429153442,1.8300000429153442,1.8300000429153442,0
2017-09-29,1.048140525817871,1.850000023841858,1.850000023841858,1.809999942779541,1.840000033378601,54000
2017-10-03,1.059471607208252,1.8700000047683716,1.8700000047683716,1.850000023841858,1.850000023841858,10000
2017-10-04,1.0764687061309814,1.899999976158142,1.909999966621399,1.8700000047683716,1.8700000047683716,34000
2017-10-06,1.059471607208252,1.8700000047683716,1.8600000143051147,1.809999942779541,1.850000023841858,36000
2017-10-09,1.059471607208252,1.8700000047683716,1.8700000047683716,1.8700000047683716,1.8700000047683716,38000
2017-10-10,1.065137505531311,1.8799999952316284,1.8799999952316284,1.8700000047683716,1.8799999952316284,20000
2017-10-11,1.065137505531311,1.8799999952316284,1.8799999952316284,1.8799999952316284,1.8799999952316284,0
2017-10-12,1.059471607208252,1.8700000047683716,1.8700000047683716,1.8700000047683716,1.8700000047683716,0
2017-10-13,1.059471607208252,1.8700000047683716,1.8700000047683716,1.8700000047683716,1.8700000047683716,0
2017-10-16,1.0764687061309814,1.899999976158142,1.899999976158142,1.809999942779541,1.809999942779541,18000
2017-10-17,1.059471607208252,1.8700000047683716,1.9199999570846558,1.7999999523162842,1.899999976158142,332000
2017-10-18,1.059471607208252,1.8700000047683716,1.8700000047683716,1.8700000047683716,1.8700000047683716,0
2017-10-19,1.0254781246185303,1.809999942779541,1.8200000524520874,1.7999999523162842,1.8200000524520874,162000
2017-10-20,1.0198122262954712,1.7999999523162842,1.8300000429153442,1.7999999523162842,1.8300000429153442,226000
2017-10-23,1.0198122262954712,1.7999999523162842,1.7899999618530273,1.7899999618530273,1.7899999618530273,2000
2017-10-24,1.0198122262954712,1.7999999523162842,1.7999999523162842,1.7899999618530273,1.7999999523162842,534000
2017-10-25,1.0198122262954712,1.7999999523162842,1.809999942779541,1.7999999523162842,1.7999999523162842,742000
2017-10-26,1.0198122262954712,1.7999999523162842,1.7999999523162842,1.7999999523162842,1.7999999523162842,0
2017-10-27,1.0424748659133911,1.840000033378601,1.8600000143051147,1.7899999618530273,1.7899999618530273,122000
2017-10-30,1.0198122262954712,1.7999999523162842,1.850000023841858,1.7999999523162842,1.850000023841858,36000
2017-10-31,1.0198122262954712,1.7999999523162842,1.7999999523162842,1.7899999618530273,1.7999999523162842,20000
2017-11-01,1.0198122262954712,1.7999999523162842,1.7999999523162842,1.7899999618530273,1.7999999523162842,64000
2017-11-02,1.0198122262954712,1.7999999523162842,1.7999999523162842,1.7999999523162842,1.7999999523162842,0
2017-11-03,1.0198122262954712,1.7999999523162842,1.7999999523162842,1.7899999618530273,1.7899999618530273,26000
2017-11-06,1.0198122262954712,1.7999999523162842,1.7999999523162842,1.7999999523162842,1.7999999523162842,0
2017-11-07,1.0198122262954712,1.7999999523162842,1.7699999809265137,1.7699999809265137,1.7699999809265137,100000
2017-11-08,1.0198122262954712,1.7999999523162842,1.7999999523162842,1.7899999618530273,1.7899999618530273,30000
2017-11-09,1.0141468048095703,1.7899999618530273,1.809999942779541,1.7899999618530273,1.809999942779541,16000
2017-11-10,1.0198122262954712,1.7999999523162842,1.809999942779541,1.7999999523162842,1.809999942779541,50000
2017-11-13,0.9914842844009399,1.75,1.75,1.75,1.75,2000
2017-11-14,1.0198122262954712,1.7999999523162842,1.7999999523162842,1.7999999523162842,1.7999999523162842,14000
2017-11-15,1.0198122262954712,1.7999999523162842,1.7999999523162842,1.7999999523162842,1.7999999523162842,0
2017-11-16,1.0198122262954712,1.7999999523162842,1.7999999523162842,1.7999999523162842,1.7999999523162842,0
2017-11-17,1.0084811449050903,1.7799999713897705,1.7400000095367432,1.7400000095367432,1.7400000095367432,10000
2017-11-20,1.0084811449050903,1.7799999713897705,1.7799999713897705,1.75,1.7799999713897705,120000
2017-11-21,1.0198122262954712,1.7999999523162842,1.7999999523162842,1.7899999618530273,1.7899999618530273,110000
2017-11-22,1.0198122262954712,1.7999999523162842,1.7999999523162842,1.7999999523162842,1.7999999523162842,0
2017-11-23,1.0028156042099,1.7699999809265137,1.7699999809265137,1.7699999809265137,1.7699999809265137,10000
2017-11-24,1.0084811449050903,1.7799999713897705,1.7699999809265137,1.7699999809265137,1.7699999809265137,34000
2017-11-27,1.0084811449050903,1.7799999713897705,1.7799999713897705,1.7799999713897705,1.7799999713897705,8000
2017-11-28,1.0084811449050903,1.7799999713897705,1.7799999713897705,1.7799999713897705,1.7799999713897705,14000
2017-11-29,1.0084811449050903,1.7799999713897705,1.7799999713897705,1.7799999713897705,1.7799999713897705,0
2017-11-30,1.0084811449050903,1.7799999713897705,1.7799999713897705,1.7799999713897705,1.7799999713897705,0
2017-12-01,1.0141468048095703,1.7899999618530273,1.7599999904632568,1.7599999904632568,1.7599999904632568,2000
2017-12-04,1.0141468048095703,1.7899999618530273,1.7899999618530273,1.7899999618530273,1.7899999618530273,0
2017-12-05,1.0141468048095703,1.7899999618530273,1.7899999618530273,1.7899999618530273,1.7899999618530273,0
2017-12-06,1.0141468048095703,1.7899999618530273,1.7899999618530273,1.7300000190734863,1.7599999904632568,78000
2017-12-07,1.0198122262954712,1.7999999523162842,1.899999976158142,1.7300000190734863,1.7300000190734863,244000
2017-12-08,1.0084811449050903,1.7799999713897705,1.7799999713897705,1.7799999713897705,1.7799999713897705,1034000
2017-12-11,1.0028156042099,1.7699999809265137,1.899999976158142,1.7200000286102295,1.7799999713897705,5450000
2017-12-12,0.9744874238967896,1.7200000286102295,1.8200000524520874,1.690000057220459,1.8200000524520874,3176000
2017-12-13,0.9348280429840088,1.649999976158142,1.75,1.6100000143051147,1.75,1976000
2017-12-14,0.9688217639923096,1.7100000381469727,1.7300000190734863,1.649999976158142,1.6699999570846558,88000
2017-12-15,0.9348280429840088,1.649999976158142,1.7899999618530273,1.6100000143051147,1.7100000381469727,482818
2017-12-18,0.9008342623710632,1.590000033378601,1.6399999856948853,1.5499999523162842,1.6399999856948853,704000
2017-12-19,0.9631561636924744,1.7000000476837158,1.7000000476837158,1.5700000524520874,1.5700000524520874,1562000
2017-12-20,0.9914842844009399,1.75,1.7999999523162842,1.690000057220459,1.7599999904632568,8112000
2017-12-21,0.9631561636924744,1.7000000476837158,1.7000000476837158,1.659999966621399,1.7000000476837158,376000
2017-12-22,0.940493643283844,1.659999966621399,1.7400000095367432,1.659999966621399,1.7000000476837158,58000
2017-12-27,0.9744874238967896,1.7200000286102295,1.7200000286102295,1.7200000286102295,1.7200000286102295,0
2017-12-28,1.0141468048095703,1.7899999618530273,1.8600000143051147,1.659999966621399,1.7599999904632568,4920000
2017-12-29,1.048140525817871,1.850000023841858,1.8799999952316284,1.75,1.7599999904632568,7518000
2018-01-02,1.0311436653137207,1.8200000524520874,1.8200000524520874,1.7999999523162842,1.7999999523162842,20000
2018-01-03,1.0198122262954712,1.7999999523162842,1.7999999523162842,1.7999999523162842,1.7999999523162842,56000
2018-01-04,1.0198122262954712,1.7999999523162842,1.7999999523162842,1.7999999523162842,1.7999999523162842,0
2018-01-05,1.0311436653137207,1.8200000524520874,1.850000023841858,1.8200000524520874,1.8300000429153442,156000
2018-01-08,1.0198122262954712,1.7999999523162842,1.7999999523162842,1.7300000190734863,1.7999999523162842,2112000
2018-01-09,1.0198122262954712,1.7999999523162842,1.850000023841858,1.7999999523162842,1.7999999523162842,3148000
2018-01-10,1.053806185722351,1.8600000143051147,1.8600000143051147,1.850000023841858,1.850000023841858,2206000
2018-01-11,1.065137505531311,1.8799999952316284,1.899999976158142,1.850000023841858,1.850000023841858,1400000
2018-01-12,1.0764687061309814,1.899999976158142,2.0199999809265137,1.8600000143051147,2.0199999809265137,952000
2018-01-15,1.1047967672348022,1.9500000476837158,1.9500000476837158,1.9500000476837158,1.9500000476837158,0
2018-01-16,1.065137505531311,1.8799999952316284,1.8799999952316284,1.8799999952316284,1.8799999952316284,6000
2018-01-17,1.1104624271392822,1.9600000381469727,1.9700000286102295,1.8899999856948853,1.8899999856948853,12000
2018-01-18,1.0877999067306519,1.9199999570846558,1.9199999570846558,1.9199999570846558,1.9199999570846558,0
2018-01-19,1.0764687061309814,1.899999976158142,1.899999976158142,1.899999976158142,1.899999976158142,0
2018-01-22,1.0764687061309814,1.899999976158142,1.899999976158142,1.899999976158142,1.899999976158142,0
2018-01-23,1.0764687061309814,1.899999976158142,1.899999976158142,1.899999976158142,1.899999976158142,0
2018-01-24,1.048140525817871,1.850000023841858,1.9500000476837158,1.840000033378601,1.9500000476837158,250000
2018-01-25,1.065137505531311,1.8799999952316284,1.8799999952316284,1.8200000524520874,1.840000033378601,86000
2018-01-26,1.048140525817871,1.850000023841858,1.850000023841858,1.7999999523162842,1.840000033378601,272000
2018-01-29,1.0764687061309814,1.899999976158142,1.9500000476837158,1.940000057220459,1.940000057220459,30000
2018-01-30,1.0764687061309814,1.899999976158142,1.899999976158142,1.899999976158142,1.899999976158142,0
2018-01-31,1.0764687061309814,1.899999976158142,1.899999976158142,1.899999976158142,1.899999976158142,0
2018-02-01,1.0311436653137207,1.8200000524520874,1.8200000524520874,1.8200000524520874,1.8200000524520874,10000
2018-02-02,1.0368092060089111,1.8300000429153442,1.8300000429153442,1.8300000429153442,1.8300000429153442,6000
2018-02-05,1.0254781246185303,1.809999942779541,1.809999942779541,1.809999942779541,1.809999942779541,0
2018-02-06,0.9914842844009399,1.75,1.7999999523162842,1.75,1.7999999523162842,12000
2018-02-07,0.9971498847007751,1.7599999904632568,1.7599999904632568,1.7599999904632568,1.7599999904632568,0
2018-02-08,0.9971498847007751,1.7599999904632568,1.7599999904632568,1.7599999904632568,1.7599999904632568,2000
2018-02-09,0.9234969019889832,1.6299999952316284,1.75,1.600000023841858,1.75,408000
2018-02-12,0.9348280429840088,1.649999976158142,1.649999976158142,1.649999976158142,1.649999976158142,0
2018-02-13,0.9631561636924744,1.7000000476837158,1.7000000476837158,1.7000000476837158,1.7000000476837158,0
2018-02-14,0.9631561636924744,1.7000000476837158,1.7000000476837158,1.7000000476837158,1.7000000476837158,0
2018-02-15,0.9631561636924744,1.7000000476837158,1.7000000476837158,1.7000000476837158,1.7000000476837158,0
2018-02-20,0.9631561636924744,1.7000000476837158,1.7100000381469727,1.600000023841858,1.6299999952316284,72000
2018-02-21,0.9461592435836792,1.6699999570846558,1.649999976158142,1.649999976158142,1.649999976158142,4000
2018-02-22,0.9461592435836792,1.6699999570846558,1.6699999570846558,1.649999976158142,1.649999976158142,28000
2018-02-23,0.9518247842788696,1.6799999475479126,1.6799999475479126,1.6799999475479126,1.6799999475479126,0
2018-02-26,1.0141468048095703,1.7899999618530273,1.7899999618530273,1.7899999618530273,1.7899999618530273,2000
2018-02-27,0.9518247842788696,1.6799999475479126,1.7100000381469727,1.6799999475479126,1.7100000381469727,74000
2018-02-28,0.9801529049873352,1.7300000190734863,1.7300000190734863,1.7300000190734863,1.7300000190734863,6000
2018-03-01,0.9801529049873352,1.7300000190734863,1.7300000190734863,1.7300000190734863,1.7300000190734863,0
2018-03-02,0.9801529049873352,1.7300000190734863,1.7300000190734863,1.7300000190734863,1.7300000190734863,0
2018-03-05,0.9801529049873352,1.7300000190734863,1.7300000190734863,1.7300000190734863,1.7300000190734863,0
2018-03-06,0.9801529049873352,1.7300000190734863,1.7300000190734863,1.7300000190734863,1.7300000190734863,0
2018-03-07,0.9801529049873352,1.7300000190734863,1.7300000190734863,1.7300000190734863,1.7300000190734863,0
2018-03-08,0.9801529049873352,1.7300000190734863,1.7300000190734863,1.7300000190734863,1.7300000190734863,0
2018-03-09,0.9518247842788696,1.6799999475479126,1.6799999475479126,1.6799999475479126,1.6799999475479126,0
2018-03-12,0.9631561636924744,1.7000000476837158,1.7000000476837158,1.690000057220459,1.690000057220459,10000
2018-03-13,0.9518247842788696,1.6799999475479126,1.6799999475479126,1.6799999475479126,1.6799999475479126,12000
2018-03-14,0.9574905037879944,1.690000057220459,1.690000057220459,1.690000057220459,1.690000057220459,0
2018-03-15,0.9744874238967896,1.7200000286102295,1.690000057220459,1.690000057220459,1.7200000286102295,6000
2018-03-16,0.9744874238967896,1.7200000286102295,1.7200000286102295,1.7000000476837158,1.7000000476837158,22000
2018-03-19,0.9744874238967896,1.7200000286102295,1.7200000286102295,1.7200000286102295,1.7200000286102295,0
2018-03-20,0.9971498847007751,1.7599999904632568,1.7599999904632568,1.7599999904632568,1.7599999904632568,0
2018-03-21,0.9971498847007751,1.7599999904632568,1.7599999904632568,1.7599999904632568,1.7599999904632568,0
2018-03-22,0.9971498847007751,1.7599999904632568,1.7599999904632568,1.7599999904632568,1.7599999904632568,0
2018-03-23,0.9574905037879944,1.690000057220459,1.690000057220459,1.690000057220459,1.690000057220459,0
2018-03-26,0.9574905037879944,1.690000057220459,1.690000057220459,1.690000057220459,1.690000057220459,0
2018-03-27,0.9574905037879944,1.690000057220459,1.690000057220459,1.6699999570846558,1.6799999475479126,120000
2018-03-28,0.9574905037879944,1.690000057220459,1.690000057220459,1.690000057220459,1.690000057220459,0
2018-03-29,0.9574905037879944,1.690000057220459,1.690000057220459,1.690000057220459,1.690000057220459,0
2018-04-03,0.9574905037879944,1.690000057220459,1.690000057220459,1.690000057220459,1.690000057220459,0
2018-04-04,0.9234969019889832,1.6299999952316284,1.690000057220459,1.6299999952316284,1.690000057220459,254000
2018-04-06,0.9518247842788696,1.6799999475479126,1.6799999475479126,1.6799999475479126,1.6799999475479126,0
2018-04-09,0.9518247842788696,1.6799999475479126,1.6799999475479126,1.6799999475479126,1.6799999475479126,0
2018-04-10,0.9518247842788696,1.6799999475479126,1.6799999475479126,1.6799999475479126,1.6799999475479126,0
2018-04-11,0.9518247842788696,1.6799999475479126,1.6799999475479126,1.6799999475479126,1.6799999475479126,0
2018-04-12,0.9574905037879944,1.690000057220459,1.690000057220459,1.6799999475479126,1.6799999475479126,52000
2018-04-13,0.9574905037879944,1.690000057220459,1.690000057220459,1.690000057220459,1.690000057220459,0
2018-04-16,0.9631561636924744,1.7000000476837158,1.7000000476837158,1.7000000476837158,1.7000000476837158,2000
2018-04-17,0.9631561636924744,1.7000000476837158,1.7000000476837158,1.7000000476837158,1.7000000476837158,0
2018-04-18,0.9631561636924744,1.7000000476837158,1.690000057220459,1.690000057220459,1.690000057220459,24000
2018-04-19,0.9801529049873352,1.7300000190734863,1.7200000286102295,1.7000000476837158,1.7000000476837158,8000
2018-04-20,0.9631561636924744,1.7000000476837158,1.7300000190734863,1.7000000476837158,1.7300000190734863,40000
2018-04-23,0.9858186841011047,1.7400000095367432,1.7400000095367432,1.7400000095367432,1.7400000095367432,0
2018-04-24,0.9858186841011047,1.7400000095367432,1.7400000095367432,1.7400000095367432,1.7400000095367432,0
2018-04-25,0.9858186841011047,1.7400000095367432,1.7400000095367432,1.7400000095367432,1.7400000095367432,0
2018-04-26,0.9858186841011047,1.7400000095367432,1.7400000095367432,1.7400000095367432,1.7400000095367432,0
2018-04-27,0.9291623830795288,1.6399999856948853,1.649999976158142,1.6399999856948853,1.649999976158142,28000
2018-04-30,0.9518247842788696,1.6799999475479126,1.6799999475479126,1.659999966621399,1.6699999570846558,16000
2018-05-02,0.9631561636924744,1.7000000476837158,1.7000000476837158,1.7000000476837158,1.7000000476837158,2000
2018-05-03,0.9631561636924744,1.7000000476837158,1.7000000476837158,1.7000000476837158,1.7000000476837158,0
2018-05-04,0.9631561636924744,1.7000000476837158,1.7000000476837158,1.7000000476837158,1.7000000476837158,0
2018-05-07,0.9631561636924744,1.7000000476837158,1.7000000476837158,1.7000000476837158,1.7000000476837158,0
2018-05-08,0.9631561636924744,1.7000000476837158,1.7000000476837158,1.7000000476837158,1.7000000476837158,0
2018-05-09,0.9574905037879944,1.690000057220459,1.7000000476837158,1.690000057220459,1.7000000476837158,26000
2018-05-10,0.9631561636924744,1.7000000476837158,1.7000000476837158,1.7000000476837158,1.7000000476837158,0
2018-05-11,1.0084811449050903,1.7799999713897705,1.7799999713897705,1.7799999713897705,1.7799999713897705,0
2018-05-14,1.0084811449050903,1.7799999713897705,1.7799999713897705,1.7799999713897705,1.7799999713897705,0
2018-05-15,1.0084811449050903,1.7799999713897705,1.7799999713897705,1.7799999713897705,1.7799999713897705,0
2018-05-16,0.940493643283844,1.659999966621399,1.659999966621399,1.659999966621399,1.659999966621399,6000
2018-05-17,0.9631561636924744,1.7000000476837158,1.7000000476837158,1.7000000476837158,1.7000000476837158,14000
2018-05-18,0.9234969019889832,1.6299999952316284,1.6799999475479126,1.6200000047683716,1.649999976158142,620000
2018-05-21,0.9121654629707336,1.6100000143051147,1.659999966621399,1.600000023841858,1.6399999856948853,1508000
2018-05-23,0.9064998626708984,1.600000023841858,1.6399999856948853,1.600000023841858,1.6100000143051147,652000
2018-05-24,0.9064998626708984,1.600000023841858,1.6299999952316284,1.600000023841858,1.600000023841858,338000
2018-05-25,0.9178311228752136,1.6200000047683716,1.6100000143051147,1.600000023841858,1.600000023841858,102000
2018-05-28,0.9291623830795288,1.6399999856948853,1.649999976158142,1.6399999856948853,1.6399999856948853,28000
2018-05-29,0.9291623830795288,1.6399999856948853,1.659999966621399,1.6200000047683716,1.659999966621399,138000
2018-05-30,0.9064998626708984,1.600000023841858,1.6299999952316284,1.600000023841858,1.6299999952316284,552000
2018-05-31,0.9291623830795288,1.6399999856948853,1.6399999856948853,1.6399999856948853,1.6399999856948853,0
2018-06-01,0.9461592435836792,1.6699999570846558,1.6699999570846558,1.649999976158142,1.649999976158142,54000
2018-06-04,0.9599587321281433,1.600000023841858,1.600000023841858,1.5800000429153442,1.590000033378601,72000
2018-06-05,0.9599587321281433,1.600000023841858,1.600000023841858,1.600000023841858,1.600000023841858,0
2018-06-06,0.9659584164619446,1.6100000143051147,1.6100000143051147,1.600000023841858,1.600000023841858,52000
2018-06-07,0.9659584164619446,1.6100000143051147,1.6100000143051147,1.6100000143051147,1.6100000143051147,0
2018-06-08,0.9659584164619446,1.6100000143051147,1.6100000143051147,1.6100000143051147,1.6100000143051147,0
2018-06-11,0.9599587321281433,1.600000023841858,1.6299999952316284,1.600000023841858,1.6299999952316284,22000
2018-06-12,0.9599587321281433,1.600000023841858,1.600000023841858,1.600000023841858,1.600000023841858,0
2018-06-13,0.9299598932266235,1.5499999523162842,1.600000023841858,1.5,1.600000023841858,104000
2018-06-14,0.9479591846466064,1.5800000429153442,1.590000033378601,1.5800000429153442,1.590000033378601,360000
2018-06-15,0.9479591846466064,1.5800000429153442,1.5800000429153442,1.5800000429153442,1.5800000429153442,0
2018-06-19,0.9479591846466064,1.5800000429153442,1.5800000429153442,1.5800000429153442,1.5800000429153442,50000
2018-06-20,0.9479591846466064,1.5800000429153442,1.5800000429153442,1.5800000429153442,1.5800000429153442,0
2018-06-21,0.9479591846466064,1.5800000429153442,1.5800000429153442,1.5800000429153442,1.5800000429153442,0
2018-06-22,0.94195955991745,1.5700000524520874,1.5700000524520874,1.5700000524520874,1.5700000524520874,0
2018-06-25,0.94195955991745,1.5700000524520874,1.5700000524520874,1.5700000524520874,1.5700000524520874,0
2018-06-26,0.94195955991745,1.5700000524520874,1.5700000524520874,1.5700000524520874,1.5700000524520874,0
2018-06-27,0.94195955991745,1.5700000524520874,1.5700000524520874,1.5700000524520874,1.5700000524520874,0
2018-06-28,0.94195955991745,1.5700000524520874,1.5700000524520874,1.5700000524520874,1.5700000524520874,0
2018-06-29,0.94195955991745,1.5700000524520874,1.5700000524520874,1.5700000524520874,1.5700000524520874,0
2018-07-03,0.94195955991745,1.5700000524520874,1.5700000524520874,1.5700000524520874,1.5700000524520874,0
2018-07-04,0.9359596967697144,1.559999942779541,1.559999942779541,1.559999942779541,1.559999942779541,10000
2018-07-05,0.9359596967697144,1.559999942779541,1.559999942779541,1.559999942779541,1.559999942779541,8000
2018-07-06,0.9059609770774841,1.5099999904632568,1.5499999523162842,1.5099999904632568,1.5499999523162842,42000
2018-07-09,0.9179603457450867,1.5299999713897705,1.5299999713897705,1.5299999713897705,1.5299999713897705,0
2018-07-10,0.9179603457450867,1.5299999713897705,1.5299999713897705,1.5299999713897705,1.5299999713897705,38000
2018-07-11,0.9179603457450867,1.5299999713897705,1.5299999713897705,1.5299999713897705,1.5299999713897705,0
2018-07-12,0.9479591846466064,1.5800000429153442,1.5800000429153442,1.559999942779541,1.5700000524520874,278000
2018-07-13,0.9299598932266235,1.5499999523162842,1.6100000143051147,1.5800000429153442,1.5800000429153442,20000
2018-07-16,0.9299598932266235,1.5499999523162842,1.5499999523162842,1.5499999523162842,1.5499999523162842,0
2018-07-17,0.923960268497467,1.5399999618530273,1.600000023841858,1.5399999618530273,1.600000023841858,42000
2018-07-18,0.9599587321281433,1.600000023841858,1.600000023841858,1.600000023841858,1.600000023841858,26000
2018-07-19,0.9539588689804077,1.590000033378601,1.590000033378601,1.590000033378601,1.590000033378601,0
2018-07-20,0.8999611139297485,1.5,1.5499999523162842,1.5,1.5499999523162842,58000
2018-07-23,0.8999611139297485,1.5,1.5,1.5,1.5,0
2018-07-24,0.9119607210159302,1.5199999809265137,1.5299999713897705,1.5199999809265137,1.5299999713897705,30000
2018-07-25,0.923960268497467,1.5399999618530273,1.5399999618530273,1.5399999618530273,1.5399999618530273,4000
2018-07-26,0.923960268497467,1.5399999618530273,1.5399999618530273,1.5399999618530273,1.5399999618530273,0
2018-07-27,0.923960268497467,1.5399999618530273,1.5399999618530273,1.5399999618530273,1.5399999618530273,2000
2018-07-30,0.9179603457450867,1.5299999713897705,1.5299999713897705,1.5199999809265137,1.5199999809265137,46000
2018-07-31,0.9179603457450867,1.5299999713897705,1.5299999713897705,1.5299999713897705,1.5299999713897705,0
2018-08-01,0.9179603457450867,1.5299999713897705,1.5299999713897705,1.5299999713897705,1.5299999713897705,0
2018-08-02,0.8999611139297485,1.5,1.5,1.5,1.5,56000
2018-08-03,0.8999611139297485,1.5,1.5,1.5,1.5,0
2018-08-06,0.8819620013237,1.4700000286102295,1.5,1.4700000286102295,1.5,284000
2018-08-07,0.8879618048667908,1.4800000190734863,1.4800000190734863,1.4800000190734863,1.4800000190734863,0
2018-08-08,0.8999611139297485,1.5,1.5,1.5,1.5,0
2018-08-09,0.8999611139297485,1.5,1.5,1.5,1.5,0
2018-08-10,0.8999611139297485,1.5,1.5,1.5,1.5,0
2018-08-13,0.8999611139297485,1.5,1.5,1.5,1.5,0
2018-08-14,0.8999611139297485,1.5,1.5,1.5,1.5,0
2018-08-15,0.9059609770774841,1.5099999904632568,1.5099999904632568,1.5099999904632568,1.5099999904632568,26000
2018-08-16,0.9059609770774841,1.5099999904632568,1.5099999904632568,1.5099999904632568,1.5099999904632568,0
2018-08-17,0.8519633412361145,1.4199999570846558,1.5099999904632568,1.409999966621399,1.5099999904632568,118000
2018-08-20,0.8579630255699158,1.4299999475479126,1.4299999475479126,1.4299999475479126,1.4299999475479126,0
2018-08-21,0.8639627695083618,1.440000057220459,1.4299999475479126,1.4299999475479126,1.4299999475479126,40000
2018-08-22,0.8699625730514526,1.4500000476837158,1.4500000476837158,1.4500000476837158,1.4500000476837158,0
2018-08-23,0.8699625730514526,1.4500000476837158,1.4500000476837158,1.4500000476837158,1.4500000476837158,0
2018-08-24,0.8699625730514526,1.4500000476837158,1.4500000476837158,1.4500000476837158,1.4500000476837158,0
2018-08-27,0.8699625730514526,1.4500000476837158,1.4500000476837158,1.4500000476837158,1.4500000476837158,0
2018-08-28,0.8759622573852539,1.4600000381469727,1.4600000381469727,1.4600000381469727,1.4600000381469727,6000
2018-08-29,0.8759622573852539,1.4600000381469727,1.4600000381469727,1.4600000381469727,1.4600000381469727,0
2018-08-30,0.8759622573852539,1.4600000381469727,1.4600000381469727,1.4600000381469727,1.4600000381469727,0
2018-08-31,0.8759622573852539,1.4600000381469727,1.4600000381469727,1.4500000476837158,1.4500000476837158,8000
2018-09-03,0.8519633412361145,1.4199999570846558,1.399999976158142,1.399999976158142,1.399999976158142,2000
2018-09-04,0.8759622573852539,1.4600000381469727,1.4600000381469727,1.4600000381469727,1.4600000381469727,2000
2018-09-05,0.8759622573852539,1.4600000381469727,1.4600000381469727,1.4600000381469727,1.4600000381469727,0
2018-09-06,0.8759622573852539,1.4600000381469727,1.4600000381469727,1.4600000381469727,1.4600000381469727,0
2018-09-07,0.8759622573852539,1.4600000381469727,1.4600000381469727,1.4600000381469727,1.4600000381469727,0
2018-09-10,0.8759622573852539,1.4600000381469727,1.4600000381469727,1.4600000381469727,1.4600000381469727,0
2018-09-11,0.8759622573852539,1.4600000381469727,1.4600000381469727,1.4600000381469727,1.4600000381469727,0
2018-09-12,0.8759622573852539,1.4600000381469727,1.4600000381469727,1.4600000381469727,1.4600000381469727,0
2018-09-13,0.8759622573852539,1.4600000381469727,1.4600000381469727,1.4600000381469727,1.4600000381469727,0
2018-09-14,0.8759622573852539,1.4600000381469727,1.4600000381469727,1.4600000381469727,1.4600000381469727,0
2018-09-17,0.8399637937545776,1.399999976158142,1.4600000381469727,1.350000023841858,1.4600000381469727,406000
2018-09-18,0.8279643058776855,1.3799999952316284,1.3899999856948853,1.3799999952316284,1.3899999856948853,144000
2018-09-19,0.8279643058776855,1.3799999952316284,1.3799999952316284,1.3799999952316284,1.3799999952316284,0
2018-09-20,0.8219645619392395,1.3700000047683716,1.3700000047683716,1.3700000047683716,1.3700000047683716,0
2018-09-21,0.8219645619392395,1.3700000047683716,1.3700000047683716,1.3700000047683716,1.3700000047683716,0
2018-09-24,0.8279643058776855,1.3799999952316284,1.3799999952316284,1.3700000047683716,1.3700000047683716,52000
2018-09-26,0.8219645619392395,1.3700000047683716,1.4199999570846558,1.3700000047683716,1.4199999570846558,22000
2018-09-27,0.8219645619392395,1.3700000047683716,1.3700000047683716,1.3700000047683716,1.3700000047683716,0
2018-09-28,0.8219645619392395,1.3700000047683716,1.3799999952316284,1.3700000047683716,1.3799999952316284,44000
2018-10-02,0.8279643058776855,1.3799999952316284,1.3799999952316284,1.3799999952316284,1.3799999952316284,0
2018-10-03,0.8279643058776855,1.3799999952316284,1.3799999952316284,1.3799999952316284,1.3799999952316284,0
2018-10-04,0.8279643058776855,1.3799999952316284,1.3799999952316284,1.3799999952316284,1.3799999952316284,0
2018-10-05,0.8279643058776855,1.3799999952316284,1.3799999952316284,1.3799999952316284,1.3799999952316284,0
2018-10-08,0.8279643058776855,1.3799999952316284,1.3799999952316284,1.3799999952316284,1.3799999952316284,0
2018-10-09,0.8279643058776855,1.3799999952316284,1.3799999952316284,1.3799999952316284,1.3799999952316284,0
2018-10-10,0.8279643058776855,1.3799999952316284,1.3799999952316284,1.3799999952316284,1.3799999952316284,0
2018-10-11,0.8279643058776855,1.3799999952316284,1.3799999952316284,1.3799999952316284,1.3799999952316284,0
2018-10-12,0.8279643058776855,1.3799999952316284,1.3799999952316284,1.3799999952316284,1.3799999952316284,0
2018-10-15,0.7859660983085632,1.309999942779541,1.3200000524520874,1.309999942779541,1.3200000524520874,68000
2018-10-16,0.7859660983085632,1.309999942779541,1.309999942779541,1.309999942779541,1.309999942779541,0
2018-10-18,0.7859660983085632,1.309999942779541,1.309999942779541,1.309999942779541,1.309999942779541,0
2018-10-19,0.8099650740623474,1.350000023841858,1.350000023841858,1.350000023841858,1.350000023841858,0
2018-10-22,0.791965901851654,1.3200000524520874,1.4900000095367432,1.3200000524520874,1.4800000190734863,268000
2018-10-23,0.8279643058776855,1.3799999952316284,1.3799999952316284,1.3799999952316284,1.3799999952316284,16000
2018-10-24,0.8279643058776855,1.3799999952316284,1.3799999952316284,1.3799999952316284,1.3799999952316284,0
2018-10-25,0.8279643058776855,1.3799999952316284,1.3799999952316284,1.3799999952316284,1.3799999952316284,20000
2018-10-26,0.7979657053947449,1.3300000429153442,1.3799999952316284,1.3300000429153442,1.3799999952316284,82000
2018-10-29,0.7979657053947449,1.3300000429153442,1.3899999856948853,1.3300000429153442,1.3799999952316284,188000
2018-10-30,0.8699625730514526,1.4500000476837158,1.4500000476837158,1.3700000047683716,1.3700000047683716,34000
2018-10-31,0.8159648180007935,1.3600000143051147,1.3700000047683716,1.3600000143051147,1.3700000047683716,200000
2018-11-01,0.7979657053947449,1.3300000429153442,1.3700000047683716,1.3300000429153442,1.3700000047683716,202000
2018-11-02,0.8039653897285461,1.340000033378601,1.3600000143051147,1.340000033378601,1.3600000143051147,184000
2018-11-05,0.8039653897285461,1.340000033378601,1.340000033378601,1.340000033378601,1.340000033378601,0
2018-11-06,0.8039653897285461,1.340000033378601,1.340000033378601,1.340000033378601,1.340000033378601,0
2018-11-07,0.8039653897285461,1.340000033378601,1.340000033378601,1.340000033378601,1.340000033378601,0
2018-11-08,0.8039653897285461,1.340000033378601,1.340000033378601,1.340000033378601,1.340000033378601,0
2018-11-09,0.8039653897285461,1.340000033378601,1.340000033378601,1.340000033378601,1.340000033378601,0
2018-11-12,0.8159648180007935,1.3600000143051147,1.3600000143051147,1.3600000143051147,1.3600000143051147,0
2018-11-13,0.8159648180007935,1.3600000143051147,1.3600000143051147,1.3600000143051147,1.3600000143051147,0
2018-11-14,0.8159648180007935,1.3600000143051147,1.3600000143051147,1.3600000143051147,1.3600000143051147,0
2018-11-15,0.8159648180007935,1.3600000143051147,1.3600000143051147,1.3600000143051147,1.3600000143051147,0
2018-11-16,0.8159648180007935,1.3600000143051147,1.3600000143051147,1.3600000143051147,1.3600000143051147,0
2018-11-19,0.8159648180007935,1.3600000143051147,1.3600000143051147,1.3600000143051147,1.3600000143051147,0
2018-11-20,0.8159648180007935,1.3600000143051147,1.3600000143051147,1.3600000143051147,1.3600000143051147,0
2018-11-21,0.8279643058776855,1.3799999952316284,1.3799999952316284,1.3700000047683716,1.3700000047683716,26000
2018-11-22,0.8279643058776855,1.3799999952316284,1.3799999952316284,1.3799999952316284,1.3799999952316284,0
2018-11-23,0.8279643058776855,1.3799999952316284,1.3799999952316284,1.3799999952316284,1.3799999952316284,0
2018-11-26,0.8279643058776855,1.3799999952316284,1.3799999952316284,1.3799999952316284,1.3799999952316284,0
2018-11-27,0.8279643058776855,1.3799999952316284,1.3799999952316284,1.3799999952316284,1.3799999952316284,0
2018-11-28,0.8279643058776855,1.3799999952316284,1.3799999952316284,1.3799999952316284,1.3799999952316284,0
2018-11-29,0.8279643058776855,1.3799999952316284,1.3799999952316284,1.3799999952316284,1.3799999952316284,10000
2018-11-30,0.8939615488052368,1.4900000095367432,1.4900000095367432,1.409999966621399,1.409999966621399,126000
2018-12-03,0.9059609770774841,1.5099999904632568,1.5199999809265137,1.4900000095367432,1.4900000095367432,66000
2018-12-04,0.9059609770774841,1.5099999904632568,1.5099999904632568,1.5099999904632568,1.5099999904632568,0
2018-12-05,0.923960268497467,1.5399999618530273,1.559999942779541,1.5199999809265137,1.5299999713897705,60000
2018-12-06,0.9119607210159302,1.5199999809265137,1.5700000524520874,1.5,1.5499999523162842,158000
2018-12-07,0.9179603457450867,1.5299999713897705,1.5299999713897705,1.5,1.5299999713897705,144000
2018-12-10,0.8759622573852539,1.4600000381469727,1.5299999713897705,1.399999976158142,1.5299999713897705,158000
2018-12-11,0.8639627695083618,1.440000057220459,1.5,1.440000057220459,1.4900000095367432,164000
2018-12-12,0.8759622573852539,1.4600000381469727,1.4600000381469727,1.4600000381469727,1.4600000381469727,0
2018-12-13,0.9479591846466064,1.5800000429153442,1.5800000429153442,1.4800000190734863,1.4800000190734863,6000
2018-12-14,0.9479591846466064,1.5800000429153442,1.5800000429153442,1.5800000429153442,1.5800000429153442,0
2018-12-17,0.9539588689804077,1.590000033378601,1.590000033378601,1.590000033378601,1.590000033378601,2000
2018-12-18,0.94195955991745,1.5700000524520874,1.600000023841858,1.5,1.600000023841858,74000
2018-12-19,0.9479591846466064,1.5800000429153442,1.5800000429153442,1.5700000524520874,1.5700000524520874,4000
2018-12-20,0.9599587321281433,1.600000023841858,1.600000023841858,1.5,1.5700000524520874,34000
2018-12-21,0.9539588689804077,1.590000033378601,1.600000023841858,1.4700000286102295,1.5099999904632568,424000
2018-12-24,0.9599587321281433,1.600000023841858,1.600000023841858,1.5399999618530273,1.590000033378601,118000
2018-12-27,0.9659584164619446,1.6100000143051147,1.7000000476837158,1.600000023841858,1.6399999856948853,1356000
2018-12-28,1.121951699256897,1.8700000047683716,1.8799999952316284,1.6699999570846558,1.7100000381469727,3334000
2018-12-31,1.1999481916427612,2.0,2.059999942779541,1.809999942779541,2.0,1624000
2019-01-02,1.1699497699737549,1.9500000476837158,2.0299999713897705,1.909999966621399,2.0,474000
2019-01-03,1.1879488229751587,1.9800000190734863,2.0,1.9600000381469727,1.9600000381469727,840000
2019-01-04,1.1999481916427612,2.0,2.009999990463257,1.9600000381469727,2.0,810000
2019-01-07,1.1999481916427612,2.0,2.009999990463257,1.9600000381469727,1.9600000381469727,344000
2019-01-08,1.2059481143951416,2.009999990463257,2.009999990463257,1.9600000381469727,2.0,280000
2019-01-09,1.2059481143951416,2.009999990463257,2.0199999809265137,2.0,2.0,94000
2019-01-10,1.2059481143951416,2.009999990463257,2.009999990463257,1.9600000381469727,1.9600000381469727,32000
2019-01-11,1.1999481916427612,2.0,2.009999990463257,1.9600000381469727,1.9600000381469727,258000
2019-01-14,1.1999481916427612,2.0,2.009999990463257,1.9600000381469727,1.9600000381469727,1032150
2019-01-15,1.1999481916427612,2.0,2.0199999809265137,1.899999976158142,2.0199999809265137,25006000
2019-01-16,1.1999481916427612,2.0,2.0,1.9900000095367432,2.0,3066000
2019-01-17,1.1999481916427612,2.0,2.0,2.0,2.0,0
2019-01-18,1.1459506750106812,1.909999966621399,2.0,1.909999966621399,1.9800000190734863,838000
2019-01-21,1.1639498472213745,1.940000057220459,1.9500000476837158,1.7599999904632568,1.7999999523162842,82000
2019-01-22,1.1639498472213745,1.940000057220459,1.940000057220459,1.940000057220459,1.940000057220459,0
2019-01-23,1.1639498472213745,1.940000057220459,1.940000057220459,1.940000057220459,1.940000057220459,0
2019-01-24,1.1639498472213745,1.940000057220459,1.940000057220459,1.940000057220459,1.940000057220459,0
2019-01-25,1.1639498472213745,1.940000057220459,1.940000057220459,1.940000057220459,1.940000057220459,0
2019-01-28,1.1639498472213745,1.940000057220459,1.940000057220459,1.940000057220459,1.940000057220459,0
2019-01-29,1.1639498472213745,1.940000057220459,1.940000057220459,1.940000057220459,1.940000057220459,0
2019-01-30,1.1639498472213745,1.940000057220459,1.940000057220459,1.940000057220459,1.940000057220459,0
2019-01-31,1.1639498472213745,1.940000057220459,1.940000057220459,1.940000057220459,1.940000057220459,0
2019-02-01,1.1639498472213745,1.940000057220459,1.940000057220459,1.940000057220459,1.940000057220459,0
2019-02-04,1.1639498472213745,1.940000057220459,1.940000057220459,1.940000057220459,1.940000057220459,0
2019-02-08,1.1579500436782837,1.9299999475479126,1.9299999475479126,1.9299999475479126,1.9299999475479126,0
2019-02-11,1.1759493350982666,1.9600000381469727,1.9900000095367432,1.899999976158142,1.899999976158142,62000
2019-02-12,1.1759493350982666,1.9600000381469727,1.9600000381469727,1.9600000381469727,1.9600000381469727,0
2019-02-13,1.1759493350982666,1.9600000381469727,1.9600000381469727,1.9600000381469727,1.9600000381469727,0
2019-02-14,1.1759493350982666,1.9600000381469727,1.9600000381469727,1.9600000381469727,1.9600000381469727,0
2019-02-15,1.0799534320831299,1.7999999523162842,1.8799999952316284,1.7100000381469727,1.7100000381469727,422000
2019-02-18,1.0679539442062378,1.7799999713897705,1.850000023841858,1.7999999523162842,1.7999999523162842,62000
2019-02-19,1.0979527235031128,1.8300000429153442,1.8899999856948853,1.7999999523162842,1.7999999523162842,24000
2019-02-20,1.0619542598724365,1.7699999809265137,2.0,1.7699999809265137,1.8200000524520874,2432000
2019-02-21,1.0679539442062378,1.7799999713897705,1.850000023841858,1.7000000476837158,1.850000023841858,1584000
2019-02-22,1.0679539442062378,1.7799999713897705,1.7799999713897705,1.7799999713897705,1.7799999713897705,0
2019-02-25,1.1399507522583008,1.899999976158142,1.899999976158142,1.8899999856948853,1.8899999856948853,18000
2019-02-26,1.1399507522583008,1.899999976158142,1.899999976158142,1.899999976158142,1.899999976158142,0
2019-02-27,1.133951187133789,1.8899999856948853,1.8899999856948853,1.8899999856948853,1.8899999856948853,0
2019-02-28,1.133951187133789,1.8899999856948853,1.8899999856948853,1.8899999856948853,1.8899999856948853,0
2019-03-01,1.133951187133789,1.8899999856948853,1.8899999856948853,1.8899999856948853,1.8899999856948853,0
2019-03-04,1.1279515027999878,1.8799999952316284,1.899999976158142,1.8799999952316284,1.899999976158142,12000
2019-03-05,1.1159518957138062,1.8600000143051147,1.8600000143051147,1.8600000143051147,1.8600000143051147,0
2019-03-06,1.1159518957138062,1.8600000143051147,1.8600000143051147,1.8600000143051147,1.8600000143051147,0
2019-03-07,1.0679539442062378,1.7799999713897705,1.7799999713897705,1.659999966621399,1.659999966621399,22000
2019-03-08,1.0679539442062378,1.7799999713897705,1.7799999713897705,1.7799999713897705,1.7799999713897705,0
2019-03-11,1.0679539442062378,1.7799999713897705,1.7799999713897705,1.7100000381469727,1.7100000381469727,6000
2019-03-12,1.0799534320831299,1.7999999523162842,1.9299999475479126,1.7699999809265137,1.7699999809265137,32000
2019-03-13,1.0799534320831299,1.7999999523162842,1.7999999523162842,1.7999999523162842,1.7999999523162842,0
2019-03-14,1.0799534320831299,1.7999999523162842,1.7999999523162842,1.7999999523162842,1.7999999523162842,0
2019-03-15,1.0799534320831299,1.7999999523162842,1.7999999523162842,1.7999999523162842,1.7999999523162842,0
2019-03-18,1.0499546527862549,1.75,1.7999999523162842,1.75,1.7999999523162842,38000
2019-03-19,1.0499546527862549,1.75,1.75,1.75,1.75,0
2019-03-20,1.0499546527862549,1.75,1.75,1.75,1.75,0
2019-03-21,1.0499546527862549,1.75,1.75,1.75,1.75,0
2019-03-22,1.091952919960022,1.8200000524520874,1.8200000524520874,1.7400000095367432,1.7400000095367432,4000
2019-03-25,1.0679539442062378,1.7799999713897705,1.7799999713897705,1.7799999713897705,1.7799999713897705,0
2019-03-26,1.0679539442062378,1.7799999713897705,1.7799999713897705,1.7799999713897705,1.7799999713897705,0
2019-03-27,1.0679539442062378,1.7799999713897705,1.7799999713897705,1.7799999713897705,1.7799999713897705,0
2019-03-28,1.0679539442062378,1.7799999713897705,1.7799999713897705,1.7799999713897705,1.7799999713897705,0
2019-03-29,1.0859532356262207,1.809999942779541,1.809999942779541,1.7799999713897705,1.809999942779541,260000
2019-04-01,1.1099523305892944,1.850000023841858,1.8899999856948853,1.850000023841858,1.8899999856948853,56000
2019-04-02,1.1099523305892944,1.850000023841858,1.850000023841858,1.850000023841858,1.850000023841858,0
2019-04-03,1.1579500436782837,1.9299999475479126,1.940000057220459,1.850000023841858,1.850000023841858,16000
2019-04-04,1.1579500436782837,1.9299999475479126,1.9299999475479126,1.9299999475479126,1.9299999475479126,0
2019-04-08,1.1279515027999878,1.8799999952316284,1.9299999475479126,1.8899999856948853,1.9299999475479126,10000
2019-04-09,1.121951699256897,1.8700000047683716,1.8799999952316284,1.8799999952316284,1.8799999952316284,6000
2019-04-10,1.121951699256897,1.8700000047683716,1.8700000047683716,1.8700000047683716,1.8700000047683716,0
2019-04-11,1.1399507522583008,1.899999976158142,1.899999976158142,1.899999976158142,1.899999976158142,0
2019-04-12,1.0799534320831299,1.7999999523162842,1.899999976158142,1.7999999523162842,1.899999976158142,42000
2019-04-15,1.0799534320831299,1.7999999523162842,1.7999999523162842,1.7999999523162842,1.7999999523162842,0
2019-04-16,1.0799534320831299,1.7999999523162842,1.7999999523162842,1.7999999523162842,1.7999999523162842,6000
2019-04-17,1.0799534320831299,1.7999999523162842,1.7999999523162842,1.7999999523162842,1.7999999523162842,12000
2019-04-18,1.0559544563293457,1.7599999904632568,1.7599999904632568,1.7599999904632568,1.7599999904632568,0
2019-04-23,1.0559544563293457,1.7599999904632568,1.7599999904632568,1.7599999904632568,1.7599999904632568,0
2019-04-24,1.0559544563293457,1.7599999904632568,1.7599999904632568,1.7599999904632568,1.7599999904632568,0
2019-04-25,1.0559544563293457,1.7599999904632568,1.7599999904632568,1.7599999904632568,1.7599999904632568,0
2019-04-26,1.0559544563293457,1.7599999904632568,1.7599999904632568,1.7599999904632568,1.7599999904632568,0
2019-04-29,1.0559544563293457,1.7599999904632568,1.7599999904632568,1.7599999904632568,1.7599999904632568,0
2019-04-30,1.0559544563293457,1.7599999904632568,1.7599999904632568,1.7300000190734863,1.7599999904632568,6000
2019-05-02,1.103952407836914,1.840000033378601,1.840000033378601,1.840000033378601,1.840000033378601,0
2019-05-03,1.0979527235031128,1.8300000429153442,1.8300000429153442,1.7699999809265137,1.7699999809265137,60000
2019-05-06,1.0439550876617432,1.7400000095367432,1.75,1.7400000095367432,1.75,20000
2019-05-07,1.0439550876617432,1.7400000095367432,1.7400000095367432,1.7400000095367432,1.7400000095367432,0
2019-05-08,1.0439550876617432,1.7400000095367432,1.7400000095367432,1.7400000095367432,1.7400000095367432,0
2019-05-09,1.0439550876617432,1.7400000095367432,1.7400000095367432,1.7400000095367432,1.7400000095367432,0
2019-05-10,1.0439550876617432,1.7400000095367432,1.7400000095367432,1.7400000095367432,1.7400000095367432,0
2019-05-14,1.0799534320831299,1.7999999523162842,1.7999999523162842,1.7400000095367432,1.7400000095367432,50000
2019-05-15,1.0799534320831299,1.7999999523162842,1.7999999523162842,1.7999999523162842,1.7999999523162842,50000
2019-05-16,1.0799534320831299,1.7999999523162842,1.7999999523162842,1.7999999523162842,1.7999999523162842,0
2019-05-17,1.019956111907959,1.7000000476837158,1.7100000381469727,1.7000000476837158,1.7100000381469727,22000
2019-05-20,1.019956111907959,1.7000000476837158,1.7200000286102295,1.7200000286102295,1.7200000286102295,14000
2019-05-21,1.0139563083648682,1.690000057220459,1.7200000286102295,1.690000057220459,1.7000000476837158,134000
2019-05-22,1.0319554805755615,1.7200000286102295,1.7799999713897705,1.7000000476837158,1.7599999904632568,90000
2019-05-23,1.0379552841186523,1.7300000190734863,1.7300000190734863,1.7300000190734863,1.7300000190734863,30000
2019-05-24,1.0379552841186523,1.7300000190734863,1.7300000190734863,1.7300000190734863,1.7300000190734863,0
2019-05-27,1.019956111907959,1.7000000476837158,1.7300000190734863,1.7100000381469727,1.7300000190734863,28000
2019-05-28,1.019956111907959,1.7000000476837158,1.7000000476837158,1.7000000476837158,1.7000000476837158,40000
2019-05-29,1.019956111907959,1.7000000476837158,1.7000000476837158,1.7000000476837158,1.7000000476837158,0
2019-05-30,1.019956111907959,1.7000000476837158,1.7000000476837158,1.600000023841858,1.600000023841858,8000
2019-05-31,1.019956111907959,1.7000000476837158,1.7000000476837158,1.7000000476837158,1.7000000476837158,30000
2019-06-03,1.019956111907959,1.7000000476837158,1.7000000476837158,1.7000000476837158,1.7000000476837158,0
2019-06-04,1.019956111907959,1.7000000476837158,1.7000000476837158,1.7000000476837158,1.7000000476837158,0
2019-06-05,0.9599587321281433,1.600000023841858,1.6299999952316284,1.600000023841858,1.6299999952316284,20000
2019-06-06,0.9599587321281433,1.600000023841858,1.600000023841858,1.600000023841858,1.600000023841858,0
2019-06-10,0.9899573922157288,1.649999976158142,1.649999976158142,1.649999976158142,1.649999976158142,0
2019-06-11,0.9899573922157288,1.649999976158142,1.649999976158142,1.649999976158142,1.649999976158142,0
2019-06-12,1.019956111907959,1.7000000476837158,1.7000000476837158,1.7000000476837158,1.7000000476837158,8000
2019-06-13,1.019956111907959,1.7000000476837158,1.7000000476837158,1.7000000476837158,1.7000000476837158,56000
2019-06-14,0.9599587321281433,1.600000023841858,1.600000023841858,1.600000023841858,1.600000023841858,4000
2019-06-17,1.019956111907959,1.7000000476837158,1.7000000476837158,1.7000000476837158,1.7000000476837158,0
2019-06-18,0.9719581604003906,1.6200000047683716,1.7000000476837158,1.6200000047683716,1.6799999475479126,252000
2019-06-19,1.019956111907959,1.7000000476837158,1.7000000476837158,1.7000000476837158,1.7000000476837158,6000
2019-06-20,1.019956111907959,1.7000000476837158,1.7000000476837158,1.7000000476837158,1.7000000476837158,0
2019-06-21,1.019956111907959,1.7000000476837158,1.7000000476837158,1.7000000476837158,1.7000000476837158,0
2019-06-24,1.019956111907959,1.7000000476837158,1.7000000476837158,1.7000000476837158,1.7000000476837158,0
2019-06-25,1.0139563083648682,1.690000057220459,1.690000057220459,1.690000057220459,1.690000057220459,0
2019-06-26,1.001956820487976,1.6699999570846558,1.6699999570846558,1.6699999570846558,1.6699999570846558,0
2019-06-27,1.001956820487976,1.6699999570846558,1.6699999570846558,1.6699999570846558,1.6699999570846558,0
2019-06-28,1.001956820487976,1.6699999570846558,1.6699999570846558,1.6699999570846558,1.6699999570846558,0
2019-07-02,1.019956111907959,1.7000000476837158,1.7000000476837158,1.690000057220459,1.690000057220459,80000
2019-07-03,1.0209579467773438,1.600000023841858,1.600000023841858,1.600000023841858,1.600000023841858,0
2019-07-04,1.0209579467773438,1.600000023841858,1.600000023841858,1.600000023841858,1.600000023841858,0
2019-07-05,1.0273388624191284,1.6100000143051147,1.6100000143051147,1.6100000143051147,1.6100000143051147,0
2019-07-08,1.0273388624191284,1.6100000143051147,1.6100000143051147,1.6100000143051147,1.6100000143051147,0
2019-07-09,1.0273388624191284,1.6100000143051147,1.6100000143051147,1.6100000143051147,1.6100000143051147,0
2019-07-10,1.0273388624191284,1.6100000143051147,1.6100000143051147,1.6100000143051147,1.6100000143051147,0
2019-07-11,1.0273388624191284,1.6100000143051147,1.649999976158142,1.6100000143051147,1.649999976158142,10000
2019-07-12,1.0273388624191284,1.6100000143051147,1.6100000143051147,1.6100000143051147,1.6100000143051147,0
2019-07-15,1.0273388624191284,1.6100000143051147,1.6100000143051147,1.6100000143051147,1.6100000143051147,0
2019-07-16,1.0273388624191284,1.6100000143051147,1.6100000143051147,1.6100000143051147,1.6100000143051147,0
2019-07-17,1.0273388624191284,1.6100000143051147,1.6100000143051147,1.6100000143051147,1.6100000143051147,0
2019-07-18,1.0273388624191284,1.6100000143051147,1.6100000143051147,1.6100000143051147,1.6100000143051147,0
2019-07-19,1.0528627634048462,1.649999976158142,1.649999976158142,1.649999976158142,1.649999976158142,0
2019-07-22,1.0847678184509277,1.7000000476837158,1.7000000476837158,1.7000000476837158,1.7000000476837158,0
2019-07-23,1.0847678184509277,1.7000000476837158,1.7000000476837158,1.690000057220459,1.690000057220459,58000
2019-07-24,1.0847678184509277,1.7000000476837158,1.7000000476837158,1.7000000476837158,1.7000000476837158,0
2019-07-25,1.0847678184509277,1.7000000476837158,1.7000000476837158,1.7000000476837158,1.7000000476837158,0
2019-07-26,1.0847678184509277,1.7000000476837158,1.7000000476837158,1.7000000476837158,1.7000000476837158,0
2019-07-29,1.0847678184509277,1.7000000476837158,1.7000000476837158,1.7000000476837158,1.7000000476837158,0
2019-07-30,1.0209579467773438,1.600000023841858,1.7000000476837158,1.600000023841858,1.7000000476837158,40000
2019-07-31,1.0847678184509277,1.7000000476837158,1.7000000476837158,1.7000000476837158,1.7000000476837158,52000
2019-08-01,1.0847678184509277,1.7000000476837158,1.7000000476837158,1.7000000476837158,1.7000000476837158,0
2019-08-02,1.0209579467773438,1.600000023841858,1.600000023841858,1.600000023841858,1.600000023841858,0
2019-08-05,1.0209579467773438,1.600000023841858,1.6100000143051147,1.600000023841858,1.600000023841858,168000
2019-08-06,1.0273388624191284,1.6100000143051147,1.6100000143051147,1.6100000143051147,1.6100000143051147,24000
2019-08-07,1.0273388624191284,1.6100000143051147,1.6100000143051147,1.6100000143051147,1.6100000143051147,0
2019-08-08,1.0018150806427002,1.5700000524520874,1.5700000524520874,1.5700000524520874,1.5700000524520874,0
2019-08-09,1.0018150806427002,1.5700000524520874,1.5700000524520874,1.5700000524520874,1.5700000524520874,0
2019-08-12,0.9890528917312622,1.5499999523162842,1.5499999523162842,1.5499999523162842,1.5499999523162842,48000
2019-08-13,0.9954338669776917,1.559999942779541,1.559999942779541,1.559999942779541,1.559999942779541,0
2019-08-14,0.9890528917312622,1.5499999523162842,1.5499999523162842,1.5499999523162842,1.5499999523162842,0
2019-08-15,0.9890528917312622,1.5499999523162842,1.5499999523162842,1.5499999523162842,1.5499999523162842,40000
2019-08-16,0.9890528917312622,1.5499999523162842,1.5499999523162842,1.5499999523162842,1.5499999523162842,0
2019-08-19,0.9890528917312622,1.5499999523162842,1.5499999523162842,1.5499999523162842,1.5499999523162842,22000
2019-08-20,0.9890528917312622,1.5499999523162842,1.5499999523162842,1.5499999523162842,1.5499999523162842,6000
2019-08-21,1.0081958770751953,1.5800000429153442,1.5800000429153442,1.5800000429153442,1.5800000429153442,0
2019-08-22,0.9890528917312622,1.5499999523162842,1.5399999618530273,1.5399999618530273,1.5399999618530273,10000
2019-08-23,0.9890528917312622,1.5499999523162842,1.5499999523162842,1.5499999523162842,1.5499999523162842,0
2019-08-26,0.9826719164848328,1.5399999618530273,1.5399999618530273,1.5399999618530273,1.5399999618530273,30000
2019-08-27,0.9826719164848328,1.5399999618530273,1.5399999618530273,1.5399999618530273,1.5399999618530273,0
2019-08-28,0.9826719164848328,1.5399999618530273,1.5399999618530273,1.5399999618530273,1.5399999618530273,0
2019-08-29,0.9826719164848328,1.5399999618530273,1.5399999618530273,1.5399999618530273,1.5399999618530273,0
2019-08-30,0.9826719164848328,1.5399999618530273,1.5399999618530273,1.5399999618530273,1.5399999618530273,0
2019-09-02,0.9762908816337585,1.5299999713897705,1.5299999713897705,1.5299999713897705,1.5299999713897705,0
2019-09-03,0.9762908816337585,1.5299999713897705,1.5299999713897705,1.5299999713897705,1.5299999713897705,0
2019-09-04,0.9826719164848328,1.5399999618530273,1.5399999618530273,1.5399999618530273,1.5399999618530273,0
2019-09-05,0.9826719164848328,1.5399999618530273,1.5399999618530273,1.5399999618530273,1.5399999618530273,0
2019-09-06,0.9826719164848328,1.5399999618530273,1.5399999618530273,1.5399999618530273,1.5399999618530273,0
2019-09-09,1.0081958770751953,1.5800000429153442,1.5800000429153442,1.5800000429153442,1.5800000429153442,0
2019-09-10,1.1932445764541626,1.8700000047683716,1.899999976158142,1.7000000476837158,1.7000000476837158,2342000
2019-09-11,1.129434585571289,1.7699999809265137,1.8799999952316284,1.7699999809265137,1.8700000047683716,1384000
2019-09-12,1.1485775709152222,1.7999999523162842,1.809999942779541,1.7799999713897705,1.7999999523162842,2596000
2019-09-13,1.01457679271698,1.590000033378601,1.7999999523162842,1.5,1.7999999523162842,3272000
2019-09-16,1.0081958770751953,1.5800000429153442,1.600000023841858,1.559999942779541,1.5800000429153442,296000
2019-09-17,0.9699099063873291,1.5199999809265137,1.600000023841858,1.5199999809265137,1.600000023841858,252000
2019-09-18,0.9762908816337585,1.5299999713897705,1.5700000524520874,1.5,1.5,152000
2019-09-19,0.9762908816337585,1.5299999713897705,1.5800000429153442,1.5199999809265137,1.5399999618530273,210000
2019-09-20,0.9890528917312622,1.5499999523162842,1.5700000524520874,1.5499999523162842,1.5700000524520874,12000
2019-09-23,0.9699099063873291,1.5199999809265137,1.559999942779541,1.5,1.5399999618530273,124000
2019-09-24,0.9571478962898254,1.5,1.5800000429153442,1.4900000095367432,1.5399999618530273,530000
2019-09-25,0.9188620448112488,1.440000057220459,1.559999942779541,1.4199999570846558,1.4800000190734863,416000
2019-09-26,0.8933380842208862,1.399999976158142,1.5499999523162842,1.399999976158142,1.5499999523162842,748000
2019-09-27,0.9316240549087524,1.4600000381469727,1.5399999618530273,1.3799999952316284,1.4500000476837158,3018000
2019-09-30,0.9316240549087524,1.4600000381469727,1.4800000190734863,1.4299999475479126,1.4700000286102295,1584000
2019-10-02,0.9188620448112488,1.440000057220459,1.4500000476837158,1.3899999856948853,1.4299999475479126,2140000
2019-10-03,0.8933380842208862,1.399999976158142,1.4199999570846558,1.3799999952316284,1.399999976158142,984000
2019-10-04,0.8422902822494507,1.3200000524520874,1.4199999570846558,1.2999999523162842,1.4199999570846558,1208000
2019-10-08,0.8167662620544434,1.2799999713897705,1.3600000143051147,1.2799999713897705,1.340000033378601,632000
2019-10-09,0.797623336315155,1.25,1.309999942779541,1.25,1.309999942779541,906000
2019-10-10,0.765718400478363,1.2000000476837158,1.25,1.2000000476837158,1.25,1498000
2019-10-11,0.7593374252319336,1.190000057220459,1.2400000095367432,1.1799999475479126,1.2400000095367432,1592000
2019-10-14,0.7593374252319336,1.190000057220459,1.2200000286102295,1.159999966621399,1.2100000381469727,994000
2019-10-15,0.7529564499855042,1.1799999475479126,1.2599999904632568,1.1699999570846558,1.190000057220459,1936000
2019-10-16,0.7465754151344299,1.1699999570846558,1.2300000190734863,1.1699999570846558,1.2000000476837158,1612000
2019-10-17,0.7720993757247925,1.2100000381469727,1.2100000381469727,1.159999966621399,1.1699999570846558,3444000
2019-10-18,0.8103853464126587,1.2699999809265137,1.2799999713897705,1.190000057220459,1.2200000286102295,12216000
2019-10-21,0.8997191190719604,1.409999966621399,1.409999966621399,1.2799999713897705,1.2799999713897705,5954000
2019-10-22,0.9188620448112488,1.440000057220459,1.4500000476837158,1.3799999952316284,1.409999966621399,3658000
2019-10-23,0.9571478962898254,1.5,1.5,1.3899999856948853,1.4299999475479126,4022000
2019-10-24,0.9188620448112488,1.440000057220459,1.5,1.440000057220459,1.5,300000
2019-10-25,0.9443860650062561,1.4800000190734863,1.5,1.3799999952316284,1.4199999570846558,1172000
2019-10-28,0.9380050301551819,1.4700000286102295,1.5,1.4700000286102295,1.5,64000
2019-10-29,0.9124810695648193,1.4299999475479126,1.4500000476837158,1.4199999570846558,1.4500000476837158,200000
2019-10-30,0.9124810695648193,1.4299999475479126,1.4500000476837158,1.4199999570846558,1.4199999570846558,20000
2019-10-31,0.9124810695648193,1.4299999475479126,1.4299999475479126,1.4299999475479126,1.4299999475479126,0
2019-11-01,0.9124810695648193,1.4299999475479126,1.4299999475479126,1.399999976158142,1.409999966621399,134000
2019-11-04,0.9061000943183899,1.4199999570846558,1.4500000476837158,1.4199999570846558,1.4500000476837158,18000
2019-11-05,0.9124810695648193,1.4299999475479126,1.440000057220459,1.4299999475479126,1.4299999475479126,30000
2019-11-06,0.9124810695648193,1.4299999475479126,1.4500000476837158,1.4199999570846558,1.4199999570846558,172000
2019-11-07,0.9124810695648193,1.4299999475479126,1.4600000381469727,1.4199999570846558,1.4299999475479126,54000
2019-11-08,0.9061000943183899,1.4199999570846558,1.4600000381469727,1.4199999570846558,1.4500000476837158,1690000
2019-11-11,0.8933380842208862,1.399999976158142,1.399999976158142,1.3600000143051147,1.399999976158142,178000
2019-11-12,0.9124810695648193,1.4299999475479126,1.4299999475479126,1.399999976158142,1.399999976158142,194000
2019-11-13,0.9061000943183899,1.4199999570846558,1.4299999475479126,1.399999976158142,1.399999976158142,132000
2019-11-14,0.8741950988769531,1.3700000047683716,1.3899999856948853,1.340000033378601,1.3899999856948853,1108000
2019-11-15,0.8614331483840942,1.350000023841858,1.350000023841858,1.350000023841858,1.350000023841858,6000
2019-11-18,0.8869571685791016,1.3899999856948853,1.399999976158142,1.3899999856948853,1.3899999856948853,42000
2019-11-19,0.8869571685791016,1.3899999856948853,1.3899999856948853,1.3899999856948853,1.3899999856948853,0
2019-11-20,0.8741950988769531,1.3700000047683716,1.3899999856948853,1.3700000047683716,1.3899999856948853,38000
2019-11-21,0.8741950988769531,1.3700000047683716,1.3899999856948853,1.3600000143051147,1.3600000143051147,170000
2019-11-22,0.8678141832351685,1.3600000143051147,1.3600000143051147,1.350000023841858,1.3600000143051147,182000
2019-11-25,0.8678141832351685,1.3600000143051147,1.399999976158142,1.3600000143051147,1.399999976158142,348000
2019-11-26,0.8741950988769531,1.3700000047683716,1.3600000143051147,1.3600000143051147,1.3600000143051147,6000
2019-11-27,0.8869571685791016,1.3899999856948853,1.3899999856948853,1.3899999856948853,1.3899999856948853,0
2019-11-28,0.8805761337280273,1.3799999952316284,1.399999976158142,1.3799999952316284,1.399999976158142,342000
2019-11-29,0.8741950988769531,1.3700000047683716,1.3700000047683716,1.3700000047683716,1.3700000047683716,16000
2019-12-02,0.8550522327423096,1.340000033378601,1.3700000047683716,1.3300000429153442,1.3700000047683716,336000
2019-12-03,0.8614331483840942,1.350000023841858,1.3799999952316284,1.350000023841858,1.3799999952316284,292000
2019-12-04,0.8869571685791016,1.3899999856948853,1.3899999856948853,1.340000033378601,1.340000033378601,85750
2019-12-05,0.8678141832351685,1.3600000143051147,1.3899999856948853,1.3600000143051147,1.3899999856948853,48000
2019-12-06,0.8678141832351685,1.3600000143051147,1.399999976158142,1.350000023841858,1.3700000047683716,423000
2019-12-09,0.8614331483840942,1.350000023841858,1.350000023841858,1.350000023841858,1.350000023841858,10000
2019-12-10,0.8550522327423096,1.340000033378601,1.340000033378601,1.340000033378601,1.340000033378601,0
2019-12-11,0.8678141832351685,1.3600000143051147,1.3799999952316284,1.3700000047683716,1.3799999952316284,6000
2019-12-12,0.8805761337280273,1.3799999952316284,1.3799999952316284,1.3799999952316284,1.350000023841858,14000
2019-12-13,0.8805761337280273,1.3799999952316284,1.3899999856948853,1.350000023841858,1.3799999952316284,58000
2019-12-16,0.8741950988769531,1.3700000047683716,1.3899999856948853,1.3700000047683716,1.3700000047683716,174000
2019-12-17,0.8741950988769531,1.3700000047683716,1.3899999856948853,1.3600000143051147,1.3600000143051147,160000
2019-12-18,0.8869571685791016,1.3899999856948853,1.409999966621399,1.3899999856948853,1.3899999856948853,186000
2019-12-19,0.8997191190719604,1.409999966621399,1.4900000095367432,1.399999976158142,1.399999976158142,492000
2019-12-20,0.8997191190719604,1.409999966621399,1.409999966621399,1.409999966621399,1.409999966621399,18000
2019-12-23,0.8869571685791016,1.3899999856948853,1.399999976158142,1.3899999856948853,1.399999976158142,106000
2019-12-24,0.9380050301551819,1.4700000286102295,1.4800000190734863,1.3799999952316284,1.3899999856948853,1044000
2019-12-27,0.9762908816337585,1.5299999713897705,1.5299999713897705,1.4500000476837158,1.4600000381469727,3260000
2019-12-30,0.9699099063873291,1.5199999809265137,1.5299999713897705,1.4800000190734863,1.5,1936000
2019-12-31,0.9571478962898254,1.5,1.5199999809265137,1.4199999570846558,1.5199999809265137,3518000
2020-01-02,0.8933380842208862,1.399999976158142,1.4900000095367432,1.3899999856948853,1.4600000381469727,1022000
2020-01-03,0.8805761337280273,1.3799999952316284,1.409999966621399,1.3799999952316284,1.399999976158142,908000
2020-01-06,0.8933380842208862,1.399999976158142,1.409999966621399,1.399999976158142,1.399999976158142,378000
2020-01-07,0.8933380842208862,1.399999976158142,1.409999966621399,1.3899999856948853,1.399999976158142,310000
2020-01-08,0.9124810695648193,1.4299999475479126,1.4299999475479126,1.4299999475479126,1.4299999475479126,4000
2020-01-09,0.8997191190719604,1.409999966621399,1.440000057220459,1.409999966621399,1.4299999475479126,152000
2020-01-10,0.8997191190719604,1.409999966621399,1.409999966621399,1.409999966621399,1.409999966621399,0
2020-01-13,0.9124810695648193,1.4299999475479126,1.440000057220459,1.409999966621399,1.409999966621399,46000
2020-01-14,0.9124810695648193,1.4299999475479126,1.4299999475479126,1.409999966621399,1.409999966621399,30000
2020-01-15,0.8933380842208862,1.399999976158142,1.399999976158142,1.3899999856948853,1.399999976158142,524000
2020-01-16,0.9124810695648193,1.4299999475479126,1.4299999475479126,1.3899999856948853,1.3899999856948853,182000
2020-01-17,0.9124810695648193,1.4299999475479126,1.4299999475479126,1.4299999475479126,1.4299999475479126,0
2020-01-20,0.8933380842208862,1.399999976158142,1.4299999475479126,1.399999976158142,1.399999976158142,214000
2020-01-21,0.8805761337280273,1.3799999952316284,1.409999966621399,1.3700000047683716,1.409999966621399,538000
2020-01-22,0.8805761337280273,1.3799999952316284,1.3899999856948853,1.3700000047683716,1.3899999856948853,320000
2020-01-23,0.8741950988769531,1.3700000047683716,1.399999976158142,1.3700000047683716,1.3799999952316284,150000
2020-01-24,0.8741950988769531,1.3700000047683716,1.3799999952316284,1.3700000047683716,1.3799999952316284,116000
2020-01-29,0.8103853464126587,1.2699999809265137,1.3799999952316284,1.2699999809265137,1.3700000047683716,556000
2020-01-30,0.8103853464126587,1.2699999809265137,1.2999999523162842,1.25,1.2999999523162842,626000
2020-01-31,0.8359091877937317,1.309999942779541,1.3200000524520874,1.2799999713897705,1.2799999713897705,82000
2020-02-03,0.8486712574958801,1.3300000429153442,1.3600000143051147,1.309999942779541,1.309999942779541,36000
2020-02-04,0.829528272151947,1.2999999523162842,1.340000033378601,1.2999999523162842,1.340000033378601,94000
2020-02-05,0.829528272151947,1.2999999523162842,1.2999999523162842,1.2999999523162842,1.2999999523162842,2000
2020-02-06,0.8678141832351685,1.3600000143051147,1.3799999952316284,1.350000023841858,1.3799999952316284,22000
2020-02-07,0.8678141832351685,1.3600000143051147,1.3600000143051147,1.3600000143051147,1.3600000143051147,0
2020-02-10,0.8422902822494507,1.3200000524520874,1.3799999952316284,1.2899999618530273,1.350000023841858,370000
2020-02-11,0.8550522327423096,1.340000033378601,1.3799999952316284,1.340000033378601,1.3700000047683716,40000
2020-02-12,0.8422902822494507,1.3200000524520874,1.340000033378601,1.3200000524520874,1.340000033378601,386000
2020-02-13,0.823147177696228,1.2899999618530273,1.3200000524520874,1.2899999618530273,1.3200000524520874,964000
2020-02-14,0.823147177696228,1.2899999618530273,1.340000033378601,1.2899999618530273,1.2999999523162842,586000
2020-02-17,0.8167662620544434,1.2799999713897705,1.309999942779541,1.2799999713897705,1.2799999713897705,967000
2020-02-18,0.823147177696228,1.2899999618530273,1.2899999618530273,1.2899999618530273,1.2899999618530273,14000
2020-02-19,0.8167662620544434,1.2799999713897705,1.309999942779541,1.2799999713897705,1.2899999618530273,46000
2020-02-20,0.8167662620544434,1.2799999713897705,1.309999942779541,1.2799999713897705,1.2899999618530273,66000
2020-02-21,0.823147177696228,1.2899999618530273,1.309999942779541,1.2799999713897705,1.2799999713897705,100000
2020-02-24,0.829528272151947,1.2999999523162842,1.2999999523162842,1.2599999904632568,1.2799999713897705,628000
2020-02-25,0.8040043711662292,1.2599999904632568,1.2899999618530273,1.2599999904632568,1.2899999618530273,144000
2020-02-26,0.8103853464126587,1.2699999809265137,1.2699999809265137,1.2699999809265137,1.2699999809265137,0
2020-02-27,0.797623336315155,1.25,1.2799999713897705,1.25,1.2799999713897705,484000
2020-02-28,0.7848613262176514,1.2300000190734863,1.2699999809265137,1.2300000190734863,1.25,260000
2020-03-02,0.7912424206733704,1.2400000095367432,1.2599999904632568,1.2300000190734863,1.2300000190734863,162000
2020-03-03,0.797623336315155,1.25,1.2799999713897705,1.25,1.2599999904632568,380000
2020-03-04,0.8103853464126587,1.2699999809265137,1.2799999713897705,1.25,1.2599999904632568,934000
2020-03-05,0.8167662620544434,1.2799999713897705,1.2999999523162842,1.2599999904632568,1.2799999713897705,540000
2020-03-06,0.797623336315155,1.25,1.2799999713897705,1.25,1.2699999809265137,704000
2020-03-09,0.7848613262176514,1.2300000190734863,1.25,1.2100000381469727,1.2400000095367432,436000
2020-03-10,0.7784804105758667,1.2200000286102295,1.2400000095367432,1.2000000476837158,1.2100000381469727,186000
2020-03-11,0.7784804105758667,1.2200000286102295,1.2400000095367432,1.2100000381469727,1.2100000381469727,152000
2020-03-12,0.7401944398880005,1.159999966621399,1.2300000190734863,1.149999976158142,1.2200000286102295,1368000
2020-03-13,0.7401944398880005,1.159999966621399,1.1799999475479126,1.1200000047683716,1.1399999856948853,746000
2020-03-16,0.6380986571311951,1.0,1.1399999856948853,0.9399999976158142,1.1399999856948853,1447000
2020-03-17,0.6317176818847656,0.9900000095367432,1.0099999904632568,0.9800000190734863,1.0,423000
2020-03-18,0.6508606672286987,1.0199999809265137,1.059999942779541,1.0199999809265137,1.0199999809265137,438000
2020-03-19,0.6380986571311951,1.0,1.0199999809265137,0.9800000190734863,1.0199999809265137,304000
2020-03-20,0.6636226177215576,1.0399999618530273,1.0399999618530273,1.0,1.0399999618530273,382000
2020-03-23,0.6380986571311951,1.0,1.0099999904632568,1.0,1.0,266000
2020-03-24,0.6444796323776245,1.0099999904632568,1.0499999523162842,0.9800000190734863,0.9800000190734863,462000
2020-03-25,0.6572415828704834,1.0299999713897705,1.0399999618530273,1.0099999904632568,1.0099999904632568,340000
2020-03-26,0.6572415828704834,1.0299999713897705,1.1100000143051147,1.0,1.0099999904632568,414000
2020-03-27,0.6891466379165649,1.0800000429153442,1.1200000047683716,1.059999942779541,1.100000023841858,676000
2020-03-30,0.6763845682144165,1.059999942779541,1.090000033378601,1.059999942779541,1.090000033378601,122000
2020-03-31,0.6700035929679871,1.0499999523162842,1.090000033378601,1.0499999523162842,1.059999942779541,460000
2020-04-01,0.6700035929679871,1.0499999523162842,1.100000023841858,1.0499999523162842,1.0700000524520874,720000
2020-04-02,0.6700035929679871,1.0499999523162842,1.0700000524520874,1.0399999618530273,1.0700000524520874,290000
2020-04-03,0.6891466379165649,1.0800000429153442,1.0800000429153442,1.0700000524520874,1.0700000524520874,210000
2020-04-06,0.6955276131629944,1.090000033378601,1.090000033378601,1.0800000429153442,1.0800000429153442,22000
2020-04-07,0.7146704792976379,1.1200000047683716,1.1299999952316284,1.090000033378601,1.100000023841858,234000
2020-04-08,0.6955276131629944,1.090000033378601,1.1399999856948853,1.090000033378601,1.1399999856948853,116000
2020-04-09,0.701908528804779,1.100000023841858,1.149999976158142,1.100000023841858,1.1299999952316284,674000
2020-04-14,0.7210514545440674,1.1299999952316284,1.1299999952316284,1.1100000143051147,1.1299999952316284,218000
2020-04-15,0.7082895636558533,1.1100000143051147,1.159999966621399,1.1100000143051147,1.1399999856948853,400000
2020-04-16,0.7146704792976379,1.1200000047683716,1.1399999856948853,1.100000023841858,1.1299999952316284,104000
2020-04-17,0.7274324893951416,1.1399999856948853,1.1399999856948853,1.1399999856948853,1.1399999856948853,10000
2020-04-20,0.7274324893951416,1.1399999856948853,1.149999976158142,1.1200000047683716,1.1200000047683716,124000
2020-04-21,0.6955276131629944,1.090000033378601,1.1200000047683716,1.090000033378601,1.100000023841858,328000
2020-04-22,0.7082895636558533,1.1100000143051147,1.1100000143051147,1.100000023841858,1.100000023841858,24000
2020-04-23,0.7082895636558533,1.1100000143051147,1.1399999856948853,1.100000023841858,1.149999976158142,336000
2020-04-24,0.7082895636558533,1.1100000143051147,1.1399999856948853,1.090000033378601,1.1299999952316284,160000
2020-04-27,0.701908528804779,1.100000023841858,1.1299999952316284,1.100000023841858,1.1299999952316284,240000
2020-04-28,0.701908528804779,1.100000023841858,1.149999976158142,1.090000033378601,1.1299999952316284,318000
2020-04-29,0.6955276131629944,1.090000033378601,1.100000023841858,1.0700000524520874,1.100000023841858,954000
2020-05-04,0.6827656030654907,1.0700000524520874,1.100000023841858,1.0299999713897705,1.090000033378601,1664000
2020-05-05,0.6827656030654907,1.0700000524520874,1.100000023841858,1.0499999523162842,1.100000023841858,492000
2020-05-06,0.6891466379165649,1.0800000429153442,1.0800000429153442,1.0499999523162842,1.059999942779541,224000
2020-05-07,0.6891466379165649,1.0800000429153442,1.090000033378601,1.0700000524520874,1.090000033378601,34000
2020-05-08,0.6891466379165649,1.0800000429153442,1.100000023841858,1.0800000429153442,1.100000023841858,78000
2020-05-11,0.701908528804779,1.100000023841858,1.100000023841858,1.0800000429153442,1.090000033378601,136000
2020-05-12,0.6827656030654907,1.0700000524520874,1.090000033378601,1.0700000524520874,1.0800000429153442,522000
2020-05-13,0.6891466379165649,1.0800000429153442,1.100000023841858,1.059999942779541,1.059999942779541,254000
2020-05-14,0.6763845682144165,1.059999942779541,1.0800000429153442,1.059999942779541,1.059999942779541,286000
2020-05-15,0.6827656030654907,1.0700000524520874,1.090000033378601,1.0700000524520874,1.0700000524520874,30000
2020-05-18,0.6763845682144165,1.059999942779541,1.090000033378601,1.059999942779541,1.090000033378601,220000
2020-05-19,0.6763845682144165,1.059999942779541,1.0800000429153442,1.059999942779541,1.0800000429153442,84000
2020-05-20,0.6891466379165649,1.0800000429153442,1.0800000429153442,1.0499999523162842,1.0499999523162842,582000
2020-05-21,0.6827656030654907,1.0700000524520874,1.100000023841858,1.0700000524520874,1.090000033378601,504000
2020-05-22,0.6572415828704834,1.0299999713897705,1.0700000524520874,1.0299999713897705,1.059999942779541,1074000
2020-05-25,0.6763845682144165,1.059999942779541,1.059999942779541,1.0299999713897705,1.0299999713897705,88000
2020-05-26,0.6700035929679871,1.0499999523162842,1.090000033378601,1.0399999618530273,1.0499999523162842,274000
2020-05-27,0.6700035929679871,1.0499999523162842,1.0499999523162842,1.0499999523162842,1.0499999523162842,0
2020-05-28,0.6636226177215576,1.0399999618530273,1.0700000524520874,1.0299999713897705,1.0499999523162842,286000
2020-05-29,0.6572415828704834,1.0299999713897705,1.0499999523162842,1.0199999809265137,1.0399999618530273,820000
2020-06-01,0.6508606672286987,1.0199999809265137,1.059999942779541,1.0199999809265137,1.0499999523162842,1016000
2020-06-02,0.6572415828704834,1.0299999713897705,1.0299999713897705,1.0199999809265137,1.0199999809265137,576000
2020-06-03,0.6572415828704834,1.0299999713897705,1.0399999618530273,1.0299999713897705,1.0299999713897705,100000
2020-06-04,0.6572415828704834,1.0299999713897705,1.059999942779541,1.0299999713897705,1.059999942779541,200000
2020-06-05,0.6508606672286987,1.0199999809265137,1.0700000524520874,1.0099999904632568,1.0499999523162842,2706000
2020-06-08,0.6380986571311951,1.0,1.0499999523162842,1.0,1.0499999523162842,5230050
2020-06-09,0.6380986571311951,1.0,1.0299999713897705,1.0,1.0299999713897705,4638000
2020-06-10,0.6444796323776245,1.0099999904632568,1.0199999809265137,1.0,1.0099999904632568,1534000
2020-06-11,0.6444796323776245,1.0099999904632568,1.0099999904632568,1.0,1.0099999904632568,438000
2020-06-12,0.6380986571311951,1.0,1.0099999904632568,0.9800000190734863,0.9900000095367432,1196000
2020-06-15,0.6380986571311951,1.0,1.0,0.9900000095367432,1.0,198000
2020-06-16,0.6317176818847656,0.9900000095367432,1.0099999904632568,0.9900000095367432,1.0099999904632568,466000
2020-06-17,0.6380986571311951,1.0,1.0099999904632568,1.0,1.0,424000
2020-06-18,0.6444796323776245,1.0099999904632568,1.0099999904632568,0.9900000095367432,1.0,4848000
2020-06-19,0.6380986571311951,1.0,1.0099999904632568,0.9900000095367432,1.0099999904632568,6124000
2020-06-22,0.6380986571311951,1.0,1.0099999904632568,1.0,1.0099999904632568,8966000
2020-06-23,0.6380986571311951,1.0,1.0099999904632568,0.9900000095367432,0.9900000095367432,2942000
2020-06-24,0.6827656030654907,1.0700000524520874,1.0700000524520874,1.0099999904632568,1.0099999904632568,100718000
2020-06-26,0.6636226177215576,1.0399999618530273,1.059999942779541,1.0399999618530273,1.0499999523162842,982000
2020-06-29,0.6572415828704834,1.0299999713897705,1.0700000524520874,1.0099999904632568,1.0399999618530273,1346000
2020-06-30,0.6636226177215576,1.0399999618530273,1.0499999523162842,1.0199999809265137,1.0299999713897705,34716000
2020-07-02,0.6827656030654907,1.0700000524520874,1.0800000429153442,1.059999942779541,1.059999942779541,3200000
2020-07-03,0.6827656030654907,1.0700000524520874,1.100000023841858,1.059999942779541,1.0800000429153442,864000
2020-07-06,0.7082895636558533,1.1100000143051147,1.1399999856948853,1.0700000524520874,1.0700000524520874,3788000
2020-07-07,0.7146704792976379,1.1200000047683716,1.1399999856948853,1.090000033378601,1.1399999856948853,1712000
2020-07-08,0.7465754151344299,1.1699999570846558,1.1699999570846558,1.1100000143051147,1.1100000143051147,1678000
2020-07-09,0.7529564499855042,1.1799999475479126,1.1799999475479126,1.159999966621399,1.159999966621399,404000
2020-07-10,0.733813464641571,1.149999976158142,1.1799999475479126,1.1299999952316284,1.159999966621399,1150000
2020-07-13,0.7465754151344299,1.1699999570846558,1.1699999570846558,1.1399999856948853,1.149999976158142,316000
2020-07-14,0.7210514545440674,1.1299999952316284,1.159999966621399,1.1200000047683716,1.1399999856948853,1458000
2020-07-15,0.7210514545440674,1.1299999952316284,1.159999966621399,1.1200000047683716,1.149999976158142,1456000
2020-07-16,0.6957818269729614,0.9800000190734863,1.0099999904632568,0.9800000190734863,1.0099999904632568,1138000
2020-07-17,0.6957818269729614,0.9800000190734863,1.0,0.9700000286102295,1.0,1425000
2020-07-20,0.724181056022644,1.0199999809265137,1.0199999809265137,0.9900000095367432,0.9900000095367432,424000
2020-07-21,0.724181056022644,1.0199999809265137,1.0299999713897705,0.9900000095367432,1.0199999809265137,302000
2020-07-22,0.724181056022644,1.0199999809265137,1.0299999713897705,1.0,1.0099999904632568,162000
2020-07-23,0.724181056022644,1.0199999809265137,1.0199999809265137,1.0099999904632568,1.0199999809265137,1182000
2020-07-24,0.7170812487602234,1.0099999904632568,1.0299999713897705,1.0,1.0099999904632568,1480000
2020-07-27,0.7170812487602234,1.0099999904632568,1.0199999809265137,1.0099999904632568,1.0099999904632568,604000
2020-07-28,0.724181056022644,1.0199999809265137,1.0399999618530273,1.0199999809265137,1.0199999809265137,1112000
2020-07-29,0.7099814414978027,1.0,1.0299999713897705,1.0,1.0099999904632568,739000
2020-07-30,0.7099814414978027,1.0,1.0199999809265137,0.9900000095367432,1.0,170000
2020-07-31,0.7312808632850647,1.0299999713897705,1.0299999713897705,1.0,1.0,912000
2020-08-03,0.7312808632850647,1.0299999713897705,1.0299999713897705,1.0299999713897705,1.0299999713897705,0
2020-08-04,0.7170812487602234,1.0099999904632568,1.0299999713897705,1.0099999904632568,1.0299999713897705,82000
2020-08-05,0.7170812487602234,1.0099999904632568,1.0099999904632568,1.0099999904632568,1.0099999904632568,228000
2020-08-06,0.7170812487602234,1.0099999904632568,1.0199999809265137,1.0,1.0,336000
2020-08-07,0.6744824051856995,0.949999988079071,1.0099999904632568,0.8999999761581421,1.0099999904632568,5445000
2020-08-10,0.7099814414978027,1.0,1.0,0.949999988079071,0.9700000286102295,624000
2020-08-11,0.7170812487602234,1.0099999904632568,1.0099999904632568,1.0,1.0,510000
2020-08-12,0.7312808632850647,1.0299999713897705,1.0299999713897705,1.0099999904632568,1.0099999904632568,158000
2020-08-13,0.7383806705474854,1.0399999618530273,1.0499999523162842,1.0199999809265137,1.0199999809265137,782000
2020-08-14,0.7454805374145508,1.0499999523162842,1.059999942779541,1.0399999618530273,1.0399999618530273,590000
2020-08-17,0.7667800188064575,1.0800000429153442,1.0800000429153442,1.059999942779541,1.059999942779541,646000
2020-08-18,0.8022790551185608,1.1299999952316284,1.159999966621399,1.059999942779541,1.0800000429153442,2432000
2020-08-19,0.8164786100387573,1.149999976158142,1.149999976158142,1.1299999952316284,1.149999976158142,508000
2020-08-20,0.8093788027763367,1.1399999856948853,1.149999976158142,1.1100000143051147,1.149999976158142,1239000
2020-08-21,0.8164786100387573,1.149999976158142,1.159999966621399,1.1399999856948853,1.149999976158142,512000
2020-08-24,0.8306782245635986,1.1699999570846558,1.190000057220459,1.149999976158142,1.190000057220459,830000
2020-08-25,0.8164786100387573,1.149999976158142,1.2000000476837158,1.149999976158142,1.190000057220459,404000
2020-08-26,0.8448779582977295,1.190000057220459,1.2000000476837158,1.159999966621399,1.190000057220459,572000
2020-08-27,0.8235784769058228,1.159999966621399,1.2000000476837158,1.159999966621399,1.2000000476837158,452000
2020-08-28,0.8235784769058228,1.159999966621399,1.1699999570846558,1.1399999856948853,1.159999966621399,490000
2020-08-31,0.8235784769058228,1.159999966621399,1.190000057220459,1.159999966621399,1.1699999570846558,332000
2020-09-01,0.8093788027763367,1.1399999856948853,1.1799999475479126,1.1299999952316284,1.159999966621399,936000
2020-09-02,0.8022790551185608,1.1299999952316284,1.1399999856948853,1.1299999952316284,1.1399999856948853,206000
2020-09-03,0.8093788027763367,1.1399999856948853,1.1399999856948853,1.1100000143051147,1.1299999952316284,576000
2020-09-04,0.7880793809890747,1.1100000143051147,1.1399999856948853,1.100000023841858,1.1399999856948853,372000
2020-09-07,0.8164786100387573,1.149999976158142,1.1799999475479126,1.1299999952316284,1.1399999856948853,1014000
2020-09-08,0.8377780318260193,1.1799999475479126,1.2100000381469727,1.1699999570846558,1.1799999475479126,452000
2020-09-09,0.8235784769058228,1.159999966621399,1.159999966621399,1.1399999856948853,1.149999976158142,28000
2020-09-10,0.8377780318260193,1.1799999475479126,1.2100000381469727,1.1799999475479126,1.1799999475479126,1084000
2020-09-11,0.8377780318260193,1.1799999475479126,1.1799999475479126,1.1799999475479126,1.1799999475479126,188000
2020-09-14,0.8377780318260193,1.1799999475479126,1.2000000476837158,1.1799999475479126,1.1799999475479126,126000
2020-09-15,0.8377780318260193,1.1799999475479126,1.1799999475479126,1.1799999475479126,1.1799999475479126,0
2020-09-16,0.8732772469520569,1.2300000190734863,1.2300000190734863,1.2000000476837158,1.2000000476837158,408000
2020-09-17,0.8448779582977295,1.190000057220459,1.2000000476837158,1.190000057220459,1.2000000476837158,30000
2020-09-18,0.8519778251647949,1.2000000476837158,1.2000000476837158,1.190000057220459,1.2000000476837158,504000
2020-09-21,0.8448779582977295,1.190000057220459,1.2000000476837158,1.190000057220459,1.2000000476837158,556000
2020-09-22,0.8448779582977295,1.190000057220459,1.190000057220459,1.190000057220459,1.190000057220459,156000
2020-09-23,0.8377780318260193,1.1799999475479126,1.190000057220459,1.1699999570846558,1.1799999475479126,474000
2020-09-24,0.8235784769058228,1.159999966621399,1.1799999475479126,1.149999976158142,1.1799999475479126,770000
2020-09-25,0.8164786100387573,1.149999976158142,1.2000000476837158,1.1399999856948853,1.2000000476837158,34000
2020-09-28,0.8164786100387573,1.149999976158142,1.2000000476837158,1.1399999856948853,1.1699999570846558,100000
2020-09-29,0.8164786100387573,1.149999976158142,1.149999976158142,1.149999976158142,1.149999976158142,12000
2020-09-30,0.8164786100387573,1.149999976158142,1.149999976158142,1.149999976158142,1.149999976158142,0
2020-10-05,0.8164786100387573,1.149999976158142,1.1699999570846558,1.1299999952316284,1.149999976158142,604000
2020-10-06,0.8235784769058228,1.159999966621399,1.1799999475479126,1.1299999952316284,1.159999966621399,558000
2020-10-07,0.8164786100387573,1.149999976158142,1.159999966621399,1.149999976158142,1.159999966621399,300000
2020-10-08,0.8235784769058228,1.159999966621399,1.1699999570846558,1.159999966621399,1.149999976158142,630000
2020-10-09,0.8164786100387573,1.149999976158142,1.1699999570846558,1.149999976158142,1.1699999570846558,154000
2020-10-12,0.8377780318260193,1.1799999475479126,1.2000000476837158,1.159999966621399,1.159999966621399,358000
2020-10-14,0.8448779582977295,1.190000057220459,1.2000000476837158,1.190000057220459,1.190000057220459,424000
2020-10-15,0.8306782245635986,1.1699999570846558,1.190000057220459,1.1699999570846558,1.190000057220459,780000
2020-10-16,0.8306782245635986,1.1699999570846558,1.1699999570846558,1.1699999570846558,1.1699999570846558,2000
2020-10-19,0.8306782245635986,1.1699999570846558,1.1699999570846558,1.159999966621399,1.159999966621399,830000
2020-10-20,0.8306782245635986,1.1699999570846558,1.1699999570846558,1.1699999570846558,1.1699999570846558,200000
2020-10-21,0.8377780318260193,1.1799999475479126,1.1799999475479126,1.1699999570846558,1.1699999570846558,264000
2020-10-22,0.8306782245635986,1.1699999570846558,1.1699999570846558,1.1699999570846558,1.1699999570846558,20000
2020-10-23,0.8306782245635986,1.1699999570846558,1.1699999570846558,1.1699999570846558,1.1699999570846558,0
2020-10-27,0.8164786100387573,1.149999976158142,1.1699999570846558,1.149999976158142,1.159999966621399,362000
2020-10-28,0.8093788027763367,1.1399999856948853,1.1399999856948853,1.1299999952316284,1.1299999952316284,72000
2020-10-29,0.8164786100387573,1.149999976158142,1.149999976158142,1.1299999952316284,1.1299999952316284,60000
2020-10-30,0.8164786100387573,1.149999976158142,1.159999966621399,1.149999976158142,1.149999976158142,117000
2020-11-02,0.7951792478561401,1.1200000047683716,1.149999976158142,1.1200000047683716,1.149999976158142,302000
2020-11-03,0.8164786100387573,1.149999976158142,1.149999976158142,1.149999976158142,1.149999976158142,0
2020-11-04,0.7951792478561401,1.1200000047683716,1.1299999952316284,1.1200000047683716,1.1299999952316284,94000
2020-11-05,0.7951792478561401,1.1200000047683716,1.149999976158142,1.1200000047683716,1.149999976158142,438000
2020-11-06,0.8093788027763367,1.1399999856948853,1.1399999856948853,1.1399999856948853,1.1399999856948853,0
2020-11-09,0.8164786100387573,1.149999976158142,1.1699999570846558,1.1399999856948853,1.1399999856948853,382000
2020-11-10,0.8235784769058228,1.159999966621399,1.1699999570846558,1.149999976158142,1.159999966621399,234000
2020-11-11,0.8235784769058228,1.159999966621399,1.1799999475479126,1.159999966621399,1.159999966621399,206000
2020-11-12,0.8306782245635986,1.1699999570846558,1.1799999475479126,1.1699999570846558,1.1799999475479126,98000
2020-11-13,0.8235784769058228,1.159999966621399,1.190000057220459,1.149999976158142,1.149999976158142,326000
2020-11-16,0.8235784769058228,1.159999966621399,1.159999966621399,1.159999966621399,1.159999966621399,0
2020-11-17,0.8377780318260193,1.1799999475479126,1.2000000476837158,1.1799999475479126,1.190000057220459,198000
2020-11-18,0.8377780318260193,1.1799999475479126,1.1799999475479126,1.1799999475479126,1.1799999475479126,22000
2020-11-19,0.8448779582977295,1.190000057220459,1.190000057220459,1.190000057220459,1.190000057220459,628000
2020-11-20,0.8377780318260193,1.1799999475479126,1.1799999475479126,1.1799999475479126,1.1799999475479126,4000
2020-11-23,0.8235784769058228,1.159999966621399,1.1799999475479126,1.159999966621399,1.1799999475479126,294000
2020-11-24,0.8377780318260193,1.1799999475479126,1.190000057220459,1.1699999570846558,1.190000057220459,22000
2020-11-25,0.8235784769058228,1.159999966621399,1.1799999475479126,1.159999966621399,1.1799999475479126,114000
2020-11-26,0.8164786100387573,1.149999976158142,1.159999966621399,1.149999976158142,1.159999966621399,494000
2020-11-27,0.8235784769058228,1.159999966621399,1.1699999570846558,1.159999966621399,1.1699999570846558,254000
2020-11-30,0.8235784769058228,1.159999966621399,1.159999966621399,1.159999966621399,1.159999966621399,228000
2020-12-01,0.8235784769058228,1.159999966621399,1.159999966621399,1.159999966621399,1.159999966621399,38000
2020-12-02,0.8235784769058228,1.159999966621399,1.1699999570846558,1.149999976158142,1.149999976158142,652000
2020-12-03,0.8306782245635986,1.1699999570846558,1.1699999570846558,1.149999976158142,1.159999966621399,80000
2020-12-04,0.8164786100387573,1.149999976158142,1.159999966621399,1.149999976158142,1.159999966621399,16000
2020-12-07,0.8164786100387573,1.149999976158142,1.149999976158142,1.149999976158142,1.149999976158142,66000
2020-12-08,0.8164786100387573,1.149999976158142,1.149999976158142,1.1299999952316284,1.149999976158142,86000
2020-12-09,0.8093788027763367,1.1399999856948853,1.190000057220459,1.1399999856948853,1.190000057220459,308000
2020-12-10,0.8093788027763367,1.1399999856948853,1.1699999570846558,1.1399999856948853,1.149999976158142,122000
2020-12-11,0.8093788027763367,1.1399999856948853,1.149999976158142,1.1299999952316284,1.1399999856948853,228000
2020-12-14,0.8093788027763367,1.1399999856948853,1.1399999856948853,1.1299999952316284,1.1299999952316284,36000
2020-12-15,0.8093788027763367,1.1399999856948853,1.1399999856948853,1.1399999856948853,1.1399999856948853,0
2020-12-16,0.8164786100387573,1.149999976158142,1.159999966621399,1.149999976158142,1.159999966621399,36000
2020-12-17,0.8377780318260193,1.1799999475479126,1.1799999475479126,1.149999976158142,1.149999976158142,1540000
2020-12-18,0.8377780318260193,1.1799999475479126,1.190000057220459,1.1799999475479126,1.190000057220459,358000
2020-12-21,0.8235784769058228,1.159999966621399,1.159999966621399,1.159999966621399,1.159999966621399,102000
2020-12-22,0.8306782245635986,1.1699999570846558,1.1699999570846558,1.1699999570846558,1.1699999570846558,110000
2020-12-23,0.8164786100387573,1.149999976158142,1.159999966621399,1.1399999856948853,1.159999966621399,3236000
2020-12-24,0.8164786100387573,1.149999976158142,1.149999976158142,1.149999976158142,1.149999976158142,0
2020-12-28,0.8093788027763367,1.1399999856948853,1.1699999570846558,1.1399999856948853,1.149999976158142,170000
2020-12-29,0.8164786100387573,1.149999976158142,1.1699999570846558,1.149999976158142,1.159999966621399,100000
2020-12-30,0.8164786100387573,1.149999976158142,1.149999976158142,1.1399999856948853,1.149999976158142,152000
2020-12-31,0.8164786100387573,1.149999976158142,1.149999976158142,1.149999976158142,1.149999976158142,0
2021-01-04,0.8022790551185608,1.1299999952316284,1.1399999856948853,1.1200000047683716,1.1399999856948853,242000
2021-01-05,0.7951792478561401,1.1200000047683716,1.1399999856948853,1.1100000143051147,1.1200000047683716,296000
2021-01-06,0.7667800188064575,1.0800000429153442,1.100000023841858,1.0700000524520874,1.100000023841858,1148000
2021-01-07,0.7525802850723267,1.059999942779541,1.0800000429153442,1.0499999523162842,1.0800000429153442,848000
2021-01-08,0.7383806705474854,1.0399999618530273,1.0800000429153442,1.0299999713897705,1.0800000429153442,1522000
2021-01-11,0.7383806705474854,1.0399999618530273,1.059999942779541,1.0399999618530273,1.0499999523162842,400000
2021-01-12,0.7596802115440369,1.0700000524520874,1.0800000429153442,1.0499999523162842,1.0499999523162842,528000
2021-01-13,0.7525802850723267,1.059999942779541,1.059999942779541,1.0499999523162842,1.059999942779541,284000
2021-01-14,0.7667800188064575,1.0800000429153442,1.0800000429153442,1.0800000429153442,1.0800000429153442,0
2021-01-15,0.7809796333312988,1.100000023841858,1.1200000047683716,1.090000033378601,1.090000033378601,420000
2021-01-18,0.7951792478561401,1.1200000047683716,1.1200000047683716,1.1100000143051147,1.1100000143051147,142000
2021-01-19,0.7951792478561401,1.1200000047683716,1.1200000047683716,1.100000023841858,1.1200000047683716,66000
2021-01-20,0.8022790551185608,1.1299999952316284,1.159999966621399,1.1200000047683716,1.1200000047683716,800000
2021-01-21,0.8093788027763367,1.1399999856948853,1.1699999570846558,1.1299999952316284,1.1699999570846558,134000
2021-01-22,0.7951792478561401,1.1200000047683716,1.159999966621399,1.1100000143051147,1.159999966621399,772000
2021-01-25,0.8164786100387573,1.149999976158142,1.149999976158142,1.100000023841858,1.1100000143051147,528000
2021-01-26,0.7880793809890747,1.1100000143051147,1.149999976158142,1.1100000143051147,1.149999976158142,1232000
2021-01-27,0.7880793809890747,1.1100000143051147,1.149999976158142,1.1100000143051147,1.1399999856948853,644000
2021-01-28,0.7809796333312988,1.100000023841858,1.1100000143051147,1.090000033378601,1.100000023841858,624000
2021-01-29,0.773879885673523,1.090000033378601,1.100000023841858,1.090000033378601,1.100000023841858,268000
2021-02-01,0.7809796333312988,1.100000023841858,1.1200000047683716,1.0800000429153442,1.0800000429153442,216000
2021-02-02,0.7809796333312988,1.100000023841858,1.1200000047683716,1.090000033378601,1.100000023841858,712000
2021-02-03,0.7809796333312988,1.100000023841858,1.100000023841858,1.0700000524520874,1.100000023841858,562000
2021-02-04,0.7809796333312988,1.100000023841858,1.100000023841858,1.100000023841858,1.100000023841858,0
2021-02-05,0.7809796333312988,1.100000023841858,1.100000023841858,1.0800000429153442,1.100000023841858,236000
2021-02-08,0.7667800188064575,1.0800000429153442,1.100000023841858,1.0800000429153442,1.090000033378601,940000
2021-02-09,0.7667800188064575,1.0800000429153442,1.090000033378601,1.0700000524520874,1.0800000429153442,542000
2021-02-10,0.7525802850723267,1.059999942779541,1.090000033378601,1.059999942779541,1.0800000429153442,798000
2021-02-11,0.7454805374145508,1.0499999523162842,1.0499999523162842,1.0499999523162842,1.0499999523162842,0
2021-02-16,0.7596802115440369,1.0700000524520874,1.090000033378601,1.059999942779541,1.059999942779541,566000
2021-02-17,0.7667800188064575,1.0800000429153442,1.100000023841858,1.0800000429153442,1.0800000429153442,1002000
2021-02-18,0.7667800188064575,1.0800000429153442,1.1200000047683716,1.0700000524520874,1.090000033378601,1010000
2021-02-19,0.7667800188064575,1.0800000429153442,1.1100000143051147,1.0800000429153442,1.0800000429153442,604000
2021-02-22,0.773879885673523,1.090000033378601,1.1799999475479126,1.0800000429153442,1.0800000429153442,1623000
2021-02-23,0.8590776324272156,1.2100000381469727,1.2899999618530273,1.090000033378601,1.100000023841858,6098000
2021-02-24,0.8519778251647949,1.2000000476837158,1.25,1.149999976158142,1.2100000381469727,3606000
2021-02-25,0.8235784769058228,1.159999966621399,1.25,1.159999966621399,1.2100000381469727,1760000
2021-02-26,0.773879885673523,1.090000033378601,1.2000000476837158,1.090000033378601,1.1799999475479126,7958000
2021-03-01,0.8306782245635986,1.1699999570846558,1.2000000476837158,1.1100000143051147,1.1299999952316284,1342000
2021-03-02,0.8235784769058228,1.159999966621399,1.1799999475479126,1.149999976158142,1.1699999570846558,2056000
2021-03-03,0.8235784769058228,1.159999966621399,1.1799999475479126,1.149999976158142,1.1699999570846558,780000
2021-03-04,0.8164786100387573,1.149999976158142,1.159999966621399,1.1200000047683716,1.159999966621399,908000
2021-03-05,0.8022790551185608,1.1299999952316284,1.1799999475479126,1.1299999952316284,1.1799999475479126,686000
2021-03-08,0.8093788027763367,1.1399999856948853,1.159999966621399,1.1399999856948853,1.1399999856948853,724000
2021-03-09,0.8164786100387573,1.149999976158142,1.159999966621399,1.1299999952316284,1.159999966621399,1191000
2021-03-10,0.8164786100387573,1.149999976158142,1.1699999570846558,1.1399999856948853,1.1699999570846558,624000
2021-03-11,0.8093788027763367,1.1399999856948853,1.159999966621399,1.1399999856948853,1.159999966621399,696000
2021-03-12,0.8093788027763367,1.1399999856948853,1.1799999475479126,1.1399999856948853,1.149999976158142,910000
2021-03-15,0.8093788027763367,1.1399999856948853,1.1799999475479126,1.1399999856948853,1.149999976158142,978000
2021-03-16,0.8235784769058228,1.159999966621399,1.1699999570846558,1.1399999856948853,1.1699999570846558,684000
2021-03-17,0.8306782245635986,1.1699999570846558,1.1799999475479126,1.149999976158142,1.1699999570846558,1944000
2021-03-18,0.8306782245635986,1.1699999570846558,1.190000057220459,1.159999966621399,1.1699999570846558,470000
2021-03-19,0.8235784769058228,1.159999966621399,1.1699999570846558,1.149999976158142,1.159999966621399,418000
2021-03-22,0.8306782245635986,1.1699999570846558,1.1799999475479126,1.159999966621399,1.149999976158142,1222000
2021-03-23,0.8306782245635986,1.1699999570846558,1.190000057220459,1.1699999570846558,1.1799999475479126,1122000
2021-03-24,0.8164786100387573,1.149999976158142,1.1699999570846558,1.1299999952316284,1.159999966621399,1278000
2021-03-25,0.8164786100387573,1.149999976158142,1.159999966621399,1.1299999952316284,1.159999966621399,560000
2021-03-26,0.8164786100387573,1.149999976158142,1.159999966621399,1.1399999856948853,1.149999976158142,414000
2021-03-29,0.8164786100387573,1.149999976158142,1.1799999475479126,1.149999976158142,1.159999966621399,1202000
2021-03-30,0.8306782245635986,1.1699999570846558,1.1799999475479126,1.149999976158142,1.149999976158142,616000
2021-03-31,0.7951792478561401,1.1200000047683716,1.1699999570846558,1.1100000143051147,1.1699999570846558,2968000
2021-04-01,0.7951792478561401,1.1200000047683716,1.1299999952316284,1.1200000047683716,1.1299999952316284,684000
2021-04-07,0.8022790551185608,1.1299999952316284,1.149999976158142,1.1299999952316284,1.1399999856948853,780000
2021-04-08,0.8093788027763367,1.1399999856948853,1.149999976158142,1.1200000047683716,1.1200000047683716,690000
2021-04-09,0.8022790551185608,1.1299999952316284,1.1399999856948853,1.1100000143051147,1.1299999952316284,2170000
2021-04-12,0.8093788027763367,1.1399999856948853,1.1399999856948853,1.1200000047683716,1.1299999952316284,692000
2021-04-13,0.8022790551185608,1.1299999952316284,1.1399999856948853,1.1100000143051147,1.1399999856948853,1414000
2021-04-14,0.8022790551185608,1.1299999952316284,1.1299999952316284,1.1100000143051147,1.1299999952316284,688000
2021-04-15,0.8022790551185608,1.1299999952316284,1.1299999952316284,1.1100000143051147,1.1299999952316284,540000
2021-04-16,0.8093788027763367,1.1399999856948853,1.1399999856948853,1.1100000143051147,1.1299999952316284,442000
2021-04-19,0.8093788027763367,1.1399999856948853,1.1399999856948853,1.1299999952316284,1.1399999856948853,448000
2021-04-20,0.8164786100387573,1.149999976158142,1.149999976158142,1.1200000047683716,1.1200000047683716,228000
2021-04-21,0.8093788027763367,1.1399999856948853,1.1399999856948853,1.1200000047683716,1.1299999952316284,222000
2021-04-22,0.8022790551185608,1.1299999952316284,1.149999976158142,1.1200000047683716,1.1399999856948853,402000
2021-04-23,0.8022790551185608,1.1299999952316284,1.149999976158142,1.1200000047683716,1.1399999856948853,408000
2021-04-26,0.7951792478561401,1.1200000047683716,1.149999976158142,1.1200000047683716,1.1299999952316284,690000
2021-04-27,0.7951792478561401,1.1200000047683716,1.1299999952316284,1.1200000047683716,1.1299999952316284,576000
2021-04-28,0.8022790551185608,1.1299999952316284,1.1399999856948853,1.1200000047683716,1.1200000047683716,442000
2021-04-29,0.8093788027763367,1.1399999856948853,1.1699999570846558,1.1399999856948853,1.1399999856948853,828000
2021-04-30,0.8093788027763367,1.1399999856948853,1.149999976158142,1.1399999856948853,1.1399999856948853,440000
2021-05-03,0.8306782245635986,1.1699999570846558,1.1699999570846558,1.1399999856948853,1.1399999856948853,904000
2021-05-04,0.8377780318260193,1.1799999475479126,1.2000000476837158,1.1699999570846558,1.1799999475479126,3290000
2021-05-05,0.8590776324272156,1.2100000381469727,1.2899999618530273,1.1699999570846558,1.1699999570846558,10828000
2021-05-06,0.8661773800849915,1.2200000286102295,1.2599999904632568,1.190000057220459,1.2100000381469727,2432000
2021-05-07,0.8519778251647949,1.2000000476837158,1.2599999904632568,1.190000057220459,1.2400000095367432,2458000
2021-05-10,0.8590776324272156,1.2100000381469727,1.2599999904632568,1.190000057220459,1.2200000286102295,1414000
2021-05-11,0.8306782245635986,1.1699999570846558,1.2100000381469727,1.159999966621399,1.2000000476837158,1326000
2021-05-12,0.8448779582977295,1.190000057220459,1.190000057220459,1.159999966621399,1.1799999475479126,952000
2021-05-13,0.8306782245635986,1.1699999570846558,1.25,1.159999966621399,1.1699999570846558,1154000
2021-05-14,0.8093788027763367,1.1399999856948853,1.1799999475479126,1.090000033378601,1.1699999570846558,3896000
2021-05-17,0.8164786100387573,1.149999976158142,1.159999966621399,1.1299999952316284,1.1399999856948853,820000
2021-05-18,0.8164786100387573,1.149999976158142,1.149999976158142,1.1299999952316284,1.1299999952316284,1044000
2021-05-20,0.8022790551185608,1.1299999952316284,1.149999976158142,1.1299999952316284,1.1399999856948853,1274000
2021-05-21,0.8093788027763367,1.1399999856948853,1.1399999856948853,1.1299999952316284,1.1299999952316284,704000
2021-05-24,0.8093788027763367,1.1399999856948853,1.159999966621399,1.1299999952316284,1.1399999856948853,1024000
2021-05-25,0.8093788027763367,1.1399999856948853,1.149999976158142,1.1299999952316284,1.1399999856948853,1208000
2021-05-26,0.8093788027763367,1.1399999856948853,1.159999966621399,1.1299999952316284,1.149999976158142,1232000
2021-05-27,0.8306782245635986,1.1699999570846558,1.1699999570846558,1.1399999856948853,1.1399999856948853,1140000
2021-05-28,0.8093788027763367,1.1399999856948853,1.159999966621399,1.1399999856948853,1.149999976158142,884000
2021-05-31,0.8235784769058228,1.159999966621399,1.1699999570846558,1.1399999856948853,1.149999976158142,1058000
2021-06-01,0.8164786100387573,1.149999976158142,1.1699999570846558,1.149999976158142,1.159999966621399,570000
2021-06-02,0.8235784769058228,1.159999966621399,1.1699999570846558,1.149999976158142,1.149999976158142,1058000
2021-06-03,0.8235784769058228,1.159999966621399,1.1799999475479126,1.159999966621399,1.1799999475479126,896000
2021-06-04,0.8306782245635986,1.1699999570846558,1.190000057220459,1.159999966621399,1.1699999570846558,884000
2021-06-07,0.8519778251647949,1.2000000476837158,1.2000000476837158,1.1799999475479126,1.190000057220459,392000
2021-06-08,0.8448779582977295,1.190000057220459,1.2200000286102295,1.1799999475479126,1.2200000286102295,1132000
2021-06-09,0.8377780318260193,1.1799999475479126,1.2000000476837158,1.159999966621399,1.2000000476837158,964000
2021-06-10,0.8377780318260193,1.1799999475479126,1.2000000476837158,1.1699999570846558,1.1799999475479126,890000
2021-06-11,0.8377780318260193,1.1799999475479126,1.2000000476837158,1.1799999475479126,1.2000000476837158,562000
2021-06-15,0.8306782245635986,1.1699999570846558,1.1799999475479126,1.149999976158142,1.1699999570846558,954000
2021-06-16,0.8164786100387573,1.149999976158142,1.1699999570846558,1.149999976158142,1.1699999570846558,518000
2021-06-17,0.8235784769058228,1.159999966621399,1.159999966621399,1.1399999856948853,1.159999966621399,816000
2021-06-18,0.8164786100387573,1.149999976158142,1.149999976158142,1.1399999856948853,1.149999976158142,1194000
2021-06-21,0.8235784769058228,1.159999966621399,1.1799999475479126,1.1399999856948853,1.149999976158142,1004000
2021-06-22,0.8235784769058228,1.159999966621399,1.1799999475479126,1.149999976158142,1.1799999475479126,606000
2021-06-23,0.8306782245635986,1.1699999570846558,1.1799999475479126,1.159999966621399,1.1699999570846558,650000
2021-06-24,0.8235784769058228,1.159999966621399,1.1799999475479126,1.159999966621399,1.1699999570846558,1024000
2021-06-25,0.8306782245635986,1.1699999570846558,1.2000000476837158,1.1699999570846558,1.1799999475479126,1210000
2021-06-28,0.8377780318260193,1.1799999475479126,1.2000000476837158,1.1699999570846558,1.190000057220459,378000
2021-06-29,0.8448779582977295,1.190000057220459,1.2200000286102295,1.1799999475479126,1.1799999475479126,1290000
2021-06-30,0.8519778251647949,1.2000000476837158,1.2000000476837158,1.190000057220459,1.2000000476837158,1022000
2021-07-02,0.8697600364685059,1.1299999952316284,1.159999966621399,1.1100000143051147,1.1200000047683716,2368000
2021-07-05,0.8620631098747253,1.1200000047683716,1.1299999952316284,1.1200000047683716,1.1299999952316284,356000
2021-07-06,0.8543660640716553,1.1100000143051147,1.1200000047683716,1.100000023841858,1.1100000143051147,876000
2021-07-07,0.8466691374778748,1.100000023841858,1.1100000143051147,1.100000023841858,1.100000023841858,652000
2021-07-08,0.8466691374778748,1.100000023841858,1.100000023841858,1.090000033378601,1.100000023841858,408000
2021-07-09,0.8466691374778748,1.100000023841858,1.100000023841858,1.090000033378601,1.090000033378601,670000
2021-07-12,0.8620631098747253,1.1200000047683716,1.1399999856948853,1.100000023841858,1.100000023841858,158000
2021-07-13,0.8620631098747253,1.1200000047683716,1.1299999952316284,1.100000023841858,1.1100000143051147,816000
2021-07-14,0.8466691374778748,1.100000023841858,1.100000023841858,1.100000023841858,1.100000023841858,230000
2021-07-15,0.8466691374778748,1.100000023841858,1.100000023841858,1.090000033378601,1.100000023841858,436000
2021-07-16,0.8466691374778748,1.100000023841858,1.100000023841858,1.090000033378601,1.090000033378601,170000
2021-07-19,0.8389722108840942,1.090000033378601,1.100000023841858,1.090000033378601,1.100000023841858,870000
2021-07-20,0.8312751650810242,1.0800000429153442,1.0800000429153442,1.0800000429153442,1.0800000429153442,312000
2021-07-21,0.8312751650810242,1.0800000429153442,1.0800000429153442,1.0700000524520874,1.0800000429153442,244000
2021-07-22,0.8235781788825989,1.0700000524520874,1.100000023841858,1.0700000524520874,1.0800000429153442,1230000
2021-07-23,0.8081841468811035,1.0499999523162842,1.0700000524520874,1.0499999523162842,1.0700000524520874,1074000
2021-07-26,0.8158811330795288,1.059999942779541,1.0700000524520874,1.0399999618530273,1.0700000524520874,532000
2021-07-27,0.8081841468811035,1.0499999523162842,1.059999942779541,1.0199999809265137,1.0499999523162842,954000
2021-07-28,0.8004871606826782,1.0399999618530273,1.059999942779541,1.0399999618530273,1.0499999523162842,766000
2021-07-29,0.8235781788825989,1.0700000524520874,1.0700000524520874,1.0199999809265137,1.0499999523162842,884000
2021-07-30,0.8235781788825989,1.0700000524520874,1.0700000524520874,1.0399999618530273,1.0499999523162842,1082000
2021-08-02,0.8235781788825989,1.0700000524520874,1.0700000524520874,1.0499999523162842,1.0700000524520874,494000
2021-08-03,0.8235781788825989,1.0700000524520874,1.100000023841858,1.0700000524520874,1.090000033378601,148000
2021-08-04,0.8312751650810242,1.0800000429153442,1.1100000143051147,1.0800000429153442,1.090000033378601,226000
2021-08-05,0.8466691374778748,1.100000023841858,1.1100000143051147,1.100000023841858,1.100000023841858,244000
2021-08-06,0.8543660640716553,1.1100000143051147,1.1100000143051147,1.100000023841858,1.100000023841858,404000
2021-08-09,0.8543660640716553,1.1100000143051147,1.1100000143051147,1.0800000429153442,1.1100000143051147,380000
2021-08-10,0.8466691374778748,1.100000023841858,1.1100000143051147,1.0800000429153442,1.1100000143051147,500000
2021-08-11,0.8620631098747253,1.1200000047683716,1.159999966621399,1.100000023841858,1.1399999856948853,1256000
2021-08-12,0.8697600364685059,1.1299999952316284,1.149999976158142,1.1200000047683716,1.1200000047683716,1662000
2021-08-13,0.8620631098747253,1.1200000047683716,1.149999976158142,1.1200000047683716,1.1299999952316284,742000
2021-08-16,0.8543660640716553,1.1100000143051147,1.1299999952316284,1.100000023841858,1.1200000047683716,1026000
2021-08-17,0.8389722108840942,1.090000033378601,1.1200000047683716,1.090000033378601,1.1200000047683716,540000
2021-08-18,0.8389722108840942,1.090000033378601,1.1100000143051147,1.090000033378601,1.100000023841858,786000
2021-08-19,0.8312751650810242,1.0800000429153442,1.100000023841858,1.0700000524520874,1.090000033378601,746000
2021-08-20,0.8158811330795288,1.059999942779541,1.0800000429153442,1.0499999523162842,1.0800000429153442,984000
2021-08-23,0.8158811330795288,1.059999942779541,1.100000023841858,1.059999942779541,1.0800000429153442,704000
2021-08-24,0.8235781788825989,1.0700000524520874,1.090000033378601,1.0700000524520874,1.0800000429153442,554000
2021-08-25,0.8389722108840942,1.090000033378601,1.100000023841858,1.0700000524520874,1.090000033378601,716000
2021-08-26,0.8235781788825989,1.0700000524520874,1.100000023841858,1.0700000524520874,1.090000033378601,816000
2021-08-27,0.8235781788825989,1.0700000524520874,1.090000033378601,1.0700000524520874,1.0800000429153442,478000
2021-08-30,0.8466691374778748,1.100000023841858,1.1100000143051147,1.0800000429153442,1.0800000429153442,644000
2021-08-31,0.8312751650810242,1.0800000429153442,1.100000023841858,1.059999942779541,1.100000023841858,1932000
2021-09-01,0.8235781788825989,1.0700000524520874,1.090000033378601,1.0700000524520874,1.090000033378601,1612000
2021-09-02,0.8158811330795288,1.059999942779541,1.0800000429153442,1.059999942779541,1.0700000524520874,1256000
2021-09-03,0.8312751650810242,1.0800000429153442,1.090000033378601,1.0700000524520874,1.0700000524520874,1630000
2021-09-06,0.8774570822715759,1.1399999856948853,1.149999976158142,1.090000033378601,1.100000023841858,2524000
2021-09-07,0.8774570822715759,1.1399999856948853,1.190000057220459,1.1399999856948853,1.190000057220459,1156000
2021-09-08,0.8697600364685059,1.1299999952316284,1.159999966621399,1.1100000143051147,1.149999976158142,1342000
2021-09-09,0.8543660640716553,1.1100000143051147,1.1299999952316284,1.1100000143051147,1.1100000143051147,1614000
2021-09-10,0.8697600364685059,1.1299999952316284,1.1399999856948853,1.1200000047683716,1.1200000047683716,576000
2021-09-13,0.8697600364685059,1.1299999952316284,1.1399999856948853,1.1200000047683716,1.1299999952316284,336000
2021-09-14,0.900547981262207,1.1699999570846558,1.1699999570846558,1.1299999952316284,1.1299999952316284,1042000
2021-09-15,0.8620631098747253,1.1200000047683716,1.159999966621399,1.1200000047683716,1.159999966621399,448000
2021-09-16,0.8389722108840942,1.090000033378601,1.1299999952316284,1.090000033378601,1.1299999952316284,754000
2021-09-17,0.8774570822715759,1.1399999856948853,1.1399999856948853,1.0800000429153442,1.0800000429153442,1030000
2021-09-20,0.8620631098747253,1.1200000047683716,1.1200000047683716,1.100000023841858,1.1200000047683716,526000
2021-09-21,0.8543660640716553,1.1100000143051147,1.1200000047683716,1.100000023841858,1.1200000047683716,798000
2021-09-23,0.8620631098747253,1.1200000047683716,1.1399999856948853,1.1100000143051147,1.1200000047683716,1812000
2021-09-24,0.8620631098747253,1.1200000047683716,1.1299999952316284,1.100000023841858,1.1200000047683716,1824000
2021-09-27,0.8466691374778748,1.100000023841858,1.1100000143051147,1.090000033378601,1.100000023841858,544000
2021-09-28,0.8620631098747253,1.1200000047683716,1.1200000047683716,1.100000023841858,1.1100000143051147,990000
2021-09-29,0.8620631098747253,1.1200000047683716,1.1200000047683716,1.100000023841858,1.100000023841858,714000
2021-09-30,0.8543660640716553,1.1100000143051147,1.1200000047683716,1.100000023841858,1.1100000143051147,596000
2021-10-04,0.8543660640716553,1.1100000143051147,1.1299999952316284,1.1100000143051147,1.1200000047683716,284000
2021-10-05,0.8543660640716553,1.1100000143051147,1.1100000143051147,1.100000023841858,1.1100000143051147,426000
2021-10-06,0.8389722108840942,1.090000033378601,1.1100000143051147,1.090000033378601,1.1100000143051147,626000
2021-10-07,0.8620631098747253,1.1200000047683716,1.1399999856948853,1.090000033378601,1.090000033378601,1054000
2021-10-08,0.8543660640716553,1.1100000143051147,1.1299999952316284,1.1100000143051147,1.1200000047683716,504000
2021-10-11,0.8620631098747253,1.1200000047683716,1.1299999952316284,1.1200000047683716,1.1299999952316284,18000
2021-10-12,0.8620631098747253,1.1200000047683716,1.1299999952316284,1.1200000047683716,1.1299999952316284,16000
2021-10-15,0.8697600364685059,1.1299999952316284,1.1399999856948853,1.1200000047683716,1.1200000047683716,686000
2021-10-18,0.8620631098747253,1.1200000047683716,1.1399999856948853,1.1200000047683716,1.1299999952316284,708000
2021-10-19,0.8620631098747253,1.1200000047683716,1.1299999952316284,1.1200000047683716,1.1299999952316284,538000
2021-10-20,0.8697600364685059,1.1299999952316284,1.1399999856948853,1.1200000047683716,1.1299999952316284,1000000
2021-10-21,0.8697600364685059,1.1299999952316284,1.1399999856948853,1.1299999952316284,1.1399999856948853,1096000
2021-10-22,0.8697600364685059,1.1299999952316284,1.159999966621399,1.1299999952316284,1.1299999952316284,2274000
2021-10-25,0.8697600364685059,1.1299999952316284,1.149999976158142,1.1299999952316284,1.149999976158142,782000
2021-10-26,0.8620631098747253,1.1200000047683716,1.1399999856948853,1.1200000047683716,1.1399999856948853,1768000
2021-10-27,0.8620631098747253,1.1200000047683716,1.1299999952316284,1.1200000047683716,1.1200000047683716,932000
2021-10-28,0.8543660640716553,1.1100000143051147,1.1200000047683716,1.100000023841858,1.1200000047683716,1884000
2021-10-29,0.8543660640716553,1.1100000143051147,1.1100000143051147,1.100000023841858,1.100000023841858,820000
2021-11-01,0.8466691374778748,1.100000023841858,1.1100000143051147,1.090000033378601,1.1100000143051147,908000
2021-11-02,0.8466691374778748,1.100000023841858,1.1100000143051147,1.090000033378601,1.1100000143051147,676000
2021-11-03,0.8466691374778748,1.100000023841858,1.100000023841858,1.090000033378601,1.100000023841858,608300
2021-11-04,0.8466691374778748,1.100000023841858,1.100000023841858,1.090000033378601,1.100000023841858,620000
2021-11-05,0.8312751650810242,1.0800000429153442,1.100000023841858,1.0700000524520874,1.100000023841858,2534000
2021-11-08,0.8389722108840942,1.090000033378601,1.1200000047683716,1.0700000524520874,1.0800000429153442,830000
2021-11-09,0.8312751650810242,1.0800000429153442,1.090000033378601,1.0700000524520874,1.090000033378601,722000
2021-11-10,0.8158811330795288,1.059999942779541,1.0800000429153442,1.059999942779541,1.0800000429153442,1944000
2021-11-11,0.8466691374778748,1.100000023841858,1.100000023841858,1.0700000524520874,1.0700000524520874,1184000
2021-11-12,0.8312751650810242,1.0800000429153442,1.090000033378601,1.0800000429153442,1.090000033378601,400000
2021-11-15,0.8312751650810242,1.0800000429153442,1.090000033378601,1.0700000524520874,1.0700000524520874,876000
2021-11-16,0.8312751650810242,1.0800000429153442,1.0800000429153442,1.0700000524520874,1.0800000429153442,482000
2021-11-17,0.8235781788825989,1.0700000524520874,1.0800000429153442,1.059999942779541,1.0800000429153442,1018000
2021-11-18,0.8158811330795288,1.059999942779541,1.0700000524520874,1.059999942779541,1.0700000524520874,1328000
2021-11-19,0.8158811330795288,1.059999942779541,1.0700000524520874,1.0499999523162842,1.059999942779541,1114000
2021-11-22,0.8158811330795288,1.059999942779541,1.059999942779541,1.0499999523162842,1.059999942779541,710000
2021-11-23,0.8312751650810242,1.0800000429153442,1.090000033378601,1.0499999523162842,1.059999942779541,1164000
2021-11-24,0.8466691374778748,1.100000023841858,1.1100000143051147,1.090000033378601,1.090000033378601,1064000
2021-11-25,0.8389722108840942,1.090000033378601,1.100000023841858,1.0700000524520874,1.100000023841858,426000
2021-11-26,0.8158811330795288,1.059999942779541,1.0800000429153442,1.059999942779541,1.0700000524520874,546000
2021-11-29,0.8235781788825989,1.0700000524520874,1.0800000429153442,1.059999942779541,1.059999942779541,354000
2021-11-30,0.8081841468811035,1.0499999523162842,1.0700000524520874,1.0499999523162842,1.0700000524520874,1100000
2021-12-01,0.8081841468811035,1.0499999523162842,1.0700000524520874,1.0499999523162842,1.0499999523162842,830000
2021-12-02,0.8158811330795288,1.059999942779541,1.059999942779541,1.0399999618530273,1.059999942779541,1554000
2021-12-03,0.8158811330795288,1.059999942779541,1.0700000524520874,1.0499999523162842,1.0700000524520874,720000
2021-12-06,0.8081841468811035,1.0499999523162842,1.059999942779541,1.0499999523162842,1.0499999523162842,774000
2021-12-07,0.8158811330795288,1.059999942779541,1.0700000524520874,1.0499999523162842,1.059999942779541,818000
2021-12-08,0.8235781788825989,1.0700000524520874,1.0700000524520874,1.059999942779541,1.0700000524520874,408000
2021-12-09,0.8235781788825989,1.0700000524520874,1.0800000429153442,1.059999942779541,1.059999942779541,558000
2021-12-10,0.8235781788825989,1.0700000524520874,1.0800000429153442,1.059999942779541,1.0700000524520874,630000
2021-12-13,0.8235781788825989,1.0700000524520874,1.0800000429153442,1.0700000524520874,1.0800000429153442,912000
2021-12-14,0.8158811330795288,1.059999942779541,1.0700000524520874,1.059999942779541,1.0700000524520874,690000
2021-12-15,0.8235781788825989,1.0700000524520874,1.0800000429153442,1.059999942779541,1.059999942779541,782000
2021-12-16,0.8312751650810242,1.0800000429153442,1.0800000429153442,1.059999942779541,1.0700000524520874,454000
2021-12-17,0.8158811330795288,1.059999942779541,1.0700000524520874,1.059999942779541,1.0700000524520874,472000
2021-12-20,0.8158811330795288,1.059999942779541,1.0700000524520874,1.0499999523162842,1.059999942779541,1124000
2021-12-21,0.8235781788825989,1.0700000524520874,1.0800000429153442,1.059999942779541,1.059999942779541,934000
2021-12-22,0.8312751650810242,1.0800000429153442,1.0800000429153442,1.0700000524520874,1.0700000524520874,492000
2021-12-23,0.8235781788825989,1.0700000524520874,1.0800000429153442,1.059999942779541,1.0700000524520874,440000
2021-12-24,0.8235781788825989,1.0700000524520874,1.0700000524520874,1.0700000524520874,1.0700000524520874,452000
2021-12-28,0.8235781788825989,1.0700000524520874,1.0800000429153442,1.059999942779541,1.0800000429153442,1746000
2021-12-29,0.8235781788825989,1.0700000524520874,1.0700000524520874,1.059999942779541,1.059999942779541,1188000
2021-12-30,0.8466691374778748,1.100000023841858,1.1100000143051147,1.059999942779541,1.059999942779541,1548000
2021-12-31,0.9082449674606323,1.1799999475479126,1.1799999475479126,1.0700000524520874,1.090000033378601,1634000
2022-01-03,0.8543660640716553,1.1100000143051147,1.159999966621399,1.1100000143051147,1.159999966621399,1082000
2022-01-04,0.8620631098747253,1.1200000047683716,1.1200000047683716,1.100000023841858,1.1200000047683716,118000
2022-01-05,0.8466691374778748,1.100000023841858,1.1200000047683716,1.100000023841858,1.1100000143051147,558000
2022-01-06,0.8620631098747253,1.1200000047683716,1.1200000047683716,1.100000023841858,1.100000023841858,122000
2022-01-07,0.8543660640716553,1.1100000143051147,1.1200000047683716,1.100000023841858,1.1200000047683716,160000
2022-01-10,0.8774570822715759,1.1399999856948853,1.1399999856948853,1.1200000047683716,1.1200000047683716,262000
2022-01-11,0.8774570822715759,1.1399999856948853,1.159999966621399,1.1299999952316284,1.1399999856948853,934000
2022-01-12,0.8774570822715759,1.1399999856948853,1.149999976158142,1.1299999952316284,1.1399999856948853,330000
2022-01-13,0.8774570822715759,1.1399999856948853,1.159999966621399,1.1299999952316284,1.1399999856948853,516000
2022-01-14,0.8851540088653564,1.149999976158142,1.149999976158142,1.1299999952316284,1.1399999856948853,300000
2022-01-17,0.8697600364685059,1.1299999952316284,1.1399999856948853,1.1299999952316284,1.1399999856948853,96000
2022-01-18,0.8697600364685059,1.1299999952316284,1.1399999856948853,1.100000023841858,1.1399999856948853,590000
2022-01-19,0.8543660640716553,1.1100000143051147,1.1399999856948853,1.1100000143051147,1.1299999952316284,606000
2022-01-20,0.8697600364685059,1.1299999952316284,1.1399999856948853,1.1200000047683716,1.1200000047683716,292000
2022-01-21,0.8774570822715759,1.1399999856948853,1.159999966621399,1.1299999952316284,1.1299999952316284,1272000
2022-01-24,0.8697600364685059,1.1299999952316284,1.149999976158142,1.1299999952316284,1.1399999856948853,350000
2022-01-25,0.8543660640716553,1.1100000143051147,1.1299999952316284,1.100000023841858,1.1200000047683716,362000
2022-01-26,0.8774570822715759,1.1399999856948853,1.1399999856948853,1.1200000047683716,1.1200000047683716,316000
2022-01-27,0.8774570822715759,1.1399999856948853,1.1399999856948853,1.1100000143051147,1.1100000143051147,1442000
2022-01-28,0.8774570822715759,1.1399999856948853,1.1399999856948853,1.1200000047683716,1.1299999952316284,532000
2022-01-31,0.8774570822715759,1.1399999856948853,1.1399999856948853,1.1399999856948853,1.1399999856948853,0
2022-02-04,0.8928510546684265,1.159999966621399,1.1699999570846558,1.1399999856948853,1.1399999856948853,864000
2022-02-07,0.8851540088653564,1.149999976158142,1.159999966621399,1.1299999952316284,1.159999966621399,708000
2022-02-08,0.8851540088653564,1.149999976158142,1.149999976158142,1.1399999856948853,1.1399999856948853,170000
2022-02-09,0.8851540088653564,1.149999976158142,1.159999966621399,1.1299999952316284,1.159999966621399,1002000
2022-02-10,0.8851540088653564,1.149999976158142,1.159999966621399,1.1399999856948853,1.159999966621399,960000
2022-02-11,0.8851540088653564,1.149999976158142,1.149999976158142,1.1299999952316284,1.1399999856948853,1930000
2022-02-14,0.8774570822715759,1.1399999856948853,1.1399999856948853,1.1299999952316284,1.1399999856948853,512000
2022-02-15,0.8851540088653564,1.149999976158142,1.149999976158142,1.1299999952316284,1.1399999856948853,1346000
2022-02-16,0.8851540088653564,1.149999976158142,1.1699999570846558,1.1399999856948853,1.149999976158142,1648000
2022-02-17,0.8774570822715759,1.1399999856948853,1.149999976158142,1.1399999856948853,1.149999976158142,1336000
2022-02-18,0.8851540088653564,1.149999976158142,1.149999976158142,1.1399999856948853,1.1399999856948853,688000
2022-02-21,0.8774570822715759,1.1399999856948853,1.149999976158142,1.1299999952316284,1.1399999856948853,294000
2022-02-22,0.8774570822715759,1.1399999856948853,1.149999976158142,1.1299999952316284,1.1299999952316284,232000
2022-02-23,0.8774570822715759,1.1399999856948853,1.1399999856948853,1.1299999952316284,1.1299999952316284,210000
2022-02-24,0.8697600364685059,1.1299999952316284,1.1399999856948853,1.1200000047683716,1.1299999952316284,698000
2022-02-25,0.8774570822715759,1.1399999856948853,1.159999966621399,1.1200000047683716,1.1399999856948853,1604000
2022-02-28,0.8620631098747253,1.1200000047683716,1.149999976158142,1.1100000143051147,1.1299999952316284,1330000
2022-03-01,0.8543660640716553,1.1100000143051147,1.1299999952316284,1.1100000143051147,1.1200000047683716,268500
2022-03-02,0.8543660640716553,1.1100000143051147,1.1200000047683716,1.090000033378601,1.100000023841858,998000
2022-03-03,0.8620631098747253,1.1200000047683716,1.1200000047683716,1.100000023841858,1.100000023841858,116000
2022-03-04,0.8466691374778748,1.100000023841858,1.1200000047683716,1.090000033378601,1.1100000143051147,838000
2022-03-07,0.8466691374778748,1.100000023841858,1.100000023841858,1.090000033378601,1.100000023841858,300000
2022-03-08,0.8389722108840942,1.090000033378601,1.1200000047683716,1.0800000429153442,1.090000033378601,592000
2022-03-09,0.8389722108840942,1.090000033378601,1.100000023841858,1.0700000524520874,1.090000033378601,314000
2022-03-10,0.8312751650810242,1.0800000429153442,1.1399999856948853,1.0499999523162842,1.090000033378601,2580000
2022-03-11,0.8466691374778748,1.100000023841858,1.100000023841858,1.0800000429153442,1.0800000429153442,234000
2022-03-14,0.8081841468811035,1.0499999523162842,1.0800000429153442,1.0399999618530273,1.059999942779541,1472000
2022-03-15,0.8081841468811035,1.0499999523162842,1.0700000524520874,1.0099999904632568,1.0499999523162842,3302000
2022-03-16,0.8312751650810242,1.0800000429153442,1.1100000143051147,1.0499999523162842,1.0499999523162842,700000
2022-03-17,0.8389722108840942,1.090000033378601,1.100000023841858,1.0800000429153442,1.100000023841858,194000
2022-03-18,0.8389722108840942,1.090000033378601,1.100000023841858,1.090000033378601,1.090000033378601,236000
2022-03-21,0.8389722108840942,1.090000033378601,1.1200000047683716,1.090000033378601,1.090000033378601,244000
2022-03-22,0.8466691374778748,1.100000023841858,1.1100000143051147,1.100000023841858,1.100000023841858,518000
2022-03-23,0.8466691374778748,1.100000023841858,1.100000023841858,1.090000033378601,1.090000033378601,558000
2022-03-24,0.8466691374778748,1.100000023841858,1.100000023841858,1.0800000429153442,1.100000023841858,384000
2022-03-25,0.8466691374778748,1.100000023841858,1.100000023841858,1.100000023841858,1.100000023841858,922000
2022-03-28,0.8466691374778748,1.100000023841858,1.1100000143051147,1.090000033378601,1.100000023841858,786000
2022-03-29,0.8543660640716553,1.1100000143051147,1.1200000047683716,1.090000033378601,1.100000023841858,592000
2022-03-30,0.8851540088653564,1.149999976158142,1.1699999570846558,1.1299999952316284,1.159999966621399,1996000
2022-03-31,0.8851540088653564,1.149999976158142,1.149999976158142,1.1399999856948853,1.149999976158142,578000
2022-04-01,0.8851540088653564,1.149999976158142,1.149999976158142,1.1399999856948853,1.1399999856948853,582000
2022-04-04,0.8851540088653564,1.149999976158142,1.149999976158142,1.1399999856948853,1.149999976158142,972000
2022-04-06,0.8851540088653564,1.149999976158142,1.149999976158142,1.1399999856948853,1.149999976158142,540000
2022-04-07,0.8774570822715759,1.1399999856948853,1.159999966621399,1.1399999856948853,1.149999976158142,830000
2022-04-08,0.8697600364685059,1.1299999952316284,1.149999976158142,1.1299999952316284,1.1399999856948853,394000
2022-04-11,0.8620631098747253,1.1200000047683716,1.1399999856948853,1.1200000047683716,1.1299999952316284,614000
2022-04-12,0.8620631098747253,1.1200000047683716,1.1399999856948853,1.1200000047683716,1.1200000047683716,424000
2022-04-13,0.8620631098747253,1.1200000047683716,1.1399999856948853,1.1200000047683716,1.1299999952316284,660000
2022-04-14,0.8697600364685059,1.1299999952316284,1.1399999856948853,1.1200000047683716,1.1299999952316284,960000
2022-04-19,0.8774570822715759,1.1399999856948853,1.1399999856948853,1.1299999952316284,1.1299999952316284,76000
2022-04-20,0.8774570822715759,1.1399999856948853,1.1399999856948853,1.1299999952316284,1.1299999952316284,200000
2022-04-21,0.8697600364685059,1.1299999952316284,1.1399999856948853,1.1299999952316284,1.1299999952316284,484000
2022-04-22,0.8774570822715759,1.1399999856948853,1.1399999856948853,1.1299999952316284,1.1299999952316284,536000
2022-04-25,0.8466691374778748,1.100000023841858,1.1299999952316284,1.100000023841858,1.1299999952316284,1566000
2022-04-26,0.8466691374778748,1.100000023841858,1.1100000143051147,1.090000033378601,1.1100000143051147,466000
2022-04-27,0.8389722108840942,1.090000033378601,1.100000023841858,1.090000033378601,1.090000033378601,242000
2022-04-28,0.8389722108840942,1.090000033378601,1.100000023841858,1.090000033378601,1.100000023841858,806000
2022-04-29,0.8466691374778748,1.100000023841858,1.100000023841858,1.100000023841858,1.100000023841858,850000
2022-05-03,0.8466691374778748,1.100000023841858,1.100000023841858,1.090000033378601,1.100000023841858,46000
2022-05-04,0.8466691374778748,1.100000023841858,1.100000023841858,1.100000023841858,1.100000023841858,452000
2022-05-05,0.8466691374778748,1.100000023841858,1.100000023841858,1.090000033378601,1.100000023841858,558000
2022-05-06,0.8389722108840942,1.090000033378601,1.100000023841858,1.0700000524520874,1.090000033378601,482000
2022-05-10,0.8158811330795288,1.059999942779541,1.0800000429153442,1.059999942779541,1.0800000429153442,1386000
2022-05-11,0.8158811330795288,1.059999942779541,1.0700000524520874,1.0499999523162842,1.059999942779541,1026000
2022-05-12,0.8081841468811035,1.0499999523162842,1.0700000524520874,1.0499999523162842,1.059999942779541,1370000
2022-05-13,0.8081841468811035,1.0499999523162842,1.059999942779541,1.0499999523162842,1.059999942779541,732000
2022-05-16,0.8081841468811035,1.0499999523162842,1.0700000524520874,1.0499999523162842,1.059999942779541,996000
2022-05-17,0.8235781788825989,1.0700000524520874,1.0800000429153442,1.059999942779541,1.059999942779541,1446000
2022-05-18,0.8235781788825989,1.0700000524520874,1.0800000429153442,1.0700000524520874,1.0700000524520874,962000
2022-05-19,0.8158811330795288,1.059999942779541,1.0700000524520874,1.059999942779541,1.0700000524520874,900000
2022-05-20,0.8389722108840942,1.090000033378601,1.090000033378601,1.0700000524520874,1.0700000524520874,1068000
2022-05-23,0.8389722108840942,1.090000033378601,1.100000023841858,1.0800000429153442,1.090000033378601,762000
2022-05-24,0.8312751650810242,1.0800000429153442,1.090000033378601,1.0700000524520874,1.0800000429153442,1142000
2022-05-25,0.8312751650810242,1.0800000429153442,1.090000033378601,1.0700000524520874,1.0800000429153442,1018000
2022-05-26,0.8389722108840942,1.090000033378601,1.100000023841858,1.0800000429153442,1.0800000429153442,836000
2022-05-27,0.8543660640716553,1.1100000143051147,1.1200000047683716,1.090000033378601,1.090000033378601,1438000
2022-05-30,0.8620631098747253,1.1200000047683716,1.1200000047683716,1.100000023841858,1.1200000047683716,756000
2022-05-31,0.8543660640716553,1.1100000143051147,1.1200000047683716,1.100000023841858,1.100000023841858,1226000
2022-06-01,0.8543660640716553,1.1100000143051147,1.1299999952316284,1.1100000143051147,1.1200000047683716,712000
2022-06-02,0.8466691374778748,1.100000023841858,1.1200000047683716,1.100000023841858,1.1100000143051147,1142000
2022-06-06,0.8543660640716553,1.1100000143051147,1.1200000047683716,1.1100000143051147,1.1200000047683716,1038000
2022-06-07,0.8543660640716553,1.1100000143051147,1.1200000047683716,1.1100000143051147,1.1100000143051147,912000
2022-06-08,0.8543660640716553,1.1100000143051147,1.1299999952316284,1.1100000143051147,1.1200000047683716,948000
2022-06-09,0.8543660640716553,1.1100000143051147,1.1200000047683716,1.1100000143051147,1.1200000047683716,1000000
2022-06-10,0.8620631098747253,1.1200000047683716,1.1200000047683716,1.1100000143051147,1.1200000047683716,1088000
2022-06-13,0.8543660640716553,1.1100000143051147,1.1200000047683716,1.1100000143051147,1.1100000143051147,1720000
2022-06-14,0.8466691374778748,1.100000023841858,1.100000023841858,1.090000033378601,1.100000023841858,3044000
2022-06-15,0.8389722108840942,1.090000033378601,1.100000023841858,1.0800000429153442,1.100000023841858,1072000
2022-06-16,0.8312751650810242,1.0800000429153442,1.100000023841858,1.0800000429153442,1.090000033378601,1700000
2022-06-17,0.8312751650810242,1.0800000429153442,1.090000033378601,1.0800000429153442,1.0800000429153442,1194000
2022-06-20,0.8312751650810242,1.0800000429153442,1.090000033378601,1.0800000429153442,1.0800000429153442,1344000
2022-06-21,0.8389722108840942,1.090000033378601,1.090000033378601,1.0800000429153442,1.090000033378601,1426000
2022-06-22,0.8312751650810242,1.0800000429153442,1.090000033378601,1.0800000429153442,1.090000033378601,824000
2022-06-23,0.8389722108840942,1.090000033378601,1.090000033378601,1.0800000429153442,1.090000033378601,874000
2022-06-24,0.8389722108840942,1.090000033378601,1.1200000047683716,1.090000033378601,1.090000033378601,2834000
2022-06-27,0.8543660640716553,1.1100000143051147,1.1200000047683716,1.100000023841858,1.100000023841858,2910000
2022-06-28,0.8928510546684265,1.159999966621399,1.159999966621399,1.1200000047683716,1.1200000047683716,3678000
2022-06-29,0.8774570822715759,1.1399999856948853,1.159999966621399,1.1399999856948853,1.159999966621399,2986000
2022-06-30,0.8851854205131531,1.0399999618530273,1.0499999523162842,1.0299999713897705,1.0499999523162842,1354000
2022-07-04,0.8851854205131531,1.0399999618530273,1.0399999618530273,1.0299999713897705,1.0399999618530273,1228000
2022-07-05,0.8851854205131531,1.0399999618530273,1.0399999618530273,1.0299999713897705,1.0299999713897705,2630000
2022-07-06,0.8851854205131531,1.0399999618530273,1.0399999618530273,1.0299999713897705,1.0399999618530273,922000
2022-07-07,0.8851854205131531,1.0399999618530273,1.0399999618530273,1.0299999713897705,1.0299999713897705,428000
2022-07-08,0.8851854205131531,1.0399999618530273,1.0399999618530273,1.0299999713897705,1.0299999713897705,306000
2022-07-11,0.8851854205131531,1.0399999618530273,1.0399999618530273,1.0199999809265137,1.0299999713897705,1078000
2022-07-12,0.8766740560531616,1.0299999713897705,1.0299999713897705,1.0199999809265137,1.0299999713897705,518000
2022-07-13,0.8766740560531616,1.0299999713897705,1.0299999713897705,1.0199999809265137,1.0299999713897705,210000
2022-07-14,0.8766740560531616,1.0299999713897705,1.0299999713897705,1.0199999809265137,1.0299999713897705,890000
2022-07-15,0.8596512675285339,1.0099999904632568,1.0199999809265137,0.9900000095367432,1.0199999809265137,1726000
2022-07-18,0.8596512675285339,1.0099999904632568,1.0199999809265137,1.0,1.0099999904632568,720000
2022-07-19,0.8596512675285339,1.0099999904632568,1.0099999904632568,1.0,1.0099999904632568,256000
2022-07-20,0.8596512675285339,1.0099999904632568,1.0099999904632568,1.0,1.0099999904632568,1462000
2022-07-21,0.8596512675285339,1.0099999904632568,1.0199999809265137,1.0,1.0,1030000
2022-07-22,0.8511398434638977,1.0,1.0099999904632568,1.0,1.0099999904632568,200000
2022-07-25,0.8766740560531616,1.0299999713897705,1.0299999713897705,0.9900000095367432,1.0,1812000
2022-07-26,0.8681626319885254,1.0199999809265137,1.0399999618530273,1.0199999809265137,1.0299999713897705,554000
2022-07-27,0.8681626319885254,1.0199999809265137,1.0199999809265137,1.0,1.0199999809265137,210000
2022-07-28,0.8766740560531616,1.0299999713897705,1.0299999713897705,1.0099999904632568,1.0199999809265137,472000
2022-07-29,0.8511398434638977,1.0,1.0199999809265137,1.0,1.0199999809265137,2164000
2022-08-01,0.83411705493927,0.9800000190734863,1.0,0.9800000190734863,1.0,1216000
2022-08-02,0.8256056904792786,0.9700000286102295,0.9800000190734863,0.949999988079071,0.9800000190734863,3530000
2022-08-03,0.8426284790039062,0.9900000095367432,0.9900000095367432,0.9700000286102295,0.9700000286102295,856000
2022-08-04,0.8511398434638977,1.0,1.0,0.9900000095367432,1.0,34000
2022-08-05,0.8426284790039062,0.9900000095367432,1.0,0.9900000095367432,1.0,44000
2022-08-08,0.8426284790039062,0.9900000095367432,1.0,0.9900000095367432,0.9900000095367432,90000
2022-08-09,0.83411705493927,0.9800000190734863,1.0,0.9700000286102295,1.0,984000
2022-08-10,0.8511398434638977,1.0,1.0,0.9800000190734863,0.9800000190734863,26000
2022-08-11,0.8511398434638977,1.0,1.0099999904632568,0.9900000095367432,1.0,440000
2022-08-12,0.8511398434638977,1.0,1.0099999904632568,0.9900000095367432,0.9900000095367432,374000
2022-08-15,0.8511398434638977,1.0,1.0099999904632568,1.0,1.0,400000
2022-08-16,0.8511398434638977,1.0,1.0,0.9900000095367432,1.0,520000
2022-08-17,0.8511398434638977,1.0,1.0,0.9900000095367432,1.0,594000
2022-08-18,0.8511398434638977,1.0,1.0,0.9900000095367432,1.0,438000
2022-08-19,0.8511398434638977,1.0,1.0099999904632568,1.0,1.0,218000
2022-08-22,0.8426284790039062,0.9900000095367432,1.0,0.9900000095367432,1.0,196000
2022-08-23,0.8426284790039062,0.9900000095367432,1.0,0.9900000095367432,0.9900000095367432,146000
2022-08-24,0.83411705493927,0.9800000190734863,1.0,0.9800000190734863,0.9900000095367432,1240000
2022-08-25,0.83411705493927,0.9800000190734863,0.9800000190734863,0.9800000190734863,0.9800000190734863,10000
2022-08-26,0.8426284790039062,0.9900000095367432,1.0,0.9900000095367432,1.0,36000
2022-08-29,0.8426284790039062,0.9900000095367432,1.0,0.9900000095367432,0.9900000095367432,80000
2022-08-30,0.8426284790039062,0.9900000095367432,1.0,0.9900000095367432,0.9900000095367432,16000
2022-08-31,0.8426284790039062,0.9900000095367432,1.0099999904632568,0.9900000095367432,0.9900000095367432,222000
2022-09-01,0.83411705493927,0.9800000190734863,1.0,0.9800000190734863,0.9900000095367432,1778000
2022-09-02,0.83411705493927,0.9800000190734863,1.0,0.9800000190734863,0.9800000190734863,832000
2022-09-05,0.83411705493927,0.9800000190734863,0.9900000095367432,0.9800000190734863,0.9900000095367432,140000
2022-09-06,0.8426284790039062,0.9900000095367432,0.9900000095367432,0.9900000095367432,0.9900000095367432,10000
2022-09-07,0.8426284790039062,0.9900000095367432,1.0,0.9800000190734863,0.9900000095367432,110000
2022-09-08,0.8426284790039062,0.9900000095367432,0.9900000095367432,0.9900000095367432,0.9900000095367432,80000
2022-09-09,0.8426284790039062,0.9900000095367432,1.0,0.9900000095367432,0.9900000095367432,306000
2022-09-13,0.8511398434638977,1.0,1.0,0.9900000095367432,1.0,194000
2022-09-14,0.8426284790039062,0.9900000095367432,0.9900000095367432,0.9800000190734863,0.9900000095367432,184000
2022-09-15,0.8426284790039062,0.9900000095367432,1.0,0.9800000190734863,0.9900000095367432,349000
2022-09-16,0.83411705493927,0.9800000190734863,1.0,0.9800000190734863,0.9900000095367432,230000
2022-09-19,0.8256056904792786,0.9700000286102295,0.9900000095367432,0.9700000286102295,0.9900000095367432,602000
2022-09-20,0.83411705493927,0.9800000190734863,0.9800000190734863,0.9800000190734863,0.9800000190734863,318000
2022-09-21,0.8256056904792786,0.9700000286102295,0.9800000190734863,0.9700000286102295,0.9800000190734863,110000
2022-09-22,0.8256056904792786,0.9700000286102295,0.9700000286102295,0.9599999785423279,0.9700000286102295,554000
2022-09-23,0.8085829019546509,0.949999988079071,0.9700000286102295,0.949999988079071,0.9700000286102295,202000
2022-09-26,0.8000714778900146,0.9399999976158142,0.9700000286102295,0.9399999976158142,0.9700000286102295,638000
2022-09-27,0.8170942068099976,0.9599999785423279,0.9599999785423279,0.9300000071525574,0.9399999976158142,116000
2022-09-28,0.8000714778900146,0.9399999976158142,0.949999988079071,0.9300000071525574,0.949999988079071,498000
2022-09-29,0.8000714778900146,0.9399999976158142,0.949999988079071,0.9399999976158142,0.949999988079071,640000
2022-09-30,0.8085829019546509,0.949999988079071,0.949999988079071,0.9399999976158142,0.949999988079071,108000
2022-10-03,0.8000714778900146,0.9399999976158142,0.9399999976158142,0.9300000071525574,0.9399999976158142,292000
2022-10-05,0.8085829019546509,0.949999988079071,0.949999988079071,0.9399999976158142,0.949999988079071,658000
2022-10-06,0.8170942068099976,0.9599999785423279,0.9599999785423279,0.9300000071525574,0.9399999976158142,200000
2022-10-07,0.8170942068099976,0.9599999785423279,0.9599999785423279,0.9399999976158142,0.9599999785423279,58000
2022-10-10,0.8256056904792786,0.9700000286102295,0.9700000286102295,0.9399999976158142,0.949999988079071,546000
2022-10-11,0.8256056904792786,0.9700000286102295,0.9700000286102295,0.9399999976158142,0.949999988079071,474000
2022-10-12,0.8170942068099976,0.9599999785423279,0.9599999785423279,0.9399999976158142,0.9599999785423279,392000
2022-10-13,0.8085829019546509,0.949999988079071,0.949999988079071,0.9399999976158142,0.949999988079071,100000
2022-10-14,0.8085829019546509,0.949999988079071,0.949999988079071,0.9399999976158142,0.949999988079071,58000
2022-10-17,0.8085829019546509,0.949999988079071,0.949999988079071,0.9399999976158142,0.9399999976158142,14000
2022-10-18,0.8170942068099976,0.9599999785423279,0.9599999785423279,0.9399999976158142,0.9399999976158142,154000
2022-10-19,0.8085829019546509,0.949999988079071,0.9599999785423279,0.949999988079071,0.949999988079071,100000
2022-10-20,0.8000714778900146,0.9399999976158142,0.9399999976158142,0.9300000071525574,0.9399999976158142,484000
2022-10-21,0.8085829019546509,0.949999988079071,0.949999988079071,0.9399999976158142,0.949999988079071,26000
2022-10-24,0.783048689365387,0.9200000166893005,0.9399999976158142,0.9100000262260437,0.9399999976158142,524000
2022-10-25,0.7915601134300232,0.9300000071525574,0.9300000071525574,0.9100000262260437,0.9200000166893005,320000
2022-10-26,0.783048689365387,0.9200000166893005,0.9399999976158142,0.9100000262260437,0.9399999976158142,1094000
2022-10-27,0.783048689365387,0.9200000166893005,0.9300000071525574,0.9100000262260437,0.9300000071525574,354000
2022-10-28,0.7660258412361145,0.8999999761581421,0.9200000166893005,0.8899999856948853,0.9200000166893005,916000
2022-10-31,0.757514476776123,0.8899999856948853,0.8999999761581421,0.8899999856948853,0.8999999761581421,300000
2022-11-01,0.757514476776123,0.8899999856948853,0.8899999856948853,0.8799999952316284,0.8899999856948853,132000
2022-11-02,0.757514476776123,0.8899999856948853,0.8899999856948853,0.8899999856948853,0.8899999856948853,0
2022-11-03,0.757514476776123,0.8899999856948853,0.8899999856948853,0.8799999952316284,0.8899999856948853,106000
2022-11-04,0.7745373249053955,0.9100000262260437,0.949999988079071,0.8899999856948853,0.8899999856948853,588000
2022-11-07,0.8000714778900146,0.9399999976158142,0.9399999976158142,0.9100000262260437,0.9200000166893005,88000
2022-11-08,0.8000714778900146,0.9399999976158142,0.9399999976158142,0.9399999976158142,0.9399999976158142,0
2022-11-09,0.7915601134300232,0.9300000071525574,0.9300000071525574,0.9200000166893005,0.9200000166893005,156000
2022-11-10,0.7660258412361145,0.8999999761581421,0.949999988079071,0.8899999856948853,0.949999988079071,420000
2022-11-11,0.783048689365387,0.9200000166893005,0.9300000071525574,0.9100000262260437,0.9300000071525574,112000
2022-11-14,0.8000714778900146,0.9399999976158142,0.9399999976158142,0.9300000071525574,0.9300000071525574,264000
2022-11-15,0.8085829019546509,0.949999988079071,0.9599999785423279,0.9399999976158142,0.949999988079071,342000
2022-11-16,0.8000714778900146,0.9399999976158142,0.9599999785423279,0.9399999976158142,0.9599999785423279,116000
2022-11-17,0.783048689365387,0.9200000166893005,0.9200000166893005,0.9200000166893005,0.9200000166893005,12000
2022-11-18,0.7915601134300232,0.9300000071525574,0.9599999785423279,0.9200000166893005,0.949999988079071,250000
2022-11-21,0.8000714778900146,0.9399999976158142,0.9599999785423279,0.9200000166893005,0.9200000166893005,210000
2022-11-22,0.83411705493927,0.9800000190734863,0.9800000190734863,0.9399999976158142,0.949999988079071,108000
2022-11-23,0.8426284790039062,0.9900000095367432,1.0,0.9399999976158142,0.9599999785423279,1056000
2022-11-24,0.8596512675285339,1.0099999904632568,1.0099999904632568,0.9800000190734863,0.9900000095367432,1348000
2022-11-25,0.8681626319885254,1.0199999809265137,1.0199999809265137,0.9599999785423279,1.0099999904632568,806000
2022-11-28,0.8681626319885254,1.0199999809265137,1.0199999809265137,0.9700000286102295,0.9800000190734863,1696000
2022-11-29,0.9107196927070618,1.0700000524520874,1.090000033378601,0.9900000095367432,1.0199999809265137,2156000
2022-11-30,0.8766740560531616,1.0299999713897705,1.100000023841858,1.0199999809265137,1.059999942779541,230000
2022-12-01,0.8596512675285339,1.0099999904632568,1.059999942779541,1.0099999904632568,1.0399999618530273,322000
2022-12-02,0.8426284790039062,0.9900000095367432,1.0099999904632568,0.9900000095367432,1.0099999904632568,118000
2022-12-05,0.8596512675285339,1.0099999904632568,1.0199999809265137,1.0,1.0099999904632568,374000
2022-12-06,0.8511398434638977,1.0,1.0099999904632568,1.0,1.0,550000
2022-12-07,0.83411705493927,0.9800000190734863,1.0399999618530273,0.9800000190734863,1.0,1178000
2022-12-08,0.8511398434638977,1.0,1.0199999809265137,0.9800000190734863,1.0199999809265137,832000
2022-12-09,0.8851854205131531,1.0399999618530273,1.0399999618530273,1.0,1.0299999713897705,182000
2022-12-12,0.9022082090377808,1.059999942779541,1.0700000524520874,1.0399999618530273,1.0399999618530273,1546000
2022-12-13,0.9107196927070618,1.0700000524520874,1.0800000429153442,1.0499999523162842,1.0499999523162842,438000
2022-12-14,0.9107196927070618,1.0700000524520874,1.0700000524520874,1.0399999618530273,1.059999942779541,118000
2022-12-15,0.9022082090377808,1.059999942779541,1.059999942779541,1.0399999618530273,1.059999942779541,300000
2022-12-16,0.9022082090377808,1.059999942779541,1.059999942779541,1.059999942779541,1.059999942779541,0
2022-12-19,0.8851854205131531,1.0399999618530273,1.0399999618530273,1.0399999618530273,1.059999942779541,40000
2022-12-20,0.8596512675285339,1.0099999904632568,1.0399999618530273,1.0099999904632568,1.0399999618530273,28000
2022-12-21,0.8936968445777893,1.0499999523162842,1.0700000524520874,1.0299999713897705,1.0399999618530273,290000
2022-12-22,0.8936968445777893,1.0499999523162842,1.0499999523162842,1.0199999809265137,1.0299999713897705,76000
2022-12-23,0.8766740560531616,1.0299999713897705,1.0299999713897705,1.0199999809265137,1.0199999809265137,96000
2022-12-28,0.8766740560531616,1.0299999713897705,1.0399999618530273,1.0299999713897705,1.0399999618530273,8000
2022-12-29,0.8766740560531616,1.0299999713897705,1.0299999713897705,1.0199999809265137,1.0199999809265137,356000
2022-12-30,0.9022082090377808,1.059999942779541,1.059999942779541,1.0399999618530273,1.0399999618530273,268000
2023-01-03,0.8851854205131531,1.0399999618530273,1.0700000524520874,1.0399999618530273,1.0700000524520874,150000
2023-01-04,0.9022082090377808,1.059999942779541,1.059999942779541,1.0399999618530273,1.059999942779541,102000
2023-01-05,0.9022082090377808,1.059999942779541,1.059999942779541,1.0499999523162842,1.059999942779541,240000
2023-01-06,0.9022082090377808,1.059999942779541,1.0700000524520874,1.0499999523162842,1.059999942779541,1744000
2023-01-09,0.9107196927070618,1.0700000524520874,1.1100000143051147,1.059999942779541,1.0800000429153442,3296000
2023-01-10,0.8936968445777893,1.0499999523162842,1.0700000524520874,1.0499999523162842,1.0499999523162842,772000
2023-01-11,0.9022082090377808,1.059999942779541,1.059999942779541,1.0499999523162842,1.059999942779541,290000
2023-01-12,0.9107196927070618,1.0700000524520874,1.0800000429153442,1.0499999523162842,1.059999942779541,2690000
2023-01-13,0.9277425408363342,1.090000033378601,1.090000033378601,1.059999942779541,1.059999942779541,546000
2023-01-16,0.9447652101516724,1.1100000143051147,1.1200000047683716,1.100000023841858,1.100000023841858,2330000
2023-01-17,0.9447652101516724,1.1100000143051147,1.1200000047683716,1.090000033378601,1.100000023841858,2040000
2023-01-18,0.9532766342163086,1.1200000047683716,1.1200000047683716,1.1100000143051147,1.1100000143051147,592000
2023-01-19,0.9617879986763,1.1299999952316284,1.1299999952316284,1.1100000143051147,1.1200000047683716,648000
2023-01-20,0.9702994227409363,1.1399999856948853,1.149999976158142,1.1200000047683716,1.1399999856948853,1968000
2023-01-26,0.9617879986763,1.1299999952316284,1.159999966621399,1.1200000047683716,1.149999976158142,1084000
2023-01-27,0.9702994227409363,1.1399999856948853,1.1399999856948853,1.1200000047683716,1.1299999952316284,368000
2023-01-30,0.9532766342163086,1.1200000047683716,1.149999976158142,1.1100000143051147,1.1399999856948853,2748000
2023-01-31,0.9617879986763,1.1299999952316284,1.1299999952316284,1.1100000143051147,1.1200000047683716,704000
2023-02-01,0.9617879986763,1.1299999952316284,1.1299999952316284,1.1100000143051147,1.1100000143051147,1294000
2023-02-02,0.9788107872009277,1.149999976158142,1.149999976158142,1.1299999952316284,1.1299999952316284,4746000
2023-02-03,0.9702994227409363,1.1399999856948853,1.149999976158142,1.1299999952316284,1.149999976158142,408000
2023-02-06,0.9532766342163086,1.1200000047683716,1.1399999856948853,1.1200000047683716,1.1299999952316284,1760800
2023-02-07,0.9617879986763,1.1299999952316284,1.1299999952316284,1.1200000047683716,1.1200000047683716,490000
2023-02-08,0.9617879986763,1.1299999952316284,1.1399999856948853,1.1299999952316284,1.1299999952316284,1212000
2023-02-09,0.9702994227409363,1.1399999856948853,1.149999976158142,1.1299999952316284,1.1399999856948853,1940000
2023-02-10,0.9788107872009277,1.149999976158142,1.149999976158142,1.1399999856948853,1.1399999856948853,718000
2023-02-13,0.9788107872009277,1.149999976158142,1.149999976158142,1.1399999856948853,1.1399999856948853,1064000
2023-02-14,0.9958335757255554,1.1699999570846558,1.190000057220459,1.1399999856948853,1.1399999856948853,2872000
2023-02-15,0.9702994227409363,1.1399999856948853,1.1699999570846558,1.1399999856948853,1.1699999570846558,1182000
2023-02-16,0.9617879986763,1.1299999952316284,1.1399999856948853,1.1299999952316284,1.1399999856948853,776000
2023-02-17,0.9702994227409363,1.1399999856948853,1.1399999856948853,1.1299999952316284,1.1299999952316284,232000
2023-02-20,1.0128564834594727,1.190000057220459,1.190000057220459,1.1200000047683716,1.1299999952316284,866000
2023-02-21,0.9788107872009277,1.149999976158142,1.1699999570846558,1.1399999856948853,1.1699999570846558,410000
2023-02-22,0.9788107872009277,1.149999976158142,1.159999966621399,1.1399999856948853,1.149999976158142,966000
2023-02-23,0.9702994227409363,1.1399999856948853,1.159999966621399,1.1399999856948853,1.149999976158142,1831200
2023-02-24,0.987322211265564,1.159999966621399,1.1699999570846558,1.149999976158142,1.159999966621399,60000
2023-02-27,0.987322211265564,1.159999966621399,1.159999966621399,1.1399999856948853,1.159999966621399,496000
2023-02-28,0.9788107872009277,1.149999976158142,1.159999966621399,1.149999976158142,1.149999976158142,1922000
2023-03-01,0.987322211265564,1.159999966621399,1.1699999570846558,1.149999976158142,1.149999976158142,1340000
2023-03-02,0.9958335757255554,1.1699999570846558,1.1799999475479126,1.149999976158142,1.149999976158142,226000
2023-03-03,0.9788107872009277,1.149999976158142,1.159999966621399,1.1399999856948853,1.159999966621399,2794000
2023-03-06,0.9788107872009277,1.149999976158142,1.149999976158142,1.149999976158142,1.149999976158142,510000
2023-03-07,0.9788107872009277,1.149999976158142,1.159999966621399,1.149999976158142,1.149999976158142,250000
2023-03-08,0.9788107872009277,1.149999976158142,1.159999966621399,1.149999976158142,1.149999976158142,752000
2023-03-09,0.987322211265564,1.159999966621399,1.159999966621399,1.1399999856948853,1.149999976158142,358000
2023-03-10,0.9702994227409363,1.1399999856948853,1.149999976158142,1.1399999856948853,1.149999976158142,560000
2023-03-13,0.9617879986763,1.1299999952316284,1.149999976158142,1.1200000047683716,1.1399999856948853,2348000
2023-03-14,0.9277425408363342,1.090000033378601,1.1299999952316284,1.0800000429153442,1.1200000047683716,838000
2023-03-15,0.9362538456916809,1.100000023841858,1.1200000047683716,1.0800000429153442,1.0800000429153442,412000
2023-03-16,0.9362538456916809,1.100000023841858,1.100000023841858,1.059999942779541,1.090000033378601,1196000
2023-03-17,0.9362538456916809,1.100000023841858,1.100000023841858,1.090000033378601,1.090000033378601,120000
2023-03-20,0.9022082090377808,1.059999942779541,1.100000023841858,1.0199999809265137,1.059999942779541,1482000
2023-03-21,0.9277425408363342,1.090000033378601,1.100000023841858,1.059999942779541,1.0800000429153442,240000
2023-03-22,0.9192310571670532,1.0800000429153442,1.090000033378601,1.0499999523162842,1.090000033378601,136000
2023-03-23,0.9022082090377808,1.059999942779541,1.0800000429153442,1.0499999523162842,1.0800000429153442,158000
2023-03-24,0.8936968445777893,1.0499999523162842,1.059999942779541,1.0499999523162842,1.059999942779541,58000
2023-03-27,0.9022082090377808,1.059999942779541,1.090000033378601,1.0499999523162842,1.0499999523162842,108000
2023-03-28,0.9277425408363342,1.090000033378601,1.090000033378601,1.059999942779541,1.059999942779541,194000
2023-03-29,0.9277425408363342,1.090000033378601,1.100000023841858,1.0700000524520874,1.100000023841858,170000
2023-03-30,0.9277425408363342,1.090000033378601,1.090000033378601,1.0800000429153442,1.090000033378601,224000
2023-03-31,0.9277425408363342,1.090000033378601,1.100000023841858,1.0700000524520874,1.100000023841858,246000
2023-04-03,0.9532766342163086,1.1200000047683716,1.149999976158142,1.090000033378601,1.100000023841858,122000
2023-04-04,0.9532766342163086,1.1200000047683716,1.1299999952316284,1.090000033378601,1.1299999952316284,692000
2023-04-06,0.9702994227409363,1.1399999856948853,1.1399999856948853,1.100000023841858,1.1299999952316284,190000
2023-04-11,0.9447652101516724,1.1100000143051147,1.1200000047683716,1.090000033378601,1.100000023841858,242000
2023-04-12,0.9447652101516724,1.1100000143051147,1.1100000143051147,1.090000033378601,1.1100000143051147,164000
2023-04-13,0.9532766342163086,1.1200000047683716,1.1200000047683716,1.090000033378601,1.1100000143051147,216000
2023-04-14,0.9362538456916809,1.100000023841858,1.149999976158142,1.0800000429153442,1.149999976158142,846000
2023-04-17,0.9362538456916809,1.100000023841858,1.1200000047683716,1.090000033378601,1.100000023841858,266000
2023-04-18,0.9447652101516724,1.1100000143051147,1.1200000047683716,1.090000033378601,1.1200000047683716,1178000
2023-04-19,0.9277425408363342,1.090000033378601,1.1200000047683716,1.090000033378601,1.1100000143051147,214000
2023-04-20,0.9362538456916809,1.100000023841858,1.100000023841858,1.0700000524520874,1.090000033378601,636000
2023-04-21,0.9107196927070618,1.0700000524520874,1.0800000429153442,1.059999942779541,1.0800000429153442,538000
2023-04-24,0.9277425408363342,1.090000033378601,1.090000033378601,1.0700000524520874,1.0700000524520874,182000
2023-04-25,0.9192310571670532,1.0800000429153442,1.100000023841858,1.0800000429153442,1.090000033378601,16000
2023-04-26,0.9362538456916809,1.100000023841858,1.1200000047683716,1.0800000429153442,1.100000023841858,18000
2023-04-27,0.9362538456916809,1.100000023841858,1.100000023841858,1.100000023841858,1.100000023841858,220000
2023-04-28,0.9362538456916809,1.100000023841858,1.100000023841858,1.100000023841858,1.100000023841858,0
2023-05-02,0.9362538456916809,1.100000023841858,1.1399999856948853,1.0800000429153442,1.100000023841858,596000
2023-05-03,0.9362538456916809,1.100000023841858,1.1100000143051147,1.0800000429153442,1.090000033378601,710000
2023-05-04,0.9192310571670532,1.0800000429153442,1.090000033378601,1.0800000429153442,1.090000033378601,296000
2023-05-05,0.9277425408363342,1.090000033378601,1.090000033378601,1.0700000524520874,1.090000033378601,248000
2023-05-08,0.9192310571670532,1.0800000429153442,1.100000023841858,1.0800000429153442,1.090000033378601,666000
2023-05-09,0.9362538456916809,1.100000023841858,1.100000023841858,1.090000033378601,1.090000033378601,478000
2023-05-10,0.9362538456916809,1.100000023841858,1.100000023841858,1.100000023841858,1.100000023841858,0
2023-05-11,0.9192310571670532,1.0800000429153442,1.090000033378601,1.0800000429153442,1.100000023841858,162000
2023-05-12,0.9277425408363342,1.090000033378601,1.100000023841858,1.0800000429153442,1.0800000429153442,630000
2023-05-15,0.9277425408363342,1.090000033378601,1.090000033378601,1.0700000524520874,1.0800000429153442,36000
2023-05-16,0.9192310571670532,1.0800000429153442,1.090000033378601,1.0800000429153442,1.090000033378601,30000
2023-05-17,0.9277425408363342,1.090000033378601,1.090000033378601,1.0800000429153442,1.0800000429153442,204000
2023-05-18,0.9192310571670532,1.0800000429153442,1.100000023841858,1.0800000429153442,1.090000033378601,140000
2023-05-19,0.9277425408363342,1.090000033378601,1.090000033378601,1.0700000524520874,1.090000033378601,148000
2023-05-22,0.9192310571670532,1.0800000429153442,1.100000023841858,1.0800000429153442,1.100000023841858,312000
2023-05-23,0.9277425408363342,1.090000033378601,1.090000033378601,1.0800000429153442,1.090000033378601,348000
2023-05-24,0.9192310571670532,1.0800000429153442,1.090000033378601,1.0700000524520874,1.0800000429153442,256000
2023-05-25,0.9107196927070618,1.0700000524520874,1.0800000429153442,1.0700000524520874,1.0700000524520874,270000
2023-05-29,0.9192310571670532,1.0800000429153442,1.0800000429153442,1.0700000524520874,1.0700000524520874,200000
2023-05-30,0.9192310571670532,1.0800000429153442,1.0800000429153442,1.059999942779541,1.0800000429153442,150000
2023-05-31,0.8851854205131531,1.0399999618530273,1.059999942779541,1.0399999618530273,1.059999942779541,902000
2023-06-01,0.9022082090377808,1.059999942779541,1.059999942779541,1.0499999523162842,1.059999942779541,178000
2023-06-02,0.9022082090377808,1.059999942779541,1.0700000524520874,1.059999942779541,1.059999942779541,374000
2023-06-05,0.9022082090377808,1.059999942779541,1.0700000524520874,1.0499999523162842,1.059999942779541,516000
2023-06-06,0.9107196927070618,1.0700000524520874,1.0700000524520874,1.059999942779541,1.0700000524520874,224000
2023-06-07,0.9107196927070618,1.0700000524520874,1.0800000429153442,1.0700000524520874,1.0700000524520874,104000
2023-06-08,0.9192310571670532,1.0800000429153442,1.0800000429153442,1.0700000524520874,1.0700000524520874,102000
2023-06-09,0.9192310571670532,1.0800000429153442,1.090000033378601,1.0700000524520874,1.0800000429153442,310000
2023-06-12,0.9362538456916809,1.100000023841858,1.100000023841858,1.059999942779541,1.0700000524520874,110000
2023-06-13,0.9107196927070618,1.0700000524520874,1.100000023841858,1.059999942779541,1.090000033378601,382000
2023-06-14,0.9192310571670532,1.0800000429153442,1.090000033378601,1.0700000524520874,1.0800000429153442,166000
2023-06-15,0.9192310571670532,1.0800000429153442,1.090000033378601,1.0700000524520874,1.090000033378601,488000
2023-06-16,0.9192310571670532,1.0800000429153442,1.090000033378601,1.0700000524520874,1.090000033378601,142000
2023-06-19,0.9362538456916809,1.100000023841858,1.100000023841858,1.0800000429153442,1.090000033378601,464000
2023-06-20,0.9192310571670532,1.0800000429153442,1.100000023841858,1.0800000429153442,1.100000023841858,152000
2023-06-21,0.9192310571670532,1.0800000429153442,1.0800000429153442,1.0700000524520874,1.0800000429153442,136000
2023-06-23,0.9192310571670532,1.0800000429153442,1.0800000429153442,1.0700000524520874,1.0800000429153442,150000
2023-06-26,0.9277425408363342,1.090000033378601,1.100000023841858,1.0700000524520874,1.0800000429153442,284000
2023-06-27,0.9192310571670532,1.0800000429153442,1.1100000143051147,1.0800000429153442,1.090000033378601,80000
2023-06-28,0.9277425408363342,1.090000033378601,1.1200000047683716,1.0800000429153442,1.1100000143051147,354000
2023-06-29,0.9362538456916809,1.100000023841858,1.1100000143051147,1.090000033378601,1.090000033378601,542000
2023-06-30,0.9609512090682983,1.0399999618530273,1.0399999618530273,1.0099999904632568,1.0099999904632568,370000
2023-07-03,0.9517112970352173,1.0299999713897705,1.0499999523162842,1.0299999713897705,1.0399999618530273,42000
2023-07-04,0.9609512090682983,1.0399999618530273,1.100000023841858,1.0099999904632568,1.0299999713897705,1912000
2023-07-05,0.9424713850021362,1.0199999809265137,1.0299999713897705,1.0199999809265137,1.0299999713897705,54000
2023-07-06,0.9424713850021362,1.0199999809265137,1.0299999713897705,1.0199999809265137,1.0199999809265137,80000
2023-07-07,0.9424713850021362,1.0199999809265137,1.0299999713897705,1.0099999904632568,1.0099999904632568,104000
2023-07-10,0.9424713850021362,1.0199999809265137,1.0299999713897705,1.0099999904632568,1.0399999618530273,218000
2023-07-11,0.9424713850021362,1.0199999809265137,1.0199999809265137,1.0,1.0199999809265137,760000
2023-07-12,0.9424713850021362,1.0199999809265137,1.0199999809265137,1.0199999809265137,1.0199999809265137,0
2023-07-13,0.9424713850021362,1.0199999809265137,1.0199999809265137,1.0099999904632568,1.0199999809265137,140000
2023-07-14,0.9517112970352173,1.0299999713897705,1.0399999618530273,1.0199999809265137,1.0199999809265137,188000
2023-07-18,0.9701911211013794,1.0499999523162842,1.0499999523162842,1.0299999713897705,1.0499999523162842,1020000
2023-07-19,0.9886710047721863,1.0700000524520874,1.0800000429153442,1.0399999618530273,1.0399999618530273,38000
2023-07-20,0.9979109168052673,1.0800000429153442,1.090000033378601,1.0499999523162842,1.090000033378601,246000
2023-07-21,1.0163906812667847,1.100000023841858,1.100000023841858,1.0700000524520874,1.0800000429153442,830000
2023-07-24,1.0441104173660278,1.1299999952316284,1.1399999856948853,1.100000023841858,1.100000023841858,526000
2023-07-25,1.0348705053329468,1.1200000047683716,1.1399999856948853,1.1100000143051147,1.1399999856948853,650000
2023-07-26,1.06259024143219,1.149999976158142,1.1699999570846558,1.1299999952316284,1.159999966621399,794000
2023-07-27,1.1180298328399658,1.2100000381469727,1.2200000286102295,1.149999976158142,1.149999976158142,6846000
2023-07-28,1.1180298328399658,1.2100000381469727,1.2200000286102295,1.1799999475479126,1.2200000286102295,2780000
2023-07-31,1.145749568939209,1.2400000095367432,1.2400000095367432,1.1699999570846558,1.2100000381469727,1770000
2023-08-01,1.145749568939209,1.2400000095367432,1.25,1.2300000190734863,1.2400000095367432,7218000
2023-08-02,1.136509656906128,1.2300000190734863,1.2300000190734863,1.2000000476837158,1.2200000286102295,634000
2023-08-03,1.145749568939209,1.2400000095367432,1.2400000095367432,1.190000057220459,1.2300000190734863,1826000
2023-08-04,1.1734693050384521,1.2699999809265137,1.2899999618530273,1.2400000095367432,1.25,760000
2023-08-07,1.1919491291046143,1.2899999618530273,1.2899999618530273,1.2599999904632568,1.2599999904632568,4844000
2023-08-08,1.1827092170715332,1.2799999713897705,1.2799999713897705,1.2599999904632568,1.2799999713897705,3078000
2023-08-09,1.1827092170715332,1.2799999713897705,1.2799999713897705,1.2599999904632568,1.2799999713897705,394000
2023-08-10,1.15498948097229,1.25,1.2799999713897705,1.2400000095367432,1.2799999713897705,888000
2023-08-11,1.136509656906128,1.2300000190734863,1.25,1.149999976158142,1.25,2066000
2023-08-14,1.0348705053329468,1.1200000047683716,1.2300000190734863,1.100000023841858,1.2200000286102295,7662000
2023-08-15,1.081070065498352,1.1699999570846558,1.1699999570846558,1.100000023841858,1.100000023841858,768000
2023-08-16,1.0995500087738037,1.190000057220459,1.190000057220459,1.1699999570846558,1.1699999570846558,210000
2023-08-17,1.090309977531433,1.1799999475479126,1.190000057220459,1.1699999570846558,1.1699999570846558,1106000
2023-08-18,1.0995500087738037,1.190000057220459,1.190000057220459,1.1699999570846558,1.1699999570846558,530000
2023-08-21,1.090309977531433,1.1799999475479126,1.1799999475479126,1.1699999570846558,1.1699999570846558,546000
2023-08-22,1.090309977531433,1.1799999475479126,1.1799999475479126,1.1699999570846558,1.1699999570846558,280000
2023-08-23,1.090309977531433,1.1799999475479126,1.1799999475479126,1.159999966621399,1.1799999475479126,758800
2023-08-24,1.090309977531433,1.1799999475479126,1.190000057220459,1.1699999570846558,1.1799999475479126,610000
2023-08-25,1.071830153465271,1.159999966621399,1.2100000381469727,1.159999966621399,1.2100000381469727,1416000
2023-08-28,1.0995500087738037,1.190000057220459,1.190000057220459,1.1699999570846558,1.1799999475479126,298000
2023-08-29,1.1087899208068848,1.2000000476837158,1.2000000476837158,1.1699999570846558,1.1799999475479126,460000
2023-08-30,1.0995500087738037,1.190000057220459,1.2100000381469727,1.190000057220459,1.190000057220459,258000
2023-08-31,1.1087899208068848,1.2000000476837158,1.2100000381469727,1.1799999475479126,1.190000057220459,612000
2023-09-04,1.1087899208068848,1.2000000476837158,1.2100000381469727,1.1699999570846558,1.2000000476837158,1834000
2023-09-05,1.1272697448730469,1.2200000286102295,1.2899999618530273,1.2000000476837158,1.2000000476837158,3090000
2023-09-06,1.1272697448730469,1.2200000286102295,1.2300000190734863,1.2000000476837158,1.2100000381469727,616000
2023-09-07,1.1272697448730469,1.2200000286102295,1.2400000095367432,1.2200000286102295,1.2400000095367432,1080000
2023-09-11,1.145749568939209,1.2400000095367432,1.2699999809265137,1.2200000286102295,1.2200000286102295,2242000
2023-09-12,1.15498948097229,1.25,1.2799999713897705,1.2300000190734863,1.2400000095367432,5756000
2023-09-13,1.164229393005371,1.2599999904632568,1.2799999713897705,1.2599999904632568,1.2599999904632568,1112000
2023-09-14,1.145749568939209,1.2400000095367432,1.2899999618530273,1.100000023841858,1.2699999809265137,12311000
2023-09-15,1.15498948097229,1.25,1.2599999904632568,1.2400000095367432,1.2400000095367432,1282000
2023-09-18,1.145749568939209,1.2400000095367432,1.2599999904632568,1.2300000190734863,1.25,2336000
2023-09-19,1.164229393005371,1.2599999904632568,1.2899999618530273,1.25,1.25,5809000
2023-09-20,1.145749568939209,1.2400000095367432,1.2799999713897705,1.2300000190734863,1.2599999904632568,3280000
2023-09-21,1.145749568939209,1.2400000095367432,1.2899999618530273,1.2400000095367432,1.2899999618530273,2810000
2023-09-22,1.145749568939209,1.2400000095367432,1.2599999904632568,1.2400000095367432,1.2400000095367432,2312000
2023-09-25,1.145749568939209,1.2400000095367432,1.25,1.190000057220459,1.25,4650000
2023-09-26,1.15498948097229,1.25,1.2699999809265137,1.25,1.25,676000
2023-09-27,1.15498948097229,1.25,1.2599999904632568,1.190000057220459,1.2599999904632568,708000
2023-09-28,1.15498948097229,1.25,1.2599999904632568,1.2200000286102295,1.2599999904632568,2286000
2023-09-29,1.164229393005371,1.2599999904632568,1.2699999809265137,1.2300000190734863,1.25,224000
2023-10-03,1.1272697448730469,1.2200000286102295,1.25,1.190000057220459,1.2300000190734863,1442000
2023-10-04,1.136509656906128,1.2300000190734863,1.2400000095367432,1.2100000381469727,1.2300000190734863,810000
2023-10-05,1.1272697448730469,1.2200000286102295,1.2300000190734863,1.2200000286102295,1.2200000286102295,252000
2023-10-06,1.1180298328399658,1.2100000381469727,1.2200000286102295,1.2100000381469727,1.2100000381469727,282000
2023-10-09,1.1180298328399658,1.2100000381469727,1.2400000095367432,1.2100000381469727,1.2100000381469727,834000
2023-10-10,1.145749568939209,1.2400000095367432,1.2799999713897705,1.2200000286102295,1.2200000286102295,2550000
2023-10-11,1.145749568939209,1.2400000095367432,1.2400000095367432,1.2300000190734863,1.2400000095367432,826000
2023-10-12,1.145749568939209,1.2400000095367432,1.2699999809265137,1.2400000095367432,1.25,730000
2023-10-13,1.1180298328399658,1.2100000381469727,1.2400000095367432,1.2000000476837158,1.2400000095367432,2940000
2023-10-16,1.090309977531433,1.1799999475479126,1.2200000286102295,1.1799999475479126,1.2100000381469727,3078000
2023-10-17,1.1087899208068848,1.2000000476837158,1.2100000381469727,1.190000057220459,1.2000000476837158,626000
2023-10-18,1.071830153465271,1.159999966621399,1.190000057220459,1.159999966621399,1.1799999475479126,2840000
2023-10-19,1.081070065498352,1.1699999570846558,1.1799999475479126,1.1399999856948853,1.1699999570846558,1648000
2023-10-20,1.0348705053329468,1.1200000047683716,1.159999966621399,1.1200000047683716,1.159999966621399,4640000
2023-10-24,1.0163906812667847,1.100000023841858,1.1399999856948853,1.090000033378601,1.1399999856948853,2984000
2023-10-25,1.0256305932998657,1.1100000143051147,1.1399999856948853,1.090000033378601,1.100000023841858,2476000
2023-10-26,1.0163906812667847,1.100000023841858,1.1200000047683716,1.090000033378601,1.1200000047683716,1526000
2023-10-27,1.0163906812667847,1.100000023841858,1.1200000047683716,1.090000033378601,1.090000033378601,2142000
2023-10-30,1.0163906812667847,1.100000023841858,1.100000023841858,1.090000033378601,1.090000033378601,1532000
2023-10-31,1.0163906812667847,1.100000023841858,1.100000023841858,1.090000033378601,1.090000033378601,2384000
2023-11-01,1.0163906812667847,1.100000023841858,1.100000023841858,1.090000033378601,1.090000033378601,1432000
2023-11-02,1.0163906812667847,1.100000023841858,1.100000023841858,1.090000033378601,1.100000023841858,2734000
2023-11-03,1.0071508884429932,1.090000033378601,1.100000023841858,1.090000033378601,1.100000023841858,2856000
2023-11-06,1.0163906812667847,1.100000023841858,1.100000023841858,1.090000033378601,1.100000023841858,13354000
2023-11-07,1.0163906812667847,1.100000023841858,1.1200000047683716,1.090000033378601,1.100000023841858,15570000
2023-11-08,1.0256305932998657,1.1100000143051147,1.1100000143051147,1.100000023841858,1.100000023841858,944000
2023-11-09,1.0441104173660278,1.1299999952316284,1.1699999570846558,1.100000023841858,1.1100000143051147,1630000
2023-11-10,1.090309977531433,1.1799999475479126,1.190000057220459,1.1299999952316284,1.1299999952316284,2998000
2023-11-13,1.1087899208068848,1.2000000476837158,1.25,1.1799999475479126,1.1799999475479126,5470000
2023-11-14,1.1087899208068848,1.2000000476837158,1.2400000095367432,1.1799999475479126,1.2000000476837158,2230000
2023-11-15,1.1087899208068848,1.2000000476837158,1.2100000381469727,1.190000057220459,1.2000000476837158,2036000
2023-11-16,1.0995500087738037,1.190000057220459,1.2100000381469727,1.190000057220459,1.190000057220459,2016000
2023-11-17,1.1272697448730469,1.2200000286102295,1.2200000286102295,1.190000057220459,1.2000000476837158,2556000
2023-11-20,1.1734693050384521,1.2699999809265137,1.3300000429153442,1.2300000190734863,1.2300000190734863,25532000
2023-11-21,1.2289087772369385,1.3300000429153442,1.350000023841858,1.2799999713897705,1.2799999713897705,13412000
2023-11-22,1.4229469299316406,1.5399999618530273,1.5499999523162842,1.2000000476837158,1.3600000143051147,23852000
2023-11-23,1.4229469299316406,1.5399999618530273,1.6399999856948853,1.5199999809265137,1.5399999618530273,28332000
2023-11-24,1.3490277528762817,1.4600000381469727,1.5499999523162842,1.3899999856948853,1.5399999618530273,23521000
2023-11-27,1.3859872817993164,1.5,1.559999942779541,1.440000057220459,1.4700000286102295,14178000
2023-11-28,1.3305479288101196,1.440000057220459,1.5099999904632568,1.4299999475479126,1.5099999904632568,6728000
2023-11-29,1.2196688652038574,1.3200000524520874,1.440000057220459,1.3200000524520874,1.440000057220459,6994000
2023-11-30,1.2751083374023438,1.3799999952316284,1.4299999475479126,1.3300000429153442,1.3300000429153442,8994000
2023-12-01,1.2658684253692627,1.3700000047683716,1.4500000476837158,1.3700000047683716,1.4500000476837158,2246000
2023-12-04,1.2843482494354248,1.3899999856948853,1.399999976158142,1.350000023841858,1.3700000047683716,3502000
2023-12-05,1.2843482494354248,1.3899999856948853,1.399999976158142,1.309999942779541,1.3899999856948853,9072000
2023-12-06,1.302828073501587,1.409999966621399,1.409999966621399,1.3300000429153442,1.350000023841858,3184000
2023-12-07,1.2935881614685059,1.399999976158142,1.4199999570846558,1.3899999856948853,1.409999966621399,3238000
2023-12-08,1.2843482494354248,1.3899999856948853,1.409999966621399,1.3899999856948853,1.409999966621399,2568000
2023-12-11,1.2935881614685059,1.399999976158142,1.409999966621399,1.3799999952316284,1.3899999856948853,3422000
2023-12-12,1.2935881614685059,1.399999976158142,1.4600000381469727,1.3799999952316284,1.409999966621399,3844000
2023-12-13,1.2935881614685059,1.399999976158142,1.4199999570846558,1.3799999952316284,1.399999976158142,3344000
2023-12-14,1.2935881614685059,1.399999976158142,1.409999966621399,1.3799999952316284,1.399999976158142,2050000
2023-12-15,1.2935881614685059,1.399999976158142,1.409999966621399,1.3799999952316284,1.399999976158142,2952000
2023-12-18,1.2751083374023438,1.3799999952316284,1.399999976158142,1.350000023841858,1.3799999952316284,5986000
2023-12-19,1.2566285133361816,1.3600000143051147,1.3899999856948853,1.350000023841858,1.3799999952316284,1336000
2023-12-20,1.2566285133361816,1.3600000143051147,1.3899999856948853,1.3600000143051147,1.3700000047683716,2164000
2023-12-21,1.2658684253692627,1.3700000047683716,1.3799999952316284,1.350000023841858,1.350000023841858,1192000
2023-12-22,1.2658684253692627,1.3700000047683716,1.3799999952316284,1.3700000047683716,1.3700000047683716,1464000
2023-12-27,1.2658684253692627,1.3700000047683716,1.4500000476837158,1.350000023841858,1.3700000047683716,7952000
2023-12-28,1.2751083374023438,1.3799999952316284,1.399999976158142,1.3700000047683716,1.3700000047683716,1874000
2023-12-29,1.2843482494354248,1.3899999856948853,1.399999976158142,1.3799999952316284,1.3899999856948853,1826000
2024-01-02,1.2935881614685059,1.399999976158142,1.399999976158142,1.3799999952316284,1.3899999856948853,2886000
2024-01-03,1.2843482494354248,1.3899999856948853,1.399999976158142,1.3899999856948853,1.399999976158142,1778000
2024-01-04,1.312067985534668,1.4199999570846558,1.4199999570846558,1.3899999856948853,1.3899999856948853,6368000
2024-01-05,1.2935881614685059,1.399999976158142,1.4199999570846558,1.399999976158142,1.409999966621399,7622000
2024-01-08,1.2843482494354248,1.3899999856948853,1.409999966621399,1.3899999856948853,1.399999976158142,1712000
2024-01-09,1.2935881614685059,1.399999976158142,1.409999966621399,1.3799999952316284,1.3899999856948853,2394000
2024-01-10,1.2935881614685059,1.399999976158142,1.409999966621399,1.3899999856948853,1.3899999856948853,2240000
2024-01-11,1.2843482494354248,1.3899999856948853,1.399999976158142,1.3899999856948853,1.399999976158142,1668000
2024-01-12,1.2935881614685059,1.399999976158142,1.399999976158142,1.3899999856948853,1.3899999856948853,3274000
2024-01-15,1.2843482494354248,1.3899999856948853,1.3899999856948853,1.3899999856948853,1.3899999856948853,0
2024-01-16,1.302828073501587,1.409999966621399,1.409999966621399,1.399999976158142,1.399999976158142,1616000
2024-01-17,1.2751083374023438,1.3799999952316284,1.399999976158142,1.3700000047683716,1.399999976158142,4426000
2024-01-18,1.2935881614685059,1.399999976158142,1.399999976158142,1.3799999952316284,1.3899999856948853,1100000
2024-01-19,1.302828073501587,1.409999966621399,1.409999966621399,1.3899999856948853,1.3899999856948853,1320000
2024-01-22,1.2473886013031006,1.350000023841858,1.3899999856948853,1.350000023841858,1.3899999856948853,3236000
2024-01-23,1.2566285133361816,1.3600000143051147,1.3700000047683716,1.350000023841858,1.3600000143051147,1794000
2024-01-24,1.2843482494354248,1.3899999856948853,1.3899999856948853,1.3600000143051147,1.3600000143051147,1384000
2024-01-25,1.2843482494354248,1.3899999856948853,1.399999976158142,1.3799999952316284,1.3899999856948853,1398000
2024-01-26,1.2843482494354248,1.3899999856948853,1.409999966621399,1.3799999952316284,1.3799999952316284,1458000
2024-01-29,1.302828073501587,1.409999966621399,1.4199999570846558,1.3899999856948853,1.399999976158142,3118000
2024-01-30,1.302828073501587,1.409999966621399,1.4299999475479126,1.3899999856948853,1.3899999856948853,1552000
2024-01-31,1.312067985534668,1.4199999570846558,1.4299999475479126,1.4199999570846558,1.4299999475479126,868000
2024-02-01,1.3397878408432007,1.4500000476837158,1.4500000476837158,1.4199999570846558,1.4199999570846558,1942000
2024-02-02,1.321307897567749,1.4299999475479126,1.4700000286102295,1.4299999475479126,1.440000057220459,7118000
2024-02-05,1.3952271938323975,1.5099999904632568,1.5199999809265137,1.4299999475479126,1.440000057220459,7531000
2024-02-06,1.6354650259017944,1.7699999809265137,1.7799999713897705,1.5199999809265137,1.5199999809265137,15868000
2024-02-07,1.7186243534088135,1.8600000143051147,1.8899999856948853,1.7200000286102295,1.7599999904632568,9448000
2024-02-08,1.7833036184310913,1.9299999475479126,1.9800000190734863,1.8700000047683716,1.8799999952316284,8110000
2024-02-09,1.6724246740341187,1.809999942779541,1.809999942779541,1.809999942779541,1.809999942779541,0
2024-02-14,1.7278642654418945,1.8700000047683716,1.899999976158142,1.7699999809265137,1.8200000524520874,1785000
2024-02-15,1.8479831218719482,2.0,2.1500000953674316,1.8899999856948853,1.9199999570846558,19960000
2024-02-16,1.9958218336105347,2.1600000858306885,2.200000047683716,2.0199999809265137,2.0299999713897705,9406000
2024-02-19,1.9588619470596313,2.119999885559082,2.190000057220459,2.0799999237060547,2.190000057220459,4706000
2024-02-20,1.9681020975112915,2.130000114440918,2.1500000953674316,2.0799999237060547,2.130000114440918,2501000
2024-02-21,1.9588619470596313,2.119999885559082,2.1600000858306885,2.109999895095825,2.130000114440918,2152000
2024-02-22,2.0235416889190674,2.190000057220459,2.2799999713897705,2.119999885559082,2.200000047683716,14644000
2024-02-23,1.9403822422027588,2.0999999046325684,2.259999990463257,2.049999952316284,2.200000047683716,11930000
2024-02-26,1.820263385772705,1.9700000286102295,2.0999999046325684,1.899999976158142,2.0999999046325684,12304000
2024-02-27,1.7555840015411377,1.899999976158142,1.9900000095367432,1.8200000524520874,1.9800000190734863,6136000
2024-02-28,1.7371041774749756,1.8799999952316284,1.909999966621399,1.8200000524520874,1.8700000047683716,2870000
2024-02-29,1.8664629459381104,2.0199999809265137,2.0799999237060547,1.8899999856948853,1.9700000286102295,10648000
2024-03-01,1.7740637063980103,1.9199999570846558,2.069999933242798,1.850000023841858,2.069999933242798,9098000
2024-03-04,1.8479831218719482,2.0,2.0199999809265137,1.909999966621399,1.9199999570846558,6779500
2024-03-05,1.8664629459381104,2.0199999809265137,2.0299999713897705,1.9700000286102295,2.0,6611000
2024-03-06,1.9034225940704346,2.059999942779541,2.0799999237060547,2.0199999809265137,2.0199999809265137,5950000
2024-03-07,1.8941826820373535,2.049999952316284,2.109999895095825,2.0199999809265137,2.109999895095825,9068000
2024-03-08,1.9681020975112915,2.130000114440918,2.1700000762939453,2.049999952316284,2.049999952316284,3882000
2024-03-11,2.0420212745666504,2.2100000381469727,2.25,2.130000114440918,2.130000114440918,10154000
2024-03-12,2.143660306930542,2.319999933242798,2.380000114440918,2.2100000381469727,2.240000009536743,15366000
2024-03-13,1.9403822422027588,2.0999999046325684,2.3299999237060547,1.9900000095367432,2.309999942779541,27958000
2024-03-14,1.9126625061035156,2.069999933242798,2.0999999046325684,1.9700000286102295,2.109999895095825,13416000
2024-03-15,1.9681020975112915,2.130000114440918,2.140000104904175,2.0299999713897705,2.0999999046325684,5218000
2024-03-18,1.9126625061035156,2.069999933242798,2.140000104904175,2.049999952316284,2.109999895095825,5724000
2024-03-19,1.9496221542358398,2.109999895095825,2.109999895095825,2.049999952316284,2.049999952316284,4634000
2024-03-20,1.9588619470596313,2.119999885559082,2.1500000953674316,2.0999999046325684,2.109999895095825,3442000
2024-03-21,1.9311423301696777,2.0899999141693115,2.1500000953674316,2.0799999237060547,2.109999895095825,5936000
2024-03-22,1.9681020975112915,2.130000114440918,2.1600000858306885,2.0799999237060547,2.0899999141693115,6984000
2024-03-25,1.9311423301696777,2.0899999141693115,2.130000114440918,2.0799999237060547,2.119999885559082,1992000
2024-03-26,1.8941826820373535,2.049999952316284,2.0999999046325684,2.009999990463257,2.0799999237060547,5764000
2024-03-27,1.8941826820373535,2.049999952316284,2.069999933242798,2.0,2.0399999618530273,2144000
2024-03-28,1.8479831218719482,2.0,2.049999952316284,2.0,2.049999952316284,2862000
2024-04-02,1.8941826820373535,2.049999952316284,2.059999942779541,2.009999990463257,2.0199999809265137,1802000
2024-04-03,1.9219024181365967,2.0799999237060547,2.0799999237060547,2.009999990463257,2.0299999713897705,3740000
2024-04-05,1.8757028579711914,2.0299999713897705,2.069999933242798,2.0199999809265137,2.059999942779541,3618000
2024-04-08,1.8941826820373535,2.049999952316284,2.0999999046325684,2.049999952316284,2.069999933242798,1280000
2024-04-09,1.9034225940704346,2.059999942779541,2.0999999046325684,2.0199999809265137,2.0399999618530273,2480000
2024-04-10,1.9034225940704346,2.059999942779541,2.0799999237060547,2.0199999809265137,2.069999933242798,3710000
2024-04-11,1.8757028579711914,2.0299999713897705,2.0899999141693115,2.0199999809265137,2.0399999618530273,3264000
2024-04-12,1.8757028579711914,2.0299999713897705,2.059999942779541,2.009999990463257,2.059999942779541,1844000
2024-04-15,1.8572230339050293,2.009999990463257,2.0199999809265137,2.0,2.009999990463257,1308200
2024-04-16,1.8572230339050293,2.009999990463257,2.059999942779541,2.0,2.059999942779541,4282000
2024-04-17,1.8664629459381104,2.0199999809265137,2.049999952316284,2.0,2.009999990463257,862000
2024-04-18,1.9034225940704346,2.059999942779541,2.0799999237060547,2.0199999809265137,2.0199999809265137,2506000
2024-04-19,1.9034225940704346,2.059999942779541,2.059999942779541,2.0399999618530273,2.049999952316284,518000
2024-04-22,1.8664629459381104,2.0199999809265137,2.059999942779541,2.009999990463257,2.059999942779541,3502000
2024-04-23,1.8849427700042725,2.0399999618530273,2.049999952316284,2.0199999809265137,2.0199999809265137,1896000
2024-04-24,1.8849427700042725,2.0399999618530273,2.0399999618530273,2.0,2.0399999618530273,5282000
2024-04-25,1.8757028579711914,2.0299999713897705,2.049999952316284,2.0299999713897705,2.0399999618530273,2114000
2024-04-26,1.8849427700042725,2.0399999618530273,2.069999933242798,2.0299999713897705,2.0399999618530273,2302000
2024-04-29,1.9496221542358398,2.109999895095825,2.1500000953674316,2.049999952316284,2.049999952316284,5624000
2024-04-30,1.9034225940704346,2.059999942779541,2.0999999046325684,2.0399999618530273,2.0999999046325684,2134000
2024-05-02,1.9403822422027588,2.0999999046325684,2.0999999046325684,2.0399999618530273,2.059999942779541,4062000
2024-05-03,1.9126625061035156,2.069999933242798,2.0999999046325684,2.049999952316284,2.0999999046325684,588000
2024-05-06,1.9403822422027588,2.0999999046325684,2.130000114440918,2.069999933242798,2.069999933242798,2580000
2024-05-07,2.0420212745666504,2.2100000381469727,2.259999990463257,2.0799999237060547,2.0999999046325684,6288000
2024-05-08,1.9496221542358398,2.109999895095825,2.2200000286102295,2.0799999237060547,2.2100000381469727,6570000
2024-05-09,2.0605010986328125,2.2300000190734863,2.2300000190734863,2.1500000953674316,2.180000066757202,5210000
2024-05-10,2.12518048286438,2.299999952316284,2.319999933242798,2.1500000953674316,2.2300000190734863,7572000
2024-05-13,2.263779401779175,2.450000047683716,2.4800000190734863,2.2699999809265137,2.299999952316284,12718000
2024-05-14,2.2360596656799316,2.4200000762939453,2.490000009536743,2.4100000858306885,2.4700000286102295,7150000
2024-05-16,2.0050618648529053,2.1700000762939453,2.4200000762939453,2.1600000858306885,2.4200000762939453,45336000
2024-05-17,2.0697410106658936,2.240000009536743,2.240000009536743,2.109999895095825,2.190000057220459,12109304
2024-05-20,2.152900218963623,2.3299999237060547,2.3399999141693115,2.2100000381469727,2.25,3542000
2024-05-21,2.12518048286438,2.299999952316284,2.3299999237060547,2.240000009536743,2.3299999237060547,4530000
2024-05-22,2.180619955062866,2.359999895095825,2.390000104904175,2.299999952316284,2.319999933242798,6078000
2024-05-23,2.1898598670959473,2.369999885559082,2.440000057220459,2.319999933242798,2.3499999046325684,8106000
2024-05-24,2.171380043029785,2.3499999046325684,2.4000000953674316,2.3299999237060547,2.369999885559082,3206000
2024-05-27,2.1067006587982178,2.2799999713897705,2.3299999237060547,2.259999990463257,2.3299999237060547,9102000
2024-05-28,2.0882208347320557,2.259999990463257,2.2799999713897705,2.2300000190734863,2.2799999713897705,3682000
2024-05-29,2.0605010986328125,2.2300000190734863,2.2799999713897705,2.2100000381469727,2.2300000190734863,4946000
2024-05-30,2.0512611865997314,2.2200000286102295,2.2300000190734863,2.1700000762939453,2.2300000190734863,4038000
2024-05-31,2.0512611865997314,2.2200000286102295,2.2300000190734863,2.1600000858306885,2.1700000762939453,5228000
2024-06-03,2.0143017768859863,2.180000066757202,2.2100000381469727,2.1700000762939453,2.200000047683716,3896000
2024-06-04,2.0327813625335693,2.200000047683716,2.2899999618530273,2.1600000858306885,2.190000057220459,29132000
2024-06-05,2.0512611865997314,2.2200000286102295,2.2799999713897705,2.1700000762939453,2.2300000190734863,30294000
2024-06-06,2.0143017768859863,2.180000066757202,2.3499999046325684,2.140000104904175,2.240000009536743,34610000
2024-06-07,1.9773420095443726,2.140000104904175,2.180000066757202,1.9800000190734863,2.180000066757202,28922000
2024-06-11,1.9681020975112915,2.130000114440918,2.1700000762939453,2.069999933242798,2.140000104904175,11766000
2024-06-12,1.9773420095443726,2.140000104904175,2.1700000762939453,2.109999895095825,2.130000114440918,9024000
2024-06-13,2.0143017768859863,2.180000066757202,2.190000057220459,2.119999885559082,2.1700000762939453,6648000
2024-06-14,2.0882208347320557,2.259999990463257,2.309999942779541,2.180000066757202,2.200000047683716,17522000
2024-06-17,2.0789809226989746,2.25,2.309999942779541,2.2100000381469727,2.259999990463257,13355500
2024-06-18,2.12518048286438,2.299999952316284,2.3399999141693115,2.240000009536743,2.2899999618530273,9914000
2024-06-19,2.12518048286438,2.299999952316284,2.3499999046325684,2.240000009536743,2.319999933242798,23086000
2024-06-20,2.0789809226989746,2.25,2.3499999046325684,2.240000009536743,2.299999952316284,14254000
2024-06-21,1.9865819215774536,2.1500000953674316,2.299999952316284,1.9900000095367432,2.299999952316284,38930000
2024-06-24,1.9773420095443726,2.140000104904175,2.190000057220459,2.0899999141693115,2.190000057220459,18302000
2024-06-25,1.9865819215774536,2.1500000953674316,2.190000057220459,2.0899999141693115,2.1500000953674316,18024000
2024-06-26,1.9865819215774536,2.1500000953674316,2.200000047683716,2.109999895095825,2.140000104904175,17547304
2024-06-27,1.8941826820373535,2.049999952316284,2.190000057220459,2.0399999618530273,2.190000057220459,20234000
2024-06-28,1.2381486892700195,1.340000033378601,2.0199999809265137,1.190000057220459,2.0,173842000
2024-07-02,1.2381486892700195,1.340000033378601,1.340000033378601,1.340000033378601,1.340000033378601,0
2024-07-03,1.312067985534668,1.4199999570846558,1.4800000190734863,1.3200000524520874,1.350000023841858,75034000
2024-07-04,1.2935881614685059,1.399999976158142,1.440000057220459,1.340000033378601,1.440000057220459,29614000
2024-07-05,1.2658684253692627,1.3700000047683716,1.4500000476837158,1.3700000047683716,1.3899999856948853,22274000
2024-07-08,1.2658684253692627,1.3700000047683716,1.399999976158142,1.309999942779541,1.3700000047683716,25920000
2024-07-09,1.2566285133361816,1.3600000143051147,1.399999976158142,1.3200000524520874,1.340000033378601,27692000
2024-07-10,1.302828073501587,1.409999966621399,1.4199999570846558,1.350000023841858,1.3600000143051147,17006000
2024-07-11,1.3490277528762817,1.4600000381469727,1.4900000095367432,1.409999966621399,1.409999966621399,20304000
2024-07-12,1.3397878408432007,1.4500000476837158,1.5,1.440000057220459,1.4600000381469727,8394000
2024-07-15,1.3490277528762817,1.4600000381469727,1.4800000190734863,1.4299999475479126,1.4299999475479126,6300000
2024-07-16,1.312067985534668,1.4199999570846558,1.4600000381469727,1.4199999570846558,1.4500000476837158,3066001
2024-07-17,1.2843482494354248,1.3899999856948853,1.440000057220459,1.3799999952316284,1.409999966621399,4810000
2024-07-18,1.312067985534668,1.4199999570846558,1.4299999475479126,1.3799999952316284,1.4199999570846558,2508000
2024-07-19,1.312067985534668,1.4199999570846558,1.4500000476837158,1.409999966621399,1.4299999475479126,4786000
2024-07-22,1.340000033378601,1.340000033378601,1.3600000143051147,1.309999942779541,1.3300000429153442,7158000
2024-07-23,1.3799999952316284,1.3799999952316284,1.399999976158142,1.350000023841858,1.3600000143051147,7900001
2024-07-24,1.3600000143051147,1.3600000143051147,1.3899999856948853,1.350000023841858,1.3899999856948853,7974000
2024-07-25,1.3700000047683716,1.3700000047683716,1.3899999856948853,1.340000033378601,1.3600000143051147,5074000
2024-07-26,1.3899999856948853,1.3899999856948853,1.3899999856948853,1.3600000143051147,1.3600000143051147,3528000
2024-07-29,1.4600000381469727,1.4600000381469727,1.4700000286102295,1.3600000143051147,1.3899999856948853,20186000
2024-07-30,1.440000057220459,1.440000057220459,1.4700000286102295,1.409999966621399,1.4700000286102295,7062000
2024-07-31,1.4600000381469727,1.4600000381469727,1.4900000095367432,1.4199999570846558,1.4199999570846558,12990000
2024-08-01,1.4800000190734863,1.4800000190734863,1.5,1.4500000476837158,1.5,3808000
2024-08-02,1.4800000190734863,1.4800000190734863,1.5,1.4500000476837158,1.4500000476837158,5170000
2024-08-05,1.4299999475479126,1.4299999475479126,1.4700000286102295,1.3899999856948853,1.4199999570846558,17500000
2024-08-06,1.440000057220459,1.440000057220459,1.4700000286102295,1.399999976158142,1.4299999475479126,6506000
2024-08-07,1.4700000286102295,1.4700000286102295,1.4900000095367432,1.4500000476837158,1.4700000286102295,4324000
2024-08-08,1.5,1.5,1.5,1.4500000476837158,1.4500000476837158,3230000
2024-08-09,1.4700000286102295,1.4700000286102295,1.5,1.4700000286102295,1.5,2868000
2024-08-12,1.4700000286102295,1.4700000286102295,1.4900000095367432,1.440000057220459,1.4600000381469727,7254000
2024-08-13,1.5,1.5,1.5099999904632568,1.4700000286102295,1.4700000286102295,3656000
2024-08-14,1.4500000476837158,1.4500000476837158,1.5399999618530273,1.440000057220459,1.5,8614000
2024-08-15,1.4700000286102295,1.4700000286102295,1.4700000286102295,1.4500000476837158,1.4500000476837158,4078000
2024-08-16,1.440000057220459,1.440000057220459,1.4800000190734863,1.4299999475479126,1.4700000286102295,3862000
2024-08-19,1.4199999570846558,1.4199999570846558,1.4500000476837158,1.3799999952316284,1.4500000476837158,4268000
2024-08-20,1.3899999856948853,1.3899999856948853,1.409999966621399,1.3600000143051147,1.409999966621399,3816000
2024-08-21,1.3799999952316284,1.3799999952316284,1.3799999952316284,1.3600000143051147,1.3700000047683716,806000
2024-08-22,1.340000033378601,1.340000033378601,1.3799999952316284,1.309999942779541,1.3700000047683716,5016000
2024-08-23,1.3300000429153442,1.3300000429153442,1.3600000143051147,1.3200000524520874,1.3200000524520874,1674000
2024-08-26,1.3200000524520874,1.3200000524520874,1.3300000429153442,1.2999999523162842,1.3300000429153442,2652000
2024-08-27,1.3200000524520874,1.3200000524520874,1.340000033378601,1.309999942779541,1.3200000524520874,1644000
2024-08-28,1.2899999618530273,1.2899999618530273,1.3200000524520874,1.2799999713897705,1.309999942779541,3240000
2024-08-29,1.2899999618530273,1.2899999618530273,1.2999999523162842,1.2599999904632568,1.2899999618530273,4624000
2024-08-30,1.2899999618530273,1.2899999618530273,1.309999942779541,1.2799999713897705,1.2799999713897705,3164000
2024-09-02,1.25,1.25,1.3200000524520874,1.2400000095367432,1.3200000524520874,3052000
2024-09-03,1.2000000476837158,1.2000000476837158,1.2400000095367432,1.1699999570846558,1.2400000095367432,9376000
2024-09-04,1.2200000286102295,1.2200000286102295,1.2200000286102295,1.1699999570846558,1.1799999475479126,3740000
2024-09-05,1.190000057220459,1.190000057220459,1.2100000381469727,1.1699999570846558,1.2000000476837158,1808000
2024-09-09,1.1200000047683716,1.1200000047683716,1.1799999475479126,1.1100000143051147,1.1799999475479126,5506000
2024-09-10,1.1799999475479126,1.1799999475479126,1.190000057220459,1.1200000047683716,1.1299999952316284,2688000
2024-09-11,1.1399999856948853,1.1399999856948853,1.1799999475479126,1.1200000047683716,1.1799999475479126,2046000
2024-09-12,1.149999976158142,1.149999976158142,1.1799999475479126,1.1299999952316284,1.1399999856948853,1216000
2024-09-13,1.1699999570846558,1.1699999570846558,1.190000057220459,1.149999976158142,1.149999976158142,1686000
2024-09-16,1.1699999570846558,1.1699999570846558,1.190000057220459,1.159999966621399,1.159999966621399,1338000
2024-09-17,1.190000057220459,1.190000057220459,1.2100000381469727,1.159999966621399,1.159999966621399,1106000
2024-09-19,1.2300000190734863,1.2300000190734863,1.2400000095367432,1.190000057220459,1.190000057220459,2892000
2024-09-20,1.2300000190734863,1.2300000190734863,1.2400000095367432,1.2200000286102295,1.2300000190734863,2490000
2024-09-23,1.2300000190734863,1.2300000190734863,1.25,1.2100000381469727,1.2300000190734863,2192000
2024-09-24,1.2699999809265137,1.2699999809265137,1.2799999713897705,1.2200000286102295,1.2200000286102295,3642000
2024-09-25,1.25,1.25,1.2899999618530273,1.2400000095367432,1.2899999618530273,7230000
2024-09-26,1.2999999523162842,1.2999999523162842,1.2999999523162842,1.2200000286102295,1.2400000095367432,9302000
2024-09-27,1.2999999523162842,1.2999999523162842,1.350000023841858,1.2699999809265137,1.3300000429153442,7816000
2024-09-30,1.3899999856948853,1.3899999856948853,1.4199999570846558,1.309999942779541,1.3200000524520874,20832000
2024-10-02,1.4700000286102295,1.4700000286102295,1.4700000286102295,1.3799999952316284,1.3899999856948853,27750000
2024-10-03,1.3899999856948853,1.3899999856948853,1.4700000286102295,1.3600000143051147,1.4700000286102295,10568000
2024-10-04,1.4700000286102295,1.4700000286102295,1.4800000190734863,1.3799999952316284,1.3799999952316284,11664000
2024-10-07,1.5199999809265137,1.5199999809265137,1.5399999618530273,1.4700000286102295,1.4900000095367432,17256000
2024-10-08,1.3200000524520874,1.3200000524520874,1.5199999809265137,1.3200000524520874,1.5199999809265137,19106000
2024-10-09,1.2599999904632568,1.2599999904632568,1.3600000143051147,1.25,1.3600000143051147,23550000
2024-10-10,1.3200000524520874,1.3200000524520874,1.350000023841858,1.2699999809265137,1.2699999809265137,7492000
2024-10-14,1.2799999713897705,1.2799999713897705,1.3200000524520874,1.2699999809265137,1.3200000524520874,4088000
2024-10-15,1.25,1.25,1.2999999523162842,1.2100000381469727,1.2799999713897705,10452000
2024-10-16,1.2400000095367432,1.2400000095367432,1.2699999809265137,1.2300000190734863,1.2400000095367432,5764000
2024-10-17,1.2300000190734863,1.2300000190734863,1.2799999713897705,1.2100000381469727,1.25,5770000
2024-10-18,1.2799999713897705,1.2799999713897705,1.2899999618530273,1.2200000286102295,1.2400000095367432,5550000
2024-10-21,1.2300000190734863,1.2300000190734863,1.2799999713897705,1.2300000190734863,1.2799999713897705,5026000
2024-10-22,1.2300000190734863,1.2300000190734863,1.2599999904632568,1.2200000286102295,1.25,2666000
2024-10-23,1.25,1.25,1.2699999809265137,1.2400000095367432,1.25,4618000
2024-10-24,1.2300000190734863,1.2300000190734863,1.2400000095367432,1.2100000381469727,1.2400000095367432,5960000
2024-10-25,1.2300000190734863,1.2300000190734863,1.2400000095367432,1.2100000381469727,1.2300000190734863,2278000
2024-10-28,1.2400000095367432,1.2400000095367432,1.25,1.2000000476837158,1.2300000190734863,2583000
2024-10-29,1.2300000190734863,1.2300000190734863,1.2599999904632568,1.2200000286102295,1.2400000095367432,2108000
2024-10-30,1.2100000381469727,1.2100000381469727,1.2300000190734863,1.2000000476837158,1.2300000190734863,2648000
2024-10-31,1.2000000476837158,1.2000000476837158,1.2100000381469727,1.190000057220459,1.2100000381469727,5162000
2024-11-01,1.2400000095367432,1.2400000095367432,1.2400000095367432,1.2000000476837158,1.2000000476837158,2891000
2024-11-04,1.2699999809265137,1.2699999809265137,1.2699999809265137,1.2100000381469727,1.2100000381469727,3304000
2024-11-05,1.2999999523162842,1.2999999523162842,1.3200000524520874,1.2400000095367432,1.2400000095367432,9332250
2024-11-06,1.2999999523162842,1.2999999523162842,1.3200000524520874,1.2799999713897705,1.2799999713897705,9174000
2024-11-07,1.3200000524520874,1.3200000524520874,1.3200000524520874,1.2799999713897705,1.2799999713897705,2680000
2024-11-08,1.350000023841858,1.350000023841858,1.3899999856948853,1.2799999713897705,1.3200000524520874,10252000
2024-11-11,1.3200000524520874,1.3200000524520874,1.3200000524520874,1.2899999618530273,1.2999999523162842,4678000
2024-11-12,1.2899999618530273,1.2899999618530273,1.3300000429153442,1.2699999809265137,1.3200000524520874,8170000
2024-11-13,1.2599999904632568,1.2599999904632568,1.2899999618530273,1.25,1.2599999904632568,3066000
2024-11-14,1.2200000286102295,1.2200000286102295,1.340000033378601,1.2200000286102295,1.2799999713897705,19672000
2024-11-15,1.2400000095367432,1.2400000095367432,1.25,1.2200000286102295,1.2400000095367432,1162000
2024-11-18,1.2100000381469727,1.2100000381469727,1.2400000095367432,1.2100000381469727,1.2400000095367432,1598000
2024-11-19,1.2300000190734863,1.2300000190734863,1.2300000190734863,1.2100000381469727,1.2300000190734863,544000
2024-11-20,1.2200000286102295,1.2200000286102295,1.2300000190734863,1.2100000381469727,1.2300000190734863,1642000
2024-11-21,1.2100000381469727,1.2100000381469727,1.2200000286102295,1.2000000476837158,1.2200000286102295,2350000
2024-11-22,1.190000057220459,1.190000057220459,1.2200000286102295,1.1799999475479126,1.2200000286102295,6176000
2024-11-25,1.1699999570846558,1.1699999570846558,1.190000057220459,1.1699999570846558,1.190000057220459,1814000
2024-11-26,1.1699999570846558,1.1699999570846558,1.1799999475479126,1.1699999570846558,1.1799999475479126,942000
2024-11-27,1.1699999570846558,1.1699999570846558,1.1799999475479126,1.159999966621399,1.1699999570846558,2670000
2024-11-28,1.1699999570846558,1.1699999570846558,1.1799999475479126,1.1299999952316284,1.1699999570846558,4024000
2024-11-29,1.2000000476837158,1.2000000476837158,1.2000000476837158,1.159999966621399,1.1799999475479126,1704000
2024-12-02,1.2000000476837158,1.2000000476837158,1.2000000476837158,1.1399999856948853,1.1699999570846558,10856000
2024-12-03,1.2100000381469727,1.2100000381469727,1.2200000286102295,1.190000057220459,1.2000000476837158,1612000
2024-12-04,1.2000000476837158,1.2000000476837158,1.2100000381469727,1.190000057220459,1.2100000381469727,638000
2024-12-05,1.1699999570846558,1.1699999570846558,1.2000000476837158,1.159999966621399,1.190000057220459,8468001
2024-12-06,1.190000057220459,1.190000057220459,1.190000057220459,1.1699999570846558,1.1699999570846558,801336
2024-12-09,1.2300000190734863,1.2300000190734863,1.2300000190734863,1.1699999570846558,1.190000057220459,7144000
2024-12-10,1.190000057220459,1.190000057220459,1.2699999809265137,1.190000057220459,1.2400000095367432,13867001
2024-12-11,1.2200000286102295,1.2200000286102295,1.2200000286102295,1.190000057220459,1.2000000476837158,1556000
2024-12-12,1.2200000286102295,1.2200000286102295,1.2200000286102295,1.190000057220459,1.2000000476837158,1630000
2024-12-13,1.1799999475479126,1.1799999475479126,1.2100000381469727,1.1799999475479126,1.2100000381469727,3994000
