Date,Close,High,Low,Open,Volume
2013-11-13,2.7091238498687744,2.8344570945980223,2.6609188441496787,2.728405852156413,46811000
2013-11-14,2.6994829177856445,2.747687924737966,2.680200915004716,2.7187649205665734,3850000
2013-11-15,2.7284059524536133,2.7284059524536133,2.6898419464607097,2.6994829479589355,4178000
2013-11-18,2.6994829177856445,2.805534162940356,2.603072903881002,2.7284059219570374,5860000
2013-11-19,2.6802008152008057,2.718764819326637,2.6705598141693483,2.718764819326637,2156000
2013-11-20,2.6994829177856445,2.709123919176109,2.631995908052395,2.6705599136142517,1224000
2013-11-21,2.6994829177856445,2.6994829177856445,2.641636909442859,2.6994829177856445,684000
2013-11-22,2.6802008152008057,2.6994828172637213,2.6512778121064327,2.6994828172637213,450000
2013-11-25,2.6319961547851562,2.6802011662563885,2.6319961547851562,2.651278159373649,462000
2013-11-26,2.651277780532837,2.6705597823661265,2.612713776866258,2.651277780532837,264000
2013-11-27,2.641637086868286,2.6609190909442897,2.593432076678278,2.6609190909442897,496000
2013-11-28,2.651277780532837,2.6705597823661265,2.5837907741163235,2.603072775949613,1008000
2013-11-29,2.641637086868286,2.651278088906288,2.6030730787162795,2.6030730787162795,426000
2013-12-02,2.651277780532837,2.6994827851160608,2.5837907741163235,2.5934317750329683,666000
2013-12-03,2.6319961547851562,2.6609191616678953,2.5837911433139245,2.62235515249091,1734000
2013-12-04,2.6319961547851562,2.6416371570794026,2.593432145608171,2.603073147902417,450000
2013-12-05,2.6223549842834473,2.6319959859592847,2.5837909775800982,2.6030729809317728,1214000
2013-12-06,2.5934321880340576,2.631996197841911,2.5934321880340576,2.603073190486021,176000
2013-12-09,2.6030728816986084,2.6030728816986084,2.5741498777736864,2.593431880390301,656000
2013-12-10,2.5837910175323486,2.593432019357261,2.5837910175323486,2.5837910175323486,490000
2013-12-11,2.5837910175323486,2.593432019357261,2.5837910175323486,2.5837910175323486,478000
2013-12-12,2.6030728816986084,2.680200892165067,2.5837908790819935,2.5837908790819935,240000
2013-12-13,2.6030728816986084,2.6030728816986084,2.5066626387559325,2.6030728816986084,212000
2013-12-16,2.6030728816986084,2.6319958856235304,2.5452268738487644,2.6319958856235304,250000
2013-12-17,2.641637086868286,2.689842097058295,2.6030730787162795,2.6030730787162795,484000
2013-12-18,2.651277780532837,2.651277780532837,2.612713776866258,2.612713776866258,246000
2013-12-19,2.641637086868286,2.7284061052103015,2.6030730787162795,2.6609190909442897,462000
2013-12-20,2.670560121536255,2.6898421258184237,2.6030731065486634,2.641637115113001,736000
2013-12-23,2.6802008152008057,2.6898418162322635,2.603072806949144,2.6802008152008057,308000
2013-12-24,2.670560121536255,2.6898421258184237,2.641637115113001,2.6802011236773393,78000
2013-12-27,2.670560121536255,2.7091241301005926,2.670560121536255,2.670560121536255,494000
2013-12-30,2.757328987121582,2.8248162282072795,2.699482977499221,2.699482977499221,1690000
2013-12-31,2.776611089706421,2.892303103514389,2.74768785639483,2.795893092007749,792000
2014-01-02,2.795893430709839,2.795893430709839,2.7284061846200047,2.766970193894409,382000
2014-01-03,2.786252021789551,2.795893022701227,2.7380467873715766,2.7380467873715766,476000
2014-01-06,2.8055343627929688,2.8730213773336652,2.603073089311259,2.603073089311259,1356000
2014-01-07,2.795893430709839,2.8440984423028444,2.738047186938606,2.8440984423028444,888000
2014-01-08,2.747688055038452,2.815175297831677,2.747688055038452,2.815175297831677,158000
2014-01-09,2.786252021789551,2.824816025436256,2.747687788283253,2.7766110208778745,1012000
2014-01-10,2.786252021789551,2.844098027259608,2.757328789194929,2.844098027259608,328000
2014-01-13,2.776611089706421,2.844098097761069,2.74768785639483,2.844098097761069,304000
2014-01-14,2.747688055038452,2.79589329413636,2.728406051343135,2.79589329413636,154000
2014-01-15,2.7091238498687744,2.7958930900227457,2.7091238498687744,2.728405852156413,52000
2014-01-16,2.747688055038452,2.79589329413636,2.709124047647818,2.709124047647818,386000
2014-01-17,2.7380471229553223,2.8151753695614077,2.69948311458209,2.7958933653747917,54000
2014-01-20,2.747688055038452,2.776611290441043,2.6319960328665495,2.7862522922887014,188000
2014-01-21,2.757328987121582,2.757328987121582,2.6705599726880407,2.786252221792372,226000
2014-01-22,2.776611089706421,2.776611089706421,2.728405854093502,2.757328857545494,380000
2014-01-23,2.757328987121582,2.7766112201886455,2.7380469839141286,2.7669699887253087,484000
2014-01-24,2.747688055038452,2.7573290568861104,2.6223550310188912,2.747688055038452,518000
2014-01-27,2.7380471229553223,2.7476881250486302,2.6609191062088575,2.7476881250486302,290000
2014-01-28,2.766970157623291,2.8055343962517987,2.738047151046628,2.738047151046628,242000
2014-01-29,2.776611089706421,2.776611089706421,2.680200848340182,2.766969858696158,136000
2014-01-30,2.776611089706421,2.795893092007749,2.69948285064151,2.795893092007749,186000
2014-02-04,2.757328987121582,2.786252221792372,2.699482977499221,2.699482977499221,224000
2014-02-05,2.747688055038452,2.815175297831677,2.660919038409525,2.7862522922887014,126000
2014-02-06,2.747688055038452,2.776611290441043,2.6994830458001595,2.7862522922887014,48000
2014-02-07,2.757328987121582,2.7766112201886455,2.699482977499221,2.7766112201886455,118000
2014-02-10,2.747688055038452,2.7573290568861104,2.680201042104842,2.7862522922887014,466000
2014-02-11,2.7187650203704834,2.7380470238592403,2.689842015137348,2.7091240186261047,114000
2014-02-12,2.776611089706421,2.8248160954597408,2.69948285064151,2.709123851792174,1836000
2014-02-13,2.6994829177856445,2.805534162940356,2.6512779108333233,2.7766111587689633,1658000
2014-02-14,2.7187650203704834,3.0079953025614516,2.699483016881726,2.7380470238592403,3106000
2014-02-17,2.7091238498687744,2.7958930900227457,2.680200846437317,2.728405852156413,1166000
2014-02-18,2.7380471229553223,2.7380471229553223,2.718765118768706,2.718765118768706,98000
2014-02-19,2.7187650203704834,2.7862522624407458,2.699483016881726,2.7380470238592403,198000
2014-02-20,2.660918951034546,2.7380469632832085,2.660918951034546,2.7380469632832085,16000
2014-02-21,2.6994829177856445,2.709123919176109,2.6705599136142517,2.6705599136142517,108000
2014-02-24,2.6319961547851562,2.7284061777276203,2.6319961547851562,2.7284061777276203,110000
2014-02-25,2.6802008152008057,2.74768782242101,2.641636811074975,2.709123818295179,258000
2014-02-26,2.6898419857025146,2.6898419857025146,2.6223549742303724,2.6416369775081274,356000
2014-02-27,2.6898419857025146,2.6898419857025146,2.6898419857025146,2.6898419857025146,4000
2014-02-28,2.6898419857025146,2.699482987341392,2.6512779791470047,2.6512779791470047,156000
2014-03-03,2.6898419857025146,2.747687995535779,2.6416369775081274,2.6898419857025146,130000
2014-03-04,2.6898419857025146,2.7091239889802696,2.525944727981988,2.603072970952618,252000
2014-03-05,2.6898419857025146,2.699482987341392,2.699482987341392,2.699482987341392,110000
2014-03-06,2.6898419857025146,2.728405992258024,2.6898419857025146,2.6898419857025146,414000
2014-03-07,2.6994829177856445,2.6994829177856445,2.6898419163951806,2.6994829177856445,176000
2014-03-10,2.7091238498687744,2.728405852156413,2.6609188441496787,2.6994828487249554,744000
2014-03-11,2.6994829177856445,2.709123919176109,2.641636909442859,2.709123919176109,478000
2014-03-12,2.6319961547851562,2.699483170844881,2.603073147902417,2.670560163962142,720000
2014-03-13,2.6030728816986084,2.699482894781682,2.6030728816986084,2.6898418934733743,122000
2014-03-14,2.651277780532837,2.689841784199416,2.6223547777829026,2.6802007832827712,410000
2014-03-17,2.651277780532837,2.651277780532837,2.603072775949613,2.651277780532837,360000
2014-03-18,2.660918951034546,2.699482957158877,2.6223549449102146,2.699482957158877,40000
2014-03-19,2.6898419857025146,2.6898419857025146,2.6223549742303724,2.6898419857025146,176000
2014-03-20,2.6223549842834473,2.680200994338471,2.6223549842834473,2.680200994338471,26000
2014-03-21,2.6127138137817383,2.680200821151787,2.6127138137817383,2.680200821151787,52000
2014-03-24,2.6802008152008057,2.6802008152008057,2.603072806949144,2.6705598141693483,346000
2014-03-25,2.6802008152008057,2.6994828172637213,2.603072806949144,2.6802008152008057,126000
2014-03-26,2.670560121536255,2.6898421258184237,2.612714108689748,2.6898421258184237,48000
2014-03-27,2.6030728816986084,2.680200892165067,2.6030728816986084,2.680200892165067,64000
2014-03-28,2.651277780532837,2.651277780532837,2.5837907741163235,2.651277780532837,376000
2014-03-31,2.6319961547851562,2.651278159373649,2.6319961547851562,2.651278159373649,4000
2014-04-01,2.641637086868286,2.641637086868286,2.583791074640276,2.583791074640276,86000
2014-04-02,2.6319961547851562,2.6319961547851562,2.62235515249091,2.62235515249091,52000
2014-04-03,2.6319961547851562,2.651278159373649,2.6319961547851562,2.6416371570794026,322000
2014-04-04,2.6802008152008057,2.6994828172637213,2.612713807980602,2.612713807980602,94000
2014-04-07,2.651277780532837,2.651277780532837,2.651277780532837,2.651277780532837,18000
2014-04-08,2.6030728816986084,2.699482894781682,2.6030728816986084,2.699482894781682,40000
2014-04-09,2.670560121536255,2.670560121536255,2.641637115113001,2.6609191193951705,66000
2014-04-10,2.670560121536255,2.670560121536255,2.6030731065486634,2.670560121536255,90000
2014-04-11,2.6802008152008057,2.74768782242101,2.603072806949144,2.74768782242101,36000
2014-04-14,2.660918951034546,2.6802009540967116,2.603072941848049,2.6802009540967116,14000
2014-04-15,2.670560121536255,2.6898421258184237,2.545227093702156,2.6609191193951705,758000
2014-04-16,2.651277780532837,2.6994827851160608,2.651277780532837,2.6994827851160608,274000
2014-04-17,2.670560121536255,2.699483127959508,2.6030731065486634,2.6030731065486634,136000
2014-04-22,2.660918951034546,2.6802009540967116,2.612713943379132,2.6802009540967116,218000
2014-04-23,2.6994829177856445,2.6994829177856445,2.641636909442859,2.680200915004716,478000
2014-04-24,2.6994829177856445,2.7284059219570374,2.6512779108333233,2.7284059219570374,174000
2014-04-25,2.670560121536255,2.6898421258184237,2.670560121536255,2.6898421258184237,10000
2014-04-28,2.651277780532837,2.6802007832827712,2.651277780532837,2.6705597823661265,26000
2014-04-29,2.5934321880340576,2.7380472248135073,2.5934321880340576,2.7380472248135073,638000
2014-04-30,2.6127138137817383,2.6416368169403306,2.5645088085174175,2.6416368169403306,240000
2014-05-02,2.6030728816986084,2.622354884315223,2.622354884315223,2.622354884315223,2000
2014-05-05,2.5741498470306396,2.6416368553827945,2.5645088458374747,2.6416368553827945,658000
2014-05-07,2.5837910175323486,2.6416370284818242,2.5837910175323486,2.6416370284818242,64000
2014-05-08,2.5837910175323486,2.6609190321316496,2.5645090138825233,2.651278030306737,266000
2014-05-09,2.6898419857025146,2.6898419857025146,2.5355859594804757,2.603072970952618,48000
2014-05-12,2.5837910175323486,2.603073021182174,2.603073021182174,2.603073021182174,164000
2014-05-13,2.5645089149475098,2.603072920759417,2.5355859105885794,2.603072920759417,710000
2014-05-14,2.651277780532837,2.6994827851160608,2.4873805350902827,2.6319957786995474,92000
2014-05-15,2.670560121536255,2.699483127959508,2.5741501001254097,2.699483127959508,1750000
2014-05-16,2.660918951034546,2.747687964814291,2.5837909387858833,2.747687964814291,2256000
2014-05-19,2.660918951034546,2.699482957158877,2.6223549449102146,2.660918951034546,1026000
2014-05-20,2.5837910175323486,2.7476880485558635,2.5741500157074357,2.7476880485558635,598000
2014-05-21,2.6030728816986084,2.6416368869318374,2.564508876465379,2.6416368869318374,464000
2014-05-22,2.6030728816986084,2.6416368869318374,2.5837908790819935,2.6416368869318374,54000
2014-05-23,2.6030728816986084,2.7284058987066038,2.564508876465379,2.7284058987066038,1632000
2014-05-26,2.5837910175323486,2.6416370284818242,2.5645090138825233,2.6416370284818242,90000
2014-05-27,2.6030728816986084,2.6030728816986084,2.593431880390301,2.6030728816986084,34000
2014-05-28,2.5837910175323486,2.603073021182174,2.545227010232698,2.603073021182174,24000
2014-05-29,2.6030728816986084,2.6030728816986084,2.5837908790819935,2.6030728816986084,10000
2014-05-30,2.651277780532837,2.728405787865995,2.5837907741163235,2.6994827851160608,138000
2014-06-03,2.6030728816986084,2.6030728816986084,2.5741498777736864,2.593431880390301,52000
2014-06-04,2.5837910175323486,2.593432019357261,2.5741500157074357,2.593432019357261,18000
2014-06-05,2.5837910175323486,2.5837910175323486,2.5645090138825233,2.5837910175323486,32000
2014-06-06,2.5837910175323486,2.5837910175323486,2.5645090138825233,2.5741500157074357,64000
2014-06-09,2.6127138137817383,2.6127138137817383,2.5645088085174175,2.5741498095702817,58000
2014-06-10,2.6030728816986084,2.6030728816986084,2.564508876465379,2.6030728816986084,26000
2014-06-11,2.5934321880340576,2.603073190486021,2.5837911855820943,2.5837911855820943,6000
2014-06-12,2.6030728816986084,2.6030728816986084,2.6030728816986084,2.6030728816986084,2000
2014-06-13,2.6030728816986084,2.6030728816986084,2.525944641372547,2.6030728816986084,18000
2014-06-16,2.6030728816986084,2.6127138830069154,2.5837908790819935,2.6030728816986084,24000
2014-06-17,2.6127138137817383,2.6127138137817383,2.583790810623146,2.603072812728874,10000
2014-06-18,2.5837910175323486,2.603073021182174,2.5837910175323486,2.603073021182174,14000
2014-06-19,2.6127138137817383,2.6127138137817383,2.0342530610311016,2.603072812728874,440000
2014-06-20,2.6030728816986084,2.6127138830069154,2.5837908790819935,2.6030728816986084,16000
2014-06-23,2.6030728816986084,2.6030728816986084,2.5741498777736864,2.6030728816986084,122000
2014-06-24,2.6030728816986084,2.6030728816986084,2.5741498777736864,2.593431880390301,36000
2014-06-25,2.5837910175323486,2.603073021182174,2.525944776723258,2.5837910175323486,136000
2014-06-26,2.5837910175323486,2.5645090138825233,2.5645090138825233,2.5645090138825233,12000
2014-06-27,2.5837910175323486,2.6127140230070864,2.5645090138825233,2.6127140230070864,18000
2014-06-30,2.6030728816986084,2.6030728816986084,2.4873806361393176,2.5837908790819935,66000
2014-07-02,2.5837910175323486,2.603073021182174,2.5066627730734328,2.603073021182174,36000
2014-07-03,2.5837910175323486,2.5837910175323486,2.554868012057611,2.5645090138825233,34000
2014-07-04,2.5837910175323486,2.5837910175323486,2.554868012057611,2.5645090138825233,20000
2014-07-07,2.5837910175323486,2.5837910175323486,2.545227010232698,2.545227010232698,40000
2014-07-08,2.5837910175323486,2.5837910175323486,2.5066627730734328,2.554868012057611,32000
2014-07-09,2.5837910175323486,2.5837910175323486,2.5645090138825233,2.5645090138825233,16000
2014-07-10,2.5837910175323486,2.5837910175323486,2.5645090138825233,2.5645090138825233,20000
2014-07-11,2.5837910175323486,2.5837910175323486,2.545227010232698,2.5645090138825233,28000
2014-07-14,2.6127138137817383,2.6127138137817383,2.5548678074645537,2.5548678074645537,38000
2014-07-15,2.5837910175323486,2.5837910175323486,2.5163037748983452,2.5355860084077855,10000
2014-07-16,2.5837910175323486,2.593432019357261,2.554868012057611,2.5837910175323486,300000
2014-07-17,2.5741498470306396,2.5837908482238046,2.506662608818885,2.5741498470306396,118000
2014-07-18,2.5837910175323486,2.6127140230070864,2.525944776723258,2.5837910175323486,218000
2014-07-21,2.6127138137817383,2.6127138137817383,2.603072812728874,2.603072812728874,174000
2014-07-22,2.6127138137817383,2.6127138137817383,2.6127138137817383,2.6127138137817383,10000
2014-07-23,2.6223549842834473,2.6319959859592847,2.5452269708767497,2.6127139826076102,196000
2014-07-24,2.5837910175323486,2.5837910175323486,2.5645090138825233,2.5741500157074357,26000
2014-07-25,2.6030728816986084,2.6030728816986084,2.535585872540457,2.6030728816986084,214000
2014-07-28,2.53558611869812,2.5837911299194554,2.5066628821056938,2.554868123186654,540000
2014-07-29,2.5645089149475098,2.603072920759417,2.5645089149475098,2.5837909178534635,16000
2014-07-30,2.5645089149475098,2.603072920759417,2.5163036778230197,2.603072920759417,22000
2014-07-31,2.545227289199829,2.58379130072625,2.506663047813768,2.6030733064894607,1114000
2014-08-01,2.5645089149475098,2.603072920759417,2.487380673464089,2.5163036778230197,266000
2014-08-04,2.5934321880340576,2.603073190486021,2.487380931202831,2.603073190486021,210000
2014-08-05,2.5934321880340576,2.5934321880340576,2.487380931202831,2.5645091806781677,172000
2014-08-06,2.5837910175323486,2.603073021182174,2.5163037748983452,2.603073021182174,214000
2014-08-07,2.5741498470306396,2.5837908482238046,2.506662608818885,2.5163036100120504,96000
2014-08-08,2.6030728816986084,2.6030728816986084,2.5163036400642396,2.525944641372547,162000
2014-08-11,2.5837910175323486,2.5837910175323486,2.525944776723258,2.525944776723258,150000
2014-08-12,2.5645089149475098,2.574149916400487,2.5163036778230197,2.554867913494533,146000
2014-08-13,2.554867744445801,2.554867744445801,2.410252502360344,2.5259445121410367,916000
2014-08-14,2.554867744445801,2.5741497460759164,2.4970215096958635,2.5741497460759164,62000
2014-08-15,2.5837910175323486,2.593432019357261,2.5066627730734328,2.5355860084077855,142000
2014-08-18,2.6030728816986084,2.6030728816986084,2.5163036400642396,2.5741498777736864,184000
2014-08-19,2.5837910175323486,2.5837910175323486,2.5066627730734328,2.5837910175323486,68000
2014-08-20,2.5645089149475098,2.574149916400487,2.5163036778230197,2.5163036778230197,76000
2014-08-21,2.5645089149475098,2.5645089149475098,2.554867913494533,2.574149916400487,44000
2014-08-22,2.5645089149475098,2.5645089149475098,2.5645089149475098,2.5645089149475098,2000
2014-08-25,2.5645089149475098,2.5934319193064406,2.5066626763700426,2.5934319193064406,116000
2014-08-26,2.5837910175323486,2.5837910175323486,2.468098765773782,2.5066627730734328,362000
2014-08-27,2.545227289199829,2.58379130072625,2.506663047813768,2.58379130072625,138000
2014-08-28,2.4873807430267334,2.5163037481945314,2.458457737858936,2.506662746471932,146000
2014-08-29,2.525944471359253,2.5645087038564487,2.497021469381046,2.5066624700404483,110000
2014-09-01,2.506662607192993,2.61271385010862,2.4584576012584356,2.61271385010862,238000
2014-09-02,2.506662607192993,2.506662607192993,2.410252595323878,2.506662607192993,278000
2014-09-03,2.506662607192993,2.506662607192993,2.4391755988846127,2.4391755988846127,320000
2014-09-04,2.506662607192993,2.603072848921708,2.4873806048191702,2.506662607192993,352000
2014-09-05,2.506662607192993,2.583790846547885,2.583790846547885,2.583790846547885,2000
2014-09-08,2.5645089149475098,2.5645089149475098,2.4584576691051585,2.4584576691051585,36000
2014-09-10,2.506662607192993,2.545226841800239,2.545226841800239,2.545226841800239,188000
2014-09-11,2.506662607192993,2.61271385010862,2.61271385010862,2.61271385010862,2000
2014-09-12,2.506662607192993,2.506662607192993,2.4584576012584356,2.4584576012584356,16000
2014-09-15,2.6127138137817383,2.6127138137817383,2.5066625723406366,2.5066625723406366,630000
2014-09-16,2.670560121536255,2.699483127959508,2.583791102266494,2.5934321044075785,610000
2014-09-17,2.6030728816986084,2.699482894781682,2.5163036400642396,2.6609188895484523,416000
2014-09-18,2.6030728816986084,2.6898418934733743,2.5452268738487644,2.6030728816986084,378000
2014-09-19,2.6223549842834473,2.651277989310959,2.5837909775800982,2.6030729809317728,296000
2014-09-22,2.6127138137817383,2.6127138137817383,2.5452268064116894,2.59343181167601,238000
2014-09-23,2.6030728816986084,2.6030728816986084,2.6030728816986084,2.6030728816986084,8000
2014-09-24,2.5741498470306396,2.5837908482238046,2.55486784464431,2.5837908482238046,106000
2014-09-25,2.6030728816986084,2.6127138830069154,2.5452268738487644,2.593431880390301,126000
2014-09-26,2.6030728816986084,2.6030728816986084,2.5548678751570715,2.5548678751570715,36000
2014-09-29,2.6030728816986084,2.6030728816986084,2.525944641372547,2.5837908790819935,96000
2014-09-30,2.6030728816986084,2.7187648973982963,2.535585872540457,2.5452268738487644,138000
2014-10-03,2.6030728816986084,2.6030728816986084,2.6030728816986084,2.6030728816986084,0
2014-10-06,2.6030728816986084,2.6030728816986084,2.5837908790819935,2.5837908790819935,80000
2014-10-07,2.6030728816986084,2.6030728816986084,2.593431880390301,2.593431880390301,34000
2014-10-08,2.6030728816986084,2.6030728816986084,2.593431880390301,2.593431880390301,30000
2014-10-09,2.5837910175323486,2.5837910175323486,2.5066627730734328,2.5741500157074357,214000
2014-10-10,2.6030728816986084,2.6030728816986084,2.5066626387559325,2.525944641372547,334000
2014-10-13,2.5934321880340576,2.603073190486021,2.516303938558721,2.5355861733222778,202000
2014-10-14,2.554867744445801,2.5645087452608584,2.5259445121410367,2.5645087452608584,64000
2014-10-15,2.554867744445801,2.554867744445801,2.487380508880806,2.5066625105109215,240000
2014-10-16,2.554867744445801,2.6030727485210896,2.535585742815685,2.535585742815685,196000
2014-10-17,2.554867744445801,2.554867744445801,2.5066625105109215,2.535585742815685,36000
2014-10-20,2.554867744445801,2.554867744445801,2.545226743630743,2.554867744445801,28000
2014-10-21,2.554867744445801,2.554867744445801,2.516303511325979,2.516303511325979,82000
2014-10-22,2.554867744445801,2.5741497460759164,2.5066625105109215,2.516303511325979,218000
2014-10-23,2.554867744445801,2.554867744445801,2.5259445121410367,2.5259445121410367,70000
2014-10-24,2.554867744445801,2.554867744445801,2.5066625105109215,2.516303511325979,116000
2014-10-27,2.554867744445801,2.554867744445801,2.554867744445801,2.554867744445801,10000
2014-10-28,2.554867744445801,2.554867744445801,2.554867744445801,2.554867744445801,16000
2014-10-29,2.554867744445801,2.554867744445801,2.5066625105109215,2.516303511325979,70000
2014-10-30,2.516303539276123,2.5259445401982696,2.506662538353977,2.506662538353977,34000
2014-10-31,2.5934321880340576,2.5934321880340576,2.487380931202831,2.487380931202831,272000
2014-11-03,2.545227289199829,2.545227289199829,2.4873810420505573,2.545227289199829,160000
2014-11-04,2.525944471359253,2.525944471359253,2.5066624700404483,2.525944471359253,20000
2014-11-05,2.554867744445801,2.554867744445801,2.410252502360344,2.4680985072506902,232000
2014-11-06,2.545227289199829,2.545227289199829,2.545227289199829,2.545227289199829,0
2014-11-07,2.53558611869812,2.53558611869812,2.4777398753728925,2.4873808776171598,102000
2014-11-10,2.516303539276123,2.516303539276123,2.477739535587538,2.477739535587538,62000
2014-11-11,2.554867744445801,2.554867744445801,2.477739508065748,2.477739508065748,48000
2014-11-12,2.554867744445801,2.554867744445801,2.4680985072506902,2.535585742815685,404000
2014-11-13,2.6127138137817383,2.6127138137817383,2.5066625723406366,2.5163035733935004,1290000
2014-11-14,2.5837910175323486,2.5837910175323486,2.5066627730734328,2.5837910175323486,254000
2014-11-17,2.5741498470306396,2.5741498470306396,2.5741498470306396,2.5741498470306396,0
2014-11-18,2.5645089149475098,2.5645089149475098,2.5645089149475098,2.5645089149475098,0
2014-11-19,2.5837910175323486,2.603073021182174,2.554868012057611,2.554868012057611,100000
2014-11-20,2.516303539276123,2.516303539276123,2.506662538353977,2.516303539276123,34000
2014-11-21,2.4680986404418945,2.4777396417772297,2.4680986404418945,2.4777396417772297,278000
2014-11-24,2.6030728816986084,2.6030728816986084,2.410252625672859,2.4777396348310106,628000
2014-11-25,2.506662607192993,2.603072848921708,2.506662607192993,2.603072848921708,162000
2014-11-26,2.6030728816986084,2.6030728816986084,2.4873806361393176,2.4873806361393176,66000
2014-11-27,2.506662607192993,2.5645088441740618,2.4970216060060815,2.516303608379905,46000
2014-11-28,2.5645089149475098,2.5645089149475098,2.487380673464089,2.5066626763700426,152000
2014-12-01,2.506662607192993,2.5645088441740618,2.4680986024453473,2.5645088441740618,90000
2014-12-02,2.506662607192993,2.5645088441740618,2.4873806048191702,2.516303608379905,504000
2014-12-03,2.4970219135284424,2.5259449206512086,2.448816901657165,2.5163039182769533,868000
2014-12-04,2.506662607192993,2.5645088441740618,2.410252595323878,2.4680986024453473,1342000
2014-12-05,2.410252809524536,2.458457819743103,2.3620477993059694,2.458457819743103,220000
2014-12-08,2.3138427734375,2.458457803115082,2.2174325237928265,2.458457803115082,666000
2014-12-09,2.2559962272644043,2.4970214740607566,2.1692272211671693,2.3042014605113446,1204000
2014-12-10,2.410252809524536,2.4391758156556764,2.3620477993059694,2.410252809524536,1278000
2014-12-11,2.448817014694214,2.448817014694214,2.3716889921399518,2.3716889921399518,1492000
2014-12-12,2.545227289199829,2.554868292081434,2.439176027642531,2.439176027642531,1494000
2014-12-15,2.554867744445801,2.5645087452608584,2.3813294999151706,2.4198935031754014,874000
2014-12-16,2.53558611869812,2.53558611869812,2.5066628821056938,2.5066628821056938,408000
2014-12-17,2.5741498470306396,2.5741498470306396,2.5163036100120504,2.5163036100120504,320000
2014-12-18,2.5741498470306396,2.5741498470306396,2.4584576028530605,2.506662608818885,210000
2014-12-19,2.5837910175323486,2.5837910175323486,2.4584577639488696,2.5163037748983452,230000
2014-12-22,2.554867744445801,2.554867744445801,2.3813294999151706,2.4680985072506902,142000
2014-12-23,2.4584574699401855,2.525944474643755,2.410252466580493,2.525944474643755,124000
2014-12-24,2.4584574699401855,2.4584574699401855,2.4584574699401855,2.4584574699401855,0
2014-12-29,2.516303539276123,2.516303539276123,2.477739535587538,2.487380536509684,30000
2014-12-30,2.516303539276123,2.516303539276123,2.390970527288221,2.4102525291325136,58000
2014-12-31,2.6127138137817383,2.6127138137817383,2.410252561811995,2.410252561811995,208000
2015-01-02,2.5837910175323486,2.5837910175323486,2.5837910175323486,2.5837910175323486,2000
2015-01-05,2.5741498470306396,2.5741498470306396,2.5741498470306396,2.5741498470306396,2000
2015-01-06,2.5741498470306396,2.5741498470306396,2.545226843451145,2.545226843451145,28000
2015-01-07,2.439175844192505,2.439175844192505,2.4102528377229837,2.419893839879491,92000
2015-01-08,2.506662607192993,2.506662607192993,2.3909705929500547,2.448816600071524,92000
2015-01-09,2.439175844192505,2.4488168463490116,2.3620478269404486,2.419893839879491,132000
2015-01-12,2.410252809524536,2.4198938115682496,2.3909708054371097,2.4198938115682496,18000
2015-01-13,2.439175844192505,2.439175844192505,2.3138428161579134,2.3138428161579134,148000
2015-01-14,2.3909707069396973,2.4873807234051646,2.3813297052931506,2.3813297052931506,24000
2015-01-15,2.429534673690796,2.429534673690796,2.4102526707138536,2.4102526707138536,28000
2015-01-16,2.448817014694214,2.448817014694214,2.439176011874931,2.448817014694214,22000
2015-01-19,2.4584574699401855,2.4584574699401855,2.448816469268247,2.448816469268247,4000
2015-01-20,2.419893503189087,2.419893503189087,2.3042014934077395,2.3716884991135254,150000
2015-01-21,2.419893503189087,2.419893503189087,2.3234834950379644,2.419893503189087,46000
2015-01-22,2.410252809524536,2.410252809524536,2.410252809524536,2.410252809524536,2000
2015-01-23,2.410252809524536,2.410252809524536,2.410252809524536,2.410252809524536,18000
2015-01-26,2.410252809524536,2.410252809524536,2.342765795218543,2.342765795218543,38000
2015-01-27,2.410252809524536,2.410252809524536,2.342765795218543,2.352406797262256,16000
2015-01-28,2.419893503189087,2.419893503189087,2.352406497483301,2.352406497483301,72000
2015-01-29,2.410252809524536,2.410252809524536,2.2945607849999763,2.352406797262256,102000
2015-01-30,2.3813297748565674,2.3813297748565674,2.3813297748565674,2.3813297748565674,0
2015-02-02,2.410252809524536,2.4198938115682496,2.2945607849999763,2.3331247931748296,156000
2015-02-03,2.3620476722717285,2.3620476722717285,2.3042016631204882,2.3331246676961084,66000
2015-02-04,2.410252809524536,2.410252809524536,2.275278551052929,2.3042017870436893,180000
2015-02-05,2.3620476722717285,2.3620476722717285,2.3042016631204882,2.3234836661709015,52000
2015-02-06,2.3909707069396973,2.3909707069396973,2.3138426937673233,2.3524067003535105,40000
2015-02-09,2.3620476722717285,2.3620476722717285,2.3042016631204882,2.3234836661709015,26000
2015-02-10,2.2656373977661133,2.2849194005663658,2.217432390765482,2.2849194005663658,46000
2015-02-11,2.32348370552063,2.3524067105860804,2.1113814385143823,2.1981504537107335,264000
2015-02-12,2.3813297748565674,2.4102527806411067,2.3138427613593096,2.3524067690720285,208000
2015-02-13,2.3524065017700195,2.3524065017700195,2.265637264416301,2.3042014976066154,188000
2015-02-16,2.410252809524536,2.410252809524536,2.2463555449217893,2.2463555449217893,286000
2015-02-17,2.4584574699401855,2.4584574699401855,2.3138424598611085,2.410252466580493,254000
2015-02-18,2.5837910175323486,2.5837910175323486,2.5355860084077855,2.5355860084077855,254000
2015-02-23,2.6319961547851562,2.6319961547851562,2.458457883629095,2.5163038973945735,250000
2015-02-24,2.6319961547851562,2.6319961547851562,2.5163038973945735,2.554868136431185,180000
2015-02-25,2.5837910175323486,2.593432019357261,2.4873807694236074,2.5645090138825233,172000
2015-02-26,2.554867744445801,2.583790746890974,2.545226743630743,2.583790746890974,132000
2015-02-27,2.5645089149475098,2.5645089149475098,2.545226912041556,2.554867913494533,128000
2015-03-02,2.5645089149475098,2.5645089149475098,2.419893663293251,2.5645089149475098,280000
2015-03-03,2.5837910175323486,2.5837910175323486,2.5355860084077855,2.5355860084077855,124000
2015-03-04,2.5645089149475098,2.5934319193064406,2.5355859105885794,2.5837909178534635,102000
2015-03-05,2.554867744445801,2.554867744445801,2.554867744445801,2.554867744445801,100000
2015-03-06,2.554867744445801,2.554867744445801,2.5259445121410367,2.5259445121410367,42000
2015-03-09,2.554867744445801,2.554867744445801,2.535585742815685,2.554867744445801,32000
2015-03-10,2.5645089149475098,2.5645089149475098,2.410252661840274,2.4488166676521814,252000
2015-03-11,2.545227289199829,2.545227289199829,2.419894021879321,2.545227289199829,78000
2015-03-12,2.545227289199829,2.545227289199829,2.506663047813768,2.506663047813768,24000
2015-03-13,2.4970219135284424,2.5452271552593477,2.236714619563917,2.236714619563917,320000
2015-03-16,2.4680986404418945,2.4680986404418945,2.4006116310945464,2.4488166377712237,28000
2015-03-17,2.506662607192993,2.506662607192993,2.3909705929500547,2.3909705929500547,82000
2015-03-18,2.4584574699401855,2.468098470612124,2.4006114659085545,2.4198934672524315,58000
2015-03-19,2.506662607192993,2.506662607192993,2.3909705929500547,2.3909705929500547,94000
2015-03-20,2.4873807430267334,2.56450898666714,2.429534732691138,2.56450898666714,56000
2015-03-23,2.53558611869812,2.53558611869812,2.3813298529302216,2.4584578708843585,112000
2015-03-24,2.525944471359253,2.5548677031970466,2.535585701878242,2.535585701878242,10000
2015-03-25,2.506662607192993,2.506662607192993,2.410252595323878,2.410252595323878,92000
2015-03-26,2.516303539276123,2.5259445401982696,2.487380536509684,2.487380536509684,104000
2015-03-27,2.4873807430267334,2.4873807430267334,2.4102527292459395,2.4198937309685387,56000
2015-03-30,2.4680986404418945,2.4680986404418945,2.410252632429882,2.4198936337652173,98000
2015-03-31,2.4584574699401855,2.4777394712840626,2.390970465236616,2.4006114659085545,84000
2015-04-01,2.439175844192505,2.468098850662026,2.3524068247839414,2.4006118355664765,476000
2015-04-02,2.506662607192993,2.506662607192993,2.333124585828586,2.4391755988846127,250000
2015-04-08,2.410252809524536,2.4391758156556764,2.342765795218543,2.4006118074808227,188000
2015-04-09,2.3427658081054688,2.3716888143957062,2.2367145551816425,2.3331248060087226,278000
2015-04-10,2.3909707069396973,2.4102527102327906,2.2463554523818856,2.2463554523818856,178000
2015-04-13,2.3813297748565674,2.3909707767847475,2.2656375218587934,2.3813297748565674,552000
2015-04-14,2.32348370552063,2.3524067105860804,2.275278467218601,2.304201702143663,618000
2015-04-15,2.3524065017700195,2.3524065017700195,2.265637264416301,2.265637264416301,276000
2015-04-16,2.2463555335998535,2.275278539585218,2.2174325276144895,2.275278539585218,360000
2015-04-17,2.3138427734375,2.3138427734375,2.159586511921794,2.2463555297283433,794000
2015-04-20,2.2752785682678223,2.3138428065940753,2.2174325555678758,2.3138428065940753,194000
2015-04-21,2.3909707069396973,2.3909707069396973,2.236714450735339,2.236714450735339,630000
2015-04-22,2.3138427734375,2.3813297872870383,2.284919537642365,2.3813297872870383,124000
2015-04-23,2.3620476722717285,2.3620476722717285,2.2752784286852603,2.2945606615952814,422000
2015-04-24,2.4584574699401855,2.5548677065191576,2.362047463220801,2.4391754685963085,1478000
2015-04-27,2.4777398109436035,2.487380812937173,2.333124781040058,2.4198937989821854,418000
2015-04-28,2.439175844192505,2.468098850662026,2.3716888290969558,2.458457848505519,352000
2015-04-29,2.4584574699401855,2.4970214726279396,2.3813294645646774,2.4970214726279396,440000
2015-04-30,2.410252809524536,2.458457819743103,2.3813298033933963,2.4488168176993894,88000
2015-05-04,2.4873807430267334,2.506662746471932,2.4102527292459395,2.4102527292459395,1076000
2015-05-05,2.53558611869812,2.5837911299194554,2.41989386190729,2.4873808776171598,422000
2015-05-06,2.506662607192993,2.516303608379905,2.4584576012584356,2.4970216060060815,368000
2015-05-07,2.4680986404418945,2.4970216444479005,2.4198936337652173,2.4970216444479005,136000
2015-05-08,2.4777398109436035,2.497021814930743,2.468098808950034,2.468098808950034,246000
2015-05-11,2.506662607192993,2.506662607192993,2.448816600071524,2.4584576012584356,1434000
2015-05-12,2.5837910175323486,2.670560033956562,2.525944776723258,2.5741500157074357,3962000
2015-05-13,2.6030728816986084,2.622354884315223,2.593431880390301,2.593431880390301,1034000
2015-05-14,2.6223549842834473,2.689841996014308,2.525944737665464,2.6030729809317728,654000
2015-05-15,2.651277780532837,2.651277780532837,2.5741497731996787,2.5741497731996787,520000
2015-05-18,2.6898419857025146,2.6898419857025146,2.506662724704233,2.583790967674863,718000
2015-05-19,2.6030728816986084,2.651277888240145,2.5548678751570715,2.651277888240145,334000
2015-05-20,2.6030728816986084,2.6030728816986084,2.5066626387559325,2.5452268738487644,346000
2015-05-21,2.544795036315918,2.603072963781724,2.467091441794815,2.53508208700078,724000
2015-05-22,2.5350821018218994,2.5350821018218994,2.4962303043342047,2.4962303043342047,226000
2015-05-26,2.544795036315918,2.603072963781724,2.5059432390553664,2.525369137685642,304000
2015-05-27,2.544795036315918,2.622498862412,2.53508208700078,2.53508208700078,1350000
2015-05-28,2.5350821018218994,2.6127859283722694,2.4962303043342047,2.5933600296284216,1232000
2015-05-29,2.5350821018218994,2.554508232140727,2.476804405590357,2.554508232140727,188000
2015-06-01,3.1858506202697754,3.4383875526211907,2.5545084051787352,2.5545084051787352,11336000
2015-06-02,3.1858506202697754,3.1858506202697754,3.1858506202697754,3.1858506202697754,0
2015-06-03,4.273702144622803,4.370831644083551,3.4966652226368433,4.370831644083551,23716000
2015-06-04,4.225136756896973,4.827340058777013,3.914322388520148,4.176572243413065,7462000
2015-06-05,5.701506614685059,6.196867727998562,4.565090378871691,4.565090378871691,27194000
2015-06-08,6.799071311950684,7.187589765263576,5.983182606308609,6.313423361097064,23163700
2015-06-09,6.352274417877197,7.498403281237483,6.313422623400572,6.896200003699871,14140000
2015-06-10,6.235719680786133,7.071034274914642,5.390692368606697,6.371700975548923,7724004
2015-06-11,5.924904823303223,6.682515819618375,5.73064583099163,6.585386323462579,7102000
2015-06-12,5.633516311645508,6.148302870727099,5.2255719663204925,5.924904798913398,10010000
2015-06-15,6.459117889404297,6.604812368427698,5.633516459138329,5.633516459138329,15610000
2015-06-16,6.731080532073975,6.99333041090413,6.4882565530404985,6.575673333700545,6086000
2015-06-17,6.701941967010498,6.915626866465621,6.507682504355853,6.847636448213985,3670000
2015-06-18,6.721367359161377,6.9447654232889935,6.6825155621957,6.789357772276334,4060000
2015-06-19,7.857784271240234,7.9160615086781165,6.750506570620601,6.82821063455443,16908000
2015-06-22,7.916060924530029,8.838792736772112,7.022469118306548,8.100607657498413,15034000
2015-06-23,7.77036714553833,8.362857306917647,7.372135977537482,7.964626138916799,7978000
2015-06-24,7.673237323760986,7.925774004453904,7.459551976947795,7.770366816335185,3412000
2015-06-25,7.527543067932129,8.090894604073377,7.4304135725888045,7.624672563275453,6004000
2015-06-26,7.216728687286377,7.731515740686212,6.944766082703444,7.731515740686212,6509000
2015-06-29,7.168163776397705,7.5275431443933964,6.507682275054302,7.216728292987679,9513000
2015-06-30,7.080746650695801,7.333283791912361,5.458682520550818,5.458682520550818,2118000
2015-07-02,6.585386276245117,7.100172833754785,6.5465340149114,6.91562656080699,2787000
2015-07-03,5.342127323150635,6.701941643491699,5.2158587479929,6.595098967346695,9340000
2015-07-06,5.0798773765563965,6.031747339799372,4.030877919747803,5.730645678170976,9262000
2015-07-07,4.361118316650391,5.186720192319147,4.079442546063393,5.186720192319147,6731000
2015-07-08,4.361118316650391,4.361118316650391,4.361118316650391,4.361118316650391,0
2015-07-09,4.361118316650391,4.361118316650391,4.361118316650391,4.361118316650391,0
2015-07-10,4.361118316650391,4.361118316650391,4.361118316650391,4.361118316650391,0
2015-07-13,6.051173686981201,6.313423570619392,5.342127636677946,5.924905104412815,18050000
2015-07-14,6.196867942810059,6.63395091182034,5.837488571566053,6.119164345043784,11328000
2015-07-15,6.022034168243408,6.381413989720644,5.963756472013306,6.196867720083674,3994000
2015-07-16,5.837488651275635,6.109451247171182,5.720932789884704,6.002608567208655,6018000
2015-07-17,5.769497871398926,6.002608671948382,5.682081089617885,5.915192353317331,3994000
2015-07-20,5.788923263549805,5.905478653598471,5.691793771842583,5.769497365208361,3110000
2015-07-21,5.779210090637207,6.002608153441583,5.711219677924973,5.711219677924973,4410000
2015-07-22,5.701506614685059,5.827775188253202,5.633516200571412,5.779210209757775,2802000
2015-07-23,5.584951400756836,5.759784495263929,5.5363864207076565,5.730645877754401,2894000
2015-07-24,5.507247447967529,5.711219609977434,5.419830674777586,5.58495104051417,2394000
2015-07-27,5.050738334655762,5.487821753692294,4.759349851781369,5.458682673829874,2884000
2015-07-28,5.002173900604248,5.215858791527841,4.662220433469002,5.041025698953992,2430000
2015-07-29,5.235284805297852,5.274136604498023,4.982748110496739,5.186720287872627,3544000
2015-07-30,5.876340389251709,5.924904906436034,5.342127458174289,5.342127458174289,10258000
2015-07-31,5.827775478363037,6.090025356363375,5.633516481010929,5.924904977039091,4534000
2015-08-03,5.332414150238037,5.837488451642699,5.138155159813141,5.8277752705464705,2758000
2015-08-04,5.3712663650512695,5.62380305042106,5.147868296418396,5.3421272851643895,1942000
2015-08-05,5.264423847198486,5.371266525780921,5.14786845046309,5.332414263719146,1766000
2015-08-06,5.283849716186523,5.293562434283479,5.196432937564053,5.244997917498752,1138000
2015-08-07,5.342127323150635,5.361553222163366,5.079877454903784,5.274136445031093,1592000
2015-08-10,5.342127323150635,5.4392568182142895,5.2158587479929,5.332414142069286,1978000
2015-08-11,5.206146240234375,5.439257037797862,5.079877659979161,5.439257037797862,2186000
2015-08-12,4.963322162628174,5.254710653795694,4.84676630301119,5.244997935665098,1858000
2015-08-13,4.856479644775391,5.060451826907956,4.681646544297473,5.05073864530641,1776000
2015-08-14,4.8370537757873535,4.943896458340586,4.759350175075909,4.943896458340586,1494000
2015-08-17,4.6136555671691895,4.856479544388621,4.565090586465311,4.856479544388621,1504000
2015-08-18,4.263988971710205,4.662220615028234,3.992026372671051,4.565090652221405,5178000
2015-08-19,4.079442501068115,4.322266470492407,4.001738904956336,4.263988773408573,1694000
2015-08-20,4.069730281829834,4.17657297115091,3.9726007747879573,4.069730281829834,1600000
2015-08-21,3.904609441757202,4.118294332812584,3.6909243191268346,4.069729816420437,3177000
2015-08-24,3.079008102416992,3.8074800334058714,3.0692951526001404,3.8074800334058714,2992000
2015-08-25,3.0887210369110107,3.2052764341350164,2.8750359104253445,2.9333136090373473,9038000
2015-08-26,3.865757703781128,4.07944259817507,3.0110171999054063,3.108146928932187,7144000
2015-08-27,3.778341054916382,4.186285164866942,3.6812113284900714,4.040590691014968,3798000
2015-08-28,3.4966650009155273,3.92403523459353,3.457813203594796,3.904609335933164,2918000
2015-08-31,3.4772391319274902,3.6229336046984666,3.3801096377968265,3.535517059980869,2264000
2015-09-01,3.3606836795806885,3.5937946929497238,3.331544831856431,3.4481002227534607,2974000
2015-09-02,3.3121190071105957,3.4966650468060685,2.9138876161967175,3.3509708049412215,2412000
2015-09-04,3.3121190071105957,3.43838735006013,3.2441281293320188,3.3509708049412215,1890000
2015-09-07,3.108146905899048,3.3218320302844497,3.108146905899048,3.3121190806112493,1642000
2015-09-08,3.3121190071105957,3.3509708049412215,2.981878262400313,3.0790079885518593,1734000
2015-09-09,3.4481003284454346,3.5452300554118454,3.3218319844365793,3.3218319844365793,2368000
2015-09-10,3.350970983505249,3.399535733381413,3.205276502301762,3.32183213357955,2208000
2015-09-11,3.370396614074707,3.4966649536606598,3.341257766477949,3.341257766477949,1805000
2015-09-14,3.28298020362854,3.4189614978951157,3.1275727786060403,3.399535598714176,2598000
2015-09-15,3.1567115783691406,3.2829801526598974,3.1275727300501157,3.244128123326216,1814000
2015-09-16,3.2441282272338867,3.253841176984662,3.156711679476907,3.156711679476907,2088000
2015-09-17,3.234415292739868,3.3703968214671405,3.1858505437569105,3.2538411923330517,2292000
2015-09-18,3.3024063110351562,3.3412581118467464,3.1858506770253863,3.2247024778369764,2116000
2015-09-21,3.2052764892578125,3.331545069996981,3.146998789643578,3.331545069996981,1894000
2015-09-22,3.166424512863159,3.2732669561952834,3.1567115634693295,3.185850411650818,1960000
2015-09-23,3.0984339714050293,3.2052764183336566,3.079008071963461,3.2052764183336566,2424000
2015-09-24,3.0498690605163574,3.1275726541479925,3.0304429305334732,3.0984338065361294,1781000
2015-09-25,3.0498690605163574,3.2052762477796275,3.0207299813295188,3.059582009720312,1706000
2015-09-29,3.0498690605163574,3.108146755740084,2.9138875400860207,2.9818781845137012,2025000
2015-09-30,3.0207302570343018,3.156711789875796,2.972165506581981,3.049869338880691,2704000
2015-10-02,3.040156126022339,3.1081467707789954,3.011017046694509,3.0595820245242407,1854000
2015-10-05,3.108146905899048,3.166424603938252,3.0110171775920542,3.13728575491865,2706000
2015-10-06,3.2926931381225586,3.341257885852246,3.1275727642666387,3.1275727642666387,2970000
2015-10-07,3.2926931381225586,3.3801096840359954,3.205276360634138,3.3315449363063085,2072000
2015-10-08,3.2635538578033447,3.3412576809813794,3.224702062001812,3.244127959902578,1902000
2015-10-09,3.2926931381225586,3.370396734490058,3.2538411083638255,3.321831986760371,2368000
2015-10-12,3.331544876098633,3.399535521691468,3.263553998930818,3.331544876098633,2142000
2015-10-13,3.2247021198272705,3.3995354356442533,3.1858503233290465,3.350970690021473,1996000
2015-10-14,3.059581995010376,3.2052762323692194,3.040156096695864,3.195563283211963,3086000
2015-10-15,3.108146905899048,3.1469987045918506,3.0207301272652547,3.0984339562258474,1980000
2015-10-16,3.2052764892578125,3.2149894391935185,3.098434039965049,3.1081469899007548,1418000
2015-10-19,3.4092485904693604,3.4481003893117483,3.2247023143930305,3.2635541132354184,5430002
2015-10-20,3.7200632095336914,3.962887183661478,3.4286744868953454,3.496665134810129,10490000
2015-10-22,3.525804281234741,3.7200632788991967,3.496665200010081,3.7200632788991967,3694000
2015-10-23,3.350970983505249,3.5937949644610643,3.350970983505249,3.5937949644610643,3394000
2015-10-26,3.2635538578033447,3.448100119435594,3.244127959902578,3.380109476782912,3086000
2015-10-27,3.2052764892578125,3.302406220189863,3.1275728897721664,3.2344153390649297,2848000
2015-10-28,3.1761372089385986,3.350970515658373,3.1275724658428175,3.2441278492726924,2976000
2015-10-29,3.127572774887085,3.214989321097366,3.0887209765714045,3.195563421939526,2570000
2015-10-30,3.079008102416992,3.127572851501253,3.0401563031495837,3.127572851501253,2204000
2015-11-02,3.040156126022339,3.127572669280897,3.011017046694509,3.02072999594546,2162000
2015-11-03,2.991591215133667,3.0887209413915673,2.991591215133667,3.059582092986692,568000
2015-11-04,2.9818785190582275,3.1178600547446784,2.9527396681772027,3.001304419645577,1750000
2015-11-05,2.9818785190582275,3.0401564523952787,2.9527396681772027,3.030443270526602,604000
2015-11-06,2.9624524116516113,3.0110171597295095,2.9333135628048725,3.0110171597295095,494000
2015-11-09,2.9138877391815186,2.9915913381223618,2.7681932595924463,2.9430265887843348,2540000
2015-11-10,2.7099153995513916,2.913887566240202,2.6224988559311773,2.913887566240202,2082000
2015-11-11,2.661350727081299,2.7099154748870737,2.5545082819085936,2.7099154748870737,948000
2015-11-12,2.787619113922119,2.807045244915903,2.6224989688623515,2.6224989688623515,718000
2015-11-13,2.71962833404541,2.787618978713427,2.690489486330546,2.71962833404541,398000
2015-11-16,2.6224987506866455,2.6807764440946897,2.603072852883964,2.632211699587986,598000
2015-11-17,2.6710636615753174,2.7584802071326067,2.6516377625625864,2.680776611081683,618000
2015-11-18,2.6516380310058594,2.6904898329645524,2.632212130026513,2.6904898329645524,160000
2015-11-19,2.632211923599243,2.7293414208787405,2.6224989738712936,2.6516378230551427,546000
2015-11-20,2.6710636615753174,2.700202510094414,2.6322118635498555,2.641924813056221,228000
2015-11-23,2.5642213821411133,2.6419249831961475,2.428239848719805,2.6419249831961475,1108000
2015-11-24,2.544795036315918,2.622498862412,2.467091441794815,2.525369137685642,732000
2015-11-25,2.865323066711426,2.9527396178649954,2.58364728141937,2.632212032060242,3594000
2015-11-26,2.9624524116516113,2.972165361267191,2.7293413893027147,2.913887663573713,1770000
2015-11-27,2.972165584564209,3.001304435600132,2.8847490314564395,2.9624526342189013,1950000
2015-11-30,3.195563554763794,3.195563554763794,3.0110172735186223,3.020730223501263,1598000
2015-12-01,3.1372857093811035,3.2829801839393524,3.0304430329517253,3.2829801839393524,1440000
2015-12-02,3.0498690605163574,3.108146755740084,3.0304429305334732,3.108146755740084,464000
2015-12-03,2.9818785190582275,3.0887212038636536,2.9818785190582275,3.0790082535699783,468000
2015-12-04,2.9527392387390137,2.9721651365011152,2.9333133409769125,2.943026289857963,180000
2015-12-07,2.972165584564209,3.0401564685563662,2.9236008328376704,2.9236008328376704,794000
2015-12-08,2.9527392387390137,2.9527392387390137,2.865322698809558,2.943026289857963,456000
2015-12-09,2.884748935699463,2.952739585859721,2.884748935699463,2.9236007357910387,384000
2015-12-10,2.816758155822754,2.884748802851928,2.816758155822754,2.875035853276332,232000
2015-12-11,2.7099153995513916,2.768193095298201,2.7099153995513916,2.768193095298201,464000
2015-12-14,2.768193244934082,2.807045275773763,2.680776696588529,2.700202596220874,218000
2015-12-15,2.768193244934082,2.787619144566427,2.700202596220874,2.768193244934082,248000
2015-12-16,2.768193244934082,2.8847488743031433,2.719628495853219,2.768193244934082,304000
2015-12-17,2.816758155822754,2.923600601154314,2.5836471344334573,2.748767277218595,188000
2015-12-18,2.787619113922119,2.8167581946253013,2.777906164212721,2.807045244915903,90000
2015-12-21,2.9818785190582275,2.9915914693519023,2.777906331316052,2.8070454137720784,504000
2015-12-22,3.0013041496276855,3.03044299788718,2.8750358071698767,2.9624523519483597,524000
2015-12-23,3.0013041496276855,3.03044299788718,2.739054283717256,2.816758110650888,8916000
2015-12-24,3.0013041496276855,3.282980145952759,2.9138876048492026,2.991591200207854,7562000
2015-12-28,3.5452301502227783,3.7880541267702292,3.0013042667594965,3.0013042667594965,18878000
2015-12-29,3.3606836795806885,3.5549428959840474,3.2829800856493354,3.5452299467426283,6032000
2015-12-30,3.399535655975342,3.4286745052375607,3.137285781040386,3.3606838569590507,3832000
2015-12-31,3.3801095485687256,3.428674294352046,3.2926930061587494,3.399535446882054,318000
2016-01-04,3.3218319416046143,3.418961435743646,3.176137468821086,3.3995355369158395,1430000
2016-01-05,3.28298020362854,3.29269315321901,3.166424576967919,3.28298020362854,886000
2016-01-06,3.166424512863159,3.34125783352707,3.166424512863159,3.2149892598323064,830000
2016-01-07,3.166424512863159,3.166424512863159,3.166424512863159,3.166424512863159,0
2016-01-08,2.991591215133667,2.991591215133667,2.875035821514165,2.9624523667287916,660000
2016-01-11,2.797332286834717,2.9041747333183405,2.7681932062187418,2.9041747333183405,376000
2016-01-12,2.836184024810791,2.9624523679506645,2.816758125866195,2.8653228732276848,506000
2016-01-13,2.904174566268921,2.9138875153905572,2.8556098206607397,2.865322769782376,242000
2016-01-14,2.8264710903167725,2.9138876360306996,2.7196284139803226,2.865322888411851,360000
2016-01-15,2.748767375946045,2.826471206916688,2.719628526172676,2.826471206916688,470000
2016-01-18,2.7390544414520264,2.7487673914312003,2.6516378916394596,2.7487673914312003,498000
2016-01-19,2.700202465057373,2.7681931104679065,2.6904895157130113,2.7681931104679065,587000
2016-01-20,2.8070449829101562,2.8070449829101562,2.6419246216875103,2.6710634680959244,672000
2016-01-21,2.7293412685394287,2.7876189636543334,2.6419247258670717,2.7876189636543334,776000
2016-01-22,2.71962833404541,2.7487671817602743,2.6224988416625292,2.7487671817602743,698000
2016-01-25,2.71962833404541,2.7487671817602743,2.690489486330546,2.71962833404541,3036000
2016-01-26,2.7584803104400635,2.7681932603101873,2.700202611219321,2.719628510959568,2804000
2016-01-27,2.6904895305633545,2.816758104311986,2.6904895305633545,2.719628378757274,98000
2016-01-28,2.7099153995513916,3.011017059151551,2.6127859066400423,2.7196283488425266,1727300
2016-01-29,2.7099153995513916,2.7196283488425266,2.6127859066400423,2.6710636023868517,372000
2016-02-01,2.661350727081299,2.7099154748870737,2.6030730297143685,2.7099154748870737,560000
2016-02-02,2.5739340782165527,2.6224988240824363,2.496230253256164,2.6224988240824363,644000
2016-02-03,2.6419248580932617,2.6419248580932617,2.5059433311110775,2.5059433311110775,662000
2016-02-04,2.661350727081299,2.661350727081299,2.6030730297143685,2.622498928836679,280000
2016-02-05,2.680776596069336,2.690489545521309,2.5253691732627868,2.573934152097633,1500000
2016-02-11,2.680776596069336,2.690489545521309,2.5253691732627868,2.680776596069336,450000
2016-02-12,2.748767375946045,2.748767375946045,2.573934277305832,2.5933601771547443,254000
2016-02-15,2.661350727081299,2.7487672731316937,2.641924827958989,2.7487672731316937,58000
2016-02-16,2.661350727081299,2.768193172254004,2.6030730297143685,2.7487672731316937,356000
2016-02-17,2.6710636615753174,2.768193156638972,2.5739341665116626,2.768193156638972,248000
2016-02-18,2.680776596069336,2.709915444425255,2.632211848809471,2.680776596069336,708000
2016-02-19,2.680776596069336,2.7390542927811734,2.66135069716539,2.7390542927811734,588000
2016-02-22,2.680776596069336,2.7779060905890653,2.641924798261444,2.709915444425255,416000
2016-02-23,2.5156564712524414,2.6710639093449684,2.505943520845096,2.6710639093449684,2332000
2016-02-24,2.5545084476470947,2.59336024841245,2.4476657639673687,2.4962305149240627,1698000
2016-02-25,2.3602490425109863,2.5545082639428545,2.3311101940324535,2.5545082639428545,1946000
2016-02-26,2.4476656913757324,2.4962304408921177,2.3796750420527935,2.3796750420527935,732000
2016-02-29,2.4282398223876953,2.47680457252045,2.3991009723080423,2.47680457252045,588000
2016-03-01,2.4865171909332275,2.515656037126785,2.4282394985461124,2.4670912934708555,394000
2016-03-02,2.476804256439209,2.4865172052262268,2.340822973420959,2.4865172052262268,278000
2016-03-03,2.4379525184631348,2.4865172635371073,2.3602489263447786,2.4573784164927237,180000
2016-03-04,2.496230363845825,2.5156562630527977,2.418526767017935,2.418526767017935,660000
2016-03-07,2.5059432983398438,2.525369197429689,2.428239701980464,2.437952651525386,926000
2016-03-08,2.6030731201171875,2.690489669203495,2.457378640065016,2.5156563394558877,1630000
2016-03-09,2.612786054611206,2.641924904134845,2.564221305405141,2.6224990044524192,404000
2016-03-10,2.5059432983398438,2.5836471262742076,2.5059432983398438,2.5836471262742076,184000
2016-03-11,2.5545084476470947,2.573934348029772,2.428239863584691,2.5156564153067404,512000
2016-03-14,2.4865171909332275,2.5447948833203426,2.4670912934708555,2.5447948833203426,1108000
2016-03-15,2.496230363845825,2.5447951118632566,2.45737856543188,2.4768044646388527,152000
2016-03-16,2.4185268878936768,2.5933602210694233,2.389388037626885,2.5253693388719127,670000
2016-03-17,2.4282398223876953,2.4573786724673483,2.3408232721487363,2.4282398223876953,104000
2016-03-18,2.4379525184631348,2.4573784164927237,2.331110079300395,2.399100722403957,396000
2016-03-21,2.4282398223876953,2.4282398223876953,2.389388022281491,2.418526872361144,132000
2016-03-22,2.4282398223876953,2.4282398223876953,2.3699621222283893,2.4282398223876953,198000
2016-03-23,2.389387845993042,2.4670914404724975,2.389387845993042,2.4670914404724975,292000
2016-03-24,2.3991007804870605,2.408813729737009,2.301971056412598,2.360248983487266,222000
2016-03-29,2.3311102390289307,2.3893879371109072,2.3311102390289307,2.3893879371109072,72000
2016-03-30,2.3505361080169678,2.457378553120019,2.3505361080169678,2.3796749566814364,434000
2016-03-31,2.3796749114990234,2.3796749114990234,2.243693388738374,2.3505360633878083,214000
2016-04-01,2.3311102390289307,2.360249088069919,2.3019711584129556,2.360249088069919,244000
2016-04-05,2.321397304534912,2.4185268019736164,2.2728323242405715,2.4185268019736164,1236000
2016-04-06,2.3311102390289307,2.3311102390289307,2.2048416616096613,2.243693460330979,446000
2016-04-07,2.321397304534912,2.321397304534912,2.1951287262896084,2.2922582237283127,674000
2016-04-08,2.321397304534912,2.321397304534912,2.301971173472183,2.301971173472183,20000
2016-04-11,2.5156564712524414,2.5447953224744766,2.233980677864427,2.2534065786791175,542000
2016-04-12,2.3991007804870605,2.4865173237365976,2.301971056412598,2.4865173237365976,318000
2016-04-13,2.369961977005005,2.476804420750116,2.3213972298481362,2.399100825299126,602000
2016-04-14,2.321397304534912,2.321397304534912,2.2922582237283127,2.2922582237283127,60000
2016-04-15,2.369961977005005,2.369961977005005,2.292258149979034,2.3116842804167623,298000
2016-04-18,2.4282398223876953,2.4282398223876953,2.2728323903878844,2.3311103221221856,178000
2016-04-19,2.3505361080169678,2.4185267549007277,2.3019711286678692,2.4185267549007277,406000
2016-04-20,2.369961977005005,2.369961977005005,2.3408231287108836,2.3408231287108836,14000
2016-04-21,2.3311102390289307,2.379674987430578,2.311684339668272,2.3699620377502484,190000
2016-04-22,2.3311102390289307,2.3311102390289307,2.3019711584129556,2.3311102390289307,106000
2016-04-25,2.3311102390289307,2.3311102390289307,2.263119359691638,2.311684339668272,270000
2016-04-26,2.2922582626342773,2.321397343935448,2.253406462999373,2.321397343935448,222000
2016-04-27,2.340823173522949,2.3602490727575804,2.311684324671002,2.350536123140265,128000
2016-04-28,2.3311102390289307,2.3505361383895895,2.3311102390289307,2.3311102390289307,76000
2016-04-29,2.321397304534912,2.3311102542787827,2.23398052526509,2.3311102542787827,252000
2016-05-03,2.2436935901641846,2.311684473435827,2.1757029384675426,2.272832440891317,764000
2016-05-04,2.2436935901641846,2.2436935901641846,2.204841789194675,2.22426768967943,224000
2016-05-05,2.3311102390289307,2.3893879371109072,2.1465639635276847,2.2339805106506496,902000
2016-05-06,2.3311102390289307,2.3311102390289307,2.243693460330979,2.263119359691638,84000
2016-05-09,2.321397304534912,2.4282397517174865,2.321397304534912,2.3602491035103936,208000
2016-05-10,2.3311102390289307,2.3311102390289307,2.263119359691638,2.263119359691638,138000
2016-05-11,2.3311102390289307,2.3311102390289307,2.2728323093719673,2.2825452590522968,62000
2016-05-12,2.301971197128296,2.311684378546972,2.2631193977535555,2.2728323475972405,96000
2016-05-13,2.408813953399658,2.408813953399658,2.272832419699275,2.2825453698510882,158000
2016-05-16,2.340823173522949,2.350536123140265,2.340823173522949,2.340823173522949,112000
2016-05-17,2.3311102390289307,2.34082318870926,2.292258208732626,2.34082318870926,88000
2016-05-18,2.3311102390289307,2.5350821823158487,2.292258208732626,2.360249088069919,388000
2016-05-19,2.340823173522949,2.379674971992212,2.292258193861385,2.3311102239056334,136000
2016-05-20,2.3506174087524414,2.3506174087524414,2.311440257345859,2.3310289498055754,68000
2016-05-23,2.419753074645996,2.4296296081965867,2.330864037215548,2.4296296081965867,58000
2016-05-24,2.34074068069458,2.3506174501841484,2.320987612665734,2.330864146680157,46000
2016-05-25,2.261728286743164,2.3209874876374954,2.2320986862959984,2.3111109541551067,588000
2016-05-26,2.3111109733581543,2.3407405740515124,2.2716048391003434,2.2716048391003434,24000
2016-05-27,2.2320988178253174,2.3111110903403262,2.1728396134390606,2.2419753518896934,268000
2016-05-30,2.2320988178253174,2.2518518859540695,2.0938271054489053,2.1827161475034367,108000
2016-05-31,2.2716050148010254,2.2716050148010254,2.232098877487553,2.232098877487553,52000
2016-06-01,2.222222328186035,2.222222328186035,2.192592725400573,2.2024692596623936,184000
2016-06-02,2.1925926208496094,2.4691358024691357,1.9753086419753085,2.1728395532678673,1206000
2016-06-03,2.182716131210327,2.192592665200979,2.074074021838014,2.074074021838014,258000
2016-06-06,2.2024691104888916,2.2320987112675374,2.0049382031561174,2.083950471899173,200000
2016-06-07,2.1925926208496094,2.20246915464048,2.1530864856861256,2.20246915464048,48000
2016-06-08,2.212345600128174,2.2518517337148167,2.1530863997482097,2.172839466541531,940000
2016-06-10,2.1135804653167725,2.1530866026259385,2.0740740925324532,2.1530866026259385,64000
2016-06-13,2.1135804653167725,2.2222223429169796,2.034567955223287,2.1530866026259385,924000
2016-06-14,2.1135804653167725,2.1530866026259385,2.0641975582051617,2.0641975582051617,36000
2016-06-15,2.1234569549560547,2.1333334890754956,2.0246913782865015,2.074074048883704,302000
2016-06-16,2.054320812225342,2.0839504121545387,1.9851850790572159,2.034567745605877,218000
2016-06-17,2.0345678329467773,2.064197434147928,2.004938231745627,2.064197434147928,128000
2016-06-20,2.064197540283203,2.064197540283203,2.034567937558581,2.034567937558581,16000
2016-06-21,2.1234569549560547,2.1234569549560547,2.0444444465253824,2.0444444465253824,324000
2016-06-22,2.0740740299224854,2.1135804015142274,2.0641974958933362,2.1135804015142274,214000
2016-06-23,2.024691343307495,2.064197479102741,2.024691343307495,2.064197479102741,206000
2016-06-24,2.0740740299224854,2.0740740299224854,1.906172833689377,2.034567893805889,328000
2016-06-27,2.0049383640289307,2.0839506391117957,1.9259260889460657,1.9259260889460657,1028000
2016-06-28,2.014814853668213,2.162963101633584,1.955555648672124,1.955555648672124,810000
2016-06-29,2.014814853668213,2.014814853668213,1.9753087170041537,1.9753087170041537,252000
2016-06-30,1.9950617551803589,1.9950617551803589,1.9456790850967154,1.9950617551803589,104000
2016-07-04,2.1530864238739014,2.212345624917875,1.9851851187741767,1.9851851187741767,616000
2016-07-05,2.0049383640289307,2.1333335465137404,1.9851852952582145,2.0839506391117957,1000000
2016-07-06,1.9555555582046509,1.995061693041086,1.9061727719215378,1.9851851593319774,200000
2016-07-07,2.0049383640289307,2.0148148984142886,1.9259260889460657,1.9555556921021402,508000
2016-07-08,1.9950617551803589,2.0049382891970877,1.9160494830465293,2.0049382891970877,478000
2016-07-11,2.0049383640289307,2.024691432799647,1.945679157716782,1.9950618296435725,250000
2016-07-12,1.9753086566925049,1.9753086566925049,1.9160494535057637,1.9456790550991343,588000
2016-07-13,1.9555555582046509,1.995061693041086,1.9259259570773244,1.9753086256228685,304000
2016-07-14,1.9456790685653687,1.955555602498182,1.8765432132981037,1.925926000699742,616000
2016-07-15,1.9160494804382324,1.965432150454652,1.8864197606908084,1.8864197606908084,110000
2016-07-18,2.0345678329467773,2.0345678329467773,1.8962962429371724,1.9753086305444763,534000
2016-07-19,2.2320988178253174,2.4987654730386186,2.0938271054489053,2.0938271054489053,6937000
2016-07-20,2.212345600128174,2.3308640008881025,2.113580266161567,2.2320986669214955,1018000
2016-07-21,2.1234569549560547,2.1925926937921387,2.0938271171225855,2.1333334890754956,438000
2016-07-22,2.1234569549560547,2.143210023194936,2.074074048883704,2.074074048883704,132000
2016-07-25,2.133333444595337,2.153086512422365,2.0148148021580248,2.024691336071539,310000
2016-07-26,2.2024691104888916,2.2222221776746554,2.064197404713409,2.064197404713409,213000
2016-07-27,2.2320988178253174,2.291358022211574,2.1333334771815564,2.1333334771815564,164000
2016-07-28,2.212345600128174,2.2716048005081384,2.1530863997482097,2.241975200318156,494000
2016-07-29,2.1629631519317627,2.1728396863274493,2.1333335487447025,2.153086617536076,430000
2016-08-01,2.212345600128174,2.2716048005081384,2.133333332954888,2.133333332954888,660000
2016-08-02,2.212345600128174,2.212345600128174,2.212345600128174,2.212345600128174,0
2016-08-03,2.222222328186035,2.222222328186035,2.074074078783572,2.074074078783572,246000
2016-08-04,2.1530864238739014,2.182716024395888,2.04444431981815,2.074073920340137,98000
2016-08-05,2.2024691104888916,2.251851778453301,2.083950471899173,2.083950471899173,568000
2016-08-08,2.1925926208496094,2.232098756013093,2.1925926208496094,2.212345688431351,284000
2016-08-09,2.103703737258911,2.2518517385253007,2.0938269683660207,2.192592538018745,98000
2016-08-10,2.143209934234619,2.2024691364915325,2.044444361664625,2.044444361664625,276000
2016-08-11,2.172839641571045,2.232098846724537,2.0839505983656577,2.0839505983656577,432000
2016-08-12,2.1629631519317627,2.202469289514509,2.0938271756868017,2.1037039455576427,136000
2016-08-15,2.222222328186035,2.222222328186035,2.143210054091469,2.1530865883532897,314000
2016-08-16,2.251851797103882,2.251851797103882,2.212345662405151,2.2222221960798336,174000
2016-08-17,2.212345600128174,2.241975200318156,2.143209866351549,2.143209866351549,304000
2016-08-18,2.182716131210327,2.2123457331822824,2.1432099952477204,2.1728395972196757,1044000
2016-08-19,2.182716131210327,2.2024691991916305,2.133333461257069,2.2024691991916305,276000
2016-08-22,2.143209934234619,2.172839535363076,2.093827030212053,2.172839535363076,172000
2016-08-23,2.09382700920105,2.162962979948826,2.0740739419802954,2.1037037782865626,498000
2016-08-24,2.103703737258911,2.1333333375121892,2.0839504349482616,2.0839504349482616,162000
2016-08-25,2.09382700920105,2.1432099127280715,2.083950475590673,2.123456845507317,474000
2016-08-26,2.103703737258911,2.1827160046009855,2.0839504349482616,2.153086404347708,436000
2016-08-29,2.0740740299224854,2.0740740299224854,2.044444427835038,2.0740740299224854,304000
2016-08-30,2.0740740299224854,2.1728396056891226,1.925926019485248,1.925926019485248,86000
2016-08-31,2.0049383640289307,2.123457012128382,2.0049383640289307,2.123457012128382,20000
2016-09-01,2.103703737258911,2.162962937765467,2.034567767859465,2.162962937765467,216000
2016-09-02,2.103703737258911,2.11358027067667,2.0444443012772244,2.11358027067667,248000
2016-09-05,2.133333444595337,2.133333444595337,2.074074005639109,2.113580376768309,332000
2016-09-06,2.2024691104888916,2.291357912824829,2.0148147367489995,2.0444443375276453,1098000
2016-09-07,2.2024691104888916,2.2716048456390654,2.1728395097102458,2.2320987112675374,674000
2016-09-08,2.182716131210327,2.2419753351542373,2.123456927266417,2.1530865292383723,166000
2016-09-09,2.1629631519317627,2.2320988927015692,2.1333335487447025,2.2320988927015692,216000
2016-09-12,2.0839505195617676,2.212345694680929,2.0839505195617676,2.1037038226744498,352000
2016-09-13,2.1530864238739014,2.2222221584252035,2.0938269873547948,2.1728394908885593,82000
2016-09-14,2.133333444595337,2.162963046335879,2.1037038428547947,2.153086512422365,132000
2016-09-15,2.1629631519317627,2.1728396863274493,2.083950641291115,2.083950641291115,152000
2016-09-19,2.1135804653167725,2.172839671280522,2.103703930989481,2.103703930989481,272000
2016-09-20,2.1530864238739014,2.3703703965102707,2.0938269873547948,2.1333333568592434,1978000
2016-09-21,2.09382700920105,2.1530864463384485,2.0740739419802954,2.1530864463384485,1048000
2016-09-22,2.1135804653167725,2.143210068298647,2.1135804653167725,2.143210068298647,54000
2016-09-23,2.09382700920105,2.123456845507317,2.0740739419802954,2.1037037782865626,638000
2016-09-26,2.0740740299224854,2.1135804015142274,2.044444427835038,2.1135804015142274,382000
2016-09-27,2.0740740299224854,2.0740740299224854,2.044444427835038,2.0740740299224854,96000
2016-09-28,2.2024691104888916,2.320987513603475,2.074073938306291,2.074073938306291,2107000
2016-09-29,2.212345600128174,2.2222221335248347,2.172839466541531,2.212345600128174,348000
2016-09-30,2.212345600128174,2.2222221335248347,2.172839466541531,2.212345600128174,646000
2016-10-03,2.449382781982422,2.459259315963192,2.1827161290264856,2.1827161290264856,724000
2016-10-04,2.449382781982422,2.469135849943962,2.3407406727188067,2.429629714020882,924000
2016-10-05,2.883950710296631,2.9530864472560987,2.4493827498868375,2.4493827498868375,5612000
2016-10-06,2.923456907272339,3.1604939601721274,2.8049382630848716,2.8641977029161785,4250000
2016-10-07,2.765432119369507,3.0617283758242495,2.725925983238894,3.0617283758242495,1742000
2016-10-11,2.7160494327545166,2.9234568816590665,2.6074075590533994,2.7753086365914896,1696000
2016-10-12,2.567901134490967,2.6666667076483974,2.518518465649821,2.6666667076483974,2826000
2016-10-13,2.498765468597412,2.627160646681243,2.4493827983633025,2.558024672878344,2412000
2016-10-14,2.370370388031006,2.498765323166989,2.360493854559007,2.498765323166989,1438000
2016-10-17,2.3506174087524414,2.488888882517208,2.3506174087524414,2.370370476433122,2044000
2016-10-18,2.419753074645996,2.4592592088483576,2.320987503664958,2.4592592088483576,834000
2016-10-19,2.409876585006714,2.4197531187372685,2.3703704500844953,2.4197531187372685,1254000
2016-10-20,2.370370388031006,2.5580245239989807,2.3506173210870087,2.370370388031006,1836000
2016-10-21,2.370370388031006,2.370370388031006,2.370370388031006,2.370370388031006,0
2016-10-24,2.29135799407959,2.3506174332134395,2.261728392250237,2.340740663795178,534000
2016-10-25,2.3111109733581543,2.3901234773489106,2.2518517719714377,2.3703704102200054,996000
2016-10-26,2.3111109733581543,2.3703704102200054,2.281481372664796,2.320987506922607,392000
2016-10-27,2.29135799407959,2.360493967156557,2.2419753243640015,2.2716049261933544,458000
2016-10-28,2.261728286743164,2.3308640211198837,2.241975219778387,2.3308640211198837,398000
2016-10-31,2.34074068069458,2.3506174501841484,2.241975340550349,2.2716049425936182,272000
2016-11-01,2.261728286743164,2.301234420672718,2.241975219778387,2.281481353707941,474000
2016-11-02,2.1925926208496094,2.2814814249674478,2.1629630194769964,2.271604891176577,1334000
2016-11-03,2.1135804653167725,2.212345808589688,2.0740740925324532,2.172839671280522,1682000
2016-11-04,2.09382700920105,2.162962979948826,2.0740739419802954,2.1037037782865626,724000
2016-11-07,2.0740740299224854,2.1234569355433766,2.054320961864187,2.0938270979807836,646000
2016-11-08,2.0839505195617676,2.1234568903119913,2.074073985742997,2.0938270533805383,396000
2016-11-09,2.054320812225342,2.074073878844806,2.0148146789864128,2.074073878844806,1362000
2016-11-10,2.0740740299224854,2.143210003601675,2.054320961864187,2.054320961864187,1032000
2016-11-11,2.1135804653167725,2.172839671280522,2.0641975582051617,2.103703930989481,683000
2016-11-14,2.1135804653167725,2.1333335339713555,2.083950626859745,2.1135804653167725,1836000
2016-11-15,2.1629631519317627,2.1728396863274493,2.0938271756868017,2.123457014349016,814000
2016-11-16,2.1530864238739014,2.2222221584252035,2.1234568233519147,2.16296295738123,1400000
2016-11-17,2.0740740299224854,2.143210003601675,2.0740740299224854,2.1234569355433766,950000
2016-11-18,2.0740740299224854,2.0839505639516345,2.044444427835038,2.0641974958933362,1055000
2016-11-21,2.0049383640289307,2.0740741047264377,1.9950618296435725,2.0641975703410793,556000
2016-11-22,2.0740740299224854,2.0938270979807836,2.0246913597767398,2.0641974958933362,470000
2016-11-23,2.024691343307495,2.0740740130515523,1.995061741461061,2.0740740130515523,294000
2016-11-24,2.1135804653167725,2.123456999644064,1.985185283586829,2.0246914208959956,376000
2016-11-25,2.143209934234619,2.2617283387484464,2.0641974290835963,2.0641974290835963,3938000
2016-11-28,2.09382700920105,2.2617283160525976,2.0740739419802954,2.1530864463384485,2404000
2016-11-29,2.103703737258911,2.153086404347708,2.074073901530502,2.153086404347708,666000
2016-11-30,2.0839505195617676,2.1234568903119913,2.074073985742997,2.0839505195617676,370000
2016-12-01,2.054320812225342,2.093826945464271,2.034567745605877,2.054320812225342,300000
2016-12-02,2.09382700920105,2.1135803118969396,2.054320874759541,2.054320874759541,344000
2016-12-05,2.0740740299224854,2.1135804015142274,2.054320961864187,2.0740740299224854,546000
2016-12-06,2.0740740299224854,2.0839505639516345,2.0641974958933362,2.0641974958933362,196000
2016-12-07,2.0839505195617676,2.153086491768304,2.064197451924226,2.0938270533805383,540000
2016-12-08,2.09382700920105,2.1135803118969396,2.054320874759541,2.0740739419802954,376000
2016-12-09,2.1234569549560547,2.143210023194936,2.054320980644823,2.0641975147642637,3602000
2016-12-12,2.0740740299224854,2.1234569355433766,2.0641974958933362,2.0839505639516345,1982000
2016-12-13,2.1135804653167725,2.123456999644064,2.083950626859745,2.1135804653167725,2016000
2016-12-14,2.182716131210327,2.2123457331822824,2.123456927266417,2.123456927266417,672000
2016-12-15,2.1530864238739014,2.2320986919325327,2.064197386832808,2.192592557903217,1262000
2016-12-16,2.1530864238739014,2.16296295738123,2.0938269873547948,2.1135802898445855,196000
2016-12-19,2.103703737258911,2.11358027067667,2.0839504349482616,2.11358027067667,360000
2016-12-20,2.1135804653167725,2.1333335339713555,2.05432102387787,2.0740740925324532,590000
2016-12-21,2.143209934234619,2.2024691364915325,2.074073962793082,2.153086467944105,1784000
2016-12-22,2.1234569549560547,2.162963091433817,2.0839505830031446,2.143210023194936,660000
2016-12-23,2.103703737258911,2.1333333375121892,2.074073901530502,2.103703737258911,430000
2016-12-28,2.133333444595337,2.133333444595337,2.054320937812081,2.064197471725595,444000
2016-12-29,2.133333444595337,2.153086512422365,2.074074005639109,2.153086512422365,442000
2016-12-30,2.1629631519317627,2.261728495888629,2.123457014349016,2.1432100831403895,1102000
2017-01-03,2.0740740299224854,2.1728396056891226,2.0740740299224854,2.1728396056891226,276000
2017-01-04,2.09382700920105,2.09382700920105,2.044444341149164,2.0740739419802954,190000
2017-01-05,2.064197540283203,2.0839506087662847,2.044444471800122,2.0543210060416626,220000
2017-01-06,2.1234569549560547,2.143210023194936,2.00493831004762,2.00493831004762,588000
2017-01-09,2.024691343307495,2.064197479102741,1.995061741461061,2.064197479102741,954000
2017-01-10,1.9259259700775146,2.024691307835279,1.8962962510126158,2.004938240283726,1038000
2017-01-11,1.9160494804382324,1.965432150454652,1.8666666926842406,1.906172828697376,954000
2017-01-12,1.8962962627410889,1.8962962627410889,1.8172839920461916,1.8962962627410889,788000
2017-01-13,1.8370370864868164,1.8962962903714369,1.7876542988453938,1.8962962903714369,640000
2017-01-16,1.7975308895111084,1.8172839568017412,1.7086419689656924,1.7975308895111084,608000
2017-01-17,1.8172839879989624,1.8271605218138287,1.7481481335573277,1.7975309203692298,576000
2017-01-18,1.8370370864868164,1.8469136204675864,1.7679012308838538,1.8172840185252763,742000
2017-01-19,1.7975308895111084,1.8567900913830067,1.7580246371922745,1.8567900913830067,478000
2017-01-20,1.9950617551803589,2.06419749329746,1.7382716352702674,1.8172840251416698,1124000
2017-01-23,1.9358025789260864,1.965432181402488,1.8864197903945097,1.8864197903945097,592000
2017-01-24,1.9259259700775146,1.9358025038532911,1.8666666496852866,1.9358025038532911,686000
2017-01-25,1.9160494804382324,1.9259260144415162,1.8765432266875244,1.9259260144415162,524000
2017-01-26,1.9555555582046509,1.995061693041086,1.8666666370851024,1.8666666370851024,548000
2017-01-27,1.9358025789260864,1.945679113084887,1.9160495106084856,1.9259260447672861,262000
2017-02-01,1.8962962627410889,1.9160494481523835,1.8666666612305025,1.8666666612305025,202000
2017-02-02,1.9456790685653687,1.9456790685653687,1.8765432132981037,1.8765432132981037,284000
2017-02-03,1.9358025789260864,1.9358025789260864,1.9061728587121107,1.9259260447672861,364000
2017-02-06,1.8962962627410889,1.9160494481523835,1.8864197289042266,1.8864197289042266,304000
2017-02-07,1.9358025789260864,1.9358025789260864,1.7876543310689303,1.8864197903945097,246000
2017-02-08,1.9160494804382324,1.9160494804382324,1.8567901586809568,1.8666666926842406,336000
2017-02-09,1.8666666746139526,1.8864197424293006,1.8567901407062786,1.8864197424293006,142000
2017-02-10,1.8962962627410889,1.9259259819892458,1.8567901273936402,1.8666666612305025,408000
2017-02-13,1.8567901849746704,1.8765432532609583,1.8271605825452386,1.8567901849746704,382000
2017-02-14,1.8567901849746704,1.8666667191178143,1.8567901849746704,1.8666667191178143,92000
2017-02-15,1.8567901849746704,1.9160495075711081,1.8567901849746704,1.8567901849746704,258000
2017-02-16,1.8567901849746704,1.8567901849746704,1.8271605825452386,1.8567901849746704,240000
2017-02-17,1.7777777910232544,1.8370371135174022,1.728395120392776,1.8370371135174022,318000
2017-02-20,1.7777777910232544,1.7777777910232544,1.758024722771063,1.7679012568971586,252000
2017-02-21,1.7777777910232544,1.7975309770130194,1.728395120392776,1.728395120392776,212000
2017-02-22,1.7481480836868286,1.7679011507530533,1.7481480836868286,1.7777776842861657,168000
2017-02-23,1.7876542806625366,1.8370370678016696,1.7580246790215994,1.7580246790215994,368000
2017-02-24,1.7876542806625366,1.7876542806625366,1.7679012129019118,1.7777777467822242,70000
2017-02-27,1.7777777910232544,1.78765432514935,1.669135915636202,1.669135915636202,1394000
2017-02-28,1.7679011821746826,1.8370370358728159,1.7679011821746826,1.827160502164164,130000
2017-03-01,1.7777777910232544,1.7777777910232544,1.7679012568971586,1.7679012568971586,36000
2017-03-02,1.7777777910232544,1.8074075111391152,1.7777777910232544,1.8074075111391152,540000
2017-03-03,1.7777777910232544,1.7975309770130194,1.7777777910232544,1.7975309770130194,30000
2017-03-06,1.7777777910232544,1.7777777910232544,1.758024722771063,1.7777777910232544,82000
2017-03-07,1.7777777910232544,1.7777777910232544,1.7382716545188717,1.7481481886449672,30000
2017-03-08,1.7283951044082642,1.7481481724777754,1.7283951044082642,1.73827163844302,130000
2017-03-09,1.698765516281128,1.728395118629182,1.698765516281128,1.728395118629182,478000
2017-03-10,1.6888889074325562,1.7086419747905282,1.6790123737535703,1.698765441111542,254000
2017-03-13,1.7185184955596924,1.7185184955596924,1.6888888947453176,1.708641961954901,318000
2017-03-14,1.6888889074325562,1.718518508469514,1.6691358400745844,1.718518508469514,572000
2017-03-15,1.679012417793274,1.6888889517313168,1.6691358838552313,1.6888889517313168,296000
2017-03-16,1.6395061016082764,1.679012353587287,1.6395061016082764,1.6592591687289981,560000
2017-03-17,1.6493827104568481,1.6493827104568481,1.6493827104568481,1.6493827104568481,2000
2017-03-20,1.6493827104568481,1.6493827104568481,1.5901235063897199,1.6493827104568481,54000
2017-03-21,1.6395061016082764,1.6493826351686374,1.6197530344875546,1.6395061016082764,80000
2017-03-22,1.6296296119689941,1.6296296119689941,1.6197530781424452,1.6296296119689941,50000
2017-03-23,1.7679011821746826,1.827160502164164,1.5901234576813768,1.5999999913900287,442000
2017-03-24,1.698765516281128,1.8074075092948996,1.698765516281128,1.7876543233252897,1154000
2017-03-27,1.698765516281128,1.7777777892092719,1.6888889821651099,1.7382716527451998,410000
2017-03-28,1.698765516281128,1.7679012550932538,1.639506193847446,1.6790124480490918,302000
2017-03-29,1.6395061016082764,1.7580246220701738,1.599999967366833,1.6395061016082764,338000
2017-03-30,1.698765516281128,1.7679012550932538,1.5703704550353201,1.7481481868612179,736000
2017-03-31,1.7580246925354004,1.7777777604478655,1.6296296333668054,1.6691358869293074,86000
2017-04-03,1.7283951044082642,1.7481481724777754,1.6691359001997301,1.7481481724777754,74000
2017-04-05,1.6888889074325562,1.7283950421485,1.6691358400745844,1.6888889074325562,132000
2017-04-06,1.7481480836868286,1.758024617219941,1.6493826306181378,1.6493826306181378,462000
2017-04-07,1.7777777910232544,1.7777777910232544,1.698765518014489,1.698765518014489,276000
2017-04-10,1.7481480836868286,1.7481480836868286,1.6987654160212666,1.728395016620604,256000
2017-04-11,1.7580246925354004,1.7580246925354004,1.7185185567104702,1.7185185567104702,206000
2017-04-12,1.7382715940475464,1.7481481278300552,1.6790123913524928,1.7086419927000196,558000
2017-04-13,1.7086420059204102,1.738271607497192,1.6987654720614829,1.738271607497192,148000
2017-04-18,1.7086420059204102,1.7777777429329011,1.6888889382025556,1.7580246752150466,152000
2017-04-19,1.7086420059204102,1.7679012090739739,1.6888889382025556,1.7679012090739739,128000
2017-04-20,1.7086420059204102,1.738271607497192,1.6987654720614829,1.7185185397793374,152000
2017-04-21,1.7086420059204102,1.7086420059204102,1.659259218888203,1.7086420059204102,390000
2017-04-24,1.6888889074325562,1.6888889074325562,1.6592591886580297,1.6790123737535703,112000
2017-04-25,1.698765516281128,1.698765516281128,1.639506193847446,1.6888889821651099,284000
2017-04-26,1.698765516281128,1.698765516281128,1.649382727963464,1.698765516281128,84000
2017-04-27,1.6395061016082764,1.6987654207080087,1.6395061016082764,1.6987654207080087,258000
2017-04-28,1.7086420059204102,1.7086420059204102,1.6493826850292757,1.669135870484701,270000
2017-05-02,1.698765516281128,1.698765516281128,1.639506193847446,1.6790124480490918,160000
2017-05-04,1.6888889074325562,1.6888889074325562,1.639506121300058,1.639506121300058,136000
2017-05-05,1.6888889074325562,1.698765441111542,1.6592591886580297,1.6888889074325562,120000
2017-05-08,1.679012417793274,1.6888889517313168,1.6592592321796167,1.6888889517313168,128000
2017-05-09,1.6888889074325562,1.6888889074325562,1.6493826549790438,1.6888889074325562,82000
2017-05-10,1.679012417793274,1.6888889517313168,1.649382698241574,1.6592592321796167,180000
2017-05-11,1.6888889074325562,1.6888889074325562,1.6493826549790438,1.6888889074325562,180000
2017-05-12,1.679012417793274,1.679012417793274,1.679012417793274,1.679012417793274,60000
2017-05-15,1.6888889074325562,1.6888889074325562,1.6592591886580297,1.6888889074325562,90000
2017-05-16,1.679012417793274,1.679012417793274,1.6395061643035311,1.6592592321796167,436000
2017-05-17,1.679012417793274,1.679012417793274,1.6691358838552313,1.679012417793274,24000
2017-05-18,1.6493827104568481,1.6691358962167968,1.6000000404009078,1.6395061764456602,512000
2017-05-19,1.6691359281539917,1.6790124623541571,1.6395062078159208,1.6395062078159208,478000
2017-05-22,1.6296296119689941,1.659259213448641,1.6098765443158962,1.639506145795543,624000
2017-05-23,1.600000023841858,1.6790124128512036,1.5901234899328862,1.6790124128512036,578000
2017-05-24,1.690000057220459,1.7000000476837158,1.600000023841858,1.7000000476837158,748000
2017-05-25,1.6699999570846558,1.7100000381469727,1.649999976158142,1.7000000476837158,536000
2017-05-26,1.649999976158142,1.7000000476837158,1.6200000047683716,1.7000000476837158,578000
2017-05-29,1.6399999856948853,1.6699999570846558,1.6200000047683716,1.6200000047683716,554000
2017-05-31,1.6299999952316284,1.6799999475479126,1.6100000143051147,1.6799999475479126,596000
2017-06-01,1.6100000143051147,1.6399999856948853,1.5800000429153442,1.6200000047683716,678000
2017-06-02,1.590000033378601,1.6200000047683716,1.590000033378601,1.6200000047683716,613700
2017-06-05,1.659999966621399,1.6699999570846558,1.5199999809265137,1.5499999523162842,864000
2017-06-06,1.6399999856948853,1.6399999856948853,1.590000033378601,1.6299999952316284,676000
2017-06-07,1.600000023841858,1.6399999856948853,1.5,1.600000023841858,848000
2017-06-08,1.5700000524520874,1.600000023841858,1.5399999618530273,1.600000023841858,572000
2017-06-09,1.5099999904632568,1.559999942779541,1.5099999904632568,1.5499999523162842,684000
2017-06-12,1.649999976158142,1.649999976158142,1.4700000286102295,1.5099999904632568,890000
2017-06-13,1.600000023841858,1.600000023841858,1.5199999809265137,1.5800000429153442,1258000
2017-06-14,1.5700000524520874,1.600000023841858,1.5299999713897705,1.559999942779541,1106000
2017-06-15,1.5399999618530273,1.5700000524520874,1.5399999618530273,1.5499999523162842,776000
2017-06-16,1.5399999618530273,1.559999942779541,1.5299999713897705,1.559999942779541,680000
2017-06-19,1.5199999809265137,1.5499999523162842,1.5099999904632568,1.5099999904632568,800000
2017-06-20,1.4900000095367432,1.5299999713897705,1.4900000095367432,1.5099999904632568,630000
2017-06-21,1.4700000286102295,1.5,1.440000057220459,1.4500000476837158,1166000
2017-06-22,1.4800000190734863,1.5099999904632568,1.4500000476837158,1.5099999904632568,866000
2017-06-23,1.4500000476837158,1.5299999713897705,1.440000057220459,1.4700000286102295,1170000
2017-06-26,1.600000023841858,1.649999976158142,1.4500000476837158,1.4900000095367432,1510000
2017-06-27,1.6299999952316284,1.6399999856948853,1.5199999809265137,1.600000023841858,1204000
2017-06-28,1.6200000047683716,1.6299999952316284,1.5199999809265137,1.6299999952316284,1330000
2017-06-29,1.6200000047683716,1.6399999856948853,1.559999942779541,1.6399999856948853,944000
2017-06-30,1.6399999856948853,1.6399999856948853,1.5700000524520874,1.6100000143051147,836000
2017-07-03,1.6200000047683716,1.649999976158142,1.559999942779541,1.649999976158142,1096000
2017-07-04,1.6299999952316284,1.6399999856948853,1.5800000429153442,1.5800000429153442,900000
2017-07-05,2.0,2.0199999809265137,1.590000033378601,1.590000033378601,1928000
2017-07-06,1.8600000143051147,2.0,1.7999999523162842,2.0,1106000
2017-07-07,1.6799999475479126,1.850000023841858,1.6699999570846558,1.8200000524520874,970000
2017-07-10,1.7000000476837158,1.75,1.6699999570846558,1.75,728000
2017-07-11,1.690000057220459,1.7400000095367432,1.6699999570846558,1.7400000095367432,622000
2017-07-12,1.7200000286102295,1.7300000190734863,1.659999966621399,1.7200000286102295,938000
2017-07-13,1.7899999618530273,1.8200000524520874,1.6799999475479126,1.6799999475479126,922000
2017-07-14,1.8200000524520874,1.8300000429153442,1.75,1.809999942779541,646000
2017-07-17,1.7999999523162842,1.8600000143051147,1.7200000286102295,1.7799999713897705,938000
2017-07-18,1.7899999618530273,1.7999999523162842,1.7200000286102295,1.7799999713897705,694000
2017-07-19,1.7899999618530273,1.7899999618530273,1.7200000286102295,1.7400000095367432,1024000
2017-07-20,1.75,1.7899999618530273,1.75,1.7599999904632568,634000
2017-07-21,1.7599999904632568,1.7899999618530273,1.7200000286102295,1.7200000286102295,734000
2017-07-24,1.7400000095367432,1.7799999713897705,1.7000000476837158,1.7699999809265137,662000
2017-07-25,1.690000057220459,1.7200000286102295,1.690000057220459,1.7100000381469727,672000
2017-07-26,1.7100000381469727,1.7300000190734863,1.6399999856948853,1.6399999856948853,722000
2017-07-27,1.7000000476837158,1.7400000095367432,1.649999976158142,1.7400000095367432,794000
2017-07-28,1.7400000095367432,1.7599999904632568,1.6699999570846558,1.6699999570846558,786000
2017-07-31,1.7000000476837158,1.7400000095367432,1.6699999570846558,1.7400000095367432,648000
2017-08-01,1.600000023841858,1.659999966621399,1.5800000429153442,1.659999966621399,836000
2017-08-02,1.6200000047683716,1.6200000047683716,1.5299999713897705,1.5299999713897705,944000
2017-08-03,1.5299999713897705,1.6399999856948853,1.5199999809265137,1.6399999856948853,924000
2017-08-04,1.559999942779541,1.559999942779541,1.5099999904632568,1.5099999904632568,348000
2017-08-07,1.559999942779541,1.5700000524520874,1.5099999904632568,1.5700000524520874,364000
2017-08-08,1.590000033378601,1.590000033378601,1.5,1.559999942779541,576000
2017-08-09,1.5199999809265137,1.5800000429153442,1.5099999904632568,1.5299999713897705,630000
2017-08-10,1.5299999713897705,1.559999942779541,1.5099999904632568,1.5399999618530273,382000
2017-08-11,1.5299999713897705,1.5499999523162842,1.5099999904632568,1.5099999904632568,374000
2017-08-14,1.5499999523162842,1.5499999523162842,1.5,1.5199999809265137,488000
2017-08-15,1.5399999618530273,1.5700000524520874,1.5399999618530273,1.5700000524520874,406000
2017-08-16,1.5399999618530273,1.5800000429153442,1.5299999713897705,1.5800000429153442,370000
2017-08-17,1.5399999618530273,1.5800000429153442,1.5199999809265137,1.5800000429153442,416000
2017-08-18,1.590000033378601,1.590000033378601,1.5099999904632568,1.5099999904632568,494000
2017-08-21,1.5700000524520874,1.6299999952316284,1.5499999523162842,1.6299999952316284,466000
2017-08-22,1.6200000047683716,1.6299999952316284,1.559999942779541,1.600000023841858,528000
2017-08-23,1.6200000047683716,1.6200000047683716,1.6200000047683716,1.6200000047683716,0
2017-08-24,1.6799999475479126,1.6799999475479126,1.6200000047683716,1.6200000047683716,684000
2017-08-25,1.7200000286102295,1.7300000190734863,1.649999976158142,1.7300000190734863,900000
2017-08-28,1.7699999809265137,1.7799999713897705,1.649999976158142,1.7400000095367432,1064000
2017-08-29,1.7699999809265137,1.7699999809265137,1.690000057220459,1.7599999904632568,612000
2017-08-30,1.7100000381469727,1.8200000524520874,1.7100000381469727,1.7599999904632568,586000
2017-08-31,1.7100000381469727,1.7999999523162842,1.7100000381469727,1.7999999523162842,424000
2017-09-01,1.659999966621399,1.7699999809265137,1.649999976158142,1.7699999809265137,438000
2017-09-04,1.600000023841858,1.690000057220459,1.600000023841858,1.6399999856948853,424000
2017-09-05,1.5099999904632568,1.590000033378601,1.4800000190734863,1.5499999523162842,1710000
2017-09-06,1.5499999523162842,1.5499999523162842,1.4900000095367432,1.4900000095367432,380000
2017-09-07,1.5499999523162842,1.5800000429153442,1.5,1.5499999523162842,454000
2017-09-08,1.5399999618530273,1.5499999523162842,1.5199999809265137,1.5499999523162842,334000
2017-09-11,1.5399999618530273,1.5800000429153442,1.5299999713897705,1.5800000429153442,332000
2017-09-12,1.5099999904632568,1.5499999523162842,1.5099999904632568,1.5499999523162842,428000
2017-09-13,1.5099999904632568,1.5299999713897705,1.5099999904632568,1.5199999809265137,342000
2017-09-14,1.5199999809265137,1.5299999713897705,1.5,1.5299999713897705,348000
2017-09-15,1.5499999523162842,1.5499999523162842,1.4900000095367432,1.5399999618530273,348000
2017-09-18,1.5399999618530273,1.5499999523162842,1.5099999904632568,1.5299999713897705,368000
2017-09-19,1.5499999523162842,1.590000033378601,1.5299999713897705,1.5299999713897705,386000
2017-09-20,1.5800000429153442,1.5800000429153442,1.5199999809265137,1.559999942779541,470000
2017-09-21,1.5199999809265137,1.5700000524520874,1.5,1.5700000524520874,430000
2017-09-22,1.5,1.5499999523162842,1.4900000095367432,1.5499999523162842,390000
2017-09-25,1.5,1.559999942779541,1.4700000286102295,1.559999942779541,516000
2017-09-26,1.4900000095367432,1.5299999713897705,1.4900000095367432,1.5099999904632568,392000
2017-09-27,1.5199999809265137,1.5399999618530273,1.4900000095367432,1.5399999618530273,384000
2017-09-28,1.5399999618530273,1.600000023841858,1.5299999713897705,1.5399999618530273,418000
2017-09-29,1.5499999523162842,1.5800000429153442,1.5299999713897705,1.5800000429153442,512000
2017-10-03,1.5299999713897705,1.6699999570846558,1.5199999809265137,1.6699999570846558,456000
2017-10-04,1.5,1.5299999713897705,1.4800000190734863,1.5199999809265137,456000
2017-10-06,1.4800000190734863,1.5,1.4500000476837158,1.5,688000
2017-10-09,1.4600000381469727,1.5,1.4199999570846558,1.4199999570846558,732000
2017-10-10,1.440000057220459,1.4700000286102295,1.399999976158142,1.4700000286102295,622000
2017-10-11,1.399999976158142,1.440000057220459,1.3899999856948853,1.440000057220459,314000
2017-10-12,1.399999976158142,1.440000057220459,1.3799999952316284,1.440000057220459,144000
2017-10-13,1.409999966621399,1.409999966621399,1.3700000047683716,1.399999976158142,110000
2017-10-16,1.3899999856948853,1.440000057220459,1.2999999523162842,1.440000057220459,122000
2017-10-17,1.3600000143051147,1.4299999475479126,1.350000023841858,1.4299999475479126,296000
2017-10-18,1.399999976158142,1.399999976158142,1.3600000143051147,1.399999976158142,322000
2017-10-19,1.399999976158142,1.399999976158142,1.3799999952316284,1.399999976158142,182000
2017-10-20,1.4800000190734863,1.4800000190734863,1.3899999856948853,1.3899999856948853,938000
2017-10-23,1.4800000190734863,1.4800000190734863,1.4199999570846558,1.4800000190734863,486000
2017-10-24,1.4900000095367432,1.4900000095367432,1.4600000381469727,1.4800000190734863,264000
2017-10-25,1.5199999809265137,1.5199999809265137,1.5,1.5,102000
2017-10-26,1.4199999570846558,1.5,1.399999976158142,1.5,710000
2017-10-27,1.5099999904632568,1.5199999809265137,1.4199999570846558,1.4199999570846558,504000
2017-10-30,1.5399999618530273,1.600000023841858,1.5099999904632568,1.600000023841858,410000
2017-10-31,1.5399999618530273,1.5499999523162842,1.5199999809265137,1.5399999618530273,528000
2017-11-01,1.6100000143051147,1.6100000143051147,1.5299999713897705,1.5499999523162842,1590000
2017-11-02,1.6100000143051147,1.6100000143051147,1.5,1.600000023841858,568000
2017-11-03,1.600000023841858,1.6100000143051147,1.5099999904632568,1.6100000143051147,532000
2017-11-06,1.6100000143051147,1.6100000143051147,1.5800000429153442,1.600000023841858,468000
2017-11-07,1.6200000047683716,1.6399999856948853,1.6100000143051147,1.6200000047683716,546000
2017-11-08,1.6100000143051147,1.6100000143051147,1.5299999713897705,1.600000023841858,356000
2017-11-09,1.5800000429153442,1.600000023841858,1.5399999618530273,1.600000023841858,842000
2017-11-10,1.5399999618530273,1.590000033378601,1.5099999904632568,1.5700000524520874,692000
2017-11-13,1.559999942779541,1.600000023841858,1.5099999904632568,1.5299999713897705,494000
2017-11-14,1.5399999618530273,1.559999942779541,1.5199999809265137,1.559999942779541,482000
2017-11-15,1.5399999618530273,1.5499999523162842,1.5199999809265137,1.5299999713897705,234000
2017-11-16,1.5399999618530273,1.559999942779541,1.5,1.5399999618530273,236000
2017-11-17,1.5,1.5499999523162842,1.4199999570846558,1.5399999618530273,960000
2017-11-20,1.5399999618530273,1.5399999618530273,1.4500000476837158,1.5,250000
2017-11-21,1.5199999809265137,1.5199999809265137,1.4900000095367432,1.5099999904632568,222000
2017-11-22,1.5099999904632568,1.5199999809265137,1.4700000286102295,1.5199999809265137,206000
2017-11-23,1.5199999809265137,1.5299999713897705,1.4700000286102295,1.4700000286102295,176000
2017-11-24,1.5299999713897705,1.559999942779541,1.5299999713897705,1.5399999618530273,208000
2017-11-27,1.5399999618530273,1.559999942779541,1.4800000190734863,1.5399999618530273,194000
2017-11-28,1.5099999904632568,1.5299999713897705,1.4600000381469727,1.5299999713897705,206000
2017-11-29,1.5199999809265137,1.5499999523162842,1.4900000095367432,1.5099999904632568,162000
2017-11-30,1.5,1.5399999618530273,1.4500000476837158,1.5399999618530273,250000
2017-12-01,1.5,1.5099999904632568,1.4700000286102295,1.4700000286102295,208000
2017-12-04,1.5299999713897705,1.5499999523162842,1.4600000381469727,1.4900000095367432,360000
2017-12-05,1.5099999904632568,1.5499999523162842,1.4800000190734863,1.5499999523162842,216000
2017-12-06,1.5,1.5299999713897705,1.4700000286102295,1.5099999904632568,708000
2017-12-07,1.5,1.5,1.4700000286102295,1.5,426000
2017-12-08,1.5,1.5099999904632568,1.4800000190734863,1.5099999904632568,536000
2017-12-11,1.5,1.5099999904632568,1.4900000095367432,1.5099999904632568,644000
2017-12-12,1.5,1.5,1.4700000286102295,1.5,614000
2017-12-13,1.5,1.5,1.4700000286102295,1.4900000095367432,430000
2017-12-14,1.5,1.5,1.4800000190734863,1.4900000095367432,396000
2017-12-15,1.4900000095367432,1.4900000095367432,1.4700000286102295,1.4800000190734863,566000
2017-12-18,1.4800000190734863,1.4900000095367432,1.3600000143051147,1.4900000095367432,708000
2017-12-19,1.4900000095367432,1.4900000095367432,1.399999976158142,1.4800000190734863,930000
2017-12-20,1.4900000095367432,1.4900000095367432,1.4500000476837158,1.4800000190734863,356000
2017-12-21,1.5,1.5,1.4800000190734863,1.4900000095367432,212000
2017-12-22,1.5,1.5,1.4800000190734863,1.5,166000
2017-12-27,1.4900000095367432,1.5,1.4900000095367432,1.5,140000
2017-12-28,1.4600000381469727,1.4900000095367432,1.409999966621399,1.4900000095367432,150000
2017-12-29,1.4600000381469727,1.4700000286102295,1.4500000476837158,1.4700000286102295,62000
2018-01-02,1.4500000476837158,1.4600000381469727,1.440000057220459,1.4600000381469727,38000
2018-01-03,1.5099999904632568,1.5099999904632568,1.4500000476837158,1.4500000476837158,124000
2018-01-04,1.409999966621399,1.5099999904632568,1.3700000047683716,1.5,726000
2018-01-05,1.4700000286102295,1.4700000286102295,1.4299999475479126,1.4500000476837158,250000
2018-01-08,1.4700000286102295,1.4700000286102295,1.4500000476837158,1.4700000286102295,304000
2018-01-09,1.5,1.5,1.4600000381469727,1.4600000381469727,314000
2018-01-10,1.5,1.5,1.4600000381469727,1.4900000095367432,414000
2018-01-11,1.4900000095367432,1.5,1.4800000190734863,1.5,120000
2018-01-12,1.5,1.5,1.4500000476837158,1.4900000095367432,538000
2018-01-15,1.4900000095367432,1.4900000095367432,1.440000057220459,1.4900000095367432,482000
2018-01-16,1.5,1.5,1.4700000286102295,1.4800000190734863,408000
2018-01-17,1.4700000286102295,1.4900000095367432,1.3899999856948853,1.4900000095367432,612000
2018-01-18,1.4700000286102295,1.4700000286102295,1.440000057220459,1.4700000286102295,264000
2018-01-19,1.4600000381469727,1.4800000190734863,1.4600000381469727,1.4700000286102295,228000
2018-01-22,1.4299999475479126,1.4600000381469727,1.4199999570846558,1.4600000381469727,386000
2018-01-23,1.4500000476837158,1.4500000476837158,1.399999976158142,1.440000057220459,364000
2018-01-24,1.440000057220459,1.4500000476837158,1.409999966621399,1.4500000476837158,280000
2018-01-25,1.4700000286102295,1.4700000286102295,1.409999966621399,1.440000057220459,410000
2018-01-26,1.649999976158142,1.7400000095367432,1.4600000381469727,1.5,11930000
2018-01-29,1.649999976158142,1.6699999570846558,1.5299999713897705,1.649999976158142,3528000
2018-01-30,1.600000023841858,1.649999976158142,1.5,1.6299999952316284,3147000
2018-01-31,1.6100000143051147,1.6399999856948853,1.5499999523162842,1.6100000143051147,1650000
2018-02-01,1.600000023841858,1.6100000143051147,1.5499999523162842,1.6100000143051147,1706000
2018-02-02,1.600000023841858,1.6100000143051147,1.5800000429153442,1.600000023841858,1242000
2018-02-05,1.6200000047683716,1.6399999856948853,1.5700000524520874,1.6100000143051147,1492000
2018-02-06,1.6100000143051147,1.6200000047683716,1.5700000524520874,1.6200000047683716,722000
2018-02-07,1.600000023841858,1.6200000047683716,1.5299999713897705,1.6100000143051147,510000
2018-02-08,1.5800000429153442,1.600000023841858,1.5399999618530273,1.600000023841858,1072000
2018-02-09,1.559999942779541,1.5800000429153442,1.4500000476837158,1.5800000429153442,748000
2018-02-12,1.5700000524520874,1.5700000524520874,1.5,1.5499999523162842,362000
2018-02-13,1.5299999713897705,1.5700000524520874,1.5,1.5700000524520874,368000
2018-02-14,1.5299999713897705,1.5499999523162842,1.4700000286102295,1.4700000286102295,72000
2018-02-15,1.600000023841858,1.600000023841858,1.5299999713897705,1.5299999713897705,110000
2018-02-20,1.6100000143051147,1.6100000143051147,1.5399999618530273,1.600000023841858,430000
2018-02-21,1.6100000143051147,1.6299999952316284,1.559999942779541,1.6100000143051147,166000
2018-02-22,1.6100000143051147,1.6100000143051147,1.5700000524520874,1.6100000143051147,434000
2018-02-23,1.6100000143051147,1.6100000143051147,1.5199999809265137,1.6100000143051147,250000
2018-02-26,1.6200000047683716,1.6200000047683716,1.5700000524520874,1.6100000143051147,384000
2018-02-27,1.6100000143051147,1.6200000047683716,1.5800000429153442,1.6200000047683716,332000
2018-02-28,1.5700000524520874,1.6100000143051147,1.559999942779541,1.6100000143051147,396000
2018-03-01,1.5700000524520874,1.5800000429153442,1.5299999713897705,1.559999942779541,326000
2018-03-02,1.590000033378601,1.600000023841858,1.5499999523162842,1.5700000524520874,320000
2018-03-05,1.600000023841858,1.600000023841858,1.559999942779541,1.590000033378601,202000
2018-03-06,1.5299999713897705,1.600000023841858,1.5099999904632568,1.600000023841858,412000
2018-03-07,1.4900000095367432,1.5299999713897705,1.440000057220459,1.5199999809265137,526000
2018-03-08,1.440000057220459,1.4800000190734863,1.3799999952316284,1.4800000190734863,862000
2018-03-09,1.4199999570846558,1.4199999570846558,1.399999976158142,1.399999976158142,710000
2018-03-12,1.3799999952316284,1.4199999570846558,1.3700000047683716,1.4199999570846558,274000
2018-03-13,1.3799999952316284,1.4199999570846558,1.3700000047683716,1.399999976158142,632000
2018-03-14,1.399999976158142,1.399999976158142,1.3899999856948853,1.3899999856948853,72000
2018-03-15,1.409999966621399,1.409999966621399,1.3700000047683716,1.3700000047683716,40000
2018-03-16,1.409999966621399,1.4199999570846558,1.3700000047683716,1.3899999856948853,258000
2018-03-19,1.399999976158142,1.399999976158142,1.309999942779541,1.3700000047683716,206000
2018-03-20,1.399999976158142,1.4500000476837158,1.3300000429153442,1.4500000476837158,370000
2018-03-21,1.399999976158142,1.4199999570846558,1.3600000143051147,1.399999976158142,98000
2018-03-22,1.399999976158142,1.399999976158142,1.399999976158142,1.399999976158142,0
2018-03-23,1.340000033378601,1.3600000143051147,1.2000000476837158,1.2899999618530273,542000
2018-03-26,1.2999999523162842,1.340000033378601,1.2999999523162842,1.340000033378601,76000
2018-03-27,1.350000023841858,1.3899999856948853,1.25,1.2599999904632568,126000
2018-03-28,1.399999976158142,1.399999976158142,1.2799999713897705,1.2899999618530273,8000
2018-03-29,1.3899999856948853,1.3899999856948853,1.3899999856948853,1.3899999856948853,2000
2018-04-03,1.3300000429153442,1.4199999570846558,1.2799999713897705,1.399999976158142,130000
2018-04-04,1.350000023841858,1.350000023841858,1.2599999904632568,1.3200000524520874,202000
2018-04-06,1.399999976158142,1.399999976158142,1.3200000524520874,1.3200000524520874,34000
2018-04-09,1.3700000047683716,1.3700000047683716,1.3700000047683716,1.3700000047683716,2000
2018-04-10,1.3300000429153442,1.3300000429153442,1.2899999618530273,1.2999999523162842,64000
2018-04-11,1.3200000524520874,1.3300000429153442,1.3200000524520874,1.3200000524520874,122000
2018-04-12,1.340000033378601,1.340000033378601,1.3200000524520874,1.3200000524520874,54000
2018-04-13,1.340000033378601,1.399999976158142,1.340000033378601,1.340000033378601,32000
2018-04-16,1.340000033378601,1.350000023841858,1.340000033378601,1.350000023841858,112000
2018-04-17,1.340000033378601,1.3600000143051147,1.2999999523162842,1.3600000143051147,114000
2018-04-18,1.3899999856948853,1.399999976158142,1.340000033378601,1.340000033378601,110000
2018-04-19,1.4299999475479126,1.4299999475479126,1.350000023841858,1.350000023841858,36000
2018-04-20,1.3899999856948853,1.3899999856948853,1.3899999856948853,1.3899999856948853,24000
2018-04-23,1.309999942779541,1.3200000524520874,1.2200000286102295,1.2999999523162842,320000
2018-04-24,1.309999942779541,1.309999942779541,1.2799999713897705,1.2799999713897705,84000
2018-04-25,1.350000023841858,1.350000023841858,1.2899999618530273,1.2999999523162842,198000
2018-04-26,1.340000033378601,1.340000033378601,1.340000033378601,1.340000033378601,100000
2018-04-27,1.3899999856948853,1.3899999856948853,1.350000023841858,1.350000023841858,84000
2018-04-30,1.350000023841858,1.350000023841858,1.2999999523162842,1.309999942779541,110000
2018-05-02,1.350000023841858,1.3799999952316284,1.3300000429153442,1.3600000143051147,172000
2018-05-03,1.3600000143051147,1.3600000143051147,1.3600000143051147,1.3600000143051147,146000
2018-05-04,1.3700000047683716,1.399999976158142,1.3600000143051147,1.399999976158142,156000
2018-05-07,1.399999976158142,1.399999976158142,1.399999976158142,1.399999976158142,78000
2018-05-08,1.350000023841858,1.350000023841858,1.350000023841858,1.350000023841858,22000
2018-05-09,1.350000023841858,1.3700000047683716,1.350000023841858,1.3700000047683716,60000
2018-05-10,1.3700000047683716,1.3700000047683716,1.3700000047683716,1.3700000047683716,40000
2018-05-11,1.309999942779541,1.3300000429153442,1.2400000095367432,1.3300000429153442,50000
2018-05-14,1.2999999523162842,1.2999999523162842,1.2799999713897705,1.309999942779541,204000
2018-05-15,1.2300000190734863,1.2599999904632568,1.2000000476837158,1.2599999904632568,418000
2018-05-16,1.2699999809265137,1.3300000429153442,1.2100000381469727,1.2100000381469727,80000
2018-05-17,1.2699999809265137,1.2899999618530273,1.2400000095367432,1.2899999618530273,52000
2018-05-18,1.2599999904632568,1.409999966621399,1.2599999904632568,1.409999966621399,82000
2018-05-21,1.2599999904632568,1.2899999618530273,1.2200000286102295,1.2400000095367432,92000
2018-05-23,1.2100000381469727,1.25,1.2100000381469727,1.2400000095367432,180000
2018-05-24,1.2699999809265137,1.2799999713897705,1.2100000381469727,1.2300000190734863,126000
2018-05-25,1.25,1.2999999523162842,1.2200000286102295,1.2200000286102295,64000
2018-05-28,1.2200000286102295,1.2300000190734863,1.1399999856948853,1.2100000381469727,228000
2018-05-29,1.2300000190734863,1.2799999713897705,1.059999942779541,1.1699999570846558,650000
2018-05-30,1.149999976158142,1.190000057220459,1.1399999856948853,1.190000057220459,202000
2018-05-31,1.2000000476837158,1.2000000476837158,1.1699999570846558,1.2000000476837158,154000
2018-06-01,1.190000057220459,1.2000000476837158,1.2000000476837158,1.2000000476837158,60000
2018-06-04,1.2200000286102295,1.25,1.2200000286102295,1.25,32000
2018-06-05,1.1699999570846558,1.2599999904632568,1.1399999856948853,1.25,580000
2018-06-06,1.149999976158142,1.1799999475479126,1.1399999856948853,1.1399999856948853,60000
2018-06-07,1.2000000476837158,1.2000000476837158,1.159999966621399,1.1799999475479126,22000
2018-06-08,1.1699999570846558,1.1699999570846558,1.159999966621399,1.1699999570846558,134000
2018-06-11,1.2100000381469727,1.2100000381469727,1.190000057220459,1.190000057220459,58000
2018-06-12,1.2200000286102295,1.2400000095367432,1.2000000476837158,1.2300000190734863,158000
2018-06-13,1.2100000381469727,1.2100000381469727,1.1799999475479126,1.2100000381469727,122000
2018-06-14,1.190000057220459,1.190000057220459,1.1799999475479126,1.1799999475479126,6000
2018-06-15,1.190000057220459,1.190000057220459,1.190000057220459,1.190000057220459,20000
2018-06-19,1.2000000476837158,1.2699999809265137,1.1799999475479126,1.190000057220459,62000
2018-06-20,1.190000057220459,1.190000057220459,1.190000057220459,1.190000057220459,0
2018-06-21,1.149999976158142,1.1799999475479126,1.149999976158142,1.1799999475479126,32000
2018-06-22,1.149999976158142,1.190000057220459,1.149999976158142,1.149999976158142,72000
2018-06-25,1.1200000047683716,1.159999966621399,1.100000023841858,1.159999966621399,284000
2018-06-26,1.1200000047683716,1.1200000047683716,1.1200000047683716,1.1200000047683716,90000
2018-06-27,1.1299999952316284,1.1299999952316284,1.1299999952316284,1.1299999952316284,2000
2018-06-28,1.1200000047683716,1.1399999856948853,1.0700000524520874,1.100000023841858,132000
2018-06-29,1.1100000143051147,1.1200000047683716,1.0399999618530273,1.1200000047683716,66000
2018-07-03,1.1200000047683716,1.1200000047683716,0.9599999785423279,1.0399999618530273,958000
2018-07-04,1.0800000429153442,1.0800000429153442,1.0199999809265137,1.0499999523162842,90000
2018-07-05,1.0299999713897705,1.409999966621399,0.9900000095367432,1.409999966621399,248000
2018-07-06,1.0800000429153442,1.0800000429153442,0.9900000095367432,1.0,388000
2018-07-09,1.090000033378601,1.1299999952316284,1.0099999904632568,1.1100000143051147,512000
2018-07-10,1.0099999904632568,1.1299999952316284,1.0,1.1200000047683716,506000
2018-07-11,1.0099999904632568,1.059999942779541,0.9900000095367432,1.0,292000
2018-07-12,1.0099999904632568,1.0199999809265137,0.9900000095367432,1.0,130000
2018-07-13,1.0299999713897705,1.0399999618530273,0.8899999856948853,1.0099999904632568,2748000
2018-07-16,1.100000023841858,1.1799999475479126,1.0800000429153442,1.1799999475479126,64000
2018-07-17,1.0800000429153442,1.090000033378601,1.0199999809265137,1.0800000429153442,114000
2018-07-18,1.100000023841858,1.100000023841858,0.9200000166893005,1.0099999904632568,2518000
2018-07-19,0.9900000095367432,1.0299999713897705,0.9700000286102295,1.0099999904632568,1212000
2018-07-20,1.0099999904632568,1.0199999809265137,0.949999988079071,0.9700000286102295,824000
2018-07-23,1.0,1.0,0.949999988079071,0.9700000286102295,628000
2018-07-24,0.9900000095367432,1.0,0.9599999785423279,0.9800000190734863,360000
2018-07-25,0.9800000190734863,0.9900000095367432,0.949999988079071,0.9599999785423279,560000
2018-07-26,0.9800000190734863,0.9800000190734863,0.9800000190734863,0.9800000190734863,8000
2018-07-27,0.9800000190734863,0.9800000190734863,0.9800000190734863,0.9800000190734863,0
2018-07-30,0.9800000190734863,0.9800000190734863,0.9800000190734863,0.9800000190734863,0
2018-07-31,0.9599999785423279,1.0,0.9399999976158142,1.0,222000
2018-08-01,0.9599999785423279,0.9599999785423279,0.9300000071525574,0.949999988079071,34000
2018-08-02,0.9599999785423279,0.9599999785423279,0.8899999856948853,0.9599999785423279,340000
2018-08-03,0.949999988079071,0.949999988079071,0.8899999856948853,0.949999988079071,326000
2018-08-06,0.9100000262260437,0.9100000262260437,0.9100000262260437,0.9100000262260437,20000
2018-08-07,0.9200000166893005,0.9200000166893005,0.8799999952316284,0.8899999856948853,164000
2018-08-08,0.949999988079071,0.949999988079071,0.8999999761581421,0.9200000166893005,124000
2018-08-09,0.9200000166893005,0.9599999785423279,0.9100000262260437,0.9200000166893005,100000
2018-08-10,0.9200000166893005,0.9200000166893005,0.9200000166893005,0.9200000166893005,0
2018-08-13,0.9200000166893005,0.9200000166893005,0.9200000166893005,0.9200000166893005,0
2018-08-14,0.9399999976158142,0.9399999976158142,0.8999999761581421,0.8999999761581421,50000
2018-08-15,0.8799999952316284,0.8899999856948853,0.8500000238418579,0.8899999856948853,44000
2018-08-16,0.9100000262260437,0.9100000262260437,0.9100000262260437,0.9100000262260437,4000
2018-08-17,0.8799999952316284,0.8799999952316284,0.8199999928474426,0.8600000143051147,432000
2018-08-20,0.9100000262260437,0.9200000166893005,0.8899999856948853,0.8899999856948853,8000
2018-08-21,0.8999999761581421,0.8999999761581421,0.8999999761581421,0.8999999761581421,0
2018-08-22,0.8299999833106995,0.8399999737739563,0.800000011920929,0.8299999833106995,260000
2018-08-23,0.8999999761581421,0.8799999952316284,0.7599999904632568,0.8199999928474426,306000
2018-08-24,0.8899999856948853,0.8999999761581421,0.8899999856948853,0.8899999856948853,46000
2018-08-27,0.8899999856948853,0.8899999856948853,0.8500000238418579,0.8799999952316284,124000
2018-08-28,0.8899999856948853,0.8899999856948853,0.8100000023841858,0.8399999737739563,176000
2018-08-29,0.8399999737739563,0.8500000238418579,0.8199999928474426,0.8399999737739563,360000
2018-08-30,0.8399999737739563,0.8600000143051147,0.800000011920929,0.8199999928474426,264000
2018-08-31,0.9900000095367432,0.9900000095367432,0.800000011920929,0.800000011920929,1070000
2018-09-03,0.9399999976158142,1.0,0.8600000143051147,1.0,112000
2018-09-04,0.8600000143051147,0.9300000071525574,0.8199999928474426,0.9300000071525574,500000
2018-09-05,0.8600000143051147,0.8600000143051147,0.8199999928474426,0.8199999928474426,50000
2018-09-06,0.8500000238418579,0.8500000238418579,0.8100000023841858,0.8100000023841858,96000
2018-09-07,0.8299999833106995,0.8500000238418579,0.8100000023841858,0.8500000238418579,56000
2018-09-10,0.8700000047683716,0.8700000047683716,0.8199999928474426,0.8199999928474426,182000
2018-09-11,0.8700000047683716,0.8700000047683716,0.8700000047683716,0.8700000047683716,0
2018-09-12,0.8700000047683716,0.8700000047683716,0.8700000047683716,0.8700000047683716,0
2018-09-13,0.949999988079071,0.9599999785423279,0.8399999737739563,0.8999999761581421,150000
2018-09-14,0.8999999761581421,0.9300000071525574,0.8399999737739563,0.8700000047683716,160000
2018-09-17,0.8600000143051147,0.8899999856948853,0.8399999737739563,0.8600000143051147,112000
2018-09-18,0.8799999952316284,0.8999999761581421,0.8500000238418579,0.8500000238418579,202000
2018-09-19,0.8799999952316284,0.8799999952316284,0.8799999952316284,0.8799999952316284,0
2018-09-20,0.8899999856948853,0.8899999856948853,0.8799999952316284,0.8799999952316284,72000
2018-09-21,0.8899999856948853,0.8899999856948853,0.8899999856948853,0.8899999856948853,0
2018-09-24,0.8899999856948853,0.8899999856948853,0.8899999856948853,0.8899999856948853,0
2018-09-26,0.8899999856948853,0.8899999856948853,0.8399999737739563,0.8399999737739563,116000
2018-09-27,0.8799999952316284,0.8799999952316284,0.8799999952316284,0.8799999952316284,0
2018-09-28,0.8799999952316284,0.8799999952316284,0.8799999952316284,0.8799999952316284,0
2018-10-02,0.8799999952316284,0.8799999952316284,0.8799999952316284,0.8799999952316284,0
2018-10-03,0.8399999737739563,0.8399999737739563,0.8399999737739563,0.8399999737739563,0
2018-10-04,0.8600000143051147,0.8600000143051147,0.8600000143051147,0.8600000143051147,0
2018-10-05,0.8600000143051147,0.8600000143051147,0.8600000143051147,0.8600000143051147,0
2018-10-08,0.8399999737739563,0.8399999737739563,0.8399999737739563,0.8399999737739563,0
2018-10-09,0.8399999737739563,0.8399999737739563,0.8399999737739563,0.8399999737739563,0
2018-10-10,0.8500000238418579,0.8500000238418579,0.800000011920929,0.800000011920929,182000
2018-10-11,0.800000011920929,0.800000011920929,0.7400000095367432,0.7699999809265137,264000
2018-10-12,0.800000011920929,0.800000011920929,0.7400000095367432,0.7599999904632568,250000
2018-10-15,0.800000011920929,0.800000011920929,0.75,0.75,128000
2018-10-16,0.800000011920929,0.800000011920929,0.800000011920929,0.800000011920929,0
2018-10-18,0.7799999713897705,0.800000011920929,0.7200000286102295,0.800000011920929,474000
2018-10-19,0.7699999809265137,0.800000011920929,0.7400000095367432,0.7599999904632568,286000
2018-10-22,0.7799999713897705,0.8399999737739563,0.7599999904632568,0.8299999833106995,62000
2018-10-23,0.7599999904632568,0.7699999809265137,0.7200000286102295,0.75,642000
2018-10-24,0.75,0.75,0.75,0.75,0
2018-10-25,0.7699999809265137,0.7699999809265137,0.699999988079071,0.7300000190734863,688000
2018-10-26,0.7699999809265137,0.7699999809265137,0.7300000190734863,0.7300000190734863,168000
2018-10-29,0.7400000095367432,0.7799999713897705,0.7300000190734863,0.7799999713897705,288000
2018-10-30,0.7400000095367432,0.7400000095367432,0.7200000286102295,0.7200000286102295,30000
2018-10-31,0.7599999904632568,0.7599999904632568,0.7400000095367432,0.7400000095367432,48000
2018-11-01,0.7599999904632568,0.7599999904632568,0.7599999904632568,0.7599999904632568,0
2018-11-02,0.7300000190734863,0.7599999904632568,0.7200000286102295,0.7599999904632568,262000
2018-11-05,0.7300000190734863,0.7300000190734863,0.6899999976158142,0.699999988079071,160000
2018-11-06,0.7300000190734863,0.7300000190734863,0.7300000190734863,0.7300000190734863,0
2018-11-07,0.7300000190734863,0.7300000190734863,0.7200000286102295,0.7200000286102295,8000
2018-11-08,0.7200000286102295,0.7300000190734863,0.6899999976158142,0.7300000190734863,54000
2018-11-09,0.7200000286102295,0.7200000286102295,0.6899999976158142,0.6899999976158142,186000
2018-11-12,0.7400000095367432,0.7400000095367432,0.7200000286102295,0.7200000286102295,24000
2018-11-13,0.7300000190734863,0.7300000190734863,0.7300000190734863,0.7300000190734863,0
2018-11-14,0.7300000190734863,0.7300000190734863,0.7300000190734863,0.7300000190734863,0
2018-11-15,0.7400000095367432,0.7400000095367432,0.699999988079071,0.699999988079071,44000
2018-11-16,0.7400000095367432,0.7400000095367432,0.7400000095367432,0.7400000095367432,0
2018-11-19,0.7300000190734863,0.7300000190734863,0.7099999785423279,0.7099999785423279,102000
2018-11-20,0.7300000190734863,0.7300000190734863,0.7200000286102295,0.7200000286102295,72000
2018-11-21,0.7300000190734863,0.7300000190734863,0.7099999785423279,0.7099999785423279,10000
2018-11-22,0.7300000190734863,0.7300000190734863,0.7300000190734863,0.7300000190734863,0
2018-11-23,0.7699999809265137,0.7699999809265137,0.7300000190734863,0.7300000190734863,32000
2018-11-26,0.7699999809265137,0.7699999809265137,0.7699999809265137,0.7699999809265137,0
2018-11-27,0.7599999904632568,0.7599999904632568,0.7599999904632568,0.7599999904632568,0
2018-11-28,0.8199999928474426,0.8199999928474426,0.7599999904632568,0.7599999904632568,10000
2018-11-29,0.8100000023841858,0.8100000023841858,0.8100000023841858,0.8100000023841858,0
2018-11-30,0.7599999904632568,0.7699999809265137,0.75,0.7699999809265137,90000
2018-12-03,0.75,0.7699999809265137,0.75,0.75,52000
2018-12-04,0.7200000286102295,0.7200000286102295,0.699999988079071,0.699999988079071,8000
2018-12-05,0.7900000214576721,0.800000011920929,0.7099999785423279,0.7200000286102295,16000
2018-12-06,0.699999988079071,0.7200000286102295,0.699999988079071,0.7200000286102295,18000
2018-12-07,0.6800000071525574,0.699999988079071,0.5899999737739563,0.6700000166893005,2026000
2018-12-10,0.699999988079071,0.699999988079071,0.6700000166893005,0.6700000166893005,36000
2018-12-11,0.699999988079071,0.699999988079071,0.6499999761581421,0.6800000071525574,82000
2018-12-12,0.699999988079071,0.699999988079071,0.699999988079071,0.699999988079071,0
2018-12-13,0.6499999761581421,0.6499999761581421,0.6499999761581421,0.6499999761581421,2000
2018-12-14,0.699999988079071,0.699999988079071,0.699999988079071,0.699999988079071,0
2018-12-17,0.699999988079071,0.699999988079071,0.6800000071525574,0.6800000071525574,10000
2018-12-18,0.7599999904632568,0.7599999904632568,0.6899999976158142,0.6899999976158142,30000
2018-12-19,0.7599999904632568,0.7599999904632568,0.7599999904632568,0.7599999904632568,0
2018-12-20,0.75,0.7599999904632568,0.6600000262260437,0.6600000262260437,62000
2018-12-21,0.699999988079071,0.699999988079071,0.5899999737739563,0.6800000071525574,58000
2018-12-24,0.699999988079071,0.699999988079071,0.699999988079071,0.699999988079071,0
2018-12-27,0.699999988079071,0.699999988079071,0.699999988079071,0.699999988079071,0
2018-12-28,0.7099999785423279,0.7099999785423279,0.6399999856948853,0.6499999761581421,70000
2018-12-31,0.7099999785423279,0.7099999785423279,0.7099999785423279,0.7099999785423279,0
2019-01-02,0.7300000190734863,0.7699999809265137,0.699999988079071,0.75,56000
2019-01-03,0.7200000286102295,0.7200000286102295,0.7200000286102295,0.7200000286102295,0
2019-01-04,0.7400000095367432,0.7400000095367432,0.699999988079071,0.699999988079071,80000
2019-01-07,0.7200000286102295,0.7200000286102295,0.7200000286102295,0.7200000286102295,0
2019-01-08,0.7300000190734863,0.75,0.699999988079071,0.699999988079071,112000
2019-01-09,0.7599999904632568,0.7699999809265137,0.7300000190734863,0.75,182000
2019-01-10,0.7599999904632568,0.7599999904632568,0.7599999904632568,0.7599999904632568,0
2019-01-11,0.7900000214576721,0.7900000214576721,0.7799999713897705,0.7799999713897705,12000
2019-01-14,0.7900000214576721,0.7900000214576721,0.7900000214576721,0.7900000214576721,0
2019-01-15,0.800000011920929,0.800000011920929,0.800000011920929,0.800000011920929,0
2019-01-16,0.800000011920929,0.800000011920929,0.800000011920929,0.800000011920929,0
2019-01-17,0.800000011920929,0.800000011920929,0.800000011920929,0.800000011920929,0
2019-01-18,0.800000011920929,0.8199999928474426,0.7599999904632568,0.8100000023841858,90000
2019-01-21,0.800000011920929,0.800000011920929,0.800000011920929,0.800000011920929,0
2019-01-22,0.800000011920929,0.800000011920929,0.800000011920929,0.800000011920929,0
2019-01-23,0.800000011920929,0.800000011920929,0.800000011920929,0.800000011920929,0
2019-01-24,0.7900000214576721,0.7900000214576721,0.7900000214576721,0.7900000214576721,0
2019-01-25,0.7900000214576721,0.7900000214576721,0.7900000214576721,0.7900000214576721,0
2019-01-28,0.7900000214576721,0.7900000214576721,0.7900000214576721,0.7900000214576721,0
2019-01-29,0.7900000214576721,0.7900000214576721,0.7900000214576721,0.7900000214576721,0
2019-01-30,0.7900000214576721,0.7900000214576721,0.7900000214576721,0.7900000214576721,0
2019-01-31,0.7900000214576721,0.800000011920929,0.6899999976158142,0.6899999976158142,72000
2019-02-01,0.7900000214576721,0.7900000214576721,0.7300000190734863,0.7300000190734863,12000
2019-02-04,0.7900000214576721,0.7900000214576721,0.7900000214576721,0.7900000214576721,0
2019-02-08,0.8100000023841858,0.8100000023841858,0.800000011920929,0.800000011920929,10000
2019-02-11,0.7900000214576721,0.800000011920929,0.7200000286102295,0.800000011920929,82000
2019-02-12,0.7900000214576721,0.7900000214576721,0.7900000214576721,0.7900000214576721,0
2019-02-13,0.7699999809265137,0.7699999809265137,0.7099999785423279,0.75,324000
2019-02-14,0.7900000214576721,0.7900000214576721,0.7400000095367432,0.7699999809265137,108000
2019-02-15,0.7699999809265137,0.8100000023841858,0.7400000095367432,0.800000011920929,70000
2019-02-18,0.7599999904632568,0.7699999809265137,0.7400000095367432,0.7400000095367432,58000
2019-02-19,0.7599999904632568,0.7599999904632568,0.7599999904632568,0.7599999904632568,0
2019-02-20,0.7699999809265137,0.7699999809265137,0.7599999904632568,0.7599999904632568,32000
2019-02-21,0.8100000023841858,0.8100000023841858,0.7900000214576721,0.7900000214576721,56000
2019-02-22,0.8399999737739563,0.8500000238418579,0.8100000023841858,0.8100000023841858,50000
2019-02-25,0.8100000023841858,0.8100000023841858,0.7799999713897705,0.7799999713897705,26000
2019-02-26,0.7900000214576721,0.7900000214576721,0.7400000095367432,0.7900000214576721,124000
2019-02-27,0.8100000023841858,0.8100000023841858,0.7400000095367432,0.7400000095367432,30000
2019-02-28,0.8100000023841858,0.8100000023841858,0.8100000023841858,0.8100000023841858,0
2019-03-01,0.8700000047683716,0.8700000047683716,0.7699999809265137,0.8199999928474426,32000
2019-03-04,0.7900000214576721,0.8100000023841858,0.75,0.800000011920929,58000
2019-03-05,0.800000011920929,0.8100000023841858,0.75,0.7599999904632568,50000
2019-03-06,0.75,0.7699999809265137,0.75,0.7699999809265137,254000
2019-03-07,0.7699999809265137,0.7699999809265137,0.7400000095367432,0.75,158000
2019-03-08,0.7699999809265137,0.7699999809265137,0.7699999809265137,0.7699999809265137,0
2019-03-11,0.7699999809265137,0.7699999809265137,0.7699999809265137,0.7699999809265137,6000
2019-03-12,0.7699999809265137,0.7699999809265137,0.7699999809265137,0.7699999809265137,0
2019-03-13,0.7699999809265137,0.7699999809265137,0.7699999809265137,0.7699999809265137,0
2019-03-14,0.7699999809265137,0.7699999809265137,0.7300000190734863,0.7300000190734863,60000
2019-03-15,0.7699999809265137,0.7699999809265137,0.7200000286102295,0.7300000190734863,26000
2019-03-18,0.7699999809265137,0.800000011920929,0.7300000190734863,0.7300000190734863,184000
2019-03-19,0.7699999809265137,0.7699999809265137,0.7699999809265137,0.7699999809265137,0
2019-03-20,0.7699999809265137,0.7699999809265137,0.7699999809265137,0.7699999809265137,0
2019-03-21,0.7699999809265137,0.7699999809265137,0.7699999809265137,0.7699999809265137,0
2019-03-22,0.7699999809265137,0.7799999713897705,0.7699999809265137,0.7799999713897705,4000
2019-03-25,0.7400000095367432,0.7699999809265137,0.699999988079071,0.7699999809265137,198000
2019-03-26,0.75,0.75,0.7400000095367432,0.7400000095367432,8000
2019-03-27,0.75,0.75,0.7400000095367432,0.7400000095367432,32000
2019-03-28,0.7599999904632568,0.7599999904632568,0.7599999904632568,0.7599999904632568,14000
2019-03-29,0.7599999904632568,0.7599999904632568,0.75,0.75,32000
2019-04-01,0.7599999904632568,0.7599999904632568,0.7599999904632568,0.7599999904632568,0
2019-04-02,0.75,0.75,0.75,0.75,0
2019-04-03,0.75,0.75,0.6499999761581421,0.75,612000
2019-04-04,0.7200000286102295,0.7400000095367432,0.6800000071525574,0.7400000095367432,316000
2019-04-08,0.7300000190734863,0.7300000190734863,0.6899999976158142,0.7200000286102295,96000
2019-04-09,0.7300000190734863,0.7300000190734863,0.7099999785423279,0.7200000286102295,100000
2019-04-10,0.7200000286102295,0.7200000286102295,0.699999988079071,0.7200000286102295,284000
2019-04-11,0.7200000286102295,0.7200000286102295,0.7099999785423279,0.7099999785423279,8000
2019-04-12,0.7300000190734863,0.7400000095367432,0.7099999785423279,0.7099999785423279,88000
2019-04-15,0.75,0.75,0.75,0.75,2000
2019-04-16,0.75,0.75,0.75,0.75,0
2019-04-17,0.75,0.75,0.75,0.75,0
2019-04-18,0.75,0.75,0.75,0.75,0
2019-04-23,0.75,0.75,0.75,0.75,0
2019-04-24,0.7300000190734863,0.7799999713897705,0.7300000190734863,0.7799999713897705,101700
2019-04-25,0.7300000190734863,0.7300000190734863,0.699999988079071,0.7200000286102295,52000
2019-04-26,0.7300000190734863,0.75,0.7200000286102295,0.7300000190734863,26000
2019-04-29,0.7300000190734863,0.7300000190734863,0.7300000190734863,0.7300000190734863,30000
2019-04-30,0.7200000286102295,0.7300000190734863,0.7200000286102295,0.7300000190734863,50000
2019-05-02,0.7200000286102295,0.7300000190734863,0.7200000286102295,0.7200000286102295,12000
2019-05-03,0.7200000286102295,0.7200000286102295,0.699999988079071,0.7200000286102295,58000
2019-05-06,0.7200000286102295,0.7200000286102295,0.699999988079071,0.7099999785423279,222000
2019-05-07,0.7200000286102295,0.7200000286102295,0.6899999976158142,0.699999988079071,470000
2019-05-08,0.7200000286102295,0.7200000286102295,0.7099999785423279,0.7099999785423279,12000
2019-05-09,0.7200000286102295,0.7200000286102295,0.6899999976158142,0.7099999785423279,104000
2019-05-10,0.7200000286102295,0.75,0.6899999976158142,0.7300000190734863,96000
2019-05-14,0.75,0.75,0.5699999928474426,0.699999988079071,456000
2019-05-15,0.7699999809265137,0.7699999809265137,0.7200000286102295,0.7300000190734863,68000
2019-05-16,0.8100000023841858,0.8100000023841858,0.8100000023841858,0.8100000023841858,0
2019-05-17,0.75,0.75,0.75,0.75,10000
2019-05-20,0.75,0.75,0.7200000286102295,0.7200000286102295,12000
2019-05-21,0.75,0.75,0.75,0.75,0
2019-05-22,0.7400000095367432,0.75,0.7400000095367432,0.7400000095367432,302000
2019-05-23,0.7400000095367432,0.7400000095367432,0.7099999785423279,0.7099999785423279,1560000
2019-05-24,0.7400000095367432,0.7400000095367432,0.7400000095367432,0.7400000095367432,0
2019-05-27,0.7400000095367432,0.7400000095367432,0.7099999785423279,0.7099999785423279,14000
2019-05-28,0.7200000286102295,0.7300000190734863,0.7099999785423279,0.7099999785423279,54000
2019-05-29,0.7200000286102295,0.7200000286102295,0.6600000262260437,0.7099999785423279,366000
2019-05-30,0.75,0.7900000214576721,0.699999988079071,0.7799999713897705,96000
2019-05-31,0.7300000190734863,0.7300000190734863,0.699999988079071,0.699999988079071,56000
2019-06-03,0.7200000286102295,0.7200000286102295,0.7200000286102295,0.7200000286102295,0
2019-06-04,0.7099999785423279,0.7200000286102295,0.699999988079071,0.699999988079071,10000
2019-06-05,0.7099999785423279,0.7099999785423279,0.699999988079071,0.699999988079071,46000
2019-06-06,0.699999988079071,0.7300000190734863,0.6700000166893005,0.7300000190734863,232000
2019-06-10,0.7099999785423279,0.7200000286102295,0.6800000071525574,0.6899999976158142,44000
2019-06-11,0.699999988079071,0.699999988079071,0.6800000071525574,0.6800000071525574,18000
2019-06-12,0.699999988079071,0.699999988079071,0.699999988079071,0.699999988079071,0
2019-06-13,0.699999988079071,0.7200000286102295,0.6899999976158142,0.7200000286102295,290000
2019-06-14,0.6899999976158142,0.7699999809265137,0.6800000071525574,0.6899999976158142,402000
2019-06-17,0.6899999976158142,0.6899999976158142,0.6700000166893005,0.6800000071525574,84000
2019-06-18,0.699999988079071,0.699999988079071,0.6899999976158142,0.699999988079071,98000
2019-06-19,0.75,0.7699999809265137,0.75,0.7699999809265137,8000
2019-06-20,0.6899999976158142,0.699999988079071,0.6800000071525574,0.699999988079071,138000
2019-06-21,0.6899999976158142,0.699999988079071,0.6800000071525574,0.6800000071525574,64000
2019-06-24,0.699999988079071,0.699999988079071,0.6899999976158142,0.6899999976158142,60000
2019-06-25,0.7200000286102295,0.7200000286102295,0.6899999976158142,0.6899999976158142,4000
2019-06-26,0.7200000286102295,0.7200000286102295,0.7200000286102295,0.7200000286102295,0
2019-06-27,0.7099999785423279,0.7099999785423279,0.7099999785423279,0.7099999785423279,0
2019-06-28,0.7099999785423279,0.7099999785423279,0.7099999785423279,0.7099999785423279,0
2019-07-02,0.699999988079071,0.699999988079071,0.6200000047683716,0.6700000166893005,422000
2019-07-03,0.6899999976158142,0.6899999976158142,0.6200000047683716,0.6499999761581421,1070000
2019-07-04,0.699999988079071,0.699999988079071,0.699999988079071,0.699999988079071,0
2019-07-05,0.6800000071525574,0.6800000071525574,0.6800000071525574,0.6800000071525574,0
2019-07-08,0.6800000071525574,0.6800000071525574,0.6399999856948853,0.6399999856948853,520000
2019-07-09,0.6800000071525574,0.6800000071525574,0.6499999761581421,0.6499999761581421,174000
2019-07-10,0.6800000071525574,0.6800000071525574,0.6600000262260437,0.6600000262260437,140000
2019-07-11,0.7099999785423279,0.7099999785423279,0.6499999761581421,0.6499999761581421,420000
2019-07-12,0.7099999785423279,0.7099999785423279,0.6800000071525574,0.6800000071525574,86000
2019-07-15,0.699999988079071,0.7099999785423279,0.6700000166893005,0.6800000071525574,216000
2019-07-16,0.699999988079071,0.7099999785423279,0.6800000071525574,0.6800000071525574,306000
2019-07-17,0.699999988079071,0.699999988079071,0.699999988079071,0.699999988079071,0
2019-07-18,0.699999988079071,0.699999988079071,0.699999988079071,0.699999988079071,0
2019-07-19,0.699999988079071,0.699999988079071,0.6899999976158142,0.6899999976158142,42000
2019-07-22,0.699999988079071,0.699999988079071,0.6899999976158142,0.6899999976158142,6000
2019-07-23,0.699999988079071,0.699999988079071,0.699999988079071,0.699999988079071,0
2019-07-24,0.699999988079071,0.699999988079071,0.699999988079071,0.699999988079071,0
2019-07-25,0.699999988079071,0.699999988079071,0.6800000071525574,0.6899999976158142,22000
2019-07-26,0.699999988079071,0.7099999785423279,0.7099999785423279,0.7099999785423279,6000
2019-07-29,0.699999988079071,0.699999988079071,0.6800000071525574,0.6800000071525574,26000
2019-07-30,0.7099999785423279,0.7099999785423279,0.6600000262260437,0.7099999785423279,176000
2019-07-31,0.7099999785423279,0.7099999785423279,0.7099999785423279,0.7099999785423279,0
2019-08-01,0.7099999785423279,0.7099999785423279,0.7099999785423279,0.7099999785423279,0
2019-08-02,0.7099999785423279,0.7099999785423279,0.6499999761581421,0.6899999976158142,36000
2019-08-05,0.7099999785423279,0.7099999785423279,0.6899999976158142,0.6899999976158142,4000
2019-08-06,0.699999988079071,0.699999988079071,0.6899999976158142,0.6899999976158142,8000
2019-08-07,0.7099999785423279,0.7099999785423279,0.7099999785423279,0.6899999976158142,6000
2019-08-08,0.699999988079071,0.699999988079071,0.699999988079071,0.699999988079071,0
2019-08-09,0.6899999976158142,0.6899999976158142,0.6899999976158142,0.6800000071525574,8000
2019-08-12,0.699999988079071,0.699999988079071,0.6700000166893005,0.6899999976158142,42000
2019-08-13,0.699999988079071,0.699999988079071,0.6800000071525574,0.6899999976158142,62000
2019-08-14,0.699999988079071,0.699999988079071,0.6600000262260437,0.6800000071525574,12000
2019-08-15,0.699999988079071,0.699999988079071,0.6800000071525574,0.6899999976158142,20000
2019-08-16,0.699999988079071,0.699999988079071,0.699999988079071,0.699999988079071,0
2019-08-19,0.699999988079071,0.699999988079071,0.699999988079071,0.699999988079071,0
2019-08-20,0.699999988079071,0.699999988079071,0.699999988079071,0.699999988079071,500000
2019-08-21,0.699999988079071,0.699999988079071,0.699999988079071,0.699999988079071,0
2019-08-22,0.699999988079071,0.699999988079071,0.699999988079071,0.699999988079071,0
2019-08-23,0.699999988079071,0.699999988079071,0.6499999761581421,0.6899999976158142,446000
2019-08-26,0.699999988079071,0.699999988079071,0.6700000166893005,0.6899999976158142,332000
2019-08-27,0.699999988079071,0.699999988079071,0.699999988079071,0.699999988079071,0
2019-08-28,0.699999988079071,0.699999988079071,0.6899999976158142,0.6899999976158142,50000
2019-08-29,0.699999988079071,0.699999988079071,0.699999988079071,0.699999988079071,0
2019-08-30,0.699999988079071,0.699999988079071,0.6499999761581421,0.6899999976158142,326000
2019-09-02,0.699999988079071,0.699999988079071,0.6800000071525574,0.6899999976158142,102000
2019-09-03,0.7400000095367432,0.7400000095367432,0.6499999761581421,0.6899999976158142,946000
2019-09-04,0.6899999976158142,0.800000011920929,0.6800000071525574,0.7900000214576721,396000
2019-09-05,0.7200000286102295,0.8299999833106995,0.699999988079071,0.7099999785423279,230000
2019-09-06,0.7300000190734863,0.7300000190734863,0.7300000190734863,0.7300000190734863,0
2019-09-09,0.7400000095367432,0.7599999904632568,0.7200000286102295,0.7200000286102295,36000
2019-09-10,0.7300000190734863,0.7799999713897705,0.7300000190734863,0.75,56000
2019-09-11,0.7599999904632568,0.7799999713897705,0.7400000095367432,0.75,384000
2019-09-12,0.7599999904632568,0.7599999904632568,0.7599999904632568,0.7599999904632568,0
2019-09-13,0.7400000095367432,0.7400000095367432,0.7400000095367432,0.7400000095367432,18000
2019-09-16,0.7400000095367432,0.7400000095367432,0.7400000095367432,0.7400000095367432,0
2019-09-17,0.7300000190734863,0.7300000190734863,0.7099999785423279,0.7200000286102295,22000
2019-09-18,0.7400000095367432,0.75,0.7200000286102295,0.7200000286102295,8000
2019-09-19,0.75,0.75,0.75,0.75,0
2019-09-20,0.7400000095367432,1.0299999713897705,0.7200000286102295,0.8199999928474426,304000
2019-09-23,0.75,0.75,0.75,0.75,2000
2019-09-24,0.7200000286102295,0.7200000286102295,0.7200000286102295,0.7200000286102295,4000
2019-09-25,0.7300000190734863,0.7300000190734863,0.7300000190734863,0.7300000190734863,0
2019-09-26,0.7300000190734863,0.7300000190734863,0.7300000190734863,0.7300000190734863,0
2019-09-27,0.7400000095367432,0.7400000095367432,0.7400000095367432,0.7400000095367432,2000
2019-09-30,0.7400000095367432,0.7400000095367432,0.7400000095367432,0.7400000095367432,0
2019-10-02,0.7400000095367432,0.7400000095367432,0.7400000095367432,0.7400000095367432,0
2019-10-03,0.7400000095367432,0.7400000095367432,0.7400000095367432,0.7400000095367432,0
2019-10-04,0.7200000286102295,0.75,0.699999988079071,0.7099999785423279,42000
2019-10-08,0.7200000286102295,0.7200000286102295,0.6800000071525574,0.7200000286102295,28000
2019-10-09,0.6899999976158142,0.7300000190734863,0.6800000071525574,0.7300000190734863,70000
2019-10-10,0.6899999976158142,0.699999988079071,0.6899999976158142,0.699999988079071,14000
2019-10-11,0.699999988079071,0.699999988079071,0.6800000071525574,0.699999988079071,60000
2019-10-14,0.6899999976158142,0.6899999976158142,0.6899999976158142,0.6899999976158142,0
2019-10-15,0.699999988079071,0.699999988079071,0.699999988079071,0.699999988079071,0
2019-10-16,0.699999988079071,0.699999988079071,0.699999988079071,0.699999988079071,0
2019-10-17,0.699999988079071,0.699999988079071,0.699999988079071,0.699999988079071,0
2019-10-18,0.699999988079071,0.699999988079071,0.699999988079071,0.699999988079071,0
2019-10-21,0.6899999976158142,0.7099999785423279,0.6600000262260437,0.6899999976158142,138000
2019-10-22,0.6899999976158142,0.6899999976158142,0.6899999976158142,0.6899999976158142,0
2019-10-23,0.6899999976158142,0.6899999976158142,0.6899999976158142,0.6899999976158142,0
2019-10-24,0.699999988079071,0.699999988079071,0.699999988079071,0.699999988079071,4000
2019-10-25,0.699999988079071,0.699999988079071,0.699999988079071,0.699999988079071,0
2019-10-28,0.699999988079071,0.699999988079071,0.699999988079071,0.699999988079071,0
2019-10-29,0.6899999976158142,0.6899999976158142,0.6899999976158142,0.6899999976158142,0
2019-10-30,0.6700000166893005,0.6899999976158142,0.6499999761581421,0.699999988079071,596000
2019-10-31,0.6700000166893005,0.6899999976158142,0.6600000262260437,0.6899999976158142,564000
2019-11-01,0.699999988079071,0.75,0.6800000071525574,0.6800000071525574,114000
2019-11-04,0.699999988079071,0.75,0.6700000166893005,0.75,194000
2019-11-05,0.6800000071525574,0.6800000071525574,0.6700000166893005,0.6800000071525574,22000
2019-11-06,0.6600000262260437,0.6700000166893005,0.6399999856948853,0.6600000262260437,486000
2019-11-07,0.6700000166893005,0.6700000166893005,0.6000000238418579,0.6700000166893005,846000
2019-11-08,0.6700000166893005,0.6700000166893005,0.6700000166893005,0.6700000166893005,0
2019-11-11,0.6700000166893005,0.6700000166893005,0.6700000166893005,0.6700000166893005,0
2019-11-12,0.6899999976158142,0.6899999976158142,0.6499999761581421,0.6499999761581421,26000
2019-11-13,0.7200000286102295,0.7200000286102295,0.7200000286102295,0.7200000286102295,0
2019-11-14,0.6700000166893005,0.6899999976158142,0.6600000262260437,0.6899999976158142,104000
2019-11-15,0.6899999976158142,0.6899999976158142,0.6800000071525574,0.699999988079071,18000
2019-11-18,0.6899999976158142,0.8500000238418579,0.6800000071525574,0.8500000238418579,202000
2019-11-19,0.75,0.75,0.75,0.75,0
2019-11-20,0.699999988079071,0.699999988079071,0.699999988079071,0.699999988079071,0
2019-11-21,0.699999988079071,0.699999988079071,0.699999988079071,0.699999988079071,92000
2019-11-22,0.699999988079071,0.699999988079071,0.699999988079071,0.699999988079071,0
2019-11-25,0.699999988079071,0.699999988079071,0.6700000166893005,0.6700000166893005,56000
2019-11-26,0.6899999976158142,0.7200000286102295,0.6899999976158142,0.699999988079071,102000
2019-11-27,0.699999988079071,0.699999988079071,0.6899999976158142,0.6899999976158142,40000
2019-11-28,0.699999988079071,0.699999988079071,0.699999988079071,0.699999988079071,0
2019-11-29,0.699999988079071,0.699999988079071,0.699999988079071,0.699999988079071,0
2019-12-02,0.6899999976158142,0.6899999976158142,0.6899999976158142,0.6899999976158142,0
2019-12-03,0.699999988079071,0.699999988079071,0.699999988079071,0.699999988079071,0
2019-12-04,0.699999988079071,0.699999988079071,0.699999988079071,0.699999988079071,4000
2019-12-05,0.699999988079071,0.699999988079071,0.699999988079071,0.699999988079071,0
2019-12-06,0.6800000071525574,0.6800000071525574,0.6800000071525574,0.6800000071525574,2000
2019-12-09,0.699999988079071,0.699999988079071,0.699999988079071,0.699999988079071,2000
2019-12-10,0.6899999976158142,0.6899999976158142,0.6700000166893005,0.6800000071525574,10000
2019-12-11,0.699999988079071,0.699999988079071,0.6499999761581421,0.6700000166893005,12000
2019-12-12,0.699999988079071,0.699999988079071,0.699999988079071,0.699999988079071,0
2019-12-13,0.6700000166893005,0.75,0.6600000262260437,0.75,22000
2019-12-16,0.699999988079071,0.8399999737739563,0.6200000047683716,0.8399999737739563,48000
2019-12-17,0.6899999976158142,0.699999988079071,0.6899999976158142,0.699999988079071,6000
2019-12-18,0.7200000286102295,0.7200000286102295,0.6600000262260437,0.6600000262260437,22000
2019-12-19,0.7200000286102295,0.7200000286102295,0.7200000286102295,0.7200000286102295,0
2019-12-20,0.6899999976158142,0.6899999976158142,0.6899999976158142,0.6899999976158142,0
2019-12-23,0.6899999976158142,0.6899999976158142,0.6700000166893005,0.6700000166893005,4000
2019-12-24,0.699999988079071,0.699999988079071,0.6200000047683716,0.6499999761581421,14000
2019-12-27,0.7300000190734863,0.7300000190734863,0.6800000071525574,0.6800000071525574,20000
2019-12-30,0.7300000190734863,0.7300000190734863,0.7300000190734863,0.7300000190734863,0
2019-12-31,0.699999988079071,0.7099999785423279,0.7099999785423279,0.7099999785423279,8000
2020-01-02,0.699999988079071,0.699999988079071,0.699999988079071,0.699999988079071,0
2020-01-03,0.6800000071525574,0.7900000214576721,0.6800000071525574,0.699999988079071,114000
2020-01-06,0.699999988079071,0.699999988079071,0.699999988079071,0.699999988079071,0
2020-01-07,0.6899999976158142,0.6899999976158142,0.6899999976158142,0.6899999976158142,0
2020-01-08,0.699999988079071,0.699999988079071,0.6399999856948853,0.6600000262260437,72000
2020-01-09,0.7200000286102295,0.7200000286102295,0.699999988079071,0.699999988079071,168000
2020-01-10,0.7200000286102295,0.7200000286102295,0.7200000286102295,0.7200000286102295,0
2020-01-13,0.800000011920929,0.8100000023841858,0.699999988079071,0.7200000286102295,316000
2020-01-14,0.800000011920929,0.800000011920929,0.7099999785423279,0.75,226000
2020-01-15,0.8199999928474426,0.8199999928474426,0.75,0.7599999904632568,174000
2020-01-16,0.8199999928474426,0.8199999928474426,0.7699999809265137,0.800000011920929,80000
2020-01-17,0.8100000023841858,0.8100000023841858,0.7699999809265137,0.7900000214576721,16000
2020-01-20,0.8199999928474426,0.8199999928474426,0.800000011920929,0.800000011920929,16000
2020-01-21,0.7900000214576721,0.8100000023841858,0.7599999904632568,0.7900000214576721,58000
2020-01-22,0.8100000023841858,0.8100000023841858,0.7900000214576721,0.7900000214576721,4000
2020-01-23,0.8100000023841858,0.8100000023841858,0.7699999809265137,0.7799999713897705,10000
2020-01-24,0.8199999928474426,0.8199999928474426,0.8100000023841858,0.8100000023841858,4000
2020-01-29,0.7799999713897705,0.8500000238418579,0.75,0.8500000238418579,58000
2020-01-30,0.8299999833106995,0.8299999833106995,0.7599999904632568,0.7699999809265137,10000
2020-01-31,0.8299999833106995,0.8299999833106995,0.8299999833106995,0.8299999833106995,0
2020-02-03,0.8199999928474426,0.8199999928474426,0.8199999928474426,0.8199999928474426,0
2020-02-04,0.7900000214576721,0.7900000214576721,0.7799999713897705,0.7799999713897705,4000
2020-02-05,0.7900000214576721,0.7900000214576721,0.7900000214576721,0.7900000214576721,0
2020-02-06,0.7900000214576721,0.8100000023841858,0.7599999904632568,0.8100000023841858,26000
2020-02-07,0.7599999904632568,0.7699999809265137,0.7300000190734863,0.7699999809265137,140000
2020-02-10,0.7699999809265137,0.7699999809265137,0.7699999809265137,0.7699999809265137,2000
2020-02-11,0.7900000214576721,0.7900000214576721,0.7900000214576721,0.7900000214576721,4000
2020-02-12,0.7900000214576721,0.7900000214576721,0.7900000214576721,0.7900000214576721,0
2020-02-13,0.7300000190734863,0.75,0.7200000286102295,0.75,66000
2020-02-14,0.75,0.75,0.75,0.75,0
2020-02-17,0.7599999904632568,0.7599999904632568,0.7300000190734863,0.7599999904632568,120000
2020-02-18,0.7599999904632568,0.7599999904632568,0.7599999904632568,0.7599999904632568,0
2020-02-19,0.75,0.75,0.75,0.75,34000
2020-02-20,0.7400000095367432,0.7400000095367432,0.7400000095367432,0.7400000095367432,0
2020-02-21,0.7599999904632568,0.7599999904632568,0.7599999904632568,0.7599999904632568,0
2020-02-24,0.7599999904632568,0.7599999904632568,0.7599999904632568,0.7599999904632568,0
2020-02-25,0.75,0.75,0.75,0.75,0
2020-02-26,0.7200000286102295,1.0499999523162842,0.7200000286102295,0.75,100000
2020-02-27,0.7200000286102295,0.8700000047683716,0.7200000286102295,0.8700000047683716,20000
2020-02-28,0.7300000190734863,0.7300000190734863,0.7300000190734863,0.7300000190734863,0
2020-03-02,0.7300000190734863,0.7300000190734863,0.699999988079071,0.7200000286102295,80000
2020-03-03,0.7300000190734863,0.7300000190734863,0.699999988079071,0.7099999785423279,14000
2020-03-04,0.7300000190734863,0.7300000190734863,0.7300000190734863,0.7300000190734863,0
2020-03-05,0.7300000190734863,0.7300000190734863,0.7300000190734863,0.7300000190734863,0
2020-03-06,0.7300000190734863,0.7300000190734863,0.7300000190734863,0.7300000190734863,0
2020-03-09,0.7200000286102295,0.9700000286102295,0.7099999785423279,0.9700000286102295,58000
2020-03-10,0.7200000286102295,0.7200000286102295,0.6499999761581421,0.7099999785423279,750000
2020-03-11,0.7200000286102295,0.7300000190734863,0.6800000071525574,0.7300000190734863,30000
2020-03-12,0.7200000286102295,0.7200000286102295,0.7200000286102295,0.7200000286102295,0
2020-03-13,0.699999988079071,0.699999988079071,0.6100000143051147,0.6499999761581421,262000
2020-03-16,0.699999988079071,0.699999988079071,0.6800000071525574,0.6800000071525574,222000
2020-03-17,0.699999988079071,0.699999988079071,0.6499999761581421,0.699999988079071,500000
2020-03-18,0.699999988079071,0.7099999785423279,0.6899999976158142,0.699999988079071,146000
2020-03-19,0.6899999976158142,0.7099999785423279,0.6700000166893005,0.6800000071525574,610000
2020-03-20,0.6700000166893005,0.699999988079071,0.6499999761581421,0.6800000071525574,860000
2020-03-23,0.6800000071525574,0.6800000071525574,0.6700000166893005,0.6700000166893005,18000
2020-03-24,0.6899999976158142,0.6899999976158142,0.6899999976158142,0.6899999976158142,0
2020-03-25,0.699999988079071,0.699999988079071,0.6800000071525574,0.6800000071525574,374000
2020-03-26,0.7099999785423279,0.7200000286102295,0.699999988079071,0.699999988079071,16000
2020-03-27,0.7099999785423279,0.7300000190734863,0.699999988079071,0.7300000190734863,10000
2020-03-30,0.7599999904632568,0.800000011920929,0.699999988079071,0.800000011920929,30000
2020-03-31,0.7200000286102295,0.7200000286102295,0.7200000286102295,0.7200000286102295,0
2020-04-01,0.7300000190734863,0.7300000190734863,0.7300000190734863,0.7200000286102295,4000
2020-04-02,0.7699999809265137,0.8399999737739563,0.6600000262260437,0.699999988079071,70000
2020-04-03,0.7699999809265137,0.7699999809265137,0.7699999809265137,0.7699999809265137,0
2020-04-06,0.75,0.75,0.75,0.75,0
2020-04-07,0.6899999976158142,0.7099999785423279,0.6399999856948853,0.7099999785423279,2322000
2020-04-08,0.6899999976158142,0.6899999976158142,0.6700000166893005,0.6800000071525574,850000
2020-04-09,0.6499999761581421,0.699999988079071,0.6399999856948853,0.6899999976158142,2142000
2020-04-14,0.6899999976158142,0.6899999976158142,0.6600000262260437,0.6499999761581421,742000
2020-04-15,0.6899999976158142,0.6899999976158142,0.6700000166893005,0.6800000071525574,56000
2020-04-16,0.7699999809265137,0.7699999809265137,0.6700000166893005,0.6800000071525574,218000
2020-04-17,0.7400000095367432,0.7400000095367432,0.7200000286102295,0.7200000286102295,102000
2020-04-20,0.7699999809265137,0.7699999809265137,0.7699999809265137,0.7599999904632568,24000
2020-04-21,0.7900000214576721,0.800000011920929,0.75,0.7400000095367432,48000
2020-04-22,0.7699999809265137,0.8799999952316284,0.699999988079071,0.8799999952316284,808000
2020-04-23,0.7799999713897705,0.800000011920929,0.75,0.7599999904632568,120000
2020-04-24,0.75,0.8399999737739563,0.7099999785423279,0.75,882000
2020-04-27,0.75,0.7799999713897705,0.75,0.7599999904632568,114000
2020-04-28,0.7799999713897705,0.8100000023841858,0.7400000095367432,0.8100000023841858,148000
2020-04-29,0.7699999809265137,0.8299999833106995,0.7400000095367432,0.7799999713897705,462000
2020-05-04,0.800000011920929,0.800000011920929,0.7900000214576721,0.7900000214576721,10000
2020-05-05,0.8299999833106995,0.8299999833106995,0.8299999833106995,0.8299999833106995,4000
2020-05-06,0.8299999833106995,0.8299999833106995,0.8299999833106995,0.8299999833106995,0
2020-05-07,0.7900000214576721,0.8100000023841858,0.7699999809265137,0.7799999713897705,12000
2020-05-08,0.800000011920929,0.8799999952316284,0.800000011920929,0.8799999952316284,6000
2020-05-11,0.800000011920929,0.800000011920929,0.800000011920929,0.800000011920929,6000
2020-05-12,0.800000011920929,0.800000011920929,0.800000011920929,0.800000011920929,0
2020-05-13,0.800000011920929,0.800000011920929,0.800000011920929,0.800000011920929,0
2020-05-14,0.8399999737739563,0.8500000238418579,0.8500000238418579,0.8299999833106995,12000
2020-05-15,0.8399999737739563,0.8399999737739563,0.75,0.75,190000
2020-05-18,0.8399999737739563,0.8399999737739563,0.8399999737739563,0.8399999737739563,0
2020-05-19,0.8899999856948853,0.8999999761581421,0.8100000023841858,0.8500000238418579,100000
2020-05-20,0.8899999856948853,0.8899999856948853,0.8899999856948853,0.8899999856948853,0
2020-05-21,0.8899999856948853,0.8899999856948853,0.8899999856948853,0.8899999856948853,0
2020-05-22,0.8600000143051147,0.9599999785423279,0.800000011920929,0.9599999785423279,68000
2020-05-25,0.8799999952316284,0.8799999952316284,0.8799999952316284,0.8799999952316284,0
2020-05-26,0.9300000071525574,0.9300000071525574,0.8199999928474426,0.8700000047683716,372000
2020-05-27,0.9100000262260437,0.9100000262260437,0.8600000143051147,0.8899999856948853,40000
2020-05-28,0.9100000262260437,0.9100000262260437,0.8899999856948853,0.8899999856948853,38000
2020-05-29,0.9100000262260437,0.9100000262260437,0.8899999856948853,0.8600000143051147,14000
2020-06-01,0.8999999761581421,0.9100000262260437,0.8799999952316284,0.9100000262260437,16000
2020-06-02,0.9599999785423279,0.9800000190734863,0.8799999952316284,0.8799999952316284,308000
2020-06-03,0.949999988079071,0.949999988079071,0.8899999856948853,0.8899999856948853,78000
2020-06-04,0.9599999785423279,0.9599999785423279,0.8899999856948853,0.8899999856948853,472000
2020-06-05,0.9599999785423279,0.9599999785423279,0.949999988079071,0.949999988079071,8000
2020-06-08,0.949999988079071,0.949999988079071,0.949999988079071,0.949999988079071,0
2020-06-09,0.9700000286102295,0.9700000286102295,0.8799999952316284,0.9599999785423279,310000
2020-06-10,0.9700000286102295,0.9700000286102295,0.9599999785423279,0.9599999785423279,18000
2020-06-11,0.9700000286102295,0.9700000286102295,0.9700000286102295,0.9700000286102295,0
2020-06-12,0.9599999785423279,0.9599999785423279,0.949999988079071,0.9599999785423279,38000
2020-06-15,0.949999988079071,0.949999988079071,0.9200000166893005,0.9200000166893005,14000
2020-06-16,1.0,1.0,0.9200000166893005,0.9200000166893005,198000
2020-06-17,1.0,1.0,0.9800000190734863,1.0,60000
2020-06-18,1.0,1.0,0.9800000190734863,1.0,112000
2020-06-19,1.0,1.0,0.9900000095367432,1.0,12000
2020-06-22,1.0,1.0,0.9900000095367432,0.9900000095367432,34000
2020-06-23,1.0,1.0,0.8999999761581421,0.9800000190734863,326000
2020-06-24,1.0399999618530273,1.0399999618530273,0.9599999785423279,0.9599999785423279,188000
2020-06-26,1.0499999523162842,1.0499999523162842,1.0299999713897705,1.0299999713897705,38000
2020-06-29,1.0499999523162842,1.090000033378601,1.0099999904632568,1.0099999904632568,20000
2020-06-30,1.0499999523162842,1.0499999523162842,1.0499999523162842,1.0499999523162842,0
2020-07-02,1.0,1.0199999809265137,0.9300000071525574,1.0199999809265137,126000
2020-07-03,1.0399999618530273,1.0399999618530273,1.0099999904632568,0.9900000095367432,210000
2020-07-06,1.0399999618530273,1.0399999618530273,1.0099999904632568,1.0099999904632568,12000
2020-07-07,1.0199999809265137,1.0199999809265137,1.0199999809265137,1.0199999809265137,2000
2020-07-08,1.0399999618530273,1.0399999618530273,1.0399999618530273,1.0399999618530273,12000
2020-07-09,1.0399999618530273,1.0399999618530273,1.0399999618530273,1.0399999618530273,0
2020-07-10,1.0099999904632568,1.0099999904632568,1.0,1.0099999904632568,12000
2020-07-13,1.0099999904632568,1.0099999904632568,1.0,1.0099999904632568,32000
2020-07-14,1.0099999904632568,1.0099999904632568,0.9800000190734863,0.9900000095367432,142000
2020-07-15,1.0099999904632568,1.0099999904632568,1.0099999904632568,1.0099999904632568,0
2020-07-16,1.0399999618530273,1.0399999618530273,0.9800000190734863,1.0,270000
2020-07-17,1.0399999618530273,1.0399999618530273,1.0399999618530273,1.0399999618530273,0
2020-07-20,1.0199999809265137,1.0299999713897705,0.9900000095367432,1.0099999904632568,272000
2020-07-21,1.0199999809265137,1.0499999523162842,0.9900000095367432,1.0,204000
2020-07-22,1.0199999809265137,1.0199999809265137,1.0199999809265137,1.0199999809265137,0
2020-07-23,1.0199999809265137,1.0199999809265137,1.0199999809265137,1.0199999809265137,0
2020-07-24,1.0,1.0199999809265137,0.9900000095367432,1.0,258000
2020-07-27,1.0199999809265137,1.0299999713897705,1.0,1.0099999904632568,188000
2020-07-28,1.0099999904632568,1.0299999713897705,0.949999988079071,1.0299999713897705,142000
2020-07-29,1.0199999809265137,1.0299999713897705,1.0099999904632568,1.0099999904632568,44000
2020-07-30,1.0199999809265137,1.0299999713897705,1.0199999809265137,1.0199999809265137,104000
2020-07-31,1.0199999809265137,1.0199999809265137,1.0,1.0,58000
2020-08-03,1.0099999904632568,1.0099999904632568,0.9900000095367432,1.0,16000
2020-08-04,1.0099999904632568,1.0099999904632568,0.9900000095367432,0.9900000095367432,12000
2020-08-05,1.0199999809265137,1.0199999809265137,1.0199999809265137,1.0199999809265137,0
2020-08-06,1.0099999904632568,1.0099999904632568,1.0099999904632568,1.0099999904632568,0
2020-08-07,1.0099999904632568,1.0099999904632568,1.0099999904632568,1.0099999904632568,0
2020-08-10,1.0199999809265137,1.0299999713897705,0.9599999785423279,1.0,180000
2020-08-11,1.0199999809265137,1.0199999809265137,1.0199999809265137,1.0199999809265137,0
2020-08-12,1.0199999809265137,1.0199999809265137,1.0199999809265137,1.0199999809265137,0
2020-08-13,1.0099999904632568,1.0099999904632568,1.0099999904632568,1.0099999904632568,0
2020-08-14,1.0199999809265137,1.0199999809265137,0.9800000190734863,1.0,162000
2020-08-17,1.0800000429153442,1.090000033378601,1.0,1.0,178000
2020-08-18,1.0800000429153442,1.0800000429153442,1.0800000429153442,1.0800000429153442,0
2020-08-19,1.0700000524520874,1.0700000524520874,1.0700000524520874,1.0700000524520874,0
2020-08-20,1.059999942779541,1.059999942779541,1.059999942779541,1.059999942779541,54000
2020-08-21,1.059999942779541,1.059999942779541,1.0299999713897705,1.0299999713897705,4000
2020-08-24,1.2000000476837158,1.2699999809265137,1.0,1.059999942779541,90000
2020-08-25,1.2000000476837158,1.2000000476837158,1.2000000476837158,1.2000000476837158,0
2020-08-26,1.2000000476837158,1.25,1.2000000476837158,1.2000000476837158,202000
2020-08-27,1.2100000381469727,1.2100000381469727,1.190000057220459,1.2100000381469727,156000
2020-08-28,1.2599999904632568,1.2599999904632568,1.2599999904632568,1.2599999904632568,0
2020-08-31,1.2599999904632568,1.2599999904632568,1.2599999904632568,1.2599999904632568,0
2020-09-01,1.2400000095367432,1.340000033378601,1.1799999475479126,1.2599999904632568,190000
2020-09-02,1.2799999713897705,1.3600000143051147,1.1799999475479126,1.1799999475479126,192000
2020-09-03,1.2799999713897705,1.2799999713897705,1.2799999713897705,1.2799999713897705,0
2020-09-04,1.2899999618530273,1.4900000095367432,1.2000000476837158,1.4900000095367432,646000
2020-09-07,1.2899999618530273,1.2899999618530273,1.2899999618530273,1.2899999618530273,0
2020-09-08,1.2400000095367432,1.2400000095367432,1.2400000095367432,1.2400000095367432,0
2020-09-09,1.2100000381469727,1.2999999523162842,1.1799999475479126,1.2200000286102295,110000
2020-09-10,1.2100000381469727,1.2999999523162842,1.159999966621399,1.2999999523162842,226000
2020-09-11,1.2200000286102295,1.2200000286102295,1.159999966621399,1.1799999475479126,106000
2020-09-14,1.2000000476837158,1.2100000381469727,1.1799999475479126,1.1799999475479126,42000
2020-09-15,1.2000000476837158,1.25,1.1699999570846558,1.1799999475479126,110000
2020-09-16,1.090000033378601,1.1799999475479126,1.0,1.1799999475479126,2130000
2020-09-17,1.0199999809265137,1.0499999523162842,0.9900000095367432,1.0499999523162842,486000
2020-09-18,1.0,1.2999999523162842,0.9900000095367432,1.0,1742000
2020-09-21,1.0700000524520874,1.100000023841858,0.9900000095367432,1.0199999809265137,634000
2020-09-22,1.0700000524520874,1.0700000524520874,1.0199999809265137,1.0199999809265137,6000
2020-09-23,1.0700000524520874,1.0700000524520874,1.0700000524520874,1.0700000524520874,0
2020-09-24,1.0700000524520874,1.0700000524520874,1.0700000524520874,1.0700000524520874,0
2020-09-25,1.100000023841858,1.100000023841858,1.0299999713897705,1.0299999713897705,110000
2020-09-28,1.0800000429153442,1.0800000429153442,1.0800000429153442,1.0800000429153442,0
2020-09-29,1.0800000429153442,1.0800000429153442,1.0800000429153442,1.0800000429153442,0
2020-09-30,1.100000023841858,1.100000023841858,1.0800000429153442,1.0800000429153442,110000
2020-10-05,1.1100000143051147,1.1100000143051147,1.0,1.0299999713897705,100000
2020-10-06,1.1100000143051147,1.1100000143051147,1.1100000143051147,1.1100000143051147,0
2020-10-07,1.1299999952316284,1.1299999952316284,1.0700000524520874,1.0700000524520874,14000
2020-10-08,1.100000023841858,1.1799999475479126,1.100000023841858,1.1799999475479126,4000
2020-10-09,1.149999976158142,1.149999976158142,1.090000033378601,1.090000033378601,34000
2020-10-12,1.2200000286102295,1.2400000095367432,1.1100000143051147,1.2400000095367432,122000
2020-10-14,1.190000057220459,1.190000057220459,1.190000057220459,1.190000057220459,10000
2020-10-15,1.190000057220459,1.190000057220459,1.190000057220459,1.190000057220459,0
2020-10-16,1.190000057220459,1.190000057220459,1.190000057220459,1.190000057220459,0
2020-10-19,1.2000000476837158,1.2200000286102295,1.1299999952316284,1.1799999475479126,50000
2020-10-20,1.2000000476837158,1.2000000476837158,1.0,1.1399999856948853,170000
2020-10-21,1.1299999952316284,1.2000000476837158,1.0499999523162842,1.1799999475479126,356000
2020-10-22,1.159999966621399,1.190000057220459,1.0700000524520874,1.0800000429153442,142000
2020-10-23,1.190000057220459,1.190000057220459,1.190000057220459,1.159999966621399,22000
2020-10-27,1.2000000476837158,1.2100000381469727,1.1200000047683716,1.1200000047683716,22000
2020-10-28,1.1699999570846558,1.2000000476837158,1.0700000524520874,1.2000000476837158,196000
2020-10-29,1.1699999570846558,1.1699999570846558,1.1699999570846558,1.1699999570846558,0
2020-10-30,1.1699999570846558,1.1699999570846558,1.1699999570846558,1.1699999570846558,0
2020-11-02,1.1200000047683716,1.1200000047683716,1.1200000047683716,1.1200000047683716,6000
2020-11-03,1.1299999952316284,1.1299999952316284,1.1100000143051147,1.1100000143051147,8000
2020-11-04,1.149999976158142,1.159999966621399,1.1100000143051147,1.1100000143051147,66000
2020-11-05,1.1299999952316284,1.149999976158142,1.100000023841858,1.100000023841858,152000
2020-11-06,1.1399999856948853,1.1399999856948853,1.1100000143051147,1.1100000143051147,122000
2020-11-09,1.1200000047683716,1.1200000047683716,1.1100000143051147,1.1100000143051147,6000
2020-11-10,1.1299999952316284,1.1299999952316284,1.1100000143051147,1.1100000143051147,16000
2020-11-11,1.1299999952316284,1.1299999952316284,1.1299999952316284,1.1299999952316284,0
2020-11-12,1.1299999952316284,1.149999976158142,1.1100000143051147,1.1299999952316284,390000
2020-11-13,1.1299999952316284,1.1299999952316284,1.1299999952316284,1.1299999952316284,0
2020-11-16,1.1299999952316284,1.1299999952316284,1.1299999952316284,1.1299999952316284,0
2020-11-17,1.1299999952316284,1.1299999952316284,1.1299999952316284,1.1299999952316284,0
2020-11-18,1.1299999952316284,1.1299999952316284,1.100000023841858,1.100000023841858,32000
2020-11-19,1.1299999952316284,1.1299999952316284,1.1299999952316284,1.1299999952316284,0
2020-11-20,1.1299999952316284,1.1299999952316284,1.1299999952316284,1.1299999952316284,0
2020-11-23,1.0499999523162842,1.1299999952316284,1.0299999713897705,1.1299999952316284,372000
2020-11-24,1.0499999523162842,1.090000033378601,1.0,1.0199999809265137,466000
2020-11-25,1.0499999523162842,1.0800000429153442,1.0099999904632568,1.0099999904632568,10000
2020-11-26,1.0499999523162842,1.0499999523162842,1.0499999523162842,1.0499999523162842,0
2020-11-27,1.0700000524520874,1.0700000524520874,1.0099999904632568,1.0099999904632568,80000
2020-11-30,1.0099999904632568,1.0499999523162842,1.0,1.0199999809265137,292000
2020-12-01,1.0399999618530273,1.0399999618530273,1.0399999618530273,1.0399999618530273,0
2020-12-02,1.0399999618530273,1.0399999618530273,1.0399999618530273,1.0399999618530273,0
2020-12-03,1.0099999904632568,1.0099999904632568,1.0099999904632568,1.0099999904632568,0
2020-12-04,1.0099999904632568,1.0099999904632568,1.0099999904632568,1.0099999904632568,0
2020-12-07,1.0199999809265137,1.0299999713897705,1.0,1.0,30000
2020-12-08,1.0199999809265137,1.0199999809265137,1.0199999809265137,1.0199999809265137,0
2020-12-09,1.0199999809265137,1.0199999809265137,1.0199999809265137,1.0199999809265137,0
2020-12-10,1.0099999904632568,1.0099999904632568,1.0099999904632568,1.0099999904632568,0
2020-12-11,1.0099999904632568,1.0099999904632568,1.0099999904632568,1.0099999904632568,0
2020-12-14,1.0,1.0199999809265137,0.9800000190734863,1.0099999904632568,62000
2020-12-15,1.0,1.0099999904632568,1.0,1.0099999904632568,38000
2020-12-16,1.0,1.0,1.0,1.0,0
2020-12-17,1.0,0.9599999785423279,0.9599999785423279,0.9599999785423279,22000
2020-12-18,1.0,1.0,1.0,1.0,0
2020-12-21,1.0,1.090000033378601,0.9900000095367432,1.0800000429153442,324000
2020-12-22,1.0700000524520874,1.090000033378601,0.9900000095367432,0.9900000095367432,380000
2020-12-23,1.0700000524520874,1.0700000524520874,1.0700000524520874,1.0700000524520874,0
2020-12-24,1.0800000429153442,1.0800000429153442,1.0800000429153442,1.0800000429153442,0
2020-12-28,1.0800000429153442,1.0800000429153442,1.0800000429153442,1.0800000429153442,0
2020-12-29,1.0499999523162842,1.0700000524520874,1.0099999904632568,1.0099999904632568,118000
2020-12-30,1.0399999618530273,1.0399999618530273,1.0399999618530273,1.0399999618530273,0
2020-12-31,1.0700000524520874,1.0700000524520874,1.0700000524520874,1.0700000524520874,0
2021-01-04,1.0700000524520874,1.0700000524520874,1.0700000524520874,1.0700000524520874,0
2021-01-05,1.0399999618530273,1.0399999618530273,0.9900000095367432,1.0199999809265137,40000
2021-01-06,1.0299999713897705,1.0299999713897705,1.0299999713897705,1.0299999713897705,0
2021-01-07,1.0099999904632568,1.0299999713897705,1.0099999904632568,1.0299999713897705,24000
2021-01-08,1.0800000429153442,1.0800000429153442,1.0,1.0,114000
2021-01-11,1.0700000524520874,1.0700000524520874,1.0700000524520874,1.0700000524520874,0
2021-01-12,1.0700000524520874,1.0700000524520874,1.0700000524520874,1.0700000524520874,24000
2021-01-13,1.059999942779541,1.059999942779541,1.059999942779541,1.059999942779541,0
2021-01-14,1.059999942779541,1.059999942779541,1.059999942779541,1.059999942779541,0
2021-01-15,1.059999942779541,1.090000033378601,1.0099999904632568,1.0499999523162842,880000
2021-01-18,1.0700000524520874,1.090000033378601,1.0199999809265137,1.0499999523162842,1098000
2021-01-19,1.0299999713897705,1.0499999523162842,1.0099999904632568,1.0299999713897705,96000
2021-01-20,1.0299999713897705,1.0299999713897705,1.0099999904632568,1.0299999713897705,58000
2021-01-21,1.0399999618530273,1.0399999618530273,1.0199999809265137,1.0199999809265137,42000
2021-01-22,1.0399999618530273,1.0399999618530273,1.0199999809265137,1.0199999809265137,14000
2021-01-25,1.0399999618530273,1.090000033378601,1.0099999904632568,1.0399999618530273,2490000
2021-01-26,1.059999942779541,1.090000033378601,1.0299999713897705,1.0399999618530273,2212000
2021-01-27,1.0800000429153442,1.100000023841858,1.0499999523162842,1.059999942779541,3034312
2021-01-28,1.0099999904632568,1.0499999523162842,0.9900000095367432,1.0499999523162842,490000
2021-01-29,1.0499999523162842,1.0499999523162842,1.0399999618530273,1.0,208000
2021-02-01,1.0499999523162842,1.059999942779541,1.0199999809265137,1.0199999809265137,1192000
2021-02-02,1.0299999713897705,1.0299999713897705,1.0,1.0199999809265137,204000
2021-02-03,1.0,1.0299999713897705,0.9700000286102295,0.9900000095367432,192000
2021-02-04,1.059999942779541,1.059999942779541,1.0299999713897705,1.0299999713897705,140000
2021-02-05,1.059999942779541,1.059999942779541,1.0199999809265137,1.0199999809265137,228000
2021-02-08,1.0499999523162842,1.059999942779541,1.0099999904632568,1.0199999809265137,466000
2021-02-09,1.0499999523162842,1.0499999523162842,1.0399999618530273,1.0399999618530273,628000
2021-02-10,1.059999942779541,1.059999942779541,1.0499999523162842,1.0499999523162842,512000
2021-02-11,1.0800000429153442,1.0800000429153442,1.0800000429153442,1.0800000429153442,0
2021-02-16,1.090000033378601,1.090000033378601,1.0399999618530273,1.0800000429153442,348000
2021-02-17,1.090000033378601,1.090000033378601,1.0399999618530273,1.0399999618530273,116000
2021-02-18,1.059999942779541,1.0700000524520874,1.0399999618530273,1.0700000524520874,220000
2021-02-19,1.090000033378601,1.1100000143051147,1.059999942779541,1.059999942779541,10000
2021-02-22,1.0,1.0499999523162842,0.9800000190734863,1.0499999523162842,1592000
2021-02-23,1.0099999904632568,1.0099999904632568,1.0099999904632568,1.0099999904632568,12000
2021-02-24,1.0,1.0,1.0,1.0,18000
2021-02-25,1.0,1.0,1.0,1.0,0
2021-02-26,1.0,1.0199999809265137,0.9900000095367432,0.9900000095367432,16000
2021-03-01,1.0399999618530273,1.0399999618530273,1.0399999618530273,1.0399999618530273,0
2021-03-02,1.0299999713897705,1.0299999713897705,1.0299999713897705,1.0299999713897705,0
2021-03-03,1.0299999713897705,1.090000033378601,1.0099999904632568,1.0099999904632568,1260000
2021-03-04,1.0099999904632568,1.0199999809265137,1.0099999904632568,1.0199999809265137,254000
2021-03-05,1.0299999713897705,1.0399999618530273,0.9900000095367432,1.0099999904632568,242000
2021-03-08,1.059999942779541,1.090000033378601,1.0,1.0099999904632568,590000
2021-03-09,1.059999942779541,1.059999942779541,1.059999942779541,1.059999942779541,0
2021-03-10,1.0399999618530273,1.090000033378601,1.0299999713897705,1.0299999713897705,660000
2021-03-11,1.0399999618530273,1.0399999618530273,1.0399999618530273,1.0399999618530273,0
2021-03-12,1.0700000524520874,1.090000033378601,1.0399999618530273,1.0399999618530273,656000
2021-03-15,1.0399999618530273,1.0399999618530273,1.0399999618530273,1.0399999618530273,0
2021-03-16,1.0399999618530273,1.0399999618530273,1.0199999809265137,1.0199999809265137,16000
2021-03-17,1.0399999618530273,1.100000023841858,1.0199999809265137,1.0199999809265137,24000
2021-03-18,1.0399999618530273,1.0399999618530273,1.0399999618530273,1.0399999618530273,0
2021-03-19,1.0399999618530273,1.0499999523162842,1.0299999713897705,1.0499999523162842,42000
2021-03-22,1.0199999809265137,1.0199999809265137,1.0199999809265137,1.0199999809265137,48000
2021-03-23,1.0199999809265137,1.0199999809265137,1.0199999809265137,1.0199999809265137,20000
2021-03-24,1.0199999809265137,1.0199999809265137,1.0199999809265137,1.0199999809265137,0
2021-03-25,1.0099999904632568,1.0099999904632568,1.0099999904632568,1.0099999904632568,0
2021-03-26,1.0099999904632568,1.0099999904632568,1.0099999904632568,1.0099999904632568,0
2021-03-29,1.0099999904632568,1.0099999904632568,1.0,1.0,36000
2021-03-30,1.0099999904632568,1.0099999904632568,1.0,1.0,10000
2021-03-31,1.0099999904632568,1.0199999809265137,1.0099999904632568,1.0099999904632568,60000
2021-04-01,1.0199999809265137,1.0199999809265137,1.0,1.0,60000
2021-04-07,1.0199999809265137,1.0299999713897705,1.0,1.0099999904632568,64000
2021-04-08,1.0,1.0,1.0,1.0,62000
2021-04-09,1.0,1.0,1.0,1.0,0
2021-04-12,1.0099999904632568,1.0099999904632568,1.0099999904632568,1.0099999904632568,2000
2021-04-13,1.0099999904632568,1.0099999904632568,0.9900000095367432,0.9900000095367432,36000
2021-04-14,1.0099999904632568,1.0099999904632568,0.9700000286102295,0.9900000095367432,20000
2021-04-15,1.0099999904632568,1.0099999904632568,0.9900000095367432,0.9900000095367432,4000
2021-04-16,1.0,1.0,0.9800000190734863,0.9900000095367432,44000
2021-04-19,1.0,1.0,1.0,1.0,0
2021-04-20,1.0,1.0,0.9700000286102295,1.0,202000
2021-04-21,1.0,1.0,0.9900000095367432,1.0,506000
2021-04-22,1.0,1.0,0.9800000190734863,0.9800000190734863,330000
2021-04-23,1.0,1.0,0.9900000095367432,0.9900000095367432,512000
2021-04-26,1.0,1.0,0.9900000095367432,0.9900000095367432,302000
2021-04-27,1.0,1.0,0.9800000190734863,0.9800000190734863,26000
2021-04-28,1.0,1.0,1.0,1.0,0
2021-04-29,1.0,1.0,0.9800000190734863,0.9800000190734863,92000
2021-04-30,1.0,1.0,0.9800000190734863,0.9800000190734863,332000
2021-05-03,1.0,1.0,1.0,1.0,12000
2021-05-04,1.0,1.0,1.0,1.0,0
2021-05-05,1.0,1.0,1.0,1.0,0
2021-05-06,1.0,1.0,1.0,1.0,10000
2021-05-07,1.0,1.0,0.9800000190734863,0.9800000190734863,78000
2021-05-10,1.0,1.0,0.9800000190734863,0.9800000190734863,92000
2021-05-11,1.0,1.0,0.9700000286102295,0.9800000190734863,68000
2021-05-12,1.0,1.0,0.9900000095367432,0.9900000095367432,42000
2021-05-13,1.0,1.0,0.9900000095367432,0.9900000095367432,30000
2021-05-14,1.0099999904632568,1.0099999904632568,0.9900000095367432,0.9900000095367432,32000
2021-05-17,1.0099999904632568,1.0099999904632568,1.0099999904632568,1.0099999904632568,0
2021-05-18,1.0,1.0,0.9700000286102295,0.9900000095367432,108000
2021-05-20,1.0,1.0,0.8199999928474426,0.9800000190734863,1122000
2021-05-21,1.0,1.0,1.0,1.0,0
2021-05-24,1.0099999904632568,1.0099999904632568,0.800000011920929,0.9800000190734863,3458000
2021-05-25,1.0,1.0199999809265137,0.9900000095367432,0.9900000095367432,40000
2021-05-26,1.0199999809265137,1.0199999809265137,0.949999988079071,0.949999988079071,4000
2021-05-27,1.0199999809265137,1.0199999809265137,0.949999988079071,0.9599999785423279,14000
2021-05-28,1.0199999809265137,1.0199999809265137,1.0199999809265137,1.0199999809265137,0
2021-05-31,1.0199999809265137,1.0199999809265137,0.9599999785423279,0.9599999785423279,14000
2021-06-01,1.0199999809265137,1.0199999809265137,1.0199999809265137,1.0199999809265137,0
2021-06-02,1.0199999809265137,1.0199999809265137,1.0199999809265137,1.0199999809265137,40000
2021-06-03,1.0199999809265137,1.0199999809265137,1.0199999809265137,1.0199999809265137,0
2021-06-04,1.0099999904632568,1.0099999904632568,1.0099999904632568,1.0099999904632568,0
2021-06-07,1.0,1.0199999809265137,0.9700000286102295,1.0199999809265137,56000
2021-06-08,1.0,1.0,1.0,1.0,0
2021-06-09,1.0,1.0099999904632568,0.9800000190734863,0.9800000190734863,30000
2021-06-10,1.0,1.0,0.9800000190734863,0.9800000190734863,68000
2021-06-11,1.0,1.0,0.9800000190734863,0.9800000190734863,22000
2021-06-15,1.0,1.0,0.9800000190734863,0.9800000190734863,78000
2021-06-16,1.0,1.0,0.9800000190734863,0.9800000190734863,304000
2021-06-17,1.0,1.0,0.9800000190734863,0.9800000190734863,48000
2021-06-18,1.0,1.0,0.9900000095367432,0.9900000095367432,12000
2021-06-21,1.0,1.0,0.9800000190734863,0.9800000190734863,28000
2021-06-22,1.0,1.0,0.9900000095367432,0.9900000095367432,24000
2021-06-23,1.0,1.0,0.9900000095367432,0.9900000095367432,34000
2021-06-24,1.0,1.0,0.9900000095367432,0.9900000095367432,24000
2021-06-25,1.0,1.090000033378601,0.9800000190734863,1.0,690000
2021-06-28,1.0,1.0,1.0,1.0,0
2021-06-29,1.0,1.0,0.9700000286102295,0.9700000286102295,52000
2021-06-30,1.0,1.0,0.9800000190734863,0.9800000190734863,102000
2021-07-02,1.0,1.0,0.9800000190734863,0.9900000095367432,32000
2021-07-05,1.0,1.0,1.0,1.0,0
2021-07-06,1.0,1.0,0.9800000190734863,0.9800000190734863,56000
2021-07-07,1.0,1.0,0.9800000190734863,0.9800000190734863,80000
2021-07-08,1.0,1.0,0.8999999761581421,0.9900000095367432,586000
2021-07-09,0.9399999976158142,0.9800000190734863,0.9300000071525574,0.9800000190734863,300000
2021-07-12,0.9900000095367432,1.0,0.9700000286102295,0.9700000286102295,132000
2021-07-13,0.7599999904632568,0.9399999976158142,0.7599999904632568,0.9399999976158142,3344000
2021-07-14,0.7799999713897705,0.8299999833106995,0.7799999713897705,0.7900000214576721,136000
2021-07-15,0.800000011920929,0.8500000238418579,0.7799999713897705,0.8100000023841858,124000
2021-07-16,0.7900000214576721,0.800000011920929,0.7599999904632568,0.800000011920929,54000
2021-07-19,0.7699999809265137,0.7799999713897705,0.7699999809265137,0.7699999809265137,32000
2021-07-20,0.6499999761581421,0.800000011920929,0.5600000023841858,0.7099999785423279,1276000
2021-07-21,0.6499999761581421,0.6499999761581421,0.6499999761581421,0.6499999761581421,0
2021-07-22,0.6499999761581421,0.6499999761581421,0.6499999761581421,0.6499999761581421,0
2021-07-23,0.6600000262260437,0.6800000071525574,0.6200000047683716,0.6600000262260437,58000
2021-07-26,0.6499999761581421,0.7300000190734863,0.6000000238418579,0.6000000238418579,416000
2021-07-27,0.6499999761581421,0.6499999761581421,0.6299999952316284,0.6299999952316284,82000
2021-07-28,0.6399999856948853,0.6499999761581421,0.6000000238418579,0.6100000143051147,348000
2021-07-29,0.7599999904632568,0.800000011920929,0.6200000047683716,0.6200000047683716,308000
2021-07-30,0.7599999904632568,0.7599999904632568,0.7599999904632568,0.7599999904632568,0
2021-08-02,0.7300000190734863,0.7400000095367432,0.6600000262260437,0.6600000262260437,46000
2021-08-03,0.7099999785423279,0.7099999785423279,0.7099999785423279,0.7099999785423279,0
2021-08-04,0.7300000190734863,0.7400000095367432,0.7099999785423279,0.7099999785423279,10000
2021-08-05,0.7200000286102295,0.7200000286102295,0.7200000286102295,0.7200000286102295,0
2021-08-06,0.7200000286102295,0.7200000286102295,0.7200000286102295,0.7200000286102295,0
2021-08-09,0.7400000095367432,0.7699999809265137,0.6800000071525574,0.6899999976158142,144000
2021-08-10,0.7400000095367432,0.7400000095367432,0.7400000095367432,0.7400000095367432,0
2021-08-11,0.7300000190734863,0.7300000190734863,0.7300000190734863,0.7300000190734863,0
2021-08-12,0.7300000190734863,0.7300000190734863,0.7300000190734863,0.7300000190734863,0
2021-08-13,0.7099999785423279,0.7099999785423279,0.7099999785423279,0.7099999785423279,0
2021-08-16,0.7099999785423279,0.7099999785423279,0.7099999785423279,0.7099999785423279,0
2021-08-17,0.7099999785423279,0.7300000190734863,0.7300000190734863,0.6899999976158142,2000
2021-08-18,0.7900000214576721,0.8100000023841858,0.7400000095367432,0.7400000095367432,198000
2021-08-19,0.7599999904632568,0.7599999904632568,0.7099999785423279,0.7099999785423279,26000
2021-08-20,0.7400000095367432,0.7400000095367432,0.7400000095367432,0.7400000095367432,0
2021-08-23,0.7200000286102295,0.7200000286102295,0.7200000286102295,0.7200000286102295,0
2021-08-24,0.7099999785423279,0.7200000286102295,0.7099999785423279,0.7099999785423279,20000
2021-08-25,0.7099999785423279,0.7099999785423279,0.7099999785423279,0.7099999785423279,0
2021-08-26,0.75,0.7699999809265137,0.7099999785423279,0.7099999785423279,6000
2021-08-27,0.75,0.75,0.7400000095367432,0.7400000095367432,114000
2021-08-30,0.7599999904632568,0.8199999928474426,0.75,0.75,72000
2021-08-31,0.7599999904632568,0.8100000023841858,0.75,0.7799999713897705,100000
2021-09-01,0.7900000214576721,0.800000011920929,0.7599999904632568,0.7599999904632568,110000
2021-09-02,0.800000011920929,0.800000011920929,0.7599999904632568,0.7900000214576721,134000
2021-09-03,0.800000011920929,0.800000011920929,0.800000011920929,0.800000011920929,0
2021-09-06,0.8100000023841858,0.8100000023841858,0.8100000023841858,0.8100000023841858,0
2021-09-07,0.8100000023841858,0.8100000023841858,0.8100000023841858,0.8100000023841858,24000
2021-09-08,0.8100000023841858,0.8100000023841858,0.8100000023841858,0.8100000023841858,32000
2021-09-09,0.8100000023841858,0.8100000023841858,0.8100000023841858,0.8100000023841858,0
2021-09-10,0.8100000023841858,0.8100000023841858,0.8100000023841858,0.8100000023841858,64000
2021-09-13,0.8199999928474426,0.8700000047683716,0.7900000214576721,0.8199999928474426,42000
2021-09-14,0.8199999928474426,0.8199999928474426,0.7799999713897705,0.800000011920929,372000
2021-09-15,0.8100000023841858,0.8100000023841858,0.800000011920929,0.800000011920929,80000
2021-09-16,0.8100000023841858,0.8100000023841858,0.800000011920929,0.800000011920929,296000
2021-09-17,0.8100000023841858,0.8100000023841858,0.8100000023841858,0.800000011920929,6000
2021-09-20,0.8100000023841858,0.8100000023841858,0.7099999785423279,0.7400000095367432,188000
2021-09-21,0.8500000238418579,0.8500000238418579,0.8199999928474426,0.8199999928474426,20000
2021-09-23,0.8399999737739563,0.8399999737739563,0.8399999737739563,0.8399999737739563,0
2021-09-24,0.8399999737739563,0.8399999737739563,0.8399999737739563,0.8399999737739563,0
2021-09-27,0.8299999833106995,0.8299999833106995,0.8299999833106995,0.8299999833106995,0
2021-09-28,0.8299999833106995,0.8299999833106995,0.8299999833106995,0.8299999833106995,0
2021-09-29,0.8299999833106995,0.8299999833106995,0.8299999833106995,0.8299999833106995,0
2021-09-30,0.8500000238418579,0.8500000238418579,0.8199999928474426,0.800000011920929,14000
2021-10-04,0.8500000238418579,0.8500000238418579,0.8500000238418579,0.8500000238418579,0
2021-10-05,0.8500000238418579,0.8500000238418579,0.8500000238418579,0.8500000238418579,0
2021-10-06,0.8700000047683716,0.8700000047683716,0.8700000047683716,0.8700000047683716,4000
2021-10-07,0.8500000238418579,0.8700000047683716,0.8199999928474426,0.8299999833106995,36000
2021-10-08,0.8399999737739563,0.8700000047683716,0.8199999928474426,0.8199999928474426,2000
2021-10-11,0.8399999737739563,0.8399999737739563,0.8100000023841858,0.8100000023841858,10000
2021-10-12,0.8299999833106995,0.8399999737739563,0.7699999809265137,0.8199999928474426,46000
2021-10-15,0.8199999928474426,0.8399999737739563,0.7799999713897705,0.7900000214576721,14000
2021-10-18,0.8199999928474426,0.8199999928474426,0.8199999928474426,0.8199999928474426,0
2021-10-19,0.8199999928474426,0.8199999928474426,0.7799999713897705,0.800000011920929,16000
2021-10-20,0.8199999928474426,0.8199999928474426,0.8199999928474426,0.8199999928474426,6000
2021-10-21,0.8100000023841858,0.8100000023841858,0.7900000214576721,0.800000011920929,16000
2021-10-22,0.8100000023841858,0.8100000023841858,0.8100000023841858,0.8100000023841858,0
2021-10-25,0.8100000023841858,0.8100000023841858,0.8100000023841858,0.8100000023841858,0
2021-10-26,0.8100000023841858,0.8100000023841858,0.7900000214576721,0.8100000023841858,8000
2021-10-27,0.800000011920929,0.800000011920929,0.800000011920929,0.7900000214576721,16000
2021-10-28,0.800000011920929,0.800000011920929,0.800000011920929,0.800000011920929,0
2021-10-29,0.800000011920929,0.8100000023841858,0.7799999713897705,0.7799999713897705,28000
2021-11-01,0.800000011920929,0.800000011920929,0.7900000214576721,0.7900000214576721,36000
2021-11-02,0.800000011920929,0.800000011920929,0.800000011920929,0.800000011920929,22000
2021-11-03,0.8199999928474426,0.8199999928474426,0.8199999928474426,0.8199999928474426,0
2021-11-04,0.8199999928474426,0.8199999928474426,0.8199999928474426,0.8199999928474426,0
2021-11-05,0.8399999737739563,0.8500000238418579,0.8399999737739563,0.8500000238418579,14000
2021-11-08,0.8399999737739563,0.8399999737739563,0.8399999737739563,0.8399999737739563,0
2021-11-09,0.8399999737739563,0.8399999737739563,0.8399999737739563,0.8399999737739563,0
2021-11-10,0.8399999737739563,0.8399999737739563,0.8399999737739563,0.8399999737739563,0
2021-11-11,0.8399999737739563,0.8399999737739563,0.8399999737739563,0.8399999737739563,0
2021-11-12,0.8299999833106995,0.8299999833106995,0.7599999904632568,0.7599999904632568,4000
2021-11-15,0.8299999833106995,0.8500000238418579,0.800000011920929,0.8100000023841858,12000
2021-11-16,0.8299999833106995,0.8299999833106995,0.8299999833106995,0.8299999833106995,0
2021-11-17,0.8299999833106995,0.8299999833106995,0.8299999833106995,0.8299999833106995,0
2021-11-18,0.8299999833106995,0.8299999833106995,0.8299999833106995,0.8299999833106995,0
2021-11-19,0.8199999928474426,0.8299999833106995,0.8199999928474426,0.8199999928474426,10000
2021-11-22,0.8199999928474426,0.8199999928474426,0.8199999928474426,0.8199999928474426,0
2021-11-23,0.8299999833106995,0.8500000238418579,0.8500000238418579,0.8500000238418579,2000
2021-11-24,0.8299999833106995,0.8299999833106995,0.8299999833106995,0.8299999833106995,0
2021-11-25,0.8299999833106995,0.8299999833106995,0.800000011920929,0.800000011920929,12000
2021-11-26,0.8299999833106995,0.8299999833106995,0.8299999833106995,0.8299999833106995,0
2021-11-29,0.8299999833106995,0.8299999833106995,0.8299999833106995,0.8299999833106995,0
2021-11-30,0.8299999833106995,0.8299999833106995,0.8299999833106995,0.8299999833106995,0
2021-12-01,0.8299999833106995,0.8299999833106995,0.8299999833106995,0.8299999833106995,0
2021-12-02,0.8299999833106995,0.8299999833106995,0.8299999833106995,0.8299999833106995,0
2021-12-03,0.8299999833106995,0.8299999833106995,0.8299999833106995,0.8299999833106995,0
2021-12-06,0.8199999928474426,0.8500000238418579,0.8100000023841858,0.8199999928474426,20000
2021-12-07,0.8199999928474426,0.8199999928474426,0.8199999928474426,0.8199999928474426,0
2021-12-08,0.8500000238418579,0.8500000238418579,0.8199999928474426,0.8199999928474426,50000
2021-12-09,0.9200000166893005,0.9300000071525574,0.8399999737739563,0.8399999737739563,172000
2021-12-10,0.9200000166893005,0.949999988079071,0.9200000166893005,0.9200000166893005,102000
2021-12-13,0.9900000095367432,1.0099999904632568,0.8700000047683716,1.0,46000
2021-12-14,0.949999988079071,1.0,0.8999999761581421,0.9900000095367432,504312
2021-12-15,0.9800000190734863,0.9800000190734863,0.9800000190734863,0.9800000190734863,0
2021-12-16,0.9800000190734863,1.0099999904632568,0.9700000286102295,1.0,1006000
2021-12-17,0.9800000190734863,0.9800000190734863,0.9800000190734863,0.9800000190734863,0
2021-12-20,0.9800000190734863,0.9800000190734863,0.9800000190734863,0.9800000190734863,0
2021-12-21,0.9800000190734863,0.9800000190734863,0.8799999952316284,0.8799999952316284,6000
2021-12-22,0.9800000190734863,0.9800000190734863,0.9800000190734863,0.9800000190734863,0
2021-12-23,0.9800000190734863,0.9800000190734863,0.9800000190734863,0.9800000190734863,0
2021-12-24,1.0,1.0399999618530273,0.9900000095367432,0.9900000095367432,4200000
2021-12-28,0.9900000095367432,0.9900000095367432,0.9900000095367432,0.9900000095367432,0
2021-12-29,0.9900000095367432,0.9900000095367432,0.9900000095367432,0.9900000095367432,0
2021-12-30,0.9800000190734863,0.9800000190734863,0.9800000190734863,0.9800000190734863,0
2021-12-31,0.9800000190734863,0.9800000190734863,0.9800000190734863,0.9800000190734863,0
2022-01-03,0.9800000190734863,0.9800000190734863,0.9800000190734863,0.9800000190734863,0
2022-01-04,0.9800000190734863,0.9800000190734863,0.9800000190734863,0.9800000190734863,0
2022-01-05,1.0,1.0,0.9800000190734863,0.9800000190734863,12000
2022-01-06,0.9900000095367432,0.9900000095367432,0.9900000095367432,0.9900000095367432,0
2022-01-07,1.0,1.0,0.9900000095367432,0.9900000095367432,100000
2022-01-10,0.9900000095367432,0.9900000095367432,0.9900000095367432,0.9900000095367432,0
2022-01-11,0.9900000095367432,0.9900000095367432,0.9900000095367432,0.9900000095367432,0
2022-01-12,1.0,1.1100000143051147,0.9900000095367432,0.9900000095367432,160000
2022-01-13,1.100000023841858,1.100000023841858,0.9800000190734863,1.100000023841858,404000
2022-01-14,1.100000023841858,1.1100000143051147,1.090000033378601,1.1100000143051147,104000
2022-01-17,1.1399999856948853,1.1399999856948853,1.0800000429153442,1.0800000429153442,330000
2022-01-18,1.1399999856948853,1.1399999856948853,1.0099999904632568,1.0099999904632568,52000
2022-01-19,1.100000023841858,1.100000023841858,1.0499999523162842,1.0499999523162842,120000
2022-01-20,1.0399999618530273,1.090000033378601,0.9100000262260437,0.9100000262260437,102000
2022-01-21,1.0,1.0,0.9300000071525574,0.9300000071525574,72000
2022-01-24,1.0,1.0,1.0,1.0,0
2022-01-25,1.0,1.0,1.0,1.0,0
2022-01-26,1.0,1.0,1.0,1.0,0
2022-01-27,1.0099999904632568,1.0099999904632568,1.0099999904632568,1.0099999904632568,0
2022-01-28,0.9900000095367432,0.9900000095367432,0.9900000095367432,0.9900000095367432,0
2022-01-31,1.0499999523162842,1.0499999523162842,1.0499999523162842,1.0499999523162842,0
2022-02-04,1.0499999523162842,1.0499999523162842,1.0499999523162842,1.0499999523162842,0
2022-02-07,1.0499999523162842,1.0499999523162842,1.0499999523162842,1.0499999523162842,0
2022-02-08,1.0499999523162842,1.0499999523162842,1.0499999523162842,1.0499999523162842,0
2022-02-09,1.0399999618530273,1.059999942779541,0.9399999976158142,0.9399999976158142,6000
2022-02-10,1.0299999713897705,1.0299999713897705,1.0199999809265137,1.0199999809265137,6000
2022-02-11,1.0299999713897705,1.0299999713897705,1.0299999713897705,1.0299999713897705,0
2022-02-14,1.0700000524520874,1.0700000524520874,1.0700000524520874,1.0700000524520874,0
2022-02-15,1.059999942779541,1.059999942779541,1.059999942779541,1.059999942779541,0
2022-02-16,1.0299999713897705,1.0299999713897705,0.9700000286102295,0.9700000286102295,98000
2022-02-17,1.0299999713897705,1.0299999713897705,1.0299999713897705,1.0299999713897705,0
2022-02-18,1.0199999809265137,1.0199999809265137,1.0199999809265137,1.0199999809265137,0
2022-02-21,1.0199999809265137,1.0199999809265137,1.0199999809265137,1.0199999809265137,0
2022-02-22,1.0099999904632568,1.0099999904632568,0.949999988079071,0.949999988079071,14000
2022-02-23,1.0,1.0,0.9800000190734863,0.9800000190734863,24000
2022-02-24,1.0,1.0,0.9900000095367432,0.9900000095367432,6000
2022-02-25,1.0,1.0,0.9900000095367432,0.9900000095367432,18000
2022-02-28,1.0,1.0,1.0,1.0,0
2022-03-01,1.0,1.0,1.0,1.0,0
2022-03-02,1.0,1.0,0.8899999856948853,0.8899999856948853,6000
2022-03-03,1.0800000429153442,1.159999966621399,0.9300000071525574,1.159999966621399,26000
2022-03-04,1.0,1.0,0.9800000190734863,0.9800000190734863,10000
2022-03-07,1.0,1.0,1.0,0.9900000095367432,10000
2022-03-08,1.0,1.0,1.0,1.0,0
2022-03-09,0.949999988079071,0.9599999785423279,0.9200000166893005,0.9200000166893005,60000
2022-03-10,1.0,1.0,0.9399999976158142,0.9399999976158142,172000
2022-03-11,1.0,1.0,0.9300000071525574,0.9300000071525574,92000
2022-03-14,1.0,1.0,1.0,1.0,0
2022-03-15,0.9599999785423279,0.9599999785423279,0.9599999785423279,0.9599999785423279,0
2022-03-16,0.9599999785423279,0.9599999785423279,0.9399999976158142,0.9399999976158142,12000
2022-03-17,0.8600000143051147,0.8799999952316284,0.800000011920929,0.8799999952316284,346000
2022-03-18,0.8600000143051147,0.8600000143051147,0.800000011920929,0.800000011920929,42000
2022-03-21,0.8600000143051147,0.8600000143051147,0.8600000143051147,0.8600000143051147,0
2022-03-22,0.8600000143051147,0.8600000143051147,0.8600000143051147,0.8600000143051147,0
2022-03-23,0.8600000143051147,0.8600000143051147,0.8600000143051147,0.8600000143051147,0
2022-03-24,0.8600000143051147,0.8600000143051147,0.8600000143051147,0.8600000143051147,0
2022-03-25,0.8600000143051147,0.8600000143051147,0.8600000143051147,0.8600000143051147,0
2022-03-28,0.8600000143051147,0.8600000143051147,0.8600000143051147,0.8600000143051147,0
2022-03-29,0.8600000143051147,0.8600000143051147,0.8600000143051147,0.8600000143051147,0
2022-03-30,0.8600000143051147,0.8600000143051147,0.8600000143051147,0.8600000143051147,0
2022-03-31,0.8600000143051147,0.8600000143051147,0.8600000143051147,0.8600000143051147,0
2022-04-01,0.8700000047683716,0.8999999761581421,0.75,0.800000011920929,34000
2022-04-04,0.8600000143051147,0.8600000143051147,0.8600000143051147,0.8600000143051147,0
2022-04-06,0.8600000143051147,0.8600000143051147,0.8600000143051147,0.8600000143051147,0
2022-04-07,0.8199999928474426,0.8399999737739563,0.7799999713897705,0.7799999713897705,90000
2022-04-08,0.8100000023841858,0.8100000023841858,0.8100000023841858,0.8100000023841858,0
2022-04-11,0.8500000238418579,0.8500000238418579,0.800000011920929,0.800000011920929,56000
2022-04-12,0.8500000238418579,0.8500000238418579,0.8500000238418579,0.8500000238418579,0
2022-04-13,0.8500000238418579,0.8500000238418579,0.8500000238418579,0.8500000238418579,38000
2022-04-14,0.8500000238418579,0.8500000238418579,0.8500000238418579,0.8500000238418579,0
2022-04-19,0.8500000238418579,0.8500000238418579,0.8500000238418579,0.8500000238418579,0
2022-04-20,0.8500000238418579,0.8500000238418579,0.8500000238418579,0.8500000238418579,0
2022-04-21,0.8500000238418579,0.8500000238418579,0.8500000238418579,0.8500000238418579,0
2022-04-22,0.8500000238418579,0.8500000238418579,0.8500000238418579,0.8500000238418579,0
2022-04-25,0.8500000238418579,0.8500000238418579,0.8500000238418579,0.8500000238418579,0
2022-04-26,0.8999999761581421,0.8999999761581421,0.7699999809265137,0.7799999713897705,60000
2022-04-27,1.0,1.0,0.8999999761581421,0.8999999761581421,4000
2022-04-28,1.090000033378601,1.090000033378601,1.0,1.0,72000
2022-04-29,1.0800000429153442,1.100000023841858,1.0800000429153442,1.090000033378601,50000
2022-05-03,1.0,1.1100000143051147,1.0,1.090000033378601,180000
2022-05-04,1.0099999904632568,1.090000033378601,1.0099999904632568,1.0700000524520874,2125156
2022-05-05,1.059999942779541,1.090000033378601,1.0,1.0,2458000
2022-05-06,1.0099999904632568,1.0099999904632568,1.0099999904632568,1.0099999904632568,0
2022-05-10,1.0,1.0,1.0,1.0,0
2022-05-11,0.9900000095367432,0.9900000095367432,0.9900000095367432,0.9900000095367432,0
2022-05-12,0.9900000095367432,0.9900000095367432,0.9900000095367432,0.9900000095367432,0
2022-05-13,0.9900000095367432,0.9900000095367432,0.9800000190734863,0.9800000190734863,10000
2022-05-16,0.9900000095367432,0.9900000095367432,0.9900000095367432,0.9900000095367432,0
2022-05-17,0.9900000095367432,0.9900000095367432,0.9900000095367432,0.9900000095367432,0
2022-05-18,0.9900000095367432,0.9900000095367432,0.9900000095367432,0.9900000095367432,0
2022-05-19,0.949999988079071,1.0099999904632568,0.8500000238418579,0.8500000238418579,10000
2022-05-20,0.949999988079071,0.949999988079071,0.949999988079071,0.949999988079071,0
2022-05-23,0.949999988079071,0.949999988079071,0.949999988079071,0.949999988079071,0
2022-05-24,0.949999988079071,0.949999988079071,0.949999988079071,0.949999988079071,0
2022-05-25,0.949999988079071,0.949999988079071,0.949999988079071,0.949999988079071,0
2022-05-26,0.9900000095367432,0.9900000095367432,0.9900000095367432,0.9900000095367432,2000
2022-05-27,0.9900000095367432,0.9900000095367432,0.9900000095367432,0.9900000095367432,0
2022-05-30,0.9900000095367432,0.9900000095367432,0.9900000095367432,0.9900000095367432,0
2022-05-31,0.9900000095367432,0.9900000095367432,0.9900000095367432,0.9900000095367432,0
2022-06-01,0.9900000095367432,0.9900000095367432,0.9900000095367432,0.9900000095367432,0
2022-06-02,0.9900000095367432,0.9900000095367432,0.9900000095367432,0.9900000095367432,0
2022-06-06,1.0,1.0,0.800000011920929,0.8700000047683716,234000
2022-06-07,1.0,1.0,1.0,1.0,0
2022-06-08,0.9800000190734863,0.9800000190734863,0.9800000190734863,0.9800000190734863,0
2022-06-09,0.9900000095367432,0.9900000095367432,0.9900000095367432,0.9900000095367432,2000
2022-06-10,0.9700000286102295,0.9700000286102295,0.8899999856948853,0.8899999856948853,12000
2022-06-13,0.9700000286102295,0.9700000286102295,0.9700000286102295,0.9700000286102295,0
2022-06-14,0.9700000286102295,0.9700000286102295,0.9700000286102295,0.9700000286102295,0
2022-06-15,0.9700000286102295,0.9700000286102295,0.9700000286102295,0.9700000286102295,0
2022-06-16,0.9700000286102295,0.9700000286102295,0.9700000286102295,0.9700000286102295,0
2022-06-17,0.9700000286102295,0.9700000286102295,0.9700000286102295,0.9700000286102295,0
2022-06-20,0.9700000286102295,0.9700000286102295,0.9700000286102295,0.9700000286102295,0
2022-06-21,0.9700000286102295,0.9700000286102295,0.9700000286102295,0.9700000286102295,0
2022-06-22,0.9700000286102295,0.9700000286102295,0.9700000286102295,0.9700000286102295,0
2022-06-23,0.9700000286102295,0.9700000286102295,0.9700000286102295,0.9700000286102295,0
2022-06-24,0.9700000286102295,0.9700000286102295,0.9700000286102295,0.9700000286102295,0
2022-06-27,0.9700000286102295,0.9700000286102295,0.9700000286102295,0.9700000286102295,0
2022-06-28,0.9700000286102295,0.9700000286102295,0.9700000286102295,0.9700000286102295,0
2022-06-29,0.9700000286102295,0.9700000286102295,0.9700000286102295,0.9700000286102295,0
2022-06-30,1.0,1.0,0.949999988079071,0.949999988079071,56000
2022-07-04,1.0,1.0,0.9700000286102295,0.9700000286102295,40000
2022-07-05,1.1200000047683716,1.1200000047683716,0.949999988079071,0.949999988079071,830000
2022-07-06,1.0499999523162842,1.1200000047683716,0.949999988079071,1.1200000047683716,1713156
2022-07-07,0.9599999785423279,1.1200000047683716,0.949999988079071,1.100000023841858,166000
2022-07-08,0.9900000095367432,1.0299999713897705,1.0299999713897705,1.0299999713897705,2000
2022-07-11,1.0,1.0,1.0,1.0,0
2022-07-12,1.090000033378601,1.090000033378601,1.090000033378601,1.090000033378601,4000
2022-07-13,1.0,1.0099999904632568,0.9599999785423279,1.0099999904632568,38000
2022-07-14,1.0,1.0,0.9100000262260437,0.949999988079071,120000
2022-07-15,0.9599999785423279,0.9800000190734863,0.8799999952316284,0.9200000166893005,34000
2022-07-18,0.949999988079071,0.949999988079071,0.949999988079071,0.949999988079071,0
2022-07-19,0.9399999976158142,0.9399999976158142,0.9399999976158142,0.9399999976158142,0
2022-07-20,0.9399999976158142,0.9399999976158142,0.9200000166893005,0.9200000166893005,20000
2022-07-21,0.9300000071525574,0.9300000071525574,0.9300000071525574,0.9300000071525574,0
2022-07-22,0.9300000071525574,0.9300000071525574,0.8600000143051147,0.8600000143051147,8000
2022-07-25,0.8999999761581421,0.9100000262260437,0.8999999761581421,0.8999999761581421,24000
2022-07-26,0.9800000190734863,0.9800000190734863,0.8999999761581421,0.8999999761581421,50000
2022-07-27,0.9700000286102295,0.9700000286102295,0.9700000286102295,0.9700000286102295,0
2022-07-28,0.9599999785423279,1.1200000047683716,0.8999999761581421,0.9900000095367432,1468000
2022-07-29,0.8999999761581421,0.8999999761581421,0.8399999737739563,0.8700000047683716,148000
2022-08-01,0.8999999761581421,0.9300000071525574,0.9200000166893005,0.9200000166893005,4000
2022-08-02,0.8999999761581421,0.8999999761581421,0.8899999856948853,0.8899999856948853,22000
2022-08-03,0.8999999761581421,0.8999999761581421,0.8899999856948853,0.8899999856948853,14000
2022-08-04,0.8999999761581421,0.8999999761581421,0.8999999761581421,0.8999999761581421,0
2022-08-05,0.8899999856948853,0.8999999761581421,0.8899999856948853,0.8899999856948853,12000
2022-08-08,0.8899999856948853,0.8899999856948853,0.8899999856948853,0.8899999856948853,0
2022-08-09,0.8899999856948853,0.8899999856948853,0.8899999856948853,0.8899999856948853,0
2022-08-10,0.8899999856948853,0.8899999856948853,0.8899999856948853,0.8899999856948853,0
2022-08-11,0.8899999856948853,0.8899999856948853,0.8899999856948853,0.8899999856948853,0
2022-08-12,0.8899999856948853,0.8899999856948853,0.8899999856948853,0.8899999856948853,0
2022-08-15,0.9300000071525574,0.9300000071525574,0.8299999833106995,0.8299999833106995,68000
2022-08-16,0.8999999761581421,0.8999999761581421,0.8600000143051147,0.8600000143051147,22000
2022-08-17,0.9300000071525574,0.9399999976158142,0.9399999976158142,0.9399999976158142,2000
2022-08-18,0.949999988079071,0.949999988079071,0.949999988079071,0.949999988079071,2000
2022-08-19,0.949999988079071,0.949999988079071,0.8799999952316284,0.8799999952316284,10000
2022-08-22,0.9599999785423279,0.9599999785423279,0.8700000047683716,0.8700000047683716,26000
2022-08-23,0.9599999785423279,0.9599999785423279,0.9599999785423279,0.9599999785423279,0
2022-08-24,0.8999999761581421,0.8999999761581421,0.8999999761581421,0.8999999761581421,0
2022-08-25,0.8999999761581421,0.8999999761581421,0.8899999856948853,0.8899999856948853,22000
2022-08-26,0.8999999761581421,0.8999999761581421,0.8999999761581421,0.8999999761581421,0
2022-08-29,0.8999999761581421,0.8999999761581421,0.8999999761581421,0.8999999761581421,0
2022-08-30,0.8899999856948853,0.8899999856948853,0.8899999856948853,0.8899999856948853,0
2022-08-31,0.8999999761581421,0.8999999761581421,0.8999999761581421,0.8999999761581421,4000
2022-09-01,0.8999999761581421,0.8999999761581421,0.8999999761581421,0.8999999761581421,0
2022-09-02,0.8999999761581421,0.8999999761581421,0.8999999761581421,0.8999999761581421,0
2022-09-05,0.8999999761581421,0.8999999761581421,0.8999999761581421,0.8999999761581421,0
2022-09-06,0.8999999761581421,0.8999999761581421,0.8299999833106995,0.8899999856948853,10000
2022-09-07,0.8999999761581421,0.8999999761581421,0.8999999761581421,0.8999999761581421,0
2022-09-08,0.8999999761581421,0.8999999761581421,0.8999999761581421,0.8999999761581421,0
2022-09-09,0.8999999761581421,0.8999999761581421,0.8399999737739563,0.8399999737739563,16000
2022-09-13,0.8999999761581421,0.8999999761581421,0.8500000238418579,0.8500000238418579,14000
2022-09-14,0.8999999761581421,0.8999999761581421,0.8999999761581421,0.8999999761581421,0
2022-09-15,0.949999988079071,0.949999988079071,0.8899999856948853,0.8899999856948853,12000
2022-09-16,0.8999999761581421,0.8999999761581421,0.8999999761581421,0.8999999761581421,0
2022-09-19,0.8999999761581421,0.8999999761581421,0.8999999761581421,0.8999999761581421,0
2022-09-20,0.8999999761581421,0.8999999761581421,0.8999999761581421,0.8999999761581421,0
2022-09-21,0.8999999761581421,0.8999999761581421,0.8999999761581421,0.8999999761581421,0
2022-09-22,0.8999999761581421,0.8999999761581421,0.8999999761581421,0.8999999761581421,0
2022-09-23,0.8399999737739563,0.8600000143051147,0.800000011920929,0.8299999833106995,184000
2022-09-26,0.8999999761581421,0.8999999761581421,0.8399999737739563,0.8700000047683716,16000
2022-09-27,0.8999999761581421,0.8500000238418579,0.8500000238418579,0.8500000238418579,2000
2022-09-28,0.8999999761581421,0.8999999761581421,0.8999999761581421,0.8999999761581421,0
2022-09-29,0.8999999761581421,0.8999999761581421,0.8999999761581421,0.8999999761581421,30000
2022-09-30,0.8999999761581421,0.8999999761581421,0.8999999761581421,0.8999999761581421,0
2022-10-03,0.8999999761581421,0.8999999761581421,0.8899999856948853,0.8399999737739563,6000
2022-10-05,0.8999999761581421,0.8999999761581421,0.8999999761581421,0.8999999761581421,0
2022-10-06,0.8999999761581421,0.8999999761581421,0.8999999761581421,0.8999999761581421,0
2022-10-07,0.8999999761581421,0.8999999761581421,0.8999999761581421,0.8999999761581421,0
2022-10-10,0.8999999761581421,0.8999999761581421,0.8999999761581421,0.8999999761581421,0
2022-10-11,0.8999999761581421,0.8999999761581421,0.8999999761581421,0.8999999761581421,0
2022-10-12,0.8999999761581421,0.8999999761581421,0.8999999761581421,0.8999999761581421,2000
2022-10-13,0.8999999761581421,0.8999999761581421,0.8999999761581421,0.8999999761581421,0
2022-10-14,0.8999999761581421,0.8999999761581421,0.8999999761581421,0.8999999761581421,0
2022-10-17,0.8999999761581421,0.8999999761581421,0.8999999761581421,0.8999999761581421,0
2022-10-18,0.8999999761581421,0.8999999761581421,0.8999999761581421,0.8999999761581421,0
2022-10-19,0.8999999761581421,0.8999999761581421,0.8999999761581421,0.8999999761581421,0
2022-10-20,0.8999999761581421,0.8999999761581421,0.8999999761581421,0.8999999761581421,0
2022-10-21,0.8999999761581421,0.8999999761581421,0.8999999761581421,0.8999999761581421,0
2022-10-24,0.8799999952316284,0.8799999952316284,0.8799999952316284,0.8799999952316284,0
2022-10-25,0.8799999952316284,0.8799999952316284,0.8799999952316284,0.8799999952316284,0
2022-10-26,0.8999999761581421,0.8999999761581421,0.8999999761581421,0.8999999761581421,2000
2022-10-27,0.8999999761581421,0.8999999761581421,0.8999999761581421,0.8999999761581421,0
2022-10-28,0.8999999761581421,0.8999999761581421,0.8999999761581421,0.8999999761581421,0
2022-10-31,0.8999999761581421,0.8999999761581421,0.8999999761581421,0.8999999761581421,0
2022-11-01,0.8799999952316284,0.8799999952316284,0.800000011920929,0.8299999833106995,52000
2022-11-02,0.8799999952316284,0.8799999952316284,0.8799999952316284,0.8799999952316284,0
2022-11-03,0.8999999761581421,0.8999999761581421,0.8799999952316284,0.8799999952316284,10000
2022-11-04,0.8999999761581421,0.8999999761581421,0.8999999761581421,0.8999999761581421,0
2022-11-07,0.8999999761581421,0.8999999761581421,0.8999999761581421,0.8999999761581421,0
2022-11-08,0.8500000238418579,0.8500000238418579,0.8500000238418579,0.8500000238418579,0
2022-11-09,0.8500000238418579,0.8500000238418579,0.8500000238418579,0.8500000238418579,0
2022-11-10,0.8500000238418579,0.8500000238418579,0.8500000238418579,0.8500000238418579,0
2022-11-11,0.8999999761581421,0.8999999761581421,0.8999999761581421,0.8999999761581421,0
2022-11-14,0.8500000238418579,0.8500000238418579,0.800000011920929,0.8299999833106995,36000
2022-11-15,0.8700000047683716,0.8700000047683716,0.8700000047683716,0.8700000047683716,2000
2022-11-16,0.8700000047683716,0.8700000047683716,0.8700000047683716,0.8700000047683716,0
2022-11-17,0.7599999904632568,0.8799999952316284,0.7599999904632568,0.8199999928474426,200000
2022-11-18,0.800000011920929,0.8199999928474426,0.7599999904632568,0.7900000214576721,26000
2022-11-21,0.7900000214576721,0.800000011920929,0.7900000214576721,0.7900000214576721,16000
2022-11-22,0.800000011920929,0.800000011920929,0.7699999809265137,0.7900000214576721,20000
2022-11-23,0.800000011920929,0.800000011920929,0.800000011920929,0.800000011920929,0
2022-11-24,0.8399999737739563,0.8399999737739563,0.8399999737739563,0.8399999737739563,0
2022-11-25,0.800000011920929,0.800000011920929,0.800000011920929,0.800000011920929,0
2022-11-28,0.800000011920929,0.800000011920929,0.7900000214576721,0.7900000214576721,10000
2022-11-29,0.800000011920929,0.800000011920929,0.800000011920929,0.800000011920929,0
2022-11-30,0.800000011920929,0.800000011920929,0.800000011920929,0.800000011920929,0
2022-12-01,0.800000011920929,0.800000011920929,0.800000011920929,0.800000011920929,0
2022-12-02,0.800000011920929,0.800000011920929,0.7599999904632568,0.7599999904632568,6000
2022-12-05,0.800000011920929,0.800000011920929,0.7799999713897705,0.800000011920929,32000
2022-12-06,0.800000011920929,0.800000011920929,0.800000011920929,0.800000011920929,0
2022-12-07,0.800000011920929,0.800000011920929,0.800000011920929,0.800000011920929,0
2022-12-08,0.800000011920929,0.800000011920929,0.7599999904632568,0.800000011920929,8000
2022-12-09,0.800000011920929,0.800000011920929,0.800000011920929,0.800000011920929,18000
2022-12-12,0.800000011920929,0.800000011920929,0.800000011920929,0.800000011920929,0
2022-12-13,0.800000011920929,0.800000011920929,0.75,0.7699999809265137,38000
2022-12-14,0.800000011920929,0.800000011920929,0.800000011920929,0.800000011920929,0
2022-12-15,0.800000011920929,0.800000011920929,0.7599999904632568,0.7699999809265137,76000
2022-12-16,0.800000011920929,0.800000011920929,0.800000011920929,0.800000011920929,0
2022-12-19,0.800000011920929,0.800000011920929,0.800000011920929,0.800000011920929,0
2022-12-20,0.800000011920929,0.800000011920929,0.800000011920929,0.800000011920929,0
2022-12-21,0.800000011920929,0.800000011920929,0.800000011920929,0.800000011920929,0
2022-12-22,0.800000011920929,0.800000011920929,0.800000011920929,0.800000011920929,0
2022-12-23,0.800000011920929,0.800000011920929,0.7599999904632568,0.800000011920929,26000
2022-12-28,0.800000011920929,0.800000011920929,0.800000011920929,0.800000011920929,0
2022-12-29,0.800000011920929,0.800000011920929,0.800000011920929,0.800000011920929,0
2022-12-30,0.800000011920929,0.800000011920929,0.800000011920929,0.800000011920929,0
2023-01-03,0.800000011920929,0.8799999952316284,0.7799999713897705,0.8799999952316284,6000
2023-01-04,0.800000011920929,0.800000011920929,0.800000011920929,0.800000011920929,0
2023-01-05,0.800000011920929,0.800000011920929,0.800000011920929,0.800000011920929,0
2023-01-06,0.800000011920929,0.800000011920929,0.800000011920929,0.800000011920929,0
2023-01-09,0.800000011920929,0.800000011920929,0.800000011920929,0.800000011920929,0
2023-01-10,0.800000011920929,0.800000011920929,0.800000011920929,0.800000011920929,0
2023-01-11,0.800000011920929,0.800000011920929,0.800000011920929,0.800000011920929,0
2023-01-12,0.800000011920929,0.800000011920929,0.800000011920929,0.800000011920929,0
2023-01-13,0.800000011920929,0.800000011920929,0.800000011920929,0.800000011920929,0
2023-01-16,0.800000011920929,0.800000011920929,0.800000011920929,0.800000011920929,0
2023-01-17,0.800000011920929,0.800000011920929,0.800000011920929,0.800000011920929,0
2023-01-18,0.800000011920929,0.800000011920929,0.800000011920929,0.800000011920929,0
2023-01-19,0.800000011920929,0.800000011920929,0.7699999809265137,0.7799999713897705,10000
2023-01-20,0.800000011920929,0.800000011920929,0.800000011920929,0.800000011920929,0
2023-01-26,0.800000011920929,0.800000011920929,0.800000011920929,0.800000011920929,0
2023-01-27,0.800000011920929,0.800000011920929,0.800000011920929,0.800000011920929,0
2023-01-30,0.800000011920929,0.800000011920929,0.800000011920929,0.800000011920929,0
2023-01-31,0.7599999904632568,0.7900000214576721,0.7400000095367432,0.7699999809265137,94000
2023-02-01,0.7699999809265137,0.7699999809265137,0.7699999809265137,0.7699999809265137,0
2023-02-02,0.800000011920929,0.800000011920929,0.7900000214576721,0.7900000214576721,18000
2023-02-03,0.75,0.7599999904632568,0.7400000095367432,0.7599999904632568,106000
2023-02-06,0.7200000286102295,0.7200000286102295,0.7200000286102295,0.7200000286102295,0
2023-02-07,0.6899999976158142,0.699999988079071,0.6200000047683716,0.699999988079071,292000
2023-02-08,0.6700000166893005,0.7699999809265137,0.6399999856948853,0.6800000071525574,838000
2023-02-09,0.6800000071525574,0.7200000286102295,0.6600000262260437,0.7099999785423279,130000
2023-02-10,0.6700000166893005,0.699999988079071,0.6299999952316284,0.6600000262260437,182000
2023-02-13,0.6700000166893005,0.6800000071525574,0.6499999761581421,0.6499999761581421,52000
2023-02-14,0.6700000166893005,0.6700000166893005,0.6700000166893005,0.6700000166893005,0
2023-02-15,0.699999988079071,0.699999988079071,0.6299999952316284,0.6499999761581421,214000
2023-02-16,0.6800000071525574,0.6800000071525574,0.6499999761581421,0.6499999761581421,64000
2023-02-17,0.6200000047683716,0.6499999761581421,0.6200000047683716,0.6499999761581421,138000
2023-02-20,0.6200000047683716,0.6600000262260437,0.6200000047683716,0.6399999856948853,42000
2023-02-21,0.5899999737739563,0.6399999856948853,0.5899999737739563,0.6000000238418579,106000
2023-02-22,0.6299999952316284,0.6299999952316284,0.6000000238418579,0.6299999952316284,176000
2023-02-23,0.6200000047683716,0.6200000047683716,0.6100000143051147,0.6100000143051147,32000
2023-02-24,0.6200000047683716,0.6100000143051147,0.6100000143051147,0.6100000143051147,36000
2023-02-27,0.6299999952316284,0.6299999952316284,0.6299999952316284,0.6299999952316284,0
2023-02-28,0.6399999856948853,0.6399999856948853,0.6399999856948853,0.6399999856948853,4000
2023-03-01,0.6499999761581421,0.6499999761581421,0.6499999761581421,0.6499999761581421,0
2023-03-02,0.6600000262260437,0.6600000262260437,0.6600000262260437,0.6600000262260437,0
2023-03-03,0.6899999976158142,0.6899999976158142,0.6899999976158142,0.6899999976158142,0
2023-03-06,0.6899999976158142,0.6899999976158142,0.6899999976158142,0.6899999976158142,0
2023-03-07,0.7200000286102295,0.7200000286102295,0.7200000286102295,0.7200000286102295,0
2023-03-08,0.7200000286102295,0.7200000286102295,0.7200000286102295,0.7200000286102295,0
2023-03-09,0.7200000286102295,0.7200000286102295,0.7200000286102295,0.7200000286102295,0
2023-03-10,0.7200000286102295,0.7200000286102295,0.7200000286102295,0.7200000286102295,0
2023-03-13,0.7200000286102295,0.7099999785423279,0.7099999785423279,0.7099999785423279,10000
2023-03-14,0.7200000286102295,0.7200000286102295,0.7200000286102295,0.7200000286102295,0
2023-03-15,0.7200000286102295,0.7200000286102295,0.7200000286102295,0.7200000286102295,2000
2023-03-16,0.7200000286102295,0.7200000286102295,0.7200000286102295,0.7200000286102295,0
2023-03-17,0.7200000286102295,0.7200000286102295,0.7200000286102295,0.7200000286102295,0
2023-03-20,0.7200000286102295,0.7200000286102295,0.7200000286102295,0.7200000286102295,0
2023-03-21,0.75,0.75,0.75,0.75,10000
2023-03-22,0.75,0.75,0.75,0.75,0
2023-03-23,0.75,0.75,0.75,0.75,0
2023-03-24,0.75,0.75,0.75,0.75,0
2023-03-27,0.75,0.75,0.75,0.75,0
2023-03-28,0.75,0.75,0.75,0.75,0
2023-03-29,0.75,0.75,0.75,0.75,0
2023-03-30,0.75,0.75,0.75,0.75,0
2023-03-31,0.75,0.75,0.75,0.75,0
2023-04-03,0.75,0.75,0.75,0.75,0
2023-04-04,0.75,0.75,0.75,0.75,0
2023-04-06,0.75,0.75,0.75,0.75,0
2023-04-11,0.75,0.7300000190734863,0.7300000190734863,0.7300000190734863,10000
2023-04-12,0.75,0.75,0.75,0.75,0
2023-04-13,0.7400000095367432,0.7400000095367432,0.7400000095367432,0.7400000095367432,200000
2023-04-14,0.7400000095367432,0.7400000095367432,0.7300000190734863,0.7300000190734863,250000
2023-04-17,0.7400000095367432,0.7400000095367432,0.7099999785423279,0.7200000286102295,518000
2023-04-18,0.7200000286102295,0.7200000286102295,0.699999988079071,0.699999988079071,550000
2023-04-19,0.7200000286102295,0.7200000286102295,0.699999988079071,0.699999988079071,582000
2023-04-20,0.7099999785423279,0.7699999809265137,0.7099999785423279,0.7099999785423279,426000
2023-04-21,0.7300000190734863,0.7300000190734863,0.6800000071525574,0.6800000071525574,776000
2023-04-24,0.7200000286102295,0.7200000286102295,0.7200000286102295,0.7200000286102295,0
2023-04-25,0.699999988079071,0.699999988079071,0.6899999976158142,0.699999988079071,192000
2023-04-26,0.699999988079071,0.699999988079071,0.6800000071525574,0.6800000071525574,646000
2023-04-27,0.699999988079071,0.699999988079071,0.6200000047683716,0.6600000262260437,646000
2023-04-28,0.699999988079071,0.699999988079071,0.699999988079071,0.699999988079071,0
2023-05-02,0.699999988079071,0.699999988079071,0.699999988079071,0.699999988079071,0
2023-05-03,0.699999988079071,0.699999988079071,0.699999988079071,0.699999988079071,0
2023-05-04,0.699999988079071,0.699999988079071,0.6399999856948853,0.6899999976158142,104000
2023-05-05,0.699999988079071,0.699999988079071,0.699999988079071,0.699999988079071,0
2023-05-08,0.699999988079071,0.699999988079071,0.699999988079071,0.699999988079071,0
2023-05-09,0.699999988079071,0.699999988079071,0.699999988079071,0.699999988079071,0
2023-05-10,0.699999988079071,0.699999988079071,0.699999988079071,0.699999988079071,0
2023-05-11,0.699999988079071,0.699999988079071,0.699999988079071,0.699999988079071,0
2023-05-12,0.7099999785423279,0.7099999785423279,0.7099999785423279,0.7099999785423279,0
2023-05-15,0.7099999785423279,0.7099999785423279,0.7099999785423279,0.7099999785423279,0
2023-05-16,0.7099999785423279,0.7099999785423279,0.7099999785423279,0.7099999785423279,0
2023-05-17,0.7099999785423279,0.8500000238418579,0.6499999761581421,0.699999988079071,70000
2023-05-18,0.800000011920929,0.800000011920929,0.7900000214576721,0.7900000214576721,4000
2023-05-19,0.7599999904632568,0.7599999904632568,0.7599999904632568,0.7599999904632568,0
2023-05-22,0.7300000190734863,0.7300000190734863,0.7300000190734863,0.7300000190734863,0
2023-05-23,0.699999988079071,0.699999988079071,0.699999988079071,0.699999988079071,0
2023-05-24,0.699999988079071,0.699999988079071,0.699999988079071,0.699999988079071,0
2023-05-25,0.699999988079071,0.699999988079071,0.699999988079071,0.699999988079071,0
2023-05-29,0.699999988079071,0.699999988079071,0.699999988079071,0.699999988079071,0
2023-05-30,0.6899999976158142,0.8100000023841858,0.6499999761581421,0.6499999761581421,36000
2023-05-31,0.699999988079071,0.699999988079071,0.6499999761581421,0.6899999976158142,10000
2023-06-01,0.699999988079071,0.699999988079071,0.699999988079071,0.699999988079071,0
2023-06-02,0.699999988079071,0.699999988079071,0.699999988079071,0.699999988079071,0
2023-06-05,0.699999988079071,0.699999988079071,0.699999988079071,0.699999988079071,0
2023-06-06,0.699999988079071,0.699999988079071,0.699999988079071,0.699999988079071,0
2023-06-07,0.699999988079071,0.699999988079071,0.699999988079071,0.699999988079071,0
2023-06-08,0.699999988079071,0.699999988079071,0.699999988079071,0.699999988079071,0
2023-06-09,0.699999988079071,0.699999988079071,0.699999988079071,0.699999988079071,0
2023-06-12,0.699999988079071,0.699999988079071,0.699999988079071,0.699999988079071,0
2023-06-13,0.699999988079071,0.699999988079071,0.699999988079071,0.699999988079071,0
2023-06-14,0.699999988079071,0.699999988079071,0.6200000047683716,0.6399999856948853,70000
2023-06-15,0.699999988079071,0.699999988079071,0.699999988079071,0.699999988079071,0
2023-06-16,0.699999988079071,0.699999988079071,0.699999988079071,0.699999988079071,0
2023-06-19,0.699999988079071,0.699999988079071,0.699999988079071,0.699999988079071,0
2023-06-20,0.699999988079071,0.699999988079071,0.699999988079071,0.699999988079071,0
2023-06-21,0.699999988079071,0.699999988079071,0.699999988079071,0.699999988079071,0
2023-06-23,0.699999988079071,0.699999988079071,0.699999988079071,0.699999988079071,0
2023-06-26,0.699999988079071,0.699999988079071,0.699999988079071,0.699999988079071,0
2023-06-27,0.699999988079071,0.699999988079071,0.699999988079071,0.699999988079071,0
2023-06-28,0.699999988079071,0.699999988079071,0.699999988079071,0.699999988079071,0
2023-06-29,0.8199999928474426,0.8199999928474426,0.5899999737739563,0.6600000262260437,306000
2023-06-30,0.699999988079071,0.7200000286102295,0.6000000238418579,0.6700000166893005,548000
2023-07-03,0.6899999976158142,0.699999988079071,0.6399999856948853,0.6899999976158142,72000
2023-07-04,0.7699999809265137,0.7699999809265137,0.7699999809265137,0.7699999809265137,0
2023-07-05,0.7099999785423279,0.7099999785423279,0.6899999976158142,0.699999988079071,16000
2023-07-06,0.7099999785423279,0.7099999785423279,0.7099999785423279,0.7099999785423279,0
2023-07-07,0.7200000286102295,0.7200000286102295,0.7200000286102295,0.7200000286102295,0
2023-07-10,0.7200000286102295,0.7200000286102295,0.7200000286102295,0.7200000286102295,0
2023-07-11,0.7200000286102295,0.7200000286102295,0.7200000286102295,0.7200000286102295,0
2023-07-12,0.7200000286102295,0.7200000286102295,0.7200000286102295,0.7200000286102295,0
2023-07-13,0.7200000286102295,0.7200000286102295,0.7200000286102295,0.7200000286102295,0
2023-07-14,0.699999988079071,0.699999988079071,0.699999988079071,0.699999988079071,0
2023-07-18,0.699999988079071,0.699999988079071,0.6800000071525574,0.6800000071525574,14000
2023-07-19,0.699999988079071,0.699999988079071,0.699999988079071,0.699999988079071,0
2023-07-20,0.800000011920929,0.8199999928474426,0.6700000166893005,0.6700000166893005,10000
2023-07-21,0.7900000214576721,0.7900000214576721,0.7900000214576721,0.7900000214576721,0
2023-07-24,0.7799999713897705,0.7799999713897705,0.7799999713897705,0.7799999713897705,0
2023-07-25,0.7799999713897705,0.7799999713897705,0.7799999713897705,0.7799999713897705,0
2023-07-26,0.7799999713897705,0.7799999713897705,0.7799999713897705,0.7799999713897705,0
2023-07-27,0.7799999713897705,0.7799999713897705,0.7799999713897705,0.7799999713897705,0
2023-07-28,0.699999988079071,0.7099999785423279,0.6100000143051147,0.6899999976158142,270000
2023-07-31,0.699999988079071,0.699999988079071,0.6399999856948853,0.6499999761581421,14000
2023-08-01,0.699999988079071,0.699999988079071,0.699999988079071,0.699999988079071,0
2023-08-02,0.699999988079071,0.699999988079071,0.699999988079071,0.699999988079071,0
2023-08-03,0.7900000214576721,0.7900000214576721,0.7900000214576721,0.7900000214576721,0
2023-08-04,0.7699999809265137,0.7699999809265137,0.7699999809265137,0.7699999809265137,0
2023-08-07,0.7699999809265137,0.7699999809265137,0.7699999809265137,0.7699999809265137,0
2023-08-08,0.75,0.75,0.75,0.75,0
2023-08-09,0.75,0.75,0.75,0.75,0
2023-08-10,0.75,0.75,0.6700000166893005,0.6700000166893005,16000
2023-08-11,0.75,0.75,0.75,0.75,0
2023-08-14,0.75,0.75,0.75,0.75,0
2023-08-15,0.75,0.75,0.75,0.75,0
2023-08-16,0.75,0.75,0.75,0.75,0
2023-08-17,0.699999988079071,0.699999988079071,0.699999988079071,0.699999988079071,0
2023-08-18,0.699999988079071,0.699999988079071,0.699999988079071,0.699999988079071,0
2023-08-21,0.7699999809265137,0.7699999809265137,0.7699999809265137,0.7699999809265137,2000
2023-08-22,0.75,0.75,0.6899999976158142,0.6899999976158142,8000
2023-08-23,0.7599999904632568,0.7599999904632568,0.7599999904632568,0.7599999904632568,0
2023-08-24,0.7400000095367432,0.75,0.6399999856948853,0.6800000071525574,12000
2023-08-25,0.7400000095367432,0.7400000095367432,0.7400000095367432,0.7400000095367432,0
2023-08-28,0.7400000095367432,0.7400000095367432,0.7400000095367432,0.7400000095367432,0
2023-08-29,0.7300000190734863,0.7300000190734863,0.7300000190734863,0.7300000190734863,0
2023-08-30,0.7300000190734863,0.7300000190734863,0.7300000190734863,0.7300000190734863,0
2023-08-31,0.7900000214576721,0.7900000214576721,0.7900000214576721,0.7900000214576721,0
2023-09-04,0.75,0.75,0.75,0.75,0
2023-09-05,0.75,0.75,0.75,0.75,0
2023-09-06,0.75,0.75,0.75,0.75,0
2023-09-07,0.75,0.75,0.75,0.75,0
2023-09-11,0.75,0.75,0.75,0.75,0
2023-09-12,0.75,0.75,0.75,0.75,0
2023-09-13,0.75,0.75,0.75,0.75,0
2023-09-14,0.75,0.75,0.75,0.75,0
2023-09-15,0.75,0.75,0.75,0.75,0
2023-09-18,0.75,0.75,0.75,0.75,0
2023-09-19,0.7400000095367432,0.7400000095367432,0.7400000095367432,0.7400000095367432,0
2023-09-20,0.7400000095367432,0.7400000095367432,0.7400000095367432,0.7400000095367432,0
2023-09-21,0.7200000286102295,0.7200000286102295,0.7200000286102295,0.7200000286102295,0
2023-09-22,0.7200000286102295,0.7200000286102295,0.7200000286102295,0.7200000286102295,0
2023-09-25,0.7099999785423279,0.7099999785423279,0.7099999785423279,0.7099999785423279,26000
2023-09-26,0.7099999785423279,0.7099999785423279,0.7099999785423279,0.7099999785423279,0
2023-09-27,0.7099999785423279,0.7099999785423279,0.7099999785423279,0.7099999785423279,0
2023-09-28,0.7300000190734863,0.7300000190734863,0.7300000190734863,0.7300000190734863,0
2023-09-29,0.7300000190734863,0.7300000190734863,0.7300000190734863,0.7300000190734863,0
2023-10-03,0.7099999785423279,0.7099999785423279,0.7099999785423279,0.7099999785423279,0
2023-10-04,0.7099999785423279,0.7099999785423279,0.7099999785423279,0.7099999785423279,0
2023-10-05,0.7099999785423279,0.7099999785423279,0.6800000071525574,0.6800000071525574,32000
2023-10-06,0.7099999785423279,0.7099999785423279,0.7099999785423279,0.7099999785423279,0
2023-10-09,0.7099999785423279,0.7099999785423279,0.6499999761581421,0.699999988079071,12000
2023-10-10,0.699999988079071,0.699999988079071,0.6299999952316284,0.6700000166893005,90000
2023-10-11,0.800000011920929,0.8199999928474426,0.6000000238418579,0.6399999856948853,536000
2023-10-12,0.7599999904632568,0.7599999904632568,0.7599999904632568,0.7599999904632568,0
2023-10-13,0.7599999904632568,0.7599999904632568,0.7599999904632568,0.7599999904632568,0
2023-10-16,0.6700000166893005,0.699999988079071,0.6499999761581421,0.6499999761581421,36000
2023-10-17,0.699999988079071,0.699999988079071,0.6899999976158142,0.6899999976158142,8000
2023-10-18,0.6899999976158142,0.6899999976158142,0.6800000071525574,0.6800000071525574,6000
2023-10-19,0.699999988079071,0.699999988079071,0.699999988079071,0.699999988079071,2000
2023-10-20,0.699999988079071,0.6800000071525574,0.6800000071525574,0.6800000071525574,12000
2023-10-24,0.7099999785423279,0.7099999785423279,0.7099999785423279,0.7099999785423279,0
2023-10-25,0.7200000286102295,0.7200000286102295,0.7200000286102295,0.7200000286102295,0
2023-10-26,0.7200000286102295,0.7200000286102295,0.7200000286102295,0.7200000286102295,0
2023-10-27,0.7099999785423279,0.7200000286102295,0.6700000166893005,0.7200000286102295,4000
2023-10-30,0.7099999785423279,0.7099999785423279,0.7099999785423279,0.7099999785423279,0
2023-10-31,0.7099999785423279,0.7099999785423279,0.7099999785423279,0.7099999785423279,0
2023-11-01,0.7099999785423279,0.7099999785423279,0.7099999785423279,0.7099999785423279,0
2023-11-02,0.6700000166893005,0.6700000166893005,0.6200000047683716,0.6600000262260437,40000
2023-11-03,0.75,1.159999966621399,0.6600000262260437,0.6800000071525574,70000
2023-11-06,0.7200000286102295,0.7200000286102295,0.7200000286102295,0.7200000286102295,0
2023-11-07,0.7699999809265137,0.7699999809265137,0.7699999809265137,0.7699999809265137,202000
2023-11-08,0.7699999809265137,0.7699999809265137,0.7699999809265137,0.7699999809265137,0
2023-11-09,0.7900000214576721,0.800000011920929,0.6700000166893005,0.800000011920929,48000
2023-11-10,0.7900000214576721,0.7900000214576721,0.7900000214576721,0.7900000214576721,0
2023-11-13,0.699999988079071,0.699999988079071,0.699999988079071,0.699999988079071,204000
2023-11-14,0.699999988079071,0.699999988079071,0.699999988079071,0.699999988079071,60000
2023-11-15,0.699999988079071,0.699999988079071,0.699999988079071,0.699999988079071,0
2023-11-16,0.699999988079071,0.699999988079071,0.699999988079071,0.699999988079071,54000
2023-11-17,0.699999988079071,0.699999988079071,0.6800000071525574,0.699999988079071,50000
2023-11-20,0.699999988079071,0.75,0.6800000071525574,0.6899999976158142,18000
2023-11-21,0.699999988079071,0.75,0.6800000071525574,0.6899999976158142,34000
2023-11-22,0.699999988079071,0.699999988079071,0.699999988079071,0.699999988079071,0
2023-11-23,0.699999988079071,0.699999988079071,0.6899999976158142,0.6899999976158142,8000
2023-11-24,0.6899999976158142,0.6899999976158142,0.6899999976158142,0.6899999976158142,0
2023-11-27,0.6899999976158142,0.6899999976158142,0.6899999976158142,0.6899999976158142,0
2023-11-28,0.6899999976158142,0.6899999976158142,0.6899999976158142,0.6899999976158142,0
2023-11-29,0.699999988079071,0.699999988079071,0.6299999952316284,0.6499999761581421,68000
2023-11-30,0.6899999976158142,0.6899999976158142,0.6899999976158142,0.6899999976158142,0
2023-12-01,0.699999988079071,0.699999988079071,0.6800000071525574,0.6800000071525574,16000
2023-12-04,0.699999988079071,0.699999988079071,0.6600000262260437,0.6600000262260437,52000
2023-12-05,0.7900000214576721,0.800000011920929,0.6800000071525574,0.699999988079071,22000
2023-12-06,0.7200000286102295,0.7200000286102295,0.7200000286102295,0.7200000286102295,0
2023-12-07,0.75,0.7900000214576721,0.6800000071525574,0.6800000071525574,10000
2023-12-08,0.8600000143051147,0.8899999856948853,0.699999988079071,0.699999988079071,20000
2023-12-11,0.699999988079071,0.75,0.6700000166893005,0.75,212000
2023-12-12,0.6800000071525574,0.6800000071525574,0.6800000071525574,0.6800000071525574,0
2023-12-13,0.7200000286102295,0.7200000286102295,0.6700000166893005,0.6700000166893005,20000
2023-12-14,0.699999988079071,0.699999988079071,0.6700000166893005,0.6800000071525574,24000
2023-12-15,0.6800000071525574,0.6800000071525574,0.6600000262260437,0.6700000166893005,14000
2023-12-18,0.6800000071525574,0.6800000071525574,0.6800000071525574,0.6800000071525574,0
2023-12-19,0.6700000166893005,0.6700000166893005,0.6600000262260437,0.6600000262260437,22000
2023-12-20,0.6700000166893005,0.6700000166893005,0.6700000166893005,0.6700000166893005,0
2023-12-21,0.699999988079071,0.699999988079071,0.699999988079071,0.699999988079071,0
2023-12-22,0.699999988079071,0.699999988079071,0.699999988079071,0.699999988079071,0
2023-12-27,0.6700000166893005,0.6700000166893005,0.6399999856948853,0.6600000262260437,6000
2023-12-28,0.6800000071525574,0.6800000071525574,0.6800000071525574,0.6800000071525574,0
2023-12-29,0.6800000071525574,0.6800000071525574,0.6800000071525574,0.6800000071525574,0
2024-01-02,0.6800000071525574,0.6800000071525574,0.6800000071525574,0.6800000071525574,0
2024-01-03,0.6800000071525574,0.6800000071525574,0.6800000071525574,0.6800000071525574,0
2024-01-04,0.6899999976158142,0.6899999976158142,0.6399999856948853,0.6399999856948853,14000
2024-01-05,0.6899999976158142,0.6899999976158142,0.6200000047683716,0.6499999761581421,56000
2024-01-08,0.6800000071525574,0.6800000071525574,0.6399999856948853,0.6499999761581421,52000
2024-01-09,0.699999988079071,0.699999988079071,0.6200000047683716,0.6399999856948853,80000
2024-01-10,0.6899999976158142,0.6899999976158142,0.6600000262260437,0.6600000262260437,52000
2024-01-11,0.6700000166893005,0.6700000166893005,0.6399999856948853,0.6600000262260437,50000
2024-01-12,0.6700000166893005,0.6800000071525574,0.6299999952316284,0.6399999856948853,94000
2024-01-15,0.6700000166893005,0.6700000166893005,0.6700000166893005,0.6700000166893005,0
2024-01-16,0.6600000262260437,0.6600000262260437,0.6299999952316284,0.6399999856948853,122000
2024-01-17,0.6499999761581421,0.6700000166893005,0.6399999856948853,0.6399999856948853,24000
2024-01-18,0.6800000071525574,0.6800000071525574,0.6800000071525574,0.6800000071525574,0
2024-01-19,0.6800000071525574,0.6800000071525574,0.6800000071525574,0.6800000071525574,0
2024-01-22,0.6800000071525574,0.6800000071525574,0.6800000071525574,0.6800000071525574,0
2024-01-23,0.6499999761581421,0.6499999761581421,0.6499999761581421,0.6499999761581421,0
2024-01-24,0.6600000262260437,0.6600000262260437,0.6600000262260437,0.6600000262260437,2000
2024-01-25,0.6399999856948853,0.6600000262260437,0.6399999856948853,0.6399999856948853,60000
2024-01-26,0.6700000166893005,0.6700000166893005,0.5799999833106995,0.6299999952316284,98000
2024-01-29,0.6399999856948853,0.6499999761581421,0.6200000047683716,0.6299999952316284,90000
2024-01-30,0.6600000262260437,0.6600000262260437,0.6600000262260437,0.6600000262260437,0
2024-01-31,0.6100000143051147,0.6700000166893005,0.6000000238418579,0.6700000166893005,198000
2024-02-01,0.6100000143051147,0.6200000047683716,0.6000000238418579,0.6200000047683716,36000
2024-02-02,0.6200000047683716,0.6200000047683716,0.6000000238418579,0.6200000047683716,30000
2024-02-05,0.6100000143051147,0.6100000143051147,0.6100000143051147,0.6100000143051147,0
2024-02-06,0.6200000047683716,0.6200000047683716,0.6200000047683716,0.6200000047683716,0
2024-02-07,0.6299999952316284,0.6299999952316284,0.6299999952316284,0.6200000047683716,8000
2024-02-08,0.6299999952316284,0.6299999952316284,0.6299999952316284,0.6299999952316284,0
2024-02-09,0.6499999761581421,0.6499999761581421,0.6499999761581421,0.6499999761581421,0
2024-02-14,0.6600000262260437,0.6600000262260437,0.6200000047683716,0.6200000047683716,40000
2024-02-15,0.6200000047683716,0.6399999856948853,0.6000000238418579,0.6000000238418579,30000
2024-02-16,0.6200000047683716,0.6299999952316284,0.5799999833106995,0.6299999952316284,60000
2024-02-19,0.6200000047683716,0.6200000047683716,0.6200000047683716,0.6200000047683716,0
2024-02-20,0.6200000047683716,0.6200000047683716,0.6000000238418579,0.6000000238418579,26000
2024-02-21,0.6100000143051147,0.6200000047683716,0.6000000238418579,0.6200000047683716,42000
2024-02-22,0.6200000047683716,0.6200000047683716,0.5799999833106995,0.6000000238418579,30000
2024-02-23,0.6000000238418579,0.6200000047683716,0.5899999737739563,0.6200000047683716,38000
2024-02-26,0.6100000143051147,0.6200000047683716,0.5799999833106995,0.6100000143051147,42000
2024-02-27,0.5799999833106995,0.6000000238418579,0.5799999833106995,0.5899999737739563,40000
2024-02-28,0.6100000143051147,0.699999988079071,0.6100000143051147,0.6100000143051147,30000
2024-02-29,0.6200000047683716,0.6200000047683716,0.6000000238418579,0.6200000047683716,14000
2024-03-01,0.6200000047683716,0.6200000047683716,0.6200000047683716,0.6200000047683716,0
2024-03-04,0.5899999737739563,0.6000000238418579,0.5899999737739563,0.6000000238418579,44000
2024-03-05,0.6000000238418579,0.6200000047683716,0.5799999833106995,0.6000000238418579,34000
2024-03-06,0.6000000238418579,0.6100000143051147,0.5799999833106995,0.6100000143051147,42000
2024-03-07,0.6000000238418579,0.6000000238418579,0.5799999833106995,0.6000000238418579,72000
2024-03-08,0.6000000238418579,0.6000000238418579,0.5799999833106995,0.5799999833106995,36000
2024-03-11,0.6000000238418579,0.6000000238418579,0.5299999713897705,0.5799999833106995,36000
2024-03-12,0.6000000238418579,0.6000000238418579,0.5799999833106995,0.5799999833106995,20000
2024-03-13,0.6000000238418579,0.6000000238418579,0.6000000238418579,0.6000000238418579,0
2024-03-14,0.6000000238418579,0.6000000238418579,0.6000000238418579,0.6000000238418579,0
2024-03-15,0.6000000238418579,0.6000000238418579,0.6000000238418579,0.6000000238418579,4000
2024-03-18,0.6299999952316284,0.6299999952316284,0.6299999952316284,0.6299999952316284,2000
2024-03-19,0.6299999952316284,0.699999988079071,0.6000000238418579,0.699999988079071,16000
2024-03-20,0.6299999952316284,0.6299999952316284,0.6299999952316284,0.6299999952316284,0
2024-03-21,0.6299999952316284,0.6299999952316284,0.6299999952316284,0.6299999952316284,0
2024-03-22,0.6299999952316284,0.6299999952316284,0.5899999737739563,0.5899999737739563,6000
2024-03-25,0.6200000047683716,0.6200000047683716,0.6000000238418579,0.6100000143051147,8000
2024-03-26,0.6200000047683716,0.6200000047683716,0.6200000047683716,0.6200000047683716,0
2024-03-27,0.6200000047683716,0.6200000047683716,0.6200000047683716,0.6200000047683716,0
2024-03-28,0.6200000047683716,0.6200000047683716,0.6200000047683716,0.6200000047683716,0
2024-04-02,0.6499999761581421,0.6499999761581421,0.5899999737739563,0.6399999856948853,12000
2024-04-03,0.6299999952316284,0.6299999952316284,0.6000000238418579,0.6000000238418579,4000
2024-04-05,0.6299999952316284,0.6299999952316284,0.6299999952316284,0.6299999952316284,0
2024-04-08,0.6000000238418579,0.6100000143051147,0.5899999737739563,0.5899999737739563,50000
2024-04-09,0.6299999952316284,0.6299999952316284,0.6200000047683716,0.6200000047683716,10000
2024-04-10,0.6299999952316284,0.6299999952316284,0.6299999952316284,0.6299999952316284,0
2024-04-11,0.6000000238418579,0.6200000047683716,0.5899999737739563,0.5899999737739563,62000
2024-04-12,0.6100000143051147,0.6100000143051147,0.6100000143051147,0.6100000143051147,2000
2024-04-15,0.6100000143051147,0.6100000143051147,0.6100000143051147,0.6100000143051147,0
2024-04-16,0.6100000143051147,0.6100000143051147,0.6100000143051147,0.6100000143051147,0
2024-04-17,0.6100000143051147,0.6100000143051147,0.6100000143051147,0.6100000143051147,0
2024-04-18,0.6100000143051147,0.6100000143051147,0.6100000143051147,0.6100000143051147,0
2024-04-19,0.6100000143051147,0.6100000143051147,0.6100000143051147,0.6100000143051147,0
2024-04-22,0.6100000143051147,0.6100000143051147,0.6100000143051147,0.6100000143051147,0
2024-04-23,0.6200000047683716,0.6200000047683716,0.5899999737739563,0.5899999737739563,24000
2024-04-24,0.6200000047683716,0.6200000047683716,0.6200000047683716,0.6200000047683716,0
2024-04-25,0.6200000047683716,0.6200000047683716,0.6200000047683716,0.6200000047683716,0
2024-04-26,0.6200000047683716,0.6200000047683716,0.6200000047683716,0.6200000047683716,0
2024-04-29,0.6899999976158142,0.699999988079071,0.5899999737739563,0.5899999737739563,156000
2024-04-30,0.6700000166893005,0.6800000071525574,0.6800000071525574,0.6800000071525574,2000
2024-05-02,0.6700000166893005,0.6700000166893005,0.6700000166893005,0.6700000166893005,0
2024-05-03,0.6899999976158142,0.699999988079071,0.5899999737739563,0.5899999737739563,18000
2024-05-06,0.6800000071525574,0.6800000071525574,0.6800000071525574,0.6800000071525574,0
2024-05-07,0.6899999976158142,0.6899999976158142,0.6600000262260437,0.6600000262260437,8000
2024-05-08,0.6800000071525574,0.6800000071525574,0.6800000071525574,0.6800000071525574,0
2024-05-09,0.6700000166893005,0.6700000166893005,0.6000000238418579,0.6000000238418579,4000
2024-05-10,0.6499999761581421,0.6600000262260437,0.6000000238418579,0.6100000143051147,18000
2024-05-13,0.6600000262260437,0.6700000166893005,0.6299999952316284,0.6299999952316284,6000
2024-05-14,0.6600000262260437,0.6600000262260437,0.6600000262260437,0.6600000262260437,0
2024-05-16,0.6600000262260437,0.6600000262260437,0.6600000262260437,0.6600000262260437,0
2024-05-17,0.6600000262260437,0.6600000262260437,0.6600000262260437,0.6600000262260437,0
2024-05-20,0.6100000143051147,0.6200000047683716,0.6100000143051147,0.6100000143051147,26000
2024-05-21,0.75,1.090000033378601,0.6299999952316284,0.6299999952316284,144000
2024-05-22,0.7300000190734863,0.800000011920929,0.6299999952316284,0.7599999904632568,70000
2024-05-23,0.7300000190734863,0.7400000095367432,0.6899999976158142,0.7400000095367432,20000
2024-05-24,0.7200000286102295,0.7200000286102295,0.7200000286102295,0.7200000286102295,0
2024-05-27,0.7200000286102295,0.7200000286102295,0.7200000286102295,0.7200000286102295,0
2024-05-28,0.7099999785423279,0.7099999785423279,0.7099999785423279,0.7099999785423279,0
2024-05-29,0.7400000095367432,0.7400000095367432,0.7400000095367432,0.7400000095367432,0
2024-05-30,0.699999988079071,0.7300000190734863,0.6499999761581421,0.6499999761581421,12000
2024-05-31,0.7699999809265137,0.7799999713897705,0.6700000166893005,0.6800000071525574,60000
2024-06-03,0.7799999713897705,0.7799999713897705,0.7799999713897705,0.7799999713897705,0
2024-06-04,0.8100000023841858,0.8100000023841858,0.8100000023841858,0.8100000023841858,0
2024-06-05,0.8600000143051147,0.8600000143051147,0.8600000143051147,0.8600000143051147,0
2024-06-06,0.8100000023841858,0.8899999856948853,0.75,0.7799999713897705,6000
2024-06-07,0.8399999737739563,0.8399999737739563,0.8399999737739563,0.8399999737739563,0
2024-06-11,0.8299999833106995,0.8299999833106995,0.7599999904632568,0.7599999904632568,14000
2024-06-12,0.8299999833106995,0.8299999833106995,0.8299999833106995,0.8299999833106995,0
2024-06-13,0.8500000238418579,0.8899999856948853,0.7799999713897705,0.8899999856948853,8000
2024-06-14,0.8399999737739563,0.8399999737739563,0.8399999737739563,0.8399999737739563,0
2024-06-17,0.8299999833106995,0.8299999833106995,0.8299999833106995,0.8299999833106995,4000
2024-06-18,0.8399999737739563,0.8399999737739563,0.8399999737739563,0.8399999737739563,0
2024-06-19,0.8399999737739563,0.8399999737739563,0.8399999737739563,0.8399999737739563,0
2024-06-20,0.8199999928474426,0.8399999737739563,0.7599999904632568,0.7599999904632568,40000
2024-06-21,0.8199999928474426,0.8199999928474426,0.8199999928474426,0.8199999928474426,0
2024-06-24,0.8100000023841858,0.8100000023841858,0.800000011920929,0.800000011920929,8000
2024-06-25,0.8399999737739563,0.8399999737739563,0.7799999713897705,0.7799999713897705,12000
2024-06-26,0.8299999833106995,0.8299999833106995,0.7300000190734863,0.7699999809265137,28000
2024-06-27,0.8299999833106995,0.8299999833106995,0.8299999833106995,0.8299999833106995,0
2024-06-28,0.8399999737739563,0.8399999737739563,0.8399999737739563,0.8399999737739563,2000
2024-07-02,0.8399999737739563,0.8399999737739563,0.8399999737739563,0.8399999737739563,0
2024-07-03,0.8399999737739563,0.8399999737739563,0.7799999713897705,0.7900000214576721,16000
2024-07-04,0.8399999737739563,1.0,0.7699999809265137,1.0,24000
2024-07-05,0.8199999928474426,0.8199999928474426,0.8199999928474426,0.8199999928474426,0
2024-07-08,0.8799999952316284,0.8799999952316284,0.8799999952316284,0.8799999952316284,0
2024-07-09,0.8199999928474426,0.8600000143051147,0.8199999928474426,0.8600000143051147,78000
2024-07-10,0.9200000166893005,0.9200000166893005,0.9200000166893005,0.9200000166893005,0
2024-07-11,0.9300000071525574,0.9300000071525574,0.9300000071525574,0.9300000071525574,0
2024-07-12,0.8600000143051147,0.9599999785423279,0.7599999904632568,0.9599999785423279,72000
2024-07-15,0.8799999952316284,0.8799999952316284,0.8799999952316284,0.8799999952316284,2000
2024-07-16,0.949999988079071,0.949999988079071,0.949999988079071,0.949999988079071,2000
2024-07-17,0.9300000071525574,0.9300000071525574,0.9300000071525574,0.9300000071525574,0
2024-07-18,0.9300000071525574,0.9300000071525574,0.9300000071525574,0.9300000071525574,0
2024-07-19,0.9300000071525574,0.9300000071525574,0.9300000071525574,0.9300000071525574,0
2024-07-22,0.9200000166893005,0.9200000166893005,0.9200000166893005,0.9200000166893005,0
2024-07-23,0.9200000166893005,0.9200000166893005,0.9200000166893005,0.9200000166893005,0
2024-07-24,0.9200000166893005,0.9200000166893005,0.9200000166893005,0.9200000166893005,0
2024-07-25,0.9399999976158142,0.9399999976158142,0.9399999976158142,0.9399999976158142,0
2024-07-26,0.9399999976158142,0.9399999976158142,0.9399999976158142,0.9399999976158142,0
2024-07-29,0.9599999785423279,0.9599999785423279,0.9599999785423279,0.9599999785423279,2000
2024-07-30,0.8600000143051147,0.8999999761581421,0.800000011920929,0.800000011920929,192000
2024-07-31,0.8399999737739563,0.9599999785423279,0.8299999833106995,0.8399999737739563,110000
2024-08-01,0.8399999737739563,0.8399999737739563,0.8299999833106995,0.8399999737739563,32000
2024-08-02,0.9399999976158142,0.9399999976158142,0.800000011920929,0.800000011920929,28000
2024-08-05,0.9399999976158142,0.9399999976158142,0.9399999976158142,0.9399999976158142,0
2024-08-06,0.9399999976158142,0.9399999976158142,0.9399999976158142,0.9399999976158142,0
2024-08-07,0.9399999976158142,0.9399999976158142,0.9399999976158142,0.9399999976158142,0
2024-08-08,0.9399999976158142,0.9399999976158142,0.9399999976158142,0.9399999976158142,0
2024-08-09,0.9399999976158142,0.9399999976158142,0.9399999976158142,0.9399999976158142,0
2024-08-12,0.9399999976158142,0.9399999976158142,0.9399999976158142,0.9399999976158142,0
2024-08-13,0.9900000095367432,1.0,0.8100000023841858,1.0,22000
2024-08-14,0.9700000286102295,0.9700000286102295,0.8600000143051147,0.8600000143051147,10000
2024-08-15,0.9599999785423279,0.9599999785423279,0.9599999785423279,0.9599999785423279,0
2024-08-16,0.9599999785423279,0.9599999785423279,0.9599999785423279,0.9599999785423279,0
2024-08-19,0.949999988079071,0.949999988079071,0.949999988079071,0.949999988079071,0
2024-08-20,0.8999999761581421,0.8999999761581421,0.8999999761581421,0.8999999761581421,0
2024-08-21,0.9200000166893005,0.9300000071525574,0.8500000238418579,0.8999999761581421,14000
2024-08-22,0.9200000166893005,0.9200000166893005,0.9200000166893005,0.9200000166893005,0
2024-08-23,0.9200000166893005,0.9200000166893005,0.9200000166893005,0.9200000166893005,0
2024-08-26,0.9200000166893005,0.9200000166893005,0.9200000166893005,0.9200000166893005,0
2024-08-27,0.8999999761581421,0.8999999761581421,0.8399999737739563,0.8500000238418579,76000
2024-08-28,0.8500000238418579,0.8500000238418579,0.8399999737739563,0.8500000238418579,82000
2024-08-29,0.949999988079071,1.0,0.8899999856948853,0.8899999856948853,98000
2024-08-30,0.949999988079071,0.9599999785423279,0.9300000071525574,0.949999988079071,42000
2024-09-02,0.949999988079071,0.949999988079071,0.8600000143051147,0.9399999976158142,82000
2024-09-03,0.949999988079071,0.949999988079071,0.9100000262260437,0.9399999976158142,14000
2024-09-04,0.949999988079071,0.949999988079071,0.949999988079071,0.949999988079071,0
2024-09-05,0.949999988079071,0.949999988079071,0.949999988079071,0.949999988079071,0
2024-09-09,0.949999988079071,0.949999988079071,0.949999988079071,0.949999988079071,0
2024-09-10,0.949999988079071,0.949999988079071,0.949999988079071,0.949999988079071,0
2024-09-11,0.949999988079071,0.949999988079071,0.949999988079071,0.949999988079071,0
2024-09-12,0.949999988079071,0.949999988079071,0.9399999976158142,0.9399999976158142,20000
2024-09-13,0.949999988079071,0.949999988079071,0.949999988079071,0.949999988079071,0
2024-09-16,0.949999988079071,0.949999988079071,0.949999988079071,0.949999988079071,2000
2024-09-17,0.949999988079071,0.949999988079071,0.949999988079071,1.0,2000
2024-09-19,0.949999988079071,0.949999988079071,0.949999988079071,0.949999988079071,0
2024-09-20,0.949999988079071,0.949999988079071,0.949999988079071,0.949999988079071,0
2024-09-23,0.949999988079071,0.949999988079071,0.949999988079071,0.949999988079071,0
2024-09-24,0.949999988079071,0.949999988079071,0.949999988079071,0.949999988079071,0
2024-09-25,0.949999988079071,0.949999988079071,0.949999988079071,0.949999988079071,0
2024-09-26,0.949999988079071,0.949999988079071,0.949999988079071,0.949999988079071,0
2024-09-27,0.9399999976158142,0.9399999976158142,0.8999999761581421,0.8999999761581421,92000
2024-09-30,0.9399999976158142,0.9399999976158142,0.8700000047683716,0.8999999761581421,96000
2024-10-02,1.0299999713897705,1.1100000143051147,0.9399999976158142,0.9399999976158142,558000
2024-10-03,1.409999966621399,2.5,1.149999976158142,1.149999976158142,16425400
2024-10-04,1.190000057220459,1.409999966621399,1.1299999952316284,1.409999966621399,2864000
2024-10-07,1.0399999618530273,1.3200000524520874,0.8999999761581421,1.2000000476837158,2912000
2024-10-08,0.8999999761581421,1.1100000143051147,0.8500000238418579,1.1100000143051147,1718000
2024-10-09,0.8700000047683716,0.9599999785423279,0.8199999928474426,0.8999999761581421,452000
2024-10-10,0.8700000047683716,0.9200000166893005,0.8399999737739563,0.8500000238418579,398000
2024-10-14,0.8999999761581421,0.9100000262260437,0.8299999833106995,0.9100000262260437,176000
2024-10-15,0.8899999856948853,0.8899999856948853,0.7599999904632568,0.8399999737739563,234000
2024-10-16,0.8799999952316284,0.8799999952316284,0.8299999833106995,0.8299999833106995,110000
2024-10-17,0.8700000047683716,0.8799999952316284,0.8399999737739563,0.8500000238418579,130000
2024-10-18,0.8700000047683716,0.9900000095367432,0.8100000023841858,0.8899999856948853,554000
2024-10-21,0.9300000071525574,0.9300000071525574,0.8399999737739563,0.8700000047683716,338000
2024-10-22,0.9300000071525574,0.9300000071525574,0.8799999952316284,0.9100000262260437,40000
2024-10-23,0.9100000262260437,0.9200000166893005,0.8799999952316284,0.8999999761581421,44000
2024-10-24,0.9100000262260437,0.9100000262260437,0.8600000143051147,0.8700000047683716,58000
2024-10-25,0.8700000047683716,0.8899999856948853,0.8500000238418579,0.8700000047683716,242000
2024-10-28,0.8899999856948853,0.8999999761581421,0.8700000047683716,0.8700000047683716,22000
2024-10-29,0.8700000047683716,0.8700000047683716,0.8500000238418579,0.8500000238418579,14000
2024-10-30,0.8700000047683716,0.8799999952316284,0.8500000238418579,0.8799999952316284,10000
2024-10-31,0.8799999952316284,0.8799999952316284,0.8600000143051147,0.8600000143051147,12000
2024-11-01,0.8799999952316284,0.8799999952316284,0.8399999737739563,0.8399999737739563,50000
2024-11-04,0.8700000047683716,0.8700000047683716,0.8399999737739563,0.8399999737739563,24000
2024-11-05,0.8700000047683716,0.8700000047683716,0.8399999737739563,0.8500000238418579,62000
2024-11-06,0.8700000047683716,0.8700000047683716,0.8399999737739563,0.8500000238418579,84000
2024-11-07,0.8700000047683716,0.8700000047683716,0.8299999833106995,0.8700000047683716,118000
2024-11-08,0.8700000047683716,0.8700000047683716,0.8399999737739563,0.8399999737739563,26000
2024-11-11,0.8600000143051147,0.8600000143051147,0.8600000143051147,0.8600000143051147,2000
2024-11-12,0.8700000047683716,0.8799999952316284,0.8399999737739563,0.8399999737739563,92000
2024-11-13,0.8700000047683716,0.8700000047683716,0.8700000047683716,0.8700000047683716,0
2024-11-14,0.8500000238418579,0.8600000143051147,0.8299999833106995,0.8500000238418579,72000
2024-11-15,0.8700000047683716,0.8700000047683716,0.8399999737739563,0.8500000238418579,52000
2024-11-18,0.8799999952316284,0.8799999952316284,0.8399999737739563,0.8600000143051147,38000
2024-11-19,0.8799999952316284,0.8799999952316284,0.8399999737739563,0.8500000238418579,82000
2024-11-20,0.8600000143051147,0.8700000047683716,0.8399999737739563,0.8399999737739563,128000
2024-11-21,0.8700000047683716,0.8700000047683716,0.8700000047683716,0.8700000047683716,0
2024-11-22,0.8700000047683716,0.8700000047683716,0.8399999737739563,0.8399999737739563,52000
2024-11-25,0.8700000047683716,0.8700000047683716,0.8600000143051147,0.8600000143051147,8000
2024-11-26,0.8700000047683716,0.8700000047683716,0.8299999833106995,0.8500000238418579,148000
2024-11-27,0.8700000047683716,0.8700000047683716,0.8700000047683716,0.8700000047683716,2000
2024-11-28,0.8500000238418579,0.8600000143051147,0.8399999737739563,0.8399999737739563,42000
2024-11-29,0.8500000238418579,0.8500000238418579,0.8500000238418579,0.8500000238418579,0
2024-12-02,0.8500000238418579,0.8500000238418579,0.8399999737739563,0.8500000238418579,24000
2024-12-03,0.8500000238418579,0.8500000238418579,0.8399999737739563,0.8399999737739563,30000
2024-12-04,0.8500000238418579,0.8500000238418579,0.8399999737739563,0.8399999737739563,30000
2024-12-05,0.8600000143051147,0.8600000143051147,0.8399999737739563,0.8500000238418579,22000
2024-12-06,0.8600000143051147,0.8600000143051147,0.8600000143051147,0.8600000143051147,0
2024-12-09,0.8600000143051147,0.8600000143051147,0.8600000143051147,0.8600000143051147,0
2024-12-10,0.8700000047683716,0.8700000047683716,0.8500000238418579,0.8600000143051147,50000
2024-12-11,0.8600000143051147,0.8600000143051147,0.8399999737739563,0.8399999737739563,24000
2024-12-12,0.8600000143051147,0.8600000143051147,0.8600000143051147,0.8600000143051147,0
2024-12-13,0.8500000238418579,0.8500000238418579,0.8299999833106995,0.8399999737739563,76000
2024-12-16,0.8500000238418579,0.8500000238418579,0.8500000238418579,0.8500000238418579,0
2024-12-17,0.8500000238418579,0.8500000238418579,0.8299999833106995,0.8299999833106995,8000
2024-12-18,0.8500000238418579,0.8500000238418579,0.8500000238418579,0.8500000238418579,0
2024-12-19,0.8500000238418579,0.8500000238418579,0.8399999737739563,0.8399999737739563,6000
2024-12-20,0.8500000238418579,0.8500000238418579,0.8299999833106995,0.8299999833106995,4000
2024-12-23,0.8500000238418579,0.8500000238418579,0.8399999737739563,0.8399999737739563,8000
2024-12-24,0.8500000238418579,0.8500000238418579,0.8500000238418579,0.8500000238418579,0
2024-12-27,0.8399999737739563,0.8399999737739563,0.8399999737739563,0.8399999737739563,0
2024-12-30,0.8399999737739563,0.8399999737739563,0.8299999833106995,0.8199999928474426,20000
2024-12-31,0.8700000047683716,0.8700000047683716,0.8700000047683716,0.8700000047683716,0
2025-01-02,0.8600000143051147,0.8600000143051147,0.8600000143051147,0.8600000143051147,0
2025-01-03,0.8600000143051147,0.8600000143051147,0.8299999833106995,0.8299999833106995,24000
