Date,Close,High,Low,Open,Volume
2002-12-16,1.6712828874588013,3.0715469748726996,1.6170790628338931,3.0715469748726996,14200
2002-12-17,1.8067922592163086,1.9874715282152238,1.4906035923148124,1.8067922592163086,47000
2002-12-18,1.689350962638855,2.3940001073190085,1.6261131788457197,2.213320817361385,138200
2002-12-19,1.6983850002288818,1.761622787144521,1.6351472133132428,1.6983850002288818,139500
2002-12-20,1.7254867553710938,2.1049131301725192,1.6261131579412205,1.7887245383512755,327200
2002-12-23,1.6712828874588013,1.7887243818373542,1.5899772043680453,1.6261130156558425,239600
2002-12-24,1.7435544729232788,1.752588533246153,1.671282851885968,1.671282851885968,41800
2002-12-26,1.7706564664840698,1.7887243720288932,1.67128287829433,1.67128287829433,78200
2002-12-27,1.7706564664840698,1.7977583248013047,1.6261130067390601,1.6261130067390601,46700
2002-12-30,1.7706564664840698,1.8519620414357745,1.6351469595114716,1.67128287829433,103200
2002-12-31,2.177184581756592,2.439169404648738,1.6983845881938793,1.6983845881938793,233600
2003-01-02,1.978438138961792,2.168151414668605,1.7616229974949313,2.168151414668605,53600
2003-01-03,1.8971319198608398,1.9332679485190736,1.7977584333633978,1.8519621532710935,22700
2003-01-06,1.8880977630615234,1.969403549547133,1.770656382584907,1.842928001339748,62000
2003-01-07,1.8067922592163086,1.8158262118969333,1.7616224958131852,1.8067922592163086,113100
2003-01-08,1.7525886297225952,1.9242339545213551,1.6983848032675912,1.9242339545213551,59900
2003-01-09,1.716452717781067,1.761622591326463,1.6080451720426197,1.716452717781067,46100
2003-01-10,1.7706564664840698,1.7706564664840698,1.6261130067390601,1.6261130067390601,62000
2003-01-13,1.644181251525879,1.788724623933609,1.6351471897879952,1.7164528838831303,16200
2003-01-14,1.716452717781067,1.770656544496899,1.6080451720426197,1.6261130783834914,43000
2003-01-15,1.5357736349105835,1.7164528163926844,1.4002641141824792,1.6080452644261347,67400
2003-01-16,1.5267395973205566,1.580943316478504,1.3550942712672893,1.4454339108904186,45300
2003-01-17,1.436400055885315,1.490603778748462,1.3550943638973698,1.3821962253289435,72400
2003-01-21,1.2918565273284912,1.4363999978425475,1.0389056154687226,1.3550943091400434,48600
2003-01-22,1.1924829483032227,1.2737885230994426,1.0569734415897658,1.0660073943449013,70000
2003-01-23,1.481569766998291,1.5448075488921513,1.1202113056292575,1.2015169944375867,137500
2003-01-24,1.3008904457092285,1.4454337926680734,1.2195847659290997,1.3370262555256378,75200
2003-01-27,1.2195850610733032,1.3008907605297193,1.1744151801783014,1.2195850610733032,60200
2003-01-28,1.2376526594161987,1.3008904337045624,1.1563469803863617,1.1563469803863617,72300
2003-01-29,1.2737884521484375,1.2918563566523122,1.2105507863848755,1.2647544998965001,106800
2003-01-30,1.382196068763733,1.4002639743381797,1.2557206220493926,1.2557206220493926,97400
2003-01-31,1.436400055885315,1.436400055885315,1.2647547180989003,1.2647547180989003,85200
2003-02-03,1.32799232006073,1.5357734445496727,1.3099244149213802,1.3189583674910552,38400
2003-02-04,1.2918565273284912,1.4002640763674234,1.264754666992063,1.3550943091400434,58300
2003-02-05,1.3460601568222046,1.3550941089329682,1.1292450907774734,1.237652623799839,74800
2003-02-06,1.3189585208892822,1.355094335370669,1.0750415577534773,1.300890613648589,93300
2003-02-07,1.3460601568222046,1.3641280610437316,1.2647544801321295,1.3099243483791507,48700
2003-02-10,1.4183320999145508,1.4183320999145508,1.2737886284870719,1.3099245501905519,111000
2003-02-11,1.2105510234832764,1.445434043424225,1.129245329598109,1.3641283495390577,67000
2003-02-12,1.1382791996002197,1.264754654256553,1.1382791996002197,1.2195848874840123,35100
2003-02-13,1.1834489107131958,1.2195848301249153,1.1382791460650639,1.1382791460650639,18400
2003-02-14,1.2647546529769897,1.4092980141961038,1.183448965175455,1.2195848862501475,67300
2003-02-18,1.3460601568222046,1.3550941089329682,1.1292450907774734,1.219584719578312,20900
2003-02-19,1.228618860244751,1.3550943168987843,1.1924830462559473,1.2918565347251574,27800
2003-02-20,1.309924602508545,1.3550943718254362,1.1744150791714214,1.3550943718254362,18700
2003-02-21,1.2647546529769897,1.3099245273970508,1.2195848862501475,1.228618839595516,33500
2003-02-24,1.2376526594161987,1.2647545165284086,1.1834488374985717,1.2647545165284086,19700
2003-02-25,1.2105510234832764,1.2647547476112369,1.129245329598109,1.2647547476112369,46600
2003-02-26,1.2647546529769897,1.2647546529769897,1.1292452451032442,1.183448965175455,23100
2003-02-27,1.3370263576507568,1.3550942639390293,1.1292452199491911,1.1744149856698722,62000
2003-02-28,1.1744149923324585,1.3099245056496949,1.1292452263555244,1.2286188191979965,108200
2003-03-03,1.228618860244751,1.228618860244751,1.1473131710767221,1.1744150315683248,28800
2003-03-04,1.1924829483032227,1.1924829483032227,1.0840754075483843,1.1563470295894687,68200
2003-03-05,1.1021435260772705,1.138279344082023,1.0389057368757215,1.0479396913769097,67000
2003-03-06,1.0118036270141602,1.1292451146277143,1.0118036270141602,1.0840753531198881,85100
2003-03-07,1.1021435260772705,1.201517133283572,1.0027699188709691,1.0840756170748944,116900
2003-03-10,0.9756678342819214,1.1021432763325618,0.9756678342819214,0.993735739190126,84500
2003-03-11,0.9666338562965393,1.0660073306669562,0.9575997963878417,0.9756678085120318,130800
2003-03-12,0.9124302268028259,0.9937359214991531,0.8672604023989346,0.9575999973601034,28500
2003-03-13,0.9847017526626587,0.9937357048041616,0.8762942192714192,0.903396075695928,27500
2003-03-14,1.093109369277954,1.1744149447416934,0.9304980029640504,0.9304980029640504,26300
2003-03-17,1.2015169858932495,1.2286188460722234,0.9666339822890383,0.9756679356820295,69800
2003-03-18,1.228618860244751,1.2376528137419518,1.1473131710767221,1.1473131710767221,53100
2003-03-19,1.2195850610733032,1.2557208796347175,1.1744151801783014,1.1744151801783014,69200
2003-03-20,1.0569735765457153,1.2376528701042493,1.0479396226371112,1.1563471772335865,72900
2003-03-21,1.1473132371902466,1.2286189310434876,1.047939635301447,1.1744150992435847,101600
2003-03-24,1.066007375717163,1.192482927465412,1.066007375717163,1.192482927465412,44900
2003-03-25,1.1202113628387451,1.210551009717978,1.0479396237967138,1.0840755471643422,58900
2003-03-26,1.093109369277954,1.3008904997383797,1.093109369277954,1.1563470390830846,35400
2003-03-27,1.0840754508972168,1.1021433571299677,0.9214640794160263,1.0840754508972168,55600
2003-03-28,1.0840754508972168,1.1744149820609715,1.06600743697125,1.0750414977808413,51700
2003-03-31,1.093109369277954,1.138279133424476,1.0298715917796109,1.0389055446089153,49700
2003-04-01,1.1382791996002197,1.1382791996002197,1.0298716516529027,1.0298716516529027,28200
2003-04-02,1.2466868162155151,1.2466868162155151,1.047939616082827,1.047939616082827,58600
2003-04-03,1.1202113628387451,1.2557207793109815,1.1202113628387451,1.2557207793109815,52400
2003-04-04,1.0479397773742676,1.1563473479780362,1.0479397773742676,1.1202115270078603,63900
2003-04-07,1.066007375717163,1.102143293799467,1.0479394705226162,1.0479394705226162,25900
2003-04-08,1.066007375717163,1.120211198994014,1.0208376127307957,1.0750414360076463,36700
2003-04-09,1.0389055013656616,1.0840753713252518,1.0118036440058324,1.0840753713252518,79600
2003-04-10,1.0298715829849243,1.0660073939935566,1.0118036774806083,1.0118036774806083,113400
2003-04-11,1.0389055013656616,1.066007358725491,0.9756678341927266,1.066007358725491,32500
2003-04-14,1.0479397773742676,1.0750417507951406,0.9666341801913723,1.0389058221317238,32300
2003-04-15,0.9485659599304199,1.0569735074390294,0.9485659599304199,1.038905600803131,68900
2003-04-16,1.0208375453948975,1.0569733534004222,0.9756677853879916,1.0389054493976597,50000
2003-04-17,0.9937358498573303,1.0840754921522187,0.9847018963971635,1.0840754921522187,85700
2003-04-21,1.0479397773742676,1.0569737326168116,0.9937360459190041,1.0389058221317238,91600
2003-04-22,1.0479397773742676,1.0660076878593554,0.9937360459190041,0.9937360459190041,30300
2003-04-23,1.0298715829849243,1.0389055357370824,0.993735771976292,1.0118036774806083,44000
2003-04-24,1.0298715829849243,1.0389055357370824,0.984701819224134,1.0208376302327662,200700
2003-04-25,1.0027697086334229,1.1202112002196862,0.9485658852972652,1.0389055190620546,56500
2003-04-28,0.9485659599304199,1.04793955412108,0.9124301466586229,0.9575999132483691,81100
2003-04-29,0.9756678342819214,1.0389055014606374,0.9395319167723041,0.9395319167723041,53400
2003-04-30,0.9395319819450378,1.0027697612035917,0.9033961696219873,0.9304980288642752,137900
2003-05-01,0.9666338562965393,0.9847017607275242,0.8943621308793945,0.8943621308793945,18500
2003-05-02,1.0118036270141602,1.0298715316172906,0.9304979486068671,0.9666338655063341,21700
2003-05-05,0.9937358498573303,1.0479395706183312,0.9847018963971635,1.0389056171581643,25900
2003-05-06,0.9575999975204468,1.0118038298914835,0.9395320892945105,0.9575999975204468,55500
2003-05-07,1.2557207345962524,1.309924563870948,0.9847019113024391,1.0840755085616964,215600
2003-05-08,1.0840754508972168,1.2557206678015669,1.0389055776221234,1.2557206678015669,85000
2003-05-09,1.0840754508972168,1.1473131227118452,0.9666339526911196,1.0840754508972168,58900
2003-05-12,1.0569735765457153,1.0840755459647533,1.0027698530940905,1.038905668728507,35200
2003-05-13,1.1382791996002197,1.1924830274204876,1.047939558361919,1.0569735117164272,44300
2003-05-14,1.1744149923324585,1.192483006416449,1.1021433667693639,1.1834489455278454,54200
2003-05-15,1.1834489107131958,1.2466866889137944,1.1292451931354375,1.192482971336036,82900
2003-05-16,1.1653810739517212,1.2195849024365468,1.0931094462295805,1.102143399694848,179100
2003-05-19,1.1473132371902466,1.2195849770257083,1.129245329154688,1.1653811452258054,78000
2003-05-20,1.1292451620101929,1.1653809727326916,1.0931093512876942,1.1292451620101929,52500
2003-05-21,1.1202113628387451,1.1653811324317487,1.1021434550015436,1.156347178513148,60100
2003-05-22,1.1111774444580078,1.120211398665534,1.0389057031045696,1.120211398665534,117900
2003-05-23,1.0840754508972168,1.1021433571299677,1.06600743697125,1.1021433571299677,68700
2003-05-27,1.0840754508972168,1.1021433571299677,1.0389055776221234,1.0840754508972168,128300
2003-05-28,1.1834489107131958,1.2557206418434208,1.0840754284873055,1.1111772872761847,215800
2003-05-29,1.2557207345962524,1.3189585174678604,1.2105509666116907,1.219584920208603,159000
2003-05-30,1.1744149923324585,1.3189584588450818,1.1292452263555244,1.2466867255887701,153900
2003-06-02,1.1563471555709839,1.2828226156153204,1.1382792480922534,1.2737886618759553,90500
2003-06-03,1.2557207345962524,1.2647546881931646,1.1744150445308197,1.1744150445308197,75900
2003-06-04,1.309924602508545,1.3279925102353014,1.2105510023181594,1.2557207716350507,158000
2003-06-05,1.4183320999145508,1.5357736031411147,1.3008905966879871,1.3099245501905519,269900
2003-06-06,1.4906038045883179,1.4996377585554475,1.400264157223796,1.4815698506211883,113000
2003-06-09,1.400264024734497,1.5809433023681425,1.400264024734497,1.5267395836939786,53900
2003-06-10,1.2376526594161987,1.4002639097826655,1.228618707045462,1.4002639097826655,81500
2003-06-11,1.32799232006073,1.34606022520008,1.237652686670771,1.246686639240446,56500
2003-06-12,1.2918565273284912,1.3550943091400434,1.2918565273284912,1.2918565273284912,28400
2003-06-13,1.3008904457092285,1.3550941604338425,1.291856385561918,1.291856385561918,81300
2003-06-16,1.309924602508545,1.3460604179620579,1.2647547254984288,1.3370264640986798,57300
2003-06-17,1.2647546529769897,1.3189584807424193,1.2466867462862528,1.3099245273970508,71600
2003-06-18,1.2376526594161987,1.309924386075299,1.2195847546747254,1.2647545165284086,31100
2003-06-19,1.228618860244751,1.2737886277307555,1.21958490674755,1.21958490674755,59100
2003-06-20,1.2737884521484375,1.3099243688493927,1.1834488219358577,1.219584738636813,80100
2003-06-23,1.1924829483032227,1.3460602528337389,1.1924829483032227,1.2918564286097138,41100
2003-06-24,1.2015169858932495,1.255720706251197,1.1924830325002582,1.2015169858932495,27400
2003-06-25,1.2376526594161987,1.255720564157672,1.1924828975625155,1.201516849933252,24700
2003-06-26,1.2105510234832764,1.2376528855472566,1.192483115440623,1.219584977504603,37300
2003-06-27,1.1744149923324585,1.2376527723933832,1.1744149923324585,1.201516959611836,158900
2003-06-30,1.093109369277954,1.2286187694107322,1.0840754164486497,1.2105508637521234,533700
2003-07-01,1.2195850610733032,1.2466869249943637,1.1292454069765336,1.2015171517925962,334900
2003-07-02,1.2015169858932495,1.219584892679232,1.156347111235074,1.2105509392862408,88300
2003-07-03,1.2015169858932495,1.219584892679232,1.1473131578420828,1.1473131578420828,18700
2003-07-07,1.1924829483032227,1.2195848065686292,1.1653809823446042,1.2015169010583582,50600
2003-07-08,1.2466868162155151,1.2466868162155151,1.1744150777054763,1.1744150777054763,65700
2003-07-09,1.228618860244751,1.2466867672391528,1.201516999753148,1.2376528137419518,55700
2003-07-10,1.2105510234832764,1.22861893152593,1.129245329598109,1.2105510234832764,71200
2003-07-11,1.2737884521484375,1.2737884521484375,1.1834488219358577,1.1834488219358577,87400
2003-07-14,1.4273661375045776,1.4273661375045776,1.219584979318564,1.2466868414228545,348500
2003-07-15,1.4273661375045776,1.5177056778522122,1.4002641677070602,1.4906038157479218,106400
2003-07-16,1.5357736349105835,1.6170792181155786,1.490603758770141,1.490603758770141,215200
2003-07-17,1.4635019302368164,1.608045300174475,1.355094375860266,1.599011346284198,105500
2003-07-18,1.4092979431152344,1.5719093105166617,1.3550942257769005,1.3821960844460675,52000
2003-07-21,1.3912299871444702,1.4273659050928993,1.3550941768892506,1.4002639397082752,28600
2003-07-22,1.4273661375045776,1.4273661375045776,1.355094397533243,1.355094397533243,34600
2003-07-23,1.4635019302368164,1.4635019302368164,1.4002641453116516,1.427366114675708,49400
2003-07-24,1.5719094276428223,1.5719094276428223,1.463501877195275,1.4725358307581355,46700
2003-07-25,1.5357736349105835,1.571909449668359,1.4544679440123656,1.571909449668359,42400
2003-07-28,1.9151999950408936,1.9151999950408936,1.553841615135712,1.553841615135712,359500
2003-07-29,2.186218738555908,2.6288828579646726,1.9242338911196564,2.032641325071309,1358400
2003-07-30,1.6351470947265625,2.0236075268360385,1.59901128064874,1.7977584734632057,911900
2003-07-31,1.8790639638900757,2.0145734754879463,1.599011203000003,1.599011203000003,250700
2003-08-01,1.716452717781067,1.933267916951178,1.716452717781067,1.933267916951178,69700
2003-08-04,1.6261131763458252,1.716452821185754,1.5899773614871429,1.716452821185754,122300
2003-08-05,1.5357736349105835,1.6170792181155786,1.5357736349105835,1.6170792181155786,92400
2003-08-06,1.5448074340820312,1.6170790563686774,1.5448074340820312,1.5448074340820312,181600
2003-08-07,1.5448074340820312,1.5719092924395235,1.5267395285103698,1.5448074340820312,122100
2003-08-08,1.4906038045883179,1.5448076360843213,1.4906038045883179,1.5448076360843213,90700
2003-08-11,1.6080451011657715,1.6080451011657715,1.472535701888784,1.4906036074332873,95600
2003-08-12,1.4996378421783447,1.6080454035221547,1.4996378421783447,1.6080454035221547,27000
2003-08-13,1.5086716413497925,1.5809433773705786,1.4815697807269557,1.4996376878088469,32600
2003-08-14,1.5357736349105835,1.6261131718050226,1.4725358513912534,1.6261131718050226,54700
2003-08-15,1.5357736349105835,1.6261131718050226,1.5177056198384729,1.5177056198384729,40500
2003-08-18,1.5538415908813477,1.6351471766289385,1.4996377593563943,1.526739728965484,80800
2003-08-19,1.5899772644042969,1.626113077056553,1.5448074985889768,1.553841451752041,76800
2003-08-20,1.5538415908813477,1.6351471766289385,1.4996377593563943,1.5899774067691659,117500
2003-08-21,1.6170791387557983,1.6803169191716711,1.5538414660331432,1.5538414660331432,127000
2003-08-22,1.5899772644042969,1.617079123893489,1.553841451752041,1.617079123893489,35000
2003-08-25,1.5719094276428223,1.589977334768543,1.5538415205171012,1.5538415205171012,31500
2003-08-26,1.5538415908813477,1.5990113607411205,1.5357736829374387,1.5990113607411205,66900
2003-08-27,1.5538415908813477,1.6170792686850295,1.5357736829374387,1.5357736829374387,68200
2003-08-28,1.689350962638855,1.7616227001605491,1.553841549017249,1.6170792251171608,478200
2003-08-29,1.8790639638900757,1.8971318700516009,1.626113062242291,1.626113062242291,271600
2003-09-02,1.842928171157837,1.9784376841962092,1.743554578519865,1.9332679183122294,162000
2003-09-03,2.0055394172668457,2.0778110381241093,1.8158261971301086,1.8429280549515825,276500
2003-09-04,3.297396183013916,3.505177324156515,1.9423018966333645,2.032641429570827,2478400
2003-09-05,3.017343282699585,3.2973962732417834,2.9631395614539113,3.234158383068722,651900
2003-09-08,2.7282564640045166,3.062513164766095,2.1681509321694863,2.3126941840564954,399800
2003-09-09,2.9179697036743164,2.9812073765088507,2.7101885632601252,2.7463243763084306,200600
2003-09-10,2.8908674716949463,2.9360372321898156,2.8005277353188,2.9360372321898156,153400
2003-09-11,3.080580711364746,3.207056041990465,2.7824598584027322,2.7824598584027322,167900
2003-09-12,3.071547269821167,3.2070565751628255,2.9541056564719503,3.008309378608614,87700
2003-09-15,3.5684151649475098,3.9749435130479887,3.062513325944732,3.1889886780022034,384700
2003-09-16,3.7852301597595215,3.9117055081477328,3.613584828703366,3.7852301597595215,156100
2003-09-17,3.812331438064575,4.128520424782756,3.6316523863166195,3.79426353288978,396700
2003-09-18,4.553116798400879,4.634422593977891,3.8032980238173866,3.8394338372354193,1231200
2003-09-19,4.426641464233398,4.833169581747813,4.1646566008089305,4.516980998039616,849200
2003-09-22,4.1556220054626465,4.6524900365520985,3.7942634765587573,4.516980534366536,446600
2003-09-23,4.670557498931885,4.670557498931885,4.011078386167895,4.291131101071398,575200
2003-09-24,4.977713108062744,5.2396979631425875,4.652490365946336,4.670558272132088,535100
2003-09-25,5.420377254486084,5.691396289519541,5.0680528535608955,5.393275178673586,544200
2003-09-26,5.158391952514648,6.079855990697724,5.059018257294783,5.9262785792050705,1190900
2003-09-29,4.5982866287231445,5.474580721334275,4.3182338685943735,5.420377002997048,597900
2003-09-30,4.291131973266602,4.589252651959358,3.875569684551585,4.4898789488041455,647500
2003-10-01,4.489879131317139,4.661524468917908,4.336302132090773,4.4989133005043405,253600
2003-10-02,4.652490139007568,4.742829665529758,4.4266411073156755,4.607320160360053,229000
2003-10-03,4.878340244293213,5.0319176885656915,4.598287435055785,4.598287435055785,297500
2003-10-06,5.059018611907959,5.384241363114098,5.059018611907959,5.248731847547134,240100
2003-10-07,5.46554708480835,5.4926487290920685,4.842203666235531,5.131290169383828,302700
2003-10-08,5.673328399658203,5.673328399658203,5.321003566898851,5.4836151607179,343200
2003-10-09,5.510716438293457,5.87207498506757,5.492648532493394,5.817871267667382,296400
2003-10-10,5.510716438293457,5.7365654761806715,5.34810528609289,5.546852249893583,91200
2003-10-13,5.87207555770874,5.962415095518911,5.357139546031424,5.465547422176524,196500
2003-10-14,6.667062759399414,6.730300205374335,5.926277864764104,5.962413671256285,763000
2003-10-15,6.703199863433838,6.956150557842921,6.323773391047338,6.8748451928835825,499800
2003-10-16,7.218134880065918,7.227169048147067,6.414112444075953,6.648995644911698,545500
2003-10-17,6.865810871124268,7.7511391433727175,6.685131807715551,7.317509391191795,1262300
2003-10-20,6.956150531768799,7.172965842651045,6.730301482935099,6.865810998389894,354700
2003-10-21,6.865810871124268,7.082626177987596,6.748369264522168,6.99228621551037,175000
2003-10-22,6.3599090576171875,6.775471333890998,5.962414687669505,6.757403427564871,526900
2003-10-23,5.998551368713379,6.359909978321567,5.826906018380167,5.962415550829853,216600
2003-10-24,5.601056098937988,5.962414654205279,5.311969599342446,5.944346747980558,422200
2003-10-27,5.330037593841553,5.610090360349311,5.330037593841553,5.592022453825354,290400
2003-10-28,5.682362079620361,5.754633706901243,5.004814927702771,5.420377215340723,537900
2003-10-29,5.772701263427734,5.926278677466806,5.64622592336085,5.64622592336085,155700
2003-10-30,5.492649078369141,6.016618829417489,5.275834187220679,5.817871845864731,197900
2003-10-31,5.555886268615723,5.60105581651349,5.330037236808359,5.492648384631438,194900
2003-11-03,5.537818431854248,5.709463749845368,5.4113426623200445,5.546852169236493,87300
2003-11-04,5.537818431854248,5.537818431854248,4.9777129294239675,5.293901491713781,388100
2003-11-05,5.817870616912842,5.817870616912842,5.330036784104657,5.420376303000098,147800
2003-11-06,6.03468656539917,6.052754472481061,5.754633790243414,5.835939587498366,212400
2003-11-07,6.215366363525391,6.323773811188845,5.917245667064439,5.917245667064439,147400
2003-11-10,5.664294242858887,6.251501867938244,5.601056352819519,5.98951700041825,85100
2003-11-11,5.510716438293457,5.709463832867003,5.465546889179726,5.646225947180357,79800
2003-11-12,5.46554708480835,5.601056167772679,5.420377103304994,5.46554708480835,137600
2003-11-13,5.528784275054932,5.8720749117422715,5.420376841608251,5.420376841608251,113200
2003-11-14,5.601056098937988,5.872075123081673,5.564920286488546,5.564920286488546,83600
2003-11-17,5.330037593841553,5.7365657060170046,5.104188546905664,5.655260342045636,137500
2003-11-18,5.2939019203186035,5.510716804320406,5.239698199318153,5.510716804320406,51100
2003-11-19,5.2125959396362305,5.321003377814704,5.203562201841125,5.248731752362389,40700
2003-11-20,5.149358749389648,5.3300382682638885,5.095155022959254,5.230664554421702,39600
2003-11-21,4.977713108062744,5.185493813812467,4.9325431272119316,5.104188451363012,80200
2003-11-24,4.670557498931885,5.0319159935977185,4.489878036212572,4.9686781170300405,260600
2003-11-25,4.8693060874938965,5.031917702234932,4.562151628887489,4.598287447547066,112200
2003-11-26,4.977713108062744,5.194527982291775,4.715727822210038,4.715727822210038,112900
2003-11-28,4.995780944824219,5.357139063517627,4.9686788705357845,5.013848850758889,53000
2003-12-01,4.923508644104004,5.077086052255224,4.8602711918813855,5.013848600032605,43600
2003-12-02,4.9686784744262695,5.049984260036912,4.878338951954902,4.878338951954902,70300
2003-12-03,5.122256755828857,5.149358401828338,4.914475603150288,5.013849310285142,84000
2003-12-04,5.040951251983643,5.122257056297224,4.932543800080814,5.059019160634113,47500
2003-12-05,5.682362079620361,5.917245299056107,4.932543300421888,4.932543300421888,343900
2003-12-08,5.149358749389648,5.826905975928966,5.131290840579517,5.691396875239443,119400
2003-12-09,4.9325432777404785,5.122256513866872,4.8783395575290625,5.122256513866872,126900
2003-12-10,4.661524295806885,4.896407516676723,4.589252668084744,4.896407516676723,232500
2003-12-11,4.5350494384765625,4.715728527350956,4.327268270884546,4.589253165138881,162200
2003-12-12,4.670557498931885,4.932542310640736,4.607319622364207,4.661523331948163,123000
2003-12-15,4.5169806480407715,5.1132219557348435,4.426641121234525,5.031916596995643,99800
2003-12-16,4.453742980957031,4.652490380390192,4.291131824780425,4.516980868189922,60500
2003-12-17,4.507946968078613,4.526015306169083,4.30016624931289,4.363403709537975,68800
2003-12-18,4.760898590087891,4.788000669233212,4.254996702483009,4.254996702483009,106500
2003-12-19,4.923508644104004,4.9867465270994575,4.634422163605554,4.634422163605554,48900
2003-12-22,4.9686784744262695,5.122255878014006,4.860271047460628,4.9686784744262695,93700
2003-12-23,4.833170413970947,5.1945290421909975,4.652491315247397,5.013849943467448,108300
2003-12-24,4.9686784744262695,4.9686784744262695,4.706693643872892,4.706693643872892,31600
2003-12-26,4.860270977020264,4.869304713750062,4.598286150263857,4.598286150263857,27300
2003-12-29,4.9686784744262695,4.9686784744262695,4.607319953767977,4.607319953767977,154800
2003-12-30,5.031917095184326,5.0499850023344015,4.806068040421934,4.806068040421934,76800
2003-12-31,4.923508644104004,4.968678622068305,4.806067476787926,4.806067476787926,60500
2004-01-02,4.959643840789795,5.104187493935636,4.8783384935913405,5.104187493935636,55800
2004-01-05,4.8512372970581055,5.0590184319988944,4.733795692358342,4.968678901757869,45800
2004-01-06,5.149358749389648,5.1945287368014395,4.65249104172457,4.697660598363436,204100
2004-01-07,5.059018611907959,5.375207194382292,4.968679078454274,5.194528127474923,92500
2004-01-08,5.284868240356445,5.456513588123913,4.968679623215498,4.977713792937801,136800
2004-01-09,5.23969841003418,5.519751195185355,5.059018901993715,5.284867963964621,55600
2004-01-12,5.420377254486084,5.872075359026591,5.284867736969356,5.872075359026591,288500
2004-01-13,5.420377254486084,5.691396289519541,5.302935643920061,5.564920510091724,89800
2004-01-14,5.573954105377197,5.781735229315455,5.420376696713332,5.420376696713332,102100
2004-01-15,5.890143394470215,6.025652914943071,5.429411541789975,5.664294337273086,135100
2004-01-16,6.179229736328125,6.278603001585839,5.890142816408692,5.944346533123676,235800
2004-01-20,5.944346904754639,6.459282891899231,5.854007371248449,6.305705469552271,253900
2004-01-21,6.097924709320068,6.314739603324901,5.700430306204975,6.007585170151389,220100
2004-01-22,6.007584095001221,6.296670568604497,5.872074595113272,6.296670568604497,110400
2004-01-23,5.817870616912842,6.134059148433287,5.655259482901049,5.926278039587371,132300
2004-01-26,6.0527544021606445,6.125026460421443,5.73656581651456,5.772701630258519,235100
2004-01-27,5.998551368713379,6.079857174337777,5.772702291554878,5.962415550829853,134400
2004-01-28,5.564919948577881,6.088889628051404,5.420376707557002,6.052753817796184,105200
2004-01-29,5.546851634979248,6.061787539355424,5.4294104756845885,6.016617564476305,166700
2004-01-30,5.619124889373779,5.682362786497689,5.47458161683105,5.47458161683105,64400
2004-02-02,5.6462273597717285,5.718499001053133,5.42037826538086,5.42037826538086,82800
2004-02-03,5.97144889831543,5.98951680476893,5.628158244926064,5.673328226446248,135900
2004-02-04,6.639962196350098,6.775471716841507,5.872075487929306,5.971449193726057,469500
2004-02-05,6.125025272369385,6.576723287327302,5.9714478783600455,6.323772209410838,213700
2004-02-06,6.007584095001221,6.197297308689783,5.745599262911839,6.125025690288964,114400
2004-02-09,5.953381061553955,6.061788501544004,5.79980363951495,6.00758478154898,91600
2004-02-10,5.908210754394531,6.188263507678161,5.872074943052957,5.872074943052957,68400
2004-02-11,5.673328399658203,5.953381173624155,5.420377270813505,5.92627909773002,144100
2004-02-12,5.555886268615723,5.8088369430071785,5.465546742047345,5.465546742047345,45600
2004-02-13,5.555886268615723,5.763667395109411,5.501682552674696,5.763667395109411,63400
2004-02-17,5.4294114112854,5.637192125370444,5.4294114112854,5.528784683907061,114000
2004-02-18,5.257765769958496,5.564920169311184,5.257765769958496,5.4294110908655435,118900
2004-02-19,5.573954105377197,5.709463608949598,5.239697645798689,5.239697645798689,85900
2004-02-20,5.59202241897583,5.59202241897583,5.239698028567935,5.375207111266679,104400
2004-02-23,5.2667999267578125,5.510716890458972,5.149358314034653,5.474581075893829,66900
2004-02-24,5.113222122192383,5.275833706510182,4.932543062698003,5.149357934091259,113600
2004-02-25,5.02288293838501,5.149358288741782,5.0138492001745405,5.077086659966484,64400
2004-02-26,6.03468656539917,6.097924455572231,5.3842414796782005,5.917245384753319,898300
2004-02-27,6.170196056365967,6.405079278155297,5.8720753754586505,5.980482817466242,220700
2004-03-01,6.106958389282227,6.278603284562626,5.926278894649534,6.278603284562626,53600
2004-03-02,5.863041400909424,6.179230430071369,5.781736032095203,5.971449277283212,62100
2004-03-03,5.87207555770874,6.034686725767047,5.682362312920934,5.808837665855173,35100
2004-03-04,5.790769100189209,6.143093903767538,5.691395835277949,5.799803268329967,112300
2004-03-05,5.781734943389893,5.917244440260909,5.637191279033495,5.790768680102459,64300
2004-03-08,5.863041400909424,6.052754646097433,5.664294417307789,5.962415108096689,41300
2004-03-09,5.863041400909424,5.953381369683063,5.664294417307789,5.953381369683063,54000
2004-03-10,5.6371917724609375,5.826904998531531,5.573954317619307,5.691395920572124,160600
2004-03-11,5.619124889373779,5.6913969564180755,5.601056980305938,5.655261138282393,56800
2004-03-12,5.528784275054932,5.736565404547496,5.528784275054932,5.601055897352719,34800
2004-03-15,5.537818431854248,5.799803277532051,5.528784263699156,5.73656539276495,57500
2004-03-16,5.908210754394531,6.034686094090043,5.601055927218296,5.763667509028233,97800
2004-03-17,5.944346904754639,6.179230122643606,5.899177353387981,6.179230122643606,39400
2004-03-18,6.341841220855713,6.621893987369073,6.070822192218076,6.07985636086667,315300
2004-03-19,6.341841220855713,6.639961893893391,6.233433781709807,6.504452379574572,208700
2004-03-22,5.908210754394531,6.314738847373673,5.899177016945563,6.179229770229193,74600
2004-03-23,5.87207555770874,5.962415095518911,5.87207555770874,5.9262792803948425,41600
2004-03-24,5.736566066741943,5.953381389436002,5.7094644206382466,5.872075589579118,118200
2004-03-25,5.87207555770874,5.9895171722484095,5.483615329738559,5.54685279081923,39500
2004-03-26,5.87207555770874,5.980483003080945,5.826905573417207,5.87207555770874,41800
2004-03-29,5.890143394470215,5.989517100253361,5.646226429928231,5.655260598987104,35900
2004-03-30,5.87207555770874,5.935313449562307,5.7817360198985694,5.790769758293139,24700
2004-03-31,6.097924709320068,6.22440006415622,5.700430306204975,5.826905661041127,77400
2004-04-01,6.242467403411865,6.296671121976075,6.097924153907305,6.269569478080402,50600
2004-04-02,6.125025272369385,6.323772209410838,6.09792320193188,6.323772209410838,16400
2004-04-05,6.097924709320068,6.296671695491164,5.81787192251071,5.854007738178182,29800
2004-04-06,6.341841220855713,6.341841220855713,6.0075847347694,6.097924267390988,45900
2004-04-07,6.0437211990356445,6.549623067000894,6.025653290564489,6.45928352464512,136900
2004-04-08,6.251501560211182,6.459282696372172,5.998550443277986,6.323773184828419,71200
2004-04-12,6.215366363525391,6.4321812588522995,6.143094731749755,6.323773811188845,67800
2004-04-13,5.989516735076904,6.486384372153197,5.926278847839035,6.486384372153197,105800
2004-04-14,5.9624152183532715,6.161162636403026,5.872075678681975,5.872075678681975,48200
2004-04-15,5.989516735076904,6.115992078779778,5.881109297617298,5.881109297617298,25500
2004-04-16,6.143094539642334,6.242467814839771,5.962415035080564,5.962415035080564,56600
2004-04-19,6.016618728637695,6.143094510462029,5.881109639326164,5.91724545391229,66500
2004-04-20,5.944346904754639,6.097924327101598,5.917245260089219,5.971448980192933,37600
2004-04-21,6.0527544021606445,6.134060198470993,5.826905350874458,5.872075333440847,31600
2004-04-22,5.9624152183532715,6.052754758024567,5.7456003231421615,6.052754758024567,71100
2004-04-23,5.899177551269531,6.15212825357182,5.872075474922127,5.872075474922127,36600
2004-04-26,5.808836936950684,6.152127568325432,5.790769031655847,5.917244799492549,45500
2004-04-27,5.754633903503418,5.86304134812839,5.745600165171117,5.8088376258159045,69400
2004-04-28,5.65526008605957,5.826904974881192,5.610090106407869,5.781735426002341,157300
2004-04-29,5.4294114112854,5.655260463053887,5.339071445959702,5.610090480391038,108200
2004-04-30,5.863041400909424,5.863041400909424,5.248732111731475,5.293902096118295,108600
2004-05-03,5.673328399658203,5.90821119072489,5.348105642792986,5.411343101924499,47400
2004-05-04,5.46554708480835,5.808837307296952,5.420377103304994,5.601056167772679,36500
2004-05-05,5.546851634979248,5.6371911539646815,5.420376308399643,5.4294104756845885,25100
2004-05-06,5.302935600280762,5.447479285469793,5.203562328256094,5.4294113786677745,66100
2004-05-07,5.257765769958496,5.348105299179875,5.09515418658716,5.194527884117104,18200
2004-05-10,5.167426109313965,5.239698167650653,5.077086574859205,5.194528185036833,22100
2004-05-11,5.113222122192383,5.185493745990135,5.059018404344069,5.149357934091259,55700
2004-05-12,5.086121082305908,5.167426453341759,4.995781541836681,5.167426453341759,17700
2004-05-13,5.004814624786377,5.059018341966358,4.869305116449996,4.968678813333056,37800
2004-05-14,4.652490139007568,4.8873729079652595,4.516980633837864,4.7879996441772725,69500
2004-05-17,4.806067943572998,4.869305401937498,4.372437749936541,4.516981004224401,101800
2004-05-18,4.616353988647461,4.778965124419659,4.444708685501514,4.643455629223088,53500
2004-05-19,4.8693060874938965,5.059019350843147,4.598287447547066,4.598287447547066,53500
2004-05-20,4.751863956451416,4.797033505494173,4.607320279505178,4.797033505494173,17100
2004-05-21,4.788000583648682,4.833170140386242,4.480845702432395,4.788000583648682,42900
2004-05-24,4.8512372970581055,4.887373109154516,4.715727786310137,4.715727786310137,36000
2004-05-25,4.8512372970581055,4.887373109154516,4.742829860768874,4.8241356533722275,45800
2004-05-26,5.059018611907959,5.059018611907959,4.616354682598467,4.697660047320346,103800
2004-05-27,5.104187488555908,5.104187488555908,4.968678002337599,5.0138479746679625,121200
2004-05-28,5.601056098937988,5.601056098937988,5.068052649922276,5.104188462371718,83700
2004-06-01,5.46554708480835,5.46554708480835,5.077086450043522,5.284867589567796,34100
2004-06-02,5.104187488555908,5.537817585990828,4.968678002337599,5.537817585990828,52300
2004-06-03,5.031917095184326,5.131290369123301,5.031917095184326,5.104188723784629,9300
2004-06-04,5.149358749389648,5.3210040984723594,4.93254384366807,4.986747570098465,25900
2004-06-07,5.564919948577881,5.763667335754427,4.78799959731782,4.968678648593919,148900
2004-06-08,5.420377254486084,5.501683051150698,5.348105626683264,5.501683051150698,54000
2004-06-09,5.420377254486084,5.691396289519541,5.275833998880444,5.275833998880444,337600
2004-06-10,5.6462273597717285,5.673329440638736,5.284868722591746,5.42037826538086,36800
2004-06-14,5.510716438293457,5.673328021266878,5.357139023606495,5.537818512379978,22400
2004-06-15,5.46554708480835,5.844973120190489,5.447479178361581,5.510716635538837,65400
2004-06-16,5.555886268615723,5.646225795184099,5.555886268615723,5.646225795184099,50000
2004-06-17,5.510716438293457,5.646225947180357,5.510716438293457,5.537818512379978,148400
2004-06-18,5.781734943389893,5.854006560181684,5.4203764286581215,5.447478500341451,32400
2004-06-21,5.555886268615723,5.8088369430071785,5.528784195258789,5.799803205736762,42000
2004-06-22,5.573954105377197,5.637191557810904,5.537818295194269,5.582987842536511,42500
2004-06-23,5.5829877853393555,5.628157762991673,5.546851975526635,5.555886143366231,26800
2004-06-24,5.573954105377197,5.582987842536511,5.474580411987725,5.510716222170654,27000
2004-06-25,5.718498706817627,5.781736605071539,5.42941215656646,5.43844589587534,67300
2004-06-28,5.781734943389893,5.854006560181684,5.655259614004258,5.655259614004258,74500
2004-06-29,5.844973564147949,5.872075641263086,5.655260747433596,5.700430301594955,70200
2004-06-30,5.826904773712158,5.980482182298388,5.781735226392749,5.781735226392749,134000
2004-07-01,5.908210754394531,6.007584450970287,5.745599603357445,6.007584450970287,48000
2004-07-02,6.088890075683594,6.450248635574344,5.790769403774907,5.899177273283141,118600
2004-07-06,6.26053524017334,6.387011012860133,6.043720368320881,6.206331522210225,199100
2004-07-07,5.97144889831543,6.3237732895451115,5.91724517895493,6.188263775757428,244000
2004-07-08,5.980482578277588,6.079856278196549,5.899177215410133,5.971448840524699,39800
2004-07-09,6.134059906005859,6.233433604450161,5.926278771498426,5.926278771498426,3700
2004-07-12,5.6462273597717285,6.025653907272063,5.6462273597717285,6.025653907272063,28300
2004-07-13,3.5322792530059814,4.4266415080951464,3.116716962606873,4.4266415080951464,1672500
2004-07-14,3.270294189453125,3.6677885750820565,3.125750933141835,3.5684150863680446,1032600
2004-07-15,3.5051772594451904,3.5955167907148367,3.261260094244281,3.261260094244281,394600
2004-07-16,3.4238717555999756,3.6135850027037546,3.252226416278799,3.5864831410298503,84600
2004-07-19,3.098649501800537,3.523245806801839,3.089615547029721,3.387736269853125,112300
2004-07-20,2.8366641998291016,3.2341583693283966,2.6469509608887987,3.1257509272976183,432600
2004-07-21,2.827630043029785,3.0715469854486988,2.7463242519658633,2.972173288678667,162000
2004-07-22,2.9721734523773193,3.11671692137366,2.746324403225408,2.746324403225408,94400
2004-07-23,2.9450716972351074,3.2883623675602376,2.899901928872971,3.252226337484083,55700
2004-07-26,2.800528049468994,2.9360375615408363,2.800528049468994,2.9360375615408363,50300
2004-07-27,2.710188627243042,2.8818339586611805,2.5656451562509615,2.728256534193747,269600
2004-07-28,2.6650187969207764,2.6830867034447325,2.6198490306108857,2.6198490306108857,56200
2004-07-29,2.61984920501709,2.8185961900114114,2.6108152511537117,2.6650189743339814,103900
2004-07-30,2.8185958862304688,2.8185958862304688,2.6198489226565784,2.6198489226565784,61600
2004-08-02,2.701154947280884,2.9179700680300216,2.683087038500661,2.9179700680300216,65000
2004-08-03,2.710188627243042,2.7553583946198046,2.6830867668169844,2.710188627243042,28300
2004-08-04,2.710188627243042,2.8999018656118856,2.710188627243042,2.8999018656118856,24200
2004-08-05,2.710188627243042,2.836664191284418,2.692120720292337,2.836664191284418,86600
2004-08-06,2.701154947280884,2.7553586736215525,2.6921209928907723,2.6921209928907723,38700
2004-08-09,2.6650187969207764,2.7372904230166015,2.6650187969207764,2.7011546099686887,94200
2004-08-10,2.68308687210083,2.7101887335903596,2.646951056781457,2.646951056781457,20100
2004-08-11,2.6379170417785645,2.6650189026396047,2.6288830881582177,2.6650189026396047,37700
2004-08-12,2.6108150482177734,2.6288829545401304,2.6108150482177734,2.619849001378952,15600
2004-08-13,2.628882884979248,2.6650186966678,2.5837129049821317,2.637916837901386,28300
2004-08-16,2.710188627243042,2.7372904876690995,2.6288830459648693,2.7372904876690995,59600
2004-08-17,2.710188627243042,2.7914942085212147,2.5837130632016665,2.710188627243042,57500
2004-08-18,2.6740527153015137,2.7192224810221948,2.646950855869105,2.7192224810221948,28400
2004-08-19,2.65598464012146,2.71018835553951,2.646950687551785,2.646950687551785,36400
2004-08-20,2.565645217895508,2.7011547386681123,2.565645217895508,2.6740528775908805,55200
2004-08-23,2.6650187969207764,2.7011546099686887,2.6017811240869295,2.64695089039682,15200
2004-08-24,2.7463245391845703,2.7914943081738333,2.7011547701953074,2.7011547701953074,27000
2004-08-25,2.68308687210083,2.8908680255736736,2.674052918270987,2.6921208259306733,30900
2004-08-26,2.692120313644409,2.692120313644409,2.6017807925367746,2.6740524094228824,18100
2004-08-27,2.628882884979248,2.701154508356351,2.6198489320571103,2.6198489320571103,8200
2004-08-30,2.65598464012146,2.8005278812362593,2.520475136189917,2.6288827824124352,65900
2004-08-31,2.61984920501709,2.61984920501709,2.5475773587236143,2.61984920501709,32200
2004-09-01,2.7553582191467285,2.7553582191467285,2.50240732255942,2.6108149727462244,45500
2004-09-02,2.7914938926696777,2.7914938926696777,2.5204751036878554,2.7463241304037767,6900
2004-09-03,2.800528049468994,2.800528049468994,2.628882940334141,2.782460143244273,12100
2004-09-07,2.6740527153015137,2.800528059319421,2.5746790153295827,2.6288829495808326,49700
2004-09-08,2.8547322750091553,2.8547322750091553,2.6650190248926684,2.6650190248926684,30400
2004-09-09,3.2341582775115967,3.3154640721128743,2.82763016605095,2.8818338855275116,82900
2004-09-10,3.243192434310913,3.3154642802021113,3.16188684999307,3.243192434310913,23600
2004-09-13,3.3425657749176025,3.4690411144248925,3.2793281051639576,3.3154639164517548,26200
2004-09-14,3.3696680068969727,3.487109406600198,3.2522263918072984,3.2973963763103726,27200
2004-09-15,3.613584518432617,3.658754497222162,3.2612599331154115,3.2612599331154115,79100
2004-09-16,3.5864830017089844,3.5864830017089844,3.469041390297764,3.550347187547514,22500
2004-09-17,3.84846830368042,3.9297736747740553,3.559381343200526,3.6135850675205856,84400
2004-09-20,3.9026713371276855,3.9026713371276855,3.7581276670892163,3.8394334545625535,49600
2004-09-21,3.8213658332824707,3.9749432517873973,3.414837511901827,3.9568753455381627,87900
2004-09-22,3.7942638397216797,3.9026717103099444,3.6677884932703897,3.703924306542187,46300
2004-09-23,3.7852301597595215,3.857501787409928,3.6226189975461067,3.6316527356159676,27400
2004-09-24,3.830399990081787,3.830399990081787,3.6406871690959117,3.6406871690959117,29900
2004-09-27,3.84846830368042,3.84846830368042,3.6406871450670697,3.6406871450670697,28400
2004-09-28,3.721992015838623,3.7942636385503867,3.703924110160682,3.7490940897419596,14100
2004-09-29,3.7942638397216797,3.884603803674046,3.6587547553388773,3.6587547553388773,19800
2004-09-30,3.7400596141815186,3.8032974942442377,3.658754260698383,3.7039238057950548,13600
2004-10-01,3.84846830368042,3.884604119893793,3.6677887918406453,3.7400604242673916,29200
2004-10-04,3.884603977203369,3.90267188464638,3.767162363437352,3.884603977203369,35700
2004-10-05,4.056249141693115,4.0923853896608975,3.803298421329079,3.803298421329079,51500
2004-10-06,3.956876277923584,3.974944188430282,3.6497213685367496,3.9568762779235835,40300
2004-10-07,3.8032987117767334,3.875570351685648,3.758128721447185,3.7852308017995044,20200
2004-10-08,3.857501745223999,3.8755696519390086,3.658754771358893,3.658754771358893,22600
2004-10-11,3.7671616077423096,3.875569030653776,3.613584209897996,3.6316521137165734,24800
2004-10-12,3.857501745223999,3.857501745223999,3.613584789184931,3.613584789184931,11700
2004-10-13,3.7852301597595215,3.794263897829382,3.6316527356159676,3.6316527356159676,38400
2004-10-14,3.721992015838623,3.830399449906268,3.6406866556743145,3.830399449906268,7700
2004-10-15,3.66778826713562,3.785229868414622,3.66778826713562,3.66778826713562,3100
2004-10-18,3.6316521167755127,3.7852295147491843,3.613584212941716,3.640686284078814,25600
2004-10-19,3.7400596141815186,3.785229590051006,3.622618452311919,3.640686356505151,20000
2004-10-20,3.6316521167755127,3.649720020609309,3.622618380245018,3.649720020609309,6400
2004-10-21,3.550347328186035,3.7219924522523296,3.532279420389583,3.6316529132700692,37600
2004-10-22,4.291131973266602,4.471811041937096,3.7129585227481394,3.7219922607952247,153700
2004-10-25,4.1556220054626465,4.462776819646877,3.8394334542115556,4.254995697835104,50000
2004-10-26,3.9207394123077393,4.19175799770074,3.8394336213034133,4.19175799770074,25600
2004-10-27,3.839433431625366,3.947840860426956,3.8032976220248362,3.8032976220248362,10800
2004-10-28,3.9478416442871094,3.9478416442871094,3.8394341939607752,3.8394341939607752,9200
2004-10-29,4.282098293304443,4.282098293304443,3.7942643214285683,3.848468478990713,66800
2004-11-01,4.07431697845459,4.264029779938133,3.8394337648903236,3.875569577627462,16800
2004-11-02,4.110452651977539,4.110452651977539,3.5684148331190815,3.649720409023958,55100
2004-11-03,4.20079231262207,4.2730639379172075,3.8575016616973032,3.902671642893197,44500
2004-11-04,4.245961666107178,4.273063739722228,3.98397682117736,3.98397682117736,27500
2004-11-05,4.227894306182861,4.354370091676222,4.065283135827986,4.065283135827986,42500
2004-11-08,4.273064136505127,4.318234119800267,3.9839771911165816,3.9930113600847643,26700
2004-11-09,4.354369163513184,4.381470804075648,4.137553885149415,4.146588052518776,21700
2004-11-10,4.462777137756348,4.553116668728569,4.22789392645571,4.51698085633968,49500
2004-11-11,4.426641464233398,4.426641464233398,4.336301930427181,4.381471481943851,9200
2004-11-12,4.399539470672607,4.417607377770473,4.119486695269253,4.372437825412252,20500
2004-11-15,4.408574104309082,4.417607843423805,4.191758765507639,4.191758765507639,32600
2004-11-16,4.300166130065918,4.399539402170464,4.146588706738867,4.336301943699003,22000
2004-11-17,4.20079231262207,4.426641357055807,4.155622331426176,4.291131844240992,41600
2004-11-18,4.245961666107178,4.300165813337277,4.083350516735416,4.291131645207979,29600
2004-11-19,4.182724475860596,4.182724475860596,3.9388075210465257,4.083350774040679,47800
2004-11-22,4.002045154571533,4.137554675590099,3.866536064325859,3.8846039717434753,44900
2004-11-23,4.020112991333008,4.020112991333008,3.8484680892688745,3.884603903468996,30300
2004-11-24,4.011078834533691,4.02011257175443,3.83943351961127,3.83943351961127,73600
2004-11-26,3.983978033065796,4.020113855029474,3.8394347452110846,3.8394347452110846,13600
2004-11-29,4.1556220054626465,4.218859888021997,3.938807146584012,4.119486195649541,63400
2004-11-30,4.110452651977539,4.227893824009268,3.974943143416318,4.155622200982711,16700
2004-12-01,3.983978033065796,4.200793395620841,3.9388084709976874,3.9388084709976874,5500
2004-12-02,4.110452651977539,4.110452651977539,3.839433634855097,3.9839768809082114,30800
2004-12-03,4.20079231262207,4.20079231262207,3.8665358302456285,3.993011174512118,60900
2004-12-06,4.245961666107178,4.245961666107178,4.065282611249664,4.137554233192669,30700
2004-12-07,4.20079231262207,4.291131844240992,4.20079231262207,4.254996031593423,15900
2004-12-08,4.110452651977539,4.209825918252629,4.065282672199515,4.17369010673935,12200
2004-12-09,4.029147148132324,4.137554590406128,3.9749434269954222,4.002045072177432,18600
2004-12-10,3.911705255508423,4.065282669733108,3.839433632525713,4.065282669733108,28300
2004-12-13,3.9749433994293213,4.074317102877597,3.875569695981046,3.929773416742047,22500
2004-12-14,4.245961666107178,4.291131645207979,3.9297731047201063,3.9749430838209077,34200
2004-12-15,4.318233489990234,4.327267226867969,4.119486109406189,4.119486109406189,16200
2004-12-16,4.914475440979004,5.059018696934219,3.830399728996247,3.830399728996247,539300
2004-12-17,4.914475440979004,5.004814975951013,4.697660126273299,4.968679161962209,40700
2004-12-20,4.742830276489258,5.03191722937256,4.7066944612254575,4.968679337274461,32000
2004-12-21,4.751863956451416,4.842203485309781,4.697659808363544,4.842203485309781,12000
2004-12-22,4.616353988647461,4.769931387818719,4.3634029022290095,4.688625604546216,91000
2004-12-23,4.706693172454834,4.724761075139443,4.562149950977962,4.59828575634718,51000
2004-12-27,4.58021879196167,4.7157278744701046,4.562150885575687,4.562150885575687,25000
2004-12-28,4.553116798400879,4.652490500686906,4.444709358146781,4.444709358146781,9500
2004-12-29,4.706693172454834,4.706693172454834,4.498912076195441,4.51697997888005,111600
2004-12-30,4.679591655731201,4.806067420233839,4.56215048979708,4.56215048979708,180500
2004-12-31,4.788000583648682,4.833170140386242,4.426641975883568,4.6344231430405385,43900
2005-01-03,4.760898590087891,4.851238135950739,4.6073211467345825,4.788000669233212,30300
2005-01-04,4.652490139007568,4.914474981308337,4.526014801876504,4.6344222337031304,29300
2005-01-05,4.5350494384765625,4.878340138110838,4.498913620701684,4.580219426081625,56300
2005-01-06,4.471810817718506,4.526014966374713,4.444709174163259,4.516980798007726,15400
2005-01-07,4.697659969329834,4.8783394640104385,4.417607204886408,4.4627771862497765,33500
2005-01-10,4.769931793212891,4.923508774663771,4.598286475478892,4.598286475478892,22700
2005-01-11,4.8693060874938965,4.905441906153474,4.742830722185376,4.742830722185376,51400
2005-01-12,4.706693172454834,4.9686779767680544,4.51697997888005,4.824134755291182,148300
2005-01-13,4.742830276489258,4.815101907016859,4.571184938599756,4.661524476759258,47600
2005-01-14,4.833170413970947,4.833170413970947,4.616355495502687,4.616355495502687,77000
2005-01-18,5.23969841003418,5.330037948667963,4.661524501232173,4.697660316685686,141000
2005-01-19,5.149358749389648,5.402309903504414,5.149358749389648,5.293902450643626,101000
2005-01-20,5.330037593841553,5.330037593841553,4.9957811077619265,5.059018565209338,40200
2005-01-21,5.330037593841553,5.357139238241052,5.230663892573357,5.330037593841553,116700
2005-01-24,5.321003437042236,5.375207156734809,5.239698072889813,5.375207156734809,40600
2005-01-25,5.2939019203186035,5.375207286432839,5.275834013318454,5.2939019203186035,25800
2005-01-26,5.004814624786377,5.257765735732478,4.896407190426412,5.2487315674827215,61500
2005-01-27,5.203561782836914,5.321002949353828,4.887372800784085,4.887372800784085,48700
2005-01-28,5.23969841003418,5.284867963964621,5.059018901993715,5.284867963964621,26500
2005-01-31,5.185494422912598,5.375207675533587,5.059019064756242,5.375207675533587,41200
2005-02-01,5.23969841003418,5.420377487301745,5.1493584406274975,5.420377487301745,22700
2005-02-02,5.393275260925293,5.393275260925293,5.23969826488857,5.330037801019844,43900
2005-02-03,5.330037593841553,5.456512939509246,5.284867612145226,5.411342957812921,116000
2005-02-04,5.321003437042236,5.375207156734809,5.248731810785473,5.339071343606427,54200
2005-02-07,5.194527626037598,5.266799245824032,5.15839181614438,5.239697603790536,18000
2005-02-08,5.131290435791016,5.239698310872834,5.077086713636552,5.221630403488013,15300
2005-02-09,5.221630096435547,5.284867553177363,5.031916864664366,5.06805267730908,99200
2005-02-10,5.149358749389648,5.1945287368014395,5.0228833877187276,5.0228833877187276,43400
2005-02-11,5.140324115753174,5.230663644081212,5.068052493090743,5.068052493090743,18600
2005-02-14,5.049984931945801,5.239698169763746,4.923509152885251,5.239698169763746,28500
2005-02-15,5.194527626037598,5.239697603790536,5.022882313658398,5.049984386464727,24100
2005-02-16,5.194527626037598,5.2848671507706415,5.15839181614438,5.239697603790536,34700
2005-02-17,5.23969841003418,5.311970040941206,5.221630502307423,5.311970040941206,43900
2005-02-18,5.23969841003418,5.311970040941206,5.131290532900741,5.131290532900741,43400
2005-02-22,5.257765769958496,5.284867413338483,5.230663695805656,5.248731601649931,26700
2005-02-23,5.203561782836914,5.24873132972101,5.194527614996396,5.203561782836914,15000
2005-02-24,5.284868240356445,5.293902410078749,5.149358709932347,5.257766592735379,53600
2005-02-25,5.447478771209717,5.456512508371473,5.140323953798945,5.149357690960701,64200
2005-02-28,5.302935600280762,5.465547192271813,5.275833955464171,5.465547192271813,30700
2005-03-01,5.2667999267578125,5.393275277735813,5.2487320194752405,5.393275277735813,32600
2005-03-02,5.257765769958496,5.257765769958496,5.104188354895725,5.122256260740001,91500
2005-03-03,5.330037593841553,5.348105500365509,5.239698061221771,5.257765967745727,72500
2005-03-04,5.284868240356445,5.293902410078749,5.248732423013076,5.248732423013076,22400
2005-03-07,5.230664253234863,5.284867976544153,5.2125963454651,5.2125963454651,30000
2005-03-08,5.230664253234863,5.311970053585249,5.194528437695336,5.2758342380457215,45400
2005-03-09,5.221630096435547,5.230663834210292,4.8783394455378986,5.20356219011319,55300
2005-03-10,5.284868240356445,5.284868240356445,5.185494527275718,5.194528696998021,58700
2005-03-11,5.194527626037598,5.311969223576971,5.113221838391441,5.194527626037598,49600
2005-03-14,5.059018611907959,5.266799754237871,5.040950705217222,5.239698109588203,100300
2005-03-15,5.176459789276123,5.212595599645327,4.96867866426678,4.96867866426678,44200
2005-03-16,5.167426109313965,5.230663998818737,5.095154481750157,5.131290295532061,84400
2005-03-17,5.2667999267578125,5.284867834040384,5.022882963056652,5.2216303739378285,81200
2005-03-18,5.257765769958496,5.2667995074942064,5.167425809964263,5.203562052425669,44900
2005-03-21,5.230664253234863,5.284867976544153,5.203562606966668,5.26680006877439,71900
2005-03-22,5.131290435791016,5.203562496103192,5.095154621021373,5.131290435791016,28900
2005-03-23,5.02288293838501,5.1403245505313135,5.02288293838501,5.1403245505313135,33300
2005-03-24,5.013849258422852,5.077086718949455,4.959645105438775,4.968679274527085,19100
2005-03-28,4.959643840789795,5.013847979952474,4.95061010477787,4.95061010477787,39900
2005-03-29,5.013849258422852,5.122256702845221,4.878339737508444,4.878339737508444,36900
2005-03-30,5.013849258422852,5.059018811545727,4.950611367123357,5.049985073230308,20300
2005-03-31,5.104187488555908,5.131289127335901,5.022881710670366,5.095153321780723,121400
2005-04-01,5.149358749389648,5.203562906592968,5.0680533751305195,5.203562906592968,83700
2005-04-04,5.167426109313965,5.230663998818737,5.122256557473024,5.230663998818737,95400
2005-04-05,5.194527626037598,5.203561793897318,5.149357648284659,5.185493458177876,68400
2005-04-06,5.203561782836914,5.212595519904601,5.149357637339468,5.212595519904601,43000
2005-04-07,5.194527626037598,5.203561793897318,5.15839181614438,5.194527626037598,30500
2005-04-08,5.194527626037598,5.2758334136837535,5.077086028498224,5.194527626037598,332700
2005-04-11,5.284868240356445,5.30293614902813,5.203562866720325,5.2668003316847605,26800
2005-04-12,5.031917095184326,5.637192200098312,4.91447548332239,5.375207331035768,154600
2005-04-13,5.013849258422852,5.104188795441493,4.968679274527085,5.049985073230308,30500
2005-04-14,5.321003437042236,5.348105512274959,5.140324371400328,5.140324371400328,88400
2005-04-15,5.321003437042236,5.38424132540334,5.2125959976570915,5.36617341883915,43700
2005-04-18,5.221630096435547,5.330037534369688,5.194528021565578,5.330037534369688,15300
2005-04-19,5.330037593841553,5.375207144765008,5.086120640381708,5.09515437825725,37600
2005-04-20,5.330037593841553,5.393275051288964,5.12225645342962,5.131290191305163,54100
2005-04-21,5.438445568084717,5.4565134763864105,5.086121140815236,5.086121140815236,58100
2005-04-22,5.501682758331299,5.510716495939403,5.330037436048744,5.393274891624046,81500
2005-04-25,5.510716438293457,5.637191778893898,5.239697851292512,5.510716438293457,137600
2005-04-26,5.375207424163818,5.528784852986709,5.339071609237596,5.5197511146416005,48500
2005-04-27,5.474581241607666,5.537819134397302,5.366173794630778,5.366173794630778,43100
2005-04-28,5.149358749389648,5.4113436425230175,5.149358749389648,5.4113436425230175,63200
2005-04-29,5.501682758331299,5.619123931873799,5.19452792574432,5.357139079645913,193300
2005-05-02,5.501682758331299,5.601056025884732,5.248731643711518,5.601056025884732,108500
2005-05-03,5.284868240356445,5.420377770780544,5.284868240356445,5.420377770780544,28700
2005-05-04,5.23969841003418,5.330037948667963,5.212596333057595,5.248732148511109,24000
2005-05-05,5.284868240356445,5.37520778371487,5.176460788326335,5.194528696998021,32200
2005-05-06,5.131290435791016,5.375207400872547,5.131290435791016,5.176460419639514,23300
2005-05-09,5.077086448669434,5.194528055928079,4.968679010018162,5.04998480439305,42200
2005-05-10,4.878340244293213,5.040951427819577,4.788000697889678,4.968679790696748,59600
2005-05-11,4.788000583648682,4.959645502333508,4.742830596138195,4.860272219047119,49300
2005-05-12,4.706693172454834,4.787998949921964,4.498912076195441,4.742828977824052,92800
2005-05-13,4.742830276489258,4.7880002609554575,4.652490738329756,4.652490738329756,39500
2005-05-16,4.733795642852783,4.76089771702809,4.616354470154068,4.742829811168837,22800
2005-05-17,4.760898590087891,4.815102317605599,4.6073211467345825,4.616355316707335,27600
2005-05-18,4.688626766204834,4.760898400009677,4.652490949302412,4.760898400009677,17600
2005-05-19,4.769931793212891,4.806067604233433,4.616354380989162,4.616354380989162,42700
2005-05-20,4.806067943572998,4.878339570716928,4.760897961221604,4.878339570716928,33300
2005-05-23,4.9686784744262695,5.013848451048365,4.806067333977808,4.869304784321354,28100
2005-05-24,4.9867472648620605,5.059018895678874,4.950611449453653,5.022883080270467,52400
2005-05-25,4.878340244293213,5.004815609258163,4.878340244293213,4.986747699977455,14900
2005-05-26,4.9325432777404785,4.9596449224597485,4.851237482036916,4.851237482036916,16900
2005-05-27,5.040951251983643,5.1041891476467525,4.8602721654789285,4.8602721654789285,67000
2005-05-31,5.068052291870117,5.140323911663095,4.99578067207714,4.99578067207714,4700
2005-06-01,5.02288293838501,5.149358288741782,5.02288293838501,5.149358288741782,23100
2005-06-02,4.887373924255371,5.022883457603194,4.842204366988051,5.022883457603194,43200
2005-06-03,4.79703426361084,4.851237989492141,4.79703426361084,4.833170080865041,27500
2005-06-06,4.742830276489258,4.83316981464876,4.742830276489258,4.806068168587358,37000
2005-06-07,4.733795642852783,4.833169340465101,4.71572773699353,4.833169340465101,12400
2005-06-08,4.733795642852783,4.833169340465101,4.71572773699353,4.742829811168837,70100
2005-06-09,4.742830276489258,4.842203983851158,4.688626553593557,4.697660292023058,59200
2005-06-10,4.697659969329834,4.706694137911654,4.661524156548286,4.688626231520881,34600
2005-06-13,4.724761486053467,4.733795222795049,4.6615236057711265,4.6615236057711265,7900
2005-06-14,4.706693172454834,4.742828977824052,4.670557367085616,4.679591103041531,19200
2005-06-15,4.715727806091309,4.842203579732135,4.652490350043757,4.661524087719323,42500
2005-06-16,4.661524295806885,4.742830092380733,4.526015209214311,4.616354743866987,108200
2005-06-17,4.408574104309082,4.688626909232378,4.408574104309082,4.544083637213368,57300
2005-06-20,4.1556220054626465,4.36340312727442,4.146588268395786,4.309199412554762,63600
2005-06-21,4.1736907958984375,4.309200326834969,4.155622887158429,4.164657056914895,37000
2005-06-22,4.20079231262207,4.218860218945855,4.0923848746793645,4.173690237749961,27200
2005-06-23,4.182724475860596,4.218860289109133,4.0201128854693,4.0201128854693,90600
2005-06-24,4.381471633911133,4.471811170850693,4.155622576175787,4.218860467419925,128900
2005-06-27,4.390505790710449,4.417607436330063,4.300166254023586,4.372437883373077,43300
2005-06-28,4.327267646789551,4.489878803324106,4.2911318342263165,4.309199740507934,45300
2005-06-29,4.264029502868652,4.354369459614227,4.227893692479558,4.327267386435987,48200
2005-06-30,4.282098293304443,4.3182345419368495,4.173690839726011,4.19175874865575,19700
2005-07-01,4.227894306182861,4.327268014563958,4.227894306182861,4.282098029634486,23600
2005-07-05,4.2098259925842285,4.32726759746244,4.164656442781512,4.164656442781512,18700
2005-07-06,4.291131973266602,4.444709397022962,4.083350828909093,4.182724532064305,331700
2005-07-07,4.245961666107178,4.28209747707868,4.137554233192669,4.236927928750725,34700
2005-07-08,4.236928462982178,4.26403010924161,4.128521016398648,4.173690570422002,31600
2005-07-11,4.13755464553833,4.209826274683873,4.029147201820016,4.182724629140739,64700
2005-07-12,4.029147148132324,4.110452945224119,3.9568755199497883,4.065282962223592,35100
2005-07-13,4.07431697845459,4.1194865289895795,3.956875371672457,4.038180734944585,109200
2005-07-14,4.444709777832031,4.444709777832031,4.029147453512912,4.065283270343016,116600
2005-07-15,4.589252948760986,4.607320856796545,4.34533597489449,4.516981316618752,44100
2005-07-18,4.4808454513549805,4.625388714052592,4.354370096494571,4.625388714052592,35200
2005-07-19,4.309199333190918,4.408573023733179,4.227893547222448,4.408573023733179,66800
2005-07-20,4.300166130065918,4.354369850515546,4.200792427188495,4.354369850515546,50500
2005-07-21,4.227894306182861,4.336302183859013,4.182724752026291,4.3001663682245965,32600
2005-07-22,4.336301803588867,4.336301803588867,4.182724385224052,4.182724385224052,51000
2005-07-25,4.318233489990234,4.336301394518527,4.209825632047654,4.254995608754798,78700
2005-07-26,4.291131973266602,4.318234048953616,4.0652829220420434,4.291131973266602,91500
2005-07-27,4.273064136505127,4.327267857995563,4.110452972033818,4.227894153209987,70400
2005-07-28,4.218860149383545,4.2640296990617985,4.092384807202433,4.10141854482894,27800
2005-07-29,4.264029502868652,4.2820974080631995,4.1736899768959175,4.191757882090465,9300
2005-08-01,4.318233489990234,4.327267226867969,4.236927704226504,4.282097250160826,49000
2005-08-02,4.282098293304443,4.345336189944994,4.23692873636656,4.3182345419368495,84500
2005-08-03,4.264029502868652,4.33630155441968,4.227893692479558,4.245961597674105,45400
2005-08-04,4.236928462982178,4.282098017005532,4.236928462982178,4.236928462982178,29600
2005-08-05,4.254995822906494,4.291131633781776,4.173690033050687,4.291131633781776,15900
2005-08-08,4.264029502868652,4.30919948124144,4.1736899768959175,4.218859955268704,31400
2005-08-09,4.264029502868652,4.264029502868652,4.164656239685064,4.209825787285012,20700
2005-08-10,4.236928462982178,4.336302171070197,4.209826385949845,4.209826385949845,36000
2005-08-11,4.19175910949707,4.28209866192251,4.19175910949707,4.218861190611185,28900
2005-08-12,4.236928462982178,4.236928462982178,4.182724739690413,4.191758478185924,12900
2005-08-15,4.291131973266602,4.291131973266602,4.128520811463156,4.245961990712538,40500
2005-08-16,4.245961666107178,4.291131645207979,4.245961666107178,4.245961666107178,13500
2005-08-17,4.282098293304443,4.336302450866588,4.19175874865575,4.245962475444966,71000
2005-08-18,4.146588325500488,4.254995756432737,4.101418347225632,4.236927851277363,28400
2005-08-19,4.146588325500488,4.200792040966613,4.0923846100343635,4.0923846100343635,67400
2005-08-22,4.119486331939697,4.236927933104176,4.119486331939697,4.209825859461278,46100
2005-08-23,4.227894306182861,4.264030121817278,4.119486859279611,4.128521028574666,105500
2005-08-24,4.146588325500488,4.300165734707593,4.146588325500488,4.273063661588112,46300
2005-08-25,4.336301803588867,4.39050552228712,4.245961841652249,4.245961841652249,287400
2005-08-26,4.679591655731201,4.715727465368289,4.38147101083881,4.38147101083881,193100
2005-08-29,4.688626766204834,4.733796321946403,4.589253054336716,4.643456779690348,71500
2005-08-30,4.5711846351623535,4.706694148792869,4.553116728729809,4.706694148792869,85800
2005-08-31,4.697659969329834,4.7247620443024285,4.553116718203644,4.553116718203644,41900
2005-09-01,4.697659969329834,4.697659969329834,4.607320437375965,4.643456250157513,71400
2005-09-02,4.64345645904541,4.706694349644335,4.562151092015805,4.697660180656109,35500
2005-09-06,4.498912334442139,4.580218116576385,4.453742359751378,4.571183949329112,55900
2005-09-07,4.408574104309082,4.471811570430933,4.3453362074143005,4.417607843423805,41500
2005-09-08,4.408574104309082,4.580219455218121,4.155622947502886,4.264030401517143,68100
2005-09-09,4.381471633911133,4.516981154706919,4.209826298339523,4.209826298339523,17300
2005-09-12,4.507946968078613,4.507946968078613,4.291132080267656,4.345335802220395,67700
2005-09-13,4.462777137756348,4.489878781661583,4.408573419173015,4.43567506307825,24500
2005-09-14,4.6073198318481445,4.670557711291099,4.381470816259776,4.4085728876704176,196400
2005-09-15,4.679591655731201,4.679591655731201,4.6073200364570255,4.670557918708345,119100
2005-09-16,4.760898590087891,4.760898590087891,4.6434569650797215,4.69766069259743,337800
2005-09-19,4.679591655731201,4.706693728345432,4.661523750912657,4.697659560549745,103800
2005-09-20,4.688626766204834,4.697660505043981,4.652490949302412,4.652490949302412,44300
2005-09-21,4.634422779083252,4.688626501375274,4.634422779083252,4.661524424842817,29400
2005-09-22,4.5621514320373535,4.643456805126726,4.535049353825617,4.634423066238093,48000
2005-09-23,4.5621514320373535,4.5621514320373535,4.507947275613879,4.535049353825617,45200
2005-09-26,4.526015281677246,4.58021900333667,4.480845298241282,4.58021900333667,19000
2005-09-27,4.697659969329834,4.733795782111382,4.471810924058729,4.471810924058729,284000
2005-09-28,5.122256755828857,5.140324663419476,4.661524466108722,4.661524466108722,456600
2005-09-29,5.3571391105651855,5.438444903371676,5.113222162918575,5.113222162918575,847400
2005-09-30,5.546851634979248,5.646225321249627,5.330036789414209,5.330036789414209,556600
2005-10-03,5.691396236419678,5.817871583894617,5.519750906602964,5.519750906602964,381000
2005-10-04,5.619124889373779,5.745600683621599,5.492649525898891,5.63719279844162,220000
2005-10-05,5.59202241897583,5.691396119624728,5.564920343972361,5.59202241897583,120300
2005-10-06,5.483614444732666,5.573953967962853,5.311969135208898,5.546851895607384,151000
2005-10-07,5.564919948577881,5.691395715243988,5.465546685762446,5.465546685762446,197100
2005-10-10,5.510716438293457,5.619123873093835,5.438444815093205,5.592022229780167,39800
2005-10-11,5.573954105377197,5.62815782065159,5.50168248501134,5.555886200285733,36800
2005-10-12,5.339071750640869,5.555887076713367,5.311970104114873,5.546852907356097,85800
2005-10-13,5.456512928009033,5.4655470966384065,5.3481054890937765,5.3481054890937765,31400
2005-10-14,5.628159046173096,5.646226955198815,5.4023099679651425,5.4023099679651425,101500
2005-10-17,5.664294242858887,5.73656587103366,5.582988445775825,5.655260504723482,175000
2005-10-18,5.727531909942627,5.844973085768559,5.582988228446849,5.582988228446849,156400
2005-10-19,5.772701263427734,5.781735431676081,5.64622592336085,5.736565451980053,59800
2005-10-20,5.808836936950684,5.826904842245521,5.7094636732155,5.7094636732155,140100
2005-10-21,5.546851634979248,5.78173481511418,5.492647923587989,5.78173481511418,158800
2005-10-24,5.601056098937988,5.655260248385016,5.501682830088453,5.501682830088453,25700
2005-10-25,5.546851634979248,5.619123250167594,5.546851634979248,5.555885802264195,35500
2005-10-26,5.59202241897583,5.971448884387194,5.537818699741759,5.628158231798544,381800
2005-10-27,5.375207424163818,5.646226466883378,5.284867886848263,5.6191243903022645,135300
2005-10-28,5.31196928024292,5.357138827704876,5.284867207147476,5.357138827704876,75900
2005-10-31,5.402309894561768,5.46554779067901,5.293902441880429,5.302936180884078,58300
2005-11-01,5.321003437042236,5.601056204173631,5.302935530478045,5.447479213764444,85200
2005-11-02,5.393275260925293,5.4655473206032,5.330037801019844,5.330037801019844,81800
2005-11-03,5.564919948577881,5.673327810116377,5.375206729351559,5.375206729351559,153600
2005-11-04,5.781734943389893,5.781734943389893,5.555885925529138,5.555885925529138,78300
2005-11-07,5.944346904754639,5.944346904754639,5.691396210937308,5.70042994890149,131500
2005-11-08,6.097924709320068,6.14309469429086,5.926279369513126,5.9443472773468615,214700
2005-11-09,6.03468656539917,6.143094438663401,5.781735866252692,6.143094438663401,98200
2005-11-10,5.890143394470215,6.007585007598216,5.8269055033767785,6.007585007598216,90000
2005-11-11,5.863041400909424,6.016618830897135,5.8269055857091265,5.8811097392824685,22300
2005-11-14,5.790769100189209,5.917244869522744,5.790769100189209,5.835939079347306,38800
2005-11-15,5.664294242858887,5.808837499208433,5.601056352819519,5.799803761073028,33400
2005-11-16,5.700429916381836,5.709464085067355,5.655260365272861,5.673328271871026,10000
2005-11-17,5.790769100189209,5.790769100189209,5.65526002426061,5.727531646295288,13000
2005-11-18,5.908210754394531,5.917244922616351,5.70946379201587,5.70946379201587,31300
2005-11-21,6.152128219604492,6.16116238859471,5.78173590646329,5.78173590646329,104000
2005-11-22,6.233433723449707,6.269569536160603,6.079856304041965,6.161162098027915,152400
2005-11-23,6.161161422729492,6.2786025857812495,6.134059350780428,6.2786025857812495,70900
2005-11-25,6.170196056365967,6.215366039255571,6.061788614358376,6.061788614358376,9700
2005-11-28,6.125025272369385,6.233432692573814,6.034685324759565,6.05275322812697,32700
2005-11-29,6.2786030769348145,6.2786030769348145,6.00758449010742,6.034686133403733,57200
2005-11-30,6.3237738609313965,6.341841769017427,6.097924794469561,6.278603875329866,110900
2005-12-01,6.477351188659668,6.477351188659668,6.278603772204818,6.278603772204818,143600
2005-12-02,6.522520065307617,6.549622139563108,6.396044723918661,6.405078892261443,99300
2005-12-05,6.685131549835205,6.748369004202425,6.531554136475643,6.56768994776344,142300
2005-12-06,6.75740385055542,6.838709649498896,6.685132220726949,6.685132220726949,151100
2005-12-07,7.073592185974121,7.073592185974121,6.63092825418828,6.712233619364997,198300
2005-12-08,6.233433723449707,6.594792281331535,5.826905184292826,6.359909067937843,1124400
2005-12-09,6.423146724700928,6.432180462167518,6.251501405107192,6.432180462167518,160800
2005-12-12,6.468316555023193,6.549622349624471,6.269569583609134,6.269569583609134,106900
2005-12-13,6.332807540893555,6.5044524390578315,6.323773372162343,6.5044524390578315,61900
2005-12-14,6.2786030769348145,6.396044679946445,6.097924019049885,6.396044679946445,69700
2005-12-15,6.097924709320068,6.332807941931538,6.097924709320068,6.332807941931538,109000
2005-12-16,6.097924709320068,6.23343423345954,6.070822632183013,6.097924709320068,71700
2005-12-19,6.1882643699646,6.224400186341419,6.070822751353481,6.070822751353481,23500
2005-12-20,6.197299003601074,6.3418422799341325,6.170196923902155,6.233434822684338,66600
2005-12-21,6.152128219604492,6.188264034019591,6.097924497981844,6.134060312396943,41900
2005-12-22,6.143094539642334,6.278603629597547,6.097924555808668,6.242467814839771,62800
2005-12-23,6.296671390533447,6.4141130011513,6.061788600070623,6.097924413987981,96000
2005-12-27,6.215366363525391,6.459283336154615,6.061788930615712,6.441215428210707,56100
2005-12-28,6.0437211990356445,6.152128649862573,6.0437211990356445,6.1069590940711445,35200
2005-12-29,6.3237738609313965,6.368943846532927,6.016618992695969,6.016618992695969,66200
2005-12-30,6.233433723449707,6.377976974293292,6.070822135477808,6.2876374425160515,92400
2006-01-03,6.269569396972656,6.269569396972656,6.007584545248437,6.097924075020089,43600
2006-01-04,6.296671390533447,6.296671390533447,6.188263948781375,6.233433931564512,204000
2006-01-05,6.405078411102295,6.450247957104433,6.1430935796622945,6.197297293328554,160400
2006-01-06,6.901947021484375,6.929049097708087,6.414113095640653,6.477350986314057,254500
2006-01-09,7.163931846618652,7.281373889001569,6.956150699452014,7.019388589728081,303400
2006-01-10,7.245237350463867,7.2633048249960765,7.0193878879914635,7.091659509211668,61500
2006-01-11,7.154898643493652,7.308476080810866,7.010355375794117,7.019389114638879,75000
2006-01-12,7.227169036865234,7.362678111688183,7.200066963436939,7.227169036865234,76500
2006-01-13,7.308475017547607,7.344610829215323,7.172965508407246,7.22716922590882,200600
2006-01-17,7.1368303298950195,7.272339851057328,7.001320808732711,7.100694515021456,177800
2006-01-18,7.1368303298950195,7.181999883100527,7.010354977837548,7.1368303298950195,49500
2006-01-19,7.10069465637207,7.344611627010623,7.0555246714944895,7.344611627010623,76500
2006-01-20,6.92001485824585,7.046490638304812,6.87484530603012,7.019388562357068,43200
2006-01-23,6.531554222106934,6.81160697864539,6.251501465568478,6.775471166883838,255600
2006-01-24,6.504452705383301,6.847743377313675,6.332807800191006,6.332807800191006,102100
2006-01-25,6.630927562713623,6.929048209076876,6.45928225070418,6.45928225070418,75000
2006-01-26,6.92001485824585,6.947116934193594,6.477350920358132,6.594792531510218,56700
2006-01-27,6.865810871124268,7.082626177987596,6.676097639158681,6.99228621551037,41600
2006-01-30,6.685131549835205,6.920014323205886,6.639961570339034,6.80257315190697,168700
2006-01-31,7.001321315765381,7.010355485524468,6.603826892596918,6.603826892596918,165400
2006-02-01,7.082625865936279,7.1368295825707495,6.9109805478740345,6.9109805478740345,81500
2006-02-02,6.847743511199951,7.046490927581482,6.522520740340201,7.046490927581482,137200
2006-02-03,6.7754716873168945,6.883879130928471,6.658030074684575,6.703200058242509,80900
2006-02-06,6.648995876312256,6.77547121844007,6.55865634622096,6.739335406403552,96300
2006-02-07,6.703199863433838,6.865811024125391,6.5496224407276,6.630928236459814,153000
2006-02-08,6.739336013793945,6.847743459673846,6.594792752620745,6.703200198500645,113000
2006-02-09,7.001321315765381,7.073592950746388,6.6399627100874214,6.7122343450684285,294300
2006-02-10,6.820641040802002,7.136829604180214,6.6851315334190975,6.947116379998717,133800
2006-02-13,6.947117328643799,7.100694762597591,6.775471986623261,6.775471986623261,48200
2006-02-14,6.910981178283691,7.046490697617271,6.612860494213549,6.9290490854766436,123400
2006-02-15,7.20910120010376,7.227169105636938,6.838708921287178,6.838708921287178,146200
2006-02-16,7.227169036865234,7.227169036865234,7.109727436630692,7.172965320781486,170200
2006-02-17,7.20910120010376,7.227169105636938,7.046490050305153,7.218134937483925,163800
2006-02-21,7.172966003417969,7.181999741571894,7.100694375095028,7.136830189256498,76900
2006-02-22,7.724037170410156,7.778240456352292,7.14586333057129,7.227169121030191,628500
2006-02-23,7.579493999481201,7.751138888693308,7.245237527771316,7.7150030771988805,285700
2006-02-24,7.651766777038574,7.669834254739122,7.263306098699696,7.579495143144713,236000
2006-02-27,7.633696556091309,7.814375596288703,7.380745899814956,7.715002339566542,121000
2006-02-28,7.4981889724731445,7.6336980640023695,7.389781526940607,7.624663894821543,123900
2006-03-01,7.48915433883667,7.597561777646093,7.145863685167293,7.362678562786139,144100
2006-03-02,7.434950828552246,7.579494954284153,7.272340087115797,7.407849181903807,127200
2006-03-03,7.7330708503723145,7.841478276958224,7.407847709068944,7.407847709068944,219000
2006-03-06,7.651766777038574,7.995057468807331,7.6427326074153825,7.841480031396418,286300
2006-03-07,7.516255855560303,7.715003254109943,7.453018399381396,7.633697460996648,106200
2006-03-08,7.4981889724731445,7.669833879179882,7.42591734211812,7.669833879179882,92900
2006-03-09,7.534323215484619,7.651764805691777,7.416881625277461,7.498187407847464,109200
2006-03-10,7.443984031677246,7.678867236263328,7.443984031677246,7.660798899812536,188900
2006-03-13,7.407849311828613,7.516256761869521,7.362679325591778,7.407849311828613,75100
2006-03-14,7.434950828552246,7.44398499795033,7.353645888606929,7.371713365857284,76400
2006-03-15,7.642731666564941,7.678867479063411,7.407848454552027,7.4349500985394466,176600
2006-03-16,7.606597423553467,7.678869063462381,7.534325783644552,7.678869063462381,41900
2006-03-17,7.588527679443359,7.6788676433957255,7.516256052899765,7.597561848147745,85100
2006-03-20,7.4981889724731445,7.588528079644031,7.453018988114806,7.516256449289005,135300
2006-03-21,7.191033840179443,7.498188688321235,7.136830119467282,7.498188688321235,154900
2006-03-22,7.145864009857178,7.227169808045009,6.947117029676011,7.136830271599024,195000
2006-03-23,7.20910120010376,7.236203273789951,7.019387976618963,7.037455882152141,81700
2006-03-24,7.154898643493652,7.317510250428546,7.109728656951089,7.13683073503121,65300
2006-03-27,7.227169036865234,7.281373183721826,7.154897415420237,7.154897415420237,71200
2006-03-28,7.516255855560303,7.669833273319698,7.136829826168272,7.227169356975899,242200
2006-03-29,7.570460319519043,7.65176611601219,7.525290336851098,7.597561964501505,117100
2006-03-30,7.561426162719727,7.588527807745355,7.416882907188693,7.552391993862597,70700
2006-03-31,7.967956066131592,8.13056769574112,7.507224551481188,7.642733668458491,526300
2006-04-03,9.033961296081543,9.079131274871088,7.99505609165044,7.99505609165044,714900
2006-04-04,9.033961296081543,9.061062938736995,8.808112263679504,8.808112263679504,227500
2006-04-05,8.898452758789062,8.952656047374235,8.473856310991762,8.771976982847429,189200
2006-04-06,9.00685977935791,9.061063065426673,8.808112386832484,8.853282366253586,178700
2006-04-07,8.889419555664062,9.033962822984481,8.771977935579764,9.00686117574836,96100
2006-04-10,8.69970417022705,8.889417377486044,8.609364219514912,8.889417377486044,74100
2006-04-11,8.86231803894043,8.925555503937932,8.537094821134199,8.627434795312784,141500
2006-04-12,9.00685977935791,9.061063065426673,8.744874932570362,8.799078218639124,148000
2006-04-13,9.34111499786377,9.34111499786377,8.94362026603584,9.061061852187475,384900
2006-04-17,9.314014434814453,9.368217719889516,9.124301213960365,9.332081909324247,149200
2006-04-18,9.223675727844238,9.241743204802974,9.124302450706693,9.187539912380968,110100
2006-04-19,9.395319938659668,9.467591564222763,9.106233436407289,9.2598108561153,168800
2006-04-20,9.178505897521973,9.395320793948677,9.115268434783971,9.350151670019141,113600
2006-04-21,9.015893936157227,9.22367551646873,8.934588999387453,9.178505532788336,159000
2006-04-24,9.079131126403809,9.151402746666978,8.943621192251111,8.961689528089739,87100
2006-04-25,9.223675727844238,9.295947358770778,9.033962481275617,9.169471573876432,127900
2006-04-26,10.072866439819336,10.118036418336713,9.341116061711423,9.404353514708342,429600
2006-04-27,10.352919578552246,10.37098705296401,9.837984065404669,10.163206358727505,307700
2006-04-28,10.090934753417969,10.370987068821076,9.68440667075643,10.298715447972166,231100
2006-05-01,10.03672981262207,10.31678296740523,9.819914967235785,10.253545519553965,259400
2006-05-02,10.56973648071289,10.596838128333957,10.05480086818341,10.271615772243628,265700
2006-05-03,10.77751636505127,10.79558384008079,10.560700633877069,10.62393895034466,200900
2006-05-04,10.750414848327637,10.885924800460309,10.61490575774075,10.795584832371862,248400
2006-05-05,11.012398719787598,11.084671204608945,10.660074771705283,10.660074771705283,177800
2006-05-08,11.102740287780762,11.111774457385156,10.931095373026421,11.111774457385156,131500
2006-05-09,11.536370277404785,11.590573568770923,11.02143384015179,11.147909622582413,262200
2006-05-10,11.988067626953125,12.241018314111816,11.446029578638775,11.599606996942983,274400
2006-05-11,11.644777297973633,12.277154464025383,11.545403164841924,12.186814499641239,243500
2006-05-12,11.165975570678711,11.635741959789748,10.705244210952937,11.608640317816622,279700
2006-05-15,10.50649642944336,11.039500250211912,9.928322632728287,11.039500250211912,447800
2006-05-16,10.768481254577637,10.786548728026348,9.937356798841765,10.25354576887771,338600
2006-05-17,10.524565696716309,10.931094687978733,9.991562646647603,10.840754720688022,332300
2006-05-18,10.181275367736816,10.623939289409096,10.118037049250965,10.479396038376983,224600
2006-05-19,9.892189025878906,10.280649699310635,9.738611590408027,10.20837806632973,557500
2006-05-22,9.828950881958008,10.569735499501364,9.304981148347473,9.693440933340671,214600
2006-05-23,9.666340827941895,10.163208995591082,9.350152620562156,9.702476647686604,157000
2006-05-24,9.756680488586426,10.163208662788803,9.467593078549239,9.585034704260304,253000
2006-05-25,9.91928768157959,9.937356015149005,9.621167070048765,9.756676987182681,96800
2006-05-26,10.949162483215332,10.994332468175486,9.883154628957229,9.937358783218574,330200
2006-05-30,10.741378784179688,10.949159451295962,10.569733061170485,10.949159451295962,204900
2006-05-31,10.822686195373535,11.012399434165271,10.632973818127565,10.723312922309585,153900
2006-06-01,11.283418655395508,11.301486993456564,10.714278929658942,10.786550558811607,215600
2006-06-02,11.31052017211914,11.518300872352983,11.175010233164036,11.31052017211914,141600
2006-06-05,11.084671974182129,11.337622673208422,10.994332008042713,11.310521027984903,196600
2006-06-06,11.03046703338623,11.229214427752801,10.416157375278123,11.02143286510918,199900
2006-06-07,11.147908210754395,11.20211149525595,10.759447605128656,10.940126656043299,277000
2006-06-08,11.084671974182129,11.175011078775778,10.199343235271455,11.075637805259033,269800
2006-06-09,11.861591339111328,11.933862960885165,11.220180049709262,11.220180049709262,476800
2006-06-12,11.608641624450684,11.969999763251286,11.310520944553748,11.843523983898194,273300
2006-06-13,11.33762264251709,11.698980783005013,10.95819616423189,11.581539171959998,228600
2006-06-14,11.482166290283203,11.653811197482051,11.156943952753167,11.328588859952015,206200
2006-06-15,11.689947128295898,11.771252928868408,11.34665731050544,11.48216640376242,130200
2006-06-16,12.105508804321289,12.177780431809209,11.662844870571346,11.717049021960165,301100
2006-06-19,12.06937313079834,12.340392167799592,11.92482987414321,12.186814742217075,201000
2006-06-20,12.611411094665527,12.647546908513736,11.852558142307382,12.141644653093053,364400
2006-06-21,12.936633110046387,13.099244699248942,12.46686754124952,12.79208985810889,521900
2006-06-22,12.629478454589844,13.063109078323484,12.539139351573578,12.95470163777651,194900
2006-06-23,12.647547721862793,12.764989339808444,12.48493611831561,12.665616060721732,175200
2006-06-26,12.557206153869629,12.737886073300265,12.412662907561685,12.737886073300265,107900
2006-06-27,12.439764976501465,12.882428868194568,12.29522087371279,12.557205713852143,283100
2006-06-28,12.340392112731934,12.620445317410868,12.024203955596235,12.503003706516203,215200
2006-06-29,13.036006927490234,13.054074402773773,12.268119843161188,12.530104696365383,383400
2006-06-30,12.701750755310059,13.234753781396535,12.701750755310059,13.063108885122201,3133200
2006-07-03,13.36122989654541,13.370264065406323,12.80112435035521,12.828225995392186,272200
2006-07-05,13.270890235900879,13.505773462406044,12.828226290095916,13.072143685669538,326800
2006-07-06,13.207653999328613,13.496740543939582,12.439767649819263,13.207653999328613,191400
2006-07-07,12.972769737243652,13.496739489175983,12.846294814633238,13.370264566565568,232900
2006-07-10,12.737885475158691,13.189583529433175,12.64754551968553,13.099243573960011,193600
2006-07-11,12.66561508178711,12.90049743797837,12.015169579417602,12.728852539814094,413200
2006-07-12,12.015168190002441,12.692715258669358,11.969998213115517,12.566239495695099,410500
2006-07-13,11.46409797668457,12.096476037791602,11.265351422981134,12.096476037791602,510600
2006-07-14,11.22921371459961,11.78931918901953,11.066602142122788,11.436994402501634,371900
2006-07-17,10.8588228225708,11.427961674867118,10.768482857245102,11.102739350476972,279700
2006-07-18,10.967228889465332,12.222948908524168,10.515530842541573,11.003364698757407,386400
2006-07-19,11.238249778747559,12.22295189987723,10.93109575536719,10.940129063741713,271200
2006-07-20,11.012398719787598,11.455063489283022,10.940127096511958,11.391825172757557,204200
2006-07-21,10.822686195373535,11.617674964522436,10.696211277209555,11.617674964522436,271900
2006-07-24,10.903992652893066,11.0395026096953,10.569736137920863,10.931095161181002,356900
2006-07-25,10.885924339294434,12.105508687547907,9.937358160733455,10.497463699134759,210800
2006-07-26,10.840754508972168,11.066603561242422,10.750414543445762,10.885924491735372,91000
2006-07-27,10.614906311035156,10.985298648721816,10.488430521428025,10.985298648721816,197000
2006-07-28,10.985298156738281,12.006136012827866,10.452294236505633,10.614905835639878,128700
2006-07-31,10.894957542419434,11.066602425448332,10.67814181971757,10.949160826935644,132300
2006-08-01,10.45229434967041,10.931094983072713,10.38002271850512,10.795585028478442,162600
2006-08-02,10.33485221862793,10.470362166469389,10.262580591064122,10.452293828805558,198700
2006-08-03,10.03672981262207,10.289681327118346,9.68440590425576,10.217409711989585,250800
2006-08-04,9.955426216125488,10.343885983732736,9.666338855607723,10.127071109503706,148800
2006-08-07,9.937356948852539,10.036730208184633,9.711507927287709,9.837983689520446,86000
2006-08-08,9.856053352355957,10.036732437429068,9.81088336570122,9.919290816745088,123900
2006-08-09,9.431455612182617,10.00059530124775,9.124301638847564,9.964459488999761,303700
2006-08-10,8.853282928466797,9.377252655315731,8.69067133684273,9.359184317781612,360500
2006-08-11,9.04299545288086,9.214640338212433,8.491923263117291,8.744874799405286,134400
2006-08-14,9.097200393676758,9.467592735913067,9.042997098569213,9.042997098569213,114600
2006-08-15,9.395319938659668,9.404354107241488,9.151403417770657,9.151403417770657,169400
2006-08-16,9.621170043945312,9.666340030285292,9.359185157028417,9.485660946471198,172100
2006-08-17,9.639236450195312,9.756678046511,9.485659044362928,9.566964831161915,153200
2006-08-18,9.386286735534668,9.693440716805307,8.853282844946913,9.693440716805307,143300
2006-08-21,9.205607414245605,9.37725318431988,9.142369952400243,9.304981553197807,90700
2006-08-22,9.04299545288086,9.395319391599799,8.943621327358544,9.214640338212433,128700
2006-08-23,9.024928092956543,9.521796189675122,9.015893923923565,9.079132245608623,98600
2006-08-24,9.178505897521973,9.268845868472674,8.97975847835792,9.015894294429037,64200
2006-08-25,9.196573257446289,9.268844881895925,9.06106331544393,9.133334939893565,67400
2006-08-28,9.485660552978516,9.485660552978516,9.088166585076708,9.151404046401911,103000
2006-08-29,9.59406852722168,9.62117017477587,9.314016158888084,9.503729414859098,136400
2006-08-30,9.76571273803711,9.847017667651034,9.476625384853353,9.62116863067238,107000
2006-08-31,9.720541954040527,9.937356804829491,9.648270337110873,9.74764359500274,104000
2006-09-01,9.684408187866211,9.847018929477185,9.368219150960416,9.810883113391878,99600
2006-09-05,9.937356948852539,9.955425284119636,9.521794714711426,9.59406633268852,127100
2006-09-06,9.332080841064453,9.937356244905043,9.268843395200554,9.837982992612403,152100
2006-09-07,9.124302864074707,9.458559387639589,9.124302864074707,9.250777793153082,103700
2006-09-08,8.853282928466797,9.304981028270758,8.853282928466797,9.187539418936238,148000
2006-09-11,8.799078941345215,9.006860519129994,8.717773144018379,8.817147279215964,1255800
2006-09-12,8.970725059509277,9.024928352172417,8.75390930421931,8.75390930421931,291900
2006-09-13,8.826181411743164,9.169471214413644,8.817147242845056,8.970724667929844,139000
2006-09-14,8.509991645812988,8.790043964710001,8.410618381292386,8.790043964710001,357400
2006-09-15,8.835214614868164,8.871350428488546,8.564195581942418,8.573229750733953,361700
2006-09-18,8.762943267822266,8.96169067986219,8.62743417779937,8.898453219390943,155900
2006-09-19,8.943621635437012,9.151403200149138,8.699705120348366,8.7358409322706,319800
2006-09-20,9.196573257446289,9.214640732785837,8.979757522551658,9.097199127668748,267800
2006-09-21,9.350150108337402,9.440489202653664,9.214640174544506,9.25981015247547,215600
2006-09-22,9.350150108337402,9.395319224722698,9.205606006649178,9.350150108337402,178100
2006-09-25,9.612135887145996,9.675373345510497,9.214641076308627,9.368218499375917,235900
2006-09-26,9.774747848510742,9.89218947279705,9.530831291566766,9.63020457601863,299800
2006-09-27,10.136104583740234,10.145137890055107,9.675372361400754,9.675372361400754,265400
2006-09-28,10.1903076171875,10.389054997502946,10.0186627397871,10.136104334448698,207000
2006-09-29,10.253545761108398,10.389054827280765,9.955425126292688,10.1632058092964,275100
2006-10-02,10.136104583740234,10.506496850565659,9.982527176293742,10.325817801083216,140900
2006-10-03,10.262580871582031,10.425192468818313,9.982528522503749,10.072867628654963,130000
2006-10-04,10.533599853515625,10.569735668080767,10.172241707864195,10.262580813504163,114300
2006-10-05,11.274383544921875,11.292451881474172,10.551667313744092,10.551667313744092,376500
2006-10-06,11.473132133483887,11.563472102557268,10.931094903680984,11.274384718449925,176800
2006-10-09,11.771252632141113,12.069373319028148,11.536370267186266,11.590573558504392,292300
2006-10-10,11.771252632141113,11.897728414459708,11.56347191284533,11.635743542300018,143800
2006-10-11,11.590574264526367,11.744151701858959,11.581540094907783,11.680914237620538,146200
2006-10-12,11.861591339111328,11.879658813781942,11.572504852015982,11.69897975934735,217400
2006-10-13,11.717047691345215,11.879658403953705,11.671877713908433,11.870625097702877,166900
2006-10-16,11.979033470153809,11.988067638661875,11.563471195785787,11.698980277223862,156100
2006-10-17,11.735116004943848,11.915795066071421,11.400859526471406,11.861591778506009,142200
2006-10-18,11.689947128295898,11.970000345651675,11.581539681381154,11.843524560144905,175600
2006-10-19,11.76221752166748,11.789319163172314,11.165975377741571,11.527334331170515,135400
2006-10-20,11.75318431854248,11.816421774425406,11.662844357384825,11.816421774425406,46700
2006-10-23,11.708015441894531,11.798355411570203,11.626709641495587,11.698981272617804,63200
2006-10-24,11.852558135986328,11.870626473673678,11.581539101496418,11.698980711826904,74600
2006-10-25,11.843523979187012,12.051305555074027,11.617674927140035,11.780286520308502,113200
2006-10-26,11.924830436706543,12.033237884312097,11.74415135736395,11.879660451484442,122400
2006-10-27,11.066604614257812,11.979035079020685,10.569736479675845,11.762220174981739,330900
2006-10-30,11.283418655395508,11.572506033551944,10.91302634060166,10.91302634060166,200500
2006-10-31,11.545402526855469,11.635742486247524,11.274383510225007,11.274383510225007,103900
2006-11-01,11.120806694030762,11.590572231711356,11.093704189928388,11.57250475718879,248800
2006-11-02,10.8678560256958,11.2382483291985,10.84075438097617,11.075637599334968,125100
2006-11-03,11.319554328918457,11.491200092176484,10.885924559405948,10.885924559405948,142400
2006-11-06,11.689947128295898,11.744151282526172,11.175011540064407,11.373758956847675,100100
2006-11-07,12.4036283493042,12.421696685297468,11.689945446938028,11.689945446938028,318200
2006-11-08,12.647547721862793,12.755955170378975,12.259087051853774,12.322325376314243,265800
2006-11-09,12.394598007202148,12.873397825441875,12.286190549952355,12.638514570627713,238200
2006-11-10,12.692716598510742,12.692716598510742,12.403629232845795,12.403629232845795,91000
2006-11-13,13.225719451904297,13.252821094158698,12.620443985100106,12.620443985100106,195200
2006-11-14,13.677416801452637,13.677416801452637,13.23475207265318,13.252820407583847,343100
2006-11-15,13.912301063537598,14.002641027689377,13.578044574649212,13.605147080822196,301700
2006-11-16,13.325094223022461,13.94843723471422,13.243788425509239,13.94843723471422,232600
2006-11-17,12.963735580444336,13.325093709298544,12.918565598951126,13.325093709298544,221700
2006-11-20,13.153450012207031,13.370264909278784,12.900498437410834,12.96373676188279,88700
2006-11-21,13.686450004577637,13.82195993090299,13.225718667399182,13.225718667399182,201800
2006-11-22,13.758723258972168,14.074912263168917,13.569010890308988,13.668384158877185,112500
2006-11-24,13.523839950561523,13.632247379916155,13.279922588354358,13.614179044250884,67600
2006-11-27,12.963735580444336,13.587078568104278,12.918565598951126,13.569011092434437,254500
2006-11-28,12.764988899230957,12.93663380473755,12.539139840564193,12.900497989812699,236500
2006-11-29,12.873395919799805,12.945667547268002,12.584309409927013,12.801124292331608,117500
2006-11-30,12.584309577941895,12.909531905890875,12.566241240060734,12.873396091674321,109600
2006-12-01,12.457833290100098,12.674648166570227,12.087440994077191,12.566240728335162,145800
2006-12-04,12.828225135803223,12.999870886475954,12.484934496003463,12.51203700077013,150800
2006-12-05,13.126346588134766,13.18055073939398,12.719818469100804,12.846294247675134,165300
2006-12-06,12.972769737243652,13.252822951608902,12.891464799085155,13.126347167452694,74000
2006-12-07,12.475900650024414,13.081175250706723,12.448798146429251,12.972767820963071,82200
2006-12-08,12.52107048034668,12.737886213744854,12.30425560849422,12.466867193156423,99300
2006-12-11,12.692716598510742,12.900497307959988,12.349425944096314,12.493969196155918,84700
2006-12-12,12.331357955932617,12.783056062179904,12.177780530884878,12.692716957857906,115800
2006-12-13,12.060338973999023,12.548172861624506,11.87965905435975,12.376527110276337,110000
2006-12-14,11.870625495910645,12.123576171878092,11.834489685058152,12.105507835679003,110600
2006-12-15,11.852558135986328,12.033237205131014,11.843523967142653,11.933863932487878,146900
2006-12-18,11.509267807006836,12.033237553467094,11.473131992131846,11.879660124861937,123700
2006-12-19,11.671878814697266,11.825456235538997,11.418928123359128,11.482165580807226,134300
2006-12-20,11.915793418884277,12.033235007769019,11.76221688431488,11.76221688431488,62800
2006-12-21,11.915793418884277,12.286186519926433,11.86159013881169,12.006133367732724,79100
2006-12-22,11.960965156555176,12.08744093127853,11.78028609376876,11.951930988029423,30100
2006-12-26,12.114542961120605,12.21391709497719,11.888693910058564,12.21391709497719,69400
2006-12-27,12.66561508178711,12.66561508178711,12.069372868713373,12.186814477581878,138400
2006-12-28,12.602375984191895,12.719817585810004,12.34039113798094,12.57527434121716,180800
2006-12-29,12.087442398071289,12.566242187943347,12.042272411506943,12.54817471024511,197000
2007-01-03,12.087442398071289,12.466868906738455,11.879660804493632,12.105509875769526,199600
2007-01-04,12.078408241271973,12.241019848457915,11.879660817105359,11.924830803717658,156900
2007-01-05,12.241018295288086,12.439765694237153,11.951930934576973,11.951930934576973,306000
2007-01-08,11.870625495910645,12.286187751487155,11.744149727154076,12.286187751487155,238800
2007-01-09,12.20488166809082,12.250051645956281,11.870625210359472,11.870625210359472,164800
2007-01-10,11.897727012634277,12.14164351791844,11.87965867662658,12.078406064982858,83000
2007-01-11,11.825455665588379,12.015168890334824,11.76221821118813,11.906761456414813,135700
2007-01-12,11.735116004943848,11.92482923451423,11.590572756041789,11.79835432249779,243600
2007-01-16,11.49120044708252,11.997101860471892,11.446030462643447,11.77125279982233,204400
2007-01-17,11.382792472839355,11.64477733656674,11.301486676933314,11.491199913532162,174100
2007-01-18,11.211145401000977,11.473130234086774,11.075636331370468,11.364722806073235,196300
2007-01-19,11.49120044708252,11.518302093127645,11.048535633434575,11.20211306359994,199600
2007-01-22,11.129839897155762,11.455063050998413,11.093704086900543,11.455063050998413,105000
2007-01-23,11.915793418884277,12.295219825574796,11.111771492624618,11.111771492624618,375000
2007-01-24,12.448799133300781,12.557206571638371,11.969999398589987,11.969999398589987,183600
2007-01-25,12.213916778564453,12.566240737704678,12.159712628633638,12.530104924932713,161700
2007-01-26,12.277155876159668,12.295223354187192,12.105510096396028,12.231985888772087,73100
2007-01-29,12.087442398071289,12.286189822026907,12.015170764186669,12.22295149621849,72700
2007-01-30,12.186816215515137,12.286190362638482,12.006137122853428,12.159714567002348,81100
2007-01-31,12.25005054473877,12.331355463732898,11.9699973963848,12.15971059712895,127800
2007-02-01,12.322322845458984,12.448797745311884,12.195847084060446,12.313288677885023,100000
2007-02-02,12.322322845458984,12.466866080459805,12.295220342737101,12.340390319061267,87400
2007-02-05,12.268119812011719,12.44879887211694,12.150678207556895,12.250052336774056,112100
2007-02-06,13.216686248779297,13.325093687256233,12.195848459522654,12.286188422359634,871600
2007-02-07,13.541909217834473,13.550943386863368,13.216686886706231,13.216686886706231,379100
2007-02-08,13.24378776550293,13.55094260233654,13.198617784519328,13.55094260233654,126800
2007-02-09,12.972769737243652,13.641283611731277,12.855328122286986,13.261857120808445,246800
2007-02-12,12.638511657714844,13.153448037901645,12.530104225450698,12.855326522243136,227600
2007-02-13,12.792089462280273,12.9547010464511,12.647546214815412,12.656580383168395,180600
2007-02-14,12.493968963623047,12.94566704867535,12.466867319752712,12.873395423990639,203600
2007-02-15,12.20488166809082,12.466866505855696,12.168745858107584,12.421696527990234,214500
2007-02-16,12.864360809326172,13.045039864771205,12.213916209724047,12.250052020813055,256800
2007-02-20,13.063108444213867,13.26185583967526,12.783055256902555,12.783055256902555,176800
2007-02-21,13.451569557189941,13.487705370268833,13.072143089088708,13.072143089088708,175300
2007-02-22,13.045040130615234,13.135380090951632,12.33135720090398,12.593342052024676,473600
2007-02-23,12.91856575012207,13.017939021333394,12.548173448325803,13.008904852619887,128700
2007-02-26,12.828225135803223,13.036006697952471,12.764987681105746,13.017938361441361,139700
2007-02-27,12.448799133300781,13.0450404749304,12.38556167632362,12.647546534359233,383400
2007-02-28,12.475900650024414,12.656579699597168,12.304254906771048,12.358459052415707,215600
2007-03-01,12.638511657714844,12.656579993865046,12.222949403262776,12.331356835526922,181200
2007-03-02,12.421696662902832,12.746918956284208,12.376526684546779,12.530104094029959,192200
2007-03-05,12.656579971313477,13.017938078216758,12.62044416062315,12.783054877956783,394600
2007-03-06,12.764988899230957,12.954702142972868,12.701751438498913,12.801124714155806,246400
2007-03-07,12.81015682220459,12.864360105098026,12.647545250432987,12.774021013093751,156200
2007-03-08,13.415433883666992,13.578044613440714,12.828225838094312,12.828225838094312,403400
2007-03-09,13.39736557006836,13.550942992911684,13.189584857719007,13.550942992911684,252900
2007-03-12,13.424466133117676,13.550941901016946,13.279922890687471,13.32509286933333,202200
2007-03-13,12.981803894042969,13.478671999447858,12.882430617580308,13.34316290776734,169700
2007-03-14,12.927599906921387,13.216686413121172,12.674648352450829,12.95470155149118,91400
2007-03-15,13.180550575256348,13.180550575256348,12.846294087700004,12.936633189946026,105000
2007-03-16,13.614179611206055,13.776791192782705,13.099244084940931,13.162481539311539,390000
2007-03-19,14.011675834655762,14.120083279648487,13.641283515544174,13.731622622265217,296100
2007-03-20,14.436269760131836,14.68018712904873,13.939402577308275,13.993605862703793,392600
2007-03-21,14.770526885986328,14.960239243837483,14.373032111275982,14.45433789980972,274100
2007-03-22,14.58081340789795,14.833764951915969,14.508541784334433,14.833764951915969,177500
2007-03-23,14.363998413085938,14.752459032542374,14.192353523992223,14.553712500232958,139500
2007-03-26,14.409170150756836,14.499509259679295,14.210422732654134,14.336898519000545,81100
2007-03-27,14.13814926147461,14.517575709603314,14.129115954839696,14.37303246489632,81300
2007-03-28,14.002642631530762,14.300763341213877,13.95747264428117,14.102015914243184,81500
2007-03-29,14.24655818939209,14.282694002174015,14.08394660110056,14.1291165824644,92900
2007-03-30,14.291728019714355,14.300762188745399,13.921335704899374,14.282694712229091,158300
2007-04-02,14.029742240905762,14.318829600374647,13.686451593849144,14.20138799520693,68000
2007-04-03,14.24655818939209,14.589847980047509,14.074912432518646,14.074912432518646,136100
2007-04-04,14.228489875793457,14.327863145721897,14.15621825010991,14.273659857232106,45200
2007-04-05,14.824731826782227,14.851834333684998,14.011675573706045,14.18332047636141,541900
2007-04-09,14.454338073730469,14.761492895644551,14.192353230605931,14.761492895644551,301600
2007-04-10,14.445305824279785,14.653086548145035,14.400135839490792,14.508543286056897,76200
2007-04-11,14.300762176513672,14.662120321988533,14.165253087347043,14.544679570868537,88700
2007-04-12,14.445305824279785,14.445305824279785,13.821962791138235,14.34593254698064,152900
2007-04-13,14.111047744750977,14.373032593513193,13.840028727727306,14.373032593513193,99600
2007-04-16,14.363998413085938,14.409168392809242,14.092980257837516,14.17428518748462,69000
2007-04-17,14.192354202270508,14.662119773824996,14.138150051702887,14.336897455056505,77600
2007-04-18,13.95747184753418,14.31883086335728,13.894234385922102,14.183320909343943,138000
2007-04-19,13.234755516052246,13.876166926696751,13.135382232715664,13.876166926696751,367900
2007-04-20,13.550943374633789,13.82196241443562,13.325094318389892,13.424467592980728,307800
2007-04-23,13.686450004577637,13.858095738947293,13.559975107195388,13.659348363930816,247900
2007-04-24,13.830995559692383,13.894233015065218,13.695485619048963,13.731621430911398,143000
2007-04-25,13.966504096984863,14.228488938210726,13.740655066219613,13.767756708678654,348000
2007-04-26,14.788597106933594,14.906037859178955,14.102014900860699,14.246559021981499,526200
2007-04-27,14.291728019714355,15.213192583782067,13.867132413804672,14.887969391030744,629900
2007-04-30,13.47867202758789,14.391102440675965,13.29799295112139,14.291728302460042,367300
2007-05-01,13.352195739746094,13.460603181537698,12.972769262702599,13.370264077484244,484500
2007-05-02,13.072142601013184,13.46963653003973,12.945666829186427,13.252821659661615,714100
2007-05-03,13.162482261657715,13.25282222561268,12.936633213316048,12.981803195293532,264000
2007-05-04,13.026973724365234,13.225721136485511,12.8824304652035,12.954702094784366,211200
2007-05-07,12.584309577941895,13.099245145914221,12.566241240060734,13.036007686421696,232900
2007-05-08,12.746920585632324,12.792090569762136,11.91579597920861,12.593343156518435,557600
2007-05-09,13.117313385009766,13.388331558820012,12.85532765698054,12.864361825853084,407400
2007-05-10,12.755951881408691,13.090208310202671,12.719816074553819,12.990835056738167,324600
2007-05-11,12.909531593322754,12.909531593322754,12.4668676645014,12.683682544551154,239000
2007-05-14,12.792089462280273,12.864361086012705,12.728852006900825,12.837259442499471,304000
2007-05-15,12.20488166809082,12.746918817839356,12.114541712359896,12.48493398007448,460800
2007-05-16,12.195849418640137,12.331358512006705,12.006136170999458,12.26812104997508,268500
2007-05-17,12.168746948242188,12.259086050520452,12.060339508580823,12.141644442167538,265900
2007-05-18,12.141645431518555,12.195849586538886,11.843524732771268,12.195849586538886,311600
2007-05-21,12.656579971313477,12.701749950062808,12.07840613872254,12.141643592044193,240100
2007-05-22,12.792089462280273,12.963735214804084,12.656580383168395,12.728852006900825,149800
2007-05-23,12.530104637145996,12.855326944624096,12.493968825203984,12.855326944624096,92300
2007-05-24,12.078408241271973,12.503004736954246,11.979034959961583,12.49397056732262,173600
2007-05-25,12.66561508178711,12.737886708545306,12.00613541068639,12.177780308850666,324300
2007-05-29,12.4036283493042,12.746918979265175,12.15971184421484,12.69271569437673,229300
2007-05-30,12.304256439208984,12.376528068039182,12.105509029153055,12.268120624793886,136500
2007-05-31,12.259087562561035,12.367495015593416,12.006136838818811,12.28619007197852,167300
2007-06-01,12.457833290100098,12.493969102845119,12.2681200578023,12.340391683292342,205600
2007-06-04,12.674649238586426,12.719819223724594,12.24101944896995,12.358461065710864,306800
2007-06-05,12.448799133300781,12.755953972696823,12.421697489102817,12.647546534359233,197200
2007-06-06,12.277155876159668,12.385563328962354,12.141645913996923,12.331359171788087,133900
2007-06-07,11.915793418884277,12.448797221689796,11.843521804423759,12.18681240388402,327900
2007-06-08,12.222949028015137,12.32232315069906,11.76221767042351,11.87062509935952,245300
2007-06-11,12.150678634643555,12.213916954062446,11.969999568187609,12.213916954062446,108700
2007-06-12,11.879659652709961,12.105508702088827,11.527335687068215,12.060339581449654,205200
2007-06-13,12.20488166809082,12.222949142309604,11.861591042477245,11.906761020342708,230300
2007-06-14,12.3765287399292,12.466868711644159,12.168748011148944,12.250053813383243,275200
2007-06-15,12.864360809326172,13.180549802514253,12.611410131703124,12.864360809326172,603900
2007-06-18,12.674649238586426,12.87339665626688,12.33135855770048,12.87339665626688,192200
2007-06-19,13.108278274536133,13.11731244275973,12.566240242760092,12.566240242760092,344900
2007-06-20,13.216686248779297,13.325093687256233,12.999871371825428,13.144414623128007,287200
2007-06-21,13.261855125427246,13.415432532529003,13.045039404989337,13.063107740669857,211400
2007-06-22,13.288957595825195,13.514806636636946,13.153448515956432,13.162481822814158,304900
2007-06-25,13.225719451904297,13.406398502843084,13.054073707353195,13.325092714534211,217000
2007-06-26,13.722586631774902,13.930368186592126,13.198616953081974,13.29799107729504,285300
2007-06-27,13.785826683044434,13.96650575682012,13.496739303457556,13.57804510204306,174600
2007-06-28,13.8400297164917,13.957471327643786,13.623214832001278,13.812928071316838,184300
2007-06-29,14.598883628845215,15.131887567580455,14.002642226716242,14.020710565712065,597200
2007-07-02,14.698256492614746,15.131886252272231,14.49047578149864,14.851833914546543,262800
2007-07-03,14.63502025604248,14.81569847609868,14.616951917109368,14.77052935185754,101900
2007-07-05,14.490474700927734,14.635017943368144,14.228488997072386,14.635017943368144,224700
2007-07-06,14.689224243164062,14.752461709323477,14.336899371249046,14.454340995220718,116200
2007-07-09,14.336895942687988,14.689220730347175,14.22848851453416,14.680186562614608,145300
2007-07-10,13.7677583694458,14.228490654554752,13.731622554626222,14.165253194006937,153000
2007-07-11,14.183320045471191,14.27366000931102,13.731621949363538,13.731621949363538,110000
2007-07-12,14.454338073730469,14.707289610333646,14.120081609160934,14.32786230542888,173000
2007-07-13,14.273660659790039,14.454339734157855,14.264626490685202,14.445305565053019,66700
2007-07-16,14.219454765319824,14.445303796007417,14.102013165976796,14.192353122870104,82300
2007-07-17,14.264623641967773,14.436268512952404,14.002638821067686,14.210419499709376,113700
2007-07-18,14.111047744750977,14.318829307035882,13.812927084488651,14.147183556251086,111500
2007-07-19,14.12008285522461,14.174286145318826,13.821962175069133,13.975539599579017,123800
2007-07-20,14.156219482421875,14.454340179704618,13.794861322547584,14.092982019830327,170000
2007-07-23,14.129117012023926,14.4543393369488,14.092981198143384,14.237524453665552,141700
2007-07-24,13.830995559692383,14.210421153475105,13.632248163676127,13.91230049022358,224300
2007-07-25,13.704521179199219,13.921336072393034,13.4515704704731,13.821962795065653,176400
2007-07-26,13.261855125427246,13.550941603950239,12.981801953198849,13.550941603950239,205300
2007-07-27,11.581538200378418,12.900496594829844,11.446029124449819,12.421696883463675,1106500
2007-07-30,11.653809547424316,12.141643415420086,11.409893044199267,11.861591102030376,529900
2007-07-31,11.617673873901367,11.906761220164446,11.202111621347271,11.906761220164446,808500
2007-08-01,11.427960395812988,11.653809422303725,11.057568130215486,11.563470328634828,546200
2007-08-02,11.455063819885254,11.60864123916478,10.931094105241833,11.572505426484053,472200
2007-08-03,10.985298156738281,11.473132092595218,10.931094864724063,11.473132092595218,462500
2007-08-06,10.804619789123535,11.11177466916025,10.632974871097879,11.11177466916025,537800
2007-08-07,10.45229434967041,10.750415043613684,10.316785256621941,10.669110104712084,345100
2007-08-08,11.807388305664062,12.033237360395484,10.38002234868514,10.47939648415626,615600
2007-08-09,11.093703269958496,11.744148668199225,11.012397487485204,11.328586450093429,623200
2007-08-10,11.319554328918457,11.635743348680656,10.840754576361952,10.94916201874008,351900
2007-08-13,10.77751636505127,11.626708368535722,10.696210573554158,11.518300933721475,350600
2007-08-14,10.172242164611816,10.922060996665762,10.090936362803058,10.723313576860553,357700
2007-08-15,10.109002113342285,10.524564359288856,10.027697186967545,10.081900471217372,218900
2007-08-16,10.840754508972168,10.840754508972168,9.819916689325131,10.081901555496795,309100
2007-08-17,11.220181465148926,11.500233819465068,10.768483341307329,11.165977311207783,256400
2007-08-20,11.156942367553711,11.29245144021806,10.786549236616194,11.283417272294923,152200
2007-08-21,11.138875961303711,11.40086084563879,11.03046851208359,11.211147594117126,91000
2007-08-22,11.292454719543457,11.527337984480983,11.030469804511887,11.292454719543457,172600
2007-08-23,10.885924339294434,11.292452455378925,10.705245272317521,11.292452455378925,192400
2007-08-24,11.175010681152344,11.238248138272393,10.723312589618883,10.867855841062273,259200
2007-08-27,10.8588228225708,11.220180960782075,10.80461867106623,11.120807688160415,106200
2007-08-28,10.894957542419434,11.066602425448332,10.705244323521349,10.768481775972154,260300
2007-08-29,12.846293449401855,12.873395092574478,10.849787930407423,10.849787930407423,1345600
2007-08-30,13.261855125427246,13.559975771790498,12.421696470287719,12.647545497020223,749400
2007-08-31,13.532873153686523,13.677417253269827,13.017937652791,13.054073462300412,267600
2007-09-04,13.94843578338623,14.210420625032905,13.505771889146281,13.505771889146281,343100
2007-09-05,14.111047744750977,14.156217724512539,13.596112215487997,13.830995421011558,361000
2007-09-06,14.291728019714355,14.345932172354836,13.921335704899374,14.156218930431823,356500
2007-09-07,13.225719451904297,14.002639801713917,13.171515305849825,14.002639801713917,674400
2007-09-10,12.873395919799805,13.36122983598302,12.584309409927013,13.352195667163056,267000
2007-09-11,13.316059112548828,13.433500716036862,12.891463540183294,12.918565183589545,201300
2007-09-12,12.81015682220459,13.325092317420468,12.746918510101384,13.28895650830963,189500
2007-09-13,12.755951881408691,12.999869223838283,12.575272847134324,12.93663091568306,115500
2007-09-14,12.728851318359375,12.746918792542303,12.57527391084899,12.57527391084899,119200
2007-09-17,12.087442398071289,12.683683808392312,11.951932438378252,12.575276357565384,188100
2007-09-18,13.036006927490234,13.090210214886568,12.006134989956992,12.24101819946302,211300
2007-09-19,13.189584732055664,13.550942863805512,12.855327383254872,13.189584732055664,184100
2007-09-20,12.999872207641602,13.261857082858066,12.873396423847318,13.126347129890092,141400
2007-09-21,13.388331413269043,14.002641105191438,13.126346549633745,13.126346549633745,330400
2007-09-24,12.963735580444336,13.433501147954805,12.864361448850126,13.361229522183963,574600
2007-09-25,12.954702377319336,12.999872362178957,12.737887483848118,12.855328238319009,98500
2007-09-26,13.144413948059082,13.469636246787168,13.00890401076311,13.063108157990637,102300
2007-09-27,13.297991752624512,13.469636644411546,13.099244355650802,13.225720128551476,142900
2007-09-28,13.261855125427246,13.424465838823597,13.207650979931353,13.261855125427246,132300
2007-10-01,13.695487022399902,13.912301915791135,13.16248309665377,13.343163036025599,258000
2007-10-02,14.056844711303711,14.445304476535922,13.46963668692478,13.550942479649995,263900
2007-10-03,13.921335220336914,14.047810997731917,13.614180376338872,14.002641015694719,169600
2007-10-04,13.731621742248535,14.21945564422494,13.677418453998786,13.921334974214123,109200
2007-10-05,14.427236557006836,14.616949780342335,13.614179516335108,13.903266866184158,294800
2007-10-08,14.427236557006836,14.535643990120594,14.174285018195706,14.535643990120594,70500
2007-10-09,14.63502025604248,14.68018938028362,14.282695400759179,14.43627197396153,218100
2007-10-10,14.58081340789795,14.589847576229817,14.30979525030762,14.55371262599377,260400
2007-10-11,14.445305824279785,14.616951594168802,14.246559269681494,14.598883255634885,237900
2007-10-12,14.716325759887695,14.77052905249683,14.409170035070792,14.409170035070792,126500
2007-10-15,14.933140754699707,14.960241539642283,14.68922335166683,14.770529152677788,393800
2007-10-16,14.94217300415039,14.99637629016267,14.752458918470316,14.752458918470316,286100
2007-10-17,14.91507339477539,15.104785794189297,14.562749382668578,15.05058249765557,281300
2007-10-18,14.815698623657227,14.987344399048034,14.526612090214808,14.869901917904766,155800
2007-10-19,14.092981338500977,14.788596839561514,14.056845524260543,14.788596839561514,148000
2007-10-22,14.463372230529785,14.589847137187157,13.73162098703715,13.966504187323249,113300
2007-10-23,14.436269760131836,14.526609717851949,14.120081631202813,14.526609717851949,65900
2007-10-24,13.912301063537598,14.336897516577762,13.58707874337354,14.3007617032262,181200
2007-10-25,14.12008285522461,14.734391691718379,13.840029651251951,13.90326797175622,143900
2007-10-26,15.168024063110352,15.240295695132613,13.749691346195387,14.12008367569593,330400
2007-10-29,15.014445304870605,15.457109227334772,14.725357079197757,15.213191844622434,199900
2007-10-30,14.698256492614746,15.050580456950016,14.6350190347178,14.978308830340435,89200
2007-10-31,14.91507339477539,15.177057430598175,14.264627805549626,14.788598461832787,265800
2007-11-01,14.192354202270508,14.960240448082551,13.912301003838332,14.960240448082551,317400
2007-11-02,14.102015495300293,14.345932902274276,13.821963133455153,14.345932902274276,286300
2007-11-05,14.300762176513672,14.345932160084473,13.849064063897204,13.885199878444691,163100
2007-11-06,14.499507904052734,14.625984540120065,14.02974234155742,14.318829703100265,188300
2007-11-07,13.80389404296875,14.544679531506086,13.66838495416885,14.291727968812472,166600
2007-11-08,12.719818115234375,13.930369131403552,12.575274864625351,13.930369131403552,448700
2007-11-09,13.270890235900879,13.397366018221916,12.358460698631369,12.575275586999622,343300
2007-11-12,13.072142601013184,13.27992330307245,13.017938452645799,13.27992330307245,381400
2007-11-13,13.722586631774902,13.993605639058131,13.135379500615967,13.171515310817352,500700
2007-11-14,14.047812461853027,14.129118265684859,13.578045978178368,13.785827572587033,242700
2007-11-15,15.493243217468262,16.188858648083464,13.921334164878843,13.948435807428128,844400
2007-11-16,10.271615028381348,10.70524566664444,9.521796226648327,10.632974037191556,3340600
2007-11-19,9.052030563354492,10.208377486967985,8.934588951039297,10.208377486967985,1315000
2007-11-20,9.061062812805176,9.395319272729171,8.591297279941555,9.250776031848057,750500
2007-11-21,8.970725059509277,9.07913250638136,8.744875996472656,8.98879253654839,450600
2007-11-23,8.87135124206543,9.024928679422825,8.826182117056883,9.024928679422825,174800
2007-11-26,8.103464126586914,8.889418714423059,8.094429957847868,8.83521456353454,461600
2007-11-27,8.311244010925293,8.356413988578092,7.769206863728708,8.112496626180379,381100
2007-11-28,8.790044784545898,8.952656379424083,8.365449182546284,8.383516658896209,265100
2007-11-29,8.546128273010254,8.889418939889234,8.437720830029381,8.853283125562276,203200
2007-11-30,8.329312324523926,8.663568779795465,8.238972369457818,8.654534611979722,408000
2007-12-03,7.859546661376953,8.446754700361405,7.787275035278212,8.446754700361405,307600
2007-12-04,7.904715538024902,7.986021321406172,7.606594906657326,7.77823977926008,322900
2007-12-05,8.14863395690918,8.293177207857733,7.886648237632759,7.886648237632759,273300
2007-12-06,9.350150108337402,9.38628591837304,8.07636086610339,8.266074084176909,374300
2007-12-07,9.350150108337402,9.621168252831856,9.04299529226164,9.350150108337402,255000
2007-12-10,8.781011581420898,9.304981324977595,8.744875766746153,9.232709695628104,288400
2007-12-11,8.329312324523926,9.205605925555128,8.329312324523926,8.84424782838202,228600
2007-12-12,8.537094116210938,8.799078985841257,8.275109246580618,8.50999247081353,286600
2007-12-13,8.573229789733887,8.66356975496868,8.112497517818806,8.446754872260087,229700
2007-12-14,8.365448951721191,8.862317030047901,8.365448951721191,8.455788054069663,123900
2007-12-17,8.139599800109863,8.600332059333985,8.13056563152608,8.44675463959261,184200
2007-12-18,8.16670036315918,8.257040313945803,7.967952988355983,8.202836171164705,200700
2007-12-19,8.11249828338623,8.19380408746113,8.049260818681681,8.139600792441758,402300
2007-12-20,8.11249828338623,8.19380408746113,7.86858173270737,8.19380408746113,249600
2007-12-21,8.121532440185547,8.302211525873188,8.076362453377177,8.302211525873188,668000
2007-12-24,8.266075134277344,8.36544927065883,8.040226077476916,8.248007657737114,288200
2007-12-26,8.338345527648926,8.347379695352917,8.004089076512129,8.21187062597566,485500
2007-12-27,7.778239727020264,8.356413512646265,7.7601722539155595,8.238971922056033,318100
2007-12-28,7.868579864501953,8.085394716193644,7.7872740797311595,7.805342414811618,280600
2007-12-31,8.11249828338623,8.229939904655993,7.624664320482669,7.949887536782271,488400
2008-01-02,7.8414788246154785,8.401584331867198,7.742104697145434,8.175735295319939,240800
2008-01-03,7.778239727020264,8.031191242851047,7.769206421240719,7.841478036750767,178200
2008-01-04,7.4981889724731445,7.8685812934290995,7.4981889724731445,7.687902217541535,274600
2008-01-07,7.669833660125732,7.832445254553171,7.308475518671168,7.552392048766557,375400
2008-01-08,7.2723388671875,7.995055928428645,7.227168889320115,7.687901112785233,249500
2008-01-09,7.308475017547607,7.4801199075828295,6.892912752596022,7.245237562515532,301900
2008-01-10,7.669833660125732,7.832445254553171,7.1187622790210785,7.308475518671168,330600
2008-01-11,7.687900543212891,8.013122808981162,7.615628928597719,7.669832208786295,406800
2008-01-14,7.868579864501953,7.940851481732516,7.4981876108089045,7.751138271115877,191000
2008-01-15,7.534323215484619,7.850511316923326,7.3626774830489214,7.760172228603244,227300
2008-01-16,8.320279121398926,8.36544910416919,7.407848743313451,7.525290353897837,334300
2008-01-17,7.705968856811523,8.329312677805905,7.615629759459408,8.329312677805905,216300
2008-01-18,7.507222652435303,7.9950565563142435,7.335576895368309,7.624663397949685,288800
2008-01-22,7.227169036865234,7.453018069267273,7.091659531269443,7.091659531269443,198200
2008-01-23,7.48915433883667,7.678867572139596,7.001320433421395,7.0464904149784235,287900
2008-01-24,7.3626790046691895,7.588528064463285,7.172966190753214,7.5523922493580615,226400
2008-01-25,7.245237350463867,7.579493813993737,7.145863225126822,7.480119688656692,99800
2008-01-28,7.290406703948975,7.290406703948975,7.073591833258425,7.227169248717326,193200
2008-01-29,7.082625865936279,7.317509068791829,6.956150096349669,7.317509068791829,142100
2008-01-30,6.847743511199951,7.136830466494495,6.757403972286937,7.0193888505211275,248700
2008-01-31,6.7303009033203125,6.856776669931537,6.549621852122617,6.712232998200543,236100
2008-02-01,6.7303009033203125,7.001319910889694,6.667063450787538,6.739335071266616,335500
2008-02-04,6.667062759399414,6.820640152377583,6.630926952907232,6.730300205374335,113800
2008-02-05,6.459282875061035,6.721267736932474,6.305705453114425,6.549622408331726,215100
2008-02-06,6.007584095001221,6.540587496093673,5.989516190401016,6.522519591493469,279800
2008-02-07,6.197299003601074,6.3237743703925,5.6823629355051395,5.971449918944199,669300
2008-02-08,6.097924709320068,6.4231474811002185,5.962415185180598,6.170196340655012,224600
2008-02-11,6.2786030769348145,6.323773056792473,6.097924019049885,6.115991924838378,312000
2008-02-12,6.269569396972656,6.441214718925224,6.251501491018326,6.305705208881317,151400
2008-02-13,6.504452705383301,6.513486874484418,6.079856665407338,6.341841538519231,187600
2008-02-14,6.233433723449707,6.540588131492323,6.22439955488555,6.459282768279241,170500
2008-02-15,6.179229736328125,6.323772980901417,6.052753966553646,6.17019556815587,114400
2008-02-19,6.1882643699646,6.387011790810017,6.134060645399371,6.3508759744331975,109900
2008-02-20,6.414112567901611,6.414112567901611,6.12502607608948,6.161161887565996,133100
2008-02-21,6.341841220855713,6.549622361271802,6.278603332634165,6.432180753477302,181100
2008-02-22,6.549623012542725,6.712234187431053,6.233434401540072,6.4592834709380975,352600
2008-02-25,6.558656692504883,6.630928320393717,6.3418413780655,6.558656692504883,102700
2008-02-26,6.612859725952148,6.685131346327664,6.3508748867044895,6.540587674803797,222900
2008-02-27,6.910981178283691,6.938082823686676,6.486384713090001,6.531554696458824,223800
2008-02-28,6.350875377655029,6.883878834514375,6.350875377655029,6.865810928023768,173300
2008-02-29,5.899177551269531,6.4141131249142065,5.881109643962225,6.323773588377675,267500
2008-03-03,5.664294242858887,5.962414924466268,5.546852631688439,5.890143296291495,235600
2008-03-04,5.375207424163818,5.6191243903022645,5.266799979385152,5.601056482839153,374500
2008-03-05,5.36617374420166,5.501683267035758,5.348105836541974,5.411343297964427,98100
2008-03-06,4.995780944824219,5.456512761544742,4.9686788705357845,5.33003742000205,221400
2008-03-07,4.79703426361084,5.17646077555287,4.688626811848237,4.968679610954754,241300
2008-03-10,4.769931793212891,4.905440869153501,4.751863887702619,4.824135509743704,138500
2008-03-11,5.068052291870117,5.194527626507828,4.733795404168347,4.9144748844236235,212700
2008-03-12,4.995780944824219,5.18549374175183,4.995780944824219,5.158392098236252,148400
2008-03-13,4.8693060874938965,4.950611894864415,4.806068620226105,4.932543985534626,241200
2008-03-14,4.5621514320373535,4.914475864152419,4.462777719624876,4.914475864152419,160800
2008-03-17,4.381471633911133,4.426641617767359,4.137554668787875,4.426641617767359,229300
2008-03-18,4.679591655731201,4.706693728345432,4.3091993915646345,4.498912607545761,518800
2008-03-19,4.390505790710449,4.833169735862524,4.354369976035704,4.7428301991756605,127100
2008-03-20,4.941576957702637,5.0138490145755075,4.435675144229767,4.480845125928702,488500
2008-03-24,4.9054412841796875,4.977713343108216,4.7428301208294865,4.968679174202319,115800
2008-03-25,5.167426109313965,5.42941140539209,4.869305430226817,4.869305430226817,213900
2008-03-26,5.149358749389648,5.284868280852097,5.131290840579517,5.1945287368014395,179000
2008-03-27,5.31196928024292,5.33003718538227,5.0680523454752775,5.149357703215934,119300
2008-03-28,5.194527626037598,5.393274580450294,5.13128974333805,5.330037128523579,111200
2008-03-31,5.194527626037598,5.3752066755036845,5.113221838391441,5.221629698843927,130200
2008-04-01,5.546851634979248,5.601055346370508,5.104187776564224,5.104187776564224,233700
2008-04-02,5.754633903503418,5.92627923954607,5.537819014253475,5.537819014253475,159400
2008-04-03,5.519750595092773,5.790769181529702,5.492648521062654,5.7184975584798545,160300
2008-04-04,5.456512928009033,5.555886629067787,5.375207133436156,5.537818722581911,90700
2008-04-07,5.420377254486084,5.646226306756338,5.420377254486084,5.564920510091724,64700
2008-04-08,5.330037593841553,5.483615014681616,5.2125959860494016,5.366173406889465,182500
2008-04-09,5.302935600280762,6.052754378723879,5.284867693478742,5.3119697690682095,264900
2008-04-10,5.402309894561768,5.745600592158929,5.302936180884078,5.302936180884078,157100
2008-04-11,5.02288293838501,5.474581049003513,4.98674712399736,5.330037791452916,157200
2008-04-14,4.788000583648682,5.013849659655262,4.788000583648682,5.013849659655262,123900
2008-04-15,4.896407127380371,4.923508770234976,4.715727641667338,4.815101337270864,146100
2008-04-16,5.23969841003418,5.3029358716913775,4.9235093786565916,4.968679363359933,136800
2008-04-17,5.330037593841553,5.4023092199373774,5.158392266477533,5.230663892573357,151700
2008-04-18,5.6462273597717285,5.655261530318385,5.384242444740157,5.474581996341913,164100
2008-04-21,5.601056098937988,5.646226079886223,5.402309130466053,5.592022361212059,68200
2008-04-22,5.474581241607666,5.592022857885746,5.411343348818031,5.564920780755073,77600
2008-04-23,5.546851634979248,5.6371911539646815,5.39327423731761,5.510715827385075,111400
2008-04-24,5.781734943389893,5.917244440260909,5.393274356974792,5.619123374835548,175500
2008-04-25,5.031917095184326,5.438445221447477,4.688626428559998,5.420377314297401,474300
2008-04-28,4.914475440979004,5.07708660392862,4.8331696441177545,5.004814975951013,93100
2008-04-29,4.769931793212891,4.905440869153501,4.74282971956106,4.887372963643229,125900
2008-04-30,4.806067943572998,4.923509122295446,4.715727978870208,4.778965868007586,123600
2008-05-01,4.742830276489258,4.842203983851158,4.697660292023058,4.797033999384959,143500
2008-05-02,4.652490139007568,4.815101286747509,4.6344222337031304,4.815101286747509,122700
2008-05-05,4.724761486053467,4.815101007333369,4.643455701515147,4.652489869029545,139300
2008-05-06,5.203561782836914,5.239697592653323,4.661523774045111,4.697659583861521,198000
2008-05-07,4.8512372970581055,5.293901641398421,4.8331693910099,5.203562111157395,70600
2008-05-08,4.923508644104004,4.995780695001452,4.806067476787926,4.8602711918813855,87100
2008-05-09,4.959643840789795,5.031915882749106,4.860270590794708,4.8783384935913405,84600
2008-05-12,4.914475440979004,5.004814975951013,4.88737336510096,4.977713330845852,87000
2008-05-13,4.9325432777404785,4.968679091214756,4.760897948351223,4.9325432777404785,113500
2008-05-14,4.769931793212891,4.950610848315602,4.74282971956106,4.950610848315602,89000
2008-05-15,4.8422040939331055,4.860272001975759,4.742830384312058,4.760898292354711,69900
2008-05-16,4.896407127380371,4.896407127380371,4.715727641667338,4.887372959246939,91100
2008-05-19,4.697659969329834,4.887373201819392,4.63442251234856,4.887373201819392,86000
2008-05-20,4.5982866287231445,4.78799985828987,4.526015004273509,4.670558253172781,100300
2008-05-21,4.444709777832031,4.607320953567502,4.417607699822995,4.598287214746434,102700
2008-05-22,4.616353988647461,4.670557700571527,4.381470806203698,4.444708685501514,94600
2008-05-23,4.354369163513184,4.589251915070055,4.354369163513184,4.589251915070055,65500
2008-05-27,4.20079231262207,4.417607188507482,4.155622331426176,4.35436973176067,154400
2008-05-28,4.471810817718506,4.480844986085493,4.173690153973653,4.200792228301757,92700
2008-05-29,4.860270977020264,4.878338881252677,4.444708748901932,4.444708748901932,109400
2008-05-30,4.9054412841796875,5.086120785341683,4.788000103813206,4.869305470101865,150900
2008-06-02,4.887373924255371,5.04998553658193,4.769932730741995,4.87834018511108,76400
2008-06-03,4.553116798400879,5.049984879058142,4.516980984982847,4.941577008031168,98100
2008-06-04,4.489879131317139,4.652490730503603,4.35437003969228,4.5169812081058485,144800
2008-06-05,4.706693172454834,4.79703268587788,4.498912076195441,4.498912076195441,123700
2008-06-06,4.453742980957031,4.697659930608372,4.381471355989651,4.6615241181246825,148600
2008-06-09,4.634422779083252,4.715728147134839,4.507946996295641,4.507946996295641,157800
2008-06-10,4.498912334442139,4.571183949329112,4.390504912111679,4.562150212854642,85000
2008-06-11,4.417607307434082,4.616354713119063,4.39953940062389,4.4808451966561895,154100
2008-06-12,4.336301803588867,4.507946697413569,4.254996010155056,4.462777147218124,155200
2008-06-13,4.462777137756348,4.507946687856027,4.30016598200635,4.381471344494917,83700
2008-06-16,4.390505790710449,4.444709512722567,4.318234161360959,4.4266416053851945,133000
2008-06-17,4.390505790710449,4.516981142072058,4.363403714317945,4.363403714317945,48900
2008-06-18,4.363402843475342,4.426640721921653,4.291131228549732,4.34533493974394,103900
2008-06-19,4.336301803588867,4.417607166249814,4.173690216721245,4.318233897356117,199400
2008-06-20,4.300166130065918,4.417607308987006,4.200792427188495,4.2911319612712076,339400
2008-06-23,3.9478416442871094,4.309200242814471,3.9478416442871094,4.309200242814471,179700
2008-06-24,3.9207394123077393,4.164656354547866,3.7942636416848208,3.9026715066148725,101000
2008-06-25,4.254995822906494,4.345335350094699,3.9117051888184693,3.9207393569237126,320800
2008-06-26,4.300166130065918,4.381471495353921,4.182724520371952,4.191758258393785,215500
2008-06-27,3.9749433994293213,4.562151020499485,3.9749433994293213,4.273064079001267,3535500
2008-06-30,4.047214508056641,4.2911314355853145,3.91170500814675,4.01107869885038,215700
2008-07-01,3.8032987117767334,4.173691081696397,3.8032987117767334,4.002045721526248,200400
2008-07-02,3.8213658332824707,3.9839769895255825,3.8213658332824707,3.8213658332824707,87900
2008-07-03,3.965909242630005,3.974943411504055,3.7852301728778177,3.8303997249294235,75900
2008-07-07,4.038181304931641,4.146589189217636,3.81233222805962,3.9749438391021488,109900
2008-07-08,4.128520965576172,4.2549963183667,3.7490944764316922,4.002045182012749,203300
2008-07-09,4.038181304931641,4.1014192015340605,4.011079656939838,4.1014192015340605,73200
2008-07-10,4.300166130065918,4.4266414777817165,3.9478413009840208,3.9749433765952733,280700
2008-07-11,4.282098293304443,4.643456902672147,4.227894566515227,4.291132463155777,200700
2008-07-14,4.372437477111816,4.553116533697904,4.282097518045923,4.372437477111816,87000
2008-07-15,4.110452651977539,4.363403332570489,4.065282672199515,4.327267521057211,226500
2008-07-16,4.236928462982178,4.300166355542354,4.038181046806139,4.110453108634727,58800
2008-07-17,4.291131973266602,4.381471507601849,4.164656625197256,4.236928252665453,121200
2008-07-18,4.182724475860596,4.4176072619760935,3.857501725850878,4.408573524050396,225400
2008-07-21,4.300166130065918,4.444709384598259,4.218860334005037,4.282097792476498,133400
2008-07-22,4.589252948760986,4.697660396974339,4.273064342752256,4.3363022362631645,179400
2008-07-23,4.544083595275879,4.697660604992244,4.381471984982311,4.697660604992244,152600
2008-07-24,4.5169806480407715,4.670558058997813,4.4718106692512265,4.661523890930766,62900
2008-07-25,3.7852301597595215,4.327267797910451,3.6587548113713098,4.327267797910451,504600
2008-07-28,3.7852301597595215,4.029147118466083,3.6226189975461067,3.749094345934318,211100
2008-07-29,3.911705255508423,4.011078952496075,3.7039241240467056,3.8665357065306556,125700
2008-07-30,3.9207394123077393,3.9478410554606134,3.658754564374746,3.9026715066148725,207600
2008-07-31,3.8032987117767334,3.86653661208351,3.6497212615838133,3.8484687021062816,144400
2008-08-01,3.8032987117767334,3.8304003613560997,3.6406875219816754,3.7400608114699563,122400
2008-08-04,3.7129580974578857,3.8394334310404736,3.658754383065348,3.8394334310404736,62600
2008-08-05,3.7400596141815186,3.8032974942442377,3.658754260698383,3.7761954225679824,144600
2008-08-06,3.7310266494750977,3.7852303732703336,3.6587550177481165,3.740060388054518,121100
2008-08-07,3.776195526123047,3.8032975985425255,3.7129580750989746,3.7671617891651055,111400
2008-08-08,3.7671616077423096,3.803297415379465,3.7129578962865764,3.7761953442651954,59300
2008-08-11,3.812331438064575,3.839433511213188,3.712958174989619,3.803297700863597,88700
2008-08-12,3.685856342315674,3.9207395556852345,3.676822604525311,3.7671621362932703,65500
2008-08-13,3.776195526123047,3.8032975985425255,3.640686456344134,3.6948901704102646,115600
2008-08-14,3.7942638397216797,3.8755696349696596,3.7129584752465727,3.7129584752465727,86300
2008-08-15,3.6768229007720947,3.758128270527713,3.6587549929627463,3.6858566392903183,72000
2008-08-18,3.6948904991149902,3.821365843187457,3.6948904991149902,3.740060049468724,98700
2008-08-19,3.577449321746826,3.7490946675264825,3.487109564048158,3.7129588506015985,105000
2008-08-20,3.351599931716919,3.60455084151244,3.3064301648581544,3.60455084151244,94000
2008-08-21,3.2522263526916504,3.5413133023340007,3.216090537832968,3.5413133023340007,112200
2008-08-22,3.243192434310913,3.3154642802021113,3.16188684999307,3.2702942957501944,46500
2008-08-25,3.297396183013916,3.432905482420109,3.261260154452495,3.261260154452495,65300
2008-08-26,3.2522263526916504,3.369667966368814,3.2070565841182974,3.3154642440807907,51600
2008-08-27,3.5142111778259277,3.5684148960517845,3.216090296810856,3.351599807761928,259400
2008-08-28,3.5684151649475098,3.5955170261026823,3.496143319813937,3.5684151649475098,64900
2008-08-29,3.60455060005188,3.649720363884826,3.5051771196193986,3.5955166472852906,28000
2008-09-02,3.5684151649475098,3.613584933539464,3.487109366095546,3.613584933539464,67500
2008-09-03,3.60455060005188,3.6406866265046602,3.568414788985523,3.5955166472852906,48600
2008-09-04,3.60455060005188,3.6948903431041957,3.5593808362189336,3.613584552818469,47400
2008-09-05,3.5864830017089844,3.6406869383376317,3.568415094628249,3.568415094628249,30800
2008-09-08,3.7942638397216797,3.7942638397216797,3.568415006772948,3.6135847733626942,68900
2008-09-09,3.65875506401062,3.848468315079195,3.5684153078231557,3.848468315079195,88100
2008-09-10,3.6406867504119873,3.703924206543915,3.568414910433146,3.6677883942477103,49300
2008-09-11,3.6948904991149902,3.7039242368765906,3.4058035676050578,3.5684149396560905,65000
2008-09-12,3.721992015838623,3.721992015838623,3.5684148175761257,3.595516676093037,31100
2008-09-15,3.44193959236145,3.649720742960467,3.3606340090174007,3.514211437387051,55700
2008-09-16,3.496143341064453,3.568415186637314,3.31546426559842,3.387735895784833,59500
2008-09-17,3.7852301597595215,3.8755696943225293,3.396769730365706,3.396769730365706,278100
2008-09-18,3.956876277923584,4.2188611956571895,3.595517637016655,3.667789279043448,186100
2008-09-19,3.956876277923584,4.2188611956571895,3.9026725464034895,4.2188611956571895,122800
2008-09-22,3.7490944862365723,3.9659093773016494,3.685856594289477,3.8394340241803544,67600
2008-09-23,3.8032987117767334,3.965909901571791,3.7039249915154993,3.7490949818450474,67600
2008-09-24,3.685856342315674,3.8936374807684135,3.5684149510173264,3.8936374807684135,133400
2008-09-25,3.432905435562134,3.6677884333799002,3.3425659038577753,3.6677884333799002,456600
2008-09-26,3.3696680068969727,3.432905683660248,3.116717084457423,3.396769868366948,423700
2008-09-29,2.9541053771972656,4.065282652882816,2.6921205295844235,3.369667638398226,185000
2008-09-30,2.7282564640045166,3.17995455692429,2.7011546042757026,2.9721734169502794,288100
2008-10-01,2.7192227840423584,2.8637662658423637,2.701154875740665,2.737290692344052,241800
2008-10-02,2.7282564640045166,2.764392276976269,2.610815071846322,2.755358323733331,192000
2008-10-03,2.68308687210083,2.764392456569419,2.610815241462084,2.755358502739576,73000
2008-10-06,2.4753053188323975,2.665018534004281,2.303660008401987,2.6559845816335446,339700
2008-10-07,2.348829984664917,2.7463243560348056,2.348829984664917,2.7011545900578713,142400
2008-10-08,2.4391701221466064,2.583713396392263,2.086845460399882,2.2404229046723603,302600
2008-10-09,2.3036599159240723,2.484339171472048,2.2675241078917585,2.484339171472048,98200
2008-10-10,2.1681509017944336,2.330762057889192,1.942301858498615,2.2042867142599354,310300
2008-10-13,2.0778110027313232,2.3939997693688304,1.9513356683854532,2.2946260769963738,107300
2008-10-14,2.068777322769165,2.168151028230731,2.0326415081963938,2.077811276412358,239700
2008-10-15,1.9061657190322876,2.113946843928856,1.8880978138574922,2.113946843928856,331500
2008-10-16,1.8700298070907593,1.978437447636558,1.8158260945110636,1.915199567573839,179000
2008-10-17,1.9513356685638428,2.430135579404097,1.8609959286364035,1.8971317384528128,95700
2008-10-20,2.0597431659698486,2.0597431659698486,1.96036968569611,2.0236073549612166,71400
2008-10-21,2.1139471530914307,2.132015060908639,2.014573660096785,2.06877738354841,87600
2008-10-22,1.842928171157837,2.041675356433781,1.842928171157837,2.005539543726597,107100
2008-10-23,1.8158260583877563,1.9694034563614282,1.7706562988032655,1.8790637218060433,206700
2008-10-24,2.041675090789795,2.0507090427911763,1.7706563153619541,1.7706563153619541,61000
2008-10-27,1.8971319198608398,2.0326414350165156,1.8609961065890428,2.0326414350165156,117900
2008-10-28,1.842928171157837,2.014573496903393,1.8067923584506531,1.8790639838650205,51300
2008-10-29,1.8971319198608398,1.942301901837023,1.8429281999531442,1.8880979665428905,75200
2008-10-30,2.2765583992004395,2.303660259263964,1.942301909697199,1.98747167646974,123200
2008-10-31,2.3307621479034424,2.3488300548339773,2.186218892459161,2.33979610136871,99600
2008-11-03,2.547576904296875,2.547576904296875,2.2042865033368417,2.339795787115903,384100
2008-11-04,2.61984920501709,2.6650189743339814,2.5566113125869925,2.5746792203137487,256700
2008-11-05,2.61984920501709,2.6830868820607376,2.5475773587236143,2.5475773587236143,113000
2008-11-06,2.6379170417785645,2.710188670741338,2.4482038003648396,2.5566112438090003,105600
2008-11-07,2.5295093059539795,2.692120681557049,2.502407445917874,2.674052774866312,33900
2008-11-10,2.3668978214263916,2.71018846352505,2.1591169040449847,2.5656450012646,140500
2008-11-11,2.2675247192382812,2.30366053701316,2.150083311469925,2.2946265825694403,47700
2008-11-12,2.177184581756592,2.303659909517984,1.9965053267110546,2.303659909517984,46900
2008-11-13,2.177184581756592,2.2494561976202445,1.9965053267110546,2.2494561976202445,35000
2008-11-14,2.150083065032959,2.2765584127487575,2.141048896238249,2.186218878666044,24800
2008-11-17,2.095879554748535,2.1591174568328255,2.0507097785358157,2.0507097785358157,21700
2008-11-18,2.2584903240203857,2.3488298508266325,2.1771847498947636,2.195252655256013,136800
2008-11-19,2.0597431659698486,2.2494563891515913,2.0597431659698486,2.2494563891515913,28800
2008-11-20,1.8248604536056519,2.023607659444128,1.707418942463503,2.005539751221217,242200
2008-11-21,1.8700298070907593,1.915199567573839,1.6893506574652368,1.6893506574652368,368200
2008-11-24,1.9151999950408936,1.951336026879222,1.752588821007467,1.8971320868149573,99400
2008-11-25,1.9151999950408936,1.9603699809921902,1.8519623162501166,1.9603699809921902,127400
2008-11-26,2.2584903240203857,2.2584903240203857,1.9332678121314757,1.9423017648121004,79800
2008-11-28,2.5837130546569824,2.601781176934374,2.1952528411150736,2.2584905152334054,42800
2008-12-01,2.231388568878174,2.710188513803808,2.231388568878174,2.6017810766371428,77300
2008-12-02,2.375931978225708,2.4933733657415833,1.9874715733618828,2.2584903753234062,89700
2008-12-03,2.3849658966064453,2.4030338021167164,2.2675242954032595,2.2946261536686663,28900
2008-12-04,2.375931978225708,2.4843394128557468,2.285592233980916,2.457237554198237,240300
2008-12-05,2.159116744995117,2.3939997192493365,2.12298072055212,2.3939997192493365,53700
2008-12-08,2.0868453979492188,2.258490746365768,2.0687774892092095,2.258490746365768,56300
2008-12-09,2.159116744995117,2.258490219900728,2.113946768287973,2.132014672816266,55200
2008-12-10,2.1049129962921143,2.339795990662108,2.0687771841407967,2.321728084586449,25800
2008-12-11,2.122980833053589,2.16815081215439,2.005539447396205,2.1500829066686387,75200
2008-12-12,2.4211020469665527,2.439169955009206,2.0868453174045567,2.113947179468537,80100
2008-12-15,2.565645217895508,2.6108152017440065,2.43916986620176,2.4482038198941702,101300
2008-12-16,2.628882884979248,2.8185958963441435,2.5746789520599935,2.5746789520599935,204800
2008-12-17,2.5295093059539795,2.7192225415931546,2.4933734925725055,2.7192225415931546,40200
2008-12-18,2.565645217895508,2.6108152017440065,2.4843396346638125,2.6108152017440065,86400
2008-12-19,2.2584903240203857,2.574678883228671,2.2133205606172623,2.4843393564224243,169200
2008-12-22,2.2494561672210693,2.393999612381418,2.1320145776433352,2.2494561672210693,60000
2008-12-23,2.2675247192382812,2.357864263675478,2.2584907647945616,2.2675247192382812,26900
2008-12-24,2.3578639030456543,2.5656450388580274,2.348829949983657,2.5656450388580274,27100
2008-12-26,2.2855923175811768,2.421101831211692,2.16815092576964,2.41206787799542,72800
2008-12-29,2.4391701221466064,2.529509668550142,2.1862191768302393,2.1862191768302393,82100
2008-12-30,2.7282564640045166,2.8005280899480214,2.493373464301692,2.493373464301692,171600
2008-12-31,2.7463245391845703,2.872800107740955,2.71018872399316,2.764392446780276,99400
2009-01-02,3.1618869304656982,3.3244983186264268,2.7643925218001186,2.7643925218001186,400700
2009-01-05,3.2612600326538086,3.4148374482982558,3.2160902678720387,3.279328153952945,104600
2009-01-06,3.37870192527771,3.4148377401919454,3.0715472831202626,3.2612603114199983,356800
2009-01-07,3.3606338500976562,3.441939429596877,3.179954569157397,3.2793282705984357,78700
2009-01-08,3.37870192527771,3.4238716939205043,3.1799547278629685,3.1799547278629685,65200
2009-01-09,3.1618869304656982,3.3516001807554727,3.1618869304656982,3.3244983186264268,36900
2009-01-12,2.8908674716949463,3.20705601054544,2.8185956395167473,3.20705601054544,87300
2009-01-13,2.8637659549713135,2.990241299353861,2.7824601610532427,2.8547320018011315,39700
2009-01-14,2.7282564640045166,2.8366641183062087,2.7282564640045166,2.773426230219207,47800
2009-01-15,2.7192227840423584,2.8999020824457507,2.619849288383044,2.8637662658423637,87300
2009-01-16,2.710188627243042,2.890867912136533,2.574679109726314,2.7914942085212147,59800
2009-01-20,2.68308687210083,2.8456982564244573,2.6650189644411437,2.7101887335903596,47500
2009-01-21,2.764392137527466,2.7824600431019126,2.574678913609349,2.646950751293561,49200
2009-01-22,2.6469509601593018,2.746324448660128,2.6198490996590764,2.719222588159903,33300
2009-01-23,2.701154947280884,2.782460536791887,2.529509598482303,2.547577507262526,72800
2009-01-26,2.93603777885437,3.026377316664541,2.683086857599444,2.683086857599444,67800
2009-01-27,2.8637659549713135,3.0715470932719318,2.8095620205637886,3.0715470932719318,75200
2009-01-28,2.9450716972351074,3.0263772802869537,2.8456982068384065,2.8908679752005435,50400
2009-01-29,2.881833791732788,2.999275180109653,2.8547319328765886,2.9721733212534533,44200
2009-01-30,2.8547322750091553,2.9360378613220264,2.8005283354141204,2.890868091148209,36600
2009-02-02,3.0354113578796387,3.044445311920876,2.7643925212560654,2.845698323013655,68200
2009-02-03,2.9812076091766357,3.0896152721686425,2.89086806950534,3.0263773790122834,125400
2009-02-04,2.9812076091766357,3.062513410267254,2.818596222381851,3.053479456300124,112100
2009-02-05,3.1799545288085938,3.550347039267084,2.9089357185302407,2.9089357185302407,77400
2009-02-06,3.2070562839508057,3.288362075159394,3.170920472474289,3.234158142558193,43800
2009-02-09,3.152852773666382,3.2702941686730607,3.1347848667422773,3.261260215211008,187900
2009-02-10,3.071547269821167,3.1799547140944937,3.053479362442279,3.1167170382683866,58100
2009-02-11,3.080580711364746,3.161886281052708,3.026376782853028,3.0444446872281308,80800
2009-02-12,3.125750780105591,3.2160903108771386,2.990241268561838,3.0534791554883522,75900
2009-02-13,3.2251245975494385,3.2341585515610323,3.0444453019311033,3.1799548274914677,112400
2009-02-17,3.1438188552856445,3.188988623099947,2.936037707953411,3.035411197144876,52600
2009-02-18,3.1980223655700684,3.4238714051203436,3.1076828359045297,3.161886553703853,228400
2009-02-19,3.2522263526916504,3.324498197795461,3.1618868155449444,3.2522263526916504,239800
2009-02-20,3.1618869304656982,3.5232455229592166,3.0354113584770306,3.5232455229592166,86900
2009-02-23,3.0263772010803223,3.1799546248785897,2.791494196358146,3.16188671800661,84100
2009-02-24,2.9812076091766357,2.999275517110895,2.818596222381851,2.999275517110895,54000
2009-02-25,3.0263772010803223,3.107682997390671,2.800528149794136,2.863766039232505,91700
2009-02-26,2.710188627243042,3.0625132435546716,2.6830867668169844,3.008309307316116,63300
2009-02-27,2.8095624446868896,2.836664523675117,2.728256853881604,2.728256853881604,22100
2009-03-02,2.592747211456299,2.836664404387897,2.538543486532147,2.7824604640772876,97900
2009-03-03,2.4933736324310303,2.6830868787116167,2.43916990931842,2.674052924859515,99000
2009-03-04,2.4933736324310303,2.637917109451108,2.384966186205809,2.5566113093957425,69200
2009-03-05,2.457237720489502,2.574679115953114,2.2584905281646406,2.4843395809811044,87600
2009-03-06,2.2584903240203857,2.6288828146988408,2.249456371339761,2.619848862018216,107200
2009-03-09,2.0236072540283203,2.2584902292554285,1.9332677310126682,2.204286515446037,172900
2009-03-10,2.5204756259918213,2.5204756259918213,1.9965058443552306,2.0597435246318803,148300
2009-03-11,2.574679374694824,3.053479604322696,2.2675247095361266,2.5114416938593638,147400
2009-03-12,2.7463245391845703,2.773426400578128,2.6559850012060444,2.665018955003897,48100
2009-03-13,2.6650187969207764,2.881833890594687,2.637916937134842,2.8005280958504484,51700
2009-03-16,2.565645217895508,2.692120784975702,2.4482038198941702,2.655984970206059,78100
2009-03-17,2.9992756843566895,3.044445456711097,2.5837133479232124,2.8728003217643487,238800
2009-03-18,3.288362503051758,3.3064304111410707,2.9812076347605303,3.017343450939156,174400
2009-03-19,3.2251245975494385,3.3877359851445856,3.2251245975494385,3.2973964450286446,232400
2009-03-20,3.1709206104278564,3.297396171484516,2.8276301710793845,3.2341582832629685,125200
2009-03-23,3.3967700004577637,3.514211620114412,3.125751159832405,3.125751159832405,233900
2009-03-24,3.6226186752319336,3.694890296452139,3.134784585836287,3.134784585836287,214700
2009-03-25,3.7581279277801514,4.065282763298943,3.2883621521940634,3.396769589163215,403100
2009-03-26,3.857501745223999,4.020112905659086,3.6316526958999407,3.6316526958999407,538000
2009-03-27,3.685856342315674,3.866535836624459,3.450973344332546,3.8123316867908166,128300
2009-03-30,3.6497209072113037,3.731026709600859,3.423871839038461,3.613585090765482,71200
2009-03-31,3.685856342315674,3.8484679302708673,3.3877356720949745,3.532279138310143,163300
2009-04-01,3.7039246559143066,3.767162550491293,3.5774492975332484,3.6587551004503855,124800
2009-04-02,3.7942638397216797,3.9026717103099444,3.6858563999062883,3.7581280264498824,85300
2009-04-03,3.8665354251861572,3.920739138479112,3.76716173542933,3.794263376689397,40400
2009-04-06,3.8213658332824707,3.902671626790459,3.721992133525248,3.902671626790459,28700
2009-04-07,3.5684151649475098,3.7761961004704983,3.5684151649475098,3.7671623621385537,52200
2009-04-08,3.6226186752319336,3.640686580536985,3.4509731440611047,3.568414743930359,82100
2009-04-09,3.7942638397216797,3.8575017283337614,3.5864829134088465,3.6135847733626942,116200
2009-04-13,3.7852301597595215,3.8394338804973263,3.749094345934318,3.7852301597595215,57200
2009-04-14,3.7310266494750977,3.86653617434964,3.6226192018846257,3.6226192018846257,47500
2009-04-15,3.6226186752319336,3.7942635602434995,3.613584507192987,3.740059844328346,53500
2009-04-16,3.721992015838623,3.7852299010978414,3.5322790062202443,3.613584581770978,69700
2009-04-17,3.9388070106506348,4.065282340631676,3.7400596327647526,3.7400596327647526,154300
2009-04-20,3.7129580974578857,3.7942634536602773,3.694890192660373,3.785229716647936,55100
2009-04-21,3.839433431625366,3.8665355042121785,3.7219918350372287,3.7219918350372287,62100
2009-04-22,3.893637180328369,3.974942968032265,3.7581276777461534,3.7581276777461534,61600
2009-04-23,3.9207394123077393,4.038180583924947,3.7942636416848208,4.038180583924947,99700
2009-04-24,4.002045154571533,4.128520937267737,3.5232453926182625,3.9568756014139392,301300
2009-04-27,3.8032987117767334,3.974944071946882,3.7219929014927278,3.911706171640105,66000
2009-04-28,3.812331438064575,3.893637226737575,3.6316523863166195,3.79426353288978,59100
2009-04-29,3.884603977203369,3.947841437867461,3.821366085766385,3.821366085766385,56200
2009-04-30,3.911705255508423,4.011078952496075,3.839433632525713,3.920739423767688,69900
2009-05-01,4.002045154571533,4.002045154571533,3.857501895230605,3.965909339736301,56600
2009-05-04,4.101418972015381,4.128521049263457,3.9478415394130537,4.002045263136304,88100
2009-05-05,4.128520965576172,4.173690519043484,3.848468183296412,4.038180997095757,50600
2009-05-06,4.218860149383545,4.2549959614352915,4.092384807202433,4.155622262906559,63000
2009-05-07,4.002045154571533,4.245962120095795,3.839433987812989,4.218860474355818,96300
2009-05-08,4.19175910949707,4.245962840952334,3.9478421025619017,4.020113744502253,68400
2009-05-11,4.19175910949707,4.245962840952334,4.047215825616368,4.155623288526895,41500
2009-05-12,4.164656162261963,4.245961518739496,4.056248302337199,4.182724067120618,22700
2009-05-13,3.9297733306884766,4.164656546282258,3.893637517639106,4.065282845010052,43900
2009-05-14,4.020112991333008,4.02914716026948,3.8123318442958687,4.01107925316942,40200
2009-05-15,4.029147148132324,4.110452945224119,3.9388076129041543,3.9388076129041543,50500
2009-05-18,4.616353988647461,5.0590178514137385,4.038180199911803,4.038180199911803,368400
2009-05-19,4.760898590087891,4.851238135950739,4.6073211467345825,4.6073211467345825,246300
2009-05-20,4.788000583648682,5.14935876064087,4.715728517477317,4.715728517477317,227500
2009-05-21,4.5350494384765625,4.769932684786202,4.50794735975894,4.688626879406261,84400
2009-05-22,4.5169806480407715,4.751863848509856,4.5169806480407715,4.607320174847018,99100
2009-05-26,4.5621514320373535,4.733796347877651,4.480845628175062,4.480845628175062,110200
2009-05-27,4.697659969329834,4.833169482647071,4.5711846245944185,4.5711846245944185,87100
2009-05-28,4.8422040939331055,4.878339910018412,4.706694568226751,4.7247624762694045,116700
2009-05-29,4.995780944824219,5.022882588339796,4.769931905254411,4.860271434927762,161300
2009-06-01,5.149358749389648,5.257766633023363,4.986747570098465,5.05901920533899,210100
2009-06-02,5.131290435791016,5.26679995656362,5.013849253176124,5.013849253176124,109400
2009-06-03,5.149358749389648,5.248732463231834,5.05901920533899,5.131290840579517,113300
2009-06-04,5.131290435791016,5.194528327024336,4.905441378094306,5.194528327024336,184400
2009-06-05,5.284868240356445,5.3300382274221185,5.086121244967911,5.104189153639596,98500
2009-06-08,5.36617374420166,5.375207482645054,5.086120960090071,5.212596313707876,132900
2009-06-09,5.944346904754639,5.944346904754639,5.4113430109088085,5.4113430109088085,398500
2009-06-10,6.061788558959961,6.061788558959961,5.835939508121729,5.971449024779244,251000
2009-06-11,6.097924709320068,6.097924709320068,5.935313538816445,6.079856801486333,116500
2009-06-12,6.0527544021606445,6.188263919086932,5.980482774672725,5.998550681544706,183600
2009-06-15,6.007584095001221,6.179229404089578,5.881108762799787,5.989516190401016,312000
2009-06-16,5.9624152183532715,6.134060559115185,5.899177755969816,6.052754758024567,220100
2009-06-17,5.87207555770874,6.043720894934513,5.799803927460603,5.962415095518911,209300
2009-06-18,6.03468656539917,6.043720734326557,5.790769604407196,5.790769604407196,148500
2009-06-19,6.3237738609313965,6.359909677103458,6.034686900782,6.088890625040092,222400
2009-06-22,6.206332206726074,6.359909639946532,6.188264298745603,6.32377382398559,228700
2009-06-23,6.079856872558594,6.305705938506873,5.980483162924937,6.18826432082827,273000
2009-06-24,6.612859725952148,6.847742492172571,6.052753806496236,6.061787974429594,635600
2009-06-25,6.658029556274414,6.694165367997986,6.4502484234774515,6.630927912868163,264200
2009-06-26,6.865810871124268,7.001320384067239,6.341841156466121,6.676097639158681,5859800
2009-06-29,6.847743511199951,6.901947234547759,6.630928617808718,6.865811418982553,428000
2009-06-30,7.109727382659912,7.136829455882473,6.685131394507289,6.883878351972321,291300
2009-07-01,7.082625865936279,7.227169110294866,7.019387981142974,7.227169110294866,189100
2009-07-02,6.667062759399414,7.037454991330672,6.612859049661141,7.037454991330672,140700
2009-07-06,6.54058837890625,6.639962083006704,6.115992348105394,6.639962083006704,155400
2009-07-07,6.377975940704346,6.639960755788578,6.368942204377026,6.549621238651394,207300
2009-07-08,6.2786030769348145,6.567690000323554,6.125026093119051,6.432180491523431,153300
2009-07-09,6.341841220855713,6.540588192623208,6.2876375012827594,6.323773314331396,120000
2009-07-10,6.350875377655029,6.368943284145637,6.188263788466695,6.332807471164422,88800
2009-07-13,6.396044731140137,6.513486335091765,6.287637295541491,6.350875181693796,166200
2009-07-14,6.414112567901611,6.531554170586716,6.3147388709547645,6.441214641895425,371900
2009-07-15,6.929049491882324,6.965185308387682,6.531555079550486,6.531555079550486,163100
2009-07-16,7.236203193664551,7.272339004330781,6.775470961510848,6.775470961510848,280100
2009-07-17,7.507222652435303,7.561425940896443,7.209101550488957,7.281373606907169,243800
2009-07-20,7.678866863250732,7.72403684063781,7.4530178378610055,7.54335779263516,211800
2009-07-21,7.7330708503723145,7.760172491632382,7.588526753378794,7.724036682770412,148300
2009-07-22,7.868579864501953,8.03119143404354,7.416881826038111,7.715002462500595,273100
2009-07-23,8.085396766662598,8.220906729494665,7.814377702544317,7.823411872375626,374900
2009-07-24,7.443984031677246,7.832444649912251,7.272339143123234,7.769207195425883,360900
2009-07-27,7.398814678192139,7.498188813989243,7.272339758516951,7.462052999575508,179900
2009-07-28,7.263304233551025,7.480119079556581,6.956149437603681,7.407847464221396,256500
2009-07-29,7.172966003417969,7.4891545927172745,7.091660206168219,7.136830189256498,194600
2009-07-30,7.2723388671875,7.443983749228758,7.209100984327728,7.2452372250853365,222500
2009-07-31,7.10069465637207,7.272339995824815,7.082626748575618,7.10069465637207,164400
2009-08-03,7.4259161949157715,7.471086172295967,7.037455595610006,7.0916593100025445,255400
2009-08-04,7.462053298950195,7.633698208915324,7.335577512655074,7.425917483086705,145600
2009-08-05,7.20910120010376,7.525289762320806,7.136829577971046,7.489153951254449,166200
2009-08-06,6.992286682128906,7.37171317138047,6.874845498462433,7.2362040801673935,126200
2009-08-07,7.218134880065918,7.290406501623734,6.8658105095851445,7.1097274477291945,161600
2009-08-10,7.163931846618652,7.308475534282108,7.064558572892826,7.236203905836822,76500
2009-08-11,6.910981178283691,7.163931878985013,6.874845363897789,7.064558604810223,78900
2009-08-12,6.838708400726318,7.055523250620564,6.820640496568464,6.883877945734546,186000
2009-08-13,7.037456512451172,7.055524419602574,6.730301660104436,6.83870953378574,229200
2009-08-14,7.037456512451172,7.272339736192295,6.9109811623913515,7.019388605299769,143700
2009-08-17,7.145864009857178,7.2000677317247685,6.820641678651633,6.901947046066574,168600
2009-08-18,7.290406703948975,7.407848307626117,7.172965531044689,7.172965531044689,145000
2009-08-19,7.796308994293213,7.796308994293213,7.1548976837543865,7.245237644721547,124000
2009-08-20,7.805342674255371,7.895681768023562,7.606595289492288,7.724036886782034,166200
2009-08-21,8.229940414428711,8.257042925163002,7.823412230419191,7.904718039530273,213300
2009-08-24,8.193802833557129,8.66356924674746,8.148633715135198,8.275108625189741,340600
2009-08-25,8.38351821899414,8.53709567350387,8.15766912254406,8.28414492671264,133500
2009-08-26,8.41061782836914,8.491922751334183,8.220904618359441,8.401583660857813,128600
2009-08-27,8.482889175415039,8.500956648317093,8.130564407596122,8.446753368065325,99000
2009-08-28,8.356415748596191,8.636468979791479,8.2209066486427,8.573230653140117,96500
2009-08-31,8.11249828338623,8.347381525925755,7.904717549902232,8.19380408746113,220900
2009-09-01,7.651766777038574,8.365449807899827,7.6427326074153825,8.06732910270119,187900
2009-09-02,8.013124465942383,8.049260280722166,7.44398473700147,7.570460519503601,139300
2009-09-03,7.895683288574219,8.112498189226887,7.778241668667565,8.085396542031761,67800
2009-09-04,8.103464126586914,8.112497433780208,7.66079933537697,7.859546739907205,91100
2009-09-08,8.229940414428711,8.248008754918239,7.9950580188861196,8.094431306940836,102500
2009-09-09,8.338345527648926,8.446753817005513,8.22090479367965,8.248006435245973,86100
2009-09-10,8.238972663879395,8.374482601321036,8.04022527255907,8.374482601321036,111100
2009-09-11,8.058294296264648,8.38351662308606,8.04022595844613,8.220905890448238,54700
2009-09-14,8.193802833557129,8.202837001859798,7.995056300172643,7.995056300172643,57600
2009-09-15,8.14863395690918,8.266074702145579,8.004089844414892,8.157667263934163,79100
2009-09-16,8.16670036315918,8.229937811782442,8.02215713113708,8.09442874714813,79400
2009-09-17,8.103464126586914,8.130565771258297,8.049259975698394,8.130565771258297,51400
2009-09-18,8.076362609863281,8.157668415384546,8.022159313879676,8.10346511940094,159000
2009-09-21,8.022157669067383,8.130565100353278,7.967953522651595,7.995056026632328,60200
2009-09-22,8.004090309143066,8.202837721509734,7.9498870176631105,8.040226123978298,81700
2009-09-23,7.976988315582275,8.175735719282956,7.904716689063073,8.031192466244551,118600
2009-09-24,7.895683288574219,8.130566528387524,7.760174191052759,8.02215907806119,93500
2009-09-25,7.859546661376953,8.013124082223214,7.6788675961300985,7.859546661376953,62000
2009-09-28,7.904715538024902,8.031191296789723,7.859545562641349,7.859545562641349,192100
2009-09-29,7.705968856811523,7.986022040158189,7.6788672137604586,7.93181789251036,86900
2009-09-30,7.868579864501953,8.094428883733874,7.615629204194979,7.796308247271389,181200
2009-10-01,7.218134880065918,7.850511999469648,7.209101142757612,7.850511999469648,188600
2009-10-02,7.046490669250488,7.317509706826616,7.028422762130272,7.191033926212218,214300
2009-10-05,7.046490669250488,7.0826264834909205,6.947116964702857,7.0826264834909205,168500
2009-10-06,7.263304233551025,7.290405873915316,7.037455220242168,7.163930547078742,152800
2009-10-07,7.181999206542969,7.353644957182387,7.145863395073465,7.353644957182387,75500
2009-10-08,7.41688346862793,7.543359257564361,7.182000229837055,7.200068138146128,130600
2009-10-09,7.859546661376953,7.904716643075102,7.407848567486947,7.407848567486947,114400
2009-10-12,8.13056468963623,8.275107924049129,7.841478220810435,7.841478220810435,149600
2009-10-13,8.257041931152344,8.266075238763753,8.11249780927452,8.12153197843172,122900
2009-10-14,8.663570404052734,8.708740390054315,8.229939744601712,8.311245547095393,214400
2009-10-15,8.356415748596191,8.62743481004902,8.311245761429745,8.62743481004902,78900
2009-10-16,8.157668113708496,8.293178071747974,8.058294833716205,8.293178071747974,103400
2009-10-19,8.27510929107666,8.347380920222204,8.076361880153529,8.220905999990393,56900
2009-10-20,8.202837944030762,8.320279560817589,7.986023049137762,8.320279560817589,104800
2009-10-21,8.085396766662598,8.446755806002257,8.049260948883218,8.15766840222136,88800
2009-10-22,8.058294296264648,8.130565924447184,7.8053435976257735,8.03119265108264,80500
2009-10-23,7.678866863250732,7.877614246826477,7.245237148044373,7.245237148044373,287200
2009-10-26,7.69693660736084,8.031193122720996,7.615630805494296,7.615630805494296,265600
2009-10-27,7.669833660125732,7.976988511134997,7.651766183825888,7.715003643193995,124200
2009-10-28,7.227169036865234,7.71500291239181,7.227169036865234,7.62466295481272,171400
2009-10-29,7.245237350463867,7.317508971684072,7.227169014385974,7.28137316107397,190600
2009-10-30,6.865810871124268,7.236203597271439,6.838709226999393,7.2181352601577,305400
2009-11-02,6.8116068840026855,6.983252202871589,6.757403167113482,6.8748447690931815,184400
2009-11-03,6.965184211730957,7.073591644178457,6.802573063059707,6.820640968467624,121700
2009-11-04,6.983252048492432,7.055523669413657,6.883878354339327,7.010354121724311,149000
2009-11-05,7.443984031677246,7.453018199902642,6.974218053277933,7.0555238442150925,163400
2009-11-06,7.4981889724731445,7.507223141653971,7.263305743046415,7.353645711763094,163600
2009-11-09,7.606597423553467,7.705970713041747,7.462054143735637,7.561427433223918,158600
2009-11-10,7.398814678192139,7.687902055047799,7.344611387344423,7.55239210483696,179700
2009-11-11,7.3626790046691895,7.480120619147614,7.317509881947004,7.453018973205144,69900
2009-11-12,7.163931846618652,7.434950453288473,7.046490665781505,7.344611348504751,214900
2009-11-13,7.398814678192139,7.45301883058563,7.019388626847914,7.172966053492734,588000
2009-11-16,7.227169036865234,7.579493837568862,7.191033226142736,7.453018069267273,119300
2009-11-17,7.20006799697876,7.227170074297454,7.010355178839524,7.218135904933588,80700
2009-11-18,7.037456512451172,7.19103393862454,7.0013206981483656,7.19103393862454,48300
2009-11-19,6.7754716873168945,7.010354912581533,6.7754716873168945,6.983252836292195,133200
2009-11-20,6.667062759399414,6.910979668608037,6.368942140452519,6.730300205374335,705300
2009-11-23,6.784505367279053,7.218135110467319,6.766437030540017,6.775471198909535,127800
2009-11-24,6.847743511199951,6.910981403825511,6.648996525591321,6.7754718800695395,98500
2009-11-25,6.75740385055542,6.938082925126597,6.748369681440415,6.865811295298126,64700
2009-11-27,6.477351188659668,6.7483698054986885,6.468317019378583,6.540588650535655,98700
2009-11-30,6.820641040802002,6.8567768520010635,6.152127672073668,6.450248329852349,375800
2009-12-01,7.20006799697876,7.227170074297454,6.820641929927384,6.892913561746694,199700
2009-12-02,7.254270553588867,7.525289560075648,7.073591503112905,7.227168911403891,143600
2009-12-03,7.263304233551025,7.462051606495591,6.974217341437477,7.281372568157628,142000
2009-12-04,7.597561359405518,7.624663002229512,7.380746493722182,7.4530181156166275,156600
2009-12-07,7.715003490447998,7.967954184458133,7.507222778611824,7.570460236727921,102100
2009-12-08,7.805342674255371,8.067327510810754,7.633696931468179,7.678866909125107,138000
2009-12-09,8.193802833557129,8.193802833557129,7.787274736939778,7.85051219196705,262700
2009-12-10,8.229940414428711,8.347382042972955,8.157668775562392,8.175737116051918,343000
2009-12-11,8.193802833557129,8.275108625189741,8.076361230259547,8.275108625189741,204000
2009-12-14,8.067329406738281,8.266075976663734,7.98602360015702,8.220906849937137,110100
2009-12-15,7.69693660736084,7.976988967628027,7.678868268481245,7.976988967628027,264000
2009-12-16,7.507222652435303,7.769207510786109,7.4349501652442225,7.769207510786109,105900
2009-12-17,7.2723388671875,7.615629492815685,7.227168889320115,7.443983749228758,131300
2009-12-18,7.290406703948975,7.3355766840626,7.0103543780267765,7.326542515730733,260000
2009-12-21,7.41688346862793,7.64273253787781,7.308476018773486,7.308476018773486,72000
2009-12-22,7.516255855560303,7.53432419249469,7.317509318556387,7.389780943202489,62100
2009-12-23,7.597561359405518,7.6156296956519745,7.407848136546176,7.5704597165815235,79800
2009-12-24,7.724037170410156,7.760172981553479,7.588527232463422,7.588527232463422,22100
2009-12-28,7.633696556091309,7.859545571724458,7.6156290828443804,7.724036506962817,125400
2009-12-29,7.751138210296631,7.823409826960116,7.534323360306176,7.6698324261638025,37900
2009-12-30,7.8324432373046875,7.850510708951248,7.62466171332319,7.742103294435245,66200
2009-12-31,8.229940414428711,8.311246223539793,7.850513879607587,7.850513879607587,212400
2010-01-04,8.808113098144531,8.808113098144531,8.148634274594652,8.33834665270152,119700
2010-01-05,8.546128273010254,8.762943158971998,8.53709410404207,8.753908990003815,105900
2010-01-06,8.43772029876709,8.600331883772807,8.22993873331026,8.455787774020104,163400
2010-01-07,8.69970417022705,8.70873833760739,8.248006139757603,8.401583539040864,370400
2010-01-08,8.591297149658203,8.699704578675087,8.419651407555559,8.627432959330498,137900
2010-01-11,8.38351821899414,8.672605648301477,8.266076585454588,8.5912998357321,150600
2010-01-12,8.248007774353027,8.500958480313075,8.220906128386613,8.356415219764477,107900
2010-01-13,8.220905303955078,8.302210233700675,8.085395364621004,8.302210233700675,78900
2010-01-14,8.43772029876709,8.564195210175342,8.14863380235312,8.211871258057245,145000
2010-01-15,8.175735473632812,8.573229407545227,8.175735473632812,8.473856139453554,162200
2010-01-19,8.266075134277344,8.428686730868302,8.175736028484641,8.184770197527644,165300
2010-01-20,8.139599800109863,8.374483014013816,7.9589207361628755,8.211871425688658,97600
2010-01-21,7.687900543212891,8.166700205424801,7.6788663759995925,8.139598565330514,217300
2010-01-22,7.254270553588867,8.013123427133584,7.172965196261102,7.7782402307419956,314700
2010-01-25,7.61562967300415,7.742104580170465,7.308474850093347,7.308474850093347,261500
2010-01-26,7.796308994293213,7.904716430526373,7.624663240764752,7.624663240764752,204100
2010-01-27,8.022157669067383,8.058293479496015,7.633697060800331,7.733071185638328,162900
2010-01-28,8.184769630432129,8.275108729965536,7.995056401402539,8.07636133251889,289200
2010-01-29,8.103464126586914,8.275109024900015,7.9950566863556265,8.26607485616097,217200
2010-02-01,7.8324432373046875,8.166699647448747,7.79630743246602,8.121529676014026,75100
2010-02-02,7.796308994293213,7.995056391493534,7.724037370137772,7.814376469559213,78900
2010-02-03,7.868579864501953,8.03119143404354,7.733070797581055,7.958919816812975,143800
2010-02-04,7.299441814422607,7.850513230607847,7.290407644924696,7.796309936712026,193400
2010-02-05,7.380747318267822,7.38978148740031,7.03745664514539,7.317509857431986,106400
2010-02-08,7.163931846618652,7.3536455174468545,7.136830201338112,7.3536455174468545,79400
2010-02-09,7.380747318267822,7.443984779103658,7.272339873315336,7.272339873315336,96900
2010-02-10,7.453019618988037,7.462053788933576,7.227170539624764,7.326543824388093,57100
2010-02-11,7.8776140213012695,7.886647327283546,7.407847648397482,7.407847648397482,154200
2010-02-12,8.013124465942383,8.058294449803556,7.751139593402513,7.778241239100904,79300
2010-02-16,8.482889175415039,8.537092455666807,8.103462767470239,8.103462767470239,232000
2010-02-17,8.365448951721191,8.537093849265311,8.257041511975576,8.537093849265311,74200
2010-02-18,8.257041931152344,8.32027939216116,7.995057056414088,8.32027939216116,88800
2010-02-19,8.446754455566406,8.464821930794608,7.859546433599802,8.257041227168845,199800
2010-02-22,9.033961296081543,9.061062938736995,8.293176745497476,8.446754156454517,501400
2010-02-23,9.015893936157227,9.097199734472781,8.817147386436739,8.817147386436739,268800
2010-02-24,9.00685977935791,9.052029758779012,8.835214029866865,9.033961422392291,121500
2010-02-25,9.015893936157227,9.015893936157227,8.645501620760395,8.844249032026664,119200
2010-02-26,8.961690902709961,9.024928364753714,8.871350932751051,9.024928364753714,134300
2010-03-01,9.386286735534668,9.485660006397604,8.952656115809848,9.024927742173027,343800
2010-03-02,9.603099822998047,9.729575576310221,9.268843398043286,9.404352456806228,274100
2010-03-03,9.59406852722168,9.62117017477587,9.359185284296453,9.60310269692169,148400
2010-03-04,9.350150108337402,9.594066610691543,9.341115940442075,9.57599913644656,132900
2010-03-05,9.783782005310059,9.801850345120279,9.304982200435433,9.422423824564277,157900
2010-03-08,9.910257339477539,9.928324816903512,9.5217966670422,9.747645734914686,81100
2010-03-09,10.000596046447754,10.090936014572323,9.847018617563458,9.901222770747356,200900
2010-03-10,10.018664360046387,10.244513418256465,9.774746963637526,10.06383434399756,146200
2010-03-11,9.946392059326172,10.000595347174217,9.684407203938681,9.946392059326172,113400
2010-03-12,9.693441390991211,10.036732070865302,9.60310228252696,10.036732070865302,101300
2010-03-15,9.521797180175781,9.738612090246617,9.295948100132195,9.738612090246617,191500
2010-03-16,9.34111499786377,9.5940656425889,9.314013358458187,9.521794029810291,194000
2010-03-17,9.548895835876465,9.57599833730066,9.268843546857891,9.332080993756486,108500
2010-03-18,9.539863586425781,9.566965229304763,9.323047858756834,9.49469360726368,23900
2010-03-19,9.052030563354492,9.621169425392004,8.952656427486216,9.61213611794143,216900
2010-03-22,8.934589385986328,8.99782684894769,8.681637811049239,8.934589385986328,182900
2010-03-23,9.32304859161377,9.350151098168894,8.898452994132633,8.925554639141994,119300
2010-03-24,9.413386344909668,9.512759594288628,9.21463898460619,9.250774789975408,121600
2010-03-25,9.259809494018555,9.657303376145137,9.223673686552502,9.503726840573618,94000
2010-03-26,9.350150108337402,9.467590844793975,9.223674342439832,9.341115940442075,48800
2010-03-29,9.259809494018555,9.575998455505724,9.205605352046671,9.350149443456491,158800
2010-03-30,9.223675727844238,9.422423143665126,9.1785057431287,9.295947358770778,108800
2010-03-31,9.783782005310059,9.937359447513481,9.088167291987963,9.1423705883269,266900
2010-04-01,10.181275367736816,10.316784450192989,9.765713090246626,9.87412052852071,279000
2010-04-05,10.063834190368652,10.334852366846905,10.000595869184057,10.208377447569259,134300
2010-04-06,10.063834190368652,10.127071650007474,9.621169388259577,9.973494223845387,219100
2010-04-07,9.819916725158691,10.063834116042603,9.720543451953635,9.928324167258507,211900
2010-04-08,9.55793285369873,9.639238659129813,9.304982129115476,9.35918542503896,147800
2010-04-09,9.720541954040527,9.729576121543142,9.44048879227889,9.585032026138201,111100
2010-04-12,9.801848411560059,9.883153340029859,9.67537264247533,9.756678432490821,119800
2010-04-13,9.883153915405273,9.883153915405273,9.71150901880421,9.80184898220208,81000
2010-04-14,10.343886375427246,10.343886375427246,9.919289917824468,9.964459900385744,146700
2010-04-15,10.416159629821777,10.452295449205751,10.045767265749571,10.199344713517934,170500
2010-04-16,10.262580871582031,10.768483139902807,10.190309242042746,10.407124992206384,187000
2010-04-19,9.91928768157959,10.316782404651066,9.77474445920653,10.253544960249243,134000
2010-04-20,10.262580871582031,10.30775085543053,9.883154385727895,9.991562691582605,77800
2010-04-21,10.244513511657715,10.361955126383188,9.946392821026048,10.244513511657715,109300
2010-04-22,10.434226036071777,10.524565137012413,10.13610536603079,10.208376991401591,139800
2010-04-23,12.990839004516602,13.297993886896942,12.385563409601428,12.575276668627763,2599200
2010-04-26,12.783056259155273,13.153449435683916,12.755954613595637,13.054075299388957,432200
2010-04-27,12.927599906921387,13.045040653905739,12.602376725900882,12.783055792275746,434500
2010-04-28,13.297991752624512,13.541908268484582,12.963735275900289,13.008904394786647,313900
2010-04-29,13.532873153686523,13.532873153686523,13.153447584610536,13.370262441667002,211600
2010-04-30,13.442535400390625,13.55094283972292,13.243787997508548,13.460602876173136,245200
2010-05-03,13.451569557189941,13.505772846035407,12.737886602722527,13.442535388533782,502200
2010-05-04,13.352195739746094,13.379298246353317,13.063109228301817,13.234754129085417,468200
2010-05-05,13.008905410766602,13.307026098737175,12.656581431280895,13.036007918069952,371600
2010-05-06,12.475900650024414,13.099243586436833,11.1388739600947,12.95470034677863,386000
2010-05-07,12.475900650024414,12.873394559084472,12.195847477027396,12.457832314294306,359200
2010-05-10,13.442535400390625,13.442535400390625,12.629478313079805,12.629478313079805,344300
2010-05-11,13.749690055847168,13.794860037008531,13.10827873568388,13.225720342085129,470600
2010-05-12,14.264623641967773,14.400132705295345,13.713552359811208,13.740654000167599,308900
2010-05-13,14.472406387329102,14.743424536552986,14.102013251068133,14.336896451171473,291800
2010-05-14,13.975539207458496,14.445304775126164,13.740655992851792,14.427237299450276,296700
2010-05-17,14.038775444030762,14.535643474330302,13.569009917207213,14.056843779681422,286500
2010-05-18,13.668383598327637,14.38206650907429,13.6503152621222,14.282693244581456,171900
2010-05-19,13.288957595825195,13.84906311365285,13.026972742945395,13.668384053312593,197700
2010-05-20,12.792089462280273,13.288957521600022,12.466867155484335,12.999871026670299,284500
2010-05-21,13.424466133117676,13.686450975408842,12.53913834245983,12.53913834245983,252000
2010-05-24,13.261855125427246,13.704519011051994,13.234752621906468,13.424465838823597,160300
2010-05-25,13.108278274536133,13.198617372135004,12.61141022233238,12.864360901773203,170900
2010-05-26,13.189584732055664,13.785826080215786,13.126346412840132,13.261856358405634,199900
2010-05-27,14.047812461853027,14.092982448598027,13.307026919254207,13.51480851366287,253700
2010-05-28,13.596113204956055,14.300762011262416,13.442535779517446,14.047811312352962,352200
2010-06-01,13.225719451904297,14.36399790359149,13.207651116037582,13.541907575660757,258700
2010-06-02,13.79486083984375,13.83099665456673,13.279924403109057,13.388331847277996,217900
2010-06-03,14.228489875793457,14.30979567007388,13.785825953095303,13.821961765937075,182200
2010-06-04,13.135381698608398,13.894234701364876,13.05407589666366,13.740657266923884,223400
2010-06-07,12.322322845458984,13.198616423037874,12.241017060384612,13.144413140685387,225300
2010-06-08,11.90676212310791,12.557206763048201,11.680913074408872,12.412663509728135,285200
2010-06-09,11.94289779663086,12.349425907221041,11.717048750575678,12.03323689812549,250000
2010-06-10,12.322322845458984,12.466866080459805,12.114541298986074,12.213915419208368,239700
2010-06-11,12.91856575012207,13.017939021333394,12.123576995794247,12.123576995794247,294400
2010-06-14,13.09924602508545,13.325095094483475,12.972770236066058,13.054076038896678,508000
2010-06-15,13.80389404296875,13.939403993314423,12.990837787077805,13.288958471674203,489800
2010-06-16,13.912301063537598,14.102014299019736,13.650316201352336,13.731621996779788,339600
2010-06-17,13.975539207458496,14.18331991623276,13.858097600155144,14.111048290437735,235800
2010-06-18,14.264623641967773,14.45433684755374,13.903265565397176,14.083944603682474,564000
2010-06-21,14.300762176513672,14.680188660035165,14.183320563847897,14.454339603726932,368900
2010-06-22,13.7677583694458,14.517577173111372,13.740656723717564,14.327863929922144,155500
2010-06-23,13.812929153442383,14.04781239414766,13.334129363963036,13.785827506144338,170300
2010-06-24,13.532873153686523,14.07491115787335,13.46963570243147,13.66838308550606,170500
2010-06-25,13.885199546813965,13.903267884429058,13.33412817274001,13.569011392461666,556600
2010-06-28,14.183320045471191,14.24655836477737,13.632248678376321,13.858097726430149,223700
2010-06-29,13.135381698608398,13.821963068868623,12.936634278470793,13.821963068868623,354800
2010-06-30,12.855326652526855,13.415433017219932,12.719817576209763,13.081175687419138,175100
2010-07-01,13.108278274536133,13.198617372135004,12.665614370128264,12.864360901773203,286900
2010-07-02,13.307025909423828,13.361230061713606,12.900497782660707,13.270890095079235,173700
2010-07-06,12.891464233398438,13.894233708808937,12.792090099655669,13.559977217005436,268600
2010-07-07,13.171516418457031,13.24378804493738,12.692716677638279,12.918565725775807,184700
2010-07-08,13.207653999328613,13.532876362015953,12.909533284812087,13.370265611445214,158400
2010-07-09,13.686450004577637,13.758721620666243,13.126344549118132,13.126344549118132,146300
2010-07-12,13.641282081604004,13.894232759997434,13.415433046223447,13.641282081604004,173900
2010-07-13,14.56274700164795,14.63501862624036,13.867131538013847,13.921334825685292,647600
2010-07-14,14.616950035095215,14.842799073404866,14.363998491875495,14.62598420339857,378200
2010-07-15,14.689224243164062,14.815699175482893,14.327865201356028,14.734393369537438,233800
2010-07-16,13.695487022399902,14.59888327307584,13.469637959730917,14.508543303389926,322600
2010-07-19,13.189584732055664,13.677418640690831,12.90049736511004,13.668384472010649,208900
2010-07-20,13.451569557189941,13.469637032956516,12.909531499460826,12.927599836773144,164800
2010-07-21,12.909531593322754,13.623214552979174,12.900497424600909,13.505772944232454,152900
2010-07-22,13.270890235900879,13.415434356358828,12.873396273892414,13.117313669466036,375300
2010-07-23,12.539138793945312,12.891463606214042,11.635742634683078,11.74415007040906,1015800
2010-07-26,12.123577117919922,12.530105237119587,12.015169676903062,12.530105237119587,392600
2010-07-27,12.231985092163086,12.466868322045041,11.997101862281129,12.213917615312209,171300
2010-07-28,12.024202346801758,12.349424629310974,11.915794057753036,12.123575606626494,174100
2010-07-29,11.988067626953125,12.322324107513541,11.671878621845465,12.204882501660574,172500
2010-07-30,12.096475601196289,12.17778053666092,11.626709156934329,11.807388227209788,162800
2010-08-02,12.512036323547363,12.61140958434271,12.268118963123797,12.295220604877864,238800
2010-08-03,12.936633110046387,13.189584662482748,12.394595915280771,12.475901709882049,227500
2010-08-04,12.94566822052002,13.234754745427036,12.8191924351003,12.972769866843603,152700
2010-08-05,12.828225135803223,13.054074172917877,12.755953512850189,12.810157660837817,285400
2010-08-06,12.837260246276855,12.9456676886632,12.548173733246601,12.828226077358218,276200
2010-08-09,13.24378776550293,13.325093558964266,12.737886390814639,12.918565453203314,216900
2010-08-10,13.063108444213867,13.297991651436812,12.891463553732923,13.072142612540683,134100
2010-08-11,12.620444297790527,13.036006556018751,12.475901053458223,12.810157521363102,275700
2010-08-12,12.620444297790527,12.692715919956681,12.403628569746376,12.48493436006972,146900
2010-08-13,12.539138793945312,12.629477892944108,12.448798833400803,12.512037150400246,165600
2010-08-16,12.548173904418945,12.674648824822068,12.421698122470042,12.439766460553791,100000
2010-08-17,12.936633110046387,13.189584662482748,12.493969185601365,12.701750756420823,204000
2010-08-18,12.774022102355957,13.153448561146927,12.620444685152673,12.9727686386402,99500
2010-08-19,12.421696662902832,12.719817313888846,12.412662494922486,12.674647335532791,193900
2010-08-20,12.35845947265625,12.539138528372865,12.286187850369604,12.40362859042613,164000
2010-08-23,11.897727012634277,12.493968316157433,11.87965867662658,12.421696695218001,187400
2010-08-24,14.111047744750977,14.255590990751413,11.852557372129905,11.852557372129905,842800
2010-08-25,14.391100883483887,14.671153206317394,13.659349626041612,14.454338338018092,585600
2010-08-26,14.047812461853027,14.427238972037685,13.885200854189362,14.418204802379519,225900
2010-08-27,14.336895942687988,14.373031752072599,13.677417206032446,14.255590156186203,151300
2010-08-30,13.758723258972168,14.255591324904605,13.74065578357146,14.219455512557468,178100
2010-08-31,13.614179611206055,13.821961172281295,13.37929726859564,13.659349590704647,285400
2010-09-01,14.228489875793457,14.35496565151253,13.596112720289561,13.803893428743322,264300
2010-09-02,14.264623641967773,14.517574295567192,13.939401373054235,14.27365780926844,178500
2010-09-03,14.427236557006836,14.860867151007561,14.237523333671335,14.454338199898851,287400
2010-09-07,14.192354202270508,14.59888231611756,14.002640967602451,14.373033268253003,155600
2010-09-08,14.933140754699707,15.050581509997972,14.038777805124962,14.19235523780215,233600
2010-09-09,15.005412101745605,15.068649562867625,14.598883104401787,15.068649562867625,238900
2010-09-10,14.725358009338379,15.01444625327175,14.6982572249417,15.01444625327175,147600
2010-09-13,15.213194847106934,15.357738126924762,14.824734136437087,14.86990326522073,433000
2010-09-14,15.213194847106934,15.529383917867865,15.059617396914012,15.366772297299853,277100
2010-09-15,15.719093322753906,15.74619582870024,15.158988651261529,15.168022819910307,273700
2010-09-16,15.330632209777832,15.764263675982802,15.240293972281084,15.72812700251096,124800
2010-09-17,15.466141700744629,15.710057333630873,14.770526303219658,15.55647993058109,188800
2010-09-20,15.755228042602539,15.800397157150828,15.204155885038817,15.402902401379064,177500
2010-09-21,15.565516471862793,16.03528292025157,14.93314015111625,15.74619640527126,229100
2010-09-22,15.168024063110352,15.58358551646545,15.1047848773857,15.52938222322166,138000
2010-09-23,15.032511711120605,15.529380638267568,14.969274254941698,15.050580048054993,126200
2010-09-24,15.583581924438477,15.583581924438477,15.285461295677216,15.285461295677216,193200
2010-09-27,15.547447204589844,15.728127127198574,15.357734836632975,15.583583878348167,159800
2010-09-28,15.908806800842285,15.972044255838272,15.032511429922412,15.529380347774945,333600
2010-09-29,15.664886474609375,16.017210356399996,15.56551236514388,15.818463860560097,100600
2010-09-30,15.899773597717285,15.990113563091834,15.592618749298733,15.737162004661402,177000
2010-10-01,18.65513038635254,18.745470347101435,16.080450982011886,16.161756774376748,1869400
2010-10-04,18.51961898803711,18.826773782271363,17.77883450421022,18.510584820784196,487100
2010-10-05,19.35978126525879,20.046362599051182,18.82677735775011,18.82677735775011,575100
2010-10-06,18.9984188079834,19.45915098221568,18.637059023658445,19.386877646877764,231900
2010-10-07,19.260408401489258,20.091533047477146,18.799676092215268,19.206205107189867,278500
2010-10-08,19.486257553100586,19.965058203513795,18.745472876564744,19.24234014309244,280500
2010-10-11,20.09153175354004,20.145735044348626,19.179101363319678,19.49529038537094,179400
2010-10-12,19.766307830810547,20.25414259930416,19.58562962710629,19.99215687775948,149000
2010-10-13,20.362550735473633,20.507093986505744,19.567561131705546,19.793410176829653,271100
2010-10-14,20.136701583862305,20.561297166137347,19.928919153897404,20.32641395367941,203200
2010-10-15,19.53142547607422,20.69680561087654,19.441085516664476,20.69680561087654,303500
2010-10-18,19.152002334594727,19.730175417782227,18.998424893986584,19.50432634177565,235000
2010-10-19,18.74547004699707,19.151999002313087,18.564790128391863,18.754504215236473,257300
2010-10-20,18.9622859954834,19.242338334489855,18.564791185767092,18.9442176579755,236700
2010-10-21,19.51336097717285,19.847616652706527,18.664167948660808,19.15200279155871,437900
2010-10-22,23.298585891723633,23.53346735783084,21.392419598326278,21.681506070234803,1531800
2010-10-25,24.60851287841797,24.843396102888995,23.244384376542897,23.488301770004142,1018900
2010-10-26,24.56334114074707,25.29509152011334,23.93999733153584,24.346526277345635,728000
2010-10-27,24.56334114074707,24.762087668092214,24.183914699021717,24.25618632015553,577000
2010-10-28,23.470232009887695,25.0782778077874,23.4340970592079,24.942768727328154,407700
2010-10-29,24.048404693603516,24.120676311938897,22.81978545881073,23.298586007214695,316500
2010-11-01,23.289554595947266,25.060210316273867,23.036603040289965,24.24715408299958,355000
2010-11-02,24.482036590576172,24.617545671673515,22.873990785104393,23.524437131317967,497400
2010-11-03,24.436866760253906,24.698852487905388,24.075508621330762,24.67174998132683,282800
2010-11-04,24.572378158569336,24.888565460767644,24.436867345522558,24.79822721619188,544700
2010-11-05,24.554311752319336,24.780160827711395,24.265225211512174,24.572380091892708,228900
2010-11-08,24.238122940063477,24.73499022156637,24.075511328490393,24.373632042010474,234800
2010-11-09,23.804485321044922,24.590438888542387,23.578636317473514,24.16584338214095,231600
2010-11-10,23.74125099182129,24.274254848054824,23.3076195385,23.849657562833077,251000
2010-11-11,23.74125099182129,23.86772589903217,23.13597551388277,23.397959496404074,348000
2010-11-12,23.48830223083496,24.03937448840924,23.35279313950615,23.74125379824923,238500
2010-11-15,23.48830223083496,23.967102858161105,23.108875741259347,23.8044912593299,310200
2010-11-16,22.36808967590332,23.434097446491986,22.015765716268294,23.280520026609018,353400
2010-11-17,22.892059326171875,23.226314947652654,22.39519211668792,22.49456452472983,285100
2010-11-18,23.12693977355957,23.44312874318288,22.80171663645088,22.99143070746137,260900
2010-11-19,22.955297470092773,23.03660326652784,22.422293570392455,22.422293570392455,343800
2010-11-22,23.217283248901367,23.406995625612364,22.864957555865697,22.864957555865697,298500
2010-11-23,23.705116271972656,23.741252947347355,22.810754233547136,23.009500778833413,281200
2010-11-24,25.16861915588379,25.475774007497378,23.94903391837002,23.9580680873106,679500
2010-11-26,25.159584045410156,25.40350142840323,24.843395036688552,25.07827825107913,140200
2010-11-29,25.10538101196289,25.403501686508466,24.617546241020225,24.9156669155658,322300
2010-11-30,24.61754608154297,25.457704810662744,24.17488215693941,24.70788604480913,872600
2010-12-01,24.536239624023438,25.457704122878642,24.40976471272264,25.17765179510198,299500
2010-12-02,24.7078857421875,25.22282128647877,24.47300252980892,24.626579948552934,191100
2010-12-03,25.719690322875977,25.77389533788166,24.391698470885196,24.482038439469754,334700
2010-12-06,26.523710250854492,26.65018515443547,25.638380756513666,25.791958163615423,365800
2010-12-07,26.334003448486328,27.282570656707104,26.234631020969495,26.894109947700752,418000
2010-12-08,26.32496452331543,26.848934246544438,26.23462628245196,26.424338655975042,301900
2010-12-09,26.478544235229492,27.13802482297489,26.252695167354236,26.632121670308333,363600
2010-12-10,26.57791519165039,26.650186815786494,25.972639693351244,26.424337774974745,159400
2010-12-13,25.900371551513672,26.559850425808808,25.855202426514918,26.47854462233772,260900
2010-12-14,24.05743980407715,25.837131402822944,23.84965909372445,25.791960559425736,558800
2010-12-15,23.452165603637695,24.15681529236218,22.92819585246049,24.093577831148107,547800
2010-12-16,23.66897964477539,24.256186793328876,23.28051902744406,23.41602810432696,299000
2010-12-17,23.49733543395996,23.85869357034418,23.054671501502852,23.668981194901782,399300
2010-12-20,23.777387619018555,23.93999921010257,23.3527920269259,23.68704765473949,197000
2010-12-21,23.659944534301758,23.89482772898709,23.39795883608266,23.822556109321706,322800
2010-12-22,23.045639038085938,23.76835536433544,23.018536529692216,23.641880438014688,247300
2010-12-23,23.533472061157227,23.605743693578344,22.67524664154295,23.045638973087616,183200
2010-12-27,23.063705444335938,23.42506357717981,22.82882222721455,23.37989273364214,169500
2010-12-28,23.09984016418457,23.370860053415434,22.59393878328169,23.154043452794152,237200
2010-12-29,23.09984016418457,23.53346991924418,22.937228575264346,23.25341758448795,105100
2010-12-30,23.56057357788086,24.04840836851061,23.226316215068824,23.298589567539803,181800
2010-12-31,23.43409538269043,23.569604453455113,22.97336316361744,23.48829866637804,199800
2011-01-03,23.280521392822266,23.84966026279339,23.2624530545777,23.461199605993166,281100
2011-01-04,22.792686462402344,23.461199465627345,22.530702451789907,23.406996174309523,341600
2011-01-05,23.831586837768555,24.01226673546545,22.41325532704889,22.666206839206307,277700
2011-01-06,24.039371490478516,24.28328713521521,23.623808376057585,23.985166482233588,224800
2011-01-07,23.939998626708984,24.554308301126717,23.497334707929493,23.967101132259693,181300
2011-01-10,23.09984016418457,23.87676143431831,23.036602706958142,23.75931896539083,219500
2011-01-11,22.910127639770508,23.32568905482601,22.648141920903065,23.26245159802117,235200
2011-01-12,24.174884796142578,24.256190599649234,23.14501358251384,23.181148537910314,361300
2011-01-13,25.087312698364258,25.59321408408375,24.003236577302427,24.075508203833785,479200
2011-01-14,26.0810489654541,26.180421375421517,25.141516093493646,25.18668521410688,468300
2011-01-18,26.126216888427734,26.586949134546806,25.665484642308662,26.19848851195084,241900
2011-01-19,26.306900024414062,27.381940340341725,25.828099383115,26.062982619048974,914200
2011-01-20,25.258956909179688,26.406270496006872,24.482037349365935,26.315930531444852,505000
2011-01-21,24.51817512512207,25.46674227763358,24.482040168990462,25.358333963055344,213100
2011-01-24,24.265222549438477,24.762089771554333,23.461198757547724,24.473003262462086,311300
2011-01-25,23.406993865966797,24.057438466910018,23.045635754331673,24.057438466910018,243500
2011-01-26,23.1450138092041,23.71415271623336,23.01853715634851,23.39796366873191,169400
2011-01-27,23.280521392822266,23.48830211336001,22.928195689419596,23.11790979480435,136100
2011-01-28,21.536962509155273,23.20824558812419,21.2298077066165,23.20824558812419,578600
2011-01-31,22.08803367614746,22.322915128195184,21.293044202894038,21.545995712218524,461400
2011-02-01,23.1450138092041,23.578643616758935,22.097072522975722,22.15127754123884,722800
2011-02-02,22.68427848815918,23.488300531900347,22.566836020568463,23.217282368845773,205800
2011-02-03,23.1992130279541,23.217281364200286,22.62104005280728,22.756549128470894,177600
2011-02-04,23.00950050354004,23.21728293827553,22.819788129367222,23.21728293827553,124600
2011-02-07,23.74125099182129,23.849657562833077,22.810752354664647,22.937227261875528,268800
2011-02-08,23.470232009887695,23.732217725454827,22.89205901427946,23.71414938856921,211700
2011-02-09,22.98240089416504,23.334724877389046,22.675246033834306,23.26245324690485,156200
2011-02-10,23.50636863708496,23.596708598242614,22.584904134841484,22.72041321503224,268100
2011-02-11,23.60573959350586,23.60573959350586,23.30761894616278,23.334721449772633,387000
2011-02-14,23.307619094848633,23.958065400903887,23.262449978302058,23.497333175145197,158300
2011-02-15,22.648143768310547,23.13597857161162,22.53973718297138,23.13597857161162,178700
2011-02-16,22.964332580566406,23.01853587271518,22.277751228679424,22.648143550697302,286600
2011-02-17,23.08177375793457,23.20825040605973,22.711381429114965,22.93723049415578,161200
2011-02-18,22.910127639770508,23.488300642662153,22.892059302657277,23.22631492379471,157100
2011-02-22,21.600202560424805,22.711379450056196,21.54599927200391,22.584904536043624,272900
2011-02-23,20.353517532348633,21.699577698366515,19.983125218623183,21.65440685334417,824200
2011-02-24,21.40145492553711,21.708609749355055,20.263175588404383,20.263175588404383,319900
2011-02-25,25.55707550048828,25.611278781911185,20.922652723094654,21.067195955616555,1208200
2011-02-28,26.48757553100586,26.568881324467196,25.26799035217728,25.846165074912495,419600
2011-03-01,25.864234924316406,27.10188859498087,25.674522531235546,26.559850478462916,506400
2011-03-02,26.40627098083496,26.52371345384932,25.349297339163403,25.873267075533573,353500
2011-03-03,30.65222930908203,32.91975195644583,29.1525919522219,29.47781509282477,1605000
2011-03-04,29.974689483642578,30.616100029001093,29.360379724481827,30.40831929372369,462900
2011-03-07,30.552860260009766,30.941320915076176,29.035154316071964,30.42638533904547,436100
2011-03-08,32.00732421875,32.468054715157784,29.67656061783994,30.679330843990424,859900
2011-03-09,32.359649658203125,32.648736149087156,31.447221067509695,32.34158132175003,799000
2011-03-10,30.914216995239258,31.90795137017663,30.751605414441098,31.83568147103455,460200
2011-03-11,31.03165626525879,31.38398365731743,30.26377091892341,30.805807228550407,360400
2011-03-14,31.18523597717285,31.365915899107172,29.730767602566736,30.72450200393119,306900
2011-03-15,30.06502342224121,30.525757398610846,29.36940795809033,29.97468518375217,351400
2011-03-16,29.49588966369629,30.38121759684705,29.12549732996808,30.07406272647366,240900
2011-03-17,28.854473114013672,30.480587195357124,28.818336441430056,30.074058244248413,303000
2011-03-18,29.297142028808594,29.730771835479192,28.7822064180008,29.261005350040204,340300
2011-03-21,30.471555709838867,31.483358565191764,29.821109294020367,29.821109294020367,308300
2011-03-22,30.083091735839844,30.986487904761056,29.50491873911953,30.706437297952533,251900
2011-03-23,30.81484031677246,31.140063451437474,29.2429296479524,29.875307582447427,260600
2011-03-24,30.29087257385254,31.55562859435623,30.245703454445174,31.16716796432365,258300
2011-03-25,29.107423782348633,29.62235928962593,28.493114151529632,28.6918606755217,2228600
2011-03-28,29.206804275512695,29.351347546864716,28.99902009214721,29.351347546864716,570500
2011-03-29,28.971914291381836,29.694630523057686,28.83640521332904,29.315205793746426,466900
2011-03-30,29.47781753540039,29.61332489109155,28.69186212151512,28.95384611074926,402000
2011-03-31,31.03165626525879,31.0497246017374,29.57719136365036,29.784972063880137,771600
2011-04-01,32.16090393066406,32.57646880937565,30.616097227449554,31.203306146679505,862200
2011-04-04,33.037200927734375,33.389524917480884,32.23317880832654,32.48612865815824,839100
2011-04-05,33.3172492980957,34.32001952545598,32.78424545860612,33.019126929450145,787900
2011-04-06,32.47709274291992,34.103205146774584,32.016358770014996,34.03996769107122,422600
2011-04-07,32.61259841918945,32.83844744825914,31.311709252373838,32.43192195287986,457600
2011-04-08,31.862783432006836,32.9378236371415,31.58272937777951,32.91072285473279,295600
2011-04-11,30.896148681640625,31.9621564026872,30.363144821117338,31.87181472096465,313600
2011-04-12,29.613323211669922,31.049723156105784,29.550085760030445,30.54382354298998,241300
2011-04-13,30.751602172851562,31.040688631312246,29.63138956167959,29.91144357601819,294300
2011-04-14,32.92879104614258,33.046233513032576,30.272804103979116,30.869045437614872,704900
2011-04-15,33.371456146240234,33.75088436225344,32.24221083672256,32.75714642216797,525700
2011-04-18,33.3985595703125,33.55213527452926,32.35062008624099,32.63970660279981,379800
2011-04-19,33.60633850097656,34.021899915650735,33.15464041210909,33.82315165377051,423200
2011-04-20,34.27484893798828,34.563935432382124,33.606337712021094,34.26581649274347,529600
2011-04-21,35.06983947753906,35.178246054348904,33.54310117197829,34.09417339388463,831200
2011-04-25,34.13934326171875,34.89819620838039,33.80508418610829,34.880127870819045,430000
2011-04-26,35.02466583251953,35.13307239532321,34.2116079960357,34.2116079960357,430100
2011-04-27,35.259552001953125,35.268587893666655,34.71751566936202,34.90722804115062,581200
2011-04-28,37.16572189331055,37.72582661422546,35.14211618398679,35.27762355640092,1100000
2011-04-29,37.14765167236328,37.69872391900427,36.83146437323309,37.219925024269095,981000
2011-05-02,36.12681198120117,37.84326252372596,36.07260697393643,37.21992044800344,424900
2011-05-03,35.611881256103516,36.12682032864342,34.54587676971457,35.90097124879644,533200
2011-05-04,35.18728256225586,36.37072937476434,34.60007365573484,35.68414978136741,667700
2011-05-05,34.70847702026367,35.79255304550535,34.0670666068778,34.825919479928714,463000
2011-05-06,35.232452392578125,36.10874782409519,34.73558516345787,35.37699564916189,323400
2011-05-09,35.97323226928711,36.04550561113931,34.69041146705411,35.051767837767265,257000
2011-05-10,36.11777877807617,36.68691933507141,35.991303864562326,36.325559485446476,339600
2011-05-11,35.32279586791992,36.0906848322908,34.93433516214981,36.08164893893787,303000
2011-05-12,35.39506530761719,35.955170017004214,34.35615824290831,34.85302893675016,304000
2011-05-13,34.88916015625,36.045509631583805,34.81689025251958,35.521538183260475,295000
2011-05-16,33.98576354980469,34.988533867577715,33.96769521254411,34.455529980030924,350400
2011-05-17,35.18728256225586,35.52153819021338,32.75714458677776,33.72378168805253,1027000
2011-05-18,35.22342300415039,35.90097022435743,34.78075730396111,35.232455450765805,658000
2011-05-19,35.259552001953125,35.503469385474006,34.853026475601276,35.23245121917846,400600
2011-05-20,34.97949981689453,35.36796043471389,34.871089798305775,34.93432725272448,334700
2011-05-23,34.184513092041016,34.44649882284367,33.87735823948899,34.175480646164374,437900
2011-05-24,33.76894760131836,34.961430192398254,33.6605375867237,34.482627910061844,271400
2011-05-25,34.32002639770508,34.48263455858385,33.543105040893515,33.669579969456635,315200
2011-05-26,35.08790588378906,35.2324491269755,33.868322484789935,34.076103181484015,277200
2011-05-27,34.536834716796875,35.57574167727079,34.30195323196933,35.277619290876714,209600
2011-05-31,35.01563262939453,35.241481662842126,34.274848075381044,34.934326839506085,430400
2011-06-01,33.5521354675293,35.2324530085575,33.54310302153999,34.84399235353772,542900
2011-06-02,33.15463638305664,34.058032451008145,33.100431378353846,33.50696029816852,372500
2011-06-03,32.377716064453125,33.10043224857834,31.185233499100868,32.1428345969309,437000
2011-06-06,30.37217903137207,32.47709381437354,30.272804898793222,32.332550561399664,521400
2011-06-07,30.73353385925293,31.320739220694335,30.272799946518564,30.688364746247043,278700
2011-06-08,30.62513542175293,31.07683356398419,30.29991220795709,30.71547367172585,309800
2011-06-09,30.968421936035156,31.203306887779043,30.308943095833435,30.706439646112887,304000
2011-06-10,29.76690673828125,31.284612694169983,29.640431816321048,30.670302976492014,298000
2011-06-13,28.845439910888672,30.435415649749583,28.700896661901318,29.830141871547184,309900
2011-06-14,30.977455139160156,31.103930050112417,28.917709551908217,29.098389473061246,411100
2011-06-15,29.965648651123047,31.140066403453027,29.77593628664494,30.48058762727949,209100
2011-06-16,29.45975112915039,30.408316465876645,28.737033123133283,29.947585912443802,278200
2011-06-17,29.098390579223633,30.372179074809832,28.845440747703336,29.7398010498261,291100
2011-06-20,28.50214958190918,29.233901748672253,28.32147137474256,28.90867856344422,294900
2011-06-21,30.688369750976562,30.805808774707614,28.700897438954105,28.70993160764684,347700
2011-06-22,29.75786781311035,30.932285560034043,29.721734586363826,30.426382477571796,128500
2011-06-23,30.78774642944336,31.05876462027075,29.017087127258986,29.19776706987167,261100
2011-06-24,30.579959869384766,30.887114714005254,30.137297663015328,30.471553290749007,452700
2011-06-27,31.33881378173828,31.582731175852132,29.99275533733381,30.480590125561505,195100
2011-06-28,32.639705657958984,32.78424891205422,31.311712141708213,31.474323733338228,330000
2011-06-29,32.38675308227539,32.937825327418004,31.926022526769398,32.937825327418004,170800
2011-06-30,33.145606994628906,33.98576577833084,32.386754010839525,32.52226482608816,353300
2011-07-01,34.67234802246094,35.33182685206635,33.407591931102296,33.452761053040156,527500
2011-07-05,34.862056732177734,35.223416562004346,34.2387146442187,34.762682606666274,259200
2011-07-06,34.69041442871094,35.0517708302745,34.301953798547494,34.68137853711668,226000
2011-07-07,35.0337028503418,35.55767429029635,34.45552984500087,34.934328718889525,187200
2011-07-08,35.006595611572266,35.02466394542979,33.940588037254315,34.51876093596596,219000
2011-07-11,33.61537170410156,34.274850515170336,33.42565932958514,34.274850515170336,263800
2011-07-12,33.2811164855957,33.89542618356149,32.648738449903504,33.308217269093795,162600
2011-07-13,34.34712219238281,34.85302527930403,33.3533843551643,33.60633762171633,207700
2011-07-14,33.3895263671875,34.69945168931633,33.05527070165672,34.39229680996324,194600
2011-07-15,33.92252731323242,34.22968216534977,33.38952340650476,33.59730412320428,191500
2011-07-18,33.10043716430664,33.90445925393725,32.711976511490015,33.750883549708085,150700
2011-07-19,35.78352355957031,35.873861799900915,33.41662651184226,33.6515080044116,454200
2011-07-20,35.80158615112305,36.11777338771864,34.99756422419503,35.67511125648481,482600
2011-07-21,37.56321334838867,38.6653543014478,35.557672804504584,35.891928413090994,1498700
2011-07-22,40.5353889465332,41.22197202934239,37.9878117862945,39.27063625881522,1227400
2011-07-25,39.96624755859375,40.201129043425894,39.36097034053158,39.767499300993805,668900
2011-07-26,39.32483673095703,40.84254267080688,39.11705601190633,40.20113217553953,503600
2011-07-27,38.43950271606445,38.882168313902945,37.94263555869896,38.74665752272027,490900
2011-07-28,39.2615966796875,39.33387002737903,38.28593060913212,38.58404955290244,318900
2011-07-29,38.773765563964844,39.69523015650253,38.10525426592861,38.51178326942806,273300
2011-08-01,39.0267219543457,39.70426919853163,38.114289735645904,39.70426919853163,389700
2011-08-02,38.087188720703125,41.845317274781074,38.0239512539856,39.02672172076848,801800
2011-08-03,38.79183578491211,38.98155162653973,36.8314674729549,38.34917352887556,491300
2011-08-04,37.26508712768555,39.62295137369921,37.09344311851098,37.93360172217521,782900
2011-08-05,35.846763610839844,38.43047744696997,34.554906692774786,37.83423605756942,768800
2011-08-08,30.751602172851562,34.94335926671392,30.742566282547056,33.81411421141986,961500
2011-08-09,32.82038497924805,32.955892338974614,29.432649293339683,31.898920459139017,758000
2011-08-10,30.72450828552246,32.89266089964493,30.661270816844052,32.151876169826195,566300
2011-08-11,32.459022521972656,32.98299047398331,29.631391731523827,30.896147664541548,911100
2011-08-12,34.401329040527344,34.473598944702005,32.13380264270891,32.87458725296003,694100
2011-08-15,34.952396392822266,37.16571768691663,34.52780253856003,35.006601403362986,741700
2011-08-16,34.10320281982422,34.78978234040628,33.35338240167101,34.274846838424075,395000
2011-08-17,33.59730911254883,34.69042131829374,32.811355250718684,34.1574173324127,377500
2011-08-18,29.857242584228516,32.431923723931455,29.68559855338814,32.431923723931455,695200
2011-08-19,30.995521545410156,31.844712641901783,29.260999235027764,29.297135906244254,926600
2011-08-22,32.16994094848633,32.748113995921564,31.763411947576177,32.233178410163106,747500
2011-08-23,34.67234802246094,34.79882294236018,31.84471687800732,32.278346651740335,559900
2011-08-24,35.19631576538086,35.65704976562729,34.33808867052716,34.42843035988091,426500
2011-08-25,34.14837646484375,35.521539134316996,34.13030812688163,35.32279086291677,316000
2011-08-26,36.3436279296875,36.506239517879806,33.46179535438241,33.832187650557564,474900
2011-08-29,38.032981872558594,38.15042435346698,36.8043658309772,37.03924734661066,500100
2011-08-30,39.66812515258789,40.12885567676213,37.74389037147297,37.74389037147297,747600
2011-08-31,39.47841262817383,40.20112886230453,38.92734042271703,39.839769022147756,753300
2011-09-01,38.37627410888672,40.60766405513053,38.1504250356615,39.43324956359608,386900
2011-09-02,37.752925872802734,38.168487274027804,37.19281777948253,37.490940162654525,512900
2011-09-06,37.6264533996582,37.68969085845294,35.85579421485627,36.59657882889444,496100
2011-09-07,39.559715270996094,39.65908939143829,38.3220601569938,38.3220601569938,444600
2011-09-08,41.050323486328125,41.41168335711611,38.78280046337373,39.15319278014901,697500
2011-09-09,38.65632247924805,41.45684919429463,37.761958765319676,40.48118313437381,618400
2011-09-12,38.809898376464844,39.50551383625289,37.31929677364721,38.13235125349786,377100
2011-09-13,40.5263557434082,40.69799978781311,38.90927565208631,39.11705637305535,573500
2011-09-14,41.35747528076172,42.11632819628868,39.66812541919183,41.10452545764703,671800
2011-09-15,41.54719161987305,42.08019550116668,40.70703290111897,41.73690398960902,389100
2011-09-16,41.98081970214844,42.098258719022894,40.932880318255506,41.90854635682621,426200
2011-09-19,41.98081970214844,42.67643514305243,40.39987645814376,41.10452434412164,411300
2011-09-20,40.37277603149414,42.61319825466861,40.31857446358238,42.12536691254725,374900
2011-09-21,38.52984619140625,41.14066044680193,38.45757284708532,40.35470333513414,381200
2011-09-22,36.98503875732422,38.2588272466657,36.36169662719812,37.039243769319825,670500
2011-09-23,36.07260513305664,37.78002314366129,34.79881681989266,36.98503364192882,617700
2011-09-26,35.78352355957031,37.120549504324444,33.425658957402135,36.54237649536947,804900
2011-09-27,36.38880157470703,37.76196435343718,35.94613932105512,36.903737185957915,459300
2011-09-28,33.732810974121094,36.54237343501251,33.732810974121094,36.388794303892894,516700
2011-09-29,33.29917907714844,35.28665108371185,31.42914952244907,34.898190505085175,811800
2011-09-30,32.51322555541992,33.57922973047631,32.30544143000378,32.68486956534797,597500
2011-10-03,29.613323211669922,33.17270607003117,29.559121650940455,32.44095398453954,881500
2011-10-04,31.20330238342285,31.293640615709307,28.9719128948842,29.206797812721245,1209300
2011-10-05,33.010093688964844,33.497928400707,30.995520838084346,31.221369858759505,565800
2011-10-06,34.15741729736328,34.17548563793876,32.06153803717777,32.657779491434276,452100
2011-10-07,33.4527587890625,34.69041401273442,32.97395992579522,34.19354336649533,399700
2011-10-10,35.19631576538086,35.28665745473461,34.08513883270282,34.23871798151265,257700
2011-10-11,35.27762222290039,35.96420529010544,34.72654996917041,34.75365419957531,259000
2011-10-12,34.500701904296875,35.61187888976654,34.49166945802391,35.61187888976654,457700
2011-10-13,34.41035842895508,35.2053479813416,33.93155958701611,34.50973255377623,414100
2011-10-14,34.51877212524414,34.87109613421617,33.58827503014537,34.87109613421617,313600
2011-10-17,33.95866394042969,34.64524354914139,33.525034169740756,33.93156315669384,335300
2011-10-18,35.20535659790039,35.45830647122209,33.46180137979911,34.13031274391605,465000
2011-10-19,33.145606994628906,35.1330794232376,33.0372004101399,35.03370528487969,443100
2011-10-20,33.2540168762207,33.615373304958446,31.627900885259752,33.09140527712461,566000
2011-10-21,34.825927734375,36.69595785652406,34.54587707841961,35.45830585283422,1637200
2011-10-24,35.56671142578125,35.91000298528895,34.7084842501037,34.825926734232226,491000
2011-10-25,34.42843246459961,36.235225007932605,34.32002587693095,35.205353809622125,390800
2011-10-26,34.97046661376953,35.096941532329076,33.470829036509215,34.97950250577125,443700
2011-10-27,38.67439651489258,38.95444715995477,35.53057783115713,36.14488413944679,925700
2011-10-28,37.71678924560547,39.59585489093153,37.644515899470086,38.53887960388992,390500
2011-10-31,35.99129867553711,36.93083139215898,35.90999289340286,36.723050714745334,458700
2011-11-01,34.74461364746094,35.82868967131665,33.24497623908504,34.247746474997015,480100
2011-11-02,34.96143341064453,35.909998725477145,34.05803721629291,35.48540141135332,307100
2011-11-03,35.602848052978516,35.95517205866662,34.42843355195705,35.57574726675124,210900
2011-11-04,35.602848052978516,35.81966468134687,34.46457023104901,35.024674972240774,181500
2011-11-07,34.43745803833008,35.70221394472981,33.787015195943376,35.629940603252074,196400
2011-11-08,34.57297134399414,34.952396075789004,33.50696360297593,34.8078528285077,270200
2011-11-09,29.75786781311035,33.931560489512584,29.6584971318289,33.380488288980075,1118600
2011-11-10,30.14632797241211,30.679331828360485,29.360374302177306,30.543824476213935,898900
2011-11-11,31.456253051757812,31.67306963983551,30.652231045380464,30.652231045380464,620000
2011-11-14,30.643199920654297,31.266545554473023,30.19150178423298,31.076833164260062,296400
2011-11-15,30.995521545410156,31.374946254635358,29.703664841973143,30.462517706606196,312900
2011-11-16,30.182466506958008,31.094895140630122,29.857243327848593,30.44445222859426,398400
2011-11-17,29.504919052124023,30.21860286022683,29.242933333273687,30.209566968579338,659200
2011-11-18,29.51395034790039,29.821105174474457,29.251968085438257,29.522986239195895,274500
2011-11-21,28.086589813232422,28.89964610122415,26.975412828874003,28.8906119318686,762700
2011-11-22,27.6077880859375,28.32147192902401,27.454210659139868,28.077554535329263,226100
2011-11-23,26.334003448486328,27.98721871202858,26.18042599895107,27.273536486370702,386500
2011-11-25,25.981678009033203,26.76763183158335,25.58418315128952,26.14428962006888,135700
2011-11-28,28.845439910888672,29.550087818929168,27.056715912351564,27.400005697923675,887900
2011-11-29,28.953842163085938,29.04418383407874,28.222091858956116,28.863503938275514,433400
2011-11-30,31.456253051757812,31.483353832948993,30.39024533992322,30.39024533992322,860100
2011-12-01,31.411088943481445,31.618869673508218,30.760642521704906,31.311714801689664,517500
2011-12-02,31.582733154296875,32.341586168127044,31.393020762385163,31.98022972346426,497100
2011-12-05,32.02539825439453,32.45902804765863,31.727275833047383,32.368689799714,425100
2011-12-06,30.76967430114746,32.18800598978105,30.399282015189318,32.02539440607427,370600
2011-12-07,30.832910537719727,31.09489279339698,29.586222927302245,30.444449930460532,291900
2011-12-08,29.405546188354492,30.896151325599625,29.369409512573053,30.390248203208706,364000
2011-12-09,30.354110717773438,30.598028103517375,29.378444620980662,29.414581295798207,386700
2011-12-12,29.640430450439453,29.97468607824308,28.8273724950436,29.97468607824308,278500
2011-12-13,28.149826049804688,30.055992623528567,27.652958818527548,29.98371927183141,531800
2011-12-14,27.092851638793945,28.131756916796512,26.31593036092298,27.797501290101906,688000
2011-12-15,27.31869888305664,27.788465286238463,26.767626689974445,27.499378799077768,452200
2011-12-16,27.725229263305664,28.538285481175347,27.228360330152572,27.661991806362344,497600
2011-12-19,27.92397689819336,28.48408331026322,27.770399472552555,28.0956226616958,238700
2011-12-20,30.977455139160156,31.25750574307363,28.393741571365585,28.85447381952352,588100
2011-12-21,30.832910537719727,31.085860348518196,30.173431783721785,30.896147990419344,427700
2011-12-22,31.682106018066406,31.75437937179239,30.616098173890485,30.860015573440894,277800
2011-12-23,32.233177185058594,32.34158376578663,31.10393191777426,31.84471653741814,217900
2011-12-27,33.3533821105957,33.62440369553283,31.429150913110835,32.025392196843804,303900
2011-12-28,32.82941436767578,33.606335564019666,32.75714102560536,33.407587319508636,428800
2011-12-29,32.431922912597656,33.08236579216187,32.35964956698897,33.02816422913815,279300
2011-12-30,32.982994079589844,33.51599798083314,32.061532978902285,32.25124535573896,381000
2012-01-03,33.11850357055664,34.464565384900084,32.77521205982091,34.139342211169705,395600
2012-01-04,32.287384033203125,33.44373014983157,31.582732602972307,32.81135207498167,544200
2012-01-05,32.49515914916992,32.883619751802215,31.39301479321945,32.01635686791229,258400
2012-01-06,32.10670471191406,32.88362606636906,31.72727648119224,32.395791246662434,446900
2012-01-09,32.38675308227539,32.6668071508743,31.618867674371042,32.12477079778689,236000
2012-01-10,33.2540168762207,33.353387567949945,32.76618207893242,33.01009947757656,202200
2012-01-11,33.43470001220703,33.516005827913546,32.639713643280956,32.639713643280956,179700
2012-01-12,33.407588958740234,33.479862304356935,32.748110187810404,32.88362098775033,402100
2012-01-13,35.71125030517578,36.081642605407424,32.87458681859449,32.87458681859449,1483700
2012-01-17,36.16294479370117,36.72305285716144,35.59380773174052,36.06357067127491,439000
2012-01-18,38.565982818603516,38.69246118231955,36.75919040542809,37.12055026653639,651600
2012-01-19,38.240760803222656,39.189326074451664,37.88843340882758,38.529847296431825,405100
2012-01-20,38.493709564208984,38.59308368967497,37.34639606814462,37.79809413212983,357900
2012-01-23,37.770999908447266,38.9996159609921,37.716794890732785,38.31303630085871,305000
2012-01-24,36.551414489746094,37.22896173363197,35.86483479892914,37.22896173363197,489800
2012-01-25,36.307491302490234,36.46107044539687,35.50346925215337,36.23522139996818,397100
2012-01-26,36.81339645385742,37.04827795785593,36.253291754950865,36.70498987094912,332200
2012-01-27,36.59657669067383,37.581278636608616,36.352662761678374,36.61464502729994,125200
2012-01-30,37.03923797607422,37.05730631058005,36.099705258865626,36.099705258865626,321500
2012-01-31,37.18378829956055,37.92457292470833,36.858565108777015,37.29219488109403,308800
2012-02-01,37.770999908447266,38.430478782815086,36.51527617777018,37.44577669452706,318200
2012-02-02,37.29219436645508,38.21365891223101,37.07538120638018,38.04201487332313,213100
2012-02-03,39.1531867980957,39.58681650907892,38.02394168214484,38.21365403454076,348600
2012-02-06,38.999610900878906,39.351938301034316,38.15945563550445,38.891204325698794,238300
2012-02-07,38.68342971801758,39.19836533901641,38.54791889304591,38.86410966925199,124800
2012-02-08,37.32832336425781,38.683417397653955,36.67787712544932,38.62921239569247,376000
2012-02-09,37.03923797607422,37.879396576591965,36.13584192787729,37.55417344785187,324100
2012-02-10,36.632713317871094,36.69595077289157,35.93709786646299,36.424932616206256,295600
2012-02-13,37.780033111572266,37.780033111572266,36.48817612273097,36.957942613780844,229600
2012-02-14,36.732086181640625,37.707755647540914,36.57851049507264,37.49997150684597,258600
2012-02-15,36.09971237182617,36.89470201581252,36.00937412767952,36.89470201581252,372900
2012-02-16,36.11777877807617,37.93360702547619,33.90445745303507,34.73558372869924,2049000
2012-02-17,36.13584518432617,37.05730965006842,36.00937027757027,36.40686333397207,732600
2012-02-21,36.09067153930664,36.67787688217411,35.66607430888042,36.027434093862176,641700
2012-02-22,36.045509338378906,36.452034866694625,35.765455279016926,35.90999853148502,340300
2012-02-23,37.22895431518555,37.35542922411946,35.765453524948654,36.10874502504272,444100
2012-02-24,37.382530212402344,37.82519235531107,36.9760012930701,37.42769932650982,300900
2012-02-27,37.03020477294922,37.617410124532526,36.58753920208523,36.84048898761759,324500
2012-02-28,36.54237747192383,37.53611192684877,36.39783421582232,37.06634548297313,253600
2012-02-29,35.68415069580078,37.120550823681604,35.58477656019533,36.61464769977345,315600
2012-03-01,35.51250457763672,37.346397694500325,34.96143236418751,36.08164168179122,496100
2012-03-02,34.500701904296875,35.729321368414524,34.37422697937592,35.458303179843455,557200
2012-03-05,34.085140228271484,35.36796470015358,33.98576608900516,34.53683835498515,517600
2012-03-06,33.371456146240234,33.62440943897677,32.26931506755556,33.62440943897677,736700
2012-03-07,33.814117431640625,34.35615373132856,33.109469552809756,33.497930164519786,459300
2012-03-08,35.232452392578125,35.367963203330504,33.87735806978666,34.220649596491754,321900
2012-03-09,35.75642395019531,36.795327532824814,35.28665750345642,35.376995746751824,522100
2012-03-12,36.15391159057617,36.23521737574814,35.431195414704554,35.73835022022281,322700
2012-03-13,36.79533386230469,36.79533386230469,36.15392326449677,36.5965855574467,288100
2012-03-14,35.955169677734375,36.81339679532836,35.58477735702748,36.80436434924519,207600
2012-03-15,36.3616943359375,36.723054167438555,35.602841446731496,36.036471176823106,190800
2012-03-16,36.12681198120117,36.569474145557216,35.88289461778383,36.515269138292474,294800
2012-03-19,36.397830963134766,37.03924138937918,35.78352131805532,36.11777692176001,217200
2012-03-20,35.72932052612305,36.09971284588122,35.57574481982039,35.92806880127534,279000
2012-03-21,36.2803955078125,36.921806057930134,35.02467519397607,35.846765694513955,349300
2012-03-22,36.063575744628906,36.452036398116206,35.25052120765648,35.837726687772715,233900
2012-03-23,37.02117156982422,37.13861402713792,35.73835076873614,36.26231871196648,299300
2012-03-26,38.62018966674805,38.62018966674805,36.75919215212207,36.75919215212207,442400
2012-03-27,38.493709564208984,38.692457815140955,37.98780649191976,38.62018447073561,302900
2012-03-28,37.59934997558594,38.63825701435699,36.96697192790717,38.63825701435699,454100
2012-03-29,37.382530212402344,37.572242559363225,36.452029920112416,37.10247619104402,188400
2012-03-30,37.707759857177734,37.99684637278818,37.1928208396771,37.734860641084,337300
2012-04-02,38.032981872558594,38.06008610426564,36.822430723870816,37.66258953693982,306300
2012-04-03,37.698726654052734,38.746666209433535,37.382539331983104,37.8432699221679,315500
2012-04-04,36.10874557495117,37.15668498145513,35.90999731720949,37.0753791893047,466900
2012-04-05,36.10874557495117,36.361695396671244,35.611874930596954,36.08164134677912,464800
2012-04-09,36.09971237182617,36.39783478063972,35.08790956341461,35.096942009356034,196200
2012-04-10,35.18728256225586,36.26232279605598,34.88012771742968,36.05454208428871,348100
2012-04-11,35.59381103515625,36.135847367190934,35.21438284578561,35.71125005784789,262200
2012-04-12,36.2894172668457,36.50623383273139,35.64800690563176,35.68414357430977,275100
2012-04-13,36.063575744628906,36.443003952162535,35.72028765945934,36.23522323339681,211600
2012-04-16,35.74739074707031,36.49721131831931,35.31376094350523,36.40686962204533,213000
2012-04-17,36.41590118408203,36.885667610290746,35.53960578844434,35.98227143208543,185000
2012-04-18,36.56044006347656,36.741116520569086,35.955162904432555,36.01840035365144,227700
2012-04-19,35.57574462890625,36.966972208956925,35.18728397292949,36.56044666095705,398600
2012-04-20,36.98503875732422,40.63476018997038,36.515272325244545,40.54442194949401,1680700
2012-04-23,36.1990852355957,36.786294140456185,35.69318212608231,36.1087469946247,344800
2012-04-24,34.29291915893555,36.19005325959165,33.66054112538351,36.153916584261125,1005400
2012-04-25,36.41590118408203,36.43396952118809,34.654277947345086,35.00660190545589,832400
2012-04-26,37.003108978271484,37.057313993026355,35.96420537517672,36.2532918948364,310100
2012-04-27,37.346397399902344,37.48190820240326,36.6959510617905,37.138616696601694,263900
2012-04-30,37.03923797607422,37.283155322629284,36.80435651986329,37.17474876177673,300000
2012-05-01,37.45480728149414,37.94264207815437,36.677885963742625,36.95794003875494,457400
2012-05-02,38.222694396972656,38.33110097585521,36.85856420745327,37.01214335320464,367500
2012-05-03,37.94264221191406,38.159458826588455,37.37350161380406,38.06008468845366,447100
2012-05-04,37.46384048461914,37.861333561041995,37.31929723444875,37.57224706070121,345400
2012-05-07,36.3616943359375,37.21992135111544,36.2803885461589,36.94890320058102,313000
2012-05-08,35.68415069580078,36.253291279424566,34.61814288033284,35.95516887260822,342100
2012-05-09,34.925296783447266,35.18728250725067,34.65427861400853,35.03370336198616,359000
2012-05-10,34.60910415649414,35.5215326570109,34.02189534144286,35.169208746453116,261000
2012-05-11,34.57297134399414,35.20534934316843,34.04899991873512,34.247748176065485,181700
2012-05-14,33.082374572753906,34.10321345023544,32.79328800595654,34.0580443203328,456200
2012-05-15,33.92252731323242,34.43746288204929,32.56743298557054,33.01913109479117,265000
2012-05-16,33.028167724609375,34.17548136120001,32.73908120394531,34.17548136120001,389000
2012-05-17,31.20330238342285,33.46179265241091,31.076827479748744,33.019127043368876,520700
2012-05-18,31.420120239257812,32.18800911377425,31.049727917351404,31.194271178432366,339700
2012-05-21,32.693904876708984,33.00105970037817,31.203303322047756,31.57369559945624,246800
2012-05-22,31.275569915771484,32.72100564636723,30.878076899103412,32.51322497086922,491800
2012-05-23,30.905187606811523,31.076835114983414,30.35411529439684,30.914223499969786,465000
2012-05-24,31.862783432006836,31.862783432006836,30.45348416164452,30.787743226872173,297500
2012-05-25,31.736303329467773,32.34157701217015,31.438180986991192,32.01635389171655,296600
2012-05-29,31.79050636291504,32.9649240071757,31.60982990642802,32.061527940010585,228900
2012-05-30,31.655010223388672,31.98926592160314,31.040700404615002,31.266549501335213,328400
2012-05-31,31.411088943481445,31.664038798090854,30.336048615208156,31.636938012577936,342600
2012-06-01,30.119226455688477,30.733536086396047,30.083089784192108,30.390244599545895,289100
2012-06-04,30.083091735839844,30.498653146459706,29.306170479178338,30.254739213491927,336200
2012-06-05,30.01082420349121,30.417349754651863,29.541057745025373,29.89338172732896,300600
2012-06-06,31.275569915771484,31.66403048836677,30.308936429410856,30.308936429410856,221100
2012-06-07,30.73353385925293,31.889879693879323,30.64319218705873,31.862778915312273,289300
2012-06-08,30.72450828552246,30.823882435212415,30.12826683356632,30.56190011333768,375300
2012-06-11,30.209564208984375,31.47432012183105,30.15536264878238,31.18523364681169,297200
2012-06-12,31.221370697021484,31.275572257881937,29.857240645655793,30.245701247341444,321900
2012-06-13,30.796775817871094,31.47432295075516,30.561894328125106,31.085862318873662,231100
2012-06-14,30.661264419555664,31.320743202593935,30.20053389442967,30.54382540004646,241400
2012-06-15,31.664037704467773,31.826649304295575,30.453486598073685,30.543828290302013,309500
2012-06-18,32.377716064453125,32.67583498269989,31.040690262275824,31.42011496662309,332200
2012-06-19,33.3533821105957,33.461792123043594,32.33254700641428,32.71197171143408,337700
2012-06-20,32.919761657714844,33.32629070327026,32.558405186475035,33.254020787495726,355700
2012-06-21,31.691137313842773,32.83844734527805,31.573694854163683,32.83844734527805,284300
2012-06-22,32.96493148803711,33.04623729038032,31.61886952617364,31.86278693320326,1278100
2012-06-25,32.838443756103516,33.136566095124124,32.34157663725148,32.477087417930356,340400
2012-06-26,32.89265060424805,33.073330506569384,32.224135999513834,32.97395638798353,305500
2012-06-27,33.407588958740234,33.70571134013494,32.85651676005266,32.89265343286101,270500
2012-06-28,33.15463638305664,33.353381174601864,32.59453178585781,33.037193929291846,202600
2012-06-29,33.64247131347656,34.10320179491537,33.299179840411206,34.10320179491537,343600
2012-07-02,35.88290023803711,35.88290023803711,32.93782652617696,33.75088453158209,786800
2012-07-03,36.13584518432617,36.22618341881389,35.19631238244983,35.65704633841233,334500
2012-07-05,36.144874572753906,36.42492858987579,35.2324460753285,36.13584212854205,277500
2012-07-06,34.72654724121094,35.84675999888098,34.48262986382675,35.72028508753722,321900
2012-07-09,34.74461364746094,34.916261114332556,34.22967813921144,34.67234375050132,293200
2012-07-10,34.545867919921875,35.59380724410851,34.3200188979318,34.99756596390202,260800
2012-07-11,34.600074768066406,34.825923824576215,34.301955805488674,34.67234812031744,214300
2012-07-12,34.76268768310547,35.08791088820563,33.77798562152254,34.1303096116533,171000
2012-07-13,34.98854064941406,35.23245808043604,34.591047491183964,34.789792347207204,189000
2012-07-16,35.22342300415039,35.24148789738121,34.41939740804401,34.952401359120884,210200
2012-07-17,35.52153778076172,36.262322378065406,34.98853389283024,35.32278951693484,405600
2012-07-18,35.89192581176758,35.95516326161467,35.27761620223934,35.50346522203112,265700
2012-07-19,35.90999984741211,36.35266551279511,35.50347085801611,36.00937398328481,447500
2012-07-20,30.796775817871094,35.54863819351086,29.848210521069984,35.53960574805956,2945100
2012-07-23,28.24919891357422,30.155365401486293,28.13175644544491,30.155365401486293,1224900
2012-07-24,28.872539520263672,29.098388553018268,28.140789136604365,28.466012295160223,1182000
2012-07-25,28.13175392150879,28.9086751166582,27.31869777847104,28.9086751166582,911300
2012-07-26,27.869773864746094,28.881576671047988,27.463244874567575,28.7912384270897,400700
2012-07-27,29.035152435302734,29.170663239662762,27.905907219578868,28.059484637840974,610000
2012-07-30,28.456979751586914,29.288102585401955,28.240164874536276,29.053221094249036,316200
2012-07-31,25.575145721435547,28.005281961177538,22.657176433861263,27.553583865029513,4113700
2012-08-01,24.274255752563477,26.62308440704337,23.89482929370125,26.044911411859573,1225600
2012-08-02,21.527931213378906,24.08454237101489,20.994927321584523,24.08454237101489,3194200
2012-08-03,21.374357223510742,22.593942624673197,21.022033203009588,22.115141945124325,1409700
2012-08-06,21.934457778930664,22.612004849316307,21.437588893459747,21.636337136884634,995100
2012-08-07,23.632843017578125,24.15681271280381,22.051899763679252,22.051899763679252,1124600
2012-08-08,24.129711151123047,24.563342627259583,23.22631497073342,23.22631497073342,918500
2012-08-09,24.120677947998047,24.328458649419222,23.659945703700174,24.129710393197737,713000
2012-08-10,22.648143768310547,24.07550977794804,22.304853950614373,23.940000684728275,1061000
2012-08-13,22.864957809448242,22.919162823188135,22.331953902646784,22.60297380207161,556300
2012-08-14,22.35905647277832,23.099841098404006,22.268716506047777,23.072740314548927,616100
2012-08-15,22.67524528503418,22.792686034533432,22.13320721275653,22.26871630005306,523900
2012-08-16,22.71137809753418,22.955295465539486,22.395190831332524,22.602971527148288,524300
2012-08-17,22.584909439086914,22.747521062743036,22.042871267930458,22.521671968352166,707600
2012-08-20,22.512636184692383,22.937231831410312,22.359058742587305,22.59394199069458,834000
2012-08-21,22.232580184936523,22.756549892016825,22.133206055339613,22.630073257141273,857600
2012-08-22,22.187406539916992,22.449392221906763,21.907354246448556,22.232577376341723,957600
2012-08-23,22.106103897094727,22.2145121968197,21.81701739528342,22.142240571366873,830700
2012-08-24,22.67524528503418,22.78365186563479,21.87122148397058,22.088038091354864,671800
2012-08-27,23.307619094848633,24.608509983867798,23.126940905570997,24.355558451169493,930600
2012-08-28,23.09984016418457,23.18114595864468,22.64814207189127,23.172111790027838,412900
2012-08-29,23.117910385131836,23.316656941622394,22.801721350144245,23.199216186216976,393500
2012-08-30,23.117910385131836,23.497336882498622,22.756552226470994,23.018536245340748,507800
2012-08-31,23.795454025268555,24.165846297969566,23.081770260786723,23.38892508055215,734700
2012-09-04,24.00323486328125,24.68078195978979,23.443130228432025,23.4521626733984,641600
2012-09-05,23.659944534301758,23.967099348652475,23.49733295928181,23.813521941477116,271300
2012-09-06,24.391698837280273,24.599479561981788,23.687049139445865,23.912898202754015,380700
2012-09-07,24.942768096923828,25.114412123724733,24.319424274855958,24.509136638085824,536300
2012-09-10,24.06647491455078,24.996973647848662,24.0032374544115,24.978905309782707,272400
2012-09-11,23.967100143432617,24.337492421886818,23.68704610023738,24.084540883124106,342000
2012-09-12,24.744020462036133,24.753054630476846,23.85869263194329,24.030338386134005,373100
2012-09-13,25.394468307495117,26.144287101523,24.590444499615913,24.744021926011577,681800
2012-09-14,25.990707397460938,26.324963004794267,25.2499228373261,25.638381730669167,630300
2012-09-17,26.1984920501709,26.24366117481384,25.683556447638065,25.945540472132116,299300
2012-09-18,25.981678009033203,26.1984929160502,25.267994099063674,26.1984929160502,474200
2012-09-19,25.828096389770508,26.13525122246406,25.647416468271445,26.008776311269575,388000
2012-09-20,26.514678955078125,26.830867971371415,25.41253448246102,25.566111906198245,674600
2012-09-21,26.84893226623535,26.94830639156538,26.39723420286812,26.94830639156538,1060500
2012-09-24,25.629350662231445,26.758595899457,25.548044867303886,26.623085092516742,525000
2012-09-25,24.906633377075195,26.017810308216102,24.798226796183734,25.79196125441877,507900
2012-09-26,24.653684616088867,25.15055186690179,24.138747303549636,24.942771141877596,362100
2012-09-27,24.96986961364746,25.204752824865235,24.418799121070617,24.771123076351554,259000
2012-09-28,24.7620906829834,25.078279710100464,24.545275793183816,24.789193190367687,295100
2012-10-01,23.84062385559082,25.114412289696592,23.786420569037137,25.02407405313759,707800
2012-10-02,24.012269973754883,25.105380228364425,22.08803690230995,24.192949895818234,944000
2012-10-03,23.235347747802734,24.337492124652012,23.135975345613236,24.03937147190078,526600
2012-10-04,23.533472061157227,23.578642908352695,23.036604803648522,23.32569133333298,341400
2012-10-05,22.70234489440918,23.542503604520427,22.630073270049685,23.461197811729566,561600
2012-10-08,20.90458869934082,22.530702985197262,20.859419576021867,22.51263464663304,1330200
2012-10-09,21.65440559387207,21.69957643626717,19.630798378040858,20.615500342065133,2191700
2012-10-10,21.627302169799805,21.73570873212352,21.184638306946955,21.564064721262433,771000
2012-10-11,23.406993865966797,23.497333824648425,21.455658340045737,21.681507375204113,1157300
2012-10-12,23.307619094848633,23.659944751659012,22.801717752543368,23.35278993448655,525900
2012-10-15,22.97336769104004,23.632846562327067,22.711381942585607,23.361828367387417,335200
2012-10-16,22.60297393798828,23.172112800947147,22.53070230899205,23.054672049987605,470400
2012-10-17,22.178375244140625,22.56683587223249,22.10610361959503,22.56683587223249,471200
2012-10-18,22.612009048461914,23.145012980660336,21.835087712086253,22.097071731946095,870500
2012-10-19,22.14223861694336,23.253415406359913,21.90735542418118,21.979627043254826,1492700
2012-10-22,21.22077751159668,22.04286795372869,21.17560838874654,22.015767169255238,724800
2012-10-23,22.22354507446289,22.359054148929033,20.705839305022785,20.895551664657113,775500
2012-10-24,21.536962509155273,22.413256079285738,21.437588389777652,22.404221911788568,510400
2012-10-25,21.979629516601562,22.196444398220475,21.482762294944667,21.708611345350803,494600
2012-10-26,21.934457778930664,22.404222438181986,21.54599718288162,21.952524391258223,318200
2012-10-31,23.461200714111328,23.47023488366031,22.088039681407427,22.16031131470763,722500
2012-11-01,23.018535614013672,23.958068523855,22.864958185408515,23.416030439184354,611200
2012-11-02,22.566837310791016,23.271486987348162,22.557803141760488,23.145012067103888,427100
2012-11-05,22.331951141357422,22.873989150093898,22.259679521731982,22.621039342950517,281500
2012-11-06,22.22354507446289,22.67524313807762,22.115136781035154,22.449394106270255,351300
2012-11-07,21.39242172241211,22.22354627321837,21.39242172241211,21.979628892167398,424000
2012-11-08,20.660675048828125,21.58213800584948,20.63357253832182,21.401459771749426,635600
2012-11-09,20.326414108276367,20.714874742484728,19.80244439129779,20.588399828311392,988000
2012-11-12,19.956024169921875,20.516128904396883,19.85665002670238,20.371585635945806,595000
2012-11-13,19.766307830810547,20.09153100980629,19.70307037335948,19.946987757606287,776800
2012-11-14,19.206199645996094,19.956018275781613,18.92614736147386,19.766304215040563,697200
2012-11-15,20.136701583862305,20.181870703411676,19.215237071086886,19.215237071086886,689200
2012-11-16,21.175607681274414,21.844120671052856,20.832316155952913,21.03106442527321,1161700
2012-11-19,18.447351455688477,21.564069200965204,17.94145003920269,21.518898354703868,3912200
2012-11-20,18.97132110595703,19.14296687461943,18.528657153589023,18.682234583846625,947900
2012-11-21,19.242340087890625,19.51336000593051,18.772575331519807,18.962287723365236,434700
2012-11-23,19.441083908081055,19.585627141940364,19.07972582343278,19.341709788643556,150800
2012-11-26,19.31460952758789,19.386881152904635,18.93518306390211,19.079728037627063,331200
2012-11-27,19.775339126586914,20.091528090999205,19.133928753517072,19.350743600319184,460900
2012-11-28,20.2902774810791,20.308345818314876,19.784376100117676,19.784376100117676,570800
2012-11-29,20.787141799926758,20.931685019528622,20.299307141452154,20.443850361054015,439500
2012-11-30,20.09153175354004,20.95879302193517,19.910853543147564,20.52516152619183,643400
2012-12-03,20.48902702331543,20.714876083584617,20.0734638564125,20.21800711713745,532100
2012-12-04,21.34724998474121,21.555032406049758,20.470956351113596,20.470956351113596,644400
2012-12-05,21.7176456451416,21.9073580215432,21.293048325038274,21.428557411481062,658900
2012-12-06,21.60923957824707,21.74474867871228,21.392424672884392,21.41049301243754,381500
2012-12-07,22.485532760620117,22.566838563316015,21.80798555354872,21.80798555354872,549200
2012-12-10,22.82882308959961,23.14501211394171,22.06997012041519,22.80172058245318,619000
2012-12-11,21.95252799987793,23.17211327166928,21.609238185945078,22.982400887859658,1063700
2012-12-12,22.069971084594727,22.46746592465007,21.853156187225895,22.00673362158194,790100
2012-12-13,21.446624755859375,22.295817633643956,21.0039608416662,22.169342721900602,583700
2012-12-14,21.103336334228516,21.65440685891033,20.99492802923858,21.356286174052446,405500
2012-12-17,21.049131393432617,21.175608036876238,20.787147383690268,21.175608036876238,408900
2012-12-18,21.437593460083008,21.71764754945843,20.976861147304895,21.012997825840436,446600
2012-12-19,21.844118118286133,21.907355570010107,21.293045942249233,21.41048840095775,421000
2012-12-20,22.36808967590332,22.57587038424749,21.699576707910246,21.817017453424764,387500
2012-12-21,21.8350887298584,22.178378567112,21.356288068573292,22.178378567112,625400
2012-12-24,21.943492889404297,21.970593670605627,21.42855564639113,21.880253712721313,114100
2012-12-26,22.133209228515625,22.377126641718824,21.6815110809949,21.95252928027066,335500
2012-12-27,21.690542221069336,22.142240305498706,21.437590673475967,22.106103631660464,390800
2012-12-28,22.39518928527832,22.91915893421481,21.428554048036244,21.636336452599096,548000
2012-12-31,23.181148529052734,23.28052267176549,22.268718074675768,22.48553297624678,636200
2013-01-02,24.28329086303711,24.933737277097826,23.732220312680994,23.958069379098383,863500
2013-01-03,24.012269973754883,24.78919122629928,23.82255760637066,24.29232230217078,801500
2013-01-04,24.00323486328125,24.292321348763608,23.678011705567915,24.16584644213792,295100
2013-01-07,23.632843017578125,23.903861171867085,23.48829977221183,23.903861171867085,562200
2013-01-08,22.873994827270508,23.768356988269463,22.58490827701934,23.533473735417452,708400
2013-01-09,22.97336769104004,23.244385885979685,22.90109605751669,23.027570985409636,528600
2013-01-10,23.35279083251953,23.37085916906952,22.864956084218374,23.145010131468926,420700
2013-01-11,23.795454025268555,23.903860595132024,23.316653459612716,23.38892508055215,259100
2013-01-14,23.515403747558594,23.90386266684308,23.190180563598876,23.7683535812237,362200
2013-01-15,23.82255744934082,24.138744726230335,23.34375686519303,23.40699432057093,240900
2013-01-16,23.262451171875,23.831589995783943,23.1269420921911,23.732217589664515,181500
2013-01-17,23.551536560058594,23.650910684594464,23.172110120938687,23.30761919424765,173100
2013-01-18,23.66897964477539,23.958066134949945,23.33472231357894,23.605740467344734,365800
2013-01-22,23.325687408447266,23.65994472908354,23.036600927405807,23.623808057407686,197900
2013-01-23,22.910127639770508,23.46119813699231,22.602972801211454,23.370859897609087,765400
2013-01-24,23.027568817138672,23.24438369729348,22.729448141539375,22.92819468424174,349000
2013-01-25,23.226316452026367,23.33472475874727,22.846891686232155,23.199215667664827,310500
2013-01-28,23.000469207763672,23.325692430502006,22.964334251399254,23.262454964545487,300100
2013-01-29,22.991432189941406,23.27148450768087,22.612005746546394,23.036601307189542,532200
2013-01-30,22.37712287902832,22.982398363853303,22.151273843244244,22.973364195650973,712400
2013-01-31,23.063705444335938,23.154043685228284,22.395192467801902,22.395192467801902,336300
2013-02-01,23.867725372314453,24.165846020654953,22.774615179671724,23.12694083541329,541600
2013-02-04,23.732213973999023,24.12970698410049,23.488296633874597,23.768348918966808,353400
2013-02-05,23.831586837768555,23.976131789780794,23.253413922084412,23.804486059277863,413200
2013-02-06,24.960834503173828,24.960834503173828,23.379891263675656,23.659945306726843,501600
2013-02-07,24.942768096923828,25.186683746349168,24.509136638085824,24.870496474299394,395600
2013-02-08,25.159584045410156,25.295093128264707,24.7169201224365,24.915666662417078,219500
2013-02-11,25.05117416381836,25.105379172011457,24.247152162959107,24.933733425582712,610300
2013-02-12,25.19571876525879,25.25895622180386,24.960835553026055,25.087312189207655,346900
2013-02-13,25.728721618652344,25.764858291287045,25.07827701905022,25.286057717425585,580300
2013-02-14,26.415307998657227,26.65922541683213,25.728726593660316,25.728726593660316,442400
2013-02-15,26.586952209472656,26.749563811979414,26.144288248810717,26.641155502611035,831400
2013-02-19,25.936504364013672,26.8308681283031,25.683554527972767,26.65018819705257,453700
2013-02-20,25.403501510620117,25.873266217830164,25.31316154739421,25.873266217830164,484800
2013-02-21,25.999744415283203,25.999744415283203,24.780159146300402,25.331231404254403,415600
2013-02-22,26.379169464111328,29.441681999942094,25.98167465764075,29.297138747242155,2210000
2013-02-25,27.065746307373047,27.978176574417752,26.605015813060128,26.64115076102388,1552500
2013-02-26,27.047679901123047,27.914939335960092,27.020577397625143,27.20125730809519,839300
2013-02-27,26.541780471801758,27.156090183724256,26.52371385675641,26.92120695721909,649200
2013-02-28,25.258956909179688,26.505644629334242,24.85242965328786,26.48757629180354,1508800
2013-03-01,25.033105850219727,25.258954881952885,24.635612794995147,25.10537919454205,1116800
2013-03-04,24.012269973754883,25.12344684209761,23.786420932721413,25.078277723127492,1099100
2013-03-05,24.87952995300293,25.087310646903322,24.012268782453585,24.16584619166069,888800
2013-03-06,25.09634780883789,25.2770260204007,24.59044468104228,24.86146458302383,249500
2013-03-07,25.62031364440918,25.63838025664613,24.987935692651014,25.05117314320857,289200
2013-03-08,26.270763397216797,26.270763397216797,25.55708124170275,25.8642343874931,347000
2013-03-11,26.29786491394043,26.577917263916934,26.198490776845848,26.198490776845848,331400
2013-03-12,25.575145721435547,26.198489576585438,25.50287409497552,26.18042123919756,335700
2013-03-13,25.566112518310547,25.755826621865324,25.457705936072006,25.656452485570366,251700
2013-03-14,25.629350662231445,25.737757240073865,25.295093313852426,25.66548561381509,391000
2013-03-15,25.240888595581055,25.692586664892357,25.168616973414903,25.692586664892357,384900
2013-03-18,25.855199813842773,26.072014693492612,25.06924436740705,25.114413487841457,277200
2013-03-19,25.566112518310547,26.144287274918465,25.249925217538507,25.819064082019732,216600
2013-03-20,25.75582504272461,25.945537411556188,25.42156770128472,25.59321345624528,142300
2013-03-21,27.183191299438477,28.267267408878105,24.527206037475423,25.61128214691505,2782700
2013-03-22,26.243661880493164,27.210297370906062,25.367368087978708,27.210297370906062,828900
2013-03-25,26.478544235229492,26.885073246641614,26.008779483598605,26.38820426346106,320300
2013-03-26,26.605016708374023,26.85796652190653,26.10814780319405,26.55081169996731,341700
2013-03-27,27.707164764404297,27.73426727388798,26.252696160855713,26.514681916589534,395000
2013-03-28,27.255464553833008,27.707162672575294,27.038649663607703,27.707162672575294,405400
2013-04-01,26.758594512939453,27.73426227842368,26.595982931510182,27.73426227842368,487500
2013-04-02,26.261728286743164,26.89410634074438,26.15332170342909,26.848935495120536,350400
2013-04-03,26.92120361328125,27.770396446228933,26.379167321233837,26.379167321233837,654300
2013-04-04,26.867002487182617,27.01154573975334,26.315930259824555,26.867002487182617,342100
2013-04-05,26.514678955078125,26.81279963373374,26.30689824151938,26.496610617440446,261400
2013-04-08,26.505647659301758,26.63212259029154,26.126221143240706,26.496613489503673,236200
2013-04-09,26.315929412841797,26.80376416688556,26.126217046107957,26.47854099752305,339800
2013-04-10,26.81279945373535,27.183191757363662,26.442407150107044,26.442407150107044,418200
2013-04-11,26.668251037597656,27.056711603547797,26.53274197863837,26.839895041503535,329400
2013-04-12,27.363868713378906,27.418071996947596,26.02684117498445,26.514675896376612,560200
2013-04-15,26.017810821533203,27.427110185659163,25.73775847176486,27.291599372233982,642000
2013-04-16,26.42433738708496,26.96637542169473,25.99974181690454,26.15331923132578,583700
2013-04-17,26.668251037597656,26.821828430575824,26.017804797647212,26.243653803609746,586000
2013-04-18,26.713424682617188,26.92120538981963,26.09911500646087,26.758595525329543,873300
2013-04-19,19.413986206054688,24.807261476135785,19.2513745969813,24.662718206535374,5948000
2013-04-22,20.208972930908203,20.913620835494164,19.17006596465409,19.82954647340367,2558800
2013-04-23,21.329185485839844,21.582135326798905,21.003962292502123,21.049131414647228,1723000
2013-04-24,21.8350887298584,21.89832619542419,21.211744797825283,21.383390577997936,1209400
2013-04-25,21.437593460083008,21.979631576474414,21.401458504639137,21.817019969247823,1332800
2013-04-26,21.32015037536621,21.48276196485469,21.220776243325144,21.455659458909448,516600
2013-04-29,21.32015037536621,21.43759112161262,21.193673737379903,21.29304786942097,582800
2013-04-30,21.518898010253906,21.573101301808286,21.21174315295979,21.338219797375444,1001200
2013-05-01,21.387216567993164,21.723237304103034,21.205585188950895,21.605176994334645,1075200
2013-05-02,21.44170570373535,21.523440423565674,21.332725499901063,21.45986762755642,560800
2013-05-03,22.050168991088867,22.377106059181845,21.587006268094225,21.59608809389975,748800
2013-05-06,21.459867477416992,22.104663403547068,21.42354189784742,22.104663403547068,368600
2013-05-07,21.868541717529297,21.877623545734455,21.29640039805738,21.459868109205345,545100
2013-05-08,21.941192626953125,22.69496697800477,21.768641371021364,21.923028972185264,468300
2013-05-09,21.58700942993164,22.04109039362975,21.541600294252984,21.84129366100648,277700
2013-05-10,21.623336791992188,21.723235166553632,21.38721446350794,21.550683901087922,276000
2013-05-13,21.48711395263672,21.986602386990022,21.387215572893403,21.61425608526884,385000
2013-05-14,21.686908721923828,21.79588892872738,21.35997156587642,21.550684762555605,547600
2013-05-15,21.496191024780273,21.57792572972547,21.35996709393203,21.41445631983508,408900
2013-05-16,21.550683975219727,21.76864264868227,21.37813444134202,21.396296364994395,347100
2013-05-17,21.45078468322754,21.677825156566527,21.369049974250995,21.5597631404087,379000
2013-05-20,22.304458618164062,22.48609171415701,21.341807366637227,21.45078757066931,676300
2013-05-21,22.122825622558594,22.422518996314274,21.96843802200679,22.304456972972716,318000
2013-05-22,21.423542022705078,22.222723831890455,21.323643646988817,22.131909016346476,791200
2013-05-23,21.359970092773438,21.459866732257172,21.023949399469508,21.24190806586334,323000
2013-05-24,21.36905288696289,21.577929735182227,21.078439586444564,21.332725574830008,524000
2013-05-28,22.495174407958984,22.61323471237115,21.59609418577181,21.59609418577181,710700
2013-05-29,22.222721099853516,22.658640128908434,22.068333507354794,22.4588434020387,721800
2013-05-30,22.595069885253906,22.69496825993848,22.11374513198799,22.249969086078693,343800
2013-05-31,22.704050064086914,23.10364183022568,22.422520328303072,22.495173219220888,420500
2013-06-03,22.822111129760742,22.840274786146423,22.2499698110647,22.704050827617042,467200
2013-06-04,21.677825927734375,22.050172178681674,20.742418520716235,21.904866409150113,1867900
2013-06-05,21.877622604370117,22.29537629074224,21.40537795111173,21.541601903964313,749700
2013-06-06,22.71312713623047,22.91292211137539,21.823128975792365,21.923025597274233,616600
2013-06-07,22.65864372253418,22.967418956502897,22.377112241327527,22.831193263966036,439000
2013-06-10,22.949254989624023,23.13996818510677,22.64047975982962,22.713132653182328,445500
2013-06-11,22.404354095458984,22.83118956398155,22.24996650349442,22.740374759916453,306200
2013-06-12,22.395275115966797,22.595070135365983,22.277214816363088,22.431602427956598,315500
2013-06-13,22.71312713623047,22.74037261418799,22.186393354320042,22.34986275770279,309300
2013-06-14,22.431602478027344,22.69496856181498,22.422520650009623,22.68588673379726,321800
2013-06-17,22.313535690307617,22.70404555093265,22.168229937356145,22.66771824660418,263300
2013-06-18,22.34078598022461,22.522417344442395,22.159152883825243,22.349867808262736,201600
2013-06-19,22.077417373657227,22.631396738888572,21.9684389054625,22.377110759465005,243000
2013-06-20,21.4326229095459,21.795887352314846,21.1874187611088,21.768641869539113,613900
2013-06-21,21.89578628540039,22.004764754936264,21.432623459419062,21.496194522011915,442900
2013-06-24,21.30548095703125,21.895787677921966,20.90589090041131,21.63241985079452,366000
2013-06-25,21.232824325561523,21.441702877698386,20.978540103765713,21.441702877698386,273500
2013-06-26,20.07038116455078,21.350889485412516,19.988646443459047,21.341807657271033,1023100
2013-06-27,19.979562759399414,20.061297472898747,18.499259553476474,19.979562759399414,1031500
2013-06-28,20.297420501708984,20.633439462669486,19.425584104372287,19.97956346380309,1647400
2013-07-01,21.2237491607666,21.432626029239795,20.297423397735376,20.297423397735376,563300
2013-07-02,21.314558029174805,21.51435474508258,20.942211808668283,21.250986976724608,367700
2013-07-03,21.01486587524414,21.30547740697384,20.942212992311717,21.18741712177666,148200
2013-07-05,20.851396560668945,21.214662709342893,20.50629579804634,21.214662709342893,366100
2013-07-08,21.1783390045166,21.332726624313437,20.833238183184555,20.833238183184555,389000
2013-07-09,21.9593563079834,21.977519962772984,21.160172819056314,21.260071188217562,819700
2013-07-10,22.222721099853516,22.42251782672325,21.705069093293496,22.01384427829094,1026300
2013-07-11,22.622312545776367,22.79486378992109,22.268129962904712,22.477006781922285,813300
2013-07-12,22.576906204223633,22.822108609627374,22.431600433546816,22.53149706827374,648600
2013-07-15,23.094560623168945,23.330682958044704,22.43160275919947,22.79486722355387,678000
2013-07-16,22.540576934814453,23.376085909621704,22.440678576595577,23.121799966965142,892000
2013-07-17,22.831192016601562,22.88568298351189,22.49517304822892,22.658642484596818,556500
2013-07-18,22.47701072692871,23.37609094814406,22.47701072692871,22.885684342109162,1323800
2013-07-19,19.997726440429688,20.524460299131963,19.52548181340518,19.97956278580995,4907300
2013-07-22,19.979562759399414,20.106704877206624,19.616298328392077,19.952317277505824,1280100
2013-07-23,20.07038116455078,20.20660512230981,19.81609517313409,19.97048278717608,1148000
2013-07-24,20.388235092163086,20.597111910819827,19.979561549416132,20.052214431217664,1143100
2013-07-25,21.541601181030273,21.904867352688033,20.26109294926297,20.424562380072665,1376200
2013-07-26,21.12384796142578,21.559765298140338,20.86956198225153,21.341806629783058,772600
2013-07-29,21.142009735107422,21.34180473027363,20.88772377856568,21.033029544537715,453400
2013-07-30,20.97309684753418,21.329193287111696,20.781354084443286,21.201363036851617,917000
2013-07-31,20.83613395690918,21.13744520616694,20.717436324821435,20.83613395690918,720500
2013-08-01,20.982223510742188,21.237882218635512,20.799611640703358,20.90917841442016,626200
2013-08-02,20.772218704223633,21.25614354714184,20.71743531834707,20.900047185113092,456200
2013-08-05,20.516559600830078,20.790480007936193,19.81350122811558,20.71743491434771,882200
2013-08-06,20.644390106201172,20.81787111741472,20.306555455225578,20.525690739020927,538900
2013-08-07,20.288291931152344,20.589603137106458,20.09654922805985,20.553081463840766,449300
2013-08-08,21.20136070251465,21.402236041577982,20.233512654001046,20.35221203463531,701300
2013-08-09,20.963964462280273,21.329191731781965,20.80874513673455,21.183101520594363,286900
2013-08-12,20.717437744140625,21.027879869678042,20.470909866531624,20.80874455898092,394200
2013-08-13,20.726564407348633,20.918307112349456,20.61699590339653,20.726564407348633,190500
2013-08-14,20.82699966430664,21.30179359735577,20.607864404791403,20.662647784287152,324400
2013-08-15,20.123943328857422,20.772218317330875,20.060027348070722,20.653520693220386,545400
2013-08-16,19.968725204467773,20.333950726087046,19.913940070075387,20.014377741595435,339600
2013-08-19,19.722198486328125,20.14220742555397,19.70393677378802,19.932202955941047,429300
2013-08-20,19.895679473876953,19.97785368981357,19.68567328171527,19.795241805518437,611600
2013-08-21,20.16046714782715,20.35221162750347,19.75871821926981,19.813503351481668,301300
2013-08-22,20.151334762573242,20.397862614212485,19.950461184311152,20.133073053222382,226100
2013-08-23,20.09654998779297,20.242640169443096,19.895676423407128,20.13307166243933,251500
2013-08-26,20.553083419799805,20.708304464398406,20.05089686773024,20.09655114057244,483500
2013-08-27,19.585235595703125,20.370469936552787,19.512190500239612,20.370469936552787,371600
2013-08-28,19.548717498779297,20.023511619307357,19.503064954761683,19.53958664166919,266000
2013-08-29,20.014373779296875,20.10568057700861,19.411751352544666,19.493927296331997,221200
2013-08-30,20.060029983520508,20.151336797964824,19.804372992915585,19.95959405501113,233000
2013-09-03,20.251773834228516,20.644391904979265,19.85002490816582,20.270035544852405,439200
2013-09-04,20.498302459716797,20.598738388790476,20.087422663175158,20.26090543744081,254200
2013-09-05,20.288291931152344,20.60786484450544,20.123941789158323,20.543950610141277,321700
2013-09-06,20.388731002807617,20.55308289780051,19.91393702650201,20.361338439798004,240000
2013-09-09,20.735694885253906,20.772218302820793,20.352209449996014,20.47090707402359,294100
2013-09-10,21.100921630859375,21.110052485050343,20.744825283541125,20.772217846114028,228100
2013-09-11,21.1830997467041,21.374842479756374,20.881788493670143,21.01874783749784,267100
2013-09-12,20.85439682006836,21.183100652536925,20.82700425351844,21.119184663920446,157200
2013-09-13,20.863525390625,21.000484725309665,20.5439524486725,20.854394536108366,132300
2013-09-16,20.553083419799805,21.21048927493553,20.525690856094485,21.05526823033693,300100
2013-09-17,20.890918731689453,20.890918731689453,20.498302389326675,20.534824070264605,337400
2013-09-18,20.872657775878906,21.137445610150333,20.452647144973547,20.845265210320115,260400
2013-09-19,20.982223510742188,21.36571070181594,20.827002463366323,20.936570978615595,221200
2013-09-20,20.78135108947754,21.794853381273583,20.726567699565813,21.091793201531598,559000
2013-09-23,20.93657112121582,21.091792169648905,20.7265666855512,20.781350072782736,373300
2013-09-24,20.890918731689453,21.338321949290723,20.653523451761313,21.00961811318616,312300
2013-09-25,20.370468139648438,21.037006536180822,20.361337285829386,20.900045470427347,395000
2013-09-26,20.6809139251709,20.90918008712981,20.30655755888089,20.37047180558417,369000
2013-09-27,20.56221580505371,20.6809134402146,20.306557082703048,20.56221580505371,262900
2013-09-30,21.05527114868164,21.219623070628515,20.352212664789437,20.352212664789437,508400
2013-10-01,20.817873001098633,21.19222936248049,20.71743707539569,21.137445971957742,948300
2013-10-02,20.58960723876953,20.991356173918323,20.50743128063608,20.644392371880244,520100
2013-10-03,20.0052433013916,20.735694213750428,19.950459918347775,20.571344064618952,568000
2013-10-04,20.105680465698242,20.17872555515677,19.89567605119651,19.959590286781186,321900
2013-10-07,19.356971740722656,20.123946204434517,19.356971740722656,19.941332573443063,549800
2013-10-08,18.325206756591797,19.630889449805462,18.22476909048842,19.347839903507154,816000
2013-10-09,18.316072463989258,18.443902671821736,18.169982290636916,18.32520331751531,426900
2013-10-10,18.316072463989258,18.47129349086765,18.169982290636916,18.47129349086765,460400
2013-10-11,18.635648727416992,18.653910437757897,17.89606687393591,18.21563983877152,438500
2013-10-14,18.5991268157959,18.90043806652449,18.398251487621817,18.580865105683248,465700
2013-10-15,18.48955726623535,18.617385746834994,18.306943658350917,18.58086407017757,324600
2013-10-16,18.90956687927246,18.927828589094638,18.44390546953443,18.553472245402496,403900
2013-10-17,17.91432762145996,18.82739219104129,17.36648853140467,18.809130481681873,1478800
2013-10-18,14.134241104125977,14.380768990502437,13.568141095975937,14.380768990502437,7739500
2013-10-21,14.654685974121094,14.709471103429106,13.942496708441919,14.271199647393749,1833100
2013-10-22,14.426420211791992,14.98338927951613,14.262068312464843,14.727730575948069,1141400
2013-10-23,14.316853523254395,14.599903067884773,14.042933963043566,14.344245218045595,742800
2013-10-24,14.399030685424805,14.426422382512174,14.170764511241911,14.298593011493868,685200
2013-10-25,14.225546836853027,14.499466399450078,14.06119492514154,14.444682138624154,711300
2013-10-28,13.832928657531738,14.325983517958688,13.814667817913255,14.243808433526096,913600
2013-10-29,14.225546836853027,14.252938531882847,13.805537073075227,13.832928768105045,537900
2013-10-30,13.843559265136719,14.349806622556027,13.806741323386714,14.28537544394576,400900
2013-10-31,13.889582633972168,13.963218521300913,13.733106153946329,13.797537335906727,671600
2013-11-01,13.917194366455078,14.055262298614561,13.714695259306525,13.834353782721173,1334400
2013-11-04,13.898787498474121,14.174921640213995,13.861969554388203,13.917196031612567,570300
2013-11-05,13.549016952514648,13.954014348273255,13.549016952514648,13.806742567997398,830600
2013-11-06,13.76992416381836,13.788332696834548,13.475380613087173,13.576629739198763,771200
2013-11-07,13.613448143005371,13.852765224964912,13.576630197919984,13.843560519241302,699800
2013-11-08,13.604242324829102,13.843559387219093,13.576629087725328,13.604242324829102,539200
2013-11-11,13.595039367675781,13.815947034260827,13.309699639979987,13.558220545435905,510700
2013-11-12,13.355720520019531,13.502992278225877,13.015154359715128,13.502992278225877,855900
2013-11-13,13.337312698364258,13.410948586229466,12.959928553602815,13.282086221369866,858000
2013-11-14,13.245268821716309,13.346517952239276,13.051974388674964,13.291290595166437,471400
2013-11-15,13.898787498474121,14.405034010203241,13.190040977558908,13.190040977558908,1228500
2013-11-18,14.138103485107422,14.598328218216754,13.990831710961878,13.990831710961878,731600
2013-11-19,14.064467430114746,14.285375966504583,13.898787125083624,14.184125964631615,553700
2013-11-20,13.512197494506836,14.24855631343722,13.502992789817968,14.138102490597662,571800
2013-11-21,13.76071834564209,13.898786282239204,13.438561582533389,13.475379523397496,384000
2013-11-22,13.76071834564209,13.88958157757094,13.650264523049767,13.788331581837932,330100
2013-11-25,13.549016952514648,13.871173752415823,13.512199007445684,13.815947273716903,335000
2013-11-26,13.723901748657227,13.889582937674106,13.48458467070152,13.576629970779573,403700
2013-11-27,13.73310661315918,13.788333091597915,13.567425422224883,13.687083962587536,309600
2013-11-29,13.696288108825684,13.806741939000608,13.659470165434042,13.760719290308803,126600
2013-12-02,13.549016952514648,13.76071991720893,13.456971650937712,13.650266082002037,984600
2013-12-03,12.739021301269531,13.641061395643996,12.490499513344494,13.493789615159107,1311400
2013-12-04,12.103910446166992,12.831065508382355,12.04868396832276,12.656180491463564,1785600
2013-12-05,12.315613746643066,12.472090223371675,11.8001616683943,12.039478736074406,1542200
2013-12-06,12.619363784790039,12.867884715084434,12.260388132354663,12.426069337757008,1022600
2013-12-09,11.984251022338867,12.637769221631817,11.95663690966901,12.545724812825684,1121300
2013-12-10,11.873797416687012,12.195955071588415,11.836979474224766,11.984252121882744,1188700
2013-12-11,11.671298027038574,11.910614190660615,11.257095117712359,11.873796251810385,1391100
2013-12-12,11.662095069885254,11.84618479171351,11.542436531244627,11.64368565879791,989600
2013-12-13,11.717321395874023,11.827776105350416,11.652890213520314,11.652890213520314,731800
2013-12-16,11.938228607177734,12.067090957530738,11.698911559652265,11.790956848026346,1107000
2013-12-17,12.113115310668945,12.149933255651169,11.864594401491203,11.919820880060012,878700
2013-12-18,12.462885856628418,12.481295267477105,12.01186582454387,12.15913760009727,671200
2013-12-19,12.34322738647461,12.416863274650627,12.085501777858548,12.416863274650627,557500
2013-12-20,12.527316093444824,12.60095197566364,12.195954623460151,12.334021683168192,1141200
2013-12-23,12.987541198730469,13.153222377762123,12.51811265448909,12.64697501346128,686900
2013-12-24,13.3649263381958,13.401744280815803,13.024359271699534,13.042768681914033,394400
2013-12-26,13.291289329528809,13.466175212098742,13.162426971644624,13.38333462328235,639500
2013-12-27,13.162425994873047,13.493787447739605,13.116403351411574,13.337310986655947,234200
2013-12-30,13.40174388885498,13.40174388885498,12.913905066146528,13.116404183538547,487400
2013-12-31,13.383333206176758,13.475378490184006,13.199243515971148,13.401742614101762,417800
2014-01-02,13.19003963470459,13.346516100591412,12.95992728814267,13.346516100591412,391800
2014-01-03,13.328107833862305,13.410948426174244,13.144018116396335,13.144018116396335,361600
2014-01-06,13.254471778869629,13.558220028290586,13.190040598025487,13.420152961393425,505300
2014-01-07,13.254471778869629,13.410948256184547,13.199245303234365,13.383335018366916,316600
2014-01-08,13.005949974060059,13.429356728182507,12.932314093152584,13.199244380894415,801700
2014-01-09,12.692997932434082,13.162427364533093,12.62856675156877,13.005950887166756,1027600
2014-01-10,12.913905143737793,12.932314553524481,12.499703079436014,12.720610730022432,591100
2014-01-13,12.886292457580566,13.024359525645325,12.656180092266629,12.840269808955977,598700
2014-01-14,12.950722694396973,13.13481327546852,12.812655636402258,12.987540635049493,572300
2014-01-15,12.886292457580566,13.208450120143686,12.821861276191548,12.950723638969587,649500
2014-01-16,12.812655448913574,12.932313973735528,12.739019568686055,12.849473389027334,632900
2014-01-17,12.904702186584473,13.005951313809739,12.75742953178995,12.840270125796547,578800
2014-01-21,13.355720520019531,13.392538459571119,12.840268488488402,12.867881723699861,791000
2014-01-22,13.576629638671875,13.815946710773474,13.31890403369039,13.41094845370784,855000
2014-01-23,13.410947799682617,13.493788388124663,13.291289269467326,13.456970446351418,650900
2014-01-24,12.978337287902832,13.318903470977693,12.849474051951947,13.236062881995622,792100
2014-01-27,12.720610618591309,13.051972969377212,12.683792677149427,13.051972969377212,586200
2014-01-28,12.748223304748535,12.803449771819432,12.591746851699547,12.739018600967096,515000
2014-01-29,12.702200889587402,12.904699987336617,12.619360309698683,12.619360309698683,338700
2014-01-30,12.923110008239746,13.079586482123286,12.637770297684765,12.775838239363233,430900
2014-01-31,12.720610618591309,12.794246501475072,12.536520911381897,12.536520911381897,450300
2014-02-03,12.545724868774414,12.812655147777747,12.508906929525986,12.702201330032462,419000
2014-02-04,12.472089767456055,12.674588884845276,12.361635942828016,12.610156828788861,408100
2014-02-05,12.140727043151855,12.490497915976977,12.067091162326456,12.426066739706988,584900
2014-02-06,12.27879524230957,12.361635829473203,12.1039093632288,12.1039093632288,392500
2014-02-07,12.462885856628418,12.554931155253804,12.278796137186665,12.343227319539023,355400
2014-02-10,12.6009521484375,12.628566263004897,12.324818025235295,12.472089791692197,384600
2014-02-11,13.125609397888184,13.263676464582403,12.591748785884002,12.60095261327035,838200
2014-02-12,13.042768478393555,13.263676130666507,12.904701415175204,13.153222304530031,508800
2014-02-13,13.088791847229004,13.10720038036246,12.89549742137804,12.923110659982742,369300
2014-02-14,13.383333206176758,13.383333206176758,13.051971763806659,13.153220873967523,533000
2014-02-18,13.751514434814453,13.935605027571032,13.447766185698702,13.447766185698702,646600
2014-02-19,13.68708324432373,14.211739151004316,13.502993529506771,13.733105892480221,894900
2014-02-20,13.71469497680664,14.202533764788987,13.604241160039575,13.696286446249916,857300
2014-02-21,12.849474906921387,13.355722301644725,12.19595573434596,12.42606810669211,4705600
2014-02-24,13.410947799682617,13.48458368322911,12.748224847764195,12.877087205066069,1082800
2014-02-25,14.174921035766602,14.395829568671152,13.447766012720308,13.521401897752162,1320900
2014-02-26,14.432646751403809,14.662759099466706,13.98162588206573,14.20253440334091,830000
2014-02-27,14.530070304870605,14.724918028244323,14.335222581496886,14.520791631171136,440700
2014-02-28,14.223881721496582,14.669248343419053,14.131096750511007,14.548628235083031,543400
2014-03-03,13.936248779296875,14.168210303174416,13.713565043878562,13.834185142478443,607700
2014-03-04,13.815628051757812,14.363056479902902,13.750678226322027,14.149652312384758,1044100
2014-03-05,13.778515815734863,13.926971059603666,13.732123330810099,13.759958467819736,340700
2014-03-06,13.778515815734863,13.991920007580505,13.70428819380046,13.87129990072134,272600
2014-03-07,13.732124328613281,14.01975616329322,13.630060677390045,13.89913604766956,337600
2014-03-10,13.722846031188965,13.78779498567041,13.435213303739589,13.69501089139165,326800
2014-03-11,13.351706504821777,13.750679750237667,13.212529050489032,13.713565939388213,532600
2014-03-12,13.509441375732422,13.630060605859962,13.101188542708202,13.258922471168045,454800
2014-03-13,13.639338493347168,13.96408500610953,13.435212088614739,13.537275733412482,869600
2014-03-14,14.353779792785645,14.381614928757077,13.509439961127022,13.565110233069888,652100
2014-03-17,14.483677864074707,14.613576641662398,14.214602520035445,14.437286265166202,758400
2014-03-18,14.89193058013916,15.086779199492474,14.492957321792922,14.530071133845201,613900
2014-03-19,14.650691986083984,15.27234814822211,14.650691986083984,14.901210008906345,540900
2014-03-20,14.45584487915039,14.882655085478177,14.372338572906397,14.613578816530568,460600
2014-03-21,14.984716415405273,15.133171672161296,14.56718578456318,14.56718578456318,673000
2014-03-24,14.029034614562988,15.114615637891955,13.95480698841687,15.049664916503675,769200
2014-03-25,13.87130069732666,14.223882364194761,13.565111518047562,14.103262250408587,590900
2014-03-26,13.435211181640625,14.084704163319865,13.42593339308238,14.001197872254648,499200
2014-03-27,13.6578950881958,13.945526888904483,13.34242726687943,13.463047368257042,505500
2014-03-28,13.750679969787598,13.982641512516068,13.509440637845914,13.61150339809574,263700
2014-03-31,14.177489280700684,14.418729498133278,13.602224759420464,13.824907628652214,563300
2014-04-01,14.78986644744873,14.845537602798945,14.140374354298876,14.186766836280222,538500
2014-04-02,15.133171081542969,15.309462355707785,14.604299028774708,14.836260579618765,582100
2014-04-03,15.439359664916992,16.97030725747243,15.17028519652935,16.292978210028814,1393900
2014-04-04,15.949677467346191,16.33009428670162,15.346577761274876,15.587816227922387,788900
2014-04-07,15.810502052307129,16.16308287322133,15.495034163724025,15.95895732108431,606300
2014-04-08,15.754828453063965,16.107411009102602,15.55070292095954,15.754828453063965,492800
2014-04-09,16.04245948791504,16.098129756897663,15.699155661449318,15.810497969140508,480900
2014-04-10,15.643488883972168,16.098133349876257,15.448640244455365,16.00534836771237,546700
2014-04-11,15.040385246276855,15.754827206712779,14.984714972784445,15.476474069524643,464100
2014-04-14,14.817703247070312,15.569259017088823,14.771310762648396,15.225955163284475,815500
2014-04-15,14.743476867675781,14.975437539595626,14.084706011017644,14.845539634109562,715600
2014-04-16,14.743476867675781,15.031109587426425,14.400173869820572,14.854818308748028,951600
2014-04-17,15.829055786132812,15.931119435152238,14.400173548491813,14.595020402373052,1202300
2014-04-21,14.715641021728516,15.457918189383575,14.242440112664442,15.068222698486247,2222600
2014-04-22,15.894004821777344,15.986789796857767,14.641412967370231,14.70636280387177,1093200
2014-04-23,15.69915771484375,15.97751086589042,15.569259813652128,15.875448987693934,544500
2014-04-24,15.708436012268066,15.903282859380356,15.430081098174055,15.829055236233845,534400
2014-04-25,15.253791809082031,15.773385178254138,15.253791809082031,15.708436228323395,608700
2014-04-28,14.808424949645996,15.355853448178587,14.632134566197035,15.28162582516186,719700
2014-04-29,14.934673309326172,15.14041107144902,14.607363273760193,14.813101035883038,377100
2014-04-30,15.00013542175293,15.243278177976288,14.560604152642382,14.831803557368575,334600
2014-05-01,14.878562927246094,15.467721357546736,14.6354183764216,14.906617793311039,518700
2014-05-02,15.056245803833008,15.308742273579437,14.887914824002054,14.91596969002451,379800
2014-05-05,14.859859466552734,14.915969196742054,14.513846490891664,14.897266250628308,439400
2014-05-06,14.336162567138672,14.944022987634705,14.270700922673935,14.76634099900984,416400
2014-05-07,14.29875659942627,14.410976949972325,14.046261033659661,14.308108518267124,598300
2014-05-08,14.29875659942627,14.541901138200089,14.139777546524007,14.289404680585413,436300
2014-05-09,14.523197174072266,14.65412136116014,14.08366769455566,14.09301872146703,469700
2014-05-12,14.925320625305176,15.131058376884715,14.50449409532052,14.53254895949335,434400
2014-05-13,14.700881004333496,15.01883823587888,14.691529084975308,14.9440246647096,497100
2014-05-14,14.336162567138672,14.756989080701159,14.317459622369327,14.626065791771683,335200
2014-05-15,14.345514297485352,14.429679777464676,13.784411692188536,14.167831419340558,622000
2014-05-16,14.102370262145996,14.38292157447105,13.877929569025167,14.29875609158873,372200
2014-05-19,14.07431697845459,14.195889257171453,13.868579207406967,13.999503405682388,329200
2014-05-20,13.831171035766602,14.083667487470226,13.728302606469596,13.94339138368553,619900
2014-05-21,14.046260833740234,14.18653604696426,13.74700567802863,13.952743430358847,310800
2014-05-22,13.905985832214355,14.102371681421541,13.756358688408524,14.055612976020187,310900
2014-05-23,14.093019485473633,14.130426270691189,13.868578774168299,13.905985559385854,244800
2014-05-27,14.841156005859375,14.841156005859375,14.177184902753465,14.177184902753465,318600
2014-05-28,15.20587158203125,15.327442954513618,14.644768960790644,14.878561570999558,486700
2014-05-29,15.308740615844727,15.420960067782662,15.093650062854302,15.224575135043262,296600
2014-05-30,15.093650817871094,15.411608920426902,15.0468930078407,15.3367953541606,264500
2014-06-02,15.084298133850098,15.215223205945955,14.616713814331826,15.103001970391794,292500
2014-06-03,15.149762153625488,15.383554768442572,14.813100217506136,15.037540913687005,573600
2014-06-04,14.598011016845703,15.103003045391635,14.448383881254031,15.103003045391635,310200
2014-06-05,14.663472175598145,14.869209021723043,14.280052453817753,14.626065395225618,227600
2014-06-06,15.046893119812012,15.271333820281088,14.654121448067096,14.766341798301635,229100
2014-06-09,15.280684471130371,15.617346385746409,15.103001595783464,15.112353513822352,358500
2014-06-10,15.430312156677246,15.430312156677246,15.093650229748825,15.187167629861836,166700
2014-06-11,15.41160774230957,15.654752260012257,15.19651897869811,15.318090345701464,210200
2014-06-12,15.261981010437012,15.383554164236793,15.06559607787802,15.252629092168103,205000
2014-06-13,15.486421585083008,15.55188322879287,15.018836377217129,15.224575010243564,215100
2014-06-16,15.804381370544434,15.860491102093937,15.23392856844939,15.430313520720748,215600
2014-06-17,15.888545036315918,16.141041474855992,15.589290790799978,15.757621749826695,391100
2014-06-18,15.757622718811035,15.991415335458985,15.598643668142586,15.935305606898389,311800
2014-06-19,15.738919258117676,15.991415718228264,15.514478554806983,15.813732825887907,207800
2014-06-20,15.841785430908203,15.963356785461718,15.551881352741871,15.785673928471999,363500
2014-06-23,15.795028686523438,16.10363487064694,15.654753472593868,15.85114019905216,208500
2014-06-24,15.233927726745605,16.010119141129763,15.215223889363793,15.7389188501818,343600
2014-06-25,15.654753684997559,15.701513279405928,15.140410632378488,15.140410632378488,250900
2014-06-26,15.729568481445312,15.869843708239083,15.327444856592566,15.664106827854638,211300
2014-06-27,16.010120391845703,16.04752628583538,15.710864321447037,15.710864321447037,755500
2014-06-30,16.599275588989258,16.655385316897416,15.888545828600272,15.954007475109135,377100
2014-07-01,16.842418670654297,17.02010154136934,16.561866487889084,16.795659081678792,581100
2014-07-02,16.889179229736328,17.076214048742738,16.60862878492294,16.814365658873008,326100
2014-07-03,17.45963478088379,17.5250964360209,16.879828237090493,16.973345651727648,253400
2014-07-07,16.57122039794922,17.478336912476234,16.561868479029787,17.33806169607709,408100
2014-07-08,15.617347717285156,16.692793411706273,15.43031290795273,16.46835271072504,681800
2014-07-09,15.31809139251709,15.804380461154738,15.271333582865667,15.664105248504367,534500
2014-07-10,14.448384284973145,15.177817037288515,14.448384284973145,14.934673381082126,822800
2014-07-11,14.233295440673828,14.541901638249476,13.840523754332441,14.345515795078782,1037800
2014-07-14,14.027557373046875,14.41097713188113,13.905985102125367,14.354867401823867,1010500
2014-07-15,13.999503135681152,14.214591930290892,13.718951797272176,13.999503135681152,680200
2014-07-16,14.420328140258789,14.46708684025262,13.775060042409594,14.102370050518378,518800
2014-07-17,14.19588851928711,14.467087929451774,14.167832762069734,14.242646330953223,404900
2014-07-18,14.569955825805664,14.588659663260065,14.074315727288758,14.167832239016596,298000
2014-07-21,13.849876403808594,14.39227525795766,13.7002483648639,13.999503550905144,863800
2014-07-22,13.915335655212402,14.102369556791603,13.831170176539764,14.064962776475763,284200
2014-07-23,13.999503135681152,14.298757420998397,13.831172154266143,13.905985725595453,272700
2014-07-24,14.008852005004883,14.14912809852247,13.868576803335278,14.07431453871895,495500
2014-07-25,16.35613250732422,17.281951126565637,15.318092638615848,16.76760804377471,1487300
2014-07-28,17.057510375976562,17.356764662339902,16.365484392837278,16.374836312248163,1938200
2014-07-29,16.40289306640625,17.272600220069144,16.38418922644885,17.179084587674847,769700
2014-07-30,16.300020217895508,16.58057062201616,16.169096933798667,16.4589992558828,543800
2014-07-31,16.069250106811523,16.35182886254154,15.843188180175803,16.022154545813432,488300
2014-08-01,15.69247817993164,16.172860385021007,15.673639239360233,16.03157192389596,417100
2014-08-04,15.786673545837402,15.984477062915023,15.522933726486704,15.673641681378378,331100
2014-08-05,15.852606773376465,15.975056303135469,15.617125388271894,15.692479359642142,626700
2014-08-06,16.154022216796875,16.238795656841095,15.664220518003672,15.786671840992144,401000
2014-08-07,16.069250106811523,16.219958057902005,15.626545725055799,16.201120911451063,509800
2014-08-08,16.201122283935547,16.37066739584005,16.01273643082302,16.106929357379283,402300
2014-08-11,16.314151763916016,16.49311813819184,16.1257677142504,16.1257677142504,263000
2014-08-12,16.022153854370117,16.370665302509,15.824348554237432,16.210537886813174,247700
2014-08-13,16.314151763916016,16.49311813819184,16.059831410457832,16.0975092983393,337500
2014-08-14,16.09750747680664,16.436601243046994,16.012734035246552,16.31414991786892,178400
2014-08-15,16.11634635925293,16.370664886416066,15.824348152030222,16.33298879951723,247500
2014-08-18,15.918542861938477,16.304732228313473,15.833769411116592,16.219958777491588,551800
2014-08-19,16.11634635925293,16.370664886416066,15.767833123391789,15.880864977249024,435900
2014-08-20,16.25763511657715,16.446019147562716,15.805511286315308,16.08808823108386,640200
2014-08-21,16.62498664855957,16.662664535298678,16.116347753645304,16.285894650810235,404900
2014-08-22,16.25763511657715,16.74743683098434,16.238796174504472,16.615566033056005,261700
2014-08-25,16.1069278717041,16.42718271450726,15.99389601094632,16.361248210973752,318000
2014-08-26,16.38950538635254,16.62498679074433,16.125767363245277,16.182282397256756,399300
2014-08-27,16.521377563476562,16.634407640865387,16.191703210694563,16.3989262169612,241800
2014-08-28,16.681499481201172,16.851046355996804,16.502534932543814,16.502534932543814,323000
2014-08-29,16.75685691833496,16.869886981767447,16.4836976379756,16.700340090038253,175600
2014-09-02,16.76627540588379,16.89814621505476,16.55905241515877,16.71917984326737,313300
2014-09-03,16.549633026123047,16.841629468283024,16.502537463270993,16.832211792977063,257600
2014-09-04,16.559051513671875,16.832210792401664,16.49311701096619,16.59672939897824,277400
2014-09-05,16.690921783447266,16.80395365134825,16.276475793165023,16.474279316266013,214200
2014-09-08,16.60614776611328,16.7945336073389,16.521376113800336,16.615567237832614,164500
2014-09-09,16.26705551147461,16.86988731939392,16.26705551147461,16.54963247229166,301400
2014-09-10,16.26705551147461,16.38008557716923,16.05041305507617,16.248216568332005,401400
2014-09-11,16.502534866333008,16.68149941427233,16.201118999719117,16.511954336737226,442500
2014-09-12,16.690921783447266,16.71918019956766,16.380086392445286,16.45544037218575,335000
2014-09-15,16.530794143676758,16.709760517023515,16.51195699641439,16.709760517023515,229800
2014-09-16,16.21053695678711,16.46485727240388,15.767832619535191,16.43660065727778,350900
2014-09-17,16.003314971923828,16.323569804511624,15.975056558490639,16.21053794735929,198700
2014-09-18,16.295310974121094,16.398923357477845,16.088088003987963,16.248215416184593,528300
2014-09-19,16.03157615661621,16.700342554249243,15.862029239869601,16.474280597447343,610800
2014-09-22,15.654803276062012,16.219957163186386,15.61712539207751,15.984475778024432,254200
2014-09-23,15.240355491638184,15.607705876536679,15.193258136791975,15.570029789240099,373600
2014-09-24,15.353386878967285,15.504094834358384,15.183841776587707,15.259195754283256,232300
2014-09-25,14.948359489440918,15.522933794557604,14.882424983459241,15.306291333023374,233700
2014-09-26,14.976615905761719,15.165001734646435,14.854166374592943,14.976615905761719,256800
2014-09-29,14.995454788208008,15.108486644404477,14.750553930265994,14.80706985836423,182800
2014-09-30,14.58100700378418,15.16500163211401,14.58100700378418,15.033131732444339,379000
2014-10-01,14.279590606689453,14.816487860644056,14.251333092873464,14.609264894939923,314700
2014-10-02,14.373784065246582,14.46797608098843,14.072367279318144,14.251333636320998,409300
2014-10-03,14.590426445007324,14.75055385917535,14.383203472322986,14.505653002413641,283400
2014-10-06,14.062949180603027,14.750554422029182,14.044110237845484,14.64694293173339,341100
2014-10-07,13.478955268859863,14.100625999807363,13.271731392447288,13.959336625680063,519400
2014-10-08,13.846305847167969,13.883982834438607,13.1963775921769,13.441278458581165,375600
2014-10-09,13.601404190063477,13.912240439838968,13.328245823658502,13.799208586307781,462100
2014-10-10,13.450697898864746,13.742695242755309,13.186958970966694,13.544890822259196,377700
2014-10-13,13.403600692749023,13.686178548948076,13.130442308024328,13.450697151830573,237100
2014-10-14,13.573147773742676,13.695598209731191,13.356505316579327,13.526051314010132,457900
2014-10-15,13.846305847167969,13.97817575176032,13.290569611208378,13.365923585749655,655100
2014-10-16,13.761531829833984,14.062948613773981,13.526050444597528,13.59198584330107,414500
2014-10-17,14.157140731811523,14.232494703771769,13.912240772085829,13.987594744046074,299300
2014-10-20,13.87456226348877,14.100625067487348,13.121022577794054,13.158699562078791,494000
2014-10-21,14.364365577697754,14.383204521110127,13.526051459942702,14.025272680887417,935000
2014-10-22,14.345524787902832,14.505652193137282,13.846304529501978,14.364363728890485,1000800
2014-10-23,14.53391170501709,15.372224880055109,14.270171900962458,14.83532759731928,1152400
2014-10-24,15.918542861938477,16.022155256627574,14.449139375326766,14.58100838923611,816400
2014-10-27,16.022153854370117,16.408343186945856,15.833768025346647,15.833768025346647,568600
2014-10-28,16.48369598388672,16.64382338816483,16.050411123240234,16.050411123240234,692400
2014-10-29,15.852606773376465,16.624985429066594,15.805511214987709,16.455438544338442,642400
2014-10-30,16.531124114990234,16.54061407044947,15.743475912112828,15.771945778490538,708400
2014-10-31,17.081527709960938,17.21438345738635,16.56908100985068,16.929692052896524,464600
2014-11-03,16.844284057617188,17.11948731384883,16.730406411239734,17.06254758564821,320800
2014-11-04,16.7873477935791,17.07203922253909,16.60704225655833,16.645002079099108,409500
2014-11-05,16.891733169555664,17.29979219928494,16.73040754873302,16.939182946282273,367000
2014-11-06,17.015100479125977,17.242853973327758,16.673469332811365,16.920202737369266,268900
2014-11-07,17.185916900634766,17.309282703991506,16.948673439543832,16.977141496459407,548800
2014-11-10,17.47060775756836,17.480097712903966,16.99612085093147,17.147956516253362,358000
2014-11-11,17.49907684326172,17.50856679817415,17.271323355434795,17.47060697852442,407800
2014-11-12,17.812238693237305,17.869176614535565,17.347241747583087,17.489587455840685,590100
2014-11-13,17.793258666992188,17.945094329481943,17.707850880588715,17.80274862215078,325300
2014-11-14,17.717342376708984,17.907137876340535,17.64142453886117,17.81224012652476,204900
2014-11-17,17.32826042175293,17.840705291628048,17.32826042175293,17.726829458333015,183100
2014-11-18,17.31877326965332,17.584486607042955,17.309283313672545,17.347243137595648,202400
2014-11-19,17.128976821899414,17.394690144580302,17.034080887392747,17.21438461097456,296100
2014-11-20,17.38520050048828,17.442138424216807,16.92969349061214,16.939183446237557,218600
2014-11-21,17.442138671875,17.688872091567227,17.27132489826406,17.537036419452622,299300
2014-11-24,17.783769607543945,17.86917739824913,17.271324673336807,17.461118355996355,561500
2014-11-25,18.467029571533203,18.913048423009243,17.679381377465194,17.85968690912623,672900
2014-11-26,18.504989624023438,18.6568252915212,18.33417404558247,18.45754165668936,340700
2014-11-28,18.049480438232422,18.504987385626773,18.030500529585062,18.486007476979413,197300
2014-12-01,17.53703498840332,18.058971652477418,17.26183353391146,17.954583957657828,390600
2014-12-02,18.002031326293945,18.058971054322566,17.337750789507382,17.603462280212497,420900
2014-12-03,18.1348876953125,18.27723338602445,17.423157431729106,18.09692787911003,326700
2014-12-04,17.926115036010742,18.277236148865466,17.86917711312379,18.077950703725236,354600
2014-12-05,18.144380569458008,18.58090766589765,17.84070742103709,17.897647154504487,507400
2014-12-08,17.26183319091797,18.182337085960743,17.204893462134766,18.144379076795747,297700
2014-12-09,17.97356414794922,17.983054103082992,16.92020265841063,17.005610444590726,269500
2014-12-10,17.442138671875,18.134890962174865,17.35673269008152,17.850197719441994,309700
2014-12-11,17.37571144104004,17.878668254983968,17.27132554382455,17.565506943289385,225600
2014-12-12,16.958162307739258,17.35673136921453,16.948672352701294,17.11948792333696,272400
2014-12-15,16.502653121948242,17.195405342985758,16.4931631671369,17.0910176500848,442600
2014-12-16,16.474185943603516,16.616531653295706,16.29388041264733,16.512143954843612,531300
2014-12-17,16.901222229003906,16.939182048373024,16.246431635100933,16.474185121244204,447300
2014-12-18,17.508567810058594,17.688871533743765,16.97714116439218,17.176426609023068,383700
2014-12-19,17.831218719482422,17.992542529204563,17.12897650880634,17.48009761414438,523500
2014-12-22,17.612953186035156,17.916624511825162,17.480097433508,17.793258714481926,285700
2014-12-23,17.31877326965332,17.755300384624828,17.290303401710993,17.650914488884354,221100
2014-12-24,17.214384078979492,17.44213757280005,17.128976292543797,17.30928182057736,143800
2014-12-26,17.223873138427734,17.42315856642196,17.053057574439475,17.413668611753305,181000
2014-12-29,16.986629486083984,17.31877065517427,16.948671477915134,17.290300791529813,262000
2014-12-30,16.834794998168945,17.00561057180698,16.796836987373762,16.844284953373712,415900
2014-12-31,16.07561683654785,16.844285115283682,15.923781171859883,16.844285115283682,789400
2015-01-02,15.866842269897461,16.322351097807736,15.819394300959969,16.246433261493355,485300
2015-01-05,15.809903144836426,16.113574467038386,15.667557438807238,15.857351110171535,1248500
2015-01-06,15.743475914001465,15.990209325899446,15.098173422887347,15.91429149224037,935900
2015-01-07,15.8193941116333,16.009189605159772,15.601130561094635,15.885821991360375,327700
2015-01-08,15.667556762695312,16.341327253502293,15.658066808033047,15.99020798111729,371400
2015-01-09,15.5631685256958,15.942757648756924,15.544188617036815,15.686536121955486,264800
2015-01-12,15.21204948425293,15.7529642186421,15.088681886220186,15.563168749371915,605000
2015-01-13,15.193071365356445,15.667558284411834,15.031745740476655,15.3733769014042,380000
2015-01-14,14.737563133239746,15.250008958519452,14.728074082873274,15.003276453764006,645900
2015-01-15,14.699604034423828,15.022255273193013,14.538278415039235,14.718583944945284,820000
2015-01-16,15.287968635559082,15.506232177128568,14.68062507225851,14.68062507225851,751200
2015-01-20,15.16460132598877,15.534702349455474,14.955827735589452,15.36388677093606,615700
2015-01-21,12.706759452819824,13.570325462281104,11.4920723424674,11.824213533034941,2671800
2015-01-22,12.830126762390137,13.02941040015236,12.535944473528419,12.830126762390137,791500
2015-01-23,12.915533065795898,13.057879678512101,12.735228442369701,12.811146273813568,619500
2015-01-26,12.763696670532227,12.97247114752943,12.63084092563464,12.97247114752943,914900
2015-01-27,12.54543399810791,12.678289752051446,12.507475081979479,12.554923048381056,821100
2015-01-28,12.374618530273438,12.659310856210045,12.11839607043886,12.573903067927867,1019900
2015-01-29,12.925023078918457,12.95349203958454,12.30819046941898,12.384108301203163,603200
2015-01-30,11.881152153015137,12.877573897419328,11.757785453086292,12.80165606746495,796800
2015-02-02,11.99502944946289,12.203803038930614,11.672378204815729,11.909621660584293,719100
2015-02-03,12.479004859924316,12.545433640011893,12.014007924370885,12.014007924370885,469000
2015-02-04,12.2607421875,12.592883396276052,12.184824352067528,12.374618940648707,634300
2015-02-05,12.317679405212402,12.393598141303308,12.11839577738905,12.30819035508648,395600
2015-02-06,12.678289413452148,12.716248328566811,12.251251392159219,12.317679267356896,626900
2015-02-09,12.497983932495117,12.811145186884684,12.460025019993711,12.659309536879059,311900
2015-02-10,12.298699378967285,12.640329590462093,12.184822641802349,12.56441176568547,319400
2015-02-11,12.317679405212402,12.355639225763822,12.07094690671171,12.28921044481077,222600
2015-02-12,12.422066688537598,12.573902345645374,12.336658905161498,12.393597729082867,239600
2015-02-13,12.460025787353516,12.545433571994547,12.251251303232323,12.450535832390754,347600
2015-02-17,12.488493919372559,12.62135056500847,12.298699357758297,12.497983873706236,619800
2015-02-18,12.630842208862305,12.744718961063185,12.289211047247687,12.516964551649448,628000
2015-02-19,12.602372169494629,12.782677703436166,12.42206754056506,12.640331086375168,1005200
2015-02-20,12.175333976745605,12.725738717166552,10.93217878562697,11.549011403508802,2513000
2015-02-23,11.985539436340332,12.146865057887418,11.596460315554522,12.146865057887418,1207900
2015-02-24,12.289210319519043,12.33665918971263,11.89064125791199,12.014007958410547,610400
2015-02-25,12.33665943145752,12.374618347353834,12.146864851975947,12.222782683768576,477600
2015-02-26,12.053993225097656,12.494759312299252,12.044411135119745,12.26479463561974,660600
2015-02-27,12.015666007995605,12.255212779218642,11.852774130460066,12.025248098156146,385900
2015-03-02,12.063575744628906,12.130648549265791,11.85277432660072,12.044411563990694,424800
2015-03-03,11.747373580932617,12.140230129526229,11.728209401099567,11.99650243597192,534700
2015-03-04,11.498245239257812,11.90068389573571,11.440753610990214,11.7090466578411,723300
2015-03-05,11.421589851379395,11.69946406278886,11.35451704945937,11.469499387235865,882700
2015-03-06,11.038315773010254,11.479080959463248,10.980824145239016,11.354517441256007,533100
2015-03-09,11.105388641357422,11.143716088826709,10.904169313694059,11.019151656101918,441500
2015-03-10,10.635876655578613,11.268279964455477,10.578385030317817,11.162878803777078,593300
2015-03-11,10.837096214294434,10.932914373462104,10.54005781913833,10.683785514789037,665800
2015-03-12,11.067061424255371,11.210789126807365,10.92333280790493,10.97124234668841,491600
2015-03-13,10.827513694763184,11.047896274525879,10.76043998082806,11.019150919295608,574900
2015-03-16,10.501730918884277,10.932914942059766,10.453821379909567,10.875424226328873,694300
2015-03-17,10.290929794311523,10.540058673170833,10.12803790534955,10.511313314471213,787600
2015-03-18,10.66462230682373,10.731695109987912,10.070546427059583,10.300511106878272,633600
2015-03-19,10.47298526763916,10.798769026982868,10.434657820292749,10.587967609678394,399400
2015-03-20,10.655040740966797,10.69336818948904,10.472985588935751,10.54964048598024,450600
2015-03-23,10.942497253417969,10.971242611863454,10.626295569122227,10.626295569122227,388100
2015-03-24,10.750860214233398,10.952079554818997,10.722113941436536,10.913752104888335,328800
2015-03-25,10.482566833496094,10.779605246812928,10.434658207882359,10.760441065528667,299600
2015-03-26,10.329257011413574,10.597550065901116,10.329257011413574,10.453821448040264,207800
2015-03-27,10.175947189331055,10.41549397132227,10.04180066244853,10.32925698359768,540900
2015-03-30,9.917237281799316,10.281347591491098,9.878909832684473,10.243020142376254,558000
2015-03-31,10.252601623535156,10.32925651720732,9.754344814666096,9.850162974857094,1268600
2015-04-01,10.233438491821289,10.281347115648682,9.821417747557058,10.252601758592562,517700
2015-04-02,10.156784057617188,10.28134758177385,10.099292427100027,10.214274774335884,559400
2015-04-06,10.396330833435059,10.396330833435059,10.108874508705346,10.108874508705346,513900
2015-04-07,10.26218318939209,10.616712282962323,10.243019010053953,10.348420168816972,539600
2015-04-08,10.195111274719238,10.358003158046591,10.089710106802453,10.243019899628564,233400
2015-04-09,10.348421096801758,10.386748545116642,10.051382687012566,10.204692480272104,201000
2015-04-10,10.281347274780273,10.482566604884378,10.233438650211367,10.405911709016,212300
2015-04-13,10.386749267578125,10.549641162696117,10.300512274421717,10.319676456811369,213200
2015-04-14,10.607131004333496,10.655040542543722,10.281347241062091,10.415493765291034,468100
2015-04-15,10.66462230682373,10.798768826950502,10.53047578669696,10.712531843568893,341500
2015-04-16,10.243019104003906,10.616712380339827,10.185528393058918,10.56880284535342,432200
2015-04-17,9.696853637695312,10.15678393487926,9.668108279683333,10.14720184427578,573400
2015-04-20,9.591453552246094,9.907655237370824,9.514798653658188,9.792672889488966,617000
2015-04-21,9.495634078979492,9.696853407891604,9.418979183565206,9.601035245522962,711400
2015-04-22,9.418978691101074,9.553125207961545,9.303996353991408,9.495633582507518,373900
2015-04-23,9.601035118103027,9.658525832001539,9.371069521113718,9.438143239059876,722700
2015-04-24,10.635876655578613,11.986920254324346,9.380651213869701,9.735180313882537,3536200
2015-04-27,10.770023345947266,11.172462022023451,10.626295638976547,10.626295638976547,719800
2015-04-28,10.904169082641602,11.009569332499169,10.798768832784035,10.808350009099517,458200
2015-04-29,10.86584186553955,10.971242117623836,10.63587718073833,10.8466776849069,383700
2015-04-30,10.676913261413574,10.986950361540005,10.57033731525753,10.831931811476789,585800
2015-05-01,10.299055099487305,10.822243180481777,10.240922679828602,10.705979265147835,498600
2015-05-04,10.337809562683105,10.521893861178675,10.279677144009876,10.299054924895435,316300
2015-05-05,9.863064765930176,10.46376209823079,9.775866602147543,10.299054660859913,746900
2015-05-06,10.008394241333008,10.173101675715648,9.775866424786955,9.950262749188198,407400
2015-05-07,9.911507606506348,10.250611379570541,9.882441859209928,9.979328915509255,317300
2015-05-08,9.863064765930176,10.066526840095175,9.833998095347015,10.047149059706403,308500
2015-05-11,9.901820182800293,10.056838742189312,9.756489590385465,9.833998870079974,223900
2015-05-12,9.892130851745605,9.979329018518392,9.649914132480516,9.87275307069234,277000
2015-05-13,9.882441520690918,9.921196157086435,9.785555391693833,9.89213041078565,263300
2015-05-14,9.930885314941406,10.076214974347174,9.901819567856942,9.930885314941406,160400
2015-05-15,10.047148704528809,10.114969085525143,9.708045875563744,9.901819052684266,915100
2015-05-18,10.144036293029785,10.221545567988393,9.930885324901894,10.008394599860502,541500
2015-05-19,10.095592498779297,10.15372399147254,9.969639699299378,10.15372399147254,227500
2015-05-20,10.202168464660645,10.260300886731198,9.94057487530191,10.056838795459514,366600
2015-05-21,10.231234550476074,10.347498463960825,10.085903965632548,10.2021678791173,272900
2015-05-22,10.008394241333008,10.269988727934875,10.008394241333008,10.221545201825261,239500
2015-05-26,9.863064765930176,9.979328676312544,9.708046218753685,9.979328676312544,741100
2015-05-27,10.095592498779297,10.095592498779297,9.804932263362826,9.911507282622718,348800
2015-05-28,10.085904121398926,10.124658759825701,9.824310543014056,10.05683837357471,424000
2015-05-29,9.892130851745605,10.134347571010696,9.87275307069234,10.04714940423791,324600
2015-06-01,9.87275218963623,10.027771652277872,9.756488285642531,9.950262382948738,317600
2015-06-02,10.037460327148438,10.047149217494987,9.775866755675688,9.833998249788102,440200
2015-06-03,10.231234550476074,10.357186430430302,9.989017833053646,10.027772470881898,293900
2015-06-04,9.911507606506348,10.260300269997163,9.863065002340132,10.17310210412446,192700
2015-06-05,9.969640731811523,10.056838903865541,9.698358248519536,9.853376810400672,201500
2015-06-08,9.814620971679688,9.979328404565416,9.80493208174914,9.95026265875717,252200
2015-06-09,9.766178131103516,10.105281910593506,9.717734602035879,9.863065189238789,276400
2015-06-10,9.746800422668457,9.882441183432034,9.688668008067364,9.804931913286167,260400
2015-06-11,9.659603118896484,9.775867034419846,9.543339203373122,9.737112395912058,417600
2015-06-12,9.533650398254395,9.659603205530198,9.359254061413518,9.591781894545704,504600
2015-06-15,9.368943214416504,9.533650665158827,9.272056152573901,9.475518243256566,362000
2015-06-16,9.436763763427734,9.465830436863783,9.301122983326904,9.330188732779437,315400
2015-06-17,9.398008346557617,9.494895402041244,9.330187962109143,9.44645187429943,252100
2015-06-18,9.51427173614502,9.688668056842875,9.39800783034091,9.465829135047516,295900
2015-06-19,9.38831901550293,9.543338481796445,9.281743998660573,9.485206066438451,462200
2015-06-22,9.320499420166016,9.57240503465297,9.301122562735044,9.494895756962134,468800
2015-06-23,9.436763763427734,9.611160108109964,9.252679451583672,9.339877623924787,337400
2015-06-24,9.320499420166016,9.485206866254911,9.262367923889625,9.398008697856852,354100
2015-06-25,9.10734748840332,9.427073456307937,9.000772473762906,9.388318821531117,418500
2015-06-26,8.719801902770996,9.175169594186627,8.681047264606907,9.117037174948766,1201900
2015-06-29,8.361321449279785,8.807000259780818,8.341943667787643,8.748867839287866,505500
2015-06-30,8.496963500976562,8.545406108753628,8.371010687992454,8.477585718678922,692600
2015-07-01,8.21599006652832,8.65198086815821,8.060971525496976,8.54540492821162,685900
2015-07-02,7.983462810516357,8.31287769512223,7.96408595353078,8.177236000289385,355000
2015-07-06,7.857510089874268,7.944708257196917,7.750935065359619,7.876887871049728,545300
2015-07-07,7.799378395080566,7.954396944590473,7.663736702267678,7.838133032458043,771600
2015-07-08,7.721868991851807,7.9156426491002545,7.634671284982157,7.760624092894887,450300
2015-07-09,7.770312786102295,7.896264666829365,7.634671090879395,7.867198919275691,435400
2015-07-10,7.954397201538086,7.964086092191291,7.770312899044532,7.876887924279382,432700
2015-07-13,8.012529373168945,8.060971976966817,7.935019174328781,7.973773811757143,246700
2015-07-14,8.041594505310059,8.138480629480439,7.983462091621135,8.022216726085961,287100
2015-07-15,8.225679397583008,8.25474606857313,7.9834626832326245,8.031906210899388,410200
2015-07-16,8.371009826660156,8.409764463284274,8.235368136484034,8.254745916787803,330400
2015-07-17,8.516339302062988,8.535717081955049,8.332255013005417,8.390386504714797,464600
2015-07-20,8.34194278717041,8.49696225079249,8.090038122249213,8.49696225079249,568900
2015-07-21,8.235368728637695,8.458207674253465,8.051284422432646,8.322566898307688,396800
2015-07-22,8.332255363464355,8.390386857618775,8.148170142680666,8.167547923387765,518500
2015-07-23,9.146102905273438,9.252678853010654,8.303188833811541,8.322566614848656,1432000
2015-07-24,9.087971687316895,10.21185715021185,8.516340065055344,9.804932975855609,1822800
2015-07-27,9.427074432373047,9.533650382031551,8.952329876206809,8.952329876206809,598400
2015-07-28,9.417386054992676,9.572404603390344,9.17516934212546,9.533649966290927,528200
2015-07-29,9.252678871154785,9.55302708595138,9.23330109007967,9.427074280913516,309900
2015-07-30,9.213923454284668,9.291432724067606,9.117036405064306,9.204234564565956,266100
2015-07-31,9.117036819458008,9.310810002722862,9.058905326470263,9.23330072941692,267100
2015-08-03,8.915745735168457,9.35760519706201,8.807735935814861,9.063031910325419,355800
2015-08-04,8.97465991973877,9.161222453084726,8.847011476324138,8.945201938350532,402600
2015-08-05,8.827373504638672,9.161223161472885,8.650630284755525,8.974660613701051,399900
2015-08-06,8.856831550598145,8.925564973457094,8.572076658359288,8.807735847232044,480800
2015-08-07,8.689906120300293,9.004117101846647,8.66044813846338,8.797915911101205,400500
2015-08-10,8.611353874206543,8.817554140485042,8.36587629653483,8.611353874206543,513000
2015-08-11,8.699725151062012,8.758640182646722,8.34623777082172,8.375694818402746,389900
2015-08-12,8.71936321258545,8.748820258158117,8.493523366068066,8.601534093872177,249600
2015-08-13,8.601533889770508,8.827372794506473,8.5229811458256,8.827372794506473,241300
2015-08-14,8.414970397949219,8.660447956222395,8.395332680227101,8.581895212488783,172200
2015-08-17,8.817553520202637,8.915744918932976,8.326598399396095,8.414970470968886,491500
2015-08-18,8.542619705200195,9.121946951184832,8.424790577674575,8.847012320291716,315800
2015-08-19,8.83719253540039,8.974660311952094,8.100759824117024,8.434609469726436,481300
2015-08-20,8.630990982055664,9.004116986054903,8.434609121114637,8.709543726432074,424200
2015-08-21,8.70954418182373,8.778277602641277,8.140036287105886,8.454247281040525,479600
2015-08-24,8.562257766723633,8.650629840336487,7.982930560970566,8.326598591615154,619500
2015-08-25,8.71936321258545,8.85683098596223,8.473885647827151,8.85683098596223,576900
2015-08-26,8.778277397155762,8.856831080223232,8.5818955305436,8.856831080223232,375800
2015-08-27,9.161222457885742,9.19067950286684,8.709543710344404,8.827372826691374,366700
2015-08-28,9.259414672851562,9.426339503167641,9.082670514535089,9.082670514535089,316400
2015-08-31,9.347785949707031,9.436157084857882,9.053212689936458,9.210318178768077,232400
2015-09-01,8.817553520202637,9.210318178701417,8.739000775787396,9.141584761443726,603400
2015-09-02,8.96484088897705,8.99429793491653,8.807735395403023,8.945202234068994,511000
2015-09-03,8.97465991973877,9.072850381765166,8.896107175548623,8.935383547643696,270700
2015-09-04,9.063031196594238,9.131765551154167,8.788096587622295,8.915745033036345,191800
2015-09-08,8.984478950500488,9.21031880845294,8.827373450927988,9.21031880845294,443600
2015-09-09,9.004117012023926,9.151403174048843,8.866649240757445,9.053212711506426,379700
2015-09-10,9.033574104309082,9.053212758773649,8.89610726874746,8.964840686528271,285800
2015-09-11,9.102309226989746,9.151403994450895,8.817554331748152,8.984479163099524,222000
2015-09-14,9.043394088745117,9.131766167412692,8.856831539886747,9.131766167412692,271300
2015-09-15,9.112127304077148,9.141585287244144,8.945202478488032,9.023755227421423,260000
2015-09-16,9.121946334838867,9.495072348336855,9.023754933657385,9.161222708026939,432500
2015-09-17,8.96484088897705,9.32814757697264,8.935383843037572,9.0924893366116,474200
2015-09-18,9.151403427124023,9.21031845541679,8.83719244002289,8.83719244002289,600400
2015-09-21,9.465615272521973,9.603082110032814,9.180861333706174,9.190679724655093,347400
2015-09-22,9.131766319274902,9.396881623263866,9.063031958933365,9.396881623263866,266300
2015-09-23,9.180861473083496,9.200499191702058,8.994297995882796,9.14158509942376,520400
2015-09-24,9.642358779907227,9.6816351541797,8.905926059981375,9.121946586691294,732800
2015-09-25,9.593263626098633,9.74054978955338,9.426338808091204,9.730730462277041,668800
2015-09-28,9.66199779510498,9.760188266231845,9.308509477064817,9.59326437167391,1651500
2015-09-29,9.416520118713379,10.437706814065773,9.396881462830327,9.701274074059066,1082900
2015-09-30,8.915745735168457,9.593264388304881,8.86665003130858,9.504892308641637,518000
2015-10-01,8.464066505432129,9.053213048293717,8.434609459215835,8.994298019438512,549300
2015-10-02,8.699725151062012,8.719363807064468,8.248046363654753,8.414971193985,370300
2015-10-05,9.30850887298584,9.38706255578129,8.699724620384972,8.739000993571395,316700
2015-10-06,9.328147888183594,9.524529761702931,9.2790521856981,9.347786543746846,359100
2015-10-07,9.534348487854004,9.60308190514294,9.121946111275236,9.396880716853556,475800
2015-10-08,9.553986549377441,9.681634997806926,9.455796083493492,9.495072457131595,409700
2015-10-09,9.720911026000977,9.789645379742058,9.082669742956826,9.603081909273868,387900
2015-10-12,9.465615272521973,9.730730556594738,9.318328171217015,9.730730556594738,201700
2015-10-13,9.249594688415527,9.58344432535467,9.220137642927542,9.426338834188623,158400
2015-10-14,9.121946334838867,9.436157320343446,9.072850634248127,9.269232500188489,183200
2015-10-15,9.033574104309082,9.59326358305561,8.788096542037517,9.141584831019026,233300
2015-10-16,8.984478950500488,9.102309011602506,8.886288481478998,9.07285102811568,184600
2015-10-19,8.75864028930664,9.033574921730489,8.68008753718554,8.905926465428035,228500
2015-10-20,8.89610767364502,9.171042293704225,8.7390012400457,8.788096942019074,346700
2015-10-21,8.483705520629883,8.925564978320233,8.46406686470368,8.896107930853585,423700
2015-10-22,8.630990982055664,8.74882009862028,8.34623704958553,8.572075955562067,457200
2015-10-23,7.266136169433594,7.8061865427885975,6.873371963586395,7.8061865427885975,3294100
2015-10-26,7.0992112159729,7.521432460254331,7.069753702087545,7.266136035496882,1337400
2015-10-27,6.893010139465332,7.099211335500683,6.784999877682218,7.050115634268911,1136700
2015-10-28,6.834095478057861,7.246497864042417,6.81445729149723,6.883191178565089,649600
2015-10-29,6.529703617095947,6.843914614809902,6.480607914597482,6.834095755237001,743500
2015-10-30,6.539522171020508,6.627894244102827,6.382416679506426,6.529703311906527,539600
2015-11-02,6.676990032196045,6.873371899173628,6.568979771252724,6.5787986304959505,540900
2015-11-03,6.784999847412109,6.873371921950519,6.647532540072264,6.686808913597934,531900
2015-11-04,6.710000038146973,6.889999866485596,6.659999847412109,6.769999980926514,429500
2015-11-05,6.710000038146973,6.889999866485596,6.590000152587891,6.71999979019165,337600
2015-11-06,6.510000228881836,6.710000038146973,6.510000228881836,6.710000038146973,434700
2015-11-09,6.400000095367432,6.800000190734863,6.369999885559082,6.510000228881836,453400
2015-11-10,6.420000076293945,6.550000190734863,6.230000019073486,6.369999885559082,628100
2015-11-11,6.300000190734863,6.489999771118164,6.25,6.420000076293945,311900
2015-11-12,6.059999942779541,6.300000190734863,6.039999961853027,6.28000020980835,413100
2015-11-13,5.980000019073486,6.090000152587891,5.889999866485596,6.039999961853027,566100
2015-11-16,5.650000095367432,6.03000020980835,5.639999866485596,6.0,660600
2015-11-17,5.260000228881836,5.829999923706055,5.25,5.670000076293945,822700
2015-11-18,5.289999961853027,5.440000057220459,5.239999771118164,5.289999961853027,940900
2015-11-19,5.260000228881836,5.389999866485596,5.170000076293945,5.329999923706055,583900
2015-11-20,5.46999979019165,5.5,5.230000019073486,5.25,952900
2015-11-23,5.260000228881836,5.579999923706055,5.21999979019165,5.46999979019165,687100
2015-11-24,5.480000019073486,5.510000228881836,5.059999942779541,5.239999771118164,691300
2015-11-25,5.670000076293945,5.730000019073486,5.420000076293945,5.480000019073486,504800
2015-11-27,5.690000057220459,5.78000020980835,5.610000133514404,5.679999828338623,351000
2015-11-30,5.909999847412109,5.96999979019165,5.619999885559082,5.679999828338623,864200
2015-12-01,5.980000019073486,6.03000020980835,5.71999979019165,5.960000038146973,1211200
2015-12-02,6.070000171661377,6.090000152587891,5.829999923706055,5.940000057220459,1048500
2015-12-03,5.96999979019165,6.159999847412109,5.929999828338623,6.050000190734863,677000
2015-12-04,5.989999771118164,6.139999866485596,5.929999828338623,6.0,489600
2015-12-07,6.070000171661377,6.170000076293945,5.880000114440918,5.929999828338623,698100
2015-12-08,6.170000076293945,6.25,5.789999961853027,6.039999961853027,1006700
2015-12-09,5.949999809265137,6.389999866485596,5.889999866485596,6.260000228881836,633800
2015-12-10,6.239999771118164,6.329999923706055,5.96999979019165,6.039999961853027,664500
2015-12-11,5.869999885559082,6.21999979019165,5.849999904632568,6.130000114440918,475100
2015-12-14,5.449999809265137,5.989999771118164,5.380000114440918,5.889999866485596,866200
2015-12-15,5.53000020980835,5.599999904632568,5.480000019073486,5.489999771118164,449400
2015-12-16,5.610000133514404,5.690000057220459,5.550000190734863,5.550000190734863,528200
2015-12-17,5.53000020980835,5.650000095367432,5.510000228881836,5.630000114440918,578400
2015-12-18,4.420000076293945,5.599999904632568,4.119999885559082,5.5,3255300
2015-12-21,4.389999866485596,4.590000152587891,4.170000076293945,4.53000020980835,1122800
2015-12-22,3.9600000381469727,4.28000020980835,3.819999933242798,4.210000038146973,1835400
2015-12-23,4.059999942779541,4.199999809265137,3.8499999046325684,3.9600000381469727,2307800
2015-12-24,4.119999885559082,4.179999828338623,4.039999961853027,4.079999923706055,411400
2015-12-28,4.179999828338623,4.210000038146973,4.119999885559082,4.119999885559082,606000
2015-12-29,4.329999923706055,4.389999866485596,4.159999847412109,4.159999847412109,1136700
2015-12-30,4.300000190734863,4.369999885559082,4.239999771118164,4.349999904632568,654400
2015-12-31,4.289999961853027,4.489999771118164,4.170000076293945,4.360000133514404,1075100
2016-01-04,4.179999828338623,4.300000190734863,4.050000190734863,4.210000038146973,1108500
2016-01-05,3.930000066757202,4.019999980926514,3.619999885559082,3.9600000381469727,1449100
2016-01-06,4.179999828338623,4.239999771118164,3.680000066757202,3.9000000953674316,1174600
2016-01-07,3.7699999809265137,4.139999866485596,3.740000009536743,4.079999923706055,896900
2016-01-08,3.799999952316284,3.9600000381469727,3.700000047683716,3.809999942779541,611900
2016-01-11,3.5999999046325684,3.9800000190734863,3.5899999141693115,3.809999942779541,798800
2016-01-12,3.5799999237060547,3.75,3.5,3.6500000953674316,782700
2016-01-13,3.490000009536743,3.7100000381469727,3.440000057220459,3.5799999237060547,613600
2016-01-14,3.799999952316284,3.869999885559082,3.4700000286102295,3.5299999713897705,865100
2016-01-15,3.6700000762939453,3.75,3.4800000190734863,3.690000057220459,650500
2016-01-19,3.4700000286102295,3.609999895095825,3.390000104904175,3.5999999046325684,800400
2016-01-20,3.6600000858306885,3.690000057220459,3.299999952316284,3.430000066757202,770800
2016-01-21,3.8399999141693115,3.890000104904175,3.630000114440918,3.7100000381469727,1001000
2016-01-22,3.799999952316284,3.9700000286102295,3.7799999713897705,3.880000114440918,406700
2016-01-25,3.6700000762939453,3.890000104904175,3.6600000858306885,3.799999952316284,403600
2016-01-26,3.8499999046325684,3.869999885559082,3.6600000858306885,3.6600000858306885,533800
2016-01-27,3.5999999046325684,3.9100000858306885,3.5199999809265137,3.8499999046325684,605600
2016-01-28,3.619999885559082,3.680000066757202,3.490000009536743,3.619999885559082,390500
2016-01-29,3.740000009536743,3.7699999809265137,3.609999895095825,3.609999895095825,511100
2016-02-01,3.7300000190734863,3.7899999618530273,3.5999999046325684,3.7300000190734863,333000
2016-02-02,3.5299999713897705,3.7699999809265137,3.4700000286102295,3.690000057220459,397600
2016-02-03,3.5199999809265137,3.569999933242798,3.4100000858306885,3.5299999713897705,567700
2016-02-04,3.75,3.9000000953674316,3.5999999046325684,3.5999999046325684,770100
2016-02-05,3.619999885559082,3.819999933242798,3.5799999237060547,3.7100000381469727,408700
2016-02-08,3.6700000762939453,3.7200000286102295,3.440000057220459,3.569999933242798,504900
2016-02-09,3.630000114440918,3.700000047683716,3.5,3.630000114440918,403000
2016-02-10,3.4200000762939453,3.690000057220459,3.380000114440918,3.630000114440918,546400
2016-02-11,3.4100000858306885,3.509999990463257,3.200000047683716,3.359999895095825,479200
2016-02-12,3.4600000381469727,3.4700000286102295,3.2699999809265137,3.4200000762939453,318200
2016-02-16,3.7200000286102295,3.740000009536743,3.430000066757202,3.5,436400
2016-02-17,3.869999885559082,3.930000066757202,3.7699999809265137,3.7699999809265137,550000
2016-02-18,3.809999942779541,3.930000066757202,3.7200000286102295,3.880000114440918,349500
2016-02-19,3.809999942779541,3.859999895095825,3.7200000286102295,3.799999952316284,257100
2016-02-22,3.859999895095825,3.940000057220459,3.740000009536743,3.8399999141693115,429400
2016-02-23,3.759999990463257,3.9000000953674316,3.740000009536743,3.8399999141693115,280700
2016-02-24,3.809999942779541,3.8299999237060547,3.609999895095825,3.700000047683716,254700
2016-02-25,3.7799999713897705,3.890000104904175,3.740000009536743,3.8299999237060547,485900
2016-02-26,2.9800000190734863,3.2200000286102295,2.819999933242798,3.069999933242798,3503600
2016-02-29,3.1600000858306885,3.240000009536743,2.9600000381469727,2.9700000286102295,2552300
2016-03-01,3.119999885559082,3.2100000381469727,3.0799999237060547,3.1500000953674316,1226600
2016-03-02,3.1600000858306885,3.25,3.0999999046325684,3.140000104904175,3189800
2016-03-03,3.299999952316284,3.440000057220459,3.1600000858306885,3.1600000858306885,2335300
2016-03-04,3.3399999141693115,3.440000057220459,3.2300000190734863,3.309999942779541,2708500
2016-03-07,3.549999952316284,3.6500000953674316,3.319999933242798,3.359999895095825,1320700
2016-03-08,3.5399999618530273,3.6500000953674316,3.450000047683716,3.5299999713897705,849000
2016-03-09,3.5999999046325684,3.680000066757202,3.5299999713897705,3.5799999237060547,663900
2016-03-10,3.4800000190734863,3.640000104904175,3.2899999618530273,3.5799999237060547,601600
2016-03-11,3.5299999713897705,3.559999942779541,3.4100000858306885,3.5,477500
2016-03-14,3.7100000381469727,3.9200000762939453,3.690000057220459,3.75,1663100
2016-03-15,3.680000066757202,3.759999990463257,3.5299999713897705,3.700000047683716,779600
2016-03-16,3.7200000286102295,3.740000009536743,3.5199999809265137,3.6700000762939453,460700
2016-03-17,3.799999952316284,3.819999933242798,3.4700000286102295,3.7300000190734863,1259100
2016-03-18,3.8299999237060547,3.9700000286102295,3.5999999046325684,3.8299999237060547,1661500
2016-03-21,4.130000114440918,4.210000038146973,3.75,3.8399999141693115,1679300
2016-03-22,3.950000047683716,4.179999828338623,3.8499999046325684,4.090000152587891,854500
2016-03-23,3.759999990463257,3.950000047683716,3.6600000858306885,3.930000066757202,742100
2016-03-24,3.690000057220459,3.8499999046325684,3.640000104904175,3.75,569300
2016-03-28,3.799999952316284,3.8499999046325684,3.640000104904175,3.7200000286102295,505900
2016-03-29,3.940000057220459,4.010000228881836,3.680000066757202,3.7899999618530273,544400
2016-03-30,3.9100000858306885,4.110000133514404,3.890000104904175,3.9600000381469727,569400
2016-03-31,3.7899999618530273,3.9600000381469727,3.75,3.9100000858306885,463700
2016-04-01,3.950000047683716,4.059999942779541,3.75,3.809999942779541,731400
2016-04-04,3.990000009536743,4.079999923706055,3.880000114440918,4.019999980926514,521600
2016-04-05,3.930000066757202,4.079999923706055,3.9200000762939453,3.9800000190734863,461000
2016-04-06,4.039999961853027,4.059999942779541,3.8299999237060547,3.950000047683716,402500
2016-04-07,4.010000228881836,4.079999923706055,3.950000047683716,4.03000020980835,334600
2016-04-08,3.9700000286102295,4.059999942779541,3.8399999141693115,4.039999961853027,355400
2016-04-11,3.880000114440918,4.0,3.799999952316284,4.0,369500
2016-04-12,3.9700000286102295,4.0,3.7799999713897705,3.869999885559082,470700
2016-04-13,3.930000066757202,4.019999980926514,3.9200000762939453,3.9700000286102295,424000
2016-04-14,4.010000228881836,4.059999942779541,3.890000104904175,3.930000066757202,298700
2016-04-15,4.03000020980835,4.139999866485596,3.9800000190734863,3.9800000190734863,360600
2016-04-18,4.099999904632568,4.139999866485596,3.950000047683716,4.039999961853027,237800
2016-04-19,4.079999923706055,4.210000038146973,3.9800000190734863,4.110000133514404,323600
2016-04-20,4.179999828338623,4.199999809265137,4.079999923706055,4.079999923706055,223400
2016-04-21,4.309999942779541,4.329999923706055,4.070000171661377,4.159999847412109,829300
2016-04-22,4.349999904632568,4.679999828338623,4.260000228881836,4.28000020980835,1152800
2016-04-25,4.230000019073486,4.440000057220459,4.079999923706055,4.340000152587891,685600
2016-04-26,4.550000190734863,4.590000152587891,4.119999885559082,4.21999979019165,587500
2016-04-27,4.429999828338623,4.610000133514404,4.380000114440918,4.559999942779541,401800
2016-04-28,4.599999904632568,4.699999809265137,4.559999942779541,4.559999942779541,643700
2016-04-29,4.820000171661377,4.860000133514404,4.599999904632568,4.599999904632568,575800
2016-05-02,4.730000019073486,4.889999866485596,4.639999866485596,4.889999866485596,490800
2016-05-03,4.610000133514404,4.71999979019165,4.550000190734863,4.710000038146973,442400
2016-05-04,4.610000133514404,4.75,4.5,4.550000190734863,441500
2016-05-05,4.570000171661377,4.739999771118164,4.559999942779541,4.670000076293945,346300
2016-05-06,4.630000114440918,4.699999809265137,4.489999771118164,4.5,364300
2016-05-09,4.590000152587891,4.760000228881836,4.579999923706055,4.670000076293945,297800
2016-05-10,4.619999885559082,4.71999979019165,4.550000190734863,4.639999866485596,274900
2016-05-11,4.699999809265137,4.75,4.599999904632568,4.650000095367432,267700
2016-05-12,4.630000114440918,4.800000190734863,4.579999923706055,4.739999771118164,399800
2016-05-13,4.590000152587891,4.650000095367432,4.5,4.619999885559082,361700
2016-05-16,4.699999809265137,4.78000020980835,4.559999942779541,4.630000114440918,236700
2016-05-17,4.71999979019165,4.900000095367432,4.570000171661377,4.690000057220459,653700
2016-05-18,4.659999847412109,4.900000095367432,4.639999866485596,4.769999980926514,435700
2016-05-19,4.639999866485596,4.75,4.519999980926514,4.639999866485596,478900
2016-05-20,4.980000019073486,5.019999980926514,4.619999885559082,4.710000038146973,786500
2016-05-23,5.079999923706055,5.369999885559082,4.96999979019165,5.150000095367432,615700
2016-05-24,5.210000038146973,5.269999980926514,5.099999904632568,5.099999904632568,386700
2016-05-25,5.349999904632568,5.639999866485596,5.199999809265137,5.210000038146973,722100
2016-05-26,5.320000171661377,5.460000038146973,5.130000114440918,5.349999904632568,423500
2016-05-27,5.230000019073486,5.400000095367432,5.199999809265137,5.320000171661377,227100
2016-05-31,5.159999847412109,5.369999885559082,5.039999961853027,5.269999980926514,981500
2016-06-01,5.21999979019165,5.25,5.010000228881836,5.070000171661377,511300
2016-06-02,5.369999885559082,5.380000114440918,5.119999885559082,5.21999979019165,366100
2016-06-03,5.119999885559082,5.380000114440918,5.070000171661377,5.369999885559082,368100
2016-06-06,5.199999809265137,5.239999771118164,5.070000171661377,5.099999904632568,296100
2016-06-07,4.949999809265137,5.269999980926514,4.929999828338623,5.199999809265137,293300
2016-06-08,5.139999866485596,5.159999847412109,4.909999847412109,4.940000057220459,337900
2016-06-09,4.96999979019165,5.190000057220459,4.929999828338623,5.099999904632568,398400
2016-06-10,5.090000152587891,5.210000038146973,5.010000228881836,5.010000228881836,424700
2016-06-13,4.940000057220459,5.119999885559082,4.920000076293945,5.050000190734863,354100
2016-06-14,4.960000038146973,5.090000152587891,4.860000133514404,4.949999809265137,290900
2016-06-15,4.769999980926514,4.989999771118164,4.71999979019165,4.949999809265137,376100
2016-06-16,4.630000114440918,4.75,4.489999771118164,4.679999828338623,632300
2016-06-17,4.800000190734863,4.869999885559082,4.579999923706055,4.639999866485596,1023500
2016-06-20,4.849999904632568,4.960000038146973,4.760000228881836,4.809999942779541,502700
2016-06-21,4.670000076293945,4.869999885559082,4.650000095367432,4.849999904632568,445500
2016-06-22,4.53000020980835,4.699999809265137,4.53000020980835,4.650000095367432,453700
2016-06-23,4.769999980926514,4.769999980926514,4.550000190734863,4.590000152587891,207400
2016-06-24,4.550000190734863,4.679999828338623,4.460000038146973,4.519999980926514,435800
2016-06-27,4.210000038146973,4.519999980926514,4.199999809265137,4.46999979019165,535100
2016-06-28,4.130000114440918,4.289999961853027,4.099999904632568,4.239999771118164,453600
2016-06-29,4.340000152587891,4.429999828338623,4.159999847412109,4.179999828338623,307600
2016-06-30,4.400000095367432,4.460000038146973,4.21999979019165,4.349999904632568,258400
2016-07-01,4.360000133514404,4.5,4.360000133514404,4.389999866485596,215200
2016-07-05,4.25,4.420000076293945,4.21999979019165,4.340000152587891,195700
2016-07-06,4.289999961853027,4.369999885559082,4.199999809265137,4.230000019073486,244400
2016-07-07,4.320000171661377,4.400000095367432,4.21999979019165,4.289999961853027,181900
2016-07-08,4.429999828338623,4.519999980926514,4.300000190734863,4.369999885559082,266200
2016-07-11,4.5,4.679999828338623,4.449999809265137,4.449999809265137,343300
2016-07-12,4.599999904632568,4.679999828338623,4.5,4.519999980926514,225200
2016-07-13,4.550000190734863,4.670000076293945,4.539999961853027,4.650000095367432,136600
2016-07-14,4.610000133514404,4.670000076293945,4.559999942779541,4.590000152587891,191500
2016-07-15,4.630000114440918,4.699999809265137,4.599999904632568,4.650000095367432,329300
2016-07-18,4.610000133514404,4.699999809265137,4.550000190734863,4.610000133514404,278000
2016-07-19,4.610000133514404,4.639999866485596,4.599999904632568,4.599999904632568,127600
2016-07-20,4.710000038146973,4.75,4.619999885559082,4.619999885559082,243700
2016-07-21,4.619999885559082,4.710000038146973,4.510000228881836,4.710000038146973,433200
2016-07-22,4.789999961853027,4.800000190734863,4.510000228881836,4.619999885559082,214200
2016-07-25,4.630000114440918,4.789999961853027,4.610000133514404,4.760000228881836,105400
2016-07-26,4.769999980926514,4.769999980926514,4.599999904632568,4.630000114440918,193400
2016-07-27,5.03000020980835,5.090000152587891,4.710000038146973,4.78000020980835,415000
2016-07-28,5.090000152587891,5.139999866485596,4.960000038146973,5.059999942779541,307600
2016-07-29,5.409999847412109,5.480000019073486,5.019999980926514,5.25,1620100
2016-08-01,5.75,5.75,5.300000190734863,5.409999847412109,839500
2016-08-02,5.909999847412109,5.929999828338623,5.699999809265137,5.760000228881836,775300
2016-08-03,5.900000095367432,6.010000228881836,5.809999942779541,5.880000114440918,635600
2016-08-04,5.650000095367432,5.989999771118164,5.5,5.929999828338623,541500
2016-08-05,5.840000152587891,5.849999904632568,5.639999866485596,5.690000057220459,458200
2016-08-08,5.989999771118164,6.010000228881836,5.840000152587891,5.840000152587891,372700
2016-08-09,6.25,6.380000114440918,5.909999847412109,5.989999771118164,926300
2016-08-10,6.269999980926514,6.400000095367432,6.139999866485596,6.300000190734863,506500
2016-08-11,6.269999980926514,6.380000114440918,6.230000019073486,6.320000171661377,374700
2016-08-12,6.269999980926514,6.300000190734863,6.179999828338623,6.269999980926514,341300
2016-08-15,6.28000020980835,6.360000133514404,6.239999771118164,6.260000228881836,415000
2016-08-16,6.320000171661377,6.349999904632568,6.25,6.28000020980835,636000
2016-08-17,6.21999979019165,6.309999942779541,6.130000114440918,6.309999942779541,359000
2016-08-18,6.090000152587891,6.28000020980835,6.050000190734863,6.239999771118164,468700
2016-08-19,6.210000038146973,6.230000019073486,5.960000038146973,6.039999961853027,404300
2016-08-22,6.269999980926514,6.340000152587891,6.159999847412109,6.199999809265137,293300
2016-08-23,6.039999961853027,6.320000171661377,6.039999961853027,6.300000190734863,553500
2016-08-24,6.099999904632568,6.230000019073486,6.039999961853027,6.059999942779541,460100
2016-08-25,6.059999942779541,6.179999828338623,6.019999980926514,6.099999904632568,317500
2016-08-26,5.869999885559082,6.170000076293945,5.820000171661377,6.079999923706055,543000
2016-08-29,5.929999828338623,5.980000019073486,5.800000190734863,5.900000095367432,639600
2016-08-30,5.920000076293945,6.010000228881836,5.820000171661377,5.880000114440918,763400
2016-08-31,5.980000019073486,6.079999923706055,5.929999828338623,5.940000057220459,824000
2016-09-01,6.820000171661377,6.840000152587891,6.119999885559082,6.239999771118164,2440700
2016-09-02,7.0,7.110000133514404,6.610000133514404,6.820000171661377,1279700
2016-09-06,6.869999885559082,7.25,6.71999979019165,7.199999809265137,1001600
2016-09-07,6.860000133514404,6.96999979019165,6.78000020980835,6.829999923706055,346000
2016-09-08,6.650000095367432,6.909999847412109,6.559999942779541,6.829999923706055,478400
2016-09-09,6.46999979019165,6.550000190734863,6.349999904632568,6.5,788700
2016-09-12,6.440000057220459,6.5,6.329999923706055,6.360000133514404,554400
2016-09-13,6.230000019073486,6.480000019073486,6.019999980926514,6.440000057220459,757100
2016-09-14,6.070000171661377,6.239999771118164,6.019999980926514,6.190000057220459,549800
2016-09-15,6.559999942779541,6.619999885559082,6.25,6.46999979019165,827300
2016-09-16,6.53000020980835,6.769999980926514,6.449999809265137,6.460000038146973,750100
2016-09-19,6.360000133514404,6.860000133514404,6.289999961853027,6.650000095367432,488400
2016-09-20,6.389999866485596,6.539999961853027,6.360000133514404,6.420000076293945,396200
2016-09-21,6.400000095367432,6.53000020980835,6.230000019073486,6.429999828338623,343000
2016-09-22,6.460000038146973,6.550000190734863,6.389999866485596,6.46999979019165,384500
2016-09-23,6.329999923706055,6.559999942779541,6.210000038146973,6.429999828338623,409800
2016-09-26,6.369999885559082,6.400000095367432,6.010000228881836,6.159999847412109,407700
2016-09-27,6.380000114440918,6.420000076293945,6.130000114440918,6.400000095367432,336100
2016-09-28,6.539999961853027,6.550000190734863,6.179999828338623,6.380000114440918,338300
2016-09-29,6.309999942779541,6.699999809265137,6.28000020980835,6.650000095367432,315500
2016-09-30,6.519999980926514,6.590000152587891,6.199999809265137,6.329999923706055,405600
2016-10-03,6.420000076293945,6.510000228881836,6.239999771118164,6.5,424500
2016-10-04,6.360000133514404,6.519999980926514,6.300000190734863,6.429999828338623,333600
2016-10-05,6.369999885559082,6.519999980926514,6.360000133514404,6.409999847412109,238500
2016-10-06,6.260000228881836,6.409999847412109,6.079999923706055,6.360000133514404,252000
2016-10-07,6.090000152587891,6.320000171661377,6.050000190734863,6.25,329900
2016-10-10,6.130000114440918,6.309999942779541,6.090000152587891,6.159999847412109,461300
2016-10-11,5.949999809265137,6.190000057220459,5.900000095367432,6.079999923706055,410000
2016-10-12,6.0,6.099999904632568,5.900000095367432,5.940000057220459,463800
2016-10-13,5.949999809265137,6.099999904632568,5.769999980926514,6.0,466900
2016-10-14,5.739999771118164,6.110000133514404,5.739999771118164,5.980000019073486,376800
2016-10-17,6.0,6.099999904632568,5.550000190734863,5.75,332600
2016-10-18,6.099999904632568,6.199999809265137,5.949999809265137,6.099999904632568,275700
2016-10-19,6.099999904632568,6.199999809265137,6.050000190734863,6.150000095367432,242800
2016-10-20,6.099999904632568,6.199999809265137,5.900000095367432,6.099999904632568,221000
2016-10-21,6.150000095367432,6.150000095367432,5.900000095367432,6.0,193500
2016-10-24,5.900000095367432,6.25,5.900000095367432,6.199999809265137,260000
2016-10-25,6.150000095367432,6.199999809265137,5.809999942779541,5.900000095367432,156800
2016-10-26,5.949999809265137,6.199999809265137,5.78000020980835,6.199999809265137,511700
2016-10-27,6.25,6.25,5.900000095367432,6.099999904632568,440700
2016-10-28,6.050000190734863,6.5,5.900000095367432,6.5,732700
2016-10-31,5.849999904632568,6.199999809265137,5.800000190734863,6.0,469700
2016-11-01,5.800000190734863,6.0,5.75,5.849999904632568,461500
2016-11-02,5.800000190734863,5.949999809265137,5.800000190734863,5.900000095367432,449500
2016-11-03,5.599999904632568,5.900000095367432,5.599999904632568,5.849999904632568,405300
2016-11-04,5.699999809265137,5.800000190734863,5.599999904632568,5.599999904632568,498600
2016-11-07,5.75,5.900000095367432,5.699999809265137,5.699999809265137,276800
2016-11-08,5.800000190734863,5.949999809265137,5.650000095367432,5.699999809265137,242900
2016-11-09,5.949999809265137,6.0,5.699999809265137,5.699999809265137,257500
2016-11-10,5.900000095367432,6.150000095367432,5.880000114440918,5.949999809265137,416600
2016-11-11,5.949999809265137,6.050000190734863,5.900000095367432,5.949999809265137,460100
2016-11-14,5.75,6.099999904632568,5.699999809265137,6.0,452400
2016-11-15,6.050000190734863,6.099999904632568,5.800000190734863,5.800000190734863,778500
2016-11-16,6.400000095367432,6.400000095367432,5.980000019073486,6.050000190734863,738800
2016-11-17,6.5,6.599999904632568,6.380000114440918,6.5,722400
2016-11-18,6.800000190734863,6.800000190734863,6.5,6.5,471900
2016-11-21,7.179999828338623,7.25,6.75,6.849999904632568,750100
2016-11-22,7.400000095367432,7.400000095367432,7.199999809265137,7.25,369400
2016-11-23,7.400000095367432,7.5,7.199999809265137,7.300000190734863,308800
2016-11-25,7.400000095367432,7.5,7.349999904632568,7.449999809265137,90400
2016-11-28,7.050000190734863,7.5,6.849999904632568,7.349999904632568,532000
2016-11-29,7.150000095367432,7.300000190734863,6.949999809265137,7.050000190734863,319500
2016-11-30,6.900000095367432,7.25,6.900000095367432,7.25,187200
2016-12-01,6.800000190734863,7.150000095367432,6.800000190734863,6.949999809265137,187300
2016-12-02,7.050000190734863,7.150000095367432,6.550000190734863,6.699999809265137,202700
2016-12-05,7.0,7.199999809265137,6.900000095367432,7.150000095367432,321400
2016-12-06,7.300000190734863,7.349999904632568,6.849999904632568,7.0,207500
2016-12-07,7.199999809265137,7.400000095367432,7.199999809265137,7.199999809265137,249700
2016-12-08,7.300000190734863,7.679999828338623,7.050000190734863,7.199999809265137,374900
2016-12-09,7.550000190734863,7.599999904632568,7.150000095367432,7.300000190734863,328800
2016-12-12,7.099999904632568,7.679999828338623,7.0,7.5,333100
2016-12-13,7.050000190734863,7.25,7.0,7.099999904632568,196600
2016-12-14,7.150000095367432,7.400000095367432,6.949999809265137,7.0,191200
2016-12-15,7.199999809265137,7.429999828338623,7.099999904632568,7.199999809265137,262100
2016-12-16,7.25,7.349999904632568,7.150000095367432,7.25,292300
2016-12-19,7.099999904632568,7.349999904632568,7.099999904632568,7.25,279600
2016-12-20,7.449999809265137,7.480000019073486,7.150000095367432,7.199999809265137,233600
2016-12-21,7.099999904632568,7.5,6.800000190734863,7.400000095367432,544000
2016-12-22,6.75,7.0,6.699999809265137,7.0,376800
2016-12-23,6.800000190734863,6.949999809265137,6.800000190734863,6.800000190734863,240100
2016-12-27,6.5,7.0,6.400000095367432,6.800000190734863,297000
2016-12-28,6.400000095367432,6.800000190734863,6.400000095367432,6.5,226100
2016-12-29,6.400000095367432,6.699999809265137,6.300000190734863,6.5,231900
2016-12-30,6.5,6.550000190734863,6.400000095367432,6.400000095367432,152700
2017-01-03,6.75,6.800000190734863,6.5,6.5,354200
2017-01-04,6.949999809265137,7.0,6.599999904632568,6.800000190734863,265600
2017-01-05,7.099999904632568,7.150000095367432,6.900000095367432,7.0,230000
2017-01-06,6.699999809265137,7.199999809265137,6.550000190734863,7.099999904632568,210800
2017-01-09,6.349999904632568,6.650000095367432,6.300000190734863,6.650000095367432,220100
2017-01-10,6.400000095367432,6.579999923706055,6.349999904632568,6.5,151600
2017-01-11,6.349999904632568,6.5,6.199999809265137,6.400000095367432,226300
2017-01-12,6.199999809265137,6.420000076293945,6.199999809265137,6.349999904632568,166800
2017-01-13,6.199999809265137,6.400000095367432,6.199999809265137,6.25,154100
2017-01-17,5.900000095367432,6.400000095367432,5.75,6.25,726100
2017-01-18,6.150000095367432,6.25,5.900000095367432,6.0,240800
2017-01-19,5.800000190734863,6.150000095367432,5.75,6.150000095367432,204500
2017-01-20,5.849999904632568,6.0,5.75,5.800000190734863,160600
2017-01-23,5.699999809265137,5.849999904632568,5.550000190734863,5.849999904632568,249800
2017-01-24,5.900000095367432,6.0,5.650000095367432,5.650000095367432,180700
2017-01-25,6.0,6.050000190734863,5.900000095367432,5.900000095367432,136100
2017-01-26,5.800000190734863,6.050000190734863,5.75,6.0,192700
2017-01-27,5.800000190734863,6.0,5.710000038146973,5.800000190734863,134800
2017-01-30,5.949999809265137,6.050000190734863,5.610000133514404,5.699999809265137,324100
2017-01-31,5.849999904632568,5.900000095367432,5.579999923706055,5.900000095367432,217100
2017-02-01,5.900000095367432,6.0,5.699999809265137,5.900000095367432,132500
2017-02-02,5.849999904632568,5.900000095367432,5.650000095367432,5.849999904632568,151500
2017-02-03,5.900000095367432,5.949999809265137,5.699999809265137,5.75,138100
2017-02-06,5.75,5.900000095367432,5.699999809265137,5.849999904632568,185200
2017-02-07,5.849999904632568,5.900000095367432,5.699999809265137,5.75,277600
2017-02-08,5.699999809265137,6.099999904632568,5.650000095367432,5.800000190734863,512600
2017-02-09,5.650000095367432,5.75,5.599999904632568,5.699999809265137,260100
2017-02-10,5.849999904632568,5.949999809265137,5.630000114440918,5.650000095367432,368900
2017-02-13,5.800000190734863,6.0,5.75,5.849999904632568,127800
2017-02-14,5.900000095367432,5.949999809265137,5.699999809265137,5.75,132400
2017-02-15,5.949999809265137,6.0,5.730000019073486,5.949999809265137,160500
2017-02-16,5.800000190734863,6.0,5.800000190734863,5.949999809265137,147700
2017-02-17,5.900000095367432,6.0,5.800000190734863,5.800000190734863,174200
2017-02-21,5.800000190734863,5.949999809265137,5.75,5.900000095367432,178900
2017-02-22,5.75,5.900000095367432,5.699999809265137,5.75,145500
2017-02-23,5.699999809265137,5.849999904632568,5.599999904632568,5.75,205600
2017-02-24,5.800000190734863,5.900000095367432,5.599999904632568,5.650000095367432,232800
2017-02-27,5.900000095367432,6.0,5.75,5.75,218300
2017-02-28,5.849999904632568,6.050000190734863,5.650000095367432,5.849999904632568,367500
2017-03-01,6.199999809265137,6.300000190734863,5.849999904632568,5.849999904632568,442100
2017-03-02,5.900000095367432,6.300000190734863,5.880000114440918,6.25,165100
2017-03-03,6.0,6.0,5.71999979019165,5.900000095367432,160700
2017-03-06,5.75,5.949999809265137,5.75,5.849999904632568,129800
2017-03-07,5.800000190734863,5.900000095367432,5.730000019073486,5.75,132300
2017-03-08,5.75,5.900000095367432,5.730000019073486,5.800000190734863,128500
2017-03-09,5.75,5.849999904632568,5.650000095367432,5.699999809265137,361200
2017-03-10,5.199999809265137,5.849999904632568,5.0,5.599999904632568,905100
2017-03-13,5.150000095367432,5.25,5.0,5.050000190734863,420800
2017-03-14,5.099999904632568,5.150000095367432,5.050000190734863,5.050000190734863,259700
2017-03-15,5.400000095367432,5.5,5.150000095367432,5.199999809265137,294800
2017-03-16,5.699999809265137,5.730000019073486,5.400000095367432,5.400000095367432,636000
2017-03-17,5.5,5.800000190734863,5.449999809265137,5.599999904632568,432600
2017-03-20,5.400000095367432,5.550000190734863,5.349999904632568,5.449999809265137,170800
2017-03-21,5.25,5.5,5.25,5.400000095367432,322200
2017-03-22,5.150000095367432,5.5,5.099999904632568,5.300000190734863,206000
2017-03-23,5.25,5.300000190734863,5.010000228881836,5.150000095367432,134900
2017-03-24,5.449999809265137,5.5,5.119999885559082,5.199999809265137,247600
2017-03-27,5.449999809265137,5.449999809265137,5.300000190734863,5.349999904632568,261000
2017-03-28,5.599999904632568,5.699999809265137,5.230000019073486,5.300000190734863,238900
2017-03-29,5.599999904632568,5.699999809265137,5.550000190734863,5.599999904632568,149800
2017-03-30,5.550000190734863,5.699999809265137,5.5,5.599999904632568,201300
2017-03-31,5.75,5.75,5.5,5.550000190734863,192500
2017-04-03,5.699999809265137,5.75,5.550000190734863,5.75,230700
2017-04-04,5.650000095367432,5.75,5.599999904632568,5.699999809265137,162600
2017-04-05,5.449999809265137,5.679999828338623,5.349999904632568,5.650000095367432,297500
2017-04-06,5.400000095367432,5.5,5.300000190734863,5.449999809265137,153000
2017-04-07,5.550000190734863,5.599999904632568,5.400000095367432,5.400000095367432,195600
2017-04-10,5.400000095367432,5.599999904632568,5.349999904632568,5.599999904632568,171200
2017-04-11,5.449999809265137,5.5,5.300000190734863,5.400000095367432,283600
2017-04-12,5.199999809265137,5.449999809265137,5.150000095367432,5.400000095367432,202800
2017-04-13,5.099999904632568,5.25,5.099999904632568,5.199999809265137,244900
2017-04-17,5.050000190734863,5.199999809265137,5.0,5.150000095367432,249600
2017-04-18,5.150000095367432,5.25,5.0,5.0,261700
2017-04-19,5.199999809265137,5.449999809265137,5.099999904632568,5.25,292000
2017-04-20,5.199999809265137,5.400000095367432,5.150000095367432,5.25,274300
2017-04-21,5.199999809265137,5.5,5.150000095367432,5.449999809265137,247700
2017-04-24,5.150000095367432,5.349999904632568,5.099999904632568,5.300000190734863,231500
2017-04-25,5.199999809265137,5.300000190734863,5.099999904632568,5.199999809265137,152000
2017-04-26,5.25,5.449999809265137,5.150000095367432,5.150000095367432,221000
2017-04-27,5.300000190734863,5.309999942779541,5.150000095367432,5.25,159500
2017-04-28,5.449999809265137,5.449999809265137,5.150000095367432,5.300000190734863,199200
2017-05-01,5.349999904632568,5.5,5.199999809265137,5.5,173800
2017-05-02,5.199999809265137,5.400000095367432,5.150000095367432,5.349999904632568,145400
2017-05-03,5.099999904632568,5.25,5.050000190734863,5.150000095367432,276500
2017-05-04,4.949999809265137,5.150000095367432,4.800000190734863,5.150000095367432,478100
2017-05-05,4.849999904632568,4.900000095367432,4.5,4.599999904632568,692000
2017-05-08,5.050000190734863,5.199999809265137,4.800000190734863,4.800000190734863,189800
2017-05-09,4.900000095367432,5.150000095367432,4.75,5.050000190734863,524100
2017-05-10,5.150000095367432,5.25,4.849999904632568,4.849999904632568,460300
2017-05-11,5.0,5.199999809265137,4.900000095367432,5.199999809265137,558400
2017-05-12,4.75,5.050000190734863,4.75,4.949999809265137,206100
2017-05-15,4.550000190734863,4.849999904632568,4.400000095367432,4.75,656100
2017-05-16,4.699999809265137,4.800000190734863,4.599999904632568,4.599999904632568,328300
2017-05-17,4.5,4.650000095367432,4.400000095367432,4.650000095367432,336300
2017-05-18,4.550000190734863,4.550000190734863,4.329999923706055,4.449999809265137,314800
2017-05-19,4.5,4.550000190734863,4.400000095367432,4.5,378700
2017-05-22,4.550000190734863,4.630000114440918,4.449999809265137,4.5,484200
2017-05-23,4.400000095367432,4.699999809265137,4.349999904632568,4.550000190734863,315500
2017-05-24,4.400000095367432,4.5,4.349999904632568,4.400000095367432,423100
2017-05-25,4.400000095367432,4.5,4.400000095367432,4.400000095367432,387600
2017-05-26,4.25,4.449999809265137,4.199999809265137,4.400000095367432,683400
2017-05-30,4.0,4.349999904632568,3.9000000953674316,4.25,829500
2017-05-31,3.950000047683716,4.03000020980835,3.9000000953674316,4.0,386900
2017-06-01,4.0,4.099999904632568,3.9000000953674316,3.950000047683716,326700
2017-06-02,3.950000047683716,4.199999809265137,3.9000000953674316,4.0,296100
2017-06-05,3.9000000953674316,4.199999809265137,3.9000000953674316,4.0,218400
2017-06-06,4.099999904632568,4.25,3.9000000953674316,3.9000000953674316,383900
2017-06-07,4.099999904632568,4.300000190734863,4.0,4.099999904632568,547400
2017-06-08,4.0,4.099999904632568,3.950000047683716,4.050000190734863,164800
2017-06-09,4.199999809265137,4.300000190734863,4.0,4.0,159600
2017-06-12,3.950000047683716,4.349999904632568,3.9000000953674316,4.150000095367432,324100
2017-06-13,4.0,4.150000095367432,3.9000000953674316,3.950000047683716,213400
2017-06-14,3.8499999046325684,4.0,3.799999952316284,4.0,453900
2017-06-15,3.799999952316284,4.0,3.700000047683716,3.799999952316284,321900
2017-06-16,3.799999952316284,3.950000047683716,3.75,3.75,337500
2017-06-19,4.0,4.0,3.75,3.8499999046325684,210700
2017-06-20,3.950000047683716,3.950000047683716,3.880000114440918,3.950000047683716,123600
2017-06-21,3.9000000953674316,4.0,3.799999952316284,3.950000047683716,220600
2017-06-22,4.050000190734863,4.199999809265137,3.9000000953674316,3.9000000953674316,257300
2017-06-23,4.099999904632568,4.150000095367432,3.950000047683716,4.050000190734863,680000
2017-06-26,4.150000095367432,4.260000228881836,4.099999904632568,4.25,149100
2017-06-27,4.400000095367432,4.550000190734863,4.150000095367432,4.150000095367432,424100
2017-06-28,4.5,4.599999904632568,4.300000190734863,4.449999809265137,301800
2017-06-29,4.300000190734863,4.550000190734863,4.300000190734863,4.550000190734863,199000
2017-06-30,4.099999904632568,4.349999904632568,4.050000190734863,4.349999904632568,378500
2017-07-03,4.150000095367432,4.179999828338623,4.050000190734863,4.099999904632568,126600
2017-07-05,4.099999904632568,4.349999904632568,4.050000190734863,4.150000095367432,250300
2017-07-06,3.9000000953674316,4.199999809265137,3.9000000953674316,4.099999904632568,181700
2017-07-07,4.0,4.0,3.9000000953674316,4.0,150900
2017-07-10,3.9000000953674316,4.0,3.9000000953674316,4.0,135700
2017-07-11,3.9000000953674316,3.950000047683716,3.8499999046325684,3.950000047683716,167700
2017-07-12,3.950000047683716,4.0,3.9000000953674316,3.9000000953674316,201600
2017-07-13,4.0,4.150000095367432,3.950000047683716,4.0,99100
2017-07-14,4.0,4.090000152587891,3.950000047683716,4.0,132600
2017-07-17,3.950000047683716,4.0,3.8499999046325684,3.950000047683716,118000
2017-07-18,4.0,4.0,3.8499999046325684,3.9000000953674316,108500
2017-07-19,4.150000095367432,4.199999809265137,3.950000047683716,3.950000047683716,110300
2017-07-20,4.050000190734863,4.25,3.950000047683716,4.150000095367432,165600
2017-07-21,4.050000190734863,4.25,3.950000047683716,4.25,271600
2017-07-24,3.950000047683716,4.050000190734863,3.8499999046325684,4.0,143700
2017-07-25,3.950000047683716,4.050000190734863,3.9000000953674316,3.950000047683716,175500
2017-07-26,4.0,4.150000095367432,3.9000000953674316,4.0,238600
2017-07-27,4.150000095367432,4.199999809265137,4.0,4.0,480500
2017-07-28,3.5999999046325684,3.9000000953674316,3.5,3.8499999046325684,446900
2017-07-31,3.450000047683716,3.700000047683716,3.450000047683716,3.5999999046325684,195200
2017-08-01,3.4000000953674316,3.5,3.4000000953674316,3.450000047683716,283300
2017-08-02,3.25,3.450000047683716,3.25,3.450000047683716,486500
2017-08-03,3.450000047683716,3.450000047683716,3.299999952316284,3.299999952316284,411900
2017-08-04,3.5,3.5999999046325684,3.5,3.5,124600
2017-08-07,3.3499999046325684,3.5899999141693115,3.3499999046325684,3.450000047683716,118200
2017-08-08,3.25,3.4000000953674316,3.200000047683716,3.299999952316284,211900
2017-08-09,3.0999999046325684,3.299999952316284,3.049999952316284,3.200000047683716,436000
2017-08-10,3.049999952316284,3.0999999046325684,3.0,3.049999952316284,137900
2017-08-11,3.0,3.1500000953674316,2.930000066757202,3.049999952316284,236500
2017-08-14,3.049999952316284,3.0999999046325684,2.950000047683716,3.0,136200
2017-08-15,2.950000047683716,3.0999999046325684,2.950000047683716,3.049999952316284,83100
2017-08-16,2.9000000953674316,3.049999952316284,2.9000000953674316,3.0,252100
2017-08-17,2.9000000953674316,3.0,2.9000000953674316,2.9000000953674316,278000
2017-08-18,2.950000047683716,2.950000047683716,2.9000000953674316,2.9000000953674316,183700
2017-08-21,3.0,3.0999999046325684,2.9000000953674316,2.9000000953674316,316300
2017-08-22,3.049999952316284,3.200000047683716,3.0,3.1500000953674316,229700
2017-08-23,3.0999999046325684,3.200000047683716,3.049999952316284,3.049999952316284,368800
2017-08-24,3.450000047683716,3.5999999046325684,3.0999999046325684,3.1500000953674316,838800
2017-08-25,3.299999952316284,3.5999999046325684,3.25,3.5,353900
2017-08-28,3.200000047683716,3.3499999046325684,3.1500000953674316,3.25,303500
2017-08-29,3.4000000953674316,3.4000000953674316,3.1500000953674316,3.200000047683716,308700
2017-08-30,3.3499999046325684,3.450000047683716,3.2799999713897705,3.3499999046325684,235400
2017-08-31,3.25,3.5,3.25,3.3499999046325684,393900
2017-09-01,3.4000000953674316,3.450000047683716,3.299999952316284,3.3499999046325684,156500
2017-09-05,3.3499999046325684,3.549999952316284,3.3499999046325684,3.5,471800
2017-09-06,3.450000047683716,3.549999952316284,3.4000000953674316,3.549999952316284,504800
2017-09-07,3.4000000953674316,3.549999952316284,3.25,3.450000047683716,655300
2017-09-08,3.75,3.799999952316284,3.299999952316284,3.4000000953674316,1988600
2017-09-11,3.8499999046325684,3.9200000762939453,3.5999999046325684,3.75,1017500
2017-09-12,4.0,4.25,3.6500000953674316,3.799999952316284,1201100
2017-09-13,3.8499999046325684,4.150000095367432,3.799999952316284,4.050000190734863,687300
2017-09-14,4.050000190734863,4.150000095367432,3.6500000953674316,3.799999952316284,821100
2017-09-15,4.050000190734863,4.179999828338623,3.950000047683716,4.099999904632568,764700
2017-09-18,4.050000190734863,4.300000190734863,3.9000000953674316,4.050000190734863,905900
2017-09-19,4.449999809265137,4.949999809265137,4.050000190734863,4.050000190734863,2606100
2017-09-20,4.449999809265137,4.699999809265137,4.300000190734863,4.5,1134100
2017-09-21,5.050000190734863,5.300000190734863,4.449999809265137,4.5,2518100
2017-09-22,4.949999809265137,5.300000190734863,4.800000190734863,5.0,1606700
2017-09-25,4.849999904632568,5.199999809265137,4.699999809265137,5.0,964000
2017-09-26,5.050000190734863,5.400000095367432,4.78000020980835,4.949999809265137,2564200
2017-09-27,4.650000095367432,5.5,4.5,5.199999809265137,3746300
2017-09-28,4.099999904632568,4.599999904632568,4.099999904632568,4.550000190734863,1631800
2017-09-29,4.550000190734863,4.650000095367432,4.159999847412109,4.300000190734863,1824600
2017-10-02,4.650000095367432,4.75,4.449999809265137,4.650000095367432,795900
2017-10-03,4.650000095367432,4.699999809265137,4.400000095367432,4.599999904632568,494100
2017-10-04,4.300000190734863,4.650000095367432,4.199999809265137,4.599999904632568,828700
2017-10-05,4.21999979019165,4.300000190734863,4.199999809265137,4.25,491900
2017-10-06,4.050000190734863,4.300000190734863,4.0,4.199999809265137,787000
2017-10-09,4.099999904632568,4.25,4.099999904632568,4.150000095367432,515400
2017-10-10,4.300000190734863,4.349999904632568,4.150000095367432,4.150000095367432,652500
2017-10-11,4.349999904632568,4.349999904632568,4.25,4.300000190734863,415200
2017-10-12,4.199999809265137,4.5,4.199999809265137,4.300000190734863,241900
2017-10-13,4.199999809265137,4.300000190734863,4.150000095367432,4.199999809265137,289500
2017-10-16,3.950000047683716,4.150000095367432,3.9000000953674316,4.150000095367432,350100
2017-10-17,3.9000000953674316,4.099999904632568,3.799999952316284,4.0,650600
2017-10-18,4.150000095367432,4.25,3.8499999046325684,3.8499999046325684,586900
2017-10-19,4.099999904632568,4.25,4.050000190734863,4.099999904632568,155700
2017-10-20,4.199999809265137,4.300000190734863,4.150000095367432,4.150000095367432,231200
2017-10-23,4.199999809265137,4.300000190734863,4.099999904632568,4.150000095367432,572900
2017-10-24,4.199999809265137,4.380000114440918,4.199999809265137,4.199999809265137,488200
2017-10-25,4.099999904632568,4.25,3.950000047683716,4.199999809265137,494200
2017-10-26,4.25,4.349999904632568,4.050000190734863,4.099999904632568,745100
2017-10-27,4.349999904632568,4.5,4.300000190734863,4.5,751900
2017-10-30,4.5,4.550000190734863,4.349999904632568,4.400000095367432,826000
2017-10-31,4.5,4.699999809265137,4.429999828338623,4.550000190734863,624700
2017-11-01,4.46999979019165,4.599999904632568,4.400000095367432,4.599999904632568,281000
2017-11-02,4.449999809265137,4.550000190734863,4.349999904632568,4.449999809265137,418400
2017-11-03,4.449999809265137,4.5,4.349999904632568,4.5,254300
2017-11-06,4.449999809265137,4.53000020980835,4.349999904632568,4.449999809265137,454200
2017-11-07,4.199999809265137,4.380000114440918,4.050000190734863,4.099999904632568,610700
2017-11-08,4.150000095367432,4.150000095367432,4.0,4.150000095367432,257000
2017-11-09,4.0,4.25,3.950000047683716,4.099999904632568,518800
2017-11-10,4.0,4.050000190734863,3.950000047683716,4.050000190734863,286700
2017-11-13,3.950000047683716,4.050000190734863,3.950000047683716,3.950000047683716,224400
2017-11-14,4.099999904632568,4.150000095367432,3.950000047683716,3.950000047683716,347400
2017-11-15,4.150000095367432,4.300000190734863,3.950000047683716,4.050000190734863,522800
2017-11-16,4.199999809265137,4.300000190734863,4.150000095367432,4.150000095367432,366100
2017-11-17,4.199999809265137,4.300000190734863,4.150000095367432,4.150000095367432,423400
2017-11-20,4.150000095367432,4.25,4.099999904632568,4.25,299200
2017-11-21,4.150000095367432,4.21999979019165,4.130000114440918,4.150000095367432,211400
2017-11-22,4.300000190734863,4.389999866485596,4.199999809265137,4.199999809265137,301600
2017-11-24,4.300000190734863,4.400000095367432,4.199999809265137,4.349999904632568,166300
2017-11-27,4.199999809265137,4.400000095367432,4.150000095367432,4.25,220700
2017-11-28,4.349999904632568,4.349999904632568,4.150000095367432,4.150000095367432,248400
2017-11-29,4.25,4.349999904632568,4.179999828338623,4.349999904632568,274000
2017-11-30,4.199999809265137,4.349999904632568,4.150000095367432,4.300000190734863,222400
2017-12-01,4.25,4.25,4.050000190734863,4.199999809265137,228400
2017-12-04,4.25,4.300000190734863,4.150000095367432,4.25,165900
2017-12-05,4.150000095367432,4.25,4.099999904632568,4.25,123200
2017-12-06,4.099999904632568,4.300000190734863,4.050000190734863,4.099999904632568,224600
2017-12-07,4.150000095367432,4.199999809265137,4.099999904632568,4.099999904632568,150200
2017-12-08,4.150000095367432,4.199999809265137,4.050000190734863,4.150000095367432,199200
2017-12-11,4.300000190734863,4.349999904632568,4.099999904632568,4.099999904632568,408300
2017-12-12,4.300000190734863,4.349999904632568,4.25,4.349999904632568,168200
2017-12-13,4.300000190734863,4.449999809265137,4.25,4.349999904632568,316600
2017-12-14,4.300000190734863,4.349999904632568,4.25,4.25,120100
2017-12-15,4.25,4.400000095367432,4.199999809265137,4.25,696900
2017-12-18,4.349999904632568,4.400000095367432,4.300000190734863,4.300000190734863,172600
2017-12-19,4.300000190734863,4.389999866485596,4.28000020980835,4.300000190734863,148100
2017-12-20,4.300000190734863,4.400000095367432,4.25,4.300000190734863,173200
2017-12-21,4.28000020980835,4.429999828338623,4.25,4.349999904632568,514000
2017-12-22,4.300000190734863,4.349999904632568,4.25,4.25,175100
2017-12-26,4.25,4.380000114440918,4.199999809265137,4.300000190734863,269500
2017-12-27,4.199999809265137,4.349999904632568,4.150000095367432,4.300000190734863,190800
2017-12-28,4.179999828338623,4.300000190734863,4.130000114440918,4.199999809265137,284300
2017-12-29,4.050000190734863,4.150000095367432,3.9000000953674316,4.150000095367432,835700
2018-01-02,4.0,4.130000114440918,3.930000066757202,4.099999904632568,223700
2018-01-03,3.8299999237060547,3.9800000190734863,3.5999999046325684,3.950000047683716,777000
2018-01-04,3.950000047683716,4.0,3.75,3.8499999046325684,520700
2018-01-05,3.8499999046325684,4.050000190734863,3.8499999046325684,3.950000047683716,113800
2018-01-08,3.950000047683716,4.0,3.799999952316284,3.8499999046325684,140700
2018-01-09,3.8299999237060547,4.039999961853027,3.799999952316284,3.950000047683716,192800
2018-01-10,3.799999952316284,3.880000114440918,3.75,3.799999952316284,85600
2018-01-11,3.799999952316284,3.9000000953674316,3.75,3.799999952316284,227500
2018-01-12,3.75,3.8499999046325684,3.6500000953674316,3.75,808900
2018-01-16,3.75,3.9000000953674316,3.700000047683716,3.799999952316284,287600
2018-01-17,3.75,3.8499999046325684,3.700000047683716,3.799999952316284,136800
2018-01-18,3.75,3.799999952316284,3.609999895095825,3.799999952316284,273500
2018-01-19,3.799999952316284,3.799999952316284,3.6700000762939453,3.700000047683716,172900
2018-01-22,3.9000000953674316,3.950000047683716,3.75,3.75,140400
2018-01-23,3.950000047683716,4.099999904632568,3.799999952316284,3.950000047683716,366900
2018-01-24,3.950000047683716,4.050000190734863,3.9000000953674316,3.9000000953674316,69400
2018-01-25,3.950000047683716,4.099999904632568,3.950000047683716,3.950000047683716,86300
2018-01-26,4.050000190734863,4.050000190734863,3.9000000953674316,4.0,61900
2018-01-29,3.950000047683716,4.050000190734863,3.950000047683716,4.0,49300
2018-01-30,3.880000114440918,4.0,3.799999952316284,3.950000047683716,111000
2018-01-31,3.6500000953674316,4.0,3.5999999046325684,3.8499999046325684,214000
2018-02-01,3.700000047683716,3.75,3.5999999046325684,3.6500000953674316,103700
2018-02-02,3.6500000953674316,3.700000047683716,3.5999999046325684,3.6500000953674316,413100
2018-02-05,3.5,3.6500000953674316,3.450000047683716,3.6500000953674316,307400
2018-02-06,3.5,3.5,3.4000000953674316,3.450000047683716,246500
2018-02-07,3.450000047683716,3.5999999046325684,3.380000114440918,3.5,309400
2018-02-08,3.5,3.6500000953674316,3.450000047683716,3.450000047683716,368900
2018-02-09,3.549999952316284,3.5999999046325684,3.450000047683716,3.549999952316284,218200
2018-02-12,3.5999999046325684,3.6500000953674316,3.3499999046325684,3.549999952316284,273200
2018-02-13,3.5999999046325684,3.5999999046325684,3.450000047683716,3.549999952316284,143600
2018-02-14,3.549999952316284,3.7799999713897705,3.450000047683716,3.75,488600
2018-02-15,3.6500000953674316,3.6500000953674316,3.450000047683716,3.5,229300
2018-02-16,3.549999952316284,3.680000066757202,3.450000047683716,3.5999999046325684,185500
2018-02-20,3.549999952316284,3.5999999046325684,3.4000000953674316,3.5,646600
2018-02-21,3.549999952316284,3.5999999046325684,3.450000047683716,3.549999952316284,335100
2018-02-22,3.5,3.5999999046325684,3.450000047683716,3.5999999046325684,412500
2018-02-23,3.4800000190734863,3.5999999046325684,3.4000000953674316,3.5999999046325684,252000
2018-02-26,3.549999952316284,3.549999952316284,3.450000047683716,3.450000047683716,313300
2018-02-27,3.549999952316284,3.6500000953674316,3.450000047683716,3.5,731000
2018-02-28,3.450000047683716,3.5999999046325684,3.450000047683716,3.549999952316284,520700
2018-03-01,3.450000047683716,3.5,3.4000000953674316,3.450000047683716,395000
2018-03-02,3.549999952316284,3.5999999046325684,3.4000000953674316,3.4000000953674316,277000
2018-03-05,3.549999952316284,3.700000047683716,3.5,3.549999952316284,247800
2018-03-06,3.6500000953674316,3.700000047683716,3.549999952316284,3.5999999046325684,309600
2018-03-07,3.700000047683716,3.759999990463257,3.6500000953674316,3.6500000953674316,165500
2018-03-08,3.6500000953674316,3.799999952316284,3.6500000953674316,3.75,80700
2018-03-09,3.5999999046325684,3.75,3.549999952316284,3.700000047683716,263500
2018-03-12,3.700000047683716,3.75,3.5999999046325684,3.5999999046325684,176400
2018-03-13,3.700000047683716,3.799999952316284,3.700000047683716,3.700000047683716,110700
2018-03-14,3.5999999046325684,3.75,3.549999952316284,3.75,226400
2018-03-15,3.700000047683716,3.799999952316284,3.5999999046325684,3.5999999046325684,154400
2018-03-16,3.8499999046325684,3.9000000953674316,3.700000047683716,3.75,626900
2018-03-19,3.700000047683716,3.9000000953674316,3.549999952316284,3.8499999046325684,322400
2018-03-20,3.549999952316284,3.75,3.5,3.6500000953674316,312200
2018-03-21,3.5999999046325684,3.6500000953674316,3.5,3.5,260200
2018-03-22,3.5,3.5999999046325684,3.5,3.549999952316284,146900
2018-03-23,3.450000047683716,3.549999952316284,3.450000047683716,3.549999952316284,156600
2018-03-26,3.4000000953674316,3.5,3.3499999046325684,3.5,258200
2018-03-27,3.3499999046325684,3.450000047683716,3.299999952316284,3.4000000953674316,110900
2018-03-28,3.3499999046325684,3.450000047683716,3.299999952316284,3.3499999046325684,176700
2018-03-29,3.5,3.5,3.299999952316284,3.3499999046325684,136900
2018-04-02,3.4000000953674316,3.549999952316284,3.3499999046325684,3.5,90200
2018-04-03,3.3499999046325684,3.4000000953674316,3.3499999046325684,3.4000000953674316,85000
2018-04-04,3.4000000953674316,3.450000047683716,3.299999952316284,3.3499999046325684,149200
2018-04-05,3.549999952316284,3.700000047683716,3.450000047683716,3.5,407700
2018-04-06,3.5,3.6500000953674316,3.5,3.549999952316284,90800
2018-04-09,3.450000047683716,3.549999952316284,3.450000047683716,3.549999952316284,56700
2018-04-10,3.5999999046325684,3.6500000953674316,3.4800000190734863,3.5,122100
2018-04-11,3.630000114440918,3.700000047683716,3.549999952316284,3.549999952316284,110800
2018-04-12,3.549999952316284,3.700000047683716,3.549999952316284,3.5999999046325684,109100
2018-04-13,3.5299999713897705,3.5999999046325684,3.5,3.549999952316284,116600
2018-04-16,3.299999952316284,3.549999952316284,3.25,3.549999952316284,286100
2018-04-17,3.450000047683716,3.549999952316284,3.2799999713897705,3.3499999046325684,2105000
2018-04-18,3.549999952316284,3.5999999046325684,3.450000047683716,3.5,139700
2018-04-19,3.549999952316284,3.6500000953674316,3.5,3.5,99200
2018-04-20,3.5999999046325684,3.5999999046325684,3.5,3.549999952316284,167100
2018-04-23,3.6500000953674316,3.680000066757202,3.5999999046325684,3.5999999046325684,83700
2018-04-24,3.5999999046325684,3.700000047683716,3.5,3.6500000953674316,288700
2018-04-25,3.6500000953674316,3.700000047683716,3.5999999046325684,3.5999999046325684,83000
2018-04-26,3.700000047683716,3.799999952316284,3.6500000953674316,3.6500000953674316,202800
2018-04-27,3.700000047683716,3.75,3.6500000953674316,3.6500000953674316,54400
2018-04-30,3.6500000953674316,3.799999952316284,3.6500000953674316,3.700000047683716,218200
2018-05-01,3.6500000953674316,3.75,3.5999999046325684,3.6500000953674316,231500
2018-05-02,3.700000047683716,3.8499999046325684,3.549999952316284,3.6500000953674316,288000
2018-05-03,3.700000047683716,3.75,3.5999999046325684,3.6500000953674316,173800
2018-05-04,3.700000047683716,3.75,3.6500000953674316,3.6500000953674316,229500
2018-05-07,3.5999999046325684,3.75,3.5999999046325684,3.700000047683716,305600
2018-05-08,3.75,3.8499999046325684,3.5999999046325684,3.5999999046325684,184700
2018-05-09,3.799999952316284,3.8399999141693115,3.75,3.75,201400
2018-05-10,3.75,3.8499999046325684,3.700000047683716,3.799999952316284,223800
2018-05-11,3.75,3.8499999046325684,3.75,3.799999952316284,245800
2018-05-14,3.799999952316284,3.950000047683716,3.799999952316284,3.799999952316284,204200
2018-05-15,3.8499999046325684,4.0,3.799999952316284,3.799999952316284,262500
2018-05-16,3.8499999046325684,4.0,3.8299999237060547,3.9000000953674316,303200
2018-05-17,3.9000000953674316,4.0,3.9000000953674316,3.9000000953674316,332400
2018-05-18,3.9000000953674316,3.9800000190734863,3.8499999046325684,3.950000047683716,269400
2018-05-21,3.950000047683716,4.03000020980835,3.859999895095825,3.9000000953674316,191900
2018-05-22,3.950000047683716,4.050000190734863,3.9000000953674316,4.0,323400
2018-05-23,4.0,4.050000190734863,3.950000047683716,3.950000047683716,176600
2018-05-24,3.9000000953674316,4.079999923706055,3.9000000953674316,4.0,204900
2018-05-25,3.9000000953674316,3.950000047683716,3.819999933242798,3.9000000953674316,142100
2018-05-29,3.9000000953674316,3.930000066757202,3.8499999046325684,3.9000000953674316,124500
2018-05-30,3.8499999046325684,3.930000066757202,3.799999952316284,3.9000000953674316,259600
2018-05-31,3.8499999046325684,3.9000000953674316,3.8499999046325684,3.9000000953674316,77000
2018-06-01,3.8499999046325684,3.9000000953674316,3.799999952316284,3.8499999046325684,151200
2018-06-04,3.799999952316284,3.930000066757202,3.75,3.9000000953674316,462600
2018-06-05,3.950000047683716,4.0,3.799999952316284,3.799999952316284,534100
2018-06-06,4.050000190734863,4.099999904632568,3.950000047683716,3.950000047683716,293900
2018-06-07,4.050000190734863,4.199999809265137,4.0,4.0,266000
2018-06-08,4.099999904632568,4.150000095367432,4.0,4.0,109100
2018-06-11,4.199999809265137,4.199999809265137,4.099999904632568,4.099999904632568,439600
2018-06-12,4.150000095367432,4.25,4.150000095367432,4.199999809265137,160600
2018-06-13,4.199999809265137,4.25,4.130000114440918,4.150000095367432,216200
2018-06-14,4.349999904632568,4.389999866485596,4.150000095367432,4.199999809265137,443400
2018-06-15,4.400000095367432,4.400000095367432,4.25,4.349999904632568,462900
2018-06-18,4.300000190734863,4.400000095367432,4.25,4.349999904632568,178900
2018-06-19,4.25,4.349999904632568,4.159999847412109,4.300000190734863,132900
2018-06-20,4.199999809265137,4.300000190734863,4.150000095367432,4.300000190734863,289100
2018-06-21,4.150000095367432,4.21999979019165,4.0,4.199999809265137,415200
2018-06-22,4.349999904632568,4.349999904632568,4.099999904632568,4.150000095367432,717500
2018-06-25,4.300000190734863,4.349999904632568,4.199999809265137,4.300000190734863,257000
2018-06-26,4.25,4.300000190734863,4.199999809265137,4.300000190734863,101300
2018-06-27,4.25,4.28000020980835,4.150000095367432,4.25,117600
2018-06-28,4.150000095367432,4.25,4.099999904632568,4.199999809265137,149900
2018-06-29,4.150000095367432,4.199999809265137,4.050000190734863,4.150000095367432,326900
2018-07-02,4.150000095367432,4.199999809265137,4.099999904632568,4.099999904632568,178000
2018-07-03,4.099999904632568,4.150000095367432,4.099999904632568,4.150000095367432,43300
2018-07-05,4.050000190734863,4.150000095367432,4.050000190734863,4.099999904632568,305900
2018-07-06,4.050000190734863,4.199999809265137,4.0,4.050000190734863,119900
2018-07-09,4.099999904632568,4.099999904632568,4.0,4.050000190734863,57400
2018-07-10,3.950000047683716,4.099999904632568,3.9000000953674316,4.099999904632568,176800
2018-07-11,3.950000047683716,3.950000047683716,3.9000000953674316,3.950000047683716,48900
2018-07-12,3.9000000953674316,4.0,3.9000000953674316,3.950000047683716,66400
2018-07-13,3.8499999046325684,3.950000047683716,3.799999952316284,3.950000047683716,116400
2018-07-16,3.8499999046325684,3.9000000953674316,3.7799999713897705,3.9000000953674316,83100
2018-07-17,3.8499999046325684,3.8499999046325684,3.799999952316284,3.8499999046325684,54600
2018-07-18,3.950000047683716,4.0,3.75,3.8499999046325684,202300
2018-07-19,3.9000000953674316,3.950000047683716,3.8499999046325684,3.9000000953674316,129900
2018-07-20,3.9000000953674316,4.0,3.8499999046325684,3.9000000953674316,80700
2018-07-23,3.799999952316284,3.9000000953674316,3.75,3.8499999046325684,115000
2018-07-24,3.75,3.9000000953674316,3.75,3.799999952316284,172000
2018-07-25,3.799999952316284,3.8499999046325684,3.700000047683716,3.75,95600
2018-07-26,3.799999952316284,3.8499999046325684,3.700000047683716,3.799999952316284,96600
2018-07-27,3.6500000953674316,3.8499999046325684,3.6500000953674316,3.799999952316284,158000
2018-07-30,3.700000047683716,3.75,3.6500000953674316,3.6500000953674316,83600
2018-07-31,3.799999952316284,3.799999952316284,3.680000066757202,3.700000047683716,103600
2018-08-01,3.799999952316284,3.799999952316284,3.75,3.799999952316284,63100
2018-08-02,3.700000047683716,3.799999952316284,3.6500000953674316,3.75,118300
2018-08-03,3.75,3.75,3.700000047683716,3.700000047683716,43500
2018-08-06,3.75,3.75,3.680000066757202,3.700000047683716,54700
2018-08-07,3.799999952316284,3.8499999046325684,3.75,3.75,178100
2018-08-08,3.950000047683716,3.950000047683716,3.7799999713897705,3.8499999046325684,159500
2018-08-09,3.9000000953674316,3.950000047683716,3.8499999046325684,3.8499999046325684,384300
2018-08-10,3.930000066757202,3.9800000190734863,3.8499999046325684,3.8499999046325684,146700
2018-08-13,3.9000000953674316,4.0,3.9000000953674316,3.950000047683716,104800
2018-08-14,3.8499999046325684,3.9000000953674316,3.75,3.9000000953674316,190100
2018-08-15,3.75,3.9000000953674316,3.700000047683716,3.799999952316284,126800
2018-08-16,3.9000000953674316,3.9000000953674316,3.75,3.75,80600
2018-08-17,3.9000000953674316,3.950000047683716,3.799999952316284,3.8499999046325684,88500
2018-08-20,3.9000000953674316,3.950000047683716,3.799999952316284,3.950000047683716,323400
2018-08-21,3.9000000953674316,4.0,3.9000000953674316,3.9000000953674316,148400
2018-08-22,4.0,4.0,3.9000000953674316,3.950000047683716,126900
2018-08-23,3.950000047683716,4.050000190734863,3.8499999046325684,4.0,172700
2018-08-24,3.8499999046325684,4.0,3.799999952316284,3.950000047683716,87600
2018-08-27,3.880000114440918,3.950000047683716,3.8499999046325684,3.8499999046325684,65700
2018-08-28,3.9000000953674316,3.9000000953674316,3.8499999046325684,3.9000000953674316,21300
2018-08-29,3.8499999046325684,3.8499999046325684,3.799999952316284,3.8499999046325684,68800
2018-08-30,3.799999952316284,3.9000000953674316,3.799999952316284,3.8499999046325684,195300
2018-08-31,3.9000000953674316,3.9000000953674316,3.75,3.799999952316284,83500
2018-09-04,3.9000000953674316,3.950000047683716,3.8499999046325684,3.9000000953674316,93200
2018-09-05,3.799999952316284,3.9000000953674316,3.75,3.9000000953674316,388700
2018-09-06,3.3499999046325684,3.8499999046325684,3.3499999046325684,3.799999952316284,258700
2018-09-07,3.5,3.700000047683716,3.3499999046325684,3.3499999046325684,314400
2018-09-10,3.5,3.5999999046325684,3.450000047683716,3.549999952316284,72500
2018-09-11,3.4000000953674316,3.549999952316284,3.3499999046325684,3.5,134600
2018-09-12,3.2799999713897705,3.4000000953674316,3.049999952316284,3.3499999046325684,314500
2018-09-13,3.450000047683716,3.700000047683716,3.25,3.3499999046325684,278000
2018-09-14,3.3499999046325684,3.450000047683716,3.299999952316284,3.4000000953674316,146700
2018-09-17,3.25,3.4000000953674316,3.25,3.299999952316284,114600
2018-09-18,3.200000047683716,3.3499999046325684,3.200000047683716,3.299999952316284,99100
2018-09-19,3.25,3.299999952316284,3.0999999046325684,3.200000047683716,200900
2018-09-20,3.200000047683716,3.3499999046325684,3.200000047683716,3.25,131800
2018-09-21,3.299999952316284,3.299999952316284,3.119999885559082,3.1500000953674316,461300
2018-09-24,3.1500000953674316,3.3499999046325684,3.1500000953674316,3.25,174500
2018-09-25,3.1500000953674316,3.25,3.0999999046325684,3.0999999046325684,340100
2018-09-26,3.200000047683716,3.299999952316284,3.1500000953674316,3.200000047683716,150600
2018-09-27,3.200000047683716,3.25,3.1500000953674316,3.25,150100
2018-09-28,3.200000047683716,3.25,3.1500000953674316,3.25,214300
2018-10-01,3.2100000381469727,3.299999952316284,3.180000066757202,3.2100000381469727,136100
2018-10-02,3.2100000381469727,3.25,3.0999999046325684,3.200000047683716,201600
2018-10-03,3.180000066757202,3.2699999809265137,3.1500000953674316,3.2200000286102295,142300
2018-10-04,3.1600000858306885,3.2200000286102295,3.109999895095825,3.1700000762939453,119500
2018-10-05,3.200000047683716,3.240000009536743,3.109999895095825,3.180000066757202,142100
2018-10-08,3.200000047683716,3.240000009536743,3.140000104904175,3.2100000381469727,60600
2018-10-09,3.1500000953674316,3.299999952316284,3.119999885559082,3.190000057220459,94700
2018-10-10,3.0999999046325684,3.1600000858306885,3.0,3.1500000953674316,570400
2018-10-11,3.049999952316284,3.109999895095825,3.0,3.109999895095825,180600
2018-10-12,3.119999885559082,3.180000066757202,3.0199999809265137,3.0999999046325684,211300
2018-10-15,3.0899999141693115,3.190000057220459,3.0199999809265137,3.109999895095825,107000
2018-10-16,3.119999885559082,3.140000104904175,3.0399999618530273,3.0999999046325684,92100
2018-10-17,3.049999952316284,3.140000104904175,3.049999952316284,3.109999895095825,82500
2018-10-18,3.0799999237060547,3.109999895095825,3.009999990463257,3.049999952316284,112700
2018-10-19,3.0799999237060547,3.119999885559082,3.049999952316284,3.059999942779541,87500
2018-10-22,3.0899999141693115,3.119999885559082,3.0799999237060547,3.0799999237060547,54500
2018-10-23,3.059999942779541,3.0999999046325684,3.0299999713897705,3.0799999237060547,59800
2018-10-24,2.9800000190734863,3.049999952316284,2.9600000381469727,3.049999952316284,178100
2018-10-25,2.9800000190734863,3.0,2.8499999046325684,3.0,366600
2018-10-26,3.059999942779541,3.25,2.890000104904175,2.890000104904175,172000
2018-10-29,3.0199999809265137,3.2300000190734863,2.9700000286102295,3.0999999046325684,104200
2018-10-30,3.0199999809265137,3.109999895095825,2.9800000190734863,3.009999990463257,91900
2018-10-31,3.2799999713897705,3.2899999618530273,2.9700000286102295,3.0399999618530273,191200
2018-11-01,3.259999990463257,3.2899999618530273,3.190000057220459,3.2899999618530273,164400
2018-11-02,3.2799999713897705,3.2799999713897705,3.200000047683716,3.259999990463257,84200
2018-11-05,3.259999990463257,3.2899999618530273,3.2100000381469727,3.2799999713897705,111100
2018-11-06,3.240000009536743,3.309999942779541,3.2300000190734863,3.2699999809265137,41400
2018-11-07,3.309999942779541,3.319999933242798,3.200000047683716,3.259999990463257,110500
2018-11-08,3.299999952316284,3.3299999237060547,3.2300000190734863,3.299999952316284,25600
2018-11-09,3.200000047683716,3.2899999618530273,3.200000047683716,3.2799999713897705,54200
2018-11-12,3.190000057220459,3.200000047683716,3.109999895095825,3.200000047683716,77300
2018-11-13,3.2200000286102295,3.25,3.130000114440918,3.200000047683716,44000
2018-11-14,3.1600000858306885,3.25,3.130000114440918,3.25,122200
2018-11-15,3.1500000953674316,3.1700000762939453,3.0899999141693115,3.140000104904175,88300
2018-11-16,3.059999942779541,3.1500000953674316,3.0,3.0999999046325684,109600
2018-11-19,2.990000009536743,3.109999895095825,2.950000047683716,3.049999952316284,133800
2018-11-20,2.9700000286102295,3.0199999809265137,2.9200000762939453,2.990000009536743,159500
2018-11-21,3.0,3.059999942779541,2.9700000286102295,2.9700000286102295,78800
2018-11-23,3.0899999141693115,3.0899999141693115,2.9700000286102295,2.9700000286102295,26800
2018-11-26,3.049999952316284,3.0999999046325684,3.0299999713897705,3.0899999141693115,79800
2018-11-27,3.069999933242798,3.0899999141693115,2.9800000190734863,3.0199999809265137,53100
2018-11-28,3.130000114440918,3.2200000286102295,3.0199999809265137,3.0899999141693115,149400
2018-11-29,3.1700000762939453,3.190000057220459,3.140000104904175,3.1700000762939453,75200
2018-11-30,3.180000066757202,3.2200000286102295,3.0799999237060547,3.1600000858306885,138700
2018-12-03,3.180000066757202,3.190000057220459,3.049999952316284,3.190000057220459,121300
2018-12-04,2.990000009536743,3.180000066757202,2.9600000381469727,3.180000066757202,93800
2018-12-06,3.009999990463257,3.0999999046325684,2.9600000381469727,2.9800000190734863,77300
2018-12-07,3.0299999713897705,3.059999942779541,2.9700000286102295,3.0199999809265137,121000
2018-12-10,3.2699999809265137,3.2899999618530273,3.0299999713897705,3.0799999237060547,185700
2018-12-11,3.25,3.299999952316284,3.2200000286102295,3.299999952316284,154300
2018-12-12,3.0999999046325684,3.2799999713897705,3.049999952316284,3.2799999713897705,128800
2018-12-13,3.0399999618530273,3.1600000858306885,2.9200000762939453,3.109999895095825,211000
2018-12-14,2.990000009536743,3.069999933242798,2.9600000381469727,3.0399999618530273,118600
2018-12-17,2.950000047683716,3.009999990463257,2.940000057220459,3.0,167900
2018-12-18,2.990000009536743,3.0299999713897705,2.9100000858306885,2.9600000381469727,100300
2018-12-19,2.940000057220459,3.049999952316284,2.9100000858306885,3.0,199500
2018-12-20,2.8499999046325684,3.0399999618530273,2.819999933242798,2.9100000858306885,355200
2018-12-21,2.9100000858306885,2.9600000381469727,2.75,2.8299999237060547,528400
2018-12-24,2.880000114440918,2.9100000858306885,2.8399999141693115,2.9100000858306885,79700
2018-12-26,2.8499999046325684,2.9000000953674316,2.8299999237060547,2.9000000953674316,175000
2018-12-27,2.869999885559082,2.869999885559082,2.7899999618530273,2.819999933242798,210800
2018-12-28,3.0,3.0199999809265137,2.8299999237060547,2.869999885559082,208000
2018-12-31,2.9800000190734863,3.009999990463257,2.8499999046325684,3.0,208100
2019-01-02,3.0999999046325684,3.130000114440918,2.940000057220459,2.950000047683716,132400
2019-01-03,3.0,3.130000114440918,2.9700000286102295,3.069999933242798,163000
2019-01-04,2.990000009536743,3.0999999046325684,2.9700000286102295,3.0199999809265137,182700
2019-01-07,3.069999933242798,3.0899999141693115,2.9700000286102295,3.009999990463257,170100
2019-01-08,3.140000104904175,3.180000066757202,3.009999990463257,3.069999933242798,136000
2019-01-09,3.130000114440918,3.190000057220459,3.0999999046325684,3.140000104904175,74900
2019-01-10,3.059999942779541,3.140000104904175,3.049999952316284,3.140000104904175,138100
2019-01-11,3.059999942779541,3.109999895095825,3.0,3.0299999713897705,106300
2019-01-14,3.0399999618530273,3.0999999046325684,3.0,3.049999952316284,74600
2019-01-15,3.059999942779541,3.0999999046325684,3.009999990463257,3.0299999713897705,75300
2019-01-16,3.130000114440918,3.140000104904175,3.049999952316284,3.049999952316284,132900
2019-01-17,3.0999999046325684,3.130000114440918,3.0399999618530273,3.130000114440918,79800
2019-01-18,3.0299999713897705,3.0899999141693115,3.009999990463257,3.0899999141693115,102500
2019-01-22,3.0299999713897705,3.0799999237060547,2.9800000190734863,3.0299999713897705,138900
2019-01-23,3.049999952316284,3.0999999046325684,2.990000009536743,3.0399999618530273,96200
2019-01-24,3.0899999141693115,3.0899999141693115,3.0299999713897705,3.0299999713897705,62500
2019-01-25,3.049999952316284,3.109999895095825,3.0299999713897705,3.0799999237060547,49900
2019-01-28,3.069999933242798,3.0799999237060547,3.0,3.049999952316284,155100
2019-01-29,3.009999990463257,3.0999999046325684,3.0,3.0899999141693115,130600
2019-01-30,3.0299999713897705,3.049999952316284,3.009999990463257,3.009999990463257,81100
2019-01-31,3.0399999618530273,3.059999942779541,3.009999990463257,3.059999942779541,76000
2019-02-01,3.059999942779541,3.0999999046325684,3.009999990463257,3.009999990463257,82500
2019-02-04,3.109999895095825,3.109999895095825,3.0199999809265137,3.059999942779541,122800
2019-02-05,3.109999895095825,3.1600000858306885,3.0999999046325684,3.130000114440918,80900
2019-02-06,3.140000104904175,3.1700000762939453,3.059999942779541,3.0799999237060547,90900
2019-02-07,3.069999933242798,3.140000104904175,3.0399999618530273,3.0899999141693115,49700
2019-02-08,3.130000114440918,3.1600000858306885,3.049999952316284,3.069999933242798,60000
2019-02-11,3.180000066757202,3.180000066757202,3.140000104904175,3.1600000858306885,63800
2019-02-12,3.1700000762939453,3.2300000190734863,3.119999885559082,3.2300000190734863,77500
2019-02-13,3.190000057220459,3.190000057220459,3.1700000762939453,3.180000066757202,32900
2019-02-14,3.119999885559082,3.190000057220459,3.109999895095825,3.190000057220459,66100
2019-02-15,3.180000066757202,3.190000057220459,3.0999999046325684,3.1500000953674316,83500
2019-02-19,3.180000066757202,3.200000047683716,3.1500000953674316,3.1500000953674316,80100
2019-02-20,3.190000057220459,3.200000047683716,3.1600000858306885,3.1600000858306885,52400
2019-02-21,3.119999885559082,3.180000066757202,3.0899999141693115,3.1600000858306885,40000
2019-02-22,3.200000047683716,3.240000009536743,3.119999885559082,3.119999885559082,52300
2019-02-25,3.1600000858306885,3.2300000190734863,3.130000114440918,3.180000066757202,72400
2019-02-26,3.109999895095825,3.200000047683716,3.109999895095825,3.1600000858306885,51500
2019-02-27,3.0999999046325684,3.1500000953674316,2.940000057220459,3.0899999141693115,34000
2019-02-28,3.049999952316284,3.200000047683716,3.0399999618530273,3.109999895095825,62300
2019-03-01,3.049999952316284,3.069999933242798,2.950000047683716,2.950000047683716,65700
2019-03-04,3.0399999618530273,3.109999895095825,3.0199999809265137,3.0399999618530273,63500
2019-03-05,3.0199999809265137,3.049999952316284,3.0,3.049999952316284,88900
2019-03-06,3.0199999809265137,3.0399999618530273,2.990000009536743,3.0299999713897705,241400
2019-03-07,2.990000009536743,3.0399999618530273,2.9800000190734863,3.0,431600
2019-03-08,3.0399999618530273,3.049999952316284,2.9600000381469727,3.0,305400
2019-03-11,3.130000114440918,3.1700000762939453,3.0199999809265137,3.0199999809265137,83400
2019-03-12,3.1500000953674316,3.1700000762939453,3.0999999046325684,3.0999999046325684,69000
2019-03-13,3.1500000953674316,3.1700000762939453,3.119999885559082,3.140000104904175,134700
2019-03-14,3.049999952316284,3.200000047683716,3.049999952316284,3.180000066757202,246100
2019-03-15,3.0199999809265137,3.119999885559082,2.9700000286102295,3.049999952316284,563700
2019-03-18,3.0899999141693115,3.0999999046325684,3.009999990463257,3.0199999809265137,284700
2019-03-19,3.109999895095825,3.140000104904175,3.069999933242798,3.0999999046325684,199800
2019-03-20,3.1500000953674316,3.180000066757202,3.0899999141693115,3.0999999046325684,217200
2019-03-21,3.1600000858306885,3.180000066757202,3.140000104904175,3.1500000953674316,100600
2019-03-22,3.140000104904175,3.190000057220459,3.109999895095825,3.1600000858306885,561700
2019-03-25,3.2699999809265137,3.3299999237060547,3.130000114440918,3.130000114440918,333700
2019-03-26,3.25,3.2699999809265137,3.2200000286102295,3.2699999809265137,286500
2019-03-27,3.200000047683716,3.259999990463257,3.180000066757202,3.25,138400
2019-03-28,3.25,3.259999990463257,3.2100000381469727,3.240000009536743,82900
2019-03-29,3.259999990463257,3.3399999141693115,3.2200000286102295,3.25,116400
2019-04-01,3.25,3.309999942779541,3.240000009536743,3.2799999713897705,185400
2019-04-02,3.25,3.2799999713897705,3.1700000762939453,3.240000009536743,193100
2019-04-03,3.25,3.259999990463257,3.240000009536743,3.25,107300
2019-04-04,3.2300000190734863,3.259999990463257,3.2100000381469727,3.259999990463257,88200
2019-04-05,3.259999990463257,3.299999952316284,3.1600000858306885,3.240000009536743,70000
2019-04-08,3.2899999618530273,3.319999933242798,3.2100000381469727,3.240000009536743,185300
2019-04-09,3.1500000953674316,3.2799999713897705,3.140000104904175,3.25,87700
2019-04-10,3.200000047683716,3.2100000381469727,3.1500000953674316,3.1700000762939453,85300
2019-04-11,3.140000104904175,3.2100000381469727,3.119999885559082,3.190000057220459,69400
2019-04-12,3.119999885559082,3.1600000858306885,3.0799999237060547,3.1500000953674316,65900
2019-04-15,3.140000104904175,3.1700000762939453,3.0899999141693115,3.109999895095825,145500
2019-04-16,3.190000057220459,3.190000057220459,3.130000114440918,3.1500000953674316,98300
2019-04-17,3.1500000953674316,3.2200000286102295,3.0999999046325684,3.200000047683716,176500
2019-04-18,3.190000057220459,3.2300000190734863,3.0999999046325684,3.130000114440918,115100
2019-04-22,3.140000104904175,3.240000009536743,3.059999942779541,3.1700000762939453,66300
2019-04-23,3.059999942779541,3.190000057220459,3.059999942779541,3.1500000953674316,201900
2019-04-24,3.0899999141693115,3.140000104904175,3.049999952316284,3.059999942779541,123200
2019-04-25,3.1600000858306885,3.1600000858306885,3.0799999237060547,3.0799999237060547,86200
2019-04-26,3.1500000953674316,3.190000057220459,3.119999885559082,3.1600000858306885,72300
2019-04-29,3.1600000858306885,3.1600000858306885,3.109999895095825,3.1500000953674316,208500
2019-04-30,3.180000066757202,3.180000066757202,3.109999895095825,3.1600000858306885,182200
2019-05-01,3.1600000858306885,3.190000057220459,3.130000114440918,3.1700000762939453,53800
2019-05-02,3.1500000953674316,3.180000066757202,3.109999895095825,3.1600000858306885,55700
2019-05-03,3.1600000858306885,3.1700000762939453,3.109999895095825,3.1500000953674316,49600
2019-05-06,3.130000114440918,3.1500000953674316,3.0799999237060547,3.0799999237060547,88000
2019-05-07,3.119999885559082,3.1700000762939453,3.0999999046325684,3.109999895095825,74800
2019-05-08,3.140000104904175,3.1600000858306885,3.109999895095825,3.119999885559082,96000
2019-05-09,3.140000104904175,3.1700000762939453,3.059999942779541,3.130000114440918,75400
2019-05-10,3.1700000762939453,3.1700000762939453,3.059999942779541,3.109999895095825,202600
2019-05-13,3.1500000953674316,3.1600000858306885,3.069999933242798,3.0999999046325684,90200
2019-05-14,3.1700000762939453,3.200000047683716,3.1500000953674316,3.1500000953674316,44700
2019-05-15,3.1500000953674316,3.1600000858306885,3.1500000953674316,3.1600000858306885,29300
2019-05-16,3.1600000858306885,3.200000047683716,3.0999999046325684,3.1500000953674316,72000
2019-05-17,3.049999952316284,3.130000114440918,3.049999952316284,3.130000114440918,98200
2019-05-20,3.140000104904175,3.1500000953674316,3.0199999809265137,3.0399999618530273,171400
2019-05-21,3.1500000953674316,3.1600000858306885,3.0999999046325684,3.1500000953674316,449100
2019-05-22,3.130000114440918,3.1500000953674316,3.0999999046325684,3.140000104904175,47700
2019-05-23,3.0999999046325684,3.1500000953674316,3.059999942779541,3.109999895095825,349000
2019-05-24,3.130000114440918,3.130000114440918,3.0799999237060547,3.0999999046325684,73000
2019-05-28,3.059999942779541,3.140000104904175,3.049999952316284,3.140000104904175,47100
2019-05-29,3.059999942779541,3.059999942779541,3.0199999809265137,3.0399999618530273,92100
2019-05-30,3.069999933242798,3.140000104904175,3.0399999618530273,3.059999942779541,488400
2019-05-31,3.119999885559082,3.119999885559082,3.059999942779541,3.059999942779541,723600
2019-06-03,3.0899999141693115,3.130000114440918,3.049999952316284,3.119999885559082,155600
2019-06-04,3.0999999046325684,3.119999885559082,3.0799999237060547,3.0899999141693115,84500
2019-06-05,3.109999895095825,3.140000104904175,3.0899999141693115,3.0999999046325684,60200
2019-06-06,3.109999895095825,3.109999895095825,3.0899999141693115,3.0999999046325684,75200
2019-06-07,3.119999885559082,3.130000114440918,3.0399999618530273,3.0999999046325684,54300
2019-06-10,3.109999895095825,3.130000114440918,3.0799999237060547,3.109999895095825,47300
2019-06-11,3.109999895095825,3.130000114440918,3.069999933242798,3.130000114440918,81400
2019-06-12,3.0999999046325684,3.109999895095825,3.0799999237060547,3.0899999141693115,61700
2019-06-13,3.109999895095825,3.119999885559082,3.0999999046325684,3.119999885559082,28200
2019-06-14,3.0899999141693115,3.140000104904175,3.0899999141693115,3.109999895095825,42300
2019-06-17,3.0999999046325684,3.119999885559082,3.0899999141693115,3.0899999141693115,45800
2019-06-18,3.0999999046325684,3.1500000953674316,3.0899999141693115,3.119999885559082,73600
2019-06-19,3.0899999141693115,3.119999885559082,3.0799999237060547,3.0999999046325684,107700
2019-06-20,3.0999999046325684,3.200000047683716,3.0899999141693115,3.109999895095825,98600
2019-06-21,2.859999895095825,3.1700000762939453,2.8399999141693115,3.0999999046325684,388900
2019-06-24,2.880000114440918,3.009999990463257,2.869999885559082,2.869999885559082,124000
2019-06-25,2.890000104904175,2.9100000858306885,2.880000114440918,2.9000000953674316,77200
2019-06-26,2.859999895095825,2.9200000762939453,2.8299999237060547,2.9000000953674316,409400
2019-06-27,2.930000066757202,2.9800000190734863,2.8499999046325684,2.8499999046325684,141800
2019-06-28,2.9600000381469727,3.0199999809265137,2.9000000953674316,2.9100000858306885,223800
2019-07-01,2.9000000953674316,2.9600000381469727,2.9000000953674316,2.9600000381469727,60700
2019-07-02,2.8299999237060547,2.930000066757202,2.700000047683716,2.9000000953674316,311800
2019-07-03,2.890000104904175,2.890000104904175,2.819999933242798,2.8299999237060547,72300
2019-07-05,2.890000104904175,2.9200000762939453,2.859999895095825,2.859999895095825,19500
2019-07-08,2.819999933242798,2.9000000953674316,2.819999933242798,2.880000114440918,19400
2019-07-09,2.7899999618530273,2.809999942779541,2.75,2.809999942779541,47200
2019-07-10,2.7799999713897705,2.859999895095825,2.7799999713897705,2.799999952316284,39600
2019-07-11,2.8299999237060547,2.8299999237060547,2.7699999809265137,2.7699999809265137,61600
2019-07-12,2.819999933242798,2.9600000381469727,2.819999933242798,2.8299999237060547,140600
2019-07-15,2.799999952316284,2.799999952316284,2.7300000190734863,2.799999952316284,37000
2019-07-16,2.819999933242798,2.8499999046325684,2.7699999809265137,2.7899999618530273,48700
2019-07-17,2.759999990463257,2.819999933242798,2.75,2.819999933242798,43800
2019-07-18,2.7899999618530273,2.8299999237060547,2.759999990463257,2.759999990463257,47800
2019-07-19,2.819999933242798,2.8299999237060547,2.759999990463257,2.759999990463257,52600
2019-07-22,2.75,2.8299999237060547,2.7300000190734863,2.819999933242798,38800
2019-07-23,2.799999952316284,2.819999933242798,2.759999990463257,2.759999990463257,47800
2019-07-24,2.7799999713897705,2.819999933242798,2.7699999809265137,2.809999942779541,80900
2019-07-25,2.7200000286102295,2.7899999618530273,2.7200000286102295,2.75,64900
2019-07-26,2.75,2.7699999809265137,2.7200000286102295,2.7200000286102295,57100
2019-07-29,2.7699999809265137,2.890000104904175,2.700000047683716,2.8299999237060547,64800
2019-07-30,2.809999942779541,2.8399999141693115,2.759999990463257,2.759999990463257,48400
2019-07-31,2.7899999618530273,2.869999885559082,2.7899999618530273,2.8499999046325684,72800
2019-08-01,2.75,2.859999895095825,2.740000009536743,2.7799999713897705,83200
2019-08-02,3.059999942779541,3.0899999141693115,2.7100000381469727,2.75,132600
2019-08-05,2.950000047683716,3.049999952316284,2.9000000953674316,3.049999952316284,87500
2019-08-06,2.950000047683716,3.1500000953674316,2.9100000858306885,3.1500000953674316,84500
2019-08-07,2.9700000286102295,3.049999952316284,2.9200000762939453,2.950000047683716,47200
2019-08-08,2.9200000762939453,3.049999952316284,2.9000000953674316,2.990000009536743,189200
2019-08-09,2.9100000858306885,2.9600000381469727,2.859999895095825,2.930000066757202,45000
2019-08-12,2.940000057220459,2.9600000381469727,2.8499999046325684,2.890000104904175,50700
2019-08-13,2.950000047683716,3.0,2.880000114440918,2.940000057220459,41900
2019-08-14,2.9100000858306885,2.940000057220459,2.8399999141693115,2.9100000858306885,53000
2019-08-15,2.890000104904175,2.9100000858306885,2.8399999141693115,2.9100000858306885,93500
2019-08-16,2.859999895095825,2.930000066757202,2.809999942779541,2.890000104904175,78000
2019-08-19,2.890000104904175,2.930000066757202,2.8399999141693115,2.8499999046325684,48900
2019-08-20,2.869999885559082,2.950000047683716,2.8499999046325684,2.869999885559082,47800
2019-08-21,2.9000000953674316,2.9600000381469727,2.859999895095825,2.890000104904175,38500
2019-08-22,2.880000114440918,2.950000047683716,2.880000114440918,2.9200000762939453,41700
2019-08-23,2.7100000381469727,2.880000114440918,2.700000047683716,2.869999885559082,156800
2019-08-26,2.690000057220459,2.740000009536743,2.6700000762939453,2.7300000190734863,109100
2019-08-27,2.5899999141693115,2.7200000286102295,2.5799999237060547,2.7200000286102295,84700
2019-08-28,2.630000114440918,2.640000104904175,2.559999942779541,2.559999942779541,87200
2019-08-29,2.5999999046325684,2.680000066757202,2.5999999046325684,2.6500000953674316,80400
2019-08-30,2.609999895095825,2.700000047683716,2.569999933242798,2.609999895095825,104800
2019-09-03,2.5899999141693115,2.619999885559082,2.569999933242798,2.569999933242798,206800
2019-09-04,2.619999885559082,2.680000066757202,2.5999999046325684,2.5999999046325684,75900
2019-09-05,2.609999895095825,2.6700000762939453,2.5799999237060547,2.640000104904175,72000
2019-09-06,2.609999895095825,2.640000104904175,2.5999999046325684,2.630000114440918,71900
2019-09-09,2.5899999141693115,2.7100000381469727,2.5799999237060547,2.640000104904175,145200
2019-09-10,2.5899999141693115,2.6700000762939453,2.5899999141693115,2.5999999046325684,163700
2019-09-11,2.9100000858306885,2.950000047683716,2.5899999141693115,2.609999895095825,267600
2019-09-12,2.950000047683716,2.990000009536743,2.8499999046325684,2.950000047683716,135700
2019-09-13,3.009999990463257,3.0199999809265137,2.930000066757202,2.990000009536743,157400
2019-09-16,2.819999933242798,3.0399999618530273,2.7799999713897705,3.0399999618530273,225100
2019-09-17,2.740000009536743,2.9100000858306885,2.7300000190734863,2.819999933242798,140400
2019-09-18,2.6700000762939453,2.75,2.6700000762939453,2.75,93500
2019-09-19,2.6700000762939453,2.690000057220459,2.609999895095825,2.6700000762939453,84700
2019-09-20,2.75,2.7899999618530273,2.619999885559082,2.6500000953674316,410300
2019-09-23,2.740000009536743,2.7699999809265137,2.680000066757202,2.75,87200
2019-09-24,2.680000066757202,2.7799999713897705,2.680000066757202,2.740000009536743,62800
2019-09-25,2.759999990463257,2.7899999618530273,2.630000114440918,2.690000057220459,103900
2019-09-26,2.75,2.7799999713897705,2.700000047683716,2.7699999809265137,39700
2019-09-27,2.740000009536743,2.7799999713897705,2.700000047683716,2.759999990463257,43000
2019-09-30,2.680000066757202,2.740000009536743,2.6600000858306885,2.740000009536743,46200
2019-10-01,2.619999885559082,2.700000047683716,2.5799999237060547,2.700000047683716,97700
2019-10-02,2.5899999141693115,2.609999895095825,2.559999942779541,2.5999999046325684,164500
2019-10-03,2.619999885559082,2.630000114440918,2.549999952316284,2.569999933242798,63700
2019-10-04,2.549999952316284,2.640000104904175,2.5399999618530273,2.609999895095825,81600
2019-10-07,2.5399999618530273,2.5899999141693115,2.5199999809265137,2.5899999141693115,64100
2019-10-08,2.509999990463257,2.559999942779541,2.5,2.509999990463257,60900
2019-10-09,2.5199999809265137,2.549999952316284,2.5,2.509999990463257,105700
2019-10-10,2.569999933242798,2.5999999046325684,2.509999990463257,2.5399999618530273,95900
2019-10-11,2.740000009536743,2.869999885559082,2.549999952316284,2.5799999237060547,142500
2019-10-14,2.640000104904175,2.7200000286102295,2.5999999046325684,2.7200000286102295,28700
2019-10-15,2.700000047683716,2.7200000286102295,2.609999895095825,2.630000114440918,57100
2019-10-16,2.690000057220459,2.700000047683716,2.6600000858306885,2.690000057220459,21800
2019-10-17,2.690000057220459,2.7100000381469727,2.630000114440918,2.700000047683716,66700
2019-10-18,2.700000047683716,2.7200000286102295,2.619999885559082,2.6700000762939453,46900
2019-10-21,2.700000047683716,2.7200000286102295,2.680000066757202,2.690000057220459,55600
2019-10-22,2.6600000858306885,2.700000047683716,2.640000104904175,2.690000057220459,40000
2019-10-23,2.640000104904175,2.6700000762939453,2.619999885559082,2.6700000762939453,52500
2019-10-24,2.559999942779541,2.7300000190734863,2.559999942779541,2.6600000858306885,61200
2019-10-25,2.5299999713897705,2.609999895095825,2.5,2.5799999237060547,103900
2019-10-28,2.549999952316284,2.559999942779541,2.5199999809265137,2.5199999809265137,59600
2019-10-29,2.5,2.549999952316284,2.4800000190734863,2.5399999618530273,82400
2019-10-30,2.509999990463257,2.5199999809265137,2.4700000286102295,2.509999990463257,91800
2019-10-31,2.5399999618530273,2.559999942779541,2.509999990463257,2.509999990463257,65400
2019-11-01,2.559999942779541,2.5999999046325684,2.5299999713897705,2.5799999237060547,93000
2019-11-04,2.549999952316284,2.5999999046325684,2.549999952316284,2.5899999141693115,42200
2019-11-05,2.5,2.569999933242798,2.4700000286102295,2.569999933242798,115500
2019-11-06,2.4600000381469727,2.549999952316284,2.4600000381469727,2.509999990463257,301700
2019-11-07,2.549999952316284,2.559999942779541,2.4200000762939453,2.490000009536743,171000
2019-11-08,2.5799999237060547,2.640000104904175,2.549999952316284,2.549999952316284,111900
2019-11-11,2.609999895095825,2.619999885559082,2.5199999809265137,2.569999933242798,38400
2019-11-12,2.7799999713897705,2.8399999141693115,2.619999885559082,2.619999885559082,136900
2019-11-13,2.9800000190734863,3.049999952316284,2.7699999809265137,2.7699999809265137,143200
2019-11-14,2.990000009536743,3.0799999237060547,2.880000114440918,2.9800000190734863,210600
2019-11-15,2.950000047683716,3.0399999618530273,2.9100000858306885,3.0399999618530273,51500
2019-11-18,3.069999933242798,3.5,3.0199999809265137,3.4800000190734863,1150000
2019-11-19,3.119999885559082,3.1700000762939453,3.069999933242798,3.0899999141693115,222400
2019-11-20,3.0299999713897705,3.180000066757202,3.0299999713897705,3.0999999046325684,126700
2019-11-21,3.0299999713897705,3.0899999141693115,2.9700000286102295,3.0199999809265137,91800
2019-11-22,2.990000009536743,3.0399999618530273,2.9800000190734863,3.0399999618530273,74300
2019-11-25,3.059999942779541,3.0899999141693115,3.009999990463257,3.0299999713897705,123700
2019-11-26,3.0,3.119999885559082,2.9800000190734863,3.049999952316284,102800
2019-11-27,2.930000066757202,3.009999990463257,2.930000066757202,3.009999990463257,36000
2019-11-29,2.9700000286102295,3.0,2.9200000762939453,2.930000066757202,35900
2019-12-02,2.890000104904175,3.0,2.8299999237060547,3.0,233500
2019-12-03,2.8399999141693115,2.869999885559082,2.819999933242798,2.859999895095825,90000
2019-12-04,2.880000114440918,2.9000000953674316,2.8299999237060547,2.8399999141693115,59200
2019-12-05,2.930000066757202,2.950000047683716,2.880000114440918,2.890000104904175,30600
2019-12-06,2.940000057220459,3.009999990463257,2.9200000762939453,2.950000047683716,74800
2019-12-09,2.880000114440918,2.9600000381469727,2.859999895095825,2.9100000858306885,67800
2019-12-10,2.930000066757202,2.990000009536743,2.869999885559082,2.869999885559082,50200
2019-12-11,2.990000009536743,2.990000009536743,2.890000104904175,2.950000047683716,93700
2019-12-12,2.9700000286102295,2.990000009536743,2.9100000858306885,2.9700000286102295,72400
2019-12-13,2.859999895095825,2.990000009536743,2.8499999046325684,2.9700000286102295,118900
2019-12-16,2.8499999046325684,2.9000000953674316,2.8299999237060547,2.9000000953674316,62300
2019-12-17,2.759999990463257,2.859999895095825,2.740000009536743,2.859999895095825,112200
2019-12-18,2.7300000190734863,2.7799999713897705,2.7100000381469727,2.740000009536743,55800
2019-12-19,2.7699999809265137,2.8399999141693115,2.7200000286102295,2.7200000286102295,88400
2019-12-20,2.700000047683716,2.8299999237060547,2.690000057220459,2.7899999618530273,130800
2019-12-23,2.609999895095825,2.75,2.5999999046325684,2.75,166100
2019-12-24,2.6700000762939453,2.680000066757202,2.5899999141693115,2.5999999046325684,41700
2019-12-26,2.680000066757202,2.680000066757202,2.640000104904175,2.6500000953674316,22300
2019-12-27,2.6700000762939453,2.7100000381469727,2.6500000953674316,2.680000066757202,315800
2019-12-30,2.6700000762939453,2.799999952316284,2.6500000953674316,2.799999952316284,331100
2019-12-31,2.6600000858306885,2.7300000190734863,2.6500000953674316,2.6600000858306885,109300
2020-01-02,2.630000114440918,2.7300000190734863,2.619999885559082,2.680000066757202,54600
2020-01-03,2.619999885559082,2.6700000762939453,2.609999895095825,2.609999895095825,61500
2020-01-06,2.7100000381469727,2.7200000286102295,2.5999999046325684,2.619999885559082,114000
2020-01-07,2.7100000381469727,2.75,2.6700000762939453,2.700000047683716,33600
2020-01-08,2.700000047683716,2.7100000381469727,2.680000066757202,2.690000057220459,29300
2020-01-09,2.700000047683716,2.75,2.680000066757202,2.7300000190734863,70900
2020-01-10,2.680000066757202,2.7300000190734863,2.6500000953674316,2.700000047683716,54900
2020-01-13,2.7300000190734863,2.75,2.6700000762939453,2.6700000762939453,53900
2020-01-14,2.690000057220459,2.75,2.6700000762939453,2.75,75000
2020-01-15,2.6700000762939453,2.7100000381469727,2.6600000858306885,2.680000066757202,61000
2020-01-16,2.7699999809265137,2.819999933242798,2.6700000762939453,2.6700000762939453,77800
2020-01-17,2.7699999809265137,2.809999942779541,2.7300000190734863,2.809999942779541,123300
2020-01-21,2.690000057220459,2.7699999809265137,2.680000066757202,2.75,108900
2020-01-22,2.6500000953674316,2.7200000286102295,2.6500000953674316,2.690000057220459,95600
2020-01-23,2.5899999141693115,2.6600000858306885,2.569999933242798,2.6500000953674316,122500
2020-01-24,2.619999885559082,2.640000104904175,2.5799999237060547,2.5799999237060547,43000
2020-01-27,2.5299999713897705,2.5999999046325684,2.5199999809265137,2.5999999046325684,104000
2020-01-28,2.509999990463257,2.549999952316284,2.5,2.5299999713897705,343200
2020-01-29,2.430000066757202,2.5399999618530273,2.4200000762939453,2.5,160900
2020-01-30,2.569999933242798,2.5999999046325684,2.4000000953674316,2.4100000858306885,124600
2020-01-31,2.5,2.569999933242798,2.450000047683716,2.569999933242798,108500
2020-02-03,2.4800000190734863,2.609999895095825,2.4200000762939453,2.5,81200
2020-02-04,2.450000047683716,2.5,2.440000057220459,2.4800000190734863,87800
2020-02-05,2.440000057220459,2.5,2.4200000762939453,2.450000047683716,52200
2020-02-06,2.549999952316284,2.569999933242798,2.440000057220459,2.440000057220459,77900
2020-02-07,2.4800000190734863,2.559999942779541,2.4600000381469727,2.5199999809265137,36800
2020-02-10,2.4700000286102295,2.5,2.4600000381469727,2.4700000286102295,60800
2020-02-11,2.450000047683716,2.490000009536743,2.4200000762939453,2.4700000286102295,94100
2020-02-12,2.4700000286102295,2.5199999809265137,2.4200000762939453,2.4600000381469727,101600
2020-02-13,2.430000066757202,2.4700000286102295,2.4100000858306885,2.4700000286102295,51900
2020-02-14,2.450000047683716,2.4700000286102295,2.390000104904175,2.4200000762939453,97100
2020-02-18,2.4200000762939453,2.4600000381469727,2.4100000858306885,2.440000057220459,109400
2020-02-19,2.380000114440918,2.509999990463257,2.380000114440918,2.430000066757202,135800
2020-02-20,2.4600000381469727,2.490000009536743,2.380000114440918,2.380000114440918,171100
2020-02-21,2.5899999141693115,2.630000114440918,2.4700000286102295,2.4700000286102295,203200
2020-02-24,2.509999990463257,2.5999999046325684,2.390000104904175,2.549999952316284,114400
2020-02-25,2.440000057220459,2.5,2.4000000953674316,2.5,134800
2020-02-26,2.430000066757202,2.5199999809265137,2.4100000858306885,2.440000057220459,118000
2020-02-27,2.3299999237060547,2.440000057220459,2.3299999237060547,2.4200000762939453,180800
2020-02-28,2.299999952316284,2.4200000762939453,2.299999952316284,2.299999952316284,284200
2020-03-02,2.3399999141693115,2.390000104904175,2.299999952316284,2.319999933242798,423200
2020-03-03,2.319999933242798,2.390000104904175,2.309999942779541,2.3499999046325684,162200
2020-03-04,2.319999933242798,2.390000104904175,2.299999952316284,2.3399999141693115,154600
2020-03-05,2.240000009536743,2.3299999237060547,2.2200000286102295,2.299999952316284,219400
2020-03-06,2.2200000286102295,2.2899999618530273,2.190000057220459,2.190000057220459,158000
2020-03-09,2.1600000858306885,2.2200000286102295,2.0899999141693115,2.1500000953674316,448400
2020-03-10,2.1600000858306885,2.200000047683716,2.0399999618530273,2.200000047683716,393600
2020-03-11,2.2200000286102295,2.3299999237060547,2.0999999046325684,2.0999999046325684,272300
2020-03-12,2.2699999809265137,2.309999942779541,2.109999895095825,2.190000057220459,371200
2020-03-13,2.299999952316284,2.369999885559082,2.2100000381469727,2.3499999046325684,164300
2020-03-16,2.0899999141693115,2.299999952316284,1.75,1.7599999904632568,415600
2020-03-17,2.2100000381469727,2.299999952316284,2.049999952316284,2.0899999141693115,323900
2020-03-18,2.009999990463257,2.1700000762939453,1.9600000381469727,2.140000104904175,837200
2020-03-19,2.190000057220459,2.2899999618530273,1.9800000190734863,2.0299999713897705,409200
2020-03-20,2.2899999618530273,2.2899999618530273,2.049999952316284,2.190000057220459,443600
2020-03-23,2.25,2.369999885559082,2.1500000953674316,2.299999952316284,325000
2020-03-24,2.2799999713897705,2.380000114440918,2.2200000286102295,2.299999952316284,244900
2020-03-25,2.299999952316284,2.3399999141693115,2.200000047683716,2.259999990463257,268400
2020-03-26,2.390000104904175,2.4000000953674316,2.2799999713897705,2.309999942779541,224800
2020-03-27,2.25,2.359999895095825,2.2200000286102295,2.309999942779541,192900
2020-03-30,2.309999942779541,2.3399999141693115,2.2200000286102295,2.2200000286102295,254400
2020-03-31,2.2200000286102295,2.359999895095825,2.180000066757202,2.3299999237060547,344000
2020-04-01,2.200000047683716,2.299999952316284,2.140000104904175,2.1600000858306885,301000
2020-04-02,2.2799999713897705,2.319999933242798,2.200000047683716,2.200000047683716,237300
2020-04-03,2.309999942779541,2.3299999237060547,2.2100000381469727,2.259999990463257,226300
2020-04-06,2.450000047683716,2.4600000381469727,2.3499999046325684,2.380000114440918,300300
2020-04-07,2.359999895095825,2.5299999713897705,2.309999942779541,2.4600000381469727,265600
2020-04-08,2.509999990463257,2.5999999046325684,2.4000000953674316,2.4000000953674316,267300
2020-04-09,2.5299999713897705,2.6600000858306885,2.5,2.5799999237060547,291800
2020-04-13,2.490000009536743,2.5899999141693115,2.4700000286102295,2.5,152800
2020-04-14,2.380000114440918,2.569999933242798,2.359999895095825,2.5299999713897705,237900
2020-04-15,2.390000104904175,2.4200000762939453,2.2899999618530273,2.2899999618530273,164000
2020-04-16,2.4000000953674316,2.450000047683716,2.380000114440918,2.4100000858306885,204600
2020-04-17,2.430000066757202,2.5,2.369999885559082,2.380000114440918,186000
2020-04-20,2.5299999713897705,2.619999885559082,2.430000066757202,2.430000066757202,240200
2020-04-21,2.630000114440918,2.6500000953674316,2.440000057220459,2.4800000190734863,170800
2020-04-22,2.6600000858306885,2.7100000381469727,2.5399999618530273,2.6500000953674316,145400
2020-04-23,2.5399999618530273,2.690000057220459,2.5,2.6500000953674316,104400
2020-04-24,2.5899999141693115,2.619999885559082,2.5,2.5299999713897705,64100
2020-04-27,2.680000066757202,2.7100000381469727,2.509999990463257,2.5999999046325684,102300
2020-04-28,2.640000104904175,2.7200000286102295,2.609999895095825,2.7200000286102295,61000
2020-04-29,2.630000114440918,2.7300000190734863,2.630000114440918,2.7100000381469727,136100
2020-04-30,2.5299999713897705,2.609999895095825,2.4100000858306885,2.5999999046325684,211800
2020-05-01,2.450000047683716,2.5199999809265137,2.4000000953674316,2.4800000190734863,142500
2020-05-04,2.430000066757202,2.4600000381469727,2.390000104904175,2.440000057220459,107400
2020-05-05,2.4200000762939453,2.490000009536743,2.4000000953674316,2.4700000286102295,76600
2020-05-06,2.390000104904175,2.4200000762939453,2.369999885559082,2.4000000953674316,82600
2020-05-07,2.390000104904175,2.4200000762939453,2.3399999141693115,2.4100000858306885,103800
2020-05-08,2.450000047683716,2.490000009536743,2.359999895095825,2.430000066757202,196300
2020-05-11,2.5,2.549999952316284,2.440000057220459,2.450000047683716,257600
2020-05-12,2.440000057220459,2.5799999237060547,2.430000066757202,2.5299999713897705,149400
2020-05-13,2.3299999237060547,2.430000066757202,2.299999952316284,2.430000066757202,145500
2020-05-14,2.2799999713897705,2.3299999237060547,2.259999990463257,2.2899999618530273,248600
2020-05-15,2.240000009536743,2.299999952316284,2.2300000190734863,2.2899999618530273,188000
2020-05-18,2.309999942779541,2.430000066757202,2.2699999809265137,2.2699999809265137,175000
2020-05-19,2.25,2.359999895095825,2.240000009536743,2.299999952316284,162700
2020-05-20,2.319999933242798,2.380000114440918,2.25,2.2799999713897705,149000
2020-05-21,2.319999933242798,2.369999885559082,2.299999952316284,2.319999933242798,82000
2020-05-22,2.5999999046325684,2.619999885559082,2.369999885559082,2.5899999141693115,344000
2020-05-26,2.5999999046325684,2.690000057220459,2.5899999141693115,2.680000066757202,176100
2020-05-27,2.569999933242798,2.680000066757202,2.5299999713897705,2.630000114440918,163100
2020-05-28,2.569999933242798,2.690000057220459,2.549999952316284,2.5999999046325684,142600
2020-05-29,2.5899999141693115,2.609999895095825,2.490000009536743,2.559999942779541,67500
2020-06-01,2.549999952316284,2.640000104904175,2.549999952316284,2.5899999141693115,147000
2020-06-02,2.5,2.5899999141693115,2.490000009536743,2.5799999237060547,81700
2020-06-03,2.9700000286102295,3.359999895095825,2.5199999809265137,2.5199999809265137,2833100
2020-06-04,3.190000057220459,3.2200000286102295,2.8299999237060547,2.9100000858306885,937300
2020-06-05,3.7200000286102295,3.799999952316284,3.0799999237060547,3.700000047683716,4023800
2020-06-08,3.869999885559082,3.9000000953674316,3.700000047683716,3.799999952316284,1236200
2020-06-09,3.7300000190734863,3.950000047683716,3.640000104904175,3.8499999046325684,982900
2020-06-10,3.990000009536743,4.300000190734863,3.7100000381469727,3.7300000190734863,1707100
2020-06-11,3.9800000190734863,3.9800000190734863,3.7300000190734863,3.890000104904175,854100
2020-06-12,4.010000228881836,4.130000114440918,3.9700000286102295,4.070000171661377,923600
2020-06-15,4.0,4.099999904632568,3.809999942779541,3.940000057220459,558200
2020-06-16,3.9700000286102295,4.050000190734863,3.8299999237060547,4.0,605000
2020-06-17,3.8499999046325684,4.03000020980835,3.8399999141693115,4.0,404000
2020-06-18,3.869999885559082,3.940000057220459,3.7799999713897705,3.7899999618530273,421000
2020-06-19,3.890000104904175,3.990000009536743,3.7799999713897705,3.7899999618530273,580200
2020-06-22,3.9200000762939453,3.930000066757202,3.7799999713897705,3.880000114440918,263600
2020-06-23,3.9800000190734863,4.099999904632568,3.940000057220459,3.990000009536743,381100
2020-06-24,3.950000047683716,3.9800000190734863,3.819999933242798,3.950000047683716,355100
2020-06-25,3.880000114440918,3.990000009536743,3.8399999141693115,3.940000057220459,293300
2020-06-26,4.079999923706055,4.25,3.759999990463257,3.890000104904175,858100
2020-06-29,4.059999942779541,4.170000076293945,4.010000228881836,4.099999904632568,271400
2020-06-30,4.090000152587891,4.199999809265137,4.0,4.050000190734863,252900
2020-07-01,4.050000190734863,4.139999866485596,4.039999961853027,4.070000171661377,280800
2020-07-02,4.130000114440918,4.340000152587891,4.070000171661377,4.119999885559082,1442700
2020-07-06,4.0,4.25,3.950000047683716,4.159999847412109,318100
2020-07-07,3.8499999046325684,4.0,3.7899999618530273,4.0,314500
2020-07-08,3.890000104904175,3.9200000762939453,3.759999990463257,3.8399999141693115,259700
2020-07-09,3.8499999046325684,3.9800000190734863,3.8399999141693115,3.890000104904175,288600
2020-07-10,3.819999933242798,3.930000066757202,3.75,3.859999895095825,201800
2020-07-13,3.7899999618530273,4.010000228881836,3.7799999713897705,3.8299999237060547,439300
2020-07-14,3.890000104904175,3.940000057220459,3.7799999713897705,3.8499999046325684,164100
2020-07-15,4.110000133514404,4.150000095367432,3.9000000953674316,3.950000047683716,272800
2020-07-16,4.090000152587891,4.170000076293945,4.039999961853027,4.090000152587891,222700
2020-07-17,4.010000228881836,4.079999923706055,3.9000000953674316,4.079999923706055,249800
2020-07-20,4.25,4.289999961853027,3.990000009536743,4.010000228881836,400300
2020-07-21,4.099999904632568,4.460000038146973,4.039999961853027,4.199999809265137,729600
2020-07-22,4.090000152587891,4.130000114440918,4.039999961853027,4.070000171661377,173900
2020-07-23,4.019999980926514,4.320000171661377,3.9600000381469727,4.079999923706055,434300
2020-07-24,4.070000171661377,4.130000114440918,3.9800000190734863,3.9800000190734863,143700
2020-07-27,4.039999961853027,4.119999885559082,3.9800000190734863,4.010000228881836,176300
2020-07-28,4.090000152587891,4.179999828338623,4.03000020980835,4.03000020980835,240300
2020-07-29,4.090000152587891,4.25,3.990000009536743,4.119999885559082,199900
2020-07-30,4.039999961853027,4.099999904632568,3.9800000190734863,4.050000190734863,193100
2020-07-31,3.9600000381469727,4.039999961853027,3.890000104904175,4.019999980926514,227600
2020-08-03,3.9700000286102295,4.059999942779541,3.9100000858306885,3.930000066757202,112800
2020-08-04,3.9700000286102295,4.010000228881836,3.940000057220459,3.9700000286102295,98300
2020-08-05,3.950000047683716,4.010000228881836,3.9000000953674316,4.010000228881836,176900
2020-08-06,4.039999961853027,4.150000095367432,3.940000057220459,3.940000057220459,327600
2020-08-07,4.139999866485596,4.199999809265137,4.039999961853027,4.059999942779541,426200
2020-08-10,4.099999904632568,4.25,3.930000066757202,4.199999809265137,623600
2020-08-11,4.099999904632568,4.190000057220459,4.059999942779541,4.150000095367432,373700
2020-08-12,4.110000133514404,4.210000038146973,4.070000171661377,4.179999828338623,207900
2020-08-13,4.130000114440918,4.199999809265137,4.070000171661377,4.119999885559082,255700
2020-08-14,4.0,4.130000114440918,3.9600000381469727,4.130000114440918,263300
2020-08-17,4.03000020980835,4.050000190734863,3.9600000381469727,4.019999980926514,138600
2020-08-18,3.9700000286102295,4.03000020980835,3.8299999237060547,3.990000009536743,478200
2020-08-19,3.9800000190734863,4.010000228881836,3.9200000762939453,3.9700000286102295,119400
2020-08-20,3.990000009536743,4.0,3.9200000762939453,3.9600000381469727,80400
2020-08-21,3.9200000762939453,4.010000228881836,3.9100000858306885,4.0,163300
2020-08-24,3.9800000190734863,4.010000228881836,3.869999885559082,3.890000104904175,206300
2020-08-25,3.9700000286102295,4.010000228881836,3.9600000381469727,3.990000009536743,306300
2020-08-26,3.940000057220459,4.0,3.890000104904175,3.990000009536743,230700
2020-08-27,3.8499999046325684,3.9700000286102295,3.809999942779541,3.9700000286102295,114700
2020-08-28,3.8399999141693115,3.9100000858306885,3.740000009536743,3.8399999141693115,185700
2020-08-31,3.799999952316284,3.8499999046325684,3.7200000286102295,3.8299999237060547,182900
2020-09-01,3.819999933242798,3.819999933242798,3.7200000286102295,3.759999990463257,191400
2020-09-02,3.819999933242798,3.9100000858306885,3.809999942779541,3.809999942779541,79900
2020-09-03,3.75,3.859999895095825,3.7200000286102295,3.819999933242798,140600
2020-09-04,3.799999952316284,3.8399999141693115,3.6600000858306885,3.759999990463257,167100
2020-09-08,3.690000057220459,3.859999895095825,3.6600000858306885,3.7799999713897705,249000
2020-09-09,3.819999933242798,3.9200000762939453,3.7799999713897705,3.7799999713897705,229700
2020-09-10,3.819999933242798,3.930000066757202,3.819999933242798,3.8399999141693115,112400
2020-09-11,3.759999990463257,3.859999895095825,3.740000009536743,3.799999952316284,108700
2020-09-14,3.7899999618530273,3.8499999046325684,3.7699999809265137,3.7799999713897705,80300
2020-09-15,3.7899999618530273,3.8499999046325684,3.7799999713897705,3.799999952316284,115700
2020-09-16,3.7899999618530273,3.9100000858306885,3.7699999809265137,3.869999885559082,179500
2020-09-17,3.799999952316284,3.8399999141693115,3.5799999237060547,3.740000009536743,46600
2020-09-18,3.799999952316284,3.880000114440918,3.740000009536743,3.8399999141693115,183100
2020-09-21,3.609999895095825,3.799999952316284,3.5899999141693115,3.7300000190734863,246600
2020-09-22,3.5199999809265137,3.700000047683716,3.4600000381469727,3.5999999046325684,389500
2020-09-23,3.4800000190734863,3.619999885559082,3.4600000381469727,3.5299999713897705,195900
2020-09-24,3.380000114440918,3.509999990463257,3.319999933242798,3.490000009536743,286000
2020-09-25,3.380000114440918,3.4700000286102295,3.3499999046325684,3.380000114440918,122500
2020-09-28,3.509999990463257,3.630000114440918,3.450000047683716,3.450000047683716,412900
2020-09-29,3.450000047683716,3.5999999046325684,3.430000066757202,3.5,70500
2020-09-30,3.4700000286102295,3.5399999618530273,3.440000057220459,3.4700000286102295,42300
2020-10-01,3.5199999809265137,3.5799999237060547,3.490000009536743,3.490000009536743,140400
2020-10-02,3.4100000858306885,3.490000009536743,3.390000104904175,3.4200000762939453,117300
2020-10-05,3.369999885559082,3.5299999713897705,3.359999895095825,3.440000057220459,119200
2020-10-06,3.3399999141693115,3.4000000953674316,3.3299999237060547,3.369999885559082,131900
2020-10-07,3.3299999237060547,3.369999885559082,3.299999952316284,3.369999885559082,192200
2020-10-08,3.259999990463257,3.359999895095825,3.25,3.3499999046325684,282300
2020-10-09,3.380000114440918,3.4200000762939453,3.3499999046325684,3.359999895095825,163300
2020-10-12,3.390000104904175,3.450000047683716,3.319999933242798,3.4000000953674316,92000
2020-10-13,3.3499999046325684,3.369999885559082,3.3299999237060547,3.359999895095825,77800
2020-10-14,3.319999933242798,3.390000104904175,3.2899999618530273,3.3499999046325684,223600
2020-10-15,3.3299999237060547,3.4700000286102295,3.2899999618530273,3.309999942779541,128700
2020-10-16,3.259999990463257,3.390000104904175,3.240000009536743,3.309999942779541,219500
2020-10-19,3.200000047683716,3.309999942779541,3.1600000858306885,3.259999990463257,144900
2020-10-20,3.2200000286102295,3.2899999618530273,3.1600000858306885,3.2200000286102295,221900
2020-10-21,3.240000009536743,3.2699999809265137,3.0799999237060547,3.2100000381469727,179700
2020-10-22,3.359999895095825,3.4100000858306885,3.240000009536743,3.240000009536743,108500
2020-10-23,3.3499999046325684,3.390000104904175,3.2899999618530273,3.359999895095825,61200
2020-10-26,3.299999952316284,3.3399999141693115,3.180000066757202,3.3399999141693115,77000
2020-10-27,3.200000047683716,3.2799999713897705,3.0999999046325684,3.2799999713897705,440100
2020-10-28,3.180000066757202,3.2300000190734863,3.059999942779541,3.180000066757202,127800
2020-10-29,3.2200000286102295,3.25,3.1500000953674316,3.180000066757202,91200
2020-10-30,3.1500000953674316,3.2300000190734863,3.119999885559082,3.2300000190734863,99300
2020-11-02,3.2100000381469727,3.2699999809265137,3.140000104904175,3.1500000953674316,106900
2020-11-03,3.2799999713897705,3.359999895095825,3.2200000286102295,3.259999990463257,111800
2020-11-04,3.359999895095825,3.369999885559082,3.25,3.2799999713897705,94000
2020-11-05,3.640000104904175,3.690000057220459,3.450000047683716,3.450000047683716,392000
2020-11-06,3.5899999141693115,3.7100000381469727,3.4000000953674316,3.6500000953674316,188400
2020-11-09,3.5899999141693115,3.880000114440918,3.5199999809265137,3.880000114440918,423900
2020-11-10,3.640000104904175,3.700000047683716,3.549999952316284,3.6500000953674316,628000
2020-11-11,3.5999999046325684,3.700000047683716,3.5399999618530273,3.680000066757202,134600
2020-11-12,3.630000114440918,3.640000104904175,3.509999990463257,3.5899999141693115,246700
2020-11-13,3.5,3.7200000286102295,3.4800000190734863,3.640000104904175,165000
2020-11-16,3.8299999237060547,3.9000000953674316,3.559999942779541,3.559999942779541,273400
2020-11-17,3.7899999618530273,3.8299999237060547,3.759999990463257,3.819999933242798,93500
2020-11-18,3.7100000381469727,3.7899999618530273,3.700000047683716,3.7899999618530273,160600
2020-11-19,3.680000066757202,3.7699999809265137,3.549999952316284,3.7699999809265137,113900
2020-11-20,3.700000047683716,3.7200000286102295,3.5,3.6500000953674316,140800
2020-11-23,3.740000009536743,3.819999933242798,3.619999885559082,3.740000009536743,174300
2020-11-24,3.7699999809265137,3.8499999046325684,3.6600000858306885,3.7799999713897705,263900
2020-11-25,3.7799999713897705,3.819999933242798,3.7200000286102295,3.759999990463257,208900
2020-11-27,3.700000047683716,3.819999933242798,3.619999885559082,3.7699999809265137,155300
2020-11-30,3.690000057220459,3.990000009536743,3.609999895095825,3.6600000858306885,1048800
2020-12-01,3.700000047683716,3.7699999809265137,3.6600000858306885,3.75,356100
2020-12-02,3.6700000762939453,3.7699999809265137,3.640000104904175,3.680000066757202,173300
2020-12-03,3.6500000953674316,3.7100000381469727,3.630000114440918,3.6700000762939453,151400
2020-12-04,3.630000114440918,3.7100000381469727,3.5999999046325684,3.6500000953674316,135400
2020-12-07,3.569999933242798,3.6500000953674316,3.559999942779541,3.6500000953674316,90100
2020-12-08,3.5299999713897705,3.5799999237060547,3.4800000190734863,3.5799999237060547,253200
2020-12-09,3.5899999141693115,3.7200000286102295,3.5299999713897705,3.549999952316284,204600
2020-12-10,3.680000066757202,3.700000047683716,3.509999990463257,3.5899999141693115,150300
2020-12-11,3.7899999618530273,4.0,3.680000066757202,3.680000066757202,707200
2020-12-14,3.8399999141693115,3.9200000762939453,3.819999933242798,3.9100000858306885,299300
2020-12-15,3.759999990463257,3.9200000762939453,3.75,3.869999885559082,283300
2020-12-16,3.740000009536743,3.809999942779541,3.700000047683716,3.7699999809265137,290200
2020-12-17,4.010000228881836,4.050000190734863,3.7100000381469727,3.75,935300
2020-12-18,4.010000228881836,4.269999980926514,3.8299999237060547,3.890000104904175,1228000
2020-12-21,4.0,4.190000057220459,3.8499999046325684,4.03000020980835,552500
2020-12-22,3.9800000190734863,4.159999847412109,3.9600000381469727,4.019999980926514,438200
2020-12-23,4.110000133514404,4.210000038146973,4.010000228881836,4.039999961853027,336500
2020-12-24,4.099999904632568,4.25,4.090000152587891,4.190000057220459,256500
2020-12-28,4.130000114440918,4.28000020980835,4.070000171661377,4.159999847412109,391600
2020-12-29,4.019999980926514,4.150000095367432,3.930000066757202,4.110000133514404,338300
2020-12-30,3.990000009536743,4.139999866485596,3.9000000953674316,4.019999980926514,313700
2020-12-31,3.940000057220459,4.010000228881836,3.9100000858306885,4.0,317200
2021-01-04,3.799999952316284,3.990000009536743,3.799999952316284,3.950000047683716,315600
2021-01-05,3.990000009536743,4.059999942779541,3.7799999713897705,3.7799999713897705,451800
2021-01-06,3.9000000953674316,4.070000171661377,3.880000114440918,4.019999980926514,329700
2021-01-07,4.21999979019165,4.400000095367432,3.9100000858306885,3.9200000762939453,720000
2021-01-08,4.380000114440918,4.400000095367432,4.170000076293945,4.199999809265137,480800
2021-01-11,4.230000019073486,4.550000190734863,4.150000095367432,4.369999885559082,672000
2021-01-12,4.340000152587891,4.369999885559082,4.150000095367432,4.210000038146973,294400
2021-01-13,4.300000190734863,4.380000114440918,4.28000020980835,4.349999904632568,550600
2021-01-14,5.090000152587891,5.570000171661377,4.329999923706055,4.389999866485596,4131400
2021-01-15,5.159999847412109,5.260000228881836,4.78000020980835,4.920000076293945,1509400
2021-01-19,5.599999904632568,5.760000228881836,5.369999885559082,5.650000095367432,2659300
2021-01-20,5.690000057220459,6.019999980926514,5.289999961853027,5.699999809265137,1921400
2021-01-21,6.110000133514404,6.25,5.460000038146973,5.579999923706055,1238300
2021-01-22,5.739999771118164,6.050000190734863,5.650000095367432,6.0,1538900
2021-01-25,5.599999904632568,5.78000020980835,5.099999904632568,5.590000152587891,1652500
2021-01-26,5.949999809265137,6.099999904632568,5.670000076293945,5.690000057220459,1404100
2021-01-27,5.659999847412109,5.849999904632568,5.300000190734863,5.75,1150600
2021-01-28,5.659999847412109,5.710000038146973,5.409999847412109,5.659999847412109,542700
2021-01-29,5.599999904632568,6.050000190734863,5.559999942779541,5.710000038146973,952900
2021-02-01,5.980000019073486,6.139999866485596,5.699999809265137,5.769999980926514,904100
2021-02-02,6.420000076293945,6.650000095367432,5.989999771118164,6.010000228881836,3220700
2021-02-03,7.079999923706055,7.239999771118164,6.409999847412109,6.409999847412109,2743600
2021-02-04,7.300000190734863,7.699999809265137,6.900000095367432,7.320000171661377,2308700
2021-02-05,7.150000095367432,7.5,6.869999885559082,7.480000019073486,2070900
2021-02-08,7.179999828338623,7.269999980926514,6.639999866485596,7.159999847412109,1964300
2021-02-09,7.489999771118164,7.940000057220459,7.179999828338623,7.199999809265137,1927200
2021-02-10,8.050000190734863,8.5,7.420000076293945,7.650000095367432,3002700
2021-02-11,7.860000133514404,8.300000190734863,7.559999942779541,8.239999771118164,1328100
2021-02-12,8.0,8.079999923706055,7.440000057220459,7.920000076293945,1291500
2021-02-16,7.860000133514404,8.399999618530273,7.789999961853027,8.170000076293945,1427100
2021-02-17,8.119999885559082,8.449999809265137,7.840000152587891,7.849999904632568,1203400
2021-02-18,7.989999771118164,8.210000038146973,7.670000076293945,7.96999979019165,1044000
2021-02-19,8.5,8.770000457763672,8.020000457763672,8.020000457763672,2815300
2021-02-22,8.300000190734863,9.09000015258789,8.020000457763672,8.539999961853027,3037300
2021-02-23,8.130000114440918,8.210000038146973,7.389999866485596,7.920000076293945,1386700
2021-02-24,7.809999942779541,8.270000457763672,7.590000152587891,8.0,1333700
2021-02-25,7.559999942779541,7.900000095367432,7.400000095367432,7.670000076293945,1213600
2021-02-26,7.099999904632568,7.599999904632568,6.809999942779541,7.550000190734863,1649100
2021-03-01,7.119999885559082,7.420000076293945,7.079999923706055,7.300000190734863,961500
2021-03-02,7.110000133514404,7.150000095367432,6.769999980926514,7.150000095367432,1621000
2021-03-03,6.860000133514404,7.28000020980835,6.860000133514404,7.199999809265137,1058000
2021-03-04,6.429999828338623,6.940000057220459,5.880000114440918,6.829999923706055,1935100
2021-03-05,6.519999980926514,6.590000152587891,5.860000133514404,6.420000076293945,1208300
2021-03-08,6.389999866485596,6.730000019073486,6.360000133514404,6.599999904632568,694700
2021-03-09,6.53000020980835,6.730000019073486,6.389999866485596,6.5,778900
2021-03-10,6.480000019073486,6.900000095367432,6.409999847412109,6.630000114440918,601000
2021-03-11,6.460000038146973,6.650000095367432,6.25,6.510000228881836,978400
2021-03-12,6.389999866485596,6.510000228881836,6.25,6.389999866485596,859200
2021-03-15,6.389999866485596,6.559999942779541,6.289999961853027,6.449999809265137,743400
2021-03-16,6.110000133514404,6.369999885559082,6.03000020980835,6.369999885559082,1239600
2021-03-17,6.349999904632568,6.460000038146973,5.880000114440918,6.110000133514404,881200
2021-03-18,6.039999961853027,6.389999866485596,6.0,6.300000190734863,811200
2021-03-19,5.820000171661377,6.099999904632568,5.78000020980835,6.0,1992300
2021-03-22,5.869999885559082,6.170000076293945,5.860000133514404,5.980000019073486,1410700
2021-03-23,5.679999828338623,5.860000133514404,5.650000095367432,5.860000133514404,782100
2021-03-24,5.71999979019165,5.869999885559082,5.650000095367432,5.699999809265137,1019600
2021-03-25,6.059999942779541,6.079999923706055,5.550000190734863,5.71999979019165,1307700
2021-03-26,6.070000171661377,6.199999809265137,5.78000020980835,6.079999923706055,974800
2021-03-29,6.150000095367432,6.349999904632568,5.71999979019165,6.21999979019165,1216400
2021-03-30,6.110000133514404,6.619999885559082,5.96999979019165,6.429999828338623,1094300
2021-03-31,6.650000095367432,6.730000019073486,6.21999979019165,6.309999942779541,961800
2021-04-01,6.389999866485596,6.789999961853027,6.230000019073486,6.690000057220459,836700
2021-04-05,6.320000171661377,6.489999771118164,6.050000190734863,6.489999771118164,755000
2021-04-06,6.289999961853027,6.460000038146973,6.25,6.28000020980835,396700
2021-04-07,6.21999979019165,6.289999961853027,6.079999923706055,6.269999980926514,479600
2021-04-08,6.46999979019165,6.489999771118164,6.25,6.25,464400
2021-04-09,6.559999942779541,6.610000133514404,6.429999828338623,6.46999979019165,540300
2021-04-12,6.679999828338623,6.860000133514404,6.579999923706055,6.650000095367432,811200
2021-04-13,6.340000152587891,6.650000095367432,6.239999771118164,6.650000095367432,567000
2021-04-14,5.920000076293945,6.440000057220459,5.900000095367432,6.300000190734863,815500
2021-04-15,6.019999980926514,6.260000228881836,5.909999847412109,5.989999771118164,694900
2021-04-16,5.960000038146973,6.039999961853027,5.650000095367432,6.039999961853027,1095900
2021-04-19,5.789999961853027,6.039999961853027,5.760000228881836,5.909999847412109,661100
2021-04-20,5.449999809265137,5.739999771118164,5.389999866485596,5.739999771118164,699200
2021-04-21,5.78000020980835,5.869999885559082,5.489999771118164,5.559999942779541,439000
2021-04-22,5.78000020980835,5.909999847412109,5.730000019073486,5.800000190734863,297800
2021-04-23,6.0,6.070000171661377,5.75,5.820000171661377,358800
2021-04-26,6.110000133514404,6.139999866485596,5.800000190734863,5.829999923706055,422500
2021-04-27,6.090000152587891,6.28000020980835,6.039999961853027,6.179999828338623,301400
2021-04-28,6.119999885559082,6.170000076293945,6.010000228881836,6.110000133514404,257400
2021-04-29,6.139999866485596,6.21999979019165,6.079999923706055,6.199999809265137,337100
2021-04-30,6.079999923706055,6.170000076293945,5.989999771118164,6.110000133514404,331500
2021-05-03,6.190000057220459,6.21999979019165,5.960000038146973,6.119999885559082,311500
2021-05-04,5.889999866485596,6.179999828338623,5.809999942779541,6.170000076293945,521600
2021-05-05,5.940000057220459,6.079999923706055,5.679999828338623,5.920000076293945,445000
2021-05-06,5.909999847412109,5.929999828338623,5.659999847412109,5.929999828338623,333600
2021-05-07,5.949999809265137,6.03000020980835,5.829999923706055,5.909999847412109,446400
2021-05-10,5.539999961853027,5.96999979019165,5.53000020980835,5.96999979019165,344000
2021-05-11,5.800000190734863,5.820000171661377,5.199999809265137,5.420000076293945,627900
2021-05-12,5.480000019073486,5.730000019073486,5.440000057220459,5.699999809265137,539500
2021-05-13,5.400000095367432,5.659999847412109,5.260000228881836,5.510000228881836,435900
2021-05-14,5.480000019073486,5.539999961853027,5.380000114440918,5.480000019073486,407100
2021-05-17,5.349999904632568,5.630000114440918,5.260000228881836,5.510000228881836,505800
2021-05-18,5.199999809265137,5.420000076293945,5.199999809265137,5.289999961853027,481500
2021-05-19,5.579999923706055,5.619999885559082,5.090000152587891,5.179999828338623,510800
2021-05-20,5.579999923706055,5.619999885559082,5.380000114440918,5.590000152587891,367800
2021-05-21,5.510000228881836,5.710000038146973,5.46999979019165,5.639999866485596,256100
2021-05-24,5.599999904632568,5.619999885559082,5.5,5.53000020980835,281200
2021-05-25,5.449999809265137,5.670000076293945,5.409999847412109,5.599999904632568,339700
2021-05-26,5.320000171661377,5.53000020980835,5.289999961853027,5.480000019073486,460400
2021-05-27,5.300000190734863,5.400000095367432,5.289999961853027,5.369999885559082,269600
2021-05-28,5.349999904632568,5.380000114440918,5.289999961853027,5.309999942779541,333600
2021-06-01,5.489999771118164,5.519999980926514,5.300000190734863,5.369999885559082,400400
2021-06-02,5.380000114440918,5.5,5.349999904632568,5.5,322800
2021-06-03,5.389999866485596,5.420000076293945,5.25,5.349999904632568,364100
2021-06-04,5.289999961853027,5.460000038146973,5.260000228881836,5.429999828338623,443200
2021-06-07,5.75,5.789999961853027,5.28000020980835,5.309999942779541,514900
2021-06-08,6.519999980926514,6.929999828338623,5.670000076293945,5.769999980926514,2444600
2021-06-09,6.559999942779541,6.980000019073486,6.480000019073486,6.53000020980835,1038200
2021-06-10,6.25,6.599999904632568,6.159999847412109,6.550000190734863,521800
2021-06-11,6.429999828338623,6.489999771118164,6.190000057220459,6.300000190734863,204400
2021-06-14,6.079999923706055,6.53000020980835,6.039999961853027,6.489999771118164,374100
2021-06-15,6.110000133514404,6.130000114440918,5.96999979019165,6.03000020980835,317300
2021-06-16,6.170000076293945,6.230000019073486,6.019999980926514,6.070000171661377,300400
2021-06-17,6.239999771118164,6.28000020980835,6.059999942779541,6.119999885559082,339700
2021-06-18,6.130000114440918,6.289999961853027,6.0,6.190000057220459,355400
2021-06-21,6.130000114440918,6.210000038146973,6.079999923706055,6.139999866485596,223500
2021-06-22,6.110000133514404,6.139999866485596,6.019999980926514,6.090000152587891,198700
2021-06-23,6.239999771118164,6.360000133514404,6.110000133514404,6.139999866485596,318600
2021-06-24,6.449999809265137,6.460000038146973,6.239999771118164,6.289999961853027,238900
2021-06-25,6.510000228881836,6.659999847412109,6.449999809265137,6.5,793800
2021-06-28,6.400000095367432,6.570000171661377,6.329999923706055,6.519999980926514,242500
2021-06-29,6.340000152587891,6.449999809265137,6.199999809265137,6.449999809265137,198200
2021-06-30,6.760000228881836,6.769999980926514,6.309999942779541,6.340000152587891,515900
2021-07-01,6.460000038146973,6.869999885559082,6.360000133514404,6.800000190734863,343000
2021-07-02,6.420000076293945,6.489999771118164,6.269999980926514,6.480000019073486,182200
2021-07-06,6.190000057220459,6.440000057220459,6.090000152587891,6.440000057220459,256400
2021-07-07,5.980000019073486,6.21999979019165,5.96999979019165,6.210000038146973,208600
2021-07-08,5.880000114440918,6.010000228881836,5.199999809265137,5.800000190734863,439000
2021-07-09,6.119999885559082,6.170000076293945,5.860000133514404,5.909999847412109,202500
2021-07-12,6.099999904632568,6.179999828338623,5.949999809265137,6.070000171661377,105300
2021-07-13,6.070000171661377,6.190000057220459,6.050000190734863,6.059999942779541,155400
2021-07-14,5.900000095367432,6.150000095367432,5.869999885559082,6.070000171661377,186700
2021-07-15,5.800000190734863,5.940000057220459,5.769999980926514,5.880000114440918,131100
2021-07-16,5.539999961853027,6.170000076293945,5.5,6.170000076293945,372400
2021-07-19,5.809999942779541,5.96999979019165,5.429999828338623,5.440000057220459,370400
2021-07-20,6.050000190734863,6.199999809265137,5.71999979019165,5.769999980926514,397900
2021-07-21,6.230000019073486,6.340000152587891,6.050000190734863,6.050000190734863,211100
2021-07-22,5.940000057220459,6.409999847412109,5.889999866485596,6.409999847412109,130200
2021-07-23,5.849999904632568,5.980000019073486,5.78000020980835,5.96999979019165,195300
2021-07-26,5.840000152587891,5.96999979019165,5.78000020980835,5.849999904632568,140700
2021-07-27,5.670000076293945,5.789999961853027,5.579999923706055,5.78000020980835,227600
2021-07-28,5.75,5.820000171661377,5.650000095367432,5.730000019073486,172700
2021-07-29,5.679999828338623,5.840000152587891,5.659999847412109,5.760000228881836,209900
2021-07-30,5.639999866485596,5.75,5.599999904632568,5.659999847412109,175500
2021-08-02,5.75,5.869999885559082,5.599999904632568,5.659999847412109,167200
2021-08-03,5.639999866485596,5.849999904632568,5.550000190734863,5.78000020980835,148800
2021-08-04,5.630000114440918,5.739999771118164,5.510000228881836,5.570000171661377,108700
2021-08-05,5.809999942779541,5.829999923706055,5.650000095367432,5.650000095367432,141300
2021-08-06,5.920000076293945,5.980000019073486,5.739999771118164,5.869999885559082,120200
2021-08-09,5.929999828338623,5.989999771118164,5.710000038146973,5.710000038146973,81600
2021-08-10,5.949999809265137,6.0,5.829999923706055,5.929999828338623,149000
2021-08-11,6.019999980926514,6.039999961853027,5.730000019073486,5.989999771118164,120400
2021-08-12,5.829999923706055,6.019999980926514,5.769999980926514,6.010000228881836,213100
2021-08-13,5.75,5.889999866485596,5.699999809265137,5.860000133514404,220300
2021-08-16,5.550000190734863,5.840000152587891,5.510000228881836,5.760000228881836,414700
2021-08-17,5.46999979019165,5.619999885559082,5.440000057220459,5.5,185900
2021-08-18,5.449999809265137,5.690000057220459,5.340000152587891,5.46999979019165,153100
2021-08-19,5.389999866485596,5.510000228881836,5.309999942779541,5.409999847412109,186900
2021-08-20,5.5,5.519999980926514,5.340000152587891,5.340000152587891,168100
2021-08-23,5.840000152587891,5.909999847412109,5.570000171661377,5.570000171661377,134100
2021-08-24,5.849999904632568,5.980000019073486,5.809999942779541,5.849999904632568,145900
2021-08-25,5.730000019073486,5.869999885559082,5.699999809265137,5.829999923706055,379600
2021-08-26,5.650000095367432,5.860000133514404,5.630000114440918,5.710000038146973,134000
2021-08-27,5.71999979019165,5.869999885559082,5.639999866485596,5.639999866485596,176800
2021-08-30,5.889999866485596,5.960000038146973,5.659999847412109,5.75,493600
2021-08-31,6.090000152587891,6.150000095367432,5.900000095367432,5.940000057220459,535200
2021-09-01,6.320000171661377,6.739999771118164,6.019999980926514,6.090000152587891,1231200
2021-09-02,6.389999866485596,6.630000114440918,5.699999809265137,6.309999942779541,872400
2021-09-03,6.590000152587891,6.599999904632568,6.269999980926514,6.360000133514404,354500
2021-09-07,6.730000019073486,6.869999885559082,6.5,6.610000133514404,327800
2021-09-08,6.360000133514404,6.650000095367432,6.329999923706055,6.650000095367432,316500
2021-09-09,6.300000190734863,6.480000019073486,6.269999980926514,6.309999942779541,224100
2021-09-10,6.909999847412109,7.039999961853027,6.300000190734863,6.329999923706055,1381400
2021-09-13,6.699999809265137,6.880000114440918,6.449999809265137,6.880000114440918,417900
2021-09-14,6.550000190734863,6.820000171661377,6.5,6.690000057220459,362900
2021-09-15,6.309999942779541,6.550000190734863,6.25,6.5,249200
2021-09-16,6.710000038146973,6.75,6.320000171661377,6.369999885559082,527300
2021-09-17,6.949999809265137,7.059999942779541,6.710000038146973,6.800000190734863,1222300
2021-09-20,6.539999961853027,6.889999866485596,6.429999828338623,6.710000038146973,389900
2021-09-21,6.699999809265137,6.75,6.429999828338623,6.590000152587891,220300
2021-09-22,6.639999866485596,6.730000019073486,6.460000038146973,6.699999809265137,216300
2021-09-23,7.150000095367432,7.199999809265137,6.75,6.800000190734863,811900
2021-09-24,7.139999866485596,7.539999961853027,6.96999979019165,6.980000019073486,895800
2021-09-27,7.070000171661377,7.320000171661377,7.010000228881836,7.170000076293945,326500
2021-09-28,6.78000020980835,7.039999961853027,6.730000019073486,7.03000020980835,370800
2021-09-29,7.0,7.190000057220459,6.820000171661377,6.820000171661377,477300
2021-09-30,6.789999961853027,7.320000171661377,6.760000228881836,7.199999809265137,2100900
2021-10-01,6.880000114440918,7.050000190734863,6.769999980926514,6.949999809265137,748900
2021-10-04,6.269999980926514,6.889999866485596,6.210000038146973,6.829999923706055,878800
2021-10-05,6.070000171661377,6.300000190734863,5.809999942779541,6.28000020980835,1092400
2021-10-06,5.920000076293945,5.989999771118164,5.789999961853027,5.960000038146973,588000
2021-10-07,6.03000020980835,6.070000171661377,5.829999923706055,6.03000020980835,358000
2021-10-08,5.840000152587891,5.980000019073486,5.769999980926514,5.949999809265137,463700
2021-10-11,5.75,6.059999942779541,5.71999979019165,5.900000095367432,267700
2021-10-12,5.53000020980835,5.760000228881836,5.440000057220459,5.739999771118164,697700
2021-10-13,5.619999885559082,5.670000076293945,5.420000076293945,5.539999961853027,304600
2021-10-14,5.519999980926514,5.730000019073486,5.46999979019165,5.659999847412109,336100
2021-10-15,5.489999771118164,5.71999979019165,5.489999771118164,5.630000114440918,296300
2021-10-18,5.5,5.53000020980835,5.329999923706055,5.510000228881836,474600
2021-10-19,5.710000038146973,5.739999771118164,5.420000076293945,5.519999980926514,322700
2021-10-20,5.809999942779541,5.820000171661377,5.659999847412109,5.71999979019165,169800
2021-10-21,5.679999828338623,5.909999847412109,5.630000114440918,5.78000020980835,210500
2021-10-22,5.53000020980835,5.679999828338623,5.460000038146973,5.630000114440918,305100
2021-10-25,5.489999771118164,5.599999904632568,5.429999828338623,5.449999809265137,220100
2021-10-26,5.440000057220459,5.5,5.369999885559082,5.5,190600
2021-10-27,5.400000095367432,5.5,5.369999885559082,5.400000095367432,130700
2021-10-28,5.610000133514404,5.650000095367432,5.380000114440918,5.389999866485596,247500
2021-10-29,5.730000019073486,5.769999980926514,5.619999885559082,5.630000114440918,224700
2021-11-01,5.860000133514404,5.989999771118164,5.730000019073486,5.78000020980835,225000
2021-11-02,5.53000020980835,5.949999809265137,5.519999980926514,5.900000095367432,288700
2021-11-03,5.510000228881836,5.599999904632568,5.480000019073486,5.53000020980835,244800
2021-11-04,5.409999847412109,5.570000171661377,5.349999904632568,5.510000228881836,289100
2021-11-05,5.510000228881836,5.590000152587891,5.409999847412109,5.449999809265137,373200
2021-11-08,5.510000228881836,5.610000133514404,5.5,5.559999942779541,155700
2021-11-09,5.710000038146973,6.159999847412109,5.449999809265137,5.5,920200
2021-11-10,5.5,5.710000038146973,5.320000171661377,5.630000114440918,397600
2021-11-11,5.420000076293945,5.599999904632568,5.400000095367432,5.510000228881836,186500
2021-11-12,5.510000228881836,5.53000020980835,5.380000114440918,5.420000076293945,150400
2021-11-15,5.519999980926514,5.599999904632568,5.420000076293945,5.539999961853027,273500
2021-11-16,5.800000190734863,5.829999923706055,5.409999847412109,5.559999942779541,447900
2021-11-17,5.670000076293945,5.800000190734863,5.619999885559082,5.75,278600
2021-11-18,5.519999980926514,5.710000038146973,5.269999980926514,5.659999847412109,548700
2021-11-19,5.340000152587891,5.570000171661377,5.329999923706055,5.480000019073486,199000
2021-11-22,5.239999771118164,5.489999771118164,5.230000019073486,5.360000133514404,485600
2021-11-23,5.28000020980835,5.329999923706055,5.059999942779541,5.239999771118164,465100
2021-11-24,5.329999923706055,5.380000114440918,5.150000095367432,5.239999771118164,184700
2021-11-26,5.190000057220459,5.28000020980835,5.0,5.010000228881836,265300
2021-11-29,5.079999923706055,5.289999961853027,4.949999809265137,5.289999961853027,493200
2021-11-30,4.900000095367432,5.099999904632568,4.840000152587891,4.989999771118164,333400
2021-12-01,4.71999979019165,5.099999904632568,4.670000076293945,5.070000171661377,478600
2021-12-02,4.980000019073486,5.090000152587891,4.739999771118164,4.760000228881836,423100
2021-12-03,4.820000171661377,4.980000019073486,4.659999847412109,4.980000019073486,356000
2021-12-06,4.599999904632568,4.869999885559082,4.579999923706055,4.869999885559082,296900
2021-12-07,4.760000228881836,4.829999923706055,4.610000133514404,4.610000133514404,346200
2021-12-08,5.110000133514404,5.179999828338623,4.78000020980835,4.800000190734863,244700
2021-12-09,5.150000095367432,5.199999809265137,5.03000020980835,5.059999942779541,257200
2021-12-10,5.159999847412109,5.190000057220459,5.039999961853027,5.099999904632568,273400
2021-12-13,5.079999923706055,5.21999979019165,5.0,5.090000152587891,306000
2021-12-14,4.800000190734863,5.079999923706055,4.71999979019165,4.949999809265137,379800
2021-12-15,4.949999809265137,5.0,4.760000228881836,4.809999942779541,370200
2021-12-16,4.909999847412109,5.079999923706055,4.880000114440918,4.940000057220459,301200
2021-12-17,4.989999771118164,5.119999885559082,4.75,4.829999923706055,431600
2021-12-20,4.75,4.900000095367432,4.659999847412109,4.880000114440918,320800
2021-12-21,4.960000038146973,4.989999771118164,4.75,4.75,295800
2021-12-22,5.21999979019165,5.239999771118164,4.989999771118164,5.119999885559082,496100
2021-12-23,5.230000019073486,5.320000171661377,5.179999828338623,5.21999979019165,187000
2021-12-27,5.28000020980835,5.340000152587891,5.119999885559082,5.230000019073486,299800
2021-12-28,5.260000228881836,5.349999904632568,5.210000038146973,5.260000228881836,264100
2021-12-29,5.159999847412109,5.289999961853027,5.130000114440918,5.21999979019165,277000
2021-12-30,5.210000038146973,5.409999847412109,5.159999847412109,5.159999847412109,339800
2021-12-31,5.130000114440918,5.309999942779541,5.110000133514404,5.190000057220459,613700
2022-01-03,5.340000152587891,5.400000095367432,5.179999828338623,5.179999828338623,260400
2022-01-04,5.210000038146973,5.360000133514404,5.190000057220459,5.349999904632568,217600
2022-01-05,5.070000171661377,5.349999904632568,5.059999942779541,5.199999809265137,298400
2022-01-06,5.059999942779541,5.269999980926514,4.980000019073486,5.269999980926514,301000
2022-01-07,5.070000171661377,5.110000133514404,4.949999809265137,5.03000020980835,241300
2022-01-10,4.989999771118164,5.03000020980835,4.889999866485596,5.03000020980835,261800
2022-01-11,4.929999828338623,5.070000171661377,4.920000076293945,4.96999979019165,251200
2022-01-12,4.869999885559082,5.010000228881836,4.809999942779541,4.960000038146973,261900
2022-01-13,4.840000152587891,4.940000057220459,4.809999942779541,4.869999885559082,185400
2022-01-14,4.789999961853027,4.860000133514404,4.71999979019165,4.789999961853027,259900
2022-01-18,4.579999923706055,4.820000171661377,4.570000171661377,4.739999771118164,324700
2022-01-19,4.5,4.630000114440918,4.449999809265137,4.599999904632568,315700
2022-01-20,4.369999885559082,4.510000228881836,4.360000133514404,4.489999771118164,414000
2022-01-21,4.340000152587891,4.5,4.300000190734863,4.300000190734863,363000
2022-01-24,4.329999923706055,4.360000133514404,4.059999942779541,4.260000228881836,765000
2022-01-25,4.269999980926514,4.349999904632568,4.199999809265137,4.239999771118164,280100
2022-01-26,4.329999923706055,4.510000228881836,4.260000228881836,4.340000152587891,518900
2022-01-27,4.21999979019165,4.590000152587891,4.159999847412109,4.380000114440918,475300
2022-01-28,4.159999847412109,4.28000020980835,4.010000228881836,4.21999979019165,382200
2022-01-31,4.5,4.5,4.150000095367432,4.150000095367432,347000
2022-02-01,4.5,4.559999942779541,4.440000057220459,4.460000038146973,334400
2022-02-02,4.460000038146973,4.519999980926514,4.360000133514404,4.510000228881836,249300
2022-02-03,4.199999809265137,4.449999809265137,4.199999809265137,4.389999866485596,397200
2022-02-04,4.260000228881836,4.340000152587891,4.130000114440918,4.159999847412109,255100
2022-02-07,4.25,4.300000190734863,4.179999828338623,4.25,294700
2022-02-08,4.420000076293945,4.489999771118164,4.25,4.25,563100
2022-02-09,4.409999847412109,4.510000228881836,4.380000114440918,4.46999979019165,287600
2022-02-10,4.300000190734863,4.429999828338623,4.28000020980835,4.329999923706055,244100
2022-02-11,4.150000095367432,4.329999923706055,4.099999904632568,4.329999923706055,434900
2022-02-14,4.25,4.409999847412109,4.130000114440918,4.150000095367432,214500
2022-02-15,4.329999923706055,4.400000095367432,4.300000190734863,4.309999942779541,177400
2022-02-16,4.320000171661377,4.329999923706055,4.25,4.300000190734863,88200
2022-02-17,4.050000190734863,4.289999961853027,4.039999961853027,4.28000020980835,299900
2022-02-18,3.940000057220459,4.059999942779541,3.8499999046325684,4.019999980926514,300800
2022-02-22,3.7799999713897705,3.950000047683716,3.7699999809265137,3.890000104904175,320600
2022-02-23,3.7300000190734863,3.799999952316284,3.700000047683716,3.7899999618530273,231100
2022-02-24,3.9600000381469727,4.019999980926514,3.5799999237060547,3.5999999046325684,341200
2022-02-25,3.9000000953674316,4.03000020980835,3.880000114440918,3.990000009536743,161900
2022-02-28,3.8299999237060547,3.9000000953674316,3.759999990463257,3.859999895095825,237500
2022-03-01,3.75,3.859999895095825,3.6700000762939453,3.7899999618530273,160400
2022-03-02,3.9000000953674316,3.9600000381469727,3.7799999713897705,3.799999952316284,160400
2022-03-03,3.680000066757202,3.9100000858306885,3.6600000858306885,3.9100000858306885,153200
2022-03-04,3.6600000858306885,3.7100000381469727,3.5999999046325684,3.609999895095825,192900
2022-03-07,3.559999942779541,3.7100000381469727,3.5299999713897705,3.690000057220459,254500
2022-03-08,3.5799999237060547,3.700000047683716,3.5,3.5799999237060547,222000
2022-03-09,3.75,3.7799999713897705,3.549999952316284,3.630000114440918,200200
2022-03-10,3.7300000190734863,3.75,3.640000104904175,3.700000047683716,152700
2022-03-11,3.5299999713897705,3.7799999713897705,3.5,3.740000009536743,252800
2022-03-14,3.3499999046325684,3.5299999713897705,3.299999952316284,3.5299999713897705,244200
2022-03-15,3.700000047683716,3.740000009536743,3.3499999046325684,3.4000000953674316,283000
2022-03-16,3.75,3.930000066757202,3.690000057220459,3.740000009536743,460800
2022-03-17,3.7899999618530273,3.869999885559082,3.6600000858306885,3.7200000286102295,146600
2022-03-18,3.799999952316284,3.859999895095825,3.7300000190734863,3.740000009536743,294200
2022-03-21,3.759999990463257,3.869999885559082,3.630000114440918,3.819999933242798,361900
2022-03-22,3.940000057220459,4.079999923706055,3.690000057220459,3.799999952316284,361700
2022-03-23,3.990000009536743,4.300000190734863,3.75,3.8299999237060547,526900
2022-03-24,3.9100000858306885,4.03000020980835,3.859999895095825,4.03000020980835,210400
2022-03-25,3.9200000762939453,3.940000057220459,3.759999990463257,3.9100000858306885,523800
2022-03-28,3.880000114440918,3.940000057220459,3.7899999618530273,3.869999885559082,248100
2022-03-29,4.070000171661377,4.099999904632568,3.9200000762939453,3.940000057220459,388500
2022-03-30,4.179999828338623,4.21999979019165,4.03000020980835,4.050000190734863,324100
2022-03-31,4.510000228881836,4.829999923706055,4.409999847412109,4.71999979019165,801100
2022-04-01,4.690000057220459,4.900000095367432,4.489999771118164,4.489999771118164,470400
2022-04-04,4.639999866485596,4.710000038146973,4.449999809265137,4.690000057220459,516200
2022-04-05,4.53000020980835,4.690000057220459,4.489999771118164,4.650000095367432,242000
2022-04-06,4.630000114440918,4.670000076293945,4.409999847412109,4.5,379200
2022-04-07,4.550000190734863,4.809999942779541,4.53000020980835,4.650000095367432,242000
2022-04-08,4.579999923706055,4.619999885559082,4.409999847412109,4.53000020980835,216000
2022-04-11,4.53000020980835,4.559999942779541,4.420000076293945,4.53000020980835,203300
2022-04-12,4.429999828338623,4.570000171661377,4.409999847412109,4.570000171661377,277400
2022-04-13,4.46999979019165,4.559999942779541,4.429999828338623,4.429999828338623,236600
2022-04-14,4.400000095367432,4.510000228881836,4.360000133514404,4.5,234600
2022-04-18,4.380000114440918,4.420000076293945,4.340000152587891,4.420000076293945,280700
2022-04-19,4.539999961853027,4.619999885559082,4.349999904632568,4.349999904632568,306600
2022-04-20,4.46999979019165,4.610000133514404,4.460000038146973,4.590000152587891,256700
2022-04-21,4.400000095367432,4.590000152587891,4.360000133514404,4.519999980926514,363000
2022-04-22,4.400000095367432,4.5,4.329999923706055,4.360000133514404,283200
2022-04-25,4.429999828338623,4.449999809265137,4.329999923706055,4.400000095367432,317700
2022-04-26,4.389999866485596,4.460000038146973,4.329999923706055,4.389999866485596,343100
2022-04-27,4.349999904632568,4.5,4.289999961853027,4.389999866485596,452700
2022-04-28,4.920000076293945,5.059999942779541,4.389999866485596,4.409999847412109,1013700
2022-04-29,4.690000057220459,5.039999961853027,4.650000095367432,4.849999904632568,495400
2022-05-02,4.809999942779541,4.909999847412109,4.610000133514404,4.639999866485596,511500
2022-05-03,4.860000133514404,4.920000076293945,4.730000019073486,4.789999961853027,409800
2022-05-04,4.820000171661377,4.909999847412109,4.630000114440918,4.840000152587891,560700
2022-05-05,4.570000171661377,4.789999961853027,4.5,4.789999961853027,440500
2022-05-06,4.53000020980835,4.599999904632568,4.449999809265137,4.570000171661377,361200
2022-05-09,4.579999923706055,4.710000038146973,4.429999828338623,4.429999828338623,549500
2022-05-10,4.670000076293945,4.929999828338623,4.559999942779541,4.639999866485596,654600
2022-05-11,4.650000095367432,4.840000152587891,4.46999979019165,4.650000095367432,790100
2022-05-12,4.519999980926514,4.789999961853027,4.300000190734863,4.309999942779541,474600
2022-05-13,4.46999979019165,4.730000019073486,4.440000057220459,4.579999923706055,502900
2022-05-16,4.46999979019165,4.670000076293945,4.420000076293945,4.449999809265137,575700
2022-05-17,4.590000152587891,4.690000057220459,4.519999980926514,4.550000190734863,491200
2022-05-18,4.369999885559082,4.599999904632568,4.349999904632568,4.510000228881836,653500
2022-05-19,4.329999923706055,4.460000038146973,4.309999942779541,4.360000133514404,423900
2022-05-20,4.320000171661377,4.409999847412109,4.21999979019165,4.380000114440918,399600
2022-05-23,4.389999866485596,4.489999771118164,4.260000228881836,4.349999904632568,439800
2022-05-24,4.329999923706055,4.5,4.25,4.329999923706055,510500
2022-05-25,4.449999809265137,4.510000228881836,4.269999980926514,4.289999961853027,476900
2022-05-26,4.650000095367432,4.739999771118164,4.46999979019165,4.46999979019165,573900
2022-05-27,4.730000019073486,4.820000171661377,4.690000057220459,4.690000057220459,962100
2022-05-31,4.78000020980835,4.889999866485596,4.710000038146973,4.75,646800
2022-06-01,4.630000114440918,4.809999942779541,4.619999885559082,4.800000190734863,644100
2022-06-02,4.579999923706055,4.769999980926514,4.570000171661377,4.619999885559082,742500
2022-06-03,4.440000057220459,4.539999961853027,4.329999923706055,4.539999961853027,694200
2022-06-06,4.340000152587891,4.5,4.340000152587891,4.449999809265137,598100
2022-06-07,4.599999904632568,4.699999809265137,4.309999942779541,4.329999923706055,778500
2022-06-08,4.579999923706055,4.630000114440918,4.480000019073486,4.550000190734863,438700
2022-06-09,4.650000095367432,4.75,4.510000228881836,4.570000171661377,603600
2022-06-10,4.610000133514404,4.659999847412109,4.550000190734863,4.559999942779541,401800
2022-06-13,4.369999885559082,4.539999961853027,4.340000152587891,4.480000019073486,571100
2022-06-14,4.28000020980835,4.409999847412109,4.21999979019165,4.369999885559082,512400
2022-06-15,4.449999809265137,4.519999980926514,4.260000228881836,4.289999961853027,658500
2022-06-16,4.239999771118164,4.480000019073486,4.170000076293945,4.409999847412109,725200
2022-06-17,4.389999866485596,4.420000076293945,4.21999979019165,4.239999771118164,814500
2022-06-21,4.78000020980835,4.880000114440918,4.409999847412109,4.420000076293945,856200
2022-06-22,4.789999961853027,4.900000095367432,4.71999979019165,4.800000190734863,939600
2022-06-23,4.820000171661377,4.860000133514404,4.690000057220459,4.820000171661377,698100
2022-06-24,5.019999980926514,5.25,4.840000152587891,4.849999904632568,6977600
2022-06-27,5.139999866485596,5.289999961853027,4.960000038146973,5.010000228881836,911900
2022-06-28,5.110000133514404,5.260000228881836,5.039999961853027,5.130000114440918,624300
2022-06-29,5.150000095367432,5.289999961853027,4.96999979019165,5.110000133514404,776900
2022-06-30,5.039999961853027,5.119999885559082,4.940000057220459,4.989999771118164,673300
2022-07-01,4.53000020980835,5.070000171661377,4.510000228881836,4.980000019073486,1037700
2022-07-05,4.760000228881836,4.849999904632568,4.449999809265137,4.46999979019165,740200
2022-07-06,4.760000228881836,4.880000114440918,4.559999942779541,4.739999771118164,617500
2022-07-07,4.869999885559082,4.96999979019165,4.760000228881836,4.769999980926514,667900
2022-07-08,5.139999866485596,5.239999771118164,4.820000171661377,4.820000171661377,633100
2022-07-11,5.21999979019165,5.28000020980835,5.019999980926514,5.110000133514404,677600
2022-07-12,5.150000095367432,5.300000190734863,5.090000152587891,5.190000057220459,700100
2022-07-13,5.090000152587891,5.190000057220459,5.03000020980835,5.050000190734863,212700
2022-07-14,5.019999980926514,5.079999923706055,4.949999809265137,5.03000020980835,154800
2022-07-15,4.909999847412109,5.079999923706055,4.889999866485596,5.039999961853027,171600
2022-07-18,4.820000171661377,5.03000020980835,4.809999942779541,4.940000057220459,122300
2022-07-19,4.840000152587891,4.940000057220459,4.739999771118164,4.849999904632568,232700
2022-07-20,4.880000114440918,4.940000057220459,4.800000190734863,4.800000190734863,133600
2022-07-21,4.809999942779541,4.889999866485596,4.760000228881836,4.889999866485596,216100
2022-07-22,4.800000190734863,4.849999904632568,4.75,4.800000190734863,126400
2022-07-25,4.710000038146973,4.820000171661377,4.690000057220459,4.800000190734863,130200
2022-07-26,4.71999979019165,4.71999979019165,4.610000133514404,4.670000076293945,165200
2022-07-27,4.760000228881836,4.880000114440918,4.710000038146973,4.760000228881836,122000
2022-07-28,4.909999847412109,4.96999979019165,4.739999771118164,4.75,214200
2022-07-29,5.039999961853027,5.079999923706055,4.909999847412109,4.949999809265137,235000
2022-08-01,5.050000190734863,5.119999885559082,4.96999979019165,5.039999961853027,198700
2022-08-02,5.050000190734863,5.119999885559082,4.989999771118164,5.039999961853027,132900
2022-08-03,5.010000228881836,5.190000057220459,5.0,5.019999980926514,341100
2022-08-04,5.070000171661377,5.210000038146973,5.010000228881836,5.010000228881836,405900
2022-08-05,5.050000190734863,5.119999885559082,4.96999979019165,5.03000020980835,207100
2022-08-08,5.0,5.139999866485596,5.0,5.03000020980835,184600
2022-08-09,4.849999904632568,5.0,4.760000228881836,5.0,254200
2022-08-10,5.019999980926514,5.110000133514404,4.889999866485596,4.949999809265137,254400
2022-08-11,4.829999923706055,5.090000152587891,4.769999980926514,4.829999923706055,361500
2022-08-12,4.869999885559082,4.949999809265137,4.789999961853027,4.829999923706055,177800
2022-08-15,4.800000190734863,4.889999866485596,4.769999980926514,4.849999904632568,175600
2022-08-16,4.71999979019165,4.809999942779541,4.670000076293945,4.739999771118164,331600
2022-08-17,4.610000133514404,4.760000228881836,4.579999923706055,4.670000076293945,264000
2022-08-18,4.760000228881836,4.829999923706055,4.559999942779541,4.590000152587891,212300
2022-08-19,4.690000057220459,4.78000020980835,4.670000076293945,4.730000019073486,477200
2022-08-22,4.829999923706055,4.840000152587891,4.630000114440918,4.630000114440918,295700
2022-08-23,4.699999809265137,4.900000095367432,4.690000057220459,4.820000171661377,320200
2022-08-24,4.659999847412109,4.769999980926514,4.639999866485596,4.699999809265137,162200
2022-08-25,4.760000228881836,4.769999980926514,4.639999866485596,4.650000095367432,133400
2022-08-26,4.599999904632568,4.760000228881836,4.570000171661377,4.760000228881836,153800
2022-08-29,4.579999923706055,4.639999866485596,4.5,4.519999980926514,131100
2022-08-30,4.510000228881836,4.579999923706055,4.369999885559082,4.579999923706055,174000
2022-08-31,4.489999771118164,4.510000228881836,4.429999828338623,4.510000228881836,150200
2022-09-01,4.360000133514404,4.449999809265137,4.260000228881836,4.449999809265137,218400
2022-09-02,4.269999980926514,4.420000076293945,4.260000228881836,4.369999885559082,143100
2022-09-06,4.210000038146973,4.269999980926514,4.090000152587891,4.269999980926514,222900
2022-09-07,4.150000095367432,4.199999809265137,4.090000152587891,4.199999809265137,156400
2022-09-08,4.119999885559082,4.320000171661377,4.079999923706055,4.150000095367432,137600
2022-09-09,4.210000038146973,4.239999771118164,4.110000133514404,4.139999866485596,110700
2022-09-12,4.239999771118164,4.269999980926514,4.170000076293945,4.199999809265137,101200
2022-09-13,4.190000057220459,4.230000019073486,4.130000114440918,4.170000076293945,134200
2022-09-14,4.170000076293945,4.210000038146973,4.119999885559082,4.190000057220459,162900
2022-09-15,4.159999847412109,4.21999979019165,4.110000133514404,4.150000095367432,136100
2022-09-16,4.269999980926514,4.269999980926514,4.03000020980835,4.079999923706055,503800
2022-09-19,4.210000038146973,4.260000228881836,4.079999923706055,4.25,186500
2022-09-20,4.199999809265137,4.21999979019165,4.110000133514404,4.170000076293945,95000
2022-09-21,4.119999885559082,4.210000038146973,4.090000152587891,4.199999809265137,119700
2022-09-22,4.119999885559082,4.150000095367432,4.070000171661377,4.110000133514404,68700
2022-09-23,4.039999961853027,4.119999885559082,4.019999980926514,4.119999885559082,114300
2022-09-26,4.010000228881836,4.079999923706055,4.0,4.0,161900
2022-09-27,4.010000228881836,4.079999923706055,3.990000009536743,4.050000190734863,79000
2022-09-28,4.079999923706055,4.110000133514404,3.940000057220459,4.0,166000
2022-09-29,4.010000228881836,4.059999942779541,3.950000047683716,4.059999942779541,135100
2022-09-30,4.039999961853027,4.090000152587891,3.9600000381469727,3.9700000286102295,119000
2022-10-03,4.059999942779541,4.110000133514404,3.990000009536743,4.070000171661377,98100
2022-10-04,4.230000019073486,4.25,4.099999904632568,4.099999904632568,157800
2022-10-05,4.170000076293945,4.239999771118164,4.119999885559082,4.190000057220459,58400
2022-10-06,4.090000152587891,4.199999809265137,4.059999942779541,4.150000095367432,103000
2022-10-07,3.990000009536743,4.050000190734863,3.880000114440918,4.050000190734863,179300
2022-10-10,3.8499999046325684,4.019999980926514,3.8299999237060547,4.0,58300
2022-10-11,3.799999952316284,3.8399999141693115,3.740000009536743,3.8299999237060547,147800
2022-10-12,3.799999952316284,3.8499999046325684,3.7699999809265137,3.809999942779541,56400
2022-10-13,3.799999952316284,3.8299999237060547,3.680000066757202,3.75,413200
2022-10-14,3.75,3.8499999046325684,3.7300000190734863,3.8299999237060547,169700
2022-10-17,3.7100000381469727,3.8299999237060547,3.700000047683716,3.819999933242798,1156300
2022-10-18,3.690000057220459,3.7799999713897705,3.6600000858306885,3.7799999713897705,411000
2022-10-19,3.609999895095825,3.7200000286102295,3.5899999141693115,3.690000057220459,768600
2022-10-20,3.609999895095825,3.630000114440918,3.5399999618530273,3.609999895095825,416500
2022-10-21,3.7699999809265137,3.8299999237060547,3.5799999237060547,3.5799999237060547,1251900
2022-10-24,3.740000009536743,3.819999933242798,3.690000057220459,3.7799999713897705,246700
2022-10-25,3.869999885559082,3.940000057220459,3.740000009536743,3.740000009536743,372500
2022-10-26,3.9200000762939453,4.039999961853027,3.8299999237060547,3.8499999046325684,401300
2022-10-27,3.950000047683716,4.070000171661377,3.9000000953674316,3.9100000858306885,303200
2022-10-28,3.9000000953674316,4.019999980926514,3.8499999046325684,3.9800000190734863,562300
2022-10-31,3.990000009536743,4.369999885559082,3.990000009536743,4.150000095367432,1802500
2022-11-01,4.130000114440918,4.199999809265137,3.9600000381469727,4.059999942779541,436500
2022-11-02,4.050000190734863,4.170000076293945,4.03000020980835,4.130000114440918,184700
2022-11-03,3.9700000286102295,4.059999942779541,3.9600000381469727,4.0,162000
2022-11-04,3.9100000858306885,4.019999980926514,3.880000114440918,3.9800000190734863,589800
2022-11-07,4.010000228881836,4.119999885559082,3.9200000762939453,3.990000009536743,434200
2022-11-08,4.0,4.03000020980835,3.9600000381469727,3.9700000286102295,209800
2022-11-09,3.940000057220459,4.059999942779541,3.880000114440918,4.059999942779541,204300
2022-11-10,3.9800000190734863,4.090000152587891,3.880000114440918,4.059999942779541,307700
2022-11-11,4.019999980926514,4.099999904632568,3.9200000762939453,3.9200000762939453,132500
2022-11-14,3.9000000953674316,4.0,3.869999885559082,3.940000057220459,260700
2022-11-15,3.940000057220459,4.010000228881836,3.880000114440918,3.940000057220459,181100
2022-11-16,3.930000066757202,3.9700000286102295,3.890000104904175,3.9100000858306885,135500
2022-11-17,3.890000104904175,3.9200000762939453,3.819999933242798,3.9000000953674316,191100
2022-11-18,3.869999885559082,3.950000047683716,3.8499999046325684,3.9000000953674316,112000
2022-11-21,3.880000114440918,3.9200000762939453,3.8399999141693115,3.869999885559082,201600
2022-11-22,3.940000057220459,3.9700000286102295,3.859999895095825,3.880000114440918,143500
2022-11-23,4.079999923706055,4.090000152587891,3.940000057220459,3.950000047683716,297800
2022-11-25,4.119999885559082,4.21999979019165,4.090000152587891,4.099999904632568,106200
2022-11-28,4.099999904632568,4.150000095367432,4.059999942779541,4.090000152587891,179200
2022-11-29,4.079999923706055,4.110000133514404,4.019999980926514,4.079999923706055,104200
2022-11-30,4.130000114440918,4.159999847412109,4.039999961853027,4.079999923706055,296400
2022-12-01,4.050000190734863,4.150000095367432,4.050000190734863,4.150000095367432,148400
2022-12-02,4.090000152587891,4.130000114440918,4.0,4.019999980926514,170500
2022-12-05,3.9800000190734863,4.079999923706055,3.9600000381469727,4.079999923706055,120100
2022-12-06,3.8499999046325684,3.9700000286102295,3.809999942779541,3.950000047683716,192300
2022-12-07,3.8299999237060547,3.890000104904175,3.7899999618530273,3.819999933242798,156000
2022-12-08,3.7899999618530273,3.869999885559082,3.759999990463257,3.8499999046325684,157400
2022-12-09,3.7300000190734863,3.7899999618530273,3.700000047683716,3.7699999809265137,166400
2022-12-12,3.740000009536743,3.75,3.680000066757202,3.7100000381469727,140500
2022-12-13,3.7100000381469727,3.8299999237060547,3.5899999141693115,3.8299999237060547,358900
2022-12-14,3.700000047683716,3.75,3.6500000953674316,3.7200000286102295,126000
2022-12-15,3.5999999046325684,3.6500000953674316,3.5799999237060547,3.6500000953674316,286500
2022-12-16,3.5899999141693115,3.6600000858306885,3.559999942779541,3.569999933242798,273900
2022-12-19,3.509999990463257,3.619999885559082,3.430000066757202,3.619999885559082,348900
2022-12-20,3.700000047683716,3.7200000286102295,3.509999990463257,3.5199999809265137,381300
2022-12-21,3.7899999618530273,3.880000114440918,3.680000066757202,3.680000066757202,421500
2022-12-22,3.9200000762939453,3.950000047683716,3.740000009536743,3.809999942779541,298700
2022-12-23,3.9800000190734863,4.019999980926514,3.809999942779541,3.9200000762939453,298400
2022-12-27,4.110000133514404,4.130000114440918,3.940000057220459,3.990000009536743,246900
2022-12-28,4.210000038146973,4.269999980926514,4.099999904632568,4.099999904632568,613400
2022-12-29,4.260000228881836,4.349999904632568,4.199999809265137,4.230000019073486,518700
2022-12-30,4.210000038146973,4.300000190734863,4.099999904632568,4.25,256300
2023-01-03,3.990000009536743,4.21999979019165,3.9200000762939453,4.21999979019165,316100
2023-01-04,3.9200000762939453,4.03000020980835,3.9100000858306885,3.990000009536743,221300
2023-01-05,3.9200000762939453,3.9700000286102295,3.8499999046325684,3.9100000858306885,172300
2023-01-06,3.950000047683716,4.0,3.9100000858306885,3.930000066757202,376100
2023-01-09,3.9600000381469727,3.990000009536743,3.8299999237060547,3.8499999046325684,368100
2023-01-10,4.099999904632568,4.199999809265137,3.930000066757202,3.940000057220459,529600
2023-01-11,4.130000114440918,4.150000095367432,4.090000152587891,4.130000114440918,306600
2023-01-12,4.289999961853027,4.300000190734863,4.139999866485596,4.139999866485596,411100
2023-01-13,4.340000152587891,4.349999904632568,4.269999980926514,4.269999980926514,341300
2023-01-17,4.210000038146973,4.389999866485596,4.190000057220459,4.340000152587891,285800
2023-01-18,4.21999979019165,4.239999771118164,4.150000095367432,4.199999809265137,200000
2023-01-19,4.210000038146973,4.210000038146973,4.150000095367432,4.179999828338623,87500
2023-01-20,4.230000019073486,4.269999980926514,4.179999828338623,4.21999979019165,149500
2023-01-23,4.269999980926514,4.300000190734863,4.179999828338623,4.25,125400
2023-01-24,4.349999904632568,4.400000095367432,4.159999847412109,4.25,206500
2023-01-25,4.329999923706055,4.349999904632568,4.28000020980835,4.329999923706055,90000
2023-01-26,4.389999866485596,4.429999828338623,4.329999923706055,4.360000133514404,222500
2023-01-27,4.329999923706055,4.429999828338623,4.320000171661377,4.369999885559082,122100
2023-01-30,4.21999979019165,4.329999923706055,4.199999809265137,4.309999942779541,108100
2023-01-31,4.360000133514404,4.420000076293945,4.21999979019165,4.21999979019165,212600
2023-02-01,4.360000133514404,4.409999847412109,4.329999923706055,4.389999866485596,125100
2023-02-02,4.329999923706055,4.460000038146973,4.329999923706055,4.400000095367432,329200
2023-02-03,4.260000228881836,4.380000114440918,4.239999771118164,4.309999942779541,123200
2023-02-06,4.150000095367432,4.400000095367432,4.070000171661377,4.260000228881836,280100
2023-02-07,4.150000095367432,4.230000019073486,4.130000114440918,4.170000076293945,491300
2023-02-08,4.260000228881836,4.300000190734863,4.119999885559082,4.139999866485596,432300
2023-02-09,4.239999771118164,4.329999923706055,4.199999809265137,4.269999980926514,252100
2023-02-10,4.260000228881836,4.309999942779541,4.230000019073486,4.25,139700
2023-02-13,4.230000019073486,4.25,4.179999828338623,4.239999771118164,81100
2023-02-14,4.210000038146973,4.289999961853027,4.199999809265137,4.199999809265137,78300
2023-02-15,4.349999904632568,4.380000114440918,4.190000057220459,4.289999961853027,125600
2023-02-16,4.360000133514404,4.380000114440918,4.28000020980835,4.289999961853027,118000
2023-02-17,4.360000133514404,4.420000076293945,4.329999923706055,4.369999885559082,104400
2023-02-21,4.320000171661377,4.400000095367432,4.28000020980835,4.300000190734863,143200
2023-02-22,4.340000152587891,4.400000095367432,4.289999961853027,4.320000171661377,149800
2023-02-23,4.380000114440918,4.389999866485596,4.309999942779541,4.340000152587891,87400
2023-02-24,4.289999961853027,4.389999866485596,4.28000020980835,4.349999904632568,89800
2023-02-27,4.260000228881836,4.349999904632568,4.25,4.309999942779541,76400
2023-02-28,4.320000171661377,4.340000152587891,4.21999979019165,4.260000228881836,110400
2023-03-01,4.349999904632568,4.380000114440918,4.289999961853027,4.320000171661377,141200
2023-03-02,4.389999866485596,4.440000057220459,4.289999961853027,4.329999923706055,163100
2023-03-03,4.449999809265137,4.489999771118164,4.389999866485596,4.429999828338623,199800
2023-03-06,4.519999980926514,4.579999923706055,4.389999866485596,4.389999866485596,188700
2023-03-07,4.380000114440918,4.550000190734863,4.349999904632568,4.519999980926514,97500
2023-03-08,4.389999866485596,4.429999828338623,4.349999904632568,4.380000114440918,155600
2023-03-09,4.429999828338623,4.489999771118164,4.369999885559082,4.400000095367432,253400
2023-03-10,4.570000171661377,4.630000114440918,4.389999866485596,4.420000076293945,473900
2023-03-13,4.420000076293945,4.510000228881836,4.380000114440918,4.510000228881836,172600
2023-03-14,4.5,4.570000171661377,4.46999979019165,4.510000228881836,223600
2023-03-15,4.539999961853027,4.539999961853027,4.349999904632568,4.5,192400
2023-03-16,4.420000076293945,4.5,4.159999847412109,4.309999942779541,249200
2023-03-17,4.199999809265137,4.400000095367432,4.099999904632568,4.360000133514404,580600
2023-03-20,4.150000095367432,4.25,4.059999942779541,4.199999809265137,253000
2023-03-21,4.269999980926514,4.300000190734863,4.139999866485596,4.190000057220459,391600
2023-03-22,4.010000228881836,4.260000228881836,3.990000009536743,4.260000228881836,359600
2023-03-23,3.9100000858306885,4.090000152587891,3.859999895095825,4.010000228881836,290700
2023-03-24,3.809999942779541,3.940000057220459,3.799999952316284,3.869999885559082,592300
2023-03-27,3.7300000190734863,3.880000114440918,3.7300000190734863,3.809999942779541,239800
2023-03-28,3.9000000953674316,3.9100000858306885,3.7200000286102295,3.7300000190734863,320500
2023-03-29,3.8499999046325684,3.9100000858306885,3.8299999237060547,3.9000000953674316,267100
2023-03-30,3.880000114440918,3.930000066757202,3.7699999809265137,3.8499999046325684,221400
2023-03-31,3.859999895095825,3.9100000858306885,3.819999933242798,3.9100000858306885,195600
2023-04-03,3.950000047683716,4.099999904632568,3.869999885559082,3.890000104904175,899700
2023-04-04,3.7699999809265137,4.03000020980835,3.640000104904175,4.0,470100
2023-04-05,3.7699999809265137,3.8499999046325684,3.690000057220459,3.740000009536743,235000
2023-04-06,3.759999990463257,3.8299999237060547,3.6500000953674316,3.7799999713897705,477300
2023-04-10,3.869999885559082,3.9100000858306885,3.7300000190734863,3.740000009536743,254700
2023-04-11,3.890000104904175,3.950000047683716,3.8499999046325684,3.859999895095825,421000
2023-04-12,3.700000047683716,3.880000114440918,3.6500000953674316,3.880000114440918,226800
2023-04-13,3.7200000286102295,3.7200000286102295,3.5999999046325684,3.7200000286102295,281900
2023-04-14,3.7799999713897705,3.7899999618530273,3.6600000858306885,3.7300000190734863,279800
2023-04-17,3.940000057220459,4.0,3.740000009536743,3.740000009536743,359400
2023-04-18,3.8299999237060547,4.0,3.7899999618530273,3.940000057220459,223800
2023-04-19,3.799999952316284,3.809999942779541,3.7300000190734863,3.799999952316284,112500
2023-04-20,3.8499999046325684,3.8499999046325684,3.680000066757202,3.7799999713897705,187700
2023-04-21,3.759999990463257,3.819999933242798,3.700000047683716,3.819999933242798,181100
2023-04-24,3.7300000190734863,3.8299999237060547,3.700000047683716,3.7300000190734863,105000
2023-04-25,3.619999885559082,3.7300000190734863,3.5999999046325684,3.7100000381469727,255800
2023-04-26,3.700000047683716,3.7200000286102295,3.5999999046325684,3.619999885559082,123300
2023-04-27,3.740000009536743,3.7899999618530273,3.690000057220459,3.7100000381469727,172100
2023-04-28,3.8499999046325684,3.8499999046325684,3.7300000190734863,3.75,154000
2023-05-01,3.859999895095825,3.869999885559082,3.7799999713897705,3.8299999237060547,133400
2023-05-02,3.7100000381469727,3.8499999046325684,3.6700000762939453,3.8499999046325684,119200
2023-05-03,3.880000114440918,3.9000000953674316,3.7200000286102295,3.7200000286102295,215000
2023-05-04,3.8299999237060547,3.869999885559082,3.759999990463257,3.869999885559082,82400
2023-05-05,3.890000104904175,3.930000066757202,3.819999933242798,3.869999885559082,149200
2023-05-08,3.930000066757202,3.940000057220459,3.799999952316284,3.869999885559082,109400
2023-05-09,3.9100000858306885,3.950000047683716,3.9100000858306885,3.930000066757202,90100
2023-05-10,4.0,4.0,3.940000057220459,3.950000047683716,151200
2023-05-11,4.0,4.03000020980835,3.9600000381469727,3.990000009536743,221700
2023-05-12,3.950000047683716,4.050000190734863,3.7100000381469727,3.940000057220459,111400
2023-05-15,4.0,4.070000171661377,3.940000057220459,3.9700000286102295,255500
2023-05-16,4.03000020980835,4.059999942779541,3.9600000381469727,3.990000009536743,109100
2023-05-17,4.099999904632568,4.139999866485596,3.9600000381469727,4.03000020980835,150800
2023-05-18,3.990000009536743,4.099999904632568,3.940000057220459,4.099999904632568,295200
2023-05-19,3.9800000190734863,3.990000009536743,3.940000057220459,3.9700000286102295,152600
2023-05-22,3.940000057220459,4.059999942779541,3.940000057220459,4.0,277500
2023-05-23,3.7899999618530273,3.990000009536743,3.7699999809265137,3.940000057220459,257500
2023-05-24,3.75,3.799999952316284,3.7100000381469727,3.7899999618530273,265400
2023-05-25,3.75,3.7799999713897705,3.7100000381469727,3.7100000381469727,67900
2023-05-26,3.930000066757202,3.990000009536743,3.7899999618530273,3.7899999618530273,229400
2023-05-30,3.9000000953674316,3.9800000190734863,3.869999885559082,3.9200000762939453,215800
2023-05-31,4.139999866485596,4.210000038146973,3.890000104904175,3.890000104904175,330800
2023-06-01,4.190000057220459,4.380000114440918,4.150000095367432,4.150000095367432,386700
2023-06-02,4.300000190734863,4.369999885559082,4.179999828338623,4.179999828338623,203500
2023-06-05,4.369999885559082,4.409999847412109,4.289999961853027,4.320000171661377,203700
2023-06-06,4.579999923706055,4.659999847412109,4.329999923706055,4.369999885559082,448600
2023-06-07,4.610000133514404,4.639999866485596,4.5,4.579999923706055,326700
2023-06-08,4.590000152587891,4.639999866485596,4.539999961853027,4.610000133514404,200000
2023-06-09,4.579999923706055,4.599999904632568,4.460000038146973,4.570000171661377,142700
2023-06-12,4.559999942779541,4.610000133514404,4.550000190734863,4.570000171661377,175500
2023-06-13,4.53000020980835,4.619999885559082,4.300000190734863,4.559999942779541,235700
2023-06-14,4.5,4.590000152587891,4.489999771118164,4.53000020980835,269600
2023-06-15,4.579999923706055,4.619999885559082,4.5,4.510000228881836,329800
2023-06-16,4.539999961853027,4.579999923706055,4.360000133514404,4.539999961853027,1144200
2023-06-20,4.539999961853027,4.599999904632568,4.5,4.519999980926514,575800
2023-06-21,4.519999980926514,4.559999942779541,4.480000019073486,4.53000020980835,335000
2023-06-22,4.449999809265137,4.550000190734863,4.429999828338623,4.53000020980835,317300
2023-06-23,4.139999866485596,4.440000057220459,4.099999904632568,4.429999828338623,4811000
2023-06-26,4.090000152587891,4.210000038146973,4.059999942779541,4.139999866485596,236200
2023-06-27,3.930000066757202,4.099999904632568,3.869999885559082,4.099999904632568,208800
2023-06-28,4.019999980926514,4.050000190734863,3.890000104904175,3.930000066757202,198700
2023-06-29,4.150000095367432,4.150000095367432,4.0,4.03000020980835,193200
2023-06-30,4.159999847412109,4.199999809265137,4.119999885559082,4.159999847412109,157900
2023-07-03,4.099999904632568,4.179999828338623,4.03000020980835,4.159999847412109,83800
2023-07-05,3.9700000286102295,4.070000171661377,3.9700000286102295,4.059999942779541,87300
2023-07-06,3.880000114440918,3.930000066757202,3.8499999046325684,3.930000066757202,120100
2023-07-07,4.019999980926514,4.019999980926514,3.869999885559082,3.869999885559082,177600
2023-07-10,4.159999847412109,4.170000076293945,4.010000228881836,4.010000228881836,187000
2023-07-11,4.099999904632568,4.199999809265137,4.079999923706055,4.179999828338623,200000
2023-07-12,4.03000020980835,4.159999847412109,4.010000228881836,4.159999847412109,180600
2023-07-13,4.110000133514404,4.119999885559082,4.03000020980835,4.03000020980835,181500
2023-07-14,4.079999923706055,4.119999885559082,4.0,4.099999904632568,121600
2023-07-17,4.090000152587891,4.159999847412109,4.079999923706055,4.090000152587891,88900
2023-07-18,4.150000095367432,4.179999828338623,4.090000152587891,4.099999904632568,111800
2023-07-19,4.110000133514404,4.179999828338623,4.090000152587891,4.159999847412109,108300
2023-07-20,4.070000171661377,4.130000114440918,4.03000020980835,4.130000114440918,123900
2023-07-21,4.059999942779541,4.119999885559082,4.039999961853027,4.110000133514404,158200
2023-07-24,4.039999961853027,4.119999885559082,4.03000020980835,4.079999923706055,169800
2023-07-25,3.9800000190734863,4.019999980926514,3.940000057220459,4.019999980926514,106400
2023-07-26,3.950000047683716,4.019999980926514,3.950000047683716,3.9800000190734863,157600
2023-07-27,3.9800000190734863,4.039999961853027,3.9600000381469727,3.9700000286102295,134700
2023-07-28,3.940000057220459,4.010000228881836,3.930000066757202,4.010000228881836,76800
2023-07-31,3.990000009536743,4.010000228881836,3.950000047683716,3.950000047683716,91300
2023-08-01,4.0,4.03000020980835,3.9600000381469727,3.9800000190734863,77200
2023-08-02,4.010000228881836,4.050000190734863,3.9700000286102295,3.9800000190734863,93700
2023-08-03,3.9200000762939453,4.0,3.880000114440918,4.0,185800
2023-08-04,3.7200000286102295,3.940000057220459,3.6500000953674316,3.859999895095825,525800
2023-08-07,3.740000009536743,3.759999990463257,3.690000057220459,3.7200000286102295,242400
2023-08-08,3.880000114440918,3.9700000286102295,3.7200000286102295,3.7200000286102295,311400
2023-08-09,3.7799999713897705,3.9700000286102295,3.7799999713897705,3.9000000953674316,144400
2023-08-10,3.759999990463257,3.8499999046325684,3.740000009536743,3.7899999618530273,161200
2023-08-11,3.809999942779541,3.930000066757202,3.759999990463257,3.759999990463257,242800
2023-08-14,3.9800000190734863,4.059999942779541,3.7699999809265137,3.809999942779541,335500
2023-08-15,3.7699999809265137,3.9600000381469727,3.759999990463257,3.9100000858306885,220300
2023-08-16,3.759999990463257,3.809999942779541,3.75,3.7699999809265137,151400
2023-08-17,3.7200000286102295,3.819999933242798,3.700000047683716,3.799999952316284,208900
2023-08-18,3.700000047683716,3.759999990463257,3.6600000858306885,3.690000057220459,416300
2023-08-21,3.740000009536743,3.7799999713897705,3.6600000858306885,3.7100000381469727,255300
2023-08-22,3.75,3.809999942779541,3.7100000381469727,3.7699999809265137,154700
2023-08-23,3.819999933242798,3.8499999046325684,3.75,3.759999990463257,173900
2023-08-24,3.7699999809265137,3.8399999141693115,3.759999990463257,3.7899999618530273,119400
2023-08-25,3.8399999141693115,3.859999895095825,3.7300000190734863,3.7899999618530273,110000
2023-08-28,3.8399999141693115,3.880000114440918,3.809999942779541,3.8499999046325684,94700
2023-08-29,3.819999933242798,3.869999885559082,3.7899999618530273,3.8299999237060547,76900
2023-08-30,3.819999933242798,3.940000057220459,3.799999952316284,3.819999933242798,62600
2023-08-31,3.809999942779541,3.880000114440918,3.7899999618530273,3.8299999237060547,144300
2023-09-01,3.7899999618530273,3.8499999046325684,3.759999990463257,3.809999942779541,107700
2023-09-05,3.6700000762939453,3.7799999713897705,3.6700000762939453,3.759999990463257,323600
2023-09-06,3.619999885559082,3.740000009536743,3.5999999046325684,3.6700000762939453,252300
2023-09-07,3.5799999237060547,3.640000104904175,3.509999990463257,3.609999895095825,455700
2023-09-08,3.569999933242798,3.6500000953674316,3.5299999713897705,3.5999999046325684,235700
2023-09-11,3.5999999046325684,3.630000114440918,3.559999942779541,3.5799999237060547,257200
2023-09-12,3.680000066757202,3.7200000286102295,3.5999999046325684,3.5999999046325684,238600
2023-09-13,3.5899999141693115,3.7100000381469727,3.5799999237060547,3.690000057220459,231400
2023-09-14,3.740000009536743,3.859999895095825,3.5899999141693115,3.5899999141693115,697000
2023-09-15,3.6600000858306885,3.7799999713897705,3.6500000953674316,3.740000009536743,1510400
2023-09-18,3.6600000858306885,3.7100000381469727,3.6500000953674316,3.6700000762939453,186900
2023-09-19,3.619999885559082,3.680000066757202,3.609999895095825,3.6600000858306885,145400
2023-09-20,3.5899999141693115,3.690000057220459,3.5899999141693115,3.630000114440918,243400
2023-09-21,3.6600000858306885,3.700000047683716,3.5799999237060547,3.5799999237060547,267800
2023-09-22,3.559999942779541,3.680000066757202,3.559999942779541,3.6500000953674316,169800
2023-09-25,3.549999952316284,3.619999885559082,3.5299999713897705,3.549999952316284,188900
2023-09-26,3.4800000190734863,3.5899999141693115,3.4800000190734863,3.5299999713897705,266800
2023-09-27,3.549999952316284,3.5899999141693115,3.490000009536743,3.490000009536743,172200
2023-09-28,3.5199999809265137,3.559999942779541,3.4700000286102295,3.559999942779541,211700
2023-09-29,3.6500000953674316,3.690000057220459,3.549999952316284,3.549999952316284,230300
2023-10-02,3.549999952316284,3.6500000953674316,3.5199999809265137,3.630000114440918,191700
2023-10-03,3.549999952316284,3.5799999237060547,3.490000009536743,3.549999952316284,310700
2023-10-04,3.509999990463257,3.549999952316284,3.4800000190734863,3.5299999713897705,185800
2023-10-05,3.5,3.549999952316284,3.4600000381469727,3.509999990463257,172200
2023-10-06,3.559999942779541,3.5799999237060547,3.490000009536743,3.5,149900
2023-10-09,3.6500000953674316,3.6600000858306885,3.5399999618530273,3.5399999618530273,178100
2023-10-10,3.680000066757202,3.700000047683716,3.630000114440918,3.630000114440918,351200
2023-10-11,3.619999885559082,3.700000047683716,3.609999895095825,3.680000066757202,108000
2023-10-12,3.630000114440918,3.6500000953674316,3.5399999618530273,3.640000104904175,201600
2023-10-13,3.569999933242798,3.640000104904175,3.549999952316284,3.640000104904175,127000
2023-10-16,3.630000114440918,3.6600000858306885,3.569999933242798,3.5999999046325684,127100
2023-10-17,3.569999933242798,3.6700000762939453,3.569999933242798,3.619999885559082,127400
2023-10-18,3.5,3.559999942779541,3.4600000381469727,3.559999942779541,218200
2023-10-19,3.4600000381469727,3.5299999713897705,3.430000066757202,3.4800000190734863,105400
2023-10-20,3.5,3.559999942779541,3.440000057220459,3.4700000286102295,182200
2023-10-23,3.5299999713897705,3.559999942779541,3.4700000286102295,3.490000009536743,156700
2023-10-24,3.549999952316284,3.569999933242798,3.5399999618530273,3.549999952316284,157100
2023-10-25,3.549999952316284,3.5999999046325684,3.5199999809265137,3.5199999809265137,195400
2023-10-26,3.5399999618530273,3.559999942779541,3.4700000286102295,3.559999942779541,203200
2023-10-27,3.5399999618530273,3.559999942779541,3.5199999809265137,3.549999952316284,116600
2023-10-30,3.5299999713897705,3.569999933242798,3.509999990463257,3.569999933242798,129100
2023-10-31,3.5899999141693115,3.609999895095825,3.5,3.5399999618530273,258000
2023-11-01,3.5899999141693115,3.640000104904175,3.549999952316284,3.5899999141693115,161800
2023-11-02,3.680000066757202,3.7200000286102295,3.5899999141693115,3.6500000953674316,355600
2023-11-03,3.7200000286102295,3.7799999713897705,3.690000057220459,3.7300000190734863,329600
2023-11-06,3.740000009536743,3.759999990463257,3.690000057220459,3.700000047683716,143000
2023-11-07,3.690000057220459,3.7300000190734863,3.6600000858306885,3.7200000286102295,124500
2023-11-08,3.6700000762939453,3.690000057220459,3.5999999046325684,3.690000057220459,123000
2023-11-09,3.609999895095825,3.690000057220459,3.5799999237060547,3.6700000762939453,120700
2023-11-10,3.630000114440918,3.6700000762939453,3.549999952316284,3.630000114440918,261700
2023-11-13,3.630000114440918,3.6600000858306885,3.609999895095825,3.630000114440918,125000
2023-11-14,3.690000057220459,3.950000047683716,3.640000104904175,3.7300000190734863,665100
2023-11-15,3.7100000381469727,3.740000009536743,3.630000114440918,3.7100000381469727,283500
2023-11-16,3.7100000381469727,3.75,3.640000104904175,3.700000047683716,369800
2023-11-17,3.740000009536743,3.7799999713897705,3.700000047683716,3.740000009536743,194800
2023-11-20,3.75,3.7799999713897705,3.6500000953674316,3.759999990463257,418100
2023-11-21,3.7200000286102295,3.7799999713897705,3.6500000953674316,3.7200000286102295,223200
2023-11-22,3.740000009536743,3.7699999809265137,3.7100000381469727,3.7300000190734863,125400
2023-11-24,3.7200000286102295,3.7799999713897705,3.7200000286102295,3.75,101700
2023-11-27,3.6500000953674316,3.7100000381469727,3.640000104904175,3.680000066757202,216500
2023-11-28,3.640000104904175,3.680000066757202,3.609999895095825,3.640000104904175,215100
2023-11-29,3.619999885559082,3.6700000762939453,3.5799999237060547,3.630000114440918,234500
2023-11-30,3.640000104904175,3.6600000858306885,3.5799999237060547,3.630000114440918,849300
2023-12-01,3.759999990463257,3.7699999809265137,3.609999895095825,3.619999885559082,409900
2023-12-04,3.940000057220459,3.9600000381469727,3.7300000190734863,3.7300000190734863,525300
2023-12-05,3.9800000190734863,4.0,3.9000000953674316,3.940000057220459,338900
2023-12-06,3.759999990463257,4.03000020980835,3.75,4.0,284100
2023-12-07,3.7899999618530273,3.7899999618530273,3.7200000286102295,3.759999990463257,162600
2023-12-08,3.7799999713897705,3.799999952316284,3.7300000190734863,3.7799999713897705,93400
2023-12-11,3.759999990463257,3.799999952316284,3.7100000381469727,3.740000009536743,142700
2023-12-12,3.75,3.799999952316284,3.7300000190734863,3.759999990463257,127700
2023-12-13,3.8499999046325684,3.869999885559082,3.740000009536743,3.740000009536743,208100
2023-12-14,3.890000104904175,3.930000066757202,3.819999933242798,3.869999885559082,201400
2023-12-15,3.9000000953674316,3.9200000762939453,3.869999885559082,3.9100000858306885,397900
2023-12-18,3.8399999141693115,3.9000000953674316,3.799999952316284,3.9000000953674316,282700
2023-12-19,3.9000000953674316,3.9700000286102295,3.8299999237060547,3.859999895095825,613900
2023-12-20,3.809999942779541,3.9600000381469727,3.799999952316284,3.9100000858306885,338200
2023-12-21,3.940000057220459,3.950000047683716,3.809999942779541,3.819999933242798,180700
2023-12-22,3.9700000286102295,4.0,3.8399999141693115,3.9600000381469727,103300
2023-12-26,3.990000009536743,4.019999980926514,3.9100000858306885,3.9800000190734863,188100
2023-12-27,4.0,4.010000228881836,3.940000057220459,3.9800000190734863,93400
2023-12-28,3.9800000190734863,4.050000190734863,3.950000047683716,4.0,177000
2023-12-29,3.9200000762939453,4.010000228881836,3.9200000762939453,3.990000009536743,120700
2024-01-02,3.9200000762939453,3.950000047683716,3.869999885559082,3.9200000762939453,146600
2024-01-03,3.890000104904175,3.9700000286102295,3.880000114440918,3.9000000953674316,127500
2024-01-04,3.819999933242798,3.9100000858306885,3.819999933242798,3.9100000858306885,89400
2024-01-05,3.8399999141693115,3.880000114440918,3.6500000953674316,3.809999942779541,132600
2024-01-08,3.890000104904175,3.9000000953674316,3.819999933242798,3.859999895095825,88700
2024-01-09,3.890000104904175,3.9200000762939453,3.8299999237060547,3.859999895095825,137400
2024-01-10,3.7799999713897705,3.890000104904175,3.759999990463257,3.890000104904175,106500
2024-01-11,3.759999990463257,3.869999885559082,3.7300000190734863,3.7899999618530273,110500
2024-01-12,3.75,3.8299999237060547,3.7100000381469727,3.809999942779541,121600
2024-01-16,3.7300000190734863,3.8299999237060547,3.6600000858306885,3.6600000858306885,132900
2024-01-17,3.7300000190734863,3.7699999809265137,3.690000057220459,3.700000047683716,81600
2024-01-18,3.75,3.75,3.700000047683716,3.740000009536743,86700
2024-01-19,3.7899999618530273,3.8299999237060547,3.680000066757202,3.75,202400
2024-01-22,3.940000057220459,3.940000057220459,3.8499999046325684,3.880000114440918,174700
2024-01-23,4.0,4.010000228881836,3.940000057220459,3.9800000190734863,135300
2024-01-24,4.0,4.090000152587891,3.9700000286102295,4.039999961853027,109000
2024-01-25,4.059999942779541,4.119999885559082,4.010000228881836,4.050000190734863,118200
2024-01-26,4.059999942779541,4.099999904632568,4.010000228881836,4.090000152587891,69100
2024-01-29,4.139999866485596,4.489999771118164,4.03000020980835,4.050000190734863,334200
2024-01-30,4.03000020980835,4.159999847412109,4.019999980926514,4.150000095367432,78600
2024-01-31,3.9100000858306885,4.099999904632568,3.9100000858306885,4.019999980926514,219000
2024-02-01,3.9600000381469727,4.03000020980835,3.9100000858306885,3.940000057220459,117700
2024-02-02,3.9700000286102295,4.059999942779541,3.9100000858306885,3.9200000762939453,128500
2024-02-05,3.809999942779541,4.010000228881836,3.799999952316284,3.9700000286102295,322200
2024-02-06,3.880000114440918,3.9100000858306885,3.7799999713897705,3.799999952316284,191900
2024-02-07,3.869999885559082,3.9200000762939453,3.819999933242798,3.880000114440918,232700
2024-02-08,4.260000228881836,4.300000190734863,4.150000095367432,4.25,422600
2024-02-09,4.360000133514404,4.389999866485596,4.230000019073486,4.289999961853027,277400
2024-02-12,4.320000171661377,4.360000133514404,4.239999771118164,4.329999923706055,256100
2024-02-13,4.179999828338623,4.340000152587891,4.159999847412109,4.269999980926514,219500
2024-02-14,4.320000171661377,4.329999923706055,4.21999979019165,4.230000019073486,197900
2024-02-15,4.349999904632568,4.400000095367432,4.300000190734863,4.380000114440918,192100
2024-02-16,4.190000057220459,4.340000152587891,4.190000057220459,4.329999923706055,126300
2024-02-20,4.079999923706055,4.21999979019165,4.039999961853027,4.150000095367432,184400
2024-02-21,4.019999980926514,4.179999828338623,4.0,4.070000171661377,137000
2024-02-22,4.010000228881836,4.059999942779541,3.9700000286102295,4.0,153300
2024-02-23,4.0,4.050000190734863,3.990000009536743,4.019999980926514,117400
2024-02-26,3.9700000286102295,4.039999961853027,3.950000047683716,4.03000020980835,122500
2024-02-27,4.0,4.019999980926514,3.9600000381469727,3.9800000190734863,81900
2024-02-28,3.9700000286102295,4.03000020980835,3.9700000286102295,3.9800000190734863,121300
2024-02-29,4.039999961853027,4.050000190734863,3.9700000286102295,4.050000190734863,145600
2024-03-01,4.059999942779541,4.090000152587891,4.03000020980835,4.050000190734863,93100
2024-03-04,4.059999942779541,4.110000133514404,4.03000020980835,4.070000171661377,171800
2024-03-05,3.940000057220459,4.070000171661377,3.940000057220459,4.059999942779541,170400
2024-03-06,3.9200000762939453,3.990000009536743,3.9200000762939453,3.990000009536743,140700
2024-03-07,4.010000228881836,4.03000020980835,3.940000057220459,3.940000057220459,83700
2024-03-08,4.019999980926514,4.070000171661377,3.990000009536743,4.050000190734863,100300
2024-03-11,4.019999980926514,4.03000020980835,4.0,4.010000228881836,67400
2024-03-12,4.019999980926514,4.059999942779541,4.0,4.050000190734863,77400
2024-03-13,4.0,4.059999942779541,4.0,4.019999980926514,94100
2024-03-14,3.9800000190734863,4.039999961853027,3.950000047683716,4.03000020980835,248400
2024-03-15,4.650000095367432,4.679999828338623,4.269999980926514,4.300000190734863,1197000
2024-03-18,4.909999847412109,4.989999771118164,4.699999809265137,4.78000020980835,811100
2024-03-19,5.050000190734863,5.110000133514404,4.889999866485596,4.940000057220459,781200
2024-03-20,5.170000076293945,5.190000057220459,5.0,5.050000190734863,591700
2024-03-21,5.179999828338623,5.25,5.139999866485596,5.170000076293945,470300
2024-03-22,5.210000038146973,5.340000152587891,5.110000133514404,5.210000038146973,471800
2024-03-25,5.239999771118164,5.340000152587891,5.210000038146973,5.269999980926514,363800
2024-03-26,5.230000019073486,5.289999961853027,5.170000076293945,5.28000020980835,222700
2024-03-27,5.28000020980835,5.300000190734863,5.230000019073486,5.230000019073486,317300
2024-03-28,5.329999923706055,5.440000057220459,5.260000228881836,5.260000228881836,306100
2024-04-01,5.309999942779541,5.349999904632568,5.260000228881836,5.300000190734863,211600
2024-04-02,5.289999961853027,5.320000171661377,5.199999809265137,5.269999980926514,206000
2024-04-03,5.360000133514404,5.380000114440918,5.25,5.260000228881836,355100
2024-04-04,5.369999885559082,5.46999979019165,5.329999923706055,5.400000095367432,297900
2024-04-05,5.21999979019165,5.360000133514404,5.159999847412109,5.349999904632568,267400
2024-04-08,5.159999847412109,5.28000020980835,5.110000133514404,5.239999771118164,202900
2024-04-09,5.199999809265137,5.199999809265137,5.110000133514404,5.159999847412109,198800
2024-04-10,5.0,5.150000095367432,4.980000019073486,5.110000133514404,422600
2024-04-11,5.159999847412109,5.159999847412109,4.929999828338623,5.0,173300
2024-04-12,5.019999980926514,5.150000095367432,4.980000019073486,5.150000095367432,126700
2024-04-15,4.949999809265137,5.039999961853027,4.920000076293945,5.0,253000
2024-04-16,4.929999828338623,4.96999979019165,4.860000133514404,4.900000095367432,226800
2024-04-17,4.820000171661377,4.96999979019165,4.809999942779541,4.96999979019165,141400
2024-04-18,4.840000152587891,4.960000038146973,4.800000190734863,4.829999923706055,189300
2024-04-19,4.880000114440918,4.920000076293945,4.820000171661377,4.820000171661377,121100
2024-04-22,4.960000038146973,4.989999771118164,4.880000114440918,4.900000095367432,141400
2024-04-23,4.96999979019165,5.059999942779541,4.949999809265137,4.949999809265137,110400
2024-04-24,4.980000019073486,5.03000020980835,4.909999847412109,4.940000057220459,137300
2024-04-25,4.889999866485596,4.949999809265137,4.880000114440918,4.929999828338623,108000
2024-04-26,4.869999885559082,4.920000076293945,4.860000133514404,4.900000095367432,124800
2024-04-29,4.889999866485596,4.929999828338623,4.880000114440918,4.880000114440918,187400
2024-04-30,4.869999885559082,4.900000095367432,4.840000152587891,4.900000095367432,132400
2024-05-01,4.929999828338623,4.96999979019165,4.860000133514404,4.860000133514404,128600
2024-05-02,4.909999847412109,4.960000038146973,4.889999866485596,4.960000038146973,117600
2024-05-03,5.019999980926514,5.059999942779541,4.949999809265137,4.980000019073486,178700
2024-05-06,5.150000095367432,5.199999809265137,5.03000020980835,5.03000020980835,159200
2024-05-07,5.210000038146973,5.260000228881836,5.139999866485596,5.159999847412109,182300
2024-05-08,5.179999828338623,5.21999979019165,5.139999866485596,5.179999828338623,149400
2024-05-09,5.179999828338623,5.239999771118164,5.139999866485596,5.239999771118164,256600
2024-05-10,5.079999923706055,5.110000133514404,4.650000095367432,5.059999942779541,635400
2024-05-13,5.159999847412109,5.239999771118164,5.070000171661377,5.079999923706055,233000
2024-05-14,5.289999961853027,5.380000114440918,5.190000057220459,5.21999979019165,259800
2024-05-15,5.300000190734863,5.369999885559082,5.150000095367432,5.300000190734863,442100
2024-05-16,5.380000114440918,5.409999847412109,5.25,5.300000190734863,270300
2024-05-17,5.380000114440918,5.429999828338623,5.309999942779541,5.409999847412109,206900
2024-05-20,5.510000228881836,5.539999961853027,5.349999904632568,5.409999847412109,427600
2024-05-21,5.679999828338623,5.730000019073486,5.489999771118164,5.510000228881836,648200
2024-05-22,5.659999847412109,5.730000019073486,5.630000114440918,5.699999809265137,242000
2024-05-23,5.570000171661377,5.659999847412109,5.510000228881836,5.659999847412109,153400
2024-05-24,5.550000190734863,5.619999885559082,5.53000020980835,5.610000133514404,128000
2024-05-28,5.519999980926514,5.639999866485596,5.510000228881836,5.639999866485596,196100
2024-05-29,5.519999980926514,5.550000190734863,5.449999809265137,5.5,129100
2024-05-30,5.460000038146973,5.619999885559082,5.449999809265137,5.550000190734863,352600
2024-05-31,5.579999923706055,5.590000152587891,5.420000076293945,5.460000038146973,145500
2024-06-03,5.519999980926514,5.739999771118164,5.510000228881836,5.599999904632568,454700
2024-06-04,5.489999771118164,5.570000171661377,5.480000019073486,5.53000020980835,186100
2024-06-05,5.300000190734863,5.519999980926514,5.289999961853027,5.519999980926514,179300
2024-06-06,5.300000190734863,5.349999904632568,5.239999771118164,5.300000190734863,143500
2024-06-07,5.190000057220459,5.269999980926514,5.090000152587891,5.269999980926514,195800
2024-06-10,5.210000038146973,5.239999771118164,5.119999885559082,5.139999866485596,174600
2024-06-11,5.260000228881836,5.269999980926514,5.139999866485596,5.170000076293945,104300
2024-06-12,5.329999923706055,5.429999828338623,5.289999961853027,5.369999885559082,315500
2024-06-13,5.309999942779541,5.320000171661377,5.21999979019165,5.309999942779541,101500
2024-06-14,5.199999809265137,5.309999942779541,5.170000076293945,5.309999942779541,108000
2024-06-17,5.099999904632568,5.25,5.050000190734863,5.25,350000
2024-06-18,5.159999847412109,5.210000038146973,5.090000152587891,5.139999866485596,209200
2024-06-20,5.039999961853027,5.199999809265137,5.039999961853027,5.190000057220459,79900
2024-06-21,5.0,5.070000171661377,5.0,5.039999961853027,274500
2024-06-24,4.980000019073486,5.059999942779541,4.960000038146973,5.039999961853027,151500
2024-06-25,4.929999828338623,4.989999771118164,4.869999885559082,4.989999771118164,155500
2024-06-26,4.880000114440918,4.960000038146973,4.860000133514404,4.869999885559082,164200
2024-06-27,4.900000095367432,4.909999847412109,4.840000152587891,4.889999866485596,164400
2024-06-28,5.010000228881836,5.050000190734863,4.860000133514404,4.900000095367432,612100
2024-07-01,4.980000019073486,5.099999904632568,4.949999809265137,5.03000020980835,167700
2024-07-02,5.070000171661377,5.110000133514404,4.960000038146973,4.989999771118164,121700
2024-07-03,5.159999847412109,5.190000057220459,5.059999942779541,5.110000133514404,112300
2024-07-05,5.130000114440918,5.179999828338623,5.050000190734863,5.170000076293945,150000
2024-07-08,5.239999771118164,5.28000020980835,5.130000114440918,5.179999828338623,180400
2024-07-09,5.210000038146973,5.28000020980835,5.130000114440918,5.239999771118164,124400
2024-07-10,5.260000228881836,5.269999980926514,5.179999828338623,5.210000038146973,91600
2024-07-11,5.380000114440918,5.460000038146973,5.320000171661377,5.320000171661377,304300
2024-07-12,5.420000076293945,5.53000020980835,5.400000095367432,5.449999809265137,366700
2024-07-15,5.579999923706055,5.579999923706055,5.400000095367432,5.429999828338623,543300
2024-07-16,5.599999904632568,5.699999809265137,5.570000171661377,5.659999847412109,353900
2024-07-17,5.570000171661377,5.639999866485596,5.420000076293945,5.599999904632568,418800
2024-07-18,5.409999847412109,5.610000133514404,5.389999866485596,5.519999980926514,237200
2024-07-19,5.309999942779541,5.429999828338623,5.289999961853027,5.420000076293945,198600
2024-07-22,5.510000228881836,5.510000228881836,5.269999980926514,5.349999904632568,246100
2024-07-23,5.619999885559082,5.639999866485596,5.46999979019165,5.510000228881836,254100
2024-07-24,5.420000076293945,5.610000133514404,5.420000076293945,5.570000171661377,243900
2024-07-25,5.409999847412109,5.519999980926514,5.320000171661377,5.420000076293945,370900
2024-07-26,5.420000076293945,5.5,5.369999885559082,5.489999771118164,207100
2024-07-29,5.349999904632568,5.5,5.329999923706055,5.440000057220459,188600
2024-07-30,5.349999904632568,5.380000114440918,5.28000020980835,5.349999904632568,164800
2024-07-31,5.349999904632568,5.440000057220459,5.329999923706055,5.400000095367432,382000
2024-08-01,5.130000114440918,5.369999885559082,5.099999904632568,5.340000152587891,177800
2024-08-02,4.880000114440918,5.050000190734863,4.869999885559082,5.0,532000
2024-08-05,4.670000076293945,4.760000228881836,4.579999923706055,4.760000228881836,506000
2024-08-06,4.789999961853027,4.860000133514404,4.639999866485596,4.710000038146973,266900
2024-08-07,4.809999942779541,4.909999847412109,4.800000190734863,4.860000133514404,235900
2024-08-08,4.920000076293945,4.980000019073486,4.78000020980835,4.900000095367432,285400
2024-08-09,4.579999923706055,4.800000190734863,4.360000133514404,4.800000190734863,954800
2024-08-12,4.489999771118164,4.619999885559082,4.349999904632568,4.519999980926514,676000
2024-08-13,4.480000019073486,4.539999961853027,4.420000076293945,4.489999771118164,542800
2024-08-14,4.579999923706055,4.820000171661377,4.5,4.53000020980835,456100
2024-08-15,4.670000076293945,4.739999771118164,4.610000133514404,4.670000076293945,2194200
2024-08-16,4.75,4.789999961853027,4.679999828338623,4.679999828338623,490900
2024-08-19,4.760000228881836,4.769999980926514,4.699999809265137,4.760000228881836,306600
2024-08-20,4.760000228881836,4.800000190734863,4.690000057220459,4.730000019073486,174700
2024-08-21,4.739999771118164,4.820000171661377,4.730000019073486,4.800000190734863,181000
2024-08-22,4.670000076293945,4.760000228881836,4.659999847412109,4.739999771118164,315600
2024-08-23,4.789999961853027,4.860000133514404,4.670000076293945,4.699999809265137,261300
2024-08-26,4.769999980926514,4.809999942779541,4.75,4.809999942779541,161100
2024-08-27,4.730000019073486,4.769999980926514,4.71999979019165,4.75,212200
2024-08-28,4.739999771118164,4.78000020980835,4.710000038146973,4.730000019073486,193400
2024-08-29,4.789999961853027,4.849999904632568,4.75,4.78000020980835,117400
2024-08-30,4.809999942779541,4.829999923706055,4.75,4.809999942779541,163300
2024-09-03,4.679999828338623,4.78000020980835,4.679999828338623,4.710000038146973,358700
2024-09-04,4.699999809265137,4.769999980926514,4.690000057220459,4.690000057220459,198800
2024-09-05,4.730000019073486,4.769999980926514,4.690000057220459,4.71999979019165,216900
2024-09-06,4.690000057220459,4.760000228881836,4.679999828338623,4.739999771118164,274500
2024-09-09,4.699999809265137,4.820000171661377,4.670000076293945,4.670000076293945,244200
2024-09-10,4.699999809265137,4.800000190734863,4.659999847412109,4.699999809265137,337800
2024-09-11,4.659999847412109,4.730000019073486,4.599999904632568,4.670000076293945,437800
2024-09-12,4.75,4.789999961853027,4.670000076293945,4.679999828338623,235400
2024-09-13,4.78000020980835,4.820000171661377,4.760000228881836,4.78000020980835,124700
2024-09-16,4.75,4.800000190734863,4.71999979019165,4.78000020980835,300300
2024-09-17,4.760000228881836,4.840000152587891,4.760000228881836,4.760000228881836,187100
2024-09-18,4.690000057220459,4.809999942779541,4.679999828338623,4.760000228881836,189400
2024-09-19,4.679999828338623,4.789999961853027,4.670000076293945,4.78000020980835,343000
2024-09-20,4.579999923706055,4.690000057220459,4.559999942779541,4.639999866485596,576400
2024-09-23,4.599999904632568,4.639999866485596,4.559999942779541,4.579999923706055,293300
2024-09-24,4.760000228881836,4.78000020980835,4.619999885559082,4.619999885559082,268100
2024-09-25,4.75,4.840000152587891,4.730000019073486,4.75,248400
2024-09-26,4.760000228881836,4.809999942779541,4.75,4.800000190734863,261000
2024-09-27,4.730000019073486,4.820000171661377,4.730000019073486,4.800000190734863,341600
2024-09-30,4.659999847412109,4.75,4.639999866485596,4.710000038146973,312100
2024-10-01,4.449999809265137,4.650000095367432,4.409999847412109,4.630000114440918,569600
2024-10-02,4.420000076293945,4.590000152587891,4.400000095367432,4.400000095367432,298900
2024-10-03,4.480000019073486,4.539999961853027,4.440000057220459,4.440000057220459,306100
2024-10-04,4.53000020980835,4.610000133514404,4.519999980926514,4.519999980926514,228700
2024-10-07,4.480000019073486,4.559999942779541,4.46999979019165,4.510000228881836,315400
2024-10-08,4.550000190734863,4.619999885559082,4.480000019073486,4.480000019073486,253500
2024-10-09,4.550000190734863,4.760000228881836,4.539999961853027,4.760000228881836,283600
2024-10-10,4.519999980926514,4.590000152587891,4.489999771118164,4.489999771118164,331000
2024-10-11,4.599999904632568,4.610000133514404,4.519999980926514,4.519999980926514,295900
2024-10-14,4.590000152587891,4.710000038146973,4.590000152587891,4.590000152587891,263000
2024-10-15,4.519999980926514,4.650000095367432,4.519999980926514,4.599999904632568,284900
2024-10-16,4.659999847412109,4.699999809265137,4.53000020980835,4.53000020980835,244100
2024-10-17,4.769999980926514,4.78000020980835,4.659999847412109,4.659999847412109,160300
2024-10-18,4.730000019073486,4.769999980926514,4.730000019073486,4.769999980926514,122400
2024-10-21,4.789999961853027,5.360000133514404,4.789999961853027,4.900000095367432,388500
2024-10-22,4.730000019073486,4.789999961853027,4.71999979019165,4.789999961853027,128500
2024-10-23,4.78000020980835,4.809999942779541,4.710000038146973,4.710000038146973,229800
2024-10-24,4.739999771118164,4.809999942779541,4.739999771118164,4.769999980926514,108400
2024-10-25,4.75,4.78000020980835,4.739999771118164,4.739999771118164,175100
2024-10-28,4.739999771118164,4.829999923706055,4.739999771118164,4.789999961853027,133500
2024-10-29,4.760000228881836,4.789999961853027,4.710000038146973,4.710000038146973,98100
2024-10-30,4.619999885559082,4.800000190734863,4.619999885559082,4.78000020980835,218600
2024-10-31,4.519999980926514,4.670000076293945,4.519999980926514,4.619999885559082,362100
2024-11-01,4.590000152587891,4.670000076293945,4.519999980926514,4.519999980926514,333900
2024-11-04,4.360000133514404,4.579999923706055,4.340000152587891,4.579999923706055,503600
2024-11-05,4.460000038146973,4.46999979019165,4.340000152587891,4.340000152587891,514800
2024-11-06,4.71999979019165,4.789999961853027,4.630000114440918,4.690000057220459,454600
2024-11-07,4.679999828338623,4.78000020980835,4.659999847412109,4.730000019073486,252500
2024-11-08,4.690000057220459,4.699999809265137,4.639999866485596,4.679999828338623,145500
2024-11-11,4.730000019073486,4.760000228881836,4.679999828338623,4.710000038146973,273100
2024-11-12,4.309999942779541,4.650000095367432,4.139999866485596,4.239999771118164,1109100
2024-11-13,4.309999942779541,4.369999885559082,4.21999979019165,4.340000152587891,487800
2024-11-14,4.369999885559082,4.460000038146973,4.320000171661377,4.340000152587891,308600
2024-11-15,4.429999828338623,4.460000038146973,4.360000133514404,4.380000114440918,299300
2024-11-18,4.510000228881836,4.559999942779541,4.440000057220459,4.440000057220459,313500
2024-11-19,4.420000076293945,4.510000228881836,4.420000076293945,4.510000228881836,297800
2024-11-20,4.449999809265137,4.480000019073486,4.400000095367432,4.429999828338623,282700
2024-11-21,4.53000020980835,4.539999961853027,4.460000038146973,4.460000038146973,131300
2024-11-22,4.559999942779541,4.599999904632568,4.519999980926514,4.539999961853027,137100
2024-11-25,4.579999923706055,4.659999847412109,4.550000190734863,4.559999942779541,155200
2024-11-26,4.5,4.599999904632568,4.5,4.590000152587891,126200
2024-11-27,4.489999771118164,4.539999961853027,4.489999771118164,4.510000228881836,248300
2024-11-29,4.550000190734863,4.579999923706055,4.510000228881836,4.519999980926514,129400
2024-12-02,4.420000076293945,4.570000171661377,4.420000076293945,4.570000171661377,448600
2024-12-03,4.46999979019165,4.5,4.380000114440918,4.440000057220459,326400
2024-12-04,4.519999980926514,4.550000190734863,4.46999979019165,4.489999771118164,199700
2024-12-05,4.559999942779541,4.559999942779541,4.5,4.510000228881836,133900
2024-12-06,4.53000020980835,4.590000152587891,4.46999979019165,4.590000152587891,174700
2024-12-09,4.5,4.590000152587891,4.5,4.53000020980835,162200
2024-12-10,4.440000057220459,4.510000228881836,4.429999828338623,4.510000228881836,258500
2024-12-11,4.53000020980835,4.539999961853027,4.420000076293945,4.440000057220459,481800
2024-12-12,4.5,4.570000171661377,4.489999771118164,4.53000020980835,251300
2024-12-13,4.480000019073486,4.519999980926514,4.429999828338623,4.5,182200
2024-12-16,4.489999771118164,4.510000228881836,4.449999809265137,4.460000038146973,164300
2024-12-17,4.5,4.510000228881836,4.440000057220459,4.449999809265137,150300
2024-12-18,4.309999942779541,4.539999961853027,4.289999961853027,4.519999980926514,265300
2024-12-19,4.309999942779541,4.420000076293945,4.300000190734863,4.329999923706055,304100
2024-12-20,4.420000076293945,4.510000228881836,4.260000228881836,4.260000228881836,845300
2024-12-23,4.449999809265137,4.510000228881836,4.420000076293945,4.420000076293945,230100
2024-12-24,4.510000228881836,4.53000020980835,4.449999809265137,4.46999979019165,98000
2024-12-26,4.440000057220459,4.53000020980835,4.429999828338623,4.489999771118164,147000
2024-12-27,4.369999885559082,4.46999979019165,4.340000152587891,4.440000057220459,132600
2024-12-30,4.329999923706055,4.360000133514404,4.25,4.349999904632568,122800
2024-12-31,4.340000152587891,4.389999866485596,4.309999942779541,4.360000133514404,208900
2025-01-02,4.349999904632568,4.480000019073486,4.329999923706055,4.369999885559082,188100
2025-01-03,4.320000171661377,4.380000114440918,4.309999942779541,4.380000114440918,144600
