Date,Close,High,Low,Open,Volume
2020-11-25,21.078922271728516,21.078922271728516,20.618814149682365,20.626639305575488,95000
2020-11-27,21.31524085998535,21.870815099290056,21.03354116160572,21.870815099290056,375200
2020-11-30,21.32306480407715,21.589114172408443,21.22916441246183,21.283940511526822,1229800
2020-12-01,21.119613647460938,21.323063237264634,21.080489357785453,21.323063237264634,54200
2020-12-02,21.088315963745117,21.10396478519336,21.064840492828626,21.096139628221195,93400
2020-12-03,21.088315963745117,21.158740883998505,21.07266564980079,21.088315963745117,61400
2020-12-04,21.119613647460938,21.150914273198115,21.080489357785453,21.150914273198115,63200
2020-12-07,21.12744140625,21.143091721046304,21.07266679695911,21.103965934055548,11600
2020-12-08,21.11178970336914,21.11178970336914,21.072665411446945,21.096139389601834,13600
2020-12-09,21.096141815185547,21.10788029810872,21.064842676548302,21.103966972968916,153900
2020-12-10,21.088315963745117,21.158740883998505,21.025716200463894,21.158740883998505,14700
2020-12-11,21.096141815185547,21.103966972968916,21.088318149898416,21.088318149898416,11200
2020-12-14,21.088315963745117,21.166564548474582,21.080490806772954,21.10396478519336,24000
2020-12-15,21.096141815185547,21.158743077452513,21.064842676548302,21.15091791966914,112400
2020-12-16,21.10396385192871,21.10396385192871,21.088315031172492,21.096138695302592,81100
2020-12-17,21.174386978149414,21.213512757970765,21.103962066966876,21.103962066966876,351400
2020-12-18,21.080490112304688,21.158740186952393,21.080490112304688,21.147783773555442,10700
2020-12-21,21.002241134643555,21.111790349374683,20.994415977520458,20.994415977520458,11200
2020-12-22,20.89269256591797,21.135266474249946,20.775316697938347,21.049191235730532,24400
2020-12-23,20.955289840698242,21.11178849190267,20.864519220053452,21.041363576487083,12200
2020-12-24,21.029626846313477,21.103963594611187,20.923989471892938,21.01006470123471,7300
2020-12-28,21.01788902282715,21.08048878009002,20.986588397947745,21.08048878009002,9700
2020-12-29,20.97093963623047,21.017890577021422,20.912253198985855,21.002240263424437,35900
2020-12-30,21.080490112304688,21.143089873523646,20.916164806294898,21.00224003765698,28100
2020-12-31,21.409141540527344,21.409141540527344,21.013979292566503,21.013979292566503,62200
2021-01-04,21.158740997314453,21.362189109695933,21.14309068328631,21.362189109695933,10500
2021-01-05,21.088315963745117,21.12744025610985,21.07266564980079,21.10396478519336,3600
2021-01-06,20.751840591430664,21.041363921782814,20.423191478263355,21.041363921782814,11000
2021-01-07,20.73619270324707,20.83791676547034,20.5483934012606,20.712717230812693,13700
2021-01-08,20.73619270324707,20.744017860725197,20.615688561575535,20.73619270324707,6600
2021-01-11,20.477968215942383,20.54056798247484,20.442755753986862,20.45449274380665,6100
2021-01-12,20.384065628051758,20.517090304191466,20.26669126498637,20.321465868250485,12000
2021-01-13,20.81443977355957,20.857477387213372,20.34494084028458,20.34494084028458,98300
2021-01-14,20.81443977355957,20.892689844521396,20.712714233560405,20.76749032798086,15500
2021-01-15,20.798795700073242,20.853570318428975,20.509270798411837,20.509270798411837,8700
2021-01-19,20.749492645263672,20.861389547024704,20.70488940264128,20.861389547024704,3900
2021-01-20,20.845741271972656,20.845741271972656,20.80192158546051,20.80192158546051,1800
2021-01-21,20.81443977355957,20.84573890644672,20.75966517163508,20.75966517163508,5000
2021-01-22,20.783143997192383,20.783143997192383,20.69707024229846,20.69707024229846,1200
2021-01-25,20.81443977355957,20.916163821062767,20.744014858943522,20.744014858943522,2900
2021-01-26,20.767492294311523,20.85356603727289,20.697067373027426,20.85356603727289,7300
2021-01-27,20.360593795776367,20.790967003184804,20.360593795776367,20.681417785116363,8800
2021-01-28,20.65011215209961,20.65011215209961,20.423188613585356,20.423188613585356,5800
2021-01-29,20.689245223999023,20.689245223999023,20.431020972578867,20.603169976026866,29100
2021-02-01,20.65793800354004,20.692368390248742,20.477963899259155,20.642287692081915,3700
2021-02-02,20.68141746520996,20.78314152434342,20.66576715072908,20.689242622450404,5300
2021-02-03,20.501441955566406,20.758100528911235,20.501441955566406,20.603166007899212,2800
2021-02-04,20.689245223999023,20.72836952262474,20.438846130803277,20.6657697493258,8500
2021-02-05,20.603164672851562,20.697065054878532,20.517089447034834,20.65793927382732,5100
2021-02-08,20.61098861694336,20.65793805894781,20.61098861694336,20.650112903197762,3600
2021-02-09,20.6657657623291,20.697066389187977,20.646203616790324,20.697066389187977,1800
2021-02-10,20.62664031982422,20.775313811616467,20.517089624429566,20.775313811616467,7000
2021-02-11,20.49361801147461,20.622729373709575,20.399717617806896,20.59534206982652,17500
2021-02-12,20.4388427734375,20.470141908697485,20.368417853482434,20.470141908697485,7100
2021-02-16,20.094539642333984,20.399713244461907,20.094539642333984,20.399713244461907,25000
2021-02-17,20.063241958618164,20.20956925370813,20.063241958618164,20.11801656266339,5900
2021-02-18,20.211917877197266,20.211917877197266,20.00064311547663,20.09454350707339,107600
2021-02-19,19.992816925048828,20.17279254193174,19.992816925048828,20.17279254193174,11600
2021-02-22,19.836318969726562,20.02411825733688,19.836318969726562,20.02411825733688,6600
2021-02-23,19.828495025634766,19.85197049770793,19.72676947248054,19.84414534035021,11800
2021-02-24,19.74241828918457,19.828493521092152,19.601568452425273,19.828493521092152,10800
2021-02-25,19.241621017456055,19.716597456577993,19.21814554616227,19.703294838761124,31200
2021-02-26,19.64069366455078,19.64069366455078,19.404379310143323,19.56244359168484,10300
2021-03-01,19.703289031982422,19.711114186774193,19.609388666976862,19.664163258023578,14700
2021-03-02,19.648517608642578,19.765891964450706,19.648517608642578,19.67199158430666,7600
2021-03-03,19.64069366455078,19.83631810046763,19.56244359168484,19.69546826780814,11400
2021-03-04,19.61722183227539,19.848058769157813,19.523322921422768,19.81284630446401,32900
2021-03-05,19.632869720458984,19.789369875855662,19.54523034983497,19.789369875855662,21100
2021-03-08,19.523319244384766,19.632868450578997,19.523319244384766,19.632868450578997,19800
2021-03-09,19.60939598083496,19.693905594612293,19.601570823124586,19.601570823124586,15200
2021-03-10,19.656343460083008,19.718943218228343,19.656343460083008,19.687642592907693,38500
2021-03-11,19.69546890258789,19.797192955844952,19.64069429756516,19.718944372953082,43000
2021-03-12,19.55462074279785,19.695470592079094,19.468545503237944,19.695470592079094,47500
2021-03-15,19.51549530029297,19.578095063792464,19.50767014329352,19.578095063792464,79400
2021-03-16,19.632869720458984,19.687644327098994,19.57026995679953,19.59374542785786,26500
2021-03-17,19.6719913482666,19.718942284023225,19.56244214982626,19.64069221692474,48700
2021-03-18,19.56244468688965,19.640694764136423,19.546794372941076,19.640694764136423,32100
2021-03-19,19.61722183227539,19.71112223562429,19.585922692823274,19.601571516301192,21800
2021-03-22,19.797191619873047,19.843358997061845,19.68764241722029,19.68764241722029,13300
2021-03-23,19.8989200592041,19.8989200592041,19.78937084058358,19.78937084058358,5300
2021-03-24,19.87544059753418,19.922390040019668,19.82849115504869,19.87544059753418,11300
2021-03-25,19.9771671295166,19.9771671295166,19.891091903576967,19.891091903576967,7000
2021-03-26,20.094539642333984,20.094539642333984,19.92238920626527,19.92238920626527,16300
2021-03-29,20.125843048095703,20.160273441124218,20.008468675607013,20.102369069095637,19700
2021-03-30,20.110191345214844,20.17279110107366,20.094541033126163,20.125840164807617,72800
2021-03-31,20.551259994506836,20.55925055862977,20.167722060871625,20.231645049810826,68100
2021-04-01,20.591215133666992,20.822935423146415,20.407436710279097,20.535282702552802,344300
2021-04-05,20.703081130981445,20.719062261902966,20.63915813133989,20.63915813133989,13400
2021-04-06,20.72705078125,20.735041345921957,20.639156093902873,20.735041345921957,17700
2021-04-07,20.878864288330078,20.910826542961846,20.57523048954918,20.76699944520725,1186300
2021-04-08,20.878864288330078,20.982740091839148,20.790971136181078,20.84690355774249,23200
2021-04-09,20.806955337524414,20.93480132685114,20.700682196812707,20.93480132685114,18800
2021-04-12,20.814945220947266,20.898845393125452,20.798965614667846,20.838916916433103,7800
2021-04-13,20.854894638061523,20.931601307798577,20.822932382637916,20.862885201917425,7900
2021-04-14,20.902841567993164,20.910832133787505,20.878869870610142,20.910832133787505,1800
2021-04-15,20.966758728027344,21.014700585390052,20.886854616393386,20.910826307096823,12100
2021-04-16,21.054655075073242,21.054655075073242,20.958769828689892,21.02269281826403,14500
2021-04-19,21.02269172668457,21.029085092141017,20.87087558685656,21.006712123153974,5000
2021-04-20,20.902841567993164,21.02269700681909,20.80695782655026,21.02269700681909,18000
2021-04-21,20.870878219604492,20.96676194906011,20.82293483083228,20.942790254674005,13500
2021-04-22,20.902841567993164,20.966764570303297,20.878869870610142,20.902841567993164,9500
2021-04-23,20.89484977722168,20.902840342547567,20.854898474636745,20.854898474636745,14700
2021-04-26,20.902841567993164,20.970760615222762,20.898847047118288,20.910832133787505,8300
2021-04-27,20.886856079101562,20.95077906807643,20.870876474891052,20.95077906807643,8200
2021-04-28,20.858888626098633,20.942787258379983,20.858888626098633,20.942787258379983,5900
2021-04-29,20.910829544067383,20.910829544067383,20.862887679283336,20.862887679283336,4000
2021-04-30,21.0067138671875,21.0067138671875,20.882862404266604,20.982742173835103,19700
2021-05-03,21.102598190307617,21.110588754984775,20.8389156521389,20.99872389759331,21300
2021-05-04,20.950777053833008,21.166517692398106,20.91881632444047,20.990729870628837,14900
2021-05-05,21.07862663269043,21.16652132066362,21.006714598219368,21.006714598219368,8100
2021-05-06,21.08661460876465,21.08661460876465,20.93479846968666,20.97474976438209,9100
2021-05-07,21.150537490844727,21.150537490844727,21.01470095588541,21.126567323762856,6000
2021-05-10,21.054655075073242,21.086615807838164,21.006713213903712,21.086615807838164,6300
2021-05-11,20.86288833618164,21.054657325400363,20.81494494584362,21.054657325400363,6500
2021-05-12,20.79097557067871,21.003518817945334,20.75102274386748,20.854898569532175,32500
2021-05-13,20.918821334838867,20.918821334838867,20.751022512194087,20.878868508473687,9800
2021-05-14,20.974750518798828,21.006712774940148,20.918818094595782,20.92680865863111,15600
2021-05-17,20.826927185058594,20.990729924229452,20.794964931540314,20.958767670711172,8600
2021-05-18,20.870878219604492,20.95877138426474,20.854897090013754,20.854897090013754,2100
2021-05-19,20.75901222229004,20.862888042515806,20.751021657346175,20.77499335217776,5300
2021-05-20,20.982742309570312,21.014703043535928,20.81494350310671,20.974751745067824,4900
2021-05-21,20.958770751953125,21.006714139278916,20.90283832411739,21.006714139278916,3400
2021-05-24,21.00751495361328,21.00751495361328,20.817343154875175,21.00671635428695,5200
2021-05-25,21.038671493530273,21.038671493530273,20.95317414298346,20.974748511409647,9000
2021-05-26,20.986738204956055,21.0386761156033,20.92681125332718,21.0386761156033,3100
2021-05-27,21.16652488708496,21.19848715138588,20.990737005563854,21.062650576196273,18400
2021-05-28,21.230445861816406,21.230445861816406,20.97475386803416,21.198485124615875,14500
2021-06-01,21.18250274658203,21.27039743578536,21.15853105205992,21.27039743578536,8400
2021-06-02,21.206472396850586,21.254414257228916,21.166519576498427,21.23843312908805,10300
2021-06-03,21.174510955810547,21.262405639925074,21.16652039143247,21.238433946790842,14300
2021-06-04,21.358287811279297,21.358287811279297,21.190490543674223,21.310345952541308,4200
2021-06-07,21.246423721313477,21.358288570359235,21.246423721313477,21.358288570359235,2600
2021-06-08,21.29436492919922,21.334317748379988,21.254413634062672,21.334317748379988,1800
2021-06-09,21.230445861816406,21.422214857153094,21.230445861816406,21.350301293396274,12300
2021-06-10,21.330324172973633,21.383060681160007,21.26240665857264,21.26240665857264,1700
2021-06-11,21.358287811279297,21.390250066467434,21.31833651633834,21.390250066467434,5800
2021-06-14,21.550058364868164,21.550058364868164,21.29436640062005,21.38226108484696,5300
2021-06-15,21.342308044433594,21.55005814426962,21.326328439864906,21.55005814426962,9100
2021-06-16,21.422210693359375,21.47015407590826,21.372670112485384,21.43020125711752,9700
2021-06-17,21.53407859802246,21.53407859802246,21.334319061951916,21.478144647725486,9300
2021-06-18,21.566038131713867,21.566038131713867,21.53407740022339,21.53407740022339,7600
2021-06-21,21.6699161529541,21.6699161529541,21.537275522208,21.566040335893792,20800
2021-06-22,21.757808685302734,21.757808685302734,21.6547329945341,21.72584795147296,5600
2021-06-23,21.7418270111084,21.837712258281716,21.613981030906846,21.773789268180938,8600
2021-06-24,21.76100730895996,21.821734387227497,21.62197482283753,21.821734387227497,5000
2021-06-25,21.761804580688477,21.813740963312107,21.630761153154282,21.813740963312107,2200
2021-06-28,21.861684799194336,21.861684799194336,21.693885991142476,21.797761806613714,9900
2021-06-29,21.80575180053711,21.861684227075862,21.725847680891324,21.861684227075862,8200
2021-06-30,21.86883544921875,21.99014894271055,21.751565070389944,21.90118499427701,22500
2021-07-01,21.909273147583008,21.925448691686103,21.853468600236692,21.868835829910065,12300
2021-07-02,21.933534622192383,21.957796393725207,21.885007993957412,21.909271308074896,9000
2021-07-06,21.99823760986328,21.99823760986328,21.934345288977482,21.957798748663805,22500
2021-07-07,22.151899337768555,22.18425042480491,22.03058584655168,22.03867361831077,12000
2021-07-08,22.200428009033203,22.232777556458466,22.11308068303978,22.15998914652053,10200
2021-07-09,22.103374481201172,22.224687973688088,22.103374481201172,22.224687973688088,5900
2021-07-12,22.11145782470703,22.12763336515502,22.0548449757235,22.0548449757235,6500
2021-07-13,22.11145782470703,22.119545594931026,21.998232126739975,22.119545594931026,10600
2021-07-14,22.11145782470703,22.12763336515502,22.0629327459475,22.119545594931026,8700
2021-07-15,22.113080978393555,22.184252760332516,22.079113258980144,22.176164987721954,3500
2021-07-16,22.143810272216797,22.19961481428472,22.1195485009418,22.18424912864953,4400
2021-07-19,22.087200164794922,22.14381302826221,21.93353711897938,22.14381302826221,4700
2021-07-20,22.11955451965332,22.16322664538225,22.079925509375474,22.127642293140543,14200
2021-07-21,22.11955451965332,22.159991844504372,22.099335857227796,22.159991844504372,7200
2021-07-22,22.11955451965332,22.168079617991594,21.99904931708831,22.168079617991594,29200
2021-07-23,22.071025848388672,22.1276387110495,22.006323670965077,22.1276387110495,8300
2021-07-26,22.079113006591797,22.11793369764476,22.054851231622354,22.079113006591797,7300
2021-07-27,22.079113006591797,22.079113006591797,21.982871136020616,22.079113006591797,3600
2021-07-28,22.079113006591797,22.135727414218543,21.990150594062378,22.135727414218543,5800
2021-07-29,22.079113006591797,22.127639641700437,22.054851231622354,22.127639641700437,14200
2021-07-30,22.11955451965332,22.135730066627765,22.01441500690449,22.103378972678875,161200
2021-08-02,22.15998649597168,22.176162039041998,22.11146140934542,22.176162039041998,6400
2021-08-03,22.151899337768555,22.232775512774715,22.151899337768555,22.208512197497445,44100
2021-08-04,22.15998649597168,22.200425353647475,22.15189872443652,22.200425353647475,281600
2021-08-05,22.200428009033203,22.232777556458466,22.151901374017996,22.22468978395593,10200
2021-08-06,22.248950958251953,22.281300502561027,22.159987011878727,22.273214273422305,9200
2021-08-09,22.15998649597168,22.27321375487921,22.15189872443652,22.27321375487921,10600
2021-08-10,21.986101150512695,22.23277275957169,21.85103861828936,22.23277275957169,4900
2021-08-11,22.127635955810547,22.176161040251287,21.89309521960848,22.046759786686227,3700
2021-08-12,22.232772827148438,22.24086059793056,22.00793804419295,22.127634892149967,5300
2021-08-13,22.21660041809082,22.265127049625722,22.192338644908133,22.232775961935786,19700
2021-08-16,22.192338943481445,22.24005571865674,22.14381231129367,22.23277626105314,14600
2021-08-17,22.15998649597168,22.23277489720342,22.10337363781026,22.23277489720342,3800
2021-08-18,22.01441192626953,22.176164288208685,21.98206237943261,22.11955142430544,6500
2021-08-19,21.909273147583008,22.07102550344436,21.82839696965233,22.07102550344436,13200
2021-08-20,21.941617965698242,22.08719474609076,21.925443967664762,21.982056817243084,10000
2021-08-23,22.022497177124023,22.038672719982863,21.970737291077338,22.030584948553443,2300
2021-08-24,22.079113006591797,22.079113006591797,22.00632459651371,22.079113006591797,4700
2021-08-25,22.103374481201172,22.143811797835227,22.006322761660787,22.111462253044934,9400
2021-08-26,22.087200164794922,22.127639026260724,21.99985438364756,22.127639026260724,18000
2021-08-27,22.192338943481445,22.22468848902184,22.0305865880251,22.119550537784566,39800
2021-08-30,22.11145782470703,22.21659575245009,22.071020516171494,22.208507982226095,6500
2021-08-31,21.917360305786133,22.184250605673107,21.868835217420703,22.184250605673107,48000
2021-09-01,22.0467586517334,22.079108192167023,21.973970257527075,21.973970257527075,12300
2021-09-02,22.192338943481445,22.22468848902184,22.11146276575327,22.12763830981586,13000
2021-09-03,22.224687576293945,22.224687576293945,22.151899173586358,22.192338032082088,5100
2021-09-07,22.11955451965332,22.192342938453262,22.038678327366156,22.192342938453262,6100
2021-09-08,21.893095016479492,22.176160834495953,21.893095016479492,22.176160834495953,3400
2021-09-09,22.095287322998047,22.119550639203183,21.99014937127871,21.99014937127871,7300
2021-09-10,22.127635955810547,22.14380995556771,21.9739713887328,22.11954818463965,12000
2021-09-13,22.062129974365234,22.151902247322163,22.038676512992684,22.151902247322163,4900
2021-09-14,21.893095016479492,22.103372437217875,21.85265770358483,22.103372437217875,4200
2021-09-15,22.11145782470703,22.11145782470703,21.820304266980955,21.836479807428947,12200
2021-09-16,22.192338943481445,22.192338943481445,21.973973726390813,22.103374993721975,7200
2021-09-17,22.232772827148438,22.232772827148438,22.079108267457244,22.17615997425814,16800
2021-09-20,21.99823760986328,22.14381288242693,21.87773242588304,22.103375563812275,16000
2021-09-21,22.022497177124023,22.135724434551236,21.88500814799322,22.062936034271125,9600
2021-09-22,22.192338943481445,22.20851294495925,21.999853671340087,22.079111677628088,10800
2021-09-23,22.143810272216797,22.30556261277844,22.079109644509067,22.26512529893035,4700
2021-09-24,22.022497177124023,22.111461120262973,21.93353477656974,22.079110034545295,6800
2021-09-27,21.949708938598633,22.079110197253616,21.901183852249186,22.07102396834928,7800
2021-09-28,21.650470733642578,21.949710588303358,21.62620741735192,21.949710588303358,9200
2021-09-29,21.949708938598633,22.03462976794102,21.81221990845463,21.81221990845463,6800
2021-09-30,22.1199893951416,22.1199893951416,21.84164743947262,21.989005129115682,10200
2021-10-01,22.05449676513672,22.087242050177483,22.0053764953922,22.079055338553395,4300
2021-10-04,21.77615737915039,22.095431362795637,21.65335981324497,22.095431362795637,11100
2021-10-05,21.808900833129883,21.939885100602595,21.751595411292524,21.907139814462234,7100
2021-10-06,21.694293975830078,21.907143839948784,21.612428403252743,21.858025120984752,12700
2021-10-07,21.669729232788086,21.890765763360104,21.636983947586078,21.776154922969692,11100
2021-10-08,21.77615737915039,21.77615737915039,21.497815396988358,21.759783953974797,3900
2021-10-11,21.587867736816406,21.825276156730283,21.587867736816406,21.825276156730283,5900
2021-10-12,21.907142639160156,21.91532935211475,21.653360783391204,21.71885292557209,7200
2021-10-13,21.972631454467773,22.173200426391688,21.881760984323094,21.915326033918085,10000
2021-10-14,22.300092697143555,22.300092697143555,22.04631087318371,22.103616295227322,6100
2021-10-15,22.27553367614746,22.291907100823806,22.136364250765688,22.283720388485634,3500
2021-10-18,22.185483932495117,22.21822922182254,21.972634086771603,22.21822922182254,5000
2021-10-19,22.177297592163086,22.177297592163086,22.099526162430834,22.16911087932983,5000
2021-10-20,22.316463470458984,22.316463470458984,22.037303341113628,22.1445456632913,10300
2021-10-21,22.242788314819336,22.242788314819336,22.144549328541306,22.242788314819336,3300
2021-10-22,22.10361671447754,22.226414272822392,22.090517662852413,22.226414272822392,5000
2021-10-25,22.06268310546875,22.169107231879703,22.03812297100981,22.169107231879703,1400
2021-10-26,22.10361671447754,22.267347833241125,22.03812457926324,22.16910884969184,20100
2021-10-27,22.10361671447754,22.16910884969184,22.070869866142555,22.1445487134406,4800
2021-10-28,22.07086753845215,22.195303050672504,22.021748832585615,22.103614383333507,10800
2021-10-29,22.11180305480957,22.28371932131091,22.087242918971246,22.152735053084466,35800
2021-11-01,22.1199893951416,22.305822912683773,21.997191840924256,22.136362818758744,22900
2021-11-02,22.26734733581543,22.283719198161524,22.070869373105943,22.201855202064145,4200
2021-11-03,22.381959915161133,22.39014662769685,22.201856923742636,22.259162350036895,5900
2021-11-04,22.398332595825195,22.398332595825195,22.283720185590056,22.30828032238095,9400
2021-11-05,22.521129608154297,22.521129608154297,22.341026627109617,22.341026627109617,8000
2021-11-08,22.39015007019043,22.44745550529542,22.324657921291013,22.44745550529542,6300
2021-11-09,22.316463470458984,22.373768885696393,22.13636051379063,22.373768885696393,7500
2021-11-10,22.029939651489258,22.259162924033024,21.95626079822361,22.259162924033024,7400
2021-11-11,21.817089080810547,22.07087092172157,21.767970367414552,22.07087092172157,5000
2021-11-12,21.841646194458008,21.980817164359493,21.82527277177418,21.915325035079707,4500
2021-11-15,21.720491409301758,21.81709244536963,21.65336285498123,21.81709244536963,6100
2021-11-16,21.710664749145508,21.75159674970348,21.620612474171093,21.620612474171093,9800
2021-11-17,21.727041244506836,21.759786537289767,21.661547536029065,21.661547536029065,8800
2021-11-18,21.70248031616211,21.817091178926635,21.604241318466876,21.817091178926635,6200
2021-11-19,21.714757919311523,21.78434419591268,21.5804992674323,21.776157483285736,10600
2021-11-22,21.817089080810547,21.907141356582997,21.75159694246397,21.75159694246397,10600
2021-11-23,21.849836349487305,21.849836349487305,21.628799792785298,21.7925309225177,10700
2021-11-24,21.753232955932617,21.85802068016754,21.645170859292787,21.84164725668742,10100
2021-11-26,21.563304901123047,21.77615471802747,21.534652191295102,21.77615471802747,2500
2021-11-29,21.669729232788086,21.75978149964089,21.563305104062074,21.743408076312093,3000
2021-11-30,21.563304901123047,21.73522116009071,21.481439346705102,21.73522116009071,72600
2021-12-01,21.47325325012207,21.77615534170705,21.47325325012207,21.60423751636,15000
2021-12-02,21.596054077148438,21.62061421633569,21.50600335637357,21.50600335637357,6300
2021-12-03,21.530561447143555,21.661545730268006,21.49781615709035,21.661545730268006,7500
2021-12-06,21.62061309814453,21.703296865906022,21.58786780904427,21.63698652342255,5300
2021-12-07,21.849836349487305,21.849836349487305,21.677918507122705,21.677918507122705,8500
2021-12-08,21.727041244506836,21.858025538550468,21.727041244506836,21.858025538550468,3400
2021-12-09,21.653358459472656,21.8580215770047,21.653358459472656,21.66154361009295,7000
2021-12-10,21.669729232788086,21.743408076312093,21.587865239055272,21.702476079445685,6200
2021-12-13,21.743408203125,21.849833893927304,21.587865364961015,21.751594914837145,5900
2021-12-14,21.8662052154541,21.898952061493322,21.56330469686912,21.75978108873776,15500
2021-12-15,21.89076805114746,22.029939041075725,21.776157198779153,21.817089199923334,7800
2021-12-16,22.021753311157227,22.11180559143942,21.931702592330854,21.931702592330854,11600
2021-12-17,21.956260681152344,21.989007531965047,21.93333851016577,21.989007531965047,8200
2021-12-20,21.93988609313965,21.980819654486435,21.874393956440496,21.874393956440496,6300
2021-12-21,21.980819702148438,21.980819702148438,21.90714085302017,21.915327565307276,7700
2021-12-22,22.07086753845215,22.119987805774187,21.93169813207289,21.93169813207289,4900
2021-12-23,22.095430374145508,22.177295934904674,21.964446101513122,22.177295934904674,13500
2021-12-27,21.93988609313965,22.09543050334602,21.93988609313965,22.09543050334602,5600
2021-12-28,21.9890079498291,22.070053752655834,21.9398876726766,21.9398876726766,8900
2021-12-29,21.948074340820312,22.038126620627278,21.915329050907843,22.038126620627278,5300
2021-12-30,22.1121768951416,22.1121768951416,21.956364183918,22.07902444724089,5100
2021-12-31,22.352521896362305,22.352521896362305,22.00442915847389,22.00442915847389,16600
2022-01-03,22.221576690673828,22.327662307245994,22.12046425727733,22.327662307245994,12300
2022-01-04,21.9464168548584,22.211630103251327,21.797234007438462,22.211630103251327,3900
2022-01-05,21.59003448486328,22.021006774462826,21.581747954613196,21.94641535584769,9700
2022-01-06,21.880111694335938,21.979567444479127,21.556883272762736,21.631474690171245,8800
2022-01-07,21.863534927368164,22.00691623905158,21.70855215765246,21.722640206975765,4300
2022-01-10,22.294509887695312,22.294509887695312,21.726787672710653,21.871825675547573,33600
2022-01-11,22.468555450439453,22.634312930177426,22.211628748532927,22.21991685963916,21800
2022-01-12,22.443687438964844,22.478496551429036,22.377384141776577,22.46855176820868,6900
2022-01-13,22.33595085144043,22.45198125581501,22.294510292166862,22.45198125581501,25800
2022-01-14,22.320201873779297,22.393964959124087,22.244782114621955,22.393964959124087,5900
2022-01-18,22.14946937561035,22.286219251250934,22.095597446032915,22.286219251250934,7000
2022-01-19,22.163562774658203,22.244784060856915,22.145328295555398,22.244784060856915,3800
2022-01-20,22.145326614379883,22.36910088372353,22.145326614379883,22.219918037494434,11900
2022-01-21,22.302797317504883,22.302797317504883,22.07073493926531,22.145326361528188,7600
2022-01-24,21.987857818603516,22.26135918365441,21.83038685666643,22.26135918365441,5500
2022-01-25,22.228206634521484,22.228206634521484,21.859394357064204,21.98785771763292,8900
2022-01-26,21.888402938842773,22.14532809070103,21.888402938842773,22.14532809070103,6500
2022-01-27,21.200504302978516,22.054160833644183,21.200504302978516,22.054160833644183,16400
2022-01-28,21.018171310424805,21.5817502757775,20.910427436039058,21.291672681164115,13800
2022-01-31,21.084474563598633,21.454115186296622,20.974244097873868,21.059610227860084,6800
2022-02-01,21.299955368041992,21.299955368041992,21.051316815645848,21.20878774075054,10800
2022-02-02,21.117618560791016,21.333104658039314,20.777813986882787,21.25851325588432,20400
2022-02-03,20.82754898071289,21.092763834104808,20.71151856915104,21.092763834104808,13300
2022-02-04,20.719802856445312,21.301614642434288,20.661787661374547,20.827545135748807,10400
2022-02-07,20.645212173461914,20.810971234523016,20.53746989032909,20.810971234523016,5600
2022-02-08,20.305410385131836,20.673394351187923,20.297122272830165,20.512608450286244,8400
2022-02-09,20.33026885986328,20.63111950376517,20.305404530127827,20.43801112712626,11000
2022-02-10,19.75840187072754,20.123070801918857,19.57606819552954,20.015326954141834,20300
2022-02-11,19.31085968017578,19.774984499679114,19.244556360360423,19.774984499679114,11000
2022-02-14,18.84673309326172,19.484903421108104,18.77214167412146,19.36058491613953,15800
2022-02-15,18.987628936767578,19.223834584333648,18.94618995960694,18.94618995960694,16400
2022-02-16,19.211400985717773,19.335719483619016,18.987626741018257,18.987626741018257,26500
2022-02-17,19.551206588745117,19.76669273351448,19.02078012826395,19.211401939899925,50900
2022-02-18,19.642375946044922,19.678013403934578,19.337380388454662,19.4766168722606,15200
2022-02-22,19.634082794189453,19.68380987124149,19.38544424733871,19.559491388213758,14400
2022-02-23,19.692100524902344,19.692100524902344,19.567782025813923,19.683812414190385,11700
2022-02-24,19.667236328125,19.72525152271252,19.354782614190658,19.57607027125697,15700
2022-02-25,19.940736770629883,20.00704007302817,19.658947340238324,19.658947340238324,5600
2022-02-28,20.205951690673828,20.214239801774635,19.90758759502249,19.998753655540277,10400
2022-03-01,20.36342430114746,20.47116817345164,20.20595333897749,20.222529562531314,28200
2022-03-02,20.487741470336914,20.487741470336914,20.197665481178955,20.363422963441277,19600
2022-03-03,20.346845626831055,20.529180902369614,20.280542321397622,20.529180902369614,15000
2022-03-04,20.172800064086914,20.30209174693744,20.065056204647064,20.25567959116476,23800
2022-03-07,19.84957504272461,20.280545811817166,19.84957504272461,20.181091626948024,16800
2022-03-08,19.700389862060547,19.874435455460436,19.65894930592087,19.874435455460436,11100
2022-03-09,19.77498435974121,20.089924731436515,19.692104815359553,20.056773862161346,7900
2022-03-10,19.418601989746094,19.72111096069674,19.402025765936155,19.683815247522237,10400
2022-03-11,19.342350006103516,19.733539988993147,19.26941684313606,19.402023456238084,18700
2022-03-14,18.957794189453125,19.44346522897512,18.714128751923962,19.44346522897512,20300
2022-03-15,18.946189880371094,19.03735594590236,18.76385458771728,19.03735594590236,30600
2022-03-16,19.1948299407959,19.3108603593547,18.9544809908104,18.995919974354003,23800
2022-03-17,19.534631729125977,19.555351217784466,19.244554145520148,19.244554145520148,8000
2022-03-18,19.513912200927734,19.725253514089157,19.327433641787863,19.559496024361444,12500
2022-03-21,19.58435821533203,19.750117281089818,19.418600730369853,19.60922254943438,16200
2022-03-22,19.542922973632812,19.617514409397494,19.35230111814347,19.56778731248634,29700
2022-03-23,19.526342391967773,19.617510033297943,19.410311998126144,19.559494836377127,13700
2022-03-24,19.493192672729492,19.60093496179395,19.460040226373877,19.60093496179395,16300
2022-03-25,19.244550704956055,19.53462823670147,19.244550704956055,19.53462823670147,28900
2022-03-28,19.31085968017578,19.531319048479656,19.219693603427064,19.393739225143936,45400
2022-03-29,19.675525665283203,19.783269531200478,19.352297229122556,19.360585340408164,15000
2022-03-30,19.667236328125,19.832995381914042,19.542917828180965,19.542917828180965,8500
2022-03-31,19.514284133911133,19.907595644866056,19.497477182722253,19.816831696638296,187100
2022-04-01,19.547897338867188,19.573110165043936,19.27056266272948,19.53949306347494,11700
2022-04-04,19.59832191467285,19.724382843039283,19.354604333557976,19.50587648582669,16400
2022-04-05,19.270565032958984,19.585718185649018,19.178119595225322,19.497475687604247,22500
2022-04-06,19.152908325195312,19.330233267637276,19.068867164079375,19.20333238068415,20900
2022-04-07,19.1865234375,19.4386453127663,19.11088655432975,19.203331989971563,9400
2022-04-08,19.152908325195312,19.287373541800086,19.101642719999525,19.287373541800086,18500
2022-04-11,18.922636032104492,19.169715022814902,18.91759314573642,19.152908073174324,23600
2022-04-12,19.1865234375,19.245351768198685,18.90918873352635,19.094078001858186,26400
2022-04-13,19.421838760375977,19.421838760375977,19.131056887888935,19.144504050731506,45800
2022-04-14,19.266361236572266,19.329392505488254,19.14450324119404,19.304179677331508,22400
2022-04-18,19.035249710083008,19.32939296712969,19.027686983521594,19.32939296712969,17300
2022-04-19,19.06886863708496,19.077272914140938,18.850362242485367,19.03525152886105,29900
2022-04-20,18.925996780395508,19.295775307180655,18.878092567426474,19.102481767776816,7000
2022-04-21,18.749513626098633,19.053742702833137,18.690685286190647,19.001637143785484,8400
2022-04-22,18.48898696899414,18.732706203002387,18.472178414313845,18.732706203002387,10300
2022-04-25,18.598236083984375,18.69068151544773,18.488983703760905,18.488983703760905,13000
2022-04-26,18.505794525146484,18.637738306068215,18.478060251125275,18.564622860401276,5200
2022-04-27,18.37973403930664,18.598238832039605,18.231821647700247,18.598238832039605,40100
2022-04-28,18.687320709228516,18.816743034957195,18.228458133238696,18.253669358641975,18300
2022-04-29,18.37133026123047,18.715897616836813,18.188120862608283,18.715897616836813,36900
2022-05-02,17.858680725097656,18.446967319575794,17.799852386240243,18.446967319575794,32200
2022-05-03,18.169628143310547,18.31922039746555,17.86708064249904,17.984737291502793,15700
2022-05-04,18.522598266601562,18.648659181246188,17.98809729554984,18.253666284954466,9200
2022-05-05,18.186437606811523,18.645301807304637,17.993144055866363,18.480580872961717,20800
2022-05-06,17.791444778442383,18.110799245153228,17.791444778442383,18.110799245153228,20100
2022-05-09,17.48889923095703,17.984740340023183,17.48889923095703,17.656981560554737,17700
2022-05-10,17.732614517211914,18.02675772731964,17.53932100309455,17.984736352760518,19500
2022-05-11,18.01835823059082,18.035165181919872,17.757830448091017,17.757830448091017,23200
2022-05-12,18.026762008666992,18.068781790254256,17.699843170826153,17.984740624127806,10900
2022-05-13,17.867084503173828,18.10239945497922,17.833467394507927,18.10239945497922,16800
2022-05-16,17.959529876708984,18.02676249081799,17.783043262827867,17.83346732267163,16000
2022-05-17,17.867084503173828,18.093995177812747,17.867084503173828,18.093995177812747,8700
2022-05-18,17.83766746520996,17.976334008771055,17.57293838738206,17.976334008771055,6600
2022-05-19,17.877168655395508,18.009953990354852,17.76791625824898,17.833467375946505,12500
2022-05-20,17.698997497558594,18.127605902289623,17.64016917586147,18.018353533845186,14700
2022-05-23,17.682193756103516,17.992304024097166,17.631768097263308,17.81665897377373,4600
2022-05-24,17.993144989013672,17.9973479289641,17.714128764936138,17.783042874146204,8500
2022-05-25,18.278881072998047,18.37973077732022,17.75782720607822,18.018354941013968,35800
2022-05-26,18.438556671142578,18.791528185277627,18.278878661594195,18.278878661594195,18400
2022-05-27,18.825149536132812,19.119292823234506,18.61504741719617,18.61504741719617,11900
2022-05-31,18.79153060913086,18.925995812531124,18.43015477388578,18.925995812531124,9200
2022-06-01,18.724302291870117,18.955414312912207,18.6654723493385,18.86717180354283,6200
2022-06-02,18.89238166809082,18.959614280317226,18.56462288385609,18.724300939000766,25500
2022-06-03,19.08567237854004,19.136098032395648,18.867167623639112,18.867167623639112,15100
2022-06-06,19.094078063964844,19.186523499907352,18.900784518768507,19.162992167551337,5900
2022-06-07,19.405031204223633,19.405031204223633,18.968018426292417,19.09407937297783,41700
2022-06-08,19.30417823791504,19.396623664644828,19.17139453327474,19.37981511379366,26300
2022-06-09,19.329395294189453,19.472264801786324,18.968019386564897,19.405032186620264,25200
2022-06-10,19.077268600463867,19.27896639534439,18.98482317670345,19.27896639534439,26500
2022-06-13,18.152820587158203,19.077270087990428,18.01835538008643,19.077270087990428,83500
2022-06-14,18.295692443847656,18.438561945267235,18.026761994811256,18.15282294242808,47100
2022-06-15,18.825149536132812,19.010040426686313,18.287288624599633,18.455369357977773,22700
2022-06-16,18.312498092651367,18.875570129153573,18.312498092651367,18.682276599940728,11300
2022-06-17,18.455368041992188,18.732704358046586,18.337711376721966,18.438561091919187,25500
2022-06-21,18.841957092285156,18.909189702665447,18.47217693371762,18.53100526743139,14300
2022-06-22,18.91759490966797,18.93440346382763,18.741108296895465,18.741108296895465,10200
2022-06-23,18.909189224243164,18.968017556468517,18.749511177523043,18.850360892017815,27500
2022-06-24,18.808340072631836,19.15290900574576,18.66547057454378,18.993230954246897,22000
2022-06-27,18.841957092285156,19.13610036380588,18.699087594858053,18.699087594858053,28700
2022-06-28,18.951210021972656,19.119292354179176,18.72430095733135,18.942807348019056,28000
2022-06-29,18.951210021972656,19.08819668992395,18.833553351199246,19.01844263426488,28400
2022-06-30,18.97508430480957,19.401490693681694,18.778937756315102,19.04330926196466,533400
2022-07-01,18.97508430480957,19.160143870780875,18.896626336056297,18.940971012926383,17300
2022-07-05,18.97508430480957,19.10300589614895,18.88127437874209,18.898331024683685,11800
2022-07-06,19.017728805541992,19.06889875550828,18.889807183849616,19.034785455530752,12300
2022-07-07,18.9665584564209,19.10300838853381,18.506040342192705,19.06889671881133,14900
2022-07-08,19.017728805541992,19.103010428874132,18.940975507204232,18.940975507204232,10700
2022-07-11,19.017728805541992,19.103010428874132,18.889807183849616,18.898335508844,6600
2022-07-12,19.103008270263672,19.137121566386448,18.940973366903467,18.940973366903467,7300
2022-07-13,19.103008270263672,19.273571497654572,19.017726656568225,19.103008270263672,11400
2022-07-14,19.103008270263672,19.154176587836346,19.017726656568225,19.111536594294368,9500
2022-07-15,19.23093032836914,19.2650436252917,19.040753415199298,19.2650436252917,17400
2022-07-18,19.384437561035156,19.48165850858932,19.230930972961378,19.230930972961378,9100
2022-07-19,19.444135665893555,19.612992600130074,19.26163471269552,19.324742366921786,5800
2022-07-20,19.37590980529785,19.566940701529603,19.37590980529785,19.444134776820984,16600
2022-07-21,19.39296531677246,19.593376870503278,19.375908668239724,19.503831905623713,4800
2022-07-22,19.444135665893555,19.56353059147703,19.367382366094073,19.520888965693036,21600
2022-07-25,19.333269119262695,19.50383235529946,19.324740794799702,19.49530403083646,4100
2022-07-26,19.358854293823242,19.48677590887435,19.325593340088453,19.452662610667875,4100
2022-07-27,19.384437561035156,19.486775828621536,19.32474091603126,19.486775828621536,4600
2022-07-28,19.520891189575195,19.53794784183194,19.469722859416848,19.503836163930337,5800
2022-07-29,19.90465545654297,19.90465545654297,19.51236063254934,19.59764225747071,33200
2022-08-01,20.083742141723633,20.288418658923792,19.790374635885318,19.82789893514059,16400
2022-08-02,20.7659969329834,20.902446883233342,19.97799790097587,20.17755550589819,46300
2022-08-03,20.6466007232666,20.868332285293967,20.426575476821284,20.868332285293967,21800
2022-08-04,20.467512130737305,20.68071538209915,20.433398829745784,20.68071538209915,14500
2022-08-05,20.33959197998047,20.458985288884055,20.151972064147014,20.450456963017825,5300
2022-08-08,20.377962112426758,20.501620358000576,20.024044021979893,20.433393772902207,6000
2022-08-09,20.30547332763672,20.424868231701076,20.095681121104107,20.41633990808138,8500
2022-08-10,20.18608283996582,20.49309602625951,19.98140792464057,20.46751105186449,20000
2022-08-11,20.092273712158203,20.326796960524003,20.066690363332803,20.245780311557404,4200
2022-08-12,20.296947479248047,20.296947479248047,20.06668921988165,20.237250833241514,6700
2022-08-15,20.390756607055664,20.46750989930699,20.100800086686558,20.2713633198254,10400
2022-08-16,20.2756290435791,20.467512296682848,20.12638741706048,20.390758995441352,7200
2022-08-17,19.947294235229492,20.237250766254245,19.887597589420558,20.237250766254245,7100
2022-08-18,19.998462677001953,20.0411026703368,19.96520172546037,20.0411026703368,1100
2022-08-19,19.742618560791016,19.913181793605077,19.614696949486238,19.87054017209579,5600
2022-08-22,19.384437561035156,19.742619057670108,19.384437561035156,19.742619057670108,4000
2022-08-23,18.778942108154297,19.503833462545767,18.335478970572265,19.503833462545767,30600
2022-08-24,18.761884689331055,19.033079881056352,18.591321450601587,18.795997987721584,7600
2022-08-25,19.044164657592773,19.323888165374694,18.90686237696991,18.90686237696991,2800
2022-08-26,18.87274932861328,19.16270585345841,18.634815094928136,19.16270585345841,6900
2022-08-29,18.88127899169922,19.07742721472669,18.855695643147747,18.94950396552261,7200
2022-08-30,18.608379364013672,19.026257538017934,18.608379364013672,19.026257538017934,8200
2022-08-31,18.224613189697266,18.80452462083122,18.224613189697266,18.77894127373818,22600
2022-09-01,18.13932991027832,18.702186267367477,18.10862761932072,18.275779837656817,7400
2022-09-02,17.909072875976562,18.326098703359353,17.85022857117777,18.267254398560564,19400
2022-09-06,17.670284271240234,17.951712488161807,17.627644273099136,17.90907249002071,8700
2022-09-07,17.815261840820312,18.075370048431328,17.70439687405102,18.075370048431328,9900
2022-09-08,17.644699096679688,18.026759231216186,17.644699096679688,17.926127284471942,21500
2022-09-09,17.951711654663086,18.122274892531546,17.755565069742467,17.81526171501295,14700
2022-09-12,18.224613189697266,18.335478155860812,18.113746596922127,18.113746596922127,4900
2022-09-13,18.10521697998047,18.122273627899364,17.747035506741057,18.062576986794706,4400
2022-09-14,18.096691131591797,18.17344443111496,17.994354483302047,18.130804432096177,8800
2022-09-15,18.07110595703125,18.139330924535283,17.909071049229848,18.139330924535283,15300
2022-09-16,17.842554092407227,18.036994373630744,17.755566152612257,18.036994373630744,10300
2022-09-19,17.815261840820312,17.93465675881601,17.784561173496286,17.93465675881601,11400
2022-09-20,17.789676666259766,17.938918265160027,17.676251424484136,17.849373305819867,15500
2022-09-21,18.002883911132812,18.113748891339313,17.67881404293819,17.87496065301758,15300
2022-09-22,17.827199935913086,18.00288048291616,17.815260607601147,18.00288048291616,8300
2022-09-23,17.37179946899414,17.874957582940517,17.29163354698963,17.874957582940517,14200
2022-09-26,17.440025329589844,17.48266532608199,17.320630411510955,17.320630411510955,10000
2022-09-27,17.670284271240234,17.670284271240234,17.36753605524811,17.47413767721252,15200
2022-09-28,18.173442840576172,18.19902781371526,17.491193156315962,17.585003097881074,9600
2022-09-29,18.232337951660156,18.232337951660156,17.716982656872997,18.119739912779664,9700
2022-09-30,18.431556701660156,18.431556701660156,18.128405777388316,18.128405777388316,52500
2022-10-03,18.578798294067383,18.695726335866638,18.440215320341473,18.440215320341473,15400
2022-10-04,18.752029418945312,18.86462913703975,18.500848355266324,18.561478210221953,8900
2022-10-05,18.440214157104492,18.661080241285287,18.388244306206097,18.552812196639177,5700
2022-10-06,18.388246536254883,18.73903563818463,18.266986840197937,18.396908179121727,5100
2022-10-07,18.050451278686523,18.344940537040564,17.781946949730607,18.344940537040564,11100
2022-10-10,17.634700775146484,18.137064468542633,17.376589449345552,18.137064468542633,13400
2022-10-11,17.452808380126953,17.781076838758562,17.253595575453943,17.72131266694881,14700
2022-10-12,17.409503936767578,17.721314818270777,17.253597669996253,17.66328362858659,6700
2022-10-13,17.063045501708984,17.576667840553263,16.690603141870806,17.158320263220613,17900
2022-10-14,16.94178581237793,17.3661964154995,16.94178581237793,17.08903044219884,13000
2022-10-17,17.011077880859375,17.322890437384967,16.89847981991378,17.17564580258561,16000
2022-10-18,17.149660110473633,17.348874597205295,16.992022501743545,17.019738768371763,24500
2022-10-19,17.019737243652344,17.23627334510349,16.898477555492292,17.140998583851744,10800
2022-10-20,16.578006744384766,17.089032179112838,16.578006744384766,17.080370535061892,6500
2022-10-21,16.621313095092773,16.986825181508106,16.396115331217203,16.66461965843675,9800
2022-10-24,16.474069595336914,16.881156935589946,16.44808466432687,16.664620799958406,5500
2022-10-25,16.621313095092773,16.99375548719316,16.45674518071457,16.482730109944654,9900
2022-10-26,16.50005340576172,17.05785138139173,16.37879369455505,16.629976412957053,18400
2022-10-27,16.023670196533203,16.70792501412074,15.98902363015647,16.326821044172753,18500
2022-10-28,16.084304809570312,16.274857677121133,16.023674952454943,16.023674952454943,7100
2022-10-31,16.309499740600586,16.422097790913476,16.110286915871942,16.291310786656826,18000
2022-11-01,16.136268615722656,16.4654043959476,16.136268615722656,16.4654043959476,16000
2022-11-02,16.110286712646484,16.47406743897216,16.03060059253659,16.257531331684007,11300
2022-11-03,16.422100067138672,16.49139321790735,15.887690023356331,16.110289148877825,35500
2022-11-04,16.66461944580078,16.725249294524527,16.232412878413687,16.430760041832496,44000
2022-11-07,16.872493743896484,16.872493743896484,16.560682860582137,16.647295985256456,23900
2022-11-08,17.21029281616211,17.21029281616211,16.985095036477556,16.985095036477556,25700
2022-11-09,17.201629638671875,17.296904406629555,17.054385013239678,17.296904406629555,19300
2022-11-10,18.154386520385742,18.25832457922982,17.383518503766663,17.383518503766663,22300
2022-11-11,18.535491943359375,18.535491943359375,18.23234103838051,18.23234103838051,7700
2022-11-14,18.35360336303711,18.53549292442798,18.14572887057342,18.405571573143128,15400
2022-11-15,18.561477661132812,18.726045585458134,18.26698838688312,18.344941527245663,20600
2022-11-16,18.362260818481445,18.57879690524637,18.275646053367627,18.57879690524637,11900
2022-11-17,18.249664306640625,18.734704762899245,18.128404605585853,18.301632513944167,15600
2022-11-18,18.197696685791016,18.46013804097701,18.197696685791016,18.336279677759567,12800
2022-11-21,18.266986846923828,18.317223714754256,18.197695356002995,18.292971775533935,10000
2022-11-22,18.232337951660156,18.370920915838877,18.189031394869026,18.30162943374952,16300
2022-11-23,18.32761573791504,18.44021543730615,18.232339323359387,18.31895409549731,9900
2022-11-25,18.32761573791504,18.405568867635232,18.2150176905633,18.232339323359387,5500
2022-11-28,18.50950813293457,18.70438931791779,18.22368052264777,18.37958514022645,22100
2022-11-29,18.344938278198242,18.500844531310978,18.232338583377132,18.500844531310978,12300
2022-11-30,18.578798294067383,18.622104853841968,18.111079518712923,18.37958382380195,18400
2022-12-01,19.03785514831543,19.063840077278222,18.49218485641266,18.743365894895053,8900
2022-12-02,18.968564987182617,19.176439477349817,18.51816943246722,18.933920064841214,9300
2022-12-05,18.916595458984375,19.215414708011764,18.533760090183346,18.9512403789107,16900
2022-12-06,18.795337677001953,19.20588935399969,18.59612317197151,19.029195453450452,28900
2022-12-07,18.95990562438965,18.95990562438965,18.726047827344118,18.726047827344118,8900
2022-12-08,18.743362426757812,19.029189984303112,18.63942603421725,18.959898505263016,12500
2022-12-09,18.708721160888672,18.803995930620005,18.440216833763014,18.708721160888672,7500
2022-12-12,18.457538604736328,18.674074727065136,18.3795854685348,18.622106520277285,12400
2022-12-13,18.544153213500977,19.17643828839566,18.492185007191146,18.803995897089628,19800
2022-12-14,18.47486114501953,19.089824566662404,18.466199502231387,18.682735615816725,13700
2022-12-15,18.232337951660156,18.798797428478938,18.206354678401176,18.518165521783672,28800
2022-12-16,18.51816749572754,18.51816749572754,18.059111997467234,18.206356619107567,20200
2022-12-19,18.52682876586914,18.622105181496845,18.38218280514818,18.561475335929902,17400
2022-12-20,18.561477661132812,18.57013930473305,18.197696890120817,18.48352452077027,14800
2022-12-21,18.535491943359375,18.643760005706145,18.344940748363285,18.578800159521798,11700
2022-12-22,18.414230346679688,18.665411366407845,18.249662446281636,18.396907061997922,19800
2022-12-23,18.301631927490234,18.466199839390846,18.180372230321083,18.466199839390846,13700
2022-12-27,18.249664306640625,18.405570580590776,18.11108131913816,18.232341020192937,12600
2022-12-28,18.14572525024414,18.30162984945702,18.119740324355686,18.249661649719393,9600
2022-12-29,18.063016891479492,18.196765249877046,17.950386783266605,18.196765249877046,12500
2022-12-30,17.765600204467773,18.236357665941927,17.7568007956729,18.082370529505088,16100
2023-01-03,17.976783752441406,18.192363427051387,17.85359536694999,17.85359536694999,8900
2023-01-04,18.26011848449707,18.540811776670267,18.099971907084868,18.117570727163724,4500
2023-01-05,18.328750610351562,18.707116831417768,18.17916400384436,18.38154538961417,12000
2023-01-06,18.47833824157715,18.988692278259503,18.293555664752994,18.425543459386798,15100
2023-01-09,18.71503257751465,18.82150323732646,18.214359162668895,18.663117242784296,19100
2023-01-10,18.645524978637695,18.75991396109099,18.454581290935867,18.75991396109099,6700
2023-01-11,18.830305099487305,18.979891705123467,18.65432194353143,18.72471554157693,5100
2023-01-12,18.935897827148438,19.059086213851728,18.734395864146116,18.839105992843912,18600
2023-01-13,18.9446964263916,19.276425618760584,18.77751099565418,19.02388943682955,10900
2023-01-17,19.349458694458008,19.481446482231796,19.032686661148293,19.173475536864885,14800
2023-01-18,19.648632049560547,19.741023333833848,19.29050463458038,19.51664426083929,7600
2023-01-19,19.534242630004883,19.763020563413885,19.0458863125074,19.648631596709386,8900
2023-01-20,19.912609100341797,19.947806741706835,19.572080479546212,19.631034682685147,17500
2023-01-23,20.141387939453125,20.141387939453125,19.754223969611342,19.912608314556152,14400
2023-01-24,20.202980041503906,20.2205788596717,19.647751258330032,20.141385856232294,5300
2023-01-25,20.21177864074707,20.24697627567237,19.920525428497307,20.114988501333706,7200
2023-01-26,20.260175704956055,20.37016580289644,20.15018560701567,20.246977430264234,10900
2023-01-27,20.264575958251953,20.386884891702348,20.150185318176867,20.264575958251953,8800
2023-01-30,20.23818016052246,20.387766776667654,20.005881102820833,20.23818016052246,36200
2023-01-31,20.167783737182617,20.33496915027459,20.097390144035835,20.326169741341783,74500
2023-02-01,20.431760787963867,20.43440077866858,20.15018639475923,20.16778521391346,15400
2023-02-02,20.39656639099121,20.770532095939476,20.22058154259444,20.537353598382268,11000
2023-02-03,19.868614196777344,20.494238356812723,19.833418232895955,20.25577986936836,10300
2023-02-06,19.55183982849121,19.771820031379207,19.516643868753327,19.771820031379207,8400
2023-02-07,19.411052703857422,20.035797355067018,19.393455563082036,19.79821833228383,11400
2023-02-08,19.60463523864746,19.75422183575572,19.560638193429934,19.578237011516944,9800
2023-02-09,19.490245819091797,19.851013220873917,19.448009324366087,19.807017851218838,7800
2023-02-10,19.499046325683594,19.787661270335956,19.49024691559438,19.56943992808146,7500
2023-02-13,19.771820068359375,19.771820068359375,19.448890298023578,19.622233462983132,7300
2023-02-14,19.851015090942383,19.912609285588296,19.60903717841233,19.75422493291992,6000
2023-02-15,19.824617385864258,19.939006358085148,19.499045932393393,19.903810396754043,4900
2023-02-16,19.631032943725586,19.939005565125132,19.499045156930286,19.798218368768044,6100
2023-02-17,19.727825164794922,19.74542398427016,19.49024613682657,19.675030384684998,2700
2023-02-21,19.02388572692871,19.701423370979786,19.02388572692871,19.701423370979786,9900
2023-02-22,19.03268814086914,19.340660788495562,19.03268814086914,19.147078796598112,5200
2023-02-23,19.270265579223633,19.416332757253468,19.138277792182084,19.199871980913755,5600
2023-02-24,19.205150604248047,19.279063625499358,19.03268520967934,19.252665398631468,6100
2023-02-27,19.411052703857422,19.433050388563473,19.15587654029885,19.358257924899743,3300
2023-02-28,19.270265579223633,19.569438791619557,19.270265579223633,19.40225336626518,20300
2023-03-01,19.162036895751953,19.46385011248568,19.05028623520836,19.46385011248568,4700
2023-03-02,18.99748992919922,19.287863721831677,18.953494561167155,19.287863721831677,4400
2023-03-03,18.96229362487793,19.279065667583243,18.85758350034743,19.155877285782655,33200
2023-03-06,18.951736450195312,19.176996657239993,18.839106346672974,18.979893556496915,3800
2023-03-07,18.671920776367188,19.201634202104636,18.66400248188002,18.962294604408214,5000
2023-03-08,18.918298721313477,18.944696951629954,18.724716733940262,18.768712106151852,7500
2023-03-09,18.891897201538086,18.962290791809213,18.742310612422493,18.962290791809213,13100
2023-03-10,18.75199317932129,19.069644646663463,18.698317284671706,18.944695716616348,3600
2023-03-13,17.96798324584961,18.830305248300768,17.84479486787538,18.830305248300768,18700
2023-03-14,18.90334129333496,19.021251383510588,17.89759197230818,18.346351851061158,10400
2023-03-15,16.99127197265625,18.548732355947923,16.400845469718867,18.548732355947923,34900
2023-03-16,16.6217041015625,17.102142141458447,16.375327340914126,16.524913950585983,46200
2023-03-17,16.014558792114258,16.95607375376194,15.477806581774079,16.586506960764975,36600
2023-03-20,16.322528839111328,17.18133132226522,15.961761474763131,16.454518291012626,24200
2023-03-21,16.45452117919922,16.586508975952132,16.12015030388822,16.357729345033,18300
2023-03-22,16.66570472717285,16.82409078061917,16.260940181886017,16.524917497068603,12900
2023-03-23,16.172945022583008,17.18485537639993,16.172945022583008,16.736095526572676,14500
2023-03-24,16.929676055908203,17.0616638407542,16.05855466194575,16.05855466194575,24100
2023-03-27,17.290441513061523,17.57201587005734,17.05286251997797,17.05286251997797,17600
2023-03-28,18.011980056762695,18.011980056762695,17.457630633208872,17.457630633208872,12600
2023-03-29,17.60721778869629,18.84790615008772,17.60721778869629,18.055977658735994,29500
2023-03-30,17.75750732421875,18.66998416307833,17.301268904788962,17.775399428420304,27200
2023-03-31,17.462291717529297,18.2942556645338,17.337048713858007,17.75750456585818,106100
2023-04-03,17.39967155456543,18.177959219029763,17.274428547397854,17.587533505889663,19200
2023-04-04,17.28337287902832,17.730665144867707,17.014998202038523,17.730665144867707,13900
2023-04-05,16.827138900756836,17.244910844709988,16.724261857848656,17.05973114370425,28500
2023-04-06,17.2386474609375,17.274429961425305,16.621383544387584,16.907650373429604,34900
2023-04-10,17.167083740234375,17.32810928615535,17.006058194313404,17.27443296665823,8300
2023-04-11,17.39967155456543,17.417561950202437,17.176025399397673,17.220753947917324,18400
2023-04-12,18.464229583740234,18.464229583740234,17.471241623664085,17.471241623664085,45800
2023-04-13,19.349864959716797,19.376703113106203,18.177959562269344,18.28531046954218,37300
2023-04-14,19.421430587768555,19.85083248681378,19.036760648181843,19.036760648181843,19200
2023-04-17,19.51983642578125,20.011858997871673,19.323028420715946,19.582457077107264,27800
2023-04-18,19.340923309326172,19.731855389823487,19.305139099821737,19.62719016022156,45400
2023-04-19,19.358808517456055,19.627184897929205,19.215675130384202,19.457213360924666,12800
2023-04-20,19.305137634277344,19.63613472192572,19.19778672019858,19.376704341568225,6100
2023-04-21,19.264883041381836,19.63613654295367,18.93835980244308,19.251464815734437,6700
2023-04-24,19.26935386657715,19.53772857469778,19.144110857340706,19.233569662142514,10400
2023-04-25,19.260408401489258,19.55562127191807,18.920465274156182,19.26935445287011,13300
2023-04-26,19.090435028076172,19.439322467431225,18.750491932969226,19.233568424031304,7900
2023-04-27,18.929412841796875,19.16200507747536,18.884684287594656,19.090438366980823,14400
2023-04-28,19.027812957763672,19.202256664396593,18.759436580703024,18.902569965954886,66300
2023-05-01,19.054651260375977,19.466161062842588,18.746914281427813,19.179894264405664,7600
2023-05-02,17.578588485717773,19.00992430398032,17.507021780118887,18.902573392439567,17400
2023-05-03,17.2386474609375,18.347932276617776,17.2386474609375,17.578588893853677,14600
2023-05-04,17.059730529785156,17.108932962945627,16.23671250985219,16.988163819629463,23500
2023-05-05,17.310211181640625,17.399669976853016,16.997106251539556,16.997106251539556,11100
2023-05-08,17.423826217651367,17.524915070630865,17.158135466296883,17.354943493458908,9800
2023-05-09,17.395200729370117,17.8111827875034,16.934490114865852,17.435457112618018,23100
2023-05-10,17.927478790283203,18.043774054301483,17.605427741794177,17.605427741794177,10900
2023-05-11,17.480182647705078,18.016932004131505,17.4443984472582,17.95431135963406,13600
2023-05-12,17.390727996826172,17.645684513766476,17.180500034818028,17.515969315664215,7200
2023-05-15,17.426509857177734,17.632263932337615,17.176027228734377,17.533860773856983,7800
2023-05-16,17.77450180053711,17.77450180053711,17.24759252439318,17.24759252439318,10300
2023-05-17,17.873802185058594,18.29425809286906,17.438139865933895,17.542806796234323,12900
2023-05-18,17.64120864868164,17.89169296444642,17.578587996311647,17.87380086197362,15500
2023-05-19,17.605426788330078,17.909585716256156,17.578588633647822,17.65910139140972,5900
2023-05-22,17.5517520904541,17.896165689116096,17.5517520904541,17.605426693243846,7700
2023-05-23,17.462291717529297,17.946262311408468,17.417561463973584,17.551750518356016,4800
2023-05-24,16.746623992919922,17.51149516358211,16.585600189591634,17.44440063248172,27300
2023-05-25,16.791357040405273,17.243121611888256,16.71084427221463,16.77346493496622,5600
2023-05-26,16.836084365844727,16.924649086888312,16.737679499415176,16.791355811804912,3900
2023-05-30,16.791357040405273,16.997111134099104,16.77346493496622,16.943436524067035,8300
2023-05-31,17.5517520904541,17.864855361965006,16.746624517183612,16.80924687777065,52000
2023-06-01,17.448871612548828,17.838017136282296,16.862919800291575,17.51596613906417,9200
2023-06-02,17.990097045898438,18.20479714745819,17.49986437950887,17.730666690085776,10500
2023-06-05,18.092975616455078,18.177960547366506,17.471239532661517,18.124285943963756,8100
2023-06-06,18.580524444580078,18.884683376072008,18.066137564658025,18.195852754382354,28800
2023-06-07,18.088502883911133,19.000979731012865,17.999045774665266,18.759441440965055,15700
2023-06-08,18.0258846282959,18.441866725634554,18.0258846282959,18.186910176463794,5800
2023-06-09,18.043773651123047,18.473173901990393,18.025881547432345,18.0706118066591,6700
2023-06-12,18.0258846282959,18.87574092972191,17.90064329362541,18.106397402379844,11400
2023-06-13,18.050928115844727,18.204797463086887,17.82907185227193,18.169013259064148,10400
2023-06-14,17.40861701965332,18.057191252638752,17.40146086093795,18.025880925402923,14000
2023-06-15,18.088502883911133,18.088502883911133,17.283376956703425,17.390727876597445,17300
2023-06-16,17.83443832397461,18.01693228902872,17.55174961985564,17.909583098559786,19300
2023-06-20,17.39967155456543,17.891692413420593,17.381779452643666,17.74855901061601,9500
2023-06-21,17.18497085571289,17.413090904259796,17.176026510458183,17.345996370855445,14800
2023-06-22,16.970272064208984,17.48018680411615,16.81372041574077,17.3012691719082,14200
2023-06-23,16.853975296020508,17.33705012988506,16.83608319313686,17.08656751465338,14100
2023-06-26,17.15813636779785,17.167082420359563,16.997110834257175,16.997110834257175,12900
2023-06-27,17.202863693237305,17.28337645424593,17.15813513991471,17.22075579708032,11200
2023-06-28,17.846961975097656,17.909582618908207,17.131293330571673,17.20286002439581,57100
2023-06-29,17.226661682128906,18.036150486271524,17.09932509762929,18.036150486271524,89800
2023-06-30,17.15389633178711,17.426757182561808,16.744603320818083,17.235754933980914,218600
2023-07-03,17.390378952026367,17.463141971289772,17.06840220145417,17.144803111459662,18300
2023-07-05,17.263042449951172,17.69052670812892,17.15389878793655,17.37218784677302,28900
2023-07-06,17.090227127075195,17.117512168413054,16.8628425302901,17.117512168413054,20800
2023-07-07,17.190279006958008,17.263042024778077,17.03565737723946,17.03565737723946,24600
2023-07-10,17.299421310424805,17.344897537884997,17.152984527173786,17.226658305604374,9900
2023-07-11,17.417661666870117,17.499520269427254,17.144800814884324,17.34489865735344,14000
2023-07-12,17.517709732055664,17.599568326559268,17.34489695090285,17.517709732055664,11500
2023-07-13,17.49042510986328,17.57228371444917,17.34489908722326,17.54499866945856,8400
2023-07-14,17.299421310424805,17.55409095989288,17.117512930970285,17.50861473243269,17900
2023-07-17,17.026559829711914,17.344898646704554,17.026559829711914,17.344898646704554,8000
2023-07-18,17.043842315673828,17.130247849011997,16.971988343635086,17.026560168121982,33000
2023-07-19,17.144800186157227,17.263039421733186,17.03565480848125,17.144800186157227,20000
2023-07-20,17.126611709594727,17.212108212794014,16.91741824866927,17.126611709594727,7400
2023-07-21,17.162992477416992,17.21028852165614,17.044751499415607,17.072038279294475,10900
2023-07-24,17.272136688232422,17.326708514955342,17.200282713249532,17.244849907467415,9900
2023-07-25,17.263042449951172,17.272138044253595,17.15389878793655,17.272138044253595,9300
2023-07-26,17.399471282958984,17.535903450048817,17.195735540842232,17.25394525721643,11500
2023-07-27,17.253942489624023,17.51770945322769,17.13570326322683,17.51770945322769,13200
2023-07-28,17.253942489624023,17.29032485762734,17.099320895223514,17.253942489624023,17200
2023-07-31,17.408567428588867,17.408567428588867,17.181182789302984,17.272136991978762,19400
2023-08-01,17.235755920410156,17.317614527288857,17.0993237524076,17.317614527288857,10900
2023-08-02,17.090227127075195,17.223928687089746,16.962890573206916,17.044749166834094,15800
2023-08-03,17.05384635925293,17.05384635925293,16.78098551142767,16.97198775794396,10600
2023-08-04,17.217561721801758,17.26303794664353,16.971985944119933,17.072035720539958,13100
2023-08-07,17.217561721801758,17.26303794664353,16.99017712797935,17.26303794664353,10200
2023-08-08,17.399471282958984,17.426758063338365,17.072947631345624,17.117514824933664,15400
2023-08-09,17.353994369506836,17.463139751934488,17.235755128783296,17.399470600214276,4900
2023-08-10,17.454042434692383,17.454042434692383,17.227566872781008,17.37218383965952,14200
2023-08-11,17.444948196411133,17.463139382231795,17.190276799342787,17.32670722338381,8300
2023-08-14,17.444948196411133,17.454043789321464,17.216654539224834,17.454043789321464,17900
2023-08-15,17.317611694335938,17.417659737082186,17.090227097938502,17.417659737082186,8900
2023-08-16,17.36309051513672,17.37127706963193,17.0993235111804,17.25394512923585,8000
2023-08-17,17.226661682128906,17.263042324266497,17.06112464272157,17.263042324266497,6900
2023-08-18,16.926515579223633,17.190280897273432,16.90832438906644,17.17208970711624,9000
2023-08-21,17.06294059753418,17.07021637735519,16.84465158964246,17.008368779262955,9300
2023-08-22,17.199373245239258,17.199373245239258,17.035656034347852,17.035656034347852,9200
2023-08-23,17.317611694335938,17.326705551561854,17.09932095516442,17.199370732717465,15000
2023-08-24,17.299421310424805,17.43858057882897,17.017463148789613,17.37218431524524,10200
2023-08-25,17.144800186157227,17.39492291377297,17.062941586601976,17.281230607147002,6100
2023-08-28,17.226661682128906,17.563189994832307,17.162994257282705,17.181183710947895,5500
2023-08-29,17.32670783996582,17.32670783996582,17.235755377239848,17.235755377239848,4000
2023-08-30,17.244850158691406,17.371277697046114,17.153897691097235,17.32670876737186,8700
2023-08-31,18.154388427734375,18.227153176357366,17.203922318742286,17.3448996821816,66100
2023-09-01,17.990671157836914,18.13619717099013,17.82695395933782,18.063434164413522,19500
2023-09-05,17.899717330932617,17.91790851664946,17.654141528176094,17.899717330932617,15600
2023-09-06,17.96338653564453,17.972482129409055,17.714172817879398,17.872432332806422,9400
2023-09-07,17.899717330932617,18.00886097561977,17.899717330932617,17.963384746134615,4900
2023-09-08,17.854238510131836,17.990670661656242,17.73599927825847,17.990670661656242,5700
2023-09-11,17.890621185302734,17.945193005960192,17.754190766255647,17.927001820805405,9100
2023-09-12,17.890621185302734,17.936097413382797,17.645045390133838,17.790571401758317,11600
2023-09-13,17.59956932067871,17.927001982381494,17.59956932067871,17.927001982381494,8200
2023-09-14,17.681428909301758,17.78147696453994,17.617761491930093,17.617761491930093,4300
2023-09-15,17.81786346435547,18.027056951262605,17.64505062374168,17.745100436961362,35600
2023-09-18,17.754194259643555,17.972483320031724,17.57228584191646,17.826957279772945,10700
2023-09-19,18.163484573364258,18.263534370954645,17.53590421068041,17.654143461172296,16500
2023-09-20,17.8724308013916,18.436345422822644,17.8724308013916,18.072530377451155,13100
2023-09-21,17.726903915405273,18.27262732414958,17.581377904381043,17.763286285564778,10400
2023-09-22,17.789663314819336,18.22715214672419,17.7360005301062,17.7360005301062,5000
2023-09-25,17.69052505493164,18.063435712445976,17.563188481404673,17.626855900764625,10500
2023-09-26,17.099321365356445,17.685065015705508,17.02655836215604,17.581377345813394,20100
2023-09-27,17.15389633178711,17.358541102464642,17.05384654359313,17.199372561980567,9600
2023-09-28,17.3464298248291,17.351058996556404,17.040969814760782,17.040969814760782,6800
2023-09-29,18.049911499023438,18.12396234737333,17.420478405293604,17.420478405293604,33700
2023-10-02,17.7722225189209,18.022143046373394,17.392711673536116,18.022143046373394,13700
2023-10-03,17.43899154663086,17.818502364849063,17.411221816452155,17.818502364849063,14900
2023-10-04,17.411222457885742,17.679657896301325,16.911379654835127,17.55006758287138,11400
2023-10-05,17.179811477661133,17.513041154150716,17.08724748246832,17.3001452010652,12700
2023-10-06,17.096508026123047,17.128905167132228,16.874355445412196,16.892868601849376,8800
2023-10-09,17.56858253479004,17.624122002876863,16.957662509928845,16.957662509928845,8500
2023-10-10,17.596351623535156,17.73519675763698,17.43899333408331,17.550068735160103,11200
2023-10-11,17.513042449951172,17.818502420830665,17.513042449951172,17.60560645199285,10800
2023-10-12,17.087249755859375,17.67965834460418,17.087249755859375,17.67965834460418,10700
2023-10-13,16.53186798095703,17.26311987692437,16.476328521381188,17.105761605815736,24200
2023-10-16,16.707740783691406,17.226098577538117,16.59666537466125,16.79104822321992,23500
2023-10-17,16.6429443359375,16.9123049043407,16.615176370047894,16.763278073164347,15000
2023-10-18,16.448562622070312,16.847511766230443,16.393023155522,16.605920912933836,9500
2023-10-19,16.420791625976562,16.781789303220126,16.38376708330336,16.54112536206545,13100
2023-10-20,16.55963706970215,16.698483962558587,16.41153536513276,16.457818251255432,7400
2023-10-23,16.63368797302246,16.772534866304905,16.4948428452516,16.5688936977635,9500
2023-10-24,16.93914794921875,17.06873826516331,16.661457693859067,16.772534855309893,9400
2023-10-25,16.865097045898438,17.05022505925436,16.698483952492,16.948404475357446,9200
2023-10-26,17.096508026123047,17.355686919708262,16.47170400321826,16.994689196742097,12800
2023-10-27,17.253864288330078,17.37419802545691,17.11501916246275,17.22609632246355,17400
2023-10-30,16.874353408813477,17.290890550818503,16.763278014619843,17.290890550818503,12000
2023-10-31,17.32791519165039,17.32791519165039,16.874353504187795,16.874353504187795,13600
2023-11-01,17.189071655273438,17.37419968444803,17.050226516148356,17.327916794398515,25600
2023-11-02,17.281635284423828,17.540814166385378,17.235354160918266,17.401967264845304,24900
2023-11-03,17.355688095092773,17.679661292636883,17.281637229840854,17.420482381499216,22800
2023-11-06,17.355688095092773,17.448252118035647,17.179816628052503,17.374201252783728,9600
2023-11-07,17.540815353393555,17.771297623903237,17.392713629539504,17.401968442457544,11400
2023-11-08,17.91106605529785,17.975860325743856,17.420478090402945,17.550066631294957,47700
2023-11-09,18.3646297454834,18.512731455889583,17.809247448704383,18.040656591903,30700
2023-11-10,18.410911560058594,18.42016813799593,18.013814429963716,18.42016813799593,15000
2023-11-13,18.373886108398438,18.466450117698727,18.253552366654567,18.447936962736343,17200
2023-11-14,19.077369689941406,19.077369689941406,18.512730834524692,18.512730834524692,16100
2023-11-15,18.965368270874023,19.068113988219817,18.373886550048063,18.94778024358351,5900
2023-11-16,19.197704315185547,19.225474050857148,18.994064883462656,19.086628903522822,11700
2023-11-17,18.753395080566406,19.25323785594076,18.678419105638117,19.25323785594076,9500
2023-11-20,18.69508171081543,18.929267996125493,18.503474268604034,18.744139981461974,8500
2023-11-21,18.484962463378906,18.83670536381339,18.27206646683324,18.55901332154747,13100
2023-11-22,18.272064208984375,18.559011028241063,18.04528425627734,18.53124306330392,12300
2023-11-24,18.758024215698242,18.758024215698242,18.220229956514917,18.392399118387072,4400
2023-11-27,18.475704193115234,18.688601935672008,18.2998345245187,18.688601935672008,23500
2023-11-28,18.410911560058594,18.540501885669567,18.336860702071633,18.503475573920227,10000
2023-11-29,18.290578842163086,18.597889095967233,18.290578842163086,18.44793712974465,14200
2023-11-30,18.114707946777344,18.48959140468399,18.049913667376327,18.383143407737787,37200
2023-12-01,18.559011459350586,18.67934519524514,18.15173266304537,18.22578351378373,33300
2023-12-04,18.466447830200195,18.920009477524683,18.188755836697926,18.586779791526524,26200
2023-12-05,18.188756942749023,18.92926720494047,18.160988977568227,18.549756379703066,38100
2023-12-06,18.568267822265625,18.92001068335045,18.37388500338574,18.392398157234737,22100
2023-12-07,18.521989822387695,18.882987555680046,18.410912646099067,18.697861282548097,27900
2023-12-08,18.559011459350586,18.86169605518629,18.559011459350586,18.633062310088945,21000
2023-12-11,18.484962463378906,18.799679051973246,18.198015608664672,18.63306417971604,30100
2023-12-12,18.281320571899414,18.77190854434971,18.253550841775684,18.55901081109076,25600
2023-12-13,18.346115112304688,18.586780813704138,18.29057741675451,18.420165961542093,22100
2023-12-14,18.65157699584961,18.97555015650198,18.434053597042535,18.466450736556602,33500
2023-12-15,18.54975700378418,18.96629238511358,18.420166688371665,18.68860213089398,23400
2023-12-18,18.484962463378906,18.63306417971604,18.262809888873203,18.512732197259012,25800
2023-12-19,18.605295181274414,18.82189344390989,18.41276260759327,18.559012294036663,24000
2023-12-20,18.521989822387695,18.994064731968674,18.47570692997084,18.679348125581356,22800
2023-12-21,18.521989822387695,18.93852526106845,18.336861783743924,18.679348125581356,52700
2023-12-22,18.614553451538086,18.76265517314408,18.429425416774702,18.586783716670045,21800
2023-12-26,18.614553451538086,18.836706033947078,18.475706542709656,18.66083457747304,11600
2023-12-27,18.71636962890625,18.790420479213545,18.521986808916427,18.734882782860957,10100
2023-12-28,18.770944595336914,19.062622920011382,18.75212617577772,18.80857963983204,8400
2023-12-29,18.76153564453125,19.062623183141362,18.62980850042186,18.86503336428892,15600
2024-01-02,18.883852005004883,18.987351520596548,18.761535863997448,18.761535863997448,13900
2024-01-03,18.733306884765625,18.883850644989526,18.723897675423736,18.855624811587035,27700
2024-01-04,18.8273983001709,18.95912364952334,18.723898785894956,18.761535625494677,20300
2024-01-05,18.865032196044922,19.043803584007737,18.81798794403411,18.82739715336091,114800
2024-01-08,18.94971466064453,19.015577336088946,18.883851985200117,18.959123870654206,24200
2024-01-09,19.260210037231445,19.382527964000026,18.91207826484771,18.9685317262515,20400
2024-01-10,19.1755313873291,19.44557016634729,19.137896339813032,19.23198665053832,18700
2024-01-11,19.119075775146484,19.4295725094912,18.977941222194012,19.288437956538733,12900
2024-01-12,19.504844665527344,19.51049055021949,19.169885417513864,19.260210599472046,12300
2024-01-16,19.410755157470703,19.73066111887943,19.410755157470703,19.514254672815674,42800
2024-01-17,19.279027938842773,19.561298827537556,19.203756060782126,19.46720853130596,129900
2024-01-18,19.05321502685547,19.467211312649592,19.034396605995873,19.363711792545214,24200
2024-01-19,19.14730453491211,19.420164447459157,19.07203264924844,19.10025848473275,63400
2024-01-22,19.335481643676758,19.561299075342518,19.288437392276567,19.43898115030497,44600
2024-01-23,19.363710403442383,19.467209916121973,19.297847729782013,19.429573077102756,24100
2024-01-24,19.344890594482422,19.683614942833405,19.344890594482422,19.533071186815885,24400
2024-01-25,19.363710403442383,19.52366338002754,19.363710403442383,19.495435750763125,61300
2024-01-26,19.344890594482422,19.486967318565043,19.288437134631636,19.410753263412193,15000
2024-01-29,19.476619720458984,19.617754281843087,19.40134783474591,19.40134783474591,44000
2024-01-30,19.476619720458984,19.655389327387965,19.438982880290787,19.495436345919767,656000
2024-01-31,19.4295711517334,19.664795988424174,19.335480858132474,19.467207987023002,29300
2024-02-01,19.51425552368164,19.787117241625484,18.95912467200996,19.47662047667551,17300
2024-02-02,19.38252830505371,19.675147003729386,19.335482257536754,19.391937514557103,423500
2024-02-05,19.222576141357422,19.420164165370732,19.137895046887923,19.35430149069963,15600
2024-02-06,19.2978458404541,19.39193613416711,19.147302088362522,19.288436631620492,24100
2024-02-07,19.37312126159668,19.50108329482805,19.26021252955523,19.382530472152084,106700
2024-02-08,19.37312126159668,19.481324491048724,19.33548441937506,19.37312126159668,21600
2024-02-09,19.457799911499023,19.603638170182723,19.35430040304748,19.46720912086945,66200
2024-02-12,19.55189323425293,19.702437018214823,19.514256390950724,19.55189323425293,72100
2024-02-13,19.213167190551758,19.7052582866384,19.119076884914232,19.37312017174856,26300
2024-02-14,19.37312126159668,19.68926391668933,19.29784937177685,19.354302840485868,9600
2024-02-15,19.476619720458984,19.54248239613001,19.297848318906684,19.41075525016464,20700
2024-02-16,19.420164108276367,19.476619367505585,19.382529063413504,19.467210157634046,6000
2024-02-20,19.457799911499023,19.63468874056746,19.438981492758163,19.438981492758163,13700
2024-02-21,19.38252830505371,19.570707111251913,19.379705362740374,19.533072067861557,22300
2024-02-22,19.51425552368164,19.617755043539425,19.486027892459504,19.52366473408902,32500
2024-02-23,19.693023681640625,19.86708955888733,19.561298346926698,19.561298346926698,79500
2024-02-26,19.805932998657227,19.94706935395093,19.768297953302664,19.768297953302664,40100
2024-02-27,19.805932998657227,19.94706935395093,19.805932998657227,19.852979048629564,21500
2024-02-28,19.937660217285156,20.05903597580057,19.928251007256083,19.928251007256083,8800
2024-02-29,20.107023239135742,20.398701583592313,19.947070251280838,20.04115876621152,155100
2024-03-01,20.069385528564453,20.276382764922793,19.922605082724548,20.172885044055278,64700
2024-03-04,20.097612380981445,20.539834466618856,19.96588524055626,20.088203171335127,34800
2024-03-05,20.276382446289062,20.54924414843214,20.050566793458557,20.135247887597906,7500
2024-03-06,20.29520034790039,20.51160678534377,20.29520034790039,20.351653811011005,44800
2024-03-07,20.464563369750977,20.549244465195674,20.39870069432139,20.39870069432139,34500
2024-03-08,20.887968063354492,21.07614687257609,20.586878738278102,20.586878738278102,60300
2024-03-11,20.84092140197754,20.991465162775373,20.662150013046414,20.991465162775373,29200
2024-03-12,20.887968063354492,20.93501231700408,20.702610401868345,20.84092201508166,20100
2024-03-13,21.076147079467773,21.12883721835198,20.900198625909017,20.972649361498057,33900
2024-03-14,21.085556030273438,21.160827912701247,21.021574122629342,21.151418703069865,35600
2024-03-15,21.0949649810791,21.132600024519622,20.925602799038717,21.085555771563165,34900
2024-03-18,21.0949649810791,21.142009234035555,21.00558018261255,21.07614656204723,38200
2024-03-19,21.170236587524414,21.217280839869638,21.080851790219214,21.094964706998145,19500
2024-03-20,21.19846534729004,21.245509602146505,21.085556623161914,21.170237717602184,24700
2024-03-21,21.358417510986328,21.480733645718097,21.30196225376562,21.30196225376562,85200
2024-03-22,21.40546226501465,21.61245949579877,21.170237404959543,21.40546226501465,13500
2024-03-25,21.254920959472656,21.40546474377106,21.010286861331885,21.377237111231306,12500
2024-03-26,21.20787239074707,21.396051185573278,21.07614526028331,21.396051185573278,9600
2024-03-27,21.358417510986328,21.43368939265739,21.132600071349927,21.2643272102417,64400
2024-03-28,21.767026901245117,21.948419308020316,21.385149587719436,21.499713692244473,225200
2024-04-01,21.71929359436035,21.938872828839443,21.56176817336358,21.642918129283508,21600
2024-04-02,21.55699348449707,21.709744400344604,21.418562397968195,21.59518212392623,13300
2024-04-03,21.509260177612305,21.671558258383683,21.32786777653027,21.55699415745434,17300
2024-04-04,21.67155647277832,21.690648970581265,21.461522608535816,21.461522608535816,17100
2024-04-05,21.652463912963867,21.709745052894807,21.394696051872724,21.671558233252384,4700
2024-04-08,21.4710693359375,21.700195693373253,21.423335360988794,21.700195693373253,10200
2024-04-09,21.346961975097656,21.585635514815888,21.346961975097656,21.585635514815888,7700
2024-04-10,20.611846923828125,21.241944919588338,20.478190325010683,21.194210940277706,43000
2024-04-11,20.344532012939453,20.755050792548232,20.268156553077443,20.755050792548232,9800
2024-04-12,20.134498596191406,20.53547018866923,20.134498596191406,20.220421210360545,21300
2024-04-15,19.809904098510742,20.315892665960977,19.73352863747435,20.258609704482712,19800
2024-04-16,19.97220230102539,20.144047544625113,19.752623076841136,19.857638198314028,9800
2024-04-17,20.12495231628418,20.1440466360306,19.876731622384384,20.09631083666455,5400
2024-04-18,19.93401336669922,20.24906236835467,19.857637906326218,20.24906236835467,9800
2024-04-19,20.0485782623291,20.172687707503687,19.934014156761673,19.934014156761673,5500
2024-04-22,20.086767196655273,20.185099491890583,19.95024443776244,20.067672875293866,12600
2024-04-23,20.1440486907959,20.35408076662688,20.08676754664831,20.096312886560625,32300
2024-04-24,20.077219009399414,20.163141630197707,20.000843548793668,20.163141630197707,9100
2024-04-25,19.83663558959961,20.105858955500526,19.74307596768814,19.905374051404515,11000
2024-04-26,19.82900047302246,20.172689172820455,19.800358989316454,19.800358989316454,7600
2024-04-29,20.029483795166016,20.029483795166016,19.72589210426219,19.781263085692487,12300
2024-04-30,19.714431762695312,20.182231628549882,19.714431762695312,20.10585617740902,10200
2024-05-01,19.89582633972168,19.99129611942706,19.71443394037492,19.828998040208294,6100
2024-05-02,20.019935607910156,20.153594026731387,19.830906210498497,19.88150634049951,394500
2024-05-03,20.153593063354492,20.32066380272654,20.153593063354492,20.153593063354492,13100
2024-05-06,20.19178009033203,20.334983842843844,20.144046113139595,20.171731601399067,17700
2024-05-07,20.220422744750977,20.382720825948997,20.14404728424218,20.287251045079348,36100
2024-05-08,19.924467086791992,20.23951607357328,19.733527534406864,20.23951607357328,18900
2024-05-09,19.991294860839844,19.991294860839844,19.781260994524146,19.92446656553375,8900
2024-05-10,19.89582633972168,20.036165768699792,19.762169740694908,19.96265463923507,14200
2024-05-13,19.914920806884766,20.029483086629376,19.734482575931825,19.88627932648131,7200
2024-05-14,19.910146713256836,20.00084382587518,19.910146713256836,19.962655184575954,17300
2024-05-15,19.96265411376953,20.124952188716218,19.95310695395684,20.058123890961912,42800
2024-05-16,19.97220230102539,20.103950563909798,19.92446832044086,19.97220230102539,10300
2024-05-17,19.81945037841797,20.019935271882883,19.733527760951706,20.019935271882883,13400
2024-05-20,19.9521541595459,19.9521541595459,19.79081024317878,19.85763854553952,4500
2024-05-21,19.90537452697754,20.005616981420506,19.781263260675566,19.886280205864207,14200
2024-05-22,19.781261444091797,19.88627837963636,19.76216894566648,19.88627837963636,7400
2024-05-23,19.61896514892578,19.80035755740973,19.480535873361276,19.80035755740973,16100
2024-05-24,20.0485782623291,20.0485782623291,19.7048877665615,19.73352924818703,18300
2024-05-28,20.060033798217773,20.158367913133024,19.857638728799692,20.07721977978457,20900
2024-05-29,19.914920806884766,20.029483086629376,19.857637846077854,20.029483086629376,10400
2024-05-30,19.953105926513672,20.01038706150571,19.953105926513672,20.01038706150571,7800
2024-05-31,20.077219009399414,20.21946860067949,19.95310774783094,19.981749228408578,31600
2024-06-03,20.296796798706055,20.29966112865515,19.93401202072904,20.077217592576776,11600
2024-06-04,20.16314125061035,20.315892168946185,20.077218631429623,20.277703528894936,17100
2024-06-05,20.258609771728516,20.27770409228465,20.096311688870628,20.229970111828948,5000
2024-06-06,20.229970932006836,20.319712057137462,20.048578521238674,20.144048306955323,8900
2024-06-07,20.27770233154297,20.287249490992043,20.144045741124877,20.287249490992043,7800
2024-06-10,20.0485782623291,20.239517831296585,19.95310847784536,20.239517831296585,6000
2024-06-11,19.90537452697754,20.144048078090137,19.81945190290223,20.04857829345816,14700
2024-06-12,20.105859756469727,20.516378562279037,19.991297469832304,20.058125773859917,18200
2024-06-13,20.077219009399414,20.287251070831562,20.077219009399414,20.11540582923498,6000
2024-06-14,20.096309661865234,20.210873752711958,20.096309661865234,20.134498299125624,3700
2024-06-17,20.096309661865234,20.239515230657254,19.93783191585107,19.962653073322763,12500
2024-06-18,19.981748580932617,20.191780635559017,19.97220142104943,20.096310857661724,7900
2024-06-20,20.039030075073242,20.096311214454776,19.905373476204804,19.934013135428277,6000
2024-06-21,20.134498596191406,20.14404575564736,20.03902882256631,20.03902882256631,8500
2024-06-24,20.19178009033203,20.313981184228695,20.08676497632177,20.134498953514207,17700
2024-06-25,20.058124542236328,20.325439562867633,20.058124542236328,20.220422622452727,28100
2024-06-26,20.091537475585938,20.220421398035878,19.972200712680564,19.972200712680564,5800
2024-06-27,20.16314125061035,20.273885029076727,20.058124311403997,20.191780909714208,2600
2024-06-28,19.97220230102539,20.25860982640184,19.97220230102539,20.172687204601978,36900
2024-07-01,19.950862884521484,20.135144588906886,19.747184566468658,19.91206780724732,15700
2024-07-02,19.989660263061523,20.086648883406408,19.853872864687855,19.902369024799647,6700
2024-07-03,20.183639526367188,20.270930765375866,19.88297073085917,19.989660434078523,8100
2024-07-05,20.222436904907227,20.262203202442436,19.999360111337218,20.135145663955587,10900
2024-07-08,20.222436904907227,20.236984828419363,20.106047966991905,20.173940743301088,10100
2024-07-09,20.19333839416504,20.241834553816815,20.12544562059189,20.241834553816815,7500
2024-07-10,20.34852409362793,20.34852409362793,19.92176895291754,20.23213700068491,8300
2024-07-11,20.542503356933594,20.552202588870102,20.367920881955115,20.367920881955115,15300
2024-07-12,20.639493942260742,20.66858978829432,20.561901936272292,20.610396246287817,55700
2024-07-15,20.67828941345215,20.726785574329103,20.49400770199848,20.658890949101366,7900
2024-07-16,20.639493942260742,20.78497872224667,20.639493942260742,20.775279490255695,2500
2024-07-17,20.68798828125,20.784978751356235,20.668589817240882,20.668589817240882,6800
2024-07-18,20.72678565979004,20.72678565979004,20.61039672314483,20.678289498713124,5100
2024-07-19,20.78497886657715,20.78497886657715,20.600697157347675,20.600697157347675,9300
2024-07-22,20.969261169433594,21.128324509826534,20.852872231378143,20.852872231378143,12500
2024-07-23,20.901365280151367,21.03715267466776,20.862570203103324,21.03715267466776,5200
2024-07-24,20.46491241455078,21.00805648163671,20.426115484789214,21.00805648163671,12700
2024-07-25,20.503705978393555,20.707386144703452,20.474610133163065,20.639493372579917,6600
2024-07-26,20.668590545654297,20.784979483871492,20.53280499268375,20.53280499268375,9300
2024-07-29,20.68798828125,20.775279519351677,20.503706573042084,20.775279519351677,6900
2024-07-30,20.74618148803711,20.765579951732708,20.571599014655366,20.765579951732708,8700
2024-07-31,20.494007110595703,20.852871290971777,20.494007110595703,20.658890352940496,8700
2024-08-01,20.658889770507812,20.852870703070224,20.523104227677692,20.523104227677692,6800
2024-08-02,20.78497886657715,20.78497886657715,20.523105150820424,20.523105150820424,6100
2024-08-05,20.620094299316406,20.70738553230492,20.397017526096533,20.523103834891476,8900
2024-08-06,20.99835777282715,20.99835777282715,20.377621680678377,20.523106471033312,14500
2024-08-07,21.33782196044922,21.33782196044922,20.891668389247073,20.949861931156192,12500
2024-08-08,21.328123092651367,21.57059834634218,21.14384138186332,21.269929549748596,21200
2024-08-09,21.240833282470703,21.43481423845069,21.172940502859557,21.172940502859557,5300
2024-08-12,20.75588035583496,21.15353960492334,20.72678451074121,21.124443759829592,13500
2024-08-13,21.027454376220703,21.027454376220703,20.62979510664692,20.862571129084788,3300
2024-08-14,21.01775550842285,21.141903092529905,21.01775550842285,21.07594905255636,8200
2024-08-15,21.037153244018555,21.172938792270557,20.91591561881088,21.172938792270557,5400
2024-08-16,21.134143829345703,21.15354044353073,20.94695216543016,21.046852590725326,4300
2024-08-19,21.260231018066406,21.260231018066406,21.08564853366677,21.182639008326504,5300
2024-08-20,21.40571403503418,21.40571403503418,21.284476414219586,21.30872356839465,6700
2024-08-21,21.551198959350586,21.60842313157109,21.474578173619204,21.49300541893936,3300
2024-08-22,21.40571403503418,21.551198810023834,21.28932695501817,21.415413266692063,15700
2024-08-23,21.473608016967773,21.51143557754728,21.366920162596642,21.493006481376845,6000
2024-08-26,21.473608016967773,21.522104177990457,21.33782246598303,21.473608016967773,4200
2024-08-27,21.517253875732422,21.551200263855367,21.43481317598795,21.502705952233846,3600
2024-08-28,21.745180130004883,21.754879361835247,21.49300565223331,21.570597656936926,10700
2024-08-29,21.750030517578125,21.802406003559827,21.706384895906524,21.77427952401526,2400
2024-08-30,21.28932762145996,21.725781960091705,21.23113222969092,21.725781960091705,36500
2024-09-03,21.318424224853516,21.502705938791024,21.289328377874554,21.289328377874554,6400
2024-09-04,21.318424224853516,21.42996262146481,20.765580932980388,21.405715465669207,15300
2024-09-05,21.51240348815918,21.541499332861942,21.289326712388117,21.289326712388117,7800
2024-09-06,21.33782196044922,21.64818998388364,21.308724264524987,21.415413966307824,9700
2024-09-09,21.599695205688477,21.599695205688477,21.41347291571347,21.463907810925154,3200
2024-09-10,21.60454559326172,21.648191214659803,21.483307961593653,21.483307961593653,3900
2024-09-11,21.6287899017334,21.764577289281263,21.51240282662289,21.51240282662289,5100
2024-09-12,21.589996337890625,21.793674658560292,21.58029710596264,21.73548111693172,3700
2024-09-13,21.861570358276367,21.861570358276367,21.580298168336117,21.580298168336117,11000
2024-09-16,21.871267318725586,21.968257790969346,21.793675310918456,21.793675310918456,17100
2024-09-17,21.968257904052734,21.968257904052734,21.774278808506082,21.968257904052734,9000
2024-09-18,21.935279846191406,22.171937032469504,21.861569014332215,21.861569014332215,13100
2024-09-19,22.11374282836914,22.123442060698864,21.948859578642676,22.016754204950733,15700
2024-09-20,22.11859130859375,22.21073123223182,21.997353690677702,22.13313923076312,6700
2024-09-23,22.1622371673584,22.259227632739556,22.035179639209687,22.220430706611392,27000
2024-09-24,22.06621742248535,22.239830532652107,22.03615035787513,22.055548822128056,5700
2024-09-25,22.045848846435547,22.28541413706703,22.045848846435547,22.17193700988747,12800
2024-09-26,22.1622371673584,22.298022708928464,22.133139472762274,22.142838704294316,11300
2024-09-27,21.99735450744629,22.259228215853817,21.977956043874034,22.133140052573463,13300
2024-09-30,21.79367446899414,22.15253864745074,21.716082464184513,22.133140183763505,15800
2024-10-01,21.860605239868164,22.008247035356085,21.722808233245747,21.89997688595652,9800
2024-10-02,21.870447158813477,21.949188570073144,21.762178891671013,21.909818803114973,10200
2024-10-03,21.92950439453125,22.025962293774363,21.850762984100072,21.850762984100072,12300
2024-10-04,21.85076332092285,21.988560321965682,21.575167441493846,21.86060435470305,28700
2024-10-07,21.63422393798828,21.840921325562437,21.614538114915806,21.840921325562437,7800
2024-10-08,21.68343734741211,21.82123434693549,21.6145369703071,21.69328025842711,7900
2024-10-09,21.772022247314453,21.88029051666767,21.61453754423607,21.742493513485375,9900
2024-10-10,21.801549911499023,21.831078646422075,21.61453834500657,21.831078646422075,6100
2024-10-11,22.136199951171875,22.146042862169594,21.66276775944454,21.801548486622735,12400
2024-10-14,22.28384017944336,22.43148196917267,22.1253736280084,22.16572900047192,6100
2024-10-15,22.428529739379883,22.559436895417182,22.342898474381613,22.40195406605615,6300
2024-10-16,22.62833595275879,22.62833595275879,22.421640438164275,22.421640438164275,5000
2024-10-17,22.588964462280273,22.638177139907963,21.988560033037203,22.628334228913765,9300
2024-10-18,22.500381469726562,22.638178477098133,22.333055727628185,22.608649742371327,6200
2024-10-21,22.39211082458496,22.618492153787585,22.146043672666444,22.59880633107169,3900
2024-10-22,22.41179656982422,22.608649164272492,22.047616360212682,22.39211074717638,7300
2024-10-23,22.22478485107422,22.50038073415109,22.008246435520267,22.50038073415109,5000
2024-10-24,22.063365936279297,22.42754427750164,22.02793107917326,22.165729963752874,5700
2024-10-25,22.057458877563477,22.323211846532516,22.057458877563477,22.146043200553155,7300
2024-10-28,22.264156341552734,22.264156341552734,21.919661959433643,22.165729107041088,7700
2024-10-29,21.92950439453125,22.20509839236872,21.74249284075346,22.20509839236872,3700
2024-10-30,21.94328498840332,22.29368362202732,21.94328498840332,22.047616469737076,5100
2024-10-31,22.116514205932617,22.116514205932617,21.7720217065335,22.10667129490074,5700
2024-11-01,21.84092140197754,22.22478556651675,21.703122517331508,22.136201239724098,9000
2024-11-04,22.116514205932617,22.205098527876196,21.97871720617297,22.205098527876196,5300
2024-11-05,22.44132423400879,22.470852969043147,22.027931330244993,22.027931330244993,4400
2024-11-06,22.33305549621582,22.411796910661298,22.165729755851256,22.27399802737416,5000
2024-11-07,22.244470596313477,22.490537744774148,22.208052012535184,22.45116609989563,5200
2024-11-08,22.682470321655273,22.736605395888358,22.342898325116003,22.342898325116003,10600
2024-11-11,22.44132423400879,22.775975721691076,22.342898871914482,22.76613281001296,7500
2024-11-12,21.968875885009766,22.57912327174602,21.945253272292376,22.57912327174602,6300
2024-11-13,21.919662475585938,22.224785220147893,21.801549415922025,22.126357983318535,9800
2024-11-14,21.82123565673828,22.205099822647895,21.77202297605264,21.801549833526654,5800
2024-11-15,21.772022247314453,21.88029051666767,21.67359501189423,21.88029051666767,4800
2024-11-18,21.693281173706055,22.106672189717923,21.680485201112337,21.80154944475247,5800
2024-11-19,21.191303253173828,21.69328045543777,21.191303253173828,21.663751722124594,13000
2024-11-20,21.028898239135742,21.166695241241865,20.964920255010746,21.11256204565971,8300
2024-11-21,21.04366111755371,21.397998402105742,21.033820083954645,21.142088349634086,13400
2024-11-22,21.053504943847656,21.342880530636,21.053504943847656,21.21098777108588,9600
2024-11-25,21.25035858154297,21.713949738948102,21.092875760492966,21.289728348133814,10800
2024-11-26,20.886178970336914,21.422605431253853,20.846809202641833,21.29957185652376,15400
2024-11-27,21.004291534423828,21.476739999720543,20.85665162368652,20.85665162368652,9300
2024-11-29,21.60469627380371,21.60469627380371,20.984606011584567,21.20114630260734,30800
2024-12-02,21.447214126586914,21.60469695556759,20.964920850822267,21.5554823981715,10100
2024-12-03,21.4078426361084,21.64406688129459,21.112562798961513,21.201147125574263,7900
2024-12-04,21.545639038085938,21.594853594457323,21.329100622081956,21.5062692703322,8600
2024-12-05,21.76218032836914,21.87044860265927,21.466898608643948,21.634224353285187,6200
2024-12-06,21.732650756835938,21.929505229076998,21.466897782513517,21.604696664019613,7400
2024-12-09,21.644065856933594,21.90588203522913,21.420637595071952,21.663751679103285,5600
2024-12-10,21.368471145629883,21.58008905215325,21.358630111350898,21.516112942622694,8100
2024-12-11,21.319257736206055,21.624380476698665,21.30941482492005,21.3684704152927,15500
2024-12-12,21.102720260620117,21.358630333433545,20.97673361882401,21.230674358355103,10400
2024-12-13,20.886178970336914,21.27299806120051,20.886178970336914,21.112562174621242,8400
2024-12-16,20.689327239990234,21.14799603522465,20.63026976996967,21.04366267339641,16100
2024-12-17,20.62042808532715,20.71885344423712,20.4826292036351,20.59089935124813,11000
2024-12-18,20.669641494750977,20.70901314158012,20.42357433409918,20.531844485535874,269500
2024-12-19,20.60074234008789,20.669640842521353,20.290697201793922,20.669640842521353,11900
2024-12-20,20.65979766845703,20.734602292246127,20.472786108984298,20.5121577540705,9200
2024-12-23,20.699169158935547,20.876335928470056,20.561370279506455,20.65979751414342,9800
2024-12-24,20.669641494750977,20.768068734480387,20.266091501469507,20.768068734480387,7800
2024-12-26,20.67948341369629,20.748381914996223,20.177506204783878,20.748381914996223,13900
2024-12-27,20.49247169494629,20.571213106866278,20.354674693422147,20.571213106866278,16700
2024-12-30,20.522001266479492,20.655861484475604,20.315303878409004,20.3546755246485,12600
2024-12-31,20.06999969482422,20.499000549316406,19.899999618530273,20.459999084472656,102500
2025-01-02,20.440000534057617,20.610000610351562,20.170000076293945,20.219999313354492,19300
2025-01-03,20.790000915527344,20.940000534057617,20.450000762939453,20.450000762939453,10900
2025-01-06,20.489999771118164,20.790000915527344,20.374000549316406,20.790000915527344,15700
2025-01-07,20.020000457763672,20.389999389648438,19.93000030517578,20.389999389648438,10200
2025-01-08,19.700000762939453,20.041000366210938,19.639999389648438,19.940000534057617,23400
