Date,Adj Close,Close,High,Low,Open,Volume
1999-09-13,8.696188926696777,11.9375,12.0,11.5,11.6875,98500
1999-09-14,8.377484321594238,11.5,11.8125,11.5,11.8125,268300
1999-09-15,8.741722106933594,12.0,12.125,11.5,11.5,55600
1999-09-16,8.423015594482422,11.5625,12.0625,11.5,12.0625,67400
1999-09-17,8.605130195617676,11.8125,11.8125,11.0,11.1875,209300
1999-09-20,8.331954002380371,11.4375,11.75,10.875,11.75,52900
1999-09-21,8.24089527130127,11.3125,11.5625,11.3125,11.5625,193000
1999-09-22,8.149832725524902,11.1875,11.4375,11.125,11.25,45400
1999-09-23,7.649004936218262,10.5,11.3125,10.5,11.3125,251700
1999-09-24,8.149832725524902,11.1875,11.1875,10.5,10.5,109600
1999-09-27,8.195364952087402,11.25,11.625,11.1875,11.1875,232800
1999-09-28,7.967715740203857,10.9375,11.25,10.625,11.125,37400
1999-09-29,8.0132474899292,11.0,11.125,10.8125,10.8125,47400
1999-09-30,8.28642463684082,11.375,11.375,10.9375,11.0625,95300
1999-10-01,7.922183513641357,10.875,11.25,10.5,11.25,105300
1999-10-04,7.831122398376465,10.75,11.125,10.6875,10.8125,112000
1999-10-05,7.876655101776123,10.8125,11.0,10.6875,10.6875,74600
1999-10-06,7.7855939865112305,10.6875,10.875,10.125,10.6875,257100
1999-10-07,7.694534778594971,10.5625,10.625,10.4375,10.5,100400
1999-10-08,7.967715740203857,10.9375,11.0625,10.625,10.6875,228500
1999-10-11,7.7855939865112305,10.6875,11.125,10.625,10.875,124000
1999-10-12,7.375826835632324,10.125,10.625,10.125,10.625,78300
1999-10-13,7.14818000793457,9.8125,10.25,9.75,10.1875,121600
1999-10-14,6.874999523162842,9.4375,9.8125,9.4375,9.75,136300
1999-10-15,6.829471111297607,9.375,9.5625,9.3125,9.375,146500
1999-10-18,7.193708896636963,9.875,10.0,9.25,9.25,245800
1999-10-19,7.284767150878906,10.0,10.5625,9.75,10.0,557500
1999-10-20,7.011589527130127,9.625,10.0,9.5625,9.9375,175600
1999-10-21,7.011589527130127,9.625,9.625,9.125,9.5,558900
1999-10-22,7.284767150878906,10.0,10.1875,9.5625,9.5625,301100
1999-10-25,7.330297470092773,10.0625,10.25,9.8125,10.0625,86000
1999-10-26,7.512416839599609,10.3125,10.375,10.0,10.0,337000
1999-10-27,7.46688985824585,10.25,10.4375,10.125,10.25,76100
1999-10-28,7.967715740203857,10.9375,11.0,10.1875,10.1875,246500
1999-10-29,7.7855939865112305,10.6875,11.125,10.6875,11.0625,178600
1999-11-01,7.557948112487793,10.375,10.875,10.375,10.5625,243600
1999-11-02,7.649004936218262,10.5,10.625,10.25,10.5,291500
1999-11-03,7.421358108520508,10.1875,10.4375,10.125,10.4375,154700
1999-11-04,7.512416839599609,10.3125,10.5625,10.125,10.375,130200
1999-11-05,7.375826835632324,10.125,10.625,9.8125,10.375,315200
1999-11-08,7.421358108520508,10.1875,10.1875,9.75,10.125,194000
1999-11-09,7.239242076873779,9.9375,10.0625,9.5,10.0625,276300
1999-11-10,7.7855939865112305,10.6875,11.0,9.75,9.8125,330000
1999-11-11,7.512416839599609,10.3125,10.625,10.1875,10.5625,41000
1999-11-12,7.421358108520508,10.1875,10.5,10.0,10.4375,67400
1999-11-15,7.421358108520508,10.1875,10.625,10.0,10.3125,213400
1999-11-16,7.330297470092773,10.0625,10.3125,9.9375,10.3125,117400
1999-11-17,7.557948112487793,10.375,10.4375,9.9375,10.0,197000
1999-11-18,7.7855939865112305,10.6875,10.6875,10.3125,10.3125,226600
1999-11-19,7.7855939865112305,10.6875,10.75,10.375,10.625,232000
1999-11-22,7.740069389343262,10.625,10.75,10.5,10.5625,310800
1999-11-23,7.512416839599609,10.3125,10.75,10.1875,10.6875,116300
1999-11-24,7.46688985824585,10.25,10.375,10.0,10.3125,187900
1999-11-26,7.876655101776123,10.8125,10.8125,10.25,10.3125,140200
1999-11-29,7.603475570678711,10.4375,10.5,10.0625,10.5,99300
1999-11-30,7.603475570678711,10.4375,10.4375,10.125,10.3125,80600
1999-12-01,7.740069389343262,10.625,10.625,10.125,10.5,156200
1999-12-02,8.46854019165039,11.625,11.75,10.3125,10.625,327000
1999-12-03,8.377484321594238,11.5,11.5625,11.25,11.5,128400
1999-12-06,7.831122398376465,10.75,11.5625,10.75,11.5,163200
1999-12-07,7.557948112487793,10.375,10.625,10.1875,10.4375,175500
1999-12-08,7.330297470092773,10.0625,10.375,10.0,10.375,83100
1999-12-09,7.421358108520508,10.1875,10.1875,9.75,10.0,114100
1999-12-10,7.239242076873779,9.9375,10.1875,9.75,10.125,89200
1999-12-13,7.193708896636963,9.875,9.9375,9.75,9.9375,178600
1999-12-14,7.193708896636963,9.875,9.875,9.625,9.75,108600
1999-12-15,7.14818000793457,9.8125,9.9375,9.6875,9.875,188200
1999-12-16,7.421358108520508,10.1875,10.375,9.5625,9.6875,557300
1999-12-17,7.603475570678711,10.4375,10.75,9.875,10.0625,301900
1999-12-20,7.193708896636963,9.875,10.3125,9.75,10.25,94600
1999-12-21,7.102650165557861,9.75,10.0,9.5,9.8125,394600
1999-12-22,7.0571208000183105,9.6875,9.8125,9.5,9.75,93600
1999-12-23,7.193708896636963,9.875,10.0,9.625,9.8125,197800
1999-12-27,7.512416839599609,10.3125,10.5,9.875,9.9375,149200
1999-12-28,7.284767150878906,10.0,10.1875,9.5625,10.1875,126200
1999-12-29,7.649004936218262,10.5,10.75,9.75,9.875,195400
1999-12-30,7.512416839599609,10.3125,10.6875,10.3125,10.5625,107500
1999-12-31,7.967715740203857,10.9375,11.0,10.0,10.25,115500
2000-01-03,7.512416839599609,10.3125,10.875,10.25,10.875,91600
2000-01-04,7.46688985824585,10.25,10.375,9.75,10.0,135400
2000-01-05,7.421358108520508,10.1875,10.375,10.125,10.125,163000
2000-01-06,8.377484321594238,11.5,11.5,10.125,10.125,217900
2000-01-07,8.28642463684082,11.375,12.0,11.375,11.5,307200
2000-01-10,8.331954002380371,11.4375,11.5625,11.0,11.4375,186600
2000-01-11,8.195364952087402,11.25,11.375,11.125,11.1875,72300
2000-01-12,8.149832725524902,11.1875,11.25,10.875,11.25,83700
2000-01-13,8.377484321594238,11.5,11.75,11.125,11.125,308100
2000-01-14,8.377484321594238,11.5,11.6875,11.375,11.375,147300
2000-01-18,8.28642463684082,11.375,11.4375,11.125,11.375,88500
2000-01-19,7.740069389343262,10.625,11.3125,10.4375,11.25,282600
2000-01-20,7.876655101776123,10.8125,10.8125,10.25,10.6875,251800
2000-01-21,7.694534778594971,10.5625,10.8125,10.375,10.8125,121700
2000-01-24,7.649004936218262,10.5,10.75,10.5,10.5,67000
2000-01-25,7.46688985824585,10.25,10.5,10.25,10.5,69100
2000-01-26,8.741722106933594,12.0,12.0,10.375,10.375,410900
2000-01-27,8.87830924987793,12.1875,12.3125,12.0,12.0,440700
2000-01-28,8.377484321594238,11.5,12.25,11.5,12.125,226500
2000-01-31,8.331954002380371,11.4375,11.75,10.75,11.5625,154800
2000-02-01,8.1043062210083,11.125,11.4375,10.875,11.4375,90300
2000-02-02,8.28642463684082,11.375,11.375,11.0625,11.0625,71500
2000-02-03,8.28642463684082,11.375,11.375,11.0,11.25,138700
2000-02-04,8.331954002380371,11.4375,11.5,11.3125,11.3125,172300
2000-02-07,8.24089527130127,11.3125,11.4375,11.125,11.3125,279700
2000-02-08,8.195364952087402,11.25,11.4375,11.125,11.375,147800
2000-02-09,8.1043062210083,11.125,11.25,10.875,11.1875,75600
2000-02-10,7.7855939865112305,10.6875,11.0,10.1875,11.0,243400
2000-02-11,7.649004936218262,10.5,10.8125,10.5,10.6875,134600
2000-02-14,7.967715740203857,10.9375,11.0625,10.3125,10.625,143800
2000-02-15,8.0587797164917,11.0625,11.1875,10.8125,11.0,111800
2000-02-16,8.0587797164917,11.0625,11.125,10.875,10.875,123900
2000-02-17,8.331954002380371,11.4375,11.5,11.0625,11.0625,214200
2000-02-18,7.967715740203857,10.9375,12.0,10.8125,11.75,519300
2000-02-22,7.967715740203857,10.9375,11.0,10.75,11.0,53500
2000-02-23,7.876655101776123,10.8125,11.0625,10.6875,11.0625,36200
2000-02-24,7.694534778594971,10.5625,10.875,10.4375,10.875,70400
2000-02-25,7.694534778594971,10.5625,10.9375,10.5,10.625,83700
2000-02-28,7.967715740203857,10.9375,11.125,10.5,10.5,84000
2000-02-29,8.331954002380371,11.4375,11.5,10.875,10.875,74100
2000-03-01,7.7855939865112305,10.6875,11.375,10.625,11.3125,105900
2000-03-02,7.831122398376465,10.75,10.8125,10.5625,10.5625,31800
2000-03-03,7.831122398376465,10.75,11.0,10.5625,11.0,121400
2000-03-06,7.694534778594971,10.5625,10.875,10.375,10.625,71100
2000-03-07,7.284767150878906,10.0,10.625,9.9375,10.5625,76600
2000-03-08,7.46688985824585,10.25,10.5,10.125,10.125,141200
2000-03-09,7.649004936218262,10.5,10.8125,10.1875,10.3125,119400
2000-03-10,7.557948112487793,10.375,10.5,10.25,10.5,96900
2000-03-13,7.603475570678711,10.4375,10.5,10.25,10.375,53700
2000-03-14,7.284767150878906,10.0,10.5,9.8125,10.5,250900
2000-03-15,7.284767150878906,10.0,10.25,9.9375,10.0,305800
2000-03-16,7.512416839599609,10.3125,10.3125,10.0,10.125,354800
2000-03-17,7.603475570678711,10.4375,10.5,10.1875,10.25,156100
2000-03-20,7.694534778594971,10.5625,10.625,10.1875,10.4375,67000
2000-03-21,7.876655101776123,10.8125,10.875,10.125,10.5,75500
2000-03-22,8.0132474899292,11.0,11.25,10.8125,10.8125,101000
2000-03-23,7.831122398376465,10.75,11.125,10.6875,10.9375,59100
2000-03-24,7.740069389343262,10.625,11.0,10.5625,10.75,67100
2000-03-27,7.740069389343262,10.625,10.9375,10.5625,10.625,64200
2000-03-28,7.694534778594971,10.5625,11.0625,10.4375,10.625,81600
2000-03-29,7.7855939865112305,10.6875,10.75,10.3125,10.625,123800
2000-03-30,8.0132474899292,11.0,11.25,10.5625,10.5625,108900
2000-03-31,8.24089527130127,11.3125,11.5,10.9375,11.125,197600
2000-04-03,8.559601783752441,11.75,11.9375,11.25,11.25,157200
2000-04-04,8.787256240844727,12.0625,12.875,11.75,11.875,233100
2000-04-05,8.696188926696777,11.9375,12.25,11.75,11.9375,104100
2000-04-06,8.87830924987793,12.1875,12.6875,12.0,12.0,65300
2000-04-07,8.92384147644043,12.25,12.3125,11.9375,12.3125,52200
2000-04-10,8.650660514831543,11.875,12.25,11.875,12.25,96800
2000-04-11,8.741722106933594,12.0,12.0,11.5625,11.75,102300
2000-04-12,9.470197677612305,13.0,13.0,12.125,12.125,204000
2000-04-13,10.016554832458496,13.75,13.9375,12.875,12.9375,407000
2000-04-14,9.470197677612305,13.0,13.875,12.75,13.75,186700
2000-04-17,9.24255084991455,12.6875,13.0,12.5,12.875,81300
2000-04-18,9.105958938598633,12.5,12.75,12.0625,12.6875,100100
2000-04-19,8.87830924987793,12.1875,12.875,12.0,12.625,107600
2000-04-20,8.741722106933594,12.0,12.25,12.0,12.1875,178500
2000-04-24,8.696188926696777,11.9375,12.0,11.75,12.0,53200
2000-04-25,8.832784652709961,12.125,12.3125,11.9375,12.0,132100
2000-04-26,8.92384147644043,12.25,12.625,12.0625,12.0625,95100
2000-04-27,8.514078140258789,11.6875,12.125,11.625,11.875,130500
2000-04-28,8.377484321594238,11.5,12.25,11.5,11.8125,134600
2000-05-01,8.650660514831543,11.875,12.0,11.375,11.375,102000
2000-05-02,8.605130195617676,11.8125,12.0,11.625,11.875,56600
2000-05-03,8.46854019165039,11.625,11.875,11.5,11.8125,55200
2000-05-04,8.696188926696777,11.9375,12.3125,11.75,11.75,110800
2000-05-05,8.605130195617676,11.8125,12.3125,11.5625,12.0,95000
2000-05-08,8.605130195617676,11.8125,12.625,11.8125,11.875,254500
2000-05-09,8.650660514831543,11.875,12.0,11.5625,11.8125,159000
2000-05-10,8.514078140258789,11.6875,11.875,11.5,11.875,77000
2000-05-11,8.696188926696777,11.9375,12.0625,11.625,11.75,299300
2000-05-12,8.787256240844727,12.0625,12.3125,12.0,12.0,178000
2000-05-15,8.832784652709961,12.125,12.125,11.5,12.0625,83200
2000-05-16,8.832784652709961,12.125,12.125,11.75,12.125,57700
2000-05-17,8.832784652709961,12.125,12.125,11.875,12.125,35300
2000-05-18,9.105958938598633,12.5,12.5,11.8125,12.125,207100
2000-05-19,8.969371795654297,12.3125,12.4375,12.1875,12.25,203700
2000-05-22,9.105958938598633,12.5,12.5,12.3125,12.375,96300
2000-05-23,9.105958938598633,12.5,12.5625,12.25,12.25,92500
2000-05-24,9.69784927368164,13.3125,13.3125,12.375,12.4375,369400
2000-05-25,9.288082122802734,12.75,13.3125,12.75,13.3125,407400
2000-05-26,9.24255084991455,12.6875,12.8125,12.5,12.8125,145000
2000-05-30,9.151493072509766,12.5625,12.6875,12.5,12.6875,32400
2000-05-31,8.514078140258789,11.6875,12.5625,11.25,12.5625,423400
2000-06-01,8.149832725524902,11.1875,11.8125,10.875,11.6875,165300
2000-06-02,8.377484321594238,11.5,11.5,11.3125,11.3125,163700
2000-06-05,8.0587797164917,11.0625,11.4375,10.9375,11.4375,188900
2000-06-06,7.967715740203857,10.9375,11.0625,10.875,10.9375,326600
2000-06-07,7.7855939865112305,10.6875,10.9375,10.5,10.9375,216400
2000-06-08,7.694534778594971,10.5625,10.6875,10.4375,10.5625,241000
2000-06-09,7.7855939865112305,10.6875,10.6875,10.3125,10.4375,185300
2000-06-12,7.512416839599609,10.3125,10.625,10.25,10.625,126700
2000-06-13,7.7855939865112305,10.6875,10.75,10.25,10.4375,370400
2000-06-14,7.421358108520508,10.1875,10.6875,10.125,10.6875,369700
2000-06-15,7.421358108520508,10.1875,10.25,10.0625,10.1875,277200
2000-06-16,7.284767150878906,10.0,10.25,9.875,10.0625,292000
2000-06-19,7.239242076873779,9.9375,10.0,9.8125,10.0,113500
2000-06-20,7.011589527130127,9.625,9.9375,9.375,9.9375,261000
2000-06-21,6.783943176269531,9.3125,9.6875,9.25,9.5,239400
2000-06-22,6.556291103363037,9.0,9.375,9.0,9.375,120800
2000-06-23,6.556291103363037,9.0,9.0625,8.8125,9.0,295900
2000-06-26,6.692880153656006,9.1875,9.3125,9.0625,9.25,170000
2000-06-27,6.829471111297607,9.375,9.4375,9.1875,9.1875,177300
2000-06-28,7.14818000793457,9.8125,10.0,9.25,9.3125,201700
2000-06-29,6.783943176269531,9.3125,9.8125,9.25,9.8125,150100
2000-06-30,6.556291103363037,9.0,9.5,9.0,9.3125,163400
2000-07-03,6.874999523162842,9.4375,9.5625,9.125,9.125,98500
2000-07-05,7.011589527130127,9.625,9.6875,9.4375,9.4375,99400
2000-07-06,7.011589527130127,9.625,9.875,9.5,9.6875,272600
2000-07-07,6.874999523162842,9.4375,9.625,9.375,9.625,100700
2000-07-10,6.192054271697998,8.5,8.75,7.9375,8.5,2042100
2000-07-11,6.328641414642334,8.6875,8.75,8.375,8.625,257600
2000-07-12,6.328641414642334,8.6875,8.9375,8.5625,8.6875,382200
2000-07-13,6.510762691497803,8.9375,9.0,8.6875,8.6875,142800
2000-07-14,6.647348880767822,9.125,9.125,8.75,9.0625,190700
2000-07-17,6.419703483581543,8.8125,9.0625,8.8125,9.0,242300
2000-07-18,6.4652323722839355,8.875,9.0625,8.875,8.875,201700
2000-07-19,6.419703483581543,8.8125,9.0,8.8125,8.875,140000
2000-07-20,6.328641414642334,8.6875,8.9375,8.5625,8.75,281900
2000-07-21,6.328641414642334,8.6875,8.75,8.5,8.75,289600
2000-07-24,6.146523475646973,8.4375,8.6875,8.375,8.6875,308700
2000-07-25,6.328641414642334,8.6875,8.6875,8.3125,8.4375,466600
2000-07-26,6.374172210693359,8.75,8.8125,8.5,8.6875,530600
2000-07-27,6.055463790893555,8.3125,8.625,8.25,8.625,188800
2000-07-28,5.918875694274902,8.125,8.375,7.9375,8.375,313500
2000-07-31,5.827815532684326,8.0,8.1875,7.75,7.75,211800
2000-08-01,5.73675537109375,7.875,8.0,7.875,8.0,198100
2000-08-02,5.691224575042725,7.8125,7.875,7.75,7.8125,182200
2000-08-03,5.73675537109375,7.875,7.9375,7.75,7.8125,125500
2000-08-04,5.691224575042725,7.8125,8.0,7.8125,7.875,150500
2000-08-07,5.691224575042725,7.8125,8.125,7.8125,7.9375,208400
2000-08-08,5.645694732666016,7.75,7.9375,7.6875,7.75,278700
2000-08-09,5.73675537109375,7.875,8.0,7.6875,7.8125,242500
2000-08-10,5.691224575042725,7.8125,8.0,7.75,8.0,113500
2000-08-11,5.73675537109375,7.875,8.0625,7.8125,7.8125,146700
2000-08-14,5.691224575042725,7.8125,8.125,7.8125,8.0625,379800
2000-08-15,5.691224575042725,7.8125,7.9375,7.8125,7.9375,133600
2000-08-16,5.782284736633301,7.9375,8.0,7.75,7.875,258100
2000-08-17,6.009933948516846,8.25,8.25,7.875,7.875,506500
2000-08-18,5.918875694274902,8.125,8.25,8.0625,8.125,474500
2000-08-21,5.873345851898193,8.0625,8.4375,8.0625,8.125,275700
2000-08-22,5.873345851898193,8.0625,8.1875,8.0,8.0625,441400
2000-08-23,5.827815532684326,8.0,8.125,7.875,8.125,717100
2000-08-24,5.918875694274902,8.125,8.1875,8.0,8.0625,504300
2000-08-25,5.964404582977295,8.1875,8.1875,8.0,8.0625,478400
2000-08-28,5.918875694274902,8.125,8.25,8.0625,8.25,346600
2000-08-29,6.1009955406188965,8.375,8.4375,8.125,8.125,226600
2000-08-30,6.283115386962891,8.625,8.625,8.375,8.4375,146200
2000-08-31,6.055463790893555,8.3125,8.875,8.3125,8.625,2007500
2000-09-01,6.556291103363037,9.0,9.1875,8.625,8.625,273700
2000-09-05,6.556291103363037,9.0,9.1875,8.875,9.0,165300
2000-09-06,6.738412380218506,9.25,9.25,8.75,9.0,125200
2000-09-07,6.738412380218506,9.25,9.25,8.875,9.125,314600
2000-09-08,6.966061115264893,9.5625,9.625,9.0625,9.125,70400
2000-09-11,7.102650165557861,9.75,9.875,9.5625,9.75,509600
2000-09-12,7.0571208000183105,9.6875,9.75,9.625,9.625,140000
2000-09-13,7.011589527130127,9.625,9.875,9.625,9.6875,136500
2000-09-14,6.647348880767822,9.125,9.5625,8.5,9.5625,322600
2000-09-15,6.510762691497803,8.9375,9.125,8.625,8.625,410800
2000-09-18,6.60181999206543,9.0625,9.125,8.8125,8.9375,636500
2000-09-19,6.510762691497803,8.9375,9.3125,8.9375,9.0625,436200
2000-09-20,5.372518539428711,7.375,9.25,7.0,9.25,566200
2000-09-21,5.008277416229248,6.875,7.25,6.5,7.25,1362000
2000-09-22,5.008277416229248,6.875,7.0,6.625,6.875,383400
2000-09-25,4.735098838806152,6.5,7.0,6.1875,7.0,359400
2000-09-26,4.644041061401367,6.375,6.6875,6.375,6.375,695100
2000-09-27,4.552979469299316,6.25,6.8125,6.25,6.5625,275100
2000-09-28,4.735098838806152,6.5,6.6875,6.25,6.375,335600
2000-09-29,5.3269877433776855,7.3125,7.625,6.5,6.5,411700
2000-10-02,5.509105682373047,7.5625,7.75,7.3125,7.4375,245300
2000-10-03,5.5546345710754395,7.625,7.875,7.375,7.375,270200
2000-10-04,5.73675537109375,7.875,8.0625,7.625,7.625,131300
2000-10-05,5.600167274475098,7.6875,7.875,7.5625,7.75,559500
2000-10-06,5.73675537109375,7.875,8.4375,7.5625,7.625,396300
2000-10-09,5.73675537109375,7.875,7.9375,7.6875,7.75,103700
2000-10-10,5.645694732666016,7.75,8.0,7.75,7.8125,133900
2000-10-11,5.600167274475098,7.6875,7.875,7.625,7.75,339500
2000-10-12,5.190397262573242,7.125,7.625,6.9375,7.5625,263100
2000-10-13,5.372518539428711,7.375,7.375,6.5,7.0,355200
2000-10-16,5.46357536315918,7.5,7.625,7.0625,7.375,273700
2000-10-17,5.235927581787109,7.1875,7.5,7.1875,7.5,246500
2000-10-18,5.28145694732666,7.25,7.25,6.9375,7.125,386500
2000-10-19,5.099338531494141,7.0,7.3125,6.9375,7.1875,268000
2000-10-20,5.099338531494141,7.0,7.1875,6.8125,7.125,436700
2000-10-23,5.28145694732666,7.25,7.25,6.9375,7.0,245600
2000-10-24,5.3269877433776855,7.3125,7.375,6.875,7.1875,364100
2000-10-25,5.28145694732666,7.25,7.375,6.9375,7.375,237400
2000-10-26,5.46357536315918,7.5,7.5,7.0625,7.125,88900
2000-10-27,5.3269877433776855,7.3125,7.5,7.1875,7.4375,161600
2000-10-30,5.372518539428711,7.375,7.5625,7.1875,7.25,481500
2000-10-31,5.73675537109375,7.875,7.875,6.8125,7.375,188600
2000-11-01,5.5546345710754395,7.625,8.0,7.3125,7.75,113000
2000-11-02,5.28145694732666,7.25,8.0,7.25,7.875,174800
2000-11-03,5.190397262573242,7.125,7.25,7.0625,7.25,92900
2000-11-06,5.28145694732666,7.25,7.75,7.0,7.1875,110500
2000-11-07,5.235927581787109,7.1875,7.25,6.8125,7.25,79400
2000-11-08,5.3269877433776855,7.3125,7.5,7.0,7.0625,249200
2000-11-09,5.144867420196533,7.0625,8.125,7.0,7.25,194000
2000-11-10,4.917220115661621,6.75,7.0625,6.6875,7.0,177700
2000-11-13,5.008277416229248,6.875,6.875,6.5,6.75,227800
2000-11-14,5.190397262573242,7.125,7.4375,6.625,6.9375,649200
2000-11-15,5.0538105964660645,6.9375,7.25,6.875,7.0,189900
2000-11-16,4.644041061401367,6.375,7.0,6.3125,7.0,295500
2000-11-17,4.735098838806152,6.5,6.625,6.25,6.625,549800
2000-11-20,4.4163923263549805,6.0625,6.375,5.75,6.3125,190100
2000-11-21,4.370861053466797,6.0,6.125,6.0,6.0625,111300
2000-11-22,4.3253302574157715,5.9375,6.125,5.8125,6.125,384400
2000-11-24,4.461920738220215,6.125,6.125,5.9375,5.9375,63600
2000-11-27,4.3253302574157715,5.9375,6.125,5.75,6.125,510700
2000-11-28,4.188742160797119,5.75,6.0625,5.75,5.9375,363900
2000-11-29,4.143076419830322,5.625,5.8125,5.5625,5.6875,364600
2000-11-30,4.097041130065918,5.5625,5.6875,5.5625,5.625,110400
2000-12-01,3.958939790725708,5.375,5.6875,5.1875,5.5,589700
2000-12-04,3.544632911682129,4.8125,5.375,4.8125,5.3125,911700
2000-12-05,3.6827352046966553,5.0,5.0,4.5625,4.9375,1020900
2000-12-06,3.4525625705718994,4.6875,5.0,4.625,4.9375,1461200
2000-12-07,3.728769063949585,5.0625,5.1875,4.6875,4.75,791500
2000-12-08,3.912904977798462,5.3125,5.375,4.9375,5.0625,531200
2000-12-11,4.0510077476501465,5.5,5.625,5.375,5.4375,268400
2000-12-12,3.6827352046966553,5.0,5.625,4.9375,5.625,365400
2000-12-13,3.7748022079467773,5.125,5.25,4.875,5.0,427900
2000-12-14,3.7748022079467773,5.125,5.125,5.0,5.125,217900
2000-12-15,3.636699914932251,4.9375,5.125,4.75,5.125,912600
2000-12-18,3.728769063949585,5.0625,5.0625,4.8125,5.0,446000
2000-12-19,3.912904977798462,5.3125,5.5,5.0,5.0,258500
2000-12-20,3.4065284729003906,4.625,5.125,4.625,5.125,2448700
2000-12-21,3.590665102005005,4.875,5.0,4.75,4.75,501100
2000-12-22,3.958939790725708,5.375,5.4375,4.8125,4.875,298700
2000-12-26,4.097041130065918,5.5625,5.6875,5.25,5.25,138800
2000-12-27,4.097041130065918,5.5625,5.6875,5.0625,5.5,839500
2000-12-28,3.958939790725708,5.375,5.6875,5.1875,5.625,536800
2000-12-29,4.327212333679199,5.875,6.5,5.625,5.625,1675600
2001-01-02,4.557384490966797,6.1875,6.5,6.0625,6.125,210500
2001-01-03,4.419281005859375,6.0,6.25,5.6875,6.25,134000
2001-01-04,4.7875542640686035,6.5,6.625,5.6875,5.875,321600
2001-01-05,5.017724514007568,6.8125,6.875,6.3125,6.5,250500
2001-01-08,4.9256591796875,6.6875,6.8125,6.5625,6.75,335700
2001-01-09,5.339967250823975,7.25,7.5,6.6875,6.6875,545900
2001-01-10,5.432034015655518,7.375,7.375,7.0625,7.3125,271700
2001-01-11,5.70823860168457,7.75,7.75,7.3125,7.5,131000
2001-01-12,5.616169452667236,7.625,7.75,7.25,7.75,253200
2001-01-16,5.662204742431641,7.6875,7.6875,7.3125,7.5625,81600
2001-01-17,5.293929576873779,7.1875,7.625,7.1875,7.625,115000
2001-01-18,5.662204742431641,7.6875,7.6875,7.125,7.1875,196500
2001-01-19,5.247896671295166,7.125,7.8125,7.125,7.5625,538500
2001-01-22,5.616169452667236,7.625,8.0,7.375,7.375,268500
2001-01-23,5.662204742431641,7.6875,7.9375,7.625,7.625,193700
2001-01-24,5.8003058433532715,7.875,8.125,7.5625,7.625,493100
2001-01-25,5.846339702606201,7.9375,8.125,7.875,8.0,138400
2001-01-26,6.030478477478027,8.1875,8.25,7.75,7.9375,324100
2001-01-29,6.039684295654297,8.199999809265137,8.25,7.900000095367432,8.25,362900
2001-01-30,6.032320022583008,8.1899995803833,8.25,8.0,8.220000267028809,176200
2001-01-31,6.039684295654297,8.199999809265137,8.5600004196167,8.100000381469727,8.289999961853027,234800
2001-02-01,6.150167465209961,8.350000381469727,8.399999618530273,8.130000114440918,8.300000190734863,306500
2001-02-02,5.8997416496276855,8.010000228881836,8.300000190734863,8.0,8.300000190734863,74300
2001-02-05,6.039684295654297,8.199999809265137,8.25,8.050000190734863,8.109999656677246,316100
2001-02-06,6.4447855949401855,8.75,9.489999771118164,8.100000381469727,8.210000038146973,347000
2001-02-07,6.010222911834717,8.15999984741211,8.75,8.100000381469727,8.699999809265137,195100
2001-02-08,6.334303855895996,8.600000381469727,8.800000190734863,8.260000228881836,8.260000228881836,70000
2001-02-09,6.002856254577637,8.149999618530273,8.600000381469727,7.980000019073486,8.600000381469727,157500
2001-02-12,6.113339424133301,8.300000190734863,8.380000114440918,7.800000190734863,8.149999618530273,521200
2001-02-13,6.304838180541992,8.5600004196167,8.899999618530273,8.350000381469727,8.399999618530273,174400
2001-02-14,6.260645389556885,8.5,8.619999885559082,8.069999694824219,8.529999732971191,220100
2001-02-15,6.628921031951904,9.0,9.100000381469727,8.5,8.5,155500
2001-02-16,6.518441200256348,8.850000381469727,9.199999809265137,8.5,9.050000190734863,502300
2001-02-20,6.511074066162109,8.84000015258789,8.850000381469727,8.449999809265137,8.75,203400
2001-02-21,6.179629802703857,8.390000343322754,8.800000190734863,8.34000015258789,8.649999618530273,935300
2001-02-22,6.1648969650268555,8.369999885559082,8.75,8.100000381469727,8.100000381469727,160100
2001-02-23,6.5920939445495605,8.949999809265137,8.949999809265137,8.0,8.270000457763672,314400
2001-02-26,6.555270195007324,8.899999618530273,8.989999771118164,8.3100004196167,8.899999618530273,195300
2001-02-27,6.602004528045654,8.899999618530273,8.989999771118164,8.649999618530273,8.699999809265137,1180300
2001-02-28,6.379459857940674,8.600000381469727,8.989999771118164,8.399999618530273,8.899999618530273,70700
2001-03-01,6.824540615081787,9.199999809265137,9.199999809265137,8.449999809265137,8.600000381469727,106200
2001-03-02,6.490729331970215,8.75,9.220000267028809,8.710000038146973,9.199999809265137,154600
2001-03-05,6.602004528045654,8.899999618530273,8.899999618530273,8.600000381469727,8.649999618530273,137900
2001-03-06,6.4165520668029785,8.649999618530273,8.899999618530273,8.550000190734863,8.75,139100
2001-03-07,6.668760776519775,8.989999771118164,8.989999771118164,8.65999984741211,8.65999984741211,210900
2001-03-08,6.653928279876709,8.970000267028809,8.989999771118164,8.899999618530273,8.930000305175781,216400
2001-03-09,6.676177978515625,9.0,9.050000190734863,8.84000015258789,8.899999618530273,193000
2001-03-12,6.3052802085876465,8.5,9.050000190734863,8.5,9.0,187100
2001-03-13,6.349788188934326,8.5600004196167,8.75,8.5,8.699999809265137,213000
2001-03-14,6.3052802085876465,8.5,8.5,8.25,8.399999618530273,229700
2001-03-15,6.119833469390869,8.25,8.699999809265137,8.25,8.600000381469727,270800
2001-03-16,5.607992649078369,7.559999942779541,8.5,7.0,8.5,216500
2001-03-19,6.646509647369385,8.960000038146973,8.960000038146973,7.550000190734863,7.659999847412109,268400
2001-03-20,6.564911365509033,8.850000381469727,8.960000038146973,8.760000228881836,8.899999618530273,797500
2001-03-21,6.490729331970215,8.75,9.0,8.699999809265137,8.850000381469727,425800
2001-03-22,6.409132480621338,8.640000343322754,8.65999984741211,8.5,8.649999618530273,177700
2001-03-23,6.6316704750061035,8.9399995803833,8.949999809265137,8.670000076293945,8.670000076293945,730900
2001-03-26,6.527822017669678,8.800000190734863,8.949999809265137,8.600000381469727,8.600000381469727,116300
2001-03-27,6.9209747314453125,9.329999923706055,9.329999923706055,8.510000228881836,8.75,210000
2001-03-28,6.490729331970215,8.75,9.229999542236328,8.739999771118164,9.229999542236328,516200
2001-03-29,6.676177978515625,9.0,9.109999656677246,8.699999809265137,8.75,181200
2001-03-30,6.75036096572876,9.100000381469727,9.100000381469727,8.520000457763672,8.949999809265137,311200
2001-04-02,6.75036096572876,9.100000381469727,9.15999984741211,9.0,9.100000381469727,692900
2001-04-03,6.4610595703125,8.710000038146973,9.0,8.630000114440918,9.0,282800
2001-04-04,6.3126983642578125,8.510000228881836,8.710000038146973,8.5,8.710000038146973,459600
2001-04-05,6.639089584350586,8.949999809265137,8.949999809265137,8.460000038146973,8.510000228881836,242900
2001-04-06,6.342371463775635,8.550000190734863,8.729999542236328,8.489999771118164,8.600000381469727,123400
2001-04-09,6.453641414642334,8.699999809265137,8.770000457763672,8.479999542236328,8.649999618530273,395000
2001-04-10,6.483312606811523,8.739999771118164,8.800000190734863,8.619999885559082,8.619999885559082,281800
2001-04-11,6.438804626464844,8.680000305175781,8.84000015258789,8.640000343322754,8.800000190734863,383100
2001-04-12,6.557491779327393,8.84000015258789,8.84000015258789,8.649999618530273,8.680000305175781,366600
2001-04-16,6.4610595703125,8.710000038146973,8.899999618530273,8.680000305175781,8.899999618530273,37400
2001-04-17,6.490729331970215,8.75,8.75,8.600000381469727,8.720000267028809,274100
2001-04-18,6.527822017669678,8.800000190734863,8.850000381469727,8.569999694824219,8.75,180100
2001-04-19,6.624255657196045,8.930000305175781,8.970000267028809,8.75,8.850000381469727,144800
2001-04-20,6.542654514312744,8.819999694824219,8.920000076293945,8.59000015258789,8.90999984741211,96200
2001-04-23,6.490729331970215,8.75,8.850000381469727,8.65999984741211,8.850000381469727,264900
2001-04-24,6.320119857788086,8.520000457763672,8.880000114440918,8.390000343322754,8.850000381469727,158500
2001-04-25,6.364625453948975,8.579999923706055,8.65999984741211,8.350000381469727,8.350000381469727,110100
2001-04-26,6.4165520668029785,8.649999618530273,8.699999809265137,8.5,8.600000381469727,105400
2001-04-27,6.320119857788086,8.520000457763672,8.710000038146973,8.300000190734863,8.600000381469727,180700
2001-04-30,6.268191337585449,8.449999809265137,8.699999809265137,8.359999656677246,8.5,160800
2001-05-01,6.275606155395508,8.460000038146973,8.460000038146973,8.300000190734863,8.460000038146973,186500
2001-05-02,6.409132480621338,8.640000343322754,8.850000381469727,8.430000305175781,8.5,299000
2001-05-03,6.2236833572387695,8.390000343322754,8.699999809265137,8.390000343322754,8.600000381469727,128500
2001-05-04,6.260773181915283,8.4399995803833,8.449999809265137,8.0,8.25,264900
2001-05-07,6.535240173339844,8.8100004196167,8.899999618530273,8.350000381469727,8.350000381469727,342900
2001-05-08,6.5945820808410645,8.890000343322754,8.899999618530273,8.760000228881836,8.800000190734863,223500
2001-05-09,6.512984275817871,8.779999732971191,8.880000114440918,8.770000457763672,8.880000114440918,58500
2001-05-10,6.520403861999512,8.789999961853027,8.880000114440918,8.609999656677246,8.779999732971191,77100
2001-05-11,6.4165520668029785,8.649999618530273,8.819999694824219,8.350000381469727,8.75,97300
2001-05-14,6.490729331970215,8.75,8.850000381469727,8.550000190734863,8.649999618530273,65300
2001-05-15,6.564911365509033,8.850000381469727,8.960000038146973,8.699999809265137,8.75,141000
2001-05-16,6.676177978515625,9.0,9.100000381469727,8.800000190734863,8.899999618530273,215100
2001-05-17,6.787449359893799,9.149999618530273,9.199999809265137,8.899999618530273,8.949999809265137,178000
2001-05-18,6.676177978515625,9.0,9.050000190734863,8.9399995803833,9.050000190734863,157200
2001-05-21,6.787449359893799,9.149999618530273,9.149999618530273,8.949999809265137,9.0,393600
2001-05-22,6.861629962921143,9.25,9.399999618530273,9.050000190734863,9.100000381469727,101000
2001-05-23,6.676177978515625,9.0,9.279999732971191,9.0,9.279999732971191,84800
2001-05-24,6.453641414642334,8.699999809265137,9.0,8.600000381469727,9.0,111000
2001-05-25,6.268191337585449,8.449999809265137,8.75,8.350000381469727,8.75,168300
2001-05-29,6.268191337585449,8.449999809265137,8.550000190734863,8.399999618530273,8.449999809265137,92600
2001-05-30,6.502118110656738,8.699999809265137,8.699999809265137,8.550000190734863,8.550000190734863,110200
2001-05-31,6.771173000335693,9.0600004196167,9.140000343322754,8.75,8.75,118600
2001-06-01,7.458752632141113,9.979999542236328,10.0,9.050000190734863,9.050000190734863,336300
2001-06-04,7.406435012817383,9.90999984741211,10.0,9.800000190734863,9.949999809265137,584100
2001-06-05,7.398963451385498,9.899999618530273,10.0,9.800000190734863,9.8100004196167,141900
2001-06-06,7.421380043029785,9.930000305175781,9.949999809265137,9.8100004196167,9.949999809265137,73600
2001-06-07,7.742751121520996,10.359999656677246,10.359999656677246,9.729999542236328,9.930000305175781,707800
2001-06-08,7.54843807220459,10.100000381469727,10.300000190734863,10.050000190734863,10.300000190734863,481600
2001-06-11,7.406435012817383,9.90999984741211,10.100000381469727,9.880000114440918,10.079999923706055,98100
2001-06-12,7.623172283172607,10.199999809265137,10.25,9.899999618530273,9.90999984741211,92100
2001-06-13,7.899697780609131,10.569999694824219,10.6899995803833,10.149999618530273,10.199999809265137,357800
2001-06-14,7.623172283172607,10.199999809265137,10.5,10.100000381469727,10.470000267028809,144600
2001-06-15,7.54843807220459,10.100000381469727,10.199999809265137,10.050000190734863,10.199999809265137,198200
2001-06-18,7.428852558135986,9.9399995803833,10.100000381469727,9.880000114440918,10.100000381469727,72300
2001-06-19,7.458752632141113,9.979999542236328,10.029999732971191,9.899999618530273,10.0,51900
2001-06-20,7.428852558135986,9.9399995803833,10.050000190734863,9.899999618530273,10.0,156000
2001-06-21,7.384014129638672,9.880000114440918,9.989999771118164,9.649999618530273,9.989999771118164,264200
2001-06-22,6.71885347366333,8.989999771118164,9.600000381469727,8.949999809265137,9.550000190734863,225300
2001-06-25,6.360117435455322,8.510000228881836,8.979999542236328,8.479999542236328,8.979999542236328,712200
2001-06-26,6.875802040100098,9.199999809265137,9.199999809265137,8.5,8.550000190734863,585400
2001-06-27,7.324225902557373,9.800000190734863,9.800000190734863,9.199999809265137,9.199999809265137,193800
2001-06-28,7.884755611419678,10.550000190734863,10.550000190734863,9.899999618530273,9.899999618530273,216200
2001-06-29,7.780118942260742,10.40999984741211,10.649999618530273,10.329999923706055,10.449999809265137,363300
2001-07-02,7.555910587310791,10.109999656677246,10.449999809265137,10.109999656677246,10.350000381469727,308800
2001-07-03,7.137382984161377,9.550000190734863,9.899999618530273,9.550000190734863,9.899999618530273,64000
2001-07-05,7.286853790283203,9.75,9.75,9.460000038146973,9.600000381469727,192600
2001-07-06,7.0252814292907715,9.399999618530273,9.739999771118164,9.399999618530273,9.739999771118164,65000
2001-07-09,7.10001277923584,9.5,9.5,9.300000190734863,9.399999618530273,48900
2001-07-10,6.987912178039551,9.350000381469727,9.600000381469727,9.109999656677246,9.449999809265137,110300
2001-07-11,7.06264591217041,9.449999809265137,9.550000190734863,9.050000190734863,9.350000381469727,87000
2001-07-12,7.384014129638672,9.880000114440918,9.899999618530273,9.460000038146973,9.5,114400
2001-07-13,7.533487319946289,10.079999923706055,10.15999984741211,10.0,10.0,354700
2001-07-16,7.5858025550842285,10.149999618530273,10.210000038146973,10.0,10.039999961853027,222700
2001-07-17,7.847384929656982,10.5,10.5,10.149999618530273,10.199999809265137,622400
2001-07-18,7.6605401039123535,10.25,10.5600004196167,10.25,10.550000190734863,145400
2001-07-19,7.653069972991943,10.239999771118164,10.420000076293945,10.149999618530273,10.300000190734863,169100
2001-07-20,7.5858025550842285,10.149999618530273,10.260000228881836,10.0,10.239999771118164,192000
2001-07-23,7.473698139190674,10.0,10.210000038146973,9.899999618530273,10.199999809265137,148700
2001-07-24,7.473698139190674,10.0,10.300000190734863,10.0,10.010000228881836,267500
2001-07-25,7.54843807220459,10.100000381469727,10.100000381469727,10.0,10.0,67700
2001-07-26,7.623172283172607,10.199999809265137,10.239999771118164,10.050000190734863,10.100000381469727,202400
2001-07-27,7.540958881378174,10.09000015258789,10.25,10.050000190734863,10.25,45100
2001-07-30,7.772644996643066,10.399999618530273,10.449999809265137,10.050000190734863,10.050000190734863,64700
2001-07-31,7.862330436706543,10.520000457763672,10.699999809265137,10.399999618530273,10.399999618530273,208600
2001-08-01,7.854861259460449,10.510000228881836,10.649999618530273,10.479999542236328,10.5,130700
2001-08-02,7.996858596801758,10.699999809265137,10.699999809265137,10.260000228881836,10.399999618530273,134200
2001-08-03,7.682961463928223,10.279999732971191,10.699999809265137,10.199999809265137,10.699999809265137,142900
2001-08-06,7.697907447814941,10.300000190734863,10.300000190734863,10.149999618530273,10.199999809265137,71000
2001-08-07,7.578327655792236,10.140000343322754,10.300000190734863,10.050000190734863,10.300000190734863,301500
2001-08-08,7.5858025550842285,10.149999618530273,10.210000038146973,10.020000457763672,10.170000076293945,66300
2001-08-09,7.503592491149902,10.039999961853027,10.15999984741211,10.0,10.130000114440918,104600
2001-08-10,7.600754261016846,10.170000076293945,10.199999809265137,9.949999809265137,10.020000457763672,201000
2001-08-13,7.645593643188477,10.229999542236328,10.25,10.170000076293945,10.170000076293945,49000
2001-08-14,7.623172283172607,10.199999809265137,10.25,10.100000381469727,10.199999809265137,94900
2001-08-15,7.518543720245361,10.0600004196167,10.319999694824219,10.010000228881836,10.25,78600
2001-08-16,7.772644996643066,10.399999618530273,10.420000076293945,10.039999961853027,10.0600004196167,93200
2001-08-17,7.608226776123047,10.180000305175781,10.25,10.180000305175781,10.199999809265137,71700
2001-08-20,7.608226776123047,10.180000305175781,10.25,10.069999694824219,10.25,52000
2001-08-21,7.413907527923584,9.920000076293945,10.300000190734863,9.75,10.180000305175781,219500
2001-08-22,7.578327655792236,10.140000343322754,10.229999542236328,9.949999809265137,9.949999809265137,87200
2001-08-23,7.5110673904418945,10.050000190734863,10.140000343322754,10.0,10.119999885559082,59300
2001-08-24,7.473698139190674,10.0,10.350000381469727,10.0,10.050000190734863,373300
2001-08-27,7.6605401039123535,10.25,10.25,10.0,10.0,167000
2001-08-28,7.68535852432251,10.220000267028809,10.25,10.149999618530273,10.180000305175781,184100
2001-08-29,7.670314788818359,10.199999809265137,10.289999961853027,10.199999809265137,10.239999771118164,315900
2001-08-30,7.504878044128418,9.979999542236328,10.199999809265137,9.949999809265137,10.199999809265137,120900
2001-08-31,7.595119476318359,10.100000381469727,10.390000343322754,9.930000305175781,9.979999542236328,94300
2001-09-04,7.8959174156188965,10.5,10.699999809265137,10.180000305175781,10.199999809265137,107800
2001-09-05,7.745517253875732,10.300000190734863,10.649999618530273,10.25,10.510000228881836,254600
2001-09-06,7.745517253875732,10.300000190734863,10.460000038146973,10.1899995803833,10.199999809265137,41700
2001-09-07,7.55751895904541,10.050000190734863,10.289999961853027,9.850000381469727,10.289999961853027,65500
2001-09-10,7.595119476318359,10.100000381469727,10.199999809265137,10.0,10.050000190734863,128200
2001-09-17,7.031126976013184,9.350000381469727,10.170000076293945,9.319999694824219,10.100000381469727,121100
2001-09-18,6.865683555603027,9.130000114440918,9.350000381469727,8.800000190734863,9.350000381469727,80100
2001-09-19,5.993376731872559,7.96999979019165,9.130000114440918,7.699999809265137,9.069999694824219,276400
2001-09-20,6.015933990478516,8.0,8.149999618530273,7.900000095367432,7.900000095367432,750000
2001-09-21,5.790337562561035,7.699999809265137,7.699999809265137,7.0,7.699999809265137,207800
2001-09-24,6.015933990478516,8.0,8.359999656677246,7.699999809265137,7.699999809265137,209100
2001-09-25,5.91817569732666,7.869999885559082,8.140000343322754,7.869999885559082,7.900000095367432,68800
2001-09-26,5.594822406768799,7.440000057220459,7.980000019073486,7.440000057220459,7.900000095367432,183200
2001-09-27,5.940736770629883,7.900000095367432,7.949999809265137,7.260000228881836,7.340000152587891,183700
2001-09-28,5.865535736083984,7.800000190734863,8.300000190734863,7.550000190734863,8.0,234000
2001-10-01,5.790337562561035,7.699999809265137,7.849999904632568,7.599999904632568,7.699999809265137,129200
2001-10-02,6.053535461425781,8.050000190734863,8.109999656677246,7.5,7.699999809265137,152800
2001-10-03,5.767776966094971,7.670000076293945,8.069999694824219,7.639999866485596,8.0,196200
2001-10-04,6.053535461425781,8.050000190734863,8.100000381469727,7.670000076293945,7.670000076293945,215800
2001-10-05,5.827936172485352,7.75,8.100000381469727,7.670000076293945,8.100000381469727,563500
2001-10-08,5.7452192306518555,7.639999866485596,7.889999866485596,7.619999885559082,7.75,52000
2001-10-09,5.827936172485352,7.75,7.829999923706055,7.650000095367432,7.699999809265137,405300
2001-10-10,6.015933990478516,8.0,8.010000228881836,7.739999771118164,7.75,132000
2001-10-11,5.865535736083984,7.800000190734863,8.079999923706055,7.730000019073486,8.0,177900
2001-10-12,5.978334426879883,7.949999809265137,7.949999809265137,7.75,7.900000095367432,238700
2001-10-15,6.316733360290527,8.399999618530273,8.399999618530273,7.920000076293945,7.920000076293945,139400
2001-10-16,6.391930103302002,8.5,8.619999885559082,8.300000190734863,8.350000381469727,365900
2001-10-17,6.391930103302002,8.5,8.600000381469727,8.449999809265137,8.600000381469727,213900
2001-10-18,6.617528915405273,8.800000190734863,8.850000381469727,8.4399995803833,8.5,105900
2001-10-19,6.369372367858887,8.470000267028809,8.850000381469727,8.420000076293945,8.800000190734863,294600
2001-10-22,6.429531574249268,8.550000190734863,8.579999923706055,8.399999618530273,8.399999618530273,86900
2001-10-23,6.504730224609375,8.649999618530273,8.760000228881836,8.5,8.5,49100
2001-10-24,6.391930103302002,8.5,8.699999809265137,8.5,8.699999809265137,43400
2001-10-25,6.75288724899292,8.979999542236328,9.470000267028809,8.5,8.550000190734863,119200
2001-10-26,6.737844944000244,8.960000038146973,9.649999618530273,8.899999618530273,8.979999542236328,76000
2001-10-29,6.316733360290527,8.399999618530273,9.100000381469727,8.350000381469727,8.960000038146973,128500
2001-10-30,6.504730224609375,8.649999618530273,8.670000076293945,8.350000381469727,8.449999809265137,310700
2001-10-31,6.429531574249268,8.550000190734863,8.960000038146973,8.550000190734863,8.699999809265137,136400
2001-11-01,6.692728519439697,8.899999618530273,8.949999809265137,8.550000190734863,8.550000190734863,82200
2001-11-02,6.564887523651123,8.729999542236328,8.949999809265137,8.729999542236328,8.899999618530273,67800
2001-11-05,6.617528915405273,8.800000190734863,9.029999732971191,8.770000457763672,8.779999732971191,140200
2001-11-06,6.843128204345703,9.100000381469727,9.100000381469727,8.75,8.880000114440918,129400
2001-11-07,6.843128204345703,9.100000381469727,9.329999923706055,9.0,9.0,184900
2001-11-08,6.707765579223633,8.920000076293945,9.229999542236328,8.920000076293945,9.100000381469727,159200
2001-11-09,6.782966613769531,9.020000457763672,9.100000381469727,8.880000114440918,8.899999618530273,88600
2001-11-12,6.722805976867676,8.9399995803833,9.069999694824219,8.920000076293945,9.050000190734863,71700
2001-11-13,6.7679243087768555,9.0,9.100000381469727,8.930000305175781,8.9399995803833,327000
2001-11-14,6.7679243087768555,9.0,9.100000381469727,8.979999542236328,9.050000190734863,118500
2001-11-15,6.730325222015381,8.949999809265137,9.010000228881836,8.90999984741211,9.0,138200
2001-11-16,6.7679243087768555,9.0,9.0,8.930000305175781,9.0,100700
2001-11-19,6.7679243087768555,9.0,9.09000015258789,8.899999618530273,9.0,211900
2001-11-20,6.760406494140625,8.989999771118164,9.050000190734863,8.9399995803833,9.0,127800
2001-11-21,6.745368003845215,8.970000267028809,8.989999771118164,8.869999885559082,8.989999771118164,71400
2001-11-23,6.7679243087768555,9.0,9.0,8.850000381469727,8.949999809265137,26800
2001-11-26,6.542330265045166,8.699999809265137,9.0,8.699999809265137,8.949999809265137,110000
2001-11-27,6.617528915405273,8.800000190734863,9.050000190734863,8.739999771118164,8.75,144600
2001-11-28,6.703119277954102,8.850000381469727,8.850000381469727,8.529999732971191,8.699999809265137,61000
2001-11-29,7.0818257331848145,9.350000381469727,9.350000381469727,8.850000381469727,8.850000381469727,152500
2001-11-30,7.612014293670654,10.050000190734863,10.170000076293945,9.140000343322754,9.350000381469727,274400
2001-12-03,7.271174907684326,9.600000381469727,10.149999618530273,9.600000381469727,10.050000190734863,129900
2001-12-04,7.755923271179199,10.239999771118164,10.239999771118164,9.5,9.640000343322754,91500
2001-12-05,7.801368713378906,10.300000190734863,10.550000190734863,10.1899995803833,10.239999771118164,200400
2001-12-06,7.369638919830322,9.729999542236328,10.25,9.510000228881836,10.25,177800
2001-12-07,7.468103408813477,9.859999656677246,9.979999542236328,9.699999809265137,9.800000190734863,92800
2001-12-10,7.422664165496826,9.800000190734863,9.960000038146973,9.5,9.960000038146973,135200
2001-12-11,7.384790420532227,9.75,9.850000381469727,9.649999618530273,9.850000381469727,185700
2001-12-12,7.1954345703125,9.5,9.819999694824219,9.420000076293945,9.800000190734863,129400
2001-12-13,6.816727638244629,9.0,9.899999618530273,9.0,9.5,293200
2001-12-14,7.384790420532227,9.75,9.75,8.949999809265137,9.100000381469727,201000
2001-12-17,7.536272048950195,9.949999809265137,10.050000190734863,9.649999618530273,9.75,190700
2001-12-18,7.536272048950195,9.949999809265137,10.149999618530273,9.699999809265137,10.050000190734863,84900
2001-12-19,7.286325931549072,9.619999885559082,10.0,9.619999885559082,9.979999542236328,58400
2001-12-20,6.8924713134765625,9.100000381469727,9.579999923706055,8.970000267028809,9.520000457763672,243200
2001-12-21,7.680179119110107,10.140000343322754,10.199999809265137,9.420000076293945,9.600000381469727,429100
2001-12-24,7.574143886566162,10.0,10.199999809265137,9.779999732971191,10.149999618530273,129600
2001-12-26,7.596869945526123,10.029999732971191,10.050000190734863,9.800000190734863,9.949999809265137,92500
2001-12-27,7.649886608123779,10.100000381469727,10.199999809265137,9.949999809265137,10.029999732971191,257800
2001-12-28,7.952853202819824,10.5,10.550000190734863,10.0,10.149999618530273,210600
2001-12-31,7.422664165496826,9.800000190734863,10.550000190734863,9.800000190734863,10.550000190734863,227200
2002-01-02,8.013442993164062,10.579999923706055,10.579999923706055,9.699999809265137,9.699999809265137,356600
2002-01-03,8.089184761047363,10.680000305175781,10.680000305175781,10.100000381469727,10.550000190734863,234900
2002-01-04,8.217947006225586,10.850000381469727,11.09000015258789,10.569999694824219,10.680000305175781,177700
2002-01-07,8.066460609436035,10.649999618530273,11.0,10.600000381469727,10.869999885559082,190700
2002-01-08,7.687755584716797,10.149999618530273,10.699999809265137,10.0,10.600000381469727,234900
2002-01-09,7.422664165496826,9.800000190734863,10.600000381469727,9.800000190734863,10.199999809265137,228700
2002-01-10,7.801368713378906,10.300000190734863,10.630000114440918,9.949999809265137,9.949999809265137,182800
2002-01-11,7.422664165496826,9.800000190734863,10.300000190734863,9.800000190734863,10.300000190734863,111700
2002-01-14,7.536272048950195,9.949999809265137,10.0,9.779999732971191,9.899999618530273,255400
2002-01-15,7.725625514984131,10.199999809265137,10.199999809265137,9.960000038146973,10.0,207300
2002-01-16,7.687755584716797,10.149999618530273,10.300000190734863,10.0,10.300000190734863,104500
2002-01-17,7.725625514984131,10.199999809265137,10.229999542236328,10.100000381469727,10.119999885559082,135800
2002-01-18,7.346918106079102,9.699999809265137,10.300000190734863,9.619999885559082,10.180000305175781,298500
2002-01-22,7.309046268463135,9.649999618530273,10.050000190734863,9.619999885559082,9.670000076293945,417100
2002-01-23,7.839236736297607,10.350000381469727,10.390000343322754,9.75,9.75,205500
2002-01-24,7.7634968757629395,10.25,10.25,10.130000114440918,10.220000267028809,62600
2002-01-25,7.748344898223877,10.229999542236328,10.239999771118164,10.0600004196167,10.149999618530273,84800
2002-01-28,7.7634968757629395,10.25,10.3100004196167,10.170000076293945,10.229999542236328,675300
2002-01-29,7.755923271179199,10.239999771118164,10.390000343322754,10.199999809265137,10.350000381469727,231900
2002-01-30,7.596869945526123,10.029999732971191,10.199999809265137,9.550000190734863,10.199999809265137,340900
2002-01-31,7.612014293670654,10.050000190734863,10.1899995803833,9.770000457763672,10.029999732971191,185300
2002-02-01,7.778645038604736,10.270000457763672,10.5,9.970000267028809,10.050000190734863,237100
2002-02-04,7.445380687713623,9.829999923706055,10.25,9.75,10.25,116800
2002-02-05,7.649886608123779,10.100000381469727,10.100000381469727,9.649999618530273,9.729999542236328,71000
2002-02-06,7.551418781280518,9.970000267028809,10.100000381469727,9.890000343322754,10.100000381469727,131700
2002-02-07,7.233304977416992,9.550000190734863,9.970000267028809,9.550000190734863,9.970000267028809,80500
2002-02-08,7.4984025955200195,9.899999618530273,10.0,9.5600004196167,9.5600004196167,116200
2002-02-11,7.740777015686035,10.220000267028809,10.220000267028809,9.800000190734863,9.800000190734863,339800
2002-02-12,7.8922553062438965,10.420000076293945,10.430000305175781,10.199999809265137,10.220000267028809,393600
2002-02-13,7.649886608123779,10.100000381469727,10.399999618530273,9.8100004196167,10.399999618530273,417600
2002-02-14,7.4984025955200195,9.899999618530273,10.25,9.680000305175781,10.199999809265137,82300
2002-02-15,7.725625514984131,10.199999809265137,10.369999885559082,9.739999771118164,9.949999809265137,69500
2002-02-19,7.665032386779785,10.119999885559082,10.380000114440918,9.949999809265137,10.199999809265137,151700
2002-02-20,7.8543877601623535,10.369999885559082,10.399999618530273,9.869999885559082,10.119999885559082,97000
2002-02-21,7.4984025955200195,9.899999618530273,10.350000381469727,9.800000190734863,10.350000381469727,157100
2002-02-22,7.733199119567871,10.210000038146973,10.300000190734863,9.649999618530273,9.899999618530273,106100
2002-02-25,7.725625514984131,10.199999809265137,10.210000038146973,9.899999618530273,10.210000038146973,138300
2002-02-26,7.839236736297607,10.350000381469727,10.390000343322754,9.899999618530273,10.170000076293945,100200
2002-02-27,7.772938251495361,10.199999809265137,10.399999618530273,10.100000381469727,10.350000381469727,118200
2002-02-28,7.620529651641846,10.0,10.350000381469727,9.850000381469727,10.210000038146973,138800
2002-03-01,8.009175300598145,10.510000228881836,10.510000228881836,9.949999809265137,10.050000190734863,573700
2002-03-04,8.009175300598145,10.510000228881836,10.899999618530273,10.489999771118164,10.609999656677246,251900
2002-03-05,8.001554489135742,10.5,10.6899995803833,10.390000343322754,10.5,221500
2002-03-06,8.367339134216309,10.979999542236328,10.989999771118164,10.600000381469727,10.600000381469727,140600
2002-03-07,8.123485565185547,10.65999984741211,11.020000457763672,10.539999961853027,11.0,997700
2002-03-08,8.489266395568848,11.140000343322754,11.289999961853027,10.760000228881836,10.760000228881836,270900
2002-03-11,8.420686721801758,11.050000190734863,11.300000190734863,10.789999961853027,11.149999618530273,656800
2002-03-12,8.649301528930664,11.350000381469727,11.739999771118164,11.100000381469727,11.100000381469727,443600
2002-03-13,8.573094367980957,11.25,11.899999618530273,11.25,11.850000381469727,452700
2002-03-14,9.030329704284668,11.850000381469727,12.0,11.399999618530273,11.399999618530273,338700
2002-03-15,9.297048568725586,12.199999809265137,12.350000381469727,11.8100004196167,11.8100004196167,626200
2002-03-18,9.297048568725586,12.199999809265137,12.40999984741211,12.109999656677246,12.300000190734863,420600
2002-03-19,9.297048568725586,12.199999809265137,12.199999809265137,11.880000114440918,12.050000190734863,328600
2002-03-20,9.258946418762207,12.149999618530273,12.5,12.140000343322754,12.199999809265137,399300
2002-03-21,9.449454307556152,12.399999618530273,12.399999618530273,11.720000267028809,12.25,241400
2002-03-22,9.297048568725586,12.199999809265137,12.739999771118164,12.100000381469727,12.399999618530273,440600
2002-03-25,9.312286376953125,12.220000267028809,12.670000076293945,12.199999809265137,12.25,630700
2002-03-26,9.373250961303711,12.300000190734863,12.34000015258789,12.100000381469727,12.100000381469727,737200
2002-03-27,9.449454307556152,12.399999618530273,12.59000015258789,11.84000015258789,12.300000190734863,324100
2002-03-28,9.297048568725586,12.199999809265137,12.649999618530273,12.199999809265137,12.430000305175781,261000
2002-04-01,9.3351469039917,12.25,12.470000267028809,11.699999809265137,12.170000076293945,165000
2002-04-02,9.182738304138184,12.050000190734863,12.350000381469727,12.050000190734863,12.25,94600
2002-04-03,9.129392623901367,11.979999542236328,12.25,11.850000381469727,12.050000190734863,107000
2002-04-04,8.954123497009277,11.75,11.970000267028809,11.699999809265137,11.930000305175781,206800
2002-04-05,9.091292381286621,11.930000305175781,12.050000190734863,11.75,11.75,44600
2002-04-08,9.396109580993652,12.329999923706055,12.449999809265137,11.649999618530273,11.880000114440918,104000
2002-04-09,9.121776580810547,11.970000267028809,12.25,11.949999809265137,12.25,98800
2002-04-10,9.670450210571289,12.6899995803833,12.800000190734863,12.0,12.0,252000
2002-04-11,9.205596923828125,12.079999923706055,12.930000305175781,12.079999923706055,12.6899995803833,264900
2002-04-12,9.579004287719727,12.569999694824219,12.649999618530273,12.100000381469727,12.100000381469727,162500
2002-04-15,9.487555503845215,12.449999809265137,12.760000228881836,12.3100004196167,12.5,131800
2002-04-16,9.601865768432617,12.600000381469727,12.699999809265137,12.399999618530273,12.470000267028809,803800
2002-04-17,9.601865768432617,12.600000381469727,12.729999542236328,12.510000228881836,12.600000381469727,269800
2002-04-18,9.403732299804688,12.34000015258789,12.670000076293945,12.0600004196167,12.5,129400
2002-04-19,9.373250961303711,12.300000190734863,12.949999809265137,12.239999771118164,12.4399995803833,490400
2002-04-22,9.297048568725586,12.199999809265137,12.319999694824219,11.920000076293945,12.199999809265137,120600
2002-04-23,9.182738304138184,12.050000190734863,12.199999809265137,11.9399995803833,12.100000381469727,80100
2002-04-24,8.916021347045898,11.699999809265137,12.529999732971191,11.699999809265137,12.050000190734863,100300
2002-04-25,9.121776580810547,11.970000267028809,12.079999923706055,11.420000076293945,11.699999809265137,133100
2002-04-26,8.923639297485352,11.710000038146973,12.149999618530273,11.600000381469727,11.899999618530273,148700
2002-04-29,9.068429946899414,11.899999618530273,11.899999618530273,11.600000381469727,11.729999542236328,131500
2002-04-30,9.251322746276855,12.140000343322754,12.479999542236328,11.770000457763672,11.899999618530273,259300
2002-05-01,9.639970779418945,12.649999618530273,12.649999618530273,11.770000457763672,12.100000381469727,299400
2002-05-02,9.815241813659668,12.880000114440918,13.0,12.25,12.5,399500
2002-05-03,10.013375282287598,13.140000343322754,13.1899995803833,12.779999732971191,12.850000381469727,187200
2002-05-06,9.937171936035156,13.039999961853027,13.199999809265137,12.899999618530273,13.140000343322754,216800
2002-05-07,9.754273414611816,12.800000190734863,13.069999694824219,12.600000381469727,13.039999961853027,93900
2002-05-08,10.211508750915527,13.399999618530273,13.399999618530273,12.829999923706055,12.829999923706055,199900
2002-05-09,9.853342056274414,12.930000305175781,13.399999618530273,12.800000190734863,13.350000381469727,179400
2002-05-10,9.62472915649414,12.630000114440918,12.979999542236328,12.369999885559082,12.979999542236328,133700
2002-05-13,9.617110252380371,12.619999885559082,12.880000114440918,12.520000457763672,12.699999809265137,135400
2002-05-14,9.94478988647461,13.050000190734863,13.100000381469727,12.569999694824219,12.720000267028809,199800
2002-05-15,10.135300636291504,13.300000190734863,13.300000190734863,12.84000015258789,12.949999809265137,303100
2002-05-16,9.79238224029541,12.850000381469727,13.300000190734863,12.630000114440918,13.300000190734863,106800
2002-05-17,9.79238224029541,12.850000381469727,13.100000381469727,12.65999984741211,13.050000190734863,111300
2002-05-20,9.79238224029541,12.850000381469727,12.850000381469727,12.75,12.84000015258789,64700
2002-05-21,9.71617603302002,12.75,12.899999618530273,12.539999961853027,12.850000381469727,86100
2002-05-22,9.800000190734863,12.859999656677246,12.859999656677246,12.5,12.75,104800
2002-05-23,9.678070068359375,12.699999809265137,12.829999923706055,12.5,12.5600004196167,247000
2002-05-24,9.579004287719727,12.569999694824219,12.699999809265137,12.5,12.699999809265137,107900
2002-05-28,9.426593780517578,12.369999885559082,12.489999771118164,12.1899995803833,12.449999809265137,169200
2002-05-29,9.3829345703125,12.25,12.350000381469727,12.100000381469727,12.25,83700
2002-05-30,9.283364295959473,12.119999885559082,12.5,11.899999618530273,12.25,165700
2002-05-31,8.869746208190918,11.579999923706055,12.119999885559082,11.579999923706055,12.119999885559082,307100
2002-06-03,8.61698055267334,11.25,11.6899995803833,11.100000381469727,11.600000381469727,197200
2002-06-04,8.19570541381836,10.699999809265137,11.399999618530273,10.5,11.25,899100
2002-06-05,8.234003067016602,10.75,11.050000190734863,10.569999694824219,10.819999694824219,406200
2002-06-06,8.165068626403809,10.65999984741211,11.0,10.550000190734863,10.850000381469727,135900
2002-06-07,8.693577766418457,11.350000381469727,11.350000381469727,10.600000381469727,10.699999809265137,249600
2002-06-10,8.38719654083252,10.949999809265137,11.449999809265137,10.899999618530273,11.25,163000
2002-06-11,8.149746894836426,10.640000343322754,11.279999732971191,10.640000343322754,11.0,162300
2002-06-12,8.31059741973877,10.850000381469727,10.949999809265137,10.4399995803833,10.489999771118164,324800
2002-06-13,8.494429588317871,11.09000015258789,11.350000381469727,10.770000457763672,10.899999618530273,208900
2002-06-14,8.693577766418457,11.350000381469727,11.390000343322754,10.729999542236328,11.09000015258789,166600
2002-06-17,8.869746208190918,11.579999923706055,11.649999618530273,11.319999694824219,11.350000381469727,178800
2002-06-18,8.762513160705566,11.4399995803833,11.600000381469727,11.199999809265137,11.59000015258789,182900
2002-06-19,8.31059741973877,10.850000381469727,11.699999809265137,10.850000381469727,11.4399995803833,223000
2002-06-20,8.486766815185547,11.079999923706055,11.779999732971191,10.539999961853027,10.75,235900
2002-06-21,9.268045425415039,12.100000381469727,12.100000381469727,11.350000381469727,12.0,331300
2002-06-24,8.785491943359375,11.470000267028809,12.0,11.260000228881836,12.0,260800
2002-06-25,8.86208724975586,11.569999694824219,12.100000381469727,11.329999923706055,11.510000228881836,300000
2002-06-26,9.191445350646973,12.0,12.029999732971191,11.0600004196167,11.270000457763672,390200
2002-06-27,8.900384902954102,11.619999885559082,12.0,11.520000457763672,11.850000381469727,328200
2002-06-28,8.61698055267334,11.25,12.300000190734863,11.25,11.649999618530273,467200
2002-07-01,9.229745864868164,12.050000190734863,12.300000190734863,11.399999618530273,11.399999618530273,378000
2002-07-02,8.716557502746582,11.380000114440918,12.0,11.380000114440918,12.0,211200
2002-07-03,8.808469772338867,11.5,11.600000381469727,10.850000381469727,11.399999618530273,130000
2002-07-05,9.130169868469238,11.920000076293945,11.9399995803833,11.380000114440918,11.510000228881836,53000
2002-07-08,8.846769332885742,11.550000190734863,11.979999542236328,11.5,11.949999809265137,110500
2002-07-09,8.586339950561523,11.210000038146973,11.979999542236328,11.170000076293945,11.5,128000
2002-07-10,8.486766815185547,11.079999923706055,11.380000114440918,11.079999923706055,11.25,85100
2002-07-11,8.38719654083252,10.949999809265137,11.149999618530273,10.670000076293945,11.0600004196167,151200
2002-07-12,8.234003067016602,10.75,11.039999961853027,10.4399995803833,10.949999809265137,139000
2002-07-15,7.965918064117432,10.399999618530273,10.8100004196167,10.010000228881836,10.800000190734863,119300
2002-07-16,7.996556758880615,10.4399995803833,10.869999885559082,10.25,10.300000190734863,124400
2002-07-17,8.19570541381836,10.699999809265137,10.699999809265137,10.100000381469727,10.399999618530273,91500
2002-07-18,7.88932466506958,10.300000190734863,10.6899995803833,10.199999809265137,10.600000381469727,150000
2002-07-19,7.812727451324463,10.199999809265137,10.300000190734863,9.899999618530273,10.149999618530273,238200
2002-07-22,7.659540176391602,10.0,10.300000190734863,9.760000228881836,10.199999809265137,166900
2002-07-23,7.391452312469482,9.649999618530273,10.050000190734863,9.5,10.0,331300
2002-07-24,7.659540176391602,10.0,10.0,9.199999809265137,9.600000381469727,482200
2002-07-25,7.720815658569336,10.079999923706055,10.079999923706055,9.569999694824219,9.899999618530273,192100
2002-07-26,7.720815658569336,10.079999923706055,10.140000343322754,9.600000381469727,10.079999923706055,90500
2002-07-29,8.034858703613281,10.489999771118164,10.65999984741211,9.680000305175781,9.680000305175781,212300
2002-07-30,7.797408103942871,10.180000305175781,10.630000114440918,9.550000190734863,10.59000015258789,147500
2002-07-31,7.605920314788818,9.930000305175781,10.210000038146973,9.59000015258789,10.130000114440918,167800
2002-08-01,7.9276227951049805,10.350000381469727,10.609999656677246,9.869999885559082,10.029999732971191,161200
2002-08-02,7.1233720779418945,9.300000190734863,10.300000190734863,9.199999809265137,10.300000190734863,266800
2002-08-05,6.7403950691223145,8.800000190734863,9.630000114440918,8.800000190734863,9.449999809265137,156400
2002-08-06,7.736135959625244,10.100000381469727,10.100000381469727,8.829999923706055,8.899999618530273,213300
2002-08-07,7.88932466506958,10.300000190734863,10.350000381469727,9.4399995803833,10.050000190734863,166700
2002-08-08,7.77443265914917,10.149999618530273,10.300000190734863,9.869999885559082,10.300000190734863,195500
2002-08-09,7.621243000030518,9.949999809265137,10.079999923706055,9.770000457763672,10.0,236400
2002-08-12,7.39911413192749,9.65999984741211,9.920000076293945,9.5,9.920000076293945,182100
2002-08-13,7.468051910400391,9.75,9.949999809265137,9.609999656677246,9.760000228881836,156800
2002-08-14,7.736135959625244,10.100000381469727,10.100000381469727,9.449999809265137,9.850000381469727,133100
2002-08-15,7.215285301208496,9.420000076293945,9.949999809265137,9.420000076293945,9.949999809265137,454500
2002-08-16,7.131030082702637,9.3100004196167,9.5,9.300000190734863,9.399999618530273,195800
2002-08-19,7.238263130187988,9.449999809265137,9.739999771118164,9.350000381469727,9.40999984741211,361300
2002-08-20,7.161670207977295,9.350000381469727,9.520000457763672,9.300000190734863,9.449999809265137,710600
2002-08-21,7.1923065185546875,9.390000343322754,9.550000190734863,9.260000228881836,9.399999618530273,810500
2002-08-22,7.238263130187988,9.449999809265137,9.550000190734863,9.420000076293945,9.449999809265137,247100
2002-08-23,7.008479118347168,9.149999618530273,9.420000076293945,9.149999618530273,9.380000114440918,147500
2002-08-26,7.2459235191345215,9.460000038146973,9.5,9.1899995803833,9.25,150100
2002-08-27,7.2689032554626465,9.489999771118164,9.65999984741211,9.350000381469727,9.65999984741211,212800
2002-08-28,6.669780254364014,8.649999618530273,9.350000381469727,8.5,9.300000190734863,306600
2002-08-29,7.016763210296631,9.100000381469727,9.170000076293945,8.600000381469727,8.75,286400
2002-08-30,7.209530353546143,9.350000381469727,9.579999923706055,9.199999809265137,9.350000381469727,465600
2002-09-03,7.0398945808410645,9.130000114440918,9.25,8.819999694824219,9.199999809265137,331200
2002-09-04,7.271216869354248,9.430000305175781,9.430000305175781,9.180000305175781,9.199999809265137,896700
2002-09-05,7.248086452484131,9.399999618530273,9.529999732971191,9.270000457763672,9.399999618530273,572200
2002-09-06,7.494828701019287,9.720000267028809,9.720000267028809,9.350000381469727,9.399999618530273,373600
2002-09-09,7.749281406402588,10.050000190734863,10.050000190734863,9.6899995803833,9.75,339400
2002-09-10,7.949758529663086,10.3100004196167,10.3100004196167,9.84000015258789,10.050000190734863,409600
2002-09-11,8.042289733886719,10.430000305175781,10.449999809265137,10.220000267028809,10.300000190734863,342300
2002-09-12,7.949758529663086,10.3100004196167,10.449999809265137,10.260000228881836,10.430000305175781,577800
2002-09-13,7.6104865074157715,9.869999885559082,10.210000038146973,9.800000190734863,10.210000038146973,173500
2002-09-16,7.63361930847168,9.899999618530273,10.140000343322754,9.770000457763672,9.770000457763672,115500
2002-09-17,7.564223289489746,9.8100004196167,9.989999771118164,9.539999961853027,9.899999618530273,201600
2002-09-18,7.309769153594971,9.479999542236328,9.75,8.989999771118164,9.75,187600
2002-09-19,6.893390655517578,8.9399995803833,9.5,8.920000076293945,9.399999618530273,181000
2002-09-20,6.770015716552734,8.779999732971191,9.010000228881836,8.630000114440918,8.9399995803833,429300
2002-09-23,6.584960460662842,8.539999961853027,8.8100004196167,8.529999732971191,8.779999732971191,167400
2002-09-24,6.45387601852417,8.369999885559082,8.680000305175781,8.359999656677246,8.539999961853027,224200
2002-09-25,6.669780254364014,8.649999618530273,8.649999618530273,8.1899995803833,8.369999885559082,206000
2002-09-26,6.862548351287842,8.899999618530273,8.899999618530273,8.630000114440918,8.75,281200
2002-09-27,6.592671871185303,8.550000190734863,8.880000114440918,8.260000228881836,8.880000114440918,117300
2002-09-30,6.623513698577881,8.59000015258789,8.680000305175781,8.109999656677246,8.449999809265137,171300
2002-10-01,7.1709771156311035,9.300000190734863,9.300000190734863,8.199999809265137,8.619999885559082,189700
2002-10-02,6.3536376953125,8.239999771118164,9.260000228881836,8.239999771118164,9.25,195200
2002-10-03,6.176292896270752,8.010000228881836,8.399999618530273,8.010000228881836,8.300000190734863,208200
2002-10-04,6.091475486755371,7.900000095367432,8.079999923706055,7.75,8.039999961853027,135600
2002-10-07,5.860151767730713,7.599999904632568,8.0,7.429999828338623,7.849999904632568,131000
2002-10-08,6.014366626739502,7.800000190734863,7.800000190734863,7.610000133514404,7.769999980926514,145600
2002-10-09,5.5131707191467285,7.150000095367432,7.809999942779541,7.090000152587891,7.75,347100
2002-10-10,5.497748374938965,7.130000114440918,7.239999771118164,7.03000020980835,7.150000095367432,366900
2002-10-11,5.490036964416504,7.119999885559082,7.5,7.119999885559082,7.230000019073486,312100
2002-10-14,5.960391521453857,7.730000019073486,7.739999771118164,7.21999979019165,7.25,172700
2002-10-15,6.51556396484375,8.449999809265137,8.449999809265137,7.730000019073486,7.730000019073486,184500
2002-10-16,5.890995025634766,7.639999866485596,8.390000343322754,7.639999866485596,8.350000381469727,150700
2002-10-17,6.538694381713867,8.479999542236328,8.550000190734863,7.940000057220459,7.940000057220459,172000
2002-10-18,6.338216781616211,8.220000267028809,8.569999694824219,8.100000381469727,8.520000457763672,173200
2002-10-21,6.7854413986206055,8.800000190734863,8.949999809265137,8.260000228881836,8.270000457763672,117500
2002-10-22,6.4847211837768555,8.40999984741211,8.75,8.319999694824219,8.75,150200
2002-10-23,6.423034191131592,8.329999923706055,8.40999984741211,8.100000381469727,8.399999618530273,359200
2002-10-24,6.330507278442383,8.210000038146973,8.449999809265137,8.180000305175781,8.399999618530273,219400
2002-10-25,6.662070274353027,8.640000343322754,8.649999618530273,8.199999809265137,8.199999809265137,267700
2002-10-28,6.654359340667725,8.630000114440918,8.850000381469727,8.600000381469727,8.640000343322754,145600
2002-10-29,6.8239946365356445,8.850000381469727,8.920000076293945,8.600000381469727,8.630000114440918,181200
2002-10-30,6.9396538734436035,9.0,9.170000076293945,8.800000190734863,8.949999809265137,252400
2002-10-31,6.168581485748291,8.0,8.899999618530273,8.0,8.850000381469727,489600
2002-11-01,6.7854413986206055,8.800000190734863,8.800000190734863,8.100000381469727,8.100000381469727,556900
2002-11-04,6.631224632263184,8.600000381469727,8.829999923706055,8.399999618530273,8.829999923706055,481800
2002-11-05,6.369060516357422,8.260000228881836,8.550000190734863,8.260000228881836,8.550000190734863,293400
2002-11-06,6.361351013183594,8.25,8.420000076293945,8.220000267028809,8.25,252500
2002-11-07,6.315084457397461,8.1899995803833,8.279999732971191,8.09000015258789,8.25,165100
2002-11-08,6.2071356773376465,8.050000190734863,8.300000190734863,8.0,8.149999618530273,162600
2002-11-11,5.860151767730713,7.599999904632568,8.010000228881836,7.599999904632568,8.0,107700
2002-11-12,5.937259674072266,7.699999809265137,7.960000038146973,7.599999904632568,7.699999809265137,118100
2002-11-13,5.898708343505859,7.650000095367432,7.900000095367432,7.480000019073486,7.679999828338623,113600
2002-11-14,6.091475486755371,7.900000095367432,7.920000076293945,7.699999809265137,7.75,505500
2002-11-15,6.076052188873291,7.880000114440918,7.949999809265137,7.679999828338623,7.829999923706055,219500
2002-11-18,5.86786413192749,7.610000133514404,7.989999771118164,7.590000152587891,7.980000019073486,312900
2002-11-19,6.014366626739502,7.800000190734863,7.880000114440918,7.559999942779541,7.760000228881836,89000
2002-11-20,6.2071356773376465,8.050000190734863,8.050000190734863,7.639999866485596,7.800000190734863,227400
2002-11-21,6.261111736297607,8.119999885559082,8.149999618530273,7.75,8.100000381469727,176000
2002-11-22,6.091475486755371,7.900000095367432,8.100000381469727,7.849999904632568,8.100000381469727,119500
2002-11-25,6.299663066864014,8.170000076293945,8.239999771118164,7.800000190734863,7.840000152587891,328900
2002-11-26,6.184003829956055,8.020000457763672,8.1899995803833,7.71999979019165,8.180000305175781,148600
2002-11-27,6.295140743255615,8.100000381469727,8.239999771118164,8.039999961853027,8.039999961853027,166700
2002-11-29,6.061985969543457,7.800000190734863,8.170000076293945,7.800000190734863,8.050000190734863,148900
2002-12-02,6.295140743255615,8.100000381469727,8.100000381469727,7.800000190734863,7.849999904632568,225300
2002-12-03,6.108617305755615,7.860000133514404,8.100000381469727,7.820000171661377,8.0,92400
2002-12-04,6.217422008514404,8.0,8.050000190734863,7.590000152587891,7.820000171661377,100600
2002-12-05,6.061985969543457,7.800000190734863,8.0,7.699999809265137,8.0,143000
2002-12-06,5.75888729095459,7.409999847412109,7.820000171661377,7.210000038146973,7.699999809265137,510100
2002-12-09,5.168229579925537,6.650000095367432,7.269999980926514,6.380000114440918,7.210000038146973,668900
2002-12-10,4.880676746368408,6.28000020980835,6.650000095367432,6.179999828338623,6.650000095367432,991100
2002-12-11,4.973937034606934,6.400000095367432,6.460000038146973,6.199999809265137,6.400000095367432,801000
2002-12-12,5.074970245361328,6.53000020980835,6.599999904632568,6.349999904632568,6.400000095367432,249000
2002-12-13,4.888448238372803,6.289999961853027,6.599999904632568,6.289999961853027,6.579999923706055,268800
2002-12-16,5.2614922523498535,6.769999980926514,6.809999942779541,6.320000171661377,6.320000171661377,357200
2002-12-17,4.973937034606934,6.400000095367432,6.800000190734863,5.900000095367432,6.75,561300
2002-12-18,2.486968517303467,3.200000047683716,5.650000095367432,3.130000114440918,5.5,7229600
2002-12-19,3.108711004257202,4.0,4.050000190734863,3.0299999713897705,3.0299999713897705,2606300
2002-12-20,3.334092855453491,4.289999961853027,4.300000190734863,3.8499999046325684,4.150000095367432,1835600
2002-12-23,3.194199800491333,4.110000133514404,4.650000095367432,4.099999904632568,4.300000190734863,663400
2002-12-24,3.3418638706207275,4.300000190734863,4.429999828338623,4.150000095367432,4.150000095367432,149800
2002-12-26,3.404038429260254,4.380000114440918,4.449999809265137,4.25,4.300000190734863,238600
2002-12-27,3.240830421447754,4.170000076293945,4.329999923706055,4.019999980926514,4.329999923706055,335900
2002-12-30,3.1553421020507812,4.059999942779541,4.25,4.019999980926514,4.210000038146973,315500
2002-12-31,3.046536445617676,3.9200000762939453,4.349999904632568,3.9000000953674316,4.099999904632568,350800
2003-01-02,3.0309929847717285,3.9000000953674316,4.25,3.4000000953674316,4.079999923706055,730100
2003-01-03,2.945502996444702,3.7899999618530273,3.9800000190734863,3.700000047683716,3.9000000953674316,276200
2003-01-06,3.3651797771453857,4.329999923706055,4.599999904632568,3.940000057220459,3.950000047683716,870800
2003-01-07,3.1864287853240967,4.099999904632568,4.329999923706055,3.9100000858306885,4.329999923706055,290400
2003-01-08,2.945502996444702,3.7899999618530273,4.190000057220459,3.7899999618530273,4.099999904632568,233200
2003-01-09,3.0309929847717285,3.9000000953674316,4.090000152587891,3.8499999046325684,3.940000057220459,370800
2003-01-10,3.0776236057281494,3.9600000381469727,4.03000020980835,3.8499999046325684,3.950000047683716,372400
2003-01-13,3.0853958129882812,3.9700000286102295,4.150000095367432,3.9000000953674316,4.059999942779541,276700
2003-01-14,3.069852113723755,3.950000047683716,4.0,3.819999933242798,4.0,215300
2003-01-15,3.0076780319213867,3.869999885559082,4.010000228881836,3.7699999809265137,4.010000228881836,242100
2003-01-16,2.9532744884490967,3.799999952316284,3.9700000286102295,3.7899999618530273,3.9000000953674316,155300
2003-01-17,2.8755576610565186,3.700000047683716,3.8299999237060547,3.690000057220459,3.7799999713897705,119200
2003-01-21,2.8366992473602295,3.6500000953674316,3.9000000953674316,3.5299999713897705,3.700000047683716,215300
2003-01-22,2.813382863998413,3.619999885559082,3.759999990463257,3.609999895095825,3.7200000286102295,257200
2003-01-23,2.860013961791992,3.680000066757202,3.740000009536743,3.5999999046325684,3.6700000762939453,1710700
2003-01-24,2.6424036026000977,3.4000000953674316,3.75,3.4000000953674316,3.75,338600
2003-01-27,2.5102832317352295,3.2300000190734863,3.490000009536743,3.200000047683716,3.450000047683716,436000
2003-01-28,2.486968517303467,3.200000047683716,3.3399999141693115,3.0799999237060547,3.240000009536743,211300
2003-01-29,2.572458028793335,3.309999942779541,3.3399999141693115,3.1500000953674316,3.299999952316284,1166500
2003-01-30,2.486968517303467,3.200000047683716,3.4100000858306885,3.200000047683716,3.4100000858306885,113100
2003-01-31,2.7356653213500977,3.5199999809265137,3.569999933242798,3.180000066757202,3.2100000381469727,515800
2003-02-03,2.797839403152466,3.5999999046325684,3.809999942779541,3.549999952316284,3.619999885559082,171000
2003-02-04,2.8366992473602295,3.6500000953674316,3.680000066757202,3.5,3.5999999046325684,496900
2003-02-05,2.7201220989227295,3.5,3.700000047683716,3.5,3.700000047683716,302700
2003-02-06,2.572458028793335,3.309999942779541,3.559999942779541,3.309999942779541,3.5,179500
2003-02-07,2.4247941970825195,3.119999885559082,3.440000057220459,3.119999885559082,3.369999885559082,229800
2003-02-10,2.5025129318237305,3.2200000286102295,3.4000000953674316,3.1500000953674316,3.180000066757202,547200
2003-02-11,2.7201220989227295,3.5,3.5999999046325684,3.259999990463257,3.2799999713897705,453500
2003-02-12,2.7201220989227295,3.5,3.5999999046325684,3.4100000858306885,3.549999952316284,539700
2003-02-13,2.7201220989227295,3.5,3.549999952316284,3.3299999237060547,3.509999990463257,426400
2003-02-14,2.7201220989227295,3.5,3.640000104904175,3.5,3.5199999809265137,308600
2003-02-18,2.906644344329834,3.740000009536743,3.9000000953674316,3.509999990463257,3.509999990463257,149700
2003-02-19,2.9532744884490967,3.799999952316284,3.8299999237060547,3.5999999046325684,3.640000104904175,206300
2003-02-20,2.9610469341278076,3.809999942779541,3.819999933242798,3.5299999713897705,3.819999933242798,175600
2003-02-21,2.8755576610565186,3.700000047683716,3.9200000762939453,3.6600000858306885,3.799999952316284,129500
2003-02-24,2.7201220989227295,3.5,3.8499999046325684,3.4800000190734863,3.700000047683716,506200
2003-02-25,2.883329391479492,3.7100000381469727,3.9000000953674316,3.450000047683716,3.5,189500
2003-02-26,2.883329391479492,3.7100000381469727,3.8499999046325684,3.6600000858306885,3.759999990463257,116300
2003-02-27,2.992133855819702,3.8499999046325684,3.8499999046325684,3.6500000953674316,3.7899999618530273,132200
2003-02-28,2.976590871810913,3.8299999237060547,3.869999885559082,3.7100000381469727,3.799999952316284,54800
2003-03-03,2.9532744884490967,3.799999952316284,3.9100000858306885,3.609999895095825,3.7699999809265137,182000
2003-03-04,2.9532744884490967,3.799999952316284,3.890000104904175,3.4800000190734863,3.549999952316284,224500
2003-03-05,2.7201220989227295,3.5,3.6500000953674316,3.25,3.6500000953674316,256600
2003-03-06,2.7278940677642822,3.509999990463257,3.6500000953674316,3.450000047683716,3.509999990463257,116000
2003-03-07,2.766752243041992,3.559999942779541,3.619999885559082,3.359999895095825,3.5,107400
2003-03-10,2.6812632083892822,3.450000047683716,3.5199999809265137,3.450000047683716,3.5,251400
2003-03-11,2.7356653213500977,3.5199999809265137,3.8399999141693115,3.450000047683716,3.450000047683716,188800
2003-03-12,2.7201220989227295,3.5,3.5799999237060547,3.380000114440918,3.5299999713897705,293100
2003-03-13,2.984362840652466,3.8399999141693115,3.9100000858306885,3.559999942779541,3.559999942779541,130100
2003-03-14,2.922189235687256,3.759999990463257,3.9100000858306885,3.75,3.9100000858306885,57500
2003-03-17,3.108711004257202,4.0,4.099999904632568,3.75,3.75,133100
2003-03-18,3.108711004257202,4.0,4.079999923706055,3.9000000953674316,3.9000000953674316,181800
2003-03-19,3.225288152694702,4.150000095367432,4.25,4.0,4.059999942779541,228800
2003-03-20,3.4195828437805176,4.400000095367432,4.5,3.809999942779541,4.0,1037300
2003-03-21,3.4584412574768066,4.449999809265137,4.489999771118164,4.309999942779541,4.409999847412109,232800
2003-03-24,3.1242549419403076,4.019999980926514,4.25,4.019999980926514,4.25,106000
2003-03-25,3.0853958129882812,3.9700000286102295,4.119999885559082,3.799999952316284,4.019999980926514,155700
2003-03-26,2.984362840652466,3.8399999141693115,3.9600000381469727,3.819999933242798,3.950000047683716,178700
2003-03-27,2.9144160747528076,3.75,3.8399999141693115,3.5899999141693115,3.5899999141693115,128000
2003-03-28,3.108711004257202,4.0,4.090000152587891,3.690000057220459,3.700000047683716,92300
2003-03-31,3.0309929847717285,3.9000000953674316,4.300000190734863,3.549999952316284,3.8499999046325684,230400
2003-04-01,3.0309929847717285,3.9000000953674316,4.079999923706055,3.859999895095825,3.9100000858306885,328900
2003-04-02,3.194199800491333,4.110000133514404,4.199999809265137,3.950000047683716,3.950000047683716,131800
2003-04-03,3.225288152694702,4.150000095367432,4.340000152587891,4.0,4.130000114440918,84400
2003-04-04,2.9532744884490967,3.799999952316284,4.25,3.799999952316284,4.150000095367432,110900
2003-04-07,3.225288152694702,4.150000095367432,4.21999979019165,3.799999952316284,3.799999952316284,226700
2003-04-08,3.1397974491119385,4.039999961853027,4.199999809265137,4.019999980926514,4.159999847412109,62100
2003-04-09,3.1864287853240967,4.099999904632568,4.179999828338623,4.0,4.039999961853027,50000
2003-04-10,3.2796900272369385,4.21999979019165,4.289999961853027,4.050000190734863,4.050000190734863,160800
2003-04-11,3.1553421020507812,4.059999942779541,4.28000020980835,4.039999961853027,4.28000020980835,95100
2003-04-14,3.2874608039855957,4.230000019073486,4.230000019073486,4.0,4.059999942779541,92400
2003-04-15,3.3030052185058594,4.25,4.300000190734863,4.150000095367432,4.269999980926514,823700
2003-04-16,3.225288152694702,4.150000095367432,4.210000038146973,4.119999885559082,4.199999809265137,105000
2003-04-17,3.271918296813965,4.210000038146973,4.269999980926514,4.170000076293945,4.25,763900
2003-04-21,3.2952334880828857,4.239999771118164,4.300000190734863,4.199999809265137,4.239999771118164,116600
2003-04-22,3.3030052185058594,4.25,4.349999904632568,4.199999809265137,4.239999771118164,299900
2003-04-23,3.2874608039855957,4.230000019073486,4.300000190734863,4.190000057220459,4.28000020980835,129400
2003-04-24,3.310777425765991,4.260000228881836,4.389999866485596,4.199999809265137,4.28000020980835,500900
2003-04-25,3.396266460418701,4.369999885559082,4.400000095367432,4.25,4.289999961853027,74400
2003-04-28,3.575016975402832,4.599999904632568,4.75,4.400000095367432,4.420000076293945,1274300
2003-04-29,3.5206148624420166,4.53000020980835,4.650000095367432,4.53000020980835,4.650000095367432,110200
2003-04-30,3.590561628341675,4.619999885559082,4.650000095367432,4.46999979019165,4.579999923706055,158400
2003-05-01,3.4584412574768066,4.449999809265137,4.610000133514404,4.099999904632568,4.610000133514404,503900
2003-05-02,3.5206148624420166,4.53000020980835,4.570000171661377,4.440000057220459,4.449999809265137,478600
2003-05-05,3.411808490753174,4.389999866485596,4.53000020980835,4.329999923706055,4.53000020980835,182200
2003-05-06,3.536159038543701,4.550000190734863,4.579999923706055,4.389999866485596,4.389999866485596,383600
2003-05-07,3.466212272644043,4.460000038146973,4.590000152587891,4.440000057220459,4.539999961853027,299400
2003-05-08,3.497299909591675,4.5,4.590000152587891,4.400000095367432,4.489999771118164,362400
2003-05-09,3.6371922492980957,4.679999828338623,4.800000190734863,4.510000228881836,4.510000228881836,122500
2003-05-12,3.6138768196105957,4.650000095367432,4.900000095367432,4.650000095367432,4.679999828338623,144200
2003-05-13,3.808171510696411,4.900000095367432,4.949999809265137,4.480000019073486,4.630000114440918,149300
2003-05-14,3.7382259368896484,4.809999942779541,4.960000038146973,4.650000095367432,4.940000057220459,312500
2003-05-15,3.7693111896514893,4.849999904632568,4.920000076293945,4.800000190734863,4.840000152587891,136700
2003-05-16,3.5283873081207275,4.539999961853027,4.909999847412109,4.539999961853027,4.800000190734863,367800
2003-05-19,3.497299909591675,4.5,4.659999847412109,4.480000019073486,4.570000171661377,248800
2003-05-20,3.349637031555176,4.309999942779541,4.699999809265137,4.25,4.599999904632568,127200
2003-05-21,3.2563748359680176,4.190000057220459,4.309999942779541,4.159999847412109,4.300000190734863,164500
2003-05-22,3.4739837646484375,4.46999979019165,4.599999904632568,4.099999904632568,4.150000095367432,164900
2003-05-23,3.481755256652832,4.480000019073486,4.699999809265137,4.400000095367432,4.46999979019165,112500
2003-05-27,3.7693111896514893,4.849999904632568,4.849999904632568,4.460000038146973,4.480000019073486,157200
2003-05-28,3.85479998588562,4.960000038146973,4.96999979019165,4.869999885559082,4.900000095367432,313600
2003-05-29,3.831486701965332,4.929999828338623,4.989999771118164,4.800000190734863,4.96999979019165,228700
2003-05-30,3.8703436851501465,4.980000019073486,5.010000228881836,4.880000114440918,4.980000019073486,290800
2003-06-02,3.885887384414673,5.0,5.079999923706055,4.900000095367432,4.96999979019165,178600
2003-06-03,4.025780200958252,5.179999828338623,5.329999923706055,5.0,5.050000190734863,297200
2003-06-04,3.9636049270629883,5.099999904632568,5.239999771118164,4.96999979019165,5.21999979019165,624900
2003-06-05,3.885887384414673,5.0,5.099999904632568,4.96999979019165,5.099999904632568,96500
2003-06-06,3.9014320373535156,5.019999980926514,5.300000190734863,5.0,5.199999809265137,156600
2003-06-09,3.847029685974121,4.949999809265137,5.039999961853027,4.920000076293945,5.010000228881836,120700
2003-06-10,3.847029685974121,4.949999809265137,4.989999771118164,4.849999904632568,4.929999828338623,109800
2003-06-11,3.8004000186920166,4.889999866485596,4.960000038146973,4.679999828338623,4.960000038146973,186700
2003-06-12,3.9014320373535156,5.019999980926514,5.150000095367432,4.940000057220459,5.0,397300
2003-06-13,3.6915931701660156,4.75,5.059999942779541,4.699999809265137,5.050000190734863,161700
2003-06-16,3.9014320373535156,5.019999980926514,5.039999961853027,4.340000152587891,4.760000228881836,353800
2003-06-17,4.033553123474121,5.190000057220459,5.260000228881836,5.010000228881836,5.050000190734863,307300
2003-06-18,3.9247474670410156,5.050000190734863,5.179999828338623,5.019999980926514,5.179999828338623,124500
2003-06-19,3.862571954727173,4.96999979019165,5.199999809265137,4.96999979019165,5.050000190734863,103900
2003-06-20,3.7693111896514893,4.849999904632568,5.079999923706055,4.800000190734863,5.0,226000
2003-06-23,3.6371922492980957,4.679999828338623,4.989999771118164,4.679999828338623,4.880000114440918,160800
2003-06-24,3.722681760787964,4.789999961853027,4.840000152587891,4.630000114440918,4.679999828338623,219300
2003-06-25,3.7926268577575684,4.880000114440918,5.239999771118164,4.730000019073486,4.800000190734863,272200
2003-06-26,3.847029685974121,4.949999809265137,5.119999885559082,4.849999904632568,5.0,172000
2003-06-27,3.5283873081207275,4.539999961853027,5.170000076293945,4.519999980926514,4.849999904632568,360000
2003-06-30,3.4584412574768066,4.449999809265137,4.650000095367432,4.420000076293945,4.53000020980835,427000
2003-07-01,3.4584412574768066,4.449999809265137,4.579999923706055,4.260000228881836,4.449999809265137,542600
2003-07-02,3.808171510696411,4.900000095367432,4.900000095367432,4.550000190734863,4.550000190734863,385200
2003-07-03,3.575016975402832,4.599999904632568,4.949999809265137,4.599999904632568,4.949999809265137,149400
2003-07-07,3.730454206466675,4.800000190734863,4.900000095367432,4.599999904632568,4.650000095367432,271200
2003-07-08,3.6915931701660156,4.75,4.820000171661377,4.699999809265137,4.75,390400
2003-07-09,3.3807239532470703,4.349999904632568,4.489999771118164,4.199999809265137,4.400000095367432,672800
2003-07-10,3.326319932937622,4.28000020980835,4.53000020980835,4.28000020980835,4.349999904632568,354500
2003-07-11,3.481755256652832,4.480000019073486,4.480000019073486,4.269999980926514,4.300000190734863,368600
2003-07-14,3.466212272644043,4.460000038146973,4.75,4.349999904632568,4.389999866485596,389600
2003-07-15,3.4195828437805176,4.400000095367432,4.539999961853027,4.329999923706055,4.5,110100
2003-07-16,3.411808490753174,4.389999866485596,4.53000020980835,4.329999923706055,4.449999809265137,162400
2003-07-17,3.2563748359680176,4.190000057220459,4.480000019073486,4.170000076293945,4.440000057220459,187800
2003-07-18,3.194199800491333,4.110000133514404,4.289999961853027,3.950000047683716,4.289999961853027,797900
2003-07-21,3.0776236057281494,3.9600000381469727,4.119999885559082,3.950000047683716,4.119999885559082,324100
2003-07-22,3.0853958129882812,3.9700000286102295,4.099999904632568,3.880000114440918,3.940000057220459,712800
2003-07-23,3.0076780319213867,3.869999885559082,4.050000190734863,3.7100000381469727,4.050000190734863,232100
2003-07-24,2.999906301498413,3.859999895095825,4.0,3.809999942779541,3.869999885559082,442600
2003-07-25,3.0309929847717285,3.9000000953674316,3.9600000381469727,3.8499999046325684,3.950000047683716,201000
2003-07-28,3.1475703716278076,4.050000190734863,4.050000190734863,3.930000066757202,3.930000066757202,240300
2003-07-29,3.116482973098755,4.010000228881836,4.099999904632568,3.9200000762939453,4.099999904632568,184800
2003-07-30,3.3030052185058594,4.25,4.25,3.9000000953674316,4.010000228881836,1995400
2003-07-31,3.5439300537109375,4.559999942779541,4.739999771118164,4.25,4.380000114440918,539700
2003-08-01,3.225288152694702,4.150000095367432,4.539999961853027,4.039999961853027,4.53000020980835,187200
2003-08-04,3.225288152694702,4.150000095367432,4.239999771118164,4.050000190734863,4.159999847412109,153200
2003-08-05,3.225288152694702,4.150000095367432,4.25,4.070000171661377,4.099999904632568,203800
2003-08-06,3.2330594062805176,4.159999847412109,4.179999828338623,4.059999942779541,4.119999885559082,165000
2003-08-07,3.271918296813965,4.210000038146973,4.25,4.130000114440918,4.150000095367432,175800
2003-08-08,3.271918296813965,4.210000038146973,4.300000190734863,4.130000114440918,4.150000095367432,447200
2003-08-11,3.3030052185058594,4.25,4.269999980926514,4.150000095367432,4.150000095367432,175800
2003-08-12,3.497299909591675,4.5,4.5,4.190000057220459,4.21999979019165,331800
2003-08-13,3.5128424167633057,4.519999980926514,4.519999980926514,4.369999885559082,4.489999771118164,184300
2003-08-14,3.497299909591675,4.5,4.519999980926514,4.409999847412109,4.5,66900
2003-08-15,3.5517020225524902,4.570000171661377,4.650000095367432,4.5,4.5,222800
2003-08-18,3.598331928253174,4.630000114440918,4.650000095367432,4.579999923706055,4.639999866485596,309200
2003-08-19,3.730454206466675,4.800000190734863,4.860000133514404,4.639999866485596,4.639999866485596,311000
2003-08-20,3.7693111896514893,4.849999904632568,4.949999809265137,4.710000038146973,4.840000152587891,510600
2003-08-21,3.847029685974121,4.949999809265137,4.949999809265137,4.800000190734863,4.909999847412109,208200
2003-08-22,3.3884944915771484,4.360000133514404,4.960000038146973,4.349999904632568,4.949999809265137,231400
2003-08-25,3.450669050216675,4.440000057220459,4.820000171661377,4.300000190734863,4.360000133514404,238300
2003-08-26,3.5283873081207275,4.539999961853027,4.579999923706055,4.260000228881836,4.349999904632568,86400
2003-08-27,3.427354097366333,4.409999847412109,4.53000020980835,4.349999904632568,4.449999809265137,104100
2003-08-28,3.536159038543701,4.550000190734863,4.590000152587891,4.309999942779541,4.5,117500
2003-08-29,3.4351253509521484,4.420000076293945,4.699999809265137,4.340000152587891,4.449999809265137,177900
2003-09-02,3.536159038543701,4.550000190734863,4.650000095367432,4.5,4.650000095367432,152200
2003-09-03,3.4351253509521484,4.420000076293945,4.659999847412109,4.420000076293945,4.599999904632568,243300
2003-09-04,3.396266460418701,4.369999885559082,4.579999923706055,4.360000133514404,4.5,221500
2003-09-05,3.326319932937622,4.28000020980835,4.389999866485596,4.199999809265137,4.360000133514404,183600
2003-09-08,3.3030052185058594,4.25,4.320000171661377,4.199999809265137,4.300000190734863,174600
2003-09-09,3.3418638706207275,4.300000190734863,4.320000171661377,4.199999809265137,4.25,218600
2003-09-10,3.2874608039855957,4.230000019073486,4.349999904632568,4.199999809265137,4.230000019073486,168300
2003-09-11,3.1864287853240967,4.099999904632568,4.25,4.039999961853027,4.199999809265137,244200
2003-09-12,3.3651797771453857,4.329999923706055,4.440000057220459,4.110000133514404,4.150000095367432,244900
2003-09-15,3.334092855453491,4.289999961853027,4.429999828338623,4.269999980926514,4.400000095367432,223800
2003-09-16,3.411808490753174,4.389999866485596,4.400000095367432,4.289999961853027,4.300000190734863,267400
2003-09-17,3.372950553894043,4.340000152587891,4.389999866485596,4.300000190734863,4.369999885559082,196000
2003-09-18,3.3807239532470703,4.349999904632568,4.349999904632568,4.199999809265137,4.340000152587891,785300
2003-09-19,3.404038429260254,4.380000114440918,4.409999847412109,4.269999980926514,4.349999904632568,438000
2003-09-22,3.3884944915771484,4.360000133514404,4.420000076293945,4.300000190734863,4.400000095367432,126700
2003-09-23,3.4195828437805176,4.400000095367432,4.400000095367432,4.300000190734863,4.300000190734863,99600
2003-09-24,3.3418638706207275,4.300000190734863,4.409999847412109,4.300000190734863,4.400000095367432,136500
2003-09-25,3.0154502391815186,3.880000114440918,4.409999847412109,3.799999952316284,4.349999904632568,874800
2003-09-26,2.992133855819702,3.8499999046325684,4.0,3.6500000953674316,4.0,506800
2003-09-29,3.1553421020507812,4.059999942779541,4.099999904632568,3.8299999237060547,3.950000047683716,255500
2003-09-30,3.0543086528778076,3.930000066757202,4.079999923706055,3.9000000953674316,4.059999942779541,204400
2003-10-01,3.1864287853240967,4.099999904632568,4.099999904632568,3.9200000762939453,3.930000066757202,252800
2003-10-02,3.093167304992676,3.9800000190734863,4.070000171661377,3.950000047683716,4.050000190734863,121500
2003-10-03,3.1475703716278076,4.050000190734863,4.199999809265137,4.0,4.03000020980835,265900
2003-10-06,3.108711004257202,4.0,4.039999961853027,3.9200000762939453,4.039999961853027,127200
2003-10-07,3.046536445617676,3.9200000762939453,4.0,3.859999895095825,4.0,212100
2003-10-08,3.0154502391815186,3.880000114440918,3.990000009536743,3.869999885559082,3.9000000953674316,140200
2003-10-09,3.093167304992676,3.9800000190734863,4.0,3.9000000953674316,3.9800000190734863,135000
2003-10-10,3.069852113723755,3.950000047683716,4.03000020980835,3.869999885559082,3.9800000190734863,84500
2003-10-13,3.326319932937622,4.28000020980835,4.28000020980835,3.9000000953674316,3.950000047683716,662200
2003-10-14,3.3418638706207275,4.300000190734863,4.449999809265137,4.210000038146973,4.28000020980835,669000
2003-10-15,3.4195828437805176,4.400000095367432,4.590000152587891,4.329999923706055,4.329999923706055,869400
2003-10-16,3.5594747066497803,4.579999923706055,4.610000133514404,4.420000076293945,4.420000076293945,473500
2003-10-17,3.4428975582122803,4.429999828338623,4.659999847412109,4.429999828338623,4.630000114440918,150900
2003-10-20,3.450669050216675,4.440000057220459,4.599999904632568,4.320000171661377,4.579999923706055,358500
2003-10-21,3.349637031555176,4.309999942779541,4.46999979019165,4.199999809265137,4.440000057220459,236400
2003-10-22,3.4584412574768066,4.449999809265137,4.559999942779541,4.239999771118164,4.360000133514404,1894700
2003-10-23,3.3651797771453857,4.329999923706055,4.519999980926514,4.260000228881836,4.449999809265137,242300
2003-10-24,3.2796900272369385,4.21999979019165,4.360000133514404,4.099999904632568,4.360000133514404,149300
2003-10-27,3.3884944915771484,4.360000133514404,4.440000057220459,4.25,4.360000133514404,195300
2003-10-28,3.4584412574768066,4.449999809265137,4.769999980926514,4.320000171661377,4.440000057220459,212500
2003-10-29,3.427354097366333,4.409999847412109,4.489999771118164,4.349999904632568,4.480000019073486,271800
2003-10-30,3.660506248474121,4.710000038146973,4.75,4.329999923706055,4.400000095367432,716300
2003-10-31,3.7537682056427,4.829999923706055,5.03000020980835,4.690000057220459,4.699999809265137,1167400
2003-11-03,3.885887384414673,5.0,5.050000190734863,4.900000095367432,4.929999828338623,371500
2003-11-04,3.940291166305542,5.070000171661377,5.070000171661377,4.869999885559082,4.900000095367432,395100
2003-11-05,3.9247474670410156,5.050000190734863,5.139999866485596,5.0,5.070000171661377,478800
2003-11-06,3.893660545349121,5.010000228881836,5.059999942779541,4.800000190734863,5.019999980926514,407400
2003-11-07,3.971376895904541,5.110000133514404,5.179999828338623,5.0,5.050000190734863,295900
2003-11-10,3.885887384414673,5.0,5.199999809265137,4.960000038146973,5.170000076293945,282000
2003-11-11,3.893660545349121,5.010000228881836,5.019999980926514,4.96999979019165,5.0,95600
2003-11-12,3.9014320373535156,5.019999980926514,5.110000133514404,5.0,5.0,403100
2003-11-13,3.9169762134552,5.039999961853027,5.070000171661377,4.900000095367432,5.0,241900
2003-11-14,4.041323184967041,5.199999809265137,5.199999809265137,5.03000020980835,5.03000020980835,379500
2003-11-17,3.847029685974121,4.949999809265137,5.150000095367432,4.889999866485596,5.150000095367432,303900
2003-11-18,3.893660545349121,5.010000228881836,5.239999771118164,5.0,5.0,379500
2003-11-19,3.9791510105133057,5.119999885559082,5.21999979019165,5.0,5.059999942779541,216000
2003-11-20,4.111270427703857,5.289999961853027,5.400000095367432,5.010000228881836,5.099999904632568,667700
2003-11-21,4.484316349029541,5.769999980926514,5.78000020980835,5.289999961853027,5.289999961853027,868000
2003-11-24,4.530945301055908,5.829999923706055,5.900000095367432,5.659999847412109,5.809999942779541,470900
2003-11-25,4.523174285888672,5.820000171661377,5.860000133514404,5.699999809265137,5.809999942779541,283100
2003-11-26,4.771871089935303,6.139999866485596,6.210000038146973,5.900000095367432,5.900000095367432,786800
2003-11-28,4.624207496643066,5.949999809265137,6.179999828338623,5.829999923706055,6.150000095367432,286700
2003-12-01,4.585349082946777,5.900000095367432,6.079999923706055,5.840000152587891,5.960000038146973,295700
2003-12-02,4.748556137084961,6.110000133514404,6.139999866485596,5.809999942779541,5.840000152587891,461600
2003-12-03,4.826272964477539,6.210000038146973,6.949999809265137,6.190000057220459,6.190000057220459,827500
2003-12-04,4.880676746368408,6.28000020980835,6.480000019073486,6.130000114440918,6.210000038146973,332300
2003-12-05,4.942851543426514,6.360000133514404,6.369999885559082,6.0,6.28000020980835,522000
2003-12-08,4.95062255859375,6.369999885559082,6.599999904632568,6.239999771118164,6.369999885559082,411800
2003-12-09,4.733013153076172,6.090000152587891,6.440000057220459,6.019999980926514,6.400000095367432,583200
2003-12-10,4.810729026794434,6.190000057220459,6.199999809265137,6.0,6.090000152587891,302800
2003-12-11,4.857361793518066,6.25,6.25,6.03000020980835,6.190000057220459,404000
2003-12-12,4.896218299865723,6.300000190734863,6.300000190734863,6.059999942779541,6.210000038146973,199400
2003-12-15,4.523174285888672,5.820000171661377,6.420000076293945,5.800000190734863,6.300000190734863,372000
2003-12-16,4.740784168243408,6.099999904632568,6.179999828338623,5.829999923706055,5.849999904632568,272700
2003-12-17,4.756327152252197,6.119999885559082,6.179999828338623,5.820000171661377,6.050000190734863,210300
2003-12-18,4.787415504455566,6.159999847412109,6.28000020980835,5.980000019073486,6.079999923706055,188900
2003-12-19,4.756327152252197,6.119999885559082,6.260000228881836,6.0,6.159999847412109,336600
2003-12-22,4.896218299865723,6.300000190734863,6.320000171661377,6.0,6.099999904632568,414800
2003-12-23,4.841817855834961,6.230000019073486,6.510000228881836,6.050000190734863,6.369999885559082,418100
2003-12-24,4.795186519622803,6.170000076293945,6.199999809265137,6.079999923706055,6.150000095367432,71000
2003-12-26,4.834046363830566,6.21999979019165,6.21999979019165,6.099999904632568,6.170000076293945,99900
2003-12-29,4.958393096923828,6.380000114440918,6.5,6.070000171661377,6.199999809265137,342000
2003-12-30,5.09828519821167,6.559999942779541,6.570000171661377,6.300000190734863,6.329999923706055,262200
2003-12-31,4.9661641120910645,6.389999866485596,6.519999980926514,6.150000095367432,6.519999980926514,499500
2004-01-02,5.028339862823486,6.46999979019165,6.739999771118164,6.340000152587891,6.400000095367432,186800
2004-01-05,4.935079097747803,6.349999904632568,6.710000038146973,6.349999904632568,6.510000228881836,213700
2004-01-06,4.787415504455566,6.159999847412109,6.5,6.159999847412109,6.269999980926514,294500
2004-01-07,5.230406761169434,6.730000019073486,6.75,6.099999904632568,6.099999904632568,726800
2004-01-08,5.2148637771606445,6.710000038146973,6.820000171661377,6.300000190734863,6.730000019073486,577100
2004-01-09,5.028339862823486,6.46999979019165,7.130000114440918,6.460000038146973,6.699999809265137,619800
2004-01-12,5.11383056640625,6.579999923706055,6.650000095367432,6.5,6.570000171661377,621500
2004-01-13,5.129374027252197,6.599999904632568,6.670000076293945,6.400000095367432,6.579999923706055,293600
2004-01-14,5.137144565582275,6.610000133514404,6.690000057220459,6.5,6.599999904632568,185700
2004-01-15,5.168229579925537,6.650000095367432,6.78000020980835,6.429999828338623,6.570000171661377,143900
2004-01-16,5.300353050231934,6.820000171661377,7.079999923706055,6.78000020980835,6.800000190734863,438800
2004-01-20,5.323668956756592,6.849999904632568,7.099999904632568,6.75,6.920000076293945,391300
2004-01-21,5.1993184089660645,6.690000057220459,6.940000057220459,6.670000076293945,6.849999904632568,413100
2004-01-22,5.11383056640625,6.579999923706055,6.920000076293945,6.559999942779541,6.75,378100
2004-01-23,5.191544532775879,6.679999828338623,6.699999809265137,6.159999847412109,6.650000095367432,795700
2004-01-26,5.40138578414917,6.949999809265137,6.949999809265137,6.559999942779541,6.610000133514404,408500
2004-01-27,5.253721714019775,6.760000228881836,6.940000057220459,6.650000095367432,6.880000114440918,385800
2004-01-28,5.191544532775879,6.679999828338623,6.96999979019165,6.650000095367432,6.849999904632568,553800
2004-01-29,5.183776378631592,6.670000076293945,6.849999904632568,6.599999904632568,6.78000020980835,250700
2004-01-30,5.2148637771606445,6.710000038146973,6.75,6.599999904632568,6.75,303800
2004-02-02,5.269266128540039,6.78000020980835,6.800000190734863,6.650000095367432,6.710000038146973,212800
2004-02-03,5.129374027252197,6.599999904632568,6.78000020980835,6.510000228881836,6.75,244400
2004-02-04,4.569805145263672,5.880000114440918,6.5,5.599999904632568,6.5,560100
2004-02-05,4.818501949310303,6.199999809265137,6.440000057220459,6.010000228881836,6.050000190734863,606400
2004-02-06,5.160458564758301,6.639999866485596,6.78000020980835,6.429999828338623,6.599999904632568,338900
2004-02-09,5.245950222015381,6.75,6.760000228881836,6.480000019073486,6.639999866485596,239900
2004-02-10,5.129374027252197,6.599999904632568,6.78000020980835,6.460000038146973,6.78000020980835,413800
2004-02-11,5.230406761169434,6.730000019073486,6.769999980926514,6.599999904632568,6.659999847412109,178400
2004-02-12,5.183776378631592,6.670000076293945,6.78000020980835,6.599999904632568,6.670000076293945,305300
2004-02-13,4.764099597930908,6.130000114440918,6.619999885559082,6.130000114440918,6.610000133514404,220900
2004-02-17,5.036111831665039,6.480000019073486,6.570000171661377,6.139999866485596,6.139999866485596,271700
2004-02-18,4.997251987457275,6.429999828338623,6.539999961853027,6.269999980926514,6.539999961853027,212800
2004-02-19,4.701923847198486,6.050000190734863,6.5,6.039999961853027,6.46999979019165,329600
2004-02-20,4.8029584884643555,6.179999828338623,6.400000095367432,6.079999923706055,6.25,322100
2004-02-23,4.616436004638672,5.940000057220459,6.25,5.900000095367432,6.21999979019165,217900
2004-02-24,4.398825168609619,5.659999847412109,6.039999961853027,5.400000095367432,6.039999961853027,526200
2004-02-25,4.2356181144714355,5.449999809265137,5.699999809265137,5.389999866485596,5.699999809265137,789300
2004-02-26,4.196760654449463,5.400000095367432,5.5,5.28000020980835,5.449999809265137,692700
2004-02-27,4.468771934509277,5.75,5.940000057220459,5.400000095367432,5.449999809265137,384100
2004-03-01,4.406598091125488,5.670000076293945,5.860000133514404,5.550000190734863,5.739999771118164,302200
2004-03-02,4.593119144439697,5.909999847412109,5.940000057220459,5.670000076293945,5.71999979019165,481200
2004-03-03,4.585349082946777,5.900000095367432,5.96999979019165,5.71999979019165,5.809999942779541,197900
2004-03-04,4.849588394165039,6.239999771118164,6.260000228881836,5.800000190734863,5.800000190734863,489000
2004-03-05,4.616436004638672,5.940000057220459,6.210000038146973,5.909999847412109,6.099999904632568,482700
2004-03-08,4.515402317047119,5.809999942779541,5.96999979019165,5.71999979019165,5.900000095367432,316900
2004-03-09,4.600892066955566,5.920000076293945,5.989999771118164,5.699999809265137,5.739999771118164,328600
2004-03-10,4.468771934509277,5.75,5.949999809265137,5.699999809265137,5.900000095367432,360200
2004-03-11,4.445456027984619,5.71999979019165,5.949999809265137,5.710000038146973,5.75,304200
2004-03-12,4.709697723388672,6.059999942779541,6.070000171661377,5.730000019073486,5.78000020980835,598900
2004-03-15,4.476544380187988,5.760000228881836,5.960000038146973,5.679999828338623,5.960000038146973,463000
2004-03-16,4.546490669250488,5.849999904632568,5.909999847412109,5.78000020980835,5.900000095367432,515100
2004-03-17,4.865132808685303,6.260000228881836,6.320000171661377,5.900000095367432,5.900000095367432,586100
2004-03-18,4.6863813400268555,6.03000020980835,6.179999828338623,5.800000190734863,6.179999828338623,351700
2004-03-19,4.663065433502197,6.0,6.099999904632568,5.800000190734863,6.099999904632568,319700
2004-03-22,4.631978988647461,5.960000038146973,6.059999942779541,5.800000190734863,6.019999980926514,422600
2004-03-23,4.663065433502197,6.0,6.059999942779541,5.889999866485596,5.960000038146973,181200
2004-03-24,4.748556137084961,6.110000133514404,6.130000114440918,5.949999809265137,6.079999923706055,421700
2004-03-25,4.888448238372803,6.289999961853027,6.400000095367432,6.0,6.099999904632568,413800
2004-03-26,4.942851543426514,6.360000133514404,6.46999979019165,6.210000038146973,6.21999979019165,262000
2004-03-29,5.121601104736328,6.590000152587891,6.590000152587891,6.340000152587891,6.349999904632568,403400
2004-03-30,5.183776378631592,6.670000076293945,6.670000076293945,6.369999885559082,6.489999771118164,421400
2004-03-31,5.168229579925537,6.650000095367432,6.739999771118164,6.369999885559082,6.599999904632568,322200
2004-04-01,5.2148637771606445,6.710000038146973,6.800000190734863,6.570000171661377,6.650000095367432,284500
2004-04-02,5.448014736175537,7.010000228881836,7.079999923706055,6.760000228881836,6.760000228881836,839900
2004-04-05,5.245950222015381,6.75,7.230000019073486,6.679999828338623,7.0,478600
2004-04-06,5.323668956756592,6.849999904632568,6.900000095367432,6.659999847412109,6.75,227400
2004-04-07,5.292579650878906,6.809999942779541,6.900000095367432,6.730000019073486,6.769999980926514,266300
2004-04-08,5.300353050231934,6.820000171661377,6.909999847412109,6.769999980926514,6.909999847412109,188900
2004-04-12,5.2614922523498535,6.769999980926514,6.800000190734863,6.610000133514404,6.71999979019165,220000
2004-04-13,5.106055736541748,6.570000171661377,6.789999961853027,6.449999809265137,6.789999961853027,326300
2004-04-14,5.090514183044434,6.550000190734863,6.900000095367432,6.420000076293945,6.5,188000
2004-04-15,5.129374027252197,6.599999904632568,6.789999961853027,6.489999771118164,6.599999904632568,156200
2004-04-16,5.253721714019775,6.760000228881836,6.849999904632568,6.590000152587891,6.679999828338623,216400
2004-04-19,5.308123588562012,6.829999923706055,6.840000152587891,6.46999979019165,6.789999961853027,159600
2004-04-20,5.137144565582275,6.610000133514404,6.980000019073486,6.570000171661377,6.820000171661377,220700
2004-04-21,5.40138578414917,6.949999809265137,7.019999980926514,6.650000095367432,6.650000095367432,430800
2004-04-22,5.4946465492248535,7.070000171661377,7.150000095367432,6.800000190734863,6.949999809265137,207800
2004-04-23,5.463560581207275,7.03000020980835,7.070000171661377,6.809999942779541,7.059999942779541,252100
2004-04-26,5.486875534057617,7.059999942779541,7.199999809265137,7.0,7.079999923706055,228300
2004-04-27,5.416929244995117,6.96999979019165,7.179999828338623,6.849999904632568,7.059999942779541,273500
2004-04-28,5.2614922523498535,6.769999980926514,7.010000228881836,6.710000038146973,6.960000038146973,433400
2004-04-29,5.471330642700195,7.039999961853027,7.5,6.900000095367432,7.0,1153200
2004-04-30,5.315896987915039,6.840000152587891,7.099999904632568,6.800000190734863,7.050000190734863,830500
2004-05-03,5.284807205200195,6.800000190734863,6.909999847412109,6.610000133514404,6.800000190734863,575800
2004-05-04,5.440244197845459,7.0,7.150000095367432,6.800000190734863,6.800000190734863,222800
2004-05-05,5.416929244995117,6.96999979019165,7.050000190734863,6.949999809265137,7.0,215400
2004-05-06,5.3625264167785645,6.900000095367432,6.980000019073486,6.710000038146973,6.949999809265137,270900
2004-05-07,5.028339862823486,6.46999979019165,6.949999809265137,6.46999979019165,6.78000020980835,323100
2004-05-10,4.973937034606934,6.400000095367432,6.699999809265137,6.300000190734863,6.46999979019165,394200
2004-05-11,5.2614922523498535,6.769999980926514,6.789999961853027,6.400000095367432,6.400000095367432,220400
2004-05-12,5.440244197845459,7.0,7.0,6.5,6.670000076293945,295800
2004-05-13,5.238175868988037,6.739999771118164,7.090000152587891,6.739999771118164,6.989999771118164,236000
2004-05-14,5.183776378631592,6.670000076293945,6.940000057220459,6.650000095367432,6.75,217900
2004-05-17,4.958393096923828,6.380000114440918,6.599999904632568,6.380000114440918,6.570000171661377,304500
2004-05-18,5.323668956756592,6.849999904632568,6.849999904632568,6.400000095367432,6.510000228881836,237000
2004-05-19,5.09828519821167,6.559999942779541,7.179999828338623,6.550000190734863,7.099999904632568,303200
2004-05-20,5.284807205200195,6.800000190734863,6.869999885559082,6.539999961853027,6.590000152587891,194000
2004-05-21,5.207091808319092,6.699999809265137,6.900000095367432,6.559999942779541,6.900000095367432,126200
2004-05-24,5.40138578414917,6.949999809265137,7.050000190734863,6.679999828338623,6.800000190734863,240800
2004-05-25,5.4557881355285645,7.019999980926514,7.099999904632568,6.840000152587891,6.869999885559082,308500
2004-05-26,5.510191440582275,7.090000152587891,7.099999904632568,6.860000133514404,6.96999979019165,161400
2004-05-27,5.393614292144775,6.940000057220459,7.099999904632568,6.800000190734863,7.0,183400
2004-05-28,5.354753494262695,6.889999866485596,7.099999904632568,6.889999866485596,7.039999961853027,220200
2004-06-01,5.5024189949035645,7.079999923706055,7.199999809265137,6.949999809265137,7.0,422200
2004-06-02,5.66562557220459,7.289999961853027,7.550000190734863,7.039999961853027,7.150000095367432,460400
2004-06-03,5.354753494262695,6.889999866485596,7.25,6.889999866485596,7.199999809265137,337000
2004-06-04,5.440244197845459,7.0,7.159999847412109,6.889999866485596,6.989999771118164,390700
2004-06-07,5.580135345458984,7.179999828338623,7.360000133514404,7.139999866485596,7.25,431700
2004-06-08,5.626765727996826,7.239999771118164,7.260000228881836,7.099999904632568,7.179999828338623,276700
2004-06-09,5.541276931762695,7.130000114440918,7.239999771118164,7.079999923706055,7.239999771118164,282400
2004-06-10,5.517961502075195,7.099999904632568,7.21999979019165,6.960000038146973,7.170000076293945,361800
2004-06-14,5.284807205200195,6.800000190734863,7.150000095367432,6.75,7.0,470800
2004-06-15,5.463560581207275,7.03000020980835,7.119999885559082,6.880000114440918,6.900000095367432,441800
2004-06-16,5.409157752990723,6.960000038146973,7.139999866485596,6.949999809265137,7.070000171661377,198100
2004-06-17,5.4791035652160645,7.050000190734863,7.130000114440918,6.900000095367432,6.900000095367432,309800
2004-06-18,5.525732517242432,7.110000133514404,7.190000057220459,6.960000038146973,7.0,405500
2004-06-21,5.556818962097168,7.150000095367432,7.230000019073486,7.019999980926514,7.170000076293945,301500
2004-06-22,5.510191440582275,7.090000152587891,7.139999866485596,6.900000095367432,7.050000190734863,193700
2004-06-23,5.549049377441406,7.139999866485596,7.170000076293945,6.960000038146973,6.96999979019165,268200
2004-06-24,5.541276931762695,7.130000114440918,7.199999809265137,7.0,7.0,318400
2004-06-25,5.66562557220459,7.289999961853027,7.289999961853027,6.960000038146973,7.070000171661377,532300
2004-06-28,5.5879082679748535,7.190000057220459,7.400000095367432,7.150000095367432,7.349999904632568,378500
2004-06-29,5.766658782958984,7.420000076293945,7.460000038146973,7.199999809265137,7.199999809265137,401100
2004-06-30,5.782202243804932,7.440000057220459,7.519999980926514,7.28000020980835,7.489999771118164,496200
2004-07-01,5.774431228637695,7.429999828338623,7.519999980926514,7.340000152587891,7.46999979019165,445200
2004-07-02,5.611223220825195,7.21999979019165,7.420000076293945,7.139999866485596,7.329999923706055,304300
2004-07-06,5.463560581207275,7.03000020980835,7.260000228881836,7.03000020980835,7.260000228881836,414500
2004-07-07,5.5723652839660645,7.170000076293945,7.239999771118164,7.03000020980835,7.03000020980835,308900
2004-07-08,5.3858418464660645,6.929999828338623,7.230000019073486,6.929999828338623,7.119999885559082,276300
2004-07-09,5.4946465492248535,7.070000171661377,7.179999828338623,6.949999809265137,7.079999923706055,212200
2004-07-12,5.5879082679748535,7.190000057220459,7.260000228881836,7.039999961853027,7.079999923706055,249700
2004-07-13,5.517961502075195,7.099999904632568,7.230000019073486,7.039999961853027,7.130000114440918,227800
2004-07-14,5.42470121383667,6.980000019073486,7.190000057220459,6.980000019073486,7.050000190734863,171100
2004-07-15,5.549049377441406,7.139999866485596,7.210000038146973,7.050000190734863,7.099999904632568,168700
2004-07-16,5.4557881355285645,7.019999980926514,7.179999828338623,7.0,7.150000095367432,202000
2004-07-19,5.40138578414917,6.949999809265137,7.110000133514404,6.929999828338623,7.110000133514404,345900
2004-07-20,5.4791035652160645,7.050000190734863,7.090000152587891,6.909999847412109,6.96999979019165,165600
2004-07-21,5.14491605758667,6.619999885559082,7.050000190734863,6.610000133514404,7.050000190734863,211300
2004-07-22,5.059427738189697,6.510000228881836,6.699999809265137,6.349999904632568,6.519999980926514,402400
2004-07-23,4.849588394165039,6.239999771118164,6.590000152587891,6.239999771118164,6.429999828338623,315500
2004-07-26,4.896218299865723,6.300000190734863,6.5,6.21999979019165,6.28000020980835,367500
2004-07-27,5.067199230194092,6.519999980926514,6.519999980926514,6.320000171661377,6.400000095367432,278200
2004-07-28,5.043883323669434,6.489999771118164,6.559999942779541,6.28000020980835,6.480000019073486,219100
2004-07-29,5.712255001068115,7.349999904632568,7.579999923706055,7.010000228881836,7.099999904632568,979800
2004-07-30,5.61899471282959,7.230000019073486,7.46999979019165,7.110000133514404,7.380000114440918,254000
2004-08-02,5.517961502075195,7.099999904632568,7.170000076293945,6.949999809265137,7.099999904632568,318900
2004-08-03,5.4791035652160645,7.050000190734863,7.21999979019165,7.039999961853027,7.119999885559082,258900
2004-08-04,5.463560581207275,7.03000020980835,7.150000095367432,6.849999904632568,7.059999942779541,427300
2004-08-05,5.4791035652160645,7.050000190734863,7.179999828338623,6.920000076293945,7.03000020980835,355300
2004-08-06,5.323668956756592,6.849999904632568,7.050000190734863,6.71999979019165,7.050000190734863,278900
2004-08-09,5.331437587738037,6.860000133514404,6.949999809265137,6.730000019073486,6.949999809265137,143300
2004-08-10,5.4791035652160645,7.050000190734863,7.119999885559082,6.860000133514404,6.860000133514404,493000
2004-08-11,5.4557881355285645,7.019999980926514,7.099999904632568,6.829999923706055,7.0,237100
2004-08-12,5.245950222015381,6.75,6.980000019073486,6.75,6.949999809265137,223200
2004-08-13,5.1993184089660645,6.690000057220459,6.889999866485596,6.599999904632568,6.789999961853027,145800
2004-08-16,5.517961502075195,7.099999904632568,7.099999904632568,6.710000038146973,6.710000038146973,251600
2004-08-17,5.308123588562012,6.829999923706055,7.150000095367432,6.650000095367432,7.139999866485596,266900
2004-08-18,5.4791035652160645,7.050000190734863,7.099999904632568,6.800000190734863,6.829999923706055,236300
2004-08-19,5.284807205200195,6.800000190734863,7.050000190734863,6.800000190734863,7.050000190734863,288700
2004-08-20,5.533504486083984,7.119999885559082,7.119999885559082,6.800000190734863,6.820000171661377,212600
2004-08-23,5.393614292144775,6.940000057220459,7.139999866485596,6.920000076293945,7.019999980926514,289600
2004-08-24,5.517961502075195,7.099999904632568,7.170000076293945,6.960000038146973,7.039999961853027,288200
2004-08-25,5.611223220825195,7.21999979019165,7.260000228881836,6.989999771118164,7.150000095367432,446900
2004-08-26,5.517961502075195,7.099999904632568,7.25,6.980000019073486,7.230000019073486,264700
2004-08-27,5.533504486083984,7.119999885559082,7.130000114440918,7.010000228881836,7.070000171661377,168500
2004-08-30,5.510191440582275,7.090000152587891,7.170000076293945,7.010000228881836,7.039999961853027,248900
2004-08-31,5.517961502075195,7.099999904632568,7.179999828338623,7.039999961853027,7.039999961853027,276200
2004-09-01,5.603451728820801,7.210000038146973,7.400000095367432,7.110000133514404,7.110000133514404,368800
2004-09-02,5.8210601806640625,7.489999771118164,7.489999771118164,7.090000152587891,7.150000095367432,399200
2004-09-03,5.789974212646484,7.449999809265137,7.519999980926514,7.360000133514404,7.389999866485596,225300
2004-09-07,5.813288688659668,7.480000019073486,7.5,7.349999904632568,7.349999904632568,332000
2004-09-08,5.704485893249512,7.340000152587891,7.650000095367432,7.300000190734863,7.480000019073486,366000
2004-09-09,5.751115322113037,7.400000095367432,7.550000190734863,7.349999904632568,7.369999885559082,385500
2004-09-10,5.704485893249512,7.340000152587891,7.400000095367432,7.28000020980835,7.400000095367432,155000
2004-09-13,5.751115322113037,7.400000095367432,7.449999809265137,7.300000190734863,7.300000190734863,266100
2004-09-14,5.688940525054932,7.320000171661377,7.420000076293945,7.269999980926514,7.389999866485596,129800
2004-09-15,5.720027923583984,7.360000133514404,7.480000019073486,7.25,7.300000190734863,208200
2004-09-16,5.766658782958984,7.420000076293945,7.5,7.300000190734863,7.400000095367432,239300
2004-09-17,5.63454008102417,7.25,7.420000076293945,7.179999828338623,7.420000076293945,517300
2004-09-20,5.704485893249512,7.340000152587891,7.409999847412109,7.099999904632568,7.25,259200
2004-09-21,5.80551815032959,7.46999979019165,7.5,7.320000171661377,7.349999904632568,317300
2004-09-22,5.533504486083984,7.119999885559082,7.400000095367432,7.059999942779541,7.400000095367432,339800
2004-09-23,5.533504486083984,7.119999885559082,7.170000076293945,6.949999809265137,7.110000133514404,221500
2004-09-24,5.5024189949035645,7.079999923706055,7.269999980926514,7.079999923706055,7.150000095367432,220300
2004-09-27,5.300353050231934,6.820000171661377,7.079999923706055,6.769999980926514,7.079999923706055,371100
2004-09-28,5.63454008102417,7.25,7.309999942779541,6.849999904632568,6.860000133514404,272200
2004-09-29,5.867691993713379,7.550000190734863,7.550000190734863,7.199999809265137,7.199999809265137,337400
2004-09-30,5.844378471374512,7.519999980926514,7.699999809265137,7.510000228881836,7.53000020980835,447100
2004-10-01,6.333996772766113,8.149999618530273,8.279999732971191,7.550000190734863,7.599999904632568,985600
2004-10-04,6.388399600982666,8.220000267028809,8.289999961853027,8.029999732971191,8.25,1156300
2004-10-05,6.209650993347168,7.989999771118164,8.140000343322754,7.880000114440918,8.130000114440918,768200
2004-10-06,6.24073600769043,8.029999732971191,8.050000190734863,7.909999847412109,8.0,400300
2004-10-07,6.030900478363037,7.760000228881836,7.96999979019165,7.75,7.929999828338623,275800
2004-10-08,6.054214000701904,7.789999961853027,7.96999979019165,7.710000038146973,7.71999979019165,252300
2004-10-11,6.155247211456299,7.920000076293945,7.929999828338623,7.75,7.75,146000
2004-10-12,5.976495265960693,7.690000057220459,7.849999904632568,7.659999847412109,7.820000171661377,295000
2004-10-13,5.673398494720459,7.300000190734863,7.800000190734863,7.289999961853027,7.75,309700
2004-10-14,5.673398494720459,7.300000190734863,7.460000038146973,7.289999961853027,7.309999942779541,259500
2004-10-15,5.80551815032959,7.46999979019165,7.599999904632568,7.28000020980835,7.320000171661377,345900
2004-10-18,5.712255001068115,7.349999904632568,7.519999980926514,7.349999904632568,7.46999979019165,222700
2004-10-19,5.541276931762695,7.130000114440918,7.449999809265137,7.0,7.449999809265137,326400
2004-10-20,5.650082111358643,7.269999980926514,7.300000190734863,7.050000190734863,7.050000190734863,294400
2004-10-21,5.712255001068115,7.349999904632568,7.420000076293945,7.199999809265137,7.300000190734863,263400
2004-10-22,5.611223220825195,7.21999979019165,7.480000019073486,7.210000038146973,7.340000152587891,368800
2004-10-25,5.673398494720459,7.300000190734863,7.389999866485596,7.050000190734863,7.130000114440918,235000
2004-10-26,5.751115322113037,7.400000095367432,7.449999809265137,7.150000095367432,7.300000190734863,240500
2004-10-27,5.92986536026001,7.630000114440918,7.630000114440918,7.269999980926514,7.409999847412109,457200
2004-10-28,5.743344306945801,7.389999866485596,7.5,7.099999904632568,7.300000190734863,749600
2004-10-29,5.883236408233643,7.570000171661377,7.570000171661377,7.21999979019165,7.400000095367432,254300
2004-11-01,5.92986536026001,7.630000114440918,7.630000114440918,7.28000020980835,7.610000133514404,230100
2004-11-02,5.883236408233643,7.570000171661377,7.78000020980835,7.510000228881836,7.550000190734863,309500
2004-11-03,6.108617305755615,7.860000133514404,8.029999732971191,7.800000190734863,7.900000095367432,452800
2004-11-04,6.271822929382324,8.069999694824219,8.100000381469727,7.739999771118164,7.929999828338623,348900
2004-11-05,6.489434242248535,8.350000381469727,8.350000381469727,8.079999923706055,8.100000381469727,457200
2004-11-08,6.30291223526001,8.109999656677246,8.40999984741211,8.079999923706055,8.350000381469727,358400
2004-11-09,6.47389030456543,8.329999923706055,8.350000381469727,8.100000381469727,8.119999885559082,368400
2004-11-10,6.567152500152588,8.449999809265137,8.5,8.300000190734863,8.390000343322754,489700
2004-11-11,6.675955295562744,8.59000015258789,8.649999618530273,8.40999984741211,8.449999809265137,298400
2004-11-12,6.924654006958008,8.90999984741211,9.0,8.619999885559082,8.649999618530273,563900
2004-11-15,6.90133810043335,8.880000114440918,9.170000076293945,8.520000457763672,8.9399995803833,632000
2004-11-16,7.010145664215088,9.020000457763672,9.069999694824219,8.729999542236328,8.800000190734863,636600
2004-11-17,6.924654006958008,8.90999984741211,9.130000114440918,8.890000343322754,9.069999694824219,751400
2004-11-18,6.963510513305664,8.960000038146973,9.0600004196167,8.859999656677246,8.930000305175781,193300
2004-11-19,6.83139181137085,8.789999961853027,8.920000076293945,8.699999809265137,8.869999885559082,370000
2004-11-22,7.134493350982666,9.180000305175781,9.180000305175781,8.699999809265137,8.800000190734863,405600
2004-11-23,7.056774616241455,9.079999923706055,9.210000038146973,8.899999618530273,9.180000305175781,296700
2004-11-24,7.321012496948242,9.420000076293945,9.449999809265137,9.050000190734863,9.0600004196167,457900
2004-11-26,7.274384498596191,9.359999656677246,9.5,9.350000381469727,9.420000076293945,147700
2004-11-29,7.274384498596191,9.359999656677246,9.460000038146973,9.180000305175781,9.460000038146973,363300
2004-11-30,7.173348426818848,9.229999542236328,9.350000381469727,9.170000076293945,9.350000381469727,281600
2004-12-01,7.429821968078613,9.5600004196167,9.6899995803833,9.420000076293945,9.479999542236328,737300
2004-12-02,6.979053974151611,8.979999542236328,9.699999809265137,8.949999809265137,9.569999694824219,652800
2004-12-03,7.150033950805664,9.199999809265137,9.239999771118164,9.0600004196167,9.079999923706055,609600
2004-12-06,7.390964031219482,9.510000228881836,9.520000457763672,9.079999923706055,9.350000381469727,947500
2004-12-07,7.188892841339111,9.25,9.369999885559082,9.100000381469727,9.350000381469727,807000
2004-12-08,7.2432966232299805,9.319999694824219,9.399999618530273,9.140000343322754,9.140000343322754,551800
2004-12-09,7.212209224700928,9.279999732971191,9.489999771118164,9.170000076293945,9.199999809265137,680800
2004-12-10,7.111176013946533,9.149999618530273,9.289999961853027,9.100000381469727,9.289999961853027,450100
2004-12-13,7.227753639221191,9.300000190734863,9.3100004196167,9.130000114440918,9.25,491600
2004-12-14,7.305473804473877,9.399999618530273,9.40999984741211,9.279999732971191,9.300000190734863,637400
2004-12-15,7.313241958618164,9.40999984741211,9.420000076293945,9.329999923706055,9.40999984741211,383100
2004-12-16,7.2355241775512695,9.3100004196167,9.430000305175781,9.210000038146973,9.40999984741211,511500
2004-12-17,7.173348426818848,9.229999542236328,9.300000190734863,9.15999984741211,9.300000190734863,361400
2004-12-20,7.1189494132995605,9.15999984741211,9.3100004196167,9.100000381469727,9.199999809265137,777000
2004-12-21,7.064547061920166,9.09000015258789,9.15999984741211,8.899999618530273,9.100000381469727,1028300
2004-12-22,7.157806873321533,9.210000038146973,9.270000457763672,8.890000343322754,8.890000343322754,448600
2004-12-23,7.111176013946533,9.149999618530273,9.300000190734863,9.119999885559082,9.229999542236328,204800
2004-12-27,7.041229724884033,9.0600004196167,9.220000267028809,8.960000038146973,9.199999809265137,293300
2004-12-28,7.266613006591797,9.350000381469727,9.380000114440918,9.069999694824219,9.069999694824219,273700
2004-12-29,7.134493350982666,9.180000305175781,9.350000381469727,9.15999984741211,9.350000381469727,161100
2004-12-30,7.2355241775512695,9.3100004196167,9.34000015258789,9.100000381469727,9.199999809265137,180900
2004-12-31,7.041229724884033,9.0600004196167,9.319999694824219,9.010000228881836,9.319999694824219,256000
2005-01-03,7.025684833526611,9.039999961853027,9.25,8.84000015258789,9.170000076293945,862700
2005-01-04,6.862480640411377,8.829999923706055,9.020000457763672,8.109999656677246,8.979999542236328,1504400
2005-01-05,6.878025054931641,8.850000381469727,9.1899995803833,8.6899995803833,8.829999923706055,1298300
2005-01-06,6.854708194732666,8.819999694824219,9.020000457763672,8.670000076293945,8.850000381469727,746300
2005-01-07,6.839165687561035,8.800000190734863,9.149999618530273,8.600000381469727,8.920000076293945,620100
2005-01-10,6.862480640411377,8.829999923706055,9.0600004196167,8.75,8.75,493300
2005-01-11,6.613781452178955,8.510000228881836,8.829999923706055,8.510000228881836,8.800000190734863,358300
2005-01-12,6.707045555114746,8.630000114440918,8.630000114440918,8.260000228881836,8.510000228881836,457600
2005-01-13,6.567152500152588,8.449999809265137,8.680000305175781,8.449999809265137,8.649999618530273,221600
2005-01-14,6.683727741241455,8.600000381469727,8.720000267028809,8.460000038146973,8.550000190734863,253500
2005-01-18,6.58269739151001,8.470000267028809,8.569999694824219,8.430000305175781,8.5,290300
2005-01-19,6.497207164764404,8.359999656677246,8.609999656677246,8.329999923706055,8.399999618530273,326500
2005-01-20,6.256280899047852,8.050000190734863,8.350000381469727,8.050000190734863,8.279999732971191,529900
2005-01-21,6.598238945007324,8.489999771118164,8.5600004196167,8.100000381469727,8.109999656677246,479000
2005-01-24,6.42725944519043,8.270000457763672,8.5,8.25,8.359999656677246,193100
2005-01-25,6.419488906860352,8.260000228881836,8.479999542236328,8.239999771118164,8.399999618530273,195200
2005-01-26,6.567152500152588,8.449999809265137,8.520000457763672,8.239999771118164,8.239999771118164,301300
2005-01-27,6.621554851531982,8.520000457763672,8.579999923706055,8.449999809265137,8.449999809265137,229400
2005-01-28,6.64486837387085,8.550000190734863,8.65999984741211,8.520000457763672,8.520000457763672,322500
2005-01-31,6.722588539123535,8.649999618530273,8.760000228881836,8.600000381469727,8.649999618530273,343600
2005-02-01,6.784760475158691,8.729999542236328,8.8100004196167,8.649999618530273,8.699999809265137,210700
2005-02-02,6.745901107788086,8.680000305175781,8.859999656677246,8.5600004196167,8.699999809265137,215200
2005-02-03,6.58269739151001,8.470000267028809,8.800000190734863,8.40999984741211,8.800000190734863,300600
2005-02-04,6.520522594451904,8.390000343322754,8.65999984741211,8.279999732971191,8.649999618530273,557100
2005-02-07,6.707045555114746,8.630000114440918,8.680000305175781,8.4399995803833,8.460000038146973,565400
2005-02-08,6.924654006958008,8.90999984741211,8.90999984741211,8.59000015258789,8.640000343322754,319200
2005-02-09,6.761447906494141,8.699999809265137,8.920000076293945,8.65999984741211,8.920000076293945,293700
2005-02-10,6.846935749053955,8.8100004196167,8.890000343322754,8.609999656677246,8.760000228881836,411000
2005-02-11,6.940196990966797,8.930000305175781,8.989999771118164,8.6899995803833,8.800000190734863,269800
2005-02-14,7.010145664215088,9.020000457763672,9.050000190734863,8.729999542236328,8.949999809265137,461900
2005-02-15,6.99459981918335,9.0,9.140000343322754,8.779999732971191,9.100000381469727,426000
2005-02-16,7.072318077087402,9.100000381469727,9.170000076293945,8.850000381469727,9.010000228881836,370100
2005-02-17,6.924654006958008,8.90999984741211,9.170000076293945,8.880000114440918,9.0,308100
2005-02-18,7.017915725708008,9.029999732971191,9.079999923706055,8.90999984741211,8.930000305175781,141800
2005-02-22,6.64486837387085,8.550000190734863,9.079999923706055,8.449999809265137,9.079999923706055,340500
2005-02-23,6.691498756408691,8.609999656677246,8.75,8.449999809265137,8.539999961853027,453200
2005-02-24,6.924654006958008,8.90999984741211,8.920000076293945,8.40999984741211,8.670000076293945,377700
2005-02-25,7.080087661743164,9.109999656677246,9.109999656677246,8.800000190734863,8.90999984741211,255900
2005-02-28,7.072318077087402,9.100000381469727,9.170000076293945,8.989999771118164,9.100000381469727,325100
2005-03-01,7.087860107421875,9.119999885559082,9.199999809265137,9.050000190734863,9.180000305175781,628500
2005-03-02,7.095632076263428,9.130000114440918,9.25,9.029999732971191,9.130000114440918,435100
2005-03-03,7.025684833526611,9.039999961853027,9.25,9.010000228881836,9.1899995803833,323200
2005-03-04,7.219982147216797,9.289999961853027,9.289999961853027,9.0600004196167,9.0600004196167,492800
2005-03-07,7.150033950805664,9.199999809265137,9.40999984741211,9.199999809265137,9.289999961853027,278800
2005-03-08,7.5697102546691895,9.739999771118164,9.779999732971191,9.15999984741211,9.399999618530273,912500
2005-03-09,7.771774768829346,10.0,10.25,9.680000305175781,9.75,1250700
2005-03-10,7.530852794647217,9.6899995803833,10.0,9.569999694824219,10.0,703300
2005-03-11,7.5386223793029785,9.699999809265137,9.699999809265137,9.569999694824219,9.6899995803833,314800
2005-03-14,7.616343021392822,9.800000190734863,10.0600004196167,9.710000038146973,9.739999771118164,574300
2005-03-15,7.515308380126953,9.670000076293945,9.899999618530273,9.539999961853027,9.850000381469727,475700
2005-03-16,7.3443284034729,9.449999809265137,9.579999923706055,9.300000190734863,9.569999694824219,482100
2005-03-17,7.383186340332031,9.5,9.529999732971191,9.3100004196167,9.449999809265137,464300
2005-03-18,7.321012496948242,9.420000076293945,9.489999771118164,9.289999961853027,9.489999771118164,723300
2005-03-21,7.188892841339111,9.25,9.420000076293945,9.170000076293945,9.420000076293945,305100
2005-03-22,7.2976975440979,9.390000343322754,9.449999809265137,9.180000305175781,9.180000305175781,426800
2005-03-23,7.087860107421875,9.119999885559082,9.350000381469727,9.0600004196167,9.350000381469727,364000
2005-03-24,7.266613006591797,9.350000381469727,9.399999618530273,9.100000381469727,9.199999809265137,411800
2005-03-28,7.274384498596191,9.359999656677246,9.449999809265137,9.25,9.449999809265137,445100
2005-03-29,6.862480640411377,8.829999923706055,9.3100004196167,8.800000190734863,9.3100004196167,590800
2005-03-30,6.99459981918335,9.0,9.109999656677246,8.829999923706055,8.829999923706055,808000
2005-03-31,6.90133810043335,8.880000114440918,9.0,8.8100004196167,9.0,446100
2005-04-01,6.792532920837402,8.739999771118164,9.039999961853027,8.619999885559082,8.9399995803833,510100
2005-04-04,6.916882514953613,8.899999618530273,8.960000038146973,8.630000114440918,8.739999771118164,316200
2005-04-05,7.095632076263428,9.130000114440918,9.239999771118164,9.050000190734863,9.069999694824219,483300
2005-04-06,7.087860107421875,9.119999885559082,9.289999961853027,9.100000381469727,9.130000114440918,458200
2005-04-07,7.251070976257324,9.329999923706055,9.399999618530273,9.039999961853027,9.149999618530273,362700
2005-04-08,7.111176013946533,9.149999618530273,9.399999618530273,9.140000343322754,9.350000381469727,239200
2005-04-11,7.1189494132995605,9.15999984741211,9.300000190734863,8.979999542236328,9.199999809265137,408200
2005-04-12,7.173348426818848,9.229999542236328,9.270000457763672,8.829999923706055,9.0600004196167,478200
2005-04-13,6.823616981506348,8.779999732971191,9.1899995803833,8.729999542236328,9.180000305175781,211200
2005-04-14,6.466118812561035,8.319999694824219,8.760000228881836,8.029999732971191,8.75,859600
2005-04-15,6.225194931030273,8.010000228881836,8.319999694824219,7.820000171661377,8.319999694824219,743500
2005-04-18,6.23296594619751,8.020000457763672,8.050000190734863,7.570000171661377,7.989999771118164,585600
2005-04-19,6.489434242248535,8.350000381469727,8.399999618530273,8.020000457763672,8.0600004196167,563300
2005-04-20,6.256280899047852,8.050000190734863,8.40999984741211,7.960000038146973,8.40999984741211,428700
2005-04-21,6.380629062652588,8.210000038146973,8.359999656677246,8.069999694824219,8.149999618530273,518300
2005-04-22,6.3262248039245605,8.140000343322754,8.270000457763672,8.050000190734863,8.229999542236328,374300
2005-04-25,6.388399600982666,8.220000267028809,8.289999961853027,8.149999618530273,8.199999809265137,248200
2005-04-26,6.318456172943115,8.130000114440918,8.300000190734863,8.050000190734863,8.180000305175781,281400
2005-04-27,6.038671493530273,7.769999980926514,8.050000190734863,7.599999904632568,7.96999979019165,497200
2005-04-28,5.75888729095459,7.409999847412109,7.78000020980835,7.400000095367432,7.769999980926514,382900
2005-04-29,5.999812602996826,7.71999979019165,7.849999904632568,7.389999866485596,7.510000228881836,932000
2005-05-02,6.124160289764404,7.880000114440918,7.929999828338623,7.679999828338623,7.78000020980835,364100
2005-05-03,5.984267711639404,7.699999809265137,7.920000076293945,7.639999866485596,7.880000114440918,483500
2005-05-04,5.891005992889404,7.579999923706055,7.699999809265137,7.300000190734863,7.699999809265137,1040300
2005-05-05,5.906548976898193,7.599999904632568,7.75,7.46999979019165,7.579999923706055,362900
2005-05-06,5.789974212646484,7.449999809265137,7.78000020980835,7.449999809265137,7.639999866485596,321800
2005-05-09,5.789974212646484,7.449999809265137,7.550000190734863,7.389999866485596,7.460000038146973,374900
2005-05-10,5.517961502075195,7.099999904632568,7.449999809265137,7.059999942779541,7.449999809265137,590300
2005-05-11,5.564591884613037,7.159999847412109,7.28000020980835,6.860000133514404,7.25,641100
2005-05-12,5.238175868988037,6.739999771118164,7.179999828338623,6.739999771118164,7.179999828338623,543000
2005-05-13,4.973937034606934,6.400000095367432,6.789999961853027,6.349999904632568,6.739999771118164,785900
2005-05-16,5.028339862823486,6.46999979019165,6.550000190734863,6.389999866485596,6.5,604700
2005-05-17,5.09828519821167,6.559999942779541,6.630000114440918,6.429999828338623,6.429999828338623,474600
2005-05-18,5.284807205200195,6.800000190734863,6.820000171661377,6.650000095367432,6.659999847412109,570700
2005-05-19,5.191544532775879,6.679999828338623,6.849999904632568,6.590000152587891,6.849999904632568,398600
2005-05-20,5.183776378631592,6.670000076293945,6.760000228881836,6.579999923706055,6.71999979019165,354400
2005-05-23,5.292579650878906,6.809999942779541,6.849999904632568,6.670000076293945,6.670000076293945,313300
2005-05-24,5.051654815673828,6.5,6.599999904632568,6.110000133514404,6.550000190734863,755700
2005-05-25,4.997251987457275,6.429999828338623,6.510000228881836,6.309999942779541,6.480000019073486,520900
2005-05-26,5.137144565582275,6.610000133514404,6.610000133514404,6.449999809265137,6.579999923706055,423800
2005-05-27,5.245950222015381,6.75,6.769999980926514,6.559999942779541,6.630000114440918,406900
2005-05-31,5.2226338386535645,6.71999979019165,6.900000095367432,6.630000114440918,6.78000020980835,431300
2005-06-01,5.2614922523498535,6.769999980926514,6.820000171661377,6.650000095367432,6.699999809265137,468700
2005-06-02,5.354753494262695,6.889999866485596,6.909999847412109,6.679999828338623,6.769999980926514,432200
2005-06-03,5.323668956756592,6.849999904632568,7.0,6.809999942779541,6.869999885559082,403700
2005-06-06,5.300353050231934,6.820000171661377,6.860000133514404,6.71999979019165,6.860000133514404,237800
2005-06-07,5.2614922523498535,6.769999980926514,6.929999828338623,6.739999771118164,6.829999923706055,664600
2005-06-08,5.284807205200195,6.800000190734863,6.889999866485596,6.739999771118164,6.789999961853027,358000
2005-06-09,5.315896987915039,6.840000152587891,6.889999866485596,6.670000076293945,6.739999771118164,319000
2005-06-10,5.11383056640625,6.579999923706055,6.670000076293945,6.0,6.050000190734863,976600
2005-06-13,5.082742691040039,6.539999961853027,6.630000114440918,6.46999979019165,6.53000020980835,381000
2005-06-14,5.168229579925537,6.650000095367432,6.690000057220459,6.449999809265137,6.5,450000
2005-06-15,5.245950222015381,6.75,6.869999885559082,6.619999885559082,6.659999847412109,733400
2005-06-16,5.339212417602539,6.869999885559082,6.889999866485596,6.739999771118164,6.75,219500
2005-06-17,5.471330642700195,7.039999961853027,7.050000190734863,6.869999885559082,7.0,719300
2005-06-20,5.4324727058410645,6.989999771118164,7.039999961853027,6.929999828338623,7.039999961853027,411400
2005-06-21,5.378068923950195,6.920000076293945,6.989999771118164,6.889999866485596,6.980000019073486,471000
2005-06-22,5.42470121383667,6.980000019073486,7.039999961853027,6.889999866485596,6.96999979019165,571000
2005-06-23,5.253721714019775,6.760000228881836,6.980000019073486,6.75,6.980000019073486,420300
2005-06-24,5.051654815673828,6.5,6.769999980926514,6.46999979019165,6.760000228881836,1052900
2005-06-27,5.020566463470459,6.460000038146973,6.519999980926514,6.400000095367432,6.5,533900
2005-06-28,5.191544532775879,6.679999828338623,6.679999828338623,6.429999828338623,6.559999942779541,356900
2005-06-29,5.2226338386535645,6.71999979019165,6.739999771118164,6.659999847412109,6.730000019073486,302900
2005-06-30,5.14491605758667,6.619999885559082,6.730000019073486,6.5,6.730000019073486,338200
2005-07-01,5.230406761169434,6.730000019073486,6.730000019073486,6.550000190734863,6.599999904632568,209500
2005-07-05,5.168229579925537,6.650000095367432,6.71999979019165,6.579999923706055,6.71999979019165,389800
2005-07-06,5.2148637771606445,6.710000038146973,6.769999980926514,6.590000152587891,6.650000095367432,455700
2005-07-07,5.11383056640625,6.579999923706055,6.690000057220459,6.400000095367432,6.400000095367432,317200
2005-07-08,5.315896987915039,6.840000152587891,6.860000133514404,6.550000190734863,6.550000190734863,582400
2005-07-11,5.4791035652160645,7.050000190734863,7.070000171661377,6.829999923706055,6.840000152587891,327300
2005-07-12,5.440244197845459,7.0,7.110000133514404,6.920000076293945,7.059999942779541,251200
2005-07-13,5.471330642700195,7.039999961853027,7.090000152587891,6.960000038146973,7.010000228881836,242100
2005-07-14,5.40138578414917,6.949999809265137,7.159999847412109,6.949999809265137,7.059999942779541,445100
2005-07-15,5.370298862457275,6.909999847412109,7.010000228881836,6.869999885559082,6.940000057220459,223500
2005-07-18,5.300353050231934,6.820000171661377,7.0,6.820000171661377,6.940000057220459,126200
2005-07-19,5.3858418464660645,6.929999828338623,6.96999979019165,6.860000133514404,6.96999979019165,187400
2005-07-20,5.510191440582275,7.090000152587891,7.110000133514404,6.860000133514404,6.860000133514404,165800
2005-07-21,5.3625264167785645,6.900000095367432,7.059999942779541,6.860000133514404,7.010000228881836,198100
2005-07-22,5.409157752990723,6.960000038146973,7.0,6.820000171661377,6.940000057220459,284700
2005-07-25,5.315896987915039,6.840000152587891,7.0,6.78000020980835,6.909999847412109,178800
2005-07-26,5.277036666870117,6.789999961853027,6.860000133514404,6.739999771118164,6.840000152587891,259200
2005-07-27,5.277036666870117,6.789999961853027,6.840000152587891,6.679999828338623,6.829999923706055,140100
2005-07-28,5.42470121383667,6.980000019073486,7.03000020980835,6.739999771118164,6.739999771118164,160400
2005-07-29,5.549049377441406,7.139999866485596,7.510000228881836,7.050000190734863,7.099999904632568,494100
2005-08-01,5.549049377441406,7.139999866485596,7.21999979019165,7.03000020980835,7.099999904632568,362600
2005-08-02,5.63454008102417,7.25,7.440000057220459,7.179999828338623,7.179999828338623,257700
2005-08-03,5.696712017059326,7.329999923706055,7.429999828338623,7.230000019073486,7.269999980926514,234800
2005-08-04,5.657855033874512,7.28000020980835,7.329999923706055,7.139999866485596,7.329999923706055,253600
2005-08-05,5.673398494720459,7.300000190734863,7.320000171661377,7.199999809265137,7.199999809265137,361600
2005-08-08,5.696712017059326,7.329999923706055,7.380000114440918,7.269999980926514,7.349999904632568,318400
2005-08-09,5.751115322113037,7.400000095367432,7.440000057220459,7.320000171661377,7.360000133514404,419300
2005-08-10,5.751115322113037,7.400000095367432,7.630000114440918,7.239999771118164,7.46999979019165,347400
2005-08-11,5.891005992889404,7.579999923706055,7.579999923706055,7.309999942779541,7.369999885559082,220800
2005-08-12,5.836604595184326,7.510000228881836,7.730000019073486,7.380000114440918,7.599999904632568,273700
2005-08-15,5.704485893249512,7.340000152587891,7.579999923706055,7.320000171661377,7.519999980926514,199100
2005-08-16,5.4946465492248535,7.070000171661377,7.329999923706055,7.050000190734863,7.309999942779541,255500
2005-08-17,5.704485893249512,7.340000152587891,7.380000114440918,7.010000228881836,7.039999961853027,314600
2005-08-18,5.4946465492248535,7.070000171661377,7.289999961853027,7.070000171661377,7.289999961853027,194400
2005-08-19,5.393614292144775,6.940000057220459,7.130000114440918,6.900000095367432,7.050000190734863,249600
2005-08-22,5.4324727058410645,6.989999771118164,7.03000020980835,6.889999866485596,7.03000020980835,165200
2005-08-23,5.253721714019775,6.760000228881836,7.019999980926514,6.710000038146973,7.0,204900
2005-08-24,5.238175868988037,6.739999771118164,7.010000228881836,6.699999809265137,6.789999961853027,379200
2005-08-25,5.292579650878906,6.809999942779541,6.889999866485596,6.710000038146973,6.800000190734863,239400
2005-08-26,5.300353050231934,6.820000171661377,6.900000095367432,6.769999980926514,6.809999942779541,297900
2005-08-29,5.300353050231934,6.820000171661377,6.840000152587891,6.710000038146973,6.75,274900
2005-08-30,5.2148637771606445,6.710000038146973,6.889999866485596,6.699999809265137,6.820000171661377,297500
2005-08-31,5.277036666870117,6.789999961853027,6.849999904632568,6.559999942779541,6.730000019073486,214200
2005-09-01,5.3625264167785645,6.900000095367432,6.900000095367432,6.75,6.789999961853027,266100
2005-09-02,5.300353050231934,6.820000171661377,6.900000095367432,6.75,6.900000095367432,151200
2005-09-06,5.378068923950195,6.920000076293945,7.0,6.78000020980835,6.880000114440918,209300
2005-09-07,5.339212417602539,6.869999885559082,6.900000095367432,6.789999961853027,6.869999885559082,240700
2005-09-08,5.121601104736328,6.590000152587891,6.840000152587891,6.519999980926514,6.789999961853027,419700
2005-09-09,5.106055736541748,6.570000171661377,6.650000095367432,6.449999809265137,6.630000114440918,601400
2005-09-12,5.11383056640625,6.579999923706055,6.599999904632568,6.460000038146973,6.519999980926514,515800
2005-09-13,4.973937034606934,6.400000095367432,6.510000228881836,6.340000152587891,6.5,222600
2005-09-14,4.872903823852539,6.269999980926514,6.460000038146973,6.119999885559082,6.389999866485596,333600
2005-09-15,4.756327152252197,6.119999885559082,6.260000228881836,6.099999904632568,6.260000228881836,384900
2005-09-16,4.756327152252197,6.119999885559082,6.199999809265137,5.900000095367432,6.199999809265137,895900
2005-09-19,4.6863813400268555,6.03000020980835,6.090000152587891,6.0,6.050000190734863,438500
2005-09-20,4.740784168243408,6.099999904632568,6.139999866485596,6.0,6.070000171661377,445500
2005-09-21,4.663065433502197,6.0,6.119999885559082,5.96999979019165,6.099999904632568,570200
2005-09-22,4.670836925506592,6.010000228881836,6.050000190734863,5.96999979019165,6.0,372200
2005-09-23,4.616436004638672,5.940000057220459,6.050000190734863,5.920000076293945,6.050000190734863,329900
2005-09-26,4.6863813400268555,6.03000020980835,6.059999942779541,5.889999866485596,6.03000020980835,377800
2005-09-27,4.663065433502197,6.0,6.019999980926514,5.849999904632568,6.0,224900
2005-09-28,4.554263114929199,5.860000133514404,6.0,5.75,6.0,199200
2005-09-29,4.663065433502197,6.0,6.0,5.789999961853027,5.869999885559082,167600
2005-09-30,4.709697723388672,6.059999942779541,6.059999942779541,5.920000076293945,6.0,205000
2005-10-03,4.484316349029541,5.769999980926514,6.059999942779541,5.760000228881836,6.059999942779541,333200
2005-10-04,4.468771934509277,5.75,5.960000038146973,5.739999771118164,5.800000190734863,366300
2005-10-05,4.305562973022461,5.539999961853027,5.769999980926514,5.429999828338623,5.730000019073486,405500
2005-10-06,4.26670503616333,5.489999771118164,5.639999866485596,5.400000095367432,5.570000171661377,265500
2005-10-07,4.647523880004883,5.980000019073486,6.150000095367432,5.510000228881836,5.590000152587891,893500
2005-10-10,4.647523880004883,5.980000019073486,6.119999885559082,5.909999847412109,5.949999809265137,431600
2005-10-11,4.437685489654541,5.710000038146973,6.03000020980835,5.699999809265137,6.03000020980835,406900
2005-10-12,4.391053199768066,5.650000095367432,5.809999942779541,5.579999923706055,5.650000095367432,410000
2005-10-13,4.313335418701172,5.550000190734863,5.690000057220459,5.53000020980835,5.650000095367432,341900
2005-10-14,4.3366498947143555,5.579999923706055,5.650000095367432,5.489999771118164,5.599999904632568,187100
2005-10-17,4.251161098480225,5.46999979019165,5.590000152587891,5.400000095367432,5.550000190734863,353500
2005-10-18,4.251161098480225,5.46999979019165,5.550000190734863,5.409999847412109,5.440000057220459,447300
2005-10-19,4.274478435516357,5.5,5.550000190734863,5.360000133514404,5.46999979019165,350000
2005-10-20,4.352195739746094,5.599999904632568,5.650000095367432,5.46999979019165,5.53000020980835,414300
2005-10-21,4.414370059967041,5.679999828338623,5.78000020980835,5.610000133514404,5.650000095367432,175400
2005-10-24,4.437685489654541,5.710000038146973,5.760000228881836,5.679999828338623,5.679999828338623,190800
2005-10-25,4.297792434692383,5.53000020980835,5.75,5.5,5.710000038146973,246600
2005-10-26,4.181215286254883,5.380000114440918,5.579999923706055,5.349999904632568,5.460000038146973,370000
2005-10-27,4.196760654449463,5.400000095367432,5.570000171661377,5.309999942779541,5.340000152587891,251800
2005-10-28,4.476544380187988,5.760000228881836,5.760000228881836,5.380000114440918,5.53000020980835,252100
2005-10-31,4.484316349029541,5.769999980926514,5.869999885559082,5.5,5.5,571800
2005-11-01,4.515402317047119,5.809999942779541,5.869999885559082,5.670000076293945,5.840000152587891,387600
2005-11-02,4.523174285888672,5.820000171661377,5.949999809265137,5.599999904632568,5.829999923706055,564600
2005-11-03,4.507632255554199,5.800000190734863,5.940000057220459,5.78000020980835,5.920000076293945,217800
2005-11-04,4.577578067779541,5.889999866485596,5.940000057220459,5.809999942779541,5.900000095367432,170200
2005-11-07,4.624207496643066,5.949999809265137,5.989999771118164,5.860000133514404,5.96999979019165,236100
2005-11-08,4.523174285888672,5.820000171661377,5.909999847412109,5.809999942779541,5.869999885559082,279400
2005-11-09,4.6086649894714355,5.929999828338623,6.0,5.739999771118164,5.800000190734863,168600
2005-11-10,4.507632255554199,5.800000190734863,5.909999847412109,5.599999904632568,5.900000095367432,453700
2005-11-11,4.460999011993408,5.739999771118164,5.840000152587891,5.650000095367432,5.769999980926514,225300
2005-11-14,4.297792434692383,5.53000020980835,5.769999980926514,5.489999771118164,5.769999980926514,411700
2005-11-15,4.165672779083252,5.360000133514404,5.599999904632568,5.340000152587891,5.590000152587891,444000
2005-11-16,4.26670503616333,5.489999771118164,5.510000228881836,5.369999885559082,5.369999885559082,453800
2005-11-17,4.290020942687988,5.519999980926514,5.579999923706055,5.449999809265137,5.5,270700
2005-11-18,4.305562973022461,5.539999961853027,5.659999847412109,5.460000038146973,5.650000095367432,244200
2005-11-21,4.398825168609619,5.659999847412109,5.679999828338623,5.5,5.559999942779541,210300
2005-11-22,4.328878879547119,5.570000171661377,5.650000095367432,5.519999980926514,5.599999904632568,135000
2005-11-23,4.437685489654541,5.710000038146973,5.71999979019165,5.53000020980835,5.559999942779541,191600
2005-11-25,4.45322847366333,5.730000019073486,5.75,5.650000095367432,5.710000038146973,47300
2005-11-28,4.282249450683594,5.510000228881836,5.739999771118164,5.5,5.739999771118164,233800
2005-11-29,4.344424247741699,5.590000152587891,5.630000114440918,5.53000020980835,5.550000190734863,293900
2005-11-30,4.484316349029541,5.769999980926514,5.769999980926514,5.360000133514404,5.619999885559082,472400
2005-12-01,4.701923847198486,6.050000190734863,6.099999904632568,5.78000020980835,5.78000020980835,433200
2005-12-02,4.709697723388672,6.059999942779541,6.079999923706055,5.900000095367432,6.039999961853027,269900
2005-12-05,4.717469215393066,6.070000171661377,6.099999904632568,5.900000095367432,6.099999904632568,314500
2005-12-06,4.748556137084961,6.110000133514404,6.25,6.0,6.099999904632568,282100
2005-12-07,4.600892066955566,5.920000076293945,6.079999923706055,5.860000133514404,6.079999923706055,285800
2005-12-08,4.624207496643066,5.949999809265137,6.070000171661377,5.860000133514404,6.019999980926514,402800
2005-12-09,4.896218299865723,6.300000190734863,6.300000190734863,5.940000057220459,5.949999809265137,358600
2005-12-12,4.911763668060303,6.320000171661377,6.480000019073486,6.21999979019165,6.349999904632568,288500
2005-12-13,4.841817855834961,6.230000019073486,6.480000019073486,6.050000190734863,6.420000076293945,392800
2005-12-14,4.779643535614014,6.150000095367432,6.260000228881836,6.090000152587891,6.260000228881836,432200
2005-12-15,4.911763668060303,6.320000171661377,6.360000133514404,6.139999866485596,6.170000076293945,340600
2005-12-16,4.717469215393066,6.070000171661377,6.329999923706055,6.070000171661377,6.320000171661377,805600
2005-12-19,4.670836925506592,6.010000228881836,6.110000133514404,5.960000038146973,6.039999961853027,402500
2005-12-20,4.872903823852539,6.269999980926514,6.570000171661377,6.25,6.5,903800
2005-12-21,4.95062255859375,6.369999885559082,6.369999885559082,6.170000076293945,6.309999942779541,396200
2005-12-22,5.020566463470459,6.460000038146973,6.550000190734863,6.329999923706055,6.420000076293945,339800
2005-12-23,5.043883323669434,6.489999771118164,6.550000190734863,6.409999847412109,6.480000019073486,130900
2005-12-27,4.888448238372803,6.289999961853027,6.519999980926514,6.25,6.489999771118164,228000
2005-12-28,5.028339862823486,6.46999979019165,6.46999979019165,6.269999980926514,6.329999923706055,250500
2005-12-29,5.051654815673828,6.5,6.570000171661377,6.449999809265137,6.480000019073486,319100
2005-12-30,4.997251987457275,6.429999828338623,6.53000020980835,6.309999942779541,6.409999847412109,276600
2006-01-03,5.051654815673828,6.5,6.590000152587891,6.309999942779541,6.489999771118164,418500
2006-01-04,5.09828519821167,6.559999942779541,6.559999942779541,6.460000038146973,6.519999980926514,194100
2006-01-05,5.346982955932617,6.880000114440918,6.949999809265137,6.480000019073486,6.53000020980835,620400
2006-01-06,5.308123588562012,6.829999923706055,6.949999809265137,6.650000095367432,6.849999904632568,436100
2006-01-09,5.315896987915039,6.840000152587891,7.0,6.769999980926514,6.829999923706055,236000
2006-01-10,5.517961502075195,7.099999904632568,7.139999866485596,6.699999809265137,6.789999961853027,364100
2006-01-11,5.42470121383667,6.980000019073486,7.130000114440918,6.900000095367432,7.130000114440918,316700
2006-01-12,5.378068923950195,6.920000076293945,7.0,6.880000114440918,7.0,317900
2006-01-13,5.370298862457275,6.909999847412109,6.980000019073486,6.829999923706055,6.949999809265137,342300
2006-01-17,5.370298862457275,6.909999847412109,6.960000038146973,6.78000020980835,6.909999847412109,449100
2006-01-18,5.5024189949035645,7.079999923706055,7.079999923706055,6.829999923706055,6.829999923706055,329100
2006-01-19,5.517961502075195,7.099999904632568,7.190000057220459,7.0,7.050000190734863,271900
2006-01-20,5.4324727058410645,6.989999771118164,7.159999847412109,6.949999809265137,7.159999847412109,355000
2006-01-23,5.4324727058410645,6.989999771118164,7.130000114440918,6.960000038146973,7.070000171661377,654600
2006-01-24,5.4791035652160645,7.050000190734863,7.090000152587891,6.960000038146973,7.03000020980835,426300
2006-01-25,5.556818962097168,7.150000095367432,7.210000038146973,7.03000020980835,7.070000171661377,371400
2006-01-26,5.688940525054932,7.320000171661377,7.320000171661377,7.059999942779541,7.099999904632568,970600
2006-01-27,5.61899471282959,7.230000019073486,7.409999847412109,7.150000095367432,7.409999847412109,599300
2006-01-30,5.517961502075195,7.099999904632568,7.300000190734863,7.050000190734863,7.300000190734863,483200
2006-01-31,5.564591884613037,7.159999847412109,7.21999979019165,7.119999885559082,7.170000076293945,564000
2006-02-01,5.595678806304932,7.199999809265137,7.300000190734863,7.150000095367432,7.150000095367432,716900
2006-02-02,5.556818962097168,7.150000095367432,7.340000152587891,7.050000190734863,7.21999979019165,517200
2006-02-03,5.626765727996826,7.239999771118164,7.28000020980835,7.130000114440918,7.159999847412109,419500
2006-02-06,5.883236408233643,7.570000171661377,7.610000133514404,7.309999942779541,7.340000152587891,481200
2006-02-07,5.720027923583984,7.360000133514404,7.599999904632568,7.199999809265137,7.579999923706055,363900
2006-02-08,6.512749671936035,8.380000114440918,8.5,7.300000190734863,8.020000457763672,3022200
2006-02-09,6.372857570648193,8.199999809265137,8.359999656677246,7.900000095367432,8.359999656677246,1130700
2006-02-10,6.279594898223877,8.079999923706055,8.199999809265137,7.989999771118164,8.140000343322754,695400
2006-02-13,6.411717414855957,8.25,8.25,8.010000228881836,8.050000190734863,526600
2006-02-14,6.846935749053955,8.8100004196167,8.949999809265137,8.319999694824219,8.350000381469727,2031500
2006-02-15,6.9868268966674805,8.989999771118164,9.039999961853027,8.739999771118164,8.8100004196167,923000
2006-02-16,7.204438209533691,9.270000457763672,9.329999923706055,8.890000343322754,9.0,864600
2006-02-17,7.126718521118164,9.170000076293945,9.260000228881836,9.109999656677246,9.199999809265137,414200
2006-02-21,6.916882514953613,8.899999618530273,9.0,8.680000305175781,9.0,1041400
2006-02-22,6.940196990966797,8.930000305175781,9.100000381469727,8.859999656677246,8.899999618530273,705400
2006-02-23,6.823616981506348,8.779999732971191,8.979999542236328,8.720000267028809,8.949999809265137,655800
2006-02-24,6.800304889678955,8.75,8.829999923706055,8.649999618530273,8.779999732971191,710000
2006-02-27,6.823616981506348,8.779999732971191,8.859999656677246,8.720000267028809,8.800000190734863,976100
2006-02-28,6.784760475158691,8.729999542236328,8.859999656677246,8.649999618530273,8.800000190734863,637800
2006-03-01,6.815850257873535,8.770000457763672,8.859999656677246,8.670000076293945,8.859999656677246,785700
2006-03-02,6.7303595542907715,8.65999984741211,8.789999961853027,8.600000381469727,8.789999961853027,590100
2006-03-03,6.699274063110352,8.619999885559082,8.6899995803833,8.510000228881836,8.649999618530273,527100
2006-03-06,6.64486837387085,8.550000190734863,8.619999885559082,8.460000038146973,8.579999923706055,478300
2006-03-07,6.567152500152588,8.449999809265137,8.550000190734863,8.319999694824219,8.489999771118164,240200
2006-03-08,6.458346843719482,8.3100004196167,8.479999542236328,8.199999809265137,8.449999809265137,589100
2006-03-09,6.481660842895508,8.34000015258789,8.369999885559082,8.15999984741211,8.329999923706055,539400
2006-03-10,6.629326820373535,8.529999732971191,8.529999732971191,8.239999771118164,8.350000381469727,571100
2006-03-13,6.567152500152588,8.449999809265137,8.539999961853027,8.430000305175781,8.5,417700
2006-03-14,6.878025054931641,8.850000381469727,8.930000305175781,8.319999694824219,8.420000076293945,747400
2006-03-15,6.979053974151611,8.979999542236328,9.010000228881836,8.819999694824219,8.850000381469727,310400
2006-03-16,7.080087661743164,9.109999656677246,9.210000038146973,8.960000038146973,9.010000228881836,802100
2006-03-17,7.188892841339111,9.25,9.329999923706055,9.100000381469727,9.1899995803833,1057000
2006-03-20,7.087860107421875,9.119999885559082,9.289999961853027,9.0,9.279999732971191,466000
2006-03-21,6.909111022949219,8.890000343322754,9.140000343322754,8.859999656677246,9.109999656677246,618600
2006-03-22,7.2355241775512695,9.3100004196167,9.329999923706055,8.729999542236328,8.819999694824219,562200
2006-03-23,7.204438209533691,9.270000457763672,9.880000114440918,9.010000228881836,9.319999694824219,884600
2006-03-24,7.328786849975586,9.430000305175781,9.5,9.279999732971191,9.329999923706055,696800
2006-03-27,7.336555004119873,9.4399995803833,9.4399995803833,9.3100004196167,9.430000305175781,629100
2006-03-28,7.328786849975586,9.430000305175781,9.4399995803833,9.050000190734863,9.300000190734863,606800
2006-03-29,7.321012496948242,9.420000076293945,9.539999961853027,9.300000190734863,9.430000305175781,558700
2006-03-30,7.150033950805664,9.199999809265137,9.430000305175781,9.079999923706055,9.430000305175781,794300
2006-03-31,7.2432966232299805,9.319999694824219,9.34000015258789,9.020000457763672,9.100000381469727,535800
2006-04-03,7.064547061920166,9.09000015258789,9.399999618530273,9.050000190734863,9.329999923706055,773000
2006-04-04,7.049005031585693,9.069999694824219,9.350000381469727,9.029999732971191,9.100000381469727,596100
2006-04-05,6.8857951164245605,8.859999656677246,9.229999542236328,8.819999694824219,9.130000114440918,778500
2006-04-06,7.196663856506348,9.260000228881836,9.279999732971191,8.899999618530273,8.90999984741211,373200
2006-04-07,7.033459186553955,9.050000190734863,9.300000190734863,9.039999961853027,9.239999771118164,788600
2006-04-10,7.072318077087402,9.100000381469727,9.199999809265137,8.90999984741211,9.069999694824219,470900
2006-04-11,7.010145664215088,9.020000457763672,9.119999885559082,8.90999984741211,9.109999656677246,831000
2006-04-12,6.963510513305664,8.960000038146973,9.020000457763672,8.819999694824219,8.979999542236328,388000
2006-04-13,6.955739974975586,8.949999809265137,9.020000457763672,8.770000457763672,8.880000114440918,265100
2006-04-17,6.839165687561035,8.800000190734863,8.949999809265137,8.569999694824219,8.819999694824219,571300
2006-04-18,7.274384498596191,9.359999656677246,9.449999809265137,8.779999732971191,8.789999961853027,822800
2006-04-19,7.212209224700928,9.279999732971191,9.430000305175781,9.15999984741211,9.40999984741211,529000
2006-04-20,6.971284866333008,8.970000267028809,9.3100004196167,8.9399995803833,9.279999732971191,717600
2006-04-21,7.1034040451049805,9.140000343322754,9.279999732971191,9.010000228881836,9.069999694824219,929600
2006-04-24,6.909111022949219,8.890000343322754,9.130000114440918,8.850000381469727,9.130000114440918,693700
2006-04-25,7.033459186553955,9.050000190734863,9.079999923706055,8.829999923706055,8.899999618530273,856900
2006-04-26,7.227753639221191,9.300000190734863,9.380000114440918,8.979999542236328,9.039999961853027,686900
2006-04-27,7.072318077087402,9.100000381469727,9.350000381469727,9.050000190734863,9.130000114440918,740100
2006-04-28,6.90133810043335,8.880000114440918,9.079999923706055,8.84000015258789,9.029999732971191,784400
2006-05-01,6.893564224243164,8.869999885559082,9.130000114440918,8.859999656677246,8.960000038146973,812000
2006-05-02,7.227753639221191,9.300000190734863,9.319999694824219,8.800000190734863,8.90999984741211,531000
2006-05-03,7.1034040451049805,9.140000343322754,9.260000228881836,8.899999618530273,9.260000228881836,628600
2006-05-04,7.359872341156006,9.470000267028809,9.890000343322754,9.470000267028809,9.880000114440918,1463400
2006-05-05,7.251070976257324,9.329999923706055,9.59000015258789,9.180000305175781,9.539999961853027,649100
2006-05-08,7.204438209533691,9.270000457763672,9.350000381469727,9.100000381469727,9.25,591100
2006-05-09,7.227753639221191,9.300000190734863,9.359999656677246,9.220000267028809,9.270000457763672,773000
2006-05-10,7.367645740509033,9.479999542236328,9.489999771118164,9.25,9.270000457763672,954700
2006-05-11,7.095632076263428,9.130000114440918,9.470000267028809,9.109999656677246,9.470000267028809,723700
2006-05-12,7.041229724884033,9.0600004196167,9.119999885559082,8.84000015258789,9.029999732971191,824200
2006-05-15,6.893564224243164,8.869999885559082,9.0600004196167,8.760000228881836,9.0600004196167,593800
2006-05-16,6.940196990966797,8.930000305175781,9.079999923706055,8.819999694824219,8.880000114440918,634900
2006-05-17,6.854708194732666,8.819999694824219,8.90999984741211,8.670000076293945,8.829999923706055,494600
2006-05-18,6.5904669761657715,8.479999542236328,8.90999984741211,8.449999809265137,8.770000457763672,481600
2006-05-19,7.025684833526611,9.039999961853027,9.069999694824219,8.489999771118164,8.489999771118164,921200
2006-05-22,6.909111022949219,8.890000343322754,8.989999771118164,8.65999984741211,8.960000038146973,665700
2006-05-23,7.087860107421875,9.119999885559082,9.239999771118164,8.800000190734863,8.989999771118164,864000
2006-05-24,7.111176013946533,9.149999618530273,9.25,8.789999961853027,9.130000114440918,736900
2006-05-25,7.150033950805664,9.199999809265137,9.289999961853027,9.010000228881836,9.25,564900
2006-05-26,7.157806873321533,9.210000038146973,9.319999694824219,9.100000381469727,9.25,518600
2006-05-30,7.134493350982666,9.180000305175781,9.359999656677246,9.119999885559082,9.270000457763672,820000
2006-05-31,7.3443284034729,9.449999809265137,9.5,9.039999961853027,9.25,865800
2006-06-01,7.305473804473877,9.399999618530273,9.720000267028809,9.359999656677246,9.470000267028809,1236700
2006-06-02,7.2976975440979,9.390000343322754,9.5,9.279999732971191,9.399999618530273,610900
2006-06-05,7.2976975440979,9.390000343322754,9.5,9.220000267028809,9.40999984741211,913200
2006-06-06,7.4842209815979,9.630000114440918,9.800000190734863,9.479999542236328,9.649999618530273,1284600
2006-06-07,7.064547061920166,9.09000015258789,9.739999771118164,9.050000190734863,9.729999542236328,1051800
2006-06-08,6.839165687561035,8.800000190734863,9.079999923706055,8.039999961853027,9.079999923706055,1479100
2006-06-09,6.621554851531982,8.520000457763672,8.850000381469727,8.4399995803833,8.739999771118164,806000
2006-06-12,6.3262248039245605,8.140000343322754,8.520000457763672,8.109999656677246,8.520000457763672,819200
2006-06-13,6.093072891235352,7.840000152587891,7.980000019073486,7.480000019073486,7.5,1695600
2006-06-14,6.046443939208984,7.78000020980835,7.929999828338623,7.449999809265137,7.800000190734863,830000
2006-06-15,6.3262248039245605,8.140000343322754,8.34000015258789,7.840000152587891,7.96999979019165,957600
2006-06-16,6.341770172119141,8.15999984741211,8.300000190734863,8.020000457763672,8.149999618530273,1794800
2006-06-19,6.42725944519043,8.270000457763672,8.300000190734863,7.920000076293945,8.180000305175781,829900
2006-06-20,6.3495402336120605,8.170000076293945,8.470000267028809,8.170000076293945,8.270000457763672,828700
2006-06-21,6.419488906860352,8.260000228881836,8.359999656677246,8.109999656677246,8.199999809265137,920500
2006-06-22,6.217422008514404,8.0,8.170000076293945,7.829999923706055,8.170000076293945,1167900
2006-06-23,6.217422008514404,8.0,8.039999961853027,7.900000095367432,7.920000076293945,577100
2006-06-26,6.30291223526001,8.109999656677246,8.239999771118164,7.880000114440918,7.949999809265137,577800
2006-06-27,6.108617305755615,7.860000133514404,8.229999542236328,7.78000020980835,8.09000015258789,1119600
2006-06-28,6.23296594619751,8.020000457763672,8.149999618530273,7.800000190734863,8.149999618530273,653200
2006-06-29,6.745901107788086,8.680000305175781,8.680000305175781,8.140000343322754,8.149999618530273,1435600
2006-06-30,6.823616981506348,8.779999732971191,8.859999656677246,8.619999885559082,8.779999732971191,627100
2006-07-03,6.90133810043335,8.880000114440918,8.899999618530273,8.699999809265137,8.779999732971191,282100
2006-07-05,6.800304889678955,8.75,8.84000015258789,8.399999618530273,8.84000015258789,296300
2006-07-06,6.691498756408691,8.609999656677246,8.739999771118164,8.40999984741211,8.729999542236328,416500
2006-07-07,6.411717414855957,8.25,8.640000343322754,8.180000305175781,8.640000343322754,678400
2006-07-10,6.761447906494141,8.699999809265137,8.739999771118164,8.300000190734863,8.300000190734863,573400
2006-07-11,6.792532920837402,8.739999771118164,8.789999961853027,8.430000305175781,8.569999694824219,310300
2006-07-12,6.489434242248535,8.350000381469727,8.75,8.350000381469727,8.75,253700
2006-07-13,6.3495402336120605,8.170000076293945,8.489999771118164,8.069999694824219,8.350000381469727,525100
2006-07-14,6.225194931030273,8.010000228881836,8.149999618530273,7.909999847412109,8.119999885559082,394400
2006-07-17,6.13970422744751,7.900000095367432,7.989999771118164,7.789999961853027,7.980000019073486,268000
2006-07-18,6.30291223526001,8.109999656677246,8.170000076293945,7.909999847412109,7.909999847412109,461800
2006-07-19,6.512749671936035,8.380000114440918,8.529999732971191,8.109999656677246,8.109999656677246,348800
2006-07-20,6.264052391052246,8.0600004196167,8.380000114440918,8.020000457763672,8.350000381469727,307500
2006-07-21,6.23296594619751,8.020000457763672,8.09000015258789,7.71999979019165,8.069999694824219,310400
2006-07-24,6.40394401550293,8.239999771118164,8.25,8.010000228881836,8.119999885559082,289700
2006-07-25,6.388399600982666,8.220000267028809,8.350000381469727,8.039999961853027,8.279999732971191,438400
2006-07-26,6.264052391052246,8.0600004196167,8.149999618530273,7.809999942779541,8.149999618530273,417300
2006-07-27,6.054214000701904,7.789999961853027,8.199999809265137,7.75,8.09000015258789,517700
2006-07-28,6.365084648132324,8.1899995803833,8.210000038146973,7.820000171661377,7.880000114440918,426100
2006-07-31,6.489434242248535,8.350000381469727,8.399999618530273,8.109999656677246,8.199999809265137,441200
2006-08-01,6.3495402336120605,8.170000076293945,8.289999961853027,8.050000190734863,8.279999732971191,354700
2006-08-02,6.419488906860352,8.260000228881836,8.270000457763672,8.100000381469727,8.239999771118164,303200
2006-08-03,6.42725944519043,8.270000457763672,8.390000343322754,8.109999656677246,8.260000228881836,614100
2006-08-04,6.380629062652588,8.210000038146973,8.350000381469727,8.029999732971191,8.329999923706055,497400
2006-08-07,6.442803859710693,8.289999961853027,8.350000381469727,8.029999732971191,8.130000114440918,312400
2006-08-08,6.279594898223877,8.079999923706055,8.34000015258789,8.079999923706055,8.289999961853027,286800
2006-08-09,6.217422008514404,8.0,8.1899995803833,7.849999904632568,8.170000076293945,671800
2006-08-10,6.3262248039245605,8.140000343322754,8.210000038146973,7.829999923706055,7.909999847412109,564600
2006-08-11,6.124160289764404,7.880000114440918,8.149999618530273,7.869999885559082,8.149999618530273,298700
2006-08-14,6.248509883880615,8.039999961853027,8.149999618530273,7.900000095367432,7.949999809265137,472400
2006-08-15,6.209650993347168,7.989999771118164,8.25,7.940000057220459,8.180000305175781,459200
2006-08-16,6.256280899047852,8.050000190734863,8.140000343322754,7.949999809265137,8.079999923706055,435000
2006-08-17,6.396172046661377,8.229999542236328,8.289999961853027,7.96999979019165,8.0600004196167,360500
2006-08-18,6.42725944519043,8.270000457763672,8.319999694824219,8.149999618530273,8.270000457763672,222000
2006-08-21,6.318456172943115,8.130000114440918,8.279999732971191,8.079999923706055,8.260000228881836,324900
2006-08-22,6.489434242248535,8.350000381469727,8.380000114440918,8.109999656677246,8.149999618530273,488700
2006-08-23,6.24073600769043,8.029999732971191,8.399999618530273,7.889999866485596,8.350000381469727,299600
2006-08-24,6.217422008514404,8.0,8.109999656677246,7.900000095367432,8.079999923706055,251200
2006-08-25,6.40394401550293,8.239999771118164,8.289999961853027,7.949999809265137,8.0,480500
2006-08-28,6.606010437011719,8.5,8.529999732971191,8.279999732971191,8.279999732971191,573400
2006-08-29,6.621554851531982,8.520000457763672,8.550000190734863,8.399999618530273,8.529999732971191,443100
2006-08-30,6.714817523956299,8.640000343322754,8.65999984741211,8.489999771118164,8.539999961853027,419700
2006-08-31,6.73813009262085,8.670000076293945,8.800000190734863,8.609999656677246,8.649999618530273,644300
2006-09-01,6.784760475158691,8.729999542236328,8.84000015258789,8.640000343322754,8.729999542236328,506800
2006-09-05,6.854708194732666,8.819999694824219,8.869999885559082,8.680000305175781,8.739999771118164,511400
2006-09-06,6.769219398498535,8.710000038146973,8.8100004196167,8.65999984741211,8.800000190734863,518800
2006-09-07,6.769219398498535,8.710000038146973,8.800000190734863,8.609999656677246,8.699999809265137,443400
2006-09-08,6.870250701904297,8.84000015258789,8.859999656677246,8.65999984741211,8.720000267028809,578900
2006-09-11,6.691498756408691,8.609999656677246,8.789999961853027,8.59000015258789,8.770000457763672,354700
2006-09-12,6.839165687561035,8.800000190734863,8.84000015258789,8.640000343322754,8.65999984741211,477400
2006-09-13,6.955739974975586,8.949999809265137,8.979999542236328,8.739999771118164,8.819999694824219,483300
2006-09-14,6.792532920837402,8.739999771118164,8.960000038146973,8.729999542236328,8.949999809265137,464100
2006-09-15,6.683727741241455,8.600000381469727,8.800000190734863,8.59000015258789,8.760000228881836,828600
2006-09-18,6.761447906494141,8.699999809265137,8.779999732971191,8.5,8.529999732971191,643700
2006-09-19,6.761447906494141,8.699999809265137,8.760000228881836,8.460000038146973,8.670000076293945,524300
2006-09-20,6.932424545288086,8.920000076293945,8.949999809265137,8.789999961853027,8.789999961853027,578800
2006-09-21,6.940196990966797,8.930000305175781,9.069999694824219,8.819999694824219,8.9399995803833,817000
2006-09-22,6.924654006958008,8.90999984741211,8.979999542236328,8.760000228881836,8.930000305175781,330200
2006-09-25,7.1034040451049805,9.140000343322754,9.180000305175781,8.869999885559082,8.949999809265137,361400
2006-09-26,6.839165687561035,8.800000190734863,9.0,8.779999732971191,8.9399995803833,633800
2006-09-27,6.870250701904297,8.84000015258789,8.859999656677246,8.670000076293945,8.739999771118164,279500
2006-09-28,6.574921607971191,8.460000038146973,8.510000228881836,7.699999809265137,8.5,1798900
2006-09-29,6.47389030456543,8.329999923706055,8.470000267028809,8.25,8.470000267028809,929000
2006-10-02,6.396172046661377,8.229999542236328,8.329999923706055,8.109999656677246,8.289999961853027,870500
2006-10-03,6.24073600769043,8.029999732971191,8.220000267028809,8.010000228881836,8.220000267028809,661400
2006-10-04,6.3262248039245605,8.140000343322754,8.210000038146973,8.0,8.029999732971191,756100
2006-10-05,6.450576305389404,8.300000190734863,8.359999656677246,8.149999618530273,8.180000305175781,623800
2006-10-06,6.40394401550293,8.239999771118164,8.319999694824219,8.149999618530273,8.25,331200
2006-10-09,6.442803859710693,8.289999961853027,8.380000114440918,8.1899995803833,8.25,349300
2006-10-10,6.419488906860352,8.260000228881836,8.319999694824219,8.149999618530273,8.319999694824219,389500
2006-10-11,6.295140743255615,8.100000381469727,8.300000190734863,8.050000190734863,8.260000228881836,515200
2006-10-12,6.528291702270508,8.399999618530273,8.399999618530273,8.100000381469727,8.149999618530273,864900
2006-10-13,6.528291702270508,8.399999618530273,8.5,8.25,8.380000114440918,652400
2006-10-16,6.668185710906982,8.579999923706055,8.59000015258789,8.399999618530273,8.399999618530273,849300
2006-10-17,6.6370978355407715,8.539999961853027,8.600000381469727,8.449999809265137,8.5600004196167,441800
2006-10-18,6.606010437011719,8.5,8.510000228881836,8.460000038146973,8.489999771118164,559400
2006-10-19,6.691498756408691,8.609999656677246,8.670000076293945,8.430000305175781,8.470000267028809,441600
2006-10-20,6.629326820373535,8.529999732971191,8.6899995803833,8.4399995803833,8.640000343322754,429900
2006-10-23,6.629326820373535,8.529999732971191,8.579999923706055,8.359999656677246,8.550000190734863,307300
2006-10-24,6.54383659362793,8.420000076293945,8.600000381469727,8.25,8.529999732971191,529000
2006-10-25,6.64486837387085,8.550000190734863,8.619999885559082,8.390000343322754,8.420000076293945,319800
2006-10-26,6.800304889678955,8.75,8.760000228881836,8.529999732971191,8.640000343322754,267400
2006-10-27,6.559380054473877,8.4399995803833,8.699999809265137,8.430000305175781,8.699999809265137,296800
2006-10-30,6.435030460357666,8.279999732971191,8.399999618530273,8.170000076293945,8.369999885559082,588800
2006-10-31,6.372857570648193,8.199999809265137,8.329999923706055,8.170000076293945,8.279999732971191,482400
2006-11-01,6.30291223526001,8.109999656677246,8.329999923706055,8.100000381469727,8.199999809265137,478600
2006-11-02,6.528291702270508,8.399999618530273,8.5,8.09000015258789,8.09000015258789,440200
2006-11-03,6.442803859710693,8.289999961853027,8.5,8.229999542236328,8.449999809265137,429000
2006-11-06,6.489434242248535,8.350000381469727,8.380000114440918,8.229999542236328,8.3100004196167,509500
2006-11-07,6.5904669761657715,8.479999542236328,8.59000015258789,8.350000381469727,8.350000381469727,376000
2006-11-08,6.629326820373535,8.529999732971191,8.630000114440918,8.420000076293945,8.460000038146973,261200
2006-11-09,6.497207164764404,8.359999656677246,8.5600004196167,8.319999694824219,8.5600004196167,338100
2006-11-10,6.613781452178955,8.510000228881836,8.550000190734863,8.369999885559082,8.369999885559082,270800
2006-11-13,6.58269739151001,8.470000267028809,8.680000305175781,8.420000076293945,8.510000228881836,402200
2006-11-14,6.551605701446533,8.430000305175781,8.5,8.300000190734863,8.489999771118164,488100
2006-11-15,6.683727741241455,8.600000381469727,8.65999984741211,8.40999984741211,8.449999809265137,399300
2006-11-16,6.722588539123535,8.649999618530273,8.6899995803833,8.539999961853027,8.65999984741211,256400
2006-11-17,6.574921607971191,8.460000038146973,8.680000305175781,8.25,8.670000076293945,499100
2006-11-20,6.629326820373535,8.529999732971191,8.550000190734863,8.390000343322754,8.460000038146973,414500
2006-11-21,6.613781452178955,8.510000228881836,8.539999961853027,8.430000305175781,8.510000228881836,507400
2006-11-22,6.606010437011719,8.5,8.529999732971191,8.460000038146973,8.520000457763672,158800
2006-11-24,6.621554851531982,8.520000457763672,8.539999961853027,8.319999694824219,8.479999542236328,104300
2006-11-27,6.093072891235352,7.840000152587891,8.430000305175781,7.789999961853027,8.420000076293945,1115300
2006-11-28,6.046443939208984,7.78000020980835,7.900000095367432,7.659999847412109,7.829999923706055,442500
2006-11-29,6.046443939208984,7.78000020980835,7.909999847412109,7.699999809265137,7.849999904632568,483100
2006-11-30,5.968725681304932,7.679999828338623,7.800000190734863,7.619999885559082,7.75,465500
2006-12-01,5.898778915405273,7.590000152587891,7.869999885559082,7.46999979019165,7.630000114440918,560900
2006-12-04,6.023128032684326,7.75,7.840000152587891,7.599999904632568,7.599999904632568,487400
2006-12-05,6.178563117980957,7.949999809265137,7.989999771118164,7.769999980926514,7.769999980926514,435000
2006-12-06,6.124160289764404,7.880000114440918,7.980000019073486,7.860000133514404,7.949999809265137,339200
2006-12-07,6.155247211456299,7.920000076293945,7.989999771118164,7.820000171661377,7.880000114440918,352100
2006-12-08,6.209650993347168,7.989999771118164,8.010000228881836,7.860000133514404,7.920000076293945,306800
2006-12-11,6.061985969543457,7.800000190734863,8.020000457763672,7.760000228881836,7.980000019073486,408900
2006-12-12,6.061985969543457,7.800000190734863,7.880000114440918,7.710000038146973,7.820000171661377,273500
2006-12-13,6.038671493530273,7.769999980926514,7.869999885559082,7.670000076293945,7.849999904632568,504100
2006-12-14,6.030900478363037,7.760000228881836,7.849999904632568,7.739999771118164,7.78000020980835,377100
2006-12-15,6.007582664489746,7.730000019073486,7.800000190734863,7.590000152587891,7.78000020980835,632900
2006-12-18,5.898778915405273,7.590000152587891,7.760000228881836,7.519999980926514,7.730000019073486,251200
2006-12-19,5.8210601806640625,7.489999771118164,7.579999923706055,7.449999809265137,7.539999961853027,482000
2006-12-20,5.354753494262695,6.889999866485596,7.340000152587891,6.710000038146973,7.340000152587891,2099100
2006-12-21,5.448014736175537,7.010000228881836,7.010000228881836,6.900000095367432,6.929999828338623,939000
2006-12-22,5.471330642700195,7.039999961853027,7.090000152587891,6.940000057220459,7.019999980926514,261800
2006-12-26,5.63454008102417,7.25,7.449999809265137,7.099999904632568,7.099999904632568,595400
2006-12-27,5.673398494720459,7.300000190734863,7.409999847412109,7.25,7.300000190734863,299100
2006-12-28,5.727798938751221,7.369999885559082,7.420000076293945,7.269999980926514,7.300000190734863,778900
2006-12-29,5.828832149505615,7.5,7.650000095367432,7.340000152587891,7.360000133514404,693800
2007-01-03,5.859920024871826,7.539999961853027,7.760000228881836,7.46999979019165,7.599999904632568,718200
2007-01-04,5.789974212646484,7.449999809265137,7.519999980926514,7.300000190734863,7.5,567600
2007-01-05,5.603451728820801,7.210000038146973,7.440000057220459,7.170000076293945,7.380000114440918,488900
2007-01-08,5.486875534057617,7.059999942779541,7.199999809265137,7.039999961853027,7.130000114440918,625600
2007-01-09,5.339212417602539,6.869999885559082,7.059999942779541,6.820000171661377,7.039999961853027,1179100
2007-01-10,5.253721714019775,6.760000228881836,6.880000114440918,6.690000057220459,6.849999904632568,862600
2007-01-11,5.176003932952881,6.659999847412109,6.800000190734863,6.619999885559082,6.78000020980835,1401700
2007-01-12,5.5723652839660645,7.170000076293945,7.25,6.630000114440918,6.670000076293945,1034800
2007-01-16,5.549049377441406,7.139999866485596,7.320000171661377,7.110000133514404,7.230000019073486,506500
2007-01-17,5.63454008102417,7.25,7.260000228881836,7.090000152587891,7.130000114440918,511600
2007-01-18,5.5723652839660645,7.170000076293945,7.300000190734863,7.130000114440918,7.260000228881836,587200
2007-01-19,5.4324727058410645,6.989999771118164,7.179999828338623,6.980000019073486,7.139999866485596,469500
2007-01-22,5.354753494262695,6.889999866485596,6.96999979019165,6.809999942779541,6.96999979019165,466600
2007-01-23,5.4324727058410645,6.989999771118164,7.019999980926514,6.829999923706055,6.889999866485596,576800
2007-01-24,5.440244197845459,7.0,7.050000190734863,6.909999847412109,6.989999771118164,233500
2007-01-25,5.5024189949035645,7.079999923706055,7.130000114440918,7.0,7.050000190734863,526200
2007-01-26,5.525732517242432,7.110000133514404,7.119999885559082,6.940000057220459,7.110000133514404,1193400
2007-01-29,5.712255001068115,7.349999904632568,7.360000133514404,7.070000171661377,7.110000133514404,825300
2007-01-30,5.66562557220459,7.289999961853027,7.380000114440918,7.190000057220459,7.349999904632568,540700
2007-01-31,5.696712017059326,7.329999923706055,7.5,7.170000076293945,7.340000152587891,865600
2007-02-01,5.5879082679748535,7.190000057220459,7.460000038146973,7.079999923706055,7.380000114440918,1277000
2007-02-02,5.657855033874512,7.28000020980835,7.360000133514404,7.130000114440918,7.210000038146973,802600
2007-02-05,5.471330642700195,7.039999961853027,7.349999904632568,7.0,7.25,666800
2007-02-06,5.510191440582275,7.090000152587891,7.110000133514404,6.980000019073486,7.090000152587891,582500
2007-02-07,5.626765727996826,7.239999771118164,7.239999771118164,7.03000020980835,7.070000171661377,727100
2007-02-08,5.595678806304932,7.199999809265137,7.239999771118164,7.130000114440918,7.239999771118164,378300
2007-02-09,5.510191440582275,7.090000152587891,7.25,7.070000171661377,7.199999809265137,414300
2007-02-12,5.510191440582275,7.090000152587891,7.150000095367432,7.050000190734863,7.090000152587891,229300
2007-02-13,5.5723652839660645,7.170000076293945,7.199999809265137,7.090000152587891,7.119999885559082,204200
2007-02-14,5.4946465492248535,7.070000171661377,7.210000038146973,7.059999942779541,7.170000076293945,299400
2007-02-15,5.486875534057617,7.059999942779541,7.130000114440918,7.03000020980835,7.099999904632568,338000
2007-02-16,5.42470121383667,6.980000019073486,7.070000171661377,6.860000133514404,7.059999942779541,791700
2007-02-20,5.440244197845459,7.0,7.070000171661377,6.900000095367432,6.980000019073486,492800
2007-02-21,5.5879082679748535,7.190000057220459,7.190000057220459,7.0,7.010000228881836,356100
2007-02-22,5.5024189949035645,7.079999923706055,7.210000038146973,7.050000190734863,7.210000038146973,707000
2007-02-23,5.4557881355285645,7.019999980926514,7.110000133514404,6.96999979019165,7.079999923706055,467000
2007-02-26,5.440244197845459,7.0,7.099999904632568,6.949999809265137,7.010000228881836,522900
2007-02-27,5.2614922523498535,6.769999980926514,6.960000038146973,6.699999809265137,6.960000038146973,1579900
2007-02-28,5.2148637771606445,6.710000038146973,6.929999828338623,6.670000076293945,6.78000020980835,565000
2007-03-01,5.292579650878906,6.809999942779541,6.860000133514404,6.559999942779541,6.690000057220459,579600
2007-03-02,5.090514183044434,6.550000190734863,6.800000190734863,6.539999961853027,6.769999980926514,666300
2007-03-05,4.95062255859375,6.369999885559082,6.579999923706055,6.360000133514404,6.400000095367432,594700
2007-03-06,5.152688980102539,6.630000114440918,6.71999979019165,6.460000038146973,6.460000038146973,904300
2007-03-07,5.051654815673828,6.5,6.699999809265137,6.46999979019165,6.619999885559082,449000
2007-03-08,5.036111831665039,6.480000019073486,6.639999866485596,6.449999809265137,6.559999942779541,367600
2007-03-09,5.012795448303223,6.449999809265137,6.550000190734863,6.349999904632568,6.550000190734863,356700
2007-03-12,5.028339862823486,6.46999979019165,6.519999980926514,6.420000076293945,6.489999771118164,321500
2007-03-13,4.865132808685303,6.260000228881836,6.460000038146973,6.210000038146973,6.420000076293945,768700
2007-03-14,4.989480495452881,6.420000076293945,6.519999980926514,6.230000019073486,6.28000020980835,634300
2007-03-15,5.051654815673828,6.5,6.519999980926514,6.400000095367432,6.400000095367432,367000
2007-03-16,4.981709957122803,6.409999847412109,6.5,6.360000133514404,6.5,745000
2007-03-19,4.935079097747803,6.349999904632568,6.519999980926514,6.320000171661377,6.460000038146973,306600
2007-03-20,4.857361793518066,6.25,6.349999904632568,6.230000019073486,6.329999923706055,476700
2007-03-21,4.95062255859375,6.369999885559082,6.420000076293945,6.269999980926514,6.28000020980835,595300
2007-03-22,4.973937034606934,6.400000095367432,6.46999979019165,6.369999885559082,6.420000076293945,314400
2007-03-23,4.841817855834961,6.230000019073486,6.429999828338623,6.090000152587891,6.409999847412109,677100
2007-03-26,4.725240230560303,6.079999923706055,6.239999771118164,5.989999771118164,6.239999771118164,985500
2007-03-27,4.717469215393066,6.070000171661377,6.099999904632568,5.989999771118164,6.059999942779541,900200
2007-03-28,4.748556137084961,6.110000133514404,6.25,6.059999942779541,6.070000171661377,1111700
2007-03-29,4.748556137084961,6.110000133514404,6.190000057220459,6.079999923706055,6.159999847412109,626600
2007-03-30,4.740784168243408,6.099999904632568,6.230000019073486,6.079999923706055,6.130000114440918,591500
2007-04-02,4.888448238372803,6.289999961853027,6.409999847412109,6.190000057220459,6.199999809265137,1011700
2007-04-03,5.020566463470459,6.460000038146973,6.489999771118164,6.300000190734863,6.329999923706055,720200
2007-04-04,4.872903823852539,6.269999980926514,6.440000057220459,6.25,6.429999828338623,672400
2007-04-05,4.888448238372803,6.289999961853027,6.309999942779541,6.239999771118164,6.28000020980835,348400
2007-04-09,4.911763668060303,6.320000171661377,6.409999847412109,6.28000020980835,6.28000020980835,400100
2007-04-10,4.888448238372803,6.289999961853027,6.340000152587891,6.25,6.309999942779541,335000
2007-04-11,4.849588394165039,6.239999771118164,6.320000171661377,6.139999866485596,6.320000171661377,385500
2007-04-12,4.942851543426514,6.360000133514404,6.360000133514404,6.190000057220459,6.25,325000
2007-04-13,4.865132808685303,6.260000228881836,6.400000095367432,6.190000057220459,6.380000114440918,1021900
2007-04-16,5.012795448303223,6.449999809265137,6.5,6.300000190734863,6.300000190734863,405300
2007-04-17,4.903992176055908,6.309999942779541,6.46999979019165,6.25,6.460000038146973,577300
2007-04-18,4.896218299865723,6.300000190734863,6.380000114440918,6.260000228881836,6.349999904632568,712200
2007-04-19,4.818501949310303,6.199999809265137,6.300000190734863,6.170000076293945,6.300000190734863,433900
2007-04-20,4.880676746368408,6.28000020980835,6.360000133514404,6.260000228881836,6.340000152587891,510000
2007-04-23,4.834046363830566,6.21999979019165,6.300000190734863,6.150000095367432,6.269999980926514,394800
2007-04-24,4.872903823852539,6.269999980926514,6.289999961853027,6.170000076293945,6.25,411000
2007-04-25,5.028339862823486,6.46999979019165,6.739999771118164,6.409999847412109,6.610000133514404,1865200
2007-04-26,5.176003932952881,6.659999847412109,6.71999979019165,6.550000190734863,6.679999828338623,791100
2007-04-27,5.207091808319092,6.699999809265137,6.849999904632568,6.590000152587891,6.760000228881836,824300
2007-04-30,5.09828519821167,6.559999942779541,6.71999979019165,6.550000190734863,6.699999809265137,828700
2007-05-01,5.082742691040039,6.539999961853027,6.610000133514404,6.460000038146973,6.579999923706055,753600
2007-05-02,5.238175868988037,6.739999771118164,6.769999980926514,6.539999961853027,6.550000190734863,836300
2007-05-03,5.510191440582275,7.090000152587891,7.289999961853027,6.78000020980835,6.78000020980835,1321400
2007-05-04,5.5024189949035645,7.079999923706055,7.139999866485596,6.960000038146973,7.099999904632568,619700
2007-05-07,5.66562557220459,7.289999961853027,7.320000171661377,7.099999904632568,7.150000095367432,824700
2007-05-08,5.696712017059326,7.329999923706055,7.400000095367432,7.159999847412109,7.289999961853027,552100
2007-05-09,5.5879082679748535,7.190000057220459,7.340000152587891,7.159999847412109,7.329999923706055,642600
2007-05-10,5.743344306945801,7.389999866485596,7.590000152587891,7.159999847412109,7.190000057220459,1761300
2007-05-11,5.66562557220459,7.289999961853027,7.5,7.210000038146973,7.420000076293945,552800
2007-05-14,5.688940525054932,7.320000171661377,7.400000095367432,7.210000038146973,7.360000133514404,524200
2007-05-15,5.564591884613037,7.159999847412109,7.5,7.139999866485596,7.320000171661377,968600
2007-05-16,5.603451728820801,7.210000038146973,7.300000190734863,7.159999847412109,7.199999809265137,680200
2007-05-17,5.5024189949035645,7.079999923706055,7.21999979019165,7.059999942779541,7.21999979019165,562200
2007-05-18,5.517961502075195,7.099999904632568,7.130000114440918,6.989999771118164,7.079999923706055,487200
2007-05-21,5.657855033874512,7.28000020980835,7.28000020980835,7.0,7.099999904632568,497900
2007-05-22,5.650082111358643,7.269999980926514,7.349999904632568,7.170000076293945,7.289999961853027,599900
2007-05-23,5.5879082679748535,7.190000057220459,7.320000171661377,7.139999866485596,7.320000171661377,485500
2007-05-24,5.440244197845459,7.0,7.269999980926514,6.889999866485596,7.21999979019165,551800
2007-05-25,5.5024189949035645,7.079999923706055,7.099999904632568,6.96999979019165,7.039999961853027,442200
2007-05-29,5.556818962097168,7.150000095367432,7.170000076293945,7.079999923706055,7.119999885559082,367300
2007-05-30,5.471330642700195,7.039999961853027,7.130000114440918,6.96999979019165,7.130000114440918,423300
2007-05-31,5.541276931762695,7.130000114440918,7.21999979019165,7.039999961853027,7.059999942779541,509300
2007-06-01,5.533504486083984,7.119999885559082,7.349999904632568,7.070000171661377,7.190000057220459,1074700
2007-06-04,5.5879082679748535,7.190000057220459,7.190000057220459,7.099999904632568,7.150000095367432,395900
2007-06-05,5.486875534057617,7.059999942779541,7.300000190734863,7.050000190734863,7.199999809265137,466800
2007-06-06,5.416929244995117,6.96999979019165,7.099999904632568,6.949999809265137,7.070000171661377,500700
2007-06-07,5.308123588562012,6.829999923706055,6.960000038146973,6.809999942779541,6.929999828338623,660700
2007-06-08,5.525732517242432,7.110000133514404,7.119999885559082,6.880000114440918,6.960000038146973,530900
2007-06-11,5.486875534057617,7.059999942779541,7.110000133514404,7.050000190734863,7.110000133514404,248000
2007-06-12,5.471330642700195,7.039999961853027,7.179999828338623,7.010000228881836,7.050000190734863,464400
2007-06-13,5.331437587738037,6.860000133514404,7.03000020980835,6.760000228881836,7.03000020980835,828600
2007-06-14,5.3625264167785645,6.900000095367432,6.989999771118164,6.869999885559082,6.889999866485596,666400
2007-06-15,5.564591884613037,7.159999847412109,7.309999942779541,7.010000228881836,7.059999942779541,907000
2007-06-18,5.580135345458984,7.179999828338623,7.260000228881836,7.130000114440918,7.159999847412109,238600
2007-06-19,5.64231014251709,7.260000228881836,7.28000020980835,7.110000133514404,7.179999828338623,373300
2007-06-20,5.525732517242432,7.110000133514404,7.360000133514404,7.079999923706055,7.289999961853027,548300
2007-06-21,5.595678806304932,7.199999809265137,7.21999979019165,7.099999904632568,7.110000133514404,237600
2007-06-22,5.541276931762695,7.130000114440918,7.21999979019165,7.090000152587891,7.21999979019165,706000
2007-06-25,5.549049377441406,7.139999866485596,7.170000076293945,7.099999904632568,7.130000114440918,358400
2007-06-26,5.64231014251709,7.260000228881836,7.309999942779541,7.159999847412109,7.170000076293945,929900
2007-06-27,5.541276931762695,7.130000114440918,7.260000228881836,7.119999885559082,7.260000228881836,1339800
2007-06-28,5.564591884613037,7.159999847412109,7.300000190734863,7.150000095367432,7.159999847412109,911400
2007-06-29,5.5879082679748535,7.190000057220459,7.400000095367432,7.159999847412109,7.230000019073486,777700
2007-07-02,5.688940525054932,7.320000171661377,7.340000152587891,7.230000019073486,7.25,679700
2007-07-03,5.657855033874512,7.28000020980835,7.349999904632568,7.199999809265137,7.309999942779541,442100
2007-07-05,5.712255001068115,7.349999904632568,7.429999828338623,7.269999980926514,7.300000190734863,717400
2007-07-06,6.411717414855957,8.25,8.5,7.25,7.349999904632568,2855000
2007-07-09,6.8857951164245605,8.859999656677246,8.899999618530273,8.279999732971191,8.289999961853027,2403400
2007-07-10,6.73813009262085,8.670000076293945,8.789999961853027,8.640000343322754,8.770000457763672,789500
2007-07-11,6.73813009262085,8.670000076293945,8.779999732971191,8.579999923706055,8.65999984741211,885700
2007-07-12,6.800304889678955,8.75,8.84000015258789,8.720000267028809,8.800000190734863,648000
2007-07-13,6.893564224243164,8.869999885559082,8.90999984741211,8.699999809265137,8.75,633900
2007-07-16,7.080087661743164,9.109999656677246,9.130000114440918,8.880000114440918,8.890000343322754,1190100
2007-07-17,7.017915725708008,9.029999732971191,9.289999961853027,8.920000076293945,9.1899995803833,1601000
2007-07-18,6.932424545288086,8.920000076293945,8.979999542236328,8.819999694824219,8.859999656677246,504500
2007-07-19,6.940196990966797,8.930000305175781,9.039999961853027,8.880000114440918,9.020000457763672,715100
2007-07-20,6.839165687561035,8.800000190734863,8.90999984741211,8.75,8.850000381469727,679100
2007-07-23,6.707045555114746,8.630000114440918,8.880000114440918,8.630000114440918,8.819999694824219,673400
2007-07-24,6.489434242248535,8.350000381469727,8.640000343322754,8.289999961853027,8.619999885559082,974800
2007-07-25,6.489434242248535,8.350000381469727,8.5,8.210000038146973,8.430000305175781,752300
2007-07-26,6.124160289764404,7.880000114440918,8.3100004196167,7.699999809265137,8.300000190734863,1285000
2007-07-27,5.945410251617432,7.650000095367432,8.010000228881836,7.619999885559082,7.940000057220459,1090500
2007-07-30,5.898778915405273,7.590000152587891,7.71999979019165,7.489999771118164,7.619999885559082,681700
2007-07-31,5.844378471374512,7.519999980926514,7.699999809265137,7.5,7.679999828338623,678400
2007-08-01,5.836604595184326,7.510000228881836,7.650000095367432,7.349999904632568,7.46999979019165,666200
2007-08-02,5.875464916229248,7.559999942779541,7.650000095367432,7.489999771118164,7.539999961853027,450400
2007-08-03,5.63454008102417,7.25,7.550000190734863,7.199999809265137,7.550000190734863,997000
2007-08-06,5.5879082679748535,7.190000057220459,7.730000019073486,7.010000228881836,7.730000019073486,1015000
2007-08-07,5.556818962097168,7.150000095367432,7.25,7.010000228881836,7.119999885559082,894200
2007-08-08,5.743344306945801,7.389999866485596,7.690000057220459,7.199999809265137,7.25,1368500
2007-08-09,5.517961502075195,7.099999904632568,7.389999866485596,7.039999961853027,7.389999866485596,1170700
2007-08-10,6.155247211456299,7.920000076293945,7.960000038146973,6.929999828338623,7.0,1338000
2007-08-13,6.3262248039245605,8.140000343322754,8.1899995803833,7.800000190734863,7.840000152587891,1163500
2007-08-14,5.953181743621826,7.659999847412109,8.220000267028809,7.599999904632568,8.140000343322754,1398700
2007-08-15,5.75888729095459,7.409999847412109,7.800000190734863,7.329999923706055,7.659999847412109,558300
2007-08-16,6.015356063842773,7.739999771118164,7.78000020980835,7.079999923706055,7.340000152587891,947000
2007-08-17,6.194106578826904,7.96999979019165,8.15999984741211,7.739999771118164,7.739999771118164,656500
2007-08-20,6.333996772766113,8.149999618530273,8.229999542236328,7.809999942779541,7.989999771118164,582200
2007-08-21,6.6370978355407715,8.539999961853027,8.609999656677246,8.170000076293945,8.199999809265137,500400
2007-08-22,6.5904669761657715,8.479999542236328,8.6899995803833,8.430000305175781,8.640000343322754,368400
2007-08-23,6.683727741241455,8.600000381469727,8.6899995803833,8.369999885559082,8.489999771118164,357900
2007-08-24,6.722588539123535,8.649999618530273,8.75,8.539999961853027,8.630000114440918,648500
2007-08-27,6.613781452178955,8.510000228881836,8.6899995803833,8.479999542236328,8.680000305175781,423800
2007-08-28,6.333996772766113,8.149999618530273,8.449999809265137,8.119999885559082,8.449999809265137,339600
2007-08-29,6.58269739151001,8.470000267028809,8.5600004196167,8.130000114440918,8.210000038146973,402000
2007-08-30,6.458346843719482,8.3100004196167,8.470000267028809,8.279999732971191,8.399999618530273,386100
2007-08-31,6.24073600769043,8.029999732971191,8.449999809265137,7.989999771118164,8.449999809265137,672900
2007-09-04,6.388399600982666,8.220000267028809,8.319999694824219,7.860000133514404,7.980000019073486,496700
2007-09-05,6.217422008514404,8.0,8.15999984741211,7.869999885559082,8.140000343322754,474100
2007-09-06,6.023128032684326,7.75,8.079999923706055,7.739999771118164,8.020000457763672,325400
2007-09-07,5.891005992889404,7.579999923706055,7.809999942779541,7.539999961853027,7.769999980926514,698800
2007-09-10,5.743344306945801,7.389999866485596,7.639999866485596,7.380000114440918,7.610000133514404,404800
2007-09-11,5.836604595184326,7.510000228881836,7.539999961853027,7.380000114440918,7.409999847412109,438500
2007-09-12,5.673398494720459,7.300000190734863,7.630000114440918,7.269999980926514,7.5,401200
2007-09-13,5.789974212646484,7.449999809265137,7.539999961853027,7.269999980926514,7.349999904632568,463800
2007-09-14,5.828832149505615,7.5,7.53000020980835,7.340000152587891,7.400000095367432,396000
2007-09-17,5.75888729095459,7.409999847412109,7.489999771118164,7.389999866485596,7.460000038146973,720200
2007-09-18,5.992039680480957,7.710000038146973,7.71999979019165,7.349999904632568,7.420000076293945,463100
2007-09-19,6.209650993347168,7.989999771118164,8.109999656677246,7.829999923706055,7.829999923706055,464000
2007-09-20,6.054214000701904,7.789999961853027,8.0600004196167,7.510000228881836,7.989999771118164,533800
2007-09-21,6.030900478363037,7.760000228881836,7.980000019073486,7.710000038146973,7.860000133514404,837100
2007-09-24,5.797745704650879,7.460000038146973,7.739999771118164,7.389999866485596,7.71999979019165,399800
2007-09-25,5.626765727996826,7.239999771118164,7.429999828338623,7.110000133514404,7.400000095367432,949400
2007-09-26,5.61899471282959,7.230000019073486,7.329999923706055,7.199999809265137,7.25,559400
2007-09-27,5.797745704650879,7.460000038146973,7.519999980926514,7.260000228881836,7.289999961853027,616200
2007-09-28,5.80551815032959,7.46999979019165,7.570000171661377,7.360000133514404,7.369999885559082,783400
2007-10-01,5.922093868255615,7.619999885559082,7.71999979019165,7.420000076293945,7.5,482000
2007-10-02,5.953181743621826,7.659999847412109,7.710000038146973,7.460000038146973,7.639999866485596,528900
2007-10-03,5.789974212646484,7.449999809265137,7.670000076293945,7.440000057220459,7.599999904632568,369500
2007-10-04,5.774431228637695,7.429999828338623,7.5,7.380000114440918,7.480000019073486,239000
2007-10-05,5.828832149505615,7.5,7.599999904632568,7.380000114440918,7.53000020980835,412400
2007-10-08,5.735569953918457,7.380000114440918,7.489999771118164,7.210000038146973,7.449999809265137,388400
2007-10-09,5.735569953918457,7.380000114440918,7.409999847412109,7.210000038146973,7.409999847412109,478900
2007-10-10,5.720027923583984,7.360000133514404,7.400000095367432,7.28000020980835,7.349999904632568,285100
2007-10-11,5.595678806304932,7.199999809265137,7.489999771118164,7.199999809265137,7.360000133514404,459700
2007-10-12,5.712255001068115,7.349999904632568,7.369999885559082,7.190000057220459,7.199999809265137,223300
2007-10-15,5.564591884613037,7.159999847412109,7.309999942779541,7.159999847412109,7.300000190734863,575700
2007-10-16,5.603451728820801,7.210000038146973,7.5,7.130000114440918,7.130000114440918,673900
2007-10-17,5.704485893249512,7.340000152587891,7.420000076293945,7.210000038146973,7.289999961853027,492500
2007-10-18,5.867691993713379,7.550000190734863,7.650000095367432,7.269999980926514,7.28000020980835,471500
2007-10-19,5.64231014251709,7.260000228881836,7.670000076293945,7.239999771118164,7.539999961853027,652200
2007-10-22,5.751115322113037,7.400000095367432,7.489999771118164,7.159999847412109,7.25,783500
2007-10-23,5.797745704650879,7.460000038146973,7.610000133514404,7.309999942779541,7.5,485400
2007-10-24,5.766658782958984,7.420000076293945,7.480000019073486,7.199999809265137,7.400000095367432,479100
2007-10-25,5.828832149505615,7.5,7.650000095367432,7.409999847412109,7.429999828338623,605700
2007-10-26,6.194106578826904,7.96999979019165,8.069999694824219,7.579999923706055,7.630000114440918,450300
2007-10-29,6.1707916259765625,7.940000057220459,8.25,7.760000228881836,7.96999979019165,596000
2007-10-30,6.442803859710693,8.289999961853027,8.600000381469727,7.940000057220459,7.940000057220459,1174200
2007-10-31,6.209650993347168,7.989999771118164,8.34000015258789,7.809999942779541,8.289999961853027,1005700
2007-11-01,5.626765727996826,7.239999771118164,7.96999979019165,7.159999847412109,7.960000038146973,878500
2007-11-02,5.463560581207275,7.03000020980835,7.46999979019165,6.920000076293945,7.309999942779541,837800
2007-11-05,5.393614292144775,6.940000057220459,7.119999885559082,6.75,6.880000114440918,818000
2007-11-06,5.370298862457275,6.909999847412109,6.980000019073486,6.630000114440918,6.940000057220459,785400
2007-11-07,4.997251987457275,6.429999828338623,6.829999923706055,6.409999847412109,6.809999942779541,1049800
2007-11-08,5.129374027252197,6.599999904632568,6.670000076293945,6.360000133514404,6.5,898400
2007-11-09,5.012795448303223,6.449999809265137,6.559999942779541,6.329999923706055,6.480000019073486,481000
2007-11-12,5.020566463470459,6.460000038146973,6.650000095367432,6.349999904632568,6.349999904632568,527000
2007-11-13,5.106055736541748,6.570000171661377,6.78000020980835,6.46999979019165,6.53000020980835,726800
2007-11-14,5.152688980102539,6.630000114440918,6.699999809265137,6.340000152587891,6.570000171661377,595000
2007-11-15,5.074970245361328,6.53000020980835,6.610000133514404,6.360000133514404,6.570000171661377,860100
2007-11-16,5.129374027252197,6.599999904632568,6.760000228881836,6.550000190734863,6.550000190734863,1079600
2007-11-19,4.865132808685303,6.260000228881836,6.579999923706055,6.190000057220459,6.519999980926514,701800
2007-11-20,4.896218299865723,6.300000190734863,6.369999885559082,6.150000095367432,6.25,629500
2007-11-21,4.818501949310303,6.199999809265137,6.349999904632568,6.079999923706055,6.269999980926514,433000
2007-11-23,4.896218299865723,6.300000190734863,6.46999979019165,6.230000019073486,6.230000019073486,170800
2007-11-26,4.733013153076172,6.090000152587891,6.429999828338623,6.050000190734863,6.320000171661377,461400
2007-11-27,4.678610324859619,6.019999980926514,6.190000057220459,5.929999828338623,6.099999904632568,711500
2007-11-28,5.012795448303223,6.449999809265137,6.5,6.019999980926514,6.019999980926514,780200
2007-11-29,4.872903823852539,6.269999980926514,6.46999979019165,6.119999885559082,6.449999809265137,444900
2007-11-30,4.872903823852539,6.269999980926514,6.369999885559082,6.139999866485596,6.369999885559082,654700
2007-12-03,4.771871089935303,6.139999866485596,6.349999904632568,6.139999866485596,6.349999904632568,307200
2007-12-04,4.701923847198486,6.050000190734863,6.170000076293945,5.980000019073486,6.170000076293945,358500
2007-12-05,4.771871089935303,6.139999866485596,6.21999979019165,6.03000020980835,6.130000114440918,532400
2007-12-06,4.973937034606934,6.400000095367432,6.460000038146973,6.119999885559082,6.119999885559082,369000
2007-12-07,5.11383056640625,6.579999923706055,6.670000076293945,6.400000095367432,6.429999828338623,390300
2007-12-10,5.2148637771606445,6.710000038146973,6.829999923706055,6.579999923706055,6.579999923706055,407000
2007-12-11,5.121601104736328,6.590000152587891,7.110000133514404,6.539999961853027,6.699999809265137,699100
2007-12-12,5.051654815673828,6.5,7.0,6.440000057220459,6.760000228881836,409900
2007-12-13,5.043883323669434,6.489999771118164,6.550000190734863,6.340000152587891,6.429999828338623,314100
2007-12-14,4.826272964477539,6.210000038146973,6.550000190734863,6.170000076293945,6.380000114440918,357900
2007-12-17,4.694154262542725,6.039999961853027,6.300000190734863,6.039999961853027,6.179999828338623,409000
2007-12-18,4.849588394165039,6.239999771118164,6.28000020980835,5.949999809265137,6.119999885559082,573100
2007-12-19,4.872903823852539,6.269999980926514,6.360000133514404,6.050000190734863,6.21999979019165,483500
2007-12-20,4.997251987457275,6.429999828338623,6.449999809265137,6.099999904632568,6.320000171661377,384200
2007-12-21,5.5024189949035645,7.079999923706055,7.099999904632568,6.409999847412109,6.409999847412109,1440900
2007-12-24,5.5723652839660645,7.170000076293945,7.190000057220459,7.039999961853027,7.039999961853027,307900
2007-12-26,5.556818962097168,7.150000095367432,7.309999942779541,7.03000020980835,7.110000133514404,413200
2007-12-27,5.207091808319092,6.699999809265137,7.260000228881836,6.659999847412109,7.170000076293945,551700
2007-12-28,4.981709957122803,6.409999847412109,6.820000171661377,6.389999866485596,6.699999809265137,516900
2007-12-31,5.11383056640625,6.579999923706055,6.840000152587891,6.28000020980835,6.380000114440918,607000
2008-01-02,4.981709957122803,6.409999847412109,6.670000076293945,6.400000095367432,6.539999961853027,616600
2008-01-03,4.764099597930908,6.130000114440918,6.5,6.119999885559082,6.409999847412109,642700
2008-01-04,4.663065433502197,6.0,6.210000038146973,5.96999979019165,6.059999942779541,561100
2008-01-07,4.795186519622803,6.170000076293945,6.199999809265137,5.920000076293945,6.039999961853027,703000
2008-01-08,4.445456027984619,5.71999979019165,6.210000038146973,5.670000076293945,6.170000076293945,881100
2008-01-09,4.468771934509277,5.75,5.769999980926514,5.409999847412109,5.679999828338623,1116500
2008-01-10,4.740784168243408,6.099999904632568,6.179999828338623,5.590000152587891,5.670000076293945,970000
2008-01-11,4.546490669250488,5.849999904632568,6.050000190734863,5.809999942779541,6.019999980926514,468900
2008-01-14,4.6863813400268555,6.03000020980835,6.099999904632568,5.889999866485596,5.900000095367432,427800
2008-01-15,4.562033176422119,5.869999885559082,5.96999979019165,5.699999809265137,5.920000076293945,417600
2008-01-16,4.593119144439697,5.909999847412109,6.090000152587891,5.760000228881836,5.869999885559082,595900
2008-01-17,4.414370059967041,5.679999828338623,5.929999828338623,5.650000095367432,5.900000095367432,369500
2008-01-18,4.359967231750488,5.610000133514404,5.869999885559082,5.539999961853027,5.710000038146973,611200
2008-01-22,4.344424247741699,5.590000152587891,6.099999904632568,5.110000133514404,5.400000095367432,668200
2008-01-23,4.624207496643066,5.949999809265137,6.0,5.159999847412109,5.590000152587891,943500
2008-01-24,4.694154262542725,6.039999961853027,6.25,5.840000152587891,5.949999809265137,860300
2008-01-25,4.701923847198486,6.050000190734863,6.53000020980835,5.599999904632568,6.139999866485596,697400
2008-01-28,4.764099597930908,6.130000114440918,6.329999923706055,5.820000171661377,6.050000190734863,611500
2008-01-29,4.857361793518066,6.25,6.389999866485596,6.019999980926514,6.159999847412109,517900
2008-01-30,4.795186519622803,6.170000076293945,6.380000114440918,6.090000152587891,6.179999828338623,636700
2008-01-31,4.779643535614014,6.150000095367432,6.300000190734863,6.050000190734863,6.170000076293945,848200
2008-02-01,5.152688980102539,6.630000114440918,6.650000095367432,6.150000095367432,6.170000076293945,1363000
2008-02-04,5.106055736541748,6.570000171661377,6.639999866485596,6.449999809265137,6.630000114440918,582700
2008-02-05,4.903992176055908,6.309999942779541,6.53000020980835,6.25,6.449999809265137,1221900
2008-02-06,4.826272964477539,6.210000038146973,6.5,6.059999942779541,6.369999885559082,601400
2008-02-07,5.471330642700195,7.039999961853027,7.110000133514404,6.400000095367432,6.440000057220459,2930100
2008-02-08,5.339212417602539,6.869999885559082,7.099999904632568,6.619999885559082,7.019999980926514,1573700
2008-02-11,5.393614292144775,6.940000057220459,7.03000020980835,6.769999980926514,6.849999904632568,1474700
2008-02-12,5.416929244995117,6.96999979019165,7.139999866485596,6.840000152587891,6.920000076293945,666300
2008-02-13,5.510191440582275,7.090000152587891,7.150000095367432,7.010000228881836,7.03000020980835,509700
2008-02-14,5.300353050231934,6.820000171661377,7.090000152587891,6.760000228881836,7.090000152587891,866800
2008-02-15,5.168229579925537,6.650000095367432,6.769999980926514,6.639999866485596,6.75,619600
2008-02-19,5.207091808319092,6.699999809265137,6.809999942779541,6.570000171661377,6.730000019073486,484500
2008-02-20,5.245950222015381,6.75,6.809999942779541,6.599999904632568,6.619999885559082,488600
2008-02-21,5.129374027252197,6.599999904632568,6.889999866485596,6.539999961853027,6.78000020980835,593300
2008-02-22,5.059427738189697,6.510000228881836,6.639999866485596,6.400000095367432,6.599999904632568,822400
2008-02-25,5.253721714019775,6.760000228881836,6.78000020980835,6.349999904632568,6.5,1006500
2008-02-26,5.370298862457275,6.909999847412109,7.059999942779541,6.710000038146973,6.710000038146973,943600
2008-02-27,5.370298862457275,6.909999847412109,7.010000228881836,6.800000190734863,6.840000152587891,423400
2008-02-28,5.2226338386535645,6.71999979019165,6.880000114440918,6.639999866485596,6.840000152587891,630000
2008-02-29,5.051654815673828,6.5,6.650000095367432,6.5,6.650000095367432,565500
2008-03-03,5.207091808319092,6.699999809265137,6.789999961853027,6.369999885559082,6.510000228881836,639400
2008-03-04,5.160458564758301,6.639999866485596,6.78000020980835,6.579999923706055,6.619999885559082,474000
2008-03-05,5.300353050231934,6.820000171661377,6.880000114440918,6.650000095367432,6.690000057220459,405700
2008-03-06,5.183776378631592,6.670000076293945,6.840000152587891,6.619999885559082,6.769999980926514,500300
2008-03-07,5.168229579925537,6.650000095367432,6.769999980926514,6.579999923706055,6.590000152587891,513600
2008-03-10,4.935079097747803,6.349999904632568,6.710000038146973,6.329999923706055,6.659999847412109,483500
2008-03-11,5.067199230194092,6.519999980926514,6.539999961853027,6.260000228881836,6.539999961853027,611900
2008-03-12,4.857361793518066,6.25,6.610000133514404,6.25,6.53000020980835,1034600
2008-03-13,5.012795448303223,6.449999809265137,6.510000228881836,6.050000190734863,6.190000057220459,848400
2008-03-14,4.8029584884643555,6.179999828338623,6.489999771118164,6.019999980926514,6.489999771118164,846100
2008-03-17,4.670836925506592,6.010000228881836,6.179999828338623,5.949999809265137,6.0,525200
2008-03-18,4.958393096923828,6.380000114440918,6.400000095367432,6.050000190734863,6.150000095367432,488800
2008-03-19,4.818501949310303,6.199999809265137,6.550000190734863,6.199999809265137,6.480000019073486,432200
2008-03-20,4.958393096923828,6.380000114440918,6.5,6.079999923706055,6.5,1220000
2008-03-24,4.989480495452881,6.420000076293945,6.610000133514404,6.340000152587891,6.389999866485596,413900
2008-03-25,5.043883323669434,6.489999771118164,6.599999904632568,6.349999904632568,6.449999809265137,533800
2008-03-26,4.9661641120910645,6.389999866485596,6.5,6.320000171661377,6.429999828338623,653400
2008-03-27,4.888448238372803,6.289999961853027,6.449999809265137,6.260000228881836,6.409999847412109,320700
2008-03-28,5.028339862823486,6.46999979019165,6.570000171661377,6.21999979019165,6.289999961853027,773600
2008-03-31,4.95062255859375,6.369999885559082,6.519999980926514,6.340000152587891,6.449999809265137,446700
2008-04-01,5.230406761169434,6.730000019073486,6.739999771118164,6.300000190734863,6.369999885559082,516200
2008-04-02,5.106055736541748,6.570000171661377,6.71999979019165,6.400000095367432,6.710000038146973,419800
2008-04-03,5.2148637771606445,6.710000038146973,6.710000038146973,6.449999809265137,6.46999979019165,470100
2008-04-04,5.2226338386535645,6.71999979019165,6.75,6.559999942779541,6.690000057220459,555000
2008-04-07,5.393614292144775,6.940000057220459,6.949999809265137,6.650000095367432,6.650000095367432,978400
2008-04-08,5.541276931762695,7.130000114440918,7.199999809265137,6.840000152587891,6.900000095367432,1199400
2008-04-09,5.5723652839660645,7.170000076293945,7.320000171661377,7.119999885559082,7.230000019073486,678900
2008-04-10,5.673398494720459,7.300000190734863,7.309999942779541,7.110000133514404,7.159999847412109,410200
2008-04-11,5.66562557220459,7.289999961853027,7.489999771118164,7.179999828338623,7.230000019073486,907800
2008-04-14,5.657855033874512,7.28000020980835,7.449999809265137,7.239999771118164,7.260000228881836,477400
2008-04-15,5.64231014251709,7.260000228881836,7.349999904632568,7.199999809265137,7.309999942779541,576900
2008-04-16,5.844378471374512,7.519999980926514,7.619999885559082,7.320000171661377,7.340000152587891,677200
2008-04-17,5.867691993713379,7.550000190734863,7.659999847412109,7.429999828338623,7.46999979019165,367100
2008-04-18,5.984267711639404,7.699999809265137,7.809999942779541,7.550000190734863,7.670000076293945,346600
2008-04-21,5.92986536026001,7.630000114440918,7.71999979019165,7.429999828338623,7.650000095367432,346600
2008-04-22,5.782202243804932,7.440000057220459,7.619999885559082,7.300000190734863,7.579999923706055,894700
2008-04-23,5.751115322113037,7.400000095367432,7.5,7.260000228881836,7.460000038146973,284100
2008-04-24,5.782202243804932,7.440000057220459,7.579999923706055,7.190000057220459,7.389999866485596,550500
2008-04-25,5.766658782958984,7.420000076293945,7.519999980926514,7.260000228881836,7.449999809265137,330200
2008-04-28,5.937636852264404,7.639999866485596,7.71999979019165,7.28000020980835,7.449999809265137,455000
2008-04-29,5.751115322113037,7.400000095367432,7.659999847412109,7.400000095367432,7.610000133514404,392300
2008-04-30,5.735569953918457,7.380000114440918,7.559999942779541,7.320000171661377,7.409999847412109,574100
2008-05-01,5.782202243804932,7.440000057220459,7.539999961853027,7.309999942779541,7.360000133514404,557700
2008-05-02,5.751115322113037,7.400000095367432,7.590000152587891,7.320000171661377,7.480000019073486,522900
2008-05-05,5.751115322113037,7.400000095367432,7.489999771118164,7.079999923706055,7.309999942779541,606100
2008-05-06,5.611223220825195,7.21999979019165,7.420000076293945,7.159999847412109,7.28000020980835,739900
2008-05-07,5.277036666870117,6.789999961853027,7.150000095367432,6.739999771118164,7.019999980926514,1284400
2008-05-08,5.471330642700195,7.039999961853027,7.170000076293945,6.739999771118164,6.820000171661377,527500
2008-05-09,5.549049377441406,7.139999866485596,7.190000057220459,6.909999847412109,6.96999979019165,290500
2008-05-12,5.704485893249512,7.340000152587891,7.440000057220459,7.139999866485596,7.170000076293945,320800
2008-05-13,5.945410251617432,7.650000095367432,7.690000057220459,7.360000133514404,7.360000133514404,875600
2008-05-14,6.023128032684326,7.75,7.860000133514404,7.650000095367432,7.679999828338623,746500
2008-05-15,5.999812602996826,7.71999979019165,7.760000228881836,7.599999904632568,7.71999979019165,393900
2008-05-16,6.007582664489746,7.730000019073486,7.840000152587891,7.570000171661377,7.829999923706055,438000
2008-05-19,6.100846767425537,7.849999904632568,7.929999828338623,7.650000095367432,7.679999828338623,676800
2008-05-20,6.061985969543457,7.800000190734863,7.889999866485596,7.739999771118164,7.860000133514404,356800
2008-05-21,6.0775299072265625,7.820000171661377,7.909999847412109,7.71999979019165,7.800000190734863,601900
2008-05-22,6.131932258605957,7.889999866485596,7.96999979019165,7.800000190734863,7.800000190734863,515200
2008-05-23,5.906548976898193,7.599999904632568,7.889999866485596,7.550000190734863,7.840000152587891,221600
2008-05-27,5.953181743621826,7.659999847412109,7.920000076293945,7.550000190734863,7.590000152587891,320600
2008-05-28,6.124160289764404,7.880000114440918,7.889999866485596,7.639999866485596,7.670000076293945,231300
2008-05-29,6.217422008514404,8.0,8.069999694824219,7.820000171661377,7.869999885559082,396900
2008-05-30,6.015356063842773,7.739999771118164,8.020000457763672,7.480000019073486,8.0,686700
2008-06-02,5.945410251617432,7.650000095367432,7.730000019073486,7.46999979019165,7.699999809265137,365800
2008-06-03,5.945410251617432,7.650000095367432,7.949999809265137,7.639999866485596,7.710000038146973,345800
2008-06-04,6.085302829742432,7.829999923706055,7.920000076293945,7.599999904632568,7.599999904632568,290200
2008-06-05,6.256280899047852,8.050000190734863,8.140000343322754,7.769999980926514,7.840000152587891,343700
2008-06-06,6.023128032684326,7.75,8.039999961853027,7.710000038146973,8.0,421800
2008-06-09,5.976495265960693,7.690000057220459,7.949999809265137,7.610000133514404,7.760000228881836,397800
2008-06-10,5.953181743621826,7.659999847412109,7.75,7.5,7.610000133514404,393300
2008-06-11,5.789974212646484,7.449999809265137,7.670000076293945,7.440000057220459,7.619999885559082,327400
2008-06-12,5.875464916229248,7.559999942779541,7.730000019073486,7.409999847412109,7.510000228881836,355800
2008-06-13,5.999812602996826,7.71999979019165,7.760000228881836,7.610000133514404,7.659999847412109,252000
2008-06-16,5.891005992889404,7.579999923706055,7.710000038146973,7.539999961853027,7.690000057220459,471800
2008-06-17,5.891005992889404,7.579999923706055,7.710000038146973,7.519999980926514,7.579999923706055,353800
2008-06-18,5.61899471282959,7.230000019073486,7.550000190734863,7.139999866485596,7.539999961853027,640600
2008-06-19,5.8210601806640625,7.489999771118164,7.5,7.230000019073486,7.230000019073486,461100
2008-06-20,6.1707916259765625,7.940000057220459,8.020000457763672,7.639999866485596,7.849999904632568,1376700
2008-06-23,6.225194931030273,8.010000228881836,8.229999542236328,7.96999979019165,7.96999979019165,811500
2008-06-24,5.797745704650879,7.460000038146973,8.0600004196167,7.460000038146973,8.029999732971191,670700
2008-06-25,5.968725681304932,7.679999828338623,7.829999923706055,7.349999904632568,7.460000038146973,762700
2008-06-26,5.657855033874512,7.28000020980835,7.630000114440918,7.25,7.610000133514404,330700
2008-06-27,5.486875534057617,7.059999942779541,7.289999961853027,6.989999771118164,7.25,1026900
2008-06-30,5.416929244995117,6.96999979019165,7.300000190734863,6.929999828338623,7.039999961853027,757300
2008-07-01,5.409157752990723,6.960000038146973,7.019999980926514,6.789999961853027,6.900000095367432,640900
2008-07-02,5.152688980102539,6.630000114440918,7.03000020980835,6.599999904632568,6.929999828338623,537500
2008-07-03,5.2148637771606445,6.710000038146973,6.800000190734863,6.440000057220459,6.630000114440918,388200
2008-07-07,5.168229579925537,6.650000095367432,6.789999961853027,6.5,6.699999809265137,526200
2008-07-08,5.486875534057617,7.059999942779541,7.059999942779541,6.590000152587891,6.650000095367432,461700
2008-07-09,5.284807205200195,6.800000190734863,7.199999809265137,6.75,7.099999904632568,462200
2008-07-10,5.378068923950195,6.920000076293945,7.099999904632568,6.730000019073486,6.929999828338623,813700
2008-07-11,5.673398494720459,7.300000190734863,7.320000171661377,6.789999961853027,6.840000152587891,481700
2008-07-14,5.448014736175537,7.010000228881836,7.449999809265137,6.940000057220459,7.389999866485596,617700
2008-07-15,5.549049377441406,7.139999866485596,7.260000228881836,6.659999847412109,6.929999828338623,571700
2008-07-16,5.844378471374512,7.519999980926514,7.539999961853027,7.090000152587891,7.159999847412109,409600
2008-07-17,6.06975793838501,7.809999942779541,7.829999923706055,7.550000190734863,7.579999923706055,447200
2008-07-18,6.061985969543457,7.800000190734863,8.130000114440918,7.079999923706055,8.130000114440918,373200
2008-07-21,5.976495265960693,7.690000057220459,7.840000152587891,7.630000114440918,7.800000190734863,296100
2008-07-22,6.264052391052246,8.0600004196167,8.079999923706055,7.599999904632568,7.679999828338623,742600
2008-07-23,6.1707916259765625,7.940000057220459,8.069999694824219,7.739999771118164,8.029999732971191,533400
2008-07-24,6.007582664489746,7.730000019073486,7.96999979019165,7.690000057220459,7.940000057220459,454600
2008-07-25,6.06975793838501,7.809999942779541,7.96999979019165,7.730000019073486,7.849999904632568,343600
2008-07-28,6.015356063842773,7.739999771118164,7.980000019073486,7.599999904632568,7.730000019073486,190200
2008-07-29,6.023128032684326,7.75,7.900000095367432,7.550000190734863,7.699999809265137,449500
2008-07-30,6.100846767425537,7.849999904632568,7.980000019073486,7.699999809265137,7.75,462700
2008-07-31,5.828832149505615,7.5,7.920000076293945,7.480000019073486,7.860000133514404,500100
2008-08-01,5.844378471374512,7.519999980926514,7.650000095367432,7.389999866485596,7.460000038146973,271600
2008-08-04,5.766658782958984,7.420000076293945,7.539999961853027,7.139999866485596,7.539999961853027,417300
2008-08-05,6.030900478363037,7.760000228881836,7.840000152587891,7.480000019073486,7.53000020980835,428800
2008-08-06,6.380629062652588,8.210000038146973,8.25,7.769999980926514,7.800000190734863,679500
2008-08-07,5.867691993713379,7.550000190734863,8.149999618530273,7.5,8.050000190734863,557000
2008-08-08,6.1474738121032715,7.909999847412109,7.96999979019165,7.409999847412109,7.53000020980835,704900
2008-08-11,6.528291702270508,8.399999618530273,8.479999542236328,7.900000095367432,8.0,917400
2008-08-12,6.42725944519043,8.270000457763672,8.399999618530273,8.079999923706055,8.390000343322754,1022400
2008-08-13,6.598238945007324,8.489999771118164,8.569999694824219,8.289999961853027,8.289999961853027,587300
2008-08-14,6.466118812561035,8.319999694824219,8.5,8.210000038146973,8.5,819200
2008-08-15,6.225194931030273,8.010000228881836,8.470000267028809,7.550000190734863,7.550000190734863,654500
2008-08-18,6.131932258605957,7.889999866485596,8.09000015258789,7.849999904632568,8.079999923706055,656200
2008-08-19,6.3106842041015625,8.119999885559082,8.34000015258789,7.849999904632568,7.849999904632568,1425500
2008-08-20,6.388399600982666,8.220000267028809,8.300000190734863,8.050000190734863,8.199999809265137,482800
2008-08-21,6.3106842041015625,8.119999885559082,8.300000190734863,8.09000015258789,8.149999618530273,274500
2008-08-22,6.450576305389404,8.300000190734863,8.390000343322754,8.130000114440918,8.140000343322754,620400
2008-08-25,6.365084648132324,8.1899995803833,8.350000381469727,8.140000343322754,8.239999771118164,290900
2008-08-26,6.248509883880615,8.039999961853027,8.229999542236328,7.929999828338623,8.229999542236328,821500
2008-08-27,6.287368297576904,8.09000015258789,8.220000267028809,7.96999979019165,8.0600004196167,358900
2008-08-28,6.411717414855957,8.25,8.289999961853027,8.039999961853027,8.100000381469727,249000
2008-08-29,6.380629062652588,8.210000038146973,8.270000457763672,8.029999732971191,8.25,478200
2008-09-02,6.318456172943115,8.130000114440918,8.399999618530273,8.050000190734863,8.1899995803833,392800
2008-09-03,6.3106842041015625,8.119999885559082,8.239999771118164,8.0600004196167,8.0600004196167,358300
2008-09-04,6.007582664489746,7.730000019073486,8.0600004196167,7.630000114440918,8.0600004196167,688400
2008-09-05,6.054214000701904,7.789999961853027,7.869999885559082,7.519999980926514,7.71999979019165,429600
2008-09-08,6.248509883880615,8.039999961853027,8.109999656677246,7.840000152587891,7.96999979019165,546200
2008-09-09,5.960952281951904,7.670000076293945,8.270000457763672,7.670000076293945,7.920000076293945,538300
2008-09-10,6.093072891235352,7.840000152587891,7.949999809265137,7.690000057220459,7.769999980926514,391800
2008-09-11,6.23296594619751,8.020000457763672,8.029999732971191,7.619999885559082,7.71999979019165,506500
2008-09-12,6.24073600769043,8.029999732971191,8.029999732971191,7.78000020980835,7.940000057220459,530400
2008-09-15,5.875464916229248,7.559999942779541,7.869999885559082,7.429999828338623,7.659999847412109,1074100
2008-09-16,5.984267711639404,7.699999809265137,7.71999979019165,7.300000190734863,7.510000228881836,850500
2008-09-17,5.207091808319092,6.699999809265137,7.199999809265137,6.539999961853027,7.199999809265137,1605500
2008-09-18,5.486875534057617,7.059999942779541,7.110000133514404,6.510000228881836,6.860000133514404,1099400
2008-09-19,5.75888729095459,7.409999847412109,7.800000190734863,7.21999979019165,7.460000038146973,1564200
2008-09-22,5.751115322113037,7.400000095367432,7.760000228881836,7.199999809265137,7.400000095367432,813700
2008-09-23,5.284807205200195,6.800000190734863,7.389999866485596,6.690000057220459,7.360000133514404,873400
2008-09-24,5.183776378631592,6.670000076293945,6.920000076293945,6.619999885559082,6.869999885559082,687100
2008-09-25,5.300353050231934,6.820000171661377,6.880000114440918,6.579999923706055,6.659999847412109,572900
2008-09-26,5.2226338386535645,6.71999979019165,6.769999980926514,6.559999942779541,6.659999847412109,650400
2008-09-29,4.888448238372803,6.289999961853027,6.840000152587891,6.269999980926514,6.590000152587891,756900
2008-09-30,5.012795448303223,6.449999809265137,6.869999885559082,6.260000228881836,6.380000114440918,829700
2008-10-01,4.903992176055908,6.309999942779541,6.389999866485596,6.139999866485596,6.28000020980835,687400
2008-10-02,4.709697723388672,6.059999942779541,6.329999923706055,5.980000019073486,6.199999809265137,932400
2008-10-03,4.631978988647461,5.960000038146973,6.389999866485596,5.949999809265137,6.130000114440918,697700
2008-10-06,4.468771934509277,5.75,6.099999904632568,5.440000057220459,5.860000133514404,1000900
2008-10-07,4.111270427703857,5.289999961853027,6.0,5.269999980926514,5.789999961853027,1081200
2008-10-08,3.808171510696411,4.900000095367432,5.309999942779541,4.829999923706055,5.0,1222500
2008-10-09,3.404038429260254,4.380000114440918,5.139999866485596,4.340000152587891,5.139999866485596,1013900
2008-10-10,3.885887384414673,5.0,5.0,3.890000104904175,4.130000114440918,1292700
2008-10-13,3.862571954727173,4.96999979019165,5.349999904632568,4.869999885559082,5.269999980926514,1039700
2008-10-14,3.862571954727173,4.96999979019165,5.170000076293945,4.710000038146973,5.119999885559082,940500
2008-10-15,3.4195828437805176,4.400000095367432,4.920000076293945,4.400000095367432,4.840000152587891,899100
2008-10-16,3.7149109840393066,4.78000020980835,4.900000095367432,4.21999979019165,4.440000057220459,825300
2008-10-17,3.4584412574768066,4.449999809265137,4.769999980926514,4.360000133514404,4.550000190734863,755400
2008-10-20,3.5517020225524902,4.570000171661377,4.650000095367432,4.380000114440918,4.5,355600
2008-10-21,3.4195828437805176,4.400000095367432,4.559999942779541,4.28000020980835,4.5,282900
2008-10-22,3.240830421447754,4.170000076293945,4.53000020980835,4.099999904632568,4.260000228881836,377700
2008-10-23,3.1475703716278076,4.050000190734863,4.289999961853027,3.880000114440918,4.210000038146973,741600
2008-10-24,2.984362840652466,3.8399999141693115,4.03000020980835,3.509999990463257,3.700000047683716,475200
2008-10-27,2.790067672729492,3.5899999141693115,3.880000114440918,3.5899999141693115,3.869999885559082,542200
2008-10-28,2.992133855819702,3.8499999046325684,3.880000114440918,3.5,3.690000057220459,474300
2008-10-29,3.2952334880828857,4.239999771118164,4.400000095367432,3.799999952316284,3.9000000953674316,632800
2008-10-30,3.4739837646484375,4.46999979019165,4.46999979019165,4.170000076293945,4.400000095367432,555500
2008-10-31,3.6915931701660156,4.75,4.820000171661377,4.309999942779541,4.429999828338623,973800
2008-11-03,3.6838228702545166,4.739999771118164,4.989999771118164,4.630000114440918,4.760000228881836,619700
2008-11-04,3.6216483116149902,4.659999847412109,4.960000038146973,4.610000133514404,4.920000076293945,516900
2008-11-05,3.334092855453491,4.289999961853027,4.820000171661377,4.289999961853027,4.659999847412109,461000
2008-11-06,3.0853958129882812,3.9700000286102295,4.389999866485596,3.950000047683716,4.260000228881836,488900
2008-11-07,3.023221969604492,3.890000104904175,4.0,3.7699999809265137,4.0,668500
2008-11-10,2.8677849769592285,3.690000057220459,4.039999961853027,3.680000066757202,3.9800000190734863,570400
2008-11-11,2.7589807510375977,3.549999952316284,3.700000047683716,3.440000057220459,3.630000114440918,452800
2008-11-12,2.572458028793335,3.309999942779541,3.7899999618530273,3.299999952316284,3.509999990463257,664000
2008-11-13,2.883329391479492,3.7100000381469727,3.7100000381469727,3.0899999141693115,3.3399999141693115,701800
2008-11-14,2.4947402477264404,3.2100000381469727,3.759999990463257,3.2100000381469727,3.6700000762939453,567700
2008-11-17,2.4092509746551514,3.0999999046325684,3.309999942779541,3.0199999809265137,3.180000066757202,560000
2008-11-18,2.5025129318237305,3.2200000286102295,3.319999933242798,3.0299999713897705,3.109999895095825,678700
2008-11-19,2.3626201152801514,3.0399999618530273,3.299999952316284,2.9700000286102295,3.2200000286102295,725700
2008-11-20,2.0906076431274414,2.690000057220459,3.25,2.6600000858306885,3.009999990463257,1051700
2008-11-21,2.2538161277770996,2.9000000953674316,2.940000057220459,2.5399999618530273,2.75,720000
2008-11-24,2.2771315574645996,2.930000066757202,3.069999933242798,2.809999942779541,2.9000000953674316,724600
2008-11-25,2.3470771312713623,3.0199999809265137,3.0199999809265137,2.859999895095825,2.9800000190734863,441300
2008-11-26,2.4325664043426514,3.130000114440918,3.1500000953674316,2.869999885559082,2.940000057220459,693600
2008-11-28,2.1994125843048096,2.8299999237060547,3.130000114440918,2.7899999618530273,3.049999952316284,601300
2008-12-01,1.9507160186767578,2.509999990463257,2.8499999046325684,2.5,2.75,568900
2008-12-02,2.1683249473571777,2.7899999618530273,2.809999942779541,2.569999933242798,2.619999885559082,636700
2008-12-03,2.3626201152801514,3.0399999618530273,3.0799999237060547,2.690000057220459,2.700000047683716,551900
2008-12-04,2.0051186084747314,2.5799999237060547,2.7699999809265137,2.5,2.7699999809265137,1321000
2008-12-05,2.028433322906494,2.609999895095825,2.619999885559082,2.3299999237060547,2.5399999618530273,534200
2008-12-08,2.1916418075561523,2.819999933242798,2.869999885559082,2.630000114440918,2.7200000286102295,615200
2008-12-09,2.238272190093994,2.880000114440918,2.9800000190734863,2.759999990463257,2.7899999618530273,408000
2008-12-10,2.308218002319336,2.9700000286102295,3.059999942779541,2.890000104904175,2.9200000762939453,268100
2008-12-11,2.1372392177581787,2.75,3.0,2.7300000190734863,2.930000066757202,343400
2008-12-12,2.417023181915283,3.109999895095825,3.119999885559082,2.559999942779541,2.740000009536743,591800
2008-12-15,2.1527814865112305,2.7699999809265137,3.1500000953674316,2.75,3.1500000953674316,510000
2008-12-16,2.3237619400024414,2.990000009536743,3.0299999713897705,2.75,2.809999942779541,732300
2008-12-17,2.3237619400024414,2.990000009536743,3.0999999046325684,2.9000000953674316,2.9600000381469727,301800
2008-12-18,2.284902572631836,2.940000057220459,3.059999942779541,2.8499999046325684,2.9800000190734863,308100
2008-12-19,2.370392084121704,3.049999952316284,3.25,2.930000066757202,3.0899999141693115,847300
2008-12-22,2.145010471343994,2.759999990463257,3.140000104904175,2.5999999046325684,3.0799999237060547,470700
2008-12-23,2.1527814865112305,2.7699999809265137,3.1500000953674316,2.75,2.819999933242798,442500
2008-12-24,2.214956045150757,2.8499999046325684,2.890000104904175,2.7699999809265137,2.809999942779541,150800
2008-12-26,2.1683249473571777,2.7899999618530273,2.9700000286102295,2.7699999809265137,2.880000114440918,234800
2008-12-29,2.230499505996704,2.869999885559082,2.869999885559082,2.609999895095825,2.7699999809265137,619000
2008-12-30,2.2538161277770996,2.9000000953674316,2.9100000858306885,2.7300000190734863,2.8499999046325684,548600
2008-12-31,2.4481091499328613,3.1500000953674316,3.200000047683716,2.759999990463257,2.890000104904175,465800
2009-01-02,2.4247941970825195,3.119999885559082,3.2899999618530273,3.059999942779541,3.180000066757202,526000
2009-01-05,2.4558818340301514,3.1600000858306885,3.390000104904175,3.009999990463257,3.190000057220459,904800
2009-01-06,2.572458028793335,3.309999942779541,3.4000000953674316,3.109999895095825,3.200000047683716,581300
2009-01-07,2.5880019664764404,3.3299999237060547,3.390000104904175,3.200000047683716,3.240000009536743,484200
2009-01-08,2.7512094974517822,3.5399999618530273,3.5399999618530273,3.2799999713897705,3.3399999141693115,487600
2009-01-09,2.4092509746551514,3.0999999046325684,3.559999942779541,3.069999933242798,3.559999942779541,411700
2009-01-12,2.3315327167510986,3.0,3.130000114440918,2.880000114440918,3.0299999713897705,525100
2009-01-13,2.2926745414733887,2.950000047683716,3.0,2.859999895095825,2.9800000190734863,334500
2009-01-14,2.1683249473571777,2.7899999618530273,2.9600000381469727,2.7899999618530273,2.880000114440918,459000
2009-01-15,2.2460429668426514,2.890000104904175,2.9200000762939453,2.5799999237060547,2.799999952316284,491600
2009-01-16,2.0206615924835205,2.5999999046325684,2.930000066757202,2.5399999618530273,2.930000066757202,617300
2009-01-20,1.8108241558074951,2.3299999237060547,2.569999933242798,2.3299999237060547,2.549999952316284,511600
2009-01-21,1.8963134288787842,2.440000057220459,2.5,2.2799999713897705,2.380000114440918,528800
2009-01-22,1.7952808141708374,2.309999942779541,2.4100000858306885,2.25,2.369999885559082,441700
2009-01-23,1.7331061363220215,2.2300000190734863,2.369999885559082,2.1600000858306885,2.299999952316284,484900
2009-01-26,1.7331061363220215,2.2300000190734863,2.3499999046325684,2.140000104904175,2.2300000190734863,299600
2009-01-27,1.7175626754760742,2.2100000381469727,2.3299999237060547,2.200000047683716,2.25,246300
2009-01-28,1.7097914218902588,2.200000047683716,2.319999933242798,2.180000066757202,2.25,282100
2009-01-29,1.5854425430297852,2.0399999618530273,2.259999990463257,2.0399999618530273,2.1600000858306885,307000
2009-01-30,1.5932143926620483,2.049999952316284,2.1700000762939453,2.0399999618530273,2.069999933242798,375300
2009-02-02,1.6942472457885742,2.180000066757202,2.2100000381469727,2.009999990463257,2.009999990463257,398900
2009-02-03,1.663159966468811,2.140000104904175,2.240000009536743,2.069999933242798,2.2100000381469727,201500
2009-02-04,1.6476167440414429,2.119999885559082,2.2799999713897705,2.0199999809265137,2.1500000953674316,268200
2009-02-05,1.8885418176651,2.430000066757202,2.4800000190734863,2.130000114440918,2.2200000286102295,496300
2009-02-06,2.036205768585205,2.619999885559082,2.75,2.4200000762939453,2.4200000762939453,384300
2009-02-09,2.1683249473571777,2.7899999618530273,2.8299999237060547,2.5799999237060547,2.5799999237060547,236000
2009-02-10,1.9818024635314941,2.549999952316284,2.880000114440918,2.5399999618530273,2.7799999713897705,397700
2009-02-11,2.0517499446868896,2.640000104904175,2.740000009536743,2.5399999618530273,2.559999942779541,204000
2009-02-12,1.997346043586731,2.569999933242798,2.609999895095825,2.390000104904175,2.5299999713897705,317500
2009-02-13,1.8963134288787842,2.440000057220459,2.619999885559082,2.4200000762939453,2.549999952316284,331500
2009-02-17,1.7952808141708374,2.309999942779541,2.4000000953674316,2.259999990463257,2.380000114440918,396000
2009-02-18,1.787508487701416,2.299999952316284,2.380000114440918,2.190000057220459,2.3299999237060547,413500
2009-02-19,1.8108241558074951,2.3299999237060547,2.4000000953674316,2.2799999713897705,2.3399999141693115,274300
2009-02-20,1.7331061363220215,2.2300000190734863,2.4600000381469727,2.180000066757202,2.2799999713897705,355000
2009-02-23,1.624301791191101,2.0899999141693115,2.369999885559082,2.0799999237060547,2.299999952316284,497400
2009-02-24,1.632072925567627,2.0999999046325684,2.299999952316284,2.0899999141693115,2.119999885559082,666100
2009-02-25,1.5154964923858643,1.9500000476837158,2.0799999237060547,1.850000023841858,2.069999933242798,683200
2009-02-26,1.4066914319992065,1.809999942779541,2.069999933242798,1.7300000190734863,1.9800000190734863,740300
2009-02-27,1.2512564659118652,1.6100000143051147,1.7899999618530273,1.5299999713897705,1.7799999713897705,828400
2009-03-02,1.1657663583755493,1.5,1.7599999904632568,1.5,1.590000033378601,438700
2009-03-03,1.142451286315918,1.4700000286102295,1.5299999713897705,1.3799999952316284,1.5099999904632568,772500
2009-03-04,1.1502230167388916,1.4800000190734863,1.5299999713897705,1.4500000476837158,1.5,567400
2009-03-05,1.1113640069961548,1.4299999475479126,1.7200000286102295,1.4199999570846558,1.4800000190734863,760000
2009-03-06,1.0802770853042603,1.3899999856948853,1.5,1.3200000524520874,1.440000057220459,441000
2009-03-09,1.041418194770813,1.340000033378601,1.4600000381469727,1.3200000524520874,1.3799999952316284,340200
2009-03-10,1.1657663583755493,1.5,1.5199999809265137,1.340000033378601,1.399999976158142,378000
2009-03-11,1.1269080638885498,1.4500000476837158,1.559999942779541,1.3899999856948853,1.5199999809265137,379000
2009-03-12,1.3600610494613647,1.75,1.7899999618530273,1.3799999952316284,1.4500000476837158,767300
2009-03-13,1.2978861331939697,1.6699999570846558,1.7799999713897705,1.649999976158142,1.7699999809265137,264100
2009-03-16,1.3056584596633911,1.6799999475479126,1.7999999523162842,1.6399999856948853,1.7200000286102295,222800
2009-03-17,1.5154964923858643,1.9500000476837158,1.9500000476837158,1.6299999952316284,1.7799999713897705,440000
2009-03-18,1.624301791191101,2.0899999141693115,2.1500000953674316,1.8899999856948853,1.9500000476837158,530800
2009-03-19,1.6165297031402588,2.0799999237060547,2.200000047683716,2.0199999809265137,2.140000104904175,246000
2009-03-20,1.531040072441101,1.9700000286102295,2.190000057220459,1.899999976158142,2.109999895095825,683200
2009-03-23,1.787508487701416,2.299999952316284,2.7899999618530273,2.0,2.0399999618530273,672200
2009-03-24,1.6087576150894165,2.069999933242798,2.3499999046325684,2.0299999713897705,2.25,386900
2009-03-25,1.803052306175232,2.319999933242798,2.4800000190734863,2.0999999046325684,2.0999999046325684,793400
2009-03-26,1.9662595987319946,2.5299999713897705,2.549999952316284,2.3299999237060547,2.369999885559082,590700
2009-03-27,1.9429436922073364,2.5,2.700000047683716,2.4100000858306885,2.4800000190734863,403600
2009-03-30,1.8263684511184692,2.3499999046325684,2.4700000286102295,2.2300000190734863,2.450000047683716,363800
2009-03-31,1.7952808141708374,2.309999942779541,2.5,2.2899999618530273,2.390000104904175,390900
2009-04-01,1.9429436922073364,2.5,2.5,2.2300000190734863,2.2699999809265137,295800
2009-04-02,2.129467010498047,2.740000009536743,2.759999990463257,2.609999895095825,2.609999895095825,439100
2009-04-03,2.0983803272247314,2.700000047683716,2.759999990463257,2.5899999141693115,2.740000009536743,280900
2009-04-06,2.121694803237915,2.7300000190734863,2.75,2.5899999141693115,2.6600000858306885,343200
2009-04-07,1.8729984760284424,2.4100000858306885,2.75,2.4100000858306885,2.6700000762939453,405200
2009-04-08,2.012890100479126,2.5899999141693115,2.5899999141693115,2.4100000858306885,2.440000057220459,196200
2009-04-09,2.214956045150757,2.8499999046325684,2.8499999046325684,2.6700000762939453,2.6700000762939453,502500
2009-04-13,2.214956045150757,2.8499999046325684,2.869999885559082,2.7200000286102295,2.819999933242798,204500
2009-04-14,2.0983803272247314,2.700000047683716,2.9000000953674316,2.6700000762939453,2.7899999618530273,329200
2009-04-15,2.214956045150757,2.8499999046325684,2.8499999046325684,2.6700000762939453,2.6700000762939453,189500
2009-04-16,2.2926745414733887,2.950000047683716,2.9600000381469727,2.75,2.890000104904175,325000
2009-04-17,2.284902572631836,2.940000057220459,2.9800000190734863,2.9000000953674316,2.9700000286102295,347200
2009-04-20,1.997346043586731,2.569999933242798,2.880000114440918,2.559999942779541,2.8499999046325684,264900
2009-04-21,2.121694803237915,2.7300000190734863,2.7699999809265137,2.549999952316284,2.549999952316284,365300
2009-04-22,2.3859355449676514,3.069999933242798,3.0899999141693115,2.6600000858306885,2.740000009536743,575500
2009-04-23,2.238272190093994,2.880000114440918,3.130000114440918,2.869999885559082,3.0799999237060547,664200
2009-04-24,2.2926745414733887,2.950000047683716,3.009999990463257,2.8299999237060547,2.9100000858306885,455900
2009-04-27,2.1838693618774414,2.809999942779541,2.9000000953674316,2.6600000858306885,2.8399999141693115,267700
2009-04-28,2.1139237880706787,2.7200000286102295,2.859999895095825,2.690000057220459,2.690000057220459,197200
2009-04-29,2.1683249473571777,2.7899999618530273,2.8299999237060547,2.6700000762939453,2.740000009536743,361300
2009-04-30,2.129467010498047,2.740000009536743,2.930000066757202,2.700000047683716,2.8299999237060547,389900
2009-05-01,2.1683249473571777,2.7899999618530273,2.8399999141693115,2.680000066757202,2.7300000190734863,225000
2009-05-04,2.238272190093994,2.880000114440918,2.930000066757202,2.7699999809265137,2.799999952316284,570200
2009-05-05,2.308218002319336,2.9700000286102295,2.990000009536743,2.8499999046325684,2.869999885559082,404000
2009-05-06,2.4014792442321777,3.0899999141693115,3.0999999046325684,2.890000104904175,2.950000047683716,497900
2009-05-07,2.3859355449676514,3.069999933242798,3.4100000858306885,3.0399999618530273,3.130000114440918,364400
2009-05-08,2.7045788764953613,3.4800000190734863,3.5,3.0899999141693115,3.130000114440918,666300
2009-05-11,2.525827407836914,3.25,3.5299999713897705,3.240000009536743,3.450000047683716,594400
2009-05-12,2.2693588733673096,2.9200000762939453,3.5399999618530273,2.7100000381469727,3.2899999618530273,1229400
2009-05-13,2.0750646591186523,2.6700000762939453,2.9000000953674316,2.640000104904175,2.869999885559082,508000
2009-05-14,2.230499505996704,2.869999885559082,3.0,2.5899999141693115,2.700000047683716,475700
2009-05-15,2.238272190093994,2.880000114440918,3.0999999046325684,2.8299999237060547,2.859999895095825,509500
2009-05-18,2.533599615097046,3.259999990463257,3.299999952316284,2.880000114440918,2.880000114440918,513500
2009-05-19,2.549142599105835,3.2799999713897705,3.3399999141693115,3.109999895095825,3.2799999713897705,544200
2009-05-20,2.4947402477264404,3.2100000381469727,3.4600000381469727,3.200000047683716,3.319999933242798,456100
2009-05-21,2.5180559158325195,3.240000009536743,3.259999990463257,3.0999999046325684,3.140000104904175,337800
2009-05-22,2.479196548461914,3.190000057220459,3.259999990463257,3.1700000762939453,3.259999990463257,213400
2009-05-26,2.533599615097046,3.259999990463257,3.369999885559082,3.0299999713897705,3.1600000858306885,620600
2009-05-27,2.4481091499328613,3.1500000953674316,3.259999990463257,3.140000104904175,3.2200000286102295,268600
2009-05-28,2.4247941970825195,3.119999885559082,3.259999990463257,3.0,3.180000066757202,254000
2009-05-29,2.3393051624298096,3.009999990463257,3.2200000286102295,3.0,3.119999885559082,444000
2009-06-01,2.4325664043426514,3.130000114440918,3.240000009536743,3.009999990463257,3.009999990463257,561900
2009-06-02,2.393707752227783,3.0799999237060547,3.1500000953674316,3.059999942779541,3.119999885559082,575800
2009-06-03,2.3859355449676514,3.069999933242798,3.0999999046325684,2.880000114440918,3.0,478300
2009-06-04,2.5413713455200195,3.2699999809265137,3.2899999618530273,3.049999952316284,3.0899999141693115,463300
2009-06-05,2.6424036026000977,3.4000000953674316,3.6500000953674316,3.309999942779541,3.319999933242798,654600
2009-06-08,2.525827407836914,3.25,3.4000000953674316,3.0299999713897705,3.4000000953674316,510200
2009-06-09,2.463653802871704,3.1700000762939453,3.3299999237060547,3.1600000858306885,3.2699999809265137,367900
2009-06-10,2.479196548461914,3.190000057220459,3.240000009536743,3.0799999237060547,3.2200000286102295,475500
2009-06-11,2.5025129318237305,3.2200000286102295,3.309999942779541,3.180000066757202,3.2200000286102295,326500
2009-06-12,2.525827407836914,3.25,3.25,3.140000104904175,3.200000047683716,188800
2009-06-15,2.4092509746551514,3.0999999046325684,3.2100000381469727,2.9100000858306885,3.200000047683716,527500
2009-06-16,2.463653802871704,3.1700000762939453,3.240000009536743,3.0799999237060547,3.1500000953674316,772900
2009-06-17,2.440338373184204,3.140000104904175,3.240000009536743,3.049999952316284,3.1700000762939453,436500
2009-06-18,2.393707752227783,3.0799999237060547,3.25,3.0,3.119999885559082,394100
2009-06-19,2.308218002319336,2.9700000286102295,3.200000047683716,2.950000047683716,3.1500000953674316,732700
2009-06-22,2.2071850299835205,2.8399999141693115,3.0,2.819999933242798,2.950000047683716,550900
2009-06-23,2.1838693618774414,2.809999942779541,2.9000000953674316,2.75,2.859999895095825,245500
2009-06-24,2.1139237880706787,2.7200000286102295,3.0999999046325684,2.6700000762939453,2.8499999046325684,368500
2009-06-25,2.2693588733673096,2.9200000762939453,2.950000047683716,2.5799999237060547,2.700000047683716,247400
2009-06-26,2.4014792442321777,3.0899999141693115,3.140000104904175,2.75,2.8399999141693115,1119300
2009-06-29,2.2460429668426514,2.890000104904175,3.119999885559082,2.890000104904175,3.0199999809265137,206400
2009-06-30,2.106151580810547,2.7100000381469727,2.950000047683716,2.680000066757202,2.9000000953674316,494700
2009-07-01,2.238272190093994,2.880000114440918,2.9800000190734863,2.7200000286102295,2.75,675200
2009-07-02,2.1527814865112305,2.7699999809265137,2.9200000762939453,2.7200000286102295,2.8299999237060547,318800
2009-07-06,2.230499505996704,2.869999885559082,2.940000057220459,2.690000057220459,2.690000057220459,303700
2009-07-07,2.1527814865112305,2.7699999809265137,2.890000104904175,2.7200000286102295,2.880000114440918,437600
2009-07-08,2.1994125843048096,2.8299999237060547,2.859999895095825,2.7300000190734863,2.7300000190734863,539200
2009-07-09,2.145010471343994,2.759999990463257,2.9100000858306885,2.7300000190734863,2.9100000858306885,314100
2009-07-10,2.028433322906494,2.609999895095825,2.819999933242798,2.5,2.7300000190734863,340100
2009-07-13,2.3237619400024414,2.990000009536743,3.069999933242798,2.569999933242798,2.619999885559082,772000
2009-07-14,2.2926745414733887,2.950000047683716,3.0199999809265137,2.7799999713897705,2.9800000190734863,386500
2009-07-15,2.3315327167510986,3.0,3.0799999237060547,2.7699999809265137,3.009999990463257,671900
2009-07-16,2.354848861694336,3.0299999713897705,3.0799999237060547,2.9800000190734863,3.0199999809265137,715800
2009-07-17,2.393707752227783,3.0799999237060547,3.130000114440918,2.940000057220459,3.0299999713897705,765400
2009-07-20,2.556915283203125,3.2899999618530273,3.359999895095825,3.069999933242798,3.119999885559082,1585400
2009-07-21,2.6812632083892822,3.450000047683716,3.4700000286102295,3.309999942779541,3.380000114440918,796000
2009-07-22,2.844470262527466,3.6600000858306885,3.680000066757202,3.200000047683716,3.450000047683716,1186300
2009-07-23,3.1242549419403076,4.019999980926514,4.070000171661377,3.6500000953674316,3.6700000762939453,1546500
2009-07-24,3.3030052185058594,4.25,4.340000152587891,3.9600000381469727,3.9600000381469727,1151400
2009-07-27,3.372950553894043,4.340000152587891,4.489999771118164,4.21999979019165,4.349999904632568,742900
2009-07-28,3.3418638706207275,4.300000190734863,4.360000133514404,4.179999828338623,4.360000133514404,457600
2009-07-29,3.4351253509521484,4.420000076293945,4.480000019073486,4.199999809265137,4.25,565300
2009-07-30,3.4584412574768066,4.449999809265137,4.480000019073486,4.340000152587891,4.449999809265137,506800
2009-07-31,3.334092855453491,4.289999961853027,4.5,4.269999980926514,4.5,548400
2009-08-03,3.450669050216675,4.440000057220459,4.5,4.150000095367432,4.329999923706055,406900
2009-08-04,3.6527369022369385,4.699999809265137,4.860000133514404,4.300000190734863,4.409999847412109,479100
2009-08-05,3.5128424167633057,4.519999980926514,4.800000190734863,4.489999771118164,4.690000057220459,345200
2009-08-06,3.5594747066497803,4.579999923706055,5.25,4.0,5.25,1319700
2009-08-07,3.699366331100464,4.760000228881836,4.949999809265137,4.53000020980835,4.699999809265137,827000
2009-08-10,3.885887384414673,5.0,5.179999828338623,4.730000019073486,4.730000019073486,676900
2009-08-11,4.01801061630249,5.170000076293945,5.230000019073486,4.900000095367432,4.980000019073486,828800
2009-08-12,4.157900810241699,5.349999904632568,5.449999809265137,5.130000114440918,5.190000057220459,859200
2009-08-13,4.2356181144714355,5.449999809265137,5.460000038146973,5.349999904632568,5.420000076293945,599100
2009-08-14,4.258934020996094,5.480000019073486,5.489999771118164,5.300000190734863,5.449999809265137,433100
2009-08-17,4.041323184967041,5.199999809265137,5.380000114440918,5.050000190734863,5.380000114440918,515800
2009-08-18,4.258934020996094,5.480000019073486,5.539999961853027,5.159999847412109,5.159999847412109,464600
2009-08-19,4.274478435516357,5.5,5.559999942779541,5.329999923706055,5.400000095367432,322500
2009-08-20,4.352195739746094,5.599999904632568,5.610000133514404,5.400000095367432,5.5,432800
2009-08-21,4.391053199768066,5.650000095367432,5.710000038146973,5.429999828338623,5.679999828338623,606100
2009-08-24,4.391053199768066,5.650000095367432,5.769999980926514,5.590000152587891,5.679999828338623,324900
2009-08-25,4.367738723754883,5.619999885559082,5.670000076293945,5.46999979019165,5.659999847412109,565100
2009-08-26,4.274478435516357,5.5,5.599999904632568,5.440000057220459,5.599999904632568,523100
2009-08-27,4.282249450683594,5.510000228881836,5.570000171661377,5.159999847412109,5.5,867900
2009-08-28,4.111270427703857,5.289999961853027,5.679999828338623,5.039999961853027,5.489999771118164,965500
2009-08-31,3.9636049270629883,5.099999904632568,5.260000228881836,5.0,5.190000057220459,604900
2009-09-01,3.955834150314331,5.090000152587891,5.420000076293945,5.0,5.059999942779541,1022100
2009-09-02,3.9014320373535156,5.019999980926514,5.150000095367432,5.0,5.059999942779541,258100
2009-09-03,4.002464294433594,5.150000095367432,5.179999828338623,4.949999809265137,5.050000190734863,476600
2009-09-04,4.041323184967041,5.199999809265137,5.289999961853027,5.010000228881836,5.150000095367432,321200
2009-09-08,3.9791510105133057,5.119999885559082,5.340000152587891,5.090000152587891,5.239999771118164,559300
2009-09-09,4.2356181144714355,5.449999809265137,5.460000038146973,5.150000095367432,5.150000095367432,571200
2009-09-10,4.429912090301514,5.699999809265137,5.699999809265137,5.349999904632568,5.480000019073486,730400
2009-09-11,4.523174285888672,5.820000171661377,5.920000076293945,5.639999866485596,5.639999866485596,436000
2009-09-14,4.740784168243408,6.099999904632568,6.150000095367432,5.820000171661377,5.949999809265137,994600
2009-09-15,4.973937034606934,6.400000095367432,6.420000076293945,6.099999904632568,6.099999904632568,697400
2009-09-16,5.300353050231934,6.820000171661377,6.829999923706055,6.449999809265137,6.489999771118164,851400
2009-09-17,5.129374027252197,6.599999904632568,6.889999866485596,6.53000020980835,6.820000171661377,1011600
2009-09-18,5.074970245361328,6.53000020980835,6.599999904632568,6.400000095367432,6.599999904632568,887800
2009-09-21,5.09828519821167,6.559999942779541,6.579999923706055,6.329999923706055,6.46999979019165,327100
2009-09-22,5.269266128540039,6.78000020980835,6.949999809265137,6.650000095367432,6.679999828338623,537600
2009-09-23,5.253721714019775,6.760000228881836,6.960000038146973,6.71999979019165,6.829999923706055,293400
2009-09-24,5.137144565582275,6.610000133514404,6.840000152587891,6.480000019073486,6.78000020980835,449000
2009-09-25,5.176003932952881,6.659999847412109,6.710000038146973,6.46999979019165,6.590000152587891,346200
2009-09-28,5.4324727058410645,6.989999771118164,7.010000228881836,6.699999809265137,6.769999980926514,638900
2009-09-29,5.284807205200195,6.800000190734863,7.190000057220459,6.739999771118164,7.010000228881836,731600
2009-09-30,5.183776378631592,6.670000076293945,6.920000076293945,6.429999828338623,6.829999923706055,797700
2009-10-01,4.779643535614014,6.150000095367432,6.710000038146973,6.099999904632568,6.610000133514404,700800
2009-10-02,4.927307605743408,6.340000152587891,6.460000038146973,6.0,6.059999942779541,510600
2009-10-05,5.09828519821167,6.559999942779541,6.690000057220459,6.400000095367432,6.400000095367432,581000
2009-10-06,5.269266128540039,6.78000020980835,6.940000057220459,6.550000190734863,6.639999866485596,981400
2009-10-07,5.191544532775879,6.679999828338623,6.840000152587891,6.599999904632568,6.699999809265137,398200
2009-10-08,5.2226338386535645,6.71999979019165,6.860000133514404,6.650000095367432,6.730000019073486,660700
2009-10-09,5.238175868988037,6.739999771118164,6.789999961853027,6.610000133514404,6.739999771118164,341000
2009-10-12,5.09828519821167,6.559999942779541,6.789999961853027,6.46999979019165,6.710000038146973,444400
2009-10-13,5.121601104736328,6.590000152587891,6.710000038146973,6.460000038146973,6.480000019073486,961000
2009-10-14,5.207091808319092,6.699999809265137,6.75,6.639999866485596,6.710000038146973,667300
2009-10-15,5.183776378631592,6.670000076293945,6.800000190734863,6.590000152587891,6.639999866485596,389000
2009-10-16,4.973937034606934,6.400000095367432,6.619999885559082,6.079999923706055,6.619999885559082,631200
2009-10-19,5.067199230194092,6.519999980926514,6.579999923706055,6.369999885559082,6.460000038146973,368100
2009-10-20,4.958393096923828,6.380000114440918,6.519999980926514,6.260000228881836,6.519999980926514,331800
2009-10-21,4.748556137084961,6.110000133514404,6.559999942779541,6.079999923706055,6.349999904632568,445000
2009-10-22,4.95062255859375,6.369999885559082,6.460000038146973,6.019999980926514,6.079999923706055,458400
2009-10-23,4.709697723388672,6.059999942779541,6.5,6.050000190734863,6.420000076293945,396500
2009-10-26,4.663065433502197,6.0,6.269999980926514,5.900000095367432,6.090000152587891,461300
2009-10-27,4.554263114929199,5.860000133514404,6.099999904632568,5.849999904632568,6.010000228881836,434600
2009-10-28,4.414370059967041,5.679999828338623,5.949999809265137,5.650000095367432,5.820000171661377,473300
2009-10-29,4.530945301055908,5.829999923706055,6.0,5.71999979019165,5.739999771118164,314600
2009-10-30,4.3366498947143555,5.579999923706055,5.769999980926514,5.570000171661377,5.75,596200
2009-11-02,4.344424247741699,5.590000152587891,5.789999961853027,5.449999809265137,5.610000133514404,310000
2009-11-03,4.492085933685303,5.78000020980835,5.809999942779541,5.510000228881836,5.559999942779541,354900
2009-11-04,4.880676746368408,6.28000020980835,6.400000095367432,5.75,5.900000095367432,859600
2009-11-05,5.051654815673828,6.5,6.590000152587891,6.28000020980835,6.360000133514404,639500
2009-11-06,4.973937034606934,6.400000095367432,6.639999866485596,6.199999809265137,6.420000076293945,503700
2009-11-09,5.129374027252197,6.599999904632568,6.610000133514404,6.420000076293945,6.46999979019165,546900
2009-11-10,4.973937034606934,6.400000095367432,6.639999866485596,6.230000019073486,6.53000020980835,690800
2009-11-11,5.082742691040039,6.539999961853027,6.679999828338623,6.369999885559082,6.510000228881836,309100
2009-11-12,4.981709957122803,6.409999847412109,6.670000076293945,6.349999904632568,6.5,629700
2009-11-13,5.067199230194092,6.519999980926514,6.619999885559082,6.289999961853027,6.420000076293945,334900
2009-11-16,5.129374027252197,6.599999904632568,6.699999809265137,6.429999828338623,6.570000171661377,697400
2009-11-17,5.129374027252197,6.599999904632568,6.670000076293945,6.510000228881836,6.590000152587891,681200
2009-11-18,5.378068923950195,6.920000076293945,7.0,6.5,6.579999923706055,707300
2009-11-19,5.277036666870117,6.789999961853027,6.889999866485596,6.630000114440918,6.860000133514404,620400
2009-11-20,5.3858418464660645,6.929999828338623,7.0,6.75,6.75,484800
2009-11-23,5.63454008102417,7.25,7.289999961853027,7.0,7.03000020980835,952800
2009-11-24,5.611223220825195,7.21999979019165,7.28000020980835,7.139999866485596,7.25,742500
2009-11-25,5.61899471282959,7.230000019073486,7.349999904632568,7.119999885559082,7.289999961853027,378000
2009-11-27,5.463560581207275,7.03000020980835,7.159999847412109,6.849999904632568,6.860000133514404,263200
2009-11-30,5.580135345458984,7.179999828338623,7.21999979019165,7.0,7.059999942779541,757100
2009-12-01,5.727798938751221,7.369999885559082,7.400000095367432,7.25,7.269999980926514,613200
2009-12-02,5.797745704650879,7.460000038146973,7.510000228881836,7.300000190734863,7.349999904632568,503900
2009-12-03,5.626765727996826,7.239999771118164,7.570000171661377,7.21999979019165,7.53000020980835,536800
2009-12-04,5.743344306945801,7.389999866485596,7.639999866485596,7.150000095367432,7.449999809265137,461400
2009-12-07,5.828832149505615,7.5,7.559999942779541,7.320000171661377,7.409999847412109,222000
2009-12-08,5.696712017059326,7.329999923706055,7.519999980926514,7.300000190734863,7.449999809265137,268100
2009-12-09,5.743344306945801,7.389999866485596,7.429999828338623,7.159999847412109,7.320000171661377,209300
2009-12-10,5.564591884613037,7.159999847412109,7.5,7.099999904632568,7.5,313400
2009-12-11,5.611223220825195,7.21999979019165,7.28000020980835,6.96999979019165,7.25,328600
2009-12-14,5.66562557220459,7.289999961853027,7.289999961853027,7.039999961853027,7.199999809265137,355300
2009-12-15,5.525732517242432,7.110000133514404,7.260000228881836,7.090000152587891,7.179999828338623,509800
2009-12-16,5.533504486083984,7.119999885559082,7.190000057220459,6.869999885559082,7.190000057220459,642600
2009-12-17,5.4791035652160645,7.050000190734863,7.119999885559082,6.929999828338623,7.059999942779541,516300
2009-12-18,5.253721714019775,6.760000228881836,7.190000057220459,6.679999828338623,7.190000057220459,1496500
2009-12-21,5.448014736175537,7.010000228881836,7.050000190734863,6.730000019073486,6.800000190734863,502000
2009-12-22,5.657855033874512,7.28000020980835,7.300000190734863,7.0,7.010000228881836,457100
2009-12-23,5.766658782958984,7.420000076293945,7.480000019073486,7.309999942779541,7.360000133514404,409300
2009-12-24,5.852149486541748,7.53000020980835,7.550000190734863,7.300000190734863,7.409999847412109,161400
2009-12-28,5.828832149505615,7.5,7.590000152587891,7.400000095367432,7.590000152587891,231800
2009-12-29,5.852149486541748,7.53000020980835,7.599999904632568,7.440000057220459,7.5,240400
2009-12-30,5.960952281951904,7.670000076293945,7.670000076293945,7.510000228881836,7.590000152587891,271800
2009-12-31,5.80551815032959,7.46999979019165,7.739999771118164,7.46999979019165,7.710000038146973,344900
2010-01-04,6.178563117980957,7.949999809265137,7.960000038146973,7.579999923706055,7.630000114440918,758400
2010-01-05,6.217422008514404,8.0,8.069999694824219,7.900000095367432,7.96999979019165,659700
2010-01-06,6.085302829742432,7.829999923706055,8.050000190734863,7.78000020980835,7.949999809265137,813000
2010-01-07,6.100846767425537,7.849999904632568,7.889999866485596,7.630000114440918,7.800000190734863,248500
2010-01-08,6.186334609985352,7.960000038146973,7.960000038146973,7.760000228881836,7.829999923706055,378400
2010-01-11,6.606010437011719,8.5,8.850000381469727,8.270000457763672,8.850000381469727,1731300
2010-01-12,6.388399600982666,8.220000267028809,8.5600004196167,8.220000267028809,8.5600004196167,859000
2010-01-13,6.504977226257324,8.369999885559082,8.420000076293945,8.25,8.350000381469727,749400
2010-01-14,6.559380054473877,8.4399995803833,8.479999542236328,8.369999885559082,8.380000114440918,640600
2010-01-15,6.621554851531982,8.520000457763672,8.539999961853027,8.350000381469727,8.489999771118164,890200
2010-01-19,6.606010437011719,8.5,8.75,8.479999542236328,8.550000190734863,1074200
2010-01-20,6.380629062652588,8.210000038146973,8.5,8.210000038146973,8.5,688000
2010-01-21,6.13970422744751,7.900000095367432,8.300000190734863,7.849999904632568,8.199999809265137,702600
2010-01-22,6.054214000701904,7.789999961853027,7.949999809265137,7.71999979019165,7.909999847412109,867500
2010-01-25,5.828832149505615,7.5,7.920000076293945,7.480000019073486,7.849999904632568,953400
2010-01-26,5.63454008102417,7.25,7.46999979019165,7.239999771118164,7.46999979019165,720300
2010-01-27,5.766658782958984,7.420000076293945,7.460000038146973,7.139999866485596,7.21999979019165,582800
2010-01-28,5.735569953918457,7.380000114440918,7.519999980926514,7.25,7.460000038146973,536000
2010-01-29,5.789974212646484,7.449999809265137,7.769999980926514,7.380000114440918,7.440000057220459,733900
2010-02-01,5.914323329925537,7.610000133514404,7.699999809265137,7.480000019073486,7.550000190734863,528200
2010-02-02,5.836604595184326,7.510000228881836,7.710000038146973,7.5,7.610000133514404,480200
2010-02-03,5.852149486541748,7.53000020980835,7.559999942779541,7.079999923706055,7.489999771118164,963800
2010-02-04,5.704485893249512,7.340000152587891,7.78000020980835,7.099999904632568,7.460000038146973,922100
2010-02-05,5.517961502075195,7.099999904632568,7.449999809265137,6.929999828338623,7.369999885559082,925400
2010-02-08,5.4791035652160645,7.050000190734863,7.460000038146973,7.010000228881836,7.110000133514404,653300
2010-02-09,5.564591884613037,7.159999847412109,7.25,7.010000228881836,7.010000228881836,640100
2010-02-10,5.533504486083984,7.119999885559082,7.28000020980835,7.019999980926514,7.139999866485596,667100
2010-02-11,5.549049377441406,7.139999866485596,7.21999979019165,7.0,7.079999923706055,762500
2010-02-12,5.828832149505615,7.5,7.510000228881836,7.010000228881836,7.050000190734863,797900
2010-02-16,6.155247211456299,7.920000076293945,7.920000076293945,7.550000190734863,7.699999809265137,761500
2010-02-17,6.209650993347168,7.989999771118164,8.010000228881836,7.880000114440918,7.980000019073486,611700
2010-02-18,6.365084648132324,8.1899995803833,8.1899995803833,7.949999809265137,7.949999809265137,613100
2010-02-19,6.318456172943115,8.130000114440918,8.25,7.880000114440918,8.170000076293945,672300
2010-02-22,6.365084648132324,8.1899995803833,8.210000038146973,8.0,8.199999809265137,396800
2010-02-23,6.264052391052246,8.0600004196167,8.1899995803833,8.010000228881836,8.15999984741211,577500
2010-02-24,6.357313632965088,8.180000305175781,8.25,8.069999694824219,8.119999885559082,365900
2010-02-25,6.3106842041015625,8.119999885559082,8.140000343322754,7.880000114440918,8.069999694824219,405900
2010-02-26,6.178563117980957,7.949999809265137,8.109999656677246,7.900000095367432,8.100000381469727,463000
2010-03-01,6.497207164764404,8.359999656677246,8.390000343322754,7.940000057220459,8.0,738900
2010-03-02,6.5904669761657715,8.479999542236328,8.569999694824219,8.3100004196167,8.40999984741211,1012500
2010-03-03,6.47389030456543,8.329999923706055,8.550000190734863,8.319999694824219,8.479999542236328,548500
2010-03-04,6.559380054473877,8.4399995803833,8.520000457763672,8.239999771118164,8.329999923706055,379500
2010-03-05,6.606010437011719,8.5,8.529999732971191,8.319999694824219,8.5,895200
2010-03-08,6.691498756408691,8.609999656677246,8.630000114440918,8.380000114440918,8.510000228881836,952100
2010-03-09,6.800304889678955,8.75,8.779999732971191,8.5600004196167,8.59000015258789,659300
2010-03-10,6.854708194732666,8.819999694824219,9.0,8.630000114440918,8.630000114440918,584800
2010-03-11,6.90133810043335,8.880000114440918,8.880000114440918,8.029999732971191,8.770000457763672,398200
2010-03-12,6.878025054931641,8.850000381469727,8.899999618530273,8.680000305175781,8.899999618530273,548800
2010-03-15,6.815850257873535,8.770000457763672,8.819999694824219,8.600000381469727,8.800000190734863,391000
2010-03-16,6.83139181137085,8.789999961853027,8.829999923706055,8.670000076293945,8.829999923706055,482500
2010-03-17,6.815850257873535,8.770000457763672,8.880000114440918,8.65999984741211,8.779999732971191,452800
2010-03-18,6.947967529296875,8.9399995803833,8.949999809265137,8.729999542236328,8.770000457763672,434200
2010-03-19,8.028244972229004,10.329999923706055,10.460000038146973,9.449999809265137,10.329999923706055,5220400
2010-03-22,8.082646369934082,10.399999618530273,10.569999694824219,10.109999656677246,10.289999961853027,1979700
2010-03-23,8.067106246948242,10.380000114440918,10.40999984741211,10.199999809265137,10.25,1602600
2010-03-24,8.059335708618164,10.369999885559082,10.399999618530273,10.020000457763672,10.279999732971191,994100
2010-03-25,7.818408966064453,10.0600004196167,10.649999618530273,10.050000190734863,10.449999809265137,1483700
2010-03-26,7.826180458068848,10.069999694824219,10.300000190734863,10.0600004196167,10.130000114440918,921600
2010-03-29,8.012703895568848,10.3100004196167,10.329999923706055,10.069999694824219,10.109999656677246,728500
2010-03-30,8.051560401916504,10.359999656677246,10.460000038146973,10.279999732971191,10.300000190734863,787200
2010-03-31,7.958302021026611,10.239999771118164,10.630000114440918,10.220000267028809,10.3100004196167,1297800
2010-04-01,8.090417861938477,10.40999984741211,10.470000267028809,10.180000305175781,10.300000190734863,991100
2010-04-05,8.13705062866211,10.470000267028809,10.520000457763672,10.289999961853027,10.489999771118164,944500
2010-04-06,8.50232219696045,10.9399995803833,10.949999809265137,10.420000076293945,10.460000038146973,833500
2010-04-07,8.696616172790527,11.1899995803833,11.199999809265137,10.770000457763672,10.859999656677246,1567600
2010-04-08,8.517868041992188,10.960000038146973,11.210000038146973,10.859999656677246,11.170000076293945,815000
2010-04-09,8.595584869384766,11.0600004196167,11.100000381469727,10.880000114440918,10.930000305175781,433500
2010-04-12,8.626670837402344,11.100000381469727,11.180000305175781,11.029999732971191,11.029999732971191,679700
2010-04-13,8.937543869018555,11.5,11.59000015258789,10.979999542236328,11.039999961853027,1064600
2010-04-14,8.875370979309082,11.420000076293945,11.649999618530273,11.25,11.569999694824219,859300
2010-04-15,8.914230346679688,11.470000267028809,11.75,11.3100004196167,11.430000305175781,723000
2010-04-16,8.665533065795898,11.149999618530273,11.59000015258789,11.010000228881836,11.569999694824219,937700
2010-04-19,8.797650337219238,11.319999694824219,11.380000114440918,10.960000038146973,11.119999885559082,1232900
2010-04-20,9.069660186767578,11.670000076293945,11.670000076293945,11.25,11.300000190734863,601200
2010-04-21,9.05412483215332,11.649999618530273,11.829999923706055,11.460000038146973,11.710000038146973,583700
2010-04-22,9.085206031799316,11.6899995803833,11.729999542236328,11.300000190734863,11.460000038146973,562400
2010-04-23,9.124066352844238,11.739999771118164,11.779999732971191,11.5,11.770000457763672,533500
2010-04-26,8.99194622039795,11.569999694824219,11.8100004196167,11.520000457763672,11.800000190734863,607200
2010-04-27,8.634444236755371,11.109999656677246,11.59000015258789,11.100000381469727,11.510000228881836,788400
2010-04-28,8.960860252380371,11.529999732971191,11.680000305175781,11.069999694824219,11.180000305175781,538300
2010-04-29,9.077435493469238,11.680000305175781,11.720000267028809,11.430000305175781,11.609999656677246,781300
2010-04-30,8.78988265991211,11.3100004196167,11.739999771118164,11.3100004196167,11.65999984741211,779700
2010-05-03,8.99194622039795,11.569999694824219,11.600000381469727,11.279999732971191,11.359999656677246,529700
2010-05-04,8.53341007232666,10.979999542236328,11.420000076293945,10.829999923706055,11.40999984741211,999800
2010-05-05,7.911668300628662,10.180000305175781,10.539999961853027,8.75,9.800000190734863,2180900
2010-05-06,7.70959997177124,9.920000076293945,10.420000076293945,8.609999656677246,10.170000076293945,1520700
2010-05-07,7.321012496948242,9.420000076293945,10.079999923706055,9.210000038146973,9.890000343322754,1069300
2010-05-10,8.082646369934082,10.399999618530273,10.479999542236328,10.069999694824219,10.109999656677246,1374400
2010-05-11,8.385748863220215,10.789999961853027,11.079999923706055,10.109999656677246,10.270000457763672,992600
2010-05-12,8.999717712402344,11.579999923706055,11.649999618530273,10.770000457763672,10.869999885559082,1750100
2010-05-13,9.046348571777344,11.640000343322754,11.890000343322754,11.5,11.5600004196167,1003500
2010-05-14,8.580041885375977,11.039999961853027,11.489999771118164,10.869999885559082,11.470000267028809,1248100
2010-05-17,8.688848495483398,11.180000305175781,11.550000190734863,10.84000015258789,11.119999885559082,973100
2010-05-18,8.580041885375977,11.039999961853027,11.609999656677246,10.960000038146973,11.399999618530273,1060800
2010-05-19,8.339119911193848,10.729999542236328,11.039999961853027,10.539999961853027,10.970000267028809,943800
2010-05-20,7.422048091888428,9.550000190734863,10.350000381469727,9.539999961853027,10.319999694824219,1689600
2010-05-21,7.577481746673584,9.75,10.039999961853027,9.220000267028809,9.3100004196167,1530600
2010-05-24,7.406502723693848,9.529999732971191,9.779999732971191,9.5,9.720000267028809,813200
2010-05-25,7.321012496948242,9.420000076293945,9.4399995803833,8.90999984741211,9.1899995803833,1256900
2010-05-26,7.422048091888428,9.550000190734863,9.880000114440918,9.479999542236328,9.550000190734863,1347300
2010-05-27,7.919438362121582,10.1899995803833,10.210000038146973,9.65999984741211,9.869999885559082,787700
2010-05-28,7.764005184173584,9.989999771118164,10.199999809265137,9.850000381469727,10.180000305175781,665000
2010-06-01,7.336555004119873,9.4399995803833,9.989999771118164,9.430000305175781,9.84000015258789,1085300
2010-06-02,7.157806873321533,9.210000038146973,9.5,9.050000190734863,9.470000267028809,1596800
2010-06-03,7.274384498596191,9.359999656677246,9.600000381469727,9.149999618530273,9.369999885559082,990800
2010-06-04,6.971284866333008,8.970000267028809,9.25,8.930000305175781,9.09000015258789,1593800
2010-06-07,6.745901107788086,8.680000305175781,9.09000015258789,8.65999984741211,9.0,1526400
2010-06-08,6.792532920837402,8.739999771118164,8.819999694824219,8.5,8.710000038146973,1154000
2010-06-09,6.769219398498535,8.710000038146973,9.170000076293945,8.619999885559082,8.850000381469727,915400
2010-06-10,7.111176013946533,9.149999618530273,9.149999618530273,8.800000190734863,8.899999618530273,816500
2010-06-11,7.219982147216797,9.289999961853027,9.3100004196167,8.930000305175781,9.020000457763672,604800
2010-06-14,7.2588396072387695,9.34000015258789,9.699999809265137,9.279999732971191,9.399999618530273,603300
2010-06-15,7.561938762664795,9.729999542236328,9.75,9.270000457763672,9.460000038146973,609700
2010-06-16,7.577481746673584,9.75,9.760000228881836,9.399999618530273,9.579999923706055,688900
2010-06-17,7.46090841293335,9.600000381469727,9.779999732971191,9.359999656677246,9.75,904000
2010-06-18,7.5697102546691895,9.739999771118164,9.890000343322754,9.600000381469727,9.640000343322754,997300
2010-06-21,7.46090841293335,9.600000381469727,9.979999542236328,9.5,9.899999618530273,794000
2010-06-22,7.530852794647217,9.6899995803833,9.979999542236328,9.579999923706055,9.680000305175781,1433200
2010-06-23,7.5541672706604,9.720000267028809,9.8100004196167,9.4399995803833,9.670000076293945,1025500
2010-06-24,7.056774616241455,9.079999923706055,9.630000114440918,9.069999694824219,9.600000381469727,931800
2010-06-25,7.087860107421875,9.119999885559082,9.34000015258789,8.920000076293945,9.100000381469727,2213500
2010-06-28,7.010145664215088,9.020000457763672,9.239999771118164,8.930000305175781,9.109999656677246,711700
2010-06-29,6.675955295562744,8.59000015258789,8.899999618530273,8.520000457763672,8.84000015258789,1086800
2010-06-30,6.54383659362793,8.420000076293945,8.869999885559082,8.380000114440918,8.569999694824219,664600
2010-07-01,6.23296594619751,8.020000457763672,8.470000267028809,7.840000152587891,8.40999984741211,1535000
2010-07-02,6.06975793838501,7.809999942779541,8.079999923706055,7.670000076293945,8.0600004196167,758700
2010-07-06,5.782202243804932,7.440000057220459,8.100000381469727,7.380000114440918,8.050000190734863,1221300
2010-07-07,6.5360636711120605,8.40999984741211,8.40999984741211,7.579999923706055,7.619999885559082,1642600
2010-07-08,6.808076858520508,8.760000228881836,8.789999961853027,8.420000076293945,8.5,969800
2010-07-09,6.947967529296875,8.9399995803833,8.970000267028809,8.710000038146973,8.710000038146973,585400
2010-07-12,6.722588539123535,8.649999618530273,9.0600004196167,8.619999885559082,8.920000076293945,428500
2010-07-13,7.087860107421875,9.119999885559082,9.180000305175781,8.819999694824219,8.850000381469727,679500
2010-07-14,7.165576934814453,9.220000267028809,9.220000267028809,8.989999771118164,9.100000381469727,606000
2010-07-15,6.854708194732666,8.819999694824219,9.260000228881836,8.699999809265137,9.260000228881836,787000
2010-07-16,6.528291702270508,8.399999618530273,8.760000228881836,8.369999885559082,8.699999809265137,888400
2010-07-19,6.606010437011719,8.5,8.5,8.279999732971191,8.40999984741211,831100
2010-07-20,7.041229724884033,9.0600004196167,9.15999984741211,8.390000343322754,8.470000267028809,1445200
2010-07-21,7.2432966232299805,9.319999694824219,9.380000114440918,8.970000267028809,9.170000076293945,1308500
2010-07-22,7.802864074707031,10.039999961853027,10.050000190734863,9.380000114440918,9.479999542236328,1411000
2010-07-23,8.020474433898926,10.319999694824219,10.390000343322754,9.8100004196167,9.949999809265137,778900
2010-07-26,8.113733291625977,10.4399995803833,10.470000267028809,9.970000267028809,10.390000343322754,1070300
2010-07-27,7.981616973876953,10.270000457763672,10.770000457763672,10.170000076293945,10.5,770600
2010-07-28,7.958302021026611,10.239999771118164,10.460000038146973,10.100000381469727,10.210000038146973,568400
2010-07-29,8.020474433898926,10.319999694824219,10.670000076293945,10.039999961853027,10.329999923706055,600800
2010-07-30,8.012703895568848,10.3100004196167,10.460000038146973,9.949999809265137,10.09000015258789,603400
2010-08-02,8.90645694732666,11.460000038146973,11.770000457763672,10.510000228881836,10.569999694824219,2407300
2010-08-03,8.719934463500977,11.220000267028809,11.460000038146973,10.8100004196167,11.420000076293945,998000
2010-08-04,8.712160110473633,11.210000038146973,11.619999885559082,11.109999656677246,11.329999923706055,828100
2010-08-05,8.53341007232666,10.979999542236328,11.199999809265137,10.829999923706055,11.100000381469727,751000
2010-08-06,8.377978324890137,10.779999732971191,10.979999542236328,10.489999771118164,10.789999961853027,659400
2010-08-09,8.611125946044922,11.079999923706055,11.180000305175781,10.680000305175781,10.90999984741211,520300
2010-08-10,8.339119911193848,10.729999542236328,11.0,10.579999923706055,10.859999656677246,696800
2010-08-11,7.849494934082031,10.100000381469727,10.420000076293945,10.050000190734863,10.420000076293945,1067900
2010-08-12,7.849494934082031,10.100000381469727,10.220000267028809,9.760000228881836,9.8100004196167,612000
2010-08-13,7.561938762664795,9.729999542236328,10.079999923706055,9.729999542236328,10.020000457763672,658100
2010-08-16,7.662973403930664,9.859999656677246,10.220000267028809,9.40999984741211,9.529999732971191,993600
2010-08-17,7.989384174346924,10.279999732971191,10.369999885559082,9.949999809265137,10.0600004196167,756400
2010-08-18,8.012703895568848,10.3100004196167,10.460000038146973,10.050000190734863,10.270000457763672,596700
2010-08-19,7.616343021392822,9.800000190734863,10.319999694824219,9.779999732971191,10.260000228881836,614500
2010-08-20,7.5230817794799805,9.680000305175781,9.880000114440918,9.539999961853027,9.75,464900
2010-08-23,7.2355241775512695,9.3100004196167,9.869999885559082,9.300000190734863,9.75,627400
2010-08-24,7.134493350982666,9.180000305175781,9.399999618530273,9.0,9.170000076293945,654200
2010-08-25,7.274384498596191,9.359999656677246,9.380000114440918,9.010000228881836,9.09000015258789,589800
2010-08-26,7.352101802825928,9.460000038146973,10.0,9.390000343322754,9.710000038146973,795100
2010-08-27,7.616343021392822,9.800000190734863,9.850000381469727,9.380000114440918,9.649999618530273,584300
2010-08-30,7.5075364112854,9.65999984741211,9.949999809265137,9.65999984741211,9.760000228881836,706600
2010-08-31,7.577481746673584,9.75,10.0,9.4399995803833,9.630000114440918,621500
2010-09-01,8.214765548706055,10.569999694824219,10.619999885559082,9.789999961853027,9.979999542236328,1059700
2010-09-02,8.222540855407715,10.579999923706055,10.600000381469727,10.359999656677246,10.550000190734863,591500
2010-09-03,8.447922706604004,10.869999885559082,11.029999732971191,10.649999618530273,10.760000228881836,586500
2010-09-07,7.973845481872559,10.260000228881836,10.779999732971191,10.210000038146973,10.779999732971191,844900
2010-09-08,8.175910949707031,10.520000457763672,10.779999732971191,10.319999694824219,10.350000381469727,630100
2010-09-09,8.067106246948242,10.380000114440918,10.779999732971191,10.220000267028809,10.739999771118164,428700
2010-09-10,8.090417861938477,10.40999984741211,10.649999618530273,10.380000114440918,10.449999809265137,816200
2010-09-13,8.331345558166504,10.720000267028809,10.739999771118164,10.4399995803833,10.59000015258789,812500
2010-09-14,8.455695152282715,10.880000114440918,10.960000038146973,10.3100004196167,10.630000114440918,1080300
2010-09-15,8.455695152282715,10.880000114440918,11.020000457763672,10.609999656677246,10.930000305175781,929600
2010-09-16,8.479009628295898,10.90999984741211,11.149999618530273,10.75,10.819999694824219,658500
2010-09-17,8.712160110473633,11.210000038146973,11.720000267028809,10.789999961853027,11.050000190734863,1606300
2010-09-20,8.859824180603027,11.399999618530273,11.5,11.140000343322754,11.300000190734863,759000
2010-09-21,8.89868450164795,11.449999809265137,11.649999618530273,11.239999771118164,11.420000076293945,760400
2010-09-22,8.937543869018555,11.5,11.670000076293945,11.279999732971191,11.40999984741211,778800
2010-09-23,8.751021385192871,11.260000228881836,11.8100004196167,11.15999984741211,11.350000381469727,1071600
2010-09-24,9.155156135559082,11.779999732971191,11.8100004196167,11.420000076293945,11.489999771118164,674700
2010-09-27,9.481568336486816,12.199999809265137,12.420000076293945,11.789999961853027,11.979999542236328,1215100
2010-09-28,9.738038063049316,12.529999732971191,12.550000190734863,12.010000228881836,12.279999732971191,1762700
2010-09-29,9.559287071228027,12.300000190734863,12.59000015258789,12.170000076293945,12.4399995803833,1079200
2010-09-30,9.396077156066895,12.09000015258789,12.489999771118164,11.699999809265137,12.460000038146973,1044700
2010-10-01,9.450480461120605,12.15999984741211,12.420000076293945,12.09000015258789,12.260000228881836,601600
2010-10-04,9.341673851013184,12.020000457763672,12.15999984741211,11.770000457763672,12.069999694824219,862400
2010-10-05,9.839069366455078,12.65999984741211,12.739999771118164,12.149999618530273,12.229999542236328,892900
2010-10-06,9.839069366455078,12.65999984741211,12.770000457763672,12.539999961853027,12.760000228881836,867900
2010-10-07,9.909019470214844,12.75,12.850000381469727,12.399999618530273,12.739999771118164,991100
2010-10-08,10.056679725646973,12.9399995803833,13.039999961853027,12.649999618530273,12.760000228881836,957000
2010-10-11,9.924559593200684,12.770000457763672,13.010000228881836,12.720000267028809,12.960000038146973,632500
2010-10-12,9.924559593200684,12.770000457763672,12.869999885559082,12.4399995803833,12.6899995803833,815900
2010-10-13,10.212111473083496,13.140000343322754,13.180000305175781,12.789999961853027,12.930000305175781,928700
2010-10-14,10.39086627960205,13.369999885559082,13.449999809265137,13.039999961853027,13.15999984741211,979700
2010-10-15,9.963419914245605,12.819999694824219,13.34000015258789,12.760000228881836,13.229999542236328,1412200
2010-10-18,10.010051727294922,12.880000114440918,12.949999809265137,12.640000343322754,12.819999694824219,1060300
2010-10-19,9.598142623901367,12.350000381469727,12.75,12.199999809265137,12.579999923706055,1136900
2010-10-20,9.753580093383789,12.550000190734863,12.699999809265137,12.319999694824219,12.449999809265137,1018900
2010-10-21,9.870158195495605,12.699999809265137,12.770000457763672,12.430000305175781,12.600000381469727,931800
2010-10-22,9.823527336120605,12.640000343322754,12.850000381469727,12.579999923706055,12.779999732971191,482800
2010-10-25,10.002276420593262,12.869999885559082,12.979999542236328,12.699999809265137,12.710000038146973,857300
2010-10-26,9.924559593200684,12.770000457763672,12.989999771118164,12.609999656677246,12.720000267028809,754600
2010-10-27,9.947874069213867,12.800000190734863,12.829999923706055,12.449999809265137,12.65999984741211,727400
2010-10-28,9.823527336120605,12.640000343322754,12.960000038146973,12.5,12.930000305175781,428400
2010-10-29,10.041132926940918,12.920000076293945,13.149999618530273,12.520000457763672,12.539999961853027,855000
2010-11-01,10.235431671142578,13.170000076293945,13.529999732971191,12.949999809265137,13.050000190734863,1356000
2010-11-02,10.297603607177734,13.25,13.390000343322754,13.079999923706055,13.390000343322754,869400
2010-11-03,10.2509765625,13.1899995803833,13.329999923706055,12.949999809265137,13.279999732971191,939300
2010-11-04,10.56961441040039,13.600000381469727,13.989999771118164,13.279999732971191,13.279999732971191,2851100
2010-11-05,10.39086627960205,13.369999885559082,13.770000457763672,13.180000305175781,13.770000457763672,1415100
2010-11-08,10.398636817932129,13.380000114440918,13.510000228881836,13.170000076293945,13.229999542236328,833000
2010-11-09,10.118855476379395,13.020000457763672,13.479999542236328,12.90999984741211,13.460000038146973,1042300
2010-11-10,10.297603607177734,13.25,13.260000228881836,12.800000190734863,13.010000228881836,1051000
2010-11-11,9.986734390258789,12.850000381469727,13.09000015258789,12.8100004196167,13.0600004196167,978200
2010-11-12,9.660318374633789,12.430000305175781,12.789999961853027,12.359999656677246,12.729999542236328,977700
2010-11-15,9.613685607910156,12.369999885559082,12.640000343322754,12.350000381469727,12.5,668100
2010-11-16,9.279501914978027,11.9399995803833,12.25,11.850000381469727,12.199999809265137,1050900
2010-11-17,9.038575172424316,11.630000114440918,12.0,11.579999923706055,11.899999618530273,973900
2010-11-18,9.295047760009766,11.960000038146973,12.149999618530273,11.819999694824219,11.869999885559082,640600
2010-11-19,9.396077156066895,12.09000015258789,12.140000343322754,11.729999542236328,11.829999923706055,442400
2010-11-22,9.434938430786133,12.140000343322754,12.25,11.75,11.970000267028809,823700
2010-11-23,9.186238288879395,11.819999694824219,12.0600004196167,11.600000381469727,11.960000038146973,739500
2010-11-24,9.792436599731445,12.600000381469727,12.600000381469727,11.90999984741211,11.949999809265137,856300
2010-11-26,9.675860404968262,12.449999809265137,12.550000190734863,12.369999885559082,12.4399995803833,189100
2010-11-29,9.613685607910156,12.369999885559082,12.489999771118164,12.15999984741211,12.390000343322754,606400
2010-11-30,9.683635711669922,12.460000038146973,12.59000015258789,12.239999771118164,12.239999771118164,1350100
2010-12-01,10.087766647338867,12.979999542236328,13.0600004196167,12.710000038146973,12.710000038146973,1321300
2010-12-02,10.103309631347656,13.0,13.140000343322754,12.90999984741211,13.039999961853027,942900
2010-12-03,10.095540046691895,12.989999771118164,13.039999961853027,12.779999732971191,12.890000343322754,535800
2010-12-06,10.002276420593262,12.869999885559082,13.029999732971191,12.869999885559082,12.970000267028809,775500
2010-12-07,10.010051727294922,12.880000114440918,13.149999618530273,12.84000015258789,13.0600004196167,1011500
2010-12-08,10.002276420593262,12.869999885559082,13.09000015258789,12.649999618530273,12.90999984741211,701000
2010-12-09,9.986734390258789,12.850000381469727,13.0,12.720000267028809,12.979999542236328,529700
2010-12-10,10.033365249633789,12.90999984741211,12.949999809265137,12.670000076293945,12.859999656677246,429300
2010-12-13,10.048907279968262,12.930000305175781,13.199999809265137,12.850000381469727,13.050000190734863,783700
2010-12-14,10.06445026397705,12.949999809265137,13.069999694824219,12.869999885559082,12.989999771118164,354700
2010-12-15,9.97119140625,12.829999923706055,13.170000076293945,12.819999694824219,12.90999984741211,593300
2010-12-16,10.118855476379395,13.020000457763672,13.130000114440918,12.720000267028809,12.850000381469727,468200
2010-12-17,10.305377960205078,13.260000228881836,13.279999732971191,12.869999885559082,12.989999771118164,1098200
2010-12-20,10.219888687133789,13.149999618530273,13.329999923706055,12.960000038146973,13.279999732971191,815700
2010-12-21,10.445267677307129,13.4399995803833,13.829999923706055,13.079999923706055,13.1899995803833,577400
2010-12-22,10.313153266906738,13.270000457763672,13.449999809265137,13.010000228881836,13.430000305175781,765700
2010-12-23,10.328693389892578,13.289999961853027,13.420000076293945,13.229999542236328,13.270000457763672,240000
2010-12-27,10.19657039642334,13.119999885559082,13.1899995803833,13.029999732971191,13.1899995803833,360300
2010-12-28,9.986734390258789,12.850000381469727,13.199999809265137,12.800000190734863,13.15999984741211,437800
2010-12-29,9.947874069213867,12.800000190734863,12.90999984741211,12.789999961853027,12.859999656677246,293900
2010-12-30,9.924559593200684,12.770000457763672,12.920000076293945,12.770000457763672,12.800000190734863,248600
2010-12-31,9.706951141357422,12.489999771118164,12.75,12.4399995803833,12.75,630300
2011-01-03,10.795000076293945,13.890000343322754,14.050000190734863,12.800000190734863,12.8100004196167,2207500
2011-01-04,10.717278480529785,13.789999961853027,14.34000015258789,13.569999694824219,14.100000381469727,1112100
2011-01-05,10.693965911865234,13.760000228881836,14.050000190734863,13.670000076293945,13.739999771118164,748900
2011-01-06,10.375325202941895,13.350000381469727,13.850000381469727,13.260000228881836,13.779999732971191,1069100
2011-01-07,10.282060623168945,13.229999542236328,13.460000038146973,13.100000381469727,13.369999885559082,599000
2011-01-10,10.297603607177734,13.25,13.34000015258789,13.0,13.15999984741211,453700
2011-01-11,10.2509765625,13.1899995803833,13.319999694824219,13.109999656677246,13.319999694824219,419400
2011-01-12,10.406410217285156,13.390000343322754,13.569999694824219,13.25,13.279999732971191,499500
2011-01-13,10.491900444030762,13.5,13.699999809265137,13.359999656677246,13.390000343322754,538200
2011-01-14,10.647337913513184,13.699999809265137,13.84000015258789,13.449999809265137,13.520000457763672,748200
2011-01-18,10.717278480529785,13.789999961853027,13.84000015258789,13.649999618530273,13.670000076293945,458800
2011-01-19,10.320917129516602,13.279999732971191,13.829999923706055,13.199999809265137,13.829999923706055,615900
2011-01-20,10.212111473083496,13.140000343322754,13.449999809265137,13.020000457763672,13.130000114440918,934300
2011-01-21,10.033365249633789,12.90999984741211,13.279999732971191,12.899999618530273,13.270000457763672,619900
2011-01-24,9.862384796142578,12.6899995803833,13.010000228881836,12.670000076293945,12.949999809265137,1070500
2011-01-25,10.010051727294922,12.880000114440918,13.0,12.510000228881836,12.529999732971191,1162500
2011-01-26,10.19657039642334,13.119999885559082,13.289999961853027,12.890000343322754,12.970000267028809,723900
2011-01-27,10.219888687133789,13.149999618530273,13.279999732971191,12.949999809265137,13.1899995803833,527500
2011-01-28,10.056679725646973,12.9399995803833,13.25,12.720000267028809,13.220000267028809,933400
2011-01-31,10.219888687133789,13.149999618530273,13.390000343322754,12.760000228881836,13.039999961853027,651700
2011-02-01,10.732824325561523,13.8100004196167,13.90999984741211,13.289999961853027,13.289999961853027,1144200
2011-02-02,10.616247177124023,13.65999984741211,13.75,13.460000038146973,13.699999809265137,972000
2011-02-03,10.414183616638184,13.399999618530273,14.0,13.279999732971191,14.0,884200
2011-02-04,11.206903457641602,14.420000076293945,14.579999923706055,13.369999885559082,13.420000076293945,2388500
2011-02-07,11.113637924194336,14.300000190734863,14.710000038146973,14.170000076293945,14.550000190734863,1266600
2011-02-08,11.307936668395996,14.550000190734863,14.550000190734863,14.119999885559082,14.279999732971191,904800
2011-02-09,11.067008972167969,14.239999771118164,14.84000015258789,14.229999542236328,14.479999542236328,618300
2011-02-10,11.08255386352539,14.260000228881836,14.5,14.010000228881836,14.149999618530273,568200
2011-02-11,11.440055847167969,14.720000267028809,14.819999694824219,14.010000228881836,14.140000343322754,1018300
2011-02-14,11.541091918945312,14.850000381469727,14.899999618530273,14.699999809265137,14.760000228881836,673900
2011-02-15,11.463373184204102,14.75,14.930000305175781,14.670000076293945,14.8100004196167,903900
2011-02-16,11.510003089904785,14.8100004196167,14.930000305175781,14.699999809265137,14.819999694824219,579100
2011-02-17,11.502230644226074,14.800000190734863,14.970000267028809,14.729999542236328,14.739999771118164,620700
2011-02-18,11.362337112426758,14.619999885559082,14.800000190734863,14.5,14.800000190734863,766100
2011-02-22,10.818315505981445,13.920000076293945,14.510000228881836,13.829999923706055,14.359999656677246,843000
2011-02-23,10.445267677307129,13.4399995803833,13.899999618530273,13.260000228881836,13.880000114440918,960600
2011-02-24,10.383089065551758,13.359999656677246,13.579999923706055,13.109999656677246,13.430000305175781,1110700
2011-02-25,10.872718811035156,13.989999771118164,14.0,13.520000457763672,13.539999961853027,688800
2011-02-28,10.78722858428955,13.880000114440918,14.319999694824219,13.670000076293945,14.15999984741211,504100
2011-03-01,11.051465034484863,14.220000267028809,14.979999542236328,14.039999961853027,14.039999961853027,2108100
2011-03-02,10.88825798034668,14.010000228881836,14.220000267028809,13.680000305175781,14.170000076293945,1199400
2011-03-03,11.144730567932129,14.34000015258789,14.399999618530273,14.170000076293945,14.25,912800
2011-03-04,11.03592300415039,14.199999809265137,14.4399995803833,13.90999984741211,14.430000305175781,626800
2011-03-07,10.826086044311523,13.930000305175781,14.720000267028809,13.680000305175781,14.289999961853027,1213100
2011-03-08,10.92712116241455,14.0600004196167,14.149999618530273,13.619999885559082,13.850000381469727,812200
2011-03-09,10.577386856079102,13.609999656677246,14.069999694824219,13.600000381469727,14.069999694824219,761100
2011-03-10,10.101913452148438,12.960000038146973,13.859999656677246,12.920000076293945,13.359999656677246,1505600
2011-03-11,10.26560115814209,13.170000076293945,13.300000190734863,12.720000267028809,12.850000381469727,606200
2011-03-14,10.109711647033691,12.970000267028809,13.210000038146973,12.760000228881836,12.800000190734863,774800
2011-03-15,10.062939643859863,12.90999984741211,13.079999923706055,12.420000076293945,12.4399995803833,778800
2011-03-16,9.875864028930664,12.670000076293945,13.039999961853027,12.529999732971191,12.789999961853027,943900
2011-03-17,9.844687461853027,12.630000114440918,12.989999771118164,12.619999885559082,12.960000038146973,839900
2011-03-18,9.977198600769043,12.800000190734863,13.029999732971191,12.699999809265137,12.819999694824219,1136200
2011-03-21,10.335753440856934,13.260000228881836,13.260000228881836,12.920000076293945,13.020000457763672,546300
2011-03-22,10.179859161376953,13.0600004196167,13.399999618530273,13.020000457763672,13.25,374100
2011-03-23,10.29677677154541,13.210000038146973,13.289999961853027,12.869999885559082,12.970000267028809,507200
2011-03-24,10.452676773071289,13.40999984741211,13.449999809265137,13.130000114440918,13.319999694824219,484500
2011-03-25,10.74107551574707,13.779999732971191,13.920000076293945,13.470000267028809,13.470000267028809,871800
2011-03-28,10.616362571716309,13.619999885559082,13.880000114440918,13.600000381469727,13.8100004196167,472100
2011-03-29,10.85799789428711,13.930000305175781,14.050000190734863,13.5,13.59000015258789,775700
2011-03-30,10.943739891052246,14.039999961853027,14.039999961853027,13.800000190734863,14.029999732971191,532700
2011-03-31,11.076249122619629,14.210000038146973,14.260000228881836,14.0,14.039999961853027,631900
2011-04-01,11.06845474243164,14.199999809265137,14.5,14.170000076293945,14.300000190734863,588100
2011-04-04,11.099630355834961,14.239999771118164,14.300000190734863,14.119999885559082,14.270000457763672,474100
2011-04-05,11.33347225189209,14.539999961853027,14.649999618530273,14.210000038146973,14.239999771118164,932300
2011-04-06,11.37244987487793,14.59000015258789,14.680000305175781,14.380000114440918,14.649999618530273,1101100
2011-04-07,11.33347225189209,14.539999961853027,14.739999771118164,14.470000267028809,14.609999656677246,1492400
2011-04-08,11.349064826965332,14.5600004196167,14.680000305175781,14.510000228881836,14.65999984741211,701400
2011-04-11,10.748869895935059,13.789999961853027,14.550000190734863,13.640000343322754,14.550000190734863,1055300
2011-04-12,10.49164867401123,13.460000038146973,13.779999732971191,13.40999984741211,13.630000114440918,784200
2011-04-13,10.148682594299316,13.020000457763672,13.670000076293945,12.949999809265137,13.609999656677246,1263500
2011-04-14,10.32016372680664,13.239999771118164,13.239999771118164,12.8100004196167,12.850000381469727,1306700
2011-04-15,10.359137535095215,13.289999961853027,13.329999923706055,13.0,13.15999984741211,593200
2011-04-18,10.203241348266602,13.09000015258789,13.149999618530273,12.930000305175781,13.050000190734863,544200
2011-04-19,10.359137535095215,13.289999961853027,13.289999961853027,12.930000305175781,13.130000114440918,768500
2011-04-20,10.819026947021484,13.880000114440918,14.0600004196167,13.5600004196167,13.569999694824219,884800
2011-04-21,10.889175415039062,13.970000267028809,14.0,13.739999771118164,13.960000038146973,409800
2011-04-25,10.85799789428711,13.930000305175781,14.029999732971191,13.789999961853027,13.890000343322754,382800
2011-04-26,11.107426643371582,14.25,14.369999885559082,13.9399995803833,14.029999732971191,556800
2011-04-27,11.224347114562988,14.399999618530273,14.40999984741211,14.260000228881836,14.319999694824219,490200
2011-04-28,11.239937782287598,14.420000076293945,14.479999542236328,14.300000190734863,14.390000343322754,402400
2011-04-29,11.286704063415527,14.479999542236328,14.5,14.350000381469727,14.420000076293945,367000
2011-05-02,11.060654640197754,14.1899995803833,14.619999885559082,14.130000114440918,14.479999542236328,709500
2011-05-03,10.920351028442383,14.010000228881836,14.220000267028809,13.859999656677246,14.149999618530273,615700
2011-05-04,11.255526542663574,14.4399995803833,15.329999923706055,14.430000305175781,15.029999732971191,1635900
2011-05-05,11.01389217376709,14.130000114440918,14.539999961853027,13.90999984741211,14.300000190734863,1328400
2011-05-06,11.216553688049316,14.390000343322754,14.880000114440918,14.210000038146973,14.350000381469727,860300
2011-05-09,11.33347225189209,14.539999961853027,14.59000015258789,14.319999694824219,14.350000381469727,442100
2011-05-10,11.48157024383545,14.729999542236328,14.739999771118164,14.520000457763672,14.720000267028809,495900
2011-05-11,11.380243301391602,14.600000381469727,14.920000076293945,14.40999984741211,14.720000267028809,663700
2011-05-12,11.364651679992676,14.579999923706055,14.75,14.1899995803833,14.5,733000
2011-05-13,11.239937782287598,14.420000076293945,14.739999771118164,14.289999961853027,14.630000114440918,845900
2011-05-16,10.974916458129883,14.079999923706055,14.289999961853027,14.020000457763672,14.279999732971191,1180400
2011-05-17,10.678722381591797,13.699999809265137,14.109999656677246,13.5600004196167,14.0,1238200
2011-05-18,11.154194831848145,14.3100004196167,14.369999885559082,13.859999656677246,13.899999618530273,1396500
2011-05-19,11.161989212036133,14.319999694824219,14.630000114440918,14.199999809265137,14.460000038146973,1118500
2011-05-20,11.169785499572754,14.329999923706055,14.460000038146973,14.1899995803833,14.279999732971191,992600
2011-05-23,10.881382942199707,13.960000038146973,14.15999984741211,13.8100004196167,14.039999961853027,767100
2011-05-24,10.967123031616211,14.069999694824219,14.489999771118164,13.989999771118164,14.0600004196167,1076900
2011-05-25,11.154194831848145,14.3100004196167,14.479999542236328,14.010000228881836,14.010000228881836,1148500
2011-05-26,11.286704063415527,14.479999542236328,14.5,14.199999809265137,14.210000038146973,541700
2011-05-27,11.512750625610352,14.770000457763672,14.84000015258789,14.270000457763672,14.600000381469727,718200
2011-05-31,11.871306419372559,15.229999542236328,15.449999809265137,14.9399995803833,14.979999542236328,1323700
2011-06-01,11.590697288513184,14.869999885559082,15.229999542236328,14.720000267028809,15.199999809265137,1399000
2011-06-02,11.551724433898926,14.819999694824219,15.029999732971191,14.75,14.890000343322754,743400
2011-06-03,11.154194831848145,14.3100004196167,14.779999732971191,14.279999732971191,14.539999961853027,709100
2011-06-06,10.865793228149414,13.9399995803833,14.399999618530273,13.890000343322754,14.270000457763672,796600
2011-06-07,10.943739891052246,14.039999961853027,14.300000190734863,14.010000228881836,14.079999923706055,596300
2011-06-08,10.733281135559082,13.770000457763672,14.079999923706055,13.75,13.949999809265137,855600
2011-06-09,10.951534271240234,14.050000190734863,14.210000038146973,13.8100004196167,13.890000343322754,731000
2011-06-10,10.904767036437988,13.989999771118164,14.170000076293945,13.829999923706055,14.029999732971191,914800
2011-06-13,11.029480934143066,14.149999618530273,14.289999961853027,14.010000228881836,14.039999961853027,780600
2011-06-14,11.373420715332031,14.550000190734863,14.680000305175781,14.3100004196167,14.329999923706055,749600
2011-06-15,11.170182228088379,14.289999961853027,14.5600004196167,14.180000305175781,14.359999656677246,646000
2011-06-16,11.185816764831543,14.3100004196167,14.5,13.979999542236328,14.279999732971191,816400
2011-06-17,11.177999496459961,14.300000190734863,14.699999809265137,14.15999984741211,14.529999732971191,1274100
2011-06-20,11.334333419799805,14.5,14.569999694824219,14.199999809265137,14.220000267028809,519300
2011-06-21,11.561020851135254,14.789999961853027,14.960000038146973,14.520000457763672,14.649999618530273,844700
2011-06-22,11.475035667419434,14.680000305175781,14.9399995803833,14.649999618530273,14.680000305175781,505000
2011-06-23,11.576654434204102,14.8100004196167,14.84000015258789,14.220000267028809,14.460000038146973,504400
2011-06-24,11.467222213745117,14.670000076293945,14.880000114440918,14.489999771118164,14.880000114440918,853100
2011-06-27,11.693907737731934,14.960000038146973,14.989999771118164,14.5,14.680000305175781,741800
2011-06-28,11.803340911865234,15.100000381469727,15.180000305175781,14.9399995803833,15.0,802200
2011-06-29,11.842422485351562,15.149999618530273,15.3100004196167,14.899999618530273,15.199999809265137,1015700
2011-06-30,12.092558860778809,15.470000267028809,15.510000228881836,15.119999885559082,15.15999984741211,627000
2011-07-01,12.295797348022461,15.729999542236328,15.800000190734863,15.390000343322754,15.510000228881836,746500
2011-07-05,12.538121223449707,16.040000915527344,16.079999923706055,15.65999984741211,15.729999542236328,889400
2011-07-06,12.600654602050781,16.1200008392334,16.299999237060547,16.010000228881836,16.040000915527344,914000
2011-07-07,12.538121223449707,16.040000915527344,16.43000030517578,15.960000038146973,16.31999969482422,1328000
2011-07-08,12.522488594055176,16.020000457763672,16.030000686645508,15.710000038146973,15.800000190734863,836200
2011-07-11,12.381782531738281,15.84000015258789,15.979999542236328,15.6899995803833,15.729999542236328,1222200
2011-07-12,12.428681373596191,15.899999618530273,16.0,15.710000038146973,15.760000228881836,1113900
2011-07-13,12.671005249023438,16.209999084472656,16.540000915527344,15.979999542236328,16.059999465942383,1764800
2011-07-14,12.663188934326172,16.200000762939453,16.440000534057617,16.040000915527344,16.239999771118164,1762600
2011-07-15,12.5850191116333,16.100000381469727,16.350000381469727,16.0,16.270000457763672,762100
2011-07-18,12.2567138671875,15.680000305175781,16.09000015258789,15.630000114440918,16.0,1056900
2011-07-19,12.350516319274902,15.800000190734863,15.829999923706055,15.619999885559082,15.800000190734863,1115900
2011-07-20,12.538121223449707,16.040000915527344,16.149999618530273,15.75,15.869999885559082,737800
2011-07-21,12.772621154785156,16.34000015258789,16.520000457763672,16.09000015258789,16.1299991607666,598600
2011-07-22,12.686637878417969,16.229999542236328,16.43000030517578,16.200000762939453,16.360000610351562,445600
2011-07-25,12.74916934967041,16.309999465942383,16.610000610351562,16.15999984741211,16.350000381469727,905800
2011-07-26,12.538121223449707,16.040000915527344,16.34000015258789,16.030000686645508,16.309999465942383,485000
2011-07-27,12.217630386352539,15.630000114440918,15.989999771118164,15.579999923706055,15.970000267028809,847900
2011-07-28,12.155096054077148,15.550000190734863,15.949999809265137,15.539999961853027,15.670000076293945,446600
2011-07-29,12.11601448059082,15.5,15.699999809265137,15.260000228881836,15.399999618530273,524900
2011-08-01,12.147276878356934,15.539999961853027,16.09000015258789,15.380000114440918,15.789999961853027,604600
2011-08-02,11.553205490112305,14.779999732971191,15.819999694824219,14.779999732971191,15.390000343322754,1177500
2011-08-03,11.34214973449707,14.510000228881836,14.6899995803833,13.5,14.430000305175781,2095700
2011-08-04,10.552656173706055,13.5,14.569999694824219,13.479999542236328,14.300000190734863,1537300
2011-08-05,10.33378791809082,13.220000267028809,13.960000038146973,12.720000267028809,13.6899995803833,1391100
2011-08-08,9.223804473876953,11.800000190734863,13.149999618530273,11.739999771118164,12.550000190734863,2065500
2011-08-09,9.770979881286621,12.5,12.5,11.319999694824219,12.15999984741211,2081600
2011-08-10,9.247254371643066,11.829999923706055,12.539999961853027,11.760000228881836,12.140000343322754,1707700
2011-08-11,10.06801700592041,12.880000114440918,13.119999885559082,11.930000305175781,11.930000305175781,1379400
2011-08-12,10.372872352600098,13.270000457763672,13.420000076293945,12.710000038146973,13.0600004196167,863500
2011-08-15,10.623005867004395,13.59000015258789,13.59000015258789,12.979999542236328,13.0600004196167,856800
2011-08-16,10.27125072479248,13.140000343322754,13.619999885559082,13.069999694824219,13.380000114440918,863600
2011-08-17,10.099285125732422,12.920000076293945,13.380000114440918,12.869999885559082,13.260000228881836,457700
2011-08-18,9.317605018615723,11.920000076293945,12.520000457763672,11.779999732971191,12.34000015258789,1331600
2011-08-19,9.130003929138184,11.680000305175781,12.109999656677246,11.550000190734863,11.670000076293945,903800
2011-08-22,8.739163398742676,11.180000305175781,12.09000015258789,11.149999618530273,12.069999694824219,1175800
2011-08-23,9.067469596862793,11.600000381469727,11.779999732971191,11.09000015258789,11.270000457763672,1600000
2011-08-24,9.2394380569458,11.819999694824219,11.960000038146973,11.529999732971191,11.59000015258789,1001100
2011-08-25,8.965851783752441,11.470000267028809,12.079999923706055,11.4399995803833,11.979999542236328,586200
2011-08-26,9.372325897216797,11.989999771118164,12.020000457763672,11.15999984741211,11.369999885559082,601300
2011-08-29,9.849145889282227,12.600000381469727,12.619999885559082,12.199999809265137,12.199999809265137,549200
2011-08-30,9.708443641662598,12.420000076293945,12.739999771118164,12.399999618530273,12.5,850000
2011-08-31,9.872597694396973,12.630000114440918,12.770000457763672,12.449999809265137,12.550000190734863,828400
2011-09-01,9.591193199157715,12.270000457763672,12.850000381469727,12.220000267028809,12.59000015258789,919100
2011-09-02,9.004932403564453,11.520000457763672,11.979999542236328,11.5,11.899999618530273,667000
2011-09-06,8.832964897155762,11.300000190734863,11.350000381469727,10.920000076293945,11.0600004196167,862700
2011-09-07,9.270705223083496,11.859999656677246,11.880000114440918,11.460000038146973,11.520000457763672,722300
2011-09-08,9.04401683807373,11.569999694824219,11.979999542236328,11.479999542236328,11.75,800200
2011-09-09,8.934582710266113,11.430000305175781,11.619999885559082,11.199999809265137,11.399999618530273,1275700
2011-09-12,8.911131858825684,11.399999618530273,11.65999984741211,11.09000015258789,11.180000305175781,791300
2011-09-13,9.162151336669922,11.680000305175781,11.760000228881836,11.319999694824219,11.5,799600
2011-09-14,9.319036483764648,11.880000114440918,12.109999656677246,11.470000267028809,11.800000190734863,616600
2011-09-15,9.287660598754883,11.84000015258789,12.140000343322754,11.729999542236328,12.079999923706055,842400
2011-09-16,9.201372146606445,11.729999542236328,11.949999809265137,11.710000038146973,11.899999618530273,703900
2011-09-19,8.989574432373047,11.460000038146973,11.600000381469727,11.220000267028809,11.40999984741211,720600
2011-09-20,8.817002296447754,11.239999771118164,11.579999923706055,11.170000076293945,11.510000228881836,512000
2011-09-21,8.307121276855469,10.59000015258789,11.300000190734863,10.5600004196167,11.210000038146973,822500
2011-09-22,7.977659702301025,10.170000076293945,10.380000114440918,9.960000038146973,10.1899995803833,1432000
2011-09-23,7.969818592071533,10.15999984741211,10.260000228881836,9.970000267028809,10.130000114440918,792700
2011-09-26,8.35418701171875,10.649999618530273,10.670000076293945,10.199999809265137,10.3100004196167,758000
2011-09-27,8.989574432373047,11.460000038146973,11.770000457763672,10.9399995803833,11.0,1341800
2011-09-28,8.464003562927246,10.789999961853027,11.479999542236328,10.720000267028809,11.479999542236328,1065200
2011-09-29,8.660114288330078,11.039999961853027,11.279999732971191,10.699999809265137,11.0600004196167,721200
2011-09-30,8.401253700256348,10.710000038146973,11.079999923706055,10.640000343322754,10.819999694824219,757500
2011-10-03,7.828619003295898,9.979999542236328,10.630000114440918,9.949999809265137,10.630000114440918,1806500
2011-10-04,8.573826789855957,10.930000305175781,11.0600004196167,9.800000190734863,9.84000015258789,1200000
2011-10-05,8.299274444580078,10.579999923706055,10.760000228881836,10.069999694824219,10.25,1807900
2011-10-06,8.683645248413086,11.069999694824219,11.09000015258789,10.510000228881836,10.579999923706055,952100
2011-10-07,8.346343040466309,10.640000343322754,11.1899995803833,10.520000457763672,11.130000114440918,560600
2011-10-10,8.715025901794434,11.109999656677246,11.199999809265137,10.850000381469727,10.930000305175781,690400
2011-10-11,8.636581420898438,11.010000228881836,11.180000305175781,10.739999771118164,10.90999984741211,877500
2011-10-12,8.895445823669434,11.34000015258789,11.550000190734863,11.170000076293945,11.229999542236328,951200
2011-10-13,8.746404647827148,11.149999618530273,11.300000190734863,10.949999809265137,11.270000457763672,488700
2011-10-14,8.926820755004883,11.380000114440918,11.510000228881836,11.130000114440918,11.3100004196167,456000
2011-10-17,8.652268409729004,11.029999732971191,11.369999885559082,10.989999771118164,11.260000228881836,772800
2011-10-18,8.973886489868164,11.4399995803833,11.640000343322754,10.710000038146973,11.100000381469727,773000
2011-10-19,8.738556861877441,11.140000343322754,11.5,11.079999923706055,11.359999656677246,637000
2011-10-20,8.84837818145752,11.279999732971191,11.289999961853027,10.920000076293945,11.149999618530273,750400
2011-10-21,9.264123916625977,11.8100004196167,11.819999694824219,11.420000076293945,11.539999961853027,888100
2011-10-24,9.554367065429688,12.180000305175781,12.25,11.729999542236328,11.84000015258789,762100
2011-10-25,8.715025901794434,11.109999656677246,12.069999694824219,11.069999694824219,12.069999694824219,994600
2011-10-26,8.35418701171875,10.649999618530273,10.84000015258789,9.989999771118164,10.600000381469727,2327000
2011-10-27,9.052329063415527,11.539999961853027,11.6899995803833,11.130000114440918,11.229999542236328,1310200
2011-10-28,9.107237815856934,11.609999656677246,11.760000228881836,11.520000457763672,11.529999732971191,693100
2011-10-31,8.777778625488281,11.1899995803833,11.579999923706055,11.180000305175781,11.399999618530273,580800
2011-11-01,8.573826789855957,10.930000305175781,11.15999984741211,10.539999961853027,10.579999923706055,1363600
2011-11-02,8.715025901794434,11.109999656677246,11.399999618530273,10.979999542236328,11.140000343322754,1085700
2011-11-03,8.989574432373047,11.460000038146973,11.579999923706055,11.010000228881836,11.329999923706055,1102900
2011-11-04,8.777778625488281,11.1899995803833,11.479999542236328,11.0600004196167,11.289999961853027,608600
2011-11-07,8.746404647827148,11.149999618530273,11.319999694824219,10.970000267028809,11.180000305175781,930000
2011-11-08,8.628738403320312,11.0,11.239999771118164,10.739999771118164,11.239999771118164,1480100
2011-11-09,8.589512825012207,10.949999809265137,11.020000457763672,10.550000190734863,10.600000381469727,1637800
2011-11-10,8.699336051940918,11.09000015258789,11.149999618530273,10.75,10.90999984741211,882000
2011-11-11,8.973886489868164,11.4399995803833,11.520000457763672,11.15999984741211,11.239999771118164,543400
2011-11-14,8.722869873046875,11.119999885559082,11.329999923706055,11.020000457763672,11.319999694824219,570600
2011-11-15,8.832690238952637,11.260000228881836,11.359999656677246,10.979999542236328,11.029999732971191,540600
2011-11-16,8.61304759979248,10.979999542236328,11.300000190734863,10.970000267028809,11.100000381469727,597800
2011-11-17,8.43262767791748,10.75,11.079999923706055,10.680000305175781,10.979999542236328,1522200
2011-11-18,8.628738403320312,11.0,11.0600004196167,10.760000228881836,10.779999732971191,929800
2011-11-21,8.393407821655273,10.699999809265137,10.850000381469727,10.579999923706055,10.699999809265137,728300
2011-11-22,7.954127788543701,10.140000343322754,10.600000381469727,10.0,10.40999984741211,1442400
2011-11-23,7.624667167663574,9.720000267028809,10.039999961853027,9.710000038146973,10.0,1003500
2011-11-25,7.554068088531494,9.630000114440918,10.020000457763672,9.539999961853027,9.630000114440918,456300
2011-11-28,7.805083751678467,9.949999809265137,10.359999656677246,9.850000381469727,9.949999809265137,1330300
2011-11-29,7.687420845031738,9.800000190734863,10.0600004196167,9.789999961853027,9.920000076293945,973200
2011-11-30,8.440474510192871,10.760000228881836,10.770000457763672,10.220000267028809,10.239999771118164,1294600
2011-12-01,8.369876861572266,10.670000076293945,10.90999984741211,10.59000015258789,10.6899995803833,729000
2011-12-02,8.440474510192871,10.760000228881836,10.930000305175781,10.569999694824219,10.850000381469727,570400
2011-12-05,8.667956352233887,11.050000190734863,11.239999771118164,10.920000076293945,11.020000457763672,582600
2011-12-06,8.699336051940918,11.09000015258789,11.220000267028809,10.899999618530273,11.130000114440918,601500
2011-12-07,8.691492080688477,11.079999923706055,11.170000076293945,10.75,11.0,493000
2011-12-08,8.220831871032715,10.479999542236328,11.039999961853027,10.380000114440918,10.9399995803833,676900
2011-12-09,8.785624504089355,11.199999809265137,11.260000228881836,10.789999961853027,10.850000381469727,933400
2011-12-12,8.542449951171875,10.890000343322754,11.0,10.729999542236328,10.9399995803833,542300
2011-12-13,8.307121276855469,10.59000015258789,11.239999771118164,10.449999809265137,11.029999732971191,570500
2011-12-14,8.087480545043945,10.3100004196167,10.65999984741211,10.279999732971191,10.470000267028809,557800
2011-12-15,8.291433334350586,10.569999694824219,10.600000381469727,10.319999694824219,10.529999732971191,776900
2011-12-16,8.628738403320312,11.0,11.09000015258789,10.699999809265137,10.720000267028809,1573300
2011-12-19,8.440474510192871,10.760000228881836,11.199999809265137,10.720000267028809,11.039999961853027,697800
2011-12-20,8.997421264648438,11.470000267028809,11.5,11.069999694824219,11.069999694824219,614300
2011-12-21,9.091551780700684,11.59000015258789,11.619999885559082,11.210000038146973,11.420000076293945,503800
2011-12-22,9.0679349899292,11.520000457763672,11.649999618530273,11.300000190734863,11.550000190734863,646600
2011-12-23,9.0994234085083,11.5600004196167,11.579999923706055,11.449999809265137,11.539999961853027,254100
2011-12-27,9.146652221679688,11.619999885559082,11.729999542236328,11.460000038146973,11.529999732971191,258100
2011-12-28,8.918380737304688,11.329999923706055,11.640000343322754,11.300000190734863,11.640000343322754,328300
2011-12-29,9.052194595336914,11.5,11.600000381469727,11.329999923706055,11.359999656677246,278300
2011-12-30,9.091550827026367,11.550000190734863,11.75,11.470000267028809,11.470000267028809,357200
2012-01-03,9.406410217285156,11.949999809265137,12.0600004196167,11.8100004196167,11.869999885559082,518200
2012-01-04,9.42215633392334,11.970000267028809,12.100000381469727,11.829999923706055,11.899999618530273,347200
2012-01-05,9.36705207824707,11.899999618530273,12.010000228881836,11.579999923706055,11.859999656677246,392900
2012-01-06,9.359182357788086,11.890000343322754,11.989999771118164,11.739999771118164,11.930000305175781,456700
2012-01-09,9.264725685119629,11.770000457763672,12.0,11.729999542236328,11.90999984741211,388900
2012-01-10,9.5402250289917,12.119999885559082,12.1899995803833,11.930000305175781,11.989999771118164,490700
2012-01-11,9.792109489440918,12.4399995803833,12.529999732971191,12.0,12.109999656677246,544800
2012-01-12,10.028253555297852,12.739999771118164,12.760000228881836,11.609999656677246,12.329999923706055,621400
2012-01-13,10.516291618347168,13.359999656677246,13.600000381469727,12.739999771118164,13.010000228881836,1731000
2012-01-17,10.618617057800293,13.489999771118164,13.75,13.350000381469727,13.529999732971191,1150800
2012-01-18,11.051551818847656,14.039999961853027,14.300000190734863,13.420000076293945,13.479999542236328,1261900
2012-01-19,11.169620513916016,14.1899995803833,14.390000343322754,13.890000343322754,14.100000381469727,1078200
2012-01-20,11.19323444366455,14.220000267028809,14.289999961853027,14.0600004196167,14.1899995803833,412700
2012-01-23,11.169620513916016,14.1899995803833,14.289999961853027,14.0,14.1899995803833,479800
2012-01-24,11.106647491455078,14.109999656677246,14.15999984741211,14.0,14.069999694824219,674000
2012-01-25,11.114521026611328,14.119999885559082,14.210000038146973,13.90999984741211,14.050000190734863,911500
2012-01-26,11.224720001220703,14.260000228881836,14.460000038146973,14.140000343322754,14.279999732971191,547000
2012-01-27,11.334918022155762,14.399999618530273,14.550000190734863,14.34000015258789,14.359999656677246,381900
2012-01-30,11.256205558776855,14.300000190734863,14.380000114440918,14.149999618530273,14.239999771118164,340200
2012-01-31,11.350661277770996,14.420000076293945,14.640000343322754,14.260000228881836,14.40999984741211,405900
2012-02-01,11.673393249511719,14.829999923706055,14.880000114440918,14.539999961853027,14.539999961853027,684800
2012-02-02,11.744237899780273,14.920000076293945,15.039999961853027,14.779999732971191,14.859999656677246,563600
2012-02-03,11.996122360229492,15.239999771118164,15.479999542236328,15.199999809265137,15.260000228881836,547800
2012-02-06,12.043354034423828,15.300000190734863,15.329999923706055,15.010000228881836,15.069999694824219,298100
2012-02-07,12.059097290039062,15.319999694824219,15.460000038146973,15.1899995803833,15.300000190734863,644700
2012-02-08,11.956768989562988,15.1899995803833,15.470000267028809,15.020000457763672,15.3100004196167,364500
2012-02-09,11.720623016357422,14.890000343322754,15.300000190734863,14.890000343322754,15.180000305175781,604500
2012-02-10,11.319175720214844,14.380000114440918,14.739999771118164,14.300000190734863,14.739999771118164,852500
2012-02-13,11.586812019348145,14.720000267028809,14.800000190734863,14.550000190734863,14.550000190734863,456200
2012-02-14,11.500221252441406,14.609999656677246,14.710000038146973,14.430000305175781,14.600000381469727,332800
2012-02-15,11.44511890411377,14.539999961853027,14.680000305175781,14.460000038146973,14.609999656677246,412600
2012-02-16,11.578936576843262,14.710000038146973,14.779999732971191,14.4399995803833,14.489999771118164,671800
2012-02-17,11.649778366088867,14.800000190734863,15.130000114440918,14.789999961853027,15.0,588200
2012-02-21,11.271950721740723,14.319999694824219,14.829999923706055,14.100000381469727,14.829999923706055,967600
2012-02-22,11.09090518951416,14.09000015258789,14.3100004196167,14.069999694824219,14.210000038146973,466800
2012-02-23,11.248335838317871,14.289999961853027,14.369999885559082,13.9399995803833,14.079999923706055,427400
2012-02-24,11.114521026611328,14.119999885559082,14.350000381469727,14.020000457763672,14.289999961853027,319100
2012-02-27,10.980705261230469,13.949999809265137,14.069999694824219,13.75,13.9399995803833,384900
2012-02-28,10.894118309020996,13.84000015258789,14.069999694824219,13.630000114440918,13.970000267028809,470100
2012-02-29,10.571385383605957,13.430000305175781,13.970000267028809,13.390000343322754,13.850000381469727,530900
2012-03-01,10.49267578125,13.329999923706055,13.59000015258789,13.319999694824219,13.460000038146973,453700
2012-03-02,10.343114852905273,13.140000343322754,13.420000076293945,12.989999771118164,13.329999923706055,502200
2012-03-05,10.177814483642578,12.930000305175781,13.119999885559082,12.899999618530273,13.119999885559082,535100
2012-03-06,9.981026649475098,12.680000305175781,12.859999656677246,12.539999961853027,12.75,562900
2012-03-07,9.996768951416016,12.699999809265137,12.75,12.59000015258789,12.75,290600
2012-03-08,10.2407865524292,13.010000228881836,13.09000015258789,12.770000457763672,12.859999656677246,534400
2012-03-09,10.421832084655762,13.239999771118164,13.329999923706055,12.899999618530273,13.010000228881836,675900
2012-03-12,10.658869743347168,13.489999771118164,13.569999694824219,13.100000381469727,13.130000114440918,1176000
2012-03-13,10.959120750427246,13.869999885559082,13.880000114440918,13.600000381469727,13.640000343322754,742000
2012-03-14,10.864300727844238,13.75,13.890000343322754,13.5600004196167,13.869999885559082,563500
2012-03-15,10.903809547424316,13.800000190734863,13.859999656677246,13.720000267028809,13.75,488200
2012-03-16,10.793192863464355,13.65999984741211,13.930000305175781,13.630000114440918,13.829999923706055,930100
2012-03-19,10.801091194152832,13.670000076293945,13.890000343322754,13.600000381469727,13.649999618530273,297100
2012-03-20,10.682573318481445,13.520000457763672,13.930000305175781,13.520000457763672,13.6899995803833,452300
2012-03-21,10.816896438598633,13.6899995803833,13.859999656677246,13.470000267028809,13.5600004196167,430300
2012-03-22,10.61936092376709,13.4399995803833,13.609999656677246,13.350000381469727,13.5,353600
2012-03-23,10.753683090209961,13.609999656677246,13.630000114440918,13.279999732971191,13.470000267028809,300400
2012-03-26,11.456904411315918,14.5,14.550000190734863,14.039999961853027,14.100000381469727,1137200
2012-03-27,11.401591300964355,14.430000305175781,14.720000267028809,14.420000076293945,14.550000190734863,696700
2012-03-28,11.4410982131958,14.479999542236328,14.5,14.260000228881836,14.430000305175781,616900
2012-03-29,11.4410982131958,14.479999542236328,14.5,14.220000267028809,14.34000015258789,405000
2012-03-30,11.377888679504395,14.399999618530273,14.640000343322754,14.319999694824219,14.640000343322754,473400
2012-04-02,11.686038970947266,14.789999961853027,14.850000381469727,14.229999542236328,14.380000114440918,690700
2012-04-03,11.57541561126709,14.649999618530273,14.850000381469727,14.479999542236328,14.75,381600
2012-04-04,11.369987487792969,14.390000343322754,14.460000038146973,14.149999618530273,14.399999618530273,423400
2012-04-05,11.164556503295898,14.130000114440918,14.470000267028809,14.029999732971191,14.279999732971191,332400
2012-04-09,10.911709785461426,13.8100004196167,13.949999809265137,13.640000343322754,13.829999923706055,561100
2012-04-10,10.516648292541504,13.3100004196167,13.789999961853027,13.289999961853027,13.789999961853027,615400
2012-04-11,10.722078323364258,13.569999694824219,13.569999694824219,13.359999656677246,13.520000457763672,584600
2012-04-12,11.09344482421875,14.039999961853027,14.100000381469727,13.529999732971191,13.579999923706055,535300
2012-04-13,10.911709785461426,13.8100004196167,13.949999809265137,13.699999809265137,13.949999809265137,436700
2012-04-16,10.840601921081543,13.720000267028809,13.920000076293945,13.579999923706055,13.920000076293945,272600
2012-04-17,10.808992385864258,13.680000305175781,13.9399995803833,13.680000305175781,13.890000343322754,483000
2012-04-18,10.840601921081543,13.720000267028809,13.890000343322754,13.5,13.550000190734863,378700
2012-04-19,10.935413360595703,13.84000015258789,13.949999809265137,13.65999984741211,13.760000228881836,493200
2012-04-20,10.824792861938477,13.699999809265137,14.119999885559082,13.630000114440918,14.09000015258789,452400
2012-04-23,10.46923828125,13.25,13.40999984741211,13.069999694824219,13.399999618530273,373900
2012-04-24,10.540349006652832,13.34000015258789,13.430000305175781,13.15999984741211,13.25,434200
2012-04-25,10.793192863464355,13.65999984741211,13.739999771118164,13.460000038146973,13.579999923706055,310300
2012-04-26,10.856400489807129,13.739999771118164,13.779999732971191,13.460000038146973,13.59000015258789,336200
2012-04-27,11.061834335327148,14.0,14.050000190734863,13.539999961853027,13.819999694824219,617400
2012-04-30,10.951211929321289,13.859999656677246,14.029999732971191,13.760000228881836,14.029999732971191,509600
2012-05-01,10.848502159118652,13.729999542236328,14.039999961853027,13.670000076293945,13.859999656677246,515400
2012-05-02,11.046032905578613,13.979999542236328,14.010000228881836,13.539999961853027,13.59000015258789,665700
2012-05-03,10.666769981384277,13.5,14.140000343322754,13.390000343322754,13.979999542236328,725300
2012-05-04,10.46923828125,13.25,13.479999542236328,13.25,13.390000343322754,621200
2012-05-07,10.46923828125,13.25,13.350000381469727,12.970000267028809,13.069999694824219,463000
2012-05-08,10.793192863464355,13.65999984741211,13.720000267028809,13.100000381469727,13.100000381469727,722600
2012-05-09,10.888007164001465,13.779999732971191,13.930000305175781,13.380000114440918,13.4399995803833,560100
2012-05-10,11.022331237792969,13.949999809265137,14.029999732971191,13.770000457763672,13.930000305175781,446200
2012-05-11,11.10134506225586,14.050000190734863,14.050000190734863,13.739999771118164,13.770000457763672,579900
2012-05-14,10.864300727844238,13.75,13.90999984741211,13.649999618530273,13.899999618530273,615800
2012-05-15,10.737879753112793,13.59000015258789,13.859999656677246,13.4399995803833,13.699999809265137,676300
2012-05-16,10.548253059387207,13.350000381469727,13.800000190734863,13.329999923706055,13.729999542236328,458400
2012-05-17,10.113680839538574,12.800000190734863,13.40999984741211,12.770000457763672,13.40999984741211,1160300
2012-05-18,10.0188627243042,12.680000305175781,13.100000381469727,12.640000343322754,12.8100004196167,626800
2012-05-21,10.145281791687012,12.84000015258789,12.960000038146973,12.609999656677246,12.720000267028809,702400
2012-05-22,10.161084175109863,12.859999656677246,13.100000381469727,12.760000228881836,12.8100004196167,638200
2012-05-23,10.21639633178711,12.930000305175781,12.960000038146973,12.550000190734863,12.760000228881836,649000
2012-05-24,10.398124694824219,13.15999984741211,13.1899995803833,12.899999618530273,12.989999771118164,478100
2012-05-25,10.35861873626709,13.109999656677246,13.239999771118164,12.989999771118164,13.1899995803833,419600
2012-05-29,10.532449722290039,13.329999923706055,13.449999809265137,13.140000343322754,13.270000457763672,305100
2012-05-30,10.271706581115723,13.0,13.220000267028809,12.899999618530273,13.130000114440918,871800
2012-05-31,10.453436851501465,13.229999542236328,13.260000228881836,12.899999618530273,13.050000190734863,1142200
2012-06-01,10.137384414672852,12.829999923706055,13.0,12.65999984741211,12.829999923706055,821200
2012-06-04,9.908242225646973,12.539999961853027,12.899999618530273,12.390000343322754,12.899999618530273,439400
2012-06-05,9.884541511535645,12.510000228881836,12.649999618530273,12.399999618530273,12.430000305175781,494100
2012-06-06,10.334916114807129,13.079999923706055,13.180000305175781,12.869999885559082,12.9399995803833,1389300
2012-06-07,10.564053535461426,13.369999885559082,13.520000457763672,13.15999984741211,13.390000343322754,1121300
2012-06-08,10.737879753112793,13.59000015258789,13.710000038146973,13.25,13.319999694824219,854500
2012-06-11,10.374423027038574,13.130000114440918,13.789999961853027,13.130000114440918,13.75,829200
2012-06-12,10.493395805358887,13.229999542236328,13.390000343322754,12.9399995803833,13.180000305175781,683700
2012-06-13,10.223723411560059,12.890000343322754,13.289999961853027,12.600000381469727,13.170000076293945,773100
2012-06-14,10.20786190032959,12.869999885559082,13.039999961853027,12.670000076293945,12.880000114440918,859400
2012-06-15,10.469600677490234,13.199999809265137,13.199999809265137,12.829999923706055,13.0,690400
2012-06-18,10.540983200073242,13.289999961853027,13.390000343322754,12.970000267028809,13.050000190734863,471100
2012-06-19,10.675822257995605,13.460000038146973,13.65999984741211,13.3100004196167,13.390000343322754,579300
2012-06-20,10.636160850524902,13.40999984741211,13.539999961853027,13.300000190734863,13.479999542236328,291800
2012-06-21,10.263381004333496,12.9399995803833,13.460000038146973,12.90999984741211,13.420000076293945,435100
2012-06-22,10.32683277130127,13.020000457763672,13.100000381469727,12.880000114440918,13.069999694824219,734200
2012-06-25,10.152338981628418,12.800000190734863,12.850000381469727,12.630000114440918,12.819999694824219,476300
2012-06-26,10.168203353881836,12.819999694824219,13.0,12.670000076293945,12.850000381469727,481300
2012-06-27,10.247519493103027,12.920000076293945,12.989999771118164,12.829999923706055,12.829999923706055,379100
2012-06-28,10.390286445617676,13.100000381469727,13.119999885559082,12.670000076293945,12.770000457763672,874000
2012-06-29,10.85031509399414,13.680000305175781,13.6899995803833,13.34000015258789,13.420000076293945,750700
2012-07-02,11.135849952697754,14.039999961853027,14.0600004196167,13.649999618530273,13.670000076293945,715900
2012-07-03,11.476900100708008,14.470000267028809,14.470000267028809,14.0,14.010000228881836,373300
2012-07-05,11.564146041870117,14.579999923706055,14.859999656677246,14.369999885559082,14.399999618530273,592300
2012-07-06,11.397588729858398,14.369999885559082,14.510000228881836,14.149999618530273,14.380000114440918,562700
2012-07-09,11.223094940185547,14.149999618530273,14.40999984741211,14.119999885559082,14.34000015258789,866700
2012-07-10,11.278615951538086,14.220000267028809,14.569999694824219,14.180000305175781,14.319999694824219,740500
2012-07-11,11.183432579040527,14.100000381469727,14.279999732971191,13.979999542236328,14.279999732971191,409000
2012-07-12,11.373790740966797,14.34000015258789,14.40999984741211,13.90999984741211,13.979999542236328,700700
2012-07-13,11.619668006896973,14.649999618530273,14.6899995803833,14.380000114440918,14.40999984741211,472800
2012-07-16,11.64346694946289,14.680000305175781,14.890000343322754,14.569999694824219,14.609999656677246,629100
2012-07-17,11.69898509979248,14.75,14.960000038146973,14.649999618530273,14.8100004196167,844300
2012-07-18,11.69898509979248,14.75,14.890000343322754,14.630000114440918,14.649999618530273,447000
2012-07-19,11.7227783203125,14.779999732971191,14.829999923706055,14.630000114440918,14.770000457763672,570400
2012-07-20,11.603806495666504,14.630000114440918,14.9399995803833,14.520000457763672,14.699999809265137,737100
2012-07-23,11.302410125732422,14.25,14.4399995803833,14.210000038146973,14.329999923706055,319100
2012-07-24,11.143780708312988,14.050000190734863,14.329999923706055,13.930000305175781,14.329999923706055,345300
2012-07-25,11.207231521606445,14.130000114440918,14.270000457763672,14.0,14.15999984741211,413100
2012-07-26,11.326200485229492,14.279999732971191,14.510000228881836,14.149999618530273,14.40999984741211,451800
2012-07-27,11.841751098632812,14.930000305175781,14.970000267028809,14.34000015258789,14.399999618530273,714300
2012-07-30,11.786230087280273,14.859999656677246,15.0,14.649999618530273,14.920000076293945,314700
2012-07-31,11.683120727539062,14.729999542236328,14.960000038146973,14.699999809265137,14.8100004196167,603200
2012-08-01,11.595877647399902,14.619999885559082,15.0,14.59000015258789,14.859999656677246,810500
2012-08-02,11.580015182495117,14.600000381469727,14.770000457763672,14.430000305175781,14.510000228881836,535000
2012-08-03,12.11142349243164,15.270000457763672,15.319999694824219,14.770000457763672,14.850000381469727,795100
2012-08-06,12.396956443786621,15.630000114440918,15.670000076293945,15.199999809265137,15.329999923706055,648500
2012-08-07,12.642836570739746,15.9399995803833,16.139999389648438,15.539999961853027,15.75,968300
2012-08-08,12.674561500549316,15.979999542236328,16.010000228881836,15.84000015258789,15.920000076293945,483400
2012-08-09,12.611104965209961,15.899999618530273,16.09000015258789,15.850000381469727,15.930000305175781,315700
2012-08-10,12.547657012939453,15.819999694824219,15.880000114440918,15.520000457763672,15.8100004196167,369600
2012-08-13,12.476273536682129,15.729999542236328,15.819999694824219,15.539999961853027,15.739999771118164,406400
2012-08-14,12.476273536682129,15.729999542236328,15.90999984741211,15.619999885559082,15.789999961853027,464500
2012-08-15,12.650765419006348,15.949999809265137,15.949999809265137,15.5,15.5600004196167,441500
2012-08-16,12.69835376739502,16.010000228881836,16.030000686645508,15.8100004196167,15.9399995803833,425400
2012-08-17,12.856986045837402,16.209999084472656,16.239999771118164,15.9399995803833,15.979999542236328,580700
2012-08-20,12.841126441955566,16.190000534057617,16.200000762939453,15.819999694824219,16.040000915527344,351500
2012-08-21,12.674561500549316,15.979999542236328,16.31999969482422,15.9399995803833,16.190000534057617,359500
2012-08-22,12.531793594360352,15.800000190734863,15.90999984741211,15.609999656677246,15.890000343322754,658900
2012-08-23,12.277984619140625,15.479999542236328,15.800000190734863,15.399999618530273,15.779999732971191,274600
2012-08-24,12.309714317321777,15.520000457763672,15.619999885559082,15.380000114440918,15.470000267028809,276800
2012-08-27,12.19866943359375,15.380000114440918,15.680000305175781,15.34000015258789,15.5600004196167,238000
2012-08-28,12.357300758361816,15.579999923706055,15.619999885559082,15.3100004196167,15.380000114440918,354100
2012-08-29,12.468340873718262,15.720000267028809,15.920000076293945,15.520000457763672,15.579999923706055,314400
2012-08-30,12.365235328674316,15.59000015258789,15.65999984741211,15.529999732971191,15.5600004196167,285900
2012-08-31,12.515931129455566,15.779999732971191,15.84000015258789,15.5,15.760000228881836,339000
2012-09-04,12.690421104431152,16.0,16.0,15.510000228881836,15.779999732971191,357900
2012-09-05,12.182807922363281,15.359999656677246,15.90999984741211,15.34000015258789,15.90999984741211,1218900
2012-09-06,12.33350658416748,15.550000190734863,15.579999923706055,14.9399995803833,15.390000343322754,997400
2012-09-07,12.658698081970215,15.960000038146973,15.979999542236328,15.670000076293945,15.680000305175781,537800
2012-09-10,12.825260162353516,16.170000076293945,16.209999084472656,15.850000381469727,15.850000381469727,422100
2012-09-11,12.809346199035645,16.100000381469727,16.18000030517578,16.059999465942383,16.100000381469727,230400
2012-09-12,12.849126815795898,16.149999618530273,16.239999771118164,15.960000038146973,16.18000030517578,213600
2012-09-13,13.270806312561035,16.68000030517578,16.760000228881836,16.1299991607666,16.170000076293945,360000
2012-09-14,13.565177917480469,17.049999237060547,17.530000686645508,16.889999389648438,16.979999542236328,895300
2012-09-17,13.406054496765137,16.850000381469727,17.100000381469727,16.68000030517578,17.09000015258789,413600
2012-09-18,13.429923057556152,16.8799991607666,16.940000534057617,16.739999771118164,16.850000381469727,321500
2012-09-19,13.517444610595703,16.989999771118164,17.079999923706055,16.84000015258789,16.940000534057617,244800
2012-09-20,13.541311264038086,17.020000457763672,17.020000457763672,16.600000381469727,16.829999923706055,256900
2012-09-21,13.533352851867676,17.010000228881836,17.280000686645508,16.90999984741211,17.280000686645508,635800
2012-09-24,13.557225227355957,17.040000915527344,17.219999313354492,16.899999618530273,16.899999618530273,560000
2012-09-25,13.191240310668945,16.579999923706055,17.239999771118164,16.559999465942383,17.1299991607666,357500
2012-09-26,13.167377471923828,16.549999237060547,16.649999618530273,16.389999389648438,16.59000015258789,313200
2012-09-27,13.34241008758545,16.770000457763672,16.940000534057617,16.3799991607666,16.600000381469727,441800
2012-09-28,13.1832857131958,16.56999969482422,16.65999984741211,16.3799991607666,16.639999389648438,378900
2012-10-01,13.135544776916504,16.510000228881836,16.809999465942383,16.43000030517578,16.549999237060547,388800
2012-10-02,13.063944816589355,16.420000076293945,16.600000381469727,16.31999969482422,16.559999465942383,381100
2012-10-03,13.111678123474121,16.479999542236328,16.700000762939453,16.270000457763672,16.510000228881836,224100
2012-10-04,13.199196815490723,16.59000015258789,16.68000030517578,16.399999618530273,16.56999969482422,320500
2012-10-05,13.374231338500977,16.809999465942383,16.899999618530273,16.709999084472656,16.719999313354492,427500
2012-10-08,13.26284408569336,16.670000076293945,16.850000381469727,16.549999237060547,16.690000534057617,323200
2012-10-09,13.079856872558594,16.440000534057617,16.68000030517578,16.31999969482422,16.639999389648438,249300
2012-10-10,12.753657341003418,16.030000686645508,16.450000762939453,15.949999809265137,16.450000762939453,417800
2012-10-11,12.809346199035645,16.100000381469727,16.25,16.06999969482422,16.239999771118164,474000
2012-10-12,12.578621864318848,15.8100004196167,16.209999084472656,15.720000267028809,16.06999969482422,287000
2012-10-15,12.793437004089355,16.079999923706055,16.079999923706055,15.819999694824219,15.899999618530273,193700
2012-10-16,13.000293731689453,16.34000015258789,16.40999984741211,16.139999389648438,16.15999984741211,525300
2012-10-17,13.477662086486816,16.940000534057617,16.940000534057617,16.329999923706055,16.3799991607666,530300
2012-10-18,13.525395393371582,17.0,17.06999969482422,16.829999923706055,16.850000381469727,398700
2012-10-19,13.43787670135498,16.889999389648438,17.020000457763672,16.639999389648438,16.799999237060547,921800
2012-10-22,13.509486198425293,16.979999542236328,16.989999771118164,16.75,16.790000915527344,355300
2012-10-23,13.398106575012207,16.84000015258789,16.84000015258789,16.670000076293945,16.809999465942383,402800
2012-10-24,14.60743522644043,18.360000610351562,18.540000915527344,17.6200008392334,17.700000762939453,5073100
2012-10-25,14.488091468811035,18.209999084472656,18.489999771118164,17.799999237060547,18.43000030517578,1110400
2012-10-26,14.917716979980469,18.75,18.809999465942383,18.040000915527344,18.260000228881836,1143600
2012-10-31,15.060930252075195,18.93000030517578,19.170000076293945,18.639999389648438,18.639999389648438,794500
2012-11-01,16.015663146972656,20.1299991607666,20.139999389648438,19.049999237060547,19.049999237060547,1249200
2012-11-02,15.952018737792969,20.049999237060547,20.299999237060547,19.850000381469727,20.200000762939453,1137100
2012-11-05,15.920185089111328,20.010000228881836,20.200000762939453,19.920000076293945,20.059999465942383,926800
2012-11-06,15.95997142791748,20.059999465942383,20.219999313354492,19.989999771118164,20.100000381469727,767900
2012-11-07,15.832674026489258,19.899999618530273,20.030000686645508,19.68000030517578,19.81999969482422,698200
2012-11-08,15.745153427124023,19.790000915527344,20.010000228881836,19.75,19.950000762939453,654900
2012-11-09,15.649689674377441,19.670000076293945,19.829999923706055,19.399999618530273,19.670000076293945,654700
2012-11-12,15.442828178405762,19.40999984741211,19.790000915527344,19.299999237060547,19.709999084472656,957200
2012-11-13,15.10866928100586,18.989999771118164,19.3700008392334,18.979999542236328,19.200000762939453,1122700
2012-11-14,15.052971839904785,18.920000076293945,19.170000076293945,18.899999618530273,19.100000381469727,925000
2012-11-15,14.798378944396973,18.600000381469727,19.100000381469727,18.549999237060547,18.899999618530273,789300
2012-11-16,14.838153839111328,18.649999618530273,18.709999084472656,18.40999984741211,18.520000457763672,644100
2012-11-19,15.49056625366211,19.469999313354492,19.469999313354492,18.809999465942383,18.809999465942383,587400
2012-11-20,15.46668815612793,19.440000534057617,19.790000915527344,19.34000015258789,19.3700008392334,909000
2012-11-21,15.434865951538086,19.399999618530273,19.530000686645508,19.270000457763672,19.450000762939453,499500
2012-11-23,15.434865951538086,19.399999618530273,19.479999542236328,19.25,19.34000015258789,229400
2012-11-26,15.482600212097168,19.459999084472656,19.459999084472656,19.170000076293945,19.360000610351562,514700
2012-11-27,15.593990325927734,19.600000381469727,19.860000610351562,19.290000915527344,19.3799991607666,455900
2012-11-28,15.625807762145996,19.639999389648438,19.700000762939453,19.290000915527344,19.489999771118164,443700
2012-11-29,15.944064140319824,20.040000915527344,20.239999771118164,19.790000915527344,19.809999465942383,644200
2012-11-30,16.023616790771484,20.139999389648438,20.18000030517578,20.0,20.139999389648438,563100
2012-12-03,16.11113739013672,20.25,20.760000228881836,20.15999984741211,20.25,927900
2012-12-04,16.087268829345703,20.219999313354492,20.3799991607666,19.969999313354492,20.25,549100
2012-12-05,16.015663146972656,20.1299991607666,20.329999923706055,19.8700008392334,20.229999542236328,468400
2012-12-06,16.047483444213867,20.170000076293945,20.34000015258789,19.760000228881836,20.170000076293945,263300
2012-12-07,16.023616790771484,20.139999389648438,20.299999237060547,20.010000228881836,20.290000915527344,365300
2012-12-10,16.54205322265625,20.739999771118164,20.790000915527344,19.969999313354492,20.09000015258789,1293400
2012-12-11,16.486223220825195,20.670000076293945,21.0,20.489999771118164,20.860000610351562,724200
2012-12-12,16.08742332458496,20.170000076293945,20.899999618530273,20.1299991607666,20.829999923706055,383800
2012-12-13,15.856121063232422,19.8799991607666,20.3700008392334,19.579999923706055,20.219999313354492,437800
2012-12-14,15.935881614685059,19.979999542236328,20.049999237060547,19.809999465942383,19.8700008392334,298800
2012-12-17,15.832191467285156,19.850000381469727,20.139999389648438,19.56999969482422,20.09000015258789,620900
2012-12-18,15.959808349609375,20.010000228881836,20.020000457763672,19.799999237060547,19.84000015258789,659700
2012-12-19,15.983742713928223,20.040000915527344,20.190000534057617,19.860000610351562,20.020000457763672,570000
2012-12-20,16.135276794433594,20.229999542236328,20.299999237060547,19.979999542236328,20.010000228881836,657700
2012-12-21,15.959808349609375,20.010000228881836,20.170000076293945,19.670000076293945,20.079999923706055,2168000
2012-12-24,15.951834678649902,20.0,20.139999389648438,19.850000381469727,20.110000610351562,193200
2012-12-26,15.856121063232422,19.8799991607666,20.139999389648438,19.860000610351562,20.030000686645508,225100
2012-12-27,15.927909851074219,19.969999313354492,20.06999969482422,19.68000030517578,19.850000381469727,301600
2012-12-28,15.91196060180664,19.950000762939453,20.149999618530273,19.799999237060547,19.799999237060547,419000
2012-12-31,16.286828994750977,20.420000076293945,20.450000762939453,19.899999618530273,19.920000076293945,586000
2013-01-02,17.7065372467041,22.200000762939453,22.40999984741211,21.030000686645508,21.09000015258789,1897200
2013-01-03,18.201040267944336,22.81999969482422,22.969999313354492,22.25,22.31999969482422,1864800
2013-01-04,18.52008056640625,23.219999313354492,23.270000457763672,22.420000076293945,22.610000610351562,1270800
2013-01-07,18.193071365356445,22.809999465942383,23.190000534057617,22.579999923706055,23.149999618530273,1342900
2013-01-08,17.762371063232422,22.270000457763672,22.770000457763672,22.149999618530273,22.75,807100
2013-01-09,17.778324127197266,22.290000915527344,22.3799991607666,22.170000076293945,22.280000686645508,570000
2013-01-10,17.658681869506836,22.139999389648438,22.43000030517578,21.860000610351562,22.420000076293945,596300
2013-01-11,17.570941925048828,22.030000686645508,22.229999542236328,21.8700008392334,22.229999542236328,505100
2013-01-14,17.674633026123047,22.15999984741211,22.329999923706055,21.950000762939453,21.950000762939453,362900
2013-01-15,17.834157943725586,22.360000610351562,22.75,22.049999237060547,22.149999618530273,680400
2013-01-16,17.714509963989258,22.209999084472656,22.3700008392334,22.06999969482422,22.270000457763672,330400
2013-01-17,17.84212875366211,22.3700008392334,22.540000915527344,22.25,22.3700008392334,429300
2013-01-18,17.90593910217285,22.450000762939453,22.610000610351562,22.229999542236328,22.420000076293945,252600
2013-01-22,18.025571823120117,22.600000381469727,22.719999313354492,22.489999771118164,22.489999771118164,356300
2013-01-23,17.722490310668945,22.219999313354492,22.700000762939453,22.209999084472656,22.549999237060547,410300
2013-01-24,17.961769104003906,22.520000457763672,22.540000915527344,22.239999771118164,22.239999771118164,572300
2013-01-25,18.09735870361328,22.690000534057617,22.690000534057617,22.440000534057617,22.59000015258789,437500
2013-01-28,18.35259246826172,23.010000228881836,23.600000381469727,22.75,22.75,1143600
2013-01-29,18.201040267944336,22.81999969482422,22.950000762939453,22.280000686645508,22.850000381469727,852600
2013-01-30,17.7065372467041,22.200000762939453,23.0,21.979999542236328,22.90999984741211,1650900
2013-01-31,17.419410705566406,21.84000015258789,22.09000015258789,21.6200008392334,22.030000686645508,1055500
2013-02-01,18.065452575683594,22.649999618530273,22.75,21.8799991607666,22.0,859000
2013-02-04,17.937843322753906,22.489999771118164,22.920000076293945,22.360000610351562,22.479999542236328,881900
2013-02-05,18.432342529296875,23.110000610351562,23.25,22.59000015258789,22.700000762939453,875600
2013-02-06,18.472219467163086,23.15999984741211,23.530000686645508,22.860000610351562,23.030000686645508,703800
2013-02-07,18.2967586517334,22.940000534057617,23.200000762939453,22.530000686645508,23.149999618530273,572400
2013-02-08,18.575912475585938,23.290000915527344,23.350000381469727,22.950000762939453,23.040000915527344,346900
2013-02-11,18.551982879638672,23.260000228881836,23.5,23.239999771118164,23.31999969482422,329900
2013-02-12,18.66364288330078,23.399999618530273,23.43000030517578,23.040000915527344,23.239999771118164,347400
2013-02-13,18.974708557128906,23.790000915527344,24.0,23.360000610351562,23.5,577000
2013-02-14,18.695558547973633,23.440000534057617,23.780000686645508,23.3799991607666,23.649999618530273,374200
2013-02-15,18.408418655395508,23.079999923706055,23.540000915527344,22.940000534057617,23.530000686645508,397300
2013-02-19,18.743404388427734,23.5,23.530000686645508,23.200000762939453,23.200000762939453,651300
2013-02-20,17.586896896362305,22.049999237060547,23.469999313354492,21.8700008392334,23.469999313354492,780200
2013-02-21,17.291786193847656,21.68000030517578,21.989999771118164,21.299999237060547,21.920000076293945,878700
2013-02-22,17.945816040039062,22.5,22.559999465942383,21.75,21.829999923706055,408100
2013-02-25,17.227983474731445,21.600000381469727,22.670000076293945,21.600000381469727,22.670000076293945,416200
2013-02-26,17.068464279174805,21.399999618530273,21.81999969482422,20.959999084472656,21.649999618530273,796700
2013-02-27,17.762371063232422,22.270000457763672,22.440000534057617,21.440000534057617,21.469999313354492,518800
2013-02-28,18.17711639404297,22.790000915527344,22.940000534057617,22.059999465942383,22.209999084472656,567100
2013-03-01,18.033170700073242,22.549999237060547,22.65999984741211,21.8700008392334,22.5,671900
2013-03-04,17.825252532958984,22.290000915527344,22.690000534057617,22.1200008392334,22.5,476200
2013-03-05,18.15313148498535,22.700000762939453,22.81999969482422,22.360000610351562,22.5,525000
2013-03-06,18.361051559448242,22.959999084472656,23.06999969482422,22.600000381469727,22.93000030517578,519400
2013-03-07,18.536983489990234,23.18000030517578,23.200000762939453,22.84000015258789,22.950000762939453,392600
2013-03-08,18.856853485107422,23.579999923706055,23.610000610351562,23.270000457763672,23.459999084472656,616200
2013-03-11,19.14474868774414,23.940000534057617,23.940000534057617,23.100000381469727,23.469999313354492,790000
2013-03-12,19.912456512451172,24.899999618530273,25.06999969482422,23.84000015258789,23.899999618530273,2653300
2013-03-13,20.03241729736328,25.049999237060547,25.6299991607666,24.520000457763672,25.030000686645508,758800
2013-03-14,20.04041290283203,25.059999465942383,25.260000228881836,24.809999465942383,25.1299991607666,600400
2013-03-15,20.00843048095703,25.020000457763672,25.34000015258789,24.799999237060547,25.059999465942383,1292300
2013-03-18,19.960439682006836,24.959999084472656,25.34000015258789,24.530000686645508,24.739999771118164,690400
2013-03-19,20.19235610961914,25.25,25.270000457763672,24.809999465942383,25.030000686645508,719700
2013-03-20,20.21634864807129,25.280000686645508,25.459999084472656,24.90999984741211,25.389999389648438,461700
2013-03-21,20.072399139404297,25.100000381469727,25.200000762939453,24.93000030517578,25.020000457763672,434700
2013-03-22,20.064401626586914,25.09000015258789,25.229999542236328,25.010000228881836,25.190000534057617,423100
2013-03-25,19.712528228759766,24.649999618530273,25.25,24.530000686645508,25.25,550400
2013-03-26,19.36866569519043,24.219999313354492,24.739999771118164,24.06999969482422,24.690000534057617,842200
2013-03-27,19.072778701782227,23.850000381469727,24.110000610351562,23.610000610351562,23.950000762939453,750700
2013-03-28,19.520601272583008,24.40999984741211,24.520000457763672,23.850000381469727,24.040000915527344,567700
2013-04-01,19.040786743164062,23.809999465942383,24.510000228881836,23.739999771118164,24.479999542236328,436000
2013-04-02,19.016803741455078,23.780000686645508,24.139999389648438,23.670000076293945,23.950000762939453,486700
2013-04-03,18.568967819213867,23.219999313354492,23.829999923706055,22.8799991607666,23.770000457763672,618400
2013-04-04,19.032787322998047,23.799999237060547,23.799999237060547,23.149999618530273,23.25,401900
2013-04-05,18.872854232788086,23.600000381469727,23.81999969482422,23.170000076293945,23.260000228881836,443800
2013-04-08,19.032787322998047,23.799999237060547,23.81999969482422,23.399999618530273,23.530000686645508,291300
2013-04-09,18.712909698486328,23.399999618530273,23.950000762939453,23.3799991607666,23.8799991607666,648300
2013-04-10,18.904836654663086,23.639999389648438,23.68000030517578,22.959999084472656,23.420000076293945,843200
2013-04-11,18.86485481262207,23.59000015258789,23.81999969482422,23.270000457763672,23.579999923706055,923700
2013-04-12,18.297073364257812,22.8799991607666,23.540000915527344,22.790000915527344,23.389999389648438,727100
2013-04-15,17.313444137573242,21.649999618530273,22.6299991607666,21.459999084472656,22.6299991607666,1355200
2013-04-16,18.313060760498047,22.899999618530273,22.979999542236328,21.81999969482422,21.950000762939453,959300
2013-04-17,17.8812313079834,22.360000610351562,22.670000076293945,22.18000030517578,22.540000915527344,526400
2013-04-18,17.673307418823242,22.100000381469727,22.760000228881836,21.940000534057617,21.940000534057617,562100
2013-04-19,18.353055953979492,22.950000762939453,23.25,22.149999618530273,22.18000030517578,598500
2013-04-22,18.37704086303711,22.979999542236328,23.170000076293945,22.34000015258789,22.979999542236328,417900
2013-04-23,18.488994598388672,23.1200008392334,23.360000610351562,22.790000915527344,23.170000076293945,498700
2013-04-24,18.465011596679688,23.09000015258789,23.200000762939453,22.899999618530273,23.18000030517578,628800
2013-04-25,18.457008361816406,23.079999923706055,23.479999542236328,23.0,23.209999084472656,509900
2013-04-26,18.105146408081055,22.639999389648438,23.1299991607666,22.559999465942383,23.020000457763672,426100
2013-04-29,17.985191345214844,22.489999771118164,22.670000076293945,22.34000015258789,22.6200008392334,481600
2013-04-30,18.01717758178711,22.530000686645508,22.739999771118164,22.299999237060547,22.440000534057617,549900
2013-05-01,17.26546287536621,21.59000015258789,22.399999618530273,21.420000076293945,22.389999389648438,1162900
2013-05-02,18.93682861328125,23.68000030517578,23.920000076293945,22.0,22.3700008392334,943700
2013-05-03,18.88085174560547,23.610000610351562,23.969999313354492,23.3700008392334,23.950000762939453,822000
2013-05-06,18.640941619873047,23.309999465942383,23.649999618530273,22.969999313354492,23.56999969482422,530300
2013-05-07,18.8968448638916,23.6299991607666,23.649999618530273,23.079999923706055,23.3700008392334,453500
2013-05-08,19.056787490844727,23.829999923706055,23.829999923706055,23.329999923706055,23.520000457763672,638700
2013-05-09,19.136749267578125,23.93000030517578,23.989999771118164,23.579999923706055,23.65999984741211,898600
2013-05-10,19.544593811035156,24.440000534057617,24.549999237060547,23.899999618530273,23.899999618530273,981100
2013-05-13,19.296693801879883,24.1299991607666,24.459999084472656,24.0,24.34000015258789,355400
2013-05-14,19.976436614990234,24.979999542236328,25.010000228881836,24.31999969482422,24.31999969482422,582300
2013-05-15,19.976436614990234,24.979999542236328,25.09000015258789,24.68000030517578,24.84000015258789,358700
2013-05-16,19.920455932617188,24.90999984741211,25.1299991607666,24.489999771118164,24.799999237060547,317900
2013-05-17,20.42426300048828,25.540000915527344,25.56999969482422,25.06999969482422,25.06999969482422,479300
2013-05-20,20.488243103027344,25.6200008392334,25.799999237060547,25.290000915527344,25.5,520600
2013-05-21,20.47224235534668,25.600000381469727,25.790000915527344,25.489999771118164,25.610000610351562,321400
2013-05-22,20.31230926513672,25.399999618530273,25.850000381469727,25.31999969482422,25.6200008392334,594200
2013-05-23,20.176359176635742,25.229999542236328,25.360000610351562,24.59000015258789,24.989999771118164,633000
2013-05-24,20.136377334594727,25.18000030517578,25.31999969482422,24.700000762939453,25.06999969482422,245000
2013-05-28,21.295936584472656,26.6299991607666,26.84000015258789,25.6200008392334,25.690000534057617,636200
2013-05-29,21.088010787963867,26.3700008392334,26.600000381469727,26.049999237060547,26.34000015258789,303400
2013-05-30,20.87209701538086,26.100000381469727,26.479999542236328,25.799999237060547,26.399999618530273,277900
2013-05-31,20.544221878051758,25.690000534057617,26.360000610351562,25.68000030517578,25.850000381469727,325300
2013-06-03,20.3362979888916,25.43000030517578,26.06999969482422,24.889999389648438,25.770000457763672,1007500
2013-06-04,20.168363571166992,25.219999313354492,25.860000610351562,25.0,25.440000534057617,668500
2013-06-05,19.568592071533203,24.469999313354492,25.18000030517578,24.420000076293945,25.1200008392334,653900
2013-06-06,19.776512145996094,24.729999542236328,25.020000457763672,24.270000457763672,24.43000030517578,513400
2013-06-07,20.04041290283203,25.059999465942383,25.31999969482422,24.75,24.979999542236328,265500
2013-06-10,20.760135650634766,25.959999084472656,25.989999771118164,25.229999542236328,25.360000610351562,623600
2013-06-11,20.335317611694336,25.3700008392334,25.75,25.200000762939453,25.469999313354492,371500
2013-06-12,20.319284439086914,25.350000381469727,25.610000610351562,25.18000030517578,25.610000610351562,356600
2013-06-13,20.479591369628906,25.549999237060547,25.690000534057617,25.1299991607666,25.260000228881836,494300
2013-06-14,20.36737823486328,25.40999984741211,25.56999969482422,25.15999984741211,25.510000228881836,295800
2013-06-17,20.704023361206055,25.829999923706055,25.940000534057617,25.639999389648438,25.81999969482422,381600
2013-06-18,21.200986862182617,26.450000762939453,26.59000015258789,25.670000076293945,25.8799991607666,431400
2013-06-19,21.03266716003418,26.239999771118164,26.540000915527344,26.209999084472656,26.469999313354492,324100
2013-06-20,19.910499572753906,24.84000015258789,25.920000076293945,24.68000030517578,25.780000686645508,748300
2013-06-21,20.030729293823242,24.989999771118164,25.18000030517578,24.520000457763672,25.0,893900
2013-06-24,19.48567771911621,24.309999465942383,24.969999313354492,23.780000686645508,23.920000076293945,846200
2013-06-25,19.790266036987305,24.690000534057617,24.760000228881836,24.31999969482422,24.59000015258789,484700
2013-06-26,19.830339431762695,24.739999771118164,24.969999313354492,24.639999389648438,24.969999313354492,574500
2013-06-27,20.26318359375,25.280000686645508,25.469999313354492,24.799999237060547,24.84000015258789,566200
2013-06-28,19.862401962280273,24.780000686645508,25.270000457763672,24.75,25.270000457763672,1378700
2013-07-01,20.575780868530273,25.670000076293945,25.790000915527344,24.760000228881836,25.030000686645508,423300
2013-07-02,20.407451629638672,25.459999084472656,25.84000015258789,24.979999542236328,25.479999542236328,461800
2013-07-03,20.687992095947266,25.809999465942383,25.920000076293945,25.079999923706055,25.229999542236328,283200
2013-07-05,21.34527015686035,26.6299991607666,26.670000076293945,26.139999389648438,26.25,493000
2013-07-08,21.83422088623047,27.239999771118164,27.510000228881836,26.760000228881836,26.790000915527344,675600
2013-07-09,22.531564712524414,28.110000610351562,28.149999618530273,27.020000457763672,27.520000457763672,1231600
2013-07-10,22.323156356811523,27.850000381469727,28.1299991607666,27.34000015258789,28.020000457763672,630900
2013-07-11,22.20293617248535,27.700000762939453,28.389999389648438,27.440000534057617,28.260000228881836,511100
2013-07-12,21.842233657836914,27.25,27.639999389648438,27.100000381469727,27.579999923706055,525800
2013-07-15,22.30712890625,27.829999923706055,27.950000762939453,27.270000457763672,27.3799991607666,654100
2013-07-16,22.1387996673584,27.6200008392334,27.899999618530273,27.3799991607666,27.899999618530273,470200
2013-07-17,22.44338607788086,28.0,28.110000610351562,27.670000076293945,27.670000076293945,455200
2013-07-18,22.651796340942383,28.260000228881836,28.40999984741211,28.040000915527344,28.100000381469727,396000
2013-07-19,22.916305541992188,28.59000015258789,28.729999542236328,28.1200008392334,28.139999389648438,502500
2013-07-22,22.94035530090332,28.6200008392334,28.84000015258789,28.479999542236328,28.690000534057617,337500
2013-07-23,22.860198974609375,28.520000457763672,28.780000686645508,28.450000762939453,28.610000610351562,408500
2013-07-24,22.523550033569336,28.100000381469727,28.649999618530273,27.90999984741211,28.649999618530273,284500
2013-07-25,22.876230239868164,28.540000915527344,28.610000610351562,27.90999984741211,28.030000686645508,277000
2013-07-26,21.986513137817383,27.43000030517578,28.329999923706055,27.200000762939453,28.25,660700
2013-07-29,21.978492736816406,27.420000076293945,27.43000030517578,27.1200008392334,27.290000915527344,862700
2013-07-30,22.44338607788086,28.0,28.049999237060547,27.139999389648438,27.479999542236328,614600
2013-07-31,23.172800064086914,28.90999984741211,29.229999542236328,26.040000915527344,28.0,858200
2013-08-01,23.629688262939453,29.479999542236328,29.739999771118164,29.229999542236328,29.420000076293945,441600
2013-08-02,23.277006149291992,29.040000915527344,29.489999771118164,28.700000762939453,29.40999984741211,435900
2013-08-05,23.413270950317383,29.209999084472656,29.389999389648438,28.90999984741211,29.059999465942383,377000
2013-08-06,23.349143981933594,29.1299991607666,29.200000762939453,28.639999389648438,28.959999084472656,311200
2013-08-07,22.94035530090332,28.6200008392334,29.100000381469727,28.440000534057617,29.049999237060547,321200
2013-08-08,23.28502082824707,29.049999237060547,29.18000030517578,28.739999771118164,28.760000228881836,271500
2013-08-09,23.068603515625,28.780000686645508,29.149999618530273,28.530000686645508,28.940000534057617,359000
2013-08-12,23.08462905883789,28.799999237060547,28.850000381469727,28.239999771118164,28.3799991607666,377400
2013-08-13,23.33311653137207,29.110000610351562,29.219999313354492,28.5,28.889999389648438,233000
2013-08-14,22.9964656829834,28.690000534057617,29.350000381469727,28.690000534057617,29.170000076293945,342200
2013-08-15,22.523550033569336,28.100000381469727,28.43000030517578,27.959999084472656,28.239999771118164,314900
2013-08-16,22.339189529418945,27.8700008392334,28.079999923706055,27.700000762939453,27.8700008392334,378200
2013-08-19,21.994525909423828,27.440000534057617,27.850000381469727,27.399999618530273,27.56999969482422,410200
2013-08-20,22.635766983032227,28.239999771118164,28.350000381469727,27.31999969482422,27.540000915527344,234100
2013-08-21,22.459426879882812,28.020000457763672,28.389999389648438,27.829999923706055,28.040000915527344,235600
2013-08-22,22.611713409423828,28.209999084472656,28.489999771118164,28.040000915527344,28.059999465942383,215300
2013-08-23,22.56362533569336,28.149999618530273,28.360000610351562,28.020000457763672,28.229999542236328,170500
2013-08-26,22.804088592529297,28.450000762939453,28.479999542236328,28.15999984741211,28.190000534057617,255400
2013-08-27,21.465497970581055,26.780000686645508,28.079999923706055,26.75,27.940000534057617,546300
2013-08-28,21.6177978515625,26.969999313354492,27.06999969482422,26.649999618530273,26.81999969482422,257600
2013-08-29,21.906362533569336,27.329999923706055,27.479999542236328,26.899999618530273,26.969999313354492,337000
2013-08-30,21.657869338989258,27.020000457763672,27.43000030517578,26.940000534057617,27.260000228881836,324400
2013-09-03,21.85024642944336,27.260000228881836,27.84000015258789,27.170000076293945,27.5,252900
2013-09-04,22.24300765991211,27.75,27.760000228881836,27.06999969482422,27.170000076293945,329000
2013-09-05,22.34720230102539,27.8799991607666,27.93000030517578,27.6200008392334,27.84000015258789,360300
2013-09-06,22.267057418823242,27.780000686645508,28.149999618530273,27.3700008392334,28.079999923706055,309800
2013-09-09,22.65981674194336,28.270000457763672,28.399999618530273,27.809999465942383,27.809999465942383,235300
2013-09-10,22.908300399780273,28.579999923706055,28.979999542236328,28.25,28.440000534057617,323800
2013-09-11,22.876161575317383,28.479999542236328,28.6200008392334,28.0,28.540000915527344,340900
2013-09-12,22.530771255493164,28.049999237060547,28.549999237060547,28.049999237060547,28.510000228881836,316300
2013-09-13,22.554872512817383,28.079999923706055,28.219999313354492,27.899999618530273,28.100000381469727,536900
2013-09-16,22.92436408996582,28.540000915527344,28.84000015258789,28.350000381469727,28.549999237060547,266700
2013-09-17,23.068937301635742,28.719999313354492,28.75,28.3799991607666,28.5,328300
2013-09-18,23.52678108215332,29.290000915527344,29.6200008392334,28.579999923706055,28.719999313354492,303000
2013-09-19,24.20953369140625,30.139999389648438,30.280000686645508,29.389999389648438,29.389999389648438,713400
2013-09-20,24.113149642944336,30.020000457763672,30.3700008392334,29.780000686645508,30.329999923706055,1428100
2013-09-23,24.04888153076172,29.940000534057617,30.06999969482422,29.559999465942383,30.06999969482422,425700
2013-09-24,24.00872802734375,29.889999389648438,30.219999313354492,29.65999984741211,29.899999618530273,495600
2013-09-25,24.05691909790039,29.950000762939453,30.25,29.760000228881836,29.979999542236328,224600
2013-09-26,24.089052200317383,29.989999771118164,30.520000457763672,29.829999923706055,30.110000610351562,305900
2013-09-27,24.522794723510742,30.530000686645508,30.6200008392334,29.56999969482422,29.68000030517578,471100
2013-09-30,24.667383193969727,30.709999084472656,30.959999084472656,29.989999771118164,30.079999923706055,525500
2013-10-01,24.715566635131836,30.770000457763672,30.84000015258789,30.3700008392334,30.729999542236328,517200
2013-10-02,24.659351348876953,30.700000762939453,30.799999237060547,30.09000015258789,30.31999969482422,281500
2013-10-03,24.61115074157715,30.639999389648438,30.809999465942383,30.079999923706055,30.649999618530273,354000
2013-10-04,24.474609375,30.469999313354492,30.760000228881836,30.459999084472656,30.600000381469727,298900
2013-10-07,23.984628677368164,29.860000610351562,30.100000381469727,29.700000762939453,30.0,400600
2013-10-08,23.317949295043945,29.030000686645508,29.790000915527344,29.020000457763672,29.780000686645508,523200
2013-10-09,23.165325164794922,28.84000015258789,29.25,28.65999984741211,29.170000076293945,400400
2013-10-10,23.96856117248535,29.84000015258789,29.850000381469727,29.31999969482422,29.360000610351562,339900
2013-10-11,24.49066734313965,30.489999771118164,30.68000030517578,29.690000534057617,29.690000534057617,255200
2013-10-14,24.24970245361328,30.190000534057617,30.489999771118164,30.06999969482422,30.239999771118164,365100
2013-10-15,24.233633041381836,30.170000076293945,30.280000686645508,29.93000030517578,30.149999618530273,311800
2013-10-16,24.370187759399414,30.34000015258789,30.670000076293945,30.200000762939453,30.670000076293945,528100
2013-10-17,24.538864135742188,30.549999237060547,30.610000610351562,30.280000686645508,30.3700008392334,731500
2013-10-18,25.575037002563477,31.84000015258789,31.950000762939453,30.780000686645508,30.899999618530273,919500
2013-10-21,25.3983211517334,31.6200008392334,32.31999969482422,31.450000762939453,31.969999313354492,442600
2013-10-22,25.205549240112305,31.3799991607666,32.099998474121094,31.31999969482422,31.920000076293945,820600
2013-10-23,24.900318145751953,31.0,31.270000457763672,30.90999984741211,31.09000015258789,494800
2013-10-24,24.88425064086914,30.979999542236328,31.329999923706055,30.90999984741211,31.100000381469727,580300
2013-10-25,25.125225067138672,31.280000686645508,31.790000915527344,30.799999237060547,30.850000381469727,863600
2013-10-28,24.980642318725586,31.100000381469727,31.809999465942383,30.969999313354492,31.579999923706055,543100
2013-10-29,24.996707916259766,31.1200008392334,31.290000915527344,30.93000030517578,31.290000915527344,451000
2013-10-30,24.49869728088379,30.5,31.209999084472656,30.479999542236328,31.06999969482422,511400
2013-10-31,24.33804702758789,30.299999237060547,30.65999984741211,30.25,30.40999984741211,513700
2013-11-01,24.09708595275879,30.0,30.40999984741211,29.75,30.25,533800
2013-11-04,24.683448791503906,30.729999542236328,30.75,30.059999465942383,30.09000015258789,407500
2013-11-05,24.418378829956055,30.399999618530273,30.719999313354492,30.270000457763672,30.479999542236328,349700
2013-11-06,24.62722396850586,30.65999984741211,30.81999969482422,30.440000534057617,30.540000915527344,239900
2013-11-07,23.944469451904297,29.809999465942383,31.100000381469727,29.780000686645508,30.920000076293945,520900
2013-11-08,24.522794723510742,30.530000686645508,30.75,29.790000915527344,29.790000915527344,326400
2013-11-11,24.354116439819336,30.31999969482422,30.760000228881836,30.299999237060547,30.549999237060547,391900
2013-11-12,24.14527130126953,30.059999465942383,30.309999465942383,29.969999313354492,30.309999465942383,436100
2013-11-13,24.40230941772461,30.3799991607666,30.399999618530273,29.809999465942383,29.860000610351562,577900
2013-11-14,24.723600387573242,30.780000686645508,31.0,30.299999237060547,30.299999237060547,526600
2013-11-15,24.61115074157715,30.639999389648438,30.8700008392334,30.459999084472656,30.729999542236328,390500
2013-11-18,24.5950870513916,30.6200008392334,30.959999084472656,30.510000228881836,30.719999313354492,236100
2013-11-19,24.747697830200195,30.809999465942383,31.110000610351562,30.56999969482422,30.56999969482422,485100
2013-11-20,24.836057662963867,30.920000076293945,31.43000030517578,30.770000457763672,31.040000915527344,514500
2013-11-21,25.502744674682617,31.75,31.780000686645508,31.1200008392334,31.149999618530273,474800
2013-11-22,25.72764778137207,32.029998779296875,32.04999923706055,31.549999237060547,31.700000762939453,356500
2013-11-25,25.66339111328125,31.950000762939453,32.2400016784668,31.920000076293945,32.0,333200
2013-11-26,26.016817092895508,32.38999938964844,32.52000045776367,31.709999084472656,31.889999389648438,643500
2013-11-27,26.040908813476562,32.41999816894531,32.619998931884766,32.27000045776367,32.59000015258789,401100
2013-11-29,26.073043823242188,32.459999084472656,32.72999954223633,32.27000045776367,32.599998474121094,205700
2013-12-02,25.82403564453125,32.150001525878906,32.66999816894531,32.09000015258789,32.459999084472656,512000
2013-12-03,25.703556060791016,32.0,32.29999923706055,31.510000228881836,32.15999984741211,551100
2013-12-04,25.66339111328125,31.950000762939453,32.15999984741211,31.479999542236328,31.899999618530273,607600
2013-12-05,25.791906356811523,32.11000061035156,32.150001525878906,31.809999465942383,31.90999984741211,365800
2013-12-06,26.707603454589844,33.25,33.33000183105469,32.16999816894531,32.599998474121094,478200
2013-12-09,27.462644577026367,34.189998626708984,34.470001220703125,33.72999954223633,34.0,815200
2013-12-10,27.117246627807617,33.7599983215332,34.52000045776367,33.7400016784668,34.060001373291016,494600
2013-12-11,26.450557708740234,32.93000030517578,33.880001068115234,32.83000183105469,33.779998779296875,395600
2013-12-12,27.245763778686523,33.91999816894531,34.099998474121094,32.75,32.93000030517578,827400
2013-12-13,27.575878143310547,34.25,34.29999923706055,33.849998474121094,34.119998931884766,345000
2013-12-16,27.809362411499023,34.540000915527344,34.93000030517578,34.400001525878906,34.47999954223633,445900
2013-12-17,27.4873046875,34.13999938964844,34.56999969482422,34.060001373291016,34.529998779296875,344900
2013-12-18,27.575878143310547,34.25,34.349998474121094,33.439998626708984,34.150001525878906,712100
2013-12-19,27.439002990722656,34.08000183105469,34.29999923706055,33.79999923706055,33.91999816894531,506700
2013-12-20,28.075056076049805,34.869998931884766,35.5099983215332,34.150001525878906,34.20000076293945,1103600
2013-12-23,28.292436599731445,35.13999938964844,35.5,34.970001220703125,35.25,440500
2013-12-24,28.517885208129883,35.41999816894531,35.689998626708984,35.06999969482422,35.099998474121094,298400
2013-12-26,28.49372673034668,35.38999938964844,35.77000045776367,35.189998626708984,35.5,278100
2013-12-27,28.533981323242188,35.439998626708984,35.61000061035156,35.06999969482422,35.560001373291016,247000
2013-12-30,28.244140625,35.08000183105469,35.369998931884766,34.83000183105469,35.31999969482422,415100
2013-12-31,28.461524963378906,35.349998474121094,35.45000076293945,34.97999954223633,35.25,469000
2014-01-02,28.292436599731445,35.13999938964844,35.380001068115234,34.7599983215332,35.380001068115234,398900
2014-01-03,28.17972183227539,35.0,35.220001220703125,34.849998474121094,35.029998779296875,326600
2014-01-06,28.010637283325195,34.790000915527344,35.279998779296875,34.599998474121094,35.150001525878906,472800
2014-01-07,28.147520065307617,34.959999084472656,35.33000183105469,34.93000030517578,35.06999969482422,509400
2014-01-08,27.94623374938965,34.709999084472656,35.08000183105469,34.459999084472656,34.90999984741211,519500
2014-01-09,27.559772491455078,34.22999954223633,35.0,34.15999984741211,34.95000076293945,564400
2014-01-10,27.938186645507812,34.70000076293945,34.869998931884766,34.16999816894531,34.33000183105469,439100
2014-01-13,27.269920349121094,33.869998931884766,34.63999938964844,33.720001220703125,34.47999954223633,590000
2014-01-14,27.59197998046875,34.27000045776367,34.290000915527344,33.939998626708984,34.04999923706055,564200
2014-01-15,28.19582748413086,35.02000045776367,35.52000045776367,34.869998931884766,35.029998779296875,839500
2014-01-16,27.881826400756836,34.630001068115234,35.18000030517578,34.56999969482422,35.06999969482422,357900
2014-01-17,27.68858528137207,34.38999938964844,34.86000061035156,34.15999984741211,34.70000076293945,653600
2014-01-21,28.17972183227539,35.0,35.029998779296875,34.689998626708984,34.689998626708984,415100
2014-01-22,28.622556686401367,35.54999923706055,35.599998474121094,35.040000915527344,35.22999954223633,344300
2014-01-23,28.477628707885742,35.369998931884766,35.380001068115234,34.970001220703125,35.34000015258789,660000
2014-01-24,27.157203674316406,33.72999954223633,35.2400016784668,33.52000045776367,35.04999923706055,1003200
2014-01-27,26.923715591430664,33.439998626708984,33.970001220703125,32.810001373291016,33.75,790100
2014-01-28,27.092790603637695,33.650001525878906,33.7400016784668,33.16999816894531,33.41999816894531,529400
2014-01-29,28.58229637145996,35.5,35.9900016784668,33.36000061035156,33.45000076293945,2309700
2014-01-30,28.61449432373047,35.540000915527344,35.9900016784668,35.310001373291016,35.90999984741211,751200
2014-01-31,28.63059425354004,35.560001373291016,35.790000915527344,34.83000183105469,34.88999938964844,1020200
2014-02-03,27.70469093322754,34.40999984741211,35.65999984741211,33.900001525878906,35.5,881900
2014-02-04,27.551721572875977,34.220001220703125,34.61000061035156,33.84000015258789,34.40999984741211,484300
2014-02-05,27.108888626098633,33.66999816894531,34.08000183105469,33.189998626708984,33.900001525878906,653500
2014-02-06,27.833515167236328,34.56999969482422,35.06999969482422,33.66999816894531,33.869998931884766,1051200
2014-02-07,28.308547973632812,35.15999984741211,35.33000183105469,34.7400016784668,34.83000183105469,684100
2014-02-10,28.381006240844727,35.25,35.349998474121094,34.88999938964844,35.099998474121094,366700
2014-02-11,28.2360782623291,35.06999969482422,35.40999984741211,34.900001525878906,35.40999984741211,894800
2014-02-12,28.437368392944336,35.31999969482422,35.61000061035156,35.15999984741211,35.29999923706055,358300
2014-02-13,28.968759536743164,35.97999954223633,36.18000030517578,35.0099983215332,35.04999923706055,562400
2014-02-14,29.017066955566406,36.040000915527344,36.130001068115234,35.790000915527344,35.939998626708984,440600
2014-02-18,29.041215896606445,36.06999969482422,36.25,35.7599983215332,36.11000061035156,620000
2014-02-19,29.065364837646484,36.099998474121094,36.349998474121094,35.90999984741211,35.90999984741211,715600
2014-02-20,29.218353271484375,36.290000915527344,36.369998931884766,35.720001220703125,36.25,605000
2014-02-21,29.15394401550293,36.209999084472656,36.4900016784668,36.040000915527344,36.459999084472656,563000
2014-02-24,29.1780948638916,36.2400016784668,36.790000915527344,36.130001068115234,36.2599983215332,641800
2014-02-25,29.556495666503906,36.709999084472656,37.040000915527344,36.209999084472656,36.2400016784668,670700
2014-02-26,30.079845428466797,37.36000061035156,37.540000915527344,36.68000030517578,36.849998474121094,605700
2014-02-27,30.136205673217773,37.43000030517578,37.56999969482422,37.08000183105469,37.189998626708984,393800
2014-02-28,30.19255828857422,37.5,37.70000076293945,37.279998779296875,37.43000030517578,519600
2014-03-03,30.08789825439453,37.369998931884766,37.54999923706055,36.86000061035156,37.189998626708984,300900
2014-03-04,30.514602661132812,37.900001525878906,38.13999938964844,37.70000076293945,37.83000183105469,991300
2014-03-05,30.38579559326172,37.7400016784668,37.939998626708984,37.47999954223633,37.869998931884766,426500
2014-03-06,30.667591094970703,38.09000015258789,38.150001525878906,37.7400016784668,37.7400016784668,533900
2014-03-07,30.59511947631836,38.0,38.380001068115234,37.75,38.31999969482422,456400
2014-03-10,30.369688034057617,37.720001220703125,37.9900016784668,37.52000045776367,37.83000183105469,739600
2014-03-11,30.256973266601562,37.58000183105469,37.90999984741211,37.43000030517578,37.86000061035156,541200
2014-03-12,29.877748489379883,37.029998779296875,37.20000076293945,36.22999954223633,36.72999954223633,1493800
2014-03-13,29.65183448791504,36.75,37.2400016784668,36.529998779296875,37.09000015258789,860600
2014-03-14,29.530807495117188,36.599998474121094,36.880001068115234,36.52000045776367,36.540000915527344,671500
2014-03-17,29.91002082824707,37.06999969482422,37.279998779296875,36.709999084472656,36.900001525878906,472900
2014-03-18,30.579710006713867,37.900001525878906,38.209999084472656,37.13999938964844,37.2599983215332,614900
2014-03-19,30.111738204956055,37.31999969482422,38.0099983215332,37.099998474121094,38.0099983215332,461500
2014-03-20,30.216625213623047,37.45000076293945,37.56999969482422,36.959999084472656,37.29999923706055,188700
2014-03-21,30.0714054107666,37.27000045776367,38.0,37.2400016784668,37.70000076293945,621200
2014-03-24,29.85353660583496,37.0,37.45000076293945,36.52000045776367,37.349998474121094,485100
2014-03-25,30.168214797973633,37.38999938964844,37.43000030517578,36.619998931884766,37.02000045776367,432600
2014-03-26,29.312955856323242,36.33000183105469,37.529998779296875,36.33000183105469,37.529998779296875,384600
2014-03-27,29.07896614074707,36.040000915527344,36.38999938964844,35.54999923706055,36.349998474121094,412300
2014-03-28,29.199993133544922,36.189998626708984,36.59000015258789,35.7599983215332,36.060001373291016,303400
2014-03-31,29.57921600341797,36.65999984741211,36.849998474121094,36.0,36.400001525878906,476200
2014-04-01,30.361867904663086,37.630001068115234,37.709999084472656,36.66999816894531,36.66999816894531,466700
2014-04-02,31.039623260498047,38.470001220703125,38.560001373291016,37.540000915527344,37.880001068115234,582300
2014-04-03,30.89438247680664,38.290000915527344,38.689998626708984,38.15999984741211,38.560001373291016,295600
2014-04-04,30.265029907226562,37.5099983215332,39.279998779296875,37.380001068115234,39.0,576900
2014-04-07,30.0875301361084,37.290000915527344,37.880001068115234,36.79999923706055,37.290000915527344,653700
2014-04-08,29.861610412597656,37.0099983215332,37.599998474121094,36.84000015258789,37.25,856800
2014-04-09,30.733015060424805,38.09000015258789,38.369998931884766,36.84000015258789,37.290000915527344,859100
2014-04-10,29.433979034423828,36.47999954223633,38.040000915527344,36.47999954223633,37.97999954223633,634400
2014-04-11,29.232269287109375,36.22999954223633,36.83000183105469,36.02000045776367,36.099998474121094,762300
2014-04-14,30.031049728393555,37.220001220703125,37.22999954223633,36.41999816894531,36.709999084472656,675400
2014-04-15,30.265029907226562,37.5099983215332,37.970001220703125,36.970001220703125,37.400001525878906,742700
2014-04-16,30.983137130737305,38.400001525878906,38.47999954223633,37.79999923706055,37.959999084472656,436300
2014-04-17,31.13644790649414,38.59000015258789,38.779998779296875,38.2400016784668,38.34000015258789,427900
2014-04-21,30.878244400024414,38.27000045776367,38.72999954223633,37.97999954223633,38.689998626708984,290200
2014-04-22,30.78948211669922,38.15999984741211,38.45000076293945,38.0,38.349998474121094,556900
2014-04-23,30.22469139099121,37.459999084472656,38.22999954223633,37.43000030517578,38.119998931884766,490800
2014-04-24,30.386072158813477,37.65999984741211,37.869998931884766,36.849998474121094,37.810001373291016,743900
2014-04-25,30.40220069885254,37.68000030517578,38.880001068115234,37.650001525878906,38.130001068115234,1523700
2014-04-28,30.797571182250977,38.16999816894531,38.5,37.5099983215332,37.79999923706055,1079500
2014-04-29,30.708816528320312,38.060001373291016,38.4900016784668,37.7400016784668,38.439998626708984,878100
2014-04-30,30.232757568359375,37.470001220703125,38.40999984741211,37.470001220703125,38.119998931884766,15544600
2014-05-01,30.37799835205078,37.650001525878906,38.41999816894531,36.66999816894531,36.66999816894531,1451800
2014-05-02,31.313945770263672,38.810001373291016,39.029998779296875,37.720001220703125,37.83000183105469,868300
2014-05-05,31.192914962768555,38.65999984741211,38.95000076293945,37.95000076293945,38.560001373291016,640600
2014-05-06,30.958934783935547,38.369998931884766,38.79999923706055,38.15999984741211,38.5,817900
2014-05-07,31.112241744995117,38.560001373291016,38.599998474121094,37.689998626708984,38.45000076293945,594600
2014-05-08,30.63619613647461,37.970001220703125,39.029998779296875,37.779998779296875,38.459999084472656,675900
2014-05-09,30.813705444335938,38.189998626708984,38.220001220703125,37.45000076293945,37.959999084472656,645800
2014-05-12,31.62055778503418,39.189998626708984,39.25,37.91999816894531,38.29999923706055,992100
2014-05-13,31.386560440063477,38.900001525878906,39.54999923706055,38.77000045776367,39.20000076293945,765900
2014-05-14,30.733015060424805,38.09000015258789,38.790000915527344,38.040000915527344,38.790000915527344,593500
2014-05-15,30.289249420166016,37.540000915527344,37.810001373291016,36.810001373291016,37.779998779296875,837000
2014-05-16,30.27310562133789,37.52000045776367,37.66999816894531,37.20000076293945,37.66999816894531,493700
2014-05-19,30.813705444335938,38.189998626708984,38.34000015258789,37.369998931884766,37.52000045776367,406900
2014-05-20,30.442537307739258,37.72999954223633,38.06999969482422,37.310001373291016,38.04999923706055,594700
2014-05-21,30.89438247680664,38.290000915527344,38.470001220703125,37.84000015258789,37.869998931884766,449900
2014-05-22,31.28167724609375,38.77000045776367,38.86000061035156,38.16999816894531,38.29999923706055,385500
2014-05-23,31.660898208618164,39.2400016784668,39.349998474121094,38.5099983215332,38.7599983215332,454500
2014-05-27,31.74964714050293,39.349998474121094,39.4900016784668,39.0,39.45000076293945,484300
2014-05-28,31.556007385253906,39.11000061035156,39.459999084472656,39.06999969482422,39.279998779296875,435000
2014-05-29,32.306373596191406,40.040000915527344,40.060001373291016,38.849998474121094,39.34000015258789,586300
2014-05-30,32.37899398803711,40.130001068115234,40.40999984741211,39.810001373291016,40.40999984741211,577100
2014-06-02,32.3225212097168,40.060001373291016,40.369998931884766,39.45000076293945,40.290000915527344,751700
2014-06-03,32.57263946533203,40.369998931884766,40.47999954223633,39.849998474121094,39.970001220703125,887000
2014-06-04,33.08096694946289,41.0,41.150001525878906,40.20000076293945,40.439998626708984,606000
2014-06-05,33.77485275268555,41.86000061035156,41.97999954223633,40.79999923706055,41.09000015258789,708400
2014-06-06,33.99269485473633,42.130001068115234,42.470001220703125,41.91999816894531,42.15999984741211,637500
2014-06-09,33.9765625,42.11000061035156,42.29999923706055,41.9900016784668,42.06999969482422,412600
2014-06-10,33.72643280029297,41.79999923706055,42.040000915527344,41.2400016784668,41.970001220703125,594700
2014-06-11,33.45966339111328,41.38999938964844,41.720001220703125,41.11000061035156,41.599998474121094,441200
2014-06-12,32.85337448120117,40.63999938964844,41.380001068115234,40.540000915527344,41.25,484800
2014-06-13,32.91802978515625,40.720001220703125,40.83000183105469,40.29999923706055,40.68000030517578,369500
2014-06-16,32.699771881103516,40.45000076293945,40.77000045776367,40.220001220703125,40.720001220703125,236400
2014-06-17,32.93421173095703,40.7400016784668,41.290000915527344,40.31999969482422,40.33000183105469,571700
2014-06-18,32.86952209472656,40.65999984741211,41.0099983215332,40.08000183105469,40.86000061035156,419200
2014-06-19,32.772525787353516,40.540000915527344,40.900001525878906,40.31999969482422,40.68000030517578,269200
2014-06-20,33.53241729736328,41.47999954223633,41.5,40.52000045776367,40.540000915527344,1150400
2014-06-23,33.74260711669922,41.7400016784668,41.869998931884766,41.439998626708984,41.560001373291016,401200
2014-06-24,33.13629913330078,40.9900016784668,42.380001068115234,40.959999084472656,41.59000015258789,629400
2014-06-25,33.08780288696289,40.93000030517578,41.5,40.72999954223633,40.81999969482422,516000
2014-06-26,32.748287200927734,40.5099983215332,40.869998931884766,40.040000915527344,40.869998931884766,519700
2014-06-27,33.51626968383789,41.459999084472656,41.560001373291016,40.29999923706055,40.29999923706055,652300
2014-06-30,34.06595993041992,42.13999938964844,42.18000030517578,41.68000030517578,41.68000030517578,678100
2014-07-01,34.672264099121094,42.88999938964844,43.34000015258789,42.20000076293945,42.29999923706055,1081600
2014-07-02,34.55101013183594,42.7400016784668,43.040000915527344,42.369998931884766,42.720001220703125,398700
2014-07-03,34.874351501464844,43.13999938964844,43.15999984741211,42.529998779296875,42.79999923706055,183600
2014-07-07,34.53483581542969,42.720001220703125,43.040000915527344,42.47999954223633,43.02000045776367,560500
2014-07-08,34.44590759277344,42.61000061035156,42.790000915527344,42.290000915527344,42.59000015258789,828200
2014-07-09,34.518680572509766,42.70000076293945,43.060001373291016,42.63999938964844,42.7400016784668,383700
2014-07-10,34.11446762084961,42.20000076293945,42.7400016784668,41.81999969482422,41.86000061035156,422400
2014-07-11,34.179134368896484,42.279998779296875,42.470001220703125,41.91999816894531,42.290000915527344,259800
2014-07-14,34.11446762084961,42.20000076293945,42.79999923706055,42.130001068115234,42.619998931884766,468700
2014-07-15,33.88811111450195,41.91999816894531,42.68000030517578,41.58000183105469,42.36000061035156,378600
2014-07-16,33.880035400390625,41.90999984741211,42.45000076293945,41.47999954223633,42.34000015258789,436200
2014-07-17,33.43541717529297,41.36000061035156,41.95000076293945,41.220001220703125,41.54999923706055,619300
2014-07-18,33.977046966552734,42.029998779296875,42.310001373291016,41.33000183105469,41.349998474121094,656800
2014-07-21,33.6213493347168,41.59000015258789,41.86000061035156,41.04999923706055,41.650001525878906,712100
2014-07-22,34.203399658203125,42.310001373291016,42.93000030517578,40.779998779296875,41.58000183105469,1170600
2014-07-23,34.12255096435547,42.209999084472656,42.59000015258789,42.029998779296875,42.400001525878906,583600
2014-07-24,33.49199676513672,41.43000030517578,42.08000183105469,41.15999984741211,41.619998931884766,664300
2014-07-25,32.90995788574219,40.709999084472656,41.220001220703125,40.599998474121094,40.97999954223633,657400
2014-07-28,32.982696533203125,40.79999923706055,41.20000076293945,40.279998779296875,40.810001373291016,598000
2014-07-29,32.38449478149414,40.060001373291016,41.04999923706055,40.060001373291016,40.95000076293945,602600
2014-07-30,31.85902976989746,39.40999984741211,40.630001068115234,39.349998474121094,40.40999984741211,818400
2014-07-31,30.678781509399414,37.95000076293945,39.13999938964844,37.79999923706055,39.06999969482422,1339800
2014-08-01,30.630268096923828,37.88999938964844,38.18000030517578,37.470001220703125,37.880001068115234,1001100
2014-08-04,31.260814666748047,38.66999816894531,38.72999954223633,37.709999084472656,38.06999969482422,567400
2014-08-05,30.775789260864258,38.06999969482422,38.619998931884766,37.95000076293945,38.36000061035156,385900
2014-08-06,31.010215759277344,38.36000061035156,38.66999816894531,37.720001220703125,37.720001220703125,545000
2014-08-07,30.654516220092773,37.91999816894531,38.689998626708984,37.810001373291016,38.5,602800
2014-08-08,31.22039222717285,38.619998931884766,38.689998626708984,37.880001068115234,37.93000030517578,440700
2014-08-11,31.62459373474121,39.119998931884766,39.459999084472656,38.40999984741211,38.869998931884766,511300
2014-08-12,31.212295532226562,38.61000061035156,39.0,38.349998474121094,38.959999084472656,350700
2014-08-13,31.69735336303711,39.209999084472656,39.310001373291016,38.68000030517578,38.83000183105469,304400
2014-08-14,31.834774017333984,39.380001068115234,39.400001525878906,39.06999969482422,39.209999084472656,277300
2014-08-15,32.02880096435547,39.619998931884766,39.84000015258789,39.20000076293945,39.619998931884766,514300
2014-08-18,32.35214614868164,40.02000045776367,40.4900016784668,39.880001068115234,39.90999984741211,534300
2014-08-19,32.31981658935547,39.97999954223633,40.20000076293945,39.7599983215332,40.04999923706055,410900
2014-08-20,32.07730484008789,39.68000030517578,39.88999938964844,39.4900016784668,39.869998931884766,425800
2014-08-21,32.069210052490234,39.66999816894531,39.810001373291016,39.130001068115234,39.68000030517578,357200
2014-08-22,31.81861686706543,39.36000061035156,39.689998626708984,39.33000183105469,39.599998474121094,362700
2014-08-25,32.03687286376953,39.630001068115234,39.7599983215332,39.369998931884766,39.7599983215332,436200
2014-08-26,31.964134216308594,39.540000915527344,39.939998626708984,39.5099983215332,39.7400016784668,891200
2014-08-27,31.826702117919922,39.369998931884766,39.630001068115234,39.27000045776367,39.400001525878906,283300
2014-08-28,31.665016174316406,39.16999816894531,39.439998626708984,38.95000076293945,39.22999954223633,364600
2014-08-29,31.7054500579834,39.220001220703125,39.310001373291016,39.060001373291016,39.279998779296875,219700
2014-09-02,31.648855209350586,39.150001525878906,39.90999984741211,38.9900016784668,39.189998626708984,706900
2014-09-03,31.69735336303711,39.209999084472656,39.720001220703125,39.15999984741211,39.439998626708984,461300
2014-09-04,31.04254722595215,38.400001525878906,39.349998474121094,38.380001068115234,39.20000076293945,527400
2014-09-05,30.75153160095215,38.040000915527344,38.43000030517578,37.970001220703125,38.2599983215332,1052500
2014-09-08,30.80002212524414,38.099998474121094,38.27000045776367,37.61000061035156,38.040000915527344,850500
2014-09-09,30.484752655029297,37.709999084472656,38.20000076293945,37.52000045776367,38.150001525878906,812500
2014-09-10,30.614376068115234,37.790000915527344,37.88999938964844,37.5,37.709999084472656,667400
2014-09-11,30.752098083496094,37.959999084472656,38.040000915527344,37.4900016784668,37.4900016784668,611100
2014-09-12,30.055397033691406,37.099998474121094,38.029998779296875,37.0099983215332,38.0,543700
2014-09-15,29.585521697998047,36.52000045776367,37.099998474121094,36.380001068115234,37.099998474121094,816600
2014-09-16,29.334388732910156,36.209999084472656,36.54999923706055,36.099998474121094,36.439998626708984,1329000
2014-09-17,28.71868896484375,35.45000076293945,36.2599983215332,35.349998474121094,36.2599983215332,1915400
2014-09-18,28.354150772094727,35.0,35.58000183105469,34.779998779296875,35.45000076293945,1641400
2014-09-19,28.905019760131836,35.68000030517578,35.84000015258789,35.04999923706055,35.15999984741211,2098400
2014-09-22,29.698938369750977,36.65999984741211,36.810001373291016,36.189998626708984,36.209999084472656,1216000
2014-09-23,29.520713806152344,36.439998626708984,37.16999816894531,36.439998626708984,36.65999984741211,1057300
2014-09-24,29.990575790405273,37.02000045776367,37.09000015258789,36.279998779296875,36.38999938964844,1077800
2014-09-25,29.18856430053711,36.029998779296875,36.88999938964844,36.029998779296875,36.88999938964844,1010900
2014-09-26,29.318178176879883,36.189998626708984,36.2400016784668,35.65999984741211,36.040000915527344,987600
2014-09-29,29.237171173095703,36.09000015258789,36.119998931884766,35.54999923706055,35.720001220703125,506200
2014-09-30,28.824010848999023,35.58000183105469,36.290000915527344,35.56999969482422,36.040000915527344,1164800
2014-10-01,28.42705726623535,35.09000015258789,35.790000915527344,34.90999984741211,35.58000183105469,1560000
2014-10-02,28.556676864624023,35.25,35.36000061035156,34.43000030517578,35.209999084472656,712000
2014-10-03,28.605276107788086,35.310001373291016,35.7400016784668,35.279998779296875,35.70000076293945,375900
2014-10-06,28.3946475982666,35.04999923706055,35.4900016784668,35.02000045776367,35.439998626708984,431000
2014-10-07,27.778959274291992,34.290000915527344,34.93000030517578,34.290000915527344,34.75,469700
2014-10-08,28.062498092651367,34.63999938964844,34.65999984741211,33.70000076293945,34.41999816894531,735300
2014-10-09,26.97693634033203,33.29999923706055,34.7599983215332,33.20000076293945,34.61000061035156,1184800
2014-10-10,26.077709197998047,32.189998626708984,33.459999084472656,32.18000030517578,33.13999938964844,1163200
2014-10-13,26.215435028076172,32.36000061035156,33.099998474121094,32.0099983215332,32.36000061035156,2378800
2014-10-14,26.968841552734375,33.290000915527344,33.4900016784668,32.380001068115234,32.630001068115234,1678400
2014-10-15,27.122760772705078,33.47999954223633,33.65999984741211,32.34000015258789,32.849998474121094,1789600
2014-10-16,27.868066787719727,34.400001525878906,34.66999816894531,32.720001220703125,32.81999969482422,1302900
2014-10-17,28.224523544311523,34.84000015258789,34.93000030517578,34.22999954223633,34.7400016784668,1016500
2014-10-20,28.702489852905273,35.43000030517578,35.45000076293945,34.689998626708984,34.689998626708984,630300
2014-10-21,29.666534423828125,36.619998931884766,36.63999938964844,35.70000076293945,35.779998779296875,737400
2014-10-22,29.050840377807617,35.86000061035156,36.869998931884766,35.81999969482422,36.86000061035156,636800
2014-10-23,29.658428192138672,36.61000061035156,37.11000061035156,36.099998474121094,36.36000061035156,879600
2014-10-24,29.35869598388672,36.2400016784668,36.9900016784668,35.63999938964844,36.95000076293945,1103200
2014-10-27,28.87261962890625,35.63999938964844,35.77000045776367,34.59000015258789,35.75,1405800
2014-10-28,29.779945373535156,36.7599983215332,36.880001068115234,35.529998779296875,35.79999923706055,815100
2014-10-29,29.536924362182617,36.459999084472656,37.08000183105469,36.060001373291016,36.880001068115234,579200
2014-10-30,29.73134422302246,36.70000076293945,37.04999923706055,36.18000030517578,36.25,631400
2014-10-31,29.98247718811035,37.0099983215332,37.150001525878906,36.709999084472656,37.0,756100
2014-11-03,29.779945373535156,36.7599983215332,37.470001220703125,36.58000183105469,37.0099983215332,803000
2014-11-04,29.95006561279297,36.970001220703125,37.33000183105469,36.58000183105469,36.7400016784668,520700
2014-11-05,30.45234489440918,37.59000015258789,37.599998474121094,36.97999954223633,37.290000915527344,578800
2014-11-06,30.946521759033203,38.20000076293945,38.349998474121094,37.5,37.59000015258789,622700
2014-11-07,30.857404708862305,38.09000015258789,38.599998474121094,37.7400016784668,38.20000076293945,962000
2014-11-10,30.2822322845459,37.380001068115234,38.36000061035156,37.33000183105469,38.0,810700
2014-11-11,30.419940948486328,37.54999923706055,37.68000030517578,37.130001068115234,37.369998931884766,459400
2014-11-12,30.80879783630371,38.029998779296875,38.06999969482422,37.33000183105469,37.369998931884766,399700
2014-11-13,30.112102508544922,37.16999816894531,38.0099983215332,37.08000183105469,37.9900016784668,555400
2014-11-14,29.715137481689453,36.68000030517578,37.27000045776367,36.63999938964844,37.189998626708984,496700
2014-11-17,29.966289520263672,36.9900016784668,37.04999923706055,36.5099983215332,36.540000915527344,524700
2014-11-18,30.598169326782227,37.77000045776367,37.880001068115234,36.970001220703125,37.13999938964844,677700
2014-11-19,30.573869705200195,37.7400016784668,37.869998931884766,37.060001373291016,37.560001373291016,623600
2014-11-20,30.37944221496582,37.5,37.75,37.40999984741211,37.45000076293945,574400
2014-11-21,30.687278747558594,37.880001068115234,38.459999084472656,37.79999923706055,38.130001068115234,454600
2014-11-24,30.857404708862305,38.09000015258789,38.11000061035156,37.599998474121094,38.02000045776367,338900
2014-11-25,30.906009674072266,38.150001525878906,38.29999923706055,37.939998626708984,38.130001068115234,400200
2014-11-26,30.995126724243164,38.2599983215332,38.31999969482422,37.849998474121094,38.209999084472656,211300
2014-11-28,30.217418670654297,37.29999923706055,38.130001068115234,37.25,38.119998931884766,234400
2014-12-01,29.958175659179688,36.97999954223633,37.34000015258789,36.58000183105469,37.29999923706055,415700
2014-12-02,30.727792739868164,37.93000030517578,37.95000076293945,36.959999084472656,36.959999084472656,438900
2014-12-03,30.549562454223633,37.709999084472656,38.11000061035156,37.63999938964844,37.97999954223633,575300
2014-12-04,30.40373992919922,37.529998779296875,37.849998474121094,37.36000061035156,37.58000183105469,538500
2014-12-05,30.347028732299805,37.459999084472656,37.81999969482422,37.380001068115234,37.5099983215332,540000
2014-12-08,29.666534423828125,36.619998931884766,37.619998931884766,36.52000045776367,37.310001373291016,635200
2014-12-09,29.86096954345703,36.86000061035156,37.119998931884766,35.959999084472656,36.209999084472656,1018600
2014-12-10,29.075159072875977,35.88999938964844,36.709999084472656,35.630001068115234,36.709999084472656,691000
2014-12-11,29.075149536132812,35.790000915527344,36.29999923706055,35.720001220703125,35.849998474121094,579900
2014-12-12,28.473981857299805,35.04999923706055,35.459999084472656,35.029998779296875,35.2599983215332,468700
2014-12-15,28.01905059814453,34.4900016784668,35.31999969482422,34.45000076293945,35.25,743100
2014-12-16,28.400869369506836,34.959999084472656,35.470001220703125,34.130001068115234,34.400001525878906,1030500
2014-12-17,29.115768432617188,35.84000015258789,35.849998474121094,35.0099983215332,35.220001220703125,726000
2014-12-18,29.814411163330078,36.70000076293945,36.720001220703125,35.95000076293945,36.43000030517578,517000
2014-12-19,30.033756256103516,36.970001220703125,37.150001525878906,36.459999084472656,36.59000015258789,999100
2014-12-22,30.862394332885742,37.9900016784668,37.9900016784668,36.97999954223633,37.20000076293945,608900
2014-12-23,31.07361602783203,38.25,38.63999938964844,37.95000076293945,38.150001525878906,439200
2014-12-24,31.390432357788086,38.63999938964844,38.709999084472656,38.040000915527344,38.20000076293945,254000
2014-12-26,31.50417709350586,38.779998779296875,39.11000061035156,38.75,38.86000061035156,262400
2014-12-29,31.772262573242188,39.11000061035156,39.279998779296875,38.72999954223633,38.779998779296875,416500
2014-12-30,31.325454711914062,38.560001373291016,39.25,38.54999923706055,38.95000076293945,404000
2014-12-31,30.79739761352539,37.90999984741211,38.91999816894531,37.900001525878906,38.709999084472656,450100
2015-01-02,30.64303970336914,37.720001220703125,38.220001220703125,37.369998931884766,38.06999969482422,376800
2015-01-05,30.04187774658203,36.97999954223633,37.4900016784668,36.689998626708984,37.31999969482422,503700
2015-01-06,29.35947608947754,36.13999938964844,37.119998931884766,35.97999954223633,37.06999969482422,488600
2015-01-07,28.717700958251953,35.349998474121094,36.43000030517578,35.20000076293945,36.40999984741211,896400
2015-01-08,29.489456176757812,36.29999923706055,36.5099983215332,35.52000045776367,35.779998779296875,981200
2015-01-09,29.1970157623291,35.939998626708984,36.41999816894531,35.54999923706055,36.41999816894531,266700
2015-01-12,29.083267211914062,35.79999923706055,36.279998779296875,35.43000030517578,36.060001373291016,793500
2015-01-13,29.140140533447266,35.869998931884766,36.47999954223633,35.33000183105469,36.25,839900
2015-01-14,28.78268814086914,35.43000030517578,35.650001525878906,35.099998474121094,35.40999984741211,410800
2015-01-15,28.55522346496582,35.150001525878906,35.75,35.099998474121094,35.709999084472656,597900
2015-01-16,29.221378326416016,35.970001220703125,36.0,35.040000915527344,35.099998474121094,566900
2015-01-20,28.872058868408203,35.540000915527344,36.290000915527344,35.09000015258789,36.06999969482422,498700
2015-01-21,29.075149536132812,35.790000915527344,35.95000076293945,35.130001068115234,35.439998626708984,465100
2015-01-22,29.595069885253906,36.43000030517578,36.61000061035156,35.599998474121094,36.09000015258789,546000
2015-01-23,29.148263931274414,35.880001068115234,36.5,35.72999954223633,36.5,638200
2015-01-26,29.432598114013672,36.22999954223633,36.369998931884766,35.54999923706055,35.849998474121094,817500
2015-01-27,29.286359786987305,36.04999923706055,36.20000076293945,35.56999969482422,35.7400016784668,501300
2015-01-28,28.78268814086914,35.43000030517578,36.349998474121094,34.40999984741211,36.15999984741211,1325900
2015-01-29,29.164508819580078,35.900001525878906,36.0,35.15999984741211,35.63999938964844,967600
2015-01-30,28.912670135498047,35.59000015258789,36.439998626708984,35.58000183105469,36.06999969482422,1027600
2015-02-02,29.82253074645996,36.709999084472656,36.709999084472656,35.310001373291016,35.630001068115234,1093300
2015-02-03,31.333559036254883,38.56999969482422,38.689998626708984,36.61000061035156,36.97999954223633,1346700
2015-02-04,31.08984375,38.27000045776367,38.91999816894531,37.93000030517578,38.029998779296875,705400
2015-02-05,31.983478546142578,39.369998931884766,39.54999923706055,38.5099983215332,38.61000061035156,488200
2015-02-06,32.0322265625,39.43000030517578,39.77000045776367,39.25,39.5,672000
2015-02-09,31.942852020263672,39.31999969482422,39.56999969482422,39.099998474121094,39.369998931884766,700900
2015-02-10,31.918485641479492,39.290000915527344,39.5099983215332,38.709999084472656,39.5099983215332,284800
2015-02-11,31.934720993041992,39.310001373291016,39.459999084472656,39.0,39.09000015258789,236100
2015-02-12,32.37342071533203,39.849998474121094,39.939998626708984,39.70000076293945,39.77000045776367,528700
2015-02-13,32.53590393066406,40.04999923706055,40.209999084472656,39.77000045776367,39.88999938964844,505400
2015-02-17,32.738990783691406,40.29999923706055,40.5099983215332,39.869998931884766,40.060001373291016,483000
2015-02-18,32.5765266418457,40.099998474121094,40.29999923706055,39.619998931884766,40.029998779296875,509800
2015-02-19,32.68212127685547,40.22999954223633,40.369998931884766,39.83000183105469,39.83000183105469,272500
2015-02-20,32.50339889526367,40.0099983215332,40.15999984741211,39.279998779296875,40.0099983215332,443900
2015-02-23,32.30030059814453,39.7599983215332,39.97999954223633,39.41999816894531,39.75,444800
2015-02-24,32.45466232299805,39.95000076293945,40.040000915527344,39.709999084472656,39.91999816894531,342700
2015-02-25,32.32467269897461,39.790000915527344,40.06999969482422,39.63999938964844,39.880001068115234,292800
2015-02-26,32.76335906982422,40.33000183105469,40.45000076293945,39.790000915527344,39.900001525878906,483500
2015-02-27,32.2840690612793,39.7400016784668,40.720001220703125,39.72999954223633,40.38999938964844,1125500
2015-03-02,32.787723541259766,40.36000061035156,40.5,39.5,39.77000045776367,624900
2015-03-03,32.68212127685547,40.22999954223633,40.400001525878906,39.599998474121094,40.29999923706055,398400
2015-03-04,32.61713790893555,40.150001525878906,40.369998931884766,39.779998779296875,40.20000076293945,423300
2015-03-05,32.45466232299805,39.95000076293945,40.279998779296875,39.79999923706055,40.279998779296875,283500
2015-03-06,31.80474281311035,39.150001525878906,40.02000045776367,39.099998474121094,39.599998474121094,365600
2015-03-09,32.21906661987305,39.65999984741211,39.68000030517578,39.11000061035156,39.33000183105469,315700
2015-03-10,31.49604606628418,38.77000045776367,39.27000045776367,38.4900016784668,39.189998626708984,473000
2015-03-11,31.487916946411133,38.7599983215332,38.849998474121094,38.38999938964844,38.83000183105469,416300
2015-03-12,31.944032669067383,39.220001220703125,39.31999969482422,38.650001525878906,39.06999969482422,311100
2015-03-13,31.463491439819336,38.630001068115234,39.27000045776367,38.349998474121094,39.0099983215332,396400
2015-03-16,30.657154083251953,37.63999938964844,38.880001068115234,36.959999084472656,38.75,1123100
2015-03-17,30.25804901123047,37.150001525878906,37.56999969482422,36.77000045776367,37.43000030517578,612000
2015-03-18,30.82004737854004,37.84000015258789,38.04999923706055,36.790000915527344,37.0,547900
2015-03-19,30.665294647216797,37.650001525878906,37.84000015258789,37.38999938964844,37.59000015258789,395100
2015-03-20,31.023666381835938,38.09000015258789,38.36000061035156,37.7599983215332,37.93000030517578,1099000
2015-03-23,31.023666381835938,38.09000015258789,38.630001068115234,38.08000183105469,38.15999984741211,322600
2015-03-24,31.12140655517578,38.209999084472656,38.290000915527344,37.689998626708984,38.029998779296875,294600
2015-03-25,30.486114501953125,37.43000030517578,38.59000015258789,37.220001220703125,38.25,947300
2015-03-26,29.989269256591797,36.81999969482422,37.369998931884766,36.33000183105469,37.15999984741211,1570500
2015-03-27,30.078872680664062,36.93000030517578,37.029998779296875,36.47999954223633,36.70000076293945,665200
2015-03-30,30.640865325927734,37.619998931884766,37.849998474121094,37.220001220703125,37.310001373291016,506000
2015-03-31,30.42095184326172,37.349998474121094,37.650001525878906,36.900001525878906,37.36000061035156,720200
2015-04-01,29.83452606201172,36.630001068115234,37.540000915527344,36.56999969482422,37.38999938964844,750200
2015-04-02,29.956687927246094,36.779998779296875,37.22999954223633,36.459999084472656,36.4900016784668,532400
2015-04-06,30.396520614624023,37.31999969482422,37.33000183105469,36.43000030517578,36.630001068115234,591500
2015-04-07,29.80195426940918,36.59000015258789,37.540000915527344,36.560001373291016,37.36000061035156,744000
2015-04-08,29.6716251373291,36.43000030517578,36.849998474121094,36.33000183105469,36.68000030517578,944900
2015-04-09,30.681594848632812,37.66999816894531,37.689998626708984,36.400001525878906,36.439998626708984,637200
2015-04-10,30.844480514526367,37.869998931884766,38.0,37.47999954223633,37.95000076293945,403700
2015-04-13,31.03180694580078,38.099998474121094,38.18000030517578,37.75,37.880001068115234,585300
2015-04-14,31.284305572509766,38.40999984741211,38.41999816894531,38.029998779296875,38.290000915527344,673300
2015-04-15,31.390186309814453,38.540000915527344,38.63999938964844,38.09000015258789,38.529998779296875,1010400
2015-04-16,31.243581771850586,38.36000061035156,38.459999084472656,38.20000076293945,38.459999084472656,428600
2015-04-17,31.023666381835938,38.09000015258789,38.369998931884766,37.88999938964844,38.15999984741211,587400
2015-04-20,31.487924575805664,38.65999984741211,38.68000030517578,38.119998931884766,38.369998931884766,460800
2015-04-21,31.487924575805664,38.65999984741211,38.86000061035156,38.540000915527344,38.81999969482422,546100
2015-04-22,31.43906021118164,38.599998474121094,38.720001220703125,38.27000045776367,38.63999938964844,279000
2015-04-23,31.455339431762695,38.619998931884766,38.75,38.310001373291016,38.45000076293945,316700
2015-04-24,31.23543357849121,38.349998474121094,38.720001220703125,38.33000183105469,38.650001525878906,469400
2015-04-27,31.536794662475586,38.720001220703125,38.810001373291016,38.16999816894531,38.38999938964844,853600
2015-04-28,32.0173225402832,39.310001373291016,39.33000183105469,38.5099983215332,38.54999923706055,645500
2015-04-29,32.15580368041992,39.47999954223633,39.54999923706055,38.97999954223633,39.099998474121094,889500
2015-04-30,31.805574417114258,39.04999923706055,39.5,39.02000045776367,39.279998779296875,1275200
2015-05-01,32.750362396240234,40.209999084472656,40.7400016784668,38.29999923706055,38.54999923706055,1114400
2015-05-04,33.30421829223633,40.88999938964844,40.97999954223633,40.29999923706055,40.34000015258789,886100
2015-05-05,32.644493103027344,40.08000183105469,41.20000076293945,39.7599983215332,40.75,1280900
2015-05-06,32.63634490966797,40.06999969482422,40.630001068115234,39.83000183105469,40.36000061035156,786600
2015-05-07,32.73408508300781,40.189998626708984,40.40999984741211,39.84000015258789,39.959999084472656,422900
2015-05-08,32.79924011230469,40.27000045776367,40.779998779296875,40.209999084472656,40.68000030517578,551100
2015-05-11,32.63634490966797,40.06999969482422,40.33000183105469,39.959999084472656,39.9900016784668,370000
2015-05-12,32.269832611083984,39.619998931884766,40.279998779296875,39.290000915527344,40.0099983215332,606600
2015-05-13,32.27796936035156,39.630001068115234,39.880001068115234,39.58000183105469,39.77000045776367,325500
2015-05-14,33.14133071899414,40.689998626708984,40.709999084472656,39.58000183105469,39.849998474121094,457200
2015-05-15,32.73408508300781,40.189998626708984,40.560001373291016,39.95000076293945,40.5,398500
2015-05-18,32.766658782958984,40.22999954223633,40.34000015258789,39.779998779296875,40.099998474121094,367600
2015-05-19,32.082489013671875,39.38999938964844,40.2599983215332,39.310001373291016,40.18000030517578,854900
2015-05-20,31.96846580505371,39.25,39.5,39.20000076293945,39.310001373291016,1273500
2015-05-21,32.25353240966797,39.599998474121094,39.779998779296875,39.15999984741211,39.209999084472656,517000
2015-05-22,32.00105285644531,39.290000915527344,39.779998779296875,39.25,39.54999923706055,363100
2015-05-26,31.59380340576172,38.790000915527344,39.150001525878906,38.38999938964844,39.04999923706055,470700
2015-05-27,32.0499267578125,39.349998474121094,39.40999984741211,38.470001220703125,38.790000915527344,353000
2015-05-28,31.911455154418945,39.18000030517578,39.22999954223633,38.900001525878906,39.119998931884766,239300
2015-05-29,31.675260543823242,38.88999938964844,39.2599983215332,38.83000183105469,39.06999969482422,334000
2015-06-01,31.626394271850586,38.83000183105469,39.16999816894531,38.529998779296875,39.11000061035156,242000
2015-06-02,31.73227882385254,38.959999084472656,39.36000061035156,38.52000045776367,38.630001068115234,250200
2015-06-03,32.074344635009766,39.380001068115234,39.63999938964844,38.90999984741211,39.099998474121094,318400
2015-06-04,31.487924575805664,38.65999984741211,39.400001525878906,38.56999969482422,39.400001525878906,340000
2015-06-05,31.85444450378418,39.11000061035156,39.13999938964844,38.43000030517578,38.529998779296875,319100
2015-06-08,31.724123001098633,38.95000076293945,39.279998779296875,38.790000915527344,38.939998626708984,270100
2015-06-09,31.186555862426758,38.290000915527344,39.04999923706055,38.27000045776367,38.9900016784668,356500
2015-06-10,31.98685073852539,39.16999816894531,39.34000015258789,38.630001068115234,38.630001068115234,291200
2015-06-11,32.3134880065918,39.56999969482422,39.56999969482422,39.04999923706055,39.150001525878906,224300
2015-06-12,31.946025848388672,39.119998931884766,39.650001525878906,39.08000183105469,39.439998626708984,204900
2015-06-15,31.774539947509766,38.90999984741211,38.9900016784668,38.18000030517578,38.630001068115234,419400
2015-06-16,32.37065505981445,39.63999938964844,39.790000915527344,38.97999954223633,38.9900016784668,497400
2015-06-17,31.954195022583008,39.130001068115234,39.900001525878906,38.88999938964844,39.79999923706055,284900
2015-06-18,32.68914031982422,40.029998779296875,40.060001373291016,39.22999954223633,39.2599983215332,420300
2015-06-19,32.35432434082031,39.619998931884766,40.04999923706055,39.599998474121094,40.04999923706055,526300
2015-06-22,32.22366714477539,39.459999084472656,39.91999816894531,39.34000015258789,39.84000015258789,274300
2015-06-23,32.62381362915039,39.95000076293945,39.97999954223633,39.310001373291016,39.459999084472656,455700
2015-06-24,32.51765060424805,39.81999969482422,39.939998626708984,39.439998626708984,39.900001525878906,630900
2015-06-25,32.82796859741211,40.20000076293945,40.349998474121094,39.849998474121094,39.970001220703125,1041100
2015-06-26,32.66463088989258,40.0,40.439998626708984,39.75,40.220001220703125,752400
2015-06-29,31.480548858642578,38.54999923706055,39.650001525878906,38.41999816894531,39.459999084472656,594800
2015-06-30,31.98685073852539,39.16999816894531,39.459999084472656,38.380001068115234,38.9900016784668,1072500
2015-07-01,32.25633239746094,39.5,39.88999938964844,39.189998626708984,39.52000045776367,890200
2015-07-02,32.003173828125,39.189998626708984,39.70000076293945,39.130001068115234,39.70000076293945,455900
2015-07-06,31.529542922973633,38.61000061035156,39.06999969482422,38.470001220703125,38.77000045776367,533300
2015-07-07,31.366214752197266,38.40999984741211,38.619998931884766,37.470001220703125,38.5,674900
2015-07-08,30.418949127197266,37.25,38.130001068115234,37.209999084472656,37.93000030517578,575400
2015-07-09,30.19845962524414,36.97999954223633,37.810001373291016,36.959999084472656,37.720001220703125,424400
2015-07-10,30.925249099731445,37.869998931884766,37.93000030517578,37.290000915527344,37.47999954223633,483400
2015-07-13,31.545873641967773,38.630001068115234,38.779998779296875,37.97999954223633,38.11000061035156,501000
2015-07-14,32.003173828125,39.189998626708984,39.220001220703125,38.540000915527344,38.540000915527344,311200
2015-07-15,31.17840576171875,38.18000030517578,39.130001068115234,38.130001068115234,39.099998474121094,588400
2015-07-16,31.072237014770508,38.04999923706055,38.41999816894531,37.869998931884766,38.310001373291016,473400
2015-07-17,30.5740966796875,37.439998626708984,38.41999816894531,37.209999084472656,38.08000183105469,537500
2015-07-20,30.533267974853516,37.38999938964844,37.54999923706055,36.95000076293945,37.439998626708984,528100
2015-07-21,30.361780166625977,37.18000030517578,37.97999954223633,37.09000015258789,37.40999984741211,341200
2015-07-22,30.42711639404297,37.2599983215332,37.27000045776367,36.70000076293945,37.029998779296875,461600
2015-07-23,30.451608657836914,37.290000915527344,37.83000183105469,36.939998626708984,37.400001525878906,534500
2015-07-24,30.14128875732422,36.90999984741211,37.310001373291016,36.90999984741211,37.15999984741211,1432700
2015-07-27,27.764938354492188,34.0,35.5,33.18000030517578,35.150001525878906,2662400
2015-07-28,26.948333740234375,33.0,33.88999938964844,32.33000183105469,33.5,2653900
2015-07-29,27.5607967376709,33.75,34.400001525878906,32.7599983215332,33.060001373291016,1918800
2015-07-30,27.862947463989258,34.119998931884766,34.2599983215332,33.54999923706055,33.70000076293945,743800
2015-07-31,27.985431671142578,34.27000045776367,34.59000015258789,33.810001373291016,34.2599983215332,674300
2015-08-03,27.438297271728516,33.599998474121094,34.34000015258789,33.34000015258789,34.189998626708984,800500
2015-08-04,27.805776596069336,34.04999923706055,34.29999923706055,33.5099983215332,33.66999816894531,606400
2015-08-05,27.97726058959961,34.2599983215332,34.869998931884766,34.15999984741211,34.29999923706055,572000
2015-08-06,27.85477066040039,34.11000061035156,34.5,33.88999938964844,34.36000061035156,399500
2015-08-07,27.299470901489258,33.43000030517578,34.16999816894531,33.380001068115234,33.86000061035156,536700
2015-08-10,27.985431671142578,34.27000045776367,34.349998474121094,33.47999954223633,33.720001220703125,638600
2015-08-11,27.528121948242188,33.709999084472656,34.22999954223633,33.52000045776367,33.88999938964844,395800
2015-08-12,27.38930320739746,33.540000915527344,33.709999084472656,32.81999969482422,33.310001373291016,470700
2015-08-13,27.144315719604492,33.2400016784668,33.54999923706055,33.09000015258789,33.540000915527344,343600
2015-08-14,27.405630111694336,33.560001373291016,33.650001525878906,32.83000183105469,33.209999084472656,433200
2015-08-17,28.32024383544922,34.68000030517578,34.709999084472656,33.720001220703125,34.369998931884766,717400
2015-08-18,28.042591094970703,34.34000015258789,34.5,33.91999816894531,34.34000015258789,559600
2015-08-19,27.862947463989258,34.119998931884766,34.43000030517578,33.61000061035156,33.900001525878906,753900
2015-08-20,27.144315719604492,33.2400016784668,33.959999084472656,33.220001220703125,33.779998779296875,451100
2015-08-21,26.507354736328125,32.459999084472656,33.040000915527344,32.15999984741211,32.349998474121094,694400
2015-08-24,25.453922271728516,31.170000076293945,32.31999969482422,30.270000457763672,30.510000228881836,828000
2015-08-25,24.939453125,30.540000915527344,32.369998931884766,30.510000228881836,32.189998626708984,538400
2015-08-26,25.225265502929688,30.889999389648438,31.25,29.719999313354492,31.25,1287700
2015-08-27,26.278703689575195,32.18000030517578,32.22999954223633,31.030000686645508,31.290000915527344,589300
2015-08-28,26.507354736328125,32.459999084472656,32.5,32.0,32.04999923706055,262800
2015-08-31,26.515525817871094,32.470001220703125,32.91999816894531,32.11000061035156,32.36000061035156,741100
2015-09-01,25.486583709716797,31.209999084472656,32.189998626708984,31.110000610351562,31.75,817400
2015-09-02,25.88672637939453,31.700000762939453,31.709999084472656,31.280000686645508,31.639999389648438,449100
2015-09-03,26.025550842285156,31.8700008392334,32.18000030517578,31.709999084472656,31.829999923706055,412100
2015-09-04,25.396759033203125,31.100000381469727,31.540000915527344,30.860000610351562,31.3799991607666,583600
2015-09-08,26.188875198364258,32.06999969482422,32.13999938964844,31.360000610351562,31.65999984741211,357600
2015-09-09,26.15620994567871,32.029998779296875,32.540000915527344,31.90999984741211,32.38999938964844,517100
2015-09-10,25.918651580810547,31.639999389648438,32.33000183105469,31.579999923706055,31.829999923706055,297400
2015-09-11,25.746623992919922,31.43000030517578,31.559999465942383,30.979999542236328,31.420000076293945,349700
2015-09-14,25.230539321899414,30.799999237060547,31.450000762939453,30.700000762939453,31.299999237060547,388000
2015-09-15,25.689285278320312,31.360000610351562,31.450000762939453,30.649999618530273,30.84000015258789,299700
2015-09-16,26.09886932373047,31.860000610351562,32.06999969482422,31.299999237060547,31.31999969482422,373500
2015-09-17,25.9514102935791,31.68000030517578,32.150001525878906,31.56999969482422,31.8799991607666,323400
2015-09-18,25.345230102539062,30.940000534057617,31.440000534057617,30.850000381469727,31.31999969482422,711700
2015-09-21,25.64012908935547,31.299999237060547,31.81999969482422,31.100000381469727,31.280000686645508,477700
2015-09-22,25.11586570739746,30.65999984741211,31.1299991607666,30.420000076293945,30.899999618530273,541100
2015-09-23,24.91925621032715,30.420000076293945,30.809999465942383,30.25,30.690000534057617,549500
2015-09-24,25.32065200805664,30.90999984741211,31.030000686645508,29.68000030517578,30.18000030517578,868200
2015-09-25,25.124046325683594,30.670000076293945,31.299999237060547,30.540000915527344,31.1200008392334,553100
2015-09-28,24.23115348815918,29.579999923706055,30.450000762939453,29.40999984741211,30.229999542236328,648300
2015-09-29,23.977214813232422,29.270000457763672,29.610000610351562,29.09000015258789,29.540000915527344,777500
2015-09-30,24.034555435180664,29.34000015258789,29.850000381469727,29.229999542236328,29.65999984741211,1042800
2015-10-01,24.141042709350586,29.469999313354492,29.940000534057617,29.229999542236328,29.469999313354492,779000
2015-10-02,25.328847885131836,30.920000076293945,30.93000030517578,28.969999313354492,29.219999313354492,843200
2015-10-05,26.115257263183594,31.8799991607666,32.029998779296875,31.280000686645508,31.299999237060547,395200
2015-10-06,26.54941177368164,32.40999984741211,32.650001525878906,31.850000381469727,31.950000762939453,398200
2015-10-07,27.41773796081543,33.470001220703125,33.5099983215332,32.41999816894531,32.619998931884766,623100
2015-10-08,27.68806266784668,33.79999923706055,34.029998779296875,33.22999954223633,33.45000076293945,560100
2015-10-09,28.023923873901367,34.209999084472656,34.45000076293945,33.84000015258789,34.09000015258789,685300
2015-10-12,28.28605842590332,34.529998779296875,34.540000915527344,34.0,34.20000076293945,358600
2015-10-13,27.991153717041016,34.16999816894531,34.689998626708984,33.88999938964844,34.11000061035156,271000
2015-10-14,28.318828582763672,34.56999969482422,34.93000030517578,34.27000045776367,34.369998931884766,413600
2015-10-15,27.647113800048828,33.75,34.66999816894531,33.150001525878906,34.470001220703125,836800
2015-10-16,27.19655990600586,33.20000076293945,33.91999816894531,33.029998779296875,33.7400016784668,712200
2015-10-19,26.991769790649414,32.95000076293945,33.209999084472656,32.88999938964844,32.88999938964844,548800
2015-10-20,26.664093017578125,32.54999923706055,33.15999984741211,32.540000915527344,32.90999984741211,696300
2015-10-21,25.975994110107422,31.709999084472656,32.849998474121094,31.68000030517578,32.709999084472656,803500
2015-10-22,26.32004737854004,32.130001068115234,32.439998626708984,31.709999084472656,32.060001373291016,1290800
2015-10-23,27.032732009887695,33.0,33.41999816894531,32.34000015258789,32.529998779296875,621900
2015-10-26,27.098257064819336,33.08000183105469,33.25,32.810001373291016,33.040000915527344,621400
2015-10-27,26.02515411376953,31.770000457763672,32.4900016784668,31.25,31.56999969482422,1083100
2015-10-28,27.114648818969727,33.099998474121094,33.15999984741211,31.81999969482422,31.920000076293945,736800
2015-10-29,27.270288467407227,33.290000915527344,33.4900016784668,32.709999084472656,32.77000045776367,466300
2015-10-30,27.39316177368164,33.439998626708984,33.7400016784668,33.20000076293945,33.2400016784668,428700
2015-11-02,27.98297119140625,34.15999984741211,34.33000183105469,33.220001220703125,33.40999984741211,498500
2015-11-03,27.8682861328125,34.02000045776367,34.59000015258789,33.970001220703125,34.0099983215332,494200
2015-11-04,27.98297119140625,34.15999984741211,34.41999816894531,33.84000015258789,34.25,766100
2015-11-05,28.335216522216797,34.59000015258789,34.65999984741211,33.63999938964844,34.04999923706055,563800
2015-11-06,28.515432357788086,34.810001373291016,34.83000183105469,34.02000045776367,34.220001220703125,444700
2015-11-09,28.16318130493164,34.380001068115234,34.93000030517578,33.75,34.59000015258789,436500
2015-11-10,28.482656478881836,34.77000045776367,34.779998779296875,34.060001373291016,34.369998931884766,389000
2015-11-11,28.212329864501953,34.439998626708984,34.939998626708984,34.099998474121094,34.90999984741211,281000
2015-11-12,27.31124496459961,33.34000015258789,34.18000030517578,33.31999969482422,33.939998626708984,370000
2015-11-13,27.647113800048828,33.75,34.209999084472656,33.15999984741211,33.15999984741211,496600
2015-11-16,28.28605842590332,34.529998779296875,34.54999923706055,33.56999969482422,33.61000061035156,426900
2015-11-17,28.679256439208984,35.0099983215332,35.130001068115234,34.130001068115234,34.540000915527344,611300
2015-11-18,29.3264102935791,35.79999923706055,35.86000061035156,34.79999923706055,35.08000183105469,712900
2015-11-19,29.45748519897461,35.959999084472656,36.060001373291016,35.5,35.65999984741211,549000
2015-11-20,28.965974807739258,35.36000061035156,35.70000076293945,34.90999984741211,35.68000030517578,706900
2015-11-23,29.23630142211914,35.689998626708984,36.2400016784668,35.15999984741211,35.349998474121094,449900
2015-11-24,29.31821632385254,35.790000915527344,35.95000076293945,34.880001068115234,35.45000076293945,456400
2015-11-25,29.277265548706055,35.7400016784668,35.88999938964844,35.5,35.66999816894531,261900
2015-11-27,29.367372512817383,35.849998474121094,35.90999984741211,35.34000015258789,35.689998626708984,107500
2015-11-30,29.473865509033203,35.97999954223633,36.189998626708984,35.75,36.0,415800
2015-12-01,29.523014068603516,36.040000915527344,36.22999954223633,35.75,36.0099983215332,403900
2015-12-02,28.449899673461914,34.72999954223633,36.04999923706055,34.47999954223633,35.90999984741211,597700
2015-12-03,28.1058349609375,34.310001373291016,35.060001373291016,34.040000915527344,34.90999984741211,492200
2015-12-04,28.089458465576172,34.290000915527344,34.459999084472656,33.93000030517578,34.29999923706055,337100
2015-12-07,27.344005584716797,33.380001068115234,34.220001220703125,33.119998931884766,34.13999938964844,359100
2015-12-08,26.93442726135254,32.880001068115234,33.369998931884766,32.599998474121094,32.88999938964844,428300
2015-12-09,27.212949752807617,33.220001220703125,33.849998474121094,33.09000015258789,33.34000015258789,555600
2015-12-10,26.93442726135254,32.880001068115234,33.20000076293945,32.529998779296875,33.13999938964844,338600
2015-12-11,26.14801788330078,31.920000076293945,32.2599983215332,31.540000915527344,31.84000015258789,453300
2015-12-14,25.76301383972168,31.450000762939453,31.889999389648438,31.110000610351562,31.709999084472656,409600
2015-12-15,26.000568389892578,31.739999771118164,31.8700008392334,31.270000457763672,31.75,509200
2015-12-16,26.461044311523438,32.18000030517578,32.2400016784668,31.43000030517578,31.950000762939453,355800
2015-12-17,25.69632339477539,31.25,32.22999954223633,31.239999771118164,32.22999954223633,284200
2015-12-18,25.564762115478516,31.09000015258789,31.40999984741211,31.030000686645508,31.059999465942383,1085800
2015-12-21,25.457857131958008,30.959999084472656,31.440000534057617,30.739999771118164,31.280000686645508,412500
2015-12-22,26.19791603088379,31.860000610351562,32.11000061035156,30.959999084472656,30.959999084472656,522700
2015-12-23,26.84752082824707,32.650001525878906,32.68000030517578,31.940000534057617,32.16999816894531,289600
2015-12-24,26.78173065185547,32.56999969482422,32.84000015258789,32.25,32.66999816894531,124600
2015-12-28,26.641950607299805,32.400001525878906,32.45000076293945,31.969999313354492,32.380001068115234,239500
2015-12-29,26.748842239379883,32.529998779296875,32.849998474121094,32.13999938964844,32.63999938964844,235200
2015-12-30,26.436376571655273,32.150001525878906,32.63999938964844,32.119998931884766,32.40999984741211,210600
2015-12-31,26.11568832397461,31.760000228881836,32.31999969482422,31.670000076293945,32.02000045776367,363700
2016-01-04,25.3016300201416,30.770000457763672,31.299999237060547,30.459999084472656,31.299999237060547,557200
2016-01-05,25.046720504760742,30.459999084472656,31.110000610351562,30.360000610351562,30.770000457763672,549000
2016-01-06,24.298442840576172,29.549999237060547,30.139999389648438,29.479999542236328,29.829999923706055,484800
2016-01-07,23.525503158569336,28.610000610351562,29.209999084472656,28.219999313354492,28.719999313354492,803400
2016-01-08,23.081466674804688,28.06999969482422,28.850000381469727,28.049999237060547,28.760000228881836,528200
2016-01-11,22.801889419555664,27.729999542236328,28.3799991607666,27.559999465942383,28.1299991607666,531700
2016-01-12,22.637432098388672,27.530000686645508,28.1299991607666,27.110000610351562,28.09000015258789,827100
2016-01-13,21.56846046447754,26.229999542236328,27.739999771118164,26.15999984741211,27.530000686645508,488800
2016-01-14,21.97960662841797,26.729999542236328,27.100000381469727,26.0,26.530000686645508,812600
2016-01-15,21.157323837280273,25.729999542236328,26.34000015258789,24.829999923706055,25.829999923706055,1038700
2016-01-19,20.606393814086914,25.059999465942383,26.110000610351562,24.6200008392334,26.06999969482422,837800
2016-01-20,21.07509422302246,25.6299991607666,25.969999313354492,24.100000381469727,24.59000015258789,1258700
2016-01-21,21.338226318359375,25.950000762939453,26.6200008392334,25.43000030517578,25.639999389648438,770300
2016-01-22,21.88093376159668,26.610000610351562,27.270000457763672,26.020000457763672,26.899999618530273,770600
2016-01-25,20.713289260864258,25.190000534057617,26.299999237060547,25.1200008392334,26.18000030517578,775900
2016-01-26,21.091541290283203,25.649999618530273,25.84000015258789,25.149999618530273,25.389999389648438,514500
2016-01-27,20.910640716552734,25.43000030517578,26.270000457763672,25.329999923706055,25.469999313354492,421800
2016-01-28,21.116209030151367,25.68000030517578,26.030000686645508,25.549999237060547,25.780000686645508,542000
2016-01-29,22.250959396362305,27.059999465942383,27.06999969482422,25.670000076293945,25.829999923706055,856000
2016-02-01,21.856260299682617,26.579999923706055,26.829999923706055,26.31999969482422,26.760000228881836,686300
2016-02-02,21.157323837280273,25.729999542236328,26.270000457763672,25.559999465942383,25.940000534057617,701500
2016-02-03,20.53238868713379,24.969999313354492,25.299999237060547,22.350000381469727,24.280000686645508,2025300
2016-02-04,20.803749084472656,25.299999237060547,26.09000015258789,24.5,24.799999237060547,1562200
2016-02-05,20.335044860839844,24.729999542236328,25.6299991607666,23.190000534057617,24.6299991607666,946100
2016-02-08,19.981462478637695,24.299999237060547,24.450000762939453,23.639999389648438,24.09000015258789,901800
2016-02-09,20.49950408935547,24.93000030517578,25.229999542236328,23.829999923706055,23.969999313354492,813700
2016-02-10,20.540616989135742,24.979999542236328,26.049999237060547,24.940000534057617,25.200000762939453,741500
2016-02-11,20.680397033691406,25.149999618530273,25.56999969482422,24.290000915527344,24.299999237060547,1270900
2016-02-12,21.28067398071289,25.8799991607666,26.219999313354492,25.290000915527344,25.549999237060547,579300
2016-02-16,21.338226318359375,25.950000762939453,26.010000228881836,24.399999618530273,25.6200008392334,1026700
2016-02-17,21.56846046447754,26.229999542236328,26.549999237060547,25.959999084472656,26.18000030517578,829900
2016-02-18,21.58491325378418,26.25,26.8799991607666,26.010000228881836,26.31999969482422,389500
2016-02-19,21.626022338867188,26.299999237060547,26.729999542236328,26.030000686645508,26.18000030517578,1268700
2016-02-22,22.078285217285156,26.850000381469727,27.040000915527344,26.559999465942383,26.6299991607666,838400
2016-02-23,21.617807388305664,26.290000915527344,26.600000381469727,26.170000076293945,26.600000381469727,851200
2016-02-24,22.283851623535156,27.100000381469727,27.299999237060547,25.700000762939453,25.950000762939453,634100
2016-02-25,22.07005500793457,26.84000015258789,27.25,26.530000686645508,27.100000381469727,369200
2016-02-26,22.382524490356445,27.219999313354492,27.219999313354492,26.81999969482422,27.0,657500
2016-02-29,22.127620697021484,26.90999984741211,27.559999465942383,26.84000015258789,27.290000915527344,592600
2016-03-01,22.629209518432617,27.520000457763672,27.600000381469727,27.09000015258789,27.25,608100
2016-03-02,22.97457504272461,27.940000534057617,27.950000762939453,27.1200008392334,27.510000228881836,626700
2016-03-03,23.47615623474121,28.549999237060547,28.579999923706055,27.899999618530273,27.989999771118164,489300
2016-03-04,23.484378814697266,28.559999465942383,29.239999771118164,28.260000228881836,29.239999771118164,466200
2016-03-07,24.09287452697754,29.299999237060547,29.299999237060547,28.34000015258789,28.5,754800
2016-03-08,23.43505096435547,28.5,29.219999313354492,28.329999923706055,28.989999771118164,1054800
2016-03-09,23.747514724731445,28.8799991607666,29.139999389648438,28.600000381469727,28.6200008392334,577100
2016-03-10,23.698177337646484,28.81999969482422,29.1200008392334,28.280000686645508,28.979999542236328,519600
2016-03-11,24.32572364807129,29.459999084472656,29.459999084472656,28.770000457763672,28.940000534057617,485100
2016-03-14,23.813777923583984,28.84000015258789,29.139999389648438,28.510000228881836,29.139999389648438,765400
2016-03-15,23.59909439086914,28.579999923706055,28.700000762939453,28.25,28.440000534057617,736200
2016-03-16,23.822036743164062,28.850000381469727,29.09000015258789,28.43000030517578,28.559999465942383,439900
2016-03-17,24.664274215698242,29.8700008392334,29.8700008392334,28.799999237060547,28.940000534057617,648900
2016-03-18,24.771615982055664,30.0,30.5,29.799999237060547,30.25,1163900
2016-03-21,24.9367618560791,30.200000762939453,30.290000915527344,29.690000534057617,29.8700008392334,503700
2016-03-22,24.89546775817871,30.149999618530273,30.540000915527344,29.93000030517578,29.93000030517578,399900
2016-03-23,24.40829849243164,29.559999465942383,30.079999923706055,29.530000686645508,30.030000686645508,261800
2016-03-24,24.532150268554688,29.709999084472656,29.719999313354492,29.1299991607666,29.31999969482422,284900
2016-03-28,24.556926727294922,29.739999771118164,29.90999984741211,29.5,29.860000610351562,192200
2016-03-29,25.275299072265625,30.610000610351562,30.610000610351562,29.520000457763672,29.610000610351562,417000
2016-03-30,25.357873916625977,30.709999084472656,30.8700008392334,30.56999969482422,30.799999237060547,334500
2016-03-31,24.978042602539062,30.25,30.81999969482422,30.170000076293945,30.75,663500
2016-04-01,25.101896286010742,30.399999618530273,30.530000686645508,29.760000228881836,29.829999923706055,539500
2016-04-04,24.978042602539062,30.25,30.600000381469727,29.90999984741211,30.540000915527344,731100
2016-04-05,24.961532592773438,30.229999542236328,30.280000686645508,29.860000610351562,29.950000762939453,353300
2016-04-06,25.217506408691406,30.540000915527344,30.59000015258789,29.739999771118164,30.1200008392334,565100
2016-04-07,24.92850112915039,30.190000534057617,30.600000381469727,29.780000686645508,30.280000686645508,619400
2016-04-08,24.903724670410156,30.15999984741211,30.920000076293945,29.989999771118164,30.579999923706055,823700
2016-04-11,25.11015510559082,30.40999984741211,30.81999969482422,30.09000015258789,30.329999923706055,1017400
2016-04-12,25.29181480407715,30.6299991607666,30.940000534057617,30.40999984741211,30.459999084472656,1327400
2016-04-13,26.134050369262695,31.649999618530273,31.68000030517578,30.709999084472656,30.889999389648438,635600
2016-04-14,25.99367904663086,31.479999542236328,31.829999923706055,31.15999984741211,31.75,367300
2016-04-15,26.01020050048828,31.5,31.729999542236328,31.270000457763672,31.469999313354492,564400
2016-04-18,26.802888870239258,32.459999084472656,32.599998474121094,31.440000534057617,31.440000534057617,802200
2016-04-19,27.438690185546875,33.22999954223633,33.27000045776367,32.66999816894531,32.689998626708984,673100
2016-04-20,27.479978561401367,33.279998779296875,33.43000030517578,32.9900016784668,33.27000045776367,386800
2016-04-21,27.372638702392578,33.150001525878906,33.599998474121094,32.95000076293945,33.29999923706055,481700
2016-04-22,27.735950469970703,33.59000015258789,33.900001525878906,33.20000076293945,33.29999923706055,387900
2016-04-25,27.149688720703125,32.880001068115234,33.650001525878906,32.72999954223633,33.47999954223633,580900
2016-04-26,29.31307601928711,35.5,35.63999938964844,34.33000183105469,34.52000045776367,996100
2016-04-27,30.592945098876953,37.04999923706055,37.41999816894531,35.599998474121094,35.689998626708984,1732500
2016-04-28,29.808509826660156,36.099998474121094,37.09000015258789,36.02000045776367,37.09000015258789,661000
2016-04-29,29.709415435791016,35.97999954223633,36.150001525878906,35.27000045776367,36.04999923706055,545300
2016-05-02,30.295673370361328,36.689998626708984,36.7400016784668,35.720001220703125,35.95000076293945,507500
2016-05-03,29.577301025390625,35.81999969482422,36.2400016784668,35.59000015258789,36.130001068115234,299500
2016-05-04,29.329591751098633,35.52000045776367,36.22999954223633,35.4900016784668,35.66999816894531,382400
2016-05-05,29.28830909729004,35.470001220703125,36.04999923706055,35.40999984741211,35.93000030517578,300700
2016-05-06,29.709415435791016,35.97999954223633,36.099998474121094,35.34000015258789,35.41999816894531,349900
2016-05-09,29.090126037597656,35.22999954223633,35.79999923706055,35.209999084472656,35.70000076293945,277400
2016-05-10,30.328704833984375,36.72999954223633,36.72999954223633,35.33000183105469,35.529998779296875,513100
2016-05-11,30.33696746826172,36.7400016784668,37.130001068115234,36.4900016784668,36.72999954223633,494300
2016-05-12,30.188352584838867,36.560001373291016,37.29999923706055,36.16999816894531,37.0,400000
2016-05-13,30.24615478515625,36.630001068115234,37.0,36.34000015258789,36.599998474121094,548200
2016-05-16,30.617712020874023,37.08000183105469,37.18000030517578,36.7599983215332,36.77000045776367,618900
2016-05-17,30.06447982788086,36.40999984741211,37.31999969482422,36.27000045776367,37.08000183105469,424000
2016-05-18,29.643367767333984,35.900001525878906,36.72999954223633,35.72999954223633,36.16999816894531,440600
2016-05-19,29.52775764465332,35.7599983215332,36.06999969482422,35.43000030517578,35.63999938964844,365500
2016-05-20,29.808509826660156,36.099998474121094,36.31999969482422,35.810001373291016,36.0,414900
2016-05-23,30.163558959960938,36.529998779296875,36.7400016784668,35.97999954223633,36.04999923706055,423500
2016-05-24,30.650741577148438,37.119998931884766,37.15999984741211,36.5099983215332,36.689998626708984,523500
2016-05-25,30.9727783203125,37.5099983215332,37.59000015258789,37.2400016784668,37.349998474121094,443800
2016-05-26,31.121408462524414,37.689998626708984,37.849998474121094,37.38999938964844,37.68000030517578,513500
2016-05-27,31.228750228881836,37.81999969482422,37.86000061035156,37.040000915527344,37.58000183105469,504200
2016-05-31,30.939746856689453,37.470001220703125,37.900001525878906,37.36000061035156,37.83000183105469,857800
2016-06-01,30.989290237426758,37.529998779296875,37.689998626708984,37.09000015258789,37.15999984741211,449900
2016-06-02,31.07185935974121,37.630001068115234,37.63999938964844,37.150001525878906,37.2400016784668,320500
2016-06-03,30.997554779052734,37.540000915527344,37.63999938964844,37.220001220703125,37.599998474121094,196200
2016-06-06,31.369129180908203,37.9900016784668,38.15999984741211,37.540000915527344,37.540000915527344,295900
2016-06-07,31.534265518188477,38.189998626708984,38.310001373291016,37.83000183105469,38.099998474121094,310500
2016-06-08,31.542522430419922,38.20000076293945,38.40999984741211,37.959999084472656,38.40999984741211,280900
2016-06-09,31.195716857910156,37.779998779296875,37.97999954223633,37.630001068115234,37.86000061035156,300900
2016-06-10,31.154436111450195,37.72999954223633,37.79999923706055,37.279998779296875,37.5,350400
2016-06-13,30.939746856689453,37.470001220703125,37.900001525878906,37.400001525878906,37.630001068115234,480200
2016-06-14,30.791128158569336,37.290000915527344,37.56999969482422,36.9900016784668,37.36000061035156,417200
2016-06-15,30.80769157409668,37.189998626708984,37.59000015258789,37.15999984741211,37.400001525878906,482900
2016-06-16,30.61714744567871,36.959999084472656,37.04999923706055,36.369998931884766,36.959999084472656,360100
2016-06-17,30.65028953552246,37.0,37.43000030517578,36.83000183105469,37.06999969482422,1022700
2016-06-20,30.98992347717285,37.40999984741211,37.810001373291016,37.38999938964844,37.63999938964844,492100
2016-06-21,30.700000762939453,37.060001373291016,37.369998931884766,36.720001220703125,37.29999923706055,355500
2016-06-22,30.50946807861328,36.83000183105469,37.25,36.83000183105469,37.22999954223633,272000
2016-06-23,31.139028549194336,37.59000015258789,37.66999816894531,37.220001220703125,37.41999816894531,556500
2016-06-24,28.894113540649414,34.880001068115234,36.22999954223633,34.72999954223633,35.72999954223633,692400
2016-06-27,27.535554885864258,33.2400016784668,34.56999969482422,33.11000061035156,34.369998931884766,471700
2016-06-28,27.81720733642578,33.58000183105469,33.81999969482422,33.029998779296875,33.66999816894531,389000
2016-06-29,28.778133392333984,34.7400016784668,34.84000015258789,33.9900016784668,34.099998474121094,372700
2016-06-30,29.192337036132812,35.2400016784668,35.31999969482422,34.66999816894531,34.790000915527344,835300
2016-07-01,29.117774963378906,35.150001525878906,35.7599983215332,34.959999084472656,35.2400016784668,489800
2016-07-05,28.314252853393555,34.18000030517578,34.939998626708984,33.95000076293945,34.849998474121094,408600
2016-07-06,28.935537338256836,34.93000030517578,35.0,33.849998474121094,34.08000183105469,504300
2016-07-07,28.968658447265625,34.970001220703125,35.7400016784668,34.810001373291016,35.13999938964844,373500
2016-07-08,30.020723342895508,36.2400016784668,36.38999938964844,35.5099983215332,35.5099983215332,341400
2016-07-11,30.368640899658203,36.65999984741211,36.869998931884766,36.189998626708984,36.369998931884766,267500
2016-07-12,31.097627639770508,37.540000915527344,38.099998474121094,37.15999984741211,37.25,415600
2016-07-13,31.180465698242188,37.63999938964844,37.7599983215332,37.369998931884766,37.7599983215332,257000
2016-07-14,31.42897605895996,37.939998626708984,38.189998626708984,37.68000030517578,38.11000061035156,308900
2016-07-15,31.652639389038086,38.209999084472656,38.34000015258789,37.900001525878906,38.290000915527344,372300
2016-07-18,31.561513900756836,38.099998474121094,38.310001373291016,37.869998931884766,38.25,224200
2016-07-19,31.147335052490234,37.599998474121094,38.04999923706055,37.5099983215332,37.90999984741211,222400
2016-07-20,31.32128143310547,37.810001373291016,38.11000061035156,37.09000015258789,37.58000183105469,221600
2016-07-21,31.04791259765625,37.47999954223633,37.880001068115234,37.310001373291016,37.880001068115234,245900
2016-07-22,31.064477920532227,37.5,37.68000030517578,37.20000076293945,37.38999938964844,247800
2016-07-25,30.9567928314209,37.369998931884766,37.619998931884766,37.209999084472656,37.310001373291016,199900
2016-07-26,31.039634704589844,37.470001220703125,37.779998779296875,37.119998931884766,37.459999084472656,271500
2016-07-27,30.410049438476562,36.709999084472656,37.529998779296875,36.52000045776367,37.5,640800
2016-07-28,29.33315658569336,35.40999984741211,36.09000015258789,35.150001525878906,35.5,1055400
2016-07-29,29.051504135131836,35.06999969482422,35.470001220703125,34.900001525878906,35.18000030517578,616500
2016-08-01,29.4656982421875,35.56999969482422,35.70000076293945,34.7599983215332,35.02000045776367,444400
2016-08-02,28.74500274658203,34.70000076293945,35.7599983215332,34.68000030517578,35.650001525878906,313500
2016-08-03,29.07634925842285,35.099998474121094,35.119998931884766,34.59000015258789,34.7599983215332,241100
2016-08-04,29.051504135131836,35.06999969482422,35.38999938964844,34.959999084472656,34.959999084472656,221000
2016-08-05,29.4077091217041,35.5,35.630001068115234,35.099998474121094,35.279998779296875,334400
2016-08-08,29.324865341186523,35.400001525878906,35.70000076293945,35.310001373291016,35.58000183105469,222300
2016-08-09,29.258607864379883,35.31999969482422,35.560001373291016,35.22999954223633,35.529998779296875,167300
2016-08-10,29.175762176513672,35.220001220703125,35.400001525878906,34.88999938964844,35.400001525878906,210700
2016-08-11,28.082298278808594,33.900001525878906,34.779998779296875,33.70000076293945,34.20000076293945,989300
2016-08-12,27.88347816467285,33.65999984741211,34.150001525878906,33.279998779296875,33.83000183105469,841900
2016-08-15,27.858627319335938,33.630001068115234,34.15999984741211,33.58000183105469,33.790000915527344,575600
2016-08-16,27.411304473876953,33.09000015258789,33.7599983215332,33.08000183105469,33.540000915527344,654400
2016-08-17,27.195924758911133,32.83000183105469,33.150001525878906,32.7400016784668,33.150001525878906,375200
2016-08-18,27.552125930786133,33.2599983215332,33.369998931884766,32.709999084472656,32.95000076293945,473500
2016-08-19,28.024301528930664,33.83000183105469,33.97999954223633,32.970001220703125,33.11000061035156,413800
2016-08-22,28.040868759155273,33.849998474121094,33.849998474121094,33.38999938964844,33.619998931884766,164800
2016-08-23,28.19826889038086,34.040000915527344,34.400001525878906,34.02000045776367,34.02000045776367,346700
2016-08-24,27.858627319335938,33.630001068115234,34.02000045776367,33.5,34.02000045776367,311600
2016-08-25,28.00773811340332,33.810001373291016,33.93000030517578,33.5,33.5,176700
2016-08-26,28.15684700012207,33.9900016784668,34.459999084472656,33.720001220703125,33.97999954223633,380800
2016-08-29,28.786418914794922,34.75,34.900001525878906,34.09000015258789,34.09000015258789,278200
2016-08-30,28.786418914794922,34.75,35.130001068115234,34.58000183105469,34.810001373291016,190700
2016-08-31,28.554471969604492,34.470001220703125,34.849998474121094,34.279998779296875,34.599998474121094,301100
2016-09-01,28.446786880493164,34.34000015258789,34.63999938964844,33.849998474121094,34.54999923706055,290000
2016-09-02,28.87755584716797,34.86000061035156,34.88999938964844,34.650001525878906,34.689998626708984,271500
2016-09-06,28.637310028076172,34.56999969482422,35.189998626708984,34.5,34.970001220703125,191900
2016-09-07,28.794706344604492,34.7599983215332,35.099998474121094,34.36000061035156,34.41999816894531,325200
2016-09-08,28.562753677368164,34.47999954223633,34.81999969482422,34.380001068115234,34.790000915527344,228900
2016-09-09,27.04680824279785,32.650001525878906,34.18000030517578,32.630001068115234,34.18000030517578,594600
2016-09-12,27.46928596496582,33.15999984741211,33.16999816894531,32.209999084472656,32.209999084472656,512400
2016-09-13,26.4752254486084,31.959999084472656,32.959999084472656,31.860000610351562,32.540000915527344,457900
2016-09-14,26.217453002929688,31.530000686645508,32.209999084472656,31.389999389648438,32.06999969482422,627900
2016-09-15,26.575002670288086,31.959999084472656,31.969999313354492,31.350000381469727,31.469999313354492,384800
2016-09-16,25.98462677001953,31.25,31.93000030517578,31.25,31.850000381469727,879600
2016-09-19,26.175878524780273,31.479999542236328,32.0,31.280000686645508,31.809999465942383,572900
2016-09-20,26.134307861328125,31.43000030517578,31.75,31.420000076293945,31.670000076293945,355000
2016-09-21,26.633209228515625,32.029998779296875,32.040000915527344,31.510000228881836,31.719999313354492,299700
2016-09-22,26.76624870300293,32.189998626708984,32.400001525878906,31.81999969482422,32.400001525878906,622900
2016-09-23,26.550060272216797,31.93000030517578,32.290000915527344,31.530000686645508,31.540000915527344,317200
2016-09-26,26.924238204956055,32.380001068115234,32.650001525878906,31.799999237060547,31.8799991607666,396700
2016-09-27,27.86384391784668,33.5099983215332,33.619998931884766,32.619998931884766,32.619998931884766,600600
2016-09-28,28.50409698486328,34.279998779296875,34.310001373291016,33.5099983215332,33.790000915527344,722100
2016-09-29,27.86384391784668,33.5099983215332,34.7599983215332,33.5,34.25,791000
2016-09-30,28.113296508789062,33.810001373291016,34.220001220703125,33.31999969482422,33.7400016784668,1476000
2016-10-03,27.572811126708984,33.15999984741211,33.790000915527344,33.11000061035156,33.779998779296875,385800
2016-10-04,27.140424728393555,32.63999938964844,33.47999954223633,32.599998474121094,33.290000915527344,494200
2016-10-05,27.439773559570312,33.0,33.119998931884766,32.650001525878906,32.97999954223633,605300
2016-10-06,28.262964248657227,33.9900016784668,34.04999923706055,32.91999816894531,32.91999816894531,878600
2016-10-07,27.389881134033203,32.939998626708984,34.09000015258789,32.93000030517578,34.09000015258789,586700
2016-10-10,27.348310470581055,32.88999938964844,33.5,32.869998931884766,33.36000061035156,340200
2016-10-11,26.633209228515625,32.029998779296875,32.66999816894531,31.790000915527344,32.65999984741211,327400
2016-10-12,26.308923721313477,31.639999389648438,32.040000915527344,31.6299991607666,31.6299991607666,282200
2016-10-13,25.643712997436523,30.84000015258789,31.309999465942383,30.790000915527344,31.110000610351562,511800
2016-10-14,25.976318359375,31.239999771118164,31.579999923706055,31.049999237060547,31.219999313354492,406500
2016-10-17,25.884851455688477,31.1299991607666,31.389999389648438,31.0,31.209999084472656,377500
2016-10-18,25.55224609375,30.729999542236328,31.649999618530273,30.719999313354492,31.649999618530273,937600
2016-10-19,25.901479721069336,31.149999618530273,31.270000457763672,30.6299991607666,30.899999618530273,562300
2016-10-20,25.89316749572754,31.139999389648438,31.299999237060547,30.799999237060547,31.0,505500
2016-10-21,26.009584426879883,31.280000686645508,31.309999465942383,30.690000534057617,30.690000534057617,575800
2016-10-24,26.259029388427734,31.579999923706055,31.799999237060547,31.489999771118164,31.709999084472656,659600
2016-10-25,25.943056106567383,31.200000762939453,31.520000457763672,31.06999969482422,31.5,782300
2016-10-26,24.6292781829834,29.6200008392334,30.06999969482422,28.770000457763672,29.049999237060547,1148600
2016-10-27,24.4879150390625,29.450000762939453,29.760000228881836,29.1299991607666,29.610000610351562,1139700
2016-10-28,24.163631439208984,29.059999465942383,29.799999237060547,28.850000381469727,29.420000076293945,932400
2016-10-31,24.30498695373535,29.229999542236328,29.350000381469727,28.920000076293945,29.110000610351562,853300
2016-11-01,24.404767990112305,29.350000381469727,29.540000915527344,29.190000534057617,29.350000381469727,679800
2016-11-02,24.29667091369629,29.219999313354492,29.350000381469727,29.139999389648438,29.209999084472656,570900
2016-11-03,24.36318588256836,29.299999237060547,29.43000030517578,29.200000762939453,29.260000228881836,501900
2016-11-04,24.429710388183594,29.3799991607666,29.920000076293945,29.260000228881836,29.260000228881836,390400
2016-11-07,24.529491424560547,29.5,30.040000915527344,29.299999237060547,30.040000915527344,605400
2016-11-08,24.29667091369629,29.219999313354492,29.549999237060547,29.209999084472656,29.440000534057617,379700
2016-11-09,25.568880081176758,30.75,30.84000015258789,28.920000076293945,29.020000457763672,875100
2016-11-10,26.07610321044922,31.360000610351562,32.0,31.100000381469727,31.3700008392334,743000
2016-11-11,26.49185562133789,31.860000610351562,31.950000762939453,31.209999084472656,31.329999923706055,674000
2016-11-14,27.206951141357422,32.720001220703125,32.790000915527344,32.029998779296875,32.150001525878906,928700
2016-11-15,26.866029739379883,32.310001373291016,33.02000045776367,32.16999816894531,32.619998931884766,1047300
2016-11-16,27.165367126464844,32.66999816894531,32.70000076293945,32.099998474121094,32.13999938964844,469800
2016-11-17,26.924238204956055,32.380001068115234,33.029998779296875,32.369998931884766,33.0,380400
2016-11-18,27.190322875976562,32.70000076293945,32.7400016784668,32.33000183105469,32.41999816894531,352200
2016-11-21,27.231897354125977,32.75,33.16999816894531,32.4900016784668,32.95000076293945,556600
2016-11-22,27.306726455688477,32.84000015258789,33.130001068115234,32.38999938964844,33.130001068115234,307600
2016-11-23,27.26515007019043,32.790000915527344,32.9900016784668,32.65999984741211,32.689998626708984,256600
2016-11-25,27.36493492126465,32.90999984741211,32.90999984741211,32.61000061035156,32.790000915527344,102100
2016-11-28,27.12380027770996,32.619998931884766,32.86000061035156,32.41999816894531,32.7400016784668,319900
2016-11-29,27.564498901367188,33.150001525878906,33.75,32.560001373291016,32.560001373291016,609000
2016-11-30,27.414823532104492,32.970001220703125,33.709999084472656,32.90999984741211,33.560001373291016,405200
2016-12-01,26.915931701660156,32.369998931884766,33.209999084472656,31.950000762939453,33.0,584700
2016-12-02,26.749624252319336,32.16999816894531,32.5099983215332,32.0099983215332,32.36000061035156,220100
2016-12-05,27.21526336669922,32.72999954223633,32.88999938964844,32.529998779296875,32.540000915527344,421500
2016-12-06,27.572811126708984,33.15999984741211,33.189998626708984,32.400001525878906,32.619998931884766,270600
2016-12-07,27.930362701416016,33.59000015258789,33.72999954223633,32.97999954223633,33.209999084472656,340000
2016-12-08,28.612199783325195,34.40999984741211,34.439998626708984,33.5,33.7599983215332,300400
2016-12-09,28.587251663208008,34.380001068115234,34.68000030517578,34.060001373291016,34.59000015258789,403400
2016-12-12,28.445898056030273,34.209999084472656,34.470001220703125,33.95000076293945,34.349998474121094,233500
2016-12-13,28.254653930664062,33.97999954223633,34.560001373291016,33.81999969482422,34.459999084472656,256300
2016-12-14,27.73288345336914,33.220001220703125,33.95000076293945,33.060001373291016,33.869998931884766,353400
2016-12-15,28.308914184570312,33.90999984741211,33.970001220703125,33.08000183105469,33.08000183105469,475600
2016-12-16,28.425785064697266,34.04999923706055,34.45000076293945,33.779998779296875,34.08000183105469,1589300
2016-12-19,28.37569808959961,33.9900016784668,34.20000076293945,33.61000061035156,33.9900016784668,415100
2016-12-20,28.73467254638672,34.41999816894531,34.43000030517578,33.5,34.099998474121094,509800
2016-12-21,28.50092124938965,34.13999938964844,34.349998474121094,34.060001373291016,34.290000915527344,506400
2016-12-22,27.5241756439209,32.970001220703125,34.25,32.939998626708984,34.25,440100
2016-12-23,27.90819549560547,33.43000030517578,33.47999954223633,32.70000076293945,32.95000076293945,270800
2016-12-27,27.816368103027344,33.31999969482422,33.36000061035156,32.81999969482422,33.16999816894531,653700
2016-12-28,26.973194122314453,32.310001373291016,33.630001068115234,32.2400016784668,33.52000045776367,302200
2016-12-29,27.140159606933594,32.5099983215332,32.810001373291016,32.279998779296875,32.45000076293945,300500
2016-12-30,26.747793197631836,32.040000915527344,32.63999938964844,31.969999313354492,32.56999969482422,1105300
2017-01-03,27.073375701904297,32.43000030517578,33.0,31.969999313354492,32.59000015258789,433000
2017-01-04,27.808021545410156,33.310001373291016,33.41999816894531,32.63999938964844,32.65999984741211,337700
2017-01-05,27.348867416381836,32.7599983215332,33.33000183105469,32.58000183105469,33.2400016784668,398900
2017-01-06,27.42399787902832,32.849998474121094,33.099998474121094,32.5099983215332,32.81999969482422,452000
2017-01-09,27.01494598388672,32.36000061035156,32.75,32.34000015258789,32.70000076293945,433100
2017-01-10,27.123464584350586,32.4900016784668,32.810001373291016,32.349998474121094,32.75,387800
2017-01-11,27.515825271606445,32.959999084472656,33.04999923706055,32.34000015258789,32.4900016784668,575100
2017-01-12,27.165205001831055,32.540000915527344,33.02000045776367,32.310001373291016,32.93000030517578,436400
2017-01-13,27.382261276245117,32.79999923706055,33.11000061035156,32.70000076293945,32.77000045776367,327800
2017-01-17,27.031633377075195,32.380001068115234,32.72999954223633,32.16999816894531,32.709999084472656,332200
2017-01-18,27.01494598388672,32.36000061035156,32.5099983215332,32.150001525878906,32.40999984741211,333600
2017-01-19,26.57248306274414,31.829999923706055,32.529998779296875,31.770000457763672,32.41999816894531,450300
2017-01-20,26.739444732666016,32.029998779296875,32.470001220703125,31.68000030517578,31.809999465942383,631600
2017-01-23,26.76448631286621,32.060001373291016,32.220001220703125,31.780000686645508,31.93000030517578,529200
2017-01-24,27.707839965820312,33.189998626708984,33.5,32.31999969482422,32.31999969482422,1110200
2017-01-25,27.674448013305664,33.150001525878906,33.72999954223633,33.119998931884766,33.36000061035156,1421500
2017-01-26,27.582622528076172,33.040000915527344,33.56999969482422,32.709999084472656,33.119998931884766,621300
2017-01-27,28.868247985839844,34.58000183105469,35.0,33.54999923706055,33.54999923706055,1203000
2017-01-30,28.467525482177734,34.099998474121094,34.529998779296875,33.5,34.47999954223633,819500
2017-01-31,28.475881576538086,34.11000061035156,34.33000183105469,33.59000015258789,33.9900016784668,715600
2017-02-01,28.85989761352539,34.56999969482422,34.709999084472656,34.130001068115234,34.439998626708984,476900
2017-02-02,28.76807403564453,34.459999084472656,34.81999969482422,34.209999084472656,34.66999816894531,624000
2017-02-03,29.118703842163086,34.880001068115234,34.93000030517578,34.470001220703125,34.79999923706055,394500
2017-02-06,28.576061248779297,34.22999954223633,34.81999969482422,34.20000076293945,34.650001525878906,354300
2017-02-07,28.000030517578125,33.540000915527344,34.22999954223633,33.459999084472656,34.20000076293945,412400
2017-02-08,28.033424377441406,33.58000183105469,33.709999084472656,33.11000061035156,33.41999816894531,412700
2017-02-09,28.509279251098633,34.150001525878906,34.2400016784668,33.720001220703125,33.720001220703125,544400
2017-02-10,28.876596450805664,34.59000015258789,34.7400016784668,34.040000915527344,34.63999938964844,508400
2017-02-13,28.743024826049805,34.43000030517578,35.02000045776367,34.380001068115234,35.02000045776367,526600
2017-02-14,28.208736419677734,33.790000915527344,34.31999969482422,33.65999984741211,34.16999816894531,585000
2017-02-15,28.467525482177734,34.099998474121094,34.220001220703125,33.33000183105469,33.33000183105469,612200
2017-02-16,28.592750549316406,34.25,34.43000030517578,34.06999969482422,34.08000183105469,612200
2017-02-17,28.551023483276367,34.20000076293945,34.56999969482422,34.029998779296875,34.09000015258789,425400
2017-02-21,29.076961517333984,34.83000183105469,35.060001373291016,34.2400016784668,34.43000030517578,899100
2017-02-22,28.793119430541992,34.4900016784668,35.029998779296875,34.439998626708984,34.599998474121094,340200
2017-02-23,28.54267120361328,34.189998626708984,34.720001220703125,34.060001373291016,34.720001220703125,373200
2017-02-24,28.54267120361328,34.189998626708984,34.189998626708984,33.63999938964844,33.86000061035156,262400
2017-02-27,28.50092124938965,34.13999938964844,34.5,34.060001373291016,34.2400016784668,570700
2017-02-28,28.116901397705078,33.68000030517578,34.22999954223633,33.66999816894531,33.86000061035156,604900
2017-03-01,28.442480087280273,34.06999969482422,34.88999938964844,34.0,34.290000915527344,498400
2017-03-02,28.008380889892578,33.54999923706055,34.27000045776367,33.5099983215332,34.25,624600
2017-03-03,28.38404655456543,34.0,34.13999938964844,33.560001373291016,33.560001373291016,475200
2017-03-06,27.808021545410156,33.310001373291016,33.599998474121094,33.189998626708984,33.5099983215332,275900
2017-03-07,27.54922103881836,33.0,33.470001220703125,32.77000045776367,33.279998779296875,599500
2017-03-08,27.649404525756836,33.119998931884766,33.470001220703125,32.77000045776367,33.150001525878906,461500
2017-03-09,27.724531173706055,33.209999084472656,33.5099983215332,33.04999923706055,33.130001068115234,480900
2017-03-10,27.929899215698242,33.31999969482422,33.68000030517578,33.150001525878906,33.349998474121094,272300
2017-03-13,28.06402015686035,33.47999954223633,33.93000030517578,33.25,33.43000030517578,293800
2017-03-14,27.913137435913086,33.29999923706055,33.459999084472656,33.02000045776367,33.220001220703125,260300
2017-03-15,28.374170303344727,33.849998474121094,33.939998626708984,33.22999954223633,33.54999923706055,284800
2017-03-16,28.307113647460938,33.77000045776367,34.040000915527344,33.59000015258789,34.0,261600
2017-03-17,28.550188064575195,34.060001373291016,34.130001068115234,33.630001068115234,33.97999954223633,738800
2017-03-20,28.214902877807617,33.65999984741211,34.150001525878906,33.54999923706055,33.869998931884766,190200
2017-03-21,27.619760513305664,32.95000076293945,33.72999954223633,32.90999984741211,33.72999954223633,312600
2017-03-22,27.58622169494629,32.90999984741211,32.9900016784668,32.599998474121094,32.90999984741211,275800
2017-03-23,27.980201721191406,33.380001068115234,33.560001373291016,32.45000076293945,32.86000061035156,333900
2017-03-24,27.879606246948242,33.2599983215332,33.560001373291016,33.11000061035156,33.470001220703125,353200
2017-03-27,27.955055236816406,33.349998474121094,33.439998626708984,32.43000030517578,32.70000076293945,388900
2017-03-28,28.29034423828125,33.75,33.900001525878906,33.27000045776367,33.31999969482422,297700
2017-03-29,28.399320602416992,33.880001068115234,33.95000076293945,33.599998474121094,33.68000030517578,327000
2017-03-30,28.608869552612305,34.130001068115234,34.20000076293945,33.86000061035156,33.86000061035156,295200
2017-03-31,28.575334548950195,34.09000015258789,34.310001373291016,33.9900016784668,34.130001068115234,528400
2017-04-03,28.51666831970215,34.02000045776367,34.47999954223633,33.720001220703125,34.189998626708984,416300
2017-04-04,28.50827980041504,34.0099983215332,34.18000030517578,33.79999923706055,33.90999984741211,258400
2017-04-05,27.938289642333984,33.33000183105469,34.33000183105469,33.310001373291016,34.2400016784668,324100
2017-04-06,28.131078720092773,33.560001373291016,33.650001525878906,33.189998626708984,33.36000061035156,271200
2017-04-07,28.13945960998535,33.56999969482422,33.70000076293945,33.33000183105469,33.47999954223633,200600
2017-04-10,28.122699737548828,33.54999923706055,33.83000183105469,33.41999816894531,33.540000915527344,204900
2017-04-11,28.600494384765625,34.119998931884766,34.18000030517578,33.25,33.470001220703125,470200
2017-04-12,28.441232681274414,33.93000030517578,34.11000061035156,33.59000015258789,33.880001068115234,904200
2017-04-13,28.206523895263672,33.650001525878906,34.15999984741211,33.54999923706055,33.849998474121094,776000
2017-04-17,28.82681655883789,34.38999938964844,34.38999938964844,33.400001525878906,33.779998779296875,643700
2017-04-18,28.910634994506836,34.4900016784668,34.52000045776367,33.93000030517578,34.13999938964844,695000
2017-04-19,29.304609298706055,34.959999084472656,35.20000076293945,34.56999969482422,34.619998931884766,652500
2017-04-20,30.050643920898438,35.849998474121094,35.88999938964844,35.150001525878906,35.209999084472656,700500
2017-04-21,30.167991638183594,35.9900016784668,36.0099983215332,35.59000015258789,35.7400016784668,696100
2017-04-24,31.073278427124023,37.06999969482422,37.15999984741211,36.540000915527344,36.540000915527344,1454900
2017-04-25,31.35828399658203,37.40999984741211,37.63999938964844,37.349998474121094,37.47999954223633,1229200
2017-04-26,31.34150505065918,37.38999938964844,37.619998931884766,36.810001373291016,37.25,1206300
2017-04-27,33.0263557434082,39.400001525878906,40.880001068115234,37.619998931884766,37.77000045776367,1887400
2017-04-28,32.867103576660156,39.209999084472656,40.2599983215332,39.119998931884766,39.720001220703125,1216100
2017-05-01,32.456363677978516,38.720001220703125,39.369998931884766,38.720001220703125,39.33000183105469,891300
2017-05-02,32.44797897338867,38.709999084472656,38.849998474121094,38.33000183105469,38.83000183105469,906700
2017-05-03,32.431217193603516,38.689998626708984,38.88999938964844,38.43000030517578,38.5099983215332,461600
2017-05-04,32.66592788696289,38.970001220703125,39.04999923706055,38.619998931884766,38.72999954223633,468400
2017-05-05,32.73298645019531,39.04999923706055,39.43000030517578,38.939998626708984,39.099998474121094,420800
2017-05-08,32.19650650024414,38.40999984741211,39.150001525878906,38.34000015258789,38.95000076293945,407500
2017-05-09,32.28872299194336,38.52000045776367,38.65999984741211,38.130001068115234,38.45000076293945,315800
2017-05-10,32.36415481567383,38.61000061035156,38.790000915527344,38.34000015258789,38.5,648000
2017-05-11,32.34738540649414,38.59000015258789,38.689998626708984,38.040000915527344,38.349998474121094,324500
2017-05-12,32.1378288269043,38.34000015258789,38.689998626708984,38.220001220703125,38.38999938964844,211000
2017-05-15,32.63239288330078,38.93000030517578,39.27000045776367,38.439998626708984,38.459999084472656,394800
2017-05-16,32.372528076171875,38.619998931884766,39.040000915527344,38.310001373291016,38.95000076293945,384900
2017-05-17,31.34150505065918,37.38999938964844,38.619998931884766,37.29999923706055,38.619998931884766,481200
2017-05-18,31.106800079345703,37.11000061035156,37.40999984741211,36.939998626708984,37.22999954223633,496000
2017-05-19,31.551074981689453,37.63999938964844,37.869998931884766,37.2599983215332,37.27000045776367,1018500
2017-05-22,31.559450149536133,37.650001525878906,38.38999938964844,37.38999938964844,38.38999938964844,278500
2017-05-23,31.509151458740234,37.59000015258789,38.06999969482422,37.52000045776367,37.7400016784668,295200
2017-05-24,31.534303665161133,37.619998931884766,37.83000183105469,37.43000030517578,37.68000030517578,395000
2017-05-25,31.559450149536133,37.650001525878906,38.08000183105469,37.5,37.779998779296875,488800
2017-05-26,31.61813735961914,37.720001220703125,37.779998779296875,37.310001373291016,37.599998474121094,283700
2017-05-30,31.500774383544922,37.58000183105469,37.720001220703125,37.45000076293945,37.65999984741211,324900
2017-05-31,31.29960060119629,37.34000015258789,37.70000076293945,37.0099983215332,37.58000183105469,497900
2017-06-01,31.71871566772461,37.84000015258789,37.95000076293945,37.31999969482422,37.529998779296875,335100
2017-06-02,32.18812561035156,38.400001525878906,38.86000061035156,37.7400016784668,37.880001068115234,1173700
2017-06-05,32.095916748046875,38.290000915527344,38.41999816894531,38.119998931884766,38.380001068115234,745700
2017-06-06,32.0623893737793,38.25,38.529998779296875,37.68000030517578,37.95000076293945,915900
2017-06-07,31.919889450073242,38.08000183105469,38.459999084472656,38.04999923706055,38.29999923706055,700600
2017-06-08,31.6851863861084,37.79999923706055,38.08000183105469,37.689998626708984,38.0099983215332,292500
2017-06-09,32.07915496826172,38.27000045776367,38.65999984741211,37.900001525878906,38.060001373291016,482200
2017-06-12,32.0623893737793,38.25,38.83000183105469,38.119998931884766,38.310001373291016,359600
2017-06-13,32.20489501953125,38.41999816894531,38.529998779296875,38.08000183105469,38.310001373291016,418600
2017-06-14,31.79691505432129,37.79999923706055,38.54999923706055,37.630001068115234,38.439998626708984,395000
2017-06-15,31.309030532836914,37.220001220703125,37.77000045776367,36.939998626708984,37.40999984741211,412900
2017-06-16,31.738018035888672,37.72999954223633,37.75,36.65999984741211,36.939998626708984,686400
2017-06-19,31.855804443359375,37.869998931884766,38.08000183105469,37.599998474121094,38.02000045776367,363500
2017-06-20,31.46044921875,37.400001525878906,37.75,37.310001373291016,37.709999084472656,169200
2017-06-21,31.37632179260254,37.29999923706055,37.779998779296875,37.209999084472656,37.470001220703125,335100
2017-06-22,31.527732849121094,37.47999954223633,37.63999938964844,37.130001068115234,37.400001525878906,257200
2017-06-23,31.855804443359375,37.869998931884766,37.9900016784668,37.40999984741211,37.54999923706055,631900
2017-06-26,31.87261962890625,37.88999938964844,38.11000061035156,37.68000030517578,37.95000076293945,743500
2017-06-27,31.780086517333984,37.779998779296875,38.099998474121094,37.72999954223633,37.95000076293945,380300
2017-06-28,32.31004333496094,38.40999984741211,38.97999954223633,37.970001220703125,38.04999923706055,430400
2017-06-29,32.015621185302734,38.060001373291016,38.45000076293945,37.68000030517578,38.45000076293945,430800
2017-06-30,32.58762741088867,38.7400016784668,39.5099983215332,38.209999084472656,38.2400016784668,709300
2017-07-03,32.31004333496094,38.40999984741211,38.91999816894531,38.27000045776367,38.849998474121094,274100
2017-07-05,31.9146785736084,37.939998626708984,38.439998626708984,37.66999816894531,38.439998626708984,301600
2017-07-06,31.830562591552734,37.84000015258789,38.18000030517578,37.4900016784668,37.79999923706055,453100
2017-07-07,32.276397705078125,38.369998931884766,38.38999938964844,37.84000015258789,37.93000030517578,227100
2017-07-10,31.88103675842285,37.900001525878906,38.400001525878906,37.83000183105469,38.13999938964844,479700
2017-07-11,31.87261962890625,37.88999938964844,38.0099983215332,37.5,37.86000061035156,473100
2017-07-12,32.16703796386719,38.2400016784668,38.81999969482422,38.11000061035156,38.11000061035156,236300
2017-07-13,32.124969482421875,38.189998626708984,38.439998626708984,37.59000015258789,38.2400016784668,273900
2017-07-14,32.11656951904297,38.18000030517578,38.560001373291016,38.02000045776367,38.189998626708984,284100
2017-07-17,32.251155853271484,38.34000015258789,38.38999938964844,38.130001068115234,38.189998626708984,279400
2017-07-18,32.31004333496094,38.40999984741211,38.439998626708984,37.65999984741211,38.130001068115234,446800
2017-07-19,32.747459411621094,38.93000030517578,38.939998626708984,38.33000183105469,38.439998626708984,320100
2017-07-20,32.50350570678711,38.63999938964844,38.77000045776367,38.45000076293945,38.70000076293945,305600
2017-07-21,32.352108001708984,38.459999084472656,38.91999816894531,38.18000030517578,38.91999816894531,351300
2017-07-24,32.80634689331055,39.0,39.0099983215332,38.18000030517578,38.43000030517578,558800
2017-07-25,31.544553756713867,37.5,39.58000183105469,36.43000030517578,38.029998779296875,1952400
2017-07-26,30.997785568237305,36.849998474121094,38.16999816894531,36.7400016784668,37.41999816894531,813400
2017-07-27,30.72019386291504,36.52000045776367,37.029998779296875,36.43000030517578,36.90999984741211,844500
2017-07-28,30.83795738220215,36.65999984741211,36.79999923706055,36.310001373291016,36.33000183105469,820800
2017-07-31,30.770668029785156,36.58000183105469,36.869998931884766,36.41999816894531,36.83000183105469,460600
2017-08-01,30.78748893737793,36.599998474121094,36.81999969482422,36.34000015258789,36.689998626708984,328600
2017-08-02,30.762252807617188,36.56999969482422,36.720001220703125,36.08000183105469,36.560001373291016,697300
2017-08-03,30.493080139160156,36.25,36.540000915527344,35.97999954223633,36.470001220703125,478000
2017-08-04,30.56037139892578,36.33000183105469,36.61000061035156,36.209999084472656,36.43000030517578,249400
2017-08-07,30.333242416381836,36.060001373291016,36.72999954223633,36.0099983215332,36.349998474121094,339500
2017-08-08,29.954708099365234,35.61000061035156,36.33000183105469,35.56999969482422,35.9900016784668,322700
2017-08-09,29.887422561645508,35.529998779296875,35.68000030517578,35.2400016784668,35.47999954223633,366800
2017-08-10,29.887422561645508,35.529998779296875,35.63999938964844,35.2599983215332,35.38999938964844,711600
2017-08-11,30.198657989501953,35.900001525878906,35.95000076293945,34.150001525878906,34.540000915527344,605300
2017-08-14,30.753847122192383,36.560001373291016,36.56999969482422,36.060001373291016,36.119998931884766,373700
2017-08-15,30.779081344604492,36.59000015258789,36.689998626708984,36.349998474121094,36.63999938964844,288700
2017-08-16,30.87160301208496,36.70000076293945,36.900001525878906,36.61000061035156,36.77000045776367,232600
2017-08-17,30.484657287597656,36.2400016784668,37.040000915527344,36.209999084472656,36.709999084472656,348600
2017-08-18,30.64449119567871,36.43000030517578,36.560001373291016,35.93000030517578,35.95000076293945,283400
2017-08-21,30.375307083129883,36.11000061035156,36.4900016784668,36.0099983215332,36.310001373291016,541700
2017-08-22,30.678129196166992,36.470001220703125,36.630001068115234,36.2599983215332,36.27000045776367,409400
2017-08-23,30.577194213867188,36.349998474121094,36.56999969482422,36.16999816894531,36.16999816894531,247100
2017-08-24,30.40894889831543,36.150001525878906,36.540000915527344,36.06999969482422,36.5,219100
2017-08-25,30.350067138671875,36.08000183105469,36.29999923706055,35.72999954223633,36.2599983215332,878400
2017-08-28,30.493080139160156,36.25,36.40999984741211,36.0099983215332,36.279998779296875,403300
2017-08-29,30.400545120239258,36.13999938964844,36.34000015258789,35.849998474121094,36.0099983215332,171300
2017-08-30,30.10611343383789,35.790000915527344,36.130001068115234,35.61000061035156,36.130001068115234,342900
2017-08-31,30.400545120239258,36.13999938964844,36.2599983215332,35.93000030517578,36.060001373291016,321100
2017-09-01,30.90526008605957,36.7400016784668,36.7599983215332,36.16999816894531,36.25,303800
2017-09-05,30.392118453979492,36.130001068115234,36.97999954223633,36.040000915527344,36.869998931884766,381600
2017-09-06,30.324831008911133,36.04999923706055,36.2599983215332,35.810001373291016,36.2599983215332,298700
2017-09-07,30.324831008911133,36.04999923706055,36.150001525878906,35.7599983215332,36.11000061035156,286500
2017-09-08,30.577194213867188,36.349998474121094,36.58000183105469,35.66999816894531,36.0099983215332,318200
2017-09-11,31.098731994628906,36.970001220703125,37.0,36.33000183105469,36.54999923706055,378000
2017-09-12,31.401559829711914,37.33000183105469,37.58000183105469,36.849998474121094,37.06999969482422,221800
2017-09-13,31.317428588867188,37.22999954223633,37.290000915527344,36.72999954223633,37.290000915527344,359700
2017-09-14,31.355422973632812,37.13999938964844,37.43000030517578,36.970001220703125,37.09000015258789,608200
2017-09-15,31.482067108154297,37.290000915527344,37.63999938964844,37.0099983215332,37.16999816894531,716900
2017-09-18,31.7944393157959,37.65999984741211,37.83000183105469,37.20000076293945,37.470001220703125,350200
2017-09-19,31.980165481567383,37.880001068115234,37.90999984741211,37.58000183105469,37.720001220703125,295800
2017-09-20,32.54581832885742,38.54999923706055,38.560001373291016,37.88999938964844,37.959999084472656,487000
2017-09-21,32.93416976928711,39.0099983215332,39.119998931884766,38.16999816894531,38.4900016784668,438000
2017-09-22,32.976383209228516,39.060001373291016,39.25,38.720001220703125,38.93000030517578,475800
2017-09-25,33.01015090942383,39.099998474121094,39.2400016784668,38.7599983215332,39.029998779296875,312200
2017-09-26,33.457611083984375,39.630001068115234,39.79999923706055,39.02000045776367,39.22999954223633,392600
2017-09-27,33.94727325439453,40.209999084472656,40.58000183105469,39.4900016784668,39.91999816894531,661600
2017-09-28,34.242767333984375,40.560001373291016,40.58000183105469,40.09000015258789,40.25,261000
2017-09-29,33.79530715942383,40.029998779296875,40.61000061035156,39.95000076293945,40.5,505100
2017-10-02,34.41160583496094,40.7599983215332,40.77000045776367,40.060001373291016,40.060001373291016,427000
2017-10-03,34.36940002441406,40.709999084472656,41.029998779296875,40.29999923706055,40.900001525878906,674300
2017-10-04,34.5213737487793,40.88999938964844,40.970001220703125,40.52000045776367,40.790000915527344,304700
2017-10-05,34.4200553894043,40.77000045776367,41.150001525878906,40.66999816894531,41.0,345300
2017-10-06,34.43693923950195,40.790000915527344,40.91999816894531,40.52000045776367,40.58000183105469,334000
2017-10-09,34.46226119995117,40.81999969482422,41.13999938964844,40.689998626708984,40.880001068115234,166300
2017-10-10,34.52980422973633,40.900001525878906,41.2400016784668,40.4900016784668,41.04999923706055,263200
2017-10-11,34.53825378417969,40.90999984741211,41.13999938964844,40.869998931884766,40.869998931884766,282800
2017-10-12,34.504478454589844,40.869998931884766,41.0,40.81999969482422,40.83000183105469,207300
2017-10-13,35.019474029541016,41.47999954223633,41.779998779296875,41.0,41.29999923706055,655900
2017-10-16,35.087013244628906,41.560001373291016,41.75,41.29999923706055,41.650001525878906,329000
2017-10-17,34.62268829345703,41.0099983215332,41.709999084472656,40.970001220703125,41.58000183105469,323800
2017-10-18,34.504478454589844,40.869998931884766,41.02000045776367,40.529998779296875,41.02000045776367,561500
2017-10-19,34.783084869384766,41.20000076293945,41.25,40.61000061035156,40.68000030517578,308200
2017-10-20,35.2558479309082,41.7599983215332,41.77000045776367,41.20000076293945,41.560001373291016,472800
2017-10-23,35.2642936706543,41.77000045776367,41.97999954223633,41.650001525878906,41.81999969482422,439200
2017-10-24,35.500694274902344,42.04999923706055,42.20000076293945,41.68000030517578,41.75,578000
2017-10-25,37.52689743041992,44.45000076293945,44.599998474121094,41.63999938964844,42.40999984741211,1240200
2017-10-26,38.21917724609375,45.27000045776367,46.220001220703125,44.75,45.0,1300200
2017-10-27,38.14319610595703,45.18000030517578,45.31999969482422,44.630001068115234,45.189998626708984,826700
2017-10-30,37.76327896118164,44.72999954223633,45.630001068115234,44.560001373291016,45.02000045776367,429800
2017-10-31,38.89458465576172,46.06999969482422,46.150001525878906,45.029998779296875,45.13999938964844,639800
2017-11-01,39.105628967285156,46.31999969482422,46.540000915527344,46.0099983215332,46.41999816894531,532900
2017-11-02,38.96211242675781,46.150001525878906,46.349998474121094,45.689998626708984,46.13999938964844,573500
2017-11-03,39.22383499145508,46.459999084472656,46.59000015258789,45.4900016784668,45.97999954223633,288000
2017-11-06,39.24071502685547,46.47999954223633,46.529998779296875,46.060001373291016,46.529998779296875,276500
2017-11-07,38.9874382019043,46.18000030517578,46.54999923706055,45.95000076293945,46.5,387700
2017-11-08,38.94523239135742,46.130001068115234,46.220001220703125,45.68000030517578,45.939998626708984,318700
2017-11-09,38.514652252197266,45.619998931884766,46.0,45.33000183105469,45.75,316800
2017-11-10,38.16008377075195,45.20000076293945,45.849998474121094,45.13999938964844,45.459999084472656,321200
2017-11-13,38.53153991699219,45.63999938964844,45.689998626708984,44.849998474121094,44.849998474121094,288100
2017-11-14,38.11787033081055,45.150001525878906,45.529998779296875,44.9900016784668,45.31999969482422,234700
2017-11-15,37.28206253051758,44.15999984741211,44.83000183105469,44.08000183105469,44.7599983215332,465700
2017-11-16,37.771724700927734,44.7400016784668,44.880001068115234,44.08000183105469,44.369998931884766,324100
2017-11-17,37.8308219909668,44.810001373291016,44.93000030517578,44.220001220703125,44.59000015258789,279300
2017-11-20,37.99122619628906,45.0,45.09000015258789,44.63999938964844,44.84000015258789,542800
2017-11-21,38.404911041259766,45.4900016784668,45.59000015258789,45.2400016784668,45.33000183105469,501800
2017-11-22,38.10941696166992,45.13999938964844,45.810001373291016,45.09000015258789,45.63999938964844,241700
2017-11-24,38.354251861572266,45.43000030517578,45.65999984741211,45.22999954223633,45.400001525878906,102600
2017-11-27,38.42180252075195,45.5099983215332,45.75,45.2599983215332,45.380001068115234,411900
2017-11-28,39.173187255859375,46.400001525878906,46.400001525878906,45.58000183105469,45.58000183105469,293700
2017-11-29,39.24071502685547,46.47999954223633,46.72999954223633,46.130001068115234,46.36000061035156,271100
2017-11-30,39.012779235839844,46.209999084472656,46.790000915527344,45.91999816894531,46.599998474121094,406800
2017-12-01,38.53999710083008,45.650001525878906,46.41999816894531,44.290000915527344,46.290000915527344,462200
2017-12-04,38.041900634765625,45.060001373291016,46.209999084472656,44.91999816894531,46.189998626708984,557700
2017-12-05,37.96590042114258,44.970001220703125,45.40999984741211,44.68000030517578,45.029998779296875,300900
2017-12-06,37.60287094116211,44.540000915527344,44.84000015258789,43.310001373291016,44.779998779296875,304900
2017-12-07,37.5691032409668,44.5,45.0099983215332,44.400001525878906,44.65999984741211,348900
2017-12-08,37.341148376464844,44.22999954223633,44.70000076293945,44.209999084472656,44.54999923706055,260900
2017-12-11,37.28206253051758,44.15999984741211,44.619998931884766,44.040000915527344,44.2400016784668,359800
2017-12-12,37.73796844482422,44.70000076293945,44.83000183105469,44.040000915527344,44.31999969482422,490300
2017-12-13,37.754844665527344,44.720001220703125,45.2400016784668,44.66999816894531,44.689998626708984,565200
2017-12-14,36.8352165222168,43.459999084472656,44.869998931884766,43.34000015258789,44.70000076293945,353700
2017-12-15,37.47937774658203,44.220001220703125,44.560001373291016,43.599998474121094,43.599998474121094,1335700
2017-12-18,37.64888381958008,44.41999816894531,44.93000030517578,44.349998474121094,44.40999984741211,297500
2017-12-19,37.19121170043945,43.880001068115234,44.79999923706055,43.81999969482422,44.5099983215332,428600
2017-12-20,37.267494201660156,43.970001220703125,44.310001373291016,43.849998474121094,44.09000015258789,262000
2017-12-21,37.14035415649414,43.81999969482422,44.189998626708984,43.7400016784668,44.119998931884766,276200
2017-12-22,36.86913299560547,43.5,44.130001068115234,43.45000076293945,43.61000061035156,171100
2017-12-26,36.94540786743164,43.59000015258789,43.869998931884766,43.41999816894531,43.56999969482422,245300
2017-12-27,37.13187026977539,43.810001373291016,44.16999816894531,43.4900016784668,43.65999984741211,180700
2017-12-28,37.27595901489258,43.97999954223633,43.9900016784668,43.560001373291016,43.81999969482422,302200
2017-12-29,36.86913299560547,43.5,44.15999984741211,43.4900016784668,43.97999954223633,472100
2018-01-02,37.394622802734375,44.119998931884766,44.310001373291016,43.59000015258789,43.61000061035156,423700
2018-01-03,37.58956527709961,44.349998474121094,44.65999984741211,44.15999984741211,44.33000183105469,363700
2018-01-04,37.809932708740234,44.61000061035156,45.189998626708984,44.59000015258789,44.65999984741211,312100
2018-01-05,38.606632232666016,45.54999923706055,45.56999969482422,44.810001373291016,44.849998474121094,287000
2018-01-08,38.77614974975586,45.75,45.83000183105469,44.959999084472656,45.45000076293945,389300
2018-01-09,38.581207275390625,45.52000045776367,45.880001068115234,45.4900016784668,45.77000045776367,346400
2018-01-10,38.27609634399414,45.15999984741211,45.4900016784668,45.029998779296875,45.439998626708984,205800
2018-01-11,39.182987213134766,46.22999954223633,46.310001373291016,45.06999969482422,45.20000076293945,243400
2018-01-12,38.69140625,45.650001525878906,46.68000030517578,45.61000061035156,46.40999984741211,299700
2018-01-16,37.216644287109375,43.90999984741211,45.400001525878906,43.619998931884766,45.209999084472656,638800
2018-01-17,37.64888381958008,44.41999816894531,44.65999984741211,43.9900016784668,44.220001220703125,676000
2018-01-18,37.06407165527344,43.72999954223633,44.560001373291016,43.68000030517578,44.22999954223633,323000
2018-01-19,37.94554138183594,44.77000045776367,44.79999923706055,43.619998931884766,43.619998931884766,371300
2018-01-22,38.14896011352539,45.0099983215332,45.2400016784668,44.58000183105469,44.7400016784668,270900
2018-01-23,38.20828628540039,45.08000183105469,45.33000183105469,44.08000183105469,44.66999816894531,329700
2018-01-24,38.089637756347656,44.939998626708984,45.369998931884766,44.77000045776367,45.22999954223633,195600
2018-01-25,38.581207275390625,45.52000045776367,45.52000045776367,44.52000045776367,44.88999938964844,674400
2018-01-26,37.03865051269531,43.70000076293945,47.47999954223633,43.040000915527344,46.0,1049100
2018-01-29,36.699615478515625,43.29999923706055,44.58000183105469,43.290000915527344,43.77000045776367,630100
2018-01-30,36.894561767578125,43.529998779296875,43.869998931884766,42.779998779296875,42.970001220703125,345800
2018-01-31,36.8352165222168,43.459999084472656,43.88999938964844,43.029998779296875,43.72999954223633,454400
2018-02-01,36.86066436767578,43.4900016784668,43.59000015258789,43.040000915527344,43.400001525878906,531700
2018-02-02,36.34364318847656,42.880001068115234,43.470001220703125,42.790000915527344,43.11000061035156,480600
2018-02-05,34.792598724365234,41.04999923706055,43.09000015258789,41.02000045776367,42.619998931884766,799800
2018-02-06,35.30961227416992,41.65999984741211,41.97999954223633,39.68000030517578,40.220001220703125,474300
2018-02-07,35.35198211669922,41.709999084472656,42.119998931884766,41.22999954223633,41.38999938964844,303200
2018-02-08,34.173858642578125,40.31999969482422,41.81999969482422,40.290000915527344,41.81999969482422,438300
2018-02-09,34.258628845214844,40.41999816894531,41.2400016784668,39.75,40.83000183105469,677100
2018-02-12,34.572227478027344,40.790000915527344,41.06999969482422,39.79999923706055,40.58000183105469,562500
2018-02-13,34.83497619628906,41.099998474121094,41.119998931884766,40.540000915527344,40.630001068115234,431700
2018-02-14,35.504554748535156,41.88999938964844,42.040000915527344,40.689998626708984,40.7400016784668,412400
2018-02-15,35.716426849365234,42.13999938964844,42.689998626708984,41.38999938964844,42.349998474121094,550600
2018-02-16,35.64863586425781,42.060001373291016,42.31999969482422,41.869998931884766,42.040000915527344,410600
2018-02-20,35.63169860839844,42.040000915527344,42.369998931884766,41.63999938964844,41.959999084472656,396000
2018-02-21,35.31808853149414,41.66999816894531,42.4900016784668,41.65999984741211,42.20000076293945,329300
2018-02-22,35.48759460449219,41.869998931884766,42.38999938964844,41.75,41.88999938964844,256800
2018-02-23,35.80120086669922,42.2400016784668,42.45000076293945,41.970001220703125,42.27000045776367,365600
2018-02-26,36.072418212890625,42.560001373291016,42.56999969482422,41.880001068115234,42.5,289100
2018-02-27,36.06394577026367,42.54999923706055,42.880001068115234,42.150001525878906,42.54999923706055,364300
2018-02-28,35.01296615600586,41.310001373291016,42.61000061035156,41.279998779296875,42.61000061035156,307200
2018-03-01,34.902774810791016,41.18000030517578,41.61000061035156,40.84000015258789,41.349998474121094,263100
2018-03-02,35.38589859008789,41.75,41.86000061035156,40.54999923706055,40.93000030517578,313100
2018-03-05,36.072418212890625,42.560001373291016,42.86000061035156,41.33000183105469,41.43000030517578,362000
2018-03-06,36.72504806518555,43.33000183105469,43.90999984741211,42.380001068115234,42.75,292800
2018-03-07,37.17426300048828,43.86000061035156,44.060001373291016,42.939998626708984,42.939998626708984,346700
2018-03-08,36.818275451660156,43.439998626708984,43.939998626708984,43.119998931884766,43.939998626708984,215600
2018-03-09,37.928592681884766,44.75,44.779998779296875,43.650001525878906,43.650001525878906,234300
2018-03-12,37.759071350097656,44.54999923706055,45.16999816894531,44.310001373291016,44.91999816894531,270600
2018-03-13,37.623477935791016,44.38999938964844,44.970001220703125,44.22999954223633,44.72999954223633,494300
2018-03-14,36.936946868896484,43.58000183105469,44.720001220703125,43.439998626708984,44.720001220703125,404800
2018-03-15,36.309730529785156,42.84000015258789,43.630001068115234,42.56999969482422,43.630001068115234,648000
2018-03-16,36.64028549194336,43.22999954223633,43.52000045776367,42.529998779296875,42.79999923706055,616800
2018-03-19,36.550941467285156,42.95000076293945,43.060001373291016,42.31999969482422,43.0,213900
2018-03-20,36.58497619628906,42.9900016784668,43.47999954223633,42.81999969482422,42.900001525878906,222400
2018-03-21,36.94239807128906,43.40999984741211,44.02000045776367,42.91999816894531,43.0099983215332,303100
2018-03-22,36.15095138549805,42.47999954223633,43.93000030517578,42.45000076293945,43.0,432400
2018-03-23,35.3084602355957,41.4900016784668,42.599998474121094,41.4900016784668,42.599998474121094,335800
2018-03-26,36.04884719848633,42.36000061035156,42.459999084472656,41.81999969482422,42.290000915527344,259600
2018-03-27,35.6063117980957,41.84000015258789,42.52000045776367,41.61000061035156,42.52000045776367,278300
2018-03-28,35.64035415649414,41.880001068115234,42.29999923706055,41.68000030517578,41.97999954223633,266400
2018-03-29,36.18500518798828,42.52000045776367,43.08000183105469,41.880001068115234,42.099998474121094,423000
2018-04-02,34.993587493896484,41.119998931884766,42.4900016784668,40.7400016784668,42.4900016784668,277400
2018-04-03,35.512699127197266,41.72999954223633,41.779998779296875,40.5,41.220001220703125,762200
2018-04-04,35.83608627319336,42.11000061035156,42.18000030517578,40.88999938964844,41.150001525878906,226600
2018-04-05,36.58497619628906,42.9900016784668,43.060001373291016,42.40999984741211,42.40999984741211,241000
2018-04-06,35.67439270019531,41.91999816894531,43.150001525878906,41.61000061035156,42.709999084472656,212100
2018-04-09,35.68290328979492,41.93000030517578,42.619998931884766,41.7599983215332,42.33000183105469,187800
2018-04-10,36.814754486083984,43.2599983215332,43.400001525878906,42.2599983215332,42.540000915527344,179500
2018-04-11,36.908348083496094,43.369998931884766,43.43000030517578,42.18000030517578,42.97999954223633,236200
2018-04-12,37.23173904418945,43.75,43.97999954223633,43.47999954223633,43.529998779296875,200100
2018-04-13,36.89984893798828,43.36000061035156,44.040000915527344,43.130001068115234,44.040000915527344,398400
2018-04-16,37.54661560058594,44.119998931884766,44.25,43.41999816894531,43.540000915527344,374500
2018-04-17,37.869991302490234,44.5,44.7599983215332,44.060001373291016,44.5,261800
2018-04-18,38.380611419677734,45.099998474121094,45.70000076293945,44.56999969482422,44.66999816894531,261100
2018-04-19,37.90403747558594,44.540000915527344,45.0099983215332,44.31999969482422,44.91999816894531,219900
2018-04-20,37.69980239868164,44.29999923706055,44.83000183105469,44.099998474121094,44.400001525878906,300600
2018-04-23,37.801910400390625,44.41999816894531,44.63999938964844,44.20000076293945,44.369998931884766,153100
2018-04-24,37.206214904785156,43.720001220703125,44.90999984741211,43.290000915527344,44.58000183105469,258600
2018-04-25,37.49555587768555,44.060001373291016,44.31999969482422,43.29999923706055,43.709999084472656,216200
2018-04-26,35.98926544189453,42.290000915527344,43.689998626708984,41.060001373291016,43.58000183105469,1295700
2018-04-27,36.72113800048828,43.150001525878906,43.630001068115234,42.40999984741211,42.40999984741211,524400
2018-04-30,35.61481857299805,41.849998474121094,43.84000015258789,41.790000915527344,43.43000030517578,591700
2018-05-01,35.078678131103516,41.220001220703125,41.7599983215332,40.63999938964844,41.7599983215332,528400
2018-05-02,35.26590347290039,41.439998626708984,42.099998474121094,41.150001525878906,41.33000183105469,671700
2018-05-03,35.087188720703125,41.22999954223633,41.709999084472656,40.65999984741211,41.40999984741211,272900
2018-05-04,35.67439270019531,41.91999816894531,42.16999816894531,40.7400016784668,41.060001373291016,208400
2018-05-07,35.895660400390625,42.18000030517578,42.459999084472656,41.529998779296875,42.02000045776367,249800
2018-05-08,36.11690902709961,42.439998626708984,42.47999954223633,42.02000045776367,42.130001068115234,210600
2018-05-09,35.76799774169922,42.029998779296875,42.720001220703125,42.0,42.470001220703125,320400
2018-05-10,36.27861022949219,42.630001068115234,43.11000061035156,41.97999954223633,42.22999954223633,356300
2018-05-11,36.01479721069336,42.31999969482422,42.93000030517578,42.13999938964844,42.70000076293945,162400
2018-05-14,35.92970657348633,42.220001220703125,42.599998474121094,42.119998931884766,42.38999938964844,298400
2018-05-15,36.28712463378906,42.63999938964844,42.66999816894531,41.869998931884766,42.029998779296875,236100
2018-05-16,36.96792221069336,43.439998626708984,43.599998474121094,42.7599983215332,42.79999923706055,248800
2018-05-17,37.10409164428711,43.599998474121094,43.810001373291016,43.130001068115234,43.470001220703125,177000
2018-05-18,36.959415435791016,43.43000030517578,43.86000061035156,43.40999984741211,43.72999954223633,302100
2018-05-21,37.32535934448242,43.86000061035156,43.880001068115234,43.5099983215332,43.70000076293945,207600
2018-05-22,36.5594482421875,42.959999084472656,44.099998474121094,42.90999984741211,44.0099983215332,208900
2018-05-23,36.202022552490234,42.540000915527344,42.880001068115234,42.33000183105469,42.7599983215332,204500
2018-05-24,36.193504333496094,42.529998779296875,42.61000061035156,42.130001068115234,42.45000076293945,228700
2018-05-25,36.25307846069336,42.599998474121094,43.0099983215332,42.31999969482422,42.5,318600
2018-05-29,36.23606872558594,42.58000183105469,42.77000045776367,42.18000030517578,42.2599983215332,504200
2018-05-30,36.39775466918945,42.77000045776367,43.119998931884766,42.599998474121094,42.81999969482422,401600
2018-05-31,35.67439270019531,41.91999816894531,42.84000015258789,41.79999923706055,42.709999084472656,473600
2018-06-01,36.13393783569336,42.459999084472656,43.09000015258789,42.380001068115234,42.40999984741211,314700
2018-06-04,36.312644958496094,42.66999816894531,42.849998474121094,42.369998931884766,42.65999984741211,414500
2018-06-05,36.84878921508789,43.29999923706055,43.400001525878906,42.72999954223633,42.7599983215332,224600
2018-06-06,37.56363296508789,44.13999938964844,44.150001525878906,43.119998931884766,43.279998779296875,207200
2018-06-07,37.24026107788086,43.7599983215332,44.06999969482422,43.439998626708984,44.06999969482422,186700
2018-06-08,37.29131317138672,43.81999969482422,43.91999816894531,43.470001220703125,43.68000030517578,454400
2018-06-11,37.223228454589844,43.7400016784668,43.93000030517578,43.5099983215332,43.790000915527344,134200
2018-06-12,36.789222717285156,43.22999954223633,43.90999984741211,43.15999984741211,43.849998474121094,222200
2018-06-13,36.550941467285156,42.95000076293945,43.5,42.7599983215332,43.22999954223633,336800
2018-06-14,36.81155776977539,43.08000183105469,43.209999084472656,42.33000183105469,43.0099983215332,639300
2018-06-15,37.084999084472656,43.400001525878906,43.54999923706055,42.849998474121094,43.06999969482422,859600
2018-06-18,36.862823486328125,43.13999938964844,43.900001525878906,43.040000915527344,43.150001525878906,338600
2018-06-19,36.897003173828125,43.18000030517578,43.2599983215332,42.380001068115234,42.79999923706055,328200
2018-06-20,37.144813537597656,43.470001220703125,43.709999084472656,43.029998779296875,43.25,250800
2018-06-21,37.025184631347656,43.33000183105469,43.650001525878906,43.130001068115234,43.54999923706055,495800
2018-06-22,37.409698486328125,43.779998779296875,43.88999938964844,43.369998931884766,43.40999984741211,609400
2018-06-25,36.546661376953125,42.77000045776367,43.72999954223633,42.63999938964844,43.72999954223633,630800
2018-06-26,37.03372573852539,43.34000015258789,43.4900016784668,42.540000915527344,42.90999984741211,590800
2018-06-27,37.204620361328125,43.540000915527344,43.93000030517578,43.349998474121094,43.439998626708984,427900
2018-06-28,37.102073669433594,43.41999816894531,43.810001373291016,43.02000045776367,43.630001068115234,549700
2018-06-29,36.93118667602539,43.220001220703125,43.90999984741211,43.16999816894531,43.439998626708984,428900
2018-07-02,36.93118667602539,43.220001220703125,43.380001068115234,42.68000030517578,42.9900016784668,534700
2018-07-03,36.982452392578125,43.279998779296875,43.90999984741211,43.220001220703125,43.529998779296875,125700
2018-07-05,37.41825485229492,43.790000915527344,43.810001373291016,43.43000030517578,43.58000183105469,251200
2018-07-06,37.614776611328125,44.02000045776367,44.06999969482422,43.5,43.790000915527344,308800
2018-07-09,37.888221740722656,44.34000015258789,44.599998474121094,44.150001525878906,44.220001220703125,320800
2018-07-10,38.17020034790039,44.66999816894531,44.720001220703125,44.27000045776367,44.45000076293945,432700
2018-07-11,37.683135986328125,44.099998474121094,44.56999969482422,43.959999084472656,44.11000061035156,310000
2018-07-12,37.888221740722656,44.34000015258789,44.369998931884766,43.66999816894531,44.369998931884766,139700
2018-07-13,38.093292236328125,44.58000183105469,44.93000030517578,44.27000045776367,44.27000045776367,164300
2018-07-16,37.999298095703125,44.470001220703125,44.72999954223633,44.20000076293945,44.650001525878906,299200
2018-07-17,38.588905334472656,45.15999984741211,45.220001220703125,44.2400016784668,44.36000061035156,209900
2018-07-18,38.70853805541992,45.29999923706055,45.40999984741211,44.869998931884766,45.099998474121094,283500
2018-07-19,38.93924331665039,45.56999969482422,45.70000076293945,44.869998931884766,45.130001068115234,370900
2018-07-20,38.53762435913086,45.099998474121094,45.529998779296875,44.91999816894531,45.529998779296875,305700
2018-07-23,38.05911636352539,44.540000915527344,45.16999816894531,44.4900016784668,44.970001220703125,267900
2018-07-24,38.08475112915039,44.56999969482422,45.2400016784668,43.349998474121094,44.599998474121094,836900
2018-07-25,37.15334701538086,43.47999954223633,44.7599983215332,41.810001373291016,44.7599983215332,868900
2018-07-26,37.76003646850586,44.189998626708984,44.5,43.4900016784668,43.4900016784668,335500
2018-07-27,37.62332534790039,44.029998779296875,44.41999816894531,43.75,44.310001373291016,296200
2018-07-30,37.57205581665039,43.970001220703125,44.630001068115234,43.91999816894531,43.97999954223633,316000
2018-07-31,38.323997497558594,44.849998474121094,45.02000045776367,44.09000015258789,44.18000030517578,241400
2018-08-01,37.95656967163086,44.41999816894531,44.97999954223633,44.060001373291016,44.75,225800
2018-08-02,37.589141845703125,43.9900016784668,44.43000030517578,43.810001373291016,44.099998474121094,257500
2018-08-03,37.45241928100586,43.83000183105469,44.470001220703125,43.5,44.06999969482422,234400
2018-08-06,37.58059310913086,43.97999954223633,44.0,43.599998474121094,43.779998779296875,221200
2018-08-07,37.965126037597656,44.43000030517578,44.59000015258789,44.119998931884766,44.16999816894531,314900
2018-08-08,37.999298095703125,44.470001220703125,44.7400016784668,44.060001373291016,44.439998626708984,268600
2018-08-09,38.298377990722656,44.81999969482422,44.9900016784668,44.40999984741211,44.47999954223633,202700
2018-08-10,37.81131362915039,44.25,44.70000076293945,44.2400016784668,44.58000183105469,239300
2018-08-13,37.26443862915039,43.61000061035156,44.40999984741211,43.369998931884766,44.31999969482422,295900
2018-08-14,37.37551498413086,43.7400016784668,44.08000183105469,43.599998474121094,43.65999984741211,157100
2018-08-15,36.854278564453125,43.130001068115234,43.630001068115234,42.459999084472656,43.619998931884766,230100
2018-08-16,36.854278564453125,43.130001068115234,43.599998474121094,43.060001373291016,43.34000015258789,343900
2018-08-17,36.837188720703125,43.11000061035156,43.15999984741211,42.7599983215332,43.099998474121094,239400
2018-08-20,36.879913330078125,43.15999984741211,43.63999938964844,43.11000061035156,43.27000045776367,188600
2018-08-21,37.23880386352539,43.58000183105469,43.900001525878906,43.209999084472656,43.209999084472656,214200
2018-08-22,36.999542236328125,43.29999923706055,43.58000183105469,43.11000061035156,43.56999969482422,190700
2018-08-23,36.66628646850586,42.90999984741211,43.189998626708984,42.63999938964844,43.18000030517578,297800
2018-08-24,36.760276794433594,43.02000045776367,43.38999938964844,42.88999938964844,43.11000061035156,229000
2018-08-27,37.17044448852539,43.5,43.58000183105469,43.18000030517578,43.18000030517578,178100
2018-08-28,36.691925048828125,42.939998626708984,43.720001220703125,42.91999816894531,43.70000076293945,167500
2018-08-29,36.623573303222656,42.86000061035156,43.099998474121094,42.5,42.939998626708984,265000
2018-08-30,36.375762939453125,42.56999969482422,42.81999969482422,42.18000030517578,42.81999969482422,173400
2018-08-31,36.11086654663086,42.2599983215332,42.54999923706055,42.08000183105469,42.34000015258789,217100
2018-09-04,35.931427001953125,42.04999923706055,42.130001068115234,41.5099983215332,42.130001068115234,409800
2018-09-05,35.948524475097656,42.06999969482422,42.400001525878906,41.79999923706055,41.970001220703125,337100
2018-09-06,36.059608459472656,42.20000076293945,42.369998931884766,41.810001373291016,42.040000915527344,329600
2018-09-07,35.982704162597656,42.11000061035156,42.36000061035156,41.869998931884766,42.08000183105469,224100
2018-09-10,35.82889175415039,41.93000030517578,42.38999938964844,41.79999923706055,42.349998474121094,200400
2018-09-11,35.99979019165039,42.130001068115234,42.189998626708984,41.18000030517578,41.68000030517578,161000
2018-09-12,36.085227966308594,42.22999954223633,42.54999923706055,41.81999969482422,42.06999969482422,283300
2018-09-13,36.82744598388672,42.91999816894531,42.95000076293945,42.209999084472656,42.349998474121094,254100
2018-09-14,37.136348724365234,43.279998779296875,43.61000061035156,42.900001525878906,43.0099983215332,372200
2018-09-17,37.462406158447266,43.65999984741211,43.79999923706055,43.349998474121094,43.349998474121094,226200
2018-09-18,37.839942932128906,44.099998474121094,44.349998474121094,43.56999969482422,44.040000915527344,316200
2018-09-19,37.9600715637207,44.2400016784668,44.709999084472656,44.08000183105469,44.08000183105469,202200
2018-09-20,38.56929016113281,44.95000076293945,45.0,44.45000076293945,44.599998474121094,255800
2018-09-21,38.758052825927734,45.16999816894531,45.34000015258789,44.86000061035156,45.0,608700
2018-09-24,38.15742111206055,44.470001220703125,45.15999984741211,44.2599983215332,45.040000915527344,311100
2018-09-25,38.123111724853516,44.43000030517578,44.65999984741211,44.279998779296875,44.650001525878906,229100
2018-09-26,37.74555969238281,43.9900016784668,44.619998931884766,43.93000030517578,44.310001373291016,234900
2018-09-27,37.25646209716797,43.41999816894531,44.08000183105469,43.40999984741211,44.08000183105469,227800
2018-09-28,37.51388931274414,43.720001220703125,44.0,43.189998626708984,43.34000015258789,353100
2018-10-01,37.14492416381836,43.290000915527344,44.20000076293945,43.09000015258789,43.849998474121094,187400
2018-10-02,36.99047088623047,43.11000061035156,43.43000030517578,42.869998931884766,43.2400016784668,177200
2018-10-03,36.98188781738281,43.099998474121094,43.560001373291016,42.86000061035156,43.25,170600
2018-10-04,36.34695053100586,42.36000061035156,43.029998779296875,42.22999954223633,42.900001525878906,240700
2018-10-05,35.82353210449219,41.75,42.400001525878906,41.209999084472656,42.38999938964844,341000
2018-10-08,35.72914123535156,41.63999938964844,41.93000030517578,41.34000015258789,41.689998626708984,211400
2018-10-09,34.141754150390625,39.790000915527344,41.470001220703125,39.77000045776367,41.310001373291016,372900
2018-10-10,32.571529388427734,37.959999084472656,39.900001525878906,37.810001373291016,39.70000076293945,971300
2018-10-11,31.258705139160156,36.43000030517578,38.119998931884766,36.380001068115234,37.439998626708984,941600
2018-10-12,31.061359405517578,36.20000076293945,37.22999954223633,35.689998626708984,37.099998474121094,980400
2018-10-15,31.490379333496094,36.70000076293945,36.90999984741211,35.81999969482422,36.15999984741211,1211000
2018-10-16,32.41707229614258,37.779998779296875,37.84000015258789,36.560001373291016,36.900001525878906,534600
2018-10-17,32.45998001098633,37.83000183105469,38.18000030517578,37.220001220703125,37.4900016784668,462800
2018-10-18,31.687734603881836,36.93000030517578,37.810001373291016,36.77000045776367,37.439998626708984,355600
2018-10-19,31.172908782958984,36.33000183105469,37.15999984741211,36.18000030517578,37.02000045776367,294300
2018-10-22,30.803945541381836,35.900001525878906,36.52000045776367,35.68000030517578,36.52000045776367,506400
2018-10-23,30.20331382751465,35.20000076293945,35.599998474121094,34.619998931884766,34.93000030517578,859500
2018-10-24,26.36783218383789,30.729999542236328,33.52000045776367,30.600000381469727,32.29999923706055,1549600
2018-10-25,26.419313430786133,30.790000915527344,31.020000457763672,30.030000686645508,30.729999542236328,1811400
2018-10-26,26.445058822631836,30.81999969482422,31.6200008392334,30.299999237060547,30.350000381469727,841000
2018-10-29,26.693891525268555,31.110000610351562,32.720001220703125,30.760000228881836,31.690000534057617,1111300
2018-10-30,27.792192459106445,32.38999938964844,32.529998779296875,30.920000076293945,31.040000915527344,805200
2018-10-31,27.72355842590332,32.310001373291016,33.02000045776367,32.15999984741211,32.880001068115234,872900
2018-11-01,28.753204345703125,33.5099983215332,33.880001068115234,32.68000030517578,33.099998474121094,506100
2018-11-02,28.907655715942383,33.689998626708984,33.880001068115234,33.119998931884766,33.689998626708984,429700
2018-11-05,28.84758758544922,33.619998931884766,34.0099983215332,33.11000061035156,33.65999984741211,351700
2018-11-06,28.839008331298828,33.61000061035156,34.119998931884766,33.5099983215332,33.63999938964844,396700
2018-11-07,30.048860549926758,35.02000045776367,35.189998626708984,33.599998474121094,33.77000045776367,542900
2018-11-08,29.353839874267578,34.209999084472656,34.7400016784668,33.939998626708984,34.720001220703125,303800
2018-11-09,28.65024185180664,33.38999938964844,34.099998474121094,32.959999084472656,33.849998474121094,451300
2018-11-12,28.238378524780273,32.90999984741211,33.66999816894531,32.86000061035156,33.40999984741211,661900
2018-11-13,28.349929809570312,33.040000915527344,33.790000915527344,33.02000045776367,33.02000045776367,407300
2018-11-14,28.392831802368164,33.09000015258789,33.65999984741211,32.810001373291016,33.380001068115234,361500
2018-11-15,29.130752563476562,33.95000076293945,34.0099983215332,32.810001373291016,32.810001373291016,462500
2018-11-16,29.03636932373047,33.84000015258789,34.20000076293945,33.45000076293945,33.70000076293945,404600
2018-11-19,28.633079528808594,33.369998931884766,34.11000061035156,33.130001068115234,33.83000183105469,332600
2018-11-20,28.195476531982422,32.86000061035156,33.4900016784668,32.56999969482422,32.900001525878906,453500
2018-11-21,28.521541595458984,33.2400016784668,33.790000915527344,32.86000061035156,33.0,254700
2018-11-23,28.332765579223633,33.02000045776367,33.36000061035156,32.599998474121094,32.66999816894531,126800
2018-11-26,28.461469650268555,33.16999816894531,33.650001525878906,32.88999938964844,33.060001373291016,413800
2018-11-27,27.946645736694336,32.56999969482422,33.04999923706055,32.5099983215332,32.91999816894531,253700
2018-11-28,28.62450408935547,33.36000061035156,33.38999938964844,32.130001068115234,32.68000030517578,336900
2018-11-29,28.401409149169922,33.099998474121094,33.810001373291016,32.95000076293945,33.31999969482422,258400
2018-11-30,28.84758758544922,33.619998931884766,33.68000030517578,32.880001068115234,32.880001068115234,344700
2018-12-03,29.353839874267578,34.209999084472656,34.779998779296875,33.540000915527344,34.34000015258789,420400
2018-12-04,27.603422164916992,32.16999816894531,34.130001068115234,31.920000076293945,34.130001068115234,460600
2018-12-06,27.191560745239258,31.690000534057617,31.770000457763672,30.90999984741211,31.520000457763672,392500
2018-12-07,26.50511360168457,30.889999389648438,32.29999923706055,30.670000076293945,31.719999313354492,395300
2018-12-10,26.342090606689453,30.700000762939453,31.190000534057617,30.40999984741211,30.969999313354492,348300
2018-12-11,25.544105529785156,29.770000457763672,31.520000457763672,29.690000534057617,31.229999542236328,440200
2018-12-12,25.844417572021484,30.1200008392334,30.75,30.100000381469727,30.34000015258789,476900
2018-12-13,25.46874237060547,29.489999771118164,30.34000015258789,29.469999313354492,30.149999618530273,452200
2018-12-14,24.80373191833496,28.719999313354492,29.459999084472656,28.56999969482422,29.15999984741211,402600
2018-12-17,24.268281936645508,28.100000381469727,29.5,27.860000610351562,28.719999313354492,552300
2018-12-18,24.302825927734375,28.139999389648438,28.739999771118164,28.06999969482422,28.469999313354492,530400
2018-12-19,23.888282775878906,27.65999984741211,28.739999771118164,27.440000534057617,28.260000228881836,573000
2018-12-20,23.767370223999023,27.520000457763672,28.15999984741211,27.149999618530273,27.639999389648438,700600
2018-12-21,23.26645278930664,26.940000534057617,27.950000762939453,26.84000015258789,27.56999969482422,2204500
2018-12-24,22.96418571472168,26.59000015258789,27.15999984741211,26.15999984741211,26.719999313354492,198000
2018-12-26,23.96600914001465,27.75,27.770000457763672,26.170000076293945,26.700000762939453,533500
2018-12-27,24.432369232177734,28.290000915527344,28.299999237060547,27.06999969482422,27.139999389648438,427600
2018-12-28,24.423736572265625,28.280000686645508,28.860000610351562,27.969999313354492,28.5,491500
2018-12-31,24.700101852416992,28.600000381469727,28.649999618530273,27.969999313354492,28.43000030517578,323400
2019-01-02,25.002370834350586,28.950000762939453,29.219999313354492,28.010000228881836,28.18000030517578,480800
2019-01-03,24.527372360229492,28.399999618530273,29.059999465942383,28.100000381469727,28.790000915527344,385200
2019-01-04,25.658737182617188,29.709999084472656,29.959999084472656,28.829999923706055,29.469999313354492,471400
2019-01-07,25.779645919799805,29.850000381469727,30.350000381469727,29.18000030517578,29.760000228881836,403600
2019-01-08,26.626012802124023,30.829999923706055,30.84000015258789,30.049999237060547,30.18000030517578,461300
2019-01-09,26.591472625732422,30.790000915527344,31.190000534057617,30.3700008392334,31.020000457763672,454100
2019-01-10,26.78147315979004,31.010000228881836,31.09000015258789,30.389999389648438,30.56999969482422,525100
2019-01-11,26.591472625732422,30.790000915527344,31.040000915527344,30.31999969482422,30.600000381469727,349600
2019-01-14,26.202831268310547,30.34000015258789,30.719999313354492,30.260000228881836,30.450000762939453,542700
2019-01-15,26.358287811279297,30.520000457763672,30.700000762939453,30.0,30.239999771118164,466700
2019-01-16,26.677833557128906,30.889999389648438,30.979999542236328,30.510000228881836,30.559999465942383,329200
2019-01-17,26.78147315979004,31.010000228881836,31.239999771118164,30.670000076293945,30.719999313354492,651600
2019-01-18,27.334199905395508,31.649999618530273,31.809999465942383,31.190000534057617,31.459999084472656,921800
2019-01-22,26.988746643066406,31.25,31.40999984741211,30.75,31.31999969482422,679900
2019-01-23,26.833284378051758,31.06999969482422,31.709999084472656,30.68000030517578,31.440000534057617,511300
2019-01-24,27.03192710876465,31.299999237060547,31.719999313354492,30.940000534057617,31.06999969482422,545600
2019-01-25,27.740110397338867,32.119998931884766,32.279998779296875,31.729999542236328,31.790000915527344,566000
2019-01-28,27.817838668823242,32.209999084472656,32.27000045776367,31.670000076293945,31.709999084472656,568400
2019-01-29,28.215112686157227,32.66999816894531,33.81999969482422,32.189998626708984,32.599998474121094,927800
2019-01-30,28.146024703979492,32.59000015258789,32.77000045776367,31.610000610351562,32.66999816894531,555900
2019-01-31,27.956022262573242,32.369998931884766,32.72999954223633,32.02000045776367,32.20000076293945,586800
2019-02-01,27.852388381958008,32.25,32.900001525878906,32.08000183105469,32.369998931884766,578300
2019-02-04,27.921478271484375,32.33000183105469,32.689998626708984,32.06999969482422,32.2400016784668,468800
2019-02-05,27.981931686401367,32.400001525878906,32.47999954223633,32.060001373291016,32.33000183105469,326000
2019-02-06,28.03375244140625,32.459999084472656,32.86000061035156,32.31999969482422,32.83000183105469,237900
2019-02-07,27.41192626953125,31.739999771118164,32.27000045776367,31.5,32.2400016784668,341600
2019-02-08,27.196016311645508,31.489999771118164,31.739999771118164,31.229999542236328,31.469999313354492,288700
2019-02-11,27.23920249938965,31.540000915527344,31.979999542236328,31.170000076293945,31.6200008392334,680200
2019-02-12,27.645112991333008,32.0099983215332,32.06999969482422,31.489999771118164,31.770000457763672,613400
2019-02-13,27.748748779296875,32.130001068115234,32.34000015258789,31.8799991607666,32.02000045776367,360700
2019-02-14,27.627838134765625,31.989999771118164,32.2400016784668,31.59000015258789,31.889999389648438,548300
2019-02-15,28.3273868560791,32.79999923706055,32.810001373291016,32.22999954223633,32.34000015258789,452500
2019-02-19,28.698755264282227,33.22999954223633,33.349998474121094,32.470001220703125,32.470001220703125,511000
2019-02-20,29.17375373840332,33.779998779296875,33.849998474121094,33.130001068115234,33.2400016784668,449000
2019-02-21,29.001028060913086,33.58000183105469,33.9900016784668,33.33000183105469,33.810001373291016,354300
2019-02-22,29.27739715576172,33.900001525878906,34.029998779296875,33.66999816894531,33.7400016784668,407500
2019-02-25,29.199670791625977,33.810001373291016,34.27000045776367,33.72999954223633,34.04999923706055,300800
2019-02-26,28.387840270996094,32.869998931884766,33.810001373291016,32.849998474121094,33.72999954223633,487300
2019-02-27,28.54329490661621,33.04999923706055,33.27000045776367,32.72999954223633,32.86000061035156,321800
2019-02-28,28.17193031311035,32.619998931884766,33.040000915527344,32.59000015258789,33.040000915527344,338900
2019-03-01,28.724653244018555,33.2599983215332,33.34000015258789,32.65999984741211,32.95000076293945,278900
2019-03-04,28.422386169433594,32.90999984741211,33.38999938964844,32.459999084472656,33.279998779296875,508200
2019-03-05,28.18056869506836,32.630001068115234,33.02000045776367,32.630001068115234,32.970001220703125,229800
2019-03-06,27.72283935546875,32.099998474121094,32.810001373291016,32.06999969482422,32.709999084472656,614600
2019-03-07,27.463747024536133,31.799999237060547,32.099998474121094,31.34000015258789,32.099998474121094,269000
2019-03-08,26.936925888061523,31.190000534057617,31.649999618530273,30.940000534057617,31.540000915527344,359900
2019-03-11,27.446470260620117,31.780000686645508,31.799999237060547,31.170000076293945,31.3700008392334,354400
2019-03-12,27.066469192504883,31.34000015258789,31.93000030517578,31.280000686645508,31.790000915527344,259000
2019-03-13,26.92828941345215,31.18000030517578,31.520000457763672,31.09000015258789,31.459999084472656,631400
2019-03-14,26.22868537902832,30.18000030517578,31.020000457763672,30.139999389648438,30.989999771118164,385300
2019-03-15,26.41988182067871,30.399999618530273,30.6200008392334,30.239999771118164,30.329999923706055,1180700
2019-03-18,26.802274703979492,30.84000015258789,30.860000610351562,30.229999542236328,30.43000030517578,263500
2019-03-19,26.393810272216797,30.3700008392334,31.219999313354492,30.229999542236328,31.219999313354492,571400
2019-03-20,26.263450622558594,30.219999313354492,30.700000762939453,29.979999542236328,30.350000381469727,381700
2019-03-21,26.480714797973633,30.469999313354492,30.959999084472656,30.030000686645508,30.030000686645508,944800
2019-03-22,24.855545043945312,28.600000381469727,30.170000076293945,28.59000015258789,30.170000076293945,482500
2019-03-25,24.716495513916016,28.440000534057617,28.780000686645508,28.18000030517578,28.520000457763672,574500
2019-03-26,24.968528747558594,28.729999542236328,28.979999542236328,28.309999465942383,28.719999313354492,569300
2019-03-27,25.177104949951172,28.969999313354492,29.1299991607666,28.559999465942383,28.739999771118164,322800
2019-03-28,25.429136276245117,29.260000228881836,29.459999084472656,28.959999084472656,29.110000610351562,300700
2019-03-29,25.472585678100586,29.309999465942383,29.600000381469727,29.049999237060547,29.479999542236328,467800
2019-04-01,25.854982376098633,29.75,29.979999542236328,29.34000015258789,29.3700008392334,559900
2019-04-02,25.75069808959961,29.6299991607666,29.760000228881836,29.3700008392334,29.700000762939453,558500
2019-04-03,25.854982376098633,29.75,30.010000228881836,29.600000381469727,29.809999465942383,1907700
2019-04-04,25.994033813476562,29.90999984741211,30.549999237060547,29.799999237060547,29.889999389648438,1124600
2019-04-05,26.524171829223633,30.520000457763672,30.600000381469727,29.899999618530273,29.899999618530273,1047400
2019-04-08,26.680606842041016,30.700000762939453,30.860000610351562,30.440000534057617,30.5,656500
2019-04-09,26.59369468688965,30.600000381469727,31.010000228881836,30.25,30.540000915527344,883100
2019-04-10,26.51548194885254,30.510000228881836,30.75,30.18000030517578,30.6200008392334,491400
2019-04-11,26.697982788085938,30.719999313354492,30.84000015258789,30.510000228881836,30.59000015258789,429000
2019-04-12,26.976089477539062,31.040000915527344,31.1200008392334,30.59000015258789,30.739999771118164,534800
2019-04-15,26.480714797973633,30.469999313354492,31.329999923706055,30.3700008392334,31.079999923706055,434100
2019-04-16,26.82834815979004,30.8700008392334,30.8799991607666,30.329999923706055,30.520000457763672,658300
2019-04-17,25.08150291442871,28.860000610351562,30.350000381469727,27.770000457763672,30.299999237060547,3205500
2019-04-18,24.820781707763672,28.559999465942383,29.59000015258789,28.420000076293945,29.469999313354492,1497900
2019-04-22,24.429698944091797,28.110000610351562,28.549999237060547,27.940000534057617,28.40999984741211,1052700
2019-04-23,24.438390731811523,28.1200008392334,28.440000534057617,27.59000015258789,28.100000381469727,857200
2019-04-24,23.899566650390625,27.5,28.25,27.489999771118164,28.15999984741211,2676500
2019-04-25,23.534555435180664,27.079999923706055,27.459999084472656,26.850000381469727,27.440000534057617,1125600
2019-04-26,24.090763092041016,27.719999313354492,27.81999969482422,27.0,27.229999542236328,643400
2019-04-29,24.290645599365234,27.950000762939453,28.270000457763672,27.690000534057617,27.809999465942383,554300
2019-04-30,24.0212345123291,27.639999389648438,28.079999923706055,27.40999984741211,27.979999542236328,665500
2019-05-01,23.31728172302246,26.829999923706055,27.829999923706055,26.829999923706055,27.639999389648438,753500
2019-05-02,23.117399215698242,26.600000381469727,26.979999542236328,26.350000381469727,26.809999465942383,558600
2019-05-03,24.281957626342773,27.940000534057617,27.979999542236328,26.809999465942383,26.809999465942383,800100
2019-05-06,24.2471981048584,27.899999618530273,28.360000610351562,27.280000686645508,27.440000534057617,780800
2019-05-07,23.76051139831543,27.34000015258789,27.709999084472656,27.1299991607666,27.530000686645508,615700
2019-05-08,23.5780029296875,27.1299991607666,27.389999389648438,27.030000686645508,27.170000076293945,508700
2019-05-09,23.421573638916016,26.950000762939453,27.200000762939453,26.559999465942383,26.770000457763672,633800
2019-05-10,23.282522201538086,26.790000915527344,26.84000015258789,26.020000457763672,26.829999923706055,694000
2019-05-13,22.509042739868164,25.899999618530273,26.239999771118164,25.489999771118164,26.1200008392334,703300
2019-05-14,22.865367889404297,26.309999465942383,26.329999923706055,25.8700008392334,25.969999313354492,390200
2019-05-15,23.143468856811523,26.6299991607666,26.65999984741211,25.809999465942383,25.989999771118164,781800
2019-05-16,23.230377197265625,26.729999542236328,27.06999969482422,26.68000030517578,26.829999923706055,891300
2019-05-17,22.70892906188965,26.1299991607666,26.760000228881836,26.09000015258789,26.420000076293945,556800
2019-05-20,22.16141128540039,25.5,26.040000915527344,25.43000030517578,25.8700008392334,625800
2019-05-21,22.474281311035156,25.860000610351562,25.979999542236328,25.639999389648438,25.639999389648438,780500
2019-05-22,22.4569034576416,25.84000015258789,26.0,25.450000762939453,25.780000686645508,647400
2019-05-23,21.90938377380371,25.209999084472656,25.579999923706055,25.06999969482422,25.440000534057617,472300
2019-05-24,21.918075561523438,25.219999313354492,25.59000015258789,25.010000228881836,25.43000030517578,309800
2019-05-28,21.648658752441406,24.90999984741211,25.34000015258789,24.8700008392334,25.34000015258789,501000
2019-05-29,21.822473526000977,25.110000610351562,25.139999389648438,24.469999313354492,24.649999618530273,804300
2019-05-30,22.083200454711914,25.40999984741211,25.6299991607666,25.15999984741211,25.15999984741211,654100
2019-05-31,21.839859008789062,25.1299991607666,25.959999084472656,25.110000610351562,25.799999237060547,619300
2019-06-03,21.970216751098633,25.280000686645508,25.770000457763672,25.149999618530273,25.149999618530273,834400
2019-06-04,22.995723724365234,26.459999084472656,26.5,25.600000381469727,25.600000381469727,796800
2019-06-05,23.143468856811523,26.6299991607666,26.649999618530273,25.860000610351562,26.549999237060547,622600
2019-06-06,23.02179718017578,26.489999771118164,26.860000610351562,26.290000915527344,26.59000015258789,426700
2019-06-07,23.143468856811523,26.6299991607666,26.760000228881836,26.1299991607666,26.739999771118164,809400
2019-06-10,23.50847816467285,27.049999237060547,27.43000030517578,26.6200008392334,26.6200008392334,763900
2019-06-11,25.74200439453125,29.6200008392334,30.760000228881836,29.170000076293945,30.760000228881836,1603100
2019-06-12,25.429136276245117,29.260000228881836,29.549999237060547,28.639999389648438,29.549999237060547,736400
2019-06-13,25.800968170166016,29.489999771118164,29.5,28.950000762939453,29.190000534057617,541300
2019-06-14,25.092296600341797,28.68000030517578,29.3700008392334,28.639999389648438,29.31999969482422,542900
2019-06-17,24.768585205078125,28.309999465942383,28.690000534057617,28.290000915527344,28.65999984741211,640300
2019-06-18,25.687238693237305,29.360000610351562,29.610000610351562,28.6299991607666,28.6299991607666,671100
2019-06-19,25.494754791259766,29.139999389648438,29.469999313354492,28.889999389648438,29.309999465942383,560000
2019-06-20,25.95845603942871,29.670000076293945,29.690000534057617,29.360000610351562,29.549999237060547,673600
2019-06-21,25.870962142944336,29.56999969482422,29.850000381469727,29.200000762939453,29.649999618530273,764700
2019-06-24,25.284778594970703,28.899999618530273,29.559999465942383,28.799999237060547,29.559999465942383,406800
2019-06-25,25.590988159179688,29.25,29.40999984741211,28.760000228881836,29.040000915527344,423900
2019-06-26,25.862211227416992,29.559999465942383,29.729999542236328,29.309999465942383,29.309999465942383,305800
2019-06-27,26.632137298583984,30.440000534057617,30.65999984741211,29.56999969482422,29.690000534057617,935600
2019-06-28,27.463294982910156,31.389999389648438,31.450000762939453,30.139999389648438,30.469999313354492,2165000
2019-07-01,27.078338623046875,30.950000762939453,31.75,30.809999465942383,31.549999237060547,902500
2019-07-02,27.192073822021484,31.079999923706055,31.110000610351562,30.639999389648438,30.989999771118164,534300
2019-07-03,26.929601669311523,30.780000686645508,31.209999084472656,30.690000534057617,31.209999084472656,311200
2019-07-05,27.09583282470703,30.969999313354492,30.969999313354492,30.31999969482422,30.450000762939453,221300
2019-07-08,26.71962547302246,30.540000915527344,30.959999084472656,30.31999969482422,30.770000457763672,358000
2019-07-09,26.40465545654297,30.18000030517578,30.34000015258789,29.790000915527344,30.280000686645508,410400
2019-07-10,26.273422241210938,30.030000686645508,30.579999923706055,29.899999618530273,30.450000762939453,250300
2019-07-11,25.88846778869629,29.59000015258789,30.18000030517578,29.3799991607666,30.020000457763672,415600
2019-07-12,26.535892486572266,30.329999923706055,30.479999542236328,29.6200008392334,29.729999542236328,230300
2019-07-15,26.439653396606445,30.219999313354492,30.56999969482422,29.889999389648438,30.450000762939453,233500
2019-07-16,26.66712760925293,30.479999542236328,30.729999542236328,30.0,30.1200008392334,227700
2019-07-17,26.41340446472168,30.190000534057617,30.6299991607666,29.989999771118164,30.6299991607666,350100
2019-07-18,26.614633560180664,30.420000076293945,30.549999237060547,29.979999542236328,30.1299991607666,296100
2019-07-19,26.60588264465332,30.40999984741211,30.700000762939453,30.209999084472656,30.40999984741211,337500
2019-07-22,26.640878677368164,30.450000762939453,31.459999084472656,30.3700008392334,31.25,459100
2019-07-23,27.340808868408203,31.25,31.309999465942383,30.600000381469727,30.610000610351562,574500
2019-07-24,27.891996383666992,31.8799991607666,31.920000076293945,30.84000015258789,30.940000534057617,592400
2019-07-25,28.863142013549805,32.9900016784668,34.20000076293945,32.15999984741211,32.369998931884766,995700
2019-07-26,28.180715560913086,32.209999084472656,33.08000183105469,31.889999389648438,33.08000183105469,927200
2019-07-29,28.276954650878906,32.31999969482422,32.43000030517578,31.93000030517578,32.16999816894531,851200
2019-07-30,28.941883087158203,33.08000183105469,33.119998931884766,31.829999923706055,32.0099983215332,732100
2019-07-31,28.670665740966797,32.77000045776367,33.439998626708984,32.29999923706055,33.040000915527344,842800
2019-08-01,27.708263397216797,31.670000076293945,33.040000915527344,31.440000534057617,32.63999938964844,543900
2019-08-02,27.437047958374023,31.360000610351562,31.469999313354492,30.760000228881836,31.34000015258789,363700
2019-08-05,26.457151412963867,30.239999771118164,30.989999771118164,29.8799991607666,30.729999542236328,558000
2019-08-06,26.789615631103516,30.6200008392334,30.690000534057617,29.93000030517578,30.3799991607666,302700
2019-08-07,27.22707176208496,31.1200008392334,31.149999618530273,30.100000381469727,30.190000534057617,500800
2019-08-08,27.996986389160156,32.0,32.150001525878906,31.489999771118164,31.510000228881836,533900
2019-08-09,27.39330291748047,31.309999465942383,31.829999923706055,31.0,31.770000457763672,297800
2019-08-12,27.0433406829834,30.90999984741211,31.15999984741211,30.649999618530273,31.049999237060547,269700
2019-08-13,27.40204429626465,31.31999969482422,31.809999465942383,30.700000762939453,30.75,467300
2019-08-14,25.9759521484375,29.690000534057617,30.81999969482422,29.649999618530273,30.639999389648438,515400
2019-08-15,26.439653396606445,30.219999313354492,30.34000015258789,29.600000381469727,29.90999984741211,368400
2019-08-16,27.15707778930664,31.040000915527344,31.15999984741211,30.260000228881836,30.469999313354492,260400
2019-08-19,28.259456634521484,32.29999923706055,32.849998474121094,29.600000381469727,32.08000183105469,869000
2019-08-20,27.699520111083984,31.65999984741211,32.189998626708984,31.5,32.02000045776367,615000
2019-08-21,28.59192657470703,32.68000030517578,32.83000183105469,31.940000534057617,32.060001373291016,560400
2019-08-22,28.23320960998535,32.27000045776367,32.95000076293945,32.22999954223633,32.68000030517578,530100
2019-08-23,26.815858840942383,30.649999618530273,32.04999923706055,30.540000915527344,32.0099983215332,579100
2019-08-26,26.9908447265625,30.850000381469727,31.149999618530273,30.56999969482422,31.100000381469727,621800
2019-08-27,26.90335464477539,30.75,31.459999084472656,30.690000534057617,31.229999542236328,485800
2019-08-28,27.15707778930664,31.040000915527344,31.219999313354492,30.389999389648438,30.690000534057617,572700
2019-08-29,28.1107234954834,32.130001068115234,32.13999938964844,31.479999542236328,31.559999465942383,279000
2019-08-30,28.005735397338867,32.0099983215332,32.560001373291016,31.850000381469727,32.459999084472656,403200
2019-09-03,27.638275146484375,31.59000015258789,31.969999313354492,31.079999923706055,31.8799991607666,331300
2019-09-04,27.996986389160156,32.0,32.369998931884766,31.719999313354492,32.09000015258789,319500
2019-09-05,28.889389038085938,33.02000045776367,33.380001068115234,32.45000076293945,32.5,310700
2019-09-06,28.43444061279297,32.5,33.25,32.4900016784668,33.06999969482422,275200
2019-09-09,29.370586395263672,33.56999969482422,33.7400016784668,32.599998474121094,32.650001525878906,357300
2019-09-10,29.738052368164062,33.9900016784668,34.060001373291016,33.40999984741211,33.630001068115234,549800
2019-09-11,30.6217041015625,35.0,35.189998626708984,33.58000183105469,34.15999984741211,913300
2019-09-12,30.2653865814209,34.400001525878906,35.119998931884766,34.209999084472656,34.95000076293945,687700
2019-09-13,30.75807762145996,34.959999084472656,35.29999923706055,34.68000030517578,34.9900016784668,536700
2019-09-16,29.605527877807617,33.650001525878906,34.66999816894531,33.52000045776367,34.540000915527344,753400
2019-09-17,28.9544677734375,32.90999984741211,33.470001220703125,32.56999969482422,33.349998474121094,572100
2019-09-18,28.681726455688477,32.599998474121094,32.91999816894531,32.279998779296875,32.81999969482422,509900
2019-09-19,28.901676177978516,32.849998474121094,33.470001220703125,32.689998626708984,32.689998626708984,534600
2019-09-20,27.766725540161133,31.559999465942383,32.849998474121094,31.229999542236328,32.849998474121094,1311600
2019-09-23,28.233022689819336,32.09000015258789,32.47999954223633,30.889999389648438,31.270000457763672,477000
2019-09-24,27.801918029785156,31.600000381469727,32.38999938964844,31.360000610351562,31.90999984741211,516600
2019-09-25,28.611347198486328,32.52000045776367,32.66999816894531,31.639999389648438,31.639999389648438,474400
2019-09-26,28.356197357177734,32.22999954223633,32.459999084472656,31.969999313354492,32.36000061035156,280100
2019-09-27,28.664134979248047,32.58000183105469,32.959999084472656,32.119998931884766,32.31999969482422,842900
2019-09-30,28.725719451904297,32.650001525878906,32.88999938964844,32.06999969482422,32.65999984741211,392900
2019-10-01,27.67874526977539,31.459999084472656,33.41999816894531,31.450000762939453,32.939998626708984,416400
2019-10-02,27.15085792541504,30.860000610351562,31.139999389648438,30.31999969482422,31.1299991607666,529000
2019-10-03,27.48518943786621,31.239999771118164,31.25,30.239999771118164,30.729999542236328,741900
2019-10-04,28.312206268310547,32.18000030517578,32.2400016784668,31.280000686645508,31.31999969482422,263400
2019-10-07,28.04826545715332,31.8799991607666,32.34000015258789,31.459999084472656,31.989999771118164,345700
2019-10-08,26.87812042236328,30.549999237060547,31.450000762939453,30.540000915527344,31.440000534057617,480700
2019-10-09,27.41480255126953,31.15999984741211,31.270000457763672,30.690000534057617,30.969999313354492,267200
2019-10-10,27.203655242919922,30.920000076293945,31.440000534057617,30.6200008392334,31.260000228881836,544200
2019-10-11,28.804906845092773,32.7400016784668,33.04999923706055,31.75,31.75,472200
2019-10-14,28.479373931884766,32.369998931884766,32.63999938964844,32.15999984741211,32.400001525878906,232800
2019-10-15,28.89287567138672,32.84000015258789,33.290000915527344,32.369998931884766,32.5099983215332,395300
2019-10-16,28.05706024169922,31.889999389648438,33.11000061035156,31.850000381469727,32.54999923706055,659300
2019-10-17,27.969083786010742,31.790000915527344,32.2400016784668,31.530000686645508,32.099998474121094,421400
2019-10-18,27.942686080932617,31.760000228881836,32.11000061035156,31.600000381469727,31.610000610351562,318500
2019-10-21,27.898696899414062,31.709999084472656,32.47999954223633,31.56999969482422,32.040000915527344,564400
2019-10-22,28.901676177978516,32.849998474121094,33.52000045776367,31.5,31.75,865400
2019-10-23,28.743314743041992,32.66999816894531,33.099998474121094,31.850000381469727,32.849998474121094,896600
2019-10-24,28.400182723999023,32.279998779296875,33.099998474121094,31.899999618530273,32.900001525878906,409000
2019-10-25,28.338600158691406,32.209999084472656,32.66999816894531,31.950000762939453,32.130001068115234,343100
2019-10-28,28.28581428527832,32.150001525878906,32.90999984741211,32.130001068115234,32.400001525878906,415400
2019-10-29,28.822494506835938,32.7599983215332,32.84000015258789,31.889999389648438,31.889999389648438,432300
2019-10-30,28.655332565307617,32.56999969482422,32.7599983215332,32.22999954223633,32.599998474121094,454400
2019-10-31,28.197832107543945,32.04999923706055,32.4900016784668,31.579999923706055,32.34000015258789,482900
2019-11-01,29.051246643066406,33.02000045776367,33.13999938964844,32.060001373291016,32.290000915527344,356400
2019-11-04,29.464759826660156,33.4900016784668,33.619998931884766,32.95000076293945,33.43000030517578,381000
2019-11-05,29.174419403076172,33.15999984741211,34.13999938964844,33.04999923706055,33.70000076293945,391800
2019-11-06,28.743314743041992,32.66999816894531,33.08000183105469,32.54999923706055,33.040000915527344,472000
2019-11-07,29.455957412719727,33.47999954223633,33.5099983215332,33.0,33.0099983215332,313900
2019-11-08,29.455957412719727,33.47999954223633,33.77000045776367,33.09000015258789,33.38999938964844,230500
2019-11-11,29.385574340820312,33.400001525878906,33.54999923706055,32.83000183105469,33.060001373291016,219100
2019-11-12,29.58793067932129,33.630001068115234,33.869998931884766,33.220001220703125,33.52000045776367,282000
2019-11-13,28.49696922302246,32.38999938964844,33.22999954223633,32.369998931884766,33.22999954223633,446000
2019-11-14,28.91927146911621,32.869998931884766,33.02000045776367,32.31999969482422,32.31999969482422,428900
2019-11-15,28.822494506835938,32.7599983215332,33.2599983215332,32.7400016784668,33.209999084472656,664200
2019-11-18,28.857685089111328,32.79999923706055,33.02000045776367,32.5099983215332,32.58000183105469,336800
2019-11-19,28.831295013427734,32.77000045776367,33.0099983215332,32.54999923706055,33.0,294700
2019-11-20,28.04826545715332,31.8799991607666,32.709999084472656,31.81999969482422,32.540000915527344,468100
2019-11-21,27.828310012817383,31.6299991607666,31.959999084472656,31.5,31.940000534057617,190400
2019-11-22,28.013071060180664,31.84000015258789,32.16999816894531,31.65999984741211,31.829999923706055,414500
2019-11-25,28.347400665283203,32.220001220703125,32.5099983215332,31.829999923706055,32.08000183105469,425300
2019-11-26,28.197832107543945,32.04999923706055,32.45000076293945,31.790000915527344,32.16999816894531,299200
2019-11-27,28.206632614135742,32.060001373291016,32.290000915527344,31.809999465942383,32.119998931884766,176600
2019-11-29,27.740327835083008,31.530000686645508,31.860000610351562,31.5,31.860000610351562,88300
2019-12-02,27.29163360595703,31.020000457763672,31.850000381469727,30.920000076293945,31.690000534057617,513000
2019-12-03,27.133264541625977,30.84000015258789,30.940000534057617,30.219999313354492,30.579999923706055,324900
2019-12-04,27.19485092163086,30.90999984741211,31.530000686645508,30.8799991607666,31.1200008392334,272900
2019-12-05,27.256439208984375,30.979999542236328,31.200000762939453,30.56999969482422,31.010000228881836,453300
2019-12-06,27.493989944458008,31.25,31.770000457763672,31.229999542236328,31.469999313354492,499200
2019-12-09,27.397207260131836,31.139999389648438,31.549999237060547,31.010000228881836,31.170000076293945,447300
2019-12-10,27.397207260131836,31.139999389648438,31.40999984741211,30.940000534057617,31.18000030517578,272400
2019-12-11,27.397207260131836,31.139999389648438,31.540000915527344,30.81999969482422,31.239999771118164,348000
2019-12-12,28.188034057617188,31.829999923706055,31.93000030517578,30.690000534057617,30.90999984741211,387200
2019-12-13,27.568124771118164,31.1299991607666,31.979999542236328,31.059999465942383,31.729999542236328,554600
2019-12-16,27.913501739501953,31.520000457763672,31.93000030517578,31.290000915527344,31.510000228881836,621600
2019-12-17,28.719377517700195,32.43000030517578,32.4900016784668,31.43000030517578,31.56999969482422,527300
2019-12-18,28.79022216796875,32.5099983215332,32.58000183105469,32.040000915527344,32.47999954223633,381900
2019-12-19,31.854333877563477,35.970001220703125,36.040000915527344,33.220001220703125,33.45000076293945,1625100
2019-12-20,32.81077194213867,37.04999923706055,37.119998931884766,35.81999969482422,36.189998626708984,1728000
2019-12-23,32.943603515625,37.20000076293945,37.209999084472656,36.45000076293945,37.0,618000
2019-12-24,32.77534484863281,37.0099983215332,37.33000183105469,36.93000030517578,37.22999954223633,217100
2019-12-26,32.74876403808594,36.97999954223633,37.099998474121094,36.81999969482422,36.9900016784668,485800
2019-12-27,32.607078552246094,36.81999969482422,37.279998779296875,36.790000915527344,37.220001220703125,632200
2019-12-30,32.71334457397461,36.939998626708984,37.11000061035156,36.689998626708984,36.84000015258789,745300
2019-12-31,32.58051300048828,36.790000915527344,37.27000045776367,36.7400016784668,36.7400016784668,621500
2020-01-02,32.5716552734375,36.779998779296875,37.119998931884766,36.130001068115234,37.119998931884766,539700
2020-01-03,31.384977340698242,35.439998626708984,36.150001525878906,35.43000030517578,35.95000076293945,749300
2020-01-06,31.296417236328125,35.34000015258789,35.58000183105469,34.880001068115234,35.0,505300
2020-01-07,31.10159683227539,35.119998931884766,35.560001373291016,34.9900016784668,35.119998931884766,669700
2020-01-08,30.93333625793457,34.93000030517578,35.16999816894531,34.47999954223633,35.040000915527344,745400
2020-01-09,31.048458099365234,35.060001373291016,35.22999954223633,34.7599983215332,35.040000915527344,432300
2020-01-10,30.897912979125977,34.88999938964844,35.40999984741211,34.790000915527344,34.9900016784668,504100
2020-01-13,30.90676498413086,34.900001525878906,35.16999816894531,34.83000183105469,35.11000061035156,714700
2020-01-14,31.615230560302734,35.70000076293945,35.90999984741211,35.20000076293945,35.83000183105469,530900
2020-01-15,31.756919860839844,35.86000061035156,35.959999084472656,35.349998474121094,35.439998626708984,422800
2020-01-16,32.53623962402344,36.7400016784668,36.7599983215332,36.0099983215332,36.15999984741211,465300
2020-01-17,32.42110824584961,36.61000061035156,36.91999816894531,36.34000015258789,36.83000183105469,918100
2020-01-21,31.71263885498047,35.810001373291016,36.40999984741211,35.79999923706055,36.40999984741211,334900
2020-01-22,31.60637664794922,35.689998626708984,35.970001220703125,35.38999938964844,35.93000030517578,288300
2020-01-23,31.44696044921875,35.5099983215332,35.650001525878906,34.63999938964844,35.349998474121094,452300
2020-01-24,30.649946212768555,34.61000061035156,35.59000015258789,34.529998779296875,35.59000015258789,294700
2020-01-27,30.00347328186035,33.880001068115234,34.349998474121094,33.560001373291016,33.650001525878906,775900
2020-01-28,31.632938385009766,35.720001220703125,36.15999984741211,34.099998474121094,34.630001068115234,1018100
2020-01-29,31.526670455932617,35.599998474121094,36.95000076293945,35.47999954223633,35.88999938964844,766200
2020-01-30,30.419694900512695,34.349998474121094,35.060001373291016,33.83000183105469,34.599998474121094,1189700
2020-01-31,29.38356590270996,33.18000030517578,33.4900016784668,32.61000061035156,33.20000076293945,10292800
2020-02-03,30.11859893798828,34.0099983215332,34.029998779296875,33.27000045776367,33.5,3206000
2020-02-04,30.508256912231445,34.45000076293945,34.970001220703125,34.209999084472656,34.369998931884766,3456800
2020-02-05,30.552532196044922,34.5,34.959999084472656,34.029998779296875,34.959999084472656,1027700
2020-02-06,28.949626922607422,32.689998626708984,34.63999938964844,32.650001525878906,34.630001068115234,1170900
2020-02-07,28.462560653686523,32.13999938964844,32.689998626708984,31.90999984741211,32.540000915527344,1805600
2020-02-10,27.87807846069336,31.479999542236328,32.209999084472656,31.1200008392334,32.209999084472656,765300
2020-02-11,28.258878707885742,31.90999984741211,31.969999313354492,31.06999969482422,31.719999313354492,1116600
2020-02-12,28.32086944580078,31.979999542236328,32.36000061035156,31.760000228881836,32.25,753900
2020-02-13,28.179176330566406,31.81999969482422,32.150001525878906,31.59000015258789,31.780000686645508,385900
2020-02-14,27.886934280395508,31.489999771118164,31.8799991607666,31.170000076293945,31.690000534057617,810200
2020-02-18,27.479570388793945,31.030000686645508,31.549999237060547,30.969999313354492,31.360000610351562,610000
2020-02-19,27.52384376525879,31.079999923706055,31.3799991607666,30.969999313354492,31.280000686645508,688900
2020-02-20,27.47071075439453,31.020000457763672,31.389999389648438,30.719999313354492,30.920000076293945,659200
2020-02-21,26.21319007873535,29.600000381469727,30.799999237060547,29.549999237060547,30.799999237060547,1004000
2020-02-24,25.150489807128906,28.399999618530273,28.75,27.8700008392334,28.5,1433200
2020-02-25,23.033954620361328,26.010000228881836,28.6200008392334,25.700000762939453,28.6200008392334,2199900
2020-02-26,22.8214168548584,25.770000457763672,26.59000015258789,25.639999389648438,26.270000457763672,1122400
2020-02-27,21.608169555664062,24.399999618530273,25.5,24.329999923706055,25.0,1596600
2020-02-28,21.926977157592773,24.760000228881836,24.780000686645508,23.299999237060547,23.299999237060547,1790500
2020-03-02,22.2369327545166,25.110000610351562,25.139999389648438,23.899999618530273,24.959999084472656,1090100
2020-03-03,21.448760986328125,24.219999313354492,25.559999465942383,23.75,24.90999984741211,1142000
2020-03-04,22.396333694458008,25.290000915527344,25.43000030517578,24.459999084472656,24.690000534057617,939600
2020-03-05,21.652450561523438,24.450000762939453,24.950000762939453,23.670000076293945,24.459999084472656,1147600
2020-03-06,20.651744842529297,23.31999969482422,24.299999237060547,22.790000915527344,23.260000228881836,767500
2020-03-09,18.747739791870117,21.170000076293945,21.790000915527344,20.6299991607666,21.219999313354492,960400
2020-03-10,19.553619384765625,22.079999923706055,22.329999923706055,20.18000030517578,22.219999313354492,755300
2020-03-11,17.853307723999023,20.15999984741211,21.65999984741211,19.670000076293945,21.229999542236328,768500
2020-03-12,15.28512191772461,17.260000228881836,18.610000610351562,17.170000076293945,18.350000381469727,1031800
2020-03-13,16.73747444152832,18.899999618530273,18.93000030517578,16.8799991607666,18.700000762939453,1074700
2020-03-16,13.678589820861816,15.279999732971191,17.75,15.029999732971191,16.149999618530273,1499100
2020-03-17,13.383177757263184,14.949999809265137,15.720000267028809,12.890000343322754,15.720000267028809,2811400
2020-03-18,9.06833267211914,10.130000114440918,14.40999984741211,8.6899995803833,13.979999542236328,2644400
2020-03-19,11.968766212463379,13.369999885559082,14.079999923706055,9.729999542236328,10.3100004196167,2330700
2020-03-20,13.04300308227539,14.569999694824219,16.25,13.130000114440918,13.130000114440918,3886300
2020-03-23,13.624879837036133,15.220000267028809,16.170000076293945,14.380000114440918,14.539999961853027,2438800
2020-03-24,15.101953506469727,16.8700008392334,17.239999771118164,15.670000076293945,16.190000534057617,1799900
2020-03-25,15.85391616821289,17.709999084472656,18.979999542236328,16.399999618530273,17.0,1592800
2020-03-26,16.910247802734375,18.889999389648438,19.799999237060547,17.809999465942383,17.959999084472656,1156200
2020-03-27,15.719640731811523,17.559999465942383,18.43000030517578,17.25,17.690000534057617,907700
2020-03-30,16.74015998840332,18.700000762939453,18.8700008392334,16.700000762939453,17.670000076293945,1328100
2020-03-31,16.981861114501953,18.969999313354492,19.43000030517578,18.700000762939453,18.790000915527344,1501000
2020-04-01,15.83601188659668,17.690000534057617,18.510000228881836,17.139999389648438,18.510000228881836,1459800
2020-04-02,16.185136795043945,18.079999923706055,18.290000915527344,17.270000457763672,17.639999389648438,1261900
2020-04-03,15.728584289550781,17.56999969482422,18.420000076293945,17.079999923706055,18.020000457763672,1296400
2020-04-06,17.268327713012695,19.290000915527344,19.649999618530273,18.56999969482422,18.899999618530273,977500
2020-04-07,17.339941024780273,19.3700008392334,20.899999618530273,19.1299991607666,20.40999984741211,1164600
2020-04-08,18.37837028503418,20.530000686645508,20.6200008392334,19.239999771118164,19.440000534057617,1062700
2020-04-09,19.47050666809082,21.75,22.309999465942383,21.059999465942383,21.34000015258789,974300
2020-04-13,18.78120231628418,20.979999542236328,21.68000030517578,20.639999389648438,21.5,778100
2020-04-14,18.83492088317871,21.040000915527344,21.979999542236328,20.799999237060547,21.649999618530273,701400
2020-04-15,17.59058952331543,19.649999618530273,20.030000686645508,19.260000228881836,19.899999618530273,1080900
2020-04-16,17.286230087280273,19.309999465942383,19.920000076293945,18.139999389648438,19.790000915527344,1237800
2020-04-17,18.476839065551758,20.639999389648438,21.1200008392334,19.979999542236328,19.979999542236328,1491100
2020-04-20,17.474220275878906,19.520000457763672,20.25,19.280000686645508,19.8700008392334,878300
2020-04-21,17.850204467773438,19.940000534057617,20.8700008392334,18.81999969482422,20.3700008392334,1125500
2020-04-22,17.796489715576172,19.8799991607666,20.530000686645508,19.5,20.43000030517578,1006100
2020-04-23,19.237760543823242,21.489999771118164,21.81999969482422,19.959999084472656,19.989999771118164,1180600
2020-04-24,19.02290916442871,21.25,21.93000030517578,20.93000030517578,21.59000015258789,1092000
2020-04-27,19.90019989013672,22.229999542236328,22.479999542236328,21.170000076293945,21.25,644600
2020-04-28,19.998676300048828,22.34000015258789,23.530000686645508,22.15999984741211,23.079999923706055,711500
2020-04-29,21.824872970581055,24.3799991607666,24.530000686645508,22.989999771118164,23.309999465942383,911200
2020-04-30,20.849111557006836,23.290000915527344,23.6200008392334,23.18000030517578,23.610000610351562,1062200
2020-05-01,19.92705535888672,22.260000228881836,22.809999465942383,21.729999542236328,22.43000030517578,834500
2020-05-04,19.70325469970703,22.010000228881836,22.3700008392334,21.350000381469727,21.75,504700
2020-05-05,19.774871826171875,22.09000015258789,23.06999969482422,22.030000686645508,22.579999923706055,476700
2020-05-06,19.2467098236084,21.5,22.299999237060547,21.440000534057617,22.15999984741211,531100
2020-05-07,19.4078426361084,21.68000030517578,22.329999923706055,21.399999618530273,22.079999923706055,556100
2020-05-08,20.464176177978516,22.860000610351562,22.889999389648438,21.920000076293945,22.06999969482422,494900
2020-05-11,20.195615768432617,22.559999465942383,22.649999618530273,21.34000015258789,22.270000457763672,911900
2020-05-12,19.273563385009766,21.530000686645508,22.940000534057617,21.530000686645508,22.649999618530273,498600
2020-05-13,18.315704345703125,20.459999084472656,21.350000381469727,20.030000686645508,21.229999542236328,575700
2020-05-14,18.852821350097656,21.059999465942383,21.239999771118164,19.100000381469727,19.829999923706055,597800
2020-05-15,19.01395606994629,21.239999771118164,21.729999542236328,20.760000228881836,21.030000686645508,423900
2020-05-18,21.02814292907715,23.489999771118164,23.709999084472656,22.450000762939453,22.5,961600
2020-05-19,20.11504364013672,22.469999313354492,23.600000381469727,22.469999313354492,23.139999389648438,795500
2020-05-20,21.046049118041992,23.510000228881836,23.639999389648438,22.920000076293945,23.06999969482422,500900
2020-05-21,21.422035217285156,23.93000030517578,24.229999542236328,23.219999313354492,23.270000457763672,999400
2020-05-22,21.57421875,24.100000381469727,24.389999389648438,23.34000015258789,24.190000534057617,747500
2020-05-26,21.780113220214844,24.329999923706055,25.670000076293945,24.149999618530273,25.15999984741211,972900
2020-05-27,23.078144073486328,25.780000686645508,25.989999771118164,24.860000610351562,25.059999465942383,1024500
2020-05-28,22.15609359741211,24.75,26.3700008392334,24.56999969482422,26.3700008392334,785800
2020-05-29,22.182950973510742,24.780000686645508,25.040000915527344,24.25,24.450000762939453,830100
2020-06-01,22.908058166503906,25.59000015258789,25.719999313354492,24.700000762939453,24.90999984741211,743900
2020-06-02,23.982295989990234,26.790000915527344,26.860000610351562,25.459999084472656,25.760000228881836,1072700
2020-06-03,24.519412994384766,27.389999389648438,28.469999313354492,27.34000015258789,27.399999618530273,1039100
2020-06-04,24.725303649902344,27.6200008392334,27.649999618530273,26.579999923706055,26.889999389648438,606500
2020-06-05,25.826398849487305,28.850000381469727,29.760000228881836,28.81999969482422,28.84000015258789,812100
2020-06-08,26.211332321166992,29.280000686645508,29.969999313354492,29.209999084472656,29.329999923706055,767500
2020-06-09,25.656307220458984,28.65999984741211,29.079999923706055,28.18000030517578,28.549999237060547,500700
2020-06-10,24.671594619750977,27.559999465942383,28.709999084472656,27.34000015258789,28.540000915527344,886100
2020-06-11,22.500869750976562,24.950000762939453,26.280000686645508,24.34000015258789,25.979999542236328,939200
2020-06-12,23.357614517211914,25.899999618530273,26.540000915527344,25.219999313354492,26.290000915527344,781000
2020-06-15,23.474849700927734,26.030000686645508,26.219999313354492,24.5,24.639999389648438,874300
2020-06-16,23.58307647705078,26.149999618530273,27.360000610351562,25.68000030517578,27.360000610351562,1258100
2020-06-17,23.069026947021484,25.579999923706055,26.450000762939453,25.56999969482422,26.299999237060547,808900
2020-06-18,22.870620727539062,25.360000610351562,25.93000030517578,24.90999984741211,25.290000915527344,592600
2020-06-19,22.230316162109375,24.649999618530273,25.75,24.549999237060547,25.239999771118164,1725300
2020-06-22,22.302461624145508,24.729999542236328,24.90999984741211,24.06999969482422,24.639999389648438,632900
2020-06-23,22.275405883789062,24.700000762939453,25.440000534057617,24.459999084472656,25.360000610351562,739700
2020-06-24,21.4637508392334,23.799999237060547,24.3700008392334,23.59000015258789,24.260000228881836,536100
2020-06-25,22.464792251586914,24.90999984741211,24.940000534057617,23.3799991607666,23.579999923706055,857500
2020-06-26,22.717308044433594,25.190000534057617,25.3700008392334,24.25,24.610000610351562,2863100
2020-06-29,23.456817626953125,26.010000228881836,26.010000228881836,25.459999084472656,25.690000534057617,948000
2020-06-30,23.655221939086914,26.229999542236328,26.440000534057617,25.549999237060547,25.729999542236328,762000
2020-07-01,22.960805892944336,25.459999084472656,26.579999923706055,25.3700008392334,26.219999313354492,485600
2020-07-02,23.574058532714844,26.139999389648438,26.959999084472656,26.0,26.219999313354492,637900
2020-07-06,24.088104248046875,26.709999084472656,26.950000762939453,26.06999969482422,26.950000762939453,533700
2020-07-07,23.51994514465332,26.079999923706055,26.75,26.010000228881836,26.190000534057617,530000
2020-07-08,22.99688148498535,25.5,26.100000381469727,25.09000015258789,25.8799991607666,641000
2020-07-09,21.95977020263672,24.350000381469727,25.520000457763672,24.06999969482422,25.5,503600
2020-07-10,22.91571807861328,25.40999984741211,25.450000762939453,24.440000534057617,24.540000915527344,370700
2020-07-13,22.825529098510742,25.309999465942383,26.690000534057617,24.81999969482422,26.690000534057617,319100
2020-07-14,22.753385543823242,25.229999542236328,25.360000610351562,24.700000762939453,25.229999542236328,630100
2020-07-15,23.754425048828125,26.34000015258789,26.59000015258789,25.93000030517578,26.170000076293945,816300
2020-07-16,23.366636276245117,25.90999984741211,26.209999084472656,25.68000030517578,26.209999084472656,382700
2020-07-17,23.59209632873535,26.15999984741211,26.579999923706055,25.799999237060547,26.079999923706055,899900
2020-07-20,23.069026947021484,25.579999923706055,26.059999465942383,25.25,26.049999237060547,469600
2020-07-21,23.204301834106445,25.729999542236328,26.219999313354492,25.479999542236328,25.790000915527344,644100
2020-07-22,23.565034866333008,26.1299991607666,26.489999771118164,24.920000076293945,25.329999923706055,964800
2020-07-23,22.699270248413086,25.170000076293945,25.979999542236328,24.760000228881836,25.809999465942383,809500
2020-07-24,22.33854103088379,24.770000457763672,25.100000381469727,24.440000534057617,25.049999237060547,391700
2020-07-27,22.960805892944336,25.459999084472656,25.479999542236328,24.540000915527344,24.719999313354492,509200
2020-07-28,22.113079071044922,24.520000457763672,25.440000534057617,24.5,25.239999771118164,383800
2020-07-29,22.762409210205078,25.239999771118164,25.260000228881836,24.399999618530273,24.440000534057617,265200
2020-07-30,21.797435760498047,24.170000076293945,24.969999313354492,23.75,24.649999618530273,444600
2020-07-31,21.553936004638672,23.899999618530273,24.020000457763672,23.219999313354492,24.020000457763672,531100
2020-08-03,21.824493408203125,24.200000762939453,24.530000686645508,23.729999542236328,24.219999313354492,464500
2020-08-04,22.031911849975586,24.43000030517578,24.530000686645508,23.8799991607666,23.969999313354492,353300
2020-08-05,22.482831954956055,24.93000030517578,25.100000381469727,24.690000534057617,24.899999618530273,346900
2020-08-06,22.302461624145508,24.729999542236328,24.989999771118164,24.6200008392334,24.989999771118164,364100
2020-08-07,23.3305606842041,25.8700008392334,25.899999618530273,24.360000610351562,24.59000015258789,568300
2020-08-10,24.024974822998047,26.639999389648438,26.8799991607666,25.690000534057617,25.690000534057617,607100
2020-08-11,24.54804229736328,27.219999313354492,28.0,26.889999389648438,27.0,616100
2020-08-12,24.54804229736328,27.219999313354492,27.829999923706055,26.8799991607666,27.770000457763672,497800
2020-08-13,23.907737731933594,26.510000228881836,27.110000610351562,26.219999313354492,26.950000762939453,354800
2020-08-14,23.664236068725586,26.239999771118164,26.489999771118164,25.15999984741211,26.200000762939453,278600
2020-08-17,23.429765701293945,25.979999542236328,26.59000015258789,25.81999969482422,26.469999313354492,580200
2020-08-18,23.18626594543457,25.709999084472656,26.139999389648438,25.600000381469727,26.1299991607666,256700
2020-08-19,23.42074203491211,25.969999313354492,26.3700008392334,25.6299991607666,26.06999969482422,336900
2020-08-20,23.52896499633789,26.09000015258789,26.200000762939453,25.479999542236328,25.649999618530273,392600
2020-08-21,23.38467025756836,25.93000030517578,26.09000015258789,25.600000381469727,25.770000457763672,430900
2020-08-24,24.448841094970703,27.110000610351562,27.1200008392334,25.889999389648438,26.31999969482422,424100
2020-08-25,24.106142044067383,26.729999542236328,27.6200008392334,26.1299991607666,27.270000457763672,581900
2020-08-26,23.438783645629883,25.989999771118164,26.610000610351562,25.739999771118164,26.600000381469727,349100
2020-08-27,23.8536319732666,26.450000762939453,26.950000762939453,26.100000381469727,26.489999771118164,301600
2020-08-28,24.169275283813477,26.799999237060547,26.809999465942383,26.040000915527344,26.549999237060547,269300
2020-08-31,23.014915466308594,25.520000457763672,26.690000534057617,25.520000457763672,26.59000015258789,579100
2020-09-01,24.16025733947754,26.790000915527344,26.809999465942383,25.049999237060547,25.299999237060547,423900
2020-09-02,25.035037994384766,27.760000228881836,27.940000534057617,26.809999465942383,27.079999923706055,504200
2020-09-03,24.205345153808594,26.84000015258789,28.1200008392334,26.729999542236328,27.75,544500
2020-09-04,25.125215530395508,27.860000610351562,27.899999618530273,26.709999084472656,27.420000076293945,680400
2020-09-08,24.39472770690918,27.049999237060547,27.670000076293945,26.8700008392334,27.670000076293945,697000
2020-09-09,24.79153823852539,27.489999771118164,27.65999984741211,26.780000686645508,27.18000030517578,483000
2020-09-10,24.133195877075195,26.760000228881836,27.790000915527344,26.75,27.549999237060547,594500
2020-09-11,24.124177932739258,26.75,27.06999969482422,26.420000076293945,26.889999389648438,405900
2020-09-14,24.67430305480957,27.360000610351562,27.459999084472656,26.84000015258789,27.030000686645508,393000
2020-09-15,24.980926513671875,27.700000762939453,27.979999542236328,27.020000457763672,27.549999237060547,428700
2020-09-16,24.79153823852539,27.489999771118164,28.190000534057617,27.450000762939453,27.799999237060547,509300
2020-09-17,25.23945426940918,27.780000686645508,27.790000915527344,26.600000381469727,27.020000457763672,666100
2020-09-18,24.74883460998535,27.239999771118164,28.350000381469727,27.079999923706055,28.34000015258789,1231700
2020-09-21,23.213390350341797,25.549999237060547,26.489999771118164,25.139999389648438,26.350000381469727,590100
2020-09-22,23.267902374267578,25.610000610351562,25.790000915527344,25.1299991607666,25.440000534057617,509300
2020-09-23,22.404781341552734,24.65999984741211,25.90999984741211,24.65999984741211,25.520000457763672,388300
2020-09-24,22.813629150390625,25.110000610351562,25.530000686645508,24.260000228881836,24.81999969482422,381600
2020-09-25,24.385417938232422,26.84000015258789,27.1200008392334,25.93000030517578,26.889999389648438,786800
2020-09-28,24.83968734741211,27.34000015258789,27.790000915527344,26.889999389648438,27.18000030517578,430400
2020-09-29,24.603471755981445,27.079999923706055,27.290000915527344,26.479999542236328,27.290000915527344,428700
2020-09-30,24.04016876220703,26.459999084472656,27.700000762939453,26.3799991607666,27.329999923706055,622300
2020-10-01,24.358154296875,26.809999465942383,26.959999084472656,26.170000076293945,26.600000381469727,698300
2020-10-02,26.120750427246094,28.75,29.5,27.799999237060547,28.100000381469727,1078300
2020-10-05,27.38362693786621,30.139999389648438,30.420000076293945,29.030000686645508,29.030000686645508,678600
2020-10-06,28.16497802734375,31.0,31.440000534057617,30.190000534057617,30.709999084472656,1865100
2020-10-07,29.40060043334961,32.36000061035156,32.41999816894531,31.15999984741211,31.25,1237700
2020-10-08,29.491455078125,32.459999084472656,32.68000030517578,31.670000076293945,32.68000030517578,858000
2020-10-09,28.828214645385742,31.729999542236328,32.810001373291016,31.40999984741211,32.5,849900
2020-10-12,28.97357940673828,31.889999389648438,32.11000061035156,31.479999542236328,32.0,411300
2020-10-13,28.846384048461914,31.75,32.0,31.579999923706055,31.579999923706055,726100
2020-10-14,29.109867095947266,32.040000915527344,32.34000015258789,31.850000381469727,31.969999313354492,663700
2020-10-15,29.000837326049805,31.920000076293945,32.41999816894531,31.8700008392334,31.899999618530273,851600
2020-10-16,29.27340316772461,32.220001220703125,32.400001525878906,31.940000534057617,32.13999938964844,415600
2020-10-19,28.83730125427246,31.739999771118164,32.70000076293945,31.690000534057617,32.16999816894531,471900
2020-10-20,29.009923934936523,31.93000030517578,32.31999969482422,31.75,31.8799991607666,498600
2020-10-21,29.591398239135742,32.56999969482422,32.630001068115234,31.93000030517578,31.959999084472656,691900
2020-10-22,29.745853424072266,32.7400016784668,33.2400016784668,32.61000061035156,32.83000183105469,747500
2020-10-23,29.654991149902344,32.63999938964844,33.34000015258789,32.369998931884766,33.06999969482422,622000
2020-10-26,28.846384048461914,31.75,32.45000076293945,31.299999237060547,32.06999969482422,386500
2020-10-27,28.074119567871094,30.899999618530273,31.920000076293945,30.860000610351562,31.6200008392334,402400
2020-10-28,27.638017654418945,30.420000076293945,30.790000915527344,29.959999084472656,30.0,499400
2020-10-29,28.364858627319336,31.219999313354492,31.350000381469727,29.850000381469727,30.209999084472656,410400
2020-10-30,28.22857093811035,31.06999969482422,31.389999389648438,30.610000610351562,30.959999084472656,577400
2020-11-02,29.209806442260742,32.150001525878906,32.33000183105469,31.190000534057617,31.600000381469727,610700
2020-11-03,29.84578514099121,32.849998474121094,33.209999084472656,31.329999923706055,32.790000915527344,763800
2020-11-04,28.16497802734375,31.0,32.45000076293945,30.5,32.06999969482422,743300
2020-11-05,30.11835289001465,33.150001525878906,33.45000076293945,31.190000534057617,31.25,659100
2020-11-06,29.645906448364258,32.630001068115234,33.58000183105469,32.61000061035156,33.5,582200
2020-11-09,31.581117630004883,34.7599983215332,36.43000030517578,34.27000045776367,34.83000183105469,969500
2020-11-10,32.716800689697266,36.0099983215332,36.380001068115234,34.84000015258789,35.34000015258789,949200
2020-11-11,31.762828826904297,34.959999084472656,36.41999816894531,34.54999923706055,36.380001068115234,625700
2020-11-12,31.426664352416992,34.59000015258789,35.15999984741211,34.0099983215332,34.810001373291016,623700
2020-11-13,31.989967346191406,35.209999084472656,35.45000076293945,34.540000915527344,35.0099983215332,469700
2020-11-16,32.98027801513672,36.29999923706055,36.400001525878906,35.58000183105469,36.0,428600
2020-11-17,32.94393539428711,36.2599983215332,36.619998931884766,35.59000015258789,35.90999984741211,462300
2020-11-18,32.18984603881836,35.43000030517578,36.7599983215332,35.41999816894531,36.52000045776367,404100
2020-11-19,32.2897834777832,35.540000915527344,35.72999954223633,34.709999084472656,35.18000030517578,413600
2020-11-20,32.335205078125,35.59000015258789,35.72999954223633,34.9900016784668,35.209999084472656,569600
2020-11-23,33.13473129272461,36.470001220703125,36.86000061035156,35.81999969482422,36.0099983215332,453100
2020-11-24,34.97908401489258,38.5,38.540000915527344,36.779998779296875,37.040000915527344,892200
2020-11-25,33.7979736328125,37.20000076293945,38.470001220703125,37.08000183105469,38.099998474121094,376400
2020-11-27,33.979679107666016,37.400001525878906,37.56999969482422,36.790000915527344,37.16999816894531,133200
2020-11-30,33.20742416381836,36.54999923706055,37.31999969482422,36.36000061035156,37.11000061035156,566600
2020-12-01,33.58900833129883,36.970001220703125,37.41999816894531,36.779998779296875,37.25,549400
2020-12-02,33.761627197265625,37.15999984741211,37.349998474121094,36.45000076293945,36.939998626708984,294000
2020-12-03,33.67985916137695,37.06999969482422,37.79999923706055,36.91999816894531,37.52000045776367,643400
2020-12-04,35.5787239074707,39.15999984741211,39.18000030517578,37.0099983215332,37.0099983215332,457500
2020-12-07,34.9427375793457,38.459999084472656,39.13999938964844,38.45000076293945,38.880001068115234,423500
2020-12-08,35.4333610534668,39.0,39.540000915527344,38.25,38.25,638900
2020-12-09,35.39701461791992,38.959999084472656,39.68000030517578,38.58000183105469,39.2599983215332,385100
2020-12-10,35.33342361450195,38.88999938964844,39.06999969482422,38.09000015258789,38.75,581300
2020-12-11,35.1789665222168,38.720001220703125,39.15999984741211,38.380001068115234,38.84000015258789,479400
2020-12-14,35.04267501831055,38.56999969482422,39.93000030517578,38.20000076293945,39.65999984741211,600100
2020-12-15,36.40550231933594,40.06999969482422,40.13999938964844,38.369998931884766,39.150001525878906,533600
2020-12-16,35.52421188354492,39.099998474121094,40.5,38.84000015258789,40.5,559500
2020-12-17,36.668853759765625,40.13999938964844,40.2400016784668,38.77000045776367,38.970001220703125,409300
2020-12-18,36.29431915283203,39.72999954223633,40.7400016784668,39.4900016784668,40.45000076293945,1633600
2020-12-21,36.54096221923828,40.0,40.0,38.41999816894531,38.709999084472656,477000
2020-12-22,36.77847671508789,40.2599983215332,40.619998931884766,39.36000061035156,40.02000045776367,451300
2020-12-23,36.869834899902344,40.36000061035156,40.61000061035156,40.0099983215332,40.43000030517578,289100
2020-12-24,36.75107192993164,40.22999954223633,40.63999938964844,39.81999969482422,40.20000076293945,140200
2020-12-28,36.75107192993164,40.22999954223633,40.900001525878906,40.189998626708984,40.869998931884766,318200
2020-12-29,36.111602783203125,39.529998779296875,40.290000915527344,39.33000183105469,40.22999954223633,276900
2020-12-30,36.87895965576172,40.369998931884766,40.56999969482422,39.529998779296875,39.630001068115234,290800
2020-12-31,36.796749114990234,40.279998779296875,40.959999084472656,39.91999816894531,40.09000015258789,380000
2021-01-04,36.03852462768555,39.45000076293945,41.400001525878906,39.13999938964844,40.68000030517578,532600
2021-01-05,37.14387893676758,40.65999984741211,41.45000076293945,39.630001068115234,39.75,555500
2021-01-06,39.975807189941406,43.7599983215332,44.540000915527344,41.79999923706055,41.9900016784668,985200
2021-01-07,41.74805450439453,45.70000076293945,46.380001068115234,44.2400016784668,45.0,1125500
2021-01-08,41.163394927978516,45.060001373291016,45.619998931884766,43.880001068115234,45.61000061035156,654400
2021-01-11,40.79798889160156,44.65999984741211,44.83000183105469,44.0099983215332,44.029998779296875,402200
2021-01-12,41.81199645996094,45.77000045776367,45.88999938964844,44.439998626708984,44.81999969482422,375200
2021-01-13,40.51479721069336,44.349998474121094,45.7400016784668,44.209999084472656,45.380001068115234,458000
2021-01-14,40.49653244018555,44.33000183105469,45.130001068115234,44.04999923706055,44.709999084472656,375700
2021-01-15,39.1262321472168,42.83000183105469,43.79999923706055,42.599998474121094,43.52000045776367,383300
2021-01-19,39.1353645324707,42.84000015258789,43.63999938964844,42.45000076293945,43.439998626708984,364000
2021-01-20,38.66947937011719,42.33000183105469,43.22999954223633,41.77000045776367,42.83000183105469,437300
2021-01-21,37.98432922363281,41.58000183105469,42.41999816894531,41.41999816894531,42.41999816894531,369700
2021-01-22,38.84304428100586,42.52000045776367,42.52000045776367,40.72999954223633,40.90999984741211,390100
2021-01-25,37.70113754272461,41.27000045776367,42.7599983215332,41.029998779296875,42.15999984741211,522500
2021-01-26,36.458740234375,39.90999984741211,41.779998779296875,39.7400016784668,41.75,486100
2021-01-27,35.07018280029297,38.38999938964844,39.5,36.689998626708984,38.84000015258789,680600
2021-01-28,36.266902923583984,39.70000076293945,39.91999816894531,38.56999969482422,38.849998474121094,490400
2021-01-29,35.10672378540039,38.43000030517578,39.88999938964844,38.369998931884766,39.36000061035156,541700
2021-02-01,37.15302658081055,40.66999816894531,40.869998931884766,38.61000061035156,38.689998626708984,652800
2021-02-02,37.18956756591797,40.709999084472656,41.529998779296875,40.27000045776367,41.310001373291016,521700
2021-02-03,36.95204544067383,40.45000076293945,41.099998474121094,40.040000915527344,40.5099983215332,432200
2021-02-04,36.824161529541016,40.310001373291016,40.77000045776367,40.040000915527344,40.31999969482422,398200
2021-02-05,37.427085876464844,40.970001220703125,41.220001220703125,40.22999954223633,41.060001373291016,388300
2021-02-08,38.61466979980469,42.27000045776367,42.279998779296875,40.560001373291016,41.119998931884766,479200
2021-02-09,38.91612243652344,42.599998474121094,42.959999084472656,40.79999923706055,41.83000183105469,598500
2021-02-10,38.4136848449707,42.04999923706055,43.959999084472656,41.58000183105469,43.31999969482422,568300
2021-02-11,39.573856353759766,43.31999969482422,43.93000030517578,42.45000076293945,42.970001220703125,712300
2021-02-12,40.3503532409668,44.16999816894531,44.709999084472656,43.20000076293945,43.20000076293945,383700
2021-02-16,39.984954833984375,43.77000045776367,44.709999084472656,43.130001068115234,44.52000045776367,449900
2021-02-17,39.94841003417969,43.72999954223633,44.09000015258789,42.77000045776367,43.20000076293945,437800
2021-02-18,39.36375427246094,43.09000015258789,43.95000076293945,42.869998931884766,43.529998779296875,409400
2021-02-19,40.6426887512207,44.4900016784668,44.70000076293945,43.34000015258789,43.34000015258789,310300
2021-02-22,40.67009735107422,44.52000045776367,45.349998474121094,44.2400016784668,44.2400016784668,440800
2021-02-23,40.25899887084961,44.06999969482422,44.2599983215332,42.91999816894531,44.099998474121094,319500
2021-02-24,41.37350082397461,45.290000915527344,45.41999816894531,43.7599983215332,44.470001220703125,275800
2021-02-25,39.692626953125,43.45000076293945,45.06999969482422,43.06999969482422,45.06999969482422,363300
2021-02-26,39.482513427734375,43.220001220703125,44.25,42.56999969482422,43.47999954223633,457200
2021-03-01,41.12685775756836,45.02000045776367,45.209999084472656,43.77000045776367,44.349998474121094,363400
2021-03-02,41.0811767578125,44.970001220703125,46.31999969482422,44.93000030517578,45.400001525878906,563100
2021-03-03,43.13660430908203,47.220001220703125,48.68000030517578,46.310001373291016,46.540000915527344,1462400
2021-03-04,41.282142639160156,45.189998626708984,47.84000015258789,42.869998931884766,47.58000183105469,1221200
2021-03-05,42.880821228027344,46.939998626708984,47.22999954223633,43.77000045776367,46.150001525878906,1014800
2021-03-08,43.401527404785156,47.5099983215332,47.90999984741211,46.02000045776367,46.27000045776367,920500
2021-03-09,43.06352233886719,47.13999938964844,48.540000915527344,47.08000183105469,47.970001220703125,844200
2021-03-10,44.32418441772461,48.52000045776367,48.75,47.369998931884766,47.459999084472656,504200
2021-03-11,44.963653564453125,49.220001220703125,49.790000915527344,48.52000045776367,49.119998931884766,519400
2021-03-12,45.93198776245117,50.279998779296875,50.349998474121094,49.25,49.459999084472656,577900
2021-03-15,45.79713439941406,49.91999816894531,49.939998626708984,48.70000076293945,49.75,627700
2021-03-16,45.356773376464844,49.439998626708984,49.75,48.599998474121094,49.61000061035156,341500
2021-03-17,46.58610916137695,50.779998779296875,50.79999923706055,49.02000045776367,49.349998474121094,563700
2021-03-18,46.980587005615234,51.209999084472656,51.939998626708984,50.43000030517578,50.68000030517578,1043900
2021-03-19,46.650325775146484,50.849998474121094,51.7400016784668,50.599998474121094,51.70000076293945,1663500
2021-03-22,44.87054443359375,48.90999984741211,50.79999923706055,48.2599983215332,50.52000045776367,622000
2021-03-23,40.92567825317383,44.61000061035156,48.34000015258789,44.310001373291016,48.02000045776367,886900
2021-03-24,41.71465301513672,45.470001220703125,46.9900016784668,45.20000076293945,45.20000076293945,526300
2021-03-25,44.04486846923828,48.0099983215332,48.119998931884766,44.79999923706055,45.439998626708984,733100
2021-03-26,45.05402374267578,49.11000061035156,49.77000045776367,48.16999816894531,48.900001525878906,666600
2021-03-29,43.512779235839844,47.43000030517578,49.25,47.40999984741211,49.0,605500
2021-03-30,43.77882385253906,47.720001220703125,48.2400016784668,47.220001220703125,47.22999954223633,504700
2021-03-31,43.36599349975586,47.27000045776367,48.41999816894531,46.91999816894531,47.81999969482422,547400
2021-04-01,43.98983383178711,47.95000076293945,47.95000076293945,47.029998779296875,47.72999954223633,426000
2021-04-05,45.0815544128418,49.13999938964844,49.27000045776367,48.36000061035156,48.599998474121094,494100
2021-04-06,44.85220718383789,48.88999938964844,50.22999954223633,48.79999923706055,49.20000076293945,350900
2021-04-07,44.19166564941406,48.16999816894531,49.0099983215332,47.689998626708984,48.9900016784668,333600
2021-04-08,44.292579650878906,48.279998779296875,48.540000915527344,46.849998474121094,47.95000076293945,573200
2021-04-09,44.88890075683594,48.93000030517578,49.099998474121094,48.29999923706055,48.720001220703125,357500
2021-04-12,45.118247985839844,49.18000030517578,49.18000030517578,48.439998626708984,48.939998626708984,272400
2021-04-13,44.42100524902344,48.41999816894531,49.34000015258789,47.84000015258789,49.34000015258789,396000
2021-04-14,45.29256057739258,49.369998931884766,49.9900016784668,48.13999938964844,48.13999938964844,287700
2021-04-15,45.32925796508789,49.40999984741211,49.54999923706055,48.630001068115234,49.38999938964844,225900
2021-04-16,46.31087875366211,50.47999954223633,51.189998626708984,49.9900016784668,50.29999923706055,325000
2021-04-19,45.723731994628906,49.84000015258789,50.36000061035156,49.41999816894531,49.88999938964844,335500
2021-04-20,44.74211502075195,48.77000045776367,49.86000061035156,48.040000915527344,49.61000061035156,409100
2021-04-21,45.60447692871094,49.709999084472656,50.04999923706055,48.88999938964844,48.88999938964844,318100
2021-04-22,44.714595794677734,48.7400016784668,50.060001373291016,48.709999084472656,50.060001373291016,329200
2021-04-23,45.953094482421875,50.09000015258789,50.33000183105469,48.86000061035156,48.9900016784668,214400
2021-04-26,46.365928649902344,50.540000915527344,51.310001373291016,50.41999816894531,50.66999816894531,270500
2021-04-27,46.16409683227539,50.31999969482422,50.54999923706055,49.70000076293945,50.29999923706055,222400
2021-04-28,46.33839416503906,50.5099983215332,50.599998474121094,49.75,49.970001220703125,254200
2021-04-29,46.06318283081055,50.209999084472656,51.04999923706055,49.95000076293945,50.9900016784668,453100
2021-04-30,46.57693099975586,50.77000045776367,50.91999816894531,49.09000015258789,49.90999984741211,543600
2021-05-03,47.714515686035156,52.0099983215332,52.77000045776367,50.88999938964844,51.38999938964844,570000
2021-05-04,47.356727600097656,51.619998931884766,52.279998779296875,50.619998931884766,51.79999923706055,417000
2021-05-05,48.797061920166016,53.189998626708984,53.220001220703125,51.279998779296875,52.0,386200
2021-05-06,48.90715026855469,53.310001373291016,53.56999969482422,52.029998779296875,53.56999969482422,336900
2021-05-07,49.301639556884766,53.7400016784668,53.91999816894531,52.25,52.95000076293945,259600
2021-05-10,48.37505340576172,52.72999954223633,54.209999084472656,52.68000030517578,54.209999084472656,572000
2021-05-11,48.98054885864258,53.38999938964844,53.52000045776367,51.310001373291016,51.95000076293945,429300
2021-05-12,46.9897575378418,51.220001220703125,53.869998931884766,51.130001068115234,53.38999938964844,440900
2021-05-13,48.41175842285156,52.77000045776367,53.08000183105469,51.13999938964844,51.13999938964844,354600
2021-05-14,49.228248596191406,53.65999984741211,53.75,52.86000061035156,53.099998474121094,275300
2021-05-17,48.998897552490234,53.40999984741211,53.47999954223633,52.380001068115234,53.2599983215332,211800
2021-05-18,47.93470001220703,52.25,53.63999938964844,52.22999954223633,53.380001068115234,219800
2021-05-19,47.30167770385742,51.560001373291016,51.61000061035156,50.59000015258789,51.47999954223633,353100
2021-05-20,47.18242263793945,51.43000030517578,51.939998626708984,51.04999923706055,51.560001373291016,306000
2021-05-21,47.356727600097656,51.619998931884766,52.70000076293945,51.5,52.5,258900
2021-05-24,47.79708480834961,52.099998474121094,52.189998626708984,51.209999084472656,51.88999938964844,239000
2021-05-25,46.567752838134766,50.7599983215332,52.560001373291016,50.720001220703125,51.93000030517578,311400
2021-05-26,47.1640739440918,51.40999984741211,51.7400016784668,50.38999938964844,50.7400016784668,326200
2021-05-27,47.66864776611328,51.959999084472656,52.470001220703125,51.630001068115234,52.27000045776367,267500
2021-05-28,47.6870002746582,51.97999954223633,52.16999816894531,51.099998474121094,51.9900016784668,218100
2021-06-01,48.540191650390625,52.90999984741211,53.060001373291016,52.15999984741211,52.77000045776367,280400
2021-06-02,47.54938507080078,51.83000183105469,53.04999923706055,51.720001220703125,53.04999923706055,298100
2021-06-03,47.65030288696289,51.939998626708984,52.0,51.02000045776367,51.68000030517578,263900
2021-06-04,47.66864776611328,51.959999084472656,52.220001220703125,51.5099983215332,51.959999084472656,203000
2021-06-07,47.32002639770508,51.58000183105469,52.380001068115234,51.310001373291016,52.06999969482422,312900
2021-06-08,47.338382720947266,51.599998474121094,51.81999969482422,50.70000076293945,51.38999938964844,358800
2021-06-09,46.76958084106445,50.97999954223633,51.459999084472656,50.959999084472656,51.45000076293945,259100
2021-06-10,46.145748138427734,50.29999923706055,51.58000183105469,50.2599983215332,51.47999954223633,182000
2021-06-11,46.94389343261719,51.16999816894531,51.380001068115234,50.41999816894531,50.689998626708984,248800
2021-06-14,46.00813293457031,50.150001525878906,51.16999816894531,49.779998779296875,51.16999816894531,316400
2021-06-15,46.870506286621094,51.09000015258789,51.099998474121094,49.90999984741211,50.380001068115234,313500
2021-06-16,46.7420654296875,50.95000076293945,51.25,50.29999923706055,50.939998626708984,447500
2021-06-17,44.74569320678711,48.56999969482422,50.95000076293945,47.65999984741211,50.689998626708984,507200
2021-06-18,43.511192321777344,47.22999954223633,48.27000045776367,47.22999954223633,47.58000183105469,1009200
2021-06-21,44.9852180480957,48.83000183105469,48.97999954223633,47.75,47.880001068115234,353300
2021-06-22,44.89308547973633,48.72999954223633,49.11000061035156,48.0099983215332,48.619998931884766,310200
2021-06-23,45.30765914916992,49.18000030517578,49.63999938964844,48.77000045776367,49.06999969482422,365300
2021-06-24,44.89308547973633,48.72999954223633,49.7599983215332,48.45000076293945,49.7599983215332,352100
2021-06-25,45.1234016418457,48.97999954223633,49.88999938964844,48.959999084472656,49.20000076293945,1487700
2021-06-28,44.561431884765625,48.369998931884766,48.880001068115234,47.63999938964844,48.77000045776367,418200
2021-06-29,44.44168472290039,48.2400016784668,49.22999954223633,48.02000045776367,48.75,313100
2021-06-30,45.28923034667969,49.15999984741211,49.31999969482422,47.88999938964844,47.88999938964844,460300
2021-07-01,45.37214660644531,49.25,49.709999084472656,48.880001068115234,49.40999984741211,524100
2021-07-02,44.73647689819336,48.560001373291016,49.310001373291016,48.40999984741211,49.310001373291016,268400
2021-07-06,42.986083984375,46.65999984741211,48.619998931884766,46.459999084472656,48.400001525878906,512600
2021-07-07,43.75994110107422,47.5,47.61000061035156,46.38999938964844,46.470001220703125,316700
2021-07-08,42.737342834472656,46.38999938964844,47.220001220703125,46.0,46.56999969482422,353700
2021-07-09,44.19293975830078,47.970001220703125,48.380001068115234,47.25,47.4900016784668,335500
2021-07-12,44.44168472290039,48.2400016784668,48.34000015258789,46.970001220703125,47.290000915527344,294300
2021-07-13,43.7507209777832,47.4900016784668,48.349998474121094,47.16999816894531,48.02000045776367,376600
2021-07-14,43.55725860595703,47.279998779296875,48.5,47.08000183105469,47.75,261900
2021-07-15,43.806007385253906,47.54999923706055,47.75,46.4900016784668,46.810001373291016,311000
2021-07-16,42.61757278442383,46.2599983215332,48.0099983215332,46.20000076293945,48.0099983215332,401800
2021-07-19,41.51206588745117,45.060001373291016,45.7400016784668,44.61000061035156,45.0,376000
2021-07-20,42.893951416015625,46.560001373291016,46.810001373291016,44.83000183105469,44.900001525878906,493000
2021-07-21,43.52962112426758,47.25,47.83000183105469,47.11000061035156,47.22999954223633,542800
2021-07-22,43.446712493896484,47.15999984741211,47.849998474121094,46.900001525878906,47.27000045776367,370300
2021-07-23,44.17451095581055,47.95000076293945,47.9900016784668,47.2400016784668,47.65999984741211,203800
2021-07-26,44.30348205566406,48.09000015258789,48.88999938964844,47.869998931884766,48.0,375800
2021-07-27,44.08237838745117,47.849998474121094,48.310001373291016,47.349998474121094,47.5099983215332,253100
2021-07-28,44.1652946472168,47.939998626708984,48.189998626708984,47.04999923706055,47.880001068115234,447300
2021-07-29,44.88389205932617,48.720001220703125,49.02000045776367,48.27000045776367,48.630001068115234,362900
2021-07-30,44.69962692260742,48.52000045776367,49.459999084472656,47.61000061035156,48.72999954223633,488800
2021-08-02,43.70465850830078,47.439998626708984,49.70000076293945,47.369998931884766,49.099998474121094,317300
2021-08-03,44.24821090698242,48.029998779296875,48.119998931884766,46.650001525878906,47.709999084472656,324900
2021-08-04,42.525447845458984,46.15999984741211,47.779998779296875,46.130001068115234,47.400001525878906,268400
2021-08-05,43.124271392822266,46.810001373291016,47.34000015258789,46.38999938964844,46.709999084472656,239500
2021-08-06,44.128448486328125,47.900001525878906,48.13999938964844,47.34000015258789,47.529998779296875,216200
2021-08-09,43.71388626098633,47.45000076293945,47.79999923706055,47.119998931884766,47.529998779296875,169000
2021-08-10,44.61671829223633,48.43000030517578,48.459999084472656,47.43000030517578,47.540000915527344,226000
2021-08-11,45.06812286376953,48.91999816894531,48.970001220703125,48.06999969482422,48.5,277400
2021-08-12,45.491912841796875,49.380001068115234,49.529998779296875,48.70000076293945,49.0,314700
2021-08-13,45.97096633911133,49.900001525878906,49.970001220703125,49.2599983215332,49.65999984741211,234000
2021-08-16,45.58404541015625,49.47999954223633,49.84000015258789,48.75,49.400001525878906,346200
2021-08-17,45.270809173583984,49.13999938964844,49.380001068115234,48.18000030517578,48.97999954223633,417300
2021-08-18,45.53797912597656,49.43000030517578,50.13999938964844,48.7599983215332,49.04999923706055,468600
2021-08-19,43.842857360839844,47.59000015258789,49.27000045776367,47.33000183105469,48.529998779296875,468400
2021-08-20,44.718048095703125,48.540000915527344,48.56999969482422,47.52000045776367,47.52000045776367,276200
2021-08-23,45.61167526245117,49.5099983215332,49.66999816894531,48.70000076293945,49.029998779296875,246700
2021-08-24,46.06309509277344,50.0,50.189998626708984,49.5,49.79999923706055,215600
2021-08-25,46.486881256103516,50.459999084472656,50.95000076293945,49.779998779296875,50.20000076293945,260600
2021-08-26,46.846168518066406,50.849998474121094,51.08000183105469,50.0099983215332,50.29999923706055,425700
2021-08-27,48.35703659057617,52.4900016784668,52.79999923706055,51.119998931884766,51.20000076293945,426800
2021-08-30,48.071449279785156,52.18000030517578,52.81999969482422,51.939998626708984,52.70000076293945,276300
2021-08-31,47.988529205322266,52.09000015258789,52.34000015258789,51.869998931884766,52.099998474121094,324800
2021-09-01,46.51451110839844,50.4900016784668,52.060001373291016,50.40999984741211,52.060001373291016,368700
2021-09-02,46.18285369873047,50.130001068115234,50.869998931884766,50.02000045776367,50.68000030517578,342800
2021-09-03,45.75906753540039,49.66999816894531,50.290000915527344,49.310001373291016,50.06999969482422,227100
2021-09-07,44.64435577392578,48.459999084472656,49.599998474121094,48.45000076293945,49.31999969482422,251200
2021-09-08,43.640174865722656,47.369998931884766,48.310001373291016,46.86000061035156,48.310001373291016,388300
2021-09-09,44.06395721435547,47.83000183105469,48.75,47.38999938964844,47.52000045776367,363800
2021-09-10,43.55725860595703,47.279998779296875,48.560001373291016,47.2599983215332,48.31999969482422,264800
2021-09-13,43.93497848510742,47.689998626708984,48.09000015258789,47.220001220703125,47.66999816894531,186600
2021-09-14,43.290096282958984,46.9900016784668,48.15999984741211,46.79999923706055,48.15999984741211,270000
2021-09-15,43.99025344848633,47.75,47.790000915527344,46.880001068115234,46.93000030517578,302500
2021-09-16,43.46556091308594,46.970001220703125,47.880001068115234,46.400001525878906,47.56999969482422,319000
2021-09-17,42.401363372802734,45.81999969482422,47.099998474121094,45.16999816894531,47.099998474121094,1343600
2021-09-20,41.67955780029297,45.040000915527344,45.130001068115234,43.689998626708984,44.61000061035156,382700
2021-09-21,41.21686553955078,44.540000915527344,45.63999938964844,44.38999938964844,45.619998931884766,299400
2021-09-22,42.1144905090332,45.5099983215332,46.06999969482422,44.93000030517578,44.95000076293945,308800
2021-09-23,43.447052001953125,46.95000076293945,47.349998474121094,45.779998779296875,45.779998779296875,296900
2021-09-24,43.18794250488281,46.66999816894531,47.400001525878906,46.439998626708984,46.88999938964844,202400
2021-09-27,44.19661331176758,47.7599983215332,48.709999084472656,46.91999816894531,46.91999816894531,372600
2021-09-28,43.567344665527344,47.08000183105469,48.2400016784668,47.0099983215332,47.939998626708984,302900
2021-09-29,43.761688232421875,47.290000915527344,47.45000076293945,46.34000015258789,47.02000045776367,227100
2021-09-30,42.891807556152344,46.349998474121094,47.709999084472656,46.349998474121094,47.709999084472656,439000
2021-10-01,43.5025749206543,47.0099983215332,47.650001525878906,45.4900016784668,46.439998626708984,427500
2021-10-04,43.650638580322266,47.16999816894531,47.58000183105469,46.529998779296875,46.959999084472656,336900
2021-10-05,44.47423553466797,48.060001373291016,48.16999816894531,46.880001068115234,47.31999969482422,282800
2021-10-06,43.604366302490234,47.119998931884766,47.720001220703125,45.93000030517578,47.58000183105469,286800
2021-10-07,44.705589294433594,48.310001373291016,48.90999984741211,47.619998931884766,47.619998931884766,328300
2021-10-08,44.55752182006836,48.150001525878906,48.91999816894531,48.150001525878906,48.279998779296875,168900
2021-10-11,44.35393142700195,47.93000030517578,48.849998474121094,47.81999969482422,48.380001068115234,143500
2021-10-12,44.5205078125,48.11000061035156,48.31999969482422,47.779998779296875,47.779998779296875,203300
2021-10-13,44.5205078125,48.11000061035156,48.20000076293945,47.369998931884766,48.11000061035156,149200
2021-10-14,45.95486068725586,49.65999984741211,49.720001220703125,48.529998779296875,48.630001068115234,230400
2021-10-15,47.352195739746094,51.16999816894531,51.720001220703125,50.310001373291016,51.09000015258789,430100
2021-10-18,47.204132080078125,51.0099983215332,51.150001525878906,50.20000076293945,50.529998779296875,295300
2021-10-19,47.33368682861328,51.150001525878906,51.310001373291016,50.459999084472656,51.119998931884766,335100
2021-10-20,48.407142639160156,52.310001373291016,52.33000183105469,51.130001068115234,51.439998626708984,271600
2021-10-21,48.62923049926758,52.54999923706055,52.619998931884766,51.650001525878906,52.25,303900
2021-10-22,49.47133255004883,53.459999084472656,53.72999954223633,52.56999969482422,52.720001220703125,321100
2021-10-25,51.59048080444336,55.75,55.779998779296875,53.61000061035156,53.72999954223633,423000
2021-10-26,51.77556228637695,55.95000076293945,56.11000061035156,55.0099983215332,55.88999938964844,466600
2021-10-27,49.49910354614258,53.4900016784668,55.720001220703125,53.31999969482422,55.720001220703125,492200
2021-10-28,50.896446228027344,55.0,55.130001068115234,52.970001220703125,54.439998626708984,404500
2021-10-29,49.86000061035156,53.880001068115234,55.15999984741211,53.7400016784668,54.75,608100
2021-11-01,51.10927963256836,55.22999954223633,55.58000183105469,54.0,54.369998931884766,536300
2021-11-02,50.88718032836914,54.9900016784668,56.380001068115234,54.81999969482422,55.52000045776367,490500
2021-11-03,51.50719451904297,55.65999984741211,56.15999984741211,54.619998931884766,54.810001373291016,397600
2021-11-04,53.191402435302734,57.47999954223633,57.52000045776367,55.77000045776367,55.970001220703125,372500
2021-11-05,53.55230712890625,57.869998931884766,58.779998779296875,57.27000045776367,57.9900016784668,341700
2021-11-08,54.16307067871094,58.529998779296875,59.029998779296875,58.13999938964844,58.36000061035156,359500
2021-11-09,54.51470947265625,58.90999984741211,59.060001373291016,57.939998626708984,58.349998474121094,405500
2021-11-10,53.626338958740234,57.95000076293945,59.15999984741211,57.869998931884766,59.029998779296875,449400
2021-11-11,54.6812858581543,59.09000015258789,59.20000076293945,57.79999923706055,58.18000030517578,265200
2021-11-12,54.755313873291016,59.16999816894531,60.09000015258789,58.63999938964844,59.31999969482422,292300
2021-11-15,55.134727478027344,59.58000183105469,59.599998474121094,58.560001373291016,59.5,307000
2021-11-16,56.3654899597168,60.90999984741211,61.0099983215332,59.38999938964844,59.77000045776367,369700
2021-11-17,56.37473678588867,60.91999816894531,61.13999938964844,60.02000045776367,60.61000061035156,347600
2021-11-18,56.309967041015625,60.849998474121094,61.459999084472656,60.0,60.52000045776367,456300
2021-11-19,55.541900634765625,60.02000045776367,60.86000061035156,59.93000030517578,60.369998931884766,273000
2021-11-22,55.273536682128906,59.72999954223633,60.7599983215332,59.720001220703125,60.72999954223633,295200
2021-11-23,55.60667419433594,60.09000015258789,60.43000030517578,59.540000915527344,59.63999938964844,360600
2021-11-24,54.9774055480957,59.40999984741211,60.099998474121094,59.13999938964844,59.560001373291016,245200
2021-11-26,53.117374420166016,57.400001525878906,57.86000061035156,56.47999954223633,57.150001525878906,261500
2021-11-29,53.154396057128906,57.439998626708984,58.4900016784668,56.93000030517578,58.4900016784668,363800
2021-11-30,50.90569305419922,55.0099983215332,56.88999938964844,54.95000076293945,56.70000076293945,452200
2021-12-01,50.350467681884766,54.40999984741211,57.130001068115234,54.38999938964844,56.560001373291016,441900
2021-12-02,52.82125473022461,57.08000183105469,57.540000915527344,54.61000061035156,54.93000030517578,514000
2021-12-03,51.831077575683594,56.0099983215332,57.68000030517578,55.18000030517578,57.349998474121094,398500
2021-12-06,52.663936614990234,56.90999984741211,57.900001525878906,56.380001068115234,57.25,598800
2021-12-07,52.58989334106445,56.83000183105469,58.38999938964844,56.72999954223633,57.65999984741211,627900
2021-12-08,52.13645553588867,56.34000015258789,57.599998474121094,55.939998626708984,57.529998779296875,869200
2021-12-09,50.97047424316406,55.08000183105469,56.529998779296875,55.040000915527344,55.70000076293945,474900
2021-12-10,51.608985900878906,55.77000045776367,56.59000015258789,54.86000061035156,55.97999954223633,540800
2021-12-13,49.72118377685547,53.72999954223633,55.880001068115234,53.65999984741211,55.16999816894531,451000
2021-12-14,49.59164047241211,53.59000015258789,55.34000015258789,53.13999938964844,53.52000045776367,908100
2021-12-15,49.59164047241211,53.59000015258789,53.70000076293945,52.2400016784668,53.4900016784668,745400
2021-12-16,49.14360427856445,52.869998931884766,54.150001525878906,52.459999084472656,53.81999969482422,877600
2021-12-17,49.255157470703125,52.9900016784668,54.06999969482422,52.220001220703125,52.66999816894531,1988400
2021-12-20,47.98171615600586,51.619998931884766,51.91999816894531,50.220001220703125,51.90999984741211,520200
2021-12-21,49.86863327026367,53.650001525878906,53.689998626708984,51.880001068115234,52.22999954223633,369700
2021-12-22,50.575077056884766,54.40999984741211,54.529998779296875,53.31999969482422,53.31999969482422,285700
2021-12-23,50.9004020690918,54.7599983215332,55.31999969482422,54.63999938964844,54.77000045776367,188300
2021-12-27,52.12736892700195,56.08000183105469,56.209999084472656,54.470001220703125,54.84000015258789,381500
2021-12-28,52.25749969482422,56.220001220703125,56.72999954223633,55.7400016784668,55.939998626708984,331700
2021-12-29,52.917457580566406,56.93000030517578,57.25,56.18000030517578,56.22999954223633,336400
2021-12-30,51.80203628540039,55.72999954223633,57.380001068115234,55.630001068115234,56.79999923706055,261200
2021-12-31,52.006526947021484,55.95000076293945,56.349998474121094,55.36000061035156,55.5099983215332,309600
2022-01-03,52.52705764770508,56.5099983215332,56.97999954223633,55.95000076293945,56.029998779296875,575500
2022-01-04,53.52164840698242,57.58000183105469,58.119998931884766,56.7599983215332,56.810001373291016,329800
2022-01-05,52.20172882080078,56.15999984741211,58.599998474121094,56.13999938964844,57.720001220703125,374000
2022-01-06,52.248199462890625,56.209999084472656,56.86000061035156,55.900001525878906,56.18000030517578,264800
2022-01-07,52.09019088745117,56.040000915527344,56.5,55.77000045776367,56.119998931884766,363000
2022-01-10,50.81674575805664,54.66999816894531,55.970001220703125,54.31999969482422,55.970001220703125,329400
2022-01-11,51.56965637207031,55.47999954223633,55.59000015258789,54.099998474121094,54.84000015258789,310000
2022-01-12,51.31867980957031,55.209999084472656,56.540000915527344,55.15999984741211,55.880001068115234,436900
2022-01-13,51.104896545410156,54.97999954223633,56.220001220703125,54.86000061035156,55.40999984741211,495900
2022-01-14,51.05841827392578,54.93000030517578,55.279998779296875,53.810001373291016,54.290000915527344,250300
2022-01-18,50.203269958496094,54.0099983215332,54.75,53.70000076293945,54.29999923706055,305400
2022-01-19,49.12502670288086,52.849998474121094,54.70000076293945,52.779998779296875,54.06999969482422,379700
2022-01-20,48.083961486816406,51.72999954223633,53.439998626708984,51.66999816894531,53.0,417200
2022-01-21,47.07078552246094,50.63999938964844,52.369998931884766,50.619998931884766,51.529998779296875,345700
2022-01-24,48.21409225463867,51.869998931884766,52.15999984741211,49.09000015258789,49.79999923706055,525300
2022-01-25,47.61920166015625,51.22999954223633,51.88999938964844,49.79999923706055,51.16999816894531,367500
2022-01-26,47.30317306518555,50.88999938964844,52.4900016784668,50.349998474121094,51.779998779296875,358500
2022-01-27,46.41082000732422,49.93000030517578,52.2599983215332,49.869998931884766,51.720001220703125,395900
2022-01-28,45.96466827392578,49.45000076293945,49.779998779296875,47.83000183105469,49.599998474121094,352500
2022-01-31,46.26211166381836,49.77000045776367,49.77000045776367,48.65999984741211,48.869998931884766,722000
2022-02-01,47.05219650268555,50.619998931884766,50.84000015258789,49.220001220703125,49.70000076293945,425500
2022-02-02,47.07078552246094,50.63999938964844,51.02000045776367,49.529998779296875,50.439998626708984,353000
2022-02-03,45.8624153137207,49.34000015258789,50.779998779296875,49.290000915527344,49.970001220703125,241800
2022-02-04,44.867828369140625,48.27000045776367,49.36000061035156,47.91999816894531,48.7599983215332,382100
2022-02-07,45.323299407958984,48.7599983215332,49.150001525878906,47.83000183105469,48.099998474121094,533900
2022-02-08,47.349639892578125,50.939998626708984,51.2599983215332,49.29999923706055,49.45000076293945,740300
2022-02-09,49.29233169555664,53.029998779296875,53.15999984741211,51.439998626708984,51.619998931884766,680100
2022-02-10,48.72532653808594,52.41999816894531,53.599998474121094,52.040000915527344,52.040000915527344,685000
2022-02-11,48.9298210144043,52.63999938964844,53.40999984741211,52.040000915527344,52.41999816894531,522400
2022-02-14,48.9298210144043,52.63999938964844,53.27000045776367,52.20000076293945,52.939998626708984,595200
2022-02-15,51.36515808105469,55.2599983215332,55.439998626708984,52.9900016784668,53.06999969482422,510800
2022-02-16,51.13278579711914,55.0099983215332,55.349998474121094,54.529998779296875,54.7400016784668,273500
2022-02-17,50.04524230957031,53.84000015258789,54.310001373291016,53.68000030517578,54.29999923706055,274500
2022-02-18,48.84616470336914,52.54999923706055,54.130001068115234,52.459999084472656,53.7599983215332,385200
2022-02-22,48.697444915771484,52.38999938964844,53.0,51.79999923706055,52.54999923706055,452100
2022-02-23,47.56343460083008,51.16999816894531,53.130001068115234,51.13999938964844,52.84000015258789,240600
2022-02-24,46.773345947265625,50.31999969482422,50.400001525878906,48.97999954223633,49.709999084472656,449000
2022-02-25,49.190093994140625,52.91999816894531,53.040000915527344,50.5099983215332,50.849998474121094,314900
2022-02-28,48.697444915771484,52.38999938964844,53.130001068115234,51.560001373291016,51.880001068115234,480700
2022-03-01,46.773345947265625,50.31999969482422,52.18000030517578,49.65999984741211,51.84000015258789,592600
2022-03-02,48.45576858520508,52.130001068115234,52.40999984741211,50.88999938964844,50.88999938964844,394000
2022-03-03,48.18620681762695,51.84000015258789,52.900001525878906,51.38999938964844,52.630001068115234,296900
2022-03-04,46.68039321899414,50.220001220703125,51.529998779296875,49.97999954223633,50.849998474121094,417000
2022-03-07,43.678043365478516,46.9900016784668,50.20000076293945,46.939998626708984,50.029998779296875,387900
2022-03-08,43.36201477050781,46.650001525878906,48.18000030517578,46.43000030517578,47.31999969482422,476300
2022-03-09,45.788055419921875,49.2599983215332,49.93000030517578,46.849998474121094,47.68000030517578,408200
2022-03-10,45.620750427246094,49.08000183105469,49.220001220703125,48.130001068115234,48.25,255900
2022-03-11,45.47201156616211,48.91999816894531,50.11000061035156,48.810001373291016,49.59000015258789,321700
2022-03-14,45.227291107177734,48.41999816894531,49.59000015258789,48.209999084472656,49.0,410200
2022-03-15,45.395423889160156,48.599998474121094,49.04999923706055,47.91999816894531,48.709999084472656,419400
2022-03-16,47.42234420776367,50.77000045776367,50.91999816894531,49.310001373291016,49.310001373291016,445800
2022-03-17,48.197608947753906,51.599998474121094,51.66999816894531,50.04999923706055,50.04999923706055,373500
2022-03-18,47.8239860534668,51.20000076293945,51.66999816894531,50.459999084472656,51.66999816894531,1093900
2022-03-21,47.77728271484375,51.150001525878906,52.0,50.7400016784668,51.41999816894531,568400
2022-03-22,47.52509307861328,50.880001068115234,52.38999938964844,50.439998626708984,51.33000183105469,728300
2022-03-23,46.45090866088867,49.72999954223633,50.720001220703125,49.650001525878906,50.310001373291016,323000
2022-03-24,46.36684799194336,49.63999938964844,50.130001068115234,49.02000045776367,50.130001068115234,353200
2022-03-25,46.13333511352539,49.38999938964844,49.970001220703125,48.91999816894531,49.599998474121094,436700
2022-03-28,45.76905059814453,49.0,49.52000045776367,48.310001373291016,49.52000045776367,436000
2022-03-29,47.46904373168945,50.81999969482422,51.41999816894531,49.77000045776367,49.88999938964844,646100
2022-03-30,46.13333511352539,49.38999938964844,50.880001068115234,49.29999923706055,50.810001373291016,457800
2022-03-31,44.83498764038086,48.0,49.779998779296875,47.880001068115234,49.189998626708984,681500
2022-04-01,45.479488372802734,48.689998626708984,49.060001373291016,48.0099983215332,48.970001220703125,551300
2022-04-04,45.30201721191406,48.5,48.91999816894531,48.099998474121094,48.650001525878906,446600
2022-04-05,44.4520263671875,47.59000015258789,48.77000045776367,47.54999923706055,48.459999084472656,338800
2022-04-06,43.00422668457031,46.040000915527344,47.4900016784668,45.83000183105469,47.06999969482422,533200
2022-04-07,42.87345886230469,45.900001525878906,46.189998626708984,44.7400016784668,46.130001068115234,485000
2022-04-08,42.35038375854492,45.34000015258789,46.560001373291016,45.27000045776367,46.099998474121094,318600
2022-04-11,42.966861724853516,46.0,46.79999923706055,45.25,45.2599983215332,365400
2022-04-12,43.09762954711914,46.13999938964844,47.33000183105469,45.959999084472656,46.470001220703125,268300
2022-04-13,43.91960906982422,47.02000045776367,47.15999984741211,46.27000045776367,46.27000045776367,246100
2022-04-14,43.4806022644043,46.54999923706055,47.7400016784668,46.52000045776367,47.22999954223633,265000
2022-04-18,43.63938903808594,46.720001220703125,47.2400016784668,46.15999984741211,46.15999984741211,241800
2022-04-19,44.722904205322266,47.880001068115234,48.290000915527344,46.90999984741211,46.90999984741211,363300
2022-04-20,50.215187072753906,53.7599983215332,53.81999969482422,48.45000076293945,48.45000076293945,1184300
2022-04-21,49.63606643676758,53.13999938964844,54.77000045776367,52.58000183105469,54.7599983215332,639800
2022-04-22,48.178932189941406,51.58000183105469,52.560001373291016,50.790000915527344,52.189998626708984,664600
2022-04-25,48.32837677001953,51.7400016784668,51.83000183105469,49.61000061035156,51.11000061035156,597400
2022-04-26,46.79651641845703,50.099998474121094,52.68000030517578,49.91999816894531,51.369998931884766,583500
2022-04-27,46.73113250732422,50.029998779296875,50.77000045776367,49.150001525878906,50.16999816894531,442600
2022-04-28,47.08607482910156,50.40999984741211,50.81999969482422,48.970001220703125,50.72999954223633,322000
2022-04-29,45.99322509765625,49.2400016784668,50.869998931884766,48.91999816894531,50.279998779296875,491600
2022-05-02,45.89048385620117,49.130001068115234,50.119998931884766,48.25,49.27000045776367,428700
2022-05-03,46.60971450805664,49.900001525878906,50.349998474121094,48.93000030517578,48.939998626708984,275900
2022-05-04,48.47783660888672,51.900001525878906,52.04999923706055,49.7400016784668,50.06999969482422,330900
2022-05-05,46.628387451171875,49.91999816894531,51.63999938964844,49.209999084472656,51.130001068115234,334500
2022-05-06,45.5355339050293,48.75,49.58000183105469,48.040000915527344,49.380001068115234,402700
2022-05-09,44.56410598754883,47.709999084472656,48.79999923706055,47.560001373291016,47.72999954223633,315000
2022-05-10,43.592681884765625,46.66999816894531,48.90999984741211,45.970001220703125,48.369998931884766,369100
2022-05-11,42.761375427246094,45.779998779296875,47.9900016784668,45.68000030517578,46.65999984741211,587300
2022-05-12,43.01356506347656,46.04999923706055,46.43000030517578,44.79999923706055,45.5,519300
2022-05-13,43.83554458618164,46.93000030517578,47.84000015258789,46.4900016784668,46.54999923706055,295500
2022-05-16,43.40587615966797,46.470001220703125,47.029998779296875,45.689998626708984,46.41999816894531,285600
2022-05-17,45.04981994628906,48.22999954223633,48.41999816894531,47.20000076293945,47.540000915527344,240900
2022-05-18,44.09708023071289,47.209999084472656,48.63999938964844,46.939998626708984,47.959999084472656,452600
2022-05-19,43.854225158691406,46.95000076293945,47.84000015258789,46.599998474121094,46.79999923706055,390200
2022-05-20,43.57400894165039,46.650001525878906,47.40999984741211,45.7599983215332,47.40999984741211,333500
2022-05-23,44.554771423339844,47.70000076293945,47.91999816894531,46.81999969482422,47.209999084472656,416300
2022-05-24,43.83554458618164,46.93000030517578,47.81999969482422,46.189998626708984,47.81999969482422,471500
2022-05-25,44.93773651123047,48.11000061035156,48.369998931884766,46.61000061035156,46.65999984741211,400300
2022-05-26,45.66630172729492,48.88999938964844,49.849998474121094,48.06999969482422,48.5,483000
2022-05-27,46.44157791137695,49.720001220703125,49.77000045776367,49.11000061035156,49.5,320900
2022-05-31,45.95586013793945,49.20000076293945,49.65999984741211,48.599998474121094,49.13999938964844,360400
2022-06-01,45.470157623291016,48.68000030517578,49.400001525878906,47.91999816894531,49.22999954223633,227700
2022-06-02,47.805301666259766,51.18000030517578,51.220001220703125,49.0099983215332,49.060001373291016,254900
2022-06-03,47.53443145751953,50.88999938964844,51.2400016784668,50.4900016784668,50.77000045776367,262200
2022-06-06,48.010799407958984,51.400001525878906,51.790000915527344,50.7400016784668,51.5099983215332,361600
2022-06-07,48.870140075683594,52.31999969482422,52.369998931884766,50.869998931884766,51.08000183105469,276800
2022-06-08,47.32893371582031,50.66999816894531,51.95000076293945,50.43000030517578,51.459999084472656,216000
2022-06-09,46.95531463623047,50.27000045776367,50.540000915527344,49.95000076293945,50.22999954223633,247500
2022-06-10,44.05037307739258,47.15999984741211,49.2400016784668,46.779998779296875,48.959999084472656,300100
2022-06-13,41.95806884765625,44.91999816894531,45.720001220703125,44.34000015258789,45.619998931884766,393800
2022-06-14,41.51906967163086,44.45000076293945,45.220001220703125,43.90999984741211,44.58000183105469,335300
2022-06-15,41.58445739746094,44.52000045776367,45.34000015258789,43.540000915527344,45.189998626708984,335400
2022-06-16,37.835636138916016,40.290000915527344,43.400001525878906,40.11000061035156,43.02000045776367,715000
2022-06-17,38.39908218383789,40.88999938964844,41.68000030517578,40.2400016784668,41.09000015258789,749700
2022-06-21,38.577510833740234,41.08000183105469,41.95000076293945,40.779998779296875,41.79999923706055,519200
2022-06-22,38.483604431152344,40.97999954223633,41.349998474121094,40.130001068115234,40.2599983215332,528900
2022-06-23,38.05162048339844,40.52000045776367,41.09000015258789,40.099998474121094,40.689998626708984,739000
2022-06-24,40.36177062988281,42.97999954223633,42.9900016784668,40.959999084472656,41.040000915527344,2899500
2022-06-27,39.22547912597656,41.77000045776367,42.90999984741211,41.58000183105469,42.90999984741211,494300
2022-06-28,38.69020462036133,41.20000076293945,42.66999816894531,41.20000076293945,42.18000030517578,715800
2022-06-29,38.18309783935547,40.65999984741211,41.06999969482422,39.65999984741211,41.06999969482422,577500
2022-06-30,37.63843536376953,40.08000183105469,40.5099983215332,39.09000015258789,39.95000076293945,645400
2022-07-01,36.830814361572266,39.220001220703125,40.560001373291016,38.7400016784668,39.540000915527344,485000
2022-07-05,36.13589096069336,38.47999954223633,38.93000030517578,37.09000015258789,38.13999938964844,505000
2022-07-06,35.929298400878906,38.2599983215332,39.040000915527344,37.47999954223633,38.43000030517578,450000
2022-07-07,37.262794494628906,39.68000030517578,39.93000030517578,38.939998626708984,38.97999954223633,523200
2022-07-08,36.812034606933594,39.20000076293945,39.5,38.630001068115234,39.349998474121094,461500
2022-07-11,36.727516174316406,39.11000061035156,39.2400016784668,38.61000061035156,38.93000030517578,286100
2022-07-12,36.858985900878906,39.25,39.7599983215332,38.779998779296875,38.779998779296875,281300
2022-07-13,36.830814361572266,39.220001220703125,39.33000183105469,38.189998626708984,38.869998931884766,290000
2022-07-14,36.727516174316406,39.11000061035156,39.15999984741211,38.119998931884766,38.630001068115234,298200
2022-07-15,37.82624435424805,40.279998779296875,40.31999969482422,39.220001220703125,39.970001220703125,326300
2022-07-18,38.079795837402344,40.54999923706055,41.150001525878906,40.34000015258789,41.06999969482422,290800
2022-07-19,40.183345794677734,42.790000915527344,42.83000183105469,40.880001068115234,41.2400016784668,333900
2022-07-20,40.16455841064453,42.77000045776367,43.18000030517578,42.20000076293945,42.81999969482422,264300
2022-07-21,40.502628326416016,43.130001068115234,43.15999984741211,41.75,42.15999984741211,261900
2022-07-22,40.399330139160156,43.02000045776367,43.630001068115234,42.70000076293945,43.25,246400
2022-07-25,41.00034713745117,43.65999984741211,43.84000015258789,42.63999938964844,43.43000030517578,444400
2022-07-26,39.02827453613281,41.560001373291016,43.63999938964844,41.439998626708984,43.43000030517578,562700
2022-07-27,40.58715057373047,43.220001220703125,43.560001373291016,41.400001525878906,41.4900016784668,505200
2022-07-28,40.4556770324707,43.08000183105469,43.81999969482422,42.72999954223633,43.81999969482422,445100
2022-07-29,40.52141189575195,43.150001525878906,43.400001525878906,42.65999984741211,43.0099983215332,346700
2022-08-01,40.314815521240234,42.93000030517578,43.220001220703125,41.9900016784668,42.529998779296875,336000
2022-08-02,39.48841857910156,42.04999923706055,42.9900016784668,41.939998626708984,42.4900016784668,279900
2022-08-03,40.32420349121094,42.939998626708984,43.040000915527344,41.88999938964844,42.36000061035156,254800
2022-08-04,40.502628326416016,43.130001068115234,43.22999954223633,42.5,42.83000183105469,413800
2022-08-05,40.89704132080078,43.54999923706055,43.970001220703125,42.560001373291016,42.560001373291016,424800
2022-08-08,41.3665885925293,44.04999923706055,44.7400016784668,43.83000183105469,44.0099983215332,483800
2022-08-09,41.38536071777344,44.06999969482422,44.290000915527344,43.349998474121094,44.029998779296875,451100
2022-08-10,42.972408294677734,45.7599983215332,46.099998474121094,45.130001068115234,45.13999938964844,524600
2022-08-11,42.23053741455078,44.970001220703125,46.400001525878906,44.849998474121094,46.08000183105469,586500
2022-08-12,45.96809387207031,48.95000076293945,48.95000076293945,45.54999923706055,45.810001373291016,944300
2022-08-15,46.22164535522461,49.220001220703125,49.72999954223633,48.279998779296875,48.279998779296875,441800
2022-08-16,46.512752532958984,49.529998779296875,49.66999816894531,48.63999938964844,48.93000030517578,352800
2022-08-17,44.766056060791016,47.66999816894531,48.79999923706055,47.650001525878906,48.61000061035156,303100
2022-08-18,45.09474182128906,48.02000045776367,48.18000030517578,47.66999816894531,47.88999938964844,252000
2022-08-19,44.737892150878906,47.63999938964844,47.7599983215332,47.119998931884766,47.7599983215332,272800
2022-08-22,42.9818115234375,45.77000045776367,46.689998626708984,45.68000030517578,46.5,672000
2022-08-23,43.376224517822266,46.189998626708984,46.45000076293945,45.5099983215332,45.5099983215332,324600
2022-08-24,43.09449768066406,45.88999938964844,46.38999938964844,45.709999084472656,46.16999816894531,281900
2022-08-25,44.22139358520508,47.09000015258789,47.09000015258789,45.97999954223633,46.15999984741211,226500
2022-08-26,42.25872039794922,45.0,47.0,44.95000076293945,46.77000045776367,203800
2022-08-29,41.62013244628906,44.31999969482422,44.84000015258789,43.810001373291016,44.209999084472656,240000
2022-08-30,41.49805450439453,44.189998626708984,44.810001373291016,43.849998474121094,44.560001373291016,248000
2022-08-31,41.15998840332031,43.83000183105469,44.560001373291016,43.59000015258789,44.560001373291016,316700
2022-09-01,40.63410186767578,43.27000045776367,43.439998626708984,42.400001525878906,43.439998626708984,353700
2022-09-02,40.14577865600586,42.75,44.31999969482422,42.58000183105469,43.75,515800
2022-09-06,37.46000289916992,39.88999938964844,42.86000061035156,39.4900016784668,42.650001525878906,1280800
2022-09-07,39.23486328125,41.779998779296875,41.849998474121094,39.810001373291016,40.04999923706055,479600
2022-09-08,39.78892517089844,42.369998931884766,42.400001525878906,40.630001068115234,41.09000015258789,532500
2022-09-09,40.69983673095703,43.34000015258789,43.52000045776367,42.41999816894531,42.65999984741211,408800
2022-09-12,40.596534729003906,43.22999954223633,44.25,43.06999969482422,43.36000061035156,416200
2022-09-13,38.11735916137695,40.59000015258789,42.150001525878906,40.529998779296875,41.56999969482422,442700
2022-09-14,36.45518493652344,38.81999969482422,40.27000045776367,38.310001373291016,40.25,720100
2022-09-15,35.94306182861328,38.040000915527344,38.970001220703125,37.91999816894531,38.2400016784668,672100
2022-09-16,34.75252151489258,36.779998779296875,37.380001068115234,35.66999816894531,37.36000061035156,2206000
2022-09-19,35.7918815612793,37.880001068115234,37.88999938964844,36.15999984741211,36.349998474121094,576500
2022-09-20,34.70526885986328,36.72999954223633,37.209999084472656,36.119998931884766,37.16999816894531,459200
2022-09-21,33.514732360839844,35.470001220703125,37.290000915527344,35.40999984741211,37.290000915527344,836700
2022-09-22,33.34465026855469,35.290000915527344,35.63999938964844,34.88999938964844,35.63999938964844,518100
2022-09-23,32.11631774902344,33.9900016784668,34.7599983215332,33.349998474121094,34.54999923706055,578300
2022-09-26,31.114748001098633,32.93000030517578,34.09000015258789,32.75,33.70000076293945,652600
2022-09-27,29.328937530517578,31.040000915527344,33.279998779296875,30.809999465942383,32.880001068115234,1233300
2022-09-28,29.820266723632812,31.559999465942383,32.09000015258789,30.1299991607666,30.450000762939453,1223500
2022-09-29,28.932085037231445,30.6200008392334,30.989999771118164,29.799999237060547,30.850000381469727,1487700
2022-09-30,28.629724502563477,30.299999237060547,31.239999771118164,30.200000762939453,30.829999923706055,876500
2022-10-03,30.59506607055664,32.380001068115234,32.79999923706055,31.020000457763672,31.1299991607666,766000
2022-10-04,32.03127670288086,33.900001525878906,33.939998626708984,33.11000061035156,33.11000061035156,780900
2022-10-05,31.21868324279785,33.040000915527344,33.43000030517578,32.540000915527344,32.81999969482422,519100
2022-10-06,30.58561897277832,32.369998931884766,33.369998931884766,32.029998779296875,32.65999984741211,532800
2022-10-07,28.988779067993164,30.68000030517578,32.13999938964844,30.579999923706055,31.760000228881836,516300
2022-10-10,28.790353775024414,30.469999313354492,31.0,30.190000534057617,30.81999969482422,651300
2022-10-11,28.601377487182617,30.270000457763672,31.010000228881836,29.899999618530273,30.209999084472656,880900
2022-10-12,28.667524337768555,30.34000015258789,30.729999542236328,29.690000534057617,30.309999465942383,786700
2022-10-13,29.092714309692383,30.790000915527344,31.15999984741211,29.020000457763672,29.520000457763672,1217200
2022-10-14,29.69743537902832,31.43000030517578,32.02000045776367,30.8799991607666,31.639999389648438,813800
2022-10-17,31.190336227416992,33.0099983215332,33.33000183105469,32.220001220703125,32.720001220703125,738300
2022-10-18,32.04072952270508,33.90999984741211,34.84000015258789,33.54999923706055,33.779998779296875,620000
2022-10-19,31.07695198059082,32.88999938964844,33.810001373291016,32.630001068115234,33.369998931884766,448500
2022-10-20,30.453336715698242,32.22999954223633,33.88999938964844,31.889999389648438,32.86000061035156,534800
2022-10-21,31.24703025817871,33.06999969482422,33.209999084472656,32.16999816894531,32.650001525878906,396900
2022-10-24,31.17144775390625,32.9900016784668,33.4900016784668,32.560001373291016,33.36000061035156,393900
2022-10-25,32.11631774902344,33.9900016784668,34.29999923706055,32.66999816894531,32.790000915527344,639000
2022-10-26,32.29584503173828,34.18000030517578,34.650001525878906,33.7400016784668,34.2599983215332,411900
2022-10-27,32.2863883972168,34.16999816894531,34.86000061035156,34.09000015258789,34.4900016784668,368400
2022-10-28,32.71158218383789,34.619998931884766,34.790000915527344,33.900001525878906,34.150001525878906,547100
2022-10-31,32.58875274658203,34.4900016784668,34.66999816894531,34.040000915527344,34.470001220703125,515700
2022-11-01,33.06119155883789,34.9900016784668,35.5099983215332,34.4900016784668,35.0,486900
2022-11-02,26.825010299682617,28.389999389648438,32.470001220703125,28.170000076293945,32.470001220703125,1931600
2022-11-03,26.532102584838867,28.079999923706055,28.700000762939453,27.649999618530273,27.809999465942383,1506300
2022-11-04,27.13681983947754,28.719999313354492,29.729999542236328,28.280000686645508,28.700000762939453,1295600
2022-11-07,27.703746795654297,29.31999969482422,29.34000015258789,28.25,29.0,1047500
2022-11-08,27.713197708129883,29.329999923706055,30.030000686645508,29.0,29.639999389648438,634300
2022-11-09,27.41083526611328,29.010000228881836,29.420000076293945,28.610000610351562,28.940000534057617,664900
2022-11-10,30.424989700317383,32.20000076293945,32.209999084472656,30.3799991607666,30.670000076293945,1028500
2022-11-11,31.65332794189453,33.5,34.11000061035156,32.25,32.290000915527344,1012400
2022-11-14,31.738367080688477,33.59000015258789,34.38999938964844,32.5,33.040000915527344,1222000
2022-11-15,31.56829071044922,33.40999984741211,34.86000061035156,32.97999954223633,34.0099983215332,636100
2022-11-16,31.07695198059082,32.88999938964844,33.27000045776367,32.470001220703125,33.150001525878906,628900
2022-11-17,30.264360427856445,32.029998779296875,32.369998931884766,31.299999237060547,32.29999923706055,699100
2022-11-18,30.746252059936523,32.540000915527344,32.709999084472656,31.90999984741211,32.709999084472656,350300
2022-11-21,30.018692016601562,31.770000457763672,32.400001525878906,31.600000381469727,32.189998626708984,376300
2022-11-22,31.46434783935547,33.29999923706055,33.31999969482422,31.81999969482422,32.16999816894531,681200
2022-11-23,32.03127670288086,33.900001525878906,34.459999084472656,33.189998626708984,33.29999923706055,493700
2022-11-25,32.03127670288086,33.900001525878906,34.29999923706055,33.47999954223633,33.83000183105469,208400
2022-11-28,30.92577362060547,32.72999954223633,33.4900016784668,32.54999923706055,33.310001373291016,422600
2022-11-29,31.483247756958008,33.31999969482422,33.33000183105469,32.439998626708984,32.779998779296875,411500
2022-11-30,32.7021369934082,34.61000061035156,34.63999938964844,32.59000015258789,33.34000015258789,718800
2022-12-01,33.22182083129883,35.15999984741211,35.279998779296875,34.5099983215332,35.029998779296875,536300
2022-12-02,33.675357818603516,35.63999938964844,35.880001068115234,34.470001220703125,34.58000183105469,735600
2022-12-05,32.721031188964844,34.630001068115234,35.41999816894531,33.970001220703125,35.11000061035156,671200
2022-12-06,31.861196517944336,33.720001220703125,35.0,33.369998931884766,34.849998474121094,603300
2022-12-07,31.87064552307129,33.72999954223633,34.18000030517578,33.439998626708984,33.72999954223633,428900
2022-12-08,32.01237869262695,33.880001068115234,34.52000045776367,33.439998626708984,34.08000183105469,468200
2022-12-09,32.40922927856445,34.29999923706055,34.709999084472656,33.56999969482422,33.56999969482422,567800
2022-12-12,32.78718185424805,34.70000076293945,34.880001068115234,33.7599983215332,34.310001373291016,632300
2022-12-13,33.31630325317383,35.2599983215332,36.61000061035156,34.630001068115234,36.31999969482422,795500
2022-12-14,32.796627044677734,34.709999084472656,35.36000061035156,34.43000030517578,34.93000030517578,562200
2022-12-15,31.738361358642578,33.349998474121094,34.09000015258789,33.25,33.97999954223633,511300
2022-12-16,31.85256576538086,33.470001220703125,33.689998626708984,32.63999938964844,32.84000015258789,2172200
2022-12-19,31.015094757080078,32.59000015258789,33.66999816894531,32.529998779296875,33.380001068115234,496000
2022-12-20,31.633676528930664,33.2400016784668,33.54999923706055,32.709999084472656,32.709999084472656,454900
2022-12-21,32.6614875793457,34.31999969482422,34.63999938964844,33.61000061035156,33.61000061035156,459000
2022-12-22,31.338661193847656,32.93000030517578,34.220001220703125,32.439998626708984,33.880001068115234,678400
2022-12-23,32.09048080444336,33.720001220703125,33.79999923706055,32.880001068115234,32.90999984741211,250800
2022-12-27,32.1571044921875,33.790000915527344,34.22999954223633,33.45000076293945,33.849998474121094,353100
2022-12-28,31.1863956451416,32.77000045776367,34.20000076293945,32.7599983215332,33.97999954223633,559100
2022-12-29,32.4235725402832,34.06999969482422,34.38999938964844,33.029998779296875,33.27000045776367,436600
2022-12-30,32.12854766845703,33.7599983215332,34.040000915527344,33.279998779296875,33.70000076293945,417800
2023-01-03,32.328399658203125,33.970001220703125,34.810001373291016,33.56999969482422,34.31999969482422,628400
2023-01-04,33.927223205566406,35.650001525878906,36.06999969482422,34.380001068115234,34.630001068115234,668600
2023-01-05,34.21272277832031,35.95000076293945,36.08000183105469,34.9900016784668,35.33000183105469,765800
2023-01-06,36.03993225097656,37.869998931884766,38.04999923706055,36.560001373291016,36.560001373291016,611300
2023-01-09,36.011383056640625,37.84000015258789,38.52000045776367,37.59000015258789,38.2400016784668,804000
2023-01-10,36.61094665527344,38.470001220703125,38.470001220703125,37.380001068115234,37.529998779296875,433600
2023-01-11,36.67756271362305,38.540000915527344,39.38999938964844,38.36000061035156,39.16999816894531,378100
2023-01-12,36.28736877441406,38.130001068115234,38.810001373291016,38.04999923706055,38.7400016784668,854900
2023-01-13,36.72514343261719,38.59000015258789,38.59000015258789,37.70000076293945,37.70000076293945,345500
2023-01-17,36.325439453125,38.16999816894531,38.7400016784668,37.650001525878906,38.66999816894531,290800
2023-01-18,36.03041458129883,37.86000061035156,38.7400016784668,37.68000030517578,38.459999084472656,274200
2023-01-19,35.46893310546875,37.27000045776367,37.66999816894531,36.900001525878906,37.47999954223633,513900
2023-01-20,36.72514343261719,38.59000015258789,38.630001068115234,37.0099983215332,37.5099983215332,318600
2023-01-23,37.476966857910156,39.380001068115234,39.470001220703125,38.130001068115234,38.43000030517578,407300
2023-01-24,37.286624908447266,39.18000030517578,39.400001525878906,38.880001068115234,39.220001220703125,323000
2023-01-25,37.19145965576172,39.08000183105469,39.279998779296875,38.18000030517578,38.630001068115234,298600
2023-01-26,37.66730499267578,39.58000183105469,39.68000030517578,38.88999938964844,39.41999816894531,269100
2023-01-27,37.914730072021484,39.84000015258789,39.95000076293945,39.13999938964844,39.18000030517578,184000
2023-01-30,37.610198974609375,39.52000045776367,40.029998779296875,39.290000915527344,39.290000915527344,295200
2023-01-31,38.5618782043457,40.52000045776367,40.59000015258789,39.470001220703125,39.470001220703125,463600
2023-02-01,39.16142654418945,41.150001525878906,41.75,40.15999984741211,40.45000076293945,306300
2023-02-02,40.541351318359375,42.599998474121094,42.61000061035156,41.58000183105469,41.58000183105469,436300
2023-02-03,39.389827728271484,41.38999938964844,42.25,41.150001525878906,41.90999984741211,505400
2023-02-06,38.46670913696289,40.41999816894531,41.2400016784668,40.150001525878906,40.970001220703125,358200
2023-02-07,38.92351531982422,40.900001525878906,41.0099983215332,39.689998626708984,40.040000915527344,356900
2023-02-08,37.857635498046875,39.779998779296875,40.7400016784668,39.59000015258789,40.349998474121094,314100
2023-02-09,36.41109085083008,38.2599983215332,40.22999954223633,38.0,40.11000061035156,346600
2023-02-10,36.04945373535156,37.880001068115234,38.130001068115234,37.459999084472656,38.02000045776367,464500
2023-02-13,37.01064682006836,38.88999938964844,38.90999984741211,37.63999938964844,38.02000045776367,494600
2023-02-14,36.79175567626953,38.65999984741211,39.7599983215332,38.25,38.5,1137400
2023-02-15,40.37005615234375,42.41999816894531,43.70000076293945,40.52000045776367,42.279998779296875,998500
2023-02-16,40.03697204589844,42.06999969482422,42.97999954223633,41.689998626708984,42.779998779296875,815100
2023-02-17,40.85541534423828,42.93000030517578,43.220001220703125,42.0099983215332,42.34000015258789,612100
2023-02-21,39.275630950927734,41.27000045776367,42.369998931884766,40.970001220703125,42.33000183105469,503200
2023-02-22,39.95132064819336,41.97999954223633,42.470001220703125,41.34000015258789,41.34000015258789,551000
2023-02-23,40.0274543762207,42.060001373291016,42.5099983215332,41.290000915527344,42.310001373291016,361800
2023-02-24,40.684112548828125,42.75,42.75,40.779998779296875,41.16999816894531,540700
2023-02-27,41.16946792602539,43.2599983215332,43.5099983215332,42.84000015258789,43.18000030517578,489300
2023-02-28,41.521583557128906,43.630001068115234,44.04999923706055,43.060001373291016,43.06999969482422,565100
2023-03-01,41.7404670715332,43.86000061035156,44.33000183105469,43.439998626708984,43.54999923706055,495400
2023-03-02,41.845157623291016,43.970001220703125,44.08000183105469,43.130001068115234,43.29999923706055,311100
2023-03-03,42.26389694213867,44.40999984741211,44.7400016784668,43.470001220703125,44.369998931884766,409800
2023-03-06,40.81734848022461,42.88999938964844,44.33000183105469,42.4900016784668,44.2599983215332,375200
2023-03-07,39.88470458984375,41.90999984741211,43.02000045776367,41.849998474121094,42.91999816894531,286900
2023-03-08,40.11310958862305,42.150001525878906,42.59000015258789,41.59000015258789,42.02000045776367,318600
2023-03-09,38.96157455444336,40.939998626708984,42.529998779296875,40.810001373291016,42.290000915527344,373600
2023-03-10,37.71488571166992,39.630001068115234,40.779998779296875,39.220001220703125,40.70000076293945,628100
2023-03-13,36.96598434448242,38.599998474121094,39.06999969482422,37.70000076293945,38.25,589600
2023-03-14,38.230106353759766,39.91999816894531,40.86000061035156,39.279998779296875,40.09000015258789,791500
2023-03-15,36.305198669433594,37.90999984741211,38.709999084472656,36.83000183105469,38.34000015258789,748100
2023-03-16,37.07133102416992,38.709999084472656,38.97999954223633,37.25,37.349998474121094,563800
2023-03-17,36.41054153442383,38.02000045776367,38.68000030517578,37.43000030517578,38.439998626708984,1896000
2023-03-20,37.080909729003906,38.720001220703125,39.209999084472656,38.25,38.70000076293945,483500
2023-03-21,37.770423889160156,39.439998626708984,40.02000045776367,38.939998626708984,39.790000915527344,450400
2023-03-22,36.50630569458008,38.119998931884766,39.7400016784668,38.099998474121094,39.560001373291016,538400
2023-03-23,36.40095901489258,38.0099983215332,39.06999969482422,37.599998474121094,38.25,411300
2023-03-24,37.0426025390625,38.68000030517578,38.70000076293945,37.029998779296875,37.529998779296875,437300
2023-03-27,37.147945404052734,38.790000915527344,39.400001525878906,38.630001068115234,39.34000015258789,280200
2023-03-28,37.780006408691406,39.45000076293945,39.63999938964844,38.52000045776367,38.72999954223633,479500
2023-03-29,38.45037841796875,40.150001525878906,40.290000915527344,39.4900016784668,40.060001373291016,619300
2023-03-30,38.68021011352539,40.38999938964844,41.02000045776367,40.15999984741211,40.7400016784668,370600
2023-03-31,39.41761779785156,41.15999984741211,41.20000076293945,40.5,40.540000915527344,532700
2023-04-03,39.25481414794922,40.9900016784668,41.790000915527344,40.54999923706055,41.06999969482422,455400
2023-04-04,38.26841735839844,39.959999084472656,41.0,39.63999938964844,40.939998626708984,451900
2023-04-05,37.98111343383789,39.65999984741211,39.90999984741211,39.099998474121094,39.220001220703125,323300
2023-04-06,38.08646011352539,39.77000045776367,40.04999923706055,39.15999984741211,39.66999816894531,393000
2023-04-10,38.574867248535156,40.279998779296875,40.61000061035156,39.5099983215332,39.5099983215332,489000
2023-04-11,38.87174606323242,40.59000015258789,41.22999954223633,39.91999816894531,40.560001373291016,545900
2023-04-12,38.440792083740234,40.13999938964844,41.5,40.04999923706055,41.43000030517578,369800
2023-04-13,38.900474548339844,40.619998931884766,40.83000183105469,39.7400016784668,40.029998779296875,431900
2023-04-14,38.603607177734375,40.310001373291016,41.18000030517578,39.790000915527344,40.75,330700
2023-04-17,38.938785552978516,40.65999984741211,40.70000076293945,40.13999938964844,40.380001068115234,216900
2023-04-18,38.7185173034668,40.43000030517578,41.27000045776367,40.09000015258789,40.970001220703125,406100
2023-04-19,38.594024658203125,40.29999923706055,40.41999816894531,39.81999969482422,40.11000061035156,432000
2023-04-20,37.78957748413086,39.459999084472656,40.060001373291016,39.130001068115234,39.81999969482422,280100
2023-04-21,37.42566680908203,39.08000183105469,39.54999923706055,38.58000183105469,39.54999923706055,255600
2023-04-24,37.732120513916016,39.400001525878906,39.63999938964844,39.119998931884766,39.22999954223633,170200
2023-04-25,35.989173889160156,37.58000183105469,38.810001373291016,37.560001373291016,38.63999938964844,273300
2023-04-26,35.548641204833984,37.119998931884766,37.7599983215332,36.97999954223633,36.97999954223633,298500
2023-04-27,36.276466369628906,37.880001068115234,37.900001525878906,36.93000030517578,37.38999938964844,228700
2023-04-28,36.87979507446289,38.5099983215332,38.9900016784668,37.88999938964844,37.88999938964844,451700
2023-05-01,37.11921310424805,38.7599983215332,39.369998931884766,38.47999954223633,38.560001373291016,429000
2023-05-02,36.52545928955078,38.13999938964844,38.5,37.20000076293945,38.45000076293945,524400
2023-05-03,36.25730895996094,37.86000061035156,39.41999816894531,37.630001068115234,38.189998626708984,606900
2023-05-04,35.43372344970703,37.0,37.400001525878906,35.83000183105469,36.689998626708984,513900
2023-05-05,36.86064910888672,38.4900016784668,38.689998626708984,37.68000030517578,37.75,413400
2023-05-08,37.109642028808594,38.75,39.04999923706055,38.25,38.810001373291016,297100
2023-05-09,36.59249496459961,38.209999084472656,38.79999923706055,37.970001220703125,38.61000061035156,402700
2023-05-10,37.080909729003906,38.720001220703125,39.16999816894531,37.939998626708984,39.02000045776367,513800
2023-05-11,36.99472427368164,38.630001068115234,38.810001373291016,38.16999816894531,38.209999084472656,410000
2023-05-12,36.98514175415039,38.619998931884766,38.939998626708984,38.16999816894531,38.84000015258789,346100
2023-05-15,37.741703033447266,39.40999984741211,39.709999084472656,38.650001525878906,38.83000183105469,283600
2023-05-16,37.090484619140625,38.72999954223633,39.20000076293945,38.59000015258789,39.20000076293945,355700
2023-05-17,37.82788848876953,39.5,39.650001525878906,38.470001220703125,39.0,482200
2023-05-18,37.80873489379883,39.47999954223633,39.630001068115234,38.9900016784668,39.279998779296875,335500
2023-05-19,37.30117416381836,38.95000076293945,39.65999984741211,38.79999923706055,39.63999938964844,385800
2023-05-22,37.61719512939453,39.279998779296875,39.779998779296875,38.779998779296875,39.18000030517578,254100
2023-05-23,37.25328826904297,38.900001525878906,39.939998626708984,38.650001525878906,38.900001525878906,238400
2023-05-24,36.87979507446289,38.5099983215332,38.720001220703125,38.119998931884766,38.459999084472656,358300
2023-05-25,36.132816314697266,37.72999954223633,38.59000015258789,37.31999969482422,38.38999938964844,316300
2023-05-26,36.43927001953125,38.04999923706055,38.18000030517578,37.56999969482422,37.880001068115234,234800
2023-05-30,36.00831985473633,37.599998474121094,38.47999954223633,37.25,38.02000045776367,369000
2023-05-31,34.95487976074219,36.5,37.66999816894531,36.279998779296875,37.52000045776367,567500
2023-06-01,35.20387649536133,36.7599983215332,37.29999923706055,36.27000045776367,36.4900016784668,340100
2023-06-02,37.770423889160156,39.439998626708984,39.52000045776367,37.560001373291016,37.83000183105469,386900
2023-06-05,37.22455978393555,38.869998931884766,39.27000045776367,38.060001373291016,39.08000183105469,408800
2023-06-06,38.37376022338867,40.06999969482422,40.689998626708984,38.779998779296875,38.849998474121094,595800
2023-06-07,38.8238639831543,40.540000915527344,40.9900016784668,40.099998474121094,40.16999816894531,485400
2023-06-08,38.11518859863281,39.79999923706055,40.540000915527344,39.34000015258789,40.540000915527344,664100
2023-06-09,37.598045349121094,39.2599983215332,39.58000183105469,38.93000030517578,39.58000183105469,382200
2023-06-12,37.7225456237793,39.38999938964844,39.90999984741211,38.90999984741211,39.22999954223633,383800
2023-06-13,38.708946228027344,40.41999816894531,40.529998779296875,39.439998626708984,39.5,457100
2023-06-14,38.25883865356445,39.95000076293945,40.90999984741211,39.560001373291016,40.630001068115234,633000
2023-06-15,38.786922454833984,40.25,40.40999984741211,39.20000076293945,39.369998931884766,448200
2023-06-16,38.690555572509766,40.150001525878906,40.56999969482422,39.47999954223633,40.220001220703125,1028100
2023-06-20,38.25690841674805,39.70000076293945,39.75,38.880001068115234,39.47999954223633,514300
2023-06-21,37.71726989746094,39.13999938964844,39.93000030517578,39.0099983215332,39.5,460600
2023-06-22,37.39926528930664,38.810001373291016,39.040000915527344,38.369998931884766,38.939998626708984,400400
2023-06-23,37.235443115234375,38.63999938964844,38.849998474121094,37.95000076293945,37.95000076293945,2594100
2023-06-26,37.8521728515625,39.279998779296875,39.58000183105469,38.5099983215332,38.5099983215332,444700
2023-06-27,37.98708724975586,39.41999816894531,39.900001525878906,38.84000015258789,39.209999084472656,328200
2023-06-28,38.19908905029297,39.63999938964844,39.68000030517578,39.040000915527344,39.43000030517578,265000
2023-06-29,38.92182540893555,40.38999938964844,40.61000061035156,39.5,39.5,569700
2023-06-30,39.41329574584961,40.900001525878906,41.0,40.150001525878906,40.77000045776367,563700
2023-07-03,39.60601806640625,41.099998474121094,41.33000183105469,40.349998474121094,40.47999954223633,316700
2023-07-05,37.84254837036133,39.27000045776367,40.630001068115234,39.2599983215332,40.61000061035156,411600
2023-07-06,37.30289840698242,38.709999084472656,38.849998474121094,37.86000061035156,38.66999816894531,552600
2023-07-07,38.77728271484375,40.2400016784668,40.52000045776367,38.90999984741211,38.90999984741211,575700
2023-07-10,38.854373931884766,40.31999969482422,40.9900016784668,40.130001068115234,40.130001068115234,501800
2023-07-11,38.76764678955078,40.22999954223633,40.849998474121094,39.97999954223633,40.650001525878906,530900
2023-07-12,39.43256378173828,40.91999816894531,41.2400016784668,40.599998474121094,40.91999816894531,582700
2023-07-13,39.87584686279297,41.380001068115234,41.41999816894531,40.689998626708984,41.060001373291016,484300
2023-07-14,38.87364959716797,40.34000015258789,41.27000045776367,40.119998931884766,41.27000045776367,746800
2023-07-17,38.786922454833984,40.25,40.5,40.02000045776367,40.20000076293945,394400
2023-07-18,39.12419509887695,40.599998474121094,40.97999954223633,40.2599983215332,40.2599983215332,693600
2023-07-19,39.91438674926758,41.41999816894531,41.47999954223633,40.54999923706055,40.619998931884766,565700
2023-07-20,39.59638977050781,41.09000015258789,41.81999969482422,40.66999816894531,41.81999969482422,650000
2023-07-21,39.44219970703125,40.93000030517578,41.18000030517578,40.380001068115234,41.150001525878906,484400
2023-07-24,39.39402389526367,40.880001068115234,41.2599983215332,40.400001525878906,40.869998931884766,525700
2023-07-25,40.22276306152344,41.7400016784668,42.400001525878906,40.97999954223633,40.97999954223633,627000
2023-07-26,40.33839797973633,41.86000061035156,42.2599983215332,41.40999984741211,41.43000030517578,718900
2023-07-27,38.54601287841797,40.0,41.619998931884766,39.619998931884766,41.119998931884766,1333600
2023-07-28,38.67128372192383,40.130001068115234,40.7599983215332,39.970001220703125,40.63999938964844,761100
2023-07-31,39.056739807128906,40.529998779296875,40.959999084472656,39.779998779296875,40.13999938964844,519500
2023-08-01,39.31692886352539,40.79999923706055,40.83000183105469,39.9900016784668,40.02000045776367,379800
2023-08-02,38.67128372192383,40.130001068115234,40.41999816894531,39.689998626708984,40.09000015258789,300700
2023-08-03,37.83290481567383,39.2599983215332,40.08000183105469,39.2400016784668,39.869998931884766,333300
2023-08-04,37.76544952392578,39.189998626708984,40.0099983215332,39.029998779296875,39.279998779296875,310200
2023-08-07,38.3629150390625,39.810001373291016,39.810001373291016,38.939998626708984,39.36000061035156,285300
2023-08-08,37.95818328857422,39.38999938964844,39.470001220703125,38.5099983215332,39.029998779296875,409800
2023-08-09,37.58235549926758,39.0,39.43000030517578,38.79999923706055,39.43000030517578,310600
2023-08-10,37.49563217163086,38.90999984741211,39.41999816894531,38.5099983215332,39.130001068115234,429500
2023-08-11,37.37035369873047,38.779998779296875,39.2400016784668,38.65999984741211,38.81999969482422,387500
2023-08-14,36.92707061767578,38.31999969482422,38.41999816894531,37.91999816894531,38.41999816894531,270100
2023-08-15,35.98270034790039,37.34000015258789,37.86000061035156,37.290000915527344,37.79999923706055,251500
2023-08-16,35.25995635986328,36.59000015258789,37.43000030517578,36.58000183105469,37.20000076293945,326400
2023-08-17,35.72251510620117,37.06999969482422,37.41999816894531,36.72999954223633,36.7599983215332,366900
2023-08-18,35.5105094909668,36.849998474121094,37.31999969482422,36.529998779296875,36.7400016784668,368600
2023-08-21,35.38523864746094,36.720001220703125,36.939998626708984,36.369998931884766,36.880001068115234,322000
2023-08-22,36.04051971435547,37.400001525878906,37.5,36.790000915527344,36.95000076293945,335000
2023-08-23,36.079063415527344,37.439998626708984,37.56999969482422,37.13999938964844,37.459999084472656,254200
2023-08-24,35.61650848388672,36.959999084472656,37.7400016784668,36.93000030517578,37.189998626708984,308100
2023-08-25,36.368160247802734,37.7400016784668,38.11000061035156,37.15999984741211,37.400001525878906,335900
2023-08-28,37.18726348876953,38.59000015258789,38.75,37.790000915527344,37.790000915527344,381400
2023-08-29,38.247276306152344,39.689998626708984,39.7599983215332,38.380001068115234,38.47999954223633,345000
2023-08-30,38.62310791015625,40.08000183105469,40.400001525878906,39.61000061035156,39.61000061035156,398100
2023-08-31,38.652008056640625,40.11000061035156,40.779998779296875,40.06999969482422,40.130001068115234,371600
2023-09-01,39.00856399536133,40.47999954223633,40.970001220703125,40.18000030517578,40.29999923706055,415000
2023-09-05,37.79436111450195,39.220001220703125,40.41999816894531,39.119998931884766,40.33000183105469,354500
2023-09-06,37.649810791015625,39.06999969482422,39.68000030517578,38.59000015258789,39.22999954223633,330800
2023-09-07,36.6765251159668,38.060001373291016,39.09000015258789,37.7599983215332,38.83000183105469,438200
2023-09-08,36.26215744018555,37.630001068115234,38.310001373291016,37.33000183105469,38.099998474121094,318800
2023-09-11,36.51270294189453,37.88999938964844,38.15999984741211,37.54999923706055,37.970001220703125,405400
2023-09-12,36.37779235839844,37.75,38.029998779296875,37.59000015258789,37.70000076293945,279300
2023-09-13,35.67433166503906,37.02000045776367,37.939998626708984,36.97999954223633,37.84000015258789,380400
2023-09-14,36.894779205322266,38.029998779296875,38.150001525878906,37.029998779296875,37.36000061035156,415300
2023-09-15,37.16641616821289,38.310001373291016,38.459999084472656,37.810001373291016,37.849998474121094,1447600
2023-09-18,36.37089920043945,37.4900016784668,38.2400016784668,37.4900016784668,38.2400016784668,303600
2023-09-19,36.06044387817383,37.16999816894531,37.91999816894531,37.029998779296875,37.43000030517578,309800
2023-09-20,35.48806381225586,36.58000183105469,37.790000915527344,36.56999969482422,37.470001220703125,258500
2023-09-21,34.682838439941406,35.75,36.290000915527344,35.52000045776367,36.2400016784668,343800
2023-09-22,34.37238693237305,35.43000030517578,36.08000183105469,35.380001068115234,35.75,298700
2023-09-25,34.66343688964844,35.72999954223633,35.91999816894531,35.040000915527344,35.209999084472656,282600
2023-09-26,33.61567687988281,34.650001525878906,35.61000061035156,34.59000015258789,35.349998474121094,315100
2023-09-27,34.023136138916016,35.06999969482422,35.36000061035156,34.560001373291016,34.86000061035156,341400
2023-09-28,34.50821304321289,35.56999969482422,35.75,35.150001525878906,35.20000076293945,323600
2023-09-29,34.26567459106445,35.31999969482422,36.040000915527344,35.06999969482422,35.900001525878906,327900
2023-10-02,33.75149917602539,34.790000915527344,35.119998931884766,34.349998474121094,35.029998779296875,455800
2023-10-03,33.460453033447266,34.4900016784668,35.02000045776367,34.209999084472656,34.27000045776367,525000
2023-10-04,33.53805923461914,34.56999969482422,34.900001525878906,34.279998779296875,34.63999938964844,498800
2023-10-05,32.713436126708984,33.720001220703125,34.599998474121094,33.439998626708984,34.43000030517578,407600
2023-10-06,32.63582229614258,33.63999938964844,34.119998931884766,33.130001068115234,33.56999969482422,767400
2023-10-09,32.06343460083008,33.04999923706055,33.5,32.81999969482422,33.209999084472656,319600
2023-10-10,32.55820846557617,33.560001373291016,34.25,33.25,33.27000045776367,535800
2023-10-11,33.04328918457031,34.060001373291016,34.099998474121094,33.380001068115234,33.4900016784668,390300
2023-10-12,31.646268844604492,32.619998931884766,34.0,32.52000045776367,34.0,371900
2023-10-13,31.927608489990234,32.90999984741211,33.369998931884766,32.63999938964844,32.83000183105469,322500
2023-10-16,32.08283233642578,33.06999969482422,33.61000061035156,32.959999084472656,33.29999923706055,337300
2023-10-17,32.684326171875,33.689998626708984,33.93000030517578,32.689998626708984,32.689998626708984,801700
2023-10-18,31.423137664794922,32.38999938964844,33.40999984741211,32.36000061035156,33.119998931884766,348800
2023-10-19,31.219402313232422,32.18000030517578,32.88999938964844,31.959999084472656,32.08000183105469,474100
2023-10-20,31.073881149291992,32.029998779296875,32.560001373291016,31.93000030517578,32.47999954223633,525200
2023-10-23,30.8022403717041,31.75,32.25,31.639999389648438,31.780000686645508,555100
2023-10-24,31.025373458862305,31.979999542236328,32.2599983215332,31.729999542236328,32.0099983215332,439300
2023-10-25,30.36566925048828,31.299999237060547,31.8700008392334,31.209999084472656,31.649999618530273,384000
2023-10-26,30.579105377197266,31.520000457763672,31.84000015258789,31.290000915527344,31.649999618530273,297100
2023-10-27,30.24925422668457,31.18000030517578,31.68000030517578,31.0,31.68000030517578,293000
2023-10-30,30.588808059692383,31.530000686645508,31.780000686645508,31.09000015258789,31.65999984741211,277800
2023-10-31,30.676122665405273,31.6200008392334,31.760000228881836,31.350000381469727,31.6299991607666,254100
2023-11-01,30.511198043823242,31.450000762939453,31.549999237060547,30.8799991607666,31.440000534057617,393900
2023-11-02,30.938060760498047,31.889999389648438,31.979999542236328,27.729999542236328,29.18000030517578,1022300
2023-11-03,32.95597457885742,33.970001220703125,34.099998474121094,32.310001373291016,32.72999954223633,646100
2023-11-06,31.47163963317871,32.439998626708984,32.849998474121094,31.93000030517578,31.93000030517578,542900
2023-11-07,31.53955078125,32.5099983215332,32.849998474121094,31.81999969482422,32.25,675100
2023-11-08,31.53955078125,32.5099983215332,32.709999084472656,32.119998931884766,32.470001220703125,318500
2023-11-09,30.928359985351562,31.8799991607666,32.90999984741211,31.790000915527344,32.90999984741211,373400
2023-11-10,31.675373077392578,32.650001525878906,32.7599983215332,31.719999313354492,31.969999313354492,346100
2023-11-13,31.287317276000977,32.25,32.439998626708984,31.450000762939453,31.829999923706055,494400
2023-11-14,32.8492546081543,33.86000061035156,34.380001068115234,33.349998474121094,33.56999969482422,581800
2023-11-15,33.373138427734375,34.400001525878906,34.81999969482422,33.88999938964844,34.0,444200
2023-11-16,33.082088470458984,34.099998474121094,34.380001068115234,33.63999938964844,34.209999084472656,525200
2023-11-17,33.6835823059082,34.720001220703125,34.75,34.150001525878906,34.47999954223633,497400
2023-11-20,34.13955307006836,35.189998626708984,36.41999816894531,34.939998626708984,36.41999816894531,445800
2023-11-21,33.43134307861328,34.459999084472656,35.27000045776367,34.439998626708984,35.0099983215332,465400
2023-11-22,33.19851303100586,34.220001220703125,34.81999969482422,34.11000061035156,34.70000076293945,366700
2023-11-24,33.39253234863281,34.41999816894531,34.709999084472656,34.040000915527344,34.119998931884766,828100
2023-11-27,33.140296936035156,34.15999984741211,34.29999923706055,33.84000015258789,34.16999816894531,374100
2023-11-28,33.14999771118164,34.16999816894531,34.459999084472656,33.869998931884766,33.97999954223633,340200
2023-11-29,33.32462692260742,34.349998474121094,34.88999938964844,34.16999816894531,34.5099983215332,416200
2023-11-30,33.32462692260742,34.349998474121094,34.66999816894531,33.97999954223633,34.439998626708984,534800
2023-12-01,34.44999694824219,35.5099983215332,35.790000915527344,33.9900016784668,34.2400016784668,446800
2023-12-04,34.32387924194336,35.380001068115234,35.790000915527344,35.209999084472656,35.31999969482422,336000
2023-12-05,34.158958435058594,35.209999084472656,35.41999816894531,34.61000061035156,35.119998931884766,541100
2023-12-06,34.440303802490234,35.5,36.279998779296875,35.20000076293945,35.529998779296875,468000
2023-12-07,35.13880920410156,36.220001220703125,36.22999954223633,35.33000183105469,35.7400016784668,383800
2023-12-08,35.33283615112305,36.41999816894531,36.779998779296875,36.16999816894531,36.279998779296875,259100
2023-12-11,35.45895767211914,36.54999923706055,36.7599983215332,36.13999938964844,36.2400016784668,278200
2023-12-12,35.09029769897461,36.16999816894531,36.880001068115234,36.13999938964844,36.70000076293945,368900
2023-12-13,36.807464599609375,37.939998626708984,38.02000045776367,35.720001220703125,35.97999954223633,751000
2023-12-14,38.44652557373047,39.36000061035156,40.060001373291016,38.58000183105469,38.58000183105469,596400
2023-12-15,38.60280990600586,39.52000045776367,40.16999816894531,38.869998931884766,39.470001220703125,1287500
2023-12-18,38.407447814941406,39.31999969482422,39.83000183105469,39.2599983215332,39.75,547300
2023-12-19,39.667510986328125,40.61000061035156,40.75,39.63999938964844,39.79999923706055,479400
2023-12-20,38.80793762207031,39.72999954223633,41.119998931884766,39.63999938964844,40.400001525878906,431100
2023-12-21,39.47215270996094,40.40999984741211,40.52000045776367,39.66999816894531,40.52000045776367,393800
2023-12-22,40.21451187133789,41.16999816894531,41.400001525878906,40.54999923706055,40.56999969482422,346600
2023-12-26,41.0936279296875,42.06999969482422,42.34000015258789,41.08000183105469,41.20000076293945,598500
2023-12-27,41.367130279541016,42.349998474121094,42.630001068115234,41.91999816894531,41.91999816894531,671900
2023-12-28,41.328060150146484,42.310001373291016,42.56999969482422,41.939998626708984,41.939998626708984,589700
2023-12-29,40.60523223876953,41.56999969482422,42.41999816894531,41.560001373291016,42.04999923706055,614300
2024-01-02,40.16567611694336,41.119998931884766,41.65999984741211,40.869998931884766,41.22999954223633,530800
2024-01-03,38.5344352722168,39.45000076293945,40.790000915527344,39.400001525878906,40.560001373291016,599300
2024-01-04,37.870216369628906,38.77000045776367,39.65999984741211,38.7599983215332,39.310001373291016,444500
2024-01-05,37.27436828613281,38.15999984741211,39.2400016784668,38.04999923706055,38.38999938964844,686200
2024-01-08,37.65532302856445,38.54999923706055,38.619998931884766,37.81999969482422,38.11000061035156,571600
2024-01-09,36.96179962158203,37.84000015258789,38.06999969482422,37.279998779296875,37.810001373291016,656100
2024-01-10,37.22553253173828,38.11000061035156,38.15999984741211,37.47999954223633,37.540000915527344,335100
2024-01-11,36.942264556884766,37.81999969482422,37.97999954223633,37.220001220703125,37.81999969482422,317600
2024-01-12,36.580848693847656,37.45000076293945,38.540000915527344,37.310001373291016,38.43000030517578,259400
2024-01-16,36.19990539550781,37.060001373291016,37.13999938964844,36.689998626708984,36.88999938964844,385500
2024-01-17,35.877559661865234,36.72999954223633,36.810001373291016,36.2400016784668,36.2400016784668,281000
2024-01-18,35.56498336791992,36.40999984741211,37.0,35.5,37.0,1186300
2024-01-19,35.84825897216797,36.70000076293945,36.709999084472656,35.810001373291016,36.619998931884766,380400
2024-01-22,36.49293899536133,37.36000061035156,37.38999938964844,36.77000045776367,36.880001068115234,456200
2024-01-23,36.52224349975586,37.38999938964844,38.0,37.2400016784668,37.97999954223633,367200
2024-01-24,35.34032440185547,36.18000030517578,37.65999984741211,36.119998931884766,37.65999984741211,512700
2024-01-25,35.994773864746094,36.849998474121094,37.189998626708984,36.220001220703125,36.95000076293945,579400
2024-01-26,35.95570373535156,36.810001373291016,37.279998779296875,36.72999954223633,37.18000030517578,272700
2024-01-29,36.4441032409668,37.310001373291016,37.31999969482422,36.38999938964844,36.810001373291016,515200
2024-01-30,35.77010726928711,36.619998931884766,37.290000915527344,36.599998474121094,36.97999954223633,628800
2024-01-31,35.369625091552734,36.209999084472656,37.150001525878906,36.08000183105469,36.77000045776367,771500
2024-02-01,36.03384780883789,36.88999938964844,36.88999938964844,35.9900016784668,36.58000183105469,403400
2024-02-02,35.79941940307617,36.650001525878906,36.79999923706055,35.689998626708984,36.16999816894531,437000
2024-02-05,34.96914291381836,35.79999923706055,36.08000183105469,35.58000183105469,35.95000076293945,491400
2024-02-06,35.242645263671875,36.08000183105469,36.560001373291016,35.7599983215332,35.849998474121094,293100
2024-02-07,35.4282341003418,36.27000045776367,36.38999938964844,35.790000915527344,36.2400016784668,281800
2024-02-08,36.151058197021484,37.0099983215332,37.029998779296875,36.0099983215332,36.220001220703125,355000
2024-02-09,36.063148498535156,36.91999816894531,37.11000061035156,36.45000076293945,36.97999954223633,406500
2024-02-12,36.76643753051758,37.63999938964844,38.02000045776367,37.099998474121094,37.099998474121094,507500
2024-02-13,35.242645263671875,36.08000183105469,36.77000045776367,35.86000061035156,36.31999969482422,717200
2024-02-14,37.9678955078125,38.869998931884766,39.22999954223633,37.33000183105469,38.88999938964844,768000
2024-02-15,38.57350540161133,39.4900016784668,39.709999084472656,38.5,39.099998474121094,730600
2024-02-16,37.997196197509766,38.900001525878906,39.599998474121094,38.83000183105469,39.09000015258789,434700
2024-02-20,37.81160354614258,38.709999084472656,38.79999923706055,38.34000015258789,38.34000015258789,443800
2024-02-21,38.0265007019043,38.93000030517578,38.939998626708984,38.40999984741211,38.709999084472656,311900
2024-02-22,38.358612060546875,39.27000045776367,39.33000183105469,38.75,38.939998626708984,359200
2024-02-23,38.260929107666016,39.16999816894531,39.400001525878906,38.91999816894531,39.25,293600
2024-02-26,38.87630844116211,39.79999923706055,39.880001068115234,38.88999938964844,38.970001220703125,326600
2024-02-27,39.18888473510742,40.119998931884766,40.34000015258789,39.9900016784668,40.209999084472656,323000
2024-02-28,38.90561294555664,39.83000183105469,40.41999816894531,39.68000030517578,39.7599983215332,264000
2024-02-29,39.54052734375,40.47999954223633,40.72999954223633,39.9900016784668,40.380001068115234,455500
2024-03-01,39.5893669128418,40.529998779296875,40.83000183105469,40.31999969482422,40.63999938964844,242400
2024-03-04,39.53076171875,40.470001220703125,40.77000045776367,40.40999984741211,40.529998779296875,193500
2024-03-05,39.120506286621094,40.04999923706055,40.720001220703125,39.790000915527344,40.06999969482422,267800
2024-03-06,39.384239196777344,40.31999969482422,40.72999954223633,40.02000045776367,40.61000061035156,211700
2024-03-07,40.28289031982422,41.2400016784668,41.41999816894531,40.70000076293945,40.70000076293945,231600
2024-03-08,40.38057327270508,41.34000015258789,41.900001525878906,41.220001220703125,41.65999984741211,226600
2024-03-11,40.829891204833984,41.79999923706055,41.869998931884766,41.209999084472656,41.36000061035156,484900
2024-03-12,40.34149932861328,41.29999923706055,41.790000915527344,41.04999923706055,41.790000915527344,297800
2024-03-13,40.67360305786133,41.63999938964844,41.91999816894531,41.060001373291016,41.060001373291016,311200
2024-03-14,39.765193939208984,40.709999084472656,41.34000015258789,40.31999969482422,41.2599983215332,333600
2024-03-15,39.98008346557617,40.93000030517578,41.380001068115234,40.5099983215332,40.5099983215332,908500
2024-03-18,39.56526184082031,40.25,41.04999923706055,40.220001220703125,40.70000076293945,467000
2024-03-19,39.54560470581055,40.22999954223633,40.54999923706055,39.83000183105469,40.22999954223633,436200
2024-03-20,40.744850158691406,41.45000076293945,41.599998474121094,40.0,40.060001373291016,623400
2024-03-21,41.197025299072266,41.90999984741211,42.369998931884766,41.66999816894531,41.77000045776367,477600
2024-03-22,40.65637969970703,41.36000061035156,42.099998474121094,41.220001220703125,41.959999084472656,375800
2024-03-25,41.1577033996582,41.869998931884766,42.08000183105469,41.40999984741211,41.47999954223633,236000
2024-03-26,41.079063415527344,41.790000915527344,42.279998779296875,41.709999084472656,42.2599983215332,296800
2024-03-27,42.22916030883789,42.959999084472656,42.9900016784668,42.20000076293945,42.20000076293945,305500
2024-03-28,42.661678314208984,43.400001525878906,43.720001220703125,42.959999084472656,43.04999923706055,384200
2024-04-01,42.24882125854492,42.97999954223633,43.72999954223633,42.63999938964844,43.47999954223633,403200
2024-04-02,41.96375274658203,42.689998626708984,42.81999969482422,42.150001525878906,42.31999969482422,348200
2024-04-03,42.553550720214844,43.290000915527344,43.47999954223633,42.150001525878906,42.290000915527344,356000
2024-04-04,41.68851852416992,42.40999984741211,43.970001220703125,42.31999969482422,43.880001068115234,438900
2024-04-05,41.84579849243164,42.56999969482422,42.790000915527344,42.18000030517578,42.279998779296875,377100
2024-04-08,41.96375274658203,42.689998626708984,43.25,42.66999816894531,42.849998474121094,247600
2024-04-09,42.60269546508789,43.34000015258789,43.41999816894531,42.81999969482422,42.9900016784668,194900
2024-04-10,41.010257720947266,41.720001220703125,42.380001068115234,41.33000183105469,41.9900016784668,526000
2024-04-11,41.42311096191406,42.13999938964844,42.29999923706055,41.650001525878906,41.81999969482422,433400
2024-04-12,40.57774353027344,41.279998779296875,42.099998474121094,40.81999969482422,41.79999923706055,394400
2024-04-15,41.18719482421875,41.900001525878906,42.0099983215332,41.400001525878906,41.540000915527344,759800
2024-04-16,41.06923294067383,41.779998779296875,42.400001525878906,41.150001525878906,41.279998779296875,942800
2024-04-17,41.41328048706055,42.130001068115234,42.5,41.91999816894531,42.15999984741211,1111400
2024-04-18,41.639366149902344,42.36000061035156,43.099998474121094,42.099998474121094,42.54999923706055,851100
2024-04-19,41.7966423034668,42.52000045776367,42.77000045776367,42.15999984741211,42.16999816894531,615100
2024-04-22,42.209503173828125,42.939998626708984,43.470001220703125,42.25,42.66999816894531,592500
2024-04-23,42.57320785522461,43.310001373291016,43.470001220703125,42.59000015258789,42.79999923706055,372500
2024-04-24,42.5240592956543,43.2599983215332,43.5,42.630001068115234,43.130001068115234,924400
2024-04-25,42.06205368041992,42.790000915527344,43.099998474121094,42.189998626708984,42.88999938964844,563500
2024-04-26,42.4847412109375,43.220001220703125,43.849998474121094,42.75,43.130001068115234,326900
2024-04-29,42.56337356567383,43.29999923706055,43.86000061035156,43.2400016784668,43.529998779296875,459300
2024-04-30,41.69834518432617,42.41999816894531,43.2400016784668,42.349998474121094,42.91999816894531,544500
2024-05-01,42.24882125854492,42.97999954223633,43.83000183105469,42.61000061035156,42.779998779296875,439000
2024-05-02,43.19248580932617,43.939998626708984,44.18000030517578,43.09000015258789,43.34000015258789,477100
2024-05-03,43.408748626708984,44.15999984741211,44.93000030517578,43.959999084472656,44.849998474121094,305400
2024-05-06,43.69381332397461,44.45000076293945,44.83000183105469,44.119998931884766,44.599998474121094,457700
2024-05-07,45.53199768066406,46.31999969482422,47.869998931884766,45.459999084472656,45.459999084472656,874700
2024-05-08,44.352413177490234,45.119998931884766,46.099998474121094,44.95000076293945,46.06999969482422,574700
2024-05-09,44.82424545288086,45.599998474121094,45.959999084472656,45.040000915527344,45.369998931884766,573700
2024-05-10,44.70629119873047,45.47999954223633,45.75,45.150001525878906,45.65999984741211,337600
2024-05-13,44.755435943603516,45.529998779296875,46.2599983215332,45.45000076293945,45.810001373291016,375700
2024-05-14,44.558841705322266,45.33000183105469,46.029998779296875,45.29999923706055,46.029998779296875,379100
2024-05-15,44.99135971069336,45.77000045776367,45.810001373291016,45.18000030517578,45.59000015258789,351800
2024-05-16,44.88322830200195,45.65999984741211,45.88999938964844,45.43000030517578,45.630001068115234,427500
2024-05-17,45.276424407958984,46.060001373291016,46.36000061035156,45.709999084472656,45.84000015258789,436400
2024-05-20,44.804588317871094,45.58000183105469,46.13999938964844,45.529998779296875,45.970001220703125,334900
2024-05-21,44.814422607421875,45.59000015258789,45.70000076293945,45.20000076293945,45.349998474121094,268600
2024-05-22,43.998538970947266,44.7599983215332,45.47999954223633,44.54999923706055,45.310001373291016,230900
2024-05-23,43.64466094970703,44.400001525878906,44.9900016784668,43.959999084472656,44.84000015258789,366700
2024-05-24,44.21479415893555,44.97999954223633,45.18000030517578,44.65999984741211,44.810001373291016,272700
2024-05-28,43.84125900268555,44.599998474121094,45.25,44.38999938964844,45.25,297500
2024-05-29,42.99589157104492,43.7400016784668,44.119998931884766,43.68000030517578,43.88999938964844,209900
2024-05-30,43.44806671142578,44.20000076293945,44.38999938964844,43.880001068115234,44.09000015258789,259900
2024-05-31,43.91990280151367,44.68000030517578,44.720001220703125,44.0099983215332,44.310001373291016,383600
2024-06-03,43.12367630004883,43.869998931884766,44.90999984741211,43.709999084472656,44.810001373291016,340800
2024-06-04,43.18265914916992,43.93000030517578,44.119998931884766,43.369998931884766,43.619998931884766,508900
2024-06-05,44.185306549072266,44.95000076293945,45.0,43.900001525878906,44.040000915527344,368000
2024-06-06,44.30326461791992,45.06999969482422,45.22999954223633,44.619998931884766,44.70000076293945,382800
2024-06-07,43.310447692871094,44.060001373291016,44.7599983215332,44.029998779296875,44.599998474121094,244600
2024-06-10,43.28095626831055,44.029998779296875,44.150001525878906,43.2400016784668,43.2599983215332,343400
2024-06-11,43.20232009887695,43.95000076293945,44.18000030517578,43.459999084472656,43.81999969482422,333000
2024-06-12,44.00836944580078,44.77000045776367,45.93000030517578,44.5,45.31999969482422,369300
2024-06-13,43.064701080322266,43.810001373291016,44.599998474121094,43.36000061035156,44.4900016784668,191600
2024-06-14,42.14069366455078,42.869998931884766,43.459999084472656,42.59000015258789,43.13999938964844,354200
2024-06-17,42.700992584228516,43.439998626708984,43.439998626708984,42.52000045776367,42.52000045776367,437700
2024-06-18,42.936912536621094,43.68000030517578,43.93000030517578,43.279998779296875,43.54999923706055,487000
2024-06-20,42.91725158691406,43.65999984741211,44.349998474121094,43.470001220703125,43.5099983215332,441100
2024-06-21,43.34047317504883,43.83000183105469,43.849998474121094,42.75,43.439998626708984,823600
2024-06-24,43.29103088378906,43.779998779296875,44.40999984741211,43.7599983215332,44.0099983215332,452300
2024-06-25,42.28242111206055,42.7599983215332,43.529998779296875,42.36000061035156,43.529998779296875,557200
2024-06-26,42.677955627441406,43.15999984741211,43.2599983215332,42.349998474121094,42.58000183105469,592600
2024-06-27,42.707618713378906,43.189998626708984,43.5099983215332,42.790000915527344,43.290000915527344,245200
2024-06-28,43.16248321533203,43.650001525878906,43.77000045776367,43.09000015258789,43.459999084472656,1974400
2024-07-01,41.70890426635742,42.18000030517578,43.709999084472656,42.130001068115234,43.58000183105469,468900
2024-07-02,41.82756042480469,42.29999923706055,42.470001220703125,41.91999816894531,42.36000061035156,452600
2024-07-03,42.11431884765625,42.59000015258789,43.16999816894531,42.20000076293945,42.599998474121094,223400
2024-07-05,41.54079818725586,42.0099983215332,42.36000061035156,41.68000030517578,42.20000076293945,352900
2024-07-08,41.728675842285156,42.20000076293945,42.86000061035156,42.119998931884766,42.369998931884766,333800
2024-07-09,41.105712890625,41.56999969482422,42.2400016784668,41.47999954223633,41.97999954223633,392900
2024-07-10,41.461692810058594,41.93000030517578,42.04999923706055,41.77000045776367,41.900001525878906,566900
2024-07-11,43.083377838134766,43.56999969482422,43.939998626708984,42.529998779296875,42.959999084472656,554000
2024-07-12,43.32069778442383,43.810001373291016,44.209999084472656,43.599998474121094,44.040000915527344,529500
2024-07-15,43.76566696166992,44.2599983215332,44.790000915527344,43.63999938964844,44.060001373291016,471300
2024-07-16,46.21797561645508,46.7400016784668,46.95000076293945,44.41999816894531,44.5099983215332,706100
2024-07-17,46.069644927978516,46.59000015258789,47.36000061035156,46.09000015258789,46.41999816894531,522800
2024-07-18,44.98193359375,45.4900016784668,47.099998474121094,45.43000030517578,46.150001525878906,457100
2024-07-19,44.01287841796875,44.5099983215332,45.45000076293945,44.290000915527344,45.45000076293945,519500
2024-07-22,45.061038970947266,45.56999969482422,45.61000061035156,44.029998779296875,44.65999984741211,444000
2024-07-23,45.26869201660156,45.779998779296875,46.13999938964844,45.29999923706055,45.540000915527344,372000
2024-07-24,44.042545318603516,44.540000915527344,46.25,44.470001220703125,45.58000183105469,405200
2024-07-25,44.44796371459961,44.95000076293945,45.650001525878906,44.2400016784668,44.40999984741211,684300
2024-07-26,44.93248748779297,45.439998626708984,45.70000076293945,44.81999969482422,45.70000076293945,370600
2024-07-29,44.576515197753906,45.08000183105469,45.68000030517578,44.7599983215332,45.58000183105469,289800
2024-07-30,44.576515197753906,45.08000183105469,45.72999954223633,44.869998931884766,45.02000045776367,381000
2024-07-31,44.7347297668457,45.2400016784668,46.08000183105469,44.959999084472656,45.470001220703125,612900
2024-08-01,43.943660736083984,44.439998626708984,45.779998779296875,44.130001068115234,45.11000061035156,605900
2024-08-02,42.35164260864258,42.83000183105469,42.959999084472656,41.93000030517578,42.70000076293945,530900
2024-08-05,40.39375305175781,40.849998474121094,41.33000183105469,39.959999084472656,40.560001373291016,674400
2024-08-06,44.36885452270508,44.869998931884766,45.63999938964844,41.08000183105469,41.20000076293945,1162300
2024-08-07,42.944942474365234,43.43000030517578,45.97999954223633,43.209999084472656,45.97999954223633,733800
2024-08-08,44.47762680053711,44.97999954223633,45.09000015258789,44.02000045776367,44.189998626708984,449300
2024-08-09,44.22053527832031,44.720001220703125,45.369998931884766,44.52000045776367,44.97999954223633,442300
2024-08-12,44.30952835083008,44.810001373291016,44.869998931884766,44.0099983215332,44.779998779296875,458700
2024-08-13,44.7643928527832,45.27000045776367,45.5,44.650001525878906,45.189998626708984,476400
2024-08-14,44.33919143676758,44.84000015258789,45.5,44.72999954223633,45.43000030517578,331500
2024-08-15,45.71366500854492,46.22999954223633,46.56999969482422,45.709999084472656,46.20000076293945,337900
2024-08-16,45.83232879638672,46.349998474121094,46.59000015258789,45.56999969482422,46.16999816894531,279700
2024-08-19,46.16852569580078,46.689998626708984,46.72999954223633,46.18000030517578,46.41999816894531,239900
2024-08-20,45.30824661254883,45.81999969482422,46.540000915527344,45.7400016784668,46.529998779296875,331700
2024-08-21,46.21797561645508,46.7400016784668,46.79999923706055,45.91999816894531,46.06999969482422,269300
2024-08-22,46.20808029174805,46.72999954223633,47.0,46.38999938964844,46.65999984741211,264700
2024-08-23,48.04730987548828,48.59000015258789,48.90999984741211,46.959999084472656,47.15999984741211,375700
2024-08-26,48.09674835205078,48.63999938964844,49.41999816894531,48.43000030517578,49.0,343100
2024-08-27,47.968204498291016,48.5099983215332,48.790000915527344,48.08000183105469,48.4900016784668,296100
2024-08-28,47.71110534667969,48.25,48.900001525878906,48.209999084472656,48.27000045776367,328500
2024-08-29,48.274742126464844,48.81999969482422,49.470001220703125,48.209999084472656,48.810001373291016,225300
2024-08-30,48.581275939941406,49.130001068115234,49.349998474121094,48.38999938964844,49.040000915527344,507300
2024-09-03,46.7914924621582,47.31999969482422,48.72999954223633,46.97999954223633,48.459999084472656,375600
2024-09-04,46.346519470214844,46.869998931884766,47.650001525878906,46.7599983215332,47.06999969482422,347700
2024-09-05,45.74333190917969,46.2599983215332,47.06999969482422,45.95000076293945,46.84000015258789,922100
2024-09-06,44.635841369628906,45.13999938964844,46.650001525878906,45.04999923706055,46.279998779296875,438100
2024-09-09,44.13153839111328,44.630001068115234,45.400001525878906,44.61000061035156,45.09000015258789,571100
2024-09-10,44.497406005859375,45.0,45.11000061035156,44.209999084472656,44.58000183105469,525100
2024-09-11,45.13025665283203,45.63999938964844,45.779998779296875,44.15999984741211,44.63999938964844,432400
2024-09-12,45.456573486328125,45.970001220703125,46.11000061035156,45.34000015258789,45.86000061035156,322600
2024-09-13,46.85670471191406,47.119998931884766,47.15999984741211,46.20000076293945,46.41999816894531,510100
2024-09-16,46.836814880371094,47.099998474121094,47.63999938964844,46.709999084472656,47.45000076293945,376300
2024-09-17,47.334022521972656,47.599998474121094,48.29999923706055,47.36000061035156,47.5099983215332,302700
2024-09-18,47.36385726928711,47.630001068115234,48.939998626708984,47.279998779296875,47.65999984741211,423700
2024-09-19,48.69636917114258,48.970001220703125,49.130001068115234,48.349998474121094,49.130001068115234,1256500
2024-09-20,47.83122634887695,48.099998474121094,48.58000183105469,47.720001220703125,48.58000183105469,1276500
2024-09-23,48.398040771484375,48.66999816894531,49.439998626708984,48.40999984741211,48.40999984741211,552500
2024-09-24,49.382511138916016,49.65999984741211,50.0,48.959999084472656,49.18000030517578,378200
2024-09-25,49.10407638549805,49.380001068115234,49.83000183105469,49.20000076293945,49.779998779296875,347700
2024-09-26,50.53602981567383,50.81999969482422,51.0,50.119998931884766,50.2599983215332,426700
2024-09-27,50.12832260131836,50.40999984741211,51.5099983215332,50.04999923706055,51.290000915527344,420800
2024-09-30,50.038822174072266,50.31999969482422,50.380001068115234,49.650001525878906,50.16999816894531,289200
2024-10-01,49.35268020629883,49.630001068115234,50.310001373291016,49.31999969482422,50.310001373291016,314800
2024-10-02,49.004634857177734,49.279998779296875,49.880001068115234,49.130001068115234,49.400001525878906,223600
2024-10-03,48.10966491699219,48.380001068115234,48.959999084472656,48.29999923706055,48.959999084472656,265100
2024-10-04,48.86541748046875,49.13999938964844,49.45000076293945,48.650001525878906,49.38999938964844,314900
2024-10-07,48.65658950805664,48.93000030517578,48.9900016784668,48.45000076293945,48.65999984741211,272700
2024-10-08,47.98039245605469,48.25,49.04999923706055,48.06999969482422,48.83000183105469,326700
2024-10-09,48.417930603027344,48.689998626708984,49.040000915527344,48.22999954223633,48.25,387000
2024-10-10,47.70195770263672,47.970001220703125,48.56999969482422,47.849998474121094,48.54999923706055,384100
2024-10-11,48.23893737792969,48.5099983215332,48.619998931884766,48.0099983215332,48.0099983215332,336700
2024-10-14,49.521728515625,49.79999923706055,49.83000183105469,48.2599983215332,48.66999816894531,530300
2024-10-15,49.6311149597168,49.90999984741211,50.45000076293945,49.630001068115234,49.650001525878906,370900
2024-10-16,50.655357360839844,50.939998626708984,51.400001525878906,50.27000045776367,50.349998474121094,739300
2024-10-17,50.99345779418945,51.279998779296875,51.439998626708984,50.689998626708984,51.22999954223633,508900
2024-10-18,50.06865310668945,50.349998474121094,51.119998931884766,50.29999923706055,51.0099983215332,553800
2024-10-21,48.646644592285156,48.91999816894531,50.290000915527344,48.65999984741211,50.290000915527344,412600
2024-10-22,48.05994415283203,48.33000183105469,48.650001525878906,48.119998931884766,48.650001525878906,287300
2024-10-23,47.60251235961914,47.869998931884766,48.599998474121094,47.45000076293945,47.88999938964844,379600
2024-10-24,47.79145431518555,48.060001373291016,48.119998931884766,47.25,48.119998931884766,423500
2024-10-25,47.741729736328125,48.0099983215332,48.43000030517578,47.790000915527344,48.290000915527344,364100
2024-10-28,48.646644592285156,48.91999816894531,49.0,48.439998626708984,48.439998626708984,308800
2024-10-29,48.686424255371094,48.959999084472656,49.0099983215332,48.150001525878906,48.150001525878906,481400
2024-10-30,48.24888229370117,48.52000045776367,49.91999816894531,48.470001220703125,48.66999816894531,669600
2024-10-31,46.34955596923828,46.61000061035156,50.959999084472656,46.2400016784668,49.5,1065700
2024-11-01,45.882179260253906,46.13999938964844,47.380001068115234,45.459999084472656,47.25,683100
2024-11-04,46.409217834472656,46.66999816894531,46.81999969482422,46.15999984741211,46.31999969482422,477300
2024-11-05,47.92072296142578,48.189998626708984,48.220001220703125,46.0099983215332,46.130001068115234,521400
2024-11-06,50.655357360839844,50.939998626708984,54.68000030517578,50.459999084472656,53.869998931884766,999000
2024-11-07,51.16250991821289,51.45000076293945,51.59000015258789,50.400001525878906,50.9900016784668,695200
2024-11-08,51.27189636230469,51.560001373291016,51.7400016784668,50.810001373291016,51.2400016784668,536400
2024-11-11,51.81882095336914,52.11000061035156,52.36000061035156,51.68000030517578,51.939998626708984,357500
2024-11-12,50.794578552246094,51.08000183105469,52.189998626708984,51.0,51.86000061035156,436700
2024-11-13,51.242061614990234,51.529998779296875,51.91999816894531,51.119998931884766,51.34000015258789,469200
2024-11-14,50.86418914794922,51.150001525878906,52.27000045776367,50.52000045776367,51.810001373291016,449600
2024-11-15,50.35703659057617,50.63999938964844,51.540000915527344,50.279998779296875,51.47999954223633,363400
2024-11-18,50.446533203125,50.72999954223633,51.54999923706055,50.540000915527344,50.63999938964844,468300
2024-11-19,49.61122512817383,49.88999938964844,50.2599983215332,49.290000915527344,50.18000030517578,584800
2024-11-20,49.54161834716797,49.81999969482422,49.88999938964844,48.97999954223633,49.599998474121094,341900
2024-11-21,50.884071350097656,51.16999816894531,51.349998474121094,50.060001373291016,50.16999816894531,414500
2024-11-22,51.98786926269531,52.279998779296875,52.439998626708984,51.209999084472656,51.31999969482422,417000
2024-11-25,52.87289810180664,53.16999816894531,53.61000061035156,52.61000061035156,52.77000045776367,653800
2024-11-26,52.206642150878906,52.5,52.9900016784668,51.86000061035156,52.68000030517578,535200
2024-11-27,50.99345779418945,51.279998779296875,53.25,51.22999954223633,52.77000045776367,493100
2024-11-29,50.963626861572266,51.25,51.77000045776367,51.04999923706055,51.7599983215332,270700
2024-12-02,51.281837463378906,51.56999969482422,51.65999984741211,50.630001068115234,51.349998474121094,414500
2024-12-03,51.053123474121094,51.34000015258789,51.72999954223633,50.959999084472656,51.72999954223633,363900
2024-12-04,50.15815353393555,50.439998626708984,51.5099983215332,50.290000915527344,51.40999984741211,911700
2024-12-05,49.6311149597168,49.90999984741211,51.08000183105469,49.869998931884766,50.75,570500
2024-12-06,49.58139419555664,49.86000061035156,50.40999984741211,49.810001373291016,50.310001373291016,416100
2024-12-09,49.50183868408203,49.779998779296875,50.83000183105469,49.63999938964844,50.47999954223633,513700
2024-12-10,49.044410705566406,49.31999969482422,50.2400016784668,48.90999984741211,49.869998931884766,525400
2024-12-11,48.88530731201172,49.15999984741211,49.86000061035156,49.06999969482422,49.650001525878906,543700
2024-12-12,48.04999923706055,48.31999969482422,49.22999954223633,48.31999969482422,49.04999923706055,342300
2024-12-13,47.52000045776367,47.52000045776367,48.060001373291016,47.43000030517578,47.790000915527344,449800
2024-12-16,46.88999938964844,46.88999938964844,47.66999816894531,46.849998474121094,47.52000045776367,586700
2024-12-17,45.91999816894531,45.91999816894531,47.060001373291016,45.75,46.61000061035156,969300
2024-12-18,42.369998931884766,42.369998931884766,46.400001525878906,42.33000183105469,46.11000061035156,1086500
2024-12-19,41.689998626708984,41.689998626708984,42.900001525878906,41.4900016784668,42.689998626708984,737200
2024-12-20,41.5,41.5,42.380001068115234,41.13999938964844,41.13999938964844,1410100
