Date,Adj Close,Close,High,Low,Open,Volume
2019-02-13,110.4000015258789,110.4000015258789,117.0,101.69999694824219,105.0,5673
2019-02-14,112.80000305175781,112.80000305175781,123.30000305175781,109.19999694824219,110.4000015258789,2090
2019-02-15,114.5999984741211,114.5999984741211,121.19999694824219,114.5999984741211,121.19999694824219,977
2019-02-19,116.94000244140625,116.94000244140625,121.19999694824219,115.68000030517578,121.19999694824219,873
2019-02-20,120.0,120.0,121.19999694824219,110.7300033569336,121.19999694824219,1820
2019-02-21,123.0,123.0,123.30000305175781,120.0,123.30000305175781,920
2019-02-22,120.9000015258789,120.9000015258789,123.0,116.0999984741211,120.87000274658203,667
2019-02-25,115.5,115.5,123.30000305175781,113.94000244140625,115.80000305175781,1927
2019-02-26,119.69999694824219,119.69999694824219,120.0,117.23999786376953,117.4800033569336,210
2019-02-27,118.5,118.5,119.69999694824219,114.38999938964844,119.69999694824219,217
2019-02-28,117.0,117.0,121.5,112.5,117.0,200
2019-03-01,112.73999786376953,112.73999786376953,119.69999694824219,112.5,119.69999694824219,250
2019-03-04,102.30000305175781,102.30000305175781,119.4000015258789,102.30000305175781,115.5,983
2019-03-05,96.4800033569336,96.4800033569336,103.80000305175781,96.4800033569336,96.5999984741211,57
2019-03-06,81.5999984741211,81.5999984741211,96.4800033569336,78.30000305175781,96.30000305175781,1907
2019-03-07,80.0999984741211,80.0999984741211,90.0,78.0,89.91000366210938,430
2019-03-08,88.94999694824219,88.94999694824219,89.69999694824219,81.9000015258789,84.95999908447266,1053
2019-03-11,88.94999694824219,88.94999694824219,115.5,87.51000213623047,97.5,297
2019-03-12,99.0,99.0,116.87999725341797,88.5,90.5999984741211,2233
2019-03-13,91.19999694824219,91.19999694824219,112.19999694824219,90.5999984741211,112.19999694824219,430
2019-03-14,93.0,93.0,116.06999969482422,91.80000305175781,103.5,607
2019-03-15,93.5999984741211,93.5999984741211,102.0,89.63999938964844,94.80000305175781,740
2019-03-18,91.19999694824219,91.19999694824219,101.25,91.19999694824219,93.0,90
2019-03-19,111.5999984741211,111.5999984741211,138.0,94.91999816894531,101.58000183105469,7940
2019-03-20,112.5,112.5,138.0,105.5999984741211,121.5,5103
2019-03-21,117.0,117.0,124.86000061035156,109.6500015258789,124.86000061035156,337
2019-03-22,120.5999984741211,120.5999984741211,127.44000244140625,115.19999694824219,115.19999694824219,440
2019-03-25,118.19999694824219,118.19999694824219,128.10000610351562,117.0,128.10000610351562,193
2019-03-26,110.0999984741211,110.0999984741211,129.89999389648438,109.5,117.9000015258789,530
2019-03-27,210.3000030517578,210.3000030517578,216.14999389648438,112.5,123.95999908447266,20583
2019-03-28,145.5,145.5,193.5,142.5,193.5,8590
2019-03-29,150.0,150.0,163.02000427246094,135.0,144.0,1250
2019-04-01,159.0,159.0,175.5,150.0,164.39999389648438,6137
2019-04-02,165.0,165.0,172.5,150.0,163.5,6697
2019-04-03,168.0,168.0,168.0,157.5,165.0,1750
2019-04-04,162.60000610351562,162.60000610351562,175.5,160.5,169.44000244140625,1883
2019-04-05,163.5,163.5,169.5,162.0,165.0,787
2019-04-08,161.27999877929688,161.27999877929688,168.0,152.5800018310547,168.0,1257
2019-04-09,159.60000610351562,159.60000610351562,167.25,153.0,156.3000030517578,580
2019-04-10,157.58999633789062,157.58999633789062,162.0,138.0,162.0,1050
2019-04-11,150.0,150.0,166.5,147.4199981689453,156.9600067138672,1047
2019-04-12,135.0,135.0,159.99000549316406,123.5999984741211,150.3000030517578,1463
2019-04-15,139.8000030517578,139.8000030517578,153.3000030517578,138.0,141.89999389648438,200
2019-04-16,127.05000305175781,127.05000305175781,140.33999633789062,109.5,140.10000610351562,1733
2019-04-17,112.80000305175781,112.80000305175781,149.6999969482422,112.80000305175781,138.27000427246094,1857
2019-04-18,124.5,124.5,128.5500030517578,113.0999984741211,120.9000015258789,533
2019-04-22,128.10000610351562,128.10000610351562,130.74000549316406,118.80000305175781,130.1999969482422,443
2019-04-23,130.1999969482422,130.1999969482422,131.97000122070312,120.0,120.0,167
2019-04-24,131.97000122070312,131.97000122070312,131.97000122070312,128.16000366210938,129.05999755859375,23
2019-04-25,138.60000610351562,138.60000610351562,142.11000061035156,132.60000610351562,132.60000610351562,680
2019-04-26,133.44000244140625,133.44000244140625,139.5,127.5,127.5,627
2019-04-29,120.5999984741211,120.5999984741211,134.5800018310547,120.0,129.60000610351562,620
2019-04-30,131.39999389648438,131.39999389648438,135.3000030517578,122.0999984741211,122.69999694824219,393
2019-05-01,129.80999755859375,129.80999755859375,129.80999755859375,120.62999725341797,129.75,43
2019-05-02,124.86000061035156,124.86000061035156,126.56999969482422,120.0,122.69999694824219,290
2019-05-03,128.0399932861328,128.0399932861328,128.0399932861328,121.94999694824219,123.0,117
2019-05-06,122.97000122070312,122.97000122070312,125.61000061035156,122.97000122070312,123.44999694824219,110
2019-05-07,121.70999908447266,121.70999908447266,126.98999786376953,119.69999694824219,124.5,593
2019-05-08,120.5999984741211,120.5999984741211,120.5999984741211,117.0,120.0,170
2019-05-09,119.55000305175781,119.55000305175781,121.80000305175781,118.5,121.26000213623047,97
2019-05-10,118.41000366210938,118.41000366210938,118.41000366210938,118.19999694824219,118.19999694824219,20
2019-05-13,119.4000015258789,119.4000015258789,120.5999984741211,108.0,111.0,637
2019-05-14,118.13999938964844,118.13999938964844,118.13999938964844,117.77999877929688,117.77999877929688,20
2019-05-15,130.0500030517578,130.0500030517578,132.60000610351562,121.13999938964844,123.5999984741211,503
2019-05-16,126.5999984741211,126.5999984741211,135.0,120.9000015258789,135.0,223
2019-05-17,126.30000305175781,126.30000305175781,128.4600067138672,124.80000305175781,128.4600067138672,67
2019-05-20,130.8000030517578,130.8000030517578,132.0,120.12000274658203,132.0,30
2019-05-21,128.10000610351562,128.10000610351562,129.9600067138672,120.9000015258789,129.9600067138672,73
2019-05-22,128.10000610351562,128.10000610351562,128.10000610351562,128.10000610351562,128.10000610351562,3
2019-05-23,120.9000015258789,120.9000015258789,130.11000061035156,120.9000015258789,128.97000122070312,47
2019-05-24,121.5,121.5,129.8699951171875,121.5,126.0,243
2019-05-28,141.0,141.0,155.6999969482422,129.3000030517578,138.0,1747
2019-05-29,144.3300018310547,144.3300018310547,165.0,132.0,144.0,2497
2019-05-30,149.07000732421875,149.07000732421875,150.60000610351562,136.1699981689453,144.0,220
2019-05-31,147.89999389648438,147.89999389648438,150.60000610351562,135.3000030517578,150.60000610351562,183
2019-06-03,142.8000030517578,142.8000030517578,150.60000610351562,136.1999969482422,136.1999969482422,93
2019-06-04,148.2899932861328,148.2899932861328,149.6699981689453,141.47999572753906,146.30999755859375,117
2019-06-05,143.6999969482422,143.6999969482422,165.0,140.10000610351562,143.6999969482422,887
2019-06-06,147.0,147.0,162.75,146.27999877929688,162.0,160
2019-06-07,144.60000610351562,144.60000610351562,161.10000610351562,138.69000244140625,149.6999969482422,370
2019-06-10,141.0,141.0,149.6999969482422,138.14999389648438,138.5399932861328,83
2019-06-11,132.60000610351562,132.60000610351562,148.11000061035156,132.0,141.0,527
2019-06-12,145.1999969482422,145.1999969482422,152.00999450683594,132.0,132.0,383
2019-06-13,141.60000610351562,141.60000610351562,150.0,138.89999389648438,147.0,550
2019-06-14,142.5,142.5,142.8000030517578,132.66000366210938,132.66000366210938,140
2019-06-17,150.0,150.0,154.5,144.3000030517578,148.74000549316406,1330
2019-06-18,149.39999389648438,149.39999389648438,153.0,144.0,152.27999877929688,117
2019-06-19,141.0,141.0,150.0,127.5,144.0,747
2019-06-20,137.10000610351562,137.10000610351562,138.3000030517578,129.60000610351562,138.3000030517578,397
2019-06-21,120.9000015258789,120.9000015258789,136.5,120.9000015258789,136.5,520
2019-06-24,123.93000030517578,123.93000030517578,130.5,114.0,130.5,527
2019-06-25,114.05999755859375,114.05999755859375,120.95999908447266,114.0,116.0999984741211,333
2019-06-26,114.0,114.0,117.5999984741211,114.0,114.0,77
2019-06-27,117.5999984741211,117.5999984741211,128.25,114.0,122.69999694824219,57
2019-06-28,119.69999694824219,119.69999694824219,124.19999694824219,117.0,124.19999694824219,70
2019-07-01,132.0,132.0,132.0,126.0,126.87000274658203,253
2019-07-02,126.0,126.0,131.39999389648438,126.0,126.0,167
2019-07-03,126.0,126.0,126.0,126.0,126.0,0
2019-07-05,128.75999450683594,128.75999450683594,129.89999389648438,126.0,128.94000244140625,87
2019-07-08,126.0,126.0,138.0,126.0,137.6999969482422,173
2019-07-09,125.43000030517578,125.43000030517578,138.0,115.5,126.0,190
2019-07-10,125.0999984741211,125.0999984741211,125.0999984741211,117.0,117.0,87
2019-07-11,115.5,115.5,124.83000183105469,115.5,121.68000030517578,163
2019-07-12,106.83000183105469,106.83000183105469,125.63999938964844,98.04000091552734,120.62999725341797,467
2019-07-15,112.26000213623047,112.26000213623047,118.86000061035156,112.26000213623047,112.5,57
2019-07-16,112.5,112.5,119.79000091552734,108.30000305175781,119.79000091552734,163
2019-07-17,108.30000305175781,108.30000305175781,111.0,106.80000305175781,108.0,70
2019-07-18,103.5,103.5,110.69999694824219,103.5,110.69999694824219,47
2019-07-19,91.5,91.5,111.0,81.41999816894531,108.0,563
2019-07-22,94.80000305175781,94.80000305175781,99.0,82.5,98.61000061035156,457
2019-07-23,98.69999694824219,98.69999694824219,98.69999694824219,84.9000015258789,94.88999938964844,180
2019-07-24,103.55999755859375,103.55999755859375,105.0,90.30000305175781,97.80000305175781,223
2019-07-25,99.9000015258789,99.9000015258789,108.5999984741211,96.30000305175781,108.5999984741211,130
2019-07-26,105.0,105.0,105.0,96.0,96.0,263
2019-07-29,114.30000305175781,114.30000305175781,133.5,98.69999694824219,98.69999694824219,320
2019-07-30,126.0,126.0,131.39999389648438,106.80000305175781,113.79000091552734,513
2019-07-31,119.94000244140625,119.94000244140625,126.0,115.80000305175781,120.0,277
2019-08-01,105.0,105.0,126.66000366210938,103.5,120.0,387
2019-08-02,126.0,126.0,130.5,115.5,116.0999984741211,83
2019-08-05,127.83000183105469,127.83000183105469,132.60000610351562,115.5,115.5,127
2019-08-06,120.0,120.0,132.0,116.4000015258789,120.0,380
2019-08-07,127.52999877929688,127.52999877929688,130.1699981689453,117.0,117.41999816894531,283
2019-08-08,120.5999984741211,120.5999984741211,128.85000610351562,117.0,117.0,37
2019-08-09,126.02999877929688,126.02999877929688,127.52999877929688,115.5,120.0,153
2019-08-12,129.89999389648438,129.89999389648438,131.25,116.0999984741211,116.0999984741211,50
2019-08-13,131.10000610351562,131.10000610351562,160.5,118.3499984741211,130.5,6367
2019-08-14,110.0999984741211,110.0999984741211,129.3000030517578,108.72000122070312,123.30000305175781,1280
2019-08-15,105.5999984741211,105.5999984741211,116.06999969482422,105.0,110.0999984741211,260
2019-08-16,118.83000183105469,118.83000183105469,148.1999969482422,114.0,114.0,2653
2019-08-19,118.5,118.5,129.60000610351562,115.5,127.5,1093
2019-08-20,126.0,126.0,126.93000030517578,113.0999984741211,113.0999984741211,280
2019-08-21,124.80000305175781,124.80000305175781,125.4000015258789,118.80000305175781,125.4000015258789,40
2019-08-22,123.30000305175781,123.30000305175781,125.0999984741211,118.80000305175781,123.69000244140625,383
2019-08-23,120.9000015258789,120.9000015258789,121.5,118.5,118.5,180
2019-08-26,120.9000015258789,120.9000015258789,120.9000015258789,118.5,118.5,40
2019-08-27,114.0,114.0,120.9000015258789,112.5,119.48999786376953,387
2019-08-28,117.30000305175781,117.30000305175781,119.0999984741211,113.94000244140625,117.08999633789062,257
2019-08-29,122.4000015258789,122.4000015258789,122.69999694824219,117.9000015258789,122.12999725341797,17
2019-08-30,120.0,120.0,120.0,115.19999694824219,117.62999725341797,327
2019-09-03,119.12999725341797,119.12999725341797,119.12999725341797,114.5999984741211,114.5999984741211,33
2019-09-04,117.9000015258789,117.9000015258789,120.69000244140625,117.0,117.0,47
2019-09-05,118.80000305175781,118.80000305175781,120.0,114.30000305175781,116.12999725341797,83
2019-09-06,119.0999984741211,119.0999984741211,119.0999984741211,117.0,117.30000305175781,23
2019-09-09,120.0,120.0,120.0,112.19999694824219,117.0,177
2019-09-10,118.05000305175781,118.05000305175781,119.45999908447266,114.0,115.5,330
2019-09-11,121.80000305175781,121.80000305175781,121.80000305175781,114.30000305175781,120.0,427
2019-09-12,119.0999984741211,119.0999984741211,119.0999984741211,109.5,117.0,350
2019-09-13,119.0999984741211,119.0999984741211,119.0999984741211,113.04000091552734,114.9000015258789,227
2019-09-16,119.0999984741211,119.0999984741211,119.0999984741211,110.43000030517578,118.5,483
2019-09-17,121.5,121.5,121.5,114.30000305175781,118.80000305175781,680
2019-09-18,116.4000015258789,116.4000015258789,126.0,116.4000015258789,121.5,1413
2019-09-19,109.5,109.5,127.5,106.5,117.5999984741211,820
2019-09-20,115.80000305175781,115.80000305175781,120.0,111.30000305175781,115.80000305175781,1693
2019-09-23,111.0,111.0,119.97000122070312,107.69999694824219,119.97000122070312,810
2019-09-24,114.30000305175781,114.30000305175781,115.70999908447266,101.37000274658203,108.9000015258789,963
2019-09-25,105.0,105.0,110.0999984741211,105.0,108.44999694824219,50
2019-09-26,105.9000015258789,105.9000015258789,111.0,105.0,105.9000015258789,197
2019-09-27,103.91999816894531,103.91999816894531,106.70999908447266,94.3499984741211,106.5,533
2019-09-30,109.31999969482422,109.31999969482422,109.31999969482422,97.5,103.5,223
2019-10-01,96.0,96.0,106.11000061035156,95.69999694824219,98.55000305175781,720
2019-10-02,95.4000015258789,95.4000015258789,100.19999694824219,95.4000015258789,96.0,233
2019-10-03,94.5,94.5,100.44000244140625,93.0,95.4000015258789,293
2019-10-04,93.69000244140625,93.69000244140625,93.69000244140625,93.69000244140625,93.69000244140625,17
2019-10-07,88.19999694824219,88.19999694824219,97.5,88.19999694824219,92.0999984741211,117
2019-10-08,96.0,96.0,96.0,88.6500015258789,93.2699966430664,77
2019-10-09,90.30000305175781,90.30000305175781,96.33000183105469,88.5,96.33000183105469,90
2019-10-10,92.04000091552734,92.04000091552734,92.04000091552734,87.75,87.75,13
2019-10-11,85.80000305175781,85.80000305175781,90.0,82.91999816894531,86.0999984741211,347
2019-10-14,86.4000015258789,86.4000015258789,86.4000015258789,81.30000305175781,84.9000015258789,43
2019-10-15,94.19999694824219,94.19999694824219,102.5999984741211,90.5999984741211,90.9000015258789,283
2019-10-16,92.16000366210938,92.16000366210938,92.16000366210938,82.5,91.2300033569336,247
2019-10-17,98.0999984741211,98.0999984741211,98.0999984741211,90.0,90.0,107
2019-10-18,88.5,88.5,100.19999694824219,88.5,91.80000305175781,143
2019-10-21,96.9000015258789,96.9000015258789,96.9000015258789,91.58999633789062,95.97000122070312,73
2019-10-22,90.0,90.0,97.80000305175781,90.0,90.0,133
2019-10-23,84.0,84.0,92.45999908447266,79.6500015258789,90.0,560
2019-10-24,82.5,82.5,89.4000015258789,75.0,85.83000183105469,343
2019-10-25,83.7300033569336,83.7300033569336,85.80000305175781,82.5,85.80000305175781,53
2019-10-28,90.5999984741211,90.5999984741211,93.9000015258789,85.5,87.0,483
2019-10-29,79.5,79.5,89.69999694824219,79.5,84.5999984741211,307
2019-10-30,78.93000030517578,78.93000030517578,86.4000015258789,72.5999984741211,79.5,273
2019-10-31,86.94000244140625,86.94000244140625,91.5,78.4800033569336,78.83999633789062,630
2019-11-01,82.19999694824219,82.19999694824219,91.5,75.5999984741211,82.5,793
2019-11-04,70.13999938964844,70.13999938964844,82.94999694824219,69.9000015258789,78.0,517
2019-11-05,76.5,76.5,92.69999694824219,67.5,79.5,3947
2019-11-06,78.9000015258789,78.9000015258789,87.9000015258789,78.1500015258789,79.19999694824219,903
2019-11-07,78.30000305175781,78.30000305175781,81.9000015258789,75.0,81.9000015258789,157
2019-11-08,75.30000305175781,75.30000305175781,78.0,72.5999984741211,75.36000061035156,407
2019-11-11,72.75,72.75,72.75,65.0999984741211,72.0,167
2019-11-12,73.5,73.5,76.19999694824219,72.33000183105469,76.19999694824219,87
2019-11-13,64.19999694824219,64.19999694824219,70.5,59.099998474121094,66.0,1163
2019-11-14,62.400001525878906,62.400001525878906,69.5999984741211,58.5,64.5,927
2019-11-15,62.70000076293945,62.70000076293945,66.9000015258789,58.5,63.0,607
2019-11-18,62.849998474121094,62.849998474121094,66.9000015258789,46.20000076293945,65.69999694824219,130
2019-11-19,63.27000045776367,63.27000045776367,68.4000015258789,63.0,67.83000183105469,257
2019-11-20,63.0,63.0,67.80000305175781,63.0,63.41999816894531,140
2019-11-21,63.0,63.0,68.16000366210938,63.0,68.16000366210938,167
2019-11-22,62.040000915527344,62.040000915527344,66.0,59.099998474121094,66.0,390
2019-11-25,60.09000015258789,60.09000015258789,60.75,60.09000015258789,60.75,50
2019-11-26,59.310001373291016,59.310001373291016,61.20000076293945,52.5,59.70000076293945,643
2019-11-27,55.5,55.5,58.08000183105469,49.5,58.02000045776367,620
2019-11-29,59.130001068115234,59.130001068115234,59.72999954223633,57.29999923706055,58.79999923706055,53
2019-12-02,55.79999923706055,55.79999923706055,58.79999923706055,53.099998474121094,57.29999923706055,307
2019-12-03,53.130001068115234,53.130001068115234,53.400001525878906,52.79999923706055,53.099998474121094,43
2019-12-04,58.5,58.5,58.5,54.0,54.29999923706055,157
2019-12-05,60.29999923706055,60.29999923706055,105.0,54.599998474121094,64.80000305175781,41483
2019-12-06,55.20000076293945,55.20000076293945,59.70000076293945,48.599998474121094,48.599998474121094,4647
2019-12-09,51.599998474121094,51.599998474121094,56.400001525878906,45.900001525878906,56.400001525878906,2657
2019-12-10,48.29999923706055,48.29999923706055,53.70000076293945,46.20000076293945,53.70000076293945,890
2019-12-11,42.0,42.0,48.599998474121094,40.5,48.0,2933
2019-12-12,52.02000045776367,52.02000045776367,52.02000045776367,42.0,42.0,2170
2019-12-13,48.0,48.0,52.5,46.5,51.900001525878906,733
2019-12-16,49.5,49.5,52.5,45.0,48.0,1037
2019-12-17,45.29999923706055,45.29999923706055,48.29999923706055,42.900001525878906,42.900001525878906,410
2019-12-18,47.400001525878906,47.400001525878906,47.400001525878906,44.400001525878906,44.400001525878906,553
2019-12-19,45.29999923706055,45.29999923706055,51.0,45.0,49.20000076293945,730
2019-12-20,46.79999923706055,46.79999923706055,51.0,44.70000076293945,45.29999923706055,1587
2019-12-23,51.0,51.0,51.0,42.0,46.20000076293945,1160
2019-12-24,50.400001525878906,50.400001525878906,51.0,45.0,45.0,973
2019-12-26,51.0,51.0,51.0,45.29999923706055,45.900001525878906,1357
2019-12-27,44.70000076293945,44.70000076293945,50.099998474121094,44.099998474121094,48.0,1810
2019-12-30,46.5,46.5,46.5,44.70000076293945,46.5,913
2019-12-31,45.0,45.0,87.9000015258789,38.400001525878906,49.5,19373
2020-01-02,48.29999923706055,48.29999923706055,52.20000076293945,39.29999923706055,41.099998474121094,4063
2020-01-03,47.099998474121094,47.099998474121094,51.599998474121094,42.33000183105469,48.0,2147
2020-01-06,48.29999923706055,48.29999923706055,49.5,43.5,49.5,2110
2020-01-07,51.900001525878906,51.900001525878906,55.5,43.79999923706055,48.0,3583
2020-01-08,47.70000076293945,47.70000076293945,56.70000076293945,45.0,53.70000076293945,5377
2020-01-09,47.400001525878906,47.400001525878906,50.70000076293945,42.900001525878906,49.20000076293945,4753
2020-01-10,47.70000076293945,47.70000076293945,49.79999923706055,44.4900016784668,49.79999923706055,1487
2020-01-13,43.20000076293945,43.20000076293945,53.400001525878906,40.5,47.400001525878906,12577
2020-01-14,43.79999923706055,43.79999923706055,46.20000076293945,38.400001525878906,42.599998474121094,3767
2020-01-15,44.099998474121094,44.099998474121094,45.599998474121094,39.0,43.95000076293945,2107
2020-01-16,43.5,43.5,45.599998474121094,40.79999923706055,43.20000076293945,1300
2020-01-17,40.20000076293945,40.20000076293945,49.20000076293945,39.0,42.29999923706055,39437
2020-01-21,39.0,39.0,42.29999923706055,37.79999923706055,42.0,7603
2020-01-22,36.720001220703125,36.720001220703125,39.0,35.70000076293945,38.400001525878906,7273
2020-01-23,36.5099983215332,36.5099983215332,37.79999923706055,33.599998474121094,37.79999923706055,3843
2020-01-24,35.70000076293945,35.70000076293945,37.79999923706055,33.900001525878906,36.599998474121094,4223
2020-01-27,33.29999923706055,33.29999923706055,36.0,33.0,36.0,2187
2020-01-28,33.900001525878906,33.900001525878906,36.0,33.0,35.099998474121094,2020
2020-01-29,36.0,36.0,37.79999923706055,33.84000015258789,34.02000045776367,6107
2020-01-30,35.400001525878906,35.400001525878906,36.599998474121094,33.209999084472656,35.099998474121094,2943
2020-01-31,33.0,33.0,35.400001525878906,31.5,34.5,3247
2020-02-03,30.899999618530273,30.899999618530273,34.5,30.299999237060547,31.200000762939453,3063
2020-02-04,31.5,31.5,33.0,30.0,33.0,1983
2020-02-05,31.799999237060547,31.799999237060547,37.20000076293945,30.239999771118164,30.299999237060547,13903
2020-02-06,30.0,30.0,33.0,28.049999237060547,33.0,3327
2020-02-07,31.200000762939453,31.200000762939453,33.0,28.799999237060547,28.799999237060547,2390
2020-02-10,32.099998474121094,32.099998474121094,32.400001525878906,29.399999618530273,31.200000762939453,1420
2020-02-11,33.56999969482422,33.56999969482422,34.20000076293945,29.700000762939453,32.099998474121094,6533
2020-02-12,29.399999618530273,29.399999618530273,39.0,29.1299991607666,34.20000076293945,28093
2020-02-13,30.299999237060547,30.299999237060547,32.70000076293945,27.899999618530273,30.299999237060547,19020
2020-02-14,29.25,29.25,32.400001525878906,28.649999618530273,30.600000381469727,14250
2020-02-18,28.020000457763672,28.020000457763672,29.25,27.0,29.25,6577
2020-02-19,25.799999237060547,25.799999237060547,27.600000381469727,24.450000762939453,27.600000381469727,9607
2020-02-20,26.100000381469727,26.100000381469727,26.579999923706055,25.200000762939453,25.5,3417
2020-02-21,27.1200008392334,27.1200008392334,29.700000762939453,24.93000030517578,25.3799991607666,3597
2020-02-24,25.440000534057617,25.440000534057617,27.0,24.899999618530273,24.899999618530273,1807
2020-02-25,25.5,25.5,26.700000762939453,24.899999618530273,26.280000686645508,3877
2020-02-26,26.399999618530273,26.399999618530273,27.0,24.600000381469727,25.5,4180
2020-02-27,25.440000534057617,25.440000534057617,25.799999237060547,23.1299991607666,24.299999237060547,2423
2020-02-28,29.700000762939453,29.700000762939453,35.400001525878906,22.110000610351562,25.5,59640
2020-03-02,25.799999237060547,25.799999237060547,31.799999237060547,24.18000030517578,28.5,22917
2020-03-03,24.0,24.0,26.399999618530273,23.549999237060547,25.5,5737
2020-03-04,25.200000762939453,25.200000762939453,30.899999618530273,23.100000381469727,23.489999771118164,27913
2020-03-05,22.68000030517578,22.68000030517578,25.229999542236328,22.649999618530273,23.700000762939453,7590
2020-03-06,22.229999542236328,22.229999542236328,23.399999618530273,21.360000610351562,22.799999237060547,1793
2020-03-09,18.809999465942383,18.809999465942383,22.200000762939453,15.0,22.200000762939453,4937
2020-03-10,20.399999618530273,20.399999618530273,22.799999237060547,18.600000381469727,20.700000762939453,3333
2020-03-11,24.600000381469727,24.600000381469727,34.79999923706055,22.5,28.5,118217
2020-03-12,19.559999465942383,19.559999465942383,23.100000381469727,19.200000762939453,22.799999237060547,8650
2020-03-13,19.200000762939453,19.200000762939453,20.700000762939453,15.329999923706055,19.979999542236328,8267
2020-03-16,16.290000915527344,16.290000915527344,18.899999618530273,15.0,17.100000381469727,7270
2020-03-17,15.569999694824219,15.569999694824219,19.31999969482422,13.199999809265137,15.0,18523
2020-03-18,14.100000381469727,14.100000381469727,16.170000076293945,13.5,15.0,3550
2020-03-19,14.100000381469727,14.100000381469727,14.640000343322754,12.600000381469727,13.170000076293945,1230
2020-03-20,13.710000038146973,13.710000038146973,15.779999732971191,12.600000381469727,14.100000381469727,1910
2020-03-23,13.199999809265137,13.199999809265137,15.0,12.6899995803833,15.0,3307
2020-03-24,148.5,148.5,148.5,46.5,60.0,1068220
2020-03-25,66.9000015258789,66.9000015258789,105.0,63.29999923706055,94.5,242997
2020-03-26,66.0,66.0,93.0,58.5,64.5,239323
2020-03-27,59.099998474121094,59.099998474121094,63.599998474121094,54.599998474121094,60.599998474121094,34620
2020-03-30,49.20000076293945,49.20000076293945,59.099998474121094,47.400001525878906,58.5,20297
2020-03-31,60.599998474121094,60.599998474121094,61.79999923706055,46.5,48.29999923706055,30110
2020-04-01,50.70000076293945,50.70000076293945,54.060001373291016,46.79999923706055,52.79999923706055,12803
2020-04-02,47.400001525878906,47.400001525878906,49.20000076293945,46.5,48.0,6970
2020-04-03,42.900001525878906,42.900001525878906,48.900001525878906,39.900001525878906,47.70000076293945,9410
2020-04-06,43.5,43.5,46.79999923706055,39.0,40.5,8283
2020-04-07,42.29999923706055,42.29999923706055,46.20000076293945,41.400001525878906,45.0,5507
2020-04-08,40.79999923706055,40.79999923706055,43.20000076293945,39.599998474121094,41.400001525878906,7400
2020-04-09,47.099998474121094,47.099998474121094,48.0,40.79999923706055,41.400001525878906,18653
2020-04-13,53.400001525878906,53.400001525878906,59.70000076293945,45.0,47.400001525878906,46133
2020-04-14,51.900001525878906,51.900001525878906,54.900001525878906,49.5,53.70000076293945,10467
2020-04-15,49.79999923706055,49.79999923706055,53.70000076293945,46.20000076293945,53.70000076293945,6190
2020-04-16,48.900001525878906,48.900001525878906,51.0,48.0,51.0,2490
2020-04-17,48.29999923706055,48.29999923706055,49.79999923706055,47.400001525878906,49.79999923706055,3817
2020-04-20,48.599998474121094,48.599998474121094,50.70000076293945,47.400001525878906,47.400001525878906,2387
2020-04-21,47.70000076293945,47.70000076293945,48.29999923706055,46.5,47.400001525878906,2397
2020-04-22,46.5,46.5,48.0,45.900001525878906,48.0,2463
2020-04-23,45.0,45.0,46.290000915527344,42.0,45.599998474121094,3543
2020-04-24,42.599998474121094,42.599998474121094,45.0,42.599998474121094,45.0,4343
2020-04-27,41.70000076293945,41.70000076293945,43.79999923706055,41.400001525878906,42.0,4980
2020-04-28,41.70000076293945,41.70000076293945,43.20000076293945,41.400001525878906,41.70000076293945,2797
2020-04-29,47.099998474121094,47.099998474121094,49.20000076293945,41.400001525878906,42.29999923706055,12283
2020-04-30,43.79999923706055,43.79999923706055,48.29999923706055,42.0,48.0,4563
2020-05-01,45.599998474121094,45.599998474121094,45.900001525878906,42.599998474121094,42.599998474121094,2497
2020-05-04,46.13999938964844,46.13999938964844,48.29999923706055,42.599998474121094,44.70000076293945,3700
2020-05-05,49.5,49.5,58.79999923706055,46.20000076293945,47.099998474121094,45680
2020-05-06,50.400001525878906,50.400001525878906,53.70000076293945,48.29999923706055,50.70000076293945,13500
2020-05-07,52.20000076293945,52.20000076293945,53.70000076293945,49.20000076293945,51.900001525878906,7383
2020-05-08,51.29999923706055,51.29999923706055,55.5,49.5,51.29999923706055,7613
2020-05-11,50.70000076293945,50.70000076293945,54.599998474121094,50.400001525878906,51.599998474121094,4600
2020-05-12,49.79999923706055,49.79999923706055,51.599998474121094,48.0,51.599998474121094,9043
2020-05-13,46.79999923706055,46.79999923706055,51.0,45.29999923706055,51.0,6143
2020-05-14,46.20000076293945,46.20000076293945,50.099998474121094,45.0,45.900001525878906,11030
2020-05-15,49.79999923706055,49.79999923706055,54.0,46.5,49.5,15327
2020-05-18,48.56999969482422,48.56999969482422,51.29999923706055,47.099998474121094,51.29999923706055,5133
2020-05-19,48.0,48.0,49.5,46.5,48.29999923706055,2250
2020-05-20,50.099998474121094,50.099998474121094,50.70000076293945,45.900001525878906,47.099998474121094,9330
2020-05-21,48.29999923706055,48.29999923706055,50.58000183105469,48.0,49.20000076293945,1720
2020-05-22,48.599998474121094,48.599998474121094,50.34000015258789,48.0,48.29999923706055,3003
2020-05-26,48.900001525878906,48.900001525878906,49.650001525878906,47.400001525878906,49.5,2383
2020-05-27,47.70000076293945,47.70000076293945,49.5,47.099998474121094,49.5,2700
2020-05-28,46.5,46.5,48.0,46.20000076293945,47.099998474121094,1443
2020-05-29,46.20000076293945,46.20000076293945,47.400001525878906,44.70000076293945,47.400001525878906,3547
2020-06-01,45.29999923706055,45.29999923706055,46.20000076293945,45.0,45.599998474121094,1290
2020-06-02,46.20000076293945,46.20000076293945,46.79999923706055,45.0,45.0,3007
2020-06-03,47.70000076293945,47.70000076293945,49.5,45.0,46.5,15220
2020-06-04,47.70000076293945,47.70000076293945,50.400001525878906,46.79999923706055,48.0,5320
2020-06-05,51.0,51.0,52.20000076293945,48.0,48.0,11400
2020-06-08,49.5,49.5,53.70000076293945,48.599998474121094,52.5,9757
2020-06-09,65.0999984741211,65.0999984741211,75.0,48.0,49.5,38223
2020-06-10,54.900001525878906,54.900001525878906,64.5,52.79999923706055,57.900001525878906,25667
2020-06-11,45.599998474121094,45.599998474121094,52.20000076293945,45.599998474121094,52.20000076293945,10553
2020-06-12,47.099998474121094,47.099998474121094,52.20000076293945,45.599998474121094,49.5,4100
2020-06-15,48.900001525878906,48.900001525878906,53.70000076293945,42.900001525878906,45.0,11763
2020-06-16,53.099998474121094,53.099998474121094,56.400001525878906,47.099998474121094,50.400001525878906,21883
2020-06-17,51.0,51.0,59.400001525878906,49.79999923706055,57.0,27363
2020-06-18,46.20000076293945,46.20000076293945,53.099998474121094,45.29999923706055,53.099998474121094,20583
2020-06-19,45.900001525878906,45.900001525878906,51.599998474121094,45.0,45.599998474121094,14480
2020-06-22,45.900001525878906,45.900001525878906,49.5,45.599998474121094,46.5,7363
2020-06-23,47.099998474121094,47.099998474121094,48.599998474121094,45.599998474121094,46.5,12800
2020-06-24,42.900001525878906,42.900001525878906,46.5,41.70000076293945,46.5,15713
2020-06-25,42.900001525878906,42.900001525878906,44.25,42.0,42.29999923706055,3180
2020-06-26,41.099998474121094,41.099998474121094,43.20000076293945,41.099998474121094,43.20000076293945,4640
2020-06-29,40.79999923706055,40.79999923706055,43.5,39.29999923706055,41.099998474121094,9930
2020-06-30,37.5,37.5,42.29999923706055,36.0,37.5,11017
2020-07-01,36.540000915527344,36.540000915527344,38.70000076293945,36.0,37.79999923706055,2937
2020-07-02,36.599998474121094,36.599998474121094,38.099998474121094,36.0,38.099998474121094,3510
2020-07-06,37.79999923706055,37.79999923706055,38.70000076293945,35.400001525878906,37.79999923706055,3630
2020-07-07,37.79999923706055,37.79999923706055,38.81999969482422,37.20000076293945,38.099998474121094,2613
2020-07-08,36.29999923706055,36.29999923706055,38.220001220703125,36.0,37.79999923706055,2227
2020-07-09,35.400001525878906,35.400001525878906,37.20000076293945,34.5,36.599998474121094,2690
2020-07-10,35.70000076293945,35.70000076293945,37.5,34.79999923706055,35.400001525878906,4757
2020-07-13,36.900001525878906,36.900001525878906,37.79999923706055,36.0,36.29999923706055,3627
2020-07-14,37.5,37.5,38.400001525878906,36.0,36.900001525878906,1697
2020-07-15,39.29999923706055,39.29999923706055,42.900001525878906,37.20000076293945,37.20000076293945,6293
2020-07-16,39.0,39.0,41.400001525878906,39.0,40.20000076293945,2423
2020-07-17,39.0,39.0,40.20000076293945,38.400001525878906,39.599998474121094,3560
2020-07-20,39.0,39.0,40.5,38.400001525878906,38.70000076293945,3317
2020-07-21,38.400001525878906,38.400001525878906,42.0,38.099998474121094,39.0,5827
2020-07-22,38.400001525878906,38.400001525878906,40.20000076293945,38.400001525878906,39.29999923706055,1517
2020-07-23,37.79999923706055,37.79999923706055,39.0,37.5,39.0,1447
2020-07-24,37.5,37.5,39.0,37.20000076293945,39.0,903
2020-07-27,36.0,36.0,43.5,35.099998474121094,38.70000076293945,11113
2020-07-28,38.70000076293945,38.70000076293945,40.5,35.400001525878906,37.79999923706055,6987
2020-07-29,36.900001525878906,36.900001525878906,38.70000076293945,35.70000076293945,38.70000076293945,4503
2020-07-30,37.5,37.5,37.5,36.29999923706055,36.29999923706055,950
2020-07-31,39.29999923706055,39.29999923706055,41.099998474121094,36.0,36.900001525878906,5987
2020-08-03,39.599998474121094,39.599998474121094,42.900001525878906,38.70000076293945,39.0,22960
2020-08-04,47.400001525878906,47.400001525878906,48.900001525878906,41.400001525878906,43.5,24320
2020-08-05,48.599998474121094,48.599998474121094,77.63999938964844,45.29999923706055,47.70000076293945,208457
2020-08-06,40.5,40.5,47.099998474121094,39.65999984741211,45.599998474121094,27797
2020-08-07,39.29999923706055,39.29999923706055,42.29999923706055,39.0,41.099998474121094,11790
2020-08-10,39.29999923706055,39.29999923706055,41.099998474121094,38.70000076293945,39.29999923706055,6830
2020-08-11,38.099998474121094,38.099998474121094,39.900001525878906,37.5,39.29999923706055,6830
2020-08-12,36.900001525878906,36.900001525878906,38.790000915527344,36.900001525878906,38.099998474121094,5463
2020-08-13,36.599998474121094,36.599998474121094,38.70000076293945,36.29999923706055,36.900001525878906,2867
2020-08-14,34.79999923706055,34.79999923706055,37.650001525878906,31.200000762939453,36.599998474121094,13890
2020-08-17,34.20000076293945,34.20000076293945,36.0,33.630001068115234,34.20000076293945,2613
2020-08-18,33.29999923706055,33.29999923706055,34.20000076293945,33.0,33.599998474121094,3307
2020-08-19,33.29999923706055,33.29999923706055,35.400001525878906,33.0,33.29999923706055,1743
2020-08-20,33.599998474121094,33.599998474121094,34.02000045776367,32.099998474121094,33.0,2910
2020-08-21,32.70000076293945,32.70000076293945,33.900001525878906,32.400001525878906,33.900001525878906,1793
2020-08-24,33.0,33.0,33.599998474121094,32.400001525878906,32.70000076293945,3127
2020-08-25,33.0,33.0,33.0,32.099998474121094,32.400001525878906,1217
2020-08-26,31.799999237060547,31.799999237060547,33.900001525878906,31.799999237060547,32.400001525878906,3537
2020-08-27,30.600000381469727,30.600000381469727,32.400001525878906,30.600000381469727,32.099998474121094,3240
2020-08-28,30.600000381469727,30.600000381469727,31.799999237060547,30.299999237060547,31.200000762939453,2343
2020-08-31,29.700000762939453,29.700000762939453,31.350000381469727,28.020000457763672,30.600000381469727,4160
2020-09-01,29.639999389648438,29.639999389648438,29.700000762939453,28.350000381469727,29.700000762939453,3447
2020-09-02,27.149999618530273,27.149999618530273,29.639999389648438,26.549999237060547,29.1299991607666,3613
2020-09-03,22.530000686645508,22.530000686645508,26.940000534057617,21.65999984741211,25.5,11633
2020-09-04,20.940000534057617,20.940000534057617,23.700000762939453,19.260000228881836,23.010000228881836,6307
2020-09-08,21.8700008392334,21.8700008392334,22.139999389648438,21.0,21.540000915527344,2373
2020-09-09,22.170000076293945,22.170000076293945,22.31999969482422,21.0,21.0,3193
2020-09-10,23.489999771118164,23.489999771118164,26.399999618530273,21.600000381469727,22.110000610351562,14533
2020-09-11,24.0,24.0,24.690000534057617,22.5,23.399999618530273,2510
2020-09-14,24.56999969482422,24.56999969482422,24.600000381469727,22.5,23.700000762939453,2230
2020-09-15,25.799999237060547,25.799999237060547,26.100000381469727,23.700000762939453,24.299999237060547,3357
2020-09-16,25.799999237060547,25.799999237060547,27.0,24.299999237060547,26.309999465942383,4177
2020-09-17,25.290000915527344,25.290000915527344,25.979999542236328,24.420000076293945,25.5,2083
2020-09-18,24.299999237060547,24.299999237060547,25.5,24.299999237060547,24.329999923706055,2483
2020-09-21,23.100000381469727,23.100000381469727,25.649999618530273,23.100000381469727,24.420000076293945,2650
2020-09-22,22.799999237060547,22.799999237060547,24.600000381469727,22.59000015258789,24.600000381469727,1663
2020-09-23,22.200000762939453,22.200000762939453,25.5,21.780000686645508,23.700000762939453,7267
2020-09-24,21.299999237060547,21.299999237060547,22.229999542236328,20.190000534057617,21.299999237060547,5990
2020-09-25,22.350000381469727,22.350000381469727,24.0,20.700000762939453,21.540000915527344,3900
2020-09-28,23.90999984741211,23.90999984741211,25.079999923706055,23.100000381469727,23.399999618530273,2797
2020-09-29,24.059999465942383,24.059999465942383,24.299999237060547,22.889999389648438,24.299999237060547,1977
2020-09-30,23.34000015258789,23.34000015258789,32.70000076293945,23.1299991607666,24.149999618530273,38920
2020-10-01,24.0,24.0,24.899999618530273,23.280000686645508,24.0,3497
2020-10-02,23.850000381469727,23.850000381469727,23.90999984741211,23.280000686645508,23.760000228881836,1757
2020-10-05,24.0,24.0,25.139999389648438,23.219999313354492,24.450000762939453,5910
2020-10-06,23.459999084472656,23.459999084472656,25.5,23.25,23.700000762939453,2650
2020-10-07,24.059999465942383,24.059999465942383,24.899999618530273,23.25,23.399999618530273,2910
2020-10-08,25.170000076293945,25.170000076293945,25.950000762939453,23.459999084472656,24.8700008392334,6263
2020-10-09,24.600000381469727,24.600000381469727,24.899999618530273,23.700000762939453,24.899999618530273,1653
2020-10-12,25.5,25.5,27.56999969482422,23.700000762939453,24.299999237060547,13373
2020-10-13,27.719999313354492,27.719999313354492,28.5,25.200000762939453,25.350000381469727,18877
2020-10-14,28.920000076293945,28.920000076293945,30.899999618530273,25.770000457763672,25.770000457763672,39150
2020-10-15,26.520000457763672,26.520000457763672,29.399999618530273,24.420000076293945,27.389999389648438,11297
2020-10-16,24.989999771118164,24.989999771118164,27.0,24.479999542236328,27.0,5737
2020-10-19,22.200000762939453,22.200000762939453,25.049999237060547,21.959999084472656,24.899999618530273,9227
2020-10-20,22.920000076293945,22.920000076293945,24.1200008392334,22.049999237060547,22.049999237060547,5517
2020-10-21,24.0,24.0,25.5,22.829999923706055,23.700000762939453,10877
2020-10-22,27.8700008392334,27.8700008392334,28.5,23.670000076293945,23.81999969482422,35667
2020-10-23,25.5,25.5,28.799999237060547,24.75,28.5,11900
2020-10-26,25.31999969482422,25.31999969482422,26.639999389648438,24.149999618530273,26.15999984741211,3240
2020-10-27,23.700000762939453,23.700000762939453,25.68000030517578,23.579999923706055,25.68000030517578,3193
2020-10-28,23.850000381469727,23.850000381469727,24.600000381469727,23.399999618530273,23.579999923706055,4500
2020-10-29,23.700000762939453,23.700000762939453,24.510000228881836,23.399999618530273,23.760000228881836,2837
2020-10-30,24.0,24.0,24.0,23.100000381469727,23.399999618530273,4020
2020-11-02,23.700000762939453,23.700000762939453,24.75,22.829999923706055,24.18000030517578,2293
2020-11-03,24.0,24.0,24.450000762939453,23.43000030517578,24.360000610351562,2690
2020-11-04,23.100000381469727,23.100000381469727,24.600000381469727,23.100000381469727,24.0,4463
2020-11-05,25.200000762939453,25.200000762939453,25.5,23.309999465942383,24.270000457763672,5870
2020-11-06,24.899999618530273,24.899999618530273,25.200000762939453,24.0,25.200000762939453,2217
2020-11-09,24.420000076293945,24.420000076293945,24.899999618530273,23.549999237060547,24.030000686645508,3733
2020-11-10,23.760000228881836,23.760000228881836,24.329999923706055,22.799999237060547,24.329999923706055,1293
2020-11-11,24.989999771118164,24.989999771118164,24.989999771118164,23.25,24.0,25973
2020-11-12,45.599998474121094,45.599998474121094,76.19999694824219,42.29999923706055,48.599998474121094,3187140
2020-11-13,36.599998474121094,36.599998474121094,43.20000076293945,34.5,38.400001525878906,96557
2020-11-16,31.5,31.5,34.5,30.600000381469727,33.900001525878906,39653
2020-11-17,31.200000762939453,31.200000762939453,34.20000076293945,31.200000762939453,33.0,31960
2020-11-18,30.899999618530273,30.899999618530273,31.5,30.299999237060547,30.600000381469727,18590
2020-11-19,31.829999923706055,31.829999923706055,32.099998474121094,30.299999237060547,30.600000381469727,18357
2020-11-20,31.200000762939453,31.200000762939453,32.099998474121094,30.600000381469727,32.099998474121094,8727
2020-11-23,35.099998474121094,35.099998474121094,36.0,30.899999618530273,31.200000762939453,33917
2020-11-24,33.599998474121094,33.599998474121094,34.5,33.0,34.5,14640
2020-11-25,33.0,33.0,34.20000076293945,33.0,33.0,10883
2020-11-27,34.5,34.5,36.900001525878906,33.959999084472656,34.5,12400
2020-11-30,33.599998474121094,33.599998474121094,34.20000076293945,33.0,33.900001525878906,7440
2020-12-01,31.799999237060547,31.799999237060547,35.400001525878906,31.799999237060547,34.20000076293945,10737
2020-12-02,32.400001525878906,32.400001525878906,33.29999923706055,31.799999237060547,32.400001525878906,5313
2020-12-03,32.099998474121094,32.099998474121094,33.0,31.799999237060547,32.400001525878906,4703
2020-12-04,32.70000076293945,32.70000076293945,33.599998474121094,32.400001525878906,32.400001525878906,8717
2020-12-07,32.400001525878906,32.400001525878906,33.29999923706055,32.099998474121094,33.29999923706055,5433
2020-12-08,32.70000076293945,32.70000076293945,33.29999923706055,32.099998474121094,32.70000076293945,6633
2020-12-09,31.799999237060547,31.799999237060547,32.72999954223633,30.690000534057617,32.70000076293945,9223
2020-12-10,31.5,31.5,32.099998474121094,30.899999618530273,31.799999237060547,3993
2020-12-11,30.899999618530273,30.899999618530273,31.530000686645508,30.299999237060547,30.899999618530273,6097
2020-12-14,30.299999237060547,30.299999237060547,32.099998474121094,30.0,30.899999618530273,7050
2020-12-15,30.299999237060547,30.299999237060547,31.200000762939453,30.0,30.600000381469727,4330
2020-12-16,29.729999542236328,29.729999542236328,30.719999313354492,28.799999237060547,30.0,8480
2020-12-17,30.899999618530273,30.899999618530273,30.899999618530273,29.549999237060547,29.90999984741211,5613
2020-12-18,33.0,33.0,35.099998474121094,30.299999237060547,30.899999618530273,37050
2020-12-21,33.599998474121094,33.599998474121094,34.20000076293945,31.5,31.799999237060547,8510
2020-12-22,33.599998474121094,33.599998474121094,34.20000076293945,32.70000076293945,32.70000076293945,4737
2020-12-23,36.900001525878906,36.900001525878906,38.66999816894531,33.29999923706055,34.20000076293945,32727
2020-12-24,36.900001525878906,36.900001525878906,38.58000183105469,32.70000076293945,36.900001525878906,8450
2020-12-28,38.70000076293945,38.70000076293945,42.29999923706055,33.900001525878906,33.900001525878906,26257
2020-12-29,35.58000183105469,35.58000183105469,40.5,35.099998474121094,38.70000076293945,14373
2020-12-30,44.099998474121094,44.099998474121094,52.20000076293945,39.0,48.29999923706055,528587
2020-12-31,45.900001525878906,45.900001525878906,47.369998931884766,39.29999923706055,40.79999923706055,45270
2021-01-04,48.29999923706055,48.29999923706055,48.599998474121094,41.70000076293945,41.70000076293945,20213
2021-01-05,45.900001525878906,45.900001525878906,48.0,45.29999923706055,48.0,10610
2021-01-06,46.79999923706055,46.79999923706055,51.599998474121094,45.900001525878906,45.900001525878906,41233
2021-01-07,48.0,48.0,48.900001525878906,45.29999923706055,47.400001525878906,9703
2021-01-08,46.79999923706055,46.79999923706055,49.20000076293945,45.29999923706055,47.70000076293945,12550
2021-01-11,47.70000076293945,47.70000076293945,51.0,47.099998474121094,47.70000076293945,13800
2021-01-12,50.400001525878906,50.400001525878906,51.599998474121094,46.95000076293945,49.79999923706055,18133
2021-01-13,55.5,55.5,56.70000076293945,49.5,51.0,25473
2021-01-14,55.5,55.5,62.70000076293945,52.20000076293945,58.79999923706055,61017
2021-01-15,58.5,58.5,60.900001525878906,51.29999923706055,52.5,15627
2021-01-19,51.900001525878906,51.900001525878906,57.900001525878906,51.29999923706055,55.79999923706055,21283
2021-01-20,52.5,52.5,53.70000076293945,49.5,53.099998474121094,10230
2021-01-21,52.20000076293945,52.20000076293945,54.0,51.29999923706055,52.5,7460
2021-01-22,52.20000076293945,52.20000076293945,53.70000076293945,50.099998474121094,53.400001525878906,5620
2021-01-25,53.400001525878906,53.400001525878906,54.0,50.70000076293945,51.900001525878906,4507
2021-01-26,53.70000076293945,53.70000076293945,54.150001525878906,52.349998474121094,53.70000076293945,6430
2021-01-27,49.79999923706055,49.79999923706055,53.400001525878906,49.5,53.400001525878906,8780
2021-01-28,48.599998474121094,48.599998474121094,51.599998474121094,46.5,49.79999923706055,5697
2021-01-29,50.400001525878906,50.400001525878906,52.20000076293945,48.0,48.29999923706055,8637
2021-02-01,49.5,49.5,50.54999923706055,48.33000183105469,50.099998474121094,2563
2021-02-02,51.900001525878906,51.900001525878906,52.650001525878906,48.29999923706055,50.099998474121094,6957
2021-02-03,58.5,58.5,60.0,51.900001525878906,53.099998474121094,21400
2021-02-04,55.5,55.5,60.959999084472656,53.70000076293945,60.900001525878906,14133
2021-02-05,59.400001525878906,59.400001525878906,59.400001525878906,55.79999923706055,59.099998474121094,8000
2021-02-08,63.599998474121094,63.599998474121094,64.29000091552734,60.900001525878906,63.29999923706055,10617
2021-02-09,68.69999694824219,68.69999694824219,70.19999694824219,63.599998474121094,64.5,13870
2021-02-10,76.80000305175781,76.80000305175781,77.4000015258789,69.41999816894531,72.30000305175781,24570
2021-02-11,75.0,75.0,77.69999694824219,72.5999984741211,76.5,10573
2021-02-12,77.69999694824219,77.69999694824219,78.0,68.0999984741211,72.9000015258789,23317
2021-02-16,75.0,75.0,78.0,72.23999786376953,78.0,7243
2021-02-17,73.5,73.5,75.30000305175781,71.0999984741211,74.4000015258789,8783
2021-02-18,69.0,69.0,78.0,66.0,78.0,19960
2021-02-19,72.30000305175781,72.30000305175781,73.80000305175781,69.0,69.0,5377
2021-02-22,75.5999984741211,75.5999984741211,78.0,70.7699966430664,72.0,24113
2021-02-23,69.30000305175781,69.30000305175781,76.19999694824219,67.19999694824219,76.19999694824219,11623
2021-02-24,70.80000305175781,70.80000305175781,81.9000015258789,69.30000305175781,69.5999984741211,67687
2021-02-25,67.80000305175781,67.80000305175781,71.0999984741211,63.0,69.30000305175781,16467
2021-02-26,62.400001525878906,62.400001525878906,69.0,60.29999923706055,66.5999984741211,9730
2021-03-01,65.4000015258789,65.4000015258789,66.9000015258789,63.029998779296875,64.5,5060
2021-03-02,65.37000274658203,65.37000274658203,67.16999816894531,63.599998474121094,65.69999694824219,2923
2021-03-03,62.400001525878906,62.400001525878906,66.30000305175781,62.400001525878906,64.5,10700
2021-03-04,54.599998474121094,54.599998474121094,63.29999923706055,53.099998474121094,62.400001525878906,8993
2021-03-05,58.20000076293945,58.20000076293945,58.20000076293945,52.79999923706055,53.099998474121094,4000
2021-03-08,63.29999923706055,63.29999923706055,63.599998474121094,57.599998474121094,60.0,3307
2021-03-09,63.29999923706055,63.29999923706055,65.0999984741211,61.5,63.29999923706055,4160
2021-03-10,63.29999923706055,63.29999923706055,64.19999694824219,61.5,62.400001525878906,880
2021-03-11,74.0999984741211,74.0999984741211,79.80000305175781,63.33000183105469,67.5,23590
2021-03-12,65.69999694824219,65.69999694824219,70.5,64.80000305175781,69.30000305175781,11347
2021-03-15,66.9000015258789,66.9000015258789,67.80000305175781,65.69999694824219,66.0,4057
2021-03-16,63.29999923706055,63.29999923706055,71.4000015258789,61.5,66.9000015258789,18867
2021-03-17,67.80000305175781,67.80000305175781,69.0,61.79999923706055,62.400001525878906,11663
2021-03-18,66.30000305175781,66.30000305175781,71.4000015258789,65.4000015258789,69.0,11927
2021-03-19,61.79999923706055,61.79999923706055,69.0,61.79999923706055,67.80000305175781,8523
2021-03-22,57.0,57.0,62.70000076293945,56.099998474121094,61.79999923706055,18653
2021-03-23,51.900001525878906,51.900001525878906,57.900001525878906,51.900001525878906,57.900001525878906,21423
2021-03-24,48.599998474121094,48.599998474121094,51.29999923706055,46.5,48.900001525878906,135703
2021-03-25,48.900001525878906,48.900001525878906,50.400001525878906,48.0,49.20000076293945,21333
2021-03-26,49.79999923706055,49.79999923706055,50.400001525878906,48.0,49.5,12977
2021-03-29,47.099998474121094,47.099998474121094,51.0,46.79999923706055,51.0,9153
2021-03-30,49.79999923706055,49.79999923706055,51.29999923706055,47.099998474121094,47.400001525878906,6337
2021-03-31,49.5,49.5,52.5,48.599998474121094,49.79999923706055,27180
2021-04-01,50.400001525878906,50.400001525878906,51.599998474121094,48.29999923706055,48.599998474121094,9427
2021-04-05,49.5,49.5,52.20000076293945,48.900001525878906,51.900001525878906,10040
2021-04-06,52.20000076293945,52.20000076293945,52.5,48.45000076293945,49.5,15320
2021-04-07,52.20000076293945,52.20000076293945,54.0,50.099998474121094,50.70000076293945,15947
2021-04-08,53.400001525878906,53.400001525878906,55.20000076293945,51.0,53.400001525878906,30710
2021-04-09,51.900001525878906,51.900001525878906,53.400001525878906,51.29999923706055,53.400001525878906,5927
2021-04-12,48.900001525878906,48.900001525878906,52.5,48.599998474121094,51.900001525878906,6973
2021-04-13,51.0,51.0,52.20000076293945,47.70000076293945,49.20000076293945,10233
2021-04-14,49.5,49.5,53.099998474121094,49.20000076293945,51.599998474121094,9993
2021-04-15,52.20000076293945,52.20000076293945,52.20000076293945,49.79999923706055,51.599998474121094,5387
2021-04-16,50.400001525878906,50.400001525878906,51.900001525878906,48.900001525878906,51.900001525878906,3120
2021-04-19,46.79999923706055,46.79999923706055,50.400001525878906,46.79999923706055,49.79999923706055,4120
2021-04-20,47.099998474121094,47.099998474121094,48.0,44.099998474121094,46.79999923706055,6870
2021-04-21,49.20000076293945,49.20000076293945,50.400001525878906,45.599998474121094,46.5,5047
2021-04-22,49.5,49.5,49.79999923706055,46.5,48.900001525878906,4887
2021-04-23,51.0,51.0,51.29999923706055,47.70000076293945,49.79999923706055,6690
2021-04-26,51.900001525878906,51.900001525878906,53.400001525878906,48.0,51.0,14727
2021-04-27,49.20000076293945,49.20000076293945,52.79999923706055,47.400001525878906,52.79999923706055,11400
2021-04-28,48.599998474121094,48.599998474121094,50.400001525878906,47.400001525878906,49.5,5873
2021-04-29,47.70000076293945,47.70000076293945,48.869998931884766,45.0,48.599998474121094,22883
2021-04-30,54.0,54.0,57.0,47.70000076293945,48.0,59517
2021-05-03,56.400001525878906,56.400001525878906,58.79999923706055,52.5,54.900001525878906,33437
2021-05-04,53.099998474121094,53.099998474121094,57.29999923706055,51.0,57.29999923706055,10577
2021-05-05,51.900001525878906,51.900001525878906,58.20000076293945,51.0,52.5,81267
2021-05-06,53.400001525878906,53.400001525878906,53.400001525878906,49.5,51.599998474121094,11310
2021-05-07,54.29999923706055,54.29999923706055,56.400001525878906,52.560001373291016,54.29999923706055,18303
2021-05-10,52.79999923706055,52.79999923706055,55.5,51.0,54.0,4663
2021-05-11,49.5,49.5,53.099998474121094,48.900001525878906,51.0,7380
2021-05-12,48.29999923706055,48.29999923706055,50.790000915527344,47.099998474121094,49.5,3537
2021-05-13,44.70000076293945,44.70000076293945,49.40999984741211,43.04999923706055,48.29999923706055,8477
2021-05-14,46.79999923706055,46.79999923706055,48.29999923706055,44.400001525878906,45.900001525878906,3997
2021-05-17,48.900001525878906,48.900001525878906,49.20000076293945,46.79999923706055,48.0,4170
2021-05-18,49.20000076293945,49.20000076293945,50.099998474121094,48.0,48.599998474121094,3337
2021-05-19,51.29999923706055,51.29999923706055,51.599998474121094,48.0,48.900001525878906,2687
2021-05-20,52.20000076293945,52.20000076293945,54.0,51.119998931884766,52.79999923706055,3627
2021-05-21,53.70000076293945,53.70000076293945,53.70000076293945,51.29999923706055,52.20000076293945,4053
2021-05-24,54.0,54.0,55.5,52.5,53.70000076293945,16907
2021-05-25,54.29999923706055,54.29999923706055,55.20000076293945,52.20000076293945,54.0,7863
2021-05-26,55.5,55.5,56.52000045776367,53.70000076293945,55.5,11060
2021-05-27,56.70000076293945,56.70000076293945,56.70000076293945,54.0,56.70000076293945,13507
2021-05-28,56.099998474121094,56.099998474121094,58.5,54.900001525878906,57.29999923706055,13740
2021-06-01,57.29999923706055,57.29999923706055,58.5,56.400001525878906,56.400001525878906,17920
2021-06-02,58.79999923706055,58.79999923706055,59.400001525878906,56.70000076293945,56.70000076293945,11470
2021-06-03,63.0,63.0,63.0,55.20000076293945,57.900001525878906,25653
2021-06-04,68.0999984741211,68.0999984741211,69.0,59.400001525878906,60.599998474121094,21590
2021-06-07,65.69999694824219,65.69999694824219,82.5,61.5,67.5,98027
2021-06-08,60.0,60.0,68.0999984741211,58.79999923706055,67.5,29897
2021-06-09,60.900001525878906,60.900001525878906,62.70000076293945,58.79999923706055,59.099998474121094,15507
2021-06-10,60.29999923706055,60.29999923706055,61.5,60.0,60.29999923706055,17623
2021-06-11,59.099998474121094,59.099998474121094,61.20000076293945,57.29999923706055,61.20000076293945,9360
2021-06-14,61.20000076293945,61.20000076293945,62.400001525878906,57.29999923706055,58.5,14443
2021-06-15,60.599998474121094,60.599998474121094,62.400001525878906,58.20000076293945,60.29999923706055,2933
2021-06-16,63.29999923706055,63.29999923706055,63.29999923706055,60.0,60.900001525878906,9747
2021-06-17,64.80000305175781,64.80000305175781,64.80000305175781,60.599998474121094,62.099998474121094,5600
2021-06-18,61.20000076293945,61.20000076293945,65.4000015258789,61.20000076293945,61.650001525878906,15780
2021-06-21,62.400001525878906,62.400001525878906,62.400001525878906,59.400001525878906,62.400001525878906,5060
2021-06-22,63.900001525878906,63.900001525878906,63.900001525878906,59.400001525878906,62.099998474121094,12410
2021-06-23,63.0,63.0,63.29999923706055,61.5,62.400001525878906,3533
2021-06-24,63.599998474121094,63.599998474121094,63.599998474121094,61.20000076293945,62.400001525878906,4157
2021-06-25,63.900001525878906,63.900001525878906,63.900001525878906,60.900001525878906,62.70000076293945,7643
2021-06-28,61.5,61.5,63.599998474121094,61.5,63.0,1697
2021-06-29,60.599998474121094,60.599998474121094,62.70000076293945,59.400001525878906,62.400001525878906,4197
2021-06-30,59.400001525878906,59.400001525878906,63.900001525878906,59.099998474121094,59.70000076293945,29000
2021-07-01,60.0,60.0,60.0,56.70000076293945,58.79999923706055,11640
2021-07-02,57.599998474121094,57.599998474121094,59.849998474121094,57.0,59.099998474121094,3537
2021-07-06,59.099998474121094,59.099998474121094,59.099998474121094,57.599998474121094,58.5,2343
2021-07-07,58.5,58.5,59.70000076293945,57.0,59.099998474121094,1687
2021-07-08,56.400001525878906,56.400001525878906,58.5,56.400001525878906,58.5,9933
2021-07-09,57.900001525878906,57.900001525878906,59.099998474121094,56.400001525878906,57.29999923706055,7997
2021-07-12,57.0,57.0,58.20000076293945,56.70000076293945,57.0,1407
2021-07-13,54.0,54.0,57.0,54.0,56.70000076293945,3907
2021-07-14,51.29999923706055,51.29999923706055,54.29999923706055,51.0,54.29999923706055,6230
2021-07-15,47.70000076293945,47.70000076293945,51.0,47.099998474121094,50.70000076293945,8693
2021-07-16,44.099998474121094,44.099998474121094,50.70000076293945,43.20000076293945,49.20000076293945,13990
2021-07-19,43.5,43.5,45.29999923706055,42.0,43.79999923706055,7967
2021-07-20,42.599998474121094,42.599998474121094,45.29999923706055,41.70000076293945,43.5,13440
2021-07-21,47.099998474121094,47.099998474121094,48.27000045776367,40.79999923706055,42.900001525878906,13853
2021-07-22,49.5,49.5,51.29999923706055,47.099998474121094,47.099998474121094,6163
2021-07-23,45.29999923706055,45.29999923706055,51.09000015258789,45.29999923706055,49.79999923706055,9247
2021-07-26,45.900001525878906,45.900001525878906,49.16999816894531,44.099998474121094,46.20000076293945,1273
2021-07-27,44.70000076293945,44.70000076293945,45.900001525878906,43.5,45.900001525878906,5177
2021-07-28,46.20000076293945,46.20000076293945,46.79999923706055,45.0,45.0,1780
2021-07-29,47.400001525878906,47.400001525878906,48.29999923706055,45.900001525878906,45.900001525878906,2033
2021-07-30,47.70000076293945,47.70000076293945,48.29999923706055,46.22999954223633,47.099998474121094,1217
2021-08-02,47.70000076293945,47.70000076293945,48.0,47.099998474121094,47.70000076293945,403
2021-08-03,46.5,46.5,48.29999923706055,45.599998474121094,48.29999923706055,2063
2021-08-04,45.900001525878906,45.900001525878906,46.5,45.0,45.599998474121094,4430
2021-08-05,46.20000076293945,46.20000076293945,47.099998474121094,45.29999923706055,45.599998474121094,1997
2021-08-06,47.099998474121094,47.099998474121094,47.70000076293945,46.20000076293945,46.20000076293945,2410
2021-08-09,47.400001525878906,47.400001525878906,47.54999923706055,46.5,47.400001525878906,763
2021-08-10,47.70000076293945,47.70000076293945,48.900001525878906,47.099998474121094,47.400001525878906,2403
2021-08-11,48.900001525878906,48.900001525878906,48.900001525878906,46.95000076293945,47.70000076293945,3610
2021-08-12,46.79999923706055,46.79999923706055,49.20000076293945,46.79999923706055,49.20000076293945,3730
2021-08-13,45.29999923706055,45.29999923706055,47.70000076293945,45.29999923706055,47.099998474121094,2177
2021-08-16,45.599998474121094,45.599998474121094,46.04999923706055,44.099998474121094,45.599998474121094,1753
2021-08-17,44.400001525878906,44.400001525878906,45.599998474121094,44.099998474121094,45.29999923706055,1317
2021-08-18,44.400001525878906,44.400001525878906,45.0,43.79999923706055,44.400001525878906,4913
2021-08-19,43.20000076293945,43.20000076293945,44.52000045776367,42.29999923706055,43.5,2910
2021-08-20,43.20000076293945,43.20000076293945,44.400001525878906,42.29999923706055,43.79999923706055,2457
2021-08-23,42.0,42.0,44.099998474121094,42.0,43.79999923706055,3557
2021-08-24,44.099998474121094,44.099998474121094,44.54999923706055,41.400001525878906,42.599998474121094,3667
2021-08-25,43.5,43.5,44.400001525878906,43.20000076293945,43.5,1420
2021-08-26,44.400001525878906,44.400001525878906,44.400001525878906,43.20000076293945,43.20000076293945,623
2021-08-27,44.400001525878906,44.400001525878906,45.599998474121094,44.310001373291016,44.400001525878906,1397
2021-08-30,45.0,45.0,46.20000076293945,43.5,44.099998474121094,8753
2021-08-31,46.79999923706055,46.79999923706055,49.5,45.0,45.599998474121094,11320
2021-09-01,48.599998474121094,48.599998474121094,48.900001525878906,46.79999923706055,48.900001525878906,2563
2021-09-02,48.599998474121094,48.599998474121094,49.5,46.79999923706055,48.29999923706055,4660
2021-09-03,48.29999923706055,48.29999923706055,49.290000915527344,47.099998474121094,48.29999923706055,4873
2021-09-07,48.0,48.0,49.20000076293945,47.099998474121094,48.0,2343
2021-09-08,45.599998474121094,45.599998474121094,48.0,44.70000076293945,47.70000076293945,8310
2021-09-09,47.400001525878906,47.400001525878906,47.70000076293945,45.900001525878906,45.900001525878906,1600
2021-09-10,46.5,46.5,47.52000045776367,45.959999084472656,47.099998474121094,1213
2021-09-13,45.900001525878906,45.900001525878906,47.400001525878906,45.29999923706055,47.400001525878906,3097
2021-09-14,45.0,45.0,46.79999923706055,43.5,46.79999923706055,6163
2021-09-15,42.900001525878906,42.900001525878906,45.599998474121094,42.599998474121094,45.599998474121094,5003
2021-09-16,44.400001525878906,44.400001525878906,45.0,43.20000076293945,43.5,637
2021-09-17,43.79999923706055,43.79999923706055,45.599998474121094,43.79999923706055,44.400001525878906,4387
2021-09-20,42.29999923706055,42.29999923706055,47.040000915527344,42.29999923706055,44.099998474121094,2033
2021-09-21,42.900001525878906,42.900001525878906,44.099998474121094,42.599998474121094,43.20000076293945,1597
2021-09-22,44.099998474121094,44.099998474121094,45.0,42.900001525878906,43.79999923706055,1493
2021-09-23,44.099998474121094,44.099998474121094,44.369998931884766,43.11000061035156,43.20000076293945,1747
2021-09-24,44.099998474121094,44.099998474121094,44.400001525878906,43.5,43.79999923706055,1123
2021-09-27,44.70000076293945,44.70000076293945,45.0,44.099998474121094,44.70000076293945,1220
2021-09-28,43.79999923706055,43.79999923706055,45.150001525878906,43.79999923706055,44.099998474121094,1183
2021-09-29,43.79999923706055,43.79999923706055,44.70000076293945,43.68000030517578,44.099998474121094,980
2021-09-30,44.400001525878906,44.400001525878906,45.0,42.900001525878906,43.79999923706055,2750
2021-10-01,43.79999923706055,43.79999923706055,44.939998626708984,43.20000076293945,44.400001525878906,1780
2021-10-04,43.20000076293945,43.20000076293945,45.29999923706055,43.20000076293945,45.29999923706055,1763
2021-10-05,44.099998474121094,44.099998474121094,44.70000076293945,42.29999923706055,42.29999923706055,1937
2021-10-06,43.79999923706055,43.79999923706055,44.400001525878906,42.900001525878906,44.400001525878906,613
2021-10-07,43.5,43.5,44.099998474121094,43.20000076293945,43.20000076293945,837
2021-10-08,41.400001525878906,41.400001525878906,44.15999984741211,39.599998474121094,43.79999923706055,6990
2021-10-11,38.70000076293945,38.70000076293945,41.400001525878906,37.20000076293945,41.400001525878906,5110
2021-10-12,38.70000076293945,38.70000076293945,42.0,37.20000076293945,39.0,3093
2021-10-13,38.70000076293945,38.70000076293945,39.630001068115234,38.400001525878906,39.0,690
2021-10-14,38.70000076293945,38.70000076293945,39.0,38.099998474121094,38.70000076293945,1020
2021-10-15,38.099998474121094,38.099998474121094,38.70000076293945,37.79999923706055,38.70000076293945,1550
2021-10-18,39.0,39.0,39.29999923706055,37.79999923706055,38.400001525878906,1990
2021-10-19,39.900001525878906,39.900001525878906,39.900001525878906,38.70000076293945,39.0,1727
2021-10-20,41.70000076293945,41.70000076293945,43.650001525878906,40.5,42.0,6287
2021-10-21,41.400001525878906,41.400001525878906,41.70000076293945,40.79999923706055,41.400001525878906,1150
2021-10-22,40.79999923706055,40.79999923706055,41.25,40.5,40.68000030517578,280
2021-10-25,39.900001525878906,39.900001525878906,40.560001373291016,39.209999084472656,40.5,1197
2021-10-26,41.099998474121094,41.099998474121094,41.099998474121094,39.599998474121094,39.599998474121094,1537
2021-10-27,40.79999923706055,40.79999923706055,41.70000076293945,40.5,41.400001525878906,1483
2021-10-28,40.5,40.5,41.369998931884766,39.900001525878906,40.20000076293945,1017
2021-10-29,41.70000076293945,41.70000076293945,42.0,40.5,40.5,843
2021-11-01,42.0,42.0,42.29999923706055,41.52000045776367,41.70000076293945,1383
2021-11-02,41.70000076293945,41.70000076293945,42.29999923706055,41.400001525878906,42.29999923706055,873
2021-11-03,42.29999923706055,42.29999923706055,42.29999923706055,41.7599983215332,41.7599983215332,433
2021-11-04,42.900001525878906,42.900001525878906,42.900001525878906,42.0,42.29999923706055,1253
2021-11-05,42.599998474121094,42.599998474121094,43.20000076293945,41.099998474121094,42.599998474121094,2697
2021-11-08,41.70000076293945,41.70000076293945,43.2599983215332,41.099998474121094,43.20000076293945,1830
2021-11-09,41.400001525878906,41.400001525878906,42.599998474121094,41.15999984741211,41.400001525878906,357
2021-11-10,40.79999923706055,40.79999923706055,42.0,40.5,41.099998474121094,1677
2021-11-11,40.79999923706055,40.79999923706055,42.0,39.900001525878906,42.0,1207
2021-11-12,40.5,40.5,41.400001525878906,39.29999923706055,41.099998474121094,2460
2021-11-15,39.599998474121094,39.599998474121094,40.5,39.599998474121094,40.5,1517
2021-11-16,39.0,39.0,39.599998474121094,37.20000076293945,39.599998474121094,4607
2021-11-17,38.400001525878906,38.400001525878906,39.29999923706055,37.5,39.29999923706055,2060
2021-11-18,37.79999923706055,37.79999923706055,38.400001525878906,37.5,38.099998474121094,1183
2021-11-19,38.099998474121094,38.099998474121094,38.400001525878906,37.79999923706055,37.79999923706055,3163
2021-11-22,36.0,36.0,38.099998474121094,35.400001525878906,38.099998474121094,3690
2021-11-23,37.79999923706055,37.79999923706055,38.400001525878906,35.70000076293945,35.70000076293945,2720
2021-11-24,38.70000076293945,38.70000076293945,41.70000076293945,36.599998474121094,37.20000076293945,4760
2021-11-26,39.29999923706055,39.29999923706055,40.5,38.099998474121094,40.5,1667
2021-11-29,40.5,40.5,41.70000076293945,38.81999969482422,39.29999923706055,1390
2021-11-30,38.099998474121094,38.099998474121094,41.099998474121094,37.5,40.79999923706055,2300
2021-12-01,37.20000076293945,37.20000076293945,41.099998474121094,36.56999969482422,38.70000076293945,3990
2021-12-02,37.20000076293945,37.20000076293945,38.099998474121094,36.29999923706055,36.900001525878906,913
2021-12-03,35.70000076293945,35.70000076293945,38.099998474121094,35.400001525878906,36.900001525878906,4243
2021-12-06,36.900001525878906,36.900001525878906,40.11000061035156,35.400001525878906,40.11000061035156,1430
2021-12-07,37.5,37.5,37.79999923706055,36.29999923706055,36.599998474121094,610
2021-12-08,38.400001525878906,38.400001525878906,39.599998474121094,37.79999923706055,39.599998474121094,747
2021-12-09,38.400001525878906,38.400001525878906,40.20000076293945,38.400001525878906,38.400001525878906,1657
2021-12-10,38.400001525878906,38.400001525878906,39.150001525878906,37.5,38.849998474121094,447
2021-12-13,37.20000076293945,37.20000076293945,38.70000076293945,36.900001525878906,38.70000076293945,1237
2021-12-14,36.599998474121094,36.599998474121094,37.650001525878906,36.599998474121094,37.650001525878906,347
2021-12-15,36.29999923706055,36.29999923706055,37.20000076293945,35.70000076293945,36.29999923706055,1113
2021-12-16,36.29999923706055,36.29999923706055,37.20000076293945,35.400001525878906,36.0,1390
2021-12-17,36.29999923706055,36.29999923706055,37.20000076293945,36.0,36.0,703
2021-12-20,35.099998474121094,35.099998474121094,36.29999923706055,34.20000076293945,34.79999923706055,1743
2021-12-21,35.400001525878906,35.400001525878906,36.29999923706055,35.099998474121094,35.400001525878906,1063
2021-12-22,35.70000076293945,35.70000076293945,36.900001525878906,34.79999923706055,35.099998474121094,1083
2021-12-23,36.29999923706055,36.29999923706055,36.29999923706055,34.79999923706055,35.099998474121094,3117
2021-12-27,35.400001525878906,35.400001525878906,36.599998474121094,35.400001525878906,36.29999923706055,1970
2021-12-28,35.0099983215332,35.0099983215332,36.0,33.900001525878906,35.70000076293945,1813
2021-12-29,34.5,34.5,35.400001525878906,31.5,35.400001525878906,6060
2021-12-30,34.5,34.5,35.220001220703125,34.20000076293945,34.5,2193
2021-12-31,34.20000076293945,34.20000076293945,34.79999923706055,33.900001525878906,34.79999923706055,3337
2022-01-03,33.29999923706055,33.29999923706055,34.5,33.0,33.0,3307
2022-01-04,34.349998474121094,34.349998474121094,34.5,33.599998474121094,33.599998474121094,1947
2022-01-05,34.79999923706055,34.79999923706055,35.70000076293945,34.20000076293945,35.70000076293945,4170
2022-01-06,41.400001525878906,41.400001525878906,43.20000076293945,34.5,35.400001525878906,111050
2022-01-07,42.0,42.0,44.70000076293945,37.79999923706055,41.099998474121094,58850
2022-01-10,37.79999923706055,37.79999923706055,43.5,37.5,42.900001525878906,15657
2022-01-11,37.5,37.5,39.0,36.0,37.5,8840
2022-01-12,39.0,39.0,40.79999923706055,36.599998474121094,36.900001525878906,10023
2022-01-13,40.79999923706055,40.79999923706055,43.5,38.099998474121094,39.900001525878906,12153
2022-01-14,40.79999923706055,40.79999923706055,42.0,39.29999923706055,41.400001525878906,5870
2022-01-18,38.099998474121094,38.099998474121094,40.79999923706055,38.099998474121094,39.900001525878906,4313
2022-01-19,41.400001525878906,41.400001525878906,43.20000076293945,38.70000076293945,38.70000076293945,9173
2022-01-20,43.20000076293945,43.20000076293945,44.099998474121094,41.099998474121094,41.70000076293945,6817
2022-01-21,40.79999923706055,40.79999923706055,43.5,40.5,43.5,5447
2022-01-24,39.900001525878906,39.900001525878906,41.400001525878906,35.70000076293945,41.400001525878906,6217
2022-01-25,39.599998474121094,39.599998474121094,39.900001525878906,37.5,38.70000076293945,1420
2022-01-26,39.29999923706055,39.29999923706055,41.099998474121094,38.400001525878906,39.29999923706055,1403
2022-01-27,38.099998474121094,38.099998474121094,39.9900016784668,37.5,38.70000076293945,2067
2022-01-28,39.0,39.0,40.04999923706055,37.5,38.099998474121094,2967
2022-01-31,40.20000076293945,40.20000076293945,42.0,39.0,42.0,3153
2022-02-01,39.29999923706055,39.29999923706055,42.0,39.0,42.0,3053
2022-02-02,39.0,39.0,40.79999923706055,38.400001525878906,39.29999923706055,1460
2022-02-03,37.5,37.5,39.29999923706055,37.5,39.0,610
2022-02-04,36.900001525878906,36.900001525878906,37.79999923706055,36.29999923706055,37.79999923706055,1357
2022-02-07,34.79999923706055,34.79999923706055,38.0099983215332,33.0,36.29999923706055,3910
2022-02-08,35.099998474121094,35.099998474121094,35.63999938964844,33.29999923706055,34.290000915527344,2177
2022-02-09,34.79999923706055,34.79999923706055,36.0,34.5,36.0,2123
2022-02-10,34.20000076293945,34.20000076293945,35.400001525878906,33.29999923706055,34.79999923706055,3080
2022-02-11,32.400001525878906,32.400001525878906,35.400001525878906,32.099998474121094,33.599998474121094,2473
2022-02-14,32.849998474121094,32.849998474121094,34.5,31.799999237060547,33.599998474121094,1550
2022-02-15,33.0,33.0,33.599998474121094,32.189998626708984,32.70000076293945,780
2022-02-16,31.200000762939453,31.200000762939453,35.70000076293945,31.200000762939453,35.70000076293945,5203
2022-02-17,31.799999237060547,31.799999237060547,32.400001525878906,30.0,31.799999237060547,4833
2022-02-18,31.799999237060547,31.799999237060547,32.400001525878906,30.299999237060547,30.299999237060547,1297
2022-02-22,31.5,31.5,33.0,31.200000762939453,32.400001525878906,1007
2022-02-23,31.200000762939453,31.200000762939453,33.599998474121094,29.399999618530273,32.70000076293945,4920
2022-02-24,30.600000381469727,30.600000381469727,31.40999984741211,29.399999618530273,30.0,1210
2022-02-25,31.799999237060547,31.799999237060547,33.0,31.200000762939453,31.40999984741211,1153
2022-02-28,31.5,31.5,32.400001525878906,30.0,31.5,620
2022-03-01,31.799999237060547,31.799999237060547,32.70000076293945,30.899999618530273,30.899999618530273,737
2022-03-02,32.099998474121094,32.099998474121094,33.0,31.799999237060547,33.0,500
2022-03-03,30.600000381469727,30.600000381469727,33.0,30.0,33.0,2223
2022-03-04,30.299999237060547,30.299999237060547,30.899999618530273,30.299999237060547,30.899999618530273,87
2022-03-07,29.399999618530273,29.399999618530273,30.299999237060547,29.15999984741211,30.0,2210
2022-03-08,29.700000762939453,29.700000762939453,30.299999237060547,29.100000381469727,29.100000381469727,2067
2022-03-09,30.299999237060547,30.299999237060547,32.099998474121094,30.299999237060547,32.099998474121094,410
2022-03-10,29.610000610351562,29.610000610351562,30.299999237060547,28.829999923706055,30.299999237060547,5940
2022-03-11,27.0,27.0,30.600000381469727,26.700000762939453,30.0,6563
2022-03-14,25.5,25.5,28.799999237060547,25.350000381469727,27.0,3657
2022-03-15,25.709999084472656,25.709999084472656,26.850000381469727,25.020000457763672,25.799999237060547,2577
2022-03-16,28.200000762939453,28.200000762939453,28.200000762939453,25.68000030517578,26.700000762939453,2350
2022-03-17,28.799999237060547,28.799999237060547,28.799999237060547,26.850000381469727,28.200000762939453,2100
2022-03-18,30.299999237060547,30.299999237060547,31.5,27.899999618530273,31.5,2277
2022-03-21,29.399999618530273,29.399999618530273,30.0,28.200000762939453,30.0,963
2022-03-22,29.700000762939453,29.700000762939453,30.239999771118164,28.5,28.5,743
2022-03-23,29.190000534057617,29.190000534057617,30.0,28.5,28.799999237060547,3263
2022-03-24,30.299999237060547,30.299999237060547,31.290000915527344,29.100000381469727,30.299999237060547,4003
2022-03-25,30.299999237060547,30.299999237060547,30.899999618530273,29.700000762939453,30.899999618530273,2840
2022-03-28,31.200000762939453,31.200000762939453,33.900001525878906,30.600000381469727,33.0,3190
2022-03-29,30.600000381469727,30.600000381469727,34.5,30.299999237060547,34.5,4753
2022-03-30,31.200000762939453,31.200000762939453,31.5,30.600000381469727,30.600000381469727,2090
2022-03-31,30.899999618530273,30.899999618530273,33.0,30.600000381469727,32.70000076293945,1207
2022-04-01,31.5,31.5,33.0,31.200000762939453,31.5,1333
2022-04-04,31.200000762939453,31.200000762939453,32.400001525878906,30.299999237060547,31.5,2117
2022-04-05,30.299999237060547,30.299999237060547,31.5,30.0,30.899999618530273,2757
2022-04-06,30.0,30.0,30.600000381469727,30.0,30.299999237060547,763
2022-04-07,35.70000076293945,35.70000076293945,43.79999923706055,32.099998474121094,41.099998474121094,1127847
2022-04-08,28.770000457763672,28.770000457763672,32.70000076293945,27.75,32.400001525878906,101623
2022-04-11,26.399999618530273,26.399999618530273,28.200000762939453,25.110000610351562,27.899999618530273,36220
2022-04-12,25.020000457763672,25.020000457763672,26.309999465942383,24.389999389648438,25.530000686645508,18657
2022-04-13,26.700000762939453,26.700000762939453,26.700000762939453,24.299999237060547,24.899999618530273,15240
2022-04-14,26.100000381469727,26.100000381469727,26.700000762939453,25.200000762939453,25.200000762939453,7320
2022-04-18,24.899999618530273,24.899999618530273,26.850000381469727,24.030000686645508,26.850000381469727,14293
2022-04-19,25.469999313354492,25.469999313354492,28.200000762939453,24.450000762939453,24.8700008392334,24847
2022-04-20,25.200000762939453,25.200000762939453,25.979999542236328,24.899999618530273,24.989999771118164,4860
2022-04-21,24.209999084472656,24.209999084472656,26.100000381469727,23.760000228881836,26.100000381469727,6550
2022-04-22,23.940000534057617,23.940000534057617,24.420000076293945,23.100000381469727,23.700000762939453,5987
2022-04-25,24.600000381469727,24.600000381469727,26.549999237060547,23.399999618530273,24.09000015258789,7310
2022-04-26,23.459999084472656,23.459999084472656,25.469999313354492,23.25,24.299999237060547,2673
2022-04-27,24.600000381469727,24.600000381469727,24.600000381469727,23.100000381469727,24.600000381469727,3473
2022-04-28,24.0,24.0,25.5,23.43000030517578,25.5,4357
2022-04-29,24.899999618530273,24.899999618530273,24.899999618530273,23.549999237060547,23.549999237060547,4680
2022-05-02,24.600000381469727,24.600000381469727,24.600000381469727,23.100000381469727,24.09000015258789,3607
2022-05-03,24.600000381469727,24.600000381469727,24.600000381469727,23.399999618530273,23.8799991607666,3013
2022-05-04,24.899999618530273,24.899999618530273,24.899999618530273,23.399999618530273,24.1200008392334,2707
2022-05-05,24.600000381469727,24.600000381469727,24.899999618530273,23.790000915527344,24.0,677
2022-05-06,24.0,24.0,24.600000381469727,23.399999618530273,24.600000381469727,2243
2022-05-09,24.0,24.0,24.600000381469727,23.100000381469727,24.600000381469727,1450
2022-05-10,24.600000381469727,24.600000381469727,24.8700008392334,23.399999618530273,23.399999618530273,2853
2022-05-11,24.0,24.0,24.600000381469727,23.399999618530273,24.149999618530273,853
2022-05-12,24.0,24.0,24.0,22.5,23.100000381469727,2593
2022-05-13,24.899999618530273,24.899999618530273,25.110000610351562,22.979999542236328,24.299999237060547,12243
2022-05-16,24.299999237060547,24.299999237060547,25.049999237060547,23.700000762939453,23.760000228881836,3347
2022-05-17,24.450000762939453,24.450000762939453,24.899999618530273,23.700000762939453,24.56999969482422,3187
2022-05-18,25.5,25.5,29.700000762939453,22.5,22.829999923706055,83993
2022-05-19,31.200000762939453,31.200000762939453,36.0,29.100000381469727,30.0,789167
2022-05-20,34.79999923706055,34.79999923706055,38.400001525878906,31.799999237060547,31.799999237060547,283773
2022-05-23,33.0,33.0,35.70000076293945,30.600000381469727,35.400001525878906,82193
2022-05-24,31.799999237060547,31.799999237060547,32.400001525878906,29.700000762939453,31.200000762939453,25090
2022-05-25,31.5,31.5,32.400001525878906,30.299999237060547,31.200000762939453,14393
2022-05-26,33.0,33.0,33.900001525878906,30.0,31.200000762939453,27157
2022-05-27,34.5,34.5,35.70000076293945,32.400001525878906,33.29999923706055,31590
2022-05-31,34.5,34.5,35.099998474121094,33.29999923706055,34.20000076293945,11250
2022-06-01,32.63999938964844,32.63999938964844,35.70000076293945,32.099998474121094,35.70000076293945,22790
2022-06-02,33.0,33.0,33.29999923706055,31.5,32.70000076293945,8207
2022-06-03,31.200000762939453,31.200000762939453,32.400001525878906,30.899999618530273,31.799999237060547,6507
2022-06-06,30.299999237060547,30.299999237060547,32.099998474121094,30.0,31.799999237060547,8943
2022-06-07,30.899999618530273,30.899999618530273,31.5,30.0,30.0,7593
2022-06-08,31.799999237060547,31.799999237060547,32.400001525878906,30.899999618530273,31.200000762939453,13287
2022-06-09,30.899999618530273,30.899999618530273,31.799999237060547,30.600000381469727,31.5,4057
2022-06-10,29.670000076293945,29.670000076293945,30.899999618530273,29.100000381469727,30.299999237060547,7897
2022-06-13,26.399999618530273,26.399999618530273,27.1200008392334,25.799999237060547,26.639999389648438,19780
2022-06-14,27.239999771118164,27.239999771118164,28.799999237060547,26.399999618530273,26.399999618530273,9833
2022-06-15,28.139999389648438,28.139999389648438,28.5,27.239999771118164,28.5,5717
2022-06-16,27.600000381469727,27.600000381469727,28.5,26.190000534057617,27.780000686645508,5137
2022-06-17,26.399999618530273,26.399999618530273,28.5,26.100000381469727,28.350000381469727,3123
2022-06-21,27.479999542236328,27.479999542236328,29.3700008392334,26.549999237060547,28.649999618530273,5130
2022-06-22,27.0,27.0,27.600000381469727,26.399999618530273,27.299999237060547,7613
2022-06-23,26.459999084472656,26.459999084472656,27.600000381469727,26.399999618530273,26.399999618530273,3800
2022-06-24,25.920000076293945,25.920000076293945,28.200000762939453,25.920000076293945,27.600000381469727,5510
2022-06-27,26.81999969482422,26.81999969482422,27.270000457763672,25.920000076293945,26.100000381469727,2837
2022-06-28,26.549999237060547,26.549999237060547,28.139999389648438,25.799999237060547,26.700000762939453,4783
2022-06-29,25.920000076293945,25.920000076293945,26.760000228881836,25.530000686645508,26.760000228881836,2150
2022-06-30,24.8700008392334,24.8700008392334,31.200000762939453,24.0,26.34000015258789,90293
2022-07-01,24.479999542236328,24.479999542236328,25.5,24.0,25.440000534057617,8200
2022-07-05,25.200000762939453,25.200000762939453,25.5,24.030000686645508,24.329999923706055,7003
2022-07-06,26.639999389648438,26.639999389648438,26.790000915527344,25.200000762939453,25.799999237060547,5950
2022-07-07,28.6200008392334,28.6200008392334,29.06999969482422,27.059999465942383,27.600000381469727,6067
2022-07-08,29.549999237060547,29.549999237060547,30.600000381469727,28.200000762939453,28.5,9000
2022-07-11,29.399999618530273,29.399999618530273,30.0,27.600000381469727,28.5,5650
2022-07-12,30.899999618530273,30.899999618530273,31.5,28.110000610351562,29.700000762939453,9973
2022-07-13,31.5,31.5,31.5,29.399999618530273,30.0,5003
2022-07-14,30.899999618530273,30.899999618530273,32.400001525878906,30.0,32.099998474121094,3620
2022-07-15,30.600000381469727,30.600000381469727,32.400001525878906,30.0,32.400001525878906,1960
2022-07-18,30.299999237060547,30.299999237060547,31.40999984741211,29.399999618530273,30.299999237060547,3823
2022-07-19,29.700000762939453,29.700000762939453,30.299999237060547,29.280000686645508,30.0,1697
2022-07-20,30.0,30.0,30.299999237060547,29.700000762939453,30.299999237060547,1773
2022-07-21,29.100000381469727,29.100000381469727,30.299999237060547,28.799999237060547,29.850000381469727,2017
2022-07-22,29.040000915527344,29.040000915527344,29.399999618530273,28.799999237060547,29.399999618530273,1183
2022-07-25,28.799999237060547,28.799999237060547,29.610000610351562,28.5,29.549999237060547,1507
2022-07-26,28.559999465942383,28.559999465942383,33.29999923706055,28.559999465942383,33.0,12677
2022-07-27,29.100000381469727,29.100000381469727,30.0,28.5,29.399999618530273,2367
2022-07-28,29.25,29.25,30.0,28.799999237060547,29.850000381469727,2210
2022-07-29,29.040000915527344,29.040000915527344,29.549999237060547,28.200000762939453,28.860000610351562,2850
2022-08-01,30.299999237060547,30.299999237060547,31.5,28.649999618530273,28.770000457763672,4003
2022-08-02,29.579999923706055,29.579999923706055,30.600000381469727,28.799999237060547,30.299999237060547,2800
2022-08-03,28.559999465942383,28.559999465942383,30.0,27.600000381469727,29.100000381469727,8780
2022-08-04,29.700000762939453,29.700000762939453,30.0,27.600000381469727,27.65999984741211,4663
2022-08-05,30.299999237060547,30.299999237060547,30.600000381469727,29.700000762939453,29.700000762939453,2717
2022-08-08,30.299999237060547,30.299999237060547,30.600000381469727,28.5,28.5,3353
2022-08-09,28.649999618530273,28.649999618530273,31.5,28.200000762939453,29.399999618530273,3670
2022-08-10,27.75,27.75,29.489999771118164,27.299999237060547,28.5,2347
2022-08-11,28.350000381469727,28.350000381469727,29.040000915527344,27.299999237060547,28.799999237060547,2820
2022-08-12,18.899999618530273,18.899999618530273,20.399999618530273,17.399999618530273,19.200000762939453,114407
2022-08-15,19.079999923706055,19.079999923706055,20.399999618530273,18.600000381469727,20.399999618530273,24513
2022-08-16,17.850000381469727,17.850000381469727,19.5,16.68000030517578,19.200000762939453,29653
2022-08-17,18.18000030517578,18.18000030517578,18.299999237060547,17.700000762939453,18.149999618530273,9130
2022-08-18,18.09000015258789,18.09000015258789,18.899999618530273,18.0,18.75,8183
2022-08-19,18.059999465942383,18.059999465942383,18.600000381469727,18.0,18.329999923706055,4300
2022-08-22,16.6200008392334,16.6200008392334,18.209999084472656,16.5,18.209999084472656,10100
2022-08-23,15.720000267028809,15.720000267028809,17.399999618530273,15.0600004196167,16.5,14350
2022-08-24,15.300000190734863,15.300000190734863,16.049999237060547,15.09000015258789,15.75,8013
2022-08-25,15.539999961853027,15.539999961853027,15.84000015258789,15.210000038146973,15.210000038146973,6817
2022-08-26,15.270000457763672,15.270000457763672,15.75,15.149999618530273,15.600000381469727,5803
2022-08-29,13.949999809265137,13.949999809265137,15.270000457763672,13.260000228881836,15.270000457763672,22193
2022-08-30,13.800000190734863,13.800000190734863,15.0,13.800000190734863,13.949999809265137,5230
2022-08-31,14.220000267028809,14.220000267028809,14.699999809265137,13.800000190734863,13.800000190734863,3523
2022-09-01,13.739999771118164,13.739999771118164,14.399999618530273,13.5,14.100000381469727,6170
2022-09-02,13.739999771118164,13.739999771118164,14.399999618530273,13.5,14.399999618530273,3547
2022-09-06,13.5,13.5,14.399999618530273,13.5,14.399999618530273,2917
2022-09-07,14.699999809265137,14.699999809265137,14.729999542236328,13.5,13.5,5833
2022-09-08,14.699999809265137,14.699999809265137,15.600000381469727,14.699999809265137,15.300000190734863,6363
2022-09-09,15.479999542236328,15.479999542236328,15.600000381469727,14.699999809265137,15.449999809265137,4233
2022-09-12,15.329999923706055,15.329999923706055,16.049999237060547,15.0,15.600000381469727,4197
2022-09-13,15.600000381469727,15.600000381469727,16.110000610351562,13.979999542236328,15.180000305175781,3723
2022-09-14,14.460000038146973,14.460000038146973,15.630000114440918,14.460000038146973,15.239999771118164,1567
2022-09-15,14.579999923706055,14.579999923706055,15.899999618530273,14.430000305175781,15.119999885559082,5257
2022-09-16,14.699999809265137,14.699999809265137,14.970000267028809,14.100000381469727,14.699999809265137,4367
2022-09-19,14.15999984741211,14.15999984741211,14.399999618530273,13.5,14.399999618530273,3100
2022-09-20,13.619999885559082,13.619999885559082,14.100000381469727,13.619999885559082,14.100000381469727,3620
2022-09-21,13.710000038146973,13.710000038146973,14.100000381469727,12.75,14.100000381469727,4203
2022-09-22,13.5,13.5,14.25,12.779999732971191,13.800000190734863,2463
2022-09-23,13.199999809265137,13.199999809265137,13.5,12.029999732971191,12.899999618530273,4090
2022-09-26,12.600000381469727,12.600000381469727,13.199999809265137,12.270000457763672,13.199999809265137,3007
2022-09-27,11.520000457763672,11.520000457763672,13.199999809265137,11.489999771118164,12.390000343322754,7257
2022-09-28,11.9399995803833,11.9399995803833,12.600000381469727,11.399999618530273,11.699999809265137,4867
2022-09-29,11.3100004196167,11.3100004196167,12.420000076293945,10.649999618530273,11.579999923706055,3857
2022-09-30,11.369999885559082,11.369999885559082,12.569999694824219,10.529999732971191,11.399999618530273,2540
2022-10-03,12.0,12.0,12.600000381469727,10.529999732971191,12.210000038146973,6753
2022-10-04,12.029999732971191,12.029999732971191,12.600000381469727,11.729999542236328,11.729999542236328,3483
2022-10-05,11.9399995803833,11.9399995803833,13.020000457763672,11.579999923706055,12.0,3650
2022-10-06,11.880000114440918,11.880000114440918,13.470000267028809,11.699999809265137,12.569999694824219,4100
2022-10-07,11.550000190734863,11.550000190734863,12.510000228881836,11.25,11.25,3330
2022-10-10,11.550000190734863,11.550000190734863,12.300000190734863,11.25,11.25,4317
2022-10-11,9.65999984741211,9.65999984741211,11.550000190734863,8.100000381469727,10.710000038146973,11370
2022-10-12,10.5,10.5,10.529999732971191,9.0,9.539999961853027,5307
2022-10-13,10.199999809265137,10.199999809265137,10.5,9.300000190734863,9.989999771118164,1977
2022-10-14,9.329999923706055,9.329999923706055,10.5,9.300000190734863,10.199999809265137,2570
2022-10-17,9.359999656677246,9.359999656677246,10.109999656677246,9.300000190734863,9.300000190734863,2670
2022-10-18,9.869999885559082,9.869999885559082,10.199999809265137,9.600000381469727,9.75,4563
2022-10-19,9.75,9.75,10.199999809265137,9.600000381469727,9.600000381469727,3903
2022-10-20,9.720000267028809,9.720000267028809,10.199999809265137,9.300000190734863,9.869999885559082,2747
2022-10-21,10.050000190734863,10.050000190734863,11.550000190734863,9.600000381469727,9.600000381469727,3703
2022-10-24,9.869999885559082,9.869999885559082,10.949999809265137,9.75,10.949999809265137,4167
2022-10-25,10.380000114440918,10.380000114440918,11.520000457763672,9.75,9.75,2327
2022-10-26,10.680000305175781,10.680000305175781,11.550000190734863,10.229999542236328,10.5,6753
2022-10-27,12.0,12.0,13.140000343322754,10.829999923706055,11.279999732971191,7330
2022-10-28,12.239999771118164,12.239999771118164,12.899999618530273,11.460000038146973,12.0,2533
2022-10-31,11.489999771118164,11.489999771118164,12.600000381469727,11.15999984741211,12.300000190734863,2057
2022-11-01,11.970000267028809,11.970000267028809,12.300000190734863,11.579999923706055,12.300000190734863,1653
2022-11-02,12.0,12.0,12.600000381469727,11.1899995803833,12.390000343322754,2427
2022-11-03,12.300000190734863,12.300000190734863,12.600000381469727,11.399999618530273,12.0,3067
2022-11-04,11.399999618530273,11.399999618530273,12.300000190734863,10.949999809265137,11.579999923706055,3540
2022-11-07,10.829999923706055,10.829999923706055,11.880000114440918,10.800000190734863,11.399999618530273,1380
2022-11-08,11.069999694824219,11.069999694824219,11.699999809265137,10.829999923706055,10.829999923706055,493
2022-11-09,11.670000076293945,11.670000076293945,11.9399995803833,11.100000381469727,11.699999809265137,2163
2022-11-10,11.399999618530273,11.399999618530273,12.300000190734863,11.399999618530273,11.399999618530273,5663
2022-11-11,12.0,12.0,12.300000190734863,11.699999809265137,11.699999809265137,2677
2022-11-14,11.90999984741211,11.90999984741211,12.300000190734863,11.399999618530273,12.300000190734863,3840
2022-11-15,10.350000381469727,10.350000381469727,12.0,10.199999809265137,11.399999618530273,12847
2022-11-16,10.199999809265137,10.199999809265137,10.350000381469727,9.8100004196167,10.350000381469727,3997
2022-11-17,9.75,9.75,11.819999694824219,9.479999542236328,9.720000267028809,5443
2022-11-18,9.600000381469727,9.600000381469727,10.800000190734863,9.420000076293945,10.800000190734863,1610
2022-11-21,9.65999984741211,9.65999984741211,10.199999809265137,9.600000381469727,9.84000015258789,1103
2022-11-22,9.779999732971191,9.779999732971191,10.050000190734863,9.630000114440918,10.050000190734863,2437
2022-11-23,11.039999961853027,11.039999961853027,11.039999961853027,9.600000381469727,9.869999885559082,1050
2022-11-25,10.5,10.5,11.039999961853027,10.199999809265137,11.039999961853027,877
2022-11-28,9.359999656677246,9.359999656677246,10.920000076293945,9.300000190734863,10.920000076293945,6640
2022-11-29,9.6899995803833,9.6899995803833,9.8100004196167,9.329999923706055,9.600000381469727,573
2022-11-30,9.6899995803833,9.6899995803833,10.5,9.300000190734863,9.390000343322754,2630
2022-12-01,9.899999618530273,9.899999618530273,10.739999771118164,9.75,9.75,1397
2022-12-02,10.109999656677246,10.109999656677246,10.710000038146973,9.600000381469727,10.710000038146973,1180
2022-12-05,9.600000381469727,9.600000381469727,10.649999618530273,9.0,9.600000381469727,1773
2022-12-06,8.550000190734863,8.550000190734863,9.899999618530273,8.15999984741211,9.899999618530273,3980
2022-12-07,8.399999618530273,8.399999618530273,9.0,8.100000381469727,9.0,843
2022-12-08,8.430000305175781,8.430000305175781,8.699999809265137,8.399999618530273,8.399999618530273,687
2022-12-09,8.399999618530273,8.399999618530273,8.970000267028809,8.399999618530273,8.399999618530273,863
2022-12-12,8.699999809265137,8.699999809265137,8.819999694824219,8.399999618530273,8.819999694824219,950
2022-12-13,7.800000190734863,7.800000190734863,9.300000190734863,7.800000190734863,8.699999809265137,9300
2022-12-14,7.920000076293945,7.920000076293945,8.699999809265137,7.800000190734863,8.699999809265137,2347
2022-12-15,7.349999904632568,7.349999904632568,8.100000381469727,6.599999904632568,8.100000381469727,8130
2022-12-16,7.050000190734863,7.050000190734863,7.559999942779541,6.300000190734863,6.300000190734863,4993
2022-12-19,6.809999942779541,6.809999942779541,7.800000190734863,6.71999979019165,7.800000190734863,4200
2022-12-20,6.179999828338623,6.179999828338623,7.199999809265137,6.0,6.869999885559082,3913
2022-12-21,6.090000152587891,6.090000152587891,6.630000114440918,6.0,6.599999904632568,6020
2022-12-22,6.300000190734863,6.300000190734863,6.300000190734863,6.0,6.300000190734863,5003
2022-12-23,6.0,6.0,6.630000114440918,6.0,6.389999866485596,5107
2022-12-27,6.150000095367432,6.150000095367432,7.050000190734863,6.03000020980835,6.150000095367432,8233
2022-12-28,6.03000020980835,6.03000020980835,6.960000038146973,6.0,6.300000190734863,5677
2022-12-29,5.909999847412109,5.909999847412109,6.300000190734863,5.400000095367432,5.400000095367432,10090
2022-12-30,6.0,6.0,6.480000019073486,5.699999809265137,6.0,9053
2023-01-03,5.789999961853027,5.789999961853027,6.0,5.429999828338623,6.0,3010
2023-01-04,6.599999904632568,6.599999904632568,6.869999885559082,5.730000019073486,5.730000019073486,8130
2023-01-05,6.300000190734863,6.300000190734863,6.900000095367432,6.0,6.599999904632568,4190
2023-01-06,6.300000190734863,6.300000190734863,6.599999904632568,6.150000095367432,6.300000190734863,6380
2023-01-09,6.900000095367432,6.900000095367432,7.349999904632568,6.329999923706055,6.329999923706055,7200
2023-01-10,7.5,7.5,7.800000190734863,6.900000095367432,6.900000095367432,1587
2023-01-11,7.800000190734863,7.800000190734863,7.800000190734863,7.289999961853027,7.800000190734863,2547
2023-01-12,8.010000228881836,8.010000228881836,8.399999618530273,7.289999961853027,7.53000020980835,2250
2023-01-13,9.300000190734863,9.300000190734863,9.75,7.5,7.800000190734863,4573
2023-01-17,10.40999984741211,10.40999984741211,10.800000190734863,8.850000381469727,10.170000076293945,8747
2023-01-18,11.069999694824219,11.069999694824219,11.699999809265137,10.170000076293945,11.100000381469727,6510
2023-01-19,9.630000114440918,9.630000114440918,11.699999809265137,9.329999923706055,11.699999809265137,3590
2023-01-20,10.020000457763672,10.020000457763672,10.470000267028809,9.630000114440918,9.630000114440918,2837
2023-01-23,9.0600004196167,9.0600004196167,12.149999618530273,9.029999732971191,10.199999809265137,8097
2023-01-24,9.420000076293945,9.420000076293945,9.6899995803833,9.0600004196167,9.600000381469727,1600
2023-01-25,9.449999809265137,9.449999809265137,9.600000381469727,9.149999618530273,9.390000343322754,2860
2023-01-26,9.359999656677246,9.359999656677246,9.6899995803833,9.300000190734863,9.600000381469727,1627
2023-01-27,9.600000381469727,9.600000381469727,9.899999618530273,9.0,9.300000190734863,1973
2023-01-30,9.960000038146973,9.960000038146973,10.199999809265137,9.119999885559082,9.899999618530273,4303
2023-01-31,10.260000228881836,10.260000228881836,11.9399995803833,10.199999809265137,10.199999809265137,5587
2023-02-01,10.199999809265137,10.199999809265137,10.710000038146973,10.199999809265137,10.710000038146973,2013
2023-02-02,9.6899995803833,9.6899995803833,11.100000381469727,9.600000381469727,10.319999694824219,4180
2023-02-03,9.930000305175781,9.930000305175781,10.529999732971191,9.420000076293945,9.420000076293945,3293
2023-02-06,9.75,9.75,10.470000267028809,9.600000381469727,9.899999618530273,1347
2023-02-07,9.600000381469727,9.600000381469727,10.5600004196167,9.329999923706055,10.5600004196167,990
2023-02-08,8.729999542236328,8.729999542236328,10.050000190734863,7.650000095367432,10.050000190734863,7973
2023-02-09,8.640000343322754,8.640000343322754,9.300000190734863,8.640000343322754,9.300000190734863,2517
2023-02-10,9.0,9.0,9.0,8.699999809265137,8.970000267028809,370
2023-02-13,9.300000190734863,9.300000190734863,9.899999618530273,9.0,9.0,1367
2023-02-14,8.25,8.25,9.600000381469727,7.5,8.9399995803833,8073
2023-02-15,8.880000114440918,8.880000114440918,9.359999656677246,8.039999961853027,9.359999656677246,3463
2023-02-16,8.819999694824219,8.819999694824219,8.850000381469727,7.980000019073486,7.980000019073486,2893
2023-02-17,7.800000190734863,7.800000190734863,8.819999694824219,7.800000190734863,8.010000228881836,8533
2023-02-21,7.170000076293945,7.170000076293945,7.949999809265137,6.840000152587891,7.949999809265137,8790
2023-02-22,6.929999828338623,6.929999828338623,7.46999979019165,6.599999904632568,6.599999904632568,1080
2023-02-23,6.449999809265137,6.449999809265137,7.440000057220459,6.0,7.440000057220459,10677
2023-02-24,5.940000057220459,5.940000057220459,6.449999809265137,5.699999809265137,6.300000190734863,9613
2023-02-27,6.059999942779541,6.059999942779541,6.300000190734863,6.0,6.300000190734863,2017
2023-02-28,6.150000095367432,6.150000095367432,6.599999904632568,6.0,6.360000133514404,2920
2023-03-01,5.760000228881836,5.760000228881836,6.480000019073486,5.550000190734863,5.760000228881836,12217
2023-03-02,5.820000171661377,5.820000171661377,6.0,5.699999809265137,5.699999809265137,2813
2023-03-03,6.03000020980835,6.03000020980835,6.420000076293945,5.880000114440918,5.909999847412109,6367
2023-03-06,5.940000057220459,5.940000057220459,6.599999904632568,5.699999809265137,6.329999923706055,4860
2023-03-07,5.760000228881836,5.760000228881836,6.119999885559082,5.730000019073486,5.730000019073486,3220
2023-03-08,5.699999809265137,5.699999809265137,6.0,5.699999809265137,5.940000057220459,4247
2023-03-09,5.940000057220459,5.940000057220459,5.96999979019165,5.610000133514404,5.610000133514404,4283
2023-03-10,4.829999923706055,4.829999923706055,5.940000057220459,4.619999885559082,5.639999866485596,17187
2023-03-13,4.559999942779541,4.559999942779541,4.800000190734863,4.53000020980835,4.800000190734863,10087
2023-03-14,4.800000190734863,4.800000190734863,4.949999809265137,4.5,4.800000190734863,12857
2023-03-15,4.920000076293945,4.920000076293945,4.949999809265137,4.679999828338623,4.889999866485596,3543
2023-03-16,5.309999942779541,5.309999942779541,5.369999885559082,4.800000190734863,4.949999809265137,4537
2023-03-17,4.980000019073486,4.980000019073486,5.309999942779541,4.949999809265137,5.099999904632568,10843
2023-03-20,5.25,5.25,6.0,4.829999923706055,5.699999809265137,35273
2023-03-21,5.550000190734863,5.550000190734863,5.699999809265137,5.070000171661377,5.070000171661377,13077
2023-03-22,5.400000095367432,5.400000095367432,5.96999979019165,4.829999923706055,5.96999979019165,6710
2023-03-23,5.130000114440918,5.130000114440918,5.579999923706055,5.099999904632568,5.099999904632568,2910
2023-03-24,5.28000020980835,5.28000020980835,5.519999980926514,4.949999809265137,5.25,10310
2023-03-27,4.980000019073486,4.980000019073486,5.25,4.53000020980835,5.130000114440918,5210
2023-03-28,4.53000020980835,4.53000020980835,4.800000190734863,4.5,4.800000190734863,13393
2023-03-29,4.53000020980835,4.53000020980835,4.829999923706055,4.53000020980835,4.53000020980835,6117
2023-03-30,4.110000133514404,4.110000133514404,4.650000095367432,3.0,4.650000095367432,21250
2023-03-31,4.289999961853027,4.289999961853027,4.409999847412109,4.289999961853027,4.289999961853027,6273
2023-04-03,3.990000009536743,3.990000009536743,4.46999979019165,3.990000009536743,4.260000228881836,9353
2023-04-04,3.9600000381469727,3.9600000381469727,4.110000133514404,3.9600000381469727,3.990000009536743,2517
2023-04-05,3.7799999713897705,3.7799999713897705,4.019999980926514,3.7799999713897705,3.9600000381469727,4917
2023-04-06,3.7799999713897705,3.7799999713897705,3.990000009536743,3.75,3.809999942779541,6357
2023-04-10,3.75,3.75,4.050000190734863,3.75,3.9000000953674316,3447
2023-04-11,5.639999866485596,5.639999866485596,10.619999885559082,3.869999885559082,4.050000190734863,3082497
2023-04-12,4.590000152587891,4.590000152587891,5.400000095367432,4.349999904632568,5.369999885559082,241450
2023-04-13,4.380000114440918,4.380000114440918,4.650000095367432,4.050000190734863,4.380000114440918,94263
2023-04-14,4.050000190734863,4.050000190734863,4.5,3.930000066757202,4.170000076293945,51573
2023-04-17,4.199999809265137,4.199999809265137,4.349999904632568,4.050000190734863,4.050000190734863,44473
2023-04-18,4.650000095367432,4.650000095367432,6.300000190734863,4.050000190734863,4.230000019073486,310233
2023-04-19,4.349999904632568,4.349999904632568,4.949999809265137,4.230000019073486,4.260000228881836,64793
2023-04-20,4.079999923706055,4.079999923706055,4.440000057220459,4.079999923706055,4.199999809265137,32793
2023-04-21,4.110000133514404,4.110000133514404,4.320000171661377,3.9600000381469727,4.230000019073486,16203
2023-04-24,4.380000114440918,4.380000114440918,4.650000095367432,4.079999923706055,4.199999809265137,30250
2023-04-25,4.139999866485596,4.139999866485596,4.440000057220459,4.019999980926514,4.289999961853027,15273
2023-04-26,4.349999904632568,4.349999904632568,4.800000190734863,3.9000000953674316,3.9000000953674316,103720
2023-04-27,4.199999809265137,4.199999809265137,4.349999904632568,4.079999923706055,4.199999809265137,20600
2023-04-28,4.019999980926514,4.019999980926514,4.320000171661377,3.930000066757202,4.079999923706055,28747
2023-05-01,4.199999809265137,4.199999809265137,4.5,4.019999980926514,4.019999980926514,95140
2023-05-02,4.440000057220459,4.440000057220459,4.739999771118164,4.199999809265137,4.409999847412109,85260
2023-05-03,4.5,4.5,4.679999828338623,4.320000171661377,4.46999979019165,32710
2023-05-04,4.829999923706055,4.829999923706055,5.400000095367432,4.349999904632568,4.590000152587891,142147
2023-05-05,4.889999866485596,4.889999866485596,5.159999847412109,4.650000095367432,4.769999980926514,47083
2023-05-08,4.949999809265137,4.949999809265137,5.070000171661377,4.590000152587891,4.739999771118164,23160
2023-05-09,5.699999809265137,5.699999809265137,6.300000190734863,5.28000020980835,5.28000020980835,134593
2023-05-10,5.340000152587891,5.340000152587891,5.880000114440918,4.800000190734863,5.699999809265137,61000
2023-05-11,4.980000019073486,4.980000019073486,5.550000190734863,4.800000190734863,4.920000076293945,27170
2023-05-12,4.800000190734863,4.800000190734863,5.25,4.800000190734863,4.860000133514404,26873
2023-05-15,4.5,4.5,5.010000228881836,4.380000114440918,4.860000133514404,14583
2023-05-16,4.769999980926514,4.769999980926514,4.920000076293945,4.53000020980835,4.679999828338623,8723
2023-05-17,4.650000095367432,4.650000095367432,4.769999980926514,4.409999847412109,4.739999771118164,6980
2023-05-18,4.5,4.5,4.800000190734863,4.380000114440918,4.590000152587891,13917
2023-05-19,4.289999961853027,4.289999961853027,4.619999885559082,4.230000019073486,4.5,9620
2023-05-22,4.260000228881836,4.260000228881836,4.46999979019165,3.9000000953674316,4.289999961853027,17810
2023-05-23,4.800000190734863,4.800000190734863,6.150000095367432,4.53000020980835,4.650000095367432,263007
2023-05-24,4.199999809265137,4.199999809265137,4.53000020980835,3.990000009536743,4.46999979019165,57430
2023-05-25,4.019999980926514,4.019999980926514,4.260000228881836,3.869999885559082,4.199999809265137,26950
2023-05-26,3.8399999141693115,3.8399999141693115,4.019999980926514,3.630000114440918,3.869999885559082,27493
2023-05-30,4.019999980926514,4.019999980926514,4.230000019073486,3.75,3.9000000953674316,25177
2023-05-31,3.9000000953674316,3.9000000953674316,4.019999980926514,3.75,3.9000000953674316,10377
2023-06-01,3.9000000953674316,3.9000000953674316,4.050000190734863,3.8399999141693115,4.019999980926514,6417
2023-06-02,3.990000009536743,3.990000009536743,4.050000190734863,3.8399999141693115,3.990000009536743,20583
2023-06-05,3.8399999141693115,3.8399999141693115,4.019999980926514,3.5999999046325684,4.019999980926514,42033
2023-06-06,3.630000114440918,3.630000114440918,3.869999885559082,3.5399999618530273,3.75,13403
2023-06-07,3.7200000286102295,3.7200000286102295,3.930000066757202,3.5999999046325684,3.809999942779541,15690
2023-06-08,3.8399999141693115,3.8399999141693115,4.110000133514404,3.7200000286102295,3.9000000953674316,14920
2023-06-09,3.75,3.75,3.9000000953674316,3.7200000286102295,3.8399999141693115,6210
2023-06-12,3.6600000858306885,3.6600000858306885,4.050000190734863,3.6600000858306885,3.7799999713897705,7890
2023-06-13,3.6600000858306885,3.6600000858306885,3.869999885559082,3.630000114440918,3.869999885559082,3973
2023-06-14,3.509999990463257,3.509999990463257,3.630000114440918,3.509999990463257,3.630000114440918,8420
2023-06-15,3.5999999046325684,3.5999999046325684,3.6600000858306885,3.450000047683716,3.450000047683716,5317
2023-06-16,4.139999866485596,4.139999866485596,4.199999809265137,3.5999999046325684,3.690000057220459,67997
2023-06-20,4.079999923706055,4.079999923706055,4.199999809265137,3.8399999141693115,4.199999809265137,26797
2023-06-21,3.7799999713897705,3.7799999713897705,4.139999866485596,3.5999999046325684,4.139999866485596,13673
2023-06-22,3.6600000858306885,3.6600000858306885,3.9600000381469727,3.5999999046325684,3.7799999713897705,14797
2023-06-23,3.7200000286102295,3.7200000286102295,3.9600000381469727,3.450000047683716,3.6600000858306885,10073
2023-06-26,3.5999999046325684,3.5999999046325684,3.869999885559082,3.569999933242798,3.8399999141693115,6283
2023-06-27,3.5999999046325684,3.5999999046325684,3.7200000286102295,3.5399999618530273,3.7200000286102295,17647
2023-06-28,3.450000047683716,3.450000047683716,3.630000114440918,3.359999895095825,3.5999999046325684,9487
2023-06-29,3.299999952316284,3.299999952316284,3.569999933242798,3.299999952316284,3.450000047683716,14070
2023-06-30,3.299999952316284,3.299999952316284,4.170000076293945,3.2699999809265137,3.390000104904175,251003
2023-07-03,4.170000076293945,4.170000076293945,5.25,3.9000000953674316,5.190000057220459,1377983
2023-07-05,3.9000000953674316,3.9000000953674316,4.980000019073486,3.509999990463257,3.630000114440918,344010
2023-07-06,3.7200000286102295,3.7200000286102295,3.9000000953674316,3.450000047683716,3.75,55650
2023-07-07,3.630000114440918,3.630000114440918,3.75,3.4800000190734863,3.690000057220459,36680
2023-07-10,3.509999990463257,3.509999990463257,3.7200000286102295,3.4200000762939453,3.6600000858306885,43440
2023-07-11,3.569999933242798,3.569999933242798,3.569999933242798,3.359999895095825,3.390000104904175,24493
2023-07-12,3.4200000762939453,3.4200000762939453,3.509999990463257,3.299999952316284,3.450000047683716,31007
2023-07-13,3.450000047683716,3.450000047683716,3.509999990463257,3.3299999237060547,3.390000104904175,12350
2023-07-14,3.2699999809265137,3.2699999809265137,3.4800000190734863,3.240000009536743,3.4800000190734863,18480
2023-07-17,3.240000009536743,3.240000009536743,3.390000104904175,3.1500000953674316,3.299999952316284,15163
2023-07-18,3.240000009536743,3.240000009536743,3.359999895095825,3.1500000953674316,3.1500000953674316,18030
2023-07-19,3.359999895095825,3.359999895095825,3.359999895095825,3.119999885559082,3.1500000953674316,26243
2023-07-20,3.240000009536743,3.240000009536743,3.4200000762939453,3.119999885559082,3.4200000762939453,63493
2023-07-21,3.299999952316284,3.299999952316284,3.3299999237060547,3.059999942779541,3.1500000953674316,16363
2023-07-24,3.3299999237060547,3.3299999237060547,3.359999895095825,3.1500000953674316,3.299999952316284,12967
2023-07-25,3.2699999809265137,3.2699999809265137,3.359999895095825,3.180000066757202,3.359999895095825,8353
2023-07-26,3.2699999809265137,3.2699999809265137,3.3299999237060547,3.119999885559082,3.3299999237060547,18637
2023-07-27,3.0899999141693115,3.0899999141693115,3.299999952316284,3.059999942779541,3.2699999809265137,13633
2023-07-28,3.2699999809265137,3.2699999809265137,3.359999895095825,3.0899999141693115,3.299999952316284,42750
2023-07-31,3.299999952316284,3.299999952316284,3.5999999046325684,3.1500000953674316,3.299999952316284,35770
2023-08-01,3.4800000190734863,3.4800000190734863,3.5399999618530273,3.240000009536743,3.5399999618530273,18340
2023-08-02,3.390000104904175,3.390000104904175,3.5999999046325684,3.2100000381469727,3.299999952316284,31737
2023-08-03,3.4800000190734863,3.4800000190734863,3.7200000286102295,3.2699999809265137,3.2699999809265137,35240
2023-08-04,3.4800000190734863,3.4800000190734863,3.630000114440918,3.4200000762939453,3.4200000762939453,120900
2023-08-07,3.180000066757202,3.180000066757202,3.359999895095825,3.119999885559082,3.359999895095825,34477
2023-08-08,3.299999952316284,3.299999952316284,3.299999952316284,3.0899999141693115,3.1500000953674316,13200
2023-08-09,3.450000047683716,3.450000047683716,3.509999990463257,3.0899999141693115,3.240000009536743,17230
2023-08-10,3.299999952316284,3.299999952316284,3.5999999046325684,3.180000066757202,3.390000104904175,7147
2023-08-11,3.2699999809265137,3.2699999809265137,3.450000047683716,3.119999885559082,3.2100000381469727,14647
2023-08-14,3.1500000953674316,3.1500000953674316,3.299999952316284,3.0899999141693115,3.2699999809265137,11817
2023-08-15,3.119999885559082,3.119999885559082,3.1500000953674316,3.059999942779541,3.1500000953674316,7023
2023-08-16,3.450000047683716,3.450000047683716,3.5999999046325684,3.1500000953674316,3.180000066757202,67410
2023-08-17,3.390000104904175,3.390000104904175,3.5399999618530273,3.2699999809265137,3.509999990463257,14403
2023-08-18,3.240000009536743,3.240000009536743,3.390000104904175,3.1500000953674316,3.299999952316284,11240
2023-08-21,3.2100000381469727,3.2100000381469727,3.359999895095825,3.0299999713897705,3.240000009536743,13153
2023-08-22,2.940000057220459,2.940000057220459,3.390000104904175,2.7300000190734863,3.390000104904175,30087
2023-08-23,3.0,3.0,3.0,2.7300000190734863,2.8499999046325684,14387
2023-08-24,3.119999885559082,3.119999885559082,3.180000066757202,2.759999990463257,2.759999990463257,108877
2023-08-25,2.9700000286102295,2.9700000286102295,3.0899999141693115,2.759999990463257,3.0,31477
2023-08-28,2.8499999046325684,2.8499999046325684,2.940000057220459,2.819999933242798,2.940000057220459,6430
2023-08-29,2.940000057220459,2.940000057220459,2.940000057220459,2.700000047683716,2.8499999046325684,9780
2023-08-30,2.9700000286102295,2.9700000286102295,2.9700000286102295,2.759999990463257,2.9100000858306885,10503
2023-08-31,3.0,3.0,3.119999885559082,2.819999933242798,2.940000057220459,8363
2023-09-01,2.9100000858306885,2.9100000858306885,3.059999942779541,2.880000114440918,2.940000057220459,10410
2023-09-05,2.9100000858306885,2.9100000858306885,3.0,2.9100000858306885,2.9100000858306885,4740
2023-09-06,2.9100000858306885,2.9100000858306885,3.0,2.8499999046325684,3.0,4483
2023-09-07,3.119999885559082,3.119999885559082,3.5999999046325684,2.8499999046325684,2.9100000858306885,185730
2023-09-08,2.6700000762939453,2.6700000762939453,3.119999885559082,2.25,2.799999952316284,332600
2023-09-11,2.440000057220459,2.440000057220459,2.7100000381469727,2.25,2.700000047683716,87700
2023-09-12,2.380000114440918,2.380000114440918,2.687000036239624,2.3299999237060547,2.4100000858306885,52800
2023-09-13,2.4100000858306885,2.4100000858306885,2.635999917984009,2.319999933242798,2.319999933242798,29800
2023-09-14,2.3499999046325684,2.3499999046325684,2.4539999961853027,2.3399999141693115,2.390000104904175,18700
2023-09-15,2.440000057220459,2.440000057220459,2.4749999046325684,2.3399999141693115,2.3499999046325684,24400
2023-09-18,2.369999885559082,2.369999885559082,2.640000104904175,2.3399999141693115,2.640000104904175,21600
2023-09-19,2.2899999618530273,2.2899999618530273,2.369999885559082,2.2100000381469727,2.3499999046325684,43500
2023-09-20,2.2200000286102295,2.2200000286102295,2.3499999046325684,2.130000114440918,2.2950000762939453,24900
2023-09-21,2.119999885559082,2.119999885559082,2.2899999618530273,2.0799999237060547,2.180000066757202,25000
2023-09-22,1.8899999856948853,1.8899999856948853,2.119999885559082,1.8250000476837158,2.0899999141693115,61400
2023-09-25,1.871000051498413,1.871000051498413,1.940000057220459,1.850000023841858,1.850000023841858,17900
2023-09-26,1.8339999914169312,1.8339999914169312,1.9900000095367432,1.8200000524520874,1.8300000429153442,27000
2023-09-27,1.850000023841858,1.850000023841858,1.899999976158142,1.840000033378601,1.847000002861023,15200
2023-09-28,1.7999999523162842,1.7999999523162842,1.899999976158142,1.7999999523162842,1.8799999952316284,12700
2023-09-29,2.009000062942505,2.009000062942505,2.2039999961853027,1.8200000524520874,1.8300000429153442,47700
2023-10-02,1.899999976158142,1.899999976158142,1.9950000047683716,1.899999976158142,1.9500000476837158,12100
2023-10-03,1.850000023841858,1.850000023841858,1.9700000286102295,1.8209999799728394,1.909999966621399,34300
2023-10-04,1.899999976158142,1.899999976158142,1.968000054359436,1.8539999723434448,1.9199999570846558,7300
2023-10-05,1.940000057220459,1.940000057220459,2.005000114440918,1.8600000143051147,2.005000114440918,9000
2023-10-06,1.9199999570846558,1.9199999570846558,1.9800000190734863,1.9199999570846558,1.940000057220459,6700
2023-10-09,1.944000005722046,1.944000005722046,1.9500000476837158,1.871000051498413,1.875,12100
2023-10-10,1.9900000095367432,1.9900000095367432,1.9900000095367432,1.940000057220459,1.9900000095367432,3000
2023-10-11,1.9500000476837158,1.9500000476837158,2.0199999809265137,1.909999966621399,2.0199999809265137,9600
2023-10-12,1.809999942779541,1.809999942779541,2.0,1.809999942779541,2.0,10100
2023-10-13,1.909999966621399,1.909999966621399,1.940000057220459,1.8300000429153442,1.899999976158142,4900
2023-10-16,1.840000033378601,1.840000033378601,1.909999966621399,1.75,1.909999966621399,14800
2023-10-17,1.909999966621399,1.909999966621399,2.0,1.8040000200271606,1.8040000200271606,12200
2023-10-18,1.840000033378601,1.840000033378601,1.9900000095367432,1.840000033378601,1.8799999952316284,7500
2023-10-19,1.8860000371932983,1.8860000371932983,1.9179999828338623,1.840000033378601,1.8550000190734863,8700
2023-10-20,2.0,2.0,2.0,1.8300000429153442,1.850000023841858,21800
2023-10-23,1.9900000095367432,1.9900000095367432,2.0,1.8700000047683716,2.0,6700
2023-10-24,1.9600000381469727,1.9600000381469727,2.1700000762939453,1.9229999780654907,2.1700000762939453,10700
2023-10-25,1.909999966621399,1.909999966621399,2.069999933242798,1.909999966621399,1.9600000381469727,12900
2023-10-26,1.850000023841858,1.850000023841858,2.0299999713897705,1.7200000286102295,1.909999966621399,21600
2023-10-27,1.878999948501587,1.878999948501587,1.878999948501587,1.753999948501587,1.850000023841858,2600
2023-10-30,1.7599999904632568,1.7599999904632568,1.9500000476837158,1.7200000286102295,1.9500000476837158,14300
2023-10-31,1.8200000524520874,1.8200000524520874,1.8600000143051147,1.6799999475479126,1.7400000095367432,8000
2023-11-01,1.6299999952316284,1.6299999952316284,1.8350000381469727,1.4600000381469727,1.8350000381469727,18600
2023-11-02,1.5800000429153442,1.5800000429153442,1.7000000476837158,1.5299999713897705,1.5800000429153442,9300
2023-11-03,1.4299999475479126,1.4299999475479126,1.5750000476837158,1.2990000247955322,1.5750000476837158,38000
2023-11-06,1.5,1.5,1.6440000534057617,1.4600000381469727,1.6299999952316284,13800
2023-11-07,1.4199999570846558,1.4199999570846558,1.6299999952316284,1.4199999570846558,1.6299999952316284,9200
2023-11-08,1.3700000047683716,1.3700000047683716,1.5399999618530273,1.350000023841858,1.5399999618530273,10700
2023-11-09,1.2699999809265137,1.2699999809265137,1.3650000095367432,1.2200000286102295,1.3600000143051147,13200
2023-11-10,1.559999942779541,1.559999942779541,1.6799999475479126,1.2400000095367432,1.2899999618530273,163300
2023-11-13,1.649999976158142,1.649999976158142,1.746999979019165,1.3799999952316284,1.5399999618530273,52500
2023-11-14,1.6699999570846558,1.6699999570846558,1.7940000295639038,1.649999976158142,1.6699999570846558,53500
2023-11-15,1.597000002861023,1.597000002861023,1.659999966621399,1.559999942779541,1.6200000047683716,19100
2023-11-16,1.7000000476837158,1.7000000476837158,1.7000000476837158,1.3200000524520874,1.590000033378601,65400
2023-11-17,1.5800000429153442,1.5800000429153442,1.6200000047683716,1.5099999904632568,1.6200000047683716,19900
2023-11-20,1.4700000286102295,1.4700000286102295,1.5800000429153442,1.440000057220459,1.5800000429153442,13300
2023-11-21,1.5199999809265137,1.5199999809265137,1.590000033378601,1.440000057220459,1.590000033378601,21100
2023-11-22,1.649999976158142,1.649999976158142,2.140000104904175,1.5470000505447388,1.6369999647140503,623000
2023-11-24,1.5499999523162842,1.5499999523162842,1.8200000524520874,1.5099999904632568,1.659999966621399,59100
2023-11-27,1.659999966621399,1.659999966621399,1.7699999809265137,1.5,1.5,32200
2023-11-28,1.7879999876022339,1.7879999876022339,1.9839999675750732,1.6030000448226929,1.6950000524520874,43600
2023-11-29,1.6299999952316284,1.6299999952316284,1.8569999933242798,1.6100000143051147,1.7599999904632568,35900
2023-11-30,1.690000057220459,1.690000057220459,1.8799999952316284,1.6699999570846558,1.6770000457763672,61500
2023-12-01,2.0299999713897705,2.0299999713897705,2.390000104904175,1.7100000381469727,1.8660000562667847,165500
2023-12-04,1.899999976158142,1.899999976158142,2.009999990463257,1.781000018119812,1.9199999570846558,21800
2023-12-05,1.909999966621399,1.909999966621399,2.0,1.7400000095367432,1.7549999952316284,41600
2023-12-06,1.840000033378601,1.840000033378601,1.9850000143051147,1.7400000095367432,1.9049999713897705,31900
2023-12-07,1.7599999904632568,1.7599999904632568,1.8899999856948853,1.7000000476837158,1.75,35000
2023-12-08,1.559999942779541,1.559999942779541,1.7879999876022339,1.559999942779541,1.7200000286102295,20900
2023-12-11,1.6299999952316284,1.6299999952316284,1.8300000429153442,1.5700000524520874,1.5700000524520874,23300
2023-12-12,1.5700000524520874,1.5700000524520874,1.6299999952316284,1.4700000286102295,1.6200000047683716,10700
2023-12-13,1.309999942779541,1.309999942779541,1.690000057220459,1.309999942779541,1.690000057220459,67900
2023-12-14,1.3730000257492065,1.3730000257492065,1.4900000095367432,1.3730000257492065,1.4900000095367432,36700
2023-12-15,1.4199999570846558,1.4199999570846558,1.4279999732971191,1.3700000047683716,1.3700000047683716,16800
2023-12-18,1.7799999713897705,1.7799999713897705,1.8899999856948853,1.3240000009536743,1.409999966621399,345400
2023-12-19,1.5700000524520874,1.5700000524520874,1.75,1.5,1.5700000524520874,50500
2023-12-20,1.5399999618530273,1.5399999618530273,1.6200000047683716,1.4600000381469727,1.5399999618530273,24400
2023-12-21,1.6200000047683716,1.6200000047683716,1.6660000085830688,1.5,1.5420000553131104,6600
2023-12-22,2.4200000762939453,2.4200000762939453,2.6700000762939453,1.5440000295639038,1.590000033378601,1263400
2023-12-26,3.440000057220459,3.440000057220459,5.400000095367432,3.049999952316284,3.119999885559082,26698100
2023-12-27,2.700000047683716,2.700000047683716,3.240000009536743,2.5399999618530273,3.1500000953674316,746200
2023-12-28,2.190000057220459,2.190000057220459,2.4590001106262207,2.0199999809265137,2.430000066757202,319100
2023-12-29,2.2100000381469727,2.2100000381469727,2.4769999980926514,2.109999895095825,2.190000057220459,175300
2024-01-02,2.319000005722046,2.319000005722046,2.4749999046325684,2.140000104904175,2.2100000381469727,80400
2024-01-03,2.180000066757202,2.180000066757202,2.299999952316284,2.059999942779541,2.2300000190734863,45200
2024-01-04,2.2699999809265137,2.2699999809265137,2.5,2.140000104904175,2.5,68100
2024-01-05,2.440000057220459,2.440000057220459,2.8399999141693115,2.25,2.2899999618530273,187800
2024-01-08,2.4000000953674316,2.4000000953674316,2.5999999046325684,2.380000114440918,2.5999999046325684,83200
2024-01-09,2.2899999618530273,2.2899999618530273,2.5199999809265137,2.200000047683716,2.440000057220459,85800
2024-01-10,2.4000000953674316,2.4000000953674316,2.440000057220459,2.2239999771118164,2.25,73200
2024-01-11,2.390000104904175,2.390000104904175,2.4600000381469727,2.259999990463257,2.3399999141693115,79100
2024-01-12,2.259999990463257,2.259999990463257,2.380000114440918,2.2200000286102295,2.2799999713897705,39500
2024-01-16,2.25,2.25,2.3399999141693115,2.140000104904175,2.190000057220459,42900
2024-01-17,2.1500000953674316,2.1500000953674316,2.1500000953674316,2.0399999618530273,2.121999979019165,9900
2024-01-18,2.2300000190734863,2.2300000190734863,2.319999933242798,2.059999942779541,2.140000104904175,37700
2024-01-19,2.0199999809265137,2.0199999809265137,2.25,2.009999990463257,2.0899999141693115,30500
2024-01-22,2.049999952316284,2.049999952316284,2.1500000953674316,1.9299999475479126,2.0,16600
2024-01-23,2.0899999141693115,2.0899999141693115,2.131999969482422,2.0199999809265137,2.049999952316284,14700
2024-01-24,2.119999885559082,2.119999885559082,2.119999885559082,2.0329999923706055,2.0329999923706055,5700
2024-01-25,2.0799999237060547,2.0799999237060547,2.130000114440918,1.9880000352859497,1.9880000352859497,11100
2024-01-26,2.109999895095825,2.109999895095825,2.259999990463257,2.0899999141693115,2.0999999046325684,23900
2024-01-29,2.069999933242798,2.069999933242798,2.130000114440918,2.0,2.0799999237060547,18700
2024-01-30,1.9900000095367432,1.9900000095367432,2.0299999713897705,1.899999976158142,2.0299999713897705,25900
2024-01-31,1.9600000381469727,1.9600000381469727,2.0299999713897705,1.9299999475479126,1.9800000190734863,25500
2024-02-01,2.0,2.0,2.059999942779541,1.940000057220459,2.0199999809265137,23800
2024-02-02,2.119999885559082,2.119999885559082,2.359999895095825,1.9299999475479126,1.9299999475479126,95100
2024-02-05,1.8600000143051147,1.8600000143051147,2.0399999618530273,1.7999999523162842,2.0399999618530273,30400
2024-02-06,2.0,2.0,2.0,1.940000057220459,1.940000057220459,3400
2024-02-07,2.049999952316284,2.049999952316284,2.059999942779541,2.009999990463257,2.0199999809265137,5200
2024-02-08,2.059999942779541,2.059999942779541,2.1050000190734863,2.009999990463257,2.049999952316284,6400
2024-02-09,2.049999952316284,2.049999952316284,2.109999895095825,1.8580000400543213,2.065000057220459,14700
2024-02-12,1.899999976158142,1.899999976158142,2.109999895095825,1.850000023841858,2.0399999618530273,19700
2024-02-13,1.9160000085830688,1.9160000085830688,2.0299999713897705,1.8799999952316284,1.8799999952316284,12500
2024-02-14,1.8899999856948853,1.8899999856948853,2.0,1.8639999628067017,2.0,2600
2024-02-15,1.850000023841858,1.850000023841858,1.8919999599456787,1.850000023841858,1.850000023841858,3200
2024-02-16,1.8300000429153442,1.8300000429153442,1.8799999952316284,1.7799999713897705,1.8170000314712524,10700
2024-02-20,1.7300000190734863,1.7300000190734863,1.7799999713897705,1.715000033378601,1.7599999904632568,9600
2024-02-21,1.590000033378601,1.590000033378601,1.7079999446868896,1.5199999809265137,1.590000033378601,23600
2024-02-22,1.465000033378601,1.465000033378601,1.6799999475479126,1.4500000476837158,1.6799999475479126,8200
2024-02-23,1.4600000381469727,1.4600000381469727,1.6699999570846558,1.350000023841858,1.5490000247955322,32900
2024-02-26,1.4600000381469727,1.4600000381469727,1.590000033378601,1.4500000476837158,1.590000033378601,5500
2024-02-27,1.4900000095367432,1.4900000095367432,1.5499999523162842,1.4500000476837158,1.5099999904632568,12800
2024-02-28,1.440000057220459,1.440000057220459,1.5,1.3600000143051147,1.440000057220459,13800
2024-02-29,1.3600000143051147,1.3600000143051147,1.4199999570846558,1.3600000143051147,1.409999966621399,5700
2024-03-01,1.4500000476837158,1.4500000476837158,1.4769999980926514,1.3600000143051147,1.4500000476837158,6800
2024-03-04,1.4700000286102295,1.4700000286102295,1.4800000190734863,1.3700000047683716,1.409999966621399,22400
2024-03-05,1.3899999856948853,1.3899999856948853,1.4500000476837158,1.3700000047683716,1.3899999856948853,26700
2024-03-06,1.3700000047683716,1.3700000047683716,1.4800000190734863,1.350000023841858,1.4800000190734863,14200
2024-03-07,1.5,1.5,1.5199999809265137,1.4270000457763672,1.4270000457763672,12100
2024-03-08,1.5299999713897705,1.5299999713897705,1.5490000247955322,1.3940000534057617,1.5099999904632568,20800
2024-03-11,1.4299999475479126,1.4299999475479126,1.4900000095367432,1.4199999570846558,1.4500000476837158,15400
2024-03-12,1.4500000476837158,1.4500000476837158,1.5099999904632568,1.3899999856948853,1.4700000286102295,30100
2024-03-13,1.350000023841858,1.350000023841858,1.4950000047683716,1.350000023841858,1.4950000047683716,12100
2024-03-14,1.2799999713897705,1.2799999713897705,1.3899999856948853,1.25,1.3899999856948853,13300
2024-03-15,1.2899999618530273,1.2899999618530273,1.3309999704360962,1.218000054359436,1.2599999904632568,23000
2024-03-18,1.4800000190734863,1.4800000190734863,1.5299999713897705,1.3300000429153442,1.3300000429153442,50100
2024-03-19,1.309999942779541,1.309999942779541,1.4800000190734863,1.2910000085830688,1.440000057220459,21900
2024-03-20,1.371000051498413,1.371000051498413,1.3849999904632568,1.2599999904632568,1.2599999904632568,4100
2024-03-21,1.2899999618530273,1.2899999618530273,1.3600000143051147,1.2899999618530273,1.2920000553131104,4300
2024-03-22,2.4800000190734863,2.4800000190734863,3.940000057220459,1.3799999952316284,1.399999976158142,44296800
2024-03-25,2.4200000762939453,2.4200000762939453,2.8499999046325684,2.2190001010894775,2.4700000286102295,1563200
2024-03-26,2.4000000953674316,2.4000000953674316,2.5199999809265137,2.1600000858306885,2.259999990463257,746200
2024-03-27,3.049999952316284,3.049999952316284,3.1500000953674316,2.359999895095825,2.549999952316284,1371200
2024-03-28,3.059999942779541,3.059999942779541,3.2699999809265137,2.8499999046325684,2.9200000762939453,369400
2024-04-01,2.9100000858306885,2.9100000858306885,3.130000114440918,2.6600000858306885,2.9700000286102295,74600
2024-04-02,3.009999990463257,3.009999990463257,3.25,2.450000047683716,2.450000047683716,114800
2024-04-03,2.9100000858306885,2.9100000858306885,3.188999891281128,2.859999895095825,3.0,108200
2024-04-04,2.7100000381469727,2.7100000381469727,3.009999990463257,2.7100000381469727,2.940000057220459,40800
2024-04-05,2.640000104904175,2.640000104904175,2.819999933242798,2.619999885559082,2.6600000858306885,50100
2024-04-08,2.5899999141693115,2.5899999141693115,2.7119998931884766,2.549999952316284,2.5899999141693115,87400
2024-04-09,2.5199999809265137,2.5199999809265137,2.630000114440918,2.4000000953674316,2.559999942779541,65900
2024-04-10,2.809999942779541,2.809999942779541,2.990000009536743,2.559000015258789,2.9700000286102295,128200
2024-04-11,3.2699999809265137,3.2699999809265137,3.4200000762939453,2.7699999809265137,2.990000009536743,393600
2024-04-12,3.0799999237060547,3.0799999237060547,3.2899999618530273,3.0,3.1600000858306885,93900
2024-04-15,3.3499999046325684,3.3499999046325684,4.199999809265137,3.0999999046325684,3.140000104904175,439600
2024-04-16,4.539999961853027,4.539999961853027,4.789999961853027,3.299999952316284,3.5899999141693115,972000
2024-04-17,3.549999952316284,3.549999952316284,4.849999904632568,3.5,4.789999961853027,283300
2024-04-18,3.0999999046325684,3.0999999046325684,3.799999952316284,2.930000066757202,3.549999952316284,99200
2024-04-19,3.140000104904175,3.140000104904175,3.5399999618530273,3.0999999046325684,3.0999999046325684,59700
2024-04-22,3.0899999141693115,3.0899999141693115,3.2300000190734863,2.934000015258789,3.0999999046325684,37600
2024-04-23,3.299999952316284,3.299999952316284,3.4100000858306885,3.0,3.140000104904175,118900
2024-04-24,3.484999895095825,3.484999895095825,3.7699999809265137,3.4100000858306885,3.7699999809265137,164400
2024-04-25,5.099999904632568,5.099999904632568,7.75,3.5399999618530273,3.5899999141693115,8489200
2024-04-26,3.9200000762939453,3.9200000762939453,4.579999923706055,3.7100000381469727,4.400000095367432,831300
2024-04-29,3.869999885559082,3.869999885559082,4.5289998054504395,3.8499999046325684,3.859999895095825,145000
2024-04-30,3.640000104904175,3.640000104904175,4.130000114440918,3.5,3.8499999046325684,235000
2024-05-01,3.680000066757202,3.680000066757202,3.878000020980835,3.5299999713897705,3.5299999713897705,47200
2024-05-02,3.619999885559082,3.619999885559082,3.7839999198913574,3.559999942779541,3.609999895095825,85600
2024-05-03,3.700000047683716,3.700000047683716,3.809999942779541,3.5999999046325684,3.5999999046325684,45700
2024-05-06,4.039999961853027,4.039999961853027,4.130000114440918,3.619999885559082,3.630000114440918,129800
2024-05-07,3.940000057220459,3.940000057220459,4.110000133514404,3.630000114440918,4.0,77600
2024-05-08,3.7699999809265137,3.7699999809265137,3.940000057220459,3.6600000858306885,3.8299999237060547,72000
2024-05-09,3.7950000762939453,3.7950000762939453,3.8299999237060547,3.7300000190734863,3.7300000190734863,49600
2024-05-10,3.4000000953674316,3.4000000953674316,3.9119999408721924,3.315000057220459,3.740000009536743,79200
2024-05-13,3.2100000381469727,3.2100000381469727,3.63700008392334,3.200000047683716,3.369999885559082,25700
2024-05-14,3.0999999046325684,3.0999999046325684,3.1500000953674316,3.0199999809265137,3.0799999237060547,35800
2024-05-15,3.2300000190734863,3.2300000190734863,3.390000104904175,3.049999952316284,3.109999895095825,117800
2024-05-16,3.140000104904175,3.140000104904175,3.3489999771118164,3.0929999351501465,3.2100000381469727,27400
2024-05-17,3.380000114440918,3.380000114440918,3.5490000247955322,3.0989999771118164,3.109999895095825,43300
2024-05-20,3.299999952316284,3.299999952316284,3.369999885559082,3.234999895095825,3.369999885559082,6600
2024-05-21,3.319999933242798,3.319999933242798,3.3299999237060547,3.200000047683716,3.25,13400
2024-05-22,3.119999885559082,3.119999885559082,3.25,3.1110000610351562,3.25,6300
2024-05-23,3.0199999809265137,3.0199999809265137,3.359999895095825,3.0199999809265137,3.109999895095825,9400
2024-05-24,3.3299999237060547,3.3299999237060547,3.440000057220459,3.0199999809265137,3.0199999809265137,41000
2024-05-28,3.2100000381469727,3.2100000381469727,3.450000047683716,3.069999933242798,3.380000114440918,34200
2024-05-29,2.930000066757202,2.930000066757202,3.131999969482422,2.9000000953674316,3.0999999046325684,7000
2024-05-30,2.869999885559082,2.869999885559082,3.0799999237060547,2.5399999618530273,3.0,54600
2024-05-31,2.8450000286102295,2.8450000286102295,2.9000000953674316,2.7219998836517334,2.869999885559082,5000
2024-06-03,2.940000057220459,2.940000057220459,2.9600000381469727,2.7100000381469727,2.7100000381469727,9200
2024-06-04,2.7899999618530273,2.7899999618530273,3.0,2.700000047683716,2.9000000953674316,44500
2024-06-05,2.7799999713897705,2.7799999713897705,2.8010001182556152,2.755000114440918,2.7799999713897705,6400
2024-06-06,2.75,2.75,2.8299999237060547,2.559999942779541,2.7200000286102295,20900
2024-06-07,2.5899999141693115,2.5899999141693115,2.75,2.450000047683716,2.75,50500
2024-06-10,2.509999990463257,2.509999990463257,2.5989999771118164,2.4519999027252197,2.5199999809265137,7200
2024-06-11,2.440000057220459,2.440000057220459,2.490000009536743,2.359999895095825,2.450000047683716,18500
2024-06-12,2.809999942779541,2.809999942779541,3.3299999237060547,2.369999885559082,2.4000000953674316,294900
2024-06-13,2.700000047683716,2.700000047683716,3.490000009536743,2.369999885559082,2.8499999046325684,278200
2024-06-14,2.2200000286102295,2.2200000286102295,2.619999885559082,2.1500000953674316,2.4700000286102295,61800
2024-06-17,2.3499999046325684,2.3499999046325684,2.5299999713897705,2.200000047683716,2.200000047683716,106000
2024-06-18,2.259999990463257,2.259999990463257,2.4000000953674316,2.2100000381469727,2.2100000381469727,17200
2024-06-20,2.490000009536743,2.490000009536743,2.5,2.2699999809265137,2.2699999809265137,15000
2024-06-21,2.490000009536743,2.490000009536743,2.7899999618530273,2.369999885559082,2.4200000762939453,173500
2024-06-24,2.569999933242798,2.569999933242798,2.700000047683716,2.430000066757202,2.4800000190734863,60400
2024-06-25,2.559999942779541,2.559999942779541,2.940000057220459,2.5,2.630000114440918,111800
2024-06-26,2.240000009536743,2.240000009536743,2.4010000228881836,2.240000009536743,2.4000000953674316,106800
2024-06-27,2.2699999809265137,2.2699999809265137,2.446000099182129,2.200000047683716,2.319999933242798,129900
2024-06-28,2.125,2.125,2.299999952316284,2.049999952316284,2.259999990463257,48300
2024-07-01,1.8200000524520874,1.8200000524520874,2.1500000953674316,1.7009999752044678,2.109999895095825,135900
2024-07-02,1.7300000190734863,1.7300000190734863,1.8600000143051147,1.7200000286102295,1.850000023841858,43800
2024-07-03,1.6399999856948853,1.6399999856948853,1.8279999494552612,1.6399999856948853,1.7100000381469727,61800
2024-07-05,1.7999999523162842,1.7999999523162842,1.8459999561309814,1.6399999856948853,1.6799999475479126,101600
2024-07-08,1.7960000038146973,1.7960000038146973,1.8700000047683716,1.6670000553131104,1.840000033378601,58100
2024-07-09,1.7599999904632568,1.7599999904632568,1.86899995803833,1.559999942779541,1.7300000190734863,719200
2024-07-10,1.6100000143051147,1.6100000143051147,1.7760000228881836,1.600000023841858,1.7699999809265137,165400
2024-07-11,1.6100000143051147,1.6100000143051147,1.7100000381469727,1.600000023841858,1.6100000143051147,137100
2024-07-12,1.600000023841858,1.600000023841858,1.6399999856948853,1.5,1.5700000524520874,147200
2024-07-15,1.590000033378601,1.590000033378601,1.6100000143051147,1.5499999523162842,1.6100000143051147,41400
2024-07-16,1.7599999904632568,1.7599999904632568,1.7890000343322754,1.5800000429153442,1.7200000286102295,108900
2024-07-17,1.7000000476837158,1.7000000476837158,1.7599999904632568,1.649999976158142,1.7599999904632568,61500
2024-07-18,1.6729999780654907,1.6729999780654907,1.7699999809265137,1.649999976158142,1.7000000476837158,73800
2024-07-19,1.4900000095367432,1.4900000095367432,1.6799999475479126,1.4700000286102295,1.6799999475479126,122500
2024-07-22,1.434000015258789,1.434000015258789,1.6200000047683716,1.4299999475479126,1.6200000047683716,42500
2024-07-23,1.5299999713897705,1.5299999713897705,1.649999976158142,1.4299999475479126,1.440000057220459,120300
2024-07-24,1.7999999523162842,1.7999999523162842,1.909999966621399,1.4700000286102295,1.5700000524520874,1056500
2024-07-25,1.7000000476837158,1.7000000476837158,1.9500000476837158,1.5700000524520874,1.850000023841858,503900
2024-07-26,1.7400000095367432,1.7400000095367432,1.850000023841858,1.6799999475479126,1.6799999475479126,216800
2024-07-29,1.7300000190734863,1.7300000190734863,1.7999999523162842,1.6150000095367432,1.7300000190734863,190200
2024-07-30,1.7400000095367432,1.7400000095367432,1.7599999904632568,1.649999976158142,1.649999976158142,60400
2024-07-31,1.7999999523162842,1.7999999523162842,1.8630000352859497,1.6200000047683716,1.7000000476837158,77700
2024-08-01,1.7599999904632568,1.7599999904632568,1.8200000524520874,1.690000057220459,1.7699999809265137,85800
2024-08-02,1.7200000286102295,1.7200000286102295,1.7400000095367432,1.6799999475479126,1.7100000381469727,39900
2024-08-05,1.7400000095367432,1.7400000095367432,1.7999999523162842,1.6080000400543213,1.6200000047683716,161300
2024-08-06,1.7400000095367432,1.7400000095367432,1.7899999618530273,1.7200000286102295,1.7699999809265137,37400
2024-08-07,1.649999976158142,1.649999976158142,1.7649999856948853,1.6399999856948853,1.7649999856948853,16700
2024-08-08,1.6150000095367432,1.6150000095367432,1.6799999475479126,1.6100000143051147,1.6699999570846558,41400
2024-08-09,1.6399999856948853,1.6399999856948853,1.6399999856948853,1.600000023841858,1.6299999952316284,12300
2024-08-12,1.6200000047683716,1.6200000047683716,1.659999966621399,1.6100000143051147,1.659999966621399,5600
2024-08-13,1.7899999618530273,1.7899999618530273,1.7899999618530273,1.6200000047683716,1.6269999742507935,40100
2024-08-14,1.7799999713897705,1.7799999713897705,1.7799999713897705,1.7209999561309814,1.7209999561309814,124300
2024-08-15,1.7200000286102295,1.7200000286102295,1.7300000190734863,1.6449999809265137,1.690000057220459,47200
2024-08-16,1.7799999713897705,1.7799999713897705,1.7999999523162842,1.6920000314712524,1.6920000314712524,86900
2024-08-19,1.815999984741211,1.815999984741211,1.9220000505447388,1.7790000438690186,1.850000023841858,191800
2024-08-20,1.75,1.75,1.8300000429153442,1.6799999475479126,1.7599999904632568,18700
2024-08-21,1.9600000381469727,1.9600000381469727,1.9900000095367432,1.75,1.774999976158142,157200
2024-08-22,1.809999942779541,1.809999942779541,2.0999999046325684,1.7400000095367432,1.9900000095367432,541200
2024-08-23,1.7400000095367432,1.7400000095367432,1.9199999570846558,1.6799999475479126,1.899999976158142,128400
2024-08-26,1.7200000286102295,1.7200000286102295,1.8359999656677246,1.6799999475479126,1.75,32800
2024-08-27,1.75,1.75,1.7999999523162842,1.6799999475479126,1.7400000095367432,181200
2024-08-28,1.7239999771118164,1.7239999771118164,1.75,1.6799999475479126,1.75,16200
2024-08-29,1.6799999475479126,1.6799999475479126,1.7109999656677246,1.600000023841858,1.7059999704360962,33800
2024-08-30,1.6299999952316284,1.6299999952316284,1.690000057220459,1.6200000047683716,1.6399999856948853,47000
2024-09-03,1.6699999570846558,1.6699999570846558,1.6799999475479126,1.6100000143051147,1.6699999570846558,15700
2024-09-04,1.649999976158142,1.649999976158142,1.649999976158142,1.6100000143051147,1.6399999856948853,14100
2024-09-05,1.7100000381469727,1.7100000381469727,1.8200000524520874,1.649999976158142,1.6799999475479126,152800
2024-09-06,1.690000057220459,1.690000057220459,1.7799999713897705,1.6399999856948853,1.6799999475479126,23100
2024-09-09,1.5750000476837158,1.5750000476837158,1.7799999713897705,1.5199999809265137,1.7200000286102295,31200
2024-09-10,1.6200000047683716,1.6200000047683716,1.6490000486373901,1.5,1.6200000047683716,39300
2024-09-11,1.590000033378601,1.590000033378601,1.6419999599456787,1.5399999618530273,1.6399999856948853,10900
2024-09-12,1.2699999809265137,1.2699999809265137,1.600000023841858,1.2200000286102295,1.5700000524520874,275200
2024-09-13,1.2699999809265137,1.2699999809265137,1.3600000143051147,1.2400000095367432,1.2400000095367432,138500
2024-09-16,1.3200000524520874,1.3200000524520874,1.3600000143051147,1.2599999904632568,1.2699999809265137,24000
2024-09-17,1.340000033378601,1.340000033378601,1.399999976158142,1.3300000429153442,1.350000023841858,53700
2024-09-18,1.3799999952316284,1.3799999952316284,1.409999966621399,1.3200000524520874,1.3300000429153442,15100
2024-09-19,1.3799999952316284,1.3799999952316284,1.75,1.2799999713897705,1.409999966621399,422500
2024-09-20,1.2899999618530273,1.2899999618530273,1.4299999475479126,1.2899999618530273,1.3899999856948853,74600
2024-09-23,1.0700000524520874,1.0700000524520874,1.3370000123977661,1.0399999618530273,1.2999999523162842,199400
2024-09-24,1.1119999885559082,1.1119999885559082,1.2300000190734863,1.0800000429153442,1.149999976158142,52000
2024-09-25,1.2200000286102295,1.2200000286102295,1.2549999952316284,1.1299999952316284,1.1399999856948853,63800
2024-09-26,1.149999976158142,1.149999976158142,1.24399995803833,1.149999976158142,1.2400000095367432,52100
2024-09-27,1.1299999952316284,1.1299999952316284,1.190000057220459,1.0700000524520874,1.1399999856948853,78200
2024-09-30,1.1200000047683716,1.1200000047683716,1.2799999713897705,1.100000023841858,1.1200000047683716,38300
2024-10-01,1.1100000143051147,1.1100000143051147,1.2100000381469727,1.100000023841858,1.1299999952316284,36900
2024-10-02,1.100000023841858,1.100000023841858,1.1200000047683716,1.0800000429153442,1.1100000143051147,17200
2024-10-03,1.062999963760376,1.062999963760376,1.1050000190734863,1.059999942779541,1.0809999704360962,14500
2024-10-04,1.090000033378601,1.090000033378601,1.100000023841858,1.0700000524520874,1.0800000429153442,15700
2024-10-07,1.100000023841858,1.100000023841858,1.149999976158142,1.100000023841858,1.1200000047683716,10500
2024-10-08,1.1299999952316284,1.1299999952316284,1.149999976158142,1.0700000524520874,1.100000023841858,27500
2024-10-09,1.100000023841858,1.100000023841858,1.1299999952316284,1.0759999752044678,1.1299999952316284,7900
2024-10-10,1.1299999952316284,1.1299999952316284,1.1299999952316284,1.100000023841858,1.100000023841858,11600
2024-10-11,1.1200000047683716,1.1200000047683716,1.1299999952316284,1.100000023841858,1.1299999952316284,13700
2024-10-14,1.0499999523162842,1.0499999523162842,1.1100000143051147,1.0449999570846558,1.1100000143051147,29100
2024-10-15,1.1200000047683716,1.1200000047683716,1.1200000047683716,1.0499999523162842,1.059999942779541,51400
2024-10-16,1.225000023841858,1.225000023841858,1.2699999809265137,1.090000033378601,1.1200000047683716,60500
2024-10-17,1.3200000524520874,1.3200000524520874,1.4299999475479126,1.2200000286102295,1.3200000524520874,263500
2024-10-18,1.309999942779541,1.309999942779541,1.3200000524520874,1.2000000476837158,1.2899999618530273,55600
2024-10-21,1.3899999856948853,1.3899999856948853,1.409999966621399,1.2300000190734863,1.2999999523162842,64000
2024-10-22,1.4199999570846558,1.4199999570846558,1.4500000476837158,1.3300000429153442,1.3899999856948853,93300
2024-10-23,1.3899999856948853,1.3899999856948853,1.4199999570846558,1.3600000143051147,1.399999976158142,14800
2024-10-24,1.2799999713897705,1.2799999713897705,1.378999948501587,1.2350000143051147,1.3300000429153442,28900
2024-10-25,1.2699999809265137,1.2699999809265137,1.3899999856948853,1.25,1.2799999713897705,23700
2024-10-28,1.2200000286102295,1.2200000286102295,1.36899995803833,1.2000000476837158,1.2999999523162842,32400
2024-10-29,1.190000057220459,1.190000057220459,1.2899999618530273,1.1799999475479126,1.2200000286102295,19800
2024-10-30,1.190000057220459,1.190000057220459,1.25,1.190000057220459,1.190000057220459,12300
2024-10-31,1.1100000143051147,1.1100000143051147,1.25,1.100000023841858,1.2000000476837158,40600
2024-11-01,1.1299999952316284,1.1299999952316284,1.1399999856948853,1.100000023841858,1.1100000143051147,21400
2024-11-04,1.159999966621399,1.159999966621399,1.190000057220459,1.1019999980926514,1.1299999952316284,30200
2024-11-05,1.1699999570846558,1.1699999570846558,1.1699999570846558,1.1299999952316284,1.149999976158142,13600
2024-11-06,1.159999966621399,1.159999966621399,1.2020000219345093,1.1200000047683716,1.1699999570846558,25700
2024-11-07,1.1799999475479126,1.1799999475479126,1.25,1.159999966621399,1.159999966621399,22000
2024-11-08,1.218999981880188,1.218999981880188,1.2649999856948853,1.1399999856948853,1.25,46400
2024-11-11,1.2699999809265137,1.2699999809265137,1.3519999980926514,1.159999966621399,1.2200000286102295,53800
2024-11-12,1.1629999876022339,1.1629999876022339,1.2760000228881836,1.1629999876022339,1.2699999809265137,21600
2024-11-13,1.1200000047683716,1.1200000047683716,1.2000000476837158,1.100000023841858,1.1699999570846558,37700
2024-11-14,1.0700000524520874,1.0700000524520874,1.1699999570846558,1.0,1.1200000047683716,82000
2024-11-15,1.0199999809265137,1.0199999809265137,1.1100000143051147,1.0099999904632568,1.0700000524520874,42800
2024-11-18,1.0299999713897705,1.0299999713897705,1.0399999618530273,1.0,1.0199999809265137,15600
2024-11-19,1.0199999809265137,1.0199999809265137,1.0199999809265137,0.9850000143051147,1.0199999809265137,39900
2024-11-20,1.0299999713897705,1.0299999713897705,1.0499999523162842,0.9900000095367432,1.0199999809265137,12700
2024-11-21,1.1200000047683716,1.1200000047683716,1.1299999952316284,0.9800000190734863,1.0199999809265137,21300
2024-11-22,1.0800000429153442,1.0800000429153442,1.1200000047683716,1.0800000429153442,1.1200000047683716,15700
2024-11-25,1.0700000524520874,1.0700000524520874,1.090000033378601,1.059999942779541,1.090000033378601,7500
2024-11-26,1.0420000553131104,1.0420000553131104,1.0779999494552612,1.0199999809265137,1.0700000524520874,11200
2024-11-27,1.0399999618530273,1.0399999618530273,1.090000033378601,1.0,1.0399999618530273,10700
2024-11-29,1.0700000524520874,1.0700000524520874,1.097000002861023,1.0399999618530273,1.0399999618530273,1400
2024-12-02,1.1100000143051147,1.1100000143051147,1.1390000581741333,1.0399999618530273,1.1100000143051147,7900
2024-12-03,1.0700000524520874,1.0700000524520874,1.1200000047683716,1.059999942779541,1.1200000047683716,3800
2024-12-04,1.1100000143051147,1.1100000143051147,1.1200000047683716,1.0299999713897705,1.0700000524520874,21900
2024-12-05,1.1100000143051147,1.1100000143051147,1.2100000381469727,1.100000023841858,1.1100000143051147,33100
2024-12-06,1.1100000143051147,1.1100000143051147,1.1890000104904175,1.059999942779541,1.1100000143051147,41900
2024-12-09,1.2000000476837158,1.2000000476837158,1.2200000286102295,1.1200000047683716,1.149999976158142,26400
2024-12-10,1.2000000476837158,1.2000000476837158,1.2400000095367432,1.1399999856948853,1.1799999475479126,69100
2024-12-11,1.2450000047683716,1.2450000047683716,1.2699999809265137,1.149999976158142,1.190000057220459,46100
2024-12-12,1.2000000476837158,1.2000000476837158,1.2699999809265137,1.1699999570846558,1.2200000286102295,20100
2024-12-13,1.2200000286102295,1.2200000286102295,1.2599999904632568,1.159999966621399,1.2000000476837158,12100
2024-12-16,1.149999976158142,1.149999976158142,1.25600004196167,1.125,1.2000000476837158,44600
2024-12-17,1.159999966621399,1.159999966621399,1.1820000410079956,1.1200000047683716,1.149999976158142,21400
2024-12-18,1.100000023841858,1.100000023841858,1.1859999895095825,1.090000033378601,1.1399999856948853,59900
2024-12-19,1.1200000047683716,1.1200000047683716,1.1200000047683716,1.0740000009536743,1.100000023841858,64500
2024-12-20,1.2100000381469727,1.2100000381469727,1.3200000524520874,1.1200000047683716,1.1200000047683716,68700
2024-12-23,1.215000033378601,1.215000033378601,1.350000023841858,1.159999966621399,1.2200000286102295,62600
2024-12-24,1.2100000381469727,1.2100000381469727,1.2549999952316284,1.149999976158142,1.2200000286102295,30300
2024-12-26,1.2599999904632568,1.2599999904632568,1.3700000047683716,1.2100000381469727,1.2100000381469727,90700
2024-12-27,1.2999999523162842,1.2999999523162842,1.2999999523162842,1.2000000476837158,1.2599999904632568,43700
2024-12-30,1.350000023841858,1.350000023841858,1.3960000276565552,1.2300000190734863,1.2899999618530273,77100
2024-12-31,1.2699999809265137,1.2699999809265137,1.3799999952316284,1.2170000076293945,1.340000033378601,64500
2025-01-02,1.2699999809265137,1.2699999809265137,1.3600000143051147,1.2359999418258667,1.2699999809265137,30100
2025-01-03,1.409999966621399,1.409999966621399,1.4299999475479126,1.2799999713897705,1.2799999713897705,98900
2025-01-06,1.309999942779541,1.309999942779541,1.4500000476837158,1.2699999809265137,1.4199999570846558,73100
2025-01-07,1.399999976158142,1.399999976158142,1.4299999475479126,1.340000033378601,1.340000033378601,46600
2025-01-08,1.2999999523162842,1.2999999523162842,1.3799999952316284,1.2079999446868896,1.3799999952316284,67400
2025-01-10,1.2699999809265137,1.2699999809265137,1.3049999475479126,1.2200000286102295,1.2999999523162842,22300
2025-01-13,1.2100000381469727,1.2100000381469727,1.2599999904632568,1.159999966621399,1.25,20200
2025-01-14,1.2100000381469727,1.2100000381469727,1.2589999437332153,1.2100000381469727,1.2100000381469727,8100
2025-01-15,1.2999999523162842,1.2999999523162842,1.3220000267028809,1.2300000190734863,1.2300000190734863,33800
2025-01-16,1.3200000524520874,1.3200000524520874,1.371000051498413,1.2899999618530273,1.309999942779541,13600
2025-01-17,1.3200000524520874,1.3200000524520874,1.3899999856948853,1.2999999523162842,1.3200000524520874,28400
2025-01-21,1.3600000143051147,1.3600000143051147,1.399999976158142,1.3200000524520874,1.3200000524520874,11900
2025-01-22,1.3450000286102295,1.3450000286102295,1.3600000143051147,1.3200000524520874,1.3600000143051147,10600
2025-01-23,0.7799999713897705,0.7799999713897705,1.340000033378601,0.7599999904632568,1.3300000429153442,486500
2025-01-24,0.7350000143051147,0.7350000143051147,0.8460000157356262,0.4699999988079071,0.7799999713897705,1307900
2025-01-27,0.8289999961853027,0.8289999961853027,0.8840000033378601,0.7400000095367432,0.7400000095367432,5279100
2025-01-28,1.2200000286102295,1.2200000286102295,1.559999942779541,1.0499999523162842,1.3700000047683716,58877200
2025-01-29,0.796999990940094,0.796999990940094,0.9190000295639038,0.7400000095367432,0.9160000085830688,2369300
2025-01-30,0.6399999856948853,0.6399999856948853,0.8349999785423279,0.6060000061988831,0.8299999833106995,1079600
2025-01-31,0.621999979019165,0.621999979019165,0.6890000104904175,0.6100000143051147,0.6520000100135803,516000
2025-02-03,0.7599999904632568,0.7599999904632568,0.8600000143051147,0.5,0.6050000190734863,2318800
2025-02-04,0.6510000228881836,0.6510000228881836,0.75,0.6299999952316284,0.6660000085830688,508800
2025-02-05,0.625,0.625,0.699999988079071,0.5899999737739563,0.6460000276565552,532900
2025-02-06,0.6399999856948853,0.6399999856948853,0.6420000195503235,0.6000000238418579,0.6299999952316284,209500
2025-02-07,0.6019999980926514,0.6019999980926514,0.699999988079071,0.6019999980926514,0.6209999918937683,491900
2025-02-10,0.5519999861717224,0.5519999861717224,0.7519999742507935,0.503000020980835,0.7310000061988831,5997000
2025-02-11,0.5350000262260437,0.5350000262260437,0.5400000214576721,0.5009999871253967,0.5320000052452087,459700
2025-02-12,0.6100000143051147,0.6100000143051147,0.6600000262260437,0.5400000214576721,0.5540000200271606,997200
2025-02-13,0.6000000238418579,0.6000000238418579,0.6299999952316284,0.5699999928474426,0.621999979019165,276500
2025-02-14,0.6399999856948853,0.6399999856948853,0.6600000262260437,0.5860000252723694,0.5860000252723694,386100
2025-02-18,0.7229999899864197,0.7229999899864197,0.7549999952316284,0.6399999856948853,0.6460000276565552,772800
2025-02-19,0.6940000057220459,0.6940000057220459,0.7300000190734863,0.6430000066757202,0.6800000071525574,641500
2025-02-20,0.6990000009536743,0.6990000009536743,0.6990000009536743,0.6600000262260437,0.6769999861717224,120300
2025-02-21,0.656000018119812,0.656000018119812,0.6800000071525574,0.6520000100135803,0.6779999732971191,221900
2025-02-24,0.6430000066757202,0.6430000066757202,0.6800000071525574,0.6399999856948853,0.6800000071525574,129300
2025-02-25,0.6069999933242798,0.6069999933242798,0.6449999809265137,0.5929999947547913,0.6399999856948853,279700
2025-02-26,0.6200000047683716,0.6200000047683716,0.628000020980835,0.5820000171661377,0.6200000047683716,202300
2025-02-27,0.6110000014305115,0.6110000014305115,0.625,0.5799999833106995,0.6200000047683716,133500
2025-02-28,0.6010000109672546,0.6010000109672546,0.6200000047683716,0.5849999785423279,0.6169999837875366,43200
2025-03-03,0.5849999785423279,0.5849999785423279,0.6200000047683716,0.5630000233650208,0.6200000047683716,64200
2025-03-04,0.5519999861717224,0.5519999861717224,0.5799999833106995,0.5299999713897705,0.5669999718666077,81000
2025-03-05,0.5699999928474426,0.5699999928474426,0.6000000238418579,0.5600000023841858,0.5600000023841858,26500
2025-03-06,0.5600000023841858,0.5600000023841858,0.5899999737739563,0.5320000052452087,0.5770000219345093,55000
2025-03-07,0.5600000023841858,0.5600000023841858,0.5799999833106995,0.5379999876022339,0.5600000023841858,38000
2025-03-10,0.5540000200271606,0.5540000200271606,0.5649999976158142,0.5329999923706055,0.5329999923706055,79900
2025-03-11,0.5690000057220459,0.5690000057220459,0.5699999928474426,0.531000018119812,0.5400000214576721,63600
2025-03-12,0.5600000023841858,0.5600000023841858,0.5899999737739563,0.5460000038146973,0.5699999928474426,98900
2025-03-13,0.6019999980926514,0.6019999980926514,0.6299999952316284,0.5699999928474426,0.5699999928474426,1066900
2025-03-14,0.5690000057220459,0.5690000057220459,0.5899999737739563,0.5350000262260437,0.5600000023841858,132400
2025-03-17,0.4560000002384186,0.4560000002384186,0.5899999737739563,0.3919999897480011,0.5899999737739563,205600
2025-03-18,0.43700000643730164,0.43700000643730164,0.47999998927116394,0.4009999930858612,0.47999998927116394,253600
2025-03-19,0.42899999022483826,0.42899999022483826,0.4399999976158142,0.4099999964237213,0.4339999854564667,65800
2025-03-20,0.41999998688697815,0.41999998688697815,0.4399999976158142,0.41100001335144043,0.421999990940094,45800
2025-03-21,0.42800000309944153,0.42800000309944153,0.43799999356269836,0.4099999964237213,0.41999998688697815,75700
2025-03-24,0.421999990940094,0.421999990940094,0.4390000104904175,0.39899998903274536,0.4300000071525574,98600
2025-03-25,0.20000000298023224,0.20000000298023224,0.20000000298023224,0.14100000262260437,0.1550000011920929,6292000
2025-03-26,0.07100000232458115,0.07100000232458115,0.12200000137090683,0.05999999865889549,0.06199999898672104,859800
2025-03-27,0.06300000101327896,0.06300000101327896,0.08699999749660492,0.05000000074505806,0.07000000029802322,453500
2025-03-28,0.052000001072883606,0.052000001072883606,0.07000000029802322,0.05000000074505806,0.07000000029802322,201100
2025-03-31,0.06300000101327896,0.06300000101327896,0.06700000166893005,0.04399999976158142,0.05000000074505806,291000
2025-04-01,0.04699999839067459,0.04699999839067459,0.05999999865889549,0.04500000178813934,0.05999999865889549,99200
2025-04-02,0.04699999839067459,0.04699999839067459,0.05999999865889549,0.041999999433755875,0.04800000041723251,32900
2025-04-03,0.04100000113248825,0.04100000113248825,0.05999999865889549,0.03999999910593033,0.04100000113248825,16200
2025-04-04,0.05900000035762787,0.05900000035762787,0.05999999865889549,0.04500000178813934,0.04500000178813934,161700
2025-04-07,0.041999999433755875,0.041999999433755875,0.05999999865889549,0.041999999433755875,0.05999999865889549,40800
2025-04-08,0.04500000178813934,0.04500000178813934,0.050999999046325684,0.04500000178813934,0.050999999046325684,12200
2025-04-09,0.05000000074505806,0.05000000074505806,0.05000000074505806,0.04500000178813934,0.04500000178813934,14600
2025-04-10,0.04500000178813934,0.04500000178813934,0.05900000035762787,0.04500000178813934,0.05400000140070915,58100
2025-04-11,0.04500000178813934,0.04500000178813934,0.05999999865889549,0.04500000178813934,0.05999999865889549,39000
2025-04-14,0.054999999701976776,0.054999999701976776,0.05900000035762787,0.04500000178813934,0.054999999701976776,39700
2025-04-15,0.04600000008940697,0.04600000008940697,0.05299999937415123,0.04600000008940697,0.05299999937415123,51200
2025-04-16,0.04500000178813934,0.04500000178813934,0.05000000074505806,0.04500000178813934,0.04600000008940697,7000
2025-04-17,0.04500000178813934,0.04500000178813934,0.05000000074505806,0.04500000178813934,0.04500000178813934,44400
2025-04-21,0.04600000008940697,0.04600000008940697,0.04600000008940697,0.04500000178813934,0.04500000178813934,16100
2025-04-22,0.04399999976158142,0.04399999976158142,0.05000000074505806,0.03999999910593033,0.04600000008940697,27000
2025-04-23,0.041999999433755875,0.041999999433755875,0.054999999701976776,0.03999999910593033,0.03999999910593033,1600
2025-04-24,0.03700000047683716,0.03700000047683716,0.04500000178813934,0.035999998450279236,0.04100000113248825,39200
2025-04-25,0.03999999910593033,0.03999999910593033,0.03999999910593033,0.03999999910593033,0.03999999910593033,700
2025-04-28,0.03999999910593033,0.03999999910593033,0.04500000178813934,0.03999999910593033,0.03999999910593033,3700
2025-04-29,0.03999999910593033,0.03999999910593033,0.03999999910593033,0.029999999329447746,0.03500000014901161,7000
2025-04-30,0.035999998450279236,0.035999998450279236,0.04399999976158142,0.035999998450279236,0.03999999910593033,56600
2025-05-01,0.029999999329447746,0.029999999329447746,0.04100000113248825,0.029999999329447746,0.04100000113248825,2300
2025-05-02,0.035999998450279236,0.035999998450279236,0.04399999976158142,0.029999999329447746,0.029999999329447746,34100
