Date,Adj Close,Close,High,Low,Open,Volume
2013-01-25,28.31999969482422,28.31999969482422,28.940000534057617,27.5,27.75,9225700
2013-01-28,28.25,28.25,28.6200008392334,27.899999618530273,28.420000076293945,728700
2013-01-29,28.75,28.75,28.81999969482422,27.81999969482422,28.0,387700
2013-01-30,28.6299991607666,28.6299991607666,29.0,28.31999969482422,29.0,122300
2013-01-31,28.0,28.0,28.6200008392334,27.5,28.469999313354492,274500
2013-02-01,28.299999237060547,28.299999237060547,28.6299991607666,27.799999237060547,28.200000762939453,108600
2013-02-04,28.040000915527344,28.040000915527344,28.670000076293945,27.559999465942383,28.31999969482422,194700
2013-02-05,27.860000610351562,27.860000610351562,28.299999237060547,27.5,28.079999923706055,255800
2013-02-06,27.5,27.5,27.649999618530273,27.5,27.549999237060547,117300
2013-02-07,28.5,28.5,28.899999618530273,27.5,27.5,135200
2013-02-08,29.5,29.5,29.790000915527344,28.100000381469727,28.389999389648438,99800
2013-02-11,30.15999984741211,30.15999984741211,30.969999313354492,29.100000381469727,29.309999465942383,223800
2013-02-12,29.25,29.25,31.5,29.209999084472656,31.5,239900
2013-02-13,29.010000228881836,29.010000228881836,29.299999237060547,28.889999389648438,29.25,32600
2013-02-14,28.700000762939453,28.700000762939453,29.479999542236328,28.479999542236328,29.219999313354492,55900
2013-02-15,28.59000015258789,28.59000015258789,29.989999771118164,28.209999084472656,29.700000762939453,253400
2013-02-19,28.549999237060547,28.549999237060547,28.969999313354492,27.950000762939453,28.290000915527344,354100
2013-02-20,29.09000015258789,29.09000015258789,29.75,28.31999969482422,28.40999984741211,31600
2013-02-21,28.350000381469727,28.350000381469727,28.950000762939453,27.799999237060547,28.950000762939453,124300
2013-02-22,28.18000030517578,28.18000030517578,28.350000381469727,28.059999465942383,28.350000381469727,182000
2013-02-25,28.0,28.0,28.469999313354492,27.889999389648438,28.469999313354492,100400
2013-02-26,27.979999542236328,27.979999542236328,28.3799991607666,27.969999313354492,28.3799991607666,97200
2013-02-27,27.969999313354492,27.969999313354492,28.06999969482422,27.889999389648438,28.06999969482422,59900
2013-02-28,27.959999084472656,27.959999084472656,28.049999237060547,27.899999618530273,27.979999542236328,31400
2013-03-01,27.989999771118164,27.989999771118164,28.020000457763672,27.860000610351562,27.860000610351562,43700
2013-03-04,28.0,28.0,28.059999465942383,27.959999084472656,27.989999771118164,51400
2013-03-05,28.350000381469727,28.350000381469727,29.549999237060547,27.530000686645508,28.049999237060547,236300
2013-03-06,28.030000686645508,28.030000686645508,28.479999542236328,27.81999969482422,28.350000381469727,84300
2013-03-07,27.950000762939453,27.950000762939453,28.25,27.6200008392334,28.030000686645508,122800
2013-03-08,28.079999923706055,28.079999923706055,28.510000228881836,27.65999984741211,27.93000030517578,116800
2013-03-11,28.989999771118164,28.989999771118164,29.25,28.0,28.079999923706055,210000
2013-03-12,30.559999465942383,30.559999465942383,30.8799991607666,28.770000457763672,29.139999389648438,170800
2013-03-13,30.0,30.0,31.43000030517578,29.440000534057617,30.739999771118164,202800
2013-03-14,33.040000915527344,33.040000915527344,33.4900016784668,30.139999389648438,30.5,515500
2013-03-15,32.150001525878906,32.150001525878906,33.380001068115234,32.040000915527344,33.09000015258789,430500
2013-03-18,32.790000915527344,32.790000915527344,33.849998474121094,31.549999237060547,32.11000061035156,228100
2013-03-19,33.66999816894531,33.66999816894531,33.95000076293945,32.34000015258789,32.900001525878906,54900
2013-03-20,34.7599983215332,34.7599983215332,35.130001068115234,33.90999984741211,33.90999984741211,86000
2013-03-21,35.5099983215332,35.5099983215332,36.189998626708984,32.88999938964844,33.25,418100
2013-03-22,34.849998474121094,34.849998474121094,36.2599983215332,34.65999984741211,35.97999954223633,126800
2013-03-25,34.5,34.5,35.959999084472656,34.11000061035156,35.54999923706055,190200
2013-03-26,34.380001068115234,34.380001068115234,34.560001373291016,33.38999938964844,34.22999954223633,252400
2013-03-27,33.650001525878906,33.650001525878906,34.099998474121094,32.880001068115234,34.099998474121094,204400
2013-03-28,33.790000915527344,33.790000915527344,34.040000915527344,32.5,33.4900016784668,1195900
2013-04-01,33.41999816894531,33.41999816894531,33.9900016784668,33.08000183105469,33.790000915527344,196700
2013-04-02,33.060001373291016,33.060001373291016,33.70000076293945,32.93000030517578,33.619998931884766,145600
2013-04-03,32.65999984741211,32.65999984741211,33.15999984741211,32.0,33.150001525878906,146400
2013-04-04,33.65999984741211,33.65999984741211,33.66999816894531,32.650001525878906,32.779998779296875,177000
2013-04-05,32.88999938964844,32.88999938964844,33.45000076293945,32.77000045776367,33.2400016784668,118500
2013-04-08,33.56999969482422,33.56999969482422,33.56999969482422,32.54999923706055,33.029998779296875,33100
2013-04-09,32.97999954223633,32.97999954223633,33.54999923706055,32.27000045776367,33.54999923706055,68100
2013-04-10,33.2400016784668,33.2400016784668,33.68000030517578,32.68000030517578,32.95000076293945,187600
2013-04-11,33.349998474121094,33.349998474121094,33.709999084472656,32.619998931884766,33.2400016784668,84200
2013-04-12,33.810001373291016,33.810001373291016,34.04999923706055,33.189998626708984,33.310001373291016,134400
2013-04-15,32.709999084472656,32.709999084472656,33.619998931884766,32.36000061035156,33.58000183105469,106400
2013-04-16,33.400001525878906,33.400001525878906,33.95000076293945,32.689998626708984,33.04999923706055,285900
2013-04-17,32.95000076293945,32.95000076293945,33.65999984741211,32.709999084472656,33.59000015258789,217600
2013-04-18,32.95000076293945,32.95000076293945,33.20000076293945,32.86000061035156,32.93000030517578,170900
2013-04-19,33.029998779296875,33.029998779296875,33.439998626708984,32.56999969482422,32.9900016784668,59100
2013-04-22,32.29999923706055,32.29999923706055,33.279998779296875,32.130001068115234,33.130001068115234,68300
2013-04-23,33.40999984741211,33.40999984741211,33.41999816894531,31.889999389648438,32.380001068115234,191600
2013-04-24,32.959999084472656,32.959999084472656,33.290000915527344,32.41999816894531,33.290000915527344,51700
2013-04-25,33.02000045776367,33.02000045776367,33.11000061035156,32.369998931884766,32.970001220703125,38000
2013-04-26,32.5,32.5,33.0099983215332,31.739999771118164,33.0099983215332,75600
2013-04-29,32.540000915527344,32.540000915527344,33.2400016784668,32.439998626708984,32.63999938964844,117100
2013-04-30,32.439998626708984,32.439998626708984,32.77000045776367,32.0099983215332,32.41999816894531,83500
2013-05-01,31.65999984741211,31.65999984741211,32.5,31.510000228881836,32.400001525878906,92200
2013-05-02,32.43000030517578,32.43000030517578,33.0,31.6200008392334,31.760000228881836,218300
2013-05-03,33.09000015258789,33.09000015258789,33.56999969482422,32.279998779296875,32.720001220703125,247400
2013-05-06,33.06999969482422,33.06999969482422,33.79999923706055,32.650001525878906,33.189998626708984,98200
2013-05-07,33.849998474121094,33.849998474121094,34.209999084472656,32.810001373291016,33.060001373291016,162600
2013-05-08,34.68000030517578,34.68000030517578,34.83000183105469,33.61000061035156,33.61000061035156,78200
2013-05-09,34.439998626708984,34.439998626708984,34.9900016784668,34.18000030517578,34.599998474121094,121700
2013-05-10,33.93000030517578,33.93000030517578,34.75,33.650001525878906,34.279998779296875,111400
2013-05-13,33.61000061035156,33.61000061035156,33.849998474121094,33.22999954223633,33.630001068115234,108100
2013-05-14,33.79999923706055,33.79999923706055,34.29999923706055,33.5099983215332,33.5099983215332,67200
2013-05-15,33.709999084472656,33.709999084472656,33.900001525878906,33.630001068115234,33.70000076293945,67600
2013-05-16,33.90999984741211,33.90999984741211,34.0099983215332,33.619998931884766,33.720001220703125,81100
2013-05-17,33.970001220703125,33.970001220703125,34.0,33.75,33.959999084472656,106800
2013-05-20,34.310001373291016,34.310001373291016,34.34000015258789,33.61000061035156,33.93000030517578,184600
2013-05-21,35.150001525878906,35.150001525878906,35.72999954223633,34.2400016784668,34.2400016784668,95200
2013-05-22,34.959999084472656,34.959999084472656,35.7400016784668,34.5,35.06999969482422,71900
2013-05-23,34.2599983215332,34.2599983215332,34.779998779296875,33.540000915527344,34.65999984741211,80300
2013-05-24,34.56999969482422,34.56999969482422,34.7599983215332,33.2400016784668,34.189998626708984,54200
2013-05-28,35.47999954223633,35.47999954223633,35.72999954223633,34.38999938964844,34.79999923706055,77500
2013-05-29,35.369998931884766,35.369998931884766,35.4900016784668,34.7599983215332,35.400001525878906,79900
2013-05-30,38.150001525878906,38.150001525878906,38.16999816894531,35.7400016784668,35.7400016784668,252400
2013-05-31,36.04999923706055,36.04999923706055,38.38999938964844,35.880001068115234,38.06999969482422,211400
2013-06-03,35.150001525878906,35.150001525878906,36.16999816894531,34.04999923706055,36.16999816894531,144800
2013-06-04,34.90999984741211,34.90999984741211,36.31999969482422,34.52000045776367,35.27000045776367,94000
2013-06-05,34.79999923706055,34.79999923706055,35.470001220703125,34.58000183105469,34.970001220703125,73600
2013-06-06,35.4900016784668,35.4900016784668,35.540000915527344,34.70000076293945,34.849998474121094,39800
2013-06-07,36.099998474121094,36.099998474121094,36.630001068115234,35.939998626708984,35.9900016784668,54000
2013-06-10,36.4900016784668,36.4900016784668,36.810001373291016,35.56999969482422,35.56999969482422,50600
2013-06-11,34.43000030517578,34.43000030517578,35.790000915527344,34.349998474121094,35.790000915527344,116300
2013-06-12,33.04999923706055,33.04999923706055,34.439998626708984,32.869998931884766,34.439998626708984,358900
2013-06-13,33.5,33.5,33.54999923706055,32.75,33.45000076293945,3786500
2013-06-14,33.18000030517578,33.18000030517578,33.529998779296875,32.790000915527344,33.529998779296875,224700
2013-06-17,33.2599983215332,33.2599983215332,33.689998626708984,33.25,33.369998931884766,132800
2013-06-18,34.0099983215332,34.0099983215332,34.06999969482422,33.290000915527344,33.310001373291016,301000
2013-06-19,33.59000015258789,33.59000015258789,34.08000183105469,33.5,34.04999923706055,113900
2013-06-20,32.369998931884766,32.369998931884766,33.27000045776367,32.08000183105469,33.11000061035156,267800
2013-06-21,31.639999389648438,31.639999389648438,32.650001525878906,31.520000457763672,32.459999084472656,334500
2013-06-24,31.899999618530273,31.899999618530273,32.33000183105469,30.350000381469727,31.299999237060547,445800
2013-06-25,32.29999923706055,32.29999923706055,32.619998931884766,31.799999237060547,32.13999938964844,276000
2013-06-26,33.689998626708984,33.689998626708984,33.7400016784668,32.630001068115234,32.630001068115234,112000
2013-06-27,34.11000061035156,34.11000061035156,34.970001220703125,33.790000915527344,33.790000915527344,203200
2013-06-28,34.709999084472656,34.709999084472656,35.029998779296875,33.20000076293945,33.849998474121094,687900
2013-07-01,33.4900016784668,33.4900016784668,34.619998931884766,33.41999816894531,34.619998931884766,294700
2013-07-02,33.20000076293945,33.20000076293945,33.61000061035156,32.880001068115234,33.529998779296875,284900
2013-07-03,33.439998626708984,33.439998626708984,33.47999954223633,33.06999969482422,33.119998931884766,90800
2013-07-05,34.040000915527344,34.040000915527344,34.04999923706055,33.209999084472656,33.77000045776367,75800
2013-07-08,34.09000015258789,34.09000015258789,34.2599983215332,33.880001068115234,34.2599983215332,101400
2013-07-09,33.79999923706055,33.79999923706055,34.439998626708984,33.72999954223633,34.33000183105469,134900
2013-07-10,34.77000045776367,34.77000045776367,34.779998779296875,33.65999984741211,33.83000183105469,70700
2013-07-11,34.77000045776367,34.77000045776367,35.060001373291016,34.220001220703125,35.060001373291016,194700
2013-07-12,34.869998931884766,34.869998931884766,35.099998474121094,34.41999816894531,34.709999084472656,52900
2013-07-15,35.0099983215332,35.0099983215332,35.040000915527344,34.599998474121094,34.86000061035156,40200
2013-07-16,34.93000030517578,34.93000030517578,34.9900016784668,34.59000015258789,34.93000030517578,109800
2013-07-17,35.0099983215332,35.0099983215332,35.83000183105469,34.79999923706055,35.0,85100
2013-07-18,35.4900016784668,35.4900016784668,35.88999938964844,35.06999969482422,35.06999969482422,78700
2013-07-19,35.189998626708984,35.189998626708984,35.77000045776367,35.0099983215332,35.540000915527344,152100
2013-07-22,35.34000015258789,35.34000015258789,35.77000045776367,35.119998931884766,35.36000061035156,213700
2013-07-23,35.04999923706055,35.04999923706055,35.599998474121094,34.7400016784668,35.310001373291016,128700
2013-07-24,35.349998474121094,35.349998474121094,35.900001525878906,35.06999969482422,35.220001220703125,63500
2013-07-25,35.93000030517578,35.93000030517578,36.119998931884766,35.150001525878906,35.369998931884766,101700
2013-07-26,35.4900016784668,35.4900016784668,35.59000015258789,34.599998474121094,35.59000015258789,44600
2013-07-29,35.4900016784668,35.4900016784668,35.630001068115234,35.33000183105469,35.33000183105469,27300
2013-07-30,35.7599983215332,35.7599983215332,35.810001373291016,35.29999923706055,35.720001220703125,19900
2013-07-31,35.40999984741211,35.40999984741211,35.7599983215332,34.95000076293945,35.7599983215332,56500
2013-08-01,35.939998626708984,35.939998626708984,35.97999954223633,35.0,35.619998931884766,78500
2013-08-02,35.79999923706055,35.79999923706055,35.86000061035156,35.5099983215332,35.86000061035156,27600
2013-08-05,36.630001068115234,36.630001068115234,36.689998626708984,35.79999923706055,35.79999923706055,44300
2013-08-06,36.560001373291016,36.560001373291016,36.70000076293945,35.79999923706055,36.619998931884766,48300
2013-08-07,36.720001220703125,36.720001220703125,36.75,36.290000915527344,36.47999954223633,32600
2013-08-08,36.7599983215332,36.7599983215332,36.959999084472656,36.290000915527344,36.959999084472656,82600
2013-08-09,36.54999923706055,36.54999923706055,37.400001525878906,35.02000045776367,37.0099983215332,192400
2013-08-12,36.369998931884766,36.369998931884766,36.939998626708984,35.65999984741211,36.5099983215332,72800
2013-08-13,37.060001373291016,37.060001373291016,37.11000061035156,36.34000015258789,36.439998626708984,54900
2013-08-14,36.7400016784668,36.7400016784668,37.0,36.279998779296875,37.0,68300
2013-08-15,35.900001525878906,35.900001525878906,36.68000030517578,35.7400016784668,36.68000030517578,49500
2013-08-16,35.540000915527344,35.540000915527344,36.2400016784668,34.25,35.68000030517578,98400
2013-08-19,35.70000076293945,35.70000076293945,35.95000076293945,35.130001068115234,35.45000076293945,196900
2013-08-20,36.11000061035156,36.11000061035156,36.41999816894531,35.29999923706055,35.529998779296875,91300
2013-08-21,36.5099983215332,36.5099983215332,36.91999816894531,36.0,36.09000015258789,40600
2013-08-22,36.790000915527344,36.790000915527344,36.869998931884766,36.47999954223633,36.630001068115234,50000
2013-08-23,36.790000915527344,36.790000915527344,36.849998474121094,36.29999923706055,36.790000915527344,70100
2013-08-26,37.0,37.0,37.22999954223633,36.529998779296875,36.63999938964844,163900
2013-08-27,36.380001068115234,36.380001068115234,36.97999954223633,36.220001220703125,36.61000061035156,42200
2013-08-28,36.2599983215332,36.2599983215332,36.650001525878906,36.15999984741211,36.400001525878906,35000
2013-08-29,36.43000030517578,36.43000030517578,36.90999984741211,35.709999084472656,36.09000015258789,16700
2013-08-30,36.40999984741211,36.40999984741211,36.599998474121094,36.220001220703125,36.40999984741211,48000
2013-09-03,36.25,36.25,36.7599983215332,35.88999938964844,36.7599983215332,124500
2013-09-04,36.88999938964844,36.88999938964844,37.0,36.0,36.369998931884766,25900
2013-09-05,36.709999084472656,36.709999084472656,36.91999816894531,36.43000030517578,36.900001525878906,18400
2013-09-06,36.189998626708984,36.189998626708984,36.88999938964844,35.970001220703125,36.88999938964844,50600
2013-09-09,36.220001220703125,36.220001220703125,36.5,36.0,36.220001220703125,67300
2013-09-10,36.72999954223633,36.72999954223633,36.790000915527344,36.2400016784668,36.29999923706055,53900
2013-09-11,36.70000076293945,36.70000076293945,36.79999923706055,36.040000915527344,36.75,269400
2013-09-12,37.0,37.0,37.02000045776367,36.56999969482422,36.70000076293945,85700
2013-09-13,36.779998779296875,36.779998779296875,37.0099983215332,36.47999954223633,37.0,113500
2013-09-16,36.560001373291016,36.560001373291016,37.0,36.290000915527344,37.0,42200
2013-09-17,36.68000030517578,36.68000030517578,37.0,35.869998931884766,36.5,79500
2013-09-18,36.810001373291016,36.810001373291016,37.0,36.40999984741211,36.709999084472656,41500
2013-09-19,36.75,36.75,37.0,36.470001220703125,37.0,104000
2013-09-20,36.369998931884766,36.369998931884766,36.97999954223633,36.290000915527344,36.869998931884766,175200
2013-09-23,36.709999084472656,36.709999084472656,36.959999084472656,36.119998931884766,36.369998931884766,245000
2013-09-24,36.83000183105469,36.83000183105469,37.0,36.0,36.779998779296875,162000
2013-09-25,37.0,37.0,37.15999984741211,36.439998626708984,36.86000061035156,56000
2013-09-26,36.63999938964844,36.63999938964844,37.220001220703125,36.459999084472656,36.56999969482422,82200
2013-09-27,36.20000076293945,36.20000076293945,36.83000183105469,35.63999938964844,36.529998779296875,134200
2013-09-30,35.83000183105469,35.83000183105469,36.02000045776367,35.369998931884766,36.0099983215332,77500
2013-10-01,36.02000045776367,36.02000045776367,36.369998931884766,35.61000061035156,35.7599983215332,97000
2013-10-02,35.7400016784668,35.7400016784668,36.11000061035156,35.5099983215332,36.11000061035156,50700
2013-10-03,35.33000183105469,35.33000183105469,35.58000183105469,34.72999954223633,35.29999923706055,76800
2013-10-04,36.4900016784668,36.4900016784668,37.189998626708984,35.04999923706055,35.2400016784668,140500
2013-10-07,35.349998474121094,35.349998474121094,36.779998779296875,35.150001525878906,36.20000076293945,66900
2013-10-08,34.220001220703125,34.220001220703125,35.58000183105469,34.20000076293945,35.25,96400
2013-10-09,34.61000061035156,34.61000061035156,34.779998779296875,33.90999984741211,34.189998626708984,61900
2013-10-10,35.91999816894531,35.91999816894531,35.97999954223633,34.310001373291016,34.959999084472656,70700
2013-10-11,36.38999938964844,36.38999938964844,36.43000030517578,35.369998931884766,35.91999816894531,65500
2013-10-14,36.40999984741211,36.40999984741211,36.40999984741211,35.18000030517578,36.09000015258789,34000
2013-10-15,36.31999969482422,36.31999969482422,36.56999969482422,36.290000915527344,36.54999923706055,24600
2013-10-16,36.279998779296875,36.279998779296875,36.63999938964844,36.16999816894531,36.43000030517578,34200
2013-10-17,36.689998626708984,36.689998626708984,36.810001373291016,36.25,36.25,62700
2013-10-18,36.810001373291016,36.810001373291016,37.04999923706055,35.25,37.04999923706055,41600
2013-10-21,36.68000030517578,36.68000030517578,36.84000015258789,36.380001068115234,36.77000045776367,65500
2013-10-22,36.47999954223633,36.47999954223633,36.720001220703125,36.349998474121094,36.720001220703125,67300
2013-10-23,36.45000076293945,36.45000076293945,36.779998779296875,36.38999938964844,36.38999938964844,122200
2013-10-24,36.4900016784668,36.4900016784668,36.689998626708984,36.38999938964844,36.599998474121094,65800
2013-10-25,37.75,37.75,37.75,36.400001525878906,36.70000076293945,51600
2013-10-28,37.75,37.75,37.75,36.79999923706055,37.709999084472656,34400
2013-10-29,37.08000183105469,37.08000183105469,37.75,36.91999816894531,37.75,65200
2013-10-30,37.59000015258789,37.59000015258789,37.709999084472656,36.779998779296875,37.220001220703125,74600
2013-10-31,37.25,37.25,37.47999954223633,36.95000076293945,37.47999954223633,25000
2013-11-01,37.16999816894531,37.16999816894531,37.439998626708984,36.88999938964844,37.16999816894531,84300
2013-11-04,37.75,37.75,37.95000076293945,37.279998779296875,37.279998779296875,66700
2013-11-05,37.75,37.75,37.97999954223633,37.09000015258789,37.619998931884766,45800
2013-11-06,37.68000030517578,37.68000030517578,37.9900016784668,37.58000183105469,37.9900016784668,76500
2013-11-07,37.619998931884766,37.619998931884766,37.720001220703125,37.22999954223633,37.5,46600
2013-11-08,36.380001068115234,36.380001068115234,37.77000045776367,36.25,37.56999969482422,241100
2013-11-11,35.36000061035156,35.36000061035156,36.22999954223633,35.060001373291016,36.22999954223633,27900
2013-11-12,35.20000076293945,35.20000076293945,35.5,34.290000915527344,35.16999816894531,77000
2013-11-13,35.34000015258789,35.34000015258789,35.34000015258789,34.5,34.900001525878906,23700
2013-11-14,36.279998779296875,36.279998779296875,36.97999954223633,36.0,36.0,50100
2013-11-15,36.38999938964844,36.38999938964844,36.90999984741211,36.0099983215332,36.41999816894531,36800
2013-11-18,35.779998779296875,35.779998779296875,36.43000030517578,35.5099983215332,36.43000030517578,28000
2013-11-19,36.7400016784668,36.7400016784668,36.7599983215332,35.369998931884766,35.86000061035156,66800
2013-11-20,35.97999954223633,35.97999954223633,36.7400016784668,35.75,36.709999084472656,77500
2013-11-21,36.0,36.0,36.2599983215332,35.68000030517578,36.16999816894531,111100
2013-11-22,36.0,36.0,36.25,35.540000915527344,36.09000015258789,89700
2013-11-25,35.880001068115234,35.880001068115234,36.0,35.599998474121094,36.0,46800
2013-11-26,35.86000061035156,35.86000061035156,35.959999084472656,35.599998474121094,35.65999984741211,112700
2013-11-27,35.41999816894531,35.41999816894531,35.970001220703125,35.08000183105469,35.970001220703125,38700
2013-11-29,34.849998474121094,34.849998474121094,35.63999938964844,34.349998474121094,35.63999938964844,25700
2013-12-02,34.36000061035156,34.36000061035156,35.31999969482422,33.91999816894531,34.7599983215332,57200
2013-12-03,34.310001373291016,34.310001373291016,34.68000030517578,34.11000061035156,34.29999923706055,45900
2013-12-04,34.29999923706055,34.29999923706055,34.54999923706055,33.77000045776367,34.11000061035156,78500
2013-12-05,33.939998626708984,33.939998626708984,34.40999984741211,33.65999984741211,33.65999984741211,24800
2013-12-06,34.380001068115234,34.380001068115234,34.65999984741211,33.90999984741211,34.279998779296875,59900
2013-12-09,34.349998474121094,34.349998474121094,34.63999938964844,34.0,34.29999923706055,51100
2013-12-10,34.11000061035156,34.11000061035156,34.650001525878906,33.7400016784668,34.41999816894531,49700
2013-12-11,33.869998931884766,33.869998931884766,34.41999816894531,33.7599983215332,34.0099983215332,44300
2013-12-12,34.2599983215332,34.2599983215332,34.27000045776367,33.40999984741211,34.0,78500
2013-12-13,33.68000030517578,33.68000030517578,34.25,32.779998779296875,34.25,71100
2013-12-16,34.33000183105469,34.33000183105469,34.5,33.2400016784668,33.75,189800
2013-12-17,34.79999923706055,34.79999923706055,34.95000076293945,34.20000076293945,34.20000076293945,38200
2013-12-18,35.59000015258789,35.59000015258789,35.7400016784668,34.5099983215332,34.95000076293945,75200
2013-12-19,35.689998626708984,35.689998626708984,36.0,35.20000076293945,35.45000076293945,171200
2013-12-20,36.869998931884766,36.869998931884766,36.95000076293945,35.630001068115234,35.81999969482422,106100
2013-12-23,36.56999969482422,36.56999969482422,36.90999984741211,36.25,36.900001525878906,54700
2013-12-24,36.65999984741211,36.65999984741211,36.83000183105469,36.47999954223633,36.709999084472656,19200
2013-12-26,36.33000183105469,36.33000183105469,36.849998474121094,36.2599983215332,36.709999084472656,21800
2013-12-27,36.75,36.75,36.9900016784668,36.06999969482422,36.56999969482422,19600
2013-12-30,36.36000061035156,36.36000061035156,36.970001220703125,36.130001068115234,36.63999938964844,33500
2013-12-31,36.7400016784668,36.7400016784668,36.900001525878906,36.47999954223633,36.52000045776367,43500
2014-01-02,35.939998626708984,35.939998626708984,36.689998626708984,35.650001525878906,36.529998779296875,50300
2014-01-03,36.529998779296875,36.529998779296875,36.54999923706055,35.93000030517578,35.93000030517578,48700
2014-01-06,36.290000915527344,36.290000915527344,36.779998779296875,36.18000030517578,36.56999969482422,82400
2014-01-07,36.849998474121094,36.849998474121094,36.939998626708984,36.25,36.40999984741211,71700
2014-01-08,37.0,37.0,37.220001220703125,36.45000076293945,36.810001373291016,115900
2014-01-09,37.290000915527344,37.290000915527344,37.34000015258789,36.77000045776367,37.22999954223633,34000
2014-01-10,37.150001525878906,37.150001525878906,37.7400016784668,36.27000045776367,37.470001220703125,220000
2014-01-13,37.290000915527344,37.290000915527344,37.349998474121094,36.4900016784668,37.18000030517578,73600
2014-01-14,37.13999938964844,37.13999938964844,37.540000915527344,36.810001373291016,37.25,116300
2014-01-15,37.150001525878906,37.150001525878906,37.27000045776367,36.970001220703125,37.060001373291016,61500
2014-01-16,37.2400016784668,37.2400016784668,37.33000183105469,36.38999938964844,37.06999969482422,221800
2014-01-17,37.349998474121094,37.349998474121094,37.599998474121094,37.22999954223633,37.29999923706055,70100
2014-01-21,37.84000015258789,37.84000015258789,37.939998626708984,37.130001068115234,37.529998779296875,88300
2014-01-22,37.7400016784668,37.7400016784668,37.970001220703125,37.290000915527344,37.72999954223633,140000
2014-01-23,37.2400016784668,37.2400016784668,37.75,36.900001525878906,37.2400016784668,79400
2014-01-24,37.130001068115234,37.130001068115234,37.310001373291016,36.40999984741211,36.90999984741211,100100
2014-01-27,36.40999984741211,36.40999984741211,37.41999816894531,35.97999954223633,37.130001068115234,176500
2014-01-28,37.099998474121094,37.099998474121094,37.189998626708984,36.0099983215332,36.27000045776367,84000
2014-01-29,37.06999969482422,37.06999969482422,37.33000183105469,36.599998474121094,36.79999923706055,106000
2014-01-30,37.2400016784668,37.2400016784668,37.290000915527344,36.939998626708984,37.15999984741211,54000
2014-01-31,36.75,36.75,37.25,36.619998931884766,36.75,108900
2014-02-03,36.52000045776367,36.52000045776367,37.220001220703125,36.27000045776367,36.65999984741211,107600
2014-02-04,37.2400016784668,37.2400016784668,37.2599983215332,36.31999969482422,36.59000015258789,226500
2014-02-05,37.290000915527344,37.290000915527344,37.5,36.90999984741211,37.16999816894531,73500
2014-02-06,37.630001068115234,37.630001068115234,37.75,37.29999923706055,37.310001373291016,70800
2014-02-07,37.7400016784668,37.7400016784668,37.95000076293945,37.36000061035156,37.68000030517578,64900
2014-02-10,37.93000030517578,37.93000030517578,38.0,37.5,37.81999969482422,211800
2014-02-11,37.900001525878906,37.900001525878906,38.0,37.349998474121094,37.810001373291016,121100
2014-02-12,38.5,38.5,38.75,37.79999923706055,37.959999084472656,165800
2014-02-13,38.25,38.25,38.779998779296875,37.90999984741211,38.27000045776367,74000
2014-02-14,38.33000183105469,38.33000183105469,38.58000183105469,37.59000015258789,38.150001525878906,62100
2014-02-18,38.349998474121094,38.349998474121094,38.619998931884766,38.099998474121094,38.279998779296875,76100
2014-02-19,37.93000030517578,37.93000030517578,38.20000076293945,37.33000183105469,38.099998474121094,108000
2014-02-20,37.91999816894531,37.91999816894531,38.310001373291016,37.72999954223633,37.86000061035156,96800
2014-02-21,38.75,38.75,38.970001220703125,38.04999923706055,38.04999923706055,82700
2014-02-24,38.66999816894531,38.66999816894531,39.150001525878906,38.59000015258789,38.95000076293945,93900
2014-02-25,39.060001373291016,39.060001373291016,39.09000015258789,38.540000915527344,38.900001525878906,58200
2014-02-26,39.189998626708984,39.189998626708984,39.459999084472656,38.9900016784668,39.18000030517578,59500
2014-02-27,39.459999084472656,39.459999084472656,39.56999969482422,38.900001525878906,39.06999969482422,25800
2014-02-28,39.470001220703125,39.470001220703125,39.7599983215332,39.0,39.5,54900
2014-03-03,38.93000030517578,38.93000030517578,39.29999923706055,38.119998931884766,39.130001068115234,73500
2014-03-04,39.150001525878906,39.150001525878906,39.810001373291016,38.83000183105469,39.22999954223633,79600
2014-03-05,39.2599983215332,39.2599983215332,39.4900016784668,38.29999923706055,39.16999816894531,122900
2014-03-06,39.61000061035156,39.61000061035156,39.7400016784668,39.029998779296875,39.20000076293945,72900
2014-03-07,39.779998779296875,39.779998779296875,40.0,39.54999923706055,39.779998779296875,88600
2014-03-10,40.0,40.0,40.0,39.08000183105469,39.650001525878906,44700
2014-03-11,39.63999938964844,39.63999938964844,40.0,39.380001068115234,40.0,49300
2014-03-12,39.84000015258789,39.84000015258789,39.880001068115234,39.25,39.61000061035156,93600
2014-03-13,39.56999969482422,39.56999969482422,40.0,39.279998779296875,40.0,82900
2014-03-14,39.47999954223633,39.47999954223633,40.04999923706055,38.29999923706055,38.529998779296875,278600
2014-03-17,39.279998779296875,39.279998779296875,39.869998931884766,39.220001220703125,39.56999969482422,273200
2014-03-18,39.25,39.25,39.84000015258789,39.060001373291016,39.20000076293945,148600
2014-03-19,39.65999984741211,39.65999984741211,39.779998779296875,38.970001220703125,39.38999938964844,108200
2014-03-20,39.97999954223633,39.97999954223633,40.040000915527344,39.630001068115234,39.68000030517578,56100
2014-03-21,39.43000030517578,39.43000030517578,40.0,39.400001525878906,40.0,160900
2014-03-24,38.95000076293945,38.95000076293945,39.4900016784668,38.189998626708984,39.349998474121094,68200
2014-03-25,39.099998474121094,39.099998474121094,39.59000015258789,38.689998626708984,39.130001068115234,53400
2014-03-26,37.0,37.0,37.72999954223633,36.47999954223633,37.45000076293945,3025900
2014-03-27,37.75,37.75,38.43000030517578,36.630001068115234,37.0,627000
2014-03-28,38.66999816894531,38.66999816894531,38.77000045776367,37.7599983215332,38.0,187300
2014-03-31,39.11000061035156,39.11000061035156,39.68000030517578,38.54999923706055,38.779998779296875,517500
2014-04-01,41.369998931884766,41.369998931884766,41.79999923706055,39.95000076293945,40.0,613100
2014-04-02,41.810001373291016,41.810001373291016,41.9900016784668,41.380001068115234,41.470001220703125,316700
2014-04-03,41.880001068115234,41.880001068115234,42.0,41.2400016784668,41.93000030517578,320300
2014-04-04,41.119998931884766,41.119998931884766,41.97999954223633,40.810001373291016,41.93000030517578,317800
2014-04-07,40.150001525878906,40.150001525878906,41.36000061035156,40.060001373291016,41.0,130900
2014-04-08,39.84000015258789,39.84000015258789,40.2400016784668,39.290000915527344,40.06999969482422,193600
2014-04-09,40.66999816894531,40.66999816894531,40.70000076293945,39.689998626708984,39.689998626708984,85900
2014-04-10,40.0,40.0,41.15999984741211,39.810001373291016,40.75,211900
2014-04-11,38.630001068115234,38.630001068115234,39.689998626708984,38.47999954223633,39.689998626708984,191200
2014-04-14,38.779998779296875,38.779998779296875,39.040000915527344,38.279998779296875,38.939998626708984,114700
2014-04-15,38.20000076293945,38.20000076293945,38.790000915527344,37.630001068115234,38.790000915527344,133900
2014-04-16,38.689998626708984,38.689998626708984,38.810001373291016,38.130001068115234,38.34000015258789,58400
2014-04-17,39.5,39.5,39.709999084472656,38.560001373291016,38.560001373291016,126700
2014-04-21,40.29999923706055,40.29999923706055,40.36000061035156,39.310001373291016,39.43000030517578,81600
2014-04-22,40.459999084472656,40.459999084472656,40.560001373291016,39.959999084472656,40.11000061035156,75900
2014-04-23,41.02000045776367,41.02000045776367,41.040000915527344,40.25,40.43000030517578,102200
2014-04-24,40.459999084472656,40.459999084472656,41.38999938964844,40.22999954223633,41.279998779296875,122100
2014-04-25,40.59000015258789,40.59000015258789,41.099998474121094,40.2400016784668,40.41999816894531,186700
2014-04-28,40.0099983215332,40.0099983215332,41.15999984741211,39.849998474121094,40.81999969482422,644900
2014-04-29,40.099998474121094,40.099998474121094,40.529998779296875,39.66999816894531,40.25,260100
2014-04-30,40.779998779296875,40.779998779296875,41.02000045776367,39.66999816894531,39.959999084472656,248200
2014-05-01,40.939998626708984,40.939998626708984,40.939998626708984,39.849998474121094,40.70000076293945,226400
2014-05-02,40.93000030517578,40.93000030517578,41.63999938964844,40.22999954223633,41.20000076293945,267500
2014-05-05,39.970001220703125,39.970001220703125,40.349998474121094,39.47999954223633,40.349998474121094,270700
2014-05-06,39.470001220703125,39.470001220703125,40.08000183105469,39.290000915527344,39.7599983215332,174500
2014-05-07,39.540000915527344,39.540000915527344,39.70000076293945,39.119998931884766,39.529998779296875,199500
2014-05-08,38.970001220703125,38.970001220703125,39.970001220703125,38.650001525878906,39.369998931884766,198100
2014-05-09,39.130001068115234,39.130001068115234,39.13999938964844,38.38999938964844,38.77000045776367,187800
2014-05-12,39.58000183105469,39.58000183105469,40.0099983215332,39.130001068115234,39.18000030517578,178000
2014-05-13,39.400001525878906,39.400001525878906,39.86000061035156,39.04999923706055,39.56999969482422,186000
2014-05-14,38.68000030517578,38.68000030517578,39.47999954223633,38.349998474121094,39.25,275900
2014-05-15,39.27000045776367,39.27000045776367,39.54999923706055,36.97999954223633,38.47999954223633,618300
2014-05-16,39.400001525878906,39.400001525878906,39.5,38.9900016784668,39.27000045776367,130100
2014-05-19,39.59000015258789,39.59000015258789,39.779998779296875,39.099998474121094,39.209999084472656,164800
2014-05-20,39.31999969482422,39.31999969482422,39.52000045776367,38.9900016784668,39.5,124400
2014-05-21,39.459999084472656,39.459999084472656,39.7400016784668,39.290000915527344,39.540000915527344,139400
2014-05-22,39.470001220703125,39.470001220703125,39.77000045776367,39.220001220703125,39.5,88800
2014-05-23,39.369998931884766,39.369998931884766,39.4900016784668,39.08000183105469,39.27000045776367,276600
2014-05-27,39.47999954223633,39.47999954223633,40.0,39.22999954223633,39.5,111200
2014-05-28,39.130001068115234,39.130001068115234,39.540000915527344,38.9900016784668,39.38999938964844,100300
2014-05-29,39.060001373291016,39.060001373291016,39.279998779296875,38.880001068115234,39.220001220703125,98400
2014-05-30,38.97999954223633,38.97999954223633,39.220001220703125,38.93000030517578,39.15999984741211,154800
2014-06-02,38.56999969482422,38.56999969482422,38.97999954223633,38.130001068115234,38.849998474121094,105200
2014-06-03,39.119998931884766,39.119998931884766,39.31999969482422,38.099998474121094,38.4900016784668,138400
2014-06-04,39.7400016784668,39.7400016784668,39.86000061035156,38.91999816894531,38.91999816894531,250000
2014-06-05,40.630001068115234,40.630001068115234,40.97999954223633,39.63999938964844,39.72999954223633,359200
2014-06-06,41.15999984741211,41.15999984741211,41.650001525878906,40.81999969482422,40.81999969482422,350900
2014-06-09,41.279998779296875,41.279998779296875,41.54999923706055,40.81999969482422,41.0,163900
2014-06-10,41.59000015258789,41.59000015258789,41.650001525878906,41.04999923706055,41.290000915527344,99900
2014-06-11,41.40999984741211,41.40999984741211,41.72999954223633,41.029998779296875,41.529998779296875,122400
2014-06-12,41.33000183105469,41.33000183105469,41.59000015258789,40.97999954223633,41.47999954223633,114500
2014-06-13,41.13999938964844,41.13999938964844,41.5099983215332,40.599998474121094,41.31999969482422,102400
2014-06-16,42.869998931884766,42.869998931884766,42.959999084472656,41.20000076293945,41.22999954223633,330000
2014-06-17,42.720001220703125,42.720001220703125,43.279998779296875,42.04999923706055,42.5,303700
2014-06-18,42.900001525878906,42.900001525878906,43.060001373291016,42.209999084472656,42.61000061035156,202200
2014-06-19,42.52000045776367,42.52000045776367,43.25,41.970001220703125,42.86000061035156,175300
2014-06-20,42.70000076293945,42.70000076293945,42.84000015258789,42.279998779296875,42.720001220703125,231700
2014-06-23,42.88999938964844,42.88999938964844,43.25,42.5,42.59000015258789,216800
2014-06-24,42.959999084472656,42.959999084472656,43.380001068115234,42.529998779296875,42.81999969482422,260600
2014-06-25,43.25,43.25,43.439998626708984,42.560001373291016,42.7599983215332,209400
2014-06-26,43.459999084472656,43.459999084472656,43.4900016784668,42.790000915527344,43.15999984741211,164400
2014-06-27,43.4900016784668,43.4900016784668,44.15999984741211,43.099998474121094,43.2599983215332,1822400
2014-06-30,42.939998626708984,42.939998626708984,43.599998474121094,42.72999954223633,43.4900016784668,252700
2014-07-01,43.18000030517578,43.18000030517578,43.779998779296875,42.560001373291016,42.560001373291016,268400
2014-07-02,42.15999984741211,42.15999984741211,43.16999816894531,42.06999969482422,42.86000061035156,115900
2014-07-03,42.380001068115234,42.380001068115234,42.689998626708984,42.220001220703125,42.220001220703125,89500
2014-07-07,42.099998474121094,42.099998474121094,42.31999969482422,41.810001373291016,42.31999969482422,125900
2014-07-08,41.650001525878906,41.650001525878906,41.9900016784668,41.310001373291016,41.9900016784668,103400
2014-07-09,42.130001068115234,42.130001068115234,42.16999816894531,41.54999923706055,41.7400016784668,123600
2014-07-10,42.0,42.0,42.060001373291016,41.060001373291016,41.290000915527344,133300
2014-07-11,42.11000061035156,42.11000061035156,42.209999084472656,41.66999816894531,41.869998931884766,191400
2014-07-14,42.439998626708984,42.439998626708984,42.68000030517578,42.18000030517578,42.5099983215332,92700
2014-07-15,42.0099983215332,42.0099983215332,42.77000045776367,41.959999084472656,42.529998779296875,113500
2014-07-16,42.0099983215332,42.0099983215332,42.310001373291016,41.619998931884766,42.2400016784668,186600
2014-07-17,41.2400016784668,41.2400016784668,42.08000183105469,41.18000030517578,41.84000015258789,81800
2014-07-18,42.68000030517578,42.68000030517578,42.709999084472656,41.18000030517578,41.599998474121094,166100
2014-07-21,42.310001373291016,42.310001373291016,42.619998931884766,41.95000076293945,42.4900016784668,91100
2014-07-22,43.0,43.0,43.18000030517578,42.13999938964844,42.40999984741211,137000
2014-07-23,42.349998474121094,42.349998474121094,43.04999923706055,42.310001373291016,42.959999084472656,39600
2014-07-24,42.08000183105469,42.08000183105469,42.47999954223633,41.790000915527344,42.400001525878906,96600
2014-07-25,42.7400016784668,42.7400016784668,43.06999969482422,41.36000061035156,41.7599983215332,187500
2014-07-28,42.75,42.75,43.02000045776367,42.0,42.779998779296875,146800
2014-07-29,43.13999938964844,43.13999938964844,43.25,42.41999816894531,42.72999954223633,147600
2014-07-30,42.560001373291016,42.560001373291016,43.709999084472656,42.470001220703125,43.34000015258789,142700
2014-07-31,41.56999969482422,41.56999969482422,42.209999084472656,41.560001373291016,42.209999084472656,150900
2014-08-01,41.369998931884766,41.369998931884766,41.66999816894531,40.84000015258789,40.97999954223633,119900
2014-08-04,41.68000030517578,41.68000030517578,41.77000045776367,40.77000045776367,41.54999923706055,107900
2014-08-05,41.790000915527344,41.790000915527344,41.970001220703125,40.900001525878906,41.540000915527344,120400
2014-08-06,41.68000030517578,41.68000030517578,42.08000183105469,41.38999938964844,41.54999923706055,108000
2014-08-07,41.04999923706055,41.04999923706055,41.91999816894531,40.779998779296875,41.689998626708984,147700
2014-08-08,40.75,40.75,41.04999923706055,39.65999984741211,40.540000915527344,229500
2014-08-11,40.9900016784668,40.9900016784668,41.06999969482422,40.5,40.939998626708984,149300
2014-08-12,40.91999816894531,40.91999816894531,41.099998474121094,40.77000045776367,40.88999938964844,133000
2014-08-13,41.959999084472656,41.959999084472656,41.97999954223633,40.83000183105469,41.0,124900
2014-08-14,42.189998626708984,42.189998626708984,42.20000076293945,41.52000045776367,41.779998779296875,176000
2014-08-15,42.08000183105469,42.08000183105469,42.59000015258789,41.619998931884766,42.54999923706055,135400
2014-08-18,42.75,42.75,42.75,42.209999084472656,42.38999938964844,103600
2014-08-19,42.68000030517578,42.68000030517578,43.0,42.439998626708984,42.75,100500
2014-08-20,42.20000076293945,42.20000076293945,42.43000030517578,41.939998626708984,42.43000030517578,52600
2014-08-21,42.16999816894531,42.16999816894531,42.47999954223633,41.720001220703125,42.22999954223633,42600
2014-08-22,42.13999938964844,42.13999938964844,42.599998474121094,41.709999084472656,42.15999984741211,65800
2014-08-25,41.630001068115234,41.630001068115234,42.7400016784668,41.599998474121094,42.27000045776367,48900
2014-08-26,41.900001525878906,41.900001525878906,42.25,41.36000061035156,41.72999954223633,96300
2014-08-27,41.09000015258789,41.09000015258789,41.90999984741211,41.0,41.90999984741211,61200
2014-08-28,40.560001373291016,40.560001373291016,41.11000061035156,40.470001220703125,41.040000915527344,67600
2014-08-29,40.66999816894531,40.66999816894531,40.7599983215332,40.209999084472656,40.560001373291016,58300
2014-09-02,40.4900016784668,40.4900016784668,40.7400016784668,40.0099983215332,40.599998474121094,106200
2014-09-03,40.34000015258789,40.34000015258789,40.86000061035156,40.09000015258789,40.560001373291016,74600
2014-09-04,40.20000076293945,40.20000076293945,40.86000061035156,40.040000915527344,40.47999954223633,182000
2014-09-05,40.189998626708984,40.189998626708984,40.45000076293945,39.790000915527344,40.040000915527344,54500
2014-09-08,40.310001373291016,40.310001373291016,40.43000030517578,40.0,40.25,44200
2014-09-09,40.65999984741211,40.65999984741211,40.970001220703125,40.08000183105469,40.15999984741211,216000
2014-09-10,41.029998779296875,41.029998779296875,41.09000015258789,40.56999969482422,40.61000061035156,160300
2014-09-11,41.400001525878906,41.400001525878906,41.70000076293945,40.54999923706055,40.7599983215332,91400
2014-09-12,41.220001220703125,41.220001220703125,41.52000045776367,40.93000030517578,41.369998931884766,84000
2014-09-15,40.970001220703125,40.970001220703125,41.369998931884766,40.59000015258789,41.13999938964844,113300
2014-09-16,41.20000076293945,41.20000076293945,41.36000061035156,40.779998779296875,40.9900016784668,83000
2014-09-17,41.5099983215332,41.5099983215332,41.90999984741211,41.2400016784668,41.2400016784668,84000
2014-09-18,42.150001525878906,42.150001525878906,42.22999954223633,41.380001068115234,41.599998474121094,55900
2014-09-19,42.119998931884766,42.119998931884766,42.470001220703125,41.63999938964844,42.130001068115234,189200
2014-09-22,41.81999969482422,41.81999969482422,42.06999969482422,41.20000076293945,41.880001068115234,86800
2014-09-23,41.70000076293945,41.70000076293945,42.099998474121094,41.58000183105469,41.790000915527344,120300
2014-09-24,42.22999954223633,42.22999954223633,42.38999938964844,41.56999969482422,41.90999984741211,85100
2014-09-25,41.65999984741211,41.65999984741211,42.27000045776367,41.54999923706055,42.20000076293945,99100
2014-09-26,42.56999969482422,42.56999969482422,42.720001220703125,41.61000061035156,41.68000030517578,100300
2014-09-29,42.34000015258789,42.34000015258789,42.5,42.099998474121094,42.20000076293945,454500
2014-09-30,42.060001373291016,42.060001373291016,42.459999084472656,42.0,42.2599983215332,467400
2014-10-01,41.2400016784668,41.2400016784668,42.06999969482422,41.16999816894531,41.75,162500
2014-10-02,41.9900016784668,41.9900016784668,42.060001373291016,40.970001220703125,41.29999923706055,105600
2014-10-03,42.189998626708984,42.189998626708984,42.720001220703125,42.16999816894531,42.45000076293945,56400
2014-10-06,42.029998779296875,42.029998779296875,42.33000183105469,41.95000076293945,42.209999084472656,71000
2014-10-07,41.810001373291016,41.810001373291016,42.16999816894531,41.77000045776367,41.939998626708984,151800
2014-10-08,42.029998779296875,42.029998779296875,42.27000045776367,41.709999084472656,41.72999954223633,233300
2014-10-09,41.880001068115234,41.880001068115234,42.20000076293945,41.77000045776367,42.040000915527344,144200
2014-10-10,41.380001068115234,41.380001068115234,42.33000183105469,41.33000183105469,41.709999084472656,267200
2014-10-13,41.060001373291016,41.060001373291016,42.36000061035156,41.02000045776367,41.47999954223633,156400
2014-10-14,41.599998474121094,41.599998474121094,42.25,41.349998474121094,41.47999954223633,200000
2014-10-15,41.970001220703125,41.970001220703125,42.22999954223633,40.599998474121094,41.0,224600
2014-10-16,42.56999969482422,42.56999969482422,42.880001068115234,41.189998626708984,41.54999923706055,151700
2014-10-17,42.41999816894531,42.41999816894531,43.150001525878906,42.040000915527344,43.060001373291016,99600
2014-10-20,42.459999084472656,42.459999084472656,42.720001220703125,42.16999816894531,42.349998474121094,115000
2014-10-21,43.2599983215332,43.2599983215332,43.880001068115234,42.459999084472656,42.529998779296875,236500
2014-10-22,42.849998474121094,42.849998474121094,43.790000915527344,42.790000915527344,43.29999923706055,80800
2014-10-23,42.70000076293945,42.70000076293945,43.16999816894531,42.38999938964844,43.08000183105469,166600
2014-10-24,43.279998779296875,43.279998779296875,43.43000030517578,42.58000183105469,42.810001373291016,66200
2014-10-27,42.91999816894531,42.91999816894531,43.22999954223633,42.720001220703125,43.18000030517578,56200
2014-10-28,44.16999816894531,44.16999816894531,44.220001220703125,42.97999954223633,43.189998626708984,162100
2014-10-29,43.959999084472656,43.959999084472656,44.540000915527344,43.79999923706055,44.220001220703125,81500
2014-10-30,44.400001525878906,44.400001525878906,44.5,43.689998626708984,43.95000076293945,110200
2014-10-31,44.560001373291016,44.560001373291016,44.95000076293945,44.16999816894531,44.5,108600
2014-11-03,44.25,44.25,44.36000061035156,43.0,44.130001068115234,181700
2014-11-04,44.779998779296875,44.779998779296875,44.84000015258789,43.790000915527344,44.11000061035156,168100
2014-11-05,43.68000030517578,43.68000030517578,44.79999923706055,43.0099983215332,44.79999923706055,295000
2014-11-06,43.04999923706055,43.04999923706055,43.75,42.720001220703125,43.650001525878906,146400
2014-11-07,43.43000030517578,43.43000030517578,43.45000076293945,42.79999923706055,43.04999923706055,128100
2014-11-10,44.40999984741211,44.40999984741211,44.77000045776367,43.54999923706055,43.56999969482422,221600
2014-11-11,43.91999816894531,43.91999816894531,44.41999816894531,43.70000076293945,44.290000915527344,142700
2014-11-12,44.0099983215332,44.0099983215332,44.13999938964844,43.81999969482422,43.84000015258789,126900
2014-11-13,43.47999954223633,43.47999954223633,44.279998779296875,43.38999938964844,44.130001068115234,45300
2014-11-14,43.59000015258789,43.59000015258789,43.77000045776367,43.25,43.41999816894531,90200
2014-11-17,43.599998474121094,43.599998474121094,43.72999954223633,43.54999923706055,43.61000061035156,67800
2014-11-18,44.040000915527344,44.040000915527344,44.20000076293945,43.400001525878906,43.75,96500
2014-11-19,43.93000030517578,43.93000030517578,44.349998474121094,43.86000061035156,44.08000183105469,87400
2014-11-20,44.189998626708984,44.189998626708984,44.7400016784668,43.630001068115234,43.91999816894531,133700
2014-11-21,44.08000183105469,44.08000183105469,44.709999084472656,43.970001220703125,44.709999084472656,176700
2014-11-24,44.470001220703125,44.470001220703125,44.5099983215332,43.810001373291016,44.27000045776367,125700
2014-11-25,44.630001068115234,44.630001068115234,44.66999816894531,44.029998779296875,44.650001525878906,132100
2014-11-26,44.91999816894531,44.91999816894531,45.060001373291016,44.599998474121094,44.79999923706055,212300
2014-11-28,44.70000076293945,44.70000076293945,45.2599983215332,44.529998779296875,45.0,135500
2014-12-01,44.22999954223633,44.22999954223633,44.689998626708984,43.34000015258789,44.380001068115234,182700
2014-12-02,44.810001373291016,44.810001373291016,45.02000045776367,44.09000015258789,44.400001525878906,197100
2014-12-03,45.099998474121094,45.099998474121094,45.40999984741211,44.2400016784668,44.93000030517578,144500
2014-12-04,44.86000061035156,44.86000061035156,45.38999938964844,44.58000183105469,44.939998626708984,104200
2014-12-05,45.220001220703125,45.220001220703125,45.7400016784668,44.790000915527344,44.790000915527344,93300
2014-12-08,44.88999938964844,44.88999938964844,45.790000915527344,44.83000183105469,45.220001220703125,86900
2014-12-09,45.59000015258789,45.59000015258789,45.83000183105469,43.97999954223633,44.33000183105469,115500
2014-12-10,45.709999084472656,45.709999084472656,45.9900016784668,45.18000030517578,45.54999923706055,175700
2014-12-11,45.09000015258789,45.09000015258789,45.86000061035156,44.9900016784668,45.689998626708984,1135700
2014-12-12,44.900001525878906,44.900001525878906,45.470001220703125,44.66999816894531,44.66999816894531,254600
2014-12-15,44.849998474121094,44.849998474121094,45.720001220703125,44.79999923706055,45.2599983215332,224500
2014-12-16,45.0099983215332,45.0099983215332,45.439998626708984,44.54999923706055,44.84000015258789,128900
2014-12-17,45.65999984741211,45.65999984741211,45.810001373291016,44.650001525878906,45.209999084472656,201100
2014-12-18,46.16999816894531,46.16999816894531,46.29999923706055,45.45000076293945,46.0,330200
2014-12-19,46.52000045776367,46.52000045776367,47.0,46.13999938964844,46.27000045776367,489500
2014-12-22,46.630001068115234,46.630001068115234,46.779998779296875,46.15999984741211,46.65999984741211,55600
2014-12-23,46.939998626708984,46.939998626708984,47.20000076293945,46.68000030517578,46.720001220703125,83300
2014-12-24,47.13999938964844,47.13999938964844,47.20000076293945,46.72999954223633,47.0,33000
2014-12-26,47.09000015258789,47.09000015258789,47.29999923706055,46.81999969482422,47.20000076293945,56000
2014-12-29,46.93000030517578,46.93000030517578,47.29999923706055,46.63999938964844,47.2400016784668,67200
2014-12-30,46.630001068115234,46.630001068115234,46.970001220703125,46.369998931884766,46.7400016784668,64500
2014-12-31,47.0099983215332,47.0099983215332,47.16999816894531,46.790000915527344,46.81999969482422,118400
2015-01-02,45.38999938964844,45.38999938964844,46.86000061035156,43.84000015258789,46.86000061035156,287000
2015-01-05,44.220001220703125,44.220001220703125,45.189998626708984,43.77000045776367,45.0,139800
2015-01-06,44.619998931884766,44.619998931884766,44.970001220703125,43.900001525878906,44.36000061035156,216800
2015-01-07,46.619998931884766,46.619998931884766,46.63999938964844,44.77000045776367,45.060001373291016,247800
2015-01-08,47.369998931884766,47.369998931884766,47.79999923706055,46.72999954223633,47.040000915527344,147400
2015-01-09,46.7400016784668,46.7400016784668,47.72999954223633,46.470001220703125,47.290000915527344,96400
2015-01-12,47.349998474121094,47.349998474121094,47.689998626708984,46.52000045776367,46.880001068115234,281400
2015-01-13,47.4900016784668,47.4900016784668,48.939998626708984,46.709999084472656,47.75,212800
2015-01-14,47.88999938964844,47.88999938964844,48.060001373291016,47.11000061035156,47.130001068115234,235300
2015-01-15,48.20000076293945,48.20000076293945,48.22999954223633,47.349998474121094,47.959999084472656,141200
2015-01-16,48.150001525878906,48.150001525878906,48.310001373291016,47.70000076293945,47.9900016784668,163100
2015-01-20,48.5,48.5,48.7599983215332,47.58000183105469,48.09000015258789,124300
2015-01-21,47.93000030517578,47.93000030517578,48.72999954223633,47.630001068115234,48.369998931884766,110700
2015-01-22,48.77000045776367,48.77000045776367,48.83000183105469,47.93000030517578,48.2400016784668,92800
2015-01-23,48.52000045776367,48.52000045776367,49.349998474121094,48.22999954223633,48.84000015258789,78400
2015-01-26,49.70000076293945,49.70000076293945,49.709999084472656,48.400001525878906,48.630001068115234,164800
2015-01-27,49.029998779296875,49.029998779296875,49.459999084472656,48.56999969482422,49.459999084472656,101000
2015-01-28,48.56999969482422,48.56999969482422,49.16999816894531,48.0099983215332,49.15999984741211,130800
2015-01-29,49.15999984741211,49.15999984741211,49.18000030517578,48.02000045776367,48.7400016784668,64300
2015-01-30,48.54999923706055,48.54999923706055,49.13999938964844,48.290000915527344,48.97999954223633,153600
2015-02-02,48.7400016784668,48.7400016784668,49.16999816894531,47.7599983215332,48.470001220703125,114600
2015-02-03,49.86000061035156,49.86000061035156,50.0,48.689998626708984,48.86000061035156,155800
2015-02-04,49.400001525878906,49.400001525878906,49.869998931884766,49.119998931884766,49.58000183105469,100700
2015-02-05,50.0099983215332,50.0099983215332,50.130001068115234,49.2400016784668,49.5099983215332,97600
2015-02-06,49.349998474121094,49.349998474121094,49.900001525878906,49.0,49.900001525878906,90100
2015-02-09,48.91999816894531,48.91999816894531,49.459999084472656,48.63999938964844,49.2400016784668,72000
2015-02-10,49.18000030517578,49.18000030517578,49.45000076293945,48.220001220703125,49.08000183105469,93100
2015-02-11,49.41999816894531,49.41999816894531,49.68000030517578,48.90999984741211,49.11000061035156,92300
2015-02-12,49.040000915527344,49.040000915527344,49.90999984741211,49.0,49.689998626708984,161700
2015-02-13,50.189998626708984,50.189998626708984,51.099998474121094,49.16999816894531,49.16999816894531,332900
2015-02-17,49.2400016784668,49.2400016784668,50.33000183105469,48.959999084472656,50.33000183105469,154600
2015-02-18,49.90999984741211,49.90999984741211,50.33000183105469,49.040000915527344,49.34000015258789,258700
2015-02-19,50.779998779296875,50.779998779296875,50.790000915527344,49.93000030517578,49.959999084472656,158500
2015-02-20,50.5,50.5,50.779998779296875,50.15999984741211,50.7400016784668,92800
2015-02-23,50.650001525878906,50.650001525878906,50.77000045776367,49.869998931884766,50.34000015258789,182900
2015-02-24,50.52000045776367,50.52000045776367,50.68000030517578,50.13999938964844,50.529998779296875,162400
2015-02-25,50.5,50.5,50.790000915527344,50.22999954223633,50.61000061035156,117300
2015-02-26,50.72999954223633,50.72999954223633,50.869998931884766,50.27000045776367,50.349998474121094,141000
2015-02-27,50.70000076293945,50.70000076293945,51.11000061035156,50.11000061035156,50.52000045776367,200400
2015-03-02,50.689998626708984,50.689998626708984,50.9900016784668,50.189998626708984,50.439998626708984,154300
2015-03-03,50.0,50.0,50.529998779296875,49.65999984741211,50.41999816894531,275400
2015-03-04,50.150001525878906,50.150001525878906,50.9900016784668,49.58000183105469,49.68000030517578,195000
2015-03-05,49.93000030517578,49.93000030517578,50.58000183105469,49.7599983215332,50.29999923706055,128300
2015-03-06,50.150001525878906,50.150001525878906,50.25,49.0,49.439998626708984,142100
2015-03-09,50.959999084472656,50.959999084472656,51.310001373291016,50.11000061035156,50.209999084472656,223900
2015-03-10,50.95000076293945,50.95000076293945,51.290000915527344,50.029998779296875,50.7400016784668,238200
2015-03-11,51.130001068115234,51.130001068115234,51.400001525878906,50.90999984741211,50.95000076293945,115900
2015-03-12,52.86000061035156,52.86000061035156,53.189998626708984,51.560001373291016,51.90999984741211,297100
2015-03-13,52.33000183105469,52.33000183105469,52.900001525878906,51.709999084472656,52.900001525878906,153400
2015-03-16,52.790000915527344,52.790000915527344,53.0,52.33000183105469,52.709999084472656,126300
2015-03-17,52.4900016784668,52.4900016784668,53.04999923706055,51.56999969482422,52.75,195500
2015-03-18,52.369998931884766,52.369998931884766,52.79999923706055,51.959999084472656,52.38999938964844,111100
2015-03-19,52.56999969482422,52.56999969482422,52.790000915527344,52.0099983215332,52.0099983215332,126000
2015-03-20,52.189998626708984,52.189998626708984,52.9900016784668,51.9900016784668,52.75,637600
2015-03-23,51.959999084472656,51.959999084472656,52.599998474121094,51.72999954223633,51.91999816894531,248400
2015-03-24,52.689998626708984,52.689998626708984,52.75,51.7599983215332,52.09000015258789,125000
2015-03-25,51.2599983215332,51.2599983215332,52.5,51.13999938964844,52.5,116300
2015-03-26,51.630001068115234,51.630001068115234,51.79999923706055,50.77000045776367,51.16999816894531,130800
2015-03-27,51.689998626708984,51.689998626708984,51.81999969482422,50.97999954223633,51.529998779296875,196800
2015-03-30,51.900001525878906,51.900001525878906,52.16999816894531,51.439998626708984,51.720001220703125,167000
2015-03-31,51.27000045776367,51.27000045776367,52.0,51.04999923706055,51.70000076293945,321000
2015-04-01,52.04999923706055,52.04999923706055,52.06999969482422,50.279998779296875,50.790000915527344,120400
2015-04-02,52.13999938964844,52.13999938964844,52.5099983215332,51.900001525878906,52.150001525878906,82900
2015-04-06,52.2599983215332,52.2599983215332,52.58000183105469,51.77000045776367,51.779998779296875,73500
2015-04-07,52.220001220703125,52.220001220703125,52.29999923706055,51.88999938964844,52.130001068115234,81700
2015-04-08,52.279998779296875,52.279998779296875,52.58000183105469,51.939998626708984,51.939998626708984,76300
2015-04-09,51.88999938964844,51.88999938964844,52.540000915527344,51.779998779296875,52.400001525878906,101600
2015-04-10,52.060001373291016,52.060001373291016,52.310001373291016,51.79999923706055,52.13999938964844,109900
2015-04-13,51.790000915527344,51.790000915527344,52.29999923706055,51.59000015258789,52.13999938964844,70900
2015-04-14,51.849998474121094,51.849998474121094,52.029998779296875,51.0,51.560001373291016,73000
2015-04-15,51.77000045776367,51.77000045776367,52.27000045776367,51.45000076293945,51.77000045776367,93800
2015-04-16,51.869998931884766,51.869998931884766,52.0,51.0,51.86000061035156,111900
2015-04-17,50.9900016784668,50.9900016784668,51.77000045776367,50.77000045776367,51.540000915527344,271700
2015-04-20,51.5,51.5,51.66999816894531,51.0,51.119998931884766,113400
2015-04-21,51.7599983215332,51.7599983215332,52.06999969482422,51.29999923706055,51.5,136800
2015-04-22,51.599998474121094,51.599998474121094,52.119998931884766,51.220001220703125,51.689998626708984,126700
2015-04-23,51.88999938964844,51.88999938964844,52.290000915527344,51.349998474121094,51.61000061035156,185600
2015-04-24,51.52000045776367,51.52000045776367,52.16999816894531,51.130001068115234,51.779998779296875,201700
2015-04-27,50.900001525878906,50.900001525878906,51.7400016784668,50.779998779296875,51.5,157600
2015-04-28,50.75,50.75,51.400001525878906,50.720001220703125,51.060001373291016,229800
2015-04-29,50.84000015258789,50.84000015258789,51.2599983215332,50.68000030517578,50.75,184100
2015-04-30,50.279998779296875,50.279998779296875,50.959999084472656,50.040000915527344,50.75,159800
2015-05-01,54.04999923706055,54.04999923706055,54.459999084472656,48.88999938964844,48.900001525878906,369300
2015-05-04,53.88999938964844,53.88999938964844,54.5,53.29999923706055,53.630001068115234,152400
2015-05-05,53.95000076293945,53.95000076293945,54.560001373291016,53.54999923706055,54.52000045776367,202200
2015-05-06,54.189998626708984,54.189998626708984,54.2599983215332,53.36000061035156,53.61000061035156,154200
2015-05-07,53.43000030517578,53.43000030517578,54.54999923706055,53.310001373291016,54.310001373291016,143100
2015-05-08,53.25,53.25,54.310001373291016,53.0099983215332,53.93000030517578,144100
2015-05-11,53.18000030517578,53.18000030517578,53.869998931884766,53.130001068115234,53.189998626708984,151800
2015-05-12,52.84000015258789,52.84000015258789,53.29999923706055,52.13999938964844,52.83000183105469,99400
2015-05-13,52.79999923706055,52.79999923706055,53.11000061035156,52.209999084472656,52.93000030517578,71300
2015-05-14,53.11000061035156,53.11000061035156,53.22999954223633,52.38999938964844,52.790000915527344,162100
2015-05-15,53.09000015258789,53.09000015258789,53.619998931884766,52.720001220703125,53.220001220703125,115300
2015-05-18,53.810001373291016,53.810001373291016,53.81999969482422,52.959999084472656,53.130001068115234,117600
2015-05-19,54.470001220703125,54.470001220703125,54.5,53.18000030517578,53.900001525878906,159900
2015-05-20,55.0099983215332,55.0099983215332,55.27000045776367,54.08000183105469,54.5,198600
2015-05-21,54.79999923706055,54.79999923706055,55.22999954223633,54.36000061035156,55.0099983215332,127700
2015-05-22,54.880001068115234,54.880001068115234,54.97999954223633,54.529998779296875,54.54999923706055,183400
2015-05-26,54.7400016784668,54.7400016784668,54.869998931884766,54.02000045776367,54.4900016784668,173900
2015-05-27,55.869998931884766,55.869998931884766,55.90999984741211,54.290000915527344,54.75,222900
2015-05-28,55.47999954223633,55.47999954223633,55.849998474121094,55.099998474121094,55.779998779296875,640700
2015-05-29,55.66999816894531,55.66999816894531,55.88999938964844,55.58000183105469,55.75,210600
2015-06-01,55.849998474121094,55.849998474121094,56.0,55.650001525878906,55.95000076293945,187500
2015-06-02,55.88999938964844,55.88999938964844,55.9900016784668,55.4900016784668,55.84000015258789,148700
2015-06-03,56.45000076293945,56.45000076293945,56.75,55.72999954223633,55.88999938964844,102200
2015-06-04,56.06999969482422,56.06999969482422,56.43000030517578,55.83000183105469,56.13999938964844,113800
2015-06-05,56.11000061035156,56.11000061035156,56.369998931884766,55.869998931884766,56.02000045776367,165100
2015-06-08,56.650001525878906,56.650001525878906,56.72999954223633,55.90999984741211,55.959999084472656,235400
2015-06-09,56.5,56.5,56.81999969482422,56.2599983215332,56.720001220703125,139100
2015-06-10,56.97999954223633,56.97999954223633,57.29999923706055,56.619998931884766,56.790000915527344,98400
2015-06-11,57.2599983215332,57.2599983215332,57.43000030517578,56.869998931884766,57.13999938964844,77300
2015-06-12,57.18000030517578,57.18000030517578,57.41999816894531,56.560001373291016,57.099998474121094,72400
2015-06-15,57.119998931884766,57.119998931884766,57.16999816894531,56.36000061035156,57.0099983215332,102900
2015-06-16,57.7400016784668,57.7400016784668,57.880001068115234,56.83000183105469,57.040000915527344,266100
2015-06-17,58.20000076293945,58.20000076293945,58.470001220703125,58.0,58.029998779296875,179800
2015-06-18,59.40999984741211,59.40999984741211,59.63999938964844,58.29999923706055,58.29999923706055,259500
2015-06-19,59.310001373291016,59.310001373291016,59.54999923706055,58.93000030517578,59.54999923706055,320600
2015-06-22,60.0,60.0,60.0,59.45000076293945,59.65999984741211,151500
2015-06-23,59.90999984741211,59.90999984741211,60.0,59.41999816894531,60.0,181100
2015-06-24,59.34000015258789,59.34000015258789,59.959999084472656,58.91999816894531,59.939998626708984,156300
2015-06-25,58.95000076293945,58.95000076293945,59.58000183105469,58.560001373291016,59.349998474121094,177600
2015-06-26,58.36000061035156,58.36000061035156,59.2400016784668,58.099998474121094,58.9900016784668,798300
2015-06-29,57.38999938964844,57.38999938964844,58.5,57.11000061035156,57.90999984741211,242900
2015-06-30,57.79999923706055,57.79999923706055,58.02000045776367,57.5,57.900001525878906,193700
2015-07-01,57.790000915527344,57.790000915527344,58.40999984741211,57.65999984741211,58.189998626708984,182500
2015-07-02,57.630001068115234,57.630001068115234,58.04999923706055,57.099998474121094,58.04999923706055,123300
2015-07-06,57.849998474121094,57.849998474121094,58.16999816894531,56.7599983215332,56.97999954223633,172100
2015-07-07,57.95000076293945,57.95000076293945,58.099998474121094,57.02000045776367,58.099998474121094,141500
2015-07-08,57.91999816894531,57.91999816894531,58.119998931884766,57.459999084472656,57.59000015258789,187400
2015-07-09,57.91999816894531,57.91999816894531,58.90999984741211,57.86000061035156,58.290000915527344,123200
2015-07-10,59.09000015258789,59.09000015258789,59.290000915527344,58.27000045776367,58.5,116100
2015-07-13,59.029998779296875,59.029998779296875,59.81999969482422,58.97999954223633,59.59000015258789,84700
2015-07-14,59.130001068115234,59.130001068115234,59.27000045776367,58.72999954223633,59.150001525878906,114600
2015-07-15,60.02000045776367,60.02000045776367,60.189998626708984,58.88999938964844,59.349998474121094,111600
2015-07-16,60.77000045776367,60.77000045776367,61.0,60.29999923706055,60.380001068115234,96400
2015-07-17,60.63999938964844,60.63999938964844,60.849998474121094,59.7400016784668,60.849998474121094,76300
2015-07-20,60.41999816894531,60.41999816894531,60.93000030517578,60.34000015258789,60.869998931884766,101600
2015-07-21,59.7599983215332,59.7599983215332,60.54999923706055,59.52000045776367,60.36000061035156,97900
2015-07-22,59.630001068115234,59.630001068115234,60.0,59.52000045776367,59.65999984741211,168000
2015-07-23,59.06999969482422,59.06999969482422,59.97999954223633,58.81999969482422,59.81999969482422,90500
2015-07-24,58.25,58.25,59.16999816894531,58.130001068115234,58.93000030517578,156100
2015-07-27,58.63999938964844,58.63999938964844,58.91999816894531,57.33000183105469,58.13999938964844,114100
2015-07-28,58.709999084472656,58.709999084472656,59.16999816894531,58.08000183105469,58.59000015258789,160100
2015-07-29,59.81999969482422,59.81999969482422,60.099998474121094,58.52000045776367,58.65999984741211,98100
2015-07-30,60.06999969482422,60.06999969482422,60.38999938964844,59.349998474121094,59.61000061035156,88300
2015-07-31,60.2400016784668,60.2400016784668,60.97999954223633,60.06999969482422,60.310001373291016,86200
2015-08-03,60.27000045776367,60.27000045776367,60.779998779296875,59.439998626708984,60.31999969482422,98400
2015-08-04,61.25,61.25,61.439998626708984,59.869998931884766,60.29999923706055,186300
2015-08-05,63.29999923706055,63.29999923706055,66.05999755859375,62.20000076293945,63.40999984741211,220000
2015-08-06,62.599998474121094,62.599998474121094,64.05000305175781,61.150001525878906,63.029998779296875,250800
2015-08-07,61.97999954223633,61.97999954223633,62.470001220703125,61.119998931884766,62.27000045776367,138300
2015-08-10,62.08000183105469,62.08000183105469,62.56999969482422,60.79999923706055,62.04999923706055,268100
2015-08-11,61.45000076293945,61.45000076293945,61.72999954223633,60.810001373291016,61.34000015258789,787300
2015-08-12,62.02000045776367,62.02000045776367,62.220001220703125,60.84000015258789,61.119998931884766,308700
2015-08-13,62.04999923706055,62.04999923706055,62.630001068115234,61.7400016784668,62.40999984741211,162400
2015-08-14,62.4900016784668,62.4900016784668,62.540000915527344,61.310001373291016,61.77000045776367,216400
2015-08-17,62.810001373291016,62.810001373291016,62.86000061035156,61.45000076293945,62.470001220703125,175000
2015-08-18,62.77000045776367,62.77000045776367,63.0099983215332,62.349998474121094,62.86000061035156,179700
2015-08-19,62.689998626708984,62.689998626708984,63.11000061035156,62.38999938964844,62.56999969482422,126000
2015-08-20,61.970001220703125,61.970001220703125,62.43000030517578,61.52000045776367,62.11000061035156,117100
2015-08-21,61.439998626708984,61.439998626708984,62.369998931884766,60.29999923706055,60.9900016784668,190400
2015-08-24,59.34000015258789,59.34000015258789,60.06999969482422,58.189998626708984,59.43000030517578,324100
2015-08-25,59.970001220703125,59.970001220703125,61.029998779296875,59.68000030517578,60.77000045776367,227400
2015-08-26,61.220001220703125,61.220001220703125,61.400001525878906,59.4900016784668,60.349998474121094,164400
2015-08-27,61.93000030517578,61.93000030517578,61.97999954223633,60.630001068115234,61.459999084472656,135900
2015-08-28,61.790000915527344,61.790000915527344,61.86000061035156,60.86000061035156,61.81999969482422,110900
2015-08-31,61.119998931884766,61.119998931884766,62.43000030517578,61.04999923706055,61.529998779296875,103300
2015-09-01,60.40999984741211,60.40999984741211,61.18000030517578,60.18000030517578,60.22999954223633,200800
2015-09-02,61.779998779296875,61.779998779296875,61.91999816894531,60.70000076293945,61.220001220703125,150200
2015-09-03,64.06999969482422,64.06999969482422,64.5199966430664,61.36000061035156,61.779998779296875,349800
2015-09-04,63.47999954223633,63.47999954223633,63.93000030517578,63.13999938964844,63.439998626708984,114300
2015-09-08,65.0,65.0,65.18000030517578,63.779998779296875,64.36000061035156,177400
2015-09-09,64.9000015258789,64.9000015258789,66.16999816894531,64.2699966430664,65.30000305175781,246400
2015-09-10,64.52999877929688,64.52999877929688,65.0199966430664,63.97999954223633,64.9000015258789,164100
2015-09-11,64.87999725341797,64.87999725341797,65.41999816894531,62.869998931884766,64.16999816894531,188600
2015-09-14,64.5,64.5,65.33999633789062,64.2300033569336,65.04000091552734,98900
2015-09-15,65.91000366210938,65.91000366210938,66.29000091552734,64.87000274658203,65.0199966430664,199400
2015-09-16,65.55000305175781,65.55000305175781,66.38999938964844,65.26000213623047,66.22000122070312,163200
2015-09-17,64.77999877929688,64.77999877929688,66.30999755859375,64.66000366210938,65.68000030517578,215400
2015-09-18,64.31999969482422,64.31999969482422,65.62000274658203,63.900001525878906,64.1500015258789,213900
2015-09-21,65.0999984741211,65.0999984741211,65.91000366210938,64.52999877929688,64.88999938964844,98700
2015-09-22,64.51000213623047,64.51000213623047,64.88999938964844,63.849998474121094,64.54000091552734,109000
2015-09-23,64.77999877929688,64.77999877929688,65.05000305175781,64.16999816894531,64.7300033569336,76100
2015-09-24,64.7699966430664,64.7699966430664,65.18000030517578,64.08999633789062,64.18000030517578,207300
2015-09-25,65.26000213623047,65.26000213623047,66.5199966430664,65.0199966430664,65.0999984741211,276500
2015-09-28,64.51000213623047,64.51000213623047,65.25,64.3499984741211,65.0199966430664,207600
2015-09-29,63.689998626708984,63.689998626708984,64.8499984741211,63.41999816894531,64.76000213623047,180400
2015-09-30,64.23999786376953,64.23999786376953,64.4800033569336,63.13999938964844,64.22000122070312,381400
2015-10-01,63.91999816894531,63.91999816894531,64.4000015258789,63.220001220703125,64.2300033569336,102700
2015-10-02,63.5099983215332,63.5099983215332,63.65999984741211,62.130001068115234,63.560001373291016,129300
2015-10-05,64.80000305175781,64.80000305175781,65.0,63.900001525878906,64.0,99900
2015-10-06,63.900001525878906,63.900001525878906,64.94999694824219,63.63999938964844,64.87000274658203,88200
2015-10-07,65.18000030517578,65.18000030517578,65.27999877929688,64.06999969482422,64.18000030517578,99000
2015-10-08,64.47000122070312,64.47000122070312,65.0,64.38999938964844,64.88999938964844,153700
2015-10-09,63.849998474121094,63.849998474121094,64.86000061035156,63.630001068115234,64.52999877929688,154700
2015-10-12,64.23999786376953,64.23999786376953,64.87999725341797,63.95000076293945,64.0199966430664,381700
2015-10-13,63.65999984741211,63.65999984741211,64.02999877929688,63.54999923706055,63.93000030517578,132800
2015-10-14,62.810001373291016,62.810001373291016,64.22000122070312,62.70000076293945,63.599998474121094,131800
2015-10-15,64.4800033569336,64.4800033569336,64.5199966430664,62.599998474121094,63.0099983215332,172700
2015-10-16,64.7300033569336,64.7300033569336,65.0,63.869998931884766,64.58999633789062,102900
2015-10-19,64.12000274658203,64.12000274658203,64.5999984741211,62.939998626708984,64.54000091552734,82700
2015-10-20,64.63999938964844,64.63999938964844,64.73999786376953,63.9900016784668,63.9900016784668,108100
2015-10-21,62.400001525878906,62.400001525878906,64.8499984741211,62.2599983215332,64.80000305175781,128200
2015-10-22,62.959999084472656,62.959999084472656,63.040000915527344,61.310001373291016,62.40999984741211,172700
2015-10-23,65.0199966430664,65.0199966430664,65.0199966430664,62.900001525878906,63.29999923706055,123700
2015-10-26,64.44000244140625,64.44000244140625,65.62000274658203,64.33999633789062,65.0,101900
2015-10-27,63.59000015258789,63.59000015258789,64.63999938964844,63.439998626708984,64.29000091552734,101100
2015-10-28,64.52999877929688,64.52999877929688,64.80999755859375,63.5099983215332,63.79999923706055,159200
2015-10-29,64.54000091552734,64.54000091552734,64.81999969482422,63.869998931884766,64.31999969482422,69300
2015-10-30,64.0199966430664,64.0199966430664,64.93000030517578,63.619998931884766,64.41999816894531,85400
2015-11-02,63.93000030517578,63.93000030517578,64.72000122070312,63.630001068115234,64.12000274658203,103200
2015-11-03,62.060001373291016,62.060001373291016,63.79999923706055,61.97999954223633,63.79999923706055,360900
2015-11-04,61.970001220703125,61.970001220703125,62.33000183105469,61.150001525878906,62.310001373291016,590700
2015-11-05,61.31999969482422,61.31999969482422,62.4900016784668,60.959999084472656,62.060001373291016,303900
2015-11-06,64.54000091552734,64.54000091552734,66.0,59.849998474121094,60.099998474121094,468500
2015-11-09,63.290000915527344,63.290000915527344,64.7699966430664,62.77000045776367,64.63999938964844,195100
2015-11-10,63.849998474121094,63.849998474121094,64.25,62.88999938964844,63.13999938964844,146500
2015-11-11,63.33000183105469,63.33000183105469,64.23999786376953,63.31999969482422,64.0,59800
2015-11-12,62.4900016784668,62.4900016784668,64.13999938964844,62.33000183105469,63.189998626708984,130100
2015-11-13,61.97999954223633,61.97999954223633,62.75,61.47999954223633,62.16999816894531,135500
2015-11-16,62.58000183105469,62.58000183105469,62.72999954223633,61.75,61.959999084472656,93700
2015-11-17,63.810001373291016,63.810001373291016,63.900001525878906,61.939998626708984,62.61000061035156,216400
2015-11-18,64.87999725341797,64.87999725341797,65.02999877929688,63.29999923706055,64.0,163100
2015-11-19,65.30000305175781,65.30000305175781,65.37999725341797,63.029998779296875,63.29999923706055,1150900
2015-11-20,64.98999786376953,64.98999786376953,66.30999755859375,64.61000061035156,65.62999725341797,174700
2015-11-23,66.0,66.0,66.37000274658203,64.3499984741211,65.0,288000
2015-11-24,66.94000244140625,66.94000244140625,67.0,65.11000061035156,65.55999755859375,193200
2015-11-25,68.58000183105469,68.58000183105469,69.08999633789062,66.94000244140625,67.0,301800
2015-11-27,67.98999786376953,67.98999786376953,68.9000015258789,67.93000030517578,68.62999725341797,406400
2015-11-30,66.33000183105469,66.33000183105469,68.25,66.08999633789062,68.19000244140625,295200
2015-12-01,66.69999694824219,66.69999694824219,66.91999816894531,66.11000061035156,66.66000366210938,137500
2015-12-02,65.95999908447266,65.95999908447266,66.87000274658203,65.87999725341797,66.73999786376953,127900
2015-12-03,65.37999725341797,65.37999725341797,66.62999725341797,65.13999938964844,66.18000030517578,236000
2015-12-04,66.08999633789062,66.08999633789062,66.12999725341797,65.04000091552734,65.37999725341797,176400
2015-12-07,65.62999725341797,65.62999725341797,66.12000274658203,65.29000091552734,66.08999633789062,154500
2015-12-08,65.27999877929688,65.27999877929688,65.80000305175781,64.86000061035156,65.33999633789062,77500
2015-12-09,64.7699966430664,64.7699966430664,65.16999816894531,63.970001220703125,65.02999877929688,131200
2015-12-10,65.37999725341797,65.37999725341797,66.05000305175781,64.26000213623047,64.72000122070312,131200
2015-12-11,64.1500015258789,64.1500015258789,65.37000274658203,63.79999923706055,64.36000061035156,101400
2015-12-14,64.23999786376953,64.23999786376953,64.6500015258789,63.54999923706055,63.880001068115234,170500
2015-12-15,64.31999969482422,64.31999969482422,65.2300033569336,64.11000061035156,64.5999984741211,197600
2015-12-16,65.29000091552734,65.29000091552734,65.62000274658203,63.93000030517578,64.68000030517578,191200
2015-12-17,64.76000213623047,64.76000213623047,65.68000030517578,64.66999816894531,65.5199966430664,143300
2015-12-18,63.459999084472656,63.459999084472656,64.43000030517578,62.880001068115234,64.43000030517578,374300
2015-12-21,63.45000076293945,63.45000076293945,64.19000244140625,63.0,63.790000915527344,197000
2015-12-22,63.189998626708984,63.189998626708984,63.66999816894531,62.9900016784668,63.66999816894531,197100
2015-12-23,66.94999694824219,66.94999694824219,67.19999694824219,63.380001068115234,63.380001068115234,274900
2015-12-24,66.80000305175781,66.80000305175781,67.56999969482422,65.27999877929688,67.4000015258789,131000
2015-12-28,67.31999969482422,67.31999969482422,67.44999694824219,66.13999938964844,66.47000122070312,127300
2015-12-29,68.37000274658203,68.37000274658203,68.69000244140625,67.2699966430664,67.62999725341797,199900
2015-12-30,67.58000183105469,67.58000183105469,68.69000244140625,67.51000213623047,68.19999694824219,124000
2015-12-31,66.80000305175781,66.80000305175781,67.5999984741211,66.62999725341797,67.26000213623047,244000
2016-01-04,64.76000213623047,64.76000213623047,65.75,64.51000213623047,65.5999984741211,266000
2016-01-05,65.25,65.25,65.88999938964844,64.62999725341797,64.91000366210938,150400
2016-01-06,64.86000061035156,64.86000061035156,66.06999969482422,64.55999755859375,64.58000183105469,167300
2016-01-07,62.52000045776367,62.52000045776367,64.16999816894531,62.34000015258789,64.0199966430664,157700
2016-01-08,61.880001068115234,61.880001068115234,62.93000030517578,61.720001220703125,62.779998779296875,220700
2016-01-11,62.83000183105469,62.83000183105469,63.22999954223633,61.9900016784668,62.279998779296875,154100
2016-01-12,62.209999084472656,62.209999084472656,63.380001068115234,61.900001525878906,63.380001068115234,238700
2016-01-13,60.59000015258789,60.59000015258789,62.40999984741211,60.18000030517578,62.209999084472656,163400
2016-01-14,63.599998474121094,63.599998474121094,63.779998779296875,60.77000045776367,60.77000045776367,278600
2016-01-15,63.189998626708984,63.189998626708984,63.5099983215332,61.72999954223633,62.34000015258789,304800
2016-01-19,63.459999084472656,63.459999084472656,64.18000030517578,62.9900016784668,63.529998779296875,224900
2016-01-20,64.51000213623047,64.51000213623047,65.01000213623047,62.34000015258789,62.34000015258789,411400
2016-01-21,63.970001220703125,63.970001220703125,64.75,63.56999969482422,64.66000366210938,247400
2016-01-22,66.54000091552734,66.54000091552734,66.55999755859375,64.52999877929688,64.56999969482422,286500
2016-01-25,66.5,66.5,66.76000213623047,65.52999877929688,66.58000183105469,246000
2016-01-26,66.20999908447266,66.20999908447266,66.88999938964844,65.30999755859375,66.66999816894531,208700
2016-01-27,66.0199966430664,66.0199966430664,67.4000015258789,65.62999725341797,65.91999816894531,192700
2016-01-28,66.2699966430664,66.2699966430664,67.36000061035156,65.91999816894531,66.5999984741211,175100
2016-01-29,70.16999816894531,70.16999816894531,70.25,66.30000305175781,66.58000183105469,442900
2016-02-01,69.62000274658203,69.62000274658203,70.58999633789062,69.04000091552734,70.20999908447266,234500
2016-02-02,68.44000244140625,68.44000244140625,69.86000061035156,67.97000122070312,69.05999755859375,267200
2016-02-03,67.91999816894531,67.91999816894531,69.5999984741211,66.87999725341797,69.5999984741211,220200
2016-02-04,66.23999786376953,66.23999786376953,67.83000183105469,65.7699966430664,67.58000183105469,196400
2016-02-05,64.02999877929688,64.02999877929688,66.80000305175781,63.900001525878906,66.02999877929688,439900
2016-02-08,62.29999923706055,62.29999923706055,64.31999969482422,61.540000915527344,63.81999969482422,688800
2016-02-09,61.84000015258789,61.84000015258789,66.19000244140625,60.72999954223633,62.939998626708984,681800
2016-02-10,62.060001373291016,62.060001373291016,63.68000030517578,61.59000015258789,62.15999984741211,455200
2016-02-11,63.0099983215332,63.0099983215332,63.5,61.33000183105469,61.47999954223633,347800
2016-02-12,62.65999984741211,62.65999984741211,64.2699966430664,62.09000015258789,63.439998626708984,228100
2016-02-16,64.18000030517578,64.18000030517578,64.94999694824219,62.689998626708984,63.0099983215332,346200
2016-02-17,64.61000061035156,64.61000061035156,64.97000122070312,63.90999984741211,64.55000305175781,315300
2016-02-18,63.290000915527344,63.290000915527344,64.76000213623047,63.13999938964844,64.54000091552734,142600
2016-02-19,64.18000030517578,64.18000030517578,64.9000015258789,62.959999084472656,63.22999954223633,283200
2016-02-22,63.869998931884766,63.869998931884766,64.95999908447266,63.5099983215332,64.62999725341797,153200
2016-02-23,63.08000183105469,63.08000183105469,63.599998474121094,62.529998779296875,63.38999938964844,137700
2016-02-24,63.720001220703125,63.720001220703125,64.19000244140625,61.959999084472656,62.369998931884766,155700
2016-02-25,64.55000305175781,64.55000305175781,64.87999725341797,63.689998626708984,64.0,111300
2016-02-26,63.900001525878906,63.900001525878906,64.77999877929688,63.47999954223633,64.66000366210938,194400
2016-02-29,63.369998931884766,63.369998931884766,63.97999954223633,63.189998626708984,63.810001373291016,174500
2016-03-01,64.25,64.25,64.45999908447266,63.5099983215332,63.849998474121094,220500
2016-03-02,64.66000366210938,64.66000366210938,65.16000366210938,63.970001220703125,64.12999725341797,191000
2016-03-03,64.37000274658203,64.37000274658203,64.72000122070312,63.65999984741211,64.58000183105469,163900
2016-03-04,64.55000305175781,64.55000305175781,64.55000305175781,63.5,64.4000015258789,124600
2016-03-07,64.69000244140625,64.69000244140625,64.9000015258789,63.86000061035156,64.06999969482422,230900
2016-03-08,64.0999984741211,64.0999984741211,65.08000183105469,63.66999816894531,64.37999725341797,184600
2016-03-09,64.16999816894531,64.16999816894531,64.98999786376953,63.90999984741211,64.27999877929688,145800
2016-03-10,64.2300033569336,64.2300033569336,64.72000122070312,63.29999923706055,64.16999816894531,206600
2016-03-11,63.9900016784668,63.9900016784668,65.0999984741211,63.61000061035156,64.86000061035156,219100
2016-03-14,63.790000915527344,63.790000915527344,64.33000183105469,63.189998626708984,63.66999816894531,146800
2016-03-15,64.2300033569336,64.2300033569336,65.38999938964844,63.08000183105469,63.349998474121094,327500
2016-03-16,65.0,65.0,65.29000091552734,63.95000076293945,63.95000076293945,150100
2016-03-17,64.94999694824219,64.94999694824219,65.37000274658203,64.4800033569336,64.83999633789062,229800
2016-03-18,63.93000030517578,63.93000030517578,65.31999969482422,63.7599983215332,65.2699966430664,266700
2016-03-21,63.86000061035156,63.86000061035156,64.26000213623047,63.38999938964844,63.52000045776367,200200
2016-03-22,63.31999969482422,63.31999969482422,64.1500015258789,63.060001373291016,63.380001068115234,142500
2016-03-23,63.33000183105469,63.33000183105469,63.689998626708984,62.970001220703125,63.279998779296875,133300
2016-03-24,63.97999954223633,63.97999954223633,64.04000091552734,63.150001525878906,63.2400016784668,139400
2016-03-28,62.630001068115234,62.630001068115234,63.90999984741211,62.29999923706055,63.790000915527344,215800
2016-03-29,63.5,63.5,63.619998931884766,62.63999938964844,62.720001220703125,233400
2016-03-30,63.25,63.25,63.939998626708984,62.63999938964844,63.540000915527344,267500
2016-03-31,64.77999877929688,64.77999877929688,64.86000061035156,62.91999816894531,63.15999984741211,515100
2016-04-01,64.66999816894531,64.66999816894531,64.97000122070312,63.90999984741211,64.1500015258789,168100
2016-04-04,64.16000366210938,64.16000366210938,64.83000183105469,64.0199966430664,64.83000183105469,137600
2016-04-05,63.41999816894531,63.41999816894531,64.08000183105469,63.209999084472656,63.560001373291016,179500
2016-04-06,64.63999938964844,64.63999938964844,64.7699966430664,63.34000015258789,63.34000015258789,169000
2016-04-07,63.869998931884766,63.869998931884766,64.44000244140625,63.47999954223633,64.44000244140625,156600
2016-04-08,64.1500015258789,64.1500015258789,64.66000366210938,63.70000076293945,64.08000183105469,90000
2016-04-11,63.79999923706055,63.79999923706055,64.44000244140625,63.72999954223633,64.25,140800
2016-04-12,64.04000091552734,64.04000091552734,64.41000366210938,63.72999954223633,63.79999923706055,100100
2016-04-13,64.93000030517578,64.93000030517578,64.97000122070312,64.05000305175781,64.37999725341797,91000
2016-04-14,65.18000030517578,65.18000030517578,65.25,64.47000122070312,65.19000244140625,161400
2016-04-15,65.0999984741211,65.0999984741211,65.4000015258789,64.54000091552734,65.04000091552734,232800
2016-04-18,65.31999969482422,65.31999969482422,65.4000015258789,64.80999755859375,64.80999755859375,179400
2016-04-19,64.83999633789062,64.83999633789062,65.44000244140625,64.4800033569336,65.44000244140625,197700
2016-04-20,64.44999694824219,64.44999694824219,64.7300033569336,63.439998626708984,64.68000030517578,124500
2016-04-21,64.5,64.5,64.5999984741211,63.779998779296875,64.25,114300
2016-04-22,64.62999725341797,64.62999725341797,65.05999755859375,64.01000213623047,64.2300033569336,208500
2016-04-25,64.55000305175781,64.55000305175781,64.62999725341797,64.08000183105469,64.41999816894531,293200
2016-04-26,65.62999725341797,65.62999725341797,65.83999633789062,64.5199966430664,64.55000305175781,193400
2016-04-27,66.26000213623047,66.26000213623047,66.4800033569336,65.44000244140625,65.5,147800
2016-04-28,65.98999786376953,65.98999786376953,66.52999877929688,65.7300033569336,66.12000274658203,152200
2016-04-29,65.62000274658203,65.62000274658203,66.27999877929688,65.16999816894531,66.0999984741211,139100
2016-05-02,66.18000030517578,66.18000030517578,66.22000122070312,65.37000274658203,65.72000122070312,145100
2016-05-03,65.30000305175781,65.30000305175781,66.56999969482422,65.11000061035156,65.62000274658203,187600
2016-05-04,66.0,66.0,67.0,64.7300033569336,64.91000366210938,279900
2016-05-05,64.79000091552734,64.79000091552734,66.36000061035156,64.6500015258789,66.0199966430664,268500
2016-05-06,64.54000091552734,64.54000091552734,65.3499984741211,64.0199966430664,64.69000244140625,326000
2016-05-09,65.76000213623047,65.76000213623047,66.87999725341797,64.11000061035156,64.7300033569336,230700
2016-05-10,65.81999969482422,65.81999969482422,66.52999877929688,65.4000015258789,66.12000274658203,151900
2016-05-11,65.22000122070312,65.22000122070312,66.27999877929688,65.13999938964844,65.41999816894531,110100
2016-05-12,65.75,65.75,66.0999984741211,65.04000091552734,65.55999755859375,118900
2016-05-13,65.81999969482422,65.81999969482422,66.11000061035156,64.13999938964844,66.05000305175781,889500
2016-05-16,65.56999969482422,65.56999969482422,66.05000305175781,65.06999969482422,65.9000015258789,302200
2016-05-17,63.79999923706055,63.79999923706055,65.58999633789062,63.38999938964844,65.58999633789062,314000
2016-05-18,64.41000366210938,64.41000366210938,64.66999816894531,63.63999938964844,63.7400016784668,192900
2016-05-19,64.5,64.5,64.75,63.150001525878906,64.18000030517578,159200
2016-05-20,64.44000244140625,64.44000244140625,65.06999969482422,64.13999938964844,64.72000122070312,156100
2016-05-23,64.20999908447266,64.20999908447266,64.88999938964844,64.16000366210938,64.26000213623047,187800
2016-05-24,65.18000030517578,65.18000030517578,65.33999633789062,64.25,64.25,188700
2016-05-25,64.38999938964844,64.38999938964844,65.37000274658203,64.0199966430664,65.1500015258789,264600
2016-05-26,64.2699966430664,64.2699966430664,64.55000305175781,63.84000015258789,64.37000274658203,229700
2016-05-27,65.08000183105469,65.08000183105469,65.18000030517578,64.13999938964844,64.13999938964844,122600
2016-05-31,64.79000091552734,64.79000091552734,65.29000091552734,64.48999786376953,64.87000274658203,179900
2016-06-01,65.16999816894531,65.16999816894531,65.18000030517578,64.4000015258789,64.63999938964844,224700
2016-06-02,65.4000015258789,65.4000015258789,65.6500015258789,64.86000061035156,64.86000061035156,148800
2016-06-03,65.43000030517578,65.43000030517578,65.69999694824219,64.31999969482422,65.2699966430664,166300
2016-06-06,65.66000366210938,65.66000366210938,66.0,65.33000183105469,65.72000122070312,120300
2016-06-07,65.30000305175781,65.30000305175781,65.88999938964844,64.87000274658203,65.44999694824219,174900
2016-06-08,65.20999908447266,65.20999908447266,65.41999816894531,64.41000366210938,65.1500015258789,226300
2016-06-09,65.33000183105469,65.33000183105469,65.6500015258789,65.0,65.0,191000
2016-06-10,64.94000244140625,64.94000244140625,65.97000122070312,64.73999786376953,64.98999786376953,224600
2016-06-13,64.98999786376953,64.98999786376953,65.77999877929688,64.83999633789062,65.02999877929688,227500
2016-06-14,65.12000274658203,65.12000274658203,65.5,64.66000366210938,64.93000030517578,308500
2016-06-15,65.37000274658203,65.37000274658203,65.58000183105469,64.62999725341797,65.0199966430664,230400
2016-06-16,65.80000305175781,65.80000305175781,65.86000061035156,64.80999755859375,65.3499984741211,190300
2016-06-17,64.80999755859375,64.80999755859375,65.94000244140625,64.79000091552734,65.94000244140625,468100
2016-06-20,67.0999984741211,67.0999984741211,67.11000061035156,65.11000061035156,65.12000274658203,357900
2016-06-21,67.08999633789062,67.08999633789062,67.44000244140625,66.83000183105469,66.91000366210938,146000
2016-06-22,65.95999908447266,65.95999908447266,67.19999694824219,65.81999969482422,67.19999694824219,180900
2016-06-23,66.19000244140625,66.19000244140625,66.22000122070312,65.41000366210938,66.0,304500
2016-06-24,64.9800033569336,64.9800033569336,65.9000015258789,63.369998931884766,64.20999908447266,1034200
2016-06-27,64.23999786376953,64.23999786376953,64.69999694824219,63.34000015258789,64.69999694824219,251600
2016-06-28,64.48999786376953,64.48999786376953,65.11000061035156,63.790000915527344,64.97000122070312,263200
2016-06-29,64.62000274658203,64.62000274658203,65.27999877929688,64.22000122070312,65.06999969482422,189500
2016-06-30,66.30999755859375,66.30999755859375,66.33000183105469,64.38999938964844,64.5199966430664,281300
2016-07-01,66.37000274658203,66.37000274658203,66.94000244140625,65.83000183105469,66.0,238000
2016-07-05,66.75,66.75,67.04000091552734,66.01000213623047,66.02999877929688,199100
2016-07-06,66.5999984741211,66.5999984741211,67.0999984741211,66.36000061035156,66.56999969482422,275900
2016-07-07,66.41999816894531,66.41999816894531,67.18000030517578,66.41999816894531,66.63999938964844,237600
2016-07-08,67.45999908447266,67.45999908447266,68.0,66.58000183105469,66.76000213623047,362500
2016-07-11,67.33999633789062,67.33999633789062,68.02999877929688,67.27999877929688,67.73999786376953,201800
2016-07-12,67.8499984741211,67.8499984741211,68.06999969482422,67.22000122070312,67.5999984741211,227900
2016-07-13,67.27999877929688,67.27999877929688,68.22000122070312,67.18000030517578,67.76000213623047,173500
2016-07-14,67.66999816894531,67.66999816894531,68.26000213623047,67.27999877929688,67.27999877929688,163800
2016-07-15,67.41999816894531,67.41999816894531,67.98999786376953,67.16999816894531,67.98999786376953,86900
2016-07-18,67.72000122070312,67.72000122070312,67.94000244140625,67.58000183105469,67.58000183105469,145800
2016-07-19,67.91999816894531,67.91999816894531,68.08999633789062,67.55999755859375,67.58999633789062,127800
2016-07-20,67.8499984741211,67.8499984741211,68.20999908447266,67.75,67.80000305175781,138500
2016-07-21,67.30000305175781,67.30000305175781,68.0,67.19000244140625,67.94000244140625,115300
2016-07-22,67.83000183105469,67.83000183105469,68.05000305175781,67.51000213623047,67.56999969482422,129700
2016-07-25,67.29000091552734,67.29000091552734,68.05000305175781,67.20999908447266,67.83000183105469,131500
2016-07-26,67.8499984741211,67.8499984741211,67.94000244140625,66.9800033569336,67.37000274658203,180100
2016-07-27,67.48999786376953,67.48999786376953,67.69000244140625,66.81999969482422,67.69000244140625,81000
2016-07-28,67.5999984741211,67.5999984741211,67.87000274658203,67.16999816894531,67.58000183105469,116700
2016-07-29,67.06999969482422,67.06999969482422,67.88999938964844,67.0,67.62999725341797,271200
2016-08-01,66.6500015258789,66.6500015258789,67.43000030517578,66.4000015258789,67.01000213623047,244500
2016-08-02,65.52999877929688,65.52999877929688,66.55999755859375,65.2300033569336,66.55999755859375,315400
2016-08-03,65.19999694824219,65.19999694824219,65.7300033569336,65.1500015258789,65.69000244140625,236100
2016-08-04,63.900001525878906,63.900001525878906,65.3499984741211,63.400001525878906,64.0,803800
2016-08-05,65.91999816894531,65.91999816894531,67.54000091552734,63.68000030517578,63.900001525878906,641400
2016-08-08,65.87000274658203,65.87000274658203,66.51000213623047,65.58000183105469,65.93000030517578,234300
2016-08-09,66.30000305175781,66.30000305175781,66.6500015258789,65.41000366210938,65.75,217600
2016-08-10,65.23999786376953,65.23999786376953,66.3499984741211,65.0999984741211,66.25,217500
2016-08-11,65.38999938964844,65.38999938964844,65.55000305175781,64.98999786376953,65.25,151400
2016-08-12,65.31999969482422,65.31999969482422,65.38999938964844,65.0199966430664,65.30999755859375,114500
2016-08-15,68.27999877929688,68.27999877929688,68.30000305175781,66.23999786376953,67.0,433400
2016-08-16,67.5,67.5,68.3499984741211,67.45999908447266,68.22000122070312,366300
2016-08-17,67.30000305175781,67.30000305175781,67.81999969482422,66.8499984741211,67.27999877929688,190800
2016-08-18,67.27999877929688,67.27999877929688,67.69000244140625,67.05999755859375,67.38999938964844,198100
2016-08-19,67.62000274658203,67.62000274658203,67.80000305175781,66.83999633789062,67.22000122070312,169700
2016-08-22,69.11000061035156,69.11000061035156,69.2300033569336,67.31999969482422,67.33000183105469,259200
2016-08-23,69.80999755859375,69.80999755859375,69.94999694824219,69.05000305175781,69.36000061035156,310100
2016-08-24,68.81999969482422,68.81999969482422,69.7300033569336,68.44999694824219,69.7300033569336,353500
2016-08-25,68.69999694824219,68.69999694824219,69.11000061035156,68.33000183105469,68.48999786376953,144100
2016-08-26,68.44000244140625,68.44000244140625,69.0999984741211,68.08999633789062,68.44000244140625,153800
2016-08-29,68.55000305175781,68.55000305175781,68.91000366210938,68.41000366210938,68.7699966430664,114300
2016-08-30,68.05999755859375,68.05999755859375,68.68000030517578,67.66999816894531,68.68000030517578,119000
2016-08-31,68.16000366210938,68.16000366210938,68.5,67.63999938964844,68.16000366210938,166400
2016-09-01,68.02999877929688,68.02999877929688,68.29000091552734,67.58999633789062,67.91999816894531,146800
2016-09-02,68.4800033569336,68.4800033569336,68.58999633789062,67.7699966430664,68.38999938964844,183500
2016-09-06,68.37000274658203,68.37000274658203,68.79000091552734,68.08000183105469,68.79000091552734,98000
2016-09-07,68.7699966430664,68.7699966430664,69.0199966430664,68.08000183105469,68.3499984741211,284300
2016-09-08,68.23999786376953,68.23999786376953,68.72000122070312,68.1500015258789,68.72000122070312,102800
2016-09-09,68.01000213623047,68.01000213623047,68.37999725341797,67.44999694824219,68.0,186100
2016-09-12,68.54000091552734,68.54000091552734,68.55000305175781,67.58999633789062,67.93000030517578,139300
2016-09-13,67.6500015258789,67.6500015258789,68.66999816894531,67.20999908447266,67.94000244140625,156700
2016-09-14,67.6500015258789,67.6500015258789,68.2699966430664,67.47000122070312,67.7300033569336,112800
2016-09-15,68.33999633789062,68.33999633789062,68.36000061035156,66.4800033569336,67.6500015258789,116300
2016-09-16,67.76000213623047,67.76000213623047,68.45999908447266,67.5199966430664,68.45999908447266,298300
2016-09-19,67.33999633789062,67.33999633789062,67.94999694824219,67.0,67.73999786376953,167400
2016-09-20,66.8499984741211,66.8499984741211,67.72000122070312,66.73999786376953,67.58999633789062,152100
2016-09-21,67.47000122070312,67.47000122070312,67.66000366210938,66.3499984741211,67.0199966430664,169800
2016-09-22,68.25,68.25,68.5,67.52999877929688,67.7699966430664,137000
2016-09-23,67.76000213623047,67.76000213623047,68.58999633789062,67.6500015258789,68.25,255500
2016-09-26,66.95999908447266,66.95999908447266,67.86000061035156,66.94000244140625,67.79000091552734,137000
2016-09-27,66.68000030517578,66.68000030517578,67.0,66.58999633789062,66.75,240200
2016-09-28,66.54000091552734,66.54000091552734,66.79000091552734,66.37999725341797,66.55999755859375,99100
2016-09-29,66.08999633789062,66.08999633789062,66.75,65.9800033569336,66.75,133600
2016-09-30,66.88999938964844,66.88999938964844,67.25,65.98999786376953,66.37999725341797,313100
2016-10-03,66.69000244140625,66.69000244140625,67.18000030517578,66.61000061035156,66.62999725341797,187700
2016-10-04,66.62000274658203,66.62000274658203,66.94999694824219,66.33999633789062,66.68000030517578,69000
2016-10-05,66.26000213623047,66.26000213623047,67.11000061035156,66.2300033569336,66.77999877929688,120900
2016-10-06,66.08000183105469,66.08000183105469,66.66999816894531,65.98999786376953,66.1500015258789,105700
2016-10-07,65.30999755859375,65.30999755859375,66.08000183105469,65.16000366210938,65.97000122070312,119300
2016-10-10,65.9800033569336,65.9800033569336,66.06999969482422,65.54000091552734,65.66000366210938,117600
2016-10-11,66.0199966430664,66.0199966430664,66.30000305175781,65.81999969482422,65.98999786376953,139900
2016-10-12,66.18000030517578,66.18000030517578,66.43000030517578,65.7699966430664,66.08000183105469,102800
2016-10-13,66.04000091552734,66.04000091552734,66.37000274658203,65.16000366210938,65.7699966430664,151300
2016-10-14,65.20999908447266,65.20999908447266,66.23999786376953,65.18000030517578,65.7699966430664,202400
2016-10-17,64.61000061035156,64.61000061035156,65.18000030517578,64.54000091552734,65.0,195100
2016-10-18,65.2300033569336,65.2300033569336,65.37999725341797,64.93000030517578,64.9800033569336,115600
2016-10-19,66.80000305175781,66.80000305175781,66.95999908447266,65.73999786376953,65.81999969482422,173200
2016-10-20,66.18000030517578,66.18000030517578,66.51000213623047,65.51000213623047,66.26000213623047,124500
2016-10-21,66.58999633789062,66.58999633789062,66.83000183105469,65.62000274658203,65.62000274658203,91200
2016-10-24,67.30000305175781,67.30000305175781,67.81999969482422,66.87000274658203,67.0,294200
2016-10-25,67.19000244140625,67.19000244140625,67.94000244140625,67.0199966430664,67.2699966430664,326500
2016-10-26,66.98999786376953,66.98999786376953,67.25,66.62000274658203,66.9800033569336,257900
2016-10-27,66.95999908447266,66.95999908447266,67.37000274658203,66.48999786376953,67.37000274658203,136300
2016-10-28,66.52999877929688,66.52999877929688,67.23999786376953,66.44000244140625,66.80000305175781,103100
2016-10-31,66.91000366210938,66.91000366210938,67.08999633789062,66.19999694824219,66.66999816894531,208100
2016-11-01,66.19000244140625,66.19000244140625,66.80000305175781,65.93000030517578,66.72000122070312,185300
2016-11-02,62.7400016784668,62.7400016784668,64.0199966430664,59.0,59.0,1439100
2016-11-03,62.77000045776367,62.77000045776367,63.56999969482422,62.529998779296875,62.68000030517578,504300
2016-11-04,63.099998474121094,63.099998474121094,64.16999816894531,62.650001525878906,62.93000030517578,484900
2016-11-07,63.630001068115234,63.630001068115234,64.0199966430664,62.88999938964844,63.63999938964844,393200
2016-11-08,63.86000061035156,63.86000061035156,64.08000183105469,63.20000076293945,63.459999084472656,374500
2016-11-09,66.37000274658203,66.37000274658203,66.54000091552734,62.54999923706055,63.25,361600
2016-11-10,69.88999938964844,69.88999938964844,69.98999786376953,67.3499984741211,68.0,610600
2016-11-11,71.72000122070312,71.72000122070312,72.05999755859375,69.87000274658203,70.0,582800
2016-11-14,71.86000061035156,71.86000061035156,72.80000305175781,71.5,72.0,275100
2016-11-15,70.75,70.75,71.80000305175781,70.56999969482422,71.80000305175781,201400
2016-11-16,70.80000305175781,70.80000305175781,71.27999877929688,70.11000061035156,70.58999633789062,281600
2016-11-17,70.12000274658203,70.12000274658203,71.51000213623047,69.91999816894531,70.79000091552734,313000
2016-11-18,71.33000183105469,71.33000183105469,71.41999816894531,70.27999877929688,70.27999877929688,153900
2016-11-21,72.30000305175781,72.30000305175781,72.30000305175781,71.0,71.6500015258789,350300
2016-11-22,69.83000183105469,69.83000183105469,71.08999633789062,69.80000305175781,70.45999908447266,1008800
2016-11-23,70.11000061035156,70.11000061035156,70.33000183105469,69.66999816894531,69.98999786376953,243500
2016-11-25,70.16000366210938,70.16000366210938,70.93000030517578,69.76000213623047,70.30000305175781,226600
2016-11-28,69.91999816894531,69.91999816894531,70.4000015258789,69.72000122070312,70.04000091552734,187300
2016-11-29,69.80000305175781,69.80000305175781,70.4800033569336,69.54000091552734,70.2300033569336,267200
2016-11-30,68.81999969482422,68.81999969482422,70.22000122070312,68.79000091552734,69.94999694824219,221400
2016-12-01,67.6500015258789,67.6500015258789,68.75,67.3499984741211,68.5199966430664,319300
2016-12-02,68.33000183105469,68.33000183105469,68.54000091552734,66.98999786376953,67.7300033569336,453700
2016-12-05,69.0199966430664,69.0199966430664,69.31999969482422,68.33999633789062,68.44999694824219,332500
2016-12-06,69.19999694824219,69.19999694824219,69.63999938964844,68.51000213623047,68.94000244140625,206900
2016-12-07,69.86000061035156,69.86000061035156,70.12000274658203,69.05999755859375,69.06999969482422,164000
2016-12-08,71.19000244140625,71.19000244140625,71.31999969482422,69.70999908447266,70.0,305400
2016-12-09,70.9000015258789,70.9000015258789,71.3499984741211,70.63999938964844,71.19999694824219,322500
2016-12-12,70.16000366210938,70.16000366210938,70.58000183105469,69.88999938964844,70.58000183105469,292200
2016-12-13,69.4800033569336,69.4800033569336,70.69999694824219,69.43000030517578,70.23999786376953,356600
2016-12-14,69.0999984741211,69.0999984741211,69.86000061035156,69.04000091552734,69.54000091552734,197100
2016-12-15,69.20999908447266,69.20999908447266,70.0199966430664,68.61000061035156,69.30999755859375,254900
2016-12-16,69.13999938964844,69.13999938964844,69.75,69.08000183105469,69.55000305175781,576400
2016-12-19,70.23999786376953,70.23999786376953,70.25,69.51000213623047,69.51000213623047,184000
2016-12-20,70.52999877929688,70.52999877929688,70.52999877929688,69.87999725341797,70.47000122070312,242400
2016-12-21,69.81999969482422,69.81999969482422,70.75,69.81999969482422,70.33000183105469,312200
2016-12-22,69.44999694824219,69.44999694824219,70.1500015258789,69.22000122070312,70.1500015258789,104200
2016-12-23,69.1500015258789,69.1500015258789,69.69000244140625,68.94999694824219,69.27999877929688,83800
2016-12-27,69.45999908447266,69.45999908447266,69.73999786376953,69.08000183105469,69.58999633789062,113100
2016-12-28,69.66999816894531,69.66999816894531,70.37999725341797,69.16999816894531,69.33999633789062,211600
2016-12-29,70.06999969482422,70.06999969482422,70.13999938964844,69.75,69.88999938964844,276500
2016-12-30,70.0199966430664,70.0199966430664,70.29000091552734,69.69000244140625,70.16000366210938,254100
2017-01-03,69.18000030517578,69.18000030517578,70.27999877929688,68.7699966430664,70.0199966430664,346900
2017-01-04,70.30000305175781,70.30000305175781,70.4800033569336,69.1500015258789,69.1500015258789,219100
2017-01-05,70.69000244140625,70.69000244140625,70.83000183105469,70.12000274658203,70.36000061035156,796900
2017-01-06,70.91000366210938,70.91000366210938,71.55000305175781,70.0,70.25,359100
2017-01-09,71.01000213623047,71.01000213623047,71.11000061035156,70.36000061035156,70.58000183105469,444800
2017-01-10,71.27999877929688,71.27999877929688,71.76000213623047,71.08000183105469,71.08000183105469,191400
2017-01-11,71.20999908447266,71.20999908447266,71.41999816894531,70.5999984741211,71.0999984741211,169000
2017-01-12,70.83000183105469,70.83000183105469,71.2699966430664,70.5199966430664,71.19999694824219,205300
2017-01-13,71.12000274658203,71.12000274658203,71.83999633789062,71.01000213623047,71.01000213623047,169600
2017-01-17,70.5,70.5,70.75,70.1500015258789,70.62000274658203,180400
2017-01-18,70.7699966430664,70.7699966430664,70.86000061035156,70.1500015258789,70.48999786376953,220400
2017-01-19,69.19999694824219,69.19999694824219,70.77999877929688,69.16000366210938,70.77999877929688,266900
2017-01-20,69.70999908447266,69.70999908447266,70.0999984741211,69.19999694824219,69.19999694824219,359600
2017-01-23,69.63999938964844,69.63999938964844,70.19000244140625,69.41999816894531,69.80999755859375,241700
2017-01-24,70.44000244140625,70.44000244140625,71.0199966430664,69.44000244140625,69.69000244140625,186000
2017-01-25,71.16000366210938,71.16000366210938,71.43000030517578,70.18000030517578,70.9000015258789,194400
2017-01-26,70.41000366210938,70.41000366210938,71.62999725341797,70.38999938964844,70.93000030517578,239000
2017-01-27,70.30000305175781,70.30000305175781,70.75,70.05000305175781,70.75,103400
2017-01-30,69.63999938964844,69.63999938964844,70.16000366210938,69.25,70.01000213623047,177500
2017-01-31,70.86000061035156,70.86000061035156,70.91000366210938,69.12999725341797,69.2300033569336,312700
2017-02-01,70.80000305175781,70.80000305175781,71.3499984741211,70.4800033569336,71.0199966430664,178000
2017-02-02,70.7300033569336,70.7300033569336,71.0199966430664,70.4000015258789,70.81999969482422,227200
2017-02-03,71.83999633789062,71.83999633789062,71.95999908447266,71.12999725341797,71.4000015258789,129300
2017-02-06,71.25,71.25,71.52999877929688,71.01000213623047,71.43000030517578,213900
2017-02-07,70.73999786376953,70.73999786376953,71.69000244140625,70.5999984741211,71.5,131000
2017-02-08,70.7300033569336,70.7300033569336,71.0199966430664,70.43000030517578,70.44999694824219,192300
2017-02-09,71.47000122070312,71.47000122070312,71.87999725341797,70.7300033569336,70.81999969482422,265400
2017-02-10,68.4000015258789,68.4000015258789,70.0,65.0,65.0,1124400
2017-02-13,68.12999725341797,68.12999725341797,69.08000183105469,67.68000030517578,68.93000030517578,451400
2017-02-14,68.01000213623047,68.01000213623047,68.44000244140625,67.77999877929688,68.44000244140625,613000
2017-02-15,68.76000213623047,68.76000213623047,68.91999816894531,67.56999969482422,67.9000015258789,194000
2017-02-16,68.76000213623047,68.76000213623047,68.9000015258789,68.02999877929688,68.9000015258789,211700
2017-02-17,69.37000274658203,69.37000274658203,69.38999938964844,68.55000305175781,68.70999908447266,207200
2017-02-21,69.16000366210938,69.16000366210938,69.80000305175781,69.04000091552734,69.36000061035156,168600
2017-02-22,69.11000061035156,69.11000061035156,69.27999877929688,68.55000305175781,69.01000213623047,171600
2017-02-23,69.05999755859375,69.05999755859375,69.37999725341797,68.94000244140625,69.2300033569336,186900
2017-02-24,69.13999938964844,69.13999938964844,69.22000122070312,68.11000061035156,68.52999877929688,228300
2017-02-27,69.30000305175781,69.30000305175781,69.62999725341797,68.98999786376953,69.16000366210938,231600
2017-02-28,69.11000061035156,69.11000061035156,69.37000274658203,68.7699966430664,69.11000061035156,301900
2017-03-01,69.30000305175781,69.30000305175781,70.0,69.06999969482422,69.91000366210938,355600
2017-03-02,69.33999633789062,69.33999633789062,69.87999725341797,68.98999786376953,69.29000091552734,209900
2017-03-03,69.62000274658203,69.62000274658203,69.7300033569336,69.08999633789062,69.5999984741211,304900
2017-03-06,69.54000091552734,69.54000091552734,69.6500015258789,69.04000091552734,69.18000030517578,318800
2017-03-07,69.52999877929688,69.52999877929688,69.8499984741211,69.31999969482422,69.56999969482422,186800
2017-03-08,69.36000061035156,69.36000061035156,69.81999969482422,69.25,69.81999969482422,196200
2017-03-09,69.30000305175781,69.30000305175781,69.63999938964844,69.01000213623047,69.31999969482422,154500
2017-03-10,69.41000366210938,69.41000366210938,69.91999816894531,68.98999786376953,69.58000183105469,213300
2017-03-13,69.55999755859375,69.55999755859375,69.72000122070312,69.30999755859375,69.30999755859375,145700
2017-03-14,69.04000091552734,69.04000091552734,69.5199966430664,68.86000061035156,69.37999725341797,148400
2017-03-15,68.66000366210938,68.66000366210938,69.27999877929688,68.62000274658203,69.19000244140625,316500
2017-03-16,68.7300033569336,68.7300033569336,69.47000122070312,68.31999969482422,69.06999969482422,213000
2017-03-17,69.91999816894531,69.91999816894531,70.0,68.52999877929688,68.55999755859375,264200
2017-03-20,69.86000061035156,69.86000061035156,69.87000274658203,69.61000061035156,69.61000061035156,209600
2017-03-21,69.5,69.5,70.0,69.36000061035156,70.0,285700
2017-03-22,69.16000366210938,69.16000366210938,69.33000183105469,68.87000274658203,69.23999786376953,151500
2017-03-23,69.87999725341797,69.87999725341797,70.19999694824219,69.16999816894531,69.16999816894531,190000
2017-03-24,70.30999755859375,70.30999755859375,70.61000061035156,69.75,70.01000213623047,189000
2017-03-27,70.69000244140625,70.69000244140625,70.80999755859375,69.44000244140625,69.62999725341797,254600
2017-03-28,71.93000030517578,71.93000030517578,72.08999633789062,70.36000061035156,70.66000366210938,329200
2017-03-29,71.76000213623047,71.76000213623047,72.13999938964844,71.38999938964844,71.8499984741211,301100
2017-03-30,72.18000030517578,72.18000030517578,72.33999633789062,71.7699966430664,71.77999877929688,198900
2017-03-31,72.48999786376953,72.48999786376953,72.51000213623047,71.79000091552734,72.2300033569336,312600
2017-04-03,70.04000091552734,70.04000091552734,72.51000213623047,69.9800033569336,72.18000030517578,728800
2017-04-04,70.55999755859375,70.55999755859375,70.87999725341797,70.12999725341797,70.12999725341797,228800
2017-04-05,70.06999969482422,70.06999969482422,71.30000305175781,69.9800033569336,70.87999725341797,232400
2017-04-06,71.04000091552734,71.04000091552734,71.31999969482422,69.48999786376953,70.08000183105469,262500
2017-04-07,70.86000061035156,70.86000061035156,71.4800033569336,70.83999633789062,70.83999633789062,200800
2017-04-10,71.33999633789062,71.33999633789062,71.61000061035156,70.79000091552734,70.93000030517578,155100
2017-04-11,72.2699966430664,72.2699966430664,72.27999877929688,70.93000030517578,70.94999694824219,343800
2017-04-12,71.69999694824219,71.69999694824219,72.30000305175781,71.52999877929688,72.12999725341797,240100
2017-04-13,71.52999877929688,71.52999877929688,71.83000183105469,71.3499984741211,71.56999969482422,187300
2017-04-17,72.12000274658203,72.12000274658203,72.30999755859375,71.08000183105469,72.08000183105469,217300
2017-04-18,72.0999984741211,72.0999984741211,72.30999755859375,71.61000061035156,71.94999694824219,161600
2017-04-19,72.69999694824219,72.69999694824219,72.77999877929688,72.23999786376953,72.23999786376953,178400
2017-04-20,73.44999694824219,73.44999694824219,73.48999786376953,72.77999877929688,72.77999877929688,178500
2017-04-21,74.56999969482422,74.56999969482422,74.9000015258789,73.31999969482422,73.43000030517578,340200
2017-04-24,74.62999725341797,74.62999725341797,75.5199966430664,74.47000122070312,75.0,197400
2017-04-25,75.06999969482422,75.06999969482422,75.30000305175781,74.31999969482422,75.05000305175781,214900
2017-04-26,75.48999786376953,75.48999786376953,76.05999755859375,74.88999938964844,74.88999938964844,254700
2017-04-27,76.08999633789062,76.08999633789062,76.25,75.5199966430664,75.62999725341797,152800
2017-04-28,76.12000274658203,76.12000274658203,76.26000213623047,75.7300033569336,75.87999725341797,229900
2017-05-01,75.98999786376953,75.98999786376953,76.23999786376953,74.94999694824219,76.20999908447266,227600
2017-05-02,76.38999938964844,76.38999938964844,76.97000122070312,75.86000061035156,75.86000061035156,252000
2017-05-03,75.91000366210938,75.91000366210938,76.33000183105469,75.4000015258789,76.20999908447266,163700
2017-05-04,76.04000091552734,76.04000091552734,76.61000061035156,75.61000061035156,76.08999633789062,246500
2017-05-05,79.44000244140625,79.44000244140625,79.45999908447266,76.97000122070312,77.5,551900
2017-05-08,80.04000091552734,80.04000091552734,81.2300033569336,79.02999877929688,79.16999816894531,229700
2017-05-09,80.76000213623047,80.76000213623047,80.94999694824219,79.7699966430664,79.7699966430664,212600
2017-05-10,80.61000061035156,80.61000061035156,81.0,80.12999725341797,80.87000274658203,256300
2017-05-11,78.6500015258789,78.6500015258789,79.06999969482422,78.0,78.98999786376953,1615400
2017-05-12,78.19000244140625,78.19000244140625,78.8499984741211,77.5999984741211,77.97000122070312,411100
2017-05-15,78.55999755859375,78.55999755859375,79.13999938964844,78.01000213623047,78.01000213623047,265600
2017-05-16,77.61000061035156,77.61000061035156,78.81999969482422,77.36000061035156,78.7300033569336,448400
2017-05-17,76.37999725341797,76.37999725341797,77.45999908447266,76.08000183105469,77.05000305175781,529400
2017-05-18,76.76000213623047,76.76000213623047,77.25,76.33000183105469,76.37000274658203,261500
2017-05-19,76.2300033569336,76.2300033569336,76.94999694824219,76.20999908447266,76.94999694824219,536500
2017-05-22,76.80000305175781,76.80000305175781,76.87999725341797,75.94000244140625,76.30999755859375,312200
2017-05-23,76.01000213623047,76.01000213623047,77.30999755859375,75.91000366210938,77.30999755859375,397600
2017-05-24,76.45999908447266,76.45999908447266,76.98999786376953,76.0,76.0,207300
2017-05-25,76.37000274658203,76.37000274658203,77.05999755859375,76.36000061035156,76.55999755859375,226100
2017-05-26,76.62000274658203,76.62000274658203,76.95999908447266,76.25,76.45999908447266,180800
2017-05-30,76.9800033569336,76.9800033569336,77.12999725341797,76.0,76.43000030517578,400100
2017-05-31,76.72000122070312,76.72000122070312,77.38999938964844,76.5,77.04000091552734,226000
2017-06-01,77.98999786376953,77.98999786376953,78.0999984741211,75.55000305175781,76.87000274658203,403700
2017-06-02,77.83999633789062,77.83999633789062,78.45999908447266,77.6500015258789,78.30999755859375,275000
2017-06-05,77.19000244140625,77.19000244140625,77.95999908447266,77.12999725341797,77.61000061035156,151500
2017-06-06,76.94999694824219,76.94999694824219,77.23999786376953,76.5999984741211,76.69000244140625,372900
2017-06-07,77.0199966430664,77.0199966430664,77.13999938964844,76.76000213623047,77.02999877929688,255700
2017-06-08,76.56999969482422,76.56999969482422,76.88999938964844,76.22000122070312,76.8499984741211,200100
2017-06-09,76.27999877929688,76.27999877929688,76.8499984741211,76.08000183105469,76.41999816894531,396000
2017-06-12,76.38999938964844,76.38999938964844,76.38999938964844,75.73999786376953,76.23999786376953,364400
2017-06-13,76.81999969482422,76.81999969482422,77.0,76.13999938964844,76.38999938964844,263200
2017-06-14,76.5999984741211,76.5999984741211,76.87999725341797,76.37999725341797,76.69999694824219,215200
2017-06-15,76.88999938964844,76.88999938964844,77.5,75.83000183105469,75.86000061035156,618000
2017-06-16,77.0199966430664,77.0199966430664,77.30000305175781,76.44000244140625,76.62000274658203,737200
2017-06-19,77.0,77.0,77.48999786376953,76.72000122070312,77.0,759300
2017-06-20,77.55000305175781,77.55000305175781,78.47000122070312,76.83000183105469,77.13999938964844,659300
2017-06-21,79.23999786376953,79.23999786376953,79.33000183105469,77.79000091552734,78.0,543700
2017-06-22,78.27999877929688,78.27999877929688,79.30999755859375,78.16000366210938,79.25,391600
2017-06-23,78.01000213623047,78.01000213623047,78.91999816894531,77.94999694824219,78.3499984741211,4563800
2017-06-26,77.76000213623047,77.76000213623047,78.81999969482422,77.5199966430664,78.41000366210938,357400
2017-06-27,77.23999786376953,77.23999786376953,78.20999908447266,76.97000122070312,77.5,391700
2017-06-28,76.80999755859375,76.80999755859375,77.94000244140625,76.4800033569336,77.5199966430664,589700
2017-06-29,77.12000274658203,77.12000274658203,77.37999725341797,76.80999755859375,76.94000244140625,351700
2017-06-30,77.20999908447266,77.20999908447266,77.69999694824219,77.16999816894531,77.5199966430664,205000
2017-07-03,76.87000274658203,76.87000274658203,77.6500015258789,76.86000061035156,77.2300033569336,175800
2017-07-05,76.91000366210938,76.91000366210938,77.11000061035156,76.12999725341797,76.80000305175781,324900
2017-07-06,75.83999633789062,75.83999633789062,76.72000122070312,75.6500015258789,76.6500015258789,321200
2017-07-07,76.55999755859375,76.55999755859375,76.69999694824219,75.91999816894531,75.93000030517578,189300
2017-07-10,76.22000122070312,76.22000122070312,77.08999633789062,76.05000305175781,76.72000122070312,253600
2017-07-11,76.45999908447266,76.45999908447266,76.5999984741211,75.8499984741211,76.37000274658203,291000
2017-07-12,76.97000122070312,76.97000122070312,77.44000244140625,76.61000061035156,76.61000061035156,148500
2017-07-13,77.05000305175781,77.05000305175781,77.7699966430664,76.52999877929688,76.87000274658203,147700
2017-07-14,77.33000183105469,77.33000183105469,77.6500015258789,76.86000061035156,76.97000122070312,192100
2017-07-17,77.6500015258789,77.6500015258789,77.98999786376953,76.94999694824219,77.25,315700
2017-07-18,79.30000305175781,79.30000305175781,79.66000366210938,77.66999816894531,78.94000244140625,356900
2017-07-19,79.69999694824219,79.69999694824219,80.02999877929688,79.36000061035156,79.37000274658203,399800
2017-07-20,79.68000030517578,79.68000030517578,80.0,79.4800033569336,79.69999694824219,142200
2017-07-21,79.55000305175781,79.55000305175781,79.80999755859375,79.41000366210938,79.69000244140625,168300
2017-07-24,79.58999633789062,79.58999633789062,80.19000244140625,79.27999877929688,79.5199966430664,249900
2017-07-25,79.44999694824219,79.44999694824219,80.01000213623047,79.23999786376953,79.4800033569336,196300
2017-07-26,79.18000030517578,79.18000030517578,80.66999816894531,79.11000061035156,79.43000030517578,149100
2017-07-27,78.91999816894531,78.91999816894531,79.75,78.72000122070312,79.55000305175781,242700
2017-07-28,79.19999694824219,79.19999694824219,79.38999938964844,78.22000122070312,78.80999755859375,170900
2017-07-31,79.01000213623047,79.01000213623047,79.66000366210938,78.94999694824219,79.16999816894531,195600
2017-08-01,79.8499984741211,79.8499984741211,81.16000366210938,79.18000030517578,79.62999725341797,395600
2017-08-02,78.48999786376953,78.48999786376953,82.0,78.06999969482422,81.9000015258789,415700
2017-08-03,78.91000366210938,78.91000366210938,79.80000305175781,78.27999877929688,78.54000091552734,215800
2017-08-04,78.70999908447266,78.70999908447266,79.25,78.37999725341797,79.2300033569336,119600
2017-08-07,79.16999816894531,79.16999816894531,79.22000122070312,78.3499984741211,78.80000305175781,162600
2017-08-08,79.41999816894531,79.41999816894531,79.62999725341797,78.58999633789062,78.77999877929688,241300
2017-08-09,79.5999984741211,79.5999984741211,79.76000213623047,79.08999633789062,79.18000030517578,201600
2017-08-10,79.29000091552734,79.29000091552734,79.88999938964844,79.18000030517578,79.44000244140625,262500
2017-08-11,79.16000366210938,79.16000366210938,80.0,77.7300033569336,78.66999816894531,242100
2017-08-14,80.18000030517578,80.18000030517578,80.30000305175781,79.68000030517578,79.68000030517578,184200
2017-08-15,79.87999725341797,79.87999725341797,80.37999725341797,79.6500015258789,80.37999725341797,174600
2017-08-16,79.80999755859375,79.80999755859375,80.41000366210938,79.62000274658203,79.93000030517578,146400
2017-08-17,79.80999755859375,79.80999755859375,80.16999816894531,79.41999816894531,79.69999694824219,214300
2017-08-18,79.5,79.5,79.88999938964844,79.05000305175781,79.58000183105469,156700
2017-08-21,79.72000122070312,79.72000122070312,79.80000305175781,78.98999786376953,79.41999816894531,104700
2017-08-22,80.7300033569336,80.7300033569336,80.76000213623047,79.94000244140625,80.0,160300
2017-08-23,80.33000183105469,80.33000183105469,80.7300033569336,80.0199966430664,80.4800033569336,174600
2017-08-24,79.05999755859375,79.05999755859375,80.5,79.02999877929688,80.5,286700
2017-08-25,79.41999816894531,79.41999816894531,79.87999725341797,79.12000274658203,79.33999633789062,116200
2017-08-28,79.66000366210938,79.66000366210938,79.9000015258789,79.02999877929688,79.58000183105469,142400
2017-08-29,79.05999755859375,79.05999755859375,79.80999755859375,79.0199966430664,79.37000274658203,100100
2017-08-30,79.16999816894531,79.16999816894531,79.2699966430664,78.8499984741211,79.05000305175781,72500
2017-08-31,79.93000030517578,79.93000030517578,79.94999694824219,79.12999725341797,79.33999633789062,112600
2017-09-01,79.87999725341797,79.87999725341797,80.26000213623047,79.61000061035156,79.8499984741211,73500
2017-09-05,79.91999816894531,79.91999816894531,80.62000274658203,79.55000305175781,79.8499984741211,115500
2017-09-06,78.76000213623047,78.76000213623047,80.0,78.37000274658203,79.87999725341797,277400
2017-09-07,78.04000091552734,78.04000091552734,79.12000274658203,77.69000244140625,78.80999755859375,174300
2017-09-08,79.22000122070312,79.22000122070312,79.33000183105469,77.75,78.0999984741211,206000
2017-09-11,80.36000061035156,80.36000061035156,80.48999786376953,79.38999938964844,79.76000213623047,172600
2017-09-12,80.7300033569336,80.7300033569336,80.73999786376953,79.91000366210938,80.12000274658203,134700
2017-09-13,80.86000061035156,80.86000061035156,81.05000305175781,80.51000213623047,80.8499984741211,161200
2017-09-14,81.29000091552734,81.29000091552734,81.68000030517578,80.29000091552734,80.5999984741211,194600
2017-09-15,80.95999908447266,80.95999908447266,81.08999633789062,80.61000061035156,81.08999633789062,200200
2017-09-18,81.38999938964844,81.38999938964844,81.44999694824219,80.91000366210938,81.18000030517578,127300
2017-09-19,81.36000061035156,81.36000061035156,81.66000366210938,81.01000213623047,81.33000183105469,129100
2017-09-20,82.3499984741211,82.3499984741211,82.41000366210938,81.23999786376953,81.44000244140625,165800
2017-09-21,81.76000213623047,81.76000213623047,82.41999816894531,81.5,82.36000061035156,151000
2017-09-22,81.98999786376953,81.98999786376953,82.25,81.69000244140625,81.83000183105469,106400
2017-09-25,82.19999694824219,82.19999694824219,82.2300033569336,81.41000366210938,81.93000030517578,85900
2017-09-26,83.91000366210938,83.91000366210938,84.04000091552734,82.0,82.0,275500
2017-09-27,84.30999755859375,84.30999755859375,84.47000122070312,83.33999633789062,84.16999816894531,241000
2017-09-28,85.73999786376953,85.73999786376953,85.80999755859375,83.87999725341797,84.19000244140625,223300
2017-09-29,86.20999908447266,86.20999908447266,86.30000305175781,85.01000213623047,85.63999938964844,345100
2017-10-02,87.0999984741211,87.0999984741211,87.41999816894531,86.16999816894531,86.20999908447266,315400
2017-10-03,87.20999908447266,87.20999908447266,88.12999725341797,86.62000274658203,87.5,263300
2017-10-04,85.58000183105469,85.58000183105469,87.4800033569336,85.52999877929688,87.4000015258789,188800
2017-10-05,85.31999969482422,85.31999969482422,85.97000122070312,85.08000183105469,85.77999877929688,125400
2017-10-06,85.83999633789062,85.83999633789062,85.98999786376953,85.16000366210938,85.16000366210938,98500
2017-10-09,85.33999633789062,85.33999633789062,85.75,84.77999877929688,85.75,102600
2017-10-10,85.48999786376953,85.48999786376953,85.88999938964844,85.1500015258789,85.33999633789062,84500
2017-10-11,85.29000091552734,85.29000091552734,85.94000244140625,85.0199966430664,85.55999755859375,75100
2017-10-12,85.23999786376953,85.23999786376953,85.62000274658203,85.12999725341797,85.44999694824219,98400
2017-10-13,85.1500015258789,85.1500015258789,85.33999633789062,84.62999725341797,85.33999633789062,120300
2017-10-16,85.20999908447266,85.20999908447266,85.37999725341797,84.6500015258789,85.18000030517578,154000
2017-10-17,85.06999969482422,85.06999969482422,85.58000183105469,84.91000366210938,85.0999984741211,235000
2017-10-18,84.91000366210938,84.91000366210938,85.56999969482422,84.83999633789062,85.18000030517578,159800
2017-10-19,85.19000244140625,85.19000244140625,85.38999938964844,84.37999725341797,84.62000274658203,79300
2017-10-20,86.04000091552734,86.04000091552734,86.06999969482422,84.97000122070312,85.31999969482422,106000
2017-10-23,85.62999725341797,85.62999725341797,86.5199966430664,85.3499984741211,86.5199966430664,62000
2017-10-24,86.47000122070312,86.47000122070312,86.66999816894531,85.41000366210938,85.5999984741211,425400
2017-10-25,85.91000366210938,85.91000366210938,86.83000183105469,85.3499984741211,86.37000274658203,178200
2017-10-26,85.5999984741211,85.5999984741211,86.45999908447266,85.20999908447266,85.69999694824219,135600
2017-10-27,86.44999694824219,86.44999694824219,86.4800033569336,85.41000366210938,85.83999633789062,94100
2017-10-30,85.69000244140625,85.69000244140625,86.44999694824219,85.0199966430664,86.26000213623047,212800
2017-10-31,86.30000305175781,86.30000305175781,86.66999816894531,85.83999633789062,85.83999633789062,107700
2017-11-01,86.58999633789062,86.58999633789062,86.66000366210938,85.61000061035156,86.66000366210938,142900
2017-11-02,88.68000030517578,88.68000030517578,93.12999725341797,88.31999969482422,91.75,463100
2017-11-03,89.11000061035156,89.11000061035156,89.20999908447266,87.41999816894531,88.48999786376953,192700
2017-11-06,89.52999877929688,89.52999877929688,90.5199966430664,88.70999908447266,89.04000091552734,163400
2017-11-07,89.5199966430664,89.5199966430664,90.02999877929688,88.12999725341797,89.51000213623047,169000
2017-11-08,89.95999908447266,89.95999908447266,90.80999755859375,89.29000091552734,89.47000122070312,164300
2017-11-09,86.58999633789062,86.58999633789062,87.2300033569336,85.55000305175781,86.5999984741211,1163700
2017-11-10,86.66000366210938,86.66000366210938,87.2699966430664,86.5,86.7300033569336,255200
2017-11-13,86.7300033569336,86.7300033569336,87.54000091552734,85.98999786376953,86.41000366210938,460100
2017-11-14,86.58000183105469,86.58000183105469,87.25,86.25,86.69000244140625,270400
2017-11-15,86.19000244140625,86.19000244140625,86.61000061035156,85.58000183105469,86.2699966430664,273600
2017-11-16,87.61000061035156,87.61000061035156,87.6500015258789,86.62000274658203,86.63999938964844,355200
2017-11-17,87.55000305175781,87.55000305175781,88.0,87.2699966430664,87.73999786376953,289200
2017-11-20,87.66999816894531,87.66999816894531,87.98999786376953,86.80000305175781,87.72000122070312,217100
2017-11-21,88.04000091552734,88.04000091552734,88.13999938964844,87.5999984741211,87.66999816894531,191700
2017-11-22,88.08000183105469,88.08000183105469,88.29000091552734,87.7699966430664,88.0199966430664,134700
2017-11-24,87.91999816894531,87.91999816894531,88.81999969482422,87.83000183105469,88.23999786376953,203600
2017-11-27,87.41999816894531,87.41999816894531,88.58999633789062,87.12999725341797,88.27999877929688,176400
2017-11-28,88.06999969482422,88.06999969482422,88.12999725341797,87.29000091552734,87.62000274658203,237500
2017-11-29,88.68000030517578,88.68000030517578,88.81999969482422,88.26000213623047,88.36000061035156,177600
2017-11-30,88.94999694824219,88.94999694824219,89.18000030517578,88.44999694824219,88.69999694824219,231400
2017-12-01,88.94000244140625,88.94000244140625,89.66000366210938,87.83999633789062,88.77999877929688,453400
2017-12-04,89.9000015258789,89.9000015258789,90.33999633789062,89.16000366210938,89.51000213623047,394700
2017-12-05,90.1500015258789,90.1500015258789,90.5,89.95999908447266,90.0999984741211,368900
2017-12-06,90.41999816894531,90.41999816894531,90.5,89.22000122070312,90.05000305175781,415700
2017-12-07,92.05000305175781,92.05000305175781,92.06999969482422,90.27999877929688,90.37999725341797,320200
2017-12-08,91.55999755859375,91.55999755859375,92.41999816894531,91.52999877929688,92.2699966430664,363600
2017-12-11,91.7699966430664,91.7699966430664,91.91000366210938,91.37000274658203,91.76000213623047,184600
2017-12-12,91.2699966430664,91.2699966430664,91.80999755859375,91.05999755859375,91.63999938964844,251600
2017-12-13,90.8499984741211,90.8499984741211,91.68000030517578,90.73999786376953,91.19999694824219,346900
2017-12-14,91.3499984741211,91.3499984741211,91.45999908447266,90.80999755859375,90.94000244140625,154100
2017-12-15,93.6500015258789,93.6500015258789,93.76000213623047,91.19999694824219,91.44999694824219,353900
2017-12-18,94.56999969482422,94.56999969482422,94.7699966430664,93.91000366210938,93.91000366210938,309300
2017-12-19,94.70999908447266,94.70999908447266,94.77999877929688,94.05000305175781,94.56999969482422,267200
2017-12-20,94.69000244140625,94.69000244140625,95.4000015258789,94.5199966430664,94.70999908447266,237800
2017-12-21,94.22000122070312,94.22000122070312,95.81999969482422,93.79000091552734,94.72000122070312,333800
2017-12-22,94.4800033569336,94.4800033569336,94.73999786376953,93.87999725341797,94.22000122070312,177300
2017-12-26,94.33999633789062,94.33999633789062,94.72000122070312,94.11000061035156,94.41999816894531,126300
2017-12-27,94.18000030517578,94.18000030517578,94.69999694824219,94.04000091552734,94.38999938964844,112900
2017-12-28,94.27999877929688,94.27999877929688,94.58000183105469,93.4800033569336,94.44000244140625,163100
2017-12-29,94.0,94.0,94.43000030517578,93.9000015258789,94.33999633789062,159800
2018-01-02,94.02999877929688,94.02999877929688,94.41000366210938,93.13999938964844,94.0,240500
2018-01-03,94.16000366210938,94.16000366210938,94.48999786376953,93.54000091552734,94.25,281000
2018-01-04,94.58999633789062,94.58999633789062,95.19999694824219,93.91000366210938,94.0199966430664,171800
2018-01-05,95.75,95.75,95.77999877929688,94.47000122070312,94.4800033569336,237500
2018-01-08,95.05000305175781,95.05000305175781,95.5,94.54000091552734,94.6500015258789,166400
2018-01-09,94.97000122070312,94.97000122070312,95.27999877929688,94.72000122070312,94.7300033569336,192600
2018-01-10,94.87999725341797,94.87999725341797,94.95999908447266,93.91000366210938,94.66000366210938,136100
2018-01-11,95.43000030517578,95.43000030517578,95.43000030517578,94.54000091552734,94.83000183105469,96200
2018-01-12,95.44000244140625,95.44000244140625,95.91000366210938,94.5199966430664,95.0,137100
2018-01-16,95.58000183105469,95.58000183105469,96.43000030517578,95.3499984741211,95.3499984741211,208500
2018-01-17,95.68000030517578,95.68000030517578,96.2699966430664,95.12000274658203,96.16999816894531,196800
2018-01-18,96.18000030517578,96.18000030517578,96.45999908447266,95.54000091552734,95.93000030517578,164100
2018-01-19,97.51000213623047,97.51000213623047,98.16000366210938,96.6500015258789,96.6500015258789,165200
2018-01-22,97.56999969482422,97.56999969482422,98.22000122070312,97.16999816894531,97.5199966430664,141500
2018-01-23,98.08999633789062,98.08999633789062,98.25,97.16999816894531,97.69999694824219,210100
2018-01-24,97.16999816894531,97.16999816894531,98.4800033569336,96.62999725341797,98.27999877929688,147300
2018-01-25,97.31999969482422,97.31999969482422,97.87999725341797,96.80999755859375,97.5999984741211,138600
2018-01-26,97.80000305175781,97.80000305175781,98.23999786376953,96.7699966430664,97.44999694824219,223500
2018-01-29,96.75,96.75,97.80000305175781,96.5999984741211,97.44999694824219,103000
2018-01-30,97.01000213623047,97.01000213623047,97.27999877929688,95.98999786376953,96.48999786376953,118000
2018-01-31,98.19999694824219,98.19999694824219,98.25,96.7699966430664,97.12999725341797,197100
2018-02-01,98.75,98.75,98.83999633789062,97.48999786376953,98.04000091552734,221400
2018-02-02,97.20999908447266,97.20999908447266,98.80999755859375,96.61000061035156,98.25,232400
2018-02-05,94.36000061035156,94.36000061035156,96.73999786376953,93.66999816894531,96.4800033569336,250000
2018-02-06,94.3499984741211,94.3499984741211,94.76000213623047,92.55000305175781,92.83999633789062,239500
2018-02-07,93.91999816894531,93.91999816894531,94.97000122070312,93.76000213623047,94.36000061035156,204400
2018-02-08,91.77999877929688,91.77999877929688,94.43000030517578,91.54000091552734,94.04000091552734,329100
2018-02-09,93.55999755859375,93.55999755859375,96.6500015258789,92.72000122070312,94.68000030517578,456900
2018-02-12,93.08000183105469,93.08000183105469,94.44999694824219,92.61000061035156,93.66000366210938,402100
2018-02-13,95.16000366210938,95.16000366210938,95.16999816894531,92.69999694824219,93.0199966430664,354100
2018-02-14,95.94000244140625,95.94000244140625,96.0,94.31999969482422,95.08000183105469,135400
2018-02-15,96.0,96.0,96.0999984741211,95.12999725341797,96.0,210400
2018-02-16,97.3499984741211,97.3499984741211,97.58999633789062,95.80999755859375,95.80999755859375,167000
2018-02-20,96.08999633789062,96.08999633789062,97.58999633789062,96.02999877929688,97.05999755859375,128600
2018-02-21,96.66000366210938,96.66000366210938,98.0,96.0999984741211,96.0999984741211,129400
2018-02-22,95.97000122070312,95.97000122070312,98.02999877929688,95.56999969482422,97.06999969482422,192300
2018-02-23,96.45999908447266,96.45999908447266,96.7699966430664,95.4000015258789,96.0,186200
2018-02-26,96.58999633789062,96.58999633789062,97.18000030517578,95.81999969482422,96.5,229700
2018-02-27,96.12000274658203,96.12000274658203,96.93000030517578,95.87000274658203,96.5999984741211,162600
2018-02-28,95.56999969482422,95.56999969482422,97.30999755859375,95.56999969482422,96.2699966430664,160200
2018-03-01,95.16999816894531,95.16999816894531,95.8499984741211,94.38999938964844,95.54000091552734,171200
2018-03-02,95.83000183105469,95.83000183105469,96.22000122070312,94.30999755859375,95.06999969482422,138000
2018-03-05,96.26000213623047,96.26000213623047,96.91000366210938,95.08999633789062,95.5,157600
2018-03-06,96.56999969482422,96.56999969482422,97.06999969482422,95.55999755859375,96.16999816894531,227800
2018-03-07,98.33999633789062,98.33999633789062,98.5,96.29000091552734,96.29000091552734,180300
2018-03-08,98.51000213623047,98.51000213623047,99.87000274658203,98.23999786376953,98.5,226500
2018-03-09,100.30000305175781,100.30000305175781,100.55000305175781,98.37999725341797,99.11000061035156,234600
2018-03-12,100.3499984741211,100.3499984741211,100.83000183105469,99.70999908447266,100.41000366210938,225200
2018-03-13,99.4800033569336,99.4800033569336,100.94999694824219,99.4000015258789,100.3499984741211,285100
2018-03-14,99.98999786376953,99.98999786376953,100.01000213623047,98.69999694824219,99.8499984741211,196900
2018-03-15,100.0999984741211,100.0999984741211,100.26000213623047,98.87999725341797,99.80999755859375,166700
2018-03-16,101.16999816894531,101.16999816894531,101.47000122070312,99.7300033569336,100.19000244140625,350300
2018-03-19,101.20999908447266,101.20999908447266,101.41999816894531,100.73999786376953,100.81999969482422,189200
2018-03-20,102.29000091552734,102.29000091552734,102.41999816894531,100.66000366210938,101.23999786376953,159000
2018-03-21,102.30999755859375,102.30999755859375,102.94999694824219,101.68000030517578,102.41999816894531,190900
2018-03-22,101.87999725341797,101.87999725341797,102.73999786376953,101.73999786376953,102.0,296700
2018-03-23,102.83999633789062,102.83999633789062,103.5199966430664,102.13999938964844,102.13999938964844,388300
2018-03-26,104.66999816894531,104.66999816894531,105.04000091552734,102.9000015258789,103.5999984741211,518400
2018-03-27,97.86000061035156,97.86000061035156,103.47000122070312,97.70999908447266,103.47000122070312,1651500
2018-03-28,97.69000244140625,97.69000244140625,99.72000122070312,96.86000061035156,98.0,791000
2018-03-29,99.72000122070312,99.72000122070312,100.3499984741211,98.06999969482422,98.48999786376953,776700
2018-04-02,97.79000091552734,97.79000091552734,100.11000061035156,97.55999755859375,99.66000366210938,401300
2018-04-03,96.97000122070312,96.97000122070312,97.23999786376953,95.0,95.81999969482422,399000
2018-04-04,97.55999755859375,97.55999755859375,97.6500015258789,95.37999725341797,95.61000061035156,403200
2018-04-05,99.0999984741211,99.0999984741211,99.98999786376953,97.77999877929688,97.77999877929688,452900
2018-04-06,96.0999984741211,96.0999984741211,99.26000213623047,96.08000183105469,98.55999755859375,582500
2018-04-09,96.47000122070312,96.47000122070312,97.48999786376953,96.37999725341797,96.83000183105469,479100
2018-04-10,98.88999938964844,98.88999938964844,99.05999755859375,97.38999938964844,97.38999938964844,325700
2018-04-11,98.2300033569336,98.2300033569336,99.13999938964844,98.0199966430664,98.87000274658203,242600
2018-04-12,98.69999694824219,98.69999694824219,99.58999633789062,98.38999938964844,98.62000274658203,343900
2018-04-13,98.80000305175781,98.80000305175781,99.41999816894531,98.2699966430664,99.41999816894531,231700
2018-04-16,99.58999633789062,99.58999633789062,100.16999816894531,98.91999816894531,98.93000030517578,237400
2018-04-17,98.98999786376953,98.98999786376953,99.87999725341797,98.47000122070312,99.87000274658203,252000
2018-04-18,99.4800033569336,99.4800033569336,99.88999938964844,98.93000030517578,98.98999786376953,259400
2018-04-19,98.38999938964844,98.38999938964844,99.52999877929688,98.18000030517578,99.22000122070312,242300
2018-04-20,98.7699966430664,98.7699966430664,99.0,97.8499984741211,98.69999694824219,187400
2018-04-23,98.83999633789062,98.83999633789062,99.51000213623047,98.44999694824219,98.88999938964844,136200
2018-04-24,96.94999694824219,96.94999694824219,99.44000244140625,96.55999755859375,99.0999984741211,375800
2018-04-25,95.88999938964844,95.88999938964844,97.37000274658203,95.66999816894531,96.86000061035156,312400
2018-04-26,96.05000305175781,96.05000305175781,97.1500015258789,95.5,96.2699966430664,200800
2018-04-27,96.0,96.0,96.30999755859375,95.0,96.0,333000
2018-04-30,94.87999725341797,94.87999725341797,96.83999633789062,94.80000305175781,96.47000122070312,523100
2018-05-01,95.02999877929688,95.02999877929688,95.52999877929688,91.29000091552734,93.0,720000
2018-05-02,96.5,96.5,96.87999725341797,94.38999938964844,94.9800033569336,548700
2018-05-03,96.72000122070312,96.72000122070312,96.9800033569336,95.87999725341797,96.16000366210938,231000
2018-05-04,98.0999984741211,98.0999984741211,98.0999984741211,95.37000274658203,96.52999877929688,427300
2018-05-07,98.8499984741211,98.8499984741211,99.02999877929688,97.37999725341797,98.19999694824219,285600
2018-05-08,98.80999755859375,98.80999755859375,98.98999786376953,98.3499984741211,98.37000274658203,292800
2018-05-09,97.5,97.5,99.0199966430664,97.16000366210938,99.0199966430664,313600
2018-05-10,98.12999725341797,98.12999725341797,98.55999755859375,97.0999984741211,97.5199966430664,164200
2018-05-11,99.19999694824219,99.19999694824219,99.2300033569336,97.63999938964844,98.45999908447266,213400
2018-05-14,98.5,98.5,99.27999877929688,98.12999725341797,99.26000213623047,145800
2018-05-15,98.23999786376953,98.23999786376953,98.55000305175781,97.73999786376953,98.04000091552734,109400
2018-05-16,98.9800033569336,98.9800033569336,99.30000305175781,98.08000183105469,98.55000305175781,321500
2018-05-17,99.43000030517578,99.43000030517578,99.58999633789062,98.55000305175781,98.69999694824219,136800
2018-05-18,99.41000366210938,99.41000366210938,99.62999725341797,99.16000366210938,99.37000274658203,145600
2018-05-21,99.76000213623047,99.76000213623047,99.91999816894531,98.87000274658203,99.72000122070312,173800
2018-05-22,99.7300033569336,99.7300033569336,100.41000366210938,99.5,100.05000305175781,235400
2018-05-23,99.44000244140625,99.44000244140625,99.7300033569336,99.18000030517578,99.55000305175781,153300
2018-05-24,100.58000183105469,100.58000183105469,100.81999969482422,99.29000091552734,99.56999969482422,166700
2018-05-25,101.04000091552734,101.04000091552734,101.83999633789062,100.55000305175781,100.62000274658203,144000
2018-05-29,100.05000305175781,100.05000305175781,100.68000030517578,99.41000366210938,100.44000244140625,152200
2018-05-30,101.37000274658203,101.37000274658203,101.81999969482422,99.8499984741211,100.11000061035156,188100
2018-05-31,101.19999694824219,101.19999694824219,102.0,101.08999633789062,101.38999938964844,197300
2018-06-01,101.70999908447266,101.70999908447266,101.75,100.94000244140625,101.30999755859375,275900
2018-06-04,103.26000213623047,103.26000213623047,103.41000366210938,101.8499984741211,102.04000091552734,295000
2018-06-05,103.01000213623047,103.01000213623047,104.45999908447266,102.36000061035156,103.41999816894531,250700
2018-06-06,105.7699966430664,105.7699966430664,105.93000030517578,103.20999908447266,103.20999908447266,403800
2018-06-07,106.2300033569336,106.2300033569336,106.23999786376953,104.8499984741211,105.69000244140625,322600
2018-06-08,107.48999786376953,107.48999786376953,107.56999969482422,106.20999908447266,106.2699966430664,224700
2018-06-11,107.44000244140625,107.44000244140625,107.94000244140625,107.08999633789062,107.9000015258789,266600
2018-06-12,108.08999633789062,108.08999633789062,108.4000015258789,107.45999908447266,107.58000183105469,202200
2018-06-13,106.16999816894531,106.16999816894531,108.31999969482422,105.9000015258789,108.29000091552734,285100
2018-06-14,105.7699966430664,105.7699966430664,106.37000274658203,105.33999633789062,106.29000091552734,211700
2018-06-15,105.12000274658203,105.12000274658203,105.36000061035156,104.5199966430664,104.52999877929688,433700
2018-06-18,105.4800033569336,105.4800033569336,105.80000305175781,104.58000183105469,105.20999908447266,242500
2018-06-19,106.0,106.0,106.08000183105469,104.20999908447266,105.18000030517578,222800
2018-06-20,105.75,105.75,106.55000305175781,105.0999984741211,106.08000183105469,220800
2018-06-21,105.0999984741211,105.0999984741211,105.73999786376953,104.1500015258789,105.37000274658203,161800
2018-06-22,105.45999908447266,105.45999908447266,105.73999786376953,104.79000091552734,105.73999786376953,343500
2018-06-25,103.2300033569336,103.2300033569336,104.97000122070312,102.83999633789062,104.97000122070312,359200
2018-06-26,102.47000122070312,102.47000122070312,103.5199966430664,102.13999938964844,103.12999725341797,286800
2018-06-27,100.83000183105469,100.83000183105469,103.0199966430664,100.55999755859375,103.0199966430664,240900
2018-06-28,102.02999877929688,102.02999877929688,102.2300033569336,100.12000274658203,100.83999633789062,228200
2018-06-29,102.5199966430664,102.5199966430664,103.12000274658203,102.43000030517578,102.77999877929688,373900
2018-07-02,103.54000091552734,103.54000091552734,103.55999755859375,101.27999877929688,101.68000030517578,256900
2018-07-03,104.0999984741211,104.0999984741211,104.33999633789062,103.0999984741211,103.56999969482422,123600
2018-07-05,104.79000091552734,104.79000091552734,104.79000091552734,103.69999694824219,104.30000305175781,300900
2018-07-06,106.11000061035156,106.11000061035156,106.66000366210938,104.87000274658203,104.87000274658203,242400
2018-07-09,107.01000213623047,107.01000213623047,107.41000366210938,106.44000244140625,106.68000030517578,157700
2018-07-10,107.33999633789062,107.33999633789062,107.43000030517578,106.48999786376953,107.05000305175781,129500
2018-07-11,107.61000061035156,107.61000061035156,107.93000030517578,106.83000183105469,106.83000183105469,126100
2018-07-12,108.5999984741211,108.5999984741211,108.86000061035156,107.91000366210938,108.1500015258789,135400
2018-07-13,108.83999633789062,108.83999633789062,109.16000366210938,107.7300033569336,108.55000305175781,161600
2018-07-16,108.56999969482422,108.56999969482422,108.91999816894531,108.0199966430664,108.83999633789062,165400
2018-07-17,108.8499984741211,108.8499984741211,108.9000015258789,108.18000030517578,108.66000366210938,97900
2018-07-18,110.13999938964844,110.13999938964844,110.36000061035156,108.80999755859375,108.80999755859375,247900
2018-07-19,109.80999755859375,109.80999755859375,110.8499984741211,109.19000244140625,110.04000091552734,173300
2018-07-20,110.30000305175781,110.30000305175781,110.87999725341797,109.1500015258789,109.76000213623047,256900
2018-07-23,110.11000061035156,110.11000061035156,110.47000122070312,109.58999633789062,110.37999725341797,142400
2018-07-24,109.31999969482422,109.31999969482422,110.52999877929688,108.44000244140625,110.19999694824219,148400
2018-07-25,110.44999694824219,110.44999694824219,110.58000183105469,108.45999908447266,109.56999969482422,150100
2018-07-26,110.94999694824219,110.94999694824219,111.0199966430664,109.6500015258789,110.08999633789062,136400
2018-07-27,109.13999938964844,109.13999938964844,111.29000091552734,108.7699966430664,111.19000244140625,203700
2018-07-30,106.87999725341797,106.87999725341797,109.55999755859375,106.68000030517578,109.55999755859375,222400
2018-07-31,106.98999786376953,106.98999786376953,107.8499984741211,106.56999969482422,107.05000305175781,182200
2018-08-01,107.69000244140625,107.69000244140625,108.1500015258789,106.48999786376953,107.0,246000
2018-08-02,108.27999877929688,108.27999877929688,108.73999786376953,107.02999877929688,107.33000183105469,209600
2018-08-03,110.33000183105469,110.33000183105469,112.68000030517578,107.02999877929688,107.33000183105469,450300
2018-08-06,110.69000244140625,110.69000244140625,111.2300033569336,109.41000366210938,110.0,228000
2018-08-07,109.2699966430664,109.2699966430664,110.7699966430664,109.04000091552734,110.25,306200
2018-08-08,109.66000366210938,109.66000366210938,110.30000305175781,109.01000213623047,109.0999984741211,211100
2018-08-09,110.16999816894531,110.16999816894531,110.45999908447266,109.45999908447266,109.63999938964844,206400
2018-08-10,110.33000183105469,110.33000183105469,111.0999984741211,109.56999969482422,109.9800033569336,186700
2018-08-13,111.52999877929688,111.52999877929688,111.93000030517578,109.76000213623047,110.06999969482422,215900
2018-08-14,113.8499984741211,113.8499984741211,114.0999984741211,111.55999755859375,111.55999755859375,312500
2018-08-15,114.19999694824219,114.19999694824219,114.20999908447266,112.61000061035156,113.19000244140625,236600
2018-08-16,115.44999694824219,115.44999694824219,115.86000061035156,114.52999877929688,114.62999725341797,192500
2018-08-17,116.12000274658203,116.12000274658203,116.2699966430664,114.55000305175781,115.23999786376953,133800
2018-08-20,116.63999938964844,116.63999938964844,117.08999633789062,115.9000015258789,116.52999877929688,246900
2018-08-21,117.19000244140625,117.19000244140625,117.5,116.58999633789062,116.58999633789062,149100
2018-08-22,116.55000305175781,116.55000305175781,117.08000183105469,116.26000213623047,116.91999816894531,302100
2018-08-23,116.4800033569336,116.4800033569336,117.3499984741211,116.18000030517578,116.55000305175781,142500
2018-08-24,117.27999877929688,117.27999877929688,117.73999786376953,116.3499984741211,116.94999694824219,151100
2018-08-27,118.9000015258789,118.9000015258789,119.0199966430664,117.18000030517578,117.69000244140625,271300
2018-08-28,119.36000061035156,119.36000061035156,119.91999816894531,118.41999816894531,118.86000061035156,333600
2018-08-29,118.97000122070312,118.97000122070312,120.06999969482422,118.55000305175781,119.6500015258789,188300
2018-08-30,119.23999786376953,119.23999786376953,119.5199966430664,117.98999786376953,118.68000030517578,92300
2018-08-31,119.43000030517578,119.43000030517578,119.7699966430664,118.80000305175781,119.0,159200
2018-09-04,119.43000030517578,119.43000030517578,119.83000183105469,118.72000122070312,119.83000183105469,129800
2018-09-05,118.19999694824219,118.19999694824219,118.91000366210938,117.51000213623047,118.87000274658203,118000
2018-09-06,118.0199966430664,118.0199966430664,118.62000274658203,117.2699966430664,118.37000274658203,184900
2018-09-07,117.83999633789062,117.83999633789062,119.08999633789062,117.33000183105469,117.7699966430664,135300
2018-09-10,116.77999877929688,116.77999877929688,117.8499984741211,116.69999694824219,117.8499984741211,239500
2018-09-11,116.31999969482422,116.31999969482422,118.06999969482422,115.43000030517578,115.97000122070312,155800
2018-09-12,116.04000091552734,116.04000091552734,116.45999908447266,114.62999725341797,116.1500015258789,176500
2018-09-13,116.51000213623047,116.51000213623047,117.2300033569336,116.08000183105469,116.27999877929688,72200
2018-09-14,116.16000366210938,116.16000366210938,117.51000213623047,116.16000366210938,116.8499984741211,117100
2018-09-17,115.11000061035156,115.11000061035156,116.12999725341797,114.12999725341797,115.75,176200
2018-09-18,115.87000274658203,115.87000274658203,116.19999694824219,114.77999877929688,115.37000274658203,161900
2018-09-19,114.54000091552734,114.54000091552734,116.05000305175781,113.81999969482422,116.05000305175781,143300
2018-09-20,115.44999694824219,115.44999694824219,115.95999908447266,114.77999877929688,114.77999877929688,114800
2018-09-21,116.36000061035156,116.36000061035156,116.47000122070312,115.22000122070312,115.4800033569336,324800
2018-09-24,116.68000030517578,116.68000030517578,117.30000305175781,115.91000366210938,116.1500015258789,198900
2018-09-25,118.23999786376953,118.23999786376953,118.55999755859375,116.22000122070312,116.76000213623047,169400
2018-09-26,116.87999725341797,116.87999725341797,118.5,116.72000122070312,118.47000122070312,153800
2018-09-27,116.97000122070312,116.97000122070312,117.91999816894531,116.29000091552734,117.0999984741211,180500
2018-09-28,117.83999633789062,117.83999633789062,118.3499984741211,116.19999694824219,116.75,368600
2018-10-01,117.19999694824219,117.19999694824219,118.91000366210938,116.33999633789062,118.36000061035156,158500
2018-10-02,116.01000213623047,116.01000213623047,117.29000091552734,115.51000213623047,117.29000091552734,352100
2018-10-03,116.43000030517578,116.43000030517578,117.23999786376953,115.48999786376953,116.55999755859375,187300
2018-10-04,113.76000213623047,113.76000213623047,116.41999816894531,113.12999725341797,116.41999816894531,146900
2018-10-05,115.38999938964844,115.38999938964844,116.27999877929688,113.18000030517578,113.33999633789062,279300
2018-10-08,114.80000305175781,114.80000305175781,115.5999984741211,113.27999877929688,115.30000305175781,287700
2018-10-09,115.68000030517578,115.68000030517578,116.41999816894531,114.08999633789062,114.38999938964844,174000
2018-10-10,112.36000061035156,112.36000061035156,116.3499984741211,112.2300033569336,115.33999633789062,168300
2018-10-11,111.13999938964844,111.13999938964844,112.8499984741211,110.2300033569336,112.16999816894531,287200
2018-10-12,112.77999877929688,112.77999877929688,113.66000366210938,111.62000274658203,113.0199966430664,264900
2018-10-15,112.19000244140625,112.19000244140625,114.4000015258789,112.0,112.83000183105469,128700
2018-10-16,115.95999908447266,115.95999908447266,116.0199966430664,112.26000213623047,112.72000122070312,172600
2018-10-17,114.86000061035156,114.86000061035156,116.41999816894531,114.12000274658203,116.0,138900
2018-10-18,114.38999938964844,114.38999938964844,115.30000305175781,114.05000305175781,114.63999938964844,96600
2018-10-19,113.7300033569336,113.7300033569336,114.83000183105469,112.68000030517578,114.72000122070312,98900
2018-10-22,114.16999816894531,114.16999816894531,115.75,113.79000091552734,114.05000305175781,193100
2018-10-23,112.9000015258789,112.9000015258789,113.37999725341797,111.31999969482422,112.0999984741211,253300
2018-10-24,109.94999694824219,109.94999694824219,114.08999633789062,109.8499984741211,112.75,262800
2018-10-25,113.0,113.0,113.38999938964844,110.75,110.86000061035156,170200
2018-10-26,112.69000244140625,112.69000244140625,113.3499984741211,111.12999725341797,111.55000305175781,140600
2018-10-29,110.3499984741211,110.3499984741211,114.41999816894531,109.33999633789062,113.68000030517578,322600
2018-10-30,113.5999984741211,113.5999984741211,113.83999633789062,109.97000122070312,110.25,220700
2018-10-31,114.91000366210938,114.91000366210938,116.63999938964844,114.77999877929688,114.79000091552734,255300
2018-11-01,115.55000305175781,115.55000305175781,116.9000015258789,114.5999984741211,115.18000030517578,364900
2018-11-02,115.93000030517578,115.93000030517578,117.93000030517578,112.0,112.80000305175781,479300
2018-11-05,115.47000122070312,115.47000122070312,116.37000274658203,113.1500015258789,115.54000091552734,222700
2018-11-06,116.31999969482422,116.31999969482422,116.93000030517578,114.3499984741211,115.58000183105469,151000
2018-11-07,117.93000030517578,117.93000030517578,118.76000213623047,116.30999755859375,117.0,286600
2018-11-08,118.30000305175781,118.30000305175781,118.6500015258789,116.87000274658203,117.41000366210938,292900
2018-11-09,120.80999755859375,120.80999755859375,120.88999938964844,117.0,119.0,222300
2018-11-12,117.3499984741211,117.3499984741211,122.01000213623047,117.0,121.44999694824219,346100
2018-11-13,118.20999908447266,118.20999908447266,120.04000091552734,117.25,117.66000366210938,150300
2018-11-14,117.45999908447266,117.45999908447266,119.68000030517578,117.16000366210938,118.52999877929688,272200
2018-11-15,117.80999755859375,117.80999755859375,117.8499984741211,116.0,116.47000122070312,136500
2018-11-16,120.19999694824219,120.19999694824219,120.22000122070312,116.87000274658203,117.0,169300
2018-11-19,119.0,119.0,121.63999938964844,118.37000274658203,120.36000061035156,375600
2018-11-20,117.29000091552734,117.29000091552734,118.77999877929688,117.19999694824219,117.91999816894531,279700
2018-11-21,117.83999633789062,117.83999633789062,119.43000030517578,117.80000305175781,118.12999725341797,230500
2018-11-23,118.13999938964844,118.13999938964844,119.05000305175781,117.4000015258789,117.4000015258789,60200
2018-11-26,118.02999877929688,118.02999877929688,119.08999633789062,117.51000213623047,119.08999633789062,252600
2018-11-27,117.9000015258789,117.9000015258789,118.4000015258789,117.44999694824219,117.44999694824219,270700
2018-11-28,118.12000274658203,118.12000274658203,118.88999938964844,117.54000091552734,118.30999755859375,567100
2018-11-29,121.3499984741211,121.3499984741211,122.62999725341797,117.72000122070312,118.11000061035156,616500
2018-11-30,121.68000030517578,121.68000030517578,122.76000213623047,121.29000091552734,121.5199966430664,186700
2018-12-03,123.75,123.75,123.93000030517578,121.80999755859375,122.98999786376953,357300
2018-12-04,121.16999816894531,121.16999816894531,123.87999725341797,120.87000274658203,123.66999816894531,154000
2018-12-06,119.26000213623047,119.26000213623047,120.3499984741211,116.69999694824219,120.0,210200
2018-12-07,116.26000213623047,116.26000213623047,120.30999755859375,115.3499984741211,119.01000213623047,207100
2018-12-10,114.9000015258789,114.9000015258789,115.66000366210938,114.04000091552734,115.66000366210938,228800
2018-12-11,113.37000274658203,113.37000274658203,116.95999908447266,113.30999755859375,116.0,250700
2018-12-12,115.36000061035156,115.36000061035156,116.66999816894531,114.83999633789062,115.2699966430664,235500
2018-12-13,114.0,114.0,115.87000274658203,113.83999633789062,115.33999633789062,276200
2018-12-14,111.88999938964844,111.88999938964844,114.30999755859375,111.73999786376953,113.61000061035156,303900
2018-12-17,110.12000274658203,110.12000274658203,113.4800033569336,109.87999725341797,111.66000366210938,335900
2018-12-18,111.33999633789062,111.33999633789062,112.08999633789062,110.5,110.5,276500
2018-12-19,110.1500015258789,110.1500015258789,112.66999816894531,109.54000091552734,111.2300033569336,309000
2018-12-20,108.94999694824219,108.94999694824219,110.4800033569336,108.18000030517578,109.44999694824219,362200
2018-12-21,107.1500015258789,107.1500015258789,110.16000366210938,107.02999877929688,109.30999755859375,376000
2018-12-24,105.38999938964844,105.38999938964844,107.02999877929688,105.1500015258789,106.91999816894531,136500
2018-12-26,109.33000183105469,109.33000183105469,109.33000183105469,106.08000183105469,106.45999908447266,307700
2018-12-27,111.0,111.0,111.06999969482422,107.22000122070312,107.22000122070312,230300
2018-12-28,111.38999938964844,111.38999938964844,112.61000061035156,109.91999816894531,111.41999816894531,164600
2018-12-31,111.44999694824219,111.44999694824219,112.2699966430664,110.29000091552734,111.94999694824219,202500
2019-01-02,110.2300033569336,110.2300033569336,110.31999969482422,108.0999984741211,110.0199966430664,378800
2019-01-03,107.48999786376953,107.48999786376953,109.93000030517578,107.41999816894531,109.62000274658203,195300
2019-01-04,110.0199966430664,110.0199966430664,110.11000061035156,108.02999877929688,108.18000030517578,189500
2019-01-07,110.75,110.75,111.55000305175781,109.55999755859375,109.55999755859375,158800
2019-01-08,111.06999969482422,111.06999969482422,112.30000305175781,110.37000274658203,111.36000061035156,284800
2019-01-09,111.44000244140625,111.44000244140625,112.43000030517578,110.9800033569336,111.48999786376953,225700
2019-01-10,111.45999908447266,111.45999908447266,111.8499984741211,110.83000183105469,111.05999755859375,195500
2019-01-11,110.56999969482422,110.56999969482422,111.43000030517578,110.36000061035156,110.86000061035156,203800
2019-01-14,110.06999969482422,110.06999969482422,110.7300033569336,109.23999786376953,110.18000030517578,196200
2019-01-15,112.55999755859375,112.55999755859375,113.80999755859375,109.76000213623047,110.12999725341797,214500
2019-01-16,113.8499984741211,113.8499984741211,114.1500015258789,112.5999984741211,112.83999633789062,161500
2019-01-17,114.38999938964844,114.38999938964844,114.88999938964844,113.33999633789062,113.33999633789062,160500
2019-01-18,117.05999755859375,117.05999755859375,117.87999725341797,114.56999969482422,114.7699966430664,244700
2019-01-22,114.98999786376953,114.98999786376953,117.27999877929688,114.33999633789062,116.55000305175781,211600
2019-01-23,115.27999877929688,115.27999877929688,115.94000244140625,114.30000305175781,115.3499984741211,160400
2019-01-24,115.19999694824219,115.19999694824219,115.86000061035156,114.87000274658203,115.13999938964844,201500
2019-01-25,114.47000122070312,114.47000122070312,115.9000015258789,114.30999755859375,115.9000015258789,139500
2019-01-28,113.87000274658203,113.87000274658203,114.44999694824219,113.27999877929688,113.47000122070312,125400
2019-01-29,113.94000244140625,113.94000244140625,114.56999969482422,113.2699966430664,113.94999694824219,247600
2019-01-30,114.08000183105469,114.08000183105469,116.04000091552734,113.36000061035156,114.37999725341797,111300
2019-01-31,115.79000091552734,115.79000091552734,116.66000366210938,114.16999816894531,114.45999908447266,176900
2019-02-01,116.11000061035156,116.11000061035156,116.27999877929688,114.8499984741211,115.5,192900
2019-02-04,116.11000061035156,116.11000061035156,116.52999877929688,115.19999694824219,115.55000305175781,118600
2019-02-05,116.9800033569336,116.9800033569336,117.12000274658203,115.87000274658203,116.30000305175781,158000
2019-02-06,117.30000305175781,117.30000305175781,117.6500015258789,116.62000274658203,117.37999725341797,168400
2019-02-07,117.83000183105469,117.83000183105469,120.51000213623047,116.88999938964844,117.0,216000
2019-02-08,117.91999816894531,117.91999816894531,118.12000274658203,116.94999694824219,117.02999877929688,177500
2019-02-11,117.91999816894531,117.91999816894531,118.48999786376953,117.18000030517578,118.0,242900
2019-02-12,117.47000122070312,117.47000122070312,119.16999816894531,117.19000244140625,119.08000183105469,368400
2019-02-13,120.9800033569336,120.9800033569336,123.61000061035156,118.51000213623047,120.0,585900
2019-02-14,119.66999816894531,119.66999816894531,120.69999694824219,117.91999816894531,120.25,397600
2019-02-15,121.13999938964844,121.13999938964844,121.81999969482422,119.69000244140625,119.69999694824219,208200
2019-02-19,121.66999816894531,121.66999816894531,122.05999755859375,120.29000091552734,121.0,164700
2019-02-20,122.56999969482422,122.56999969482422,122.77999877929688,120.91000366210938,122.1500015258789,351800
2019-02-21,121.94999694824219,121.94999694824219,124.19999694824219,121.56999969482422,122.69999694824219,293100
2019-02-22,123.0999984741211,123.0999984741211,123.6500015258789,122.2699966430664,122.29000091552734,208400
2019-02-25,122.44000244140625,122.44000244140625,123.63999938964844,122.05999755859375,123.12000274658203,189000
2019-02-26,122.54000091552734,122.54000091552734,123.0,122.16000366210938,122.45999908447266,160400
2019-02-27,123.4000015258789,123.4000015258789,123.44999694824219,122.0199966430664,122.0999984741211,177900
2019-02-28,124.0,124.0,125.0,123.19999694824219,123.19999694824219,216100
2019-03-01,124.63999938964844,124.63999938964844,125.0199966430664,123.7300033569336,124.30999755859375,188300
2019-03-04,124.98999786376953,124.98999786376953,125.30000305175781,123.94999694824219,125.20999908447266,262200
2019-03-05,124.91999816894531,124.91999816894531,125.52999877929688,124.48999786376953,125.52999877929688,235500
2019-03-06,124.54000091552734,124.54000091552734,125.30999755859375,124.41999816894531,125.19999694824219,200200
2019-03-07,123.2300033569336,123.2300033569336,124.44999694824219,122.83999633789062,124.06999969482422,194800
2019-03-08,122.56999969482422,122.56999969482422,123.5999984741211,121.4800033569336,122.12999725341797,241500
2019-03-11,124.44000244140625,124.44000244140625,124.5999984741211,121.43000030517578,123.11000061035156,154100
2019-03-12,125.06999969482422,125.06999969482422,125.7300033569336,123.44999694824219,124.44000244140625,169600
2019-03-13,125.8499984741211,125.8499984741211,126.4800033569336,125.20999908447266,125.20999908447266,270600
2019-03-14,125.08999633789062,125.08999633789062,126.16999816894531,124.37000274658203,125.80000305175781,211900
2019-03-15,125.55000305175781,125.55000305175781,126.41999816894531,124.68000030517578,125.44000244140625,121700
2019-03-18,125.86000061035156,125.86000061035156,126.31999969482422,124.83000183105469,125.66999816894531,314100
2019-03-19,126.58000183105469,126.58000183105469,127.23999786376953,125.83999633789062,126.0999984741211,210100
2019-03-20,123.94999694824219,123.94999694824219,126.5199966430664,123.6500015258789,126.41999816894531,199200
2019-03-21,125.37000274658203,125.37000274658203,125.62000274658203,123.4000015258789,123.4000015258789,222200
2019-03-22,123.9000015258789,123.9000015258789,125.3499984741211,123.68000030517578,125.3499984741211,177800
2019-03-25,123.1500015258789,123.1500015258789,124.12000274658203,122.68000030517578,123.62000274658203,248900
2019-03-26,124.22000122070312,124.22000122070312,124.56999969482422,123.19000244140625,124.04000091552734,142300
2019-03-27,124.13999938964844,124.13999938964844,124.41999816894531,123.18000030517578,123.81999969482422,95900
2019-03-28,126.0999984741211,126.0999984741211,126.19000244140625,124.37999725341797,124.37999725341797,151200
2019-03-29,127.11000061035156,127.11000061035156,127.31999969482422,126.18000030517578,126.56999969482422,165800
2019-04-01,125.75,125.75,127.75,124.58000183105469,127.16000366210938,275100
2019-04-02,126.4800033569336,126.4800033569336,126.52999877929688,124.19999694824219,125.9000015258789,208000
2019-04-03,127.86000061035156,127.86000061035156,128.22000122070312,126.5,127.12999725341797,168400
2019-04-04,127.5999984741211,127.5999984741211,128.0,127.05000305175781,127.93000030517578,150100
2019-04-05,128.42999267578125,128.42999267578125,128.77999877929688,127.72000122070312,128.35000610351562,152200
2019-04-08,127.72000122070312,127.72000122070312,128.25,126.66999816894531,128.0800018310547,131500
2019-04-09,127.47000122070312,127.47000122070312,128.58999633789062,127.19000244140625,127.19000244140625,111500
2019-04-10,128.25999450683594,128.25999450683594,128.7899932861328,127.56999969482422,127.76000213623047,86400
2019-04-11,128.1999969482422,128.1999969482422,128.77000427246094,127.68000030517578,128.27999877929688,129600
2019-04-12,128.52000427246094,128.52000427246094,129.24000549316406,127.88999938964844,128.4199981689453,129000
2019-04-15,128.05999755859375,128.05999755859375,128.85000610351562,127.22000122070312,127.83999633789062,176300
2019-04-16,127.18000030517578,127.18000030517578,129.32000732421875,127.05999755859375,128.5399932861328,127400
2019-04-17,126.1500015258789,126.1500015258789,127.80999755859375,125.19999694824219,127.44999694824219,270500
2019-04-18,125.4800033569336,125.4800033569336,127.37000274658203,125.41000366210938,126.70999908447266,255100
2019-04-22,125.70999908447266,125.70999908447266,125.86000061035156,124.88999938964844,125.08999633789062,152100
2019-04-23,128.07000732421875,128.07000732421875,128.47999572753906,125.75,125.75,203100
2019-04-24,127.61000061035156,127.61000061035156,128.66000366210938,127.05999755859375,128.02000427246094,141500
2019-04-25,127.5,127.5,128.27999877929688,126.38999938964844,127.41999816894531,111100
2019-04-26,128.14999389648438,128.14999389648438,128.44000244140625,127.0999984741211,128.0800018310547,109900
2019-04-29,128.63999938964844,128.63999938964844,128.9499969482422,128.02999877929688,128.47999572753906,259400
2019-04-30,128.14999389648438,128.14999389648438,128.97000122070312,127.56999969482422,127.69000244140625,253300
2019-05-01,129.42999267578125,129.42999267578125,132.41000366210938,128.27000427246094,130.25,279500
2019-05-02,130.41000366210938,130.41000366210938,130.4199981689453,128.02000427246094,128.6699981689453,246900
2019-05-03,130.2899932861328,130.2899932861328,131.02000427246094,129.57000732421875,129.77000427246094,179500
2019-05-06,130.47000122070312,130.47000122070312,131.08999633789062,128.27999877929688,128.27999877929688,146000
2019-05-07,129.9600067138672,129.9600067138672,130.77999877929688,129.14999389648438,130.1699981689453,156600
2019-05-08,130.2899932861328,130.2899932861328,130.52000427246094,127.94000244140625,129.52000427246094,235200
2019-05-09,131.0500030517578,131.0500030517578,131.27000427246094,128.74000549316406,129.69000244140625,180200
2019-05-10,132.27000427246094,132.27000427246094,132.7899932861328,130.22999572753906,131.16000366210938,290700
2019-05-13,128.4600067138672,128.4600067138672,130.5500030517578,128.0,130.5500030517578,142100
2019-05-14,131.05999755859375,131.05999755859375,131.75999450683594,128.64999389648438,128.64999389648438,175900
2019-05-15,131.89999389648438,131.89999389648438,132.4199981689453,130.17999267578125,130.17999267578125,183200
2019-05-16,134.2100067138672,134.2100067138672,134.64999389648438,131.75999450683594,131.97000122070312,197500
2019-05-17,134.19000244140625,134.19000244140625,135.17999267578125,132.77999877929688,133.44000244140625,210800
2019-05-20,132.55999755859375,132.55999755859375,133.77000427246094,132.25,133.47999572753906,191100
2019-05-21,133.47000122070312,133.47000122070312,134.35000610351562,133.33999633789062,133.33999633789062,102300
2019-05-22,133.8800048828125,133.8800048828125,134.6300048828125,132.92999267578125,132.94000244140625,115600
2019-05-23,134.50999450683594,134.50999450683594,134.66000366210938,132.6199951171875,133.1199951171875,167500
2019-05-24,136.07000732421875,136.07000732421875,136.99000549316406,135.00999450683594,135.00999450683594,266700
2019-05-28,136.24000549316406,136.24000549316406,138.0,135.6300048828125,136.49000549316406,211800
2019-05-29,135.36000061035156,135.36000061035156,136.5,134.66000366210938,136.00999450683594,124500
2019-05-30,136.02000427246094,136.02000427246094,136.72000122070312,134.99000549316406,135.33999633789062,92600
2019-05-31,137.05999755859375,137.05999755859375,137.5,134.17999267578125,135.0800018310547,216700
2019-06-03,136.57000732421875,136.57000732421875,137.35000610351562,135.61000061035156,137.05999755859375,211600
2019-06-04,137.49000549316406,137.49000549316406,137.6699981689453,135.97000122070312,137.6300048828125,123600
2019-06-05,138.47000122070312,138.47000122070312,139.0399932861328,137.14999389648438,137.66000366210938,159400
2019-06-06,139.25999450683594,139.25999450683594,139.75,137.9199981689453,138.57000732421875,167900
2019-06-07,140.10000610351562,140.10000610351562,140.3800048828125,138.8699951171875,139.77000427246094,156400
2019-06-10,139.75999450683594,139.75999450683594,141.14999389648438,139.33999633789062,140.75999450683594,118700
2019-06-11,138.3300018310547,138.3300018310547,140.2899932861328,137.47000122070312,140.22999572753906,102900
2019-06-12,139.38999938964844,139.38999938964844,139.89999389648438,138.27999877929688,138.5399932861328,133200
2019-06-13,140.0,140.0,140.14999389648438,139.07000732421875,139.88999938964844,141100
2019-06-14,140.0,140.0,140.4600067138672,139.22999572753906,139.99000549316406,95500
2019-06-17,139.82000732421875,139.82000732421875,140.13999938964844,139.00999450683594,139.55999755859375,102000
2019-06-18,139.52000427246094,139.52000427246094,140.5,139.36000061035156,140.5,132700
2019-06-19,141.1999969482422,141.1999969482422,141.4199981689453,138.85000610351562,139.47999572753906,187700
2019-06-20,146.1999969482422,146.1999969482422,146.83999633789062,143.83999633789062,146.83999633789062,284800
2019-06-21,148.24000549316406,148.24000549316406,149.5,145.6699981689453,145.89999389648438,402200
2019-06-24,149.83999633789062,149.83999633789062,150.14999389648438,147.35000610351562,148.49000549316406,242700
2019-06-25,148.82000732421875,148.82000732421875,150.47000122070312,148.32000732421875,149.82000732421875,299900
2019-06-26,148.9600067138672,148.9600067138672,150.02000427246094,148.08999633789062,149.4199981689453,233000
2019-06-27,150.0,150.0,150.25,148.88999938964844,149.1999969482422,290900
2019-06-28,150.8699951171875,150.8699951171875,151.72999572753906,149.7100067138672,149.75,655900
2019-07-01,153.7899932861328,153.7899932861328,153.88999938964844,151.2100067138672,151.83999633789062,374100
2019-07-02,153.0399932861328,153.0399932861328,154.3699951171875,151.9600067138672,153.7899932861328,211800
2019-07-03,154.8300018310547,154.8300018310547,155.0,152.97999572753906,153.82000732421875,114000
2019-07-05,154.8000030517578,154.8000030517578,154.8000030517578,151.99000549316406,153.60000610351562,185400
2019-07-08,152.2100067138672,152.2100067138672,154.6300048828125,150.61000061035156,154.5500030517578,396600
2019-07-09,151.6199951171875,151.6199951171875,151.80999755859375,150.5399932861328,151.80999755859375,386200
2019-07-10,150.91000366210938,150.91000366210938,153.7899932861328,150.66000366210938,152.22000122070312,261500
2019-07-11,152.99000549316406,152.99000549316406,153.5,151.10000610351562,151.41000366210938,305500
2019-07-12,153.08999633789062,153.08999633789062,154.07000732421875,152.3800048828125,153.1199951171875,277200
2019-07-15,154.67999267578125,154.67999267578125,155.0,152.14999389648438,153.10000610351562,190000
2019-07-16,155.05999755859375,155.05999755859375,155.77999877929688,154.27999877929688,154.27999877929688,232700
2019-07-17,154.13999938964844,154.13999938964844,155.6999969482422,153.9199981689453,154.9499969482422,165400
2019-07-18,153.91000366210938,153.91000366210938,154.1699981689453,153.0399932861328,153.9199981689453,212700
2019-07-19,151.10000610351562,151.10000610351562,154.63999938964844,151.0399932861328,154.25999450683594,286000
2019-07-22,152.3000030517578,152.3000030517578,153.33999633789062,151.2899932861328,151.2899932861328,199500
2019-07-23,155.4600067138672,155.4600067138672,155.50999450683594,152.05999755859375,153.25,283800
2019-07-24,155.57000732421875,155.57000732421875,156.05999755859375,153.3300018310547,155.17999267578125,204100
2019-07-25,154.60000610351562,154.60000610351562,155.85000610351562,154.1999969482422,155.57000732421875,151800
2019-07-26,156.85000610351562,156.85000610351562,157.1199951171875,154.58999633789062,155.16000366210938,130200
2019-07-29,153.99000549316406,153.99000549316406,157.30999755859375,153.86000061035156,156.35000610351562,264500
2019-07-30,154.1300048828125,154.1300048828125,155.0500030517578,152.72999572753906,153.4499969482422,299900
2019-07-31,152.07000732421875,152.07000732421875,154.2100067138672,151.11000061035156,153.89999389648438,363100
2019-08-01,149.91000366210938,149.91000366210938,153.5399932861328,149.27000427246094,152.47999572753906,448200
2019-08-02,149.55999755859375,149.55999755859375,150.8300018310547,146.36000061035156,148.60000610351562,376700
2019-08-05,147.8000030517578,147.8000030517578,148.8800048828125,146.6999969482422,148.6699981689453,422100
2019-08-06,150.91000366210938,150.91000366210938,151.3699951171875,148.49000549316406,149.14999389648438,380500
2019-08-07,152.1300048828125,152.1300048828125,153.00999450683594,148.25,149.83999633789062,287500
2019-08-08,155.25,155.25,155.77999877929688,152.42999267578125,153.4600067138672,205600
2019-08-09,154.67999267578125,154.67999267578125,155.5800018310547,152.77000427246094,154.0,320400
2019-08-12,154.08999633789062,154.08999633789062,156.36000061035156,153.7100067138672,154.50999450683594,154300
2019-08-13,155.9600067138672,155.9600067138672,156.6199951171875,153.86000061035156,154.52000427246094,160400
2019-08-14,156.22000122070312,156.22000122070312,156.75999450683594,153.25,154.72000122070312,345900
2019-08-15,158.19000244140625,158.19000244140625,158.35000610351562,156.0399932861328,156.75,362700
2019-08-16,160.61000061035156,160.61000061035156,160.72999572753906,158.02000427246094,158.67999267578125,283600
2019-08-19,161.22999572753906,161.22999572753906,162.77000427246094,160.85000610351562,162.49000549316406,268200
2019-08-20,163.1300048828125,163.1300048828125,164.02000427246094,160.3000030517578,161.22000122070312,417600
2019-08-21,165.05999755859375,165.05999755859375,165.8300018310547,163.9600067138672,164.22000122070312,224300
2019-08-22,166.75,166.75,167.02000427246094,163.52999877929688,165.2100067138672,244700
2019-08-23,162.82000732421875,162.82000732421875,166.72000122070312,162.44000244140625,166.52999877929688,249100
2019-08-26,163.8699951171875,163.8699951171875,164.42999267578125,162.86000061035156,163.5,121700
2019-08-27,164.7899932861328,164.7899932861328,166.3699951171875,162.99000549316406,164.80999755859375,272900
2019-08-28,165.5399932861328,165.5399932861328,165.85000610351562,163.35000610351562,164.27000427246094,134600
2019-08-29,165.47999572753906,165.47999572753906,167.0500030517578,165.16000366210938,167.0500030517578,175800
2019-08-30,165.0500030517578,165.0500030517578,167.50999450683594,163.88999938964844,166.10000610351562,193800
2019-09-03,163.36000061035156,163.36000061035156,165.0399932861328,162.89999389648438,164.1999969482422,185900
2019-09-04,163.82000732421875,163.82000732421875,165.1199951171875,163.2899932861328,164.6999969482422,260300
2019-09-05,165.33999633789062,165.33999633789062,166.33999633789062,164.3300018310547,165.0,360200
2019-09-06,165.35000610351562,165.35000610351562,168.27999877929688,165.25,165.8800048828125,161400
2019-09-09,158.69000244140625,158.69000244140625,165.52999877929688,158.13999938964844,165.52999877929688,325500
2019-09-10,150.02000427246094,150.02000427246094,156.97000122070312,148.50999450683594,156.5399932861328,885300
2019-09-11,151.5800018310547,151.5800018310547,153.47000122070312,149.88999938964844,151.6300048828125,563400
2019-09-12,154.0399932861328,154.0399932861328,155.22000122070312,152.22999572753906,152.74000549316406,502200
2019-09-13,155.39999389648438,155.39999389648438,155.83999633789062,152.44000244140625,154.16000366210938,572400
2019-09-16,157.9199981689453,157.9199981689453,158.2100067138672,153.97999572753906,154.24000549316406,379100
2019-09-17,159.41000366210938,159.41000366210938,160.94000244140625,157.6999969482422,157.6999969482422,291600
2019-09-18,160.2100067138672,160.2100067138672,160.4600067138672,158.55999755859375,159.60000610351562,349600
2019-09-19,157.74000549316406,157.74000549316406,160.63999938964844,156.6699981689453,160.2100067138672,278500
2019-09-20,155.07000732421875,155.07000732421875,158.4600067138672,154.94000244140625,158.02999877929688,376700
2019-09-23,155.80999755859375,155.80999755859375,157.02999877929688,154.2899932861328,154.6300048828125,182200
2019-09-24,157.5800018310547,157.5800018310547,158.2100067138672,155.47999572753906,156.0,185800
2019-09-25,155.22999572753906,155.22999572753906,158.3699951171875,154.8699951171875,157.41000366210938,224800
2019-09-26,151.8000030517578,151.8000030517578,155.9600067138672,151.1300048828125,155.11000061035156,324700
2019-09-27,148.50999450683594,148.50999450683594,152.02999877929688,148.00999450683594,152.02999877929688,281100
2019-09-30,152.5,152.5,152.77000427246094,148.63999938964844,149.0,357500
2019-10-01,151.8300018310547,151.8300018310547,153.6999969482422,151.42999267578125,152.27999877929688,227100
2019-10-02,150.94000244140625,150.94000244140625,151.99000549316406,149.16000366210938,150.97000122070312,271800
2019-10-03,153.55999755859375,153.55999755859375,153.86000061035156,149.74000549316406,150.5800018310547,240800
2019-10-04,154.0500030517578,154.0500030517578,154.5399932861328,151.75,154.27000427246094,182700
2019-10-07,153.30999755859375,153.30999755859375,153.91000366210938,152.9499969482422,153.49000549316406,117300
2019-10-08,151.08999633789062,151.08999633789062,153.2899932861328,150.75,152.27000427246094,148700
2019-10-09,152.91000366210938,152.91000366210938,153.69000244140625,150.8300018310547,151.58999633789062,165200
2019-10-10,154.33999633789062,154.33999633789062,155.30999755859375,152.24000549316406,152.52000427246094,156100
2019-10-11,154.63999938964844,154.63999938964844,156.7100067138672,153.88999938964844,155.66000366210938,145200
2019-10-14,152.52999877929688,152.52999877929688,155.64999389648438,152.44000244140625,154.33999633789062,200900
2019-10-15,152.8000030517578,152.8000030517578,154.5399932861328,152.3300018310547,152.88999938964844,155200
2019-10-16,152.17999267578125,152.17999267578125,153.3000030517578,150.47999572753906,152.1300048828125,232600
2019-10-17,150.7899932861328,150.7899932861328,154.4199981689453,150.49000549316406,153.02999877929688,220900
2019-10-18,149.60000610351562,149.60000610351562,151.3699951171875,147.92999267578125,149.99000549316406,323800
2019-10-21,149.52999877929688,149.52999877929688,151.3000030517578,149.2899932861328,150.16000366210938,205600
2019-10-22,149.3000030517578,149.3000030517578,151.89999389648438,149.2100067138672,149.99000549316406,217200
2019-10-23,147.8300018310547,147.8300018310547,150.00999450683594,147.39999389648438,149.1300048828125,152200
2019-10-24,149.38999938964844,149.38999938964844,150.36000061035156,147.9600067138672,148.32000732421875,141400
2019-10-25,149.6999969482422,149.6999969482422,150.72000122070312,148.58999633789062,149.1199951171875,116600
2019-10-28,146.85000610351562,146.85000610351562,150.8300018310547,146.7100067138672,149.74000549316406,250900
2019-10-29,147.1199951171875,147.1199951171875,148.2100067138672,146.02999877929688,146.6199951171875,229800
2019-10-30,147.22999572753906,147.22999572753906,147.25,145.2899932861328,147.00999450683594,411200
2019-10-31,148.52000427246094,148.52000427246094,155.52000427246094,146.5399932861328,148.41000366210938,394500
2019-11-01,144.83999633789062,144.83999633789062,149.13999938964844,144.0500030517578,148.9600067138672,228000
2019-11-04,142.92999267578125,142.92999267578125,145.1999969482422,142.3800048828125,145.10000610351562,173300
2019-11-05,145.02000427246094,145.02000427246094,145.88999938964844,142.80999755859375,143.10000610351562,453600
2019-11-06,146.38999938964844,146.38999938964844,146.9499969482422,144.57000732421875,144.75999450683594,446900
2019-11-07,145.4600067138672,145.4600067138672,147.66000366210938,144.57000732421875,146.52999877929688,270700
2019-11-08,143.24000549316406,143.24000549316406,146.89999389648438,142.32000732421875,145.10000610351562,452400
2019-11-11,143.97999572753906,143.97999572753906,145.14999389648438,142.86000061035156,142.86000061035156,413700
2019-11-12,145.4600067138672,145.4600067138672,146.19000244140625,144.44000244140625,144.44000244140625,316400
2019-11-13,145.3000030517578,145.3000030517578,146.1300048828125,143.7899932861328,145.5500030517578,168200
2019-11-14,148.05999755859375,148.05999755859375,148.50999450683594,144.14999389648438,145.07000732421875,468700
2019-11-15,149.35000610351562,149.35000610351562,149.47999572753906,147.92999267578125,148.6699981689453,226400
2019-11-18,151.33999633789062,151.33999633789062,151.97000122070312,150.08999633789062,150.08999633789062,348000
2019-11-19,152.05999755859375,152.05999755859375,153.0,150.86000061035156,151.3800048828125,184700
2019-11-20,152.42999267578125,152.42999267578125,152.99000549316406,151.5,151.5,304400
2019-11-21,148.7100067138672,148.7100067138672,152.14999389648438,148.41000366210938,152.14999389648438,438300
2019-11-22,150.86000061035156,150.86000061035156,151.2899932861328,148.14999389648438,149.7100067138672,201100
2019-11-25,150.72999572753906,150.72999572753906,152.55999755859375,149.86000061035156,151.67999267578125,244000
2019-11-26,151.47000122070312,151.47000122070312,152.83999633789062,150.92999267578125,150.92999267578125,256200
2019-11-27,152.27000427246094,152.27000427246094,152.8699951171875,151.69000244140625,151.6999969482422,127300
2019-11-29,150.52000427246094,150.52000427246094,152.66000366210938,150.10000610351562,151.57000732421875,110200
2019-12-02,151.97000122070312,151.97000122070312,152.0,150.36000061035156,150.89999389648438,314900
2019-12-03,148.33999633789062,148.33999633789062,151.66000366210938,148.0800018310547,150.49000549316406,180300
2019-12-04,151.64999389648438,151.64999389648438,151.8699951171875,148.1199951171875,148.85000610351562,415700
2019-12-05,150.8300018310547,150.8300018310547,153.80999755859375,149.67999267578125,152.27999877929688,211800
2019-12-06,151.66000366210938,151.66000366210938,152.75,150.91000366210938,151.3699951171875,231900
2019-12-09,149.83999633789062,149.83999633789062,152.30999755859375,148.3000030517578,151.49000549316406,389100
2019-12-10,151.22999572753906,151.22999572753906,151.42999267578125,149.72000122070312,150.25,367700
2019-12-11,151.1999969482422,151.1999969482422,152.55999755859375,150.44000244140625,151.47000122070312,148800
2019-12-12,149.88999938964844,149.88999938964844,151.30999755859375,149.08999633789062,151.0,270600
2019-12-13,150.5500030517578,150.5500030517578,150.5500030517578,147.89999389648438,149.0,298500
2019-12-16,151.83999633789062,151.83999633789062,152.8800048828125,150.55999755859375,151.35000610351562,208500
2019-12-17,151.07000732421875,151.07000732421875,152.9199981689453,150.6199951171875,152.27999877929688,333700
2019-12-18,150.82000732421875,150.82000732421875,151.5399932861328,149.80999755859375,151.35000610351562,385800
2019-12-19,151.22999572753906,151.22999572753906,152.36000061035156,149.99000549316406,151.02999877929688,237600
2019-12-20,153.07000732421875,153.07000732421875,153.07000732421875,149.9600067138672,151.58999633789062,738400
2019-12-23,153.0,153.0,153.72999572753906,151.3300018310547,153.50999450683594,228900
2019-12-24,151.27999877929688,151.27999877929688,153.35000610351562,150.8000030517578,153.0,79400
2019-12-26,152.0500030517578,152.0500030517578,152.3300018310547,149.7899932861328,151.3800048828125,104600
2019-12-27,150.88999938964844,150.88999938964844,152.3800048828125,150.5500030517578,152.0,152100
2019-12-30,149.9499969482422,149.9499969482422,151.0,149.1300048828125,150.9600067138672,238100
2019-12-31,150.2899932861328,150.2899932861328,150.9499969482422,149.63999938964844,149.92999267578125,321600
2020-01-02,153.86000061035156,153.86000061035156,153.86000061035156,150.64999389648438,151.3800048828125,490600
2020-01-03,155.39999389648438,155.39999389648438,155.4499969482422,152.27999877929688,153.1699981689453,271400
2020-01-06,157.02000427246094,157.02000427246094,157.3800048828125,153.77999877929688,154.66000366210938,391800
2020-01-07,157.14999389648438,157.14999389648438,158.36000061035156,155.7899932861328,156.77000427246094,291100
2020-01-08,158.5,158.5,158.7100067138672,156.5500030517578,157.14999389648438,272500
2020-01-09,160.74000549316406,160.74000549316406,161.89999389648438,159.00999450683594,159.3699951171875,219700
2020-01-10,162.32000732421875,162.32000732421875,162.5500030517578,160.85000610351562,161.38999938964844,248400
2020-01-13,163.5500030517578,163.5500030517578,163.7899932861328,162.32000732421875,162.85000610351562,282300
2020-01-14,161.5800018310547,161.5800018310547,163.33999633789062,161.1999969482422,163.33999633789062,282200
2020-01-15,161.82000732421875,161.82000732421875,163.1199951171875,161.1300048828125,161.5,189900
2020-01-16,162.67999267578125,162.67999267578125,163.24000549316406,161.55999755859375,162.38999938964844,151300
2020-01-17,162.25,162.25,163.1699981689453,161.9499969482422,163.1699981689453,203500
2020-01-21,162.47999572753906,162.47999572753906,163.0399932861328,161.44000244140625,161.60000610351562,224300
2020-01-22,164.36000061035156,164.36000061035156,164.8699951171875,162.61000061035156,163.24000549316406,308200
2020-01-23,164.02000427246094,164.02000427246094,164.9199981689453,163.1300048828125,163.64999389648438,145500
2020-01-24,162.8699951171875,162.8699951171875,165.22999572753906,162.4199981689453,164.3800048828125,141100
2020-01-27,162.3699951171875,162.3699951171875,163.11000061035156,158.99000549316406,159.82000732421875,346100
2020-01-28,161.60000610351562,161.60000610351562,163.99000549316406,161.14999389648438,162.8000030517578,180000
2020-01-29,162.5500030517578,162.5500030517578,163.35000610351562,161.58999633789062,161.9199981689453,114000
2020-01-30,164.08999633789062,164.08999633789062,164.16000366210938,161.2899932861328,161.6300048828125,149200
2020-01-31,163.72999572753906,163.72999572753906,165.1300048828125,163.36000061035156,164.32000732421875,195900
2020-02-03,165.36000061035156,165.36000061035156,166.38999938964844,162.6300048828125,163.07000732421875,259800
2020-02-04,168.52000427246094,168.52000427246094,168.55999755859375,166.4600067138672,166.5399932861328,233200
2020-02-05,168.16000366210938,168.16000366210938,169.72000122070312,167.5399932861328,169.5399932861328,272900
2020-02-06,169.0800018310547,169.0800018310547,169.16000366210938,167.58999633789062,168.91000366210938,203600
2020-02-07,167.75999450683594,167.75999450683594,169.44000244140625,167.22000122070312,168.9499969482422,223800
2020-02-10,170.30999755859375,170.30999755859375,170.55999755859375,167.30999755859375,167.30999755859375,168500
2020-02-11,170.92999267578125,170.92999267578125,171.77999877929688,170.05999755859375,170.97000122070312,149900
2020-02-12,171.9600067138672,171.9600067138672,172.25,170.74000549316406,171.36000061035156,339400
2020-02-13,173.74000549316406,173.74000549316406,175.0,170.4199981689453,171.39999389648438,330000
2020-02-14,172.32000732421875,172.32000732421875,176.97999572753906,164.14999389648438,174.80999755859375,638900
2020-02-18,172.11000061035156,172.11000061035156,174.05999755859375,171.3300018310547,172.32000732421875,273900
2020-02-19,174.80999755859375,174.80999755859375,175.47000122070312,172.72000122070312,172.72000122070312,233600
2020-02-20,174.27999877929688,174.27999877929688,175.30999755859375,172.42999267578125,174.8000030517578,153600
2020-02-21,174.4199981689453,174.4199981689453,174.64999389648438,172.82000732421875,173.77999877929688,233500
2020-02-24,169.8699951171875,169.8699951171875,172.8699951171875,169.66000366210938,170.89999389648438,227800
2020-02-25,167.25,167.25,170.60000610351562,167.0399932861328,170.5399932861328,266700
2020-02-26,164.25,164.25,169.22000122070312,162.50999450683594,167.02999877929688,362900
2020-02-27,155.5500030517578,155.5500030517578,161.86000061035156,155.16000366210938,161.4499969482422,721300
2020-02-28,157.14999389648438,157.14999389648438,157.2100067138672,149.66000366210938,152.66000366210938,620800
2020-03-02,159.3699951171875,159.3699951171875,162.89999389648438,155.1199951171875,157.41000366210938,631500
2020-03-03,156.77000427246094,156.77000427246094,161.6300048828125,154.89999389648438,159.07000732421875,461500
2020-03-04,157.16000366210938,157.16000366210938,159.72999572753906,154.47999572753906,159.07000732421875,626900
2020-03-05,152.3699951171875,152.3699951171875,154.83999633789062,150.66000366210938,154.6199951171875,391600
2020-03-06,151.67999267578125,151.67999267578125,152.1300048828125,146.55999755859375,148.69000244140625,566500
2020-03-09,136.39999389648438,136.39999389648438,146.42999267578125,136.0,145.52000427246094,444500
2020-03-10,136.02999877929688,136.02999877929688,139.99000549316406,133.3699951171875,139.10000610351562,682500
2020-03-11,132.0,132.0,135.8800048828125,128.8699951171875,133.13999938964844,744900
2020-03-12,117.54000091552734,117.54000091552734,125.47000122070312,110.94000244140625,123.4000015258789,1157800
2020-03-13,124.83999633789062,124.83999633789062,126.33000183105469,120.37000274658203,122.13999938964844,756000
2020-03-16,94.30999755859375,94.30999755859375,114.69000244140625,92.95999908447266,113.52999877929688,946900
2020-03-17,98.43000030517578,98.43000030517578,98.83999633789062,94.36000061035156,95.86000061035156,851800
2020-03-18,76.31999969482422,76.31999969482422,92.44999694824219,73.41999816894531,92.44999694824219,2480300
2020-03-19,69.94999694824219,69.94999694824219,81.58999633789062,64.2300033569336,76.54000091552734,2605000
2020-03-20,83.95999908447266,83.95999908447266,85.9000015258789,68.12999725341797,71.13999938964844,1767700
2020-03-23,85.48999786376953,85.48999786376953,90.30999755859375,78.13999938964844,82.91999816894531,1624000
2020-03-24,92.02999877929688,92.02999877929688,93.2300033569336,87.16000366210938,90.58000183105469,652800
2020-03-25,94.16000366210938,94.16000366210938,99.86000061035156,92.12000274658203,92.98999786376953,1191600
2020-03-26,100.87000274658203,100.87000274658203,101.08999633789062,94.2300033569336,95.5999984741211,933400
2020-03-27,103.01000213623047,103.01000213623047,106.26000213623047,95.83999633789062,97.6500015258789,688500
2020-03-30,99.30999755859375,99.30999755859375,102.69000244140625,95.19999694824219,101.76000213623047,906000
2020-03-31,102.0,102.0,104.29000091552734,96.31999969482422,98.77999877929688,1033400
2020-04-01,93.0,93.0,98.41000366210938,91.47000122070312,98.41000366210938,965300
2020-04-02,96.0199966430664,96.0199966430664,96.72000122070312,92.02999877929688,93.0999984741211,433500
2020-04-03,91.0999984741211,91.0999984741211,97.4000015258789,89.7300033569336,95.12000274658203,515300
2020-04-06,97.5,97.5,99.48999786376953,90.87000274658203,94.93000030517578,672300
2020-04-07,102.87000274658203,102.87000274658203,111.93000030517578,101.79000091552734,104.98999786376953,971800
2020-04-08,111.37999725341797,111.37999725341797,111.87000274658203,102.9800033569336,103.80000305175781,688000
2020-04-09,117.04000091552734,117.04000091552734,120.0,112.70999908447266,112.70999908447266,968300
2020-04-13,116.58999633789062,116.58999633789062,118.88999938964844,113.29000091552734,117.43000030517578,630600
2020-04-14,119.72000122070312,119.72000122070312,121.3499984741211,118.18000030517578,119.52999877929688,506500
2020-04-15,115.33999633789062,115.33999633789062,116.83999633789062,114.31999969482422,116.08999633789062,651300
2020-04-16,111.31999969482422,111.31999969482422,115.7300033569336,108.37999725341797,115.05999755859375,805900
2020-04-17,121.51000213623047,121.51000213623047,122.58999633789062,114.69000244140625,114.69000244140625,722300
2020-04-20,120.0,120.0,124.62000274658203,116.87000274658203,118.55000305175781,697600
2020-04-21,112.38999938964844,112.38999938964844,116.86000061035156,111.25,113.30000305175781,918800
2020-04-22,110.94999694824219,110.94999694824219,114.98999786376953,110.81999969482422,112.88999938964844,364200
2020-04-23,109.33000183105469,109.33000183105469,112.4800033569336,108.54000091552734,110.55999755859375,544400
2020-04-24,107.6500015258789,107.6500015258789,109.94999694824219,105.05999755859375,109.94999694824219,925100
2020-04-27,111.29000091552734,111.29000091552734,113.44000244140625,108.52999877929688,109.2699966430664,916800
2020-04-28,116.20999908447266,116.20999908447266,117.70999908447266,112.12999725341797,113.81999969482422,871600
2020-04-29,122.0999984741211,122.0999984741211,125.16000366210938,117.37999725341797,118.95999908447266,671400
2020-04-30,116.44999694824219,116.44999694824219,119.91999816894531,115.91999816894531,119.91999816894531,407700
2020-05-01,115.95999908447266,115.95999908447266,116.33000183105469,111.44999694824219,113.2699966430664,409700
2020-05-04,115.06999969482422,115.06999969482422,115.20999908447266,113.0,114.27999877929688,378000
2020-05-05,121.1500015258789,121.1500015258789,122.43000030517578,116.83000183105469,116.95999908447266,546500
2020-05-06,120.69999694824219,120.69999694824219,122.86000061035156,119.2300033569336,122.16000366210938,977200
2020-05-07,112.61000061035156,112.61000061035156,123.11000061035156,112.33999633789062,123.11000061035156,1138800
2020-05-08,112.36000061035156,112.36000061035156,116.1500015258789,112.18000030517578,114.2300033569336,410300
2020-05-11,113.08999633789062,113.08999633789062,114.86000061035156,110.80999755859375,112.56999969482422,1139000
2020-05-12,106.5,106.5,114.5,106.4800033569336,114.5,512700
2020-05-13,100.33000183105469,100.33000183105469,106.80999755859375,97.66000366210938,105.80999755859375,1085800
2020-05-14,100.93000030517578,100.93000030517578,101.05000305175781,97.2300033569336,98.88999938964844,844800
2020-05-15,99.12999725341797,99.12999725341797,102.1500015258789,99.01000213623047,100.66000366210938,542900
2020-05-18,108.4800033569336,108.4800033569336,109.05999755859375,102.68000030517578,102.88999938964844,624800
2020-05-19,105.41000366210938,105.41000366210938,109.44000244140625,105.23999786376953,108.08000183105469,598200
2020-05-20,105.80000305175781,105.80000305175781,107.9800033569336,105.20999908447266,107.3499984741211,534300
2020-05-21,106.02999877929688,106.02999877929688,108.47000122070312,104.6500015258789,106.30999755859375,361400
2020-05-22,106.04000091552734,106.04000091552734,107.13999938964844,104.54000091552734,107.05000305175781,479500
2020-05-26,108.9800033569336,108.9800033569336,111.2699966430664,108.7300033569336,111.06999969482422,544300
2020-05-27,117.58000183105469,117.58000183105469,117.94999694824219,109.37000274658203,111.79000091552734,1186700
2020-05-28,112.68000030517578,112.68000030517578,118.5,112.22000122070312,117.63999938964844,732800
2020-05-29,111.87999725341797,111.87999725341797,113.55999755859375,109.6500015258789,111.86000061035156,607500
2020-06-01,114.91999816894531,114.91999816894531,115.5,112.2699966430664,112.2699966430664,414500
2020-06-02,118.16999816894531,118.16999816894531,118.22000122070312,115.41999816894531,116.52999877929688,519900
2020-06-03,128.05999755859375,128.05999755859375,128.27999877929688,120.51000213623047,120.62999725341797,875800
2020-06-04,128.02999877929688,128.02999877929688,128.85000610351562,126.37000274658203,127.4000015258789,741200
2020-06-05,136.33999633789062,136.33999633789062,139.49000549316406,132.4600067138672,132.4600067138672,996100
2020-06-08,136.25,136.25,139.5,133.77000427246094,138.0,1573800
2020-06-09,129.94000244140625,129.94000244140625,133.25,128.6300048828125,132.75999450683594,587200
2020-06-10,128.5,128.5,131.49000549316406,125.1500015258789,129.41000366210938,501400
2020-06-11,119.7699966430664,119.7699966430664,123.37000274658203,119.0,120.86000061035156,692000
2020-06-12,121.55999755859375,121.55999755859375,126.55000305175781,118.4800033569336,125.31999969482422,395600
2020-06-15,121.20999908447266,121.20999908447266,122.55999755859375,116.97000122070312,117.4000015258789,453000
2020-06-16,124.81999969482422,124.81999969482422,127.55000305175781,122.94000244140625,125.88999938964844,424900
2020-06-17,121.36000061035156,121.36000061035156,125.08000183105469,120.94000244140625,124.94999694824219,308500
2020-06-18,120.47000122070312,120.47000122070312,122.87999725341797,120.01000213623047,120.06999969482422,296600
2020-06-19,115.0999984741211,115.0999984741211,122.41999816894531,115.06999969482422,122.41999816894531,392300
2020-06-22,117.0,117.0,117.27999877929688,112.97000122070312,115.2300033569336,640400
2020-06-23,117.66999816894531,117.66999816894531,119.36000061035156,116.9000015258789,119.36000061035156,487000
2020-06-24,113.7300033569336,113.7300033569336,117.12000274658203,111.2699966430664,116.81999969482422,1033500
2020-06-25,115.31999969482422,115.31999969482422,115.63999938964844,111.63999938964844,113.2300033569336,624500
2020-06-26,110.26000213623047,110.26000213623047,115.38999938964844,110.13999938964844,114.95999908447266,1178900
2020-06-29,115.54000091552734,115.54000091552734,115.76000213623047,109.79000091552734,110.75,324700
2020-06-30,117.19999694824219,117.19999694824219,117.94999694824219,113.44000244140625,114.97000122070312,479500
2020-07-01,118.01000213623047,118.01000213623047,121.13999938964844,117.06999969482422,117.06999969482422,643200
2020-07-02,114.83000183105469,114.83000183105469,121.0199966430664,114.73999786376953,119.86000061035156,669800
2020-07-06,116.70999908447266,116.70999908447266,117.88999938964844,114.7300033569336,117.05999755859375,435300
2020-07-07,110.75,110.75,115.48999786376953,110.0199966430664,115.48999786376953,1072700
2020-07-08,111.33000183105469,111.33000183105469,113.68000030517578,109.43000030517578,111.31999969482422,665600
2020-07-09,107.19999694824219,107.19999694824219,112.0,105.91000366210938,111.62999725341797,559400
2020-07-10,110.12000274658203,110.12000274658203,110.2300033569336,106.30999755859375,107.19000244140625,427800
2020-07-13,109.18000030517578,109.18000030517578,112.41999816894531,107.87999725341797,111.79000091552734,717900
2020-07-14,109.0999984741211,109.0999984741211,109.20999908447266,106.66999816894531,108.94000244140625,352500
2020-07-15,115.69000244140625,115.69000244140625,115.76000213623047,110.66999816894531,111.80999755859375,600800
2020-07-16,115.56999969482422,115.56999969482422,117.08999633789062,113.51000213623047,114.68000030517578,477300
2020-07-17,115.91999816894531,115.91999816894531,117.1500015258789,114.43000030517578,116.0,425900
2020-07-20,113.08999633789062,113.08999633789062,117.5999984741211,112.37000274658203,115.55999755859375,559400
2020-07-21,111.20999908447266,111.20999908447266,116.16999816894531,110.73999786376953,114.62999725341797,580200
2020-07-22,113.27999877929688,113.27999877929688,113.77999877929688,108.54000091552734,111.41000366210938,615500
2020-07-23,110.6500015258789,110.6500015258789,113.01000213623047,109.5,113.01000213623047,783900
2020-07-24,110.97000122070312,110.97000122070312,111.76000213623047,109.63999938964844,110.91000366210938,270500
2020-07-27,111.81999969482422,111.81999969482422,112.08000183105469,109.83000183105469,110.95999908447266,381700
2020-07-28,110.47000122070312,110.47000122070312,112.55999755859375,110.26000213623047,111.58000183105469,247500
2020-07-29,110.63999938964844,110.63999938964844,113.20999908447266,110.45999908447266,111.58999633789062,354400
2020-07-30,109.5,109.5,110.33999633789062,108.44999694824219,109.5,467000
2020-07-31,107.23999786376953,107.23999786376953,110.41999816894531,105.86000061035156,109.5,533700
2020-08-03,106.70999908447266,106.70999908447266,109.08000183105469,106.22000122070312,107.6500015258789,449800
2020-08-04,111.5,111.5,111.98999786376953,106.2699966430664,107.1500015258789,705200
2020-08-05,112.97000122070312,112.97000122070312,113.3499984741211,110.62000274658203,112.30999755859375,509100
2020-08-06,123.55000305175781,123.55000305175781,129.0,121.16999816894531,126.12999725341797,1514500
2020-08-07,121.6500015258789,121.6500015258789,123.68000030517578,120.69000244140625,122.33000183105469,642700
2020-08-10,120.30999755859375,120.30999755859375,122.8499984741211,118.98999786376953,121.83999633789062,767000
2020-08-11,126.25,126.25,128.17999267578125,121.19999694824219,121.51000213623047,726400
2020-08-12,126.0,126.0,126.75,124.44999694824219,126.75,563900
2020-08-13,128.27999877929688,128.27999877929688,128.6999969482422,125.02999877929688,125.02999877929688,704500
2020-08-14,130.30999755859375,130.30999755859375,130.8000030517578,127.05000305175781,127.75,446100
2020-08-17,130.1199951171875,130.1199951171875,132.35000610351562,129.72000122070312,131.9199981689453,929100
2020-08-18,127.6500015258789,127.6500015258789,130.5399932861328,126.91999816894531,130.5399932861328,522700
2020-08-19,126.9800033569336,126.9800033569336,128.17999267578125,126.7699966430664,127.61000061035156,397500
2020-08-20,127.20999908447266,127.20999908447266,127.48999786376953,125.94999694824219,126.05000305175781,377400
2020-08-21,128.57000732421875,128.57000732421875,129.36000061035156,127.20999908447266,127.2699966430664,462900
2020-08-24,129.35000610351562,129.35000610351562,129.47000122070312,127.7699966430664,129.47000122070312,479900
2020-08-25,131.4600067138672,131.4600067138672,131.67999267578125,128.0500030517578,129.5500030517578,609600
2020-08-26,128.7100067138672,128.7100067138672,131.4600067138672,128.36000061035156,131.4600067138672,500600
2020-08-27,134.1199951171875,134.1199951171875,135.50999450683594,129.0,129.0,877200
2020-08-28,135.99000549316406,135.99000549316406,137.42999267578125,133.1699981689453,135.0,531800
2020-08-31,133.00999450683594,133.00999450683594,135.74000549316406,130.0,135.3300018310547,528400
2020-09-01,135.74000549316406,135.74000549316406,135.74000549316406,132.10000610351562,132.69000244140625,362600
2020-09-02,135.0500030517578,135.0500030517578,137.25,134.0399932861328,137.00999450683594,502700
2020-09-03,137.1300048828125,137.1300048828125,137.6300048828125,133.3000030517578,135.32000732421875,892700
2020-09-04,136.25999450683594,136.25999450683594,138.66000366210938,133.5500030517578,138.1699981689453,436300
2020-09-08,135.30999755859375,135.30999755859375,137.55999755859375,132.69000244140625,134.75,564600
2020-09-09,135.97999572753906,135.97999572753906,136.22999572753906,132.97000122070312,134.77000427246094,399500
2020-09-10,135.97999572753906,135.97999572753906,137.60000610351562,134.39999389648438,135.86000061035156,934300
2020-09-11,134.67999267578125,134.67999267578125,137.77000427246094,133.75999450683594,137.0,346600
2020-09-14,136.6300048828125,136.6300048828125,137.94000244140625,135.3000030517578,135.72999572753906,713200
2020-09-15,139.63999938964844,139.63999938964844,140.32000732421875,136.8000030517578,136.91000366210938,538100
2020-09-16,143.05999755859375,143.05999755859375,145.44000244140625,139.17999267578125,140.05999755859375,723800
2020-09-17,141.3800048828125,141.3800048828125,143.44000244140625,140.39999389648438,141.44000244140625,758900
2020-09-18,139.4600067138672,139.4600067138672,142.3300018310547,138.41000366210938,141.1999969482422,576500
2020-09-21,138.1999969482422,138.1999969482422,138.38999938964844,133.00999450683594,135.4199981689453,912700
2020-09-22,142.5,142.5,142.52000427246094,137.41000366210938,137.8300018310547,535900
2020-09-23,142.57000732421875,142.57000732421875,145.92999267578125,142.3800048828125,143.27999877929688,865700
2020-09-24,140.97000122070312,140.97000122070312,142.25,138.72999572753906,141.3699951171875,470500
2020-09-25,144.36000061035156,144.36000061035156,144.4199981689453,140.6300048828125,140.6300048828125,274200
2020-09-28,148.52999877929688,148.52999877929688,149.4600067138672,146.19000244140625,146.30999755859375,370200
2020-09-29,149.75,149.75,149.8800048828125,145.5399932861328,148.5500030517578,541300
2020-09-30,152.0399932861328,152.0399932861328,152.55999755859375,149.1999969482422,149.1999969482422,657800
2020-10-01,155.0,155.0,155.0,149.92999267578125,153.50999450683594,455400
2020-10-02,154.94000244140625,154.94000244140625,156.80999755859375,152.22000122070312,152.63999938964844,374100
2020-10-05,157.99000549316406,157.99000549316406,157.99000549316406,155.13999938964844,156.07000732421875,435500
2020-10-06,149.9199981689453,149.9199981689453,157.4600067138672,149.4199981689453,157.30999755859375,657500
2020-10-07,152.58999633789062,152.58999633789062,153.47000122070312,151.0800018310547,151.49000549316406,322400
2020-10-08,153.7899932861328,153.7899932861328,155.6699981689453,153.22999572753906,153.4600067138672,252500
2020-10-09,154.60000610351562,154.60000610351562,155.91000366210938,153.5399932861328,154.02999877929688,257500
2020-10-12,155.85000610351562,155.85000610351562,157.8699951171875,154.9499969482422,155.4600067138672,278100
2020-10-13,152.82000732421875,152.82000732421875,156.50999450683594,152.75999450683594,155.6300048828125,461000
2020-10-14,154.69000244140625,154.69000244140625,155.91000366210938,153.3000030517578,153.52999877929688,210200
2020-10-15,157.25999450683594,157.25999450683594,158.07000732421875,152.22000122070312,153.3800048828125,178000
2020-10-16,158.27999877929688,158.27999877929688,160.8300018310547,157.41000366210938,157.89999389648438,177400
2020-10-19,156.05999755859375,156.05999755859375,162.0500030517578,155.7100067138672,159.85000610351562,429700
2020-10-20,163.25,163.25,164.55999755859375,157.1199951171875,157.61000061035156,612400
2020-10-21,165.75,165.75,167.86000061035156,162.77000427246094,163.82000732421875,655200
2020-10-22,164.7899932861328,164.7899932861328,166.47000122070312,162.7899932861328,166.19000244140625,417600
2020-10-23,162.5,162.5,165.3699951171875,161.67999267578125,164.4600067138672,233400
2020-10-26,161.75999450683594,161.75999450683594,162.1199951171875,158.14999389648438,160.02000427246094,225500
2020-10-27,159.99000549316406,159.99000549316406,163.83999633789062,158.94000244140625,161.50999450683594,373500
2020-10-28,157.64999389648438,157.64999389648438,158.97000122070312,154.85000610351562,157.6999969482422,380300
2020-10-29,160.9600067138672,160.9600067138672,161.72000122070312,155.60000610351562,157.64999389648438,285300
2020-10-30,158.0500030517578,158.0500030517578,160.91000366210938,155.3000030517578,159.8800048828125,295100
2020-11-02,156.05999755859375,156.05999755859375,157.25999450683594,152.05999755859375,155.25,479400
2020-11-03,157.5399932861328,157.5399932861328,160.47999572753906,156.5399932861328,159.08999633789062,347200
2020-11-04,157.99000549316406,157.99000549316406,162.47000122070312,156.50999450683594,158.63999938964844,569300
2020-11-05,163.3300018310547,163.3300018310547,164.00999450683594,160.4199981689453,160.4199981689453,346300
2020-11-06,154.5500030517578,154.5500030517578,163.11000061035156,153.39999389648438,162.0,873200
2020-11-09,173.00999450683594,173.00999450683594,177.16000366210938,163.14999389648438,163.14999389648438,1083100
2020-11-10,167.10000610351562,167.10000610351562,174.0,166.52000427246094,171.75999450683594,754300
2020-11-11,168.02000427246094,168.02000427246094,169.97999572753906,166.99000549316406,168.8300018310547,433700
2020-11-12,163.5800018310547,163.5800018310547,168.9600067138672,161.35000610351562,167.57000732421875,535900
2020-11-13,166.5500030517578,166.5500030517578,166.97000122070312,163.5800018310547,164.39999389648438,232900
2020-11-16,170.22000122070312,170.22000122070312,170.35000610351562,165.7899932861328,169.6999969482422,498100
2020-11-17,168.49000549316406,168.49000549316406,169.44000244140625,166.0800018310547,169.44000244140625,223200
2020-11-18,168.3300018310547,168.3300018310547,171.67999267578125,167.85000610351562,168.0,246800
2020-11-19,167.75,167.75,169.05999755859375,165.88999938964844,167.19000244140625,260900
2020-11-20,167.1199951171875,167.1199951171875,168.5399932861328,164.0399932861328,166.89999389648438,196100
2020-11-23,167.7899932861328,167.7899932861328,171.08999633789062,167.10000610351562,169.3699951171875,263500
2020-11-24,171.99000549316406,171.99000549316406,172.7100067138672,168.17999267578125,169.19000244140625,216100
2020-11-25,173.02000427246094,173.02000427246094,173.7899932861328,170.8300018310547,172.25,187700
2020-11-27,171.27999877929688,171.27999877929688,174.02000427246094,170.72999572753906,172.6999969482422,91500
2020-11-30,170.11000061035156,170.11000061035156,172.05999755859375,168.1199951171875,170.4600067138672,306900
2020-12-01,169.02000427246094,169.02000427246094,173.69000244140625,168.6300048828125,172.39999389648438,221000
2020-12-02,165.24000549316406,165.24000549316406,168.55999755859375,165.17999267578125,168.5399932861328,213800
2020-12-03,164.8800048828125,164.8800048828125,166.8699951171875,164.13999938964844,165.3800048828125,276500
2020-12-04,166.0,166.0,166.82000732421875,164.58999633789062,166.4499969482422,407100
2020-12-07,166.39999389648438,166.39999389648438,167.30999755859375,165.1999969482422,166.52999877929688,549400
2020-12-08,168.60000610351562,168.60000610351562,169.02999877929688,165.2899932861328,165.2899932861328,180100
2020-12-09,166.3000030517578,166.3000030517578,169.38999938964844,165.4600067138672,169.38999938964844,216300
2020-12-10,166.32000732421875,166.32000732421875,167.2899932861328,165.25,165.77999877929688,243100
2020-12-11,164.64999389648438,164.64999389648438,167.86000061035156,163.83999633789062,166.1999969482422,225700
2020-12-14,168.52000427246094,168.52000427246094,169.5399932861328,165.91000366210938,166.16000366210938,352600
2020-12-15,170.9600067138672,170.9600067138672,172.4199981689453,167.25,168.41000366210938,298600
2020-12-16,170.1699981689453,170.1699981689453,172.7899932861328,169.86000061035156,172.27000427246094,269100
2020-12-17,166.57000732421875,166.57000732421875,170.63999938964844,165.3300018310547,170.47000122070312,340500
2020-12-18,168.6199951171875,168.6199951171875,168.9499969482422,166.64999389648438,168.9199981689453,531000
2020-12-21,167.1699981689453,167.1699981689453,168.10000610351562,163.86000061035156,165.89999389648438,308400
2020-12-22,161.94000244140625,161.94000244140625,167.47999572753906,161.00999450683594,167.30999755859375,362300
2020-12-23,165.2899932861328,165.2899932861328,166.13999938964844,162.1199951171875,163.49000549316406,323800
2020-12-24,165.33999633789062,165.33999633789062,166.3800048828125,164.8800048828125,166.3800048828125,42200
2020-12-28,168.32000732421875,168.32000732421875,168.6199951171875,164.72999572753906,166.47999572753906,192000
2020-12-29,170.44000244140625,170.44000244140625,170.67999267578125,168.1300048828125,169.3800048828125,206900
2020-12-30,169.80999755859375,169.80999755859375,171.7899932861328,169.3699951171875,170.7899932861328,166200
2020-12-31,172.99000549316406,172.99000549316406,173.3000030517578,168.61000061035156,168.92999267578125,179500
2021-01-04,164.42999267578125,164.42999267578125,170.9600067138672,161.4499969482422,167.8699951171875,296700
2021-01-05,167.72999572753906,167.72999572753906,168.22000122070312,164.30999755859375,164.4600067138672,174000
2021-01-06,166.10000610351562,166.10000610351562,170.7100067138672,165.57000732421875,168.4600067138672,368200
2021-01-07,167.27999877929688,167.27999877929688,169.10000610351562,166.36000061035156,166.94000244140625,267000
2021-01-08,161.7899932861328,161.7899932861328,168.99000549316406,160.5,168.99000549316406,460500
2021-01-11,161.6699981689453,161.6699981689453,165.6999969482422,160.2100067138672,160.2100067138672,252800
2021-01-12,159.69000244140625,159.69000244140625,163.72999572753906,158.9199981689453,163.72999572753906,426000
2021-01-13,156.24000549316406,156.24000549316406,159.5500030517578,155.6999969482422,159.1999969482422,341000
2021-01-14,155.86000061035156,155.86000061035156,159.0800018310547,154.64999389648438,158.19000244140625,237400
2021-01-15,158.35000610351562,158.35000610351562,160.0,155.82000732421875,156.11000061035156,413000
2021-01-19,159.1699981689453,159.1699981689453,161.02000427246094,157.83999633789062,158.61000061035156,248300
2021-01-20,159.63999938964844,159.63999938964844,160.82000732421875,157.3000030517578,159.02999877929688,276600
2021-01-21,159.36000061035156,159.36000061035156,161.5800018310547,157.82000732421875,160.64999389648438,230900
2021-01-22,156.38999938964844,156.38999938964844,159.00999450683594,156.35000610351562,158.13999938964844,198900
2021-01-25,151.77000427246094,151.77000427246094,156.3000030517578,151.02999877929688,156.02000427246094,354100
2021-01-26,157.4600067138672,157.4600067138672,158.7100067138672,152.41000366210938,153.5399932861328,313300
2021-01-27,157.69000244140625,157.69000244140625,159.8800048828125,154.5500030517578,155.72000122070312,587200
2021-01-28,155.99000549316406,155.99000549316406,158.3800048828125,154.1199951171875,157.30999755859375,615000
2021-01-29,151.97000122070312,151.97000122070312,155.61000061035156,151.22000122070312,155.02000427246094,713600
2021-02-01,157.35000610351562,157.35000610351562,158.0,152.55999755859375,154.47999572753906,410300
2021-02-02,159.60000610351562,159.60000610351562,161.27999877929688,157.64999389648438,157.7899932861328,472000
2021-02-03,163.1300048828125,163.1300048828125,163.4199981689453,158.8800048828125,160.0,293900
2021-02-04,166.8300018310547,166.8300018310547,167.85000610351562,162.36000061035156,163.25,382000
2021-02-05,171.1300048828125,171.1300048828125,171.9600067138672,168.2100067138672,168.92999267578125,318500
2021-02-08,172.60000610351562,172.60000610351562,172.7100067138672,171.1699981689453,172.02999877929688,404600
2021-02-09,173.4499969482422,173.4499969482422,175.08999633789062,170.44000244140625,173.57000732421875,544300
2021-02-10,174.32000732421875,174.32000732421875,176.69000244140625,172.75999450683594,174.63999938964844,387100
2021-02-11,172.72999572753906,172.72999572753906,175.92999267578125,171.57000732421875,174.69000244140625,415200
2021-02-12,178.17999267578125,178.17999267578125,178.33999633789062,170.82000732421875,171.6999969482422,298500
2021-02-16,181.69000244140625,181.69000244140625,182.49000549316406,176.0500030517578,179.57000732421875,390100
2021-02-17,179.74000549316406,179.74000549316406,182.1300048828125,179.3000030517578,181.66000366210938,353100
2021-02-18,164.97999572753906,164.97999572753906,174.11000061035156,163.11000061035156,172.0,634300
2021-02-19,169.69000244140625,169.69000244140625,172.61000061035156,164.55999755859375,165.6199951171875,347800
2021-02-22,166.1300048828125,166.1300048828125,171.19000244140625,165.85000610351562,169.5,274400
2021-02-23,169.05999755859375,169.05999755859375,169.57000732421875,162.77999877929688,165.57000732421875,449500
2021-02-24,170.75999450683594,170.75999450683594,171.25999450683594,166.00999450683594,169.91000366210938,296900
2021-02-25,160.6999969482422,160.6999969482422,171.6999969482422,160.6699981689453,169.9499969482422,296200
2021-02-26,159.66000366210938,159.66000366210938,161.69000244140625,157.13999938964844,160.16000366210938,305400
2021-03-01,162.83999633789062,162.83999633789062,163.82000732421875,159.8699951171875,161.94000244140625,258900
2021-03-02,164.9499969482422,164.9499969482422,167.32000732421875,160.89999389648438,163.8000030517578,488400
2021-03-03,163.97000122070312,163.97000122070312,165.6999969482422,161.35000610351562,165.6300048828125,305000
2021-03-04,160.38999938964844,160.38999938964844,165.02999877929688,157.88999938964844,164.33999633789062,431400
2021-03-05,161.5,161.5,163.07000732421875,158.60000610351562,160.7899932861328,435300
2021-03-08,162.39999389648438,162.39999389648438,164.10000610351562,160.52999877929688,162.00999450683594,431200
2021-03-09,162.69000244140625,162.69000244140625,165.99000549316406,160.88999938964844,164.1199951171875,489800
2021-03-10,164.0,164.0,167.3800048828125,161.22999572753906,162.19000244140625,355200
2021-03-11,170.83999633789062,170.83999633789062,172.0800018310547,164.27999877929688,165.50999450683594,314200
2021-03-12,169.60000610351562,169.60000610351562,173.74000549316406,169.60000610351562,170.8000030517578,226300
2021-03-15,169.39999389648438,169.39999389648438,169.82000732421875,166.16000366210938,168.8800048828125,249500
2021-03-16,167.02000427246094,167.02000427246094,170.94000244140625,166.69000244140625,170.13999938964844,128600
2021-03-17,169.6999969482422,169.6999969482422,170.16000366210938,165.8000030517578,166.39999389648438,207700
2021-03-18,169.36000061035156,169.36000061035156,172.82000732421875,167.66000366210938,169.60000610351562,247000
2021-03-19,167.36000061035156,167.36000061035156,169.9199981689453,165.77000427246094,169.9199981689453,327200
2021-03-22,163.4499969482422,163.4499969482422,167.50999450683594,163.39999389648438,165.94000244140625,312100
2021-03-23,159.0500030517578,159.0500030517578,163.72000122070312,159.0500030517578,162.00999450683594,296700
2021-03-24,163.42999267578125,163.42999267578125,164.99000549316406,159.10000610351562,160.41000366210938,256400
2021-03-25,165.7100067138672,165.7100067138672,166.5,161.39999389648438,162.97999572753906,179200
2021-03-26,167.5800018310547,167.5800018310547,167.77999877929688,164.42999267578125,166.5500030517578,151900
2021-03-29,165.16000366210938,165.16000366210938,168.9600067138672,164.1300048828125,167.11000061035156,222600
2021-03-30,169.08999633789062,169.08999633789062,170.7100067138672,164.6199951171875,164.8800048828125,179700
2021-03-31,171.4499969482422,171.4499969482422,173.2899932861328,167.8699951171875,169.1999969482422,304700
2021-04-01,176.75999450683594,176.75999450683594,177.0,173.05999755859375,173.0800018310547,270400
2021-04-05,180.39999389648438,180.39999389648438,182.5,177.8300018310547,178.64999389648438,539700
2021-04-06,178.2899932861328,178.2899932861328,180.30999755859375,177.13999938964844,180.0,479800
2021-04-07,158.99000549316406,158.99000549316406,173.1999969482422,157.55999755859375,172.66000366210938,711000
2021-04-08,164.5399932861328,164.5399932861328,165.25999450683594,157.89999389648438,159.60000610351562,533600
2021-04-09,164.7899932861328,164.7899932861328,165.6199951171875,162.3000030517578,165.25999450683594,536200
2021-04-12,166.50999450683594,166.50999450683594,167.27000427246094,163.05999755859375,164.82000732421875,328600
2021-04-13,162.27999877929688,162.27999877929688,166.16000366210938,161.7100067138672,165.49000549316406,330900
2021-04-14,164.75,164.75,166.6699981689453,163.0,163.25,233100
2021-04-15,166.25999450683594,166.25999450683594,167.77999877929688,165.57000732421875,166.3300018310547,149400
2021-04-16,167.08999633789062,167.08999633789062,167.52000427246094,165.47000122070312,167.52000427246094,153000
2021-04-19,164.66000366210938,164.66000366210938,168.89999389648438,163.38999938964844,168.25,301900
2021-04-20,163.25999450683594,163.25999450683594,167.75,162.9199981689453,164.86000061035156,250100
2021-04-21,164.1999969482422,164.1999969482422,165.27999877929688,162.50999450683594,162.6999969482422,238700
2021-04-22,165.2100067138672,165.2100067138672,167.11000061035156,163.75999450683594,164.61000061035156,214500
2021-04-23,163.49000549316406,163.49000549316406,165.77999877929688,162.8800048828125,165.36000061035156,357300
2021-04-26,162.6699981689453,162.6699981689453,164.6999969482422,162.57000732421875,164.50999450683594,631500
2021-04-27,156.41000366210938,156.41000366210938,163.2899932861328,154.8000030517578,163.27000427246094,977200
2021-04-28,155.16000366210938,155.16000366210938,156.64999389648438,153.0399932861328,155.4499969482422,711800
2021-04-29,151.86000061035156,151.86000061035156,157.2899932861328,151.57000732421875,157.08999633789062,487400
2021-04-30,144.8300018310547,144.8300018310547,151.10000610351562,144.80999755859375,150.5399932861328,1071700
2021-05-03,148.0399932861328,148.0399932861328,148.69000244140625,146.10000610351562,146.89999389648438,509700
2021-05-04,146.07000732421875,146.07000732421875,148.64999389648438,144.38999938964844,147.49000549316406,555700
2021-05-05,148.14999389648438,148.14999389648438,148.5399932861328,145.11000061035156,147.22000122070312,482200
2021-05-06,137.5,137.5,148.47000122070312,137.4600067138672,146.55999755859375,747800
2021-05-07,136.0,136.0,138.77000427246094,135.0,138.77000427246094,984900
2021-05-10,139.0,139.0,140.80999755859375,136.36000061035156,138.3000030517578,597600
2021-05-11,133.69000244140625,133.69000244140625,136.89999389648438,132.6300048828125,136.27999877929688,770200
2021-05-12,134.2899932861328,134.2899932861328,135.5,132.4499969482422,132.4499969482422,1304000
2021-05-13,132.38999938964844,132.38999938964844,136.5399932861328,131.00999450683594,135.02000427246094,490300
2021-05-14,134.91000366210938,134.91000366210938,136.2100067138672,132.36000061035156,132.36000061035156,608100
2021-05-17,134.8699951171875,134.8699951171875,136.55999755859375,132.49000549316406,133.6999969482422,739400
2021-05-18,136.61000061035156,136.61000061035156,138.25,135.0,135.25999450683594,732400
2021-05-19,134.2100067138672,134.2100067138672,135.9600067138672,132.30999755859375,134.02000427246094,583000
2021-05-20,136.5399932861328,136.5399932861328,137.3699951171875,133.5500030517578,134.66000366210938,600100
2021-05-21,135.74000549316406,135.74000549316406,140.13999938964844,135.6199951171875,137.8300018310547,405500
2021-05-24,134.19000244140625,134.19000244140625,135.5500030517578,133.64999389648438,135.3300018310547,343900
2021-05-25,135.75999450683594,135.75999450683594,136.4499969482422,134.19000244140625,134.63999938964844,514500
2021-05-26,136.8000030517578,136.8000030517578,139.22000122070312,135.89999389648438,136.63999938964844,573800
2021-05-27,134.9199981689453,134.9199981689453,137.99000549316406,133.75,136.3000030517578,888400
2021-05-28,138.22999572753906,138.22999572753906,138.85000610351562,134.4600067138672,135.35000610351562,744100
2021-06-01,138.32000732421875,138.32000732421875,140.63999938964844,138.10000610351562,140.0,507000
2021-06-02,141.75,141.75,142.0399932861328,137.42999267578125,138.16000366210938,639600
2021-06-03,140.14999389648438,140.14999389648438,141.10000610351562,138.8300018310547,140.47000122070312,556000
2021-06-04,143.9600067138672,143.9600067138672,143.97000122070312,140.4600067138672,140.7899932861328,459400
2021-06-07,144.1699981689453,144.1699981689453,145.0800018310547,143.07000732421875,143.47000122070312,624500
2021-06-08,146.3000030517578,146.3000030517578,146.60000610351562,143.35000610351562,144.05999755859375,477600
2021-06-09,147.02999877929688,147.02999877929688,148.52999877929688,146.25,147.0800018310547,513700
2021-06-10,147.72000122070312,147.72000122070312,148.52999877929688,146.10000610351562,148.4600067138672,340900
2021-06-11,147.7899932861328,147.7899932861328,148.1699981689453,146.6300048828125,146.8699951171875,241200
2021-06-14,147.55999755859375,147.55999755859375,148.50999450683594,146.97999572753906,148.0399932861328,303200
2021-06-15,147.4499969482422,147.4499969482422,148.50999450683594,146.88999938964844,148.33999633789062,357600
2021-06-16,149.1300048828125,149.1300048828125,149.4199981689453,147.00999450683594,147.3000030517578,420700
2021-06-17,152.0800018310547,152.0800018310547,152.38999938964844,148.6300048828125,148.97999572753906,370700
2021-06-18,152.1300048828125,152.1300048828125,152.55999755859375,150.4600067138672,150.8699951171875,592400
2021-06-21,154.6300048828125,154.6300048828125,155.13999938964844,151.13999938964844,152.72999572753906,500200
2021-06-22,150.07000732421875,150.07000732421875,155.89999389648438,149.94000244140625,154.69000244140625,565600
2021-06-23,149.47000122070312,149.47000122070312,150.97000122070312,148.52999877929688,150.3300018310547,499400
2021-06-24,149.08999633789062,149.08999633789062,150.61000061035156,148.3699951171875,149.8300018310547,477500
2021-06-25,147.5500030517578,147.5500030517578,150.0399932861328,147.19000244140625,149.86000061035156,936100
2021-06-28,144.14999389648438,144.14999389648438,147.33999633789062,141.3699951171875,147.33999633789062,706600
2021-06-29,146.02000427246094,146.02000427246094,146.74000549316406,144.50999450683594,144.61000061035156,429700
2021-06-30,147.11000061035156,147.11000061035156,147.60000610351562,145.52999877929688,146.0500030517578,529700
2021-07-01,148.86000061035156,148.86000061035156,149.9499969482422,147.16000366210938,147.16000366210938,282200
2021-07-02,148.7899932861328,148.7899932861328,149.69000244140625,148.52000427246094,149.4199981689453,222000
2021-07-06,155.25999450683594,155.25999450683594,155.58999633789062,150.39999389648438,151.99000549316406,595600
2021-07-07,154.24000549316406,154.24000549316406,156.47000122070312,153.02000427246094,155.0,217700
2021-07-08,151.77000427246094,151.77000427246094,153.33999633789062,148.66000366210938,151.49000549316406,282600
2021-07-09,154.24000549316406,154.24000549316406,154.3300018310547,152.27999877929688,153.02999877929688,164100
2021-07-12,153.6999969482422,153.6999969482422,154.13999938964844,152.72999572753906,154.13999938964844,207700
2021-07-13,152.5800018310547,152.5800018310547,153.8300018310547,152.07000732421875,152.82000732421875,344200
2021-07-14,149.1199951171875,149.1199951171875,152.88999938964844,148.5800018310547,152.8800048828125,376700
2021-07-15,150.41000366210938,150.41000366210938,150.60000610351562,148.13999938964844,148.13999938964844,165900
2021-07-16,151.1300048828125,151.1300048828125,152.52000427246094,150.14999389648438,151.3699951171875,368900
2021-07-19,152.82000732421875,152.82000732421875,153.13999938964844,149.02000427246094,149.02000427246094,498400
2021-07-20,151.2100067138672,151.2100067138672,155.13999938964844,149.91000366210938,153.60000610351562,458200
2021-07-21,152.7100067138672,152.7100067138672,153.42999267578125,150.83999633789062,151.39999389648438,215400
2021-07-22,152.5500030517578,152.5500030517578,153.3300018310547,150.61000061035156,153.11000061035156,354700
2021-07-23,154.24000549316406,154.24000549316406,154.5399932861328,152.5,153.0,143900
2021-07-26,152.5800018310547,152.5800018310547,154.22000122070312,152.13999938964844,153.80999755859375,156300
2021-07-27,152.99000549316406,152.99000549316406,153.2899932861328,150.50999450683594,152.1999969482422,194100
2021-07-28,154.14999389648438,154.14999389648438,154.97000122070312,152.1999969482422,154.14999389648438,188000
2021-07-29,152.72999572753906,152.72999572753906,154.72999572753906,152.57000732421875,154.7100067138672,180900
2021-07-30,149.5,149.5,153.4600067138672,149.08999633789062,151.8699951171875,270900
2021-08-02,149.1300048828125,149.1300048828125,151.32000732421875,148.8000030517578,150.5399932861328,198500
2021-08-03,147.13999938964844,147.13999938964844,149.3300018310547,144.7899932861328,148.80999755859375,443400
2021-08-04,142.22999572753906,142.22999572753906,147.05999755859375,141.33999633789062,145.55999755859375,370100
2021-08-05,145.74000549316406,145.74000549316406,146.35000610351562,139.6699981689453,142.2100067138672,425600
2021-08-06,143.86000061035156,143.86000061035156,146.88999938964844,143.64999389648438,145.88999938964844,231000
2021-08-09,145.00999450683594,145.00999450683594,145.47000122070312,142.1699981689453,143.0,178200
2021-08-10,144.99000549316406,144.99000549316406,146.80999755859375,144.5500030517578,145.66000366210938,207100
2021-08-11,144.52999877929688,144.52999877929688,145.2100067138672,143.5500030517578,144.5800018310547,160700
2021-08-12,144.82000732421875,144.82000732421875,144.8699951171875,143.42999267578125,144.17999267578125,157700
2021-08-13,145.32000732421875,145.32000732421875,146.08999633789062,144.00999450683594,146.02000427246094,109600
2021-08-16,143.5500030517578,143.5500030517578,144.77000427246094,141.42999267578125,143.22999572753906,210900
2021-08-17,143.36000061035156,143.36000061035156,143.52000427246094,141.3699951171875,142.85000610351562,236700
2021-08-18,142.1300048828125,142.1300048828125,144.10000610351562,142.0500030517578,142.9499969482422,162400
2021-08-19,139.82000732421875,139.82000732421875,143.02999877929688,138.88999938964844,141.30999755859375,170600
2021-08-20,141.50999450683594,141.50999450683594,142.5500030517578,138.91000366210938,139.8699951171875,155600
2021-08-23,143.02999877929688,143.02999877929688,143.6300048828125,141.17999267578125,142.0,105400
2021-08-24,143.5500030517578,143.5500030517578,144.5800018310547,142.69000244140625,143.64999389648438,175700
2021-08-25,145.50999450683594,145.50999450683594,145.50999450683594,142.7100067138672,143.67999267578125,176900
2021-08-26,143.63999938964844,143.63999938964844,146.41000366210938,143.4600067138672,145.9199981689453,128800
2021-08-27,145.52999877929688,145.52999877929688,145.75999450683594,142.8699951171875,143.5500030517578,152100
2021-08-30,143.97000122070312,143.97000122070312,146.19000244140625,143.94000244140625,146.19000244140625,146900
2021-08-31,145.75999450683594,145.75999450683594,147.33999633789062,143.58999633789062,143.58999633789062,180200
2021-09-01,144.3000030517578,144.3000030517578,147.1300048828125,144.05999755859375,145.75,208600
2021-09-02,145.17999267578125,145.17999267578125,146.1300048828125,144.1199951171875,145.1199951171875,138700
2021-09-03,144.77999877929688,144.77999877929688,145.9499969482422,142.85000610351562,145.00999450683594,135700
2021-09-07,144.75,144.75,145.99000549316406,144.02000427246094,144.1699981689453,151900
2021-09-08,144.32000732421875,144.32000732421875,146.1999969482422,143.5,144.74000549316406,146500
2021-09-09,141.85000610351562,141.85000610351562,144.63999938964844,140.7899932861328,144.0800018310547,175900
2021-09-10,141.05999755859375,141.05999755859375,143.05999755859375,140.47999572753906,142.64999389648438,239700
2021-09-13,144.3300018310547,144.3300018310547,144.38999938964844,140.69000244140625,142.47999572753906,188900
2021-09-14,142.3699951171875,142.3699951171875,145.97000122070312,141.0800018310547,145.3800048828125,278900
2021-09-15,140.33999633789062,140.33999633789062,142.41000366210938,139.3300018310547,141.67999267578125,252500
2021-09-16,142.47999572753906,142.47999572753906,142.97000122070312,138.80999755859375,140.2100067138672,281400
2021-09-17,144.50999450683594,144.50999450683594,144.6699981689453,142.5399932861328,143.0,557200
2021-09-20,144.92999267578125,144.92999267578125,145.1300048828125,142.8800048828125,144.0,302100
2021-09-21,147.14999389648438,147.14999389648438,148.2100067138672,145.22000122070312,145.22000122070312,235100
2021-09-22,148.8699951171875,148.8699951171875,149.47000122070312,146.61000061035156,147.58999633789062,357500
2021-09-23,145.99000549316406,145.99000549316406,149.10000610351562,144.2100067138672,146.4499969482422,716600
2021-09-24,143.35000610351562,143.35000610351562,146.50999450683594,142.99000549316406,145.66000366210938,271100
2021-09-27,145.10000610351562,145.10000610351562,146.27999877929688,143.58999633789062,143.61000061035156,187900
2021-09-28,146.5500030517578,146.5500030517578,148.3000030517578,143.64999389648438,144.2899932861328,349300
2021-09-29,144.08999633789062,144.08999633789062,147.39999389648438,143.5500030517578,147.1199951171875,400500
2021-09-30,139.4199981689453,139.4199981689453,145.42999267578125,139.3300018310547,144.60000610351562,302200
2021-10-01,145.75999450683594,145.75999450683594,146.25999450683594,137.52999877929688,139.1199951171875,424800
2021-10-04,151.27999877929688,151.27999877929688,152.27999877929688,145.88999938964844,145.88999938964844,412300
2021-10-05,153.10000610351562,153.10000610351562,154.61000061035156,150.5500030517578,150.75,414300
2021-10-06,154.42999267578125,154.42999267578125,154.66000366210938,151.14999389648438,152.0399932861328,226700
2021-10-07,157.08999633789062,157.08999633789062,157.1699981689453,154.6300048828125,155.11000061035156,267200
2021-10-08,156.8000030517578,156.8000030517578,157.75,155.42999267578125,156.8000030517578,176100
2021-10-11,156.35000610351562,156.35000610351562,158.22999572753906,155.83999633789062,155.83999633789062,175700
2021-10-12,156.80999755859375,156.80999755859375,157.22000122070312,155.49000549316406,156.94000244140625,239600
2021-10-13,158.97999572753906,158.97999572753906,159.25,156.6699981689453,156.6699981689453,176100
2021-10-14,161.33999633789062,161.33999633789062,161.91000366210938,159.52000427246094,159.6199951171875,137000
2021-10-15,163.82000732421875,163.82000732421875,164.63999938964844,162.0,162.0,147700
2021-10-18,160.99000549316406,160.99000549316406,164.16000366210938,160.9199981689453,163.36000061035156,179100
2021-10-19,159.7899932861328,159.7899932861328,161.60000610351562,159.6699981689453,160.14999389648438,262200
2021-10-20,158.02999877929688,158.02999877929688,160.75999450683594,157.7100067138672,160.25,270200
2021-10-21,165.67999267578125,165.67999267578125,165.72999572753906,158.11000061035156,158.11000061035156,202000
2021-10-22,164.8000030517578,164.8000030517578,167.58999633789062,164.6999969482422,165.05999755859375,143600
2021-10-25,163.25,163.25,166.08999633789062,162.89999389648438,165.1199951171875,131500
2021-10-26,161.11000061035156,161.11000061035156,163.97999572753906,160.8699951171875,163.00999450683594,133000
2021-10-27,160.2100067138672,160.2100067138672,163.30999755859375,160.1999969482422,162.3000030517578,182400
2021-10-28,163.24000549316406,163.24000549316406,163.6199951171875,160.72000122070312,160.72000122070312,130300
2021-10-29,166.0,166.0,166.5800018310547,162.94000244140625,162.94000244140625,218500
2021-11-01,169.72999572753906,169.72999572753906,171.00999450683594,165.32000732421875,166.0,313900
2021-11-02,169.22000122070312,169.22000122070312,171.91000366210938,166.14999389648438,168.10000610351562,511000
2021-11-03,148.63999938964844,148.63999938964844,155.57000732421875,144.2100067138672,151.1300048828125,805200
2021-11-04,143.91000366210938,143.91000366210938,149.36000061035156,143.33999633789062,148.30999755859375,699600
2021-11-05,148.6999969482422,148.6999969482422,150.36000061035156,145.44000244140625,146.49000549316406,394300
2021-11-08,146.72999572753906,146.72999572753906,149.63999938964844,145.6300048828125,148.66000366210938,311100
2021-11-09,143.3699951171875,143.3699951171875,147.38999938964844,142.30999755859375,146.5,313700
2021-11-10,141.74000549316406,141.74000549316406,144.39999389648438,141.52000427246094,144.39999389648438,286200
2021-11-11,138.10000610351562,138.10000610351562,142.75,138.05999755859375,141.19000244140625,253100
2021-11-12,138.27999877929688,138.27999877929688,139.19000244140625,137.10000610351562,138.0,244200
2021-11-15,136.4499969482422,136.4499969482422,139.2899932861328,136.3699951171875,138.9600067138672,223100
2021-11-16,135.7899932861328,135.7899932861328,137.0,134.60000610351562,136.11000061035156,563400
2021-11-17,131.4499969482422,131.4499969482422,136.33999633789062,131.22999572753906,135.52000427246094,318200
2021-11-18,128.35000610351562,128.35000610351562,132.67999267578125,128.05999755859375,132.0500030517578,258000
2021-11-19,126.18000030517578,126.18000030517578,129.0,125.1500015258789,127.56999969482422,547000
2021-11-22,123.9000015258789,123.9000015258789,127.0,123.45999908447266,126.5199966430664,513500
2021-11-23,124.55999755859375,124.55999755859375,125.87000274658203,122.44999694824219,124.55000305175781,537600
2021-11-24,125.23999786376953,125.23999786376953,127.0999984741211,122.80000305175781,124.05999755859375,355300
2021-11-26,125.3499984741211,125.3499984741211,127.02999877929688,119.88999938964844,122.36000061035156,452800
2021-11-29,124.66000366210938,124.66000366210938,127.44000244140625,124.44000244140625,126.22000122070312,680700
2021-11-30,122.94999694824219,122.94999694824219,125.0,122.29000091552734,123.58999633789062,431200
2021-12-01,119.05999755859375,119.05999755859375,125.43000030517578,119.05999755859375,124.12000274658203,472900
2021-12-02,121.37999725341797,121.37999725341797,123.19999694824219,118.95999908447266,119.05000305175781,611900
2021-12-03,119.36000061035156,119.36000061035156,122.19999694824219,118.44000244140625,120.86000061035156,398500
2021-12-06,123.66000366210938,123.66000366210938,125.13999938964844,119.16999816894531,120.91999816894531,468800
2021-12-07,121.83000183105469,121.83000183105469,125.69999694824219,121.7300033569336,124.5199966430664,375700
2021-12-08,123.54000091552734,123.54000091552734,125.06999969482422,121.1500015258789,122.4800033569336,405500
2021-12-09,123.5,123.5,124.11000061035156,122.30000305175781,123.1500015258789,779900
2021-12-10,116.87999725341797,116.87999725341797,124.33999633789062,116.04000091552734,123.69000244140625,381400
2021-12-13,118.98999786376953,118.98999786376953,119.9000015258789,115.01000213623047,115.63999938964844,458600
2021-12-14,116.38999938964844,116.38999938964844,120.01000213623047,115.0999984741211,118.73999786376953,443300
2021-12-15,118.38999938964844,118.38999938964844,119.4000015258789,116.1500015258789,116.1500015258789,670900
2021-12-16,114.69000244140625,114.69000244140625,118.33999633789062,113.41000366210938,117.4000015258789,479800
2021-12-17,117.97000122070312,117.97000122070312,119.12999725341797,114.23999786376953,114.83000183105469,602000
2021-12-20,115.5999984741211,115.5999984741211,117.9000015258789,115.4800033569336,115.98999786376953,496500
2021-12-21,118.86000061035156,118.86000061035156,118.91999816894531,115.7300033569336,115.7300033569336,471900
2021-12-22,119.05999755859375,119.05999755859375,120.0,118.11000061035156,119.16999816894531,274100
2021-12-23,123.20999908447266,123.20999908447266,123.87000274658203,118.9800033569336,119.43000030517578,291700
2021-12-27,124.08000183105469,124.08000183105469,124.75,121.54000091552734,123.12000274658203,273500
2021-12-28,124.70999908447266,124.70999908447266,125.45999908447266,123.2699966430664,123.94000244140625,323600
2021-12-29,125.20999908447266,125.20999908447266,126.37999725341797,123.98999786376953,125.37000274658203,278200
2021-12-30,126.16999816894531,126.16999816894531,127.30000305175781,124.93000030517578,124.93000030517578,293900
2021-12-31,125.87999725341797,125.87999725341797,127.04000091552734,124.98999786376953,125.48999786376953,270800
2022-01-03,127.93000030517578,127.93000030517578,128.9499969482422,125.01000213623047,126.19000244140625,421700
2022-01-04,128.0800018310547,128.0800018310547,129.57000732421875,127.4800033569336,128.6300048828125,339800
2022-01-05,123.83999633789062,123.83999633789062,128.97000122070312,123.68000030517578,127.0999984741211,341600
2022-01-06,124.02999877929688,124.02999877929688,126.55999755859375,123.48999786376953,124.58000183105469,426100
2022-01-07,126.38999938964844,126.38999938964844,128.47000122070312,124.05000305175781,124.05999755859375,605500
2022-01-10,129.6999969482422,129.6999969482422,129.8699951171875,123.56999969482422,126.30000305175781,932300
2022-01-11,129.8300018310547,129.8300018310547,130.92999267578125,126.73999786376953,129.6699981689453,395600
2022-01-12,128.5399932861328,128.5399932861328,131.49000549316406,128.41000366210938,130.2100067138672,414400
2022-01-13,125.66999816894531,125.66999816894531,129.63999938964844,125.19000244140625,128.77999877929688,346800
2022-01-14,129.42999267578125,129.42999267578125,129.61000061035156,124.29000091552734,125.27999877929688,373600
2022-01-18,128.6199951171875,128.6199951171875,129.6699981689453,126.98999786376953,128.97999572753906,500400
2022-01-19,127.55000305175781,127.55000305175781,130.82000732421875,127.47000122070312,128.8800048828125,267300
2022-01-20,127.5,127.5,131.1199951171875,127.12000274658203,129.17999267578125,317300
2022-01-21,126.27999877929688,126.27999877929688,128.63999938964844,125.05000305175781,126.9800033569336,358200
2022-01-24,128.4499969482422,128.4499969482422,128.50999450683594,122.38999938964844,123.97000122070312,618200
2022-01-25,122.93000030517578,122.93000030517578,129.86000061035156,120.9000015258789,127.56999969482422,470200
2022-01-26,120.19000244140625,120.19000244140625,125.58000183105469,119.93000030517578,123.91000366210938,672800
2022-01-27,118.33999633789062,118.33999633789062,123.86000061035156,118.0999984741211,121.30999755859375,299800
2022-01-28,122.6500015258789,122.6500015258789,122.83000183105469,117.62000274658203,118.5,271100
2022-01-31,128.41000366210938,128.41000366210938,129.24000549316406,122.95999908447266,122.95999908447266,727600
2022-02-01,127.76000213623047,127.76000213623047,129.10000610351562,125.04000091552734,128.25,414600
2022-02-02,128.35000610351562,128.35000610351562,128.4499969482422,126.2300033569336,127.5,417900
2022-02-03,126.19000244140625,126.19000244140625,129.35000610351562,125.69999694824219,129.0800018310547,427200
2022-02-04,130.22999572753906,130.22999572753906,130.66000366210938,125.22000122070312,125.22000122070312,442100
2022-02-07,130.66000366210938,130.66000366210938,132.74000549316406,129.5500030517578,130.25999450683594,383100
2022-02-08,134.27000427246094,134.27000427246094,135.25999450683594,129.9600067138672,130.25999450683594,535000
2022-02-09,137.66000366210938,137.66000366210938,138.3800048828125,135.0399932861328,135.0399932861328,561300
2022-02-10,132.49000549316406,132.49000549316406,136.80999755859375,131.52000427246094,134.4499969482422,400800
2022-02-11,131.1300048828125,131.1300048828125,135.05999755859375,129.42999267578125,133.27999877929688,428900
2022-02-14,132.64999389648438,132.64999389648438,133.89999389648438,130.6199951171875,131.07000732421875,438100
2022-02-15,133.02000427246094,133.02000427246094,135.97999572753906,131.64999389648438,134.72000122070312,268100
2022-02-16,131.86000061035156,131.86000061035156,132.75999450683594,129.7899932861328,132.75999450683594,338900
2022-02-17,128.75,128.75,132.30999755859375,119.30999755859375,123.75,755900
2022-02-18,131.27999877929688,131.27999877929688,131.83999633789062,126.45999908447266,126.45999908447266,454900
2022-02-22,129.88999938964844,129.88999938964844,130.72000122070312,128.57000732421875,129.97000122070312,431900
2022-02-23,128.6300048828125,128.6300048828125,132.30999755859375,128.1699981689453,131.22000122070312,322200
2022-02-24,127.94999694824219,127.94999694824219,128.13999938964844,125.04000091552734,125.44999694824219,640300
2022-02-25,128.80999755859375,128.80999755859375,129.60000610351562,126.6500015258789,129.22000122070312,437600
2022-02-28,130.63999938964844,130.63999938964844,131.30999755859375,125.20999908447266,127.44999694824219,577900
2022-03-01,129.22000122070312,129.22000122070312,130.8000030517578,127.80999755859375,130.8000030517578,251400
2022-03-02,130.3300018310547,130.3300018310547,131.4499969482422,128.13999938964844,129.52999877929688,263400
2022-03-03,128.86000061035156,128.86000061035156,131.80999755859375,128.25999450683594,131.1699981689453,175000
2022-03-04,129.2899932861328,129.2899932861328,129.57000732421875,126.12000274658203,127.95999908447266,443900
2022-03-07,127.2300033569336,127.2300033569336,130.0800018310547,127.0199966430664,128.55999755859375,370400
2022-03-08,129.42999267578125,129.42999267578125,131.75999450683594,127.26000213623047,128.07000732421875,284000
2022-03-09,130.8800048828125,130.8800048828125,133.63999938964844,130.14999389648438,130.14999389648438,187800
2022-03-10,129.4499969482422,129.4499969482422,131.0,127.86000061035156,129.14999389648438,205700
2022-03-11,128.66000366210938,128.66000366210938,130.82000732421875,127.33000183105469,130.82000732421875,144500
2022-03-14,126.97000122070312,126.97000122070312,129.57000732421875,125.22000122070312,129.0800018310547,309900
2022-03-15,132.92999267578125,132.92999267578125,133.2100067138672,126.8499984741211,127.22000122070312,395300
2022-03-16,134.4600067138672,134.4600067138672,136.6999969482422,132.14999389648438,134.2899932861328,353900
2022-03-17,135.88999938964844,135.88999938964844,135.88999938964844,133.0,133.3800048828125,283800
2022-03-18,137.22999572753906,137.22999572753906,137.5399932861328,134.86000061035156,134.86000061035156,255000
2022-03-21,135.97999572753906,135.97999572753906,137.91000366210938,134.5399932861328,137.91000366210938,280800
2022-03-22,136.2100067138672,136.2100067138672,137.25,135.2899932861328,136.10000610351562,239500
2022-03-23,133.8699951171875,133.8699951171875,136.27000427246094,133.4199981689453,136.27000427246094,239700
2022-03-24,134.9499969482422,134.9499969482422,135.9499969482422,131.7100067138672,134.02999877929688,544500
2022-03-25,136.97000122070312,136.97000122070312,138.02000427246094,135.14999389648438,135.9499969482422,387300
2022-03-28,134.6999969482422,134.6999969482422,138.0399932861328,134.0399932861328,136.74000549316406,399600
2022-03-29,136.07000732421875,136.07000732421875,137.1300048828125,134.10000610351562,135.0500030517578,342300
2022-03-30,134.32000732421875,134.32000732421875,135.77000427246094,133.4199981689453,135.19000244140625,302000
2022-03-31,132.69000244140625,132.69000244140625,135.66000366210938,132.69000244140625,134.72999572753906,394500
2022-04-01,135.60000610351562,135.60000610351562,135.60000610351562,132.6699981689453,133.72000122070312,258700
2022-04-04,137.5399932861328,137.5399932861328,137.6300048828125,133.72999572753906,135.60000610351562,348900
2022-04-05,137.13999938964844,137.13999938964844,140.02000427246094,136.75999450683594,138.22999572753906,319200
2022-04-06,135.4199981689453,135.4199981689453,136.41000366210938,134.3800048828125,136.08999633789062,366000
2022-04-07,135.86000061035156,135.86000061035156,137.10000610351562,134.36000061035156,136.3800048828125,371200
2022-04-08,132.80999755859375,132.80999755859375,136.4600067138672,132.61000061035156,135.8800048828125,201300
2022-04-11,131.17999267578125,131.17999267578125,133.88999938964844,130.80999755859375,132.30999755859375,244000
2022-04-12,130.19000244140625,130.19000244140625,133.0500030517578,129.4600067138672,131.75,203700
2022-04-13,130.9199981689453,130.9199981689453,131.82000732421875,129.08999633789062,130.1300048828125,455500
2022-04-14,132.39999389648438,132.39999389648438,134.94000244140625,131.41000366210938,131.58999633789062,207900
2022-04-18,130.7100067138672,130.7100067138672,133.25,129.0500030517578,132.16000366210938,207700
2022-04-19,131.85000610351562,131.85000610351562,132.72999572753906,130.07000732421875,130.07000732421875,153600
2022-04-20,132.97999572753906,132.97999572753906,135.02999877929688,131.7100067138672,132.6199951171875,310300
2022-04-21,131.2899932861328,131.2899932861328,135.27999877929688,130.08999633789062,134.72999572753906,559600
2022-04-22,125.69999694824219,125.69999694824219,133.32000732421875,125.62000274658203,131.66000366210938,309200
2022-04-25,127.1500015258789,127.1500015258789,127.18000030517578,124.20999908447266,124.55999755859375,367200
2022-04-26,122.3499984741211,122.3499984741211,127.05999755859375,121.97000122070312,126.94000244140625,387200
2022-04-27,121.8499984741211,121.8499984741211,123.77999877929688,121.19999694824219,122.55999755859375,320000
2022-04-28,120.45999908447266,120.45999908447266,123.56999969482422,119.48999786376953,122.5999984741211,490000
2022-04-29,114.23999786376953,114.23999786376953,120.95999908447266,114.13999938964844,120.25,503400
2022-05-02,112.08000183105469,112.08000183105469,115.45999908447266,110.73999786376953,114.63999938964844,488700
2022-05-03,109.0999984741211,109.0999984741211,112.16000366210938,107.37000274658203,112.16000366210938,817900
2022-05-04,100.73999786376953,100.73999786376953,105.94000244140625,95.6500015258789,105.81999969482422,1346500
2022-05-05,91.94000244140625,91.94000244140625,100.11000061035156,91.66000366210938,99.0199966430664,942400
2022-05-06,86.20999908447266,86.20999908447266,92.1500015258789,85.58000183105469,92.1500015258789,701700
2022-05-09,79.76000213623047,79.76000213623047,86.12999725341797,79.31999969482422,85.2300033569336,907400
2022-05-10,80.31999969482422,80.31999969482422,83.13999938964844,78.98999786376953,81.19999694824219,1263900
2022-05-11,78.29000091552734,78.29000091552734,83.30999755859375,78.1500015258789,81.06999969482422,880700
2022-05-12,79.05999755859375,79.05999755859375,80.5999984741211,76.20999908447266,78.0,786200
2022-05-13,82.61000061035156,82.61000061035156,82.79000091552734,79.3499984741211,80.0,643200
2022-05-16,79.05000305175781,79.05000305175781,82.6500015258789,78.70999908447266,82.30000305175781,442400
2022-05-17,81.29000091552734,81.29000091552734,81.30999755859375,78.9800033569336,79.79000091552734,412300
2022-05-18,81.3499984741211,81.3499984741211,83.36000061035156,80.41999816894531,80.41999816894531,855400
2022-05-19,84.0999984741211,84.0999984741211,84.52999877929688,81.19000244140625,81.19000244140625,612600
2022-05-20,84.7300033569336,84.7300033569336,86.05000305175781,82.37000274658203,84.81999969482422,643600
2022-05-23,87.94000244140625,87.94000244140625,87.98999786376953,83.01000213623047,85.3499984741211,667500
2022-05-24,86.1500015258789,86.1500015258789,89.41999816894531,85.12999725341797,87.37999725341797,659600
2022-05-25,86.19999694824219,86.19999694824219,89.37999725341797,84.7300033569336,85.38999938964844,508600
2022-05-26,88.0,88.0,89.69999694824219,86.62999725341797,86.62999725341797,716100
2022-05-27,90.91999816894531,90.91999816894531,90.94999694824219,88.4000015258789,88.4000015258789,417300
2022-05-31,90.55000305175781,90.55000305175781,91.9000015258789,88.9800033569336,90.88999938964844,585800
2022-06-01,88.63999938964844,88.63999938964844,91.18000030517578,88.43000030517578,90.73999786376953,429800
2022-06-02,90.47000122070312,90.47000122070312,90.70999908447266,88.70999908447266,88.70999908447266,336000
2022-06-03,88.68000030517578,88.68000030517578,89.81999969482422,87.86000061035156,89.4000015258789,267700
2022-06-06,86.63999938964844,86.63999938964844,88.69999694824219,86.36000061035156,88.27999877929688,348800
2022-06-07,88.19999694824219,88.19999694824219,88.77999877929688,85.12000274658203,85.80000305175781,478300
2022-06-08,86.73999786376953,86.73999786376953,88.7300033569336,86.3499984741211,88.18000030517578,282100
2022-06-09,82.44000244140625,82.44000244140625,86.33000183105469,82.37999725341797,86.33000183105469,326200
2022-06-10,81.26000213623047,81.26000213623047,81.62000274658203,80.01000213623047,80.72000122070312,284500
2022-06-13,77.37999725341797,77.37999725341797,79.8499984741211,76.54000091552734,79.5199966430664,504300
2022-06-14,77.44999694824219,77.44999694824219,78.66999816894531,75.44999694824219,77.91999816894531,513100
2022-06-15,77.5999984741211,77.5999984741211,79.12000274658203,75.94999694824219,78.0199966430664,270600
2022-06-16,72.2699966430664,72.2699966430664,75.83999633789062,71.37999725341797,75.83999633789062,539600
2022-06-17,74.30999755859375,74.30999755859375,74.36000061035156,72.04000091552734,72.93000030517578,984900
2022-06-21,74.56999969482422,74.56999969482422,76.08000183105469,72.5,75.33999633789062,823700
2022-06-22,77.01000213623047,77.01000213623047,77.33000183105469,73.26000213623047,73.93000030517578,619100
2022-06-23,80.41000366210938,80.41000366210938,81.02999877929688,77.88999938964844,78.0,685700
2022-06-24,84.02999877929688,84.02999877929688,84.2300033569336,80.72000122070312,81.6500015258789,1135600
2022-06-27,83.51000213623047,83.51000213623047,84.58999633789062,82.6500015258789,83.6500015258789,521000
2022-06-28,83.48999786376953,83.48999786376953,87.27999877929688,83.0199966430664,84.45999908447266,611700
2022-06-29,84.66999816894531,84.66999816894531,86.72000122070312,82.98999786376953,83.5,522500
2022-06-30,84.5199966430664,84.5199966430664,86.11000061035156,82.9000015258789,83.91000366210938,560900
2022-07-01,88.75,88.75,88.7699966430664,84.18000030517578,84.44000244140625,452400
2022-07-05,89.58999633789062,89.58999633789062,89.68000030517578,87.0999984741211,87.58000183105469,480600
2022-07-06,87.0,87.0,90.63999938964844,86.51000213623047,89.88999938964844,590000
2022-07-07,86.26000213623047,86.26000213623047,88.27999877929688,85.7300033569336,87.12999725341797,401300
2022-07-08,85.88999938964844,85.88999938964844,87.05000305175781,85.41000366210938,85.41000366210938,344000
2022-07-11,83.95999908447266,83.95999908447266,86.1500015258789,83.62999725341797,85.08999633789062,415900
2022-07-12,84.37000274658203,84.37000274658203,85.86000061035156,83.93000030517578,84.75,401300
2022-07-13,84.27999877929688,84.27999877929688,85.0999984741211,81.68000030517578,82.62000274658203,451400
2022-07-14,82.83999633789062,82.83999633789062,84.25,82.47000122070312,83.55000305175781,684100
2022-07-15,85.5,85.5,86.33999633789062,83.33000183105469,84.38999938964844,650100
2022-07-18,85.12000274658203,85.12000274658203,87.31999969482422,84.80000305175781,85.94000244140625,567000
2022-07-19,88.80999755859375,88.80999755859375,89.05000305175781,85.38999938964844,86.02999877929688,772000
2022-07-20,90.25,90.25,90.80999755859375,87.4000015258789,88.19999694824219,343600
2022-07-21,90.62999725341797,90.62999725341797,91.31999969482422,89.05000305175781,89.73999786376953,589500
2022-07-22,90.4800033569336,90.4800033569336,92.30999755859375,89.75,90.66999816894531,472800
2022-07-25,90.31999969482422,90.31999969482422,90.81999969482422,89.33000183105469,90.62999725341797,488900
2022-07-26,90.94999694824219,90.94999694824219,91.20999908447266,88.8499984741211,90.06999969482422,584200
2022-07-27,92.79000091552734,92.79000091552734,92.94000244140625,90.5199966430664,91.7699966430664,381000
2022-07-28,94.05999755859375,94.05999755859375,94.80999755859375,92.3499984741211,93.37000274658203,338200
2022-07-29,93.66999816894531,93.66999816894531,94.7699966430664,92.68000030517578,94.05000305175781,473300
2022-08-01,93.79000091552734,93.79000091552734,94.30000305175781,91.22000122070312,92.70999908447266,623900
2022-08-02,94.51000213623047,94.51000213623047,94.87000274658203,93.31999969482422,93.48999786376953,570300
2022-08-03,82.41999816894531,82.41999816894531,89.76000213623047,80.7699966430664,89.76000213623047,1390800
2022-08-04,79.7699966430664,79.7699966430664,84.37999725341797,79.47000122070312,82.69999694824219,657100
2022-08-05,78.51000213623047,78.51000213623047,81.13999938964844,78.37999725341797,79.87000274658203,546100
2022-08-08,79.97000122070312,79.97000122070312,81.05000305175781,78.9800033569336,78.9800033569336,660400
2022-08-09,76.41999816894531,76.41999816894531,81.79000091552734,76.3499984741211,80.4800033569336,469500
2022-08-10,77.70999908447266,77.70999908447266,78.16000366210938,76.9000015258789,77.36000061035156,438000
2022-08-11,76.91000366210938,76.91000366210938,78.41999816894531,75.98999786376953,77.77999877929688,428600
2022-08-12,78.0199966430664,78.0199966430664,78.3499984741211,77.06999969482422,77.87000274658203,321800
2022-08-15,78.95999908447266,78.95999908447266,79.83999633789062,77.30000305175781,77.4000015258789,327300
2022-08-16,79.16999816894531,79.16999816894531,79.6500015258789,78.05000305175781,78.66999816894531,277400
2022-08-17,76.08999633789062,76.08999633789062,79.0999984741211,76.02999877929688,78.45999908447266,471100
2022-08-18,76.12000274658203,76.12000274658203,76.1500015258789,74.7699966430664,76.11000061035156,348300
2022-08-19,73.26000213623047,73.26000213623047,75.83999633789062,73.25,75.83999633789062,338400
2022-08-22,73.45999908447266,73.45999908447266,73.7699966430664,72.08999633789062,72.5999984741211,539000
2022-08-23,72.37000274658203,72.37000274658203,74.08999633789062,71.94000244140625,73.08000183105469,556200
2022-08-24,73.36000061035156,73.36000061035156,73.62999725341797,71.63999938964844,71.79000091552734,431000
2022-08-25,73.87999725341797,73.87999725341797,73.91000366210938,72.87999725341797,73.72000122070312,364000
2022-08-26,70.98999786376953,70.98999786376953,74.25,70.98999786376953,74.25,334700
2022-08-29,69.5,69.5,71.01000213623047,69.5,70.38999938964844,273900
2022-08-30,68.8499984741211,68.8499984741211,69.87999725341797,68.55000305175781,69.87999725341797,301800
2022-08-31,68.19999694824219,68.19999694824219,69.54000091552734,67.73999786376953,69.23999786376953,317200
2022-09-01,67.2300033569336,67.2300033569336,67.95999908447266,66.48999786376953,67.69000244140625,389000
2022-09-02,65.9000015258789,65.9000015258789,68.18000030517578,65.87000274658203,67.9000015258789,385900
2022-09-06,66.23999786376953,66.23999786376953,66.9800033569336,65.38999938964844,66.0999984741211,370100
2022-09-07,68.0199966430664,68.0199966430664,68.0199966430664,66.22000122070312,66.26000213623047,435800
2022-09-08,68.45999908447266,68.45999908447266,68.63999938964844,67.2300033569336,67.51000213623047,244800
2022-09-09,70.26000213623047,70.26000213623047,70.51000213623047,68.08999633789062,68.80999755859375,494000
2022-09-12,70.9000015258789,70.9000015258789,72.19000244140625,70.58000183105469,71.04000091552734,441100
2022-09-13,67.56999969482422,67.56999969482422,71.04000091552734,67.47000122070312,69.25,291900
2022-09-14,66.16000366210938,66.16000366210938,67.27999877929688,65.13999938964844,67.20999908447266,366400
2022-09-15,65.0,65.0,67.22000122070312,64.95999908447266,65.94000244140625,451500
2022-09-16,63.2400016784668,63.2400016784668,64.5,62.41999816894531,64.41000366210938,1025100
2022-09-19,63.060001373291016,63.060001373291016,63.5,62.599998474121094,62.599998474121094,478800
2022-09-20,63.0,63.0,63.040000915527344,61.47999954223633,62.68000030517578,632500
2022-09-21,61.25,61.25,63.22999954223633,60.939998626708984,63.20000076293945,594900
2022-09-22,58.81999969482422,58.81999969482422,60.939998626708984,58.54999923706055,60.939998626708984,601700
2022-09-23,58.40999984741211,58.40999984741211,58.869998931884766,57.58000183105469,58.290000915527344,532100
2022-09-26,57.34000015258789,57.34000015258789,59.060001373291016,56.810001373291016,58.41999816894531,493900
2022-09-27,56.9900016784668,56.9900016784668,58.310001373291016,56.150001525878906,57.33000183105469,677800
2022-09-28,59.130001068115234,59.130001068115234,59.4900016784668,56.9900016784668,57.349998474121094,553700
2022-09-29,58.33000183105469,58.33000183105469,58.869998931884766,56.77000045776367,57.91999816894531,405200
2022-09-30,57.650001525878906,57.650001525878906,59.2400016784668,57.56999969482422,58.209999084472656,519600
2022-10-03,58.5,58.5,59.04999923706055,57.02000045776367,58.4900016784668,482300
2022-10-04,60.529998779296875,60.529998779296875,61.119998931884766,59.04999923706055,59.52000045776367,490600
2022-10-05,59.27000045776367,59.27000045776367,60.15999984741211,58.31999969482422,59.779998779296875,357400
2022-10-06,58.61000061035156,58.61000061035156,59.81999969482422,58.310001373291016,58.959999084472656,307200
2022-10-07,56.58000183105469,56.58000183105469,58.209999084472656,56.45000076293945,57.86000061035156,422700
2022-10-10,55.75,55.75,56.779998779296875,55.54999923706055,56.630001068115234,363400
2022-10-11,55.93000030517578,55.93000030517578,56.72999954223633,54.189998626708984,55.650001525878906,443900
2022-10-12,58.36000061035156,58.36000061035156,58.52000045776367,55.279998779296875,56.130001068115234,557300
2022-10-13,58.709999084472656,58.709999084472656,59.54999923706055,56.22999954223633,57.22999954223633,531800
2022-10-14,58.0099983215332,58.0099983215332,59.790000915527344,57.68000030517578,59.52000045776367,330000
2022-10-17,59.47999954223633,59.47999954223633,60.369998931884766,59.11000061035156,59.52000045776367,528800
2022-10-18,59.0099983215332,59.0099983215332,61.06999969482422,58.86000061035156,60.54999923706055,487900
2022-10-19,58.349998474121094,58.349998474121094,59.560001373291016,58.18000030517578,58.72999954223633,388000
2022-10-20,59.47999954223633,59.47999954223633,60.220001220703125,58.2400016784668,58.58000183105469,726700
2022-10-21,59.2400016784668,59.2400016784668,59.86000061035156,58.43000030517578,59.4900016784668,568100
2022-10-24,59.630001068115234,59.630001068115234,60.0,58.599998474121094,59.08000183105469,488400
2022-10-25,64.05000305175781,64.05000305175781,64.08000183105469,60.09000015258789,60.09000015258789,616500
2022-10-26,64.04000091552734,64.04000091552734,65.76000213623047,63.63999938964844,64.16999816894531,491100
2022-10-27,63.52000045776367,63.52000045776367,65.47000122070312,63.27000045776367,64.41999816894531,342900
2022-10-28,64.38999938964844,64.38999938964844,64.45999908447266,63.15999984741211,63.459999084472656,381300
2022-10-31,65.31999969482422,65.31999969482422,65.3499984741211,63.470001220703125,63.470001220703125,390600
2022-11-01,65.38999938964844,65.38999938964844,66.80000305175781,64.79000091552734,66.79000091552734,485400
2022-11-02,66.06999969482422,66.06999969482422,68.22000122070312,60.529998779296875,63.27000045776367,1311100
2022-11-03,64.37000274658203,64.37000274658203,65.19999694824219,63.2400016784668,64.63999938964844,651400
2022-11-04,65.45999908447266,65.45999908447266,65.55999755859375,62.27000045776367,65.0999984741211,551300
2022-11-07,68.41000366210938,68.41000366210938,69.08999633789062,65.45999908447266,66.0199966430664,622800
2022-11-08,69.0199966430664,69.0199966430664,70.56999969482422,67.88999938964844,68.3499984741211,548900
2022-11-09,68.11000061035156,68.11000061035156,68.41999816894531,66.43000030517578,67.83000183105469,629000
2022-11-10,74.7300033569336,74.7300033569336,75.0199966430664,71.30999755859375,71.48999786376953,639700
2022-11-11,76.02999877929688,76.02999877929688,76.5,74.77999877929688,75.38999938964844,479200
2022-11-14,74.33999633789062,74.33999633789062,76.86000061035156,74.06999969482422,75.30000305175781,555400
2022-11-15,75.5199966430664,75.5199966430664,76.83000183105469,74.72000122070312,75.7300033569336,522700
2022-11-16,74.23999786376953,74.23999786376953,75.81999969482422,73.91999816894531,74.68000030517578,408900
2022-11-17,72.3499984741211,72.3499984741211,74.12000274658203,71.95999908447266,72.72000122070312,388800
2022-11-18,72.31999969482422,72.31999969482422,73.4800033569336,71.54000091552734,73.4800033569336,359600
2022-11-21,73.91000366210938,73.91000366210938,74.08999633789062,71.38999938964844,71.7300033569336,489200
2022-11-22,72.16000366210938,72.16000366210938,73.93000030517578,68.91999816894531,73.77999877929688,1487400
2022-11-23,72.48999786376953,72.48999786376953,73.33999633789062,71.44000244140625,72.30000305175781,442300
2022-11-25,72.2300033569336,72.2300033569336,72.88999938964844,71.93000030517578,72.25,133500
2022-11-28,71.18000030517578,71.18000030517578,71.75,70.20999908447266,71.55000305175781,519000
2022-11-29,70.70999908447266,70.70999908447266,71.62999725341797,70.33999633789062,71.16000366210938,441400
2022-11-30,74.19999694824219,74.19999694824219,74.20999908447266,70.0199966430664,70.94999694824219,443100
2022-12-01,74.83999633789062,74.83999633789062,76.04000091552734,73.69999694824219,74.55999755859375,361100
2022-12-02,70.16000366210938,70.16000366210938,73.19000244140625,70.12000274658203,72.5999984741211,332400
2022-12-05,66.76000213623047,66.76000213623047,69.79000091552734,66.19999694824219,69.37000274658203,599200
2022-12-06,66.79000091552734,66.79000091552734,68.05999755859375,66.18000030517578,67.36000061035156,396700
2022-12-07,64.55999755859375,64.55999755859375,67.05000305175781,64.51000213623047,66.43000030517578,408900
2022-12-08,65.91000366210938,65.91000366210938,66.18000030517578,64.43000030517578,64.93000030517578,341200
2022-12-09,65.25,65.25,66.20999908447266,64.81999969482422,65.48999786376953,283800
2022-12-12,67.83999633789062,67.83999633789062,67.93000030517578,63.689998626708984,65.08999633789062,557600
2022-12-13,69.44000244140625,69.44000244140625,70.80999755859375,68.68000030517578,70.19999694824219,494900
2022-12-14,68.63999938964844,68.63999938964844,70.68000030517578,67.98999786376953,69.25,681900
2022-12-15,64.80999755859375,64.80999755859375,68.1500015258789,64.72000122070312,67.77999877929688,430900
2022-12-16,63.15999984741211,63.15999984741211,64.80000305175781,62.81999969482422,64.38999938964844,450000
2022-12-19,63.130001068115234,63.130001068115234,65.16000366210938,62.56999969482422,63.38999938964844,544200
2022-12-20,63.22999954223633,63.22999954223633,64.08000183105469,62.63999938964844,62.63999938964844,363100
2022-12-21,63.95000076293945,63.95000076293945,65.38999938964844,63.70000076293945,63.959999084472656,397100
2022-12-22,63.91999816894531,63.91999816894531,64.16999816894531,62.06999969482422,63.619998931884766,387900
2022-12-23,59.86000061035156,59.86000061035156,63.540000915527344,59.709999084472656,63.540000915527344,418000
2022-12-27,62.060001373291016,62.060001373291016,63.04999923706055,59.54999923706055,60.04999923706055,516200
2022-12-28,61.86000061035156,61.86000061035156,62.790000915527344,61.72999954223633,61.75,420000
2022-12-29,64.4000015258789,64.4000015258789,64.80000305175781,62.11000061035156,62.11000061035156,360500
2022-12-30,63.099998474121094,63.099998474121094,64.56999969482422,62.08000183105469,63.689998626708984,334500
2023-01-03,65.75,65.75,65.79000091552734,62.869998931884766,64.18000030517578,495000
2023-01-04,66.94000244140625,66.94000244140625,67.63999938964844,65.79000091552734,66.26000213623047,489700
2023-01-05,68.08999633789062,68.08999633789062,68.5,65.13999938964844,66.05000305175781,678300
2023-01-06,69.55000305175781,69.55000305175781,70.5,67.44000244140625,68.66999816894531,326700
2023-01-09,70.79000091552734,70.79000091552734,71.66000366210938,69.69000244140625,70.02999877929688,312900
2023-01-10,70.62000274658203,70.62000274658203,71.86000061035156,69.66000366210938,70.77999877929688,369500
2023-01-11,71.7699966430664,71.7699966430664,71.81999969482422,70.5999984741211,70.72000122070312,270000
2023-01-12,73.5199966430664,73.5199966430664,73.73999786376953,71.05999755859375,72.3499984741211,349300
2023-01-13,73.58999633789062,73.58999633789062,74.4800033569336,73.06999969482422,73.11000061035156,291400
2023-01-17,75.5,75.5,76.30000305175781,72.93000030517578,73.31999969482422,407900
2023-01-18,75.33000183105469,75.33000183105469,77.30999755859375,75.16000366210938,76.05000305175781,331300
2023-01-19,75.58000183105469,75.58000183105469,75.5999984741211,72.97000122070312,74.48999786376953,543900
2023-01-20,76.51000213623047,76.51000213623047,77.29000091552734,75.73999786376953,76.16000366210938,342600
2023-01-23,79.0199966430664,79.0199966430664,79.29000091552734,76.02999877929688,76.31999969482422,431700
2023-01-24,78.08000183105469,78.08000183105469,79.36000061035156,77.63999938964844,79.33000183105469,295000
2023-01-25,76.19999694824219,76.19999694824219,77.45999908447266,74.66999816894531,77.45999908447266,506600
2023-01-26,76.13999938964844,76.13999938964844,77.51000213623047,75.44000244140625,76.94000244140625,366500
2023-01-27,77.12999725341797,77.12999725341797,77.5199966430664,75.93000030517578,76.12000274658203,294600
2023-01-30,75.16000366210938,75.16000366210938,76.08000183105469,74.80000305175781,75.69000244140625,539700
2023-01-31,76.77999877929688,76.77999877929688,76.81999969482422,74.68000030517578,75.2300033569336,338200
2023-02-01,78.47000122070312,78.47000122070312,78.6500015258789,75.12999725341797,76.7699966430664,298400
2023-02-02,78.98999786376953,78.98999786376953,80.94000244140625,78.88999938964844,79.26000213623047,303200
2023-02-03,79.12000274658203,79.12000274658203,79.72000122070312,77.02999877929688,77.45999908447266,375700
2023-02-06,77.76000213623047,77.76000213623047,78.80000305175781,77.19000244140625,78.20999908447266,376300
2023-02-07,77.13999938964844,77.13999938964844,77.70999908447266,75.7300033569336,77.41000366210938,438700
2023-02-08,76.5999984741211,76.5999984741211,77.45999908447266,76.08999633789062,77.02999877929688,277100
2023-02-09,74.70999908447266,74.70999908447266,78.06999969482422,74.43000030517578,77.55000305175781,482500
2023-02-10,73.98999786376953,73.98999786376953,75.79000091552734,73.81999969482422,74.11000061035156,442800
2023-02-13,74.6500015258789,74.6500015258789,75.36000061035156,74.29000091552734,74.29000091552734,532600
2023-02-14,76.73999786376953,76.73999786376953,77.1500015258789,74.18000030517578,74.55999755859375,357500
2023-02-15,76.86000061035156,76.86000061035156,77.94999694824219,76.25,76.25,239000
2023-02-16,72.13999938964844,72.13999938964844,76.06999969482422,71.80999755859375,75.70999908447266,633500
2023-02-17,79.87000274658203,79.87000274658203,80.6500015258789,72.31999969482422,72.55999755859375,1293900
2023-02-21,78.93000030517578,78.93000030517578,80.75,78.08000183105469,78.54000091552734,729500
2023-02-22,78.2699966430664,78.2699966430664,79.58000183105469,77.93000030517578,79.2300033569336,542600
2023-02-23,79.37000274658203,79.37000274658203,79.9000015258789,78.02999877929688,78.5199966430664,475100
2023-02-24,77.98999786376953,77.98999786376953,78.52999877929688,76.5199966430664,78.0999984741211,704700
2023-02-27,78.44000244140625,78.44000244140625,78.9800033569336,77.91999816894531,78.0999984741211,362500
2023-02-28,78.83999633789062,78.83999633789062,79.7300033569336,77.73999786376953,77.8499984741211,501600
2023-03-01,81.79000091552734,81.79000091552734,81.83999633789062,78.69999694824219,78.69999694824219,660900
2023-03-02,83.48999786376953,83.48999786376953,83.54000091552734,81.37000274658203,81.37000274658203,566600
2023-03-03,86.75,86.75,86.80000305175781,84.38999938964844,84.47000122070312,774000
2023-03-06,83.5199966430664,83.5199966430664,87.11000061035156,82.6500015258789,86.54000091552734,571700
2023-03-07,82.55999755859375,82.55999755859375,83.75,82.12000274658203,83.55000305175781,499000
2023-03-08,83.61000061035156,83.61000061035156,83.70999908447266,82.0199966430664,82.08999633789062,318100
2023-03-09,81.7300033569336,81.7300033569336,83.51000213623047,81.37000274658203,83.4000015258789,475500
2023-03-10,79.3499984741211,79.3499984741211,81.44999694824219,77.80000305175781,80.88999938964844,539500
2023-03-13,78.36000061035156,78.36000061035156,80.0999984741211,77.2699966430664,78.04000091552734,551000
2023-03-14,79.19000244140625,79.19000244140625,80.66000366210938,78.31999969482422,79.79000091552734,277100
2023-03-15,78.94999694824219,78.94999694824219,79.41000366210938,76.70999908447266,77.0199966430664,379700
2023-03-16,79.27999877929688,79.27999877929688,80.12000274658203,77.81999969482422,78.25,386500
2023-03-17,77.91999816894531,77.91999816894531,78.69000244140625,77.36000061035156,78.48999786376953,801500
2023-03-20,78.12999725341797,78.12999725341797,78.83999633789062,76.9800033569336,77.77999877929688,382000
2023-03-21,78.98999786376953,78.98999786376953,79.77999877929688,78.91000366210938,79.08999633789062,278400
2023-03-22,77.43000030517578,77.43000030517578,79.94999694824219,77.37999725341797,79.02999877929688,477300
2023-03-23,76.37999725341797,76.37999725341797,78.58999633789062,76.12999725341797,78.0,302000
2023-03-24,76.23999786376953,76.23999786376953,76.29000091552734,74.80000305175781,75.62999725341797,405100
2023-03-27,76.62999725341797,76.62999725341797,77.2699966430664,75.58999633789062,77.12999725341797,271900
2023-03-28,76.30000305175781,76.30000305175781,76.8499984741211,75.19999694824219,76.68000030517578,438200
2023-03-29,76.62999725341797,76.62999725341797,77.33000183105469,76.37000274658203,76.69999694824219,299500
2023-03-30,76.16999816894531,76.16999816894531,77.58999633789062,76.06999969482422,77.13999938964844,357000
2023-03-31,76.98999786376953,76.98999786376953,77.33000183105469,76.51000213623047,76.79000091552734,309100
2023-04-03,77.56999969482422,77.56999969482422,78.1500015258789,76.69000244140625,76.9800033569336,376900
2023-04-04,77.73999786376953,77.73999786376953,77.97000122070312,76.66000366210938,77.95999908447266,389100
2023-04-05,75.66000366210938,75.66000366210938,77.68000030517578,75.66000366210938,77.44000244140625,435200
2023-04-06,75.25,75.25,75.8499984741211,74.58000183105469,75.83000183105469,287000
2023-04-10,75.98999786376953,75.98999786376953,76.01000213623047,74.8499984741211,74.9000015258789,353000
2023-04-11,77.18000030517578,77.18000030517578,77.29000091552734,76.30000305175781,76.41000366210938,494000
2023-04-12,75.62000274658203,75.62000274658203,78.02999877929688,75.5,77.77999877929688,288700
2023-04-13,77.30999755859375,77.30999755859375,77.55999755859375,76.01000213623047,76.18000030517578,290600
2023-04-14,77.33000183105469,77.33000183105469,78.33999633789062,76.9800033569336,77.4000015258789,241400
2023-04-17,77.87000274658203,77.87000274658203,77.91999816894531,77.05000305175781,77.62000274658203,209800
2023-04-18,79.36000061035156,79.36000061035156,79.37000274658203,77.51000213623047,78.19000244140625,187100
2023-04-19,78.83999633789062,78.83999633789062,79.47000122070312,78.44999694824219,79.05999755859375,217300
2023-04-20,75.66000366210938,75.66000366210938,78.75,75.44000244140625,78.63999938964844,296000
2023-04-21,76.43000030517578,76.43000030517578,76.4800033569336,74.6500015258789,76.05999755859375,518600
2023-04-24,75.37000274658203,75.37000274658203,76.45999908447266,74.44999694824219,76.18000030517578,304000
2023-04-25,72.0199966430664,72.0199966430664,74.94000244140625,71.93000030517578,74.73999786376953,490700
2023-04-26,72.7300033569336,72.7300033569336,73.68000030517578,71.66000366210938,71.93000030517578,734900
2023-04-27,74.91000366210938,74.91000366210938,75.19999694824219,72.51000213623047,73.16999816894531,257000
2023-04-28,76.12000274658203,76.12000274658203,76.94999694824219,75.06999969482422,75.06999969482422,257000
2023-05-01,77.43000030517578,77.43000030517578,77.91999816894531,75.9800033569336,76.04000091552734,418600
2023-05-02,74.08999633789062,74.08999633789062,77.2699966430664,72.95999908447266,77.19999694824219,675200
2023-05-03,81.83999633789062,81.83999633789062,82.36000061035156,76.08999633789062,77.0,1223100
2023-05-04,85.19000244140625,85.19000244140625,85.2699966430664,80.7300033569336,80.73999786376953,710400
2023-05-05,90.7699966430664,90.7699966430664,91.52999877929688,86.44999694824219,86.58000183105469,1213600
2023-05-08,91.66000366210938,91.66000366210938,91.77999877929688,89.38999938964844,90.94999694824219,748700
2023-05-09,93.41000366210938,93.41000366210938,93.88999938964844,90.08000183105469,90.81999969482422,814100
2023-05-10,89.9000015258789,89.9000015258789,94.88999938964844,88.63999938964844,94.58000183105469,837200
2023-05-11,90.2300033569336,90.2300033569336,90.41000366210938,89.20999908447266,89.79000091552734,499600
2023-05-12,88.8499984741211,88.8499984741211,91.12999725341797,86.94999694824219,90.19999694824219,764300
2023-05-15,86.69999694824219,86.69999694824219,89.30999755859375,86.51000213623047,88.6500015258789,470500
2023-05-16,85.81999969482422,85.81999969482422,86.55999755859375,84.73999786376953,86.47000122070312,427800
2023-05-17,86.98999786376953,86.98999786376953,88.08999633789062,85.52999877929688,86.13999938964844,285900
2023-05-18,87.69000244140625,87.69000244140625,87.80999755859375,85.7300033569336,86.48999786376953,324300
2023-05-19,87.0,87.0,88.18000030517578,86.69999694824219,87.9800033569336,283000
2023-05-22,86.18000030517578,86.18000030517578,87.44999694824219,85.95999908447266,87.44999694824219,382200
2023-05-23,83.80999755859375,83.80999755859375,86.5,82.93000030517578,85.62999725341797,323900
2023-05-24,82.33000183105469,82.33000183105469,83.25,81.7300033569336,83.04000091552734,272200
2023-05-25,82.63999938964844,82.63999938964844,83.20999908447266,81.97000122070312,82.97000122070312,242500
2023-05-26,83.54000091552734,83.54000091552734,84.0199966430664,82.0,82.51000213623047,231500
2023-05-30,84.30000305175781,84.30000305175781,85.0199966430664,83.0999984741211,83.95999908447266,248200
2023-05-31,85.5999984741211,85.5999984741211,86.06999969482422,82.77999877929688,84.0,425700
2023-06-01,84.5199966430664,84.5199966430664,85.33000183105469,83.08999633789062,84.1500015258789,468000
2023-06-02,87.7300033569336,87.7300033569336,88.7699966430664,84.87000274658203,85.51000213623047,1340400
2023-06-05,85.75,85.75,87.41999816894531,85.41000366210938,87.30999755859375,358400
2023-06-06,89.11000061035156,89.11000061035156,89.16999816894531,85.41000366210938,85.58999633789062,418300
2023-06-07,91.4000015258789,91.4000015258789,91.44999694824219,89.33000183105469,89.33000183105469,490900
2023-06-08,91.12000274658203,91.12000274658203,91.27999877929688,89.93000030517578,91.06999969482422,405500
2023-06-09,91.5999984741211,91.5999984741211,92.16000366210938,90.80999755859375,91.6500015258789,495100
2023-06-12,92.3499984741211,92.3499984741211,92.79000091552734,91.26000213623047,92.19000244140625,313800
2023-06-13,94.66000366210938,94.66000366210938,94.97000122070312,92.43000030517578,92.62000274658203,376800
2023-06-14,94.27999877929688,94.27999877929688,95.12000274658203,93.13999938964844,94.69000244140625,733200
2023-06-15,93.91000366210938,93.91000366210938,94.1500015258789,93.01000213623047,93.62999725341797,412400
2023-06-16,93.75,93.75,95.52999877929688,93.5,94.62000274658203,564400
2023-06-20,92.4000015258789,92.4000015258789,94.0,92.0,92.76000213623047,391500
2023-06-21,92.0199966430664,92.0199966430664,92.4000015258789,90.81999969482422,92.16000366210938,317700
2023-06-22,91.29000091552734,91.29000091552734,92.20999908447266,90.25,91.44000244140625,253600
2023-06-23,90.04000091552734,90.04000091552734,90.66000366210938,89.61000061035156,90.25,454700
2023-06-26,88.6500015258789,88.6500015258789,89.19000244140625,87.66000366210938,88.8499984741211,409000
2023-06-27,90.0,90.0,90.08000183105469,88.05999755859375,88.86000061035156,433400
2023-06-28,89.47000122070312,89.47000122070312,90.29000091552734,89.08999633789062,90.20999908447266,347100
2023-06-29,90.72000122070312,90.72000122070312,91.33000183105469,89.05000305175781,89.55999755859375,435600
2023-06-30,92.44999694824219,92.44999694824219,92.63999938964844,90.73999786376953,91.2300033569336,440100
2023-07-03,92.08999633789062,92.08999633789062,93.44999694824219,91.77999877929688,92.3499984741211,159400
2023-07-05,92.1500015258789,92.1500015258789,92.29000091552734,90.62999725341797,91.5999984741211,238300
2023-07-06,91.43000030517578,91.43000030517578,91.86000061035156,90.43000030517578,91.16999816894531,380700
2023-07-07,92.58000183105469,92.58000183105469,93.18000030517578,91.33000183105469,91.95999908447266,409400
2023-07-10,94.1500015258789,94.1500015258789,94.48999786376953,92.80000305175781,92.80000305175781,356300
2023-07-11,96.7699966430664,96.7699966430664,96.94000244140625,94.0999984741211,94.12000274658203,596000
2023-07-12,97.58999633789062,97.58999633789062,98.55999755859375,95.72000122070312,98.26000213623047,441000
2023-07-13,98.4800033569336,98.4800033569336,98.87000274658203,97.8499984741211,98.11000061035156,543700
2023-07-14,95.75,95.75,97.80999755859375,95.47000122070312,97.76000213623047,364900
2023-07-17,92.5,92.5,94.63999938964844,92.33999633789062,94.23999786376953,617400
2023-07-18,93.2699966430664,93.2699966430664,94.33000183105469,92.26000213623047,92.80000305175781,389500
2023-07-19,95.80999755859375,95.80999755859375,95.91000366210938,93.62000274658203,94.06999969482422,416500
2023-07-20,95.8499984741211,95.8499984741211,96.04000091552734,94.1500015258789,95.2300033569336,198200
2023-07-21,93.86000061035156,93.86000061035156,97.31999969482422,93.73999786376953,97.29000091552734,368700
2023-07-24,94.4000015258789,94.4000015258789,94.76000213623047,93.38999938964844,93.80999755859375,222400
2023-07-25,95.02999877929688,95.02999877929688,95.22000122070312,93.72000122070312,93.98999786376953,400700
2023-07-26,95.30000305175781,95.30000305175781,96.2699966430664,94.4000015258789,95.01000213623047,309000
2023-07-27,94.1500015258789,94.1500015258789,95.8499984741211,93.5999984741211,95.56999969482422,463900
2023-07-28,96.27999877929688,96.27999877929688,96.88999938964844,94.8499984741211,95.16999816894531,298600
2023-07-31,97.02999877929688,97.02999877929688,97.0999984741211,96.06999969482422,96.30999755859375,451800
2023-08-01,94.77999877929688,94.77999877929688,97.37999725341797,93.87999725341797,96.63999938964844,668300
2023-08-02,94.3499984741211,94.3499984741211,95.13999938964844,87.5199966430664,92.26000213623047,869200
2023-08-03,92.2699966430664,92.2699966430664,94.3499984741211,90.70999908447266,93.1500015258789,463700
2023-08-04,92.56999969482422,92.56999969482422,94.56999969482422,91.69999694824219,92.87999725341797,399100
2023-08-07,92.41000366210938,92.41000366210938,92.47000122070312,91.0999984741211,92.13999938964844,403600
2023-08-08,93.05000305175781,93.05000305175781,93.18000030517578,91.43000030517578,92.2699966430664,340000
2023-08-09,93.16999816894531,93.16999816894531,93.61000061035156,92.0,93.01000213623047,237700
2023-08-10,93.44999694824219,93.44999694824219,94.48999786376953,93.12999725341797,94.06999969482422,187900
2023-08-11,94.9000015258789,94.9000015258789,95.0199966430664,92.83999633789062,92.83999633789062,166300
2023-08-14,94.27999877929688,94.27999877929688,94.8499984741211,94.0199966430664,94.31999969482422,223400
2023-08-15,92.37999725341797,92.37999725341797,94.26000213623047,91.76000213623047,94.26000213623047,481900
2023-08-16,91.54000091552734,91.54000091552734,92.62000274658203,91.18000030517578,92.0,305900
2023-08-17,90.80999755859375,90.80999755859375,92.22000122070312,90.25,91.94000244140625,287900
2023-08-18,90.2699966430664,90.2699966430664,90.87000274658203,89.66000366210938,89.79000091552734,310600
2023-08-21,93.77999877929688,93.77999877929688,94.38999938964844,90.30000305175781,90.33000183105469,424100
2023-08-22,94.08999633789062,94.08999633789062,95.0,93.3499984741211,94.23999786376953,287300
2023-08-23,94.95999908447266,94.95999908447266,95.0199966430664,93.44999694824219,94.22000122070312,183800
2023-08-24,95.68000030517578,95.68000030517578,96.12999725341797,94.06999969482422,94.47000122070312,215200
2023-08-25,95.25,95.25,96.12999725341797,94.51000213623047,95.88999938964844,356200
2023-08-28,95.55999755859375,95.55999755859375,96.2300033569336,95.30000305175781,95.37000274658203,180100
2023-08-29,93.69000244140625,93.69000244140625,95.52999877929688,93.37999725341797,94.97000122070312,364500
2023-08-30,95.38999938964844,95.38999938964844,95.94000244140625,93.30999755859375,93.30999755859375,377200
2023-08-31,94.41999816894531,94.41999816894531,95.80000305175781,94.23999786376953,95.41999816894531,239200
2023-09-01,96.66999816894531,96.66999816894531,97.23999786376953,94.91000366210938,95.2300033569336,281400
2023-09-05,93.16999816894531,93.16999816894531,96.33000183105469,92.23999786376953,95.69000244140625,366600
2023-09-06,93.47000122070312,93.47000122070312,93.91000366210938,91.48999786376953,93.19999694824219,317400
2023-09-07,94.76000213623047,94.76000213623047,95.29000091552734,92.83999633789062,92.83999633789062,285100
2023-09-08,93.93000030517578,93.93000030517578,94.87000274658203,93.37000274658203,94.54000091552734,204200
2023-09-11,92.25,92.25,94.52999877929688,91.83999633789062,93.95999908447266,340400
2023-09-12,92.20999908447266,92.20999908447266,92.75,91.52999877929688,92.11000061035156,573300
2023-09-13,90.13999938964844,90.13999938964844,92.7300033569336,89.3499984741211,91.75,389300
2023-09-14,91.86000061035156,91.86000061035156,92.52999877929688,90.63999938964844,90.94999694824219,294900
2023-09-15,87.66000366210938,87.66000366210938,91.80000305175781,87.02999877929688,91.80000305175781,710900
2023-09-18,85.76000213623047,85.76000213623047,88.26000213623047,85.58999633789062,88.26000213623047,553400
2023-09-19,85.37999725341797,85.37999725341797,85.97000122070312,83.66999816894531,85.2699966430664,1110800
2023-09-20,85.73999786376953,85.73999786376953,87.18000030517578,85.30000305175781,86.08999633789062,573100
2023-09-21,84.68000030517578,84.68000030517578,85.55000305175781,83.5199966430664,84.75,272000
2023-09-22,85.08000183105469,85.08000183105469,86.5999984741211,84.13999938964844,84.98999786376953,341800
2023-09-25,85.44000244140625,85.44000244140625,86.69000244140625,84.31999969482422,84.54000091552734,426600
2023-09-26,83.66000366210938,83.66000366210938,85.76000213623047,83.48999786376953,85.05999755859375,335800
2023-09-27,83.81999969482422,83.81999969482422,84.62999725341797,82.30000305175781,84.12000274658203,435000
2023-09-28,81.5999984741211,81.5999984741211,85.04000091552734,81.29000091552734,83.75,582900
2023-09-29,81.45999908447266,81.45999908447266,83.13999938964844,80.80999755859375,82.5,481400
2023-10-02,81.54000091552734,81.54000091552734,81.66999816894531,80.37000274658203,81.22000122070312,355100
2023-10-03,81.04000091552734,81.04000091552734,81.8499984741211,79.27999877929688,80.83999633789062,496700
2023-10-04,80.97000122070312,80.97000122070312,81.66999816894531,80.33000183105469,81.12000274658203,471700
2023-10-05,79.79000091552734,79.79000091552734,81.38999938964844,79.16000366210938,80.76000213623047,316700
2023-10-06,81.01000213623047,81.01000213623047,82.04000091552734,78.5199966430664,79.11000061035156,519300
2023-10-09,82.11000061035156,82.11000061035156,82.12999725341797,80.08000183105469,80.51000213623047,297800
2023-10-10,83.33999633789062,83.33999633789062,84.33000183105469,81.7300033569336,82.66000366210938,259500
2023-10-11,82.93000030517578,82.93000030517578,83.8499984741211,82.05999755859375,83.37999725341797,235300
2023-10-12,81.0,81.0,83.7699966430664,80.7300033569336,83.48999786376953,244600
2023-10-13,81.02999877929688,81.02999877929688,81.18000030517578,79.8499984741211,80.6500015258789,295000
2023-10-16,80.37999725341797,80.37999725341797,82.33999633789062,80.23999786376953,81.83999633789062,313000
2023-10-17,80.91000366210938,80.91000366210938,82.1500015258789,79.80999755859375,79.95999908447266,347200
2023-10-18,77.80999755859375,77.80999755859375,80.19999694824219,77.7699966430664,80.19999694824219,243900
2023-10-19,79.01000213623047,79.01000213623047,79.66999816894531,77.05000305175781,77.9000015258789,536200
2023-10-20,78.68000030517578,78.68000030517578,79.56999969482422,78.33999633789062,78.91000366210938,407900
2023-10-23,76.91000366210938,76.91000366210938,80.23999786376953,76.7300033569336,79.18000030517578,427600
2023-10-24,76.13999938964844,76.13999938964844,78.37999725341797,76.11000061035156,77.4000015258789,623300
2023-10-25,74.5,74.5,75.81999969482422,73.98999786376953,75.7300033569336,715900
2023-10-26,73.30999755859375,73.30999755859375,74.93000030517578,73.05999755859375,74.70999908447266,590500
2023-10-27,72.18000030517578,72.18000030517578,74.91999816894531,72.0,73.93000030517578,518600
2023-10-30,74.0,74.0,74.44999694824219,71.6500015258789,72.55000305175781,715600
2023-10-31,74.05999755859375,74.05999755859375,75.08999633789062,73.16000366210938,74.2699966430664,413500
2023-11-01,74.33999633789062,74.33999633789062,74.44999694824219,73.33000183105469,74.0,518500
2023-11-02,81.08999633789062,81.08999633789062,82.62999725341797,77.3499984741211,77.3499984741211,870500
2023-11-03,86.01000213623047,86.01000213623047,86.75,82.20999908447266,82.20999908447266,782700
2023-11-06,84.94999694824219,84.94999694824219,86.06999969482422,83.73999786376953,85.27999877929688,472800
2023-11-07,82.80999755859375,82.80999755859375,85.0199966430664,82.66999816894531,84.61000061035156,301000
2023-11-08,83.51000213623047,83.51000213623047,83.87000274658203,81.77999877929688,83.04000091552734,370700
2023-11-09,82.5199966430664,82.5199966430664,84.44000244140625,82.0199966430664,83.95999908447266,314700
2023-11-10,81.80999755859375,81.80999755859375,83.04000091552734,80.9000015258789,83.04000091552734,253500
2023-11-13,83.12000274658203,83.12000274658203,83.26000213623047,80.29000091552734,81.37000274658203,286000
2023-11-14,87.41000366210938,87.41000366210938,88.27999877929688,85.27999877929688,85.27999877929688,484900
2023-11-15,87.08000183105469,87.08000183105469,89.72000122070312,86.94000244140625,87.70999908447266,350000
2023-11-16,86.62000274658203,86.62000274658203,87.02999877929688,85.94999694824219,86.68000030517578,298500
2023-11-17,87.69000244140625,87.69000244140625,88.16000366210938,86.7699966430664,87.4000015258789,313400
2023-11-20,88.55999755859375,88.55999755859375,89.08000183105469,87.76000213623047,87.77999877929688,315200
2023-11-21,87.98999786376953,87.98999786376953,88.80999755859375,87.58000183105469,88.2300033569336,211700
2023-11-22,88.43000030517578,88.43000030517578,89.52999877929688,88.0999984741211,88.6500015258789,228300
2023-11-24,89.68000030517578,89.68000030517578,90.2300033569336,88.06999969482422,88.06999969482422,108900
2023-11-27,88.62000274658203,88.62000274658203,89.61000061035156,88.58999633789062,89.16999816894531,306600
2023-11-28,88.66999816894531,88.66999816894531,89.44000244140625,87.83000183105469,88.45999908447266,196100
2023-11-29,87.6500015258789,87.6500015258789,89.68000030517578,87.55000305175781,89.08000183105469,250500
2023-11-30,87.44000244140625,87.44000244140625,88.23999786376953,86.80000305175781,87.70999908447266,251700
2023-12-01,89.69999694824219,89.69999694824219,89.72000122070312,86.98999786376953,87.12000274658203,253400
2023-12-04,91.79000091552734,91.79000091552734,91.80999755859375,89.19000244140625,89.19000244140625,355500
2023-12-05,89.45999908447266,89.45999908447266,91.77999877929688,89.41999816894531,91.04000091552734,350300
2023-12-06,89.33000183105469,89.33000183105469,91.26000213623047,89.33000183105469,90.37000274658203,203000
2023-12-07,90.56999969482422,90.56999969482422,90.77999877929688,88.87000274658203,89.5,256500
2023-12-08,91.23999786376953,91.23999786376953,91.2699966430664,88.98999786376953,90.23999786376953,205900
2023-12-11,91.6500015258789,91.6500015258789,91.83999633789062,90.37000274658203,91.0199966430664,238600
2023-12-12,90.58999633789062,90.58999633789062,91.79000091552734,90.27999877929688,91.69000244140625,240200
2023-12-13,90.08999633789062,90.08999633789062,90.52999877929688,87.81999969482422,90.52999877929688,522600
2023-12-14,89.86000061035156,89.86000061035156,92.9000015258789,88.58000183105469,92.0,560700
2023-12-15,91.33000183105469,91.33000183105469,91.95999908447266,90.25,91.12000274658203,697400
2023-12-18,91.19999694824219,91.19999694824219,92.36000061035156,90.55999755859375,91.55000305175781,209400
2023-12-19,92.6500015258789,92.6500015258789,93.11000061035156,91.13999938964844,91.66999816894531,241200
2023-12-20,91.54000091552734,91.54000091552734,94.13999938964844,91.0,92.75,346000
2023-12-21,93.98999786376953,93.98999786376953,93.98999786376953,91.88999938964844,92.0999984741211,251100
2023-12-22,96.1500015258789,96.1500015258789,96.33000183105469,93.41000366210938,94.30000305175781,754900
2023-12-26,96.38999938964844,96.38999938964844,97.44000244140625,95.69999694824219,96.27999877929688,302000
2023-12-27,96.9000015258789,96.9000015258789,97.22000122070312,95.83999633789062,96.76000213623047,269100
2023-12-28,95.66000366210938,95.66000366210938,96.8499984741211,94.94999694824219,96.3499984741211,240600
2023-12-29,94.23999786376953,94.23999786376953,95.95999908447266,93.9800033569336,95.38999938964844,210800
2024-01-02,93.45999908447266,93.45999908447266,94.04000091552734,92.81999969482422,93.80999755859375,209600
2024-01-03,92.4000015258789,92.4000015258789,93.2300033569336,91.61000061035156,93.16000366210938,351300
2024-01-04,92.94999694824219,92.94999694824219,94.0,92.06999969482422,92.54000091552734,411000
2024-01-05,94.9000015258789,94.9000015258789,95.0999984741211,92.18000030517578,92.36000061035156,657500
2024-01-08,97.30000305175781,97.30000305175781,97.8499984741211,94.30999755859375,94.66000366210938,494700
2024-01-09,92.55000305175781,92.55000305175781,96.3499984741211,92.51000213623047,96.20999908447266,319300
2024-01-10,95.68000030517578,95.68000030517578,96.0199966430664,92.4000015258789,92.45999908447266,392300
2024-01-11,96.7300033569336,96.7300033569336,97.12999725341797,94.73999786376953,95.2300033569336,342700
2024-01-12,98.18000030517578,98.18000030517578,98.30000305175781,96.47000122070312,97.37999725341797,353400
2024-01-16,97.83000183105469,97.83000183105469,98.69000244140625,94.91000366210938,96.80999755859375,378200
2024-01-17,96.05000305175781,96.05000305175781,98.1500015258789,95.87999725341797,96.4800033569336,374400
2024-01-18,96.26000213623047,96.26000213623047,96.98999786376953,95.77999877929688,96.68000030517578,186400
2024-01-19,98.16999816894531,98.16999816894531,98.66999816894531,96.02999877929688,96.69999694824219,278800
2024-01-22,100.43000030517578,100.43000030517578,100.94000244140625,97.87000274658203,98.55000305175781,338600
2024-01-23,100.95999908447266,100.95999908447266,101.5,100.36000061035156,100.91000366210938,284700
2024-01-24,100.08000183105469,100.08000183105469,102.19999694824219,100.04000091552734,102.05999755859375,183900
2024-01-25,101.2300033569336,101.2300033569336,102.33999633789062,100.08000183105469,101.38999938964844,265500
2024-01-26,100.33000183105469,100.33000183105469,101.79000091552734,100.05000305175781,101.08999633789062,266900
2024-01-29,101.0,101.0,101.08999633789062,99.27999877929688,100.45999908447266,269100
2024-01-30,98.68000030517578,98.68000030517578,100.08999633789062,98.66000366210938,100.08999633789062,412800
2024-01-31,98.25,98.25,100.80000305175781,98.08000183105469,98.63999938964844,276800
2024-02-01,100.48999786376953,100.48999786376953,100.80000305175781,97.5,98.87999725341797,260100
2024-02-02,100.37999725341797,100.37999725341797,101.04000091552734,98.94000244140625,99.70999908447266,219900
2024-02-05,98.05999755859375,98.05999755859375,99.68000030517578,98.02999877929688,99.68000030517578,278100
2024-02-06,98.58000183105469,98.58000183105469,99.45999908447266,98.06999969482422,98.1500015258789,354200
2024-02-07,98.43000030517578,98.43000030517578,99.05999755859375,97.8499984741211,98.83000183105469,277900
2024-02-08,99.0,99.0,99.25,97.94999694824219,98.52999877929688,310400
2024-02-09,100.87000274658203,100.87000274658203,101.0,99.0999984741211,99.1500015258789,385300
2024-02-12,99.44000244140625,99.44000244140625,101.4800033569336,99.0,100.58000183105469,454800
2024-02-13,95.88999938964844,95.88999938964844,98.36000061035156,94.83000183105469,97.77999877929688,682900
2024-02-14,105.83000183105469,105.83000183105469,107.83000183105469,102.38999938964844,103.05000305175781,1428400
2024-02-15,109.3499984741211,109.3499984741211,109.56999969482422,105.68000030517578,105.68000030517578,854400
2024-02-16,110.87000274658203,110.87000274658203,111.91999816894531,108.4800033569336,108.75,582200
2024-02-20,106.4000015258789,106.4000015258789,109.44999694824219,105.9800033569336,109.04000091552734,503800
2024-02-21,105.9800033569336,105.9800033569336,106.54000091552734,105.05000305175781,105.62999725341797,365000
2024-02-22,107.75,107.75,108.29000091552734,106.0,106.94999694824219,447300
2024-02-23,107.91000366210938,107.91000366210938,108.41999816894531,106.94999694824219,108.19999694824219,275600
2024-02-26,107.83999633789062,107.83999633789062,108.98999786376953,106.55000305175781,108.0,225500
2024-02-27,109.76000213623047,109.76000213623047,110.31999969482422,108.4000015258789,108.70999908447266,392100
2024-02-28,114.06999969482422,114.06999969482422,114.70999908447266,111.43000030517578,111.69999694824219,745600
2024-02-29,114.86000061035156,114.86000061035156,115.68000030517578,113.55000305175781,114.13999938964844,556000
2024-03-01,116.06999969482422,116.06999969482422,116.80999755859375,114.37000274658203,114.7300033569336,268500
2024-03-04,115.6500015258789,115.6500015258789,117.19999694824219,115.4000015258789,115.94000244140625,295900
2024-03-05,114.11000061035156,114.11000061035156,115.44999694824219,114.04000091552734,114.69999694824219,290300
2024-03-06,115.2699966430664,115.2699966430664,116.12999725341797,113.83000183105469,114.72000122070312,217900
2024-03-07,116.54000091552734,116.54000091552734,117.01000213623047,115.2699966430664,115.63999938964844,227600
2024-03-08,117.68000030517578,117.68000030517578,119.12999725341797,116.63999938964844,117.05999755859375,203200
2024-03-11,116.45999908447266,116.45999908447266,117.9000015258789,115.9800033569336,117.16000366210938,204100
2024-03-12,117.37999725341797,117.37999725341797,117.73999786376953,115.75,116.19999694824219,312200
2024-03-13,117.9000015258789,117.9000015258789,119.20999908447266,117.58999633789062,117.58999633789062,236100
2024-03-14,114.6500015258789,114.6500015258789,117.69999694824219,113.68000030517578,117.69999694824219,302700
2024-03-15,113.52999877929688,113.52999877929688,115.41999816894531,113.33000183105469,114.73999786376953,813400
2024-03-18,113.48999786376953,113.48999786376953,114.68000030517578,113.2300033569336,113.8499984741211,674900
2024-03-19,115.23999786376953,115.23999786376953,116.25,113.04000091552734,113.04000091552734,263700
2024-03-20,114.66000366210938,114.66000366210938,115.33999633789062,113.8499984741211,115.11000061035156,358600
2024-03-21,114.79000091552734,114.79000091552734,115.45999908447266,114.12999725341797,114.91000366210938,225500
2024-03-22,113.86000061035156,113.86000061035156,114.94999694824219,113.08000183105469,114.8499984741211,231300
2024-03-25,112.26000213623047,112.26000213623047,114.41000366210938,112.25,114.11000061035156,197500
2024-03-26,113.0,113.0,114.45999908447266,112.73999786376953,112.79000091552734,322500
2024-03-27,112.83000183105469,112.83000183105469,113.66999816894531,111.81999969482422,113.61000061035156,293600
2024-03-28,113.36000061035156,113.36000061035156,114.18000030517578,112.73999786376953,112.73999786376953,175800
2024-04-01,112.48999786376953,112.48999786376953,113.62999725341797,111.61000061035156,113.62999725341797,208100
2024-04-02,111.36000061035156,111.36000061035156,112.01000213623047,110.66999816894531,111.83999633789062,254800
2024-04-03,110.41999816894531,110.41999816894531,112.02999877929688,110.19999694824219,111.01000213623047,242600
2024-04-04,109.75,109.75,112.66999816894531,109.58999633789062,111.16999816894531,192000
2024-04-05,111.43000030517578,111.43000030517578,111.45999908447266,109.13999938964844,109.13999938964844,205500
2024-04-08,112.56999969482422,112.56999969482422,113.7300033569336,111.55000305175781,111.93000030517578,259600
2024-04-09,112.55000305175781,112.55000305175781,113.08000183105469,112.08999633789062,112.73999786376953,212500
2024-04-10,111.36000061035156,111.36000061035156,112.12000274658203,110.41999816894531,110.8499984741211,206400
2024-04-11,111.62000274658203,111.62000274658203,112.0199966430664,110.01000213623047,112.0199966430664,173000
2024-04-12,109.16999816894531,109.16999816894531,110.77999877929688,108.66999816894531,110.77999877929688,192900
2024-04-15,106.27999877929688,106.27999877929688,110.18000030517578,105.44999694824219,110.18000030517578,265700
2024-04-16,104.83000183105469,104.83000183105469,105.76000213623047,104.48999786376953,105.63999938964844,334500
2024-04-17,103.44000244140625,103.44000244140625,105.3499984741211,103.33000183105469,105.3499984741211,222100
2024-04-18,103.72000122070312,103.72000122070312,104.7300033569336,102.7699966430664,103.7699966430664,230200
2024-04-19,104.44999694824219,104.44999694824219,105.1500015258789,103.41000366210938,104.26000213623047,234100
2024-04-22,105.87000274658203,105.87000274658203,106.72000122070312,104.7699966430664,105.45999908447266,262700
2024-04-23,107.62000274658203,107.62000274658203,108.11000061035156,105.38999938964844,106.08999633789062,205100
2024-04-24,106.83000183105469,106.83000183105469,108.72000122070312,106.79000091552734,107.69000244140625,187900
2024-04-25,106.27999877929688,106.27999877929688,107.18000030517578,105.7300033569336,105.9000015258789,212700
2024-04-26,106.68000030517578,106.68000030517578,108.05999755859375,106.0999984741211,106.41000366210938,155400
2024-04-29,106.1500015258789,106.1500015258789,107.5199966430664,105.93000030517578,106.73999786376953,266200
2024-04-30,103.70999908447266,103.70999908447266,106.05999755859375,103.69000244140625,105.51000213623047,336900
2024-05-01,103.7300033569336,103.7300033569336,105.13999938964844,102.12999725341797,103.5199966430664,237200
2024-05-02,104.2699966430664,104.2699966430664,105.72000122070312,103.22000122070312,104.94000244140625,451700
2024-05-03,111.2300033569336,111.2300033569336,112.69999694824219,108.75,111.0199966430664,651900
2024-05-06,114.5199966430664,114.5199966430664,115.70999908447266,110.0,111.72000122070312,778900
2024-05-07,114.27999877929688,114.27999877929688,117.0999984741211,113.87000274658203,114.87999725341797,434700
2024-05-08,113.79000091552734,113.79000091552734,116.80999755859375,112.58000183105469,113.58999633789062,434900
2024-05-09,113.13999938964844,113.13999938964844,115.0199966430664,112.41000366210938,112.91000366210938,260200
2024-05-10,112.69999694824219,112.69999694824219,113.58999633789062,111.5199966430664,113.55000305175781,326100
2024-05-13,112.70999908447266,112.70999908447266,113.33000183105469,111.05999755859375,113.23999786376953,430800
2024-05-14,114.76000213623047,114.76000213623047,116.27999877929688,113.56999969482422,113.68000030517578,483200
2024-05-15,115.0999984741211,115.0999984741211,115.80999755859375,114.44000244140625,115.16999816894531,185000
2024-05-16,112.66000366210938,112.66000366210938,115.1500015258789,112.56999969482422,114.95999908447266,230700
2024-05-17,109.05999755859375,109.05999755859375,113.12999725341797,108.79000091552734,112.9800033569336,462000
2024-05-20,110.66999816894531,110.66999816894531,111.12999725341797,109.12999725341797,109.12999725341797,364200
2024-05-21,109.37999725341797,109.37999725341797,110.87000274658203,109.31999969482422,110.41000366210938,203200
2024-05-22,107.9000015258789,107.9000015258789,109.62999725341797,107.4000015258789,109.04000091552734,157300
2024-05-23,108.5,108.5,109.45999908447266,107.26000213623047,108.48999786376953,484300
2024-05-24,107.62000274658203,107.62000274658203,109.5199966430664,107.56999969482422,109.3499984741211,355900
2024-05-28,106.0,106.0,107.94000244140625,105.56999969482422,107.80999755859375,244900
2024-05-29,103.41999816894531,103.41999816894531,105.05999755859375,103.3499984741211,104.6500015258789,291300
2024-05-30,104.25,104.25,104.63999938964844,102.73999786376953,103.19000244140625,393400
2024-05-31,105.12000274658203,105.12000274658203,105.25,103.79000091552734,104.79000091552734,609100
2024-06-03,108.86000061035156,108.86000061035156,108.91999816894531,105.0999984741211,105.36000061035156,433000
2024-06-04,109.19999694824219,109.19999694824219,109.33999633789062,107.62999725341797,108.5199966430664,270300
2024-06-05,110.81999969482422,110.81999969482422,111.36000061035156,108.6500015258789,109.33999633789062,334600
2024-06-06,108.33000183105469,108.33000183105469,111.19999694824219,108.04000091552734,110.12000274658203,192700
2024-06-07,106.97000122070312,106.97000122070312,107.4000015258789,106.19000244140625,106.33000183105469,177300
2024-06-10,106.91999816894531,106.91999816894531,107.83999633789062,106.41999816894531,106.41999816894531,202800
2024-06-11,105.55999755859375,105.55999755859375,106.91999816894531,105.05999755859375,105.9800033569336,271500
2024-06-12,107.13999938964844,107.13999938964844,108.44000244140625,106.31999969482422,107.62000274658203,243500
2024-06-13,104.58000183105469,104.58000183105469,106.93000030517578,104.45999908447266,106.80000305175781,571900
2024-06-14,103.94000244140625,103.94000244140625,104.16999816894531,101.5199966430664,103.55999755859375,422500
2024-06-17,103.73999786376953,103.73999786376953,104.66000366210938,102.45999908447266,103.66999816894531,387100
2024-06-18,102.22000122070312,102.22000122070312,104.12000274658203,102.02999877929688,103.91999816894531,331300
2024-06-20,100.83000183105469,100.83000183105469,102.08999633789062,100.58999633789062,102.08999633789062,449300
2024-06-21,102.30000305175781,102.30000305175781,102.33999633789062,100.5999984741211,100.88999938964844,539300
2024-06-24,105.0199966430664,105.0199966430664,105.44000244140625,101.91999816894531,102.44000244140625,389000
2024-06-25,104.44999694824219,104.44999694824219,105.83999633789062,104.04000091552734,105.16000366210938,226100
2024-06-26,106.79000091552734,106.79000091552734,106.8499984741211,104.08999633789062,104.08999633789062,246500
2024-06-27,106.86000061035156,106.86000061035156,107.3499984741211,105.5199966430664,107.02999877929688,318900
2024-06-28,110.08000183105469,110.08000183105469,110.41000366210938,107.20999908447266,107.20999908447266,434500
2024-07-01,108.63999938964844,108.63999938964844,110.56999969482422,107.52999877929688,109.87000274658203,298700
2024-07-02,108.12000274658203,108.12000274658203,109.41999816894531,107.76000213623047,108.26000213623047,257200
2024-07-03,110.05999755859375,110.05999755859375,110.88999938964844,108.45999908447266,108.62999725341797,159500
2024-07-05,111.45999908447266,111.45999908447266,111.81999969482422,109.66999816894531,110.19999694824219,185100
2024-07-08,109.97000122070312,109.97000122070312,112.2300033569336,109.62999725341797,111.48999786376953,242600
2024-07-09,107.73999786376953,107.73999786376953,110.86000061035156,107.45999908447266,109.38999938964844,183100
2024-07-10,109.08000183105469,109.08000183105469,109.44999694824219,107.31999969482422,108.0999984741211,284000
2024-07-11,111.98999786376953,111.98999786376953,113.52999877929688,110.02999877929688,110.5999984741211,295100
2024-07-12,114.75,114.75,115.66999816894531,112.44000244140625,113.2699966430664,269900
2024-07-15,118.69000244140625,118.69000244140625,120.73999786376953,115.68000030517578,116.16999816894531,395000
2024-07-16,121.81999969482422,121.81999969482422,122.02999877929688,118.30000305175781,118.4000015258789,346900
2024-07-17,119.2699966430664,119.2699966430664,122.66999816894531,119.0,120.69000244140625,340200
2024-07-18,118.33999633789062,118.33999633789062,120.27999877929688,116.72000122070312,118.52999877929688,326400
2024-07-19,118.72000122070312,118.72000122070312,120.0,117.69000244140625,118.08000183105469,262800
2024-07-22,118.55000305175781,118.55000305175781,120.06999969482422,118.18000030517578,119.81999969482422,275200
2024-07-23,117.87000274658203,117.87000274658203,119.13999938964844,117.5,117.80000305175781,259100
2024-07-24,115.12999725341797,115.12999725341797,118.56999969482422,115.04000091552734,117.36000061035156,295600
2024-07-25,117.9000015258789,117.9000015258789,118.61000061035156,114.95999908447266,115.91000366210938,444300
2024-07-26,120.36000061035156,120.36000061035156,122.30999755859375,117.83000183105469,118.5199966430664,398400
2024-07-29,121.30000305175781,121.30000305175781,122.05999755859375,119.70999908447266,120.58000183105469,307400
2024-07-30,122.27999877929688,122.27999877929688,122.43000030517578,119.91000366210938,121.83999633789062,272400
2024-07-31,120.25,120.25,122.52999877929688,119.88999938964844,122.52999877929688,431600
2024-08-01,118.43000030517578,118.43000030517578,120.76000213623047,116.20999908447266,120.38999938964844,392600
2024-08-02,135.14999389648438,135.14999389648438,136.22000122070312,119.18000030517578,123.0,1596200
2024-08-05,128.77999877929688,128.77999877929688,131.83999633789062,127.2300033569336,128.6699981689453,970800
2024-08-06,132.6999969482422,132.6999969482422,135.85000610351562,128.0500030517578,129.22000122070312,736600
2024-08-07,131.00999450683594,131.00999450683594,135.3000030517578,129.8800048828125,132.89999389648438,476800
2024-08-08,132.0500030517578,132.0500030517578,132.72000122070312,130.3699951171875,132.05999755859375,533500
2024-08-09,132.49000549316406,132.49000549316406,133.89999389648438,131.2100067138672,132.5399932861328,501300
2024-08-12,131.92999267578125,131.92999267578125,133.83999633789062,130.9199981689453,132.9600067138672,307300
2024-08-13,133.4499969482422,133.4499969482422,134.0,131.44000244140625,132.0,242800
2024-08-14,136.02999877929688,136.02999877929688,136.10000610351562,133.99000549316406,133.99000549316406,284500
2024-08-15,136.3000030517578,136.3000030517578,138.25,136.0500030517578,137.0800018310547,268000
2024-08-16,135.8000030517578,135.8000030517578,138.22999572753906,135.4499969482422,136.50999450683594,265200
2024-08-19,135.07000732421875,135.07000732421875,136.07000732421875,133.7899932861328,134.72000122070312,319800
2024-08-20,133.64999389648438,133.64999389648438,135.38999938964844,132.77999877929688,134.92999267578125,540200
2024-08-21,137.0,137.0,137.1999969482422,133.57000732421875,133.6699981689453,464200
2024-08-22,135.66000366210938,135.66000366210938,137.13999938964844,134.82000732421875,137.13999938964844,288600
2024-08-23,136.1300048828125,136.1300048828125,137.8699951171875,134.97999572753906,135.8000030517578,263700
2024-08-26,137.1199951171875,137.1199951171875,137.99000549316406,135.9600067138672,135.9600067138672,294800
2024-08-27,139.02999877929688,139.02999877929688,139.39999389648438,135.86000061035156,136.32000732421875,431400
2024-08-28,137.1199951171875,137.1199951171875,139.58999633789062,136.7899932861328,138.6699981689453,406000
2024-08-29,139.07000732421875,139.07000732421875,140.80999755859375,138.1199951171875,138.19000244140625,311300
2024-08-30,140.72000122070312,140.72000122070312,140.86000061035156,138.58999633789062,139.64999389648438,306600
2024-09-03,139.39999389648438,139.39999389648438,140.91000366210938,138.10000610351562,140.0,302100
2024-09-04,140.63999938964844,140.63999938964844,141.88999938964844,135.0,137.52999877929688,344000
2024-09-05,140.7100067138672,140.7100067138672,141.89999389648438,139.52999877929688,140.64999389648438,268800
2024-09-06,137.50999450683594,137.50999450683594,141.1199951171875,137.3800048828125,140.38999938964844,401200
2024-09-09,138.89999389648438,138.89999389648438,140.50999450683594,136.6199951171875,137.92999267578125,331500
2024-09-10,138.6699981689453,138.6699981689453,139.13999938964844,136.8300018310547,139.13999938964844,281700
2024-09-11,137.8000030517578,137.8000030517578,139.33999633789062,136.07000732421875,137.99000549316406,351500
2024-09-12,140.14999389648438,140.14999389648438,140.41000366210938,137.63999938964844,137.97999572753906,305700
2024-09-13,140.67999267578125,140.67999267578125,141.63999938964844,139.69000244140625,140.75999450683594,249500
2024-09-16,139.99000549316406,139.99000549316406,141.8000030517578,139.8300018310547,140.4499969482422,232300
2024-09-17,138.3000030517578,138.3000030517578,141.25999450683594,138.25,140.82000732421875,215300
2024-09-18,136.58999633789062,136.58999633789062,139.0500030517578,136.3000030517578,138.3000030517578,275000
2024-09-19,136.5,136.5,139.32000732421875,136.49000549316406,138.6300048828125,430600
2024-09-20,139.05999755859375,139.05999755859375,139.4199981689453,136.3000030517578,136.3699951171875,508600
2024-09-23,138.92999267578125,138.92999267578125,140.6999969482422,138.0800018310547,139.60000610351562,258200
2024-09-24,140.69000244140625,140.69000244140625,140.82000732421875,137.8000030517578,138.67999267578125,229900
2024-09-25,139.44000244140625,139.44000244140625,141.57000732421875,138.74000549316406,141.14999389648438,256400
2024-09-26,139.77999877929688,139.77999877929688,140.52999877929688,138.52000427246094,139.88999938964844,182500
2024-09-27,138.67999267578125,138.67999267578125,140.69000244140625,137.6300048828125,140.19000244140625,255700
2024-09-30,140.1300048828125,140.1300048828125,140.19000244140625,138.44000244140625,138.7100067138672,222700
2024-10-01,138.14999389648438,138.14999389648438,140.0,137.22000122070312,140.0,233200
2024-10-02,138.19000244140625,138.19000244140625,138.75,137.1300048828125,137.6999969482422,162400
2024-10-03,137.94000244140625,137.94000244140625,138.1699981689453,136.00999450683594,137.3300018310547,305800
2024-10-04,136.1999969482422,136.1999969482422,139.67999267578125,135.74000549316406,138.8800048828125,492900
2024-10-07,136.30999755859375,136.30999755859375,138.14999389648438,135.88999938964844,136.94000244140625,254200
2024-10-08,136.6199951171875,136.6199951171875,139.25,136.5,136.7100067138672,331100
2024-10-09,135.50999450683594,135.50999450683594,138.10000610351562,135.3000030517578,136.14999389648438,305100
2024-10-10,132.94000244140625,132.94000244140625,134.92999267578125,131.08999633789062,134.8000030517578,497400
2024-10-11,134.22999572753906,134.22999572753906,135.22999572753906,132.38999938964844,133.3000030517578,234900
2024-10-14,133.6999969482422,133.6999969482422,134.88999938964844,133.17999267578125,133.5,373000
2024-10-15,132.89999389648438,132.89999389648438,136.74000549316406,132.47999572753906,133.6999969482422,756200
2024-10-16,131.9600067138672,131.9600067138672,133.05999755859375,131.3000030517578,133.0,423100
2024-10-17,131.6699981689453,131.6699981689453,133.10000610351562,130.3800048828125,131.82000732421875,550300
2024-10-18,131.6199951171875,131.6199951171875,132.36000061035156,130.80999755859375,132.14999389648438,251400
2024-10-21,130.1999969482422,130.1999969482422,133.14999389648438,130.14999389648438,131.35000610351562,337800
2024-10-22,130.52000427246094,130.52000427246094,130.52999877929688,128.3800048828125,130.0,590700
2024-10-23,132.58999633789062,132.58999633789062,132.63999938964844,129.44000244140625,130.35000610351562,394600
2024-10-24,130.00999450683594,130.00999450683594,132.4499969482422,129.89999389648438,132.0,534100
2024-10-25,129.77000427246094,129.77000427246094,130.89999389648438,129.22000122070312,130.0,332300
2024-10-28,130.7899932861328,130.7899932861328,131.8000030517578,129.52000427246094,130.67999267578125,296100
2024-10-29,131.4199981689453,131.4199981689453,132.3000030517578,130.1199951171875,130.1199951171875,451000
2024-10-30,133.2100067138672,133.2100067138672,133.5,131.02999877929688,131.42999267578125,322500
2024-10-31,133.47000122070312,133.47000122070312,135.44000244140625,132.47000122070312,132.47000122070312,399800
2024-11-01,133.5399932861328,133.5399932861328,135.3699951171875,131.60000610351562,134.8300018310547,657200
2024-11-04,132.8300018310547,132.8300018310547,135.77999877929688,132.02999877929688,133.25,750600
2024-11-05,115.87999725341797,115.87999725341797,129.8800048828125,115.16000366210938,128.83999633789062,1289300
2024-11-06,116.38999938964844,116.38999938964844,121.44000244140625,115.56999969482422,117.68000030517578,1545900
2024-11-07,116.5199966430664,116.5199966430664,119.04000091552734,114.44999694824219,117.0199966430664,1236100
2024-11-08,116.13999938964844,116.13999938964844,119.13999938964844,115.83999633789062,117.69000244140625,1003600
2024-11-11,113.81999969482422,113.81999969482422,116.72000122070312,113.0,116.37000274658203,728200
2024-11-12,111.58000183105469,111.58000183105469,114.79000091552734,111.51000213623047,114.31999969482422,730600
2024-11-13,111.13999938964844,111.13999938964844,112.19999694824219,110.55000305175781,111.62999725341797,601400
2024-11-14,107.04000091552734,107.04000091552734,111.8499984741211,106.5,111.8499984741211,1025500
2024-11-15,104.0,104.0,106.9000015258789,103.75,106.9000015258789,1056600
2024-11-18,108.0,108.0,108.18000030517578,105.27999877929688,105.27999877929688,836000
2024-11-19,109.05999755859375,109.05999755859375,109.26000213623047,106.52999877929688,107.05999755859375,651000
2024-11-20,108.36000061035156,108.36000061035156,110.26000213623047,108.02999877929688,108.02999877929688,494700
2024-11-21,111.05000305175781,111.05000305175781,111.23999786376953,108.22000122070312,108.43000030517578,591800
2024-11-22,113.08000183105469,113.08000183105469,114.1500015258789,111.83999633789062,113.20999908447266,767100
2024-11-25,114.61000061035156,114.61000061035156,115.16999816894531,113.4000015258789,113.4000015258789,1145700
2024-11-26,115.0999984741211,115.0999984741211,115.12999725341797,113.94000244140625,114.81999969482422,521200
2024-11-27,115.25,115.25,115.93000030517578,114.36000061035156,115.81999969482422,586200
2024-11-29,115.62999725341797,115.62999725341797,116.30000305175781,114.66999816894531,115.05000305175781,376900
2024-12-02,115.43000030517578,115.43000030517578,116.05000305175781,114.25,115.04000091552734,589300
2024-12-03,115.61000061035156,115.61000061035156,115.83999633789062,114.44999694824219,115.56999969482422,426600
2024-12-04,118.68000030517578,118.68000030517578,118.83000183105469,114.54000091552734,114.93000030517578,593500
2024-12-05,119.2699966430664,119.2699966430664,119.55000305175781,116.16000366210938,117.91999816894531,750600
2024-12-06,115.11000061035156,115.11000061035156,120.29000091552734,114.1500015258789,119.05999755859375,1933300
2024-12-09,113.0999984741211,113.0999984741211,116.27999877929688,112.23999786376953,114.9000015258789,789400
2024-12-10,112.19000244140625,112.19000244140625,113.29000091552734,110.52999877929688,112.66000366210938,513800
2024-12-11,112.05999755859375,112.05999755859375,113.16999816894531,111.41999816894531,112.91000366210938,559700
2024-12-12,110.20999908447266,110.20999908447266,112.94000244140625,110.08999633789062,111.72000122070312,404500
2024-12-13,109.72000122070312,109.72000122070312,110.26000213623047,107.80000305175781,109.47000122070312,539500
2024-12-16,108.38999938964844,108.38999938964844,110.19999694824219,107.52999877929688,109.45999908447266,433500
2024-12-17,108.13999938964844,108.13999938964844,109.19000244140625,107.44999694824219,107.75,922800
2024-12-18,105.02999877929688,105.02999877929688,109.08999633789062,104.87000274658203,108.26000213623047,648200
2024-12-19,106.1500015258789,106.1500015258789,106.68000030517578,104.51000213623047,104.98999786376953,498500
2024-12-20,108.26000213623047,108.26000213623047,109.06999969482422,105.86000061035156,106.18000030517578,961200
2024-12-23,109.08000183105469,109.08000183105469,109.13999938964844,106.94000244140625,107.5199966430664,341700
