Date,Adj Close,Close,High,Low,Open,Volume
2017-11-30,63.84000015258789,63.84000015258789,73.36000061035156,63.70399856567383,73.36000061035156,2363
2017-12-01,55.040000915527344,55.040000915527344,63.20000076293945,55.040000915527344,63.20000076293945,613
2017-12-04,58.59199905395508,58.59199905395508,60.560001373291016,55.040000915527344,56.28799819946289,488
2017-12-05,55.20000076293945,55.20000076293945,58.560001373291016,54.400001525878906,58.560001373291016,1463
2017-12-06,57.992000579833984,57.992000579833984,58.560001373291016,55.439998626708984,55.439998626708984,1088
2017-12-07,57.20000076293945,57.20000076293945,58.2400016784668,56.93600082397461,58.2400016784668,350
2017-12-08,52.0,52.0,57.20000076293945,52.0,57.20000076293945,513
2017-12-11,52.0,52.0,55.91999816894531,52.0,55.91999816894531,113
2017-12-12,52.0,52.0,52.31999969482422,52.0,52.08000183105469,50
2017-12-13,52.0,52.0,54.0,46.2400016784668,54.0,150
2017-12-14,46.47999954223633,46.47999954223633,46.47999954223633,46.47999954223633,46.47999954223633,350
2017-12-15,45.90399932861328,45.90399932861328,45.90399932861328,45.90399932861328,45.90399932861328,63
2017-12-18,46.3120002746582,46.3120002746582,46.3120002746582,46.0,46.0,88
2017-12-19,46.3120002746582,46.3120002746582,46.3120002746582,46.3120002746582,46.3120002746582,0
2017-12-20,46.0,46.0,46.0,46.0,46.0,125
2017-12-21,46.30400085449219,46.30400085449219,47.391998291015625,46.30400085449219,47.391998291015625,38
2017-12-22,46.30400085449219,46.30400085449219,46.30400085449219,46.30400085449219,46.30400085449219,0
2017-12-26,46.30400085449219,46.30400085449219,46.30400085449219,46.30400085449219,46.30400085449219,0
2017-12-27,46.30400085449219,46.30400085449219,46.30400085449219,46.30400085449219,46.30400085449219,0
2017-12-28,46.30400085449219,46.30400085449219,46.30400085449219,46.30400085449219,46.30400085449219,0
2017-12-29,46.30400085449219,46.30400085449219,46.30400085449219,46.30400085449219,46.30400085449219,0
2018-01-02,40.08000183105469,40.08000183105469,40.08000183105469,40.08000183105469,40.08000183105469,50
2018-01-03,45.91999816894531,45.91999816894531,46.0,42.400001525878906,42.47999954223633,788
2018-01-04,46.400001525878906,46.400001525878906,48.0,46.08000183105469,48.0,513
2018-01-05,48.0,48.0,48.0,47.599998474121094,47.599998474121094,63
2018-01-08,48.0,48.0,48.0,46.0,48.0,713
2018-01-09,48.0,48.0,48.0,46.79999923706055,46.79999923706055,300
2018-01-10,46.880001068115234,46.880001068115234,48.0,46.47999954223633,48.0,2063
2018-01-11,51.599998474121094,51.599998474121094,51.91999816894531,46.0,46.959999084472656,238
2018-01-12,55.768001556396484,55.768001556396484,56.0,55.25600051879883,56.0,263
2018-01-16,48.20800018310547,48.20800018310547,50.959999084472656,48.20800018310547,50.959999084472656,38
2018-01-17,44.0,44.0,46.400001525878906,44.0,46.08000183105469,225
2018-01-18,48.79999923706055,48.79999923706055,52.0,44.15999984741211,44.15999984741211,325
2018-01-19,44.944000244140625,44.944000244140625,46.183998107910156,44.79999923706055,46.183998107910156,138
2018-01-22,48.63999938964844,48.63999938964844,48.63999938964844,48.63999938964844,48.63999938964844,25
2018-01-23,48.08000183105469,48.08000183105469,48.560001373291016,48.0,48.560001373291016,275
2018-01-24,48.0,48.0,48.0,48.0,48.0,50
2018-01-25,48.0,48.0,48.0,48.0,48.0,0
2018-01-26,45.52799987792969,45.52799987792969,45.52799987792969,45.52799987792969,45.52799987792969,13
2018-01-29,45.52799987792969,45.52799987792969,45.52799987792969,45.52799987792969,45.52799987792969,0
2018-01-30,45.52799987792969,45.52799987792969,45.52799987792969,45.52799987792969,45.52799987792969,0
2018-01-31,45.52799987792969,45.52799987792969,45.52799987792969,45.52799987792969,45.52799987792969,0
2018-02-01,45.09600067138672,45.09600067138672,45.20000076293945,44.0,45.20000076293945,150
2018-02-02,45.09600067138672,45.09600067138672,45.09600067138672,45.09600067138672,45.09600067138672,0
2018-02-05,40.2400016784668,40.2400016784668,44.0,40.0,44.0,225
2018-02-06,43.599998474121094,43.599998474121094,43.599998474121094,39.599998474121094,39.599998474121094,75
2018-02-07,43.599998474121094,43.599998474121094,43.599998474121094,43.599998474121094,43.599998474121094,0
2018-02-08,35.36000061035156,35.36000061035156,35.36000061035156,35.36000061035156,35.36000061035156,50
2018-02-09,40.0,40.0,43.20000076293945,40.0,43.20000076293945,150
2018-02-12,40.0,40.0,40.0,40.0,40.0,0
2018-02-13,43.20000076293945,43.20000076293945,43.20000076293945,43.20000076293945,43.20000076293945,50
2018-02-14,43.20000076293945,43.20000076293945,43.20000076293945,43.20000076293945,43.20000076293945,0
2018-02-15,40.0,40.0,40.0,34.880001068115234,36.400001525878906,163
2018-02-16,40.0,40.0,40.0,40.0,40.0,0
2018-02-20,37.68000030517578,37.68000030517578,37.68000030517578,37.68000030517578,37.68000030517578,38
2018-02-21,37.68000030517578,37.68000030517578,37.68000030517578,37.68000030517578,37.68000030517578,0
2018-02-22,32.0,32.0,37.599998474121094,32.0,37.599998474121094,275
2018-02-23,32.0,32.0,32.0,32.0,32.0,0
2018-02-26,32.0,32.0,32.0,32.0,32.0,0
2018-02-27,32.0,32.0,32.0,32.0,32.0,0
2018-02-28,32.0,32.0,32.0,32.0,32.0,0
2018-03-01,33.599998474121094,33.599998474121094,33.599998474121094,33.599998474121094,33.599998474121094,138
2018-03-02,33.599998474121094,33.599998474121094,40.0,33.599998474121094,40.0,463
2018-03-05,36.79999923706055,36.79999923706055,36.79999923706055,32.0,32.70399856567383,200
2018-03-06,38.400001525878906,38.400001525878906,38.400001525878906,35.52000045776367,37.91999816894531,263
2018-03-07,34.79999923706055,34.79999923706055,34.79999923706055,34.167999267578125,34.560001373291016,63
2018-03-08,34.79999923706055,34.79999923706055,34.79999923706055,34.79999923706055,34.79999923706055,0
2018-03-09,34.79999923706055,34.79999923706055,34.79999923706055,34.79999923706055,34.79999923706055,0
2018-03-12,34.79999923706055,34.79999923706055,34.79999923706055,34.79999923706055,34.79999923706055,0
2018-03-13,34.79999923706055,34.79999923706055,34.79999923706055,34.79999923706055,34.79999923706055,0
2018-03-14,32.0,32.0,32.0,32.0,32.0,50
2018-03-15,32.0,32.0,32.0,32.0,32.0,0
2018-03-16,32.0,32.0,32.0,31.760000228881836,31.920000076293945,300
2018-03-19,32.0,32.0,32.0,32.0,32.0,0
2018-03-20,32.0,32.0,32.0,32.0,32.0,125
2018-03-21,33.599998474121094,33.599998474121094,33.599998474121094,33.599998474121094,33.599998474121094,100
2018-03-22,28.0,28.0,28.0,24.639999389648438,24.639999389648438,38
2018-03-23,28.0,28.0,28.0,28.0,28.0,0
2018-03-26,24.0,24.0,25.440000534057617,24.0,25.440000534057617,75
2018-03-27,31.84000015258789,31.84000015258789,32.0,29.280000686645508,32.0,213
2018-03-28,32.47999954223633,32.47999954223633,33.52000045776367,32.25600051879883,33.47999954223633,138
2018-03-29,32.47999954223633,32.47999954223633,32.47999954223633,32.47999954223633,32.47999954223633,0
2018-04-02,38.040000915527344,38.040000915527344,40.0,35.279998779296875,36.720001220703125,613
2018-04-03,34.880001068115234,34.880001068115234,35.52000045776367,32.79999923706055,34.720001220703125,400
2018-04-04,33.375999450683594,33.375999450683594,33.375999450683594,33.375999450683594,33.375999450683594,38
2018-04-05,28.239999771118164,28.239999771118164,28.31999969482422,25.472000122070312,27.520000457763672,1138
2018-04-06,28.559999465942383,28.559999465942383,29.1200008392334,28.559999465942383,28.847999572753906,900
2018-04-09,26.15999984741211,26.15999984741211,26.15999984741211,26.15999984741211,26.15999984741211,25
2018-04-10,26.399999618530273,26.399999618530273,26.399999618530273,26.399999618530273,26.399999618530273,25
2018-04-11,33.599998474121094,33.599998474121094,35.119998931884766,30.079999923706055,31.920000076293945,1038
2018-04-12,30.0,30.0,31.600000381469727,26.719999313354492,29.520000457763672,213
2018-04-13,31.559999465942383,31.559999465942383,31.559999465942383,28.799999237060547,28.799999237060547,125
2018-04-16,30.31999969482422,30.31999969482422,32.47999954223633,28.8799991607666,32.47999954223633,163
2018-04-17,29.88800048828125,29.88800048828125,29.88800048828125,29.88800048828125,29.88800048828125,25
2018-04-18,28.992000579833984,28.992000579833984,29.600000381469727,28.992000579833984,29.600000381469727,125
2018-04-19,28.992000579833984,28.992000579833984,28.992000579833984,28.992000579833984,28.992000579833984,0
2018-04-20,28.992000579833984,28.992000579833984,28.992000579833984,28.992000579833984,28.992000579833984,0
2018-04-23,30.0,30.0,31.920000076293945,30.0,31.68000030517578,100
2018-04-24,29.200000762939453,29.200000762939453,29.200000762939453,29.200000762939453,29.200000762939453,25
2018-04-25,28.399999618530273,28.399999618530273,28.399999618530273,28.15999984741211,28.399999618530273,263
2018-04-26,28.799999237060547,28.799999237060547,28.799999237060547,28.079999923706055,28.079999923706055,100
2018-04-27,31.200000762939453,31.200000762939453,31.200000762939453,31.200000762939453,31.200000762939453,100
2018-04-30,28.399999618530273,28.399999618530273,28.399999618530273,28.399999618530273,28.399999618530273,25
2018-05-01,30.423999786376953,30.423999786376953,30.423999786376953,28.399999618530273,28.399999618530273,163
2018-05-02,59.36000061035156,59.36000061035156,111.28800201416016,30.24799919128418,30.24799919128418,80150
2018-05-03,66.63999938964844,66.63999938964844,139.1999969482422,64.0,92.0,251350
2018-05-04,51.599998474121094,51.599998474121094,68.0,46.0,56.0,65075
2018-05-07,50.400001525878906,50.400001525878906,60.08000183105469,42.0,46.47999954223633,36013
2018-05-08,45.68000030517578,45.68000030517578,51.992000579833984,44.0,50.47999954223633,15938
2018-05-09,44.63999938964844,44.63999938964844,47.84000015258789,40.79999923706055,44.15999984741211,13138
2018-05-10,41.20000076293945,41.20000076293945,46.0,40.80799865722656,46.0,5513
2018-05-11,53.35200119018555,53.35200119018555,56.0,40.0,42.15999984741211,64013
2018-05-14,94.4000015258789,94.4000015258789,99.19999694824219,49.31999969482422,54.880001068115234,1042825
2018-05-15,76.95999908447266,76.95999908447266,95.83999633789062,70.63999938964844,82.0,210388
2018-05-16,78.72000122070312,78.72000122070312,85.5999984741211,67.36000061035156,67.91999816894531,121900
2018-05-17,69.27999877929688,69.27999877929688,84.0,68.0,78.08000183105469,130438
2018-05-18,57.91999816894531,57.91999816894531,70.10399627685547,56.79999923706055,68.72000122070312,37525
2018-05-21,62.880001068115234,62.880001068115234,77.44000244140625,60.959999084472656,73.19999694824219,207675
2018-05-22,52.79999923706055,52.79999923706055,62.36000061035156,49.040000915527344,62.08000183105469,43263
2018-05-23,57.599998474121094,57.599998474121094,60.79999923706055,52.880001068115234,52.880001068115234,72188
2018-05-24,56.79999923706055,56.79999923706055,60.0,55.20000076293945,58.79999923706055,28825
2018-05-25,53.599998474121094,53.599998474121094,56.47999954223633,50.400001525878906,56.47999954223633,26000
2018-05-29,52.720001220703125,52.720001220703125,55.119998931884766,52.0,52.63999938964844,12150
2018-05-30,49.91999816894531,49.91999816894531,55.19200134277344,48.959999084472656,52.880001068115234,18038
2018-05-31,59.84000015258789,59.84000015258789,63.599998474121094,49.52000045776367,49.52000045776367,210313
2018-06-01,56.31999969482422,56.31999969482422,62.0,54.0,60.959999084472656,57263
2018-06-04,55.119998931884766,55.119998931884766,57.91999816894531,54.0,56.31999969482422,26363
2018-06-05,53.279998779296875,53.279998779296875,56.0880012512207,52.0,54.959999084472656,27688
2018-06-06,50.47999954223633,50.47999954223633,56.15999984741211,50.08000183105469,53.279998779296875,36813
2018-06-07,48.47999954223633,48.47999954223633,51.52000045776367,48.08000183105469,50.2400016784668,16125
2018-06-08,46.15999984741211,46.15999984741211,47.91999816894531,44.880001068115234,46.79999923706055,21325
2018-06-11,44.880001068115234,44.880001068115234,46.439998626708984,44.15999984741211,45.84000015258789,12313
2018-06-12,44.08000183105469,44.08000183105469,46.391998291015625,44.0,45.608001708984375,11175
2018-06-13,44.2400016784668,44.2400016784668,47.30400085449219,43.20000076293945,44.400001525878906,19775
2018-06-14,46.31999969482422,46.31999969482422,48.0,44.0,44.0,33475
2018-06-15,46.08000183105469,46.08000183105469,53.279998779296875,46.0,47.68000030517578,96050
2018-06-18,44.2400016784668,44.2400016784668,47.91999816894531,44.08000183105469,46.0,25438
2018-06-19,42.0,42.0,44.79999923706055,42.0,44.2400016784668,22013
2018-06-20,41.119998931884766,41.119998931884766,44.2400016784668,40.36000061035156,42.720001220703125,14388
2018-06-21,46.959999084472656,46.959999084472656,59.20000076293945,40.40800094604492,40.720001220703125,342100
2018-06-22,46.400001525878906,46.400001525878906,47.20000076293945,43.36000061035156,46.560001373291016,41275
2018-06-25,43.599998474121094,43.599998474121094,47.97600173950195,42.15999984741211,47.52000045776367,54650
2018-06-26,42.959999084472656,42.959999084472656,44.79999923706055,40.80799865722656,43.599998474121094,21088
2018-06-27,43.119998931884766,43.119998931884766,43.70399856567383,41.7599983215332,43.119998931884766,8550
2018-06-28,41.7599983215332,41.7599983215332,43.9119987487793,41.20000076293945,42.880001068115234,11463
2018-06-29,40.880001068115234,40.880001068115234,42.68000030517578,40.79999923706055,41.84000015258789,11413
2018-07-02,38.400001525878906,38.400001525878906,41.439998626708984,36.327999114990234,41.20000076293945,23563
2018-07-03,39.439998626708984,39.439998626708984,40.15999984741211,38.560001373291016,38.720001220703125,3838
2018-07-05,35.7599983215332,35.7599983215332,38.560001373291016,33.36000061035156,38.2400016784668,16463
2018-07-06,35.720001220703125,35.720001220703125,38.2400016784668,35.20000076293945,35.599998474121094,6788
2018-07-09,32.959999084472656,32.959999084472656,37.11199951171875,32.0,35.599998474121094,16150
2018-07-10,32.68000030517578,32.68000030517578,33.599998474121094,32.13600158691406,32.959999084472656,8075
2018-07-11,33.439998626708984,33.439998626708984,35.439998626708984,32.0,32.79999923706055,18588
2018-07-12,33.279998779296875,33.279998779296875,34.816001892089844,32.47999954223633,32.47999954223633,8688
2018-07-13,33.279998779296875,33.279998779296875,33.47200012207031,32.2400016784668,33.279998779296875,9913
2018-07-16,33.279998779296875,33.279998779296875,34.0,32.15999984741211,33.439998626708984,11175
2018-07-17,34.08000183105469,34.08000183105469,35.59199905395508,32.832000732421875,33.119998931884766,8188
2018-07-18,32.880001068115234,32.880001068115234,34.720001220703125,32.63999938964844,33.91999816894531,8725
2018-07-19,32.79999923706055,32.79999923706055,33.57600021362305,32.400001525878906,32.79999923706055,7113
2018-07-20,32.880001068115234,32.880001068115234,33.28799819946289,32.400001525878906,32.63999938964844,2638
2018-07-23,34.560001373291016,34.560001373291016,34.63999938964844,32.63999938964844,34.63999938964844,6713
2018-07-24,34.15999984741211,34.15999984741211,44.0,33.599998474121094,34.79999923706055,84113
2018-07-25,32.79999923706055,32.79999923706055,34.880001068115234,32.47999954223633,33.84000015258789,8063
2018-07-26,33.68000030517578,33.68000030517578,33.87200164794922,32.79999923706055,32.79999923706055,4200
2018-07-27,30.8799991607666,30.8799991607666,33.599998474121094,30.239999771118164,33.599998474121094,9513
2018-07-30,28.239999771118164,28.239999771118164,31.520000457763672,28.0,31.040000915527344,11025
2018-07-31,27.079999923706055,27.079999923706055,29.224000930786133,26.81599998474121,28.799999237060547,7463
2018-08-01,27.440000534057617,27.440000534057617,28.43199920654297,26.399999618530273,27.200000762939453,5013
2018-08-02,28.15999984741211,28.15999984741211,29.832000732421875,27.1200008392334,28.15999984741211,7713
2018-08-03,28.68000030517578,28.68000030517578,29.399999618530273,28.399999618530273,29.399999618530273,2713
2018-08-06,29.351999282836914,29.351999282836914,31.200000762939453,28.15999984741211,28.399999618530273,6838
2018-08-07,27.1200008392334,27.1200008392334,28.86400032043457,26.799999237060547,28.799999237060547,9213
2018-08-08,28.007999420166016,28.007999420166016,28.799999237060547,27.200000762939453,28.799999237060547,2438
2018-08-09,29.040000915527344,29.040000915527344,30.0,28.399999618530273,28.399999618530273,6900
2018-08-10,29.760000228881836,29.760000228881836,32.0,28.799999237060547,32.0,8600
2018-08-13,33.599998474121094,33.599998474121094,34.31999969482422,29.70400047302246,29.70400047302246,13088
2018-08-14,33.20000076293945,33.20000076293945,34.0,31.440000534057617,34.0,16225
2018-08-15,39.68000030517578,39.68000030517578,43.52000045776367,32.08000183105469,32.15999984741211,93863
2018-08-16,39.20000076293945,39.20000076293945,47.599998474121094,34.79999923706055,42.720001220703125,263825
2018-08-17,31.84000015258789,31.84000015258789,40.31999969482422,30.239999771118164,40.31999969482422,77525
2018-08-20,29.68000030517578,29.68000030517578,33.84000015258789,28.327999114990234,31.200000762939453,28163
2018-08-21,30.479999542236328,30.479999542236328,32.0,28.559999465942383,29.200000762939453,16763
2018-08-22,30.04800033569336,30.04800033569336,31.280000686645508,28.799999237060547,30.399999618530273,9375
2018-08-23,29.280000686645508,29.280000686645508,30.479999542236328,28.799999237060547,30.239999771118164,7050
2018-08-24,28.479999542236328,28.479999542236328,30.15999984741211,28.0,29.27199935913086,12825
2018-08-27,29.440000534057617,29.440000534057617,30.15999984741211,28.0,28.639999389648438,5225
2018-08-28,29.68000030517578,29.68000030517578,29.760000228881836,28.399999618530273,28.624000549316406,10425
2018-08-29,28.239999771118164,28.239999771118164,29.600000381469727,28.079999923706055,29.600000381469727,6613
2018-08-30,28.239999771118164,28.239999771118164,29.360000610351562,27.600000381469727,28.0,11075
2018-08-31,28.31999969482422,28.31999969482422,29.43199920654297,27.93600082397461,28.719999313354492,6975
2018-09-04,28.639999389648438,28.639999389648438,29.360000610351562,28.0,29.360000610351562,3475
2018-09-05,27.600000381469727,27.600000381469727,28.215999603271484,26.992000579833984,28.15999984741211,6388
2018-09-06,28.799999237060547,28.799999237060547,33.20000076293945,27.695999145507812,29.360000610351562,82388
2018-09-07,27.68000030517578,27.68000030517578,28.639999389648438,27.200000762939453,28.639999389648438,6400
2018-09-10,29.040000915527344,29.040000915527344,29.440000534057617,27.600000381469727,28.31999969482422,6400
2018-09-11,26.239999771118164,26.239999771118164,29.040000915527344,25.920000076293945,29.040000915527344,14400
2018-09-12,23.84000015258789,23.84000015258789,26.920000076293945,23.520000457763672,26.15999984741211,31825
2018-09-13,25.600000381469727,25.600000381469727,26.0,23.84000015258789,23.84000015258789,6738
2018-09-14,24.760000228881836,24.760000228881836,25.600000381469727,23.84000015258789,25.600000381469727,11400
2018-09-17,24.639999389648438,24.639999389648438,25.600000381469727,23.84000015258789,24.559999465942383,7163
2018-09-18,24.719999313354492,24.719999313354492,25.520000457763672,23.920000076293945,24.31999969482422,5113
2018-09-19,25.1200008392334,25.1200008392334,25.191999435424805,24.399999618530273,24.399999618530273,4513
2018-09-20,27.520000457763672,27.520000457763672,28.8799991607666,24.719999313354492,24.719999313354492,19800
2018-09-21,24.399999618530273,24.399999618530273,28.079999923706055,24.399999618530273,28.0,11375
2018-09-24,24.959999084472656,24.959999084472656,28.559999465942383,24.559999465942383,24.959999084472656,10925
2018-09-25,24.719999313354492,24.719999313354492,26.031999588012695,24.104000091552734,24.8799991607666,5125
2018-09-26,23.84000015258789,23.84000015258789,24.719999313354492,23.600000381469727,24.399999618530273,12038
2018-09-27,23.360000610351562,23.360000610351562,24.440000534057617,23.040000915527344,24.0,7913
2018-09-28,23.360000610351562,23.360000610351562,24.799999237060547,23.200000762939453,23.600000381469727,9875
2018-10-01,22.399999618530273,22.399999618530273,23.520000457763672,22.15999984741211,23.520000457763672,7938
2018-10-02,22.079999923706055,22.079999923706055,23.360000610351562,21.600000381469727,22.31999969482422,6175
2018-10-03,22.0,22.0,22.719999313354492,21.68000030517578,22.079999923706055,4375
2018-10-04,20.8799991607666,20.8799991607666,22.719999313354492,20.479999542236328,21.920000076293945,6188
2018-10-05,21.040000915527344,21.040000915527344,22.0,20.559999465942383,20.559999465942383,4063
2018-10-08,21.440000534057617,21.440000534057617,21.920000076293945,20.559999465942383,21.600000381469727,2413
2018-10-09,21.1200008392334,21.1200008392334,21.920000076293945,20.559999465942383,21.600000381469727,2900
2018-10-10,19.68000030517578,19.68000030517578,21.520000457763672,18.959999084472656,21.520000457763672,6000
2018-10-11,18.399999618530273,18.399999618530273,20.479999542236328,17.84000015258789,19.68000030517578,10225
2018-10-12,18.520000457763672,18.520000457763672,18.920000076293945,16.799999237060547,18.399999618530273,9338
2018-10-15,16.31999969482422,16.31999969482422,18.8799991607666,15.359999656677246,18.239999771118164,15738
2018-10-16,15.199999809265137,15.199999809265137,17.280000686645508,14.640000343322754,17.280000686645508,28288
2018-10-17,17.040000915527344,17.040000915527344,20.399999618530273,15.13599967956543,15.199999809265137,57088
2018-10-18,14.720000267028809,14.720000267028809,17.760000228881836,14.15999984741211,16.959999084472656,30700
2018-10-19,15.119999885559082,15.119999885559082,16.0,14.800000190734863,14.880000114440918,10363
2018-10-22,15.600000381469727,15.600000381469727,19.360000610351562,15.279999732971191,15.600000381469727,25513
2018-10-23,15.680000305175781,15.680000305175781,16.055999755859375,13.600000381469727,16.0,18425
2018-10-24,13.479999542236328,13.479999542236328,16.0,12.5600004196167,15.520000457763672,19100
2018-10-25,14.399999618530273,14.399999618530273,15.119999885559082,13.32800006866455,14.239999771118164,9238
2018-10-26,14.319999694824219,14.319999694824219,15.119999885559082,13.263999938964844,14.079999923706055,9625
2018-10-29,14.15999984741211,14.15999984741211,15.680000305175781,13.4399995803833,15.680000305175781,4350
2018-10-30,13.600000381469727,13.600000381469727,14.399999618530273,13.248000144958496,14.399999618530273,3750
2018-10-31,14.079999923706055,14.079999923706055,14.479999542236328,13.600000381469727,13.600000381469727,2050
2018-11-01,14.880000114440918,14.880000114440918,16.0,14.079999923706055,14.800000190734863,3875
2018-11-02,15.039999961853027,15.039999961853027,15.760000228881836,14.479999542236328,15.039999961853027,5113
2018-11-05,15.359999656677246,15.359999656677246,15.920000076293945,14.472000122070312,15.039999961853027,6413
2018-11-06,29.600000381469727,29.600000381469727,38.720001220703125,15.152000427246094,15.920000076293945,1883675
2018-11-07,21.68000030517578,21.68000030517578,31.84000015258789,20.8799991607666,25.440000534057617,526025
2018-11-08,25.200000762939453,25.200000762939453,29.200000762939453,22.808000564575195,23.600000381469727,399625
2018-11-09,23.200000762939453,23.200000762939453,28.0,22.399999618530273,26.799999237060547,125225
2018-11-12,26.799999237060547,26.799999237060547,31.920000076293945,23.600000381469727,24.399999618530273,368250
2018-11-13,24.239999771118164,24.239999771118164,28.31999969482422,24.079999923706055,26.639999389648438,89400
2018-11-14,18.799999237060547,18.799999237060547,19.520000457763672,17.1200008392334,19.440000534057617,97488
2018-11-15,16.239999771118164,16.239999771118164,18.479999542236328,16.0,18.31999969482422,27975
2018-11-16,17.040000915527344,17.040000915527344,18.239999771118164,16.479999542236328,16.479999542236328,27225
2018-11-19,17.200000762939453,17.200000762939453,18.0,16.72800064086914,16.959999084472656,15500
2018-11-20,17.15999984741211,17.15999984741211,17.239999771118164,15.84000015258789,16.8799991607666,13325
2018-11-21,16.479999542236328,16.479999542236328,23.200000762939453,16.15999984741211,16.799999237060547,124725
2018-11-23,16.719999313354492,16.719999313354492,17.624000549316406,16.399999618530273,16.559999465942383,6675
2018-11-26,17.84000015258789,17.84000015258789,22.799999237060547,16.959999084472656,17.600000381469727,200313
2018-11-27,17.600000381469727,17.600000381469727,18.799999237060547,17.200000762939453,17.600000381469727,21650
2018-11-28,18.239999771118164,18.239999771118164,18.799999237060547,17.440000534057617,17.600000381469727,19450
2018-11-29,18.399999618530273,18.399999618530273,18.719999313354492,17.600000381469727,17.920000076293945,11675
2018-11-30,18.479999542236328,18.479999542236328,20.79199981689453,18.0,18.256000518798828,36363
2018-12-03,17.760000228881836,17.760000228881836,19.440000534057617,17.760000228881836,19.440000534057617,13538
2018-12-04,17.760000228881836,17.760000228881836,18.639999389648438,17.68000030517578,18.0,8188
2018-12-06,16.799999237060547,16.799999237060547,17.736000061035156,15.680000305175781,16.31999969482422,11425
2018-12-07,16.0,16.0,17.440000534057617,15.600000381469727,16.799999237060547,7413
2018-12-10,15.039999961853027,15.039999961853027,17.520000457763672,14.319999694824219,16.639999389648438,15150
2018-12-11,15.119999885559082,15.119999885559082,15.760000228881836,14.800000190734863,15.760000228881836,5975
2018-12-12,14.880000114440918,14.880000114440918,15.4399995803833,14.479999542236328,15.4399995803833,5300
2018-12-13,14.640000343322754,14.640000343322754,15.288000106811523,14.479999542236328,14.880000114440918,4175
2018-12-14,13.600000381469727,13.600000381469727,14.5600004196167,13.279999732971191,14.399999618530273,8350
2018-12-17,13.4399995803833,13.4399995803833,13.920000076293945,13.199999809265137,13.920000076293945,3275
2018-12-18,12.640000343322754,12.640000343322754,13.704000473022461,12.640000343322754,13.600000381469727,4838
2018-12-19,12.800000190734863,12.800000190734863,13.680000305175781,12.640000343322754,13.119999885559082,6763
2018-12-20,11.920000076293945,11.920000076293945,13.263999938964844,11.600000381469727,13.199999809265137,8588
2018-12-21,10.479999542236328,10.479999542236328,12.15999984741211,10.0,11.4399995803833,10813
2018-12-24,10.0,10.0,10.46399974822998,9.600000381469727,10.46399974822998,2850
2018-12-26,9.84000015258789,9.84000015258789,10.079999923706055,9.119999885559082,9.84000015258789,10425
2018-12-27,10.239999771118164,10.239999771118164,11.031999588012695,9.600000381469727,9.600000381469727,8825
2018-12-28,10.079999923706055,10.079999923706055,10.479999542236328,9.760000228881836,10.479999542236328,6675
2018-12-31,9.600000381469727,9.600000381469727,10.583999633789062,9.600000381469727,10.239999771118164,5463
2019-01-02,10.399999618530273,10.399999618530273,11.039999961853027,10.0,10.0,4750
2019-01-03,15.288000106811523,15.288000106811523,15.600000381469727,10.128000259399414,10.5600004196167,167600
2019-01-04,13.039999961853027,13.039999961853027,17.600000381469727,12.5600004196167,14.399999618530273,259888
2019-01-07,12.255999565124512,12.255999565124512,14.079999923706055,11.815999984741211,14.079999923706055,34888
2019-01-08,11.84000015258789,11.84000015258789,12.5600004196167,11.199999809265137,12.5600004196167,12500
2019-01-09,12.239999771118164,12.239999771118164,13.199999809265137,11.520000457763672,12.0,14800
2019-01-10,12.960000038146973,12.960000038146973,13.520000457763672,12.319999694824219,12.479999542236328,17175
2019-01-11,12.215999603271484,12.215999603271484,13.600000381469727,12.079999923706055,13.600000381469727,9250
2019-01-14,14.239999771118164,14.239999771118164,16.799999237060547,12.399999618530273,12.5600004196167,116388
2019-01-15,13.520000457763672,13.520000457763672,14.800000190734863,13.199999809265137,14.800000190734863,18788
2019-01-16,13.751999855041504,13.751999855041504,15.039999961853027,13.520000457763672,14.15999984741211,13888
2019-01-17,14.15999984741211,14.15999984741211,14.399999618530273,13.199999809265137,13.600000381469727,12263
2019-01-18,14.0,14.0,14.399999618530273,13.520000457763672,13.600000381469727,9613
2019-01-22,19.200000762939453,19.200000762939453,21.200000762939453,13.600000381469727,13.760000228881836,446238
2019-01-23,25.84000015258789,25.84000015258789,32.79999923706055,19.600000381469727,19.600000381469727,3412750
2019-01-24,23.1200008392334,23.1200008392334,26.399999618530273,21.280000686645508,24.0,284588
2019-01-25,21.280000686645508,21.280000686645508,23.920000076293945,20.799999237060547,22.799999237060547,100438
2019-01-28,21.440000534057617,21.440000534057617,22.15999984741211,19.200000762939453,20.8799991607666,93525
2019-01-29,21.520000457763672,21.520000457763672,25.600000381469727,21.200000762939453,24.719999313354492,288625
2019-01-30,20.639999389648438,20.639999389648438,21.84000015258789,19.68000030517578,21.520000457763672,55125
2019-01-31,22.639999389648438,22.639999389648438,23.920000076293945,20.799999237060547,21.1200008392334,171225
2019-02-01,22.559999465942383,22.559999465942383,24.639999389648438,21.200000762939453,22.479999542236328,163988
2019-02-04,21.68000030517578,21.68000030517578,22.399999618530273,21.440000534057617,22.15999984741211,25938
2019-02-05,22.239999771118164,22.239999771118164,22.959999084472656,21.280000686645508,21.280000686645508,32288
2019-02-06,22.8799991607666,22.8799991607666,24.799999237060547,22.31999969482422,23.600000381469727,81388
2019-02-07,23.760000228881836,23.760000228881836,26.239999771118164,22.399999618530273,22.399999618530273,166725
2019-02-08,21.600000381469727,21.600000381469727,24.559999465942383,20.799999237060547,24.239999771118164,63975
2019-02-11,21.360000610351562,21.360000610351562,21.760000228881836,20.079999923706055,21.440000534057617,17050
2019-02-12,20.719999313354492,20.719999313354492,21.336000442504883,20.479999542236328,21.280000686645508,12838
2019-02-13,22.31999969482422,22.31999969482422,23.392000198364258,20.719999313354492,21.040000915527344,49738
2019-02-14,21.440000534057617,21.440000534057617,22.15999984741211,21.280000686645508,22.079999923706055,5838
2019-02-15,23.360000610351562,23.360000610351562,23.520000457763672,21.440000534057617,22.0,39888
2019-02-19,23.200000762939453,23.200000762939453,23.920000076293945,21.760000228881836,23.360000610351562,24938
2019-02-20,24.239999771118164,24.239999771118164,24.79199981689453,22.639999389648438,23.200000762939453,49413
2019-02-21,24.079999923706055,24.079999923706055,27.760000228881836,23.280000686645508,25.280000686645508,106063
2019-02-22,23.920000076293945,23.920000076293945,24.31999969482422,22.8799991607666,23.920000076293945,17400
2019-02-25,23.360000610351562,23.360000610351562,24.8799991607666,23.280000686645508,23.760000228881836,14913
2019-02-26,22.479999542236328,22.479999542236328,24.559999465942383,22.399999618530273,24.0,19575
2019-02-27,22.559999465942383,22.559999465942383,23.8799991607666,22.408000946044922,22.559999465942383,6213
2019-02-28,22.479999542236328,22.479999542236328,23.920000076293945,22.15999984741211,23.920000076293945,4538
2019-03-01,22.31999969482422,22.31999969482422,22.799999237060547,22.079999923706055,22.799999237060547,3975
2019-03-04,21.79199981689453,21.79199981689453,22.399999618530273,21.200000762939453,22.31999969482422,9088
2019-03-05,21.440000534057617,21.440000534057617,22.0,21.040000915527344,21.920000076293945,4538
2019-03-06,20.799999237060547,20.799999237060547,21.440000534057617,20.479999542236328,21.440000534057617,16975
2019-03-07,20.719999313354492,20.719999313354492,21.440000534057617,20.479999542236328,20.719999313354492,17025
2019-03-08,19.360000610351562,19.360000610351562,20.799999237060547,18.239999771118164,20.479999542236328,16363
2019-03-11,19.600000381469727,19.600000381469727,21.1200008392334,19.1200008392334,19.440000534057617,9213
2019-03-12,20.0,20.0,20.224000930786133,19.31999969482422,19.68000030517578,6138
2019-03-13,20.559999465942383,20.559999465942383,21.1200008392334,19.84000015258789,19.90399932861328,13225
2019-03-14,22.8799991607666,22.8799991607666,33.599998474121094,21.1200008392334,21.1200008392334,685675
2019-03-15,21.920000076293945,21.920000076293945,23.8799991607666,21.399999618530273,22.639999389648438,57075
2019-03-18,22.799999237060547,22.799999237060547,24.440000534057617,22.079999923706055,22.31999969482422,26338
2019-03-19,21.600000381469727,21.600000381469727,23.440000534057617,21.280000686645508,22.479999542236328,24700
2019-03-20,23.1200008392334,23.1200008392334,23.84000015258789,21.624000549316406,21.68000030517578,21625
2019-03-21,22.399999618530273,22.399999618530273,23.040000915527344,21.84000015258789,23.016000747680664,13125
2019-03-22,22.239999771118164,22.239999771118164,22.959999084472656,21.760000228881836,22.399999618530273,18400
2019-03-25,21.920000076293945,21.920000076293945,27.200000762939453,21.600000381469727,22.399999618530273,152350
2019-03-26,23.280000686645508,23.280000686645508,24.0,22.31999969482422,22.31999969482422,36575
2019-03-27,23.520000457763672,23.520000457763672,24.600000381469727,22.799999237060547,23.520000457763672,31063
2019-03-28,23.1200008392334,23.1200008392334,24.368000030517578,22.399999618530273,24.31999969482422,41025
2019-03-29,25.600000381469727,25.600000381469727,32.63999938964844,24.399999618530273,27.760000228881836,848238
2019-04-01,23.760000228881836,23.760000228881836,25.600000381469727,23.200000762939453,25.600000381469727,66725
2019-04-02,23.040000915527344,23.040000915527344,23.920000076293945,22.479999542236328,23.600000381469727,34175
2019-04-03,22.8799991607666,22.8799991607666,23.68000030517578,22.719999313354492,23.040000915527344,17163
2019-04-04,24.559999465942383,24.559999465942383,25.280000686645508,22.559999465942383,22.719999313354492,87300
2019-04-05,24.0,24.0,25.200000762939453,23.600000381469727,24.639999389648438,21488
2019-04-08,23.760000228881836,23.760000228881836,24.263999938964844,23.496000289916992,24.15999984741211,11400
2019-04-09,23.1200008392334,23.1200008392334,24.24799919128418,22.959999084472656,23.84000015258789,10325
2019-04-10,26.15999984741211,26.15999984741211,27.360000610351562,23.600000381469727,25.200000762939453,131763
2019-04-11,26.559999465942383,26.559999465942383,28.31999969482422,25.360000610351562,25.920000076293945,63663
2019-04-12,27.920000076293945,27.920000076293945,28.15999984741211,26.399999618530273,26.559999465942383,31413
2019-04-15,31.360000610351562,31.360000610351562,31.408000946044922,28.399999618530273,28.399999618530273,137825
2019-04-16,26.079999923706055,26.079999923706055,34.2400016784668,25.360000610351562,31.360000610351562,211513
2019-04-17,31.760000228881836,31.760000228881836,32.0,26.8799991607666,27.360000610351562,164063
2019-04-18,34.400001525878906,34.400001525878906,35.599998474121094,31.440000534057617,31.520000457763672,324700
2019-04-22,32.79999923706055,32.79999923706055,33.7599983215332,29.84000015258789,33.20000076293945,132663
2019-04-23,33.279998779296875,33.279998779296875,33.928001403808594,32.79999923706055,33.20000076293945,27925
2019-04-24,32.63999938964844,32.63999938964844,33.439998626708984,31.600000381469727,32.959999084472656,32700
2019-04-25,32.15999984741211,32.15999984741211,32.63999938964844,31.600000381469727,32.63999938964844,26388
2019-04-26,30.719999313354492,30.719999313354492,32.560001373291016,30.479999542236328,32.400001525878906,30063
2019-04-29,31.280000686645508,31.280000686645508,32.0,30.399999618530273,30.719999313354492,15475
2019-04-30,31.040000915527344,31.040000915527344,31.280000686645508,30.559999465942383,31.200000762939453,11175
2019-05-01,29.600000381469727,29.600000381469727,31.200000762939453,29.200000762939453,31.200000762939453,25250
2019-05-02,28.559999465942383,28.559999465942383,30.375999450683594,28.239999771118164,30.0,14800
2019-05-03,30.639999389648438,30.639999389648438,31.600000381469727,28.304000854492188,28.719999313354492,12925
2019-05-06,32.79999923706055,32.79999923706055,33.11199951171875,30.639999389648438,31.360000610351562,51438
2019-05-07,32.400001525878906,32.400001525878906,32.560001373291016,30.8799991607666,32.47999954223633,17113
2019-05-08,34.98400115966797,34.98400115966797,36.47999954223633,31.600000381469727,32.08000183105469,89625
2019-05-09,34.08000183105469,34.08000183105469,35.52000045776367,33.02399826049805,35.52000045776367,31763
2019-05-10,32.400001525878906,32.400001525878906,34.15999984741211,31.760000228881836,33.599998474121094,13363
2019-05-13,30.559999465942383,30.559999465942383,31.600000381469727,28.8799991607666,30.479999542236328,31288
2019-05-14,31.920000076293945,31.920000076293945,34.720001220703125,30.639999389648438,32.08000183105469,66263
2019-05-15,30.799999237060547,30.799999237060547,33.68000030517578,29.84000015258789,31.440000534057617,54313
2019-05-16,29.600000381469727,29.600000381469727,31.600000381469727,25.600000381469727,27.360000610351562,95963
2019-05-17,28.639999389648438,28.639999389648438,29.760000228881836,28.15999984741211,29.280000686645508,17088
2019-05-20,28.479999542236328,28.479999542236328,28.639999389648438,26.440000534057617,28.079999923706055,14875
2019-05-21,27.600000381469727,27.600000381469727,30.079999923706055,26.559999465942383,30.079999923706055,28513
2019-05-22,26.639999389648438,26.639999389648438,27.68000030517578,25.760000228881836,27.280000686645508,19588
2019-05-23,25.440000534057617,25.440000534057617,27.336000442504883,25.040000915527344,26.399999618530273,14725
2019-05-24,25.040000915527344,25.040000915527344,26.399999618530273,24.639999389648438,26.399999618530273,11525
2019-05-28,25.040000915527344,25.040000915527344,26.0,24.15999984741211,25.040000915527344,10950
2019-05-29,24.799999237060547,24.799999237060547,25.68000030517578,24.15999984741211,25.600000381469727,11175
2019-05-30,24.959999084472656,24.959999084472656,25.29599952697754,24.559999465942383,24.639999389648438,10375
2019-05-31,24.479999542236328,24.479999542236328,25.440000534057617,24.399999618530273,24.799999237060547,8488
2019-06-03,24.799999237060547,24.799999237060547,25.040000915527344,24.399999618530273,24.399999618530273,7438
2019-06-04,24.8799991607666,24.8799991607666,26.239999771118164,24.799999237060547,24.799999237060547,5125
2019-06-05,24.639999389648438,24.639999389648438,25.600000381469727,24.479999542236328,24.799999237060547,9138
2019-06-06,24.639999389648438,24.639999389648438,25.29599952697754,24.31999969482422,24.639999389648438,3975
2019-06-07,24.719999313354492,24.719999313354492,25.90399932861328,24.0,24.639999389648438,8900
2019-06-10,24.239999771118164,24.239999771118164,25.423999786376953,24.0,24.799999237060547,8113
2019-06-11,23.600000381469727,23.600000381469727,24.799999237060547,22.559999465942383,24.479999542236328,14938
2019-06-12,25.1200008392334,25.1200008392334,25.440000534057617,22.799999237060547,23.520000457763672,8613
2019-06-13,25.760000228881836,25.760000228881836,26.06399917602539,23.920000076293945,24.959999084472656,50625
2019-06-14,24.31999969482422,24.31999969482422,25.200000762939453,23.54400062561035,25.200000762939453,8963
2019-06-17,23.760000228881836,23.760000228881836,24.639999389648438,23.600000381469727,24.31999969482422,5525
2019-06-18,23.040000915527344,23.040000915527344,23.760000228881836,22.920000076293945,23.68000030517578,12513
2019-06-19,23.360000610351562,23.360000610351562,24.0,23.040000915527344,23.040000915527344,2138
2019-06-20,23.440000534057617,23.440000534057617,24.399999618530273,22.799999237060547,23.68000030517578,20388
2019-06-21,22.799999237060547,22.799999237060547,23.447999954223633,22.399999618530273,23.040000915527344,4575
2019-06-24,22.799999237060547,22.799999237060547,23.56800079345703,22.479999542236328,22.8799991607666,8763
2019-06-25,23.200000762939453,23.200000762939453,23.200000762939453,22.559999465942383,22.799999237060547,2388
2019-06-26,22.799999237060547,22.799999237060547,23.08799934387207,22.719999313354492,23.040000915527344,3550
2019-06-27,23.520000457763672,23.520000457763672,24.799999237060547,22.503999710083008,22.8799991607666,15838
2019-06-28,24.559999465942383,24.559999465942383,24.799999237060547,23.31999969482422,23.360000610351562,4750
2019-07-01,24.15999984741211,24.15999984741211,24.639999389648438,23.68000030517578,24.639999389648438,3000
2019-07-02,23.8799991607666,23.8799991607666,24.0,23.040000915527344,24.0,2425
2019-07-03,23.68000030517578,23.68000030517578,24.399999618530273,23.479999542236328,23.799999237060547,2700
2019-07-05,23.8799991607666,23.8799991607666,23.95199966430664,23.1200008392334,23.8799991607666,1950
2019-07-08,23.600000381469727,23.600000381469727,23.760000228881836,23.200000762939453,23.760000228881836,1063
2019-07-09,23.200000762939453,23.200000762939453,23.799999237060547,22.799999237060547,23.600000381469727,3725
2019-07-10,24.239999771118164,24.239999771118164,24.31999969482422,22.8799991607666,23.280000686645508,4663
2019-07-11,23.280000686645508,23.280000686645508,24.31999969482422,23.200000762939453,24.239999771118164,3063
2019-07-12,23.360000610351562,23.360000610351562,23.84000015258789,22.559999465942383,23.600000381469727,4525
2019-07-15,23.559999465942383,23.559999465942383,23.760000228881836,23.200000762939453,23.200000762939453,2488
2019-07-16,23.520000457763672,23.520000457763672,24.392000198364258,22.93600082397461,23.263999938964844,3550
2019-07-17,23.440000534057617,23.440000534057617,24.31999969482422,23.200000762939453,23.84000015258789,3288
2019-07-18,23.360000610351562,23.360000610351562,23.920000076293945,22.799999237060547,23.440000534057617,2163
2019-07-19,23.040000915527344,23.040000915527344,23.520000457763672,22.8799991607666,23.1200008392334,3250
2019-07-22,22.8799991607666,22.8799991607666,23.280000686645508,22.399999618530273,23.167999267578125,3263
2019-07-23,22.559999465942383,22.559999465942383,22.959999084472656,22.559999465942383,22.559999465942383,4988
2019-07-24,22.639999389648438,22.639999389648438,23.200000762939453,22.11199951171875,22.479999542236328,3875
2019-07-25,18.559999465942383,18.559999465942383,23.007999420166016,18.559999465942383,22.799999237060547,19525
2019-07-26,21.040000915527344,21.040000915527344,22.799999237060547,19.600000381469727,19.600000381469727,11538
2019-07-29,20.799999237060547,20.799999237060547,21.200000762939453,20.15999984741211,21.200000762939453,4688
2019-07-30,20.479999542236328,20.479999542236328,21.520000457763672,20.479999542236328,20.959999084472656,5825
2019-07-31,20.959999084472656,20.959999084472656,21.200000762939453,20.15999984741211,20.15999984741211,6263
2019-08-01,20.719999313354492,20.719999313354492,21.200000762939453,20.167999267578125,20.559999465942383,4700
2019-08-02,20.719999313354492,20.719999313354492,21.200000762939453,20.104000091552734,20.239999771118164,2850
2019-08-05,20.479999542236328,20.479999542236328,20.559999465942383,20.104000091552734,20.399999618530273,1863
2019-08-06,19.200000762939453,19.200000762939453,20.799999237060547,18.72800064086914,20.559999465942383,7525
2019-08-07,20.0,20.0,20.15999984741211,18.799999237060547,18.799999237060547,2200
2019-08-08,20.639999389648438,20.639999389648438,20.799999237060547,19.920000076293945,19.920000076293945,5063
2019-08-09,20.88800048828125,20.88800048828125,21.760000228881836,20.639999389648438,20.799999237060547,3675
2019-08-12,21.280000686645508,21.280000686645508,22.31999969482422,19.600000381469727,21.200000762939453,3838
2019-08-13,22.639999389648438,22.639999389648438,22.799999237060547,20.8799991607666,21.600000381469727,9475
2019-08-14,20.959999084472656,20.959999084472656,22.559999465942383,18.639999389648438,22.559999465942383,12838
2019-08-15,20.0,20.0,20.8799991607666,19.040000915527344,20.8799991607666,1888
2019-08-16,20.399999618530273,20.399999618530273,20.399999618530273,19.200000762939453,20.0,2813
2019-08-19,19.280000686645508,19.280000686645508,20.479999542236328,18.799999237060547,20.479999542236328,3263
2019-08-20,19.600000381469727,19.600000381469727,19.760000228881836,18.799999237060547,19.200000762939453,1488
2019-08-21,19.200000762939453,19.200000762939453,19.600000381469727,19.040000915527344,19.600000381469727,2713
2019-08-22,19.200000762939453,19.200000762939453,19.440000534057617,18.88800048828125,19.200000762939453,2188
2019-08-23,19.68000030517578,19.68000030517578,20.31999969482422,18.895999908447266,19.040000915527344,2050
2019-08-26,18.399999618530273,18.399999618530273,19.84000015258789,17.76799964904785,19.84000015258789,2150
2019-08-27,18.399999618530273,18.399999618530273,18.639999389648438,17.040000915527344,18.479999542236328,2313
2019-08-28,16.799999237060547,16.799999237060547,18.399999618530273,16.479999542236328,17.68000030517578,3550
2019-08-29,17.360000610351562,17.360000610351562,17.600000381469727,16.559999465942383,16.559999465942383,2925
2019-08-30,17.84000015258789,17.84000015258789,18.31999969482422,16.6560001373291,17.360000610351562,1100
2019-09-03,17.040000915527344,17.040000915527344,18.0,17.040000915527344,18.0,500
2019-09-04,17.360000610351562,17.360000610351562,18.0,16.799999237060547,16.799999237060547,788
2019-09-05,18.479999542236328,18.479999542236328,18.559999465942383,17.600000381469727,17.600000381469727,2238
2019-09-06,18.0,18.0,18.31999969482422,17.68000030517578,18.31999969482422,463
2019-09-09,17.040000915527344,17.040000915527344,18.0,17.007999420166016,17.920000076293945,4288
2019-09-10,17.280000686645508,17.280000686645508,18.0,16.8799991607666,17.040000915527344,2275
2019-09-11,18.0,18.0,18.0,17.559999465942383,17.920000076293945,1563
2019-09-12,17.84000015258789,17.84000015258789,17.920000076293945,17.600000381469727,17.920000076293945,838
2019-09-13,17.511999130249023,17.511999130249023,18.15999984741211,16.799999237060547,18.15999984741211,3538
2019-09-16,17.360000610351562,17.360000610351562,17.440000534057617,16.799999237060547,17.1200008392334,3138
2019-09-17,16.68000030517578,16.68000030517578,17.1200008392334,16.399999618530273,16.832000732421875,4338
2019-09-18,16.239999771118164,16.239999771118164,16.959999084472656,16.0,16.799999237060547,5238
2019-09-19,16.15999984741211,16.15999984741211,16.639999389648438,16.15999984741211,16.479999542236328,2138
2019-09-20,15.600000381469727,15.600000381469727,16.871999740600586,14.640000343322754,16.079999923706055,8913
2019-09-23,15.199999809265137,15.199999809265137,16.0,15.199999809265137,15.600000381469727,1950
2019-09-24,14.880000114440918,14.880000114440918,15.84000015258789,14.800000190734863,15.303999900817871,2200
2019-09-25,15.119999885559082,15.119999885559082,16.0,14.720000267028809,15.199999809265137,6225
2019-09-26,15.359999656677246,15.359999656677246,15.359999656677246,14.800000190734863,15.039999961853027,2725
2019-09-27,14.640000343322754,14.640000343322754,15.199999809265137,14.479999542236328,14.871999740600586,1938
2019-09-30,14.720000267028809,14.720000267028809,15.119999885559082,13.263999938964844,14.800000190734863,2500
2019-10-01,14.720000267028809,14.720000267028809,14.960000038146973,14.479999542236328,14.720000267028809,1450
2019-10-02,14.399999618530273,14.399999618530273,14.880000114440918,13.359999656677246,13.392000198364258,1400
2019-10-03,14.720000267028809,14.720000267028809,15.760000228881836,14.008000373840332,14.479999542236328,4988
2019-10-04,15.119999885559082,15.119999885559082,15.392000198364258,14.51200008392334,14.5600004196167,1913
2019-10-07,14.800000190734863,14.800000190734863,15.4399995803833,14.800000190734863,14.991999626159668,500
2019-10-08,14.479999542236328,14.479999542236328,15.279999732971191,14.479999542236328,14.800000190734863,875
2019-10-09,14.880000114440918,14.880000114440918,15.119999885559082,14.744000434875488,15.039999961853027,575
2019-10-10,14.319999694824219,14.319999694824219,15.119999885559082,14.0,15.039999961853027,1775
2019-10-11,15.02400016784668,15.02400016784668,15.199999809265137,14.383999824523926,14.383999824523926,500
2019-10-14,15.199999809265137,15.199999809265137,15.199999809265137,14.800000190734863,15.039999961853027,2113
2019-10-15,15.680000305175781,15.680000305175781,16.079999923706055,15.039999961853027,15.199999809265137,5575
2019-10-16,15.760000228881836,15.760000228881836,16.0,15.680000305175781,16.0,925
2019-10-17,15.039999961853027,15.039999961853027,16.631999969482422,14.479999542236328,16.0,5750
2019-10-18,14.880000114440918,14.880000114440918,15.4399995803833,14.64799976348877,15.119999885559082,1263
2019-10-21,15.680000305175781,15.680000305175781,15.760000228881836,14.800000190734863,14.880000114440918,2225
2019-10-22,16.719999313354492,16.719999313354492,24.479999542236328,15.279999732971191,15.680000305175781,219188
2019-10-23,15.600000381469727,15.600000381469727,16.079999923706055,14.0,15.600000381469727,34738
2019-10-24,15.520000457763672,15.520000457763672,16.239999771118164,14.800000190734863,15.680000305175781,5825
2019-10-25,14.847999572753906,14.847999572753906,15.520000457763672,14.800000190734863,15.119999885559082,11075
2019-10-28,14.239999771118164,14.239999771118164,15.359999656677246,14.0,14.880000114440918,7863
2019-10-29,13.84000015258789,13.84000015258789,14.960000038146973,13.279999732971191,14.399999618530273,12738
2019-10-30,13.32800006866455,13.32800006866455,13.760000228881836,13.279999732971191,13.600000381469727,5425
2019-10-31,13.279999732971191,13.279999732971191,13.84000015258789,13.039999961853027,13.359999656677246,6413
2019-11-01,13.760000228881836,13.760000228881836,14.520000457763672,13.359999656677246,13.616000175476074,13100
2019-11-04,13.600000381469727,13.600000381469727,14.5600004196167,13.359999656677246,14.5600004196167,7463
2019-11-05,13.4399995803833,13.4399995803833,14.15999984741211,13.088000297546387,13.680000305175781,6813
2019-11-06,13.760000228881836,13.760000228881836,14.399999618530273,13.119999885559082,13.520000457763672,6213
2019-11-07,13.199999809265137,13.199999809265137,14.079999923706055,13.039999961853027,13.767999649047852,4950
2019-11-08,13.600000381469727,13.600000381469727,13.680000305175781,13.039999961853027,13.359999656677246,3725
2019-11-11,14.0,14.0,16.399999618530273,13.760000228881836,14.0,35088
2019-11-12,15.199999809265137,15.199999809265137,16.719999313354492,13.760000228881836,14.399999618530273,19513
2019-11-13,13.600000381469727,13.600000381469727,13.86400032043457,12.0,13.84000015258789,11438
2019-11-14,12.479999542236328,12.479999542236328,13.407999992370605,12.0,13.119999885559082,12088
2019-11-15,13.199999809265137,13.199999809265137,13.359999656677246,12.079999923706055,12.15999984741211,8600
2019-11-18,12.800000190734863,12.800000190734863,12.960000038146973,12.319999694824219,12.960000038146973,9875
2019-11-19,12.496000289916992,12.496000289916992,12.960000038146973,12.319999694824219,12.5600004196167,17813
2019-11-20,12.399999618530273,12.399999618530273,12.960000038146973,12.208000183105469,12.208000183105469,8888
2019-11-21,11.920000076293945,11.920000076293945,13.520000457763672,11.920000076293945,12.527999877929688,50638
2019-11-22,11.807999610900879,11.807999610900879,12.319999694824219,11.520000457763672,12.079999923706055,22863
2019-11-25,11.920000076293945,11.920000076293945,12.0,10.960000038146973,11.520000457763672,10675
2019-11-26,11.600000381469727,11.600000381469727,11.760000228881836,11.199999809265137,11.760000228881836,4500
2019-11-27,11.84000015258789,11.84000015258789,12.0,11.680000305175781,11.736000061035156,4875
2019-11-29,11.680000305175781,11.680000305175781,12.119999885559082,11.680000305175781,12.079999923706055,2025
2019-12-02,11.279999732971191,11.279999732971191,11.84000015258789,11.119999885559082,11.84000015258789,4438
2019-12-03,11.119999885559082,11.119999885559082,11.600000381469727,10.880000114440918,11.199999809265137,6088
2019-12-04,11.119999885559082,11.119999885559082,11.368000030517578,11.119999885559082,11.368000030517578,4550
2019-12-05,11.248000144958496,11.248000144958496,12.0,10.880000114440918,10.960000038146973,38100
2019-12-06,10.960000038146973,10.960000038146973,11.359999656677246,10.720000267028809,11.039999961853027,20863
2019-12-09,10.880000114440918,10.880000114440918,11.359999656677246,10.0,11.359999656677246,36063
2019-12-10,10.5600004196167,10.5600004196167,10.800000190734863,10.319999694824219,10.399999618530273,12788
2019-12-11,10.640000343322754,10.640000343322754,10.960000038146973,10.239999771118164,10.720000267028809,12463
2019-12-12,10.239999771118164,10.239999771118164,10.800000190734863,10.239999771118164,10.640000343322754,16000
2019-12-13,10.720000267028809,10.720000267028809,10.880000114440918,10.239999771118164,10.239999771118164,11550
2019-12-16,10.15999984741211,10.15999984741211,10.800000190734863,10.15999984741211,10.800000190734863,13113
2019-12-17,10.15999984741211,10.15999984741211,11.520000457763672,10.15999984741211,11.199999809265137,56250
2019-12-18,9.279999732971191,9.279999732971191,10.592000007629395,9.279999732971191,10.479999542236328,57163
2019-12-19,9.279999732971191,9.279999732971191,9.760000228881836,8.640000343322754,9.4399995803833,24075
2019-12-20,9.199999809265137,9.199999809265137,9.4399995803833,9.199999809265137,9.359999656677246,13650
2019-12-23,8.720000267028809,8.720000267028809,9.279999732971191,8.640000343322754,9.119999885559082,28988
2019-12-24,8.5600004196167,8.5600004196167,8.960000038146973,8.399999618530273,8.720000267028809,20263
2019-12-26,8.399999618530273,8.399999618530273,8.887999534606934,8.319999694824219,8.640000343322754,21913
2019-12-27,8.800000190734863,8.800000190734863,9.199999809265137,8.399999618530273,8.399999618530273,34488
2019-12-30,8.920000076293945,8.920000076293945,8.960000038146973,8.239999771118164,8.960000038146973,28613
2019-12-31,8.880000114440918,8.880000114440918,9.279999732971191,8.776000022888184,9.039999961853027,12013
2020-01-02,9.199999809265137,9.199999809265137,9.600000381469727,8.800000190734863,9.079999923706055,18338
2020-01-03,8.800000190734863,8.800000190734863,9.199999809265137,8.800000190734863,9.199999809265137,13138
2020-01-06,9.4399995803833,9.4399995803833,9.600000381469727,8.800000190734863,9.039999961853027,38225
2020-01-07,9.960000038146973,9.960000038146973,10.960000038146973,9.359999656677246,9.4399995803833,118950
2020-01-08,9.4399995803833,9.4399995803833,10.239999771118164,8.880000114440918,10.239999771118164,25075
2020-01-09,10.079999923706055,10.079999923706055,10.239999771118164,9.4399995803833,10.079999923706055,29013
2020-01-10,9.760000228881836,9.760000228881836,9.920000076293945,9.119999885559082,9.920000076293945,19188
2020-01-13,9.600000381469727,9.600000381469727,9.84000015258789,9.359999656677246,9.760000228881836,12175
2020-01-14,9.680000305175781,9.680000305175781,10.15999984741211,9.199999809265137,9.600000381469727,20238
2020-01-15,10.640000343322754,10.640000343322754,10.663999557495117,9.600000381469727,10.0,31100
2020-01-16,10.800000190734863,10.800000190734863,11.600000381469727,10.399999618530273,11.600000381469727,56988
2020-01-17,12.239999771118164,12.239999771118164,13.4399995803833,10.880000114440918,11.199999809265137,127000
2020-01-21,12.640000343322754,12.640000343322754,14.0,12.079999923706055,14.0,51125
2020-01-22,12.5600004196167,12.5600004196167,13.119999885559082,12.0,12.800000190734863,34888
2020-01-23,11.520000457763672,11.520000457763672,12.640000343322754,11.039999961853027,12.640000343322754,31650
2020-01-24,10.720000267028809,10.720000267028809,11.744000434875488,10.720000267028809,11.279999732971191,14075
2020-01-27,10.15999984741211,10.15999984741211,10.880000114440918,9.920000076293945,10.079999923706055,19225
2020-01-28,10.479999542236328,10.479999542236328,11.119999885559082,9.680000305175781,10.15999984741211,26638
2020-01-29,10.0,10.0,10.5600004196167,9.920000076293945,10.239999771118164,7213
2020-01-30,9.4399995803833,9.4399995803833,9.920000076293945,9.4399995803833,9.84000015258789,17613
2020-01-31,9.119999885559082,9.119999885559082,9.84000015258789,8.720000267028809,9.520000457763672,25038
2020-02-03,8.800000190734863,8.800000190734863,9.272000312805176,8.800000190734863,9.119999885559082,14588
2020-02-04,8.800000190734863,8.800000190734863,9.576000213623047,8.800000190734863,8.800000190734863,23463
2020-02-05,8.800000190734863,8.800000190734863,9.199999809265137,8.720000267028809,8.880000114440918,19775
2020-02-06,9.680000305175781,9.680000305175781,11.279999732971191,8.880000114440918,8.960000038146973,134875
2020-02-07,9.479999542236328,9.479999542236328,10.239999771118164,9.279999732971191,10.0,25988
2020-02-10,8.960000038146973,8.960000038146973,9.84000015258789,8.960000038146973,9.84000015258789,19163
2020-02-11,8.880000114440918,8.880000114440918,9.199999809265137,8.640000343322754,9.199999809265137,35100
2020-02-12,8.880000114440918,8.880000114440918,9.119999885559082,8.720000267028809,8.800000190734863,17713
2020-02-13,8.800000190734863,8.800000190734863,9.119999885559082,8.800000190734863,9.039999961853027,17325
2020-02-14,8.960000038146973,8.960000038146973,9.119999885559082,8.880000114440918,9.119999885559082,14663
2020-02-18,9.279999732971191,9.279999732971191,9.600000381469727,8.880000114440918,9.039999961853027,22913
2020-02-19,10.15999984741211,10.15999984741211,10.960000038146973,9.279999732971191,9.600000381469727,88688
2020-02-20,9.520000457763672,9.520000457763672,10.399999618530273,9.359999656677246,10.239999771118164,36463
2020-02-21,9.279999732971191,9.279999732971191,9.680000305175781,9.199999809265137,9.600000381469727,25313
2020-02-24,8.984000205993652,8.984000205993652,9.119999885559082,8.479999542236328,8.960000038146973,30688
2020-02-25,8.960000038146973,8.960000038146973,9.520000457763672,8.720000267028809,9.520000457763672,18888
2020-02-26,9.008000373840332,9.008000373840332,9.199999809265137,8.880000114440918,8.880000114440918,8688
2020-02-27,8.800000190734863,8.800000190734863,10.399999618530273,8.5600004196167,8.960000038146973,114188
2020-02-28,8.800000190734863,8.800000190734863,9.239999771118164,8.399999618530273,8.5600004196167,28813
2020-03-02,8.399999618530273,8.399999618530273,8.720000267028809,8.079999923706055,8.720000267028809,28550
2020-03-03,7.920000076293945,7.920000076293945,8.960000038146973,7.28000020980835,8.960000038146973,38888
2020-03-04,8.15999984741211,8.15999984741211,8.800000190734863,7.599999904632568,7.8480000495910645,71938
2020-03-05,7.808000087738037,7.808000087738037,8.800000190734863,7.400000095367432,8.800000190734863,29613
2020-03-06,7.519999980926514,7.519999980926514,7.808000087738037,7.360000133514404,7.808000087738037,16100
2020-03-09,6.328000068664551,6.328000068664551,7.400000095367432,5.607999801635742,7.360000133514404,68925
2020-03-10,6.0,6.0,7.199999809265137,5.5279998779296875,6.960000038146973,26988
2020-03-11,5.51200008392334,5.51200008392334,6.0,5.368000030517578,5.943999767303467,17938
2020-03-12,3.680000066757202,3.680000066757202,4.728000164031982,3.5199999809265137,4.400000095367432,87550
2020-03-13,3.4000000953674316,3.4000000953674316,6.76800012588501,3.200000047683716,4.800000190734863,220513
2020-03-16,3.1040000915527344,3.1040000915527344,3.8399999141693115,2.808000087738037,3.200000047683716,35325
2020-03-17,3.119999885559082,3.119999885559082,3.5199999809265137,3.119999885559082,3.359999895095825,23263
2020-03-18,2.9040000438690186,2.9040000438690186,3.2799999713897705,2.799999952316284,3.119999885559082,16863
2020-03-19,3.3440001010894775,3.3440001010894775,3.440000057220459,2.799999952316284,2.871999979019165,22975
2020-03-20,3.2799999713897705,3.2799999713897705,3.759999990463257,3.0399999618530273,3.51200008392334,26575
2020-03-23,2.799999952316284,2.799999952316284,3.200000047683716,2.640000104904175,3.0,25050
2020-03-24,3.0399999618530273,3.0399999618530273,3.200000047683716,2.927999973297119,2.9600000381469727,13538
2020-03-25,4.960000038146973,4.960000038146973,5.840000152587891,3.752000093460083,5.599999904632568,286088
2020-03-26,4.223999977111816,4.223999977111816,4.800000190734863,3.8399999141693115,4.800000190734863,60075
2020-03-27,4.400000095367432,4.400000095367432,4.559999942779541,4.168000221252441,4.559999942779541,21225
2020-03-30,4.271999835968018,4.271999835968018,5.119999885559082,4.079999923706055,5.119999885559082,30700
2020-03-31,4.559999942779541,4.559999942779541,6.239999771118164,3.680000066757202,4.392000198364258,206238
2020-04-01,6.176000118255615,6.176000118255615,8.239999771118164,4.159999847412109,4.400000095367432,651663
2020-04-02,5.119999885559082,5.119999885559082,6.320000171661377,4.823999881744385,6.0,56575
2020-04-03,4.664000034332275,4.664000034332275,5.039999961853027,4.48799991607666,4.711999893188477,30175
2020-04-06,4.559999942779541,4.559999942779541,4.880000114440918,4.199999809265137,4.559999942779541,60913
2020-04-07,4.960000038146973,4.960000038146973,6.079999923706055,4.960000038146973,5.0320000648498535,112925
2020-04-08,4.800000190734863,4.800000190734863,5.263999938964844,4.639999866485596,5.119999885559082,28038
2020-04-09,4.880000114440918,4.880000114440918,5.199999809265137,4.71999979019165,4.888000011444092,28950
2020-04-13,5.432000160217285,5.432000160217285,5.831999778747559,4.71999979019165,5.015999794006348,129638
2020-04-14,5.51200008392334,5.51200008392334,6.079999923706055,5.28000020980835,5.679999828338623,92750
2020-04-15,5.599999904632568,5.599999904632568,5.840000152587891,5.199999809265137,5.840000152587891,80400
2020-04-16,5.455999851226807,5.455999851226807,6.480000019073486,5.127999782562256,6.480000019073486,85913
2020-04-17,5.599999904632568,5.599999904632568,5.679999828338623,5.28000020980835,5.599999904632568,15975
2020-04-20,5.3520002365112305,5.3520002365112305,5.599999904632568,5.28000020980835,5.584000110626221,28888
2020-04-21,5.4079999923706055,5.4079999923706055,6.239999771118164,5.199999809265137,5.599999904632568,100013
2020-04-22,5.239999771118164,5.239999771118164,5.599999904632568,5.159999847412109,5.199999809265137,34788
2020-04-23,5.28000020980835,5.28000020980835,5.495999813079834,5.039999961853027,5.208000183105469,18863
2020-04-24,5.320000171661377,5.320000171661377,5.415999889373779,5.039999961853027,5.039999961853027,13600
2020-04-27,5.616000175476074,5.616000175476074,5.760000228881836,5.119999885559082,5.28000020980835,75075
2020-04-28,5.5920000076293945,5.5920000076293945,5.679999828338623,5.28000020980835,5.679999828338623,20438
2020-04-29,5.920000076293945,5.920000076293945,6.144000053405762,5.360000133514404,5.360000133514404,74000
2020-04-30,5.840000152587891,5.840000152587891,6.0,5.5279998779296875,5.831999778747559,18450
2020-05-01,6.079999923706055,6.079999923706055,6.559999942779541,5.599999904632568,5.607999801635742,71100
2020-05-04,6.4720001220703125,6.4720001220703125,6.552000045776367,5.679999828338623,6.239999771118164,33813
2020-05-05,6.311999797821045,6.311999797821045,6.71999979019165,6.239999771118164,6.400000095367432,22150
2020-05-06,6.552000045776367,6.552000045776367,7.104000091552734,6.064000129699707,6.400000095367432,49188
2020-05-07,6.880000114440918,6.880000114440918,7.519999980926514,6.559999942779541,6.616000175476074,54575
2020-05-08,6.624000072479248,6.624000072479248,7.191999912261963,6.248000144958496,7.039999961853027,36538
2020-05-11,6.71999979019165,6.71999979019165,6.800000190734863,6.4079999923706055,6.71999979019165,8550
2020-05-12,6.495999813079834,6.495999813079834,7.199999809265137,6.360000133514404,6.960000038146973,53713
2020-05-13,5.495999813079834,5.495999813079834,6.464000225067139,5.296000003814697,6.400000095367432,52263
2020-05-14,5.199999809265137,5.199999809265137,5.671999931335449,5.072000026702881,5.400000095367432,21188
2020-05-15,4.952000141143799,4.952000141143799,5.28000020980835,4.808000087738037,5.199999809265137,26000
2020-05-18,5.320000171661377,5.320000171661377,5.320000171661377,4.800000190734863,5.02400016784668,26950
2020-05-19,6.296000003814697,6.296000003814697,8.960000038146973,5.360000133514404,5.607999801635742,930188
2020-05-20,9.920000076293945,9.920000076293945,16.15999984741211,6.4079999923706055,6.800000190734863,2293025
2020-05-21,8.960000038146973,8.960000038146973,9.920000076293945,8.399999618530273,8.880000114440918,223688
2020-05-22,8.399999618530273,8.399999618530273,8.800000190734863,7.199999809265137,7.920000076293945,299938
2020-05-26,8.0,8.0,8.800000190734863,7.599999904632568,7.688000202178955,204225
2020-05-27,7.679999828338623,7.679999828338623,8.15999984741211,7.599999904632568,8.0,67088
2020-05-28,7.360000133514404,7.360000133514404,7.679999828338623,7.039999961853027,7.599999904632568,66088
2020-05-29,6.808000087738037,6.808000087738037,7.360000133514404,6.631999969482422,7.360000133514404,55375
2020-06-01,7.400000095367432,7.400000095367432,7.840000152587891,6.559999942779541,6.800000190734863,101250
2020-06-02,7.199999809265137,7.199999809265137,7.952000141143799,6.960000038146973,7.920000076293945,118838
2020-06-03,7.136000156402588,7.136000156402588,7.191999912261963,6.823999881744385,6.823999881744385,52788
2020-06-04,8.319999694824219,8.319999694824219,10.0,7.119999885559082,7.383999824523926,583788
2020-06-05,8.479999542236328,8.479999542236328,9.680000305175781,8.0,9.520000457763672,357838
2020-06-08,8.15999984741211,8.15999984741211,9.119999885559082,8.0,9.119999885559082,219100
2020-06-09,6.400000095367432,6.400000095367432,6.791999816894531,6.400000095367432,6.400000095367432,1153350
2020-06-10,6.400000095367432,6.400000095367432,6.800000190734863,6.400000095367432,6.800000190734863,353838
2020-06-11,5.688000202178955,5.688000202178955,6.440000057220459,5.607999801635742,6.400000095367432,364913
2020-06-12,5.840000152587891,5.840000152587891,6.239999771118164,5.760000228881836,6.23199987411499,152688
2020-06-15,6.208000183105469,6.208000183105469,6.320000171661377,5.360000133514404,5.831999778747559,351788
2020-06-16,6.400000095367432,6.400000095367432,6.872000217437744,6.0,6.320000171661377,932900
2020-06-17,6.311999797821045,6.311999797821045,6.71999979019165,6.0960001945495605,6.480000019073486,294738
2020-06-18,7.320000171661377,7.320000171661377,9.520000457763672,6.800000190734863,7.368000030517578,4941475
2020-06-19,6.440000057220459,6.440000057220459,7.199999809265137,6.440000057220459,7.159999847412109,567488
2020-06-22,6.464000225067139,6.464000225067139,6.800000190734863,6.440000057220459,6.71999979019165,393750
2020-06-23,6.760000228881836,6.760000228881836,7.480000019073486,6.079999923706055,6.480000019073486,1138863
2020-06-24,6.519999980926514,6.519999980926514,6.71999979019165,6.25600004196167,6.71999979019165,345413
2020-06-25,6.776000022888184,6.776000022888184,7.0320000648498535,6.400000095367432,6.51200008392334,321413
2020-06-26,6.4079999923706055,6.4079999923706055,6.71999979019165,6.320000171661377,6.664000034332275,292225
2020-06-29,8.479999542236328,8.479999542236328,8.960000038146973,7.039999961853027,7.440000057220459,3677125
2020-06-30,7.360000133514404,7.360000133514404,8.399999618530273,7.208000183105469,8.0,887038
2020-07-01,7.0,7.0,7.199999809265137,6.823999881744385,7.039999961853027,438163
2020-07-02,7.383999824523926,7.383999824523926,7.679999828338623,7.0320000648498535,7.119999885559082,440288
2020-07-06,7.335999965667725,7.335999965667725,7.519999980926514,6.960000038146973,7.440000057220459,340150
2020-07-07,7.111999988555908,7.111999988555908,7.599999904632568,6.8480000495910645,7.136000156402588,430950
2020-07-08,7.3520002365112305,7.3520002365112305,7.360000133514404,6.920000076293945,7.119999885559082,224050
2020-07-09,7.800000190734863,7.800000190734863,7.920000076293945,7.28000020980835,7.28000020980835,581088
2020-07-10,8.0,8.0,9.039999961853027,8.0,8.640000343322754,1055400
2020-07-13,12.5600004196167,12.5600004196167,14.960000038146973,9.359999656677246,10.279999732971191,5760563
2020-07-14,15.520000457763672,15.520000457763672,21.84000015258789,13.760000228881836,13.920000076293945,14473888
2020-07-15,19.040000915527344,19.040000915527344,21.280000686645508,13.359999656677246,15.84000015258789,10513163
2020-07-16,33.599998474121094,33.599998474121094,37.20000076293945,24.559999465942383,26.719999313354492,39787450
2020-07-17,29.360000610351562,29.360000610351562,32.79999923706055,26.959999084472656,32.2400016784668,7430613
2020-07-20,23.360000610351562,23.360000610351562,26.799999237060547,22.399999618530273,25.520000457763672,2843375
2020-07-21,22.8799991607666,22.8799991607666,23.520000457763672,20.31999969482422,22.719999313354492,1643475
2020-07-22,23.200000762939453,23.200000762939453,25.920000076293945,20.799999237060547,20.959999084472656,1529663
2020-07-23,24.639999389648438,24.639999389648438,26.639999389648438,23.200000762939453,23.280000686645508,2035363
2020-07-24,23.440000534057617,23.440000534057617,24.559999465942383,22.8799991607666,23.84000015258789,535363
2020-07-27,21.360000610351562,21.360000610351562,23.1200008392334,21.1200008392334,23.040000915527344,521475
2020-07-28,22.799999237060547,22.799999237060547,24.399999618530273,22.079999923706055,24.399999618530273,1555825
2020-07-29,18.399999618530273,18.399999618530273,19.1200008392334,16.399999618530273,16.56800079345703,3927513
2020-07-30,17.920000076293945,17.920000076293945,19.15999984741211,17.600000381469727,17.84000015258789,901775
2020-07-31,17.280000686645508,17.280000686645508,17.920000076293945,16.799999237060547,17.68000030517578,755413
2020-08-03,17.520000457763672,17.520000457763672,18.239999771118164,16.799999237060547,17.84000015258789,895825
2020-08-04,18.079999923706055,18.079999923706055,18.479999542236328,17.200000762939453,17.360000610351562,699138
2020-08-05,17.68000030517578,17.68000030517578,18.559999465942383,17.360000610351562,18.239999771118164,656088
2020-08-06,17.200000762939453,17.200000762939453,17.600000381469727,16.959999084472656,17.520000457763672,454438
2020-08-07,16.559999465942383,16.559999465942383,16.959999084472656,15.4399995803833,16.959999084472656,542075
2020-08-10,15.760000228881836,15.760000228881836,16.92799949645996,15.600000381469727,16.8799991607666,608200
2020-08-11,16.079999923706055,16.079999923706055,16.399999618530273,14.079999923706055,14.880000114440918,1176525
2020-08-12,19.920000076293945,19.920000076293945,21.440000534057617,18.719999313354492,20.639999389648438,10582788
2020-08-13,17.360000610351562,17.360000610351562,18.959999084472656,16.959999084472656,18.31999969482422,1463563
2020-08-14,17.760000228881836,17.760000228881836,19.760000228881836,17.200000762939453,19.079999923706055,1629325
2020-08-17,16.559999465942383,16.559999465942383,17.1200008392334,15.84000015258789,17.1200008392334,893150
2020-08-18,16.8799991607666,16.8799991607666,17.239999771118164,16.0,16.479999542236328,652950
2020-08-19,16.31999969482422,16.31999969482422,16.97599983215332,16.0,16.799999237060547,544525
2020-08-20,15.359999656677246,15.359999656677246,16.31999969482422,14.5600004196167,16.31999969482422,729163
2020-08-21,14.720000267028809,14.720000267028809,15.039999961853027,14.0,15.039999961853027,467475
2020-08-24,12.960000038146973,12.960000038146973,14.640000343322754,12.5600004196167,14.5600004196167,790100
2020-08-25,14.079999923706055,14.079999923706055,14.319999694824219,12.800000190734863,12.880000114440918,374675
2020-08-26,13.520000457763672,13.520000457763672,14.0,13.079999923706055,13.600000381469727,459838
2020-08-27,12.800000190734863,12.800000190734863,13.359999656677246,12.479999542236328,13.279999732971191,393200
2020-08-28,12.640000343322754,12.640000343322754,13.0,11.4399995803833,12.5600004196167,608500
2020-08-31,13.600000381469727,13.600000381469727,14.880000114440918,13.199999809265137,14.880000114440918,1255913
2020-09-01,13.039999961853027,13.039999961853027,13.520000457763672,12.399999618530273,12.960000038146973,431900
2020-09-02,14.079999923706055,14.079999923706055,14.079999923706055,12.800000190734863,13.199999809265137,415700
2020-09-03,14.479999542236328,14.479999542236328,14.720000267028809,12.640000343322754,14.319999694824219,577725
2020-09-04,13.680000305175781,13.680000305175781,14.399999618530273,12.960000038146973,14.319999694824219,436838
2020-09-08,12.720000267028809,12.720000267028809,13.4399995803833,12.399999618530273,12.880000114440918,239888
2020-09-09,11.84000015258789,11.84000015258789,12.640000343322754,11.760000228881836,12.5600004196167,413300
2020-09-10,12.15999984741211,12.15999984741211,13.84000015258789,11.760000228881836,12.079999923706055,760625
2020-09-11,11.600000381469727,11.600000381469727,12.319999694824219,11.279999732971191,12.079999923706055,308325
2020-09-14,11.359999656677246,11.359999656677246,11.680000305175781,10.800000190734863,11.600000381469727,364988
2020-09-15,11.600000381469727,11.600000381469727,11.920000076293945,10.960000038146973,11.279999732971191,244900
2020-09-16,11.279999732971191,11.279999732971191,11.760000228881836,11.119999885559082,11.600000381469727,159225
2020-09-17,11.680000305175781,11.680000305175781,12.15999984741211,10.880000114440918,11.199999809265137,335625
2020-09-18,11.600000381469727,11.600000381469727,12.640000343322754,11.239999771118164,11.84000015258789,960425
2020-09-21,11.279999732971191,11.279999732971191,11.84000015258789,11.119999885559082,11.4399995803833,196238
2020-09-22,13.680000305175781,13.680000305175781,14.800000190734863,12.5600004196167,13.039999961853027,4446725
2020-09-23,11.4399995803833,11.4399995803833,13.199999809265137,11.359999656677246,12.960000038146973,705650
2020-09-24,11.600000381469727,11.600000381469727,12.319999694824219,11.359999656677246,12.15999984741211,454950
2020-09-25,13.279999732971191,13.279999732971191,13.680000305175781,12.399999618530273,12.5600004196167,1888250
2020-09-28,12.960000038146973,12.960000038146973,13.680000305175781,12.399999618530273,13.4399995803833,517125
2020-09-29,12.960000038146973,12.960000038146973,12.960000038146973,12.079999923706055,12.800000190734863,328350
2020-09-30,12.880000114440918,12.880000114440918,13.199999809265137,12.239999771118164,12.640000343322754,329838
2020-10-01,14.800000190734863,14.800000190734863,14.800000190734863,12.520000457763672,12.880000114440918,997125
2020-10-02,14.319999694824219,14.319999694824219,14.800000190734863,13.520000457763672,13.680000305175781,762963
2020-10-05,16.440000534057617,16.440000534057617,16.959999084472656,14.960000038146973,15.543999671936035,2144700
2020-10-06,15.199999809265137,15.199999809265137,16.959999084472656,14.399999618530273,16.239999771118164,853075
2020-10-07,14.960000038146973,14.960000038146973,15.600000381469727,14.479999542236328,15.199999809265137,387663
2020-10-08,14.880000114440918,14.880000114440918,15.520000457763672,14.479999542236328,15.520000457763672,335300
2020-10-09,14.0,14.0,15.039999961853027,14.0,14.960000038146973,367888
2020-10-12,13.600000381469727,13.600000381469727,14.479999542236328,13.520000457763672,14.319999694824219,285038
2020-10-13,13.4399995803833,13.4399995803833,13.760000228881836,12.960000038146973,13.680000305175781,200013
2020-10-14,13.600000381469727,13.600000381469727,14.079999923706055,13.4399995803833,13.600000381469727,155188
2020-10-15,13.920000076293945,13.920000076293945,14.071999549865723,13.039999961853027,13.4399995803833,188813
2020-10-16,13.4399995803833,13.4399995803833,13.824000358581543,13.199999809265137,13.760000228881836,166500
2020-10-19,12.880000114440918,12.880000114440918,13.600000381469727,12.800000190734863,13.4399995803833,233313
2020-10-20,12.5600004196167,12.5600004196167,13.199999809265137,12.399999618530273,13.039999961853027,213538
2020-10-21,12.15999984741211,12.15999984741211,12.880000114440918,11.760000228881836,12.479999542236328,297163
2020-10-22,12.0,12.0,12.15999984741211,11.760000228881836,12.15999984741211,153900
2020-10-23,12.239999771118164,12.239999771118164,12.760000228881836,12.079999923706055,12.15999984741211,202788
2020-10-26,11.4399995803833,11.4399995803833,12.079999923706055,11.279999732971191,12.0,260050
2020-10-27,11.520000457763672,11.520000457763672,11.680000305175781,11.279999732971191,11.359999656677246,136438
2020-10-28,10.640000343322754,10.640000343322754,11.239999771118164,10.399999618530273,11.199999809265137,274638
2020-10-29,11.279999732971191,11.279999732971191,11.359999656677246,10.399999618530273,10.5600004196167,158738
2020-10-30,10.640000343322754,10.640000343322754,11.248000144958496,10.399999618530273,10.880000114440918,181675
2020-11-02,10.5600004196167,10.5600004196167,10.960000038146973,10.479999542236328,10.5600004196167,87388
2020-11-03,10.960000038146973,10.960000038146973,11.039999961853027,10.479999542236328,10.640000343322754,143463
2020-11-04,10.479999542236328,10.479999542236328,11.119999885559082,10.319999694824219,10.960000038146973,303800
2020-11-05,10.800000190734863,10.800000190734863,10.880000114440918,10.5600004196167,10.800000190734863,176913
2020-11-06,11.359999656677246,11.359999656677246,11.760000228881836,10.479999542236328,10.880000114440918,295763
2020-11-09,11.039999961853027,11.039999961853027,12.175999641418457,10.960000038146973,11.84000015258789,310900
2020-11-10,11.4399995803833,11.4399995803833,11.520000457763672,10.960000038146973,11.119999885559082,156600
2020-11-11,11.4399995803833,11.4399995803833,11.680000305175781,11.039999961853027,11.279999732971191,149938
2020-11-12,12.880000114440918,12.880000114440918,13.119999885559082,11.359999656677246,11.520000457763672,929800
2020-11-13,13.4399995803833,13.4399995803833,13.920000076293945,12.880000114440918,13.4399995803833,830150
2020-11-16,12.079999923706055,12.079999923706055,13.51200008392334,11.760000228881836,13.0,857813
2020-11-17,11.520000457763672,11.520000457763672,11.680000305175781,10.800000190734863,11.184000015258789,567588
2020-11-18,11.920000076293945,11.920000076293945,12.319999694824219,10.880000114440918,11.279999732971191,822988
2020-11-19,11.84000015258789,11.84000015258789,12.239999771118164,11.359999656677246,12.079999923706055,451125
2020-11-20,11.760000228881836,11.760000228881836,11.920000076293945,11.520000457763672,11.920000076293945,264288
2020-11-23,11.600000381469727,11.600000381469727,11.760000228881836,11.359999656677246,11.520000457763672,317863
2020-11-24,11.520000457763672,11.520000457763672,12.15999984741211,11.279999732971191,11.4399995803833,370863
2020-11-25,11.520000457763672,11.520000457763672,11.920000076293945,11.520000457763672,11.600000381469727,215163
2020-11-27,11.920000076293945,11.920000076293945,12.15999984741211,11.199999809265137,11.600000381469727,386350
2020-11-30,12.239999771118164,12.239999771118164,12.5600004196167,11.359999656677246,11.84000015258789,527438
2020-12-01,12.239999771118164,12.239999771118164,12.960000038146973,11.84000015258789,12.479999542236328,450163
2020-12-02,12.640000343322754,12.640000343322754,12.800000190734863,11.84000015258789,12.399999618530273,505013
2020-12-03,12.600000381469727,12.600000381469727,12.720000267028809,12.279999732971191,12.640000343322754,278813
2020-12-04,12.319999694824219,12.319999694824219,12.720000267028809,12.15999984741211,12.720000267028809,296288
2020-12-07,12.319999694824219,12.319999694824219,12.5600004196167,11.680000305175781,12.15999984741211,354563
2020-12-08,13.279999732971191,13.279999732971191,13.4399995803833,12.15999984741211,12.479999542236328,504600
2020-12-09,13.279999732971191,13.279999732971191,13.760000228881836,12.800000190734863,13.631999969482422,512525
2020-12-10,15.600000381469727,15.600000381469727,15.84000015258789,13.680000305175781,14.0,1686600
2020-12-11,13.600000381469727,13.600000381469727,14.5600004196167,12.800000190734863,14.399999618530273,814100
2020-12-14,13.359999656677246,13.359999656677246,14.239999771118164,13.279999732971191,13.920000076293945,362425
2020-12-15,13.680000305175781,13.680000305175781,13.760000228881836,12.800000190734863,13.359999656677246,306263
2020-12-16,13.279999732971191,13.279999732971191,13.600000381469727,13.208000183105469,13.520000457763672,194163
2020-12-17,13.600000381469727,13.600000381469727,15.039999961853027,13.119999885559082,13.600000381469727,842938
2020-12-18,14.15999984741211,14.15999984741211,14.399999618530273,13.279999732971191,13.84000015258789,525138
2020-12-21,13.920000076293945,13.920000076293945,14.279999732971191,13.520000457763672,14.0,242725
2020-12-22,14.0,14.0,14.064000129699707,13.359999656677246,14.0,307538
2020-12-23,13.520000457763672,13.520000457763672,13.920000076293945,13.520000457763672,13.760000228881836,251588
2020-12-24,13.199999809265137,13.199999809265137,13.680000305175781,13.039999961853027,13.527999877929688,224038
2020-12-28,13.279999732971191,13.279999732971191,13.51200008392334,13.119999885559082,13.4399995803833,228713
2020-12-29,12.15999984741211,12.15999984741211,13.199999809265137,12.079999923706055,13.199999809265137,408200
2020-12-30,12.800000190734863,12.800000190734863,13.399999618530273,11.520000457763672,11.600000381469727,679263
2020-12-31,12.239999771118164,12.239999771118164,12.800000190734863,12.15999984741211,12.720000267028809,285400
2021-01-04,11.920000076293945,11.920000076293945,12.343999862670898,11.680000305175781,12.343999862670898,265063
2021-01-05,12.399999618530273,12.399999618530273,12.399999618530273,11.680000305175781,12.0,264613
2021-01-06,12.15999984741211,12.15999984741211,12.95199966430664,12.079999923706055,12.5600004196167,434125
2021-01-07,13.680000305175781,13.680000305175781,14.319999694824219,12.15999984741211,12.800000190734863,1839238
2021-01-08,14.079999923706055,14.079999923706055,15.520000457763672,13.199999809265137,13.84000015258789,1820188
2021-01-11,13.760000228881836,13.760000228881836,15.279999732971191,13.520000457763672,14.399999618530273,793475
2021-01-12,14.720000267028809,14.720000267028809,14.880000114440918,13.760000228881836,14.319999694824219,561488
2021-01-13,14.5600004196167,14.5600004196167,15.199999809265137,13.600000381469727,14.960000038146973,429813
2021-01-14,16.719999313354492,16.719999313354492,17.280000686645508,14.239999771118164,14.479999542236328,1641688
2021-01-15,17.520000457763672,17.520000457763672,19.600000381469727,17.1200008392334,18.15999984741211,2324038
2021-01-19,18.479999542236328,18.479999542236328,18.719999313354492,16.8799991607666,18.559999465942383,895538
2021-01-20,17.1200008392334,17.1200008392334,18.719999313354492,16.959999084472656,18.399999618530273,621200
2021-01-21,17.600000381469727,17.600000381469727,18.15999984741211,16.8799991607666,17.760000228881836,550550
2021-01-22,16.639999389648438,16.639999389648438,17.520000457763672,16.239999771118164,17.520000457763672,431663
2021-01-25,16.399999618530273,16.399999618530273,17.479999542236328,15.279999732971191,17.040000915527344,719063
2021-01-26,19.040000915527344,19.040000915527344,19.920000076293945,16.15999984741211,16.559999465942383,1579988
2021-01-27,17.520000457763672,17.520000457763672,19.360000610351562,16.959999084472656,17.68000030517578,838800
2021-01-28,16.719999313354492,16.719999313354492,18.479999542236328,16.399999618530273,18.408000946044922,416150
2021-01-29,16.399999618530273,16.399999618530273,18.15999984741211,16.15999984741211,16.799999237060547,538375
2021-02-01,17.68000030517578,17.68000030517578,18.399999618530273,15.84000015258789,16.639999389648438,1043838
2021-02-02,17.920000076293945,17.920000076293945,18.31999969482422,17.200000762939453,18.079999923706055,342550
2021-02-03,20.0,20.0,20.959999084472656,17.520000457763672,18.079999923706055,1429450
2021-02-04,20.31999969482422,20.31999969482422,22.959999084472656,19.760000228881836,21.1200008392334,1483513
2021-02-05,20.639999389648438,20.639999389648438,21.1200008392334,18.959999084472656,21.040000915527344,576888
2021-02-08,22.559999465942383,22.559999465942383,22.736000061035156,20.719999313354492,21.423999786376953,612313
2021-02-09,22.719999313354492,22.719999313354492,23.68000030517578,21.8799991607666,22.559999465942383,1054100
2021-02-10,23.1200008392334,23.1200008392334,24.639999389648438,20.399999618530273,24.0,1059525
2021-02-11,26.639999389648438,26.639999389648438,27.200000762939453,23.600000381469727,24.239999771118164,1625700
2021-02-12,25.1200008392334,25.1200008392334,25.832000732421875,24.280000686645508,24.79199981689453,532563
2021-02-16,28.799999237060547,28.799999237060547,30.399999618530273,26.239999771118164,27.784000396728516,1309825
2021-02-17,27.68000030517578,27.68000030517578,28.799999237060547,25.84000015258789,26.959999084472656,645963
2021-02-18,26.959999084472656,26.959999084472656,29.440000534057617,24.399999618530273,26.239999771118164,1352525
2021-02-19,27.1200008392334,27.1200008392334,28.15999984741211,26.639999389648438,26.8799991607666,278438
2021-02-22,25.920000076293945,25.920000076293945,27.479999542236328,25.760000228881836,26.351999282836914,420788
2021-02-23,22.8799991607666,22.8799991607666,24.0,20.0,23.440000534057617,649125
2021-02-24,23.600000381469727,23.600000381469727,25.040000915527344,22.84000015258789,23.360000610351562,515463
2021-02-25,21.1200008392334,21.1200008392334,23.84000015258789,20.959999084472656,23.600000381469727,442163
2021-02-26,22.239999771118164,22.239999771118164,24.399999618530273,20.399999618530273,21.1200008392334,811963
2021-03-01,24.239999771118164,24.239999771118164,24.639999389648438,22.920000076293945,24.639999389648438,444288
2021-03-02,22.079999923706055,22.079999923706055,24.639999389648438,21.68000030517578,24.31999969482422,497800
2021-03-03,19.84000015258789,19.84000015258789,22.559999465942383,19.600000381469727,22.15999984741211,478975
2021-03-04,17.440000534057617,17.440000534057617,19.736000061035156,16.399999618530273,19.040000915527344,966513
2021-03-05,17.280000686645508,17.280000686645508,18.15999984741211,15.520000457763672,18.079999923706055,467050
2021-03-08,17.920000076293945,17.920000076293945,18.719999313354492,17.040000915527344,17.68000030517578,287463
2021-03-09,17.760000228881836,17.760000228881836,18.959999084472656,17.68000030517578,18.8799991607666,601038
2021-03-10,20.8799991607666,20.8799991607666,21.760000228881836,17.760000228881836,18.847999572753906,1300488
2021-03-11,20.31999969482422,20.31999969482422,21.152000427246094,19.1200008392334,20.239999771118164,589625
2021-03-12,20.15999984741211,20.15999984741211,20.959999084472656,18.799999237060547,20.0,408988
2021-03-15,20.799999237060547,20.799999237060547,20.799999237060547,19.1200008392334,20.079999923706055,451700
2021-03-16,19.31999969482422,19.31999969482422,21.760000228881836,19.040000915527344,21.360000610351562,586638
2021-03-17,20.15999984741211,20.15999984741211,21.1200008392334,18.31999969482422,18.959999084472656,518075
2021-03-18,20.479999542236328,20.479999542236328,23.0,19.920000076293945,20.0,853663
2021-03-19,22.559999465942383,22.559999465942383,22.68000030517578,20.559999465942383,20.719999313354492,536963
2021-03-22,23.760000228881836,23.760000228881836,25.440000534057617,22.959999084472656,23.280000686645508,972563
2021-03-23,23.84000015258789,23.84000015258789,25.360000610351562,22.639999389648438,24.54400062561035,917325
2021-03-24,21.920000076293945,21.920000076293945,24.639999389648438,21.68000030517578,24.639999389648438,594238
2021-03-25,23.1200008392334,23.1200008392334,23.200000762939453,20.799999237060547,21.520000457763672,682375
2021-03-26,23.200000762939453,23.200000762939453,24.799999237060547,21.360000610351562,24.479999542236328,950825
2021-03-29,20.280000686645508,20.280000686645508,22.0,20.0,21.600000381469727,563663
2021-03-30,19.280000686645508,19.280000686645508,19.84000015258789,18.239999771118164,19.600000381469727,384913
2021-03-31,20.239999771118164,20.239999771118164,20.959999084472656,19.040000915527344,19.600000381469727,459463
2021-04-01,20.639999389648438,20.639999389648438,21.200000762939453,19.84000015258789,20.75200080871582,293388
2021-04-05,20.280000686645508,20.280000686645508,20.719999313354492,19.600000381469727,20.576000213623047,215738
2021-04-06,21.200000762939453,21.200000762939453,21.719999313354492,20.0,20.15999984741211,376813
2021-04-07,20.639999389648438,20.639999389648438,21.760000228881836,20.239999771118164,21.360000610351562,251563
2021-04-08,20.8799991607666,20.8799991607666,21.360000610351562,20.600000381469727,21.040000915527344,182825
2021-04-09,19.84000015258789,19.84000015258789,20.719999313354492,19.520000457763672,20.399999618530273,213275
2021-04-12,18.959999084472656,18.959999084472656,20.0,18.224000930786133,19.68000030517578,227913
2021-04-13,18.239999771118164,18.239999771118164,18.959999084472656,17.760000228881836,18.719999313354492,231363
2021-04-14,17.280000686645508,17.280000686645508,18.8799991607666,17.280000686645508,18.31999969482422,231775
2021-04-15,16.8799991607666,16.8799991607666,17.84000015258789,16.639999389648438,17.440000534057617,271250
2021-04-16,15.680000305175781,15.680000305175781,16.479999542236328,15.279999732971191,16.479999542236328,376288
2021-04-19,15.119999885559082,15.119999885559082,16.23200035095215,14.5600004196167,15.84000015258789,242225
2021-04-20,14.5600004196167,14.5600004196167,15.359999656677246,14.119999885559082,15.199999809265137,204450
2021-04-21,16.31999969482422,16.31999969482422,16.399999618530273,14.15999984741211,14.319999694824219,319125
2021-04-22,15.84000015258789,15.84000015258789,16.799999237060547,15.279999732971191,16.079999923706055,261238
2021-04-23,16.479999542236328,16.479999542236328,16.639999389648438,15.520000457763672,15.680000305175781,160388
2021-04-26,20.479999542236328,20.479999542236328,20.799999237060547,16.239999771118164,16.639999389648438,1190725
2021-04-27,19.520000457763672,19.520000457763672,21.760000228881836,18.8799991607666,20.007999420166016,783575
2021-04-28,22.239999771118164,22.239999771118164,24.239999771118164,21.079999923706055,21.520000457763672,3600338
2021-04-29,21.520000457763672,21.520000457763672,22.983999252319336,21.040000915527344,21.920000076293945,591875
2021-04-30,20.639999389648438,20.639999389648438,21.760000228881836,20.440000534057617,21.0,366638
2021-05-03,20.639999389648438,20.639999389648438,21.280000686645508,19.86400032043457,20.76799964904785,284788
2021-05-04,20.639999389648438,20.639999389648438,20.639999389648438,18.8799991607666,20.079999923706055,515838
2021-05-05,19.84000015258789,19.84000015258789,21.15999984741211,19.600000381469727,20.31999969482422,483113
2021-05-06,19.200000762939453,19.200000762939453,19.920000076293945,18.719999313354492,19.440000534057617,304175
2021-05-07,19.520000457763672,19.520000457763672,20.15999984741211,19.200000762939453,19.360000610351562,519113
2021-05-10,18.15999984741211,18.15999984741211,20.399999618530273,18.15999984741211,20.399999618530273,292775
2021-05-11,19.68000030517578,19.68000030517578,20.079999923706055,16.959999084472656,17.280000686645508,645300
2021-05-12,17.84000015258789,17.84000015258789,19.84000015258789,17.68000030517578,19.70400047302246,501338
2021-05-13,17.440000534057617,17.440000534057617,18.799999237060547,17.040000915527344,17.760000228881836,313488
2021-05-14,17.760000228881836,17.760000228881836,18.479999542236328,17.360000610351562,17.920000076293945,483113
2021-05-17,19.280000686645508,19.280000686645508,19.600000381469727,16.959999084472656,17.360000610351562,985575
2021-05-18,18.31999969482422,18.31999969482422,19.760000228881836,18.239999771118164,18.639999389648438,613250
2021-05-19,18.479999542236328,18.479999542236328,19.040000915527344,17.600000381469727,17.600000381469727,1162800
2021-05-20,18.15999984741211,18.15999984741211,19.1200008392334,17.68000030517578,18.15999984741211,979213
2021-05-21,18.239999771118164,18.239999771118164,18.559999465942383,17.799999237060547,18.559999465942383,319650
2021-05-24,17.84000015258789,17.84000015258789,18.559999465942383,17.520000457763672,18.0,425388
2021-05-25,18.399999618530273,18.399999618530273,19.1200008392334,17.559999465942383,17.68000030517578,422925
2021-05-26,19.600000381469727,19.600000381469727,19.68000030517578,18.639999389648438,18.959999084472656,379263
2021-05-27,20.15999984741211,20.15999984741211,20.239999771118164,18.959999084472656,19.760000228881836,304463
2021-05-28,20.0,20.0,20.559999465942383,19.760000228881836,20.0,388275
2021-06-01,20.239999771118164,20.239999771118164,20.360000610351562,19.1200008392334,20.239999771118164,392388
2021-06-02,21.040000915527344,21.040000915527344,22.0,19.600000381469727,19.68000030517578,717688
2021-06-03,20.559999465942383,20.559999465942383,21.760000228881836,20.399999618530273,20.799999237060547,438500
2021-06-04,20.799999237060547,20.799999237060547,21.1200008392334,20.079999923706055,20.31999969482422,211513
2021-06-07,21.920000076293945,21.920000076293945,22.312000274658203,20.479999542236328,20.479999542236328,348163
2021-06-08,21.920000076293945,21.920000076293945,22.719999313354492,21.503999710083008,22.0,356325
2021-06-09,20.8799991607666,20.8799991607666,22.23200035095215,20.8799991607666,21.68000030517578,295713
2021-06-10,20.399999618530273,20.399999618530273,21.07200050354004,19.920000076293945,20.639999389648438,255038
2021-06-11,20.15999984741211,20.15999984741211,20.68000030517578,20.079999923706055,20.15999984741211,160350
2021-06-14,22.0,22.0,22.719999313354492,19.920000076293945,19.920000076293945,391938
2021-06-15,23.1200008392334,23.1200008392334,23.760000228881836,21.040000915527344,21.84000015258789,682838
2021-06-16,22.399999618530273,22.399999618530273,23.520000457763672,22.239999771118164,23.1200008392334,341563
2021-06-17,22.31999969482422,22.31999969482422,23.68000030517578,22.239999771118164,22.479999542236328,371063
2021-06-18,21.040000915527344,21.040000915527344,22.75200080871582,21.040000915527344,22.239999771118164,545888
2021-06-21,20.079999923706055,20.079999923706055,21.200000762939453,19.600000381469727,21.200000762939453,382450
2021-06-22,19.920000076293945,19.920000076293945,20.15999984741211,19.280000686645508,20.0,282825
2021-06-23,21.040000915527344,21.040000915527344,21.040000915527344,20.079999923706055,20.079999923706055,210863
2021-06-24,20.559999465942383,20.559999465942383,21.1200008392334,20.440000534057617,21.040000915527344,207400
2021-06-25,20.719999313354492,20.719999313354492,20.959999084472656,20.239999771118164,20.639999389648438,177800
2021-06-28,19.920000076293945,19.920000076293945,20.959999084472656,19.84000015258789,20.88800048828125,207138
2021-06-29,19.84000015258789,19.84000015258789,20.399999618530273,19.360000610351562,20.15999984741211,261013
2021-06-30,19.280000686645508,19.280000686645508,19.920000076293945,19.1200008392334,19.920000076293945,248663
2021-07-01,18.559999465942383,18.559999465942383,19.360000610351562,18.31999969482422,19.280000686645508,247238
2021-07-02,18.399999618530273,18.399999618530273,19.040000915527344,18.0,18.97599983215332,174900
2021-07-06,18.31999969482422,18.31999969482422,19.1200008392334,18.079999923706055,18.559999465942383,158038
2021-07-07,17.200000762939453,17.200000762939453,18.511999130249023,16.959999084472656,18.399999618530273,298275
2021-07-08,17.760000228881836,17.760000228881836,17.760000228881836,16.559999465942383,17.200000762939453,252938
2021-07-09,17.760000228881836,17.760000228881836,18.15999984741211,17.360000610351562,18.079999923706055,200775
2021-07-12,17.920000076293945,17.920000076293945,18.54400062561035,17.360000610351562,17.84000015258789,351913
2021-07-13,16.959999084472656,16.959999084472656,18.0,16.808000564575195,18.0,233063
2021-07-14,16.0,16.0,16.959999084472656,15.84000015258789,16.8799991607666,276025
2021-07-15,16.559999465942383,16.559999465942383,17.040000915527344,15.84000015258789,16.0,239813
2021-07-16,16.15999984741211,16.15999984741211,17.1200008392334,16.0,16.799999237060547,152475
2021-07-19,16.15999984741211,16.15999984741211,16.392000198364258,15.039999961853027,15.84000015258789,234313
2021-07-20,16.31999969482422,16.31999969482422,16.639999389648438,15.760000228881836,16.31999969482422,153425
2021-07-21,17.280000686645508,17.280000686645508,17.360000610351562,16.479999542236328,16.479999542236328,173575
2021-07-22,16.479999542236328,16.479999542236328,17.472000122070312,16.31999969482422,17.440000534057617,132275
2021-07-23,15.680000305175781,15.680000305175781,16.559999465942383,15.479999542236328,16.479999542236328,251625
2021-07-26,15.680000305175781,15.680000305175781,16.399999618530273,15.520000457763672,15.920000076293945,128175
2021-07-27,15.359999656677246,15.359999656677246,15.760000228881836,14.5600004196167,15.600000381469727,211038
2021-07-28,15.84000015258789,15.84000015258789,15.920000076293945,15.239999771118164,15.5600004196167,132163
2021-07-29,15.760000228881836,15.760000228881836,16.360000610351562,15.600000381469727,15.84000015258789,188125
2021-07-30,15.359999656677246,15.359999656677246,15.920000076293945,15.079999923706055,15.520000457763672,115088
2021-08-02,16.0,16.0,16.639999389648438,15.359999656677246,15.4399995803833,199025
2021-08-03,15.600000381469727,15.600000381469727,16.079999923706055,15.279999732971191,16.0,178338
2021-08-04,15.600000381469727,15.600000381469727,16.0,15.039999961853027,15.680000305175781,189238
2021-08-05,16.079999923706055,16.079999923706055,16.31999969482422,15.279999732971191,15.359999656677246,133338
2021-08-06,15.760000228881836,15.760000228881836,16.239999771118164,15.600000381469727,16.079999923706055,161163
2021-08-09,15.680000305175781,15.680000305175781,16.0,15.359999656677246,15.84000015258789,201513
2021-08-10,15.600000381469727,15.600000381469727,16.0,15.199999809265137,15.760000228881836,254050
2021-08-11,15.600000381469727,15.600000381469727,16.239999771118164,15.399999618530273,15.62399959564209,213688
2021-08-12,15.4399995803833,15.4399995803833,15.760000228881836,14.800000190734863,15.760000228881836,938075
2021-08-13,17.920000076293945,17.920000076293945,20.31999969482422,17.360000610351562,19.440000534057617,6957650
2021-08-16,18.15999984741211,18.15999984741211,18.799999237060547,17.040000915527344,17.84000015258789,684663
2021-08-17,17.600000381469727,17.600000381469727,18.239999771118164,17.1200008392334,17.808000564575195,355400
2021-08-18,17.520000457763672,17.520000457763672,18.079999923706055,16.959999084472656,17.520000457763672,246675
2021-08-19,16.15999984741211,16.15999984741211,17.520000457763672,15.960000038146973,17.520000457763672,398763
2021-08-20,16.639999389648438,16.639999389648438,16.92799949645996,16.079999923706055,16.239999771118164,225725
2021-08-23,18.079999923706055,18.079999923706055,18.639999389648438,16.719999313354492,16.8799991607666,381125
2021-08-24,18.959999084472656,18.959999084472656,19.200000762939453,18.007999420166016,18.079999923706055,311300
2021-08-25,19.68000030517578,19.68000030517578,19.920000076293945,18.639999389648438,18.959999084472656,312175
2021-08-26,19.600000381469727,19.600000381469727,20.479999542236328,19.0,19.84000015258789,390163
2021-08-27,20.639999389648438,20.639999389648438,21.040000915527344,19.360000610351562,19.68000030517578,385525
2021-08-30,20.8799991607666,20.8799991607666,21.360000610351562,19.719999313354492,20.479999542236328,290713
2021-08-31,20.799999237060547,20.799999237060547,21.360000610351562,20.559999465942383,20.8799991607666,325125
2021-09-01,20.799999237060547,20.799999237060547,21.760000228881836,20.280000686645508,20.719999313354492,346200
2021-09-02,21.360000610351562,21.360000610351562,21.600000381469727,20.68000030517578,20.719999313354492,225550
2021-09-03,20.799999237060547,20.799999237060547,21.360000610351562,20.239999771118164,21.280000686645508,283538
2021-09-07,20.479999542236328,20.479999542236328,21.1200008392334,20.239999771118164,20.799999237060547,142525
2021-09-08,19.440000534057617,19.440000534057617,20.304000854492188,18.959999084472656,20.304000854492188,292738
2021-09-09,19.760000228881836,19.760000228881836,20.559999465942383,19.15999984741211,19.520000457763672,194588
2021-09-10,19.200000762939453,19.200000762939453,20.15999984741211,19.0,19.84000015258789,182413
2021-09-13,19.440000534057617,19.440000534057617,19.84000015258789,18.239999771118164,18.8799991607666,230663
2021-09-14,18.799999237060547,18.799999237060547,19.520000457763672,18.399999618530273,19.280000686645508,138388
2021-09-15,19.040000915527344,19.040000915527344,19.280000686645508,18.503999710083008,18.799999237060547,93600
2021-09-16,19.200000762939453,19.200000762939453,19.239999771118164,18.399999618530273,18.719999313354492,179625
2021-09-17,19.360000610351562,19.360000610351562,19.81599998474121,18.8799991607666,18.8799991607666,281950
2021-09-20,18.15999984741211,18.15999984741211,18.799999237060547,17.784000396728516,18.479999542236328,270775
2021-09-21,18.15999984741211,18.15999984741211,18.600000381469727,17.760000228881836,18.31999969482422,129725
2021-09-22,18.719999313354492,18.719999313354492,18.8799991607666,18.0,18.15999984741211,159638
2021-09-23,18.799999237060547,18.799999237060547,19.031999588012695,18.479999542236328,18.8799991607666,133275
2021-09-24,18.31999969482422,18.31999969482422,18.576000213623047,18.040000915527344,18.399999618530273,148213
2021-09-27,18.959999084472656,18.959999084472656,19.200000762939453,18.079999923706055,18.15999984741211,125225
2021-09-28,18.31999969482422,18.31999969482422,18.93600082397461,18.239999771118164,18.559999465942383,138363
2021-09-29,17.84000015258789,17.84000015258789,18.687999725341797,17.760000228881836,18.239999771118164,176175
2021-09-30,18.0,18.0,18.15999984741211,17.600000381469727,18.0,131913
2021-10-01,17.760000228881836,17.760000228881836,18.280000686645508,17.440000534057617,18.15999984741211,174513
2021-10-04,17.200000762939453,17.200000762939453,17.68000030517578,16.959999084472656,17.68000030517578,145350
2021-10-05,17.1200008392334,17.1200008392334,17.511999130249023,16.719999313354492,17.440000534057617,188963
2021-10-06,16.8799991607666,16.8799991607666,17.0,16.239999771118164,16.760000228881836,198488
2021-10-07,17.280000686645508,17.280000686645508,17.520000457763672,16.719999313354492,16.959999084472656,100088
2021-10-08,17.200000762939453,17.200000762939453,17.520000457763672,16.760000228881836,17.280000686645508,164575
2021-10-11,16.799999237060547,16.799999237060547,17.591999053955078,16.799999237060547,17.520000457763672,165763
2021-10-12,16.959999084472656,16.959999084472656,17.1200008392334,16.639999389648438,16.799999237060547,96550
2021-10-13,17.280000686645508,17.280000686645508,17.360000610351562,16.639999389648438,16.8799991607666,152525
2021-10-14,17.68000030517578,17.68000030517578,19.040000915527344,17.280000686645508,17.280000686645508,279863
2021-10-15,17.280000686645508,17.280000686645508,18.1200008392334,17.280000686645508,17.760000228881836,100275
2021-10-18,16.959999084472656,16.959999084472656,17.360000610351562,16.959999084472656,17.200000762939453,105913
2021-10-19,17.280000686645508,17.280000686645508,17.440000534057617,17.040000915527344,17.040000915527344,102050
2021-10-20,17.200000762939453,17.200000762939453,17.520000457763672,17.15999984741211,17.360000610351562,72600
2021-10-21,17.440000534057617,17.440000534057617,18.0,17.280000686645508,17.440000534057617,135225
2021-10-22,16.8799991607666,16.8799991607666,17.312000274658203,16.719999313354492,17.200000762939453,186838
2021-10-25,17.040000915527344,17.040000915527344,17.15999984741211,16.559999465942383,16.8799991607666,143763
2021-10-26,16.8799991607666,16.8799991607666,17.200000762939453,16.719999313354492,17.040000915527344,133900
2021-10-27,16.559999465942383,16.559999465942383,17.040000915527344,16.399999618530273,16.760000228881836,155638
2021-10-28,17.1200008392334,17.1200008392334,17.360000610351562,16.399999618530273,16.479999542236328,131875
2021-10-29,17.84000015258789,17.84000015258789,18.0,17.1200008392334,17.1200008392334,134463
2021-11-01,18.719999313354492,18.719999313354492,19.68000030517578,17.84000015258789,17.84000015258789,384450
2021-11-02,18.31999969482422,18.31999969482422,18.8799991607666,18.0,18.8799991607666,147150
2021-11-03,18.239999771118164,18.239999771118164,18.799999237060547,18.079999923706055,18.1200008392334,137675
2021-11-04,18.479999542236328,18.479999542236328,18.719999313354492,17.920000076293945,18.239999771118164,130850
2021-11-05,18.719999313354492,18.719999313354492,18.959999084472656,18.15999984741211,18.719999313354492,129325
2021-11-08,19.280000686645508,19.280000686645508,19.440000534057617,18.719999313354492,18.719999313354492,132425
2021-11-09,19.440000534057617,19.440000534057617,19.600000381469727,18.559999465942383,19.440000534057617,185838
2021-11-10,19.360000610351562,19.360000610351562,19.84000015258789,18.959999084472656,19.552000045776367,466138
2021-11-11,16.399999618530273,16.399999618530273,17.399999618530273,16.399999618530273,17.079999923706055,650975
2021-11-12,15.359999656677246,15.359999656677246,16.639999389648438,15.039999961853027,16.559999465942383,584888
2021-11-15,14.880000114440918,14.880000114440918,16.0,14.800000190734863,15.520000457763672,347263
2021-11-16,14.960000038146973,14.960000038146973,15.119999885559082,14.319999694824219,15.119999885559082,276163
2021-11-17,14.079999923706055,14.079999923706055,15.039999961853027,13.920000076293945,14.711999893188477,523813
2021-11-18,13.600000381469727,13.600000381469727,14.239999771118164,13.119999885559082,14.079999923706055,315588
2021-11-19,13.359999656677246,13.359999656677246,14.15999984741211,13.359999656677246,13.4399995803833,144850
2021-11-22,12.800000190734863,12.800000190734863,13.600000381469727,12.319999694824219,13.592000007629395,270225
2021-11-23,12.880000114440918,12.880000114440918,13.199999809265137,12.791999816894531,12.960000038146973,124350
2021-11-24,13.359999656677246,13.359999656677246,13.520000457763672,12.479999542236328,12.880000114440918,96025
2021-11-26,13.680000305175781,13.680000305175781,13.760000228881836,12.800000190734863,12.880000114440918,199575
2021-11-29,13.119999885559082,13.119999885559082,13.895999908447266,12.960000038146973,13.84000015258789,117838
2021-11-30,12.479999542236328,12.479999542236328,13.199999809265137,12.15999984741211,12.880000114440918,206863
2021-12-01,11.920000076293945,11.920000076293945,13.039999961853027,11.680000305175781,12.880000114440918,180413
2021-12-02,11.920000076293945,11.920000076293945,12.279999732971191,11.479999542236328,11.84000015258789,169675
2021-12-03,11.279999732971191,11.279999732971191,12.119999885559082,11.119999885559082,12.0,226000
2021-12-06,11.600000381469727,11.600000381469727,11.760000228881836,10.239999771118164,11.119999885559082,187225
2021-12-07,12.0,12.0,12.479999542236328,11.680000305175781,11.760000228881836,193250
2021-12-08,12.720000267028809,12.720000267028809,12.776000022888184,11.84000015258789,12.0,108300
2021-12-09,11.84000015258789,11.84000015258789,12.800000190734863,11.760000228881836,12.640000343322754,98900
2021-12-10,11.760000228881836,11.760000228881836,12.399999618530273,11.600000381469727,12.0,78650
2021-12-13,10.880000114440918,10.880000114440918,11.920000076293945,10.5600004196167,11.920000076293945,314313
2021-12-14,10.199999809265137,10.199999809265137,10.800000190734863,10.15999984741211,10.479999542236328,208813
2021-12-15,10.319999694824219,10.319999694824219,10.479999542236328,9.4399995803833,10.0,316925
2021-12-16,9.600000381469727,9.600000381469727,10.399999618530273,9.600000381469727,10.079999923706055,232038
2021-12-17,10.5600004196167,10.5600004196167,10.720000267028809,9.279999732971191,9.64799976348877,524063
2021-12-20,10.479999542236328,10.479999542236328,10.5600004196167,9.84000015258789,10.319999694824219,194088
2021-12-21,10.640000343322754,10.640000343322754,10.880000114440918,10.479999542236328,10.479999542236328,107950
2021-12-22,10.960000038146973,10.960000038146973,11.359999656677246,10.319999694824219,10.319999694824219,139400
2021-12-23,11.199999809265137,11.199999809265137,11.279999732971191,10.880000114440918,10.960000038146973,90388
2021-12-27,10.640000343322754,10.640000343322754,11.039999961853027,10.239999771118164,11.039999961853027,214538
2021-12-28,10.720000267028809,10.720000267028809,11.199999809265137,10.399999618530273,10.399999618530273,139413
2021-12-29,10.399999618530273,10.399999618530273,10.960000038146973,10.399999618530273,10.800000190734863,78263
2021-12-30,11.279999732971191,11.279999732971191,11.520000457763672,10.399999618530273,10.399999618530273,138088
2021-12-31,11.039999961853027,11.039999961853027,11.600000381469727,10.960000038146973,11.199999809265137,149025
2022-01-03,11.279999732971191,11.279999732971191,11.4399995803833,10.800000190734863,10.800000190734863,96638
2022-01-04,10.960000038146973,10.960000038146973,11.319999694824219,10.880000114440918,11.279999732971191,135913
2022-01-05,10.5600004196167,10.5600004196167,12.079999923706055,10.479999542236328,10.960000038146973,331100
2022-01-06,10.0,10.0,10.800000190734863,9.600000381469727,10.479999542236328,378650
2022-01-07,9.84000015258789,9.84000015258789,10.319999694824219,9.760000228881836,10.0,83263
2022-01-10,9.279999732971191,9.279999732971191,9.760000228881836,8.920000076293945,9.600000381469727,317638
2022-01-11,9.760000228881836,9.760000228881836,10.0,9.119999885559082,9.119999885559082,89300
2022-01-12,9.520000457763672,9.520000457763672,10.0,9.359999656677246,9.760000228881836,89025
2022-01-13,9.119999885559082,9.119999885559082,9.84000015258789,9.039999961853027,9.84000015258789,112013
2022-01-14,8.880000114440918,8.880000114440918,9.119999885559082,8.800000190734863,9.039999961853027,90850
2022-01-18,8.640000343322754,8.640000343322754,9.039999961853027,8.479999542236328,8.880000114440918,84575
2022-01-19,8.800000190734863,8.800000190734863,8.960000038146973,8.479999542236328,8.720000267028809,106013
2022-01-20,8.399999618530273,8.399999618530273,9.039999961853027,8.399999618530273,8.880000114440918,68563
2022-01-21,8.479999542236328,8.479999542236328,8.960000038146973,8.15999984741211,8.399999618530273,102250
2022-01-24,8.479999542236328,8.479999542236328,8.5600004196167,7.599999904632568,8.15999984741211,160025
2022-01-25,8.720000267028809,8.720000267028809,8.880000114440918,8.0,8.0,45988
2022-01-26,8.5600004196167,8.5600004196167,9.119999885559082,8.399999618530273,8.960000038146973,120550
2022-01-27,8.319999694824219,8.319999694824219,8.640000343322754,8.15999984741211,8.640000343322754,135413
2022-01-28,8.239999771118164,8.239999771118164,8.399999618530273,8.0,8.319999694824219,59338
2022-01-31,8.960000038146973,8.960000038146973,9.039999961853027,8.239999771118164,8.239999771118164,75375
2022-02-01,9.119999885559082,9.119999885559082,9.520000457763672,8.880000114440918,8.960000038146973,99500
2022-02-02,8.720000267028809,8.720000267028809,9.239999771118164,8.640000343322754,9.119999885559082,54650
2022-02-03,8.319999694824219,8.319999694824219,8.720000267028809,8.319999694824219,8.479999542236328,54188
2022-02-04,8.640000343322754,8.640000343322754,8.800000190734863,8.319999694824219,8.399999618530273,32375
2022-02-07,9.4399995803833,9.4399995803833,9.520000457763672,8.631999969482422,8.720000267028809,76250
2022-02-08,9.279999732971191,9.279999732971191,9.520000457763672,9.119999885559082,9.520000457763672,32750
2022-02-09,9.760000228881836,9.760000228881836,10.0,9.359999656677246,9.520000457763672,77750
2022-02-10,9.680000305175781,9.680000305175781,10.399999618530273,9.600000381469727,9.600000381469727,78863
2022-02-11,8.960000038146973,8.960000038146973,9.760000228881836,8.960000038146973,9.680000305175781,95063
2022-02-14,8.800000190734863,8.800000190734863,9.199999809265137,8.720000267028809,8.880000114440918,72113
2022-02-15,9.920000076293945,9.920000076293945,10.079999923706055,9.199999809265137,9.279999732971191,174338
2022-02-16,10.079999923706055,10.079999923706055,10.5600004196167,9.84000015258789,10.5600004196167,94188
2022-02-17,9.760000228881836,9.760000228881836,10.13599967956543,9.680000305175781,10.079999923706055,64963
2022-02-18,9.920000076293945,9.920000076293945,10.0,9.279999732971191,9.84000015258789,61000
2022-02-22,9.680000305175781,9.680000305175781,10.319999694824219,9.520000457763672,9.5600004196167,88238
2022-02-23,9.199999809265137,9.199999809265137,9.920000076293945,9.199999809265137,9.84000015258789,83225
2022-02-24,9.279999732971191,9.279999732971191,9.520000457763672,8.239999771118164,8.399999618530273,117600
2022-02-25,9.199999809265137,9.199999809265137,9.4399995803833,8.960000038146973,8.960000038146973,50963
2022-02-28,9.199999809265137,9.199999809265137,9.359999656677246,8.960000038146973,9.119999885559082,52888
2022-03-01,9.119999885559082,9.119999885559082,9.359999656677246,8.880000114440918,8.960000038146973,64313
2022-03-02,9.199999809265137,9.199999809265137,9.279999732971191,8.880000114440918,9.199999809265137,44875
2022-03-03,8.960000038146973,8.960000038146973,9.199999809265137,8.720000267028809,9.119999885559082,80450
2022-03-04,8.319999694824219,8.319999694824219,8.960000038146973,8.319999694824219,8.640000343322754,86138
2022-03-07,8.479999542236328,8.479999542236328,8.720000267028809,8.319999694824219,8.399999618530273,45775
2022-03-08,8.880000114440918,8.880000114440918,9.039999961853027,8.319999694824219,8.479999542236328,51300
2022-03-09,9.4399995803833,9.4399995803833,9.600000381469727,9.039999961853027,9.039999961853027,82650
2022-03-10,9.039999961853027,9.039999961853027,9.359999656677246,8.800000190734863,9.359999656677246,37363
2022-03-11,8.720000267028809,8.720000267028809,9.359999656677246,8.640000343322754,9.199999809265137,72950
2022-03-14,8.399999618530273,8.399999618530273,8.800000190734863,8.399999618530273,8.640000343322754,68925
2022-03-15,8.720000267028809,8.720000267028809,8.920000076293945,8.479999542236328,8.5600004196167,30725
2022-03-16,9.039999961853027,9.039999961853027,9.199999809265137,8.640000343322754,9.119999885559082,88575
2022-03-17,9.640000343322754,9.640000343322754,9.84000015258789,9.0,9.119999885559082,172300
2022-03-18,9.920000076293945,9.920000076293945,11.359999656677246,8.880000114440918,9.199999809265137,665038
2022-03-21,10.319999694824219,10.319999694824219,10.880000114440918,9.920000076293945,10.0,191225
2022-03-22,10.5600004196167,10.5600004196167,10.720000267028809,10.399999618530273,10.640000343322754,50663
2022-03-23,10.479999542236328,10.479999542236328,10.880000114440918,10.199999809265137,10.5600004196167,67575
2022-03-24,10.640000343322754,10.640000343322754,10.640000343322754,10.15999984741211,10.479999542236328,54813
2022-03-25,10.079999923706055,10.079999923706055,10.640000343322754,9.920000076293945,10.640000343322754,45125
2022-03-28,9.84000015258789,9.84000015258789,10.15999984741211,9.600000381469727,10.079999923706055,55550
2022-03-29,9.920000076293945,9.920000076293945,10.079999923706055,9.744000434875488,9.84000015258789,47325
2022-03-30,9.760000228881836,9.760000228881836,10.15999984741211,9.760000228881836,9.760000228881836,38775
2022-03-31,9.600000381469727,9.600000381469727,9.920000076293945,9.4399995803833,9.920000076293945,55275
2022-04-01,9.199999809265137,9.199999809265137,9.576000213623047,8.960000038146973,9.4399995803833,72813
2022-04-04,9.520000457763672,9.520000457763672,9.920000076293945,9.119999885559082,9.119999885559082,67763
2022-04-05,9.359999656677246,9.359999656677246,9.760000228881836,9.359999656677246,9.600000381469727,38588
2022-04-06,9.119999885559082,9.119999885559082,9.295999526977539,8.880000114440918,9.279999732971191,42513
2022-04-07,9.039999961853027,9.039999961853027,9.263999938964844,8.720000267028809,9.119999885559082,38775
2022-04-08,8.880000114440918,8.880000114440918,9.119999885559082,8.800000190734863,8.960000038146973,28050
2022-04-11,8.800000190734863,8.800000190734863,8.960000038146973,8.640000343322754,8.800000190734863,22288
2022-04-12,8.640000343322754,8.640000343322754,8.960000038146973,8.607999801635742,8.640000343322754,52563
2022-04-13,8.800000190734863,8.800000190734863,8.800000190734863,8.5600004196167,8.720000267028809,43275
2022-04-14,8.479999542236328,8.479999542236328,8.880000114440918,8.239999771118164,8.800000190734863,79213
2022-04-18,8.399999618530273,8.399999618530273,8.5600004196167,8.239999771118164,8.239999771118164,35325
2022-04-19,8.720000267028809,8.720000267028809,8.720000267028809,8.319999694824219,8.319999694824219,21200
2022-04-20,8.720000267028809,8.720000267028809,8.960000038146973,8.5600004196167,8.720000267028809,46413
2022-04-21,8.15999984741211,8.15999984741211,8.720000267028809,8.079999923706055,8.720000267028809,53563
2022-04-22,8.0,8.0,8.479999542236328,8.0,8.079999923706055,43050
2022-04-25,8.0,8.0,8.319999694824219,8.0,8.319999694824219,36350
2022-04-26,7.920000076293945,7.920000076293945,8.079999923706055,7.679999828338623,8.0,75788
2022-04-27,7.688000202178955,7.688000202178955,8.239999771118164,7.688000202178955,7.831999778747559,38750
2022-04-28,7.992000102996826,7.992000102996826,8.079999923706055,7.440000057220459,7.703999996185303,53413
2022-04-29,7.815999984741211,7.815999984741211,8.272000312805176,7.736000061035156,7.935999870300293,25388
2022-05-02,8.319999694824219,8.319999694824219,8.5600004196167,7.679999828338623,7.920000076293945,60125
2022-05-03,8.479999542236328,8.479999542236328,8.5600004196167,8.15999984741211,8.319999694824219,50288
2022-05-04,8.880000114440918,8.880000114440918,8.960000038146973,8.239999771118164,8.640000343322754,39663
2022-05-05,8.640000343322754,8.640000343322754,8.880000114440918,8.479999542236328,8.880000114440918,33025
2022-05-06,8.5600004196167,8.5600004196167,8.720000267028809,8.319999694824219,8.479999542236328,38063
2022-05-09,7.760000228881836,7.760000228881836,8.479999542236328,7.696000099182129,8.399999618530273,80825
2022-05-10,7.840000152587891,7.840000152587891,8.13599967956543,7.199999809265137,7.872000217437744,62775
2022-05-11,7.015999794006348,7.015999794006348,7.840000152587891,6.960000038146973,7.599999904632568,51063
2022-05-12,7.119999885559082,7.119999885559082,7.51200008392334,6.383999824523926,6.800000190734863,73950
2022-05-13,7.920000076293945,7.920000076293945,8.0,7.28000020980835,7.320000171661377,46563
2022-05-16,8.15999984741211,8.15999984741211,8.5600004196167,7.679999828338623,7.920000076293945,38575
2022-05-17,8.399999618530273,8.399999618530273,8.5600004196167,8.0,8.0,54588
2022-05-18,8.079999923706055,8.079999923706055,8.479999542236328,8.0,8.239999771118164,46888
2022-05-19,8.079999923706055,8.079999923706055,8.319999694824219,7.840000152587891,7.840000152587891,33925
2022-05-20,7.696000099182129,7.696000099182129,8.079999923706055,7.535999774932861,8.0,35925
2022-05-23,7.679999828338623,7.679999828338623,8.0,7.368000030517578,7.760000228881836,58375
2022-05-24,6.808000087738037,6.808000087738037,7.679999828338623,6.4720001220703125,7.519999980926514,121775
2022-05-25,6.823999881744385,6.823999881744385,7.072000026702881,6.559999942779541,6.800000190734863,51438
2022-05-26,6.728000164031982,6.728000164031982,7.343999862670898,6.71999979019165,6.880000114440918,45188
2022-05-27,6.960000038146973,6.960000038146973,7.119999885559082,6.800000190734863,6.800000190734863,29025
2022-05-31,7.0960001945495605,7.0960001945495605,7.127999782562256,6.800000190734863,6.880000114440918,21850
2022-06-01,6.71999979019165,6.71999979019165,7.119999885559082,6.639999866485596,7.119999885559082,27613
2022-06-02,6.815999984741211,6.815999984741211,7.02400016784668,6.607999801635742,6.71999979019165,33550
2022-06-03,6.728000164031982,6.728000164031982,6.920000076293945,6.599999904632568,6.776000022888184,20863
2022-06-06,6.432000160217285,6.432000160217285,6.800000190734863,6.320000171661377,6.728000164031982,48538
2022-06-07,6.495999813079834,6.495999813079834,6.728000164031982,6.400000095367432,6.400000095367432,46975
2022-06-08,6.559999942779541,6.559999942779541,7.184000015258789,6.432000160217285,6.664000034332275,49525
2022-06-09,6.0879998207092285,6.0879998207092285,6.639999866485596,5.935999870300293,6.559999942779541,76538
2022-06-10,5.984000205993652,5.984000205993652,6.079999923706055,5.679999828338623,6.0,43363
2022-06-13,5.440000057220459,5.440000057220459,5.8480000495910645,5.375999927520752,5.736000061035156,52700
2022-06-14,5.328000068664551,5.328000068664551,5.815999984741211,5.208000183105469,5.447999954223633,34113
2022-06-15,5.343999862670898,5.343999862670898,5.440000057220459,5.184000015258789,5.199999809265137,35875
2022-06-16,5.296000003814697,5.296000003814697,5.432000160217285,5.199999809265137,5.400000095367432,38075
2022-06-17,5.51200008392334,5.51200008392334,5.599999904632568,5.296000003814697,5.296000003814697,21663
2022-06-21,5.360000133514404,5.360000133514404,5.599999904632568,5.360000133514404,5.51200008392334,28463
2022-06-22,5.447999954223633,5.447999954223633,5.599999904632568,5.28000020980835,5.360000133514404,19175
2022-06-23,5.599999904632568,5.599999904632568,5.696000099182129,5.415999889373779,5.440000057220459,19588
2022-06-24,5.9039998054504395,5.9039998054504395,5.97599983215332,5.71999979019165,5.760000228881836,28338
2022-06-27,6.320000171661377,6.320000171661377,6.544000148773193,5.760000228881836,5.840000152587891,43863
2022-06-28,5.863999843597412,5.863999843597412,6.464000225067139,5.696000099182129,6.400000095367432,41050
2022-06-29,5.5279998779296875,5.5279998779296875,5.840000152587891,5.519999980926514,5.760000228881836,16438
2022-06-30,5.440000057220459,5.440000057220459,5.760000228881836,5.199999809265137,5.679999828338623,78950
2022-07-01,5.400000095367432,5.400000095367432,5.599999904632568,5.223999977111816,5.440000057220459,14038
2022-07-05,5.23199987411499,5.23199987411499,5.360000133514404,5.119999885559082,5.360000133514404,20813
2022-07-06,5.119999885559082,5.119999885559082,5.559999942779541,5.119999885559082,5.440000057220459,29638
2022-07-07,5.360000133514404,5.360000133514404,5.504000186920166,5.127999782562256,5.311999797821045,27238
2022-07-08,5.48799991607666,5.48799991607666,5.599999904632568,5.360000133514404,5.423999786376953,25563
2022-07-11,5.679999828338623,5.679999828338623,6.111999988555908,5.440000057220459,5.679999828338623,26788
2022-07-12,5.831999778747559,5.831999778747559,6.360000133514404,5.5920000076293945,5.831999778747559,25850
2022-07-13,5.688000202178955,5.688000202178955,5.952000141143799,5.616000175476074,5.783999919891357,17588
2022-07-14,5.567999839782715,5.567999839782715,5.760000228881836,5.480000019073486,5.599999904632568,20300
2022-07-15,5.504000186920166,5.504000186920166,5.920000076293945,5.455999851226807,5.760000228881836,20113
2022-07-18,5.495999813079834,5.495999813079834,5.760000228881836,5.288000106811523,5.679999828338623,24725
2022-07-19,5.519999980926514,5.519999980926514,5.679999828338623,5.383999824523926,5.504000186920166,44350
2022-07-20,5.440000057220459,5.440000057220459,5.679999828338623,5.375999927520752,5.480000019073486,42013
2022-07-21,5.423999786376953,5.423999786376953,5.599999904632568,5.328000068664551,5.447999954223633,23850
2022-07-22,4.679999828338623,4.679999828338623,4.920000076293945,3.880000114440918,4.800000190734863,281925
2022-07-25,4.664000034332275,4.664000034332275,4.800000190734863,4.567999839782715,4.800000190734863,34613
2022-07-26,4.495999813079834,4.495999813079834,4.783999919891357,4.480000019073486,4.664000034332275,47838
2022-07-27,4.480000019073486,4.480000019073486,4.71999979019165,4.168000221252441,4.559999942779541,45638
2022-07-28,4.335999965667725,4.335999965667725,4.639999866485596,4.239999771118164,4.559999942779541,24225
2022-07-29,4.168000221252441,4.168000221252441,4.4079999923706055,4.159999847412109,4.239999771118164,59788
2022-08-01,4.3520002365112305,4.3520002365112305,4.400000095367432,4.28000020980835,4.400000095367432,23850
2022-08-02,4.447999954223633,4.447999954223633,4.703999996185303,4.400000095367432,4.544000148773193,34213
2022-08-03,4.696000099182129,4.696000099182129,4.71999979019165,4.440000057220459,4.639999866485596,44463
2022-08-04,5.159999847412109,5.159999847412109,5.184000015258789,4.696000099182129,4.71999979019165,46963
2022-08-05,5.248000144958496,5.248000144958496,5.440000057220459,5.119999885559082,5.159999847412109,24138
2022-08-08,5.296000003814697,5.296000003814697,5.440000057220459,5.119999885559082,5.119999885559082,33675
2022-08-09,5.28000020980835,5.28000020980835,5.519999980926514,5.119999885559082,5.519999980926514,29063
2022-08-10,5.311999797821045,5.311999797821045,5.519999980926514,5.1519999504089355,5.519999980926514,25788
2022-08-11,5.5920000076293945,5.5920000076293945,5.5920000076293945,5.28000020980835,5.447999954223633,122400
2022-08-12,6.0,6.0,6.400000095367432,5.800000190734863,6.248000144958496,217250
2022-08-15,6.159999847412109,6.159999847412109,6.239999771118164,5.880000114440918,6.079999923706055,102425
2022-08-16,6.159999847412109,6.159999847412109,6.320000171661377,6.0,6.199999809265137,51625
2022-08-17,5.863999843597412,5.863999843597412,6.079999923706055,5.760000228881836,6.015999794006348,47250
2022-08-18,5.711999893188477,5.711999893188477,6.0,5.5279998779296875,6.0,27938
2022-08-19,5.559999942779541,5.559999942779541,5.840000152587891,5.375999927520752,5.679999828338623,38075
2022-08-22,5.303999900817871,5.303999900817871,5.584000110626221,5.199999809265137,5.535999774932861,34863
2022-08-23,5.28000020980835,5.28000020980835,5.504000186920166,5.199999809265137,5.28000020980835,27675
2022-08-24,5.383999824523926,5.383999824523926,5.504000186920166,5.239999771118164,5.28000020980835,14050
2022-08-25,5.464000225067139,5.464000225067139,5.679999828338623,5.28000020980835,5.599999904632568,35163
2022-08-26,5.039999961853027,5.039999961853027,5.464000225067139,4.776000022888184,5.28000020980835,84000
2022-08-29,5.039999961853027,5.039999961853027,5.199999809265137,4.831999778747559,5.0320000648498535,10325
2022-08-30,5.047999858856201,5.047999858856201,5.184000015258789,5.015999794006348,5.047999858856201,20550
2022-08-31,5.223999977111816,5.223999977111816,5.28000020980835,5.127999782562256,5.159999847412109,26563
2022-09-01,5.127999782562256,5.127999782562256,5.239999771118164,5.039999961853027,5.239999771118164,23363
2022-09-02,5.28000020980835,5.28000020980835,5.28000020980835,5.072000026702881,5.199999809265137,10500
2022-09-06,5.23199987411499,5.23199987411499,5.360000133514404,5.039999961853027,5.039999961853027,18900
2022-09-07,5.199999809265137,5.199999809265137,5.3520002365112305,5.119999885559082,5.199999809265137,13738
2022-09-08,5.0960001945495605,5.0960001945495605,5.303999900817871,5.047999858856201,5.199999809265137,15538
2022-09-09,5.360000133514404,5.360000133514404,5.423999786376953,5.111999988555908,5.119999885559082,24063
2022-09-12,5.199999809265137,5.199999809265137,5.392000198364258,5.159999847412109,5.199999809265137,18025
2022-09-13,5.199999809265137,5.199999809265137,5.368000030517578,5.119999885559082,5.119999885559082,20588
2022-09-14,5.1519999504089355,5.1519999504089355,5.360000133514404,5.0960001945495605,5.176000118255615,35650
2022-09-15,5.159999847412109,5.159999847412109,5.360000133514404,5.136000156402588,5.1519999504089355,22388
2022-09-16,4.984000205993652,4.984000205993652,5.248000144958496,4.984000205993652,5.159999847412109,45525
2022-09-19,4.920000076293945,4.920000076293945,5.136000156402588,4.920000076293945,5.119999885559082,11913
2022-09-20,4.800000190734863,4.800000190734863,5.039999961853027,4.800000190734863,4.960000038146973,42050
2022-09-21,4.728000164031982,4.728000164031982,4.97599983215332,4.728000164031982,4.800000190734863,19800
2022-09-22,4.736000061035156,4.736000061035156,4.863999843597412,4.440000057220459,4.728000164031982,43475
2022-09-23,4.760000228881836,4.760000228881836,4.880000114440918,4.48799991607666,4.5920000076293945,45325
2022-09-26,4.639999866485596,4.639999866485596,4.992000102996826,4.639999866485596,4.880000114440918,25638
2022-09-27,4.599999904632568,4.599999904632568,4.9039998054504395,4.504000186920166,4.504000186920166,21125
2022-09-28,4.679999828338623,4.679999828338623,4.800000190734863,4.559999942779541,4.800000190734863,10750
2022-09-29,4.760000228881836,4.760000228881836,4.800000190734863,4.671999931335449,4.71999979019165,40575
2022-09-30,4.960000038146973,4.960000038146973,5.0320000648498535,4.776000022888184,4.800000190734863,38988
2022-10-03,4.952000141143799,4.952000141143799,4.9679999351501465,4.815999984741211,4.960000038146973,26938
2022-10-04,5.039999961853027,5.039999961853027,5.119999885559082,4.952000141143799,4.952000141143799,23275
2022-10-05,5.119999885559082,5.119999885559082,5.23199987411499,4.960000038146973,5.039999961853027,19525
2022-10-06,5.119999885559082,5.119999885559082,5.239999771118164,4.984000205993652,5.119999885559082,18550
2022-10-07,5.039999961853027,5.039999961853027,5.199999809265137,4.927999973297119,5.184000015258789,14475
2022-10-10,4.559999942779541,4.559999942779541,5.039999961853027,4.559999942779541,5.039999961853027,31975
2022-10-11,4.480000019073486,4.480000019073486,4.559999942779541,4.480000019073486,4.519999980926514,35988
2022-10-12,4.400000095367432,4.400000095367432,4.480000019073486,4.239999771118164,4.480000019073486,19400
2022-10-13,4.1519999504089355,4.1519999504089355,4.263999938964844,4.136000156402588,4.263999938964844,39550
2022-10-14,4.0,4.0,4.639999866485596,3.944000005722046,4.559999942779541,62100
2022-10-17,4.184000015258789,4.184000015258789,4.400000095367432,4.0,4.0,31050
2022-10-18,4.191999912261963,4.191999912261963,4.383999824523926,4.015999794006348,4.239999771118164,17850
2022-10-19,4.159999847412109,4.159999847412109,4.239999771118164,4.047999858856201,4.047999858856201,10075
2022-10-20,4.072000026702881,4.072000026702881,4.400000095367432,4.015999794006348,4.191999912261963,13000
2022-10-21,3.9760000705718994,3.9760000705718994,4.159999847412109,3.944000005722046,4.039999961853027,20200
2022-10-24,3.680000066757202,3.680000066757202,4.191999912261963,3.631999969482422,4.191999912261963,42088
2022-10-25,3.9200000762939453,3.9200000762939453,4.079999923706055,3.759999990463257,3.759999990463257,15450
2022-10-26,3.936000108718872,3.936000108718872,4.064000129699707,3.9119999408721924,4.039999961853027,22863
2022-10-27,4.0960001945495605,4.0960001945495605,4.111999988555908,3.9200000762939453,3.9200000762939453,13025
2022-10-28,4.191999912261963,4.191999912261963,4.4079999923706055,4.0,4.0,28488
2022-10-31,4.239999771118164,4.239999771118164,4.320000171661377,4.0960001945495605,4.320000171661377,14950
2022-11-01,4.079999923706055,4.079999923706055,4.320000171661377,4.079999923706055,4.239999771118164,31063
2022-11-02,4.007999897003174,4.007999897003174,4.3520002365112305,3.9600000381469727,4.047999858856201,38013
2022-11-03,4.047999858856201,4.047999858856201,4.144000053405762,3.9200000762939453,4.079999923706055,20200
2022-11-04,3.880000114440918,3.880000114440918,4.079999923706055,3.7679998874664307,4.079999923706055,28438
2022-11-07,3.8959999084472656,3.8959999084472656,4.072000026702881,3.8399999141693115,3.8399999141693115,29113
2022-11-08,3.9760000705718994,3.9760000705718994,4.056000232696533,3.8959999084472656,3.9200000762939453,16225
2022-11-09,3.680000066757202,3.680000066757202,4.0,3.680000066757202,4.0,46600
2022-11-10,3.447999954223633,3.447999954223633,3.759999990463257,3.3359999656677246,3.6480000019073486,84138
2022-11-11,3.864000082015991,3.864000082015991,3.9200000762939453,3.4240000247955322,3.440000057220459,61038
2022-11-14,3.927999973297119,3.927999973297119,4.0,3.759999990463257,3.992000102996826,13425
2022-11-15,3.9600000381469727,3.9600000381469727,3.992000102996826,3.8399999141693115,3.9200000762939453,11700
2022-11-16,3.7200000286102295,3.7200000286102295,3.9600000381469727,3.5199999809265137,3.9600000381469727,38088
2022-11-17,3.431999921798706,3.431999921798706,3.680000066757202,3.3919999599456787,3.680000066757202,44300
2022-11-18,3.359999895095825,3.359999895095825,3.5199999809265137,3.2880001068115234,3.5199999809265137,17250
2022-11-21,3.3359999656677246,3.3359999656677246,3.4719998836517334,3.3359999656677246,3.368000030517578,21213
2022-11-22,3.2960000038146973,3.2960000038146973,3.440000057220459,3.2799999713897705,3.359999895095825,34413
2022-11-23,3.359999895095825,3.359999895095825,3.440000057220459,3.2799999713897705,3.440000057220459,18388
2022-11-25,3.4240000247955322,3.4240000247955322,3.431999921798706,3.2799999713897705,3.359999895095825,31650
2022-11-28,3.25600004196167,3.25600004196167,3.440000057220459,3.240000009536743,3.440000057220459,28563
2022-11-29,3.2639999389648438,3.2639999389648438,3.440000057220459,3.2320001125335693,3.319999933242798,28763
2022-11-30,3.240000009536743,3.240000009536743,3.359999895095825,3.2160000801086426,3.359999895095825,31138
2022-12-01,3.119999885559082,3.119999885559082,3.2960000038146973,3.0480000972747803,3.200000047683716,53950
2022-12-02,3.128000020980835,3.128000020980835,3.319999933242798,2.944000005722046,3.119999885559082,170225
2022-12-05,2.871999979019165,2.871999979019165,3.25600004196167,2.808000087738037,3.200000047683716,91375
2022-12-06,2.496000051498413,2.496000051498413,2.9760000705718994,2.319999933242798,2.880000114440918,126025
2022-12-07,2.4719998836517334,2.4719998836517334,2.752000093460083,2.4159998893737793,2.559999942779541,81300
2022-12-08,2.624000072479248,2.624000072479248,2.7760000228881836,2.51200008392334,2.51200008392334,29400
2022-12-09,2.640000104904175,2.640000104904175,2.7200000286102295,2.5920000076293945,2.624000072479248,38988
2022-12-12,2.696000099182129,2.696000099182129,2.7200000286102295,2.5759999752044678,2.7200000286102295,22763
2022-12-13,2.6480000019073486,2.6480000019073486,2.7760000228881836,2.624000072479248,2.7760000228881836,30475
2022-12-14,2.5999999046325684,2.5999999046325684,2.7200000286102295,2.4800000190734863,2.640000104904175,19488
2022-12-15,2.568000078201294,2.568000078201294,2.640000104904175,2.5280001163482666,2.559999942779541,22363
2022-12-16,2.5840001106262207,2.5840001106262207,2.640000104904175,2.51200008392334,2.552000045776367,26063
2022-12-19,2.4800000190734863,2.4800000190734863,2.7200000286102295,2.4800000190734863,2.5840001106262207,31825
2022-12-20,2.440000057220459,2.440000057220459,2.5999999046325684,2.440000057220459,2.4639999866485596,34288
2022-12-21,2.48799991607666,2.48799991607666,2.5759999752044678,2.440000057220459,2.5759999752044678,33663
2022-12-22,2.5840001106262207,2.5840001106262207,2.640000104904175,2.4000000953674316,2.440000057220459,32363
2022-12-23,2.4159998893737793,2.4159998893737793,2.5999999046325684,2.3440001010894775,2.559999942779541,31938
2022-12-27,2.240000009536743,2.240000009536743,2.5199999809265137,2.2160000801086426,2.51200008392334,76400
2022-12-28,2.312000036239624,2.312000036239624,2.319999933242798,2.0799999237060547,2.240000009536743,91213
2022-12-29,2.552000045776367,2.552000045776367,2.552000045776367,2.240000009536743,2.240000009536743,57813
2022-12-30,2.48799991607666,2.48799991607666,2.624000072479248,2.2160000801086426,2.25600004196167,95838
2023-01-03,2.4800000190734863,2.4800000190734863,2.5840001106262207,2.4240000247955322,2.4719998836517334,37000
2023-01-04,2.615999937057495,2.615999937057495,2.640000104904175,2.4240000247955322,2.4800000190734863,38638
2023-01-05,2.5999999046325684,2.5999999046325684,2.7200000286102295,2.5199999809265137,2.559999942779541,44075
2023-01-06,2.5999999046325684,2.5999999046325684,2.6640000343322754,2.5199999809265137,2.559999942779541,29875
2023-01-09,2.7200000286102295,2.7200000286102295,2.864000082015991,2.6080000400543213,2.6080000400543213,51775
2023-01-10,3.0399999618530273,3.0399999618530273,3.072000026702881,2.7200000286102295,2.7200000286102295,51563
2023-01-11,2.559999942779541,2.559999942779541,3.111999988555908,2.1600000858306885,3.007999897003174,427313
2023-01-12,2.7839999198913574,2.7839999198913574,2.7839999198913574,2.5999999046325684,2.640000104904175,73888
2023-01-13,2.944000005722046,2.944000005722046,2.992000102996826,2.640000104904175,2.7839999198913574,74225
2023-01-17,3.0480000972747803,3.0480000972747803,3.0880000591278076,2.9600000381469727,2.9600000381469727,57475
2023-01-18,2.8959999084472656,2.8959999084472656,3.1040000915527344,2.888000011444092,3.0399999618530273,24763
2023-01-19,2.7039999961853027,2.7039999961853027,2.880000114440918,2.615999937057495,2.8399999141693115,39400
2023-01-20,2.799999952316284,2.799999952316284,2.864000082015991,2.7200000286102295,2.7200000286102295,30313
2023-01-23,2.992000102996826,2.992000102996826,3.0239999294281006,2.799999952316284,2.8399999141693115,48325
2023-01-24,2.9839999675750732,2.9839999675750732,3.0399999618530273,2.944000005722046,3.0239999294281006,25088
2023-01-25,3.0239999294281006,3.0239999294281006,3.0399999618530273,2.880000114440918,2.9600000381469727,26413
2023-01-26,2.9519999027252197,2.9519999027252197,3.0399999618530273,2.927999973297119,2.9600000381469727,20888
2023-01-27,3.0320000648498535,3.0320000648498535,3.0799999237060547,2.8399999141693115,2.9600000381469727,55300
2023-01-30,3.303999900817871,3.303999900817871,3.51200008392334,3.0320000648498535,3.063999891281128,254275
2023-01-31,3.696000099182129,3.696000099182129,4.079999923706055,3.312000036239624,3.5439999103546143,371625
2023-02-01,3.5840001106262207,3.5840001106262207,3.8399999141693115,3.559999942779541,3.808000087738037,125425
2023-02-02,3.680000066757202,3.680000066757202,3.880000114440918,3.6080000400543213,3.6640000343322754,86963
2023-02-03,3.680000066757202,3.680000066757202,3.759999990463257,3.6080000400543213,3.7200000286102295,42738
2023-02-06,3.503999948501587,3.503999948501587,3.680000066757202,3.431999921798706,3.680000066757202,49350
2023-02-07,3.375999927520752,3.375999927520752,3.5280001163482666,3.2880001068115234,3.5199999809265137,57200
2023-02-08,3.4560000896453857,3.4560000896453857,3.5759999752044678,3.4240000247955322,3.4240000247955322,27875
2023-02-09,3.119999885559082,3.119999885559082,3.5199999809265137,3.0799999237060547,3.503999948501587,88188
2023-02-10,3.2320001125335693,3.2320001125335693,3.2799999713897705,3.119999885559082,3.2799999713897705,50288
2023-02-13,3.200000047683716,3.200000047683716,3.359999895095825,3.200000047683716,3.240000009536743,28613
2023-02-14,4.464000225067139,4.464000225067139,4.711999893188477,3.119999885559082,3.200000047683716,2125063
2023-02-15,5.239999771118164,5.239999771118164,5.335999965667725,3.888000011444092,3.9760000705718994,741375
2023-02-16,5.711999893188477,5.711999893188477,6.064000129699707,4.831999778747559,4.960000038146973,453313
2023-02-17,5.440000057220459,5.440000057220459,5.840000152587891,4.960000038146973,5.760000228881836,379600
2023-02-21,5.28000020980835,5.28000020980835,5.599999904632568,5.064000129699707,5.440000057220459,152863
2023-02-22,4.559999942779541,4.559999942779541,5.199999809265137,4.400000095367432,5.119999885559082,168263
2023-02-23,4.760000228881836,4.760000228881836,4.800000190734863,4.480000019073486,4.480000019073486,86513
2023-02-24,4.9679999351501465,4.9679999351501465,5.25600004196167,4.71999979019165,4.71999979019165,89825
2023-02-27,4.74399995803833,4.74399995803833,5.136000156402588,4.519999980926514,5.039999961853027,120513
2023-02-28,4.800000190734863,4.800000190734863,4.800000190734863,4.480000019073486,4.688000202178955,77300
2023-03-01,4.423999786376953,4.423999786376953,4.76800012588501,4.415999889373779,4.71999979019165,59388
2023-03-02,4.199999809265137,4.199999809265137,4.400000095367432,4.079999923706055,4.400000095367432,44138
2023-03-03,4.432000160217285,4.432000160217285,4.495999813079834,4.127999782562256,4.127999782562256,49663
2023-03-06,4.375999927520752,4.375999927520752,4.400000095367432,4.0960001945495605,4.400000095367432,51163
2023-03-07,4.335999965667725,4.335999965667725,4.639999866485596,4.239999771118164,4.375999927520752,67000
2023-03-08,4.480000019073486,4.480000019073486,4.480000019073486,4.159999847412109,4.320000171661377,54113
2023-03-09,4.328000068664551,4.328000068664551,4.519999980926514,4.239999771118164,4.400000095367432,34450
2023-03-10,3.927999973297119,3.927999973297119,4.400000095367432,3.5999999046325684,4.400000095367432,134625
2023-03-13,3.799999952316284,3.799999952316284,3.9200000762939453,3.359999895095825,3.680000066757202,122988
2023-03-14,4.039999961853027,4.039999961853027,4.159999847412109,3.759999990463257,3.8320000171661377,52475
2023-03-15,4.159999847412109,4.159999847412109,4.360000133514404,3.8480000495910645,4.0,82125
2023-03-16,3.5199999809265137,3.5199999809265137,4.0,3.447999954223633,3.799999952316284,146550
2023-03-17,3.5439999103546143,3.5439999103546143,4.0,3.440000057220459,3.8399999141693115,72913
2023-03-20,3.1040000915527344,3.1040000915527344,3.5199999809265137,3.072000026702881,3.5199999809265137,111625
2023-03-21,3.303999900817871,3.303999900817871,3.4240000247955322,3.200000047683716,3.2799999713897705,33150
2023-03-22,3.119999885559082,3.119999885559082,3.4159998893737793,3.0799999237060547,3.200000047683716,95125
2023-03-23,3.111999988555908,3.111999988555908,3.200000047683716,2.9200000762939453,3.1519999504089355,68350
2023-03-24,3.0399999618530273,3.0399999618530273,3.1760001182556152,3.0239999294281006,3.0959999561309814,35025
2023-03-27,2.9679999351501465,2.9679999351501465,3.0799999237060547,2.8959999084472656,3.0399999618530273,44138
2023-03-28,2.9600000381469727,2.9600000381469727,3.0239999294281006,2.815999984741211,2.992000102996826,55988
2023-03-29,2.880000114440918,2.880000114440918,2.9600000381469727,2.864000082015991,2.880000114440918,30050
2023-03-30,3.0320000648498535,3.0320000648498535,3.0799999237060547,2.880000114440918,2.880000114440918,72325
2023-03-31,3.063999891281128,3.063999891281128,3.2799999713897705,2.9760000705718994,2.9760000705718994,87675
2023-04-03,3.2799999713897705,3.2799999713897705,3.431999921798706,3.0160000324249268,3.0160000324249268,55075
2023-04-04,3.135999917984009,3.135999917984009,3.2960000038146973,3.0799999237060547,3.200000047683716,47563
2023-04-05,3.0399999618530273,3.0399999618530273,3.2960000038146973,3.0160000324249268,3.135999917984009,38888
2023-04-06,3.055999994277954,3.055999994277954,3.200000047683716,2.9200000762939453,3.200000047683716,43138
2023-04-10,3.1040000915527344,3.1040000915527344,3.119999885559082,2.9200000762939453,2.9839999675750732,44113
2023-04-11,3.0880000591278076,3.0880000591278076,3.200000047683716,3.0480000972747803,3.1040000915527344,44888
2023-04-12,3.0799999237060547,3.0799999237060547,3.200000047683716,2.9600000381469727,3.0399999618530273,44800
2023-04-13,3.1760001182556152,3.1760001182556152,3.3440001010894775,3.0399999618530273,3.0799999237060547,99513
2023-04-14,3.007999897003174,3.007999897003174,3.2799999713897705,3.007999897003174,3.119999885559082,58850
2023-04-17,3.0399999618530273,3.0399999618530273,3.1600000858306885,3.007999897003174,3.0399999618530273,38738
2023-04-18,3.128000020980835,3.128000020980835,3.247999906539917,3.007999897003174,3.0160000324249268,49713
2023-04-19,2.9839999675750732,2.9839999675750732,3.1760001182556152,2.9839999675750732,3.055999994277954,52225
2023-04-20,2.9600000381469727,2.9600000381469727,3.0399999618530273,2.9600000381469727,3.0239999294281006,26663
2023-04-21,2.8239998817443848,2.8239998817443848,3.0399999618530273,2.808000087738037,2.8959999084472656,31875
2023-04-24,2.815999984741211,2.815999984741211,2.9600000381469727,2.7200000286102295,2.799999952316284,54188
2023-04-25,2.680000066757202,2.680000066757202,2.880000114440918,2.4000000953674316,2.7920000553131104,74800
2023-04-26,2.640000104904175,2.640000104904175,2.759999990463257,2.640000104904175,2.6640000343322754,19213
2023-04-27,2.640000104904175,2.640000104904175,2.7119998931884766,2.4800000190734863,2.640000104904175,45700
2023-04-28,2.808000087738037,2.808000087738037,2.880000114440918,2.680000066757202,2.7360000610351562,25150
2023-05-01,2.759999990463257,2.759999990463257,3.0399999618530273,2.6559998989105225,2.7200000286102295,31025
2023-05-02,2.7200000286102295,2.7200000286102295,2.799999952316284,2.7200000286102295,2.759999990463257,32488
2023-05-03,2.7200000286102295,2.7200000286102295,2.799999952316284,2.7200000286102295,2.7360000610351562,28525
2023-05-04,2.671999931335449,2.671999931335449,2.7920000553131104,2.6640000343322754,2.7200000286102295,36725
2023-05-05,2.7360000610351562,2.7360000610351562,2.799999952316284,2.640000104904175,2.640000104904175,34725
2023-05-08,2.815999984741211,2.815999984741211,2.864000082015991,2.7200000286102295,2.7200000286102295,24925
2023-05-09,2.927999973297119,2.927999973297119,2.9600000381469727,2.8399999141693115,2.9600000381469727,19338
2023-05-10,3.0480000972747803,3.0480000972747803,3.0880000591278076,2.752000093460083,2.9600000381469727,107325
2023-05-11,2.687999963760376,2.687999963760376,3.0,2.671999931335449,2.9040000438690186,63038
2023-05-12,2.4560000896453857,2.4560000896453857,2.759999990463257,2.4000000953674316,2.759999990463257,76663
2023-05-15,2.496000051498413,2.496000051498413,2.7679998874664307,2.440000057220459,2.5199999809265137,27213
2023-05-16,2.5199999809265137,2.5199999809265137,2.687999963760376,2.496000051498413,2.631999969482422,42938
2023-05-17,2.496000051498413,2.496000051498413,2.640000104904175,2.440000057220459,2.559999942779541,64900
2023-05-18,2.4560000896453857,2.4560000896453857,2.5999999046325684,2.4560000896453857,2.503999948501587,31988
2023-05-19,2.431999921798706,2.431999921798706,2.51200008392334,2.4000000953674316,2.4800000190734863,36813
2023-05-22,2.375999927520752,2.375999927520752,2.431999921798706,2.328000068664551,2.4240000247955322,73788
2023-05-23,2.3359999656677246,2.3359999656677246,2.440000057220459,2.328000068664551,2.384000062942505,30738
2023-05-24,2.2079999446868896,2.2079999446868896,2.4000000953674316,2.1600000858306885,2.4000000953674316,39250
2023-05-25,2.063999891281128,2.063999891281128,2.2639999389648438,2.0239999294281006,2.2079999446868896,56050
2023-05-26,2.240000009536743,2.240000009536743,2.25600004196167,2.0160000324249268,2.0160000324249268,32775
2023-05-30,2.1519999504089355,2.1519999504089355,2.2720000743865967,2.119999885559082,2.1760001182556152,40363
2023-05-31,2.247999906539917,2.247999906539917,2.2880001068115234,2.128000020980835,2.2239999771118164,36963
2023-06-01,2.319999933242798,2.319999933242798,2.359999895095825,2.200000047683716,2.2720000743865967,39988
2023-06-02,2.440000057220459,2.440000057220459,2.5999999046325684,2.319999933242798,2.319999933242798,58500
2023-06-05,2.4240000247955322,2.4240000247955322,2.559999942779541,2.4000000953674316,2.4639999866485596,26050
2023-06-06,2.4800000190734863,2.4800000190734863,2.4800000190734863,2.359999895095825,2.431999921798706,27138
2023-06-07,2.4000000953674316,2.4000000953674316,2.4800000190734863,2.3919999599456787,2.4719998836517334,42163
2023-06-08,2.4000000953674316,2.4000000953674316,2.4719998836517334,2.4000000953674316,2.4719998836517334,17400
2023-06-09,2.4800000190734863,2.4800000190734863,2.7039999961853027,2.4079999923706055,2.4079999923706055,70113
2023-06-12,2.7839999198913574,2.7839999198913574,2.7920000553131104,2.4240000247955322,2.4800000190734863,60300
2023-06-13,2.687999963760376,2.687999963760376,2.864000082015991,2.6480000019073486,2.759999990463257,66200
2023-06-14,2.4639999866485596,2.4639999866485596,2.7200000286102295,2.4000000953674316,2.440000057220459,167700
2023-06-15,2.2200000286102295,2.2200000286102295,2.674999952316284,2.119999885559082,2.4000000953674316,305100
2023-06-16,2.2799999713897705,2.2799999713897705,2.380000114440918,2.2100000381469727,2.259999990463257,89000
2023-06-20,2.0799999237060547,2.0799999237060547,2.2739999294281006,2.0799999237060547,2.2200000286102295,70700
2023-06-21,1.899999976158142,1.899999976158142,2.240000009536743,1.899999976158142,2.0799999237060547,119300
2023-06-22,2.0,2.0,2.0,1.899999976158142,1.909999966621399,61500
2023-06-23,2.009999990463257,2.009999990463257,2.0799999237060547,1.9299999475479126,1.9600000381469727,95900
2023-06-26,2.0199999809265137,2.0199999809265137,2.0899999141693115,2.0,2.0299999713897705,42700
2023-06-27,2.200000047683716,2.200000047683716,2.2200000286102295,1.9839999675750732,2.009999990463257,77200
2023-06-28,2.180000066757202,2.180000066757202,2.2300000190734863,2.0999999046325684,2.180000066757202,34900
2023-06-29,2.1700000762939453,2.1700000762939453,2.190000057220459,2.119999885559082,2.1700000762939453,24200
2023-06-30,2.2200000286102295,2.2200000286102295,2.240000009536743,2.109999895095825,2.180000066757202,26900
2023-07-03,2.2799999713897705,2.2799999713897705,2.2799999713897705,2.2049999237060547,2.2100000381469727,29100
2023-07-05,2.309999942779541,2.309999942779541,2.309999942779541,2.255000114440918,2.299999952316284,15200
2023-07-06,2.2899999618530273,2.2899999618530273,2.299999952316284,2.2330000400543213,2.2799999713897705,20500
2023-07-07,2.319999933242798,2.319999933242798,2.319999933242798,2.25,2.259999990463257,27000
2023-07-10,2.359999895095825,2.359999895095825,2.390000104904175,2.2799999713897705,2.309999942779541,19700
2023-07-11,2.4800000190734863,2.4800000190734863,2.4800000190734863,2.359999895095825,2.380000114440918,37700
2023-07-12,2.5399999618530273,2.5399999618530273,2.6470000743865967,2.4700000286102295,2.4700000286102295,47200
2023-07-13,2.5,2.5,2.619999885559082,2.450000047683716,2.5,58800
2023-07-14,2.450000047683716,2.450000047683716,2.549999952316284,2.430000066757202,2.5,33800
2023-07-17,2.380000114440918,2.380000114440918,2.5399999618530273,2.380000114440918,2.5399999618530273,37300
2023-07-18,2.450000047683716,2.450000047683716,2.490000009536743,2.390000104904175,2.390000104904175,23000
2023-07-19,2.430000066757202,2.430000066757202,2.4800000190734863,2.380000114440918,2.450000047683716,21500
2023-07-20,2.309999942779541,2.309999942779541,2.4200000762939453,2.25,2.4000000953674316,41200
2023-07-21,2.259999990463257,2.259999990463257,2.3499999046325684,2.259999990463257,2.319999933242798,15800
2023-07-24,2.200000047683716,2.200000047683716,2.2739999294281006,2.1500000953674316,2.25,24300
2023-07-25,2.2200000286102295,2.2200000286102295,2.299999952316284,2.200000047683716,2.200000047683716,22300
2023-07-26,2.25,2.25,2.2699999809265137,2.2100000381469727,2.2300000190734863,12900
2023-07-27,2.2200000286102295,2.2200000286102295,2.3399999141693115,2.184999942779541,2.299999952316284,34600
2023-07-28,2.2699999809265137,2.2699999809265137,2.3299999237060547,2.1600000858306885,2.1600000858306885,26600
2023-07-31,2.3499999046325684,2.3499999046325684,2.4000000953674316,2.259999990463257,2.259999990463257,26500
2023-08-01,2.2899999618530273,2.2899999618530273,2.3499999046325684,2.2699999809265137,2.319999933242798,21400
2023-08-02,2.2699999809265137,2.2699999809265137,2.3399999141693115,2.25,2.299999952316284,13800
2023-08-03,2.2799999713897705,2.2799999713897705,2.319999933242798,2.25,2.2699999809265137,18400
2023-08-04,2.2799999713897705,2.2799999713897705,2.3399999141693115,2.250999927520752,2.2899999618530273,22800
2023-08-07,2.25,2.25,2.2960000038146973,2.200000047683716,2.259999990463257,20400
2023-08-08,2.2699999809265137,2.2699999809265137,2.309999942779541,2.200000047683716,2.259999990463257,23600
2023-08-09,2.240000009536743,2.240000009536743,2.299999952316284,2.190000057220459,2.2750000953674316,49000
2023-08-10,2.180000066757202,2.180000066757202,2.2170000076293945,2.130000114440918,2.180000066757202,37300
2023-08-11,2.2200000286102295,2.2200000286102295,2.2300000190734863,2.109999895095825,2.1500000953674316,22500
2023-08-14,2.25,2.25,2.259999990463257,2.1730000972747803,2.25,24800
2023-08-15,2.1700000762939453,2.1700000762939453,2.25,2.134999990463257,2.25,37500
2023-08-16,2.049999952316284,2.049999952316284,2.180000066757202,1.9199999570846558,2.180000066757202,84900
2023-08-17,1.940000057220459,1.940000057220459,2.119999885559082,1.909999966621399,2.109999895095825,45800
2023-08-18,1.8600000143051147,1.8600000143051147,1.968999981880188,1.8200000524520874,1.9199999570846558,62400
2023-08-21,1.8600000143051147,1.8600000143051147,1.940000057220459,1.8300000429153442,1.8300000429153442,31900
2023-08-22,1.909999966621399,1.909999966621399,1.9900000095367432,1.850000023841858,1.9500000476837158,53200
2023-08-23,1.8700000047683716,1.8700000047683716,1.9500000476837158,1.850000023841858,1.899999976158142,53600
2023-08-24,1.9900000095367432,1.9900000095367432,1.9900000095367432,1.9019999504089355,1.9199999570846558,111000
2023-08-25,1.9900000095367432,1.9900000095367432,1.9900000095367432,1.8899999856948853,1.9900000095367432,38100
2023-08-28,1.909999966621399,1.909999966621399,1.9299999475479126,1.899999976158142,1.9299999475479126,47300
2023-08-29,2.0199999809265137,2.0199999809265137,2.0199999809265137,1.899999976158142,1.9299999475479126,14200
2023-08-30,2.309999942779541,2.309999942779541,2.4200000762939453,1.9900000095367432,2.0199999809265137,105600
2023-08-31,2.3299999237060547,2.3299999237060547,2.359999895095825,2.253000020980835,2.3399999141693115,50600
2023-09-01,2.0899999141693115,2.0899999141693115,2.3550000190734863,2.049999952316284,2.3499999046325684,109300
2023-09-05,2.059999942779541,2.059999942779541,2.109999895095825,2.0399999618530273,2.0399999618530273,14400
2023-09-06,1.9900000095367432,1.9900000095367432,2.0999999046325684,1.9900000095367432,2.0299999713897705,12200
2023-09-07,1.9199999570846558,1.9199999570846558,2.0399999618530273,1.8799999952316284,2.0399999618530273,35100
2023-09-08,1.9700000286102295,1.9700000286102295,2.059999942779541,1.8899999856948853,1.8899999856948853,32600
2023-09-11,2.0999999046325684,2.0999999046325684,2.0999999046325684,2.009999990463257,2.049999952316284,21300
2023-09-12,2.059999942779541,2.059999942779541,2.0999999046325684,2.0299999713897705,2.0899999141693115,9900
2023-09-13,2.109999895095825,2.109999895095825,2.194999933242798,2.0350000858306885,2.0999999046325684,14700
2023-09-14,2.2200000286102295,2.2200000286102295,2.299999952316284,2.0999999046325684,2.180000066757202,78400
2023-09-15,2.259999990463257,2.259999990463257,2.319999933242798,2.000999927520752,2.2200000286102295,85100
2023-09-18,2.049999952316284,2.049999952316284,2.2100000381469727,2.0480000972747803,2.190000057220459,19500
2023-09-19,2.059999942779541,2.059999942779541,2.119999885559082,2.0429999828338623,2.049999952316284,11700
2023-09-20,2.130000114440918,2.130000114440918,2.200000047683716,2.059999942779541,2.059999942779541,32200
2023-09-21,2.140000104904175,2.140000104904175,2.1649999618530273,2.059999942779541,2.130000114440918,12900
2023-09-22,2.0899999141693115,2.0899999141693115,2.140000104904175,2.059999942779541,2.140000104904175,23600
2023-09-25,2.0799999237060547,2.0799999237060547,2.130000114440918,2.0799999237060547,2.109999895095825,8800
2023-09-26,1.8799999952316284,1.8799999952316284,2.0999999046325684,1.8799999952316284,2.0999999046325684,36100
2023-09-27,1.9500000476837158,1.9500000476837158,2.0199999809265137,1.8799999952316284,1.940000057220459,19400
2023-09-28,1.9500000476837158,1.9500000476837158,2.009999990463257,1.9329999685287476,1.9800000190734863,6700
2023-09-29,1.909999966621399,1.909999966621399,1.9880000352859497,1.909999966621399,1.9500000476837158,9600
2023-10-02,1.9299999475479126,1.9299999475479126,1.9830000400543213,1.8949999809265137,1.909999966621399,19700
2023-10-03,1.8300000429153442,1.8300000429153442,1.9520000219345093,1.8200000524520874,1.8899999856948853,23100
2023-10-04,1.8899999856948853,1.8899999856948853,1.909999966621399,1.809999942779541,1.8300000429153442,26800
2023-10-05,1.8200000524520874,1.8200000524520874,1.940000057220459,1.8170000314712524,1.8899999856948853,24800
2023-10-06,1.8600000143051147,1.8600000143051147,1.9700000286102295,1.8300000429153442,1.8300000429153442,11800
2023-10-09,1.8300000429153442,1.8300000429153442,1.9199999570846558,1.8300000429153442,1.9199999570846558,17800
2023-10-10,1.8300000429153442,1.8300000429153442,1.8700000047683716,1.8200000524520874,1.8700000047683716,16800
2023-10-11,1.809999942779541,1.809999942779541,1.8600000143051147,1.7599999904632568,1.8300000429153442,26600
2023-10-12,1.8200000524520874,1.8200000524520874,1.8200000524520874,1.7699999809265137,1.7999999523162842,23400
2023-10-13,1.7599999904632568,1.7599999904632568,1.7899999618530273,1.7599999904632568,1.7599999904632568,24100
2023-10-16,1.7599999904632568,1.7599999904632568,1.7960000038146973,1.75,1.7899999618530273,20900
2023-10-17,1.8300000429153442,1.8300000429153442,1.940000057220459,1.75,1.7799999713897705,55100
2023-10-18,1.8300000429153442,1.8300000429153442,1.8899999856948853,1.7710000276565552,1.7899999618530273,28800
2023-10-19,1.8799999952316284,1.8799999952316284,1.909999966621399,1.7999999523162842,1.7999999523162842,20500
2023-10-20,1.7999999523162842,1.7999999523162842,1.899999976158142,1.7799999713897705,1.8300000429153442,18500
2023-10-23,1.7799999713897705,1.7799999713897705,1.8899999856948853,1.7799999713897705,1.7899999618530273,10100
2023-10-24,1.7699999809265137,1.7699999809265137,1.8899999856948853,1.7699999809265137,1.7899999618530273,7300
2023-10-25,1.7899999618530273,1.7899999618530273,1.850000023841858,1.7899999618530273,1.850000023841858,65200
2023-10-26,1.809999942779541,1.809999942779541,1.850000023841858,1.809999942779541,1.850000023841858,26900
2023-10-27,1.7200000286102295,1.7200000286102295,1.8300000429153442,1.649999976158142,1.8200000524520874,80500
2023-10-30,1.6699999570846558,1.6699999570846558,1.7599999904632568,1.600000023841858,1.7200000286102295,55600
2023-10-31,1.6799999475479126,1.6799999475479126,1.7300000190734863,1.600000023841858,1.6699999570846558,8900
2023-11-01,1.7000000476837158,1.7000000476837158,1.7000000476837158,1.6399999856948853,1.6699999570846558,7300
2023-11-02,1.6449999809265137,1.6449999809265137,1.7000000476837158,1.6299999952316284,1.6970000267028809,39400
2023-11-03,1.684999942779541,1.684999942779541,1.7000000476837158,1.6299999952316284,1.6299999952316284,45700
2023-11-06,1.75,1.75,1.7799999713897705,1.7000000476837158,1.7100000381469727,47700
2023-11-07,1.7200000286102295,1.7200000286102295,1.8300000429153442,1.7100000381469727,1.7400000095367432,41400
2023-11-08,1.8799999952316284,1.8799999952316284,1.8869999647140503,1.7899999618530273,1.840000033378601,86800
2023-11-09,1.2599999904632568,1.2599999904632568,1.7999999523162842,1.25,1.7899999618530273,220800
2023-11-10,1.3700000047683716,1.3700000047683716,1.4299999475479126,1.2999999523162842,1.2999999523162842,79600
2023-11-13,1.3200000524520874,1.3200000524520874,1.3919999599456787,1.2899999618530273,1.3600000143051147,48300
2023-11-14,1.190000057220459,1.190000057220459,1.309999942779541,1.090000033378601,1.2999999523162842,169300
2023-11-15,1.1200000047683716,1.1200000047683716,1.340000033378601,1.1200000047683716,1.2000000476837158,95200
2023-11-16,1.0299999713897705,1.0299999713897705,1.159999966621399,1.0299999713897705,1.1200000047683716,75900
2023-11-17,1.100000023841858,1.100000023841858,1.1299999952316284,1.090000033378601,1.100000023841858,55100
2023-11-20,1.0499999523162842,1.0499999523162842,1.1299999952316284,1.0,1.1299999952316284,87400
2023-11-21,1.059999942779541,1.059999942779541,1.100000023841858,1.0499999523162842,1.100000023841858,43500
2023-11-22,1.059999942779541,1.059999942779541,1.0989999771118164,1.059999942779541,1.0700000524520874,17100
2023-11-24,1.0800000429153442,1.0800000429153442,1.100000023841858,1.0199999809265137,1.0199999809265137,39300
2023-11-27,1.0700000524520874,1.0700000524520874,1.0800000429153442,1.0399999618530273,1.0499999523162842,35200
2023-11-28,1.0800000429153442,1.0800000429153442,1.100000023841858,1.0499999523162842,1.0800000429153442,45300
2023-11-29,1.0800000429153442,1.0800000429153442,1.1299999952316284,1.0800000429153442,1.090000033378601,50800
2023-11-30,1.059999942779541,1.059999942779541,1.1019999980926514,1.059999942779541,1.0800000429153442,22400
2023-12-01,1.090000033378601,1.090000033378601,1.090000033378601,1.0499999523162842,1.059999942779541,110300
2023-12-04,1.0950000286102295,1.0950000286102295,1.100000023841858,1.0399999618530273,1.090000033378601,29900
2023-12-05,1.1069999933242798,1.1069999933242798,1.1269999742507935,1.0700000524520874,1.100000023841858,30600
2023-12-06,1.100000023841858,1.100000023841858,1.1200000047683716,1.090000033378601,1.1200000047683716,26900
2023-12-07,1.0499999523162842,1.0499999523162842,1.1100000143051147,1.0499999523162842,1.1100000143051147,27200
2023-12-08,1.090000033378601,1.090000033378601,1.1050000190734863,1.0499999523162842,1.059999942779541,84800
2023-12-11,1.059999942779541,1.059999942779541,1.100000023841858,1.059999942779541,1.0700000524520874,37600
2023-12-12,1.0199999809265137,1.0199999809265137,1.0800000429153442,1.0199999809265137,1.0399999618530273,34000
2023-12-13,1.0499999523162842,1.0499999523162842,1.0959999561309814,1.024999976158142,1.0299999713897705,73000
2023-12-14,1.090000033378601,1.090000033378601,1.100000023841858,1.059999942779541,1.0700000524520874,63600
2023-12-15,1.0800000429153442,1.0800000429153442,1.1100000143051147,1.0499999523162842,1.090000033378601,38700
2023-12-18,1.100000023841858,1.100000023841858,1.1100000143051147,1.0499999523162842,1.0499999523162842,27900
2023-12-19,1.100000023841858,1.100000023841858,1.1200000047683716,1.0499999523162842,1.100000023841858,71600
2023-12-20,1.0700000524520874,1.0700000524520874,1.100000023841858,1.0499999523162842,1.0800000429153442,35900
2023-12-21,1.0299999713897705,1.0299999713897705,1.0700000524520874,1.0299999713897705,1.0700000524520874,49200
2023-12-22,1.0499999523162842,1.0499999523162842,1.059999942779541,1.0399999618530273,1.0399999618530273,21200
2023-12-26,1.0700000524520874,1.0700000524520874,1.0700000524520874,1.0299999713897705,1.0499999523162842,44700
2023-12-27,1.100000023841858,1.100000023841858,1.1100000143051147,1.0499999523162842,1.0499999523162842,63700
2023-12-28,1.0800000429153442,1.0800000429153442,1.1200000047683716,1.0700000524520874,1.090000033378601,89200
2023-12-29,1.0700000524520874,1.0700000524520874,1.100000023841858,1.0399999618530273,1.0700000524520874,67900
2024-01-02,1.0399999618530273,1.0399999618530273,1.059999942779541,1.0099999904632568,1.0299999713897705,57000
2024-01-03,1.0499999523162842,1.0499999523162842,1.0499999523162842,1.0219999551773071,1.0299999713897705,26100
2024-01-04,1.059999942779541,1.059999942779541,1.090000033378601,1.0399999618530273,1.0399999618530273,71400
2024-01-05,1.0399999618530273,1.0399999618530273,1.059999942779541,1.0399999618530273,1.059999942779541,41200
2024-01-08,1.059999942779541,1.059999942779541,1.059999942779541,1.0399999618530273,1.0499999523162842,34300
2024-01-09,1.059999942779541,1.059999942779541,1.059999942779541,1.0210000276565552,1.0399999618530273,36500
2024-01-10,1.0379999876022339,1.0379999876022339,1.0499999523162842,1.0299999713897705,1.0499999523162842,40800
2024-01-11,1.0520000457763672,1.0520000457763672,1.0770000219345093,1.0299999713897705,1.0299999713897705,44800
2024-01-12,1.0199999809265137,1.0199999809265137,1.0700000524520874,1.0,1.0700000524520874,154200
2024-01-16,0.9559999704360962,0.9559999704360962,1.0499999523162842,0.9559999704360962,1.0,128700
2024-01-17,0.9229999780654907,0.9229999780654907,0.9800000190734863,0.8899999856948853,0.9700000286102295,49500
2024-01-18,0.8450000286102295,0.8450000286102295,0.9229999780654907,0.8199999928474426,0.9229999780654907,83000
2024-01-19,0.8149999976158142,0.8149999976158142,0.8700000047683716,0.8100000023841858,0.8500000238418579,53100
2024-01-22,0.8040000200271606,0.8040000200271606,0.8389999866485596,0.7699999809265137,0.8100000023841858,139100
2024-01-23,0.8399999737739563,0.8399999737739563,0.8930000066757202,0.8050000071525574,0.8299999833106995,55300
2024-01-24,0.843999981880188,0.843999981880188,0.8799999952316284,0.8399999737739563,0.8399999737739563,34600
2024-01-25,0.8899999856948853,0.8899999856948853,1.0119999647140503,0.8679999709129333,0.8679999709129333,76200
2024-01-26,0.8999999761581421,0.8999999761581421,0.9599999785423279,0.8769999742507935,0.9179999828338623,18700
2024-01-29,0.8840000033378601,0.8840000033378601,0.9430000185966492,0.8840000033378601,0.9369999766349792,16300
2024-01-30,0.8999999761581421,0.8999999761581421,0.9800000190734863,0.8840000033378601,0.8999999761581421,12300
2024-01-31,0.8700000047683716,0.8700000047683716,0.953000009059906,0.8700000047683716,0.953000009059906,64500
2024-02-01,0.8700000047683716,0.8700000047683716,0.8999999761581421,0.8700000047683716,0.8700000047683716,21600
2024-02-02,0.8980000019073486,0.8980000019073486,0.9049999713897705,0.8700000047683716,0.8700000047683716,20100
2024-02-05,0.8289999961853027,0.8289999961853027,0.9309999942779541,0.8270000219345093,0.8980000019073486,27700
2024-02-06,0.8209999799728394,0.8209999799728394,0.8960000276565552,0.800000011920929,0.8399999737739563,33900
2024-02-07,0.8299999833106995,0.8299999833106995,0.8880000114440918,0.8119999766349792,0.8119999766349792,10500
2024-02-08,0.8100000023841858,0.8100000023841858,0.8659999966621399,0.800000011920929,0.8069999814033508,48600
2024-02-09,0.8389999866485596,0.8389999866485596,0.8640000224113464,0.8199999928474426,0.8360000252723694,24400
2024-02-12,0.8600000143051147,0.8600000143051147,0.8799999952316284,0.8399999737739563,0.8500000238418579,30900
2024-02-13,0.8299999833106995,0.8299999833106995,0.8799999952316284,0.7889999747276306,0.8700000047683716,43400
2024-02-14,0.8360000252723694,0.8360000252723694,0.8610000014305115,0.7889999747276306,0.8199999928474426,29900
2024-02-15,0.8799999952316284,0.8799999952316284,0.8930000066757202,0.8399999737739563,0.8500000238418579,23000
2024-02-16,0.8410000205039978,0.8410000205039978,0.8799999952316284,0.8199999928474426,0.8799999952316284,15600
2024-02-20,0.8199999928474426,0.8199999928474426,0.8659999966621399,0.8199999928474426,0.8500000238418579,17600
2024-02-21,0.8199999928474426,0.8199999928474426,0.8700000047683716,0.8199999928474426,0.8199999928474426,20000
2024-02-22,0.7900000214576721,0.7900000214576721,0.8299999833106995,0.7900000214576721,0.8209999799728394,45500
2024-02-23,0.7900000214576721,0.7900000214576721,0.8849999904632568,0.7799999713897705,0.781000018119812,72700
2024-02-26,0.8190000057220459,0.8190000057220459,0.8550000190734863,0.7900000214576721,0.7900000214576721,15900
2024-02-27,0.7940000295639038,0.7940000295639038,0.8500000238418579,0.7919999957084656,0.800000011920929,58100
2024-02-28,0.800000011920929,0.800000011920929,0.8500000238418579,0.800000011920929,0.8399999737739563,16900
2024-02-29,0.8500000238418579,0.8500000238418579,0.8799999952316284,0.8100000023841858,0.8199999928474426,56600
2024-03-01,0.8519999980926514,0.8519999980926514,0.8899999856948853,0.8500000238418579,0.8799999952316284,25300
2024-03-04,0.8209999799728394,0.8209999799728394,0.8899999856948853,0.8019999861717224,0.8389999866485596,83900
2024-03-05,0.8450000286102295,0.8450000286102295,0.8659999966621399,0.8100000023841858,0.8619999885559082,25300
2024-03-06,0.8399999737739563,0.8399999737739563,0.878000020980835,0.8159999847412109,0.8700000047683716,11800
2024-03-07,0.8370000123977661,0.8370000123977661,0.8939999938011169,0.8220000267028809,0.8600000143051147,24700
2024-03-08,0.9190000295639038,0.9190000295639038,0.9390000104904175,0.8370000123977661,0.8629999756813049,51100
2024-03-11,0.9259999990463257,0.9259999990463257,0.9580000042915344,0.8899999856948853,0.9100000262260437,31900
2024-03-12,0.9480000138282776,0.9480000138282776,0.9729999899864197,0.9399999976158142,0.9399999976158142,54100
2024-03-13,0.921999990940094,0.921999990940094,1.0199999809265137,0.8999999761581421,0.9599999785423279,106000
2024-03-14,0.7599999904632568,0.7599999904632568,0.9279999732971191,0.7599999904632568,0.8899999856948853,231200
2024-03-15,0.7300000190734863,0.7300000190734863,0.8500000238418579,0.7300000190734863,0.7599999904632568,136700
2024-03-18,0.753000020980835,0.753000020980835,0.800000011920929,0.7200000286102295,0.7300000190734863,91200
2024-03-19,0.7559999823570251,0.7559999823570251,0.7820000052452087,0.7350000143051147,0.7350000143051147,60600
2024-03-20,0.7549999952316284,0.7549999952316284,0.7799999713897705,0.7450000047683716,0.7760000228881836,36100
2024-03-21,0.7549999952316284,0.7549999952316284,0.7789999842643738,0.75,0.75,31800
2024-03-22,0.7210000157356262,0.7210000157356262,0.7699999809265137,0.699999988079071,0.7699999809265137,197700
2024-03-25,0.7020000219345093,0.7020000219345093,0.7379999756813049,0.699999988079071,0.7379999756813049,61000
2024-03-26,0.6949999928474426,0.6949999928474426,0.7200000286102295,0.6819999814033508,0.699999988079071,56100
2024-03-27,0.7099999785423279,0.7099999785423279,0.7200000286102295,0.6589999794960022,0.6869999766349792,121400
2024-03-28,0.6539999842643738,0.6539999842643738,0.7099999785423279,0.6539999842643738,0.699999988079071,83500
2024-04-01,0.699999988079071,0.699999988079071,0.7099999785423279,0.6700000166893005,0.6869999766349792,92200
2024-04-02,0.6589999794960022,0.6589999794960022,0.6970000267028809,0.6000000238418579,0.6700000166893005,59400
2024-04-03,0.609000027179718,0.609000027179718,0.6620000004768372,0.5870000123977661,0.6570000052452087,218100
2024-04-04,0.609000027179718,0.609000027179718,0.6349999904632568,0.5899999737739563,0.6100000143051147,54000
2024-04-05,0.6119999885559082,0.6119999885559082,0.6399999856948853,0.6000000238418579,0.609000027179718,48400
2024-04-08,0.6200000047683716,0.6200000047683716,0.6439999938011169,0.6050000190734863,0.6100000143051147,29300
2024-04-09,0.6159999966621399,0.6159999966621399,0.6200000047683716,0.609000027179718,0.6200000047683716,21000
2024-04-10,0.6159999966621399,0.6159999966621399,0.6200000047683716,0.6000000238418579,0.6200000047683716,11400
2024-04-11,0.6190000176429749,0.6190000176429749,0.6200000047683716,0.6039999723434448,0.6039999723434448,10200
2024-04-12,0.6140000224113464,0.6140000224113464,0.6200000047683716,0.5920000076293945,0.6200000047683716,21400
2024-04-15,0.597000002861023,0.597000002861023,0.6200000047683716,0.5950000286102295,0.6200000047683716,8600
2024-04-16,0.5350000262260437,0.5350000262260437,0.597000002861023,0.5109999775886536,0.597000002861023,118600
2024-04-17,0.5299999713897705,0.5299999713897705,0.550000011920929,0.49000000953674316,0.5350000262260437,86600
2024-04-18,0.5429999828338623,0.5429999828338623,0.5789999961853027,0.5299999713897705,0.5400000214576721,21500
2024-04-19,0.5189999938011169,0.5189999938011169,0.5699999928474426,0.503000020980835,0.5299999713897705,23200
2024-04-22,0.5199999809265137,0.5199999809265137,0.5490000247955322,0.5109999775886536,0.5109999775886536,9900
2024-04-23,0.5580000281333923,0.5580000281333923,0.6000000238418579,0.5400000214576721,0.6000000238418579,37900
2024-04-24,0.5600000023841858,0.5600000023841858,0.5799999833106995,0.5429999828338623,0.5429999828338623,13100
2024-04-25,0.5659999847412109,0.5659999847412109,0.5899999737739563,0.550000011920929,0.5669999718666077,10200
2024-04-26,0.5329999923706055,0.5329999923706055,0.5799999833106995,0.5220000147819519,0.5799999833106995,41600
2024-04-29,0.531000018119812,0.531000018119812,0.5699999928474426,0.5299999713897705,0.5329999923706055,11600
2024-04-30,0.5460000038146973,0.5460000038146973,0.5699999928474426,0.5199999809265137,0.5199999809265137,11400
2024-05-01,0.5590000152587891,0.5590000152587891,0.5630000233650208,0.5299999713897705,0.5299999713897705,40300
2024-05-02,0.593999981880188,0.593999981880188,0.6449999809265137,0.5699999928474426,0.5699999928474426,42100
2024-05-03,0.6299999952316284,0.6299999952316284,0.6499999761581421,0.5609999895095825,0.5950000286102295,110400
2024-05-06,0.6370000243186951,0.6370000243186951,0.671999990940094,0.5899999737739563,0.6200000047683716,1590000
2024-05-07,0.5879999995231628,0.5879999995231628,0.6499999761581421,0.5699999928474426,0.6359999775886536,148100
2024-05-08,0.5609999895095825,0.5609999895095825,0.5899999737739563,0.5009999871253967,0.5699999928474426,192500
2024-05-09,0.6150000095367432,0.6150000095367432,0.675000011920929,0.5210000276565552,0.5799999833106995,206900
2024-05-10,0.6200000047683716,0.6200000047683716,0.6480000019073486,0.5899999737739563,0.597000002861023,23700
2024-05-13,0.6050000190734863,0.6050000190734863,0.6309999823570251,0.5899999737739563,0.6150000095367432,31900
2024-05-14,0.6010000109672546,0.6010000109672546,0.675000011920929,0.5830000042915344,0.5950000286102295,108800
2024-05-15,0.6800000071525574,0.6800000071525574,0.699999988079071,0.6100000143051147,0.6579999923706055,78400
2024-05-16,0.6859999895095825,0.6859999895095825,0.7200000286102295,0.6399999856948853,0.6909999847412109,56600
2024-05-17,0.7080000042915344,0.7080000042915344,0.75,0.6690000295639038,0.6710000038146973,57500
2024-05-20,0.6700000166893005,0.6700000166893005,0.7239999771118164,0.6700000166893005,0.6700000166893005,55900
2024-05-21,0.7409999966621399,0.7409999966621399,0.7490000128746033,0.6809999942779541,0.6809999942779541,58100
2024-05-22,0.7229999899864197,0.7229999899864197,0.7480000257492065,0.7049999833106995,0.7099999785423279,38700
2024-05-23,0.7110000252723694,0.7110000252723694,0.7250000238418579,0.699999988079071,0.699999988079071,31800
2024-05-24,0.6949999928474426,0.6949999928474426,0.7400000095367432,0.6949999928474426,0.7200000286102295,12000
2024-05-28,0.7049999833106995,0.7049999833106995,0.7310000061988831,0.6899999976158142,0.7099999785423279,24800
2024-05-29,0.7049999833106995,0.7049999833106995,0.7450000047683716,0.7049999833106995,0.7200000286102295,19100
2024-05-30,0.7009999752044678,0.7009999752044678,0.7450000047683716,0.6899999976158142,0.7450000047683716,20400
2024-05-31,0.7400000095367432,0.7400000095367432,0.765999972820282,0.7009999752044678,0.7009999752044678,37600
2024-06-03,0.765999972820282,0.765999972820282,0.7799999713897705,0.7200000286102295,0.7400000095367432,20300
2024-06-04,0.7279999852180481,0.7279999852180481,0.7599999904632568,0.7200000286102295,0.7400000095367432,7700
2024-06-05,0.7559999823570251,0.7559999823570251,0.7699999809265137,0.7200000286102295,0.722000002861023,42200
2024-06-06,0.75,0.75,0.75,0.7250000238418579,0.7250000238418579,13200
2024-06-07,0.6899999976158142,0.6899999976158142,0.7250000238418579,0.6880000233650208,0.7250000238418579,33600
2024-06-10,0.6830000281333923,0.6830000281333923,0.6850000023841858,0.6610000133514404,0.6790000200271606,18100
2024-06-11,0.699999988079071,0.699999988079071,0.7179999947547913,0.6610000133514404,0.6610000133514404,15500
2024-06-12,0.7200000286102295,0.7200000286102295,0.7300000190734863,0.6740000247955322,0.7129999995231628,24400
2024-06-13,0.7260000109672546,0.7260000109672546,0.7279999852180481,0.699999988079071,0.7279999852180481,12200
2024-06-14,0.7200000286102295,0.7200000286102295,0.75,0.7070000171661377,0.7300000190734863,20300
2024-06-17,0.7110000252723694,0.7110000252723694,0.7200000286102295,0.7070000171661377,0.7200000286102295,8600
2024-06-18,0.6959999799728394,0.6959999799728394,0.718999981880188,0.6899999976158142,0.718999981880188,31800
2024-06-20,0.6949999928474426,0.6949999928474426,0.7099999785423279,0.6800000071525574,0.6800000071525574,9800
2024-06-21,0.7070000171661377,0.7070000171661377,0.7099999785423279,0.6899999976158142,0.7070000171661377,12000
2024-06-24,0.6919999718666077,0.6919999718666077,0.7099999785423279,0.6800000071525574,0.6949999928474426,11300
2024-06-25,0.7099999785423279,0.7099999785423279,0.7099999785423279,0.6899999976158142,0.6909999847412109,9700
2024-06-26,0.6899999976158142,0.6899999976158142,0.699999988079071,0.6850000023841858,0.6850000023841858,15300
2024-06-27,0.6420000195503235,0.6420000195503235,0.7099999785423279,0.6100000143051147,0.699999988079071,70800
2024-06-28,0.6110000014305115,0.6110000014305115,0.6600000262260437,0.6010000109672546,0.6340000033378601,53300
2024-07-01,0.6200000047683716,0.6200000047683716,0.6600000262260437,0.6010000109672546,0.628000020980835,31300
2024-07-02,0.6209999918937683,0.6209999918937683,0.7099999785423279,0.6129999756813049,0.6859999895095825,33500
2024-07-03,0.6340000033378601,0.6340000033378601,0.6729999780654907,0.6100000143051147,0.6159999966621399,8400
2024-07-05,0.6399999856948853,0.6399999856948853,0.6600000262260437,0.6399999856948853,0.6600000262260437,17900
2024-07-08,0.6110000014305115,0.6110000014305115,0.6629999876022339,0.6010000109672546,0.6010000109672546,35300
2024-07-09,0.6050000190734863,0.6050000190734863,0.6399999856948853,0.5619999766349792,0.6019999980926514,28800
2024-07-10,0.6100000143051147,0.6100000143051147,0.6290000081062317,0.5709999799728394,0.5849999785423279,27500
2024-07-11,0.6010000109672546,0.6010000109672546,0.609000027179718,0.5799999833106995,0.609000027179718,21400
2024-07-12,0.6499999761581421,0.6499999761581421,0.6800000071525574,0.5899999737739563,0.5899999737739563,90200
2024-07-15,0.6700000166893005,0.6700000166893005,0.6800000071525574,0.6150000095367432,0.6600000262260437,37900
2024-07-16,0.6549999713897705,0.6549999713897705,0.7400000095367432,0.640999972820282,0.6779999732971191,186300
2024-07-17,0.6830000281333923,0.6830000281333923,0.7160000205039978,0.6600000262260437,0.6700000166893005,15100
2024-07-18,0.6039999723434448,0.6039999723434448,0.699999988079071,0.5709999799728394,0.6840000152587891,91000
2024-07-19,0.6200000047683716,0.6200000047683716,0.6769999861717224,0.6039999723434448,0.6200000047683716,12300
2024-07-22,0.5960000157356262,0.5960000157356262,0.6700000166893005,0.5899999737739563,0.6349999904632568,85700
2024-07-23,0.6209999918937683,0.6209999918937683,0.6430000066757202,0.5910000205039978,0.597000002861023,24500
2024-07-24,0.6060000061988831,0.6060000061988831,0.6439999938011169,0.6000000238418579,0.6179999709129333,12000
2024-07-25,0.5920000076293945,0.5920000076293945,0.6240000128746033,0.5920000076293945,0.6240000128746033,20400
2024-07-26,0.6010000109672546,0.6010000109672546,0.6399999856948853,0.5960000157356262,0.5960000157356262,28400
2024-07-29,0.6000000238418579,0.6000000238418579,0.6380000114440918,0.5889999866485596,0.5920000076293945,33900
2024-07-30,0.6000000238418579,0.6000000238418579,0.6299999952316284,0.5709999799728394,0.6000000238418579,31000
2024-07-31,0.5960000157356262,0.5960000157356262,0.6190000176429749,0.5720000267028809,0.5870000123977661,34800
2024-08-01,0.5860000252723694,0.5860000252723694,0.6150000095367432,0.5720000267028809,0.5730000138282776,13800
2024-08-02,0.5550000071525574,0.5550000071525574,0.5860000252723694,0.5509999990463257,0.578000009059906,42500
2024-08-05,0.5299999713897705,0.5299999713897705,0.6000000238418579,0.5230000019073486,0.5550000071525574,35300
2024-08-06,0.5249999761581421,0.5249999761581421,0.5669999718666077,0.5249999761581421,0.5669999718666077,21500
2024-08-07,0.5099999904632568,0.5099999904632568,0.5690000057220459,0.5099999904632568,0.5600000023841858,49000
2024-08-08,0.48899999260902405,0.48899999260902405,0.5249999761581421,0.45500001311302185,0.5099999904632568,73700
2024-08-09,0.49399998784065247,0.49399998784065247,0.5400000214576721,0.47999998927116394,0.48399999737739563,20200
2024-08-12,0.49000000953674316,0.49000000953674316,0.5249999761581421,0.48399999737739563,0.5189999938011169,34300
2024-08-13,0.4860000014305115,0.4860000014305115,0.5080000162124634,0.48399999737739563,0.5080000162124634,27500
2024-08-14,0.47200000286102295,0.47200000286102295,0.49000000953674316,0.4650000035762787,0.4860000014305115,46700
2024-08-15,0.4740000069141388,0.4740000069141388,0.4790000021457672,0.45100000500679016,0.4650000035762787,42000
2024-08-16,0.45899999141693115,0.45899999141693115,0.5220000147819519,0.45100000500679016,0.4729999899864197,70500
2024-08-19,0.4519999921321869,0.4519999921321869,0.49900001287460327,0.4519999921321869,0.49000000953674316,45300
2024-08-20,0.4560000002384186,0.4560000002384186,0.4740000069141388,0.44999998807907104,0.4519999921321869,27200
2024-08-21,0.453000009059906,0.453000009059906,0.47999998927116394,0.453000009059906,0.4560000002384186,28500
2024-08-22,0.4650000035762787,0.4650000035762787,0.4650000035762787,0.42500001192092896,0.453000009059906,41100
2024-08-23,0.453000009059906,0.453000009059906,0.47999998927116394,0.4399999976158142,0.4779999852180481,19600
2024-08-26,0.4620000123977661,0.4620000123977661,0.4699999988079071,0.4309999942779541,0.4399999976158142,24000
2024-08-27,0.44999998807907104,0.44999998807907104,0.4950000047683716,0.4399999976158142,0.4830000102519989,37900
2024-08-28,0.4390000104904175,0.4390000104904175,0.4699999988079071,0.43799999356269836,0.44999998807907104,34900
2024-08-29,0.4440000057220459,0.4440000057220459,0.4650000035762787,0.43799999356269836,0.43799999356269836,29500
2024-08-30,0.4350000023841858,0.4350000023841858,0.46000000834465027,0.4259999990463257,0.44999998807907104,61000
2024-09-03,0.44200000166893005,0.44200000166893005,0.47699999809265137,0.43700000643730164,0.4699999988079071,59500
2024-09-04,0.4449999928474426,0.4449999928474426,0.47999998927116394,0.4339999854564667,0.4350000023841858,10700
2024-09-05,0.4449999928474426,0.4449999928474426,0.47999998927116394,0.44200000166893005,0.4699999988079071,32800
2024-09-06,0.4560000002384186,0.4560000002384186,0.46000000834465027,0.44200000166893005,0.44999998807907104,8500
2024-09-09,0.4659999907016754,0.4659999907016754,0.4740000069141388,0.44999998807907104,0.4699999988079071,27200
2024-09-10,0.4699999988079071,0.4699999988079071,0.4869999885559082,0.45500001311302185,0.4869999885559082,5000
2024-09-11,0.4650000035762787,0.4650000035762787,0.4699999988079071,0.45500001311302185,0.4699999988079071,8200
2024-09-12,0.46799999475479126,0.46799999475479126,0.47999998927116394,0.46000000834465027,0.47999998927116394,6000
2024-09-13,0.45399999618530273,0.45399999618530273,0.4749999940395355,0.44999998807907104,0.45500001311302185,19600
2024-09-16,0.44999998807907104,0.44999998807907104,0.4860000014305115,0.44999998807907104,0.4860000014305115,5700
2024-09-17,0.44999998807907104,0.44999998807907104,0.4699999988079071,0.44999998807907104,0.4699999988079071,22800
2024-09-18,0.4519999921321869,0.4519999921321869,0.4620000123977661,0.4519999921321869,0.4620000123977661,7100
2024-09-19,0.4490000009536743,0.4490000009536743,0.4790000021457672,0.41999998688697815,0.4790000021457672,54100
2024-09-20,0.44699999690055847,0.44699999690055847,0.47999998927116394,0.4300000071525574,0.4699999988079071,74500
2024-09-23,0.4410000145435333,0.4410000145435333,0.46799999475479126,0.4399999976158142,0.46799999475479126,6700
2024-09-24,0.45100000500679016,0.45100000500679016,0.4860000014305115,0.4399999976158142,0.4410000145435333,54900
2024-09-25,0.46000000834465027,0.46000000834465027,0.47999998927116394,0.45100000500679016,0.4699999988079071,17400
2024-09-26,0.46000000834465027,0.46000000834465027,0.47600001096725464,0.45500001311302185,0.4580000042915344,24100
2024-09-27,0.46399998664855957,0.46399998664855957,0.4779999852180481,0.4519999921321869,0.460999995470047,106300
2024-09-30,0.5299999713897705,0.5299999713897705,0.5329999923706055,0.4749999940395355,0.4749999940395355,148500
2024-10-01,0.5040000081062317,0.5040000081062317,0.5289999842643738,0.47999998927116394,0.5289999842643738,36400
2024-10-02,0.4970000088214874,0.4970000088214874,0.5,0.4699999988079071,0.47999998927116394,25000
2024-10-03,0.46000000834465027,0.46000000834465027,0.4880000054836273,0.46000000834465027,0.4819999933242798,38400
2024-10-04,0.47600001096725464,0.47600001096725464,0.492000013589859,0.460999995470047,0.492000013589859,19100
2024-10-07,0.46000000834465027,0.46000000834465027,0.492000013589859,0.46000000834465027,0.46000000834465027,11100
2024-10-08,0.44600000977516174,0.44600000977516174,0.4690000116825104,0.4399999976158142,0.45399999618530273,71900
2024-10-09,0.453000009059906,0.453000009059906,0.4650000035762787,0.44600000977516174,0.44600000977516174,9200
2024-10-10,0.44999998807907104,0.44999998807907104,0.4580000042915344,0.4449999928474426,0.44999998807907104,36500
2024-10-11,0.4569999873638153,0.4569999873638153,0.46000000834465027,0.44999998807907104,0.46000000834465027,13600
2024-10-14,0.44600000977516174,0.44600000977516174,0.4650000035762787,0.44200000166893005,0.4580000042915344,40700
2024-10-15,0.4399999976158142,0.4399999976158142,0.453000009059906,0.4399999976158142,0.44999998807907104,17300
2024-10-16,0.4410000145435333,0.4410000145435333,0.4650000035762787,0.4300000071525574,0.4399999976158142,61800
2024-10-17,0.46000000834465027,0.46000000834465027,0.4659999907016754,0.44600000977516174,0.46000000834465027,22600
2024-10-18,0.4580000042915344,0.4580000042915344,0.4699999988079071,0.44999998807907104,0.46000000834465027,15400
2024-10-21,0.48500001430511475,0.48500001430511475,0.48500001430511475,0.46000000834465027,0.46000000834465027,20800
2024-10-22,0.4819999933242798,0.4819999933242798,0.5,0.4690000116825104,0.4749999940395355,25000
2024-10-23,0.4749999940395355,0.4749999940395355,0.49000000953674316,0.46000000834465027,0.4699999988079071,16600
2024-10-24,0.47999998927116394,0.47999998927116394,0.47999998927116394,0.4699999988079071,0.47999998927116394,5300
2024-10-25,0.4699999988079071,0.4699999988079071,0.47999998927116394,0.4699999988079071,0.47999998927116394,6800
2024-10-28,0.45500001311302185,0.45500001311302185,0.4779999852180481,0.4309999942779541,0.47099998593330383,78400
2024-10-29,0.44999998807907104,0.44999998807907104,0.46000000834465027,0.44999998807907104,0.45100000500679016,17600
2024-10-30,0.44999998807907104,0.44999998807907104,0.4699999988079071,0.4429999887943268,0.4429999887943268,33600
2024-10-31,0.4410000145435333,0.4410000145435333,0.47999998927116394,0.421999990940094,0.45500001311302185,46300
2024-11-01,0.46000000834465027,0.46000000834465027,0.4749999940395355,0.4300000071525574,0.44600000977516174,13500
2024-11-04,0.46000000834465027,0.46000000834465027,0.47999998927116394,0.4480000138282776,0.4480000138282776,7200
2024-11-05,0.460999995470047,0.460999995470047,0.47999998927116394,0.44200000166893005,0.4690000116825104,30200
2024-11-06,0.5450000166893005,0.5450000166893005,0.5450000166893005,0.44999998807907104,0.46000000834465027,172800
2024-11-07,0.5490000247955322,0.5490000247955322,0.5899999737739563,0.5,0.5630000233650208,414900
2024-11-08,0.5690000057220459,0.5690000057220459,0.5889999866485596,0.5299999713897705,0.5600000023841858,59100
2024-11-11,0.5699999928474426,0.5699999928474426,0.5889999866485596,0.550000011920929,0.5600000023841858,61100
2024-11-12,0.550000011920929,0.550000011920929,0.550000011920929,0.5199999809265137,0.550000011920929,60800
2024-11-13,0.5099999904632568,0.5099999904632568,0.5600000023841858,0.5049999952316284,0.5410000085830688,64100
2024-11-14,0.5019999742507935,0.5019999742507935,0.5339999794960022,0.46000000834465027,0.4909999966621399,631400
2024-11-15,0.41200000047683716,0.41200000047683716,0.46299999952316284,0.40700000524520874,0.44999998807907104,189300
2024-11-18,0.4309999942779541,0.4309999942779541,0.4390000104904175,0.4099999964237213,0.4099999964237213,51200
2024-11-19,0.4000000059604645,0.4000000059604645,0.4390000104904175,0.38999998569488525,0.4300000071525574,121600
2024-11-20,0.41999998688697815,0.41999998688697815,0.41999998688697815,0.38999998569488525,0.4000000059604645,41900
2024-11-21,0.414000004529953,0.414000004529953,0.4350000023841858,0.4000000059604645,0.4099999964237213,22800
2024-11-22,0.4099999964237213,0.4099999964237213,0.42500001192092896,0.4000000059604645,0.414000004529953,54700
2024-11-25,0.4269999861717224,0.4269999861717224,0.44999998807907104,0.4099999964237213,0.4099999964237213,81600
2024-11-26,0.4449999928474426,0.4449999928474426,0.4699999988079071,0.41200000047683716,0.4269999861717224,89300
2024-11-27,0.4519999921321869,0.4519999921321869,0.46000000834465027,0.4399999976158142,0.4399999976158142,29300
2024-11-29,0.4309999942779541,0.4309999942779541,0.46000000834465027,0.4189999997615814,0.4560000002384186,56600
2024-12-02,0.4410000145435333,0.4410000145435333,0.46799999475479126,0.4300000071525574,0.4300000071525574,21000
2024-12-03,0.39500001072883606,0.39500001072883606,0.4399999976158142,0.3840000033378601,0.4300000071525574,390500
2024-12-04,0.4050000011920929,0.4050000011920929,0.41999998688697815,0.4000000059604645,0.4000000059604645,34600
2024-12-05,0.4180000126361847,0.4180000126361847,0.46000000834465027,0.4000000059604645,0.4000000059604645,64300
2024-12-06,0.4009999930858612,0.4009999930858612,0.4230000078678131,0.4000000059604645,0.4180000126361847,64400
2024-12-09,0.4189999997615814,0.4189999997615814,0.4259999990463257,0.4009999930858612,0.4189999997615814,54900
2024-12-10,0.4189999997615814,0.4189999997615814,0.4659999907016754,0.4020000100135803,0.40299999713897705,103500
2024-12-11,0.42989999055862427,0.42989999055862427,0.4523000121116638,0.4099999964237213,0.4189999997615814,35187
