Date,Adj Close,Close,High,Low,Open,Volume
1996-05-09,23.200000762939453,23.200000762939453,24.399999618530273,22.200000762939453,22.200000762939453,4290000
1996-05-10,24.0,24.0,24.200000762939453,23.600000381469727,24.0,1060000
1996-05-13,23.899999618530273,23.899999618530273,24.100000381469727,23.299999237060547,24.0,700000
1996-05-14,23.600000381469727,23.600000381469727,24.100000381469727,23.100000381469727,24.0,310000
1996-05-15,23.200000762939453,23.200000762939453,23.700000762939453,23.0,23.600000381469727,545000
1996-05-16,22.600000381469727,22.600000381469727,23.100000381469727,22.299999237060547,23.100000381469727,360000
1996-05-17,22.799999237060547,22.799999237060547,23.0,22.600000381469727,22.600000381469727,325000
1996-05-20,22.5,22.5,23.0,22.399999618530273,22.899999618530273,240000
1996-05-21,22.600000381469727,22.600000381469727,22.799999237060547,22.299999237060547,22.700000762939453,235000
1996-05-22,22.0,22.0,22.700000762939453,21.799999237060547,22.700000762939453,250000
1996-05-23,22.100000381469727,22.100000381469727,22.200000762939453,21.700000762939453,22.0,205000
1996-05-24,21.600000381469727,21.600000381469727,22.100000381469727,21.399999618530273,22.100000381469727,155000
1996-05-28,21.200000762939453,21.200000762939453,22.100000381469727,21.200000762939453,21.899999618530273,205000
1996-05-29,20.799999237060547,20.799999237060547,21.299999237060547,20.700000762939453,21.0,105000
1996-05-30,20.5,20.5,20.799999237060547,20.0,20.700000762939453,320000
1996-05-31,20.399999618530273,20.399999618530273,20.399999618530273,19.799999237060547,20.200000762939453,230000
1996-06-03,20.100000381469727,20.100000381469727,20.5,20.0,20.399999618530273,80000
1996-06-04,21.399999618530273,21.399999618530273,21.399999618530273,20.100000381469727,20.100000381469727,115000
1996-06-05,21.860000610351562,21.860000610351562,22.0,21.299999237060547,21.399999618530273,165000
1996-06-06,21.700000762939453,21.700000762939453,22.0,21.700000762939453,21.860000610351562,90000
1996-06-07,21.600000381469727,21.600000381469727,21.799999237060547,21.200000762939453,21.5,85000
1996-06-10,21.200000762939453,21.200000762939453,21.899999618530273,21.100000381469727,21.700000762939453,80000
1996-06-11,21.399999618530273,21.399999618530273,21.700000762939453,21.200000762939453,21.200000762939453,65000
1996-06-12,22.0,22.0,22.0,21.399999618530273,21.600000381469727,110000
1996-06-13,22.059999465942383,22.059999465942383,22.200000762939453,21.899999618530273,22.0,65000
1996-06-14,22.0,22.0,22.200000762939453,21.700000762939453,22.200000762939453,40000
1996-06-17,21.81999969482422,21.81999969482422,22.059999465942383,21.700000762939453,22.0,40000
1996-06-18,21.65999984741211,21.65999984741211,21.860000610351562,21.5,21.860000610351562,45000
1996-06-19,21.299999237060547,21.299999237060547,21.700000762939453,21.239999771118164,21.600000381469727,40000
1996-06-20,20.700000762939453,20.700000762939453,21.459999084472656,20.5,21.399999618530273,55000
1996-06-21,20.700000762939453,20.700000762939453,20.700000762939453,20.479999542236328,20.5,70000
1996-06-24,20.600000381469727,20.600000381469727,20.799999237060547,20.5,20.65999984741211,75000
1996-06-25,20.399999618530273,20.399999618530273,20.700000762939453,20.100000381469727,20.600000381469727,120000
1996-06-26,20.399999618530273,20.399999618530273,20.600000381469727,20.299999237060547,20.520000457763672,60000
1996-06-27,20.200000762939453,20.200000762939453,20.360000610351562,20.059999465942383,20.299999237060547,85000
1996-06-28,20.65999984741211,20.65999984741211,20.65999984741211,20.100000381469727,20.100000381469727,105000
1996-07-01,21.5,21.5,21.5,20.600000381469727,20.65999984741211,135000
1996-07-02,21.700000762939453,21.700000762939453,21.799999237060547,21.459999084472656,21.65999984741211,80000
1996-07-03,21.299999237060547,21.299999237060547,21.760000228881836,21.100000381469727,21.760000228881836,40000
1996-07-05,20.700000762939453,20.700000762939453,21.100000381469727,20.600000381469727,21.0,80000
1996-07-08,20.959999084472656,20.959999084472656,21.5,20.600000381469727,20.799999237060547,80000
1996-07-09,21.200000762939453,21.200000762939453,21.399999618530273,20.65999984741211,21.0,170000
1996-07-10,20.979999542236328,20.979999542236328,21.360000610351562,20.700000762939453,21.299999237060547,70000
1996-07-11,20.799999237060547,20.799999237060547,21.059999465942383,20.600000381469727,21.059999465942383,120000
1996-07-12,20.84000015258789,20.84000015258789,21.059999465942383,20.600000381469727,20.600000381469727,90000
1996-07-15,20.65999984741211,20.65999984741211,20.899999618530273,20.440000534057617,20.799999237060547,105000
1996-07-16,20.700000762939453,20.700000762939453,21.100000381469727,20.100000381469727,20.5,145000
1996-07-17,21.100000381469727,21.100000381469727,21.299999237060547,20.639999389648438,20.860000610351562,130000
1996-07-18,21.200000762939453,21.200000762939453,21.299999237060547,21.0,21.0,50000
1996-07-19,21.100000381469727,21.100000381469727,21.360000610351562,21.0,21.200000762939453,60000
1996-07-22,20.84000015258789,20.84000015258789,21.100000381469727,20.84000015258789,21.0,55000
1996-07-23,20.399999618530273,20.399999618530273,21.200000762939453,20.399999618530273,20.84000015258789,55000
1996-07-24,20.5,20.5,20.5,20.100000381469727,20.100000381469727,70000
1996-07-25,20.5,20.5,20.719999313354492,20.399999618530273,20.600000381469727,70000
1996-07-26,20.399999618530273,20.399999618530273,20.600000381469727,20.399999618530273,20.399999618530273,30000
1996-07-29,20.5,20.5,20.65999984741211,20.399999618530273,20.399999618530273,35000
1996-07-30,20.540000915527344,20.540000915527344,20.899999618530273,20.399999618530273,20.399999618530273,55000
1996-07-31,20.520000457763672,20.520000457763672,20.540000915527344,20.399999618530273,20.540000915527344,25000
1996-08-01,20.540000915527344,20.540000915527344,20.65999984741211,20.440000534057617,20.5,25000
1996-08-02,20.959999084472656,20.959999084472656,20.959999084472656,20.65999984741211,20.68000030517578,65000
1996-08-05,20.799999237060547,20.799999237060547,21.1200008392334,20.799999237060547,20.959999084472656,60000
1996-08-06,20.799999237060547,20.799999237060547,20.860000610351562,20.5,20.799999237060547,45000
1996-08-07,20.84000015258789,20.84000015258789,20.8799991607666,20.65999984741211,20.860000610351562,60000
1996-08-08,20.8799991607666,20.8799991607666,20.8799991607666,20.700000762939453,20.84000015258789,50000
1996-08-09,20.799999237060547,20.799999237060547,20.860000610351562,20.700000762939453,20.719999313354492,45000
1996-08-12,20.860000610351562,20.860000610351562,20.860000610351562,20.700000762939453,20.799999237060547,25000
1996-08-13,20.719999313354492,20.719999313354492,20.799999237060547,20.639999389648438,20.760000228881836,50000
1996-08-14,21.600000381469727,21.600000381469727,21.600000381469727,20.68000030517578,20.68000030517578,85000
1996-08-15,22.200000762939453,22.200000762939453,22.200000762939453,21.600000381469727,21.700000762939453,150000
1996-08-16,21.860000610351562,21.860000610351562,22.34000015258789,21.760000228881836,22.200000762939453,90000
1996-08-19,21.68000030517578,21.68000030517578,22.0,21.600000381469727,22.0,50000
1996-08-20,21.399999618530273,21.399999618530273,21.799999237060547,21.360000610351562,21.600000381469727,55000
1996-08-21,21.200000762939453,21.200000762939453,21.420000076293945,21.200000762939453,21.420000076293945,30000
1996-08-22,21.299999237060547,21.299999237060547,21.479999542236328,21.299999237060547,21.299999237060547,45000
1996-08-23,21.34000015258789,21.34000015258789,21.34000015258789,21.239999771118164,21.34000015258789,30000
1996-08-26,21.139999389648438,21.139999389648438,21.34000015258789,21.079999923706055,21.34000015258789,25000
1996-08-27,21.200000762939453,21.200000762939453,21.34000015258789,21.1200008392334,21.260000228881836,30000
1996-08-28,20.979999542236328,20.979999542236328,21.200000762939453,20.899999618530273,21.200000762939453,40000
1996-08-29,20.700000762939453,20.700000762939453,21.020000457763672,20.700000762939453,21.020000457763672,60000
1996-08-30,20.81999969482422,20.81999969482422,20.8799991607666,20.68000030517578,20.760000228881836,35000
1996-09-03,20.959999084472656,20.959999084472656,20.979999542236328,20.719999313354492,20.899999618530273,15000
1996-09-04,21.0,21.0,21.079999923706055,20.8799991607666,20.959999084472656,25000
1996-09-05,20.899999618530273,20.899999618530273,21.059999465942383,20.780000686645508,21.059999465942383,45000
1996-09-06,21.040000915527344,21.040000915527344,21.1200008392334,20.860000610351562,20.899999618530273,30000
1996-09-09,21.360000610351562,21.360000610351562,21.479999542236328,21.0,21.100000381469727,70000
1996-09-10,21.200000762939453,21.200000762939453,21.459999084472656,21.100000381469727,21.459999084472656,55000
1996-09-11,21.31999969482422,21.31999969482422,21.3799991607666,21.079999923706055,21.239999771118164,40000
1996-09-12,21.440000534057617,21.440000534057617,21.440000534057617,21.299999237060547,21.3799991607666,40000
1996-09-13,21.459999084472656,21.459999084472656,21.639999389648438,21.360000610351562,21.440000534057617,55000
1996-09-16,21.84000015258789,21.84000015258789,21.84000015258789,21.459999084472656,21.5,70000
1996-09-17,21.65999984741211,21.65999984741211,21.920000076293945,21.399999618530273,21.920000076293945,145000
1996-09-18,21.559999465942383,21.559999465942383,21.799999237060547,21.559999465942383,21.760000228881836,105000
1996-09-19,21.65999984741211,21.65999984741211,21.799999237060547,21.440000534057617,21.459999084472656,65000
1996-09-20,21.739999771118164,21.739999771118164,21.799999237060547,21.65999984741211,21.760000228881836,40000
1996-09-23,21.520000457763672,21.520000457763672,21.65999984741211,21.440000534057617,21.65999984741211,30000
1996-09-24,21.559999465942383,21.559999465942383,21.639999389648438,21.280000686645508,21.459999084472656,65000
1996-09-25,21.479999542236328,21.479999542236328,21.600000381469727,21.399999618530273,21.479999542236328,50000
1996-09-26,21.479999542236328,21.479999542236328,21.6200008392334,21.399999618530273,21.579999923706055,45000
1996-09-27,21.360000610351562,21.360000610351562,21.479999542236328,21.239999771118164,21.479999542236328,55000
1996-09-30,21.459999084472656,21.459999084472656,21.600000381469727,21.280000686645508,21.280000686645508,55000
1996-10-01,21.239999771118164,21.239999771118164,21.459999084472656,21.15999984741211,21.459999084472656,70000
1996-10-02,21.420000076293945,21.420000076293945,21.440000534057617,21.200000762939453,21.200000762939453,75000
1996-10-03,21.399999618530273,21.399999618530273,21.459999084472656,21.34000015258789,21.459999084472656,40000
1996-10-04,21.399999618530273,21.399999618530273,21.459999084472656,21.31999969482422,21.360000610351562,70000
1996-10-07,21.299999237060547,21.299999237060547,21.440000534057617,21.299999237060547,21.440000534057617,95000
1996-10-08,21.15999984741211,21.15999984741211,21.34000015258789,21.15999984741211,21.239999771118164,50000
1996-10-09,21.280000686645508,21.280000686645508,21.280000686645508,21.100000381469727,21.15999984741211,130000
1996-10-10,21.219999313354492,21.219999313354492,21.31999969482422,21.15999984741211,21.31999969482422,35000
1996-10-11,21.15999984741211,21.15999984741211,21.399999618530273,21.15999984741211,21.200000762939453,60000
1996-10-14,21.299999237060547,21.299999237060547,21.399999618530273,21.15999984741211,21.200000762939453,70000
1996-10-15,21.200000762939453,21.200000762939453,21.280000686645508,21.1200008392334,21.200000762939453,70000
1996-10-16,21.459999084472656,21.459999084472656,21.459999084472656,21.200000762939453,21.219999313354492,95000
1996-10-17,21.639999389648438,21.639999389648438,21.719999313354492,21.360000610351562,21.479999542236328,90000
1996-10-18,21.68000030517578,21.68000030517578,21.799999237060547,21.600000381469727,21.739999771118164,60000
1996-10-21,21.520000457763672,21.520000457763672,21.68000030517578,21.440000534057617,21.68000030517578,25000
1996-10-22,21.760000228881836,21.760000228881836,21.760000228881836,21.5,21.5,80000
1996-10-23,21.579999923706055,21.579999923706055,21.639999389648438,21.440000534057617,21.639999389648438,20000
1996-10-24,21.780000686645508,21.780000686645508,21.780000686645508,21.600000381469727,21.600000381469727,25000
1996-10-25,21.719999313354492,21.719999313354492,21.8799991607666,21.719999313354492,21.780000686645508,40000
1996-10-28,21.559999465942383,21.559999465942383,21.799999237060547,21.559999465942383,21.739999771118164,50000
1996-10-29,21.6200008392334,21.6200008392334,21.68000030517578,21.459999084472656,21.459999084472656,40000
1996-10-30,21.479999542236328,21.479999542236328,21.700000762939453,21.479999542236328,21.639999389648438,35000
1996-10-31,21.579999923706055,21.579999923706055,21.639999389648438,21.479999542236328,21.559999465942383,25000
1996-11-01,21.6200008392334,21.6200008392334,21.799999237060547,21.6200008392334,21.65999984741211,85000
1996-11-04,21.719999313354492,21.719999313354492,21.719999313354492,21.479999542236328,21.520000457763672,35000
1996-11-05,21.940000534057617,21.940000534057617,21.979999542236328,21.700000762939453,21.700000762939453,75000
1996-11-06,21.920000076293945,21.920000076293945,22.0,21.84000015258789,21.979999542236328,60000
1996-11-07,21.860000610351562,21.860000610351562,21.940000534057617,21.719999313354492,21.940000534057617,70000
1996-11-08,21.8799991607666,21.8799991607666,21.920000076293945,21.600000381469727,21.799999237060547,95000
1996-11-11,21.920000076293945,21.920000076293945,21.959999084472656,21.799999237060547,21.799999237060547,70000
1996-11-12,22.219999313354492,22.219999313354492,22.34000015258789,21.975624084472656,22.0,110000
1996-11-13,22.18000030517578,22.18000030517578,22.579999923706055,22.1200008392334,22.299999237060547,165000
1996-11-14,22.239999771118164,22.239999771118164,22.280000686645508,21.979999542236328,22.139999389648438,60000
1996-11-15,22.079999923706055,22.079999923706055,22.280000686645508,22.079999923706055,22.200000762939453,75000
1996-11-18,22.15999984741211,22.15999984741211,22.15999984741211,21.899999618530273,22.139999389648438,95000
1996-11-19,22.239999771118164,22.239999771118164,22.280000686645508,22.079999923706055,22.15999984741211,45000
1996-11-20,22.1200008392334,22.1200008392334,22.200000762939453,21.940000534057617,22.100000381469727,75000
1996-11-21,22.100000381469727,22.100000381469727,22.219999313354492,22.020000457763672,22.1200008392334,85000
1996-11-22,22.15999984741211,22.15999984741211,22.18000030517578,22.040000915527344,22.059999465942383,55000
1996-11-25,22.020000457763672,22.020000457763672,22.18000030517578,22.0,22.059999465942383,75000
1996-11-26,22.0,22.0,22.040000915527344,21.860000610351562,21.959999084472656,75000
1996-11-27,22.0,22.0,22.020000457763672,21.920000076293945,22.0,45000
1996-11-29,22.059999465942383,22.059999465942383,22.059999465942383,21.940000534057617,22.0,80000
1996-12-02,22.15999984741211,22.15999984741211,22.15999984741211,21.940000534057617,21.940000534057617,230000
1996-12-03,22.059999465942383,22.059999465942383,22.15999984741211,22.0,22.100000381469727,60000
1996-12-04,21.860000610351562,21.860000610351562,21.940000534057617,21.700000762939453,21.940000534057617,140000
1996-12-05,21.799999237060547,21.799999237060547,21.860000610351562,21.639999389648438,21.860000610351562,195000
1996-12-06,21.719999313354492,21.719999313354492,22.0,21.559999465942383,21.700000762939453,190000
1996-12-09,22.020000457763672,22.020000457763672,22.139999389648438,21.940000534057617,22.0,90000
1996-12-10,22.100000381469727,22.100000381469727,22.260000228881836,21.920000076293945,21.940000534057617,205000
1996-12-11,22.059999465942383,22.059999465942383,22.280000686645508,22.0,22.040000915527344,90000
1996-12-12,21.8799991607666,21.8799991607666,22.139999389648438,21.860000610351562,22.020000457763672,140000
1996-12-13,21.940000534057617,21.940000534057617,22.040000915527344,21.799999237060547,21.799999237060547,110000
1996-12-16,21.899999618530273,21.899999618530273,22.079999923706055,21.8799991607666,21.8799991607666,150000
1996-12-17,21.799999237060547,21.799999237060547,21.920000076293945,21.65999984741211,21.799999237060547,105000
1996-12-18,21.81999969482422,21.81999969482422,22.0,21.799999237060547,21.799999237060547,155000
1996-12-19,22.079999923706055,22.079999923706055,22.15999984741211,21.860000610351562,21.899999618530273,260000
1996-12-20,22.059999465942383,22.059999465942383,22.200000762939453,22.059999465942383,22.200000762939453,190000
1996-12-23,21.979999542236328,21.979999542236328,22.139999389648438,21.979999542236328,22.059999465942383,95000
1996-12-24,22.239999771118164,22.239999771118164,22.239999771118164,22.0,22.0,180000
1996-12-26,22.639999389648438,22.639999389648438,23.5,22.299999237060547,22.299999237060547,330000
1996-12-27,22.600000381469727,22.600000381469727,22.760000228881836,22.540000915527344,22.600000381469727,150000
1996-12-30,22.420000076293945,22.420000076293945,22.559999465942383,22.360000610351562,22.559999465942383,85000
1996-12-31,22.239999771118164,22.239999771118164,22.360000610351562,22.100000381469727,22.360000610351562,255000
1997-01-02,21.940000534057617,21.940000534057617,22.200000762939453,21.899999618530273,22.200000762939453,385000
1997-01-03,22.1200008392334,22.1200008392334,22.18000030517578,22.0,22.0,90000
1997-01-06,22.18000030517578,22.18000030517578,22.280000686645508,22.1200008392334,22.1200008392334,105000
1997-01-07,22.079999923706055,22.079999923706055,22.18000030517578,22.0,22.139999389648438,100000
1997-01-08,21.920000076293945,21.920000076293945,22.260000228881836,21.760000228881836,22.1200008392334,605000
1997-01-09,22.1200008392334,22.1200008392334,22.1200008392334,21.860000610351562,21.860000610351562,210000
1997-01-10,22.1200008392334,22.1200008392334,22.200000762939453,22.0,22.040000915527344,150000
1997-01-13,22.139999389648438,22.139999389648438,22.200000762939453,22.040000915527344,22.040000915527344,225000
1997-01-14,22.520000457763672,22.520000457763672,22.540000915527344,22.139999389648438,22.139999389648438,320000
1997-01-15,22.540000915527344,22.540000915527344,22.579999923706055,22.34000015258789,22.479999542236328,175000
1997-01-16,22.780000686645508,22.780000686645508,22.780000686645508,22.559999465942383,22.600000381469727,180000
1997-01-17,23.0,23.0,23.0,22.719999313354492,22.719999313354492,105000
1997-01-20,23.18000030517578,23.18000030517578,23.18000030517578,22.920000076293945,22.959999084472656,230000
1997-01-21,23.18000030517578,23.18000030517578,23.260000228881836,23.079999923706055,23.139999389648438,160000
1997-01-22,23.260000228881836,23.260000228881836,23.280000686645508,23.139999389648438,23.15999984741211,110000
1997-01-23,23.139999389648438,23.139999389648438,23.260000228881836,23.100000381469727,23.200000762939453,105000
1997-01-24,22.860000610351562,22.860000610351562,23.1200008392334,22.760000228881836,23.1200008392334,185000
1997-01-27,22.719999313354492,22.719999313354492,22.899999618530273,22.600000381469727,22.780000686645508,160000
1997-01-28,22.780000686645508,22.780000686645508,22.8799991607666,22.700000762939453,22.700000762939453,155000
1997-01-29,23.239999771118164,23.239999771118164,23.239999771118164,22.739999771118164,22.760000228881836,95000
1997-01-30,23.18000030517578,23.18000030517578,23.299999237060547,23.139999389648438,23.239999771118164,80000
1997-01-31,23.100000381469727,23.100000381469727,23.200000762939453,23.040000915527344,23.100000381469727,115000
1997-02-03,23.239999771118164,23.239999771118164,23.239999771118164,23.059999465942383,23.200000762939453,90000
1997-02-04,23.34000015258789,23.34000015258789,23.440000534057617,23.260000228881836,23.31999969482422,425000
1997-02-05,23.68000030517578,23.68000030517578,23.940000534057617,23.459999084472656,23.459999084472656,200000
1997-02-06,23.579999923706055,23.579999923706055,23.639999389648438,23.459999084472656,23.6200008392334,75000
1997-02-07,23.940000534057617,23.940000534057617,23.940000534057617,23.639999389648438,23.639999389648438,110000
1997-02-10,24.0,24.0,24.020000457763672,23.940000534057617,23.959999084472656,70000
1997-02-11,23.979999542236328,23.979999542236328,24.020000457763672,23.899999618530273,24.020000457763672,80000
1997-02-12,24.280000686645508,24.280000686645508,24.280000686645508,23.979999542236328,23.979999542236328,170000
1997-02-13,24.760000228881836,24.760000228881836,25.0,24.399999618530273,24.399999618530273,505000
1997-02-14,24.360000610351562,24.360000610351562,24.780000686645508,24.299999237060547,24.780000686645508,115000
1997-02-18,23.959999084472656,23.959999084472656,24.100000381469727,23.8799991607666,24.059999465942383,125000
1997-02-19,24.1200008392334,24.1200008392334,24.139999389648438,23.860000610351562,24.020000457763672,170000
1997-02-20,24.040000915527344,24.040000915527344,24.31999969482422,23.899999618530273,24.31999969482422,140000
1997-02-21,24.1200008392334,24.1200008392334,24.239999771118164,23.940000534057617,24.0,45000
1997-02-24,24.059999465942383,24.059999465942383,24.1200008392334,24.0,24.059999465942383,55000
1997-02-25,24.18000030517578,24.18000030517578,24.18000030517578,24.059999465942383,24.1200008392334,35000
1997-02-26,24.040000915527344,24.040000915527344,24.239999771118164,24.040000915527344,24.200000762939453,40000
1997-02-27,23.899999618530273,23.899999618530273,24.079999923706055,23.899999618530273,24.079999923706055,70000
1997-02-28,23.760000228881836,23.760000228881836,23.760000228881836,23.559999465942383,23.719999313354492,95000
1997-03-03,24.079999923706055,24.079999923706055,24.079999923706055,23.739999771118164,23.780000686645508,115000
1997-03-04,24.020000457763672,24.020000457763672,24.1200008392334,23.8799991607666,24.020000457763672,100000
1997-03-05,24.200000762939453,24.200000762939453,24.200000762939453,23.959999084472656,23.959999084472656,40000
1997-03-06,24.280000686645508,24.280000686645508,24.959999084472656,24.260000228881836,24.31999969482422,135000
1997-03-07,24.860000610351562,24.860000610351562,24.940000534057617,24.559999465942383,24.65999984741211,150000
1997-03-10,24.739999771118164,24.739999771118164,24.920000076293945,24.459999084472656,24.920000076293945,75000
1997-03-11,24.860000610351562,24.860000610351562,24.860000610351562,24.700000762939453,24.719999313354492,55000
1997-03-12,24.940000534057617,24.940000534057617,25.040000915527344,24.81999969482422,24.8799991607666,195000
1997-03-13,24.540000915527344,24.540000915527344,24.920000076293945,24.459999084472656,24.920000076293945,120000
1997-03-14,24.65999984741211,24.65999984741211,24.81999969482422,24.520000457763672,24.520000457763672,60000
1997-03-17,24.31999969482422,24.31999969482422,24.520000457763672,24.020000457763672,24.459999084472656,165000
1997-03-18,24.219999313354492,24.219999313354492,24.459999084472656,24.100000381469727,24.31999969482422,95000
1997-03-19,24.700000762939453,24.700000762939453,24.799999237060547,24.200000762939453,24.239999771118164,205000
1997-03-20,24.65999984741211,24.65999984741211,24.719999313354492,24.440000534057617,24.6200008392334,125000
1997-03-21,25.0,25.0,25.0,24.719999313354492,24.719999313354492,180000
1997-03-24,24.799999237060547,24.799999237060547,25.0,24.479999542236328,25.0,130000
1997-03-25,25.059999465942383,25.059999465942383,25.15999984741211,24.65999984741211,24.65999984741211,135000
1997-03-26,25.219999313354492,25.219999313354492,25.219999313354492,25.020000457763672,25.059999465942383,55000
1997-03-27,24.979999542236328,24.979999542236328,25.280000686645508,24.899999618530273,25.239999771118164,85000
1997-03-31,24.200000762939453,24.200000762939453,24.899999618530273,24.200000762939453,24.899999618530273,175000
1997-04-01,24.280000686645508,24.280000686645508,24.34000015258789,24.059999465942383,24.15999984741211,265000
1997-04-02,24.100000381469727,24.100000381469727,24.299999237060547,24.059999465942383,24.299999237060547,100000
1997-04-03,24.059999465942383,24.059999465942383,24.079999923706055,23.940000534057617,24.020000457763672,145000
1997-04-04,24.479999542236328,24.479999542236328,24.479999542236328,23.940000534057617,24.100000381469727,115000
1997-04-07,25.200000762939453,25.200000762939453,25.280000686645508,24.600000381469727,24.6200008392334,165000
1997-04-08,25.219999313354492,25.219999313354492,25.219999313354492,25.079999923706055,25.200000762939453,65000
1997-04-09,24.799999237060547,24.799999237060547,24.940000534057617,24.5,24.920000076293945,120000
1997-04-10,24.959999084472656,24.959999084472656,24.959999084472656,24.780000686645508,24.799999237060547,65000
1997-04-11,24.459999084472656,24.459999084472656,24.8799991607666,24.34000015258789,24.8799991607666,55000
1997-04-14,24.760000228881836,24.760000228881836,24.84000015258789,24.459999084472656,24.5,55000
1997-04-15,25.139999389648438,25.139999389648438,25.15999984741211,24.940000534057617,24.959999084472656,130000
1997-04-16,25.200000762939453,25.200000762939453,25.200000762939453,24.979999542236328,25.139999389648438,60000
1997-04-17,25.280000686645508,25.280000686645508,25.299999237060547,25.200000762939453,25.239999771118164,75000
1997-04-18,25.299999237060547,25.299999237060547,25.360000610351562,25.1200008392334,25.280000686645508,105000
1997-04-21,25.18000030517578,25.18000030517578,25.360000610351562,25.18000030517578,25.31999969482422,90000
1997-04-22,25.239999771118164,25.239999771118164,25.299999237060547,25.079999923706055,25.219999313354492,115000
1997-04-23,25.200000762939453,25.200000762939453,25.360000610351562,25.15999984741211,25.299999237060547,100000
1997-04-24,25.139999389648438,25.139999389648438,25.299999237060547,25.079999923706055,25.239999771118164,115000
1997-04-25,25.200000762939453,25.200000762939453,25.200000762939453,25.020000457763672,25.15999984741211,60000
1997-04-28,25.360000610351562,25.360000610351562,25.360000610351562,25.18000030517578,25.200000762939453,70000
1997-04-29,25.459999084472656,25.459999084472656,25.700000762939453,25.399999618530273,25.399999618530273,190000
1997-04-30,25.420000076293945,25.420000076293945,25.459999084472656,25.360000610351562,25.459999084472656,145000
1997-05-01,25.200000762939453,25.200000762939453,25.420000076293945,25.100000381469727,25.420000076293945,135000
1997-05-02,25.399999618530273,25.399999618530273,25.420000076293945,25.219999313354492,25.299999237060547,160000
1997-05-05,26.100000381469727,26.100000381469727,26.100000381469727,25.5,25.5,160000
1997-05-06,26.420000076293945,26.420000076293945,26.600000381469727,26.299999237060547,26.360000610351562,150000
1997-05-07,26.040000915527344,26.040000915527344,26.420000076293945,26.0,26.3799991607666,170000
1997-05-08,26.399999618530273,26.399999618530273,26.459999084472656,25.940000534057617,26.040000915527344,165000
1997-05-09,26.31999969482422,26.31999969482422,26.440000534057617,26.15999984741211,26.399999618530273,125000
1997-05-12,26.440000534057617,26.440000534057617,26.559999465942383,26.31999969482422,26.440000534057617,145000
1997-05-13,26.6200008392334,26.6200008392334,26.6200008392334,26.440000534057617,26.479999542236328,110000
1997-05-14,26.739999771118164,26.739999771118164,26.84000015258789,26.700000762939453,26.700000762939453,230000
1997-05-15,26.6200008392334,26.6200008392334,26.739999771118164,26.479999542236328,26.739999771118164,130000
1997-05-16,26.719999313354492,26.719999313354492,26.739999771118164,26.600000381469727,26.65999984741211,100000
1997-05-19,26.760000228881836,26.760000228881836,26.81999969482422,26.700000762939453,26.719999313354492,70000
1997-05-20,26.979999542236328,26.979999542236328,26.979999542236328,26.600000381469727,26.760000228881836,160000
1997-05-21,27.739999771118164,27.739999771118164,27.860000610351562,27.040000915527344,27.040000915527344,205000
1997-05-22,28.260000228881836,28.260000228881836,28.280000686645508,28.100000381469727,28.1200008392334,335000
1997-05-23,28.639999389648438,28.639999389648438,28.81999969482422,28.34000015258789,28.34000015258789,290000
1997-05-27,28.68000030517578,28.68000030517578,29.700000762939453,28.65999984741211,28.700000762939453,360000
1997-05-28,28.399999618530273,28.399999618530273,28.719999313354492,28.360000610351562,28.719999313354492,160000
1997-05-29,28.3799991607666,28.3799991607666,28.440000534057617,28.260000228881836,28.399999618530273,145000
1997-05-30,28.899999618530273,28.899999618530273,28.899999618530273,28.18000030517578,28.3799991607666,165000
1997-06-02,28.920000076293945,28.920000076293945,29.139999389648438,28.799999237060547,29.0,140000
1997-06-03,28.600000381469727,28.600000381469727,28.920000076293945,28.559999465942383,28.920000076293945,175000
1997-06-04,29.100000381469727,29.100000381469727,29.1200008392334,28.700000762939453,28.700000762939453,170000
1997-06-05,29.799999237060547,29.799999237060547,29.81999969482422,29.0,29.0,195000
1997-06-06,30.31999969482422,30.31999969482422,30.559999465942383,29.899999618530273,29.899999618530273,345000
1997-06-09,30.760000228881836,30.760000228881836,30.8799991607666,30.520000457763672,30.520000457763672,290000
1997-06-10,31.3799991607666,31.3799991607666,31.459999084472656,30.920000076293945,31.0,775000
1997-06-11,31.360000610351562,31.360000610351562,31.719999313354492,31.239999771118164,31.459999084472656,335000
1997-06-12,31.780000686645508,31.780000686645508,31.799999237060547,31.459999084472656,31.600000381469727,275000
1997-06-13,32.459999084472656,32.459999084472656,32.47999954223633,32.040000915527344,32.13999938964844,325000
1997-06-16,30.860000610351562,30.860000610351562,32.459999084472656,30.399999618530273,32.459999084472656,415000
1997-06-17,31.100000381469727,31.100000381469727,31.100000381469727,30.760000228881836,30.899999618530273,395000
1997-06-18,31.65999984741211,31.65999984741211,31.65999984741211,31.040000915527344,31.040000915527344,135000
1997-06-19,32.060001373291016,32.060001373291016,32.08000183105469,31.940000534057617,32.0,145000
1997-06-20,31.639999389648438,31.639999389648438,32.099998474121094,31.399999618530273,32.099998474121094,195000
1997-06-23,31.5,31.5,31.719999313354492,31.440000534057617,31.68000030517578,105000
1997-06-24,32.0,32.0,32.060001373291016,31.739999771118164,31.799999237060547,140000
1997-06-25,31.899999618530273,31.899999618530273,32.040000915527344,31.68000030517578,32.0,145000
1997-06-26,31.719999313354492,31.719999313354492,31.959999084472656,31.600000381469727,31.899999618530273,65000
1997-06-27,31.899999618530273,31.899999618530273,31.899999618530273,31.68000030517578,31.719999313354492,100000
1997-06-30,31.600000381469727,31.600000381469727,31.940000534057617,31.5,31.899999618530273,130000
1997-07-01,31.65999984741211,31.65999984741211,31.760000228881836,31.520000457763672,31.68000030517578,105000
1997-07-02,31.780000686645508,31.780000686645508,31.81999969482422,31.719999313354492,31.760000228881836,105000
1997-07-03,31.5,31.5,31.81999969482422,31.260000228881836,31.780000686645508,135000
1997-07-07,31.780000686645508,31.780000686645508,31.780000686645508,31.520000457763672,31.760000228881836,130000
1997-07-08,31.799999237060547,31.799999237060547,31.8799991607666,31.719999313354492,31.799999237060547,100000
1997-07-09,31.600000381469727,31.600000381469727,31.899999618530273,31.520000457763672,31.899999618530273,150000
1997-07-10,31.299999237060547,31.299999237060547,31.719999313354492,31.299999237060547,31.68000030517578,95000
1997-07-11,31.479999542236328,31.479999542236328,31.559999465942383,31.200000762939453,31.360000610351562,130000
1997-07-14,31.020000457763672,31.020000457763672,31.399999618530273,30.760000228881836,31.399999618530273,175000
1997-07-15,31.040000915527344,31.040000915527344,31.200000762939453,30.760000228881836,31.15999984741211,220000
1997-07-16,31.81999969482422,31.81999969482422,32.13999938964844,31.100000381469727,31.100000381469727,175000
1997-07-17,31.540000915527344,31.540000915527344,31.959999084472656,31.399999618530273,31.899999618530273,140000
1997-07-18,30.940000534057617,30.940000534057617,31.600000381469727,30.799999237060547,31.600000381469727,270000
1997-07-21,31.5,31.5,31.5,30.899999618530273,30.899999618530273,115000
1997-07-22,31.899999618530273,31.899999618530273,31.979999542236328,31.399999618530273,31.68000030517578,135000
1997-07-23,31.959999084472656,31.959999084472656,32.08000183105469,31.540000915527344,32.08000183105469,130000
1997-07-24,31.84000015258789,31.84000015258789,31.979999542236328,31.600000381469727,31.979999542236328,60000
1997-07-25,32.040000915527344,32.040000915527344,32.040000915527344,31.739999771118164,31.920000076293945,75000
1997-07-28,31.940000534057617,31.940000534057617,32.060001373291016,31.920000076293945,32.060001373291016,140000
1997-07-29,31.860000610351562,31.860000610351562,31.899999618530273,31.6200008392334,31.899999618530273,80000
1997-07-30,31.959999084472656,31.959999084472656,32.08000183105469,31.8799991607666,31.979999542236328,85000
1997-07-31,31.6200008392334,31.6200008392334,31.959999084472656,31.600000381469727,31.959999084472656,100000
1997-08-01,31.780000686645508,31.780000686645508,31.799999237060547,31.639999389648438,31.700000762939453,75000
1997-08-04,31.68000030517578,31.68000030517578,31.899999618530273,31.65999984741211,31.84000015258789,80000
1997-08-05,31.5,31.5,31.65999984741211,31.459999084472656,31.639999389648438,75000
1997-08-06,31.600000381469727,31.600000381469727,31.65999984741211,31.579999923706055,31.600000381469727,40000
1997-08-07,31.219999313354492,31.219999313354492,31.639999389648438,31.200000762939453,31.639999389648438,105000
1997-08-08,30.639999389648438,30.639999389648438,31.0,30.520000457763672,31.0,180000
1997-08-11,29.959999084472656,29.959999084472656,30.360000610351562,29.15999984741211,30.31999969482422,335000
1997-08-12,29.739999771118164,29.739999771118164,29.979999542236328,29.719999313354492,29.799999237060547,80000
1997-08-13,29.6200008392334,29.6200008392334,30.0,29.540000915527344,29.799999237060547,120000
1997-08-14,29.520000457763672,29.520000457763672,29.920000076293945,29.5,29.760000228881836,120000
1997-08-15,29.139999389648438,29.139999389648438,29.5,28.899999618530273,29.5,280000
1997-08-18,29.360000610351562,29.360000610351562,29.5,28.940000534057617,29.059999465942383,145000
1997-08-19,30.200000762939453,30.200000762939453,30.520000457763672,29.440000534057617,29.440000534057617,190000
1997-08-20,30.0,30.0,30.200000762939453,29.65999984741211,30.200000762939453,140000
1997-08-21,29.479999542236328,29.479999542236328,29.940000534057617,29.440000534057617,29.899999618530273,60000
1997-08-22,28.979999542236328,28.979999542236328,29.15999984741211,28.280000686645508,29.100000381469727,230000
1997-08-25,29.260000228881836,29.260000228881836,29.399999618530273,29.0,29.059999465942383,95000
1997-08-26,29.040000915527344,29.040000915527344,29.18000030517578,28.860000610351562,29.139999389648438,55000
1997-08-27,28.760000228881836,28.760000228881836,28.81999969482422,28.540000915527344,28.719999313354492,120000
1997-08-28,28.059999465942383,28.059999465942383,28.760000228881836,28.0,28.760000228881836,230000
1997-08-29,27.84000015258789,27.84000015258789,27.860000610351562,27.540000915527344,27.799999237060547,165000
1997-09-02,28.239999771118164,28.239999771118164,28.239999771118164,27.860000610351562,27.860000610351562,180000
1997-09-03,29.139999389648438,29.139999389648438,29.200000762939453,28.299999237060547,28.299999237060547,115000
1997-09-04,28.940000534057617,28.940000534057617,29.200000762939453,28.940000534057617,29.15999984741211,70000
1997-09-05,29.059999465942383,29.059999465942383,29.360000610351562,29.0,29.040000915527344,85000
1997-09-08,28.719999313354492,28.719999313354492,29.15999984741211,28.700000762939453,29.15999984741211,80000
1997-09-09,28.940000534057617,28.940000534057617,28.979999542236328,28.739999771118164,28.799999237060547,60000
1997-09-10,28.559999465942383,28.559999465942383,29.200000762939453,28.399999618530273,29.1200008392334,60000
1997-09-11,28.219999313354492,28.219999313354492,28.459999084472656,27.899999618530273,28.399999618530273,105000
1997-09-12,28.420000076293945,28.420000076293945,28.479999542236328,28.0,28.219999313354492,90000
1997-09-15,28.5,28.5,28.68000030517578,28.420000076293945,28.440000534057617,35000
1997-09-16,29.479999542236328,29.479999542236328,29.479999542236328,28.579999923706055,28.600000381469727,125000
1997-09-17,29.540000915527344,29.540000915527344,29.899999618530273,29.34000015258789,29.799999237060547,85000
1997-09-18,29.520000457763672,29.520000457763672,29.719999313354492,29.420000076293945,29.5,65000
1997-09-19,29.5,29.5,29.65999984741211,29.440000534057617,29.520000457763672,30000
1997-09-22,29.600000381469727,29.600000381469727,29.700000762939453,29.520000457763672,29.600000381469727,100000
1997-09-23,29.959999084472656,29.959999084472656,29.959999084472656,29.579999923706055,29.600000381469727,105000
1997-09-24,30.0,30.0,30.280000686645508,30.0,30.100000381469727,130000
1997-09-25,29.860000610351562,29.860000610351562,30.100000381469727,29.700000762939453,29.81999969482422,110000
1997-09-26,29.860000610351562,29.860000610351562,29.979999542236328,29.860000610351562,29.860000610351562,70000
1997-09-29,29.899999618530273,29.899999618530273,30.0,29.68000030517578,29.899999618530273,45000
1997-09-30,29.899999618530273,29.899999618530273,30.0,29.84000015258789,29.920000076293945,80000
1997-10-01,29.920000076293945,29.920000076293945,30.0,29.780000686645508,29.959999084472656,70000
1997-10-02,30.5,30.5,30.559999465942383,29.860000610351562,29.860000610351562,200000
1997-10-03,30.600000381469727,30.600000381469727,31.299999237060547,30.600000381469727,30.68000030517578,170000
1997-10-06,30.8799991607666,30.8799991607666,30.8799991607666,30.719999313354492,30.760000228881836,65000
1997-10-07,30.780000686645508,30.780000686645508,30.8799991607666,30.65999984741211,30.8799991607666,45000
1997-10-08,30.479999542236328,30.479999542236328,30.84000015258789,30.34000015258789,30.84000015258789,80000
1997-10-09,30.239999771118164,30.239999771118164,30.479999542236328,30.200000762939453,30.479999542236328,100000
1997-10-10,29.84000015258789,29.84000015258789,30.18000030517578,29.760000228881836,30.18000030517578,90000
1997-10-13,29.700000762939453,29.700000762939453,29.8799991607666,29.479999542236328,29.84000015258789,50000
1997-10-14,30.040000915527344,30.040000915527344,30.059999465942383,29.459999084472656,29.520000457763672,115000
1997-10-15,30.020000457763672,30.020000457763672,30.059999465942383,29.780000686645508,29.920000076293945,105000
1997-10-16,29.979999542236328,29.979999542236328,30.360000610351562,29.860000610351562,29.940000534057617,85000
1997-10-17,29.68000030517578,29.68000030517578,30.0,29.34000015258789,29.940000534057617,90000
1997-10-20,29.700000762939453,29.700000762939453,29.799999237060547,29.5,29.799999237060547,70000
1997-10-21,30.020000457763672,30.020000457763672,30.18000030517578,29.799999237060547,29.799999237060547,55000
1997-10-22,29.920000076293945,29.920000076293945,30.020000457763672,29.799999237060547,30.020000457763672,40000
1997-10-23,29.600000381469727,29.600000381469727,29.84000015258789,29.399999618530273,29.459999084472656,125000
1997-10-24,29.719999313354492,29.719999313354492,29.920000076293945,29.540000915527344,29.799999237060547,70000
1997-10-27,28.860000610351562,28.860000610351562,29.739999771118164,28.84000015258789,29.600000381469727,150000
1997-10-28,29.860000610351562,29.860000610351562,29.860000610351562,28.0,28.0,300000
1997-10-29,29.700000762939453,29.700000762939453,30.299999237060547,29.65999984741211,30.200000762939453,205000
1997-10-30,29.5,29.5,29.700000762939453,29.440000534057617,29.5,35000
1997-10-31,29.3799991607666,29.3799991607666,29.780000686645508,29.299999237060547,29.5,65000
1997-11-03,29.639999389648438,29.639999389648438,29.65999984741211,29.360000610351562,29.420000076293945,90000
1997-11-04,29.540000915527344,29.540000915527344,29.6200008392334,29.31999969482422,29.5,60000
1997-11-05,29.399999618530273,29.399999618530273,29.65999984741211,29.34000015258789,29.600000381469727,85000
1997-11-06,29.399999618530273,29.399999618530273,29.520000457763672,29.34000015258789,29.5,50000
1997-11-07,29.219999313354492,29.219999313354492,29.399999618530273,29.139999389648438,29.200000762939453,85000
1997-11-10,29.34000015258789,29.34000015258789,29.440000534057617,29.18000030517578,29.219999313354492,75000
1997-11-11,29.239999771118164,29.239999771118164,29.420000076293945,29.239999771118164,29.360000610351562,25000
1997-11-12,29.079999923706055,29.079999923706055,29.5,29.079999923706055,29.360000610351562,35000
1997-11-13,29.280000686645508,29.280000686645508,29.31999969482422,29.1200008392334,29.200000762939453,70000
1997-11-14,29.700000762939453,29.700000762939453,29.700000762939453,29.399999618530273,29.399999618530273,80000
1997-11-17,30.399999618530273,30.399999618530273,30.799999237060547,29.860000610351562,29.860000610351562,180000
1997-11-18,30.399999618530273,30.399999618530273,30.65999984741211,30.399999618530273,30.459999084472656,50000
1997-11-19,30.540000915527344,30.540000915527344,30.579999923706055,30.3799991607666,30.3799991607666,70000
1997-11-20,30.719999313354492,30.719999313354492,30.780000686645508,30.5,30.600000381469727,65000
1997-11-21,29.860000610351562,29.860000610351562,30.899999618530273,29.5,30.719999313354492,100000
1997-11-24,29.760000228881836,29.760000228881836,29.899999618530273,29.600000381469727,29.600000381469727,80000
1997-11-25,29.780000686645508,29.780000686645508,30.040000915527344,29.639999389648438,29.920000076293945,65000
1997-11-26,29.700000762939453,29.700000762939453,29.84000015258789,29.559999465942383,29.84000015258789,50000
1997-11-28,30.15999984741211,30.15999984741211,30.15999984741211,29.81999969482422,29.860000610351562,10000
1997-12-01,30.399999618530273,30.399999618530273,30.600000381469727,30.34000015258789,30.399999618530273,225000
1997-12-02,30.559999465942383,30.559999465942383,30.959999084472656,30.3799991607666,30.399999618530273,160000
1997-12-03,30.3799991607666,30.3799991607666,30.540000915527344,30.299999237060547,30.5,55000
1997-12-04,30.600000381469727,30.600000381469727,30.780000686645508,30.299999237060547,30.3799991607666,220000
1997-12-05,30.799999237060547,30.799999237060547,30.81999969482422,30.600000381469727,30.6200008392334,155000
1997-12-08,30.799999237060547,30.799999237060547,31.0,30.700000762939453,31.0,65000
1997-12-09,30.5,30.5,30.860000610351562,30.5,30.799999237060547,60000
1997-12-10,30.239999771118164,30.239999771118164,30.559999465942383,30.239999771118164,30.440000534057617,40000
1997-12-11,30.15999984741211,30.15999984741211,30.239999771118164,29.959999084472656,30.15999984741211,85000
1997-12-12,30.200000762939453,30.200000762939453,30.239999771118164,30.100000381469727,30.200000762939453,50000
1997-12-15,30.700000762939453,30.700000762939453,30.719999313354492,30.200000762939453,30.200000762939453,185000
1997-12-16,30.799999237060547,30.799999237060547,30.920000076293945,30.540000915527344,30.600000381469727,110000
1997-12-17,30.8799991607666,30.8799991607666,31.059999465942383,30.799999237060547,30.799999237060547,90000
1997-12-18,30.739999771118164,30.739999771118164,30.920000076293945,30.600000381469727,30.920000076293945,45000
1997-12-19,30.84000015258789,30.84000015258789,30.84000015258789,30.100000381469727,30.459999084472656,150000
1997-12-22,30.579999923706055,30.579999923706055,30.799999237060547,30.559999465942383,30.639999389648438,60000
1997-12-23,30.520000457763672,30.520000457763672,30.719999313354492,30.520000457763672,30.65999984741211,45000
1997-12-24,30.559999465942383,30.559999465942383,30.700000762939453,30.520000457763672,30.520000457763672,35000
1997-12-26,30.600000381469727,30.600000381469727,30.600000381469727,30.540000915527344,30.600000381469727,10000
1997-12-29,30.739999771118164,30.739999771118164,30.799999237060547,30.559999465942383,30.700000762939453,55000
1997-12-30,30.780000686645508,30.780000686645508,30.780000686645508,30.540000915527344,30.739999771118164,95000
1997-12-31,30.780000686645508,30.780000686645508,30.780000686645508,30.520000457763672,30.760000228881836,105000
1998-01-02,30.579999923706055,30.579999923706055,30.780000686645508,30.579999923706055,30.780000686645508,65000
1998-01-05,31.100000381469727,31.100000381469727,31.1200008392334,30.84000015258789,30.920000076293945,320000
1998-01-06,31.18000030517578,31.18000030517578,31.280000686645508,30.780000686645508,31.200000762939453,300000
1998-01-07,31.459999084472656,31.459999084472656,31.459999084472656,30.799999237060547,31.219999313354492,175000
1998-01-08,31.799999237060547,31.799999237060547,31.84000015258789,31.420000076293945,31.639999389648438,165000
1998-01-09,31.440000534057617,31.440000534057617,31.899999618530273,31.440000534057617,31.899999618530273,250000
1998-01-12,31.239999771118164,31.239999771118164,31.239999771118164,30.700000762939453,30.700000762939453,295000
1998-01-13,31.440000534057617,31.440000534057617,31.440000534057617,31.280000686645508,31.280000686645508,100000
1998-01-14,31.3799991607666,31.3799991607666,31.5,31.200000762939453,31.459999084472656,145000
1998-01-15,31.440000534057617,31.440000534057617,31.440000534057617,31.280000686645508,31.399999618530273,105000
1998-01-16,31.739999771118164,31.739999771118164,31.799999237060547,31.440000534057617,31.559999465942383,295000
1998-01-20,32.63999938964844,32.63999938964844,32.65999984741211,31.940000534057617,32.060001373291016,185000
1998-01-21,33.36000061035156,33.36000061035156,33.5,32.86000061035156,32.86000061035156,315000
1998-01-22,33.0,33.0,33.400001525878906,32.959999084472656,33.400001525878906,225000
1998-01-23,32.939998626708984,32.939998626708984,33.29999923706055,32.900001525878906,33.119998931884766,215000
1998-01-26,32.880001068115234,32.880001068115234,33.060001373291016,32.880001068115234,33.040000915527344,75000
1998-01-27,33.279998779296875,33.279998779296875,33.279998779296875,32.84000015258789,32.959999084472656,115000
1998-01-28,33.400001525878906,33.400001525878906,33.400001525878906,33.2400016784668,33.36000061035156,85000
1998-01-29,33.7400016784668,33.7400016784668,33.7400016784668,33.36000061035156,33.400001525878906,215000
1998-01-30,33.540000915527344,33.540000915527344,33.86000061035156,33.540000915527344,33.79999923706055,115000
1998-02-02,34.599998474121094,34.599998474121094,34.79999923706055,33.84000015258789,33.86000061035156,195000
1998-02-03,35.20000076293945,35.20000076293945,35.20000076293945,34.79999923706055,34.86000061035156,170000
1998-02-04,35.15999984741211,35.15999984741211,35.2599983215332,35.119998931884766,35.20000076293945,290000
1998-02-05,35.65999984741211,35.65999984741211,35.84000015258789,35.2599983215332,35.36000061035156,275000
1998-02-06,35.58000183105469,35.58000183105469,35.880001068115234,35.560001373291016,35.70000076293945,185000
1998-02-09,35.720001220703125,35.720001220703125,35.79999923706055,35.65562438964844,35.79999923706055,200000
1998-02-10,35.7400016784668,35.7400016784668,35.7599983215332,35.63999938964844,35.720001220703125,155000
1998-02-11,36.060001373291016,36.060001373291016,36.29999923706055,35.86000061035156,35.91999816894531,235000
1998-02-12,35.880001068115234,35.880001068115234,36.060001373291016,35.7400016784668,36.060001373291016,145000
1998-02-13,36.08000183105469,36.08000183105469,36.08000183105469,35.65999984741211,35.65999984741211,185000
1998-02-17,36.68000030517578,36.68000030517578,36.7599983215332,36.400001525878906,36.439998626708984,260000
1998-02-18,36.63999938964844,36.63999938964844,36.68000030517578,36.459999084472656,36.68000030517578,190000
1998-02-19,36.599998474121094,36.599998474121094,36.68000030517578,36.459999084472656,36.68000030517578,190000
1998-02-20,36.65999984741211,36.65999984741211,36.68000030517578,36.540000915527344,36.599998474121094,125000
1998-02-23,37.099998474121094,37.099998474121094,37.13999938964844,36.70000076293945,36.7599983215332,270000
1998-02-24,36.5,36.5,37.279998779296875,36.5,37.13999938964844,290000
1998-02-25,36.91999816894531,36.91999816894531,36.959999084472656,36.599998474121094,36.599998474121094,115000
1998-02-26,36.959999084472656,36.959999084472656,37.13999938964844,36.7400016784668,37.08000183105469,145000
1998-02-27,37.20000076293945,37.20000076293945,37.20000076293945,36.91999816894531,37.0,135000
1998-03-02,37.63999938964844,37.63999938964844,37.65999984741211,37.31999969482422,37.380001068115234,210000
1998-03-03,38.099998474121094,38.099998474121094,38.099998474121094,37.540000915527344,37.560001373291016,295000
1998-03-04,38.47999954223633,38.47999954223633,38.47999954223633,38.099998474121094,38.31999969482422,300000
1998-03-05,38.599998474121094,38.599998474121094,38.65999984741211,38.2400016784668,38.47999954223633,240000
1998-03-06,39.400001525878906,39.400001525878906,39.86000061035156,38.779998779296875,38.79999923706055,560000
1998-03-09,39.220001220703125,39.220001220703125,39.86000061035156,39.0,39.540000915527344,515000
1998-03-10,39.959999084472656,39.959999084472656,40.0,39.220001220703125,39.459999084472656,300000
1998-03-11,41.439998626708984,41.439998626708984,41.5,40.119998931884766,40.119998931884766,375000
1998-03-12,40.81999969482422,40.81999969482422,41.5,40.220001220703125,41.5,545000
1998-03-13,39.70000076293945,39.70000076293945,40.91999816894531,39.58000183105469,40.880001068115234,465000
1998-03-16,41.0,41.0,41.400001525878906,40.65999984741211,41.29999923706055,455000
1998-03-17,42.18000030517578,42.18000030517578,42.20000076293945,41.29999923706055,41.459999084472656,315000
1998-03-18,43.20000076293945,43.20000076293945,43.2599983215332,42.400001525878906,42.400001525878906,535000
1998-03-19,45.099998474121094,45.099998474121094,45.459999084472656,43.52000045776367,43.52000045776367,850000
1998-03-20,46.08000183105469,46.08000183105469,46.47999954223633,45.560001373291016,45.560001373291016,890000
1998-03-23,44.900001525878906,44.900001525878906,45.84000015258789,44.70000076293945,45.84000015258789,730000
1998-03-24,43.65999984741211,43.65999984741211,44.7400016784668,42.939998626708984,44.70000076293945,1025000
1998-03-25,44.119998931884766,44.119998931884766,44.779998779296875,43.939998626708984,44.119998931884766,545000
1998-03-26,44.68000030517578,44.68000030517578,44.720001220703125,44.2400016784668,44.2599983215332,380000
1998-03-27,44.900001525878906,44.900001525878906,45.31999969482422,44.84000015258789,45.0,325000
1998-03-30,44.20000076293945,44.20000076293945,45.2599983215332,44.040000915527344,45.2599983215332,370000
1998-03-31,44.900001525878906,44.900001525878906,44.959999084472656,44.400001525878906,44.400001525878906,320000
1998-04-01,44.79999923706055,44.79999923706055,45.060001373291016,44.70000076293945,45.0,335000
1998-04-02,44.900001525878906,44.900001525878906,45.060001373291016,44.720001220703125,45.0,280000
1998-04-03,45.18000030517578,45.18000030517578,45.20000076293945,44.939998626708984,45.119998931884766,240000
1998-04-06,45.7599983215332,45.7599983215332,45.7599983215332,45.31999969482422,45.400001525878906,255000
1998-04-07,45.84000015258789,45.84000015258789,45.939998626708984,45.540000915527344,45.939998626708984,240000
1998-04-08,46.2400016784668,46.2400016784668,46.279998779296875,46.0,46.0,275000
1998-04-09,46.63999938964844,46.63999938964844,46.70000076293945,46.52000045776367,46.65999984741211,250000
1998-04-13,46.65999984741211,46.65999984741211,46.65999984741211,46.15999984741211,46.20000076293945,305000
1998-04-14,47.20000076293945,47.20000076293945,47.220001220703125,46.86000061035156,46.91999816894531,505000
1998-04-15,47.41999816894531,47.41999816894531,47.41999816894531,47.060001373291016,47.29999923706055,355000
1998-04-16,47.13999938964844,47.13999938964844,47.459999084472656,47.0,47.459999084472656,245000
1998-04-17,47.15999984741211,47.15999984741211,47.15999984741211,46.939998626708984,47.13999938964844,130000
1998-04-20,46.959999084472656,46.959999084472656,47.2599983215332,46.900001525878906,47.0,335000
1998-04-21,45.880001068115234,45.880001068115234,46.599998474121094,45.68000030517578,46.599998474121094,400000
1998-04-22,44.34000015258789,44.34000015258789,45.779998779296875,43.68000030517578,45.7599983215332,775000
1998-04-23,44.15999984741211,44.15999984741211,44.29999923706055,43.70000076293945,44.29999923706055,350000
1998-04-24,45.599998474121094,45.599998474121094,45.65999984741211,44.2400016784668,44.2400016784668,320000
1998-04-27,44.29999923706055,44.29999923706055,44.79999923706055,43.7400016784668,44.79999923706055,415000
1998-04-28,45.15999984741211,45.15999984741211,45.58000183105469,44.779998779296875,44.779998779296875,305000
1998-04-29,45.400001525878906,45.400001525878906,45.540000915527344,45.099998474121094,45.15999984741211,210000
1998-04-30,45.900001525878906,45.900001525878906,46.29999923706055,45.81999969482422,45.86000061035156,360000
1998-05-01,46.099998474121094,46.099998474121094,46.279998779296875,45.900001525878906,46.0,175000
1998-05-04,46.15999984741211,46.15999984741211,46.86000061035156,45.15999984741211,46.720001220703125,445000
1998-05-05,46.220001220703125,46.220001220703125,46.560001373291016,46.13999938964844,46.2400016784668,295000
1998-05-06,46.35562515258789,46.35562515258789,46.560001373291016,46.18000030517578,46.34000015258789,255000
1998-05-07,46.65999984741211,46.65999984741211,46.68000030517578,46.459999084472656,46.65999984741211,205000
1998-05-08,46.7400016784668,46.7400016784668,46.7599983215332,46.58000183105469,46.65999984741211,225000
1998-05-11,46.91999816894531,46.91999816894531,47.099998474121094,46.79999923706055,47.099998474121094,205000
1998-05-12,46.900001525878906,46.900001525878906,47.119998931884766,46.619998931884766,47.0,155000
1998-05-13,47.18000030517578,47.18000030517578,47.2599983215332,47.099998474121094,47.20000076293945,200000
1998-05-14,48.7599983215332,48.7599983215332,48.7599983215332,47.13999938964844,47.34000015258789,425000
1998-05-15,49.619998931884766,49.619998931884766,49.7599983215332,48.91999816894531,49.20000076293945,470000
1998-05-18,48.400001525878906,48.400001525878906,49.720001220703125,48.08000183105469,49.619998931884766,550000
1998-05-19,48.119998931884766,48.119998931884766,49.08000183105469,47.560001373291016,49.08000183105469,450000
1998-05-20,48.31999969482422,48.31999969482422,48.58000183105469,48.13999938964844,48.34000015258789,240000
1998-05-21,48.34000015258789,48.34000015258789,48.439998626708984,48.2599983215332,48.439998626708984,135000
1998-05-22,47.58000183105469,47.58000183105469,48.47999954223633,47.040000915527344,48.400001525878906,370000
1998-05-26,47.65999984741211,47.65999984741211,48.18000030517578,47.560001373291016,48.060001373291016,240000
1998-05-27,46.900001525878906,46.900001525878906,47.34000015258789,46.70000076293945,47.13999938964844,350000
1998-05-28,46.7599983215332,46.7599983215332,46.900001525878906,46.5,46.900001525878906,240000
1998-05-29,46.959999084472656,46.959999084472656,46.959999084472656,46.41999816894531,46.79999923706055,215000
1998-06-01,47.15999984741211,47.15999984741211,47.29999923706055,46.79999923706055,46.79999923706055,140000
1998-06-02,49.119998931884766,49.119998931884766,49.119998931884766,47.060001373291016,47.20000076293945,590000
1998-06-03,50.20000076293945,50.20000076293945,50.68000030517578,48.63999938964844,49.20000076293945,650000
1998-06-04,50.959999084472656,50.959999084472656,50.959999084472656,50.0,50.34000015258789,565000
1998-06-05,51.20000076293945,51.20000076293945,51.29999923706055,50.540000915527344,50.959999084472656,295000
1998-06-08,52.20000076293945,52.20000076293945,52.31999969482422,50.880001068115234,51.79999923706055,500000
1998-06-09,51.91999816894531,51.91999816894531,52.2599983215332,51.400001525878906,52.15999984741211,1030000
1998-06-10,51.34000015258789,51.34000015258789,51.900001525878906,50.900001525878906,51.79999923706055,465000
1998-06-11,51.20000076293945,51.20000076293945,51.720001220703125,50.86000061035156,51.36000061035156,255000
1998-06-12,51.08000183105469,51.08000183105469,51.5,50.20000076293945,51.13999938964844,265000
1998-06-15,50.099998474121094,50.099998474121094,51.08000183105469,50.0,51.08000183105469,395000
1998-06-16,51.2400016784668,51.2400016784668,51.2599983215332,50.02000045776367,50.099998474121094,305000
1998-06-17,52.31999969482422,52.31999969482422,53.65999984741211,51.91999816894531,51.91999816894531,580000
1998-06-18,52.7599983215332,52.7599983215332,53.099998474121094,52.20000076293945,52.279998779296875,320000
1998-06-19,54.099998474121094,54.099998474121094,54.279998779296875,52.720001220703125,52.900001525878906,415000
1998-06-22,51.900001525878906,51.900001525878906,55.900001525878906,51.900001525878906,55.31999969482422,2300000
1998-06-23,52.41999816894531,52.41999816894531,52.7599983215332,52.279998779296875,52.279998779296875,830000
1998-06-24,52.2599983215332,52.2599983215332,52.599998474121094,52.13999938964844,52.599998474121094,475000
1998-06-25,52.040000915527344,52.040000915527344,52.459999084472656,52.0,52.34000015258789,445000
1998-06-26,52.119998931884766,52.119998931884766,52.29999923706055,52.08000183105469,52.15999984741211,230000
1998-06-29,52.279998779296875,52.279998779296875,52.41999816894531,52.20000076293945,52.36000061035156,330000
1998-06-30,52.2599983215332,52.2599983215332,52.31999969482422,52.119998931884766,52.31999969482422,190000
1998-07-01,52.060001373291016,52.060001373291016,52.31999969482422,52.0,52.2599983215332,280000
1998-07-02,51.7599983215332,51.7599983215332,52.2599983215332,51.619998931884766,52.2599983215332,300000
1998-07-06,52.31999969482422,52.31999969482422,52.439998626708984,51.81999969482422,52.060001373291016,550000
1998-07-07,51.959999084472656,51.959999084472656,52.400001525878906,51.84000015258789,52.400001525878906,285000
1998-07-08,51.97999954223633,51.97999954223633,52.02000045776367,51.70000076293945,52.02000045776367,265000
1998-07-09,51.7400016784668,51.7400016784668,52.060001373291016,51.63999938964844,52.0,270000
1998-07-10,51.58000183105469,51.58000183105469,51.900001525878906,51.439998626708984,51.79999923706055,325000
1998-07-13,51.36000061035156,51.36000061035156,51.65999984741211,51.13999938964844,51.65999984741211,345000
1998-07-14,51.400001525878906,51.400001525878906,51.84000015258789,51.2400016784668,51.400001525878906,505000
1998-07-15,50.97999954223633,50.97999954223633,51.459999084472656,50.900001525878906,51.439998626708984,380000
1998-07-16,50.70000076293945,50.70000076293945,51.02000045776367,50.0,51.02000045776367,635000
1998-07-17,50.47999954223633,50.47999954223633,50.70000076293945,50.279998779296875,50.70000076293945,495000
1998-07-20,50.900001525878906,50.900001525878906,50.900001525878906,50.220001220703125,50.47999954223633,395000
1998-07-21,50.15999984741211,50.15999984741211,51.459999084472656,50.099998474121094,51.20000076293945,365000
1998-07-22,49.02000045776367,49.02000045776367,50.15999984741211,48.7599983215332,50.15999984741211,690000
1998-07-23,48.060001373291016,48.060001373291016,49.0,47.540000915527344,48.900001525878906,625000
1998-07-24,48.2599983215332,48.2599983215332,48.400001525878906,47.86000061035156,48.0,445000
1998-07-27,47.279998779296875,47.279998779296875,47.84000015258789,46.81999969482422,47.79999923706055,545000
1998-07-28,46.18000030517578,46.18000030517578,47.31999969482422,46.060001373291016,47.31999969482422,450000
1998-07-29,45.959999084472656,45.959999084472656,46.720001220703125,45.91999816894531,46.220001220703125,470000
1998-07-30,46.400001525878906,46.400001525878906,46.400001525878906,45.439998626708984,45.959999084472656,490000
1998-07-31,46.84000015258789,46.84000015258789,47.18000030517578,46.29999923706055,46.52000045776367,565000
1998-08-03,47.29999923706055,47.29999923706055,47.400001525878906,46.900001525878906,47.0,250000
1998-08-04,46.2400016784668,46.2400016784668,47.439998626708984,46.060001373291016,47.380001068115234,415000
1998-08-05,46.08000183105469,46.08000183105469,46.220001220703125,45.68000030517578,46.20000076293945,550000
1998-08-06,45.52000045776367,45.52000045776367,46.02000045776367,45.31999969482422,46.0,305000
1998-08-07,46.79999923706055,46.79999923706055,46.79999923706055,45.31999969482422,45.52000045776367,360000
1998-08-10,46.900001525878906,46.900001525878906,46.97999954223633,46.47999954223633,46.84000015258789,310000
1998-08-11,46.15999984741211,46.15999984741211,46.7400016784668,45.63999938964844,46.7400016784668,355000
1998-08-12,45.97999954223633,45.97999954223633,46.36000061035156,45.560001373291016,46.15999984741211,310000
1998-08-13,46.5,46.5,46.65999984741211,46.119998931884766,46.119998931884766,245000
1998-08-14,46.540000915527344,46.540000915527344,46.86000061035156,46.34000015258789,46.79999923706055,195000
1998-08-17,46.459999084472656,46.459999084472656,46.52000045776367,46.13999938964844,46.31999969482422,200000
1998-08-18,48.060001373291016,48.060001373291016,48.119998931884766,46.52000045776367,46.52000045776367,335000
1998-08-19,48.20000076293945,48.20000076293945,48.70000076293945,48.18000030517578,48.2400016784668,410000
1998-08-20,47.540000915527344,47.540000915527344,48.2599983215332,47.41999816894531,48.2599983215332,435000
1998-08-21,46.31999969482422,46.31999969482422,47.540000915527344,45.86000061035156,47.540000915527344,510000
1998-08-24,46.2599983215332,46.2599983215332,46.400001525878906,46.02000045776367,46.31999969482422,205000
1998-08-25,46.65999984741211,46.65999984741211,47.220001220703125,46.400001525878906,46.400001525878906,435000
1998-08-26,46.47999954223633,46.47999954223633,47.040000915527344,45.81999969482422,46.400001525878906,360000
1998-08-27,45.060001373291016,45.060001373291016,46.279998779296875,44.900001525878906,46.279998779296875,465000
1998-08-28,42.560001373291016,42.560001373291016,45.0,42.459999084472656,44.959999084472656,1010000
1998-08-31,40.15999984741211,40.15999984741211,42.58000183105469,40.099998474121094,42.400001525878906,1725000
1998-09-01,40.68000030517578,40.68000030517578,41.20000076293945,38.880001068115234,40.040000915527344,1505000
1998-09-02,42.599998474121094,42.599998474121094,43.619998931884766,41.29999923706055,41.36000061035156,1425000
1998-09-03,40.5,40.5,42.0,40.20000076293945,42.0,830000
1998-09-04,39.79999923706055,39.79999923706055,41.279998779296875,39.02000045776367,41.0,825000
1998-09-08,40.619998931884766,40.619998931884766,43.2400016784668,40.20000076293945,43.2400016784668,1150000
1998-09-09,40.0,40.0,40.619998931884766,39.68000030517578,40.560001373291016,745000
1998-09-10,38.540000915527344,38.540000915527344,38.81999969482422,38.13999938964844,38.20000076293945,560000
1998-09-11,38.400001525878906,38.400001525878906,38.439998626708984,37.86000061035156,38.119998931884766,735000
1998-09-14,40.099998474121094,40.099998474121094,40.31999969482422,39.08000183105469,39.08000183105469,805000
1998-09-15,39.58000183105469,39.58000183105469,40.29999923706055,39.5,40.2400016784668,565000
1998-09-16,40.36000061035156,40.36000061035156,40.400001525878906,39.119998931884766,39.599998474121094,520000
1998-09-17,39.63999938964844,39.63999938964844,40.040000915527344,39.5,40.0,445000
1998-09-18,39.400001525878906,39.400001525878906,39.84000015258789,39.34000015258789,39.619998931884766,335000
1998-09-21,39.31999969482422,39.31999969482422,39.41999816894531,38.779998779296875,38.79999923706055,405000
1998-09-22,39.400001525878906,39.400001525878906,39.880001068115234,39.2599983215332,39.65999984741211,370000
1998-09-23,40.63999938964844,40.63999938964844,40.70000076293945,39.439998626708984,39.65999984741211,485000
1998-09-24,40.58000183105469,40.58000183105469,41.47999954223633,40.560001373291016,40.720001220703125,680000
1998-09-25,40.0,40.0,40.279998779296875,39.79999923706055,40.279998779296875,530000
1998-09-28,40.7400016784668,40.7400016784668,40.79999923706055,40.380001068115234,40.52000045776367,335000
1998-09-29,40.7599983215332,40.7599983215332,40.86000061035156,40.060001373291016,40.79999923706055,605000
1998-09-30,39.86000061035156,39.86000061035156,40.619998931884766,39.720001220703125,40.52000045776367,230000
1998-10-01,38.7400016784668,38.7400016784668,39.52000045776367,38.65999984741211,39.20000076293945,465000
1998-10-02,39.29999923706055,39.29999923706055,39.84000015258789,38.31999969482422,38.7400016784668,585000
1998-10-05,39.65999984741211,39.65999984741211,39.79999923706055,38.65999984741211,39.220001220703125,430000
1998-10-06,40.380001068115234,40.380001068115234,40.540000915527344,40.08000183105469,40.400001525878906,715000
1998-10-07,39.900001525878906,39.900001525878906,40.540000915527344,39.41999816894531,40.540000915527344,565000
1998-10-08,39.099998474121094,39.099998474121094,39.380001068115234,38.63999938964844,39.20000076293945,710000
1998-10-09,40.86000061035156,40.86000061035156,40.86000061035156,39.0,39.20000076293945,755000
1998-10-12,41.380001068115234,41.380001068115234,41.97999954223633,41.34000015258789,41.599998474121094,580000
1998-10-13,41.720001220703125,41.720001220703125,41.959999084472656,41.099998474121094,41.2599983215332,275000
1998-10-14,43.439998626708984,43.439998626708984,43.52000045776367,41.65999984741211,41.79999923706055,565000
1998-10-15,45.20000076293945,45.20000076293945,45.2400016784668,43.29999923706055,43.720001220703125,825000
1998-10-16,44.400001525878906,44.400001525878906,45.63999938964844,44.099998474121094,45.5,765000
1998-10-19,44.18000030517578,44.18000030517578,44.70000076293945,44.0,44.20000076293945,345000
1998-10-20,43.52000045776367,43.52000045776367,44.36000061035156,43.400001525878906,44.279998779296875,545000
1998-10-21,42.720001220703125,42.720001220703125,43.459999084472656,42.380001068115234,43.400001525878906,425000
1998-10-22,42.279998779296875,42.279998779296875,42.720001220703125,42.040000915527344,42.720001220703125,370000
1998-10-23,41.959999084472656,41.959999084472656,42.2599983215332,41.68000030517578,42.20000076293945,225000
1998-10-26,41.63999938964844,41.63999938964844,42.0,41.439998626708984,42.0,255000
1998-10-27,41.5,41.5,42.0,41.400001525878906,41.79999923706055,635000
1998-10-28,41.18000030517578,41.18000030517578,41.5,41.119998931884766,41.5,375000
1998-10-29,42.15999984741211,42.15999984741211,42.18000030517578,41.040000915527344,41.459999084472656,435000
1998-10-30,42.959999084472656,42.959999084472656,42.959999084472656,42.400001525878906,42.52000045776367,495000
1998-11-02,43.13999938964844,43.13999938964844,43.380001068115234,43.0,43.2599983215332,525000
1998-11-03,44.720001220703125,44.720001220703125,45.0,43.13999938964844,43.13999938964844,620000
1998-11-04,45.70000076293945,45.70000076293945,46.599998474121094,45.70000076293945,46.31999969482422,760000
1998-11-05,45.34000015258789,45.34000015258789,45.7599983215332,45.0,45.720001220703125,565000
1998-11-06,45.31999969482422,45.31999969482422,45.560001373291016,45.0,45.560001373291016,430000
1998-11-09,44.79999923706055,44.79999923706055,45.380001068115234,44.720001220703125,45.31999969482422,285000
1998-11-10,44.560001373291016,44.560001373291016,44.959999084472656,44.439998626708984,44.959999084472656,215000
1998-11-11,44.52000045776367,44.52000045776367,44.79999923706055,44.47999954223633,44.5,280000
1998-11-12,44.560001373291016,44.560001373291016,44.560001373291016,44.08000183105469,44.52000045776367,180000
1998-11-13,44.2599983215332,44.2599983215332,44.599998474121094,44.20000076293945,44.560001373291016,245000
1998-11-16,44.540000915527344,44.540000915527344,44.63999938964844,44.18000030517578,44.34000015258789,270000
1998-11-17,44.47999954223633,44.47999954223633,44.599998474121094,44.060001373291016,44.540000915527344,500000
1998-11-18,44.65999984741211,44.65999984741211,44.68000030517578,44.29999923706055,44.65999984741211,320000
1998-11-19,44.5,44.5,44.619998931884766,44.400001525878906,44.599998474121094,265000
1998-11-20,44.880001068115234,44.880001068115234,44.900001525878906,44.619998931884766,44.79999923706055,285000
1998-11-23,46.720001220703125,46.720001220703125,46.720001220703125,44.880001068115234,45.0,720000
1998-11-24,46.099998474121094,46.099998474121094,46.720001220703125,45.880001068115234,46.720001220703125,590000
1998-11-25,46.15999984741211,46.15999984741211,46.20000076293945,45.91999816894531,46.099998474121094,300000
1998-11-27,46.13999938964844,46.13999938964844,46.400001525878906,46.060001373291016,46.400001525878906,180000
1998-11-30,45.02000045776367,45.02000045776367,46.040000915527344,45.0,46.0,335000
1998-12-01,45.18000030517578,45.18000030517578,45.2400016784668,44.220001220703125,44.91999816894531,735000
1998-12-02,44.599998474121094,44.599998474121094,45.2400016784668,44.29999923706055,45.220001220703125,345000
1998-12-03,44.47999954223633,44.47999954223633,45.040000915527344,44.439998626708984,44.68000030517578,305000
1998-12-04,44.540000915527344,44.540000915527344,44.599998474121094,44.279998779296875,44.400001525878906,290000
1998-12-07,44.279998779296875,44.279998779296875,44.7400016784668,44.13999938964844,44.68000030517578,195000
1998-12-08,43.02000045776367,43.02000045776367,44.20000076293945,43.0,44.20000076293945,385000
1998-12-09,42.47999954223633,42.47999954223633,43.060001373291016,42.2599983215332,43.02000045776367,605000
1998-12-10,41.7400016784668,41.7400016784668,42.400001525878906,41.47999954223633,42.400001525878906,465000
1998-12-11,40.47999954223633,40.47999954223633,41.2599983215332,40.060001373291016,40.099998474121094,825000
1998-12-14,41.81999969482422,41.81999969482422,42.400001525878906,40.02000045776367,40.58000183105469,855000
1998-12-15,42.20000076293945,42.20000076293945,42.540000915527344,42.0,42.31999969482422,770000
1998-12-16,42.34000015258789,42.34000015258789,42.5,42.13999938964844,42.31999969482422,260000
1998-12-17,41.099998474121094,41.099998474121094,42.36000061035156,39.900001525878906,42.36000061035156,1260000
1998-12-18,40.2400016784668,40.2400016784668,41.31999969482422,40.119998931884766,41.099998474121094,1120000
1998-12-21,39.119998931884766,39.119998931884766,40.2400016784668,39.099998474121094,40.18000030517578,2720000
1998-12-22,39.70000076293945,39.70000076293945,40.540000915527344,39.0,39.099998474121094,2460000
1998-12-23,42.79999923706055,42.79999923706055,43.15999984741211,39.599998474121094,39.7400016784668,2280000
1998-12-24,45.060001373291016,45.060001373291016,45.68000030517578,43.5,43.5,825000
1998-12-28,45.060001373291016,45.060001373291016,45.63999938964844,44.29999923706055,45.52000045776367,785000
1998-12-29,45.08000183105469,45.08000183105469,45.779998779296875,44.880001068115234,45.2400016784668,1090000
1998-12-30,45.70000076293945,45.70000076293945,45.84000015258789,45.2599983215332,45.65999984741211,1195000
1998-12-31,47.0,47.0,47.5,45.560001373291016,45.619998931884766,780000
1999-01-04,46.599998474121094,46.599998474121094,47.400001525878906,46.380001068115234,47.08000183105469,1705000
1999-01-05,45.540000915527344,45.540000915527344,46.70000076293945,45.400001525878906,46.65999984741211,1320000
1999-01-06,45.13999938964844,45.13999938964844,45.79999923706055,44.599998474121094,45.599998474121094,1005000
1999-01-07,44.08000183105469,44.08000183105469,44.900001525878906,43.5,44.52000045776367,1440000
1999-01-08,43.5,43.5,44.13999938964844,43.099998474121094,44.08000183105469,895000
1999-01-11,41.7599983215332,41.7599983215332,43.060001373291016,41.400001525878906,43.0,1920000
1999-01-12,41.779998779296875,41.779998779296875,42.58000183105469,41.36000061035156,41.560001373291016,1405000
1999-01-13,41.7599983215332,41.7599983215332,42.5,41.20000076293945,41.439998626708984,1565000
1999-01-14,42.099998474121094,42.099998474121094,43.2599983215332,41.540000915527344,41.79999923706055,1500000
1999-01-15,42.560001373291016,42.560001373291016,43.040000915527344,42.34000015258789,42.70000076293945,1245000
1999-01-19,42.119998931884766,42.119998931884766,43.959999084472656,42.060001373291016,43.900001525878906,2560000
1999-01-20,42.540000915527344,42.540000915527344,43.060001373291016,41.540000915527344,42.70000076293945,1570000
1999-01-21,41.70000076293945,41.70000076293945,42.5,41.400001525878906,42.400001525878906,1130000
1999-01-22,41.5,41.5,41.86000061035156,40.959999084472656,41.119998931884766,660000
1999-01-25,42.599998474121094,42.599998474121094,42.86000061035156,41.36000061035156,42.599998474121094,1660000
1999-01-26,42.31999969482422,42.31999969482422,42.599998474121094,41.0,42.599998474121094,1880000
1999-01-27,42.13999938964844,42.13999938964844,43.099998474121094,42.0,42.0,1665000
1999-01-28,42.880001068115234,42.880001068115234,42.880001068115234,42.02000045776367,42.36000061035156,1190000
1999-01-29,43.0,43.0,43.380001068115234,42.41999816894531,43.20000076293945,1255000
1999-02-01,45.97999954223633,45.97999954223633,47.29999923706055,44.0,44.599998474121094,2340000
1999-02-02,49.36000061035156,49.36000061035156,49.720001220703125,46.400001525878906,46.400001525878906,2885000
1999-02-03,50.560001373291016,50.560001373291016,51.70000076293945,49.13999938964844,49.20000076293945,1700000
1999-02-04,47.65999984741211,47.65999984741211,50.560001373291016,47.400001525878906,50.560001373291016,1545000
1999-02-05,47.52000045776367,47.52000045776367,48.599998474121094,46.79999923706055,47.0,990000
1999-02-08,48.560001373291016,48.560001373291016,48.84000015258789,48.040000915527344,48.599998474121094,1005000
1999-02-09,47.97999954223633,47.97999954223633,48.2400016784668,47.7400016784668,48.13999938964844,630000
1999-02-10,48.18000030517578,48.18000030517578,48.65999984741211,47.900001525878906,48.599998474121094,875000
1999-02-11,48.29999923706055,48.29999923706055,48.459999084472656,48.0,48.459999084472656,620000
1999-02-12,47.47999954223633,47.47999954223633,47.959999084472656,47.18000030517578,47.65999984741211,550000
1999-02-16,47.7400016784668,47.7400016784668,48.08000183105469,47.720001220703125,47.84000015258789,645000
1999-02-17,47.41999816894531,47.41999816894531,47.959999084472656,47.13999938964844,47.7599983215332,415000
1999-02-18,47.720001220703125,47.720001220703125,47.959999084472656,47.459999084472656,47.70000076293945,515000
1999-02-19,48.099998474121094,48.099998474121094,48.18000030517578,47.63999938964844,47.84000015258789,635000
1999-02-22,48.040000915527344,48.040000915527344,48.15999984741211,47.880001068115234,48.0,700000
1999-02-23,47.84000015258789,47.84000015258789,48.20000076293945,47.41999816894531,48.13999938964844,825000
1999-02-24,48.099998474121094,48.099998474121094,48.099998474121094,47.5,47.599998474121094,780000
1999-02-25,47.959999084472656,47.959999084472656,48.02000045776367,47.52000045776367,47.84000015258789,325000
1999-02-26,47.58000183105469,47.58000183105469,47.880001068115234,47.29999923706055,47.7599983215332,475000
1999-03-01,47.79999923706055,47.79999923706055,48.099998474121094,47.400001525878906,47.400001525878906,675000
1999-03-02,48.459999084472656,48.459999084472656,49.099998474121094,47.91999816894531,47.91999816894531,810000
1999-03-03,48.18000030517578,48.18000030517578,49.08000183105469,48.0,48.47999954223633,1180000
1999-03-04,48.47999954223633,48.47999954223633,48.900001525878906,48.040000915527344,48.5,820000
1999-03-05,48.2599983215332,48.2599983215332,49.08000183105469,48.15999984741211,48.68000030517578,940000
1999-03-08,48.7400016784668,48.7400016784668,48.7400016784668,48.29999923706055,48.459999084472656,500000
1999-03-09,48.380001068115234,48.380001068115234,48.619998931884766,47.86000061035156,48.52000045776367,700000
1999-03-10,49.08000183105469,49.08000183105469,49.36000061035156,48.47999954223633,48.65999984741211,980000
1999-03-11,50.060001373291016,50.060001373291016,50.20000076293945,49.15999984741211,49.5,995000
1999-03-12,52.84000015258789,52.84000015258789,54.2599983215332,50.36000061035156,50.36000061035156,1630000
1999-03-15,49.599998474121094,49.599998474121094,52.29999923706055,49.560001373291016,52.18000030517578,1815000
1999-03-16,48.0,48.0,50.220001220703125,47.86000061035156,49.79999923706055,1385000
1999-03-17,50.0,50.0,51.900001525878906,47.20000076293945,47.939998626708984,1640000
1999-03-18,51.79999923706055,51.79999923706055,52.0,49.91999816894531,49.91999816894531,825000
1999-03-19,50.939998626708984,50.939998626708984,51.97999954223633,50.5,51.900001525878906,685000
1999-03-22,50.70000076293945,50.70000076293945,51.119998931884766,50.41999816894531,50.720001220703125,350000
1999-03-23,49.0,49.0,50.2400016784668,48.0,50.060001373291016,860000
1999-03-24,48.63999938964844,48.63999938964844,49.7599983215332,48.540000915527344,48.84000015258789,550000
1999-03-25,48.560001373291016,48.560001373291016,50.0,48.15999984741211,49.400001525878906,1025000
1999-03-26,48.0,48.0,48.959999084472656,48.0,48.63999938964844,570000
1999-03-29,48.52000045776367,48.52000045776367,48.65999984741211,47.959999084472656,48.15999984741211,495000
1999-03-30,47.34000015258789,47.34000015258789,47.97999954223633,47.060001373291016,47.70000076293945,855000
1999-03-31,47.02000045776367,47.02000045776367,48.540000915527344,47.02000045776367,48.400001525878906,675000
1999-04-01,48.599998474121094,48.599998474121094,49.20000076293945,47.18000030517578,47.439998626708984,760000
1999-04-05,47.63999938964844,47.63999938964844,48.86000061035156,47.540000915527344,48.79999923706055,860000
1999-04-06,47.0,47.0,47.79999923706055,46.91999816894531,47.619998931884766,655000
1999-04-07,46.599998474121094,46.599998474121094,48.060001373291016,46.040000915527344,48.0,1740000
1999-04-08,47.040000915527344,47.040000915527344,47.060001373291016,46.13999938964844,46.20000076293945,570000
1999-04-09,46.959999084472656,46.959999084472656,47.060001373291016,46.58000183105469,47.040000915527344,510000
1999-04-12,47.279998779296875,47.279998779296875,47.400001525878906,46.619998931884766,46.79999923706055,810000
1999-04-13,46.97999954223633,46.97999954223633,47.400001525878906,46.7400016784668,47.279998779296875,550000
1999-04-14,46.900001525878906,46.900001525878906,47.5,46.81999969482422,46.97999954223633,1095000
1999-04-15,47.13999938964844,47.13999938964844,47.439998626708984,46.70000076293945,46.91999816894531,705000
1999-04-16,48.0,48.0,48.34000015258789,47.0,47.29999923706055,710000
1999-04-19,48.119998931884766,48.119998931884766,49.5,48.0,49.400001525878906,845000
1999-04-20,48.119998931884766,48.119998931884766,48.63999938964844,47.70000076293945,48.15999984741211,765000
1999-04-21,49.099998474121094,49.099998474121094,49.880001068115234,48.02000045776367,48.15999984741211,1210000
1999-04-22,49.7400016784668,49.7400016784668,49.939998626708984,49.400001525878906,49.400001525878906,660000
1999-04-23,49.47999954223633,49.47999954223633,49.779998779296875,48.619998931884766,49.400001525878906,380000
1999-04-26,49.68000030517578,49.68000030517578,49.79999923706055,49.119998931884766,49.599998474121094,565000
1999-04-27,49.79999923706055,49.79999923706055,49.959999084472656,49.20000076293945,49.599998474121094,605000
1999-04-28,49.68000030517578,49.68000030517578,50.0,49.599998474121094,49.84000015258789,460000
1999-04-29,49.29999923706055,49.29999923706055,49.880001068115234,49.220001220703125,49.86000061035156,385000
1999-04-30,49.400001525878906,49.400001525878906,50.119998931884766,49.20000076293945,49.619998931884766,745000
1999-05-03,49.0,49.0,50.0,48.599998474121094,50.0,465000
1999-05-04,49.15999984741211,49.15999984741211,50.400001525878906,48.52000045776367,48.599998474121094,960000
1999-05-05,49.900001525878906,49.900001525878906,50.0,49.220001220703125,49.70000076293945,665000
1999-05-06,49.79999923706055,49.79999923706055,50.099998474121094,49.540000915527344,49.939998626708984,685000
1999-05-07,49.599998474121094,49.599998474121094,49.97999954223633,49.540000915527344,49.599998474121094,360000
1999-05-10,49.81999969482422,49.81999969482422,50.08000183105469,49.52000045776367,49.52000045776367,570000
1999-05-11,50.7400016784668,50.7400016784668,50.79999923706055,49.63999938964844,49.63999938964844,455000
1999-05-12,50.119998931884766,50.119998931884766,50.7400016784668,50.0,50.7400016784668,420000
1999-05-13,48.959999084472656,48.959999084472656,50.29999923706055,48.959999084472656,50.20000076293945,550000
1999-05-14,47.959999084472656,47.959999084472656,49.060001373291016,47.900001525878906,48.97999954223633,655000
1999-05-17,46.939998626708984,46.939998626708984,47.099998474121094,46.060001373291016,47.0,1220000
1999-05-18,47.47999954223633,47.47999954223633,47.86000061035156,46.900001525878906,46.97999954223633,1035000
1999-05-19,48.2400016784668,48.2400016784668,48.52000045776367,47.439998626708984,47.599998474121094,645000
1999-05-20,48.0,48.0,48.52000045776367,47.900001525878906,48.400001525878906,310000
1999-05-21,48.619998931884766,48.619998931884766,48.619998931884766,47.400001525878906,48.0,535000
1999-05-24,48.02000045776367,48.02000045776367,48.5,47.41999816894531,48.5,440000
1999-05-25,47.47999954223633,47.47999954223633,48.18000030517578,47.279998779296875,47.91999816894531,355000
1999-05-26,47.0,47.0,47.68000030517578,46.68000030517578,47.2400016784668,675000
1999-05-27,46.380001068115234,46.380001068115234,47.0,45.70000076293945,47.0,900000
1999-05-28,46.36000061035156,46.36000061035156,46.47999954223633,46.060001373291016,46.380001068115234,205000
1999-06-01,46.220001220703125,46.220001220703125,46.400001525878906,45.939998626708984,46.20000076293945,300000
1999-06-02,46.31999969482422,46.31999969482422,46.47999954223633,46.02000045776367,46.400001525878906,235000
1999-06-03,46.15999984741211,46.15999984741211,46.880001068115234,46.02000045776367,46.52000045776367,245000
1999-06-04,46.7400016784668,46.7400016784668,46.7400016784668,46.15999984741211,46.15999984741211,240000
1999-06-07,47.70000076293945,47.70000076293945,48.0,46.68000030517578,46.900001525878906,610000
1999-06-08,47.880001068115234,47.880001068115234,48.5,47.560001373291016,47.70000076293945,450000
1999-06-09,47.20000076293945,47.20000076293945,47.959999084472656,47.08000183105469,47.900001525878906,520000
1999-06-10,46.619998931884766,46.619998931884766,47.20000076293945,46.060001373291016,47.20000076293945,460000
1999-06-11,46.439998626708984,46.439998626708984,46.7599983215332,46.20000076293945,46.70000076293945,510000
1999-06-14,45.97999954223633,45.97999954223633,46.58000183105469,45.900001525878906,46.400001525878906,610000
1999-06-15,46.29999923706055,46.29999923706055,46.29999923706055,45.939998626708984,46.119998931884766,615000
1999-06-16,46.5,46.5,46.939998626708984,46.18000030517578,46.20000076293945,295000
1999-06-17,46.439998626708984,46.439998626708984,46.560001373291016,46.119998931884766,46.47999954223633,225000
1999-06-18,45.5,45.5,46.20000076293945,45.279998779296875,46.099998474121094,580000
1999-06-21,45.79999923706055,45.79999923706055,45.900001525878906,45.5,45.599998474121094,540000
1999-06-22,44.939998626708984,44.939998626708984,45.68000030517578,44.900001525878906,45.5,735000
1999-06-23,45.2599983215332,45.2599983215332,45.34000015258789,44.540000915527344,45.13999938964844,460000
1999-06-24,44.70000076293945,44.70000076293945,45.02000045776367,44.599998474121094,45.0,545000
1999-06-25,44.58000183105469,44.58000183105469,45.15999984741211,44.439998626708984,45.15999984741211,620000
1999-06-28,44.400001525878906,44.400001525878906,44.900001525878906,44.29999923706055,44.70000076293945,615000
1999-06-29,44.84000015258789,44.84000015258789,44.91999816894531,44.220001220703125,44.2400016784668,810000
1999-06-30,44.79999923706055,44.79999923706055,45.5,44.63999938964844,44.63999938964844,670000
1999-07-01,44.91999816894531,44.91999816894531,45.2599983215332,44.70000076293945,44.70000076293945,710000
1999-07-02,45.560001373291016,45.560001373291016,45.86000061035156,44.79999923706055,44.79999923706055,440000
1999-07-06,45.97999954223633,45.97999954223633,45.97999954223633,45.20000076293945,45.599998474121094,1665000
1999-07-07,46.380001068115234,46.380001068115234,46.65999984741211,45.7400016784668,46.400001525878906,440000
1999-07-08,46.380001068115234,46.380001068115234,46.58000183105469,45.7599983215332,46.18000030517578,630000
1999-07-09,45.81999969482422,45.81999969482422,46.439998626708984,45.34000015258789,46.20000076293945,305000
1999-07-12,45.68000030517578,45.68000030517578,46.18000030517578,45.15999984741211,46.040000915527344,355000
1999-07-13,45.41999816894531,45.41999816894531,45.619998931884766,45.18000030517578,45.5,320000
1999-07-14,45.720001220703125,45.720001220703125,45.900001525878906,45.41999816894531,45.41999816894531,475000
1999-07-15,45.599998474121094,45.599998474121094,45.86000061035156,45.36000061035156,45.79999923706055,470000
1999-07-16,45.58000183105469,45.58000183105469,45.7400016784668,45.439998626708984,45.5,700000
1999-07-19,45.36000061035156,45.36000061035156,45.86000061035156,45.099998474121094,45.79999923706055,615000
1999-07-20,45.040000915527344,45.040000915527344,45.439998626708984,45.0,45.439998626708984,330000
1999-07-21,44.86000061035156,44.86000061035156,45.18000030517578,44.7400016784668,45.119998931884766,540000
1999-07-22,44.65999984741211,44.65999984741211,44.900001525878906,44.5,44.79999923706055,305000
1999-07-23,44.29999923706055,44.29999923706055,44.540000915527344,44.02000045776367,44.540000915527344,785000
1999-07-26,43.959999084472656,43.959999084472656,44.34000015258789,43.65999984741211,44.0,610000
1999-07-27,43.779998779296875,43.779998779296875,44.36000061035156,43.63999938964844,43.900001525878906,1025000
1999-07-28,43.2599983215332,43.2599983215332,43.779998779296875,43.20000076293945,43.70000076293945,960000
1999-07-29,43.41999816894531,43.41999816894531,43.5,42.20000076293945,43.040000915527344,1155000
1999-07-30,42.540000915527344,42.540000915527344,43.36000061035156,42.5,43.29999923706055,730000
1999-08-02,41.560001373291016,41.560001373291016,42.79999923706055,41.560001373291016,42.29999923706055,945000
1999-08-03,41.70000076293945,41.70000076293945,41.880001068115234,41.5,41.70000076293945,610000
1999-08-04,41.47999954223633,41.47999954223633,41.86000061035156,41.400001525878906,41.79999923706055,560000
1999-08-05,41.84000015258789,41.84000015258789,41.959999084472656,41.0,41.41999816894531,685000
1999-08-06,40.79999923706055,40.79999923706055,41.619998931884766,40.70000076293945,41.599998474121094,590000
1999-08-09,40.29999923706055,40.29999923706055,40.779998779296875,40.02000045776367,40.560001373291016,555000
1999-08-10,40.720001220703125,40.720001220703125,40.720001220703125,40.060001373291016,40.15999984741211,630000
1999-08-11,42.47999954223633,42.47999954223633,43.060001373291016,41.02000045776367,41.02000045776367,615000
1999-08-12,42.65999984741211,42.65999984741211,43.29999923706055,42.47999954223633,42.79999923706055,340000
1999-08-13,42.08000183105469,42.08000183105469,43.040000915527344,41.959999084472656,42.599998474121094,515000
1999-08-16,41.459999084472656,41.459999084472656,41.84000015258789,41.02000045776367,41.84000015258789,445000
1999-08-17,41.0,41.0,41.86000061035156,40.79999923706055,41.560001373291016,405000
1999-08-18,40.459999084472656,40.459999084472656,40.939998626708984,40.0,40.939998626708984,850000
1999-08-19,40.20000076293945,40.20000076293945,40.400001525878906,40.0,40.0,695000
1999-08-20,40.41999816894531,40.41999816894531,40.439998626708984,40.18000030517578,40.439998626708984,400000
1999-08-23,41.13999938964844,41.13999938964844,41.540000915527344,40.7400016784668,40.79999923706055,495000
1999-08-24,40.880001068115234,40.880001068115234,41.060001373291016,40.439998626708984,41.0,1025000
1999-08-25,40.380001068115234,40.380001068115234,40.63999938964844,40.279998779296875,40.63999938964844,1295000
1999-08-26,40.15999984741211,40.15999984741211,40.560001373291016,40.0,40.380001068115234,1260000
1999-08-27,40.41999816894531,40.41999816894531,40.65999984741211,40.2400016784668,40.5,570000
1999-08-30,40.08000183105469,40.08000183105469,40.47999954223633,40.02000045776367,40.459999084472656,690000
1999-08-31,40.060001373291016,40.060001373291016,40.29999923706055,39.97999954223633,40.20000076293945,890000
1999-09-01,40.459999084472656,40.459999084472656,40.47999954223633,40.2400016784668,40.2400016784668,735000
1999-09-02,40.540000915527344,40.540000915527344,40.540000915527344,40.18000030517578,40.29999923706055,390000
1999-09-03,40.540000915527344,40.540000915527344,41.400001525878906,40.41999816894531,40.7599983215332,665000
1999-09-07,40.20000076293945,40.20000076293945,40.459999084472656,40.02000045776367,40.400001525878906,795000
1999-09-08,40.099998474121094,40.099998474121094,40.20000076293945,40.0,40.099998474121094,785000
1999-09-09,40.02000045776367,40.02000045776367,40.099998474121094,39.720001220703125,40.099998474121094,1055000
1999-09-10,39.79999923706055,39.79999923706055,40.02000045776367,39.68000030517578,40.0,830000
1999-09-13,39.560001373291016,39.560001373291016,39.68000030517578,39.36000061035156,39.52000045776367,845000
1999-09-14,38.86000061035156,38.86000061035156,39.47999954223633,38.63999938964844,39.02000045776367,1025000
1999-09-15,39.36000061035156,39.36000061035156,39.36000061035156,38.84000015258789,39.0,755000
1999-09-16,39.900001525878906,39.900001525878906,39.97999954223633,38.959999084472656,38.959999084472656,390000
1999-09-17,40.15999984741211,40.15999984741211,40.18000030517578,39.91999816894531,39.97999954223633,495000
1999-09-20,40.29999923706055,40.29999923706055,40.400001525878906,39.900001525878906,40.099998474121094,340000
1999-09-21,40.040000915527344,40.040000915527344,40.34000015258789,39.880001068115234,39.880001068115234,720000
1999-09-22,39.119998931884766,39.119998931884766,40.040000915527344,38.7599983215332,40.040000915527344,1130000
1999-09-23,38.900001525878906,38.900001525878906,39.400001525878906,38.79999923706055,39.060001373291016,355000
1999-09-24,38.68000030517578,38.68000030517578,38.81999969482422,38.380001068115234,38.65999984741211,620000
1999-09-27,38.099998474121094,38.099998474121094,38.81999969482422,38.02000045776367,38.79999923706055,715000
1999-09-28,37.400001525878906,37.400001525878906,38.040000915527344,37.060001373291016,38.0,1035000
1999-09-29,37.31999969482422,37.31999969482422,37.400001525878906,36.79999923706055,36.900001525878906,950000
1999-09-30,37.119998931884766,37.119998931884766,37.81999969482422,36.040000915527344,37.2400016784668,1935000
1999-10-01,36.720001220703125,36.720001220703125,37.34000015258789,36.70000076293945,36.79999923706055,740000
1999-10-04,37.900001525878906,37.900001525878906,38.0,36.68000030517578,36.91999816894531,955000
1999-10-05,38.34000015258789,38.34000015258789,39.18000030517578,38.13999938964844,38.20000076293945,665000
1999-10-06,38.7400016784668,38.7400016784668,38.79999923706055,38.34000015258789,38.79999923706055,680000
1999-10-07,38.20000076293945,38.20000076293945,38.880001068115234,37.619998931884766,38.880001068115234,605000
1999-10-08,38.36000061035156,38.36000061035156,38.36000061035156,37.81999969482422,38.31999969482422,460000
1999-10-11,38.900001525878906,38.900001525878906,39.060001373291016,38.47999954223633,38.52000045776367,350000
1999-10-12,38.08000183105469,38.08000183105469,39.060001373291016,37.880001068115234,39.0,485000
1999-10-13,38.34000015258789,38.34000015258789,39.0,38.02000045776367,38.02000045776367,640000
1999-10-14,38.18000030517578,38.18000030517578,38.560001373291016,37.900001525878906,38.5,340000
1999-10-15,37.63999938964844,37.63999938964844,38.119998931884766,37.459999084472656,37.70000076293945,470000
1999-10-18,37.18000030517578,37.18000030517578,37.84000015258789,37.0,37.70000076293945,455000
1999-10-19,37.52000045776367,37.52000045776367,38.36000061035156,37.2599983215332,37.36000061035156,535000
1999-10-20,37.15999984741211,37.15999984741211,37.70000076293945,36.68000030517578,37.34000015258789,910000
1999-10-21,36.0,36.0,36.97999954223633,35.84000015258789,36.900001525878906,930000
1999-10-22,36.18000030517578,36.18000030517578,36.380001068115234,36.040000915527344,36.15999984741211,715000
1999-10-25,36.68000030517578,36.68000030517578,37.15999984741211,36.119998931884766,36.29999923706055,905000
1999-10-26,37.119998931884766,37.119998931884766,37.58000183105469,36.939998626708984,37.2400016784668,775000
1999-10-27,37.380001068115234,37.380001068115234,37.52000045776367,37.119998931884766,37.439998626708984,660000
1999-10-28,39.060001373291016,39.060001373291016,39.36000061035156,37.779998779296875,37.779998779296875,915000
1999-10-29,41.79999923706055,41.79999923706055,42.0,39.34000015258789,39.400001525878906,1280000
1999-11-01,41.7400016784668,41.7400016784668,43.400001525878906,41.2599983215332,42.79999923706055,1080000
1999-11-02,42.81999969482422,42.81999969482422,43.619998931884766,41.97999954223633,41.97999954223633,910000
1999-11-03,43.060001373291016,43.060001373291016,43.7400016784668,42.81999969482422,42.91999816894531,800000
1999-11-04,43.2599983215332,43.2599983215332,43.880001068115234,42.97999954223633,43.2599983215332,490000
1999-11-05,42.619998931884766,42.619998931884766,44.380001068115234,42.31999969482422,44.20000076293945,470000
1999-11-08,41.7599983215332,41.7599983215332,42.400001525878906,40.619998931884766,42.400001525878906,610000
1999-11-09,40.279998779296875,40.279998779296875,41.5,40.0,41.400001525878906,455000
1999-11-10,39.70000076293945,39.70000076293945,40.18000030517578,39.13999938964844,39.5,705000
1999-11-11,39.15999984741211,39.15999984741211,39.91999816894531,38.84000015258789,39.5,555000
1999-11-12,39.36000061035156,39.36000061035156,40.52000045776367,38.70000076293945,39.0,970000
1999-11-15,38.79999923706055,38.79999923706055,38.900001525878906,38.0,38.70000076293945,1375000
1999-11-16,38.02000045776367,38.02000045776367,39.0,37.959999084472656,39.0,775000
1999-11-17,37.880001068115234,37.880001068115234,38.5,37.63999938964844,37.84000015258789,1230000
1999-11-18,38.34000015258789,38.34000015258789,38.400001525878906,37.79999923706055,37.81999969482422,915000
1999-11-19,37.099998474121094,37.099998474121094,38.400001525878906,36.97999954223633,38.36000061035156,1040000
1999-11-22,38.18000030517578,38.18000030517578,38.29999923706055,37.599998474121094,37.599998474121094,1150000
1999-11-23,37.779998779296875,37.779998779296875,38.65999984741211,37.58000183105469,38.599998474121094,965000
1999-11-24,37.900001525878906,37.900001525878906,37.939998626708984,37.63999938964844,37.65999984741211,630000
1999-11-26,37.65999984741211,37.65999984741211,38.2400016784668,37.540000915527344,38.099998474121094,315000
1999-11-29,37.47999954223633,37.47999954223633,37.560001373291016,37.060001373291016,37.060001373291016,670000
1999-11-30,37.29999923706055,37.29999923706055,38.119998931884766,37.119998931884766,37.5,610000
1999-12-01,37.20000076293945,37.20000076293945,37.7599983215332,37.099998474121094,37.400001525878906,470000
1999-12-02,37.0,37.0,37.18000030517578,36.68000030517578,37.099998474121094,655000
1999-12-03,36.79999923706055,36.79999923706055,37.7599983215332,36.720001220703125,37.599998474121094,1015000
1999-12-06,36.720001220703125,36.720001220703125,37.220001220703125,36.599998474121094,37.0,605000
1999-12-07,36.220001220703125,36.220001220703125,36.720001220703125,36.0,36.599998474121094,1160000
1999-12-08,36.0,36.0,36.36000061035156,35.599998474121094,36.02000045776367,835000
1999-12-09,35.70000076293945,35.70000076293945,35.900001525878906,35.540000915527344,35.900001525878906,935000
1999-12-10,35.7400016784668,35.7400016784668,36.119998931884766,34.68000030517578,35.560001373291016,1405000
1999-12-13,35.70000076293945,35.70000076293945,36.70000076293945,35.5,36.29999923706055,1025000
1999-12-14,34.939998626708984,34.939998626708984,35.959999084472656,34.79999923706055,35.70000076293945,765000
1999-12-15,35.119998931884766,35.119998931884766,35.459999084472656,34.439998626708984,34.5,1010000
1999-12-16,34.63999938964844,34.63999938964844,35.20000076293945,34.439998626708984,34.79999923706055,1020000
1999-12-17,35.099998474121094,35.099998474121094,35.18000030517578,34.65999984741211,35.0,1125000
1999-12-20,35.119998931884766,35.119998931884766,35.18000030517578,34.65999984741211,35.0,915000
1999-12-21,34.52000045776367,34.52000045776367,34.880001068115234,34.400001525878906,34.720001220703125,945000
1999-12-22,34.41999816894531,34.41999816894531,34.959999084472656,34.29999923706055,34.52000045776367,1165000
1999-12-23,34.34000015258789,34.34000015258789,34.7599983215332,34.13999938964844,34.15999984741211,1435000
1999-12-27,34.31999969482422,34.31999969482422,34.599998474121094,34.015625,34.20000076293945,1255000
1999-12-28,34.2400016784668,34.2400016784668,34.540000915527344,34.040000915527344,34.15999984741211,1435000
1999-12-29,34.34000015258789,34.34000015258789,34.5,34.02000045776367,34.02000045776367,1085000
1999-12-30,34.20000076293945,34.20000076293945,34.34000015258789,34.060001373291016,34.060001373291016,1265000
1999-12-31,36.599998474121094,36.599998474121094,36.619998931884766,34.08000183105469,34.15999984741211,1075000
2000-01-03,35.29999923706055,35.29999923706055,36.58000183105469,34.81999969482422,36.5,875000
2000-01-04,34.08000183105469,34.08000183105469,34.65999984741211,33.900001525878906,34.5,1380000
2000-01-05,34.63999938964844,34.63999938964844,35.459999084472656,33.900001525878906,34.13999938964844,995000
2000-01-06,36.08000183105469,36.08000183105469,36.08000183105469,34.540000915527344,34.900001525878906,915000
2000-01-07,36.400001525878906,36.400001525878906,36.959999084472656,36.099998474121094,36.599998474121094,1000000
2000-01-10,36.2599983215332,36.2599983215332,37.7599983215332,36.119998931884766,36.900001525878906,1010000
2000-01-11,35.58000183105469,35.58000183105469,35.959999084472656,35.29999923706055,35.79999923706055,725000
2000-01-12,34.900001525878906,34.900001525878906,35.68000030517578,34.720001220703125,35.5,515000
2000-01-13,35.20000076293945,35.20000076293945,35.459999084472656,35.02000045776367,35.20000076293945,615000
2000-01-14,34.02000045776367,34.02000045776367,35.70000076293945,34.02000045776367,35.599998474121094,1345000
2000-01-18,34.0,34.0,34.380001068115234,33.79999923706055,34.08000183105469,1375000
2000-01-19,34.18000030517578,34.18000030517578,34.2599983215332,33.540000915527344,34.099998474121094,885000
2000-01-20,34.0,34.0,34.68000030517578,34.0,34.18000030517578,815000
2000-01-21,34.220001220703125,34.220001220703125,34.2599983215332,33.880001068115234,34.0,710000
2000-01-24,34.0,34.0,34.79999923706055,33.7599983215332,34.70000076293945,660000
2000-01-25,34.060001373291016,34.060001373291016,34.459999084472656,33.79999923706055,33.900001525878906,625000
2000-01-26,34.13999938964844,34.13999938964844,34.47999954223633,34.0,34.15999984741211,530000
2000-01-27,33.91999816894531,33.91999816894531,34.400001525878906,33.720001220703125,34.13999938964844,470000
2000-01-28,33.20000076293945,33.20000076293945,33.86000061035156,33.08000183105469,33.79999923706055,985000
2000-01-31,32.91999816894531,32.91999816894531,33.65999984741211,32.91999816894531,33.2400016784668,1120000
2000-02-01,33.5,33.5,33.560001373291016,33.060001373291016,33.31999969482422,525000
2000-02-02,32.79999923706055,32.79999923706055,33.36000061035156,32.70000076293945,33.29999923706055,1040000
2000-02-03,33.400001525878906,33.400001525878906,33.47999954223633,33.0,33.0,600000
2000-02-04,33.099998474121094,33.099998474121094,33.65999984741211,33.0,33.540000915527344,620000
2000-02-07,33.279998779296875,33.279998779296875,33.400001525878906,32.81999969482422,32.97999954223633,770000
2000-02-08,32.70000076293945,32.70000076293945,33.099998474121094,32.599998474121094,32.900001525878906,1035000
2000-02-09,31.760000228881836,31.760000228881836,32.7599983215332,31.540000915527344,32.2599983215332,1760000
2000-02-10,30.959999084472656,30.959999084472656,31.959999084472656,30.0,31.899999618530273,2220000
2000-02-11,30.139999389648438,30.139999389648438,31.360000610351562,29.700000762939453,31.200000762939453,2525000
2000-02-14,28.479999542236328,28.479999542236328,29.579999923706055,28.31999969482422,29.5,2715000
2000-02-15,30.639999389648438,30.639999389648438,30.799999237060547,30.020000457763672,30.399999618530273,2290000
2000-02-16,33.279998779296875,33.279998779296875,34.0,31.200000762939453,31.34000015258789,2215000
2000-02-17,33.2599983215332,33.2599983215332,34.18000030517578,32.099998474121094,34.0,975000
2000-02-18,33.720001220703125,33.720001220703125,33.720001220703125,31.0,33.18000030517578,1010000
2000-02-22,32.400001525878906,32.400001525878906,32.65999984741211,32.0,32.599998474121094,825000
2000-02-23,32.31999969482422,32.31999969482422,32.58000183105469,32.0,32.400001525878906,610000
2000-02-24,30.780000686645508,30.780000686645508,32.099998474121094,30.399999618530273,32.099998474121094,745000
2000-02-25,29.799999237060547,29.799999237060547,30.940000534057617,29.600000381469727,30.8799991607666,1770000
2000-02-28,29.200000762939453,29.200000762939453,29.760000228881836,29.040000915527344,29.700000762939453,2225000
2000-02-29,28.799999237060547,28.799999237060547,29.6200008392334,28.700000762939453,29.600000381469727,1900000
2000-03-01,29.34000015258789,29.34000015258789,29.459999084472656,28.739999771118164,28.739999771118164,1105000
2000-03-02,29.360000610351562,29.360000610351562,29.579999923706055,29.040000915527344,29.399999618530273,715000
2000-03-03,29.3799991607666,29.3799991607666,29.940000534057617,29.200000762939453,29.600000381469727,725000
2000-03-06,28.899999618530273,28.899999618530273,29.399999618530273,28.68000030517578,29.0,885000
2000-03-07,29.0,29.0,29.219999313354492,28.540000915527344,29.100000381469727,950000
2000-03-08,28.780000686645508,28.780000686645508,29.040000915527344,28.5,29.040000915527344,1010000
2000-03-09,28.0,28.0,28.540000915527344,27.719999313354492,28.5,1805000
2000-03-10,27.399999618530273,27.399999618530273,28.299999237060547,27.020000457763672,27.84000015258789,2135000
2000-03-13,29.760000228881836,29.760000228881836,30.1200008392334,28.940000534057617,29.0,1720000
2000-03-14,29.100000381469727,29.100000381469727,29.84000015258789,29.0,29.559999465942383,1010000
2000-03-15,32.52000045776367,32.52000045776367,32.900001525878906,29.399999618530273,29.440000534057617,1630000
2000-03-16,34.040000915527344,34.040000915527344,34.2599983215332,32.880001068115234,32.900001525878906,2375000
2000-03-17,34.0,34.0,36.599998474121094,33.599998474121094,34.08000183105469,2115000
2000-03-20,33.560001373291016,33.560001373291016,34.560001373291016,33.099998474121094,34.060001373291016,935000
2000-03-21,35.86000061035156,35.86000061035156,36.040000915527344,33.29999923706055,33.36000061035156,1275000
2000-03-22,36.060001373291016,36.060001373291016,36.36000061035156,35.400001525878906,35.97999954223633,845000
2000-03-23,35.47999954223633,35.47999954223633,36.65999984741211,35.34000015258789,36.040000915527344,650000
2000-03-24,35.97999954223633,35.97999954223633,36.47999954223633,35.540000915527344,35.880001068115234,550000
2000-03-27,34.20000076293945,34.20000076293945,36.119998931884766,33.959999084472656,36.099998474121094,535000
2000-03-28,33.34000015258789,33.34000015258789,33.939998626708984,32.939998626708984,33.86000061035156,665000
2000-03-29,33.34000015258789,33.34000015258789,33.400001525878906,32.79999923706055,33.34000015258789,490000
2000-03-30,34.779998779296875,34.779998779296875,36.040000915527344,33.220001220703125,33.279998779296875,1270000
2000-03-31,36.400001525878906,36.400001525878906,36.5,34.84000015258789,35.439998626708984,1225000
2000-04-03,35.099998474121094,35.099998474121094,36.720001220703125,35.099998474121094,36.70000076293945,770000
2000-04-04,36.18000030517578,36.18000030517578,36.97999954223633,35.459999084472656,35.5,1410000
2000-04-05,36.7599983215332,36.7599983215332,37.58000183105469,36.34000015258789,36.400001525878906,1090000
2000-04-06,37.2599983215332,37.2599983215332,37.7599983215332,36.900001525878906,36.900001525878906,650000
2000-04-07,36.81999969482422,36.81999969482422,37.400001525878906,36.599998474121094,37.20000076293945,605000
2000-04-10,36.41999816894531,36.41999816894531,36.959999084472656,36.31999969482422,36.70000076293945,585000
2000-04-11,36.08000183105469,36.08000183105469,36.58000183105469,35.900001525878906,36.459999084472656,590000
2000-04-12,37.41999816894531,37.41999816894531,37.70000076293945,35.880001068115234,36.0,820000
2000-04-13,37.79999923706055,37.79999923706055,38.959999084472656,37.540000915527344,37.91999816894531,940000
2000-04-14,36.91999816894531,36.91999816894531,37.459999084472656,36.34000015258789,37.31999969482422,935000
2000-04-17,37.18000030517578,37.18000030517578,37.20000076293945,36.400001525878906,36.7599983215332,830000
2000-04-18,37.70000076293945,37.70000076293945,38.20000076293945,37.29999923706055,37.5,695000
2000-04-19,37.599998474121094,37.599998474121094,38.02000045776367,37.31999969482422,37.97999954223633,465000
2000-04-20,38.279998779296875,38.279998779296875,38.31999969482422,37.36000061035156,37.7400016784668,255000
2000-04-24,38.79999923706055,38.79999923706055,39.040000915527344,37.880001068115234,38.040000915527344,590000
2000-04-25,39.040000915527344,39.040000915527344,39.15999984741211,38.68000030517578,39.0,340000
2000-04-26,38.5,38.5,39.040000915527344,38.20000076293945,39.040000915527344,275000
2000-04-27,38.400001525878906,38.400001525878906,38.47999954223633,37.7400016784668,38.0,280000
2000-04-28,38.31999969482422,38.31999969482422,38.7400016784668,38.20000076293945,38.400001525878906,325000
2000-05-01,37.13999938964844,37.13999938964844,38.2599983215332,37.040000915527344,38.20000076293945,520000
2000-05-02,34.97999954223633,34.97999954223633,37.119998931884766,34.720001220703125,37.040000915527344,700000
2000-05-03,34.900001525878906,34.900001525878906,34.91999816894531,34.5,34.79999923706055,545000
2000-05-04,35.52000045776367,35.52000045776367,35.58000183105469,34.900001525878906,34.900001525878906,305000
2000-05-05,35.880001068115234,35.880001068115234,35.97999954223633,35.36000061035156,35.36000061035156,200000
2000-05-08,36.060001373291016,36.060001373291016,36.18000030517578,35.939998626708984,36.0,140000
2000-05-09,35.400001525878906,35.400001525878906,36.380001068115234,35.2400016784668,36.31999969482422,400000
2000-05-10,35.040000915527344,35.040000915527344,35.400001525878906,33.20000076293945,35.040000915527344,815000
2000-05-11,35.439998626708984,35.439998626708984,35.619998931884766,34.939998626708984,34.939998626708984,415000
2000-05-12,35.459999084472656,35.459999084472656,35.939998626708984,35.34000015258789,35.599998474121094,325000
2000-05-15,37.79999923706055,37.79999923706055,38.0,35.08000183105469,35.70000076293945,740000
2000-05-16,38.5,38.5,39.0,38.31999969482422,38.79999923706055,885000
2000-05-17,38.02000045776367,38.02000045776367,38.34000015258789,37.63999938964844,38.0,340000
2000-05-18,37.959999084472656,37.959999084472656,38.2599983215332,37.900001525878906,38.0,290000
2000-05-19,37.36000061035156,37.36000061035156,37.7599983215332,37.220001220703125,37.7599983215332,285000
2000-05-22,36.52000045776367,36.52000045776367,37.15999984741211,36.41999816894531,37.15999984741211,430000
2000-05-23,35.900001525878906,35.900001525878906,36.58000183105469,35.599998474121094,36.119998931884766,405000
2000-05-24,36.119998931884766,36.119998931884766,36.560001373291016,34.81999969482422,36.20000076293945,665000
2000-05-25,36.959999084472656,36.959999084472656,37.2400016784668,36.02000045776367,36.02000045776367,400000
2000-05-26,36.58000183105469,36.58000183105469,37.279998779296875,36.400001525878906,37.099998474121094,255000
2000-05-30,37.939998626708984,37.939998626708984,38.20000076293945,36.70000076293945,36.70000076293945,400000
2000-05-31,37.720001220703125,37.720001220703125,38.13999938964844,37.560001373291016,37.70000076293945,290000
2000-06-01,38.7599983215332,38.7599983215332,39.0,37.720001220703125,37.720001220703125,585000
2000-06-02,38.52000045776367,38.52000045776367,39.400001525878906,38.13999938964844,38.900001525878906,970000
2000-06-05,38.84000015258789,38.84000015258789,39.08000183105469,38.41999816894531,38.52000045776367,450000
2000-06-06,38.7599983215332,38.7599983215332,39.099998474121094,38.58000183105469,39.099998474121094,230000
2000-06-07,39.279998779296875,39.279998779296875,39.29999923706055,38.81999969482422,39.0,325000
2000-06-08,39.119998931884766,39.119998931884766,39.34000015258789,39.08000183105469,39.34000015258789,255000
2000-06-09,39.0,39.0,39.5,38.68000030517578,39.119998931884766,290000
2000-06-12,38.400001525878906,38.400001525878906,39.15999984741211,38.36000061035156,39.099998474121094,190000
2000-06-13,38.65999984741211,38.65999984741211,38.86000061035156,38.5,38.5,290000
2000-06-14,37.47999954223633,37.47999954223633,38.720001220703125,37.34000015258789,38.65999984741211,380000
2000-06-15,37.0,37.0,37.5,36.84000015258789,37.31999969482422,300000
2000-06-16,36.58000183105469,36.58000183105469,37.0,36.0,36.959999084472656,465000
2000-06-19,36.959999084472656,36.959999084472656,37.060001373291016,36.20000076293945,36.58000183105469,265000
2000-06-20,37.060001373291016,37.060001373291016,37.29999923706055,36.7400016784668,36.880001068115234,380000
2000-06-21,36.779998779296875,36.779998779296875,36.97999954223633,36.70000076293945,36.84000015258789,355000
2000-06-22,35.68000030517578,35.68000030517578,36.599998474121094,35.2599983215332,36.599998474121094,845000
2000-06-23,35.279998779296875,35.279998779296875,35.63999938964844,34.619998931884766,35.599998474121094,870000
2000-06-26,35.79999923706055,35.79999923706055,35.84000015258789,35.2400016784668,35.5,625000
2000-06-27,35.20000076293945,35.20000076293945,35.880001068115234,35.15999984741211,35.599998474121094,590000
2000-06-28,34.63999938964844,34.63999938964844,35.220001220703125,34.400001525878906,35.20000076293945,800000
2000-06-29,34.959999084472656,34.959999084472656,35.02000045776367,34.439998626708984,34.599998474121094,635000
2000-06-30,35.20000076293945,35.20000076293945,35.29999923706055,34.900001525878906,35.0,440000
2000-07-03,35.08000183105469,35.08000183105469,35.36000061035156,35.0,35.20000076293945,70000
2000-07-05,35.08000183105469,35.08000183105469,35.459999084472656,35.0,35.08000183105469,445000
2000-07-06,34.86000061035156,34.86000061035156,35.15999984741211,34.619998931884766,35.040000915527344,490000
2000-07-07,35.20000076293945,35.20000076293945,35.2400016784668,34.70000076293945,34.91999816894531,380000
2000-07-10,35.400001525878906,35.400001525878906,35.599998474121094,35.119998931884766,35.20000076293945,335000
2000-07-11,35.63999938964844,35.63999938964844,36.08000183105469,35.400001525878906,35.5,950000
2000-07-12,35.79999923706055,35.79999923706055,35.97999954223633,35.599998474121094,35.599998474121094,405000
2000-07-13,36.13999938964844,36.13999938964844,36.279998779296875,35.70000076293945,35.939998626708984,550000
2000-07-14,36.2599983215332,36.2599983215332,36.400001525878906,36.060001373291016,36.400001525878906,445000
2000-07-17,36.380001068115234,36.380001068115234,36.459999084472656,36.2400016784668,36.36000061035156,395000
2000-07-18,36.36000061035156,36.36000061035156,36.5,36.36000061035156,36.41999816894531,785000
2000-07-19,35.97999954223633,35.97999954223633,36.31999969482422,35.79999923706055,36.29999923706055,505000
2000-07-20,35.29999923706055,35.29999923706055,36.060001373291016,35.119998931884766,35.91999816894531,725000
2000-07-21,35.20000076293945,35.20000076293945,35.47999954223633,34.84000015258789,35.47999954223633,660000
2000-07-24,34.540000915527344,34.540000915527344,35.18000030517578,34.29999923706055,34.91999816894531,290000
2000-07-25,35.68000030517578,35.68000030517578,35.939998626708984,34.115623474121094,34.34000015258789,540000
2000-07-26,37.599998474121094,37.599998474121094,37.599998474121094,35.7599983215332,36.0,525000
2000-07-27,38.060001373291016,38.060001373291016,38.119998931884766,36.7400016784668,37.400001525878906,670000
2000-07-28,37.41999816894531,37.41999816894531,38.79999923706055,37.41999816894531,38.060001373291016,1055000
2000-07-31,36.5,36.5,37.34000015258789,35.900001525878906,37.20000076293945,295000
2000-08-01,37.2599983215332,37.2599983215332,37.29999923706055,36.34000015258789,36.58000183105469,535000
2000-08-02,37.900001525878906,37.900001525878906,38.31999969482422,36.86000061035156,37.060001373291016,665000
2000-08-03,39.20000076293945,39.20000076293945,39.380001068115234,37.959999084472656,38.0,1245000
2000-08-04,41.400001525878906,41.400001525878906,41.47999954223633,39.099998474121094,39.099998474121094,1525000
2000-08-07,41.060001373291016,41.060001373291016,41.36000061035156,40.459999084472656,41.0,830000
2000-08-08,40.65999984741211,40.65999984741211,41.2599983215332,40.65999984741211,41.119998931884766,630000
2000-08-09,40.939998626708984,40.939998626708984,40.939998626708984,40.0,40.47999954223633,560000
2000-08-10,40.97999954223633,40.97999954223633,41.060001373291016,40.599998474121094,40.86000061035156,335000
2000-08-11,40.779998779296875,40.779998779296875,41.099998474121094,40.63999938964844,40.79999923706055,380000
2000-08-14,41.060001373291016,41.060001373291016,41.119998931884766,40.279998779296875,40.400001525878906,615000
2000-08-15,40.5,40.5,40.959999084472656,40.279998779296875,40.959999084472656,395000
2000-08-16,40.939998626708984,40.939998626708984,41.040000915527344,40.29999923706055,40.34000015258789,270000
2000-08-17,40.880001068115234,40.880001068115234,41.08000183105469,40.58000183105469,41.060001373291016,210000
2000-08-18,40.31999969482422,40.31999969482422,40.97999954223633,40.18000030517578,40.86000061035156,205000
2000-08-21,40.279998779296875,40.279998779296875,40.47999954223633,40.060001373291016,40.20000076293945,390000
2000-08-22,39.939998626708984,39.939998626708984,40.2599983215332,39.7599983215332,40.15999984741211,280000
2000-08-23,39.08000183105469,39.08000183105469,39.599998474121094,39.060001373291016,39.599998474121094,335000
2000-08-24,38.439998626708984,38.439998626708984,38.79999923706055,37.779998779296875,38.79999923706055,625000
2000-08-25,37.779998779296875,37.779998779296875,38.560001373291016,37.63999938964844,38.439998626708984,260000
2000-08-28,38.0,38.0,38.13999938964844,37.7400016784668,37.86000061035156,350000
2000-08-29,37.939998626708984,37.939998626708984,38.060001373291016,37.439998626708984,38.060001373291016,315000
2000-08-30,38.20000076293945,38.20000076293945,38.2599983215332,37.619998931884766,37.79999923706055,370000
2000-08-31,38.2599983215332,38.2599983215332,38.380001068115234,37.619998931884766,38.36000061035156,845000
2000-09-01,39.0,39.0,39.099998474121094,38.20000076293945,38.20000076293945,310000
2000-09-05,38.900001525878906,38.900001525878906,39.220001220703125,38.7400016784668,38.7599983215332,335000
2000-09-06,38.20000076293945,38.20000076293945,38.7599983215332,37.540000915527344,38.7599983215332,510000
2000-09-07,37.70000076293945,37.70000076293945,38.099998474121094,37.52000045776367,37.70000076293945,345000
2000-09-08,38.08000183105469,38.08000183105469,38.08000183105469,37.540000915527344,37.540000915527344,655000
2000-09-11,37.86000061035156,37.86000061035156,38.41999816894531,37.84000015258789,38.02000045776367,395000
2000-09-12,38.220001220703125,38.220001220703125,38.459999084472656,38.0,38.060001373291016,275000
2000-09-13,38.08000183105469,38.08000183105469,38.13999938964844,37.619998931884766,37.70000076293945,425000
2000-09-14,38.47999954223633,38.47999954223633,38.47999954223633,38.02000045776367,38.08000183105469,285000
2000-09-15,38.099998474121094,38.099998474121094,38.560001373291016,38.099998474121094,38.52000045776367,415000
2000-09-18,39.08000183105469,39.08000183105469,39.099998474121094,37.599998474121094,38.0,525000
2000-09-19,37.119998931884766,37.119998931884766,39.119998931884766,37.02000045776367,39.099998474121094,1180000
2000-09-20,37.060001373291016,37.060001373291016,37.599998474121094,37.0,37.2400016784668,310000
2000-09-21,36.599998474121094,36.599998474121094,37.20000076293945,36.439998626708984,37.0,455000
2000-09-22,36.79999923706055,36.79999923706055,37.060001373291016,36.099998474121094,36.099998474121094,715000
2000-09-25,37.279998779296875,37.279998779296875,37.7599983215332,36.70000076293945,36.70000076293945,745000
2000-09-26,38.08000183105469,38.08000183105469,38.58000183105469,37.7400016784668,38.0,710000
2000-09-27,38.20000076293945,38.20000076293945,38.5,38.08000183105469,38.36000061035156,380000
2000-09-28,39.36000061035156,39.36000061035156,39.36000061035156,38.119998931884766,38.119998931884766,620000
2000-09-29,41.400001525878906,41.400001525878906,41.720001220703125,39.20000076293945,39.20000076293945,1455000
2000-10-02,41.279998779296875,41.279998779296875,41.7599983215332,40.65999984741211,41.0,950000
2000-10-03,40.15999984741211,40.15999984741211,41.560001373291016,40.15999984741211,41.400001525878906,430000
2000-10-04,39.380001068115234,39.380001068115234,40.15999984741211,38.86000061035156,40.099998474121094,295000
2000-10-05,39.5,39.5,39.959999084472656,39.20000076293945,39.279998779296875,225000
2000-10-06,38.880001068115234,38.880001068115234,39.91999816894531,38.79999923706055,39.79999923706055,135000
2000-10-09,39.13999938964844,39.13999938964844,39.20000076293945,38.400001525878906,38.79999923706055,285000
2000-10-10,38.599998474121094,38.599998474121094,39.29999923706055,38.599998474121094,38.939998626708984,265000
2000-10-11,37.400001525878906,37.400001525878906,38.18000030517578,37.0,38.0,705000
2000-10-12,35.68000030517578,35.68000030517578,36.84000015258789,35.220001220703125,36.79999923706055,1110000
2000-10-13,37.86000061035156,37.86000061035156,38.86000061035156,35.58000183105469,35.68000030517578,895000
2000-10-16,37.79999923706055,37.79999923706055,38.18000030517578,37.15999984741211,37.41999816894531,465000
2000-10-17,37.959999084472656,37.959999084472656,38.099998474121094,37.380001068115234,38.0,290000
2000-10-18,37.70000076293945,37.70000076293945,37.7599983215332,36.560001373291016,37.20000076293945,385000
2000-10-19,39.15999984741211,39.15999984741211,39.15999984741211,38.0,38.099998474121094,530000
2000-10-20,39.119998931884766,39.119998931884766,39.560001373291016,38.91999816894531,39.060001373291016,290000
2000-10-23,38.560001373291016,38.560001373291016,39.060001373291016,38.459999084472656,38.84000015258789,310000
2000-10-24,38.68000030517578,38.68000030517578,39.0,38.02000045776367,38.119998931884766,235000
2000-10-25,39.58000183105469,39.58000183105469,39.779998779296875,38.68000030517578,38.68000030517578,490000
2000-10-26,39.900001525878906,39.900001525878906,39.900001525878906,39.0,39.58000183105469,355000
2000-10-27,39.81999969482422,39.81999969482422,40.2400016784668,39.400001525878906,40.0,665000
2000-10-30,41.70000076293945,41.70000076293945,42.0,39.68000030517578,39.70000076293945,1420000
2000-10-31,42.060001373291016,42.060001373291016,42.5,41.599998474121094,42.0,1710000
2000-11-01,42.040000915527344,42.040000915527344,42.2599983215332,41.36000061035156,41.5,470000
2000-11-02,42.279998779296875,42.279998779296875,42.36000061035156,41.619998931884766,42.0,695000
2000-11-03,41.900001525878906,41.900001525878906,42.29999923706055,41.63999938964844,42.119998931884766,485000
2000-11-06,42.939998626708984,42.939998626708984,43.0,42.20000076293945,42.20000076293945,620000
2000-11-07,42.63999938964844,42.63999938964844,43.0,42.52000045776367,42.84000015258789,585000
2000-11-08,42.41999816894531,42.41999816894531,42.7599983215332,42.2599983215332,42.63999938964844,270000
2000-11-09,40.63999938964844,40.63999938964844,42.18000030517578,40.540000915527344,42.02000045776367,405000
2000-11-10,40.86000061035156,40.86000061035156,41.119998931884766,39.79999923706055,40.63999938964844,315000
2000-11-13,43.15999984741211,43.15999984741211,43.599998474121094,40.97999954223633,40.97999954223633,1170000
2000-11-14,43.79999923706055,43.79999923706055,43.91999816894531,43.13999938964844,43.91999816894531,1065000
2000-11-15,43.540000915527344,43.540000915527344,43.97999954223633,43.5,43.900001525878906,320000
2000-11-16,43.08000183105469,43.08000183105469,43.599998474121094,43.0,43.560001373291016,235000
2000-11-17,42.36000061035156,42.36000061035156,43.060001373291016,41.900001525878906,43.0,835000
2000-11-20,41.97999954223633,41.97999954223633,42.20000076293945,41.68000030517578,42.20000076293945,1285000
2000-11-21,41.36000061035156,41.36000061035156,41.97999954223633,41.20000076293945,41.91999816894531,420000
2000-11-22,41.279998779296875,41.279998779296875,41.31999969482422,40.63999938964844,41.0,240000
2000-11-24,41.81999969482422,41.81999969482422,42.0,41.599998474121094,41.599998474121094,195000
2000-11-27,41.65999984741211,41.65999984741211,42.0,41.439998626708984,42.0,135000
2000-11-28,41.41999816894531,41.41999816894531,41.70000076293945,41.41999816894531,41.560001373291016,260000
2000-11-29,43.0,43.0,43.0,41.41999816894531,41.459999084472656,860000
2000-11-30,43.47999954223633,43.47999954223633,43.720001220703125,42.0,42.720001220703125,1080000
2000-12-01,43.0,43.0,43.560001373291016,42.70000076293945,43.36000061035156,710000
2000-12-04,43.08000183105469,43.08000183105469,43.15999984741211,42.7400016784668,42.900001525878906,285000
2000-12-05,43.7400016784668,43.7400016784668,43.939998626708984,43.08000183105469,43.20000076293945,490000
2000-12-06,43.47999954223633,43.47999954223633,43.70000076293945,43.13999938964844,43.540000915527344,360000
2000-12-07,43.060001373291016,43.060001373291016,43.619998931884766,43.02000045776367,43.36000061035156,325000
2000-12-08,45.79999923706055,45.79999923706055,45.79999923706055,43.20000076293945,43.279998779296875,1030000
2000-12-11,46.15999984741211,46.15999984741211,46.15999984741211,45.0,45.70000076293945,625000
2000-12-12,45.459999084472656,45.459999084472656,46.2599983215332,45.2400016784668,46.0,625000
2000-12-13,45.599998474121094,45.599998474121094,46.0,45.29999923706055,45.560001373291016,650000
2000-12-14,44.7599983215332,44.7599983215332,46.380001068115234,44.7599983215332,45.36000061035156,785000
2000-12-15,44.7599983215332,44.7599983215332,45.18000030517578,44.13999938964844,44.79999923706055,590000
2000-12-18,45.220001220703125,45.220001220703125,45.34000015258789,44.439998626708984,44.79999923706055,405000
2000-12-19,44.540000915527344,44.540000915527344,44.939998626708984,44.41999816894531,44.900001525878906,520000
2000-12-20,43.52000045776367,43.52000045776367,44.540000915527344,43.400001525878906,44.34000015258789,380000
2000-12-21,43.41999816894531,43.41999816894531,44.619998931884766,43.41999816894531,43.52000045776367,515000
2000-12-22,43.70000076293945,43.70000076293945,44.560001373291016,43.29999923706055,43.400001525878906,625000
2000-12-26,43.97999954223633,43.97999954223633,44.380001068115234,43.52000045776367,43.79999923706055,690000
2000-12-27,45.119998931884766,45.119998931884766,45.119998931884766,43.84000015258789,43.900001525878906,555000
2000-12-28,46.099998474121094,46.099998474121094,46.560001373291016,44.70000076293945,44.70000076293945,540000
2000-12-29,47.08000183105469,47.08000183105469,47.5,45.84000015258789,46.439998626708984,910000
2001-01-02,48.220001220703125,48.220001220703125,49.5,47.29999923706055,47.459999084472656,2300000
2001-01-03,46.70000076293945,46.70000076293945,48.599998474121094,46.20000076293945,48.220001220703125,1105000
2001-01-04,45.880001068115234,45.880001068115234,46.79999923706055,45.040000915527344,46.599998474121094,1110000
2001-01-05,44.97999954223633,44.97999954223633,45.79999923706055,44.79999923706055,45.79999923706055,830000
2001-01-08,44.84000015258789,44.84000015258789,45.5,43.63999938964844,45.060001373291016,805000
2001-01-09,44.0,44.0,46.099998474121094,43.959999084472656,45.08000183105469,990000
2001-01-10,44.86000061035156,44.86000061035156,44.86000061035156,43.0,44.119998931884766,1325000
2001-01-11,43.400001525878906,43.400001525878906,45.18000030517578,42.959999084472656,44.91999816894531,925000
2001-01-12,43.79999923706055,43.79999923706055,43.959999084472656,42.84000015258789,43.29999923706055,900000
2001-01-16,44.540000915527344,44.540000915527344,45.099998474121094,43.81999969482422,43.880001068115234,895000
2001-01-17,45.099998474121094,45.099998474121094,45.65999984741211,44.79999923706055,45.20000076293945,430000
2001-01-18,45.380001068115234,45.380001068115234,45.779998779296875,45.099998474121094,45.15999984741211,465000
2001-01-19,44.84000015258789,44.84000015258789,45.599998474121094,44.7599983215332,45.52000045776367,305000
2001-01-22,44.84000015258789,44.84000015258789,45.08000183105469,44.52000045776367,44.52000045776367,530000
2001-01-23,44.720001220703125,44.720001220703125,45.13999938964844,44.220001220703125,44.900001525878906,575000
2001-01-24,44.31999969482422,44.31999969482422,44.619998931884766,44.18000030517578,44.560001373291016,370000
2001-01-25,44.47999954223633,44.47999954223633,44.619998931884766,44.060001373291016,44.060001373291016,320000
2001-01-26,44.47999954223633,44.47999954223633,44.81999969482422,44.400001525878906,44.63999938964844,400000
2001-01-29,44.58000183105469,44.58000183105469,45.060001373291016,44.29999923706055,44.599998474121094,475000
2001-01-30,45.52000045776367,45.52000045776367,45.560001373291016,44.34000015258789,44.58000183105469,705000
2001-01-31,45.0,45.0,45.560001373291016,44.63999938964844,45.560001373291016,605000
2001-02-01,46.0,46.0,46.0,44.91999816894531,45.0,960000
2001-02-02,46.63999938964844,46.63999938964844,46.97999954223633,45.939998626708984,46.040000915527344,605000
2001-02-05,46.02000045776367,46.02000045776367,46.869998931884766,45.5,46.63999938964844,825000
2001-02-06,45.5,45.5,46.2599983215332,45.5,46.15999984741211,295000
2001-02-07,45.0,45.0,45.65999984741211,45.0,45.439998626708984,415000
2001-02-08,46.060001373291016,46.060001373291016,46.20000076293945,45.279998779296875,45.279998779296875,500000
2001-02-09,45.84000015258789,45.84000015258789,46.29999923706055,45.7400016784668,46.08000183105469,450000
2001-02-12,46.29999923706055,46.29999923706055,46.560001373291016,45.7400016784668,45.7400016784668,580000
2001-02-13,46.959999084472656,46.959999084472656,46.959999084472656,46.380001068115234,46.5,910000
2001-02-14,46.459999084472656,46.459999084472656,47.20000076293945,46.36000061035156,46.79999923706055,525000
2001-02-15,46.439998626708984,46.439998626708984,47.959999084472656,46.20000076293945,47.2400016784668,1010000
2001-02-16,46.560001373291016,46.560001373291016,46.63999938964844,46.31999969482422,46.5,460000
2001-02-20,45.7400016784668,45.7400016784668,46.65999984741211,45.41999816894531,46.599998474121094,305000
2001-02-21,45.68000030517578,45.68000030517578,46.380001068115234,45.5,45.7400016784668,335000
2001-02-22,45.7400016784668,45.7400016784668,46.15999984741211,45.36000061035156,45.68000030517578,435000
2001-02-23,45.5,45.5,45.81999969482422,45.400001525878906,45.599998474121094,350000
2001-02-26,46.63999938964844,46.63999938964844,46.86000061035156,45.400001525878906,45.5,1195000
2001-02-27,47.220001220703125,47.220001220703125,47.2400016784668,46.380001068115234,46.63999938964844,350000
2001-02-28,46.779998779296875,46.779998779296875,47.34000015258789,46.560001373291016,47.29999923706055,865000
2001-03-01,46.7599983215332,46.7599983215332,46.779998779296875,45.939998626708984,46.5,625000
2001-03-02,46.41999816894531,46.41999816894531,47.880001068115234,46.119998931884766,46.7599983215332,785000
2001-03-05,47.400001525878906,47.400001525878906,47.599998474121094,46.20000076293945,46.29999923706055,875000
2001-03-06,47.380001068115234,47.380001068115234,47.380001068115234,47.0,47.20000076293945,455000
2001-03-07,47.439998626708984,47.439998626708984,47.7400016784668,47.2599983215332,47.439998626708984,365000
2001-03-08,47.720001220703125,47.720001220703125,47.959999084472656,47.29999923706055,47.439998626708984,260000
2001-03-09,47.459999084472656,47.459999084472656,47.900001525878906,47.15999984741211,47.599998474121094,360000
2001-03-12,46.31999969482422,46.31999969482422,48.0,46.040000915527344,48.0,1195000
2001-03-13,46.119998931884766,46.119998931884766,46.619998931884766,45.97999954223633,46.20000076293945,695000
2001-03-14,43.84000015258789,43.84000015258789,45.86000061035156,43.63999938964844,44.91999816894531,1035000
2001-03-15,45.18000030517578,45.18000030517578,45.58000183105469,44.31999969482422,44.31999969482422,1025000
2001-03-16,43.2400016784668,43.2400016784668,44.7599983215332,42.599998474121094,44.70000076293945,965000
2001-03-19,43.220001220703125,43.220001220703125,43.400001525878906,42.18000030517578,42.79999923706055,600000
2001-03-20,43.0,43.0,43.34000015258789,42.720001220703125,43.2400016784668,1230000
2001-03-21,43.18000030517578,43.18000030517578,43.47999954223633,42.2599983215332,42.599998474121094,830000
2001-03-22,42.880001068115234,42.880001068115234,43.060001373291016,41.70000076293945,42.5,1585000
2001-03-23,44.36000061035156,44.36000061035156,44.36000061035156,43.20000076293945,43.31999969482422,855000
2001-03-26,44.2599983215332,44.2599983215332,44.880001068115234,44.06999969482422,44.400001525878906,435000
2001-03-27,45.31999969482422,45.31999969482422,45.47999954223633,43.939998626708984,44.36000061035156,400000
2001-03-28,43.13999938964844,43.13999938964844,44.86000061035156,43.13999938964844,44.86000061035156,310000
2001-03-29,42.099998474121094,42.099998474121094,43.65999984741211,41.91999816894531,42.84000015258789,735000
2001-03-30,43.52000045776367,43.52000045776367,43.7599983215332,42.599998474121094,43.20000076293945,520000
2001-04-02,42.5,42.5,43.400001525878906,42.20000076293945,43.31999969482422,375000
2001-04-03,41.939998626708984,41.939998626708984,42.400001525878906,41.79999923706055,42.2400016784668,370000
2001-04-04,43.279998779296875,43.279998779296875,43.900001525878906,41.5,42.0,680000
2001-04-05,45.29999923706055,45.29999923706055,45.29999923706055,43.63999938964844,43.63999938964844,1070000
2001-04-06,44.5,44.5,45.36000061035156,44.400001525878906,44.5,440000
2001-04-09,44.20000076293945,44.20000076293945,45.099998474121094,44.119998931884766,44.84000015258789,385000
2001-04-10,43.02000045776367,43.02000045776367,44.20000076293945,42.91999816894531,44.20000076293945,670000
2001-04-11,43.0,43.0,43.279998779296875,42.70000076293945,43.099998474121094,245000
2001-04-12,42.599998474121094,42.599998474121094,43.08000183105469,42.5,43.0,420000
2001-04-16,42.79999923706055,42.79999923706055,43.18000030517578,42.5,42.599998474121094,405000
2001-04-17,45.040000915527344,45.040000915527344,45.099998474121094,42.65999984741211,42.65999984741211,1215000
2001-04-18,45.34000015258789,45.34000015258789,46.0,45.119998931884766,45.2599983215332,900000
2001-04-19,45.91999816894531,45.91999816894531,46.439998626708984,45.599998474121094,45.599998474121094,715000
2001-04-20,45.70000076293945,45.70000076293945,46.060001373291016,45.540000915527344,46.0,365000
2001-04-23,45.63999938964844,45.63999938964844,45.70000076293945,45.41999816894531,45.599998474121094,190000
2001-04-24,44.68000030517578,44.68000030517578,46.41999816894531,44.58000183105469,45.939998626708984,260000
2001-04-25,43.7599983215332,43.7599983215332,45.459999084472656,43.5,44.91999816894531,750000
2001-04-26,44.040000915527344,44.040000915527344,44.560001373291016,43.70000076293945,44.119998931884766,440000
2001-04-27,44.70000076293945,44.70000076293945,45.400001525878906,43.79999923706055,44.2599983215332,460000
2001-04-30,45.5,45.5,45.79999923706055,44.79999923706055,45.0,690000
2001-05-01,45.599998474121094,45.599998474121094,45.97999954223633,45.400001525878906,45.5,590000
2001-05-02,45.29999923706055,45.29999923706055,45.70000076293945,45.02000045776367,45.70000076293945,475000
2001-05-03,45.31999969482422,45.31999969482422,45.36000061035156,44.599998474121094,45.099998474121094,370000
2001-05-04,45.86000061035156,45.86000061035156,45.900001525878906,45.15999984741211,45.31999969482422,260000
2001-05-07,46.380001068115234,46.380001068115234,46.439998626708984,45.79999923706055,45.79999923706055,750000
2001-05-08,46.119998931884766,46.119998931884766,46.58000183105469,46.040000915527344,46.5,430000
2001-05-09,45.86000061035156,45.86000061035156,46.119998931884766,45.81999969482422,46.119998931884766,470000
2001-05-10,45.439998626708984,45.439998626708984,46.13999938964844,45.36000061035156,45.959999084472656,530000
2001-05-11,45.36000061035156,45.36000061035156,45.459999084472656,45.040000915527344,45.400001525878906,225000
2001-05-14,44.84000015258789,44.84000015258789,45.18000030517578,44.41999816894531,45.08000183105469,595000
2001-05-15,44.86000061035156,44.86000061035156,44.939998626708984,44.63999938964844,44.79999923706055,585000
2001-05-16,44.720001220703125,44.720001220703125,44.959999084472656,44.58000183105469,44.70000076293945,635000
2001-05-17,44.560001373291016,44.560001373291016,44.79999923706055,44.540000915527344,44.79999923706055,940000
2001-05-18,44.79999923706055,44.79999923706055,44.939998626708984,44.5,44.65999984741211,1550000
2001-05-21,45.2400016784668,45.2400016784668,45.34000015258789,44.599998474121094,44.86000061035156,695000
2001-05-22,45.2400016784668,45.2400016784668,45.47999954223633,45.20000076293945,45.47999954223633,565000
2001-05-23,45.34000015258789,45.34000015258789,45.34000015258789,44.720001220703125,45.08000183105469,345000
2001-05-24,45.060001373291016,45.060001373291016,45.47999954223633,44.720001220703125,45.400001525878906,400000
2001-05-25,45.20000076293945,45.20000076293945,45.34000015258789,44.79999923706055,44.86000061035156,235000
2001-05-29,45.400001525878906,45.400001525878906,45.7400016784668,45.2400016784668,45.52000045776367,255000
2001-05-30,45.279998779296875,45.279998779296875,45.599998474121094,45.119998931884766,45.400001525878906,500000
2001-05-31,45.439998626708984,45.439998626708984,45.560001373291016,45.2599983215332,45.400001525878906,255000
2001-06-01,45.599998474121094,45.599998474121094,45.880001068115234,45.2599983215332,45.880001068115234,785000
2001-06-04,45.63999938964844,45.63999938964844,45.779998779296875,45.279998779296875,45.5,200000
2001-06-05,45.63999938964844,45.63999938964844,45.79999923706055,45.439998626708984,45.7400016784668,165000
2001-06-06,46.0,46.0,46.599998474121094,45.599998474121094,45.7599983215332,920000
2001-06-07,45.58000183105469,45.58000183105469,46.099998474121094,45.5,45.68000030517578,355000
2001-06-08,45.34000015258789,45.34000015258789,45.5,45.0,45.36000061035156,285000
2001-06-11,45.15999984741211,45.15999984741211,45.34000015258789,44.880001068115234,45.02000045776367,240000
2001-06-12,45.650001525878906,45.650001525878906,45.65999984741211,44.68000030517578,45.060001373291016,385000
2001-06-13,45.70000076293945,45.70000076293945,45.86000061035156,45.52000045776367,45.779998779296875,715000
2001-06-14,45.20000076293945,45.20000076293945,45.68000030517578,45.18000030517578,45.560001373291016,175000
2001-06-15,43.7599983215332,43.7599983215332,45.2599983215332,43.400001525878906,45.0,980000
2001-06-18,44.189998626708984,44.189998626708984,44.279998779296875,43.41999816894531,43.79999923706055,355000
2001-06-19,43.900001525878906,43.900001525878906,44.720001220703125,43.900001525878906,44.380001068115234,200000
2001-06-20,43.779998779296875,43.779998779296875,44.15999984741211,43.5,44.0,265000
2001-06-21,43.02000045776367,43.02000045776367,43.81999969482422,43.02000045776367,43.79999923706055,295000
2001-06-22,44.70000076293945,44.70000076293945,44.70000076293945,43.220001220703125,43.459999084472656,590000
2001-06-25,44.31999969482422,44.31999969482422,44.47999954223633,43.959999084472656,44.459999084472656,210000
2001-06-26,44.7400016784668,44.7400016784668,44.7599983215332,44.060001373291016,44.20000076293945,300000
2001-06-27,45.040000915527344,45.040000915527344,45.599998474121094,44.599998474121094,44.79999923706055,1010000
2001-06-28,45.15999984741211,45.15999984741211,45.63999938964844,45.040000915527344,45.040000915527344,475000
2001-06-29,46.0,46.0,46.099998474121094,45.15999984741211,45.15999984741211,480000
2001-07-02,45.939998626708984,45.939998626708984,46.279998779296875,45.7599983215332,46.0,830000
2001-07-03,45.900001525878906,45.900001525878906,46.08000183105469,45.63999938964844,46.08000183105469,105000
2001-07-05,45.779998779296875,45.779998779296875,45.939998626708984,45.5,45.52000045776367,185000
2001-07-06,46.720001220703125,46.720001220703125,47.060001373291016,45.31999969482422,45.79999923706055,1980000
2001-07-09,47.099998474121094,47.099998474121094,47.34000015258789,46.599998474121094,46.7599983215332,855000
2001-07-10,46.959999084472656,46.959999084472656,47.20000076293945,46.41999816894531,47.0,600000
2001-07-11,46.939998626708984,46.939998626708984,47.08000183105469,46.7599983215332,47.060001373291016,540000
2001-07-12,46.0,46.0,47.0,45.560001373291016,46.939998626708984,275000
2001-07-13,46.0,46.0,46.2400016784668,45.900001525878906,46.2400016784668,315000
2001-07-16,45.41999816894531,45.41999816894531,46.13999938964844,45.400001525878906,46.13999938964844,150000
2001-07-17,45.79999923706055,45.79999923706055,46.119998931884766,45.540000915527344,45.540000915527344,205000
2001-07-18,45.79999923706055,45.79999923706055,46.06999969482422,45.79999923706055,46.0,140000
2001-07-19,45.279998779296875,45.279998779296875,46.36000061035156,45.20000076293945,46.2599983215332,745000
2001-07-20,45.2599983215332,45.2599983215332,45.400001525878906,45.08000183105469,45.20000076293945,435000
2001-07-23,45.31999969482422,45.31999969482422,45.5,45.20000076293945,45.400001525878906,235000
2001-07-24,45.0,45.0,45.47999954223633,45.0,45.279998779296875,350000
2001-07-25,45.279998779296875,45.279998779296875,45.29999923706055,45.0,45.15999984741211,610000
2001-07-26,45.2599983215332,45.2599983215332,45.459999084472656,45.119998931884766,45.400001525878906,210000
2001-07-27,45.34000015258789,45.34000015258789,45.400001525878906,45.119998931884766,45.20000076293945,145000
2001-07-30,45.0,45.0,45.400001525878906,44.91999816894531,45.400001525878906,150000
2001-07-31,45.91999816894531,45.91999816894531,45.97999954223633,45.119998931884766,45.119998931884766,370000
2001-08-01,46.220001220703125,46.220001220703125,46.2400016784668,45.81999969482422,45.91999816894531,225000
2001-08-02,45.08000183105469,45.08000183105469,46.279998779296875,44.939998626708984,46.220001220703125,615000
2001-08-03,45.119998931884766,45.119998931884766,45.439998626708984,44.79999923706055,45.29999923706055,475000
2001-08-06,45.7599983215332,45.7599983215332,45.84000015258789,45.220001220703125,45.29999923706055,225000
2001-08-07,45.900001525878906,45.900001525878906,46.040000915527344,45.720001220703125,45.97999954223633,275000
2001-08-08,45.880001068115234,45.880001068115234,46.0,45.560001373291016,45.900001525878906,240000
2001-08-09,46.2400016784668,46.2400016784668,46.2400016784668,45.7599983215332,45.79999923706055,215000
2001-08-10,45.7400016784668,45.7400016784668,46.29999923706055,45.7400016784668,46.29999923706055,185000
2001-08-13,46.220001220703125,46.220001220703125,46.34000015258789,45.84000015258789,45.84000015258789,245000
2001-08-14,46.099998474121094,46.099998474121094,46.36000061035156,46.099998474121094,46.36000061035156,320000
2001-08-15,46.2599983215332,46.2599983215332,46.41999816894531,46.040000915527344,46.2599983215332,365000
2001-08-16,46.36000061035156,46.36000061035156,46.5,46.2599983215332,46.36000061035156,370000
2001-08-17,46.13999938964844,46.13999938964844,46.400001525878906,46.0,46.400001525878906,280000
2001-08-20,46.540000915527344,46.540000915527344,46.560001373291016,45.86000061035156,45.86000061035156,135000
2001-08-21,46.36000061035156,46.36000061035156,46.68000030517578,46.2599983215332,46.540000915527344,510000
2001-08-22,46.41999816894531,46.41999816894531,46.540000915527344,46.279998779296875,46.279998779296875,525000
2001-08-23,46.560001373291016,46.560001373291016,46.63999938964844,46.29999923706055,46.400001525878906,395000
2001-08-24,46.400001525878906,46.400001525878906,46.560001373291016,46.36000061035156,46.36000061035156,260000
2001-08-27,46.58000183105469,46.58000183105469,46.58000183105469,46.400001525878906,46.400001525878906,160000
2001-08-28,46.65999984741211,46.65999984741211,46.65999984741211,46.34000015258789,46.47999954223633,190000
2001-08-29,46.52000045776367,46.52000045776367,46.65999984741211,46.41999816894531,46.65999984741211,225000
2001-08-30,46.459999084472656,46.459999084472656,46.58000183105469,46.29999923706055,46.52000045776367,710000
2001-08-31,46.2400016784668,46.2400016784668,46.5,46.060001373291016,46.34000015258789,595000
2001-09-04,46.29999923706055,46.29999923706055,46.58000183105469,46.040000915527344,46.040000915527344,540000
2001-09-05,46.31999969482422,46.31999969482422,46.34000015258789,46.099998474121094,46.31999969482422,445000
2001-09-06,46.599998474121094,46.599998474121094,46.7400016784668,46.0,46.119998931884766,1275000
2001-09-07,45.779998779296875,45.779998779296875,46.65999984741211,45.779998779296875,46.65999984741211,250000
2001-09-10,45.459999084472656,45.459999084472656,45.58000183105469,44.63999938964844,45.5,645000
2001-09-17,42.65999984741211,42.65999984741211,43.97999954223633,41.099998474121094,41.099998474121094,2880000
2001-09-18,42.459999084472656,42.459999084472656,43.130001068115234,42.2400016784668,42.599998474121094,1085000
2001-09-19,40.959999084472656,40.959999084472656,42.380001068115234,40.720001220703125,42.2400016784668,1510000
2001-09-20,41.70000076293945,41.70000076293945,42.20000076293945,39.540000915527344,40.099998474121094,1500000
2001-09-21,41.68000030517578,41.68000030517578,42.34000015258789,40.65999984741211,40.65999984741211,1210000
2001-09-24,42.459999084472656,42.459999084472656,42.5,41.52000045776367,42.15999984741211,1130000
2001-09-25,43.400001525878906,43.400001525878906,43.459999084472656,42.099998474121094,42.20000076293945,3165000
2001-09-26,45.2400016784668,45.2400016784668,45.31999969482422,43.880001068115234,43.880001068115234,1350000
2001-09-27,46.29999923706055,46.29999923706055,46.47999954223633,45.2400016784668,45.2400016784668,1065000
2001-09-28,46.599998474121094,46.599998474121094,47.15999984741211,46.41999816894531,46.41999816894531,1735000
2001-10-01,46.70000076293945,46.70000076293945,46.84000015258789,45.540000915527344,46.20000076293945,1445000
2001-10-02,46.7400016784668,46.7400016784668,46.779998779296875,46.5,46.70000076293945,1015000
2001-10-03,48.439998626708984,48.439998626708984,49.20000076293945,46.7400016784668,46.7400016784668,3225000
2001-10-04,47.720001220703125,47.720001220703125,49.02000045776367,47.70000076293945,48.119998931884766,965000
2001-10-05,48.0,48.0,48.2599983215332,46.36000061035156,47.540000915527344,545000
2001-10-08,48.29999923706055,48.29999923706055,48.79999923706055,48.02000045776367,48.119998931884766,1270000
2001-10-09,48.70000076293945,48.70000076293945,48.70000076293945,48.040000915527344,48.34000015258789,670000
2001-10-10,49.86000061035156,49.86000061035156,50.0,48.29999923706055,49.119998931884766,1220000
2001-10-11,49.880001068115234,49.880001068115234,50.29999923706055,49.65999984741211,50.02000045776367,680000
2001-10-12,49.0,49.0,49.68000030517578,48.31999969482422,49.68000030517578,945000
2001-10-15,50.0,50.0,50.0,48.5,49.380001068115234,1080000
2001-10-16,49.779998779296875,49.779998779296875,50.279998779296875,49.599998474121094,49.599998474121094,1520000
2001-10-17,49.400001525878906,49.400001525878906,50.119998931884766,49.400001525878906,49.86000061035156,830000
2001-10-18,49.63999938964844,49.63999938964844,49.939998626708984,49.5,49.5,225000
2001-10-19,49.79999923706055,49.79999923706055,49.880001068115234,49.220001220703125,49.65999984741211,280000
2001-10-22,49.63999938964844,49.63999938964844,50.040000915527344,49.540000915527344,49.959999084472656,445000
2001-10-23,49.0,49.0,49.599998474121094,49.0,49.560001373291016,535000
2001-10-24,49.040000915527344,49.040000915527344,49.599998474121094,48.939998626708984,49.13999938964844,435000
2001-10-25,48.900001525878906,48.900001525878906,49.279998779296875,48.79999923706055,48.86000061035156,255000
2001-10-26,48.380001068115234,48.380001068115234,48.939998626708984,48.2599983215332,48.79999923706055,390000
2001-10-29,48.20000076293945,48.20000076293945,48.279998779296875,47.58000183105469,48.0,300000
2001-10-30,46.599998474121094,46.599998474121094,48.2599983215332,46.400001525878906,48.2599983215332,625000
2001-10-31,47.08000183105469,47.08000183105469,47.79999923706055,46.5,46.68000030517578,405000
2001-11-01,47.7400016784668,47.7400016784668,48.0,46.619998931884766,47.20000076293945,440000
2001-11-02,47.939998626708984,47.939998626708984,48.31999969482422,47.29999923706055,47.70000076293945,280000
2001-11-05,47.540000915527344,47.540000915527344,48.599998474121094,47.540000915527344,48.47999954223633,365000
2001-11-06,48.560001373291016,48.560001373291016,48.70000076293945,47.0,47.279998779296875,525000
2001-11-07,47.119998931884766,47.119998931884766,48.400001525878906,47.040000915527344,48.060001373291016,570000
2001-11-08,47.220001220703125,47.220001220703125,47.7599983215332,47.0,47.400001525878906,435000
2001-11-09,46.29999923706055,46.29999923706055,47.220001220703125,46.02000045776367,47.220001220703125,585000
2001-11-12,45.599998474121094,45.599998474121094,46.560001373291016,44.79999923706055,45.599998474121094,745000
2001-11-13,45.2400016784668,45.2400016784668,46.47999954223633,44.959999084472656,45.900001525878906,785000
2001-11-14,45.400001525878906,45.400001525878906,45.599998474121094,45.20000076293945,45.439998626708984,770000
2001-11-15,44.70000076293945,44.70000076293945,45.47999954223633,44.70000076293945,45.400001525878906,365000
2001-11-16,44.70000076293945,44.70000076293945,45.15999984741211,44.47999954223633,44.70000076293945,455000
2001-11-19,44.2599983215332,44.2599983215332,45.119998931884766,44.220001220703125,44.939998626708984,870000
2001-11-20,45.0,45.0,45.20000076293945,44.400001525878906,44.619998931884766,655000
2001-11-21,44.900001525878906,44.900001525878906,45.13999938964844,44.560001373291016,44.86000061035156,225000
2001-11-23,45.20000076293945,45.20000076293945,45.279998779296875,45.0,45.099998474121094,100000
2001-11-26,44.7400016784668,44.7400016784668,45.380001068115234,44.52000045776367,45.34000015258789,400000
2001-11-27,45.0,45.0,45.0,44.20000076293945,44.7400016784668,445000
2001-11-28,45.459999084472656,45.459999084472656,45.599998474121094,44.84000015258789,45.0,310000
2001-11-29,46.68000030517578,46.68000030517578,47.400001525878906,45.68000030517578,45.720001220703125,425000
2001-11-30,46.65999984741211,46.65999984741211,46.79999923706055,45.959999084472656,46.68000030517578,540000
2001-12-03,46.599998474121094,46.599998474121094,46.880001068115234,46.5,46.70000076293945,240000
2001-12-04,46.720001220703125,46.720001220703125,47.0,46.5,46.599998474121094,540000
2001-12-05,46.68000030517578,46.68000030517578,47.34000015258789,46.540000915527344,46.79999923706055,415000
2001-12-06,46.47999954223633,46.47999954223633,46.7599983215332,45.619998931884766,46.68000030517578,500000
2001-12-07,45.900001525878906,45.900001525878906,47.0,45.79999923706055,47.0,445000
2001-12-10,45.02000045776367,45.02000045776367,45.79999923706055,44.880001068115234,45.63999938964844,390000
2001-12-11,45.47999954223633,45.47999954223633,46.47999954223633,44.79999923706055,45.040000915527344,290000
2001-12-12,46.0,46.0,46.279998779296875,45.15999984741211,45.47999954223633,425000
2001-12-13,45.560001373291016,45.560001373291016,45.880001068115234,45.060001373291016,45.599998474121094,260000
2001-12-14,46.65999984741211,46.65999984741211,46.70000076293945,45.040000915527344,45.560001373291016,245000
2001-12-17,46.84000015258789,46.84000015258789,46.91999816894531,46.040000915527344,46.540000915527344,545000
2001-12-18,46.52000045776367,46.52000045776367,46.84000015258789,45.68000030517578,46.79999923706055,645000
2001-12-19,47.040000915527344,47.040000915527344,47.13999938964844,46.560001373291016,46.68000030517578,515000
2001-12-20,47.15999984741211,47.15999984741211,48.0,46.720001220703125,47.20000076293945,580000
2001-12-21,47.099998474121094,47.099998474121094,47.540000915527344,47.099998474121094,47.15999984741211,465000
2001-12-24,47.34000015258789,47.34000015258789,47.459999084472656,47.099998474121094,47.099998474121094,130000
2001-12-26,47.599998474121094,47.599998474121094,47.70000076293945,47.31999969482422,47.31999969482422,725000
2001-12-27,48.599998474121094,48.599998474121094,48.70000076293945,47.560001373291016,47.68000030517578,650000
2001-12-28,49.540000915527344,49.540000915527344,49.540000915527344,48.63999938964844,48.900001525878906,585000
2001-12-31,50.5,50.5,50.5,49.099998474121094,49.36000061035156,1385000
2002-01-02,49.68000030517578,49.68000030517578,49.79999923706055,48.5,49.79999923706055,1130000
2002-01-03,49.400001525878906,49.400001525878906,49.97999954223633,49.2400016784668,49.68000030517578,730000
2002-01-04,49.13999938964844,49.13999938964844,49.41999816894531,48.70000076293945,49.41999816894531,850000
2002-01-07,49.18000030517578,49.18000030517578,49.599998474121094,49.0,49.47999954223633,720000
2002-01-08,47.7599983215332,47.7599983215332,48.939998626708984,47.7400016784668,48.79999923706055,315000
2002-01-09,48.5,48.5,48.7400016784668,47.400001525878906,47.400001525878906,520000
2002-01-10,47.900001525878906,47.900001525878906,49.099998474121094,47.81999969482422,48.97999954223633,205000
2002-01-11,49.29999923706055,49.29999923706055,49.29999923706055,48.0,48.0,695000
2002-01-14,49.380001068115234,49.380001068115234,49.47999954223633,48.79999923706055,48.79999923706055,540000
2002-01-15,49.599998474121094,49.599998474121094,49.79999923706055,49.47999954223633,49.540000915527344,450000
2002-01-16,49.63999938964844,49.63999938964844,49.79999923706055,49.20000076293945,49.68000030517578,470000
2002-01-17,49.900001525878906,49.900001525878906,49.91999816894531,49.560001373291016,49.900001525878906,520000
2002-01-18,49.97999954223633,49.97999954223633,49.97999954223633,49.7599983215332,49.900001525878906,340000
2002-01-22,49.599998474121094,49.599998474121094,49.880001068115234,49.13999938964844,49.79999923706055,230000
2002-01-23,49.0,49.0,49.439998626708984,48.84000015258789,49.400001525878906,305000
2002-01-24,49.31999969482422,49.31999969482422,49.439998626708984,49.0,49.060001373291016,200000
2002-01-25,49.2400016784668,49.2400016784668,49.560001373291016,49.0,49.099998474121094,230000
2002-01-28,49.560001373291016,49.560001373291016,49.599998474121094,49.20000076293945,49.29999923706055,275000
2002-01-29,49.18000030517578,49.18000030517578,49.560001373291016,48.720001220703125,49.560001373291016,310000
2002-01-30,49.099998474121094,49.099998474121094,49.34000015258789,48.81999969482422,49.31999969482422,275000
2002-01-31,49.060001373291016,49.060001373291016,49.31999969482422,48.599998474121094,49.29999923706055,460000
2002-02-01,49.040000915527344,49.040000915527344,49.34000015258789,48.84000015258789,49.34000015258789,540000
2002-02-04,48.70000076293945,48.70000076293945,49.060001373291016,48.619998931884766,48.84000015258789,465000
2002-02-05,48.560001373291016,48.560001373291016,49.099998474121094,48.2400016784668,48.86000061035156,555000
2002-02-06,48.20000076293945,48.20000076293945,48.939998626708984,48.20000076293945,48.2599983215332,525000
2002-02-07,48.2599983215332,48.2599983215332,48.63999938964844,48.0,48.20000076293945,245000
2002-02-08,48.79999923706055,48.79999923706055,49.0,48.52000045776367,48.52000045776367,185000
2002-02-11,49.060001373291016,49.060001373291016,49.099998474121094,48.439998626708984,48.79999923706055,310000
2002-02-12,49.02000045776367,49.02000045776367,49.13999938964844,48.599998474121094,49.13999938964844,225000
2002-02-13,49.220001220703125,49.220001220703125,49.380001068115234,48.63999938964844,48.900001525878906,290000
2002-02-14,48.959999084472656,48.959999084472656,49.34000015258789,48.86000061035156,49.29999923706055,330000
2002-02-15,48.900001525878906,48.900001525878906,49.119998931884766,48.65999984741211,49.060001373291016,205000
2002-02-19,48.68000030517578,48.68000030517578,48.959999084472656,48.52000045776367,48.900001525878906,245000
2002-02-20,48.68000030517578,48.68000030517578,48.779998779296875,48.439998626708984,48.68000030517578,365000
2002-02-21,48.63999938964844,48.63999938964844,49.040000915527344,48.29999923706055,48.900001525878906,245000
2002-02-22,48.900001525878906,48.900001525878906,49.34000015258789,48.400001525878906,48.400001525878906,395000
2002-02-25,48.63999938964844,48.63999938964844,49.119998931884766,48.5,49.08000183105469,585000
2002-02-26,49.099998474121094,49.099998474121094,49.15999984741211,48.540000915527344,48.86000061035156,260000
2002-02-27,48.5,48.5,49.119998931884766,48.400001525878906,49.099998474121094,415000
2002-02-28,48.5,48.5,48.70000076293945,48.400001525878906,48.68000030517578,175000
2002-03-01,48.900001525878906,48.900001525878906,48.959999084472656,48.599998474121094,48.70000076293945,225000
2002-03-04,48.41999816894531,48.41999816894531,48.7599983215332,48.2400016784668,48.68000030517578,565000
2002-03-05,48.02000045776367,48.02000045776367,48.31999969482422,47.959999084472656,48.20000076293945,420000
2002-03-06,47.0,47.0,47.939998626708984,46.900001525878906,47.720001220703125,835000
2002-03-07,46.560001373291016,46.560001373291016,47.0,45.70000076293945,46.900001525878906,1735000
2002-03-08,47.939998626708984,47.939998626708984,47.97999954223633,47.0,47.0,1345000
2002-03-11,47.79999923706055,47.79999923706055,47.84000015258789,46.84000015258789,47.13999938964844,1210000
2002-03-12,47.599998474121094,47.599998474121094,47.900001525878906,47.20000076293945,47.20000076293945,625000
2002-03-13,47.65999984741211,47.65999984741211,47.65999984741211,47.2400016784668,47.599998474121094,450000
2002-03-14,48.0,48.0,48.279998779296875,47.400001525878906,47.400001525878906,740000
2002-03-15,48.68000030517578,48.68000030517578,48.79999923706055,47.65999984741211,47.959999084472656,675000
2002-03-18,49.08000183105469,49.08000183105469,49.400001525878906,49.0,49.34000015258789,825000
2002-03-19,48.91999816894531,48.91999816894531,49.08000183105469,48.599998474121094,49.08000183105469,275000
2002-03-20,48.7599983215332,48.7599983215332,49.79999923706055,48.58000183105469,48.84000015258789,1225000
2002-03-21,48.20000076293945,48.20000076293945,48.540000915527344,48.0,48.0,415000
2002-03-22,47.7400016784668,47.7400016784668,48.34000015258789,47.70000076293945,48.0,340000
2002-03-25,47.7400016784668,47.7400016784668,47.97999954223633,47.65999984741211,47.880001068115234,320000
2002-03-26,47.720001220703125,47.720001220703125,48.08000183105469,47.58000183105469,47.65999984741211,250000
2002-03-27,47.560001373291016,47.560001373291016,47.939998626708984,47.560001373291016,47.65999984741211,245000
2002-03-28,47.380001068115234,47.380001068115234,47.84000015258789,47.0,47.7400016784668,265000
2002-04-01,47.20000076293945,47.20000076293945,47.279998779296875,46.70000076293945,47.279998779296875,470000
2002-04-02,48.13999938964844,48.13999938964844,48.29999923706055,46.91999816894531,47.13999938964844,355000
2002-04-03,48.060001373291016,48.060001373291016,48.400001525878906,47.84000015258789,48.20000076293945,480000
2002-04-04,47.36000061035156,47.36000061035156,47.599998474121094,47.20000076293945,47.20000076293945,300000
2002-04-05,47.36000061035156,47.36000061035156,47.68000030517578,47.15999984741211,47.2599983215332,280000
2002-04-08,47.02000045776367,47.02000045776367,47.5,46.900001525878906,47.2400016784668,550000
2002-04-09,47.7400016784668,47.7400016784668,47.880001068115234,47.02000045776367,47.099998474121094,570000
2002-04-10,47.36000061035156,47.36000061035156,47.84000015258789,47.18000030517578,47.84000015258789,530000
2002-04-11,47.060001373291016,47.060001373291016,47.34000015258789,46.900001525878906,47.34000015258789,550000
2002-04-12,47.119998931884766,47.119998931884766,47.400001525878906,47.040000915527344,47.13999938964844,440000
2002-04-15,47.0,47.0,47.29999923706055,46.7599983215332,47.29999923706055,160000
2002-04-16,46.79999923706055,46.79999923706055,47.400001525878906,46.79999923706055,46.900001525878906,500000
2002-04-17,46.939998626708984,46.939998626708984,47.400001525878906,46.7599983215332,46.79999923706055,705000
2002-04-18,46.959999084472656,46.959999084472656,47.29999923706055,46.86000061035156,46.939998626708984,275000
2002-04-19,46.900001525878906,46.900001525878906,47.2400016784668,46.79999923706055,46.97999954223633,260000
2002-04-22,46.599998474121094,46.599998474121094,46.79999923706055,46.29999923706055,46.79999923706055,585000
2002-04-23,47.7400016784668,47.7400016784668,47.779998779296875,46.65999984741211,46.70000076293945,615000
2002-04-24,47.599998474121094,47.599998474121094,48.13999938964844,47.58000183105469,47.79999923706055,435000
2002-04-25,47.400001525878906,47.400001525878906,47.560001373291016,47.20000076293945,47.439998626708984,210000
2002-04-26,46.5,46.5,47.380001068115234,46.5,47.380001068115234,615000
2002-04-29,47.7599983215332,47.7599983215332,47.900001525878906,47.2400016784668,47.63999938964844,670000
2002-04-30,48.65999984741211,48.65999984741211,48.79999923706055,47.84000015258789,48.0,760000
2002-05-01,49.79999923706055,49.79999923706055,49.91999816894531,48.65999984741211,48.900001525878906,850000
2002-05-02,49.36000061035156,49.36000061035156,49.79999923706055,49.099998474121094,49.34000015258789,565000
2002-05-03,49.400001525878906,49.400001525878906,49.439998626708984,48.20000076293945,49.0,685000
2002-05-06,48.900001525878906,48.900001525878906,49.97999954223633,48.70000076293945,49.97999954223633,975000
2002-05-07,49.97999954223633,49.97999954223633,50.099998474121094,49.0,49.2599983215332,1000000
2002-05-08,49.97999954223633,49.97999954223633,50.18000030517578,49.560001373291016,49.97999954223633,675000
2002-05-09,50.189998626708984,50.189998626708984,50.20000076293945,49.7599983215332,49.84000015258789,365000
2002-05-10,50.29999923706055,50.29999923706055,50.7599983215332,50.099998474121094,50.279998779296875,520000
2002-05-13,51.68000030517578,51.68000030517578,51.900001525878906,50.79999923706055,50.79999923706055,555000
2002-05-14,52.0,52.0,52.0,51.459999084472656,51.939998626708984,670000
2002-05-15,51.97999954223633,51.97999954223633,52.400001525878906,51.63999938964844,51.81999969482422,635000
2002-05-16,51.779998779296875,51.779998779296875,52.279998779296875,51.540000915527344,52.0,300000
2002-05-17,52.119998931884766,52.119998931884766,52.18000030517578,51.560001373291016,52.119998931884766,225000
2002-05-20,51.540000915527344,51.540000915527344,52.0,51.439998626708984,51.79999923706055,280000
2002-05-21,51.599998474121094,51.599998474121094,51.84000015258789,51.459999084472656,51.599998474121094,295000
2002-05-22,50.400001525878906,50.400001525878906,51.619998931884766,50.0,51.619998931884766,940000
2002-05-23,50.2400016784668,50.2400016784668,50.79999923706055,50.220001220703125,50.720001220703125,375000
2002-05-24,50.959999084472656,50.959999084472656,51.040000915527344,50.2400016784668,50.2400016784668,485000
2002-05-28,51.119998931884766,51.119998931884766,51.29999923706055,50.880001068115234,51.2599983215332,245000
2002-05-29,50.20000076293945,50.20000076293945,51.099998474121094,50.20000076293945,50.900001525878906,225000
2002-05-30,49.47999954223633,49.47999954223633,50.2400016784668,49.400001525878906,50.02000045776367,425000
2002-05-31,49.439998626708984,49.439998626708984,50.08000183105469,49.439998626708984,49.599998474121094,205000
2002-06-03,48.81999969482422,48.81999969482422,49.779998779296875,48.81999969482422,49.599998474121094,230000
2002-06-04,49.68000030517578,49.68000030517578,49.880001068115234,47.939998626708984,49.20000076293945,850000
2002-06-05,49.2400016784668,49.2400016784668,50.29999923706055,49.15999984741211,49.880001068115234,280000
2002-06-06,49.779998779296875,49.779998779296875,50.20000076293945,48.7599983215332,49.20000076293945,325000
2002-06-07,49.540000915527344,49.540000915527344,49.86000061035156,49.20000076293945,49.400001525878906,420000
2002-06-10,49.0,49.0,49.65999984741211,49.0,49.599998474121094,345000
2002-06-11,48.20000076293945,48.20000076293945,49.34000015258789,48.060001373291016,48.939998626708984,335000
2002-06-12,48.63999938964844,48.63999938964844,48.7599983215332,48.02000045776367,48.08000183105469,310000
2002-06-13,49.2599983215332,49.2599983215332,49.540000915527344,48.91999816894531,49.119998931884766,310000
2002-06-14,48.619998931884766,48.619998931884766,48.939998626708984,48.36000061035156,48.939998626708984,415000
2002-06-17,49.13999938964844,49.13999938964844,49.380001068115234,48.7400016784668,48.79999923706055,360000
2002-06-18,49.099998474121094,49.099998474121094,49.34000015258789,49.099998474121094,49.20000076293945,250000
2002-06-19,48.15999984741211,48.15999984741211,49.220001220703125,48.0,49.20000076293945,335000
2002-06-20,48.2400016784668,48.2400016784668,48.52000045776367,48.119998931884766,48.15999984741211,220000
2002-06-21,48.099998474121094,48.099998474121094,48.36000061035156,47.70000076293945,48.20000076293945,320000
2002-06-24,47.2599983215332,47.2599983215332,48.20000076293945,46.31999969482422,48.15999984741211,520000
2002-06-25,46.2400016784668,46.2400016784668,47.86000061035156,46.119998931884766,47.70000076293945,420000
2002-06-26,45.040000915527344,45.040000915527344,45.86000061035156,44.29999923706055,45.70000076293945,1545000
2002-06-27,45.13999938964844,45.13999938964844,46.08000183105469,44.400001525878906,45.68000030517578,610000
2002-06-28,44.68000030517578,44.68000030517578,46.18000030517578,44.58000183105469,45.13999938964844,685000
2002-07-01,44.400001525878906,44.400001525878906,45.5,44.119998931884766,45.220001220703125,575000
2002-07-02,43.619998931884766,43.619998931884766,44.7599983215332,43.599998474121094,44.02000045776367,785000
2002-07-03,44.29999923706055,44.29999923706055,44.52000045776367,43.52000045776367,43.540000915527344,890000
2002-07-05,45.119998931884766,45.119998931884766,45.5,44.79999923706055,44.84000015258789,530000
2002-07-08,45.939998626708984,45.939998626708984,46.279998779296875,45.439998626708984,45.540000915527344,515000
2002-07-09,46.29999923706055,46.29999923706055,46.779998779296875,45.91999816894531,46.20000076293945,370000
2002-07-10,45.81999969482422,45.81999969482422,46.68000030517578,45.79999923706055,46.599998474121094,595000
2002-07-11,45.0,45.0,45.47999954223633,44.68000030517578,45.099998474121094,620000
2002-07-12,44.119998931884766,44.119998931884766,45.0,43.52000045776367,44.939998626708984,890000
2002-07-15,43.5,43.5,44.5,43.119998931884766,44.5,955000
2002-07-16,43.91999816894531,43.91999816894531,44.63999938964844,43.20000076293945,43.400001525878906,1110000
2002-07-17,43.84000015258789,43.84000015258789,44.52000045776367,43.63999938964844,43.91999816894531,460000
2002-07-18,44.400001525878906,44.400001525878906,44.599998474121094,44.0,44.0,680000
2002-07-19,44.599998474121094,44.599998474121094,45.060001373291016,43.63999938964844,43.70000076293945,1530000
2002-07-22,41.58000183105469,41.58000183105469,44.0,41.5,44.0,1530000
2002-07-23,40.0,40.0,42.459999084472656,39.619998931884766,42.459999084472656,2205000
2002-07-24,41.779998779296875,41.779998779296875,41.939998626708984,38.5,38.900001525878906,1615000
2002-07-25,42.34000015258789,42.34000015258789,43.119998931884766,41.400001525878906,41.599998474121094,1120000
2002-07-26,42.2400016784668,42.2400016784668,42.68000030517578,41.400001525878906,42.099998474121094,705000
2002-07-29,45.84000015258789,45.84000015258789,45.91999816894531,43.20000076293945,43.20000076293945,2095000
2002-07-30,46.84000015258789,46.84000015258789,47.02000045776367,45.20000076293945,45.20000076293945,1440000
2002-07-31,45.7400016784668,45.7400016784668,47.0,45.7400016784668,46.84000015258789,510000
2002-08-01,46.47999954223633,46.47999954223633,46.560001373291016,45.720001220703125,45.86000061035156,485000
2002-08-02,46.900001525878906,46.900001525878906,47.099998474121094,46.5,46.599998474121094,595000
2002-08-05,45.599998474121094,45.599998474121094,47.08000183105469,45.099998474121094,47.08000183105469,490000
2002-08-06,46.220001220703125,46.220001220703125,47.0,46.20000076293945,46.31999969482422,530000
2002-08-07,46.7400016784668,46.7400016784668,46.86000061035156,46.279998779296875,46.279998779296875,825000
2002-08-08,47.18000030517578,47.18000030517578,47.400001525878906,46.36000061035156,46.58000183105469,780000
2002-08-09,47.20000076293945,47.20000076293945,47.68000030517578,46.79999923706055,47.29999923706055,655000
2002-08-12,48.459999084472656,48.459999084472656,49.099998474121094,48.0,48.20000076293945,960000
2002-08-13,49.060001373291016,49.060001373291016,49.400001525878906,48.79999923706055,49.08000183105469,710000
2002-08-14,48.79999923706055,48.79999923706055,49.060001373291016,48.31999969482422,48.79999923706055,610000
2002-08-15,49.900001525878906,49.900001525878906,50.0,48.79999923706055,48.79999923706055,940000
2002-08-16,49.97999954223633,49.97999954223633,50.0,49.560001373291016,49.900001525878906,540000
2002-08-19,49.70000076293945,49.70000076293945,50.0,49.34000015258789,49.779998779296875,555000
2002-08-20,48.939998626708984,48.939998626708984,49.959999084472656,48.720001220703125,49.959999084472656,490000
2002-08-21,49.5,49.5,49.7400016784668,48.84000015258789,49.400001525878906,325000
2002-08-22,50.0,50.0,50.0,49.5,49.68000030517578,490000
2002-08-23,50.13999938964844,50.13999938964844,50.279998779296875,49.65999984741211,50.0,715000
2002-08-26,50.0,50.0,50.29999923706055,49.79999923706055,50.29999923706055,335000
2002-08-27,50.02000045776367,50.02000045776367,50.20000076293945,49.7599983215332,50.18000030517578,425000
2002-08-28,49.5,49.5,49.79999923706055,49.29999923706055,49.5,390000
2002-08-29,49.459999084472656,49.459999084472656,49.720001220703125,48.720001220703125,49.20000076293945,490000
2002-08-30,48.79999923706055,48.79999923706055,49.79999923706055,48.79999923706055,49.560001373291016,315000
2002-09-03,48.15999984741211,48.15999984741211,48.779998779296875,48.0,48.52000045776367,650000
2002-09-04,48.13999938964844,48.13999938964844,48.68000030517578,48.0,48.34000015258789,330000
2002-09-05,49.0,49.0,49.18000030517578,47.5,48.0,430000
2002-09-06,49.060001373291016,49.060001373291016,49.70000076293945,48.939998626708984,49.0,395000
2002-09-09,49.810001373291016,49.810001373291016,49.959999084472656,49.0,49.08000183105469,580000
2002-09-10,50.36000061035156,50.36000061035156,50.5,49.939998626708984,49.939998626708984,800000
2002-09-11,50.220001220703125,50.220001220703125,50.599998474121094,50.119998931884766,50.52000045776367,315000
2002-09-12,50.20000076293945,50.20000076293945,50.279998779296875,49.70000076293945,50.0,490000
2002-09-13,49.79999923706055,49.79999923706055,49.900001525878906,49.400001525878906,49.599998474121094,435000
2002-09-16,49.97999954223633,49.97999954223633,50.34000015258789,49.5,50.13999938964844,515000
2002-09-17,50.040000915527344,50.040000915527344,50.5,49.31999969482422,50.20000076293945,495000
2002-09-18,49.79999923706055,49.79999923706055,49.79999923706055,49.220001220703125,49.5,320000
2002-09-19,48.34000015258789,48.34000015258789,49.599998474121094,48.02000045776367,49.29999923706055,595000
2002-09-20,48.0,48.0,49.36000061035156,47.68000030517578,47.939998626708984,830000
2002-09-23,47.119998931884766,47.119998931884766,48.08000183105469,46.36000061035156,48.02000045776367,635000
2002-09-24,48.20000076293945,48.20000076293945,48.459999084472656,46.400001525878906,46.5,765000
2002-09-25,47.959999084472656,47.959999084472656,48.439998626708984,47.7599983215332,48.29999923706055,685000
2002-09-26,48.099998474121094,48.099998474121094,48.70000076293945,47.79999923706055,48.400001525878906,495000
2002-09-27,48.779998779296875,48.779998779296875,49.2400016784668,48.599998474121094,48.939998626708984,550000
2002-09-30,49.29999923706055,49.29999923706055,49.29999923706055,47.79999923706055,48.599998474121094,570000
2002-10-01,48.599998474121094,48.599998474121094,49.70000076293945,48.15999984741211,49.400001525878906,670000
2002-10-02,47.79999923706055,47.79999923706055,48.599998474121094,47.31999969482422,48.400001525878906,510000
2002-10-03,48.2400016784668,48.2400016784668,48.36000061035156,47.2400016784668,47.2400016784668,920000
2002-10-04,48.7599983215332,48.7599983215332,48.900001525878906,48.13999938964844,48.29999923706055,535000
2002-10-07,47.79999923706055,47.79999923706055,48.70000076293945,47.400001525878906,48.70000076293945,495000
2002-10-08,46.599998474121094,46.599998474121094,47.959999084472656,46.5,47.70000076293945,625000
2002-10-09,45.279998779296875,45.279998779296875,45.880001068115234,44.900001525878906,45.79999923706055,840000
2002-10-10,45.2400016784668,45.2400016784668,45.959999084472656,44.880001068115234,45.119998931884766,715000
2002-10-11,46.97999954223633,46.97999954223633,47.880001068115234,45.900001525878906,46.0,790000
2002-10-14,47.13999938964844,47.13999938964844,47.31999969482422,46.70000076293945,46.900001525878906,395000
2002-10-15,48.7400016784668,48.7400016784668,48.97999954223633,47.13999938964844,48.20000076293945,760000
2002-10-16,48.18000030517578,48.18000030517578,48.900001525878906,47.540000915527344,48.540000915527344,405000
2002-10-17,49.119998931884766,49.119998931884766,49.47999954223633,48.599998474121094,49.0,625000
2002-10-18,49.279998779296875,49.279998779296875,49.52000045776367,48.70000076293945,49.0,615000
2002-10-21,48.560001373291016,48.560001373291016,49.279998779296875,48.119998931884766,49.119998931884766,1035000
2002-10-22,49.2400016784668,49.2400016784668,49.599998474121094,48.400001525878906,48.560001373291016,695000
2002-10-23,49.18000030517578,49.18000030517578,49.20000076293945,48.7599983215332,49.040000915527344,680000
2002-10-24,49.18000030517578,49.18000030517578,49.29999923706055,48.79999923706055,49.20000076293945,405000
2002-10-25,48.900001525878906,48.900001525878906,49.5,48.7400016784668,49.18000030517578,425000
2002-10-28,49.0,49.0,49.400001525878906,48.880001068115234,49.20000076293945,430000
2002-10-29,48.599998474121094,48.599998474121094,49.0,48.220001220703125,48.79999923706055,370000
2002-10-30,48.599998474121094,48.599998474121094,48.779998779296875,48.31999969482422,48.63999938964844,420000
2002-10-31,49.20000076293945,49.20000076293945,49.47999954223633,48.52000045776367,48.7599983215332,410000
2002-11-01,49.15999984741211,49.15999984741211,49.34000015258789,48.880001068115234,49.20000076293945,195000
2002-11-04,49.279998779296875,49.279998779296875,49.5,49.099998474121094,49.2599983215332,545000
2002-11-05,49.220001220703125,49.220001220703125,49.41999816894531,49.0,49.20000076293945,235000
2002-11-06,49.47999954223633,49.47999954223633,49.5,49.0,49.220001220703125,360000
2002-11-07,49.15999984741211,49.15999984741211,49.439998626708984,48.97999954223633,49.15999984741211,360000
2002-11-08,49.79999923706055,49.79999923706055,50.0,48.900001525878906,49.0,1225000
2002-11-11,49.36000061035156,49.36000061035156,50.0,48.70000076293945,49.79999923706055,515000
2002-11-12,48.599998474121094,48.599998474121094,49.459999084472656,48.400001525878906,49.41999816894531,675000
2002-11-13,48.599998474121094,48.599998474121094,48.880001068115234,48.380001068115234,48.52000045776367,465000
2002-11-14,49.0,49.0,49.0,48.439998626708984,48.720001220703125,655000
2002-11-15,49.2599983215332,49.2599983215332,49.34000015258789,48.65999984741211,48.65999984741211,345000
2002-11-18,48.97999954223633,48.97999954223633,49.439998626708984,48.900001525878906,49.099998474121094,700000
2002-11-19,49.34000015258789,49.34000015258789,49.36000061035156,48.959999084472656,49.099998474121094,645000
2002-11-20,48.439998626708984,48.439998626708984,49.34000015258789,48.220001220703125,49.34000015258789,705000
2002-11-21,48.31999969482422,48.31999969482422,48.97999954223633,48.0,48.68000030517578,1020000
2002-11-22,48.13999938964844,48.13999938964844,48.400001525878906,47.91999816894531,48.400001525878906,655000
2002-11-25,47.13999938964844,47.13999938964844,48.0,46.70000076293945,48.0,730000
2002-11-26,46.900001525878906,46.900001525878906,47.31999969482422,46.459999084472656,47.13999938964844,530000
2002-11-27,47.400001525878906,47.400001525878906,47.599998474121094,47.13999938964844,47.220001220703125,325000
2002-11-29,48.220001220703125,48.220001220703125,48.560001373291016,47.560001373291016,47.599998474121094,215000
2002-12-02,48.220001220703125,48.220001220703125,48.959999084472656,48.099998474121094,48.79999923706055,470000
2002-12-03,47.7400016784668,47.7400016784668,48.34000015258789,47.599998474121094,47.79999923706055,530000
2002-12-04,47.15999984741211,47.15999984741211,47.79999923706055,47.099998474121094,47.400001525878906,445000
2002-12-05,46.959999084472656,46.959999084472656,47.20000076293945,46.720001220703125,47.040000915527344,400000
2002-12-06,46.70000076293945,46.70000076293945,47.2599983215332,46.540000915527344,46.560001373291016,740000
2002-12-09,46.02000045776367,46.02000045776367,46.65999984741211,46.02000045776367,46.540000915527344,1575000
2002-12-10,47.02000045776367,47.02000045776367,47.02000045776367,46.20000076293945,46.20000076293945,400000
2002-12-11,47.380001068115234,47.380001068115234,48.0,47.0,47.70000076293945,870000
2002-12-12,47.70000076293945,47.70000076293945,47.939998626708984,47.29999923706055,47.29999923706055,425000
2002-12-13,47.540000915527344,47.540000915527344,47.720001220703125,47.2400016784668,47.41999816894531,540000
2002-12-16,47.119998931884766,47.119998931884766,47.68000030517578,46.939998626708984,47.540000915527344,555000
2002-12-17,48.0,48.0,48.0,46.939998626708984,47.20000076293945,1080000
2002-12-18,47.7599983215332,47.7599983215332,47.79999923706055,47.36000061035156,47.439998626708984,325000
2002-12-19,47.20000076293945,47.20000076293945,47.959999084472656,47.20000076293945,47.5,450000
2002-12-20,47.36000061035156,47.36000061035156,47.540000915527344,47.13999938964844,47.20000076293945,530000
2002-12-23,47.040000915527344,47.040000915527344,47.599998474121094,46.779998779296875,47.36000061035156,960000
2002-12-24,47.84000015258789,47.84000015258789,48.08000183105469,47.13999938964844,47.20000076293945,605000
2002-12-26,48.400001525878906,48.400001525878906,48.63999938964844,48.0,48.0,615000
2002-12-27,48.380001068115234,48.380001068115234,48.70000076293945,48.13999938964844,48.400001525878906,445000
2002-12-30,48.400001525878906,48.400001525878906,48.68000030517578,48.02000045776367,48.68000030517578,490000
2002-12-31,48.459999084472656,48.459999084472656,48.599998474121094,48.099998474121094,48.34000015258789,670000
2003-01-02,47.880001068115234,47.880001068115234,48.7400016784668,47.68000030517578,48.400001525878906,770000
2003-01-03,48.060001373291016,48.060001373291016,48.5,47.68000030517578,48.13999938964844,745000
2003-01-06,47.2400016784668,47.2400016784668,48.380001068115234,46.79999923706055,48.15999984741211,1160000
2003-01-07,47.0,47.0,47.459999084472656,46.959999084472656,47.400001525878906,730000
2003-01-08,47.31999969482422,47.31999969482422,47.400001525878906,46.7599983215332,46.900001525878906,610000
2003-01-09,47.15999984741211,47.15999984741211,47.52000045776367,46.939998626708984,47.20000076293945,430000
2003-01-10,46.81999969482422,46.81999969482422,47.2400016784668,46.720001220703125,47.15999984741211,475000
2003-01-13,46.66999816894531,46.66999816894531,47.2400016784668,46.540000915527344,47.20000076293945,470000
2003-01-14,46.52000045776367,46.52000045776367,46.68000030517578,46.29999923706055,46.68000030517578,595000
2003-01-15,46.5,46.5,46.65999984741211,46.31999969482422,46.599998474121094,415000
2003-01-16,46.2599983215332,46.2599983215332,46.41999816894531,46.0,46.400001525878906,575000
2003-01-17,46.2400016784668,46.2400016784668,46.34000015258789,45.900001525878906,46.060001373291016,655000
2003-01-21,45.20000076293945,45.20000076293945,46.36000061035156,45.18000030517578,46.279998779296875,675000
2003-01-22,45.5,45.5,45.540000915527344,45.02000045776367,45.15999984741211,925000
2003-01-23,46.20000076293945,46.20000076293945,46.279998779296875,45.459999084472656,45.540000915527344,560000
2003-01-24,45.65999984741211,45.65999984741211,46.20000076293945,45.15999984741211,46.20000076293945,650000
2003-01-27,44.70000076293945,44.70000076293945,45.65999984741211,44.52000045776367,45.52000045776367,840000
2003-01-28,45.0,45.0,45.13999938964844,44.79999923706055,45.0,505000
2003-01-29,44.97999954223633,44.97999954223633,45.08000183105469,44.70000076293945,44.7400016784668,360000
2003-01-30,44.79999923706055,44.79999923706055,45.18000030517578,44.619998931884766,45.18000030517578,400000
2003-01-31,44.47999954223633,44.47999954223633,44.70000076293945,44.15999984741211,44.52000045776367,470000
2003-02-03,45.31999969482422,45.31999969482422,45.47999954223633,44.560001373291016,44.560001373291016,510000
2003-02-04,44.119998931884766,44.119998931884766,45.08000183105469,43.7599983215332,44.91999816894531,1260000
2003-02-05,44.79999923706055,44.79999923706055,44.939998626708984,44.20000076293945,44.400001525878906,445000
2003-02-06,43.279998779296875,43.279998779296875,44.79999923706055,43.02000045776367,44.70000076293945,510000
2003-02-07,42.65999984741211,42.65999984741211,43.68000030517578,42.36000061035156,43.5,645000
2003-02-10,42.119998931884766,42.119998931884766,42.70000076293945,42.0,42.619998931884766,900000
2003-02-11,42.459999084472656,42.459999084472656,42.7599983215332,42.2400016784668,42.400001525878906,580000
2003-02-12,41.959999084472656,41.959999084472656,42.459999084472656,41.400001525878906,42.29999923706055,840000
2003-02-13,41.18000030517578,41.18000030517578,42.0,41.099998474121094,41.900001525878906,710000
2003-02-14,40.70000076293945,40.70000076293945,41.2400016784668,40.29999923706055,41.20000076293945,1195000
2003-02-18,41.880001068115234,41.880001068115234,41.880001068115234,40.900001525878906,40.900001525878906,1235000
2003-02-19,42.86000061035156,42.86000061035156,42.900001525878906,41.91999816894531,42.0,645000
2003-02-20,41.79999923706055,41.79999923706055,42.97999954223633,41.619998931884766,42.70000076293945,475000
2003-02-21,42.119998931884766,42.119998931884766,42.279998779296875,41.65999984741211,41.900001525878906,635000
2003-02-24,42.29999923706055,42.29999923706055,42.5,41.84000015258789,42.0,515000
2003-02-25,42.0,42.0,42.31999969482422,41.900001525878906,41.900001525878906,565000
2003-02-26,41.900001525878906,41.900001525878906,42.13999938964844,41.79999923706055,42.02000045776367,400000
2003-02-27,41.88999938964844,41.88999938964844,42.119998931884766,41.79999923706055,41.84000015258789,390000
2003-02-28,41.29999923706055,41.29999923706055,41.720001220703125,40.970001220703125,41.599998474121094,790000
2003-03-03,42.20000076293945,42.20000076293945,42.400001525878906,41.79999923706055,41.79999923706055,400000
2003-03-04,42.65999984741211,42.65999984741211,43.34000015258789,42.040000915527344,42.36000061035156,625000
2003-03-05,42.040000915527344,42.040000915527344,42.459999084472656,41.900001525878906,42.400001525878906,525000
2003-03-06,42.2400016784668,42.2400016784668,42.41999816894531,41.880001068115234,41.97999954223633,720000
2003-03-07,42.720001220703125,42.720001220703125,42.84000015258789,41.79999923706055,41.97999954223633,740000
2003-03-10,45.18000030517578,45.18000030517578,45.79999923706055,43.68000030517578,43.7400016784668,1115000
2003-03-11,44.79999923706055,44.79999923706055,45.220001220703125,44.400001525878906,44.86000061035156,495000
2003-03-12,45.08000183105469,45.08000183105469,45.2400016784668,44.70000076293945,45.040000915527344,1210000
2003-03-13,45.70000076293945,45.70000076293945,45.79999923706055,44.880001068115234,45.0,1030000
2003-03-14,45.400001525878906,45.400001525878906,45.650001525878906,45.2599983215332,45.459999084472656,590000
2003-03-17,45.79999923706055,45.79999923706055,46.29999923706055,45.439998626708984,45.63999938964844,820000
2003-03-18,45.2599983215332,45.2599983215332,46.0,45.15999984741211,45.81999969482422,1055000
2003-03-19,46.0,46.0,46.380001068115234,45.02000045776367,45.34000015258789,1125000
2003-03-20,46.02000045776367,46.02000045776367,46.380001068115234,45.439998626708984,46.08000183105469,855000
2003-03-21,45.97999954223633,45.97999954223633,46.34000015258789,45.79999923706055,46.20000076293945,720000
2003-03-24,44.47999954223633,44.47999954223633,45.97999954223633,44.439998626708984,45.47999954223633,680000
2003-03-25,44.29999923706055,44.29999923706055,45.0,44.29999923706055,44.91999816894531,595000
2003-03-26,43.959999084472656,43.959999084472656,44.400001525878906,43.7400016784668,44.099998474121094,705000
2003-03-27,43.70000076293945,43.70000076293945,44.0,43.560001373291016,43.959999084472656,400000
2003-03-28,43.439998626708984,43.439998626708984,44.20000076293945,43.41999816894531,43.68000030517578,765000
2003-03-31,42.7400016784668,42.7400016784668,43.5,42.70000076293945,43.36000061035156,760000
2003-04-01,43.7599983215332,43.7599983215332,43.7599983215332,42.81999969482422,43.34000015258789,425000
2003-04-02,46.400001525878906,46.400001525878906,46.58000183105469,43.7599983215332,44.52000045776367,1620000
2003-04-03,45.86000061035156,45.86000061035156,46.7599983215332,45.29999923706055,46.7599983215332,860000
2003-04-04,46.18000030517578,46.18000030517578,46.400001525878906,45.86000061035156,46.20000076293945,1210000
2003-04-07,46.29999923706055,46.29999923706055,47.18000030517578,46.13999938964844,46.880001068115234,1485000
2003-04-08,46.2599983215332,46.2599983215332,46.47999954223633,46.0,46.060001373291016,780000
2003-04-09,46.560001373291016,46.560001373291016,46.619998931884766,46.20000076293945,46.34000015258789,660000
2003-04-10,46.560001373291016,46.560001373291016,46.63999938964844,46.2599983215332,46.560001373291016,665000
2003-04-11,46.68000030517578,46.68000030517578,46.779998779296875,46.29999923706055,46.68000030517578,970000
2003-04-14,47.47999954223633,47.47999954223633,47.79999923706055,46.439998626708984,46.68000030517578,725000
2003-04-15,47.220001220703125,47.220001220703125,47.5,46.959999084472656,47.5,650000
2003-04-16,47.20000076293945,47.20000076293945,48.099998474121094,47.20000076293945,47.2599983215332,755000
2003-04-17,47.86000061035156,47.86000061035156,48.099998474121094,47.220001220703125,47.34000015258789,470000
2003-04-21,48.130001068115234,48.130001068115234,48.29999923706055,47.880001068115234,48.13999938964844,420000
2003-04-22,48.81999969482422,48.81999969482422,48.880001068115234,48.15999984741211,48.15999984741211,1735000
2003-04-23,48.52000045776367,48.52000045776367,49.08000183105469,48.2400016784668,48.81999969482422,705000
2003-04-24,47.97999954223633,47.97999954223633,48.65999984741211,47.97999954223633,48.599998474121094,850000
2003-04-25,47.18000030517578,47.18000030517578,47.9900016784668,46.84000015258789,47.9900016784668,480000
2003-04-28,47.0,47.0,47.540000915527344,46.84000015258789,47.400001525878906,545000
2003-04-29,46.939998626708984,46.939998626708984,47.2599983215332,46.880001068115234,47.20000076293945,360000
2003-04-30,46.63999938964844,46.63999938964844,47.0,46.400001525878906,47.0,845000
2003-05-01,46.63999938964844,46.63999938964844,47.040000915527344,46.52000045776367,46.7400016784668,605000
2003-05-02,47.0,47.0,47.08000183105469,46.560001373291016,46.63999938964844,470000
2003-05-05,48.58000183105469,48.58000183105469,48.599998474121094,47.65999984741211,47.70000076293945,1480000
2003-05-06,49.279998779296875,49.279998779296875,49.34000015258789,48.599998474121094,48.81999969482422,985000
2003-05-07,49.220001220703125,49.220001220703125,49.34000015258789,48.81999969482422,49.279998779296875,845000
2003-05-08,48.540000915527344,48.540000915527344,49.279998779296875,48.47999954223633,49.220001220703125,840000
2003-05-09,48.279998779296875,48.279998779296875,48.68000030517578,48.08000183105469,48.65999984741211,370000
2003-05-12,49.34000015258789,49.34000015258789,49.400001525878906,48.7400016784668,48.7400016784668,665000
2003-05-13,49.220001220703125,49.220001220703125,49.4900016784668,49.040000915527344,49.29999923706055,855000
2003-05-14,49.02000045776367,49.02000045776367,49.34000015258789,49.0,49.2400016784668,445000
2003-05-15,49.040000915527344,49.040000915527344,49.36000061035156,48.959999084472656,49.15999984741211,740000
2003-05-16,49.18000030517578,49.18000030517578,49.29999923706055,49.060001373291016,49.20000076293945,500000
2003-05-19,48.97999954223633,48.97999954223633,49.18000030517578,48.63999938964844,49.18000030517578,295000
2003-05-20,48.91999816894531,48.91999816894531,49.18000030517578,48.79999923706055,49.08000183105469,325000
2003-05-21,48.540000915527344,48.540000915527344,48.91999816894531,48.540000915527344,48.91999816894531,245000
2003-05-22,48.91999816894531,48.91999816894531,49.0,48.560001373291016,48.720001220703125,315000
2003-05-23,49.29999923706055,49.29999923706055,49.459999084472656,48.79999923706055,49.0,1025000
2003-05-27,49.20000076293945,49.20000076293945,49.47999954223633,49.099998474121094,49.400001525878906,395000
2003-05-28,48.560001373291016,48.560001373291016,49.13999938964844,48.2400016784668,48.939998626708984,735000
2003-05-29,47.86000061035156,47.86000061035156,48.619998931884766,47.79999923706055,48.58000183105469,665000
2003-05-30,47.47999954223633,47.47999954223633,48.2400016784668,47.119998931884766,47.939998626708984,900000
2003-06-02,47.619998931884766,47.619998931884766,47.779998779296875,47.13999938964844,47.52000045776367,1170000
2003-06-03,48.349998474121094,48.349998474121094,48.5,47.720001220703125,47.720001220703125,640000
2003-06-04,48.34000015258789,48.34000015258789,48.79999923706055,48.34000015258789,48.540000915527344,525000
2003-06-05,48.0,48.0,48.36000061035156,47.900001525878906,48.36000061035156,635000
2003-06-06,47.959999084472656,47.959999084472656,48.2599983215332,47.7599983215332,48.0,660000
2003-06-09,47.91999816894531,47.91999816894531,48.279998779296875,47.810001373291016,48.13999938964844,390000
2003-06-10,48.0,48.0,48.13999938964844,47.91999816894531,48.02000045776367,325000
2003-06-11,48.0,48.0,48.15999984741211,47.86000061035156,47.86000061035156,520000
2003-06-12,48.29999923706055,48.29999923706055,48.65999984741211,48.099998474121094,48.13999938964844,445000
2003-06-13,49.0,49.0,49.0,48.099998474121094,48.34000015258789,710000
2003-06-16,49.29999923706055,49.29999923706055,49.5,49.119998931884766,49.279998779296875,665000
2003-06-17,49.70000076293945,49.70000076293945,49.70000076293945,49.400001525878906,49.540000915527344,770000
2003-06-18,50.0,50.0,50.0,49.58000183105469,49.70000076293945,750000
2003-06-19,49.81999969482422,49.81999969482422,50.040000915527344,49.70000076293945,50.0,540000
2003-06-20,49.880001068115234,49.880001068115234,50.02000045776367,49.84000015258789,49.97999954223633,375000
2003-06-23,50.02000045776367,50.02000045776367,50.02000045776367,49.70000076293945,49.959999084472656,730000
2003-06-24,50.040000915527344,50.040000915527344,50.279998779296875,49.79999923706055,50.040000915527344,540000
2003-06-25,49.279998779296875,49.279998779296875,50.119998931884766,49.02000045776367,50.0,885000
2003-06-26,49.13999938964844,49.13999938964844,49.619998931884766,49.02000045776367,49.540000915527344,375000
2003-06-27,48.720001220703125,48.720001220703125,49.060001373291016,48.630001068115234,49.0,595000
2003-06-30,48.599998474121094,48.599998474121094,49.0,48.34000015258789,48.900001525878906,840000
2003-07-01,48.400001525878906,48.400001525878906,48.70000076293945,48.220001220703125,48.70000076293945,450000
2003-07-02,48.560001373291016,48.560001373291016,48.560001373291016,48.2400016784668,48.400001525878906,480000
2003-07-03,48.13999938964844,48.13999938964844,48.63999938964844,48.040000915527344,48.63999938964844,335000
2003-07-07,48.0,48.0,48.68000030517578,47.900001525878906,48.599998474121094,965000
2003-07-08,47.41999816894531,47.41999816894531,48.15999984741211,47.41999816894531,48.08000183105469,1495000
2003-07-09,48.29999923706055,48.29999923706055,48.720001220703125,47.34000015258789,47.599998474121094,925000
2003-07-10,48.81999969482422,48.81999969482422,48.91999816894531,48.18000030517578,48.47999954223633,485000
2003-07-11,48.79999923706055,48.79999923706055,49.060001373291016,48.79999923706055,48.939998626708984,455000
2003-07-14,49.459999084472656,49.459999084472656,49.689998626708984,48.939998626708984,49.0,460000
2003-07-15,48.560001373291016,48.560001373291016,49.400001525878906,48.560001373291016,49.400001525878906,455000
2003-07-16,48.0,48.0,48.81999969482422,47.900001525878906,48.79999923706055,650000
2003-07-17,47.91999816894531,47.91999816894531,48.13999938964844,47.70000076293945,48.02000045776367,500000
2003-07-18,47.779998779296875,47.779998779296875,48.060001373291016,47.70000076293945,47.939998626708984,430000
2003-07-21,47.36000061035156,47.36000061035156,47.79999923706055,47.36000061035156,47.79999923706055,530000
2003-07-22,47.45000076293945,47.45000076293945,47.599998474121094,47.34000015258789,47.540000915527344,495000
2003-07-23,47.959999084472656,47.959999084472656,48.040000915527344,47.439998626708984,47.459999084472656,430000
2003-07-24,47.900001525878906,47.900001525878906,48.2400016784668,47.79999923706055,48.13999938964844,430000
2003-07-25,47.7400016784668,47.7400016784668,48.119998931884766,47.720001220703125,48.119998931884766,415000
2003-07-28,48.0,48.0,48.599998474121094,47.81999969482422,47.86000061035156,440000
2003-07-29,48.279998779296875,48.279998779296875,48.47999954223633,47.959999084472656,48.0,650000
2003-07-30,48.119998931884766,48.119998931884766,48.400001525878906,48.0,48.31999969482422,325000
2003-07-31,48.060001373291016,48.060001373291016,48.380001068115234,48.02000045776367,48.36000061035156,455000
2003-08-01,47.86000061035156,47.86000061035156,48.20000076293945,47.720001220703125,48.15999984741211,455000
2003-08-04,48.060001373291016,48.060001373291016,48.099998474121094,47.779998779296875,48.0,450000
2003-08-05,47.7599983215332,47.7599983215332,48.060001373291016,47.70000076293945,47.939998626708984,550000
2003-08-06,47.900001525878906,47.900001525878906,48.119998931884766,47.86000061035156,48.119998931884766,305000
2003-08-07,48.040000915527344,48.040000915527344,48.15999984741211,47.86000061035156,47.91999816894531,400000
2003-08-08,48.29999923706055,48.29999923706055,48.310001373291016,48.0,48.220001220703125,310000
2003-08-11,49.880001068115234,49.880001068115234,50.58000183105469,48.29999923706055,49.91999816894531,2145000
2003-08-12,50.36000061035156,50.36000061035156,50.36000061035156,49.7400016784668,50.13999938964844,790000
2003-08-13,50.13999938964844,50.13999938964844,50.34000015258789,49.970001220703125,50.20000076293945,735000
2003-08-14,50.22999954223633,50.22999954223633,50.34000015258789,49.959999084472656,50.0,760000
2003-08-15,50.20000076293945,50.20000076293945,50.279998779296875,49.900001525878906,50.279998779296875,275000
2003-08-18,50.36000061035156,50.36000061035156,50.400001525878906,50.15999984741211,50.279998779296875,935000
2003-08-19,50.56999969482422,50.56999969482422,50.56999969482422,50.33000183105469,50.38999938964844,785000
2003-08-20,50.7400016784668,50.7400016784668,50.790000915527344,50.47999954223633,50.599998474121094,695000
2003-08-21,50.84000015258789,50.84000015258789,50.939998626708984,50.5099983215332,50.79999923706055,445000
2003-08-22,50.880001068115234,50.880001068115234,50.9900016784668,50.720001220703125,50.97999954223633,465000
2003-08-25,50.279998779296875,50.279998779296875,50.959999084472656,50.18000030517578,50.959999084472656,495000
2003-08-26,50.52000045776367,50.52000045776367,50.77000045776367,50.279998779296875,50.52000045776367,425000
2003-08-27,50.47999954223633,50.47999954223633,50.79999923706055,50.400001525878906,50.65999984741211,385000
2003-08-28,50.58000183105469,50.58000183105469,50.70000076293945,50.459999084472656,50.5,320000
2003-08-29,50.599998474121094,50.599998474121094,50.63999938964844,50.29999923706055,50.29999923706055,410000
2003-09-02,50.61000061035156,50.61000061035156,50.79999923706055,50.41999816894531,50.79999923706055,485000
2003-09-03,50.599998474121094,50.599998474121094,50.61000061035156,50.5,50.61000061035156,560000
2003-09-04,50.45000076293945,50.45000076293945,50.58000183105469,50.400001525878906,50.459999084472656,275000
2003-09-05,50.31999969482422,50.31999969482422,50.58000183105469,50.099998474121094,50.45000076293945,420000
2003-09-08,50.310001373291016,50.310001373291016,50.599998474121094,50.310001373291016,50.41999816894531,380000
2003-09-09,50.459999084472656,50.459999084472656,50.58000183105469,50.29999923706055,50.380001068115234,1035000
2003-09-10,50.47999954223633,50.47999954223633,50.47999954223633,50.11000061035156,50.459999084472656,610000
2003-09-11,50.29999923706055,50.29999923706055,50.70000076293945,50.20000076293945,50.47999954223633,500000
2003-09-12,50.15999984741211,50.15999984741211,50.58000183105469,50.15999984741211,50.29999923706055,315000
2003-09-15,49.63999938964844,49.63999938964844,50.08000183105469,49.5,50.02000045776367,715000
2003-09-16,50.41999816894531,50.41999816894531,50.5,49.70000076293945,49.720001220703125,1415000
2003-09-17,49.79999923706055,49.79999923706055,50.5,49.61000061035156,50.5,835000
2003-09-18,50.0,50.0,50.279998779296875,49.79999923706055,49.81999969482422,750000
2003-09-19,50.7400016784668,50.7400016784668,50.880001068115234,50.18000030517578,50.18000030517578,840000
2003-09-22,50.5,50.5,50.68000030517578,50.29999923706055,50.34000015258789,565000
2003-09-23,50.47999954223633,50.47999954223633,50.79999923706055,50.29999923706055,50.79999923706055,635000
2003-09-24,50.2400016784668,50.2400016784668,50.58000183105469,50.18000030517578,50.47999954223633,470000
2003-09-25,50.20000076293945,50.20000076293945,50.41999816894531,50.20000076293945,50.400001525878906,445000
2003-09-26,50.0,50.0,50.31999969482422,50.0,50.31999969482422,370000
2003-09-29,50.099998474121094,50.099998474121094,50.220001220703125,50.02000045776367,50.040000915527344,440000
2003-09-30,49.91999816894531,49.91999816894531,50.119998931884766,49.7599983215332,50.119998931884766,530000
2003-10-01,50.2400016784668,50.2400016784668,50.29999923706055,49.91999816894531,50.0,440000
2003-10-02,50.31999969482422,50.31999969482422,50.34000015258789,50.040000915527344,50.34000015258789,310000
2003-10-03,50.689998626708984,50.689998626708984,51.0,50.41999816894531,50.41999816894531,775000
2003-10-06,50.5,50.5,50.70000076293945,50.220001220703125,50.70000076293945,455000
2003-10-07,50.439998626708984,50.439998626708984,50.560001373291016,50.25,50.540000915527344,650000
2003-10-08,50.47999954223633,50.47999954223633,50.599998474121094,50.439998626708984,50.439998626708984,280000
2003-10-09,50.470001220703125,50.470001220703125,50.66999816894531,50.31999969482422,50.65999984741211,785000
2003-10-10,50.380001068115234,50.380001068115234,50.54999923706055,50.29999923706055,50.31999969482422,270000
2003-10-13,50.650001525878906,50.650001525878906,50.65999984741211,50.43000030517578,50.52000045776367,220000
2003-10-14,51.0,51.0,51.0,50.400001525878906,50.68000030517578,695000
2003-10-15,51.119998931884766,51.119998931884766,51.36000061035156,51.0,51.0,435000
2003-10-16,51.849998474121094,51.849998474121094,51.959999084472656,51.560001373291016,51.599998474121094,570000
2003-10-17,51.20000076293945,51.20000076293945,51.939998626708984,51.13999938964844,51.939998626708984,475000
2003-10-20,50.560001373291016,50.560001373291016,51.459999084472656,50.52000045776367,51.279998779296875,535000
2003-10-21,50.84000015258789,50.84000015258789,51.099998474121094,50.779998779296875,50.939998626708984,440000
2003-10-22,50.52000045776367,50.52000045776367,50.720001220703125,50.36000061035156,50.619998931884766,475000
2003-10-23,50.599998474121094,50.599998474121094,50.720001220703125,50.31999969482422,50.599998474121094,275000
2003-10-24,50.84000015258789,50.84000015258789,51.0,50.599998474121094,50.599998474121094,925000
2003-10-27,51.02000045776367,51.02000045776367,51.97999954223633,51.0,51.65999984741211,565000
2003-10-28,51.72999954223633,51.72999954223633,51.84000015258789,51.040000915527344,51.13999938964844,455000
2003-10-29,51.79999923706055,51.79999923706055,52.0,51.70000076293945,51.7599983215332,405000
2003-10-30,52.0,52.0,52.040000915527344,51.7599983215332,51.959999084472656,470000
2003-10-31,51.849998474121094,51.849998474121094,52.099998474121094,51.84000015258789,52.08000183105469,540000
2003-11-03,52.56999969482422,52.56999969482422,52.70000076293945,52.0,52.040000915527344,925000
2003-11-04,53.36000061035156,53.36000061035156,53.36000061035156,52.5,52.68000030517578,1135000
2003-11-05,53.400001525878906,53.400001525878906,53.68000030517578,53.2599983215332,53.36000061035156,825000
2003-11-06,53.41999816894531,53.41999816894531,53.63999938964844,53.36000061035156,53.400001525878906,525000
2003-11-07,53.36000061035156,53.36000061035156,53.439998626708984,53.02000045776367,53.34000015258789,635000
2003-11-10,53.18000030517578,53.18000030517578,54.31999969482422,53.02000045776367,53.560001373291016,1210000
2003-11-11,53.459999084472656,53.459999084472656,53.47999954223633,53.040000915527344,53.380001068115234,720000
2003-11-12,53.7400016784668,53.7400016784668,53.959999084472656,53.31999969482422,53.68000030517578,505000
2003-11-13,53.79999923706055,53.79999923706055,54.0,53.65999984741211,53.79999923706055,585000
2003-11-14,54.20000076293945,54.20000076293945,54.4900016784668,53.7599983215332,53.959999084472656,810000
2003-11-17,54.439998626708984,54.439998626708984,54.5,53.63999938964844,53.79999923706055,660000
2003-11-18,54.58000183105469,54.58000183105469,54.63999938964844,54.380001068115234,54.380001068115234,665000
2003-11-19,54.70000076293945,54.70000076293945,54.790000915527344,54.400001525878906,54.52000045776367,735000
2003-11-20,54.81999969482422,54.81999969482422,54.91999816894531,54.560001373291016,54.720001220703125,555000
2003-11-21,55.15999984741211,55.15999984741211,55.20000076293945,54.84000015258789,55.0,770000
2003-11-24,55.560001373291016,55.560001373291016,55.70000076293945,55.279998779296875,55.279998779296875,745000
2003-11-25,56.220001220703125,56.220001220703125,56.400001525878906,55.84000015258789,55.84000015258789,1005000
2003-11-26,55.70000076293945,55.70000076293945,56.47999954223633,55.63999938964844,56.41999816894531,985000
2003-11-28,56.02000045776367,56.02000045776367,56.2400016784668,55.900001525878906,56.0,260000
2003-12-01,56.040000915527344,56.040000915527344,56.41999816894531,56.040000915527344,56.20000076293945,670000
2003-12-02,56.08000183105469,56.08000183105469,56.13999938964844,55.83000183105469,56.08000183105469,510000
2003-12-03,55.970001220703125,55.970001220703125,56.369998931884766,55.959999084472656,56.13999938964844,755000
2003-12-04,56.060001373291016,56.060001373291016,56.189998626708984,55.959999084472656,56.099998474121094,385000
2003-12-05,56.0,56.0,56.27000045776367,55.91999816894531,56.18000030517578,625000
2003-12-08,55.970001220703125,55.970001220703125,56.150001525878906,55.900001525878906,55.939998626708984,410000
2003-12-09,55.900001525878906,55.900001525878906,56.2599983215332,55.79999923706055,56.13999938964844,495000
2003-12-10,55.900001525878906,55.900001525878906,55.939998626708984,55.15999984741211,55.79999923706055,820000
2003-12-11,55.84000015258789,55.84000015258789,55.959999084472656,55.599998474121094,55.86000061035156,425000
2003-12-12,55.65999984741211,55.65999984741211,55.959999084472656,55.540000915527344,55.79999923706055,415000
2003-12-15,55.2599983215332,55.2599983215332,56.060001373291016,55.20000076293945,56.02000045776367,595000
2003-12-16,55.2599983215332,55.2599983215332,55.5,55.2599983215332,55.47999954223633,490000
2003-12-17,54.720001220703125,54.720001220703125,55.2599983215332,54.619998931884766,55.13999938964844,620000
2003-12-18,55.220001220703125,55.220001220703125,55.25,54.720001220703125,54.79999923706055,830000
2003-12-19,55.36000061035156,55.36000061035156,55.47999954223633,55.220001220703125,55.29999923706055,755000
2003-12-22,55.5,55.5,55.79999923706055,55.279998779296875,55.560001373291016,610000
2003-12-23,55.150001525878906,55.150001525878906,56.0,55.150001525878906,55.540000915527344,535000
2003-12-24,55.400001525878906,55.400001525878906,55.400001525878906,55.060001373291016,55.060001373291016,215000
2003-12-26,55.34000015258789,55.34000015258789,55.41999816894531,55.13999938964844,55.31999969482422,130000
2003-12-29,56.0,56.0,56.099998474121094,55.560001373291016,55.68000030517578,445000
2003-12-30,56.29999923706055,56.29999923706055,56.36000061035156,56.119998931884766,56.29999923706055,405000
2003-12-31,56.29999923706055,56.29999923706055,56.400001525878906,56.06999969482422,56.29999923706055,590000
2004-01-02,56.060001373291016,56.060001373291016,56.29999923706055,55.900001525878906,56.29999923706055,650000
2004-01-05,56.65999984741211,56.65999984741211,56.68000030517578,56.41999816894531,56.540000915527344,605000
2004-01-06,57.15999984741211,57.15999984741211,57.2599983215332,56.84000015258789,56.84000015258789,665000
2004-01-07,57.47999954223633,57.47999954223633,57.47999954223633,57.20000076293945,57.34000015258789,710000
2004-01-08,56.720001220703125,56.720001220703125,57.70000076293945,56.599998474121094,57.68000030517578,570000
2004-01-09,57.099998474121094,57.099998474121094,57.2400016784668,56.68000030517578,56.7400016784668,590000
2004-01-12,56.900001525878906,56.900001525878906,57.5,56.900001525878906,57.279998779296875,690000
2004-01-13,57.29999923706055,57.29999923706055,57.41999816894531,56.900001525878906,57.119998931884766,465000
2004-01-14,57.439998626708984,57.439998626708984,57.599998474121094,57.2400016784668,57.540000915527344,485000
2004-01-15,57.13999938964844,57.13999938964844,57.599998474121094,57.13999938964844,57.599998474121094,385000
2004-01-16,57.45000076293945,57.45000076293945,57.68000030517578,57.20000076293945,57.220001220703125,550000
2004-01-20,57.79999923706055,57.79999923706055,57.939998626708984,57.41999816894531,57.540000915527344,750000
2004-01-21,58.29999923706055,58.29999923706055,58.400001525878906,57.52000045776367,57.779998779296875,545000
2004-01-22,59.0,59.0,59.0,58.29999923706055,58.29999923706055,980000
2004-01-23,59.7400016784668,59.7400016784668,60.20000076293945,59.08000183105469,59.099998474121094,1245000
2004-01-26,60.33000183105469,60.33000183105469,60.400001525878906,59.79999923706055,60.08000183105469,1050000
2004-01-27,60.040000915527344,60.040000915527344,60.33000183105469,59.84000015258789,60.33000183105469,945000
2004-01-28,59.29999923706055,59.29999923706055,60.040000915527344,59.040000915527344,60.040000915527344,730000
2004-01-29,58.959999084472656,58.959999084472656,59.599998474121094,58.560001373291016,59.52000045776367,645000
2004-01-30,59.619998931884766,59.619998931884766,59.619998931884766,58.880001068115234,59.099998474121094,445000
2004-02-02,59.79999923706055,59.79999923706055,59.900001525878906,59.36000061035156,59.619998931884766,475000
2004-02-03,60.47999954223633,60.47999954223633,60.68000030517578,59.84000015258789,59.97999954223633,535000
2004-02-04,60.29999923706055,60.29999923706055,60.5,59.91999816894531,60.5,715000
2004-02-05,59.91999816894531,59.91999816894531,60.5,59.86000061035156,60.20000076293945,450000
2004-02-06,60.040000915527344,60.040000915527344,60.150001525878906,59.93000030517578,60.13999938964844,450000
2004-02-09,60.2400016784668,60.2400016784668,60.380001068115234,60.099998474121094,60.279998779296875,495000
2004-02-10,61.2400016784668,61.2400016784668,61.47999954223633,60.34000015258789,60.400001525878906,950000
2004-02-11,61.13999938964844,61.13999938964844,61.720001220703125,61.13999938964844,61.540000915527344,660000
2004-02-12,61.20000076293945,61.20000076293945,61.29999923706055,60.959999084472656,61.29999923706055,445000
2004-02-13,61.27000045776367,61.27000045776367,61.400001525878906,61.099998474121094,61.400001525878906,425000
2004-02-17,61.439998626708984,61.439998626708984,61.459999084472656,61.27000045776367,61.400001525878906,665000
2004-02-18,61.86000061035156,61.86000061035156,61.900001525878906,61.5,61.79999923706055,420000
2004-02-19,62.15999984741211,62.15999984741211,62.20000076293945,61.86000061035156,61.959999084472656,510000
2004-02-20,62.2599983215332,62.2599983215332,62.58000183105469,62.18000030517578,62.34000015258789,685000
2004-02-23,63.0,63.0,63.09000015258789,62.29999923706055,62.400001525878906,975000
2004-02-24,63.400001525878906,63.400001525878906,63.58000183105469,62.97999954223633,63.13999938964844,1265000
2004-02-25,63.459999084472656,63.459999084472656,63.900001525878906,63.31999969482422,63.68000030517578,970000
2004-02-26,63.20000076293945,63.20000076293945,63.70000076293945,63.13999938964844,63.5,585000
2004-02-27,62.65999984741211,62.65999984741211,63.29999923706055,62.58000183105469,63.20000076293945,550000
2004-03-01,62.41999816894531,62.41999816894531,63.36000061035156,62.29999923706055,63.34000015258789,845000
2004-03-02,62.099998474121094,62.099998474121094,62.81999969482422,62.060001373291016,62.720001220703125,590000
2004-03-03,61.2599983215332,61.2599983215332,62.02000045776367,60.540000915527344,62.02000045776367,1305000
2004-03-04,61.099998474121094,61.099998474121094,61.34000015258789,60.439998626708984,61.08000183105469,565000
2004-03-05,61.959999084472656,61.959999084472656,62.7400016784668,61.36000061035156,61.41999816894531,1155000
2004-03-08,62.630001068115234,62.630001068115234,63.2400016784668,62.5,63.13999938964844,1490000
2004-03-09,63.119998931884766,63.119998931884766,63.279998779296875,62.720001220703125,62.79999923706055,1680000
2004-03-10,62.400001525878906,62.400001525878906,63.36000061035156,62.099998474121094,63.2400016784668,1125000
2004-03-11,61.0,61.0,62.400001525878906,60.97999954223633,62.400001525878906,790000
2004-03-12,61.29999923706055,61.29999923706055,61.650001525878906,61.29999923706055,61.52000045776367,750000
2004-03-15,61.400001525878906,61.400001525878906,61.400001525878906,61.11000061035156,61.400001525878906,645000
2004-03-16,61.15999984741211,61.15999984741211,62.20000076293945,60.91999816894531,61.599998474121094,625000
2004-03-17,61.36000061035156,61.36000061035156,61.560001373291016,60.79999923706055,61.459999084472656,810000
2004-03-18,61.27000045776367,61.27000045776367,61.560001373291016,61.02000045776367,61.20000076293945,280000
2004-03-19,61.5,61.5,61.97999954223633,61.439998626708984,61.439998626708984,295000
2004-03-22,61.31999969482422,61.31999969482422,61.540000915527344,61.0,61.52000045776367,365000
2004-03-23,60.79999923706055,60.79999923706055,61.5,60.65999984741211,61.5,505000
2004-03-24,60.65999984741211,60.65999984741211,60.84000015258789,60.540000915527344,60.79999923706055,435000
2004-03-25,60.90999984741211,60.90999984741211,61.02000045776367,60.560001373291016,60.65999984741211,610000
2004-03-26,61.18000030517578,61.18000030517578,61.27000045776367,60.81999969482422,61.08000183105469,340000
2004-03-29,61.4900016784668,61.4900016784668,61.4900016784668,61.20000076293945,61.34000015258789,535000
2004-03-30,62.0,62.0,62.08000183105469,61.540000915527344,61.7400016784668,425000
2004-03-31,62.220001220703125,62.220001220703125,62.84000015258789,62.20000076293945,62.279998779296875,455000
2004-04-01,62.58000183105469,62.58000183105469,62.70000076293945,62.20000076293945,62.20000076293945,755000
2004-04-02,62.900001525878906,62.900001525878906,63.20000076293945,62.599998474121094,62.939998626708984,505000
2004-04-05,63.34000015258789,63.34000015258789,63.599998474121094,62.619998931884766,63.31999969482422,615000
2004-04-06,63.0,63.0,63.68000030517578,62.939998626708984,63.68000030517578,535000
2004-04-07,62.97999954223633,62.97999954223633,63.13999938964844,62.5,63.13999938964844,335000
2004-04-08,62.810001373291016,62.810001373291016,63.58000183105469,62.810001373291016,63.08000183105469,450000
2004-04-12,63.68000030517578,63.68000030517578,63.68000030517578,62.81999969482422,63.20000076293945,700000
2004-04-13,62.36000061035156,62.36000061035156,63.779998779296875,62.2599983215332,63.7400016784668,725000
2004-04-14,62.720001220703125,62.720001220703125,62.720001220703125,62.0,62.02000045776367,730000
2004-04-15,61.68000030517578,61.68000030517578,63.2400016784668,61.68000030517578,63.13999938964844,690000
2004-04-16,61.54999923706055,61.54999923706055,62.060001373291016,61.380001068115234,61.97999954223633,715000
2004-04-19,62.0,62.0,62.0,61.2599983215332,61.63999938964844,360000
2004-04-20,61.58000183105469,61.58000183105469,62.400001525878906,61.47999954223633,62.08000183105469,495000
2004-04-21,61.310001373291016,61.310001373291016,61.86000061035156,61.310001373291016,61.86000061035156,420000
2004-04-22,61.119998931884766,61.119998931884766,61.5,61.099998474121094,61.400001525878906,655000
2004-04-23,62.18000030517578,62.18000030517578,62.31999969482422,61.63999938964844,62.060001373291016,485000
2004-04-26,62.08000183105469,62.08000183105469,62.560001373291016,61.84000015258789,62.459999084472656,525000
2004-04-27,62.040000915527344,62.040000915527344,62.560001373291016,61.65999984741211,62.02000045776367,490000
2004-04-28,62.29999923706055,62.29999923706055,62.29999923706055,61.52000045776367,62.13999938964844,885000
2004-04-29,62.20000076293945,62.20000076293945,62.34000015258789,61.939998626708984,62.2599983215332,445000
2004-04-30,62.380001068115234,62.380001068115234,62.380001068115234,62.099998474121094,62.2400016784668,365000
2004-05-03,62.0,62.0,62.58000183105469,61.720001220703125,62.5,890000
2004-05-04,61.58000183105469,61.58000183105469,62.18000030517578,61.5,62.08000183105469,595000
2004-05-05,62.099998474121094,62.099998474121094,62.20000076293945,61.279998779296875,61.65999984741211,1010000
2004-05-06,60.86000061035156,60.86000061035156,62.099998474121094,60.7400016784668,62.099998474121094,1150000
2004-05-07,60.86000061035156,60.86000061035156,61.439998626708984,60.86000061035156,61.34000015258789,1005000
2004-05-10,57.79999923706055,57.79999923706055,60.20000076293945,57.5,60.20000076293945,1995000
2004-05-11,58.63999938964844,58.63999938964844,59.459999084472656,58.20000076293945,58.2599983215332,935000
2004-05-12,57.790000915527344,57.790000915527344,58.7400016784668,57.31999969482422,58.7400016784668,1085000
2004-05-13,57.02000045776367,57.02000045776367,57.939998626708984,56.599998474121094,57.790000915527344,735000
2004-05-14,57.79999923706055,57.79999923706055,57.79999923706055,56.70000076293945,57.099998474121094,630000
2004-05-17,57.619998931884766,57.619998931884766,57.959999084472656,57.20000076293945,57.400001525878906,630000
2004-05-18,58.75,58.75,58.779998779296875,57.66999816894531,57.880001068115234,805000
2004-05-19,59.20000076293945,59.20000076293945,59.7599983215332,59.040000915527344,59.31999969482422,930000
2004-05-20,59.7400016784668,59.7400016784668,60.0,59.34000015258789,59.47999954223633,630000
2004-05-21,59.439998626708984,59.439998626708984,60.18000030517578,59.20000076293945,60.0,855000
2004-05-24,58.68000030517578,58.68000030517578,59.79999923706055,58.20000076293945,59.79999923706055,495000
2004-05-25,58.0,58.0,58.599998474121094,57.81999969482422,58.08000183105469,855000
2004-05-26,58.380001068115234,58.380001068115234,58.439998626708984,57.900001525878906,57.900001525878906,385000
2004-05-27,59.20000076293945,59.20000076293945,59.349998474121094,58.720001220703125,58.7400016784668,495000
2004-05-28,59.439998626708984,59.439998626708984,59.5,59.20000076293945,59.31999969482422,225000
2004-06-01,59.91999816894531,59.91999816894531,59.97999954223633,59.279998779296875,59.400001525878906,435000
2004-06-02,59.86000061035156,59.86000061035156,60.29999923706055,59.7599983215332,60.0,1095000
2004-06-03,59.060001373291016,59.060001373291016,59.86000061035156,59.0,59.86000061035156,565000
2004-06-04,59.58000183105469,59.58000183105469,59.84000015258789,59.060001373291016,59.060001373291016,275000
2004-06-07,59.880001068115234,59.880001068115234,59.959999084472656,59.63999938964844,59.7400016784668,480000
2004-06-08,59.7599983215332,59.7599983215332,59.939998626708984,59.5,59.939998626708984,510000
2004-06-09,59.79999923706055,59.79999923706055,59.959999084472656,59.040000915527344,59.959999084472656,615000
2004-06-10,59.70000076293945,59.70000076293945,59.79999923706055,59.58000183105469,59.79999923706055,265000
2004-06-14,59.2400016784668,59.2400016784668,59.70000076293945,59.099998474121094,59.70000076293945,320000
2004-06-15,59.400001525878906,59.400001525878906,59.5,59.20000076293945,59.400001525878906,310000
2004-06-16,58.900001525878906,58.900001525878906,59.70000076293945,58.810001373291016,59.400001525878906,465000
2004-06-17,58.779998779296875,58.779998779296875,58.900001525878906,58.279998779296875,58.900001525878906,460000
2004-06-18,58.20000076293945,58.20000076293945,58.720001220703125,58.02000045776367,58.599998474121094,460000
2004-06-21,57.959999084472656,57.959999084472656,58.20000076293945,57.52000045776367,58.20000076293945,635000
2004-06-22,57.47999954223633,57.47999954223633,58.20000076293945,57.47999954223633,57.84000015258789,655000
2004-06-23,57.959999084472656,57.959999084472656,58.20000076293945,57.47999954223633,57.47999954223633,940000
2004-06-24,58.20000076293945,58.20000076293945,58.2400016784668,57.84000015258789,57.959999084472656,780000
2004-06-25,58.5,58.5,58.599998474121094,58.18000030517578,58.380001068115234,630000
2004-06-28,58.25,58.25,58.68000030517578,58.02000045776367,58.52000045776367,310000
2004-06-29,58.7599983215332,58.7599983215332,58.880001068115234,58.0,58.20000076293945,500000
2004-06-30,59.099998474121094,59.099998474121094,59.18000030517578,58.79999923706055,59.060001373291016,430000
2004-07-01,59.7599983215332,59.7599983215332,59.7599983215332,59.150001525878906,59.29999923706055,515000
2004-07-02,60.0,60.0,60.0,59.79999923706055,59.84000015258789,280000
2004-07-06,60.119998931884766,60.119998931884766,60.13999938964844,59.599998474121094,59.70000076293945,460000
2004-07-07,59.959999084472656,59.959999084472656,60.20000076293945,59.81999969482422,60.0,1115000
2004-07-08,60.0,60.0,60.400001525878906,59.97999954223633,60.040000915527344,355000
2004-07-09,59.91999816894531,59.91999816894531,60.099998474121094,59.79999923706055,59.91999816894531,335000
2004-07-12,60.119998931884766,60.119998931884766,60.15999984741211,59.84000015258789,59.97999954223633,350000
2004-07-13,60.459999084472656,60.459999084472656,60.47999954223633,60.220001220703125,60.36000061035156,355000
2004-07-14,60.060001373291016,60.060001373291016,60.52000045776367,59.900001525878906,60.47999954223633,540000
2004-07-15,60.16999816894531,60.16999816894531,60.2400016784668,60.02000045776367,60.2400016784668,385000
2004-07-16,60.41999816894531,60.41999816894531,60.5,60.2400016784668,60.31999969482422,485000
2004-07-19,60.33000183105469,60.33000183105469,60.47999954223633,60.20000076293945,60.41999816894531,420000
2004-07-20,59.91999816894531,59.91999816894531,60.13999938964844,59.91999816894531,60.119998931884766,600000
2004-07-21,59.880001068115234,59.880001068115234,60.08000183105469,59.20000076293945,60.0,735000
2004-07-22,59.09000015258789,59.09000015258789,59.81999969482422,58.220001220703125,59.81999969482422,1105000
2004-07-23,58.81999969482422,58.81999969482422,59.31999969482422,58.540000915527344,59.31999969482422,1160000
2004-07-26,58.08000183105469,58.08000183105469,58.779998779296875,58.08000183105469,58.779998779296875,425000
2004-07-27,58.220001220703125,58.220001220703125,58.779998779296875,58.13999938964844,58.20000076293945,675000
2004-07-28,57.97999954223633,57.97999954223633,58.25,57.619998931884766,58.02000045776367,530000
2004-07-29,58.599998474121094,58.599998474121094,58.599998474121094,57.720001220703125,57.97999954223633,595000
2004-07-30,57.880001068115234,57.880001068115234,58.130001068115234,57.880001068115234,58.099998474121094,385000
2004-08-02,58.0,58.0,58.0,57.220001220703125,57.599998474121094,515000
2004-08-03,57.459999084472656,57.459999084472656,57.84000015258789,57.13999938964844,57.81999969482422,485000
2004-08-04,56.86000061035156,56.86000061035156,57.31999969482422,56.86000061035156,57.31999969482422,795000
2004-08-05,57.02000045776367,57.02000045776367,57.15999984741211,56.70000076293945,57.0,495000
2004-08-06,57.130001068115234,57.130001068115234,57.31999969482422,56.79999923706055,57.13999938964844,450000
2004-08-09,55.79999923706055,55.79999923706055,56.79999923706055,55.7599983215332,56.52000045776367,1410000
2004-08-10,57.400001525878906,57.400001525878906,57.540000915527344,55.63999938964844,55.7400016784668,775000
2004-08-11,56.900001525878906,56.900001525878906,57.400001525878906,56.439998626708984,57.400001525878906,340000
2004-08-12,56.619998931884766,56.619998931884766,57.13999938964844,56.5,57.0,530000
2004-08-13,56.599998474121094,56.599998474121094,56.91999816894531,56.52000045776367,56.79999923706055,365000
2004-08-16,56.63999938964844,56.63999938964844,56.9900016784668,56.58000183105469,56.86000061035156,350000
2004-08-17,57.619998931884766,57.619998931884766,58.08000183105469,56.7599983215332,56.79999923706055,465000
2004-08-18,57.65999984741211,57.65999984741211,57.79999923706055,57.41999816894531,57.619998931884766,380000
2004-08-19,57.619998931884766,57.619998931884766,57.869998931884766,57.560001373291016,57.65999984741211,250000
2004-08-20,57.880001068115234,57.880001068115234,57.959999084472656,57.70000076293945,57.79999923706055,155000
2004-08-23,57.31999969482422,57.31999969482422,57.79999923706055,57.15999984741211,57.79999923706055,600000
2004-08-24,56.599998474121094,56.599998474121094,57.7599983215332,56.5,57.720001220703125,630000
2004-08-25,57.439998626708984,57.439998626708984,57.7599983215332,56.5,56.599998474121094,520000
2004-08-26,57.400001525878906,57.400001525878906,57.439998626708984,57.13999938964844,57.36000061035156,480000
2004-08-27,57.41999816894531,57.41999816894531,57.81999969482422,57.20000076293945,57.400001525878906,315000
2004-08-30,57.349998474121094,57.349998474121094,57.41999816894531,57.18000030517578,57.41999816894531,260000
2004-08-31,57.880001068115234,57.880001068115234,57.880001068115234,57.279998779296875,57.31999969482422,245000
2004-09-01,57.439998626708984,57.439998626708984,57.900001525878906,57.439998626708984,57.900001525878906,220000
2004-09-02,57.63999938964844,57.63999938964844,57.720001220703125,57.31999969482422,57.459999084472656,410000
2004-09-03,57.380001068115234,57.380001068115234,57.63999938964844,57.34000015258789,57.63999938964844,390000
2004-09-07,57.779998779296875,57.779998779296875,57.959999084472656,57.619998931884766,57.7599983215332,355000
2004-09-08,57.97999954223633,57.97999954223633,58.279998779296875,57.720001220703125,57.720001220703125,480000
2004-09-09,57.63999938964844,57.63999938964844,57.880001068115234,57.400001525878906,57.86000061035156,405000
2004-09-10,57.439998626708984,57.439998626708984,57.68000030517578,57.36000061035156,57.68000030517578,490000
2004-09-13,57.400001525878906,57.400001525878906,57.7599983215332,57.400001525878906,57.599998474121094,240000
2004-09-14,57.619998931884766,57.619998931884766,57.619998931884766,57.400001525878906,57.5,225000
2004-09-15,57.459999084472656,57.459999084472656,57.560001373291016,57.400001525878906,57.560001373291016,580000
2004-09-16,57.43000030517578,57.43000030517578,57.560001373291016,57.41999816894531,57.560001373291016,175000
2004-09-17,57.41999816894531,57.41999816894531,57.58000183105469,57.400001525878906,57.41999816894531,265000
2004-09-20,57.439998626708984,57.439998626708984,57.459999084472656,57.400001525878906,57.41999816894531,530000
2004-09-21,57.63999938964844,57.63999938964844,57.900001525878906,57.5,57.52000045776367,330000
2004-09-22,58.0,58.0,58.119998931884766,57.52000045776367,57.720001220703125,780000
2004-09-23,58.18000030517578,58.18000030517578,58.380001068115234,57.959999084472656,58.060001373291016,575000
2004-09-24,57.619998931884766,57.619998931884766,58.34000015258789,57.599998474121094,58.20000076293945,405000
2004-09-27,57.43000030517578,57.43000030517578,57.540000915527344,57.20000076293945,57.20000076293945,510000
2004-09-28,57.560001373291016,57.560001373291016,57.68000030517578,57.40999984741211,57.439998626708984,775000
2004-09-29,57.470001220703125,57.470001220703125,57.599998474121094,57.40999984741211,57.5,420000
2004-09-30,57.41999816894531,57.41999816894531,57.47999954223633,57.400001525878906,57.41999816894531,565000
2004-10-01,56.79999923706055,56.79999923706055,57.599998474121094,56.79999923706055,57.599998474121094,835000
2004-10-04,56.7599983215332,56.7599983215332,57.34000015258789,56.52000045776367,56.79999923706055,565000
2004-10-05,57.060001373291016,57.060001373291016,57.13999938964844,56.779998779296875,56.79999923706055,540000
2004-10-06,56.81999969482422,56.81999969482422,57.29999923706055,56.720001220703125,57.15999984741211,1175000
2004-10-07,56.720001220703125,56.720001220703125,57.0,56.720001220703125,56.79999923706055,615000
2004-10-08,56.79999923706055,56.79999923706055,57.04999923706055,56.619998931884766,56.68000030517578,605000
2004-10-11,56.79999923706055,56.79999923706055,56.900001525878906,56.70000076293945,56.7599983215332,270000
2004-10-12,56.880001068115234,56.880001068115234,56.91999816894531,56.7599983215332,56.779998779296875,405000
2004-10-13,56.810001373291016,56.810001373291016,56.900001525878906,56.7599983215332,56.86000061035156,390000
2004-10-14,56.20000076293945,56.20000076293945,56.84000015258789,55.900001525878906,56.790000915527344,1060000
2004-10-15,56.7400016784668,56.7400016784668,57.47999954223633,55.70000076293945,56.099998474121094,1335000
2004-10-18,56.84000015258789,56.84000015258789,57.0,56.400001525878906,57.0,375000
2004-10-19,56.29999923706055,56.29999923706055,56.880001068115234,56.02000045776367,56.84000015258789,850000
2004-10-20,55.900001525878906,55.900001525878906,56.279998779296875,55.880001068115234,56.220001220703125,530000
2004-10-21,54.34000015258789,54.34000015258789,56.119998931884766,54.31999969482422,55.900001525878906,1415000
2004-10-22,54.2400016784668,54.2400016784668,54.97999954223633,53.70000076293945,54.2400016784668,1235000
2004-10-25,54.060001373291016,54.060001373291016,54.119998931884766,53.7400016784668,54.0,835000
2004-10-26,56.279998779296875,56.279998779296875,56.279998779296875,54.20000076293945,54.220001220703125,725000
2004-10-27,55.97999954223633,55.97999954223633,56.439998626708984,55.400001525878906,56.20000076293945,490000
2004-10-28,55.84000015258789,55.84000015258789,56.400001525878906,55.599998474121094,55.70000076293945,365000
2004-10-29,56.08000183105469,56.08000183105469,56.119998931884766,55.63999938964844,55.68000030517578,420000
2004-11-01,56.18000030517578,56.18000030517578,56.540000915527344,55.84000015258789,56.060001373291016,380000
2004-11-02,56.0,56.0,56.47999954223633,55.79999923706055,56.18000030517578,380000
2004-11-03,55.31999969482422,55.31999969482422,56.380001068115234,55.15999984741211,56.20000076293945,520000
2004-11-04,55.84000015258789,55.84000015258789,55.86000061035156,54.86000061035156,55.31999969482422,840000
2004-11-05,55.29999923706055,55.29999923706055,55.91999816894531,55.20000076293945,55.63999938964844,890000
2004-11-08,56.040000915527344,56.040000915527344,56.5,54.040000915527344,55.29999923706055,1410000
2004-11-09,56.63999938964844,56.63999938964844,56.70000076293945,56.02000045776367,56.02000045776367,705000
2004-11-10,56.5,56.5,56.619998931884766,56.400001525878906,56.619998931884766,545000
2004-11-11,56.380001068115234,56.380001068115234,56.779998779296875,56.279998779296875,56.5,440000
2004-11-12,55.220001220703125,55.220001220703125,55.720001220703125,55.02000045776367,55.599998474121094,1345000
2004-11-15,55.86000061035156,55.86000061035156,55.86000061035156,55.099998474121094,55.18000030517578,1200000
2004-11-16,56.720001220703125,56.720001220703125,56.79999923706055,55.5,55.5,790000
2004-11-17,57.220001220703125,57.220001220703125,57.459999084472656,56.619998931884766,56.70000076293945,555000
2004-11-18,56.779998779296875,56.779998779296875,57.380001068115234,56.720001220703125,57.099998474121094,560000
2004-11-19,56.900001525878906,56.900001525878906,56.91999816894531,56.08000183105469,56.70000076293945,370000
2004-11-22,55.779998779296875,55.779998779296875,56.68000030517578,55.41999816894531,56.619998931884766,800000
2004-11-23,55.79999923706055,55.79999923706055,55.97999954223633,55.41999816894531,55.959999084472656,515000
2004-11-24,56.0,56.0,56.0,55.560001373291016,55.79999923706055,420000
2004-11-26,56.060001373291016,56.060001373291016,56.439998626708984,55.86000061035156,55.97999954223633,325000
2004-11-29,55.97999954223633,55.97999954223633,56.279998779296875,55.599998474121094,56.0,355000
2004-11-30,55.599998474121094,55.599998474121094,56.0,55.540000915527344,55.79999923706055,615000
2004-12-01,55.77000045776367,55.77000045776367,55.97999954223633,55.599998474121094,55.599998474121094,585000
2004-12-02,56.29999923706055,56.29999923706055,56.380001068115234,55.599998474121094,55.599998474121094,750000
2004-12-03,56.560001373291016,56.560001373291016,57.18000030517578,56.2400016784668,56.2400016784668,715000
2004-12-06,55.97999954223633,55.97999954223633,56.5,55.91999816894531,56.400001525878906,720000
2004-12-07,56.02000045776367,56.02000045776367,56.380001068115234,55.79999923706055,55.79999923706055,450000
2004-12-08,56.34000015258789,56.34000015258789,56.400001525878906,55.84000015258789,55.900001525878906,355000
2004-12-09,56.040000915527344,56.040000915527344,56.2400016784668,55.91999816894531,56.20000076293945,380000
2004-12-10,55.84000015258789,55.84000015258789,56.0,55.560001373291016,56.0,720000
2004-12-13,55.81999969482422,55.81999969482422,55.900001525878906,55.52000045776367,55.63999938964844,955000
2004-12-14,56.040000915527344,56.040000915527344,56.040000915527344,55.599998474121094,55.63999938964844,485000
2004-12-15,56.599998474121094,56.599998474121094,56.63999938964844,56.0,56.02000045776367,555000
2004-12-16,57.209999084472656,57.209999084472656,57.279998779296875,56.599998474121094,56.599998474121094,1015000
2004-12-17,57.2400016784668,57.2400016784668,57.439998626708984,57.02000045776367,57.099998474121094,575000
2004-12-20,57.47999954223633,57.47999954223633,57.5,57.099998474121094,57.15999984741211,485000
2004-12-21,58.119998931884766,58.119998931884766,58.15999984741211,57.70000076293945,57.70000076293945,900000
2004-12-22,59.45000076293945,59.45000076293945,59.880001068115234,58.439998626708984,58.5,1030000
2004-12-23,59.380001068115234,59.380001068115234,59.68000030517578,59.29999923706055,59.65999984741211,330000
2004-12-27,58.7400016784668,58.7400016784668,59.20000076293945,58.63999938964844,59.20000076293945,435000
2004-12-28,59.08000183105469,59.08000183105469,59.13999938964844,58.20000076293945,58.20000076293945,485000
2004-12-29,59.29999923706055,59.29999923706055,59.7400016784668,59.13999938964844,59.2599983215332,590000
2004-12-30,59.119998931884766,59.119998931884766,59.58000183105469,58.47999954223633,59.119998931884766,725000
2004-12-31,58.720001220703125,58.720001220703125,59.18000030517578,58.599998474121094,59.119998931884766,380000
2005-01-03,57.97999954223633,57.97999954223633,58.720001220703125,57.79999923706055,58.720001220703125,690000
2005-01-04,57.099998474121094,57.099998474121094,58.15999984741211,56.81999969482422,57.959999084472656,825000
2005-01-05,57.20000076293945,57.20000076293945,57.220001220703125,56.84000015258789,57.0,1490000
2005-01-06,57.47999954223633,57.47999954223633,57.5,57.060001373291016,57.20000076293945,875000
2005-01-07,58.380001068115234,58.380001068115234,58.5,57.31999969482422,57.52000045776367,705000
2005-01-10,58.52000045776367,58.52000045776367,58.52000045776367,57.599998474121094,58.0,515000
2005-01-11,57.529998779296875,57.529998779296875,58.5,57.5,58.5,605000
2005-01-12,57.52000045776367,57.52000045776367,58.0,57.209999084472656,57.68000030517578,420000
2005-01-13,57.400001525878906,57.400001525878906,57.560001373291016,57.220001220703125,57.5,300000
2005-01-14,57.27000045776367,57.27000045776367,57.68000030517578,57.20000076293945,57.65999984741211,410000
2005-01-18,57.79999923706055,57.79999923706055,58.02000045776367,57.31999969482422,57.52000045776367,910000
2005-01-19,57.779998779296875,57.779998779296875,58.36000061035156,57.63999938964844,57.79999923706055,545000
2005-01-20,58.36000061035156,58.36000061035156,58.5,58.02000045776367,58.31999969482422,775000
2005-01-21,60.09000015258789,60.09000015258789,60.2400016784668,58.599998474121094,58.720001220703125,1595000
2005-01-24,60.0,60.0,60.08000183105469,59.86000061035156,60.0,605000
2005-01-25,59.70000076293945,59.70000076293945,60.0099983215332,59.29999923706055,60.0,810000
2005-01-26,59.279998779296875,59.279998779296875,59.70000076293945,59.2599983215332,59.70000076293945,520000
2005-01-27,58.84000015258789,58.84000015258789,59.5,58.65999984741211,59.400001525878906,400000
2005-01-28,60.0,60.0,60.060001373291016,59.08000183105469,59.20000076293945,1600000
2005-01-31,59.880001068115234,59.880001068115234,60.119998931884766,59.400001525878906,60.0,715000
2005-02-01,60.34000015258789,60.34000015258789,60.439998626708984,59.86000061035156,59.939998626708984,560000
2005-02-02,60.08000183105469,60.08000183105469,60.47999954223633,60.0,60.29999923706055,675000
2005-02-03,60.08000183105469,60.08000183105469,60.279998779296875,59.880001068115234,60.279998779296875,530000
2005-02-04,60.4900016784668,60.4900016784668,60.4900016784668,59.65999984741211,60.0,460000
2005-02-07,60.86000061035156,60.86000061035156,60.91999816894531,60.31999969482422,60.4900016784668,890000
2005-02-08,60.720001220703125,60.720001220703125,60.86000061035156,60.15999984741211,60.70000076293945,545000
2005-02-09,60.65999984741211,60.65999984741211,60.86000061035156,60.40999984741211,60.7599983215332,440000
2005-02-10,60.599998474121094,60.599998474121094,60.7400016784668,60.439998626708984,60.619998931884766,565000
2005-02-11,61.15999984741211,61.15999984741211,61.34000015258789,60.5,60.5,980000
2005-02-14,60.84000015258789,60.84000015258789,61.279998779296875,60.84000015258789,61.279998779296875,350000
2005-02-15,60.619998931884766,60.619998931884766,61.15999984741211,60.619998931884766,60.84000015258789,365000
2005-02-16,60.459999084472656,60.459999084472656,60.70000076293945,60.040000915527344,60.63999938964844,580000
2005-02-17,60.2400016784668,60.2400016784668,60.34000015258789,60.060001373291016,60.20000076293945,435000
2005-02-18,60.04999923706055,60.04999923706055,60.20000076293945,59.84000015258789,60.20000076293945,520000
2005-02-22,60.08000183105469,60.08000183105469,60.70000076293945,59.79999923706055,59.81999969482422,640000
2005-02-23,60.68000030517578,60.68000030517578,60.79999923706055,60.20000076293945,60.33000183105469,400000
2005-02-24,60.2400016784668,60.2400016784668,60.7400016784668,60.0,60.7400016784668,695000
2005-02-25,60.31999969482422,60.31999969482422,60.459999084472656,59.939998626708984,60.0,390000
2005-02-28,60.29999923706055,60.29999923706055,60.36000061035156,60.099998474121094,60.2400016784668,490000
2005-03-01,60.41999816894531,60.41999816894531,60.70000076293945,60.2400016784668,60.31999969482422,405000
2005-03-02,60.08000183105469,60.08000183105469,60.380001068115234,60.040000915527344,60.31999969482422,480000
2005-03-03,59.52000045776367,59.52000045776367,60.29999923706055,59.279998779296875,60.02000045776367,945000
2005-03-04,59.58000183105469,59.58000183105469,59.84000015258789,59.20000076293945,59.70000076293945,1100000
2005-03-07,60.02000045776367,60.02000045776367,60.34000015258789,59.36000061035156,59.79999923706055,1105000
2005-03-08,60.220001220703125,60.220001220703125,60.41999816894531,59.86000061035156,60.04999923706055,710000
2005-03-09,60.5,60.5,60.70000076293945,60.0,60.0,890000
2005-03-10,60.13999938964844,60.13999938964844,60.459999084472656,60.02000045776367,60.36000061035156,650000
2005-03-11,60.02000045776367,60.02000045776367,60.36000061035156,60.0,60.2400016784668,735000
2005-03-14,60.119998931884766,60.119998931884766,60.31999969482422,60.02000045776367,60.31999969482422,300000
2005-03-15,59.560001373291016,59.560001373291016,60.29999923706055,59.560001373291016,60.2400016784668,795000
2005-03-16,57.36000061035156,57.36000061035156,59.400001525878906,57.2599983215332,59.400001525878906,2390000
2005-03-17,58.65999984741211,58.65999984741211,59.36000061035156,57.400001525878906,57.400001525878906,1580000
2005-03-18,58.369998931884766,58.369998931884766,58.959999084472656,58.15999984741211,58.880001068115234,475000
2005-03-21,58.02000045776367,58.02000045776367,58.79999923706055,58.02000045776367,58.36000061035156,675000
2005-03-22,57.70000076293945,57.70000076293945,58.0,57.41999816894531,58.0,705000
2005-03-23,57.20000076293945,57.20000076293945,57.58000183105469,57.20000076293945,57.459999084472656,940000
2005-03-24,57.900001525878906,57.900001525878906,58.119998931884766,57.290000915527344,57.29999923706055,660000
2005-03-28,57.400001525878906,57.400001525878906,58.0,57.099998474121094,58.0,920000
2005-03-29,57.279998779296875,57.279998779296875,57.52000045776367,56.099998474121094,56.79999923706055,2465000
2005-03-30,57.7599983215332,57.7599983215332,58.15999984741211,57.18000030517578,57.2599983215332,1480000
2005-03-31,57.119998931884766,57.119998931884766,57.70000076293945,56.959999084472656,57.65999984741211,995000
2005-04-01,56.29999923706055,56.29999923706055,57.31999969482422,56.20000076293945,56.900001525878906,1145000
2005-04-04,57.70000076293945,57.70000076293945,57.81999969482422,56.70000076293945,57.20000076293945,1370000
2005-04-05,58.41999816894531,58.41999816894531,58.599998474121094,57.86000061035156,57.86000061035156,710000
2005-04-06,58.47999954223633,58.47999954223633,58.959999084472656,58.20000076293945,58.5,530000
2005-04-07,58.04999923706055,58.04999923706055,58.58000183105469,57.81999969482422,58.400001525878906,415000
2005-04-08,57.650001525878906,57.650001525878906,57.97999954223633,57.52000045776367,57.900001525878906,480000
2005-04-11,58.29999923706055,58.29999923706055,58.52000045776367,57.400001525878906,57.400001525878906,895000
2005-04-12,58.36000061035156,58.36000061035156,58.63999938964844,58.15999984741211,58.439998626708984,1025000
2005-04-13,57.709999084472656,57.709999084472656,58.560001373291016,57.400001525878906,58.34000015258789,725000
2005-04-14,57.220001220703125,57.220001220703125,57.599998474121094,57.099998474121094,57.560001373291016,515000
2005-04-15,56.939998626708984,56.939998626708984,57.7599983215332,56.65999984741211,56.900001525878906,1190000
2005-04-18,56.47999954223633,56.47999954223633,57.560001373291016,56.2400016784668,57.2400016784668,1280000
2005-04-19,56.47999954223633,56.47999954223633,57.099998474121094,56.20000076293945,56.79999923706055,720000
2005-04-20,55.209999084472656,55.209999084472656,56.47999954223633,55.20000076293945,56.47999954223633,1470000
2005-04-21,55.959999084472656,55.959999084472656,56.29999923706055,55.720001220703125,56.20000076293945,1410000
2005-04-22,54.86000061035156,54.86000061035156,56.099998474121094,54.84000015258789,55.959999084472656,1240000
2005-04-25,55.060001373291016,55.060001373291016,55.779998779296875,54.880001068115234,55.20000076293945,1285000
2005-04-26,55.02000045776367,55.02000045776367,55.52000045776367,55.0,55.52000045776367,810000
2005-04-27,54.869998931884766,54.869998931884766,55.08000183105469,54.65999984741211,54.97999954223633,935000
2005-04-28,55.79999923706055,55.79999923706055,56.779998779296875,54.68000030517578,54.68000030517578,1255000
2005-04-29,55.959999084472656,55.959999084472656,56.5,55.86000061035156,55.86000061035156,885000
2005-05-02,56.599998474121094,56.599998474121094,57.599998474121094,56.400001525878906,56.65999984741211,1210000
2005-05-03,56.2599983215332,56.2599983215332,56.7599983215332,56.02000045776367,56.599998474121094,605000
2005-05-04,56.65999984741211,56.65999984741211,56.779998779296875,56.2599983215332,56.599998474121094,1100000
2005-05-05,56.220001220703125,56.220001220703125,56.65999984741211,56.15999984741211,56.65999984741211,545000
2005-05-06,55.91999816894531,55.91999816894531,56.31999969482422,55.70000076293945,56.099998474121094,590000
2005-05-09,55.52000045776367,55.52000045776367,56.29999923706055,55.52000045776367,56.2400016784668,435000
2005-05-10,55.2400016784668,55.2400016784668,55.900001525878906,55.060001373291016,55.900001525878906,590000
2005-05-11,55.34000015258789,55.34000015258789,55.720001220703125,55.099998474121094,55.70000076293945,335000
2005-05-12,55.47999954223633,55.47999954223633,55.68000030517578,55.2400016784668,55.29999923706055,375000
2005-05-13,55.34000015258789,55.34000015258789,55.599998474121094,55.2599983215332,55.29999923706055,405000
2005-05-16,55.040000915527344,55.040000915527344,55.47999954223633,55.02000045776367,55.47999954223633,435000
2005-05-17,55.099998474121094,55.099998474121094,55.220001220703125,55.0,55.060001373291016,480000
2005-05-18,55.2400016784668,55.2400016784668,55.31999969482422,55.040000915527344,55.2599983215332,450000
2005-05-19,55.86000061035156,55.86000061035156,56.15999984741211,55.16999816894531,55.20000076293945,555000
2005-05-20,56.04999923706055,56.04999923706055,56.099998474121094,55.70000076293945,55.939998626708984,845000
2005-05-23,55.619998931884766,55.619998931884766,56.34000015258789,55.52000045776367,56.34000015258789,765000
2005-05-24,57.18000030517578,57.18000030517578,57.18000030517578,55.79999923706055,55.79999923706055,890000
2005-05-25,56.900001525878906,56.900001525878906,57.20000076293945,56.7599983215332,57.20000076293945,805000
2005-05-26,56.41999816894531,56.41999816894531,57.0,56.2599983215332,56.900001525878906,490000
2005-05-27,56.79999923706055,56.79999923706055,56.91999816894531,56.2400016784668,56.2400016784668,440000
2005-05-31,56.20000076293945,56.20000076293945,57.099998474121094,56.13999938964844,56.86000061035156,435000
2005-06-01,56.18000030517578,56.18000030517578,56.459999084472656,56.18000030517578,56.459999084472656,350000
2005-06-02,56.15999984741211,56.15999984741211,56.29999923706055,56.0,56.20000076293945,330000
2005-06-03,55.81999969482422,55.81999969482422,56.13999938964844,55.7400016784668,56.040000915527344,540000
2005-06-06,55.540000915527344,55.540000915527344,55.97999954223633,55.29999923706055,55.599998474121094,560000
2005-06-07,55.459999084472656,55.459999084472656,55.7599983215332,55.41999816894531,55.52000045776367,390000
2005-06-08,55.31999969482422,55.31999969482422,55.65999984741211,55.220001220703125,55.65999984741211,375000
2005-06-09,55.400001525878906,55.400001525878906,55.65999984741211,55.31999969482422,55.459999084472656,310000
2005-06-10,55.400001525878906,55.400001525878906,55.79999923706055,55.2599983215332,55.2599983215332,385000
2005-06-13,55.7599983215332,55.7599983215332,56.09000015258789,55.63999938964844,55.79999923706055,505000
2005-06-14,56.20000076293945,56.20000076293945,56.2400016784668,55.9900016784668,56.2400016784668,340000
2005-06-15,55.86000061035156,55.86000061035156,56.20000076293945,55.7400016784668,56.20000076293945,335000
2005-06-16,55.79999923706055,55.79999923706055,55.959999084472656,55.41999816894531,55.86000061035156,530000
2005-06-17,55.02000045776367,55.02000045776367,55.880001068115234,55.02000045776367,55.779998779296875,830000
2005-06-20,55.13999938964844,55.13999938964844,55.41999816894531,54.939998626708984,55.0,895000
2005-06-21,55.7400016784668,55.7400016784668,56.08000183105469,55.13999938964844,55.2599983215332,555000
2005-06-22,55.34000015258789,55.34000015258789,55.720001220703125,55.2599983215332,55.65999984741211,355000
2005-06-23,55.599998474121094,55.599998474121094,56.220001220703125,55.29999923706055,55.459999084472656,870000
2005-06-24,55.13999938964844,55.13999938964844,55.470001220703125,55.099998474121094,55.18000030517578,925000
2005-06-27,55.5,55.5,55.880001068115234,55.18000030517578,55.2400016784668,600000
2005-06-28,55.41999816894531,55.41999816894531,55.79999923706055,55.220001220703125,55.79999923706055,360000
2005-06-29,55.400001525878906,55.400001525878906,55.65999984741211,55.400001525878906,55.41999816894531,395000
2005-06-30,55.66999816894531,55.66999816894531,55.79999923706055,55.5,55.599998474121094,415000
2005-07-01,55.68000030517578,55.68000030517578,55.91999816894531,55.68000030517578,55.79999923706055,480000
2005-07-05,56.400001525878906,56.400001525878906,56.400001525878906,55.7400016784668,55.7400016784668,660000
2005-07-06,56.79999923706055,56.79999923706055,56.880001068115234,56.36000061035156,56.560001373291016,570000
2005-07-07,56.84000015258789,56.84000015258789,56.900001525878906,56.099998474121094,56.099998474121094,720000
2005-07-08,56.560001373291016,56.560001373291016,56.81999969482422,56.400001525878906,56.79999923706055,350000
2005-07-11,56.7400016784668,56.7400016784668,56.959999084472656,56.45000076293945,56.540000915527344,530000
2005-07-12,56.13999938964844,56.13999938964844,56.84000015258789,56.13999938964844,56.84000015258789,545000
2005-07-13,56.13999938964844,56.13999938964844,56.459999084472656,56.08000183105469,56.20000076293945,565000
2005-07-14,55.63999938964844,55.63999938964844,56.36000061035156,55.599998474121094,56.13999938964844,755000
2005-07-15,55.900001525878906,55.900001525878906,55.9900016784668,55.599998474121094,55.720001220703125,705000
2005-07-18,55.75,55.75,56.0,55.63999938964844,56.0,310000
2005-07-19,55.720001220703125,55.720001220703125,55.900001525878906,55.560001373291016,55.79999923706055,440000
2005-07-20,55.84000015258789,55.84000015258789,55.88999938964844,55.63999938964844,55.63999938964844,335000
2005-07-21,55.7400016784668,55.7400016784668,55.88999938964844,55.63999938964844,55.79999923706055,435000
2005-07-22,55.959999084472656,55.959999084472656,56.0,55.70000076293945,55.779998779296875,690000
2005-07-25,56.099998474121094,56.099998474121094,56.099998474121094,55.880001068115234,56.0,830000
2005-07-26,55.86000061035156,55.86000061035156,56.13999938964844,55.79999923706055,56.099998474121094,310000
2005-07-27,55.79999923706055,55.79999923706055,56.099998474121094,55.79999923706055,55.91999816894531,320000
2005-07-28,55.70000076293945,55.70000076293945,56.0,55.619998931884766,55.79999923706055,705000
2005-07-29,55.63999938964844,55.63999938964844,56.0,55.619998931884766,55.70000076293945,360000
2005-08-01,55.959999084472656,55.959999084472656,55.97999954223633,55.68000030517578,55.939998626708984,395000
2005-08-02,55.599998474121094,55.599998474121094,55.959999084472656,55.58000183105469,55.959999084472656,775000
2005-08-03,55.560001373291016,55.560001373291016,55.7400016784668,55.5,55.599998474121094,715000
2005-08-04,55.70000076293945,55.70000076293945,55.720001220703125,55.380001068115234,55.47999954223633,765000
2005-08-05,55.7400016784668,55.7400016784668,56.0,55.43000030517578,55.79999923706055,845000
2005-08-08,55.459999084472656,55.459999084472656,55.91999816894531,55.34000015258789,55.91999816894531,905000
2005-08-09,55.439998626708984,55.439998626708984,55.63999938964844,55.20000076293945,55.540000915527344,590000
2005-08-10,55.36000061035156,55.36000061035156,55.560001373291016,55.31999969482422,55.34000015258789,385000
2005-08-11,55.779998779296875,55.779998779296875,55.880001068115234,55.20000076293945,55.36000061035156,625000
2005-08-12,56.0,56.0,56.08000183105469,55.70000076293945,55.939998626708984,405000
2005-08-15,55.40999984741211,55.40999984741211,56.060001373291016,55.36000061035156,55.900001525878906,545000
2005-08-16,55.47999954223633,55.47999954223633,55.599998474121094,55.279998779296875,55.40999984741211,365000
2005-08-17,55.279998779296875,55.279998779296875,55.52000045776367,55.220001220703125,55.47999954223633,435000
2005-08-18,56.7400016784668,56.7400016784668,56.7400016784668,55.18000030517578,55.220001220703125,1575000
2005-08-19,56.599998474121094,56.599998474121094,56.7599983215332,56.119998931884766,56.119998931884766,650000
2005-08-22,56.400001525878906,56.400001525878906,56.560001373291016,56.20000076293945,56.560001373291016,485000
2005-08-23,56.400001525878906,56.400001525878906,56.599998474121094,56.36000061035156,56.5,470000
2005-08-24,56.13999938964844,56.13999938964844,56.31999969482422,56.0,56.279998779296875,815000
2005-08-25,55.810001373291016,55.810001373291016,56.119998931884766,55.79999923706055,56.060001373291016,495000
2005-08-26,55.439998626708984,55.439998626708984,55.86000061035156,55.36000061035156,55.7599983215332,460000
2005-08-29,55.41999816894531,55.41999816894531,55.599998474121094,55.0,55.20000076293945,845000
2005-08-30,55.15999984741211,55.15999984741211,55.47999954223633,55.11000061035156,55.36000061035156,500000
2005-08-31,55.52000045776367,55.52000045776367,55.52000045776367,55.0,55.08000183105469,650000
2005-09-01,55.060001373291016,55.060001373291016,55.439998626708984,55.0,55.36000061035156,840000
2005-09-02,55.119998931884766,55.119998931884766,55.36000061035156,55.0,55.02000045776367,680000
2005-09-06,55.63999938964844,55.63999938964844,56.31999969482422,55.13999938964844,55.13999938964844,780000
2005-09-07,55.939998626708984,55.939998626708984,56.0,55.65999984741211,55.70000076293945,560000
2005-09-08,56.15999984741211,56.15999984741211,56.2400016784668,55.79999923706055,55.939998626708984,690000
2005-09-09,55.84000015258789,55.84000015258789,56.099998474121094,55.79999923706055,56.0,720000
2005-09-12,55.369998931884766,55.369998931884766,55.77000045776367,55.220001220703125,55.65999984741211,605000
2005-09-13,55.290000915527344,55.290000915527344,55.400001525878906,55.0,55.29999923706055,735000
2005-09-14,55.15999984741211,55.15999984741211,55.540000915527344,55.040000915527344,55.290000915527344,910000
2005-09-15,54.939998626708984,54.939998626708984,55.20000076293945,54.7599983215332,55.0,875000
2005-09-16,54.5,54.5,55.34000015258789,54.47999954223633,54.939998626708984,1280000
2005-09-19,54.31999969482422,54.31999969482422,54.68000030517578,54.15999984741211,54.5,1385000
2005-09-20,54.2599983215332,54.2599983215332,54.560001373291016,54.20000076293945,54.36000061035156,1715000
2005-09-21,53.5,53.5,54.36000061035156,53.439998626708984,54.2400016784668,1475000
2005-09-22,53.86000061035156,53.86000061035156,54.18000030517578,52.2400016784668,53.2599983215332,2115000
2005-09-23,55.060001373291016,55.060001373291016,55.36000061035156,53.52000045776367,53.70000076293945,1285000
2005-09-26,54.900001525878906,54.900001525878906,55.83000183105469,54.619998931884766,55.459999084472656,710000
2005-09-27,54.880001068115234,54.880001068115234,55.040000915527344,54.7400016784668,54.959999084472656,515000
2005-09-28,54.52000045776367,54.52000045776367,54.97999954223633,54.41999816894531,54.7599983215332,520000
2005-09-29,54.13999938964844,54.13999938964844,54.380001068115234,54.060001373291016,54.36000061035156,685000
2005-09-30,54.619998931884766,54.619998931884766,54.79999923706055,53.720001220703125,54.040000915527344,920000
2005-10-03,54.720001220703125,54.720001220703125,54.900001525878906,54.560001373291016,54.619998931884766,425000
2005-10-04,54.91999816894531,54.91999816894531,55.0,54.599998474121094,54.720001220703125,355000
2005-10-05,55.2400016784668,55.2400016784668,55.439998626708984,54.79999923706055,54.959999084472656,500000
2005-10-06,55.0,55.0,55.279998779296875,54.84000015258789,55.15999984741211,540000
2005-10-07,54.959999084472656,54.959999084472656,55.54999923706055,54.81999969482422,55.060001373291016,470000
2005-10-10,55.400001525878906,55.400001525878906,55.5,54.959999084472656,54.959999084472656,695000
2005-10-11,55.400001525878906,55.400001525878906,55.70000076293945,55.31999969482422,55.599998474121094,845000
2005-10-12,55.959999084472656,55.959999084472656,55.970001220703125,55.2599983215332,55.2599983215332,980000
2005-10-13,55.599998474121094,55.599998474121094,55.84000015258789,55.34000015258789,55.5,615000
2005-10-14,55.7400016784668,55.7400016784668,55.7400016784668,55.02000045776367,55.47999954223633,620000
2005-10-17,55.810001373291016,55.810001373291016,55.900001525878906,55.459999084472656,55.70000076293945,540000
2005-10-18,55.79999923706055,55.79999923706055,55.900001525878906,55.5,55.86000061035156,475000
2005-10-19,55.7400016784668,55.7400016784668,55.939998626708984,55.119998931884766,55.599998474121094,870000
2005-10-20,55.63999938964844,55.63999938964844,55.7599983215332,55.34000015258789,55.63999938964844,570000
2005-10-21,55.779998779296875,55.779998779296875,55.86000061035156,55.68000030517578,55.84000015258789,730000
2005-10-24,56.220001220703125,56.220001220703125,56.5,56.0,56.0,895000
2005-10-25,56.599998474121094,56.599998474121094,56.599998474121094,56.0,56.2599983215332,650000
2005-10-26,56.18000030517578,56.18000030517578,56.599998474121094,55.77000045776367,56.599998474121094,545000
2005-10-27,56.08000183105469,56.08000183105469,56.08000183105469,55.560001373291016,56.08000183105469,590000
2005-10-28,55.97999954223633,55.97999954223633,56.400001525878906,55.7599983215332,56.08000183105469,415000
2005-10-31,56.29999923706055,56.29999923706055,56.34000015258789,55.86000061035156,55.900001525878906,575000
2005-11-01,56.68000030517578,56.68000030517578,56.86000061035156,56.220001220703125,56.29999923706055,1155000
2005-11-02,57.119998931884766,57.119998931884766,57.5,56.5,56.900001525878906,1530000
2005-11-03,58.70000076293945,58.70000076293945,58.70000076293945,57.29999923706055,57.400001525878906,1370000
2005-11-04,58.380001068115234,58.380001068115234,58.70000076293945,57.7599983215332,58.70000076293945,1115000
2005-11-07,59.540000915527344,59.540000915527344,59.86000061035156,57.79999923706055,58.380001068115234,2395000
2005-11-08,59.7400016784668,59.7400016784668,59.959999084472656,59.279998779296875,59.5,1120000
2005-11-09,59.70000076293945,59.70000076293945,59.779998779296875,59.400001525878906,59.63999938964844,410000
2005-11-10,59.63999938964844,59.63999938964844,59.68000030517578,59.31999969482422,59.560001373291016,375000
2005-11-11,59.70000076293945,59.70000076293945,60.060001373291016,59.52000045776367,59.70000076293945,690000
2005-11-14,59.400001525878906,59.400001525878906,59.86000061035156,59.2400016784668,59.70000076293945,375000
2005-11-15,59.20000076293945,59.20000076293945,59.5,59.15999984741211,59.279998779296875,380000
2005-11-16,58.380001068115234,58.380001068115234,59.13999938964844,58.220001220703125,59.060001373291016,635000
2005-11-17,59.18000030517578,59.18000030517578,59.20000076293945,58.29999923706055,58.439998626708984,905000
2005-11-18,59.13999938964844,59.13999938964844,59.47999954223633,59.0,59.02000045776367,405000
2005-11-21,58.220001220703125,58.220001220703125,58.939998626708984,58.08000183105469,58.79999923706055,595000
2005-11-22,57.900001525878906,57.900001525878906,58.400001525878906,57.15999984741211,58.400001525878906,955000
2005-11-23,58.400001525878906,58.400001525878906,58.970001220703125,57.959999084472656,58.099998474121094,1005000
2005-11-25,58.13999938964844,58.13999938964844,58.560001373291016,57.939998626708984,58.439998626708984,235000
2005-11-28,58.2400016784668,58.2400016784668,58.5099983215332,58.119998931884766,58.400001525878906,365000
2005-11-29,58.709999084472656,58.709999084472656,58.7599983215332,58.119998931884766,58.29999923706055,645000
2005-11-30,59.099998474121094,59.099998474121094,59.20000076293945,58.7599983215332,58.779998779296875,565000
2005-12-01,60.13999938964844,60.13999938964844,60.15999984741211,59.279998779296875,59.279998779296875,905000
2005-12-02,60.380001068115234,60.380001068115234,60.630001068115234,60.060001373291016,60.099998474121094,725000
2005-12-05,59.20000076293945,59.20000076293945,60.380001068115234,59.20000076293945,60.380001068115234,745000
2005-12-06,59.79999923706055,59.79999923706055,59.880001068115234,59.29999923706055,59.70000076293945,485000
2005-12-07,59.70000076293945,59.70000076293945,59.81999969482422,59.279998779296875,59.70000076293945,615000
2005-12-08,59.599998474121094,59.599998474121094,59.70000076293945,59.20000076293945,59.70000076293945,455000
2005-12-09,59.63999938964844,59.63999938964844,59.720001220703125,59.41999816894531,59.58000183105469,475000
2005-12-12,59.5,59.5,59.79999923706055,59.5,59.7400016784668,450000
2005-12-13,59.400001525878906,59.400001525878906,59.68000030517578,59.20000076293945,59.5,285000
2005-12-14,59.13999938964844,59.13999938964844,59.599998474121094,59.099998474121094,59.400001525878906,375000
2005-12-15,59.040000915527344,59.040000915527344,59.52000045776367,59.040000915527344,59.2599983215332,445000
2005-12-16,59.47999954223633,59.47999954223633,59.5,59.02000045776367,59.15999984741211,305000
2005-12-19,59.08000183105469,59.08000183105469,59.439998626708984,59.08000183105469,59.31999969482422,320000
2005-12-20,58.95000076293945,58.95000076293945,59.20000076293945,58.83000183105469,59.040000915527344,530000
2005-12-21,59.060001373291016,59.060001373291016,59.20000076293945,58.84000015258789,58.900001525878906,640000
2005-12-22,58.880001068115234,58.880001068115234,59.13999938964844,58.7599983215332,59.060001373291016,545000
2005-12-23,59.060001373291016,59.060001373291016,59.15999984741211,58.86000061035156,58.86000061035156,400000
2005-12-27,58.880001068115234,58.880001068115234,59.18000030517578,58.720001220703125,59.18000030517578,385000
2005-12-28,58.709999084472656,58.709999084472656,58.91999816894531,58.599998474121094,58.79999923706055,295000
2005-12-29,58.97999954223633,58.97999954223633,58.97999954223633,58.720001220703125,58.720001220703125,300000
2005-12-30,58.709999084472656,58.709999084472656,59.02000045776367,58.58000183105469,59.0,355000
2006-01-03,59.29999923706055,59.29999923706055,59.29999923706055,58.41999816894531,58.5,720000
2006-01-04,59.34000015258789,59.34000015258789,59.97999954223633,59.2599983215332,59.2599983215332,620000
2006-01-05,59.20000076293945,59.20000076293945,59.47999954223633,59.08000183105469,59.2599983215332,565000
2006-01-06,59.400001525878906,59.400001525878906,59.599998474121094,59.220001220703125,59.36000061035156,540000
2006-01-09,59.58000183105469,59.58000183105469,59.63999938964844,59.02000045776367,59.20000076293945,610000
2006-01-10,59.400001525878906,59.400001525878906,59.599998474121094,59.29999923706055,59.400001525878906,425000
2006-01-11,59.279998779296875,59.279998779296875,59.63999938964844,59.08000183105469,59.400001525878906,620000
2006-01-12,58.900001525878906,58.900001525878906,59.29999923706055,58.779998779296875,59.099998474121094,725000
2006-01-13,59.040000915527344,59.040000915527344,59.2400016784668,58.81999969482422,58.900001525878906,585000
2006-01-17,58.86000061035156,58.86000061035156,59.0,58.599998474121094,59.0,510000
2006-01-18,59.279998779296875,59.279998779296875,59.29999923706055,58.68000030517578,58.68000030517578,685000
2006-01-19,59.27000045776367,59.27000045776367,59.7599983215332,59.119998931884766,59.5,835000
2006-01-20,58.84000015258789,58.84000015258789,59.36000061035156,58.79999923706055,59.279998779296875,485000
2006-01-23,58.790000915527344,58.790000915527344,59.18000030517578,58.70000076293945,58.79999923706055,385000
2006-01-24,58.959999084472656,58.959999084472656,59.119998931884766,58.779998779296875,58.779998779296875,570000
2006-01-25,59.29999923706055,59.29999923706055,59.29999923706055,58.779998779296875,58.91999816894531,635000
2006-01-26,58.81999969482422,58.81999969482422,59.20000076293945,58.7400016784668,59.20000076293945,530000
2006-01-27,58.7599983215332,58.7599983215332,59.0,58.599998474121094,58.91999816894531,645000
2006-01-30,58.560001373291016,58.560001373291016,58.900001525878906,58.560001373291016,58.7599983215332,460000
2006-01-31,58.63999938964844,58.63999938964844,58.779998779296875,58.220001220703125,58.70000076293945,730000
2006-02-01,58.29999923706055,58.29999923706055,58.52000045776367,58.15999984741211,58.400001525878906,600000
2006-02-02,58.13999938964844,58.13999938964844,58.36000061035156,57.91999816894531,58.29999923706055,535000
2006-02-03,57.84000015258789,57.84000015258789,58.20000076293945,57.70000076293945,58.20000076293945,550000
2006-02-06,57.70000076293945,57.70000076293945,57.84000015258789,57.52000045776367,57.619998931884766,435000
2006-02-07,57.529998779296875,57.529998779296875,57.79999923706055,57.220001220703125,57.540000915527344,380000
2006-02-08,57.84000015258789,57.84000015258789,57.90999984741211,57.400001525878906,57.58000183105469,460000
2006-02-09,57.81999969482422,57.81999969482422,58.099998474121094,57.81999969482422,57.900001525878906,355000
2006-02-10,57.91999816894531,57.91999816894531,58.2599983215332,57.79999923706055,57.91999816894531,475000
2006-02-13,58.34000015258789,58.34000015258789,58.34000015258789,57.970001220703125,58.119998931884766,410000
2006-02-14,58.540000915527344,58.540000915527344,58.599998474121094,58.119998931884766,58.34000015258789,530000
2006-02-15,58.29999923706055,58.29999923706055,58.599998474121094,58.15999984741211,58.540000915527344,520000
2006-02-16,58.099998474121094,58.099998474121094,58.34000015258789,57.900001525878906,58.20000076293945,400000
2006-02-17,58.0,58.0,58.15999984741211,57.84000015258789,57.939998626708984,395000
2006-02-21,57.68000030517578,57.68000030517578,58.09000015258789,57.65999984741211,58.0,485000
2006-02-22,57.63999938964844,57.63999938964844,57.939998626708984,57.20000076293945,57.20000076293945,835000
2006-02-23,57.619998931884766,57.619998931884766,57.81999969482422,57.5,57.70000076293945,550000
2006-02-24,57.58000183105469,57.58000183105469,57.7599983215332,57.41999816894531,57.7599983215332,430000
2006-02-27,57.939998626708984,57.939998626708984,58.150001525878906,57.400001525878906,57.400001525878906,785000
2006-02-28,57.7599983215332,57.7599983215332,58.099998474121094,57.20000076293945,58.099998474121094,670000
2006-03-01,57.83000183105469,57.83000183105469,58.02000045776367,57.560001373291016,57.84000015258789,715000
2006-03-02,57.86000061035156,57.86000061035156,57.97999954223633,57.68000030517578,57.7400016784668,365000
2006-03-03,58.22999954223633,58.22999954223633,58.41999816894531,57.79999923706055,57.900001525878906,500000
2006-03-06,58.77000045776367,58.77000045776367,58.900001525878906,58.400001525878906,58.560001373291016,980000
2006-03-07,58.79999923706055,58.79999923706055,58.939998626708984,58.470001220703125,58.68000030517578,1120000
2006-03-08,59.15999984741211,59.15999984741211,59.18000030517578,58.68000030517578,58.880001068115234,790000
2006-03-09,59.630001068115234,59.630001068115234,59.84000015258789,59.2400016784668,59.400001525878906,1555000
2006-03-10,59.900001525878906,59.900001525878906,60.0,59.630001068115234,59.65999984741211,1815000
2006-03-13,60.099998474121094,60.099998474121094,60.2400016784668,59.900001525878906,59.900001525878906,765000
2006-03-14,59.619998931884766,59.619998931884766,60.08000183105469,59.599998474121094,59.959999084472656,1000000
2006-03-15,59.459999084472656,59.459999084472656,59.7400016784668,59.2400016784668,59.720001220703125,1290000
2006-03-16,59.5,59.5,59.65999984741211,59.41999816894531,59.599998474121094,750000
2006-03-17,59.220001220703125,59.220001220703125,59.439998626708984,58.86000061035156,59.400001525878906,1390000
2006-03-20,59.70000076293945,59.70000076293945,59.79999923706055,59.439998626708984,59.459999084472656,725000
2006-03-21,59.7400016784668,59.7400016784668,60.02000045776367,59.599998474121094,59.709999084472656,815000
2006-03-22,60.0,60.0,60.119998931884766,59.779998779296875,59.84000015258789,1190000
2006-03-23,59.91999816894531,59.91999816894531,60.119998931884766,59.79999923706055,60.0,955000
2006-03-24,60.18000030517578,60.18000030517578,60.18000030517578,59.779998779296875,59.900001525878906,650000
2006-03-27,59.900001525878906,59.900001525878906,60.099998474121094,59.68000030517578,59.79999923706055,660000
2006-03-28,59.880001068115234,59.880001068115234,59.959999084472656,59.65999984741211,59.91999816894531,365000
2006-03-29,59.88999938964844,59.88999938964844,60.0,59.68000030517578,59.91999816894531,560000
2006-03-30,59.84000015258789,59.84000015258789,59.97999954223633,59.70000076293945,59.70000076293945,415000
2006-03-31,60.2400016784668,60.2400016784668,60.2599983215332,59.880001068115234,59.880001068115234,550000
2006-04-03,60.2400016784668,60.2400016784668,60.5,59.900001525878906,60.20000076293945,690000
2006-04-04,60.02000045776367,60.02000045776367,60.2599983215332,59.90999984741211,60.20000076293945,715000
2006-04-05,59.79999923706055,59.79999923706055,60.08000183105469,59.7400016784668,59.939998626708984,1035000
2006-04-06,59.79999923706055,59.79999923706055,59.900001525878906,59.70000076293945,59.79999923706055,810000
2006-04-07,59.439998626708984,59.439998626708984,59.79999923706055,59.13999938964844,59.68000030517578,605000
2006-04-10,58.9900016784668,58.9900016784668,59.18000030517578,58.720001220703125,59.15999984741211,835000
2006-04-11,58.400001525878906,58.400001525878906,58.91999816894531,58.31999969482422,58.900001525878906,1500000
2006-04-12,58.0,58.0,58.29999923706055,57.880001068115234,58.29999923706055,1410000
2006-04-13,57.86000061035156,57.86000061035156,58.0,57.7400016784668,57.84000015258789,1100000
2006-04-17,57.36000061035156,57.36000061035156,57.900001525878906,57.18000030517578,57.7599983215332,1360000
2006-04-18,57.0,57.0,57.400001525878906,56.779998779296875,57.2400016784668,2285000
2006-04-19,57.41999816894531,57.41999816894531,57.529998779296875,57.0,57.15999984741211,1250000
2006-04-20,57.400001525878906,57.400001525878906,57.58000183105469,57.220001220703125,57.439998626708984,1475000
2006-04-21,57.619998931884766,57.619998931884766,57.70000076293945,57.20000076293945,57.31999969482422,845000
2006-04-24,57.459999084472656,57.459999084472656,57.7400016784668,57.29999923706055,57.619998931884766,890000
2006-04-25,57.650001525878906,57.650001525878906,57.65999984741211,57.459999084472656,57.459999084472656,750000
2006-04-26,58.70000076293945,58.70000076293945,58.84000015258789,57.650001525878906,57.650001525878906,740000
2006-04-27,58.279998779296875,58.279998779296875,58.959999084472656,58.20000076293945,58.5,1130000
2006-04-28,59.040000915527344,59.040000915527344,59.040000915527344,58.15999984741211,58.20000076293945,700000
2006-05-01,59.599998474121094,59.599998474121094,59.70000076293945,59.060001373291016,59.15999984741211,805000
2006-05-02,59.20000076293945,59.20000076293945,59.779998779296875,59.20000076293945,59.66999816894531,460000
2006-05-03,59.060001373291016,59.060001373291016,59.20000076293945,58.880001068115234,59.20000076293945,590000
2006-05-04,58.20000076293945,58.20000076293945,58.86000061035156,58.20000076293945,58.86000061035156,1105000
2006-05-05,58.900001525878906,58.900001525878906,59.099998474121094,58.400001525878906,58.400001525878906,845000
2006-05-08,59.08000183105469,59.08000183105469,59.79999923706055,59.08000183105469,59.400001525878906,950000
2006-05-09,59.70000076293945,59.70000076293945,59.79999923706055,59.08000183105469,59.099998474121094,695000
2006-05-10,59.619998931884766,59.619998931884766,59.97999954223633,59.47999954223633,59.70000076293945,680000
2006-05-11,59.7400016784668,59.7400016784668,60.0,59.65999984741211,59.65999984741211,480000
2006-05-12,59.599998474121094,59.599998474121094,59.779998779296875,59.22999954223633,59.7400016784668,445000
2006-05-15,59.880001068115234,59.880001068115234,59.97999954223633,59.41999816894531,59.65999984741211,695000
2006-05-16,60.18000030517578,60.18000030517578,60.459999084472656,59.90999984741211,59.90999984741211,1450000
2006-05-17,60.5,60.5,60.599998474121094,60.099998474121094,60.20000076293945,2010000
2006-05-18,61.400001525878906,61.400001525878906,61.79999923706055,60.380001068115234,60.400001525878906,2285000
2006-05-19,61.18000030517578,61.18000030517578,61.900001525878906,60.70000076293945,61.5,970000
2006-05-22,61.810001373291016,61.810001373291016,61.97999954223633,60.7400016784668,61.18000030517578,930000
2006-05-23,60.779998779296875,60.779998779296875,61.65999984741211,60.400001525878906,61.65999984741211,1195000
2006-05-24,61.68000030517578,61.68000030517578,61.79999923706055,60.81999969482422,60.97999954223633,1320000
2006-05-25,61.34000015258789,61.34000015258789,61.720001220703125,61.02000045776367,61.599998474121094,520000
2006-05-26,61.34000015258789,61.34000015258789,61.650001525878906,61.04999923706055,61.459999084472656,555000
2006-05-30,61.27000045776367,61.27000045776367,61.7400016784668,61.189998626708984,61.5,440000
2006-05-31,61.380001068115234,61.380001068115234,61.63999938964844,61.20000076293945,61.63999938964844,570000
2006-06-01,61.29999923706055,61.29999923706055,61.56999969482422,61.0,61.459999084472656,450000
2006-06-02,61.119998931884766,61.119998931884766,61.31999969482422,60.880001068115234,61.13999938964844,305000
2006-06-05,61.16999816894531,61.16999816894531,61.279998779296875,61.040000915527344,61.119998931884766,570000
2006-06-06,60.959999084472656,60.959999084472656,61.13999938964844,60.400001525878906,61.0,435000
2006-06-07,60.400001525878906,60.400001525878906,60.83000183105469,60.36000061035156,60.7599983215332,325000
2006-06-08,60.15999984741211,60.15999984741211,60.47999954223633,59.630001068115234,60.400001525878906,1015000
2006-06-09,60.439998626708984,60.439998626708984,60.599998474121094,60.119998931884766,60.13999938964844,445000
2006-06-12,60.459999084472656,60.459999084472656,60.619998931884766,60.36000061035156,60.36000061035156,365000
2006-06-13,60.290000915527344,60.290000915527344,60.599998474121094,59.79999923706055,60.15999984741211,795000
2006-06-14,60.099998474121094,60.099998474121094,60.220001220703125,59.86000061035156,60.13999938964844,1080000
2006-06-15,61.20000076293945,61.20000076293945,61.599998474121094,60.099998474121094,60.099998474121094,1460000
2006-06-16,61.119998931884766,61.119998931884766,61.18000030517578,60.81999969482422,61.08000183105469,485000
2006-06-19,61.7599983215332,61.7599983215332,61.779998779296875,61.15999984741211,61.2599983215332,985000
2006-06-20,61.599998474121094,61.599998474121094,61.70000076293945,61.2599983215332,61.63999938964844,985000
2006-06-21,61.68000030517578,61.68000030517578,61.70000076293945,61.34000015258789,61.400001525878906,1135000
2006-06-22,61.31999969482422,61.31999969482422,61.7400016784668,61.209999084472656,61.7400016784668,600000
2006-06-23,61.41999816894531,61.41999816894531,61.47999954223633,61.20000076293945,61.20000076293945,535000
2006-06-26,60.86000061035156,60.86000061035156,61.279998779296875,59.65999984741211,61.2400016784668,1620000
2006-06-27,60.86000061035156,60.86000061035156,61.279998779296875,60.79999923706055,60.79999923706055,1170000
2006-06-28,61.459999084472656,61.459999084472656,61.459999084472656,60.720001220703125,61.0,650000
2006-06-29,61.29999923706055,61.29999923706055,61.47999954223633,60.79999923706055,61.400001525878906,405000
2006-06-30,60.86000061035156,60.86000061035156,61.5,60.81999969482422,61.34000015258789,475000
2006-07-03,61.0,61.0,61.439998626708984,60.86000061035156,61.29999923706055,735000
2006-07-05,59.79999923706055,59.79999923706055,60.70000076293945,59.79999923706055,60.70000076293945,1405000
2006-07-06,60.130001068115234,60.130001068115234,60.29999923706055,60.02000045776367,60.099998474121094,415000
2006-07-07,60.099998474121094,60.099998474121094,60.18000030517578,59.900001525878906,59.959999084472656,735000
2006-07-10,60.68000030517578,60.68000030517578,60.91999816894531,60.08000183105469,60.099998474121094,470000
2006-07-11,60.58000183105469,60.58000183105469,60.68000030517578,60.400001525878906,60.400001525878906,475000
2006-07-12,60.290000915527344,60.290000915527344,60.65999984741211,60.22999954223633,60.58000183105469,365000
2006-07-13,59.97999954223633,59.97999954223633,60.380001068115234,59.560001373291016,60.279998779296875,795000
2006-07-14,59.900001525878906,59.900001525878906,60.0,59.58000183105469,60.0,820000
2006-07-17,60.13999938964844,60.13999938964844,60.2599983215332,59.63999938964844,59.720001220703125,415000
2006-07-18,60.2599983215332,60.2599983215332,60.36000061035156,59.900001525878906,60.20000076293945,495000
2006-07-19,60.599998474121094,60.599998474121094,60.70000076293945,60.20000076293945,60.20000076293945,655000
2006-07-20,60.540000915527344,60.540000915527344,60.70000076293945,60.29999923706055,60.599998474121094,795000
2006-07-21,60.130001068115234,60.130001068115234,60.439998626708984,59.63999938964844,60.400001525878906,825000
2006-07-24,60.599998474121094,60.599998474121094,60.90999984741211,59.959999084472656,60.040000915527344,915000
2006-07-25,60.5,60.5,60.75,60.5,60.560001373291016,285000
2006-07-26,60.70000076293945,60.70000076293945,60.939998626708984,60.29999923706055,60.47999954223633,860000
2006-07-27,60.900001525878906,60.900001525878906,60.900001525878906,60.47999954223633,60.63999938964844,985000
2006-07-28,60.86000061035156,60.86000061035156,61.0,60.70000076293945,60.70000076293945,715000
2006-07-31,60.939998626708984,60.939998626708984,61.41999816894531,60.70000076293945,60.70000076293945,580000
2006-08-01,60.90999984741211,60.90999984741211,61.29999923706055,60.779998779296875,60.939998626708984,460000
2006-08-02,60.81999969482422,60.81999969482422,61.20000076293945,60.65999984741211,60.90999984741211,530000
2006-08-03,60.84000015258789,60.84000015258789,61.060001373291016,60.7400016784668,60.900001525878906,595000
2006-08-04,61.0,61.0,61.099998474121094,60.84000015258789,60.84000015258789,665000
2006-08-07,61.70000076293945,61.70000076293945,61.79999923706055,61.2400016784668,61.400001525878906,1150000
2006-08-08,61.900001525878906,61.900001525878906,62.41999816894531,61.63999938964844,61.63999938964844,1010000
2006-08-09,61.900001525878906,61.900001525878906,62.119998931884766,61.599998474121094,61.900001525878906,425000
2006-08-10,62.060001373291016,62.060001373291016,62.060001373291016,61.459999084472656,61.70000076293945,415000
2006-08-11,62.040000915527344,62.040000915527344,62.04999923706055,61.81999969482422,61.900001525878906,455000
2006-08-14,61.599998474121094,61.599998474121094,62.099998474121094,61.52000045776367,62.040000915527344,525000
2006-08-15,61.560001373291016,61.560001373291016,61.7599983215332,61.31999969482422,61.5,780000
2006-08-16,62.900001525878906,62.900001525878906,63.2400016784668,61.5,61.5,1520000
2006-08-17,62.79999923706055,62.79999923706055,63.18000030517578,62.439998626708984,62.63999938964844,785000
2006-08-18,63.58000183105469,63.58000183105469,63.70000076293945,62.79999923706055,62.79999923706055,450000
2006-08-21,63.84000015258789,63.84000015258789,63.869998931884766,63.31999969482422,63.380001068115234,605000
2006-08-22,63.619998931884766,63.619998931884766,63.91999816894531,63.5099983215332,63.779998779296875,335000
2006-08-23,63.459999084472656,63.459999084472656,63.790000915527344,63.29999923706055,63.619998931884766,665000
2006-08-24,64.16000366210938,64.16000366210938,64.58000183105469,63.65999984741211,63.65999984741211,1590000
2006-08-25,64.04000091552734,64.04000091552734,64.27999877929688,63.70000076293945,64.27999877929688,570000
2006-08-28,63.93000030517578,63.93000030517578,64.30000305175781,63.43000030517578,64.04000091552734,705000
2006-08-29,64.08999633789062,64.08999633789062,64.12000274658203,63.7400016784668,63.7599983215332,445000
2006-08-30,63.939998626708984,63.939998626708984,64.0199966430664,63.84000015258789,63.91999816894531,355000
2006-08-31,64.06999969482422,64.06999969482422,64.12000274658203,63.79999923706055,63.86000061035156,840000
2006-09-01,63.900001525878906,63.900001525878906,64.0,63.720001220703125,63.86000061035156,585000
2006-09-05,64.26000213623047,64.26000213623047,64.27999877929688,63.720001220703125,63.7599983215332,720000
2006-09-06,64.0,64.0,64.26000213623047,63.939998626708984,64.26000213623047,260000
2006-09-07,64.01000213623047,64.01000213623047,64.06999969482422,63.7599983215332,63.900001525878906,275000
2006-09-08,64.13999938964844,64.13999938964844,64.16999816894531,63.84000015258789,64.0,380000
2006-09-11,64.12000274658203,64.12000274658203,64.54000091552734,63.79999923706055,64.08000183105469,475000
2006-09-12,64.19999694824219,64.19999694824219,64.4800033569336,63.900001525878906,64.12000274658203,505000
2006-09-13,64.4000015258789,64.4000015258789,64.4000015258789,63.880001068115234,64.0,565000
2006-09-14,64.5,64.5,64.68000030517578,64.30000305175781,64.4000015258789,305000
2006-09-15,64.30000305175781,64.30000305175781,64.76000213623047,64.30000305175781,64.5,430000
2006-09-18,63.7400016784668,63.7400016784668,64.58000183105469,63.63999938964844,64.5199966430664,810000
2006-09-19,62.79999923706055,62.79999923706055,63.7400016784668,62.79999923706055,63.7400016784668,775000
2006-09-20,63.279998779296875,63.279998779296875,63.540000915527344,62.81999969482422,62.81999969482422,605000
2006-09-21,62.779998779296875,62.779998779296875,63.220001220703125,62.61000061035156,63.18000030517578,1245000
2006-09-22,62.38999938964844,62.38999938964844,62.79999923706055,62.08000183105469,62.70000076293945,705000
2006-09-25,62.459999084472656,62.459999084472656,62.5,61.779998779296875,62.36000061035156,960000
2006-09-26,63.08000183105469,63.08000183105469,63.18000030517578,62.400001525878906,62.459999084472656,1010000
2006-09-27,63.38999938964844,63.38999938964844,63.459999084472656,62.7400016784668,62.79999923706055,590000
2006-09-28,63.2400016784668,63.2400016784668,63.79999923706055,63.040000915527344,63.560001373291016,450000
2006-09-29,63.47999954223633,63.47999954223633,64.0,63.439998626708984,63.599998474121094,510000
2006-10-02,63.5,63.5,64.19999694824219,63.29999923706055,63.400001525878906,780000
2006-10-03,64.79000091552734,64.79000091552734,64.80000305175781,63.439998626708984,63.70000076293945,1030000
2006-10-04,65.0,65.0,65.0,64.54000091552734,64.66000366210938,1165000
2006-10-05,65.5999984741211,65.5999984741211,66.5,64.94000244140625,65.0,1010000
2006-10-06,65.5999984741211,65.5999984741211,65.86000061035156,65.19999694824219,65.62000274658203,600000
2006-10-09,65.41999816894531,65.41999816894531,65.72000122070312,65.22000122070312,65.72000122070312,275000
2006-10-10,66.27999877929688,66.27999877929688,66.37999725341797,65.4800033569336,65.4800033569336,695000
2006-10-11,66.08000183105469,66.08000183105469,66.27999877929688,65.83999633789062,66.26000213623047,420000
2006-10-12,66.58000183105469,66.58000183105469,66.66000366210938,66.12000274658203,66.13999938964844,660000
2006-10-13,65.5999984741211,65.5999984741211,66.66000366210938,65.5999984741211,66.5999984741211,835000
2006-10-16,66.0199966430664,66.0199966430664,66.0999984741211,65.63999938964844,65.76000213623047,545000
2006-10-17,65.81999969482422,65.81999969482422,66.13999938964844,65.68000030517578,65.86000061035156,510000
2006-10-18,66.18000030517578,66.18000030517578,66.4000015258789,65.76000213623047,65.76000213623047,435000
2006-10-19,66.55999755859375,66.55999755859375,66.63999938964844,66.31999969482422,66.36000061035156,370000
2006-10-20,66.55999755859375,66.55999755859375,66.58000183105469,66.13999938964844,66.58000183105469,540000
2006-10-23,66.66000366210938,66.66000366210938,66.87999725341797,66.5,66.55999755859375,1065000
2006-10-24,67.0999984741211,67.0999984741211,67.30000305175781,66.75,66.76000213623047,1095000
2006-10-25,67.83999633789062,67.83999633789062,68.4000015258789,67.0,67.4000015258789,1050000
2006-10-26,69.80000305175781,69.80000305175781,69.91999816894531,68.44000244140625,68.5,1440000
2006-10-27,69.13999938964844,69.13999938964844,70.45999908447266,69.13999938964844,69.77999877929688,1035000
2006-10-30,69.63999938964844,69.63999938964844,70.0,68.9000015258789,69.0,785000
2006-10-31,70.30000305175781,70.30000305175781,70.44000244140625,69.91999816894531,70.19999694824219,800000
2006-11-01,69.86000061035156,69.86000061035156,70.41999816894531,69.55999755859375,70.19999694824219,1005000
2006-11-02,69.45999908447266,69.45999908447266,70.0199966430664,68.9000015258789,69.66000366210938,835000
2006-11-03,70.0199966430664,70.0199966430664,70.0999984741211,69.45999908447266,69.45999908447266,880000
2006-11-06,71.73999786376953,71.73999786376953,71.75,70.76000213623047,71.27999877929688,2005000
2006-11-07,71.41999816894531,71.41999816894531,71.6500015258789,71.04000091552734,71.19999694824219,1265000
2006-11-08,71.86000061035156,71.86000061035156,71.95999908447266,71.36000061035156,71.73999786376953,855000
2006-11-09,71.31999969482422,71.31999969482422,72.55999755859375,71.22000122070312,72.19999694824219,1285000
2006-11-10,71.4000015258789,71.4000015258789,72.2300033569336,71.22000122070312,71.72000122070312,760000
2006-11-13,70.95999908447266,70.95999908447266,72.0,70.77999877929688,71.91999816894531,675000
2006-11-14,71.19999694824219,71.19999694824219,71.19999694824219,70.44000244140625,71.19999694824219,585000
2006-11-15,71.4000015258789,71.4000015258789,71.44000244140625,70.95999908447266,71.19999694824219,525000
2006-11-16,71.29000091552734,71.29000091552734,71.81999969482422,71.19999694824219,71.76000213623047,545000
2006-11-17,71.16000366210938,71.16000366210938,71.4000015258789,71.04000091552734,71.12000274658203,360000
2006-11-20,71.43000030517578,71.43000030517578,71.5,71.18000030517578,71.45999908447266,630000
2006-11-21,71.62000274658203,71.62000274658203,71.86000061035156,71.36000061035156,71.86000061035156,600000
2006-11-22,71.86000061035156,71.86000061035156,71.9000015258789,71.4800033569336,71.72000122070312,345000
2006-11-24,71.75,71.75,71.86000061035156,71.5,71.86000061035156,185000
2006-11-27,71.13999938964844,71.13999938964844,72.05999755859375,70.5999984741211,72.05999755859375,790000
2006-11-28,70.63999938964844,70.63999938964844,71.06999969482422,70.2300033569336,71.06999969482422,940000
2006-11-29,70.37999725341797,70.37999725341797,70.76000213623047,70.13999938964844,70.5199966430664,905000
2006-11-30,71.0999984741211,71.0999984741211,71.43000030517578,70.16999816894531,70.30000305175781,1150000
2006-12-01,71.19999694824219,71.19999694824219,71.33999633789062,70.4000015258789,71.0999984741211,720000
2006-12-04,71.44000244140625,71.44000244140625,71.66000366210938,70.91999816894531,70.91999816894531,1135000
2006-12-05,72.08000183105469,72.08000183105469,72.23999786376953,71.30000305175781,71.30000305175781,1090000
2006-12-06,72.63999938964844,72.63999938964844,73.31999969482422,71.55999755859375,71.72000122070312,955000
2006-12-07,71.66000366210938,71.66000366210938,72.66000366210938,71.4000015258789,72.4000015258789,760000
2006-12-08,71.5,71.5,71.83000183105469,71.22000122070312,71.45999908447266,350000
2006-12-11,71.83999633789062,71.83999633789062,72.36000061035156,71.23999786376953,71.23999786376953,800000
2006-12-12,73.30000305175781,73.30000305175781,73.30000305175781,71.5999984741211,71.9000015258789,1095000
2006-12-13,73.26000213623047,73.26000213623047,73.4000015258789,72.68000030517578,72.80000305175781,925000
2006-12-14,73.5,73.5,73.55999755859375,73.04000091552734,73.05999755859375,1300000
2006-12-15,76.0,76.0,76.0,73.23999786376953,73.36000061035156,2365000
2006-12-18,75.62000274658203,75.62000274658203,76.5,75.54000091552734,76.5,1100000
2006-12-19,75.4000015258789,75.4000015258789,75.55999755859375,74.9000015258789,75.5199966430664,930000
2006-12-20,74.41999816894531,74.41999816894531,75.76000213623047,74.12000274658203,75.55999755859375,1295000
2006-12-21,73.16000366210938,73.16000366210938,74.76000213623047,72.83999633789062,74.0999984741211,980000
2006-12-22,73.19000244140625,73.19000244140625,73.5999984741211,72.94000244140625,73.31999969482422,630000
2006-12-26,73.18000030517578,73.18000030517578,73.23999786376953,71.81999969482422,73.13999938964844,565000
2006-12-27,73.27999877929688,73.27999877929688,73.66000366210938,73.16000366210938,73.66000366210938,450000
2006-12-28,73.3499984741211,73.3499984741211,73.63999938964844,73.04000091552734,73.63999938964844,525000
2006-12-29,73.31999969482422,73.31999969482422,73.31999969482422,72.5199966430664,73.19999694824219,430000
2007-01-03,72.86000061035156,72.86000061035156,73.72000122070312,72.5999984741211,73.55999755859375,1385000
2007-01-04,72.19999694824219,72.19999694824219,72.94000244140625,72.05999755859375,72.86000061035156,1070000
2007-01-05,71.55999755859375,71.55999755859375,72.66000366210938,71.26000213623047,72.66000366210938,930000
2007-01-08,71.72000122070312,71.72000122070312,71.9000015258789,71.5,71.81999969482422,760000
2007-01-09,73.0,73.0,73.04000091552734,71.66000366210938,71.72000122070312,610000
2007-01-10,73.0199966430664,73.0199966430664,73.18000030517578,72.30000305175781,73.0,775000
2007-01-11,73.4000015258789,73.4000015258789,73.4000015258789,73.0,73.08000183105469,570000
2007-01-12,73.36000061035156,73.36000061035156,73.4800033569336,73.0999984741211,73.4000015258789,460000
2007-01-16,72.37999725341797,72.37999725341797,73.63999938964844,72.31999969482422,73.4800033569336,800000
2007-01-17,72.41000366210938,72.41000366210938,73.16000366210938,72.37999725341797,72.37999725341797,730000
2007-01-18,72.66999816894531,72.66999816894531,73.0,72.41000366210938,72.5999984741211,515000
2007-01-19,73.12000274658203,73.12000274658203,73.16000366210938,72.62000274658203,72.80000305175781,420000
2007-01-22,72.80000305175781,72.80000305175781,73.33999633789062,72.4000015258789,73.30000305175781,675000
2007-01-23,72.4800033569336,72.4800033569336,72.80000305175781,72.30999755859375,72.80000305175781,720000
2007-01-24,71.62000274658203,71.62000274658203,72.69000244140625,71.31999969482422,72.66000366210938,1285000
2007-01-25,71.72000122070312,71.72000122070312,72.0,71.4000015258789,72.0,560000
2007-01-26,70.91000366210938,70.91000366210938,71.80000305175781,70.81999969482422,71.77999877929688,790000
2007-01-29,72.13999938964844,72.13999938964844,72.13999938964844,71.0199966430664,71.05000305175781,730000
2007-01-30,72.72000122070312,72.72000122070312,72.72000122070312,72.0199966430664,72.04000091552734,765000
2007-01-31,73.3499984741211,73.3499984741211,73.43000030517578,72.5999984741211,73.08000183105469,1115000
2007-02-01,73.62000274658203,73.62000274658203,73.80000305175781,73.0999984741211,73.43000030517578,650000
2007-02-02,72.63999938964844,72.63999938964844,73.72000122070312,72.4000015258789,73.68000030517578,890000
2007-02-05,72.48999786376953,72.48999786376953,72.81999969482422,72.0999984741211,72.81999969482422,580000
2007-02-06,72.63999938964844,72.63999938964844,72.72000122070312,72.0199966430664,72.48999786376953,730000
2007-02-07,72.4800033569336,72.4800033569336,72.66000366210938,72.27999877929688,72.36000061035156,735000
2007-02-08,72.22000122070312,72.22000122070312,72.5999984741211,72.08000183105469,72.08000183105469,495000
2007-02-09,72.69999694824219,72.69999694824219,72.83000183105469,72.3499984741211,72.55999755859375,715000
2007-02-12,72.4800033569336,72.4800033569336,72.95999908447266,72.27999877929688,72.94000244140625,410000
2007-02-13,72.19999694824219,72.19999694824219,72.72000122070312,72.0,72.5999984741211,450000
2007-02-14,72.19999694824219,72.19999694824219,72.4000015258789,72.0,72.4000015258789,795000
2007-02-15,71.19999694824219,71.19999694824219,72.37999725341797,71.04000091552734,72.0999984741211,1300000
2007-02-16,72.4000015258789,72.4000015258789,72.44000244140625,71.26000213623047,71.80000305175781,920000
2007-02-20,72.66000366210938,72.66000366210938,72.94999694824219,72.19999694824219,72.4000015258789,475000
2007-02-21,71.73999786376953,71.73999786376953,72.69000244140625,71.54000091552734,72.4800033569336,710000
2007-02-22,71.5,71.5,72.18000030517578,71.30000305175781,71.91999816894531,430000
2007-02-23,71.23999786376953,71.23999786376953,71.5,70.94000244140625,71.5,840000
2007-02-26,71.16000366210938,71.16000366210938,71.5,70.9000015258789,71.45999908447266,895000
2007-02-27,69.58000183105469,69.58000183105469,70.9000015258789,69.19999694824219,70.9000015258789,3035000
2007-02-28,70.45999908447266,70.45999908447266,70.8499984741211,69.9000015258789,70.27999877929688,1580000
2007-03-01,71.08000183105469,71.08000183105469,71.45999908447266,69.86000061035156,70.27999877929688,800000
2007-03-02,71.23999786376953,71.23999786376953,71.80000305175781,71.04000091552734,71.5199966430664,675000
2007-03-05,71.23999786376953,71.23999786376953,72.0199966430664,70.5,71.0,680000
2007-03-06,71.5199966430664,71.5199966430664,71.83999633789062,71.19999694824219,71.76000213623047,615000
2007-03-07,71.87999725341797,71.87999725341797,71.94999694824219,71.44000244140625,71.44000244140625,440000
2007-03-08,72.66000366210938,72.66000366210938,72.66000366210938,72.04000091552734,72.08000183105469,550000
2007-03-09,72.91999816894531,72.91999816894531,73.16000366210938,72.66000366210938,72.80000305175781,530000
2007-03-12,72.87999725341797,72.87999725341797,73.08000183105469,72.47000122070312,73.08000183105469,565000
2007-03-13,72.05999755859375,72.05999755859375,72.55999755859375,71.72000122070312,72.45999908447266,490000
2007-03-14,71.23999786376953,71.23999786376953,72.0,71.0,72.0,1030000
2007-03-15,71.0,71.0,71.58000183105469,70.95999908447266,71.58000183105469,425000
2007-03-16,70.63999938964844,70.63999938964844,71.26000213623047,70.4000015258789,71.0,625000
2007-03-19,71.9800033569336,71.9800033569336,72.11000061035156,70.72000122070312,70.72000122070312,765000
2007-03-20,71.9800033569336,71.9800033569336,72.04000091552734,71.0999984741211,71.83999633789062,725000
2007-03-21,72.87999725341797,72.87999725341797,72.87999725341797,71.5,72.0,1010000
2007-03-22,72.18000030517578,72.18000030517578,72.9800033569336,72.0999984741211,72.94000244140625,350000
2007-03-23,72.01000213623047,72.01000213623047,72.54000091552734,71.86000061035156,71.9000015258789,400000
2007-03-26,72.06999969482422,72.06999969482422,72.26000213623047,71.9000015258789,72.26000213623047,445000
2007-03-27,72.0999984741211,72.0999984741211,72.19999694824219,71.41000366210938,72.19999694824219,560000
2007-03-28,72.08000183105469,72.08000183105469,72.23999786376953,71.52999877929688,71.80000305175781,645000
2007-03-29,72.06999969482422,72.06999969482422,72.23999786376953,71.76000213623047,72.23999786376953,375000
2007-03-30,72.80000305175781,72.80000305175781,72.80000305175781,71.95999908447266,72.13999938964844,430000
2007-04-02,72.05999755859375,72.05999755859375,72.37999725341797,71.72000122070312,72.19999694824219,700000
2007-04-03,72.36000061035156,72.36000061035156,72.79000091552734,72.0999984741211,72.16000366210938,390000
2007-04-04,72.58000183105469,72.58000183105469,72.58000183105469,72.0999984741211,72.36000061035156,240000
2007-04-05,72.5199966430664,72.5199966430664,72.76000213623047,72.4000015258789,72.5999984741211,300000
2007-04-09,72.69999694824219,72.69999694824219,72.76000213623047,72.41999816894531,72.66000366210938,565000
2007-04-10,73.30000305175781,73.30000305175781,73.33999633789062,72.66000366210938,72.73999786376953,440000
2007-04-11,73.08000183105469,73.08000183105469,73.30000305175781,72.81999969482422,73.30000305175781,515000
2007-04-12,73.19999694824219,73.19999694824219,73.19999694824219,72.69999694824219,72.69999694824219,430000
2007-04-13,73.19999694824219,73.19999694824219,73.19999694824219,73.04000091552734,73.19999694824219,375000
2007-04-16,73.3499984741211,73.3499984741211,73.3499984741211,73.01000213623047,73.16000366210938,560000
2007-04-17,73.33999633789062,73.33999633789062,73.3499984741211,73.0199966430664,73.3499984741211,670000
2007-04-18,72.9000015258789,72.9000015258789,73.33999633789062,72.87999725341797,73.23999786376953,830000
2007-04-19,72.66000366210938,72.66000366210938,73.0999984741211,72.5,72.9800033569336,560000
2007-04-20,72.55999755859375,72.55999755859375,73.05999755859375,72.44999694824219,73.05999755859375,555000
2007-04-23,72.72000122070312,72.72000122070312,73.05000305175781,72.5999984741211,72.5999984741211,670000
2007-04-24,72.4800033569336,72.4800033569336,73.0,72.30000305175781,73.0,790000
2007-04-25,72.4000015258789,72.4000015258789,72.80000305175781,72.0999984741211,72.69999694824219,780000
2007-04-26,72.55999755859375,72.55999755859375,72.77999877929688,72.4000015258789,72.5,460000
2007-04-27,72.58999633789062,72.58999633789062,72.72000122070312,72.43000030517578,72.5999984741211,280000
2007-04-30,72.55999755859375,72.55999755859375,72.83999633789062,72.31999969482422,72.83999633789062,430000
2007-05-01,72.12000274658203,72.12000274658203,72.68000030517578,71.87999725341797,72.68000030517578,870000
2007-05-02,72.37999725341797,72.37999725341797,72.41999816894531,72.12000274658203,72.12000274658203,400000
2007-05-03,72.36000061035156,72.36000061035156,72.5999984741211,72.0,72.5999984741211,600000
2007-05-04,72.62000274658203,72.62000274658203,73.0,72.47000122070312,72.5,540000
2007-05-07,73.58000183105469,73.58000183105469,73.58999633789062,72.83000183105469,73.08000183105469,775000
2007-05-08,72.36000061035156,72.36000061035156,73.5,72.23999786376953,73.5,925000
2007-05-09,72.73999786376953,72.73999786376953,72.83999633789062,72.44000244140625,72.44000244140625,990000
2007-05-10,72.73999786376953,72.73999786376953,72.94000244140625,72.72000122070312,72.9000015258789,790000
2007-05-11,73.36000061035156,73.36000061035156,73.4800033569336,72.70999908447266,72.72000122070312,495000
2007-05-14,72.80000305175781,72.80000305175781,73.26000213623047,72.5999984741211,73.0999984741211,590000
2007-05-15,72.66000366210938,72.66000366210938,73.12000274658203,72.62000274658203,72.80000305175781,360000
2007-05-16,72.5999984741211,72.5999984741211,72.95999908447266,72.44000244140625,72.69999694824219,690000
2007-05-17,72.26000213623047,72.26000213623047,72.69999694824219,72.22000122070312,72.69999694824219,645000
2007-05-18,72.08999633789062,72.08999633789062,72.30000305175781,71.80000305175781,72.30000305175781,1410000
2007-05-21,72.62000274658203,72.62000274658203,72.62000274658203,72.08999633789062,72.19999694824219,745000
2007-05-22,72.87000274658203,72.87000274658203,73.19999694824219,72.62999725341797,72.68000030517578,755000
2007-05-23,72.77999877929688,72.77999877929688,72.9800033569336,72.56999969482422,72.80000305175781,345000
2007-05-24,72.44999694824219,72.44999694824219,72.7699966430664,72.27999877929688,72.66000366210938,470000
2007-05-25,73.19999694824219,73.19999694824219,73.19999694824219,72.25,72.36000061035156,475000
2007-05-29,72.68000030517578,72.68000030517578,72.9800033569336,72.45999908447266,72.9800033569336,400000
2007-05-30,72.55999755859375,72.55999755859375,72.66000366210938,72.36000061035156,72.5,440000
2007-05-31,72.5,72.5,72.73999786376953,72.44000244140625,72.69999694824219,325000
2007-06-01,72.69999694824219,72.69999694824219,73.0,72.4000015258789,72.5999984741211,935000
2007-06-04,72.88999938964844,72.88999938964844,72.9800033569336,72.5999984741211,72.62000274658203,395000
2007-06-05,72.37999725341797,72.37999725341797,72.91999816894531,72.27999877929688,72.91999816894531,755000
2007-06-06,72.12000274658203,72.12000274658203,72.45999908447266,72.08000183105469,72.19999694824219,650000
2007-06-07,72.54000091552734,72.54000091552734,72.54000091552734,72.04000091552734,72.05999755859375,1070000
2007-06-08,72.23999786376953,72.23999786376953,72.63999938964844,72.12000274658203,72.4000015258789,680000
2007-06-11,72.62999725341797,72.62999725341797,72.62999725341797,72.23999786376953,72.23999786376953,400000
2007-06-12,72.36000061035156,72.36000061035156,72.5199966430664,72.30000305175781,72.4800033569336,630000
2007-06-13,72.5,72.5,72.5,72.30000305175781,72.4000015258789,420000
2007-06-14,72.41999816894531,72.41999816894531,72.5,72.23999786376953,72.30000305175781,345000
2007-06-15,72.44000244140625,72.44000244140625,72.69999694824219,72.41999816894531,72.41999816894531,625000
2007-06-18,72.27999877929688,72.27999877929688,72.5,72.26000213623047,72.5,370000
2007-06-19,72.56999969482422,72.56999969482422,72.58000183105469,72.23999786376953,72.27999877929688,580000
2007-06-20,72.2300033569336,72.2300033569336,72.66000366210938,72.19999694824219,72.56999969482422,555000
2007-06-21,71.87999725341797,71.87999725341797,72.4000015258789,71.62000274658203,72.26000213623047,840000
2007-06-22,71.55999755859375,71.55999755859375,71.79000091552734,71.30000305175781,71.5,505000
2007-06-25,71.05999755859375,71.05999755859375,71.44000244140625,70.80000305175781,71.30000305175781,535000
2007-06-26,70.80999755859375,70.80999755859375,71.4800033569336,70.76000213623047,71.05999755859375,465000
2007-06-27,71.19999694824219,71.19999694824219,71.19999694824219,70.77999877929688,70.81999969482422,310000
2007-06-28,71.83999633789062,71.83999633789062,72.13999938964844,71.12000274658203,71.5999984741211,405000
2007-06-29,72.0999984741211,72.0999984741211,72.0999984741211,71.63999938964844,71.63999938964844,485000
2007-07-02,72.48999786376953,72.48999786376953,72.5,72.11000061035156,72.30000305175781,390000
2007-07-03,72.73999786376953,72.73999786376953,72.80000305175781,72.5199966430664,72.5199966430664,175000
2007-07-05,73.36000061035156,73.36000061035156,73.36000061035156,72.73999786376953,72.77999877929688,585000
2007-07-06,74.0999984741211,74.0999984741211,74.0999984741211,73.36000061035156,73.45999908447266,475000
2007-07-09,74.27999877929688,74.27999877929688,74.45999908447266,74.04000091552734,74.23999786376953,590000
2007-07-10,74.08000183105469,74.08000183105469,74.45999908447266,73.86000061035156,74.37999725341797,495000
2007-07-11,73.80000305175781,73.80000305175781,74.18000030517578,73.41999816894531,74.18000030517578,305000
2007-07-12,73.55000305175781,73.55000305175781,73.77999877929688,73.30000305175781,73.76000213623047,475000
2007-07-13,73.55000305175781,73.55000305175781,73.55000305175781,73.13999938964844,73.4000015258789,450000
2007-07-16,73.08000183105469,73.08000183105469,73.63999938964844,72.94000244140625,73.62000274658203,635000
2007-07-17,73.26000213623047,73.26000213623047,73.37999725341797,72.81999969482422,73.08000183105469,310000
2007-07-18,72.9800033569336,72.9800033569336,73.33999633789062,72.86000061035156,73.19999694824219,750000
2007-07-19,72.76000213623047,72.76000213623047,73.23999786376953,72.58000183105469,72.94000244140625,685000
2007-07-20,72.8499984741211,72.8499984741211,73.05999755859375,72.54000091552734,72.76000213623047,530000
2007-07-23,72.7699966430664,72.7699966430664,72.83999633789062,72.5,72.69999694824219,470000
2007-07-24,72.72000122070312,72.72000122070312,72.9000015258789,72.51000213623047,72.69999694824219,500000
2007-07-25,72.7699966430664,72.7699966430664,73.05999755859375,72.55999755859375,72.9800033569336,540000
2007-07-26,71.91000366210938,71.91000366210938,72.86000061035156,71.16000366210938,72.7699966430664,1795000
2007-07-27,72.30000305175781,72.30000305175781,72.5999984741211,71.86000061035156,72.19999694824219,710000
2007-07-30,71.9800033569336,71.9800033569336,72.69999694824219,71.72000122070312,72.69999694824219,610000
2007-07-31,72.08000183105469,72.08000183105469,72.13999938964844,71.80000305175781,72.04000091552734,590000
2007-08-01,71.98999786376953,71.98999786376953,72.27999877929688,71.80000305175781,71.95999908447266,355000
2007-08-02,71.76000213623047,71.76000213623047,72.0999984741211,71.73999786376953,71.9800033569336,385000
2007-08-03,71.9800033569336,71.9800033569336,72.08999633789062,71.5999984741211,71.91999816894531,1165000
2007-08-06,73.4000015258789,73.4000015258789,73.56999969482422,71.93000030517578,72.5999984741211,1680000
2007-08-07,73.83999633789062,73.83999633789062,73.83999633789062,73.01000213623047,73.41999816894531,1165000
2007-08-08,73.73999786376953,73.73999786376953,74.27999877929688,73.5199966430664,73.9800033569336,710000
2007-08-09,72.86000061035156,72.86000061035156,73.54000091552734,72.54000091552734,73.54000091552734,940000
2007-08-10,72.5,72.5,72.72000122070312,71.80000305175781,72.0,1175000
2007-08-13,72.77999877929688,72.77999877929688,73.72000122070312,72.77999877929688,72.9000015258789,430000
2007-08-14,72.56999969482422,72.56999969482422,73.19999694824219,72.36000061035156,72.77999877929688,630000
2007-08-15,73.0999984741211,73.0999984741211,73.62000274658203,72.16000366210938,72.36000061035156,615000
2007-08-16,75.83000183105469,75.83000183105469,75.94000244140625,73.30000305175781,73.37999725341797,2175000
2007-08-17,78.95999908447266,78.95999908447266,79.0,75.30000305175781,75.5,1290000
2007-08-20,79.23999786376953,79.23999786376953,79.4000015258789,77.69999694824219,79.19999694824219,1035000
2007-08-21,79.6500015258789,79.6500015258789,79.9800033569336,78.73999786376953,79.77999877929688,1105000
2007-08-22,78.77999877929688,78.77999877929688,80.0,78.26000213623047,80.0,990000
2007-08-23,78.9000015258789,78.9000015258789,79.45999908447266,78.4000015258789,78.76000213623047,560000
2007-08-24,79.9000015258789,79.9000015258789,79.9000015258789,78.80000305175781,79.0,625000
2007-08-27,79.30999755859375,79.30999755859375,80.0,78.9000015258789,80.0,1350000
2007-08-28,79.30000305175781,79.30000305175781,79.5199966430664,78.83999633789062,79.4800033569336,500000
2007-08-29,79.0,79.0,79.77999877929688,78.94000244140625,79.19999694824219,475000
2007-08-30,78.95999908447266,78.95999908447266,79.33999633789062,78.80999755859375,79.19999694824219,315000
2007-08-31,77.80000305175781,77.80000305175781,79.30000305175781,77.80000305175781,79.18000030517578,1300000
2007-09-04,79.13999938964844,79.13999938964844,79.62000274658203,77.94000244140625,77.95999908447266,990000
2007-09-05,79.58000183105469,79.58000183105469,79.72000122070312,79.08000183105469,79.30000305175781,355000
2007-09-06,79.98999786376953,79.98999786376953,80.0,79.4000015258789,79.69999694824219,465000
2007-09-07,79.58999633789062,79.58999633789062,79.77999877929688,79.4000015258789,79.72000122070312,530000
2007-09-10,78.86000061035156,78.86000061035156,79.77999877929688,78.80000305175781,79.77999877929688,755000
2007-09-11,78.97000122070312,78.97000122070312,79.37999725341797,78.73999786376953,79.37999725341797,450000
2007-09-12,78.97000122070312,78.97000122070312,79.2699966430664,78.76000213623047,78.9800033569336,455000
2007-09-13,79.13999938964844,79.13999938964844,79.30000305175781,78.63999938964844,78.9800033569336,405000
2007-09-14,79.91999816894531,79.91999816894531,79.95999908447266,78.4000015258789,78.9000015258789,755000
2007-09-17,78.94999694824219,78.94999694824219,79.9000015258789,78.76000213623047,79.9000015258789,490000
2007-09-18,79.04000091552734,79.04000091552734,79.25,78.4800033569336,78.94000244140625,1070000
2007-09-19,78.0,78.0,79.76000213623047,78.0,79.45999908447266,1145000
2007-09-20,78.30000305175781,78.30000305175781,79.08000183105469,78.18000030517578,78.19999694824219,790000
2007-09-21,77.80000305175781,77.80000305175781,79.0,77.80000305175781,78.23999786376953,990000
2007-09-24,78.08000183105469,78.08000183105469,78.44000244140625,77.77999877929688,77.81999969482422,1165000
2007-09-25,77.88999938964844,77.88999938964844,78.27999877929688,77.63999938964844,77.63999938964844,575000
2007-09-26,77.9800033569336,77.9800033569336,78.19999694824219,77.62000274658203,77.81999969482422,925000
2007-09-27,78.2699966430664,78.2699966430664,78.2699966430664,77.8499984741211,77.9800033569336,730000
2007-09-28,79.04000091552734,79.04000091552734,79.30000305175781,77.95999908447266,78.23999786376953,760000
2007-10-01,79.18000030517578,79.18000030517578,79.54000091552734,78.9800033569336,79.4000015258789,765000
2007-10-02,79.93000030517578,79.93000030517578,79.93000030517578,79.18000030517578,79.30000305175781,790000
2007-10-03,79.63999938964844,79.63999938964844,79.9800033569336,79.31999969482422,79.93000030517578,630000
2007-10-04,79.4000015258789,79.4000015258789,80.08000183105469,79.4000015258789,79.80000305175781,925000
2007-10-05,80.58000183105469,80.58000183105469,80.58000183105469,79.19999694824219,79.19999694824219,950000
2007-10-08,82.19999694824219,82.19999694824219,82.5199966430664,80.4800033569336,80.58000183105469,1035000
2007-10-09,81.77999877929688,81.77999877929688,82.4800033569336,81.33999633789062,81.83999633789062,1010000
2007-10-10,83.19999694824219,83.19999694824219,83.19999694824219,81.68000030517578,81.72000122070312,1115000
2007-10-11,83.9000015258789,83.9000015258789,84.19999694824219,83.08000183105469,83.19999694824219,645000
2007-10-12,84.68000030517578,84.68000030517578,85.80000305175781,84.0,84.0,1620000
2007-10-15,84.16000366210938,84.16000366210938,85.13999938964844,83.76000213623047,85.0,1010000
2007-10-16,84.63999938964844,84.63999938964844,84.94000244140625,84.04000091552734,84.23999786376953,695000
2007-10-17,86.69999694824219,86.69999694824219,86.69999694824219,85.05000305175781,85.0999984741211,1735000
2007-10-18,86.0,86.0,86.4800033569336,85.5,86.4000015258789,865000
2007-10-19,84.86000061035156,84.86000061035156,86.0999984741211,84.44000244140625,86.0999984741211,805000
2007-10-22,84.26000213623047,84.26000213623047,84.72000122070312,83.91999816894531,84.72000122070312,555000
2007-10-23,85.12000274658203,85.12000274658203,85.36000061035156,84.26000213623047,84.26000213623047,760000
2007-10-24,84.94000244140625,84.94000244140625,85.45999908447266,84.69999694824219,85.44000244140625,520000
2007-10-25,85.05000305175781,85.05000305175781,85.05000305175781,84.55999755859375,84.94000244140625,745000
2007-10-26,84.66000366210938,84.66000366210938,87.83000183105469,84.66000366210938,84.80000305175781,750000
2007-10-29,85.45999908447266,85.45999908447266,85.63999938964844,84.86000061035156,85.12000274658203,600000
2007-10-30,85.80000305175781,85.80000305175781,86.0,85.37999725341797,85.54000091552734,495000
2007-10-31,88.27999877929688,88.27999877929688,88.27999877929688,85.69999694824219,85.9000015258789,1035000
2007-11-01,87.54000091552734,87.54000091552734,88.72000122070312,87.33999633789062,88.0,1405000
2007-11-02,88.04000091552734,88.04000091552734,88.33999633789062,87.66000366210938,87.80000305175781,865000
2007-11-05,88.73999786376953,88.73999786376953,89.44000244140625,88.33999633789062,89.4000015258789,1840000
2007-11-06,89.47000122070312,89.47000122070312,89.69999694824219,88.73999786376953,88.77999877929688,2340000
2007-11-07,90.05999755859375,90.05999755859375,90.20999908447266,89.33999633789062,89.91999816894531,1065000
2007-11-08,89.69999694824219,89.69999694824219,90.54000091552734,89.19999694824219,90.05999755859375,1675000
2007-11-09,88.66000366210938,88.66000366210938,89.72000122070312,88.0,89.69999694824219,1705000
2007-11-12,89.37999725341797,89.37999725341797,89.55999755859375,87.4800033569336,88.13999938964844,1550000
2007-11-13,90.4800033569336,90.4800033569336,90.68000030517578,89.55999755859375,89.72000122070312,1615000
2007-11-14,91.4000015258789,91.4000015258789,91.77999877929688,90.19999694824219,90.66000366210938,2000000
2007-11-15,90.11000061035156,90.11000061035156,92.5,89.5999984741211,91.4800033569336,1190000
2007-11-16,90.87999725341797,90.87999725341797,90.95999908447266,90.36000061035156,90.91999816894531,895000
2007-11-19,91.30000305175781,91.30000305175781,91.30000305175781,90.54000091552734,90.87999725341797,1005000
2007-11-20,91.02999877929688,91.02999877929688,91.68000030517578,90.87999725341797,91.26000213623047,1270000
2007-11-21,89.43000030517578,89.43000030517578,91.0,89.30000305175781,91.0,1495000
2007-11-23,89.5,89.5,89.63999938964844,89.23999786376953,89.23999786376953,525000
2007-11-26,91.26000213623047,91.26000213623047,91.26000213623047,89.2300033569336,89.5999984741211,1490000
2007-11-27,91.54000091552734,91.54000091552734,91.58000183105469,91.04000091552734,91.4800033569336,975000
2007-11-28,91.5,91.5,92.44000244140625,91.4800033569336,91.4800033569336,1600000
2007-11-29,92.76000213623047,92.76000213623047,92.88999938964844,91.4000015258789,91.4000015258789,760000
2007-11-30,93.80000305175781,93.80000305175781,93.95999908447266,92.62000274658203,93.5,1035000
2007-12-03,95.0,95.0,96.30000305175781,93.80000305175781,94.12000274658203,1575000
2007-12-04,96.44999694824219,96.44999694824219,96.45999908447266,94.30000305175781,95.91999816894531,1505000
2007-12-05,98.0999984741211,98.0999984741211,98.5999984741211,97.16000366210938,97.19999694824219,1645000
2007-12-06,99.0199966430664,99.0199966430664,99.69999694824219,98.26000213623047,98.5999984741211,1170000
2007-12-07,99.0,99.0,100.72000122070312,98.95999908447266,99.9000015258789,1650000
2007-12-10,99.69999694824219,99.69999694824219,99.80000305175781,99.30000305175781,99.4000015258789,1075000
2007-12-11,98.44000244140625,98.44000244140625,101.18000030517578,98.44000244140625,100.19999694824219,1085000
2007-12-12,96.18000030517578,96.18000030517578,100.4000015258789,93.4000015258789,100.4000015258789,1675000
2007-12-13,94.69999694824219,94.69999694824219,96.0,92.5199966430664,96.0,1525000
2007-12-14,95.08000183105469,95.08000183105469,95.68000030517578,90.9000015258789,94.5199966430664,1515000
2007-12-17,90.5,90.5,93.0999984741211,89.19999694824219,93.0999984741211,1975000
2007-12-18,90.19999694824219,90.19999694824219,91.5,87.30000305175781,90.30000305175781,2215000
2007-12-19,89.55999755859375,89.55999755859375,90.19999694824219,88.63999938964844,90.19999694824219,595000
2007-12-20,88.81999969482422,88.81999969482422,90.19999694824219,87.66000366210938,90.19999694824219,1190000
2007-12-21,89.5,89.5,89.5,87.95999908447266,88.4000015258789,1385000
2007-12-24,90.80000305175781,90.80000305175781,91.4000015258789,89.5,89.66000366210938,745000
2007-12-26,91.4000015258789,91.4000015258789,92.76000213623047,91.08000183105469,91.95999908447266,1190000
2007-12-27,91.45999908447266,91.45999908447266,92.18000030517578,91.16000366210938,92.16000366210938,630000
2007-12-28,93.69999694824219,93.69999694824219,93.9000015258789,92.0,92.0,940000
2007-12-31,94.72000122070312,94.72000122070312,95.95999908447266,94.26000213623047,95.5,1050000
2008-01-02,92.0999984741211,92.0999984741211,94.9800033569336,90.66000366210938,94.80000305175781,1780000
2008-01-03,93.0,93.0,93.86000061035156,92.16000366210938,92.68000030517578,1040000
2008-01-04,91.0,91.0,92.83999633789062,89.76000213623047,92.83999633789062,1415000
2008-01-07,88.76000213623047,88.76000213623047,90.95999908447266,88.19999694824219,90.54000091552734,1285000
2008-01-08,88.30000305175781,88.30000305175781,89.55999755859375,87.5999984741211,88.4000015258789,1030000
2008-01-09,86.30000305175781,86.30000305175781,88.19999694824219,84.76000213623047,87.95999908447266,1475000
2008-01-10,89.22000122070312,89.22000122070312,89.9000015258789,85.0,86.55999755859375,1320000
2008-01-11,87.54000091552734,87.54000091552734,89.26000213623047,86.36000061035156,89.18000030517578,835000
2008-01-14,86.55000305175781,86.55000305175781,88.58000183105469,86.19999694824219,88.55999755859375,545000
2008-01-15,85.31999969482422,85.31999969482422,86.76000213623047,85.19999694824219,86.19999694824219,1075000
2008-01-16,84.5,84.5,85.4800033569336,83.5,84.5,1140000
2008-01-17,86.95999908447266,86.95999908447266,87.9000015258789,84.19999694824219,84.62000274658203,1455000
2008-01-18,88.0999984741211,88.0999984741211,90.0,87.41999816894531,88.31999969482422,1450000
2008-01-22,91.37999725341797,91.37999725341797,91.5999984741211,83.0,83.19999694824219,1970000
2008-01-23,92.0,92.0,92.69999694824219,89.0,89.19999694824219,1690000
2008-01-24,92.37999725341797,92.37999725341797,96.9800033569336,91.5199966430664,96.0,2090000
2008-01-25,92.5999984741211,92.5999984741211,93.19999694824219,92.19999694824219,92.5999984741211,1890000
2008-01-28,90.4000015258789,90.4000015258789,93.0999984741211,90.19999694824219,92.63999938964844,885000
2008-01-29,92.9000015258789,92.9000015258789,93.0,91.5,91.69999694824219,940000
2008-01-30,92.31999969482422,92.31999969482422,94.0,91.62000274658203,94.0,1175000
2008-01-31,91.0,91.0,94.19999694824219,91.0,94.19999694824219,1460000
2008-02-01,90.45999908447266,90.45999908447266,92.66000366210938,90.0,91.19999694824219,915000
2008-02-04,90.0199966430664,90.0199966430664,92.12999725341797,90.0199966430664,91.0,700000
2008-02-05,90.9000015258789,90.9000015258789,91.04000091552734,89.44000244140625,90.04000091552734,845000
2008-02-06,90.80000305175781,90.80000305175781,91.54000091552734,89.62000274658203,91.19999694824219,605000
2008-02-07,90.76000213623047,90.76000213623047,91.76000213623047,89.33999633789062,90.5999984741211,735000
2008-02-08,91.83999633789062,91.83999633789062,92.22000122070312,91.0,91.66000366210938,705000
2008-02-11,92.9000015258789,92.9000015258789,92.94000244140625,91.30000305175781,92.80000305175781,820000
2008-02-12,93.18000030517578,93.18000030517578,93.4000015258789,92.83999633789062,93.0999984741211,1530000
2008-02-13,95.36000061035156,95.36000061035156,96.5999984741211,93.22000122070312,93.37999725341797,2540000
2008-02-14,95.37999725341797,95.37999725341797,96.77999877929688,95.0,96.0,1440000
2008-02-15,95.9000015258789,95.9000015258789,95.9000015258789,93.55999755859375,95.5999984741211,770000
2008-02-19,95.80000305175781,95.80000305175781,97.16000366210938,94.19999694824219,96.80000305175781,840000
2008-02-20,95.5,95.5,96.05999755859375,95.0,95.5999984741211,600000
2008-02-21,94.0199966430664,94.0199966430664,96.0,94.0,96.0,630000
2008-02-22,92.95999908447266,92.95999908447266,94.54000091552734,92.0,94.0199966430664,645000
2008-02-25,93.12000274658203,93.12000274658203,93.95999908447266,92.0999984741211,93.45999908447266,600000
2008-02-26,92.5199966430664,92.5199966430664,93.19999694824219,92.4000015258789,92.45999908447266,710000
2008-02-27,93.68000030517578,93.68000030517578,93.88999938964844,92.41999816894531,92.5199966430664,545000
2008-02-28,93.19999694824219,93.19999694824219,93.95999908447266,92.80000305175781,93.66000366210938,695000
2008-02-29,93.48999786376953,93.48999786376953,93.77999877929688,92.5,93.0999984741211,910000
2008-03-03,90.18000030517578,90.18000030517578,92.04000091552734,89.04000091552734,92.04000091552734,2075000
2008-03-04,91.5,91.5,91.5,89.55999755859375,90.0,1295000
2008-03-05,92.18000030517578,92.18000030517578,92.4000015258789,90.9800033569336,92.12000274658203,950000
2008-03-06,90.44000244140625,90.44000244140625,92.13999938964844,90.05999755859375,92.13999938964844,760000
2008-03-07,89.23999786376953,89.23999786376953,90.37999725341797,89.0,89.69999694824219,1005000
2008-03-10,87.26000213623047,87.26000213623047,89.18000030517578,86.86000061035156,88.91999816894531,1140000
2008-03-11,88.0,88.0,88.73999786376953,87.0,87.80000305175781,1280000
2008-03-12,87.13999938964844,87.13999938964844,88.58000183105469,86.80000305175781,88.5,910000
2008-03-13,86.68000030517578,86.68000030517578,87.37999725341797,86.0,86.66000366210938,810000
2008-03-14,86.36000061035156,86.36000061035156,86.80000305175781,85.5999984741211,86.80000305175781,1150000
2008-03-17,84.9000015258789,84.9000015258789,86.36000061035156,84.5999984741211,84.9000015258789,1420000
2008-03-18,86.11000061035156,86.11000061035156,87.0,84.91999816894531,84.91999816894531,940000
2008-03-19,85.30999755859375,85.30999755859375,87.19999694824219,85.19999694824219,87.19999694824219,1015000
2008-03-20,86.95999908447266,86.95999908447266,87.0,85.0199966430664,85.30000305175781,1485000
2008-03-24,86.81999969482422,86.81999969482422,87.94000244140625,86.41999816894531,87.54000091552734,1110000
2008-03-25,86.0,86.0,87.55999755859375,86.0,87.0999984741211,1160000
2008-03-26,85.63999938964844,85.63999938964844,86.38999938964844,85.5,86.30000305175781,1005000
2008-03-27,87.4000015258789,87.4000015258789,87.5,85.55999755859375,86.0,1010000
2008-03-28,89.04000091552734,89.04000091552734,89.26000213623047,87.30000305175781,87.4000015258789,905000
2008-03-31,89.45999908447266,89.45999908447266,90.1500015258789,89.02999877929688,89.58000183105469,1135000
2008-04-01,88.80000305175781,88.80000305175781,90.37999725341797,87.5999984741211,90.0,1815000
2008-04-02,87.29000091552734,87.29000091552734,89.0999984741211,87.0999984741211,89.0999984741211,1535000
2008-04-03,86.83999633789062,86.83999633789062,87.69999694824219,86.5199966430664,87.0999984741211,910000
2008-04-04,87.37999725341797,87.37999725341797,87.5999984741211,86.80000305175781,87.19999694824219,820000
2008-04-07,88.0999984741211,88.0999984741211,88.27999877929688,86.5999984741211,87.91999816894531,740000
2008-04-08,88.30000305175781,88.30000305175781,88.5999984741211,87.33999633789062,88.5999984741211,835000
2008-04-09,87.80000305175781,87.80000305175781,88.5999984741211,87.19999694824219,88.4000015258789,805000
2008-04-10,87.58000183105469,87.58000183105469,88.19999694824219,87.0,87.87999725341797,720000
2008-04-11,87.08000183105469,87.08000183105469,87.77999877929688,86.0199966430664,87.30000305175781,740000
2008-04-14,85.72000122070312,85.72000122070312,87.5,85.55000305175781,87.4800033569336,1075000
2008-04-15,85.80000305175781,85.80000305175781,86.0,85.22000122070312,85.73999786376953,765000
2008-04-16,86.4000015258789,86.4000015258789,86.4000015258789,85.81999969482422,86.0,905000
2008-04-17,85.63999938964844,85.63999938964844,86.29000091552734,85.41999816894531,86.27999877929688,825000
2008-04-18,85.76000213623047,85.76000213623047,86.0999984741211,85.55999755859375,86.0999984741211,1115000
2008-04-21,85.5,85.5,85.95999908447266,85.20999908447266,85.86000061035156,740000
2008-04-22,84.81999969482422,84.81999969482422,85.72000122070312,84.66000366210938,85.72000122070312,745000
2008-04-23,84.72000122070312,84.72000122070312,85.1500015258789,84.44000244140625,84.94000244140625,700000
2008-04-24,84.5,84.5,85.33999633789062,84.23999786376953,85.33999633789062,830000
2008-04-25,84.5999984741211,84.5999984741211,84.76000213623047,84.4000015258789,84.5,770000
2008-04-28,85.41999816894531,85.41999816894531,85.86000061035156,84.80000305175781,85.0,1055000
2008-04-29,87.66000366210938,87.66000366210938,87.66000366210938,85.69999694824219,85.9800033569336,880000
2008-04-30,89.13999938964844,89.13999938964844,89.13999938964844,87.5999984741211,88.12000274658203,1345000
2008-05-01,89.19999694824219,89.19999694824219,89.44000244140625,88.19999694824219,89.18000030517578,740000
2008-05-02,88.95999908447266,88.95999908447266,90.04000091552734,88.30000305175781,90.0,920000
2008-05-05,86.66999816894531,86.66999816894531,88.95999908447266,86.33999633789062,88.95999908447266,1425000
2008-05-06,86.9000015258789,86.9000015258789,87.0999984741211,86.0999984741211,87.0999984741211,1685000
2008-05-07,85.25,85.25,87.23999786376953,85.19999694824219,87.23999786376953,1595000
2008-05-08,85.5999984741211,85.5999984741211,86.08000183105469,85.25,85.80000305175781,1085000
2008-05-09,83.58000183105469,83.58000183105469,85.87999725341797,83.5,85.62000274658203,1840000
2008-05-12,81.9000015258789,81.9000015258789,83.69999694824219,81.73999786376953,83.33999633789062,1945000
2008-05-13,82.95999908447266,82.95999908447266,83.69999694824219,82.19999694824219,82.19999694824219,1135000
2008-05-14,82.38999938964844,82.38999938964844,84.0,82.19999694824219,83.48999786376953,2000000
2008-05-15,81.30000305175781,81.30000305175781,83.76000213623047,80.91999816894531,82.80000305175781,2045000
2008-05-16,81.54000091552734,81.54000091552734,82.12000274658203,80.80000305175781,81.4000015258789,1570000
2008-05-19,82.38999938964844,82.38999938964844,82.9000015258789,82.0999984741211,82.0999984741211,1345000
2008-05-20,82.0199966430664,82.0199966430664,83.33999633789062,81.62000274658203,83.13999938964844,1390000
2008-05-21,81.19999694824219,81.19999694824219,82.08000183105469,80.69999694824219,82.0,1175000
2008-05-22,82.11000061035156,82.11000061035156,82.12000274658203,80.80000305175781,81.27999877929688,1070000
2008-05-23,82.5999984741211,82.5999984741211,83.69999694824219,81.62000274658203,82.36000061035156,1535000
2008-05-27,85.9000015258789,85.9000015258789,85.9000015258789,81.69999694824219,82.4000015258789,3015000
2008-05-28,86.76000213623047,86.76000213623047,86.80000305175781,85.45999908447266,85.9000015258789,2350000
2008-05-29,88.0199966430664,88.0199966430664,88.29000091552734,86.43000030517578,86.80000305175781,2265000
2008-05-30,89.95999908447266,89.95999908447266,90.4000015258789,87.44000244140625,89.0999984741211,8935000
2008-06-02,87.80000305175781,87.80000305175781,90.4000015258789,86.9000015258789,89.68000030517578,1850000
2008-06-03,89.4000015258789,89.4000015258789,90.04000091552734,87.41999816894531,87.80000305175781,1840000
2008-06-04,87.0,87.0,89.19000244140625,87.0,88.80000305175781,1620000
2008-06-05,87.0999984741211,87.0999984741211,87.9800033569336,86.63999938964844,87.5999984741211,1350000
2008-06-06,85.72000122070312,85.72000122070312,86.83999633789062,85.5999984741211,86.5999984741211,775000
2008-06-09,84.83999633789062,84.83999633789062,85.72000122070312,84.0,85.69999694824219,1060000
2008-06-10,84.5,84.5,85.63999938964844,84.0,84.13999938964844,835000
2008-06-11,84.4000015258789,84.4000015258789,85.5199966430664,84.0,84.81999969482422,930000
2008-06-12,84.5,84.5,84.9000015258789,84.0,84.45999908447266,1470000
2008-06-13,84.94000244140625,84.94000244140625,85.0,84.0999984741211,84.4800033569336,1010000
2008-06-16,83.95999908447266,83.95999908447266,85.04000091552734,83.76000213623047,84.5999984741211,775000
2008-06-17,84.13999938964844,84.13999938964844,84.69999694824219,83.91999816894531,84.27999877929688,915000
2008-06-18,83.9800033569336,83.9800033569336,84.13999938964844,82.0999984741211,84.08000183105469,1385000
2008-06-19,83.26000213623047,83.26000213623047,83.83999633789062,80.19999694824219,83.69999694824219,590000
2008-06-20,83.08000183105469,83.08000183105469,83.5,82.30000305175781,83.26000213623047,910000
2008-06-23,81.30000305175781,81.30000305175781,83.30999755859375,81.0999984741211,82.9800033569336,950000
2008-06-24,81.83999633789062,81.83999633789062,81.9800033569336,80.33000183105469,81.30000305175781,900000
2008-06-25,81.33999633789062,81.33999633789062,82.9000015258789,81.19999694824219,81.69999694824219,710000
2008-06-26,80.75,80.75,81.55999755859375,80.05999755859375,81.16000366210938,1310000
2008-06-27,80.33000183105469,80.33000183105469,81.5999984741211,80.0199966430664,80.4000015258789,1200000
2008-06-30,80.23999786376953,80.23999786376953,80.33999633789062,79.5999984741211,80.04000091552734,1210000
2008-07-01,79.9800033569336,79.9800033569336,80.19999694824219,79.30000305175781,79.63999938964844,1240000
2008-07-02,78.95999908447266,78.95999908447266,80.0,78.80999755859375,79.63999938964844,1200000
2008-07-03,77.9000015258789,77.9000015258789,78.94000244140625,76.02999877929688,78.80000305175781,1875000
2008-07-07,78.81999969482422,78.81999969482422,79.80000305175781,77.0,78.72000122070312,1835000
2008-07-08,79.33999633789062,79.33999633789062,79.62000274658203,78.55999755859375,78.9000015258789,1270000
2008-07-09,79.69999694824219,79.69999694824219,80.0,79.13999938964844,79.33999633789062,770000
2008-07-10,79.4800033569336,79.4800033569336,81.83999633789062,79.12000274658203,79.68000030517578,610000
2008-07-11,78.18000030517578,78.18000030517578,79.4800033569336,77.5199966430664,79.4800033569336,1030000
2008-07-14,77.13999938964844,77.13999938964844,78.69999694824219,76.69999694824219,78.0999984741211,1290000
2008-07-15,76.63999938964844,76.63999938964844,77.4800033569336,74.5999984741211,76.5999984741211,2030000
2008-07-16,75.80000305175781,75.80000305175781,76.9800033569336,75.0,75.76000213623047,1790000
2008-07-17,77.30000305175781,77.30000305175781,78.0,75.58000183105469,77.80000305175781,1395000
2008-07-18,78.27999877929688,78.27999877929688,78.4800033569336,77.31999969482422,77.80000305175781,1625000
2008-07-21,78.73999786376953,78.73999786376953,79.36000061035156,78.19999694824219,78.5,1010000
2008-07-22,78.72000122070312,78.72000122070312,79.0,77.23999786376953,78.44000244140625,1070000
2008-07-23,78.5,78.5,79.55999755859375,78.16000366210938,79.55999755859375,2715000
2008-07-24,76.91999816894531,76.91999816894531,78.87999725341797,76.73999786376953,78.80000305175781,1005000
2008-07-25,75.4000015258789,75.4000015258789,77.41999816894531,75.0,77.19999694824219,1265000
2008-07-28,74.5999984741211,74.5999984741211,75.5,74.0199966430664,75.4000015258789,1125000
2008-07-29,74.30000305175781,74.30000305175781,75.0,74.13999938964844,75.0,1155000
2008-07-30,76.0999984741211,76.0999984741211,76.0999984741211,74.0999984741211,74.66000366210938,2240000
2008-07-31,76.58000183105469,76.58000183105469,77.5999984741211,74.80000305175781,75.86000061035156,1225000
2008-08-01,77.73999786376953,77.73999786376953,78.0999984741211,76.45999908447266,76.9000015258789,845000
2008-08-04,76.54000091552734,76.54000091552734,78.16000366210938,76.1500015258789,77.9000015258789,530000
2008-08-05,76.9800033569336,76.9800033569336,77.4000015258789,76.31999969482422,76.5,1560000
2008-08-06,77.55999755859375,77.55999755859375,77.55999755859375,76.33999633789062,77.16000366210938,800000
2008-08-07,77.08000183105469,77.08000183105469,77.4000015258789,75.22000122070312,77.0999984741211,1880000
2008-08-08,76.95999908447266,76.95999908447266,77.19999694824219,75.0999984741211,76.68000030517578,1125000
2008-08-11,78.19999694824219,78.19999694824219,78.95999908447266,76.76000213623047,77.19999694824219,1655000
2008-08-12,76.76000213623047,76.76000213623047,78.69999694824219,76.5,78.5999984741211,885000
2008-08-13,76.0999984741211,76.0999984741211,77.4800033569336,75.69999694824219,77.4000015258789,1405000
2008-08-14,77.86000061035156,77.86000061035156,78.0,75.7699966430664,76.0999984741211,1070000
2008-08-15,80.0,80.0,80.0,77.91999816894531,78.0999984741211,1160000
2008-08-18,78.4800033569336,78.4800033569336,79.94000244140625,78.0199966430664,79.94000244140625,800000
2008-08-19,78.0,78.0,78.86000061035156,77.27999877929688,78.5999984741211,870000
2008-08-20,77.0999984741211,77.0999984741211,78.16000366210938,76.9000015258789,77.69999694824219,855000
2008-08-21,76.69999694824219,76.69999694824219,77.19999694824219,76.36000061035156,76.9000015258789,700000
2008-08-22,77.4000015258789,77.4000015258789,77.9000015258789,76.9000015258789,76.9000015258789,640000
2008-08-25,77.33000183105469,77.33000183105469,77.55999755859375,76.5199966430664,77.0999984741211,1050000
2008-08-26,77.04000091552734,77.04000091552734,77.27999877929688,76.51000213623047,77.0,770000
2008-08-27,77.0999984741211,77.0999984741211,77.76000213623047,76.0,76.0,895000
2008-08-28,78.5999984741211,78.5999984741211,78.66000366210938,77.33000183105469,77.36000061035156,885000
2008-08-29,78.04000091552734,78.04000091552734,78.76000213623047,77.26000213623047,78.55999755859375,845000
2008-09-02,79.98999786376953,79.98999786376953,80.0,78.5,78.5,1515000
2008-09-03,80.29000091552734,80.29000091552734,80.29000091552734,78.76000213623047,79.95999908447266,890000
2008-09-04,78.91999816894531,78.91999816894531,80.63999938964844,78.01000213623047,80.0,975000
2008-09-05,78.23999786376953,78.23999786376953,78.77999877929688,77.77999877929688,78.5999984741211,820000
2008-09-08,79.91999816894531,79.91999816894531,80.4000015258789,78.63999938964844,80.19999694824219,1275000
2008-09-09,79.06999969482422,79.06999969482422,79.9800033569336,78.5,79.9800033569336,915000
2008-09-10,77.9000015258789,77.9000015258789,78.9000015258789,77.9000015258789,78.44000244140625,1465000
2008-09-11,78.22000122070312,78.22000122070312,78.22000122070312,77.0,77.30000305175781,695000
2008-09-12,79.5999984741211,79.5999984741211,79.83999633789062,77.5199966430664,77.80000305175781,1875000
2008-09-15,80.30000305175781,80.30000305175781,82.08000183105469,76.4000015258789,77.0,2510000
2008-09-16,83.5,83.5,83.5,78.91999816894531,79.9000015258789,2745000
2008-09-17,83.30000305175781,83.30000305175781,84.0,81.91999816894531,84.0,2700000
2008-09-18,85.0,85.0,85.9800033569336,80.94000244140625,83.5999984741211,2975000
2008-09-19,91.9000015258789,91.9000015258789,91.9000015258789,85.5999984741211,89.80000305175781,3505000
2008-09-22,87.0999984741211,87.0999984741211,89.69000244140625,84.5,89.0,1935000
2008-09-23,86.0,86.0,87.0999984741211,84.54000091552734,85.0,1085000
2008-09-24,89.5,89.5,90.0,88.0,90.0,2250000
2008-09-25,88.80000305175781,88.80000305175781,90.08000183105469,87.81999969482422,89.5,1540000
2008-09-26,88.5,88.5,89.48999786376953,86.63999938964844,86.80000305175781,1050000
2008-09-29,89.16000366210938,89.16000366210938,89.16000366210938,86.0,87.95999908447266,1715000
2008-09-30,87.9000015258789,87.9000015258789,89.0,86.5999984741211,89.0,1770000
2008-10-01,91.30000305175781,91.30000305175781,91.4800033569336,87.31999969482422,88.19999694824219,2865000
2008-10-02,92.16000366210938,92.16000366210938,92.5,90.0,91.5,3695000
2008-10-03,93.0,93.0,94.0,91.4000015258789,92.36000061035156,2630000
2008-10-06,87.80000305175781,87.80000305175781,88.9000015258789,85.19999694824219,88.80000305175781,3105000
2008-10-07,82.5,82.5,87.77999877929688,82.0,86.5999984741211,2460000
2008-10-08,78.5999984741211,78.5999984741211,82.0,78.0,79.5999984741211,3570000
2008-10-09,77.0999984741211,77.0999984741211,81.95999908447266,73.5,81.9000015258789,4110000
2008-10-10,75.5999984741211,75.5999984741211,76.95999908447266,60.0,60.0,6525000
2008-10-13,78.9000015258789,78.9000015258789,81.80000305175781,78.80000305175781,81.5999984741211,3650000
2008-10-14,79.16000366210938,79.16000366210938,81.63999938964844,78.22000122070312,81.5999984741211,2860000
2008-10-15,75.91999816894531,75.91999816894531,79.0,75.5999984741211,79.0,1530000
2008-10-16,75.30000305175781,75.30000305175781,75.77999877929688,72.62000274658203,75.5999984741211,2015000
2008-10-17,79.5199966430664,79.5199966430664,80.45999908447266,74.0199966430664,74.5999984741211,1890000
2008-10-20,82.58000183105469,82.58000183105469,82.63999938964844,80.4000015258789,80.80000305175781,1950000
2008-10-21,81.19999694824219,81.19999694824219,83.55999755859375,80.5999984741211,82.55999755859375,1615000
2008-10-22,78.97000122070312,78.97000122070312,79.69999694824219,76.94000244140625,79.69999694824219,1380000
2008-10-23,77.0,77.0,78.91999816894531,74.94000244140625,77.0,1995000
2008-10-24,74.26000213623047,74.26000213623047,75.80000305175781,73.13999938964844,73.19999694824219,2450000
2008-10-27,70.4000015258789,70.4000015258789,74.0999984741211,70.22000122070312,73.0999984741211,2755000
2008-10-28,70.19999694824219,70.19999694824219,72.77999877929688,68.16000366210938,70.5999984741211,3295000
2008-10-29,73.9000015258789,73.9000015258789,74.36000061035156,71.19999694824219,71.80000305175781,2010000
2008-10-30,74.5999984741211,74.5999984741211,76.16000366210938,72.68000030517578,75.5999984741211,1865000
2008-10-31,76.80000305175781,76.80000305175781,76.9800033569336,73.4000015258789,73.4000015258789,1935000
2008-11-03,77.19999694824219,77.19999694824219,78.36000061035156,75.80000305175781,76.0,1665000
2008-11-04,79.0,79.0,79.37999725341797,77.0199966430664,78.0,1240000
2008-11-05,77.80000305175781,77.80000305175781,79.0,76.76000213623047,78.5999984741211,1150000
2008-11-06,74.0,74.0,77.36000061035156,74.0,76.0,1740000
2008-11-07,73.72000122070312,73.72000122070312,75.30000305175781,73.04000091552734,74.19999694824219,2195000
2008-11-10,70.77999877929688,70.77999877929688,73.5999984741211,70.4000015258789,73.0199966430664,1945000
2008-11-11,69.19999694824219,69.19999694824219,70.19999694824219,68.0,70.0999984741211,3105000
2008-11-12,67.19999694824219,67.19999694824219,69.0,66.66999816894531,68.30000305175781,2600000
2008-11-13,68.5,68.5,68.5,62.220001220703125,66.0199966430664,4305000
2008-11-14,67.77999877929688,67.77999877929688,68.69999694824219,66.04000091552734,67.69999694824219,2200000
2008-11-17,62.79999923706055,62.79999923706055,66.18000030517578,62.7599983215332,66.0199966430664,2095000
2008-11-18,62.5,62.5,64.19999694824219,60.20000076293945,62.400001525878906,3140000
2008-11-19,55.65999984741211,55.65999984741211,61.540000915527344,55.20000076293945,60.900001525878906,5480000
2008-11-20,52.400001525878906,52.400001525878906,55.939998626708984,49.02000045776367,54.0,9165000
2008-11-21,58.279998779296875,58.279998779296875,58.400001525878906,52.099998474121094,53.599998474121094,4650000
2008-11-24,59.0,59.0,64.94000244140625,59.0,60.79999923706055,5740000
2008-11-25,64.27999877929688,64.27999877929688,64.80000305175781,60.13999938964844,60.20000076293945,2685000
2008-11-26,67.19999694824219,67.19999694824219,67.66000366210938,62.0,62.20000076293945,2500000
2008-11-28,69.9800033569336,69.9800033569336,69.9800033569336,65.41999816894531,66.4000015258789,1205000
2008-12-01,65.5999984741211,65.5999984741211,67.45999908447266,62.369998931884766,65.0,1990000
2008-12-02,66.72000122070312,66.72000122070312,68.05999755859375,64.0,65.19999694824219,2220000
2008-12-03,67.51000213623047,67.51000213623047,68.4000015258789,65.04000091552734,65.19999694824219,2505000
2008-12-04,65.5999984741211,65.5999984741211,68.36000061035156,64.19999694824219,66.19999694824219,1405000
2008-12-05,67.19999694824219,67.19999694824219,68.18000030517578,62.20000076293945,63.79999923706055,2070000
2008-12-08,70.79000091552734,70.79000091552734,71.08000183105469,67.63999938964844,68.0999984741211,2985000
2008-12-09,70.86000061035156,70.86000061035156,71.19999694824219,68.54000091552734,69.19999694824219,2085000
2008-12-10,68.9000015258789,68.9000015258789,71.08000183105469,68.23999786376953,70.4000015258789,1710000
2008-12-11,66.80000305175781,66.80000305175781,68.55999755859375,64.87999725341797,66.5999984741211,1665000
2008-12-12,64.83999633789062,64.83999633789062,66.9800033569336,63.0,63.099998474121094,1935000
2008-12-15,63.31999969482422,63.31999969482422,65.7699966430664,62.599998474121094,64.19999694824219,2080000
2008-12-16,66.55999755859375,66.55999755859375,66.83999633789062,63.31999969482422,63.400001525878906,2155000
2008-12-17,66.0,66.0,66.9800033569336,65.0999984741211,65.0999984741211,1240000
2008-12-18,65.5999984741211,65.5999984741211,66.91999816894531,63.79999923706055,66.30000305175781,1315000
2008-12-19,64.23999786376953,64.23999786376953,66.37999725341797,63.599998474121094,65.5999984741211,1225000
2008-12-22,63.97999954223633,63.97999954223633,65.0,62.040000915527344,64.5999984741211,1200000
2008-12-23,62.86000061035156,62.86000061035156,63.599998474121094,60.959999084472656,63.29999923706055,1170000
2008-12-24,62.29999923706055,62.29999923706055,63.380001068115234,62.15999984741211,62.900001525878906,495000
2008-12-26,62.2599983215332,62.2599983215332,62.84000015258789,61.599998474121094,62.2400016784668,520000
2008-12-29,61.7599983215332,61.7599983215332,62.900001525878906,60.79999923706055,62.79999923706055,1270000
2008-12-30,61.119998931884766,61.119998931884766,62.68000030517578,60.20000076293945,62.099998474121094,1910000
2008-12-31,64.27999877929688,64.27999877929688,64.95999908447266,60.0,60.79999923706055,2005000
2009-01-02,66.45999908447266,66.45999908447266,66.72000122070312,63.599998474121094,64.0999984741211,1355000
2009-01-05,66.9800033569336,66.9800033569336,68.0999984741211,65.81999969482422,66.86000061035156,1435000
2009-01-06,66.66000366210938,66.66000366210938,68.31999969482422,66.33999633789062,67.69999694824219,1100000
2009-01-07,63.79999923706055,63.79999923706055,66.66000366210938,62.220001220703125,66.66000366210938,1320000
2009-01-08,65.33999633789062,65.33999633789062,65.4800033569336,62.0,63.779998779296875,1375000
2009-01-09,62.81999969482422,62.81999969482422,65.5,62.36000061035156,65.5,1125000
2009-01-12,62.779998779296875,62.779998779296875,65.0,62.400001525878906,65.0,1085000
2009-01-13,63.959999084472656,63.959999084472656,64.5,62.29999923706055,62.400001525878906,1190000
2009-01-14,62.0,62.0,63.29999923706055,62.0,63.0,1050000
2009-01-15,61.86000061035156,61.86000061035156,62.029998779296875,60.0,62.0,2355000
2009-01-16,60.5,60.5,63.04999923706055,60.040000915527344,62.79999923706055,1240000
2009-01-20,57.65999984741211,57.65999984741211,60.36000061035156,56.20000076293945,60.099998474121094,2835000
2009-01-21,58.779998779296875,58.779998779296875,61.41999816894531,56.84000015258789,59.900001525878906,1600000
2009-01-22,59.15999984741211,59.15999984741211,59.36000061035156,57.040000915527344,57.779998779296875,1640000
2009-01-23,56.97999954223633,56.97999954223633,58.2400016784668,56.81999969482422,57.779998779296875,2410000
2009-01-26,56.0,56.0,58.68000030517578,55.79999923706055,56.97999954223633,1585000
2009-01-27,57.11000061035156,57.11000061035156,58.099998474121094,56.099998474121094,56.70000076293945,1020000
2009-01-28,59.880001068115234,59.880001068115234,61.0,58.20000076293945,58.5,1705000
2009-01-29,58.0,58.0,59.47999954223633,50.02000045776367,58.08000183105469,1615000
2009-01-30,59.779998779296875,59.779998779296875,60.119998931884766,56.7400016784668,58.29999923706055,1665000
2009-02-02,59.08000183105469,59.08000183105469,59.15999984741211,57.70000076293945,57.79999923706055,990000
2009-02-03,59.599998474121094,59.599998474121094,68.4000015258789,58.52000045776367,58.900001525878906,1040000
2009-02-04,59.880001068115234,59.880001068115234,60.540000915527344,59.13999938964844,59.599998474121094,900000
2009-02-05,57.41999816894531,57.41999816894531,62.0,56.83000183105469,59.34000015258789,2310000
2009-02-06,58.20000076293945,58.20000076293945,58.7599983215332,57.70000076293945,57.70000076293945,1565000
2009-02-09,58.52000045776367,58.52000045776367,59.18000030517578,58.040000915527344,58.13999938964844,1035000
2009-02-10,56.65999984741211,56.65999984741211,59.540000915527344,55.79999923706055,58.20000076293945,2150000
2009-02-11,57.900001525878906,57.900001525878906,58.380001068115234,56.15999984741211,57.119998931884766,1240000
2009-02-12,57.93000030517578,57.93000030517578,58.86000061035156,56.7599983215332,57.70000076293945,1200000
2009-02-13,57.20000076293945,57.20000076293945,59.18000030517578,56.86000061035156,57.52000045776367,855000
2009-02-17,55.400001525878906,55.400001525878906,56.400001525878906,55.220001220703125,56.040000915527344,2015000
2009-02-18,52.29999923706055,52.29999923706055,55.400001525878906,51.79999923706055,55.400001525878906,3770000
2009-02-19,50.33000183105469,50.33000183105469,53.540000915527344,50.0,52.119998931884766,3735000
2009-02-20,47.7400016784668,47.7400016784668,50.099998474121094,44.81999969482422,50.0,8800000
2009-02-23,47.20000076293945,47.20000076293945,49.58000183105469,46.040000915527344,48.02000045776367,4380000
2009-02-24,51.04999923706055,51.04999923706055,51.36000061035156,46.060001373291016,46.060001373291016,3100000
2009-02-25,51.34000015258789,51.34000015258789,52.65999984741211,49.2400016784668,50.099998474121094,2950000
2009-02-26,51.279998779296875,51.279998779296875,52.540000915527344,50.560001373291016,51.29999923706055,2125000
2009-02-27,51.279998779296875,51.279998779296875,51.97999954223633,47.29999923706055,48.20000076293945,4815000
2009-03-02,48.880001068115234,48.880001068115234,49.68000030517578,47.02000045776367,47.70000076293945,4695000
2009-03-03,47.400001525878906,47.400001525878906,49.779998779296875,46.63999938964844,48.959999084472656,3500000
2009-03-04,49.0,49.0,49.79999923706055,46.79999923706055,48.65999984741211,3100000
2009-03-05,46.0,46.0,47.779998779296875,45.41999816894531,47.400001525878906,4610000
2009-03-06,46.540000915527344,46.540000915527344,47.70000076293945,45.599998474121094,46.099998474121094,2005000
2009-03-09,46.20000076293945,46.20000076293945,47.79999923706055,45.02000045776367,45.08000183105469,2515000
2009-03-10,55.099998474121094,55.099998474121094,55.099998474121094,46.5,46.5,5025000
2009-03-11,54.79999923706055,54.79999923706055,56.58000183105469,53.31999969482422,55.459999084472656,3865000
2009-03-12,55.61000061035156,55.61000061035156,57.79999923706055,52.5,54.400001525878906,2790000
2009-03-13,54.83000183105469,54.83000183105469,56.560001373291016,53.220001220703125,56.5,1870000
2009-03-16,52.84000015258789,52.84000015258789,56.900001525878906,52.619998931884766,56.900001525878906,1695000
2009-03-17,54.08000183105469,54.08000183105469,54.099998474121094,52.220001220703125,52.29999923706055,1210000
2009-03-18,54.7400016784668,54.7400016784668,55.86000061035156,53.560001373291016,54.0,1835000
2009-03-19,55.5,55.5,56.34000015258789,55.060001373291016,55.959999084472656,1470000
2009-03-20,55.060001373291016,55.060001373291016,56.13999938964844,55.060001373291016,55.5,1450000
2009-03-23,58.81999969482422,58.81999969482422,59.779998779296875,56.29999923706055,56.29999923706055,3045000
2009-03-24,58.439998626708984,58.439998626708984,59.779998779296875,58.099998474121094,59.13999938964844,2485000
2009-03-25,58.0,58.0,59.68000030517578,57.099998474121094,58.7599983215332,2530000
2009-03-26,59.15999984741211,59.15999984741211,59.599998474121094,57.400001525878906,58.20000076293945,1855000
2009-03-27,58.400001525878906,58.400001525878906,59.560001373291016,58.20000076293945,58.5,1415000
2009-03-30,56.20000076293945,56.20000076293945,56.959999084472656,55.060001373291016,56.900001525878906,1595000
2009-03-31,56.400001525878906,56.400001525878906,58.31999969482422,56.0,57.7599983215332,1790000
2009-04-01,56.380001068115234,56.380001068115234,56.86000061035156,55.099998474121094,55.29999923706055,2345000
2009-04-02,58.119998931884766,58.119998931884766,59.279998779296875,57.560001373291016,57.79999923706055,2090000
2009-04-03,60.08000183105469,60.08000183105469,60.29999923706055,57.959999084472656,58.29999923706055,1620000
2009-04-06,59.939998626708984,59.939998626708984,60.459999084472656,59.11000061035156,60.0,2210000
2009-04-07,58.400001525878906,58.400001525878906,60.0,57.58000183105469,60.0,1505000
2009-04-08,58.29999923706055,58.29999923706055,58.70000076293945,57.439998626708984,58.5,1020000
2009-04-09,61.02000045776367,61.02000045776367,61.29999923706055,59.70000076293945,60.29999923706055,2840000
2009-04-13,61.439998626708984,61.439998626708984,61.459999084472656,59.099998474121094,60.0,1975000
2009-04-14,59.880001068115234,59.880001068115234,61.15999984741211,59.20000076293945,60.79999923706055,1330000
2009-04-15,59.65999984741211,59.65999984741211,60.380001068115234,59.220001220703125,59.63999938964844,735000
2009-04-16,60.5,60.5,60.880001068115234,59.900001525878906,60.20000076293945,1315000
2009-04-17,60.2400016784668,60.2400016784668,61.43000030517578,59.7400016784668,60.5,1390000
2009-04-20,58.599998474121094,58.599998474121094,59.79999923706055,58.099998474121094,59.58000183105469,1445000
2009-04-21,58.0,58.0,58.439998626708984,57.220001220703125,57.599998474121094,2425000
2009-04-22,56.02000045776367,56.02000045776367,58.15999984741211,56.02000045776367,56.900001525878906,2275000
2009-04-23,56.2599983215332,56.2599983215332,58.150001525878906,55.13999938964844,56.220001220703125,1605000
2009-04-24,58.20000076293945,58.20000076293945,58.599998474121094,56.18000030517578,56.900001525878906,2700000
2009-04-27,58.619998931884766,58.619998931884766,59.79999923706055,56.41999816894531,56.79999923706055,1880000
2009-04-28,58.22999954223633,58.22999954223633,58.97999954223633,57.70000076293945,58.0,1545000
2009-04-29,61.470001220703125,61.470001220703125,61.470001220703125,58.61000061035156,59.0,2610000
2009-04-30,61.29999923706055,61.29999923706055,63.099998474121094,60.81999969482422,62.0,2125000
2009-05-01,60.880001068115234,60.880001068115234,61.619998931884766,60.29999923706055,61.099998474121094,1305000
2009-05-04,62.29999923706055,62.29999923706055,62.29999923706055,60.900001525878906,61.5,1520000
2009-05-05,61.939998626708984,61.939998626708984,62.459999084472656,60.34000015258789,62.0,1220000
2009-05-06,61.79999923706055,61.79999923706055,62.20000076293945,60.86000061035156,62.20000076293945,1870000
2009-05-07,61.040000915527344,61.040000915527344,62.81999969482422,60.86000061035156,62.63999938964844,2390000
2009-05-08,62.63999938964844,62.63999938964844,62.63999938964844,61.68000030517578,62.0,2790000
2009-05-11,59.20000076293945,59.20000076293945,61.36000061035156,59.20000076293945,61.31999969482422,2300000
2009-05-12,58.779998779296875,58.779998779296875,59.880001068115234,58.41999816894531,59.540000915527344,1355000
2009-05-13,57.40999984741211,57.40999984741211,58.29999923706055,57.040000915527344,58.29999923706055,1375000
2009-05-14,58.38999938964844,58.38999938964844,58.7599983215332,56.91999816894531,57.040000915527344,1350000
2009-05-15,58.0,58.0,58.939998626708984,57.84000015258789,57.84000015258789,1290000
2009-05-18,58.86000061035156,58.86000061035156,59.18000030517578,58.41999816894531,58.5,1325000
2009-05-19,60.0,60.0,60.2400016784668,58.65999984741211,58.65999984741211,1550000
2009-05-20,59.599998474121094,59.599998474121094,61.18000030517578,59.599998474121094,61.18000030517578,1335000
2009-05-21,58.58000183105469,58.58000183105469,59.2599983215332,58.20000076293945,59.040000915527344,1385000
2009-05-22,58.15999984741211,58.15999984741211,58.63999938964844,57.63999938964844,58.52000045776367,930000
2009-05-26,59.779998779296875,59.779998779296875,59.959999084472656,57.810001373291016,58.02000045776367,2415000
2009-05-27,58.65999984741211,58.65999984741211,60.16999816894531,58.220001220703125,58.970001220703125,1505000
2009-05-28,58.0,58.0,59.2599983215332,57.79999923706055,58.599998474121094,1605000
2009-05-29,59.439998626708984,59.439998626708984,59.439998626708984,58.119998931884766,58.400001525878906,1585000
2009-06-01,59.689998626708984,59.689998626708984,60.540000915527344,56.400001525878906,59.709999084472656,1455000
2009-06-02,59.959999084472656,59.959999084472656,60.099998474121094,59.02000045776367,59.2599983215332,1185000
2009-06-03,58.47999954223633,58.47999954223633,59.619998931884766,58.34000015258789,59.2400016784668,1005000
2009-06-04,58.65999984741211,58.65999984741211,59.150001525878906,58.400001525878906,58.70000076293945,1275000
2009-06-05,58.400001525878906,58.400001525878906,59.20000076293945,58.220001220703125,58.880001068115234,1160000
2009-06-08,58.63999938964844,58.63999938964844,58.63999938964844,57.970001220703125,58.060001373291016,675000
2009-06-09,59.560001373291016,59.560001373291016,59.84000015258789,58.34000015258789,58.900001525878906,1370000
2009-06-10,58.5,58.5,59.939998626708984,58.47999954223633,59.939998626708984,1055000
2009-06-11,59.29999923706055,59.29999923706055,59.540000915527344,58.34000015258789,58.34000015258789,1340000
2009-06-12,59.470001220703125,59.470001220703125,59.900001525878906,58.81999969482422,59.18000030517578,1500000
2009-06-15,58.58000183105469,58.58000183105469,58.959999084472656,58.060001373291016,58.79999923706055,1455000
2009-06-16,58.220001220703125,58.220001220703125,58.86000061035156,57.970001220703125,58.70000076293945,980000
2009-06-17,57.47999954223633,57.47999954223633,58.29999923706055,57.099998474121094,58.29999923706055,1555000
2009-06-18,56.58000183105469,56.58000183105469,57.34000015258789,56.41999816894531,57.13999938964844,1765000
2009-06-19,56.099998474121094,56.099998474121094,57.099998474121094,56.0099983215332,56.720001220703125,1530000
2009-06-22,55.599998474121094,55.599998474121094,56.060001373291016,55.20000076293945,56.0,1675000
2009-06-23,55.22999954223633,55.22999954223633,55.459999084472656,54.81999969482422,55.0,1605000
2009-06-24,55.880001068115234,55.880001068115234,56.31999969482422,55.29999923706055,55.29999923706055,1770000
2009-06-25,56.040000915527344,56.040000915527344,56.86000061035156,55.65999984741211,55.97999954223633,1195000
2009-06-26,56.02000045776367,56.02000045776367,56.380001068115234,55.900001525878906,56.0,1035000
2009-06-29,56.900001525878906,56.900001525878906,57.16999816894531,55.5,55.959999084472656,1560000
2009-06-30,57.91999816894531,57.91999816894531,57.91999816894531,56.959999084472656,56.97999954223633,1845000
2009-07-01,58.47999954223633,58.47999954223633,58.70000076293945,57.81999969482422,57.939998626708984,1475000
2009-07-02,57.86000061035156,57.86000061035156,58.18000030517578,57.2400016784668,58.13999938964844,950000
2009-07-06,57.099998474121094,57.099998474121094,57.66999816894531,56.4900016784668,57.02000045776367,1985000
2009-07-07,56.20000076293945,56.20000076293945,57.2400016784668,56.02000045776367,57.2400016784668,1280000
2009-07-08,56.220001220703125,56.220001220703125,56.689998626708984,55.119998931884766,56.689998626708984,1880000
2009-07-09,55.41999816894531,55.41999816894531,56.47999954223633,55.29999923706055,56.220001220703125,1120000
2009-07-10,54.900001525878906,54.900001525878906,55.5,54.65999984741211,55.29999923706055,1255000
2009-07-13,56.560001373291016,56.560001373291016,57.040000915527344,55.20000076293945,55.20000076293945,2160000
2009-07-14,57.400001525878906,57.400001525878906,57.5,56.7599983215332,56.959999084472656,1400000
2009-07-15,58.79999923706055,58.79999923706055,59.2599983215332,57.79999923706055,57.849998474121094,1820000
2009-07-16,58.459999084472656,58.459999084472656,58.790000915527344,58.060001373291016,58.70000076293945,1220000
2009-07-17,59.02000045776367,59.02000045776367,59.13999938964844,58.439998626708984,58.70000076293945,1195000
2009-07-20,59.470001220703125,59.470001220703125,59.540000915527344,58.93000030517578,59.040000915527344,1080000
2009-07-21,59.5,59.5,59.86000061035156,59.36000061035156,59.7599983215332,1520000
2009-07-22,60.029998779296875,60.029998779296875,60.08000183105469,59.15999984741211,59.20000076293945,1520000
2009-07-23,61.34000015258789,61.34000015258789,61.439998626708984,59.84000015258789,60.099998474121094,2305000
2009-07-24,62.54999923706055,62.54999923706055,62.54999923706055,60.75,61.279998779296875,2045000
2009-07-27,62.65999984741211,62.65999984741211,62.7599983215332,61.81999969482422,62.400001525878906,2350000
2009-07-28,62.70000076293945,62.70000076293945,62.70000076293945,61.91999816894531,62.5,1650000
2009-07-29,62.41999816894531,62.41999816894531,62.58000183105469,62.130001068115234,62.58000183105469,1695000
2009-07-30,63.65999984741211,63.65999984741211,64.0,62.70000076293945,62.70000076293945,3535000
2009-07-31,63.61000061035156,63.61000061035156,63.79999923706055,63.33000183105469,63.779998779296875,2020000
2009-08-03,65.4000015258789,65.4000015258789,66.08000183105469,64.0,64.0199966430664,3545000
2009-08-04,65.98999786376953,65.98999786376953,66.08000183105469,65.19999694824219,65.4000015258789,1410000
2009-08-05,69.04000091552734,69.04000091552734,69.94000244140625,66.0999984741211,66.33000183105469,2625000
2009-08-06,70.3499984741211,70.3499984741211,70.83999633789062,68.23999786376953,70.19999694824219,2865000
2009-08-07,70.80000305175781,70.80000305175781,71.37999725341797,69.31999969482422,71.0,3080000
2009-08-10,67.80000305175781,67.80000305175781,70.37999725341797,66.22000122070312,70.19999694824219,2645000
2009-08-11,65.4000015258789,65.4000015258789,67.5999984741211,65.0,67.5999984741211,1750000
2009-08-12,66.43000030517578,66.43000030517578,67.5,65.33999633789062,65.33999633789062,1715000
2009-08-13,67.0999984741211,67.0999984741211,67.80000305175781,66.19999694824219,67.13999938964844,1280000
2009-08-14,66.58000183105469,66.58000183105469,66.91999816894531,66.13999938964844,66.44000244140625,1090000
2009-08-17,64.5999984741211,64.5999984741211,65.19999694824219,63.099998474121094,64.86000061035156,1440000
2009-08-18,65.5,65.5,65.62000274658203,64.66000366210938,64.81999969482422,960000
2009-08-19,65.19999694824219,65.19999694824219,66.7699966430664,64.69999694824219,64.69999694824219,1560000
2009-08-20,65.48999786376953,65.48999786376953,65.77999877929688,64.81999969482422,65.73999786376953,960000
2009-08-21,66.58999633789062,66.58999633789062,66.62000274658203,65.9000015258789,66.27999877929688,1095000
2009-08-24,66.51000213623047,66.51000213623047,67.62000274658203,66.31999969482422,66.8499984741211,1225000
2009-08-25,66.87999725341797,66.87999725341797,67.4000015258789,66.43000030517578,67.19999694824219,1605000
2009-08-26,65.95999908447266,65.95999908447266,66.81999969482422,65.72000122070312,66.33999633789062,1070000
2009-08-27,65.76000213623047,65.76000213623047,66.0,64.70999908447266,66.0,1350000
2009-08-28,66.13999938964844,66.13999938964844,66.63999938964844,65.95999908447266,66.30000305175781,1375000
2009-08-31,65.72000122070312,65.72000122070312,65.79000091552734,64.75,65.31999969482422,1180000
2009-09-01,64.5999984741211,64.5999984741211,65.91999816894531,63.70000076293945,65.86000061035156,1550000
2009-09-02,63.79999923706055,63.79999923706055,64.16000366210938,63.619998931884766,63.959999084472656,865000
2009-09-03,64.19999694824219,64.19999694824219,64.54000091552734,63.83000183105469,64.0999984741211,1050000
2009-09-04,64.23999786376953,64.23999786376953,64.23999786376953,63.709999084472656,63.939998626708984,1040000
2009-09-08,64.0,64.0,65.69999694824219,63.880001068115234,65.4800033569336,1215000
2009-09-09,64.80000305175781,64.80000305175781,65.11000061035156,63.7400016784668,64.30000305175781,1675000
2009-09-10,65.01000213623047,65.01000213623047,65.37999725341797,64.80000305175781,65.19999694824219,1005000
2009-09-11,65.27999877929688,65.27999877929688,65.5,65.0199966430664,65.04000091552734,780000
2009-09-14,65.13999938964844,65.13999938964844,65.30999755859375,64.58000183105469,65.0,690000
2009-09-15,65.98999786376953,65.98999786376953,66.0,64.9000015258789,65.19999694824219,2015000
2009-09-16,67.62000274658203,67.62000274658203,68.5199966430664,66.33999633789062,66.4000015258789,2110000
2009-09-17,67.37999725341797,67.37999725341797,69.0,67.0999984741211,68.04000091552734,1295000
2009-09-18,66.5999984741211,66.5999984741211,68.19999694824219,66.5999984741211,67.4000015258789,2365000
2009-09-21,66.41999816894531,66.41999816894531,67.18000030517578,66.36000061035156,67.0999984741211,1275000
2009-09-22,67.19999694824219,67.19999694824219,67.19999694824219,66.16000366210938,66.9800033569336,1655000
2009-09-23,67.19999694824219,67.19999694824219,67.9000015258789,66.94000244140625,67.33999633789062,1325000
2009-09-24,66.22000122070312,66.22000122070312,67.30000305175781,66.0199966430664,67.12000274658203,1250000
2009-09-25,65.36000061035156,65.36000061035156,66.23999786376953,65.0,66.18000030517578,1615000
2009-09-28,65.81999969482422,65.81999969482422,66.08000183105469,65.37999725341797,65.72000122070312,1370000
2009-09-29,66.81999969482422,66.81999969482422,67.1500015258789,65.5199966430664,65.54000091552734,2115000
2009-09-30,66.45999908447266,66.45999908447266,67.18000030517578,66.13999938964844,66.41999816894531,1125000
2009-10-01,65.22000122070312,65.22000122070312,66.54000091552734,64.69999694824219,65.62999725341797,1475000
2009-10-02,65.29000091552734,65.29000091552734,65.41999816894531,64.22000122070312,64.36000061035156,1825000
2009-10-05,65.69999694824219,65.69999694824219,66.0,64.86000061035156,65.0999984741211,1270000
2009-10-06,65.77999877929688,65.77999877929688,66.4800033569336,65.69999694824219,66.16000366210938,3210000
2009-10-07,65.80000305175781,65.80000305175781,65.94000244140625,65.19999694824219,65.19999694824219,1245000
2009-10-08,65.70999908447266,65.70999908447266,66.30000305175781,65.51000213623047,65.51000213623047,1285000
2009-10-09,65.73999786376953,65.73999786376953,65.77999877929688,65.0,65.4800033569336,1455000
2009-10-12,65.5999984741211,65.5999984741211,65.95999908447266,65.36000061035156,65.76000213623047,1080000
2009-10-13,65.80000305175781,65.80000305175781,65.91999816894531,65.38999938964844,65.5,2570000
2009-10-14,67.05999755859375,67.05999755859375,67.0999984741211,66.23999786376953,66.4000015258789,1760000
2009-10-15,67.20999908447266,67.20999908447266,67.20999908447266,66.5199966430664,66.9800033569336,1350000
2009-10-16,66.12000274658203,66.12000274658203,67.01000213623047,66.05000305175781,66.5999984741211,1660000
2009-10-19,66.55999755859375,66.55999755859375,66.58000183105469,66.0,66.45999908447266,1885000
2009-10-20,66.01000213623047,66.01000213623047,66.9800033569336,65.72000122070312,66.76000213623047,1115000
2009-10-21,65.66999816894531,65.66999816894531,66.37999725341797,65.66999816894531,66.19999694824219,1265000
2009-10-22,66.77999877929688,66.77999877929688,66.77999877929688,65.44000244140625,65.87999725341797,1790000
2009-10-23,66.36000061035156,66.36000061035156,66.9000015258789,65.80000305175781,66.5,1520000
2009-10-26,65.86000061035156,65.86000061035156,66.58000183105469,65.66000366210938,66.27999877929688,1655000
2009-10-27,66.06999969482422,66.06999969482422,66.08000183105469,65.6500015258789,65.80000305175781,1255000
2009-10-28,65.5999984741211,65.5999984741211,66.0,65.30000305175781,65.62000274658203,1450000
2009-10-29,66.12000274658203,66.12000274658203,66.30000305175781,65.72000122070312,65.83000183105469,1125000
2009-10-30,65.66000366210938,65.66000366210938,66.6500015258789,65.19999694824219,66.12000274658203,2080000
2009-11-02,65.30000305175781,65.30000305175781,66.0999984741211,64.81999969482422,65.5999984741211,1620000
2009-11-03,66.51000213623047,66.51000213623047,66.76000213623047,65.83999633789062,66.0,4490000
2009-11-04,67.62000274658203,67.62000274658203,68.9800033569336,66.9800033569336,67.5999984741211,5925000
2009-11-05,67.9000015258789,67.9000015258789,68.45999908447266,66.58000183105469,68.45999908447266,2780000
2009-11-06,68.5,68.5,69.0999984741211,67.54000091552734,67.5999984741211,2890000
2009-11-09,68.5,68.5,70.0,68.5,70.0,3465000
2009-11-10,67.69999694824219,67.69999694824219,68.9000015258789,67.69999694824219,68.9000015258789,2345000
2009-11-11,67.9000015258789,67.9000015258789,68.33999633789062,67.81999969482422,68.0999984741211,1880000
2009-11-12,68.06999969482422,68.06999969482422,68.19999694824219,67.47000122070312,68.08000183105469,1415000
2009-11-13,68.22000122070312,68.22000122070312,68.5999984741211,67.94000244140625,68.23999786376953,1745000
2009-11-16,68.62999725341797,68.62999725341797,68.86000061035156,68.04000091552734,68.5999984741211,1700000
2009-11-17,68.5999984741211,68.5999984741211,68.91000366210938,68.51000213623047,68.68000030517578,1240000
2009-11-18,69.04000091552734,69.04000091552734,69.48999786376953,68.69999694824219,68.69999694824219,2020000
2009-11-19,69.0,69.0,69.0199966430664,68.55000305175781,69.0,1445000
2009-11-20,68.94000244140625,68.94000244140625,69.18000030517578,68.72000122070312,68.86000061035156,1155000
2009-11-23,68.80000305175781,68.80000305175781,69.63999938964844,68.5999984741211,69.31999969482422,1525000
2009-11-24,68.30000305175781,68.30000305175781,69.0,67.95999908447266,69.0,1550000
2009-11-25,68.05999755859375,68.05999755859375,69.58999633789062,67.9000015258789,68.55000305175781,1800000
2009-11-27,67.63999938964844,67.63999938964844,68.0,67.19999694824219,67.38999938964844,1450000
2009-11-30,67.05999755859375,67.05999755859375,67.31999969482422,66.66999816894531,67.22000122070312,2230000
2009-12-01,67.05000305175781,67.05000305175781,67.45999908447266,66.94999694824219,67.45999908447266,3335000
2009-12-02,66.73999786376953,66.73999786376953,67.30999755859375,66.62000274658203,67.26000213623047,1500000
2009-12-03,65.81999969482422,65.81999969482422,67.0,65.81999969482422,66.98999786376953,1980000
2009-12-04,66.4000015258789,66.4000015258789,66.5199966430664,66.05999755859375,66.4800033569336,1520000
2009-12-07,66.30999755859375,66.30999755859375,66.7699966430664,66.0999984741211,66.19999694824219,1370000
2009-12-08,66.27999877929688,66.27999877929688,66.4000015258789,65.91999816894531,66.4000015258789,1610000
2009-12-09,65.68000030517578,65.68000030517578,66.4000015258789,65.5,66.4000015258789,1640000
2009-12-10,65.5199966430664,65.5199966430664,66.08000183105469,65.22000122070312,65.87999725341797,1835000
2009-12-11,65.73999786376953,65.73999786376953,65.9000015258789,65.4000015258789,65.62999725341797,1375000
2009-12-14,66.26000213623047,66.26000213623047,66.2699966430664,65.76000213623047,66.12000274658203,1220000
2009-12-15,66.19999694824219,66.19999694824219,66.5,65.77999877929688,66.16000366210938,2890000
2009-12-16,66.16999816894531,66.16999816894531,66.45999908447266,66.02999877929688,66.37999725341797,2110000
2009-12-17,65.7699966430664,65.7699966430664,66.18000030517578,65.5199966430664,66.18000030517578,1545000
2009-12-18,66.06999969482422,66.06999969482422,66.06999969482422,65.2699966430664,65.5999984741211,1900000
2009-12-21,65.9800033569336,65.9800033569336,66.11000061035156,65.72000122070312,65.80999755859375,2725000
2009-12-22,66.0999984741211,66.0999984741211,66.12000274658203,65.7300033569336,66.12000274658203,1115000
2009-12-23,65.72000122070312,65.72000122070312,65.9800033569336,65.5,65.83999633789062,1040000
2009-12-24,65.73999786376953,65.73999786376953,65.91999816894531,65.5,65.63999938964844,610000
2009-12-28,65.70999908447266,65.70999908447266,65.80000305175781,65.5,65.5999984741211,1080000
2009-12-29,65.5999984741211,65.5999984741211,65.79000091552734,65.4000015258789,65.69999694824219,1105000
2009-12-30,65.79000091552734,65.79000091552734,65.79000091552734,65.5999984741211,65.66000366210938,560000
2009-12-31,65.72000122070312,65.72000122070312,66.0199966430664,65.5999984741211,65.80000305175781,975000
2010-01-04,66.22000122070312,66.22000122070312,66.5,65.91999816894531,66.0,1575000
2010-01-05,66.54000091552734,66.54000091552734,66.58999633789062,66.1500015258789,66.38999938964844,1310000
2010-01-06,66.19999694824219,66.19999694824219,66.5,66.19999694824219,66.5,1760000
2010-01-07,66.45999908447266,66.45999908447266,66.51000213623047,66.13999938964844,66.19999694824219,1505000
2010-01-08,66.44000244140625,66.44000244140625,66.4800033569336,66.30000305175781,66.4800033569336,1500000
2010-01-11,66.5,66.5,66.87000274658203,66.16000366210938,66.63999938964844,2620000
2010-01-12,66.0,66.0,66.54000091552734,66.0,66.22000122070312,1740000
2010-01-13,66.0,66.0,66.45999908447266,65.98999786376953,66.22000122070312,1535000
2010-01-14,65.95999908447266,65.95999908447266,66.19999694824219,65.8499984741211,66.19999694824219,1325000
2010-01-15,64.94000244140625,64.94000244140625,66.30000305175781,64.72000122070312,66.30000305175781,2570000
2010-01-19,66.63999938964844,66.63999938964844,66.76000213623047,65.25,65.5199966430664,5535000
2010-01-20,69.5199966430664,69.5199966430664,70.05000305175781,66.80000305175781,67.5199966430664,12475000
2010-01-21,72.72000122070312,72.72000122070312,73.43000030517578,70.51000213623047,71.12999725341797,14497200
2010-01-22,70.0999984741211,70.0999984741211,73.2699966430664,69.36000061035156,72.9000015258789,8783200
2010-01-25,68.83999633789062,68.83999633789062,71.7699966430664,68.22000122070312,71.4800033569336,6568600
2010-01-26,68.0,68.0,69.68000030517578,67.87000274658203,69.33000183105469,5233900
2010-01-27,71.36000061035156,71.36000061035156,73.27999877929688,69.91000366210938,73.27999877929688,19886200
2010-01-28,73.75,73.75,73.98999786376953,71.79000091552734,71.94000244140625,14114100
2010-01-29,76.43000030517578,76.43000030517578,77.79000091552734,74.41999816894531,74.55000305175781,17297400
2010-02-01,75.41000366210938,75.41000366210938,78.0,74.62000274658203,77.79000091552734,13131500
2010-02-02,75.51000213623047,75.51000213623047,76.16999816894531,74.91000366210938,75.69999694824219,7978500
2010-02-03,74.36000061035156,74.36000061035156,75.51000213623047,74.1500015258789,75.43000030517578,7204000
2010-02-04,72.61000061035156,72.61000061035156,73.80000305175781,72.05000305175781,73.80000305175781,11190200
2010-02-05,73.56999969482422,73.56999969482422,73.69000244140625,71.61000061035156,72.25,11737900
2010-02-08,74.2300033569336,74.2300033569336,74.5,72.93000030517578,73.98999786376953,11992500
2010-02-09,74.52999877929688,74.52999877929688,74.72000122070312,73.9000015258789,74.72000122070312,13563700
2010-02-10,74.41999816894531,74.41999816894531,74.58999633789062,74.25,74.54000091552734,13792400
2010-02-11,76.69000244140625,76.69000244140625,76.80000305175781,74.1500015258789,74.5,23040200
2010-02-12,76.9000015258789,76.9000015258789,77.86000061035156,74.56999969482422,77.1500015258789,316134200
2010-02-16,76.05000305175781,76.05000305175781,76.16000366210938,75.6500015258789,75.87999725341797,25006300
2010-02-17,76.25,76.25,76.41000366210938,75.44000244140625,76.33999633789062,11576500
2010-02-18,76.63999938964844,76.63999938964844,76.69999694824219,75.86000061035156,76.19000244140625,9288300
2010-02-19,78.73999786376953,78.73999786376953,79.3499984741211,76.5,76.62000274658203,24692700
2010-02-22,79.55999755859375,79.55999755859375,80.08999633789062,78.31999969482422,79.27999877929688,16954300
2010-02-23,79.1500015258789,79.1500015258789,80.05999755859375,78.9800033569336,79.30000305175781,14902000
2010-02-24,79.68000030517578,79.68000030517578,80.0,78.80999755859375,79.54000091552734,12045300
2010-02-25,79.4000015258789,79.4000015258789,79.4000015258789,78.62999725341797,79.0199966430664,10176000
2010-02-26,80.12999725341797,80.12999725341797,80.18000030517578,79.0999984741211,79.66999816894531,10651200
2010-03-01,81.91000366210938,81.91000366210938,81.94000244140625,79.13999938964844,79.98999786376953,16667500
2010-03-02,80.7699966430664,80.7699966430664,82.7300033569336,80.75,82.29000091552734,15162600
2010-03-03,82.94999694824219,82.94999694824219,83.1500015258789,80.75,81.36000061035156,11875100
2010-03-04,82.68000030517578,82.68000030517578,83.33000183105469,82.41999816894531,83.0999984741211,8268300
2010-03-05,83.36000061035156,83.36000061035156,83.4000015258789,82.81999969482422,83.20999908447266,8266900
2010-03-08,82.79000091552734,82.79000091552734,83.56999969482422,82.6500015258789,83.56999969482422,7878900
2010-03-09,82.47000122070312,82.47000122070312,82.72000122070312,82.0199966430664,82.6500015258789,6188600
2010-03-10,82.06999969482422,82.06999969482422,82.83999633789062,81.6500015258789,82.54000091552734,5880700
2010-03-11,82.36000061035156,82.36000061035156,82.38999938964844,81.41000366210938,81.73999786376953,5527200
2010-03-12,82.23999786376953,82.23999786376953,82.8499984741211,81.69000244140625,82.62999725341797,4731100
2010-03-15,82.16999816894531,82.16999816894531,82.5,81.81999969482422,82.22000122070312,4740400
2010-03-16,82.30000305175781,82.30000305175781,82.51000213623047,81.73999786376953,82.27999877929688,4542100
2010-03-17,82.5,82.5,82.63999938964844,82.01000213623047,82.48999786376953,4365200
2010-03-18,82.3499984741211,82.3499984741211,82.55000305175781,82.0,82.5,3732600
2010-03-19,82.05999755859375,82.05999755859375,82.9800033569336,81.80000305175781,82.05999755859375,9720100
2010-03-22,82.37000274658203,82.37000274658203,82.37999725341797,81.19999694824219,81.55000305175781,4107700
2010-03-23,82.33000183105469,82.33000183105469,82.44999694824219,81.69999694824219,82.44999694824219,5008000
2010-03-24,81.44000244140625,81.44000244140625,82.0,81.0,81.95999908447266,5773000
2010-03-25,81.69999694824219,81.69999694824219,82.27999877929688,81.36000061035156,81.66999816894531,5460900
2010-03-26,81.30000305175781,81.30000305175781,82.1500015258789,80.94999694824219,81.68000030517578,4816000
2010-03-29,81.75,81.75,81.95999908447266,81.54000091552734,81.54000091552734,3579300
2010-03-30,81.5999984741211,81.5999984741211,81.81999969482422,81.43000030517578,81.54000091552734,3618900
2010-03-31,81.2699966430664,81.2699966430664,81.48999786376953,80.80999755859375,81.19999694824219,4307500
2010-04-01,81.6500015258789,81.6500015258789,81.94999694824219,81.02999877929688,81.5999984741211,3213500
2010-04-05,81.16000366210938,81.16000366210938,81.94999694824219,81.0,81.91999816894531,3601600
2010-04-06,80.91000366210938,80.91000366210938,81.0199966430664,80.5199966430664,81.0,3238300
2010-04-07,79.94999694824219,79.94999694824219,80.83999633789062,79.51000213623047,80.80999755859375,5196900
2010-04-08,79.68000030517578,79.68000030517578,79.73999786376953,79.11000061035156,79.44999694824219,3972300
2010-04-09,80.48999786376953,80.48999786376953,80.55000305175781,79.51000213623047,79.81999969482422,3130900
2010-04-12,80.4800033569336,80.4800033569336,81.08999633789062,80.12999725341797,80.80000305175781,2341600
2010-04-13,80.44999694824219,80.44999694824219,80.69000244140625,79.69999694824219,80.20999908447266,3071800
2010-04-14,80.88999938964844,80.88999938964844,81.05000305175781,80.2699966430664,80.55999755859375,3267400
2010-04-15,80.06999969482422,80.06999969482422,80.80000305175781,79.80000305175781,80.77999877929688,3912500
2010-04-16,78.72000122070312,78.72000122070312,80.2300033569336,75.5199966430664,79.8499984741211,12106000
2010-04-19,79.4800033569336,79.4800033569336,79.58999633789062,77.58000183105469,78.16999816894531,5146500
2010-04-20,80.01000213623047,80.01000213623047,80.12000274658203,79.31999969482422,79.87000274658203,3447100
2010-04-21,78.87000274658203,78.87000274658203,80.19999694824219,78.11000061035156,80.19999694824219,3983400
2010-04-22,78.68000030517578,78.68000030517578,78.8499984741211,77.3499984741211,78.25,4402000
2010-04-23,78.94999694824219,78.94999694824219,79.08999633789062,77.94999694824219,78.55999755859375,3868800
2010-04-26,79.23999786376953,79.23999786376953,79.66999816894531,78.94999694824219,78.98999786376953,4657400
2010-04-27,76.69000244140625,76.69000244140625,78.66999816894531,76.56999969482422,78.31999969482422,6036900
2010-04-28,77.16999816894531,77.16999816894531,77.68000030517578,76.9000015258789,77.0,4355700
2010-04-29,78.08999633789062,78.08999633789062,78.13999938964844,77.63999938964844,77.70999908447266,4334900
2010-04-30,77.0,77.0,78.45999908447266,77.0,77.9000015258789,4841900
2010-05-03,78.44000244140625,78.44000244140625,78.62000274658203,77.45999908447266,77.69999694824219,4280300
2010-05-04,76.61000061035156,76.61000061035156,78.05000305175781,76.29000091552734,78.05000305175781,4662400
2010-05-05,76.69999694824219,76.69999694824219,76.9800033569336,75.51000213623047,75.80000305175781,4785100
2010-05-06,74.58999633789062,74.58999633789062,77.25,71.5,76.41000366210938,10384300
2010-05-07,74.41000366210938,74.41000366210938,75.8499984741211,72.7300033569336,74.25,9018300
2010-05-10,78.2300033569336,78.2300033569336,78.30000305175781,76.62999725341797,77.06999969482422,7535300
2010-05-11,77.61000061035156,77.61000061035156,78.80000305175781,76.86000061035156,77.43000030517578,4919200
2010-05-12,78.0,78.0,78.55000305175781,77.20999908447266,77.69000244140625,3611600
2010-05-13,77.2699966430664,77.2699966430664,78.0999984741211,77.16999816894531,77.88999938964844,3429100
2010-05-14,76.2300033569336,76.2300033569336,77.20999908447266,75.30999755859375,77.1500015258789,5366600
2010-05-17,76.30999755859375,76.30999755859375,76.52999877929688,75.0199966430664,76.05999755859375,3707100
2010-05-18,75.47000122070312,75.47000122070312,77.36000061035156,75.25,76.36000061035156,4386500
2010-05-19,75.83000183105469,75.83000183105469,76.30000305175781,74.26000213623047,75.05000305175781,4675600
2010-05-20,72.27999877929688,72.27999877929688,74.61000061035156,72.25,74.4000015258789,7728800
2010-05-21,73.01000213623047,73.01000213623047,73.25,70.0,71.13999938964844,10920900
2010-05-24,70.77999877929688,70.77999877929688,72.52999877929688,70.69999694824219,72.30999755859375,5304400
2010-05-25,70.7300033569336,70.7300033569336,70.87000274658203,68.4800033569336,69.88999938964844,8409000
2010-05-26,70.31999969482422,70.31999969482422,71.4800033569336,70.16000366210938,71.4800033569336,5414900
2010-05-27,73.3499984741211,73.3499984741211,73.41999816894531,71.08999633789062,71.08999633789062,6530400
2010-05-28,70.55000305175781,70.55000305175781,72.73999786376953,70.55000305175781,72.4000015258789,7820800
2010-06-01,70.26000213623047,70.26000213623047,71.94000244140625,69.94999694824219,70.05000305175781,5382500
2010-06-02,72.25,72.25,72.33000183105469,70.16999816894531,70.51000213623047,4913800
2010-06-03,72.33999633789062,72.33999633789062,72.6500015258789,71.30000305175781,72.4000015258789,4122900
2010-06-04,70.19000244140625,70.19000244140625,71.25,69.77999877929688,70.91000366210938,7387000
2010-06-07,70.04000091552734,70.04000091552734,70.9800033569336,69.80000305175781,70.29000091552734,5457600
2010-06-08,72.63999938964844,72.63999938964844,72.86000061035156,69.61000061035156,70.19999694824219,6710600
2010-06-09,71.80999755859375,71.80999755859375,73.56999969482422,71.36000061035156,72.87000274658203,5909800
2010-06-10,74.0999984741211,74.0999984741211,74.19999694824219,72.30000305175781,72.30999755859375,6174000
2010-06-11,74.41000366210938,74.41000366210938,74.7300033569336,73.25,73.5999984741211,4812900
2010-06-14,74.91999816894531,74.91999816894531,75.7699966430664,74.58999633789062,74.87000274658203,5646100
2010-06-15,77.25,77.25,77.31999969482422,74.80000305175781,75.33000183105469,7254300
2010-06-16,77.51000213623047,77.51000213623047,77.54000091552734,76.48999786376953,76.86000061035156,4848700
2010-06-17,79.2300033569336,79.2300033569336,79.30000305175781,77.55999755859375,77.72000122070312,9075300
2010-06-18,79.93000030517578,79.93000030517578,79.9800033569336,79.16000366210938,79.44999694824219,13211800
2010-06-21,79.80999755859375,79.80999755859375,80.44999694824219,79.1500015258789,80.0999984741211,8377700
2010-06-22,79.52999877929688,79.52999877929688,80.31999969482422,79.11000061035156,79.54000091552734,9059300
2010-06-23,79.13999938964844,79.13999938964844,79.88999938964844,77.80999755859375,79.44999694824219,7180800
2010-06-24,78.86000061035156,78.86000061035156,79.75,78.0,78.87000274658203,10153600
2010-06-25,81.9000015258789,81.9000015258789,81.9000015258789,79.25,79.3499984741211,109267000
2010-06-28,81.0199966430664,81.0199966430664,81.36000061035156,80.88999938964844,81.26000213623047,17628400
2010-06-29,80.02999877929688,80.02999877929688,81.41999816894531,79.55000305175781,80.30000305175781,19427200
2010-06-30,79.69000244140625,79.69000244140625,80.77999877929688,79.37999725341797,79.80000305175781,10967500
2010-07-01,78.80999755859375,78.80999755859375,79.66999816894531,77.93000030517578,79.55999755859375,11930900
2010-07-02,77.23999786376953,77.23999786376953,79.47000122070312,76.66999816894531,79.05000305175781,9319900
2010-07-06,77.56999969482422,77.56999969482422,78.9000015258789,76.72000122070312,77.5999984741211,8676000
2010-07-07,79.91999816894531,79.91999816894531,79.98999786376953,77.16000366210938,77.76000213623047,9977300
2010-07-08,79.41000366210938,79.41000366210938,79.91999816894531,78.7300033569336,79.61000061035156,8430600
2010-07-09,79.75,79.75,79.8499984741211,78.88999938964844,79.2699966430664,5558700
2010-07-12,79.47000122070312,79.47000122070312,79.80000305175781,78.66000366210938,79.56999969482422,5076900
2010-07-13,79.86000061035156,79.86000061035156,80.2300033569336,79.0999984741211,79.75,9216600
2010-07-14,79.3499984741211,79.3499984741211,79.91999816894531,79.05000305175781,79.91999816894531,6486000
2010-07-15,79.70999908447266,79.70999908447266,79.98999786376953,78.47000122070312,79.48999786376953,6454400
2010-07-16,77.0999984741211,77.0999984741211,79.43000030517578,77.0,79.30000305175781,9286400
2010-07-19,77.30999755859375,77.30999755859375,77.8499984741211,76.44000244140625,77.37000274658203,4895600
2010-07-20,78.23999786376953,78.23999786376953,78.5,76.30000305175781,76.4000015258789,5254200
2010-07-21,76.62999725341797,76.62999725341797,78.69999694824219,76.20999908447266,78.5199966430664,5781900
2010-07-22,78.3499984741211,78.3499984741211,78.45999908447266,77.25,77.4800033569336,6352900
2010-07-23,78.70999908447266,78.70999908447266,78.93000030517578,77.81999969482422,78.20999908447266,5414300
2010-07-26,78.72000122070312,78.72000122070312,79.43000030517578,78.27999877929688,78.73999786376953,6045700
2010-07-27,78.51000213623047,78.51000213623047,78.9800033569336,78.30000305175781,78.9000015258789,4993800
2010-07-28,77.81999969482422,77.81999969482422,78.73999786376953,77.55000305175781,78.31999969482422,3447100
2010-07-29,78.04000091552734,78.04000091552734,78.79000091552734,77.25,78.47000122070312,5098200
2010-07-30,78.12000274658203,78.12000274658203,78.44000244140625,77.29000091552734,77.29000091552734,4680600
2010-08-02,79.91999816894531,79.91999816894531,79.9800033569336,78.55999755859375,78.77999877929688,6292400
2010-08-03,79.83000183105469,79.83000183105469,80.08000183105469,79.56999969482422,79.83999633789062,4860100
2010-08-04,80.76000213623047,80.76000213623047,80.8499984741211,79.80000305175781,79.98999786376953,5380700
2010-08-05,80.83000183105469,80.83000183105469,80.87000274658203,79.88999938964844,80.19999694824219,3805400
2010-08-06,80.47000122070312,80.47000122070312,80.73999786376953,78.80999755859375,80.19000244140625,5508700
2010-08-09,80.69999694824219,80.69999694824219,80.9000015258789,79.83999633789062,80.83000183105469,3697100
2010-08-10,79.7300033569336,79.7300033569336,80.44000244140625,79.08000183105469,79.95999908447266,3296300
2010-08-11,77.5,77.5,79.0,77.41000366210938,78.91999816894531,6150200
2010-08-12,77.0199966430664,77.0199966430664,77.48999786376953,76.63999938964844,77.0,4136200
2010-08-13,76.77999877929688,76.77999877929688,77.55999755859375,76.73999786376953,76.91999816894531,3248400
2010-08-16,76.83999633789062,76.83999633789062,77.25,76.04000091552734,76.5,2949400
2010-08-17,77.52999877929688,77.52999877929688,78.19000244140625,77.0,77.47000122070312,4116300
2010-08-18,78.79000091552734,78.79000091552734,79.4800033569336,77.44000244140625,77.69999694824219,6553500
2010-08-19,77.54000091552734,77.54000091552734,78.6500015258789,77.36000061035156,78.52999877929688,5691300
2010-08-20,77.7300033569336,77.7300033569336,78.1500015258789,76.8499984741211,76.8499984741211,5400500
2010-08-23,77.2300033569336,77.2300033569336,78.05000305175781,77.20999908447266,77.87999725341797,2999000
2010-08-24,76.58000183105469,76.58000183105469,77.51000213623047,76.31999969482422,76.4000015258789,5319000
2010-08-25,76.80000305175781,76.80000305175781,77.04000091552734,75.62000274658203,76.23999786376953,5902400
2010-08-26,76.37000274658203,76.37000274658203,77.20999908447266,76.0,77.11000061035156,4489300
2010-08-27,78.77999877929688,78.77999877929688,78.77999877929688,76.66999816894531,76.86000061035156,7285800
2010-08-30,77.9000015258789,77.9000015258789,79.0,77.87000274658203,78.22000122070312,6012900
2010-08-31,78.77999877929688,78.77999877929688,79.02999877929688,77.4800033569336,77.80999755859375,16303700
2010-09-01,80.91000366210938,80.91000366210938,80.9800033569336,78.98999786376953,79.30000305175781,11057000
2010-09-02,81.19000244140625,81.19000244140625,81.36000061035156,80.22000122070312,80.76000213623047,7215600
2010-09-03,81.61000061035156,81.61000061035156,81.6500015258789,80.44000244140625,81.37000274658203,6615400
2010-09-07,80.79000091552734,80.79000091552734,81.5199966430664,80.70999908447266,80.88999938964844,5113100
2010-09-08,81.69000244140625,81.69000244140625,81.75,81.08999633789062,81.13999938964844,4799300
2010-09-09,82.30999755859375,82.30999755859375,82.43000030517578,81.6500015258789,81.9800033569336,5223600
2010-09-10,82.72000122070312,82.72000122070312,82.72000122070312,82.05999755859375,82.16999816894531,3964000
2010-09-13,83.33999633789062,83.33999633789062,83.37000274658203,82.73999786376953,82.9800033569336,6474400
2010-09-14,83.05000305175781,83.05000305175781,83.58000183105469,82.9000015258789,83.26000213623047,5468500
2010-09-15,83.4800033569336,83.4800033569336,83.54000091552734,82.33999633789062,82.9800033569336,4437200
2010-09-16,83.54000091552734,83.54000091552734,83.54000091552734,82.93000030517578,83.41999816894531,4365700
2010-09-17,82.72000122070312,82.72000122070312,84.1500015258789,82.72000122070312,83.8499984741211,18493800
2010-09-20,83.51000213623047,83.51000213623047,83.69999694824219,82.81999969482422,82.83999633789062,6108800
2010-09-21,83.08999633789062,83.08999633789062,83.83000183105469,82.81999969482422,83.48999786376953,5318500
2010-09-22,82.41999816894531,82.41999816894531,83.4800033569336,82.36000061035156,83.18000030517578,4491200
2010-09-23,81.23999786376953,81.23999786376953,82.76000213623047,80.9800033569336,82.05999755859375,4570400
2010-09-24,83.31999969482422,83.31999969482422,85.86000061035156,82.0,82.08999633789062,16046900
2010-09-27,82.87000274658203,82.87000274658203,83.87000274658203,82.80000305175781,83.5999984741211,5761600
2010-09-28,83.06999969482422,83.06999969482422,83.38999938964844,82.11000061035156,82.8499984741211,4616500
2010-09-29,82.44000244140625,82.44000244140625,83.33000183105469,82.19999694824219,82.66000366210938,4469500
2010-09-30,82.68000030517578,82.68000030517578,83.7699966430664,82.51000213623047,82.83000183105469,4908500
2010-10-01,82.70999908447266,82.70999908447266,83.4800033569336,82.33000183105469,83.30000305175781,4519800
2010-10-04,82.11000061035156,82.11000061035156,82.8499984741211,81.4800033569336,82.41000366210938,3858400
2010-10-05,83.43000030517578,83.43000030517578,83.7300033569336,81.75,82.58999633789062,7290300
2010-10-06,83.54000091552734,83.54000091552734,83.54000091552734,82.81999969482422,83.26000213623047,3359400
2010-10-07,83.16999816894531,83.16999816894531,83.8499984741211,82.58000183105469,83.83000183105469,3371200
2010-10-08,83.16000366210938,83.16000366210938,83.41999816894531,82.62999725341797,83.41000366210938,3493900
2010-10-11,82.94999694824219,82.94999694824219,83.30000305175781,82.58000183105469,83.05000305175781,1957700
2010-10-12,83.30000305175781,83.30000305175781,83.3499984741211,82.30000305175781,82.63999938964844,3500300
2010-10-13,83.66000366210938,83.66000366210938,83.87000274658203,83.20999908447266,83.5199966430664,5060000
2010-10-14,83.61000061035156,83.61000061035156,84.44999694824219,83.19000244140625,83.79000091552734,5265000
2010-10-15,83.37000274658203,83.37000274658203,84.25,82.97000122070312,84.11000061035156,5856100
2010-10-18,83.5,83.5,84.0,83.11000061035156,83.22000122070312,3830200
2010-10-19,82.36000061035156,82.36000061035156,83.43000030517578,82.01000213623047,82.91000366210938,4953400
2010-10-20,82.91999816894531,82.91999816894531,83.23999786376953,82.25,82.55000305175781,4309200
2010-10-21,83.01000213623047,83.01000213623047,83.4800033569336,82.5,82.83000183105469,4053600
2010-10-22,83.33999633789062,83.33999633789062,83.43000030517578,82.58000183105469,83.06999969482422,2683400
2010-10-25,83.33000183105469,83.33000183105469,84.0,83.27999877929688,83.5199966430664,3548600
2010-10-26,82.22000122070312,82.22000122070312,83.11000061035156,81.25,83.0,5239300
2010-10-27,80.55000305175781,80.55000305175781,81.72000122070312,80.12999725341797,81.66999816894531,5959600
2010-10-28,80.0999984741211,80.0999984741211,81.0999984741211,80.06999969482422,81.08000183105469,4381200
2010-10-29,79.55999755859375,79.55999755859375,80.18000030517578,78.72000122070312,80.04000091552734,6112400
2010-11-01,79.9000015258789,79.9000015258789,81.30999755859375,79.58000183105469,79.76000213623047,4332700
2010-11-02,80.41999816894531,80.41999816894531,80.61000061035156,80.0,80.31999969482422,3800900
2010-11-03,81.2699966430664,81.2699966430664,81.5,80.23999786376953,80.79000091552734,4396400
2010-11-04,82.95999908447266,82.95999908447266,83.08999633789062,81.69000244140625,82.1500015258789,7622800
2010-11-05,83.72000122070312,83.72000122070312,83.80000305175781,82.45999908447266,82.63999938964844,6006200
2010-11-08,82.31999969482422,82.31999969482422,83.2699966430664,81.88999938964844,83.05000305175781,4947300
2010-11-09,80.8499984741211,80.8499984741211,82.41000366210938,80.5999984741211,82.2699966430664,5320300
2010-11-10,81.93000030517578,81.93000030517578,82.16999816894531,80.63999938964844,80.63999938964844,5661100
2010-11-11,81.12999725341797,81.12999725341797,81.5999984741211,80.9000015258789,81.30000305175781,2957100
2010-11-12,80.25,80.25,80.95999908447266,80.16000366210938,80.94999694824219,3351400
2010-11-15,80.19000244140625,80.19000244140625,80.98999786376953,80.06999969482422,80.4800033569336,3626300
2010-11-16,79.91000366210938,79.91000366210938,80.30000305175781,79.66999816894531,80.05999755859375,5640100
2010-11-17,79.52999877929688,79.52999877929688,80.33000183105469,79.5199966430664,80.12999725341797,3753400
2010-11-18,80.86000061035156,80.86000061035156,80.97000122070312,80.02999877929688,80.19999694824219,3925800
2010-11-19,80.7699966430664,80.7699966430664,81.02999877929688,80.30000305175781,80.5199966430664,4219300
2010-11-22,80.0,80.0,80.55000305175781,79.69999694824219,80.11000061035156,3565100
2010-11-23,79.08999633789062,79.08999633789062,79.9000015258789,79.0199966430664,79.48999786376953,4320000
2010-11-24,80.30000305175781,80.30000305175781,80.3499984741211,79.43000030517578,79.9800033569336,3291400
2010-11-26,79.76000213623047,79.76000213623047,79.86000061035156,79.4000015258789,79.41000366210938,1849800
2010-11-29,79.51000213623047,79.51000213623047,79.88999938964844,78.81999969482422,79.04000091552734,4088400
2010-11-30,79.68000030517578,79.68000030517578,80.58000183105469,79.05000305175781,79.05999755859375,6824700
2010-12-01,80.68000030517578,80.68000030517578,81.91999816894531,80.25,80.72000122070312,6657800
2010-12-02,81.41999816894531,81.41999816894531,81.41999816894531,80.76000213623047,80.94000244140625,4908200
2010-12-03,80.9000015258789,80.9000015258789,81.16999816894531,80.19999694824219,80.80000305175781,4083100
2010-12-06,80.37999725341797,80.37999725341797,81.38999938964844,80.20999908447266,80.7300033569336,2399100
2010-12-07,79.87000274658203,79.87000274658203,81.1500015258789,79.79000091552734,80.83999633789062,4981800
2010-12-08,80.54000091552734,80.54000091552734,80.54000091552734,79.5,79.7699966430664,3889800
2010-12-09,80.48999786376953,80.48999786376953,80.75,79.8499984741211,80.66000366210938,3846400
2010-12-10,80.68000030517578,80.68000030517578,80.72000122070312,79.83999633789062,80.47000122070312,3627000
2010-12-13,80.33999633789062,80.33999633789062,80.87999725341797,80.16000366210938,80.66000366210938,4012200
2010-12-14,80.23999786376953,80.23999786376953,80.66000366210938,79.91000366210938,80.33000183105469,3182100
2010-12-15,79.55000305175781,79.55000305175781,80.16999816894531,79.4800033569336,79.95999908447266,4341500
2010-12-16,79.87999725341797,79.87999725341797,79.93000030517578,79.19999694824219,79.61000061035156,3950700
2010-12-17,79.94999694824219,79.94999694824219,80.05000305175781,79.31999969482422,79.7300033569336,6823900
2010-12-20,79.56999969482422,79.56999969482422,80.02999877929688,79.30000305175781,79.94999694824219,3205700
2010-12-21,80.48999786376953,80.48999786376953,80.58000183105469,79.58999633789062,79.69999694824219,4024100
2010-12-22,80.13999938964844,80.13999938964844,80.73999786376953,79.80000305175781,80.41000366210938,3737600
2010-12-23,79.86000061035156,79.86000061035156,80.11000061035156,79.66999816894531,80.11000061035156,2607700
2010-12-27,80.16000366210938,80.16000366210938,80.18000030517578,79.58000183105469,79.80999755859375,2218800
2010-12-28,79.98999786376953,79.98999786376953,80.22000122070312,79.87000274658203,80.13999938964844,1792500
2010-12-29,79.88999938964844,79.88999938964844,80.05999755859375,79.75,79.93000030517578,1816100
2010-12-30,79.4000015258789,79.4000015258789,80.05000305175781,79.29000091552734,80.05000305175781,2508600
2010-12-31,80.11000061035156,80.11000061035156,80.11000061035156,79.19999694824219,79.2699966430664,2935300
2011-01-03,80.41000366210938,80.41000366210938,80.83999633789062,80.22000122070312,80.5,5573500
2011-01-04,80.16999816894531,80.16999816894531,80.38999938964844,79.72000122070312,80.33000183105469,4020400
2011-01-05,80.91000366210938,80.91000366210938,80.91000366210938,79.80000305175781,79.98999786376953,4107800
2011-01-06,80.37000274658203,80.37000274658203,80.9800033569336,80.37000274658203,80.93000030517578,3938000
2011-01-07,79.73999786376953,79.73999786376953,80.69999694824219,79.5,80.61000061035156,3809600
2011-01-10,79.6500015258789,79.6500015258789,79.97000122070312,79.13999938964844,79.5199966430664,3521800
2011-01-11,79.4000015258789,79.4000015258789,80.0199966430664,79.20999908447266,79.69000244140625,3481400
2011-01-12,80.73999786376953,80.73999786376953,80.73999786376953,79.70999908447266,79.91999816894531,5436500
2011-01-13,80.76000213623047,80.76000213623047,80.88999938964844,80.29000091552734,80.7300033569336,3303800
2011-01-14,81.6500015258789,81.6500015258789,81.66999816894531,80.58000183105469,80.62999725341797,4786900
2011-01-18,81.81999969482422,81.81999969482422,82.0999984741211,81.5,81.5199966430664,4249400
2011-01-19,80.91999816894531,80.91999816894531,81.81999969482422,80.5,81.80999755859375,3932000
2011-01-20,80.7300033569336,80.7300033569336,81.37000274658203,80.5,80.81999969482422,3674500
2011-01-21,80.44999694824219,80.44999694824219,81.18000030517578,80.22000122070312,81.18000030517578,4444300
2011-01-24,82.94000244140625,82.94000244140625,83.38999938964844,81.29000091552734,81.3499984741211,7143500
2011-01-25,83.25,83.25,83.2699966430664,82.16999816894531,82.83999633789062,3863600
2011-01-26,83.06999969482422,83.06999969482422,83.4800033569336,82.91000366210938,83.33000183105469,3325200
2011-01-27,83.02999877929688,83.02999877929688,83.23999786376953,82.6500015258789,82.73999786376953,2817800
2011-01-28,81.55999755859375,81.55999755859375,83.3499984741211,81.47000122070312,83.2300033569336,5263400
2011-01-31,81.75,81.75,82.30999755859375,81.5199966430664,81.93000030517578,3434700
2011-02-01,83.3499984741211,83.3499984741211,83.5,82.05999755859375,82.05999755859375,4630900
2011-02-02,82.44999694824219,82.44999694824219,83.87999725341797,82.4000015258789,83.01000213623047,3616200
2011-02-03,83.0199966430664,83.0199966430664,83.38999938964844,82.20999908447266,82.30000305175781,2788300
2011-02-04,83.16999816894531,83.16999816894531,83.19000244140625,82.4800033569336,82.9000015258789,2582200
2011-02-07,84.0999984741211,84.0999984741211,84.11000061035156,83.27999877929688,83.27999877929688,3891200
2011-02-08,84.2699966430664,84.2699966430664,84.6500015258789,83.70999908447266,84.01000213623047,3593600
2011-02-09,83.88999938964844,83.88999938964844,84.18000030517578,83.3499984741211,83.88999938964844,4091100
2011-02-10,84.44999694824219,84.44999694824219,84.4800033569336,83.4000015258789,83.75,3216900
2011-02-11,84.91000366210938,84.91000366210938,84.95999908447266,83.66999816894531,84.2699966430664,3937200
2011-02-14,85.30000305175781,85.30000305175781,85.5,84.83999633789062,84.94000244140625,3177500
2011-02-15,84.9800033569336,84.9800033569336,85.48999786376953,84.5199966430664,85.19000244140625,3357300
2011-02-16,84.95999908447266,84.95999908447266,85.36000061035156,84.61000061035156,85.18000030517578,2714900
2011-02-17,84.93000030517578,84.93000030517578,85.30000305175781,84.5999984741211,84.77999877929688,2135300
2011-02-18,85.05000305175781,85.05000305175781,85.18000030517578,84.70999908447266,85.06999969482422,4107400
2011-02-22,83.16999816894531,83.16999816894531,84.68000030517578,83.01000213623047,84.16000366210938,5621700
2011-02-23,82.86000061035156,82.86000061035156,83.5999984741211,82.0999984741211,83.30000305175781,4098700
2011-02-24,83.36000061035156,83.36000061035156,83.88999938964844,82.47000122070312,82.83999633789062,3995300
2011-02-25,84.87000274658203,84.87000274658203,85.25,83.41000366210938,83.6500015258789,4621300
2011-02-28,87.27999877929688,87.27999877929688,87.6500015258789,85.55000305175781,86.45999908447266,7671900
2011-03-01,85.25,85.25,87.61000061035156,85.12999725341797,87.54000091552734,6301000
2011-03-02,85.0199966430664,85.0199966430664,85.7699966430664,84.62000274658203,85.0,3635800
2011-03-03,86.69999694824219,86.69999694824219,86.91000366210938,85.52999877929688,85.80000305175781,4719000
2011-03-04,85.5,85.5,86.66000366210938,85.01000213623047,86.44999694824219,4698100
2011-03-07,85.04000091552734,85.04000091552734,86.26000213623047,85.0,85.77999877929688,3665200
2011-03-08,86.3499984741211,86.3499984741211,86.47000122070312,85.25,85.37999725341797,4050900
2011-03-09,86.0199966430664,86.0199966430664,86.26000213623047,85.43000030517578,86.0,2544200
2011-03-10,84.9800033569336,84.9800033569336,85.55000305175781,84.9800033569336,85.30000305175781,4649300
2011-03-11,85.30000305175781,85.30000305175781,85.5199966430664,84.0,84.19999694824219,4220500
2011-03-14,84.20999908447266,84.20999908447266,84.83000183105469,83.80000305175781,84.69000244140625,4798400
2011-03-15,82.5199966430664,82.5199966430664,83.2699966430664,81.66000366210938,82.19999694824219,6729000
2011-03-16,80.94999694824219,80.94999694824219,82.69999694824219,80.91000366210938,82.55000305175781,7922600
2011-03-17,82.7300033569336,82.7300033569336,83.05000305175781,81.61000061035156,82.20999908447266,5419100
2011-03-18,83.4800033569336,83.4800033569336,84.33000183105469,82.91999816894531,83.87999725341797,7245100
2011-03-21,85.16999816894531,85.16999816894531,85.19999694824219,83.75,84.05999755859375,4709300
2011-03-22,84.9800033569336,84.9800033569336,85.51000213623047,84.9000015258789,85.27999877929688,3090200
2011-03-23,84.73999786376953,84.73999786376953,85.16000366210938,83.8499984741211,84.80000305175781,3334600
2011-03-24,85.16000366210938,85.16000366210938,85.3499984741211,84.7300033569336,85.0199966430664,2646900
2011-03-25,85.23999786376953,85.23999786376953,85.43000030517578,84.81999969482422,85.43000030517578,2364900
2011-03-28,84.37000274658203,84.37000274658203,85.36000061035156,84.33999633789062,85.12999725341797,2377200
2011-03-29,84.70999908447266,84.70999908447266,84.70999908447266,83.75,84.20999908447266,2687100
2011-03-30,85.45999908447266,85.45999908447266,85.51000213623047,84.70999908447266,84.81999969482422,3635400
2011-03-31,83.62999725341797,83.62999725341797,84.44000244140625,83.41000366210938,83.94000244140625,10527600
2011-04-01,83.68000030517578,83.68000030517578,84.08999633789062,83.2699966430664,84.08999633789062,5098600
2011-04-04,83.0999984741211,83.0999984741211,83.9800033569336,82.62999725341797,83.9800033569336,5216400
2011-04-05,82.04000091552734,82.04000091552734,82.9800033569336,81.8499984741211,82.9800033569336,4844300
2011-04-06,81.98999786376953,81.98999786376953,82.3499984741211,81.62000274658203,82.19999694824219,5397200
2011-04-07,81.93000030517578,81.93000030517578,82.22000122070312,81.51000213623047,81.81999969482422,3667300
2011-04-08,81.80000305175781,81.80000305175781,82.16000366210938,81.58999633789062,82.1500015258789,3279200
2011-04-11,82.26000213623047,82.26000213623047,82.41000366210938,81.80000305175781,81.95999908447266,3704800
2011-04-12,81.68000030517578,81.68000030517578,82.2300033569336,81.5,81.80000305175781,3134700
2011-04-13,80.76000213623047,80.76000213623047,81.93000030517578,80.76000213623047,81.87999725341797,4410400
2011-04-14,80.73999786376953,80.73999786376953,81.0199966430664,80.38999938964844,80.55000305175781,3739400
2011-04-15,80.88999938964844,80.88999938964844,81.48999786376953,80.75,81.13999938964844,4564000
2011-04-18,80.30000305175781,80.30000305175781,80.51000213623047,79.77999877929688,80.12000274658203,4474700
2011-04-19,80.5,80.5,80.75,80.0,80.27999877929688,3026600
2011-04-20,81.72000122070312,81.72000122070312,81.9000015258789,81.11000061035156,81.30000305175781,4559700
2011-04-21,82.36000061035156,82.36000061035156,82.4000015258789,81.69000244140625,82.05000305175781,3193100
2011-04-25,82.37999725341797,82.37999725341797,82.5,81.91999816894531,82.26000213623047,2341300
2011-04-26,82.91999816894531,82.91999816894531,83.19999694824219,82.36000061035156,82.44999694824219,3600000
2011-04-27,82.98999786376953,82.98999786376953,83.05999755859375,82.31999969482422,82.93000030517578,3460900
2011-04-28,83.2699966430664,83.2699966430664,83.30000305175781,82.62000274658203,82.94999694824219,3450600
2011-04-29,83.30000305175781,83.30000305175781,83.72000122070312,83.05000305175781,83.19999694824219,2970800
2011-05-02,81.91999816894531,81.91999816894531,82.44000244140625,81.5199966430664,82.38999938964844,4940600
2011-05-03,82.31999969482422,82.31999969482422,82.33000183105469,81.41999816894531,81.66000366210938,3299500
2011-05-04,81.58000183105469,81.58000183105469,82.5,81.26000213623047,82.38999938964844,3235100
2011-05-05,79.66000366210938,79.66000366210938,81.38999938964844,79.5,81.19000244140625,5386400
2011-05-06,80.20999908447266,80.20999908447266,81.51000213623047,80.12999725341797,80.5999984741211,4056600
2011-05-09,80.7300033569336,80.7300033569336,81.44000244140625,80.12000274658203,80.12000274658203,2884200
2011-05-10,81.2300033569336,81.2300033569336,81.3499984741211,80.5999984741211,80.95999908447266,2865100
2011-05-11,80.0999984741211,80.0999984741211,81.13999938964844,79.94000244140625,80.94999694824219,3806400
2011-05-12,80.69999694824219,80.69999694824219,81.0999984741211,79.75,80.0,3652100
2011-05-13,79.6500015258789,79.6500015258789,81.0999984741211,79.54000091552734,80.6500015258789,4151600
2011-05-16,79.4800033569336,79.4800033569336,80.25,79.11000061035156,79.54000091552734,3876300
2011-05-17,78.93000030517578,78.93000030517578,79.44000244140625,78.56999969482422,79.20999908447266,4778400
2011-05-18,79.62000274658203,79.62000274658203,79.69000244140625,78.9000015258789,79.12999725341797,3029100
2011-05-19,79.27999877929688,79.27999877929688,79.97000122070312,78.91000366210938,79.75,2491500
2011-05-20,78.72000122070312,78.72000122070312,79.5999984741211,78.63999938964844,79.20999908447266,3512500
2011-05-23,77.88999938964844,77.88999938964844,78.33000183105469,77.62000274658203,78.1500015258789,4092000
2011-05-24,77.66999816894531,77.66999816894531,78.2300033569336,77.5999984741211,78.0,2975900
2011-05-25,78.16000366210938,78.16000366210938,78.54000091552734,77.2300033569336,77.51000213623047,3532300
2011-05-26,78.30999755859375,78.30999755859375,78.72000122070312,77.5,78.12000274658203,3084100
2011-05-27,78.04000091552734,78.04000091552734,78.55000305175781,77.6500015258789,78.38999938964844,3114900
2011-05-31,79.06999969482422,79.06999969482422,79.06999969482422,78.29000091552734,78.43000030517578,5339300
2011-06-01,77.08000183105469,77.08000183105469,78.88999938964844,77.01000213623047,78.76000213623047,5667000
2011-06-02,77.16000366210938,77.16000366210938,77.94000244140625,77.01000213623047,77.19999694824219,3773300
2011-06-03,76.25,76.25,76.97000122070312,76.11000061035156,76.48999786376953,4477600
2011-06-06,75.33999633789062,75.33999633789062,76.1500015258789,75.22000122070312,75.83000183105469,4727400
2011-06-07,74.86000061035156,74.86000061035156,75.91999816894531,74.83000183105469,75.69999694824219,4508900
2011-06-08,74.33000183105469,74.33000183105469,75.06999969482422,74.27999877929688,74.72000122070312,4883000
2011-06-09,75.01000213623047,75.01000213623047,75.41999816894531,74.33999633789062,74.4000015258789,3843900
2011-06-10,74.05999755859375,74.05999755859375,74.87000274658203,73.72000122070312,74.87000274658203,6460200
2011-06-13,74.29000091552734,74.29000091552734,74.51000213623047,73.70999908447266,74.08000183105469,4435100
2011-06-14,75.11000061035156,75.11000061035156,75.80000305175781,74.6500015258789,74.80000305175781,5591600
2011-06-15,73.83000183105469,73.83000183105469,74.7699966430664,73.2300033569336,74.76000213623047,7366900
2011-06-16,75.01000213623047,75.01000213623047,75.13999938964844,73.70999908447266,73.70999908447266,5966000
2011-06-17,75.51000213623047,75.51000213623047,75.87999725341797,75.16000366210938,75.6500015258789,9041100
2011-06-20,76.0999984741211,76.0999984741211,76.4800033569336,75.44000244140625,75.4800033569336,4221700
2011-06-21,76.48999786376953,76.48999786376953,76.80999755859375,76.1500015258789,76.41000366210938,5146900
2011-06-22,75.97000122070312,75.97000122070312,76.48999786376953,75.94999694824219,76.41000366210938,3685200
2011-06-23,75.61000061035156,75.61000061035156,75.73999786376953,74.4800033569336,75.25,5506600
2011-06-24,75.62000274658203,75.62000274658203,75.77999877929688,74.6500015258789,75.55999755859375,5390300
2011-06-27,75.62999725341797,75.62999725341797,76.37999725341797,75.3499984741211,75.69999694824219,3820100
2011-06-28,76.41999816894531,76.41999816894531,76.41999816894531,75.83000183105469,76.02999877929688,3687000
2011-06-29,77.02999877929688,77.02999877929688,77.05999755859375,76.2699966430664,76.55000305175781,4058900
2011-06-30,77.38999938964844,77.38999938964844,77.5,76.55999755859375,77.33000183105469,4113700
2011-07-01,78.08999633789062,78.08999633789062,78.19000244140625,76.69999694824219,77.23999786376953,4526100
2011-07-05,77.30999755859375,77.30999755859375,77.9800033569336,76.9800033569336,77.87000274658203,3768200
2011-07-06,76.5199966430664,76.5199966430664,77.2699966430664,76.18000030517578,77.2699966430664,4501400
2011-07-07,77.7699966430664,77.7699966430664,77.95999908447266,76.86000061035156,77.12999725341797,4167500
2011-07-08,76.9000015258789,76.9000015258789,76.9800033569336,76.37000274658203,76.91999816894531,3618700
2011-07-11,75.2699966430664,75.2699966430664,76.33999633789062,75.01000213623047,76.0,4780200
2011-07-12,75.77999877929688,75.77999877929688,76.75,75.0,75.06999969482422,4566300
2011-07-13,76.31999969482422,76.31999969482422,76.97000122070312,76.0999984741211,76.11000061035156,4039600
2011-07-14,76.0999984741211,76.0999984741211,76.69000244140625,75.87999725341797,76.5,4693200
2011-07-15,75.36000061035156,75.36000061035156,76.41000366210938,74.94999694824219,76.41000366210938,6131200
2011-07-18,75.11000061035156,75.11000061035156,75.36000061035156,74.7300033569336,75.12000274658203,4753800
2011-07-19,76.29000091552734,76.29000091552734,76.29000091552734,75.16999816894531,75.29000091552734,4702100
2011-07-20,76.13999938964844,76.13999938964844,76.5,75.81999969482422,76.44000244140625,3505700
2011-07-21,77.33999633789062,77.33999633789062,77.5999984741211,76.33999633789062,76.4000015258789,6298900
2011-07-22,77.05000305175781,77.05000305175781,77.45999908447266,76.61000061035156,77.26000213623047,3095900
2011-07-25,75.91000366210938,75.91000366210938,76.31999969482422,75.69000244140625,75.91000366210938,4706500
2011-07-26,75.51000213623047,75.51000213623047,76.0,75.43000030517578,75.79000091552734,4555800
2011-07-27,74.69000244140625,74.69000244140625,75.3499984741211,74.66000366210938,75.01000213623047,6823500
2011-07-28,74.8499984741211,74.8499984741211,75.47000122070312,74.5199966430664,74.72000122070312,4613000
2011-07-29,74.16999816894531,74.16999816894531,74.98999786376953,74.12999725341797,74.2699966430664,6691800
2011-08-01,74.93000030517578,74.93000030517578,75.69999694824219,74.22000122070312,75.69999694824219,7541000
2011-08-02,73.37000274658203,73.37000274658203,74.73999786376953,73.37000274658203,74.41000366210938,7147900
2011-08-03,74.01000213623047,74.01000213623047,74.12999725341797,72.8499984741211,73.48999786376953,7860100
2011-08-04,70.98999786376953,70.98999786376953,73.45999908447266,70.81999969482422,73.38999938964844,12469700
2011-08-05,71.25,71.25,72.83000183105469,70.05000305175781,71.75,12309000
2011-08-08,66.6500015258789,66.6500015258789,71.2300033569336,66.51000213623047,70.0,21398700
2011-08-09,72.93000030517578,72.93000030517578,73.02999877929688,67.08000183105469,68.5,18489200
2011-08-10,67.5999984741211,67.5999984741211,71.47000122070312,67.41000366210938,71.45999908447266,16639700
2011-08-11,71.73999786376953,71.73999786376953,73.0999984741211,68.19000244140625,68.37000274658203,14238800
2011-08-12,71.5199966430664,71.5199966430664,73.23999786376953,71.06999969482422,72.52999877929688,7685400
2011-08-15,72.54000091552734,72.54000091552734,72.62999725341797,71.5199966430664,72.26000213623047,5741100
2011-08-16,71.77999877929688,71.77999877929688,72.25,70.76000213623047,72.05000305175781,6681400
2011-08-17,72.37999725341797,72.37999725341797,73.2699966430664,71.81999969482422,72.62000274658203,4978900
2011-08-18,69.55999755859375,69.55999755859375,70.56999969482422,68.3499984741211,70.44000244140625,10463500
2011-08-19,68.33000183105469,68.33000183105469,70.54000091552734,68.16999816894531,68.7699966430664,9167800
2011-08-22,67.80000305175781,67.80000305175781,69.87000274658203,67.69999694824219,69.29000091552734,6346500
2011-08-23,69.58999633789062,69.58999633789062,69.66000366210938,67.5999984741211,67.70999908447266,6677000
2011-08-24,70.75,70.75,70.83000183105469,69.0199966430664,69.29000091552734,6662600
2011-08-25,68.98999786376953,68.98999786376953,71.87999725341797,68.5999984741211,71.27999877929688,8650300
2011-08-26,69.83999633789062,69.83999633789062,70.73999786376953,67.94000244140625,68.66999816894531,6625900
2011-08-29,72.5999984741211,72.5999984741211,72.83000183105469,70.7699966430664,70.98999786376953,6854900
2011-08-30,72.26000213623047,72.26000213623047,73.04000091552734,71.80999755859375,72.16000366210938,5762100
2011-08-31,73.0,73.0,73.58999633789062,72.05000305175781,72.83999633789062,7571600
2011-09-01,71.37000274658203,71.37000274658203,73.20999908447266,71.3499984741211,73.20999908447266,6193100
2011-09-02,69.37000274658203,69.37000274658203,70.7300033569336,69.20999908447266,69.9000015258789,6519100
2011-09-06,68.37000274658203,68.37000274658203,68.80000305175781,67.55999755859375,67.55999755859375,8121100
2011-09-07,70.69999694824219,70.69999694824219,70.86000061035156,69.05000305175781,69.62000274658203,6219000
2011-09-08,69.41000366210938,69.41000366210938,70.55999755859375,69.4000015258789,70.12999725341797,5231400
2011-09-09,67.7699966430664,67.7699966430664,69.0999984741211,67.55000305175781,68.79000091552734,7413200
2011-09-12,69.23999786376953,69.23999786376953,69.25,67.01000213623047,67.12999725341797,6858900
2011-09-13,68.8499984741211,68.8499984741211,69.52999877929688,68.12000274658203,69.05999755859375,5414400
2011-09-14,69.41000366210938,69.41000366210938,69.94999694824219,67.91999816894531,69.30999755859375,6263900
2011-09-15,70.83000183105469,70.83000183105469,70.88999938964844,69.44999694824219,69.98999786376953,6455900
2011-09-16,71.55000305175781,71.55000305175781,71.87000274658203,70.55000305175781,71.20999908447266,13375700
2011-09-19,69.66000366210938,69.66000366210938,70.20999908447266,69.30000305175781,70.05000305175781,5165300
2011-09-20,69.72000122070312,69.72000122070312,70.7699966430664,69.68000030517578,70.01000213623047,4667400
2011-09-21,67.22000122070312,67.22000122070312,70.0,67.11000061035156,69.80999755859375,8347100
2011-09-22,66.0,66.0,67.0,65.3499984741211,66.66999816894531,16309200
2011-09-23,66.37000274658203,66.37000274658203,66.66000366210938,65.61000061035156,65.91999816894531,8074000
2011-09-26,72.08999633789062,72.08999633789062,72.48999786376953,68.9000015258789,68.9000015258789,14909700
2011-09-27,72.06999969482422,72.06999969482422,74.29000091552734,71.5999984741211,73.08000183105469,12372100
2011-09-28,70.77999877929688,70.77999877929688,72.5,70.55000305175781,72.23999786376953,7879600
2011-09-29,72.70999908447266,72.70999908447266,72.73999786376953,70.9800033569336,72.30999755859375,8928800
2011-09-30,71.04000091552734,71.04000091552734,72.41999816894531,71.0199966430664,71.44999694824219,9407500
2011-10-03,70.05999755859375,70.05999755859375,72.23999786376953,70.0,71.05999755859375,10781600
2011-10-04,73.16999816894531,73.16999816894531,73.55000305175781,69.06999969482422,69.06999969482422,13400000
2011-10-05,73.2300033569336,73.2300033569336,73.44999694824219,71.52999877929688,73.1500015258789,8652900
2011-10-06,73.62999725341797,73.62999725341797,73.76000213623047,72.12000274658203,73.01000213623047,7232400
2011-10-07,71.69999694824219,71.69999694824219,73.73999786376953,71.63999938964844,73.62000274658203,8022800
2011-10-10,74.11000061035156,74.11000061035156,74.41000366210938,72.77999877929688,73.12999725341797,6998400
2011-10-11,73.41000366210938,73.41000366210938,74.2699966430664,72.88999938964844,73.68000030517578,5223800
2011-10-12,74.70999908447266,74.70999908447266,75.33000183105469,73.33000183105469,74.01000213623047,8186900
2011-10-13,74.05000305175781,74.05000305175781,74.62000274658203,73.38999938964844,74.33999633789062,5616800
2011-10-14,74.75,74.75,74.88999938964844,73.75,74.80999755859375,5023900
2011-10-17,72.88999938964844,72.88999938964844,74.31999969482422,72.55000305175781,73.94999694824219,5838400
2011-10-18,75.06999969482422,75.06999969482422,75.5,72.86000061035156,72.97000122070312,8160800
2011-10-19,74.11000061035156,74.11000061035156,75.75,73.87999725341797,74.76000213623047,5615100
2011-10-20,75.87000274658203,75.87000274658203,76.0,74.2300033569336,74.38999938964844,6256100
2011-10-21,77.44999694824219,77.44999694824219,77.5,75.91999816894531,76.30000305175781,8061300
2011-10-24,77.23999786376953,77.23999786376953,77.72000122070312,76.54000091552734,77.4000015258789,5440200
2011-10-25,75.73999786376953,75.73999786376953,76.87000274658203,75.30999755859375,76.79000091552734,6160700
2011-10-26,78.0199966430664,78.0199966430664,78.47000122070312,75.88999938964844,76.7699966430664,8236200
2011-10-27,80.48999786376953,80.48999786376953,80.58000183105469,79.01000213623047,79.68000030517578,12262700
2011-10-28,79.95999908447266,79.95999908447266,80.01000213623047,79.04000091552734,79.73999786376953,6529600
2011-10-31,77.86000061035156,77.86000061035156,79.72000122070312,77.80000305175781,78.52999877929688,6541700
2011-11-01,75.5199966430664,75.5199966430664,76.8499984741211,75.33999633789062,76.12000274658203,9441500
2011-11-02,77.48999786376953,77.48999786376953,77.79000091552734,76.13999938964844,76.62000274658203,5980900
2011-11-03,78.81999969482422,78.81999969482422,79.0,76.7699966430664,78.16000366210938,6364400
2011-11-04,77.23999786376953,77.23999786376953,78.19000244140625,76.86000061035156,78.1500015258789,5579900
2011-11-07,77.0999984741211,77.0999984741211,77.48999786376953,76.02999877929688,77.4800033569336,4353600
2011-11-08,78.16000366210938,78.16000366210938,78.4000015258789,76.62000274658203,77.5,5377500
2011-11-09,75.4000015258789,75.4000015258789,77.06999969482422,75.2300033569336,76.8499984741211,8536400
2011-11-10,75.98999786376953,75.98999786376953,76.51000213623047,75.29000091552734,76.47000122070312,4401600
2011-11-11,76.97000122070312,76.97000122070312,77.12999725341797,76.27999877929688,76.88999938964844,4848800
2011-11-14,75.86000061035156,75.86000061035156,76.88999938964844,75.51000213623047,76.51000213623047,4372400
2011-11-15,75.93000030517578,75.93000030517578,76.58000183105469,75.2300033569336,75.45999908447266,4198200
2011-11-16,74.66999816894531,74.66999816894531,76.0,74.51000213623047,75.5,6357100
2011-11-17,74.30000305175781,74.30000305175781,75.66999816894531,73.9000015258789,74.72000122070312,6268500
2011-11-18,75.37000274658203,75.37000274658203,75.62000274658203,74.56999969482422,74.9000015258789,5780500
2011-11-21,74.31999969482422,74.31999969482422,74.97000122070312,73.9000015258789,74.0999984741211,5980900
2011-11-22,74.36000061035156,74.36000061035156,75.29000091552734,74.0999984741211,74.1500015258789,4368500
2011-11-23,72.75,72.75,73.91000366210938,72.72000122070312,73.77999877929688,6463400
2011-11-25,72.88999938964844,72.88999938964844,73.52999877929688,72.5999984741211,72.7699966430664,2770900
2011-11-28,75.4800033569336,75.4800033569336,75.72000122070312,74.1500015258789,74.4000015258789,6463500
2011-11-29,75.12999725341797,75.12999725341797,75.87000274658203,75.01000213623047,75.87000274658203,4009200
2011-11-30,78.76000213623047,78.76000213623047,79.01000213623047,76.19999694824219,76.66000366210938,10929600
2011-12-01,77.80999755859375,77.80999755859375,78.4000015258789,77.37999725341797,78.20999908447266,4769800
2011-12-02,77.44000244140625,77.44000244140625,78.9000015258789,77.31999969482422,78.52999877929688,5031900
2011-12-05,78.11000061035156,78.11000061035156,78.83999633789062,77.2300033569336,78.25,5457600
2011-12-06,78.1500015258789,78.1500015258789,78.79000091552734,77.25,78.08000183105469,4222300
2011-12-07,78.72000122070312,78.72000122070312,78.9000015258789,76.95999908447266,77.81999969482422,5414100
2011-12-08,76.94000244140625,76.94000244140625,77.98999786376953,76.66000366210938,77.81999969482422,5839800
2011-12-09,77.61000061035156,77.61000061035156,78.0,77.19000244140625,77.51000213623047,5560200
2011-12-12,76.2699966430664,76.2699966430664,77.01000213623047,75.66999816894531,76.94000244140625,5586000
2011-12-13,75.86000061035156,75.86000061035156,76.9000015258789,75.0199966430664,76.55999755859375,6738100
2011-12-14,75.5199966430664,75.5199966430664,76.0999984741211,74.86000061035156,75.37999725341797,6807800
2011-12-15,74.9000015258789,74.9000015258789,76.44000244140625,74.83999633789062,76.23999786376953,5346600
2011-12-16,75.12999725341797,75.12999725341797,75.69999694824219,74.5999984741211,75.5,9269300
2011-12-19,74.04000091552734,74.04000091552734,75.31999969482422,73.7300033569336,75.05999755859375,5278000
2011-12-20,76.0999984741211,76.0999984741211,76.44000244140625,74.69000244140625,74.9800033569336,7374700
2011-12-21,76.22000122070312,76.22000122070312,76.33999633789062,75.5,76.33999633789062,4887400
2011-12-22,76.88999938964844,76.88999938964844,76.9000015258789,75.81999969482422,76.19999694824219,4067800
2011-12-23,77.73999786376953,77.73999786376953,77.80000305175781,76.70999908447266,76.94999694824219,2937100
2011-12-27,77.2300033569336,77.2300033569336,78.05000305175781,77.01000213623047,77.4800033569336,2829800
2011-12-28,76.5199966430664,76.5199966430664,77.41000366210938,76.30000305175781,77.30000305175781,3485300
2011-12-29,76.9000015258789,76.9000015258789,77.0,76.29000091552734,76.88999938964844,3128500
2011-12-30,76.30000305175781,76.30000305175781,76.8499984741211,76.30000305175781,76.8499984741211,2397100
2012-01-03,77.68000030517578,77.68000030517578,78.29000091552734,77.30999755859375,77.37999725341797,5343500
2012-01-04,76.80000305175781,76.80000305175781,77.55000305175781,76.5999984741211,77.55000305175781,4264400
2012-01-05,76.93000030517578,76.93000030517578,77.12000274658203,75.86000061035156,76.41000366210938,4235400
2012-01-06,76.38999938964844,76.38999938964844,77.11000061035156,76.12999725341797,76.80999755859375,3751400
2012-01-09,76.29000091552734,76.29000091552734,76.7699966430664,75.94000244140625,76.48999786376953,2978200
2012-01-10,77.41999816894531,77.41999816894531,77.5,76.72000122070312,77.0,4815000
2012-01-11,78.0,78.0,78.05000305175781,76.91000366210938,77.22000122070312,3819700
2012-01-12,78.5,78.5,78.5,77.62999725341797,78.33000183105469,3749300
2012-01-13,77.7699966430664,77.7699966430664,77.94999694824219,77.0,77.83999633789062,4772300
2012-01-17,77.97000122070312,77.97000122070312,78.62000274658203,77.5999984741211,78.56999969482422,4344500
2012-01-18,78.91999816894531,78.91999816894531,78.91999816894531,77.83000183105469,77.88999938964844,4396600
2012-01-19,79.58999633789062,79.58999633789062,79.58999633789062,78.58999633789062,78.9800033569336,4609200
2012-01-20,79.91000366210938,79.91000366210938,79.91999816894531,79.33999633789062,79.62999725341797,5359300
2012-01-23,79.1500015258789,79.1500015258789,79.70999908447266,78.80999755859375,79.5999984741211,3264800
2012-01-24,78.4800033569336,78.4800033569336,78.77999877929688,78.13999938964844,78.47000122070312,2754000
2012-01-25,79.8499984741211,79.8499984741211,79.95999908447266,77.95999908447266,78.22000122070312,4573800
2012-01-26,79.66000366210938,79.66000366210938,80.08000183105469,79.04000091552734,79.94000244140625,5180000
2012-01-27,79.41999816894531,79.41999816894531,79.7300033569336,78.87000274658203,79.33000183105469,3590700
2012-01-30,78.69000244140625,78.69000244140625,78.80000305175781,78.0999984741211,78.2699966430664,3638800
2012-01-31,78.37000274658203,78.37000274658203,79.26000213623047,78.25,79.18000030517578,4262700
2012-02-01,78.66000366210938,78.66000366210938,79.6500015258789,78.58000183105469,78.79000091552734,4893300
2012-02-02,78.7300033569336,78.7300033569336,79.04000091552734,78.44999694824219,78.87999725341797,3011200
2012-02-03,80.0,80.0,80.05000305175781,79.27999877929688,79.55999755859375,7008900
2012-02-06,79.8499984741211,79.8499984741211,79.93000030517578,79.44000244140625,79.5,3208700
2012-02-07,79.87999725341797,79.87999725341797,80.0,79.18000030517578,79.37999725341797,2259100
2012-02-08,79.66000366210938,79.66000366210938,79.88999938964844,79.47000122070312,79.81999969482422,3306300
2012-02-09,79.19999694824219,79.19999694824219,79.77999877929688,78.94999694824219,79.66000366210938,3696700
2012-02-10,78.79000091552734,78.79000091552734,79.27999877929688,78.5,78.8499984741211,4789300
2012-02-13,79.44000244140625,79.44000244140625,79.61000061035156,79.01000213623047,79.16000366210938,3182800
2012-02-14,78.91999816894531,78.91999816894531,79.30000305175781,78.23999786376953,79.27999877929688,4215100
2012-02-15,78.06999969482422,78.06999969482422,79.33999633789062,77.88999938964844,79.04000091552734,4922100
2012-02-16,78.91000366210938,78.91000366210938,78.9800033569336,77.9800033569336,78.02999877929688,4429500
2012-02-17,79.41999816894531,79.41999816894531,79.6500015258789,78.87999725341797,79.27999877929688,5603200
2012-02-21,79.62999725341797,79.62999725341797,79.87999725341797,79.30999755859375,79.44000244140625,3322500
2012-02-22,78.93000030517578,78.93000030517578,79.58999633789062,78.80000305175781,79.5,3295500
2012-02-23,79.37000274658203,79.37000274658203,79.41000366210938,78.72000122070312,78.72000122070312,3624100
2012-02-24,80.04000091552734,80.04000091552734,80.0999984741211,79.5199966430664,79.62999725341797,5552800
2012-02-27,80.25,80.25,80.4800033569336,78.69999694824219,79.44999694824219,6411700
2012-02-28,79.44000244140625,79.44000244140625,80.48999786376953,79.19999694824219,80.48999786376953,4653600
2012-02-29,78.44999694824219,78.44999694824219,79.66999816894531,78.41000366210938,79.56999969482422,7259200
2012-03-01,78.77999877929688,78.77999877929688,78.91999816894531,78.44000244140625,78.63999938964844,3893400
2012-03-02,78.29000091552734,78.29000091552734,78.75,78.18000030517578,78.5999984741211,3727600
2012-03-05,79.16999816894531,79.16999816894531,79.30000305175781,78.27999877929688,78.48999786376953,4810100
2012-03-06,78.47000122070312,78.47000122070312,79.04000091552734,78.30999755859375,78.68000030517578,5516300
2012-03-07,78.81999969482422,78.81999969482422,78.83999633789062,78.26000213623047,78.52999877929688,4060400
2012-03-08,78.87000274658203,78.87000274658203,79.1500015258789,78.43000030517578,79.0199966430664,3829400
2012-03-09,79.41000366210938,79.41000366210938,79.5,78.83000183105469,79.02999877929688,3625600
2012-03-12,79.54000091552734,79.54000091552734,79.66000366210938,79.30000305175781,79.43000030517578,3004000
2012-03-13,80.76000213623047,80.76000213623047,80.8499984741211,79.66000366210938,79.72000122070312,7088200
2012-03-14,80.70999908447266,80.70999908447266,80.88999938964844,80.38999938964844,80.69000244140625,4494000
2012-03-15,81.33999633789062,81.33999633789062,81.37000274658203,80.33000183105469,80.55000305175781,4947100
2012-03-16,81.06999969482422,81.06999969482422,81.48999786376953,80.94999694824219,81.2300033569336,7095500
2012-03-19,81.4800033569336,81.4800033569336,81.62000274658203,81.02999877929688,81.11000061035156,3742200
2012-03-20,81.44999694824219,81.44999694824219,81.5999984741211,81.06999969482422,81.25,2864100
2012-03-21,81.20999908447266,81.20999908447266,81.45999908447266,80.7300033569336,81.44999694824219,3558000
2012-03-22,80.93000030517578,80.93000030517578,81.08999633789062,80.55999755859375,80.80999755859375,3296000
2012-03-23,81.37999725341797,81.37999725341797,81.5999984741211,80.7699966430664,81.06999969482422,3364500
2012-03-26,82.33999633789062,82.33999633789062,82.33999633789062,81.69999694824219,81.87999725341797,4139700
2012-03-27,81.76000213623047,81.76000213623047,82.47000122070312,81.69999694824219,82.47000122070312,3259000
2012-03-28,81.77999877929688,81.77999877929688,81.88999938964844,80.94999694824219,81.8499984741211,3983600
2012-03-29,81.3499984741211,81.3499984741211,81.66000366210938,80.75,81.2699966430664,3599100
2012-03-30,81.1500015258789,81.1500015258789,81.80999755859375,80.88999938964844,81.62000274658203,4054700
2012-04-02,81.83999633789062,81.83999633789062,82.02999877929688,81.0,81.1500015258789,3844700
2012-04-03,81.54000091552734,81.54000091552734,81.83999633789062,80.7699966430664,81.5,4495700
2012-04-04,81.05000305175781,81.05000305175781,81.45999908447266,80.79000091552734,81.0,3245600
2012-04-05,80.91000366210938,80.91000366210938,81.27999877929688,80.6500015258789,80.80999755859375,2826000
2012-04-09,79.76000213623047,79.76000213623047,80.26000213623047,79.5999984741211,80.18000030517578,3710600
2012-04-10,78.69999694824219,78.69999694824219,79.80000305175781,78.68000030517578,79.5999984741211,5062200
2012-04-11,79.05000305175781,79.05000305175781,79.5999984741211,78.83999633789062,79.5999984741211,3530900
2012-04-12,80.05999755859375,80.05999755859375,80.19999694824219,78.73999786376953,78.91000366210938,3655300
2012-04-13,78.81999969482422,78.81999969482422,80.0,78.69999694824219,79.91000366210938,4428600
2012-04-16,79.66999816894531,79.66999816894531,79.94000244140625,79.08000183105469,79.4800033569336,3773800
2012-04-17,80.76000213623047,80.76000213623047,80.98999786376953,79.87000274658203,80.27999877929688,4627900
2012-04-18,79.73999786376953,79.73999786376953,80.2300033569336,79.6500015258789,79.9000015258789,5471100
2012-04-19,79.27999877929688,79.27999877929688,80.02999877929688,78.75,79.7699966430664,4467800
2012-04-20,78.9000015258789,78.9000015258789,79.55999755859375,78.86000061035156,79.2699966430664,5653200
2012-04-23,78.80000305175781,78.80000305175781,79.18000030517578,78.20999908447266,78.41999816894531,5233700
2012-04-24,79.79000091552734,79.79000091552734,79.8499984741211,78.83000183105469,78.98999786376953,3968900
2012-04-25,79.94000244140625,79.94000244140625,80.06999969482422,79.6500015258789,79.86000061035156,4128200
2012-04-26,80.4000015258789,80.4000015258789,80.58000183105469,79.73999786376953,79.87000274658203,3622700
2012-04-27,80.55999755859375,80.55999755859375,80.69999694824219,80.12000274658203,80.44000244140625,3743900
2012-04-30,80.44999694824219,80.44999694824219,80.72000122070312,80.20999908447266,80.51000213623047,2776900
2012-05-01,81.45999908447266,81.45999908447266,81.4800033569336,80.4000015258789,80.47000122070312,3584000
2012-05-02,81.12999725341797,81.12999725341797,81.25,80.68000030517578,81.12000274658203,2797700
2012-05-03,81.26000213623047,81.26000213623047,81.54000091552734,81.04000091552734,81.25,3575200
2012-05-04,80.94000244140625,80.94000244140625,81.25,80.52999877929688,80.80999755859375,4502700
2012-05-07,82.47000122070312,82.47000122070312,82.58999633789062,80.94999694824219,81.26000213623047,6757000
2012-05-08,82.22000122070312,82.22000122070312,82.45999908447266,81.5199966430664,82.30000305175781,5704100
2012-05-09,81.43000030517578,81.43000030517578,82.0,81.43000030517578,81.5,4865600
2012-05-10,81.77999877929688,81.77999877929688,82.4000015258789,81.61000061035156,81.98999786376953,4085000
2012-05-11,81.5999984741211,81.5999984741211,82.27999877929688,81.0,81.25,4197400
2012-05-14,80.52999877929688,80.52999877929688,81.16999816894531,80.47000122070312,81.01000213623047,4076300
2012-05-15,80.20999908447266,80.20999908447266,80.91000366210938,80.1500015258789,80.36000061035156,3804600
2012-05-16,80.58999633789062,80.58999633789062,81.08999633789062,80.26000213623047,80.41999816894531,6713700
2012-05-17,79.87000274658203,79.87000274658203,80.93000030517578,79.87000274658203,80.70999908447266,6093200
2012-05-18,78.91000366210938,78.91000366210938,80.23999786376953,78.63999938964844,80.23999786376953,6357100
2012-05-21,79.80000305175781,79.80000305175781,79.87000274658203,78.66000366210938,79.01000213623047,4185600
2012-05-22,79.6500015258789,79.6500015258789,80.80000305175781,79.25,80.01000213623047,3252300
2012-05-23,79.75,79.75,79.87000274658203,78.66999816894531,79.30000305175781,3483000
2012-05-24,79.80000305175781,79.80000305175781,79.98999786376953,79.08999633789062,79.79000091552734,2585400
2012-05-25,79.25,79.25,79.98999786376953,79.0,79.52999877929688,3002400
2012-05-29,79.81999969482422,79.81999969482422,79.94000244140625,79.25,79.7300033569336,3071200
2012-05-30,78.83000183105469,78.83000183105469,79.48999786376953,78.58999633789062,79.18000030517578,3852300
2012-05-31,79.36000061035156,79.36000061035156,79.8499984741211,78.27999877929688,78.63999938964844,4721100
2012-06-01,79.0199966430664,79.0199966430664,79.38999938964844,78.33000183105469,78.33000183105469,6865800
2012-06-04,79.04000091552734,79.04000091552734,79.08999633789062,78.44999694824219,79.0,5976200
2012-06-05,79.12000274658203,79.12000274658203,79.2699966430664,78.83000183105469,78.9000015258789,4172000
2012-06-06,80.68000030517578,80.68000030517578,80.68000030517578,78.91000366210938,79.41999816894531,4955500
2012-06-07,80.66000366210938,80.66000366210938,81.25,80.37999725341797,80.88999938964844,4600100
2012-06-08,81.36000061035156,81.36000061035156,81.36000061035156,80.27999877929688,80.55999755859375,3200400
2012-06-11,80.27999877929688,80.27999877929688,81.66000366210938,80.19999694824219,81.58000183105469,3871300
2012-06-12,81.26000213623047,81.26000213623047,81.30999755859375,80.04000091552734,80.41999816894531,3777600
2012-06-13,80.58999633789062,80.58999633789062,81.13999938964844,80.23999786376953,81.01000213623047,3637100
2012-06-14,81.72000122070312,81.72000122070312,82.0,80.73999786376953,80.91000366210938,5153300
2012-06-15,82.56999969482422,82.56999969482422,82.56999969482422,82.05000305175781,82.2699966430664,6769300
2012-06-18,82.1500015258789,82.1500015258789,82.48999786376953,82.0199966430664,82.05999755859375,4033900
2012-06-19,82.9800033569336,82.9800033569336,83.02999877929688,82.33000183105469,82.4000015258789,4833400
2012-06-20,82.45999908447266,82.45999908447266,83.0,81.9000015258789,82.9800033569336,3797800
2012-06-21,81.19000244140625,81.19000244140625,82.80000305175781,81.02999877929688,82.68000030517578,4260700
2012-06-22,81.87000274658203,81.87000274658203,82.08999633789062,80.9000015258789,81.33999633789062,4370500
2012-06-25,80.47000122070312,80.47000122070312,81.31999969482422,80.44000244140625,81.31999969482422,4445600
2012-06-26,81.33000183105469,81.33000183105469,81.7699966430664,80.45999908447266,80.72000122070312,3473300
2012-06-27,81.9800033569336,81.9800033569336,82.4000015258789,81.43000030517578,81.45999908447266,3289300
2012-06-28,82.33999633789062,82.33999633789062,82.33999633789062,81.0,81.26000213623047,3401500
2012-06-29,83.33000183105469,83.33000183105469,83.33000183105469,82.5999984741211,82.73999786376953,5980900
2012-07-02,83.6500015258789,83.6500015258789,83.66999816894531,82.86000061035156,83.33999633789062,3668200
2012-07-03,83.77999877929688,83.77999877929688,83.87999725341797,83.2699966430664,83.63999938964844,1811100
2012-07-05,83.22000122070312,83.22000122070312,83.69999694824219,83.16000366210938,83.44999694824219,3094100
2012-07-06,82.54000091552734,82.54000091552734,82.83000183105469,82.13999938964844,82.5,3249300
2012-07-09,83.38999938964844,83.38999938964844,83.66999816894531,82.37999725341797,82.56999969482422,3695100
2012-07-10,83.05000305175781,83.05000305175781,83.72000122070312,82.9000015258789,83.62999725341797,3531900
2012-07-11,84.08999633789062,84.08999633789062,84.41000366210938,83.25,83.25,5289100
2012-07-12,83.54000091552734,83.54000091552734,83.98999786376953,83.19000244140625,83.41999816894531,3992200
2012-07-13,84.4800033569336,84.4800033569336,84.48999786376953,83.51000213623047,83.7699966430664,3833700
2012-07-16,83.9800033569336,83.9800033569336,84.48999786376953,83.5,84.30999755859375,3234500
2012-07-17,85.19000244140625,85.19000244140625,85.19000244140625,83.70999908447266,84.05999755859375,4669000
2012-07-18,84.9800033569336,84.9800033569336,85.3499984741211,84.79000091552734,84.87999725341797,3572400
2012-07-19,84.62999725341797,84.62999725341797,85.16999816894531,84.20999908447266,84.97000122070312,2936500
2012-07-20,83.83000183105469,83.83000183105469,84.27999877929688,83.61000061035156,84.22000122070312,4534400
2012-07-23,83.58999633789062,83.58999633789062,84.22000122070312,82.94999694824219,82.98999786376953,3814800
2012-07-24,83.69999694824219,83.69999694824219,83.9000015258789,83.02999877929688,83.54000091552734,3465600
2012-07-25,84.04000091552734,84.04000091552734,84.44000244140625,83.33000183105469,84.12999725341797,3773300
2012-07-26,84.66999816894531,84.66999816894531,85.16999816894531,84.41999816894531,84.69000244140625,4039300
2012-07-27,85.19999694824219,85.19999694824219,85.38999938964844,84.75,85.05000305175781,4651300
2012-07-30,85.2300033569336,85.2300033569336,85.44000244140625,84.80999755859375,85.01000213623047,2717000
2012-07-31,84.83999633789062,84.83999633789062,85.19000244140625,84.55000305175781,85.16000366210938,3175200
2012-08-01,84.62000274658203,84.62000274658203,85.30999755859375,82.12000274658203,85.04000091552734,9871600
2012-08-02,84.08000183105469,84.08000183105469,84.47000122070312,83.2300033569336,84.0199966430664,4197100
2012-08-03,85.58000183105469,85.58000183105469,85.69000244140625,84.70999908447266,84.75,5062400
2012-08-06,85.1500015258789,85.1500015258789,86.01000213623047,85.08999633789062,86.01000213623047,3296200
2012-08-07,84.66999816894531,84.66999816894531,85.75,84.63999938964844,85.36000061035156,4796300
2012-08-08,84.6500015258789,84.6500015258789,84.8499984741211,84.29000091552734,84.30000305175781,2847600
2012-08-09,84.54000091552734,84.54000091552734,85.0,84.37999725341797,84.69999694824219,2789100
2012-08-10,84.7699966430664,84.7699966430664,84.87000274658203,84.20999908447266,84.43000030517578,2187800
2012-08-13,84.98999786376953,84.98999786376953,85.12000274658203,84.5,84.61000061035156,2133600
2012-08-14,84.94000244140625,84.94000244140625,85.27999877929688,84.70999908447266,85.06999969482422,2550600
2012-08-15,84.70999908447266,84.70999908447266,85.19000244140625,84.66000366210938,84.94999694824219,2127300
2012-08-16,85.22000122070312,85.22000122070312,85.5,84.52999877929688,84.79000091552734,3314900
2012-08-17,85.87000274658203,85.87000274658203,85.87000274658203,85.19999694824219,85.4800033569336,3610100
2012-08-20,85.75,85.75,85.76000213623047,85.2699966430664,85.5,2556200
2012-08-21,85.22000122070312,85.22000122070312,85.88999938964844,85.0199966430664,85.86000061035156,3242700
2012-08-22,85.69000244140625,85.69000244140625,85.94999694824219,85.0199966430664,85.25,3300800
2012-08-23,85.1500015258789,85.1500015258789,85.68000030517578,85.12000274658203,85.6500015258789,2749000
2012-08-24,85.38999938964844,85.38999938964844,85.51000213623047,84.91999816894531,85.0,2126600
2012-08-27,85.41000366210938,85.41000366210938,85.76000213623047,85.12999725341797,85.38999938964844,2041200
2012-08-28,84.91999816894531,84.91999816894531,85.55999755859375,84.88999938964844,85.08000183105469,2526800
2012-08-29,84.55000305175781,84.55000305175781,84.80999755859375,84.12999725341797,84.58000183105469,3599500
2012-08-30,84.01000213623047,84.01000213623047,84.3499984741211,84.0,84.1500015258789,2707000
2012-08-31,84.33999633789062,84.33999633789062,84.66000366210938,83.97000122070312,84.41000366210938,3460300
2012-09-04,84.25,84.25,84.44999694824219,84.02999877929688,84.4000015258789,3139400
2012-09-05,85.19000244140625,85.19000244140625,85.33999633789062,84.33999633789062,84.44000244140625,4549200
2012-09-06,86.47000122070312,86.47000122070312,86.47000122070312,85.41000366210938,85.48999786376953,4890800
2012-09-07,86.63999938964844,86.63999938964844,86.70999908447266,86.41999816894531,86.70999908447266,4438100
2012-09-10,86.61000061035156,86.61000061035156,87.13999938964844,86.47000122070312,86.62000274658203,3064600
2012-09-11,86.76000213623047,86.76000213623047,86.97000122070312,86.4800033569336,86.62000274658203,2986200
2012-09-12,86.7300033569336,86.7300033569336,87.05000305175781,85.23999786376953,86.7300033569336,4033300
2012-09-13,88.55999755859375,88.55999755859375,88.5999984741211,86.52999877929688,86.52999877929688,6392600
2012-09-14,88.69999694824219,88.69999694824219,89.2300033569336,88.12000274658203,88.5199966430664,5173200
2012-09-17,88.5199966430664,88.5199966430664,88.73999786376953,88.31999969482422,88.56999969482422,3623500
2012-09-18,88.61000061035156,88.61000061035156,88.61000061035156,88.19000244140625,88.5,4250400
2012-09-19,88.94999694824219,88.94999694824219,89.23999786376953,88.45999908447266,88.45999908447266,3731500
2012-09-20,89.33000183105469,89.33000183105469,89.5,87.91000366210938,88.25,5708400
2012-09-21,89.54000091552734,89.54000091552734,89.94999694824219,89.2699966430664,89.87000274658203,17216000
2012-09-24,88.66000366210938,88.66000366210938,89.66999816894531,88.6500015258789,88.94000244140625,4474500
2012-09-25,88.12000274658203,88.12000274658203,89.41000366210938,88.11000061035156,88.91000366210938,4084400
2012-09-26,88.33000183105469,88.33000183105469,89.11000061035156,88.20999908447266,88.30999755859375,3799200
2012-09-27,88.26000213623047,88.26000213623047,88.66000366210938,88.06999969482422,88.62000274658203,3333500
2012-09-28,88.19999694824219,88.19999694824219,88.5,87.41000366210938,88.30000305175781,5250600
2012-10-01,88.66000366210938,88.66000366210938,89.55000305175781,88.3499984741211,88.72000122070312,4819600
2012-10-02,88.83000183105469,88.83000183105469,89.30999755859375,88.4000015258789,89.0999984741211,2989200
2012-10-03,89.48999786376953,89.48999786376953,89.68000030517578,88.5,89.1500015258789,3601600
2012-10-04,90.36000061035156,90.36000061035156,90.51000213623047,89.56999969482422,89.8499984741211,4346000
2012-10-05,90.41999816894531,90.41999816894531,90.76000213623047,90.0999984741211,90.5199966430664,3624500
2012-10-08,90.16999816894531,90.16999816894531,90.61000061035156,90.12999725341797,90.37000274658203,2458400
2012-10-09,89.26000213623047,89.26000213623047,90.51000213623047,89.22000122070312,90.05000305175781,3340000
2012-10-10,88.7300033569336,88.7300033569336,89.52999877929688,88.51000213623047,89.22000122070312,2823300
2012-10-11,88.70999908447266,88.70999908447266,89.5999984741211,88.66000366210938,89.55000305175781,2304000
2012-10-12,88.25,88.25,89.58999633789062,88.2300033569336,89.02999877929688,3596300
2012-10-15,89.11000061035156,89.11000061035156,89.30000305175781,88.2699966430664,88.43000030517578,2997200
2012-10-16,89.93000030517578,89.93000030517578,90.0,89.5,89.6500015258789,3278300
2012-10-17,90.5,90.5,90.58000183105469,89.86000061035156,90.0,3668800
2012-10-18,90.62000274658203,90.62000274658203,90.93000030517578,90.30000305175781,90.61000061035156,4180300
2012-10-19,89.26000213623047,89.26000213623047,90.5,88.5,90.3499984741211,5933700
2012-10-22,88.51000213623047,88.51000213623047,89.3499984741211,87.8499984741211,89.22000122070312,4090400
2012-10-23,86.94999694824219,86.94999694824219,87.7699966430664,86.80000305175781,87.75,5068900
2012-10-24,86.94000244140625,86.94000244140625,87.69999694824219,86.80999755859375,87.47000122070312,3478600
2012-10-25,87.1500015258789,87.1500015258789,87.44999694824219,86.79000091552734,87.44999694824219,3210900
2012-10-26,86.66000366210938,86.66000366210938,87.1500015258789,86.26000213623047,87.13999938964844,4399100
2012-10-31,86.3499984741211,86.3499984741211,87.0,86.18000030517578,86.87999725341797,4547400
2012-11-01,87.68000030517578,87.68000030517578,87.68000030517578,86.54000091552734,86.63999938964844,5321600
2012-11-02,86.93000030517578,86.93000030517578,88.44000244140625,86.91999816894531,88.36000061035156,4356900
2012-11-05,86.86000061035156,86.86000061035156,87.19999694824219,85.41999816894531,87.0199966430664,5171600
2012-11-06,87.29000091552734,87.29000091552734,87.38999938964844,86.62999725341797,87.25,4425500
2012-11-07,85.44999694824219,85.44999694824219,87.0,85.2699966430664,86.75,5832300
2012-11-08,84.58000183105469,84.58000183105469,86.4800033569336,84.51000213623047,85.5999984741211,5360300
2012-11-09,85.18000030517578,85.18000030517578,85.80999755859375,83.8499984741211,84.4000015258789,4806600
2012-11-12,85.2699966430664,85.2699966430664,85.55999755859375,85.01000213623047,85.4000015258789,2656000
2012-11-13,85.87000274658203,85.87000274658203,86.66999816894531,84.75,84.83000183105469,4764000
2012-11-14,84.87999725341797,84.87999725341797,86.31999969482422,84.8499984741211,86.13999938964844,6157700
2012-11-15,85.30000305175781,85.30000305175781,85.75,84.98999786376953,85.16999816894531,3898200
2012-11-16,85.91000366210938,85.91000366210938,86.05000305175781,84.80000305175781,85.41999816894531,6037200
2012-11-19,86.76000213623047,86.76000213623047,86.87999725341797,86.19000244140625,86.72000122070312,4305000
2012-11-20,86.79000091552734,86.79000091552734,86.87000274658203,86.04000091552734,86.61000061035156,4140000
2012-11-21,87.58000183105469,87.58000183105469,87.58999633789062,86.7300033569336,86.9800033569336,3749400
2012-11-23,88.5,88.5,88.51000213623047,87.70999908447266,88.0,2093000
2012-11-26,88.29000091552734,88.29000091552734,88.31999969482422,87.93000030517578,88.30000305175781,3069900
2012-11-27,88.08000183105469,88.08000183105469,88.87999725341797,87.91000366210938,88.29000091552734,5076800
2012-11-28,88.2699966430664,88.2699966430664,88.30000305175781,87.25,87.83999633789062,5053000
2012-11-29,87.97000122070312,87.97000122070312,88.62000274658203,87.56999969482422,88.51000213623047,3738600
2012-11-30,88.08000183105469,88.08000183105469,88.2699966430664,87.75,88.01000213623047,4375500
2012-12-03,87.75,87.75,88.62000274658203,87.7300033569336,88.27999877929688,4414200
2012-12-04,87.2699966430664,87.2699966430664,87.94999694824219,87.0999984741211,87.88999938964844,3531000
2012-12-05,87.62000274658203,87.62000274658203,87.97000122070312,87.02999877929688,87.44999694824219,4557500
2012-12-06,87.48999786376953,87.48999786376953,87.87000274658203,87.19000244140625,87.61000061035156,3616000
2012-12-07,87.33000183105469,87.33000183105469,87.80000305175781,87.01000213623047,87.79000091552734,3892100
2012-12-10,87.0999984741211,87.0999984741211,87.33000183105469,87.01000213623047,87.30000305175781,3354900
2012-12-11,87.2699966430664,87.2699966430664,87.66999816894531,86.94999694824219,87.31999969482422,4166700
2012-12-12,89.31999969482422,89.31999969482422,90.04000091552734,87.80000305175781,88.0,11077000
2012-12-13,89.44000244140625,89.44000244140625,89.81999969482422,89.02999877929688,89.47000122070312,5568500
2012-12-14,89.1500015258789,89.1500015258789,89.73999786376953,89.08999633789062,89.5,4726300
2012-12-17,89.9800033569336,89.9800033569336,90.0199966430664,89.5,89.75,5503400
2012-12-18,90.37000274658203,90.37000274658203,90.4000015258789,89.80999755859375,89.97000122070312,6580800
2012-12-19,90.0999984741211,90.0999984741211,90.70999908447266,89.68000030517578,90.37000274658203,5137700
2012-12-20,90.69000244140625,90.69000244140625,90.83000183105469,90.0199966430664,90.30000305175781,5745500
2012-12-21,89.83000183105469,89.83000183105469,90.75,89.66000366210938,90.08999633789062,10074600
2012-12-24,89.83000183105469,89.83000183105469,90.02999877929688,89.37000274658203,89.79000091552734,2565200
2012-12-26,89.26000213623047,89.26000213623047,90.0,89.01000213623047,89.93000030517578,3409200
2012-12-27,89.22000122070312,89.22000122070312,89.66999816894531,88.76000213623047,89.22000122070312,4478500
2012-12-28,88.55000305175781,88.55000305175781,89.05999755859375,88.55000305175781,88.86000061035156,4482200
2012-12-31,89.69999694824219,89.69999694824219,89.81999969482422,88.11000061035156,88.48999786376953,7011800
2013-01-02,93.19999694824219,93.19999694824219,93.19999694824219,91.29000091552734,91.31999969482422,7529000
2013-01-03,93.62000274658203,93.62000274658203,94.33999633789062,92.81999969482422,93.11000061035156,7174600
2013-01-04,93.8499984741211,93.8499984741211,94.05000305175781,93.36000061035156,93.73999786376953,4142200
2013-01-07,93.44999694824219,93.44999694824219,93.87999725341797,93.13999938964844,93.80000305175781,3987500
2013-01-08,93.80999755859375,93.80999755859375,93.80999755859375,92.9800033569336,93.37999725341797,3657800
2013-01-09,93.31999969482422,93.31999969482422,94.08000183105469,93.0199966430664,94.08000183105469,3505000
2013-01-10,94.6500015258789,94.6500015258789,94.69000244140625,93.41000366210938,93.77999877929688,4682900
2013-01-11,94.38999938964844,94.38999938964844,94.75,94.22000122070312,94.72000122070312,4269400
2013-01-14,95.36000061035156,95.36000061035156,95.36000061035156,94.18000030517578,94.55000305175781,5144300
2013-01-15,95.36000061035156,95.36000061035156,95.4800033569336,94.76000213623047,95.11000061035156,3625600
2013-01-16,95.02999877929688,95.02999877929688,95.27999877929688,94.80999755859375,95.19999694824219,3810400
2013-01-17,95.30000305175781,95.30000305175781,95.5,94.83999633789062,95.44000244140625,3954800
2013-01-18,95.16000366210938,95.16000366210938,95.58999633789062,94.58000183105469,95.5,6390600
2013-01-22,95.91000366210938,95.91000366210938,95.91999816894531,94.87999725341797,95.16000366210938,4293600
2013-01-23,96.4800033569336,96.4800033569336,96.55999755859375,95.48999786376953,96.0,3679900
2013-01-24,97.30999755859375,97.30999755859375,97.7300033569336,96.52999877929688,96.58999633789062,4830500
2013-01-25,97.38999938964844,97.38999938964844,97.75,96.77999877929688,97.70999908447266,3808600
2013-01-28,97.12000274658203,97.12000274658203,97.54000091552734,96.75,97.41999816894531,3603300
2013-01-29,97.23999786376953,97.23999786376953,97.36000061035156,96.9800033569336,97.30999755859375,4329900
2013-01-30,96.87999725341797,96.87999725341797,97.33000183105469,96.44000244140625,97.31999969482422,3948500
2013-01-31,96.93000030517578,96.93000030517578,97.11000061035156,96.30000305175781,96.5,4425500
2013-02-01,98.0,98.0,99.0,97.19999694824219,97.55999755859375,4350900
2013-02-04,96.51000213623047,96.51000213623047,98.0,96.36000061035156,97.76000213623047,4226000
2013-02-05,97.91000366210938,97.91000366210938,98.04000091552734,97.0,97.16999816894531,3340700
2013-02-06,97.83000183105469,97.83000183105469,97.88999938964844,97.26000213623047,97.3499984741211,2904800
2013-02-07,97.11000061035156,97.11000061035156,97.97000122070312,97.01000213623047,97.80000305175781,3540100
2013-02-08,97.25,97.25,97.33000183105469,96.7300033569336,97.25,2996000
2013-02-11,97.12999725341797,97.12999725341797,97.5,97.04000091552734,97.45999908447266,1765300
2013-02-12,97.69999694824219,97.69999694824219,97.98999786376953,97.01000213623047,97.06999969482422,2385700
2013-02-13,97.97000122070312,97.97000122070312,98.19999694824219,97.58999633789062,97.72000122070312,2450100
2013-02-14,99.20999908447266,99.20999908447266,99.30999755859375,97.83999633789062,97.83999633789062,5013700
2013-02-15,99.7699966430664,99.7699966430664,99.79000091552734,99.2300033569336,99.63999938964844,5200600
2013-02-19,101.0199966430664,101.0199966430664,101.08000183105469,99.69999694824219,99.9800033569336,4290100
2013-02-20,100.22000122070312,100.22000122070312,101.48999786376953,100.0199966430664,101.13999938964844,5384400
2013-02-21,100.16999816894531,100.16999816894531,100.55000305175781,99.66999816894531,100.08999633789062,6168500
2013-02-22,101.20999908447266,101.20999908447266,101.2699966430664,100.22000122070312,100.5,3448400
2013-02-25,98.58000183105469,98.58000183105469,102.0,98.44000244140625,101.73999786376953,5836200
2013-02-26,98.72000122070312,98.72000122070312,101.0,98.25,99.05000305175781,4406400
2013-02-27,101.20999908447266,101.20999908447266,101.2699966430664,98.58000183105469,98.58000183105469,4319700
2013-02-28,102.16000366210938,102.16000366210938,102.33000183105469,101.30999755859375,101.44000244140625,8875500
2013-03-01,102.05000305175781,102.05000305175781,102.25,100.44000244140625,101.44999694824219,4812800
2013-03-04,101.94999694824219,101.94999694824219,101.9800033569336,100.5,101.66000366210938,4314100
2013-03-05,102.66000366210938,102.66000366210938,103.4800033569336,102.33000183105469,102.4800033569336,4449800
2013-03-06,103.23999786376953,103.23999786376953,103.55999755859375,102.76000213623047,103.29000091552734,3316300
2013-03-07,103.41000366210938,103.41000366210938,103.58000183105469,103.02999877929688,103.25,2619400
2013-03-08,103.62999725341797,103.62999725341797,104.0,103.0999984741211,103.9800033569336,3509600
2013-03-11,104.06999969482422,104.06999969482422,104.1500015258789,103.41000366210938,103.7699966430664,3268700
2013-03-12,103.01000213623047,103.01000213623047,104.19000244140625,102.12000274658203,104.08999633789062,3767500
2013-03-13,103.6500015258789,103.6500015258789,103.69999694824219,102.97000122070312,103.05999755859375,2876900
2013-03-14,103.98999786376953,103.98999786376953,104.25,103.58999633789062,103.80999755859375,3178400
2013-03-15,102.79000091552734,102.79000091552734,103.79000091552734,102.79000091552734,103.66999816894531,7253800
2013-03-18,102.12000274658203,102.12000274658203,102.8499984741211,101.91000366210938,102.11000061035156,3585500
2013-03-19,101.7699966430664,101.7699966430664,102.73999786376953,101.30000305175781,102.37000274658203,3343300
2013-03-20,102.33999633789062,102.33999633789062,102.56999969482422,101.87000274658203,102.18000030517578,3284100
2013-03-21,101.95999908447266,101.95999908447266,102.56999969482422,101.7300033569336,101.94000244140625,4422700
2013-03-22,102.56999969482422,102.56999969482422,102.69999694824219,101.94999694824219,101.98999786376953,2427800
2013-03-25,102.4000015258789,102.4000015258789,103.2699966430664,101.91999816894531,103.0,3238700
2013-03-26,103.81999969482422,103.81999969482422,103.83999633789062,102.45999908447266,102.88999938964844,3473900
2013-03-27,103.16000366210938,103.16000366210938,103.44999694824219,102.63999938964844,103.20999908447266,2358800
2013-03-28,104.19999694824219,104.19999694824219,104.4800033569336,102.97000122070312,103.31999969482422,4531100
2013-04-01,103.47000122070312,103.47000122070312,104.45999908447266,103.16999816894531,104.16999816894531,2416800
2013-04-02,105.13999938964844,105.13999938964844,105.5,103.80000305175781,103.95999908447266,4082200
2013-04-03,104.23999786376953,104.23999786376953,105.52999877929688,104.05000305175781,105.52999877929688,3894300
2013-04-04,105.12999725341797,105.12999725341797,105.55999755859375,104.36000061035156,104.66000366210938,3836400
2013-04-05,104.1500015258789,104.1500015258789,104.38999938964844,103.33999633789062,103.91000366210938,3680800
2013-04-08,105.26000213623047,105.26000213623047,105.29000091552734,103.62000274658203,104.54000091552734,2500000
2013-04-09,105.12000274658203,105.12000274658203,105.47000122070312,104.77999877929688,105.37999725341797,2666600
2013-04-10,106.33000183105469,106.33000183105469,106.37000274658203,104.91000366210938,105.2699966430664,3108600
2013-04-11,106.7300033569336,106.7300033569336,106.9800033569336,106.0199966430664,106.37999725341797,3547000
2013-04-12,107.04000091552734,107.04000091552734,107.05000305175781,106.30000305175781,106.5,3082100
2013-04-15,104.5199966430664,104.5199966430664,107.43000030517578,104.2699966430664,106.83999633789062,5594300
2013-04-16,107.16000366210938,107.16000366210938,107.48999786376953,105.1500015258789,105.29000091552734,4429800
2013-04-17,105.16999816894531,105.16999816894531,106.69000244140625,104.30000305175781,106.41999816894531,4493500
2013-04-18,103.0,103.0,105.2300033569336,102.69000244140625,105.0199966430664,3964900
2013-04-19,105.27999877929688,105.27999877929688,105.45999908447266,103.08999633789062,103.45999908447266,4167300
2013-04-22,105.0199966430664,105.0199966430664,105.72000122070312,104.12999725341797,105.5199966430664,3108100
2013-04-23,106.68000030517578,106.68000030517578,106.70999908447266,105.30000305175781,105.41999816894531,4082800
2013-04-24,106.75,106.75,107.0,106.36000061035156,106.72000122070312,2443500
2013-04-25,107.47000122070312,107.47000122070312,108.04000091552734,106.81999969482422,107.0199966430664,3579400
2013-04-26,107.0999984741211,107.0999984741211,107.9000015258789,106.5,107.54000091552734,3869800
2013-04-29,106.61000061035156,106.61000061035156,107.4000015258789,106.41000366210938,107.19000244140625,2573900
2013-04-30,106.31999969482422,106.31999969482422,106.69999694824219,105.62999725341797,106.5999984741211,5047000
2013-05-01,106.12000274658203,106.12000274658203,107.08999633789062,105.97000122070312,105.97000122070312,3133100
2013-05-02,107.30000305175781,107.30000305175781,107.33000183105469,106.23999786376953,106.48999786376953,2569000
2013-05-03,108.63999938964844,108.63999938964844,109.19999694824219,108.2300033569336,108.26000213623047,4447700
2013-05-06,110.0,110.0,111.25,109.44999694824219,110.94999694824219,4929200
2013-05-07,109.9000015258789,109.9000015258789,110.5,109.45999908447266,110.48999786376953,3679300
2013-05-08,110.94000244140625,110.94000244140625,110.9800033569336,109.43000030517578,109.95999908447266,3814900
2013-05-09,110.66000366210938,110.66000366210938,111.33999633789062,110.3499984741211,110.8499984741211,3405100
2013-05-10,111.81999969482422,111.81999969482422,111.87999725341797,111.0,111.0999984741211,3786300
2013-05-13,111.73999786376953,111.73999786376953,112.33999633789062,111.41000366210938,111.83000183105469,2806600
2013-05-14,112.66999816894531,112.66999816894531,112.7300033569336,111.80000305175781,112.08000183105469,3891300
2013-05-15,112.7699966430664,112.7699966430664,112.9800033569336,112.1500015258789,112.56999969482422,3854900
2013-05-16,111.54000091552734,111.54000091552734,112.52999877929688,111.25,112.5199966430664,3621800
2013-05-17,113.0199966430664,113.0199966430664,113.0999984741211,111.76000213623047,111.94999694824219,4791000
2013-05-20,113.0,113.0,113.55000305175781,112.58000183105469,112.87000274658203,3096600
2013-05-21,112.69999694824219,112.69999694824219,113.33999633789062,112.44999694824219,113.06999969482422,3614600
2013-05-22,111.8499984741211,111.8499984741211,113.44999694824219,111.11000061035156,112.81999969482422,5845600
2013-05-23,111.29000091552734,111.29000091552734,111.72000122070312,109.11000061035156,110.45999908447266,5564700
2013-05-24,110.83000183105469,110.83000183105469,110.83000183105469,109.91999816894531,110.5,3517000
2013-05-28,112.27999877929688,112.27999877929688,112.5,111.76000213623047,112.16999816894531,5312600
2013-05-29,113.02999877929688,113.02999877929688,113.45999908447266,111.41000366210938,111.66000366210938,4557200
2013-05-30,114.83999633789062,114.83999633789062,115.0,113.30999755859375,113.37000274658203,5531300
2013-05-31,114.06999969482422,114.06999969482422,115.0,113.87999725341797,114.81999969482422,8636300
2013-06-03,114.06999969482422,114.06999969482422,114.76000213623047,113.02999877929688,114.76000213623047,4944800
2013-06-04,113.41999816894531,113.41999816894531,114.0,112.9000015258789,113.94999694824219,4339600
2013-06-05,111.51000213623047,111.51000213623047,113.16000366210938,111.05000305175781,112.9000015258789,5034700
2013-06-06,113.0999984741211,113.0999984741211,113.16999816894531,111.1500015258789,111.33999633789062,4550300
2013-06-07,115.30999755859375,115.30999755859375,115.55000305175781,113.52999877929688,113.88999938964844,4725500
2013-06-10,115.1500015258789,115.1500015258789,115.9800033569336,114.80000305175781,115.55999755859375,3126900
2013-06-11,113.51000213623047,113.51000213623047,114.43000030517578,113.26000213623047,114.41000366210938,4064800
2013-06-12,112.94999694824219,112.94999694824219,114.3499984741211,112.66000366210938,114.01000213623047,3941700
2013-06-13,114.98999786376953,114.98999786376953,115.13999938964844,112.2699966430664,112.88999938964844,4018900
2013-06-14,114.16000366210938,114.16000366210938,115.08000183105469,113.94000244140625,114.94000244140625,2978600
2013-06-17,114.91999816894531,114.91999816894531,115.56999969482422,113.83000183105469,114.75,3509400
2013-06-18,115.16999816894531,115.16999816894531,115.58999633789062,114.83999633789062,115.01000213623047,2992200
2013-06-19,113.83999633789062,113.83999633789062,115.66000366210938,113.80999755859375,115.13999938964844,3471600
2013-06-20,111.41000366210938,111.41000366210938,113.91000366210938,110.86000061035156,113.19999694824219,6299300
2013-06-21,112.37999725341797,112.37999725341797,113.12999725341797,111.25,112.62999725341797,7188700
2013-06-24,110.70999908447266,110.70999908447266,112.0,109.52999877929688,111.75,5193400
2013-06-25,112.06999969482422,112.06999969482422,112.30999755859375,110.87999725341797,111.80999755859375,4147900
2013-06-26,112.91000366210938,112.91000366210938,113.5,112.2699966430664,112.9800033569336,3763100
2013-06-27,113.0,113.0,113.69999694824219,112.94999694824219,113.62999725341797,3209200
2013-06-28,111.91999816894531,111.91999816894531,112.86000061035156,111.66000366210938,112.66000366210938,4455800
2013-07-01,113.04000091552734,113.04000091552734,113.7699966430664,112.51000213623047,112.51000213623047,3302000
2013-07-02,112.5199966430664,112.5199966430664,113.36000061035156,112.08000183105469,112.83999633789062,2748600
2013-07-03,112.62999725341797,112.62999725341797,112.70999908447266,111.58000183105469,112.02999877929688,1350000
2013-07-05,114.95999908447266,114.95999908447266,115.0,113.20999908447266,113.33999633789062,3158100
2013-07-08,115.01000213623047,115.01000213623047,115.87000274658203,114.80000305175781,115.5,3482000
2013-07-09,115.80000305175781,115.80000305175781,115.94999694824219,115.11000061035156,115.62000274658203,3385900
2013-07-10,114.87999725341797,114.87999725341797,115.77999877929688,114.55999755859375,115.5,2606200
2013-07-11,116.9800033569336,116.9800033569336,117.37000274658203,115.43000030517578,115.98999786376953,4339900
2013-07-12,117.12000274658203,117.12000274658203,117.19999694824219,116.55000305175781,116.80999755859375,3285100
2013-07-15,117.20999908447266,117.20999908447266,117.47000122070312,116.86000061035156,117.33999633789062,2776300
2013-07-16,117.19999694824219,117.19999694824219,117.9800033569336,117.02999877929688,117.45999908447266,2653800
2013-07-17,117.62999725341797,117.62999725341797,118.12999725341797,117.44000244140625,117.83000183105469,3042000
2013-07-18,118.55999755859375,118.55999755859375,118.55999755859375,117.83000183105469,117.88999938964844,4139900
2013-07-19,118.9000015258789,118.9000015258789,119.08000183105469,118.11000061035156,118.68000030517578,3569700
2013-07-22,118.94000244140625,118.94000244140625,119.30000305175781,118.55000305175781,119.16000366210938,2786200
2013-07-23,118.20999908447266,118.20999908447266,119.08000183105469,118.1500015258789,119.06999969482422,2844500
2013-07-24,116.45999908447266,116.45999908447266,118.70999908447266,116.23999786376953,118.26000213623047,3657000
2013-07-25,117.06999969482422,117.06999969482422,117.45999908447266,115.51000213623047,116.0,3241400
2013-07-26,117.33999633789062,117.33999633789062,117.3499984741211,115.61000061035156,116.56999969482422,3139900
2013-07-29,116.41999816894531,116.41999816894531,116.91000366210938,115.9800033569336,116.91000366210938,2447100
2013-07-30,115.79000091552734,115.79000091552734,117.26000213623047,115.55999755859375,116.9000015258789,3559700
2013-07-31,115.87000274658203,115.87000274658203,116.88999938964844,115.80000305175781,116.37000274658203,3811700
2013-08-01,117.27999877929688,117.27999877929688,117.5,116.5199966430664,116.9800033569336,3992400
2013-08-02,117.81999969482422,117.81999969482422,117.86000061035156,116.8499984741211,117.37000274658203,3432400
2013-08-05,118.2300033569336,118.2300033569336,119.13999938964844,117.87999725341797,119.0999984741211,2858100
2013-08-06,117.91000366210938,117.91000366210938,118.44999694824219,117.26000213623047,118.2300033569336,2756900
2013-08-07,116.80000305175781,116.80000305175781,117.4000015258789,116.47000122070312,117.4000015258789,2767800
2013-08-08,117.63999938964844,117.63999938964844,117.86000061035156,116.5999984741211,117.4000015258789,2558200
2013-08-09,116.70999908447266,116.70999908447266,117.73999786376953,116.51000213623047,117.5,2194600
2013-08-12,117.12999725341797,117.12999725341797,117.33000183105469,116.0999984741211,116.23999786376953,2232900
2013-08-13,117.27999877929688,117.27999877929688,117.61000061035156,116.43000030517578,117.3499984741211,1903500
2013-08-14,116.56999969482422,116.56999969482422,117.33000183105469,116.45999908447266,117.04000091552734,1929300
2013-08-15,114.80000305175781,114.80000305175781,116.22000122070312,114.58999633789062,116.0,3626000
2013-08-16,115.23999786376953,115.23999786376953,115.69000244140625,114.30000305175781,114.52999877929688,3509900
2013-08-19,114.30000305175781,114.30000305175781,115.48999786376953,114.19000244140625,115.13999938964844,2249200
2013-08-20,115.01000213623047,115.01000213623047,115.3499984741211,114.1500015258789,114.20999908447266,2448400
2013-08-21,113.9800033569336,113.9800033569336,115.0,113.5199966430664,114.80000305175781,3111500
2013-08-22,114.75,114.75,115.33000183105469,113.97000122070312,114.18000030517578,3476000
2013-08-23,114.2699966430664,114.2699966430664,115.08999633789062,114.08000183105469,115.0,2951600
2013-08-26,113.8499984741211,113.8499984741211,114.94999694824219,113.83999633789062,114.33999633789062,3029200
2013-08-27,111.54000091552734,111.54000091552734,113.47000122070312,111.20999908447266,113.19999694824219,5034900
2013-08-28,112.19999694824219,112.19999694824219,112.83000183105469,111.11000061035156,111.16000366210938,3140900
2013-08-29,111.98999786376953,111.98999786376953,112.69000244140625,111.69999694824219,111.87999725341797,2655800
2013-08-30,111.22000122070312,111.22000122070312,112.4800033569336,110.72000122070312,112.25,3998100
2013-09-03,112.08000183105469,112.08000183105469,112.94999694824219,111.3499984741211,112.31999969482422,3340000
2013-09-04,112.08000183105469,112.08000183105469,112.44999694824219,111.3499984741211,111.75,3916100
2013-09-05,112.2699966430664,112.2699966430664,112.6500015258789,111.86000061035156,112.0,3398900
2013-09-06,111.86000061035156,111.86000061035156,112.54000091552734,110.72000122070312,112.44000244140625,2845300
2013-09-09,112.66999816894531,112.66999816894531,112.66999816894531,111.44999694824219,112.12999725341797,3028900
2013-09-10,113.58999633789062,113.58999633789062,113.80000305175781,112.81999969482422,113.30999755859375,3587800
2013-09-11,114.27999877929688,114.27999877929688,114.27999877929688,113.41999816894531,113.55999755859375,3536000
2013-09-12,113.37999725341797,113.37999725341797,114.25,113.08999633789062,114.25,2968400
2013-09-13,113.54000091552734,113.54000091552734,113.70999908447266,112.94000244140625,113.29000091552734,2010200
2013-09-16,114.83999633789062,114.83999633789062,115.0999984741211,114.22000122070312,114.37000274658203,3158400
2013-09-17,115.38999938964844,115.38999938964844,115.91999816894531,115.0199966430664,115.16000366210938,4196100
2013-09-18,116.69999694824219,116.69999694824219,117.06999969482422,114.94999694824219,115.38999938964844,4910100
2013-09-19,117.16999816894531,117.16999816894531,117.7699966430664,116.62000274658203,117.0999984741211,5064000
2013-09-20,117.9000015258789,117.9000015258789,117.97000122070312,116.8499984741211,117.7699966430664,8977900
2013-09-23,115.63999938964844,115.63999938964844,117.0999984741211,115.20999908447266,117.05999755859375,4477200
2013-09-24,115.05000305175781,115.05000305175781,115.87999725341797,114.8499984741211,115.7699966430664,3256800
2013-09-25,115.51000213623047,115.51000213623047,116.0,114.86000061035156,115.0,4326100
2013-09-26,115.79000091552734,115.79000091552734,116.37000274658203,115.01000213623047,115.41999816894531,2362400
2013-09-27,114.8499984741211,114.8499984741211,115.41000366210938,114.51000213623047,115.30000305175781,2777200
2013-09-30,113.51000213623047,113.51000213623047,114.11000061035156,113.0199966430664,113.73999786376953,3907300
2013-10-01,114.13999938964844,114.13999938964844,114.43000030517578,113.33999633789062,113.73999786376953,3146000
2013-10-02,114.41000366210938,114.41000366210938,114.41000366210938,113.16000366210938,113.55000305175781,4435300
2013-10-03,113.37000274658203,113.37000274658203,114.05000305175781,112.81999969482422,114.05000305175781,4110400
2013-10-04,113.75,113.75,114.33999633789062,113.30000305175781,113.41000366210938,3503000
2013-10-07,112.86000061035156,112.86000061035156,113.68000030517578,112.4000015258789,112.98999786376953,3651800
2013-10-08,111.37000274658203,111.37000274658203,113.12000274658203,111.25,112.86000061035156,4414000
2013-10-09,111.7699966430664,111.7699966430664,112.20999908447266,110.83999633789062,111.66000366210938,3773500
2013-10-10,114.83999633789062,114.83999633789062,114.91999816894531,113.05999755859375,113.13999938964844,4147000
2013-10-11,115.80999755859375,115.80999755859375,115.83000183105469,114.19999694824219,114.8499984741211,3551900
2013-10-14,116.0,116.0,116.08000183105469,114.48999786376953,114.98999786376953,3668400
2013-10-15,114.62999725341797,114.62999725341797,115.8499984741211,114.48999786376953,115.8499984741211,2872700
2013-10-16,116.69000244140625,116.69000244140625,116.79000091552734,114.97000122070312,115.19999694824219,3742800
2013-10-17,116.91999816894531,116.91999816894531,117.25,116.04000091552734,116.6500015258789,3703900
2013-10-18,116.97000122070312,116.97000122070312,117.5,116.77999877929688,117.47000122070312,3153100
2013-10-21,116.88999938964844,116.88999938964844,117.0,116.43000030517578,116.94999694824219,2175300
2013-10-22,117.48999786376953,117.48999786376953,117.61000061035156,117.0,117.19000244140625,3716600
2013-10-23,116.41000366210938,116.41000366210938,117.5,116.30000305175781,117.0999984741211,2758800
2013-10-24,116.83999633789062,116.83999633789062,117.30999755859375,116.61000061035156,116.94999694824219,2597200
2013-10-25,117.02999877929688,117.02999877929688,117.0999984741211,116.5199966430664,116.77999877929688,2941700
2013-10-28,116.94000244140625,116.94000244140625,117.20999908447266,116.66999816894531,117.18000030517578,2729700
2013-10-29,117.41000366210938,117.41000366210938,117.44000244140625,116.76000213623047,116.91000366210938,2584600
2013-10-30,116.33999633789062,116.33999633789062,117.69999694824219,116.30999755859375,117.55999755859375,2941300
2013-10-31,115.08999633789062,115.08999633789062,116.41000366210938,115.05000305175781,116.31999969482422,4376800
2013-11-01,115.2699966430664,115.2699966430664,116.06999969482422,114.94000244140625,115.27999877929688,3703900
2013-11-04,114.87000274658203,114.87000274658203,115.81999969482422,114.5,115.77999877929688,3522300
2013-11-05,114.36000061035156,114.36000061035156,115.0999984741211,114.30000305175781,114.47000122070312,2297600
2013-11-06,114.91000366210938,114.91000366210938,115.11000061035156,114.5999984741211,114.69000244140625,3536000
2013-11-07,113.83000183105469,113.83000183105469,115.45999908447266,113.79000091552734,115.12000274658203,3553400
2013-11-08,115.87999725341797,115.87999725341797,115.91999816894531,113.5,113.5,4497400
2013-11-11,115.6500015258789,115.6500015258789,116.0,115.26000213623047,115.5,1946800
2013-11-12,114.20999908447266,114.20999908447266,115.45999908447266,114.0,115.30999755859375,3084000
2013-11-13,114.80999755859375,114.80999755859375,114.88999938964844,113.76000213623047,113.76000213623047,3910100
2013-11-14,115.69000244140625,115.69000244140625,115.69000244140625,114.70999908447266,114.86000061035156,2854600
2013-11-15,116.30000305175781,116.30000305175781,116.33999633789062,115.23999786376953,115.33999633789062,3682400
2013-11-18,115.9000015258789,115.9000015258789,116.55999755859375,115.69000244140625,116.55999755859375,2633200
2013-11-19,115.83999633789062,115.83999633789062,116.22000122070312,115.45999908447266,115.9000015258789,2611300
2013-11-20,114.9000015258789,114.9000015258789,115.91999816894531,114.54000091552734,115.91999816894531,2833000
2013-11-21,116.41999816894531,116.41999816894531,116.51000213623047,114.70999908447266,115.31999969482422,3201300
2013-11-22,116.95999908447266,116.95999908447266,117.33000183105469,116.41999816894531,116.5199966430664,3181100
2013-11-25,115.62999725341797,115.62999725341797,117.27999877929688,115.37999725341797,117.18000030517578,4220600
2013-11-26,116.58000183105469,116.58000183105469,116.83999633789062,115.76000213623047,115.80000305175781,4320100
2013-11-27,116.58000183105469,116.58000183105469,116.94999694824219,115.95999908447266,116.5999984741211,2682100
2013-11-29,116.52999877929688,116.52999877929688,116.97000122070312,116.08999633789062,116.7300033569336,2098700
2013-12-02,115.33000183105469,115.33000183105469,116.58999633789062,115.11000061035156,116.5,4021100
2013-12-03,114.79000091552734,114.79000091552734,115.01000213623047,114.04000091552734,114.58999633789062,3913800
2013-12-04,115.30000305175781,115.30000305175781,115.58000183105469,114.0,114.3499984741211,3675700
2013-12-05,114.95999908447266,114.95999908447266,115.55999755859375,114.87000274658203,115.01000213623047,2874600
2013-12-06,116.66000366210938,116.66000366210938,116.69999694824219,115.76000213623047,115.97000122070312,3260500
2013-12-09,117.13999938964844,117.13999938964844,117.45999908447266,116.7699966430664,116.87999725341797,3370200
2013-12-10,115.61000061035156,115.61000061035156,117.1500015258789,115.5999984741211,117.02999877929688,2969700
2013-12-11,114.51000213623047,114.51000213623047,115.80000305175781,114.27999877929688,115.5999984741211,3754300
2013-12-12,114.37999725341797,114.37999725341797,115.05999755859375,114.04000091552734,114.48999786376953,3120300
2013-12-13,114.05999755859375,114.05999755859375,115.02999877929688,113.98999786376953,114.37999725341797,2982400
2013-12-16,113.95999908447266,113.95999908447266,114.70999908447266,113.66999816894531,114.4000015258789,4792000
2013-12-17,113.62999725341797,113.62999725341797,114.18000030517578,113.58000183105469,114.1500015258789,3699200
2013-12-18,116.13999938964844,116.13999938964844,116.2699966430664,113.5,113.93000030517578,5427100
2013-12-19,116.36000061035156,116.36000061035156,116.61000061035156,115.66000366210938,115.83999633789062,3489800
2013-12-20,115.5999984741211,115.5999984741211,116.69999694824219,115.5999984741211,116.23999786376953,7377000
2013-12-23,117.04000091552734,117.04000091552734,117.16999816894531,116.22000122070312,116.4000015258789,3506900
2013-12-24,117.43000030517578,117.43000030517578,117.43000030517578,117.0,117.2699966430664,1077700
2013-12-26,117.98999786376953,117.98999786376953,117.98999786376953,117.02999877929688,117.43000030517578,2036200
2013-12-27,118.0,118.0,118.20999908447266,117.72000122070312,117.98999786376953,1898800
2013-12-30,118.04000091552734,118.04000091552734,118.55999755859375,117.75,118.33000183105469,1942600
2013-12-31,118.55999755859375,118.55999755859375,118.66000366210938,117.80999755859375,118.05000305175781,2420000
2014-01-02,117.5,117.5,118.5,117.36000061035156,118.33999633789062,3087000
2014-01-03,117.56999969482422,117.56999969482422,118.0,117.37999725341797,117.5,2694500
2014-01-06,116.27999877929688,116.27999877929688,118.19999694824219,116.26000213623047,118.19999694824219,3426000
2014-01-07,116.19000244140625,116.19000244140625,116.94999694824219,115.95999908447266,116.61000061035156,4062000
2014-01-08,115.33999633789062,115.33999633789062,116.37000274658203,115.25,116.0,3822700
2014-01-09,115.31999969482422,115.31999969482422,115.93000030517578,115.02999877929688,115.7699966430664,3339600
2014-01-10,114.97000122070312,114.97000122070312,116.0199966430664,114.43000030517578,116.0199966430664,3344400
2014-01-13,114.01000213623047,114.01000213623047,115.27999877929688,113.76000213623047,115.08000183105469,4742300
2014-01-14,114.95999908447266,114.95999908447266,114.95999908447266,113.5999984741211,114.1500015258789,3766400
2014-01-15,115.8499984741211,115.8499984741211,115.8499984741211,114.69999694824219,115.2300033569336,4513300
2014-01-16,115.23999786376953,115.23999786376953,116.06999969482422,114.91000366210938,115.94000244140625,2702100
2014-01-17,115.06999969482422,115.06999969482422,115.58000183105469,114.75,115.47000122070312,4173000
2014-01-21,115.1500015258789,115.1500015258789,115.48999786376953,114.26000213623047,115.31999969482422,4248600
2014-01-22,115.26000213623047,115.26000213623047,115.91000366210938,115.05999755859375,115.41999816894531,2823300
2014-01-23,113.5,113.5,114.87000274658203,113.33000183105469,114.81999969482422,5138000
2014-01-24,111.80999755859375,111.80999755859375,113.19999694824219,111.76000213623047,113.05999755859375,7193300
2014-01-27,111.5,111.5,112.27999877929688,111.12999725341797,111.91999816894531,5172800
2014-01-28,112.01000213623047,112.01000213623047,112.69000244140625,111.8499984741211,111.94999694824219,4174900
2014-01-29,111.27999877929688,111.27999877929688,112.04000091552734,111.12000274658203,111.41000366210938,3914000
2014-01-30,113.0,113.0,113.33000183105469,111.37999725341797,111.8499984741211,3787600
2014-01-31,111.5999984741211,111.5999984741211,112.37000274658203,110.8499984741211,111.80999755859375,5865700
2014-02-03,108.98999786376953,108.98999786376953,112.11000061035156,108.83999633789062,112.11000061035156,7071000
2014-02-04,109.12999725341797,109.12999725341797,109.58999633789062,108.5999984741211,109.41999816894531,5589200
2014-02-05,108.77999877929688,108.77999877929688,109.30999755859375,108.12000274658203,108.94000244140625,4205900
2014-02-06,110.16000366210938,110.16000366210938,110.27999877929688,108.94000244140625,109.43000030517578,3909100
2014-02-07,112.61000061035156,112.61000061035156,112.69999694824219,110.61000061035156,110.61000061035156,5607600
2014-02-10,112.61000061035156,112.61000061035156,113.0,111.7300033569336,112.62000274658203,3118000
2014-02-11,113.61000061035156,113.61000061035156,113.79000091552734,112.13999938964844,112.83000183105469,4188400
2014-02-12,113.30000305175781,113.30000305175781,114.16000366210938,113.12999725341797,113.68000030517578,2907100
2014-02-13,114.69999694824219,114.69999694824219,114.7699966430664,112.58000183105469,112.86000061035156,3597000
2014-02-14,114.94999694824219,114.94999694824219,115.04000091552734,114.22000122070312,114.5,3072400
2014-02-18,114.7300033569336,114.7300033569336,115.22000122070312,114.36000061035156,115.16000366210938,2574800
2014-02-19,113.36000061035156,113.36000061035156,114.8499984741211,113.26000213623047,114.72000122070312,3683600
2014-02-20,113.0999984741211,113.0999984741211,113.48999786376953,112.30000305175781,113.33000183105469,4108200
2014-02-21,113.18000030517578,113.18000030517578,113.98999786376953,112.97000122070312,113.44000244140625,3350900
2014-02-24,113.19999694824219,113.19999694824219,114.0,113.12000274658203,113.25,3530100
2014-02-25,113.94000244140625,113.94000244140625,114.16000366210938,112.56999969482422,113.13999938964844,3255200
2014-02-26,113.69999694824219,113.69999694824219,114.18000030517578,113.19999694824219,113.86000061035156,3104000
2014-02-27,114.58000183105469,114.58000183105469,114.58000183105469,113.08000183105469,113.25,3207100
2014-02-28,115.77999877929688,115.77999877929688,116.0,114.20999908447266,114.80000305175781,4607400
2014-03-03,116.05999755859375,116.05999755859375,116.75,114.87999725341797,116.1500015258789,4556900
2014-03-04,118.56999969482422,118.56999969482422,118.58999633789062,117.0,117.12999725341797,4830400
2014-03-05,118.9800033569336,118.9800033569336,119.08000183105469,118.13999938964844,118.37999725341797,3458000
2014-03-06,121.19999694824219,121.19999694824219,121.44000244140625,119.11000061035156,119.16999816894531,5337700
2014-03-07,122.66999816894531,122.66999816894531,122.91999816894531,121.4000015258789,121.83999633789062,4384600
2014-03-10,124.0999984741211,124.0999984741211,124.31999969482422,122.3499984741211,122.58000183105469,4304500
2014-03-11,124.69000244140625,124.69000244140625,125.0,123.88999938964844,124.44000244140625,5479100
2014-03-12,125.16999816894531,125.16999816894531,125.20999908447266,123.88999938964844,123.91999816894531,3911500
2014-03-13,123.61000061035156,123.61000061035156,125.91000366210938,123.44999694824219,125.61000061035156,4714500
2014-03-14,122.51000213623047,122.51000213623047,124.27999877929688,122.23999786376953,123.73999786376953,4684300
2014-03-17,123.36000061035156,123.36000061035156,123.94999694824219,122.87999725341797,123.44000244140625,3363200
2014-03-18,123.27999877929688,123.27999877929688,123.55999755859375,122.5199966430664,123.4000015258789,3940000
2014-03-19,122.62000274658203,122.62000274658203,123.69000244140625,121.83999633789062,123.4800033569336,3210600
2014-03-20,124.44000244140625,124.44000244140625,124.52999877929688,122.37999725341797,122.55999755859375,3818900
2014-03-21,125.19999694824219,125.19999694824219,125.88999938964844,124.41999816894531,125.05000305175781,8904100
2014-03-24,124.31999969482422,124.31999969482422,125.88999938964844,123.9800033569336,125.51000213623047,3961100
2014-03-25,124.47000122070312,124.47000122070312,125.08999633789062,123.8499984741211,125.05999755859375,2938500
2014-03-26,123.01000213623047,123.01000213623047,125.05000305175781,123.01000213623047,125.0,3148300
2014-03-27,123.47000122070312,123.47000122070312,123.8499984741211,122.62999725341797,123.29000091552734,3983300
2014-03-28,123.52999877929688,123.52999877929688,124.37000274658203,123.02999877929688,123.83000183105469,3430300
2014-03-31,124.97000122070312,124.97000122070312,124.97000122070312,124.0199966430664,124.25,3711500
2014-04-01,124.87999725341797,124.87999725341797,125.33999633789062,124.36000061035156,125.06999969482422,2967100
2014-04-02,124.47000122070312,124.47000122070312,124.93000030517578,124.18000030517578,124.81999969482422,3299900
2014-04-03,124.30999755859375,124.30999755859375,124.70999908447266,123.88999938964844,124.48999786376953,2272200
2014-04-04,123.9000015258789,123.9000015258789,125.36000061035156,123.86000061035156,124.61000061035156,3264700
2014-04-07,123.12000274658203,123.12000274658203,124.16000366210938,123.05999755859375,123.98999786376953,4182500
2014-04-08,123.12999725341797,123.12999725341797,123.73999786376953,122.5199966430664,123.16999816894531,4413600
2014-04-09,124.01000213623047,124.01000213623047,124.12000274658203,123.16999816894531,123.2699966430664,4077200
2014-04-10,122.2699966430664,122.2699966430664,124.69000244140625,122.26000213623047,123.66999816894531,4102800
2014-04-11,121.69999694824219,121.69999694824219,122.61000061035156,121.44999694824219,122.61000061035156,3801200
2014-04-14,122.29000091552734,122.29000091552734,122.80000305175781,121.08999633789062,122.30000305175781,3396100
2014-04-15,123.7699966430664,123.7699966430664,123.95999908447266,122.0999984741211,122.75,4214500
2014-04-16,126.0,126.0,126.0199966430664,124.25,124.38999938964844,4110000
2014-04-17,127.18000030517578,127.18000030517578,127.69999694824219,125.55000305175781,125.97000122070312,4410900
2014-04-21,126.5,126.5,127.7300033569336,126.25,127.66999816894531,2636400
2014-04-22,127.1500015258789,127.1500015258789,127.43000030517578,125.05999755859375,126.41999816894531,4382300
2014-04-23,127.19999694824219,127.19999694824219,127.95999908447266,126.61000061035156,127.48999786376953,2568900
2014-04-24,126.94999694824219,126.94999694824219,127.9000015258789,126.61000061035156,127.80000305175781,2848400
2014-04-25,127.26000213623047,127.26000213623047,127.56999969482422,126.56999969482422,126.76000213623047,2765700
2014-04-28,127.69999694824219,127.69999694824219,128.30999755859375,126.16000366210938,128.00999450683594,3529900
2014-04-29,128.49000549316406,128.49000549316406,128.74000549316406,127.80999755859375,127.87000274658203,3053100
2014-04-30,128.85000610351562,128.85000610351562,129.1999969482422,128.30999755859375,128.6300048828125,4075700
2014-05-01,129.05999755859375,129.05999755859375,129.25,128.14999389648438,128.80999755859375,2655500
2014-05-02,128.08999633789062,128.08999633789062,129.72999572753906,127.81999969482422,129.4499969482422,4276700
2014-05-05,126.61000061035156,126.61000061035156,127.19000244140625,126.08000183105469,127.19000244140625,3486100
2014-05-06,124.66999816894531,124.66999816894531,126.29000091552734,124.05999755859375,126.12999725341797,5381100
2014-05-07,127.44999694824219,127.44999694824219,127.52999877929688,125.31999969482422,125.4000015258789,3301400
2014-05-08,126.66999816894531,126.66999816894531,127.48999786376953,126.33000183105469,127.2300033569336,2773300
2014-05-09,127.33999633789062,127.33999633789062,127.37000274658203,125.8499984741211,126.25,2935600
2014-05-12,127.29000091552734,127.29000091552734,128.24000549316406,126.88999938964844,127.87000274658203,3406900
2014-05-13,127.88999938964844,127.88999938964844,127.91999816894531,127.05999755859375,127.69000244140625,2127500
2014-05-14,127.52999877929688,127.52999877929688,128.0,127.51000213623047,127.80000305175781,2685300
2014-05-15,126.36000061035156,126.36000061035156,127.44000244140625,126.0,127.30000305175781,3206100
2014-05-16,126.86000061035156,126.86000061035156,126.91999816894531,125.66000366210938,126.41000366210938,2897800
2014-05-19,127.12999725341797,127.12999725341797,127.20999908447266,126.11000061035156,126.7699966430664,2242400
2014-05-20,126.05999755859375,126.05999755859375,126.94000244140625,125.69999694824219,126.91999816894531,2292300
2014-05-21,126.66000366210938,126.66000366210938,126.94000244140625,126.22000122070312,126.5,1917000
2014-05-22,126.9800033569336,126.9800033569336,127.1500015258789,126.52999877929688,126.94999694824219,1546600
2014-05-23,126.80000305175781,126.80000305175781,127.31999969482422,126.30999755859375,127.22000122070312,1807700
2014-05-27,127.5199966430664,127.5199966430664,127.75,127.25,127.41000366210938,2251600
2014-05-28,127.45999908447266,127.45999908447266,127.94000244140625,127.26000213623047,127.43000030517578,2211300
2014-05-29,128.11000061035156,128.11000061035156,128.1999969482422,127.0999984741211,127.41999816894531,2028900
2014-05-30,128.33999633789062,128.33999633789062,128.5,127.62000274658203,127.66999816894531,2916700
2014-06-02,127.87999725341797,127.87999725341797,128.75,127.37000274658203,128.27999877929688,2007200
2014-06-03,126.93000030517578,126.93000030517578,127.68000030517578,126.61000061035156,127.29000091552734,2445000
2014-06-04,127.2300033569336,127.2300033569336,127.61000061035156,126.79000091552734,127.0,1760000
2014-06-05,128.1999969482422,128.1999969482422,128.22000122070312,127.11000061035156,127.55999755859375,2165000
2014-06-06,128.64999389648438,128.64999389648438,128.64999389648438,128.0800018310547,128.1999969482422,2241500
2014-06-09,127.98999786376953,127.98999786376953,128.6199951171875,127.56999969482422,128.3300018310547,2385200
2014-06-10,128.25,128.25,128.3000030517578,127.58000183105469,127.5999984741211,2174200
2014-06-11,128.22000122070312,128.22000122070312,128.47999572753906,127.86000061035156,127.86000061035156,2422300
2014-06-12,127.27999877929688,127.27999877929688,128.58999633789062,126.93000030517578,128.4600067138672,2408700
2014-06-13,126.54000091552734,126.54000091552734,127.51000213623047,125.5,127.2699966430664,3397900
2014-06-16,126.1500015258789,126.1500015258789,126.33999633789062,125.70999908447266,125.94999694824219,2545800
2014-06-17,126.02999877929688,126.02999877929688,126.3499984741211,125.5999984741211,126.05000305175781,2583600
2014-06-18,127.16999816894531,127.16999816894531,127.3499984741211,125.44000244140625,125.94000244140625,2925400
2014-06-19,127.25,127.25,127.56999969482422,126.55999755859375,127.55999755859375,2954200
2014-06-20,126.73999786376953,126.73999786376953,128.10000610351562,126.5,127.43000030517578,6161300
2014-06-23,126.66999816894531,126.66999816894531,126.9800033569336,126.30000305175781,126.80000305175781,2768500
2014-06-24,126.77999877929688,126.77999877929688,127.37000274658203,126.3499984741211,126.3499984741211,2862500
2014-06-25,127.12999725341797,127.12999725341797,127.3499984741211,126.48999786376953,126.87999725341797,2531600
2014-06-26,127.0999984741211,127.0999984741211,127.27999877929688,126.05999755859375,127.19999694824219,2148300
2014-06-27,127.31999969482422,127.31999969482422,127.48999786376953,126.62999725341797,126.83000183105469,3125300
2014-06-30,126.55999755859375,126.55999755859375,127.12999725341797,126.37999725341797,127.11000061035156,2732800
2014-07-01,127.23999786376953,127.23999786376953,127.63999938964844,126.66000366210938,126.72000122070312,2885300
2014-07-02,127.7300033569336,127.7300033569336,127.7300033569336,126.83000183105469,127.08000183105469,2599700
2014-07-03,129.3000030517578,129.3000030517578,129.38999938964844,127.80999755859375,127.91000366210938,2511400
2014-07-07,128.6999969482422,128.6999969482422,129.14999389648438,128.1699981689453,129.14999389648438,2875600
2014-07-08,128.22000122070312,128.22000122070312,129.08999633789062,128.1699981689453,128.24000549316406,3052400
2014-07-09,128.75,128.75,128.8699951171875,128.30999755859375,128.49000549316406,1923800
2014-07-10,128.4499969482422,128.4499969482422,128.72000122070312,127.61000061035156,128.0,2788600
2014-07-11,128.6300048828125,128.6300048828125,128.72000122070312,127.93000030517578,128.3000030517578,1819800
2014-07-14,128.97999572753906,128.97999572753906,129.27999877929688,128.67999267578125,129.0,1541600
2014-07-15,128.49000549316406,128.49000549316406,129.1699981689453,128.0,128.67999267578125,2931200
2014-07-16,128.11000061035156,128.11000061035156,128.75,127.87999725341797,128.66000366210938,2297600
2014-07-17,126.5199966430664,126.5199966430664,128.1199951171875,126.4000015258789,127.91999816894531,2834500
2014-07-18,128.27999877929688,128.27999877929688,128.4499969482422,126.87999725341797,126.91000366210938,3563500
2014-07-21,128.5800018310547,128.5800018310547,128.75,127.62000274658203,127.91999816894531,1787200
2014-07-22,128.4199981689453,128.4199981689453,129.0,128.22999572753906,129.0,1786200
2014-07-23,128.1300048828125,128.1300048828125,128.5800018310547,128.0500030517578,128.24000549316406,1527600
2014-07-24,128.35000610351562,128.35000610351562,128.67999267578125,128.05999755859375,128.38999938964844,2241300
2014-07-25,127.55000305175781,127.55000305175781,128.1699981689453,127.4000015258789,128.02000427246094,1807700
2014-07-28,128.3699951171875,128.3699951171875,128.4499969482422,126.62999725341797,127.55000305175781,1966900
2014-07-29,127.36000061035156,127.36000061035156,128.66000366210938,127.36000061035156,128.25999450683594,2346600
2014-07-30,127.73999786376953,127.73999786376953,128.4199981689453,126.83000183105469,127.51000213623047,2066400
2014-07-31,125.43000030517578,125.43000030517578,127.76000213623047,125.37000274658203,127.23999786376953,3630600
2014-08-01,125.83000183105469,125.83000183105469,126.94999694824219,122.72000122070312,125.0,3947900
2014-08-04,129.72000122070312,129.72000122070312,130.02999877929688,127.08000183105469,128.05999755859375,4876800
2014-08-05,127.98999786376953,127.98999786376953,129.75,127.36000061035156,129.6999969482422,3370600
2014-08-06,129.11000061035156,129.11000061035156,129.57000732421875,127.51000213623047,127.97000122070312,2719300
2014-08-07,128.9499969482422,128.9499969482422,129.8800048828125,128.52000427246094,129.69000244140625,3443100
2014-08-08,130.89999389648438,130.89999389648438,130.9499969482422,128.6199951171875,128.8000030517578,3761100
2014-08-11,131.9499969482422,131.9499969482422,132.8000030517578,130.94000244140625,131.41000366210938,2782400
2014-08-12,133.05999755859375,133.05999755859375,133.19000244140625,131.66000366210938,132.24000549316406,2742900
2014-08-13,133.0800018310547,133.0800018310547,133.42999267578125,132.4600067138672,133.33999633789062,2850400
2014-08-14,135.3000030517578,135.3000030517578,135.3800048828125,133.13999938964844,133.22999572753906,4483400
2014-08-15,134.33999633789062,134.33999633789062,135.8000030517578,133.1300048828125,135.7899932861328,3940500
2014-08-18,135.02999877929688,135.02999877929688,135.47000122070312,134.67999267578125,135.47000122070312,2960400
2014-08-19,134.89999389648438,134.89999389648438,135.85000610351562,134.52000427246094,135.85000610351562,2284200
2014-08-20,134.91000366210938,134.91000366210938,135.10000610351562,134.4499969482422,135.0,2329800
2014-08-21,136.80999755859375,136.80999755859375,136.82000732421875,135.0399932861328,135.24000549316406,3328000
2014-08-22,135.75,135.75,136.60000610351562,135.55999755859375,136.41000366210938,2417200
2014-08-25,136.22999572753906,136.22999572753906,136.75,136.07000732421875,136.42999267578125,2305900
2014-08-26,136.25,136.25,136.75,136.1199951171875,136.69000244140625,2144700
2014-08-27,136.52000427246094,136.52000427246094,136.69000244140625,136.00999450683594,136.61000061035156,1893400
2014-08-28,136.11000061035156,136.11000061035156,136.50999450683594,135.8800048828125,136.27999877929688,2114000
2014-08-29,137.25,137.25,137.25,136.00999450683594,136.17999267578125,2898100
2014-09-02,137.9600067138672,137.9600067138672,138.27000427246094,137.05999755859375,138.02999877929688,3319300
2014-09-03,137.72999572753906,137.72999572753906,138.5,137.33999633789062,138.5,2789600
2014-09-04,137.9499969482422,137.9499969482422,138.5500030517578,137.4199981689453,137.97000122070312,2563100
2014-09-05,138.07000732421875,138.07000732421875,138.35000610351562,137.33999633789062,137.7100067138672,3475900
2014-09-08,138.27999877929688,138.27999877929688,138.89999389648438,138.0500030517578,138.1699981689453,2536000
2014-09-09,136.88999938964844,136.88999938964844,138.4199981689453,136.67999267578125,138.33999633789062,2959500
2014-09-10,137.72000122070312,137.72000122070312,137.9499969482422,137.16000366210938,137.27000427246094,2037900
2014-09-11,137.9199981689453,137.9199981689453,137.97000122070312,137.0,137.1699981689453,2016900
2014-09-12,137.08999633789062,137.08999633789062,138.17999267578125,136.75999450683594,137.9199981689453,3291300
2014-09-15,138.0399932861328,138.0399932861328,138.1300048828125,137.00999450683594,137.72999572753906,2859500
2014-09-16,138.69000244140625,138.69000244140625,138.99000549316406,137.61000061035156,138.0,2672400
2014-09-17,139.61000061035156,139.61000061035156,140.17999267578125,138.7100067138672,139.13999938964844,3833000
2014-09-18,141.27999877929688,141.27999877929688,141.57000732421875,139.75,140.25,3870300
2014-09-19,140.55999755859375,140.55999755859375,142.4499969482422,140.3000030517578,142.14999389648438,9412100
2014-09-22,139.25999450683594,139.25999450683594,140.72999572753906,139.19000244140625,140.55999755859375,3422400
2014-09-23,138.77999877929688,138.77999877929688,139.7100067138672,138.75,139.17999267578125,2767600
2014-09-24,139.9499969482422,139.9499969482422,140.07000732421875,138.67999267578125,138.77999877929688,2801200
2014-09-25,137.08999633789062,137.08999633789062,139.9499969482422,136.88999938964844,139.88999938964844,4583500
2014-09-26,138.67999267578125,138.67999267578125,138.97000122070312,137.0,137.0,2872100
2014-09-29,138.3300018310547,138.3300018310547,138.6999969482422,137.55999755859375,137.75999450683594,2201800
2014-09-30,138.13999938964844,138.13999938964844,138.74000549316406,137.69000244140625,138.47999572753906,3469400
2014-10-01,136.6199951171875,136.6199951171875,138.3800048828125,136.19000244140625,138.3699951171875,3697000
2014-10-02,137.63999938964844,137.63999938964844,138.13999938964844,136.61000061035156,136.61000061035156,4594800
2014-10-03,139.5,139.5,139.66000366210938,138.16000366210938,138.41000366210938,3940400
2014-10-06,139.16000366210938,139.16000366210938,140.4600067138672,138.6300048828125,140.25,3464300
2014-10-07,136.72000122070312,136.72000122070312,138.83999633789062,136.7100067138672,138.66000366210938,3286500
2014-10-08,139.94000244140625,139.94000244140625,140.1999969482422,136.60000610351562,136.75,4842200
2014-10-09,137.08999633789062,137.08999633789062,140.2899932861328,137.07000732421875,140.2899932861328,6590100
2014-10-10,136.75999450683594,136.75999450683594,139.4499969482422,136.72999572753906,136.89999389648438,4838800
2014-10-13,136.3800048828125,136.3800048828125,138.07000732421875,136.30999755859375,136.60000610351562,4383300
2014-10-14,137.38999938964844,137.38999938964844,138.89999389648438,136.5,137.0,5019600
2014-10-15,135.63999938964844,135.63999938964844,136.77999877929688,132.02999877929688,136.58999633789062,8593900
2014-10-16,134.6999969482422,134.6999969482422,135.64999389648438,132.10000610351562,133.02999877929688,5038100
2014-10-17,137.08999633789062,137.08999633789062,137.6699981689453,135.52000427246094,136.05999755859375,5182900
2014-10-20,137.22999572753906,137.22999572753906,137.47999572753906,136.41000366210938,137.07000732421875,3245500
2014-10-21,138.97000122070312,138.97000122070312,138.97999572753906,137.35000610351562,138.07000732421875,4183300
2014-10-22,137.64999389648438,137.64999389648438,139.47999572753906,137.60000610351562,139.33999633789062,4023100
2014-10-23,138.67999267578125,138.67999267578125,139.52999877929688,138.38999938964844,139.1999969482422,3907000
2014-10-24,139.39999389648438,139.39999389648438,139.52000427246094,138.3699951171875,138.64999389648438,2924400
2014-10-27,139.52999877929688,139.52999877929688,139.64999389648438,138.94000244140625,139.19000244140625,2812200
2014-10-28,140.4600067138672,140.4600067138672,140.4600067138672,139.5,140.0,3885900
2014-10-29,139.99000549316406,139.99000549316406,140.67999267578125,138.9499969482422,140.52999877929688,3484000
2014-10-30,139.5399932861328,139.5399932861328,139.9199981689453,138.75999450683594,139.41000366210938,3513800
2014-10-31,140.16000366210938,140.16000366210938,141.52000427246094,139.36000061035156,140.89999389648438,5712500
2014-11-03,140.80999755859375,140.80999755859375,140.91000366210938,139.5500030517578,140.8800048828125,3047900
2014-11-04,142.17999267578125,142.17999267578125,142.24000549316406,140.8800048828125,141.05999755859375,3507900
2014-11-05,142.9199981689453,142.9199981689453,143.47999572753906,141.85000610351562,143.2100067138672,2874200
2014-11-06,143.2899932861328,143.2899932861328,143.4600067138672,142.22999572753906,143.25,2717100
2014-11-07,143.61000061035156,143.61000061035156,143.99000549316406,142.8699951171875,143.75999450683594,3235400
2014-11-10,145.0500030517578,145.0500030517578,145.07000732421875,143.80999755859375,143.9499969482422,3612200
2014-11-11,144.9499969482422,144.9499969482422,145.69000244140625,144.75,145.4600067138672,2904700
2014-11-12,145.52000427246094,145.52000427246094,145.75,144.6999969482422,144.9199981689453,3015400
2014-11-13,146.2899932861328,146.2899932861328,146.2899932861328,145.52999877929688,145.6999969482422,3056500
2014-11-14,145.52000427246094,145.52000427246094,146.47999572753906,145.05999755859375,146.35000610351562,2704300
2014-11-17,145.3699951171875,145.3699951171875,145.67999267578125,144.6999969482422,145.52999877929688,2426600
2014-11-18,145.80999755859375,145.80999755859375,146.39999389648438,145.2899932861328,145.74000549316406,2636700
2014-11-19,145.64999389648438,145.64999389648438,146.0800018310547,145.02999877929688,145.86000061035156,2371400
2014-11-20,145.72000122070312,145.72000122070312,145.75,145.0399932861328,145.13999938964844,2049900
2014-11-21,146.6999969482422,146.6999969482422,147.14999389648438,146.2100067138672,147.00999450683594,3418700
2014-11-24,147.27000427246094,147.27000427246094,147.4199981689453,146.6999969482422,147.11000061035156,3752100
2014-11-25,147.80999755859375,147.80999755859375,148.00999450683594,147.3800048828125,147.5,3749500
2014-11-26,148.19000244140625,148.19000244140625,148.30999755859375,147.92999267578125,148.11000061035156,2114400
2014-11-28,148.69000244140625,148.69000244140625,149.49000549316406,148.3699951171875,148.5500030517578,2282000
2014-12-01,148.52000427246094,148.52000427246094,149.94000244140625,148.17999267578125,148.61000061035156,3320300
2014-12-02,149.8699951171875,149.8699951171875,150.0,148.66000366210938,149.27999877929688,3181400
2014-12-03,149.72999572753906,149.72999572753906,150.49000549316406,149.50999450683594,150.14999389648438,3004100
2014-12-04,150.0500030517578,150.0500030517578,150.14999389648438,149.22999572753906,149.9600067138672,2418500
2014-12-05,150.67999267578125,150.67999267578125,150.67999267578125,150.10000610351562,150.3800048828125,2780300
2014-12-08,151.94000244140625,151.94000244140625,152.94000244140625,150.64999389648438,150.8800048828125,5263600
2014-12-09,150.4600067138672,150.4600067138672,151.4499969482422,148.91000366210938,151.4499969482422,4569600
2014-12-10,149.0800018310547,149.0800018310547,151.25999450683594,148.82000732421875,150.36000061035156,6574400
2014-12-11,150.1300048828125,150.1300048828125,151.27000427246094,149.5,149.7899932861328,3627500
2014-12-12,146.4600067138672,146.4600067138672,149.88999938964844,146.3000030517578,149.30999755859375,5208800
2014-12-15,146.1199951171875,146.1199951171875,148.4199981689453,144.75,147.97000122070312,4727900
2014-12-16,145.27999877929688,145.27999877929688,148.72999572753906,145.0,145.3699951171875,5020600
2014-12-17,148.4499969482422,148.4499969482422,148.6300048828125,145.52999877929688,145.75999450683594,4838800
2014-12-18,152.6699981689453,152.6699981689453,152.74000549316406,150.14999389648438,151.16000366210938,7867100
2014-12-19,151.55999755859375,151.55999755859375,152.66000366210938,150.8300018310547,152.3300018310547,9392900
2014-12-22,151.89999389648438,151.89999389648438,152.5500030517578,151.08999633789062,151.97999572753906,5938500
2014-12-23,151.75,151.75,152.6999969482422,151.67999267578125,152.19000244140625,3472800
2014-12-24,151.5399932861328,151.5399932861328,152.44000244140625,151.52000427246094,152.42999267578125,1612200
2014-12-26,151.35000610351562,151.35000610351562,152.1300048828125,151.25,151.66000366210938,1934800
2014-12-29,152.0500030517578,152.0500030517578,152.25999450683594,151.02000427246094,151.02000427246094,3223400
2014-12-30,152.08999633789062,152.08999633789062,152.22000122070312,151.19000244140625,151.35000610351562,2108900
2014-12-31,150.14999389648438,150.14999389648438,152.6699981689453,150.14999389648438,152.1999969482422,3324800
2015-01-02,149.1699981689453,149.1699981689453,151.60000610351562,148.5,151.5,3436400
2015-01-05,147.0,147.0,149.0,146.77999877929688,148.80999755859375,4168800
2015-01-06,146.83999633789062,146.83999633789062,148.52999877929688,146.11000061035156,147.63999938964844,4116100
2015-01-07,148.8800048828125,148.8800048828125,149.13999938964844,147.64999389648438,147.94000244140625,4159100
2015-01-08,151.3699951171875,151.3699951171875,151.3699951171875,150.50999450683594,150.60000610351562,4282100
2015-01-09,149.47000122070312,149.47000122070312,151.69000244140625,149.25999450683594,151.64999389648438,3360200
2015-01-12,148.27999877929688,148.27999877929688,150.1199951171875,147.9499969482422,149.9600067138672,5919400
2015-01-13,148.6300048828125,148.6300048828125,150.99000549316406,147.77000427246094,149.9499969482422,3908100
2015-01-14,147.82000732421875,147.82000732421875,148.3699951171875,146.4199981689453,147.27000427246094,4802800
2015-01-15,147.5800018310547,147.5800018310547,148.52999877929688,146.8000030517578,148.52999877929688,2892200
2015-01-16,149.2100067138672,149.2100067138672,149.25999450683594,146.55999755859375,147.1999969482422,4313800
2015-01-20,148.6300048828125,148.6300048828125,150.60000610351562,148.0800018310547,150.27999877929688,4053300
2015-01-21,147.17999267578125,147.17999267578125,148.42999267578125,146.58999633789062,148.33999633789062,4660700
2015-01-22,150.14999389648438,150.14999389648438,150.2100067138672,147.25999450683594,148.00999450683594,5892000
2015-01-23,149.1199951171875,149.1199951171875,150.0,149.08999633789062,149.99000549316406,3175800
2015-01-26,149.6999969482422,149.6999969482422,149.72999572753906,148.16000366210938,149.19000244140625,2461400
2015-01-27,147.64999389648438,147.64999389648438,148.8000030517578,147.5500030517578,148.25,3220300
2015-01-28,144.77999877929688,144.77999877929688,148.77000427246094,144.77000427246094,148.36000061035156,6388800
2015-01-29,146.2899932861328,146.2899932861328,146.94000244140625,144.25,145.39999389648438,4461200
2015-01-30,143.91000366210938,143.91000366210938,146.1999969482422,143.88999938964844,145.57000732421875,6242300
2015-02-02,146.72999572753906,146.72999572753906,146.75,143.3000030517578,144.1300048828125,5119500
2015-02-03,148.2899932861328,148.2899932861328,148.47999572753906,146.86000061035156,147.75,4981700
2015-02-04,147.52999877929688,147.52999877929688,148.5,147.10000610351562,148.25999450683594,3574200
2015-02-05,149.6699981689453,149.6699981689453,149.8800048828125,147.75,147.88999938964844,3084500
2015-02-06,150.17999267578125,150.17999267578125,151.6300048828125,149.5500030517578,149.8000030517578,4050600
2015-02-09,149.1300048828125,149.1300048828125,149.97000122070312,148.72000122070312,149.91000366210938,2429700
2015-02-10,149.9199981689453,149.9199981689453,150.50999450683594,148.89999389648438,149.66000366210938,2975500
2015-02-11,149.67999267578125,149.67999267578125,150.27000427246094,148.8000030517578,149.83999633789062,2732200
2015-02-12,149.7899932861328,149.7899932861328,150.41000366210938,149.36000061035156,150.0,3608600
2015-02-13,148.33999633789062,148.33999633789062,149.60000610351562,148.00999450683594,149.60000610351562,3669400
2015-02-17,149.1699981689453,149.1699981689453,149.3699951171875,148.16000366210938,148.36000061035156,2737300
2015-02-18,148.6699981689453,148.6699981689453,149.1300048828125,148.22000122070312,148.77999877929688,2219900
2015-02-19,147.47999572753906,147.47999572753906,148.35000610351562,147.08999633789062,148.2100067138672,2757800
2015-02-20,148.72000122070312,148.72000122070312,148.72000122070312,146.5800018310547,147.27000427246094,4877600
2015-02-23,147.3699951171875,147.3699951171875,148.4499969482422,146.82000732421875,148.1999969482422,3775500
2015-02-24,148.9499969482422,148.9499969482422,149.36000061035156,147.25,147.5,2914700
2015-02-25,148.77999877929688,148.77999877929688,149.38999938964844,148.47000122070312,149.38999938964844,2671900
2015-02-26,148.33999633789062,148.33999633789062,148.97000122070312,147.89999389648438,148.5500030517578,2549800
2015-02-27,147.41000366210938,147.41000366210938,148.32000732421875,147.0500030517578,148.22000122070312,3377400
2015-03-02,147.0800018310547,147.0800018310547,147.97999572753906,145.88999938964844,147.7100067138672,4896700
2015-03-03,145.92999267578125,145.92999267578125,146.94000244140625,145.05999755859375,146.7899932861328,3969600
2015-03-04,144.9199981689453,144.9199981689453,145.50999450683594,144.07000732421875,145.1999969482422,3250100
2015-03-05,146.05999755859375,146.05999755859375,146.25,144.8300018310547,145.41000366210938,2711700
2015-03-06,145.27999877929688,145.27999877929688,147.47999572753906,145.10000610351562,146.13999938964844,4099400
2015-03-09,146.1300048828125,146.1300048828125,146.52999877929688,145.25,145.5,2608800
2015-03-10,143.19000244140625,143.19000244140625,145.44000244140625,143.17999267578125,145.4199981689453,5258200
2015-03-11,143.44000244140625,143.44000244140625,144.24000549316406,143.24000549316406,143.47999572753906,2893800
2015-03-12,145.6699981689453,145.6699981689453,145.72999572753906,144.00999450683594,144.33999633789062,3539600
2015-03-13,143.97000122070312,143.97000122070312,145.5,143.27000427246094,145.27999877929688,3320700
2015-03-16,145.97999572753906,145.97999572753906,146.07000732421875,144.77999877929688,144.9199981689453,3858600
2015-03-17,144.75,144.75,145.47000122070312,143.94000244140625,145.08999633789062,2580000
2015-03-18,146.0,146.0,146.5500030517578,143.94000244140625,144.55999755859375,3490600
2015-03-19,144.8800048828125,144.8800048828125,146.0,144.4499969482422,145.63999938964844,2633800
2015-03-20,145.52999877929688,145.52999877929688,145.82000732421875,144.88999938964844,145.22999572753906,5858700
2015-03-23,145.55999755859375,145.55999755859375,146.2899932861328,145.02000427246094,145.47999572753906,3046900
2015-03-24,144.2899932861328,144.2899932861328,145.4600067138672,144.24000549316406,145.25999450683594,2764500
2015-03-25,143.55999755859375,143.55999755859375,144.92999267578125,143.55999755859375,144.67999267578125,3993400
2015-03-26,143.02999877929688,143.02999877929688,143.7100067138672,142.5,142.6999969482422,3549800
2015-03-27,143.88999938964844,143.88999938964844,143.91000366210938,142.89999389648438,143.47999572753906,3480700
2015-03-30,145.97999572753906,145.97999572753906,146.1199951171875,144.14999389648438,144.47000122070312,3348900
2015-03-31,144.32000732421875,144.32000732421875,145.77000427246094,144.25999450683594,145.75999450683594,3600200
2015-04-01,143.4499969482422,143.4499969482422,144.6300048828125,143.38999938964844,144.33999633789062,3693600
2015-04-02,143.55999755859375,143.55999755859375,143.89999389648438,143.14999389648438,143.58999633789062,2336100
2015-04-06,143.75999450683594,143.75999450683594,144.4499969482422,142.57000732421875,143.0,2446900
2015-04-07,143.05999755859375,143.05999755859375,144.02000427246094,143.0,143.55999755859375,2760900
2015-04-08,143.27999877929688,143.27999877929688,143.77999877929688,142.82000732421875,143.10000610351562,4775700
2015-04-09,143.64999389648438,143.64999389648438,143.6999969482422,142.77999877929688,143.02000427246094,2821000
2015-04-10,143.5,143.5,143.75,143.02000427246094,143.4199981689453,2353800
2015-04-13,143.4600067138672,143.4600067138672,143.9499969482422,143.0,143.27999877929688,2149500
2015-04-14,142.75,142.75,143.77000427246094,142.1199951171875,143.64999389648438,2929700
2015-04-15,142.7100067138672,142.7100067138672,143.47999572753906,142.5800018310547,142.72999572753906,2620700
2015-04-16,142.10000610351562,142.10000610351562,142.8000030517578,141.6999969482422,142.5,2693100
2015-04-17,140.6999969482422,140.6999969482422,141.5399932861328,140.3300018310547,141.1999969482422,4613700
2015-04-20,142.08999633789062,142.08999633789062,142.41000366210938,141.50999450683594,141.69000244140625,2669600
2015-04-21,141.13999938964844,141.13999938964844,142.47000122070312,141.1199951171875,142.39999389648438,3008200
2015-04-22,141.99000549316406,141.99000549316406,142.22000122070312,141.08999633789062,141.41000366210938,2629400
2015-04-23,142.42999267578125,142.42999267578125,143.02000427246094,141.6300048828125,141.9499969482422,2630700
2015-04-24,142.08999633789062,142.08999633789062,142.5500030517578,141.75,142.0,2255500
2015-04-27,141.08999633789062,141.08999633789062,142.36000061035156,140.8699951171875,142.27999877929688,3210600
2015-04-28,142.52000427246094,142.52000427246094,142.6300048828125,140.58999633789062,140.80999755859375,2564700
2015-04-29,142.41000366210938,142.41000366210938,142.75999450683594,141.57000732421875,141.6300048828125,3127000
2015-04-30,141.2100067138672,141.2100067138672,142.57000732421875,140.92999267578125,141.77999877929688,3554600
2015-05-01,143.36000061035156,143.36000061035156,143.36000061035156,141.7899932861328,142.0,2797900
2015-05-04,146.14999389648438,146.14999389648438,146.3300018310547,144.0,144.9499969482422,4229400
2015-05-05,144.55999755859375,144.55999755859375,146.4199981689453,144.50999450683594,145.91000366210938,2993500
2015-05-06,143.77999877929688,143.77999877929688,145.44000244140625,142.94000244140625,145.0,3320500
2015-05-07,145.30999755859375,145.30999755859375,145.52000427246094,143.36000061035156,143.41000366210938,3314300
2015-05-08,148.30999755859375,148.30999755859375,148.4199981689453,146.39999389648438,146.55999755859375,5277900
2015-05-11,146.1699981689453,146.1699981689453,148.57000732421875,146.0,148.5,3814700
2015-05-12,144.7899932861328,144.7899932861328,145.38999938964844,144.02999877929688,145.35000610351562,2823200
2015-05-13,144.25999450683594,144.25999450683594,144.72999572753906,144.02000427246094,144.16000366210938,2621700
2015-05-14,145.77999877929688,145.77999877929688,145.8300018310547,144.52000427246094,145.22000122070312,2326400
2015-05-15,145.25999450683594,145.25999450683594,146.08999633789062,144.64999389648438,145.92999267578125,2423500
2015-05-18,145.8300018310547,145.8300018310547,145.89999389648438,145.0399932861328,145.38999938964844,2266200
2015-05-19,146.5399932861328,146.5399932861328,147.0,145.25999450683594,145.8300018310547,2635700
2015-05-20,145.94000244140625,145.94000244140625,146.44000244140625,145.63999938964844,146.41000366210938,2239100
2015-05-21,145.27000427246094,145.27000427246094,145.92999267578125,145.16000366210938,145.60000610351562,2293900
2015-05-22,144.60000610351562,144.60000610351562,145.27000427246094,144.52999877929688,145.10000610351562,2188300
2015-05-26,143.6300048828125,143.6300048828125,144.91000366210938,143.55999755859375,144.44000244140625,3299400
2015-05-27,144.75,144.75,145.14999389648438,143.5800018310547,143.7100067138672,2275400
2015-05-28,144.74000549316406,144.74000549316406,145.10000610351562,144.00999450683594,144.92999267578125,2300000
2015-05-29,143.0,143.0,144.99000549316406,143.0,144.8699951171875,3641100
2015-06-01,143.35000610351562,143.35000610351562,144.07000732421875,143.05999755859375,143.25999450683594,2579400
2015-06-02,143.02999877929688,143.02999877929688,143.35000610351562,142.27999877929688,143.1999969482422,2737900
2015-06-03,143.19000244140625,143.19000244140625,143.72999572753906,142.55999755859375,143.42999267578125,2288300
2015-06-04,141.3699951171875,141.3699951171875,142.89999389648438,141.22999572753906,142.57000732421875,3369100
2015-06-05,140.75999450683594,140.75999450683594,141.80999755859375,140.52000427246094,141.50999450683594,3343900
2015-06-08,139.52000427246094,139.52000427246094,140.6999969482422,139.52000427246094,140.42999267578125,2998600
2015-06-09,139.6300048828125,139.6300048828125,140.38999938964844,139.13999938964844,139.2100067138672,2612800
2015-06-10,140.86000061035156,140.86000061035156,141.5,139.67999267578125,140.0,3156700
2015-06-11,141.36000061035156,141.36000061035156,141.61000061035156,140.60000610351562,141.42999267578125,2436000
2015-06-12,140.2899932861328,140.2899932861328,141.14999389648438,139.77999877929688,141.1199951171875,2768400
2015-06-15,139.39999389648438,139.39999389648438,139.9600067138672,138.77999877929688,139.72000122070312,2859500
2015-06-16,139.7100067138672,139.7100067138672,139.72999572753906,138.9199981689453,139.47000122070312,2369900
2015-06-17,139.97000122070312,139.97000122070312,140.55999755859375,139.16000366210938,139.85000610351562,2280200
2015-06-18,142.6699981689453,142.6699981689453,142.80999755859375,140.1999969482422,140.25,4583700
2015-06-19,140.9600067138672,140.9600067138672,142.9600067138672,140.9600067138672,142.17999267578125,6044000
2015-06-22,141.52999877929688,141.52999877929688,142.5399932861328,141.11000061035156,142.0,2339300
2015-06-23,141.3300018310547,141.3300018310547,142.14999389648438,140.9499969482422,141.6199951171875,1974500
2015-06-24,140.08999633789062,140.08999633789062,141.41000366210938,140.08999633789062,140.75,2709400
2015-06-25,139.4499969482422,139.4499969482422,140.64999389648438,139.4499969482422,140.05999755859375,2616700
2015-06-26,139.77999877929688,139.77999877929688,140.16000366210938,139.1199951171875,139.9199981689453,4480200
2015-06-29,136.50999450683594,136.50999450683594,139.24000549316406,136.4199981689453,139.0,6703700
2015-06-30,136.11000061035156,136.11000061035156,137.8000030517578,136.0800018310547,137.52000427246094,5160300
2015-07-01,137.52000427246094,137.52000427246094,138.3000030517578,136.74000549316406,137.6999969482422,3244900
2015-07-02,137.38999938964844,137.38999938964844,138.16000366210938,137.05999755859375,137.89999389648438,2823700
2015-07-06,136.88999938964844,136.88999938964844,137.4199981689453,136.0399932861328,136.1300048828125,2962100
2015-07-07,138.44000244140625,138.44000244140625,138.64999389648438,136.0399932861328,137.3000030517578,4642300
2015-07-08,136.89999389648438,136.89999389648438,137.9600067138672,136.75,137.5500030517578,3642300
2015-07-09,138.25,138.25,138.83999633789062,137.94000244140625,138.00999450683594,3574900
2015-07-10,139.72999572753906,139.72999572753906,140.3000030517578,138.9600067138672,139.50999450683594,3774900
2015-07-13,141.38999938964844,141.38999938964844,141.49000549316406,140.4499969482422,140.8000030517578,3139800
2015-07-14,141.1199951171875,141.1199951171875,141.63999938964844,140.9199981689453,141.13999938964844,2415200
2015-07-15,142.61000061035156,142.61000061035156,142.63999938964844,141.1999969482422,141.3699951171875,2995300
2015-07-16,143.9199981689453,143.9199981689453,143.9199981689453,143.0,143.14999389648438,3179600
2015-07-17,143.8800048828125,143.8800048828125,144.0,143.44000244140625,143.72000122070312,2982900
2015-07-20,144.50999450683594,144.50999450683594,144.69000244140625,143.7100067138672,143.9600067138672,2467500
2015-07-21,143.60000610351562,143.60000610351562,144.60000610351562,143.0800018310547,144.22999572753906,3116500
2015-07-22,143.52000427246094,143.52000427246094,144.0,143.05999755859375,143.5500030517578,2578000
2015-07-23,142.17999267578125,142.17999267578125,143.41000366210938,142.05999755859375,143.27000427246094,2322700
2015-07-24,141.25,141.25,142.36000061035156,141.19000244140625,142.0,2363300
2015-07-27,140.72000122070312,140.72000122070312,141.3699951171875,140.4199981689453,141.13999938964844,2903600
2015-07-28,143.22000122070312,143.22000122070312,143.58999633789062,141.1300048828125,141.58999633789062,3252700
2015-07-29,142.9199981689453,142.9199981689453,143.69000244140625,142.61000061035156,143.25,2555800
2015-07-30,142.85000610351562,142.85000610351562,143.05999755859375,142.11000061035156,142.80999755859375,2018300
2015-07-31,142.74000549316406,142.74000549316406,143.75,142.60000610351562,143.30999755859375,3074100
2015-08-03,142.3300018310547,142.3300018310547,143.32000732421875,140.9199981689453,143.11000061035156,2540700
2015-08-04,142.67999267578125,142.67999267578125,143.05999755859375,142.00999450683594,142.22000122070312,2618000
2015-08-05,143.5,143.5,143.99000549316406,143.22000122070312,143.32000732421875,2615800
2015-08-06,143.35000610351562,143.35000610351562,143.83999633789062,143.0,143.5,2418200
2015-08-07,143.5500030517578,143.5500030517578,143.6999969482422,142.3000030517578,142.86000061035156,2419000
2015-08-10,143.4199981689453,143.4199981689453,143.5800018310547,141.30999755859375,141.3699951171875,4278300
2015-08-11,142.8000030517578,142.8000030517578,143.07000732421875,141.61000061035156,141.8300018310547,3924400
2015-08-12,141.60000610351562,141.60000610351562,142.14999389648438,140.4600067138672,141.91000366210938,4901200
2015-08-13,141.9499969482422,141.9499969482422,142.61000061035156,140.99000549316406,141.30999755859375,3045200
2015-08-14,142.57000732421875,142.57000732421875,142.75,141.99000549316406,142.0500030517578,2911200
2015-08-17,142.32000732421875,142.32000732421875,142.4600067138672,141.30999755859375,142.0,2788100
2015-08-18,141.36000061035156,141.36000061035156,142.3000030517578,141.02000427246094,142.2899932861328,3334100
2015-08-19,140.47000122070312,140.47000122070312,141.7100067138672,139.75,141.0,3478300
2015-08-20,138.38999938964844,138.38999938964844,140.0,138.35000610351562,139.1999969482422,4050800
2015-08-21,134.22000122070312,134.22000122070312,138.0,134.16000366210938,137.22999572753906,9122400
2015-08-24,129.57000732421875,129.57000732421875,133.97000122070312,125.5,127.55000305175781,13820800
2015-08-25,127.73999786376953,127.73999786376953,134.5500030517578,127.45999908447266,134.47999572753906,8233100
2015-08-26,132.61000061035156,132.61000061035156,132.8800048828125,128.69000244140625,130.88999938964844,7709300
2015-08-27,136.22999572753906,136.22999572753906,136.30999755859375,133.22000122070312,134.39999389648438,5923000
2015-08-28,135.74000549316406,135.74000549316406,136.0,134.72999572753906,135.52999877929688,3897800
2015-08-31,134.0399932861328,134.0399932861328,135.5,133.4199981689453,135.08999633789062,5575500
2015-09-01,130.41000366210938,130.41000366210938,132.27000427246094,129.8300018310547,131.7899932861328,5957900
2015-09-02,132.22000122070312,132.22000122070312,132.22000122070312,130.75999450683594,131.41000366210938,4080300
2015-09-03,132.14999389648438,132.14999389648438,133.6199951171875,131.69000244140625,132.7100067138672,3984400
2015-09-04,129.63999938964844,129.63999938964844,131.0800018310547,128.91000366210938,130.82000732421875,5828600
2015-09-08,132.89999389648438,132.89999389648438,133.07000732421875,131.1699981689453,132.02000427246094,5729300
2015-09-09,130.58999633789062,130.58999633789062,134.66000366210938,130.3000030517578,134.5,4482600
2015-09-10,130.66000366210938,130.66000366210938,131.7899932861328,130.1999969482422,130.22999572753906,4482400
2015-09-11,131.3699951171875,131.3699951171875,131.5500030517578,130.25,130.8800048828125,4181800
2015-09-14,130.89999389648438,130.89999389648438,131.69000244140625,130.5399932861328,131.14999389648438,4270000
2015-09-15,132.25999450683594,132.25999450683594,132.64999389648438,130.75999450683594,131.0,3189600
2015-09-16,132.5800018310547,132.5800018310547,132.85000610351562,132.02000427246094,132.25999450683594,3041500
2015-09-17,131.47000122070312,131.47000122070312,133.60000610351562,131.27000427246094,132.2899932861328,4414500
2015-09-18,129.10000610351562,129.10000610351562,130.9600067138672,128.94000244140625,130.07000732421875,14622800
2015-09-21,130.97999572753906,130.97999572753906,131.30999755859375,129.72000122070312,130.0,4804900
2015-09-22,129.3000030517578,129.3000030517578,129.69000244140625,128.36000061035156,129.55999755859375,4230800
2015-09-23,129.16000366210938,129.16000366210938,129.49000549316406,128.30999755859375,129.30999755859375,2947800
2015-09-24,128.8300018310547,128.8300018310547,129.22000122070312,127.75,128.25,3705600
2015-09-25,129.63999938964844,129.63999938964844,130.5800018310547,129.0,130.02999877929688,3487200
2015-09-28,128.6199951171875,128.6199951171875,129.25999450683594,128.39999389648438,128.58999633789062,4412400
2015-09-29,128.80999755859375,128.80999755859375,128.9600067138672,127.66999816894531,128.44000244140625,4071500
2015-09-30,130.39999389648438,130.39999389648438,130.39999389648438,128.6699981689453,129.86000061035156,4726900
2015-10-01,129.8800048828125,129.8800048828125,131.39999389648438,129.27999877929688,130.5500030517578,3962200
2015-10-02,129.8300018310547,129.8300018310547,129.94000244140625,127.45999908447266,128.5,5183800
2015-10-05,132.3800048828125,132.3800048828125,132.44000244140625,130.3800048828125,130.5,3885400
2015-10-06,131.19000244140625,131.19000244140625,132.41000366210938,130.94000244140625,132.2899932861328,4804800
2015-10-07,132.67999267578125,132.67999267578125,133.32000732421875,131.75999450683594,132.0500030517578,3423400
2015-10-08,133.75,133.75,134.0,132.24000549316406,132.27999877929688,2734300
2015-10-09,133.02999877929688,133.02999877929688,134.3800048828125,132.17999267578125,133.72000122070312,3202100
2015-10-12,133.39999389648438,133.39999389648438,134.0500030517578,132.86000061035156,133.39999389648438,1973600
2015-10-13,132.19000244140625,132.19000244140625,133.27000427246094,131.91000366210938,133.0,2802400
2015-10-14,131.17999267578125,131.17999267578125,132.4499969482422,131.0500030517578,132.0,3125100
2015-10-15,133.8000030517578,133.8000030517578,133.8300018310547,131.5500030517578,131.97999572753906,3273300
2015-10-16,133.80999755859375,133.80999755859375,135.0,132.9600067138672,134.72999572753906,3061800
2015-10-19,133.6199951171875,133.6199951171875,133.88999938964844,133.11000061035156,133.5,2158800
2015-10-20,134.16000366210938,134.16000366210938,134.39999389648438,133.10000610351562,133.27000427246094,2118000
2015-10-21,133.22000122070312,133.22000122070312,135.41000366210938,133.11000061035156,134.7100067138672,2396800
2015-10-22,137.2899932861328,137.2899932861328,137.6999969482422,133.60000610351562,133.60000610351562,4898300
2015-10-23,137.77999877929688,137.77999877929688,138.0,136.75999450683594,138.0,3172900
2015-10-26,137.0,137.0,137.94000244140625,136.63999938964844,137.86000061035156,2173300
2015-10-27,135.6300048828125,135.6300048828125,136.6699981689453,135.07000732421875,136.39999389648438,2278300
2015-10-28,138.16000366210938,138.16000366210938,138.41000366210938,135.47999572753906,135.8000030517578,3244800
2015-10-29,137.88999938964844,137.88999938964844,138.5,137.22999572753906,138.10000610351562,2089100
2015-10-30,136.02000427246094,136.02000427246094,137.8699951171875,136.02000427246094,137.55999755859375,4228200
2015-11-02,138.39999389648438,138.39999389648438,138.6199951171875,136.3300018310547,136.77000427246094,3259300
2015-11-03,137.94000244140625,137.94000244140625,138.47999572753906,137.7100067138672,138.3000030517578,2617800
2015-11-04,137.42999267578125,137.42999267578125,138.0800018310547,137.05999755859375,138.0,2606300
2015-11-05,136.57000732421875,136.57000732421875,138.02999877929688,136.32000732421875,137.47999572753906,2461500
2015-11-06,136.3300018310547,136.3300018310547,137.19000244140625,135.13999938964844,136.44000244140625,3732200
2015-11-09,134.0,134.0,136.19000244140625,133.39999389648438,136.0,4884600
2015-11-10,134.72999572753906,134.72999572753906,134.72999572753906,133.63999938964844,134.0,2932500
2015-11-11,134.9600067138672,134.9600067138672,135.1999969482422,134.1199951171875,134.94000244140625,2056700
2015-11-12,132.77999877929688,132.77999877929688,134.6300048828125,132.77000427246094,134.4600067138672,3789800
2015-11-13,131.9600067138672,131.9600067138672,133.57000732421875,131.74000549316406,132.61000061035156,3589400
2015-11-16,133.3000030517578,133.3000030517578,133.30999755859375,131.47000122070312,131.82000732421875,2965600
2015-11-17,133.08999633789062,133.08999633789062,133.92999267578125,132.67999267578125,133.85000610351562,2882800
2015-11-18,136.22000122070312,136.22000122070312,136.3800048828125,133.27000427246094,133.47000122070312,3773000
2015-11-19,136.6300048828125,136.6300048828125,136.8699951171875,135.8300018310547,136.19000244140625,2755700
2015-11-20,136.6300048828125,136.6300048828125,137.4199981689453,135.9600067138672,137.33999633789062,2921300
2015-11-23,135.99000549316406,135.99000549316406,136.77999877929688,135.83999633789062,136.2899932861328,2469500
2015-11-24,135.5399932861328,135.5399932861328,135.8800048828125,134.1199951171875,135.08999633789062,2759500
2015-11-25,135.1300048828125,135.1300048828125,136.0,134.83999633789062,135.47999572753906,2137400
2015-11-27,134.6300048828125,134.6300048828125,135.5800018310547,134.4499969482422,135.3000030517578,1243000
2015-11-30,134.08999633789062,134.08999633789062,135.08999633789062,133.82000732421875,134.82000732421875,5087800
2015-12-01,136.42999267578125,136.42999267578125,136.57000732421875,134.36000061035156,134.86000061035156,3796900
2015-12-02,135.27000427246094,135.27000427246094,136.74000549316406,135.10000610351562,136.5,3710800
2015-12-03,132.66000366210938,132.66000366210938,135.5399932861328,132.2899932861328,135.3300018310547,4378300
2015-12-04,136.47999572753906,136.47999572753906,136.52000427246094,133.0,133.08999633789062,5520200
2015-12-07,135.60000610351562,135.60000610351562,136.4499969482422,134.67999267578125,136.1999969482422,2794900
2015-12-08,133.36000061035156,133.36000061035156,134.99000549316406,133.1699981689453,134.89999389648438,4055600
2015-12-09,131.7100067138672,131.7100067138672,134.14999389648438,131.1999969482422,133.17999267578125,4062900
2015-12-10,131.7100067138672,131.7100067138672,132.6199951171875,131.19000244140625,131.72000122070312,3463800
2015-12-11,130.30999755859375,130.30999755859375,130.91000366210938,129.55999755859375,130.30999755859375,5483100
2015-12-14,132.02000427246094,132.02000427246094,132.22999572753906,130.11000061035156,130.5,4418700
2015-12-15,134.8800048828125,134.8800048828125,135.63999938964844,132.75999450683594,133.25,4703300
2015-12-16,135.8800048828125,135.8800048828125,136.1199951171875,133.10000610351562,135.49000549316406,4930300
2015-12-17,133.97000122070312,133.97000122070312,136.16000366210938,133.89999389648438,135.7100067138672,3595900
2015-12-18,129.52999877929688,129.52999877929688,133.1699981689453,129.52999877929688,133.0399932861328,8791500
2015-12-21,131.19000244140625,131.19000244140625,131.69000244140625,129.64999389648438,131.16000366210938,4308400
2015-12-22,133.13999938964844,133.13999938964844,133.3300018310547,131.0399932861328,131.5500030517578,3714500
2015-12-23,134.14999389648438,134.14999389648438,134.42999267578125,133.1999969482422,133.35000610351562,3483200
2015-12-24,133.88999938964844,133.88999938964844,134.5500030517578,133.47999572753906,134.1199951171875,1367500
2015-12-28,133.1199951171875,133.1199951171875,133.5399932861328,132.52000427246094,133.47999572753906,2382900
2015-12-29,134.13999938964844,134.13999938964844,134.5500030517578,133.0,134.0,3135400
2015-12-30,133.25999450683594,133.25999450683594,134.1199951171875,133.05999755859375,133.9199981689453,2684300
2015-12-31,132.0399932861328,132.0399932861328,133.3699951171875,131.9499969482422,133.0,3405600
2016-01-04,130.75,130.75,131.02999877929688,128.75999450683594,130.16000366210938,6869100
2016-01-05,131.25,131.25,131.52999877929688,129.80999755859375,130.75,4084600
2016-01-06,131.3300018310547,131.3300018310547,131.75999450683594,129.72999572753906,129.99000549316406,5219400
2016-01-07,129.47999572753906,129.47999572753906,130.5399932861328,129.0,129.25,7382000
2016-01-08,128.3300018310547,128.3300018310547,130.39999389648438,128.2100067138672,130.11000061035156,6101600
2016-01-11,128.36000061035156,128.36000061035156,129.22999572753906,127.04000091552734,128.9199981689453,4353500
2016-01-12,128.8000030517578,128.8000030517578,129.4199981689453,127.5199966430664,129.11000061035156,4723400
2016-01-13,126.25,126.25,129.3800048828125,125.70999908447266,128.97000122070312,6042400
2016-01-14,128.07000732421875,128.07000732421875,128.99000549316406,126.01000213623047,126.41000366210938,6125300
2016-01-15,126.13999938964844,126.13999938964844,126.80999755859375,124.51000213623047,125.33999633789062,8145100
2016-01-19,127.76000213623047,127.76000213623047,128.27000427246094,126.7699966430664,126.86000061035156,5831700
2016-01-20,124.83000183105469,124.83000183105469,126.12000274658203,124.04000091552734,125.5999984741211,8024200
2016-01-21,125.62000274658203,125.62000274658203,126.75,124.37000274658203,125.5199966430664,3806100
2016-01-22,127.04000091552734,127.04000091552734,127.93000030517578,125.91999816894531,127.5,3765700
2016-01-25,124.12999725341797,124.12999725341797,126.9000015258789,123.9000015258789,126.55000305175781,5251500
2016-01-26,125.88999938964844,125.88999938964844,126.5199966430664,124.56999969482422,124.56999969482422,3694900
2016-01-27,125.19000244140625,125.19000244140625,127.22000122070312,124.61000061035156,125.26000213623047,3942600
2016-01-28,126.01000213623047,126.01000213623047,126.72000122070312,124.37000274658203,126.0,3513300
2016-01-29,129.77000427246094,129.77000427246094,129.77000427246094,126.11000061035156,126.66000366210938,6523800
2016-02-01,128.66000366210938,128.66000366210938,129.63999938964844,127.54000091552734,128.94000244140625,4443300
2016-02-02,125.69999694824219,125.69999694824219,127.83000183105469,125.51000213623047,127.5199966430664,4336700
2016-02-03,126.23999786376953,126.23999786376953,126.62999725341797,123.55000305175781,126.33999633789062,6607500
2016-02-04,127.44000244140625,127.44000244140625,127.69999694824219,125.75,126.08999633789062,4596300
2016-02-05,126.55999755859375,126.55999755859375,127.38999938964844,125.75,127.27999877929688,4732600
2016-02-08,126.77999877929688,126.77999877929688,127.83999633789062,124.93000030517578,125.69999694824219,6197700
2016-02-09,127.72000122070312,127.72000122070312,128.0800018310547,125.1500015258789,125.1500015258789,5246300
2016-02-10,126.58000183105469,126.58000183105469,129.17999267578125,126.29000091552734,128.44000244140625,4731100
2016-02-11,125.08999633789062,125.08999633789062,125.83999633789062,124.04000091552734,124.11000061035156,6061300
2016-02-12,128.07000732421875,128.07000732421875,128.2100067138672,126.05000305175781,126.76000213623047,5167600
2016-02-16,128.55999755859375,128.55999755859375,129.60000610351562,128.07000732421875,129.44000244140625,5912500
2016-02-17,130.25999450683594,130.25999450683594,130.44000244140625,128.91000366210938,129.1699981689453,4512100
2016-02-18,130.86000061035156,130.86000061035156,132.35000610351562,130.58999633789062,130.60000610351562,3866300
2016-02-19,131.0500030517578,131.0500030517578,131.60000610351562,130.00999450683594,130.35000610351562,4094200
2016-02-22,131.99000549316406,131.99000549316406,132.8699951171875,131.3300018310547,132.19000244140625,3720400
2016-02-23,130.74000549316406,130.74000549316406,131.91000366210938,130.64999389648438,131.1199951171875,3091500
2016-02-24,131.02999877929688,131.02999877929688,131.5,128.8800048828125,129.89999389648438,3635800
2016-02-25,132.30999755859375,132.30999755859375,132.3699951171875,130.4199981689453,131.6199951171875,3504200
2016-02-26,131.9199981689453,131.9199981689453,133.2899932861328,131.77000427246094,132.82000732421875,3851400
2016-02-29,134.1699981689453,134.1699981689453,135.11000061035156,132.94000244140625,133.36000061035156,7730100
2016-03-01,136.94000244140625,136.94000244140625,136.94000244140625,134.32000732421875,135.11000061035156,6068600
2016-03-02,136.72999572753906,136.72999572753906,137.14999389648438,135.80999755859375,136.9499969482422,3777800
2016-03-03,136.83999633789062,136.83999633789062,137.24000549316406,136.1300048828125,136.8000030517578,3936500
2016-03-04,137.97000122070312,137.97000122070312,138.05999755859375,136.52000427246094,136.99000549316406,4228600
2016-03-07,138.72000122070312,138.72000122070312,138.7899932861328,137.42999267578125,137.6999969482422,4571900
2016-03-08,137.8000030517578,137.8000030517578,138.6999969482422,137.49000549316406,138.25,4124500
2016-03-09,139.1300048828125,139.1300048828125,139.14999389648438,138.07000732421875,138.5500030517578,3165600
2016-03-10,138.6199951171875,138.6199951171875,139.75,137.80999755859375,139.75,4524300
2016-03-11,140.64999389648438,140.64999389648438,140.75999450683594,139.11000061035156,139.33999633789062,4306900
2016-03-14,139.72000122070312,139.72000122070312,141.22000122070312,139.47999572753906,140.8000030517578,4244200
2016-03-15,140.39999389648438,140.39999389648438,140.41000366210938,139.00999450683594,139.1199951171875,2838200
2016-03-16,139.8300018310547,139.8300018310547,140.44000244140625,139.50999450683594,139.83999633789062,3124200
2016-03-17,142.39999389648438,142.39999389648438,142.5800018310547,139.67999267578125,140.0,4461000
2016-03-18,142.16000366210938,142.16000366210938,142.9600067138672,141.44000244140625,142.8300018310547,7612100
2016-03-21,142.1300048828125,142.1300048828125,142.61000061035156,141.7100067138672,142.16000366210938,2441000
2016-03-22,142.17999267578125,142.17999267578125,142.99000549316406,141.66000366210938,141.97999572753906,3288100
2016-03-23,140.9600067138672,140.9600067138672,142.1699981689453,140.89999389648438,142.1699981689453,2647100
2016-03-24,140.11000061035156,140.11000061035156,140.60000610351562,139.55999755859375,140.22000122070312,3777900
2016-03-28,141.2899932861328,141.2899932861328,141.6199951171875,140.3300018310547,140.9499969482422,2668100
2016-03-29,141.89999389648438,141.89999389648438,142.0399932861328,140.5,141.2899932861328,3346200
2016-03-30,142.4600067138672,142.4600067138672,143.39999389648438,142.2899932861328,142.91000366210938,3161300
2016-03-31,141.8800048828125,141.8800048828125,143.0500030517578,141.47999572753906,142.55999755859375,3520200
2016-04-01,143.7899932861328,143.7899932861328,144.0500030517578,141.11000061035156,141.2100067138672,3985700
2016-04-04,143.22000122070312,143.22000122070312,143.99000549316406,142.77000427246094,143.99000549316406,3163900
2016-04-05,141.1999969482422,141.1999969482422,142.47999572753906,140.92999267578125,142.4199981689453,3166500
2016-04-06,141.6999969482422,141.6999969482422,141.82000732421875,140.4199981689453,141.30999755859375,2820200
2016-04-07,140.80999755859375,140.80999755859375,141.1999969482422,140.27000427246094,140.92999267578125,2920500
2016-04-08,141.05999755859375,141.05999755859375,141.99000549316406,140.67999267578125,141.52999877929688,2118400
2016-04-11,140.99000549316406,140.99000549316406,142.08999633789062,140.9600067138672,141.7899932861328,2381100
2016-04-12,142.39999389648438,142.39999389648438,142.49000549316406,140.97999572753906,141.25,2649300
2016-04-13,144.0399932861328,144.0399932861328,144.13999938964844,142.88999938964844,142.9499969482422,3562800
2016-04-14,143.72000122070312,143.72000122070312,144.35000610351562,143.47000122070312,144.10000610351562,2487300
2016-04-15,143.4499969482422,143.4499969482422,144.16000366210938,142.94000244140625,144.13999938964844,3124100
2016-04-18,144.3800048828125,144.3800048828125,144.47999572753906,142.9499969482422,143.0,2766000
2016-04-19,145.9499969482422,145.9499969482422,146.3800048828125,144.50999450683594,144.77999877929688,3657500
2016-04-20,146.08999633789062,146.08999633789062,146.44000244140625,145.3800048828125,145.97999572753906,2289000
2016-04-21,144.86000061035156,144.86000061035156,146.4199981689453,144.6699981689453,146.08999633789062,2879800
2016-04-22,146.11000061035156,146.11000061035156,146.38999938964844,144.97000122070312,145.32000732421875,2692400
2016-04-25,146.17999267578125,146.17999267578125,146.3699951171875,145.5,145.64999389648438,2198700
2016-04-26,147.02000427246094,147.02000427246094,147.16000366210938,146.3000030517578,146.58999633789062,2942600
2016-04-27,147.60000610351562,147.60000610351562,148.02999877929688,146.5,146.89999389648438,2991400
2016-04-28,146.07000732421875,146.07000732421875,147.4600067138672,145.75999450683594,146.63999938964844,2498100
2016-04-29,145.47999572753906,145.47999572753906,146.22000122070312,144.52000427246094,145.39999389648438,3895600
2016-05-02,146.88999938964844,146.88999938964844,147.13999938964844,145.69000244140625,145.77000427246094,2774600
2016-05-03,144.8300018310547,144.8300018310547,146.08999633789062,144.0800018310547,145.91000366210938,3551500
2016-05-04,144.24000549316406,144.24000549316406,144.39999389648438,143.3300018310547,144.16000366210938,2483200
2016-05-05,143.8800048828125,143.8800048828125,144.82000732421875,143.47999572753906,144.22000122070312,2438200
2016-05-06,144.6199951171875,144.6199951171875,144.83999633789062,143.3300018310547,143.82000732421875,2288100
2016-05-09,142.91000366210938,142.91000366210938,144.5399932861328,141.9199981689453,144.5399932861328,3644600
2016-05-10,144.77999877929688,144.77999877929688,144.89999389648438,143.25,143.30999755859375,3131000
2016-05-11,142.8699951171875,142.8699951171875,144.97999572753906,142.75,144.8800048828125,2939900
2016-05-12,143.30999755859375,143.30999755859375,143.72000122070312,142.30999755859375,143.4600067138672,2431200
2016-05-13,141.39999389648438,141.39999389648438,143.6999969482422,141.1300048828125,143.2100067138672,3232100
2016-05-16,141.85000610351562,141.85000610351562,142.14999389648438,141.2100067138672,141.39999389648438,2873300
2016-05-17,140.33999633789062,140.33999633789062,141.99000549316406,139.89999389648438,141.97000122070312,3963900
2016-05-18,141.47000122070312,141.47000122070312,141.85000610351562,139.9499969482422,140.17999267578125,2917800
2016-05-19,140.7899932861328,140.7899932861328,141.64999389648438,139.67999267578125,141.07000732421875,2803700
2016-05-20,141.8300018310547,141.8300018310547,142.49000549316406,141.16000366210938,141.47999572753906,3171000
2016-05-23,141.47999572753906,141.47999572753906,142.0,141.0500030517578,141.85000610351562,2049000
2016-05-24,143.7100067138672,143.7100067138672,144.0500030517578,141.72999572753906,141.9499969482422,3268800
2016-05-25,144.0800018310547,144.0800018310547,144.94000244140625,143.72000122070312,143.72000122070312,2933900
2016-05-26,143.0500030517578,143.0500030517578,144.19000244140625,142.8800048828125,144.0,2742000
2016-05-27,143.35000610351562,143.35000610351562,143.6199951171875,142.77000427246094,143.49000549316406,2289900
2016-05-31,140.5399932861328,140.5399932861328,144.13999938964844,140.5399932861328,143.88999938964844,6564700
2016-06-01,141.99000549316406,141.99000549316406,142.08999633789062,140.3699951171875,140.97000122070312,3278000
2016-06-02,142.11000061035156,142.11000061035156,142.11000061035156,140.9600067138672,141.64999389648438,2757300
2016-06-03,141.13999938964844,141.13999938964844,141.52000427246094,140.11000061035156,141.16000366210938,3153300
2016-06-06,141.82000732421875,141.82000732421875,142.5,141.38999938964844,141.6199951171875,2686300
2016-06-07,141.41000366210938,141.41000366210938,142.49000549316406,141.38999938964844,142.16000366210938,2729800
2016-06-08,142.52999877929688,142.52999877929688,142.69000244140625,141.52999877929688,141.57000732421875,2390600
2016-06-09,142.22999572753906,142.22999572753906,142.50999450683594,141.16000366210938,142.0500030517578,2187000
2016-06-10,141.75999450683594,141.75999450683594,142.36000061035156,141.24000549316406,141.30999755859375,2579800
2016-06-13,140.94000244140625,140.94000244140625,142.64999389648438,140.94000244140625,141.22999572753906,2973600
2016-06-14,141.3000030517578,141.3000030517578,141.5500030517578,140.50999450683594,140.7899932861328,3476000
2016-06-15,140.4499969482422,140.4499969482422,142.1699981689453,140.32000732421875,141.74000549316406,3219700
2016-06-16,141.99000549316406,141.99000549316406,142.0500030517578,138.9600067138672,140.08999633789062,3639800
2016-06-17,140.72999572753906,140.72999572753906,142.0,140.4499969482422,141.97999572753906,5394100
2016-06-20,141.6699981689453,141.6699981689453,142.94000244140625,141.6300048828125,141.9600067138672,4038700
2016-06-21,143.52999877929688,143.52999877929688,143.6300048828125,141.85000610351562,142.05999755859375,3677400
2016-06-22,143.94000244140625,143.94000244140625,144.66000366210938,143.57000732421875,143.6300048828125,3659700
2016-06-23,145.97999572753906,145.97999572753906,146.0,144.60000610351562,144.97000122070312,4493600
2016-06-24,139.7100067138672,139.7100067138672,142.0,139.47000122070312,140.74000549316406,12476300
2016-06-27,138.5,138.5,139.0,136.64999389648438,138.7899932861328,6328200
2016-06-28,140.27999877929688,140.27999877929688,140.36000061035156,138.2899932861328,139.7899932861328,5312300
2016-06-29,142.1199951171875,142.1199951171875,142.1199951171875,139.91000366210938,141.3000030517578,4257100
2016-06-30,144.7899932861328,144.7899932861328,144.82000732421875,142.10000610351562,142.2100067138672,5196400
2016-07-01,143.9600067138672,143.9600067138672,144.8300018310547,143.75,144.58999633789062,2874400
2016-07-05,142.22999572753906,142.22999572753906,143.55999755859375,141.75999450683594,143.19000244140625,3426300
2016-07-06,142.50999450683594,142.50999450683594,142.63999938964844,140.9499969482422,141.89999389648438,2804700
2016-07-07,141.91000366210938,141.91000366210938,143.0399932861328,141.19000244140625,142.3800048828125,2863600
2016-07-08,143.64999389648438,143.64999389648438,143.74000549316406,142.72000122070312,143.35000610351562,3718100
2016-07-11,143.92999267578125,143.92999267578125,144.22999572753906,143.42999267578125,143.75,3194200
2016-07-12,144.6699981689453,144.6699981689453,145.02999877929688,143.97999572753906,144.52999877929688,3158100
2016-07-13,145.92999267578125,145.92999267578125,145.99000549316406,144.41000366210938,144.8800048828125,3274500
2016-07-14,145.72999572753906,145.72999572753906,146.66000366210938,145.4600067138672,146.25,3322200
2016-07-15,145.97000122070312,145.97000122070312,146.44000244140625,145.1199951171875,146.25,3860800
2016-07-18,146.57000732421875,146.57000732421875,146.7100067138672,146.0,146.0,3128000
2016-07-19,146.9199981689453,146.9199981689453,146.99000549316406,145.85000610351562,146.05999755859375,3543300
2016-07-20,146.1699981689453,146.1699981689453,146.94000244140625,145.6999969482422,146.80999755859375,2855300
2016-07-21,144.35000610351562,144.35000610351562,146.22000122070312,144.19000244140625,146.00999450683594,3212200
2016-07-22,144.60000610351562,144.60000610351562,144.85000610351562,143.88999938964844,144.72000122070312,3142000
2016-07-25,144.13999938964844,144.13999938964844,145.0,143.60000610351562,144.8699951171875,2483900
2016-07-26,144.33999633789062,144.33999633789062,144.85000610351562,143.8300018310547,144.33999633789062,2466400
2016-07-27,144.19000244140625,144.19000244140625,144.75,143.6999969482422,144.27000427246094,2611700
2016-07-28,144.4199981689453,144.4199981689453,144.69000244140625,143.47999572753906,143.9199981689453,1944600
2016-07-29,144.27000427246094,144.27000427246094,144.60000610351562,143.77999877929688,144.08999633789062,2589300
2016-08-01,143.92999267578125,143.92999267578125,144.77000427246094,143.5800018310547,144.6199951171875,2051300
2016-08-02,143.30999755859375,143.30999755859375,143.99000549316406,142.9600067138672,143.9499969482422,2457000
2016-08-03,143.6300048828125,143.6300048828125,143.8800048828125,142.97999572753906,143.35000610351562,2217100
2016-08-04,143.1199951171875,143.1199951171875,143.91000366210938,142.9199981689453,143.8000030517578,1848600
2016-08-05,145.64999389648438,145.64999389648438,145.64999389648438,143.9199981689453,144.0,3926000
2016-08-08,145.55999755859375,145.55999755859375,145.64999389648438,144.22999572753906,145.2899932861328,3516300
2016-08-09,147.22000122070312,147.22000122070312,147.4499969482422,145.4499969482422,145.9600067138672,3680500
2016-08-10,146.69000244140625,146.69000244140625,147.27000427246094,146.1300048828125,147.0,2465200
2016-08-11,147.74000549316406,147.74000549316406,147.97999572753906,146.44000244140625,146.4600067138672,3272200
2016-08-12,147.72000122070312,147.72000122070312,147.75,146.69000244140625,147.1199951171875,2586700
2016-08-15,147.77999877929688,147.77999877929688,147.9199981689453,147.1199951171875,147.72000122070312,2195800
2016-08-16,147.24000549316406,147.24000549316406,147.9499969482422,147.22000122070312,147.6199951171875,2121300
2016-08-17,149.0800018310547,149.0800018310547,149.3300018310547,147.0,147.4199981689453,3044200
2016-08-18,148.80999755859375,148.80999755859375,149.36000061035156,148.52999877929688,149.19000244140625,2185400
2016-08-19,148.75,148.75,148.83999633789062,147.7899932861328,148.39999389648438,2641200
2016-08-22,148.4499969482422,148.4499969482422,148.8000030517578,147.85000610351562,148.50999450683594,1765000
2016-08-23,148.77000427246094,148.77000427246094,149.24000549316406,148.5800018310547,148.5800018310547,2019100
2016-08-24,148.41000366210938,148.41000366210938,148.83999633789062,148.1300048828125,148.5,2269400
2016-08-25,148.63999938964844,148.63999938964844,148.7100067138672,148.11000061035156,148.24000549316406,2449700
2016-08-26,147.91000366210938,147.91000366210938,149.22999572753906,147.22000122070312,148.64999389648438,2872800
2016-08-29,149.3000030517578,149.3000030517578,149.67999267578125,148.0,148.22999572753906,2726600
2016-08-30,150.22999572753906,150.22999572753906,150.24000549316406,149.22999572753906,149.25,2832200
2016-08-31,150.49000549316406,150.49000549316406,150.89999389648438,148.66000366210938,150.0,5338700
2016-09-01,150.35000610351562,150.35000610351562,151.0,148.82000732421875,150.6999969482422,3020800
2016-09-02,150.72000122070312,150.72000122070312,151.0500030517578,149.97000122070312,150.69000244140625,2258200
2016-09-06,150.42999267578125,150.42999267578125,150.97999572753906,149.30999755859375,150.5399932861328,4460800
2016-09-07,149.5800018310547,149.5800018310547,150.49000549316406,149.33999633789062,150.0,2437100
2016-09-08,149.77999877929688,149.77999877929688,150.10000610351562,149.3000030517578,149.60000610351562,2963400
2016-09-09,146.6199951171875,146.6199951171875,149.58999633789062,146.55999755859375,149.10000610351562,4342700
2016-09-12,148.97000122070312,148.97000122070312,149.38999938964844,145.94000244140625,146.3699951171875,4323800
2016-09-13,146.22999572753906,146.22999572753906,148.1300048828125,145.5500030517578,147.9499969482422,5505900
2016-09-14,145.77999877929688,145.77999877929688,146.91000366210938,145.3300018310547,146.02000427246094,3097300
2016-09-15,146.66000366210938,146.66000366210938,147.0800018310547,145.47000122070312,146.0,3255500
2016-09-16,145.00999450683594,145.00999450683594,146.22999572753906,144.67999267578125,146.11000061035156,11133700
2016-09-19,145.24000549316406,145.24000549316406,146.19000244140625,144.92999267578125,145.33999633789062,3031800
2016-09-20,144.9199981689453,144.9199981689453,145.97999572753906,144.75999450683594,145.97999572753906,2367000
2016-09-21,146.4600067138672,146.4600067138672,146.49000549316406,144.97999572753906,145.64999389648438,3768900
2016-09-22,146.52999877929688,146.52999877929688,147.08999633789062,146.1300048828125,146.75,2770900
2016-09-23,145.0,145.0,146.49000549316406,145.0,146.3000030517578,3697800
2016-09-26,144.17999267578125,144.17999267578125,144.9600067138672,144.0,144.52000427246094,2863700
2016-09-27,145.33999633789062,145.33999633789062,145.3800048828125,144.00999450683594,144.27999877929688,2934600
2016-09-28,145.27999877929688,145.27999877929688,145.4199981689453,144.02999877929688,145.27999877929688,3246500
2016-09-29,143.58999633789062,143.58999633789062,145.52000427246094,143.36000061035156,145.17999267578125,3313800
2016-09-30,144.47000122070312,144.47000122070312,145.3800048828125,144.27000427246094,144.27000427246094,4416500
2016-10-03,143.75999450683594,143.75999450683594,144.30999755859375,143.2100067138672,144.27000427246094,3493800
2016-10-04,143.1699981689453,143.1699981689453,144.1999969482422,142.8000030517578,143.74000549316406,3058900
2016-10-05,144.14999389648438,144.14999389648438,144.2899932861328,143.2100067138672,143.64999389648438,2998800
2016-10-06,143.8699951171875,143.8699951171875,144.10000610351562,143.3000030517578,144.0,2279500
2016-10-07,144.52000427246094,144.52000427246094,144.94000244140625,143.77999877929688,143.92999267578125,3093800
2016-10-10,145.1999969482422,145.1999969482422,145.67999267578125,144.97999572753906,145.0500030517578,1884100
2016-10-11,143.9499969482422,143.9499969482422,145.13999938964844,143.52999877929688,145.1300048828125,2723000
2016-10-12,144.91000366210938,144.91000366210938,145.2899932861328,143.86000061035156,143.86000061035156,2558100
2016-10-13,143.22000122070312,143.22000122070312,144.0500030517578,141.9199981689453,143.7899932861328,4657600
2016-10-14,144.17999267578125,144.17999267578125,144.88999938964844,143.5800018310547,143.91000366210938,2932800
2016-10-17,143.8000030517578,143.8000030517578,144.75999450683594,143.3699951171875,144.5,2552800
2016-10-18,144.3000030517578,144.3000030517578,145.08999633789062,144.1300048828125,144.64999389648438,2378500
2016-10-19,144.86000061035156,144.86000061035156,145.7100067138672,144.47999572753906,144.8699951171875,2309300
2016-10-20,144.49000549316406,144.49000549316406,145.42999267578125,144.19000244140625,144.6199951171875,2505000
2016-10-21,143.60000610351562,143.60000610351562,143.9499969482422,142.8000030517578,143.5399932861328,3075400
2016-10-24,143.8300018310547,143.8300018310547,144.88999938964844,143.67999267578125,144.08999633789062,2223800
2016-10-25,143.4199981689453,143.4199981689453,144.16000366210938,143.2100067138672,143.6999969482422,2349500
2016-10-26,143.94000244140625,143.94000244140625,144.4600067138672,143.1199951171875,143.3800048828125,2769700
2016-10-27,144.4499969482422,144.4499969482422,144.77999877929688,143.8699951171875,144.19000244140625,2914800
2016-10-28,144.0,144.0,145.2899932861328,142.89999389648438,144.83999633789062,2789900
2016-10-31,144.3000030517578,144.3000030517578,144.69000244140625,144.0,144.3000030517578,3229500
2016-11-01,143.6300048828125,143.6300048828125,144.86000061035156,143.11000061035156,144.67999267578125,3339400
2016-11-02,143.19000244140625,143.19000244140625,143.86000061035156,142.91000366210938,143.17999267578125,3178500
2016-11-03,143.63999938964844,143.63999938964844,144.4499969482422,143.1999969482422,143.25,2691800
2016-11-04,142.9499969482422,142.9499969482422,143.8000030517578,142.35000610351562,143.4499969482422,3493300
2016-11-07,146.91000366210938,146.91000366210938,147.1699981689453,144.3000030517578,144.7100067138672,5236000
2016-11-08,147.7899932861328,147.7899932861328,148.13999938964844,146.39999389648438,146.88999938964844,3636000
2016-11-09,151.27999877929688,151.27999877929688,151.63999938964844,145.10000610351562,146.10000610351562,8687800
2016-11-10,156.05999755859375,156.05999755859375,156.61000061035156,151.67999267578125,152.0,8142500
2016-11-11,156.9199981689453,156.9199981689453,157.27999877929688,155.14999389648438,155.3000030517578,4514400
2016-11-14,157.92999267578125,157.92999267578125,158.16000366210938,156.52999877929688,157.47999572753906,5520400
2016-11-15,157.4600067138672,157.4600067138672,157.82000732421875,156.08999633789062,157.61000061035156,4780100
2016-11-16,157.0800018310547,157.0800018310547,157.58999633789062,156.02000427246094,157.02000427246094,4468900
2016-11-17,158.38999938964844,158.38999938964844,158.63999938964844,156.3000030517578,156.80999755859375,4169100
2016-11-18,157.75,157.75,158.47999572753906,157.1699981689453,158.35000610351562,3383300
2016-11-21,158.7100067138672,158.7100067138672,158.7100067138672,157.4199981689453,158.10000610351562,2847400
2016-11-22,158.66000366210938,158.66000366210938,159.08999633789062,157.8300018310547,159.00999450683594,3143300
2016-11-23,158.11000061035156,158.11000061035156,159.0,157.27999877929688,158.66000366210938,3050700
2016-11-25,158.17999267578125,158.17999267578125,158.6300048828125,157.60000610351562,158.6300048828125,1777200
2016-11-28,156.97000122070312,156.97000122070312,158.49000549316406,156.88999938964844,157.89999389648438,4204300
2016-11-29,157.67999267578125,157.67999267578125,157.97999572753906,156.82000732421875,157.50999450683594,2973300
2016-11-30,157.44000244140625,157.44000244140625,158.88999938964844,157.4199981689453,158.4199981689453,5145600
2016-12-01,160.1199951171875,160.1199951171875,160.24000549316406,157.50999450683594,157.5800018310547,4578600
2016-12-02,159.38999938964844,159.38999938964844,160.1199951171875,158.6999969482422,160.0500030517578,3854400
2016-12-05,160.2100067138672,160.2100067138672,160.67999267578125,159.27000427246094,160.25,4870400
2016-12-06,161.33999633789062,161.33999633789062,161.5500030517578,159.92999267578125,160.57000732421875,3543600
2016-12-07,164.69000244140625,164.69000244140625,164.69000244140625,161.39999389648438,161.94000244140625,6043200
2016-12-08,164.11000061035156,164.11000061035156,165.9499969482422,163.52000427246094,164.97999572753906,4902500
2016-12-09,164.86000061035156,164.86000061035156,165.16000366210938,163.07000732421875,164.27999877929688,3887900
2016-12-12,166.1199951171875,166.1199951171875,166.63999938964844,164.35000610351562,164.64999389648438,6759700
2016-12-13,166.6199951171875,166.6199951171875,166.99000549316406,165.39999389648438,166.49000549316406,4359100
2016-12-14,165.05999755859375,165.05999755859375,167.25,164.5399932861328,166.58999633789062,4537400
2016-12-15,165.72999572753906,165.72999572753906,167.02000427246094,164.8000030517578,165.5,3985500
2016-12-16,164.75999450683594,164.75999450683594,166.14999389648438,164.3300018310547,166.13999938964844,7046200
2016-12-19,165.35000610351562,165.35000610351562,165.64999389648438,164.47999572753906,165.19000244140625,2972500
2016-12-20,166.36000061035156,166.36000061035156,166.4199981689453,165.39999389648438,166.14999389648438,3103100
2016-12-21,165.9499969482422,165.9499969482422,166.6699981689453,165.5500030517578,166.39999389648438,2480500
2016-12-22,166.02999877929688,166.02999877929688,166.1199951171875,164.88999938964844,165.77000427246094,2511600
2016-12-23,165.32000732421875,165.32000732421875,166.44000244140625,164.77000427246094,166.25999450683594,2043100
2016-12-27,164.9499969482422,164.9499969482422,165.82000732421875,164.77999877929688,165.50999450683594,2133800
2016-12-28,163.75,163.75,165.63999938964844,163.55999755859375,165.4499969482422,2626800
2016-12-29,163.0500030517578,163.0500030517578,164.47000122070312,163.00999450683594,163.92999267578125,2545300
2016-12-30,162.97999572753906,162.97999572753906,164.02999877929688,162.6199951171875,163.16000366210938,4041400
2017-01-03,163.8300018310547,163.8300018310547,164.7100067138672,162.44000244140625,164.33999633789062,4091000
2017-01-04,164.0800018310547,164.0800018310547,164.57000732421875,163.0,164.4499969482422,3568900
2017-01-05,163.3000030517578,163.3000030517578,164.13999938964844,162.17999267578125,164.05999755859375,2982500
2017-01-06,163.41000366210938,163.41000366210938,163.8000030517578,162.63999938964844,163.44000244140625,2697000
2017-01-09,162.02000427246094,162.02000427246094,163.25,162.02000427246094,163.0399932861328,3564700
2017-01-10,161.47000122070312,161.47000122070312,162.74000549316406,161.41000366210938,162.0,2671300
2017-01-11,162.22999572753906,162.22999572753906,162.4499969482422,161.02999877929688,161.47000122070312,3305900
2017-01-12,161.41000366210938,161.41000366210938,162.14999389648438,160.3300018310547,162.0,3229400
2017-01-13,161.89999389648438,161.89999389648438,163.1300048828125,161.50999450683594,161.80999755859375,3081600
2017-01-17,159.63999938964844,159.63999938964844,162.0,159.3000030517578,161.9600067138672,4712800
2017-01-18,160.49000549316406,160.49000549316406,160.86000061035156,159.42999267578125,160.0399932861328,3074700
2017-01-19,159.41000366210938,159.41000366210938,161.1199951171875,159.11000061035156,160.82000732421875,3172800
2017-01-20,160.2100067138672,160.2100067138672,160.77999877929688,159.5800018310547,160.2100067138672,4176100
2017-01-23,158.80999755859375,158.80999755859375,160.27999877929688,158.61000061035156,160.19000244140625,3434300
2017-01-24,160.72000122070312,160.72000122070312,161.08999633789062,158.77000427246094,159.25999450683594,4012500
2017-01-25,164.25,164.25,164.6300048828125,161.38999938964844,162.0,4500000
2017-01-26,164.9199981689453,164.9199981689453,165.02999877929688,164.0800018310547,164.8800048828125,3132400
2017-01-27,164.39999389648438,164.39999389648438,165.3000030517578,163.4600067138672,164.92999267578125,2520300
2017-01-30,164.8000030517578,164.8000030517578,164.91000366210938,163.22000122070312,164.1999969482422,3194400
2017-01-31,164.13999938964844,164.13999938964844,165.05999755859375,163.0800018310547,164.63999938964844,3099600
2017-02-01,163.61000061035156,163.61000061035156,165.1999969482422,163.3000030517578,164.75,2906900
2017-02-02,163.0,163.0,163.30999755859375,162.27000427246094,163.30999755859375,3041200
2017-02-03,163.94000244140625,163.94000244140625,164.19000244140625,162.52000427246094,164.0,3352700
2017-02-06,163.4199981689453,163.4199981689453,163.92999267578125,163.0399932861328,163.8800048828125,2798300
2017-02-07,162.92999267578125,162.92999267578125,163.85000610351562,162.5800018310547,163.6199951171875,2446800
2017-02-08,162.8699951171875,162.8699951171875,163.1300048828125,162.14999389648438,162.89999389648438,2247100
2017-02-09,164.0399932861328,164.0399932861328,164.4199981689453,162.82000732421875,162.8699951171875,2878300
2017-02-10,164.00999450683594,164.00999450683594,164.67999267578125,163.60000610351562,164.58999633789062,3066200
2017-02-13,165.85000610351562,165.85000610351562,166.24000549316406,164.44000244140625,164.7100067138672,2958400
2017-02-14,166.9499969482422,166.9499969482422,167.0,165.1699981689453,165.85000610351562,3057900
2017-02-15,167.27999877929688,167.27999877929688,167.33999633789062,166.1199951171875,167.2100067138672,4349600
2017-02-16,167.74000549316406,167.74000549316406,167.8000030517578,166.10000610351562,167.27999877929688,3152200
2017-02-17,168.57000732421875,168.57000732421875,168.6999969482422,166.7100067138672,167.55999755859375,3716900
2017-02-21,168.9199981689453,168.9199981689453,169.64999389648438,168.47000122070312,168.9199981689453,4416900
2017-02-22,169.61000061035156,169.61000061035156,169.6999969482422,168.3300018310547,168.9199981689453,3299400
2017-02-23,170.14999389648438,170.14999389648438,170.16000366210938,169.11000061035156,169.9600067138672,3377100
2017-02-24,170.22000122070312,170.22000122070312,170.27999877929688,169.22000122070312,169.39999389648438,4023400
2017-02-27,170.6300048828125,170.6300048828125,171.1999969482422,170.32000732421875,170.89999389648438,3738600
2017-02-28,171.4199981689453,171.4199981689453,172.1999969482422,170.50999450683594,170.89999389648438,6464500
2017-03-01,177.27999877929688,177.27999877929688,177.41000366210938,173.6999969482422,173.6999969482422,7137600
2017-03-02,175.88999938964844,175.88999938964844,177.86000061035156,175.47999572753906,177.86000061035156,4154800
2017-03-03,175.67999267578125,175.67999267578125,176.4600067138672,175.0399932861328,175.97000122070312,3552000
2017-03-06,175.39999389648438,175.39999389648438,175.8800048828125,174.50999450683594,175.44000244140625,3379100
2017-03-07,175.3000030517578,175.3000030517578,175.75999450683594,174.89999389648438,175.5800018310547,2645400
2017-03-08,174.97000122070312,174.97000122070312,176.0,174.8000030517578,175.88999938964844,3334400
2017-03-09,175.3699951171875,175.3699951171875,175.85000610351562,174.82000732421875,175.6999969482422,2955800
2017-03-10,174.97999572753906,174.97999572753906,176.13999938964844,174.4499969482422,176.0,3789700
2017-03-13,175.38999938964844,175.38999938964844,175.60000610351562,174.69000244140625,175.2899932861328,3333500
2017-03-14,174.72999572753906,174.72999572753906,175.42999267578125,174.22999572753906,175.22000122070312,2972300
2017-03-15,174.6699981689453,174.6699981689453,175.0800018310547,173.77000427246094,174.97999572753906,3928500
2017-03-16,174.0800018310547,174.0800018310547,175.42999267578125,173.6999969482422,175.14999389648438,3119600
2017-03-17,172.82000732421875,172.82000732421875,173.88999938964844,172.32000732421875,173.88999938964844,6710700
2017-03-20,172.07000732421875,172.07000732421875,172.8699951171875,171.60000610351562,172.3000030517578,3340700
2017-03-21,169.47000122070312,169.47000122070312,172.44000244140625,169.02999877929688,172.16000366210938,4973900
2017-03-22,169.3000030517578,169.3000030517578,170.0399932861328,168.02000427246094,169.27000427246094,3257000
2017-03-23,169.88999938964844,169.88999938964844,171.36000061035156,169.2100067138672,169.66000366210938,3142900
2017-03-24,168.66000366210938,168.66000366210938,170.4499969482422,168.02000427246094,170.4499969482422,4131900
2017-03-27,167.44000244140625,167.44000244140625,167.50999450683594,165.8000030517578,166.88999938964844,4884700
2017-03-28,168.30999755859375,168.30999755859375,168.61000061035156,166.36000061035156,167.27999877929688,4598000
2017-03-29,166.58999633789062,166.58999633789062,168.3000030517578,166.44000244140625,168.0,4776400
2017-03-30,167.36000061035156,167.36000061035156,167.69000244140625,166.0,166.3000030517578,3393700
2017-03-31,166.67999267578125,166.67999267578125,167.60000610351562,166.33999633789062,167.41000366210938,3564700
2017-04-03,166.8699951171875,166.8699951171875,167.0,165.32000732421875,166.72000122070312,3986900
2017-04-04,166.86000061035156,166.86000061035156,167.0,166.13999938964844,166.61000061035156,2853000
2017-04-05,165.8300018310547,165.8300018310547,168.22999572753906,165.6699981689453,167.4499969482422,5231100
2017-04-06,166.47000122070312,166.47000122070312,167.0,165.02000427246094,165.63999938964844,3892300
2017-04-07,166.1699981689453,166.1699981689453,166.88999938964844,165.47999572753906,165.6199951171875,2593400
2017-04-10,166.35000610351562,166.35000610351562,167.0,165.97999572753906,166.1999969482422,3015900
2017-04-11,165.6999969482422,165.6999969482422,166.22000122070312,164.85000610351562,165.8000030517578,3488200
2017-04-12,165.11000061035156,165.11000061035156,165.47999572753906,164.66000366210938,165.07000732421875,3419700
2017-04-13,162.89999389648438,162.89999389648438,165.27999877929688,162.8699951171875,164.97999572753906,3655100
2017-04-17,164.35000610351562,164.35000610351562,164.6300048828125,162.6699981689453,163.61000061035156,3414100
2017-04-18,163.69000244140625,163.69000244140625,164.22999572753906,163.08999633789062,163.8699951171875,2985800
2017-04-19,162.75999450683594,162.75999450683594,164.49000549316406,162.27999877929688,164.10000610351562,3932900
2017-04-20,164.97999572753906,164.97999572753906,165.24000549316406,163.0399932861328,163.2899932861328,3729200
2017-04-21,163.41000366210938,163.41000366210938,164.9499969482422,163.33999633789062,164.39999389648438,5122400
2017-04-24,165.77999877929688,165.77999877929688,165.99000549316406,164.39999389648438,165.6999969482422,4135500
2017-04-25,167.52999877929688,167.52999877929688,167.9600067138672,166.60000610351562,166.9199981689453,4268500
2017-04-26,167.6300048828125,167.6300048828125,168.9499969482422,167.25,167.5,4084300
2017-04-27,166.5500030517578,166.5500030517578,167.80999755859375,165.5,167.64999389648438,4290200
2017-04-28,165.2100067138672,165.2100067138672,166.5500030517578,164.67999267578125,166.27999877929688,3045000
2017-05-01,165.44000244140625,165.44000244140625,166.32000732421875,165.35000610351562,165.8000030517578,3135400
2017-05-02,166.0500030517578,166.0500030517578,166.3300018310547,165.16000366210938,165.89999389648438,2781200
2017-05-03,166.72999572753906,166.72999572753906,167.0800018310547,165.5,165.6999969482422,2982200
2017-05-04,166.33999633789062,166.33999633789062,168.0399932861328,166.22000122070312,167.63999938964844,3643500
2017-05-05,166.5500030517578,166.5500030517578,167.13999938964844,165.8800048828125,167.1199951171875,3578500
2017-05-08,165.02000427246094,165.02000427246094,166.60000610351562,164.10000610351562,166.5,5163900
2017-05-09,163.4600067138672,163.4600067138672,165.24000549316406,163.0,165.1699981689453,3840700
2017-05-10,163.72000122070312,163.72000122070312,163.8800048828125,163.02999877929688,163.36000061035156,3237400
2017-05-11,163.27000427246094,163.27000427246094,163.77000427246094,162.38999938964844,163.5800018310547,3285900
2017-05-12,163.32000732421875,163.32000732421875,163.49000549316406,162.47000122070312,163.05999755859375,3592300
2017-05-15,163.8000030517578,163.8000030517578,164.0800018310547,163.25999450683594,163.80999755859375,2959000
2017-05-16,163.61000061035156,163.61000061035156,164.2899932861328,163.25,164.10000610351562,2434900
2017-05-17,161.25999450683594,161.25999450683594,163.61000061035156,161.17999267578125,163.61000061035156,4797400
2017-05-18,161.6199951171875,161.6199951171875,162.6199951171875,160.92999267578125,161.5,3645600
2017-05-19,163.24000549316406,163.24000549316406,164.0800018310547,161.5800018310547,161.86000061035156,4164900
2017-05-22,165.1300048828125,165.1300048828125,165.47999572753906,163.94000244140625,164.8000030517578,4350800
2017-05-23,165.47999572753906,165.47999572753906,165.77000427246094,164.8699951171875,165.39999389648438,3352200
2017-05-24,164.92999267578125,164.92999267578125,165.89999389648438,164.5500030517578,165.89999389648438,2597300
2017-05-25,165.3000030517578,165.3000030517578,165.5,164.7100067138672,165.22999572753906,2605300
2017-05-26,165.69000244140625,165.69000244140625,165.8800048828125,165.02000427246094,165.25,2156300
2017-05-30,165.11000061035156,165.11000061035156,165.8699951171875,164.47000122070312,165.7899932861328,3048300
2017-05-31,165.27999877929688,165.27999877929688,165.4499969482422,164.10000610351562,165.27000427246094,5674900
2017-06-01,166.66000366210938,166.66000366210938,166.69000244140625,164.75,165.8000030517578,3330900
2017-06-02,166.2899932861328,166.2899932861328,166.9199981689453,165.85000610351562,166.1300048828125,3919900
2017-06-05,166.52000427246094,166.52000427246094,167.07000732421875,166.3300018310547,166.42999267578125,2303200
2017-06-06,166.1300048828125,166.1300048828125,166.72000122070312,165.8800048828125,166.1199951171875,2752300
2017-06-07,166.5,166.5,166.75,165.8699951171875,166.13999938964844,2987300
2017-06-08,166.94000244140625,166.94000244140625,167.94000244140625,166.22999572753906,166.5,4387400
2017-06-09,170.0,170.0,170.13999938964844,167.4199981689453,167.6699981689453,3781300
2017-06-12,170.5,170.5,170.64999389648438,169.41000366210938,169.42999267578125,4662700
2017-06-13,171.47000122070312,171.47000122070312,171.82000732421875,170.89999389648438,171.5,3145400
2017-06-14,171.4499969482422,171.4499969482422,171.5,169.5500030517578,170.9199981689453,3344500
2017-06-15,170.5500030517578,170.5500030517578,170.9199981689453,169.57000732421875,170.60000610351562,3275200
2017-06-16,170.47999572753906,170.47999572753906,171.0399932861328,169.75,170.60000610351562,6505900
2017-06-19,171.5500030517578,171.5500030517578,171.9499969482422,170.77999877929688,171.38999938964844,2869000
2017-06-20,170.5500030517578,170.5500030517578,171.67999267578125,170.4499969482422,171.67999267578125,2470100
2017-06-21,169.6199951171875,169.6199951171875,170.77999877929688,169.33999633789062,170.61000061035156,2365100
2017-06-22,168.32000732421875,168.32000732421875,169.6699981689453,168.30999755859375,169.3300018310547,2673900
2017-06-23,167.22000122070312,167.22000122070312,169.27000427246094,166.63999938964844,169.27000427246094,4046800
2017-06-26,167.49000549316406,167.49000549316406,168.27999877929688,166.97000122070312,167.8000030517578,2543000
2017-06-27,167.35000610351562,167.35000610351562,168.05999755859375,166.77999877929688,167.72000122070312,2995600
2017-06-28,169.88999938964844,169.88999938964844,170.14999389648438,167.89999389648438,167.92999267578125,3210900
2017-06-29,169.3000030517578,169.3000030517578,171.3699951171875,168.60000610351562,170.67999267578125,3545500
2017-06-30,169.3699951171875,169.3699951171875,170.14999389648438,169.27000427246094,170.00999450683594,3627800
2017-07-03,171.8000030517578,171.8000030517578,172.6999969482422,169.9499969482422,170.39999389648438,2493400
2017-07-05,171.85000610351562,171.85000610351562,172.50999450683594,171.27999877929688,172.05999755859375,2558600
2017-07-06,170.1999969482422,170.1999969482422,171.97000122070312,170.08999633789062,171.55999755859375,3182000
2017-07-07,171.13999938964844,171.13999938964844,171.32000732421875,169.89999389648438,170.83999633789062,2967200
2017-07-10,170.25,170.25,171.30999755859375,169.89999389648438,170.61000061035156,2504500
2017-07-11,169.24000549316406,169.24000549316406,170.1999969482422,168.0,169.94000244140625,3525600
2017-07-12,169.9199981689453,169.9199981689453,170.08999633789062,169.05999755859375,169.7899932861328,3018200
2017-07-13,169.69000244140625,169.69000244140625,170.07000732421875,169.25,170.05999755859375,3170500
2017-07-14,169.47000122070312,169.47000122070312,169.9199981689453,168.52000427246094,168.89999389648438,2941500
2017-07-17,170.16000366210938,170.16000366210938,170.72999572753906,168.9499969482422,169.44000244140625,3044400
2017-07-18,170.30999755859375,170.30999755859375,170.69000244140625,169.55999755859375,170.0399932861328,2599700
2017-07-19,171.1999969482422,171.1999969482422,171.3300018310547,170.30999755859375,170.30999755859375,1923200
2017-07-20,171.3300018310547,171.3300018310547,171.8699951171875,171.07000732421875,171.3300018310547,2137900
2017-07-21,171.33999633789062,171.33999633789062,171.69000244140625,170.66000366210938,171.57000732421875,2419800
2017-07-24,171.3699951171875,171.3699951171875,171.8800048828125,171.07000732421875,171.5,2649600
2017-07-25,172.94000244140625,172.94000244140625,173.3699951171875,172.14999389648438,172.14999389648438,2921100
2017-07-26,173.02000427246094,173.02000427246094,173.7899932861328,172.5,173.0,2849500
2017-07-27,173.0500030517578,173.0500030517578,173.17999267578125,172.22000122070312,173.1699981689453,3522600
2017-07-28,174.0,174.0,174.33999633789062,172.1300048828125,173.05999755859375,2401800
2017-07-31,174.97000122070312,174.97000122070312,175.60000610351562,174.1999969482422,174.6999969482422,3477000
2017-08-01,176.2899932861328,176.2899932861328,176.3800048828125,174.80999755859375,175.92999267578125,2666000
2017-08-02,177.85000610351562,177.85000610351562,177.9199981689453,175.91000366210938,176.2899932861328,3174500
2017-08-03,178.99000549316406,178.99000549316406,179.0,177.44000244140625,177.5,2856200
2017-08-04,179.9199981689453,179.9199981689453,179.99000549316406,178.69000244140625,179.8000030517578,2636600
2017-08-07,178.0399932861328,178.0399932861328,178.41000366210938,177.0399932861328,177.0399932861328,3279200
2017-08-08,176.42999267578125,176.42999267578125,178.2899932861328,176.1999969482422,177.7100067138672,2925000
2017-08-09,178.05999755859375,178.05999755859375,178.16000366210938,175.0500030517578,175.5,2804100
2017-08-10,176.36000061035156,176.36000061035156,177.60000610351562,176.25999450683594,177.1300048828125,3084300
2017-08-11,175.33999633789062,175.33999633789062,177.1699981689453,175.27000427246094,176.32000732421875,2580000
2017-08-14,177.2899932861328,177.2899932861328,177.72999572753906,176.4499969482422,176.75,2710100
2017-08-15,177.47000122070312,177.47000122070312,178.14999389648438,177.24000549316406,177.74000549316406,2670000
2017-08-16,178.5399932861328,178.5399932861328,178.97000122070312,177.60000610351562,178.1999969482422,2299200
2017-08-17,177.16000366210938,177.16000366210938,178.6999969482422,177.16000366210938,178.25,4189500
2017-08-18,177.55999755859375,177.55999755859375,178.82000732421875,176.27000427246094,176.57000732421875,3586100
2017-08-21,178.33999633789062,178.33999633789062,178.5,177.07000732421875,177.6199951171875,2878400
2017-08-22,180.4499969482422,180.4499969482422,180.61000061035156,178.4600067138672,178.5,2928600
2017-08-23,179.97999572753906,179.97999572753906,180.52000427246094,179.0,179.25,2444600
2017-08-24,178.42999267578125,178.42999267578125,180.0,178.1300048828125,179.97999572753906,3250100
2017-08-25,179.60000610351562,179.60000610351562,180.16000366210938,178.86000061035156,179.0,2284600
2017-08-28,178.6999969482422,178.6999969482422,179.89999389648438,178.02000427246094,179.77000427246094,2986500
2017-08-29,178.6199951171875,178.6199951171875,178.6999969482422,177.1999969482422,177.72000122070312,2499300
2017-08-30,180.35000610351562,180.35000610351562,181.02999877929688,178.50999450683594,178.7100067138672,3303500
2017-08-31,181.16000366210938,181.16000366210938,181.8699951171875,180.25,180.35000610351562,4376300
2017-09-01,180.72999572753906,180.72999572753906,181.97000122070312,180.57000732421875,181.60000610351562,2536800
2017-09-05,176.97999572753906,176.97999572753906,180.2899932861328,176.2899932861328,180.2899932861328,4880700
2017-09-06,176.7899932861328,176.7899932861328,177.8699951171875,176.72999572753906,177.35000610351562,4270300
2017-09-07,173.99000549316406,173.99000549316406,177.47999572753906,172.61000061035156,177.0500030517578,4620600
2017-09-08,175.5,175.5,175.82000732421875,173.57000732421875,173.89999389648438,3736400
2017-09-11,177.8699951171875,177.8699951171875,179.24000549316406,177.3300018310547,177.75,4107600
2017-09-12,178.6300048828125,178.6300048828125,178.72000122070312,177.8000030517578,178.0,2348500
2017-09-13,178.9199981689453,178.9199981689453,179.14999389648438,177.61000061035156,177.75999450683594,2679400
2017-09-14,178.57000732421875,178.57000732421875,179.16000366210938,178.3800048828125,178.8000030517578,3304100
2017-09-15,179.88999938964844,179.88999938964844,180.36000061035156,178.80999755859375,179.24000549316406,9234800
2017-09-18,181.47000122070312,181.47000122070312,181.74000549316406,180.27000427246094,180.5,3698600
2017-09-19,183.00999450683594,183.00999450683594,183.00999450683594,181.5,181.5,3159000
2017-09-20,183.82000732421875,183.82000732421875,183.92999267578125,182.4600067138672,183.3000030517578,3742100
2017-09-21,183.16000366210938,183.16000366210938,183.92999267578125,183.02999877929688,183.32000732421875,2369000
2017-09-22,181.86000061035156,181.86000061035156,182.83999633789062,181.3000030517578,182.6300048828125,2688100
2017-09-25,182.52000427246094,182.52000427246094,182.63999938964844,180.8000030517578,181.99000549316406,2424600
2017-09-26,181.86000061035156,181.86000061035156,182.8699951171875,181.74000549316406,182.5500030517578,2382000
2017-09-27,183.27000427246094,183.27000427246094,184.0,182.50999450683594,182.8699951171875,2593900
2017-09-28,183.2100067138672,183.2100067138672,183.9499969482422,182.44000244140625,183.39999389648438,1930800
2017-09-29,183.32000732421875,183.32000732421875,183.67999267578125,182.4199981689453,183.58999633789062,2761600
2017-10-02,185.41000366210938,185.41000366210938,185.47000122070312,182.92999267578125,183.4499969482422,2577500
2017-10-03,185.6699981689453,185.6699981689453,186.50999450683594,184.60000610351562,185.60000610351562,3173900
2017-10-04,185.8300018310547,185.8300018310547,186.6699981689453,185.50999450683594,186.1999969482422,2071300
2017-10-05,187.1199951171875,187.1199951171875,188.0399932861328,185.8000030517578,186.1699981689453,2786100
2017-10-06,187.42999267578125,187.42999267578125,187.6199951171875,186.0500030517578,187.1999969482422,2600600
2017-10-09,187.5,187.5,187.9499969482422,186.63999938964844,187.5,2036700
2017-10-10,188.0,188.0,188.1999969482422,187.16000366210938,187.4600067138672,2212800
2017-10-11,187.4600067138672,187.4600067138672,187.9499969482422,186.47999572753906,187.39999389648438,2750600
2017-10-12,186.3000030517578,186.3000030517578,187.99000549316406,185.97000122070312,187.6999969482422,2640700
2017-10-13,187.3699951171875,187.3699951171875,188.0,186.3300018310547,186.77000427246094,2830200
2017-10-16,187.9600067138672,187.9600067138672,188.6199951171875,187.57000732421875,188.0,2316700
2017-10-17,187.38999938964844,187.38999938964844,188.0,186.5,187.9600067138672,2273100
2017-10-18,187.85000610351562,187.85000610351562,188.1300048828125,186.8000030517578,187.75,2192900
2017-10-19,187.2100067138672,187.2100067138672,187.5,186.42999267578125,187.16000366210938,2831900
2017-10-20,189.0399932861328,189.0399932861328,189.0399932861328,187.5800018310547,187.75,2934900
2017-10-23,189.38999938964844,189.38999938964844,189.72000122070312,188.63999938964844,189.17999267578125,2418200
2017-10-24,189.77999877929688,189.77999877929688,190.67999267578125,189.52999877929688,189.9199981689453,2888600
2017-10-25,188.7100067138672,188.7100067138672,190.0,187.66000366210938,189.8300018310547,3394200
2017-10-26,188.61000061035156,188.61000061035156,189.9199981689453,187.8300018310547,189.64999389648438,2740900
2017-10-27,188.58999633789062,188.58999633789062,188.6300048828125,187.0500030517578,188.32000732421875,2978800
2017-10-30,187.85000610351562,187.85000610351562,188.52000427246094,187.35000610351562,188.02000427246094,2473700
2017-10-31,186.94000244140625,186.94000244140625,188.11000061035156,186.41000366210938,188.05999755859375,3290400
2017-11-01,187.1699981689453,187.1699981689453,188.1300048828125,186.72999572753906,188.10000610351562,2727800
2017-11-02,188.61000061035156,188.61000061035156,188.77999877929688,185.88999938964844,186.75,3340900
2017-11-03,187.27000427246094,187.27000427246094,188.5500030517578,187.02000427246094,188.1300048828125,2159900
2017-11-06,186.67999267578125,186.67999267578125,187.57000732421875,185.3000030517578,186.10000610351562,2602600
2017-11-07,186.3000030517578,186.3000030517578,188.19000244140625,185.61000061035156,187.22999572753906,2500600
2017-11-08,184.60000610351562,184.60000610351562,186.88999938964844,184.35000610351562,186.30999755859375,4118800
2017-11-09,184.49000549316406,184.49000549316406,184.67999267578125,181.75999450683594,183.33999633789062,3633000
2017-11-10,183.67999267578125,183.67999267578125,184.07000732421875,182.50999450683594,183.83999633789062,3043300
2017-11-13,184.39999389648438,184.39999389648438,184.85000610351562,183.16000366210938,183.16000366210938,1889900
2017-11-14,183.33999633789062,183.33999633789062,184.0,182.5,183.66000366210938,3088000
2017-11-15,181.80999755859375,181.80999755859375,182.89999389648438,181.41000366210938,182.1300048828125,4004500
2017-11-16,182.0500030517578,182.0500030517578,183.0500030517578,181.64999389648438,182.2100067138672,3944000
2017-11-17,181.05999755859375,181.05999755859375,181.94000244140625,180.5,181.6999969482422,2715900
2017-11-20,181.6300048828125,181.6300048828125,181.97999572753906,180.44000244140625,181.42999267578125,2428800
2017-11-21,183.17999267578125,183.17999267578125,183.5,181.50999450683594,181.77999877929688,3047000
2017-11-22,182.55999755859375,182.55999755859375,183.77999877929688,181.94000244140625,183.77999877929688,3017000
2017-11-24,182.36000061035156,182.36000061035156,182.97999572753906,182.25,182.66000366210938,1038600
2017-11-27,183.49000549316406,183.49000549316406,183.8699951171875,182.41000366210938,182.74000549316406,2985200
2017-11-28,187.5399932861328,187.5399932861328,187.83999633789062,184.02000427246094,184.10000610351562,3721000
2017-11-29,189.85000610351562,189.85000610351562,192.0,187.57000732421875,188.1999969482422,4898000
2017-11-30,193.00999450683594,193.00999450683594,193.80999755859375,189.9499969482422,190.35000610351562,6420400
2017-12-01,194.55999755859375,194.55999755859375,194.99000549316406,189.72000122070312,193.58999633789062,5177300
2017-12-04,196.9600067138672,196.9600067138672,199.47999572753906,196.17999267578125,196.17999267578125,4899500
2017-12-05,196.07000732421875,196.07000732421875,197.99000549316406,195.5,197.77000427246094,3411700
2017-12-06,196.00999450683594,196.00999450683594,196.8300018310547,194.8000030517578,196.05999755859375,3315700
2017-12-07,196.33999633789062,196.33999633789062,196.75,194.97999572753906,195.91000366210938,2650700
2017-12-08,196.44000244140625,196.44000244140625,197.27999877929688,195.02000427246094,195.33999633789062,3953400
2017-12-11,196.6999969482422,196.6999969482422,197.17999267578125,195.3000030517578,196.6300048828125,3605000
2017-12-12,199.07000732421875,199.07000732421875,199.9199981689453,197.0,199.41000366210938,4343000
2017-12-13,197.39999389648438,197.39999389648438,199.6300048828125,197.35000610351562,198.55999755859375,4151900
2017-12-14,196.66000366210938,196.66000366210938,198.19000244140625,195.94000244140625,198.1199951171875,3593900
2017-12-15,197.77999877929688,197.77999877929688,199.1999969482422,197.22999572753906,198.24000549316406,9169400
2017-12-18,199.33999633789062,199.33999633789062,200.25999450683594,198.94000244140625,199.5,4600100
2017-12-19,197.91000366210938,197.91000366210938,200.5,197.67999267578125,200.16000366210938,3645200
2017-12-20,197.7899932861328,197.7899932861328,199.75,197.67999267578125,199.38999938964844,3914300
2017-12-21,198.88999938964844,198.88999938964844,199.55999755859375,198.2100067138672,198.85000610351562,3262400
2017-12-22,197.9199981689453,197.9199981689453,199.67999267578125,196.8800048828125,199.24000549316406,3786800
2017-12-26,197.57000732421875,197.57000732421875,198.57000732421875,197.27999877929688,197.97000122070312,1769600
2017-12-27,198.69000244140625,198.69000244140625,198.82000732421875,197.27999877929688,197.5,3343200
2017-12-28,199.55999755859375,199.55999755859375,199.9600067138672,198.82000732421875,199.33999633789062,2340000
2017-12-29,198.22000122070312,198.22000122070312,200.07000732421875,198.22000122070312,200.0,3566000
2018-01-02,197.22000122070312,197.22000122070312,198.8699951171875,195.9600067138672,198.8699951171875,4113000
2018-01-03,199.7899932861328,199.7899932861328,200.0,197.0,197.0,3526700
2018-01-04,200.69000244140625,200.69000244140625,202.1300048828125,200.00999450683594,200.89999389648438,3900000
2018-01-05,201.4199981689453,201.4199981689453,201.6699981689453,199.30999755859375,201.0,4207600
2018-01-08,202.74000549316406,202.74000549316406,203.07000732421875,199.8000030517578,201.14999389648438,3887900
2018-01-09,203.02000427246094,203.02000427246094,204.39999389648438,202.5800018310547,203.33999633789062,3834900
2018-01-10,205.61000061035156,205.61000061035156,205.72000122070312,202.5,203.0,3793100
2018-01-11,206.69000244140625,206.69000244140625,207.27999877929688,205.72000122070312,205.9600067138672,3641500
2018-01-12,210.16000366210938,210.16000366210938,210.38999938964844,206.8000030517578,207.27000427246094,4184400
2018-01-16,210.2899932861328,210.2899932861328,214.02999877929688,209.36000061035156,213.1199951171875,6220000
2018-01-17,214.16000366210938,214.16000366210938,214.5,211.13999938964844,211.9199981689453,4600700
2018-01-18,213.19000244140625,213.19000244140625,215.77999877929688,213.05999755859375,215.6699981689453,5141500
2018-01-19,213.25,213.25,214.3000030517578,212.11000061035156,213.4499969482422,5140200
2018-01-22,215.97000122070312,215.97000122070312,216.0800018310547,213.25,213.2899932861328,3267200
2018-01-23,215.55999755859375,215.55999755859375,216.35000610351562,212.77000427246094,216.0399932861328,3659100
2018-01-24,215.61000061035156,215.61000061035156,216.88999938964844,214.58999633789062,216.1199951171875,4294200
2018-01-25,215.10000610351562,215.10000610351562,216.5,214.27999877929688,216.24000549316406,3088300
2018-01-26,217.19000244140625,217.19000244140625,217.33999633789062,215.14999389648438,215.52000427246094,3640800
2018-01-29,215.4600067138672,215.4600067138672,217.6199951171875,215.19000244140625,217.14999389648438,3021300
2018-01-30,214.41000366210938,214.41000366210938,216.6199951171875,214.10000610351562,214.97000122070312,5040100
2018-01-31,214.3800048828125,214.3800048828125,215.0500030517578,213.3699951171875,214.99000549316406,4626300
2018-02-01,217.25,217.25,217.5,214.02999877929688,214.49000549316406,4508900
2018-02-02,209.1199951171875,209.1199951171875,216.5800018310547,207.8699951171875,216.16000366210938,6080600
2018-02-05,196.8000030517578,196.8000030517578,207.10000610351562,196.0,205.49000549316406,10746500
2018-02-06,201.24000549316406,201.24000549316406,201.9199981689453,190.17999267578125,193.14999389648438,10663000
2018-02-07,200.3699951171875,200.3699951171875,204.47999572753906,200.0,202.0,5758000
2018-02-08,191.4199981689453,191.4199981689453,200.99000549316406,191.0399932861328,200.3699951171875,8044400
2018-02-09,196.02000427246094,196.02000427246094,197.57000732421875,189.3000030517578,195.67999267578125,8931700
2018-02-12,198.88999938964844,198.88999938964844,200.66000366210938,196.13999938964844,198.50999450683594,5128900
2018-02-13,197.99000549316406,197.99000549316406,198.83999633789062,195.9199981689453,197.5800018310547,3967700
2018-02-14,200.5399932861328,200.5399932861328,200.75999450683594,195.99000549316406,197.0399932861328,4348100
2018-02-15,203.89999389648438,203.89999389648438,203.89999389648438,200.30999755859375,202.3800048828125,4357900
2018-02-16,203.7899932861328,203.7899932861328,206.32000732421875,203.16000366210938,203.99000549316406,4382500
2018-02-20,203.0500030517578,203.0500030517578,204.6999969482422,202.35000610351562,203.33999633789062,4116700
2018-02-21,201.02000427246094,201.02000427246094,205.22000122070312,200.77000427246094,202.5,4994400
2018-02-22,200.72999572753906,200.72999572753906,203.27999877929688,200.16000366210938,201.57000732421875,4034000
2018-02-23,202.75999450683594,202.75999450683594,202.97000122070312,200.80999755859375,201.38999938964844,4128400
2018-02-26,210.6199951171875,210.6199951171875,211.13999938964844,205.36000061035156,207.7100067138672,8254100
2018-02-27,209.66000366210938,209.66000366210938,213.1300048828125,209.64999389648438,212.0,5903400
2018-02-28,207.1999969482422,207.1999969482422,211.5399932861328,200.47000122070312,211.0,5378300
2018-03-01,201.52999877929688,201.52999877929688,208.57000732421875,200.27999877929688,206.82000732421875,6984000
2018-03-02,201.33999633789062,201.33999633789062,201.97000122070312,198.97999572753906,199.97999572753906,5025500
2018-03-05,203.24000549316406,203.24000549316406,204.1300048828125,199.1199951171875,199.60000610351562,4041100
2018-03-06,204.5500030517578,204.5500030517578,204.86000061035156,202.3699951171875,204.86000061035156,3203300
2018-03-07,204.3000030517578,204.3000030517578,204.8300018310547,201.75,202.35000610351562,3622800
2018-03-08,205.2899932861328,205.2899932861328,205.49000549316406,203.02999877929688,204.32000732421875,3084500
2018-03-09,212.94000244140625,212.94000244140625,213.24000549316406,206.25,206.9499969482422,5494300
2018-03-12,211.82000732421875,211.82000732421875,213.36000061035156,211.24000549316406,213.1999969482422,4967000
2018-03-13,209.1300048828125,209.1300048828125,213.0399932861328,208.8000030517578,212.69000244140625,4698200
2018-03-14,206.99000549316406,206.99000549316406,210.39999389648438,206.22999572753906,210.39999389648438,4015400
2018-03-15,207.82000732421875,207.82000732421875,209.32000732421875,207.61000061035156,208.2899932861328,4127200
2018-03-16,206.9600067138672,206.9600067138672,208.97000122070312,206.4600067138672,208.55999755859375,5961800
2018-03-19,203.99000549316406,203.99000549316406,207.05999755859375,202.63999938964844,206.8699951171875,4261300
2018-03-20,204.75,204.75,205.60000610351562,203.8000030517578,204.25,2939300
2018-03-21,204.8300018310547,204.8300018310547,207.27000427246094,204.0,205.3800048828125,3235600
2018-03-22,197.6300048828125,197.6300048828125,203.19000244140625,196.99000549316406,203.17999267578125,7113400
2018-03-23,192.4600067138672,192.4600067138672,198.25,191.8699951171875,198.0,7257000
2018-03-26,199.33999633789062,199.33999633789062,199.57000732421875,195.0800018310547,196.89999389648438,5223700
2018-03-27,196.14999389648438,196.14999389648438,201.44000244140625,194.44000244140625,200.47999572753906,5149200
2018-03-28,196.6699981689453,196.6699981689453,198.72000122070312,193.77999877929688,196.1699981689453,4388800
2018-03-29,199.47999572753906,199.47999572753906,201.00999450683594,197.3300018310547,198.0800018310547,5714600
2018-04-02,195.0,195.0,199.61000061035156,192.02000427246094,199.00999450683594,6178200
2018-04-03,197.9600067138672,197.9600067138672,198.24000549316406,193.91000366210938,196.0,4192900
2018-04-04,200.11000061035156,200.11000061035156,200.52999877929688,194.0,194.02000427246094,4100700
2018-04-05,200.85000610351562,200.85000610351562,202.77000427246094,200.27000427246094,201.1699981689453,4661300
2018-04-06,195.49000549316406,195.49000549316406,199.85000610351562,193.74000549316406,199.6999969482422,5580600
2018-04-09,195.3300018310547,195.3300018310547,198.6300048828125,194.9499969482422,196.72999572753906,3873100
2018-04-10,197.8000030517578,197.8000030517578,199.6999969482422,197.0500030517578,198.16000366210938,3250500
2018-04-11,195.22000122070312,195.22000122070312,197.0399932861328,194.9199981689453,196.60000610351562,3522100
2018-04-12,198.1300048828125,198.1300048828125,199.60000610351562,196.2899932861328,196.5,3707900
2018-04-13,197.0,197.0,199.85000610351562,196.0,199.60000610351562,3150900
2018-04-16,198.22000122070312,198.22000122070312,199.9499969482422,197.5500030517578,198.64999389648438,3819000
2018-04-17,199.27000427246094,199.27000427246094,200.66000366210938,198.89999389648438,199.85000610351562,4658300
2018-04-18,199.50999450683594,199.50999450683594,200.94000244140625,199.39999389648438,200.24000549316406,2872900
2018-04-19,200.3800048828125,200.3800048828125,201.47999572753906,199.1999969482422,199.99000549316406,2726500
2018-04-20,200.1300048828125,200.1300048828125,201.0,198.9199981689453,200.94000244140625,3705800
2018-04-23,199.4199981689453,199.4199981689453,200.83999633789062,198.52000427246094,200.22000122070312,2672600
2018-04-24,196.8000030517578,196.8000030517578,200.66000366210938,195.22999572753906,199.8699951171875,3718200
2018-04-25,196.8000030517578,196.8000030517578,197.36000061035156,194.41000366210938,196.17999267578125,3204400
2018-04-26,197.02999877929688,197.02999877929688,197.9600067138672,196.24000549316406,196.6300048828125,2388500
2018-04-27,197.22999572753906,197.22999572753906,197.5500030517578,195.8300018310547,196.92999267578125,2558900
2018-04-30,193.72999572753906,193.72999572753906,198.10000610351562,193.6199951171875,197.38999938964844,4247500
2018-05-01,195.11000061035156,195.11000061035156,195.3000030517578,192.75,193.75999450683594,3235000
2018-05-02,193.30999755859375,193.30999755859375,195.07000732421875,192.97999572753906,195.07000732421875,3885500
2018-05-03,191.61000061035156,191.61000061035156,192.99000549316406,189.8000030517578,192.80999755859375,5059400
2018-05-04,195.63999938964844,195.63999938964844,196.24000549316406,190.19000244140625,192.0399932861328,4919100
2018-05-07,197.05999755859375,197.05999755859375,197.82000732421875,195.75999450683594,196.0,3692100
2018-05-08,196.24000549316406,196.24000549316406,197.39999389648438,194.6999969482422,197.39999389648438,4189600
2018-05-09,199.8699951171875,199.8699951171875,200.0500030517578,196.27999877929688,197.0,3290600
2018-05-10,201.1999969482422,201.1999969482422,201.2899932861328,198.9199981689453,200.42999267578125,2957300
2018-05-11,199.3000030517578,199.3000030517578,202.41000366210938,198.89999389648438,200.6199951171875,3917700
2018-05-14,199.17999267578125,199.17999267578125,200.64999389648438,198.66000366210938,200.0,3264600
2018-05-15,197.36000061035156,197.36000061035156,198.92999267578125,196.17999267578125,198.7899932861328,3380000
2018-05-16,197.8300018310547,197.8300018310547,198.3800048828125,196.39999389648438,196.86000061035156,2927400
2018-05-17,197.49000549316406,197.49000549316406,197.85000610351562,196.6199951171875,197.74000549316406,2604200
2018-05-18,196.05999755859375,196.05999755859375,197.63999938964844,195.77000427246094,197.52000427246094,3137100
2018-05-21,197.91000366210938,197.91000366210938,198.6300048828125,197.00999450683594,197.77000427246094,3005500
2018-05-22,198.1300048828125,198.1300048828125,198.88999938964844,197.17999267578125,198.02000427246094,3162000
2018-05-23,195.9499969482422,195.9499969482422,197.7100067138672,194.9499969482422,197.39999389648438,4036300
2018-05-24,194.8300018310547,194.8300018310547,196.25999450683594,193.9199981689453,196.05999755859375,3206200
2018-05-25,194.14999389648438,194.14999389648438,194.75,193.2100067138672,193.88999938964844,3031000
2018-05-29,189.8699951171875,189.8699951171875,193.11000061035156,188.6199951171875,192.89999389648438,8912100
2018-05-30,194.10000610351562,194.10000610351562,194.89999389648438,191.3300018310547,191.89999389648438,4307600
2018-05-31,191.52999877929688,191.52999877929688,194.2899932861328,191.4199981689453,194.2899932861328,5787500
2018-06-01,192.22999572753906,192.22999572753906,193.3800048828125,191.58999633789062,192.89999389648438,3817800
2018-06-04,191.3000030517578,191.3000030517578,193.41000366210938,191.25,193.0,4444500
2018-06-05,190.77000427246094,190.77000427246094,191.39999389648438,190.13999938964844,191.3699951171875,4325000
2018-06-06,193.99000549316406,193.99000549316406,194.0,191.57000732421875,191.69000244140625,4017500
2018-06-07,195.57000732421875,195.57000732421875,195.67999267578125,193.75,194.66000366210938,4340300
2018-06-08,196.00999450683594,196.00999450683594,196.39999389648438,194.27000427246094,195.33999633789062,3757800
2018-06-11,195.3300018310547,195.3300018310547,196.74000549316406,195.19000244140625,196.3000030517578,3465600
2018-06-12,195.27000427246094,195.27000427246094,195.99000549316406,194.7100067138672,195.97000122070312,3047000
2018-06-13,194.5500030517578,194.5500030517578,196.0,194.25999450683594,195.1300048828125,3704900
2018-06-14,192.5,192.5,195.0,192.0399932861328,194.9199981689453,4947200
2018-06-15,191.75999450683594,191.75999450683594,192.5,190.52000427246094,192.27999877929688,7341000
2018-06-18,191.11000061035156,191.11000061035156,191.36000061035156,189.91000366210938,190.63999938964844,3773800
2018-06-19,190.35000610351562,190.35000610351562,191.17999267578125,189.35000610351562,190.0500030517578,4035300
2018-06-20,189.5,189.5,190.88999938964844,189.1999969482422,190.47000122070312,5234200
2018-06-21,188.86000061035156,188.86000061035156,189.83999633789062,187.97000122070312,189.0500030517578,4977900
2018-06-22,188.91000366210938,188.91000366210938,190.47999572753906,188.66000366210938,190.0,5268000
2018-06-25,186.72999572753906,186.72999572753906,188.8300018310547,185.17999267578125,188.6300048828125,6062400
2018-06-26,186.44000244140625,186.44000244140625,187.6199951171875,185.77999877929688,186.52000427246094,4324600
2018-06-27,184.91000366210938,184.91000366210938,187.88999938964844,184.75,186.5,4451600
2018-06-28,187.08999633789062,187.08999633789062,187.94000244140625,185.16000366210938,185.42999267578125,4218500
2018-06-29,186.64999389648438,186.64999389648438,189.27999877929688,186.2899932861328,188.4600067138672,5185700
2018-07-02,187.8300018310547,187.8300018310547,188.10000610351562,185.97000122070312,186.08999633789062,3521000
2018-07-03,186.02000427246094,186.02000427246094,188.72999572753906,185.72000122070312,188.4600067138672,2031200
2018-07-05,187.5,187.5,187.6300048828125,186.22999572753906,187.07000732421875,3310200
2018-07-06,187.55999755859375,187.55999755859375,188.69000244140625,186.52000427246094,187.5,2818800
2018-07-09,189.63999938964844,189.63999938964844,189.82000732421875,187.82000732421875,188.11000061035156,3504700
2018-07-10,189.89999389648438,189.89999389648438,190.6199951171875,189.14999389648438,189.75,2685500
2018-07-11,189.91000366210938,189.91000366210938,190.63999938964844,188.55999755859375,188.72999572753906,3343100
2018-07-12,189.9600067138672,189.9600067138672,190.99000549316406,188.91000366210938,190.89999389648438,3040600
2018-07-13,190.9600067138672,190.9600067138672,191.2899932861328,189.1300048828125,189.77000427246094,2693700
2018-07-16,192.0,192.0,192.22999572753906,190.6999969482422,190.6999969482422,2626700
2018-07-17,190.41000366210938,190.41000366210938,192.19000244140625,190.27000427246094,192.0,3725000
2018-07-18,200.44000244140625,200.44000244140625,201.39999389648438,195.35000610351562,195.5,10469600
2018-07-19,197.49000549316406,197.49000549316406,200.9600067138672,197.3000030517578,200.35000610351562,4670800
2018-07-20,196.77999877929688,196.77999877929688,197.66000366210938,196.4600067138672,197.0,4073900
2018-07-23,197.85000610351562,197.85000610351562,198.8699951171875,196.1999969482422,196.25,3587600
2018-07-24,198.4600067138672,198.4600067138672,199.9600067138672,198.22000122070312,198.4499969482422,3346600
2018-07-25,197.61000061035156,197.61000061035156,198.2100067138672,196.80999755859375,198.2100067138672,3743100
2018-07-26,197.4600067138672,197.4600067138672,198.99000549316406,197.27999877929688,198.27000427246094,3766100
2018-07-27,197.9499969482422,197.9499969482422,198.89999389648438,197.17999267578125,198.0,3939400
2018-07-30,199.08999633789062,199.08999633789062,199.91000366210938,197.8000030517578,197.8000030517578,3988300
2018-07-31,197.8699951171875,197.8699951171875,199.5399932861328,197.05999755859375,199.0,4911700
2018-08-01,197.85000610351562,197.85000610351562,199.6999969482422,197.32000732421875,198.8000030517578,4004600
2018-08-02,198.05999755859375,198.05999755859375,198.75999450683594,196.77000427246094,197.1999969482422,3269900
2018-08-03,200.24000549316406,200.24000549316406,200.4199981689453,198.1199951171875,198.5,5028000
2018-08-06,206.05999755859375,206.05999755859375,208.11000061035156,204.6199951171875,204.88999938964844,6673100
2018-08-07,208.72000122070312,208.72000122070312,209.94000244140625,207.14999389648438,207.5,6160100
2018-08-08,208.94000244140625,208.94000244140625,209.7100067138672,208.42999267578125,208.80999755859375,3869000
2018-08-09,209.10000610351562,209.10000610351562,209.64999389648438,208.72000122070312,209.0,4685700
2018-08-10,206.6300048828125,206.6300048828125,207.77000427246094,205.58999633789062,207.3000030517578,4383100
2018-08-13,205.1699981689453,205.1699981689453,207.00999450683594,205.0399932861328,206.6300048828125,3837900
2018-08-14,205.8300018310547,205.8300018310547,206.47999572753906,204.89999389648438,205.3000030517578,2774500
2018-08-15,204.5,204.5,205.49000549316406,203.57000732421875,205.00999450683594,3547200
2018-08-16,207.55999755859375,207.55999755859375,207.6199951171875,204.60000610351562,205.38999938964844,3576500
2018-08-17,208.13999938964844,208.13999938964844,208.47000122070312,206.9199981689453,207.57000732421875,2749900
2018-08-20,208.4600067138672,208.4600067138672,209.5399932861328,207.8300018310547,208.42999267578125,2527300
2018-08-21,208.49000549316406,208.49000549316406,209.35000610351562,208.10000610351562,208.80999755859375,2665300
2018-08-22,207.3300018310547,207.3300018310547,207.97000122070312,206.9600067138672,207.6300048828125,2454600
2018-08-23,207.24000549316406,207.24000549316406,207.7899932861328,206.66000366210938,207.5800018310547,2363000
2018-08-24,207.97999572753906,207.97999572753906,208.16000366210938,207.3300018310547,207.75,2415700
2018-08-27,210.50999450683594,210.50999450683594,210.75,208.52000427246094,208.55999755859375,3166700
2018-08-28,210.77000427246094,210.77000427246094,211.1999969482422,210.00999450683594,210.8800048828125,2885200
2018-08-29,211.27000427246094,211.27000427246094,211.32000732421875,210.17999267578125,211.0,3176900
2018-08-30,209.75,209.75,211.3000030517578,209.6699981689453,211.0800018310547,4737900
2018-08-31,208.72000122070312,208.72000122070312,210.3000030517578,208.10000610351562,210.0,4526200
2018-09-04,210.0500030517578,210.0500030517578,210.10000610351562,208.0399932861328,209.2100067138672,2775800
2018-09-05,212.25999450683594,212.25999450683594,212.4600067138672,209.49000549316406,209.80999755859375,3708900
2018-09-06,212.8800048828125,212.8800048828125,213.39999389648438,211.57000732421875,211.60000610351562,3601800
2018-09-07,214.0399932861328,214.0399932861328,214.47000122070312,212.5,212.5,4050100
2018-09-10,215.11000061035156,215.11000061035156,216.27000427246094,214.4199981689453,215.0,4137200
2018-09-11,215.10000610351562,215.10000610351562,215.8699951171875,212.75999450683594,214.0399932861328,3601500
2018-09-12,214.58999633789062,214.58999633789062,215.42999267578125,214.14999389648438,214.5399932861328,3463200
2018-09-13,214.88999938964844,214.88999938964844,215.4199981689453,214.1699981689453,215.02000427246094,4071600
2018-09-14,216.3699951171875,216.3699951171875,216.50999450683594,215.3000030517578,215.5,3279000
2018-09-17,216.2899932861328,216.2899932861328,217.1300048828125,215.72999572753906,216.99000549316406,3076900
2018-09-18,218.3000030517578,218.3000030517578,218.5,216.3000030517578,216.3000030517578,3576600
2018-09-19,220.9499969482422,220.9499969482422,221.32000732421875,217.8000030517578,218.22000122070312,4288000
2018-09-20,221.67999267578125,221.67999267578125,223.0,221.3000030517578,221.77999877929688,5340200
2018-09-21,220.52000427246094,220.52000427246094,222.69000244140625,220.1300048828125,222.1300048828125,13363200
2018-09-24,218.1300048828125,218.1300048828125,220.67999267578125,217.91000366210938,220.47999572753906,4539500
2018-09-25,218.0500030517578,218.0500030517578,218.97999572753906,217.41000366210938,218.42999267578125,3280300
2018-09-26,216.11000061035156,216.11000061035156,218.4199981689453,215.77000427246094,218.0500030517578,4122100
2018-09-27,216.6999969482422,216.6999969482422,217.67999267578125,215.22999572753906,216.74000549316406,3053500
2018-09-28,214.11000061035156,214.11000061035156,216.3800048828125,213.86000061035156,216.3800048828125,4482500
2018-10-01,214.77999877929688,214.77999877929688,216.13999938964844,213.94000244140625,215.9199981689453,2993000
2018-10-02,215.2899932861328,215.2899932861328,215.5399932861328,214.0399932861328,214.42999267578125,2934800
2018-10-03,216.39999389648438,216.39999389648438,217.77999877929688,215.5,215.75,3275100
2018-10-04,218.97000122070312,218.97000122070312,219.0,216.36000061035156,216.42999267578125,4428500
2018-10-05,219.4600067138672,219.4600067138672,220.39999389648438,218.69000244140625,219.6999969482422,4075700
2018-10-08,222.05999755859375,222.05999755859375,222.75999450683594,219.02000427246094,219.16000366210938,5641200
2018-10-09,223.75999450683594,223.75999450683594,223.94000244140625,221.00999450683594,221.85000610351562,4516500
2018-10-10,213.10000610351562,213.10000610351562,224.07000732421875,212.5399932861328,224.0,7922100
2018-10-11,205.19000244140625,205.19000244140625,211.08999633789062,203.27999877929688,209.89999389648438,8322700
2018-10-12,206.8000030517578,206.8000030517578,210.60000610351562,204.0,210.0399932861328,5734700
2018-10-15,205.02999877929688,205.02999877929688,207.4600067138672,204.6699981689453,207.4600067138672,4541100
2018-10-16,209.8300018310547,209.8300018310547,210.77999877929688,205.9199981689453,206.66000366210938,4776200
2018-10-17,210.52000427246094,210.52000427246094,211.6699981689453,207.30999755859375,209.8300018310547,3807800
2018-10-18,208.6999969482422,208.6999969482422,211.27000427246094,207.32000732421875,210.0,3144900
2018-10-19,209.8300018310547,209.8300018310547,210.75,207.8000030517578,208.49000549316406,4814500
2018-10-22,206.19000244140625,206.19000244140625,210.77000427246094,206.02999877929688,210.77000427246094,3252400
2018-10-23,204.0,204.0,205.25,201.8800048828125,203.10000610351562,4705700
2018-10-24,199.80999755859375,199.80999755859375,203.69000244140625,199.57000732421875,202.77000427246094,4705900
2018-10-25,201.97999572753906,201.97999572753906,203.42999267578125,200.13999938964844,200.72999572753906,4571900
2018-10-26,198.49000549316406,198.49000549316406,200.69000244140625,197.2899932861328,199.00999450683594,6734600
2018-10-29,200.0399932861328,200.0399932861328,203.61000061035156,197.92999267578125,201.22999572753906,4936400
2018-10-30,203.35000610351562,203.35000610351562,203.75999450683594,198.6999969482422,199.64999389648438,6054300
2018-10-31,205.27999877929688,205.27999877929688,208.07000732421875,204.5,205.2100067138672,5663000
2018-11-01,205.86000061035156,205.86000061035156,206.27999877929688,204.32000732421875,205.60000610351562,3895100
2018-11-02,206.57000732421875,206.57000732421875,208.7100067138672,203.38999938964844,207.5,5060000
2018-11-05,216.24000549316406,216.24000549316406,217.50999450683594,212.9600067138672,213.50999450683594,7667600
2018-11-06,218.50999450683594,218.50999450683594,218.74000549316406,216.4600067138672,216.75,3879800
2018-11-07,221.24000549316406,221.24000549316406,221.5500030517578,217.55999755859375,219.99000549316406,4741900
2018-11-08,222.4199981689453,222.4199981689453,223.52000427246094,220.5500030517578,221.24000549316406,4166000
2018-11-09,219.6300048828125,219.6300048828125,221.99000549316406,218.3000030517578,221.6699981689453,3971700
2018-11-12,215.4199981689453,215.4199981689453,220.19000244140625,215.0,219.9600067138672,3355200
2018-11-13,217.9199981689453,217.9199981689453,219.14999389648438,215.17999267578125,215.61000061035156,4089600
2018-11-14,216.02999877929688,216.02999877929688,220.72000122070312,213.8000030517578,219.5,4409100
2018-11-15,217.3800048828125,217.3800048828125,217.57000732421875,212.13999938964844,214.8300018310547,4258800
2018-11-16,218.41000366210938,218.41000366210938,220.5,215.4600067138672,217.0,4347900
2018-11-19,217.94000244140625,217.94000244140625,218.72999572753906,215.25999450683594,218.27999877929688,4321000
2018-11-20,210.7100067138672,210.7100067138672,215.99000549316406,210.4199981689453,215.30999755859375,7680900
2018-11-21,210.86000061035156,210.86000061035156,213.74000549316406,210.52999877929688,211.3000030517578,2840700
2018-11-23,207.07000732421875,207.07000732421875,209.99000549316406,207.02999877929688,209.25,2274000
2018-11-26,210.6300048828125,210.6300048828125,211.0,208.63999938964844,209.3000030517578,3973900
2018-11-27,212.52999877929688,212.52999877929688,212.83999633789062,209.50999450683594,209.82000732421875,4050600
2018-11-28,217.5,217.5,217.63999938964844,212.44000244140625,213.0,4013400
2018-11-29,217.6999969482422,217.6999969482422,219.3800048828125,215.8000030517578,215.85000610351562,3960900
2018-11-30,218.24000549316406,218.24000549316406,219.0800018310547,216.92999267578125,217.22999572753906,5153200
2018-12-03,220.80999755859375,220.80999755859375,223.58999633789062,218.9499969482422,221.97999572753906,5153200
2018-12-04,210.1199951171875,210.1199951171875,220.27999877929688,209.7100067138672,220.1300048828125,7689800
2018-12-06,207.9600067138672,207.9600067138672,208.1199951171875,202.9199981689453,207.0500030517578,8386700
2018-12-07,204.8800048828125,204.8800048828125,210.85000610351562,203.57000732421875,208.13999938964844,5483500
2018-12-10,203.25999450683594,203.25999450683594,204.74000549316406,198.49000549316406,204.10000610351562,5593700
2018-12-11,202.27999877929688,202.27999877929688,206.88999938964844,200.50999450683594,206.1199951171875,4483700
2018-12-12,202.47999572753906,202.47999572753906,205.58999633789062,202.27999877929688,205.0,4164200
2018-12-13,202.4199981689453,202.4199981689453,203.55999755859375,201.50999450683594,202.0,4508000
2018-12-14,200.0,200.0,201.75,199.5800018310547,200.9600067138672,4995200
2018-12-17,197.9199981689453,197.9199981689453,202.1999969482422,197.10000610351562,199.77000427246094,5991600
2018-12-18,196.52000427246094,196.52000427246094,200.33999633789062,194.44000244140625,199.64999389648438,6593100
2018-12-19,195.1699981689453,195.1699981689453,201.30999755859375,193.3300018310547,196.50999450683594,6278800
2018-12-20,193.5800018310547,193.5800018310547,195.3699951171875,191.11000061035156,194.00999450683594,8976100
2018-12-21,192.10000610351562,192.10000610351562,197.8000030517578,191.57000732421875,192.22000122070312,14907700
2018-12-24,187.75999450683594,187.75999450683594,191.63999938964844,187.11000061035156,190.6999969482422,5020600
2018-12-26,197.57000732421875,197.57000732421875,197.92999267578125,186.10000610351562,188.64999389648438,7158200
2018-12-27,200.1199951171875,200.1199951171875,200.1199951171875,191.89999389648438,195.60000610351562,7386800
2018-12-28,202.0800018310547,202.0800018310547,204.74000549316406,200.1999969482422,200.72000122070312,5420600
2018-12-31,204.17999267578125,204.17999267578125,205.00999450683594,201.0,204.22999572753906,5451900
2019-01-02,202.8000030517578,202.8000030517578,204.39999389648438,201.14999389648438,201.72999572753906,4802100
2019-01-03,191.66000366210938,191.66000366210938,200.22000122070312,191.0399932861328,199.97000122070312,8540600
2019-01-04,195.1999969482422,195.1999969482422,196.69000244140625,193.8800048828125,194.85000610351562,6611200
2019-01-07,196.91000366210938,196.91000366210938,198.27999877929688,195.3699951171875,196.38999938964844,5423000
2019-01-08,196.30999755859375,196.30999755859375,199.0800018310547,194.66000366210938,198.99000549316406,4476800
2019-01-09,196.3699951171875,196.3699951171875,197.67999267578125,194.9499969482422,197.3000030517578,3607500
2019-01-10,196.5800018310547,196.5800018310547,197.89999389648438,194.9600067138672,195.50999450683594,3627700
2019-01-11,196.2899932861328,196.2899932861328,196.64999389648438,194.5,195.66000366210938,3535200
2019-01-14,195.77999877929688,195.77999877929688,196.44000244140625,194.4600067138672,194.77999877929688,3954300
2019-01-15,196.94000244140625,196.94000244140625,197.25,195.1999969482422,195.7899932861328,3206700
2019-01-16,198.41000366210938,198.41000366210938,199.57000732421875,197.24000549316406,197.63999938964844,5069600
2019-01-17,198.77999877929688,198.77999877929688,199.41000366210938,196.4600067138672,197.6999969482422,4161000
2019-01-18,204.47999572753906,204.47999572753906,204.72999572753906,200.24000549316406,200.6999969482422,5941200
2019-01-22,200.72000122070312,200.72000122070312,204.9600067138672,199.13999938964844,203.52000427246094,5397700
2019-01-23,201.14999389648438,201.14999389648438,201.30999755859375,198.5,200.72000122070312,3705400
2019-01-24,201.02000427246094,201.02000427246094,201.60000610351562,199.75,199.75,4074800
2019-01-25,202.75,202.75,204.74000549316406,201.02000427246094,203.0500030517578,3823300
2019-01-28,200.9499969482422,200.9499969482422,201.75,199.80999755859375,201.49000549316406,3718000
2019-01-29,202.0500030517578,202.0500030517578,202.14999389648438,200.5,200.9199981689453,2815400
2019-01-30,205.9600067138672,205.9600067138672,207.58999633789062,203.0500030517578,203.30999755859375,4519900
2019-01-31,205.5399932861328,205.5399932861328,208.00999450683594,203.63999938964844,204.67999267578125,8676200
2019-02-01,209.19000244140625,209.19000244140625,209.3000030517578,206.1999969482422,206.52000427246094,5992600
2019-02-04,208.52000427246094,208.52000427246094,209.39999389648438,207.0500030517578,209.16000366210938,3730900
2019-02-05,207.82000732421875,207.82000732421875,209.16000366210938,206.52999877929688,209.10000610351562,4243700
2019-02-06,206.00999450683594,206.00999450683594,207.24000549316406,205.10000610351562,207.24000549316406,3708800
2019-02-07,201.72999572753906,201.72999572753906,204.99000549316406,200.57000732421875,204.52999877929688,4908700
2019-02-08,200.9199981689453,200.9199981689453,201.1999969482422,198.2100067138672,200.82000732421875,4666700
2019-02-11,203.0500030517578,203.0500030517578,203.3300018310547,201.32000732421875,201.69000244140625,3600100
2019-02-12,206.14999389648438,206.14999389648438,206.6699981689453,204.8699951171875,204.94000244140625,3517900
2019-02-13,205.8000030517578,205.8000030517578,208.0800018310547,205.41000366210938,206.9600067138672,3326900
2019-02-14,202.77999877929688,202.77999877929688,204.63999938964844,201.60000610351562,204.63999938964844,3627300
2019-02-15,205.2899932861328,205.2899932861328,205.7899932861328,204.07000732421875,204.86000061035156,5044700
2019-02-19,205.69000244140625,205.69000244140625,206.32000732421875,204.67999267578125,205.10000610351562,3204000
2019-02-20,206.16000366210938,206.16000366210938,206.9199981689453,204.94000244140625,205.77999877929688,3309300
2019-02-21,205.3300018310547,205.3300018310547,206.86000061035156,204.35000610351562,206.27000427246094,3661400
2019-02-22,201.91000366210938,201.91000366210938,204.58999633789062,199.9199981689453,204.25,5575000
2019-02-25,202.30999755859375,202.30999755859375,205.0,201.22000122070312,201.6999969482422,5146500
2019-02-26,201.89999389648438,201.89999389648438,202.64999389648438,201.3000030517578,202.39999389648438,4892500
2019-02-27,202.2899932861328,202.2899932861328,202.3000030517578,201.25,201.72000122070312,4247200
2019-02-28,201.3000030517578,201.3000030517578,202.94000244140625,201.11000061035156,202.67999267578125,3619000
2019-03-01,203.1300048828125,203.1300048828125,203.83999633789062,201.83999633789062,203.14999389648438,3529400
2019-03-04,201.80999755859375,201.80999755859375,204.8699951171875,200.5800018310547,203.08999633789062,4640300
2019-03-05,201.47000122070312,201.47000122070312,202.0,200.5800018310547,201.75999450683594,5268400
2019-03-06,200.6699981689453,200.6699981689453,202.3000030517578,200.57000732421875,201.61000061035156,3216600
2019-03-07,199.3000030517578,199.3000030517578,200.5800018310547,197.99000549316406,200.5800018310547,5105700
2019-03-08,198.6999969482422,198.6999969482422,198.94000244140625,197.02999877929688,197.91000366210938,3755200
2019-03-11,202.08999633789062,202.08999633789062,202.3000030517578,199.47000122070312,199.6199951171875,3999300
2019-03-12,202.5,202.5,203.72999572753906,202.22999572753906,202.66000366210938,3756100
2019-03-13,204.05999755859375,204.05999755859375,205.36000061035156,202.66000366210938,203.0,3693600
2019-03-14,203.3800048828125,203.3800048828125,204.36000061035156,202.67999267578125,203.25999450683594,3084200
2019-03-15,204.30999755859375,204.30999755859375,206.16000366210938,203.86000061035156,204.0800018310547,7738700
2019-03-18,206.67999267578125,206.67999267578125,206.9499969482422,204.6699981689453,204.6699981689453,3964600
2019-03-19,205.14999389648438,205.14999389648438,207.75,204.55999755859375,207.75,3881500
2019-03-20,203.27000427246094,203.27000427246094,205.4499969482422,202.97999572753906,205.42999267578125,4053100
2019-03-21,204.42999267578125,204.42999267578125,204.6999969482422,201.91000366210938,202.9199981689453,4182300
2019-03-22,200.5500030517578,200.5500030517578,204.00999450683594,200.05999755859375,203.27999877929688,5872400
2019-03-25,199.44000244140625,199.44000244140625,201.97999572753906,198.1999969482422,200.8300018310547,4113100
2019-03-26,200.6199951171875,200.6199951171875,201.32000732421875,198.6999969482422,200.8300018310547,3737800
2019-03-27,199.2100067138672,199.2100067138672,201.1999969482422,198.22999572753906,200.72000122070312,3619200
2019-03-28,200.66000366210938,200.66000366210938,200.75,198.39999389648438,199.39999389648438,3233600
2019-03-29,200.88999938964844,200.88999938964844,201.6999969482422,200.02999877929688,201.33999633789062,4619400
2019-04-01,205.0,205.0,205.3000030517578,202.0,202.16000366210938,4671600
2019-04-02,203.8800048828125,203.8800048828125,205.42999267578125,203.58999633789062,204.91000366210938,2599500
2019-04-03,203.6699981689453,203.6699981689453,205.6999969482422,202.89999389648438,205.4600067138672,2864500
2019-04-04,204.10000610351562,204.10000610351562,204.94000244140625,202.7899932861328,203.25999450683594,2436500
2019-04-05,205.3300018310547,205.3300018310547,205.52999877929688,203.10000610351562,204.1199951171875,3363500
2019-04-08,205.25,205.25,205.63999938964844,203.97000122070312,205.13999938964844,2624000
2019-04-09,204.9199981689453,204.9199981689453,204.97000122070312,203.58999633789062,204.83999633789062,2589700
2019-04-10,204.52000427246094,204.52000427246094,205.22999572753906,203.60000610351562,205.1199951171875,2632200
2019-04-11,206.6699981689453,206.6699981689453,207.08999633789062,204.27000427246094,204.75999450683594,2988300
2019-04-12,210.55999755859375,210.55999755859375,211.6699981689453,207.5800018310547,208.0800018310547,4778900
2019-04-15,209.74000549316406,209.74000549316406,210.5500030517578,207.75999450683594,210.52000427246094,2587500
2019-04-16,211.8000030517578,211.8000030517578,211.83999633789062,210.0,210.14999389648438,2644800
2019-04-17,210.3699951171875,210.3699951171875,212.49000549316406,209.67999267578125,212.38999938964844,2883000
2019-04-18,209.99000549316406,209.99000549316406,211.42999267578125,209.72999572753906,210.9600067138672,2590900
2019-04-22,209.49000549316406,209.49000549316406,210.3699951171875,208.8800048828125,209.5,1929100
2019-04-23,211.61000061035156,211.61000061035156,211.8800048828125,208.88999938964844,209.5,3475400
2019-04-24,210.57000732421875,210.57000732421875,212.02000427246094,210.22999572753906,211.5500030517578,3208500
2019-04-25,211.9499969482422,211.9499969482422,212.6699981689453,209.33999633789062,209.6199951171875,3152100
2019-04-26,214.22000122070312,214.22000122070312,214.22000122070312,211.80999755859375,211.85000610351562,3155400
2019-04-29,216.5800018310547,216.5800018310547,217.22000122070312,214.60000610351562,214.9199981689453,3467600
2019-04-30,216.7100067138672,216.7100067138672,217.32000732421875,214.6999969482422,217.32000732421875,3611100
2019-05-01,216.7100067138672,216.7100067138672,218.7899932861328,216.49000549316406,217.22000122070312,3769200
2019-05-02,215.92999267578125,215.92999267578125,217.6999969482422,215.1699981689453,217.19000244140625,2646700
2019-05-03,218.60000610351562,218.60000610351562,219.16000366210938,216.8699951171875,217.13999938964844,3382600
2019-05-06,213.16000366210938,213.16000366210938,215.50999450683594,211.5399932861328,214.69000244140625,5657200
2019-05-07,209.42999267578125,209.42999267578125,211.60000610351562,207.41000366210938,211.33999633789062,5266700
2019-05-08,209.2899932861328,209.2899932861328,211.72000122070312,207.60000610351562,208.25999450683594,3838200
2019-05-09,208.55999755859375,208.55999755859375,208.9199981689453,204.38999938964844,207.33999633789062,4251300
2019-05-10,209.02000427246094,209.02000427246094,209.2899932861328,204.30999755859375,207.88999938964844,4075700
2019-05-13,205.00999450683594,205.00999450683594,205.91000366210938,204.3000030517578,204.9600067138672,5185800
2019-05-14,203.69000244140625,203.69000244140625,206.82000732421875,203.4499969482422,205.6699981689453,4005200
2019-05-15,202.97999572753906,202.97999572753906,204.1300048828125,201.38999938964844,202.7899932861328,4024300
2019-05-16,204.6300048828125,204.6300048828125,206.66000366210938,203.89999389648438,203.89999389648438,3074000
2019-05-17,203.27000427246094,203.27000427246094,205.4600067138672,202.4499969482422,203.0,4614600
2019-05-20,202.72999572753906,202.72999572753906,203.17999267578125,201.75,202.63999938964844,2645300
2019-05-21,203.36000061035156,203.36000061035156,203.99000549316406,202.5,203.16000366210938,2664400
2019-05-22,202.60000610351562,202.60000610351562,203.49000549316406,201.6999969482422,202.72000122070312,2775700
2019-05-23,201.3000030517578,201.3000030517578,202.17999267578125,199.32000732421875,200.8000030517578,4737400
2019-05-24,201.69000244140625,201.69000244140625,202.1199951171875,200.7899932861328,202.1199951171875,3314300
2019-05-28,199.6999969482422,199.6999969482422,202.41000366210938,199.52000427246094,202.0500030517578,6914900
2019-05-29,198.52000427246094,198.52000427246094,199.49000549316406,197.33999633789062,198.9499969482422,4625700
2019-05-30,199.74000549316406,199.74000549316406,200.2100067138672,198.75999450683594,199.05999755859375,3646300
2019-05-31,197.4199981689453,197.4199981689453,198.8300018310547,197.0800018310547,198.32000732421875,3685200
2019-06-03,198.55999755859375,198.55999755859375,198.9199981689453,196.88999938964844,197.6199951171875,3979000
2019-06-04,201.58999633789062,201.58999633789062,201.64999389648438,199.57000732421875,200.6300048828125,4112600
2019-06-05,203.3000030517578,203.3000030517578,203.35000610351562,200.91000366210938,202.3800048828125,3210600
2019-06-06,204.77000427246094,204.77000427246094,205.38999938964844,202.5399932861328,202.89999389648438,3005200
2019-06-07,205.80999755859375,205.80999755859375,206.5399932861328,204.8000030517578,204.9499969482422,2672700
2019-06-10,207.16000366210938,207.16000366210938,208.0800018310547,206.4600067138672,207.1199951171875,2865500
2019-06-11,206.6300048828125,206.6300048828125,208.99000549316406,206.0,208.5,2545700
2019-06-12,204.57000732421875,204.57000732421875,206.60000610351562,203.9199981689453,206.1999969482422,2835900
2019-06-13,204.99000549316406,204.99000549316406,205.75999450683594,204.3000030517578,204.4600067138672,2257600
2019-06-14,205.16000366210938,205.16000366210938,205.85000610351562,203.85000610351562,204.8699951171875,2512400
2019-06-17,203.47999572753906,203.47999572753906,205.85000610351562,203.16000366210938,205.85000610351562,2820000
2019-06-18,206.00999450683594,206.00999450683594,206.4600067138672,203.97999572753906,204.47000122070312,3670700
2019-06-19,206.75,206.75,208.30999755859375,206.13999938964844,206.36000061035156,3320600
2019-06-20,208.0399932861328,208.0399932861328,208.75,206.0399932861328,208.50999450683594,3836900
2019-06-21,206.2100067138672,206.2100067138672,208.72000122070312,206.02999877929688,208.42999267578125,5994400
2019-06-24,206.85000610351562,206.85000610351562,207.58999633789062,205.9600067138672,206.38999938964844,3164000
2019-06-25,208.07000732421875,208.07000732421875,208.47999572753906,206.8000030517578,207.41000366210938,3727400
2019-06-26,208.50999450683594,208.50999450683594,210.0,208.2100067138672,208.27999877929688,3937800
2019-06-27,212.02000427246094,212.02000427246094,212.5399932861328,208.80999755859375,208.97000122070312,4182500
2019-06-28,213.1699981689453,213.1699981689453,213.3300018310547,211.32000732421875,213.0,7472400
2019-07-01,214.6199951171875,214.6199951171875,215.2100067138672,213.2100067138672,214.25,3462600
2019-07-02,214.5399932861328,214.5399932861328,215.58999633789062,213.39999389648438,214.3800048828125,3054400
2019-07-03,215.16000366210938,215.16000366210938,215.25,212.66000366210938,215.0,2489100
2019-07-05,215.25,215.25,215.77000427246094,213.89999389648438,215.1300048828125,3324200
2019-07-08,215.1300048828125,215.1300048828125,215.8000030517578,213.91000366210938,214.0,2978400
2019-07-09,214.75,214.75,214.9199981689453,212.97000122070312,213.02000427246094,2687000
2019-07-10,214.02999877929688,214.02999877929688,216.5800018310547,213.77000427246094,215.2100067138672,3705000
2019-07-11,213.1699981689453,213.1699981689453,214.5500030517578,212.97999572753906,214.30999755859375,3119600
2019-07-12,214.10000610351562,214.10000610351562,214.19000244140625,212.50999450683594,213.1999969482422,2360500
2019-07-15,213.5399932861328,213.5399932861328,214.44000244140625,212.82000732421875,214.44000244140625,2715300
2019-07-16,212.8800048828125,212.8800048828125,215.0399932861328,212.77999877929688,214.2899932861328,2709300
2019-07-17,207.4499969482422,207.4499969482422,212.9600067138672,207.41000366210938,212.52000427246094,4324400
2019-07-18,207.97999572753906,207.97999572753906,209.08999633789062,207.1199951171875,207.52000427246094,3610600
2019-07-19,205.97000122070312,205.97000122070312,208.25,205.64999389648438,208.11000061035156,3513100
2019-07-22,204.83999633789062,204.83999633789062,206.16000366210938,204.36000061035156,205.33999633789062,3083900
2019-07-23,206.4600067138672,206.4600067138672,206.6300048828125,204.9199981689453,205.50999450683594,2846200
2019-07-24,207.97000122070312,207.97000122070312,208.00999450683594,205.6300048828125,205.74000549316406,3105200
2019-07-25,207.89999389648438,207.89999389648438,208.3699951171875,206.52999877929688,208.3699951171875,3022200
2019-07-26,209.89999389648438,209.89999389648438,210.02999877929688,206.75,207.82000732421875,3654600
2019-07-29,208.61000061035156,208.61000061035156,210.0,208.4199981689453,210.0,2834100
2019-07-30,207.80999755859375,207.80999755859375,208.36000061035156,206.86000061035156,207.88999938964844,1977500
2019-07-31,205.42999267578125,205.42999267578125,209.5,205.3000030517578,207.8000030517578,4631800
2019-08-01,201.7100067138672,201.7100067138672,206.97999572753906,201.49000549316406,205.6300048828125,4823100
2019-08-02,202.6699981689453,202.6699981689453,204.42999267578125,199.4199981689453,201.7899932861328,5695300
2019-08-05,197.72999572753906,197.72999572753906,201.10000610351562,197.16000366210938,199.89999389648438,7606200
2019-08-06,200.5500030517578,200.5500030517578,200.92999267578125,197.89999389648438,199.61000061035156,5500500
2019-08-07,198.2100067138672,198.2100067138672,199.3000030517578,195.39999389648438,198.55999755859375,5325600
2019-08-08,200.52000427246094,200.52000427246094,200.8699951171875,198.1199951171875,199.92999267578125,4143400
2019-08-09,199.0500030517578,199.0500030517578,200.5500030517578,197.6699981689453,200.19000244140625,4334400
2019-08-12,197.17999267578125,197.17999267578125,199.47000122070312,196.91000366210938,197.61000061035156,2538800
2019-08-13,198.77999877929688,198.77999877929688,201.0,196.5,197.4600067138672,3913600
2019-08-14,195.80999755859375,195.80999755859375,197.25,195.61000061035156,195.77999877929688,5838200
2019-08-15,198.30999755859375,198.30999755859375,199.0399932861328,196.3800048828125,197.0800018310547,4642900
2019-08-16,199.72000122070312,199.72000122070312,200.8800048828125,198.5500030517578,200.5,4786200
2019-08-19,200.94000244140625,200.94000244140625,203.10000610351562,200.3800048828125,202.72000122070312,4216500
2019-08-20,198.14999389648438,198.14999389648438,200.2899932861328,198.02000427246094,200.27000427246094,4043000
2019-08-21,199.24000549316406,199.24000549316406,199.77000427246094,198.7100067138672,199.00999450683594,3531800
2019-08-22,201.00999450683594,201.00999450683594,201.8699951171875,199.8000030517578,199.8000030517578,3214300
2019-08-23,197.16000366210938,197.16000366210938,200.9199981689453,195.9600067138672,200.19000244140625,5946700
2019-08-26,200.1999969482422,200.1999969482422,200.1999969482422,197.44000244140625,198.6999969482422,3094900
2019-08-27,198.35000610351562,198.35000610351562,201.3000030517578,198.0399932861328,200.75999450683594,3069000
2019-08-28,200.4499969482422,200.4499969482422,200.57000732421875,197.52999877929688,198.02000427246094,3404900
2019-08-29,203.1999969482422,203.1999969482422,203.8000030517578,201.66000366210938,201.7100067138672,3328100
2019-08-30,203.41000366210938,203.41000366210938,204.35000610351562,202.72999572753906,204.02000427246094,3632000
2019-09-03,200.89999389648438,200.89999389648438,201.8300018310547,200.19000244140625,201.19000244140625,3637000
2019-09-04,202.19000244140625,202.19000244140625,202.94000244140625,201.3000030517578,202.72999572753906,3209100
2019-09-05,204.24000549316406,204.24000549316406,206.22000122070312,203.77000427246094,204.1300048828125,3968800
2019-09-06,204.72999572753906,204.72999572753906,205.14999389648438,203.86000061035156,204.44000244140625,3409400
2019-09-09,206.6199951171875,206.6199951171875,207.8000030517578,205.1999969482422,205.50999450683594,4565000
2019-09-10,208.30999755859375,208.30999755859375,208.30999755859375,206.1300048828125,207.30999755859375,3878300
2019-09-11,210.91000366210938,210.91000366210938,210.92999267578125,207.52999877929688,208.27000427246094,4437300
2019-09-12,211.3699951171875,211.3699951171875,212.67999267578125,210.72000122070312,211.0,4598400
2019-09-13,213.61000061035156,213.61000061035156,214.5800018310547,212.22000122070312,212.24000549316406,4244700
2019-09-16,210.3300018310547,210.3300018310547,212.10000610351562,209.94000244140625,212.05999755859375,3472600
2019-09-17,210.14999389648438,210.14999389648438,211.16000366210938,208.67999267578125,210.35000610351562,3862700
2019-09-18,210.89999389648438,210.89999389648438,211.32000732421875,209.1199951171875,209.88999938964844,2732800
2019-09-19,209.22000122070312,209.22000122070312,211.44000244140625,208.89999389648438,210.77999877929688,2735500
2019-09-20,208.1199951171875,208.1199951171875,210.3699951171875,207.27000427246094,210.3699951171875,10700800
2019-09-23,207.9600067138672,207.9600067138672,208.52999877929688,206.39999389648438,207.02000427246094,3075800
2019-09-24,206.39999389648438,206.39999389648438,208.88999938964844,205.74000549316406,208.1699981689453,3709800
2019-09-25,208.11000061035156,208.11000061035156,209.44000244140625,206.22999572753906,206.5,3291900
2019-09-26,206.89999389648438,206.89999389648438,208.19000244140625,206.35000610351562,208.19000244140625,2823000
2019-09-27,207.4499969482422,207.4499969482422,208.63999938964844,206.5399932861328,207.72999572753906,2843500
2019-09-30,208.02000427246094,208.02000427246094,208.6999969482422,207.52999877929688,207.77000427246094,3167500
2019-10-01,206.7100067138672,206.7100067138672,209.66000366210938,206.44000244140625,208.94000244140625,3511800
2019-10-02,203.10000610351562,203.10000610351562,206.08999633789062,202.3800048828125,206.08999633789062,5938500
2019-10-03,204.97999572753906,204.97999572753906,205.08999633789062,201.3300018310547,202.64999389648438,4307600
2019-10-04,208.0800018310547,208.0800018310547,208.27999877929688,205.0500030517578,205.08999633789062,3571900
2019-10-07,207.24000549316406,207.24000549316406,209.60000610351562,206.19000244140625,207.36000061035156,2720600
2019-10-08,204.08999633789062,204.08999633789062,206.13999938964844,203.92999267578125,205.6199951171875,4185500
2019-10-09,206.69000244140625,206.69000244140625,207.22999572753906,204.72999572753906,204.94000244140625,3206900
2019-10-10,206.86000061035156,206.86000061035156,208.19000244140625,206.0800018310547,206.3699951171875,2979200
2019-10-11,208.0800018310547,208.0800018310547,210.0800018310547,207.72999572753906,208.97000122070312,4408400
2019-10-14,207.91000366210938,207.91000366210938,208.07000732421875,206.92999267578125,208.00999450683594,1902600
2019-10-15,209.3800048828125,209.3800048828125,210.14999389648438,207.57000732421875,207.72999572753906,3055400
2019-10-16,209.2899932861328,209.2899932861328,209.97000122070312,208.3699951171875,208.3699951171875,3233900
2019-10-17,208.6199951171875,208.6199951171875,209.97999572753906,208.50999450683594,209.25999450683594,3575400
2019-10-18,208.75999450683594,208.75999450683594,209.6199951171875,208.1999969482422,208.4499969482422,3581400
2019-10-21,211.49000549316406,211.49000549316406,211.5399932861328,209.75999450683594,210.0,3337300
2019-10-22,210.6199951171875,210.6199951171875,211.97000122070312,210.47000122070312,211.02999877929688,2716800
2019-10-23,210.9600067138672,210.9600067138672,211.00999450683594,209.5399932861328,210.5,2413800
2019-10-24,210.25999450683594,210.25999450683594,211.32000732421875,209.72000122070312,211.16000366210938,3147200
2019-10-25,211.8000030517578,211.8000030517578,212.3300018310547,209.75,209.8699951171875,2539200
2019-10-28,212.86000061035156,212.86000061035156,213.33999633789062,212.13999938964844,212.30999755859375,3521900
2019-10-29,213.00999450683594,213.00999450683594,213.1699981689453,211.61000061035156,212.3800048828125,2630400
2019-10-30,213.25,213.25,213.42999267578125,211.6699981689453,212.99000549316406,3296900
2019-10-31,212.5800018310547,212.5800018310547,213.7100067138672,211.5399932861328,213.00999450683594,4305500
2019-11-01,215.8300018310547,215.8300018310547,216.6300048828125,213.39999389648438,213.5500030517578,4777800
2019-11-04,217.97999572753906,217.97999572753906,218.6199951171875,216.97999572753906,217.77000427246094,4149200
2019-11-05,220.8800048828125,220.8800048828125,221.67999267578125,218.42999267578125,218.69000244140625,5321800
2019-11-06,222.0,222.0,222.02999877929688,220.11000061035156,221.08999633789062,3662900
2019-11-07,222.74000549316406,222.74000549316406,223.3699951171875,221.6699981689453,222.80999755859375,4394900
2019-11-08,221.30999755859375,221.30999755859375,223.0,219.88999938964844,222.75,3346100
2019-11-11,220.85000610351562,220.85000610351562,221.08999633789062,219.8699951171875,220.1999969482422,2380400
2019-11-12,220.88999938964844,220.88999938964844,222.19000244140625,220.5399932861328,220.97999572753906,2657700
2019-11-13,219.77000427246094,219.77000427246094,220.27000427246094,218.61000061035156,219.72000122070312,3190700
2019-11-14,219.36000061035156,219.36000061035156,219.8699951171875,217.91000366210938,219.77000427246094,2831200
2019-11-15,219.74000549316406,219.74000549316406,220.42999267578125,218.74000549316406,220.17999267578125,3477000
2019-11-18,219.35000610351562,219.35000610351562,220.0500030517578,218.38999938964844,219.9499969482422,3894200
2019-11-19,219.02999877929688,219.02999877929688,220.0,218.77999877929688,219.92999267578125,3378100
2019-11-20,217.47999572753906,217.47999572753906,218.3699951171875,216.00999450683594,218.00999450683594,4966000
2019-11-21,216.6300048828125,216.6300048828125,217.7100067138672,216.3000030517578,217.3000030517578,3707600
2019-11-22,217.9600067138672,217.9600067138672,217.99000549316406,216.8000030517578,216.9600067138672,2392800
2019-11-25,219.05999755859375,219.05999755859375,219.38999938964844,218.25999450683594,218.74000549316406,3648500
2019-11-26,218.89999389648438,218.89999389648438,219.1999969482422,217.72000122070312,219.11000061035156,3717800
2019-11-27,220.5,220.5,220.58999633789062,218.47999572753906,219.25,3945500
2019-11-29,220.3000030517578,220.3000030517578,220.5800018310547,219.8300018310547,220.5,2256500
2019-12-02,220.3300018310547,220.3300018310547,221.3800048828125,220.11000061035156,220.60000610351562,3888100
2019-12-03,218.0800018310547,218.0800018310547,218.89999389648438,216.39999389648438,218.82000732421875,4480100
2019-12-04,218.39999389648438,218.39999389648438,218.8800048828125,217.5399932861328,217.9499969482422,2667700
2019-12-05,219.60000610351562,219.60000610351562,219.75,218.0500030517578,218.99000549316406,2319300
2019-12-06,222.61000061035156,222.61000061035156,223.0,221.3300018310547,221.63999938964844,3447700
2019-12-09,221.3800048828125,221.3800048828125,223.3000030517578,221.19000244140625,222.7100067138672,2601000
2019-12-10,221.25999450683594,221.25999450683594,222.07000732421875,220.2100067138672,222.07000732421875,2688900
2019-12-11,222.57000732421875,222.57000732421875,222.64999389648438,221.00999450683594,221.2100067138672,3546600
2019-12-12,225.9199981689453,225.9199981689453,226.52000427246094,222.52999877929688,222.8800048828125,5121900
2019-12-13,225.3699951171875,225.3699951171875,226.5,223.9600067138672,225.9199981689453,3160500
2019-12-16,226.85000610351562,226.85000610351562,227.80999755859375,226.2899932861328,226.77000427246094,4278800
2019-12-17,227.0500030517578,227.0500030517578,228.22999572753906,226.5500030517578,227.27000427246094,4867400
2019-12-18,225.00999450683594,225.00999450683594,227.1999969482422,224.88999938964844,227.05999755859375,5962300
2019-12-19,225.2100067138672,225.2100067138672,225.66000366210938,224.16000366210938,224.66000366210938,4432600
2019-12-20,226.30999755859375,226.30999755859375,227.8000030517578,225.55999755859375,226.24000549316406,11572200
2019-12-23,225.47999572753906,225.47999572753906,226.6699981689453,224.92999267578125,226.61000061035156,3504100
2019-12-24,225.47000122070312,225.47000122070312,225.64999389648438,224.8800048828125,225.24000549316406,961100
2019-12-26,226.4499969482422,226.4499969482422,226.50999450683594,225.63999938964844,225.9199981689453,1725700
2019-12-27,226.13999938964844,226.13999938964844,226.97000122070312,225.57000732421875,226.86000061035156,2769400
2019-12-30,225.75999450683594,225.75999450683594,226.60000610351562,224.6699981689453,226.13999938964844,2769700
2019-12-31,226.5,226.5,226.72000122070312,225.13999938964844,226.16000366210938,3145200
2020-01-02,228.38999938964844,228.38999938964844,228.38999938964844,226.7100067138672,227.50999450683594,3764000
2020-01-03,226.17999267578125,226.17999267578125,227.42999267578125,225.47999572753906,225.69000244140625,3023900
2020-01-06,226.99000549316406,226.99000549316406,227.1300048828125,224.6999969482422,224.99000549316406,4263000
2020-01-07,225.9199981689453,225.9199981689453,227.25999450683594,225.44000244140625,227.25999450683594,3517000
2020-01-08,225.99000549316406,225.99000549316406,227.83999633789062,225.8699951171875,226.02999877929688,3780300
2020-01-09,228.64999389648438,228.64999389648438,228.85000610351562,226.9199981689453,226.9199981689453,3497300
2020-01-10,226.6199951171875,226.6199951171875,228.52999877929688,226.58999633789062,228.5,2572900
2020-01-13,228.4499969482422,228.4499969482422,228.47000122070312,226.1300048828125,227.0500030517578,3286700
2020-01-14,227.1699981689453,227.1699981689453,228.38999938964844,226.8800048828125,227.85000610351562,3355400
2020-01-15,228.35000610351562,228.35000610351562,228.63999938964844,226.77999877929688,226.8000030517578,2662500
2020-01-16,229.72999572753906,229.72999572753906,230.02999877929688,228.52000427246094,229.33999633789062,3036400
2020-01-17,230.1999969482422,230.1999969482422,231.61000061035156,229.5500030517578,230.1300048828125,6603800
2020-01-21,228.6300048828125,228.6300048828125,231.1300048828125,227.9499969482422,229.85000610351562,5840700
2020-01-22,229.5399932861328,229.5399932861328,230.3800048828125,228.41000366210938,229.0,3164300
2020-01-23,229.3800048828125,229.3800048828125,229.77000427246094,227.35000610351562,229.42999267578125,4750000
2020-01-24,226.86000061035156,226.86000061035156,229.41000366210938,226.0399932861328,229.39999389648438,4022500
2020-01-27,222.4499969482422,222.4499969482422,223.89999389648438,221.11000061035156,223.6999969482422,5454000
2020-01-28,224.02999877929688,224.02999877929688,225.35000610351562,223.16000366210938,223.44000244140625,3609300
2020-01-29,224.5,224.5,226.39999389648438,224.30999755859375,224.75,2310400
2020-01-30,227.8800048828125,227.8800048828125,228.0800018310547,222.47999572753906,223.11000061035156,3350900
2020-01-31,224.42999267578125,224.42999267578125,226.97000122070312,223.42999267578125,226.49000549316406,3948200
2020-02-03,223.47000122070312,223.47000122070312,226.32000732421875,223.0,225.47999572753906,3525000
2020-02-04,225.0800018310547,225.0800018310547,226.94000244140625,224.7899932861328,226.14999389648438,3642600
2020-02-05,228.64999389648438,228.64999389648438,228.67999267578125,226.75,226.91000366210938,3360500
2020-02-06,229.61000061035156,229.61000061035156,230.0800018310547,228.52999877929688,229.55999755859375,2799400
2020-02-07,227.3800048828125,227.3800048828125,228.6199951171875,226.6699981689453,228.07000732421875,2882800
2020-02-10,227.11000061035156,227.11000061035156,227.75,225.1300048828125,227.1699981689453,2944600
2020-02-11,227.3300018310547,227.3300018310547,228.58999633789062,227.02000427246094,228.58999633789062,2916400
2020-02-12,227.44000244140625,227.44000244140625,228.83999633789062,226.91000366210938,227.60000610351562,3785200
2020-02-13,226.47000122070312,226.47000122070312,227.39999389648438,226.10000610351562,226.52999877929688,2838500
2020-02-14,226.8000030517578,226.8000030517578,227.13999938964844,225.52000427246094,226.49000549316406,2506200
2020-02-18,226.77000427246094,226.77000427246094,227.3800048828125,225.27000427246094,226.38999938964844,3153000
2020-02-19,229.24000549316406,229.24000549316406,229.7100067138672,226.92999267578125,227.67999267578125,3187000
2020-02-20,228.1699981689453,228.1699981689453,229.7899932861328,227.14999389648438,229.75999450683594,3547700
2020-02-21,229.3300018310547,229.3300018310547,230.07000732421875,226.97999572753906,227.52999877929688,4699100
2020-02-24,221.69000244140625,221.69000244140625,223.94000244140625,220.27000427246094,221.30999755859375,7932400
2020-02-25,218.0500030517578,218.0500030517578,223.24000549316406,216.75999450683594,222.1999969482422,8558600
2020-02-26,216.05999755859375,216.05999755859375,220.6300048828125,215.94000244140625,219.64999389648438,6901700
2020-02-27,207.6699981689453,207.6699981689453,214.3800048828125,207.27999877929688,212.89999389648438,10941800
2020-02-28,206.33999633789062,206.33999633789062,206.44000244140625,199.67999267578125,201.9199981689453,15147200
2020-03-02,217.6300048828125,217.6300048828125,218.8000030517578,204.42999267578125,207.25,10395800
2020-03-03,208.80999755859375,208.80999755859375,218.14999389648438,206.1999969482422,217.38999938964844,10716100
2020-03-04,217.86000061035156,217.86000061035156,218.33999633789062,209.25999450683594,212.13999938964844,7408700
2020-03-05,208.9600067138672,208.9600067138672,212.75,207.00999450683594,212.5500030517578,8112700
2020-03-06,205.97999572753906,205.97999572753906,207.41000366210938,202.35000610351562,203.47999572753906,9443500
2020-03-09,193.1300048828125,193.1300048828125,198.47999572753906,192.25999450683594,195.0,13950500
2020-03-10,202.72999572753906,202.72999572753906,202.86000061035156,195.0500030517578,201.35000610351562,10929200
2020-03-11,194.63999938964844,194.63999938964844,198.1300048828125,192.8699951171875,197.32000732421875,9573900
2020-03-12,175.97000122070312,175.97000122070312,187.6699981689453,175.0,183.60000610351562,22293800
2020-03-13,196.39999389648438,196.39999389648438,196.5,178.41000366210938,187.4499969482422,14859100
2020-03-16,177.77000427246094,177.77000427246094,188.3800048828125,173.6199951171875,174.0,14168600
2020-03-17,187.60000610351562,187.60000610351562,187.80999755859375,177.0,181.8800048828125,15072400
2020-03-18,172.44000244140625,172.44000244140625,181.38999938964844,167.0,177.2899932861328,16669300
2020-03-19,174.67999267578125,174.67999267578125,176.17999267578125,166.0,170.2100067138672,12488100
2020-03-20,170.05999755859375,170.05999755859375,177.17999267578125,167.2899932861328,176.3000030517578,15213600
2020-03-23,162.1300048828125,162.1300048828125,166.69000244140625,159.5,165.3000030517578,16501500
2020-03-24,178.1999969482422,178.1999969482422,179.13999938964844,169.52999877929688,170.91000366210938,14075100
2020-03-25,180.47000122070312,180.47000122070312,189.07000732421875,175.1699981689453,180.00999450683594,13851200
2020-03-26,183.89999389648438,183.89999389648438,184.9600067138672,179.58999633789062,181.2899932861328,14131400
2020-03-27,179.66000366210938,179.66000366210938,184.24000549316406,176.72000122070312,178.5,10259500
2020-03-30,183.17999267578125,183.17999267578125,184.11000061035156,178.0,180.0399932861328,7672600
2020-03-31,182.8300018310547,182.8300018310547,186.1699981689453,180.57000732421875,182.0500030517578,8996800
2020-04-01,175.9499969482422,175.9499969482422,178.6699981689453,174.19000244140625,176.17999267578125,8682700
2020-04-02,179.72999572753906,179.72999572753906,180.30999755859375,174.22999572753906,175.0,7271900
2020-04-03,178.33999633789062,178.33999633789062,180.22000122070312,175.44000244140625,178.58999633789062,6643700
2020-04-06,185.24000549316406,185.24000549316406,186.41000366210938,180.49000549316406,184.61000061035156,9935500
2020-04-07,185.25,185.25,192.0,184.89999389648438,191.99000549316406,8148200
2020-04-08,191.00999450683594,191.00999450683594,191.4199981689453,185.13999938964844,187.5500030517578,6109900
2020-04-09,193.83999633789062,193.83999633789062,197.22999572753906,191.4499969482422,194.0,10519600
2020-04-13,188.77000427246094,188.77000427246094,193.85000610351562,186.0800018310547,193.85000610351562,7888600
2020-04-14,192.94000244140625,192.94000244140625,194.16000366210938,190.82000732421875,193.32000732421875,7032000
2020-04-15,188.57000732421875,188.57000732421875,189.58999633789062,187.47000122070312,188.55999755859375,6138300
2020-04-16,187.9600067138672,187.9600067138672,188.99000549316406,185.8000030517578,188.89999389648438,6228200
2020-04-17,191.1999969482422,191.1999969482422,192.89999389648438,189.02000427246094,192.88999938964844,8272200
2020-04-20,188.75,188.75,189.35000610351562,187.3000030517578,188.72000122070312,6474700
2020-04-21,183.47999572753906,183.47999572753906,185.77999877929688,183.27999877929688,184.1699981689453,5882500
2020-04-22,186.5800018310547,186.5800018310547,187.3699951171875,185.33999633789062,186.4600067138672,5470000
2020-04-23,185.6300048828125,185.6300048828125,187.35000610351562,184.5,186.99000549316406,6211900
2020-04-24,186.52000427246094,186.52000427246094,187.27999877929688,184.4199981689453,187.0800018310547,5205500
2020-04-27,187.4600067138672,187.4600067138672,189.3699951171875,186.35000610351562,187.77999877929688,6622400
2020-04-28,187.1199951171875,187.1199951171875,191.0,187.0,190.5399932861328,6674600
2020-04-29,189.61000061035156,189.61000061035156,192.67999267578125,188.92999267578125,190.63999938964844,7645000
2020-04-30,187.36000061035156,187.36000061035156,189.8699951171875,186.7100067138672,188.3000030517578,8217800
2020-05-01,182.6699981689453,182.6699981689453,185.88999938964844,181.63999938964844,185.2100067138672,7513700
2020-05-04,177.9499969482422,177.9499969482422,180.36000061035156,176.33999633789062,179.77999877929688,9448600
2020-05-05,176.02999877929688,176.02999877929688,180.22999572753906,175.92999267578125,180.0500030517578,9016300
2020-05-06,172.3800048828125,172.3800048828125,177.0399932861328,172.33999633789062,176.94000244140625,9003000
2020-05-07,173.47999572753906,173.47999572753906,175.3800048828125,173.0500030517578,173.39999389648438,6698000
2020-05-08,176.8300018310547,176.8300018310547,177.25999450683594,174.27999877929688,176.7100067138672,5793600
2020-05-11,174.63999938964844,174.63999938964844,175.9600067138672,173.61000061035156,175.22999572753906,9235700
2020-05-12,172.80999755859375,172.80999755859375,175.7100067138672,172.72999572753906,175.1999969482422,6470900
2020-05-13,170.57000732421875,170.57000732421875,172.61000061035156,169.44000244140625,172.0,10258900
2020-05-14,170.92999267578125,170.92999267578125,171.39999389648438,167.0399932861328,168.8000030517578,7013600
2020-05-15,169.25,169.25,170.66000366210938,168.52000427246094,169.82000732421875,5937500
2020-05-18,175.4600067138672,175.4600067138672,176.8699951171875,172.30999755859375,174.0,7458900
2020-05-19,172.49000549316406,172.49000549316406,174.8699951171875,172.33999633789062,174.1199951171875,5574800
2020-05-20,176.02000427246094,176.02000427246094,176.8699951171875,174.2899932861328,174.61000061035156,5455600
2020-05-21,174.94000244140625,174.94000244140625,176.64999389648438,174.47000122070312,175.74000549316406,4059900
2020-05-22,174.92999267578125,174.92999267578125,175.1199951171875,173.2100067138672,174.86000061035156,3584800
2020-05-26,180.33999633789062,180.33999633789062,181.69000244140625,178.67999267578125,179.99000549316406,7107600
2020-05-27,185.77000427246094,185.77000427246094,185.97999572753906,183.8000030517578,184.6699981689453,7410500
2020-05-28,185.10000610351562,185.10000610351562,187.27999877929688,183.9199981689453,187.24000549316406,6313100
2020-05-29,185.5800018310547,185.5800018310547,185.8699951171875,182.52999877929688,183.0800018310547,10630200
2020-06-01,183.83999633789062,183.83999633789062,185.7100067138672,183.19000244140625,185.52999877929688,5718800
2020-06-02,185.94000244140625,185.94000244140625,186.44000244140625,183.99000549316406,183.99000549316406,5803000
2020-06-03,190.82000732421875,190.82000732421875,191.6199951171875,187.80999755859375,188.75,6706700
2020-06-04,192.0500030517578,192.0500030517578,192.11000061035156,189.69000244140625,190.41000366210938,5809800
2020-06-05,200.66000366210938,200.66000366210938,201.49000549316406,196.22000122070312,197.8800048828125,10390400
2020-06-08,201.55999755859375,201.55999755859375,203.3300018310547,199.55999755859375,202.33999633789062,6695100
2020-06-09,196.07000732421875,196.07000732421875,198.7899932861328,195.8300018310547,197.14999389648438,7711800
2020-06-10,191.50999450683594,191.50999450683594,196.33999633789062,191.3699951171875,195.85000610351562,7337400
2020-06-11,178.02000427246094,178.02000427246094,186.92999267578125,177.92999267578125,185.0,15372400
2020-06-12,181.2100067138672,181.2100067138672,184.02000427246094,178.22000122070312,184.02000427246094,9476800
2020-06-15,181.5500030517578,181.5500030517578,181.77000427246094,176.0500030517578,177.0,8105200
2020-06-16,182.3000030517578,182.3000030517578,186.6999969482422,179.75,186.5500030517578,9407600
2020-06-17,180.86000061035156,180.86000061035156,183.14999389648438,180.11000061035156,183.02999877929688,6448500
2020-06-18,180.72999572753906,180.72999572753906,181.36000061035156,179.0399932861328,179.89999389648438,4920900
2020-06-19,179.72000122070312,179.72000122070312,183.8800048828125,179.00999450683594,183.5,8767900
2020-06-22,180.1699981689453,180.1699981689453,181.8000030517578,178.8699951171875,179.5500030517578,5816900
2020-06-23,181.00999450683594,181.00999450683594,182.38999938964844,180.39999389648438,181.8699951171875,6378100
2020-06-24,177.52999877929688,177.52999877929688,179.64999389648438,177.25999450683594,179.61000061035156,8081200
2020-06-25,178.85000610351562,178.85000610351562,179.72000122070312,176.05999755859375,176.5800018310547,6380000
2020-06-26,175.3699951171875,175.3699951171875,178.6999969482422,174.6300048828125,176.7100067138672,14772100
2020-06-29,177.19000244140625,177.19000244140625,177.22000122070312,175.3300018310547,175.89999389648438,5218200
2020-06-30,178.50999450683594,178.50999450683594,179.1199951171875,176.50999450683594,176.75,6763800
2020-07-01,177.99000549316406,177.99000549316406,180.4499969482422,177.33999633789062,178.41000366210938,4619800
2020-07-02,178.8300018310547,178.8300018310547,180.94000244140625,178.24000549316406,180.4499969482422,5163100
2020-07-06,182.72000122070312,182.72000122070312,183.52000427246094,181.58999633789062,183.10000610351562,6443300
2020-07-07,181.14999389648438,181.14999389648438,182.49000549316406,180.60000610351562,182.02000427246094,4952100
2020-07-08,181.1999969482422,181.1999969482422,182.30999755859375,179.77000427246094,180.4199981689453,5547800
2020-07-09,178.8000030517578,178.8000030517578,181.8800048828125,177.77000427246094,181.7899932861328,5420600
2020-07-10,182.89999389648438,182.89999389648438,182.9600067138672,178.08999633789062,178.25999450683594,5482300
2020-07-13,184.1300048828125,184.1300048828125,185.82000732421875,183.30999755859375,183.80999755859375,7885600
2020-07-14,189.7100067138672,189.7100067138672,190.0800018310547,182.4199981689453,182.4199981689453,14683400
2020-07-15,190.55999755859375,190.55999755859375,193.0500030517578,188.75,192.63999938964844,7558200
2020-07-16,191.00999450683594,191.00999450683594,191.92999267578125,188.32000732421875,188.32000732421875,4771300
2020-07-17,190.75999450683594,190.75999450683594,192.1199951171875,190.47000122070312,191.77000427246094,5186800
2020-07-20,190.47999572753906,190.47999572753906,191.22999572753906,189.47999572753906,190.02000427246094,4089400
2020-07-21,192.27000427246094,192.27000427246094,193.4499969482422,190.39999389648438,190.39999389648438,5256300
2020-07-22,192.10000610351562,192.10000610351562,192.24000549316406,190.6300048828125,191.77999877929688,4182700
2020-07-23,193.25,193.25,193.38999938964844,191.47999572753906,191.7100067138672,6036800
2020-07-24,194.52000427246094,194.52000427246094,196.27999877929688,193.0500030517578,193.25,5140800
2020-07-27,192.13999938964844,192.13999938964844,193.99000549316406,191.77000427246094,193.8300018310547,4309100
2020-07-28,194.1199951171875,194.1199951171875,194.4600067138672,190.61000061035156,190.89999389648438,4412300
2020-07-29,196.41000366210938,196.41000366210938,196.6699981689453,193.72999572753906,194.02999877929688,4067300
2020-07-30,194.3000030517578,194.3000030517578,194.57000732421875,192.25,193.42999267578125,4819600
2020-07-31,195.77999877929688,195.77999877929688,196.0,193.3300018310547,195.05999755859375,5936500
2020-08-03,199.25999450683594,199.25999450683594,200.67999267578125,196.0,197.27999877929688,6251000
2020-08-04,200.24000549316406,200.24000549316406,200.30999755859375,198.11000061035156,198.97000122070312,3838800
2020-08-05,203.6199951171875,203.6199951171875,204.69000244140625,201.0,201.44000244140625,5184500
2020-08-06,205.02000427246094,205.02000427246094,205.38999938964844,202.6999969482422,203.0,3380700
2020-08-07,209.47999572753906,209.47999572753906,209.75,204.0,204.1999969482422,6186000
2020-08-10,212.5800018310547,212.5800018310547,212.9199981689453,209.39999389648438,211.33999633789062,6633800
2020-08-11,212.66000366210938,212.66000366210938,215.60000610351562,212.24000549316406,214.74000549316406,5688200
2020-08-12,213.24000549316406,213.24000549316406,214.38999938964844,212.30999755859375,213.10000610351562,4791900
2020-08-13,211.97999572753906,211.97999572753906,213.3300018310547,211.66000366210938,212.92999267578125,4535600
2020-08-14,210.9600067138672,210.9600067138672,211.97000122070312,210.25,211.0399932861328,3441500
2020-08-17,206.77999877929688,206.77999877929688,210.82000732421875,206.33999633789062,210.0500030517578,5484400
2020-08-18,208.3300018310547,208.3300018310547,209.75999450683594,206.8000030517578,206.9499969482422,3500100
2020-08-19,207.2100067138672,207.2100067138672,210.2100067138672,206.66000366210938,209.19000244140625,5829000
2020-08-20,206.1199951171875,206.1199951171875,206.7899932861328,204.50999450683594,205.1699981689453,4133800
2020-08-21,207.42999267578125,207.42999267578125,208.39999389648438,205.52000427246094,205.52000427246094,4785300
2020-08-24,212.61000061035156,212.61000061035156,213.3000030517578,208.91000366210938,209.22999572753906,5039500
2020-08-25,213.35000610351562,213.35000610351562,214.0,212.85000610351562,213.55999755859375,3675900
2020-08-26,214.66000366210938,214.66000366210938,215.8300018310547,212.3000030517578,212.97999572753906,4639000
2020-08-27,216.8699951171875,216.8699951171875,217.97999572753906,214.75999450683594,214.99000549316406,4814200
2020-08-28,218.5500030517578,218.5500030517578,218.80999755859375,215.72999572753906,217.50999450683594,4290400
2020-08-31,218.0399932861328,218.0399932861328,219.4499969482422,217.64999389648438,218.6199951171875,6131900
2020-09-01,218.5500030517578,218.5500030517578,218.58999633789062,216.6199951171875,216.9199981689453,4134300
2020-09-02,221.67999267578125,221.67999267578125,222.08999633789062,218.1300048828125,218.1300048828125,5493900
2020-09-03,218.14999389648438,218.14999389648438,223.24000549316406,216.42999267578125,222.0,7084700
2020-09-04,218.32000732421875,218.32000732421875,221.47999572753906,215.05999755859375,219.9499969482422,6041400
2020-09-08,217.8000030517578,217.8000030517578,219.19000244140625,215.33999633789062,217.27999877929688,7001200
2020-09-09,219.6300048828125,219.6300048828125,221.6199951171875,218.52000427246094,218.9499969482422,5417000
2020-09-10,217.8000030517578,217.8000030517578,220.67999267578125,217.14999389648438,220.5399932861328,3837300
2020-09-11,217.92999267578125,217.92999267578125,219.27000427246094,216.9199981689453,218.0,3437100
2020-09-14,219.94000244140625,219.94000244140625,221.32000732421875,218.3000030517578,219.0,4068800
2020-09-15,218.94000244140625,218.94000244140625,221.57000732421875,218.4499969482422,220.0800018310547,3855800
2020-09-16,219.58999633789062,219.58999633789062,222.25999450683594,219.19000244140625,220.27999877929688,5658400
2020-09-17,218.0500030517578,218.0500030517578,218.67999267578125,216.5,218.4600067138672,6940800
2020-09-18,218.2100067138672,218.2100067138672,221.00999450683594,217.8300018310547,219.0800018310547,11862200
2020-09-21,213.02000427246094,213.02000427246094,215.4499969482422,208.72999572753906,214.0,8341400
2020-09-22,214.16000366210938,214.16000366210938,214.75,211.6999969482422,212.5399932861328,5289400
2020-09-23,209.61000061035156,209.61000061035156,214.8800048828125,209.3800048828125,213.94000244140625,4421200
2020-09-24,208.72000122070312,208.72000122070312,210.22999572753906,206.5800018310547,209.13999938964844,3962000
2020-09-25,210.4499969482422,210.4499969482422,211.11000061035156,206.82000732421875,207.0,3562400
2020-09-28,213.5399932861328,213.5399932861328,215.47000122070312,212.02000427246094,213.22000122070312,5042800
2020-09-29,210.44000244140625,210.44000244140625,213.58999633789062,210.24000549316406,213.58999633789062,4036900
2020-09-30,212.94000244140625,212.94000244140625,213.6999969482422,210.75,211.11000061035156,5821800
2020-10-01,212.02000427246094,212.02000427246094,214.38999938964844,210.6199951171875,214.3000030517578,4758500
2020-10-02,211.17999267578125,211.17999267578125,213.67999267578125,209.52999877929688,209.83999633789062,4420000
2020-10-05,212.36000061035156,212.36000061035156,213.89999389648438,212.0500030517578,213.08999633789062,3648500
2020-10-06,210.25999450683594,210.25999450683594,213.47999572753906,209.64999389648438,212.64999389648438,5313600
2020-10-07,213.2899932861328,213.2899932861328,214.6699981689453,211.36000061035156,212.3300018310547,3758500
2020-10-08,215.14999389648438,215.14999389648438,215.69000244140625,213.44000244140625,214.38999938964844,3611100
2020-10-09,215.67999267578125,215.67999267578125,216.2899932861328,214.16000366210938,215.8800048828125,3090700
2020-10-12,216.41000366210938,216.41000366210938,217.42999267578125,215.1199951171875,216.74000549316406,3902000
2020-10-13,212.30999755859375,212.30999755859375,216.3800048828125,212.0,215.75999450683594,4848700
2020-10-14,210.91000366210938,210.91000366210938,212.35000610351562,210.5399932861328,212.02000427246094,5026300
2020-10-15,211.64999389648438,211.64999389648438,211.99000549316406,208.22000122070312,209.27000427246094,3063200
2020-10-16,211.91000366210938,211.91000366210938,213.8300018310547,211.80999755859375,211.83999633789062,3630400
2020-10-19,208.99000549316406,208.99000549316406,212.32000732421875,208.1999969482422,212.16000366210938,3410900
2020-10-20,210.05999755859375,210.05999755859375,211.4499969482422,209.41000366210938,209.6300048828125,3888500
2020-10-21,210.17999267578125,210.17999267578125,211.3800048828125,208.61000061035156,208.97000122070312,3192000
2020-10-22,211.61000061035156,211.61000061035156,211.77999877929688,209.22999572753906,209.6300048828125,2949900
2020-10-23,212.7100067138672,212.7100067138672,213.8699951171875,211.72999572753906,212.42999267578125,2830800
2020-10-26,208.49000549316406,208.49000549316406,210.25999450683594,207.0,209.63999938964844,4714100
2020-10-27,206.8800048828125,206.8800048828125,208.47999572753906,206.5800018310547,208.0,3037800
2020-10-28,200.6999969482422,200.6999969482422,203.8800048828125,199.7899932861328,202.67999267578125,7533600
2020-10-29,201.50999450683594,201.50999450683594,202.9600067138672,197.80999755859375,200.02999877929688,5224400
2020-10-30,201.89999389648438,201.89999389648438,202.27000427246094,198.6999969482422,200.50999450683594,5754000
2020-11-02,204.30999755859375,204.30999755859375,206.17999267578125,203.05999755859375,204.83999633789062,5937500
2020-11-03,206.6300048828125,206.6300048828125,209.8000030517578,206.36000061035156,206.92999267578125,5469900
2020-11-04,206.1699981689453,206.1699981689453,210.14999389648438,204.77999877929688,206.58999633789062,5974400
2020-11-05,207.4499969482422,207.4499969482422,210.86000061035156,206.97000122070312,208.69000244140625,5933800
2020-11-06,208.85000610351562,208.85000610351562,210.25999450683594,207.58999633789062,208.4499969482422,4305600
2020-11-09,221.5,221.5,225.22999572753906,218.00999450683594,221.97000122070312,11340800
2020-11-10,228.47999572753906,228.47999572753906,228.61000061035156,220.94000244140625,221.82000732421875,7057300
2020-11-11,227.3699951171875,227.3699951171875,228.97999572753906,225.47000122070312,228.5,4786100
2020-11-12,224.72000122070312,224.72000122070312,225.8800048828125,223.17999267578125,225.00999450683594,5109800
2020-11-13,227.4199981689453,227.4199981689453,228.14999389648438,225.2899932861328,226.5,4789500
2020-11-16,233.10000610351562,233.10000610351562,233.4600067138672,229.86000061035156,230.5800018310547,5766600
2020-11-17,233.16000366210938,233.16000366210938,234.97000122070312,230.00999450683594,231.92999267578125,5038400
2020-11-18,230.07000732421875,230.07000732421875,234.47999572753906,230.0,233.57000732421875,4740600
2020-11-19,229.52999877929688,229.52999877929688,229.97000122070312,227.6199951171875,229.6699981689453,4621800
2020-11-20,227.00999450683594,227.00999450683594,229.72000122070312,226.77000427246094,228.77999877929688,4027300
2020-11-23,229.5399932861328,229.5399932861328,230.5,228.0399932861328,229.77000427246094,3630100
2020-11-24,233.9199981689453,233.9199981689453,234.99000549316406,231.24000549316406,232.4499969482422,4712500
2020-11-25,233.1300048828125,233.1300048828125,234.0,232.00999450683594,233.9199981689453,3249600
2020-11-27,231.5500030517578,231.5500030517578,234.1699981689453,230.4499969482422,233.10000610351562,1935800
2020-11-30,228.91000366210938,228.91000366210938,231.2899932861328,228.1699981689453,231.19000244140625,5989000
2020-12-01,229.67999267578125,229.67999267578125,231.97999572753906,229.33999633789062,230.22999572753906,4442400
2020-12-02,230.4199981689453,230.4199981689453,230.58999633789062,228.30999755859375,229.8000030517578,4679100
2020-12-03,231.02000427246094,231.02000427246094,231.5,228.8699951171875,230.0,4694500
2020-12-04,231.35000610351562,231.35000610351562,231.88999938964844,230.24000549316406,230.24000549316406,4749600
2020-12-07,229.24000549316406,229.24000549316406,231.25999450683594,228.10000610351562,231.25999450683594,4649300
2020-12-08,228.19000244140625,228.19000244140625,228.74000549316406,226.61000061035156,227.4600067138672,4587200
2020-12-09,227.50999450683594,227.50999450683594,228.89999389648438,226.63999938964844,228.57000732421875,4873800
2020-12-10,227.35000610351562,227.35000610351562,227.8699951171875,225.72999572753906,226.4499969482422,4567400
2020-12-11,226.38999938964844,226.38999938964844,226.72999572753906,224.60000610351562,225.1999969482422,4028100
2020-12-14,222.85000610351562,222.85000610351562,228.05999755859375,222.36000061035156,227.67999267578125,6541600
2020-12-15,224.3800048828125,224.3800048828125,225.86000061035156,222.72999572753906,224.8300018310547,5168000
2020-12-16,221.91000366210938,221.91000366210938,225.47999572753906,221.82000732421875,225.47999572753906,7537400
2020-12-17,224.67999267578125,224.67999267578125,225.02000427246094,221.6699981689453,222.50999450683594,7388000
2020-12-18,223.42999267578125,223.42999267578125,225.1999969482422,221.67999267578125,224.7899932861328,20663300
2020-12-21,223.49000549316406,223.49000549316406,224.1999969482422,221.25999450683594,222.02000427246094,7372500
2020-12-22,221.8800048828125,221.8800048828125,223.75,221.75999450683594,223.5800018310547,6157300
2020-12-23,224.24000549316406,224.24000549316406,224.91000366210938,222.61000061035156,222.6300048828125,4983900
2020-12-24,226.52999877929688,226.52999877929688,227.1300048828125,224.2100067138672,224.60000610351562,2387000
2020-12-28,228.41000366210938,228.41000366210938,230.14999389648438,227.36000061035156,228.08999633789062,3505500
2020-12-29,229.57000732421875,229.57000732421875,231.10000610351562,229.10000610351562,230.5,3799500
2020-12-30,229.64999389648438,229.64999389648438,230.58999633789062,229.0800018310547,229.5399932861328,3257400
2020-12-31,231.8699951171875,231.8699951171875,232.27999877929688,228.88999938964844,229.27999877929688,4228100
2021-01-04,228.4499969482422,228.4499969482422,231.8699951171875,226.85000610351562,231.72999572753906,7404900
2021-01-05,227.47000122070312,227.47000122070312,230.10000610351562,226.85000610351562,228.2100067138672,5524900
2021-01-06,230.27000427246094,230.27000427246094,232.67999267578125,227.5500030517578,229.49000549316406,9009400
2021-01-07,232.8800048828125,232.8800048828125,233.9600067138672,231.3300018310547,232.77999877929688,4691600
2021-01-08,234.02999877929688,234.02999877929688,234.60000610351562,231.72000122070312,233.5399932861328,4850400
2021-01-11,233.42999267578125,233.42999267578125,233.9199981689453,231.02000427246094,231.22000122070312,3882000
2021-01-12,233.02999877929688,233.02999877929688,233.97999572753906,231.6999969482422,233.30999755859375,5616600
2021-01-13,234.50999450683594,234.50999450683594,234.9499969482422,231.7100067138672,232.0,3827500
2021-01-14,235.02000427246094,235.02000427246094,235.6999969482422,233.83999633789062,234.7899932861328,4528700
2021-01-15,233.49000549316406,233.49000549316406,234.58999633789062,231.91000366210938,234.10000610351562,5225000
2021-01-19,234.5500030517578,234.5500030517578,236.24000549316406,231.6999969482422,234.63999938964844,5502100
2021-01-20,234.75999450683594,234.75999450683594,235.1999969482422,233.24000549316406,234.0,4876200
2021-01-21,234.16000366210938,234.16000366210938,236.1999969482422,234.0800018310547,235.22000122070312,4317300
2021-01-22,232.9199981689453,232.9199981689453,233.8300018310547,232.2100067138672,232.5,4465000
2021-01-25,233.00999450683594,233.00999450683594,233.52000427246094,230.4499969482422,231.6699981689453,5097700
2021-01-26,231.57000732421875,231.57000732421875,233.5,231.3300018310547,233.0,3944800
2021-01-27,227.36000061035156,227.36000061035156,230.0,226.10000610351562,230.0,8227100
2021-01-28,230.9499969482422,230.9499969482422,233.50999450683594,228.16000366210938,229.75999450683594,5943500
2021-01-29,227.8699951171875,227.8699951171875,229.97000122070312,227.2100067138672,229.4499969482422,6387300
2021-02-01,229.32000732421875,229.32000732421875,230.5,228.0399932861328,229.97000122070312,4068200
2021-02-02,232.24000549316406,232.24000549316406,233.42999267578125,230.6699981689453,231.2100067138672,5300300
2021-02-03,232.67999267578125,232.67999267578125,233.16000366210938,231.27999877929688,232.39999389648438,3805600
2021-02-04,235.77000427246094,235.77000427246094,235.91000366210938,232.41000366210938,232.83999633789062,4438400
2021-02-05,235.16000366210938,235.16000366210938,236.97999572753906,234.8300018310547,236.97999572753906,3812200
2021-02-08,237.4199981689453,237.4199981689453,237.55999755859375,235.35000610351562,236.0,3327300
2021-02-09,239.91000366210938,239.91000366210938,240.77999877929688,235.66000366210938,237.07000732421875,4773400
2021-02-10,239.9199981689453,239.9199981689453,241.52000427246094,239.0399932861328,241.42999267578125,3822600
2021-02-11,239.75999450683594,239.75999450683594,240.44000244140625,238.8800048828125,239.36000061035156,2908500
2021-02-12,242.4600067138672,242.4600067138672,242.75999450683594,238.02999877929688,238.07000732421875,3421800
2021-02-16,245.27999877929688,245.27999877929688,247.25999450683594,242.82000732421875,244.13999938964844,4722200
2021-02-17,245.25,245.25,246.19000244140625,244.0,244.13999938964844,3909500
2021-02-18,243.5,243.5,245.49000549316406,241.6699981689453,244.72999572753906,4031000
2021-02-19,241.85000610351562,241.85000610351562,244.9499969482422,241.36000061035156,244.1999969482422,4252400
2021-02-22,244.97000122070312,244.97000122070312,245.97999572753906,240.8000030517578,240.88999938964844,4009100
2021-02-23,245.52999877929688,245.52999877929688,246.57000732421875,243.2899932861328,245.55999755859375,5454900
2021-02-24,248.4499969482422,248.4499969482422,249.5500030517578,245.14999389648438,245.14999389648438,5105900
2021-02-25,243.69000244140625,243.69000244140625,250.55999755859375,242.92999267578125,248.07000732421875,6455200
2021-02-26,240.50999450683594,240.50999450683594,245.14999389648438,240.25,245.14999389648438,8085300
2021-03-01,249.2100067138672,249.2100067138672,250.5500030517578,246.08999633789062,246.86000061035156,6332300
2021-03-02,249.22000122070312,249.22000122070312,251.33999633789062,248.3699951171875,249.1199951171875,4684500
2021-03-03,251.5500030517578,251.5500030517578,254.80999755859375,249.2899932861328,249.72999572753906,6088300
2021-03-04,245.47999572753906,245.47999572753906,252.5500030517578,243.22999572753906,251.0800018310547,7827000
2021-03-05,253.14999389648438,253.14999389648438,253.4499969482422,247.3300018310547,248.88999938964844,6397000
2021-03-08,257.6099853515625,257.6099853515625,260.2300109863281,253.72999572753906,255.60000610351562,7124300
2021-03-09,259.0199890136719,259.0199890136719,262.94000244140625,255.61000061035156,258.54998779296875,8259300
2021-03-10,263.989990234375,263.989990234375,267.5,259.6400146484375,260.29998779296875,8939300
2021-03-11,260.9100036621094,260.9100036621094,264.79998779296875,260.4200134277344,264.2200012207031,5917600
2021-03-12,260.0199890136719,260.0199890136719,264.6499938964844,259.6700134277344,262.3999938964844,4495400
2021-03-15,254.61000061035156,254.61000061035156,260.44000244140625,253.52000427246094,260.30999755859375,6973400
2021-03-16,251.5,251.5,254.52999877929688,249.82000732421875,254.52999877929688,67200
2021-03-17,252.0,252.0,254.27999877929688,250.66000366210938,252.02000427246094,67700
2021-03-18,252.4600067138672,252.4600067138672,255.63999938964844,251.3800048828125,253.75999450683594,5547300
2021-03-19,250.99000549316406,250.99000549316406,252.5,248.52000427246094,252.30999755859375,16635400
2021-03-22,250.36000061035156,250.36000061035156,251.6699981689453,248.86000061035156,250.60000610351562,5370400
2021-03-23,248.30999755859375,248.30999755859375,251.1699981689453,247.7100067138672,250.1999969482422,4622400
2021-03-24,249.6300048828125,249.6300048828125,251.88999938964844,248.5,249.5500030517578,4165000
2021-03-25,250.75,250.75,251.52999877929688,246.7899932861328,249.3800048828125,5500000
2021-03-26,256.7699890136719,256.7699890136719,257.3900146484375,252.4199981689453,252.75,5799100
2021-03-29,258.82000732421875,258.82000732421875,260.04998779296875,253.3000030517578,253.92999267578125,6642600
2021-03-30,258.19000244140625,258.19000244140625,261.0,257.239990234375,259.94000244140625,3878000
2021-03-31,255.47000122070312,255.47000122070312,257.67999267578125,255.1699981689453,256.8599853515625,6578100
2021-04-01,258.20001220703125,258.20001220703125,258.4700012207031,254.8000030517578,255.74000549316406,5573400
2021-04-05,262.6600036621094,262.6600036621094,263.3500061035156,260.0,260.0199890136719,5049600
2021-04-06,263.05999755859375,263.05999755859375,263.3399963378906,261.94000244140625,262.8599853515625,3060600
2021-04-07,263.6199951171875,263.6199951171875,264.3399963378906,262.3999938964844,262.989990234375,3582700
2021-04-08,263.510009765625,263.510009765625,263.92999267578125,261.9100036621094,262.7200012207031,3113300
2021-04-09,266.010009765625,266.010009765625,266.239990234375,263.3500061035156,264.2200012207031,6052500
2021-04-12,267.92999267578125,267.92999267578125,268.3399963378906,266.5299987792969,266.5299987792969,4292900
2021-04-13,267.1000061035156,267.1000061035156,268.20001220703125,266.04998779296875,267.4200134277344,3556600
2021-04-14,267.5299987792969,267.5299987792969,268.44000244140625,267.1499938964844,267.30999755859375,3119900
2021-04-15,269.1400146484375,269.1400146484375,269.2799987792969,266.3900146484375,268.05999755859375,3919200
2021-04-16,272.1099853515625,272.1099853515625,272.9700012207031,270.1099853515625,270.4700012207031,4710300
2021-04-19,270.2799987792969,270.2799987792969,272.9200134277344,268.8500061035156,272.29998779296875,4235500
2021-04-20,267.8900146484375,267.8900146484375,269.30999755859375,266.79998779296875,268.5299987792969,3740800
2021-04-21,272.2099914550781,272.2099914550781,272.4599914550781,267.75,267.79998779296875,3897100
2021-04-22,269.510009765625,269.510009765625,272.0799865722656,268.7799987792969,272.0400085449219,3732100
2021-04-23,271.9800109863281,271.9800109863281,272.69000244140625,269.55999755859375,269.8599853515625,3684100
2021-04-26,270.8599853515625,270.8599853515625,273.9800109863281,270.6300048828125,272.2799987792969,3569100
2021-04-27,273.6499938964844,273.6499938964844,274.1600036621094,270.04998779296875,271.07000732421875,3173400
2021-04-28,272.95001220703125,272.95001220703125,273.9599914550781,272.1300048828125,273.5400085449219,3176000
2021-04-29,277.6000061035156,277.6000061035156,277.7900085449219,274.3500061035156,274.4700012207031,4540300
2021-04-30,274.95001220703125,274.95001220703125,277.4100036621094,274.2099914550781,276.2900085449219,5212400
2021-05-03,279.17999267578125,279.17999267578125,281.1199951171875,277.6700134277344,278.54998779296875,5184000
2021-05-04,280.260009765625,280.260009765625,280.79998779296875,276.7799987792969,278.5400085449219,4465500
2021-05-05,282.760009765625,282.760009765625,284.239990234375,282.1199951171875,282.5199890136719,4348100
2021-05-06,289.7099914550781,289.7099914550781,290.0,284.04998779296875,284.69000244140625,5962900
2021-05-07,290.92999267578125,290.92999267578125,291.07000732421875,287.7699890136719,289.9700012207031,6099200
2021-05-10,292.3299865722656,292.3299865722656,295.0799865722656,292.07000732421875,292.3500061035156,4537800
2021-05-11,285.6300048828125,285.6300048828125,290.510009765625,284.2900085449219,289.8399963378906,6813500
2021-05-12,282.9100036621094,282.9100036621094,286.1199951171875,282.54998779296875,285.4599914550781,5308800
2021-05-13,286.8999938964844,286.8999938964844,288.3699951171875,282.8500061035156,282.9100036621094,5244100
2021-05-14,290.67999267578125,290.67999267578125,291.3800048828125,288.6700134277344,288.6700134277344,4260600
2021-05-17,289.2200012207031,289.2200012207031,290.4700012207031,288.07000732421875,289.989990234375,3883300
2021-05-18,287.5899963378906,287.5899963378906,290.30999755859375,287.239990234375,290.20001220703125,4356300
2021-05-19,286.2200012207031,286.2200012207031,286.55999755859375,282.57000732421875,284.1099853515625,5271300
2021-05-20,286.7300109863281,286.7300109863281,289.1400146484375,285.8999938964844,288.4100036621094,4141600
2021-05-21,287.739990234375,287.739990234375,289.3500061035156,286.75,287.1199951171875,4230700
2021-05-24,289.7300109863281,289.7300109863281,290.4100036621094,287.9100036621094,289.1099853515625,3973300
2021-05-25,287.20001220703125,287.20001220703125,291.6000061035156,287.1099853515625,290.19000244140625,4752300
2021-05-26,287.3299865722656,287.3299865722656,289.6400146484375,285.75,289.6400146484375,4756300
2021-05-27,289.29998779296875,289.29998779296875,289.989990234375,286.57000732421875,288.57000732421875,6602100
2021-05-28,289.44000244140625,289.44000244140625,290.4599914550781,288.2300109863281,289.67999267578125,4522500
2021-06-01,289.8399963378906,289.8399963378906,292.07000732421875,288.80999755859375,291.5199890136719,3335800
2021-06-02,290.0199890136719,290.0199890136719,290.8999938964844,289.2200012207031,290.8500061035156,3517100
2021-06-03,291.9700012207031,291.9700012207031,293.2699890136719,288.2799987792969,288.3599853515625,4099400
2021-06-04,292.5199890136719,292.5199890136719,293.0799865722656,291.45001220703125,292.9100036621094,3271100
2021-06-07,289.4599914550781,289.4599914550781,292.5799865722656,288.8399963378906,292.55999755859375,4441000
2021-06-08,289.19000244140625,289.19000244140625,289.8999938964844,285.70001220703125,289.17999267578125,5035900
2021-06-09,288.5799865722656,288.5799865722656,289.0899963378906,287.04998779296875,288.8800048828125,3501800
2021-06-10,284.9100036621094,284.9100036621094,290.80999755859375,284.67999267578125,289.8800048828125,4039200
2021-06-11,286.82000732421875,286.82000732421875,287.3599853515625,285.0199890136719,285.45001220703125,3524200
2021-06-14,283.5299987792969,283.5299987792969,286.8500061035156,281.5199890136719,286.6600036621094,6100500
2021-06-15,283.94000244140625,283.94000244140625,284.9599914550781,282.6499938964844,284.4599914550781,3758700
2021-06-16,283.1099853515625,283.1099853515625,284.79998779296875,281.0799865722656,283.7300109863281,5626800
2021-06-17,278.69000244140625,278.69000244140625,284.5,277.55999755859375,284.2900085449219,7134200
2021-06-18,274.0400085449219,274.0400085449219,276.9800109863281,272.4599914550781,276.5,12565800
2021-06-21,277.1000061035156,277.1000061035156,278.8500061035156,275.42999267578125,275.6199951171875,5482700
2021-06-22,276.9200134277344,276.9200134277344,277.7099914550781,275.92999267578125,277.57000732421875,5224700
2021-06-23,274.6600036621094,274.6600036621094,277.0,274.54998779296875,276.8900146484375,4533100
2021-06-24,275.489990234375,275.489990234375,276.5799865722656,274.04998779296875,275.0,5453900
2021-06-25,278.3800048828125,278.3800048828125,279.30999755859375,275.3500061035156,276.3699951171875,5577100
2021-06-28,276.6099853515625,276.6099853515625,279.05999755859375,275.6000061035156,278.82000732421875,4024600
2021-06-29,276.2099914550781,276.2099914550781,277.9800109863281,275.25,276.69000244140625,4470500
2021-06-30,277.9200134277344,277.9200134277344,278.44000244140625,275.6600036621094,275.8900146484375,4474100
2021-07-01,280.1700134277344,280.1700134277344,280.29998779296875,277.54998779296875,278.20001220703125,3647200
2021-07-02,279.1199951171875,279.1199951171875,281.4100036621094,278.57000732421875,281.4100036621094,3682800
2021-07-06,277.32000732421875,277.32000732421875,278.2799987792969,275.1000061035156,278.2799987792969,4401500
2021-07-07,279.239990234375,279.239990234375,279.69000244140625,275.79998779296875,275.989990234375,4412600
2021-07-08,274.1000061035156,274.1000061035156,277.739990234375,273.1600036621094,276.989990234375,5370500
2021-07-09,280.489990234375,280.489990234375,280.8800048828125,275.739990234375,276.0299987792969,4896000
2021-07-12,280.1099853515625,280.1099853515625,282.2200012207031,278.2699890136719,279.04998779296875,4282500
2021-07-13,279.2099914550781,279.2099914550781,280.4100036621094,278.3599853515625,280.1099853515625,3136300
2021-07-14,278.30999755859375,278.30999755859375,280.760009765625,277.7699890136719,279.07000732421875,4108000
2021-07-15,279.7200012207031,279.7200012207031,280.6400146484375,277.0899963378906,277.1300048828125,3274700
2021-07-16,277.8999938964844,277.8999938964844,280.92999267578125,277.2200012207031,280.92999267578125,3436100
2021-07-19,272.6600036621094,272.6600036621094,275.5,270.7300109863281,274.2099914550781,5231900
2021-07-20,276.8900146484375,276.8900146484375,277.80999755859375,272.0,272.6600036621094,4737000
2021-07-21,279.8800048828125,279.8800048828125,280.9200134277344,277.6300048828125,277.6400146484375,3435900
2021-07-22,277.70001220703125,277.70001220703125,279.2699890136719,277.4200134277344,278.5899963378906,2565700
2021-07-23,278.489990234375,278.489990234375,279.9200134277344,277.739990234375,279.04998779296875,3217500
2021-07-26,278.79998779296875,278.79998779296875,280.25,277.7799987792969,277.7799987792969,2423800
2021-07-27,280.7799987792969,280.7799987792969,281.0899963378906,276.9100036621094,278.07000732421875,3390300
2021-07-28,278.1000061035156,278.1000061035156,280.9800109863281,277.6000061035156,280.79998779296875,3794000
2021-07-29,279.760009765625,279.760009765625,281.239990234375,279.0799865722656,279.2900085449219,3543600
2021-07-30,278.2900085449219,278.2900085449219,281.0799865722656,277.6000061035156,280.010009765625,3607400
2021-08-02,278.1400146484375,278.1400146484375,281.9800109863281,277.7300109863281,279.30999755859375,3091200
2021-08-03,281.79998779296875,281.79998779296875,282.510009765625,276.7699890136719,279.04998779296875,3630600
2021-08-04,278.7799987792969,278.7799987792969,280.9200134277344,278.6400146484375,280.1700134277344,3024600
2021-08-05,280.2099914550781,280.2099914550781,282.0,278.3299865722656,280.1600036621094,3584900
2021-08-06,285.6300048828125,285.6300048828125,285.8299865722656,281.5,281.82000732421875,4831900
2021-08-09,287.2300109863281,287.2300109863281,288.7300109863281,286.05999755859375,287.8599853515625,3676500
2021-08-10,288.94000244140625,288.94000244140625,289.05999755859375,286.0,287.010009765625,3134100
2021-08-11,291.2799987792969,291.2799987792969,291.82000732421875,288.8299865722656,289.45001220703125,3475100
2021-08-12,290.239990234375,290.239990234375,291.80999755859375,288.92999267578125,291.80999755859375,3170300
2021-08-13,287.8900146484375,287.8900146484375,291.04998779296875,287.1199951171875,290.6099853515625,3115200
2021-08-16,289.45001220703125,289.45001220703125,289.489990234375,285.2099914550781,287.0,3562300
2021-08-17,289.1000061035156,289.1000061035156,290.7699890136719,287.6000061035156,288.5299987792969,3626300
2021-08-18,286.3599853515625,286.3599853515625,290.07000732421875,285.95001220703125,289.0,3880500
2021-08-19,285.1300048828125,285.1300048828125,287.1499938964844,283.9800109863281,284.9599914550781,3393100
2021-08-20,285.2699890136719,285.2699890136719,285.9200134277344,283.95001220703125,284.9599914550781,2846100
2021-08-23,285.6199951171875,285.6199951171875,287.3800048828125,285.3900146484375,287.3800048828125,2956500
2021-08-24,286.0199890136719,286.0199890136719,286.5799865722656,284.17999267578125,286.010009765625,3185000
2021-08-25,287.29998779296875,287.29998779296875,288.55999755859375,285.2200012207031,286.20001220703125,2973300
2021-08-26,285.2699890136719,285.2699890136719,288.1700134277344,284.989990234375,288.1600036621094,3340300
2021-08-27,286.6000061035156,286.6000061035156,286.7099914550781,285.1199951171875,285.6199951171875,3484400
2021-08-30,285.6600036621094,285.6600036621094,287.0400085449219,285.0199890136719,286.29998779296875,3505200
2021-08-31,285.7699890136719,285.7699890136719,286.3299865722656,284.760009765625,285.2799987792969,6497800
2021-09-01,285.260009765625,285.260009765625,287.1400146484375,284.8500061035156,286.5899963378906,3323200
2021-09-02,285.04998779296875,285.04998779296875,286.44000244140625,284.2099914550781,285.3500061035156,3969800
2021-09-03,281.8900146484375,281.8900146484375,284.82000732421875,281.7099914550781,284.29998779296875,4495100
2021-09-07,278.8999938964844,278.8999938964844,281.9100036621094,278.7300109863281,281.9100036621094,4863900
2021-09-08,279.3399963378906,279.3399963378906,279.95001220703125,277.5899963378906,278.17999267578125,4646800
2021-09-09,278.6099853515625,278.6099853515625,280.1099853515625,278.3699951171875,278.9100036621094,3683700
2021-09-10,277.6000061035156,277.6000061035156,279.9700012207031,277.489990234375,279.9700012207031,4552300
2021-09-13,279.9200134277344,279.9200134277344,280.8399963378906,277.82000732421875,278.3599853515625,4601900
2021-09-14,277.20001220703125,277.20001220703125,280.7799987792969,276.3599853515625,280.5400085449219,5283200
2021-09-15,278.17999267578125,278.17999267578125,279.05999755859375,276.6700134277344,277.6000061035156,3883500
2021-09-16,277.510009765625,277.510009765625,279.2099914550781,276.2099914550781,278.9599914550781,4210000
2021-09-17,276.760009765625,276.760009765625,281.0,275.4200134277344,277.6400146484375,15863300
2021-09-20,274.20001220703125,274.20001220703125,274.9100036621094,271.3599853515625,273.04998779296875,7644000
2021-09-21,273.17999267578125,273.17999267578125,276.2200012207031,272.5899963378906,276.0299987792969,4648400
2021-09-22,274.07000732421875,274.07000732421875,276.6099853515625,273.6700134277344,276.2799987792969,5018400
2021-09-23,278.1199951171875,278.1199951171875,279.70001220703125,275.010009765625,275.1499938964844,4731600
2021-09-24,277.8699951171875,277.8699951171875,279.1300048828125,277.4100036621094,278.29998779296875,3106100
2021-09-27,279.7200012207031,279.7200012207031,280.6300048828125,278.1199951171875,279.7699890136719,3358400
2021-09-28,276.7900085449219,276.7900085449219,281.3800048828125,275.82000732421875,279.1400146484375,4959500
2021-09-29,277.2900085449219,277.2900085449219,278.7799987792969,275.95001220703125,277.0299987792969,2952000
2021-09-30,272.94000244140625,272.94000244140625,278.3699951171875,272.8399963378906,278.3699951171875,5187900
2021-10-01,275.7099914550781,275.7099914550781,277.510009765625,272.2200012207031,273.0199890136719,3950700
2021-10-04,273.6400146484375,273.6400146484375,276.9599914550781,273.04998779296875,274.67999267578125,4307000
2021-10-05,278.04998779296875,278.04998779296875,279.6700134277344,273.20001220703125,273.8599853515625,5069400
2021-10-06,280.2200012207031,280.2200012207031,280.3900146484375,274.6099853515625,276.2799987792969,3866100
2021-10-07,282.95001220703125,282.95001220703125,284.989990234375,282.1400146484375,282.1400146484375,3794200
2021-10-08,284.1400146484375,284.1400146484375,284.7200012207031,281.7099914550781,282.5899963378906,2299900
2021-10-11,280.92999267578125,280.92999267578125,285.6099853515625,280.79998779296875,284.42999267578125,2907900
2021-10-12,278.6199951171875,278.6199951171875,281.5199890136719,278.2099914550781,281.4599914550781,3770800
2021-10-13,277.8999938964844,277.8999938964844,279.4100036621094,275.54998779296875,278.4700012207031,3311400
2021-10-14,281.6400146484375,281.6400146484375,282.3800048828125,279.29998779296875,280.80999755859375,3646400
2021-10-15,284.2099914550781,284.2099914550781,284.9700012207031,282.2699890136719,283.94000244140625,4313700
2021-10-18,282.5899963378906,282.5899963378906,283.510009765625,281.57000732421875,282.8299865722656,3551500
2021-10-19,284.8299865722656,284.8299865722656,285.1499938964844,283.04998779296875,283.6000061035156,2682700
2021-10-20,287.489990234375,287.489990234375,287.70001220703125,284.32000732421875,284.3399963378906,3147600
2021-10-21,286.82000732421875,286.82000732421875,287.2799987792969,285.25,286.989990234375,2488800
2021-10-22,289.239990234375,289.239990234375,289.79998779296875,286.239990234375,287.6600036621094,3406500
2021-10-25,290.260009765625,290.260009765625,290.4700012207031,287.6000061035156,289.70001220703125,3142900
2021-10-26,290.8500061035156,290.8500061035156,292.2200012207031,290.29998779296875,290.6499938964844,3872300
2021-10-27,287.7799987792969,287.7799987792969,290.95001220703125,287.6400146484375,290.8500061035156,3691500
2021-10-28,289.7200012207031,289.7200012207031,289.8599853515625,287.20001220703125,288.2099914550781,3300100
2021-10-29,287.010009765625,287.010009765625,290.0,286.739990234375,288.80999755859375,4420300
2021-11-01,286.239990234375,286.239990234375,288.4200134277344,285.6199951171875,288.04998779296875,2889500
2021-11-02,287.92999267578125,287.92999267578125,288.5,285.2200012207031,286.6099853515625,3838300
2021-11-03,288.7200012207031,288.7200012207031,288.8800048828125,286.1300048828125,287.2099914550781,2773100
2021-11-04,287.69000244140625,287.69000244140625,289.1300048828125,285.25,289.1300048828125,3426300
2021-11-05,287.8800048828125,287.8800048828125,290.70001220703125,286.82000732421875,288.8299865722656,3581100
2021-11-08,288.79998779296875,288.79998779296875,295.6499938964844,288.6099853515625,290.0,4721000
2021-11-09,286.3500061035156,286.3500061035156,288.989990234375,285.29998779296875,288.7900085449219,3587200
2021-11-10,285.32000732421875,285.32000732421875,287.239990234375,284.5199890136719,286.489990234375,3421700
2021-11-11,284.6499938964844,284.6499938964844,287.07000732421875,284.25,286.5,2861000
2021-11-12,285.989990234375,285.989990234375,286.1000061035156,283.79998779296875,284.8800048828125,2917000
2021-11-15,284.6700134277344,284.6700134277344,286.989990234375,284.239990234375,286.6000061035156,3217300
2021-11-16,283.3599853515625,283.3599853515625,285.1600036621094,283.1199951171875,284.4700012207031,4204200
2021-11-17,281.5899963378906,281.5899963378906,283.1199951171875,280.8999938964844,283.1199951171875,3740800
2021-11-18,280.6300048828125,280.6300048828125,281.75,279.25,281.1000061035156,3338000
2021-11-19,279.989990234375,279.989990234375,280.9700012207031,278.010009765625,280.9599914550781,4529200
2021-11-22,284.9700012207031,284.9700012207031,286.44000244140625,280.010009765625,280.7300109863281,5036000
2021-11-23,288.55999755859375,288.55999755859375,288.7300109863281,285.04998779296875,285.1499938964844,4490100
2021-11-24,287.2799987792969,287.2799987792969,288.32000732421875,286.0899963378906,287.44000244140625,4924100
2021-11-26,283.0899963378906,283.0899963378906,284.7099914550781,279.760009765625,280.2799987792969,4440700
2021-11-29,282.1199951171875,282.1199951171875,284.9800109863281,281.4200134277344,284.0,5390900
2021-11-30,276.69000244140625,276.69000244140625,280.20001220703125,275.8900146484375,279.94000244140625,9925300
2021-12-01,275.0,275.0,281.7200012207031,274.7900085449219,279.5400085449219,5165100
2021-12-02,279.0899963378906,279.0899963378906,280.3699951171875,275.2900085449219,276.67999267578125,4924800
2021-12-03,277.42999267578125,277.42999267578125,279.9700012207031,275.2699890136719,278.7099914550781,5925000
2021-12-06,281.3800048828125,281.3800048828125,283.1700134277344,278.7300109863281,278.7300109863281,5524200
2021-12-07,284.9700012207031,284.9700012207031,285.4100036621094,282.1199951171875,282.4200134277344,5766000
2021-12-08,283.7200012207031,283.7200012207031,285.9700012207031,282.2799987792969,284.9700012207031,3255700
2021-12-09,284.5199890136719,284.5199890136719,284.95001220703125,281.7799987792969,283.7699890136719,3445500
2021-12-10,288.2300109863281,288.2300109863281,288.5,284.2300109863281,285.489990234375,4109800
2021-12-13,290.010009765625,290.010009765625,291.5799865722656,285.8399963378906,288.5,4887500
2021-12-14,295.0299987792969,295.0299987792969,296.4100036621094,289.6700134277344,289.6700134277344,5992200
2021-12-15,294.5799865722656,294.5799865722656,296.5,292.80999755859375,295.82000732421875,5598200
2021-12-16,300.1700134277344,300.1700134277344,301.5799865722656,295.1000061035156,296.8800048828125,6538100
2021-12-17,293.6600036621094,293.6600036621094,298.0,292.3500061035156,297.8500061035156,12719500
2021-12-20,289.6099853515625,289.6099853515625,291.5799865722656,287.5899963378906,290.7699890136719,5456200
2021-12-21,293.239990234375,293.239990234375,295.4100036621094,291.5,292.1400146484375,3929100
2021-12-22,294.4100036621094,294.4100036621094,294.57000732421875,291.739990234375,292.8599853515625,2445600
2021-12-23,294.489990234375,294.489990234375,296.7799987792969,294.2099914550781,295.2200012207031,2898200
2021-12-27,296.6700134277344,296.6700134277344,296.69000244140625,294.4599914550781,295.25,2807200
2021-12-28,298.2900085449219,298.2900085449219,299.7900085449219,296.79998779296875,296.9599914550781,2572900
2021-12-29,299.4599914550781,299.4599914550781,300.6499938964844,298.8599853515625,299.2300109863281,2687300
2021-12-30,299.9800109863281,299.9800109863281,301.6499938964844,299.739990234375,300.8800048828125,2300000
2021-12-31,299.0,299.0,300.69000244140625,298.8399963378906,299.94000244140625,2932200
2022-01-03,300.7900085449219,300.7900085449219,301.29998779296875,299.20001220703125,300.1000061035156,3570300
2022-01-04,308.5299987792969,308.5299987792969,309.2099914550781,301.6499938964844,301.6499938964844,6003300
2022-01-05,309.9200134277344,309.9200134277344,314.4800109863281,309.5,309.8699951171875,6888300
2022-01-06,313.2200012207031,313.2200012207031,314.1099853515625,310.2200012207031,312.9800109863281,5137200
2022-01-07,319.7799987792969,319.7799987792969,320.20001220703125,314.1400146484375,315.55999755859375,5618300
2022-01-10,318.92999267578125,318.92999267578125,322.1000061035156,315.1199951171875,321.3999938964844,5812300
2022-01-11,319.79998779296875,319.79998779296875,320.0,315.0400085449219,318.6099853515625,4247900
2022-01-12,320.3900146484375,320.3900146484375,321.04998779296875,317.260009765625,320.6199951171875,3580400
2022-01-13,321.260009765625,321.260009765625,323.4700012207031,320.1000061035156,321.0,4277900
2022-01-14,324.1300048828125,324.1300048828125,324.3999938964844,316.5,318.8699951171875,4913700
2022-01-18,320.2900085449219,320.2900085449219,323.2900085449219,318.07000732421875,322.2200012207031,5764200
2022-01-19,314.75,314.75,321.3500061035156,314.5799865722656,321.3500061035156,6086400
2022-01-20,311.010009765625,311.010009765625,317.17999267578125,310.67999267578125,315.5799865722656,4402300
2022-01-21,305.2200012207031,305.2200012207031,311.0199890136719,304.1400146484375,309.989990234375,6535400
2022-01-24,303.7300109863281,303.7300109863281,304.7300109863281,296.0799865722656,299.70001220703125,8504200
2022-01-25,307.19000244140625,307.19000244140625,309.1300048828125,294.80999755859375,301.8699951171875,6435400
2022-01-26,309.260009765625,309.260009765625,313.3299865722656,306.57000732421875,310.3999938964844,6119400
2022-01-27,307.6700134277344,307.6700134277344,315.9200134277344,305.30999755859375,311.70001220703125,5053200
2022-01-28,312.8999938964844,312.8999938964844,313.2900085449219,304.07000732421875,307.67999267578125,5238200
2022-01-31,313.0199890136719,313.0199890136719,313.29998779296875,307.8399963378906,312.0,5237600
2022-02-01,313.9599914550781,313.9599914550781,314.6000061035156,310.30999755859375,312.6400146484375,4347200
2022-02-02,319.6000061035156,319.6000061035156,320.1600036621094,313.0,313.57000732421875,4632200
2022-02-03,315.2300109863281,315.2300109863281,319.6499938964844,314.6099853515625,319.3299865722656,4151500
2022-02-04,314.989990234375,314.989990234375,317.8399963378906,312.70001220703125,315.8699951171875,3654700
2022-02-07,316.510009765625,316.510009765625,318.2200012207031,312.05999755859375,314.9100036621094,3129100
2022-02-08,321.44000244140625,321.44000244140625,322.6499938964844,316.0,318.2699890136719,6237800
2022-02-09,322.3800048828125,322.3800048828125,325.6300048828125,321.5400085449219,323.79998779296875,3995900
2022-02-10,319.8500061035156,319.8500061035156,322.4599914550781,318.489990234375,320.989990234375,7079700
2022-02-11,319.1400146484375,319.1400146484375,323.1199951171875,317.739990234375,320.010009765625,7493400
2022-02-14,314.2799987792969,314.2799987792969,320.42999267578125,312.1700134277344,319.6099853515625,8129100
2022-02-15,316.20001220703125,316.20001220703125,317.94000244140625,314.69000244140625,316.6400146484375,3681400
2022-02-16,315.6499938964844,315.6499938964844,316.8999938964844,314.2799987792969,315.0,3974100
2022-02-17,313.54998779296875,313.54998779296875,315.44000244140625,312.29998779296875,314.9800109863281,3632400
2022-02-18,314.79998779296875,314.79998779296875,315.67999267578125,313.0799865722656,313.8299865722656,4224500
2022-02-22,314.1600036621094,314.1600036621094,315.42999267578125,310.54998779296875,313.44000244140625,5102000
2022-02-23,309.989990234375,309.989990234375,316.79998779296875,309.3800048828125,316.0799865722656,5030600
2022-02-24,308.2799987792969,308.2799987792969,308.80999755859375,299.510009765625,301.7799987792969,8834700
2022-02-25,319.239990234375,319.239990234375,321.42999267578125,310.7799987792969,311.1600036621094,7484400
2022-02-28,321.45001220703125,321.45001220703125,322.0,315.19000244140625,317.3500061035156,7981000
2022-03-01,316.8399963378906,316.8399963378906,321.20001220703125,313.5899963378906,320.260009765625,6441400
2022-03-02,323.6400146484375,323.6400146484375,325.75,318.1199951171875,319.4800109863281,4506100
2022-03-03,327.739990234375,327.739990234375,329.4700012207031,323.8900146484375,326.6300048828125,4594300
2022-03-04,325.3399963378906,325.3399963378906,325.6099853515625,320.1199951171875,322.6600036621094,4901900
2022-03-07,322.7200012207031,322.7200012207031,326.44000244140625,320.3500061035156,325.67999267578125,5875800
2022-03-08,318.5199890136719,318.5199890136719,327.2900085449219,318.0299987792969,325.29998779296875,7905000
2022-03-09,325.3999938964844,325.3999938964844,327.4700012207031,322.5799865722656,326.5899963378906,5874500
2022-03-10,325.29998779296875,325.29998779296875,325.70001220703125,321.5799865722656,322.489990234375,3843600
2022-03-11,326.6000061035156,326.6000061035156,331.489990234375,326.2300109863281,326.5299987792969,5135700
2022-03-14,329.9800109863281,329.9800109863281,333.4800109863281,327.6499938964844,328.6499938964844,5967200
2022-03-15,332.54998779296875,332.54998779296875,334.5799865722656,329.3800048828125,332.70001220703125,6928300
2022-03-16,336.1099853515625,336.1099853515625,337.3399963378906,331.7099914550781,335.1099853515625,5925800
2022-03-17,344.9700012207031,344.9700012207031,345.1300048828125,336.20001220703125,337.0,7219800
2022-03-18,342.4100036621094,342.4100036621094,346.8699951171875,339.2699890136719,344.1199951171875,8881500
2022-03-21,349.6600036621094,349.6600036621094,351.2099914550781,344.29998779296875,344.989990234375,6298300
2022-03-22,349.92999267578125,349.92999267578125,354.95001220703125,348.8999938964844,351.010009765625,5772700
2022-03-23,348.1600036621094,348.1600036621094,350.7900085449219,346.25,349.1300048828125,5642400
2022-03-24,352.3699951171875,352.3699951171875,352.57000732421875,349.1300048828125,351.5,3946300
2022-03-25,358.760009765625,358.760009765625,359.010009765625,353.6000061035156,353.8999938964844,4583000
2022-03-28,359.57000732421875,359.57000732421875,361.3800048828125,355.5299987792969,360.5899963378906,4172900
2022-03-29,355.1199951171875,355.1199951171875,362.1000061035156,352.54998779296875,361.3900146484375,5004800
2022-03-30,357.6099853515625,357.6099853515625,357.8500061035156,351.8399963378906,354.6600036621094,3911200
2022-03-31,352.9100036621094,352.9100036621094,360.0,352.32000732421875,359.0,6065400
2022-04-01,351.8800048828125,351.8800048828125,354.5799865722656,349.0199890136719,353.6499938964844,4123800
2022-04-04,345.42999267578125,345.42999267578125,352.239990234375,344.30999755859375,352.0,5090000
2022-04-05,344.79998779296875,344.79998779296875,349.44000244140625,344.2799987792969,345.7699890136719,4244700
2022-04-06,344.7099914550781,344.7099914550781,346.9700012207031,340.54998779296875,341.1700134277344,4547400
2022-04-07,346.510009765625,346.510009765625,347.6700134277344,342.3999938964844,346.2200012207031,3815700
2022-04-08,353.1000061035156,353.1000061035156,353.8500061035156,347.7300109863281,348.92999267578125,4490500
2022-04-11,352.0199890136719,352.0199890136719,354.3299865722656,349.3399963378906,352.9800109863281,3128900
2022-04-12,349.739990234375,349.739990234375,354.0,348.3900146484375,352.260009765625,3548800
2022-04-13,346.2200012207031,346.2200012207031,350.7200012207031,345.25,349.4599914550781,3434200
2022-04-14,344.3299865722656,344.3299865722656,347.55999755859375,344.1400146484375,346.1600036621094,3283500
2022-04-18,346.6499938964844,346.6499938964844,347.19000244140625,343.5899963378906,344.45001220703125,2517100
2022-04-19,348.5,348.5,349.1300048828125,345.8500061035156,347.0,3392000
2022-04-20,348.82000732421875,348.82000732421875,350.5899963378906,347.70001220703125,350.0,3711200
2022-04-21,343.6000061035156,343.6000061035156,350.8599853515625,342.9599914550781,350.8599853515625,4032100
2022-04-22,335.55999755859375,335.55999755859375,343.2099914550781,335.1099853515625,342.94000244140625,4966500
2022-04-25,336.95001220703125,336.95001220703125,337.8500061035156,328.5299987792969,332.29998779296875,5695100
2022-04-26,330.6499938964844,330.6499938964844,337.3900146484375,330.3599853515625,333.5299987792969,4588900
2022-04-27,329.5799865722656,329.5799865722656,333.1400146484375,328.42999267578125,330.6000061035156,3726700
2022-04-28,331.2699890136719,331.2699890136719,332.05999755859375,327.8299865722656,331.5299987792969,3845800
2022-04-29,322.8299865722656,322.8299865722656,330.6400146484375,320.5,330.19000244140625,5685200
2022-05-02,318.19000244140625,318.19000244140625,324.3699951171875,311.739990234375,324.1099853515625,6797200
2022-05-03,318.989990234375,318.989990234375,323.5799865722656,317.6700134277344,319.4200134277344,3874700
2022-05-04,326.79998779296875,326.79998779296875,327.2799987792969,318.0,319.1000061035156,4269600
2022-05-05,318.67999267578125,318.67999267578125,325.8500061035156,315.1600036621094,325.8500061035156,5257600
2022-05-06,318.8800048828125,318.8800048828125,320.3699951171875,314.19000244140625,317.989990234375,4198800
2022-05-09,312.9599914550781,312.9599914550781,316.9200134277344,311.55999755859375,315.3500061035156,4874400
2022-05-10,312.5299987792969,312.5299987792969,318.1099853515625,310.239990234375,315.9599914550781,4798400
2022-05-11,311.5400085449219,311.5400085449219,317.54998779296875,311.010009765625,313.1700134277344,4250700
2022-05-12,308.05999755859375,308.05999755859375,309.07000732421875,302.54998779296875,307.95001220703125,5679800
2022-05-13,310.3599853515625,310.3599853515625,312.4700012207031,307.8999938964844,311.25,3767500
2022-05-16,309.2900085449219,309.2900085449219,311.95001220703125,307.1300048828125,310.2799987792969,3697600
2022-05-17,314.6000061035156,314.6000061035156,315.44000244140625,312.1000061035156,315.2099914550781,4154200
2022-05-18,306.6400146484375,306.6400146484375,314.1700134277344,305.57000732421875,312.94000244140625,4417900
2022-05-19,304.1499938964844,304.1499938964844,306.30999755859375,301.2099914550781,303.92999267578125,4730100
2022-05-20,304.04998779296875,304.04998779296875,307.4599914550781,298.1099853515625,307.04998779296875,5517600
2022-05-23,310.20001220703125,310.20001220703125,312.44000244140625,306.6199951171875,307.3800048828125,4142100
2022-05-24,309.1700134277344,309.1700134277344,310.30999755859375,303.75,309.3900146484375,3657600
2022-05-25,308.6400146484375,308.6400146484375,310.989990234375,305.9200134277344,308.5899963378906,3704800
2022-05-26,312.5,312.5,314.3900146484375,310.9800109863281,311.2699890136719,4472000
2022-05-27,319.1099853515625,319.1099853515625,319.239990234375,314.1499938964844,314.7300109863281,4280100
2022-05-31,315.9800109863281,315.9800109863281,318.9800109863281,314.79998779296875,318.9800109863281,5675800
2022-06-01,312.2099914550781,312.2099914550781,316.7900085449219,309.6099853515625,316.0,3795700
2022-06-02,314.95001220703125,314.95001220703125,315.0899963378906,308.6099853515625,312.6499938964844,3119300
2022-06-03,310.94000244140625,310.94000244140625,313.79998779296875,310.3999938964844,312.5,2587500
2022-06-06,312.1499938964844,312.1499938964844,315.7799987792969,311.4800109863281,313.3800048828125,2980900
2022-06-07,313.6499938964844,313.6499938964844,313.7900085449219,309.3900146484375,310.5799865722656,2550700
2022-06-08,308.739990234375,308.739990234375,312.79998779296875,307.92999267578125,312.1600036621094,2877400
2022-06-09,300.79998779296875,300.79998779296875,308.3800048828125,300.57000732421875,308.1000061035156,3217400
2022-06-10,291.7099914550781,291.7099914550781,298.0,291.6099853515625,296.0799865722656,5882600
2022-06-13,281.55999755859375,281.55999755859375,287.42999267578125,280.1000061035156,285.42999267578125,7109100
2022-06-14,277.6400146484375,277.6400146484375,283.9599914550781,276.1000061035156,282.0899963378906,5838100
2022-06-15,278.92999267578125,278.92999267578125,282.5,273.8699951171875,281.1600036621094,5821200
2022-06-16,268.55999755859375,268.55999755859375,273.3999938964844,266.8800048828125,273.3900146484375,7199200
2022-06-17,268.0799865722656,268.0799865722656,270.5,265.67999267578125,268.3900146484375,11562000
2022-06-21,271.7699890136719,271.7699890136719,273.9800109863281,270.3399963378906,273.8500061035156,4906700
2022-06-22,269.7900085449219,269.7900085449219,273.3999938964844,267.3800048828125,267.3800048828125,4220700
2022-06-23,267.5199890136719,267.5199890136719,270.7099914550781,263.67999267578125,269.8500061035156,4727400
2022-06-24,278.2799987792969,278.2799987792969,279.6700134277344,268.57000732421875,268.9700012207031,6451900
2022-06-27,278.3999938964844,278.3999938964844,282.0299987792969,277.6099853515625,280.5299987792969,4134800
2022-06-28,273.8599853515625,273.8599853515625,282.45001220703125,273.67999267578125,280.510009765625,3868000
2022-06-29,273.489990234375,273.489990234375,275.94000244140625,272.9700012207031,274.95001220703125,2995900
2022-06-30,273.0199890136719,273.0199890136719,274.9200134277344,268.67999267578125,270.510009765625,4623500
2022-07-01,277.5,277.5,278.3999938964844,271.6300048828125,272.5,3667300
2022-07-05,275.69000244140625,275.69000244140625,275.8599853515625,271.3900146484375,274.20001220703125,3676900
2022-07-06,275.6499938964844,275.6499938964844,277.510009765625,272.8699951171875,274.8399963378906,3033900
2022-07-07,279.2799987792969,279.2799987792969,279.5899963378906,277.1000061035156,277.5,3949700
2022-07-08,280.8299865722656,280.8299865722656,282.6099853515625,279.25,279.7900085449219,2983400
2022-07-11,278.510009765625,278.510009765625,281.4599914550781,277.8699951171875,279.3800048828125,2864400
2022-07-12,277.2799987792969,277.2799987792969,282.17999267578125,276.6499938964844,277.57000732421875,3033000
2022-07-13,277.4700012207031,277.4700012207031,280.0899963378906,274.45001220703125,275.3699951171875,4197400
2022-07-14,274.4100036621094,274.4100036621094,275.3500061035156,271.20001220703125,273.0,3888500
2022-07-15,278.4800109863281,278.4800109863281,280.0,276.05999755859375,277.5299987792969,4547400
2022-07-18,276.260009765625,276.260009765625,281.5,275.2099914550781,281.5,3273800
2022-07-19,283.54998779296875,283.54998779296875,284.0799865722656,278.1700134277344,279.0,3590200
2022-07-20,286.0400085449219,286.0400085449219,286.44000244140625,283.8999938964844,284.6400146484375,3877200
2022-07-21,286.8500061035156,286.8500061035156,287.239990234375,282.0899963378906,287.0,3699000
2022-07-22,285.92999267578125,285.92999267578125,289.3999938964844,283.6199951171875,288.1000061035156,2876100
2022-07-25,287.989990234375,287.989990234375,289.07000732421875,285.1499938964844,287.2099914550781,3136300
2022-07-26,285.30999755859375,285.30999755859375,288.7099914550781,284.6499938964844,287.7900085449219,2512200
2022-07-27,290.29998779296875,290.29998779296875,291.55999755859375,285.70001220703125,287.6700134277344,3613200
2022-07-28,293.8999938964844,293.8999938964844,294.0299987792969,286.7699890136719,291.17999267578125,3986900
2022-07-29,300.6000061035156,300.6000061035156,302.3999938964844,295.42999267578125,297.4200134277344,6976200
2022-08-01,295.8599853515625,295.8599853515625,299.70001220703125,294.8299865722656,299.70001220703125,4192700
2022-08-02,292.1700134277344,292.1700134277344,295.5299987792969,291.9200134277344,294.8699951171875,3166500
2022-08-03,294.9599914550781,294.9599914550781,295.8800048828125,291.1000061035156,295.04998779296875,4061400
2022-08-04,292.9100036621094,292.9100036621094,295.9800109863281,292.6199951171875,294.7300109863281,3946200
2022-08-05,292.07000732421875,292.07000732421875,294.1000061035156,290.42999267578125,291.8699951171875,3395400
2022-08-08,292.3399963378906,292.3399963378906,299.3299865722656,292.2699890136719,294.8699951171875,3965600
2022-08-09,292.7699890136719,292.7699890136719,297.57000732421875,291.92999267578125,293.3500061035156,3872100
2022-08-10,295.1099853515625,295.1099853515625,296.92999267578125,294.1000061035156,296.4800109863281,3705700
2022-08-11,296.4700012207031,296.4700012207031,299.05999755859375,296.1199951171875,298.0,3144800
2022-08-12,301.54998779296875,301.54998779296875,301.69000244140625,297.0,297.8999938964844,3231300
2022-08-15,302.82000732421875,302.82000732421875,303.760009765625,297.3999938964844,298.6400146484375,2927200
2022-08-16,306.6499938964844,306.6499938964844,308.1499938964844,303.760009765625,304.989990234375,3342600
2022-08-17,304.260009765625,304.260009765625,306.8900146484375,302.739990234375,305.2200012207031,2962600
2022-08-18,304.2699890136719,304.2699890136719,304.57000732421875,301.54998779296875,304.44000244140625,2783100
2022-08-19,297.2799987792969,297.2799987792969,303.2200012207031,296.80999755859375,302.95001220703125,4613100
2022-08-22,288.69000244140625,288.69000244140625,294.4700012207031,287.8599853515625,294.0,4713900
2022-08-23,289.6499938964844,289.6499938964844,291.6400146484375,288.1499938964844,288.8500061035156,2592100
2022-08-24,293.5199890136719,293.5199890136719,294.0,289.4599914550781,290.0,3266100
2022-08-25,298.1300048828125,298.1300048828125,298.4800109863281,292.8299865722656,293.7099914550781,3463700
2022-08-26,289.9599914550781,289.9599914550781,299.6300048828125,289.6499938964844,299.4100036621094,5277200
2022-08-29,287.45001220703125,287.45001220703125,289.8299865722656,285.75,288.3999938964844,3098300
2022-08-30,285.4200134277344,285.4200134277344,289.32000732421875,284.7699890136719,288.7200012207031,3213700
2022-08-31,280.79998779296875,280.79998779296875,288.010009765625,280.44000244140625,287.25,4999600
2022-09-01,282.42999267578125,282.42999267578125,282.67999267578125,277.30999755859375,279.95001220703125,3765000
2022-09-02,277.6700134277344,277.6700134277344,285.4200134277344,276.3699951171875,284.8399963378906,3793600
2022-09-06,276.5899963378906,276.5899963378906,279.489990234375,275.3599853515625,278.010009765625,4362900
2022-09-07,281.0400085449219,281.0400085449219,281.739990234375,275.4200134277344,275.739990234375,3509900
2022-09-08,283.3399963378906,283.3399963378906,283.3999938964844,277.2900085449219,278.5799865722656,3542300
2022-09-09,285.7699890136719,285.7699890136719,287.0199890136719,284.1300048828125,284.5400085449219,3125100
2022-09-12,288.510009765625,288.510009765625,289.239990234375,286.0299987792969,286.70001220703125,3407900
2022-09-13,278.2900085449219,278.2900085449219,285.1400146484375,277.5,283.989990234375,4582700
2022-09-14,278.4200134277344,278.4200134277344,280.2099914550781,275.6400146484375,279.0,3718400
2022-09-15,276.70001220703125,276.70001220703125,281.2699890136719,276.3599853515625,278.69000244140625,3274500
2022-09-16,274.80999755859375,274.80999755859375,276.3800048828125,273.260009765625,275.3500061035156,7288900
2022-09-19,278.95001220703125,278.95001220703125,279.1300048828125,272.7200012207031,272.7900085449219,3291500
2022-09-20,277.1300048828125,277.1300048828125,278.0400085449219,274.6099853515625,277.1700134277344,3275600
2022-09-21,270.739990234375,270.739990234375,278.9200134277344,270.7200012207031,278.8999938964844,3941800
2022-09-22,268.510009765625,268.510009765625,271.5,268.2699890136719,271.0299987792969,4120900
2022-09-23,267.7699890136719,267.7699890136719,268.1400146484375,264.239990234375,266.010009765625,5175100
2022-09-26,264.32000732421875,264.32000732421875,267.8399963378906,263.3699951171875,265.82000732421875,4929300
2022-09-27,265.4700012207031,265.4700012207031,267.92999267578125,261.54998779296875,266.989990234375,5767700
2022-09-28,271.7799987792969,271.7799987792969,273.6000061035156,264.9100036621094,265.6499938964844,5941800
2022-09-29,269.5799865722656,269.5799865722656,272.1700134277344,265.5899963378906,269.8900146484375,5210700
2022-09-30,267.0199890136719,267.0199890136719,272.94000244140625,266.6000061035156,269.2099914550781,6057500
2022-10-03,272.79998779296875,272.79998779296875,274.57000732421875,267.1600036621094,269.5199890136719,4901000
2022-10-04,280.489990234375,280.489990234375,281.29998779296875,276.6000061035156,277.4200134277344,4633700
2022-10-05,279.3599853515625,279.3599853515625,280.8800048828125,275.8399963378906,276.8699951171875,3350400
2022-10-06,276.30999755859375,276.30999755859375,279.8500061035156,275.8999938964844,278.20001220703125,3394000
2022-10-07,269.0400085449219,269.0400085449219,274.5,267.4800109863281,274.44000244140625,4270200
2022-10-10,266.92999267578125,266.92999267578125,270.2099914550781,265.8599853515625,269.8900146484375,3106500
2022-10-11,267.30999755859375,267.30999755859375,270.9700012207031,265.6099853515625,266.1000061035156,3442000
2022-10-12,264.0,264.0,267.5199890136719,263.9599914550781,267.30999755859375,3342400
2022-10-13,275.7799987792969,275.7799987792969,276.7799987792969,259.8500061035156,260.5799865722656,5483400
2022-10-14,272.6700134277344,272.6700134277344,279.2200012207031,271.9700012207031,277.5899963378906,4292300
2022-10-17,277.0199890136719,277.0199890136719,278.5899963378906,275.29998779296875,276.4800109863281,4452100
2022-10-18,281.6700134277344,281.6700134277344,283.3599853515625,279.25,282.739990234375,4292700
2022-10-19,278.3399963378906,278.3399963378906,282.3800048828125,276.9700012207031,280.3299865722656,3213700
2022-10-20,273.5299987792969,273.5299987792969,279.44000244140625,273.0,278.07000732421875,3916600
2022-10-21,282.510009765625,282.510009765625,282.9200134277344,271.4599914550781,273.760009765625,4995400
2022-10-24,287.4800109863281,287.4800109863281,289.3399963378906,283.989990234375,284.1000061035156,3860000
2022-10-25,289.239990234375,289.239990234375,289.8699951171875,286.8800048828125,288.7699890136719,3171000
2022-10-26,288.5199890136719,288.5199890136719,291.79998779296875,287.67999267578125,289.75,3294100
2022-10-27,289.8800048828125,289.8800048828125,294.0,288.8500061035156,290.30999755859375,4273800
2022-10-28,299.6300048828125,299.6300048828125,299.9800109863281,291.4800109863281,292.7699890136719,4627600
2022-10-31,295.0899963378906,295.0899963378906,298.8900146484375,294.8500061035156,297.9800109863281,4626400
2022-11-01,294.1300048828125,294.1300048828125,298.8699951171875,293.0400085449219,298.45001220703125,3837000
2022-11-02,289.4599914550781,289.4599914550781,298.260009765625,289.4200134277344,293.0400085449219,4269000
2022-11-03,283.8500061035156,283.8500061035156,287.4700012207031,283.4599914550781,286.0199890136719,3122900
2022-11-04,287.4700012207031,287.4700012207031,289.20001220703125,282.3800048828125,286.7699890136719,3925300
2022-11-07,290.19000244140625,290.19000244140625,292.1000061035156,288.6499938964844,290.9200134277344,3522000
2022-11-08,292.6099853515625,292.6099853515625,294.739990234375,289.010009765625,291.1099853515625,3562200
2022-11-09,288.6499938964844,288.6499938964844,292.3999938964844,288.05999755859375,291.9800109863281,2759300
2022-11-10,303.20001220703125,303.20001220703125,303.5,294.5400085449219,297.1099853515625,5693100
2022-11-11,309.7200012207031,309.7200012207031,311.3299865722656,302.6000061035156,305.55999755859375,6570200
2022-11-14,308.9100036621094,308.9100036621094,311.8399963378906,308.8399963378906,310.0,4637600
2022-11-15,309.9800109863281,309.9800109863281,313.8900146484375,307.17999267578125,313.6700134277344,4372400
2022-11-16,308.760009765625,308.760009765625,311.54998779296875,306.739990234375,310.92999267578125,2970600
2022-11-17,307.44000244140625,307.44000244140625,307.6199951171875,304.1499938964844,305.70001220703125,3062200
2022-11-18,310.760009765625,310.760009765625,311.20001220703125,308.6199951171875,310.54998779296875,3395500
2022-11-21,311.20001220703125,311.20001220703125,312.8999938964844,308.5799865722656,310.80999755859375,2862000
2022-11-22,315.760009765625,315.760009765625,316.55999755859375,312.04998779296875,313.0,3172000
2022-11-23,316.17999267578125,316.17999267578125,316.42999267578125,314.07000732421875,315.3900146484375,2684900
2022-11-25,317.42999267578125,317.42999267578125,319.1199951171875,316.17999267578125,317.5199890136719,1844900
2022-11-28,313.2699890136719,313.2699890136719,317.6400146484375,312.3299865722656,316.25,4230700
2022-11-29,315.1300048828125,315.1300048828125,315.2900085449219,311.3500061035156,311.8900146484375,3740100
2022-11-30,318.6000061035156,318.6000061035156,318.6000061035156,308.70001220703125,315.1300048828125,7919700
2022-12-01,315.8399963378906,315.8399963378906,319.55999755859375,313.29998779296875,319.0,4351600
2022-12-02,316.1499938964844,316.1499938964844,316.3800048828125,312.75,313.489990234375,3025700
2022-12-05,310.57000732421875,310.57000732421875,315.6600036621094,308.7300109863281,315.2200012207031,3835800
2022-12-06,307.7799987792969,307.7799987792969,310.2900085449219,306.3500061035156,309.95001220703125,3877400
2022-12-07,305.82000732421875,305.82000732421875,309.3800048828125,304.9200134277344,307.07000732421875,4130800
2022-12-08,305.989990234375,305.989990234375,307.489990234375,305.0899963378906,306.0,2351700
2022-12-09,306.3900146484375,306.3900146484375,308.3399963378906,304.7099914550781,305.32000732421875,3326000
2022-12-12,311.45001220703125,311.45001220703125,311.9100036621094,305.4599914550781,307.54998779296875,4366700
2022-12-13,312.3299865722656,312.3299865722656,318.9100036621094,310.82000732421875,318.3999938964844,5042800
2022-12-14,309.2900085449219,309.2900085449219,316.3599853515625,308.3999938964844,312.739990234375,4056900
2022-12-15,301.9100036621094,301.9100036621094,306.9599914550781,299.45001220703125,306.42999267578125,5103900
2022-12-16,300.0,300.0,302.4700012207031,297.760009765625,299.04998779296875,8305700
2022-12-19,300.0299987792969,300.0299987792969,301.4800109863281,297.1499938964844,300.510009765625,3842200
2022-12-20,302.0,302.0,304.19000244140625,297.0,300.0899963378906,3090700
2022-12-21,307.82000732421875,307.82000732421875,308.5400085449219,304.1600036621094,304.3800048828125,3264600
2022-12-22,302.69000244140625,302.69000244140625,306.5,297.6400146484375,306.1000061035156,3560100
2022-12-23,306.489990234375,306.489990234375,306.57000732421875,300.92999267578125,302.8800048828125,2460400
2022-12-27,305.54998779296875,305.54998779296875,308.5799865722656,304.6499938964844,306.45001220703125,2730900
2022-12-28,303.42999267578125,303.42999267578125,307.4599914550781,303.260009765625,304.7699890136719,2628200
2022-12-29,309.05999755859375,309.05999755859375,309.3800048828125,305.239990234375,305.94000244140625,2846200
2022-12-30,308.8999938964844,308.8999938964844,309.0400085449219,305.6199951171875,306.95001220703125,3298300
2023-01-03,309.9100036621094,309.9100036621094,312.3900146484375,307.3800048828125,310.07000732421875,3549900
2023-01-04,314.54998779296875,314.54998779296875,316.8900146484375,311.25,312.0,5121200
2023-01-05,312.8999938964844,312.8999938964844,314.2300109863281,310.0,313.57000732421875,3416300
2023-01-06,318.69000244140625,318.69000244140625,320.1600036621094,313.3800048828125,315.0,3647900
2023-01-09,315.5299987792969,315.5299987792969,320.5,314.75,319.0199890136719,4397400
2023-01-10,316.3500061035156,316.3500061035156,316.79998779296875,313.3399963378906,315.0,3049100
2023-01-11,320.3699951171875,320.3699951171875,320.57000732421875,316.6000061035156,318.5199890136719,2999500
2023-01-12,318.92999267578125,318.92999267578125,321.32000732421875,317.7200012207031,321.1499938964844,3070300
2023-01-13,317.6400146484375,317.6400146484375,318.4200134277344,315.7900085449219,317.489990234375,2773000
2023-01-17,314.8599853515625,314.8599853515625,318.5199890136719,314.25,318.3999938964844,3478900
2023-01-18,308.29998779296875,308.29998779296875,315.5400085449219,307.75,315.0,3406000
2023-01-19,305.2300109863281,305.2300109863281,307.239990234375,303.8599853515625,306.1199951171875,3614600
2023-01-20,309.8699951171875,309.8699951171875,310.010009765625,304.3599853515625,305.2099914550781,3770100
2023-01-23,310.4200134277344,310.4200134277344,312.7300109863281,306.8500061035156,309.6300048828125,3086700
2023-01-24,311.29998779296875,311.29998779296875,312.8299865722656,307.5,309.29998779296875,2234300
2023-01-25,311.8999938964844,311.8999938964844,312.54998779296875,307.7099914550781,308.3299865722656,2299800
2023-01-26,310.95001220703125,310.95001220703125,313.67999267578125,309.5799865722656,312.989990234375,2856600
2023-01-27,309.1700134277344,309.1700134277344,311.7300109863281,308.3399963378906,309.7900085449219,3031200
2023-01-30,307.3299865722656,307.3299865722656,309.510009765625,306.80999755859375,307.6000061035156,3474600
2023-01-31,311.5199890136719,311.5199890136719,311.8599853515625,305.7900085449219,307.739990234375,3653400
2023-02-01,310.57000732421875,310.57000732421875,312.6700134277344,306.3800048828125,309.6300048828125,3518300
2023-02-02,311.8599853515625,311.8599853515625,312.6000061035156,308.29998779296875,312.3500061035156,4421400
2023-02-03,308.510009765625,308.510009765625,311.54998779296875,305.9200134277344,311.0,5385700
2023-02-06,308.42999267578125,308.42999267578125,308.79998779296875,305.6000061035156,308.25,2973100
2023-02-07,312.9700012207031,312.9700012207031,314.1499938964844,306.6300048828125,307.29998779296875,3786700
2023-02-08,308.4800109863281,308.4800109863281,313.4100036621094,308.010009765625,311.1199951171875,3370000
2023-02-09,307.2099914550781,307.2099914550781,311.4200134277344,306.989990234375,310.1700134277344,3461200
2023-02-10,309.8900146484375,309.8900146484375,309.9800109863281,305.2799987792969,307.0799865722656,2808000
2023-02-13,313.739990234375,313.739990234375,313.739990234375,309.6199951171875,310.29998779296875,3261500
2023-02-14,310.7900085449219,310.7900085449219,314.1000061035156,309.0400085449219,313.7799987792969,2907100
2023-02-15,309.6300048828125,309.6300048828125,310.3699951171875,308.2799987792969,309.9800109863281,2410700
2023-02-16,308.17999267578125,308.17999267578125,310.20001220703125,306.8699951171875,307.5799865722656,2801700
2023-02-17,308.239990234375,308.239990234375,308.4100036621094,305.4800109863281,307.1499938964844,2720500
2023-02-21,302.7200012207031,302.7200012207031,307.29998779296875,300.5,306.1700134277344,4131100
2023-02-22,303.1600036621094,303.1600036621094,305.2699890136719,301.7699890136719,303.20001220703125,2899500
2023-02-23,303.07000732421875,303.07000732421875,305.55999755859375,300.25,305.010009765625,2736400
2023-02-24,304.0199890136719,304.0199890136719,305.6199951171875,300.010009765625,300.3999938964844,3656200
2023-02-27,304.6600036621094,304.6600036621094,305.7799987792969,302.010009765625,304.3699951171875,3652200
2023-02-28,305.17999267578125,305.17999267578125,306.1499938964844,303.4100036621094,304.8900146484375,4736800
2023-03-01,304.6199951171875,304.6199951171875,305.6199951171875,302.0799865722656,304.0199890136719,3397200
2023-03-02,307.75,307.75,308.1000061035156,301.45001220703125,303.6600036621094,3152100
2023-03-03,312.45001220703125,312.45001220703125,312.6600036621094,308.5,309.55999755859375,4493000
2023-03-06,316.9700012207031,316.9700012207031,317.2900085449219,312.42999267578125,312.82000732421875,4889800
2023-03-07,311.1199951171875,311.1199951171875,316.5,310.2300109863281,316.3900146484375,3609700
2023-03-08,311.3699951171875,311.3699951171875,312.67999267578125,309.25,310.7200012207031,2701600
2023-03-09,304.82000732421875,304.82000732421875,313.17999267578125,303.94000244140625,311.0,3929500
2023-03-10,303.6300048828125,303.6300048828125,306.7200012207031,301.9200134277344,302.95001220703125,5294800
2023-03-13,302.8800048828125,302.8800048828125,306.5899963378906,300.760009765625,301.75,4993000
2023-03-14,305.3299865722656,305.3299865722656,307.54998779296875,301.67999267578125,306.9200134277344,5251500
2023-03-15,297.8800048828125,297.8800048828125,300.54998779296875,294.8999938964844,300.0199890136719,7162800
2023-03-16,302.010009765625,302.010009765625,304.42999267578125,295.3599853515625,296.3699951171875,6325700
2023-03-17,293.510009765625,293.510009765625,301.29998779296875,292.4200134277344,301.29998779296875,15609400
2023-03-20,301.05999755859375,301.05999755859375,301.510009765625,295.05999755859375,295.57000732421875,6056000
2023-03-21,303.8500061035156,303.8500061035156,305.6300048828125,302.25,304.55999755859375,4724000
2023-03-22,299.7300109863281,299.7300109863281,307.04998779296875,299.6499938964844,303.7200012207031,3086300
2023-03-23,298.3699951171875,298.3699951171875,302.0799865722656,296.29998779296875,301.3900146484375,4015800
2023-03-24,298.9200134277344,298.9200134277344,299.5,293.3900146484375,294.67999267578125,3905400
2023-03-27,302.1400146484375,302.1400146484375,303.2099914550781,298.9700012207031,300.8800048828125,3833900
2023-03-28,302.32000732421875,302.32000732421875,302.7200012207031,300.5899963378906,301.92999267578125,2436500
2023-03-29,305.29998779296875,305.29998779296875,305.3800048828125,303.3599853515625,304.79998779296875,2650000
2023-03-30,305.0799865722656,305.0799865722656,307.4700012207031,302.5799865722656,307.0899963378906,2694000
2023-03-31,308.7699890136719,308.7699890136719,308.80999755859375,304.989990234375,305.8999938964844,5020200
2023-04-03,310.30999755859375,310.30999755859375,311.5,308.239990234375,309.25,4862300
2023-04-04,309.07000732421875,309.07000732421875,311.0,307.07000732421875,310.760009765625,2740300
2023-04-05,310.3900146484375,310.3900146484375,311.07000732421875,307.8500061035156,307.8500061035156,2314500
2023-04-06,312.510009765625,312.510009765625,313.2200012207031,309.04998779296875,309.82000732421875,3131400
2023-04-10,312.6199951171875,312.6199951171875,313.70001220703125,310.3299865722656,311.4100036621094,2330900
2023-04-11,313.70001220703125,313.70001220703125,315.94000244140625,311.7699890136719,312.55999755859375,3109500
2023-04-12,314.54998779296875,314.54998779296875,316.9200134277344,313.7200012207031,315.9700012207031,2662600
2023-04-13,318.04998779296875,318.04998779296875,318.80999755859375,313.260009765625,315.2699890136719,3323300
2023-04-14,319.739990234375,319.739990234375,321.8800048828125,318.1199951171875,318.8900146484375,2975400
2023-04-17,323.7900085449219,323.7900085449219,323.9800109863281,319.0,320.20001220703125,3425500
2023-04-18,324.6300048828125,324.6300048828125,325.7200012207031,322.5,324.95001220703125,3581200
2023-04-19,323.0899963378906,323.0899963378906,324.54998779296875,322.760009765625,323.8500061035156,2406200
2023-04-20,323.82000732421875,323.82000732421875,324.3699951171875,321.32000732421875,322.20001220703125,2428400
2023-04-21,324.3299865722656,324.3299865722656,324.8500061035156,321.6099853515625,322.3599853515625,2405700
2023-04-24,326.04998779296875,326.04998779296875,326.3999938964844,324.29998779296875,324.42999267578125,2261900
2023-04-25,324.3399963378906,324.3399963378906,327.1000061035156,324.1099853515625,325.989990234375,2552200
2023-04-26,320.5299987792969,320.5299987792969,323.739990234375,319.0,323.30999755859375,2718600
2023-04-27,326.2300109863281,326.2300109863281,326.9100036621094,322.1099853515625,322.8599853515625,2950000
2023-04-28,328.54998779296875,328.54998779296875,328.80999755859375,325.19000244140625,325.44000244140625,2909600
2023-05-01,330.1700134277344,330.1700134277344,331.8399963378906,328.57000732421875,329.1600036621094,2461300
2023-05-02,325.8599853515625,325.8599853515625,330.25,322.760009765625,330.1499938964844,3366500
2023-05-03,323.2200012207031,323.2200012207031,328.07000732421875,323.05999755859375,327.1300048828125,2653800
2023-05-04,320.0,320.0,325.989990234375,317.4100036621094,323.44000244140625,3185600
2023-05-05,323.8800048828125,323.8800048828125,325.1600036621094,322.6199951171875,323.3599853515625,3869500
2023-05-08,326.1400146484375,326.1400146484375,330.69000244140625,325.7900085449219,328.260009765625,3302400
2023-05-09,324.8699951171875,324.8699951171875,326.8800048828125,323.4800109863281,324.8699951171875,2283400
2023-05-10,322.989990234375,322.989990234375,326.1600036621094,320.1499938964844,326.0799865722656,2639800
2023-05-11,322.6400146484375,322.6400146484375,322.9599914550781,319.80999755859375,321.0,2548900
2023-05-12,322.489990234375,322.489990234375,324.239990234375,320.5400085449219,323.82000732421875,1937300
2023-05-15,323.5299987792969,323.5299987792969,323.8299865722656,320.1300048828125,322.8900146484375,2190000
2023-05-16,323.75,323.75,324.69000244140625,322.3599853515625,322.4599914550781,2139500
2023-05-17,327.3900146484375,327.3900146484375,328.260009765625,324.82000732421875,325.0199890136719,3046800
2023-05-18,329.760009765625,329.760009765625,329.9800109863281,325.8500061035156,326.8699951171875,2805000
2023-05-19,330.3900146484375,330.3900146484375,333.94000244140625,329.1199951171875,331.0,4322900
2023-05-22,329.1300048828125,329.1300048828125,331.489990234375,328.3500061035156,330.75,2762500
2023-05-23,323.1099853515625,323.1099853515625,329.2699890136719,322.9700012207031,328.19000244140625,4029300
2023-05-24,320.20001220703125,320.20001220703125,323.0,319.55999755859375,322.7099914550781,3071500
2023-05-25,319.0199890136719,319.0199890136719,320.55999755859375,317.7099914550781,320.55999755859375,4245400
2023-05-26,320.6000061035156,320.6000061035156,322.6300048828125,319.6700134277344,320.44000244140625,3229400
2023-05-30,322.19000244140625,322.19000244140625,322.4700012207031,319.0,321.8599853515625,3231800
2023-05-31,321.0799865722656,321.0799865722656,322.4100036621094,319.3900146484375,321.1199951171875,6175000
2023-06-01,323.1199951171875,323.1199951171875,323.2200012207031,319.5299987792969,321.4200134277344,3375300
2023-06-02,329.4800109863281,329.4800109863281,330.6700134277344,324.4200134277344,325.1600036621094,3962200
2023-06-05,328.5799865722656,328.5799865722656,330.8900146484375,327.57000732421875,330.8900146484375,3091800
2023-06-06,333.4100036621094,333.4100036621094,334.1600036621094,328.67999267578125,329.0400085449219,3181400
2023-06-07,335.4200134277344,335.4200134277344,335.82000732421875,331.42999267578125,334.010009765625,3727800
2023-06-08,335.95001220703125,335.95001220703125,336.32000732421875,334.1000061035156,335.489990234375,2759300
2023-06-09,335.2900085449219,335.2900085449219,337.5899963378906,334.9200134277344,335.760009765625,2619200
2023-06-12,333.6000061035156,333.6000061035156,335.3500061035156,332.2200012207031,335.1600036621094,2873400
2023-06-13,336.3900146484375,336.3900146484375,336.6199951171875,332.20001220703125,333.2200012207031,2953000
2023-06-14,335.8999938964844,335.8999938964844,340.3800048828125,334.0899963378906,337.2200012207031,5164600
2023-06-15,339.82000732421875,339.82000732421875,341.67999267578125,335.5400085449219,335.9700012207031,4095200
2023-06-16,338.30999755859375,338.30999755859375,341.29998779296875,337.6600036621094,341.0199890136719,8486200
2023-06-20,338.6700134277344,338.6700134277344,339.2799987792969,336.6199951171875,338.1499938964844,3751700
2023-06-21,338.6099853515625,338.6099853515625,341.3500061035156,336.3699951171875,337.29998779296875,4507000
2023-06-22,336.9599914550781,336.9599914550781,338.8500061035156,335.6600036621094,338.8399963378906,3303300
2023-06-23,335.25,335.25,337.4700012207031,334.19000244140625,335.1000061035156,4451700
2023-06-26,334.1199951171875,334.1199951171875,335.8299865722656,331.8399963378906,335.1700134277344,3220900
2023-06-27,335.3399963378906,335.3399963378906,336.7300109863281,334.3699951171875,334.3900146484375,2625600
2023-06-28,334.1499938964844,334.1499938964844,336.3999938964844,332.6099853515625,336.04998779296875,3175100
2023-06-29,336.9100036621094,336.9100036621094,337.010009765625,334.1400146484375,334.260009765625,2498900
2023-06-30,341.0,341.0,342.5,338.3999938964844,338.7799987792969,4520600
2023-07-03,342.0,342.0,342.0799865722656,338.4100036621094,340.75,2047400
2023-07-05,341.55999755859375,341.55999755859375,341.8900146484375,338.70001220703125,340.04998779296875,2870700
2023-07-06,341.4599914550781,341.4599914550781,341.79998779296875,338.9100036621094,339.75,2548300
2023-07-07,340.8999938964844,340.8999938964844,344.07000732421875,340.3900146484375,340.5199890136719,2940800
2023-07-10,341.1300048828125,341.1300048828125,343.4800109863281,339.8699951171875,340.4800109863281,2966500
2023-07-11,343.3699951171875,343.3699951171875,343.8399963378906,340.92999267578125,341.2300109863281,2754900
2023-07-12,345.3500061035156,345.3500061035156,346.44000244140625,344.30999755859375,345.2900085449219,2897100
2023-07-13,343.5400085449219,343.5400085449219,346.2099914550781,343.45001220703125,345.6000061035156,2831800
2023-07-14,341.0899963378906,341.0899963378906,345.0,340.510009765625,344.989990234375,2669300
2023-07-17,344.25,344.25,345.7200012207031,341.0899963378906,341.0899963378906,2359500
2023-07-18,345.3399963378906,345.3399963378906,347.25,343.5400085449219,344.04998779296875,2565300
2023-07-19,342.42999267578125,342.42999267578125,345.3800048828125,341.989990234375,344.2099914550781,3032100
2023-07-20,346.6099853515625,346.6099853515625,346.7900085449219,342.8500061035156,343.0899963378906,3146000
2023-07-21,345.760009765625,345.760009765625,347.6199951171875,345.1000061035156,346.760009765625,3301900
2023-07-24,349.6300048828125,349.6300048828125,351.19000244140625,346.2799987792969,346.7699890136719,3269400
2023-07-25,347.5799865722656,347.5799865722656,349.6600036621094,345.5400085449219,349.32000732421875,3014000
2023-07-26,349.79998779296875,349.79998779296875,351.0899963378906,347.5199890136719,347.55999755859375,2682900
2023-07-27,349.30999755859375,349.30999755859375,351.2699890136719,348.6000061035156,350.69000244140625,2706700
2023-07-28,349.80999755859375,349.80999755859375,351.0,348.32000732421875,349.92999267578125,2473300
2023-07-31,351.9599914550781,351.9599914550781,352.3299865722656,350.2099914550781,350.7300109863281,2621600
2023-08-01,352.260009765625,352.260009765625,353.4200134277344,351.25,352.0299987792969,2293300
2023-08-02,351.19000244140625,351.19000244140625,352.8900146484375,349.69000244140625,351.45001220703125,3085900
2023-08-03,353.80999755859375,353.80999755859375,354.4700012207031,349.4200134277344,350.2900085449219,2942000
2023-08-04,349.989990234375,349.989990234375,355.1099853515625,349.3900146484375,353.989990234375,2842000
2023-08-07,362.5799865722656,362.5799865722656,364.6300048828125,355.1499938964844,355.7300109863281,5379900
2023-08-08,363.7300109863281,363.7300109863281,364.25,358.8500061035156,359.4200134277344,3428800
2023-08-09,358.0199890136719,358.0199890136719,364.42999267578125,356.05999755859375,364.20001220703125,4424600
2023-08-10,356.9800109863281,356.9800109863281,362.3500061035156,355.9200134277344,359.3599853515625,3098800
2023-08-11,358.3500061035156,358.3500061035156,359.25,353.20001220703125,356.260009765625,2475200
2023-08-14,358.4800109863281,358.4800109863281,358.95001220703125,356.80999755859375,358.25,1990700
2023-08-15,354.5,354.5,357.9200134277344,353.6700134277344,357.0,2863700
2023-08-16,354.1099853515625,354.1099853515625,358.7200012207031,353.3800048828125,354.6000061035156,2196100
2023-08-17,353.19000244140625,353.19000244140625,356.29998779296875,351.8800048828125,354.010009765625,2847700
2023-08-18,352.55999755859375,352.55999755859375,354.29998779296875,351.25,351.4700012207031,2870600
2023-08-21,352.0899963378906,352.0899963378906,354.17999267578125,349.6099853515625,354.0899963378906,2540000
2023-08-22,350.57000732421875,350.57000732421875,353.5,349.6600036621094,353.010009765625,2363300
2023-08-23,354.260009765625,354.260009765625,354.32000732421875,351.5400085449219,351.6300048828125,2239500
2023-08-24,354.29998779296875,354.29998779296875,357.2300109863281,354.1300048828125,354.3500061035156,2521100
2023-08-25,355.92999267578125,355.92999267578125,357.3500061035156,352.9200134277344,354.989990234375,2136800
2023-08-28,355.54998779296875,355.54998779296875,358.4100036621094,354.5299987792969,357.8900146484375,1728000
2023-08-29,358.2900085449219,358.2900085449219,358.5899963378906,354.010009765625,355.0400085449219,2285600
2023-08-30,361.05999755859375,361.05999755859375,362.67999267578125,358.6000061035156,358.6300048828125,3058300
2023-08-31,360.20001220703125,360.20001220703125,362.4700012207031,359.25,362.17999267578125,2842300
2023-09-01,362.4599914550781,362.4599914550781,363.3900146484375,360.6000061035156,362.0,2637900
2023-09-05,360.4700012207031,360.4700012207031,366.4700012207031,360.0,363.8800048828125,2976800
2023-09-06,361.6700134277344,361.6700134277344,362.79998779296875,359.260009765625,360.0199890136719,2655800
2023-09-07,361.79998779296875,361.79998779296875,363.29998779296875,360.8699951171875,360.9599914550781,3263800
2023-09-08,363.1499938964844,363.1499938964844,364.8299865722656,361.7699890136719,362.5199890136719,3019100
2023-09-11,365.5199890136719,365.5199890136719,366.6099853515625,364.510009765625,364.8699951171875,2921600
2023-09-12,367.7799987792969,367.7799987792969,370.42999267578125,365.4700012207031,365.6499938964844,2898400
2023-09-13,367.82000732421875,367.82000732421875,370.8399963378906,365.9700012207031,369.3299865722656,3261400
2023-09-14,369.5,369.5,370.2200012207031,368.260009765625,370.1000061035156,3670100
2023-09-15,367.8599853515625,367.8599853515625,370.20001220703125,367.5199890136719,368.5199890136719,11595000
2023-09-18,370.42999267578125,370.42999267578125,371.3299865722656,367.7900085449219,369.3299865722656,3130900
2023-09-19,370.4800109863281,370.4800109863281,373.3399963378906,368.4599914550781,371.6400146484375,2603700
2023-09-20,366.82000732421875,366.82000732421875,371.3399963378906,366.7300109863281,371.3299865722656,2268400
2023-09-21,363.2799987792969,363.2799987792969,367.20001220703125,362.94000244140625,366.55999755859375,3178600
2023-09-22,360.1600036621094,360.1600036621094,363.4200134277344,359.760009765625,362.7799987792969,3969400
2023-09-25,361.7099914550781,361.7099914550781,361.8900146484375,357.2699890136719,359.010009765625,2556200
2023-09-26,359.4200134277344,359.4200134277344,360.7900085449219,357.95001220703125,359.79998779296875,3063900
2023-09-27,357.7799987792969,357.7799987792969,360.5199890136719,354.2699890136719,360.010009765625,3535400
2023-09-28,357.05999755859375,357.05999755859375,359.4700012207031,356.6700134277344,357.79998779296875,2731700
2023-09-29,350.29998779296875,350.29998779296875,357.5,348.54998779296875,357.29998779296875,4932900
2023-10-02,348.0799865722656,348.0799865722656,350.0,345.4100036621094,349.6400146484375,3527600
2023-10-03,343.0400085449219,343.0400085449219,348.239990234375,342.1300048828125,347.3900146484375,3151700
2023-10-04,343.69000244140625,343.69000244140625,344.010009765625,339.510009765625,342.9200134277344,3244600
2023-10-05,345.05999755859375,345.05999755859375,345.94000244140625,342.3699951171875,343.70001220703125,3027300
2023-10-06,346.3399963378906,346.3399963378906,348.760009765625,341.8599853515625,344.1000061035156,3174700
2023-10-09,345.45001220703125,345.45001220703125,345.8999938964844,342.8299865722656,344.239990234375,2762800
2023-10-10,348.55999755859375,348.55999755859375,349.510009765625,345.5,347.0,2858600
2023-10-11,348.42999267578125,348.42999267578125,349.6000061035156,344.9200134277344,349.3800048828125,2620800
2023-10-12,345.6600036621094,345.6600036621094,348.6600036621094,343.0199890136719,348.2099914550781,2677500
2023-10-13,345.0899963378906,345.0899963378906,348.44000244140625,343.8800048828125,346.0,2804800
2023-10-16,346.2300109863281,346.2300109863281,349.94000244140625,345.8299865722656,348.0,3117800
2023-10-17,345.3900146484375,345.3900146484375,348.4100036621094,344.1499938964844,346.17999267578125,2998600
2023-10-18,340.8900146484375,340.8900146484375,344.8299865722656,339.9599914550781,344.7200012207031,2977100
2023-10-19,338.6600036621094,338.6600036621094,342.69000244140625,338.45001220703125,340.30999755859375,2741300
2023-10-20,335.8599853515625,335.8599853515625,340.0,334.3500061035156,338.1499938964844,3466100
2023-10-23,336.8399963378906,336.8399963378906,338.8800048828125,333.489990234375,334.07000732421875,2794200
2023-10-24,338.6300048828125,338.6300048828125,339.8500061035156,337.7699890136719,338.17999267578125,2355700
2023-10-25,336.8999938964844,336.8999938964844,339.6199951171875,336.54998779296875,338.5899963378906,2623200
2023-10-26,336.1600036621094,336.1600036621094,338.32000732421875,335.4599914550781,337.07000732421875,2685400
2023-10-27,331.7099914550781,331.7099914550781,336.19000244140625,330.5799865722656,336.1199951171875,3608200
2023-10-30,337.4100036621094,337.4100036621094,338.3599853515625,332.17999267578125,332.9599914550781,2634700
2023-10-31,341.3299865722656,341.3299865722656,341.489990234375,337.5,337.95001220703125,3066900
2023-11-01,343.75,343.75,345.3299865722656,340.5799865722656,341.2099914550781,2789700
2023-11-02,349.0199890136719,349.0199890136719,349.3900146484375,344.5,346.3900146484375,3433700
2023-11-03,351.80999755859375,351.80999755859375,354.3500061035156,349.7900085449219,350.1700134277344,4409100
2023-11-06,346.6300048828125,346.6300048828125,354.0299987792969,344.05999755859375,354.0299987792969,5486200
2023-11-07,346.1700134277344,346.1700134277344,346.95001220703125,344.29998779296875,346.80999755859375,3062900
2023-11-08,346.29998779296875,346.29998779296875,348.0,344.69000244140625,346.8500061035156,2602400
2023-11-09,348.17999267578125,348.17999267578125,350.1099853515625,346.8800048828125,347.6400146484375,3052100
2023-11-10,350.55999755859375,350.55999755859375,351.20001220703125,348.6000061035156,349.6000061035156,3701100
2023-11-13,350.010009765625,350.010009765625,350.6499938964844,348.80999755859375,350.0899963378906,2196200
2023-11-14,354.25,354.25,355.95001220703125,351.25,352.5199890136719,3387500
2023-11-15,356.7900085449219,356.7900085449219,357.30999755859375,354.4800109863281,355.0199890136719,3572900
2023-11-16,359.8599853515625,359.8599853515625,360.0,357.2300109863281,357.7900085449219,2822500
2023-11-17,358.92999267578125,358.92999267578125,360.55999755859375,358.07000732421875,360.4700012207031,3260000
2023-11-20,361.3299865722656,361.3299865722656,362.6099853515625,358.17999267578125,359.3500061035156,3215300
2023-11-21,361.0,361.0,363.0299987792969,360.25,360.5799865722656,2918800
2023-11-22,361.79998779296875,361.79998779296875,362.4599914550781,360.04998779296875,361.760009765625,2110200
2023-11-24,362.67999267578125,362.67999267578125,363.19000244140625,361.239990234375,362.510009765625,1282000
2023-11-27,361.3399963378906,361.3399963378906,362.6400146484375,359.5799865722656,362.6400146484375,2580300
2023-11-28,360.04998779296875,360.04998779296875,362.1199951171875,359.2099914550781,361.54998779296875,2953500
2023-11-29,358.69000244140625,358.69000244140625,361.5199890136719,358.29998779296875,360.95001220703125,3141100
2023-11-30,360.0,360.0,360.42999267578125,358.4200134277344,359.45001220703125,4606800
2023-12-01,357.07000732421875,357.07000732421875,360.239990234375,355.29998779296875,359.94000244140625,4705700
2023-12-04,356.6600036621094,356.6600036621094,357.8299865722656,353.7900085449219,355.9100036621094,3053400
2023-12-05,355.0299987792969,355.0299987792969,356.6000061035156,352.2900085449219,355.2300109863281,3061200
2023-12-06,352.3800048828125,352.3800048828125,357.45001220703125,351.8900146484375,356.1499938964844,3039100
2023-12-07,352.70001220703125,352.70001220703125,353.0199890136719,350.8500061035156,352.0,2830000
2023-12-08,353.0799865722656,353.0799865722656,353.6700134277344,351.0199890136719,353.0,3289000
2023-12-11,357.05999755859375,357.05999755859375,357.489990234375,354.2099914550781,355.0,3108400
2023-12-12,360.0199890136719,360.0199890136719,360.4100036621094,356.760009765625,357.8999938964844,3188800
2023-12-13,362.0299987792969,362.0299987792969,362.1499938964844,359.0400085449219,360.19000244140625,3132700
2023-12-14,358.1199951171875,358.1199951171875,364.04998779296875,356.3800048828125,364.04998779296875,5512300
2023-12-15,356.5,356.5,358.0,354.20001220703125,357.6300048828125,8578200
2023-12-18,359.6499938964844,359.6499938964844,361.1400146484375,357.0,357.4200134277344,4526400
2023-12-19,361.79998779296875,361.79998779296875,362.54998779296875,359.0899963378906,360.1499938964844,3084600
2023-12-20,355.3500061035156,355.3500061035156,361.6600036621094,355.1199951171875,361.5199890136719,3926700
2023-12-21,356.1400146484375,356.1400146484375,357.20001220703125,353.6300048828125,356.0199890136719,2851200
2023-12-22,356.4700012207031,356.4700012207031,358.260009765625,355.4100036621094,356.5,2332200
2023-12-26,356.8299865722656,356.8299865722656,357.7699890136719,356.0799865722656,356.8999938964844,1964400
2023-12-27,356.95001220703125,356.95001220703125,357.0799865722656,355.5,355.92999267578125,2478500
2023-12-28,357.57000732421875,357.57000732421875,358.67999267578125,356.7300109863281,357.4800109863281,2740600
2023-12-29,356.6600036621094,356.6600036621094,357.8599853515625,355.30999755859375,357.55999755859375,3269400
2024-01-02,362.4599914550781,362.4599914550781,362.57000732421875,355.94000244140625,356.32000732421875,4737000
2024-01-03,366.75,366.75,367.8500061035156,361.07000732421875,362.0799865722656,4321800
2024-01-04,363.67999267578125,363.67999267578125,369.3699951171875,363.4100036621094,367.4100036621094,4142800
2024-01-05,365.5899963378906,365.5899963378906,366.29998779296875,364.19000244140625,364.8299865722656,2965200
2024-01-08,368.17999267578125,368.17999267578125,368.29998779296875,364.20001220703125,366.010009765625,3445700
2024-01-09,366.8999938964844,366.8999938964844,368.0,364.7699890136719,368.0,2998800
2024-01-10,367.9200134277344,367.9200134277344,368.8299865722656,365.75,366.260009765625,2448100
2024-01-11,363.3399963378906,363.3399963378906,367.8900146484375,362.1300048828125,367.80999755859375,3577800
2024-01-12,363.6199951171875,363.6199951171875,366.8500061035156,362.57000732421875,366.510009765625,2623100
2024-01-16,361.1000061035156,361.1000061035156,363.6000061035156,359.8900146484375,362.94000244140625,3046500
2024-01-17,359.2900085449219,359.2900085449219,362.5299987792969,357.9800109863281,359.010009765625,2550300
2024-01-18,362.3800048828125,362.3800048828125,362.6400146484375,358.29998779296875,359.25,3007800
2024-01-19,366.989990234375,366.989990234375,368.30999755859375,361.0199890136719,362.25,4063700
2024-01-22,368.05999755859375,368.05999755859375,369.2699890136719,366.5299987792969,368.04998779296875,3552500
2024-01-23,372.1400146484375,372.1400146484375,372.4200134277344,367.7099914550781,368.0199890136719,2896300
2024-01-24,376.5899963378906,376.5899963378906,377.7900085449219,372.0299987792969,372.5299987792969,4589300
2024-01-25,380.8500061035156,380.8500061035156,380.989990234375,377.8900146484375,379.239990234375,4055800
2024-01-26,385.3999938964844,385.3999938964844,385.7300109863281,380.0,381.04998779296875,3621400
2024-01-29,383.17999267578125,383.17999267578125,385.70001220703125,379.1700134277344,385.489990234375,3797400
2024-01-30,387.1499938964844,387.1499938964844,387.6400146484375,380.0799865722656,383.239990234375,3090900
2024-01-31,383.739990234375,383.739990234375,387.9200134277344,383.54998779296875,386.5299987792969,3856400
2024-02-01,386.44000244140625,386.44000244140625,386.54998779296875,381.4800109863281,384.0,2947100
2024-02-02,390.75,390.75,392.07000732421875,386.44000244140625,386.67999267578125,3806800
2024-02-05,390.760009765625,390.760009765625,393.3699951171875,389.2900085449219,389.95001220703125,3651900
2024-02-06,393.739990234375,393.739990234375,393.92999267578125,390.0,390.2900085449219,2573400
2024-02-07,397.6600036621094,397.6600036621094,399.1499938964844,394.3599853515625,394.6000061035156,3426800
2024-02-08,397.489990234375,397.489990234375,398.6499938964844,394.8500061035156,397.2200012207031,3357700
2024-02-09,398.3599853515625,398.3599853515625,398.3599853515625,395.82000732421875,397.30999755859375,2509800
2024-02-12,397.7099914550781,397.7099914550781,399.4800109863281,396.19000244140625,398.6499938964844,2817900
2024-02-13,394.79998779296875,394.79998779296875,399.7099914550781,392.1000061035156,397.17999267578125,3458500
2024-02-14,398.67999267578125,398.67999267578125,398.8599853515625,393.54998779296875,395.1499938964844,2669200
2024-02-15,403.45001220703125,403.45001220703125,404.2699890136719,398.29998779296875,399.1400146484375,3076000
2024-02-16,405.989990234375,405.989990234375,406.739990234375,402.5899963378906,404.44000244140625,3532200
2024-02-20,407.1499938964844,407.1499938964844,411.1099853515625,406.05999755859375,406.4700012207031,3530700
2024-02-21,409.25,409.25,409.4800109863281,406.70001220703125,408.260009765625,2717600
2024-02-22,415.1600036621094,415.1600036621094,416.260009765625,411.0,411.29998779296875,3687600
2024-02-23,417.2200012207031,417.2200012207031,420.55999755859375,416.5199890136719,417.67999267578125,4015600
2024-02-26,409.1400146484375,409.1400146484375,430.0,408.8500061035156,422.0,7432300
2024-02-27,408.9100036621094,408.9100036621094,409.9599914550781,401.7099914550781,409.2099914550781,4609100
2024-02-28,412.1400146484375,412.1400146484375,414.6700134277344,407.7099914550781,408.5,4067400
2024-02-29,409.3999938964844,409.3999938964844,413.7900085449219,408.3800048828125,413.1000061035156,4845200
2024-03-01,407.1099853515625,407.1099853515625,410.3900146484375,405.45001220703125,409.4800109863281,3282100
2024-03-04,403.3900146484375,403.3900146484375,405.95001220703125,401.42999267578125,405.0,4179400
2024-03-05,400.739990234375,400.739990234375,403.3299865722656,398.7799987792969,402.54998779296875,4711700
2024-03-06,403.9599914550781,403.9599914550781,407.44000244140625,401.70001220703125,402.17999267578125,3839100
2024-03-07,402.3900146484375,402.3900146484375,406.3999938964844,399.57000732421875,406.1099853515625,4181300
2024-03-08,403.1499938964844,403.1499938964844,403.3599853515625,400.010009765625,401.0799865722656,3410600
2024-03-11,404.760009765625,404.760009765625,405.010009765625,402.739990234375,403.29998779296875,2431700
2024-03-12,404.9800109863281,404.9800109863281,407.20001220703125,404.1000061035156,406.7799987792969,2616700
2024-03-13,408.1300048828125,408.1300048828125,409.0,404.1499938964844,405.29998779296875,3584600
2024-03-14,406.7300109863281,406.7300109863281,409.0799865722656,403.3399963378906,409.0799865722656,3734700
2024-03-15,408.1300048828125,408.1300048828125,408.4599914550781,402.5,404.2699890136719,7548800
2024-03-18,408.4100036621094,408.4100036621094,410.6000061035156,406.0,408.70001220703125,3775700
2024-03-19,411.760009765625,411.760009765625,412.19000244140625,408.0899963378906,409.0799865722656,2795800
2024-03-20,416.1099853515625,416.1099853515625,416.30999755859375,411.54998779296875,412.0199890136719,2932900
2024-03-21,413.7799987792969,413.7799987792969,417.8299865722656,413.510009765625,416.70001220703125,3401600
2024-03-22,411.6000061035156,411.6000061035156,414.3500061035156,411.3999938964844,413.0,2999600
2024-03-25,409.9200134277344,409.9200134277344,411.07000732421875,408.9200134277344,410.6700134277344,2804200
2024-03-26,411.57000732421875,411.57000732421875,412.6600036621094,408.6000061035156,410.0,2935100
2024-03-27,416.92999267578125,416.92999267578125,417.2099914550781,413.3999938964844,413.6499938964844,2926000
2024-03-28,420.5199890136719,420.5199890136719,421.44000244140625,415.8500061035156,417.79998779296875,4377400
2024-04-01,420.20001220703125,420.20001220703125,421.6600036621094,417.80999755859375,421.489990234375,2716100
2024-04-02,418.9200134277344,418.9200134277344,421.010009765625,418.0899963378906,419.75,3174900
2024-04-03,420.239990234375,420.239990234375,421.9100036621094,418.5199890136719,419.0,2740800
2024-04-04,415.32000732421875,415.32000732421875,424.5199890136719,414.54998779296875,423.8399963378906,3800600
2024-04-05,418.6199951171875,418.6199951171875,419.2699890136719,415.4100036621094,416.55999755859375,2738300
2024-04-08,415.9700012207031,415.9700012207031,418.57000732421875,415.6300048828125,418.32000732421875,2485700
2024-04-09,414.69000244140625,414.69000244140625,417.32000732421875,412.1199951171875,416.5799865722656,2233100
2024-04-10,409.1099853515625,409.1099853515625,413.55999755859375,407.5299987792969,412.739990234375,3121300
2024-04-11,407.6099853515625,407.6099853515625,411.1499938964844,404.04998779296875,408.3999938964844,2889900
2024-04-12,403.260009765625,403.260009765625,407.2099914550781,401.44000244140625,405.0,3467300
2024-04-15,400.260009765625,400.260009765625,409.05999755859375,399.8599853515625,406.989990234375,3002300
2024-04-16,396.9200134277344,396.9200134277344,401.25,396.5,400.9700012207031,3435500
2024-04-17,397.739990234375,397.739990234375,399.2799987792969,395.6600036621094,398.94000244140625,2465600
2024-04-18,399.8900146484375,399.8900146484375,402.989990234375,399.1000061035156,399.70001220703125,2669500
2024-04-19,405.0799865722656,405.0799865722656,405.57000732421875,400.1700134277344,401.0400085449219,3996100
2024-04-22,408.7799987792969,408.7799987792969,411.3500061035156,406.25,406.8399963378906,2980600
2024-04-23,408.739990234375,408.739990234375,410.7200012207031,405.6400146484375,410.25,2287600
2024-04-24,405.95001220703125,405.95001220703125,407.6199951171875,403.8800048828125,407.1000061035156,2506900
2024-04-25,404.9100036621094,404.9100036621094,406.1400146484375,400.3500061035156,404.8500061035156,2670200
2024-04-26,402.1000061035156,402.1000061035156,404.75,401.4100036621094,403.9200134277344,3023100
2024-04-29,400.9599914550781,400.9599914550781,404.8699951171875,400.0799865722656,402.6600036621094,2363600
2024-04-30,396.7300109863281,396.7300109863281,400.6000061035156,396.3699951171875,400.5799865722656,3070500
2024-05-01,398.5799865722656,398.5799865722656,402.32000732421875,396.3500061035156,396.6099853515625,2605000
2024-05-02,400.6000061035156,400.6000061035156,401.55999755859375,397.8800048828125,401.0,2672200
2024-05-03,400.8699951171875,400.8699951171875,404.5,399.2099914550781,404.5,4119100
2024-05-06,404.9200134277344,404.9200134277344,405.1499938964844,399.260009765625,403.9599914550781,3918900
2024-05-07,406.1400146484375,406.1400146484375,407.260009765625,403.6099853515625,406.92999267578125,3084200
2024-05-08,406.3699951171875,406.3699951171875,407.2300109863281,403.75,406.4700012207031,2398100
2024-05-09,408.82000732421875,408.82000732421875,408.8699951171875,405.4599914550781,406.25,2356600
2024-05-10,412.04998779296875,412.04998779296875,412.3800048828125,409.20001220703125,409.8500061035156,3084500
2024-05-13,411.2200012207031,411.2200012207031,414.29998779296875,410.19000244140625,414.05999755859375,2710300
2024-05-14,410.239990234375,410.239990234375,411.55999755859375,408.1700134277344,410.45001220703125,2672400
2024-05-15,412.760009765625,412.760009765625,413.3999938964844,410.1000061035156,410.510009765625,2854600
2024-05-16,413.1199951171875,413.1199951171875,416.3399963378906,412.9100036621094,413.79998779296875,3549700
2024-05-17,416.94000244140625,416.94000244140625,417.3299865722656,413.70001220703125,413.9800109863281,2988700
2024-05-20,413.0,413.0,417.2799987792969,412.6199951171875,417.0400085449219,3287900
2024-05-21,414.3699951171875,414.3699951171875,415.70001220703125,412.55999755859375,413.5899963378906,2731900
2024-05-22,413.989990234375,413.989990234375,417.260009765625,412.9599914550781,414.95001220703125,2664400
2024-05-23,405.8800048828125,405.8800048828125,413.25,404.8699951171875,413.25,3392300
2024-05-24,407.4100036621094,407.4100036621094,407.9599914550781,405.5,406.8999938964844,2067700
2024-05-28,403.8999938964844,403.8999938964844,408.239990234375,401.8699951171875,408.239990234375,3315400
2024-05-29,404.0899963378906,404.0899963378906,405.8699951171875,401.5799865722656,403.0,3426800
2024-05-30,408.6099853515625,408.6099853515625,409.0400085449219,402.7699890136719,403.7699890136719,2905300
2024-05-31,414.3999938964844,414.3999938964844,415.3999938964844,406.8800048828125,408.0899963378906,5190000
2024-06-03,414.7900085449219,414.7900085449219,416.7200012207031,408.7799987792969,414.8900146484375,4903000
2024-06-04,409.5299987792969,409.5299987792969,415.8900146484375,406.44000244140625,414.8500061035156,4154800
2024-06-05,409.8500061035156,409.8500061035156,410.2799987792969,405.7699890136719,410.1000061035156,2634400
2024-06-06,411.0799865722656,411.0799865722656,411.239990234375,407.3800048828125,410.4200134277344,3438900
2024-06-07,413.7200012207031,413.7200012207031,415.8800048828125,409.8500061035156,411.2799987792969,2942100
2024-06-10,410.80999755859375,410.80999755859375,413.94000244140625,409.2699890136719,413.3399963378906,2667300
2024-06-11,408.5,408.5,408.9100036621094,406.1099853515625,408.8800048828125,3605900
2024-06-12,408.7699890136719,408.7699890136719,411.8900146484375,407.1600036621094,411.0899963378906,3551900
2024-06-13,405.9200134277344,405.9200134277344,408.0,403.57000732421875,407.6300048828125,4563300
2024-06-14,405.5400085449219,405.5400085449219,406.3399963378906,403.3299865722656,404.8999938964844,2768600
2024-06-17,407.32000732421875,407.32000732421875,407.82000732421875,403.54998779296875,405.17999267578125,3406500
2024-06-18,407.95001220703125,407.95001220703125,408.5,405.2799987792969,406.75,4005300
2024-06-20,409.1499938964844,409.1499938964844,411.0,404.04998779296875,407.25,4844700
2024-06-21,409.6199951171875,409.6199951171875,410.4700012207031,407.67999267578125,409.82000732421875,9009400
2024-06-24,413.9800109863281,413.9800109863281,417.0,410.0,410.70001220703125,4933300
2024-06-25,410.9700012207031,410.9700012207031,414.25,409.6199951171875,414.0,3879800
2024-06-26,410.260009765625,410.260009765625,410.67999267578125,407.25,410.0199890136719,3334300
2024-06-27,407.95001220703125,407.95001220703125,410.260009765625,406.3399963378906,410.260009765625,3218600
2024-06-28,406.79998779296875,406.79998779296875,410.04998779296875,405.7900085449219,408.25,6819800
2024-07-01,405.19000244140625,405.19000244140625,409.6700134277344,403.82000732421875,408.0899963378906,2974100
2024-07-02,407.1000061035156,407.1000061035156,407.3900146484375,403.9200134277344,404.0199890136719,3220900
2024-07-03,405.7699890136719,405.7699890136719,407.1600036621094,404.2200012207031,407.1600036621094,1970300
2024-07-05,411.1700134277344,411.1700134277344,411.3999938964844,405.0299987792969,406.239990234375,5149200
2024-07-08,409.0799865722656,409.0799865722656,413.7900085449219,408.0,411.2699890136719,3559500
2024-07-09,410.5199890136719,410.5199890136719,413.7099914550781,408.6400146484375,409.4200134277344,2989700
2024-07-10,413.7900085449219,413.7900085449219,413.9599914550781,409.3999938964844,410.80999755859375,3791800
2024-07-11,418.7799987792969,418.7799987792969,419.20001220703125,412.0,413.989990234375,4065200
2024-07-12,424.44000244140625,424.44000244140625,427.45001220703125,419.70001220703125,420.2300109863281,4834600
2024-07-15,434.4200134277344,434.4200134277344,434.7099914550781,425.29998779296875,425.5899963378906,4594900
2024-07-16,438.8999938964844,438.8999938964844,439.04998779296875,434.0199890136719,437.3999938964844,4293700
2024-07-17,445.6099853515625,445.6099853515625,446.1499938964844,437.8399963378906,437.8500061035156,4776600
2024-07-18,441.82000732421875,441.82000732421875,449.25,439.57000732421875,445.6199951171875,4638300
2024-07-19,434.4700012207031,434.4700012207031,442.79998779296875,433.3500061035156,442.6700134277344,4158800
2024-07-22,435.9800109863281,435.9800109863281,438.1099853515625,432.1199951171875,435.04998779296875,2995700
2024-07-23,434.010009765625,434.010009765625,437.9200134277344,433.4700012207031,437.3399963378906,2393000
2024-07-24,432.79998779296875,432.79998779296875,435.4100036621094,430.7300109863281,433.989990234375,3143700
2024-07-25,433.2900085449219,433.2900085449219,439.6300048828125,431.6000061035156,431.6000061035156,3334300
2024-07-26,437.6600036621094,437.6600036621094,439.0,434.1000061035156,435.6600036621094,2717600
2024-07-29,438.30999755859375,438.30999755859375,439.44000244140625,435.489990234375,438.010009765625,2620000
2024-07-30,441.260009765625,441.260009765625,443.8900146484375,439.1400146484375,439.510009765625,3736400
2024-07-31,438.5,438.5,440.8500061035156,437.739990234375,439.8500061035156,3798800
2024-08-01,431.80999755859375,431.80999755859375,440.6099853515625,430.95001220703125,439.6700134277344,3892300
2024-08-02,428.3599853515625,428.3599853515625,436.25,423.489990234375,429.7699890136719,4251500
2024-08-05,413.7200012207031,413.7200012207031,417.82000732421875,406.1099853515625,413.42999267578125,7695100
2024-08-06,422.1400146484375,422.1400146484375,427.4599914550781,415.1000061035156,416.4100036621094,5138700
2024-08-07,427.0199890136719,427.0199890136719,433.1700134277344,425.6000061035156,426.07000732421875,4745600
2024-08-08,431.5400085449219,431.5400085449219,432.260009765625,427.6000061035156,429.239990234375,3150000
2024-08-09,431.6700134277344,431.6700134277344,434.75,430.2099914550781,431.9200134277344,2602600
2024-08-12,430.3900146484375,430.3900146484375,434.1600036621094,429.010009765625,434.1600036621094,2376000
2024-08-13,432.4100036621094,432.4100036621094,432.80999755859375,425.8999938964844,431.8299865722656,3472000
2024-08-14,438.4700012207031,438.4700012207031,438.9800109863281,431.7099914550781,433.0,2860200
2024-08-15,440.8399963378906,440.8399963378906,442.5899963378906,438.7200012207031,441.79998779296875,3226400
2024-08-16,444.510009765625,444.510009765625,445.20001220703125,440.45001220703125,441.54998779296875,3345000
2024-08-19,448.7699890136719,448.7699890136719,450.45001220703125,445.7300109863281,446.010009765625,3385300
2024-08-20,448.3599853515625,448.3599853515625,450.5,446.3800048828125,449.29998779296875,2906500
2024-08-21,446.6000061035156,446.6000061035156,451.2799987792969,443.8399963378906,449.8399963378906,3028500
2024-08-22,449.0299987792969,449.0299987792969,449.6000061035156,444.6499938964844,446.29998779296875,3502800
2024-08-23,453.3800048828125,453.3800048828125,453.7200012207031,448.80999755859375,450.0,2805400
2024-08-26,454.489990234375,454.489990234375,459.2699890136719,453.3399963378906,455.30999755859375,3575800
2024-08-27,460.6300048828125,460.6300048828125,462.1000061035156,454.6199951171875,455.94000244140625,3764700
2024-08-28,464.5899963378906,464.5899963378906,466.6000061035156,460.7799987792969,461.1700134277344,4838100
2024-08-29,468.3699951171875,468.3699951171875,469.8500061035156,463.0,467.1099853515625,4459400
2024-08-30,475.9200134277344,475.9200134277344,476.95001220703125,470.0,470.5199890136719,7465800
2024-09-03,476.8299865722656,476.8299865722656,482.8900146484375,473.7200012207031,475.0,7511900
2024-09-04,478.57000732421875,478.57000732421875,484.82000732421875,474.2200012207031,478.67999267578125,5309400
2024-09-05,464.9200134277344,464.9200134277344,479.42999267578125,462.8800048828125,479.42999267578125,6213200
2024-09-06,459.4200134277344,459.4200134277344,468.1700134277344,458.54998779296875,463.82000732421875,4400300
2024-09-09,459.6099853515625,459.6099853515625,466.0,459.260009765625,463.9700012207031,4571000
2024-09-10,458.9200134277344,458.9200134277344,464.32000732421875,456.2099914550781,461.82000732421875,3544100
2024-09-11,453.1000061035156,453.1000061035156,457.6199951171875,445.25,457.6199951171875,5772700
2024-09-12,450.8699951171875,450.8699951171875,455.0,449.2699890136719,454.8399963378906,3855700
2024-09-13,447.6099853515625,447.6099853515625,452.42999267578125,447.2099914550781,451.5799865722656,3882600
2024-09-16,451.7799987792969,451.7799987792969,452.989990234375,448.3399963378906,448.79998779296875,3264400
2024-09-17,456.67999267578125,456.67999267578125,461.1000061035156,453.2900085449219,453.5,3824300
2024-09-18,456.6000061035156,456.6000061035156,459.8399963378906,454.8800048828125,458.0799865722656,3065200
2024-09-19,459.7099914550781,459.7099914550781,462.19000244140625,457.25,462.0,3891300
2024-09-20,455.30999755859375,455.30999755859375,457.95001220703125,454.04998779296875,457.760009765625,8468800
2024-09-23,454.9800109863281,454.9800109863281,459.6499938964844,453.4200134277344,457.30999755859375,3485100
2024-09-24,454.55999755859375,454.55999755859375,455.6000061035156,451.7699890136719,454.3299865722656,3009900
2024-09-25,452.3599853515625,452.3599853515625,455.80999755859375,451.2099914550781,454.8999938964844,2843300
2024-09-26,454.17999267578125,454.17999267578125,457.0,451.3399963378906,452.739990234375,3262000
2024-09-27,457.4700012207031,457.4700012207031,458.2699890136719,455.0400085449219,456.0400085449219,2728000
2024-09-30,460.260009765625,460.260009765625,460.6300048828125,454.54998779296875,458.3999938964844,3631100
2024-10-01,457.4100036621094,457.4100036621094,459.7900085449219,454.82000732421875,459.1099853515625,3043700
2024-10-02,456.6700134277344,456.6700134277344,458.70001220703125,454.19000244140625,458.70001220703125,2803400
2024-10-03,452.9599914550781,452.9599914550781,455.9700012207031,450.9200134277344,455.4700012207031,2564700
2024-10-04,461.9700012207031,461.9700012207031,462.17999267578125,453.80999755859375,455.010009765625,3090200
2024-10-07,453.5,453.5,462.3399963378906,452.4100036621094,462.3399963378906,3222100
2024-10-08,453.79998779296875,453.79998779296875,457.55999755859375,452.8500061035156,455.9599914550781,2234100
2024-10-09,455.8999938964844,455.8999938964844,457.8800048828125,452.3599853515625,452.75,2206100
2024-10-10,454.92999267578125,454.92999267578125,457.510009765625,452.7200012207031,457.5,2375800
2024-10-11,460.2099914550781,460.2099914550781,463.45001220703125,455.8999938964844,455.8999938964844,3242000
2024-10-14,459.9800109863281,459.9800109863281,462.0,458.1000061035156,461.9200134277344,2969800
2024-10-15,462.67999267578125,462.67999267578125,466.6600036621094,460.510009765625,460.989990234375,3929900
2024-10-16,465.69000244140625,465.69000244140625,466.0,462.20001220703125,463.25,3166300
2024-10-17,465.8500061035156,465.8500061035156,467.8399963378906,464.2699890136719,466.1000061035156,2520900
2024-10-18,464.79998779296875,464.79998779296875,467.0,463.25,467.0,5635500
2024-10-21,464.1600036621094,464.1600036621094,465.7900085449219,461.67999267578125,464.5299987792969,3131500
2024-10-22,461.45001220703125,461.45001220703125,465.1499938964844,457.6000061035156,464.1099853515625,3315200
2024-10-23,460.6099853515625,460.6099853515625,463.260009765625,458.75,460.1499938964844,3655200
2024-10-24,457.7699890136719,457.7699890136719,461.04998779296875,453.9599914550781,460.8999938964844,3793500
2024-10-25,454.010009765625,454.010009765625,459.45001220703125,453.0299987792969,458.6000061035156,2838900
2024-10-28,458.489990234375,458.489990234375,459.239990234375,455.0,455.5899963378906,4103400
2024-10-29,454.6199951171875,454.6199951171875,458.9200134277344,454.3900146484375,458.6000061035156,3985200
2024-10-30,454.9599914550781,454.9599914550781,457.6700134277344,453.82000732421875,454.6700134277344,2692100
2024-10-31,450.9200134277344,450.9200134277344,456.8399963378906,450.57000732421875,455.19000244140625,3660300
2024-11-01,452.1400146484375,452.1400146484375,455.1199951171875,450.70001220703125,451.489990234375,2971300
2024-11-04,442.2900085449219,442.2900085449219,450.70001220703125,437.8999938964844,450.3699951171875,5733200
2024-11-05,445.05999755859375,445.05999755859375,445.2300109863281,441.1000061035156,442.2900085449219,3154400
2024-11-06,468.8999938964844,468.8999938964844,469.260009765625,459.4800109863281,461.0,6906800
2024-11-07,460.1300048828125,460.1300048828125,468.4599914550781,460.1000061035156,468.2699890136719,4238000
2024-11-08,463.4100036621094,463.4100036621094,466.3500061035156,459.5,461.9800109863281,3541300
2024-11-11,467.3599853515625,467.3599853515625,470.510009765625,464.0,466.010009765625,4119100
2024-11-12,466.2900085449219,466.2900085449219,468.4200134277344,465.1499938964844,467.69000244140625,4400500
2024-11-13,468.1000061035156,468.1000061035156,468.3999938964844,464.0,466.4100036621094,2861700
2024-11-14,467.70001220703125,467.70001220703125,469.45001220703125,466.0,468.80999755859375,3777300
2024-11-15,470.2799987792969,470.2799987792969,472.260009765625,465.19000244140625,466.739990234375,5817700
2024-11-18,472.20001220703125,472.20001220703125,472.6700134277344,468.3599853515625,470.9800109863281,3358400
2024-11-19,468.8599853515625,468.8599853515625,470.7699890136719,465.010009765625,470.7699890136719,3656200
2024-11-20,468.8299865722656,468.8299865722656,470.6099853515625,466.1099853515625,470.0,3019500
2024-11-21,472.05999755859375,472.05999755859375,474.6600036621094,467.0,469.45001220703125,4116800
2024-11-22,476.57000732421875,476.57000732421875,477.44000244140625,471.6099853515625,472.2699890136719,3885200
2024-11-25,477.42999267578125,477.42999267578125,482.5,476.7900085449219,479.1300048828125,5246600
2024-11-26,478.55999755859375,478.55999755859375,479.3999938964844,472.8500061035156,478.20001220703125,3332000
2024-11-27,483.0799865722656,483.0799865722656,491.6700134277344,480.8699951171875,481.0,5359300
2024-11-29,483.0199890136719,483.0199890136719,486.010009765625,482.04998779296875,485.3699951171875,2969700
2024-12-02,477.3299865722656,477.3299865722656,485.0899963378906,474.75,484.79998779296875,5031500
2024-12-03,470.19000244140625,470.19000244140625,478.29998779296875,468.80999755859375,478.1600036621094,4931600
2024-12-04,468.32000732421875,468.32000732421875,471.3399963378906,466.5,471.0899963378906,3941100
2024-12-05,470.57000732421875,470.57000732421875,472.739990234375,468.7200012207031,468.7799987792969,3320200
2024-12-06,470.5,470.5,472.0799865722656,467.82000732421875,470.5799865722656,3270900
2024-12-09,463.8699951171875,463.8699951171875,471.70001220703125,463.4200134277344,470.6000061035156,3748200
2024-12-10,462.489990234375,462.489990234375,464.989990234375,459.5,464.4200134277344,3648500
2024-12-11,461.3900146484375,461.3900146484375,465.4800109863281,458.7699890136719,463.3299865722656,2742973
