Date,Close,High,Low,Open,Volume
1998-05-07,8.643523216247559,8.643523216247559,8.643523216247559,8.643523216247559,0
1998-05-08,8.643523216247559,8.643523216247559,8.643523216247559,8.643523216247559,0
1998-05-11,8.643523216247559,8.643523216247559,8.643523216247559,8.643523216247559,0
1998-05-12,8.643523216247559,8.643523216247559,8.643523216247559,8.643523216247559,0
1998-05-13,8.59207534790039,8.59207534790039,8.489176241937512,8.489176241937512,3000
1998-05-14,8.59207534790039,8.59207534790039,8.59207534790039,8.59207534790039,2000
1998-05-15,8.59207534790039,8.59207534790039,8.59207534790039,8.59207534790039,0
1998-05-18,8.489178657531738,8.489178657531738,8.489178657531738,8.489178657531738,600
1998-05-19,8.437724113464355,8.643522262573242,8.437724113464355,8.643522262573242,1000
1998-05-20,8.437724113464355,8.437724113464355,8.437724113464355,8.437724113464355,1200
1998-05-21,8.437724113464355,8.437724113464355,8.437724113464355,8.437724113464355,0
1998-05-22,8.437724113464355,8.437724113464355,8.437724113464355,8.437724113464355,0
1998-05-26,8.437724113464355,8.437724113464355,8.437724113464355,8.437724113464355,0
1998-05-27,8.437724113464355,8.437724113464355,8.437724113464355,8.437724113464355,0
1998-05-28,8.437724113464355,8.437724113464355,8.437724113464355,8.437724113464355,200
1998-05-29,8.437724113464355,8.437724113464355,8.437724113464355,8.437724113464355,0
1998-06-01,8.540627479553223,8.6435266058129,8.540627479553223,8.6435266058129,1000
1998-06-02,8.540627479553223,8.540627479553223,8.540627479553223,8.540627479553223,0
1998-06-03,8.437724113464355,8.437724113464355,8.437724113464355,8.437724113464355,800
1998-06-04,8.437724113464355,8.437724113464355,8.437724113464355,8.437724113464355,1000
1998-06-05,8.437724113464355,8.437724113464355,8.437724113464355,8.437724113464355,0
1998-06-08,8.437724113464355,8.437724113464355,8.437724113464355,8.437724113464355,1000
1998-06-09,8.437724113464355,8.437724113464355,8.437724113464355,8.437724113464355,1000
1998-06-10,8.437724113464355,8.437724113464355,8.437724113464355,8.437724113464355,2000
1998-06-11,8.437724113464355,8.437724113464355,8.437724113464355,8.437724113464355,0
1998-06-12,8.437724113464355,8.437724113464355,8.437724113464355,8.437724113464355,0
1998-06-15,8.437724113464355,8.437724113464355,8.437724113464355,8.437724113464355,0
1998-06-16,8.437724113464355,8.437724113464355,8.437724113464355,8.437724113464355,0
1998-06-17,8.437724113464355,8.746421337127686,8.437724113464355,8.643522262573242,5600
1998-06-18,8.437724113464355,8.489173650741577,8.437724113464355,8.437724113464355,2800
1998-06-19,8.334827423095703,8.43772652708454,8.334827423095703,8.334827423095703,2600
1998-06-22,8.244794845581055,8.386281184584787,8.23193245112617,8.386281184584787,10200
1998-06-23,8.386275291442871,8.437724833108165,8.23192666644699,8.23192666644699,1200
1998-06-24,8.386275291442871,8.386275291442871,8.23192666644699,8.23192666644699,1400
1998-06-25,8.334827423095703,8.334827423095703,8.334827423095703,8.334827423095703,200
1998-06-26,8.43208122253418,8.43208122253418,8.328620103239283,8.328620103239283,1800
1998-06-29,8.43208122253418,8.43208122253418,8.43208122253418,8.43208122253418,0
1998-06-30,8.43208122253418,8.43208122253418,8.43208122253418,8.43208122253418,200
1998-07-01,8.380350112915039,8.4320806691676,8.380350112915039,8.4320806691676,800
1998-07-02,8.380350112915039,8.380350112915039,8.380350112915039,8.380350112915039,200
1998-07-06,8.43208122253418,8.43208122253418,8.43208122253418,8.43208122253418,1400
1998-07-07,8.845930099487305,8.845930099487305,8.587277172601711,8.587277172601711,1000
1998-07-08,8.845930099487305,8.845930099487305,8.845930099487305,8.845930099487305,400
1998-07-09,8.794193267822266,8.794193267822266,8.794193267822266,8.794193267822266,1000
1998-07-10,8.794193267822266,8.794193267822266,8.794193267822266,8.794193267822266,1000
1998-07-13,8.690730094909668,8.690730094909668,8.690730094909668,8.690730094909668,200
1998-07-14,8.690730094909668,8.690730094909668,8.690730094909668,8.690730094909668,0
1998-07-15,8.742464065551758,8.871790457054002,8.43208072594637,8.69073350895086,5200
1998-07-16,8.742464065551758,8.742464065551758,8.742464065551758,8.742464065551758,0
1998-07-17,8.794193267822266,8.794193267822266,8.794193267822266,8.794193267822266,800
1998-07-20,8.897656440734863,8.897656440734863,8.897656440734863,8.897656440734863,600
1998-07-21,8.897656440734863,9.001117562138756,8.897656440734863,9.001117562138756,1100
1998-07-22,9.104576110839844,9.104576110839844,8.923519199544733,8.94938447258689,2900
1998-07-23,9.104576110839844,9.104576110839844,9.104576110839844,9.104576110839844,0
1998-07-24,8.794193267822266,9.156307108262006,8.794193267822266,9.104576559627757,1700
1998-07-27,9.104576110839844,9.104576110839844,9.104576110839844,9.104576110839844,300
1998-07-28,8.794193267822266,8.794193267822266,8.794193267822266,8.794193267822266,800
1998-07-29,8.794193267822266,8.794193267822266,8.794193267822266,8.794193267822266,0
1998-07-30,8.794193267822266,8.794193267822266,8.794193267822266,8.794193267822266,200
1998-07-31,8.794193267822266,8.794193267822266,8.794193267822266,8.794193267822266,600
1998-08-03,9.31149959564209,9.31149959564209,9.31149959564209,9.31149959564209,100
1998-08-04,8.27688980102539,8.74246485233307,8.27688980102539,8.69073429107666,1800
1998-08-05,8.58726978302002,8.690730864743152,8.276886537850622,8.276886537850622,1400
1998-08-06,8.58726978302002,8.58726978302002,8.58726978302002,8.58726978302002,0
1998-08-07,8.58726978302002,8.58726978302002,8.58726978302002,8.58726978302002,0
1998-08-10,8.58726978302002,8.58726978302002,8.58726978302002,8.58726978302002,0
1998-08-11,8.58726978302002,8.58726978302002,8.58726978302002,8.58726978302002,0
1998-08-12,8.58726978302002,8.58726978302002,8.58726978302002,8.58726978302002,0
1998-08-13,8.58726978302002,8.58726978302002,8.58726978302002,8.58726978302002,0
1998-08-14,8.58726978302002,8.58726978302002,8.58726978302002,8.58726978302002,200
1998-08-17,8.690730094909668,8.690730094909668,8.587269022351219,8.587269022351219,2300
1998-08-18,8.690730094909668,8.690730094909668,8.690730094909668,8.690730094909668,0
1998-08-19,8.27688980102539,8.27688980102539,8.27688980102539,8.27688980102539,1000
1998-08-20,8.27688980102539,8.27688980102539,8.27688980102539,8.27688980102539,0
1998-08-21,8.018233299255371,8.018233299255371,8.018233299255371,8.018233299255371,200
1998-08-24,8.018233299255371,8.018233299255371,8.018233299255371,8.018233299255371,0
1998-08-25,8.018233299255371,8.018233299255371,8.018233299255371,8.018233299255371,0
1998-08-26,8.173428535461426,8.173428535461426,8.173428535461426,8.173428535461426,100
1998-08-27,8.27688980102539,8.27688980102539,8.27688980102539,8.27688980102539,600
1998-08-28,8.27688980102539,8.27688980102539,8.27688980102539,8.27688980102539,600
1998-08-31,8.069967269897461,8.069967269897461,8.069967269897461,8.069967269897461,400
1998-09-01,8.018233299255371,8.018233299255371,7.966502761840821,7.966502761840821,3100
1998-09-02,8.27688980102539,8.27688980102539,8.27688980102539,8.27688980102539,100
1998-09-03,8.069967269897461,8.069967269897461,7.966506151052622,8.018236710475042,500
1998-09-04,7.966508865356445,7.966508865356446,7.966508865356446,7.966508865356446,300
1998-09-08,7.966508865356445,7.966508865356446,7.966508865356446,7.966508865356446,100
1998-09-09,8.27688980102539,8.27688980102539,8.27688980102539,8.27688980102539,200
1998-09-10,7.966508865356445,8.173431173547522,7.966508865356446,8.173431173547522,900
1998-09-11,7.960264205932617,8.116347817813649,7.960264205932617,8.116347817813649,700
1998-09-14,8.324458122253418,8.324458122253418,8.324458122253418,8.324458122253418,100
1998-09-15,8.064315795898438,8.064315795898438,7.960260108209425,7.960260108209425,2000
1998-09-16,8.064315795898438,8.064315795898438,8.064315795898438,8.064315795898438,0
1998-09-17,8.064315795898438,8.064315795898438,8.064315795898438,8.064315795898438,0
1998-09-18,8.01229190826416,8.01229190826416,7.908236169195794,7.908236169195794,500
1998-09-21,7.908233165740967,8.168372414614025,7.908233165740967,8.168372414614025,300
1998-09-22,7.960264205932617,7.960264205932617,7.960264205932617,7.960264205932617,2000
1998-09-23,7.960264205932617,7.960264205932617,7.960264205932617,7.960264205932617,0
1998-09-24,7.960264205932617,7.960264205932617,7.960264205932617,7.960264205932617,0
1998-09-25,7.960264205932617,7.960264205932617,7.960264205932617,7.960264205932617,0
1998-09-28,7.960264205932617,7.960264205932617,7.960264205932617,7.960264205932617,0
1998-09-29,7.960264205932617,7.960264205932617,7.960264205932617,7.960264205932617,0
1998-09-30,7.960264205932617,7.960264205932617,7.960264205932617,7.960264205932617,0
1998-10-01,8.116344451904297,8.116344451904297,8.116344451904297,8.116344451904297,2900
1998-10-02,7.960264205932617,7.960264205932617,7.960264205932617,7.960264205932617,2500
1998-10-05,7.960264205932617,7.960264205932617,7.960264205932617,7.960264205932617,0
1998-10-06,7.960264205932617,7.960264205932617,7.960264205932617,7.960264205932617,0
1998-10-07,7.960264205932617,7.960264205932617,7.960264205932617,7.960264205932617,0
1998-10-08,7.908233165740967,7.908233165740967,7.908233165740967,7.908233165740967,400
1998-10-09,7.8041768074035645,7.8041768074035645,7.8041768074035645,7.8041768074035645,600
1998-10-12,7.8041768074035645,7.8041768074035645,7.8041768074035645,7.8041768074035645,2800
1998-10-13,7.7001237869262695,7.7001237869262695,7.7001237869262695,7.7001237869262695,600
1998-10-14,7.7001237869262695,7.7001237869262695,7.7001237869262695,7.7001237869262695,0
1998-10-15,7.908233165740967,7.908233165740967,7.908233165740967,7.908233165740967,100
1998-10-16,7.8041768074035645,7.908232498168945,7.8041768074035645,7.908232498168945,600
1998-10-19,7.7001237869262695,8.11634669432769,7.7001237869262695,7.7001237869262695,400
1998-10-20,7.7001237869262695,7.7001237869262695,7.7001237869262695,7.7001237869262695,0
1998-10-21,7.7001237869262695,7.7001237869262695,7.7001237869262695,7.7001237869262695,0
1998-10-22,7.7001237869262695,7.7001237869262695,7.7001237869262695,7.7001237869262695,0
1998-10-23,7.7001237869262695,7.7001237869262695,7.7001237869262695,7.7001237869262695,0
1998-10-26,8.01229190826416,8.272431255935073,8.01229190826416,8.116347647332525,2500
1998-10-27,7.908233165740967,8.32445596393786,7.908233165740967,8.32445596393786,800
1998-10-28,7.908233165740967,7.908233165740967,7.908233165740967,7.908233165740967,0
1998-10-29,7.908233165740967,7.908233165740967,7.908233165740967,7.908233165740967,500
1998-10-30,7.908233165740967,7.908233165740967,7.908233165740967,7.908233165740967,800
1998-11-02,8.116344451904297,8.116344451904297,7.908233055701622,7.908233055701622,1300
1998-11-03,8.01229190826416,8.324459125469257,7.908236169195794,8.324459125469257,1400
1998-11-04,7.908233165740967,7.908233165740967,7.804177466191744,7.804177466191744,700
1998-11-05,7.908233165740967,7.908233165740967,7.908233165740967,7.908233165740967,100
1998-11-06,7.908233165740967,7.908233165740967,7.908233165740967,7.908233165740967,100
1998-11-09,7.908233165740967,7.908233165740967,7.908233165740967,7.908233165740967,0
1998-11-10,7.908233165740967,7.908233165740967,7.908233165740967,7.908233165740967,0
1998-11-11,7.908233165740967,7.908233165740967,7.908233165740967,7.908233165740967,200
1998-11-12,8.324458122253418,8.324458122253418,8.324458122253418,8.324458122253418,400
1998-11-13,8.324458122253418,8.324458122253418,8.324458122253418,8.324458122253418,0
1998-11-16,8.324458122253418,8.324458122253418,8.324458122253418,8.324458122253418,0
1998-11-17,8.220401763916016,8.220401763916016,7.960262467589559,7.960262467589559,600
1998-11-18,8.324458122253418,8.324458122253418,8.324458122253418,8.324458122253418,500
1998-11-19,8.324458122253418,8.324458122253418,8.324458122253418,8.324458122253418,0
1998-11-20,7.908233165740967,7.908233165740967,7.908233165740967,7.908233165740967,200
1998-11-23,7.908233165740967,7.908233165740967,7.908233165740967,7.908233165740967,0
1998-11-24,7.908233165740967,8.32445596393786,7.908233165740967,7.908233165740967,5700
1998-11-25,7.908233165740967,7.908233165740967,7.908233165740967,7.908233165740967,200
1998-11-27,7.908233165740967,7.908233165740967,7.908233165740967,7.908233165740967,0
1998-11-30,8.116344451904297,8.116344451904297,8.116344451904297,8.116344451904297,100
1998-12-01,8.01229190826416,8.220403386400891,8.01229190826416,8.220403386400891,500
1998-12-02,8.01229190826416,8.01229190826416,8.01229190826416,8.01229190826416,0
1998-12-03,7.908233165740967,7.908233165740967,7.70012176664252,7.804177466191744,7400
1998-12-04,7.908233165740967,7.908233165740967,7.908233165740967,7.908233165740967,0
1998-12-07,7.856205940246582,7.856205940246582,7.856205940246582,7.856205940246582,100
1998-12-08,8.324458122253418,8.324458122253418,7.700123763084411,7.700123763084411,400
1998-12-09,8.324458122253418,8.324458122253418,8.324458122253418,8.324458122253418,0
1998-12-10,7.908233165740967,7.908233165740967,7.908233165740967,7.908233165740967,300
1998-12-11,8.05894947052002,8.05894947052002,8.05894947052002,8.05894947052002,3600
1998-12-14,7.954287052154541,8.058948723893417,7.74496370867679,7.74496370867679,1400
1998-12-15,7.7972917556762695,7.954284207132838,7.74496093852408,7.954284207132838,4700
1998-12-16,7.7972917556762695,7.7972917556762695,7.7972917556762695,7.7972917556762695,200
1998-12-17,7.7972917556762695,7.7972917556762695,7.7972917556762695,7.7972917556762695,0
1998-12-18,7.640300750732422,7.640300750732422,7.640300750732422,7.640300750732422,300
1998-12-21,7.640300750732422,7.640300750732422,7.640300750732422,7.640300750732422,0
1998-12-22,7.640300750732422,7.640300750732422,7.640300750732422,7.640300750732422,0
1998-12-23,7.640300750732422,7.640300750732422,7.640300750732422,7.640300750732422,0
1998-12-24,7.640300750732422,7.640300750732422,7.640300750732422,7.640300750732422,0
1998-12-28,7.640300750732422,7.640300750732422,7.640300750732422,7.640300750732422,0
1998-12-29,7.640300750732422,7.640300750732422,7.640300750732422,7.640300750732422,500
1998-12-30,7.640300750732422,7.640300750732422,7.640300750732422,7.640300750732422,0
1998-12-31,7.84962272644043,8.163607635498046,7.640299453735351,7.640299453735351,1400
1999-01-04,7.640300750732422,8.05894736721091,7.640300750732422,7.849624058971667,4700
1999-01-05,7.640300750732422,7.640300750732422,7.640300750732422,7.640300750732422,0
1999-01-06,7.744964122772217,7.744964122772217,7.744964122772217,7.744964122772217,100
1999-01-07,7.692636966705322,7.954291285300742,7.640306102986239,7.640306102986239,1100
1999-01-08,7.692636966705322,7.692636966705322,7.692636966705322,7.692636966705322,0
1999-01-11,7.692636966705322,7.692636966705322,7.692636966705322,7.692636966705322,0
1999-01-12,7.640300750732422,7.692631577792233,7.640300750732422,7.692631577792233,1000
1999-01-13,7.954287052154541,7.954287052154541,7.954287052154541,7.954287052154541,1900
1999-01-14,7.954287052154541,7.954287052154541,7.901956216285104,7.954287052154541,12500
1999-01-15,7.744964122772217,7.744964122772217,7.744964122772217,7.744964122772217,500
1999-01-19,7.744964122772217,7.744964122772217,7.744964122772217,7.744964122772217,400
1999-01-20,7.744964122772217,7.744964122772217,7.744964122772217,7.744964122772217,0
1999-01-21,8.00661849975586,8.00661849975586,8.00661849975586,8.00661849975586,500
1999-01-22,8.00661849975586,8.00661849975586,8.00661849975586,8.00661849975586,2100
1999-01-25,7.692636966705322,7.692636966705322,7.692636966705322,7.692636966705322,200
1999-01-26,7.744964122772217,8.163610832111255,7.744964122772217,8.163610832111255,400
1999-01-27,7.744964122772217,7.744964122772217,7.744964122772217,7.744964122772217,1000
1999-01-28,7.954287052154541,7.954287052154541,7.928121634219822,7.928121634219822,800
1999-01-29,7.954287052154541,7.954287052154541,7.954287052154541,7.954287052154541,1200
1999-02-01,8.215941429138184,8.215941429138184,7.95428724349684,7.95428724349684,700
1999-02-02,8.16360855102539,8.16360855102539,8.16360855102539,8.16360855102539,400
1999-02-03,8.16360855102539,8.16360855102539,8.16360855102539,8.16360855102539,0
1999-02-04,8.16360855102539,8.16360855102539,8.16360855102539,8.16360855102539,0
1999-02-05,8.111278533935547,8.137443948561145,8.111278533935547,8.137443948561145,700
1999-02-08,7.954287052154541,8.111279559762854,7.954287052154541,8.111279559762854,1400
1999-02-09,8.16360855102539,8.16360855102539,8.16360855102539,8.16360855102539,200
1999-02-10,7.84962272644043,8.163607635498046,7.849622726440429,8.163607635498046,600
1999-02-11,7.84962272644043,7.849622726440429,7.849622726440429,7.849622726440429,0
1999-02-12,7.84962272644043,7.849622726440429,7.849622726440429,7.849622726440429,0
1999-02-16,7.954287052154541,8.163610395632292,7.954287052154541,8.163610395632292,300
1999-02-17,7.744964122772217,7.797294961439596,7.535640768102698,7.797294961439596,800
1999-02-18,7.744964122772217,7.744964122772217,7.744964122772217,7.744964122772217,0
1999-02-19,7.744964122772217,7.744964122772217,7.744964122772217,7.744964122772217,0
1999-02-22,7.744964122772217,7.744964122772217,7.535640768102698,7.535640768102698,1900
1999-02-23,7.744964122772217,7.744964122772217,7.744964122772217,7.744964122772217,0
1999-02-24,7.744964122772217,7.744964122772217,7.744964122772217,7.744964122772217,0
1999-02-25,7.744964122772217,7.744964122772217,7.744964122772217,7.744964122772217,0
1999-02-26,7.84962272644043,7.849622726440429,7.849622726440429,7.849622726440429,1000
1999-03-01,7.744964122772217,7.744964122772217,7.744964122772217,7.744964122772217,200
1999-03-02,7.744964122772217,7.744964122772217,7.744964122772217,7.744964122772217,0
1999-03-03,7.535641193389893,7.535641193389893,7.535641193389893,7.535641193389893,400
1999-03-04,7.535641193389893,7.535641193389893,7.535641193389893,7.535641193389893,0
1999-03-05,7.7972917556762695,7.7972917556762695,7.7972917556762695,7.7972917556762695,1200
1999-03-08,7.7972917556762695,7.7972917556762695,7.7972917556762695,7.7972917556762695,1400
1999-03-09,7.7972917556762695,7.7972917556762695,7.7972917556762695,7.7972917556762695,0
1999-03-10,8.05894947052002,8.05894947052002,7.84962610764937,7.84962610764937,800
1999-03-11,7.951520919799805,8.214816314495163,7.898861840860733,8.004179998738877,2800
1999-03-12,8.004180908203125,8.004180908203125,8.004180908203125,8.004180908203125,1500
1999-03-15,8.16215991973877,8.214819015995149,8.10950082348239,8.10950082348239,2900
1999-03-16,8.030508041381836,8.030508041381836,8.030508041381836,8.030508041381836,200
1999-03-17,8.030508041381836,8.030508041381836,8.030508041381836,8.030508041381836,0
1999-03-18,8.16215991973877,8.16215991973877,8.16215991973877,8.16215991973877,500
1999-03-19,8.109501838684082,8.109501838684082,7.8988654272896905,8.030513184411184,1800
1999-03-22,8.004180908203125,8.004180908203125,8.004180908203125,8.004180908203125,800
1999-03-23,8.004180908203125,8.109499078047904,8.004180908203125,8.004180908203125,8000
1999-03-24,8.004180908203125,8.004180908203125,8.004180908203125,8.004180908203125,100
1999-03-25,8.056839942932129,8.056839942932129,8.0041808583378,8.0041808583378,2200
1999-03-26,7.688225746154785,8.004180228873475,7.688225746154785,8.004180228873475,1500
1999-03-29,8.056839942932129,8.056839942932129,8.056839942932129,8.056839942932129,500
1999-03-30,7.846202373504639,7.846202373504639,7.846202373504639,7.846202373504639,1500
1999-03-31,7.846202373504639,7.846202373504639,7.846202373504639,7.846202373504639,0
1999-04-01,8.214818000793457,8.214818000793457,8.109499821296106,8.109499821296106,5300
1999-04-05,8.004180908203125,8.004180908203125,7.793544568513569,7.793544568513569,500
1999-04-06,8.214818000793457,8.214818000793457,8.214818000793457,8.214818000793457,2000
1999-04-07,8.320137023925781,8.320137023925781,8.004182453396954,8.004182453396954,700
1999-04-08,8.320137023925781,8.320137023925781,8.320137023925781,8.320137023925781,0
1999-04-09,8.320137023925781,8.320137023925781,8.320137023925781,8.320137023925781,0
1999-04-12,8.109501838684082,8.109501838684082,8.004183632986885,8.109501838684082,1500
1999-04-13,8.109501838684082,8.109501838684082,8.109501838684082,8.109501838684082,0
1999-04-14,8.109501838684082,8.109501838684082,8.109501838684082,8.109501838684082,0
1999-04-15,8.109501838684082,8.109501838684082,8.109501838684082,8.109501838684082,0
1999-04-16,8.004180908203125,8.004180908203125,8.004180908203125,8.004180908203125,3800
1999-04-19,7.793546676635742,7.793546676635742,7.793546676635742,7.793546676635742,900
1999-04-20,7.793546676635742,7.793546676635742,7.582910279969911,7.793546676635742,1700
1999-04-21,7.793546676635742,8.109501271634489,7.793546676635742,8.109501271634489,3200
1999-04-22,7.89886474609375,7.89886474609375,7.89886474609375,7.89886474609375,200
1999-04-23,7.89886474609375,7.89886474609375,7.89886474609375,7.89886474609375,0
1999-04-26,8.846722602844238,8.846722602844238,8.109495719273886,8.109495719273886,5100
1999-04-27,8.267481803894043,8.320140923664068,8.267481803894043,8.320140923664068,300
1999-04-28,8.109501838684082,8.109501838684082,8.109501838684082,8.109501838684082,100
1999-04-29,8.109501838684082,8.109501838684082,8.109501838684082,8.109501838684082,0
1999-04-30,8.004180908203125,8.004180908203125,8.004180908203125,8.004180908203125,500
1999-05-03,8.004180908203125,8.21481724789268,8.004180908203125,8.004180908203125,1000
1999-05-04,8.004180908203125,8.056839993125514,8.004180908203125,8.056839993125514,3700
1999-05-05,8.004180908203125,8.004180908203125,8.004180908203125,8.004180908203125,200
1999-05-06,7.740889072418213,7.898866400426748,7.740889072418213,7.898866400426748,1400
1999-05-07,7.89886474609375,7.89886474609375,7.89886474609375,7.89886474609375,1100
1999-05-10,7.951520919799805,7.951520919799805,7.898861840860733,7.898861840860733,200
1999-05-11,7.89886474609375,8.004182942708333,7.89886474609375,8.004182942708333,1000
1999-05-12,8.004180908203125,8.109499078047904,7.898862738358347,7.951521823280736,5700
1999-05-13,8.004180908203125,8.004180908203125,8.004180908203125,8.004180908203125,0
1999-05-14,8.004180908203125,8.004180908203125,8.004180908203125,8.004180908203125,0
1999-05-17,8.004180908203125,8.004180908203125,8.004180908203125,8.004180908203125,0
1999-05-18,8.004180908203125,8.004180908203125,8.004180908203125,8.004180908203125,100
1999-05-19,8.004180908203125,8.004180908203125,8.004180908203125,8.004180908203125,0
1999-05-20,8.109501838684082,8.109501838684082,8.109501838684082,8.109501838684082,1000
1999-05-21,8.214818000793457,8.214818000793457,8.214818000793457,8.214818000793457,2700
1999-05-24,8.214818000793457,8.214818000793457,7.582908923809345,7.582908923809345,3500
1999-05-25,8.214818000793457,8.214818000793457,8.214818000793457,8.214818000793457,0
1999-05-26,7.793546676635742,7.793546676635742,7.793546676635742,7.793546676635742,400
1999-05-27,7.793546676635742,7.793546676635742,7.793546676635742,7.793546676635742,0
1999-05-28,7.793546676635742,7.793546676635742,7.793546676635742,7.793546676635742,0
1999-06-01,8.425455093383789,8.425455093383789,8.425455093383789,8.425455093383789,200
1999-06-02,8.372796058654785,8.372796058654785,8.372796058654785,8.372796058654785,100
1999-06-03,8.372796058654785,8.372796058654785,8.372796058654785,8.372796058654785,0
1999-06-04,8.004180908203125,8.109499078047904,8.004180908203125,8.109499078047904,2000
1999-06-07,8.320137023925781,8.320137023925781,8.320137023925781,8.320137023925781,200
1999-06-08,8.004180908203125,8.004180908203125,8.004180908203125,8.004180908203125,400
1999-06-09,8.425455093383789,8.425455093383789,8.425455093383789,8.425455093383789,400
1999-06-10,8.425455093383789,8.425455093383789,8.425455093383789,8.425455093383789,0
1999-06-11,8.476312637329102,8.476312637329102,8.476312637329102,8.476312637329102,1300
1999-06-14,8.476312637329102,8.476312637329102,8.476312637329102,8.476312637329102,0
1999-06-15,8.476312637329102,8.476312637329102,8.476312637329102,8.476312637329102,0
1999-06-16,8.052496910095215,8.052496910095215,8.052496910095215,8.052496910095215,400
1999-06-17,8.052496910095215,8.052496910095215,8.052496910095215,8.052496910095215,0
1999-06-18,8.052496910095215,8.052496910095215,8.052496910095215,8.052496910095215,0
1999-06-21,8.158452987670898,8.158452987670898,8.158452987670898,8.158452987670898,500
1999-06-22,8.264404296875,8.264404296875,8.264404296875,8.264404296875,500
1999-06-23,8.052496910095215,8.105473863451104,8.052496910095215,8.105473863451104,900
1999-06-24,8.052496910095215,8.052496910095215,8.052496910095215,8.052496910095215,100
1999-06-25,8.264404296875,8.264404296875,7.946542593149038,8.264404296875,1100
1999-06-28,7.893564224243164,8.052495047550075,7.893564224243164,8.052495047550075,500
1999-06-29,8.052496910095215,8.052496910095215,8.052496910095215,8.052496910095215,400
1999-06-30,7.84058952331543,7.84058952331543,7.84058952331543,7.84058952331543,400
1999-07-01,8.37035846710205,8.37035846710205,7.999519800838035,7.999519800838035,4900
1999-07-02,8.37035846710205,8.37035846710205,8.37035846710205,8.37035846710205,0
1999-07-06,8.37035846710205,8.37035846710205,8.37035846710205,8.37035846710205,0
1999-07-07,8.052496910095215,8.052496910095215,8.052496910095215,8.052496910095215,900
1999-07-08,8.052496910095215,8.052496910095215,8.052496910095215,8.052496910095215,100
1999-07-09,8.052496910095215,8.052496910095215,8.052496910095215,8.052496910095215,0
1999-07-12,8.052496910095215,8.052496910095215,8.052496910095215,8.052496910095215,0
1999-07-13,7.6286821365356445,8.052497810787624,7.6286821365356445,8.052497810787624,9900
1999-07-14,7.84058952331543,8.264405173224372,7.734635610838194,8.0524973482699,1800
1999-07-15,8.052496910095215,8.158450816806994,8.052496910095215,8.052496910095215,1000
1999-07-16,8.052496910095215,8.052496910095215,8.052496910095215,8.052496910095215,0
1999-07-19,8.052496910095215,8.052496910095215,8.052496910095215,8.052496910095215,0
1999-07-20,7.893564224243164,7.893564224243164,7.893564224243164,7.893564224243164,1400
1999-07-21,8.158452987670898,8.158452987670898,8.158452987670898,8.158452987670898,100
1999-07-22,8.052496910095215,8.052496910095215,8.052496910095215,8.052496910095215,200
1999-07-23,7.999517917633057,8.052494857484932,7.946540977781183,7.946540977781183,2300
1999-07-26,7.84058952331543,7.84058952331543,7.84058952331543,7.84058952331543,500
1999-07-27,7.84058952331543,7.84058952331543,7.84058952331543,7.84058952331543,200
1999-07-28,7.84058952331543,7.84058952331543,7.734635610838194,7.84058952331543,3000
1999-07-29,7.734633445739746,7.734633445739746,7.734633445739746,7.734633445739746,200
1999-07-30,7.787613868713379,7.787613868713379,7.628682973433515,7.681659938526803,2000
1999-08-02,7.893564224243164,7.893564224243164,7.628679518731649,7.628679518731649,1200
1999-08-03,7.6286821365356445,7.6286821365356445,7.6286821365356445,7.6286821365356445,1500
1999-08-04,7.84058952331543,7.84058952331543,7.681658654599577,7.681658654599577,300
1999-08-05,7.84058952331543,7.84058952331543,7.84058952331543,7.84058952331543,0
1999-08-06,7.734633445739746,7.734633445739746,7.6816565043305705,7.734633445739746,1400
1999-08-09,7.734633445739746,7.734633445739746,7.734633445739746,7.734633445739746,0
1999-08-10,7.6286821365356445,7.7346360550986395,7.6286821365356445,7.7346360550986395,800
1999-08-11,7.6286821365356445,7.6286821365356445,7.6286821365356445,7.6286821365356445,0
1999-08-12,7.3108229637146,7.840592743693919,7.3108229637146,7.522730875706328,900
1999-08-13,7.787613868713379,7.787613868713379,7.787613868713379,7.787613868713379,1000
1999-08-16,7.6286821365356445,7.6286821365356445,7.6286821365356445,7.6286821365356445,3000
1999-08-17,7.416772365570068,7.416772365570068,7.416772365570068,7.416772365570068,500
1999-08-18,7.3108229637146,7.3902884307114975,7.204869007718736,7.3902884307114975,4000
1999-08-19,7.84058952331543,7.84058952331543,7.84058952331543,7.84058952331543,200
1999-08-20,7.734633445739746,7.734633445739746,7.734633445739746,7.734633445739746,200
1999-08-23,7.734633445739746,7.734633445739746,7.734633445739746,7.734633445739746,0
1999-08-24,7.3108229637146,7.628684831702191,7.204869007718736,7.416776919710464,13600
1999-08-25,7.3108229637146,7.3108229637146,7.3108229637146,7.3108229637146,0
1999-08-26,7.416772365570068,7.416772365570068,7.416772365570068,7.416772365570068,100
1999-08-27,7.416772365570068,7.416772365570068,7.416772365570068,7.416772365570068,0
1999-08-30,7.575704574584961,7.628681529651989,7.575704574584962,7.628681529651989,1200
1999-08-31,7.84058952331543,7.84058952331543,7.522727785883723,7.734635610838194,3300
1999-09-01,7.946542739868164,7.946542739868164,7.946542739868164,7.946542739868164,200
1999-09-02,7.787613868713379,7.867079316353312,7.734636903620091,7.734636903620091,500
1999-09-03,7.893564224243164,7.893564224243164,7.893564224243164,7.893564224243164,200
1999-09-07,7.893564224243164,7.893564224243164,7.893564224243164,7.893564224243164,0
1999-09-08,7.893564224243164,7.893564224243164,7.893564224243164,7.893564224243164,0
1999-09-09,7.6286821365356445,7.7346360550986395,7.6286821365356445,7.7346360550986395,400
1999-09-10,7.6286821365356445,7.6286821365356445,7.6286821365356445,7.6286821365356445,0
1999-09-13,7.6798810958862305,7.7332136034965515,7.6798810958862305,7.7332136034965515,3000
1999-09-14,7.999874591827393,7.999874591827393,7.999874591827393,7.999874591827393,100
1999-09-15,7.999874591827393,7.999874591827393,7.999874591827393,7.999874591827393,0
1999-09-16,7.999874591827393,7.999874591827393,7.999874591827393,7.999874591827393,0
1999-09-17,7.466549873352051,7.759878618376596,7.466549873352051,7.759878618376596,1200
1999-09-20,7.466549873352051,7.466549873352051,7.466549873352051,7.466549873352051,1600
1999-09-21,8.106539726257324,8.106539726257324,8.106539726257324,8.106539726257324,100
1999-09-22,7.359889030456543,7.359889030456543,7.359889030456543,7.359889030456543,100
1999-09-23,7.359889030456543,7.359889030456543,7.359889030456543,7.359889030456543,0
1999-09-24,7.359889030456543,7.359889030456543,7.359889030456543,7.359889030456543,0
1999-09-27,7.70654821395874,7.70654821395874,7.679881957163035,7.679881957163035,3200
1999-09-28,7.6798810958862305,7.6798810958862305,7.6798810958862305,7.6798810958862305,2000
1999-09-29,8.106539726257324,8.159872224456386,7.786544737062956,7.94654223166014,9200
1999-09-30,9.813183784484863,10.879834195841914,8.319873208584992,8.426538249720698,29700
1999-10-01,9.599849700927734,9.599849700927734,8.533199734157986,9.333187209235296,8500
1999-10-04,9.173189163208008,9.386519143747728,8.959859182668286,9.066524172938147,6200
1999-10-05,9.173189163208008,9.173189163208008,8.959859182668286,8.959859182668286,3200
1999-10-06,9.173189163208008,9.386519143747728,9.173189163208008,9.386519143747728,7500
1999-10-07,9.173189163208008,9.173189163208008,9.173189163208008,9.173189163208008,0
1999-10-08,8.959856986999512,8.959856986999512,8.959856986999512,8.959856986999512,3000
1999-10-11,8.959856986999512,8.959856986999512,8.959856986999512,8.959856986999512,100
1999-10-12,8.959856986999512,8.959856986999512,8.959856986999512,8.959856986999512,0
1999-10-13,9.173189163208008,9.173189163208008,8.959859182668286,8.959859182668286,12300
1999-10-14,8.79986572265625,8.95986328125,8.79986572265625,8.8531982421875,1800
1999-10-15,8.746528625488281,8.746528625488281,8.746528625488281,8.746528625488281,200
1999-10-18,8.746528625488281,8.746528625488281,8.746528625488281,8.746528625488281,0
1999-10-19,8.746528625488281,8.746528625488281,8.746528625488281,8.746528625488281,0
1999-10-20,8.746528625488281,8.746528625488281,8.746528625488281,8.746528625488281,0
1999-10-21,8.533202171325684,8.533202171325684,8.533202171325684,8.533202171325684,100
1999-10-22,8.426534652709961,8.533199648313886,8.426534652709961,8.533199648313886,1100
1999-10-25,8.426534652709961,8.426534652709961,8.426534652709961,8.426534652709961,0
1999-10-26,8.426534652709961,8.426534652709961,8.426534652709961,8.426534652709961,0
1999-10-27,8.426534652709961,8.426534652709961,8.426534652709961,8.426534652709961,0
1999-10-28,8.106539726257324,8.106539726257324,8.106539726257324,8.106539726257324,1600
1999-10-29,8.106539726257324,8.106539726257324,8.106539726257324,8.106539726257324,0
1999-11-01,8.319869995117188,8.319869995117188,8.319869995117188,8.319869995117188,100
1999-11-02,8.106539726257324,8.106539726257324,8.106539726257324,8.106539726257324,100
1999-11-03,8.319869995117188,8.319869995117188,7.999874995304988,8.106539995242388,500
1999-11-04,7.999874591827393,7.999874591827393,7.999874591827393,7.999874591827393,700
1999-11-05,7.999874591827393,7.999874591827393,7.999874591827393,7.999874591827393,0
1999-11-08,8.186542510986328,8.186542510986328,8.186542510986328,8.186542510986328,200
1999-11-09,8.106539726257324,8.106539726257324,8.106539726257324,8.106539726257324,600
1999-11-10,8.106539726257324,8.106539726257324,8.106539726257324,8.106539726257324,0
1999-11-11,7.999874591827393,7.999874591827393,7.999874591827393,7.999874591827393,100
1999-11-12,8.053205490112305,8.053205490112305,8.053205490112305,8.053205490112305,1000
1999-11-15,7.999874591827393,7.999874591827393,7.999874591827393,7.999874591827393,100
1999-11-16,7.999874591827393,7.999874591827393,7.999874591827393,7.999874591827393,0
1999-11-17,7.573217868804932,7.679882909210635,7.573217868804932,7.679882909210635,800
1999-11-18,7.573217868804932,7.573217868804932,7.573217868804932,7.573217868804932,100
1999-11-19,7.89321231842041,7.89321231842041,7.89321231842041,7.89321231842041,100
1999-11-22,7.999874591827393,7.999874591827393,7.999874591827393,7.999874591827393,900
1999-11-23,7.999874591827393,7.999874591827393,7.893209597269694,7.893209597269694,1600
1999-11-24,7.999874591827393,7.999874591827393,7.999874591827393,7.999874591827393,0
1999-11-26,7.999874591827393,7.999874591827393,7.999874591827393,7.999874591827393,0
1999-11-29,7.999874591827393,7.999874591827393,7.999874591827393,7.999874591827393,100
1999-11-30,7.999874591827393,7.999874591827393,7.999874591827393,7.999874591827393,0
1999-12-01,7.946540832519531,7.946540832519531,7.946540832519531,7.946540832519531,100
1999-12-02,7.946540832519531,7.946540832519531,7.946540832519531,7.946540832519531,0
1999-12-03,7.946540832519531,7.946540832519531,7.946540832519531,7.946540832519531,0
1999-12-06,7.89321231842041,7.89321231842041,7.7865472870904044,7.7865472870904044,500
1999-12-07,7.786543369293213,7.786543369293213,7.786543369293213,7.786543369293213,100
1999-12-08,7.839880466461182,7.839880466461182,7.839880466461182,7.839880466461182,1100
1999-12-09,7.839880466461182,7.839880466461182,7.839880466461182,7.839880466461182,0
1999-12-10,7.946540832519531,7.946540832519531,7.626545899666396,7.786543366092964,4600
1999-12-13,7.921838760375977,7.921838760375977,7.921838760375977,7.921838760375977,0
1999-12-14,7.921838760375977,7.921838760375977,7.921838760375977,7.921838760375977,0
1999-12-15,7.921838760375977,7.921838760375977,7.921838760375977,7.921838760375977,0
1999-12-16,7.921838760375977,7.921838760375977,7.921838760375977,7.921838760375977,0
1999-12-17,7.41162109375,7.465328492980072,7.304206295289855,7.465328492980072,2100
1999-12-20,7.304203510284424,7.304203510284424,7.304203510284424,7.304203510284424,1300
1999-12-21,7.304203510284424,7.304203510284424,7.304203510284424,7.304203510284424,0
1999-12-22,7.1967878341674805,7.250495206064253,6.7134214870965305,6.874543602786847,7000
1999-12-23,7.304203510284424,7.465325646540698,7.304203510284424,7.411618267788607,5400
1999-12-27,7.304203510284424,7.304203510284424,7.304203510284424,7.304203510284424,100
1999-12-28,7.357911109924316,7.357911109924316,7.304203729559905,7.304203729559905,3300
1999-12-29,7.357911109924316,7.357911109924316,7.357911109924316,7.357911109924316,0
1999-12-30,7.357911109924316,7.357911109924316,7.357911109924316,7.357911109924316,0
1999-12-31,7.357911109924316,7.357911109924316,7.357911109924316,7.357911109924316,0
2000-01-03,7.733863830566406,7.84127860599094,7.411619504292807,7.411619504292807,3900
2000-01-04,7.304203510284424,7.5190330252927895,7.304203510284424,7.5190330252927895,3300
2000-01-05,7.304203510284424,7.304203510284424,7.304203510284424,7.304203510284424,1000
2000-01-06,7.626445293426514,7.626445293426514,7.626445293426514,7.626445293426514,1100
2000-01-07,7.519028663635254,7.519028663635254,7.519028663635254,7.519028663635254,100
2000-01-10,7.545886516571045,7.545886516571045,7.545886516571045,7.545886516571045,200
2000-01-11,7.733863830566406,7.733863830566406,7.733863830566406,7.733863830566406,300
2000-01-12,7.304203510284424,7.5190330252927895,7.304203510284424,7.5190330252927895,1800
2000-01-13,7.304203510284424,7.304203510284424,7.304203510284424,7.304203510284424,0
2000-01-14,7.304203510284424,7.304203510284424,7.304203510284424,7.304203510284424,0
2000-01-18,7.519028663635254,7.519028663635254,7.519028663635254,7.519028663635254,200
2000-01-19,6.981960296630859,7.304204618013823,6.874545522836539,7.089375070425181,8200
2000-01-20,6.981960296630859,6.981960296630859,6.981960296630859,6.981960296630859,0
2000-01-21,7.0893754959106445,7.0893754959106445,7.0893754959106445,7.0893754959106445,100
2000-01-24,7.0893754959106445,7.304205056392785,7.0893754959106445,7.304205056392785,200
2000-01-25,7.0893754959106445,7.0893754959106445,7.0893754959106445,7.0893754959106445,100
2000-01-26,7.0893754959106445,7.0893754959106445,7.0893754959106445,7.0893754959106445,0
2000-01-27,7.14307975769043,7.143079757690431,7.143079757690431,7.143079757690431,200
2000-01-28,7.304203510284424,7.304203510284424,7.304203510284424,7.304203510284424,800
2000-01-31,7.304203510284424,7.304203510284424,7.304203510284424,7.304203510284424,0
2000-02-01,7.277349948883057,7.277349948883057,7.277349948883057,7.277349948883057,200
2000-02-02,7.250494956970215,7.250494956970216,7.250494956970216,7.250494956970216,2600
2000-02-03,6.981960296630859,7.089375070425181,6.981960296630859,7.089375070425181,6600
2000-02-04,7.0893754959106445,7.0893754959106445,7.0893754959106445,7.0893754959106445,2500
2000-02-07,6.874545097351074,6.874545097351074,6.874545097351074,6.874545097351074,2600
2000-02-08,7.250494956970215,7.250494956970216,7.089372846815322,7.089372846815322,1400
2000-02-09,7.1967878341674805,7.1967878341674805,7.1967878341674805,7.1967878341674805,100
2000-02-10,7.0893754959106445,7.196790276151715,7.0893754959106445,7.196790276151715,2000
2000-02-11,7.0893754959106445,7.0893754959106445,6.981960715669574,6.981960715669574,700
2000-02-14,6.981960296630859,6.981960296630859,6.659715975247897,6.659715975247897,2200
2000-02-15,6.928252220153809,7.089374364808548,6.928252220153809,7.089374364808548,9600
2000-02-16,6.820838451385498,6.874545840766486,6.444886725718581,6.659716283242534,10000
2000-02-17,6.444886684417725,6.659716240564983,6.444886684417725,6.659716240564983,2800
2000-02-18,6.6597161293029785,6.6597161293029785,6.6597161293029785,6.6597161293029785,400
2000-02-22,6.471740245819092,6.471740245819092,6.471740245819092,6.471740245819092,100
2000-02-23,6.444886684417725,6.87454579671224,6.444886684417725,6.87454579671224,1300
2000-02-24,6.122639179229736,6.122639179229736,6.122639179229736,6.122639179229736,500
2000-02-25,6.39117431640625,6.6597110523897065,6.39117431640625,6.6597110523897065,4000
2000-02-28,6.39117431640625,6.39117431640625,6.39117431640625,6.39117431640625,0
2000-02-29,6.39117431640625,6.39117431640625,6.39117431640625,6.39117431640625,0
2000-03-01,6.6597161293029785,6.6597161293029785,6.6597161293029785,6.6597161293029785,500
2000-03-02,6.6597161293029785,6.6597161293029785,6.6597161293029785,6.6597161293029785,0
2000-03-03,6.6597161293029785,6.6597161293029785,6.6597161293029785,6.6597161293029785,0
2000-03-06,6.552297592163086,6.552297592163086,6.552297592163086,6.552297592163086,300
2000-03-07,6.552297592163086,6.552297592163086,6.552297592163086,6.552297592163086,0
2000-03-08,6.015227317810059,6.283764251640864,6.015227317810059,6.283764251640864,1000
2000-03-09,6.015227317810059,6.337471638407026,6.015227317810059,6.015227317810059,1600
2000-03-10,5.800396919250488,5.800396919250488,5.800396919250488,5.800396919250488,300
2000-03-13,5.775453090667725,5.775453090667725,5.775453090667725,5.775453090667725,0
2000-03-14,5.9652533531188965,5.9652533531188965,5.856794201244007,5.856794201244007,1100
2000-03-15,5.748334884643555,5.748334884643555,5.748334884643555,5.748334884643555,1700
2000-03-16,5.856794357299805,6.399090131123861,5.856794357299805,6.399090131123861,900
2000-03-17,6.399092197418213,6.399092197418213,6.399092197418213,6.399092197418213,200
2000-03-20,5.911025524139404,6.019484708068568,5.911025524139404,6.019484708068568,3500
2000-03-21,6.507552146911621,6.507552146911621,6.507552146911621,6.507552146911621,300
2000-03-22,5.938138961791992,6.236401649370586,5.938138961791992,6.182172069810841,3400
2000-03-23,6.399092197418213,6.399092197418213,6.182173817844714,6.182173817844714,1200
2000-03-24,5.639878749847412,6.1821747834865866,5.422960336391743,6.1821747834865866,8600
2000-03-27,6.019484996795654,6.073714591361381,5.639877834835568,5.639877834835568,1800
2000-03-28,5.450071811676025,5.96525272919764,4.338365621234647,5.96525272919764,20300
2000-03-29,5.260269641876221,5.422958393686826,4.7722033864444064,5.422958393686826,25100
2000-03-30,6.0737152099609375,6.0737152099609375,5.260271208626883,5.31450080871582,16100
2000-03-31,4.88066291809082,6.127943441602919,4.88066291809082,5.694106737772624,40000
2000-04-03,5.9652533531188965,5.9652533531188965,5.422957593744451,5.422957593744451,26000
2000-04-04,5.9652533531188965,5.9652533531188965,5.856794201244007,5.9652533531188965,6200
2000-04-05,5.9652533531188965,6.236401232806119,5.9652533531188965,5.9652533531188965,7000
2000-04-06,6.019484996795654,6.019484996795654,5.911025807664202,5.965255402229928,6200
2000-04-07,6.0737152099609375,6.0737152099609375,5.965256009783064,6.0737152099609375,8900
2000-04-10,6.0737152099609375,6.0737152099609375,6.0737152099609375,6.0737152099609375,0
2000-04-11,6.127942085266113,6.127942085266113,6.127942085266113,6.127942085266113,6000
2000-04-12,6.0737152099609375,6.290633610316686,6.0737152099609375,6.236404010227749,11400
2000-04-13,6.236403942108154,6.236403942108154,6.127944743114969,6.127944743114969,4100
2000-04-14,5.9652533531188965,6.236401232806119,5.9652533531188965,6.12794208093123,7300
2000-04-17,6.0737152099609375,6.182174410138812,6.0737152099609375,6.0737152099609375,900
2000-04-18,6.182169437408447,6.399087663282428,6.073710324471457,6.073710324471457,3500
2000-04-19,6.290630340576172,6.290630340576172,5.965252909167059,6.290630340576172,1900
2000-04-20,6.507552146911621,6.507552146911621,6.290633742014567,6.290633742014567,3700
2000-04-24,6.616008281707764,6.616008281707764,6.399089977389477,6.399089977389477,1400
2000-04-25,6.670240879058838,6.670240879058838,6.670240879058838,6.670240879058838,400
2000-04-26,6.724470615386963,6.724470615386963,6.61601141191298,6.670241013649972,1500
2000-04-27,6.616008281707764,6.7244674338669075,6.616008281707764,6.7244674338669075,1700
2000-04-28,6.616008281707764,6.616008281707764,6.616008281707764,6.616008281707764,0
2000-05-01,6.941388130187988,6.941388130187988,6.941388130187988,6.941388130187988,200
2000-05-02,6.616008281707764,6.616008281707764,6.616008281707764,6.616008281707764,1300
2000-05-03,6.616008281707764,6.616008281707764,6.616008281707764,6.616008281707764,100
2000-05-04,6.616008281707764,6.616008281707764,6.616008281707764,6.616008281707764,500
2000-05-05,6.941388130187988,6.941388130187988,6.724469751119614,6.724469751119614,1800
2000-05-08,6.941388130187988,6.941388130187988,6.832928940653801,6.832928940653801,2100
2000-05-09,6.832930088043213,6.94138929578993,6.832930088043213,6.94138929578993,6200
2000-05-10,6.832930088043213,6.832930088043213,6.832930088043213,6.832930088043213,300
2000-05-11,6.941388130187988,6.941388130187988,6.941388130187988,6.941388130187988,300
2000-05-12,6.941388130187988,6.941388130187988,6.941388130187988,6.941388130187988,0
2000-05-15,6.941388130187988,6.941388130187988,6.941388130187988,6.941388130187988,0
2000-05-16,6.941388130187988,6.941388130187988,6.941388130187988,6.941388130187988,0
2000-05-17,6.941388130187988,7.049847319722176,6.832928940653801,6.832928940653801,9500
2000-05-18,6.941388130187988,6.941388130187988,6.941388130187988,6.941388130187988,0
2000-05-19,6.941388130187988,6.941388130187988,6.941388130187988,6.941388130187988,0
2000-05-22,6.941388130187988,6.941388130187988,6.941388130187988,6.941388130187988,0
2000-05-23,6.941388130187988,6.941388130187988,6.941388130187988,6.941388130187988,0
2000-05-24,6.941388130187988,6.941388130187988,6.941388130187988,6.941388130187988,0
2000-05-25,6.995617389678955,6.995617389678955,6.995617389678955,6.995617389678955,300
2000-05-26,6.995617389678955,6.995617389678955,6.995617389678955,6.995617389678955,0
2000-05-30,6.941388130187988,6.941388130187988,6.941388130187988,6.941388130187988,300
2000-05-31,7.076961517333984,7.158305902590697,7.049846722248414,7.049846722248414,6100
2000-06-01,7.266762733459473,7.266762733459473,7.0498444429084435,7.0498444429084435,300
2000-06-02,7.104075908660889,7.104075908660889,7.104075908660889,7.104075908660889,600
2000-06-05,7.104075908660889,7.104075908660889,7.104075908660889,7.104075908660889,0
2000-06-06,6.941388130187988,6.941388130187988,6.941388130187988,6.941388130187988,1200
2000-06-07,7.700601100921631,7.700601100921631,7.266764419179567,7.266764419179567,3400
2000-06-08,7.375223636627197,7.375223636627197,7.375223636627197,7.375223636627197,200
2000-06-09,7.3209919929504395,7.3209919929504395,7.212532852314137,7.212532852314137,700
2000-06-12,7.3209919929504395,7.3209919929504395,7.3209919929504395,7.3209919929504395,200
2000-06-13,7.268526077270508,7.268526077270508,7.268526077270508,7.268526077270508,100
2000-06-14,7.323180675506592,7.323180675506592,7.323180675506592,7.323180675506592,200
2000-06-15,7.432478904724121,7.459804194815018,7.323177744360531,7.459804194815018,7100
2000-06-16,7.323180675506592,7.4324818796186305,7.323180675506592,7.377831277562611,25500
2000-06-19,7.323180675506592,7.4324818796186305,7.323180675506592,7.4324818796186305,11300
2000-06-20,7.323180675506592,7.323180675506592,7.323180675506592,7.323180675506592,0
2000-06-21,7.323180675506592,7.323180675506592,7.323180675506592,7.323180675506592,0
2000-06-22,7.323180675506592,7.323180675506592,7.323180675506592,7.323180675506592,0
2000-06-23,7.323180675506592,7.323180675506592,7.323180675506592,7.323180675506592,2100
2000-06-26,7.432478904724121,7.432478904724121,7.241201874087839,7.241201874087839,600
2000-06-27,7.405152797698975,7.432478084775354,7.405152797698975,7.432478084775354,7400
2000-06-28,7.405152797698975,7.405152797698975,7.405152797698975,7.405152797698975,0
2000-06-29,7.1592254638671875,7.24120132795727,7.1592254638671875,7.24120132795727,700
2000-06-30,7.1592254638671875,7.1592254638671875,7.1592254638671875,7.1592254638671875,100
2000-07-03,7.1592254638671875,7.1592254638671875,7.1592254638671875,7.1592254638671875,0
2000-07-05,7.596435546875,7.651086162320144,7.32318246964928,7.32318246964928,3600
2000-07-06,7.596435546875,7.596435546875,7.596435546875,7.596435546875,0
2000-07-07,7.541781902313232,7.541781902313232,7.541781902313232,7.541781902313232,100
2000-07-10,7.432478904724121,7.432478904724121,7.432478904724121,7.432478904724121,3100
2000-07-11,7.268526077270508,7.323176649280061,7.268526077270508,7.323176649280061,1800
2000-07-12,7.268526077270508,7.268526077270508,7.268526077270508,7.268526077270508,0
2000-07-13,7.268526077270508,7.268526077270508,7.268526077270508,7.268526077270508,0
2000-07-14,7.104579925537109,7.104579925537109,7.104579925537109,7.104579925537109,700
2000-07-17,7.104579925537109,7.104579925537109,7.104579925537109,7.104579925537109,0
2000-07-18,7.377830505371094,7.377830505371094,7.377830505371094,7.377830505371094,100
2000-07-19,7.377830505371094,7.377830505371094,7.377830505371094,7.377830505371094,0
2000-07-20,7.377830505371094,7.377830505371094,7.377830505371094,7.377830505371094,0
2000-07-21,7.104579925537109,7.104579925537109,7.104579925537109,7.104579925537109,1000
2000-07-24,7.104579925537109,7.104579925537109,7.104579925537109,7.104579925537109,0
2000-07-25,7.104579925537109,7.104579925537109,7.104579925537109,7.104579925537109,0
2000-07-26,7.104579925537109,7.104579925537109,7.104579925537109,7.104579925537109,0
2000-07-27,7.104579925537109,7.104579925537109,7.104579925537109,7.104579925537109,0
2000-07-28,7.104579925537109,7.104579925537109,7.104579925537109,7.104579925537109,0
2000-07-31,7.1592254638671875,7.1592254638671875,7.104574887807132,7.104574887807132,2200
2000-08-01,6.99527645111084,7.213878840208054,6.99527645111084,7.213878840208054,300
2000-08-02,6.99527645111084,6.99527645111084,6.99527645111084,6.99527645111084,500
2000-08-03,6.99527645111084,6.99527645111084,6.99527645111084,6.99527645111084,0
2000-08-04,7.21388053894043,7.21388053894043,7.104579318653454,7.104579318653454,2100
2000-08-07,7.21388053894043,7.21388053894043,7.21388053894043,7.21388053894043,0
2000-08-08,7.21388053894043,7.21388053894043,7.21388053894043,7.21388053894043,0
2000-08-09,7.21388053894043,7.21388053894043,7.21388053894043,7.21388053894043,0
2000-08-10,7.21388053894043,7.21388053894043,6.9952780983664775,6.9952780983664775,1800
2000-08-11,7.104579925537109,7.104579925537109,7.104579925537109,7.104579925537109,400
2000-08-14,6.776674270629883,6.776674270629883,6.776674270629883,6.776674270629883,300
2000-08-15,6.776674270629883,6.776674270629883,6.776674270629883,6.776674270629883,500
2000-08-16,6.776674270629883,6.776674270629883,6.776674270629883,6.776674270629883,500
2000-08-17,6.558075904846191,6.558075904846191,6.558075904846191,6.558075904846191,200
2000-08-18,6.6673736572265625,6.7220242609743215,6.5580724497310445,6.5580724497310445,3200
2000-08-21,6.831325531005859,6.831325531005859,6.831325531005859,6.831325531005859,800
2000-08-22,6.831325531005859,6.831325531005859,6.831325531005859,6.831325531005859,0
2000-08-23,6.831325531005859,6.831325531005859,6.831325531005859,6.831325531005859,0
2000-08-24,6.831325531005859,6.831325531005859,6.831325531005859,6.831325531005859,0
2000-08-25,6.9406256675720215,7.0499268591873285,6.7220232843414065,6.7220232843414065,3000
2000-08-28,7.1592254638671875,7.1592254638671875,7.1592254638671875,7.1592254638671875,100
2000-08-29,6.722020626068115,6.722020626068115,6.722020626068115,6.722020626068115,100
2000-08-30,6.6673736572265625,6.6673736572265625,6.6673736572265625,6.6673736572265625,3800
2000-08-31,6.8859734535217285,6.8859734535217285,6.8859734535217285,6.8859734535217285,2100
2000-09-01,6.6673736572265625,6.8859760722175976,6.6673736572265625,6.6673736572265625,2200
2000-09-05,6.6673736572265625,6.6673736572265625,6.6673736572265625,6.6673736572265625,0
2000-09-06,6.6673736572265625,6.6673736572265625,6.6127230534788035,6.6127230534788035,600
2000-09-07,6.6673736572265625,6.6673736572265625,6.6673736572265625,6.6673736572265625,0
2000-09-08,6.722020626068115,6.722020626068115,6.722020626068115,6.722020626068115,100
2000-09-11,6.776674270629883,6.776674270629883,6.776674270629883,6.776674270629883,1000
2000-09-12,6.776674270629883,6.776674270629883,6.776674270629883,6.776674270629883,0
2000-09-13,6.999331474304199,6.999331474304199,6.999331474304199,6.999331474304199,500
2000-09-14,6.999331474304199,6.999331474304199,6.999331474304199,6.999331474304199,0
2000-09-15,6.999331474304199,6.999331474304199,6.999331474304199,6.999331474304199,0
2000-09-18,6.999331474304199,6.999331474304199,6.999331474304199,6.999331474304199,0
2000-09-19,6.999331474304199,6.999331474304199,6.999331474304199,6.999331474304199,0
2000-09-20,6.833995819091797,6.833995819091797,6.833995819091797,6.833995819091797,300
2000-09-21,6.833995819091797,6.833995819091797,6.833995819091797,6.833995819091797,400
2000-09-22,6.833995819091797,6.833995819091797,6.833995819091797,6.833995819091797,400
2000-09-25,6.833995819091797,6.833995819091797,6.833995819091797,6.833995819091797,0
2000-09-26,6.944220542907715,6.999333404359363,6.833994820004418,6.833994820004418,3500
2000-09-27,6.944220542907715,6.999333404359363,6.833994820004418,6.833994820004418,2400
2000-09-28,6.944220542907715,6.944220542907715,6.944220542907715,6.944220542907715,0
2000-09-29,6.833995819091797,6.833995819091797,6.833995819091797,6.833995819091797,100
2000-10-02,6.944220542907715,6.971776973633539,6.944220542907715,6.944220542907715,3800
2000-10-03,7.0268874168396,7.0268874168396,6.833992468142042,6.889105310627058,6400
2000-10-04,6.889106750488281,6.889106750488281,6.889106750488281,6.889106750488281,900
2000-10-05,6.889106750488281,6.889106750488281,6.889106750488281,6.889106750488281,0
2000-10-06,6.889106750488281,6.889106750488281,6.889106750488281,6.889106750488281,0
2000-10-09,6.889106750488281,6.889106750488281,6.889106750488281,6.889106750488281,100
2000-10-10,6.889106750488281,6.889106750488281,6.889106750488281,6.889106750488281,0
2000-10-11,6.833995819091797,6.889108688600602,6.833995819091797,6.889108688600602,800
2000-10-12,6.833995819091797,6.833995819091797,6.833995819091797,6.833995819091797,1200
2000-10-13,6.7237677574157715,6.7237677574157715,6.7237677574157715,6.7237677574157715,300
2000-10-16,6.7237677574157715,6.7237677574157715,6.7237677574157715,6.7237677574157715,200
2000-10-17,6.7788777351379395,6.7788777351379395,6.668652080908054,6.668652080908054,800
2000-10-18,6.7788777351379395,6.7788777351379395,6.7788777351379395,6.7788777351379395,0
2000-10-19,6.7237677574157715,6.7237677574157715,6.7237677574157715,6.7237677574157715,1000
2000-10-20,6.7237677574157715,6.7237677574157715,6.7237677574157715,6.7237677574157715,0
2000-10-23,6.889106750488281,7.2197838745117195,6.723768188476563,6.833993896484375,19600
2000-10-24,6.889106750488281,6.889106750488281,6.889106750488281,6.889106750488281,0
2000-10-25,6.889106750488281,6.889106750488281,6.889106750488281,6.889106750488281,0
2000-10-26,6.833995819091797,7.054447297127016,6.833995819091797,7.054447297127016,2600
2000-10-27,6.833995819091797,6.833995819091797,6.833995819091797,6.833995819091797,0
2000-10-30,6.833995819091797,6.833995819091797,6.833995819091797,6.833995819091797,100
2000-10-31,7.054441928863525,7.054441928863525,7.054441928863525,7.054441928863525,100
2000-11-01,6.833995819091797,6.833995819091797,6.833995819091797,6.833995819091797,100
2000-11-02,6.833995819091797,6.833995819091797,6.833995819091797,6.833995819091797,0
2000-11-03,7.164667129516602,7.164667129516602,7.054441481370192,7.054441481370192,2100
2000-11-06,7.164667129516602,7.164667129516602,7.164667129516602,7.164667129516602,0
2000-11-07,7.164667129516602,7.164667129516602,7.164667129516602,7.164667129516602,0
2000-11-08,6.944220542907715,6.944220542907715,6.944220542907715,6.944220542907715,1100
2000-11-09,6.833995819091797,6.833995819091797,6.833995819091797,6.833995819091797,1000
2000-11-10,6.833995819091797,6.833995819091797,6.833995819091797,6.833995819091797,0
2000-11-13,6.944220542907715,6.944220542907715,6.833994820004418,6.833994820004418,200
2000-11-14,6.944220542907715,6.944220542907715,6.944220542907715,6.944220542907715,1100
2000-11-15,6.944220542907715,6.944220542907715,6.944220542907715,6.944220542907715,0
2000-11-16,6.944220542907715,6.944220542907715,6.944220542907715,6.944220542907715,0
2000-11-17,6.944220542907715,6.944220542907715,6.944220542907715,6.944220542907715,0
2000-11-20,6.944220542907715,6.944220542907715,6.944220542907715,6.944220542907715,0
2000-11-21,6.833995819091797,6.833995819091797,6.833995819091797,6.833995819091797,3400
2000-11-22,6.944220542907715,6.944220542907715,6.889107681456066,6.944220542907715,6200
2000-11-24,6.944220542907715,6.944220542907715,6.944220542907715,6.944220542907715,0
2000-11-27,6.889106750488281,6.889106750488281,6.889106750488281,6.889106750488281,400
2000-11-28,6.889106750488281,6.889106750488281,6.889106750488281,6.889106750488281,0
2000-11-29,6.889106750488281,6.889106750488281,6.889106750488281,6.889106750488281,3000
2000-11-30,6.889106750488281,6.889106750488281,6.889106750488281,6.889106750488281,1600
2000-12-01,6.889106750488281,6.889106750488281,6.889106750488281,6.889106750488281,0
2000-12-04,6.613542556762695,6.613542556762695,6.613542556762695,6.613542556762695,1600
2000-12-05,6.833995819091797,6.833995819091797,6.613544341056578,6.613544341056578,11500
2000-12-06,6.833995819091797,6.833995819091797,6.833995819091797,6.833995819091797,0
2000-12-07,6.833995819091797,6.833995819091797,6.833995819091797,6.833995819091797,0
2000-12-08,6.833995819091797,6.833995819091797,6.833995819091797,6.833995819091797,1000
2000-12-11,6.833995819091797,6.833995819091797,6.833995819091797,6.833995819091797,0
2000-12-12,6.833995819091797,6.833995819091797,6.613544341056578,6.723770080074187,500
2000-12-13,6.8128581047058105,6.8128581047058105,6.8128581047058105,6.8128581047058105,0
2000-12-14,6.8128581047058105,6.8128581047058105,6.8128581047058105,6.8128581047058105,0
2000-12-15,7.007513999938965,7.007513999938965,7.007513999938965,7.007513999938965,500
2000-12-18,7.118739128112793,7.118739128112793,7.007508829236031,7.007508829236031,300
2000-12-19,7.007513999938965,7.007513999938965,6.896283618987553,6.896283618987553,800
2000-12-20,6.673821926116943,6.896282656987508,6.673821926116943,6.896282656987508,500
2000-12-21,6.673821926116943,6.673821926116943,6.673821926116943,6.673821926116943,600
2000-12-22,7.007513999938965,7.007513999938965,7.007513999938965,7.007513999938965,100
2000-12-26,7.007513999938965,7.007513999938965,7.007513999938965,7.007513999938965,0
2000-12-27,7.007513999938965,7.007513999938965,7.007513999938965,7.007513999938965,0
2000-12-28,6.472217082977295,6.673822126378306,6.472217082977295,6.673822126378306,800
2000-12-29,6.451361179351807,7.007513005157997,6.451361179351807,6.673821909674283,3000
2001-01-02,7.007513999938965,7.341205142793202,7.007513999938965,7.007513999938965,5600
2001-01-03,6.7850518226623535,7.00751253815948,6.7850518226623535,7.00751253815948,400
2001-01-04,6.7850518226623535,6.7850518226623535,6.7294366437880715,6.7850518226623535,3900
2001-01-05,7.007513999938965,7.007513999938965,6.785053238036141,6.785053238036141,1100
2001-01-08,7.007513999938965,7.007513999938965,7.007513999938965,7.007513999938965,0
2001-01-09,7.007513999938965,7.007513999938965,7.007513999938965,7.007513999938965,0
2001-01-10,6.951898097991943,7.007513282775879,6.951898097991943,7.007513282775879,7000
2001-01-11,6.673821926116943,6.896282656987508,6.673821926116943,6.896282656987508,1000
2001-01-12,6.673821926116943,6.673821926116943,6.673821926116943,6.673821926116943,0
2001-01-16,6.451361179351807,6.451361179351807,6.451361179351807,6.451361179351807,100
2001-01-17,6.7850518226623535,6.7850518226623535,6.7850518226623535,6.7850518226623535,100
2001-01-18,6.7850518226623535,6.7850518226623535,6.7850518226623535,6.7850518226623535,0
2001-01-19,6.451361179351807,6.562591544513045,6.2289004490293305,6.451361179351807,2000
2001-01-22,6.451361179351807,6.451361179351807,6.451361179351807,6.451361179351807,0
2001-01-23,6.451361179351807,6.451361179351807,6.451361179351807,6.451361179351807,0
2001-01-24,6.451361179351807,6.451361179351807,6.451361179351807,6.451361179351807,200
2001-01-25,6.451361179351807,6.451361179351807,6.451361179351807,6.451361179351807,0
2001-01-26,6.896284580230713,6.896284580230713,6.840669382003046,6.840669382003046,2900
2001-01-29,6.896284580230713,6.896284580230713,6.896284580230713,6.896284580230713,100
2001-01-30,6.840663909912109,7.007509371129478,6.840663909912109,7.007509371129478,10600
2001-01-31,6.896284580230713,6.896284580230713,6.896284580230713,6.896284580230713,3500
2001-02-01,7.229969501495361,7.229969501495361,7.229969501495361,7.229969501495361,100
2001-02-02,7.229969501495361,7.229969501495361,7.229969501495361,7.229969501495361,0
2001-02-05,7.229969501495361,7.229969501495361,7.229969501495361,7.229969501495361,0
2001-02-06,7.229969501495361,7.229969501495361,7.229969501495361,7.229969501495361,0
2001-02-07,7.229969501495361,7.229969501495361,7.229969501495361,7.229969501495361,0
2001-02-08,6.896284580230713,6.896284580230713,6.896284580230713,6.896284580230713,3000
2001-02-09,6.896284580230713,6.896284580230713,6.896284580230713,6.896284580230713,300
2001-02-12,6.896284580230713,6.896284580230713,6.896284580230713,6.896284580230713,0
2001-02-13,6.896284580230713,6.896284580230713,6.896284580230713,6.896284580230713,0
2001-02-14,6.896284580230713,6.896284580230713,6.896284580230713,6.896284580230713,0
2001-02-15,6.896284580230713,6.896284580230713,6.896284580230713,6.896284580230713,0
2001-02-16,6.7850518226623535,6.7850518226623535,6.7850518226623535,6.7850518226623535,300
2001-02-20,6.673821926116943,6.673821926116943,6.673821926116943,6.673821926116943,400
2001-02-21,6.896284580230713,6.896284580230713,6.896284580230713,6.896284580230713,3100
2001-02-22,6.896284580230713,6.896284580230713,6.896284580230713,6.896284580230713,0
2001-02-23,6.7850518226623535,6.7850518226623535,6.7850518226623535,6.7850518226623535,400
2001-02-26,6.7850518226623535,6.7850518226623535,6.7850518226623535,6.7850518226623535,0
2001-02-27,6.896284580230713,6.896284580230713,6.896284580230713,6.896284580230713,1000
2001-02-28,6.7850518226623535,6.896282180410917,6.7850518226623535,6.896282180410917,6000
2001-03-01,6.840663909912109,6.840663909912109,6.785048756172986,6.785048756172986,1700
2001-03-02,6.840663909912109,6.840663909912109,6.840663909912109,6.840663909912109,0
2001-03-05,6.7850518226623535,6.896282180410917,6.7850518226623535,6.868474590973776,4300
2001-03-06,6.840663909912109,6.8684714867816705,6.840663909912109,6.8684714867816705,2300
2001-03-07,6.840663909912109,6.840663909912109,6.840663909912109,6.840663909912109,0
2001-03-08,6.840663909912109,6.840663909912109,6.840663909912109,6.840663909912109,200
2001-03-09,6.840663909912109,6.840663909912109,6.562588141216495,6.785048756172986,3400
2001-03-12,6.729434967041016,6.729434967041016,6.729434967041016,6.729434967041016,100
2001-03-13,6.792304992675781,6.9045744966869504,6.792304992675781,6.9045744966869504,4500
2001-03-14,6.623900890350342,6.848439903582557,6.567766137042288,6.848439903582557,5600
2001-03-15,6.623900890350342,6.623900890350342,6.623900890350342,6.623900890350342,300
2001-03-16,6.792304992675781,6.792304992675781,6.792304992675781,6.792304992675781,200
2001-03-19,6.848442554473877,6.848442554473877,6.7923077794372055,6.7923077794372055,600
2001-03-20,6.848442554473877,6.848442554473877,6.848442554473877,6.848442554473877,0
2001-03-21,6.848442554473877,6.848442554473877,6.848442554473877,6.848442554473877,0
2001-03-22,6.848442554473877,6.848442554473877,6.848442554473877,6.848442554473877,0
2001-03-23,6.736173629760742,6.736173629760742,6.62390406926473,6.62390406926473,600
2001-03-26,6.623900890350342,6.792305150274503,6.623900890350342,6.623900890350342,5600
2001-03-27,6.792304992675781,6.792304992675781,6.736170240670196,6.736170240670196,3200
2001-03-28,6.792304992675781,6.848439744681366,6.792304992675781,6.792304992675781,1600
2001-03-29,7.409791469573975,7.409791469573975,6.848443630969886,6.848443630969886,7500
2001-03-30,7.409791469573975,7.409791469573975,7.409791469573975,7.409791469573975,0
2001-04-02,7.606258869171143,7.634326245072143,7.297517734260137,7.297517734260137,5700
2001-04-03,7.606258869171143,7.606258869171143,7.606258869171143,7.606258869171143,0
2001-04-04,7.493989944458008,7.634326834803663,7.493989944458008,7.634326834803663,300
2001-04-05,7.634328842163086,7.634328842163086,7.5220593003665694,7.5220593003665694,2200
2001-04-06,7.634328842163086,7.634328842163086,7.634328842163086,7.634328842163086,0
2001-04-09,7.634328842163086,7.634328842163086,7.634328842163086,7.634328842163086,0
2001-04-10,7.679234981536865,7.679234981536865,7.549001933261114,7.549001933261114,3700
2001-04-11,7.7241435050964355,7.7241435050964355,7.6118739823860135,7.6118739823860135,2100
2001-04-12,7.611876010894775,7.611876010894775,7.611876010894775,7.611876010894775,2700
2001-04-16,7.611876010894775,7.634329578801177,7.611876010894775,7.634329578801177,1100
2001-04-17,7.679234981536865,7.679234981536865,7.679234981536865,7.679234981536865,200
2001-04-18,7.7241435050964355,7.7241435050964355,7.7241435050964355,7.7241435050964355,300
2001-04-19,7.634328842163086,7.72414481821975,7.544512866106421,7.72414481821975,1700
2001-04-20,7.634328842163086,7.634328842163086,7.634328842163086,7.634328842163086,0
2001-04-23,7.634328842163086,7.634328842163086,7.634328842163086,7.634328842163086,0
2001-04-24,7.634328842163086,7.634328842163086,7.634328842163086,7.634328842163086,0
2001-04-25,7.634328842163086,7.634328842163086,7.634328842163086,7.634328842163086,0
2001-04-26,7.634328842163086,7.634328842163086,7.634328842163086,7.634328842163086,0
2001-04-27,7.387335300445557,7.409788863473034,7.387335300445557,7.409788863473034,400
2001-04-30,7.387335300445557,7.387335300445557,7.387335300445557,7.387335300445557,0
2001-05-01,7.522060394287109,7.544513963292347,7.522060394287109,7.544513963292347,2800
2001-05-02,7.400806903839111,7.400806903839111,7.400806903839111,7.400806903839111,1500
2001-05-03,7.616361141204834,7.616361141204833,7.616361141204833,7.616361141204833,200
2001-05-04,7.387335300445557,7.387335300445557,7.387335300445557,7.387335300445557,600
2001-05-07,7.387335300445557,7.387335300445557,7.387335300445557,7.387335300445557,0
2001-05-08,7.189738750457764,7.275063808720872,7.189738750457764,7.275063808720872,400
2001-05-09,7.189738750457764,7.189738750457764,7.189738750457764,7.189738750457764,0
2001-05-10,7.189738750457764,7.189738750457764,7.189738750457764,7.189738750457764,0
2001-05-11,7.189738750457764,7.189738750457764,7.189738750457764,7.189738750457764,0
2001-05-14,7.522060394287109,7.522060394287109,7.387337267158185,7.387337267158185,1000
2001-05-15,7.522060394287109,7.522060394287109,7.522060394287109,7.522060394287109,0
2001-05-16,7.522060394287109,7.522060394287109,7.522060394287109,7.522060394287109,0
2001-05-17,7.522060394287109,7.522060394287109,7.522060394287109,7.522060394287109,0
2001-05-18,7.522060394287109,7.522060394287109,7.522060394287109,7.522060394287109,0
2001-05-21,7.409791469573975,7.409791469573975,7.409791469573975,7.409791469573975,400
2001-05-22,7.409791469573975,7.409791469573975,7.409791469573975,7.409791469573975,0
2001-05-23,7.409791469573975,7.409791469573975,7.409791469573975,7.409791469573975,0
2001-05-24,7.189738750457764,7.189738750457764,7.189738750457764,7.189738750457764,100
2001-05-25,7.409791469573975,7.409791469573975,7.409791469573975,7.409791469573975,200
2001-05-29,7.409791469573975,7.409791469573975,7.409791469573975,7.409791469573975,0
2001-05-30,7.409791469573975,7.409791469573975,7.409791469573975,7.409791469573975,0
2001-05-31,7.364880084991455,7.364880084991455,7.364880084991455,7.364880084991455,500
2001-06-01,7.409791469573975,7.409791469573975,7.409791469573975,7.409791469573975,700
2001-06-04,7.297516345977783,7.297516345977783,7.189737745807585,7.189737745807585,600
2001-06-05,7.297516345977783,7.297516345977783,7.297516345977783,7.297516345977783,0
2001-06-06,7.297516345977783,7.297516345977783,7.297516345977783,7.297516345977783,0
2001-06-07,7.297516345977783,7.297516345977783,7.297516345977783,7.297516345977783,0
2001-06-08,7.4052958488464355,7.4052958488464355,7.4052958488464355,7.4052958488464355,600
2001-06-11,7.297516345977783,7.297516345977783,7.297516345977783,7.297516345977783,800
2001-06-12,7.297516345977783,7.297516345977783,7.297516345977783,7.297516345977783,1500
2001-06-13,7.360937595367432,7.360937595367432,7.360937595367432,7.360937595367432,100
2001-06-14,7.360937595367432,7.360937595367432,7.360937595367432,7.360937595367432,0
2001-06-15,7.379058361053467,7.379058361053467,7.379058361053467,7.379058361053467,1000
2001-06-18,7.379058361053467,7.379058361053467,7.379058361053467,7.379058361053467,0
2001-06-19,7.383584022521973,7.383584022521973,7.383584022521973,7.383584022521973,1100
2001-06-20,7.383584022521973,7.383584022521973,7.383584022521973,7.383584022521973,0
2001-06-21,7.465118885040283,7.465118885040283,7.465118885040283,7.465118885040283,500
2001-06-22,7.270340919494629,7.383586110539668,7.247692226882518,7.383586110539668,1900
2001-06-25,7.270340919494629,7.270340919494629,7.270340919494629,7.270340919494629,0
2001-06-26,7.202390193939209,7.465118864581285,7.202390193939209,7.465118864581285,2600
2001-06-27,7.202390193939209,7.202390193939209,7.202390193939209,7.202390193939209,0
2001-06-28,7.374527454376221,7.374527454376221,7.374527454376221,7.374527454376221,200
2001-06-29,7.374527454376221,7.374527454376221,7.374527454376221,7.374527454376221,0
2001-07-02,7.360937595367432,7.360937595367432,7.33828890220936,7.33828890220936,2900
2001-07-03,7.428882122039795,7.428882122039795,7.428882122039795,7.428882122039795,200
2001-07-05,7.465118885040283,7.465118885040283,7.465118885040283,7.465118885040283,1000
2001-07-06,7.700674057006836,7.700674057006836,7.465123819669636,7.465123819669636,9400
2001-07-09,7.5194783210754395,7.564776555008028,7.5194783210754395,7.5194783210754395,1800
2001-07-10,7.696141242980957,7.696141242980957,7.4288825867792285,7.474180825184816,2700
2001-07-11,7.360937595367432,7.360937595367432,7.360937595367432,7.360937595367432,500
2001-07-12,7.573836326599121,7.573836326599121,7.360935727367774,7.360935727367774,500
2001-07-13,7.700674057006836,7.8139192637275245,7.474183643565458,7.474183643565458,22800
2001-07-16,7.700674057006836,7.881866214961465,7.700674057006836,7.881866214961465,7500
2001-07-17,8.126473426818848,8.126473426818848,7.632724429519874,7.832036165381712,17700
2001-07-18,7.813920497894287,7.904517023177016,7.700675273287123,7.904517023177016,2800
2001-07-19,7.791268348693848,7.922632301795747,7.78673843803625,7.78673843803625,6100
2001-07-20,7.836564540863037,7.9271610123148575,7.791267169129111,7.791267169129111,800
2001-07-23,7.841094493865967,8.085704449733088,7.841094493865967,7.927161055818323,5400
2001-07-24,7.9724578857421875,8.108351705706996,7.92715965775664,7.995106567739043,28000
2001-07-25,8.063053131103516,8.063053131103516,8.063053131103516,8.063053131103516,200
2001-07-26,7.976988792419434,8.103822809848676,7.972458882655255,8.103822809848676,9100
2001-07-27,8.131006240844727,8.131006240844727,8.131006240844727,8.131006240844727,100
2001-07-30,8.017757415771484,8.131002572129884,8.017757415771484,8.131002572129884,800
2001-07-31,8.15364933013916,8.15364933013916,7.9543376601513955,8.01775552023355,22600
2001-08-01,8.15364933013916,8.15364933013916,8.1083511055067,8.15364933013916,1200
2001-08-02,8.017757415771484,8.153651257804773,8.017757415771484,8.153651257804773,700
2001-08-03,8.017757415771484,8.153651257804773,8.017757415771484,8.153651257804773,1700
2001-08-06,8.15364933013916,8.15364933013916,8.01775552023355,8.0222845651042,8200
2001-08-07,8.15364933013916,8.15364933013916,8.15364933013916,8.15364933013916,0
2001-08-08,8.040409088134766,8.153654286559199,8.040409088134766,8.153654286559199,5000
2001-08-09,8.040409088134766,8.040409088134766,8.040409088134766,8.040409088134766,0
2001-08-10,8.15364933013916,8.15364933013916,8.15364933013916,8.15364933013916,100
2001-08-13,8.15364933013916,8.15364933013916,8.15364933013916,8.15364933013916,0
2001-08-14,8.008698463439941,8.008698463439941,8.008698463439941,8.008698463439941,2200
2001-08-15,8.017757415771484,8.017757415771484,8.017757415771484,8.017757415771484,100
2001-08-16,8.063053131103516,8.063053131103516,8.063053131103516,8.063053131103516,200
2001-08-17,8.063053131103516,8.063053131103516,8.063053131103516,8.063053131103516,0
2001-08-20,8.063053131103516,8.063053131103516,8.063053131103516,8.063053131103516,200
2001-08-21,8.040409088134766,8.040409088134766,8.017760394046798,8.017760394046798,900
2001-08-22,8.040409088134766,8.040409088134766,8.040409088134766,8.040409088134766,0
2001-08-23,8.040409088134766,8.063057782222733,7.927163889710332,8.00870057081469,8800
2001-08-24,8.017757415771484,8.040406101446374,8.017757415771484,8.040406101446374,1600
2001-08-27,8.108355522155762,8.108355522155762,8.108355522155762,8.108355522155762,1400
2001-08-28,8.108355522155762,8.108355522155762,8.108355522155762,8.108355522155762,200
2001-08-29,8.108355522155762,8.108355522155762,8.108355522155762,8.108355522155762,200
2001-08-30,8.022290229797363,8.063058574354711,8.017761181728664,8.017761181728664,1200
2001-08-31,8.108355522155762,8.108355522155762,8.040408580192024,8.040408580192024,1200
2001-09-04,7.949809551239014,8.108352941353221,7.949809551239014,8.108352941353221,500
2001-09-05,8.108355522155762,8.108355522155762,8.108355522155762,8.108355522155762,700
2001-09-06,8.108355522155762,8.108355522155762,8.108355522155762,8.108355522155762,0
2001-09-07,8.108355522155762,8.108355522155762,8.108355522155762,8.108355522155762,0
2001-09-10,8.063053131103516,8.063053131103516,8.063053131103516,8.063053131103516,200
2001-09-17,8.15364933013916,8.266894459724426,8.1083511055067,8.1083511055067,5700
2001-09-18,8.222167015075684,8.340931754288148,8.17648813518594,8.222167015075684,13000
2001-09-19,8.222167015075684,8.340931754288148,8.17648813518594,8.17648813518594,2700
2001-09-20,8.222167015075684,8.222167015075684,8.222167015075684,8.222167015075684,400
2001-09-21,8.222167015075684,8.222167015075684,8.17648813518594,8.199328010756895,7700
2001-09-24,8.176490783691406,8.176490783691406,8.176490783691406,8.176490783691406,700
2001-09-25,8.176490783691406,8.176490783691406,8.176490783691406,8.176490783691406,100
2001-09-26,8.31352710723877,8.31352710723877,8.31352710723877,8.31352710723877,900
2001-09-27,8.31352710723877,8.31352710723877,8.31352710723877,8.31352710723877,0
2001-09-28,8.31352710723877,8.31352710723877,8.31352710723877,8.31352710723877,0
2001-10-01,9.364139556884766,9.592533204613662,8.427725949697338,8.427725949697338,5000
2001-10-02,9.592533111572266,9.592533111572266,9.592533111572266,9.592533111572266,300
2001-10-03,9.592533111572266,9.592533111572266,9.592533111572266,9.592533111572266,0
2001-10-04,9.135744094848633,9.135744094848633,9.135744094848633,9.135744094848633,200
2001-10-05,9.135744094848633,9.135744094848633,9.135744094848633,9.135744094848633,500
2001-10-08,9.021544456481934,9.592528282841549,9.021544456481934,9.135741221753857,900
2001-10-09,9.021544456481934,9.021544456481934,9.021544456481934,9.021544456481934,0
2001-10-10,9.021544456481934,9.021544456481934,9.021544456481934,9.021544456481934,0
2001-10-11,9.364139556884766,9.364139556884766,9.364139556884766,9.364139556884766,300
2001-10-12,9.364139556884766,9.364139556884766,9.364139556884766,9.364139556884766,0
2001-10-15,9.364139556884766,9.364139556884766,9.364139556884766,9.364139556884766,500
2001-10-16,9.071789741516113,9.190554461388915,9.071789741516113,9.190554461388915,900
2001-10-17,9.592533111572266,9.592533111572266,9.592533111572266,9.592533111572266,200
2001-10-18,9.592533111572266,9.592533111572266,9.592533111572266,9.592533111572266,0
2001-10-19,9.592533111572266,9.592533111572266,9.592533111572266,9.592533111572266,0
2001-10-22,9.592533111572266,9.592533111572266,9.592533111572266,9.592533111572266,0
2001-10-23,9.592533111572266,9.592533111572266,9.592533111572266,9.592533111572266,0
2001-10-24,9.021544456481934,9.135741221753857,9.021544456481934,9.135741221753857,200
2001-10-25,9.021544456481934,9.021544456481934,9.021544456481934,9.021544456481934,0
2001-10-26,9.135744094848633,10.506105709075927,8.678956890106202,8.907350492477416,8900
2001-10-29,8.907349586486816,9.185990031839212,8.907349586486816,9.185990031839212,1100
2001-10-30,9.249942779541016,9.249942779541016,9.249942779541016,9.249942779541016,400
2001-10-31,9.249942779541016,9.249942779541016,9.249942779541016,9.249942779541016,0
2001-11-01,9.309322357177734,9.309322357177734,9.309322357177734,9.309322357177734,100
2001-11-02,8.678956985473633,8.770314775926972,8.678956985473633,8.770314775926972,2000
2001-11-05,8.793149948120117,8.793149948120117,8.793149948120117,8.793149948120117,1700
2001-11-06,8.793149948120117,8.793149948120117,8.793149948120117,8.793149948120117,0
2001-11-07,8.907349586486816,8.907349586486816,8.907349586486816,8.907349586486816,600
2001-11-08,9.135744094848633,9.135744094848633,9.135744094848633,9.135744094848633,200
2001-11-09,8.907349586486816,8.907349586486816,8.907349586486816,8.907349586486816,200
2001-11-12,8.907349586486816,8.907349586486816,8.907349586486816,8.907349586486816,0
2001-11-13,8.907349586486816,8.907349586486816,8.907349586486816,8.907349586486816,0
2001-11-14,8.756610870361328,8.815992824444594,8.756610870361328,8.815992824444594,1000
2001-11-15,8.678956985473633,8.678956985473633,8.678956985473633,8.678956985473633,1500
2001-11-16,8.678956985473633,8.678956985473633,8.678956985473633,8.678956985473633,0
2001-11-19,8.815991401672363,8.815991401672363,8.815991401672363,8.815991401672363,200
2001-11-20,8.815991401672363,8.815991401672363,8.815991401672363,8.815991401672363,0
2001-11-21,8.815991401672363,8.815991401672363,8.815991401672363,8.815991401672363,0
2001-11-23,8.884506225585938,8.884506225585938,8.884506225585938,8.884506225585938,1300
2001-11-26,8.701797485351562,8.889080203676528,8.701797485351562,8.889080203676528,1700
2001-11-27,8.701797485351562,8.701797485351562,8.701797485351562,8.701797485351562,300
2001-11-28,8.701797485351562,8.701797485351562,8.701797485351562,8.701797485351562,0
2001-11-29,8.532784461975098,8.65154923054409,8.532784461975098,8.646981254300776,900
2001-11-30,8.678956985473633,8.710931950756564,8.541921171046086,8.541921171046086,2200
2001-12-03,8.733773231506348,8.733773231506348,8.733773231506348,8.733773231506348,100
2001-12-04,8.678956985473633,8.678956985473633,8.532785217750261,8.532785217750261,500
2001-12-05,8.701797485351562,8.724637372496442,8.678958469459293,8.678958469459293,5900
2001-12-06,8.701797485351562,8.701797485351562,8.701797485351562,8.701797485351562,0
2001-12-07,8.715497970581055,8.724633921825657,8.715497970581055,8.720065946203356,700
2001-12-10,8.715497970581055,8.715497970581055,8.715497970581055,8.715497970581055,0
2001-12-11,8.715497970581055,8.715497970581055,8.715497970581055,8.715497970581055,0
2001-12-12,8.70168685913086,8.70168685913086,8.70168685913086,8.70168685913086,3200
2001-12-13,8.747729301452637,8.747729301452637,8.747729301452637,8.747729301452637,3600
2001-12-14,8.70168685913086,8.70168685913086,8.70168685913086,8.70168685913086,100
2001-12-17,8.70168685913086,8.86282938725768,8.70168685913086,8.86282938725768,5100
2001-12-18,8.770752906799316,8.770752906799316,8.770752906799316,8.770752906799316,1100
2001-12-19,8.770752906799316,8.770752906799316,8.770752906799316,8.770752906799316,0
2001-12-20,8.862829208374023,8.862829208374023,8.862829208374023,8.862829208374023,100
2001-12-21,8.862829208374023,8.862829208374023,8.862829208374023,8.862829208374023,0
2001-12-24,8.733915328979492,8.733915328979492,8.733915328979492,8.733915328979492,400
2001-12-26,8.733915328979492,8.733915328979492,8.733915328979492,8.733915328979492,0
2001-12-27,8.733915328979492,8.733915328979492,8.733915328979492,8.733915328979492,0
2001-12-28,9.023969650268555,9.023969650268555,9.023969650268555,9.023969650268555,700
2001-12-31,9.208134651184082,9.208134651184082,9.093032968044282,9.093032968044282,1000
2002-01-02,8.784563064575195,8.784563064575195,8.784563064575195,8.784563064575195,200
2002-01-03,8.97792911529541,9.023969953056318,8.97792911529541,9.023969953056318,800
2002-01-04,9.291003227233887,9.300211567908727,8.83980507203514,9.093028293503332,7700
2002-01-07,9.576461791992188,9.576461791992188,9.438340093111629,9.438340093111629,600
2002-01-08,9.093031883239746,9.668540230280236,9.093031883239746,9.553438560872138,4200
2002-01-09,9.093031883239746,9.093031883239746,9.093031883239746,9.093031883239746,0
2002-01-10,9.208134651184082,9.622500534856135,9.208134651184082,9.622500534856135,3300
2002-01-11,9.208134651184082,9.208134651184082,9.208134651184082,9.208134651184082,0
2002-01-14,9.212735176086426,9.212735176086426,9.212735176086426,9.212735176086426,300
2002-01-15,9.212735176086426,9.212735176086426,9.212735176086426,9.212735176086426,0
2002-01-16,9.212735176086426,9.212735176086426,9.212735176086426,9.212735176086426,200
2002-01-17,9.760623931884766,9.760623931884766,9.760623931884766,9.760623931884766,100
2002-01-18,9.258776664733887,9.898741534065948,9.258776664733887,9.76061991043435,1000
2002-01-22,9.323236465454102,9.323236465454102,9.323236465454102,9.323236465454102,1200
2002-01-23,9.093031883239746,9.263382740352391,9.046991039845297,9.263382740352391,8500
2002-01-24,9.254170417785645,9.254170417785645,9.13906879785835,9.13906879785835,3000
2002-01-25,9.254170417785645,9.254170417785645,9.254170417785645,9.254170417785645,0
2002-01-28,9.051594734191895,9.051594734191895,9.046990562279886,9.046990562279886,400
2002-01-29,9.093031883239746,9.093031883239746,9.046991039845297,9.046991039845297,700
2002-01-30,9.033181190490723,9.033181190490723,9.033181190490723,9.033181190490723,400
2002-01-31,9.55344009399414,9.55344009399414,9.070013356162937,9.070013356162937,12000
2002-02-01,9.208134651184082,9.525815542533655,9.208134651184082,9.525815542533655,1600
2002-02-04,8.747729301452637,9.20813610679225,8.747729301452637,9.20813610679225,15400
2002-02-05,9.208134651184082,9.208134651184082,9.04699211915713,9.04699211915713,400
2002-02-06,9.111448287963867,9.111448287963867,8.793767444412179,8.793767444412179,1300
2002-02-07,8.97792911529541,8.97792911529541,8.97792911529541,8.97792911529541,300
2002-02-08,8.97792911529541,9.093030770619709,8.97792911529541,9.093030770619709,4500
2002-02-11,8.97792911529541,8.97792911529541,8.97792911529541,8.97792911529541,300
2002-02-12,8.97792911529541,9.277193243507401,8.97792911529541,9.277193243507401,1900
2002-02-13,9.208134651184082,9.208134651184082,8.97793128490448,9.208134651184082,600
2002-02-14,9.208134651184082,9.208134651184082,9.208134651184082,9.208134651184082,0
2002-02-15,9.070014953613281,9.208136652132735,9.070014953613281,9.208136652132735,1100
2002-02-19,9.070014953613281,9.070014953613281,9.070014953613281,9.070014953613281,0
2002-02-20,9.070014953613281,9.070014953613281,9.070014953613281,9.070014953613281,100
2002-02-21,9.208134651184082,9.208134651184082,9.208134651184082,9.208134651184082,5000
2002-02-22,9.212735176086426,9.212735176086426,9.208131005205127,9.208131005205127,600
2002-02-25,9.39229965209961,9.39229965209961,9.231157077463145,9.231157077463145,600
2002-02-26,9.300217628479004,9.304820923660502,9.300217628479004,9.304820923660502,800
2002-02-27,9.39229965209961,9.39229965209961,9.300218808133334,9.300218808133334,1000
2002-02-28,9.502795219421387,9.502795219421387,9.373881888993644,9.392297702702091,1900
2002-03-01,9.516609191894531,9.516609191894531,9.438339995827272,9.438339995827272,600
2002-03-04,9.507400512695312,9.507400512695312,9.502796339186615,9.502796339186615,400
2002-03-05,9.668542861938477,9.668542861938477,9.608690363943813,9.608690363943813,300
2002-03-06,9.668542861938477,9.668542861938477,9.668542861938477,9.668542861938477,0
2002-03-07,9.668542861938477,9.668542861938477,9.622502006012274,9.622502006012274,600
2002-03-08,9.576461791992188,9.576461791992188,9.576461791992188,9.576461791992188,100
2002-03-11,9.668542861938477,9.668542861938477,9.576461150086072,9.576461150086072,400
2002-03-12,9.668542861938477,9.668542861938477,9.622502006012274,9.668542861938477,2100
2002-03-13,9.7381010055542,9.7381010055542,9.7381010055542,9.7381010055542,200
2002-03-14,9.854029655456543,9.854029655456543,9.779834679396899,9.779834679396899,800
2002-03-15,9.807658195495605,9.807658195495605,9.807658195495605,9.807658195495605,1400
2002-03-18,9.807658195495605,9.807658195495605,9.807658195495605,9.807658195495605,0
2002-03-19,9.900400161743164,9.900400161743164,9.900400161743164,9.900400161743164,100
2002-03-20,9.761286735534668,9.761286735534668,9.761286735534668,9.761286735534668,300
2002-03-21,9.761286735534668,9.761286735534668,9.761286735534668,9.761286735534668,0
2002-03-22,10.085892677307129,10.085892677307129,9.932865375513162,9.932865375513162,500
2002-03-25,10.085892677307129,10.085892677307129,10.085892677307129,10.085892677307129,0
2002-03-26,9.7381010055542,9.7381010055542,9.7381010055542,9.7381010055542,4000
2002-03-27,9.993145942687988,9.993145942687988,9.993145942687988,9.993145942687988,700
2002-03-28,10.201821327209473,10.201821327209473,10.201821327209473,10.201821327209473,100
2002-04-01,10.085892677307129,10.201822478195716,10.085892677307129,10.201822478195716,1000
2002-04-02,10.192543983459473,10.192543983459473,10.109074417228825,10.109074417228825,700
2002-04-03,10.503236770629883,10.503236770629883,10.225005151416562,10.225005151416562,1000
2002-04-04,10.906672477722168,10.906672477722168,10.503236507306191,10.503236507306191,2700
2002-04-05,11.472407341003418,11.555876898060255,10.827838248468124,10.999413773997174,7000
2002-04-08,11.222002029418945,11.477047168257306,11.222002029418945,11.477047168257306,4000
2002-04-09,11.314743041992188,11.314743041992188,11.314743041992188,11.314743041992188,300
2002-04-10,11.708901405334473,11.708901405334473,11.361112254680974,11.361112254680974,900
2002-04-11,11.314743041992188,11.708904355610462,11.314743041992188,11.708904355610462,1800
2002-04-12,11.314743041992188,11.708904355610462,11.314743041992188,11.361115117325003,2400
2002-04-15,11.314743041992188,11.314743041992188,11.314743041992188,11.314743041992188,0
2002-04-16,11.708901405334473,11.708901405334473,11.314740191032463,11.704264110522267,800
2002-04-17,11.245183944702148,11.592973138868194,11.129254213313466,11.314741606640625,11000
2002-04-18,11.013321876525879,11.096791404895301,10.851020114082386,11.096791404895301,1500
2002-04-19,10.89739990234375,11.013329688538896,10.89739990234375,11.013329688538896,1000
2002-04-22,10.920580863952637,10.920580863952637,10.915944452812745,10.915944452812745,700
2002-04-23,10.68872356414795,10.827839807430163,10.68872356414795,10.827839807430163,900
2002-04-24,10.804656028747559,10.84639082372988,10.735098331935058,10.735098331935058,900
2002-04-25,10.804656028747559,10.804656028747559,10.75828482052196,10.75828482052196,400
2002-04-26,10.66553783416748,10.68872343219134,10.549608075100442,10.68872343219134,900
2002-04-29,10.66553783416748,10.66553783416748,10.66553783416748,10.66553783416748,400
2002-04-30,10.46613883972168,10.54960841041884,10.433678647666984,10.54960841041884,1400
2002-05-01,10.350204467773438,10.391939234536517,10.201814579048493,10.391939234536517,2100
2002-05-02,10.178635597229004,10.178635597229004,10.178635597229004,10.178635597229004,800
2002-05-03,10.201821327209473,10.39658340610789,10.201821327209473,10.39658340610789,1600
2002-05-06,10.544973373413086,10.549610671053737,10.391946089167973,10.391946089167973,2200
2002-05-07,10.489324569702148,10.489324569702148,10.484687273388218,10.484687273388218,300
2002-05-08,10.493964195251465,10.493964195251465,10.433681093656721,10.493964195251465,1400
2002-05-09,10.201821327209473,10.387308810809373,10.201821327209473,10.387308810809373,300
2002-05-10,10.201821327209473,10.201821327209473,10.201821327209473,10.201821327209473,0
2002-05-13,10.544973373413086,10.549610671053737,10.544973373413086,10.549610671053737,1100
2002-05-14,10.544973373413086,10.544973373413086,10.544973373413086,10.544973373413086,0
2002-05-15,10.544973373413086,10.544973373413086,10.544973373413086,10.544973373413086,0
2002-05-16,10.442951202392578,10.5496063510304,10.442951202392578,10.5496063510304,700
2002-05-17,10.433674812316895,10.433674812316895,10.433674812316895,10.433674812316895,1000
2002-05-20,10.480048179626465,10.480048179626465,10.480048179626465,10.480048179626465,200
2002-05-21,10.8927640914917,10.8927640914917,10.665541785672962,10.698001988722181,1800
2002-05-22,10.711912155151367,10.711912155151367,10.711912155151367,10.711912155151367,100
2002-05-23,10.711912155151367,10.711912155151367,10.711912155151367,10.711912155151367,0
2002-05-24,10.966952323913574,10.966952323913574,10.966952323913574,10.966952323913574,400
2002-05-28,10.66553783416748,10.66553783416748,10.66553783416748,10.66553783416748,2300
2002-05-29,10.800016403198242,10.800016403198242,10.800016403198242,10.800016403198242,300
2002-05-30,10.869573593139648,10.874210889270312,10.869573593139648,10.869573593139648,700
2002-05-31,10.89739990234375,10.89739990234375,10.665540329953458,10.665540329953458,1900
2002-06-03,10.781463623046875,10.897393339423724,10.781463623046875,10.897393339423724,3500
2002-06-04,10.66553783416748,10.66553783416748,10.66553783416748,10.66553783416748,100
2002-06-05,10.66553783416748,10.66553783416748,10.66553783416748,10.66553783416748,0
2002-06-06,10.851024627685547,10.897396705454584,10.851024627685547,10.8927594092303,900
2002-06-07,10.66553783416748,10.66553783416748,10.66553783416748,10.66553783416748,200
2002-06-10,10.711912155151367,10.943771721780298,10.711912155151367,10.8973996315597,2600
2002-06-11,10.66553783416748,10.837114266755199,10.66553783416748,10.837114266755199,800
2002-06-12,10.800016403198242,10.800016403198242,10.665537462815303,10.665537462815303,1800
2002-06-13,10.800016403198242,10.800016403198242,10.800016403198242,10.800016403198242,0
2002-06-14,10.800016403198242,10.800016403198242,10.800016403198242,10.800016403198242,0
2002-06-17,10.800016403198242,10.800016403198242,10.800016403198242,10.800016403198242,0
2002-06-18,10.267950057983398,10.688002382313988,10.267950057983398,10.688002382313988,6400
2002-06-19,10.267950057983398,10.267950057983398,10.263282701132166,10.263282701132166,300
2002-06-20,10.211942672729492,10.211942672729492,10.211942672729492,10.211942672729492,100
2002-06-21,10.104595184326172,10.2679490980179,10.104595184326172,10.216609067661501,6000
2002-06-24,9.9179048538208,10.099927293330513,9.9179048538208,10.099927293330513,1700
2002-06-25,9.9179048538208,9.9179048538208,9.9179048538208,9.9179048538208,0
2002-06-26,9.9179048538208,9.9179048538208,9.9179048538208,9.9179048538208,0
2002-06-27,9.9179048538208,9.9179048538208,9.9179048538208,9.9179048538208,0
2002-06-28,9.913240432739258,10.057924955951275,9.717215866687601,9.847899207457848,2300
2002-07-01,9.9179048538208,10.029918731227328,9.805890976414272,9.9179048538208,8000
2002-07-02,9.698543548583984,9.698543548583984,9.698543548583984,9.698543548583984,200
2002-07-03,9.796557426452637,9.796557426452637,9.684543535755518,9.684543535755518,400
2002-07-05,9.567865371704102,9.801227941745665,9.567865371704102,9.796560583519927,500
2002-07-08,9.90857219696045,9.90857219696045,9.90857219696045,9.90857219696045,100
2002-07-09,9.913240432739258,10.034589058410038,9.833897134808648,10.034589058410038,5400
2002-07-10,9.90857219696045,9.9132395540965,9.614535819048083,9.9132395540965,300
2002-07-11,9.614535331726074,9.614535331726074,9.572530009838053,9.572530009838053,2600
2002-07-12,9.80122184753418,9.913235704681158,9.80122184753418,9.871230396975166,800
2002-07-15,9.614535331726074,9.894570514243785,9.614535331726074,9.7965577997693,3900
2002-07-16,9.614535331726074,9.614535331726074,9.614535331726074,9.614535331726074,0
2002-07-17,9.614535331726074,9.614535331726074,9.614535331726074,9.614535331726074,0
2002-07-18,9.684540748596191,9.801221962434699,9.339164462459047,9.339164462459047,2400
2002-07-19,9.567865371704102,9.684546656724883,9.567865371704102,9.684546656724883,1100
2002-07-22,9.567865371704102,9.567865371704102,9.567865371704102,9.567865371704102,200
2002-07-23,9.451184272766113,9.801228134720414,9.451184272766113,9.796560776402782,2200
2002-07-24,9.297163009643555,9.334500977947048,9.297163009643555,9.334500977947048,1200
2002-07-25,9.637871742248535,9.637871742248535,9.637871742248535,9.637871742248535,400
2002-07-26,9.637871742248535,9.637871742248535,9.637871742248535,9.637871742248535,0
2002-07-29,9.567865371704102,9.567865371704102,9.563198013478363,9.563198013478363,400
2002-07-30,9.80122184753418,9.80122184753418,9.409172902416252,9.409172902416252,1400
2002-07-31,10.361297607421875,10.361297607421875,9.805894487483902,9.805894487483902,3700
2002-08-01,10.267950057983398,10.49664520244997,10.267950057983398,10.27261741483463,2200
2002-08-02,10.277283668518066,10.384630193951885,10.151267717683304,10.151267717683304,4100
2002-08-05,10.267950057983398,10.267950057983398,10.197941485629515,10.267950057983398,900
2002-08-06,10.59465217590332,10.617988057309187,10.267944494980313,10.267944494980313,5000
2002-08-07,10.617996215820312,10.706674235672075,10.617996215820312,10.641332115156699,2500
2002-08-08,10.78134536743164,10.80468125634748,10.57131880636068,10.61799147439946,1100
2002-08-09,10.991376876831055,11.117392880412371,10.85135968854575,10.85135968854575,4800
2002-08-12,10.529312133789062,10.996036973463132,10.529312133789062,10.996036973463132,1100
2002-08-13,11.178064346313477,11.201400240732077,11.042713666105122,11.154727561687565,800
2002-08-14,11.056710243225098,11.056710243225098,11.056710243225098,11.056710243225098,400
2002-08-15,10.762678146362305,10.762678146362305,10.762678146362305,10.762678146362305,500
2002-08-16,11.061380386352539,11.061380386352539,11.014707718731923,11.061380386352539,1600
2002-08-19,11.061380386352539,11.061380386352539,11.061380386352539,11.061380386352539,0
2002-08-20,11.061380386352539,11.061380386352539,11.024042430297465,11.024042430297465,300
2002-08-21,11.01470947265625,11.019376829182224,10.968036797603723,11.019376829182224,1000
2002-08-22,11.01470947265625,11.01470947265625,11.01470947265625,11.01470947265625,0
2002-08-23,10.958704948425293,11.014712351166365,10.958704948425293,11.014712351166365,2300
2002-08-26,10.790678024291992,10.790678024291992,10.790678024291992,10.790678024291992,300
2002-08-27,10.795350074768066,10.795350074768066,10.795350074768066,10.795350074768066,400
2002-08-28,10.762678146362305,10.762678146362305,10.758010789582695,10.762678146362305,600
2002-08-29,10.68800163269043,10.781346982753513,10.678666919642675,10.762677556658003,1400
2002-08-30,10.68333911895752,10.68333911895752,10.52465248604147,10.68333911895752,1500
2002-09-03,10.68333911895752,10.68333911895752,9.801228810847674,10.52465248604147,2500
2002-09-04,10.68333911895752,11.061387156896858,10.26795399231661,10.59466197542792,1300
2002-09-05,10.68333911895752,10.68333911895752,10.68333911895752,10.68333911895752,0
2002-09-06,10.151275634765625,10.734682280441811,10.151275634765625,10.734682280441811,1600
2002-09-09,10.151275634765625,10.151275634765625,10.151275634765625,10.151275634765625,0
2002-09-10,10.081257820129395,10.081257820129395,10.081257820129395,10.081257820129395,200
2002-09-11,10.496644020080566,10.496644020080566,10.267948901374808,10.496644020080566,1700
2002-09-12,10.341521263122559,10.346222062196086,10.341521263122559,10.346222062196086,600
2002-09-13,10.341521263122559,10.341521263122559,10.341521263122559,10.341521263122559,0
2002-09-16,10.341521263122559,10.341521263122559,10.341521263122559,10.341521263122559,100
2002-09-17,10.562454223632812,10.562454223632812,10.562454223632812,10.562454223632812,200
2002-09-18,10.567156791687012,10.567156791687012,10.341523761169402,10.341523761169402,400
2002-09-19,10.341521263122559,10.341521263122559,10.341521263122559,10.341521263122559,400
2002-09-20,10.341521263122559,10.341521263122559,10.341521263122559,10.341521263122559,0
2002-09-23,10.562454223632812,10.562454223632812,10.562454223632812,10.562454223632812,100
2002-09-24,10.571853637695312,10.571853637695312,10.341519893120628,10.346220691571414,1200
2002-09-25,10.454336166381836,10.576554234009553,10.454336166381836,10.571853435648608,2800
2002-09-26,10.45903491973877,10.45903491973877,10.45903491973877,10.45903491973877,400
2002-09-27,10.120588302612305,10.120588302612305,10.120588302612305,10.120588302612305,500
2002-09-30,10.571853637695312,10.571853637695312,10.571853637695312,10.571853637695312,100
2002-10-01,10.81159496307373,10.81159496307373,10.57185948891089,10.57185948891089,3100
2002-10-02,10.129989624023438,10.129989624023438,10.129989624023438,10.129989624023438,700
2002-10-03,10.129989624023438,10.129989624023438,10.129989624023438,10.129989624023438,900
2002-10-04,10.571853637695312,10.571853637695312,10.571853637695312,10.571853637695312,100
2002-10-07,10.153495788574219,10.567156326305403,10.153495788574219,10.567156326305403,1400
2002-10-08,10.576555252075195,10.576555252075195,10.153493221309327,10.153493221309327,3300
2002-10-09,10.567156791687012,10.567156791687012,10.567156791687012,10.567156791687012,100
2002-10-10,10.571853637695312,10.571853637695312,10.571853637695312,10.571853637695312,200
2002-10-11,10.374433517456055,10.374433517456055,10.162902784569225,10.162902784569225,300
2002-10-14,10.374433517456055,10.374433517456055,10.374433517456055,10.374433517456055,0
2002-10-15,10.374433517456055,10.374433517456055,10.374433517456055,10.374433517456055,0
2002-10-16,10.374433517456055,10.374433517456055,10.374433517456055,10.374433517456055,0
2002-10-17,10.571853637695312,10.571853637695312,10.294512805198409,10.294512805198409,300
2002-10-18,10.571853637695312,10.571853637695312,10.571853637695312,10.571853637695312,0
2002-10-21,10.81159496307373,10.81159496307373,10.56245788680581,10.56245788680581,2100
2002-10-22,10.571853637695312,10.9291062506843,10.571853637695312,10.802187382269997,2800
2002-10-23,10.294511795043945,10.571852600326634,10.294511795043945,10.571852600326634,300
2002-10-24,10.294511795043945,10.294511795043945,10.294511795043945,10.294511795043945,0
2002-10-25,10.388530731201172,10.459040940245185,10.224006312374506,10.459040940245185,4400
2002-10-28,10.388530731201172,10.388530731201172,10.388530731201172,10.388530731201172,0
2002-10-29,10.341521263122559,10.341521263122559,10.341521263122559,10.341521263122559,200
2002-10-30,10.341521263122559,10.341521263122559,10.341521263122559,10.341521263122559,0
2002-10-31,10.708179473876953,10.708179473876953,10.708179473876953,10.708179473876953,100
2002-11-01,10.689373016357422,10.689373016357422,10.689373016357422,10.689373016357422,300
2002-11-04,10.694070816040039,10.694070816040039,10.689370017981183,10.689370017981183,300
2002-11-05,10.698777198791504,10.698777198791504,10.698777198791504,10.698777198791504,400
2002-11-06,10.694070816040039,10.694070816040039,10.694070816040039,10.694070816040039,300
2002-11-07,10.694070816040039,10.694070816040039,10.694070816040039,10.694070816040039,0
2002-11-08,10.694070816040039,10.694070816040039,10.694070816040039,10.694070816040039,0
2002-11-11,10.543656349182129,10.543656349182129,10.53895554778629,10.53895554778629,300
2002-11-12,10.65646743774414,10.65646743774414,10.647065839765258,10.647065839765258,200
2002-11-13,10.698777198791504,10.811593721336871,10.698777198791504,10.811593721336871,600
2002-11-14,10.694070816040039,10.694070816040039,10.694070816040039,10.694070816040039,1100
2002-11-15,10.694070816040039,10.694070816040039,10.694070816040039,10.694070816040039,0
2002-11-18,10.694070816040039,10.811588077754765,10.694070816040039,10.806887279695909,1500
2002-11-19,10.694070816040039,10.811588077754765,10.694070816040039,10.811588077754765,2900
2002-11-20,10.694070816040039,10.694070816040039,10.694070816040039,10.694070816040039,0
2002-11-21,10.694070816040039,10.694070816040039,10.694070816040039,10.694070816040039,0
2002-11-22,10.81159496307373,10.81159496307373,10.81159496307373,10.81159496307373,100
2002-11-25,10.708179473876953,10.708179473876953,10.708179473876953,10.708179473876953,100
2002-11-26,10.81159496307373,10.81159496307373,10.81159496307373,10.81159496307373,100
2002-11-27,10.694070816040039,10.694070816040039,10.694070816040039,10.694070816040039,1500
2002-11-29,10.929108619689941,10.929108619689941,10.839795222936617,10.839795222936617,200
2002-12-02,10.938509941101074,10.938509941101074,10.694073754391532,10.694073754391532,1900
2002-12-03,10.882102012634277,11.070129516979334,10.882102012634277,10.96201381405416,2800
2002-12-04,10.788091659545898,10.811594767797972,10.788091659545898,10.811594767797972,500
2002-12-05,10.882102012634277,10.882102012634277,10.811591810578115,10.811591810578115,3000
2002-12-06,11.20174789428711,11.211149492539576,10.929107821065886,10.929107821065886,2500
2002-12-09,11.046625137329102,11.276958915580991,11.046625137329102,11.276958915580991,2800
2002-12-10,11.046625137329102,11.046625137329102,11.046625137329102,11.046625137329102,0
2002-12-11,11.14063549041748,11.14063549041748,11.14063549041748,11.14063549041748,1000
2002-12-12,11.713286399841309,11.736949243617621,11.348872828536468,11.353605577827656,4400
2002-12-13,11.736953735351562,11.736953735351562,11.713290882519471,11.713290882519471,1100
2002-12-16,11.831605911254883,12.07297078016607,11.713289852142335,11.784279307073884,10700
2002-12-17,11.82687759399414,12.058777048463018,11.82687759399414,11.831610346454351,2000
2002-12-18,11.82687759399414,11.855273206075166,11.82687759399414,11.831610346454351,500
2002-12-19,11.807943344116211,11.807943344116211,11.807943344116211,11.807943344116211,100
2002-12-20,11.803210258483887,11.83160585979703,11.642300346576256,11.83160585979703,1600
2002-12-23,11.817404747009277,11.822137496529066,11.817404747009277,11.817404747009277,300
2002-12-24,11.831605911254883,11.831605911254883,11.831605911254883,11.831605911254883,4000
2002-12-26,11.831605911254883,11.831605911254883,11.822140409882705,11.822140409882705,4200
2002-12-27,11.770084381103516,11.83634109899094,11.770084381103516,11.83634109899094,300
2002-12-30,11.594972610473633,11.656496557758258,11.594972610473633,11.656496557758258,1300
2002-12-31,11.665966987609863,11.665966987609863,11.665966987609863,11.665966987609863,200
2003-01-02,11.888397216796875,11.888397216796875,11.732220065385205,11.732220065385205,400
2003-01-03,12.054039001464844,12.068237252609125,11.926258351885657,11.926258351885657,3500
2003-01-06,11.954649925231934,11.954649925231934,11.940451678869545,11.940451678869545,400
2003-01-07,11.878931999206543,11.90732759940918,11.874199248726127,11.90732759940918,1000
2003-01-08,11.930989265441895,11.930989265441895,11.83633697326373,11.83633697326373,300
2003-01-09,12.011451721191406,12.11557048117796,12.011451721191406,12.030382733072718,1200
2003-01-10,12.068238258361816,12.072971009137666,12.063505507585967,12.063505507585967,800
2003-01-13,11.9972505569458,12.063507272139365,11.992517805477682,12.058774520671246,800
2003-01-14,11.954649925231934,12.063500439304972,11.82213566722158,12.063500439304972,1300
2003-01-15,11.954649925231934,11.954649925231934,11.954649925231934,11.954649925231934,0
2003-01-16,12.068238258361816,12.068238258361816,11.973585048204662,11.973585048204662,1200
2003-01-17,12.139226913452148,12.139226913452148,12.139226913452148,12.139226913452148,200
2003-01-21,12.139226913452148,12.139226913452148,12.139226913452148,12.139226913452148,0
2003-01-22,12.139226913452148,12.139226913452148,12.139226913452148,12.139226913452148,300
2003-01-23,12.139226913452148,12.139226913452148,12.139226913452148,12.139226913452148,0
2003-01-24,12.139226913452148,12.139226913452148,12.139226913452148,12.139226913452148,0
2003-01-27,11.96412181854248,11.96412181854248,11.96412181854248,11.96412181854248,300
2003-01-28,12.276470184326172,12.347459614034529,11.902591137086818,11.964115971465747,3700
2003-01-29,12.910649299621582,13.133083176199646,12.276475120880791,12.276475120880791,3700
2003-01-30,12.773405075073242,12.915384925870596,12.702415601014634,12.915384925870596,2700
2003-01-31,12.347460746765137,12.77813101620815,12.347460746765137,12.773398266769478,3200
2003-02-03,12.636155128479004,12.636155128479004,12.328532661061153,12.328532661061153,6200
2003-02-04,12.778136253356934,12.995837400683268,12.659820176936961,12.84912571867291,3000
2003-02-05,12.834929466247559,13.00057126527508,12.834929466247559,13.00057126527508,1100
2003-02-06,13.014765739440918,13.014765739440918,12.943776288670845,12.943776288670845,900
2003-02-07,13.066824913024902,13.133081612482584,12.924845110741519,13.01476556191968,3700
2003-02-10,13.251397132873535,13.251397132873535,13.128348336889562,13.128348336889562,1400
2003-02-11,13.133085250854492,13.251401334195522,13.133085250854492,13.246668582540272,1000
2003-02-12,13.133085250854492,13.133085250854492,13.01003641585821,13.01476916751346,1500
2003-02-13,13.142547607421875,13.251398161390128,13.133082106377715,13.133082106377715,2200
2003-02-14,13.15201473236084,13.251399797556124,13.019500409420488,13.133083727935086,2300
2003-02-18,13.36971378326416,13.36971378326416,13.142547181643009,13.25139773208483,3300
2003-02-19,13.38864517211914,13.431238121310614,13.293991967365098,13.431238121310614,1600
2003-02-20,13.516427040100098,13.606347502431769,13.369715371954694,13.44070483056183,3200
2003-02-21,13.724665641784668,13.724665641784668,13.5826867031141,13.606349558665835,2500
2003-02-24,13.738861083984375,14.112739360702628,13.51169356486707,13.724662831952077,15200
2003-02-25,13.866640090942383,13.961293287864224,13.866640090942383,13.961293287864224,800
2003-02-26,14.008621215820312,14.079610668909089,13.842978556826584,13.961294612867837,4800
2003-02-27,13.615812301635742,14.003888831162257,13.615812301635742,14.003888831162257,1700
2003-02-28,13.961297988891602,13.961297988891602,13.156748252188525,13.790922538135636,3600
2003-03-03,13.535354614257812,13.767253935045467,13.435968675246125,13.568482959701804,700
2003-03-04,13.913972854614258,13.913972854614258,13.677340660138912,13.682073412350041,1600
2003-03-05,13.786187171936035,13.824048275737153,13.724663216764187,13.81931642760694,2800
2003-03-06,13.724665641784668,13.819318869351767,13.554290193235923,13.554290193235923,6900
2003-03-07,13.677335739135742,13.715196840522449,13.55428693395898,13.715196840522449,1400
2003-03-10,13.819311141967773,13.819311141967773,13.587410954368687,13.587410954368687,3100
2003-03-11,13.724665641784668,13.819318869351767,13.592151303726746,13.814586117705403,2800
2003-03-12,13.724665641784668,13.753061248982767,13.724665641784668,13.753061248982767,1100
2003-03-13,13.895978927612305,13.895978927612305,13.715140342097559,13.895978927612305,1200
2003-03-14,14.0339937210083,14.038752729161084,13.800807767649879,14.038752729161084,2200
2003-03-17,14.276694297790527,14.276694297790527,13.815081508929568,13.815081508929568,1800
2003-03-18,14.276694297790527,14.276694297790527,14.148203831265347,14.148203831265347,1600
2003-03-19,14.276694297790527,14.276694297790527,14.276694297790527,14.276694297790527,1100
2003-03-20,14.181513786315918,14.21006782404442,14.181513786315918,14.21006782404442,300
2003-03-21,15.133298873901367,15.133298873901367,14.129171774461879,14.200555079891153,8800
2003-03-24,15.071432113647461,15.180886565135749,15.06191409846903,15.10474425908408,8000
2003-03-25,15.823332786560059,15.989893458163255,15.133292347078648,15.152328371083346,14000
2003-03-26,16.151697158813477,16.151697158813477,15.176123552668894,15.799539767022406,17100
2003-03-27,16.180259704589844,16.180259704589844,15.109507224139044,16.132671431609197,16400
2003-03-28,15.951828002929688,16.208808957830648,15.114261757320126,16.208808957830648,14400
2003-03-31,16.370609283447266,16.408679522143416,15.704362860197783,16.070798211447453,11800
2003-04-01,16.608562469482422,16.74181109452568,16.25164495350824,16.40868771654117,16700
2003-04-02,16.55620765686035,16.584759884881116,16.313502826430025,16.41819917017453,12000
2003-04-03,16.608562469482422,16.608562469482422,15.966109851503077,16.465794010791658,12500
2003-04-04,16.537168502807617,16.703729186038295,16.470544229515347,16.656140938079613,17300
2003-04-07,16.760839462280273,16.760839462280273,15.799541841245334,15.799541841245334,9500
2003-04-08,16.760839462280273,16.775115575466884,16.08507499723073,16.418198222797376,20600
2003-04-09,16.656147003173828,16.732289316859013,16.189775104930074,16.189775104930074,21800
2003-04-10,16.775117874145508,16.775117874145508,16.413442372645587,16.651387307030628,5200
2003-04-11,16.727523803710938,16.775112047909555,16.49433705023734,16.608551377839238,4100
2003-04-14,16.64662742614746,16.7465638631056,16.470548682643724,16.59903916532238,2800
2003-04-15,16.180259704589844,16.65614969590131,16.10411737859506,16.537177198073444,8000
2003-04-16,16.656147003173828,16.798913614411557,16.180257088797433,16.180257088797433,8700
2003-04-17,17.0130615234375,17.0130615234375,16.679938277385972,16.82270486415787,3300
2003-04-21,17.29859733581543,17.47467790789097,17.013064118714645,17.013064118714645,6800
2003-04-22,17.29859733581543,17.29859733581543,17.04161816657509,17.141554611022773,2800
2003-04-23,17.745925903320312,17.745925903320312,17.27003624208056,17.298588459914953,6400
2003-04-24,17.79827308654785,18.08380614158075,17.574604377034653,17.574604377034653,10500
2003-04-25,18.269405364990234,18.269405364990234,17.79827557673197,17.79827557673197,3800
2003-04-28,19.035585403442383,19.035585403442383,18.274162713454643,18.274162713454643,9500
2003-04-29,19.030832290649414,19.08317863930518,18.66915505663906,18.66915505663906,8000
2003-04-30,19.007036209106445,19.04510826098264,18.940411933698453,19.04510826098264,5100
2003-05-01,19.273536682128906,19.340160962915693,19.026073771081204,19.035591784818674,8900
2003-05-02,19.02607536315918,19.273538294914268,18.75006020317797,19.273538294914268,4400
2003-05-05,19.021318435668945,19.0355945506617,18.792891518906096,19.0355945506617,2600
2003-05-06,18.964214324951172,19.035598545647808,18.740547276495587,18.935662088973434,6000
2003-05-07,18.935657501220703,18.959451630562665,18.78813099469941,18.897585441973,11600
2003-05-08,19.563831329345703,19.98737299034773,18.935656894879113,18.935656894879113,33500
2003-05-09,19.611412048339844,19.96357118824003,19.51147565749146,19.544787787774254,11400
2003-05-12,19.58285903930664,19.98260640191074,19.563823018379097,19.92074024158365,10000
2003-05-13,19.40679168701172,19.915993791087352,19.38299755245583,19.606666411108602,8200
2003-05-14,18.845233917236328,19.416301996777662,18.807163680133776,19.416301996777662,6800
2003-05-15,19.416303634643555,19.416303634643555,18.883307562619173,19.116492549903043,7100
2003-05-16,19.030832290649414,19.121250691464322,18.274167500052506,18.988002139658068,10500
2003-05-19,18.41693687438965,18.8452366342646,18.27892838732272,18.640603861131055,4900
2003-05-20,18.87378692626953,18.992759360705264,18.369343150726927,18.369343150726927,1200
2003-05-21,18.588254928588867,18.845234022752237,18.202783564280722,18.845234022752237,6900
2003-05-22,18.283679962158203,18.96420232477393,18.231333624197372,18.959444226913853,3200
2003-05-23,18.369348526000977,18.73102584913047,18.236099941361587,18.412178687545893,4900
2003-05-27,18.336034774780273,18.65488190845429,18.336034774780273,18.469285163131282,3000
2003-05-28,18.540668487548828,18.65488285257641,18.336035702765567,18.336035702765567,10300
2003-05-29,19.02607536315918,19.02607536315918,18.550185528716852,18.612051715499536,1800
2003-05-30,19.106979370117188,19.61142148007255,18.336036458981184,18.678677752819407,5300
2003-06-02,19.030832290649414,19.7399070160474,18.559700629744583,18.559700629744583,1900
2003-06-03,18.86903190612793,18.86903190612793,18.369346147674214,18.702469381518167,1100
2003-06-04,18.66440773010254,18.86428067317001,18.331284342947004,18.34556046305856,4700
2003-06-05,18.607288360595703,18.66439643724162,18.34554936311552,18.66439643724162,2400
2003-06-06,18.559707641601562,18.688198143119315,18.545431524336053,18.65488599258242,1300
2003-06-09,18.773855209350586,18.840479498826554,18.635846715221376,18.74530116441414,4100
2003-06-10,19.035585403442383,19.035585403442383,18.559695768356324,18.559695768356324,4800
2003-06-11,19.035585403442383,19.273530220985414,18.9546850368577,19.035585403442383,5100
2003-06-12,19.150325775146484,19.499295534764467,19.1120816145178,19.135983303119755,3100
2003-06-13,19.92474365234375,20.063375942615345,19.08817212796035,19.54709092653404,19900
2003-06-16,20.59878158569336,20.67526805352616,19.52796921245291,19.551872715310413,19700
2003-06-17,21.50706672668457,21.607454905253093,20.3263047998834,20.55576427528937,15300
2003-06-18,21.8990478515625,22.00899700742975,21.377983350707677,21.416225663209826,16600
2003-06-19,21.29194450378418,22.133295779459036,21.16765283468467,21.5978904222114,16200
2003-06-20,20.8903865814209,21.626569965847555,20.856923866090707,21.626569965847555,4300
2003-06-23,20.952531814575195,21.63612856816358,20.847362241601058,20.976433492910818,9400
2003-06-24,21.22980499267578,21.583556205962903,20.794787668417683,20.804348709164046,8300
2003-06-25,20.077714920043945,21.18198989713554,19.99166742450013,21.052918653819816,15800
2003-06-26,20.216365814208984,20.49362880348199,19.982124788741803,19.982124788741803,4400
2003-06-27,18.538433074951172,20.13987183686643,17.68752050965459,20.087287024659194,34600
2003-06-30,18.877851486206055,19.614033692410175,18.31854222444386,18.347225358549014,106100
2003-07-01,18.547990798950195,18.97822843681845,18.11297355336417,18.80135377395338,19200
2003-07-02,18.748777389526367,18.954335261740646,18.748777389526367,18.944774218430382,12200
2003-07-03,18.753555297851562,18.930430024086938,18.753555297851562,18.772677382737115,1700
2003-07-07,18.85392951965332,18.96866012026108,18.74876177797566,18.954319479027998,5100
2003-07-08,18.978229522705078,18.978229522705078,18.743988612333744,18.88262095064368,7600
2003-07-09,18.92086410522461,18.978228515985762,18.834816577292013,18.978228515985762,11700
2003-07-10,18.74398422241211,18.97344364746998,18.562329983979676,18.796569015909387,2500
2003-07-11,19.026037216186523,19.073842424860754,19.026037216186523,19.073842424860754,300
2003-07-14,18.787012100219727,18.84915794467611,18.567113664243976,18.634039116620787,1300
2003-07-15,18.882617950439453,18.882617950439453,18.705743305557156,18.705743305557156,600
2003-07-16,18.882617950439453,18.882617950439453,18.882617950439453,18.882617950439453,4500
2003-07-17,18.79657745361328,18.90652669683542,18.629263784271377,18.90652669683542,3400
2003-07-18,18.882617950439453,18.90174002652985,18.85871626711723,18.90174002652985,2700
2003-07-21,18.925647735595703,19.599685631946176,18.643603405997585,18.643603405997585,10700
2003-07-22,18.978229522705078,19.097739781886368,18.76311069146239,18.92564471689222,4000
2003-07-23,18.552772521972656,18.94476600993554,18.552772521972656,18.88262016713701,3800
2003-07-24,18.68184471130371,18.925644839233534,18.56233445134987,18.85871938543248,3600
2003-07-25,18.504968643188477,18.987791125816617,18.504968643188477,18.911304630613788,8600
2003-07-28,19.131202697753906,19.20290775982265,18.758331268967247,18.85393801839224,6500
2003-07-29,19.829143524169922,19.838704564476615,19.064278535454218,19.265054911148848,3800
2003-07-30,20.51751136779785,20.51751136779785,19.85303491171592,19.85303491171592,3600
2003-07-31,21.08160400390625,21.153310871887584,20.31673925548525,20.31673925548525,5400
2003-08-01,20.431468963623047,21.177211604007503,20.32151795135892,21.177211604007503,4700
2003-08-04,20.613122940063477,20.909509608779793,20.326299131685243,20.909509608779793,5100
2003-08-05,20.31673812866211,20.6657077647482,20.292836448521122,20.6657077647482,5400
2003-08-06,19.7908992767334,20.31196406988338,19.38456330902863,20.221135107525637,3600
2003-08-07,19.838703155517578,20.04426094855768,19.456270688320355,19.489733415226247,2100
2003-08-08,19.599681854248047,19.943871972795645,19.523195363857667,19.60446146208042,6400
2003-08-11,19.91040802001953,19.91040802001953,19.55665688402933,19.680946739409766,2700
2003-08-12,20.04904556274414,20.072949079572826,19.604467138748653,19.90085397046718,6400
2003-08-13,20.221139907836914,20.221139907836914,19.719197074298492,19.7430987666418,2800
2003-08-14,20.30240249633789,20.550984043038,19.919968225364332,20.460155083069992,4200
2003-08-15,20.555763244628906,20.555763244628906,20.555763244628906,20.555763244628906,500
2003-08-18,21.033798217773438,21.033798217773438,20.398002987235405,20.460148810754287,2900
2003-08-19,21.033798217773438,21.138967792408287,20.98599486034734,21.029018611463307,2100
2003-08-20,21.272823333740234,21.46404045268964,21.11985036801335,21.23936061146133,5600
2003-08-21,21.263254165649414,21.50705599027388,21.0337948047905,21.487933920973745,6600
2003-08-22,21.34453773498535,21.502290363695316,21.272830834201216,21.320634219002482,11900
2003-08-25,21.368436813354492,21.48794708432003,21.27282823186566,21.387558894368663,4900
2003-08-26,21.50227928161621,21.50227928161621,21.272819870383405,21.272819870383405,1000
2003-08-27,21.38755226135254,21.511842102234052,21.38755226135254,21.511842102234052,1100
2003-08-28,21.38277244567871,21.478381004736672,21.3206266087538,21.3206266087538,3700
2003-08-29,21.48794174194336,21.48794174194336,21.368431500690704,21.416234867759144,5800
2003-09-02,21.5118465423584,21.5118465423584,21.368434596792373,21.41623797078711,3500
2003-09-03,21.5118465423584,21.5118465423584,21.368434596792373,21.368434596792373,1300
2003-09-04,21.392332077026367,21.511842312093556,21.392332077026367,21.511842312093556,1700
2003-09-05,21.69828224182129,21.703063673367186,21.392336271829667,21.50706692236744,5800
2003-09-08,21.392332077026367,21.97554260770031,21.24892015966204,21.655254229457885,9400
2003-09-09,21.726966857910156,21.851256732942907,21.37321566598595,21.698283737403237,4200
2003-09-10,21.631359100341797,21.79867275069064,21.631359100341797,21.79867275069064,5100
2003-09-11,21.324199676513672,21.597771299842414,21.324199676513672,21.477783681509955,1300
2003-09-12,21.684154510498047,21.684154510498047,20.997825441041652,20.997825441041652,2300
2003-09-15,21.981718063354492,22.077708466337587,20.892230925855376,21.727345051684246,4000
2003-09-16,22.130504608154297,22.245691633957684,22.077709791800757,22.077709791800757,2700
2003-09-17,22.063304901123047,22.11609970079782,21.962513996805665,21.962513996805665,400
2003-09-18,22.125703811645508,22.293687482624158,21.98651964306459,22.173699930867155,3600
2003-09-19,22.077713012695312,22.125707308637768,22.077713012695312,22.106510688779807,2400
2003-09-22,21.21380043029785,21.895328874809827,20.983424540707965,21.59296154958456,3700
2003-09-23,21.18979835510254,21.314584579690194,20.949823297087175,21.06501029965049,2400
2003-09-24,21.477771759033203,21.794538822356422,21.223398735249862,21.223398735249862,4900
2003-09-25,21.2377872467041,21.789730472466843,20.839427872640503,21.28578151378611,2300
2003-09-26,21.30019187927246,21.760943664109266,21.11781027786691,21.11781027786691,2200
2003-09-29,21.276195526123047,21.717748878652877,21.189804334390704,21.30979189725619,2300
2003-09-30,21.3577823638916,21.708145764988767,21.165801565353483,21.170602092292455,2500
2003-10-01,22.31768226623535,22.31768226623535,21.712945874924213,21.712945874924213,5600
2003-10-02,22.164098739624023,22.245689388761306,21.948120799459776,22.164098739624023,2900
2003-10-03,22.245695114135742,22.31768838967426,21.655356479661066,22.07291454840039,3400
2003-10-06,22.125703811645508,22.173699930867155,21.93372482735315,22.173699930867155,3900
2003-10-07,22.101709365844727,22.245694079359144,22.024917396579372,22.024917396579372,2000
2003-10-08,21.97691535949707,22.10170157901446,21.717741867963657,22.05370730170723,1700
2003-10-09,21.674549102783203,22.072908613486916,21.64575143413784,22.005714053314396,1300
2003-10-10,22.053714752197266,22.053714752197266,21.59776164028493,22.04891422432617,1800
2003-10-13,22.077713012695312,22.101710160666542,22.07291431544708,22.101710160666542,700
2003-10-14,22.31768226623535,22.31768226623535,21.770539381033714,22.077707188103787,3400
2003-10-15,22.26968765258789,22.26968765258789,21.41057644621417,21.41057644621417,2400
2003-10-16,22.077713012695312,22.269693858195197,21.90973114603169,22.255294104720438,1400
2003-10-17,22.072914123535156,22.077712820741667,21.669755816182665,21.674554513389175,6100
2003-10-20,22.092119216918945,22.12091690379875,21.660164898916186,21.660164898916186,5200
2003-10-21,22.173696517944336,22.317681191718012,22.03451053992185,22.04890845803988,3000
2003-10-22,21.95771026611328,22.19768524169922,21.86652043450158,22.08729697263334,5600
2003-10-23,21.837732315063477,22.092105314395248,21.765739058602055,21.765739058602055,5100
2003-10-24,21.688947677612305,22.005714718833076,21.42977597542412,21.765739632124472,9600
2003-10-27,21.631357192993164,21.674552787873015,21.53056808189514,21.53056808189514,2200
2003-10-28,21.688947677612305,21.885727175478774,21.50176740291793,21.52576454541587,3200
2003-10-29,21.85213279724121,21.981719575553416,21.54496495125589,21.727346546383966,2300
2003-10-30,21.789735794067383,22.17369551708784,21.573757877723256,21.99611448847795,5100
2003-10-31,21.60736083984375,22.125706166553446,21.60736083984375,21.866534418631066,2600
2003-11-03,21.59775733947754,21.669750596288296,21.592958643426957,21.59775733947754,15400
2003-11-04,21.828128814697266,21.828128814697266,21.415371464380257,21.48256418078271,1600
2003-11-05,22.02971839904785,22.02971839904785,21.568964742665965,21.83293885913762,1800
2003-11-06,21.837732315063477,21.861729456929094,21.65535074132856,21.722543470898117,6400
2003-11-07,21.861732482910156,22.077710451324336,21.736946229417974,21.837735337722986,1600
2003-11-10,21.804140090942383,21.837736462107202,21.501770919594108,21.746546573354824,2800
2003-11-11,21.444169998168945,21.847328143816853,21.42017286003148,21.42017286003148,900
2003-11-12,21.770532608032227,21.8377253160665,21.429768542507553,21.732135728661795,3000
2003-11-13,21.837732315063477,21.837732315063477,21.626554903435643,21.837732315063477,4100
2003-11-14,21.59296417236328,21.837738012638614,21.59296417236328,21.837738012638614,1900
2003-11-17,21.48736572265625,21.712942850556228,21.405773255406864,21.458568058180415,3900
2003-11-18,21.400981903076172,21.597761434018185,21.400981903076172,21.410581127861747,1100
2003-11-19,21.832937240600586,21.832937240600586,21.405779988733276,21.405779988733276,1100
2003-11-20,21.516172409057617,21.597763079654417,21.50657318354063,21.597763079654417,3300
2003-11-21,21.741741180419922,21.741741180419922,21.52576324921464,21.52576324921464,600
2003-11-24,21.837732315063477,21.88572659879471,21.6457515184094,21.6457515184094,12000
2003-11-25,21.79453468322754,21.83773026688012,21.631351570636056,21.636152097077673,4700
2003-11-26,21.837732315063477,21.837732315063477,21.41057696491595,21.67934788319418,1200
2003-11-28,21.837732315063477,21.837732315063477,21.597757234678163,21.837732315063477,3500
2003-12-01,21.506567001342773,21.928921817491293,21.506567001342773,21.928921817491293,400
2003-12-02,21.85213279724121,21.94332451023764,21.554564175301028,21.928924758737544,5600
2003-12-03,21.381784439086914,21.59776242955547,20.988225359061992,21.59776242955547,11600
2003-12-04,21.18979835510254,21.357780163367536,20.988218354320146,20.988218354320146,12500
2003-12-05,21.07941246032715,21.602558265339177,20.99782180299346,21.602558265339177,17000
2003-12-08,20.973819732666016,21.160999978696424,20.50826754986727,21.069810118822833,3000
2003-12-09,21.00261878967285,21.11780763690915,20.40748159973505,20.695450971528874,3800
2003-12-10,20.10991096496582,20.954622379180492,20.10991096496582,20.877830432433704,2900
2003-12-11,20.736839294433594,20.813999553106125,20.312456951911837,20.312456951911837,3300
2003-12-12,20.85740852355957,21.190161893223486,20.365511038200157,20.548767396976306,3600
2003-12-15,20.847761154174805,21.29143410859176,20.45231452069776,20.915276163844638,5200
2003-12-16,20.25458526611328,20.746482557619206,19.989347017462325,20.447486814029702,1900
2003-12-17,19.603551864624023,20.312461318690165,19.603551864624023,20.312461318690165,5300
2003-12-18,19.237031936645508,19.651768949932123,18.851230705557512,19.58907567499114,8100
2003-12-19,19.256322860717773,19.265968121652307,18.566702340884707,19.039309088804323,5500
2003-12-22,18.576351165771484,19.193633266846465,18.576351165771484,19.010376953222664,1100
2003-12-23,19.29008674621582,19.29490845845812,18.687271535396576,18.687271535396576,16300
2003-12-24,19.241865158081055,19.290089646338377,18.86088544605076,18.86088544605076,3500
2003-12-26,19.29008674621582,19.29008674621582,19.193635944555535,19.193635944555535,9100
2003-12-29,19.29008674621582,19.29008674621582,19.169523704051972,19.29008674621582,23600
2003-12-30,19.053781509399414,19.290085870760446,19.053781509399414,19.290085870760446,5800
2003-12-31,19.145410537719727,19.343133843721148,18.552240619715466,19.145410537719727,25000
2004-01-02,19.772335052490234,19.965236618128895,19.290082978039255,19.290082978039255,8500
2004-01-05,20.11955451965332,20.182245956638468,19.820556947812364,19.96523402305915,4500
2004-01-06,20.158140182495117,20.225655191430686,19.8736113308052,19.897723571189903,2700
2004-01-07,20.42338752746582,20.447501618148248,19.941135148166538,20.230487679534207,9900
2004-01-08,20.351041793823242,20.45713601949183,20.167785455456013,20.45713601949183,2900
2004-01-09,20.264238357543945,20.27870533535177,20.25459309245666,20.264238357543945,8000
2004-01-12,20.68379020690918,20.6886137576286,20.240119202292703,20.49089048998072,2900
2004-01-13,20.471595764160156,20.495707993870965,20.269048987369924,20.442659984720066,11200
2004-01-14,20.32691764831543,20.727185755456635,20.254579129850843,20.727185755456635,7000
2004-01-15,20.490896224975586,20.490896224975586,20.351042649299448,20.351042649299448,3100
2004-01-16,20.664493560791016,20.736832082985025,20.302804629111044,20.49570612853171,16800
2004-01-20,20.736839294433594,20.785063766236796,20.25458721781886,20.293168266977965,21200
2004-01-21,21.079238891601562,21.079238891601562,20.360684291367512,20.49571429095066,2900
2004-01-22,20.30764389038086,20.73684812703893,20.269062824788627,20.269062824788627,2500
2004-01-23,20.399267196655273,20.616281049314114,20.254591908098078,20.302816391068443,2400
2004-01-26,20.72719383239746,20.72719383239746,20.25940873390256,20.302811493965443,2100
2004-01-27,20.447492599487305,20.852584493012962,20.25459099699089,20.852584493012962,8400
2004-01-28,20.1822566986084,20.736847543179913,20.1822566986084,20.495721408956893,18000
2004-01-29,20.162960052490234,20.418553065258184,20.162960052490234,20.191893999809967,14000
2004-01-30,20.399267196655273,20.437848254748445,20.17260991911924,20.437848254748445,1900
2004-02-02,20.25458526611328,20.471599047607878,20.18707027623618,20.399260507227847,1900
2004-02-03,20.1822566986084,20.3992705873384,20.1822566986084,20.1822566986084,8500
2004-02-04,19.39617347717285,20.206356877767067,19.39617347717285,20.196711618278428,12500
2004-02-05,18.947683334350586,19.22738856449602,18.85605426821085,19.22738856449602,7200
2004-02-06,18.76924705505371,19.29008010080524,18.76924705505371,18.81747335909296,4000
2004-02-09,18.35933494567871,18.74995975886281,18.229126674617344,18.49436492767767,13600
2004-02-10,19.044143676757812,19.05861065672172,18.205023885567975,18.22913613205665,10400
2004-02-11,19.280439376831055,19.29008463990851,18.856056999652235,18.856056999652235,5500
2004-02-12,19.053781509399414,19.28526415873697,19.053781509399414,19.28526415873697,5600
2004-02-13,19.212923049926758,19.285261598195962,19.053778979592792,19.053778979592792,6800
2004-02-17,19.212923049926758,19.290083309579245,18.928394247524636,19.290083309579245,4900
2004-02-18,19.179168701171875,19.290086477660903,18.85123708387996,18.962154860368987,2600
2004-02-19,18.865697860717773,19.164695427415,18.851230889300144,18.851230889300144,1800
2004-02-20,18.441320419311523,18.899458425350563,18.229128325925156,18.899458425350563,6200
2004-02-23,17.843332290649414,18.75961225224396,17.843332290649414,18.75961225224396,3500
2004-02-24,17.799924850463867,18.11338944979094,17.727586299958926,17.727586299958926,1900
2004-02-25,18.01693344116211,18.084448420923657,17.98317595128134,17.98799766141635,11100
2004-02-26,18.614931106567383,18.614931106567383,18.079632798370085,18.084454510128616,2600
2004-02-27,18.687273025512695,18.687273025512695,17.891556147922717,17.944604185048206,2300
2004-03-01,18.22430419921875,18.687265694919923,18.22430419921875,18.687265694919923,1300
2004-03-02,18.407564163208008,18.407564163208008,17.954247792641592,18.340049154788115,2200
2004-03-03,18.35933494567871,18.446140459719622,17.90119514149513,18.074806169576952,6600
2004-03-04,18.54259490966797,18.54259490966797,18.11821251688883,18.320759369669332,4100
2004-03-05,19.468515396118164,19.531208679820836,17.98800170015278,18.378626536021624,18900
2004-03-08,19.868789672851562,19.868789672851562,19.34795644881865,19.43476198615747,11900
2004-03-09,19.965240478515625,19.965240478515625,19.401004485694163,19.598727800864104,8100
2004-03-10,19.912189483642578,19.974880931572244,19.367244100108632,19.42029212500739,6400
2004-03-11,19.86370849609375,19.897646828809766,19.500081917421788,19.883100508002602,10000
2004-03-12,20.358238220214844,20.358238220214844,19.6018943690164,19.6018943690164,2400
2004-03-15,19.829769134521484,20.01885464970024,19.76189062311087,20.01885464970024,1700
2004-03-16,20.314605712890625,20.314605712890625,19.689167550268596,19.689167550268596,3000
2004-03-17,20.130369186401367,20.154610590302386,19.718257922081758,20.154610590302386,11900
2004-03-18,20.033401489257812,20.30975755942977,19.708562611845373,19.994615613365536,1200
2004-03-19,19.805530548095703,20.237035720923036,19.655232718330712,19.689171057277694,3800
2004-03-22,19.99946403503418,20.217640376225585,19.810378489168503,19.936434903245413,2500
2004-03-23,19.854007720947266,20.023699351669013,19.742495813687253,20.014002422842047,800
2004-03-24,19.805530548095703,20.01885936376332,19.635838853360788,19.635838853360788,4800
2004-03-25,19.892797470092773,20.096429316210568,19.781285541064154,19.781285541064154,10300
2004-03-26,20.023706436157227,20.023706436157227,19.795835001351684,19.795835001351684,700
2004-03-29,20.023706436157227,20.363091667176985,19.71825954328937,19.71825954328937,3700
2004-03-30,20.023706436157227,20.023706436157227,19.71825954328937,20.023706436157227,3700
2004-03-31,19.761886596679688,19.87824788588926,19.737645200865177,19.766735985542557,3700
2004-04-01,20.047950744628906,20.07219400353372,19.76674706644272,19.87825902930112,4100
2004-04-02,20.17399787902832,20.17399787902832,20.120665698125343,20.120665698125343,1600
2004-04-05,19.98006820678711,20.120670929451332,19.732802944084888,20.120670929451332,1400
2004-04-06,19.86370849609375,19.883100508002602,19.64553217899049,19.878252967400492,15400
2004-04-07,19.854007720947266,19.912187444408996,19.635831446090688,19.635831446090688,2200
2004-04-08,19.868555068969727,19.87825199920206,19.73280174471772,19.87825199920206,29900
2004-04-12,20.319456100463867,20.319456100463867,19.6358381070145,19.6358381070145,15800
2004-04-13,19.61159896850586,19.757049268063817,19.582508168793904,19.757049268063817,12900
2004-04-14,19.146160125732422,19.61160189353798,18.71950424716007,19.61160189353798,6600
2004-04-15,18.97161102294922,19.146152074857834,18.671011722661977,19.146152074857834,2600
2004-04-16,19.310998916625977,19.320693999097465,18.89888763056264,18.971613695603427,1600
2004-04-19,19.136459350585938,19.214032962985414,18.321935495641004,18.45768885496489,2400
2004-04-20,18.477083206176758,19.32554542325755,18.477083206176758,18.81161907166259,1100
2004-04-21,17.958303451538086,18.384957266948096,17.861336002762993,18.384957266948096,2600
2004-04-22,18.016481399536133,18.598284185157873,17.78376065518745,17.78376065518745,3800
2004-04-23,18.18132781982422,18.617680427300122,17.938910115559896,18.5982865670789,1100
2004-04-26,18.060123443603516,18.224967597337244,18.060123443603516,18.060123443603516,1100
2004-04-27,18.18132781982422,18.41404859397793,18.18132781982422,18.18132781982422,10500
2004-04-28,17.81770133972168,18.30738429065226,17.81770133972168,18.18132789767518,3500
2004-04-29,18.074670791625977,18.41405608557196,17.943764956125335,18.41405608557196,3300
2004-04-30,18.18132781982422,18.511016045583723,18.18132781982422,18.511016045583723,1700
2004-05-03,18.04557228088379,18.220113302436683,17.696490237778008,17.783760748554453,2800
2004-05-04,18.302534103393555,18.302534103393555,17.84194016003066,17.93890759802812,18500
2004-05-05,18.42374610900879,18.637073029714024,18.060119541067827,18.612831628418032,13000
2004-05-06,18.2589054107666,18.428597101121955,18.181331802389767,18.428597101121955,7400
2004-05-07,18.370407104492188,18.62736919204576,18.30253046623273,18.496465303688048,5800
2004-05-10,18.428592681884766,18.617680040866446,18.254053492017494,18.617680040866446,12300
2004-05-11,18.447980880737305,18.530403834924147,18.312227602664503,18.312227602664503,2500
2004-05-12,18.724340438842773,18.72918982799541,18.278292810803563,18.384955328660734,3900
2004-05-13,18.66615867614746,18.714641465376474,18.588585103681126,18.66615867614746,600
2004-05-14,18.42374610900879,18.81646346820516,18.42374610900879,18.56434882582605,900
2004-05-17,18.506166458129883,18.80676573984742,18.326777876750263,18.695253819016834,3500
2004-05-18,18.719493865966797,18.7776735923027,18.302535153309133,18.307382693212062,9200
2004-05-19,18.908588409423828,18.908588409423828,18.46738808718398,18.884346999311955,11100
2004-05-20,18.38010597229004,18.68070333753974,18.38010597229004,18.68070333753974,5700
2004-05-21,18.08920669555664,18.583738950472554,17.96314847496043,18.46737765834528,4000
2004-05-24,18.418895721435547,18.491619914082126,18.32192828174003,18.486772374372386,3000
2004-05-25,18.559505462646484,18.637079081684156,18.40920761610529,18.540113445012793,5200
2004-05-26,18.777677536010742,18.777677536010742,18.399506461153223,18.423747864759378,17000
2004-05-27,18.472227096557617,18.472227096557617,18.22980940841644,18.452835087126463,1900
2004-05-28,18.336469650268555,18.43828461246021,18.181322512786096,18.43828461246021,3600
2004-06-01,18.317089080810547,18.423753508754213,17.96315930113514,18.055279252359618,3700
2004-06-02,18.1716251373291,18.569189898510015,18.02132554244374,18.569189898510015,2600
2004-06-03,17.449220657348633,18.37525586820378,17.415280489872618,18.37525586820378,11000
2004-06-04,17.79830551147461,17.895272952774004,17.463769780966818,17.463769780966818,15300
2004-06-07,17.929218292236328,17.943762766794798,17.50741188453319,17.50741188453319,4200
2004-06-08,17.972850799560547,17.972850799560547,17.711039200793415,17.744977535874277,2400
2004-06-09,18.094051361083984,18.094051361083984,17.943751767938164,18.035871649011284,3000
2004-06-10,17.900123596191406,18.16193517824415,17.84679325125512,17.861337722646795,5900
2004-06-14,17.6513729095459,18.495165896894076,17.573334305530665,18.495165896894076,3300
2004-06-15,17.948888778686523,18.01717229841424,17.412373814609,17.612347776920046,16600
2004-06-16,17.44164276123047,18.02205658791406,17.16850859393181,17.948894587052223,20400
2004-06-17,17.656259536743164,17.948903972032166,17.192904297045622,17.948903972032166,7900
2004-06-18,16.958786010742188,17.675767195937073,16.94903094951511,17.524566537798897,10900
2004-06-21,17.070960998535156,17.3977470731396,16.88561861530096,17.3977470731396,3400
2004-06-22,16.695404052734375,17.070965517387407,16.646630609776874,17.070965517387407,1800
2004-06-23,16.271066665649414,17.31483381482069,16.134499557709187,17.31483381482069,55000
2004-06-24,16.30032730102539,16.412509533334305,16.19302538840577,16.349102589113397,20700
2004-06-25,15.973546981811523,17.080721301225925,15.973546981811523,16.485675596897106,192500
2004-06-28,16.227169036865234,16.266187411262127,16.095478534674704,16.095478534674704,32900
2004-06-29,16.212535858154297,16.25643268809988,16.0954770247704,16.173515626830653,6100
2004-06-30,16.207656860351562,16.368612518332355,16.193025204384934,16.368612518332355,5200
2004-07-01,16.23692512512207,16.37837069502706,16.21253840700436,16.324718798815695,9200
2004-07-02,16.500303268432617,16.500303268432617,16.095476748051382,16.095476748051382,10700
2004-07-06,16.480792999267578,16.480792999267578,16.16863859930701,16.212535428088152,20000
2004-07-07,16.50518226623535,16.510058865482332,16.397878476929026,16.4807955488259,5200
2004-07-08,16.87099266052246,16.87099266052246,16.383250752858427,16.383250752858427,19700
2004-07-09,16.8904972076416,16.8904972076416,16.61248456089498,16.61248456089498,1000
2004-07-12,17.027067184448242,17.051453903792908,16.83196970851609,16.83196970851609,2700
2004-07-13,17.51481056213379,17.51481056213379,16.968540186051694,17.066088932641822,4900
2004-07-14,17.14900016784668,17.14900016784668,17.14900016784668,17.14900016784668,100
2004-07-15,17.51481056213379,17.51481056213379,16.988050307487235,16.988050307487235,8700
2004-07-16,17.290447235107422,17.290447235107422,16.831968750926446,17.1782668440341,5400
2004-07-19,17.07584571838379,17.07584571838379,17.06609251620561,17.070969117294702,1100
2004-07-20,17.178268432617188,17.300203894267025,17.0953513511898,17.300203894267025,11200
2004-07-21,17.212404251098633,17.217280849217005,17.02218529450583,17.178262482509506,15800
2004-07-22,17.4367733001709,17.4367733001709,16.851482635460204,16.851482635460204,15000
2004-07-23,17.178268432617188,17.178268432617188,17.00755766995492,17.00755766995492,1300
2004-07-26,17.12461280822754,17.17826469738142,16.875863478620843,17.17826469738142,4700
2004-07-27,17.42701530456543,17.42701530456543,17.070963993122227,17.070963993122227,4400
2004-07-28,17.28069305419922,17.28069305419922,17.07096392004877,17.07096392004877,2200
2004-07-29,17.300195693969727,17.300195693969727,17.285562180308542,17.285562180308542,400
2004-07-30,17.217287063598633,17.31483580645674,17.217287063598633,17.31483580645674,200
2004-08-02,17.348976135253906,17.348976135253906,17.17826724498125,17.314834357199377,6400
2004-08-03,17.309955596923828,17.35385242902677,17.309955596923828,17.31483219578543,3500
2004-08-04,17.168508529663086,17.168508529663086,17.168508529663086,17.168508529663086,200
2004-08-05,17.188026428222656,17.266065062582637,17.188026428222656,17.227044815108744,3500
2004-08-06,17.134374618530273,17.217289854015903,17.075844246976846,17.075844246976846,700
2004-08-09,17.070960998535156,17.070960998535156,17.070960998535156,17.070960998535156,800
2004-08-10,17.070960998535156,17.070960998535156,17.070960998535156,17.070960998535156,0
2004-08-11,17.26118278503418,17.26118278503418,17.08071883183619,17.08071883183619,2300
2004-08-12,17.070960998535156,17.256303381769353,17.070960998535156,17.109981231042184,2800
2004-08-13,17.168508529663086,17.256302186133855,17.168508529663086,17.256302186133855,1800
2004-08-16,17.080720901489258,17.192901310885514,17.080720901489258,17.192901310885514,1300
2004-08-17,17.270944595336914,17.270944595336914,17.144132490693295,17.163640757154383,1500
2004-08-18,17.3148250579834,17.37335352313071,17.197766267102413,17.197766267102413,2000
2004-08-19,17.241668701171875,17.51480472853418,17.241668701171875,17.51480472853418,900
2004-08-20,17.192899703979492,17.29044844321176,17.192899703979492,17.192899703979492,2600
2004-08-23,17.534324645996094,17.592853162941477,17.314840381715896,17.314840381715896,14600
2004-08-24,17.58309555053711,17.675767704567196,17.558708827061515,17.675767704567196,600
2004-08-25,17.290447235107422,17.344099130965816,17.290447235107422,17.344099130965816,1200
2004-08-26,17.670888900756836,17.670888900756836,17.670888900756836,17.670888900756836,200
2004-08-27,17.670888900756836,17.670888900756836,17.670888900756836,17.670888900756836,0
2004-08-30,17.524555206298828,17.61722543715332,17.48065838945481,17.61722543715332,700
2004-08-31,17.524555206298828,17.524555206298828,17.524555206298828,17.524555206298828,0
2004-09-01,17.3148250579834,17.3148250579834,17.3148250579834,17.3148250579834,200
2004-09-02,17.597728729248047,17.67576735919778,17.32459259413013,17.353857778081668,2900
2004-09-03,17.670888900756836,17.67576736170997,17.387999564869233,17.387999564869233,4700
2004-09-07,18.026933670043945,18.041567186961124,17.675760894010946,17.680637492591995,3300
2004-09-08,17.934261322021484,18.02693156895657,17.934261322021484,18.02693156895657,200
2004-09-09,18.04157066345215,18.04157066345215,18.04157066345215,18.04157066345215,100
2004-09-10,18.290321350097656,18.290321350097656,18.041573798394918,18.041573798394918,2400
2004-09-13,18.6435604095459,18.88887041493466,18.290313402884703,18.290313402884703,3100
2004-09-14,19.276458740234375,19.747453454189362,18.643558540601134,18.643558540601134,21200
2004-09-15,19.271562576293945,19.433468155089788,19.03115970492568,19.202876041617298,2600
2004-09-16,19.173425674438477,19.57573382349493,19.03605083633572,19.521765337622377,11100
2004-09-17,19.153804779052734,19.25192915095766,19.031149782063256,19.16852277979012,2100
2004-09-20,19.482521057128906,19.511958932866758,19.286274166910598,19.3058975458356,1100
2004-09-21,19.30590057373047,19.511961993079847,19.251933933764082,19.251933933764082,1900
2004-09-22,19.870115280151367,19.870115280151367,19.021342679192234,19.021342679192234,7400
2004-09-23,19.3598690032959,19.619898933077906,19.3598690032959,19.619898933077906,900
2004-09-24,19.173425674438477,19.33042388521337,18.90849049191848,19.14889318335728,3600
2004-09-27,19.016435623168945,19.62480541450831,19.016435623168945,19.62480541450831,1300
2004-09-28,18.628847122192383,19.134185262268716,18.540535348179606,19.109654629835674,8400
2004-09-29,18.663188934326172,19.109653147620335,18.663188934326172,19.060590014992485,2800
2004-09-30,18.6435604095459,18.88887041493466,18.6435604095459,18.69752891018212,4600
2004-10-01,19.055686950683594,19.158716734358155,18.692627211434232,18.692627211434232,2500
2004-10-04,19.085119247436523,19.2568355032978,18.947744371180683,19.2568355032978,800
2004-10-05,19.374589920043945,19.374589920043945,19.153810485374716,19.193059122889643,800
2004-10-06,18.91830825805664,19.139085765287934,18.91830825805664,19.13418038867767,1500
2004-10-07,18.68281364440918,18.89868580699653,18.663188391928397,18.89868580699653,800
2004-10-08,18.986995697021484,19.134181332961656,18.54543691763407,18.93793257066349,11100
2004-10-11,18.584692001342773,18.74169030126726,18.584692001342773,18.731877673576058,600
2004-10-12,18.584692001342773,18.584692001342773,18.584692001342773,18.584692001342773,0
2004-10-13,18.339384078979492,18.545443670008407,18.339384078979492,18.545443670008407,1000
2004-10-14,18.2314453125,18.33447509829008,18.2265399343246,18.33447509829008,1800
2004-10-15,18.501277923583984,18.5895896645874,18.182376078019722,18.22162470092869,1000
2004-10-18,18.2314453125,18.937937678504362,18.2314453125,18.937937678504362,300
2004-10-19,18.398250579833984,18.91340122175597,18.19709644835714,18.91340122175597,3300
2004-10-20,18.398250579833984,18.398250579833984,18.398250579833984,18.398250579833984,0
2004-10-21,18.673006057739258,18.673006057739258,18.673006057739258,18.673006057739258,100
2004-10-22,18.6926212310791,18.6926212310791,18.18237785402381,18.18237785402381,1600
2004-10-25,18.88886833190918,19.011523321077423,18.201999643940386,18.201999643940386,7400
2004-10-26,18.849624633789062,19.031155430742086,18.76622010943277,19.031155430742086,1800
2004-10-27,19.00171661376953,19.134184267904626,19.00171661376953,19.134184267904626,500
2004-10-28,18.75150489807129,19.001720379986494,18.75150489807129,19.001720379986494,700
2004-10-29,19.109649658203125,19.163618158455556,18.643560276965626,19.011525282432054,2000
2004-11-01,18.88886833190918,19.119460310446787,18.790743966261264,19.109647686725335,8000
2004-11-02,18.780942916870117,18.95266113047222,18.69263112051881,18.69263112051881,500
2004-11-03,18.88886833190918,18.88886833190918,18.88886833190918,18.88886833190918,100
2004-11-04,19.354961395263672,19.354961395263672,19.354961395263672,19.354961395263672,500
2004-11-05,19.354961395263672,19.354961395263672,19.354961395263672,19.354961395263672,0
2004-11-08,18.99681282043457,19.232310268014253,18.99681282043457,19.232310268014253,300
2004-11-09,18.99681282043457,18.99681282043457,18.99681282043457,18.99681282043457,0
2004-11-10,19.134183883666992,19.134183883666992,18.815280070312348,19.06059012010295,1700
2004-11-11,19.129274368286133,19.13417974473131,19.129274368286133,19.13417974473131,400
2004-11-12,19.129274368286133,19.129274368286133,19.129274368286133,19.129274368286133,100
2004-11-15,18.88886833190918,18.88886833190918,18.81527458978159,18.81527458978159,500
2004-11-16,18.83981704711914,18.991908116308913,18.83981704711914,18.991908116308913,700
2004-11-17,18.83981704711914,18.83981704711914,18.83981704711914,18.83981704711914,0
2004-11-18,18.83981704711914,18.83981704711914,18.83981704711914,18.83981704711914,0
2004-11-19,18.790748596191406,18.795655845044553,18.790748596191406,18.795655845044553,1400
2004-11-22,19.085119247436523,19.085119247436523,19.085119247436523,19.085119247436523,500
2004-11-23,19.085119247436523,19.085119247436523,18.766215490474927,18.79074611680271,3800
2004-11-24,19.139087677001953,19.251931937544434,19.129276922801473,19.129276922801473,1900
2004-11-26,19.256837844848633,19.281368474159233,19.237212592773332,19.237212592773332,1600
2004-11-29,19.143991470336914,19.143991470336914,19.134178846340536,19.134178846340536,1300
2004-11-30,19.45308494567871,19.45308494567871,19.413834444911366,19.413834444911366,300
2004-12-01,19.575746536254883,19.610089800191986,19.413840973493524,19.556121279271533,1700
2004-12-02,19.575746536254883,19.575746536254883,19.575746536254883,19.575746536254883,2700
2004-12-03,19.575746536254883,19.575746536254883,19.575746536254883,19.575746536254883,200
2004-12-06,19.232311248779297,19.232311248779297,19.232311248779297,19.232311248779297,200
2004-12-07,19.134183883666992,19.521774211512263,18.879061207296708,19.467805701107583,3200
2004-12-08,18.800559997558594,19.394209803555114,18.800559997558594,19.394209803555114,600
2004-12-09,18.6435604095459,18.83490191429844,18.6435604095459,18.751497410818335,1700
2004-12-10,19.379491806030273,19.472708940953407,18.741686120904692,18.741686120904692,2500
2004-12-13,19.502891540527344,19.502891540527344,19.43378516168537,19.43378516168537,500
2004-12-14,19.690473556518555,19.690473556518555,19.690473556518555,19.690473556518555,200
2004-12-15,19.641117095947266,19.725031493170828,19.399242752581234,19.53252022141452,6100
2004-12-16,19.641117095947266,19.641117095947266,19.641117095947266,19.641117095947266,0
2004-12-17,19.251157760620117,19.251157760620117,19.251157760620117,19.251157760620117,200
2004-12-20,19.261022567749023,19.616429015675152,19.127745149776725,19.616429015675152,4000
2004-12-21,19.39429473876953,19.448593140624737,19.275825327175678,19.448593140624737,600
2004-12-22,19.448596954345703,19.448596954345703,19.448596954345703,19.448596954345703,300
2004-12-23,19.576942443847656,19.576942443847656,19.226473173414398,19.280771600694425,2100
2004-12-27,19.231414794921875,19.739844147858932,19.053711478012527,19.300521221940198,9400
2004-12-28,19.47327995300293,19.47327995300293,19.132681462511083,19.20178973981947,4000
2004-12-29,19.47327995300293,19.47327995300293,19.47327995300293,19.47327995300293,0
2004-12-30,19.547319412231445,19.70034204090427,19.448597079418317,19.448597079418317,400
2004-12-31,19.91754150390625,19.92741411760314,19.275836677676665,19.275836677676665,4500
2005-01-03,19.611501693725586,20.114993788754873,19.502904805677442,19.744779179145887,6500
2005-01-04,19.611501693725586,20.213718061252376,19.606566327454704,20.13473901985615,800
2005-01-05,19.749713897705078,20.223590013550083,19.749713897705078,19.99158826324101,500
2005-01-06,19.84349250793457,20.085364865001253,19.84349250793457,19.942216725985556,1900
2005-01-07,19.84349250793457,19.84349250793457,19.744768289883584,19.744768289883584,300
2005-01-10,19.349876403808594,19.349876403808594,19.349876403808594,19.349876403808594,100
2005-01-11,19.27583122253418,19.729961909027526,19.27583122253418,19.280768469489626,1400
2005-01-12,19.27583122253418,19.27583122253418,19.27583122253418,19.27583122253418,0
2005-01-13,19.27583122253418,19.34000225189902,19.27583122253418,19.27583122253418,2600
2005-01-14,19.27583122253418,19.27583122253418,19.25115063678093,19.27583122253418,2700
2005-01-18,19.231414794921875,19.744779514213565,18.97966968463957,19.744779514213565,1500
2005-01-19,19.39429473876953,19.39429473876953,19.251144748970788,19.251144748970788,600
2005-01-20,19.05369758605957,19.06357019457968,19.05369758605957,19.05369758605957,400
2005-01-21,18.905620574951172,19.058643250092185,18.905620574951172,19.058643250092185,400
2005-01-24,18.565025329589844,19.07838994076317,18.565025329589844,19.029026872568515,2200
2005-01-25,18.337955474853516,18.560082625909935,18.2984650319052,18.36757142405679,3100
2005-01-26,18.550220489501953,18.55515585565227,18.367579930790054,18.367579930790054,1700
2005-01-27,18.787151336669922,18.841447878234323,18.787151336669922,18.841447878234323,1200
2005-01-28,18.757535934448242,18.757535934448242,18.757535934448242,18.757535934448242,300
2005-01-31,18.757535934448242,18.757535934448242,18.757535934448242,18.757535934448242,400
2005-02-01,18.56995964050293,18.757535522975033,18.283661393263998,18.757535522975033,1100
2005-02-02,18.39719581604004,18.39719581604004,18.39719581604004,18.39719581604004,100
2005-02-03,18.263916015625,18.263916015625,18.263916015625,18.263916015625,600
2005-02-04,18.352760314941406,18.352760314941406,18.18986509011282,18.26390871649084,1900
2005-02-07,18.263916015625,18.263916015625,18.184936994661552,18.189872359655595,5300
2005-02-08,18.347837448120117,18.347837448120117,18.347837448120117,18.347837448120117,100
2005-02-09,18.347837448120117,18.347837448120117,18.347837448120117,18.347837448120117,0
2005-02-10,18.333023071289062,18.333023071289062,18.333023071289062,18.333023071289062,500
2005-02-11,18.313276290893555,18.323148903401233,18.26391511136346,18.26391511136346,2800
2005-02-14,18.313276290893555,18.36263935343195,18.313276290893555,18.357702105673958,1100
2005-02-15,18.337955474853516,18.337955474853516,18.313273006506837,18.313273006506837,1000
2005-02-16,18.46135902404785,18.49591221776442,18.33795422277215,18.33795422277215,2000
2005-02-17,18.46135902404785,18.46135902404785,18.46135902404785,18.46135902404785,0
2005-02-18,18.337955474853516,18.466295648419624,18.26884719969396,18.466295648419624,1400
2005-02-22,18.337955474853516,18.337955474853516,18.337955474853516,18.337955474853516,0
2005-02-23,18.757535934448242,18.757535934448242,18.342895591103257,18.342895591103257,2700
2005-02-24,18.713106155395508,18.713106155395508,18.703233544190166,18.713106155395508,600
2005-02-25,18.757535934448242,18.880940776122245,18.757535934448242,18.876005410979,600
2005-02-28,18.757535934448242,18.757535934448242,18.757535934448242,18.757535934448242,0
2005-03-01,18.762462615966797,18.99940145936851,18.762462615966797,18.762462615966797,900
2005-03-02,18.792085647583008,18.792085647583008,18.792085647583008,18.792085647583008,400
2005-03-03,18.792085647583008,18.792085647583008,18.792085647583008,18.792085647583008,0
2005-03-04,18.792085647583008,18.792085647583008,18.792085647583008,18.792085647583008,0
2005-03-07,18.762462615966797,19.043827257130385,18.762462615966797,18.80688841372867,1200
2005-03-08,19.201786041259766,19.246211840896912,19.053698787130838,19.246211840896912,300
2005-03-09,19.029029846191406,19.270904210621083,18.876009018397045,19.270904210621083,700
2005-03-10,19.029029846191406,19.029029846191406,19.029029846191406,19.029029846191406,0
2005-03-11,19.14824104309082,19.14824104309082,19.14824104309082,19.14824104309082,0
2005-03-14,19.04392433166504,19.3667876552185,19.04392433166504,19.3667876552185,200
2005-03-15,19.04392433166504,19.04392433166504,19.04392433166504,19.04392433166504,0
2005-03-16,18.8800106048584,19.133334629213245,18.8800106048584,19.00915670604452,1600
2005-03-17,19.07869529724121,19.098564218927976,18.88000986998289,18.88000986998289,1500
2005-03-18,18.875043869018555,18.880010152112128,18.86510940802672,18.880010152112128,800
2005-03-21,18.3832950592041,18.631650853488324,18.3832950592041,18.631650853488324,200
2005-03-22,18.3832950592041,18.3832950592041,18.3832950592041,18.3832950592041,0
2005-03-23,18.313756942749023,18.70119329574466,18.313756942749023,18.37832998404904,1100
2005-03-24,18.154808044433594,18.32369005904804,18.129972844155887,18.308789317842283,4400
2005-03-28,18.14984893798828,18.14984893798828,18.14984893798828,18.14984893798828,600
2005-03-29,17.94122314453125,18.432968480967407,17.94122314453125,18.432968480967407,400
2005-03-30,18.35349464416504,18.363429103890805,17.966058294078007,18.363429103890805,300
2005-03-31,18.015735626220703,18.378334980899695,17.931293642361222,18.378334980899695,2300
2005-04-01,18.378334045410156,18.870079492771765,18.378334045410156,18.870079492771765,3200
2005-04-04,18.378334045410156,18.48264305415796,18.378334045410156,18.48264305415796,2100
2005-04-05,18.870079040527344,18.870079040527344,17.91639155464759,18.502511534714195,10600
2005-04-06,17.881622314453125,18.08030776475789,17.881622314453125,18.08030776475789,600
2005-04-07,17.931293487548828,18.070374066562792,17.906458278912215,17.906458278912215,2300
2005-04-08,17.86672019958496,18.065403739858056,17.384909251144304,18.000832584041785,15900
2005-04-11,17.553791046142578,17.57365996832112,17.553791046142578,17.568691790374128,3400
2005-04-12,17.67300033569336,17.67300033569336,17.44947972790211,17.51405087419389,3400
2005-04-13,17.44451332092285,17.707771794506133,17.434578860145685,17.47431670325435,9600
2005-04-14,17.315364837646484,17.439542724439928,17.310396661084404,17.439542724439928,500
2005-04-15,17.290538787841797,17.290538787841797,17.290538787841797,17.290538787841797,100
2005-04-18,17.449478149414062,17.449478149414062,17.449478149414062,17.449478149414062,400
2005-04-19,17.42961883544922,17.42961883544922,17.335244266386923,17.389880978072256,3700
2005-04-20,17.702802658081055,17.702802658081055,17.499150960188825,17.673001172168004,1200
2005-04-21,17.702802658081055,17.702802658081055,17.702802658081055,17.702802658081055,0
2005-04-22,17.71770477294922,17.71770477294922,17.71770477294922,17.71770477294922,100
2005-04-25,17.71770477294922,17.71770477294922,17.71770477294922,17.71770477294922,0
2005-04-26,17.71770477294922,17.71770477294922,17.71770477294922,17.71770477294922,0
2005-04-27,17.43458366394043,18.313763789513533,17.43458366394043,18.313763789513533,3100
2005-04-28,17.389869689941406,17.583588776698974,17.389869689941406,17.578620600349137,7700
2005-04-29,17.4842529296875,17.4842529296875,17.434580620785486,17.434580620785486,400
2005-05-02,17.4842529296875,17.4842529296875,17.434580620785486,17.434580620785486,600
2005-05-03,17.886587142944336,18.37833255030162,17.48425188627492,18.37833255030162,1500
2005-05-04,17.63325309753418,17.643187552007795,17.63325309753418,17.643187552007795,200
2005-05-05,17.63325309753418,17.63325309753418,17.63325309753418,17.63325309753418,0
2005-05-06,17.881622314453125,18.17964859510539,17.881622314453125,18.17468231150997,400
2005-05-09,17.881622314453125,17.881622314453125,17.881622314453125,17.881622314453125,0
2005-05-10,17.63325309753418,17.782266125031526,17.63325309753418,17.782266125031526,200
2005-05-11,17.63325309753418,17.98095142489695,17.63325309753418,17.63325309753418,5500
2005-05-12,17.68293571472168,17.68293571472168,17.68293571472168,17.68293571472168,200
2005-05-13,18.95948600769043,19.371757657078188,18.62172377124906,18.87504592228131,6300
2005-05-16,19.62010955810547,19.734353006636884,19.19293724936787,19.19293724936787,10400
2005-05-17,19.868457794189453,20.116813516616823,19.71944473969379,19.71944473969379,5500
2005-05-18,19.99264144897461,19.99264144897461,19.86846355177601,19.86846355177601,2400
2005-05-19,20.08701515197754,20.08701515197754,19.86846274392391,19.992640636073435,2300
2005-05-20,19.99264144897461,19.99264144897461,19.99264144897461,19.99264144897461,1000
2005-05-23,19.868457794189453,20.091978323334843,19.639970984309183,19.93303081256563,3100
2005-05-24,19.62010955810547,19.654879220927878,19.62010955810547,19.654879220927878,300
2005-05-25,19.99264144897461,19.99264144897461,19.987675166800575,19.987675166800575,2000
2005-05-26,19.868457794189453,19.868457794189453,19.798918495078397,19.798918495078397,500
2005-05-27,20.082050323486328,20.082050323486328,19.868464181946056,19.868464181946056,300
2005-05-31,19.868457794189453,19.94793154957406,19.868457794189453,19.94793154957406,2300
2005-06-01,19.942981719970703,20.017487361276963,19.942981719970703,20.017487361276963,300
2005-06-02,19.942981719970703,19.942981719970703,19.942981719970703,19.942981719970703,0
2005-06-03,19.868457794189453,19.868457794189453,19.868457794189453,19.868457794189453,900
2005-06-06,19.868457794189453,19.868457794189453,19.679706914599592,19.868457794189453,900
2005-06-07,19.868457794189453,19.967800462121158,19.724411020428672,19.967800462121158,1600
2005-06-08,19.868457794189453,19.868457794189453,19.868457794189453,19.868457794189453,600
2005-06-09,19.838661193847656,19.86349829040725,19.65487842709416,19.818794169326193,1800
2005-06-10,19.64495086669922,19.64495086669922,19.64495086669922,19.64495086669922,300
2005-06-13,19.7648868560791,19.7648868560791,19.7648868560791,19.7648868560791,0
2005-06-14,19.68992042541504,19.73989407825396,19.68992042541504,19.73989407825396,300
2005-06-15,19.68992042541504,19.68992042541504,19.68992042541504,19.68992042541504,0
2005-06-16,19.98477554321289,19.98477554321289,19.98477554321289,19.98477554321289,400
2005-06-17,19.789871215820312,19.789871215820312,19.789871215820312,19.789871215820312,100
2005-06-20,19.749889373779297,19.869826904257245,19.749889373779297,19.869826904257245,1400
2005-06-21,20.08472442626953,20.08472442626953,19.989773687548094,19.989773687548094,500
2005-06-22,20.08472442626953,20.08472442626953,20.08472442626953,20.08472442626953,0
2005-06-23,19.87483024597168,19.87483024597168,19.764885894323385,19.764885894323385,900
2005-06-24,18.790380477905273,19.60996253761864,18.790380477905273,19.564985484990302,7400
2005-06-27,19.015268325805664,19.085232215766037,18.935309322083373,19.085232215766037,3100
2005-06-28,18.93031120300293,19.20017162747998,18.845353696014087,19.20017162747998,1000
2005-06-29,18.775394439697266,18.91532224290821,18.54051399313032,18.795384670548355,4500
2005-06-30,18.85035514831543,19.240155082810887,18.77539274258638,18.77539274258638,2200
2005-07-01,19.59497833251953,19.839853938146806,19.1302158674683,19.1302158674683,2700
2005-07-05,20.089719772338867,20.239642670102047,19.75489012450713,19.75489012450713,3400
2005-07-06,20.089719772338867,20.089719772338867,20.089719772338867,20.089719772338867,0
2005-07-07,20.089719772338867,20.089719772338867,20.089719772338867,20.089719772338867,0
2005-07-08,19.989761352539062,20.47451367537724,19.989761352539062,20.47451367537724,1300
2005-07-11,20.339597702026367,20.464533803505187,20.329602585143228,20.464533803505187,500
2005-07-12,20.289615631103516,20.289615631103516,20.164679569566246,20.239641969037812,3000
2005-07-13,20.23964500427246,20.23964500427246,20.23964500427246,20.23964500427246,200
2005-07-14,20.23964500427246,20.23964500427246,20.23964500427246,20.23964500427246,0
2005-07-15,19.91481590270996,20.474531068651448,19.91481590270996,20.36458667777476,600
2005-07-18,20.139694213867188,20.139694213867188,20.129699099447254,20.139694213867188,300
2005-07-19,20.23964500427246,20.23964500427246,20.23964500427246,20.23964500427246,100
2005-07-20,19.88982582092285,20.43954577938056,19.88982582092285,19.88982582092285,2300
2005-07-21,19.989761352539062,19.989761352539062,19.989761352539062,19.989761352539062,200
2005-07-22,19.989761352539062,19.989761352539062,19.989761352539062,19.989761352539062,0
2005-07-25,19.989761352539062,19.989761352539062,19.989761352539062,19.989761352539062,0
2005-07-26,19.989761352539062,19.989761352539062,19.989761352539062,19.989761352539062,0
2005-07-27,19.989761352539062,19.989761352539062,19.989761352539062,19.989761352539062,0
2005-07-28,20.23964500427246,20.23964500427246,20.049741628472542,20.049741628472542,700
2005-07-29,20.23964500427246,20.23964500427246,20.23964500427246,20.23964500427246,0
2005-08-01,20.434534072875977,20.434534072875977,20.434534072875977,20.434534072875977,100
2005-08-02,20.04473876953125,20.04473876953125,20.04473876953125,20.04473876953125,200
2005-08-03,20.48951530456543,20.48951530456543,20.48951530456543,20.48951530456543,200
2005-08-04,20.054737091064453,20.054737091064453,20.054737091064453,20.054737091064453,300
2005-08-05,20.039745330810547,20.05973556000431,20.039745330810547,20.05973556000431,1400
2005-08-08,20.48951530456543,20.48951530456543,19.564989157030627,19.564989157030627,700
2005-08-09,19.989761352539062,19.989761352539062,19.989761352539062,19.989761352539062,200
2005-08-10,19.989761352539062,19.989761352539062,19.989761352539062,19.989761352539062,0
2005-08-11,19.989761352539062,19.989761352539062,19.924794094359093,19.989761352539062,700
2005-08-12,19.989761352539062,19.989761352539062,19.989761352539062,19.989761352539062,0
2005-08-15,19.989761352539062,19.989761352539062,19.40506174803595,19.40506174803595,1000
2005-08-16,19.989761352539062,19.989761352539062,19.989761352539062,19.989761352539062,0
2005-08-17,19.989761352539062,19.989761352539062,19.989761352539062,19.989761352539062,0
2005-08-18,19.864831924438477,19.864831924438477,19.804863154300037,19.804863154300037,400
2005-08-19,19.864831924438477,19.864831924438477,19.864831924438477,19.864831924438477,0
2005-08-22,19.864831924438477,19.864831924438477,19.864831924438477,19.864831924438477,0
2005-08-23,19.864831924438477,19.864831924438477,19.864831924438477,19.864831924438477,0
2005-08-24,19.864831924438477,19.864831924438477,19.864831924438477,19.864831924438477,0
2005-08-25,19.864831924438477,19.864831924438477,19.864831924438477,19.864831924438477,200
2005-08-26,19.240154266357422,19.240154266357422,19.240154266357422,19.240154266357422,300
2005-08-29,19.240154266357422,19.240154266357422,19.240154266357422,19.240154266357422,0
2005-08-30,19.240154266357422,19.240154266357422,19.240154266357422,19.240154266357422,0
2005-08-31,19.240154266357422,19.240154266357422,19.240154266357422,19.240154266357422,0
2005-09-01,18.99028205871582,19.155198581126903,18.99028205871582,19.155198581126903,200
2005-09-02,19.190187454223633,19.190187454223633,19.190187454223633,19.190187454223633,700
2005-09-06,19.649946212768555,19.649946212768555,19.649946212768555,19.649946212768555,100
2005-09-07,19.240154266357422,19.255145984317792,19.240154266357422,19.240154266357422,1100
2005-09-08,19.490026473999023,19.52001181640718,19.490026473999023,19.52001181640718,200
2005-09-09,19.445045471191406,19.465035695410595,19.445045471191406,19.465035695410595,300
2005-09-12,19.240154266357422,19.240154266357422,19.115218199692766,19.115218199692766,600
2005-09-13,19.36590576171875,19.667711317744832,19.36590576171875,19.667711317744832,400
2005-09-14,19.36590576171875,19.36590576171875,19.36590576171875,19.36590576171875,0
2005-09-15,19.36590576171875,19.36590576171875,19.36590576171875,19.36590576171875,300
2005-09-16,19.36590576171875,19.36590576171875,19.36590576171875,19.36590576171875,0
2005-09-19,19.36590576171875,19.36590576171875,19.36590576171875,19.36590576171875,800
2005-09-20,19.40111541748047,19.40111541748047,19.215002064132317,19.365904834923597,1400
2005-09-21,19.089256286621094,19.089256286621094,19.074164660942472,19.074164660942472,1000
2005-09-22,19.7431697845459,19.7431697845459,19.365911763185146,19.7431697845459,800
2005-09-23,19.7431697845459,19.7431697845459,19.7431697845459,19.7431697845459,0
2005-09-26,19.7431697845459,19.7431697845459,19.7431697845459,19.7431697845459,0
2005-09-27,19.7431697845459,19.7431697845459,19.7431697845459,19.7431697845459,0
2005-09-28,19.86891746520996,19.86891746520996,19.863888203809104,19.86891746520996,300
2005-09-29,19.647594451904297,19.647594451904297,19.647594451904297,19.647594451904297,200
2005-09-30,19.68280601501465,19.68280601501465,19.677774834289213,19.677774834289213,200
2005-10-03,20.110363006591797,20.110363006591797,19.617412862361654,19.617412862361654,2500
2005-10-04,19.97455406188965,19.97455406188965,19.652627526940222,19.652627526940222,800
2005-10-05,19.853824615478516,19.853824615478516,19.853824615478516,19.853824615478516,100
2005-10-06,19.858850479125977,19.858850479125977,19.441352842450993,19.441352842450993,800
2005-10-07,19.858850479125977,19.858850479125977,19.858850479125977,19.858850479125977,0
2005-10-10,19.858850479125977,19.858850479125977,19.858850479125977,19.858850479125977,0
2005-10-11,19.858850479125977,19.858850479125977,19.858850479125977,19.858850479125977,0
2005-10-12,20.185815811157227,20.31659772219608,19.863889335830994,19.863889335830994,3300
2005-10-13,20.19587516784668,20.19587516784668,20.170723104261793,20.170723104261793,700
2005-10-14,20.19587516784668,20.19587516784668,20.19587516784668,20.19587516784668,0
2005-10-17,20.19587516784668,20.19587516784668,20.19587516784668,20.19587516784668,0
2005-10-18,20.19587516784668,20.19587516784668,20.19587516784668,20.19587516784668,0
2005-10-19,20.19587516784668,20.19587516784668,20.19587516784668,20.19587516784668,0
2005-10-20,20.19587516784668,20.19587516784668,20.19587516784668,20.19587516784668,0
2005-10-21,19.36590576171875,19.36590576171875,19.36590576171875,19.36590576171875,200
2005-10-24,18.988649368286133,19.240154657932308,18.988649368286136,19.240154657932308,900
2005-10-25,18.988649368286133,18.988649368286136,18.988649368286136,18.988649368286136,0
2005-10-26,19.406150817871094,19.406150817871094,19.360879784904316,19.365909046863624,1100
2005-10-27,19.189851760864258,19.189851760864258,19.189851760864258,19.189851760864258,300
2005-10-28,19.189851760864258,19.189851760864258,19.189851760864258,19.189851760864258,0
2005-10-31,19.189851760864258,19.189851760864258,19.189851760864258,19.189851760864258,0
2005-11-01,19.567115783691406,19.567115783691406,19.567115783691406,19.567115783691406,200
2005-11-02,19.567115783691406,19.567115783691406,19.567115783691406,19.567115783691406,0
2005-11-03,19.60735321044922,19.60735321044922,19.114403046355815,19.189855404861547,400
2005-11-04,19.612380981445312,19.612380981445312,19.612380981445312,19.612380981445312,300
2005-11-07,19.612380981445312,19.612380981445312,19.612380981445312,19.612380981445312,0
2005-11-08,19.612380981445312,19.612380981445312,19.612380981445312,19.612380981445312,0
2005-11-09,19.612380981445312,19.612380981445312,19.612380981445312,19.612380981445312,0
2005-11-10,19.380992889404297,19.380992889404297,19.365903189257306,19.365903189257306,900
2005-11-11,19.380992889404297,19.380992889404297,19.380992889404297,19.380992889404297,0
2005-11-14,19.290449142456055,19.29044914245606,19.29044914245606,19.29044914245606,1100
2005-11-15,19.290449142456055,19.29044914245606,19.29044914245606,19.29044914245606,0
2005-11-16,19.290449142456055,19.29044914245606,19.29044914245606,19.29044914245606,0
2005-11-17,19.290449142456055,19.29044914245606,19.29044914245606,19.29044914245606,0
2005-11-18,19.61741065979004,19.61741065979004,19.61741065979004,19.61741065979004,100
2005-11-21,19.61741065979004,19.61741065979004,19.61741065979004,19.61741065979004,0
2005-11-22,19.61741065979004,19.61741065979004,19.61741065979004,19.61741065979004,0
2005-11-23,19.61741065979004,19.61741065979004,19.61741065979004,19.61741065979004,0
2005-11-25,19.36590576171875,19.36590576171875,19.36590576171875,19.36590576171875,400
2005-11-28,19.36590576171875,19.36590576171875,19.36590576171875,19.36590576171875,0
2005-11-29,19.36590576171875,19.36590576171875,19.36590576171875,19.36590576171875,0
2005-11-30,19.36590576171875,19.61741103135146,19.36590576171875,19.61741103135146,1000
2005-12-01,19.139549255371094,19.365904365487502,19.13954925537109,19.365904365487502,600
2005-12-02,19.109373092651367,19.119431615843617,19.109373092651367,19.114402354247492,1200
2005-12-05,19.109373092651367,19.109373092651367,19.109373092651367,19.109373092651367,0
2005-12-06,19.6224422454834,19.843768132841873,19.3407575435117,19.3407575435117,2100
2005-12-07,19.114398956298828,19.114398956298828,18.88301458734771,18.88301458734771,4000
2005-12-08,19.114398956298828,19.114398956298828,19.114398956298828,19.114398956298828,0
2005-12-09,19.360876083374023,19.365905344371807,19.11942934115697,19.11942934115697,2300
2005-12-12,19.36590576171875,19.36590576171875,19.36590576171875,19.36590576171875,100
2005-12-13,19.62932586669922,19.629325866699222,19.629325866699222,19.629325866699222,200
2005-12-14,19.639446258544922,19.63944625854492,19.63944625854492,19.63944625854492,200
2005-12-15,19.37603759765625,19.37603759765625,19.37603759765625,19.37603759765625,1200
2005-12-16,19.153156280517578,19.153156280517578,19.153156280517578,19.153156280517578,400
2005-12-19,19.244335174560547,19.244335174560547,18.874542369646107,18.874542369646107,1700
2005-12-20,19.244335174560547,19.244335174560547,19.244335174560547,19.244335174560547,0
2005-12-21,18.869474411010742,18.869474411010742,18.869474411010742,18.869474411010742,500
2005-12-22,19.239259719848633,19.24432643124965,19.239259719848633,19.24432643124965,700
2005-12-23,19.00118637084961,19.00118637084961,19.00118637084961,19.00118637084961,100
2005-12-27,18.752967834472656,18.752967834472656,18.752967834472656,18.752967834472656,300
2005-12-28,19.2493953704834,19.2493953704834,19.2493953704834,19.2493953704834,700
2005-12-29,19.117687225341797,19.117687225341797,19.117687225341797,19.117687225341797,300
2005-12-30,18.945453643798828,18.945453643798828,18.945453643798828,18.945453643798828,500
2006-01-03,19.47735023498535,19.47735023498535,18.930261197261505,18.94545940323255,1600
2006-01-04,19.279796600341797,19.750900543460084,19.279796600341797,19.750900543460084,2500
2006-01-05,18.82895278930664,18.996119569059264,18.80362501635827,18.996119569059264,900
2006-01-06,19.016382217407227,19.016382217407227,19.016382217407227,19.016382217407227,100
2006-01-09,19.02144432067871,19.02144432067871,19.02144432067871,19.02144432067871,200
2006-01-10,19.02144432067871,19.02144432067871,19.02144432067871,19.02144432067871,400
2006-01-11,18.92013168334961,18.92013168334961,18.92013168334961,18.92013168334961,100
2006-01-12,18.92013168334961,18.92013168334961,18.92013168334961,18.92013168334961,0
2006-01-13,19.13287925720215,19.132879257202145,19.12274776822033,19.12274776822033,200
2006-01-17,19.61412239074707,19.61412239074707,19.173411135226193,19.173411135226193,1200
2006-01-18,19.219005584716797,19.219005584716797,19.219005584716797,19.219005584716797,200
2006-01-19,19.50267791748047,19.50267791748047,19.37097237140391,19.37097237140391,300
2006-01-20,19.330442428588867,19.330442428588867,19.325377649250477,19.325377649250477,300
2006-01-23,19.40644073486328,19.55334262337286,19.345651747494863,19.401374019723093,2500
2006-01-24,19.40644073486328,19.40644073486328,19.40644073486328,19.40644073486328,0
2006-01-25,19.452028274536133,19.45202827453613,19.45202827453613,19.45202827453613,300
2006-01-26,19.62932586669922,19.629325866699222,19.54827582428698,19.54827582428698,700
2006-01-27,19.755956649780273,19.755956649780273,19.553330680418487,19.553330680418487,700
2006-01-30,19.750896453857422,19.755961234693885,19.52800744935505,19.52800744935505,1400
2006-01-31,19.705305099487305,19.755960635856074,19.705305099487305,19.755960635856074,500
2006-02-01,19.80660629272461,19.968706247111314,19.80660629272461,19.87752671360469,1400
2006-02-02,20.004180908203125,20.009245689773838,20.004180908203125,20.009245689773838,500
2006-02-03,20.135879516601562,20.135879516601562,20.009238764924824,20.009238764924824,500
2006-02-06,20.24732780456543,20.257459298491245,20.18653884101053,20.257459298491245,700
2006-02-07,20.31317710876465,20.31317710876465,20.26252157777407,20.26252157777407,2600
2006-02-08,20.146024703979492,20.201746981779035,19.907939310612665,19.907939310612665,1400
2006-02-09,20.105485916137695,20.262521150714186,20.095354423676184,20.095354423676184,1000
2006-02-10,20.009241104125977,20.01430588453596,19.755959571162354,19.755959571162354,1100
2006-02-13,20.009241104125977,20.262522637089596,20.009241104125977,20.262522637089596,800
2006-02-14,20.02444076538086,20.02444076538086,19.755962913382728,19.755962913382728,600
2006-02-15,20.009241104125977,20.009241104125977,19.755959571162354,19.90792810446358,600
2006-02-16,20.009241104125977,20.009241104125977,20.009241104125977,20.009241104125977,0
2006-02-17,19.907934188842773,19.907934188842773,19.907934188842773,19.907934188842773,100
2006-02-21,20.034570693969727,20.034570693969727,19.755961368834935,19.755961368834935,2000
2006-02-22,20.004180908203125,20.004180908203125,19.7914233669146,19.7914233669146,400
2006-02-23,20.009241104125977,20.009241104125977,19.806615104801182,20.009241104125977,400
2006-02-24,19.907934188842773,19.97378794860765,19.907934188842773,19.97378794860765,500
2006-02-27,19.907934188842773,19.907934188842773,19.907934188842773,19.907934188842773,0
2006-02-28,19.907934188842773,19.907934188842773,19.907934188842773,19.907934188842773,0
2006-03-01,20.26251983642578,20.26251983642578,20.00923833847046,20.00923833847046,2300
2006-03-02,20.26251983642578,20.26251983642578,20.26251983642578,20.26251983642578,200
2006-03-03,20.009241104125977,20.01430588453596,20.009241104125977,20.01430588453596,400
2006-03-06,20.009241104125977,20.009241104125977,20.009241104125977,20.009241104125977,0
2006-03-07,19.755956649780273,20.11055112997117,19.755956649780273,20.11055112997117,300
2006-03-08,20.135879516601562,20.2625202682783,20.135879516601562,20.25238877625802,800
2006-03-09,20.135879516601562,20.135879516601562,20.135879516601562,20.135879516601562,0
2006-03-10,20.135879516601562,20.135879516601562,20.135879516601562,20.135879516601562,0
2006-03-13,20.27358627319336,20.27358627319336,20.27358627319336,20.27358627319336,0
2006-03-14,20.013479232788086,20.013479232788086,20.013479232788086,20.013479232788086,100
2006-03-15,20.013479232788086,20.013479232788086,20.013479232788086,20.013479232788086,0
2006-03-16,20.40110206604004,20.40110206604004,20.008380617796686,20.008380617796686,1900
2006-03-17,20.40110206604004,20.40110206604004,20.40110206604004,20.40110206604004,0
2006-03-20,20.40110206604004,20.40110206604004,20.40110206604004,20.40110206604004,0
2006-03-21,20.40110206604004,20.40110206604004,20.40110206604004,20.40110206604004,0
2006-03-22,20.40110206604004,20.40110206604004,20.40110206604004,20.40110206604004,200
2006-03-23,20.40110206604004,20.40110206604004,20.40110206604004,20.40110206604004,0
2006-03-24,20.40110206604004,20.40110206604004,20.40110206604004,20.40110206604004,0
2006-03-27,20.40110206604004,20.40110206604004,20.40110206604004,20.40110206604004,0
2006-03-28,20.40110206604004,20.40110206604004,20.40110206604004,20.40110206604004,0
2006-03-29,20.40110206604004,20.40110206604004,20.069583379226607,20.40110206604004,4900
2006-03-30,20.436803817749023,20.707117797250643,20.436803817749023,20.707117797250643,300
2006-03-31,20.69691276550293,20.69691276550293,20.14608224122197,20.656109639733916,6800
2006-04-03,20.656108856201172,20.783615700992538,20.40109516661844,20.40109516661844,4600
2006-04-04,20.559206008911133,20.916223646575013,20.390896026355126,20.911124228437046,7700
2006-04-05,20.528608322143555,20.605113230776897,20.528608322143555,20.605113230776897,3700
2006-04-06,20.78871726989746,20.849921962562696,20.0899802329048,20.0899802329048,2200
2006-04-07,20.07468032836914,20.911125017784478,19.83496680923172,20.911125017784478,1800
2006-04-10,20.07468032836914,20.074680328369144,20.074680328369144,20.074680328369144,0
2006-04-11,19.676855087280273,20.01857246035899,19.579948650568525,20.01857246035899,700
2006-04-12,19.89106559753418,19.89106559753418,19.89106559753418,19.89106559753418,1300
2006-04-13,19.89106559753418,19.89106559753418,19.89106559753418,19.89106559753418,0
2006-04-17,19.43204116821289,19.636052885523235,19.43204116821289,19.636052885523235,1100
2006-04-18,19.63605308532715,19.870665200701357,19.636053085327152,19.870665200701357,500
2006-04-19,19.63605308532715,19.636053085327152,19.636053085327152,19.636053085327152,0
2006-04-20,19.63605308532715,19.89106676175997,19.636053085327152,19.636053085327152,1500
2006-04-21,19.89106559753418,19.89106559753418,19.89106559753418,19.89106559753418,900
2006-04-24,20.360286712646484,20.360286712646484,19.891062580531973,19.891062580531973,1400
2006-04-25,20.360286712646484,20.360286712646484,20.360286712646484,20.360286712646484,0
2006-04-26,20.360286712646484,20.360286712646484,20.360286712646484,20.360286712646484,0
2006-04-27,19.942062377929688,20.375586657379923,19.942062377929684,20.375586657379923,1000
2006-04-28,20.19707679748535,20.19707679748535,20.19707679748535,20.19707679748535,500
2006-05-01,20.19707679748535,20.19707679748535,20.19707679748535,20.19707679748535,0
2006-05-02,19.942062377929688,19.99306626435877,19.942062377929684,19.99306626435877,900
2006-05-03,19.89106559753418,20.146079259041027,19.89106559753418,20.146079259041027,600
2006-05-04,20.390893936157227,20.390893936157227,20.212385135623588,20.278687292621793,2000
2006-05-05,20.40110206604004,20.47760697702797,20.385801862082737,20.385801862082737,4800
2006-05-08,20.656108856201172,20.86522000383501,20.615305731979912,20.656108856201172,700
2006-05-09,20.911121368408203,20.9111213684082,20.900920587927228,20.900920587927228,300
2006-05-10,20.916223526000977,21.400749961523402,20.91112410789241,20.91112410789241,2000
2006-05-11,21.161041259765625,21.41605500288085,21.161041259765625,21.410953638482287,300
2006-05-12,21.161041259765625,21.161041259765625,21.161041259765625,21.161041259765625,0
2006-05-15,20.911121368408203,20.9111213684082,20.906021950967684,20.906021950967684,1000
2006-05-16,20.911121368408203,20.9111213684082,20.462296755245116,20.906021950967684,1600
2006-05-17,21.033536911010742,21.033536911010742,21.033536911010742,21.033536911010742,100
2006-05-18,21.033536911010742,21.033536911010742,21.033536911010742,21.033536911010742,0
2006-05-19,21.033536911010742,21.033536911010742,21.033536911010742,21.033536911010742,200
2006-05-22,21.033536911010742,21.033536911010742,21.033536911010742,21.033536911010742,0
2006-05-23,20.477596282958984,20.477596282958984,20.477596282958984,20.477596282958984,300
2006-05-24,20.477596282958984,20.477596282958984,20.477596282958984,20.477596282958984,0
2006-05-25,20.477596282958984,20.477596282958984,20.477596282958984,20.477596282958984,100
2006-05-26,20.477596282958984,20.477596282958984,20.477596282958984,20.477596282958984,0
2006-05-30,20.9570255279541,20.9570255279541,20.9570255279541,20.9570255279541,100
2006-05-31,20.39599609375,20.656109205458403,20.39599609375,20.656109205458403,1000
2006-06-01,20.089975357055664,20.197080624824938,19.97776872666893,20.197080624824938,900
2006-06-02,20.04407501220703,20.304190057332764,20.04407501220703,20.08997755278216,900
2006-06-05,19.89617156982422,19.89617156982422,19.89617156982422,19.89617156982422,100
2006-06-06,20.12057876586914,20.120578765869144,19.819662560230647,19.896165493162542,600
2006-06-07,20.319503784179688,20.319503784179688,20.13079407866312,20.13079407866312,2900
2006-06-08,20.36539077758789,20.36539077758789,20.36539077758789,20.36539077758789,200
2006-06-09,20.37049674987793,20.3755981141889,20.37049674987793,20.37049674987793,300
2006-06-12,20.421499252319336,20.696914538047185,20.401097687687578,20.401097687687578,1100
2006-06-13,20.662954330444336,20.662954330444336,20.662954330444336,20.662954330444336,100
2006-06-14,20.287927627563477,20.287927627563477,20.287927627563477,20.287927627563477,100
2006-06-15,20.5499324798584,20.5499324798584,20.534520657632676,20.534520657632676,1200
2006-06-16,20.42149543762207,20.42149543762207,20.42149543762207,20.42149543762207,400
2006-06-19,20.42149543762207,20.42149543762207,20.42149543762207,20.42149543762207,0
2006-06-20,20.42149543762207,20.42149543762207,20.42149543762207,20.42149543762207,0
2006-06-21,20.046463012695312,20.046463012695312,20.046463012695312,20.046463012695312,400
2006-06-22,20.046463012695312,20.046463012695312,20.046463012695312,20.046463012695312,0
2006-06-23,20.046463012695312,20.046463012695312,20.046463012695312,20.046463012695312,0
2006-06-26,20.046463012695312,20.046463012695312,20.046463012695312,20.046463012695312,0
2006-06-27,19.56867790222168,20.087562957529954,19.56867790222168,20.087562957529954,500
2006-06-28,19.779312133789062,20.072148546259005,19.774175512427526,20.072148546259005,2100
2006-06-29,19.779312133789062,19.779312133789062,19.779312133789062,19.779312133789062,0
2006-06-30,20.03618049621582,20.03618049621582,20.03618049621582,20.03618049621582,100
2006-07-03,21.002031326293945,21.43357998230664,20.293058114317184,20.293058114317184,3500
2006-07-05,21.002031326293945,21.00203132629395,21.00203132629395,21.00203132629395,0
2006-07-06,21.002031326293945,21.00203132629395,21.00203132629395,21.00203132629395,0
2006-07-07,20.940383911132812,20.940383911132812,20.935247289445034,20.935247289445034,400
2006-07-10,20.75542640686035,20.75542640686035,20.678363399095314,20.678363399095314,500
2006-07-11,20.75542640686035,20.75542640686035,20.75542640686035,20.75542640686035,0
2006-07-12,20.75542640686035,20.75542640686035,20.75542640686035,20.75542640686035,0
2006-07-13,20.81194496154785,20.81194496154785,20.81194496154785,20.81194496154785,200
2006-07-14,20.5499324798584,20.5499324798584,20.5499324798584,20.5499324798584,100
2006-07-17,20.5499324798584,20.5499324798584,20.503695053386945,20.503695053386945,200
2006-07-18,20.21086311340332,20.21086311340332,20.21086311340332,20.21086311340332,200
2006-07-19,20.03618049621582,20.13893053174494,19.640594133294748,20.13893053174494,1300
2006-07-20,19.7125244140625,19.7125244140625,19.7125244140625,19.7125244140625,200
2006-07-21,19.20391273498535,19.20391273498535,19.20391273498535,19.20391273498535,300
2006-07-24,19.20391273498535,19.20391273498535,19.20391273498535,19.20391273498535,0
2006-07-25,19.20391273498535,19.20391273498535,19.20391273498535,19.20391273498535,0
2006-07-26,19.265567779541016,19.265567779541012,19.13713066101074,19.13713066101074,200
2006-07-27,19.6508731842041,19.6508731842041,19.393999024933457,19.393999024933457,800
2006-07-28,19.291250228881836,19.650874467301136,19.291250228881836,19.650874467301136,600
2006-07-31,19.517297744750977,19.517297744750977,18.905936045889277,19.003549471983366,700
2006-08-01,19.517297744750977,19.517297744750977,19.517297744750977,19.517297744750977,0
2006-08-02,19.265567779541016,19.265567779541012,19.265567779541012,19.265567779541012,100
2006-08-03,19.265567779541016,19.265567779541012,19.265567779541012,19.265567779541012,0
2006-08-04,19.265567779541016,19.265567779541012,19.265567779541012,19.265567779541012,0
2006-08-07,19.6508731842041,19.6508731842041,19.26556194529814,19.26556194529814,900
2006-08-08,19.30153465270996,19.30153465270996,19.30153465270996,19.30153465270996,100
2006-08-09,19.640596389770508,19.640596389770508,19.640596389770508,19.640596389770508,100
2006-08-10,19.137126922607422,19.260427394619715,19.008689829167103,19.260427394619715,3600
2006-08-11,19.137126922607422,19.137126922607422,19.137126922607422,19.137126922607422,0
2006-08-14,19.137126922607422,19.137126922607422,19.137126922607422,19.137126922607422,0
2006-08-15,19.347761154174805,19.358036355485307,19.347761154174805,19.358036355485307,1600
2006-08-16,19.481340408325195,19.481340408325195,19.368317081260304,19.368317081260304,300
2006-08-17,19.481340408325195,19.481340408325195,19.481340408325195,19.481340408325195,0
2006-08-18,19.394001007080078,19.394001007080078,19.394001007080078,19.394001007080078,1400
2006-08-21,19.394001007080078,19.394001007080078,19.394001007080078,19.394001007080078,0
2006-08-22,19.265567779541016,19.265567779541012,19.265567779541012,19.265567779541012,700
2006-08-23,20.0104923248291,20.03104272271016,19.599494166176918,19.599494166176918,1000
2006-08-24,19.676563262939453,19.68683846608081,19.676563262939453,19.676563262939453,300
2006-08-25,19.63031768798828,19.6405928868685,19.234731350171806,19.234731350171806,1600
2006-08-28,20.03618049621582,20.03618049621582,20.01563009715121,20.01563009715121,600
2006-08-29,20.03618049621582,20.03618049621582,20.03618049621582,20.03618049621582,1000
2006-08-30,20.031047821044922,20.031047821044922,19.948848168392896,19.948848168392896,300
2006-08-31,20.031047821044922,20.031047821044922,20.031047821044922,20.031047821044922,0
2006-09-01,20.031047821044922,20.031047821044922,20.031047821044922,20.031047821044922,0
2006-09-05,19.784440994262695,19.784440994262695,19.784440994262695,19.784440994262695,200
2006-09-06,19.784440994262695,19.784440994262695,19.784440994262695,19.784440994262695,0
2006-09-07,19.6508731842041,19.6508731842041,19.6508731842041,19.6508731842041,400
2006-09-08,19.6508731842041,19.6508731842041,19.6508731842041,19.6508731842041,0
2006-09-11,19.6508731842041,19.6508731842041,19.6508731842041,19.6508731842041,0
2006-09-12,19.907752990722656,19.907752990722656,19.779315874653477,19.779315874653477,1100
2006-09-13,19.980215072631836,19.980215072631836,19.980215072631836,19.980215072631836,200
2006-09-14,19.92845344543457,20.05785898728804,19.928453445434567,20.05785898728804,700
2006-09-15,19.92845344543457,19.928453445434567,19.928453445434567,19.928453445434567,1500
2006-09-18,19.980215072631836,19.980215072631836,19.980215072631836,19.980215072631836,600
2006-09-19,19.980215072631836,19.980215072631836,19.980215072631836,19.980215072631836,0
2006-09-20,20.699705123901367,20.69970512390137,20.69970512390137,20.69970512390137,200
2006-09-21,20.70488166809082,20.70488166809082,20.679000960919986,20.69970631648521,300
2006-09-22,20.834304809570312,20.834304809570316,20.704899189635096,20.704899189635096,1000
2006-09-25,20.446073532104492,20.83429011815711,20.446073532104492,20.83429011815711,600
2006-09-26,20.446073532104492,20.446073532104492,20.446073532104492,20.446073532104492,200
2006-09-27,20.813581466674805,20.813581466674805,20.813581466674805,20.813581466674805,200
2006-09-28,21.22250747680664,21.22250747680664,21.2018021175662,21.2018021175662,500
2006-09-29,20.96370506286621,20.96370506286621,20.87571021163172,20.87571021163172,300
2006-10-02,20.984392166137695,21.802233736147745,20.71005121817823,20.96368681637267,5200
2006-10-03,20.984392166137695,21.274259164564675,20.984392166137695,21.274259164564675,1900
2006-10-04,20.984392166137695,20.984392166137695,20.984392166137695,20.984392166137695,0
2006-10-05,20.93263816833496,20.9636962068947,20.93263816833496,20.9636962068947,2200
2006-10-06,20.870521545410156,20.870521545410156,20.55477176918459,20.55477176918459,300
2006-10-09,20.870521545410156,20.870521545410156,20.870521545410156,20.870521545410156,0
2006-10-10,20.96370506286621,20.96370506286621,20.58584098633609,20.96370506286621,3400
2006-10-11,21.7246036529541,21.7246036529541,20.446076229046888,20.446076229046888,1400
2006-10-12,21.99894142150879,21.99894142150879,21.222508194867302,21.222508194867302,1700
2006-10-13,21.62625503540039,21.86953810296506,21.626255035400394,21.86953810296506,500
2006-10-16,21.740137100219727,21.740137100219727,21.377801086968248,21.377801086968248,200
2006-10-17,21.740137100219727,21.740137100219727,21.740137100219727,21.740137100219727,0
2006-10-18,21.740137100219727,21.740137100219727,21.740137100219727,21.740137100219727,0
2006-10-19,21.429550170898438,21.429550170898438,21.429550170898438,21.429550170898438,300
2006-10-20,21.429550170898438,21.429550170898438,21.429550170898438,21.429550170898438,0
2006-10-23,21.212158203125,21.37779715450095,21.212158203124996,21.37779715450095,500
2006-10-24,21.4813232421875,21.4813232421875,21.22251211878765,21.22251211878765,300
2006-10-25,20.948171615600586,21.118985919305786,20.948171615600586,21.118985919305786,400
2006-10-26,20.834304809570312,20.834304809570316,20.834304809570316,20.834304809570316,500
2006-10-27,20.83946418762207,20.83946418762207,20.83946418762207,20.83946418762207,500
2006-10-30,20.86016845703125,20.86016845703125,20.45124655898927,20.704882235181678,2700
2006-10-31,20.86016845703125,20.86016845703125,20.86016845703125,20.86016845703125,0
2006-11-01,21.403676986694336,21.42955967611796,20.834293361670028,20.834293361670028,1100
2006-11-02,21.093093872070312,21.093093872070312,21.093093872070312,21.093093872070312,200
2006-11-03,20.96370506286621,20.96370506286621,20.96370506286621,20.96370506286621,300
2006-11-06,20.96370506286621,20.96370506286621,20.96370506286621,20.96370506286621,0
2006-11-07,21.22250747680664,21.22250747680664,21.22250747680664,21.22250747680664,200
2006-11-08,20.880882263183594,21.160398760369688,20.6531291772758,21.160398760369688,600
2006-11-09,20.834304809570312,20.88606626771518,20.834304809570316,20.88606626771518,800
2006-11-10,20.601360321044922,20.601360321044922,20.601360321044922,20.601360321044922,300
2006-11-13,20.601360321044922,20.601360321044922,20.601360321044922,20.601360321044922,0
2006-11-14,20.601360321044922,20.601360321044922,20.601360321044922,20.601360321044922,0
2006-11-15,20.96370506286621,20.96370506286621,20.96370506286621,20.96370506286621,200
2006-11-16,20.96370506286621,20.96370506286621,20.96370506286621,20.96370506286621,0
2006-11-17,20.70488166809082,20.70488166809082,20.70488166809082,20.70488166809082,100
2006-11-20,20.482301712036133,20.482301712036133,20.482301712036133,20.482301712036133,200
2006-11-21,20.958518981933594,20.958518981933594,20.316666731045768,20.704883292785496,1400
2006-11-22,20.96370506286621,20.96370506286621,20.96370506286621,20.96370506286621,200
2006-11-24,20.96370506286621,20.96370506286621,20.96370506286621,20.96370506286621,0
2006-11-27,21.22250747680664,21.32603229843712,21.22250747680664,21.32603229843712,300
2006-11-28,21.010284423828125,21.222509439237623,20.963698348515212,21.222509439237623,700
2006-11-29,21.072399139404297,21.351915599329153,20.446076755721247,21.351915599329153,1000
2006-11-30,21.072399139404297,21.072399139404297,21.072399139404297,21.072399139404297,0
2006-12-01,21.072399139404297,21.072399139404297,21.072399139404297,21.072399139404297,0
2006-12-04,20.264917373657227,20.756657064871,20.233859319387555,20.233859319387555,700
2006-12-05,20.446073532104492,20.446073532104492,20.446073532104492,20.446073532104492,200
2006-12-06,20.446073532104492,20.446073532104492,20.446073532104492,20.446073532104492,0
2006-12-07,20.213144302368164,20.213144302368164,20.213144302368164,20.213144302368164,300
2006-12-08,20.54960060119629,20.54960060119629,20.083739857068956,20.083739857068956,300
2006-12-11,20.591012954711914,20.591012954711914,20.109624092987595,20.446079353185358,1400
2006-12-12,20.591012954711914,20.591012954711914,20.591012954711914,20.591012954711914,0
2006-12-13,20.75273895263672,20.75273895263672,20.75273895263672,20.75273895263672,0
2006-12-14,20.75273895263672,20.75273895263672,20.75273895263672,20.75273895263672,0
2006-12-15,20.862293243408203,20.8622932434082,20.841425256543733,20.841425256543733,400
2006-12-18,20.60145378112793,20.601453781127933,20.601453781127933,20.601453781127933,100
2006-12-19,20.351037979125977,20.606665848835696,20.351037979125977,20.606665848835696,800
2006-12-20,20.60666847229004,20.60666847229004,20.60666847229004,20.60666847229004,1100
2006-12-21,20.60666847229004,20.60666847229004,20.60666847229004,20.60666847229004,0
2006-12-22,20.084972381591797,20.60665997591886,20.084972381591797,20.60665997591886,1200
2006-12-26,20.084972381591797,20.084972381591797,20.084972381591797,20.084972381591797,0
2006-12-27,20.434511184692383,20.46581317067471,20.434511184692383,20.46581317067471,500
2006-12-28,20.617088317871094,20.617088317871094,20.163220792381274,20.163220792381274,200
2006-12-29,20.737083435058594,20.841421359791948,20.737083435058594,20.825769377529692,500
2007-01-03,21.12834930419922,21.12834930419922,20.658829634740407,20.862289484892827,7500
2007-01-04,21.123132705688477,21.123132705688477,21.102264723174105,21.102264723174105,300
2007-01-05,20.742300033569336,21.128349769184897,20.742300033569332,20.747518024500604,500
2007-01-08,20.867502212524414,20.867502212524414,20.867502212524414,20.867502212524414,200
2007-01-09,20.8779354095459,21.018791282940676,20.763163514910147,20.763163514910147,600
2007-01-10,21.14920997619629,21.14920997619629,21.12834200030525,21.12834200030525,800
2007-01-11,21.14920997619629,21.14920997619629,21.14920997619629,21.14920997619629,0
2007-01-12,21.378767013549805,21.37876701354981,21.253563048918465,21.253563048918465,400
2007-01-16,21.378767013549805,21.37876701354981,21.37876701354981,21.37876701354981,0
2007-01-17,21.378767013549805,21.37876701354981,21.35789902275087,21.368333018150338,900
2007-01-18,21.577009201049805,21.597877192095428,21.38398525908066,21.38398525908066,2200
2007-01-19,21.775245666503906,21.775245666503906,21.38919588944909,21.59787176732964,1100
2007-01-22,21.430936813354492,21.775250698365568,21.399634827414896,21.775250698365568,900
2007-01-23,21.38397979736328,21.389195798751878,21.38397979736328,21.389195798751878,1000
2007-01-24,21.123132705688477,21.123132705688477,21.11791471501971,21.123132705688477,1100
2007-01-25,21.378767013549805,21.383985006290107,20.86229717680354,21.06053711915002,1600
2007-01-26,21.337026596069336,21.389194567274377,20.997928812994967,21.383978566186087,2600
2007-01-29,21.003141403198242,21.003141403198242,21.003141403198242,21.003141403198242,100
2007-01-30,21.55612564086914,21.55612564086914,21.02400419402286,21.02400419402286,1300
2007-01-31,21.53526496887207,21.905664702749004,21.180517217323718,21.905664702749004,6000
2007-02-01,21.53526496887207,21.53526496887207,21.53526496887207,21.53526496887207,0
2007-02-02,21.519615173339844,21.629169100239366,21.519615173339844,21.629169100239366,100400
2007-02-05,21.905670166015625,21.905670166015625,21.342246423598645,21.342246423598645,1900
2007-02-06,21.9108829498291,21.910882949829105,21.910882949829105,21.910882949829105,900
2007-02-07,22.171724319458008,22.432568134981043,21.910880503934973,21.910880503934973,3100
2007-02-08,22.166507720947266,22.171723721481683,22.166507720947266,22.171723721481683,400
2007-02-09,22.11956024169922,22.11956024169922,22.11956024169922,22.11956024169922,300
2007-02-12,21.999563217163086,22.171721065379767,21.999563217163082,22.171721065379767,1700
2007-02-13,21.957836151123047,21.957836151123047,21.957836151123047,21.957836151123047,1100
2007-02-14,22.041305541992188,22.11955949379484,21.963051590189536,22.11955949379484,600
2007-02-15,22.041305541992188,22.041305541992188,22.041305541992188,22.041305541992188,0
2007-02-16,22.156076431274414,22.166510423695787,22.135208446431676,22.135208446431676,600
2007-02-20,22.156076431274414,22.156076431274418,22.156076431274418,22.156076431274418,0
2007-02-21,22.36996841430664,22.427354377875297,22.156076543783826,22.17172653745507,13900
2007-02-22,22.432565689086914,22.589071563320324,22.432565689086914,22.589071563320324,3000
2007-02-23,22.625587463378906,22.667323420730465,22.432563635827897,22.4899495821463,2000
2007-02-26,22.562992095947266,22.693414015577016,22.562992095947262,22.64124604375734,2100
2007-02-27,22.562992095947266,22.68819801442727,22.562992095947262,22.68819801442727,500
2007-02-28,22.9803409576416,22.980340957641598,22.432569314262903,22.432569314262903,1000
2007-03-01,23.016860961914062,23.31944078571804,23.016860961914066,23.241186834022347,600
2007-03-02,22.9803409576416,23.371606701495022,22.980340957641598,23.371606701495022,1000
2007-03-05,22.849918365478516,23.402907983489758,22.562990559843414,22.849918365478516,1700
2007-03-06,23.22553825378418,23.22553825378418,22.954260392158073,22.954260392158073,1200
2007-03-07,23.888065338134766,23.997619209078895,23.215088147913278,23.215088147913278,3600
2007-03-08,23.68462371826172,23.788959672110018,23.580285774332662,23.788959672110018,500
2007-03-09,23.293352127075195,23.580279908948814,23.2933521270752,23.580279908948814,1000
2007-03-12,23.413341522216797,23.413341522216793,23.413341522216793,23.413341522216793,100
2007-03-13,23.633970260620117,23.89662828883633,23.37131223240391,23.42384303647846,3800
2007-03-14,23.63922882080078,23.94916545660817,23.23998939355305,23.591950283002287,2200
2007-03-15,23.63922882080078,23.63922882080078,23.63922882080078,23.63922882080078,0
2007-03-16,23.63922882080078,23.901886918809677,23.3450510296188,23.53416518081277,2500
2007-03-19,23.63922882080078,23.63922882080078,23.63922882080078,23.63922882080078,0
2007-03-20,23.63922882080078,23.72853161224112,23.63922882080078,23.72853161224112,900
2007-03-21,23.48163604736328,23.502649177652827,23.48163604736328,23.502649177652827,300
2007-03-22,23.48163604736328,23.48163604736328,23.48163604736328,23.48163604736328,0
2007-03-23,23.19270896911621,23.19270896911621,23.19270896911621,23.19270896911621,100
2007-03-26,23.19270896911621,23.19270896911621,23.19270896911621,23.19270896911621,0
2007-03-27,23.19270896911621,23.19270896911621,23.19270896911621,23.19270896911621,0
2007-03-28,23.644487380981445,23.64448738098144,23.64448738098144,23.64448738098144,300
2007-03-29,23.11391258239746,23.376570679924708,23.11391258239746,23.376570679924708,1300
2007-03-30,23.0876407623291,23.113906164003858,23.082386479641134,23.113906164003858,2400
2007-04-02,23.108654022216797,23.36605776564557,22.94055104187418,23.20846335074118,2300
2007-04-03,23.050874710083008,23.11916437116439,22.91429138007581,23.11391209105129,3200
2007-04-04,23.11391258239746,23.11391258239746,23.050875200089155,23.050875200089155,4800
2007-04-05,23.518396377563477,23.63921881101588,23.11915511544811,23.63921881101588,900
2007-04-09,23.376562118530273,23.387068679054128,23.376562118530273,23.387068679054128,1200
2007-04-10,23.502649307250977,23.502649307250977,23.145434106048558,23.145434106048558,1000
2007-04-11,23.502649307250977,23.502649307250977,23.245243469590665,23.30302857624435,1600
2007-04-12,23.502649307250977,23.502649307250977,23.502649307250977,23.502649307250977,0
2007-04-13,23.502649307250977,23.502649307250977,23.502649307250977,23.502649307250977,0
2007-04-16,23.502649307250977,23.502649307250977,23.502649307250977,23.502649307250977,0
2007-04-17,23.11391258239746,23.11391258239746,23.11391258239746,23.11391258239746,100
2007-04-18,22.677898406982422,23.113911795924558,22.677898406982422,23.06138097977542,1900
2007-04-19,22.068525314331055,22.60960218239975,22.063273035809942,22.60960218239975,1800
2007-04-20,22.583341598510742,22.58859387815206,21.91618986442956,22.079036584296837,2200
2007-04-23,22.80922508239746,22.814479365819995,22.283908959774706,22.34694833731326,1300
2007-04-24,22.44150733947754,22.44150733947754,22.173594971586063,22.184101535417312,400
2007-04-25,21.6903076171875,21.700814182257968,21.55897855969025,21.55897855969025,1800
2007-04-26,21.6903076171875,21.690307617187504,21.690307617187504,21.690307617187504,0
2007-04-27,20.61865997314453,21.674544608514832,20.61865997314453,21.674544608514832,2600
2007-04-30,19.589035034179688,20.471566115636904,19.573274190778292,20.471566115636904,3200
2007-05-01,19.526004791259766,19.898980865888223,18.963916542752944,19.898980865888223,12100
2007-05-02,20.424293518066406,20.487330898193406,19.699356632878278,19.793913705029865,8700
2007-05-03,20.429546356201172,20.429546356201172,20.429546356201172,20.429546356201172,100
2007-05-04,20.419034957885742,20.482074328733034,20.266694821475873,20.482074328733034,700
2007-05-07,21.065176010131836,21.143974231195777,20.60289925858419,20.60289925858419,1600
2007-05-08,21.417133331298828,21.5379557695354,21.259538933769452,21.259538933769452,1500
2007-05-09,21.580001831054688,21.580001831054688,21.101961913350948,21.101961913350948,5400
2007-05-10,21.637773513793945,21.874166204110878,21.41714167211299,21.80062225688389,6900
2007-05-11,22.052772521972656,22.052772521972656,21.847899536803325,21.858406100648182,500
2007-05-14,22.1683406829834,22.168340682983402,22.05802477863411,22.063277058112757,3700
2007-05-15,22.378463745117188,22.38371802800509,22.31542637791476,22.31542637791476,900
2007-05-16,22.136829376220703,22.473031499968553,22.136829376220703,22.457272651643724,2100
2007-05-17,21.858407974243164,21.858407974243164,21.858407974243164,21.858407974243164,600
2007-05-18,21.858407974243164,21.858407974243164,21.858407974243164,21.858407974243164,0
2007-05-21,22.194604873657227,22.325933896578274,21.832137491807,22.063275850736176,2500
2007-05-22,22.541316986083984,22.541316986083984,22.45726647825209,22.45726647825209,700
2007-05-23,22.515052795410156,22.588596743248985,22.51505279541016,22.588596743248985,800
2007-05-24,22.562318801879883,22.588584196673175,22.10529451992884,22.588584196673175,3200
2007-05-25,22.588592529296875,22.61485793377912,22.5308074370828,22.583340249969194,1700
2007-05-29,22.588592529296875,22.58859252929688,22.58859252929688,22.58859252929688,5600
2007-05-30,22.3259334564209,22.530806407511154,22.13681934651549,22.50454100422914,20300
2007-05-31,22.39948272705078,22.457267830399847,22.194609727120316,22.194609727120316,2400
2007-06-01,22.44150733947754,22.52555784620538,22.362709112704245,22.362709112704245,500
2007-06-04,22.44150733947754,22.44150733947754,22.44150733947754,22.44150733947754,0
2007-06-05,22.614858627319336,22.82498587746516,22.614858627319332,22.82498587746516,900
2007-06-06,22.588592529296875,22.58859252929688,22.231377417357034,22.231377417357034,400
2007-06-07,22.69365119934082,22.835486757302373,22.588587600415057,22.71991659809189,2600
2007-06-08,22.83024787902832,22.877526430248217,22.68841222536863,22.840754446401945,1700
2007-06-11,22.746191024780273,23.077140791377488,22.746191024780277,23.00884912438264,2000
2007-06-12,22.861764907836914,23.092903351260286,22.7199292707626,22.851258341691864,1100
2007-06-13,22.93583106994629,22.951704990401456,22.69774446440614,22.75065215045976,2300
2007-06-14,22.745363235473633,22.97815989043674,22.745363235473633,22.97815989043674,1200
2007-06-15,22.316808700561523,22.565479332509693,22.31680870056152,22.565479332509693,300
2007-06-18,21.830034255981445,22.31679323890673,21.586655773667804,22.31679323890673,1900
2007-06-19,21.830034255981445,21.830034255981445,21.830034255981445,21.830034255981445,0
2007-06-20,21.724224090576172,21.724224090576172,21.613114741120434,21.613114741120434,200
2007-06-21,21.724224090576172,21.724224090576172,21.724224090576172,21.724224090576172,0
2007-06-22,21.77713394165039,22.04167638604279,21.777133941650394,22.04167638604279,200
2007-06-25,21.909406661987305,22.046967854426217,21.893534760094035,22.046967854426217,1100
2007-06-26,21.486143112182617,21.486143112182617,21.486143112182617,21.486143112182617,200
2007-06-27,21.676599502563477,21.692471396754573,21.42792906264781,21.692471396754573,1000
2007-06-28,21.69248390197754,21.692483901977543,21.42794141536806,21.42794141536806,400
2007-06-29,21.68189811706543,21.68189811706543,20.904142698439877,21.58137271656022,3400
2007-07-02,22.443775177001953,22.454357114693163,21.692475765610315,21.87765462946086,2000
2007-07-03,22.08929443359375,22.142202115935568,22.08929443359375,22.142202115935568,400
2007-07-05,22.216272354125977,22.216272354125977,21.69247749723891,21.69247749723891,500
2007-07-06,22.216272354125977,22.216272354125977,22.216272354125977,22.216272354125977,0
2007-07-09,22.22156524658203,22.22156524658203,22.22156524658203,22.22156524658203,300
2007-07-10,21.77713394165039,22.08400414592894,21.692480440176773,22.08400414592894,500
2007-07-11,22.216272354125977,22.216272354125977,21.777130987227906,21.777130987227906,500
2007-07-12,22.42791175842285,22.427911758422848,22.189823116107522,22.189823116107522,800
2007-07-13,22.17923355102539,22.31679672743538,22.00992657875026,22.00992657875026,2300
2007-07-16,22.16866683959961,22.16866683959961,22.16866683959961,22.16866683959961,200
2007-07-17,22.115739822387695,22.316792571384276,22.115739822387695,22.21097522884408,5200
2007-07-18,22.232149124145508,22.6130909217147,22.221567183290936,22.475527708904117,2100
2007-07-19,22.232149124145508,22.232149124145508,22.232149124145508,22.232149124145508,0
2007-07-20,22.232149124145508,22.232149124145508,22.232149124145508,22.232149124145508,0
2007-07-23,22.232149124145508,22.232149124145508,22.232149124145508,22.232149124145508,0
2007-07-24,21.56549835205078,21.692479608542417,21.565498352050785,21.692479608542417,200
2007-07-25,21.56549835205078,21.565498352050785,21.565498352050785,21.565498352050785,0
2007-07-26,21.56549835205078,21.565498352050785,21.565498352050785,21.565498352050785,0
2007-07-27,21.56549835205078,21.565498352050785,21.565498352050785,21.565498352050785,0
2007-07-30,20.68191909790039,21.136932220898764,20.131670576214088,21.136932220898764,6400
2007-07-31,21.02583122253418,21.031121182579138,20.634307575360666,20.634307575360666,6200
2007-08-01,21.295673370361328,21.295673370361328,20.89885958085149,21.025840881546333,3300
2007-08-02,21.295673370361328,21.692487159871167,21.295673370361328,21.56021589670122,13500
2007-08-03,20.830076217651367,21.6871953845198,20.80362237088857,20.89885783387395,1800
2007-08-06,20.898853302001953,21.486137856960685,20.898853302001953,21.486137856960685,1700
2007-08-07,20.639602661132812,20.639602661132812,20.639602661132812,20.639602661132812,100
2007-08-08,21.69248390197754,21.692483901977543,20.639603917220242,20.639603917220242,6500
2007-08-09,22.00992774963379,22.216272525225897,20.671343798155352,20.671343798155352,7000
2007-08-10,21.983474731445312,22.205691414095167,21.6924784726668,21.6924784726668,3200
2007-08-13,21.957027435302734,22.036390992388526,21.69248493608222,22.036390992388526,2000
2007-08-14,21.56021499633789,21.957028769276626,21.427943738691646,21.957028769276626,12900
2007-08-15,21.69248390197754,21.98348023358817,21.42794141536806,21.42794141536806,1600
2007-08-16,21.68718719482422,21.692477154859485,20.766578739713044,21.427934750531932,2400
2007-08-17,21.69248390197754,21.692483901977543,21.639576211975246,21.692483901977543,900
2007-08-20,21.2163028717041,21.523173070757615,20.634310311269797,20.79303537154291,1400
2007-08-21,21.031126022338867,21.295668488028664,21.031126022338867,21.295668488028664,200
2007-08-22,20.766582489013672,20.766582489013672,20.68192898507703,20.68192898507703,1300
2007-08-23,21.02583122253418,21.02583122253418,21.02583122253418,21.02583122253418,100
2007-08-24,21.031126022338867,21.031126022338867,21.031126022338867,21.031126022338867,200
2007-08-27,21.507299423217773,21.539043221714714,21.163393471978726,21.163393471978726,800
2007-08-28,21.586673736572266,21.824762457955348,21.586673736572262,21.687201206878274,1800
2007-08-29,22.459651947021484,22.459651947021484,21.95702094345145,22.22156336445689,9100
2007-08-30,22.48610496520996,22.48610496520996,22.48610496520996,22.48610496520996,1000
2007-08-31,22.56546974182129,22.591923580757715,22.486106206713472,22.486106206713472,4600
2007-09-04,22.85646629333496,22.88292013260311,22.62366766385867,22.62366766385867,1800
2007-09-05,22.85646629333496,22.856466293334957,22.491396449219344,22.491396449219344,1100
2007-09-06,22.618377685546875,22.856466275370238,22.591923846299515,22.856466275370238,400
2007-09-07,22.586637496948242,22.586637496948242,22.586637496948242,22.586637496948242,100
2007-09-10,22.697738647460938,22.697738647460938,22.697738647460938,22.697738647460938,700
2007-09-11,22.697738647460938,22.697738647460938,22.697738647460938,22.697738647460938,200
2007-09-12,22.889591217041016,23.04947153787364,22.69773401884644,22.69773401884644,2300
2007-09-13,22.836305618286133,23.049480820573905,22.836305618286133,23.049480820573905,700
2007-09-14,22.91624641418457,23.18271439574486,22.655106897740172,23.18271439574486,1000
2007-09-17,22.91624641418457,22.916246414184574,22.916246414184574,22.916246414184574,200
2007-09-18,22.783008575439453,22.916242543716876,22.783008575439453,22.916242543716876,200
2007-09-19,22.51654815673828,22.649782169500046,22.51654815673828,22.649782169500046,600
2007-09-20,22.388641357421875,22.681757795490892,22.388641357421875,22.681757795490892,600
2007-09-21,22.388641357421875,22.388641357421875,22.388641357421875,22.388641357421875,0
2007-09-24,22.388641357421875,22.388641357421875,22.388641357421875,22.388641357421875,0
2007-09-25,22.51654815673828,22.51654815673828,22.51654815673828,22.51654815673828,300
2007-09-26,22.3833065032959,22.91624237242199,22.3833065032959,22.91624237242199,1100
2007-09-27,22.3833065032959,22.3833065032959,22.3833065032959,22.3833065032959,0
2007-09-28,22.250072479248047,22.250072479248047,22.250072479248047,22.250072479248047,100
2007-10-01,22.697742462158203,22.905587159855422,22.255404642554925,22.905587159855422,1900
2007-10-02,22.388641357421875,22.511218431335962,22.23409145633681,22.511218431335962,900
2007-10-03,22.250072479248047,22.250072479248047,22.250072479248047,22.250072479248047,100
2007-10-04,22.409948348999023,22.409948348999023,22.250068027257168,22.250068027257168,400
2007-10-05,22.64444351196289,22.64444351196289,22.03689497949612,22.03689497949612,200
2007-10-08,22.511207580566406,22.511207580566403,22.511207580566403,22.511207580566403,100
2007-10-09,22.54852294921875,22.548522949218754,22.38331205692239,22.38331205692239,600
2007-10-10,22.276723861694336,22.5165454625681,22.19145418504916,22.19145418504916,5900
2007-10-11,22.276723861694336,22.276723861694336,22.276723861694336,22.276723861694336,0
2007-10-12,22.3833065032959,22.3992939288132,22.3833065032959,22.3992939288132,700
2007-10-15,22.3833065032959,22.3833065032959,22.3833065032959,22.3833065032959,200
2007-10-16,22.3833065032959,22.3833065032959,22.3833065032959,22.3833065032959,0
2007-10-17,22.3833065032959,22.3833065032959,22.3833065032959,22.3833065032959,700
2007-10-18,22.3833065032959,22.3833065032959,22.3833065032959,22.3833065032959,0
2007-10-19,22.3833065032959,22.3833065032959,22.3833065032959,22.3833065032959,0
2007-10-22,22.090206146240234,22.266074037072784,21.887689818714314,22.266074037072784,4200
2007-10-23,22.484569549560547,22.484569549560543,22.143490828142507,22.143490828142507,300
2007-10-24,22.30870246887207,22.388641653319564,22.30337197011514,22.388641653319564,1300
2007-10-25,22.1967830657959,22.665765236672364,21.866361314009694,22.30336862909281,1000
2007-10-26,22.441930770874023,22.441930770874027,22.250073524189585,22.383307497388326,700
2007-10-29,22.617801666259766,22.617801666259766,22.617801666259766,22.617801666259766,100
2007-10-30,22.617801666259766,22.617801666259766,22.617801666259766,22.617801666259766,0
2007-10-31,22.6497745513916,22.649774551391605,22.649774551391605,22.649774551391605,100
2007-11-01,22.250072479248047,22.383306446189653,22.116838512306444,22.383306446189653,400
2007-11-02,22.250072479248047,22.250072479248047,22.12749747362045,22.12749747362045,400
2007-11-05,21.850379943847656,22.24475354954484,21.583911895751953,22.11684799194336,2100
2007-11-06,22.068876266479492,22.068876266479492,21.583904662783432,21.583904662783432,300
2007-11-07,21.72246551513672,21.855699484773936,21.72246551513672,21.855699484773936,800
2007-11-08,21.72246551513672,21.72246551513672,21.72246551513672,21.72246551513672,0
2007-11-09,20.25156593322754,21.717139783658478,20.25156593322754,21.717139783658478,2200
2007-11-12,20.384803771972656,20.518037783554178,20.24091079550585,20.24091079550585,3100
2007-11-13,20.923063278198242,21.344083141980235,20.51803287441338,20.784500833821347,4500
2007-11-14,20.78449249267578,21.583896050086388,20.78449249267578,21.583896050086388,800
2007-11-15,20.41144371032715,20.93905112379156,20.411443710327152,20.917733200765134,1300
2007-11-16,18.929889678955078,20.51803894277471,18.871266385268783,20.51803894277471,17100
2007-11-19,18.865934371948242,18.865934371948242,18.865934371948242,18.865934371948242,100
2007-11-20,18.78599739074707,19.580073068587808,18.78599739074707,19.580073068587808,1600
2007-11-21,18.78599739074707,18.78599739074707,18.78599739074707,18.78599739074707,100
2007-11-23,18.78599739074707,18.78599739074707,18.78599739074707,18.78599739074707,0
2007-11-26,18.38629150390625,18.604795176691066,18.38629150390625,18.604795176691066,200
2007-11-27,17.8160457611084,17.8160457611084,17.8160457611084,17.8160457611084,100
2007-11-28,17.901317596435547,18.4875462940058,17.901317596435547,18.4875462940058,1500
2007-11-29,18.51952362060547,18.51952362060547,17.59221420523111,17.720119723313147,6200
2007-11-30,19.21767234802246,19.521445696786618,18.519525475903567,18.519525475903567,1100
2007-12-03,19.137731552124023,19.36689419324775,19.137731552124023,19.36689419324775,700
2007-12-04,19.185697555541992,19.36689589155281,19.185697555541992,19.36689589155281,1100
2007-12-05,19.009828567504883,20.203606254200963,18.65809084398555,20.203606254200963,1600
2007-12-06,18.924556732177734,19.3189302722508,18.919228266618024,19.3189302722508,300
2007-12-07,18.828632354736328,19.4415076162823,18.828632354736328,19.4415076162823,1300
2007-12-10,18.658090591430664,19.18569818606288,18.658090591430664,19.18036971997112,1800
2007-12-11,18.023895263671875,19.057790366421422,18.002577335865205,19.057790366421422,10400
2007-12-12,17.469892501831055,21.455480635985353,16.716880088560426,18.77152966637219,3600
2007-12-13,17.480655670166016,17.480655670166016,16.964304487417056,17.211722506009615,2500
2007-12-14,17.749582290649414,17.749582290649414,17.211716160629734,17.74420453213966,1200
2007-12-17,16.915895462036133,16.915895462036133,16.883622745548145,16.883622745548145,1600
2007-12-18,16.94278335571289,16.969676252267423,16.94278335571289,16.969676252267423,1000
2007-12-19,16.399534225463867,16.808312508785285,16.361883769587866,16.808312508785285,2100
2007-12-20,16.657718658447266,16.657718658447266,16.404921871069018,16.6200681822312,4400
2007-12-21,16.657718658447266,16.657718658447266,16.657718658447266,16.657718658447266,0
2007-12-24,16.404918670654297,16.404918670654297,16.404918670654297,16.404918670654297,200
2007-12-26,17.018081665039062,17.1579269625547,16.673847717860934,16.673847717860934,1700
2007-12-27,17.10952377319336,17.324670051012045,17.10952377319336,17.324670051012045,500
2007-12-28,16.673852920532227,17.109524274107482,16.673852920532227,17.109524274107482,2300
2007-12-31,16.270450592041016,16.399538341399005,16.270450592041016,16.399538341399005,600
2008-01-02,17.071870803833008,17.071870803833008,16.969675952116514,16.969675952116514,1200
2008-01-03,17.211711883544922,17.211711883544922,17.10951705698494,17.10951705698494,2400
2008-01-04,17.303146362304688,17.31390392735584,16.517862579732142,16.517862579732142,1400
2008-01-07,16.603931427001953,16.7868050063923,16.222045859758254,16.7868050063923,600
2008-01-08,17.044973373413086,17.17943986983279,16.049921094727686,17.17943986983279,800
2008-01-09,16.480222702026367,17.34618775220702,16.480222702026367,17.211721180484485,1100
2008-01-10,17.313907623291016,17.313907623291016,17.313907623291016,17.313907623291016,400
2008-01-11,17.313907623291016,17.313907623291016,16.819071836081648,16.819071836081648,900
2008-01-14,17.20633316040039,17.21708970068261,17.20633316040039,17.21708970068261,3800
2008-01-15,16.70612144470215,17.077249355747856,16.70612144470215,17.077249355747856,300
2008-01-16,16.56627082824707,16.673844428467305,16.189765279272024,16.652329298064103,1100
2008-01-17,16.56627082824707,16.56627082824707,16.56627082824707,16.56627082824707,0
2008-01-18,16.56627082824707,16.56627082824707,16.56627082824707,16.56627082824707,700
2008-01-22,16.56627082824707,16.56627082824707,16.56627082824707,16.56627082824707,200
2008-01-23,16.56627082824707,16.56627082824707,16.56627082824707,16.56627082824707,500
2008-01-24,16.571659088134766,16.571659088134766,16.56628030245785,16.56628030245785,300
2008-01-25,16.56627082824707,16.56627082824707,16.56627082824707,16.56627082824707,600
2008-01-28,16.189767837524414,16.571652229444343,15.576599860814971,16.566273445993605,2300
2008-01-29,15.883190155029297,15.883190155029297,15.883190155029297,15.883190155029297,100
2008-01-30,16.776042938232422,16.776042938232422,15.813262184651734,16.48021598546882,700
2008-01-31,16.006898880004883,16.03379178072902,16.006898880004883,16.03379178072902,700
2008-02-01,16.006898880004883,16.006898880004883,16.006898880004883,16.006898880004883,0
2008-02-04,16.216663360595703,16.329615779595535,16.092954398846818,16.135983647537657,2000
2008-02-05,16.216663360595703,16.216663360595703,16.216663360595703,16.216663360595703,0
2008-02-06,17.044973373413086,17.044973373413086,16.40491256320387,16.673845556043275,400
2008-02-07,17.077247619628906,17.077247619628906,17.077247619628906,17.077247619628906,100
2008-02-08,16.512481689453125,16.695356157026307,16.512481689453125,16.684598594016666,2200
2008-02-11,16.135986328125,16.135986328125,16.135986328125,16.135986328125,100
2008-02-12,16.673852920532227,16.673852920532227,16.157501838650205,16.157501838650205,200
2008-02-13,16.404918670654297,16.404918670654297,16.404918670654297,16.404918670654297,100
2008-02-14,16.404918670654297,16.404918670654297,16.404918670654297,16.404918670654297,0
2008-02-15,16.03917121887207,16.03917121887207,16.03917121887207,16.03917121887207,100
2008-02-19,16.539382934570312,16.539382934570312,16.539382934570312,16.539382934570312,400
2008-02-20,16.17363929748535,16.17363929748535,16.17363929748535,16.17363929748535,700
2008-02-21,16.17363929748535,16.17363929748535,16.17363929748535,16.17363929748535,0
2008-02-22,17.179439544677734,17.179439544677734,16.17900850196294,16.17900850196294,400
2008-02-25,16.87286376953125,16.87286376953125,16.437191392768682,16.437191392768682,1100
2008-02-26,16.87286376953125,16.87286376953125,16.87286376953125,16.87286376953125,0
2008-02-27,16.87286376953125,16.87286376953125,16.87286376953125,16.87286376953125,0
2008-02-28,16.361894607543945,16.38340872833898,16.361894607543945,16.38340872833898,300
2008-02-29,15.334558486938477,17.174060092488638,15.291529251611488,17.174060092488638,4000
2008-03-03,15.829405784606934,16.135989419432377,15.302297043121134,15.77024016178147,1200
2008-03-04,15.829405784606934,15.829405784606934,15.829405784606934,15.829405784606934,0
2008-03-05,15.829405784606934,15.829405784606934,15.829405784606934,15.829405784606934,0
2008-03-06,15.829405784606934,15.829405784606934,15.829405784606934,15.829405784606934,0
2008-03-07,16.135986328125,16.34575382210314,15.51744039072655,15.51744039072655,2300
2008-03-10,16.135986328125,16.135986328125,16.135986328125,16.135986328125,0
2008-03-11,15.329190254211426,16.135989741275186,15.323811467856503,16.135989741275186,900
2008-03-12,15.497756004333496,15.497756004333498,15.497756004333498,15.497756004333498,0
2008-03-13,13.599963188171387,13.599963188171387,13.599963188171387,13.599963188171387,100
2008-03-14,15.660892486572266,15.758773233155084,13.703281703635698,14.953977596865167,1200
2008-03-17,16.003477096557617,16.003477096557617,13.605402654761898,13.605402654761898,1800
2008-03-18,14.415631294250488,14.415631294250488,14.138302920200376,14.41019336097346,1200
2008-03-19,13.85009765625,13.893600082072227,13.85009765625,13.888163186376637,800
2008-03-20,15.187804222106934,15.187804222106932,13.866416162980036,13.866416162980036,400
2008-03-24,14.13830280303955,14.138302803039549,13.594521925999567,13.594521925999567,1700
2008-03-25,14.083927154541016,14.138305459899687,14.083927154541014,14.138305459899687,900
2008-03-26,14.410199165344238,14.410199165344238,13.730472789620453,13.730472789620453,1800
2008-03-27,15.187804222106934,15.187804222106932,14.790844322050702,14.790844322050702,900
2008-03-28,15.19867992401123,15.677206765256422,15.19867992401123,15.19867992401123,1100
2008-03-31,15.008358001708984,15.008358001708984,14.57333251579881,14.589646321568726,900
2008-04-01,15.051861763000488,16.052419119767354,15.051861763000488,16.052419119767354,800
2008-04-02,14.81259822845459,14.81259822845459,14.81259822845459,14.81259822845459,200
2008-04-03,14.81259822845459,14.81259822845459,14.81259822845459,14.81259822845459,0
2008-04-04,14.682086944580078,14.682086944580078,14.682086944580078,14.682086944580078,200
2008-04-07,14.959413528442383,15.019229762718616,14.95397559467365,15.019229762718616,1300
2008-04-08,15.117110252380371,15.117110252380371,15.117110252380371,15.117110252380371,400
2008-04-09,15.117110252380371,15.117110252380371,15.117110252380371,15.117110252380371,0
2008-04-10,15.073601722717285,15.073601722717285,15.057288964330205,15.057288964330205,400
2008-04-11,16.248167037963867,16.248167037963867,16.248167037963867,16.248167037963867,600
2008-04-14,16.313432693481445,16.313432693481445,15.253059153533105,15.367253721721138,4300
2008-04-15,15.611946105957031,15.639135767978805,15.611946105957031,15.639135767978805,900
2008-04-16,16.04153823852539,16.04153823852539,15.633702520596778,15.633702520596778,1000
2008-04-17,16.17748260498047,16.313427836955096,16.00347287400172,16.00347287400172,1100
2008-04-18,16.030664443969727,16.068728949951133,16.030664443969727,16.068728949951133,400
2008-04-21,16.150299072265625,16.307995051808863,16.150299072265625,16.307995051808863,200
2008-04-22,16.150299072265625,16.150299072265625,16.150299072265625,16.150299072265625,0
2008-04-23,15.514071464538574,15.514071464538574,15.514071464538574,15.514071464538574,500
2008-04-24,15.514071464538574,15.514071464538574,15.514071464538574,15.514071464538574,0
2008-04-25,15.514071464538574,15.514071464538574,15.514071464538574,15.514071464538574,0
2008-04-28,15.514071464538574,15.514071464538574,15.514071464538574,15.514071464538574,0
2008-04-29,15.497756004333496,15.557572236598629,15.497756004333498,15.557572236598629,200
2008-04-30,15.497756004333496,15.497756004333498,15.497756004333498,15.497756004333498,0
2008-05-01,15.497756004333496,15.497756004333498,15.497756004333498,15.497756004333498,0
2008-05-02,15.291119575500488,15.49775586399465,15.171487112053546,15.49775586399465,2100
2008-05-05,15.291119575500488,15.291119575500487,15.291119575500487,15.291119575500487,0
2008-05-06,16.297115325927734,16.297115325927734,16.297115325927734,16.297115325927734,100
2008-05-07,16.297115325927734,16.297115325927734,16.297115325927734,16.297115325927734,0
2008-05-08,16.297115325927734,16.297115325927734,16.297115325927734,16.297115325927734,0
2008-05-09,16.30255699157715,16.30255699157715,15.171492354604021,15.171492354604021,400
2008-05-12,16.30255699157715,16.30255699157715,16.30255699157715,16.30255699157715,0
2008-05-13,16.30255699157715,16.30255699157715,16.30255699157715,16.30255699157715,0
2008-05-14,15.079039573669434,15.182358204010892,15.079039573669434,15.182358204010892,1200
2008-05-15,15.171481132507324,15.171481132507324,15.089914235965008,15.089914235965008,1400
2008-05-16,14.953975677490234,15.361811377785422,14.953975677490234,15.356373443986575,700
2008-05-19,15.171481132507324,15.171481132507324,15.171481132507324,15.171481132507324,200
2008-05-20,15.171481132507324,15.171481132507324,15.171481132507324,15.171481132507324,0
2008-05-21,15.171481132507324,15.171481132507324,15.171481132507324,15.171481132507324,0
2008-05-22,15.171481132507324,15.171481132507324,15.171481132507324,15.171481132507324,0
2008-05-23,15.040980339050293,15.144299005461532,15.040980339050293,15.057294140224638,800
2008-05-27,15.089920043945312,15.08992004394531,14.88328375736029,15.035541746260908,600
2008-05-28,15.089920043945312,15.08992004394531,15.08992004394531,15.08992004394531,0
2008-05-29,15.089920043945312,15.08992004394531,15.08992004394531,15.08992004394531,0
2008-05-30,15.633708000183105,15.633708000183104,15.617394192363248,15.617394192363248,300
2008-06-02,14.573326110839844,15.688077456196474,14.573326110839846,15.688077456196474,500
2008-06-03,14.573326110839844,14.573326110839846,14.573326110839846,14.573326110839846,0
2008-06-04,14.573326110839844,14.573326110839846,14.573326110839846,14.573326110839846,0
2008-06-05,14.573326110839844,14.573326110839846,14.573326110839846,14.573326110839846,0
2008-06-06,14.540703773498535,14.540703773498533,14.410196458337449,14.41563439278332,400
2008-06-09,14.953975677490234,14.953975677490234,14.953975677490234,14.953975677490234,300
2008-06-10,14.682086944580078,14.682086944580078,14.410196445606372,14.410196445606372,1500
2008-06-11,15.001136779785156,15.001136779785154,14.682080745985111,14.682080745985111,600
2008-06-12,15.001136779785156,15.001136779785154,14.852610423733543,14.852610423733543,200
2008-06-13,15.001136779785156,15.001136779785154,15.001136779785154,15.001136779785154,0
2008-06-16,15.001136779785156,15.001136779785154,14.852610423733543,14.852610423733543,300
2008-06-17,14.440042495727539,14.440042495727539,14.440042495727539,14.440042495727539,200
2008-06-18,14.407039642333984,14.407039642333986,14.407039642333986,14.407039642333986,300
2008-06-19,12.690736770629883,13.752424077271513,12.388183860620584,13.752424077271513,700
2008-06-20,12.690736770629883,12.690736770629883,12.690736770629883,12.690736770629883,0
2008-06-23,12.927282333374023,12.927282333374025,12.102136652520363,12.102136652520363,1600
2008-06-24,12.652227401733398,12.927275823510211,12.652227401733398,12.657728496076109,1100
2008-06-25,12.652227401733398,12.652227401733398,12.652227401733398,12.652227401733398,500
2008-06-26,12.652227401733398,13.988962899444942,12.51470319084499,13.988962899444942,3500
2008-06-27,13.378352165222168,13.378352165222168,12.652224657124277,12.652224657124277,1700
2008-06-30,12.652227401733398,14.142989344135023,12.652227401733398,14.142989344135023,6800
2008-07-01,13.719417572021484,13.752423093662822,12.960283229684391,12.960283229684391,3900
2008-07-02,12.245157241821289,12.817257477919364,12.245157241821289,12.388182563152453,4400
2008-07-03,12.377176284790039,12.888766405770893,12.239652103847929,12.256155383282426,600
2008-07-07,12.377176284790039,12.377176284790039,12.377176284790039,12.377176284790039,0
2008-07-08,12.404687881469727,12.652231970141491,12.404687881469725,12.652231970141491,1200
2008-07-09,12.404687881469727,12.404687881469725,12.404687881469725,12.404687881469725,0
2008-07-10,12.382682800292969,12.382682800292969,12.382682800292969,12.382682800292969,200
2008-07-11,12.382682800292969,12.751247808580937,12.377181704739215,12.393684991400477,1500
2008-07-14,12.382682800292969,12.382682800292969,12.382682800292969,12.382682800292969,0
2008-07-15,11.001936912536621,11.557534852526896,11.001936912536621,11.557534852526896,1500
2008-07-16,10.484847068786621,10.484847068786621,10.457342642300535,10.457342642300535,500
2008-07-17,10.17679214477539,10.726889017465952,9.901743708430109,10.726889017465952,1700
2008-07-18,10.446338653564453,10.45183974775992,10.18229242754065,10.18229242754065,2200
2008-07-21,10.726883888244629,11.001932193071415,10.446334491414188,10.446334491414188,2400
2008-07-22,10.963434219360352,10.996439748110154,10.732393419658045,10.996439748110154,1100
2008-07-23,10.946930885314941,10.946930885314941,10.941429789008144,10.941429789008144,200
2008-07-24,11.28248405456543,12.784247875166397,11.276982961360055,11.276982961360055,1300
2008-07-25,11.28248405456543,11.28248405456543,11.28248405456543,11.28248405456543,0
2008-07-28,11.28248405456543,11.28248405456543,11.28248405456543,11.28248405456543,0
2008-07-29,11.28248405456543,11.28248405456543,11.28248405456543,11.28248405456543,0
2008-07-30,11.414511680603027,11.552035917718728,11.348499585127762,11.552035917718728,3000
2008-07-31,12.003117561340332,12.003117561340332,11.458521603291349,12.003117561340332,800
2008-08-01,12.003117561340332,12.003117561340332,11.882096587071736,12.003117561340332,1200
2008-08-04,12.003117561340332,12.003117561340332,12.003117561340332,12.003117561340332,0
2008-08-05,12.377176284790039,12.377176284790039,12.377176284790039,12.377176284790039,100
2008-08-06,11.964606285095215,11.964606285095215,11.832583169235821,11.832583169235821,1900
2008-08-07,11.964606285095215,11.964606285095215,11.964606285095215,11.964606285095215,0
2008-08-08,11.937104225158691,12.025119653150277,11.57954036856288,11.964608652946062,4200
2008-08-11,11.82158374786377,11.82158374786377,11.056949296062026,11.3485000183726,4000
2008-08-12,11.82158374786377,11.82158374786377,11.82158374786377,11.82158374786377,0
2008-08-13,12.316668510437012,12.59721803837888,11.99211127512543,12.59721803837888,400
2008-08-14,12.316668510437012,12.316668510437012,12.316668510437012,12.316668510437012,0
2008-08-15,11.166967391967773,11.854588562636396,11.111958537695596,11.832585230772853,2500
2008-08-18,11.166967391967773,11.166967391967773,11.166967391967773,11.166967391967773,0
2008-08-19,11.552033424377441,11.552033424377441,11.552033424377441,11.552033424377441,200
2008-08-20,12.476195335388184,12.476195335388182,12.476195335388182,12.476195335388182,400
2008-08-21,12.624726295471191,12.646729629395344,12.62472629547119,12.646729629395344,700
2008-08-22,12.624726295471191,12.62472629547119,12.62472629547119,12.62472629547119,0
2008-08-25,12.624726295471191,12.62472629547119,12.162644741569844,12.162644741569844,1000
2008-08-26,11.843587875366211,12.118636354178207,11.827084588915886,12.118636354178207,2100
2008-08-27,12.608217239379883,12.608217239379883,12.102128199958042,12.569710635710763,500
2008-08-28,12.608217239379883,12.608217239379883,12.608217239379883,12.608217239379883,0
2008-08-29,12.608217239379883,12.608217239379883,12.608217239379883,12.608217239379883,0
2008-09-02,11.964606285095215,12.102130495268723,11.964606285095215,12.102130495268723,300
2008-09-03,12.102127075195312,12.10212707519531,11.948099625607771,11.948099625607771,2700
2008-09-04,12.102127075195312,12.10212707519531,12.10212707519531,12.10212707519531,300
2008-09-05,12.102127075195312,12.10212707519531,12.10212707519531,12.10212707519531,0
2008-09-08,12.624726295471191,12.62472629547119,12.62472629547119,12.62472629547119,100
2008-09-09,11.695062637329102,12.10763539760974,11.552037287857932,12.10763539760974,1300
2008-09-10,11.552033424377441,11.552033424377441,11.420010311148872,11.420010311148872,200
2008-09-11,11.725117683410645,11.725117683410643,11.725117683410643,11.725117683410643,0
2008-09-12,11.306365013122559,11.725119272867838,11.306365013122559,11.725119272867838,900
2008-09-15,11.859124183654785,12.534715152533535,11.445953313780317,11.445953313780317,800
2008-09-16,11.311945915222168,11.859117765838265,11.311945915222168,11.72511656150046,900
2008-09-17,11.451531410217285,11.451531410217285,11.445947893207448,11.451531410217285,1100
2008-09-18,11.725117683410645,11.725117683410643,11.71953416624395,11.71953416624395,600
2008-09-19,11.250530242919922,12.841796550169471,11.250530242919922,12.8138800271262,2700
2008-09-22,11.725117683410645,12.283456620715912,11.323114031931773,12.283456620715912,300
2008-09-23,11.725117683410645,11.725117683410643,11.725117683410643,11.725117683410643,0
2008-09-24,12.841797828674316,12.841797828674316,12.841797828674316,12.841797828674316,500
2008-09-25,12.378377914428711,12.378377914428711,11.289616241265746,11.289616241265746,800
2008-09-26,12.841797828674316,13.919392338602453,12.841797828674316,13.919392338602453,800
2008-09-29,11.44594955444336,11.44594955444336,11.166780053115472,11.289614250318774,1800
2008-09-30,11.44594955444336,11.44594955444336,11.166780053115472,11.166780053115472,2100
2008-10-01,12.841797828674316,13.539721623710964,12.562628310659658,13.539721623710964,4700
2008-10-02,12.841797828674316,12.841797828674316,11.496200837039435,11.496200837039435,1500
2008-10-03,13.1209716796875,13.394557769895789,12.925552739553709,12.925552739553709,1800
2008-10-06,11.719533920288086,13.37780014590206,10.748024317559466,12.841795288512609,8100
2008-10-07,10.625192642211914,11.574368400511702,10.586108013651076,10.725692777955212,3100
2008-10-08,10.608439445495605,10.625189996422034,10.608439445495604,10.625189996422034,3800
2008-10-09,10.32927131652832,10.32927131652832,10.32927131652832,10.32927131652832,100
2008-10-10,9.497346878051758,10.35718841689519,9.497346878051758,10.35718841689519,2600
2008-10-13,9.631349563598633,11.596703469265249,9.631349563598633,11.596703469265249,600
2008-10-14,12.244375228881836,12.423043549995842,11.306365478086104,12.423043549995842,2000
2008-10-15,10.748022079467773,10.764772627128298,10.748022079467773,10.764772627128298,300
2008-10-16,10.463274002075195,10.68102589771944,9.463847624552931,10.68102589771944,4300
2008-10-17,10.463274002075195,10.463274002075195,10.463274002075195,10.463274002075195,0
2008-10-20,10.463274002075195,10.463274002075195,10.463274002075195,10.463274002075195,0
2008-10-21,10.463274002075195,10.463274002075195,10.463274002075195,10.463274002075195,0
2008-10-22,10.468855857849121,10.608440602620444,10.468855857849123,10.597273567451436,2300
2008-10-23,10.608439445495605,10.608439445495604,10.46885471594961,10.46885471594961,400
2008-10-24,10.608439445495605,10.608439445495604,10.608439445495604,10.608439445495604,0
2008-10-27,10.468855857849121,10.468855857849123,10.468855857849123,10.468855857849123,200
2008-10-28,10.468855857849121,10.468855857849123,10.468855857849123,10.468855857849123,200
2008-10-29,10.468855857849121,10.468855857849123,10.468855857849123,10.468855857849123,0
2008-10-30,10.496771812438965,10.748024765401182,10.496771812438965,10.748024765401182,400
2008-10-31,10.882028579711914,10.887612098325242,10.608442557342544,10.608442557342544,800
2008-11-03,11.278447151184082,11.674867292232072,10.748024725752549,10.748024725752549,2200
2008-11-04,11.15003490447998,11.15003490447998,10.608446192757214,10.748031011082967,1700
2008-11-05,10.748022079467773,10.748022079467773,10.748022079467773,10.748022079467773,100
2008-11-06,10.748022079467773,10.748022079467773,10.748022079467773,10.748022079467773,0
2008-11-07,10.748022079467773,10.748022079467773,10.748022079467773,10.748022079467773,0
2008-11-10,10.608439445495605,10.608439445495604,10.608439445495604,10.608439445495604,300
2008-11-11,10.379524230957031,10.608443182865177,10.379524230957031,10.608443182865177,300
2008-11-12,9.91051959991455,10.050104383011938,9.91051959991455,10.050104383011938,300
2008-11-13,10.608439445495605,10.608439445495604,9.698347477432387,9.698347477432387,1500
2008-11-14,10.748022079467773,10.748022079467773,10.748022079467773,10.748022079467773,200
2008-11-17,10.748022079467773,10.748022079467773,10.748022079467773,10.748022079467773,0
2008-11-18,9.955184936523438,11.166780683254432,9.955184936523438,11.166780683254432,800
2008-11-19,9.60901165008545,9.60901165008545,9.60901165008545,9.60901165008545,100
2008-11-20,9.60901165008545,9.60901165008545,9.60901165008545,9.60901165008545,0
2008-11-21,9.491765022277832,9.770934581756592,9.491765022277832,9.770934581756592,300
2008-11-24,9.491765022277832,9.508515579227605,9.491765022277832,9.508515579227605,1100
2008-11-25,9.77093505859375,9.77093505859375,9.77093505859375,9.77093505859375,200
2008-11-26,9.581099510192871,9.581099510192871,9.52526538347735,9.581099510192871,1300
2008-11-28,8.375086784362793,8.955759979253344,8.375086784362793,8.955759979253344,2500
2008-12-01,7.956332683563232,8.375087035329718,7.956332683563232,8.375087035329718,2000
2008-12-02,8.157331466674805,8.157331466674805,8.157331466674805,8.157331466674805,100
2008-12-03,8.157331466674805,8.157331466674805,8.157331466674805,8.157331466674805,0
2008-12-04,10.697771072387695,10.697771072387697,8.095912410488507,8.101495926151417,2600
2008-12-05,10.608439445495605,10.608439445495604,10.608439445495604,10.608439445495604,200
2008-12-08,10.608439445495605,10.608439445495604,10.368353540284978,10.368353540284978,700
2008-12-09,10.072439193725586,10.072439193725586,10.072439193725586,10.072439193725586,300
2008-12-10,10.440938949584961,10.440938949584961,10.156185952965693,10.156185952965693,400
2008-12-11,8.289161682128906,8.629811828446254,5.478794861677077,8.629811828446254,5700
2008-12-12,8.232389450073242,8.544652606469377,8.232389450073242,8.544652606469377,2300
2008-12-15,8.374327659606934,8.6298155138135,8.374327659606934,8.6298155138135,400
2008-12-16,8.516263961791992,8.680911710061991,8.374326229095459,8.374326229095459,900
2008-12-17,9.23730754852295,9.23730754852295,9.23730754852295,9.23730754852295,100
2008-12-18,8.499234199523926,8.499234199523926,7.920127812114643,7.920127812114643,500
2008-12-19,7.346701145172119,8.499236605210903,7.346701145172119,8.499236605210903,3000
2008-12-22,7.971222400665283,7.971222400665283,7.647604569604013,7.647604569604013,1800
2008-12-23,8.510587692260742,8.64684780763173,7.948514310268241,7.948514310268241,3000
2008-12-24,8.294844627380371,8.800143377528077,7.755481109305691,7.755481109305691,1400
2008-12-26,8.238065719604492,9.13511210162675,8.238065719604492,8.334583416279623,400
2008-12-29,8.510587692260742,9.418989544299796,8.510587692260742,9.418989544299796,3700
2008-12-30,8.510587692260742,8.510587692260742,8.510587692260742,8.510587692260742,0
2008-12-31,8.942075729370117,8.942075729370117,8.255097191360532,8.516262599400111,1500
2009-01-02,9.39627742767334,9.890221211636774,9.15782199453564,9.646088139269729,7300
2009-01-05,9.907254219055176,9.907254219055176,9.901576579774408,9.901576579774408,200
2009-01-06,9.912932395935059,9.924287676352877,9.668800364346831,9.67447800455574,1100
2009-01-07,9.912932395935059,9.912932395935059,9.912932395935059,9.912932395935059,0
2009-01-08,10.787262916564941,10.787262916564941,10.219512236745734,10.219512236745734,2000
2009-01-09,10.747523307800293,10.75887858421426,10.225192504644218,10.707780923250173,1500
2009-01-12,10.219518661499023,10.770236777302772,10.219518661499023,10.770236777302772,3300
2009-01-13,10.219518661499023,10.219518661499023,10.219518661499023,10.219518661499023,0
2009-01-14,8.516263961791992,9.260017377910117,8.232388496398926,9.203242068251711,1400
2009-01-15,7.954192638397217,9.634735289555618,7.948514997736639,9.634735289555618,700
2009-01-16,9.084016799926758,9.084016799926758,9.066984420032782,9.066984420032782,700
2009-01-20,8.538970947265625,8.538970947265625,8.538970947265625,8.538970947265625,200
2009-01-21,8.402715682983398,8.516265785162311,7.976902393725283,8.516265785162311,400
2009-01-22,8.516263961791992,8.516263961791992,8.516263961791992,8.516263961791992,500
2009-01-23,7.982580184936523,8.345940518770593,7.982580184936524,8.345940518770593,300
2009-01-26,8.391358375549316,8.391358375549316,8.391358375549316,8.391358375549316,100
2009-01-27,8.391358375549316,8.391358375549316,8.391358375549316,8.391358375549316,0
2009-01-28,8.89098072052002,8.930723117913928,8.516265140950141,8.516265140950141,1400
2009-01-29,8.113163948059082,8.646849793203586,8.096131565088962,8.521944929489788,1300
2009-01-30,8.516263961791992,8.516263961791992,7.778187643480123,7.778187643480123,1300
2009-02-02,8.516263961791992,8.516263961791992,8.516263961791992,8.516263961791992,0
2009-02-03,8.022320747375488,8.090450794354005,7.97122307677923,7.97122307677923,700
2009-02-04,8.618457794189453,8.618457794189453,8.175611755839833,8.175611755839833,200
2009-02-05,8.618457794189453,8.618457794189453,8.618457794189453,8.618457794189453,0
2009-02-06,8.06206226348877,8.289162936859231,7.602184360986313,7.664636761902242,5900
2009-02-09,8.516263961791992,8.516263961791992,8.516263961791992,8.516263961791992,200
2009-02-10,8.800139427185059,8.800139427185059,8.800139427185059,8.800139427185059,100
2009-02-11,8.942075729370117,8.942075729370117,8.800138019380116,8.828525669667995,2800
2009-02-12,8.800139427185059,8.800139427185059,8.800139427185059,8.800139427185059,400
2009-02-13,8.885302543640137,8.885302543640137,7.5737980943849,7.5737980943849,6700
2009-02-17,8.516263961791992,8.516263961791992,8.516263961791992,8.516263961791992,300
2009-02-18,7.7214131355285645,7.834963217223205,7.573797758600781,7.675993102850708,2700
2009-02-19,7.670316219329834,7.693026237906884,7.664638579323184,7.693026237906884,1400
2009-02-20,8.175613403320312,8.175613403320312,8.175613403320312,8.175613403320312,100
2009-02-23,7.295598983764648,7.664636837120298,7.19340365267256,7.664636837120298,2700
2009-02-24,7.306955337524414,7.306955337524414,6.813012030301501,6.9549497809327825,900
2009-02-25,7.488632678985596,7.494310316831257,6.813009477382842,6.926559527049354,2500
2009-02-26,7.386439800262451,7.43753747108563,7.386439800262451,7.43753747108563,200
2009-02-27,6.6426873207092285,6.6426873207092285,6.6426873207092285,6.6426873207092285,200
2009-03-02,6.654040336608887,6.824365705607041,6.654040336608887,6.813010428330767,2300
2009-03-03,6.654040336608887,6.654040336608887,6.654040336608887,6.654040336608887,0
2009-03-04,6.654040336608887,6.654040336608887,6.654040336608887,6.654040336608887,0
2009-03-05,6.472360134124756,6.472360134124757,6.472360134124757,6.472360134124757,500
2009-03-06,7.136629581451416,7.136629581451415,7.136629581451415,7.136629581451415,100
2009-03-09,6.466681957244873,6.642684406124549,5.847833484227357,6.245258945175953,3400
2009-03-10,7.091207981109619,7.091207981109619,7.091207981109619,7.091207981109619,300
2009-03-11,7.271690845489502,7.271690845489502,7.271690845489502,7.271690845489502,0
2009-03-12,7.271690845489502,7.277512989136054,7.271690845489502,7.277512989136054,300
2009-03-13,7.813136577606201,7.813136577606201,7.568612140941977,7.568612140941977,200
2009-03-16,7.82478141784668,7.830603561267206,7.82478141784668,7.82478141784668,1000
2009-03-17,7.82478141784668,7.82478141784668,7.82478141784668,7.82478141784668,0
2009-03-18,7.859711647033691,7.8597116470336905,7.568611215662073,7.853889505151056,1000
2009-03-19,7.859711647033691,7.8597116470336905,7.8597116470336905,7.8597116470336905,0
2009-03-20,7.859711647033691,7.8597116470336905,7.8597116470336905,7.8597116470336905,100
2009-03-23,7.859711647033691,7.8597116470336905,7.8597116470336905,7.8597116470336905,0
2009-03-24,7.859711647033691,7.8597116470336905,7.8597116470336905,7.8597116470336905,0
2009-03-25,7.5686140060424805,7.56861400604248,7.56861400604248,7.56861400604248,300
2009-03-26,7.813136577606201,7.813136577606201,7.813136577606201,7.813136577606201,200
2009-03-27,8.005268096923828,8.005268096923828,8.005268096923828,8.005268096923828,900
2009-03-30,8.005268096923828,8.005268096923828,8.005268096923828,8.005268096923828,0
2009-03-31,8.41280460357666,8.41280460357666,7.859713747225353,7.859713747225353,200
2009-04-01,9.606319427490234,9.612141572519745,8.733017661354758,9.548099087655745,7300
2009-04-02,9.17548942565918,9.897418652973775,9.17548942565918,9.722758767987836,1500
2009-04-03,9.024115562438965,10.310779248320614,9.024115562438965,9.315216064453125,2700
2009-04-06,9.024115562438965,9.024115562438965,9.024115562438965,9.024115562438965,0
2009-04-07,9.024115562438965,9.024115562438965,8.296364307403564,8.674794737929915,600
2009-04-08,9.024115562438965,9.024115562438965,9.024115562438965,9.024115562438965,0
2009-04-09,8.296367645263672,9.588853994444147,8.296367645263672,9.588853994444147,600
2009-04-13,8.296367645263672,8.296367645263672,8.296367645263672,8.296367645263672,0
2009-04-14,8.791236877441406,9.449123635232487,8.668974623601512,9.449123635232487,2100
2009-04-15,8.150813102722168,8.634039835108004,8.150813102722168,8.634039835108004,3900
2009-04-16,7.71416711807251,8.65151099819686,7.714167118072509,8.65151099819686,600
2009-04-17,7.475462913513184,7.719987442850926,7.452174889539603,7.719987442850926,1100
2009-04-20,8.71555233001709,8.71555233001709,8.71555233001709,8.71555233001709,200
2009-04-21,8.71555233001709,8.71555233001709,8.71555233001709,8.71555233001709,0
2009-04-22,8.645689010620117,8.645689010620117,8.645689010620117,8.645689010620117,100
2009-04-23,9.460771560668945,9.460771560668945,7.766565788487563,7.9412262975767725,5000
2009-04-24,8.884387969970703,9.25699627881067,8.884387969970703,9.25699627881067,1200
2009-04-27,8.616576194763184,8.616576194763184,8.459381634833512,8.459381634833512,400
2009-04-28,8.733016014099121,8.733016014099121,8.733016014099121,8.733016014099121,100
2009-04-29,8.447737693786621,8.447737693786621,8.447737693786621,8.447737693786621,100
2009-04-30,8.587468147277832,8.587468147277832,8.587468147277832,8.587468147277832,200
2009-05-01,8.733016014099121,8.733016014099121,8.733016014099121,8.733016014099121,500
2009-05-04,8.855278968811035,8.872744846771816,8.733016712625075,8.733016712625075,1400
2009-05-05,8.855278968811035,8.855278968811035,8.855278968811035,8.855278968811035,0
2009-05-06,8.878568649291992,9.315219566470287,8.878568649291992,9.315219566470287,200
2009-05-07,9.31521987915039,9.449125898402599,9.31521987915039,9.449125898402599,300
2009-05-08,9.454946517944336,9.460768662684332,9.315218375566111,9.315218375566111,600
2009-05-11,9.425833702087402,9.425833702087402,8.73883640263693,8.907674656118644,900
2009-05-12,9.31521987915039,9.31521987915039,9.31521987915039,9.31521987915039,400
2009-05-13,9.31521987915039,9.31521987915039,9.31521987915039,9.31521987915039,0
2009-05-14,9.303573608398438,9.303573608398438,9.303573608398438,9.303573608398438,100
2009-05-15,9.303573608398438,9.303573608398438,9.303573608398438,9.303573608398438,0
2009-05-18,9.31521987915039,9.31521987915039,8.459383897288944,8.692264727405927,1500
2009-05-19,9.31521987915039,9.31521987915039,9.31521987915039,9.31521987915039,0
2009-05-20,9.31521987915039,9.31521987915039,9.31521987915039,9.31521987915039,0
2009-05-21,9.31521987915039,9.31521987915039,9.31521987915039,9.31521987915039,500
2009-05-22,8.453561782836914,9.460769603326668,8.447739637518048,8.447739637518048,1000
2009-05-26,8.30218505859375,8.30218505859375,8.30218505859375,8.30218505859375,300
2009-05-27,8.849458694458008,8.849458694458008,8.849458694458008,8.849458694458008,100
2009-05-28,9.31521987915039,9.42583842614431,9.31521987915039,9.31521987915039,1000
2009-05-29,9.460771560668945,9.460771560668945,9.460771560668945,9.460771560668945,200
2009-06-01,9.460771560668945,9.460771560668945,9.460771560668945,9.460771560668945,0
2009-06-02,10.479623794555664,10.479623794555664,8.098420299066978,8.354589191640724,5000
2009-06-03,9.897420883178711,10.479622111600987,9.315219654756433,10.46797782052197,1300
2009-06-04,9.641249656677246,10.462153097690935,9.315217360005962,9.897418445006334,3000
2009-06-05,9.897420883178711,9.897420883178711,9.34432927199326,9.34432927199326,700
2009-06-08,9.460771560668945,9.460771560668945,9.344330851122503,9.344330851122503,200
2009-06-09,9.449127197265625,9.449127197265625,9.31522115960689,9.31522115960689,200
2009-06-10,9.053228378295898,9.053228378295898,9.053228378295898,9.053228378295898,200
2009-06-11,9.467429161071777,9.467429161071777,9.467429161071777,9.467429161071777,100
2009-06-12,9.467429161071777,9.473346439730108,9.467429161071777,9.473346439730108,200
2009-06-15,9.171567916870117,9.183402468918375,9.171567916870117,9.183402468918375,400
2009-06-16,9.171567916870117,9.171567916870117,9.171567916870117,9.171567916870117,0
2009-06-17,9.023641586303711,9.248493050924646,9.023641586303711,9.242575773468207,500
2009-06-18,10.479255676269531,10.479255676269531,9.023639600479907,9.023639600479907,2900
2009-06-19,10.041386604309082,10.041386604309082,8.431924861587964,9.91120992502445,2900
2009-06-22,10.041386604309082,10.041386604309082,10.041386604309082,10.041386604309082,0
2009-06-23,10.041386604309082,10.041386604309082,10.041386604309082,10.041386604309082,0
2009-06-24,8.763288497924805,8.763288497924805,8.437845539872004,8.437845539872004,400
2009-06-25,8.763288497924805,8.763288497924805,8.763288497924805,8.763288497924805,0
2009-06-26,9.976299285888672,9.976299285888672,9.976299285888672,9.976299285888672,700
2009-06-29,9.763283729553223,9.763283729553223,9.751449175379424,9.757366452466323,900
2009-06-30,9.763283729553223,9.763283729553223,9.763283729553223,9.763283729553223,0
2009-07-01,10.491090774536133,10.491090774536133,9.491094753136966,10.485173498073967,5400
2009-07-02,10.946709632873535,11.822446132638229,10.059138581559464,10.065055857334153,1300
2009-07-06,10.650856018066406,10.946713129679363,10.650856018066406,10.940795852014466,800
2009-07-07,10.212986946105957,11.212984232569532,10.212986946105957,11.212984232569532,700
2009-07-08,10.212986946105957,10.212986946105957,10.212986946105957,10.212986946105957,0
2009-07-09,10.355000495910645,10.355000495910645,10.355000495910645,10.355000495910645,100
2009-07-10,10.059142112731934,10.100561929089857,9.798787530275257,10.100561929089857,800
2009-07-13,9.023641586303711,9.171570136898854,9.023641586303711,9.171570136898854,300
2009-07-14,8.639025688171387,8.639025688171387,8.639025688171387,8.639025688171387,200
2009-07-15,8.609441757202148,8.757370307792211,8.609441757202148,8.757370307792211,200
2009-07-16,8.609441757202148,8.609441757202148,8.609441757202148,8.609441757202148,0
2009-07-17,8.875711441040039,8.875711441040039,8.875711441040039,8.875711441040039,300
2009-07-20,8.639025688171387,9.023639609751255,8.639025688171387,9.023639609751255,300
2009-07-21,8.639025688171387,8.639025688171387,8.639025688171387,8.639025688171387,0
2009-07-22,8.639025688171387,8.639025688171387,8.639025688171387,8.639025688171387,0
2009-07-23,8.905298233032227,8.905298233032227,8.905298233032227,8.905298233032227,100
2009-07-24,8.639025688171387,8.639025688171387,8.639025688171387,8.639025688171387,200
2009-07-27,10.455589294433594,10.455589294433594,8.674529530231244,8.763286993170098,8200
2009-07-28,10.881623268127441,10.881623268127441,9.763283843563801,9.763283843563801,5700
2009-07-29,11.349078178405762,11.354995455651649,10.668607095602134,10.934877800035606,6100
2009-07-30,11.349078178405762,11.349078178405762,11.349078178405762,11.349078178405762,0
2009-07-31,11.09463882446289,11.09463882446289,11.09463882446289,11.09463882446289,600
2009-08-03,10.650856018066406,11.09464168548584,8.64494459818161,8.64494459818161,1900
2009-08-04,11.212987899780273,11.212987899780272,11.212987899780272,11.212987899780272,200
2009-08-05,11.62718677520752,11.62718677520752,9.763286794672897,9.763286794672897,1000
2009-08-06,11.09463882446289,11.09463882446289,11.09463882446289,11.09463882446289,100
2009-08-07,11.177482604980469,11.177482604980469,9.141985690568443,9.141985690568443,3900
2009-08-10,10.070975303649902,10.070975303649902,10.070975303649902,10.070975303649902,100
2009-08-11,10.070975303649902,10.070975303649902,10.070975303649902,10.070975303649902,0
2009-08-12,10.650856018066406,10.650856018066406,10.650856018066406,10.650856018066406,500
2009-08-13,10.112393379211426,10.301741697900592,10.059139023504473,10.059139023504473,500
2009-08-14,10.112393379211426,10.112393379211426,10.112393379211426,10.112393379211426,0
2009-08-17,10.633105278015137,10.633105278015137,10.633105278015137,10.633105278015137,400
2009-08-18,10.940791130065918,10.940791130065918,9.177483776745813,9.177483776745813,200
2009-08-19,10.940791130065918,10.940791130065918,10.940791130065918,10.940791130065918,0
2009-08-20,9.775115966796875,9.775115966796875,9.775115966796875,9.775115966796875,100
2009-08-21,11.183399200439453,11.236653573709601,9.92304833312519,9.982219984381505,3200
2009-08-24,10.828365325927734,11.124222314380457,10.775110977717857,11.124222314380457,1800
2009-08-25,10.650856018066406,10.763282036488818,10.19523579531718,10.763282036488818,3300
2009-08-26,10.650856018066406,10.650856018066406,10.650856018066406,10.650856018066406,0
2009-08-27,10.650856018066406,10.650856018066406,10.650856018066406,10.650856018066406,0
2009-08-28,10.650856018066406,10.650856018066406,10.650856018066406,10.650856018066406,0
2009-08-31,10.828365325927734,10.828365325927734,10.804697353726036,10.804697353726036,200
2009-09-01,10.828365325927734,10.828365325927734,10.828365325927734,10.828365325927734,0
2009-09-02,9.940797805786133,10.550263819521223,9.337249633606065,10.195235084613454,4300
2009-09-03,9.940797805786133,9.940797805786133,9.940797805786133,9.940797805786133,300
2009-09-04,9.940797805786133,9.940797805786133,9.940797805786133,9.940797805786133,100
2009-09-08,9.349087715148926,9.53251942905669,9.349087715148926,9.53251942905669,400
2009-09-09,12.609429359436035,12.692270115370137,9.627190360940277,10.573933312175777,12500
2009-09-10,11.834285736083984,12.42008274458749,10.857957388578143,12.42008274458749,6000
2009-09-11,11.98408317565918,11.98408317565918,11.98408317565918,11.98408317565918,0
2009-09-14,11.98408317565918,11.98408317565918,11.98408317565918,11.98408317565918,0
2009-09-15,11.996068954467773,12.82297028869047,11.984084595578267,12.55332907102478,2400
2009-09-16,11.996068954467773,11.996068954467773,11.996068954467773,11.996068954467773,0
2009-09-17,11.145196914672852,11.145196914672852,10.905515494087759,10.905515494087759,1000
2009-09-18,11.145196914672852,11.145196914672852,11.145196914672852,11.145196914672852,0
2009-09-21,9.737071990966797,10.785679743840145,9.737071990966797,10.785679743840145,400
2009-09-22,9.886872291564941,9.886872291564941,9.761039920078474,9.874887929644805,300
2009-09-23,9.886872291564941,9.886872291564941,9.886872291564941,9.886872291564941,0
2009-09-24,9.719090461730957,10.06662880728779,9.545321860398122,10.06662880728779,1200
2009-09-25,9.719090461730957,9.719090461730957,9.719090461730957,9.719090461730957,0
2009-09-28,10.186470985412598,10.581945649885549,10.186470985412598,10.581945649885549,1100
2009-09-29,9.9767484664917,10.779682086535228,9.880875897790188,10.779682086535228,2100
2009-09-30,10.186470985412598,10.186470985412598,10.186470985412598,10.186470985412598,300
2009-10-01,10.785674095153809,10.785674095153809,10.204446513689112,10.68980152796151,5400
2009-10-02,10.857579231262207,11.456783355345545,10.71976141412575,10.71976141412575,3600
2009-10-05,11.98408317565918,11.98408317565918,10.851587681284581,10.851587681284581,2500
2009-10-06,11.924169540405273,11.966113673312861,10.881553828404986,11.732424279746631,3000
2009-10-07,11.894210815429688,11.924170586451353,11.43282302718722,11.912186220885886,1200
2009-10-08,11.606584548950195,11.684480583300076,11.450791337359252,11.450791337359252,900
2009-10-09,11.25305461883545,11.984083287960171,10.947460357845516,11.89420289187872,9400
2009-10-12,12.355595588684082,12.355595588684082,12.355595588684082,12.355595588684082,700
2009-10-13,11.990076065063477,11.990076065063477,11.708450505183967,11.708450505183967,500
2009-10-14,11.990076065063477,11.990076065063477,11.990076065063477,11.990076065063477,0
2009-10-15,11.690472602844238,12.13388351770222,11.684480424453989,12.13388351770222,2000
2009-10-16,11.678489685058594,11.678489685058594,11.678489685058594,11.678489685058594,100
2009-10-19,11.690472602844238,11.690472602844238,11.67848824606374,11.67848824606374,1000
2009-10-20,11.972097396850586,11.972097396850586,11.594599324506403,11.684479709074912,1800
2009-10-21,11.948129653930664,11.948129653930664,11.948129653930664,11.948129653930664,100
2009-10-22,11.70844841003418,11.70844841003418,11.684479697963452,11.684479697963452,400
2009-10-23,11.58261775970459,11.68448252486781,11.444801060628285,11.68448252486781,1000
2009-10-26,11.06130599975586,11.294996351886747,10.725752058277129,11.294996351886747,1100
2009-10-27,10.605915069580078,10.78567587704089,10.605915069580078,10.779683697740017,900
2009-10-28,10.198455810546875,11.043333645444399,10.198455810546875,11.043333645444399,1500
2009-10-29,10.803653717041016,10.803653717041016,10.761708456879505,10.761708456879505,1200
2009-10-30,12.541346549987793,12.56531412838773,10.342266658722714,11.660515471682267,8000
2009-11-02,12.403529167175293,12.403529167175291,10.540003473519674,11.085279281900773,700
2009-11-03,12.403529167175293,12.403529167175291,12.403529167175291,12.403529167175291,0
2009-11-04,11.384879112243652,11.99007545483092,11.384879112243652,11.99007545483092,800
2009-11-05,11.378890037536621,11.528691119351835,10.929486792090982,10.929486792090982,1200
2009-11-06,11.085273742675781,11.324955108533834,11.031345292496356,11.324955108533834,2400
2009-11-09,11.085273742675781,11.085273742675781,11.085273742675781,11.085273742675781,0
2009-11-10,11.085273742675781,11.277018835362224,11.085273742675781,11.277018835362224,200
2009-11-11,11.019367218017578,11.019367218017576,10.941471158307666,10.941471158307666,200
2009-11-12,11.085273742675781,11.103250273699224,10.965432488301303,10.965432488301303,5700
2009-11-13,11.11523723602295,11.11523723602295,11.11523723602295,11.11523723602295,100
2009-11-16,11.11523723602295,11.11523723602295,11.11523723602295,11.11523723602295,0
2009-11-17,11.265039443969727,11.265039443969725,11.259048407213564,11.259048407213564,200
2009-11-18,10.965435981750488,10.965435981750488,10.965435981750488,10.965435981750488,700
2009-11-19,10.731746673583984,10.731746673583984,10.192463145126293,10.192463145126293,2100
2009-11-20,10.845598220825195,10.86357361864354,10.7856775613505,10.86357361864354,1000
2009-11-23,10.845598220825195,10.845598220825195,10.845598220825195,10.845598220825195,0
2009-11-24,10.198455810546875,10.61190588778349,9.587267249121465,10.204447989724533,3300
2009-11-25,10.779684066772461,10.797660605290488,9.647188426638463,9.647188426638463,1200
2009-11-27,10.779684066772461,10.779684066772461,10.779684066772461,10.779684066772461,0
2009-11-30,10.725753784179688,10.797658783226723,10.725753784179686,10.78567442623702,1600
2009-12-01,10.815634727478027,10.815634727478027,10.78567497636684,10.809643691568787,800
2009-12-02,11.085273742675781,11.085273742675781,10.486069756585199,11.073289388660154,600
2009-12-03,10.791670799255371,10.935479710354127,10.785678618431469,10.785678618431469,2700
2009-12-04,11.085273742675781,11.085273742675781,10.78567174963049,10.78567174963049,400
2009-12-07,11.085273742675781,11.085273742675781,11.085273742675781,11.085273742675781,1300
2009-12-08,11.684481620788574,11.684481620788574,11.085277435107109,11.085277435107109,3700
2009-12-09,12.163844108581543,12.163844108581543,10.785674984398264,10.815634735531761,17800
2009-12-10,11.684481620788574,11.984083713629307,11.648529689657247,11.984083713629307,600
2009-12-11,11.836228370666504,11.836228370666504,11.836228370666504,11.836228370666504,0
2009-12-14,11.022868156433105,12.13972274124652,11.010728155835656,12.109373897487075,7000
2009-12-15,11.289939880371094,11.374917550263733,11.289939880371094,11.368847551309413,700
2009-12-16,11.289939880371094,11.296009879325414,11.289939880371094,11.289939880371094,500
2009-12-17,11.289939880371094,11.289939880371094,11.289939880371094,11.289939880371094,0
2009-12-18,11.101777076721191,11.101777076721191,11.101777076721191,11.101777076721191,200
2009-12-21,11.380985260009766,11.514521736943085,11.17460996800956,11.17460996800956,600
2009-12-22,11.532734870910645,11.532734870910645,11.229241847991943,11.229241847991943,600
2009-12-23,11.8119535446167,12.103307865818605,11.775534688616922,12.103307865818605,1000
2009-12-24,11.8119535446167,11.811953544616701,11.811953544616701,11.811953544616701,0
2009-12-28,11.532734870910645,11.575223708881822,11.532734870910645,11.575223708881822,900
2009-12-29,11.805876731872559,12.079019704119212,11.71482791672323,12.079019704119212,900
2009-12-30,11.532734870910645,11.805879054631077,11.532734870910645,11.805879054631077,400
2009-12-31,11.532734870910645,11.544874869683554,11.532734870910645,11.544874869683554,900
2010-01-04,12.2186279296875,12.443213263852652,11.53273424454636,12.0426025879766,4600
2010-01-05,11.629854202270508,12.746708778323281,11.532736513721064,12.200421490799117,1800
2010-01-06,11.629854202270508,11.629854202270508,11.629854202270508,11.629854202270508,0
2010-01-07,11.830159187316895,12.425005299389904,11.714831501838535,12.261119928981227,600
2010-01-08,12.139720916748047,12.139720916748047,12.139720916748047,12.139720916748047,500
2010-01-11,12.96522331237793,12.96522331237793,12.443214902107298,12.728497948932315,600
2010-01-12,12.928805351257324,12.94701535369568,12.928805351257324,12.93487535207011,700
2010-01-13,12.443217277526855,12.74671038185678,12.443217277526855,12.649592681089949,700
2010-01-14,12.503911972045898,12.5039119720459,12.449283138813353,12.449283138813353,600
2010-01-15,12.503911972045898,12.5039119720459,12.5039119720459,12.5039119720459,0
2010-01-19,12.26718807220459,12.625309950596248,12.13972155162488,12.14579155132878,1800
2010-01-20,12.279333114624023,12.291473119017613,12.139726537301348,12.145796539498143,2500
2010-01-21,12.139720916748047,12.151860915520956,12.139720916748047,12.151860915520956,500
2010-01-22,12.139720916748047,12.279327429434488,12.048673241419237,12.279327429434488,1300
2010-01-25,11.824089050292969,11.890857892333411,11.824089050292969,11.890857892333411,4000
2010-01-26,12.139720916748047,12.139720916748047,11.836227893829346,11.848367892602255,2100
2010-01-27,12.139720916748047,12.139720916748047,12.139720916748047,12.139720916748047,0
2010-01-28,12.139720916748047,12.139720916748047,12.139720916748047,12.139720916748047,0
2010-01-29,11.842297554016113,11.854437552441295,11.842297554016113,11.854437552441295,400
2010-02-01,12.139720916748047,12.139720916748047,11.987974405288696,11.987974405288696,1000
2010-02-02,12.443217277526855,12.443217277526855,12.139724173196933,12.139724173196933,3300
2010-02-03,12.74670696258545,12.74670696258545,12.443213939666748,12.443213939666748,3300
2010-02-04,12.740636825561523,12.746706824882402,12.224698460626627,12.224698460626627,1700
2010-02-05,12.133655548095703,12.170074400579455,12.133655548095703,12.139725549798737,3000
2010-02-08,12.133655548095703,12.133655548095703,12.133655548095703,12.133655548095703,0
2010-02-09,12.109374046325684,12.109374046325684,12.10330404595235,12.10330404595235,200
2010-02-10,12.139720916748047,12.139720916748047,12.127580917975138,12.139720916748047,800
2010-02-11,12.139720916748047,12.139720916748047,12.139720916748047,12.139720916748047,0
2010-02-12,12.139720916748047,12.139720916748047,12.139720916748047,12.139720916748047,100
2010-02-16,12.273255348205566,12.273255348205566,11.80587705206733,11.80587705206733,500
2010-02-17,12.139720916748047,12.139720916748047,12.139720916748047,12.139720916748047,1000
2010-02-18,12.139720916748047,12.139720916748047,12.139720916748047,12.139720916748047,0
2010-02-19,12.485702514648438,12.552471348759063,11.805878805960885,11.805878805960885,2100
2010-02-22,12.127579689025879,12.127579689025879,11.720899033216476,11.739109029530528,300
2010-02-23,12.127579689025879,12.127579689025879,12.127579689025879,12.127579689025879,0
2010-02-24,12.127579689025879,12.127579689025879,12.127579689025879,12.127579689025879,0
2010-02-25,12.127579689025879,12.127579689025879,12.127579689025879,12.127579689025879,0
2010-02-26,12.552473068237305,12.552473068237305,12.552473068237305,12.552473068237305,200
2010-03-01,12.552473068237305,12.552473068237305,12.552473068237305,12.552473068237305,0
2010-03-02,11.927277565002441,12.53426371240953,11.927277565002441,12.46142602305183,1700
2010-03-03,11.927277565002441,11.927277565002441,11.927277565002441,11.927277565002441,0
2010-03-04,11.927277565002441,11.927277565002441,11.927277565002441,11.927277565002441,0
2010-03-05,11.927277565002441,11.927277565002441,11.927277565002441,11.927277565002441,0
2010-03-08,12.139720916748047,12.516052774570198,12.030463243259874,12.516052774570198,3500
2010-03-09,12.509984016418457,12.509984016418455,12.139722121245548,12.139722121245548,800
2010-03-10,12.291468620300293,12.509983988469438,12.291468620300293,12.509983988469438,2200
2010-03-11,12.568028450012207,12.654068364263681,12.414385076159764,12.647922488644873,6100
2010-03-12,12.568028450012207,12.568028450012207,12.568028450012207,12.568028450012207,0
2010-03-15,12.38365364074707,12.38365364074707,12.38365364074707,12.38365364074707,200
2010-03-16,12.445111274719238,12.598754623789848,12.44511127471924,12.598754623789848,400
2010-03-17,12.445111274719238,12.44511127471924,12.44511127471924,12.44511127471924,0
2010-03-18,12.199289321899414,12.531158541431543,11.676901393536749,12.15626934642362,1400
2010-03-19,11.984180450439453,11.990326324668459,11.984180450439453,11.990326324668459,300
2010-03-22,11.984180450439453,11.984180450439453,11.984180450439453,11.984180450439453,0
2010-03-23,11.984180450439453,11.984180450439453,11.984180450439453,11.984180450439453,0
2010-03-24,11.830533981323242,11.842825726529224,11.830533981323242,11.842825726529224,200
2010-03-25,12.168551445007324,12.168551445007324,11.984179915194266,11.984179915194266,1200
2010-03-26,11.6830415725708,11.830539061767091,11.6830415725708,11.830539061767091,300
2010-03-29,12.568028450012207,12.568028450012207,12.119388907486577,12.119388907486577,4900
2010-03-30,12.525009155273438,12.568030290906586,12.014913126255568,12.568030290906586,900
2010-03-31,12.07022476196289,12.168556441197149,12.045642428257366,12.168556441197149,500
2010-04-01,12.568028450012207,12.746254154133965,12.568028450012207,12.746254154133965,5600
2010-04-05,12.291467666625977,12.740105955128456,12.014909175244611,12.740105955128456,4000
2010-04-06,12.291467666625977,12.291467666625977,12.285321792127979,12.285321792127979,200
2010-04-07,12.291467666625977,12.291467666625977,12.291467666625977,12.291467666625977,0
2010-04-08,12.291467666625977,12.445111012458801,12.291467666625977,12.445111012458801,3600
2010-04-09,12.291467666625977,12.352925239400248,12.217718344855712,12.352925239400248,900
2010-04-12,12.291467666625977,12.30990529011997,12.266884168633988,12.266884168633988,1500
2010-04-13,12.58646297454834,12.592608849224687,12.088658847821563,12.592608849224687,1000
2010-04-14,12.555732727050781,12.568024474400179,12.291466020066466,12.445109345317297,2400
2010-04-15,12.402091026306152,12.59875432083456,12.402091026306152,12.59875432083456,1100
2010-04-16,12.445111274719238,12.44511127471924,12.44511127471924,12.44511127471924,500
2010-04-19,12.752399444580078,12.752399444580078,12.41438450649765,12.445112710975739,3700
2010-04-20,12.86302375793457,12.90604371610196,12.74010858699408,12.752400338529316,6900
2010-04-21,13.041247367858887,13.059684992194882,12.66021250922772,12.66021250922772,5600
2010-04-22,13.213329315185547,13.213329315185547,13.213329315185547,13.213329315185547,900
2010-04-23,13.213329315185547,13.213329315185547,12.617193484354999,12.617193484354999,500
2010-04-26,12.690943717956543,13.944674336929792,12.690943717956541,13.944674336929792,800
2010-04-27,13.096562385559082,13.10270826189428,13.096562385559082,13.10270826189428,300
2010-04-28,13.059685707092285,13.520615790872013,13.059685707092285,13.477595837272169,2900
2010-04-29,13.262496948242188,13.797176443890654,12.598757571833819,13.797176443890654,4900
2010-04-30,12.936768531799316,13.471447861374688,12.690939426560035,13.471447861374688,5100
2010-05-03,12.316051483154297,12.752398033946236,11.928869585206503,12.752398033946236,3200
2010-05-04,12.014910697937012,12.371363258555439,11.6953333889799,11.6953333889799,2300
2010-05-05,12.045639038085938,12.242302341204768,11.818246361226194,11.818246361226194,1600
2010-05-06,12.598756790161133,12.598756790161133,12.598756790161133,12.598756790161133,800
2010-05-07,12.414382934570312,12.684794381914015,12.41438293457031,12.684794381914015,700
2010-05-10,12.832298278808594,13.422289637531934,12.598760789697176,13.422289637531934,300
2010-05-11,12.051785469055176,12.856876342932074,11.799810453779155,12.856876342932074,1300
2010-05-12,12.168551445007324,12.727813080606609,11.990325789148782,12.727813080606609,1400
2010-05-13,11.762935638427734,12.168554027876564,11.707623933302363,12.168554027876564,900
2010-05-14,11.799814224243164,12.150121007552446,11.799814224243164,12.131683376565471,2000
2010-05-17,11.769075393676758,11.769075393676758,11.713763717313885,11.732201333503255,400
2010-05-18,11.676894187927246,11.738351760199581,11.664602439031642,11.738351760199581,700
2010-05-19,11.523246765136719,12.291463216145832,11.523246765136719,11.69532767215666,500
2010-05-20,12.193134307861328,12.193134307861328,11.062319347456045,11.504811699360292,3600
2010-05-21,11.431063652038574,11.676892738406012,11.11763112734301,11.11763112734301,2000
2010-05-24,10.675141334533691,11.277423033767786,10.675141334533691,11.277423033767786,6300
2010-05-25,10.908677101135254,11.043882817859515,10.755033761682645,11.007008744608472,3900
2010-05-26,10.724308967590332,11.123781542556586,10.521499742010171,10.908680564588288,2700
2010-05-27,11.990325927734375,12.100949315783048,10.834927399454484,10.834927399454484,700
2010-05-28,11.37575626373291,12.119389677784598,10.84722264898147,11.123781208376059,800
2010-06-01,11.73835563659668,11.787521476209612,11.73835563659668,11.787521476209612,300
2010-06-02,11.719919204711914,11.719919204711914,11.719919204711914,11.719919204711914,100
2010-06-03,12.008763313293457,12.12553140086227,12.008763313293455,12.12553140086227,600
2010-06-04,12.014910697937012,12.014910697937012,11.676895763149243,11.676895763149243,800
2010-06-07,11.891997337341309,11.978037251352006,10.871805431592499,10.871805431592499,2200
2010-06-08,11.891997337341309,11.891997337341309,11.891997337341309,11.891997337341309,0
2010-06-09,11.891997337341309,11.891997337341309,11.891997337341309,11.891997337341309,0
2010-06-10,11.861268043518066,11.861268043518066,11.861268043518066,11.861268043518066,100
2010-06-11,12.265983581542969,12.45277472741859,11.76787187989274,11.76787187989274,1800
2010-06-14,11.114103317260742,11.892401852256741,11.114103317260742,11.537497910312856,4600
2010-06-15,11.288440704345703,11.369384411838867,11.145234068121475,11.145234068121475,900
2010-06-16,11.26353645324707,11.26353645324707,11.207498863920323,11.207498863920323,1000
2010-06-17,10.62221908569336,11.12655743951255,10.279768172685749,11.12655743951255,2200
2010-06-18,10.578631401062012,11.139005995163703,10.30467003974531,10.30467003974531,3500
2010-06-21,11.487686157226562,12.297116109662307,11.487686157226562,12.297116109662307,700
2010-06-22,10.9273099899292,11.207497912784497,10.9273099899292,10.99580063498032,1400
2010-06-23,10.896180152893066,11.002028807596176,10.896180152893066,10.958444276998906,1300
2010-06-24,10.653348922729492,10.896177644492523,10.553726822129834,10.896177644492523,1100
2010-06-25,10.740520477294922,10.740520477294922,10.516370104696682,10.740520477294922,4000
2010-06-28,11.425420761108398,11.911078203144045,11.10164834135856,11.10164834135856,2500
2010-06-29,11.207494735717773,11.525040562407108,11.207494735717773,11.525040562407108,2600
2010-06-30,11.207494735717773,11.207494735717773,11.207494735717773,11.207494735717773,0
2010-07-01,11.332021713256836,11.469001762230858,10.615986454177346,11.469001762230858,4000
2010-07-02,11.332021713256836,11.332021713256836,11.332021713256836,11.332021713256836,0
2010-07-06,10.821462631225586,11.381838543229659,10.752973165661253,11.381838543229659,2400
2010-07-07,11.20127010345459,11.20127010345459,11.20127010345459,11.20127010345459,100
2010-07-08,11.830134391784668,11.830134391784668,10.815233911239135,10.815233911239135,6100
2010-07-09,11.232402801513672,11.780324339046226,10.865045870776619,11.207496683285832,2700
2010-07-12,11.493906021118164,11.630887249758631,11.325794530423728,11.630887249758631,2300
2010-07-13,12.029379844665527,12.029379844665527,11.705607426205555,11.705607426205555,5500
2010-07-14,11.755419731140137,11.755419731140137,11.462779929899522,11.462779929899522,400
2010-07-15,11.755419731140137,11.755419731140137,11.755419731140137,11.755419731140137,0
2010-07-16,11.730513572692871,11.823909143118406,11.369383162815453,11.381836222229287,700
2010-07-19,11.830134391784668,11.830134391784668,11.79277640517763,11.830134391784668,900
2010-07-20,11.369383811950684,11.431647924985715,11.369383811950684,11.431647924985715,500
2010-07-21,11.369383811950684,11.792778355481884,11.363157281888261,11.792778355481884,1400
2010-07-22,11.705607414245605,11.705607414245605,11.574853853610236,11.574853853610236,400
2010-07-23,11.823911666870117,11.823911666870117,11.431649712320974,11.431649712320974,700
2010-07-26,11.587307929992676,11.830136671107923,11.48768582145364,11.587307929992676,1500
2010-07-27,12.265983581542969,12.265983581542967,11.332025476986573,11.425421049924385,3100
2010-07-28,11.780324935913086,11.830135987303429,11.394288396946067,11.419194516435809,1200
2010-07-29,11.892402648925781,11.892402648925783,11.730516400291178,11.830138524437182,1500
2010-07-30,12.14145278930664,12.141452789306639,10.933533563896884,11.431645160114082,1600
2010-08-02,12.054286003112793,12.141455043912366,12.054286003112793,12.122775454774267,600
2010-08-03,11.954666137695312,12.141457313638634,11.954666137695312,12.01692907128353,2000
2010-08-04,11.674469947814941,12.14144874572754,11.400508720514773,11.568621372784547,5100
2010-08-05,11.98578929901123,11.985789299011232,11.830129697725372,11.830129697725372,900
2010-08-06,11.967114448547363,12.07296306675506,11.568626091807324,11.568626091807324,900
2010-08-09,11.369383811950684,11.581081083716283,11.170139600309923,11.581081083716283,3000
2010-08-10,11.045608520507812,11.643342188589411,11.045608520507812,11.275985322940763,1700
2010-08-11,11.674469947814941,11.674469947814943,11.095416048389161,11.43164135292871,2900
2010-08-12,11.643342971801758,11.699380544066038,10.746743003162237,10.746743003162237,5000
2010-08-13,11.207494735717773,11.612209585878695,10.889948909028439,11.612209585878695,800
2010-08-16,11.157684326171875,11.363155027103616,11.002024668266348,11.002024668266348,2100
2010-08-17,11.356925010681152,11.518811147699997,11.039379263558253,11.039379263558253,2100
2010-08-18,11.350704193115234,11.705608092653236,10.790329552392642,10.790329552392642,1100
2010-08-19,11.350704193115234,11.350704193115234,11.350704193115234,11.350704193115234,0
2010-08-20,11.350704193115234,11.350704193115234,11.350704193115234,11.350704193115234,0
2010-08-23,11.350704193115234,11.350704193115234,11.350704193115234,11.350704193115234,0
2010-08-24,11.095420837402344,11.36315565377961,11.082967779061772,11.082967779061772,1100
2010-08-25,10.958439826965332,11.126552537506605,10.933533712401186,10.945986769683259,1000
2010-08-26,11.082966804504395,11.238626457306921,10.958439794815714,11.238626457306921,1100
2010-08-27,11.082966804504395,11.082966804504395,11.082966804504395,11.082966804504395,0
2010-08-30,11.506361961364746,11.792776357771274,11.082967489557081,11.705606139253298,1800
2010-08-31,11.126557350158691,11.188820288322294,11.101651224821714,11.163915350574738,900
2010-09-01,11.332021713256836,11.425417255174976,11.051833899913666,11.051833899913666,3100
2010-09-02,11.518813133239746,11.699378882127743,11.500133549275505,11.518813133239746,700
2010-09-03,11.518813133239746,11.518813133239746,11.518813133239746,11.518813133239746,0
2010-09-07,11.082966804504395,11.176363546257035,11.082966804504395,11.176363546257035,900
2010-09-08,11.20127010345459,11.755418168056941,11.114101065226556,11.120327594755569,1300
2010-09-09,11.207494735717773,11.207494735717773,11.132777581607217,11.207494735717773,700
2010-09-10,11.145231246948242,11.319570490997048,11.12655284809265,11.12655284809265,1000
2010-09-13,11.52410888671875,11.524108886718748,11.517794161977577,11.517794161977577,2700
2010-09-14,11.366239547729492,11.587250002039584,11.366239547729492,11.378868991840946,1300
2010-09-15,11.366239547729492,11.366239547729492,11.366239547729492,11.366239547729492,0
2010-09-16,11.208378791809082,11.21469351593936,11.208378791809082,11.21469351593936,300
2010-09-17,11.208378791809082,11.27152482870137,11.208378791809082,11.246265932180265,1400
2010-09-20,11.423077583312988,11.42939230909544,11.221011175917708,11.246268874636721,500
2010-09-21,11.460960388183594,11.460960388183594,11.315725363485319,11.315725363485319,700
2010-09-22,11.492531776428223,11.650396217288995,11.33466733556745,11.650396217288995,1100
2010-09-23,11.492531776428223,11.492531776428223,11.492531776428223,11.492531776428223,0
2010-09-24,11.814577102661133,11.82720655011704,11.214692801430344,11.214692801430344,1100
2010-09-27,11.587255477905273,11.587255477905273,11.587255477905273,11.587255477905273,300
2010-09-28,11.966129302978516,11.966129302978516,11.959814578596369,11.966129302978516,2700
2010-09-29,11.21469497680664,11.707232683433679,11.214694976806642,11.707232683433679,3900
2010-09-30,11.669344902038574,11.669344902038574,11.366245316003708,11.366245316003708,1000
2010-10-01,11.65671157836914,11.65671157836914,11.65671157836914,11.65671157836914,1700
2010-10-04,11.65671157836914,11.65671157836914,11.65671157836914,11.65671157836914,0
2010-10-05,11.65671157836914,11.65671157836914,11.65671157836914,11.65671157836914,0
2010-10-06,11.681967735290527,11.681967735290527,11.498844419701602,11.681967735290527,3600
2010-10-07,11.681967735290527,11.681967735290527,11.681967735290527,11.681967735290527,0
2010-10-08,11.46727466583252,11.675655711902868,11.46727466583252,11.675655711902868,1500
2010-10-11,11.410445213317871,11.953499447604724,11.239951274031,11.8966681345091,1200
2010-10-12,11.366239547729492,11.555676391760953,11.366239547729492,11.385183713896671,700
2010-10-13,11.52410888671875,11.524108886718748,11.22732405034723,11.252581744901324,700
2010-10-14,11.928243637084961,11.997704416486602,11.435707068704737,11.776693831090215,6900
2010-10-15,11.966129302978516,11.966129302978516,11.966129302978516,11.966129302978516,2500
2010-10-18,11.966129302978516,11.966129302978516,11.966129302978516,11.966129302978516,0
2010-10-19,11.688288688659668,11.80826605579118,11.442020433757145,11.80826605579118,1100
2010-10-20,12.281853675842285,12.281853675842285,11.315722888170354,11.385183625836005,6800
2010-10-21,11.612513542175293,11.997703350959629,11.612513542175293,11.997703350959629,1200
2010-10-22,11.612513542175293,11.612513542175293,11.612513542175293,11.612513542175293,0
2010-10-25,11.681967735290527,11.681967735290527,11.404126003270436,11.404126003270436,2400
2010-10-26,11.732491493225098,11.966131521030121,11.397818265399188,11.966131521030121,300
2010-10-27,11.637772560119629,11.745120481462655,11.63777256011963,11.745120481462655,1200
2010-10-28,11.530420303344727,11.587251605299596,11.511476134556355,11.587251605299596,600
2010-10-29,11.83983325958252,11.83983325958252,11.391498818269854,11.530419094927979,1600
2010-11-01,11.921926498413086,11.997701988279706,11.921926498413086,11.947185396505477,800
2010-11-02,11.921926498413086,11.997701988279706,11.921926498413086,11.997701988279706,1400
2010-11-03,11.997694969177246,11.997694969177246,11.991380248348499,11.991380248348499,200
2010-11-04,12.31342887878418,12.31342887878418,11.99769993317433,11.99769993317433,3100
2010-11-05,12.711249351501465,12.711249351501465,12.313431330756154,12.313431330756154,4900
2010-11-08,12.78702163696289,13.254300307809089,12.471292707655165,13.254300307809089,900
2010-11-09,13.197464942932129,13.197464942932127,12.938567396923018,12.938567396923018,3300
2010-11-10,12.944886207580566,13.178526147121332,12.925942038079329,13.178526147121332,1600
2010-11-11,13.109065055847168,13.197468769067122,12.471292485478287,12.471292485478287,1800
2010-11-12,12.938576698303223,13.247991031713799,12.768082717318585,13.00172275100984,900
2010-11-15,12.944886207580566,12.944886207580568,12.717560991206883,12.881740180320067,1400
2010-11-16,13.064863204956055,13.178525810237328,12.787021414758527,12.79965086076984,1200
2010-11-17,13.064863204956055,13.064863204956056,13.064863204956056,13.064863204956056,0
2010-11-18,12.944886207580566,12.944886207580568,12.345000755221253,12.660729687113463,900
2010-11-19,12.944886207580566,12.944886207580568,12.843853045727885,12.843853045727885,700
2010-11-22,12.749135971069336,12.944887592551044,12.749135971069336,12.944887592551044,200
2010-11-23,12.749135971069336,12.749135971069336,12.749135971069336,12.749135971069336,0
2010-11-24,12.81859302520752,12.831222470430468,12.81859302520752,12.831222470430468,200
2010-11-26,12.673358917236328,13.10275044998983,12.225024419715051,13.10275044998983,800
2010-11-29,13.260618209838867,13.576347214835032,12.85017074422597,13.039607665459439,4700
2010-11-30,12.755449295043945,12.787021706382008,12.755449295043945,12.787021706382008,1000
2010-12-01,12.938576698303223,13.07749705072916,12.319748031482069,12.319748031482069,1800
2010-12-02,12.464978218078613,13.102750811758506,12.376574501627445,12.93225689767956,2600
2010-12-03,12.78702163696289,12.799651083193666,12.660729583475685,12.660729583475685,400
2010-12-06,13.260618209838867,13.260618209838867,12.635474924475734,12.66704734321112,1800
2010-12-07,13.24167251586914,13.260616687582015,13.24167251586914,13.260616687582015,200
2010-12-08,13.260618209838867,13.260618209838867,12.982776348207285,12.982776348207285,3400
2010-12-09,13.260618209838867,13.260618209838867,13.260618209838867,13.260618209838867,0
2010-12-10,13.039609909057617,13.260620491464175,12.774397451051902,13.25430576574847,2600
2010-12-13,13.42312240600586,13.42312240600586,13.199403455405054,13.199403455405054,3600
2010-12-14,13.90252685546875,14.650386969564247,13.742727696210489,14.190165829801954,2400
2010-12-15,14.222119331359863,14.222119331359863,13.896129034093422,13.896129034093422,1500
2010-12-16,14.062320709228516,14.062320709228516,14.062320709228516,14.062320709228516,200
2010-12-17,14.030359268188477,14.030359268188477,13.429514405012661,13.474257950931145,700
2010-12-20,14.062320709228516,14.369134686647158,14.043144378450961,14.369134686647158,1600
2010-12-21,13.768293380737305,14.062323189497647,13.768293380737305,14.062323189497647,1100
2010-12-22,14.062320709228516,14.062320709228516,13.742722511291504,14.043144378450961,2200
2010-12-23,14.222119331359863,14.222119331359863,13.781073491626405,13.781073491626405,4500
2010-12-27,14.062320709228516,14.637597221681062,13.998400825807039,14.158199924775545,2200
2010-12-28,14.541715621948242,14.541715621948242,14.222117476410919,14.222117476410919,4900
2010-12-29,14.701519966125488,14.701519966125488,14.439449490349944,14.522544501549497,2600
2010-12-30,14.477800369262695,14.522543928849569,14.362744805084704,14.522543928849569,3100
2010-12-31,14.260470390319824,14.490581469087555,14.260470390319824,14.490581469087555,400
2011-01-03,14.516149520874023,14.86131615879623,14.490582299085547,14.509758629804681,4200
2011-01-04,14.292428970336914,14.541715125206004,14.292428970336914,14.292428970336914,800
2011-01-05,14.317995071411133,14.317995071411133,14.260467314128777,14.286035748107617,1000
2011-01-06,14.196548461914062,14.279644659107909,14.19654846191406,14.279644659107909,600
2011-01-07,14.541715621948242,14.541715621948242,14.222117476410919,14.222117476410919,1800
2011-01-10,14.541715621948242,14.541715621948242,14.222117476410919,14.413875876065244,1200
2011-01-11,14.541715621948242,14.541715621948242,14.541715621948242,14.541715621948242,0
2011-01-12,14.541715621948242,14.861313767485568,14.535323512737076,14.535323512737076,1500
2011-01-13,14.541715621948242,14.541715621948242,14.541715621948242,14.541715621948242,0
2011-01-14,14.829355239868164,16.459305382291024,14.54171640571343,14.701515487094895,3000
2011-01-18,14.829355239868164,15.34071181262076,14.829355239868164,15.34071181262076,200
2011-01-19,15.238441467285156,15.794541623127122,14.554501550538895,14.810179853177173,1600
2011-01-20,15.238441467285156,15.238441467285156,15.238441467285156,15.238441467285156,0
2011-01-21,15.008337020874023,15.02112124645073,14.548115872650232,14.957201337738047,3100
2011-01-24,15.340706825256348,15.340706825256348,14.925229592572958,14.944404695835829,2600
2011-01-25,15.200091361999512,15.219266474400458,15.180915030428146,15.212874363876669,1100
2011-01-26,14.957197189331055,14.995548636253478,14.957197189331056,14.969981411362035,1400
2011-01-27,15.04668140411377,15.334319006023318,14.957193093572196,15.321534787493068,1400
2011-01-28,14.643989562988281,14.925236322977975,14.643989562988281,14.925236322977975,1700
2011-01-31,15.334319114685059,15.334319114685059,15.06585661949833,15.06585661949833,1900
2011-02-01,15.340706825256348,15.340706825256348,15.340706825256348,15.340706825256348,200
2011-02-02,14.899664878845215,14.957192641321733,14.899664878845215,14.957192641321733,500
2011-02-03,14.24129867553711,14.25408167916193,14.24129867553711,14.25408167916193,200
2011-02-04,14.24129867553711,14.24129867553711,14.24129867553711,14.24129867553711,0
2011-02-07,14.266860008239746,14.381915527527179,14.06231740469324,14.381915527527179,1700
2011-02-08,14.266860008239746,14.266860008239748,14.266860008239748,14.266860008239748,0
2011-02-09,14.266860008239746,14.266860008239748,14.266860008239748,14.266860008239748,0
2011-02-10,14.190157890319824,14.20933299843289,14.190157890319824,14.20933299843289,300
2011-02-11,14.062320709228516,14.062320709228516,14.062320709228516,14.062320709228516,100
2011-02-14,14.746262550354004,14.746262550354006,14.305216639227233,14.305216639227233,1800
2011-02-15,14.695125579833984,14.695125579833986,14.682341358806696,14.682341358806696,500
2011-02-16,14.695125579833984,14.695125579833986,14.695125579833986,14.695125579833986,0
2011-02-17,14.260470390319824,14.260470390319824,14.06871197079358,14.06871197079358,600
2011-02-18,15.027506828308105,15.142562370153808,14.381918347306359,14.675948092760644,1500
2011-02-22,14.5992431640625,14.957192740262991,14.516146964748899,14.516146964748899,1400
2011-02-23,14.5992431640625,14.5992431640625,14.5992431640625,14.5992431640625,0
2011-02-24,14.5992431640625,14.5992431640625,14.5992431640625,14.5992431640625,0
2011-02-25,14.477800369262695,14.707911497618682,14.126242784648216,14.70151938636762,2100
2011-02-28,14.701519966125488,14.701519966125488,14.484193051701288,14.612032843422798,500
2011-03-01,14.714299201965332,15.001936807092841,14.714299201965332,15.001936807092841,300
2011-03-02,14.701519966125488,14.701519966125488,14.701519966125488,14.701519966125488,1200
2011-03-03,14.707910537719727,14.707910537719725,14.701518426885839,14.707910537719725,600
2011-03-04,14.707910537719727,14.707910537719725,14.707910537719725,14.707910537719725,0
2011-03-07,14.835745811462402,14.835745811462402,14.835745811462402,14.835745811462402,100
2011-03-08,14.835745811462402,14.835745811462402,14.835745811462402,14.835745811462402,0
2011-03-09,15.021116256713867,15.021116256713869,14.88049347959493,14.88049347959493,700
2011-03-10,14.861316680908203,14.861316680908203,14.861316680908203,14.861316680908203,600
2011-03-11,15.022854804992676,15.022854804992676,15.022854804992676,15.022854804992676,0
2011-03-14,15.022854804992676,15.022854804992676,15.022854804992676,15.022854804992676,0
2011-03-15,14.861318588256836,14.861318588256834,14.861318588256834,14.861318588256834,100
2011-03-16,14.854851722717285,14.854851722717285,14.854851722717285,14.854851722717285,400
2011-03-17,14.409015655517578,14.602859661542524,14.22163447202466,14.22163447202466,1000
2011-03-18,14.383172035217285,14.383172035217285,14.383172035217285,14.383172035217285,200
2011-03-21,14.77731990814209,14.77731990814209,14.77731990814209,14.77731990814209,500
2011-03-22,14.900084495544434,14.900084495544432,14.757933219141108,14.757933219141108,2000
2011-03-23,14.900084495544434,14.900084495544432,14.900084495544432,14.900084495544432,0
2011-03-24,14.861318588256836,14.861318588256834,14.861318588256834,14.861318588256834,100
2011-03-25,14.861318588256836,14.861318588256834,14.861318588256834,14.861318588256834,0
2011-03-28,14.318556785583496,14.538245933844268,14.085944456266828,14.279788474838178,2700
2011-03-29,14.79023265838623,14.854847291295895,13.704710769252998,13.704710769252998,4000
2011-03-30,14.848394393920898,14.861317574549695,14.848394393920898,14.861317574549695,600
2011-03-31,14.848394393920898,14.848394393920898,14.848394393920898,14.848394393920898,0
2011-04-01,13.911482810974121,14.570548851325844,13.85979133266375,14.570548851325844,7300
2011-04-04,13.640101432800293,13.827482568404307,13.640101432800293,13.81455939148762,1400
2011-04-05,13.892098426818848,13.892098426818848,13.672409329847481,13.711177631541814,2900
2011-04-06,13.724101066589355,13.724101066589355,13.724101066589355,13.724101066589355,100
2011-04-07,13.892098426818848,13.892098426818848,13.788715467352569,13.788715467352569,1200
2011-04-08,13.892098426818848,13.989019797265724,13.892098426818848,13.989019797265724,1600
2011-04-11,13.892098426818848,13.892098426818848,13.892098426818848,13.892098426818848,0
2011-04-12,13.892098426818848,13.892098426818848,13.892098426818848,13.892098426818848,0
2011-04-13,13.769336700439453,13.77579829227457,13.769336700439455,13.77579829227457,200
2011-04-14,13.769336700439453,13.769336700439455,13.769336700439455,13.769336700439455,0
2011-04-15,13.892098426818848,13.892098426818848,13.801638645391376,13.801638645391376,400
2011-04-18,13.665946960449219,13.87271286757464,13.665946960449219,13.859790922695817,5200
2011-04-19,13.472103118896484,13.665945832725013,13.472103118896484,13.665945832725013,800
2011-04-20,13.181344032287598,14.15056052337378,13.168420849958382,13.665952277830689,3200
2011-04-21,13.019804954528809,13.039189723562115,13.019804954528807,13.039189723562115,800
2011-04-25,13.123187065124512,13.187801725248539,13.116725475869897,13.187801725248539,3800
2011-04-26,13.142574310302734,13.245957293020323,13.142574310302734,13.245957293020323,300
2011-04-27,13.252415657043457,13.433336448963221,13.058571687324696,13.058571687324696,2000
2011-04-28,13.317028999328613,13.407488770149783,13.12964663700254,13.407488770149783,1000
2011-04-29,13.569025993347168,13.588410759866749,13.1231862227733,13.536719281569926,1200
2011-05-02,13.549640655517578,13.575487009787224,13.21364667696619,13.569025421219813,4500
2011-05-03,13.620713233947754,13.620713233947754,13.569021771733256,13.569021771733256,600
2011-05-04,13.407487869262695,13.879172688882015,13.407487869262695,13.5884086311704,4100
2011-05-05,13.620713233947754,13.620713233947754,13.20071994940225,13.207181536231772,3000
2011-05-06,13.452719688415527,13.594872176245012,13.452719688415527,13.594872176245012,1300
2011-05-09,13.349336624145508,14.195785025765716,13.245953669707408,14.195785025765716,3200
2011-05-10,13.827485084533691,14.215171835626117,13.808101548053505,14.169941940609407,1100
2011-05-11,13.795177459716797,13.795177459716797,13.569026767113808,13.569026767113808,300
2011-05-12,13.795177459716797,13.795177459716797,13.795177459716797,13.795177459716797,0
2011-05-13,13.63364028930664,14.65454788302678,13.63364028930664,14.169939824632625,2400
2011-05-16,13.769336700439453,13.85979775370845,13.278266812774289,13.653030512252622,5300
2011-05-17,13.827485084533691,14.215171835626117,13.627180735564451,13.627180735564451,900
2011-05-18,13.892098426818848,13.905021604857655,13.892098426818848,13.905021604857655,300
2011-05-19,13.898560523986816,14.02778861183336,13.898560523986816,14.02778861183336,600
2011-05-20,13.989021301269531,14.00840607041186,13.665949210097384,14.00194448069775,1000
2011-05-23,13.672409057617188,13.989019518731423,13.581949277990851,13.594872455772347,1800
2011-05-24,13.917943954467773,14.014865319145663,13.717638404055183,14.014865319145663,5200
2011-05-25,13.795177459716797,13.89209883299747,13.795177459716797,13.795177459716797,3000
2011-05-26,13.879178047180176,13.898562818146857,13.879178047180176,13.892101227824629,1200
2011-05-27,13.879178047180176,13.879178047180176,13.743488347680424,13.762871886224767,900
2011-05-31,13.685336112976074,14.014869845241273,13.633644619625988,14.014869845241273,7200
2011-06-01,13.814562797546387,13.892100645741916,13.730564591721661,13.782256079711251,400
2011-06-02,13.814562797546387,13.814562797546387,13.814562797546387,13.814562797546387,0
2011-06-03,13.814562797546387,13.814562797546387,13.814562797546387,13.814562797546387,0
2011-06-06,13.452719688415527,13.60133253258086,13.297645255492304,13.60133253258086,5400
2011-06-07,13.569025993347168,13.943789519104637,13.56902599334717,13.943789519104637,200
2011-06-08,13.569025993347168,13.56902599334717,13.56902599334717,13.56902599334717,0
2011-06-09,13.569025993347168,13.56902599334717,13.55610281566745,13.56902599334717,2900
2011-06-10,13.859789848327637,13.995479502202194,13.439795245561042,13.439795245561042,700
2011-06-13,13.787881851196289,13.89248398378835,13.729042995743782,13.89248398378835,600
2011-06-14,13.787881851196289,13.787881851196289,13.787881851196289,13.787881851196289,0
2011-06-15,13.532916069030762,14.023239096938312,13.532916069030762,14.023239096938312,400
2011-06-16,13.532916069030762,13.532916069030762,13.532916069030762,13.532916069030762,0
2011-06-17,13.729037284851074,13.729037284851074,13.532908679563878,13.670198453873862,600
2011-06-20,13.441383361816406,13.729039782599358,13.441383361816406,13.722501994972987,2900
2011-06-21,13.467536926269531,13.506762412103132,13.330245855418365,13.506762412103132,1900
2011-06-22,13.32370662689209,13.32370662689209,13.304094509572383,13.304094509572383,700
2011-06-23,13.277941703796387,13.277941703796387,13.277941703796387,13.277941703796387,300
2011-06-24,13.232177734375,13.343317618259224,13.04258690125212,13.317167717498123,8000
2011-06-27,13.251791000366211,13.251791000366213,13.107962182865291,13.107962182865291,2500
2011-06-28,13.846719741821289,13.984009563673716,13.173342469093933,13.552525485057956,2100
2011-06-29,13.519841194152832,13.51984119415283,13.2779479391084,13.2779479391084,2300
2011-06-30,13.918631553649902,13.918631553649902,13.454458618801452,13.460996406273171,400
2011-07-01,13.702888488769531,14.055921535168197,13.428308893066758,14.055921535168197,2500
2011-07-05,13.663657188415527,13.944775698849696,13.421765386615157,13.944775698849696,700
2011-07-06,13.761725425720215,13.761725425720213,13.565596813939356,13.565596813939356,700
2011-07-07,13.794415473937988,13.79441547393799,13.729038849075122,13.742114423438776,2800
2011-07-08,13.729037284851074,13.76172497008052,13.729037284851074,13.729037284851074,3400
2011-07-11,13.428311347961426,13.729042148874218,13.415235770455034,13.729042148874218,2300
2011-07-12,13.297557830810547,13.428311109642515,13.297557830810547,13.428311109642515,4500
2011-07-13,13.009904861450195,13.44792684219596,13.009904861450195,13.44792684219596,9500
2011-07-14,12.944520950317383,13.009897570663494,12.748392336234364,13.009897570663494,1400
2011-07-15,12.552267074584961,12.846460074281946,12.421513798971421,12.833384497329462,1900
2011-07-18,12.689557075500488,12.689557075500488,12.689557075500488,12.689557075500488,200
2011-07-19,12.689557075500488,12.689557075500488,12.689557075500488,12.689557075500488,0
2011-07-20,13.088348388671875,13.088348388671873,12.748390996171391,12.754928782214307,1100
2011-07-21,13.114500045776367,13.114500045776367,13.114500045776367,13.114500045776367,200
2011-07-22,12.990290641784668,13.075279409284459,12.99029064178467,13.075279409284459,4000
2011-07-25,12.892220497131348,13.049123645014372,12.683016299953978,13.049123645014372,800
2011-07-26,12.885680198669434,13.062196673242884,12.885680198669435,12.898755770183422,800
2011-07-27,13.232177734375,13.251791095162341,12.892220295793214,12.892220295793214,22200
2011-07-28,13.820560455322266,14.232432172455223,12.905291773961743,13.251786889507173,7800
2011-07-29,14.055919647216797,14.055919647216797,13.859791034642408,14.023231960772835,4300
2011-08-01,14.055919647216797,14.055919647216797,14.055919647216797,14.055919647216797,0
2011-08-02,14.382801055908203,14.382801055908203,13.85979060720274,14.05591921372847,4000
2011-08-03,15.03657054901123,15.200011533239612,14.29781784895947,14.29781784895947,3200
2011-08-04,14.833902359008789,14.873127841531192,14.186676286088918,14.382804945656536,2700
2011-08-05,15.003880500793457,15.003880500793455,14.153986767756741,14.539707529874258,3200
2011-08-08,14.86005687713623,15.036573473705692,14.448186065430146,14.925433532934845,4600
2011-08-09,14.709689140319824,14.709689140319822,13.86633303106937,13.86633303106937,600
2011-08-10,14.402410507202148,14.807743183221731,14.389334937793793,14.709678906568923,4100
2011-08-11,14.513550758361816,14.513550758361816,13.827098308722224,13.827098308722224,1200
2011-08-12,14.61162281036377,14.690073776825518,14.219364237188143,14.219364237188143,500
2011-08-15,14.683537483215332,14.683537483215332,14.683537483215332,14.683537483215332,300
2011-08-16,14.709689140319824,14.709689140319822,14.709689140319822,14.709689140319822,200
2011-08-17,14.71622371673584,14.722761504561129,14.709685928910549,14.709685928910549,1300
2011-08-18,14.814288139343262,14.873126983209103,14.644309395614778,14.644309395614778,2600
2011-08-19,14.918889045715332,15.016953361915139,14.775061465085974,14.775061465085974,1500
2011-08-22,14.95811653137207,15.0365687430397,14.775063449073608,15.0365687430397,3000
2011-08-23,15.03657054901123,15.03657054901123,14.435107677172551,14.435107677172551,4800
2011-08-24,15.03657054901123,15.03657054901123,14.585473083393282,15.03657054901123,1000
2011-08-25,15.03657054901123,15.03657054901123,14.683537424539162,15.003882850947853,5300
2011-08-26,15.03657054901123,15.03657054901123,15.010419392995928,15.010419392995928,200
2011-08-29,15.03657054901123,15.03657054901123,15.03657054901123,15.03657054901123,300
2011-08-30,15.03657054901123,15.03657054901123,15.03657054901123,15.03657054901123,0
2011-08-31,15.363454818725586,15.363454818725586,15.003885098346299,15.036572801305892,3500
2011-09-01,15.363454818725586,15.363454818725586,15.363454818725586,15.363454818725586,200
2011-09-02,15.356910705566406,15.526889434270972,15.108481023278458,15.121555350905405,1200
2011-09-06,14.493945121765137,15.147708995102391,14.408956366891772,15.101945723481684,8200
2011-09-07,13.990545272827148,14.781600130677848,13.990545272827147,14.781600130677848,3600
2011-09-08,14.055919647216797,14.186672886903263,14.055919647216797,14.186672886903263,1100
2011-09-09,14.265128135681152,14.572397967533945,14.055923886648594,14.055923886648594,2900
2011-09-12,13.990545272827148,14.252050547215827,13.75519114935509,13.964395368866034,4300
2011-09-13,14.155917167663574,14.155917167663574,14.155917167663574,14.155917167663574,0
2011-09-14,14.14268970489502,14.149304772229225,14.11623069725328,14.129460831921692,1300
2011-09-15,13.798707008361816,14.14929654126326,13.567184833126642,14.142681477777186,1300
2011-09-16,14.056693077087402,14.056693077087402,13.639954025712402,13.639954025712402,700
2011-09-19,14.14268970489502,14.149304772229225,13.911168656673244,13.911168656673244,1900
2011-09-20,14.155917167663574,14.155917167663574,14.129458165015919,14.136073231101545,1800
2011-09-21,14.195608139038086,14.222068406803885,14.155918999084399,14.155918999084399,1100
2011-09-22,14.26837158203125,14.711570941502972,14.215452312020968,14.215452312020968,1300
2011-09-23,14.572663307189941,14.605737389105037,14.572663307189941,14.599122320382948,700
2011-09-26,14.440354347229004,14.704950602406313,14.228677343087156,14.241907471269638,500
2011-09-27,14.440354347229004,14.440354347229004,14.440354347229004,14.440354347229004,0
2011-09-28,15.161391258239746,15.273844908416168,14.830645376743849,15.260614770349433,2800
2011-09-29,15.161391258239746,15.161391258239746,15.161391258239746,15.161391258239746,0
2011-09-30,15.439213752746582,15.545052305807967,15.406139678050552,15.492133029277275,4100
2011-10-03,15.71042537689209,15.869183208244642,15.558282612891116,15.650891032422997,3000
2011-10-04,15.71042537689209,15.710425376892092,15.545052478187964,15.551667545539539,1100
2011-10-05,15.432594299316406,15.545047887695182,15.432594299316406,15.439209364714536,2500
2011-10-06,14.731414794921875,15.54504897012597,14.255140146650362,14.777718994238315,2300
2011-10-07,15.465676307678223,15.67735472405082,15.207694933127264,15.207694933127264,900
2011-10-10,15.148157119750977,15.148157119750975,15.148157119750975,15.148157119750975,100
2011-10-11,15.545056343078613,15.677355199612762,15.048937523618656,15.677355199612762,900
2011-10-12,15.148157119750977,15.306914949539776,14.56604507719204,15.306914949539776,1800
2011-10-13,15.52520751953125,15.664121412701999,15.062164152917337,15.459059368368624,2800
2011-10-14,15.52520751953125,15.525207519531248,15.525207519531248,15.525207519531248,0
2011-10-17,15.346603393554688,15.597969609864665,15.214304588110544,15.518590074259194,4000
2011-10-18,15.59797191619873,15.59797191619873,14.255143510659696,15.27384118279864,1600
2011-10-19,15.392914772033691,15.39291477203369,15.353224354882649,15.379684632983343,500
2011-10-20,15.392914772033691,15.39291477203369,15.39291477203369,15.39291477203369,0
2011-10-21,15.392914772033691,15.39291477203369,15.39291477203369,15.39291477203369,0
2011-10-24,15.20769214630127,15.379680118383382,14.29483426861405,14.29483426861405,900
2011-10-25,15.445833206176758,15.44583320617676,15.154776471759059,15.333379553903699,2200
2011-10-26,15.492130279541016,15.518589282262552,15.088620079055083,15.088620079055083,3700
2011-10-27,15.71042537689209,15.710425376892092,15.148157268959041,15.545052478187964,13700
2011-10-28,15.71042537689209,15.710425376892092,15.710425376892092,15.710425376892092,0
2011-10-31,15.71042537689209,15.710425376892092,15.710425376892092,15.710425376892092,0
2011-11-01,15.267224311828613,15.611200206853518,15.207689973778344,15.54505080216489,6600
2011-11-02,15.148157119750977,15.148157119750975,15.148157119750975,15.148157119750975,400
2011-11-03,14.718184471130371,14.738029668447636,14.718184471130371,14.738029668447636,300
2011-11-04,14.8967924118042,15.009246043911864,14.327909183295404,14.8967924118042,4900
2011-11-07,13.792098045349121,14.883558769435401,13.368742626843753,14.876943703023374,23800
2011-11-08,14.222066879272461,14.55281262065089,13.897936204124985,13.897936204124985,3400
2011-11-09,14.162528991699219,14.288212695165223,13.937621843052499,14.274982566022578,1100
2011-11-10,14.354363441467285,14.354363441467285,14.235294791272539,14.235294791272539,300
2011-11-11,14.810791015625,14.810791015625,14.288213501929514,14.288213501929514,2200
2011-11-14,14.407282829284668,14.579270740904715,14.400667764026817,14.579270740904715,3000
2011-11-15,14.288216590881348,14.566043070154134,14.162532853147374,14.162532853147374,1900
2011-11-16,14.314678192138672,14.35436859759026,14.294834251108009,14.294834251108009,400
2011-11-17,14.063311576843262,14.51312606701641,14.043466374619705,14.51312606701641,2400
2011-11-18,13.891324043273926,14.51974158800485,13.891324043273926,14.069927083779996,2000
2011-11-21,14.129463195800781,14.235301767464845,13.891325778708989,14.235301767464845,3000
2011-11-22,14.235296249389648,14.235296249389648,13.997158924607819,14.228681183512952,1400
2011-11-23,14.327905654907227,14.327905654907227,13.950855705308863,13.950855705308863,4100
2011-11-25,14.327905654907227,14.327905654907227,14.327905654907227,14.327905654907227,0
2011-11-28,14.288216590881348,14.546197871029326,14.043464181788337,14.546197871029326,2300
2011-11-29,14.625577926635742,14.718186335792728,14.499894184426298,14.51312431764728,2700
2011-11-30,15.048930168151855,15.048930168151857,14.685110383050276,14.685110383050276,8500
2011-12-01,14.929862976074219,15.015857577755531,14.685111827247214,15.015857577755531,6100
2011-12-02,14.804183959960938,15.214309376562026,14.698345386972653,15.02909124298487,1700
2011-12-05,15.048930168151855,15.214303027142536,14.883557309161176,14.883557309161176,4200
2011-12-06,15.21430778503418,15.21430778503418,15.01586079686398,15.048934874327285,2500
2011-12-07,15.412753105163574,15.531821789857592,15.21430613847024,15.21430613847024,3900
2011-12-08,15.287068367004395,15.432596037065887,15.055546098778718,15.214303901126218,8900
2011-12-09,15.273833274841309,15.273833274841309,15.260603146851526,15.260603146851526,2300
2011-12-12,15.472285270690918,15.472285270690918,15.339987732073523,15.339987732073523,3600
2011-12-13,15.331809997558594,15.753233531561335,15.084306396023662,15.084306396023662,2400
2011-12-14,15.57262134552002,15.61944603236055,15.29167194859981,15.33849663544034,9300
2011-12-15,16.268308639526367,16.388715734779403,15.726477986765026,15.726477986765026,12300
2011-12-16,16.74993896484375,17.05764488765077,16.388717637154663,16.72318126240272,2700
2011-12-19,16.80345344543457,16.93054870705632,16.3887179800632,16.763316890933226,3700
2011-12-20,16.656286239624023,17.492445200206326,16.462298024225134,17.010818098226757,4100
2011-12-21,17.331899642944336,17.505820827840544,16.589390214325338,16.74993382798114,2800
2011-12-22,17.29845428466797,17.559335431367607,16.43553775961974,16.43553775961974,5000
2011-12-23,17.39879608154297,17.586096151007315,17.184739588370768,17.39210665664667,2700
2011-12-27,17.726577758789062,18.729968952682782,17.459007028926315,17.713198903326454,6300
2011-12-28,18.121238708496094,18.355363493470364,17.726571541907948,17.726571541907948,4200
2011-12-29,18.02090072631836,18.248336096595118,17.853668911460595,18.11455013435791,3100
2011-12-30,17.79346466064453,17.89380349046229,17.43224334224767,17.67974697995042,6400
2012-01-03,17.98076629638672,17.98076629638672,17.66637090662703,17.80015688466985,6000
2012-01-04,18.121238708496094,18.121238708496094,17.994142177931074,18.047656305135696,700
2012-01-05,17.860363006591797,17.860363006591797,17.65968401077026,17.65968401077026,5300
2012-01-06,18.64301109313965,18.64301109313965,17.820229249627474,17.820229249627474,4300
2012-01-09,19.63970375061035,19.726663728546587,19.1647647570092,19.53267549659156,5900
2012-01-10,19.265104293823242,20.589581218777102,19.265104293823242,19.75342215609593,10500
2012-01-11,19.60625648498535,19.61294591029884,19.198211747881864,19.198211747881864,1500
2012-01-12,20.061126708984375,20.06781613413437,19.358753654640626,19.405578354813223,2200
2012-01-13,19.465787887573242,19.7333585964169,19.465787887573242,19.7333585964169,600
2012-01-17,19.030982971191406,19.39220306446101,19.030982971191406,19.265106515033917,5400
2012-01-18,19.3587589263916,19.365448353363252,19.345380072448293,19.365448353363252,1000
2012-01-19,19.265104293823242,19.39889025420322,19.265104293823242,19.318618422799737,600
2012-01-20,19.525985717773438,19.98085642705801,18.796854953045646,18.796854953045646,1000
2012-01-23,19.579498291015625,20.067814811894504,18.41556518503102,19.13800646722413,2000
2012-01-24,19.398887634277344,19.44571233132316,19.398887634277344,19.44571233132316,700
2012-01-25,18.930641174316406,19.586190866632574,18.321917462498007,19.398890772274026,5100
2012-01-26,19.525985717773438,21.0912754993104,18.796854953045646,19.37882091425348,2400
2012-01-27,20.536067962646484,21.00431629212345,19.733354718003792,21.00431629212345,2700
2012-01-30,19.93402862548828,20.000921595884677,19.198209778759807,20.000921595884677,1000
2012-01-31,19.071115493774414,20.000923935845442,18.930640111919672,19.73335329883336,1600
2012-02-01,19.452404022216797,19.78686764108289,19.452404022216797,19.78686764108289,600
2012-02-02,18.602867126464844,19.425648642876236,18.602867126464844,19.425648642876236,12800
2012-02-03,18.596176147460938,19.05104685977802,18.228266687963107,19.05104685977802,10000
2012-02-06,18.52928352355957,18.836989416050933,18.428943425168836,18.836989416050933,5800
2012-02-07,18.636322021484375,18.736660899186745,18.335304112499216,18.636322021484375,1100
2012-02-08,18.72996711730957,19.218283810943053,18.395503418786188,18.636317690003906,4000
2012-02-09,18.857057571411133,18.930638693653425,18.56272925480993,18.56272925480993,2800
2012-02-10,18.937328338623047,18.937328338623047,18.79016481655101,18.79016481655101,600
2012-02-13,18.897188186645508,18.990837560528764,18.756714125820622,18.990837560528764,1500
2012-02-14,18.72996711730957,18.743345971461167,18.72996711730957,18.743345971461167,400
2012-02-15,18.990842819213867,18.990842819213867,18.990842819213867,18.990842819213867,500
2012-02-16,19.024293899536133,19.024293899536133,18.990846767022397,18.990846767022397,700
2012-02-17,19.72665786743164,19.93402488849622,18.990837882768588,19.19820617971022,5400
2012-02-21,20.763504028320312,20.837085163808258,19.927344902357884,19.934033052593318,12000
2012-02-22,20.730052947998047,20.730052947998047,19.398888026201888,20.716674098321143,3500
2012-02-23,20.8504581451416,21.09127231389322,20.000920406158684,20.78356517872424,6000
2012-02-24,20.83708381652832,20.83708381652832,20.623027298262773,20.629716723943258,1900
2012-02-27,20.97087287902832,20.997629309828838,20.890601034871413,20.890601034871413,2700
2012-02-28,20.937414169311523,20.937414169311523,19.806928480638494,19.806928480638494,4200
2012-02-29,20.38221549987793,21.07790054280664,20.38221549987793,21.011007553928472,2200
2012-03-01,20.462478637695312,20.462478637695312,20.462478637695312,20.462478637695312,300
2012-03-02,20.770193099975586,20.770193099975586,20.435729434752936,20.70330138763316,1500
2012-03-05,20.141399383544922,20.736744212327743,19.753421639639694,20.408970021431724,14100
2012-03-06,20.047746658325195,20.0678149325736,19.713283076115633,19.713283076115633,1000
2012-03-07,19.766799926757812,19.93403174094655,19.760111776962454,19.833692907608807,4100
2012-03-08,19.82699966430664,19.934027902709268,19.6664573067027,19.880513783507954,3600
2012-03-09,20.23504638671875,20.241735811356826,19.619633354666096,19.813622841538383,2400
2012-03-12,20.03436851501465,20.23504614828307,19.900582575584178,20.23504614828307,1600
2012-03-13,20.176074981689453,20.2435537516049,20.047865447555154,20.074857470341524,1400
2012-03-14,19.97364044189453,20.243554241031514,19.831934892941042,19.831934892941042,6900
2012-03-15,20.243553161621094,20.243553161621094,19.838681840978584,19.9398993493766,6200
2012-03-16,19.838682174682617,19.973639712850375,19.838682174682617,19.892664932539628,2000
2012-03-19,20.108596801757812,20.108596801757812,19.784700241121165,19.8859177554388,12900
2012-03-20,20.074859619140625,20.277294663504986,19.973642096958443,20.20981717341728,13500
2012-03-21,20.243553161621094,20.243553161621094,19.973639376876235,20.000630111825497,800
2012-03-22,20.29753875732422,20.29753875732422,19.83868461555874,20.108598438052955,3800
2012-03-23,19.838682174682617,19.926404960606803,19.77120340559874,19.81169143927935,1800
2012-03-26,20.34477996826172,20.574207111913314,20.027631287120297,20.027631287120297,10000
2012-03-27,20.540456771850586,20.547204776628906,20.04786271943552,20.533708767072262,2800
2012-03-28,20.135581970214844,20.29078219180096,20.11533795942314,20.257043460864878,2300
2012-03-29,20.176074981689453,20.47972880278372,20.176074981689453,20.20981501017242,5300
2012-03-30,20.081607818603516,20.580948714946302,20.081607818603516,20.36501765566841,3200
2012-04-02,20.095102310180664,20.580947156772844,20.034371543475324,20.11534504104875,8500
2012-04-03,20.1895694732666,20.418996501478183,20.1895694732666,20.412248496289564,8100
2012-04-04,20.28403663635254,20.28403663635254,20.26379391016776,20.270541914579432,1300
2012-04-05,20.243553161621094,20.270545183620804,20.02087412832528,20.02087412832528,1100
2012-04-09,19.906158447265625,20.10859344207871,19.906158447265625,20.10859344207871,6200
2012-04-10,19.393325805664062,19.939901437902606,19.393325805664062,19.926406712539748,5400
2012-04-11,19.3663272857666,19.3663272857666,19.244865796954606,19.244865796954606,500
2012-04-12,19.56876564025879,19.636244399876635,19.265111865503624,19.56876564025879,2900
2012-04-13,19.40007781982422,19.40007781982422,19.40007781982422,19.40007781982422,200
2012-04-16,19.616004943847656,19.616004943847656,19.447308649129944,19.447308649129944,400
2012-04-17,19.231380462646484,19.332597997144994,19.09642289194795,19.332597997144994,1000
2012-04-18,19.062671661376953,19.656481752137342,19.062671661376953,19.089663672663757,2000
2012-04-19,20.203067779541016,20.243554528223314,19.062680514076952,19.062680514076952,2200
2012-04-20,19.98713493347168,20.176073934972358,19.7442118891989,20.0073776624608,2200
2012-04-23,19.906158447265625,20.243550963320974,19.150398644999505,19.9803852126539,4500
2012-04-24,20.27729034423828,20.27729034423828,19.737462816221594,19.737462816221594,2600
2012-04-25,20.499969482421875,20.837362011202718,20.223307711785612,20.223307711785612,6400
2012-04-26,20.83736801147461,20.83736801147461,20.580950182065944,20.83736801147461,2800
2012-04-27,20.83736801147461,20.91834280800145,20.790133249771756,20.83736801147461,3000
2012-04-30,21.087034225463867,21.087034225463867,20.715902937915875,21.012807453134098,5400
2012-05-01,21.221994400024414,21.35020265739215,21.08703684936822,21.08703684936822,5100
2012-05-02,21.36368751525879,21.36368751525879,21.336696791450553,21.35693951254425,900
2012-05-03,21.593124389648438,21.593124389648438,20.33802362264396,21.58637638383061,1300
2012-05-04,21.572874069213867,21.57962207306012,21.39068311356562,21.39068311356562,400
2012-05-07,22.267906188964844,22.267906188964844,20.86435336550604,21.397432874702975,2400
2012-05-08,21.053293228149414,23.19236051505722,20.547204461002075,22.26790575448291,4700
2012-05-09,20.634929656982422,20.74964318297193,20.344771839064812,20.74964318297193,1300
2012-05-10,20.587690353393555,20.587690353393555,20.587690353393555,20.587690353393555,500
2012-05-11,20.25029945373535,20.472978468190206,19.912906929588576,20.472978468190206,3400
2012-05-14,21.52564239501953,21.559382419056035,20.04111608777182,20.25029908859689,12500
2012-05-15,21.883281707763672,22.470344043031343,21.559385158164233,21.559385158164233,5100
2012-05-16,22.78749656677246,22.942696854247277,21.748326738531077,21.802310790227324,3900
2012-05-17,22.908960342407227,23.921138243478815,22.1059642267988,22.895464328167424,21700
2012-05-18,22.605302810668945,22.868468610638466,22.09921394177337,22.53107603137475,5000
2012-05-21,23.199111938476562,23.286832146156687,22.740257874838917,22.740257874838917,4400
2012-05-22,23.900880813598633,23.914376820993855,23.280079918019545,23.536498910328397,1400
2012-05-23,23.05740737915039,23.86040335644091,22.807737593974018,23.86040335644091,5400
2012-05-24,23.39479637145996,23.549999197661243,23.04391041181552,23.212606673764096,1400
2012-05-25,23.39479637145996,23.39479637145996,22.942691625006105,22.942691625006105,1300
2012-05-29,23.44878578186035,23.617482082449275,23.118139900101507,23.313828226568962,3400
2012-05-30,23.469030380249023,23.954876588287323,23.16537907432656,23.4960224082737,5200
2012-05-31,25.03452491760254,26.127678577815814,23.39479700138337,23.39479700138337,8200
2012-06-01,23.941377639770508,24.69713631311751,23.02366939222714,23.96162037125712,4000
2012-06-04,24.629655838012695,24.63640255632285,23.78617447369719,23.78617447369719,3200
2012-06-05,24.859086990356445,24.859086990356445,24.33950207496885,24.33950207496885,7100
2012-06-06,25.04802703857422,25.29769942724373,24.636407636061026,24.636407636061026,14200
2012-06-07,24.987287521362305,25.304437292473455,24.85233258174949,25.04801827382826,12900
2012-06-08,25.135740280151367,25.236959055886096,24.818590518676256,25.088505537901934,11600
2012-06-11,25.0615177154541,25.169483226393396,24.96704821514482,25.135744486868774,6900
2012-06-12,24.926563262939453,25.1694863360913,24.75112025127487,25.1694863360913,3900
2012-06-13,25.31391143798828,25.31391143798828,24.98771906476827,25.062471969696166,3100
2012-06-14,25.327510833740234,25.415855438533512,24.38291131219986,25.30032747959656,14100
2012-06-15,25.19159507751465,25.347895465530033,24.64114385614528,25.347895465530033,18700
2012-06-18,25.021699905395508,25.25954772884444,25.021699905395504,25.089655685710387,20500
2012-06-19,24.892581939697266,25.211977205853287,24.76346233272121,25.15761310213712,8800
2012-06-20,25.674089431762695,25.674089431762695,24.804242841131686,25.144026989640338,16700
2012-06-21,25.619720458984375,25.61972045898438,24.940152290800956,25.551762086757936,19200
2012-06-22,25.626516342163086,26.346859571408682,24.912970246669534,25.45662429121953,430600
2012-06-25,26.04105567932129,26.503162306410584,25.19159534898762,25.19159534898762,16000
2012-06-26,26.781784057617188,27.135159851162214,25.993485008123532,25.993485008123532,14900
2012-06-27,26.822559356689453,27.01283763500761,26.530344805073927,26.747806435251,6800
2012-06-28,27.964221954345703,28.507875791500467,26.346849520507558,26.564311055369462,34800
2012-06-29,27.29146385192871,28.188493834317356,26.50316469794028,28.188493834317356,58400
2012-07-02,29.418516159057617,29.418516159057617,27.413788894599683,27.413788894599683,14200
2012-07-03,28.643802642822266,29.506852035091118,27.291460690903453,29.024359201971457,10100
2012-07-05,27.624446868896484,28.800099480060545,26.63907251386282,28.643799113618172,6300
2012-07-06,27.454557418823242,27.474943636090416,26.530344214954575,27.474943636090416,8900
2012-07-09,27.56328582763672,27.85550034726777,27.2099100691911,27.24388795912212,3600
2012-07-10,27.461353302001953,27.63124536712009,26.557528863593994,27.277869560592702,7000
2012-07-11,27.29146385192871,27.678817590126197,27.182733023528492,27.51572264369959,2600
2012-07-12,27.434171676635742,27.794344640158254,26.734217153831985,27.155548775994188,4800
2012-07-13,27.705989837646484,27.76035393387765,26.88371311550882,27.264269566166174,4800
2012-07-16,27.624446868896484,27.862294689059485,26.99924281078017,27.65842475858451,7200
2012-07-17,27.29146385192871,27.658431369909728,27.087593872721733,27.658431369909728,4200
2012-07-18,27.549694061279297,27.855500254331844,26.673050505310936,27.216704519433897,6800
2012-07-19,27.549694061279297,27.862294795356647,27.386596560869,27.386596560869,6200
2012-07-20,26.849740982055664,27.848707160135042,26.849740982055664,27.33903096190633,5600
2012-07-23,26.70703125,27.237096238735116,26.67305335655025,26.67305335655025,3500
2012-07-24,26.611892700195312,27.508922587320658,26.598301024045274,26.72742065129707,1700
2012-07-25,26.58469581604004,27.33901660815447,26.346848085348928,26.938071439028143,3000
2012-07-26,26.93808937072754,27.420582284076414,26.842950215120442,26.842950215120442,2400
2012-07-27,27.665224075317383,27.84870782212295,27.01283914824021,27.42057907957663,7500
2012-07-30,27.209909439086914,27.841908028086518,26.788575318189327,27.57007973023948,2000
2012-07-31,27.814716339111328,27.862285888117995,26.693428187163303,27.474932364865985,11200
2012-08-01,26.774995803833008,27.658434198991948,26.774995803833008,27.651637063326252,7500
2012-08-02,26.673057556152344,27.16914213719781,26.503165469807424,26.503165469807424,4100
2012-08-03,27.08078956604004,27.18272582482182,26.876919640823225,27.169134150827798,8300
2012-08-06,27.35261344909668,27.665214123494668,26.883712437499703,27.046807314426335,6400
2012-08-07,27.576879501342773,27.69240485395294,26.170170906624435,27.230298258818234,5500
2012-08-08,27.16234016418457,27.746769196117548,26.700233608346714,27.746769196117548,5300
2012-08-09,26.978864669799805,27.067209283306322,26.978864669799805,27.067209283306322,300
2012-08-10,27.23030662536621,27.23030662536621,26.965275353973304,26.965275353973304,3600
2012-08-13,28.54186248779297,28.54186248779297,27.060403703657876,27.060403703657876,10100
2012-08-14,27.271074295043945,28.541866182552795,27.182729697669327,28.541866182552795,2800
2012-08-15,27.52251434326172,27.52251434326172,27.162343997456546,27.305052708924954,3500
2012-08-16,27.82831382751465,27.82831382751465,27.48173264960735,27.48173264960735,1400
2012-08-17,27.699203491210938,27.86230102810588,27.44096939695277,27.706000626103073,8900
2012-08-20,27.82831382751465,27.848700040681006,26.96526204140284,27.70599136382343,5100
2012-08-21,27.196311950683594,27.705987955923515,26.76818338042512,27.705987955923515,3700
2012-08-22,27.155542373657227,27.311842735474485,27.12835902577247,27.12835902577247,1100
2012-08-23,26.741012573242188,27.549700539742652,26.741012573242188,27.243894274778082,6000
2012-08-24,27.019630432128906,27.08079167368869,26.720621358029362,26.87692173260505,2300
2012-08-27,26.774995803833008,27.074004964431325,26.774995803833008,26.870134964371214,1400
2012-08-28,27.148746490478516,27.182724377481048,26.774984548757473,27.182724377481048,4000
2012-08-29,27.18273162841797,27.34582915882129,26.849742025337036,27.31864580502952,4400
2012-08-30,26.876914978027344,27.58366634902374,26.876914978027344,27.141946094064416,2300
2012-08-31,26.58469581604004,26.978846446723406,26.57790127759708,26.978846446723406,7500
2012-09-04,26.7885799407959,26.965269142589793,26.516754188389694,26.55073208339707,4000
2012-09-05,27.114778518676758,27.182734317531562,26.84295013856242,26.84295013856242,5400
2012-09-06,27.488540649414062,27.515724005946765,26.99925060121562,26.99925060121562,5400
2012-09-07,27.135160446166992,27.366213754999492,27.019632495577167,27.366213754999492,8200
2012-09-10,27.121566772460938,27.515717572993182,26.55752651418698,27.16234179772712,8100
2012-09-11,27.114778518676758,27.182734317531562,27.006047685100533,27.141959282810145,3200
2012-09-12,27.3542423248291,27.367926601330833,27.012143242312465,27.012143242312465,2000
2012-09-13,27.525287628173828,27.57318128355153,27.16266349174023,27.35423811325104,18400
2012-09-14,27.196876525878906,27.367926063777514,27.121614311602105,27.367926063777514,8000
2012-09-17,27.210556030273438,27.367921264342403,27.005297142792543,27.005297142792543,1900
2012-09-18,27.01898193359375,27.094241526103648,26.731617397615516,27.039507039732047,3600
2012-09-19,27.032657623291016,27.039501063830276,26.854767319387687,26.971079708476818,4700
2012-09-20,26.88898277282715,27.244766071099686,26.86161422449655,26.86161422449655,4600
2012-09-21,27.299503326416016,27.299503326416016,26.998454513046667,27.19687257458402,13400
2012-09-24,27.265302658081055,27.367933452531858,26.786365910669364,26.786365910669364,5900
2012-09-25,27.19003677368164,27.70318540777722,27.12161538979688,27.258455547557485,13700
2012-09-26,27.237932205200195,27.361088094176946,26.977936149581605,27.16951081687473,7700
2012-09-27,27.313180923461914,27.326865195669026,27.094237788164232,27.27213071684863,4900
2012-09-28,26.923192977905273,27.1900324172894,26.8547742149915,27.1900324172894,4200
2012-10-01,27.11478614807129,27.36793885164621,26.16375069057819,27.121626984379784,6100
2012-10-02,26.83424949645996,27.361082330547475,26.52635983887524,27.190032810779137,5400
2012-10-03,26.930030822753906,27.02581811492706,26.68371915144697,26.88213717666733,2300
2012-10-04,26.68372917175293,26.984775433061795,26.67688833831795,26.984775433061795,1900
2012-10-05,27.25160789489746,27.32686748332482,26.492147688877264,26.820562419316865,4200
2012-10-08,27.03951072692871,27.347400411030094,27.03951072692871,27.24476964632671,1000
2012-10-09,27.19003677368164,27.36108631838017,26.375839270510948,27.16266822012774,1600
2012-10-10,26.936880111694336,27.16266675129113,26.772674019268283,27.16266675129113,1900
2012-10-11,27.101085662841797,27.16266359284354,26.827405393943273,26.895826766172142,4700
2012-10-12,26.649520874023438,27.162669532919875,26.218475269747895,27.142141811757863,12900
2012-10-15,27.306350708007812,27.367928651874895,25.34270255803833,26.601627380424937,6800
2012-10-16,26.882144927978516,27.231084822939508,26.457940211740492,27.231084822939508,15400
2012-10-17,27.231081008911133,27.231081008911133,26.683723108180885,26.902666268472984,8900
2012-10-18,26.86161994934082,27.114775160339583,26.03374076096276,27.114775160339583,7900
2012-10-19,26.17741584777832,27.128453315268825,25.917422471925576,26.752142305466503,14300
2012-10-22,26.08163070678711,27.190033502281214,25.58900985213167,27.190033502281214,3500
2012-10-23,26.17741584777832,26.943719531368156,25.25374953828336,26.033734885858376,12800
2012-10-24,26.423730850219727,26.738463971249192,26.170578274834227,26.273209037562555,27400
2012-10-25,26.847936630249023,26.86161829647992,26.492153278042885,26.492153278042885,3400
2012-10-26,26.33478546142578,26.841090583131876,26.273207529325465,26.615306572103094,20100
2012-10-31,26.854766845703125,26.854766845703125,26.27319969049993,26.27319969049993,3200
2012-11-01,27.224241256713867,27.285819186113653,26.649514785652006,26.779511476603357,6700
2012-11-02,26.375839233398438,27.333717726365958,26.28005190610347,27.1558247385248,13000
2012-11-05,27.0942440032959,27.0942440032959,26.410045896040863,26.58109542285462,5000
2012-11-06,26.68372917175293,27.16266842247849,26.4511016848296,27.16266842247849,9300
2012-11-07,25.417964935302734,26.43741882223158,25.417964935302734,26.43741882223158,13400
2012-11-08,24.911653518676758,25.99268780428681,24.911653518676758,25.452170661481784,29900
2012-11-09,24.49429702758789,25.075867110832284,24.38482541109624,24.850080433688067,17600
2012-11-12,24.48745346069336,25.226386137046543,24.487453460693356,24.50797857086711,66800
2012-11-13,24.22061538696289,25.24006916182716,24.22061538696289,24.412190032438854,9400
2012-11-14,22.96169090270996,24.631133452677126,22.96169090270996,24.343771481866792,2900
2012-11-15,22.88642692565918,23.461153433021323,22.76327105908096,22.76327105908096,5400
2012-11-16,23.078001022338867,23.63904324149972,22.619589559613424,22.906951501618884,38200
2012-11-19,23.08484649658203,23.87167279514122,22.920637793834278,23.1601060999156,16800
2012-11-20,23.27642059326172,23.556941720925593,22.906952978287233,23.125896170122026,25200
2012-11-21,23.919570922851562,23.946939480088176,23.036954527040372,23.24221609630569,12100
2012-11-23,23.80325698852539,23.93325371229674,23.48852642991531,23.93325371229674,5100
2012-11-26,23.474838256835938,23.700622277500468,23.33115466913086,23.467994814083532,5600
2012-11-27,23.180627822875977,23.919560269079067,23.06431281143172,23.372202418186387,19000
2012-11-28,23.940092086791992,23.940092086791992,23.262734835815937,23.296944217984546,55700
2012-11-29,23.851152420043945,23.953780595873315,23.67325940592482,23.953780595873315,3600
2012-11-30,23.290103912353516,23.88535552757865,23.05747645433321,23.88535552757865,10800
2012-12-03,23.317476272583008,23.372210772232247,23.091689610256164,23.351685661114914,3000
2012-12-04,23.112213134765625,23.16695024066631,22.989057256497944,23.125897411240796,7600
2012-12-05,23.810094833374023,23.810094833374023,23.105371581909104,23.105371581909104,10800
2012-12-06,23.94693374633789,23.94693374633789,23.351682124017056,23.796409327586716,2100
2012-12-07,23.52957534790039,24.213773538231937,23.365369243825842,24.172723317217784,25700
2012-12-10,24.206920623779297,24.227445724042905,23.53640704508882,23.53640704508882,3900
2012-12-11,24.289031982421875,24.289031982421875,23.60483389840999,24.241138325341726,14400
2012-12-12,23.78545570373535,24.55117121125139,23.78545570373535,24.516680066990574,5800
2012-12-13,23.564706802368164,24.061387649528697,23.564706802368164,24.061387649528697,900
2012-12-14,24.427003860473633,24.447698023163603,23.330168502304137,23.64749127724476,18200
2012-12-17,24.34421157836914,24.454584772952803,23.633681671201305,23.96480388645683,4300
2012-12-18,24.447702407836914,24.46149939594002,23.92343001745097,24.233855671004807,19900
2012-12-19,24.447702407836914,24.48909337214623,23.937227005554075,23.937227005554075,1500
2012-12-20,25.427263259887695,25.427263259887695,24.171766498983835,24.254545782256077,2400
2012-12-21,26.627567291259766,26.627567291259766,24.916780832616134,25.48934379846948,32400
2012-12-24,26.179176330566406,26.903500826517725,25.806665687561015,26.489601866404232,18200
2012-12-26,26.758636474609375,26.758636474609375,25.83425967355941,25.88254779789366,5800
2012-12-27,25.6824951171875,27.138043896100044,25.323781462026155,26.993179525219126,10000
2012-12-28,26.06879997253418,26.344731702347428,25.544525212330345,25.758374473927315,13800
2012-12-31,26.86210823059082,26.86210823059082,25.01335474331489,26.103292639748492,24400
2013-01-02,27.062164306640625,27.455369139066395,26.737941762480368,26.903502938425458,11500
2013-01-03,27.00698471069336,27.572648014850632,25.385874278749718,25.385874278749718,9100
2013-01-04,26.21367073059082,27.35189695965298,26.006721224808356,26.972486462295098,49700
2013-01-07,26.958694458007812,26.95869445800781,25.896350235859817,26.213673014473592,4800
2013-01-08,26.903505325317383,26.903505325317383,26.158483914724247,26.903505325317383,50200
2013-01-09,27.048357009887695,27.082848140869928,26.282641797160956,26.793119482813655,5300
2013-01-10,28.145206451416016,28.2900708557693,26.634472024218937,26.889709684008913,12700
2013-01-11,28.41423225402832,28.90401588963558,27.972739369682476,28.014130314404337,50200
2013-01-14,28.234874725341797,28.331450957906547,28.131398686733867,28.331450957906547,3000
2013-01-15,27.84857177734375,28.324558475992575,26.896603643056924,28.062421064526948,7800
2013-01-16,27.77958869934082,28.055520454269857,27.593333383223424,27.89685910309696,3400
2013-01-17,28.01413917541504,28.014139175415036,27.158744467800517,27.158744467800517,2500
2013-01-18,28.455636978149414,28.455636978149414,28.124517154548084,28.21419626245254,3700
2013-01-22,28.786741256713867,28.82813219912756,27.800279496980263,28.517706709787433,7300
2013-01-23,28.152099609375,28.93850919751615,28.04172638001318,28.80743917848905,4900
2013-01-24,28.662572860717773,28.662572860717773,28.24177413002396,28.24177413002396,2100
2013-01-25,28.53839874267578,28.93850326173497,27.772683469755826,28.76604496176218,4200
2013-01-28,28.28314781188965,28.345232875761255,27.462247639812674,28.345232875761255,12700
2013-01-29,28.048633575439453,28.25558312548374,27.738207934619872,28.172803831767286,7200
2013-01-30,27.683012008666992,27.97274074141226,27.683012008666996,27.9451467769112,5500
2013-01-31,28.03482437133789,28.12450343549716,27.662313764681073,27.662313764681073,8300
2013-02-01,27.869274139404297,28.2762760050906,27.35879619727848,27.958950598712207,8600
2013-02-04,27.31050682067871,27.841678901321046,27.31050682067871,27.841678901321046,2000
2013-02-05,27.158737182617188,27.476062511058586,27.07595792070022,27.33119551332228,17300
2013-02-06,27.765789031982422,27.78648318793706,27.393278435768522,27.78648318793706,2200
2013-02-07,27.39328384399414,27.73820054602833,27.3794868601321,27.689912418263994,1300
2013-02-08,27.827884674072266,28.034834206537624,27.489865086890855,27.489865086890855,3100
2013-02-11,27.33810806274414,27.958956763762764,27.220834974819827,27.220834974819827,11600
2013-02-12,28.145206451416016,28.145206451416016,27.538152230761224,27.538152230761224,2200
2013-02-13,28.048633575439453,28.200397806841536,27.99344825679725,28.200397806841536,800
2013-02-14,27.593332290649414,27.896857998504675,27.586435115439055,27.896857998504675,1500
2013-02-15,27.65542221069336,27.965847779335352,26.710351151943904,27.70371034009259,21000
2013-02-19,28.103816986083984,28.103816986083988,27.117354904322557,27.117354904322557,4300
2013-02-20,27.462268829345703,28.02793201152164,27.386386733674804,27.93825293195552,5500
2013-02-21,27.317401885986328,28.076220213183824,27.131149181675436,27.455369093795472,3400
2013-02-22,28.06243133544922,28.06243133544922,27.379494906847,27.379494906847,1700
2013-02-25,26.786231994628906,28.06931989903937,26.43441548948777,28.00723478822067,3100
2013-02-26,27.634729385375977,27.634729385375977,26.972487263102238,26.972487263102238,1500
2013-02-27,27.476058959960938,27.717499539141368,27.248412729729427,27.248412729729427,7600
2013-02-28,27.558849334716797,27.634731442088814,26.662066295287328,27.365694161904564,25500
2013-03-01,26.95179557800293,27.29671234007771,26.841422319399243,27.29671234007771,2200
2013-03-04,27.055265426635742,27.18633281868861,26.710348744017764,26.889704261116712,1200
2013-03-05,27.2898006439209,27.593326285722167,27.179427444038197,27.35878290703334,5000
2013-03-06,27.2898006439209,27.441562149069203,27.020763502171196,27.441562149069203,2300
2013-03-07,27.33119010925293,27.58643028291283,27.15183463864508,27.531242364876707,1700
2013-03-08,27.469167709350586,27.74510214135893,27.09665701559105,27.67611721760396,6800
2013-03-11,27.5036563873291,27.662317750468798,27.276012738130596,27.593335464409986,3300
2013-03-12,27.662315368652344,27.662315368652344,27.35878965202039,27.634724035507844,3700
2013-03-13,28.482250213623047,28.489197632114482,27.59977962742536,27.59977962742536,3600
2013-03-14,28.419715881347656,28.419715881347656,28.002799159093094,28.002799159093094,1900
2013-03-15,28.8018856048584,29.142364788432584,28.100077029395546,28.322431539269463,23800
2013-03-18,28.530893325805664,28.836630136869218,28.357178686426934,28.62817309974975,1600
2013-03-19,28.711557388305664,28.940862000613283,28.55174022700424,28.55174022700424,5300
2013-03-20,29.003395080566406,29.18405712504356,28.746295525978955,28.926960221130937,4500
2013-03-21,28.843578338623047,29.01034556324775,28.56563649848203,28.906115716522923,16200
2013-03-22,28.781038284301758,28.878320702513445,28.273791888806286,28.836628237565577,12500
2013-03-25,28.704607009887695,28.704607009887695,28.48225249093694,28.690709521118904,4100
2013-03-26,29.177114486694336,29.177114486694336,28.61427805282462,28.947809870818624,2200
2013-03-27,29.093717575073242,29.18404990028671,28.836620734807106,28.87136312122023,3600
2013-03-28,28.454456329345703,29.18405722995973,28.329381586306177,29.0033951848331,19800
2013-04-01,28.58646583557129,28.989484862649483,27.80127532980859,28.558670871495483,11000
2013-04-02,28.12786865234375,28.628167565250948,28.12786865234375,28.628167565250948,5100
2013-04-03,28.141773223876953,28.516997503024026,28.11397824379009,28.11397824379009,2500
2013-04-04,28.48918342590332,28.725435296925554,27.974987241676082,28.079217021796314,9800
2013-04-05,28.239044189453125,28.683753129338314,27.863820027422108,28.079227079849034,27500
2013-04-08,28.6351261138916,28.89917315952702,28.155674569771854,28.239056870776256,16400
2013-04-09,28.107023239135742,28.4822474170247,27.905513663898212,28.35022262257795,5900
2013-04-10,28.245994567871094,28.516988915422836,28.00279254136165,28.287684374771736,9600
2013-04-11,28.655969619750977,28.87137408773619,28.148720512883745,28.197363053147537,26300
2013-04-12,28.850534439086914,28.85053443908691,28.565642469256222,28.565642469256222,1000
2013-04-15,27.50945472717285,28.322438095079516,27.50945472717285,28.322438095079516,3500
2013-04-16,28.59342384338379,29.149310025921846,27.80823311954444,27.80823311954444,16300
2013-04-17,28.107023239135742,28.35022262257795,27.210655253292504,28.24599545139178,22600
2013-04-18,27.801280975341797,28.197352667167113,27.307932190844692,28.05143040147391,10800
2013-04-19,27.759601593017578,27.905521262818116,27.502504653272553,27.836036463106012,9800
2013-04-22,27.676212310791016,28.141766182724663,27.398267880815283,27.50944512267067,21100
2013-04-23,27.981950759887695,28.058385615299315,27.641468945056307,27.724853869509726,1700
2013-04-24,27.704011917114258,27.968058929946295,27.544194755595594,27.84993423908802,1500
2013-04-25,27.620624542236328,28.294638115130716,26.97440594466588,27.58588214841878,20300
2013-04-26,26.647817611694336,27.516390580141667,26.647817611694336,27.516390580141667,26300
2013-04-29,27.50945472717285,27.54419713038096,26.79375114851908,26.79375114851908,19500
2013-04-30,27.933313369750977,28.162615305755068,27.5789340359152,27.5789340359152,12000
2013-05-01,27.2801456451416,28.21125621289371,27.18981594166921,27.940261801126496,19800
2013-05-02,28.23210334777832,28.23210334777832,27.314890282958633,27.314890282958633,19200
2013-05-03,28.947805404663086,28.947805404663086,28.280741871591673,28.412764034176163,26900
2013-05-06,31.254735946655273,32.352613681813445,28.829681193506993,28.87832107790768,13800
2013-05-07,31.129669189453125,33.33932006463866,30.504297950670317,33.33932006463866,17600
2013-05-08,29.78857421875,31.37980034267826,29.670449581501344,31.37980034267826,18000
2013-05-09,30.226337432861328,30.497331758151528,29.739936070473554,29.96229052459239,15400
2013-05-10,31.428436279296875,31.963477414976236,30.087359732223327,30.087359732223327,21600
2013-05-13,31.19219398498535,31.956539835804463,30.810022384913054,31.268628835134717,24100
2013-05-14,32.52633285522461,32.60276507661953,31.060180747479077,31.060180747479077,23000
2013-05-15,31.94959831237793,32.908503928643405,31.789781151446224,32.276182704663505,24400
2013-05-16,32.26227951049805,32.26227951049805,31.567421028946377,31.887055294298204,16500
2013-05-17,33.297611236572266,33.770115131974485,32.39429590148249,32.48462823019374,5500
2013-05-20,33.7562370300293,34.64565532075634,33.26983540828459,33.339320218244296,8000
2013-05-21,34.277374267578125,35.05561511782139,32.971039423806346,33.9577373133161,15400
2013-05-22,33.95079803466797,34.207895023054036,33.92995312094566,34.207895023054036,2900
2013-05-23,32.90154266357422,33.58945361417093,32.35955398476575,33.49217386676165,6500
2013-05-24,33.15864562988281,33.45048490257787,32.22753521355755,32.66529412260014,11700
2013-05-28,33.735382080078125,33.77012447745107,32.470739730842986,33.09611348625597,30100
2013-05-29,33.62419509887695,33.888242013802554,33.14474379209758,33.2628684391562,8500
2013-05-30,33.116943359375,33.658931934218835,32.679181929330625,33.658931934218835,16900
2013-05-31,33.35319137573242,33.94381974607495,31.560456066963525,32.90848258149708,32600
2013-06-03,33.4921875,33.94384403263236,32.86681365398548,33.603364778105316,29300
2013-06-04,33.56861114501953,34.49972153164351,33.20728444939349,33.401843958317315,29100
2013-06-05,33.37405014038086,34.2148308702007,33.35320523532465,33.526919845925306,28000
2013-06-06,33.888240814208984,34.0758528799617,32.49157409716348,33.276764746275035,23900
2013-06-07,34.2982292175293,34.39550902095518,33.42965575740417,34.16620435515774,27400
2013-06-10,35.03477096557617,35.52812260898488,33.686746173259856,34.00638050793145,39400
2013-06-11,35.305763244628906,36.480073218761284,33.97858354403049,34.71513189734874,38600
2013-06-12,36.60560989379883,37.737741389020236,35.60625838078135,35.6971092453893,34200
2013-06-13,37.03190231323242,37.26951039095089,36.58463801067029,36.90610964468208,20100
2013-06-14,34.43918228149414,36.76634427212271,34.24350595767792,36.76634427212271,25100
2013-06-17,35.284786224365234,35.59926524184394,33.949988560192274,34.921385464238334,37900
2013-06-18,36.696468353271484,36.71044561834168,34.74668652906706,35.50843014710294,39500
2013-06-19,36.787315368652344,36.86418898549633,36.444881741117,36.444881741117,4300
2013-06-20,36.305110931396484,36.85720083424372,36.20028278978079,36.50078728546269,21000
2013-06-21,36.333065032958984,36.45885506917991,35.12405709979057,36.45885506917991,50900
2013-06-24,36.13042068481445,36.33308712431856,35.51543406344324,35.78798419510435,20900
2013-06-25,36.675498962402344,37.031912510064245,35.92074540916659,36.340052642531965,31800
2013-06-26,37.01095199584961,37.52111019981042,35.51541921543747,37.038906527382196,24300
2013-06-27,37.968379974365234,39.12846653500851,37.49316353594353,37.66088541662694,20400
2013-06-28,38.94675827026367,38.98869006643528,37.52110919111832,37.76570733661654,78500
2013-07-01,38.9257926940918,40.26757814604333,38.43659908169212,40.26757814604333,24500
2013-07-02,38.37369918823242,39.673555391290186,38.35972192449207,38.758064610475515,13200
2013-07-03,38.254905700683594,38.9397757943159,37.74474478134876,38.471546676347124,5200
2013-07-05,38.96072769165039,39.394012167960284,37.73774520805598,38.883854080424875,28200
2013-07-08,38.98869705200195,39.13545436606078,38.43660696666684,39.13545436606078,8100
2013-07-09,39.6525993347168,39.65958663514062,38.68818925687534,38.87687835901113,8400
2013-07-10,39.163394927978516,39.83428755220193,38.97470587756125,39.50582853859887,11000
2013-07-11,40.00202560424805,40.148782915701865,38.88386818553076,39.42896829429707,33800
2013-07-12,39.764404296875,40.22564331382713,39.46389980611479,40.22564331382713,2600
2013-07-15,39.41499328613281,40.141792535030106,38.87688048379275,39.834300647646295,6100
2013-07-16,38.65324401855469,40.18371860211453,38.44358770183101,39.35907859839987,8000
2013-07-17,38.51346969604492,39.303167780083406,38.373699722585556,38.70914605935373,4500
2013-07-18,39.862247467041016,40.30950927698914,38.93976931755035,38.93976931755035,11000
2013-07-19,40.17672348022461,40.31649077630777,38.95374097826501,39.65258812224192,15100
2013-07-22,40.393375396728516,40.84762723046276,39.652598928405666,39.862252595555695,21500
2013-07-23,41.40669631958008,41.595385382209074,40.44228644366204,40.603020978666635,16900
2013-07-24,40.93147659301758,41.64430099252856,40.728810283512544,41.49055376933297,10800
2013-07-25,40.561100006103516,40.910523673972996,40.35843363892537,40.651948240308045,35400
2013-07-26,40.07189178466797,40.637958880754034,40.022972702203866,40.53313075210808,15200
2013-07-29,39.554752349853516,40.27456681316614,39.554752349853516,39.967072324255284,20900
2013-07-30,38.73011779785156,39.561747827771356,38.73011779785156,39.33112692895262,6400
2013-07-31,37.76569747924805,38.779026295497495,37.3114458032393,38.66022090363317,10200
2013-08-01,38.21297073364258,38.89784077053823,37.681845290570266,38.20598076771508,20400
2013-08-02,39.128456115722656,39.42197066170598,37.96137989905487,37.96137989905487,26000
2013-08-05,40.435302734375,40.94546091230285,38.38069009171984,38.85590643996044,35700
2013-08-06,39.3451042175293,40.41434244718389,39.121473284793005,40.41434244718389,7900
2013-08-07,39.198326110839844,39.51979507277236,38.96770533430809,39.01662707414874,8400
2013-08-08,38.9188117980957,40.022991999564994,38.74409994337395,39.16340999424095,14400
2013-08-09,40.13479995727539,40.27456994803323,37.96138446536889,38.946759034669974,12000
2013-08-12,40.07888412475586,40.55410041352763,39.065557861180245,40.17672496788331,8400
2013-08-13,40.11382293701172,40.42830198621252,39.26821595512532,40.42830198621252,21600
2013-08-14,39.44293212890625,40.134791979391615,38.5204541055193,39.94610292925924,32200
2013-08-15,37.24155807495117,39.023617430300156,37.17167177390643,39.023617430300156,7600
2013-08-16,37.12973403930664,37.30444575252355,35.99061292268342,37.05984775448637,9600
2013-08-19,35.71808624267578,37.52810087217945,35.60627078033115,36.815276300023356,12300
2013-08-20,36.63356018066406,36.63356018066406,35.57830233410124,36.06050582702494,22000
2013-08-21,36.61960983276367,37.21362913761782,36.088484243252346,36.56370075349232,23400
2013-08-22,37.388328552246094,37.45122491252101,36.06051768683807,36.619597629677706,2300
2013-08-23,37.604976654052734,37.87752669249417,36.78732387283736,37.430264817524524,17200
2013-08-26,37.55604553222656,37.646893738701145,37.18565474453484,37.52110104339304,1500
2013-08-27,35.200931549072266,37.353382133250115,35.02621975487174,36.200283225170494,14200
2013-08-28,35.284786224365234,36.053516858475,34.9633145780943,35.04717813758571,15600
2013-08-29,35.808921813964844,35.878805448313415,35.235864815569556,35.5014274246957,10800
2013-08-30,35.06117248535156,36.24222628765142,34.87947333586225,35.87882532278156,9400
2013-09-03,35.613243103027344,35.96266660913842,35.31972863752114,35.59227854574541,14100
2013-09-04,35.11008071899414,36.03954600861067,35.08212619419163,35.1030907548484,7900
2013-09-05,35.06117248535156,35.305770672842115,34.73970332385212,35.305770672842115,5600
2013-09-06,34.77464294433594,35.277813889150906,34.59294380642557,35.068160217441694,10400
2013-09-09,35.23587417602539,35.305760494829116,34.62787786483057,34.62787786483057,6700
2013-09-10,35.501434326171875,35.941708772648525,35.242861629747935,35.29178071647976,9400
2013-09-11,35.775550842285156,36.534637733945026,35.32571849474281,35.45223342355217,14300
2013-09-12,35.83880615234375,36.16914828553614,35.64200367425034,36.09183331355617,10500
2013-09-13,35.80366897583008,36.26052881277068,35.15000929833499,35.94424143959616,18700
2013-09-16,35.83177947998047,35.85989450542266,35.192177397750704,35.85989450542266,8400
2013-09-17,35.83880615234375,36.09183331355617,35.52251884933304,35.747433668985956,4200
2013-09-18,35.789608001708984,36.19726783910427,35.367893332372766,35.83881063828814,9800
2013-09-19,35.57875061035156,36.07778294174661,35.50143562881727,35.74743808653516,9200
2013-09-20,35.705265045166016,35.98640994112022,35.38195029165618,35.817722467308414,14900
2013-09-23,36.01451110839844,36.232395771783274,35.69119379810622,35.76148133564601,9000
2013-09-24,36.253501892089844,36.351901813713255,35.620927137086824,35.965326862768755,4600
2013-09-25,35.937198638916016,36.37999809060958,35.909083621958956,35.979368483156016,4100
2013-09-26,35.79664611816406,36.23944849700274,35.55767370368572,36.23944849700274,2800
2013-09-27,35.59280776977539,35.63498030870134,35.26949301493251,35.49440786014464,6700
2013-09-30,34.018402099609375,35.28354870900721,33.779429753741184,35.121891339919365,50500
2013-10-01,34.763431549072266,34.925088918478906,33.983257045399476,33.983257045399476,6100
2013-10-02,34.763431549072266,35.05863394452514,34.376859345604544,34.376859345604544,12700
2013-10-03,34.03948211669922,34.981313852048494,33.919994620404765,34.594741705111716,19100
2013-10-04,34.78452682495117,34.91806919923519,33.92703715534614,34.19412458511108,22900
2013-10-07,34.10977554321289,34.77749269971053,33.976233184392,34.43309299704738,14200
2013-10-08,33.723201751708984,34.419033903772196,33.723201751708984,34.39794629351809,6300
2013-10-09,34.01136779785156,34.38388244225006,33.52639575054808,34.0957101797313,15300
2013-10-10,34.74937438964844,35.171091718692445,34.2292598360494,34.559601993758086,14500
2013-10-11,36.35189437866211,36.36595189047553,34.70720303323968,34.92508776335705,25300
2013-10-14,36.59087371826172,37.040703457574885,35.42412682646942,35.873956565782585,17300
2013-10-15,36.55570983886719,36.97039691979256,36.1058803303099,36.2815951496648,15200
2013-10-16,37.38509750366211,38.18635962152858,36.506523089559536,36.977440369740606,26700
2013-10-17,37.286705017089844,37.99659478639916,36.86499028689192,37.29373511527137,14300
2013-10-18,38.29178237915039,38.62212717746755,36.7665786650059,37.68732282529176,17100
2013-10-21,38.172298431396484,38.84001277682551,37.799781092494186,38.172298431396484,14100
2013-10-22,38.86812973022461,39.00870216616173,38.30584266767233,38.65727241691703,5600
2013-10-23,39.21956253051758,39.781849636812446,38.17230329776772,38.55184541876899,9900
2013-10-24,39.45853805541992,39.83808288810523,38.727563417921544,39.52179552753414,17700
2013-10-25,39.47258377075195,39.78184094131775,38.31286468903752,39.746698507580064,24400
2013-10-28,39.54990768432617,39.6764226193704,38.84001802866729,39.54287758727014,21300
2013-10-29,38.7978401184082,39.5358419655255,37.88412341811079,39.5358419655255,23800
2013-10-30,38.102020263671875,38.65728002017617,37.77870547426308,38.65728002017617,24100
2013-10-31,37.89115905761719,38.24961625618941,37.04069962710162,38.20744639823766,39900
2013-11-01,37.364013671875,38.25664562453441,37.07584136284294,37.79978584331939,42000
2013-11-04,36.83687210083008,37.954418989433485,36.80875707290627,37.34293187867212,20500
2013-11-05,36.738468170166016,37.63110010024125,36.59086831148806,36.738468170166016,5900
2013-11-06,36.68927001953125,37.21641469601533,36.68927001953125,37.118014785396404,1700
2013-11-07,36.23944854736328,37.20939304171408,36.03561858271969,36.97745072565527,11800
2013-11-08,37.863059997558594,37.891175035512916,36.24648285195152,36.281625308795626,17600
2013-11-11,37.29373550415039,37.84899261242165,36.907160536041616,37.448362810197004,30100
2013-11-12,37.06882095336914,37.39916318198709,36.68927608011762,37.39213576486625,8600
2013-11-13,36.759552001953125,36.88606692881737,36.316749757928285,36.780639610561344,8400
2013-11-14,36.06372833251953,36.81578791695186,35.79664092422122,36.81578791695186,10500
2013-11-15,36.000465393066406,36.40812251954618,35.852862856482425,35.98640788095382,4600
2013-11-18,35.12190246582031,36.274592023557865,34.9742998810293,36.084819569852705,6900
2013-11-19,34.91806411743164,35.4030362619639,34.62286169987546,35.12892145500234,22200
2013-11-20,35.07269287109375,35.28355020137921,34.45417571188618,34.45417571188618,25900
2013-11-21,35.50847244262695,35.5365874741751,34.79155522533104,35.304642485698345,58200
2013-11-22,37.03366470336914,37.22343708300833,35.29057353036742,35.592803318548775,14300
2013-11-25,37.39213562011719,37.39213562011719,36.54167604835083,36.963390785088734,4800
2013-11-26,37.11801528930664,38.12310470061032,35.63498115033981,37.5045875210704,22900
2013-11-27,37.6802978515625,38.44641480623811,37.082865673749744,37.23046820499997,31600
2013-11-29,37.778709411621094,37.954424339117004,37.251564629133355,37.954424339117004,1100
2013-12-02,37.06882095336914,37.7224779934842,37.00556347449389,37.7224779934842,2700
2013-12-03,37.30076217651367,37.5678495997301,36.90013238228744,36.90013238228744,2500
2013-12-04,36.40109634399414,37.25155574680193,36.344866293628485,37.25155574680193,2800
2013-12-05,34.45417404174805,35.90909303574703,34.3136016013064,35.22029102689889,16600
2013-12-06,34.52446746826172,35.1359573333841,34.52446746826172,34.88292741418821,3500
2013-12-09,33.674007415771484,34.362809585627915,33.41395008294334,34.348752070178165,10500
2013-12-10,32.268287658691406,33.638864564862864,32.14177270235577,33.63183446662372,7200
2013-12-11,31.544347763061523,32.33154996807061,31.25617535972444,32.33154996807061,6100
2013-12-12,31.303808212280273,31.81315917556837,31.268437217303916,31.37455020223298,7600
2013-12-13,31.678743362426758,33.143124579046074,31.36040173165766,31.402845843155546,18500
2013-12-16,31.883899688720703,32.9591946177267,31.699968904182615,31.99001536736863,11200
2013-12-17,31.699983596801758,32.669163296364744,31.692907775674296,31.820245569618052,12400
2013-12-18,32.25884246826172,32.414478103326815,30.865205667609345,31.87683189826397,11700
2013-12-19,31.97586441040039,32.980414590639356,31.650446974432864,31.92634448312853,8400
2013-12-20,31.799009323120117,32.36495332236364,31.69996946058173,32.0112379855072,23900
2013-12-23,31.947572708129883,32.61255664466212,30.539784321793967,31.678748266283165,24000
2013-12-24,33.24925994873047,33.60297548009994,31.68583794774988,31.692911070977722,19700
2013-12-26,32.88138198852539,33.53221970264507,32.54181554149374,33.40488194767892,3100
2013-12-27,32.746971130371094,35.24420089553847,32.280066928128925,32.94505088325134,6700
2013-12-30,32.54181671142578,33.595889787955855,31.848534853148916,32.58426353081861,22500
2013-12-31,32.3083610534668,33.0936096176586,32.223470119094046,32.400327806573856,13100
2014-01-02,31.459453582763672,32.45693106272187,31.233075906364274,32.074917721809854,6500
2014-01-03,31.31795310974121,31.827304007319132,31.310877292478413,31.685817347032643,7600
2014-01-06,31.657516479492188,32.152718394317056,30.77322830967397,31.565549754213762,24000
2014-01-07,31.90513038635254,31.990024031717454,31.17647747142822,31.968799271058955,18100
2014-01-08,31.671682357788086,32.25884861338074,31.664606537409448,32.25884861338074,4900
2014-01-09,31.622159957885742,31.784868731726924,30.914729098419105,31.671679902157646,30700
2014-01-10,31.572633743286133,31.65045155415437,31.211842565375946,31.643375735729602,4100
2014-01-13,30.108247756958008,31.54433103283283,30.108247756958008,31.54433103283283,6200
2014-01-14,30.568086624145508,30.992546756704872,30.207298075172872,30.22852013727875,7100
2014-01-15,30.815677642822266,30.815677642822266,30.207286900266556,30.546853261513885,2300
2014-01-16,30.200218200683594,30.77323808831922,30.157774082170413,30.77323808831922,4200
2014-01-17,29.796979904174805,30.419519666929464,29.53523130451872,30.249735113947676,5300
2014-01-21,29.69086456298828,29.79697753887391,29.535228959995578,29.79697753887391,5900
2014-01-22,29.839433670043945,30.065811327679235,29.570609189614082,29.846506791192432,2500
2014-01-23,29.55646324157715,30.34171200166666,29.549390119712434,29.71209890894907,6200
2014-01-24,27.455387115478516,30.07995442952059,27.073373880387027,29.41497052663224,31500
2014-01-27,26.825777053833008,28.226492538635966,26.592326272122236,27.462465910561622,4900
2014-01-28,26.259838104248047,26.967269108015984,25.502887146107163,26.967269108015984,19700
2014-01-29,26.090049743652344,26.77625581309268,25.976860918894754,26.132493866289913,10100
2014-01-30,25.4321346282959,27.03800266787751,24.93693259032158,26.450833881753987,19500
2014-01-31,24.965232849121094,26.10419683557338,23.967755558255387,24.894488152010673,30300
2014-02-03,25.354318618774414,26.429613700882285,25.02182529706165,25.02182529706165,19200
2014-02-04,26.613534927368164,27.299743382969496,25.729246793297676,25.729246793297676,29600
2014-02-05,26.549875259399414,28.891472020063194,26.422537508146753,27.519057332670695,6600
2014-02-06,25.27650260925293,26.556953351511133,25.219909547537295,26.556953351511133,10600
2014-02-07,25.21282958984375,26.090044840845806,24.802521189190006,25.27649846046998,24400
2014-02-10,25.517032623291016,25.517032623291016,24.87327060526869,25.318952832710224,15100
2014-02-11,25.064273834228516,25.545327001303843,24.81667412998432,25.368469298662454,30100
2014-02-12,25.12086296081543,26.16786277124714,24.958154223708412,24.958154223708412,3500
2014-02-13,25.425064086914062,25.425064086914062,24.97938458900701,24.97938458900701,3400
2014-02-14,25.425064086914062,25.545328736167633,25.120868601821247,25.375544142702168,3400
2014-02-18,25.891969680786133,26.0829763462962,25.2623566159389,25.679740951986517,15400
2014-02-19,25.12086296081543,26.542800178553147,25.00060103720179,26.542800178553147,16200
2014-02-20,25.050125122070312,25.991009404026542,24.859118477643836,25.07134718301734,14500
2014-02-21,25.19868278503418,25.502878226148955,24.774225410686867,25.234053783124097,12800
2014-02-24,25.5877742767334,25.5877742767334,25.5877742767334,25.5877742767334,2100
2014-02-25,25.149160385131836,25.61606453064377,25.057193640196996,25.61606453064377,4100
2014-02-26,25.375534057617188,25.601911626511427,25.12793443496208,25.601911626511427,3200
2014-02-27,26.082969665527344,26.19615847180447,25.234052269131872,25.361390013522893,5700
2014-02-28,25.891969680786133,26.663069464378015,25.764631903779424,26.196165181564975,8500
2014-03-03,25.30480194091797,25.962712850235796,25.30480194091797,25.750484134018492,3500
2014-03-04,26.71967124938965,26.88238006807068,25.44629589115547,25.70804462567406,13400
2014-03-05,26.196157455444336,27.0592237564684,26.196157455444336,26.493279747040287,4800
2014-03-06,26.42253875732422,26.74088315050623,25.672663851866904,26.74088315050623,8900
2014-03-07,26.42253875732422,26.50035657550585,25.616068093685975,26.50035657550585,2800
2014-03-10,26.1890869140625,26.38716666220306,25.67973590611915,26.231533730935837,17500
2014-03-11,25.955636978149414,26.146643631950333,25.50288166482925,26.00515692187915,12300
2014-03-12,25.86293601989746,26.347821715081054,25.42083531668922,25.919979955730327,10000
2014-03-13,24.6221981048584,25.88432678882688,23.38859274846908,25.88432678882688,31700
2014-03-14,24.950210571289062,25.05003949623965,24.251402656366587,24.957340043013737,6400
2014-03-17,25.22830581665039,25.527792586822784,24.707767344588273,25.192653018315703,6500
2014-03-18,25.435100555419922,25.670413989320128,24.8004713114611,25.242574844218773,18900
2014-03-19,25.40657615661621,25.534928425057625,24.96447268970265,25.534928425057625,4900
2014-03-20,24.957347869873047,25.520671517482594,24.88604224972743,25.149876308428276,9600
2014-03-21,25.014389038085938,25.663279831119315,24.53663278380068,25.099956307459998,17900
2014-03-24,24.45819664001465,25.178395806318672,24.401152696621004,25.06430519939675,8300
2014-03-25,24.636465072631836,24.957345776644225,24.600812265549308,24.74342621401424,6000
2014-03-26,24.408279418945312,24.99299405354597,24.39401775467038,24.921688452305627,9200
2014-03-27,23.951915740966797,24.643591459971706,23.60964397737285,24.472454218107643,19800
2014-03-28,23.524080276489258,24.215753380033295,22.910842253863,24.08027163648303,20900
2014-03-31,23.63103485107422,23.894868822566693,23.27450142792552,23.894868822566693,9600
2014-04-01,23.852087020874023,24.52950108218053,23.388592473628993,23.752258095654284,10500
2014-04-02,23.409988403320312,23.994703062958347,23.288765611859798,23.90913307364465,14100
2014-04-03,23.524080276489258,23.74512929385366,23.224590737937895,23.531209749251023,16000
2014-04-04,23.531208038330078,23.8806120212129,23.31728850928123,23.68808362902862,17000
2014-04-07,23.409988403320312,23.852089134236632,23.25311280971298,23.57399346930323,17600
2014-04-08,23.445642471313477,23.709476485605844,23.17467626412601,23.338681338963674,17200
2014-04-09,24.030353546142578,24.32271084774871,23.31728669148039,23.53120620385221,20700
2014-04-10,23.609643936157227,24.165835211009668,23.53120614711205,24.10165908543945,7700
2014-04-11,23.56686019897461,23.823564714906556,23.531207398458356,23.709474121173947,10700
2014-04-14,23.887741088867188,24.279927338836643,23.730865500825665,23.88061161674455,12000
2014-04-15,23.4670352935791,24.41541572671786,23.124763453688846,23.84495994009932,15200
2014-04-16,23.167545318603516,23.702345506086072,23.060584193053234,23.666689984146366,15500
2014-04-17,23.09623908996582,23.402858109547278,22.832405068512468,23.174676893133356,6100
2014-04-21,22.86805534362793,23.238850459312655,22.82527035023318,23.181803801452993,10000
2014-04-22,22.675525665283203,23.16754354089941,22.639872866213647,22.896577371729194,13900
2014-04-23,22.7468318939209,23.887739108426313,22.647002971674308,22.71830992759347,10000
2014-04-24,22.761098861694336,23.887744675572367,22.46874149835093,22.9393642529372,15800
2014-04-25,22.31899070739746,22.74683106729759,22.183508992148244,22.74683106729759,13100
2014-04-28,22.333251953125,24.579413460649135,22.333251953125,22.53291114670205,11600
2014-04-29,22.57569694519043,22.910839243788093,22.361777428692996,22.561435281406037,5900
2014-04-30,22.283336639404297,23.146146781249904,22.197768028279533,22.568563076375288,10300
2014-05-01,22.154987335205078,22.63987302226914,22.040896745315546,22.326123220039374,17700
2014-05-02,22.49013328552246,22.49013328552246,22.112207295095246,22.276212374687923,15600
2014-05-05,22.532909393310547,22.91083525743739,22.383164669763353,22.383164669763353,9700
2014-05-06,21.87688636779785,22.540038610169752,21.627312753132426,22.53290778002882,15500
2014-05-07,22.311864852905273,23.795042650201154,21.634450726581502,21.96959169346207,22900
2014-05-08,22.61847686767578,22.88231216415695,22.347512100538573,22.376034063363434,7200
2014-05-09,23.146156311035156,23.48129870252018,22.46161258046297,22.568572368356435,12700
2014-05-12,23.737993240356445,24.094526622566182,23.067708740916483,23.174669843632937,11600
2014-05-13,23.702346801757812,23.78791407479486,23.310157800057677,23.780781881963275,12500
2014-05-14,23.417116165161133,23.68808233792586,22.554304543547712,23.2958933825555,25100
2014-05-15,23.58112335205078,23.837827884190297,23.039193677638632,23.267374879510534,15600
2014-05-16,24.55088996887207,24.55088996887207,23.167541365853463,23.531204234435805,13400
2014-05-19,24.265666961669922,24.465327553441647,24.05174742489653,24.308451957078397,13500
2014-05-20,24.49384880065918,24.736291674010776,23.951919112062146,24.279929258321786,22600
2014-05-21,24.443927764892578,24.91455171966136,24.244269941697894,24.52949773494787,15700
2014-05-22,24.700632095336914,24.878898785078242,24.329837054258896,24.35836037744962,10200
2014-05-23,24.76481056213379,24.893162808536307,24.386886014467525,24.67211111303551,11400
2014-05-27,25.271095275878906,25.27109527587891,24.679251038775824,24.679251038775824,12200
2014-05-28,24.650720596313477,25.37091963252072,24.615067798115945,25.37091963252072,10200
2014-05-29,24.629331588745117,25.349527967024148,24.208622005354083,24.68637552676143,24300
2014-05-30,24.857511520385742,25.149868828244667,24.123053514818395,24.61506867580998,18900
2014-06-02,25.107088088989258,25.356663167807866,24.422544430769364,25.128481948401234,19300
2014-06-03,24.743417739868164,25.44222285587067,24.53662772142237,25.000122215161714,19300
2014-06-04,24.55088996887207,24.82898558369397,24.443928861571056,24.722024476392956,8100
2014-06-05,24.814729690551758,24.82899135618318,24.351237798136065,24.351237798136065,10600
2014-06-06,25.385173797607422,25.741707152743107,23.524071968711386,24.757677051064825,15700
2014-06-09,25.591978073120117,26.13391059852285,24.550900748182173,24.978739924965257,21800
2014-06-10,25.663284301757812,25.984162297842268,25.34953305917223,25.599108158513936,8700
2014-06-11,26.123477935791016,26.483008304895773,25.210270469105055,25.45475122981625,25500
2014-06-12,25.799903869628906,26.634014339558966,25.34689476953775,26.195386785518263,28900
2014-06-13,25.90056610107422,26.562100612035042,25.65608535941504,25.994044757796534,17200
2014-06-16,25.620140075683594,26.101909551525445,25.454756401454322,26.101909551525445,16000
2014-06-17,25.6345157623291,25.979664578730578,25.45475058234923,25.54103710069986,13500
2014-06-18,25.310937881469727,25.943712082831183,25.21745921987112,25.706420728696024,15200
2014-06-19,25.05926513671875,25.490703216961492,24.484017106060737,25.440369185716353,20800
2014-06-20,25.469125747680664,25.814277257817363,24.735686331886253,25.224647771081575,75400
2014-06-23,25.239030838012695,25.67046892714908,25.17431526179219,25.634516438804138,27600
2014-06-24,25.016124725341797,25.562609700972814,24.87231202343917,25.562609700972814,36400
2014-06-25,24.555923461914062,25.145553003500975,24.419300176400792,25.145553003500975,20800
2014-06-26,24.009435653686523,24.800404047069605,23.729002427513898,24.599065191536358,17100
2014-06-27,24.51996612548828,24.75006530520558,23.8224791870321,23.872813211157847,463700
2014-06-30,25.879003524780273,25.879003524780273,24.311450511427108,24.311450511427108,18700
2014-07-01,26.11628532409668,26.59805743641897,25.469129574111214,25.943712286099878,28100
2014-07-02,25.84304428100586,26.209766826738424,25.555421605508982,26.209766826738424,7500
2014-07-03,25.958093643188477,26.303245239171485,25.418798046088998,25.93652269706426,12000
2014-07-07,26.231327056884766,26.317613549983584,25.505077149223226,25.74955783216835,19100
2014-07-08,25.159934997558594,26.051568725851684,25.016122309543903,26.051568725851684,12900
2014-07-09,25.375648498535156,25.92932547368437,25.203072752606165,25.447553459256486,6300
2014-07-10,25.203075408935547,25.541034794542256,24.757258570878985,25.052073329706523,14400
2014-07-11,25.145557403564453,25.31813046188556,24.9082660196238,25.31813046188556,2900
2014-07-14,25.64889907836914,25.886190474357146,25.17431902939257,25.289368655114178,16100
2014-07-15,25.404428482055664,25.857434973390752,25.246234171621047,25.713622213268394,4000
2014-07-16,25.7064151763916,26.411094200318892,25.425981995165248,25.52665003529795,16500
2014-07-17,25.43317222595215,26.238522059358047,25.195883658304638,25.749560640146772,18200
2014-07-18,25.54823112487793,25.74237788355411,25.404421149265463,25.404421149265463,1700
2014-07-21,25.195886611938477,25.850231713913534,25.17431292653354,25.454748892807515,4400
2014-07-22,24.656591415405273,25.69922995169165,24.57749430159751,25.55541726685925,12500
2014-07-23,24.635021209716797,25.066459325159688,23.72900583038537,24.656594898438424,12400
2014-07-24,24.807594299316406,25.31093734094579,24.793212756069977,24.987359475398407,4900
2014-07-25,24.735689163208008,25.52665483556105,24.433682243019415,25.044885483473024,41700
2014-07-28,24.87950325012207,25.095223690307574,24.440878454476596,24.915458485485882,6300
2014-07-29,25.239030838012695,25.469130055019154,24.807595491875347,24.807595491875347,2200
2014-07-30,24.807594299316406,25.15274310823398,24.66378160985102,25.059264448631648,3800
2014-07-31,24.642200469970703,24.80758403437346,24.448053830976743,24.80758403437346,16900
2014-08-01,24.45525360107422,25.224651086249036,24.095723245178988,24.577495348438045,11100
2014-08-04,24.196392059326172,24.850737143530008,24.196392059326172,24.850737143530008,4200
2014-08-05,24.304248809814453,25.008927899922245,24.095720568242115,24.160436134833578,18900
2014-08-06,23.793720245361328,24.987360976534827,23.44857141570865,24.124487530903597,28800
2014-08-07,24.045387268066406,24.433680679316563,23.59957043088958,23.908766731366704,10500
2014-08-08,24.066967010498047,24.268303166415166,23.786533723899375,23.880009657432666,11600
2014-08-11,23.915956497192383,24.196392460499656,23.786528101125853,23.973482666998617,7600
2014-08-12,24.225162506103516,24.29707024716488,23.85844262719004,24.29707024716488,18100
2014-08-13,24.275493621826172,25.030509725295197,23.858439746033298,24.138873044807728,14100
2014-08-14,24.433683395385742,25.253412192703134,24.196394779688134,24.253918212009154,8700
2014-08-15,23.980670928955078,24.40491681065197,23.980670928955078,24.30424876126603,4000
2014-08-18,23.980670928955078,24.268296278342284,23.980670928955078,23.980670928955078,4700
2014-08-19,23.908771514892578,24.412114621700695,23.908771514892578,23.908771514892578,9600
2014-08-20,23.82248306274414,24.124487256632094,23.82248306274414,23.915958983900484,5700
2014-08-21,24.052581787109375,24.225154824938535,23.736193312757614,23.786530087040013,12200
2014-08-22,24.404922485351562,24.404922485351562,24.038202685460863,24.210775740821454,9400
2014-08-25,24.383352279663086,24.390541680938416,24.002250923085715,24.08853745338639,10400
2014-08-26,24.383352279663086,24.390541680938416,24.131682090036396,24.196397673511736,8100
2014-08-27,24.138870239257812,24.390540415830674,24.138870239257812,24.18201487366996,9600
2014-08-28,24.24673080444336,24.34739887652836,24.102918097322256,24.16763367837679,5400
2014-08-29,24.771642684936523,25.22465171265381,24.160439418937234,24.39053863298433,17600
2014-09-02,25.03769302368164,25.39003396894489,24.584684020628565,25.01612208072635,7800
2014-09-03,24.987363815307617,25.519470035848283,24.742883023653697,25.519470035848283,3600
2014-09-04,25.016124725341797,25.519467810501425,24.922646057655218,25.123982194519414,12900
2014-09-05,25.23183822631836,25.483508355702227,24.793210792536176,25.109596489904277,9700
2014-09-08,25.224653244018555,25.310939768774837,24.35458762364567,25.03050650606754,11100
2014-09-09,24.944217681884766,25.188698458874377,24.814786520949134,25.03769635211588,4900
2014-09-10,24.83635711669922,25.102408806378133,24.80759403051802,24.843546516745082,7500
2014-09-11,25.18453025817871,25.20629019879934,24.807342274239154,24.94515984322333,12500
2014-09-12,24.916147232055664,25.496438198843006,24.567974312202697,25.032204872006652,15100
2014-09-15,24.51719856262207,25.024951760443326,24.444663577375742,24.65501890843534,13200
2014-09-16,24.647762298583984,24.807342577169596,24.451914529510418,24.60423964977914,17200
2014-09-17,24.698535919189453,24.73480340759303,24.37212298949324,24.45916828210023,19100
2014-09-18,25.039459228515625,25.23530700847513,24.306843151589455,24.444663496949275,7200
2014-09-19,25.38763427734375,25.387634277343754,24.495440604783862,24.553468044275153,21400
2014-09-22,24.82185173034668,25.307842221752708,24.74931397765242,25.30058982999945,18600
2014-09-23,24.850868225097656,25.082986305549777,24.84361583213015,24.879883331033273,7100
2014-09-24,24.749313354492188,24.988683781807655,24.582480678044554,24.87987853902203,5100
2014-09-25,24.647762298583984,25.03945783673112,24.488182019998376,24.53895982712011,11700
2014-09-26,24.546213150024414,24.916145994293366,24.51719804971995,24.77107602683559,10600
2014-09-29,24.38663673400879,24.480934441441274,24.19804408617652,24.19804408617652,8900
2014-09-30,24.13275718688965,24.40113994191603,24.13275718688965,24.241559660371163,7100
2014-10-01,23.944164276123047,24.459172665055874,23.92965949178803,24.212549825873214,10300
2014-10-02,23.987688064575195,24.314101068198596,23.90789791179696,23.90789791179696,5300
2014-10-03,24.060216903686523,24.430152468848444,24.002189477347194,24.2415571074238,4500
2014-10-06,24.198041915893555,24.415649649116276,24.060221563460953,24.263324512563617,9200
2014-10-07,24.110994338989258,24.531702166392225,23.929654138015316,23.95866646722692,11200
2014-10-08,24.343114852905273,24.343114852905273,23.944164110637292,24.234309601917193,3400
2014-10-09,24.22705841064453,24.335860899993072,24.154520650712897,24.154520650712897,3400
2014-10-10,24.560726165771484,24.582486112326023,24.212553185734443,24.212553185734443,8400
2014-10-13,24.28508186340332,24.611494811909846,24.176279391922584,24.343112061818772,9700
2014-10-14,24.22705841064453,24.952419407765237,24.103745602277055,24.372128396442584,31700
2014-10-15,24.343114852905273,24.364874796289897,24.103744407544486,24.103744407544486,9800
2014-10-16,24.21254539489746,24.270572822715792,23.501692110172996,24.081980223516233,30600
2014-10-17,24.205289840698242,24.82910058996521,24.00944208683313,24.82910058996521,8800
2014-10-20,24.306846618652344,24.364876828561606,23.84261600750906,24.067478920358397,11200
2014-10-21,24.18353271484375,24.836358637005972,24.089235022302038,24.248815307059974,16400
2014-10-22,24.169023513793945,24.277828749066362,24.15451596462215,24.15451596462215,1700
2014-10-23,24.169023513793945,24.37212366813491,24.15451596462215,24.37212366813491,6100
2014-10-24,24.829099655151367,24.829099655151367,23.980428854053542,24.089231312972018,9600
2014-10-27,24.916147232055664,25.09748746741861,24.44466428033145,24.61874935674173,8800
2014-10-28,25.2425594329834,25.2425594329834,24.531706064261122,24.662271251070553,7600
2014-10-29,24.966920852661133,25.206291277863805,24.415647786092684,25.08298125302527,16600
2014-10-30,25.228050231933594,25.228050231933594,24.77832726625469,24.98142742487765,9000
2014-10-31,24.908893585205078,25.619746939970565,24.908893585205078,25.46742181402773,5900
2014-11-03,25.87362289428711,25.90989315420183,25.199039778984332,25.199039778984332,34400
2014-11-04,26.11298942565918,26.200031948975774,25.77932411375231,25.77932411375231,9200
2014-11-05,25.750308990478516,26.163764434596885,25.70678634534903,26.163764434596885,18900
2014-11-06,25.68503189086914,26.069472320324742,25.48193170429373,25.779329591935944,12100
2014-11-07,26.330591201782227,26.36685868109661,25.38762290445171,26.004178353890158,21000
2014-11-10,26.802087783813477,26.90363787457291,26.40313981281607,26.439407307082664,10800
2014-11-11,27.05596160888672,27.36786702407735,25.90263764195754,27.0632167675836,23500
2014-11-12,27.077722549438477,27.251807608341505,27.063215000024538,27.063215000024538,900
2014-11-13,26.83835792541504,27.16477094007663,26.83835792541504,27.01969818166784,50700
2014-11-14,27.070463180541992,27.32433833821663,26.838347960087557,26.860107897307756,11700
2014-11-17,27.244558334350586,27.541956213782967,26.37412463914797,26.9544128469389,122100
2014-11-18,27.411380767822266,27.44764824842463,27.055952817043718,27.10672784329331,8700
2014-11-19,27.266307830810547,27.563705596299894,27.157502622959967,27.382365427903185,9000
2014-11-20,27.491180419921875,27.708788146038692,27.128499954049726,27.128499954049726,23400
2014-11-21,27.52744483947754,27.745052541296985,27.52744483947754,27.745052541296985,2500
2014-11-24,28.412389755249023,28.651760219435186,27.63625368712314,27.74505894666825,38200
2014-11-25,28.463165283203125,28.644505523173237,27.955412057880316,28.41238747034162,34000
2014-11-26,28.535696029663086,28.57921867691661,28.194775543757274,28.57196351885833,29400
2014-11-28,28.600976943969727,28.600976943969727,28.151254016785412,28.354354158023767,21700
2014-12-01,28.339839935302734,28.61547775280332,28.158499775610736,28.61547775280332,40700
2014-12-02,28.448652267456055,28.57921743651777,28.136746893256618,28.434144719001203,9000
2014-12-03,28.151256561279297,28.564712038760685,27.998928674550246,28.16576411082645,8300
2014-12-04,28.651756286621094,28.651756286621094,27.89012787544649,27.926395367972457,56900
2014-12-05,28.63725471496582,28.651762268411495,28.1802764660422,28.1802764660422,9900
2014-12-08,28.760568618774414,28.99268394858019,28.22380018920294,28.4704230730007,22400
2014-12-09,28.3035831451416,28.550205966136918,28.122242916969526,28.44865588108572,8900
2014-12-10,28.20203399658203,28.709787205731025,28.20203399658203,28.506684261851998,3800
2014-12-11,28.582164764404297,28.618717079489702,28.23859586871257,28.392105553290797,13700
2014-12-12,28.669870376586914,28.669870376586918,28.0046593399731,28.509049206675275,19900
2014-12-15,28.32630157470703,28.574842138775445,28.32630157470703,28.560221777530387,12200
2014-12-16,28.318984985351562,28.487114910520063,28.085062058434502,28.304364628134994,8900
2014-12-17,28.297067642211914,28.39940740693537,28.085076536113636,28.304379218863275,10700
2014-12-18,28.75028419494629,29.05730342088999,28.077761508492877,28.32630207696823,11400
2014-12-19,28.509048461914062,28.859928723742577,28.457878598015014,28.859928723742577,10500
2014-12-22,28.392087936401367,28.64793725194753,28.202028843216848,28.275127850930495,7500
2014-12-23,28.582164764404297,28.582164764404297,28.099703763908348,28.414034711501934,7200
2014-12-24,28.421329498291016,28.859929134684855,28.370159633663352,28.370159633663352,1300
2014-12-26,28.4505672454834,28.859928948411014,28.15085684522075,28.158168419290927,1400
2014-12-29,29.057310104370117,29.057310104370117,28.21665725008176,28.450577510856885,6600
2014-12-30,28.582164764404297,28.91111608032202,28.319006500220247,28.319006500220247,3400
2014-12-31,29.04999351501465,29.04999351501465,28.150859442714687,28.36285049353496,8100
2015-01-02,29.057310104370117,29.057310104370117,28.36285811020358,29.057310104370117,3100
2015-01-05,28.509048461914062,28.940339306597778,28.23126720892749,28.706419132045436,14900
2015-01-06,28.297067642211914,28.530987901165375,27.639167959611346,28.435959713093276,14700
2015-01-07,28.32630157470703,28.509051907447077,28.216650259643494,28.509051907447077,4900
2015-01-08,28.655258178710938,28.655258178710938,28.121627440292702,28.450575870918826,6000
2015-01-09,28.30436897277832,28.501739642675815,28.260507894396063,28.414017485911305,2600
2015-01-12,28.238576889038086,28.50173776489693,27.946175296184204,28.070446949138994,5000
2015-01-13,28.223960876464844,28.501742153593955,27.91693887783821,28.165479433469798,6700
2015-01-14,27.741500854492188,27.93887154696076,27.59530003171375,27.865769741297164,16100
2015-01-15,27.41254425048828,27.821905915172927,26.98125344273867,27.70494583791277,12300
2015-01-16,26.959335327148438,27.558756316863047,26.652313255913274,27.485654495831177,8800
2015-01-20,27.63916015625,27.92425021707574,26.484176763772865,27.047048099385925,17500
2015-01-21,27.47102928161621,27.646468026211743,27.200556801829528,27.361377974832575,3600
2015-01-22,27.536828994750977,27.60993082804347,26.681558459352356,27.60993082804347,7500
2015-01-23,27.0762939453125,27.536822843710386,26.48418177638055,27.536822843710386,17000
2015-01-26,26.696168899536133,27.266349044457648,26.46955748341536,26.83505814832377,11000
2015-01-27,26.30873680114746,26.805815096767738,25.987094459303798,26.718095725605163,9200
2015-01-28,25.811662673950195,26.19178376950609,25.811662673950195,26.133302313936284,2400
2015-01-29,25.46077537536621,26.052884614808246,25.219543619631658,26.052884614808246,8300
2015-01-30,25.797033309936523,26.228324134371746,25.219541686132903,25.219541686132903,3200
2015-02-02,25.43153190612793,26.045573013328845,25.387670831132073,26.045573013328845,2600
2015-02-03,25.60696792602539,26.169839113923704,25.416908864868475,25.4607699352345,12000
2015-02-04,26.118677139282227,26.118677139282227,25.6946978186904,25.943238381985186,2500
2015-02-05,26.374528884887695,26.506106556627667,25.738555730642748,26.462248262230585,1500
2015-02-06,26.235639572143555,26.381840408584544,26.235639572143555,26.323358958588543,1000
2015-02-09,26.15522575378418,26.67423879870289,25.738555233763318,26.32335571900763,4000
2015-02-10,26.06020164489746,26.367220901692086,25.621599121342005,26.367220901692086,3400
2015-02-11,26.089441299438477,26.125993603552377,25.797042386372294,25.797042386372294,2500
2015-02-12,26.1259822845459,26.1259822845459,25.84820106721404,26.1259822845459,2100
2015-02-13,25.95785140991211,26.11867256640166,25.950542624866348,26.089431849122054,3700
2015-02-17,25.928613662719727,26.030953385366598,25.614282921133885,26.030953385366598,46500
2015-02-18,26.177160263061523,26.316049520542318,25.85551787313912,25.950548832757008,4300
2015-02-19,26.352598190307617,26.51341938013462,25.782418027901127,26.316048680405714,6800
2015-02-20,26.41838836669922,26.41838836669922,26.41838836669922,26.41838836669922,200
2015-02-23,26.140613555908203,26.681555916519997,26.023653422336672,26.3379843041632,7300
2015-02-24,26.242952346801758,26.608453060330756,26.14792138049046,26.54266282035357,1500
2015-02-25,26.177160263061523,26.67424142153346,26.001718705963036,26.645000697258887,9900
2015-02-26,26.30873680114746,26.30873680114746,26.03095553915935,26.03095553915935,2300
2015-02-27,26.30873680114746,26.30873680114746,26.30873680114746,26.30873680114746,0
2015-03-02,26.718097686767578,26.718097686767578,26.345288240550268,26.345288240550268,2800
2015-03-03,26.90085220336914,27.164013165678,26.659623180285468,26.659623180285468,2500
2015-03-04,26.601146697998047,27.11284835493624,25.555814229347778,27.11284835493624,6900
2015-03-05,26.57921028137207,26.89354109381621,25.972477805266287,26.681550027088964,16900
2015-03-06,26.16984748840332,27.778050998667517,26.009029089361075,26.842370173153288,10000
2015-03-09,26.601146697998047,26.966647483161086,26.14792650518979,26.966647483161086,9000
2015-03-10,27.215179443359375,27.215179443359375,25.782417492013423,25.782417492013423,1200
2015-03-11,26.60352325439453,27.00884235677389,26.529830405526642,27.00884235677389,1500
2015-03-12,26.83197593688965,26.89830062622431,26.006604211659877,26.71406569042825,2100
2015-03-13,26.6624755859375,26.714061134266164,26.345591325517667,26.714061134266164,900
2015-03-16,26.323486328125,26.890930220339765,25.807627988729596,26.890930220339765,1200
2015-03-17,25.453899383544922,26.36770309007613,25.10016864444877,26.36770309007613,10800
2015-03-18,26.028711318969727,26.183467989247607,25.60128773279244,25.726566138864438,1300
2015-03-19,25.68233871459961,25.92553008253835,25.299132674358226,25.43915015786177,2900
2015-03-20,25.092796325683594,25.726564920075443,25.092796325683594,25.31387767435004,4100
2015-03-23,25.49074363708496,25.792888793359097,25.2401840335014,25.2401840335014,6800
2015-03-24,25.387582778930664,25.704467194049737,25.166501347992526,25.439168352442803,6700
2015-03-25,25.579179763793945,25.579179763793945,25.181231597409052,25.358098386203086,1300
2015-03-26,25.159116744995117,25.240180548373356,25.151748586143185,25.225441419468098,1400
2015-03-27,25.571809768676758,25.601288033228574,25.15175433802051,25.387574832030964,4800
2015-03-30,25.601285934448242,25.601285934448242,25.43915830390643,25.505482988109733,900
2015-03-31,25.756038665771484,25.756038665771484,25.608650188775666,25.608650188775666,2500
2015-04-01,25.461265563964844,25.75604256255503,25.35809445781882,25.75604256255503,18700
2015-04-02,25.424419403076172,25.71919640469402,25.424419403076172,25.50548321908117,1700
2015-04-06,24.96752166748047,25.424423564694866,24.879086865798488,24.915936105433794,16100
2015-04-07,25.05594253540039,26.198198176979904,24.989617869182172,25.13700632868944,36900
2015-04-08,25.00436782836914,25.350730436578452,24.99699685604003,25.055953389863856,10200
2015-04-09,25.623390197753906,25.77077867981249,24.952775275028745,25.372830621614753,5300
2015-04-10,25.888689041137695,25.99922829486941,25.593912075450138,25.593912075450138,1800
2015-04-13,26.478235244750977,26.478235244750977,25.12226651453135,25.7928813163073,2100
2015-04-14,26.382436752319336,26.382436752319336,26.01396695742325,26.01396695742325,1600
2015-04-15,26.426652908325195,26.448760195404354,26.013965745239226,26.31611085052677,1400
2015-04-16,26.183462142944336,26.33085061986251,25.792885068632344,25.83710245506821,7600
2015-04-17,25.829736709594727,25.829736709594727,25.829736709594727,25.829736709594727,200
2015-04-20,25.674983978271484,25.674983978271484,25.674983978271484,25.674983978271484,100
2015-04-21,25.79288673400879,25.8592114123443,25.79288673400879,25.8592114123443,1700
2015-04-22,25.93290901184082,25.93290901184082,25.93290901184082,25.93290901184082,300
2015-04-23,26.146621704101562,26.146621704101562,25.608656029882802,25.608656029882802,1800
2015-04-24,26.1245174407959,26.124517440795895,26.124517440795895,26.124517440795895,200
2015-04-27,25.79288673400879,26.463501676644952,25.697083796146032,26.463501676644952,1700
2015-04-28,25.79288673400879,25.79288673400879,25.79288673400879,25.79288673400879,0
2015-04-29,25.940279006958008,26.036081958805166,25.940279006958008,26.036081958805166,2100
2015-04-30,25.859209060668945,25.866577219279904,25.800252546976058,25.80762351678832,2700
2015-05-01,25.638124465942383,25.89605215223921,25.61601437054484,25.89605215223921,1600
2015-05-04,25.79288673400879,25.79288673400879,25.785518574727757,25.79288673400879,1000
2015-05-05,25.8665771484375,25.873948118229574,25.79288431772452,25.79288431772452,1600
2015-05-06,25.8665771484375,25.8665771484375,25.8002524763153,25.8002524763153,500
2015-05-07,25.387582778930664,25.667620757427198,25.284411631906394,25.645510646491342,1500
2015-05-08,25.483381271362305,25.7928946578797,25.335992739648223,25.7928946578797,700
2015-05-11,25.512845993041992,25.512845993041992,25.2770255660127,25.2770255660127,900
2015-05-12,25.247549057006836,25.313873732398683,25.166488063706964,25.166488063706964,5200
2015-05-13,25.4096736907959,25.409673690795895,25.166485116968317,25.166485116968317,600
2015-05-14,26.013959884643555,26.013959884643555,25.13700302325394,25.13700302325394,6300
2015-05-15,26.456138610839844,26.456138610839844,25.999233933806572,26.01397306640785,15500
2015-05-18,26.529829025268555,26.529829025268555,26.286637576493376,26.286637576493376,700
2015-05-19,27.082530975341797,27.126748364476953,26.52982626155931,26.52982626155931,21100
2015-05-20,26.6845760345459,26.986721087819657,26.6845760345459,26.986721087819657,800
2015-05-21,26.802494049072266,26.94251438051736,26.802494049072266,26.89829698987128,900
2015-05-22,26.898292541503906,26.949878083125764,26.898292541503906,26.935138955347924,2700
2015-05-26,27.2594051361084,27.2594051361084,26.714068433232022,26.89830338794397,3800
2015-05-27,26.964624404907227,27.944752768416215,26.898299717812492,27.13412020277113,1000
2015-05-28,26.964624404907227,26.96462440490723,26.96462440490723,26.96462440490723,0
2015-05-29,27.023571014404297,27.0235710144043,26.59614755201313,26.59614755201313,2500
2015-06-01,27.2594051361084,27.2594051361084,26.728807566953254,26.728807566953254,6700
2015-06-02,27.25202751159668,27.25202751159668,26.714061912496128,26.94251421260799,1000
2015-06-03,27.25202751159668,27.25202751159668,27.25202751159668,27.25202751159668,0
2015-06-04,26.87618637084961,27.22254604879935,26.87618637084961,26.95725017139145,900
2015-06-05,26.16135597229004,26.691953387368848,25.46126278543916,26.691953387368848,2200
2015-06-08,26.426652908325195,26.802490844677482,26.058183130598856,26.087661387505275,4400
2015-06-09,26.551939010620117,26.898301602067033,26.301379376399353,26.316118509142004,4400
2015-06-10,26.773029327392578,26.773029327392578,26.773029327392578,26.773029327392578,100
2015-06-11,26.914201736450195,27.15941523411831,26.75815369108823,26.75815369108823,2100
2015-06-12,26.84732437133789,26.854753880705044,26.80273881130891,26.80273881130891,1500
2015-06-15,26.936487197875977,27.419487412508722,26.936487197875977,27.28573359413683,1300
2015-06-16,26.84732437133789,27.15198527834755,26.84732437133789,27.15198527834755,1200
2015-06-17,26.943920135498047,27.44921177264327,26.854751856769028,26.854751856769028,2800
2015-06-18,26.936487197875977,27.30802495232944,26.401471924388396,26.86218078082853,3900
2015-06-19,27.449207305908203,27.449207305908207,26.958777600792192,26.958777600792192,2100
2015-06-22,27.285737991333008,27.456645045770923,26.86218510976762,26.86218510976762,2200
2015-06-23,27.45665168762207,27.597835070760386,27.241159022877337,27.241159022877337,3200
2015-06-24,26.973648071289062,27.49380164225348,26.9364948522078,27.49380164225348,2500
2015-06-25,27.025659561157227,27.493797996408077,27.025659561157223,27.24858168069288,1300
2015-06-26,27.45665168762207,27.679573863222817,27.122267006916317,27.263450390054633,3200
2015-06-29,26.825035095214844,27.456651222426345,26.75072864947665,27.456651222426345,1200
2015-06-30,27.53095245361328,27.649844445040962,27.018231272070537,27.263444764248835,5700
2015-07-01,27.85790252685547,28.236869795301665,27.85790252685547,27.86533203483717,2400
2015-07-02,28.125417709350586,28.236880212453954,27.753879811818297,27.865342314921666,7100
2015-07-06,27.865331649780273,27.86533164978027,27.857902141901235,27.86533164978027,700
2015-07-07,27.85790252685547,27.86533203483717,27.09996515535492,27.56810069262231,3500
2015-07-08,26.877052307128906,27.791038102976465,26.750730772427193,27.791038102976465,5400
2015-07-09,27.382343292236328,27.58297410715313,26.93649892660522,26.93649892660522,3400
2015-07-10,26.988502502441406,27.337748901881888,26.780442265127828,26.780442265127828,2800
2015-07-13,27.08510971069336,27.85790911554056,27.08510971069336,27.315461362512686,2100
2015-07-14,26.988502502441406,27.270871992087077,26.408904507291787,26.877040041247337,5500
2015-07-15,27.412063598632812,27.687000828778103,26.93649557850831,27.687000828778103,3000
2015-07-16,27.412063598632812,27.412063598632812,26.8324654284322,26.988510653546367,2400
2015-07-17,26.572385787963867,26.572385787963867,26.572385787963867,26.572385787963867,400
2015-07-20,26.943920135498047,27.865335131059474,26.936490626690826,26.98850569216679,5500
2015-07-21,27.010801315307617,27.43435424936466,26.93649487707649,26.93649487707649,12400
2015-07-22,27.278308868408203,27.278308868408203,27.01080115697001,27.01080115697001,800
2015-07-23,26.6912841796875,26.795317183689395,24.67011971886963,24.89304191536894,36900
2015-07-24,26.899343490600586,26.973649933894173,26.557529316075495,26.557529316075495,4700
2015-07-27,27.49380111694336,27.724155606220183,27.19656970075448,27.724155606220183,800
2015-07-28,27.382343292236328,27.382343292236328,27.12226788471974,27.12226788471974,2300
2015-07-29,27.308029174804688,27.716720200975292,27.308029174804688,27.709290691965013,900
2015-07-30,27.34518814086914,27.865341753863078,27.24115798519218,27.530957085894894,5300
2015-07-31,28.23686981201172,28.23686981201172,27.122256529958626,27.508656141223344,5400
2015-08-03,27.59039878845215,28.080828588252366,27.25601418981369,27.530951377757063,5800
2015-08-04,27.605274200439453,28.12542512646931,27.23373620492673,27.23373620492673,1000
2015-08-05,27.605274200439453,27.605274200439457,27.605274200439457,27.605274200439457,100
2015-08-06,27.605274200439453,27.605274200439457,27.605274200439457,27.605274200439457,0
2015-08-07,27.62755584716797,27.857910343752092,27.181711543350453,27.181711543350453,1100
2015-08-10,27.12968635559082,27.12968635559082,27.12968635559082,27.12968635559082,200
2015-08-11,27.12226104736328,27.575537644431936,27.12226104736328,27.575537644431936,1700
2015-08-12,27.204002380371094,27.204002380371094,27.204002380371094,27.204002380371094,200
2015-08-13,26.862186431884766,27.218862411041812,26.71357073191715,27.218862411041812,12800
2015-08-14,27.233718872070312,27.34517849901986,26.43862829447599,26.43862829447599,14400
2015-08-17,27.204002380371094,27.746447312181658,27.010801107085257,27.122263598181615,11800
2015-08-18,27.204002380371094,27.204002380371094,27.204002380371094,27.204002380371094,0
2015-08-19,27.144548416137695,27.144548416137695,26.38661102945647,26.38661102945647,8000
2015-08-20,26.4534969329834,26.4534969329834,26.4534969329834,26.4534969329834,100
2015-08-21,26.750722885131836,26.78044659086582,26.453491497009153,26.453491497009153,15200
2015-08-24,25.54694366455078,25.54694366455078,25.45034302870754,25.45034302870754,5000
2015-08-25,26.75815773010254,26.75815773010254,25.264576651742274,26.007652435617047,10000
2015-08-26,26.081951141357422,26.4163357118073,25.368599280803227,26.4163357118073,4100
2015-08-27,25.82187843322754,26.290016879088693,25.82187843322754,26.290016879088693,1400
2015-08-28,26.891902923583984,27.31545575700058,26.007644046463202,26.750719590647865,8600
2015-08-31,26.929059982299805,26.929059982299805,26.79530615254237,26.79530615254237,400
2015-09-01,26.007646560668945,26.260292383499785,25.747571228905667,25.747571228905667,1200
2015-09-02,26.490650177001953,27.367479740963564,26.446064613973626,26.446064613973626,1200
2015-09-03,27.0405330657959,27.0405330657959,26.446072879338715,26.446072879338715,600
2015-09-04,26.37918472290039,26.758152044931194,25.755001083678405,26.37918472290039,6500
2015-09-08,26.721006393432617,26.721006393432617,26.416345413929534,26.52780792321991,1200
2015-09-09,27.077678680419922,27.077678680419925,27.077678680419925,27.077678680419925,200
2015-09-10,26.527803421020508,26.527803421020508,26.527803421020508,26.527803421020508,400
2015-09-11,26.243043899536133,26.77509806569522,26.08567624903239,26.08567624903239,400
2015-09-14,26.924968719482422,26.924968719482422,25.905821110766205,25.905821110766205,400
2015-09-15,26.31048583984375,26.60274084526997,26.198078749157787,26.40040979721388,9700
2015-09-16,26.52779769897461,26.55027796773454,26.040704245887188,26.385415040480893,1100
2015-09-17,26.258028030395508,26.258028030395508,26.258028030395508,26.258028030395508,300
2015-09-18,28.40123176574707,28.40123176574707,25.246369938310266,26.15311324683191,8700
2015-09-21,28.236377716064453,28.401240707451304,27.876678982827947,28.401240707451304,2900
2015-09-22,27.749271392822266,27.816715053148634,27.307141365933866,27.816715053148634,600
2015-09-23,27.029888153076172,27.561942381089825,26.895000763068264,27.561942381089825,2600
2015-09-24,26.100656509399414,26.100656509399418,26.100656509399418,26.100656509399418,400
2015-09-25,26.670185089111328,27.104819941071142,26.670185089111328,26.969935431493433,600
2015-09-28,26.9774227142334,27.164765927526684,26.730128300543583,26.730128300543583,1300
2015-09-29,26.617734909057617,27.007409294163566,25.9283101173681,26.977433681778862,4400
2015-09-30,27.337120056152344,27.337120056152344,27.052357584910947,27.052357584910947,1300
2015-10-01,26.258028030395508,27.71181047868534,26.258028030395508,27.71181047868534,900
2015-10-02,26.700162887573242,26.79757932701037,26.258032668501006,26.79757932701037,1600
2015-10-05,27.232210159301758,27.232210159301758,26.947447668816842,26.947447668816842,4200
2015-10-06,27.074848175048828,27.074848175048828,26.59524989675962,27.059860371523385,1000
2015-10-07,27.014894485473633,27.29965700910073,26.243041255744117,26.243041255744117,2100
2015-10-08,27.074848175048828,27.35960786613853,26.962441077923632,26.99990915742162,1600
2015-10-09,27.614397048950195,27.614397048950195,27.35211761255635,27.35211761255635,6500
2015-10-12,27.65186309814453,27.65186309814453,27.65186309814453,27.65186309814453,700
2015-10-13,27.65186309814453,27.65186309814453,27.65186309814453,27.65186309814453,0
2015-10-14,28.236377716064453,28.236377716064457,27.614396691200554,27.644372300294787,29700
2015-10-15,28.198909759521484,28.198909759521484,27.352117379944747,27.352117379944747,3800
2015-10-16,27.65935516357422,27.741786644541488,27.052362051695084,27.052362051695084,6800
2015-10-19,28.281333923339844,29.00073120650326,27.187247339235956,27.68183332873964,20200
2015-10-20,28.064002990722656,28.506132916208237,28.019039607940755,28.10147104705951,3700
2015-10-21,28.483654022216797,29.023203261145948,28.476161553289394,28.476161553289394,2000
2015-10-22,28.925790786743164,29.023210057390944,28.491156021430186,28.745942904072468,7700
2015-10-23,28.95576286315918,28.95576286315918,28.6934835417513,28.6934835417513,400
2015-10-26,29.6377010345459,29.802564006283315,28.918303653815304,28.918303653815304,900
2015-10-27,29.150604248046875,29.55526340393195,29.045689650533944,29.55526340393195,1100
2015-10-28,29.58524513244629,29.787576181621333,28.25136213266016,29.000735118361327,1300
2015-10-29,29.150604248046875,29.682658271596694,28.4686750866805,29.682658271596694,800
2015-10-30,28.47616958618164,29.0007311766006,27.554441282085655,28.850856028105085,5900
2015-11-02,28.47616958618164,28.47616958618164,28.47616958618164,28.47616958618164,0
2015-11-03,28.948274612426758,28.94827461242676,28.483661377317908,28.483661377317908,1000
2015-11-04,28.626049041748047,29.00073554004676,28.446198264766974,29.00073554004676,800
2015-11-05,28.98574447631836,28.98574447631836,28.98574447631836,28.98574447631836,300
2015-11-06,29.0007381439209,29.41289275732917,28.700987774915948,28.948282258139738,25600
2015-11-09,28.95576286315918,29.000726257670618,28.641027677469722,29.000726257670618,2200
2015-11-10,28.70097541809082,28.70097541809082,28.70097541809082,28.70097541809082,300
2015-11-11,28.865840911865234,28.865840911865234,28.581078444362657,28.85085311266716,3400
2015-11-12,28.835872650146484,28.835872650146484,28.835872650146484,28.835872650146484,400
2015-11-13,28.678497314453125,28.790901518943386,28.476166316014226,28.476166316014226,2900
2015-11-16,28.738445281982422,29.173082871250195,28.303810551344974,28.476165949583127,5700
2015-11-17,28.745946884155273,29.225545115855017,28.551108315882907,29.225545115855017,1600
2015-11-18,28.903318405151367,29.225549046404797,28.85086252016884,29.225549046404797,1400
2015-11-19,28.850862503051758,28.850862503051758,28.850862503051758,28.850862503051758,200
2015-11-20,29.023218154907227,29.023218154907227,29.023218154907227,29.023218154907227,100
2015-11-23,29.113136291503906,29.195567768649184,28.85085691752418,28.99323674073735,1200
2015-11-24,29.113136291503906,29.113136291503906,29.113136291503906,29.113136291503906,0
2015-11-25,29.173084259033203,29.173084259033203,29.07566499152331,29.07566499152331,600
2015-11-27,29.060680389404297,29.22554334353996,29.060680389404297,29.22554334353996,7400
2015-11-30,28.888324737548828,29.225543114441614,28.888324737548828,29.19556751235542,1100
2015-12-01,29.225543975830078,29.225543975830078,29.20306370291823,29.225543975830078,1500
2015-12-02,29.225543975830078,29.225543975830078,29.225543975830078,29.225543975830078,0
2015-12-03,28.918291091918945,28.92578356072912,28.850847438108048,28.858339906918218,600
2015-12-04,28.873348236083984,29.225554551855726,28.850867955037064,28.850867955037064,5600
2015-12-07,29.188074111938477,29.41288540316648,28.86584354634709,29.20306191250443,25500
2015-12-08,29.038198471069336,29.22554168701172,29.038198471069336,29.22554168701172,400
2015-12-09,29.225543975830078,29.225543975830078,28.603563078047813,29.225543975830078,7000
2015-12-10,29.038198471069336,29.210553886700655,28.603560837940314,29.210553886700655,1200
2015-12-11,28.75106430053711,29.1062032121985,28.75106430053711,29.1062032121985,700
2015-12-14,28.713281631469727,29.46133944750775,28.33547529421355,29.10620056810819,9900
2015-12-15,28.713281631469727,28.811512086237745,28.713281631469727,28.811512086237745,400
2015-12-16,29.408445358276367,29.468895758785667,28.88707362483554,28.88707362483554,15300
2015-12-17,29.1817626953125,29.604906859900648,29.09864483419395,29.468896338512806,2400
2015-12-18,28.7283935546875,29.347995702609712,28.7283935546875,29.174205137454315,10100
2015-12-21,28.56216812133789,28.939974585594832,28.388377493671847,28.607505934725168,2400
2015-12-22,29.41600227355957,29.41600227355957,28.72083709939153,28.72083709939153,3900
2015-12-23,29.48402214050293,29.66536766192889,28.71329646835488,29.37823677259861,2200
2015-12-24,28.713281631469727,28.713281631469727,28.713281631469727,28.713281631469727,300
2015-12-28,29.431116104125977,29.657799344283426,28.98530448276169,28.98530448276169,2000
2015-12-29,29.665353775024414,29.84670209399294,29.106201982869468,29.740916775608692,5800
2015-12-30,29.46889877319336,29.46889877319336,28.71328598413712,28.71328598413712,1300
2015-12-31,29.46889877319336,29.68046943175021,28.539495388546268,29.521791437832572,2600
2016-01-04,29.30266571044922,29.58979940356679,28.72084346390528,29.58979940356679,2100
2016-01-05,28.909757614135742,29.499137826368436,28.902202750969156,29.499137826368436,4000
2016-01-06,29.15908432006836,29.15908432006836,28.97018120912789,28.97018120912789,900
2016-01-07,28.53194236755371,29.363118302507203,28.53194236755371,29.106209796421144,3200
2016-01-08,28.819068908691406,29.015529831615975,28.562160466551905,28.562160466551905,2900
2016-01-11,28.992862701416016,29.023087905588525,28.713286768905594,28.713286768905594,5800
2016-01-12,29.045751571655273,29.091089371989067,28.902186194248877,28.902186194248877,1000
2016-01-13,29.068429946899414,29.068429946899414,28.90219418216542,29.038204738323316,2200
2016-01-14,29.35555648803711,29.35555648803711,29.091093157758408,29.091093157758408,9700
2016-01-15,29.151540756225586,29.272438678761958,28.90218716962528,29.015530233067935,1000
2016-01-19,28.819068908691406,29.18932041270537,28.71328358823993,29.18932041270537,7300
2016-01-20,28.44127082824707,28.743517159642145,27.99545907477839,28.743517159642145,15700
2016-01-21,28.411039352416992,28.766178281113255,28.365704430410833,28.37325928993386,7800
2016-01-22,28.781291961669922,28.788846821476195,28.562163555644517,28.705731833870733,1100
2016-01-25,29.015525817871094,29.015525817871094,28.713279616305048,28.713279616305048,2100
2016-01-26,28.924854278564453,29.038197340632582,28.37325733352943,28.78128889805412,2300
2016-01-27,28.970190048217773,28.970190048217773,28.29769522927415,28.29769522927415,1400
2016-01-28,29.007980346679688,29.015538090253827,28.373265360879305,28.52438852558123,3300
2016-01-29,28.90219497680664,29.023092932000477,28.713291741664115,28.917307581510197,3600
2016-02-01,28.8870792388916,28.98530971759293,28.335482197996065,28.70573376698764,23400
2016-02-02,28.864416122436523,28.909751056022714,28.44882956409959,28.61506245797352,3300
2016-02-03,29.038196563720703,29.038196563720703,28.547047151144508,28.547047151144508,6500
2016-02-04,28.713281631469727,28.992857513957894,28.713281631469727,28.992857513957894,600
2016-02-05,28.7283935546875,28.7283935546875,28.403479881699813,28.403479881699813,2400
2016-02-08,28.713281631469727,28.713281631469727,28.67550157423083,28.67550157423083,300
2016-02-09,28.25991439819336,28.705725979123848,28.229689200264694,28.29769445438743,4600
2016-02-10,28.55461311340332,28.637730996301716,27.9727908155491,28.26747939496374,4200
2016-02-11,28.8795223236084,28.8795223236084,28.8795223236084,28.8795223236084,400
2016-02-12,28.38837432861328,28.81151855908057,28.33548166010915,28.81151855908057,2800
2016-02-16,28.20703125,28.705735654173417,27.972790210753967,28.07857555672492,2100
2016-02-17,28.77373504638672,28.77373504638672,28.77373504638672,28.77373504638672,500
2016-02-18,28.75106430053711,29.038197950017256,28.713284239866166,28.713284239866166,1500
2016-02-19,28.75862693786621,29.808928368459792,28.64528385412451,29.03064515046445,4700
2016-02-22,29.695585250854492,29.99783155219812,28.788849229257963,29.317778815392135,4500
2016-02-23,30.035612106323242,30.41341854791221,28.388375790400573,29.400897169156394,2900
2016-02-24,30.753446578979492,30.75344657897949,29.58224712343044,29.58224712343044,5000
2016-02-25,30.43607521057129,30.602310908254065,29.793805640778814,30.383182558114655,3400
2016-02-26,29.54445457458496,30.602313477394258,29.54445457458496,29.84670079894008,1300
2016-02-29,30.322736740112305,30.60231261619118,29.952485269818496,29.952485269818496,5100
2016-03-01,30.753446578979492,30.776114044317257,30.413420186740204,30.413420186740204,1600
2016-03-02,30.753446578979492,30.75344657897949,30.73833397460946,30.73833397460946,500
2016-03-03,30.3907413482666,31.01789834153165,30.322736095268368,30.322736095268368,3600
2016-03-04,29.279991149902344,30.247174451313914,29.106200580582055,30.224506993447584,4800
2016-03-07,30.118736267089844,30.118736267089844,29.703149671142192,29.703149671142192,1700
2016-03-08,29.59735870361328,30.20940624807093,29.59735870361328,30.111175754715685,1600
2016-03-09,29.227108001708984,30.186736756838847,29.227108001708984,30.186736756838847,400
2016-03-10,29.151540756225586,29.604907245128523,28.834181908046457,29.604907245128523,900
2016-03-11,29.715370178222656,29.715370178222656,28.892481608916288,28.892481608916288,2000
2016-03-14,28.968673706054688,29.715367199724284,28.968673706054688,29.715367199724284,1400
2016-03-15,28.961061477661133,28.983921435764874,28.961061477661133,28.968682432543268,1600
2016-03-16,29.334413528442383,29.410605647717226,29.334413528442383,29.334413528442383,5100
2016-03-17,29.425838470458984,29.715373694648985,28.869627978292954,28.869627978292954,14000
2016-03-18,29.212493896484375,29.517268077152533,28.229600215698664,29.349641987130845,15200
2016-03-21,28.915340423583984,29.326784692032287,28.389605111719384,28.389605111719384,3700
2016-03-22,29.60108184814453,29.715372906555917,29.082967421352986,29.235354530387387,4800
2016-03-23,30.073484420776367,30.073484420776367,29.540130952630307,29.5477490007064,7400
2016-03-24,29.738229751586914,30.088720971924012,28.968679070729507,28.968679070729507,1400
2016-03-28,29.53250503540039,29.997284366590314,29.23535179914246,29.425834941004425,2300
2016-03-29,29.768705368041992,30.081097606431747,28.99153379548994,29.707752273658237,5800
2016-03-30,29.79155921936035,29.898232209537724,29.601076096713438,29.77632312730537,2000
2016-03-31,29.1058349609375,29.722998698851985,29.06773890038797,29.722998698851985,14700
2016-04-01,29.288684844970703,29.41059393117032,29.182014757863772,29.364879840434142,3200
2016-04-04,29.562986373901367,30.0963398126492,29.12106694628224,29.509651320680824,4900
2016-04-05,29.562986373901367,29.562986373901367,29.220116098524727,29.524890322535608,2700
2016-04-06,29.61631202697754,30.09633026014823,29.425828924065208,30.09633026014823,2900
2016-04-07,29.639177322387695,30.096335689227512,29.56298232355305,30.096335689227512,2100
2016-04-08,29.684892654418945,29.722988702155682,29.578222558139238,29.722988702155682,1300
2016-04-11,29.867761611938477,29.943953717256754,29.677278442100278,29.677278442100278,1000
2016-04-12,30.088727951049805,30.096346000272217,29.502039338461866,29.99729392112282,2600
2016-04-13,30.088727951049805,30.088727951049805,29.34203123936115,29.34203123936115,600
2016-04-14,30.073484420776367,30.073484420776367,29.753471177271702,29.761092131890365,1400
2016-04-15,29.95157814025879,30.096344319745178,29.95157814025879,30.096344319745178,1200
2016-04-18,29.59346580505371,30.03538525398885,29.456317688287708,29.951575099558557,3300
2016-04-19,29.715370178222656,29.715370178222656,29.26582984644427,29.288686893410976,4600
2016-04-20,29.700132369995117,29.71537137076519,29.433457122874362,29.433457122874362,2900
2016-04-21,29.738229751586914,29.738229751586914,29.57822459614265,29.57822459614265,800
2016-04-22,29.433454513549805,29.76870378114438,29.395358468273006,29.395358468273006,900
2016-04-25,29.82965660095215,29.89823063776171,29.334399345489565,29.82203564878351,8300
2016-04-26,29.761083602905273,30.096332846485787,29.57060048362372,29.63917452282675,3600
2016-04-27,29.570615768432617,30.096348403041574,29.509659743614815,30.096348403041574,1900
2016-04-28,29.265825271606445,29.265825271606445,29.265825271606445,29.265825271606445,200
2016-04-29,29.722990036010742,29.73061098982537,29.722990036010742,29.73061098982537,700
2016-05-02,29.410600662231445,29.71537490075363,29.387743611632175,29.387743611632175,1400
2016-05-03,29.433454513549805,29.433454513549805,29.189636335927943,29.425833560569277,1300
2016-05-04,29.334413528442383,29.334413528442383,28.679150839123796,28.8467769893801,6500
2016-05-05,29.067724227905273,29.33439942368576,28.945815151756815,28.945815151756815,4600
2016-05-06,29.1058349609375,29.441084362933726,28.915351751646735,28.915351751646735,1100
2016-05-09,29.1058349609375,29.1058349609375,29.1058349609375,29.1058349609375,0
2016-05-10,29.425838470458984,29.433459424711117,28.762957871102543,28.762957871102543,900
2016-05-11,29.166778564453125,29.334404664055505,29.052490420076907,29.334404664055505,1700
2016-05-12,29.31916618347168,29.31916618347168,29.311548136328355,29.311548136328355,500
2016-05-13,28.938199996948242,28.938199996948242,28.747716845646682,28.747716845646682,1000
2016-05-16,29.212493896484375,29.258210895547197,28.846766623607785,28.907719715816217,4200
2016-05-17,28.99915885925293,29.58584737188278,28.99915885925293,29.288691185063104,2200
2016-05-18,29.700132369995117,29.71537137076519,29.02963086882296,29.71537137076519,3700
2016-05-19,29.94395637512207,29.94395637512207,29.486797889549397,29.715377132335735,4300
2016-05-20,30.401111602783203,30.401111602783203,29.715371106929496,29.90585425505084,4200
2016-05-23,31.27733612060547,31.27733612060547,30.263967161519265,30.42397232771037,7500
2016-05-24,31.27733612060547,31.27733612060547,30.56873849142482,31.27733612060547,5100
2016-05-25,32.80881881713867,33.10597206622582,31.02589641607361,31.277332662784957,20100
2016-05-26,33.486942291259766,33.52503834443357,31.856406800463667,32.763105654787346,17000
2016-05-27,33.342166900634766,33.525031990369804,32.656429353847855,33.4945539909903,4300
2016-05-31,33.4488410949707,33.52503318960296,33.296453999164086,33.296453999164086,4400
2016-06-01,33.02214813232422,33.311683238866976,32.96119214924522,33.311683238866976,1000
2016-06-02,32.15354919433594,32.76309455829829,30.622063379180116,32.76309455829829,9000
2016-06-03,32.313560485839844,32.76310082269195,30.134432849795456,32.04688524641153,6500
2016-06-06,32.435482025146484,32.68692126724592,31.582118025058218,32.229759801576925,11900
2016-06-07,32.38976287841797,32.572628033978894,31.87165123517194,32.382144829101826,12100
2016-06-08,32.435482025146484,32.57263017419286,30.38588365235401,32.03927658418398,6400
2016-06-09,32.328800201416016,32.458327347277695,30.49254276582686,32.29832220008073,11200
2016-06-10,32.00878143310547,33.144062079773754,31.422095995427068,32.397368616186846,17600
2016-06-13,32.66140365600586,33.01458220457215,31.978079051085686,32.03950000660277,5100
2016-06-14,32.48481750488281,33.20653064249472,31.59419159786826,32.66140679614363,5300
2016-06-15,32.54624557495117,32.70747892885943,31.978089110078383,31.985765633613234,6900
2016-06-16,32.36965560913086,32.93013553945666,31.786143179800117,32.76122273647937,7400
2016-06-17,31.839876174926758,33.014580063198686,31.839876174926758,32.292867041785186,4700
2016-06-20,31.240999221801758,32.40802637148967,30.565354236865026,31.64792503122303,9000
2016-06-21,31.878265380859375,31.878265380859375,30.473224837154092,31.125840401666274,11900
2016-06-22,32.346622467041016,32.55392374052281,31.118170801465865,31.502061397798197,12400
2016-06-23,32.684425354003906,32.97618285069856,31.96271252412875,32.76120225525727,18400
2016-06-24,31.609542846679688,32.71514937802242,30.826408792114755,32.093245704142134,290200
2016-06-27,32.23911666870117,33.32936398491994,31.340811621178197,32.22376070143525,22300
2016-06-28,32.983863830566406,33.145097102316946,32.24679493497699,32.59997341467382,17900
2016-06-29,34.212310791015625,34.41193249450076,33.07599564853226,33.07599564853226,17900
2016-06-30,34.365882873535156,35.532910569201896,33.85914743333734,34.54247511485115,14000
2016-07-01,34.2430419921875,34.99547018169593,33.59042911240202,34.13555308764429,9300
2016-07-05,34.18929672241211,34.35820952771425,33.34473855360723,33.905218491647254,10000
2016-07-06,34.45033645629883,34.45033645629883,34.066445913883214,34.35820354619776,12800
2016-07-07,34.91868209838867,34.934038070981046,34.24303394858556,34.43497921271183,5500
2016-07-08,35.88608169555664,35.90911418605633,34.120183226335236,34.74976335004221,8900
2016-07-11,35.46379852294922,36.08570210293968,34.29677120986003,34.29677120986003,16600
2016-07-12,35.31024932861328,36.00892991848955,35.19508100756195,35.84769368324728,23300
2016-07-13,34.964752197265625,35.21044191636518,34.619250114515474,35.064561632063736,10100
2016-07-14,35.172054290771484,35.73253415896778,34.84190817365068,35.73253415896778,5400
2016-07-15,35.23347091674805,35.248826888774865,34.765124020912864,35.179726479080294,4700
2016-07-18,34.995460510253906,35.14901437210593,34.588534575559954,35.003137031805636,4800
2016-07-19,35.31024932861328,35.54058304186386,34.81886703046609,34.81886703046609,5300
2016-07-20,35.48683547973633,35.48683547973633,34.626918730383096,34.626918730383096,4900
2016-07-21,34.93404006958008,35.27954215054422,34.550149519364915,34.88029562685816,13600
2016-07-22,35.67877960205078,35.70181209197434,34.934031186770596,34.934031186770596,5200
2016-07-25,35.70181655883789,35.70181655883789,35.1029483150836,35.26418162242482,15900
2016-07-26,35.317935943603516,35.50988124764484,34.98778978634421,35.50988124764484,16900
2016-07-27,35.317935943603516,35.64040264854354,35.20276758963756,35.394712893678886,9200
2016-07-28,35.26417922973633,35.317923661870154,34.15857571731664,35.317923661870154,2000
2016-07-29,35.07990264892578,35.12597054993509,34.55013496714927,34.93402535567315,10500
2016-08-01,34.85725784301758,35.072235581291835,34.573176770181426,35.049203089005886,5800
2016-08-02,33.805397033691406,34.79583524246402,33.52899540065234,34.79583524246402,5400
2016-08-03,34.31983184814453,34.53480971971364,34.005041566695255,34.07414201525016,3300
2016-08-04,33.521324157714844,34.13554847849254,33.38312331943329,34.13554847849254,2900
2016-08-05,33.958961486816406,34.13555080803786,33.65952729305599,34.13555080803786,3900
2016-08-08,33.75165557861328,33.759335029571695,33.49828934518096,33.705590588272344,1300
2016-08-09,32.99922561645508,33.19885030807003,31.002996273417335,31.002996273417335,3800
2016-08-10,33.71326446533203,33.9052097202995,32.92245095209876,32.92245095209876,4300
2016-08-11,33.974308013916016,34.00501995572313,31.095129368668896,31.310107103614715,2200
2016-08-12,33.77468490600586,34.1201839866068,30.880150405026413,30.880150405026413,12200
2016-08-15,33.766998291015625,33.766998291015625,32.999217512423584,33.52130867617427,2900
2016-08-16,32.86871337890625,33.667203580389966,32.63070015865611,33.114403122263205,14200
2016-08-17,32.96851348876953,33.09903777545062,32.692114802392766,32.93780447618452,8800
2016-08-18,32.822635650634766,33.12206975286636,32.761211768714496,33.022257409171864,1300
2016-08-19,33.01457977294922,33.01457977294922,32.70746623142758,32.715145680834105,4900
2016-08-22,33.1220703125,33.5213167651718,33.01458144617528,33.5213167651718,5600
2016-08-23,33.052982330322266,33.08369428334325,33.02227037730128,33.08369428334325,1500
2016-08-24,32.96851348876953,33.006904879991694,32.96851348876953,33.006904879991694,1000
2016-08-25,33.00690460205078,33.00690460205078,32.46945734683752,32.46945734683752,1500
2016-08-26,32.6767692565918,32.6767692565918,32.6767692565918,32.6767692565918,300
2016-08-29,33.152774810791016,33.152774810791016,32.753528447754725,32.753528447754725,800
2016-08-30,32.653724670410156,33.00690615285114,32.653724670410156,33.00690615285114,1400
2016-08-31,32.638370513916016,33.01458450981587,32.63069399225987,32.66908245824503,3800
2016-09-01,32.385009765625,32.63069950405318,31.217982043664772,32.55392255911414,3200
2016-09-02,32.77656936645508,32.81496075898721,32.630692032929886,32.707468960290086,2900
2016-09-06,32.99922561645508,33.12207045404429,32.63836762466403,32.63836762466403,2000
2016-09-07,33.12974166870117,33.33703990091194,32.76120431869014,33.01457338071632,2100
2016-09-08,33.383113861083984,33.53667062998472,33.24491306195849,33.53667062998472,2900
2016-09-09,32.86871337890625,33.513649687431446,32.82264545370703,33.060658673957164,4700
2016-09-12,33.39079666137695,33.39079666137695,32.83031395931348,32.853349380713986,2800
2016-09-13,33.08141326904297,33.978641090729866,33.065943467739054,33.41400662066994,4200
2016-09-14,33.07368087768555,33.220642532496626,33.06594745138335,33.081417254551006,2800
2016-09-15,33.79299545288086,33.79299545288086,33.112342119897654,33.112342119897654,1200
2016-09-16,33.313453674316406,33.83168167993349,33.06594275987813,33.83168167993349,8500
2016-09-19,33.181968688964844,33.37533679799013,33.081416446114,33.37533679799013,4600
2016-09-20,33.28250503540039,33.28250503540039,33.28250503540039,33.28250503540039,600
2016-09-21,33.414005279541016,33.65377981372072,33.07367556564036,33.16649436973842,6400
2016-09-22,33.24384307861328,33.375334919643045,33.073678208067605,33.375334919643045,3100
2016-09-23,33.0659294128418,33.0659294128418,33.0659294128418,33.0659294128418,1000
2016-09-26,33.08913040161133,33.96315456626184,33.08139698004869,33.18194916373167,2000
2016-09-27,33.14328384399414,33.14328384399414,33.0659378012921,33.0659378012921,1800
2016-09-28,33.09687805175781,33.297979537089255,32.94991643693633,33.297979537089255,4900
2016-09-29,33.16649627685547,33.259312135727775,33.027271013265526,33.135556673710376,4600
2016-09-30,33.32118225097656,33.499080494680285,32.949913015655056,33.166487228019626,4000
2016-10-03,33.13555145263672,33.236103671733055,33.08914205523168,33.18969427432802,3700
2016-10-04,33.205162048339844,33.205162048339844,33.205162048339844,33.205162048339844,800
2016-10-05,33.29798126220703,33.29798126220703,33.29798126220703,33.29798126220703,300
2016-10-06,33.120079040527344,33.20516145377618,33.065936223107585,33.09687581893666,1500
2016-10-07,33.0659294128418,33.74658562808212,33.0659294128418,33.73884925543711,1700
2016-10-10,33.421730041503906,33.421730041503906,32.98858753690369,32.98858753690369,2600
2016-10-11,33.205162048339844,33.746593182794406,33.06593681517832,33.53775533305212,9500
2016-10-12,33.15876007080078,33.86261981786415,33.15876007080078,33.86261981786415,2700
2016-10-13,33.120079040527344,33.413999299779064,33.065936223107585,33.1046092426128,7000
2016-10-14,32.95764923095703,33.243833104184304,32.95764923095703,33.01952546950465,2600
2016-10-17,32.903507232666016,33.065935682268545,32.617320401771416,33.065935682268545,3800
2016-10-18,33.205162048339844,33.205162048339844,33.205162048339844,33.205162048339844,400
2016-10-19,32.78749084472656,33.135553975357325,32.78749084472656,33.135553975357325,1200
2016-10-20,32.98085021972656,34.1797313972576,32.98085021972656,34.1797313972576,1000
2016-10-21,32.80295181274414,32.80295181274414,32.36207294950739,32.36207294950739,2000
2016-10-24,32.6559944152832,33.042730481970835,30.946618758096744,30.946618758096744,17400
2016-10-25,32.741092681884766,33.68472713531852,32.19192495874342,32.70241669603167,6400
2016-10-26,32.71014404296875,33.220635639322936,31.867059123930197,32.50903959408103,7400
2016-10-27,32.485836029052734,33.21289891607185,31.928935038660367,32.15324270985314,9400
2016-10-28,32.93444061279297,32.93444061279297,32.17643542323641,32.54770459592444,7700
2016-10-31,32.33113479614258,32.795219849536096,32.29246177933363,32.795219849536096,4300
2016-11-01,32.369808197021484,32.91123929045702,31.828380054148035,32.292462162485876,9400
2016-11-02,32.44717025756836,32.48584329042049,31.944411978800826,31.983085011652957,4200
2016-11-03,32.408485412597656,32.60185345694356,32.02174932390586,32.33113642452198,4200
2016-11-04,31.712350845336914,32.36980084117421,31.712350845336914,32.33112783269462,2300
2016-11-07,32.60185623168945,32.60185623168945,32.02175204927906,32.02175204927906,2800
2016-11-08,32.71787643432617,32.79522543167183,32.40848929663119,32.40848929663119,2000
2016-11-09,32.09909439086914,32.94991258004083,31.90572635236993,32.83389352727857,13900
2016-11-10,33.027252197265625,33.33663920076636,31.905717301992425,32.21510725605444,11100
2016-11-11,32.75654602050781,32.9885900376334,32.17644187881833,32.75654602050781,23000
2016-11-14,32.87257385253906,32.87257385253906,32.62506294428261,32.87257385253906,4000
2016-11-15,32.75654602050781,33.41399915142657,32.0990958401513,32.87256802907061,9000
2016-11-16,32.75654602050781,32.75654602050781,32.02174980148426,32.447158915277434,12400
2016-11-17,32.64052200317383,32.988585025415986,32.56317302569679,32.717868030089065,3700
2016-11-18,33.37532424926758,33.607365302740625,32.52450311911696,32.71787115543818,4600
2016-11-21,33.29798126220703,33.99410749857813,32.29246788233081,33.25930823808922,23200
2016-11-22,34.458187103271484,34.69022818112792,33.452673798852,33.452673798852,7100
2016-11-23,35.69575500488281,38.132191469597316,33.91676599661612,34.34217820763144,44100
2016-11-25,35.347679138183594,36.58523344323035,34.69022601629571,35.425025175788186,55200
2016-11-28,34.767578125,35.19298727113196,34.14880091693875,35.19298727113196,9400
2016-11-29,34.806251525878906,35.81176486873624,34.806251525878906,35.57972378200955,3700
2016-11-30,34.88359451293945,35.579720662651,34.574207407949395,35.30900657696442,6200
2016-12-01,34.032779693603516,35.425029181865696,34.032779693603516,34.80625195936723,12300
2016-12-02,34.612884521484375,35.38635680129408,34.03278031162709,34.03278031162709,3300
2016-12-05,35.85042953491211,35.85042953491211,34.574202380114876,34.574202380114876,6200
2016-12-06,35.50237274169922,36.15982288668687,34.18746950116182,36.15982288668687,14400
2016-12-07,35.81175231933594,36.4692052769953,34.844912337979345,34.844912337979345,3100
2016-12-08,37.51341247558594,37.86147565567823,36.35320384232039,36.50789891686843,11000
2016-12-09,38.364219665527344,38.72001911741124,37.47472841222327,37.47472841222327,24400
2016-12-12,38.093509674072266,38.32555076725359,37.63716091223854,38.2868777434838,8300
2016-12-13,38.700889587402344,39.94679227022779,38.700889587402344,38.93449596912383,19100
2016-12-14,38.778743743896484,39.401694866076355,38.6230052207352,38.85661449070976,7800
2016-12-15,38.73980712890625,38.934479526538944,38.73980712890625,38.934479526538944,2600
2016-12-16,38.817691802978516,39.01236428538155,37.7742471784796,39.01236428538155,14600
2016-12-19,39.20703887939453,40.21933821878373,37.03449611632243,38.856630768569886,26900
2016-12-20,38.93449020385742,40.10252490997314,38.93449020385742,39.36276900200668,8300
2016-12-21,40.063594818115234,41.58204067434341,39.24597104028965,39.331624431680055,19900
2016-12-22,38.856624603271484,40.64761065957298,38.856624603271484,40.64761065957298,8000
2016-12-23,39.829994201660156,39.829994201660156,38.28818540648285,39.09023811660301,7700
2016-12-27,38.31153869628906,39.82998439809121,38.00006158857268,39.401702632364724,15300
2016-12-28,38.23366165161133,38.50620481869562,37.37710420183867,37.37710420183867,7100
2016-12-29,38.93449020385742,38.93449020385742,38.93449020385742,38.93449020385742,1700
2016-12-30,38.817691802978516,38.817691802978516,38.27261122862309,38.817691802978516,4000
2017-01-03,37.57179260253906,39.012367918283964,37.57179260253906,39.012367918283964,2100
2017-01-04,38.039005279541016,38.46728715555095,37.37711996828921,38.46728715555095,14200
2017-01-05,37.06563949584961,38.350479069092025,37.06563949584961,37.96113410392358,8600
2017-01-06,36.94883728027344,37.88326577791604,36.59842622234917,37.33818224008566,4600
2017-01-09,36.1701545715332,37.64966393149495,35.81974344375096,36.79310603733114,7300
2017-01-10,36.793087005615234,37.06562720265587,35.897592694541096,35.936529554517215,5200
2017-01-11,36.36481857299805,36.754163519239,36.36481857299805,36.59842494664938,4400
2017-01-12,36.1312255859375,36.248027330805016,36.1312255859375,36.248027330805016,2500
2017-01-13,36.40374755859375,36.793092452268546,36.13120732120771,36.75415855699423,7500
2017-01-17,35.35252380371094,36.40375401488471,35.07998054752291,36.092276856517344,8500
2017-01-18,35.27465057373047,35.975472646045866,35.23571667426097,35.897601876640756,13400
2017-01-19,34.846370697021484,35.469321981310785,34.846370697021484,35.469321981310785,4200
2017-01-20,35.19676971435547,35.19676971435547,34.61275252762545,35.002097318778794,3700
2017-01-23,35.002113342285156,35.002113342285156,35.002113342285156,35.002113342285156,700
2017-01-24,34.963172912597656,35.8586643927474,34.729563598199974,35.8586643927474,5000
2017-01-25,34.963172912597656,35.43038560046136,34.85415384632802,34.85415384632802,5200
2017-01-26,35.35252380371094,36.01440905215867,34.53489700561319,34.84637416398055,11400
2017-01-27,35.97545623779297,36.87094739902612,35.118895987806965,35.819717740480534,23900
2017-01-30,34.45702362060547,36.559486672905074,34.145546512684845,35.81973076944297,56800
2017-01-31,33.75621032714844,34.495966421577826,32.899652514945956,34.495966421577826,9400
2017-02-01,34.69063949584961,35.27465700578131,33.72506554289053,34.10662198591791,5000
2017-02-02,35.70293045043945,36.05334149682019,34.80743885465113,34.80743885465113,4100
2017-02-03,36.83202362060547,36.98776216063811,36.55948340339753,36.98776216063811,5600
2017-02-06,36.83202362060547,37.19800874411235,35.741859781308115,35.741859781308115,10400
2017-02-07,36.1701545715332,36.63736742826494,36.1701545715332,36.63736742826494,1100
2017-02-08,36.598426818847656,36.715231496881586,35.50825972541884,36.36482043324615,10500
2017-02-09,37.29924392700195,37.29924392700195,36.83202824820277,36.83202824820277,3200
2017-02-10,37.37710952758789,38.35825734568213,36.987764636675514,37.29924173759173,4200
2017-02-13,37.41603469848633,37.8443133845373,37.41603469848633,37.8443133845373,1500
2017-02-14,37.37710952758789,37.571781973044075,37.3615353754955,37.37710952758789,4000
2017-02-15,37.45498275756836,37.51727937498591,37.011129755100036,37.2992471549569,2600
2017-02-16,37.45498275756836,37.61072133064603,37.10457468122637,37.61072133064603,2500
2017-02-17,37.14349365234375,37.57177232831443,36.83201663138415,37.57177232831443,4000
2017-02-21,37.06563949584961,37.37711665617091,36.75416530599466,36.97998609870429,1400
2017-02-22,37.37710952758789,37.37710952758789,36.79309219121933,36.79309219121933,1600
2017-02-23,37.45498275756836,37.45498275756836,36.98777000880156,37.36154080190824,1700
2017-02-24,37.5328483581543,37.5328483581543,36.832026361095465,36.98776491271585,6000
2017-02-27,37.338172912597656,37.626287279153985,37.104566589161024,37.18243437348471,3400
2017-02-28,36.98776626586914,36.98776626586914,36.79309381183825,36.98776626586914,3300
2017-03-01,37.37710952758789,37.37710952758789,36.69965024913078,36.69965024913078,8500
2017-03-02,37.338172912597656,37.68858388298539,36.71522172661144,37.14350048132287,2300
2017-03-03,37.14349365234375,37.338166047827244,37.14349365234375,37.338166047827244,1000
2017-03-06,36.83202362060547,37.02669605302988,36.71522194343017,36.71522194343017,3000
2017-03-07,36.36481857299805,36.63735884718023,36.17014609987758,36.63735884718023,1900
2017-03-08,36.28695297241211,36.63736406805628,36.09228047155053,36.63736406805628,2300
2017-03-09,36.05333709716797,36.7152252085527,35.62505830184011,36.32588030907904,2200
2017-03-10,35.819732666015625,36.325882250569634,35.23571528559145,35.66399410380931,10200
2017-03-13,34.235416412353516,36.353068568226924,33.82757147343412,35.96091031833481,32800
2017-03-14,35.17658996582031,35.37266906929073,34.11776400385195,34.11776400385195,6400
2017-03-15,35.09815979003906,35.29423889501135,34.91776737249612,34.91776737249612,3800
2017-03-16,35.37267303466797,35.88247995761372,34.71384705347393,35.019733002399384,8800
2017-03-17,35.64717102050781,35.64717102050781,35.25501293005543,35.25501293005543,6500
2017-03-20,35.960906982421875,36.4707138567614,35.960906982421875,36.274634750004616,2200
2017-03-21,35.725616455078125,36.117774710330195,35.725616455078125,36.078559483191,4800
2017-03-22,34.54915237426758,35.84327621360248,34.509937135000364,35.84327621360248,4100
2017-03-23,35.25502014160156,35.25502014160156,34.31383993360814,34.31383993360814,2900
2017-03-24,35.01972961425781,35.80404604018135,34.90208095359739,34.933454328697465,3500
2017-03-27,35.29423904418945,35.60796681024302,34.517764468768206,34.517764468768206,1600
2017-03-28,35.60796356201172,35.60796356201172,35.60796356201172,35.60796356201172,600
2017-03-29,36.039337158203125,36.19620102779605,35.56874554942433,35.764824638433126,3300
2017-03-30,35.725616455078125,35.725616455078125,35.725616455078125,35.725616455078125,1200
2017-03-31,36.31385803222656,36.35307326389514,35.584443353855505,36.35307326389514,13300
2017-04-03,36.392303466796875,36.470733955951104,35.84328106692316,36.470733955951104,8300
2017-04-04,36.392303466796875,36.392303466796875,36.23543949655705,36.23543949655705,1500
2017-04-05,36.392303466796875,36.94132287473921,36.392303466796875,36.470733955951104,2500
2017-04-06,37.25503158569336,37.25503158569336,35.68639867682206,35.68639867682206,7700
2017-04-07,36.862876892089844,37.31778191539528,35.96875652703308,37.13738648068442,7200
2017-04-10,37.137386322021484,37.64719326086778,36.66679760303268,36.66679760303268,8500
2017-04-11,37.25503158569336,37.5295411479739,37.25503158569336,37.49032592363809,1900
2017-04-12,37.84326934814453,38.07856368871075,37.647190232351036,37.647190232351036,4000
2017-04-13,37.05895233154297,38.00013267168241,36.86287321867766,37.96091744749531,7300
2017-04-17,37.804054260253906,37.804054260253906,37.04326633080291,37.294247360572946,3900
2017-04-18,38.35307693481445,38.47072261124559,37.96091869618416,37.96091869618416,4100
2017-04-19,38.157005310058594,38.66680932525252,38.157005310058594,38.54916362571416,2600
2017-04-20,38.39229202270508,38.470722473378096,38.07072238785785,38.19621290409262,3200
2017-04-21,38.90209197998047,38.90209197998047,37.027576275373924,38.27463946261232,4300
2017-04-24,40.00014114379883,40.784457636814494,38.24327088299455,38.980530301264466,9500
2017-04-25,39.84328079223633,40.35308775483332,38.50994203707749,38.50994203707749,4000
2017-04-26,39.88249206542969,40.39229897745105,38.902096459180875,39.843276839565725,8500
2017-04-27,40.19621276855469,40.37660516926496,40.0393489008281,40.0393489008281,3800
2017-04-28,39.215824127197266,40.00014060974121,39.215824127197266,39.88249194058764,2600
2017-05-01,39.60798263549805,39.60798263549805,39.25503961758782,39.56876740949246,3500
2017-05-02,39.29425811767578,39.6079859357209,38.823669382538306,38.823669382538306,2600
2017-05-03,39.09817123413086,39.29425033358373,38.94131034811226,39.04326932563843,4000
2017-05-04,39.490333557128906,39.490333557128906,38.219741697722924,39.13739353479886,2600
2017-05-05,38.78444290161133,39.09816763671237,37.09816160469935,38.82365811950779,3400
2017-05-08,38.07857131958008,38.43151439712343,37.30209954091518,37.88249216449272,5600
2017-05-09,37.88249588012695,38.313869465243535,37.79622056471749,38.313869465243535,900
2017-05-10,37.921695709228516,38.00012914224767,37.921695709228516,38.00012914224767,1000
2017-05-11,37.921695709228516,38.07855958333728,37.921695709228516,37.921695709228516,1400
2017-05-12,37.09816360473633,37.411891348680406,37.09816360473633,37.411891348680406,1500
2017-05-15,37.490318298339844,37.76483079671608,37.37267264926079,37.37267264926079,1600
2017-05-16,37.647186279296875,38.196208344255865,36.862869898478195,36.862869898478195,3300
2017-05-17,36.862876892089844,37.13738648068442,36.862876892089844,36.88640543056077,4400
2017-05-18,37.25503158569336,37.764838477848464,37.09816769642026,37.29424681002917,4000
2017-05-19,37.137386322021484,38.196215427641455,37.0981710940941,37.37268367344599,15400
2017-05-22,37.88249588012695,37.88249588012695,36.94131524500756,37.21582788421321,11400
2017-05-23,37.960906982421875,37.960906982421875,37.41188501936758,37.41188501936758,3400
2017-05-24,37.76483917236328,38.0785639647492,37.39620947458169,38.0785639647492,6000
2017-05-25,37.960906982421875,38.313846894737,37.56874886480152,38.19620125460828,4100
2017-05-26,38.03935241699219,38.07856764584016,37.764842823126166,37.764842823126166,1800
2017-05-30,37.25503158569336,37.45111069930227,37.25503158569336,37.45111069930227,500
2017-05-31,37.76483917236328,38.11777918980621,37.60797528020537,37.60797528020537,6200
2017-06-01,38.31386184692383,38.35308006753418,37.64719398357017,37.88248834758145,5000
2017-06-02,38.43149948120117,39.019736718158335,37.64718316525829,38.549148125364326,9200
2017-06-05,37.84326934814453,38.78444970233928,37.84326934814453,38.78444970233928,3700
2017-06-06,37.45111083984375,37.72562040315444,37.45111083984375,37.45111083984375,1400
2017-06-07,37.29424285888672,37.76483447684913,37.01973332568912,37.60797060419499,5600
2017-06-08,37.647186279296875,37.72561672060692,36.862869898478195,36.862869898478195,4000
2017-06-09,37.647186279296875,38.03934446970622,37.647186279296875,37.960914028396175,6700
2017-06-12,38.11777114868164,38.235419790964,37.68639778019507,37.68639778019507,2000
2017-06-13,38.02301788330078,38.457340420452006,37.786111942687235,38.457340420452006,5700
2017-06-14,38.220428466796875,38.25991177678077,37.54920014753691,38.25991177678077,4400
2017-06-15,37.90456008911133,38.654755110018414,37.715035963216906,38.49681884050369,7700
2017-06-16,37.86507797241211,38.101980877984985,37.50972210786087,37.588688738923864,10700
2017-06-19,37.98352813720703,38.4573369634585,37.746625230273246,37.746625230273246,6500
2017-06-20,37.90456008911133,38.29939925670624,37.54920423579915,38.29939925670624,6300
2017-06-21,37.98352813720703,38.57578691073344,37.6281752829983,38.338884003799656,5200
2017-06-22,37.746620178222656,38.733718001985714,37.54920061347004,38.57578174770693,5200
2017-06-23,37.11489486694336,38.2204461317637,37.11489486694336,37.74663715581862,22700
2017-06-26,37.11489486694336,37.45445691203597,37.11489486694336,37.19386152340845,2400
2017-06-27,37.11489486694336,37.430767517573415,37.035928210478275,37.15437819517591,5100
2017-06-28,37.391273498535156,38.48892907725575,37.31230685828613,37.588693111541964,15600
2017-06-29,37.11489486694336,37.65977202627611,36.99644186986088,37.65977202627611,6200
2017-06-30,37.03591537475586,37.549204488655455,36.83849578962898,37.31230158897996,12300
2017-07-03,37.35178756713867,37.470240531615374,36.956948368728355,37.11488465056929,2900
2017-07-05,37.86507797241211,37.90456128794361,37.193849558841116,37.31230251781949,12700
2017-07-06,38.53630447387695,38.81269371525659,37.62817614118834,37.746626091164785,6400
2017-07-07,38.53630447387695,39.08907994425226,37.90456237018401,38.299401561540094,25900
2017-07-10,38.33889389038086,38.61528319673031,38.33889389038086,38.536313532465606,3600
2017-07-11,38.220428466796875,38.45733133908368,37.82558934219106,38.41784802909979,3800
2017-07-12,38.77321243286133,38.891665410639355,37.944050625568224,38.37837319011372,9900
2017-07-13,38.85219192504883,39.01012826460948,38.417869250545884,38.417869250545884,7200
2017-07-14,38.654762268066406,38.85218188842182,38.457342647710995,38.733728911254836,9300
2017-07-17,38.97062301635742,39.207528916971405,37.95194029572866,38.37836428958978,9400
2017-07-18,38.733726501464844,38.891662790400154,38.615276544051476,38.85217947126237,3500
2017-07-19,38.9311408996582,38.9311408996582,38.69423800415036,38.852174271950176,1500
2017-07-20,38.733726501464844,38.81269615212457,37.730834530967414,37.730834530967414,2200
2017-07-21,38.5757942199707,39.68134534498374,38.5757942199707,38.93115015389521,11700
2017-07-24,38.654762268066406,39.01011818718302,38.615278946472195,38.812698566827606,2700
2017-07-25,38.5757942199707,39.286506087819724,38.5757942199707,38.773213848552714,2900
2017-07-26,39.3654670715332,39.48392003659661,38.70213709442302,38.773208270984256,4800
2017-07-27,39.325984954833984,39.68134084849133,39.24701831730307,39.44443792351448,8400
2017-07-28,39.523406982421875,39.68134327954369,39.04960110344075,39.60237663717494,4000
2017-07-31,39.325984954833984,39.54709696221196,39.325984954833984,39.44443792351448,3600
2017-08-01,39.483924865722656,39.5234081881115,39.40495822094498,39.5234081881115,4800
2017-08-02,39.128570556640625,39.28650686510792,38.73373129166467,38.73373129166467,3600
2017-08-03,38.97062301635742,39.247012229612515,38.8916563910752,38.8916563910752,1900
2017-08-04,39.20753860473633,39.20753860473633,38.970632645585404,39.08908562516087,3000
2017-08-07,38.97062301635742,39.207528916971405,38.81268976579298,38.97062301635742,3000
2017-08-08,39.128570556640625,39.128570556640625,38.73373129166467,38.73373129166467,1700
2017-08-09,38.81269073486328,39.04959362900856,38.74161956538132,38.931140675744054,3300
2017-08-10,38.53630447387695,38.81269371525659,38.457337840559326,38.733724069554995,8600
2017-08-11,38.299407958984375,38.65476389303948,37.7071490730207,38.65476389303948,5800
2017-08-14,38.654762268066406,38.69424558966062,38.33888967054401,38.575792612493636,7900
2017-08-15,38.33889389038086,38.852186164755075,38.26782269873497,38.61528319673031,2600
2017-08-16,38.02301788330078,38.65476002937385,37.82559827437894,38.49682373975954,7500
2017-08-17,37.90456008911133,38.49681884050369,37.70714050531387,38.18094630147425,12900
2017-08-18,37.35178756713867,37.983529682118366,37.35178756713867,37.66766013082053,11900
2017-08-21,37.23333740234375,37.62817659849847,37.11488443854373,37.35178735375977,3400
2017-08-22,37.43076705932617,37.43076705932617,37.27283073594469,37.312314063693854,1100
2017-08-23,37.19384765625,37.493926261230335,37.03591440220283,37.47023687560001,1600
2017-08-24,37.2728271484375,37.2728271484375,37.2728271484375,37.2728271484375,600
2017-08-25,37.391273498535156,37.47024315116842,37.391273498535156,37.47024315116842,600
2017-08-28,37.35178756713867,37.470240531615374,37.23333761504599,37.41496328482865,3200
2017-08-29,37.23333740234375,37.23333740234375,37.23333740234375,37.23333740234375,700
2017-08-30,37.11489486694336,37.509734174038506,36.68057223161568,37.19386152340845,14900
2017-08-31,36.99644088745117,37.66766949911991,36.83850757871478,37.2728302025094,14700
2017-09-01,37.66766357421875,37.66766357421875,37.11488804343541,37.11488804343541,2600
2017-09-05,36.99644088745117,37.7861194806722,36.941163626916484,37.746636153488105,17800
2017-09-06,36.95695114135742,37.509726663079654,36.86219057009723,37.154370755373634,13700
2017-09-07,37.23333740234375,37.54920695183713,36.91746484046637,37.075401121405065,22900
2017-09-08,37.15437316894531,37.391276118677276,36.9569535421046,37.114889846054055,3100
2017-09-11,37.470237731933594,37.588687675176,37.114881877438805,37.114881877438805,8800
2017-09-12,37.90456008911133,38.259915942423504,37.312301337718964,37.54920423579915,21100
2017-09-13,38.299407958984375,38.299407958984375,37.7071490730207,37.90456870167526,2200
2017-09-14,38.72080993652344,38.72080993652344,38.32326569288977,38.72080993652344,9000
2017-09-15,39.15809631347656,39.277360764187925,38.601533931858484,38.720798382569846,13800
2017-09-18,39.95318603515625,40.271222560087324,38.561781546369716,38.561781546369716,7700
2017-09-19,41.14582443237305,41.344596531080164,39.674912115149,39.674912115149,10900
2017-09-20,41.86140441894531,42.02041966852334,40.74827947377031,40.74827947377031,26000
2017-09-21,42.0601692199707,42.33844889149516,41.622868260402356,41.86139715944725,12700
2017-09-22,42.09992980957031,42.378209525937535,41.781893248275125,41.94091152892272,16200
2017-09-25,41.98065948486328,42.9347660026372,41.42409709674341,42.29869600179492,9700
2017-09-26,42.13968276977539,42.37820866941513,41.384348226731746,41.94091068123872,5600
2017-09-27,42.97452163696289,43.3323119754747,42.298697801012565,42.298697801012565,17900
2017-09-28,43.570831298828125,44.365919472284915,42.02040875398324,42.02040875398324,19000
2017-09-29,43.7298469543457,44.36591684889572,43.37205669084241,43.809354553781766,19800
2017-10-02,44.962242126464844,44.962242126464844,43.2209998658251,43.570837621020615,15300
2017-10-03,44.922489166259766,45.35978712676071,44.33412248689802,44.3659267469762,14100
2017-10-04,45.20077133178711,45.51880788392262,45.121263710263904,45.16101752102551,11300
2017-10-05,45.47905349731445,45.87659766593954,44.64421134980603,45.3597890335184,7500
2017-10-06,45.08150863647461,45.3200345273829,44.56470001198893,45.3200345273829,6700
2017-10-09,45.28028106689453,45.5585607695965,44.564700355630514,44.564700355630514,4000
2017-10-10,46.274139404296875,46.39340082880813,45.16101457739821,45.16101457739821,9700
2017-10-11,46.67168045043945,47.46676869309423,46.03561046291982,46.15487187950547,27100
2017-10-12,45.99586486816406,47.11693944303569,45.797092758910075,46.63193804419417,14700
2017-10-13,46.63192367553711,46.63192367553711,45.677817238501675,45.677817238501675,3400
2017-10-16,46.989707946777344,47.02946478026654,46.234376638811625,46.39339184068616,4500
2017-10-17,46.393409729003906,46.98972606502207,46.393409729003906,46.98972606502207,2200
2017-10-18,46.63192367553711,47.38725503154527,46.07536133451471,46.472905430527746,13200
2017-10-19,46.94996643066406,47.66554715841183,46.1151242703059,46.23438873593764,25200
2017-10-20,46.55241394042969,47.62578484031896,46.43315252912253,47.427012788452885,22800
2017-10-23,46.31390380859375,47.33161608909972,46.27414999132808,47.33161608909972,8400
2017-10-24,47.54627990722656,47.54627990722656,46.20258176720157,46.31389364432515,17800
2017-10-25,47.38726806640625,48.166457377982404,47.06923452192648,47.22825281067716,16200
2017-10-26,47.824562072753906,47.90406968890463,47.029473779162124,47.029473779162124,3500
2017-10-27,46.55241394042969,47.82455689218503,46.353641888563615,46.71938173607219,5500
2017-10-30,45.63806915283203,46.80684687907534,45.63806915283203,45.995856457649104,4500
2017-10-31,46.115116119384766,47.148730184421986,44.3659214530798,44.842976198265234,27100
2017-11-01,46.234375,46.31388259811906,45.439286886727565,46.07535677074142,13200
2017-11-02,46.870460510253906,47.427022981702216,45.60626986735878,45.60626986735878,9800
2017-11-03,46.5921745300293,46.91021107254318,46.5921745300293,46.91021107254318,3200
2017-11-06,46.43315887451172,46.830703032570824,46.15487614405761,46.393402032288826,5100
2017-11-07,45.35979461669922,46.39340897574422,44.84298895368756,46.31390134544141,18100
2017-11-08,44.763465881347656,45.12125618456956,42.66443347980696,45.12125618456956,26300
2017-11-09,45.28028106689453,45.638071422526544,43.491332321755756,44.28642065292855,22600
2017-11-10,45.558563232421875,45.83684598318866,45.43930179611164,45.43930179611164,2100
2017-11-13,46.03561782836914,46.07537164025808,44.96224670923907,44.96224670923907,6000
2017-11-14,45.95609664916992,46.194622498910626,45.6380631938559,45.67781699664256,8100
2017-11-15,46.870460510253906,47.70530270091564,45.55856347277014,46.3138980388056,12600
2017-11-16,47.625789642333984,48.26185966583494,46.71143689834934,46.71143689834934,14400
2017-11-17,46.94996643066406,47.22824917279769,46.39340397941817,47.22824917279769,4900
2017-11-20,46.910213470458984,46.98972109364103,46.870459658867965,46.870459658867965,5200
2017-11-21,47.70529556274414,47.70529556274414,46.75118904488506,46.75118904488506,10500
2017-11-22,47.347511291503906,47.983581373707125,47.347511291503906,47.864319939368556,6100
2017-11-24,46.5921745300293,48.26186182869528,46.5921745300293,47.34750904373382,22300
2017-11-27,45.87660598754883,47.10899252722633,45.87660598754883,46.98972804179676,8000
2017-11-28,46.51266860961914,46.94996659678052,45.797087879339536,45.797087879339536,11700
2017-11-29,47.506526947021484,47.768907547516314,46.43315893213828,46.43315893213828,14000
2017-11-30,47.70529556274414,49.01719240392801,47.307751433054605,47.307751433054605,11600
2017-12-01,48.222103118896484,48.65940104564973,46.83069869457737,47.86431280318167,4600
2017-12-04,48.14259338378906,49.05694609309907,48.102839577519276,48.50038370625911,4400
2017-12-05,49.01719284057617,49.01719284057617,47.74504979442473,48.102840120936726,5400
2017-12-06,48.93767166137695,49.93153178054798,48.46062001738302,49.0966898870484,9400
2017-12-07,49.573760986328125,50.408606240484175,49.51810504045393,49.613517833113896,5200
2017-12-08,48.81842041015625,50.05080660738379,48.65940215144472,50.05080660738379,3900
2017-12-11,48.738914489746094,48.81842514332128,48.30161651065716,48.65940686919222,3400
2017-12-12,48.77867126464844,49.29547992872268,48.540145355468596,48.540145355468596,3000
2017-12-13,49.17620849609375,49.41473740452823,48.97743642774572,49.215965336180204,4200
2017-12-14,48.32876968383789,49.8078126787565,47.857074379818464,49.64791539692522,7100
2017-12-15,50.487361907958984,50.487361907958984,46.51392969497941,48.28878325566885,18000
2017-12-18,51.16692352294922,52.006383301826645,50.36744034290314,50.527337588869614,9800
2017-12-19,48.72850799560547,51.00703419241098,48.39272342198915,51.00703419241098,5900
2017-12-20,49.48800277709961,49.727847085836395,48.48864894920815,48.96833756668171,6400
2017-12-21,49.20818328857422,49.328106971279496,48.96833897294962,49.328106971279496,1500
2017-12-22,48.9283561706543,49.20817397763957,48.64853531388367,49.20817397763957,3600
2017-12-26,47.48930358886719,48.208836643373424,47.48930358886719,48.00896584215729,2500
2017-12-27,47.00960922241211,47.84906593089003,46.87369854903904,47.7291452866996,2300
2017-12-28,46.48993682861328,47.20946968572095,46.48993682861328,46.569883907252276,2100
2017-12-29,46.370025634765625,46.52992288484278,46.074217704484035,46.074217704484035,3700
2018-01-02,45.730445861816406,46.37003189873819,45.690472306343814,46.37003189873819,4000
2018-01-03,46.48993682861328,46.68980757499634,45.610503714656495,45.610503714656495,3200
2018-01-04,47.2094841003418,47.64919926668703,46.80974248552131,47.609225715162275,2500
2018-01-05,47.329410552978516,47.48930781814875,47.00961602263803,47.329410552978516,5600
2018-01-08,46.649845123291016,46.809742378812,46.44997431633641,46.44997431633641,1800
2018-01-09,46.2501106262207,46.76977602418195,45.970292673341234,46.729802466597306,1800
2018-01-10,46.529930114746094,46.529930114746094,45.850367458773114,46.210135564901535,1300
2018-01-11,46.729793548583984,47.529276746849625,46.37002549940717,46.52992274901757,3000
2018-01-12,46.84971618652344,47.16951069931475,46.72979553156657,47.0096134429191,900
2018-01-16,46.689823150634766,47.24945898737236,46.39401215146024,46.889693963694356,2100
2018-01-17,46.889686584472656,46.92966013083646,46.17015055077983,46.210124097143634,3900
2018-01-18,46.409996032714844,47.40934996558892,45.41064209984077,47.00960839243929,3600
2018-01-19,46.969635009765625,46.969635009765625,45.890333978391865,46.290075552943065,2200
2018-01-22,46.234107971191406,46.969630940749305,45.98626711851728,46.969630940749305,4100
2018-01-23,45.9463005065918,46.21012837685596,45.9463005065918,46.21012837685596,1100
2018-01-24,45.33069610595703,46.09020572334285,45.33069610595703,46.09020572334285,3500
2018-01-25,45.25075149536133,45.25075149536133,45.1708043889239,45.1708043889239,2500
2018-01-26,45.090850830078125,45.930307526693085,44.57118556323801,44.57118556323801,1500
2018-01-29,44.41128921508789,45.250745928556334,44.05152118080534,45.250745928556334,5300
2018-01-30,44.09149932861328,44.11548284847967,43.651781132487116,44.09149932861328,3200
2018-01-31,43.77170181274414,44.33134061939399,43.419930329888935,44.33134061939399,4600
2018-02-01,43.73173522949219,44.17145041552653,43.571837966446985,43.89163249253739,3700
2018-02-02,43.132110595703125,43.93159363529063,42.61244540005694,43.61179919954132,7400
2018-02-05,41.17338562011719,42.7723520519664,40.933541265297094,42.53250769714631,5200
2018-02-06,41.17338562011719,41.17338562011719,40.453849505870465,40.493826106495845,5600
2018-02-07,41.89292907714844,42.372617870866094,41.01349555561677,41.01349555561677,6600
2018-02-08,41.812965393066406,42.892269404660404,41.65306816359478,41.772991848145,18800
2018-02-09,41.25333023071289,42.03682641881966,40.61374430655189,41.81296905802361,12500
2018-02-12,40.773643493652344,41.772997500849705,40.54179263203382,41.772997500849705,3000
2018-02-13,40.21400451660156,41.093437870115835,40.21400451660156,40.28595812689104,4300
2018-02-14,39.57441329956055,40.102072021563245,39.57441329956055,40.09407853249947,1600
2018-02-15,39.57441329956055,40.0141283929318,39.01477452173077,40.0141283929318,7300
2018-02-16,39.57441329956055,40.054101937822644,39.25461884086182,39.25461884086182,9700
2018-02-20,39.37454605102539,39.37454605102539,38.655009979417024,39.37454605102539,4400
2018-02-21,39.134708404541016,40.01413882045965,39.134708404541016,40.01413882045965,1400
2018-02-22,38.894866943359375,39.29460862602582,38.894866943359375,39.29460862602582,1200
2018-02-23,38.97480773925781,39.09473144452398,38.639026244170964,38.934834187431264,2200
2018-02-26,38.934837341308594,39.57442337170198,38.77494007126356,38.958820864389985,2600
2018-02-27,37.8955078125,38.854885286407054,37.695636997138266,38.854885286407054,2300
2018-02-28,37.05604934692383,38.45514510726832,37.05604934692383,38.45514510726832,3700
2018-03-01,37.09602355957031,37.57571228370298,36.200600134835774,36.776229043624184,14400
2018-03-02,38.65501403808594,38.65501403808594,37.05604753310143,37.05604753310143,5700
2018-03-05,39.45448684692383,40.17402280361938,39.41451330483758,39.814254825271604,6000
2018-03-06,40.25397491455078,40.61374293782498,39.13470034743635,39.45449177384641,6600
2018-03-07,40.93354034423828,41.33328194320587,40.293954395847415,40.293954395847415,3800
2018-03-08,40.53379440307617,41.26132391326892,40.53379440307617,41.26132391326892,10100
2018-03-09,41.2133674621582,41.57313559165882,40.25398680008559,40.25398680008559,6200
2018-03-12,41.45320510864258,41.57312881552506,40.31794036257771,40.31794036257771,7900
2018-03-13,40.85359573364258,42.19672793226302,40.733675067564874,41.253337386808504,7400
2018-03-14,41.28820037841797,43.139327684115095,40.65237744304719,40.96626693015692,16700
2018-03-15,41.56989669799805,42.05279841825595,40.129235498588194,41.69062059295539,6000
2018-03-16,42.53571701049805,42.7369266521186,41.48942748811429,41.48942748811429,26100
2018-03-19,43.46126174926758,45.27214765548706,41.89182668316789,43.018601364012284,20500
2018-03-20,43.46126174926758,43.823439544554276,42.89787440884538,42.89787440884538,10800
2018-03-21,43.662479400634766,44.34659075301971,43.46126981814336,43.46126981814336,5000
2018-03-22,43.86368179321289,44.62827869539428,43.38078010247416,43.94416438493133,8400
2018-03-23,42.133277893066406,44.346582908981745,41.408925366349806,43.58198908692768,8300
2018-03-26,42.33449172973633,42.53570129702636,41.27210546006213,41.27210546006213,2800
2018-03-27,41.73086929321289,41.73086929321289,41.04675788980211,41.36869447388648,2800
2018-03-28,42.49546432495117,42.49546432495117,41.36869247551573,41.4491750825416,9000
2018-03-29,42.33449172973633,42.77715523394587,42.31839766614175,42.736910864316386,3100
2018-04-02,41.77110290527344,42.80129479653906,41.77110290527344,42.37473154222702,1800
2018-04-03,42.133277893066406,43.501503426038695,41.97231271171652,42.133277893066406,14000
2018-04-04,43.01860809326172,43.01860809326172,41.835494800326266,41.835494800326266,4800
2018-04-05,42.69667053222656,43.501508819620895,42.69667053222656,42.89788010407515,5200
2018-04-06,41.8918342590332,42.97836784138581,41.56990077072523,41.87573712408562,14900
2018-04-09,42.45521926879883,42.93812100869941,42.133282728722186,42.29425099876051,9000
2018-04-10,42.97836685180664,43.421027306921914,41.81135069180128,42.65643030069671,6100
2018-04-11,42.81739807128906,43.34054112290494,42.41497892225479,42.616188496771926,8200
2018-04-12,43.34054946899414,43.66248607830266,42.3345014026738,42.3345014026738,5600
2018-04-13,42.65643310546875,43.66248105606943,42.65643310546875,43.340544483791334,7900
2018-04-16,42.65643310546875,43.05885228570902,42.65643310546875,42.77716008762671,4400
2018-04-17,43.98441696166992,44.06489956841221,42.65643245891958,42.65643245891958,5000
2018-04-18,44.90998458862305,44.95022589680465,43.26006639145699,43.74296823006632,4300
2018-04-19,44.789249420166016,45.473360698158814,44.789249420166016,45.473360698158814,1100
2018-04-20,45.875770568847656,45.875770568847656,44.515595318662236,44.54778650850609,2200
2018-04-23,47.485450744628906,47.485450744628906,44.491451850804204,46.922063426836296,3300
2018-04-24,47.80739212036133,47.88787471532662,46.43916651445201,46.92206822467215,5900
2018-04-25,47.887874603271484,48.451261977352814,46.463310570177036,47.6464237487264,5700
2018-04-26,47.9281120300293,47.9281120300293,47.726902489122196,47.726902489122196,1300
2018-04-27,47.56593704223633,47.64642270546518,47.32448619297803,47.4854544492216,1800
2018-04-30,46.60013198852539,47.284243215472145,46.47940503308113,46.76109716883238,10800
2018-05-01,47.2440071105957,47.2440071105957,46.15747360287346,46.15747360287346,11200
2018-05-02,47.12327575683594,47.44521226328794,46.55988840565196,46.72085665887796,5500
2018-05-03,47.68666458129883,48.129324988685774,46.84158506352118,46.881826360517415,14000
2018-05-04,48.732967376708984,48.89393568023424,47.36474140206683,47.807405004315044,9000
2018-05-07,48.69271469116211,48.934165554926665,48.411022528472515,48.53174642524764,5600
2018-05-08,48.129329681396484,48.877829545320644,48.129329681396484,48.209815353450644,2800
2018-05-09,47.64643478393555,47.807403080984926,47.17157999625809,47.485466486886175,5200
2018-05-10,48.169559478759766,48.169559478759766,47.40496573323479,47.40496573323479,1000
2018-05-11,47.36473846435547,48.29030384955793,47.36473846435547,48.14543269239207,900
2018-05-14,46.559898376464844,47.20377152725444,46.50355993630296,47.20377152725444,8600
2018-05-15,46.8818359375,47.04280422858158,46.35868975903855,46.39893413447003,11000
2018-05-16,47.36473846435547,47.72691635727012,47.36473846435547,47.72691635727012,2700
2018-05-17,47.28424835205078,47.48545791950632,47.28424835205078,47.48545791950632,800
2018-05-18,47.887874603271484,47.887874603271484,46.84158552009999,47.68666504611488,3900
2018-05-21,48.61222839355469,48.813437943080636,48.16956492842634,48.290291886227536,5700
2018-05-22,48.2902946472168,49.17561548766341,48.2902946472168,48.41102161192054,8100
2018-05-23,48.4110221862793,48.73295564561835,47.60618393261024,48.12932695536655,14600
2018-05-24,48.85368347167969,49.038795904856215,48.25005477080279,48.37077866884957,4200
2018-05-25,48.85368347167969,48.85368347167969,48.81344217233077,48.81344217233077,900
2018-05-29,48.4110221862793,48.77319694425894,47.64642523125084,48.73295564561835,13300
2018-05-30,49.17561721801758,49.49755375507945,48.089086778308896,48.451264614949906,6400
2018-05-31,48.61222839355469,49.618276141184424,48.37077447795229,48.934161830667755,4400
2018-06-01,48.974403381347656,49.25609859427811,48.29029213748558,48.8536794931324,5900
2018-06-04,48.4110221862793,49.497552600646806,48.12932695536655,49.497552600646806,9400
2018-06-05,48.7732048034668,49.20781826733218,48.33054430666233,48.69272219321682,10200
2018-06-06,49.17561721801758,49.37682678612766,48.65247418305999,48.73295678221828,8200
2018-06-07,49.29634475708008,49.73900519799873,48.74100744795096,48.74100744795096,4800
2018-06-08,49.1353759765625,49.73900468160679,49.09513467693575,49.41707121437845,11800
2018-06-11,49.05488967895508,49.618277041897635,48.53174361260539,49.13537227214081,7400
2018-06-12,48.2902946472168,48.81344073398068,48.2902946472168,48.81344073398068,6700
2018-06-13,47.887874603271484,48.65247153450942,47.80739200849452,48.370776312361656,10700
2018-06-14,47.596473693847656,47.798839656056074,47.0703240448215,47.798839656056074,13300
2018-06-15,47.029850006103516,47.43458194449635,46.01802016012143,47.272691639426924,39100
2018-06-18,47.71788787841797,47.758360447666206,47.1917352146136,47.1917352146136,5600
2018-06-19,48.972557067871094,49.17492300616808,46.94889768490121,46.94889768490121,20800
2018-06-20,50.7129020690918,50.75337463654311,48.97255387795477,48.97255387795477,12700
2018-06-21,50.7129020690918,51.19857905422545,49.822490145868144,50.4295879212147,13900
2018-06-22,52.210411071777344,52.61514294055081,49.74154728983101,50.631956165988996,31700
2018-06-25,51.56284713745117,52.04852729333684,51.32000860343808,52.00805163111842,5200
2018-06-26,51.96757125854492,53.343663364895214,51.643787605161805,51.643787605161805,2800
2018-06-27,51.6437873840332,51.96757103602994,51.03668956269772,51.96757103602994,5100
2018-06-28,52.048526763916016,53.48937139388277,51.27953241962079,53.48937139388277,8700
2018-06-29,50.631954193115234,52.048518766485046,50.631954193115234,51.96756745531005,5900
2018-07-02,51.11764144897461,51.11764144897461,50.2677019680058,50.2677019680058,1600
2018-07-03,52.12947082519531,52.29136111760982,51.36047958478882,51.36047958478882,2500
2018-07-05,51.96757125854492,52.29135799978725,51.32000395177869,51.84615663433267,12700
2018-07-06,52.048526763916016,52.93893574219356,52.048526763916016,52.61514897489656,6400
2018-07-09,52.979408264160156,53.141304744945266,52.31564813223939,52.57467632577629,2600
2018-07-10,51.7247428894043,52.615151917479324,51.7247428894043,52.615151917479324,12800
2018-07-11,50.67243576049805,52.57467457231523,50.67243576049805,51.2390610729094,11500
2018-07-12,50.591487884521484,51.01240943426382,50.04105224930914,50.83432640879531,3800
2018-07-13,49.57965850830078,50.955747606919374,49.57965850830078,50.59148827377631,15100
2018-07-16,50.227230072021484,50.227230072021484,49.41776624140757,49.70108043483812,11300
2018-07-17,51.76520919799805,51.76520919799805,49.741549753884435,49.741549753884435,15500
2018-07-18,52.048526763916016,52.25089272151177,51.34429100822397,51.76521257056628,5600
2018-07-19,51.239070892333984,51.40096431088517,50.59150030598934,51.239070892333984,17400
2018-07-20,51.92710494995117,52.08899524260927,51.52237304258712,51.52237304258712,7100
2018-07-23,52.49373245239258,53.14130603987432,52.12947616925874,52.53420811750497,8200
2018-07-24,52.41278076171875,53.019878608379585,51.72473777064687,52.69609185501674,12800
2018-07-25,52.29136276245117,53.01988145266982,52.12947246494435,53.01988145266982,5100
2018-07-26,53.50556182861328,54.55786735461788,52.61515278584289,52.61515278584289,11100
2018-07-27,51.31999969482422,53.50554920941304,51.23905147229862,53.4246040747464,3600
2018-07-30,50.51054763793945,51.15811812809567,50.51054763793945,51.15811812809567,6900
2018-07-31,50.591487884521484,51.0366923603334,50.38912193298339,50.38912193298339,10900
2018-08-01,49.053504943847656,50.51054225113487,48.770193849574774,50.389121446241155,24300
2018-08-02,50.105812072753906,50.22722979395814,48.24404280236129,48.972561481024435,9900
2018-08-03,50.14628601074219,50.18675858557801,48.8511420009793,49.74155408666495,9700
2018-08-06,50.227230072021484,50.227230072021484,49.86297073067333,49.86297073067333,2000
2018-08-07,49.5391845703125,49.862968233627896,48.729720780235034,48.83495193754571,3700
2018-08-08,49.37729263305664,49.660603732692714,48.83495336007918,48.83495336007918,6900
2018-08-09,49.78202438354492,49.86296952951262,49.01303314541422,49.66060357673398,6300
2018-08-10,49.660606384277344,49.660606384277344,49.660606384277344,49.660606384277344,400
2018-08-13,49.49869918823242,50.18674199659066,49.13443995939514,49.49869918823242,7000
2018-08-14,50.065330505371094,50.267696438032836,49.58774678077503,49.86296457270936,5900
2018-08-15,49.86297607421875,50.14629029801055,49.53919235999071,50.14629029801055,2400
2018-08-16,50.14628601074219,50.51054535998362,49.377294737423526,49.62013327429796,4300
2018-08-17,50.227230072021484,50.34865088175736,49.86297073067333,49.86297073067333,6400
2018-08-20,50.551029205322266,51.23907239451105,49.94393118385209,49.94393118385209,13000
2018-08-21,51.11764144897461,51.11764144897461,50.59148873102815,50.75338211253933,7100
2018-08-22,51.44142150878906,51.56284230835374,50.51863331324698,50.793851116115604,7300
2018-08-23,52.61515426635742,52.89846540034006,51.60332437661978,52.372312622532576,16300
2018-08-24,53.42461395263672,53.78887021384435,52.6151501048695,52.69609525450241,14800
2018-08-27,53.181766510009766,54.55785860610297,52.93893108767688,53.42460810806103,8900
2018-08-28,52.3723030090332,52.3723030090332,52.291357867856455,52.291357867856455,700
2018-08-29,51.522369384765625,51.927101263395805,51.27952778730017,51.927101263395805,1700
2018-08-30,51.44142150878906,51.52236973778524,51.02859634841573,51.02859634841573,1600
2018-08-31,50.42958450317383,51.239048148771666,50.42958450317383,51.03668223737221,4400
2018-09-04,50.75337600708008,51.11763529969621,49.94391228475937,50.06532999039205,6500
2018-09-05,50.30818176269531,50.91527967734798,50.18676094462091,50.30818176269531,6000
2018-09-06,50.51054763793945,51.481901829243945,50.18676084893151,50.18676084893151,1100
2018-09-07,49.82249069213867,50.22722254680732,48.61639149442714,48.61639149442714,6800
2018-09-10,50.51054763793945,50.63196536792268,49.8225014832625,50.18676084893151,5100
2018-09-11,49.053504943847656,50.71290820071817,48.61639683952083,50.71290820071817,2000
2018-09-12,48.851139068603516,49.91153775766302,48.64877311871227,49.91153775766302,2400
2018-09-13,48.9814338684082,49.1850142201366,48.61498861401916,49.1850142201366,1200
2018-09-14,48.777854919433594,48.777854919433594,48.777854919433594,48.777854919433594,800
2018-09-17,48.16710662841797,48.65569817084142,47.55636564719401,48.65569817084142,1800
2018-09-18,47.719234466552734,48.04496428050186,47.39350775899334,47.39350775899334,5600
2018-09-19,46.49775695800781,47.385367527773305,44.592244501189704,46.25346112639319,3000
2018-09-20,46.70132064819336,47.47492642720805,45.76485311055573,45.76485311055573,9500
2018-09-21,47.80066680908203,47.84138225781076,46.457035256306824,46.457035256306824,13300
2018-09-24,48.248538970947266,48.248538970947266,48.248538970947266,48.248538970947266,1000
2018-09-25,49.5107421875,49.5107421875,49.5107421875,49.5107421875,600
2018-09-26,49.18501663208008,49.18501663208008,48.737137351202705,48.818571359721226,1400
2018-09-27,47.719234466552734,47.80066847323488,47.29579005736449,47.719234466552734,1800
2018-09-28,47.84137725830078,47.88209270277466,47.06777138773976,47.597081485068166,4000
2018-10-01,48.04496383666992,48.70456530594823,47.80880987905785,47.80880987905785,2200
2018-10-02,46.73390197753906,47.36092979246318,46.44074579327434,47.36092979246318,4900
2018-10-03,46.318607330322266,46.318607330322266,45.984735642889774,45.984735642889774,1200
2018-10-04,47.14106750488281,47.14106750488281,46.47332417485604,46.78276719079691,1900
2018-10-05,45.98472595214844,48.02867109932405,45.960294200194305,47.64593908473212,3400
2018-10-08,45.35770034790039,45.96029641438514,45.35770034790039,45.96029641438514,4500
2018-10-09,45.683433532714844,47.23064557871135,45.47985316384109,46.71762217936031,5200
2018-10-10,44.79582214355469,46.497754119049425,44.79582214355469,45.96030207975582,2800
2018-10-11,44.470096588134766,44.78768146880023,44.470096588134766,44.78768146880023,1800
2018-10-12,44.35608673095703,45.58571065261153,43.37075549656207,43.37075549656207,3800
2018-10-15,44.69810104370117,44.84467914386711,44.69810104370117,44.84467914386711,900
2018-10-16,45.59385299682617,45.59385299682617,45.59385299682617,45.59385299682617,1500
2018-10-17,44.315372467041016,45.02383437551885,44.315372467041016,44.95054531968976,1100
2018-10-18,44.03036117553711,44.46195055609464,43.16717930803219,44.347946048505094,4300
2018-10-19,42.79259490966797,44.755109632787814,42.320290047199194,43.452196453849766,8000
2018-10-22,43.036888122558594,43.444048854489665,42.62972739062752,42.80073725889486,3700
2018-10-23,41.75840377807617,42.792592412555,41.13952083079232,42.181851313118756,3100
2018-10-24,40.488067626953125,40.488067626953125,40.488067626953125,40.488067626953125,1000
2018-10-25,40.96036911010742,41.994557744481746,39.39687338677575,40.952227262260635,7500
2018-10-26,39.926177978515625,40.98479830299772,39.49458862266317,40.4880617428862,11000
2018-10-29,39.77960968017578,41.23724611765811,38.59884582264819,40.94408983901469,13300
2018-10-30,39.74702453613281,40.47177001005646,38.712836092465714,40.41476776647073,13200
2018-10-31,39.53530502319336,39.934323892904764,37.271492429356925,38.88384849687961,24800
2018-11-01,39.5678825378418,40.65092853746175,39.03043046220098,39.41316256829325,9200
2018-11-02,39.55158615112305,41.53852904795791,39.1525704450387,40.04832265192909,8600
2018-11-05,41.36751937866211,42.38542095346378,39.73887685897943,39.85288133833497,25000
2018-11-06,43.96521759033203,43.96521759033203,41.17209469602208,41.3838169116909,7100
2018-11-07,45.98472595214844,45.98472595214844,43.647621526248365,43.97335129692949,3900
2018-11-08,45.6427116394043,46.37560210648486,45.284411359047944,45.78114788602594,3700
2018-11-09,44.29908752441406,45.76486549334465,42.02712996405728,44.86911004660557,6900
2018-11-12,43.64762878417969,45.113409889592376,43.15903715330201,45.113409889592376,8000
2018-11-13,44.57595443725586,44.59223813149946,43.34632739376152,43.72091448915612,5700
2018-11-14,45.89516067504883,45.89516067504883,45.13784142430973,45.13784142430973,1700
2018-11-15,44.7795295715332,45.34955199537445,43.84305883569818,45.34955199537445,6300
2018-11-16,44.90168380737305,46.41632218626294,44.46194948323279,44.77953745492727,6100
2018-11-19,44.54338455200195,45.08083659217557,43.56619817721633,45.08083659217557,7500
2018-11-20,43.84306335449219,45.105260875986694,43.84306335449219,44.087359147944426,2100
2018-11-21,44.88540267944336,44.88540267944336,44.78768496385692,44.78768496385692,1000
2018-11-23,44.65739059448242,44.6655324425633,43.89192951289198,44.6655324425633,2400
2018-11-26,43.7453498840332,44.64110224868105,43.71277628005586,44.61667359889297,4600
2018-11-27,42.86587905883789,43.411476025650394,41.82354863511092,43.411476025650394,6700
2018-11-28,42.971736907958984,44.62480821193297,42.971736907958984,43.19974588605489,9300
2018-11-29,42.13298416137695,42.42613721119144,41.00921993139277,42.42613721119144,5900
2018-11-30,42.8170166015625,44.32350980469747,41.733967752242314,41.733967752242314,12100
2018-12-03,43.036888122558594,43.81863908872255,42.59715689292933,43.81863908872255,3600
2018-12-04,41.790977478027344,43.15903779241119,41.53853670471477,43.1183223403001,6200
2018-12-06,41.5303955078125,41.92941440009128,40.740502677638744,41.172095174672926,6800
2018-12-07,41.31053161621094,41.62811652182406,40.71607726096763,41.5385406548275,6100
2018-12-10,41.93754959106445,41.93754959106445,40.349622334785096,41.43267122305816,6200
2018-12-11,39.90175247192383,42.157423341572844,39.90175247192383,41.33495690818545,5200
2018-12-12,40.007606506347656,42.206274646833904,39.779594429048025,39.779594429048025,5600
2018-12-13,41.04144287109375,41.107081295485735,39.014805264870276,39.15429200289082,5100
2018-12-14,40.90195083618164,41.61578856250604,40.46708654977066,40.46708654977066,4800
2018-12-17,40.565547943115234,40.639393121232196,38.96557430051661,40.639393121232196,6900
2018-12-18,40.532737731933594,41.59938806593986,40.01582139031414,40.959395361566564,9800
2018-12-19,39.080440521240234,41.96860271816406,38.97377457758616,40.74605557002111,5900
2018-12-20,39.055824279785156,39.63017528124458,38.80147111668196,39.055824279785156,7800
2018-12-21,39.720436096191406,41.033235876105635,39.039422188473885,39.039422188473885,18300
2018-12-24,39.81889343261719,40.13888816836447,39.31018393296668,39.589154264380454,3200
2018-12-26,42.00963592529297,42.98603061893971,40.76247450174957,40.86093370809302,3400
2018-12-27,43.21577453613281,43.21577453613281,41.599390129555935,41.599390129555935,2800
2018-12-28,44.58601379394531,44.840370169854104,42.87116698917964,42.87116698917964,2600
2018-12-31,43.658843994140625,45.61163664827643,42.70706325287444,44.27421955435484,7800
2019-01-02,45.04549026489258,45.69368344750952,43.306026504810696,43.306026504810696,3300
2019-01-03,42.4280891418457,43.486535763506765,42.4280891418457,43.486535763506765,4200
2019-01-04,44.62703323364258,44.62703323364258,42.51014302384736,42.51014302384736,7700
2019-01-07,44.077301025390625,44.80754618768652,42.74808756484556,44.38088542466783,4100
2019-01-08,43.85576248168945,43.85576248168945,43.388077339050895,43.388077339050895,1100
2019-01-09,44.06087875366211,44.44651187147114,43.0762774991186,43.0762774991186,3200
2019-01-10,43.25678634643555,44.0608764419698,42.83012572085311,42.83012572085311,1200
2019-01-11,42.64141845703125,44.51215887931141,41.54194749499818,43.0762827864304,5400
2019-01-14,41.27938461303711,41.27938461303711,41.27938461303711,41.27938461303711,1300
2019-01-15,41.271183013916016,41.5255393480257,41.02503343927271,41.02503343927271,3000
2019-01-16,42.83833694458008,43.07628287737922,41.29579802082906,41.29579802082906,2800
2019-01-17,41.779884338378906,44.18395107568521,41.48450678485424,44.18395107568521,5600
2019-01-18,41.84553909301758,43.863970227489894,41.84553909301758,41.853742723499586,2800
2019-01-22,40.13888931274414,41.52553738046493,39.794280550564075,41.52553738046493,4500
2019-01-23,40.1881217956543,41.24656839414831,39.18710999274105,40.622986142183414,6900
2019-01-24,40.11427307128906,40.61477892857644,39.45787322974878,40.00760711892585,3600
2019-01-25,41.43528366088867,41.968610346132294,40.69683180900699,40.893753346162654,4800
2019-01-28,41.42707443237305,42.33782741998639,41.14810411825076,42.0260394624083,5200
2019-01-29,41.33683395385742,41.72246722735697,41.33683395385742,41.45170357277058,2600
2019-01-30,41.18913650512695,42.6414231457835,40.66401654849762,41.73066685164619,11200
2019-01-31,41.00861740112305,41.42707443733724,40.204527232076856,41.24656331348318,9900
2019-02-01,41.328617095947266,41.44348668679778,40.55734760740693,40.55734760740693,4800
2019-02-04,41.38605880737305,42.15733155476193,41.1481159565466,41.71426037604433,5500
2019-02-05,42.173736572265625,42.29680979736334,41.230159530041185,41.43528470183244,4400
2019-02-06,40.614784240722656,42.28860640304629,40.32761025060124,40.467093865814,17700
2019-02-07,40.204532623291016,40.450682197033125,39.63018153125167,40.44247856755843,10400
2019-02-08,40.01581573486328,40.7460607880934,39.859921743374635,40.29478607171134,6100
2019-02-11,40.69683837890625,40.98401553653701,39.71223992406409,40.458895525964614,8100
2019-02-12,41.172725677490234,41.172725677490234,41.172725677490234,41.172725677490234,800
2019-02-13,41.76348876953125,42.33783678152012,41.76348876953125,42.33783678152012,900
2019-02-14,42.00963592529297,42.02604631467717,41.435284816693,41.81271438264434,5500
2019-02-15,41.59117889404297,42.099891575962516,41.59117889404297,42.099891575962516,2700
2019-02-19,42.0834846496582,42.362455032713555,41.48451947161978,41.48451947161978,2400
2019-02-20,41.443485260009766,41.443485260009766,41.443485260009766,41.443485260009766,1700
2019-02-21,41.985015869140625,42.38706255631091,41.985015869140625,42.31321737417602,4000
2019-02-22,42.444496154785156,43.20756197203407,42.444496154785156,42.58398288598321,2300
2019-02-25,41.43528366088867,41.8537376236472,41.43528366088867,41.845533994164796,2300
2019-02-26,42.411678314208984,42.411678314208984,41.5993844073515,41.5993844073515,1400
2019-02-27,42.26398849487305,42.26398849487305,42.26398849487305,42.26398849487305,500
2019-02-28,42.32963180541992,43.35525769416341,41.230160727488425,41.230160727488425,2800
2019-03-01,42.666038513183594,43.37166965092631,42.666038513183594,43.37166965092631,1700
2019-03-04,42.994239807128906,42.994239807128906,42.994239807128906,42.994239807128906,500
2019-03-05,43.24858856201172,43.48653450198696,42.14091393517216,42.14091393517216,1400
2019-03-06,42.666038513183594,43.48653925382174,42.666038513183594,43.48653925382174,3600
2019-03-07,42.2803955078125,43.281407255401874,42.2803955078125,43.281407255401874,2900
2019-03-08,41.55015563964844,42.23937636433292,41.55015563964844,41.5583623995638,3600
2019-03-11,43.24037170410156,43.24037170410156,43.24037170410156,43.24037170410156,800
2019-03-12,43.1501350402832,43.814741781848355,42.99424102286215,42.99424102286215,2200
2019-03-13,42.97781753540039,44.3070274835168,42.79730642184297,44.3070274835168,1400
2019-03-14,42.80429458618164,42.80429458618164,42.31675519025062,42.31675519025062,1300
2019-03-15,42.84560775756836,44.33301811412861,42.614234214204814,42.614234214204814,22800
2019-03-18,43.38272476196289,43.54799291531118,42.00274245879458,42.43243524438114,7000
2019-03-19,42.68034744262695,43.59757972721829,42.68034744262695,42.73819083483825,2200
2019-03-20,41.46562957763672,44.2917032397976,41.46562957763672,41.54000010307403,6700
2019-03-21,42.151485443115234,43.490154810636724,41.56478642216779,41.56478642216779,6800
2019-03-22,41.275569915771484,41.53999773509081,41.275569915771484,41.53999773509081,2000
2019-03-25,42.13496398925781,42.62250339629112,41.46562926536273,41.68874083999442,4500
2019-03-26,41.89531707763672,44.523070905792615,41.473883135109716,42.870395700775205,5300
2019-03-27,41.97795104980469,42.65554765545726,41.911845678443115,42.1514811958852,2500
2019-03-28,42.94477081298828,42.94477081298828,41.68873714431301,42.01100833946906,4700
2019-03-29,41.81269073486328,42.08538371747049,41.44084125273126,42.07711857435776,3800
2019-04-01,42.50680923461914,42.845607558208535,42.42417672729611,42.42417672729611,2100
2019-04-02,42.771240234375,42.771240234375,42.47376129446303,42.47376129446303,1700
2019-04-03,42.8208122253418,42.969553238731,42.69686033010825,42.69686033010825,2900
2019-04-04,42.8208122253418,42.84560134349745,42.8208122253418,42.84560134349745,600
2019-04-05,43.300106048583984,43.300106048583984,42.23412942990931,42.23412942990931,800
2019-04-08,42.84560775756836,43.3992556463387,42.26717389915949,42.26717389915949,1900
2019-04-09,42.2341194152832,42.2341194152832,42.2341194152832,42.2341194152832,900
2019-04-10,42.71339416503906,42.71339416503906,42.71339416503906,42.71339416503906,1200
2019-04-11,42.597713470458984,43.18441255896084,42.597713470458984,43.18441255896084,2800
2019-04-12,43.357940673828125,43.4901545814043,42.76297651362124,42.862136156246315,4200
2019-04-15,43.59757995605469,43.59757995605469,42.98609176311753,43.432314921571226,3100
2019-04-16,42.771240234375,42.986089813022254,42.771240234375,42.986089813022254,1800
2019-04-17,42.32501983642578,42.97782425201484,42.32501983642578,42.969562261637286,3300
2019-04-18,42.225852966308594,43.56452223881028,41.76310589631314,42.15148245116961,6400
2019-04-22,42.7464485168457,42.7464485168457,41.93663795528685,42.51507497132264,1600
2019-04-23,43.300106048583984,43.300106048583984,42.35807822021616,42.35807822021616,1700
2019-04-24,40.424434661865234,42.91171265128603,40.25916966044663,41.911844892455406,5400
2019-04-25,39.89557647705078,41.283823833124664,39.5567782027844,40.457486271282,7100
2019-04-26,40.68886947631836,41.564785415324074,39.88732090370085,40.07737819522526,5300
2019-04-29,40.8789176940918,40.8789176940918,40.366586167464895,40.366586167464895,1300
2019-04-30,40.07738494873047,40.84587938652359,39.895589616538516,40.84587938652359,8500
2019-05-01,40.09391403198242,40.52361010480742,40.07738689623198,40.1269683034833,2200
2019-05-02,40.20958709716797,41.18466570782221,40.11868945769936,40.49054200451288,3700
2019-05-03,39.664207458496094,40.66407526497763,39.664207458496094,40.66407526497763,4700
2019-05-06,39.474159240722656,40.53187067379181,39.38326157340039,39.38326157340039,3800
2019-05-07,38.98661804199219,39.49894660043823,38.87093125320391,39.05272342748753,3300
2019-05-08,39.45762634277344,39.548523996820116,39.04445748054544,39.04445748054544,3500
2019-05-09,39.43283462524414,40.26743428505123,39.43283462524414,40.26743428505123,1300
2019-05-10,40.250911712646484,40.250911712646484,38.92050740875428,38.92050740875428,1000
2019-05-13,39.39151382446289,39.879053158631386,38.540387063138944,39.54851999364315,5600
2019-05-14,40.160003662109375,40.5979647070478,39.879048769069236,40.5979647070478,6100
2019-05-15,41.854000091552734,42.57291291046254,39.7385747315485,39.7385747315485,5100
2019-05-16,41.25078201293945,42.34981281466287,41.25078201293945,41.796167994350654,16200
2019-05-17,40.34181594848633,40.90372597158746,39.79643306162099,40.90372597158746,3800
2019-05-20,40.46575927734375,40.90371726153196,38.3751226960169,38.3751226960169,11300
2019-05-21,39.98647689819336,40.61449525418156,39.62288948046135,40.61449525418156,8500
2019-05-22,39.65594482421875,40.45749019339642,39.41630615151819,39.41630615151819,3200
2019-05-23,38.97008514404297,39.341937733173054,38.837871240377616,39.341937733173054,2300
2019-05-24,39.33366775512695,40.28395723804369,38.61475493934871,39.45761965367356,7500
2019-05-28,39.003135681152344,39.32540684352843,39.003135681152344,39.32540684352843,800
2019-05-29,39.16840744018555,39.870793209935655,38.2842263714388,38.796554852341565,9400
2019-05-30,39.25104522705078,39.432840550499726,38.713924399894466,39.2262561019363,5700
2019-05-31,39.71377944946289,40.193053536948575,38.24289662762758,38.24289662762758,5600
2019-06-03,40.275699615478516,40.275699615478516,39.465885921043295,40.11043145024218,8800
2019-06-04,40.62276840209961,40.64755752877791,40.07738554957597,40.38312967011365,7200
2019-06-05,40.49054718017578,40.903716028953085,40.16001084026267,40.16001084026267,2700
2019-06-06,41.15161895751953,41.31688713651124,41.044194168340674,41.30862514606441,4800
2019-06-07,41.275569915771484,41.34167529448719,40.90371730978236,40.920244442518346,4500
2019-06-10,41.672210693359375,41.854005997076555,40.98634888550142,40.98634888550142,5100
2019-06-11,41.79616165161133,41.79616165161133,41.39951678855411,41.53173069216381,5600
2019-06-12,41.81269073486328,41.81269073486328,41.81269073486328,41.81269073486328,1900
2019-06-13,42.2705192565918,42.44533083214704,41.45474354730917,41.80436352297188,5700
2019-06-14,41.82933807373047,42.06241595630641,41.82933807373047,41.99582363647671,5700
2019-06-17,42.104034423828125,42.104034423828125,41.49636172004876,41.49636172004876,900
2019-06-18,42.395381927490234,42.395381927490234,41.75441465288537,41.75441465288537,800
2019-06-19,42.786624908447266,42.81159662983604,42.55354386551018,42.55354386551018,1600
2019-06-20,42.28716278076172,42.953101727024226,42.16230101452665,42.5119177705217,5000
2019-06-21,43.28608322143555,43.28608322143555,42.09571567881022,42.09571567881022,8400
2019-06-24,42.370418548583984,43.252786699305155,42.370418548583984,43.10294999909812,8300
2019-06-25,41.87095642089844,42.37873593104072,41.82101297757154,42.37873593104072,5100
2019-06-26,41.662841796875,43.26109834260048,41.62954405779908,42.22889065937703,2300
2019-06-27,42.428680419921875,42.43700326824262,40.8720442217874,40.8720442217874,7300
2019-06-28,45.45871353149414,45.45871353149414,42.4536598460821,42.4536598460821,21300
2019-07-01,44.48476791381836,45.117412365783615,43.494183817873896,45.117412365783615,11200
2019-07-02,44.11849594116211,45.08410817813946,43.71060656262249,45.08410817813946,11900
2019-07-03,43.8687629699707,44.95091396743059,43.8687629699707,44.94259112129989,1700
2019-07-05,44.90930938720703,44.90930938720703,44.101856480617826,44.61795886167429,2500
2019-07-08,44.45146942138672,44.86768166999353,44.334927324400944,44.85935564677082,2700
2019-07-09,43.9520149230957,44.68454940485746,43.54412867817381,44.40152493523002,3300
2019-07-10,44.876007080078125,44.92595369592386,44.35990475146279,44.35990475146279,3000
2019-07-11,44.984222412109375,45.01752015545292,44.76779025582393,44.950924668765836,2500
2019-07-12,44.80107879638672,45.15902152518431,44.11849107529527,44.94259258880403,3700
2019-07-15,43.619056701660156,44.32661644515944,43.619056701660156,44.11851026466573,9900
2019-07-16,42.51191711425781,43.03634541560208,42.054084294235444,42.99472482749956,9800
2019-07-17,42.12900924682617,43.5191567957928,42.12900924682617,42.45365433069513,3200
2019-07-18,41.90425109863281,42.67008014441967,41.90425109863281,42.27884277339708,2300
2019-07-19,41.88759994506836,42.903158835673125,41.671170975576686,41.80435876652097,2800
2019-07-22,42.45365905761719,42.91149200059989,41.979177239832616,42.91149200059989,3600
2019-07-23,42.66175842285156,42.78662337621947,42.037440006907396,42.037440006907396,2400
2019-07-24,43.15289306640625,43.743913793244836,42.81992194329968,42.81992194329968,3700
2019-07-25,43.70228576660156,44.226714084926066,43.319371262944436,43.319371262944436,2600
2019-07-26,45.267242431640625,45.758372983632476,43.27774850634309,43.27774850634309,7100
2019-07-29,45.533626556396484,45.533626556396484,44.81774088758765,45.10908822933642,8700
2019-07-30,46.074703216552734,46.33275600182581,44.81774338926993,45.292225186858964,5400
2019-07-31,45.200645446777344,46.61576759824198,45.200645446777344,46.19955538754339,9100
2019-08-01,44.89265441894531,46.549177428163084,44.72616888059265,45.57524226828844,4800
2019-08-02,44.90098190307617,45.683463061493,44.32661007067374,45.608544720271134,3600
2019-08-05,43.85212707519531,43.91039654168875,43.85212707519531,43.85212707519531,3600
2019-08-06,43.802181243896484,44.25169128673053,43.6689934358843,43.6689934358843,2400
2019-08-07,44.160133361816406,44.900990898179074,44.118512758454735,44.118512758454735,1900
2019-08-08,44.40985870361328,45.77503794750389,44.36823810161412,44.36823810161412,3200
2019-08-09,44.43482971191406,44.65125872861583,44.43482971191406,44.65125872861583,1700
2019-08-12,43.41926574707031,43.66066963616178,43.41926574707031,43.66066963616178,1900
2019-08-13,43.11127471923828,43.30273201360718,42.836573052025436,42.836573052025436,1100
2019-08-14,39.94805145263672,42.41202710570131,39.739945336490436,42.24554157769482,5300
2019-08-15,39.45692443847656,39.79821837261903,39.45692443847656,39.79821837261903,3100
2019-08-16,38.324825286865234,39.814865925152404,38.324825286865234,39.814865925152404,11500
2019-08-19,38.78265380859375,39.12394769336908,38.44135992381842,38.65778887556371,11600
2019-08-20,39.07400894165039,39.07400894165039,38.333151567841284,38.99076775319122,3400
2019-08-21,39.56514358520508,39.94806134709646,38.66612659201444,38.66612659201444,3600
2019-08-22,39.46525573730469,40.41421940736685,39.42363513651128,39.42363513651128,3200
2019-08-23,38.00850296020508,39.839837515397306,38.00850296020508,39.839837515397306,7100
2019-08-26,38.524600982666016,39.24048648898682,38.08341705802758,38.416388094834005,4100
2019-08-27,38.92416763305664,39.31540815827208,38.60784861417142,38.94081650385809,6000
2019-08-28,39.44028854370117,39.54017863217261,39.198884585733914,39.4985580265969,2600
2019-08-29,39.22385787963867,40.17282169661762,39.22385787963867,39.78158417805099,3700
2019-08-30,39.45692443847656,39.45692443847656,39.45692443847656,39.45692443847656,1200
2019-09-03,38.882545471191406,39.981345496067085,38.76600655574206,39.981345496067085,3600
2019-09-04,39.21552658081055,39.21552658081055,39.024069288403695,39.024069288403695,700
2019-09-05,38.974117279052734,39.32373724220131,38.974117279052734,39.22384400961734,4100
2019-09-06,40.62232208251953,41.15507334779354,39.29044391933451,39.448603458885216,4900
2019-09-09,40.11453628540039,40.43918451403672,40.11453628540039,40.43918451403672,2600
2019-09-10,40.42253494262695,41.005229553414495,39.490217214471954,40.17280505177804,3800
2019-09-11,41.86262893676758,42.62845795382715,40.2227516528956,40.339290575017934,6500
2019-09-12,43.606910705566406,43.690768869637395,41.082742858816346,41.10789966824086,9300
2019-09-13,42.51673889160156,43.313404252092916,42.156143025263205,43.28824424349875,3200
2019-09-16,42.53350830078125,42.53350830078125,41.53557893364152,41.9297193189141,1500
2019-09-17,43.380489349365234,44.74739916186376,41.94649364614038,42.05551181742752,6000
2019-09-18,44.59644317626953,45.04928484618778,42.810236499803054,42.810236499803054,8500
2019-09-19,44.62998962402344,45.98012695747975,44.14360339500893,44.40356877937703,2900
2019-09-20,44.973812103271484,44.973812103271484,43.74107748878744,44.663529916602506,11100
2019-09-23,45.049293518066406,45.141539416619814,43.816558690096045,44.47066131768006,1500
2019-09-24,44.11006546020508,45.284098934394024,43.71592825589993,44.78094355916097,2900
2019-09-25,44.59644317626953,45.158299797144096,44.44549595296345,44.44549595296345,2500
2019-09-26,44.07651138305664,44.91510556554185,43.94233644181833,44.91510556554185,2200
2019-09-27,44.44550323486328,45.48536169923181,44.0345905709881,45.48536169923181,8500
2019-09-30,44.160377502441406,44.2358511204641,43.95072891893209,44.2358511204641,3200
2019-10-01,44.4622688293457,44.92349504064311,44.4622688293457,44.671917398024824,2500
2019-10-02,43.27146530151367,43.908798771270774,42.82701133898708,43.791396079205896,4800
2019-10-03,43.20438003540039,43.20438003540039,41.94648854709908,41.94648854709908,1200
2019-10-04,42.936038970947266,43.38888076797731,42.936038970947266,43.15407213304462,1200
2019-10-07,42.600589752197266,42.600589752197266,42.600589752197266,42.600589752197266,500
2019-10-08,41.67814254760742,42.684456472904635,41.258845345315564,42.684456472904635,3700
2019-10-09,42.936038970947266,43.81656255473848,41.72007630810028,41.92134039533057,7500
2019-10-10,44.06813049316406,44.43711403810628,42.818626758655455,42.818626758655455,7200
2019-10-11,43.69915771484375,44.94027712870985,43.69915771484375,44.06813812470103,4600
2019-10-14,43.77461624145508,43.8668621118399,43.07019701185988,43.07019701185988,2000
2019-10-15,44.26939392089844,45.133145027319166,43.60690365530226,45.133145027319166,4200
2019-10-16,43.94234848022461,43.94234848022461,43.51466353855852,43.74946895030692,3300
2019-10-17,44.529361724853516,44.529361724853516,43.56498007635087,44.13522452893669,1400
2019-10-18,44.10167694091797,44.193922831143354,43.40564209575087,44.193922831143354,1300
2019-10-21,45.913047790527344,46.54199365067155,43.33856299225577,44.411962903226986,11100
2019-10-22,44.27778244018555,46.00528800744019,44.27778244018555,45.48536038971643,4300
2019-10-23,44.07651138305664,45.74531201477177,43.606897489231066,44.86478876295888,6000
2019-10-24,42.97795867919922,44.44549873165968,42.79346690607235,43.61528895157219,3400
2019-10-25,42.483192443847656,43.288242305166456,42.298700651009845,43.288242305166456,1000
2019-10-28,42.097442626953125,42.449650765436935,42.097442626953125,42.449650765436935,500
2019-10-29,42.18128967285156,42.18128967285156,42.18128967285156,42.18128967285156,600
2019-10-30,43.900413513183594,44.1939234588865,41.92971804467721,42.1561389059965,7200
2019-10-31,42.65091323852539,43.61529491401692,41.946493789087114,43.61529491401692,4400
2019-11-01,43.56497573852539,43.56497573852539,42.49157282931147,42.49157282931147,2800
2019-11-04,42.47480773925781,43.52305074171744,42.290315947150106,43.52305074171744,5700
2019-11-05,43.14567947387695,43.14567947387695,41.845858885436066,42.768311380720945,6500
2019-11-06,42.936038970947266,43.13729985919342,42.936038970947266,43.13729985919342,900
2019-11-07,42.936038970947266,43.06182622635507,42.91926669709606,42.936038970947266,1200
2019-11-08,42.298702239990234,43.08698305792135,42.298702239990234,42.600596749071606,1500
2019-11-11,42.961185455322266,43.88364110149582,42.50834376714525,42.50834376714525,7100
2019-11-12,44.61322021484375,45.40988548990916,42.88571469620596,42.977960586863915,18400
2019-11-13,44.86479568481445,46.961281464478674,44.73062072287528,45.116373338577475,12500
2019-11-14,44.529361724853516,45.49374657233995,43.2714701145584,45.11637844945466,13600
2019-11-15,44.36163330078125,45.460189626735705,43.48110685459591,44.7809303898284,10200
2019-11-18,44.47903823852539,44.88994761528259,43.48110906843459,44.66352679179098,4500
2019-11-19,45.75370788574219,45.75370788574219,44.46227184726535,44.46227184726535,3000
2019-11-20,44.40357208251953,45.87111221518742,44.244237106480355,44.244237106480355,5500
2019-11-21,45.00736999511719,45.45182730199425,43.606918568897825,45.45182730199425,2500
2019-11-22,45.258941650390625,45.258941650390625,44.84802897904136,44.88995806004014,800
2019-11-25,45.0744514465332,45.82079999120581,44.73062785183063,45.82079999120581,6800
2019-11-26,45.20023727416992,45.30086770163353,45.11637591879724,45.11637591879724,1900
2019-11-27,47.170928955078125,47.430894337397895,44.780936500947504,44.780936500947504,9700
2019-11-29,47.212860107421875,47.212860107421875,46.81033521317085,46.81033521317085,2700
2019-12-02,46.44974136352539,47.17093302923192,46.44974136352539,46.87742628108793,2800
2019-12-03,46.541988372802734,47.08707600270832,46.03883302133889,46.04721755763701,10800
2019-12-04,47.46445083618164,47.55669674965757,46.74326220142804,47.061925831092054,5000
2019-12-05,46.894195556640625,47.917281710008275,46.75163604949065,47.29672366867458,3800
2019-12-06,46.70969772338867,48.311412522353244,46.70969772338867,47.49797512217807,15500
2019-12-09,46.131072998046875,47.12900230485213,46.0807593852557,46.827107832170995,7200
2019-12-10,45.535675048828125,46.34072490098142,45.33441418528168,45.72016683956549,5100
2019-12-11,46.11429977416992,46.37426194747261,45.55243995638634,46.16461338243071,3700
2019-12-12,45.93697738647461,46.41830206215465,45.17698936106206,45.43031762911835,2100
2019-12-13,47.549827575683594,47.95515335996905,45.176979457608454,45.176979457608454,6200
2019-12-16,48.031158447265625,48.34359650965937,47.220503551098396,47.389390122018376,7700
2019-12-17,46.80673599243164,47.71027546477299,46.69695923543177,47.71027546477299,5700
2019-12-18,46.13964080810547,47.330286621168995,45.82720270401977,46.44363603207809,5800
2019-12-19,45.53165054321289,46.92496091827435,45.53165054321289,46.45207909894427,4100
2019-12-20,46.190311431884766,46.190311431884766,44.83922179785462,45.599209918324334,17000
2019-12-23,45.3712043762207,45.852529015502036,45.00809937167605,45.852529015502036,2600
2019-12-24,45.86098098754883,45.928533692657275,45.23610155376539,45.23610155376539,1000
2019-12-26,46.105857849121094,47.17828389692993,45.95386025360529,46.460519979072465,2400
2019-12-27,47.1022834777832,47.1022834777832,46.2240791154419,46.57873801194146,3300
2019-12-30,46.435184478759766,47.2289471321278,46.02141256313865,47.2289471321278,4800
2019-12-31,46.72229766845703,46.72229766845703,45.61609358236504,45.61609358236504,1500
2020-01-02,45.81874465942383,46.874281566831925,45.81874465942383,46.874281566831925,3800
2020-01-03,45.4303092956543,45.81874611683765,45.084093307861636,45.084093307861636,2100
2020-01-06,44.49300003051758,45.396539557852755,44.49300003051758,45.05032350739015,2900
2020-01-07,44.01166534423828,44.78009607271837,43.94411265820068,44.78009607271837,2800
2020-01-08,44.17211151123047,44.45077159141292,44.17211151123047,44.29877401267953,2400
2020-01-09,44.594329833984375,44.594329833984375,44.594329833984375,44.594329833984375,700
2020-01-10,43.91034698486328,44.18901034846427,43.91034698486328,44.104565440747066,4300
2020-01-13,44.39167022705078,44.39167022705078,43.910345543218845,43.910345543218845,1800
2020-01-14,43.91034698486328,44.09612256059728,43.91034698486328,44.09612256059728,2000
2020-01-15,44.24811553955078,44.3578890762218,43.58945821330707,44.15522776141106,1400
2020-01-16,44.12145233154297,44.4170014414386,43.935676764612175,43.935676764612175,2200
2020-01-17,44.03700256347656,44.50143817428525,44.03700256347656,44.50143817428525,2800
2020-01-21,43.538787841796875,44.25655165570127,43.361455191882364,44.04544427264197,7100
2020-01-22,43.969459533691406,43.969459533691406,43.48813480423724,43.547244632679394,1700
2020-01-23,43.741455078125,43.741455078125,43.40368515201105,43.40368515201105,4400
2020-01-24,43.75834274291992,44.045448943174726,43.48812552164991,43.48812552164991,2000
2020-01-27,43.15034866333008,43.488121771411095,42.81257877649216,43.488121771411095,7900
2020-01-28,44.33255386352539,44.74632578359867,42.981467796181924,43.429014452006335,5600
2020-01-29,44.307220458984375,44.35788417146329,44.028557155377676,44.028557155377676,1700
2020-01-30,45.05032730102539,45.05032730102539,43.64857400047294,43.64857400047294,1900
2020-01-31,42.263694763183594,44.47609909535093,42.263694763183594,44.47609909535093,5900
2020-02-03,42.34815216064453,42.888586671330756,42.34815216064453,42.58459145375881,2900
2020-02-04,41.9681510925293,43.00679909735607,41.9681510925293,42.55925244731711,3300
2020-02-05,42.39037322998047,42.87169791996756,42.39037322998047,42.6352586255862,1700
2020-02-06,41.41083526611328,43.39524386869619,41.41083526611328,43.39524386869619,8800
2020-02-07,41.115272521972656,41.30949092669013,40.532617307820225,40.532617307820225,4800
2020-02-10,41.05615997314453,41.25037836490208,41.05615997314453,41.25037836490208,1200
2020-02-11,41.098388671875,41.689490058935476,41.03927885529329,41.14061273049914,2800
2020-02-12,41.638824462890625,41.866820839946314,41.537490592259246,41.63037836304971,5900
2020-02-13,41.545936584472656,41.892152588458124,41.216609558882,41.216609558882,5000
2020-02-14,41.95970153808594,42.407251372519866,41.54593287867169,41.54593287867169,4200
2020-02-18,44.92365264892578,45.90319079686977,42.187699492948106,42.187699492948106,14500
2020-02-19,44.33255386352539,45.24453937491469,44.02011581443533,45.21920429654724,7700
2020-02-20,42.821022033691406,44.197443112627596,42.745023244762585,44.197443112627596,5500
2020-02-21,42.0103759765625,43.293909458275046,42.0103759765625,42.79569582538164,3200
2020-02-24,41.41083526611328,42.17082010016375,40.48196061839317,41.07306208126163,9400
2020-02-25,40.6170654296875,41.3686105342677,40.6170654296875,40.75217404667787,4200
2020-02-26,38.86909866333008,41.27572527841967,38.50599362899632,40.8112895804618,12300
2020-02-27,36.74113082885742,38.42154716622164,35.60115214648883,38.42154716622164,12700
2020-02-28,38.421546936035156,38.90287155203987,37.15490253155048,37.15490253155048,6500
2020-03-02,40.91261291503906,41.14905216155439,37.80511186979557,37.999330282467895,10400
2020-03-03,37.61933517456055,39.89929556540365,37.25623021647754,39.52774772930982,6900
2020-03-04,40.101966857910156,41.089948035770064,37.80511710109976,38.89443215969677,9100
2020-03-05,37.91489028930664,40.83661592918821,37.91489028930664,39.47708375919457,5900
2020-03-06,36.673580169677734,37.914892793167525,35.80381865593645,37.17179379491401,6900
2020-03-09,33.270530700683594,36.11625782206197,32.89053670020432,34.393620500718335,4800
2020-03-10,31.328336715698242,36.192252991404885,30.821680246715296,33.52385559752529,17400
2020-03-11,30.627470016479492,32.07989034045324,29.31860443722703,30.678136965424205,13000
2020-03-12,27.171314239501953,28.28069513183885,25.35363433765277,28.203891664004384,17000
2020-03-13,30.123971939086914,32.84622536989301,28.58790599915731,28.58790599915731,14900
2020-03-16,27.31638526916504,29.142600672863786,25.87419045466274,27.734538200542495,19300
2020-03-17,30.721330642700195,31.00294440282596,27.307849460177952,27.316381730780552,13500
2020-03-18,28.587907791137695,30.22637736167387,27.478526945835117,30.22637736167387,11100
2020-03-19,30.721330642700195,30.721330642700195,27.794270268259424,27.94787718190087,6600
2020-03-20,29.782630920410156,31.6088432185541,28.971928316980364,29.885034466052332,20600
2020-03-23,27.905214309692383,30.721336137932916,27.376125543259292,30.089840573854776,6800
2020-03-24,28.65618324279785,29.71436085051901,27.034777974236217,29.71436085051901,17500
2020-03-25,31.480838775634766,33.40945802368023,27.0945147103167,29.040198504495073,25100
2020-03-26,34.134822845458984,35.68795702449934,31.318700611778695,31.318700611778695,20200
2020-03-27,29.944766998291016,33.70813027326995,29.023125418124902,32.8462276150921,8800
2020-03-30,34.092140197753906,34.79190350248947,29.953292767662973,30.28610988070947,10700
2020-03-31,34.04948043823242,34.791911778574104,33.0339675735567,34.083612780343145,14800
2020-04-01,30.729877471923828,34.40790636052438,30.729877471923828,33.03397901278993,16100
2020-04-02,29.654611587524414,31.57469435218427,29.372997886140283,30.977334618775917,10300
2020-04-03,28.18682289123535,29.654621001208508,27.973480294104355,29.654621001208508,10400
2020-04-06,30.465322494506836,32.66701632990621,29.466877480805696,30.1069052506258,9800
2020-04-07,30.465322494506836,31.591771108962252,30.465322494506836,31.369892992428852,4300
2020-04-08,34.134822845458984,34.971125614530685,29.142606306450762,30.507997918128968,21400
2020-04-09,34.04948043823242,34.98818658094721,33.14490663762837,34.80897957730434,12500
2020-04-13,32.428077697753906,34.979656822641694,32.00992473719203,33.63986219652303,7800
2020-04-14,30.738399505615234,33.281442684174316,30.738399505615234,32.948628778188485,10400
2020-04-15,26.923837661743164,30.51652655706593,26.625159299557183,30.51652655706593,14900
2020-04-16,26.625160217285156,28.14415866364565,24.022379218982813,28.14415866364565,13500
2020-04-17,27.120113372802734,28.323363944348774,26.45448383864167,27.137179544697926,7000
2020-04-20,25.46457862854004,27.12865193616964,25.17443249666949,26.812904100542784,6800
2020-04-21,24.363725662231445,25.25976561007868,23.894372566460245,25.25976561007868,6400
2020-04-22,25.686445236206055,25.865652210112973,24.542928953822674,24.5770629179444,2500
2020-04-23,26.113134384155273,26.599555248348654,25.686449187118992,25.686449187118992,4300
2020-04-24,25.69498062133789,26.89823263133247,24.918413767445635,26.89823263133247,8100
2020-04-27,27.307851791381836,27.854008306353535,25.814453646540642,25.814453646540642,11500
2020-04-28,28.80124855041504,28.920719875397886,27.324918274620885,27.324918274620885,7000
2020-04-29,30.764009475708008,31.88192613351711,28.4684437338746,29.86797099687195,9100
2020-04-30,30.345849990844727,31.0456133983446,29.159662502180847,29.492479664103477,6000
2020-05-01,29.4412841796875,30.507997374603715,28.58791362375453,29.014598901721016,5900
2020-05-04,29.86796760559082,30.115445832749746,27.307856096540178,30.115445832749746,6700
2020-05-05,27.5809326171875,31.19068922135719,27.5809326171875,30.83227519578782,9800
2020-05-06,25.77178382873535,27.9734775200059,25.77178382873535,27.9734775200059,8100
2020-05-07,26.02779769897461,26.45448290715452,25.79738729591548,26.23260640357998,6200
2020-05-08,27.478532791137695,28.084425109836467,26.565424921099478,27.08598148560278,10600
2020-05-11,27.04330825805664,28.340430020692658,26.599555262264783,27.478527354582322,13400
2020-05-12,27.00917625427246,28.357501591885704,26.539823125914555,27.46999548222885,13100
2020-05-13,26.881168365478516,27.077443172425745,26.113135309142685,27.077443172425745,7000
2020-05-14,27.828407287597656,27.828407287597656,26.3776770596047,27.051840408988117,6300
2020-05-15,27.62360382080078,27.62360382080078,26.667829715302428,27.56386814266653,5900
2020-05-18,31.3955020904541,31.574709117675784,27.623602713884793,27.623602713884793,9000
2020-05-19,28.127090454101562,31.233358504143716,27.31638784084659,31.10535488437718,10000
2020-05-20,29.8082275390625,29.85089540685692,28.511104174944318,28.536704244551043,4000
2020-05-21,28.40016746520996,28.775652545720614,28.40016746520996,28.775652545720614,1500
2020-05-22,29.168197631835938,29.168197631835938,29.168197631835938,29.168197631835938,1200
2020-05-26,29.27060890197754,30.123979442882717,29.27060890197754,30.123979442882717,6900
2020-05-27,32.25740051269531,32.42807524399682,29.76556050388238,29.850896241858266,9100
2020-05-28,31.702709197998047,33.61425692242421,31.702709197998047,31.84778059215428,7800
2020-05-29,30.75547218322754,32.00139227449731,30.75547218322754,32.00139227449731,1600
2020-06-01,30.209314346313477,31.839251727804893,30.209314346313477,31.386963188929382,6700
2020-06-02,29.6290225982666,30.550660976944318,28.579377351968432,30.251982626296417,17600
2020-06-03,30.9261474609375,31.77951793633991,30.303184149185718,30.303184149185718,4600
2020-06-04,31.105342864990234,31.105342864990234,30.038630169039603,31.045607214444907,6300
2020-06-05,33.54599380493164,34.971120904208476,31.728313821739377,31.728313821739377,13100
2020-06-08,36.003692626953125,37.88964350811806,33.238774613296336,34.30548751323942,20600
2020-06-09,35.41487503051758,36.13170636616856,34.92845411582763,35.824492471553846,6700
2020-06-10,33.708133697509766,37.33495820926715,33.298516260941526,37.33495820926715,4700
2020-06-11,30.320247650146484,32.94862990426856,29.449809498015778,32.94862990426856,15900
2020-06-12,29.716432571411133,31.407119925369543,27.784216102213975,31.407119925369543,10200
2020-06-15,31.191471099853516,31.191471099853516,29.086738053121426,29.086738053121426,4800
2020-06-16,31.545135498046875,32.94254009852405,31.148342127257727,32.94254009852405,2700
2020-06-17,28.267271041870117,31.864294747670925,28.267271041870117,31.864294747670925,6500
2020-06-18,28.362154006958008,29.328260489982068,27.991237508106032,28.965971792801373,7100
2020-06-19,29.405899047851562,29.405899047851562,28.336278513590784,28.64681361355497,12100
2020-06-22,28.146509170532227,28.871089961955082,28.146509170532227,28.55192706404241,4700
2020-06-23,27.775592803955078,28.79345638185995,27.775592803955078,28.79345638185995,4200
2020-06-24,27.28391456604004,28.301779896690714,27.28391456604004,27.818724884640982,7300
2020-06-25,30.535903930664062,30.81193442551731,27.94811557350755,29.84582440298788,12300
2020-06-26,27.818721771240234,30.527272759844703,27.63757739594845,30.449638986070696,20900
2020-06-29,29.10399055480957,29.259254807867656,28.46566806550199,28.92284289358036,7100
2020-06-30,28.681316375732422,28.83658391559633,28.50879652137891,28.83658391559633,2700
2020-07-01,30.182233810424805,31.05345427416693,29.121237893713438,29.121237893713438,16100
2020-07-02,29.630172729492188,30.958571424037366,29.630172729492188,30.587654862696272,6300
2020-07-06,29.078107833862305,29.759559404151286,26.783602805627694,29.759559404151286,2400
2020-07-07,27.344301223754883,28.06888219055463,27.344301223754883,27.94811924451192,2400
2020-07-08,27.603071212768555,28.068873829214226,27.059636472186526,27.603071212768555,3400
2020-07-09,27.25803565979004,28.396660543571766,27.25803565979004,28.017119464068326,3000
2020-07-10,28.034372329711914,28.293150493108374,28.034372329711914,28.293150493108374,2400
2020-07-13,27.08551597595215,28.55192829192659,27.042386831027265,28.55192829192659,4800
2020-07-14,26.85261344909668,27.55994356937945,26.783605833126575,27.14589622828747,8000
2020-07-15,27.223529815673828,28.034370531729042,27.223529815673828,27.258034446058502,6100
2020-07-16,26.49895477294922,28.232773339006382,26.30918420052195,27.25804035320167,5800
2020-07-17,25.10154151916504,26.309175474171127,25.015281598392217,26.222915553398302,9900
2020-07-20,26.162540435791016,26.490326239751813,25.45521187571387,25.87788378002164,4100
2020-07-21,27.17177391052246,27.17177391052246,25.912384544399895,26.128033543689757,2600
2020-07-22,26.11940574645996,26.68871893722093,26.11940574645996,26.68871893722093,1700
2020-07-23,25.619102478027344,26.481698498900034,25.550094862168383,26.266049493681862,4000
2020-07-24,25.7657470703125,26.00727293320714,25.7657470703125,26.00727293320714,1600
2020-07-27,26.067649841308594,26.378184919618633,26.067649841308594,26.378184919618633,1300
2020-07-28,25.69673728942871,26.912997596362715,25.27406377429037,26.912997596362715,3300
2020-07-29,25.87787628173828,26.654212241136218,25.558715083677576,25.782990208885167,6000
2020-07-30,25.9727725982666,26.35231374882816,25.429336060666646,25.877886487990356,4300
2020-07-31,25.31719207763672,26.395437041375324,25.31719207763672,26.171161891485145,6900
2020-08-03,25.705358505249023,25.705358505249023,24.894519501469922,25.4293280660671,13900
2020-08-04,27.42193031311035,27.50818860533414,25.619104365072648,25.619104365072648,5800
2020-08-05,27.59444236755371,27.63757314928496,26.65421271433668,27.628945347667617,2000
2020-08-06,26.352312088012695,27.43055729039082,25.274066885634575,25.274066885634575,1500
2020-08-07,26.749101638793945,27.154521158635593,26.153909949658157,27.145895001370288,3800
2020-08-10,27.646203994750977,28.82795971534646,26.947501623326637,26.947501623326637,12600
2020-08-11,27.887731552124023,29.311013043770988,27.887731552124023,29.16437329643433,6400
2020-08-12,28.448415756225586,28.9055905843944,28.439791244042777,28.50017270095026,4000
2020-08-13,28.465667724609375,28.896965720436793,28.465667724609375,28.4915445513854,1400
2020-08-14,27.603071212768555,28.543300957575184,27.214902365730495,28.543300957575184,3000
2020-08-17,26.688720703125,27.32704154575102,26.688720703125,27.32704154575102,4400
2020-08-18,27.01650619506836,27.01650619506836,26.611086671293016,26.611086671293016,700
2020-08-19,27.387420654296875,27.594443479133034,27.387420654296875,27.594443479133034,2200
2020-08-20,27.9481143951416,27.9481143951416,27.283913371339196,27.283913371339196,800
2020-08-21,28.5087947845459,29.362766201771144,27.516809795625775,27.516809795625775,13400
2020-08-24,27.784215927124023,28.6726920305222,27.784215927124023,28.51742448975524,1300
2020-08-25,28.707195281982422,28.707195281982422,27.749713146967895,28.32765420734162,1100
2020-08-26,27.723833084106445,28.120626428193102,27.723833084106445,28.120626428193102,1500
2020-08-27,27.741090774536133,28.250022611214852,27.741090774536133,28.250022611214852,1200
2020-08-28,28.439790725708008,29.233377453767016,27.603071565893252,27.603071565893252,6300
2020-08-31,27.57719612121582,28.55192896896577,27.57719612121582,28.55192896896577,4400
2020-09-01,27.240779876708984,27.43055039230731,26.749100451312845,27.301161329614306,6000
2020-09-02,27.525442123413086,27.525442123413086,27.525442123413086,27.525442123413086,1100
2020-09-03,27.14589500427246,27.603071467754805,26.680094028795157,27.249407246195897,6200
2020-09-04,26.96475601196289,27.792849176587588,26.455824148716953,27.792849176587588,6800
2020-09-08,26.464448928833008,27.30116656357639,26.36093667167134,26.645593322276532,4100
2020-09-09,26.429941177368164,27.603072275566564,26.317804420168056,26.524827264802244,3300
2020-09-10,26.5075740814209,26.930245914361926,26.28329892909624,26.28329892909624,4000
2020-09-11,25.87787628173828,27.08551017916519,25.87787628173828,27.08551017916519,3400
2020-09-14,26.559337615966797,26.917539079998246,26.087560768911725,26.16619052115071,3500
2020-09-15,25.781780242919922,26.506920041925632,25.33621217369295,26.506920041925632,9400
2020-09-16,25.807981491088867,26.34965110729278,25.773034204170756,25.86040075508768,3700
2020-09-17,26.524389266967773,26.690383912346668,25.563360356383104,25.563360356383104,1900
2020-09-18,26.288503646850586,27.057325881138567,25.764305835737513,27.057325881138567,15400
2020-09-21,25.56336212158203,26.515654274528767,25.554625297583215,25.650728695191408,6800
2020-09-22,26.218610763549805,26.367133449192274,25.187688788664282,26.367133449192274,7300
2020-09-23,25.379894256591797,26.410816244703277,25.29252934211097,26.209874275191087,3800
2020-09-24,25.484731674194336,26.76027794827862,25.117793408184834,25.126530231944436,5200
2020-09-25,25.432313919067383,26.209872950009775,25.336210518342785,25.336210518342785,4100
2020-09-28,25.432313919067383,25.842934662054486,25.15274220755456,25.834197837772354,6100
2020-09-29,25.510940551757812,25.764301759443313,25.117791839030232,25.484730082116428,8100
2020-09-30,25.947769165039062,26.305970549721376,25.598302936333752,25.79050969539737,4300
2020-10-01,25.79051399230957,26.192397889347976,25.641991320278255,26.192397889347976,5100
2020-10-02,25.95650863647461,25.97398228409069,25.641991311278904,25.641991311278904,2900
2020-10-05,26.06134796142578,26.603019354284108,26.06134796142578,26.209870628308007,7300
2020-10-06,25.72935676574707,26.052610900714306,25.72935676574707,26.008928449949657,3900
2020-10-07,26.20113754272461,26.34092340604085,25.773043128021254,25.773043128021254,5000
2020-10-08,26.961219787597656,27.58151923629693,25.78177531973407,25.78177531973407,14700
2020-10-09,27.127214431762695,27.354366835449927,26.734067386686775,26.83016910897006,6500
2020-10-12,26.856380462646484,27.17089944216419,26.856380462646484,27.17089944216419,1400
2020-10-13,26.410812377929688,26.865117198783082,26.410812377929688,26.43702284826385,2700
2020-10-14,25.62451171875,26.29723199848858,25.537145167317473,26.29723199848858,11800
2020-10-15,25.49346923828125,25.70314801546448,25.16147659129038,25.4672587662413,12200
2020-10-16,27.07479476928711,27.214580605485708,25.39736306852532,25.39736306852532,24300
2020-10-19,26.035139083862305,26.873855861802006,25.773041028094223,26.873855861802006,6200
2020-10-20,26.47197151184082,26.47197151184082,25.860408797975914,25.869145622422696,3100
2020-10-21,26.629230499267578,26.629230499267578,25.904090748129597,25.904090748129597,1400
2020-10-22,26.64670181274414,26.82143495019886,26.42828622411509,26.42828622411509,4100
2020-10-23,27.232059478759766,27.607734610545776,26.559338971439647,26.646705552428315,31000
2020-10-26,27.039852142333984,27.432999225353303,26.900066290632168,27.25826774391543,5400
2020-10-27,27.398048400878906,27.957191701671217,26.358389867887034,26.672908807771947,21400
2020-10-28,27.083532333374023,27.948457843409884,26.620490696810347,27.17089889998322,10700
2020-10-29,27.520366668701172,27.520366668701172,26.83017254603698,26.91753912270545,4900
2020-10-30,27.21457862854004,27.616464128200843,27.092266447346027,27.60772730577577,6400
2020-11-02,27.843618392944336,27.843618392944336,27.843618392944336,27.843618392944336,2100
2020-11-03,28.525081634521484,28.69981146633303,28.06203824849873,28.07951189823147,6700
2020-11-04,27.345630645751953,27.983403755660735,27.345630645751953,27.983403755660735,2200
2020-11-05,27.957195281982422,28.105716282194408,27.564046556778067,27.60773067423338,2100
2020-11-06,27.983402252197266,28.27171240937198,27.983402252197266,28.01834954387126,2700
2020-11-09,29.075483322143555,31.678996848838413,29.075483322143555,29.826833512061995,8900
2020-11-10,31.259639739990234,32.194458245391026,29.337585117927997,29.337585117927997,13400
2020-11-11,30.927644729614258,31.46057589823038,30.927644729614258,31.46057589823038,4300
2020-11-12,29.381269454956055,30.892705110412752,29.355057314887905,30.892705110412752,6000
2020-11-13,30.272397994995117,30.726699427657707,29.652095270759464,29.652095270759464,7300
2020-11-16,32.26435089111328,32.613817164638576,31.451844638010748,31.451844638010748,11500
2020-11-17,32.543922424316406,33.19916918453754,30.84901867100372,31.976040565688475,8200
2020-11-18,34.74555587768555,35.20859590758753,32.71865926956664,33.02443979256649,14500
2020-11-19,35.94245910644531,36.34434288203965,34.56207468899973,34.56207468899973,7800
2020-11-20,35.33964157104492,35.86383763083932,35.33964157104492,35.820155181316,4400
2020-11-23,35.86383819580078,36.51908494724449,35.84636454916474,35.97741523255641,6500
2020-11-24,36.2395133972168,36.47540262851773,33.592317578324085,36.34435194465365,6600
2020-11-25,34.649444580078125,36.28319204867209,34.649444580078125,36.28319204867209,3700
2020-11-27,34.334930419921875,34.334930419921875,33.21664365458019,33.950520177525036,2900
2020-11-30,32.76234436035156,34.85913573251727,32.76234436035156,33.985473216241225,11100
2020-12-01,33.024444580078125,33.09433918561505,33.01570942076512,33.01570942076512,3200
2020-12-02,32.76234436035156,33.006968798426286,32.08088866413881,32.596349682052,7100
2020-12-03,32.42161178588867,33.00696398673832,32.42161178588867,32.7536044268486,1700
2020-12-04,31.80130386352539,32.76233090359485,31.451837667451056,32.76233090359485,18800
2020-12-07,32.08961868286133,32.89338980212361,31.801311831704595,31.801311831704595,6600
2020-12-08,32.220664978027344,32.35171231695036,31.976037279741732,32.13329675265497,11100
2020-12-09,31.888683319091797,32.54393023660738,31.644058869701926,32.54393023660738,22200
2020-12-10,32.18572998046875,32.32551586169548,31.76637233678856,31.76637233678856,12800
2020-12-11,32.44172668457031,32.450552883603905,32.02682461263929,32.02682461263929,2000
2020-12-14,32.60944747924805,32.79483131155875,32.22103078617774,32.52117202957061,7800
2020-12-15,32.918418884277344,33.20973056748277,32.388756074142535,32.388756074142535,10100
2020-12-16,32.54764938354492,33.25386298347081,32.54764938354492,32.93606938912322,10100
2020-12-17,32.67123794555664,32.9890349229885,32.362270532771355,32.830136434272575,6700
2020-12-18,32.01799392700195,32.99786688957859,32.01799392700195,32.794830665327325,28500
2020-12-21,31.859098434448242,32.07096424399045,31.338265160461976,31.956203456842886,11100
2020-12-22,31.903230667114258,31.903230667114258,31.38239748284377,31.38239748284377,7700
2020-12-23,32.94489669799805,33.10379518428198,31.956197624725306,31.956197624725306,9700
2020-12-24,32.83897399902344,33.73939786527409,32.591796641086574,33.545187805643636,5800
2020-12-28,33.492218017578125,33.71291002620936,33.10380129468457,33.41276875977117,9100
2020-12-29,32.653594970703125,33.633464777120935,32.194555133938806,33.103805240273836,5400
2020-12-30,32.66241455078125,33.456907062526994,32.468204521800615,32.715381840728476,7600
2020-12-31,32.75952911376953,32.883116125509396,32.44173201644216,32.44173201644216,5400
2021-01-04,32.66241455078125,33.562838274928914,32.57413910169507,33.17442158446018,7400
2021-01-05,33.26268768310547,33.721727297797,32.75068079335628,32.75068079335628,10000
2021-01-06,34.163124084472656,35.4784465884015,33.765877789916246,33.91594674147486,12800
2021-01-07,34.163124084472656,34.66630160174649,33.94243207277386,33.97774360284395,11300
2021-01-08,33.562843322753906,34.648647673782186,33.54518755678275,34.04836510073505,8300
2021-01-11,34.507408142089844,34.78989368907218,33.942437048125164,34.013056751124076,9600
2021-01-12,36.08755874633789,36.10521451139762,34.63981968636861,34.64864588515205,9200
2021-01-13,34.93113708496094,35.760937973070156,34.80755007689078,35.15182913294148,15400
2021-01-14,35.487274169921875,35.540238094571976,34.913473624599554,35.31071989693865,3500
2021-01-15,34.834022521972656,35.70796427475067,34.26905157239565,35.09002603584114,11700
2021-01-19,35.33720779418945,35.33720779418945,34.42795768173131,34.87816795433385,10900
2021-01-20,35.028236389160156,35.081203684299965,34.68395738948354,34.86933787123358,3000
2021-01-21,34.03071594238281,34.816379159436856,33.93361089443345,34.816379159436856,6800
2021-01-22,34.851688385009766,34.851688385009766,33.633467317264326,33.76588389522337,16400
2021-01-25,34.489742279052734,34.86933275310619,34.4456045566612,34.46326031911629,5200
2021-01-26,34.163124084472656,34.80754435453401,34.163124084472656,34.56037037902907,7100
2021-01-27,34.52505874633789,35.73445002395456,33.527529913526344,34.00422546557712,14500
2021-01-28,35.69914627075195,35.79625131556318,34.53389246800442,34.869345340763125,6000
2021-01-29,34.75457763671875,35.31072245833555,33.54518633541877,35.31072245833555,21800
2021-02-01,34.65747833251953,34.82520644708115,33.55401807353403,34.82520644708115,6100
2021-02-02,34.78105926513672,35.09002670675262,34.286707991058734,35.09002670675262,4200
2021-02-03,34.49858474731445,34.73692921087369,34.21609580986787,34.5162371488796,6200
2021-02-04,35.26658630371094,35.3107240352564,34.46326746660858,34.46326746660858,4000
2021-02-05,35.84038162231445,36.15817866034859,35.01058086438645,35.01058086438645,4700
2021-02-08,36.405357360839844,36.405357360839844,35.59320897034456,35.73445172945335,8800
2021-02-09,37.51765060424805,37.51765060424805,35.778596075112,36.025773474870945,10600
2021-02-10,37.95903015136719,38.1090991192898,36.31708086648588,37.182193242580645,26700
2021-02-11,37.95903015136719,38.40041422289472,37.279298277115615,37.76482008229725,22800
2021-02-12,38.10027313232422,38.31213896953759,36.92619324660092,37.48233475523621,7600
2021-02-16,38.57695770263672,38.81530543849477,36.98797616440866,38.09143603366318,8600
2021-02-17,37.95903015136719,38.84179829442224,37.40288527834441,38.48868969020293,5300
2021-02-18,37.90605926513672,38.206200540086265,37.296950516338924,37.296950516338924,4200
2021-02-19,38.42689895629883,38.47104006062428,37.80896390566397,37.80896390566397,4000
2021-02-22,38.841793060302734,38.85944882488382,37.853093816211185,38.26799249764206,13300
2021-02-23,38.68289566040039,39.344971697537545,38.391583955156335,38.84179417871274,6600
2021-02-24,39.30083465576172,40.49257019644974,38.99186381253277,38.99186381253277,4200
2021-02-25,38.99186706542969,41.11934151224177,38.99186706542969,39.63629076999946,4400
2021-02-26,38.40040969848633,39.4685582175333,38.40040969848633,39.34497123086576,7600
2021-03-01,38.40040969848633,39.26552197265194,37.73833366920208,39.26552197265194,6300
2021-03-02,37.65888214111328,38.43571891154791,37.5352951618949,38.391581185754575,10300
2021-03-03,38.78000259399414,38.78000259399414,37.5264701508667,37.5264701508667,8200
2021-03-04,40.12181091308594,42.29341963600718,38.84179649156969,38.84179649156969,13600
2021-03-05,42.831905364990234,42.85838732838237,40.16594550124783,40.48374253192469,11200
2021-03-08,45.65675735473633,45.65675735473633,43.25562756341455,43.290939087991006,21300
2021-03-09,44.8446159362793,45.727383979778864,44.14722837371636,45.012344019739636,29700
2021-03-10,45.74503707885742,46.822015106761384,45.10944304698064,45.68324358881303,16100
2021-03-11,43.98424530029297,45.06917926615124,43.584064461052684,44.64232083508468,13400
2021-03-12,44.339962005615234,44.66010667447977,43.9575673614014,43.98424495301703,7300
2021-03-15,43.3795280456543,44.464462004112804,42.68588352394829,44.464462004112804,8400
2021-03-16,41.78771209716797,43.61964616451302,41.78771209716797,43.61964616451302,4900
2021-03-17,41.396419525146484,42.214567510174035,40.453774963377235,42.214567510174035,4800
2021-03-18,41.57427215576172,42.08116675343708,40.95176900650641,41.35194984476834,9400
2021-03-19,43.664100646972656,43.664100646972656,41.03180529145484,42.07227547391021,30100
2021-03-22,41.316383361816406,43.72635674301831,41.10295581250694,42.97046213462855,26600
2021-03-23,38.79079818725586,41.52981085049295,38.64851203542337,41.29859373353426,16400
2021-03-24,38.29279327392578,40.33815770741547,38.29279327392578,39.439973736783124,12700
2021-03-25,38.76412582397461,38.76412582397461,37.69697784506622,38.27501732308282,10400
2021-03-26,38.72854232788086,39.235436878847764,38.24832536621676,38.26611155654161,5100
2021-03-29,39.662296295166016,39.946868562984484,38.80857949171061,38.844151873280175,8800
2021-03-30,40.9962272644043,41.538694172888825,39.564474624181145,40.462655146887364,13100
2021-03-31,39.386627197265625,41.80549198826462,39.37773240379662,40.00023564420707,16700
2021-04-01,41.1296272277832,41.79659415580131,39.253226394179855,39.9290881142983,12500
2021-04-05,40.444881439208984,41.20077946340286,39.92020055836659,40.72056237401426,6900
2021-04-06,39.39551544189453,40.32926853151063,38.9686569835663,39.96466005299884,9300
2021-04-07,37.6702995300293,39.30659216186527,37.198977233546984,39.30659216186527,11400
2021-04-08,37.39460372924805,37.981534364280925,37.27899520333246,37.439067503102194,3900
2021-04-09,36.94996643066406,38.10604173875772,36.94996643066406,37.80368326811453,10100
2021-04-12,36.0695686340332,37.30567999223458,35.94506530520794,37.21674904307368,13100
2021-04-13,36.265220642089844,36.75433252592702,35.749434554184056,35.90061212382839,7600
2021-04-14,36.68317413330078,37.40349950117101,36.49642424279062,37.003318741243106,9300
2021-04-15,36.781005859375,38.008226038854076,36.6565059005989,36.834361046067926,11200
2021-04-16,36.70096206665039,37.670287334618635,36.549781153548466,37.14560662273915,20600
2021-04-19,36.87882614135742,37.59914825997337,35.900605934694504,36.8254675653095,28300
2021-04-20,36.19407653808594,37.528010537825935,35.85614564162165,37.528010537825935,7900
2021-04-21,36.291893005371094,36.90550132420747,35.7849984392956,36.19407065185319,7800
2021-04-22,35.95396041870117,36.93217712166069,35.06467127333111,36.33635502259981,20000
2021-04-23,36.78989791870117,37.24343736793179,35.767217244457676,36.46086182284626,13200
2021-04-26,36.72764587402344,37.39461282110269,36.460859773665604,36.816576835722266,17300
2021-04-27,36.77211380004883,37.32347564756923,36.354150106284926,37.0922585134814,12900
2021-04-28,37.074462890625,37.074462890625,36.28299610168007,36.81657161916246,13000
2021-04-29,37.10115051269531,37.572472753991896,36.32746638271066,37.05668333400213,20000
2021-04-30,37.51021957397461,38.061577940555125,36.754325093862114,36.798788876391825,19300
2021-05-03,38.18608093261719,38.230548111060784,37.6880811007954,37.812581058750844,11000
2021-05-04,38.070472717285156,38.2661140388116,37.71475567245118,38.23943644777826,25400
2021-05-05,38.879730224609375,39.12873014909079,38.070477077675235,38.070477077675235,21400
2021-05-06,39.17319107055664,39.17319107055664,38.63961887360156,38.87972737994214,10100
2021-05-07,39.20875930786133,39.34215403917554,38.88861466660237,38.88861466660237,11400
2021-05-10,40.37373352050781,41.71655880246831,38.70186877180095,39.11983580706999,32100
2021-05-11,40.48044967651367,41.05848569085316,40.09805500297441,40.28480494334396,13800
2021-05-12,40.64052200317383,41.47645273039385,40.64052200317383,40.845058136673316,14700
2021-05-13,41.74323654174805,42.01891743293134,40.83616109166712,40.83616109166712,11400
2021-05-14,43.504024505615234,43.7530277796687,42.054485603101625,42.11673557352275,25400
2021-05-17,44.669002532958984,45.175897178468176,43.32617714048383,43.32617714048383,29600
2021-05-18,43.53960037231445,44.45557059624313,43.023814377192856,43.023814377192856,15400
2021-05-19,43.84196472167969,44.615645514171824,43.361747653635035,43.49514241443734,18800
2021-05-20,44.366641998291016,44.68678668448133,43.3439613533713,44.02871111927131,18000
2021-05-21,44.46445846557617,45.03360299115651,44.188777601836776,44.188777601836776,9100
2021-05-24,44.704566955566406,45.30928386218504,44.384422311783716,44.855744486036585,8900
2021-05-25,43.459564208984375,45.30928745652364,43.459564208984375,45.051392762754745,16000
2021-05-26,44.073177337646484,44.98025279797377,43.61963791129817,43.81528263579112,15200
2021-05-27,44.11764144897461,44.917999760571256,43.96646050828353,44.437786130561015,10300
2021-05-28,44.00202941894531,44.42888782989849,43.42399347160769,44.42888782989849,5300
2021-06-01,45.006927490234375,45.13142743693652,44.4644605290015,44.4644605290015,6300
2021-06-02,45.691680908203125,45.691680908203125,45.23814150791678,45.3003914817021,15300
2021-06-03,46.13633346557617,46.13633346557617,45.41600785462131,45.41600785462131,11800
2021-06-04,46.16301345825195,47.11455286217584,46.020727287357815,46.06519107969287,6900
2021-06-07,45.718360900878906,46.64322254908832,45.27371626912853,46.21636410969228,17200
2021-06-08,45.45157241821289,45.63832233959196,45.35375006157553,45.522713791532425,7800
2021-06-09,45.62053680419922,45.62053680419922,45.3359645220906,45.48714545516847,6500
2021-06-10,45.798404693603516,46.47426315372074,45.576082340721946,45.62944092666668,7700
2021-06-11,45.62053680419922,46.10075380239596,45.62053680419922,46.10075380239596,5900
2021-06-14,45.710174560546875,45.79083971123841,45.710174560546875,45.710174560546875,10900
2021-06-15,46.44511795043945,46.44511795043945,45.63846651718604,46.08660544254268,12000
2021-06-16,46.740882873535156,46.740882873535156,45.71912343555441,46.08659715147648,19500
2021-06-17,47.5206413269043,47.90604098922598,46.63332495064491,46.63332495064491,29900
2021-06-18,45.988014221191406,47.34139216751887,45.710166877945824,47.34139216751887,30500
2021-06-21,46.26586151123047,47.31450837026085,45.746022137793254,46.14934785280494,23800
2021-06-22,45.710174560546875,46.65126570592881,45.710174560546875,46.65126570592881,15700
2021-06-23,45.72808837890625,46.04178420433732,45.62053601290532,45.88941863742168,21700
2021-06-24,46.20311737060547,46.310669743375115,45.66535208772898,45.889421525432226,28500
2021-06-25,45.710174560546875,46.59749121815377,45.36958798884606,46.18520077071427,459400
2021-06-28,45.80875015258789,46.005932325002355,45.190316400570815,46.005932325002355,36400
2021-06-29,45.86253356933594,46.06868047291016,45.710167983856756,45.97905064113257,10000
2021-06-30,45.710174560546875,45.943205318639656,45.59365747198599,45.943205318639656,18700
2021-07-01,46.615413665771484,46.956000236724954,45.91631797399818,45.98802184957953,26800
2021-07-02,47.5206413269043,48.07633251156639,46.7139900757594,46.95598545110287,15500
2021-07-06,44.356788635253906,47.43101826119503,44.18649366964864,47.43101826119503,29600
2021-07-07,43.47842788696289,44.446409403228074,42.84207156739668,44.446409403228074,19600
2021-07-08,43.711463928222656,44.27611983769942,42.64489469390263,43.4694685384469,56800
2021-07-09,44.68840789794922,45.055881628293406,44.09686473644326,44.09686473644326,11400
2021-07-12,45.86253356933594,46.00594130018009,44.34782531209368,44.34782531209368,4500
2021-07-13,44.99314498901367,45.907348729801306,44.87662792093519,45.66535332026678,9100
2021-07-14,45.19929122924805,45.61157821037926,44.91248259724124,45.61157821037926,7500
2021-07-15,46.32859420776367,46.32859420776367,45.59364674942941,46.05971157503644,18300
2021-07-16,44.813880920410156,47.117314126197016,44.21337655720999,46.319627592858154,33500
2021-07-19,43.70249938964844,44.527076656109486,43.59494702238069,44.285081265485964,9500
2021-07-20,44.58981704711914,46.265855444125165,44.365747614721556,44.365747614721556,14400
2021-07-21,45.4412841796875,46.62437057706393,44.64359750165641,44.64359750165641,5900
2021-07-22,45.62950134277344,45.91630995696382,45.2441016263873,45.2441016263873,2400
2021-07-23,46.64229965209961,46.83051717808581,45.71913115120936,45.89838740316087,7600
2021-07-26,47.27865219116211,47.27865219116211,46.60644386616928,46.60644386616928,2900
2021-07-27,47.28761291503906,48.4886252451666,46.83051276372729,47.25176440325083,19600
2021-07-28,47.54753112792969,47.86123037320341,47.493756654303624,47.68197415005101,6700
2021-07-29,46.83051300048828,47.637164352797015,46.83051300048828,47.11732161041398,7900
2021-07-30,46.839473724365234,46.839473724365234,46.83051245123505,46.839473724365234,1500
2021-08-02,47.099395751953125,47.45790822468917,46.848439072454894,46.96495613894836,5400
2021-08-03,47.26969528198242,47.368282973432876,46.92910874188057,46.92910874188057,4800
2021-08-04,47.251766204833984,47.85227068327923,46.9022184136162,46.9022184136162,3000
2021-08-05,47.87019348144531,47.87019348144531,46.83051145012706,46.83051145012706,1100
2021-08-06,47.90605163574219,47.932938877079735,47.036661029522456,47.79849925136334,6000
2021-08-09,48.16596603393555,48.17492730673651,47.57442287725582,47.57442287725582,3200
2021-08-10,48.30937957763672,48.30937957763672,47.995680265115375,48.04945816929787,3200
2021-08-11,48.46174240112305,48.46174240112305,47.79849871601511,48.1838950406419,3200
2021-08-12,48.48862838745117,48.48862838745117,48.02256693274651,48.02256693274651,1200
2021-08-13,48.1301155090332,48.51551521225468,47.92397203831469,48.470702008886,2900
2021-08-16,48.667884826660156,48.89195428112823,47.77160700878786,47.77160700878786,3900
2021-08-17,48.45277404785156,48.66787878277185,48.183888000659024,48.42588339171544,3200
2021-08-18,47.90605163574219,48.81129075740243,47.90605163574219,47.995678052886454,4300
2021-08-19,47.950870513916016,48.71270540680586,47.950870513916016,48.71270540680586,3000
2021-08-20,47.950870513916016,47.950870513916016,47.90605730004527,47.90605730004527,700
2021-08-23,48.094261169433594,48.73958220650544,48.094261169433594,48.73958220650544,3900
2021-08-24,48.19285202026367,48.75750792485371,48.19285202026367,48.64099086729715,1900
2021-08-25,47.89707565307617,49.29526999655578,47.89707565307617,49.29526999655578,2000
2021-08-26,48.1749382019043,48.68581634280218,47.906055509699456,48.30041656366463,1700
2021-08-27,47.89707565307617,48.70372689335822,47.89707565307617,48.24662680321696,1800
2021-08-30,48.031524658203125,48.84713727222595,47.91500759362036,47.91500759362036,2900
2021-08-31,47.98671340942383,48.82025202264795,47.95982275094574,47.95982275094574,4100
2021-09-01,48.121150970458984,48.31833316874412,48.04945052864602,48.04945052864602,1000
2021-09-02,48.37211227416992,48.82025115855088,48.37211227416992,48.82025115855088,1000
2021-09-03,47.511680603027344,47.959819464632695,47.502719330167636,47.959819464632695,2900
2021-09-07,47.22487258911133,47.502719917592685,46.83051161687204,47.502719917592685,1900
2021-09-08,46.84844207763672,46.84844207763672,46.83947738477767,46.83947738477767,1200
2021-09-09,46.839473724365234,47.26072536107784,46.78569924752757,46.83051245123505,2900
2021-09-10,46.83051300048828,47.50272132106945,46.83051300048828,47.50272132106945,3400
2021-09-13,46.87533187866211,47.305544845625015,46.776740765998554,47.305544845625015,2800
2021-09-14,47.19144058227539,48.401709244114464,47.1011234138581,47.19144058227539,2400
2021-09-15,47.218536376953125,48.28429553218905,47.07402683617771,47.07402683617771,6800
2021-09-16,47.89592361450195,47.89592361450195,47.19144006155884,47.19144006155884,2200
2021-09-17,48.34751510620117,48.34751510620117,47.24563122124941,47.50755237822428,4200
2021-09-20,45.32184982299805,47.7785155482544,45.2766912359207,47.46239854795427,8100
2021-09-21,45.32184982299805,45.32184982299805,45.32184982299805,45.32184982299805,400
2021-09-22,46.83016586303711,47.426268143335435,46.062459581497166,46.550180568662846,1900
2021-09-23,46.73984146118164,46.73984146118164,46.73984146118164,46.73984146118164,800
2021-09-24,46.30632019042969,46.59533926975615,46.1166520656303,46.459860068968474,1500
2021-09-27,47.14628982543945,47.597882633259026,46.51405920541611,46.96565201323568,4700
2021-09-28,47.462398529052734,48.19398004278005,47.25466627227619,47.372081354934004,1700
2021-09-29,46.05343246459961,48.77201943961882,46.05343246459961,47.32692394548559,4300
2021-09-30,47.968177795410156,49.04296719564121,46.6043658935132,46.6043658935132,14200
2021-10-01,47.42626953125,48.492028706817806,47.42626953125,48.492028706817806,2800
2021-10-04,47.51658248901367,48.022364087148276,47.51658248901367,47.95914138738145,1600
2021-10-05,47.91398620605469,49.042967989634576,47.82366904151989,47.87785796208918,2200
2021-10-06,48.094627380371094,48.11269150363083,47.4172382623377,47.4172382623377,600
2021-10-07,47.968177795410156,48.05849495848275,47.968177795410156,48.05849495848275,1200
2021-10-08,47.868831634521484,47.868831634521484,46.803072465896136,47.417238883252416,2800
2021-10-11,47.4804573059082,48.00430650386534,47.417234602069094,47.86882731256499,2000
2021-10-12,46.33341598510742,47.86883204155387,44.707682755790884,47.86883204155387,13700
2021-10-13,46.50502014160156,46.604367646566864,45.63795949474663,46.15277492345913,6000
2021-10-14,46.89338684082031,46.89338684082031,46.30631836641656,46.72178284591074,900
2021-10-15,46.24310302734375,47.128224494591606,46.08052934505541,46.96565081230327,2200
2021-10-18,46.51405715942383,46.613408124034784,45.81860385252671,46.39664206984911,4800
2021-10-19,47.09209060668945,47.41723793234333,46.58630894045381,46.965645190130545,4100
2021-10-20,47.868831634521484,47.868831634521484,47.769480677981605,47.769480677981605,2300
2021-10-21,47.45336151123047,48.41976960888229,47.39013880916942,47.832697723596745,3300
2021-10-22,47.55271530151367,47.55271530151367,47.55271530151367,47.55271530151367,800
2021-10-25,47.61594009399414,47.71529104906858,47.61594009399414,47.71529104906858,1300
2021-10-26,47.57981872558594,47.64304144334009,46.947588102664724,47.010810820418875,4700
2021-10-27,46.577274322509766,48.320422551880846,46.550179860983306,47.46239566795853,2900
2021-10-28,46.51405715942383,46.965649947379404,46.51405715942383,46.69469496368197,1300
2021-10-29,46.21600341796875,48.248170926497956,46.16181448945084,48.248170926497956,2300
2021-11-01,46.94757843017578,46.94757843017578,45.430226625932846,45.430226625932846,3000
2021-11-02,47.28175735473633,47.28175735473633,46.694688874181985,46.911451454719895,1800
2021-11-03,46.405670166015625,47.63400294993065,46.405670166015625,46.92951594422696,4700
2021-11-04,46.73081588745117,47.23659752562529,46.46889128460871,47.23659752562529,2600
2021-11-05,47.78754425048828,47.78754425048828,46.89338909731824,46.89338909731824,2400
2021-11-08,47.12821578979492,47.453363094315414,47.03789862537433,47.11918200612548,2700
2021-11-09,47.597869873046875,47.82366621642435,46.58630321942186,47.01079800211394,3700
2021-11-10,47.69722366333008,47.86882765420684,46.83919681818831,47.05595939136117,3900
2021-11-11,47.69722366333008,47.69722366333008,47.69722366333008,47.69722366333008,0
2021-11-12,47.3269157409668,47.3269157409668,47.3269157409668,47.3269157409668,500
2021-11-15,47.868831634521484,47.868831634521484,47.868831634521484,47.868831634521484,600
2021-11-16,45.737308502197266,47.001769451337,45.737308502197266,47.001769451337,2100
2021-11-17,46.13471221923828,46.37856924706744,46.13471221923828,46.37856924706744,1400
2021-11-18,44.752838134765625,45.99020123037559,44.752838134765625,45.99020123037559,4700
2021-11-19,44.44575119018555,46.965639197073266,44.44575119018555,46.09858206955666,4300
2021-11-22,46.017303466796875,47.80561040369262,45.15927652376938,45.15927652376938,5400
2021-11-23,46.10761260986328,47.724315254679766,45.61989168147527,47.724315254679766,3700
2021-11-24,45.15926742553711,47.67012159187579,45.15926742553711,45.74633928022056,4400
2021-11-26,44.48188018798828,45.8276279269012,44.3464010021576,45.15926922638404,4000
2021-11-29,44.734779357910156,46.0624632239453,44.734779357910156,45.40313818340103,2800
2021-11-30,45.249595642089844,47.00177785150936,44.70768567868187,45.15927846331502,6300
2021-12-01,45.168304443359375,45.168304443359375,44.40059816173446,44.40059816173446,1300
2021-12-02,46.5592155456543,46.5592155456543,45.475392170221916,45.83666777715922,5500
2021-12-03,46.649532318115234,46.649532318115234,45.94504528729662,45.94504528729662,2000
2021-12-06,46.785003662109375,46.785003662109375,45.15927060925208,46.36050886124007,2000
2021-12-07,45.49345779418945,46.13472218990284,45.49345779418945,46.13472218990284,900
2021-12-08,45.49345779418945,45.49345779418945,45.49345779418945,45.49345779418945,400
2021-12-09,45.565704345703125,45.60183258877374,45.565704345703125,45.60183258877374,900
2021-12-10,46.49598693847656,46.52308139968015,45.5747373583846,45.5747373583846,3600
2021-12-13,45.67408752441406,47.354012997724986,45.57473657453754,46.495986138784794,5800
2021-12-14,46.33866500854492,46.33866500854492,45.573940361963004,45.573940361963004,3000
2021-12-15,45.99272537231445,45.99272537231445,45.79243923546392,45.79243923546392,1200
2021-12-16,45.601261138916016,45.601261138916016,45.601261138916016,45.601261138916016,600
2021-12-17,47.221744537353516,47.221744537353516,45.80154388750298,45.80154388750298,1500
2021-12-20,46.57537078857422,46.57537078857422,46.57537078857422,46.57537078857422,600
2021-12-21,46.76655578613281,47.41293287164481,46.347778809437024,46.93042564185709,2300
2021-12-22,46.44792175292969,46.44792175292969,46.42061126800293,46.4388159427214,900
2021-12-23,47.422035217285156,47.422035217285156,47.422035217285156,47.422035217285156,1300
2021-12-27,46.88490676879883,46.88490676879883,46.88490676879883,46.88490676879883,800
2021-12-28,46.20210647583008,46.220314619261856,46.18389833239831,46.18389833239831,1500
2021-12-29,46.64820098876953,46.64820098876953,46.64820098876953,46.64820098876953,1300
2021-12-30,47.00325393676758,47.23085055193497,45.728711502690686,45.728711502690686,2400
2021-12-31,46.60268783569336,46.60268783569336,46.60268783569336,46.60268783569336,1200
2022-01-03,46.930423736572266,46.97594236734792,46.074661670303726,46.074661670303726,10700
2022-01-04,47.522178649902344,47.79529392059306,46.83938873675102,46.83938873675102,7800
2022-01-05,46.88490676879883,48.08661672271487,46.88490676879883,48.08661672271487,1100
2022-01-06,48.23227310180664,48.23227310180664,46.74834223444424,46.8393829620163,2400
2022-01-07,48.23227310180664,48.23227310180664,48.23227310180664,48.23227310180664,1600
2022-01-10,47.74066925048828,47.74066925048828,46.67551865800055,46.67551865800055,2000
2022-01-11,47.74066925048828,47.74066925048828,47.74066925048828,47.74066925048828,900
2022-01-12,48.13212966918945,48.13212966918945,48.13212966918945,48.13212966918945,1500
2022-01-13,47.34010314941406,47.34010314941406,46.611794564762164,46.611794564762164,1100
2022-01-14,48.250484466552734,48.250484466552734,46.839386087100685,47.47665733122871,4900
2022-01-18,48.6419563293457,48.6419563293457,47.79529651328247,47.831712810776416,5600
2022-01-19,48.70568084716797,49.406678913485926,48.61464358051852,48.687472699268255,2100
2022-01-20,48.15945053100586,48.204969164547435,48.07751560149136,48.07751560149136,1600
2022-01-21,48.70568084716797,48.70568084716797,47.79529428927698,47.89543736630085,1300
2022-01-24,48.47808074951172,48.47808074951172,47.758874586598616,47.758874586598616,1900
2022-01-25,47.70425033569336,47.70425033569336,47.70425033569336,47.70425033569336,700
2022-01-26,47.53128433227539,48.47808724529168,47.36741446375913,48.47808724529168,3000
2022-01-27,47.34010314941406,47.713361516101244,47.34010314941406,47.55859746123427,2700
2022-01-28,47.34010314941406,47.34010314941406,47.34010314941406,47.34010314941406,1300
2022-01-31,46.611785888671875,46.975938376791625,46.611785888671875,46.975938376791625,900
2022-02-01,47.19443893432617,47.340100643546194,46.59358394968743,46.59358394968743,2000
2022-02-02,46.748348236083984,46.89400994605095,46.08376646730663,46.702829602878516,4400
2022-02-03,46.611785888671875,47.230848938608936,46.39329161752113,46.39329161752113,2900
2022-02-04,47.17622375488281,47.17622375488281,45.97451396472193,46.13838379727555,3800
2022-02-07,47.69514083862305,47.795283893865935,46.42970435404119,47.795283893865935,2200
2022-02-08,46.0655517578125,47.540380268106624,46.0655517578125,47.540380268106624,5300
2022-02-09,46.88490676879883,46.88490676879883,46.702828766389025,46.702828766389025,4100
2022-02-10,46.5207405090332,46.88489643357895,45.75601584576575,46.5207405090332,6200
2022-02-11,46.238529205322266,46.42060719216151,46.238529205322266,46.42060719216151,2600
2022-02-14,46.02914047241211,46.87580015444557,46.02914047241211,46.87580015444557,2900
2022-02-15,46.02914047241211,46.02914047241211,46.02914047241211,46.02914047241211,0
2022-02-16,45.81064987182617,46.32956991564576,45.81064987182617,46.07466279877972,2000
2022-02-17,45.51932144165039,46.4297078704834,45.51932144165039,45.974514656066894,3600
2022-02-18,46.27495193481445,46.37509154230068,45.865277275646314,45.865277275646314,1500
2022-02-22,46.502540588378906,46.502540588378906,45.53752972075527,45.53752972075527,1900
2022-02-23,47.613224029541016,47.7406776127259,45.97452865330025,46.62090238108055,5000
2022-02-24,45.655879974365234,46.52074428793014,45.655879974365234,46.42970703582286,2000
2022-02-25,46.54806137084961,46.575371853747924,45.65588304340052,45.65588304340052,3200
2022-02-28,45.81975555419922,46.074662670354755,45.81975555419922,45.91989515493962,900
2022-03-01,45.756019592285156,45.756019592285156,45.756019592285156,45.756019592285156,1100
2022-03-02,46.04734802246094,46.04734802246094,45.974515439945144,45.974515439945144,1000
2022-03-03,45.7014045715332,45.83796046753584,45.7014045715332,45.79244183553496,900
2022-03-04,45.71961212158203,45.71961212158203,45.71961212158203,45.71961212158203,800
2022-03-07,45.58305358886719,46.32046793340127,45.51022447185402,45.51022447185402,7600
2022-03-08,45.66498565673828,46.284048740408366,45.63767517367451,45.655883319999965,1300
2022-03-09,45.66498565673828,45.66498565673828,45.66498565673828,45.66498565673828,300
2022-03-10,45.53753662109375,45.53753662109375,45.52843081060363,45.52843081060363,1000
2022-03-11,45.51932144165039,45.564840068522315,45.51932144165039,45.564840068522315,2300
2022-03-14,46.886741638183594,46.95098234274755,45.75793618545945,45.75793618545945,2800
2022-03-15,46.39116668701172,47.006046492608306,46.39116668701172,46.978512261944964,3200
2022-03-16,46.455413818359375,46.86839232689431,46.44623807410583,46.80415161455068,3500
2022-03-17,46.455413818359375,46.455413818359375,46.455413818359375,46.455413818359375,0
2022-03-18,45.79465103149414,46.66649025785515,45.51932969595255,46.345286700864904,5800
2022-03-21,46.510475158691406,46.62060158542558,46.38199374402554,46.62060158542558,1900
2022-03-22,46.02407455444336,46.18926592459631,45.702867556543474,45.702867556543474,2500
2022-03-23,45.84052658081055,46.65730415948787,45.84052658081055,46.34527641586172,2400
2022-03-24,46.253509521484375,46.253509521484375,45.66616044589388,45.66616044589388,1000
2022-03-25,45.97819137573242,45.97819137573242,45.74875927605141,45.74875927605141,400
2022-03-28,46.02407455444336,46.02407455444336,46.02407455444336,46.02407455444336,1300
2022-03-29,45.93230438232422,46.8041470371082,45.93230438232422,46.749082074403475,4200
2022-03-30,45.565208435058594,46.712368733012184,45.565208435058594,46.437047460819,9600
2022-03-31,46.3728141784668,46.55636055565655,45.8864192546415,45.923129230250645,1800
2022-04-01,46.80414581298828,46.960157951954116,46.446232316908244,46.80414581298828,3600
2022-04-04,46.59307098388672,47.17124085235141,46.59307098388672,47.03358019290782,4000
2022-04-05,46.115848541259766,46.80414478814424,46.115848541259766,46.125024284175026,4000
2022-04-06,46.785797119140625,46.79497636434735,45.89559938032863,45.89559938032863,5200
2022-04-07,46.7307243347168,46.7307243347168,46.7307243347168,46.7307243347168,1400
2022-04-08,46.437049865722656,47.01521966607331,46.437049865722656,47.01521966607331,1900
2022-04-11,46.767433166503906,46.969334512081396,46.17091187407456,46.969334512081396,5900
2022-04-12,46.088321685791016,46.93263013919683,46.088321685791016,46.34528451928739,3800
2022-04-13,46.94180679321289,46.94180679321289,46.785791152302785,46.80414613951903,1600
2022-04-14,46.785797119140625,46.85003783216249,46.464593554031296,46.64813994874647,3600
2022-04-18,46.638954162597656,46.804145544588195,46.574713458585315,46.804145544588195,4000
2022-04-19,45.895591735839844,46.73990361055634,45.895591735839844,46.73990361055634,1700
2022-04-20,48.07978820800781,48.07978820800781,46.62059997594552,46.80414634806991,3100
2022-04-21,46.89591598510742,47.59339147225868,46.89591598510742,47.53832651247651,2100
2022-04-22,46.80414581298828,47.99719196687368,46.49211803420079,47.99719196687368,2000
2022-04-25,46.56553649902344,46.89591575351775,46.56553649902344,46.80414432185639,2100
2022-04-26,46.620601654052734,46.804148032783864,46.52883021511516,46.804148032783864,3700
2022-04-27,46.8224983215332,47.39148888772418,46.8224983215332,47.354778915491046,900
2022-04-28,46.86838150024414,47.061103592756,46.86838150024414,47.061103592756,500
2022-04-29,47.538326263427734,47.538326263427734,46.785789321292505,46.785789321292505,800
2022-05-02,47.08864212036133,47.37313566361049,46.8041450762564,46.98769144339327,4100
2022-05-03,47.17123794555664,47.96048137504955,47.125348727999246,47.125348727999246,2900
2022-05-04,47.54750442504883,47.54750442504883,47.54750442504883,47.54750442504883,300
2022-05-05,47.22629928588867,47.26300925949949,46.80414509193154,46.850030808517175,4700
2022-05-06,47.235477447509766,47.235477447509766,46.8041440196043,46.8041440196043,5000
2022-05-09,47.015220642089844,47.015220642089844,45.9781866772655,45.9781866772655,2200
2022-05-10,46.57470703125,46.80413908559113,46.48293560985567,46.7766083593439,2000
2022-05-11,47.12535095214844,47.12535095214844,46.336107485406046,46.336107485406046,6000
2022-05-12,46.80414581298828,47.25383424450924,46.80414581298828,47.25383424450924,1100
2022-05-13,46.80414581298828,46.80414581298828,46.80414581298828,46.80414581298828,0
2022-05-16,46.455413818359375,47.2905465796828,46.161740990258146,47.2905465796828,2500
2022-05-17,47.49244689941406,48.0614375535248,47.308900510742674,47.40067545550646,3200
2022-05-18,46.94180679321289,47.72187449519587,46.94180679321289,47.72187449519587,3100
2022-05-19,47.44655227661133,47.44655227661133,46.93262318491443,46.93262318491443,800
2022-05-20,46.987693786621094,47.80447148521345,46.987693786621094,47.80447148521345,4500
2022-05-23,46.23515701293945,46.76743765575291,46.23515701293945,46.76743765575291,6300
2022-05-24,46.381988525390625,46.72154701178182,46.345278553657636,46.345278553657636,3100
2022-05-25,46.813323974609375,46.895919670345414,46.70319754724666,46.730728278873336,5600
2022-05-26,46.528831481933594,47.06111214380445,46.43705653964132,46.43705653964132,5000
2022-05-27,46.95098114013672,46.960156883044036,46.47376198927388,46.47376198927388,3100
2022-05-31,46.84085464477539,47.02440101032495,46.84085464477539,47.02440101032495,1800
2022-06-01,45.436729431152344,47.024402570090615,45.143056636874434,46.5655383914244,8300
2022-06-02,46.04242706298828,46.04242706298828,46.04242706298828,46.04242706298828,1300
2022-06-03,46.04242706298828,46.04242706298828,46.04242706298828,46.04242706298828,300
2022-06-06,45.58356475830078,45.62945397577492,45.58356475830078,45.62945397577492,1100
2022-06-07,45.58356475830078,45.58356475830078,45.48261758208268,45.48261758208268,2400
2022-06-08,45.68451690673828,45.68451690673828,45.58356622641308,45.58356622641308,1400
2022-06-09,45.886417388916016,45.97818882335152,45.427553215026855,45.74875673640694,5500
2022-06-10,45.886417388916016,45.886417388916016,45.886417388916016,45.886417388916016,400
2022-06-13,45.28071212768555,45.28071212768555,44.65665663578892,44.867733713804625,4700
2022-06-14,44.79033660888672,45.04939960443132,44.61454436611982,45.04939960443132,1300
2022-06-15,44.64230728149414,45.11417260342018,44.392494983014764,44.6145515359306,2800
2022-06-16,42.560543060302734,44.83660603775934,42.560543060302734,44.83660603775934,2900
2022-06-17,42.560543060302734,42.560543060302734,42.560543060302734,42.560543060302734,1900
2022-06-21,43.023155212402344,43.20820174716671,42.56054064022597,42.56054064022597,2300
2022-06-22,41.64456558227539,43.58754905929956,41.64456558227539,43.02315867115639,1800
2022-06-23,42.477272033691406,43.04166240512988,42.042413184326826,42.042413184326826,2900
2022-06-24,42.44951248168945,42.54203398074198,42.227455942706875,42.477268225511416,2100
2022-06-27,42.77334213256836,42.77334213256836,42.62530561337557,42.62530561337557,600
2022-06-28,43.023155212402344,43.023155212402344,42.67156714929696,42.8843694289618,2500
2022-06-29,42.81035232543945,42.81035232543945,42.71782729463526,42.71782729463526,1300
2022-06-30,42.53279495239258,42.53279495239258,41.66307709219216,42.22746756841501,1300
2022-07-01,42.986141204833984,43.07866622835232,42.53278094273481,42.53278094273481,3000
2022-07-05,43.53202819824219,43.83735549362775,42.125679550810354,42.97689215322887,3200
2022-07-06,43.948387145996094,43.948387145996094,43.19895022089753,43.19895022089753,2400
2022-07-07,43.948387145996094,43.948387145996094,43.29147525888647,43.75408986042327,2000
2022-07-08,43.98540115356445,43.98540115356445,43.772598841078654,43.772598841078654,800
2022-07-11,43.30072784423828,43.30072784423828,43.30072784423828,43.30072784423828,300
2022-07-12,43.65230941772461,43.65230941772461,43.48576789661411,43.48576789661411,1500
2022-07-13,43.485774993896484,44.272218449019576,43.485774993896484,44.272218449019576,1000
2022-07-14,43.485774993896484,43.485774993896484,43.485774993896484,43.485774993896484,0
2022-07-15,43.485774993896484,43.485774993896484,43.485774993896484,43.485774993896484,900
2022-07-18,41.05241394042969,43.18044015218221,40.460267884582265,43.18044015218221,12000
2022-07-19,40.76559829711914,41.875870471996194,40.39550521918068,41.875870471996194,6700
2022-07-20,40.913631439208984,42.01465278435408,39.87737231845832,40.580548402501186,14300
2022-07-21,42.107181549072266,43.08792582315658,41.598306168257274,42.08868007003418,6900
2022-07-22,42.44951248168945,42.745585514020256,41.81110213803263,42.745585514020256,6800
2022-07-25,41.82035827636719,43.06941621679501,41.3299844269399,42.37549435445308,12800
2022-07-26,42.20895004272461,42.72707960306042,41.292975221316915,41.292975221316915,12900
2022-07-27,42.14418411254883,43.27296472559028,41.200450022386626,41.200450022386626,9400
2022-07-28,42.44951248168945,43.05090928446874,42.09792443224576,42.745585514020256,4100
2022-07-29,40.83036804199219,41.857373080526756,40.765602276451226,41.857373080526756,4300
2022-08-01,43.67081832885742,43.67081832885742,40.80260573170157,40.80260573170157,9300
2022-08-02,43.346988677978516,43.346988677978516,42.93988908114895,42.93988908114895,1200
2022-08-03,44.54978942871094,45.08642055392296,42.005409012375765,42.005409012375765,11400
2022-08-04,43.80959701538086,44.87361190533621,43.80959701538086,44.82735115565749,3000
2022-08-05,44.41100311279297,45.26221231164284,42.847366982139036,42.87512272965432,7400
2022-08-08,45.521278381347656,46.6315541524965,45.01240301566634,45.01240301566634,9600
2022-08-09,47.010894775390625,48.20443770647899,44.90136989570386,44.90136989570386,11000
2022-08-10,47.649295806884766,49.416483141262326,46.96462476077106,46.96462476077106,12400
2022-08-11,47.371742248535156,48.20444652515753,47.288471467925945,48.17669077477772,3400
2022-08-12,46.909122467041016,48.111919755022704,46.65005588370555,47.417997835479106,4800
2022-08-15,46.21519470214844,47.18668456074048,46.15967968499756,47.18668456074048,2200
2022-08-16,45.428749084472656,45.82659789459784,45.308471838225735,45.308471838225735,4400
2022-08-17,46.076416015625,46.98314025849606,45.47501911987322,45.80809868563584,12800
2022-08-18,46.816593170166016,46.816593170166016,46.020899072855215,46.020899072855215,700
2022-08-19,46.58528518676758,47.12191977519597,45.7988418396918,45.7988418396918,5600
2022-08-22,46.72406768798828,47.18668221955252,46.030145890641926,46.20593814202758,5700
2022-08-23,45.937625885009766,46.44650118032993,45.63229859013634,46.36323042077071,4600
2022-08-24,46.37248229980469,46.37248229980469,46.168934294349334,46.26145579415004,3500
2022-08-25,46.446510314941406,46.446510314941406,46.446510314941406,46.446510314941406,200
2022-08-26,46.650054931640625,46.650054931640625,46.40024615163626,46.44650690610117,5100
2022-08-29,46.816593170166016,47.260706264228006,46.26145709679214,46.816593170166016,2500
2022-08-30,46.26145553588867,47.12191889121372,46.26145553588867,47.12191889121372,4400
2022-08-31,45.104923248291016,45.8636109056996,45.104923248291016,45.8636109056996,4800
2022-09-01,43.948387145996094,44.8736163490697,43.948387145996094,44.8736163490697,3100
2022-09-02,44.51277542114258,45.13267726376327,42.560541330194674,42.560541330194674,10700
2022-09-06,47.60304641723633,48.42649989883985,44.688572819039784,45.01240517965582,18900
2022-09-07,48.343223571777344,48.77808240606365,46.77958756322253,47.99163550300397,4400
2022-09-08,48.06565856933594,48.62079468821355,47.695565470437955,47.695565470437955,1400
2022-09-09,47.371742248535156,47.788096151581236,47.371742248535156,47.68632036089555,2800
2022-09-12,47.18668746948242,47.667807059374226,45.33622913734585,47.621546306964646,2700
2022-09-13,47.18668746948242,47.75107782549914,46.761082900163615,46.761082900163615,3200
2022-09-14,46.22578811645508,48.73532363217286,45.917929012159085,47.07473787992987,5300
2022-09-15,46.23511505126953,46.23511505126953,46.23511505126953,46.23511505126953,500
2022-09-16,50.14401626586914,50.14401626586914,45.43281172845908,45.94591257849405,23400
2022-09-19,47.765098571777344,49.63092270693445,47.15870430434044,49.63092270693445,15700
2022-09-20,47.71845245361328,47.76509734403784,47.39193110308732,47.39193110308732,3200
2022-09-21,48.23154830932617,48.25020697529526,47.62515412104914,48.25020697529526,1600
2022-09-22,47.578514099121094,47.74643855123192,47.20534785914659,47.20534785914659,2300
2022-09-23,46.403045654296875,46.73889099367045,45.85262741761173,46.42170076305906,4800
2022-09-26,47.05607604980469,47.05607604980469,46.64559608541261,46.64559608541261,1900
2022-09-27,49.257747650146484,49.257747650146484,47.24265808678338,47.57850694047331,9100
2022-09-28,51.310157775878906,51.776613755659625,48.94056054448645,49.22043342059955,37800
2022-09-29,50.56383514404297,52.41100062429468,49.25775681637708,50.9836462892768,15300
2022-09-30,49.91078186035156,50.98363186590696,49.91078186035156,50.843693670825424,5000
2022-10-03,50.37724304199219,51.94453533244518,50.37724304199219,50.66644701468909,5000
2022-10-04,50.99296951293945,51.21686995763898,50.90900729102424,50.90900729102424,2900
2022-10-05,50.79705810546875,51.869904748949615,49.696221682574105,49.696221682574105,3200
2022-10-06,50.84370422363281,51.31016022568449,50.00408199642905,50.00408199642905,1400
2022-10-07,51.1795539855957,53.09202291480263,51.1795539855957,51.77661710897963,10900
2022-10-10,51.8419189453125,52.84946560167033,51.310159396271466,51.310159396271466,4200
2022-10-11,51.69264602661133,52.37367125744199,51.54338027134401,51.54338027134401,3100
2022-10-12,51.29149627685547,51.29149627685547,50.33059815038519,50.89034387169717,6600
2022-10-13,51.1795539855957,51.77661710897963,50.44255263570376,50.44255263570376,7800
2022-10-14,51.92588424682617,52.0564913636325,51.31016243989848,51.31016243989848,1300
2022-10-17,54.43540954589844,55.41496991679082,51.91655018867969,51.96319507329919,9000
2022-10-18,55.64820098876953,57.37408672696425,54.58467834299478,57.37408672696425,11900
2022-10-19,54.482051849365234,56.72103808776479,54.03425104290914,56.11464753849615,3600
2022-10-20,54.948516845703125,55.72283193572358,51.31015871342246,54.49138841130358,2200
2022-10-21,54.855220794677734,54.855220794677734,54.062247077364084,54.47272704557238,1600
2022-10-24,54.71529006958008,54.82723851280761,53.76371940520391,54.82723851280761,3400
2022-10-25,54.74327850341797,54.74327850341797,53.09202377426645,53.894328693842816,2100
2022-10-26,53.45585250854492,54.10889156679605,52.812144562444324,54.10889156679605,3700
2022-10-27,53.73572540283203,53.829018730504814,53.69841163053948,53.829018730504814,1200
2022-10-28,53.82902145385742,53.82902145385742,53.82902145385742,53.82902145385742,600
2022-10-31,52.765506744384766,53.53049433945354,52.765506744384766,53.36256988602117,8300
2022-11-01,52.056488037109375,53.59579423545211,51.356804048549364,51.356804048549364,8600
2022-11-02,50.94632339477539,51.9165527004179,50.94632339477539,51.44076560146118,3000
2022-11-03,49.789512634277344,50.45188286148518,49.789512634277344,50.37724819298637,1800
2022-11-04,48.97787857055664,50.84370251610166,48.828612797264114,50.144018536522275,5000
2022-11-07,49.4443359375,50.61047593602594,47.57851193985849,47.57851193985849,3700
2022-11-08,48.06362533569336,48.5953848762615,48.06362533569336,48.5953848762615,3800
2022-11-09,50.032066345214844,50.23730454386937,48.063621660839914,48.063621660839914,9700
2022-11-10,49.91078186035156,49.91078186035156,49.63090902896463,49.63090902896463,1900
2022-11-11,49.91078186035156,52.709517291773146,49.91078186035156,50.61046571820696,8100
2022-11-14,49.481658935546875,50.144025676421904,49.21111357081406,49.44434159721602,6900
2022-11-15,50.153343200683594,50.153343200683594,48.72598910339063,49.677559687844784,900
2022-11-16,49.313724517822266,49.95743245959893,49.23908985622562,49.45365917015117,3400
2022-11-17,49.23908996582031,49.47231794566414,48.53007847295676,48.56739580383814,4500
2022-11-18,49.360374450683594,49.453664228444865,48.27819665827904,48.27819665827904,4100
2022-11-21,50.80638122558594,50.80638122558594,49.36036849217922,49.36036849217922,3900
2022-11-22,49.67755889892578,50.24663572989518,48.67934344612836,50.24663572989518,1200
2022-11-23,50.19065856933594,50.19065856933594,49.145798257339386,49.145798257339386,700
2022-11-25,50.00407791137695,50.00407791137695,50.00407791137695,50.00407791137695,400
2022-11-28,52.1497802734375,52.774829581851705,49.211106159814655,49.211106159814655,13600
2022-11-29,52.308372497558594,52.653548920923434,52.14977917504222,52.14977917504222,3100
2022-11-30,52.252403259277344,53.79170959193798,51.52473298648793,51.52473298648793,3200
2022-12-01,52.12179183959961,53.073362495626846,51.88856384230206,51.88856384230206,3500
2022-12-02,52.33635330200195,52.33635330200195,51.70197296002091,52.12178400379899,1900
2022-12-05,52.980072021484375,53.18531023643118,51.53405916906583,52.72818536067184,3500
2022-12-06,53.16665267944336,53.27860111505522,52.74684159742814,53.27860111505522,2200
2022-12-07,55.2097282409668,55.97471573801758,53.40920793335844,53.40920793335844,5700
2022-12-08,57.37408447265625,58.12974442735814,55.5455779191788,55.5455779191788,17100
2022-12-09,56.413185119628906,57.32743837706727,56.08666381133027,56.67439931924656,6400
2022-12-12,57.000919342041016,57.000919342041016,56.34788381695295,56.53446336196285,2100
2022-12-13,55.657527923583984,59.49179668526102,55.05113372027346,57.37408608875303,31200
2022-12-14,52.190673828125,56.37156566508716,52.190673828125,55.99575379371686,15800
2022-12-15,52.256439208984375,53.08322315725668,51.279334816307156,52.75439046510678,4000
2022-12-16,52.49132537841797,53.06443690752387,51.31691768238387,52.25644383921115,11800
2022-12-19,52.14370346069336,53.05504501040245,51.68333405137418,51.68333405137418,4000
2022-12-20,53.722103118896484,53.722103118896484,52.33160490973955,52.33160490973955,6800
2022-12-21,54.51130294799805,55.03743883682803,53.56237961135893,53.56237961135893,3100
2022-12-22,53.52480697631836,53.52480697631836,53.52480697631836,53.52480697631836,1200
2022-12-23,54.492515563964844,54.492515563964844,54.492515563964844,54.492515563964844,1700
2022-12-27,55.66691970825195,56.86011824853505,54.351581775213454,54.351581775213454,3600
2022-12-28,54.99045944213867,56.20244892625122,54.99045944213867,56.20244892625122,1400
2022-12-29,54.91529846191406,56.16486624752017,54.91529846191406,55.8078489282084,5500
2022-12-30,54.746192932128906,55.19716508486899,54.238847916293274,54.727401977763726,2700
2023-01-03,55.89241027832031,56.888305668593674,55.53538935033159,55.638737796644726,4200
2023-01-04,53.88182067871094,56.35277533795036,53.844242358363346,55.43204018529252,9300
2023-01-05,53.44024658203125,55.59175866786868,53.44024658203125,55.24413500781756,2400
2023-01-06,55.42265319824219,55.71390403216977,53.900618144007055,54.68042662557287,1100
2023-01-09,55.08441925048828,55.90180599854139,54.492516771687406,55.71390005149263,6200
2023-01-10,54.943485260009766,55.66692077869139,54.4925131673266,54.605255294495485,5200
2023-01-11,54.68981170654297,55.6575259963344,53.205362378758174,55.394456259455325,4900
2023-01-12,55.103214263916016,55.66692856259218,55.103214263916016,55.46962891645634,3900
2023-01-13,54.44553756713867,54.95288251529328,53.07383033754222,53.07383033754222,3700
2023-01-17,54.25763702392578,54.80256392994444,53.89122238629639,53.89122238629639,4400
2023-01-18,54.44553756713867,55.19715772143758,54.06972569798542,54.92469429550185,3300
2023-01-19,54.633445739746094,54.633445739746094,53.261734869950615,53.261734869950615,2000
2023-01-20,55.291114807128906,55.90180826378182,54.21066183983035,54.21066183983035,7700
2023-01-23,54.21065902709961,55.03744303431438,54.14489248398105,54.84953708940087,9000
2023-01-24,55.66691970825195,55.66691970825195,53.55298604844492,53.609358902949154,3000
2023-01-25,55.281715393066406,55.29110907702245,54.6992102195862,54.6992102195862,2500
2023-01-26,55.657527923583984,55.87361849721209,52.84834329840327,54.68981360028357,8500
2023-01-27,56.37156677246094,56.88830541774029,54.96227760314942,55.43204065958659,6800
2023-01-30,56.446739196777344,58.26941884369016,56.446739196777344,57.311101632217984,4400
2023-01-31,57.30170440673828,57.592955234423066,56.4279447556679,56.559477849978194,9500
2023-02-01,56.66282653808594,57.89360356905425,56.50310522004704,57.3110983272828,8500
2023-02-02,57.076210021972656,57.151373829568044,55.90180240835182,56.59705329257871,7500
2023-02-03,56.014549255371094,56.315197343069215,56.014549255371094,56.315197343069215,1600
2023-02-06,57.45201873779297,57.96875734261544,55.31929419846414,55.31929419846414,16300
2023-02-07,56.465518951416016,57.34867580694334,56.23063741903241,57.02923677954133,8700
2023-02-08,55.657527923583984,56.69100520337192,55.432040081880764,56.69100520337192,5600
2023-02-09,54.539493560791016,57.21714530105173,54.492517968998634,55.40385950260408,20900
2023-02-10,55.89241027832031,55.89241027832031,53.985169823650025,53.985169823650025,8300
2023-02-13,57.029232025146484,57.2547162703923,55.75147602206197,56.13668155969709,6900
2023-02-14,56.30580520629883,56.35278079929164,55.43204555740218,55.43204555740218,4900
2023-02-15,55.43204116821289,55.883013276449624,55.43204116821289,55.883013276449624,1600
2023-02-16,55.81724548339844,55.81724548339844,54.23884134794942,54.23884134794942,6900
2023-02-17,55.47902297973633,55.90181049862842,55.43204738519457,55.90181049862842,2800
2023-02-21,54.539493560791016,55.03744486901242,54.492517968998634,54.60526010610193,2200
2023-02-22,55.00925827026367,55.432045776889005,54.173080526053575,55.15958231884068,11800
2023-02-23,56.18366241455078,56.18366241455078,54.98107010310333,54.98107010310333,9600
2023-02-24,55.08441925048828,55.80785481702093,54.45493486547609,55.80785481702093,4900
2023-02-27,55.00925827026367,56.24943256702597,54.5488924395001,54.74619208125592,6300
2023-02-28,53.769081115722656,55.15018570262493,53.769081115722656,54.492516681052045,6600
2023-03-01,55.03744125366211,55.479016088313415,53.036249635493135,53.036249635493135,5000
2023-03-02,54.492515563964844,54.492515563964844,54.492515563964844,54.492515563964844,2400
2023-03-03,54.28582000732422,54.28582000732422,53.787872292806085,54.08852037523302,2400
2023-03-06,54.46432876586914,54.46432876586914,53.797262515898105,53.797262515898105,2600
2023-03-07,54.473724365234375,54.85892993360361,54.35158496531015,54.85892993360361,4200
2023-03-08,55.22534942626953,55.22534942626953,54.80256549936372,54.80256549936372,3600
2023-03-09,55.42265319824219,55.42265319824219,54.097921373709596,54.097921373709596,2500
2023-03-10,54.351585388183594,55.206554026289595,53.487223065706225,55.206554026289595,9500
2023-03-13,51.67393493652344,52.84834254871715,51.67393493652344,52.660436613964634,4600
2023-03-14,54.23111343383789,56.106380457882935,54.22164399400015,56.106380457882935,8500
2023-03-15,54.79937744140625,54.81831993401653,53.45448936936476,53.45448936936476,5000
2023-03-16,53.14194869995117,54.76149392603418,52.56421530501941,54.76149392603418,22200
2023-03-17,51.29509353637695,53.501845054113346,51.03937531675229,53.501845054113346,8700
2023-03-20,49.55242919921875,52.185374411155564,49.55242919921875,51.14356254521386,11600
2023-03-21,51.15303039550781,52.13801836248793,47.0236644346964,49.73237592452498,8800
2023-03-22,51.01096725463867,51.01096725463867,50.1964581109982,50.1964581109982,3900
2023-03-23,51.42768859863281,52.57368228178593,51.42768859863281,51.6549948924958,9300
2023-03-24,52.649452209472656,53.16088866058058,50.19645546757834,50.55635559386661,7100
2023-03-27,51.247745513916016,52.37479681858417,51.247745513916016,52.090666632263186,10400
2023-03-28,50.76471710205078,52.4126778386002,50.41429001921682,50.41429001921682,3600
2023-03-29,50.95413589477539,51.18144218312097,50.15856930493218,51.11514526837661,9200
2023-03-30,49.04098892211914,51.228798007254525,49.04098892211914,50.9541372884237,5400
2023-03-31,48.97469711303711,50.47112164376549,48.965227672360314,48.965227672360314,5700
2023-04-03,50.537410736083984,52.03383142201934,49.0599289285675,49.0599289285675,8500
2023-04-04,50.19646072387695,51.3329850854904,49.05046692161924,50.4616484168526,4400
2023-04-05,50.58477020263672,51.49398819966961,49.1072882477749,50.29116697711288,4500
2023-04-06,52.03384017944336,52.03384017944336,50.75525250924346,50.75525250924346,3300
2023-04-10,52.090660095214844,52.763102294799914,51.89176935104082,52.04330567225592,8300
2023-04-11,51.75917434692383,52.78204358868414,50.575295735264184,52.299022704807754,11100
2023-04-12,52.18537521362305,52.56421786865173,51.948599457457945,51.97701500497746,11000
2023-04-13,52.592628479003906,52.592628479003906,51.797061813804696,51.797061813804696,1900
2023-04-14,52.02436065673828,53.03776043312404,51.75917301070409,52.56420900068544,14200
2023-04-17,51.48451614379883,52.18537029272914,51.48451614379883,51.872828202776695,11400
2023-04-18,52.21379089355469,52.30849975109638,50.480590619833414,51.190917890130066,4400
2023-04-19,52.999881744384766,54.107994106576676,52.857818465531686,53.39766687357788,6900
2023-04-20,52.02436065673828,52.02436065673828,52.02436065673828,52.02436065673828,1200
2023-04-21,50.783660888671875,53.56814596831367,50.20592749152412,51.456106751776474,8400
2023-04-24,51.70235061645508,52.82940183571197,50.77419015125922,50.77419015125922,4500
2023-04-25,50.49953079223633,51.59817010860271,49.647136661904156,51.24774301631555,7900
2023-04-26,49.36300277709961,49.41035720013208,49.36300277709961,49.41035720013208,2900
2023-04-27,49.49559783935547,49.7134346939693,49.059931355949765,49.16411325696221,7500
2023-04-28,50.433231353759766,51.541340054940875,50.007034309878186,50.007034309878186,9200
2023-05-01,49.827083587646484,50.8594258815726,49.827083587646484,50.8594258815726,2100
2023-05-02,47.4119758605957,49.80814521258775,47.4119758605957,49.80814521258775,6100
2023-05-03,47.66769027709961,48.22647751485091,47.29831711446331,47.45932648477823,5200
2023-05-04,46.12391662597656,47.40250422536202,45.50829823343618,47.364619238424815,10600
2023-05-05,48.27383804321289,48.77580144564824,46.60693484436446,46.60693484436446,6300
2023-05-08,47.1562614440918,49.52401905490687,47.1562614440918,47.86658872733632,5200
2023-05-09,47.21308135986328,48.576911941719956,46.92895119294683,47.554039005327446,7100
2023-05-10,46.37963104248047,47.21307900887886,46.37963104248047,47.21307900887886,5000
2023-05-11,45.839786529541016,45.934495384137634,45.47988637883366,45.63142271393499,2100
2023-05-12,46.5406379699707,46.5406379699707,46.15232590844939,46.15232590844939,4400
2023-05-15,46.824771881103516,46.824771881103516,45.47041427714535,45.83978748878864,6800
2023-05-16,46.4459228515625,48.30224349934059,46.16179273003083,46.31332903570842,20700
2023-05-17,47.989707946777344,47.989707946777344,46.73006281787928,47.07102048071222,12700
2023-05-18,47.374088287353516,48.993633406460525,47.260436949059404,48.06547298241831,12700
2023-05-19,47.86658477783203,49.12622984413756,47.355148308996206,47.355148308996206,43400
2023-05-22,48.955753326416016,48.955753326416016,48.32119604339282,48.32119604339282,6500
2023-05-23,48.9652214050293,49.429299809930704,48.804212030841434,48.9652214050293,8800
2023-05-24,49.1262321472168,49.27776848439329,48.96522636961544,48.96522636961544,8600
2023-05-25,48.31172561645508,48.97469848262285,48.074949850888835,48.32119867030814,4200
2023-05-26,48.27383804321289,49.09781659000003,48.046531747765926,48.71897396855875,5200
2023-05-30,46.692176818847656,48.20754377495721,45.991322627460114,48.20754377495721,11700
2023-05-31,48.06547164916992,48.22647740621133,45.94395958669822,45.94395958669822,6700
2023-06-01,48.37801742553711,49.26829284277997,48.37801742553711,49.22093842079347,6100
2023-06-02,48.491676330566406,49.950215878061535,48.34013998880791,49.02205172026545,9700
2023-06-05,48.90839385986328,50.13962692444817,48.30224857347754,50.13962692444817,6100
2023-06-06,50.14910125732422,50.19645568161147,49.55242539515414,50.19645568161147,7400
2023-06-07,53.35031509399414,53.68179970734069,48.870514609611085,50.196460288819914,13500
2023-06-08,54.278472900390625,55.879075630515,53.71020894657091,55.879075630515,9800
2023-06-09,52.89570236206055,54.609960133453065,52.89570236206055,53.84280538457129,6100
2023-06-12,53.435550689697266,53.96592968189764,52.23273303286024,53.34084183279888,8600
2023-06-13,53.60602951049805,54.458423674038826,53.236659910600814,53.46396622518212,10100
2023-06-14,53.16695022583008,54.55100978300537,52.23151779908435,54.02601903836756,7700
2023-06-15,54.350555419921875,54.39828449792107,53.53921207097952,53.72057018723721,8700
2023-06-16,53.24330520629883,54.29328295590253,53.24330520629883,53.43421058270107,16700
2023-06-20,52.9378662109375,53.46285334595858,52.508329958204705,52.82332442394801,14700
2023-06-21,52.88058853149414,53.62511548757731,50.74245488878068,52.594228648800154,23100
2023-06-22,52.97604751586914,53.35785832382195,52.35560586325025,52.59423670791632,13500
2023-06-23,51.21017837524414,52.72787062342451,50.83791121600042,51.59198552448384,361800
2023-06-26,52.498779296875,53.224215372296214,51.276990689337254,51.276990689337254,14800
2023-06-27,51.39153289794922,52.53696154786357,51.01926940600095,52.26014892623429,12200
2023-06-28,51.639705657958984,52.145605449525604,51.01926773872645,51.70652199324223,9200
2023-06-29,52.38424301147461,52.4128775470823,51.66835049154111,51.66835049154111,5200
2023-06-30,51.25790786743164,51.90698407781003,51.21018242515455,51.88789317265563,12000
2023-07-03,52.21242904663086,52.21242904663086,51.4774456150749,51.4774456150749,3800
2023-07-05,52.5465087890625,53.03331772830465,51.92607080692202,52.766048718855366,9600
2023-07-06,51.53471755981445,51.86879927771502,51.35335579191046,51.86879927771502,11300
2023-07-07,52.021522521972656,52.99513677492633,51.43926269647135,51.486988135679184,25600
2023-07-10,51.41062545776367,51.8783398351103,51.372443651918154,51.8783398351103,5700
2023-07-11,50.11247634887695,51.75425769159171,49.902480044701534,51.267448739406454,13800
2023-07-12,48.99568557739258,50.580194201608464,48.99568557739258,50.580194201608464,6300
2023-07-13,49.81657409667969,49.81657409667969,48.737965294510985,49.06250339069727,3200
2023-07-14,49.367950439453125,49.74021397551573,49.26295228492927,49.74021397551573,5500
2023-07-17,49.63521194458008,50.17928993805981,49.024317610933885,49.024317610933885,5600
2023-07-18,50.083839416503906,50.20792482556243,49.29158331864155,49.29158331864155,5700
2023-07-19,51.33426284790039,51.649257290447146,50.589735825469866,50.589735825469866,8100
2023-07-20,53.357852935791016,53.357852935791016,52.27924060727675,52.3651478483304,10500
2023-07-21,53.567848205566406,54.78964054275144,53.186041058685326,53.434215522097155,5400
2023-07-24,53.071495056152344,53.691936669711566,52.498782521495755,53.25285681706035,9000
2023-07-25,54.90418243408203,55.23826414343294,54.1882899358579,54.82781881982037,5000
2023-07-26,54.74190902709961,56.40278114783055,54.6560017856615,55.009178023361144,10100
2023-07-27,55.36235046386719,55.93506297769611,54.75145614479171,54.75145614479171,4700
2023-07-28,55.02826690673828,55.02826690673828,54.03556185126312,54.99008510278526,3300
2023-07-31,53.672847747802734,54.54146385412133,53.453307813372504,54.54146385412133,5000
2023-08-01,53.76830291748047,53.76830291748047,53.176495809291914,53.176495809291914,2300
2023-08-02,54.32191848754883,54.91372188819043,52.98558446935965,52.98558446935965,6300
2023-08-03,54.436466217041016,54.60828071364794,54.436466217041016,54.60828071364794,1900
2023-08-04,54.875545501708984,54.875545501708984,53.4914860040381,53.4914860040381,3600
2023-08-07,55.36235046386719,55.36235046386719,54.89463245264026,55.02826877100321,4100
2023-08-08,54.64645767211914,55.34325922819746,54.64645767211914,55.24780835687284,3800
2023-08-09,54.57009506225586,55.2096275637478,54.4364623834652,55.2096275637478,4100
2023-08-10,55.238258361816406,55.238258361816406,54.99962755405178,54.99962755405178,4300
2023-08-11,55.17144775390625,55.36235314817795,54.60827884347436,54.60827884347436,2900
2023-08-14,52.14560317993164,54.27418946855162,52.14560317993164,53.96874233734623,9400
2023-08-15,51.21017837524414,51.926070876438324,51.21017837524414,51.926070876438324,4800
2023-08-16,52.126522064208984,52.16470387308136,51.07654416752495,51.07654416752495,3800
2023-08-17,52.6896858215332,52.794683965002285,51.87833884822858,51.87833884822858,5100
2023-08-18,52.6896858215332,53.0237675132827,52.6896858215332,52.78513669311381,4200
2023-08-21,52.78514099121094,54.11192787679047,52.26015387233512,52.899682774677856,6000
2023-08-22,51.87834167480469,51.87834167480469,51.87834167480469,51.87834167480469,1900
2023-08-23,51.27699279785156,51.8306144179506,51.13381284648561,51.5442581564361,5500
2023-08-24,51.945159912109375,52.2028816582832,51.11472560191663,51.2579055635302,4400
2023-08-25,51.14336013793945,51.59198361270244,51.14336013793945,51.59198361270244,3900
2023-08-28,50.50382995605469,50.732917160617355,50.341562735453394,50.62791901024353,4400
2023-08-29,50.80928039550781,50.80928039550781,50.79018949046757,50.79018949046757,1300
2023-08-30,51.630165100097656,51.630165100097656,50.4465546138149,50.4465546138149,3800
2023-08-31,50.89518356323242,52.78513931593315,50.71382544173088,52.231517679065675,5400
2023-09-01,50.41791915893555,51.47744057814067,50.41791915893555,51.47744057814067,4500
2023-09-05,50.20792770385742,50.62792031618638,50.05520411061534,50.05520411061534,5700
2023-09-06,48.66160583496094,49.95975833065496,48.66160583496094,49.95975833065496,6300
2023-09-07,49.65430450439453,49.65430450439453,48.604326647341935,48.68069026220434,23100
2023-09-08,50.13156509399414,50.13156509399414,50.07429238408077,50.07429238408077,3200
2023-09-11,51.945159912109375,51.945159912109375,50.49428759776574,51.06700016178467,5200
2023-09-12,52.517879486083984,52.517879486083984,51.105185248498614,52.25061409122721,7200
2023-09-13,51.18153762817383,52.011975509520454,51.13381219206844,51.13381219206844,7000
2023-09-14,51.576133728027344,51.98997498907775,51.576133728027344,51.78786749080035,4700
2023-09-15,54.55963897705078,54.76175015433782,52.11509270467261,52.11509270467261,29200
2023-09-18,53.23149490356445,54.36715172279392,53.23149490356445,54.36715172279392,6100
2023-09-19,52.56742477416992,53.924437999359846,52.52893073114198,53.924437999359846,6200
2023-09-20,52.75028991699219,53.71271079995712,52.75028991699219,53.26999440357157,5000
2023-09-21,53.722328186035156,53.722328186035156,52.78877884521888,52.78877884521888,3000
2023-09-22,52.8369026184082,53.751199428006586,52.8369026184082,53.66458141041534,6300
2023-09-25,52.64442443847656,53.077514581646604,52.64442443847656,52.75029132584528,5100
2023-09-26,53.03901290893555,53.03901290893555,52.836905414309285,52.836905414309285,3300
2023-09-27,53.01013946533203,53.01013946533203,53.01013946533203,53.01013946533203,2400
2023-09-28,52.64442443847656,53.64534306461523,52.64442443847656,52.90427852437858,5100
2023-09-29,51.58575439453125,52.981265315394275,51.38364690380225,52.981265315394275,4800
2023-10-02,50.767696380615234,55.00234930080602,50.04588079226525,52.2305764135658,7900
2023-10-03,49.930397033691406,49.930397033691406,49.79565869587905,49.79565869587905,3300
2023-10-04,49.32406997680664,49.97851646727962,48.76586410555557,49.07384216402311,10300
2023-10-05,51.20079040527344,51.20079040527344,50.507846212339466,50.507846212339466,5700
2023-10-06,51.02755355834961,51.345150527577125,50.73882803959436,50.73882803959436,7600
2023-10-09,53.17375183105469,53.88594487368559,51.39327473149369,51.556884513344045,3400
2023-10-10,53.8089485168457,53.8089485168457,52.76953592841655,52.76953592841655,4500
2023-10-11,53.924434661865234,54.636627648292674,53.83781664556114,53.83781664556114,8900
2023-10-12,53.35661315917969,53.857072465723135,52.62517489352041,53.2796213965892,4900
2023-10-13,53.56834411621094,54.95422881211262,53.029387121021536,53.9148162080224,7200
2023-10-16,53.79932403564453,54.85798544409831,53.79932403564453,54.67512681430181,6700
2023-10-17,55.03122329711914,55.50280744738666,52.93314559614618,53.905189018065826,9800
2023-10-18,54.954227447509766,55.33919724470623,54.954227447509766,55.11784089628869,5000
2023-10-19,53.62609100341797,55.24295832713318,53.62609100341797,55.24295832713318,6800
2023-10-20,52.3460693359375,54.28053729639361,52.3460693359375,54.28053729639361,8000
2023-10-23,50.91206359863281,50.91206359863281,50.62333441129232,50.709952433225645,3900
2023-10-24,50.86393737792969,51.970722757033734,50.49822012041451,51.00830196523681,7300
2023-10-25,50.04588317871094,50.892814537403936,50.04588317871094,50.07475462879162,6600
2023-10-26,50.04588317871094,50.24799067196391,49.71865994953483,50.04588317871094,8900
2023-10-27,50.59446334838867,51.989974302955,50.59446334838867,50.729201678795434,5000
2023-10-30,51.008304595947266,51.22003835589265,50.91206398034163,51.16229178372277,5900
2023-10-31,50.68108367919922,51.07567609536637,50.39235814784302,50.71958139573853,5200
2023-11-01,51.393272399902344,52.259448920658265,51.393272399902344,52.259448920658265,3500
2023-11-02,51.970726013183594,52.15358465339792,51.34515099078352,51.39327497046368,4700
2023-11-03,52.933143615722656,53.539469743297246,52.68291582493059,52.68291582493059,7000
2023-11-06,52.32681655883789,53.1641252772566,52.32681655883789,52.577048016529886,4700
2023-11-07,52.25944900512695,53.106380341955365,52.0669641097554,52.0669641097554,4200
2023-11-08,52.92352294921875,52.942768134996705,52.92352294921875,52.942768134996705,2800
2023-11-09,52.3460693359375,52.93314664063966,52.3460693359375,52.93314664063966,2700
2023-11-10,53.000511169433594,53.4239749838272,52.808026282402366,52.89464429799923,9200
2023-11-13,52.557804107666016,52.93314765819083,52.557804107666016,52.93314765819083,2700
2023-11-14,54.08805465698242,54.28053956891219,49.0834653035301,49.0834653035301,14900
2023-11-15,52.99089431762695,54.45377447765491,52.99089431762695,54.34790759475211,7500
2023-11-16,54.290157318115234,54.290157318115234,52.41343601911164,52.46155632496425,4400
2023-11-17,55.91665267944336,55.91665267944336,54.694381370330774,54.694381370330774,6700
2023-11-20,56.01289367675781,56.01289367675781,55.579803564067674,55.579803564067674,3000
2023-11-21,56.638465881347656,56.638465881347656,55.810787029492566,55.87815619567444,7200
2023-11-22,57.1966667175293,57.1966667175293,56.638460908072105,56.638460908072105,3600
2023-11-24,58.082096099853516,58.082096099853516,57.45652475801287,57.84149089037385,2700
2023-11-27,55.214080810546875,57.34103358966735,55.214080810546875,56.97531265409752,12700
2023-11-28,54.857994079589844,55.08897672268498,54.857994079589844,54.98310983090573,3400
2023-11-29,55.54130554199219,56.03214222410654,55.54130554199219,56.03214222410654,2000
2023-11-30,56.14762878417969,56.14762878417969,54.694375013174685,54.694375013174685,3000
2023-12-01,56.51335525512695,57.30254008311292,55.83003364002431,56.753960475155466,13400
2023-12-04,58.996395111083984,58.996395111083984,56.30161756856669,56.36898673177882,11100
2023-12-05,56.85020065307617,59.03489647452794,56.301621049379506,59.03489647452794,15100
2023-12-06,58.236083984375,58.707671815993265,57.475774303536994,58.22646139127201,6000
2023-12-07,57.2640380859375,58.04360026223663,56.31123987046078,58.04360026223663,8800
2023-12-08,58.55368423461914,59.14076153626065,56.522975668486374,56.522975668486374,7800
2023-12-11,59.40061950683594,59.56422929864832,57.889618977775356,58.698052685855394,6200
2023-12-12,58.861656188964844,59.08301253318509,57.86073767230841,58.68842015064569,6600
2023-12-13,62.942317962646484,62.942317962646484,59.573845367396004,59.573845367396004,14800
2023-12-14,65.07398986816406,65.07398986816406,63.39772103578904,63.7174728916491,19000
2023-12-15,68.59123992919922,68.79471637222349,64.80268228202782,65.37436052974428,37000
2023-12-18,68.1455307006836,69.76365822135853,67.19596654444888,68.1261477669762,13100
2023-12-19,66.33360290527344,67.34130095777545,63.59150211367474,67.34130095777545,9700
2023-12-20,67.63199615478516,68.55248594191211,64.96741189555888,65.78131772092291,10700
2023-12-21,65.88790130615234,67.34131089378806,65.3549815003832,67.34131089378806,8500
2023-12-22,65.91696166992188,66.44018995581406,65.63596829088222,66.0913710985526,7300
2023-12-26,65.10306549072266,65.51970988738424,64.56045419285078,65.51970988738424,6400
2023-12-27,67.24441528320312,67.34130777273684,63.688408431112094,64.39573025788894,4800
2023-12-28,66.68242645263672,68.26179542170136,66.59522543245349,66.62429243918123,4200
2023-12-29,66.0719985961914,67.80640149608175,66.0719985961914,66.469260017633,4700
2024-01-02,67.15721130371094,67.15721130371094,63.969398658259806,66.62429887986474,7800
2024-01-03,64.8608169555664,68.76564222628444,64.8608169555664,67.34129988055564,8800
2024-01-04,63.53337860107422,65.44219107601754,63.53337860107422,65.44219107601754,8200
2024-01-05,63.25238037109375,63.76591721256399,63.15548788273723,63.76591721256399,17000
2024-01-08,62.84542465209961,62.91325013013457,62.01213598342847,62.758216241813116,5300
2024-01-09,59.832027435302734,62.80667206634879,59.6091717442713,62.80667206634879,6700
2024-01-10,60.064571380615234,60.064571380615234,58.55302417456887,58.62084965533267,6800
2024-01-11,58.88246536254883,59.43476068975517,58.5239587124456,59.43476068975517,4400
2024-01-12,58.5433349609375,58.5433349609375,56.92520743442976,58.47550947756362,4800
2024-01-16,59.08594512939453,59.08594512939453,58.18483087202435,58.427065807958016,4500
2024-01-17,57.651912689208984,59.35724495082557,57.458124008154186,58.92122503871684,3800
2024-01-18,56.208187103271484,58.29140881565795,56.00471066519041,56.905824829505356,7800
2024-01-19,55.21987533569336,56.73141890776666,54.987328180491204,56.73141890776666,8500
2024-01-22,55.13267135620117,55.13267135620117,53.33044289182746,54.67726850658519,15400
2024-01-23,54.415653228759766,55.56869013740713,54.415653228759766,55.122978763934526,6400
2024-01-24,55.94658279418945,57.02210281192644,55.87875361117112,55.87875361117112,4200
2024-01-25,56.905826568603516,56.905826568603516,55.85937364348348,56.18881328024954,8700
2024-01-26,56.16943359375,58.087933687960444,55.481483622100654,57.16744026646156,6800
2024-01-29,57.060855865478516,57.62284264127296,55.47179541782887,55.66558408866183,4200
2024-01-30,56.87675857543945,56.87675857543945,56.87675857543945,56.87675857543945,1000
2024-01-31,53.77614974975586,55.607445068759134,53.77614974975586,55.607445068759134,2700
2024-02-01,56.188812255859375,57.16743968170467,54.396271675231596,54.396271675231596,5400
2024-02-02,53.96994400024414,54.11528274282499,53.96994400024414,54.076527962530484,2000
2024-02-05,51.499149322509766,53.77615626234034,51.21815590720129,53.41764958886406,5700
2024-02-06,49.512813568115234,51.70261919974145,48.69890413182953,51.70261919974145,12600
2024-02-07,50.10387420654297,51.43132434177177,47.76872952794284,49.05742118560032,8600
2024-02-08,49.91008377075195,51.014678165662545,49.91008377075195,50.103872455624604,4300
2024-02-09,52.913795471191406,52.913795471191406,50.49144631903074,50.49144631903074,3500
2024-02-12,54.50285720825195,55.24894120824808,52.342122157141304,52.342122157141304,5400
2024-02-13,49.73567581176758,54.26062236713067,48.979900343944394,54.26062236713067,9500
2024-02-14,50.96622848510742,51.65417850476353,50.0554264665844,50.0554264665844,7900
2024-02-15,53.873043060302734,53.921492999770784,51.91578822001285,51.91578822001285,5800
2024-02-16,53.291683197021484,54.46409934026517,52.487461476412136,53.76646527365533,5200
2024-02-20,51.285972595214844,51.363485840083975,51.285972595214844,51.363485840083975,2600
2024-02-21,51.64448165893555,52.158022177444344,50.16200520440213,51.2181495513878,3000
2024-02-22,52.32274627685547,52.32274627685547,50.607722483124235,50.87902442917941,6500
2024-02-23,52.797523498535156,52.797523498535156,52.797523498535156,52.797523498535156,1900
2024-02-26,52.32274627685547,52.32274627685547,52.32274627685547,52.32274627685547,1900
2024-02-27,52.20647048950195,52.20647048950195,52.20647048950195,52.20647048950195,1400
2024-02-28,50.171695709228516,50.42362209722063,50.171695709228516,50.42362209722063,1400
2024-02-29,51.770450592041016,51.770450592041016,51.24722224547001,51.24722224547001,3900
2024-03-01,50.975921630859375,50.975921630859375,50.17169985168326,50.70461967943219,2600
2024-03-04,51.092185974121094,52.16770954908422,51.092185974121094,52.16770954908422,2700
2024-03-05,50.96622848510742,52.88473240940708,50.11356418120952,52.865353171198706,2200
2024-03-06,51.886722564697266,51.886722564697266,51.402252692578315,51.402252692578315,2600
2024-03-07,51.05343246459961,51.83827496764313,50.71430504142681,51.83827496764313,4700
2024-03-08,50.37517547607422,50.37517547607422,50.37517547607422,50.37517547607422,2200
2024-03-11,50.268592834472656,50.268592834472656,50.20076735094894,50.20076735094894,2400
2024-03-12,49.65816116333008,50.268594228179566,49.65816116333008,50.268594228179566,1900
2024-03-13,49.40623474121094,49.658157425720574,49.386855504523815,49.658157425720574,3200
2024-03-14,47.549224853515625,49.435556109421974,47.529676935045934,49.435556109421974,4400
2024-03-15,48.72207260131836,48.72207260131836,47.549227260832176,47.549227260832176,13200
2024-03-18,47.6469612121582,48.8686781663161,47.6469612121582,48.8686781663161,3200
2024-03-19,47.60786819458008,48.565693895964834,47.363524789276276,47.656736129963946,3700
2024-03-20,48.28225326538086,48.927319637922785,47.36351977258376,47.36351977258376,6300
2024-03-21,47.73492431640625,48.25293110466347,47.73492431640625,47.89130393522263,6800
2024-03-22,47.402618408203125,47.81311352025794,47.38307048928847,47.39284631293795,3300
2024-03-25,47.45148468017578,47.45148468017578,47.402616748792006,47.402616748792006,4700
2024-03-26,46.552303314208984,46.552303314208984,46.552303314208984,46.552303314208984,2600
2024-03-27,47.402618408203125,50.0512999027977,46.91393162048969,47.21691877109037,5700
2024-03-28,47.89130401611328,47.89130401611328,46.835738791031666,46.835738791031666,2600
2024-04-01,47.87175750732422,49.054378644468365,47.87175750732422,48.21384049740005,3000
2024-04-02,47.20714569091797,48.37999479526804,46.8357426667238,46.8357426667238,4100
2024-04-03,46.90415954589844,46.992123316861,46.80641995128209,46.992123316861,3600
2024-04-04,46.37637710571289,47.04099143822651,46.37637710571289,47.04099143822651,3100
2024-04-05,46.522979736328125,47.6665087346759,46.522979736328125,47.6665087346759,1500
2024-04-08,46.13203430175781,47.158275827985285,46.13203430175781,47.158275827985285,2700
2024-04-09,45.68244171142578,46.75755113316645,45.15465909563997,45.4576425122552,8500
2024-04-10,42.30072784423828,46.386149754708725,41.22561838501316,44.920089367555725,11400
2024-04-11,42.01729202270508,43.219461083792226,41.098558467446686,42.20299166147348,17800
2024-04-12,39.1438102722168,42.12479887996256,38.91901480116809,41.59701999194501,17300
2024-04-15,37.38453674316406,40.32642936664694,36.74924247055406,40.32642936664694,21800
2024-04-16,33.836673736572266,37.86345574208772,32.986359729709626,37.41386104256984,34500
2024-04-17,34.55015563964844,34.745631107424344,32.751788047202055,34.19830427171313,21900
2024-04-18,34.88246536254883,35.674139387055405,34.2080788642997,34.344910583215345,12700
2024-04-19,36.13349914550781,36.260555014866725,34.46218764278135,34.46218764278135,15900
2024-04-22,37.82435989379883,37.82435989379883,34.15920881355445,36.172596087469294,24900
2024-04-23,36.71015167236328,38.401007456883455,36.51467621779323,38.13711615247151,20100
2024-04-24,36.16282653808594,37.59956705579031,35.1952249442803,37.59956705579031,31400
2024-04-25,36.886077880859375,37.296572965134224,35.781644771421156,36.16281984350039,12900
2024-04-26,37.66797637939453,38.28371901294674,36.690602858777446,36.70037495349462,29700
2024-04-29,38.26417922973633,38.87014983835053,37.40408938860407,38.567162669851164,45200
2024-04-30,38.283721923828125,38.6062569997799,37.345444167506486,38.283721923828125,31300
2024-05-01,39.35883331298828,40.07231555721056,38.65512316377871,38.65512316377871,23300
2024-05-02,40.79557800292969,40.79557800292969,39.339289616392634,39.36860963296152,12500
2024-05-03,42.14434814453125,42.49620323336988,40.20914888430314,41.63611343047371,19500
2024-05-06,41.35268020629883,42.44733764327221,41.030145114259994,42.22254215263207,30900
2024-05-07,40.97149658203125,41.35267539051862,40.404621873473246,41.09855618486037,12900
2024-05-08,41.10832977294922,41.45040899844671,40.46326342745113,40.97149435436629,16700
2024-05-09,41.0301399230957,41.03991574619101,40.062542226169526,40.38507354901689,10100
2024-05-10,41.70452880859375,41.70452880859375,40.78579898694229,40.8053469059201,9300
2024-05-13,41.1865234375,41.70453025908338,41.147427598184606,41.70453025908338,8000
2024-05-14,41.528602600097656,41.80226599323951,41.03014001586459,41.049687933715305,13600
2024-05-15,42.30072784423828,42.30072784423828,41.26471422348282,41.372225915082204,9800
2024-05-16,42.02706527709961,42.23231284061736,41.60679432605786,41.88045774408153,7400
2024-05-17,43.356292724609375,43.49312442964429,41.430865573629774,42.13457574624858,10800
2024-05-20,43.395389556884766,43.66905297322402,42.955570688922094,42.955570688922094,10300
2024-05-21,43.248779296875,43.49312268273305,42.9067000480274,43.49312268273305,5300
2024-05-22,44.37276077270508,44.744160038200455,43.00443630791764,43.00443630791764,15500
2024-05-23,43.04353332519531,43.98181106646772,41.948872231993185,43.98181106646772,21100
2024-05-24,43.639732360839844,44.099095413638324,42.76009463695446,42.76009463695446,13100
2024-05-28,43.639732360839844,44.51936635634085,42.19321616414291,43.03375804954797,32600
2024-05-29,42.066162109375,42.730776478879555,41.29403604357051,42.34960135809582,48700
2024-05-30,42.808963775634766,43.473578134966985,41.45041504147712,42.15412524038993,32200
2024-05-31,42.945796966552734,43.49312755439959,42.48643388498757,43.00444072794566,17500
2024-06-03,43.317195892333984,43.639730956843344,43.00443665132238,43.00443665132238,12100
2024-06-04,43.12172317504883,43.610409986234195,42.887155593575166,42.95557144887036,17000
2024-06-05,43.49312210083008,43.63972962173709,42.76986404787782,42.76986404787782,12400
2024-06-06,44.030677795410156,45.13511095370687,42.95556837899036,43.00443631093958,16100
2024-06-07,44.00135803222656,44.21638140808741,43.30742370080105,43.32697161936879,9700
2024-06-10,44.73439025878906,44.832126127739826,43.307425693155196,43.307425693155196,24700
2024-06-11,45.18397903442383,45.18397903442383,43.60063491807367,44.20660547868448,12900
2024-06-12,44.793033599853516,46.40569779282241,44.54869020136874,45.52606379530784,12200
2024-06-13,45.13511276245117,45.13511276245117,43.297649366128944,43.297649366128944,11600
2024-06-14,44.4542350769043,44.651590927777576,44.26674908891205,44.365425132223805,19000
2024-06-17,44.96735763549805,45.1745795797124,43.27010263126693,43.55626841951514,9700
2024-06-18,44.898284912109375,45.81598642134302,44.1187313695561,44.60225301718718,16700
2024-06-20,46.151493072509766,47.14813472492071,44.247015953791326,44.247015953791326,11900
2024-06-21,47.14813232421875,47.46390018400822,46.21069860785929,46.21069860785929,24700
2024-06-24,48.075706481933594,48.51975247247976,47.36522687425969,47.513244713941766,9300
2024-06-25,48.69736862182617,48.88485837287569,47.582315035346284,47.582315035346284,22100
2024-06-26,51.26298522949219,51.80571097254512,48.055965026429874,48.74670859224706,37400
2024-06-27,51.41100311279297,51.86492271305679,49.41771987390569,50.068991566871304,31200
2024-06-28,47.56258010864258,51.51954822865333,47.148132439003774,51.341928336558105,417800
2024-07-01,44.57264709472656,48.64803092408664,44.3752950080455,47.80927326294281,31900
2024-07-02,43.812835693359375,44.63185743810608,42.53989433718982,44.63185743810608,31100
2024-07-03,43.23063659667969,44.51344401123475,42.94447079437706,44.51344401123475,13700
2024-07-05,42.60896682739258,43.06288265862005,42.07610714851693,42.71751273578389,19400
2024-07-08,41.26695251464844,43.309577568091946,40.93144868264927,42.53002399311594,23300
2024-07-09,42.47081756591797,42.68790561184501,41.0893303881108,41.20774239173007,19800
2024-07-10,43.96084976196289,44.2174135115557,42.135316510033164,42.135316510033164,12000
2024-07-11,45.29299545288086,46.05280925013045,43.457592481499454,43.66481442620389,14800
2024-07-12,45.88506317138672,46.200831046910025,44.296353930269454,45.3916753953503,39900
2024-07-15,48.93419647216797,49.19075644210529,44.44436876639177,45.80611622600098,30800
2024-07-16,50.28607940673828,50.28607940673828,48.51975032915852,48.51975032915852,15700
2024-07-17,51.193912506103516,51.193912506103516,48.351998094710225,48.351998094710225,16400
2024-07-18,49.61507034301758,51.02615959230863,49.38811243243752,51.016293493696345,9700
2024-07-19,48.29279327392578,48.29279327392578,48.26319121246876,48.26319121246876,2500
2024-07-22,50.40449523925781,50.94722102101688,47.907950620366314,48.164514362888696,29600
2024-07-23,51.904388427734375,51.93399425164476,50.44396117789524,50.44396117789524,8600
2024-07-24,52.8516960144043,52.98984397919489,51.805712651454556,51.805712651454556,12700
2024-07-25,55.565330505371094,55.82189048254216,53.28587771466918,53.28587771466918,33600
2024-07-26,57.21324157714844,57.38099536527415,55.851490367935604,55.851490367935604,8800
2024-07-29,57.19350814819336,57.19350814819336,55.56533080123669,56.46329637249155,18100
2024-07-30,57.38099670410156,58.150680387843494,56.24620337590531,56.275805436280066,11600
2024-07-31,58.71314239501953,58.98943833114204,57.19350721784613,57.23297914136358,22100
2024-08-01,55.75281524658203,58.2296200729479,55.279163462568825,58.2296200729479,13500
2024-08-02,54.90419006347656,55.525859703365654,52.605005028592984,53.986488516485494,14900
2024-08-05,52.94050979614258,53.75953154574222,51.6478324697082,52.1609562077375,9600
2024-08-06,52.28923416137695,52.63460407248755,52.28923416137695,52.63460407248755,3700
2024-08-07,52.6148681640625,52.9997099980434,52.605002065556455,52.9997099980434,2300
2024-08-08,53.660850524902344,54.55881604219794,52.11161335510939,52.901032969613816,10900
2024-08-09,54.34172821044922,54.34172821044922,53.47336468886893,53.47336468886893,2800
2024-08-12,52.082008361816406,54.37132716249517,52.082008361816406,52.82208996800781,8500
2024-08-13,51.539283752441406,53.17733092675924,51.539283752441406,52.239893451834924,10700
2024-08-14,50.029518127441406,53.20693264755796,50.029518127441406,52.141217075094886,18700
2024-08-15,53.23653793334961,53.23653793334961,50.81893725293295,50.81893725293295,4600
2024-08-16,51.8353157043457,54.33186027392574,51.73663966024759,52.28923529424649,22300
2024-08-19,55.052207946777344,55.052207946777344,52.19055739239954,52.58526911171025,13600
2024-08-20,53.77926254272461,54.84498184582394,53.63124471809982,54.78577396312409,1900
2024-08-21,55.25942611694336,55.25942611694336,53.77926291738238,53.77926291738238,3700
2024-08-22,54.7857780456543,54.7857780456543,54.331862203879496,54.331862203879496,1400
2024-08-23,58.20988845825195,58.20988845825195,55.30876607629215,55.30876607629215,3700
2024-08-26,58.21975326538086,58.27896114925522,54.90418705341142,58.13094332169419,14600
2024-08-27,56.532371520996094,58.022400928306844,56.127793700660064,56.76919554232696,5800
2024-08-28,57.6967658996582,57.6967658996582,55.55546106233783,55.96003887525321,7500
2024-08-29,56.344879150390625,57.72636634643251,55.51598758561545,56.99615082526756,13700
2024-08-30,57.252716064453125,57.706631899776035,55.75281682385363,56.492898463108325,4600
2024-09-03,56.2462043762207,56.97641991386614,55.071942868057626,55.664006671581056,27700
2024-09-04,55.594932556152344,55.75281648767133,55.377840738720046,55.75281648767133,2300
2024-09-05,55.33837127685547,55.69360729122671,55.06207158001149,55.25942743082869,4700
2024-09-06,55.50612258911133,55.782418528106064,55.11141087833326,55.782418528106064,5200
2024-09-09,55.2791633605957,57.20337631752147,55.25942739910034,55.25942739910034,17700
2024-09-10,55.25942611694336,55.55545800400562,55.25942611694336,55.33836996109312,5600
2024-09-11,56.23633575439453,56.23633575439453,55.259426381733306,55.259426381733306,6800
2024-09-12,56.08831787109375,56.25606789417102,56.019243889326674,56.019243889326674,4200
2024-09-13,56.98334503173828,56.98334503173828,56.3966053683641,56.3966053683641,2600
2024-09-16,56.486106872558594,56.486106872558594,56.486106872558594,56.486106872558594,1700
2024-09-17,57.172298431396484,57.43085994116117,56.70489454778824,56.873953266938926,4500
2024-09-18,57.39107894897461,58.00765540265964,57.39107894897461,57.67947724567087,6800
2024-09-19,58.87284851074219,58.87284851074219,57.75903893980848,57.75903893980848,5900
2024-09-20,60.46400451660156,60.86179554243841,58.48500383678501,58.62422955774299,23200
2024-09-23,58.733619689941406,60.02643477648588,58.733619689941406,59.94687505737978,6800
2024-09-24,57.87837219238281,58.03748783839393,57.67947668646486,57.938038188626834,7100
2024-09-25,59.18113327026367,59.18113327026367,57.560143732278966,57.560143732278966,6400
2024-09-26,59.17118835449219,59.49936651420083,58.882790055405735,59.49936651420083,6600
2024-09-27,58.55461502075195,59.62864468997405,57.82864964395918,59.17118767889087,3900
2024-09-30,58.02754211425781,59.429749957726585,58.02754211425781,59.17118845049543,5200
2024-10-01,57.828651428222656,58.58444982665294,57.75903856758894,58.58444982665294,4400
2024-10-02,58.47505569458008,59.3402467941766,58.47505569458008,59.3402467941766,4300
2024-10-03,58.534725189208984,58.534725189208984,58.534725189208984,58.534725189208984,1000
2024-10-04,58.32588577270508,58.33582884081237,58.32588577270508,58.33582884081237,1400
2024-10-07,58.166770935058594,58.166770935058594,58.166770935058594,58.166770935058594,800
2024-10-08,57.530303955078125,58.22643632712492,57.530303955078125,58.22643632712492,4200
2024-10-09,58.166770935058594,58.68389394337231,57.67947713148079,58.68389394337231,5000
2024-10-10,59.141353607177734,59.141353607177734,59.141353607177734,59.141353607177734,1200
2024-10-11,59.22091293334961,59.280582725945294,58.415391598198134,59.07174414228501,9600
2024-10-14,58.38555145263672,58.902678244590376,58.38555145263672,58.833065387367405,2200
2024-10-15,58.72367477416992,60.01648990355438,58.68389491329869,59.66842560497191,12700
2024-10-16,60.62311935424805,60.62311935424805,59.519252876307576,60.26510819452505,4900
2024-10-17,61.249637603759766,61.249637603759766,60.14577114888805,60.16566107885881,8700
2024-10-18,60.30488967895508,61.498258978956734,60.30488967895508,61.498258978956734,5100
2024-10-21,58.65406036376953,59.51925144995531,58.65406036376953,59.51925144995531,3200
2024-10-22,61.617591857910156,61.617591857910156,58.65406057573664,59.17118737441081,8100
2024-10-23,61.23969650268555,61.23969650268555,61.06069092081503,61.06069092081503,2600
2024-10-24,60.662899017333984,61.08057617323882,60.22533193110755,60.47395036970318,10200
2024-10-25,60.83195877075195,60.83195877075195,59.081686602418706,59.081686602418706,6300
2024-10-28,61.4385871887207,61.826431345048086,59.767870981759415,59.767870981759415,5800
2024-10-29,61.36897277832031,61.905989501329856,60.16566047920412,60.662897342668614,5500
2024-10-30,62.403228759765625,62.65184720103959,60.09604992823252,60.98113097218923,7500
2024-10-31,62.17449951171875,62.17449951171875,60.58333923026465,60.58333923026465,4000
2024-11-01,62.21427917480469,62.2640021035887,61.52808985928986,61.52808985928986,3300
2024-11-04,62.641902923583984,63.25847558383092,60.682788430199025,61.4584767380457,8000
2024-11-05,65.70487976074219,65.70487976074219,59.46952894978353,62.184441807329236,9900
2024-11-06,70.24962615966797,70.63747032107825,68.3601244885319,68.61868979188299,10600
2024-11-07,67.4452133178711,69.26510220644326,67.4452133178711,67.97228322186311,9800
2024-11-08,66.63968658447266,68.17117703483717,64.65073913006144,66.26178171230578,7700
2024-11-11,69.21537017822266,69.21537017822266,67.62421372565376,67.83305229875039,9500
2024-11-12,67.1269760131836,69.36454188028972,66.8385777242887,69.30487588508124,9900
2024-11-13,68.3104019165039,68.65846619933414,67.87283105395599,67.91261091302692,6200
2024-11-14,73.84962463378906,73.84962463378906,68.8275290366513,68.8275290366513,10000
2024-11-15,72.09934997558594,74.58553445750269,71.87061766486711,74.51592159549834,5800
2024-11-18,71.68167114257812,73.38222037833673,70.64741751159816,72.07946216791392,11800
2024-11-19,73.61094665527344,74.2673029990611,71.53250007441163,72.10929669400088,16600
2024-11-20,74.06840515136719,74.63525486175278,72.28829630259047,74.58552814143225,10700
2024-11-21,74.50597381591797,75.8286257649507,73.11370900573789,74.23746923355895,16500
2024-11-22,73.78001403808594,74.16785821514783,73.35238999834681,74.16785821514783,8100
2024-11-25,76.39547729492188,77.43967782367515,74.34686368726331,74.34686368726331,27600
2024-11-26,78.49381256103516,78.65292441399184,74.2076331717695,74.2076331717695,23600
2024-11-27,72.5965805053711,77.71812160641565,69.91150453527082,77.71812160641565,13200
2024-11-29,71.57228088378906,73.73028721741107,71.56233402132439,73.73028721741107,4100
2024-12-02,76.17668914794922,77.56895394126461,69.71260965284384,71.87061590950469,23300
2024-12-03,75.1424331665039,77.08166150668241,73.6805555586373,77.08166150668241,24000
2024-12-04,77.56895446777344,77.56895446777344,75.58000691731772,75.58000691731772,6100
2024-12-05,76.77336883544922,77.37005914256942,75.46066381680313,76.67392298000665,13100
2024-12-06,77.07171630859375,77.07171630859375,75.58000567036291,77.07171630859375,6500
2024-12-09,77.95679473876953,79.77668347745909,76.32585843584856,77.07171373000995,13400
2024-12-10,76.8230972290039,79.83635147917461,75.88828947558444,75.95790233463275,12400
2024-12-11,78.77226257324219,80.42309259288116,77.37005857122224,77.58883641668731,19500
2024-12-12,79.18000030517578,79.65734344184953,77.40983071058291,79.09049372502923,8100
2024-12-13,78.19999694824219,79.29000091552734,77.69999694824219,79.20999908447266,5200
2024-12-16,78.36000061035156,78.68000030517578,76.0999984741211,76.94999694824219,9300
2024-12-17,76.86000061035156,78.19999694824219,75.5199966430664,77.8499984741211,9000
2024-12-18,72.11000061035156,76.88999938964844,72.11000061035156,76.12000274658203,7700
2024-12-19,71.70999908447266,72.3499984741211,71.70999908447266,72.3499984741211,4000
2024-12-20,72.9000015258789,73.44000244140625,72.5,72.73999786376953,10000
2024-12-23,71.05000305175781,72.4800033569336,71.05000305175781,72.0199966430664,6100
2024-12-24,72.05000305175781,72.29000091552734,71.41999816894531,71.94000244140625,6700
2024-12-26,73.83999633789062,74.79000091552734,72.0999984741211,72.69999694824219,5700
2024-12-27,72.18000030517578,74.20999908447266,72.18000030517578,74.20999908447266,5100
2024-12-30,71.37999725341797,71.86000061035156,70.0,71.5,14000
2024-12-31,71.25,71.37999725341797,68.31999969482422,71.36000061035156,10700
2025-01-02,70.3499984741211,72.22000122070312,70.0,71.18000030517578,7700
2025-01-03,70.54000091552734,70.54000091552734,68.72000122070312,68.80000305175781,5900
2025-01-06,71.5999984741211,72.62000274658203,70.29000091552734,70.29000091552734,19600
2025-01-07,70.5999984741211,72.75,70.23999786376953,72.23999786376953,10700
2025-01-08,70.5199966430664,71.33000183105469,70.5199966430664,70.55999755859375,10800
