Date,Close,High,Low,Open,Volume
1985-01-04,0.03216765448451042,0.03216765448451042,0.03165709043202113,0.0,230400
1985-01-07,0.03165709227323532,0.03165709227323532,0.030635962161092992,0.0,838400
1985-01-08,0.03165709227323532,0.03216765635541962,0.03165709227323532,0.0,236800
1985-01-09,0.032678212970495224,0.032678212970495224,0.03216764900497693,0.0,1088000
1985-01-10,0.03574187681078911,0.03574187681078911,0.03318879295162191,0.0,172800
1985-01-11,0.03574187681078911,0.03574187681078911,0.03523131068108231,0.0,512000
1985-01-14,0.03574187681078911,0.0362524390449477,0.034720748446923716,0.0,428800
1985-01-15,0.034720733761787415,0.03574186169376669,0.03472073376178741,0.0,198400
1985-01-16,0.03420991823077202,0.03472074531614705,0.033699352147103075,0.0,172800
1985-01-17,0.03318879008293152,0.03369935227295941,0.03318879008293152,0.0,57600
1985-01-18,0.032678212970495224,0.033188778883786796,0.032678212970495224,0.0,76800
1985-01-21,0.03318879008293152,0.03420991835853516,0.03318879008293152,0.0,185600
1985-01-22,0.032678212970495224,0.033188778883786796,0.032678212970495224,0.0,115200
1985-01-23,0.03165709227323532,0.03165709227323532,0.03165709227323532,0.0,57600
1985-01-24,0.03165709227323532,0.03165709227323532,0.03165709227323532,0.0,6400
1985-01-25,0.03114653378725052,0.03114653378725052,0.03114653378725052,0.0,32000
1985-01-28,0.03165709227323532,0.03165709227323532,0.031146526243277295,0.0,64000
1985-01-29,0.03216765448451042,0.03216765448451042,0.03165709043202113,0.0,89600
1985-01-30,0.03165709227323532,0.03216765635541962,0.031146526243277295,0.0,134400
1985-01-31,0.03114653378725052,0.031657099940872305,0.03114653378725052,0.0,51200
1985-02-01,0.030635958537459373,0.030635958537459373,0.030635958537459373,0.0,64000
1985-02-04,0.03114653378725052,0.03114653378725052,0.030635969581402932,0.0,19200
1985-02-05,0.03216765448451042,0.03216765448451042,0.03165709043202113,0.0,70400
1985-02-06,0.03114653378725052,0.031657099940872305,0.03114653378725052,0.0,64000
1985-02-07,0.030635958537459373,0.031657088528822035,0.030635958537459373,0.0,422400
1985-02-08,0.03114653378725052,0.03267822835256748,0.03114653378725052,0.0,569600
1985-02-11,0.03114653378725052,0.03114653378725052,0.03114653378725052,0.0,140800
1985-02-12,0.030635958537459373,0.03114652255925396,0.030635958537459373,0.0,38400
1985-02-13,0.03114653378725052,0.031657099940872305,0.030635969581402932,0.0,147200
1985-02-14,0.030635958537459373,0.03114652255925396,0.030635958537459373,0.0,57600
1985-02-15,0.030635958537459373,0.030635958537459373,0.030635958537459373,0.0,128000
1985-02-19,0.030635958537459373,0.03114652255925396,0.030635958537459373,0.0,192000
1985-02-20,0.03216765448451042,0.03267821853699971,0.03114652443175824,0.0,384000
1985-02-21,0.03165709227323532,0.03165709227323532,0.03165709227323532,0.0,57600
1985-02-22,0.03216765448451042,0.03267821853699971,0.03216765448451042,0.0,665600
1985-02-25,0.03318879008293152,0.03318879008293152,0.031657095721752126,0.0,288000
1985-02-26,0.03216765448451042,0.03267821853699971,0.03216765448451042,0.0,576000
1985-02-27,0.03165709227323532,0.03165709227323532,0.03165709227323532,0.0,268800
1985-02-28,0.03318879008293152,0.03318879008293152,0.03216765985955395,0.0,883200
1985-03-01,0.032678212970495224,0.033188778883786796,0.032678212970495224,0.0,96000
1985-03-04,0.034720733761787415,0.03472073376178741,0.03267821300066308,0.0,416000
1985-03-05,0.038294676691293716,0.038294676691293716,0.035231289542191783,0.0,672000
1985-03-06,0.03778410702943802,0.03880549957397891,0.03778410702943802,0.0,192000
1985-03-07,0.03982662037014961,0.03982662037014961,0.037784100529529595,0.0,1113600
1985-03-08,0.03982662037014961,0.03982662037014961,0.03931605468648381,0.0,646400
1985-03-11,0.03982662037014961,0.04033718215827062,0.03982662037014961,0.0,179200
1985-03-12,0.03982662037014961,0.03982662037014961,0.03982662037014961,0.0,569600
1985-03-13,0.03931605815887451,0.03982662388763344,0.03931605815887451,0.0,473600
1985-03-14,0.03982662037014961,0.04033718215827062,0.03931605468648381,0.0,563200
1985-03-15,0.03982662037014961,0.04033718215827062,0.03982662037014961,0.0,83200
1985-03-18,0.03982662037014961,0.03982662037014961,0.03982662037014961,0.0,198400
1985-03-19,0.04289030656218529,0.04289030656218529,0.039826656472610654,0.0,300800
1985-03-20,0.041868921369314194,0.042379487614600156,0.041868921369314194,0.0,172800
1985-03-21,0.041868921369314194,0.041868921369314194,0.041358359019577316,0.0,256000
1985-03-22,0.042379461228847504,0.042379461228847504,0.041868895301443505,0.0,179200
1985-03-25,0.042379461228847504,0.042379461228847504,0.041868895301443505,0.0,102400
1985-03-26,0.041868921369314194,0.041868921369314194,0.041868921369314194,0.0,19200
1985-03-27,0.041868921369314194,0.041868921369314194,0.041868921369314194,0.0,249600
1985-03-28,0.041868921369314194,0.041868921369314194,0.041358359019577316,0.0,179200
1985-03-29,0.0464642308652401,0.0464642308652401,0.04237945475500786,0.0,633600
1985-04-01,0.046975087374448776,0.04697508737444878,0.045953694029174076,0.0,672000
1985-04-02,0.05310208722949028,0.05310208722949028,0.04646422893715642,0.0,1638400
1985-04-03,0.05003847926855087,0.053102129910816157,0.04799622210526357,0.0,1241600
1985-04-04,0.04952789843082428,0.04952789843082428,0.04850676633494215,0.0,409600
1985-04-08,0.04901735112071037,0.04952791736382522,0.04901735112071037,0.0,422400
1985-04-09,0.05054899677634239,0.0505489967763424,0.05003843102994731,0.0,435200
1985-04-10,0.05105986073613167,0.05105986073613166,0.05054903361591777,0.0,96000
1985-04-11,0.05054899677634239,0.05105982352427115,0.0505489967763424,0.0,550400
1985-04-12,0.04952789843082428,0.04952789843082428,0.049017332382883215,0.0,294400
1985-04-15,0.04901735112071037,0.04901735112071037,0.04901735112071037,0.0,19200
1985-04-16,0.04901735112071037,0.04901735112071037,0.04850678487759552,0.0,102400
1985-04-17,0.04799620807170868,0.049017336354785834,0.04799620807170868,0.0,256000
1985-04-18,0.046975087374448776,0.04850677809863712,0.04697508737444878,0.0,224000
1985-04-19,0.04850677028298378,0.04850677028298378,0.04697507980558907,0.0,403200
1985-04-22,0.04799620807170868,0.04799620807170868,0.04799620807170868,0.0,19200
1985-04-23,0.04748564958572388,0.04748564958572388,0.04748564958572388,0.0,19200
1985-04-24,0.045953668653964996,0.04646423454379683,0.045953668653964996,0.0,70400
1985-04-25,0.04493255540728569,0.04493255540728569,0.04493255540728569,0.0,115200
1985-04-26,0.04493255540728569,0.04493255540728569,0.04493255540728569,0.0,44800
1985-04-29,0.04493255540728569,0.04493255540728569,0.04493255540728569,0.04493255540728569,0
1985-04-30,0.0444219708442688,0.0444219708442688,0.0444219708442688,0.0,12800
1985-05-01,0.0444219708442688,0.0444219708442688,0.04391140889636802,0.0,25600
1985-05-02,0.04391142353415489,0.04391142353415489,0.04391142353415489,0.0,25600
1985-05-03,0.04391142353415489,0.04391142353415489,0.04391142353415489,0.04391142353415489,0
1985-05-06,0.04340086132287979,0.04391142738125368,0.04340086132287979,0.0,51200
1985-05-07,0.04289030656218529,0.043400868813125805,0.04289030656218529,0.0,102400
1985-05-08,0.04340086132287979,0.04340086132287979,0.04289029916005357,0.0,108800
1985-05-09,0.04289030656218529,0.04289030656218529,0.04289030656218529,0.0,6400
1985-05-10,0.04289030656218529,0.04289030656218529,0.04289030656218529,0.0,19200
1985-05-13,0.04289030656218529,0.04289030656218529,0.04289030656218529,0.0,12800
1985-05-14,0.042379461228847504,0.0428902881578777,0.042379461228847504,0.0,38400
1985-05-15,0.04391142353415489,0.04391142353415489,0.042890295402416255,0.0,134400
1985-05-16,0.04493255540728569,0.04493255540728569,0.04442198935112949,0.0,492800
1985-05-17,0.0464642308652401,0.0464642308652401,0.04493253721255462,0.0,140800
1985-05-20,0.046975087374448776,0.04697508737444878,0.04646426020093587,0.0,38400
1985-05-21,0.04748564958572388,0.04748564958572388,0.04646426013739448,0.0,249600
1985-05-22,0.04748564958572388,0.04748564958572388,0.04748564958572388,0.0,51200
1985-05-23,0.05003847926855087,0.05054904550714722,0.04799622210526357,0.0,486400
1985-05-24,0.04901735112071037,0.04952791736382522,0.04850678487759552,0.0,76800
1985-05-28,0.04901735112071037,0.04901735112071037,0.04901735112071037,0.0,51200
1985-05-29,0.04748564958572388,0.0490173442033661,0.04748564958572388,0.0,300800
1985-05-30,0.04799620807170868,0.04850677026547331,0.046975079788631524,0.0,166400
1985-05-31,0.04850677028298378,0.04850677028298378,0.04850677028298378,0.0,128000
1985-06-03,0.04901735112071037,0.04901735112071037,0.04850678487759552,0.0,121600
1985-06-04,0.04799620807170868,0.049017336354785834,0.04799620807170868,0.0,492800
1985-06-05,0.04799620807170868,0.04799620807170868,0.04799620807170868,0.0,89600
1985-06-06,0.04748564958572388,0.04748564958572388,0.04748564958572388,0.0,70400
1985-06-07,0.04901735112071037,0.04952791736382522,0.04748565628691488,0.0,364800
1985-06-10,0.04850677028298378,0.04901733637248062,0.04850677028298378,0.0,32000
1985-06-11,0.052080970257520676,0.05208097025752068,0.04850675550904553,0.0,582400
1985-06-12,0.05361267179250717,0.05361267179250717,0.05157041166149507,0.0,1401600
1985-06-13,0.05412321165204048,0.05514460424706393,0.05412321165204048,0.0,268800
1985-06-14,0.05361267179250717,0.05361267179250717,0.05259153977922749,0.0,243200
1985-06-17,0.05310208722949028,0.05310208722949028,0.05259152140126625,0.0,512000
1985-06-18,0.05310208722949028,0.05310208722949028,0.05310208722949028,0.0,1011200
1985-06-19,0.05412321165204048,0.05412321165204048,0.05310208395412209,0.0,128000
1985-06-20,0.05514461547136307,0.0576974371835408,0.05412322266844228,0.0,1030400
1985-06-21,0.05565517768263817,0.056676305592182605,0.055144615675639184,0.0,384000
1985-06-24,0.05514461547136307,0.05514461547136306,0.05514461547136306,0.0,76800
1985-06-25,0.05922941491007805,0.05973997711274506,0.05514463680928858,0.0,793600
1985-06-26,0.05922941491007805,0.06076110541362706,0.05922941491007805,0.0,300800
1985-06-27,0.059739962220191956,0.060250528191128125,0.05922940014480276,0.0,403200
1985-06-28,0.05871860310435295,0.06025055890418595,0.05769747453750162,0.0,1088000
1985-07-01,0.060250524431467056,0.060761086474996936,0.05922939644886056,0.0,640000
1985-07-02,0.060250524431467056,0.060761086474996936,0.06025052443146706,0.0,211200
1985-07-03,0.060250524431467056,0.06025052443146706,0.06025052443146706,0.0,204800
1985-07-05,0.060250524431467056,0.06025052443146706,0.05973995849239044,0.0,441600
1985-07-08,0.059739962220191956,0.060250528191128125,0.05973996222019195,0.0,147200
1985-07-09,0.05922941491007805,0.060250543210960045,0.05922941491007805,0.0,115200
1985-07-10,0.061271656304597855,0.061271656304597855,0.06025052825715349,0.0,576000
1985-07-11,0.06229278817772865,0.0633141811850972,0.06229278817772866,0.0,576000
1985-07-12,0.06331418454647064,0.06382474668088123,0.06280335751483399,0.0,160000
1985-07-15,0.06280335783958435,0.06331418487386244,0.06229279180698623,0.0,121600
1985-07-16,0.06484588235616684,0.06484588235616684,0.06280336478917192,0.0,659200
1985-07-17,0.06382471323013306,0.06433527899250183,0.06382471323013306,0.0,224000
1985-07-18,0.06433530896902084,0.06433530896902084,0.06331418086404227,0.0,217600
1985-07-19,0.06484588235616684,0.06484588235616684,0.06331419187997624,0.0,377600
1985-07-22,0.06484588235616684,0.06484588235616684,0.06433532016261928,0.0,192000
1985-07-23,0.06382471323013306,0.06433527899250183,0.06382471323013306,0.0,32000
1985-07-24,0.06382471323013306,0.06382471323013306,0.06382471323013306,0.0,128000
1985-07-25,0.06331418454647064,0.06331418454647064,0.06280335751483399,0.0,172800
1985-07-26,0.06178223714232445,0.06229279934112617,0.06178223714232445,0.0,352000
1985-07-29,0.06076113134622574,0.06178226397847087,0.060761131346225745,0.0,76800
1985-07-30,0.06076113134622574,0.060761131346225745,0.05974000260953024,0.0,256000
1985-07-31,0.06076113134622574,0.06127169766234831,0.060761131346225745,0.0,153600
1985-08-01,0.061271656304597855,0.061271656304597855,0.06025052825715349,0.0,531200
1985-08-02,0.05871860310435295,0.06025055890418595,0.05871860310435296,0.0,659200
1985-08-05,0.05820798501372337,0.05820798501372338,0.05820798501372338,0.0,32000
1985-08-06,0.05871860310435295,0.05871860310435296,0.0582080368731528,0.0,128000
1985-08-07,0.05820798501372337,0.05820798501372338,0.05820798501372338,0.0,64000
1985-08-08,0.05871860310435295,0.05871860310435296,0.0582080368731528,0.0,275200
1985-08-09,0.05820798501372337,0.05820798501372338,0.05820798501372338,0.0,89600
1985-08-12,0.05820798501372337,0.05820798501372338,0.05820798501372338,0.0,128000
1985-08-13,0.05820798501372337,0.05871855079004351,0.05820798501372338,0.0,147200
1985-08-14,0.05871860310435295,0.05871860310435296,0.0582080368731528,0.0,377600
1985-08-15,0.05769745633006096,0.058718584574677435,0.057697456330060966,0.0,320000
1985-08-16,0.05769745633006096,0.057697456330060966,0.057697456330060966,0.0,364800
1985-08-19,0.05769745633006096,0.057697456330060966,0.057697456330060966,0.057697456330060966,0
1985-08-20,0.05820798501372337,0.05820798501372338,0.057697423132948754,0.0,147200
1985-08-21,0.05769745633006096,0.057697456330060966,0.057697456330060966,0.0,32000
1985-08-22,0.05718689411878586,0.0576974602233195,0.05718689411878586,0.0,115200
1985-08-23,0.05718689411878586,0.0576974602233195,0.05718689411878586,0.0,57600
1985-08-26,0.05667633190751076,0.05667633190751076,0.05667633190751076,0.0,262400
1985-08-27,0.05718689411878586,0.05718689411878586,0.05718689411878586,0.0,44800
1985-08-28,0.059739962220191956,0.05973996222019195,0.05769744512589277,0.0,224000
1985-08-29,0.061271656304597855,0.061271656304597855,0.05922940020970913,0.0,384000
1985-08-30,0.06535642594099045,0.06535642594099045,0.06280334316400671,0.0,473600
1985-09-03,0.06433530896902084,0.06433530896902084,0.06433530896902084,0.0,166400
1985-09-04,0.06535642594099045,0.06535642594099045,0.06382473209666228,0.0,441600
1985-09-05,0.06433530896902084,0.06484587107373653,0.06382474296875795,0.0,83200
1985-09-06,0.06331418454647064,0.06433531271083924,0.06331418454647064,0.0,89600
1985-09-09,0.06280335783958435,0.06331418487386244,0.06280335783958435,0.0,57600
1985-09-10,0.06178223714232445,0.06229279934112617,0.06178223714232445,0.0,44800
1985-09-11,0.059739962220191956,0.061271656237453495,0.05973996222019195,0.0,128000
1985-09-12,0.05922941491007805,0.05922941491007805,0.05820802171193457,0.0,262400
1985-09-13,0.05871860310435295,0.05922943033733461,0.05871860310435296,0.0,467200
1985-09-16,0.06535642594099045,0.06535642594099045,0.06484586002769888,0.0,256000
1985-09-17,0.06739898771047592,0.06842011236728945,0.06535646570842431,0.0,1107200
1985-09-18,0.06944117695093155,0.06944117695093155,0.06739892184208512,0.0,1068800
1985-09-19,0.07250481843948364,0.07250481843948364,0.0694411748666469,0.0,2214400
1985-09-20,0.07199431210756302,0.07301543646746621,0.071994312107563,0.0,384000
1985-09-23,0.07199431210756302,0.07250487039196682,0.071994312107563,0.0,320000
1985-09-24,0.07148375362157822,0.07199431975128501,0.07148375362157822,0.0,601600
1985-09-25,0.07199431210756302,0.07250487039196682,0.07148374603206362,0.0,531200
1985-09-26,0.07352602481842041,0.07403659104860101,0.0725048923580592,0.0,1088000
1985-09-30,0.07352602481842041,0.07403659104860101,0.07352602481842041,0.0,1427200
1985-10-01,0.07403653860092163,0.07403653860092163,0.07352597273242722,0.0,166400
1985-10-02,0.07710016518831253,0.07710016518831253,0.0740365213751923,0.0,774400
1985-10-03,0.07658959925174713,0.07658959925174712,0.07658959925174712,0.0,96000
1985-10-04,0.07607904076576233,0.07710016446449229,0.07607904076576233,0.0,160000
1985-10-07,0.07607904076576233,0.07658959871958204,0.07607904076576233,0.0,1107200
1985-10-08,0.07607904076576233,0.07607904076576233,0.07607904076576233,0.0,217600
1985-10-09,0.07556849718093872,0.07556849718093872,0.07556849718093872,0.0,96000
1985-10-10,0.07556849718093872,0.07556849718093872,0.07556849718093872,0.0,236800
1985-10-11,0.07352602481842041,0.07556854684537484,0.07352602481842041,0.0,121600
1985-10-14,0.07352602481842041,0.07352602481842041,0.07199433391897653,0.0,499200
1985-10-15,0.07454708218574524,0.07454708218574524,0.07352595075399383,0.0,486400
1985-10-16,0.07403653860092163,0.07454710446941602,0.07403653860092163,0.0,371200
1985-10-17,0.07352602481842041,0.07403659104860101,0.0730154585882398,0.0,633600
1985-10-18,0.07352602481842041,0.07403659104860101,0.07352602481842041,0.0,153600
1985-10-21,0.07403653860092163,0.07403653860092163,0.07403653860092163,0.0,12800
1985-10-22,0.07403653860092163,0.07454710446941602,0.07403653860092163,0.0,102400
1985-10-23,0.07505767047405243,0.07556850129364065,0.07454711234272773,0.0,646400
1985-10-24,0.07505767047405243,0.07505767047405243,0.07505767047405243,0.0,12800
1985-10-25,0.07505767047405243,0.07556850129364065,0.07454711234272773,0.0,115200
1985-10-28,0.07556849718093872,0.07556849718093872,0.07556849718093872,0.0,57600
1985-10-29,0.07505767047405243,0.07556850129364065,0.07505767047405243,0.0,57600
1985-10-30,0.07607904076576233,0.07607904076576233,0.07505764437886367,0.0,147200
1985-10-31,0.07607904076576233,0.07607904076576233,0.07556847502085208,0.0,89600
1985-11-01,0.07607904076576233,0.07607904076576233,0.07607904076576233,0.0,44800
1985-11-04,0.07556849718093872,0.07607906307556989,0.0750576663891517,0.0,211200
1985-11-05,0.07454708218574524,0.07556847072346966,0.07454708218574524,0.0,2406400
1985-11-06,0.07454708218574524,0.07454708218574524,0.07403651646986953,0.0,172800
1985-11-07,0.07403653860092163,0.07454710446941602,0.07403653860092163,0.0,915200
1985-11-08,0.07505767047405243,0.07505767047405243,0.07454711234272773,0.0,249600
1985-11-11,0.07403653860092163,0.075057662546818,0.07403653860092163,0.0,377600
1985-11-12,0.07454708218574524,0.07454708218574524,0.07403651646986953,0.0,198400
1985-11-13,0.07607904076576233,0.07607904076576233,0.07505764437886367,0.0,499200
1985-11-14,0.07658959925174713,0.07658959925174712,0.07607904129437992,0.0,217600
1985-11-15,0.07710016518831253,0.07710016518831253,0.07710016518831253,0.0,160000
1985-11-18,0.07914245873689651,0.07914245873689651,0.07761076853684368,0.0,377600
1985-11-19,0.08169551193714142,0.08169551193714142,0.07965325658726244,0.0,582400
1985-11-20,0.08118496090173721,0.08169552677974033,0.08118496090173721,0.0,38400
1985-11-21,0.08169551193714142,0.08220607772238396,0.08169551193714142,0.0,294400
1985-11-22,0.0832272320985794,0.08322723209857942,0.08067441002496471,0.0,1401600
1985-11-25,0.0827166736125946,0.08322723179256508,0.0827166736125946,0.0,1420800
1985-11-26,0.0827166736125946,0.08322723179256508,0.08220610764153014,0.0,51200
1985-11-27,0.0837380513548851,0.08373805135488509,0.08322722055559523,0.0,211200
1985-11-29,0.0832272320985794,0.08373806296871765,0.08322723209857942,0.0,588800
1985-12-02,0.0832272320985794,0.08322723209857942,0.08271667391673168,0.0,1068800
1985-12-03,0.0832272320985794,0.08373806296871765,0.08322723209857942,0.0,345600
1985-12-04,0.08169551193714142,0.08322720150177788,0.08118494615189889,0.0,1017600
1985-12-05,0.0837380513548851,0.08373805135488509,0.08118496473816765,0.0,416000
1985-12-06,0.0837380513548851,0.08373805135488509,0.08373805135488509,0.08373805135488509,0
1985-12-09,0.0837380513548851,0.08373805135488509,0.08373805135488509,0.08373805135488509,0
1985-12-10,0.0837380513548851,0.08373805135488509,0.08373805135488509,0.08373805135488509,0
1985-12-11,0.0837380513548851,0.08373805135488509,0.08373805135488509,0.08373805135488509,0
1985-12-12,0.0837380513548851,0.08373805135488509,0.08373805135488509,0.08373805135488509,0
1985-12-13,0.0837380513548851,0.08373805135488509,0.08373805135488509,0.08373805135488509,0
1985-12-16,0.0837380513548851,0.08373805135488509,0.08373805135488509,0.08373805135488509,0
1985-12-17,0.0837380513548851,0.08373805135488509,0.08373805135488509,0.08373805135488509,0
1985-12-18,0.0837380513548851,0.08373805135488509,0.08373805135488509,0.08373805135488509,0
1985-12-19,0.0837380513548851,0.08373805135488509,0.08373805135488509,0.08373805135488509,0
1985-12-20,0.0837380513548851,0.08373805135488509,0.08373805135488509,0.08373805135488509,0
1985-12-23,0.0888439416885376,0.08986507337543119,0.0888439416885376,0.0,99200
1985-12-24,0.0888439416885376,0.0888439416885376,0.0888439416885376,0.0,19200
1985-12-26,0.08782284706830978,0.08782284706830978,0.08782284706830978,0.0,60800
1985-12-27,0.08782284706830978,0.0888439713045011,0.08782284706830978,0.0,22400
1985-12-30,0.0868014320731163,0.08782282090221069,0.0857803003500683,0.0,121600
1985-12-31,0.0837380513548851,0.08475917536805241,0.08373805135488509,0.0,99200
1986-01-02,0.0827166736125946,0.0827166736125946,0.0827166736125946,0.0,12800
1986-01-03,0.08169551193714142,0.08169551193714142,0.08169551193714142,0.0,160000
1986-01-06,0.08169551193714142,0.08169551193714142,0.08169551193714142,0.0,201600
1986-01-07,0.0847591906785965,0.0847591906785965,0.08169554539743785,0.0,64000
1986-01-08,0.0837380513548851,0.08475917536805241,0.08373805135488509,0.0,64000
1986-01-09,0.0837380513548851,0.08373805135488509,0.08373805135488509,0.0,16000
1986-01-10,0.0847591906785965,0.0847591906785965,0.0847591906785965,0.0,22400
1986-01-13,0.0847591906785965,0.08578032266730974,0.0827166773861511,0.0,172800
1986-01-14,0.0847591906785965,0.0847591906785965,0.08373806648097759,0.0,35200
1986-01-15,0.08578035980463028,0.08578035980463028,0.08373810273413355,0.0,176000
1986-01-16,0.09701354056596756,0.09701354056596756,0.08782286011598958,0.0,268800
1986-01-17,0.10007715970277786,0.10211941556550516,0.09599238308015766,0.0,336000
1986-01-20,0.10416194051504135,0.10518306459193051,0.10211941967299336,0.0,579200
1986-01-21,0.10007715970277786,0.10314054739241536,0.10007715970277786,0.0,176000
1986-01-22,0.09803470224142075,0.09905583472765044,0.09599244506005947,0.0,128000
1986-01-23,0.09599241614341736,0.09701354053094662,0.09394989468000618,0.0,124800
1986-01-24,0.10211944580078125,0.10211944580078125,0.09701353583950549,0.0,182400
1986-01-27,0.10007715970277786,0.10109828373859496,0.10007715970277786,0.0,22400
1986-01-28,0.09599241614341736,0.09803467270957167,0.09599241614341736,0.0,304000
1986-01-29,0.09701354056596756,0.09701354056596756,0.09599241617806968,0.0,76800
1986-01-30,0.09701354056596756,0.09701354056596756,0.09599241617806968,0.0,60800
1986-01-31,0.09599241614341736,0.09599241614341736,0.09497102685863124,0.0,140800
1986-02-03,0.08986511081457138,0.09497102069118249,0.08986511081457138,0.0,124800
1986-02-04,0.08578035980463028,0.08884400641214879,0.08578035980463028,0.0,236800
1986-02-05,0.08067439496517181,0.08373804733702123,0.08067439496517181,0.0,739200
1986-02-06,0.0847591906785965,0.0847591906785965,0.0827166773861511,0.0,153600
1986-02-07,0.0868014320731163,0.08680143207311632,0.08475916862702028,0.0,176000
1986-02-10,0.09190764278173447,0.09190764278173447,0.08680147520804653,0.0,160000
1986-02-11,0.09497097879648209,0.09497097879648209,0.09292871547276418,0.0,128000
1986-02-12,0.09803470224142075,0.09803470224142075,0.09599244506005947,0.0,35200
1986-02-13,0.09599241614341736,0.09701354053094662,0.09497102685863124,0.0,60800
1986-02-14,0.09497097879648209,0.0970134914351391,0.09497097879648209,0.0,108800
1986-02-18,0.08986511081457138,0.09394988857887009,0.08986511081457138,0.0,278400
1986-02-19,0.08782284706830978,0.08986510333178706,0.08680145793490086,0.0,124800
1986-02-20,0.08782284706830978,0.08782284706830978,0.08680145793490086,0.0,60800
1986-02-21,0.08782284706830978,0.08782284706830978,0.08782284706830978,0.0,38400
1986-02-24,0.08782284706830978,0.08782284706830978,0.08782284706830978,0.0,44800
1986-02-25,0.08782284706830978,0.08782284706830978,0.08782284706830978,0.0,22400
1986-02-26,0.08986511081457138,0.08986511081457138,0.08782285438104187,0.0,89600
1986-02-27,0.09497097879648209,0.09497097879648209,0.09088620283410717,0.0,89600
1986-02-28,0.10007715970277786,0.10007715970277786,0.09599238308015766,0.0,131200
1986-03-03,0.09701354056596756,0.10007719420910974,0.09599241617806968,0.0,83200
1986-03-04,0.10007715970277786,0.10007715970277786,0.09803463894288494,0.0,48000
1986-03-05,0.10211944580078125,0.10211944580078125,0.10109831367153674,0.0,108800
1986-03-06,0.09905579686164856,0.10007718606367093,0.09905579686164856,0.0,54400
1986-03-07,0.09701354056596756,0.09905580492395491,0.09701354056596756,0.0,70400
1986-03-10,0.09803470224142075,0.09905583472765044,0.09599244506005947,0.0,32000
1986-03-11,0.10007715970277786,0.10007715970277786,0.09905577076979515,0.0,108800
1986-03-12,0.10518307238817215,0.10518307238817216,0.10007717114591036,0.0,320000
1986-03-13,0.11233152449131012,0.1123315244913101,0.10722535734834525,0.0,262400
1986-03-14,0.11539491266012192,0.11539491266012193,0.11028900264424493,0.0,265600
1986-03-17,0.11947967857122421,0.12152219196207269,0.11743741449540664,0.0,140800
1986-03-18,0.1266280710697174,0.1266280710697174,0.12152216279081027,0.0,195200
1986-03-19,0.12050104886293411,0.12764921353390526,0.12050104886293413,0.0,134400
1986-03-20,0.11539491266012192,0.11947969053583471,0.11437378051995771,0.0,156800
1986-03-21,0.11641626805067062,0.11743739210277968,0.11539487910139175,0.0,76800
1986-03-24,0.12458585947751999,0.12662811599658141,0.11641630360677281,0.0,297600
1986-03-25,0.1307128518819809,0.1307128518819809,0.12560694343408585,0.0,182400
1986-03-26,0.1307128518819809,0.13173398370856404,0.1307128518819809,0.0,89600
1986-03-27,0.1286706179380417,0.13071287414799884,0.1286706179380417,0.0,83200
1986-03-31,0.13377656042575836,0.13377656042575836,0.12969178185791153,0.0,268800
1986-04-01,0.13479766249656677,0.135818794580659,0.13377653041247456,0.0,304000
1986-04-02,0.13479766249656677,0.13479766249656677,0.13377653041247456,0.0,115200
1986-04-03,0.13479766249656677,0.135818794580659,0.13377653041247456,0.0,83200
1986-04-04,0.13581886887550354,0.13581886887550354,0.13479773623283728,0.0,92800
1986-04-07,0.13377656042575836,0.13581882505213272,0.13377656042575836,0.0,147200
1986-04-08,0.1388823539018631,0.1388823539018631,0.1347975787871024,0.0,73600
1986-04-09,0.14194607734680176,0.14194607734680176,0.14092494532291083,0.0,99200
1986-04-10,0.14500963687896729,0.14500963687896729,0.14194599330613053,0.0,131200
1986-04-11,0.14807307720184326,0.1490944582537895,0.14603081372786567,0.0,86400
1986-04-14,0.14909446239471436,0.14909446239471436,0.14909446239471436,0.0,32000
1986-04-15,0.15215790271759033,0.15215790271759033,0.1480731251324534,0.0,195200
1986-04-16,0.15113674104213715,0.1531792540920931,0.1501156091746538,0.0,192000
1986-04-17,0.14500963687896729,0.1511366747097609,0.14500963687896729,0.0,198400
1986-04-18,0.14194607734680176,0.1439883413945836,0.14092494532291083,0.0,160000
1986-04-21,0.1368400901556015,0.14194599668875163,0.1358187093970628,0.0,320000
1986-04-22,0.13990359008312225,0.13990359008312225,0.13786132565435427,0.0,70400
1986-04-23,0.14807307720184326,0.14807307720184326,0.14092490572796426,0.0,230400
1986-04-24,0.14705204963684082,0.14807318209720202,0.14705204963684082,0.0,32000
1986-04-25,0.14705204963684082,0.14807318209720202,0.1460309171764796,0.0,67200
1986-04-28,0.14500963687896729,0.14603076829828623,0.14500963687896729,0.0,28800
1986-04-29,0.14398832619190216,0.1439883261919022,0.14296719427582516,0.0,128000
1986-04-30,0.14603087306022644,0.14603087306022644,0.14398835944141786,0.0,48000
1986-05-01,0.14705204963684082,0.14705204963684082,0.1460309171764796,0.0,44800
1986-05-02,0.15011560916900635,0.15011560916900635,0.14807309611912722,0.0,99200
1986-05-05,0.1603275090456009,0.16237002314741938,0.1521579512685624,0.0,400000
1986-05-06,0.16339102387428284,0.168496931041625,0.16236989230379778,0.0,339200
1986-05-07,0.16339102387428284,0.1654335363301698,0.16339102387428284,0.0,243200
1986-05-08,0.1674758493900299,0.16951836245472093,0.16543358564032998,0.0,377600
1986-05-09,0.169518381357193,0.169518381357193,0.16645473607603434,0.0,102400
1986-05-12,0.1674758493900299,0.17360313926911192,0.1674758493900299,0.0,243200
1986-05-13,0.16441230475902557,0.16543368657201538,0.16339117226117902,0.0,857600
1986-05-14,0.16339102387428284,0.1674757994711399,0.16339102387428284,0.0,131200
1986-05-15,0.16134878993034363,0.1623699216856086,0.16032740886011673,0.0,83200
1986-05-16,0.16236992180347443,0.16236992180347443,0.1613487900474682,0.0,99200
1986-05-19,0.16339102387428284,0.16339102387428284,0.16236989230379778,0.0,70400
1986-05-20,0.16339102387428284,0.16339102387428284,0.16339102387428284,0.0,115200
1986-05-21,0.16339102387428284,0.16339102387428284,0.16134876073331272,0.0,92800
1986-05-22,0.16441230475902557,0.1644123047590256,0.16339117226117902,0.0,83200
1986-05-23,0.16441230475902557,0.1644123047590256,0.16339117226117902,0.0,32000
1986-05-27,0.16645482182502747,0.16747595433977586,0.1654336893102791,0.0,70400
1986-05-28,0.16645482182502747,0.16747595433977586,0.1654336893102791,0.0,48000
1986-05-29,0.1674758493900299,0.1674758493900299,0.1674758493900299,0.0,3200
1986-05-30,0.16645482182502747,0.1664548218250275,0.1664548218250275,0.0,16000
1986-06-02,0.16543354094028473,0.16747580413816635,0.16543354094028473,0.0,44800
1986-06-03,0.16339102387428284,0.16441215544476792,0.16339102387428284,0.0,310400
1986-06-04,0.16543354094028473,0.16543354094028473,0.16339102842747935,0.0,140800
1986-06-05,0.16543354094028473,0.16645467253922552,0.16339102842747935,0.0,355200
1986-06-06,0.16645482182502747,0.1664548218250275,0.1654336893102791,0.0,32000
1986-06-09,0.16645482182502747,0.1664548218250275,0.1654336893102791,0.0,22400
1986-06-10,0.16441230475902557,0.16645481906986193,0.1644123047590256,0.0,44800
1986-06-11,0.16339102387428284,0.16441215544476792,0.16339102387428284,0.0,588800
1986-06-12,0.16543354094028473,0.16543354094028473,0.16032738431573318,0.0,387200
1986-06-13,0.16339102387428284,0.16441215544476792,0.16339102387428284,0.0,672000
1986-06-16,0.16339102387428284,0.16441215544476792,0.16339102387428284,0.0,22400
1986-06-17,0.16339102387428284,0.16339102387428284,0.16339102387428284,0.0,3200
1986-06-18,0.16134878993034363,0.1623699216856086,0.16134878993034363,0.0,25600
1986-06-19,0.16236992180347443,0.16236992180347443,0.1613487900474682,0.0,112000
1986-06-20,0.16236992180347443,0.16339105355948066,0.16236992180347443,0.0,118400
1986-06-23,0.16339102387428284,0.16441215544476792,0.16339102387428284,0.0,41600
1986-06-24,0.16441230475902557,0.1644123047590256,0.16339117226117902,0.0,99200
1986-06-25,0.16339102387428284,0.1654335363301698,0.16339102387428284,0.0,57600
1986-06-26,0.16236992180347443,0.16441218531548688,0.16236992180347443,0.0,54400
1986-06-27,0.16134878993034363,0.1623699216856086,0.16134878993034363,0.0,112000
1986-06-30,0.16134878993034363,0.16134878993034363,0.16032740886011673,0.0,60800
1986-07-01,0.1603275090456009,0.161348890754069,0.16032750904560092,0.0,80000
1986-07-02,0.1603275090456009,0.16032750904560092,0.16032750904560092,0.0,86400
1986-07-03,0.1603275090456009,0.16032750904560092,0.16032750904560092,0.0,6400
1986-07-07,0.16134878993034363,0.16134878993034363,0.16032740886011673,0.0,64000
1986-07-08,0.15930627286434174,0.16032740459242562,0.15930627286434174,0.0,48000
1986-07-09,0.16134878993034363,0.16134878993034363,0.15930627710485176,0.0,41600
1986-07-10,0.15828518569469452,0.16032744972577456,0.15828518569469452,0.0,60800
1986-07-11,0.15624260902404785,0.1582851215423307,0.15624260902404788,0.0,89600
1986-07-14,0.15113674104213715,0.15522151782705976,0.15113674104213715,0.0,182400
1986-07-15,0.14807307720184326,0.1501155899907783,0.14807307720184326,0.0,44800
1986-07-16,0.15113674104213715,0.15113674104213715,0.14807309612469782,0.0,140800
1986-07-17,0.15011560916900635,0.15011560916900635,0.15011560916900635,0.0,60800
1986-07-18,0.14807307720184326,0.1490944582537895,0.14807307720184326,0.0,41600
1986-07-21,0.14603087306022644,0.14705200521210132,0.14603087306022644,0.0,102400
1986-07-22,0.14603087306022644,0.14705200521210132,0.14603087306022644,0.0,150400
1986-07-23,0.14705204963684082,0.14705204963684082,0.1460309171764796,0.0,105600
1986-07-24,0.14705204963684082,0.14705204963684082,0.14705204963684082,0.14705204963684082,0
1986-07-25,0.14807307720184326,0.14807307720184326,0.14807307720184326,0.0,6400
1986-07-28,0.14909446239471436,0.14909446239471436,0.1470519495490509,0.0,38400
1986-07-29,0.14807307720184326,0.14807307720184326,0.14807307720184326,0.0,9600
1986-07-30,0.14705204963684082,0.14807318209720202,0.14705204963684082,0.0,48000
1986-07-31,0.14909446239471436,0.14909446239471436,0.14807308131440045,0.0,83200
1986-08-01,0.15113674104213715,0.15113674104213715,0.1501156091746538,0.0,249600
1986-08-04,0.15113674104213715,0.15113674104213715,0.15113674104213715,0.0,9600
1986-08-05,0.15317919850349426,0.15317919850349423,0.15215781769167983,0.0,32000
1986-08-06,0.15317919850349426,0.15420033000040984,0.15317919850349423,0.0,19200
1986-08-07,0.15420033037662506,0.15420033037662506,0.15420033037662506,0.0,16000
1986-08-08,0.15317919850349426,0.15317919850349423,0.15317919850349423,0.0,9600
1986-08-11,0.15420033037662506,0.15420033037662506,0.15215781806291176,0.0,28800
1986-08-12,0.15317919850349426,0.15317919850349423,0.15317919850349423,0.0,9600
1986-08-13,0.15317919850349426,0.15420033000040984,0.15215781769167983,0.0,57600
1986-08-14,0.15317919850349426,0.15317919850349423,0.15317919850349423,0.0,9600
1986-08-15,0.15317919850349426,0.15522146149732544,0.15317919850349423,0.0,35200
1986-08-18,0.15317919850349426,0.15317919850349423,0.15317919850349423,0.0,6400
1986-08-19,0.15522153675556183,0.15522153675556183,0.15420040476355648,0.0,115200
1986-08-20,0.15317919850349426,0.15420033000040984,0.15317919850349423,0.0,220800
1986-08-21,0.15317919850349426,0.15317919850349423,0.15317919850349423,0.0,16000
1986-08-22,0.15317919850349426,0.15317919850349423,0.15317919850349423,0.15317919850349423,0
1986-08-25,0.15317919850349426,0.15317919850349423,0.15317919850349423,0.0,150400
1986-08-26,0.15420033037662506,0.15420033037662506,0.15317919887721812,0.0,195200
1986-08-27,0.15420033037662506,0.15420033037662506,0.15420033037662506,0.15420033037662506,0
1986-08-28,0.15420033037662506,0.15420033037662506,0.15420033037662506,0.15420033037662506,0
1986-08-29,0.15420033037662506,0.15420033037662506,0.15317919887721812,0.0,44800
1986-09-02,0.15420033037662506,0.15726397418974528,0.15420033037662506,0.0,672000
1986-09-03,0.15420033037662506,0.15420033037662506,0.15420033037662506,0.0,25600
1986-09-04,0.15215790271759033,0.15420041616767785,0.15215790271759033,0.0,172800
1986-09-05,0.15011560916900635,0.15215787290389618,0.15011560916900635,0.0,19200
1986-09-08,0.14909446239471436,0.14909446239471436,0.14909446239471436,0.0,12800
1986-09-09,0.15113674104213715,0.15215787290962046,0.15113674104213715,0.0,89600
1986-09-10,0.15011560916900635,0.15113674103645125,0.15011560916900635,0.0,41600
1986-09-11,0.14398832619190216,0.14909448440228967,0.1439883261919022,0.0,172800
1986-09-12,0.1368400901556015,0.1429671281324045,0.1368400901556015,0.0,169600
1986-09-15,0.13479766249656677,0.13684017597979345,0.13479766249656677,0.0,54400
1986-09-16,0.1388823539018631,0.1388823539018631,0.13684009100192643,0.0,80000
1986-09-17,0.14092493057250977,0.14092493057250977,0.14092493057250977,0.0,32000
1986-09-18,0.13990359008312225,0.14092497161258025,0.13990359008312225,0.0,25600
1986-09-19,0.1388823539018631,0.1388823539018631,0.1388823539018631,0.0,28800
1986-09-22,0.1388823539018631,0.1388823539018631,0.1388823539018631,0.0,3200
1986-09-23,0.13990359008312225,0.13990359008312225,0.13990359008312225,0.0,16000
1986-09-24,0.13990359008312225,0.13990359008312225,0.13990359008312225,0.13990359008312225,0
1986-09-25,0.13990359008312225,0.13990359008312225,0.13990359008312225,0.13990359008312225,0
1986-09-26,0.14500963687896729,0.14500963687896729,0.14194599330613053,0.0,128000
1986-09-29,0.14296723902225494,0.1439883712579298,0.14296723902225494,0.0,12800
1986-09-30,0.14500963687896729,0.14500963687896729,0.14500963687896729,0.0,16000
1986-10-01,0.15317919850349426,0.15317919850349423,0.15215781769167983,0.0,204800
1986-10-02,0.15215790271759033,0.15215790271759033,0.15215790271759033,0.0,3200
1986-10-03,0.15011560916900635,0.15113674103645125,0.15011560916900635,0.0,16000
1986-10-06,0.15011560916900635,0.15113674103645125,0.15011560916900635,0.0,35200
1986-10-07,0.15011560916900635,0.15113674103645125,0.15011560916900635,0.0,16000
1986-10-08,0.15011560916900635,0.15011560916900635,0.15011560916900635,0.15011560916900635,0
1986-10-09,0.14807307720184326,0.1490944582537895,0.14807307720184326,0.0,16000
1986-10-10,0.14807307720184326,0.1490944582537895,0.14807307720184326,0.0,41600
1986-10-13,0.14705204963684082,0.14705204963684082,0.14705204963684082,0.0,19200
1986-10-14,0.14603087306022644,0.14603087306022644,0.14603087306022644,0.0,3200
1986-10-15,0.14603087306022644,0.14603087306022644,0.14603087306022644,0.0,1731200
1986-10-16,0.14705204963684082,0.14705204963684082,0.1460309171764796,0.0,12800
1986-10-17,0.14705204963684082,0.14705204963684082,0.14705204963684082,0.14705204963684082,0
1986-10-20,0.14603087306022644,0.14603087306022644,0.14603087306022644,0.0,9600
1986-10-21,0.14705204963684082,0.14705204963684082,0.1460309171764796,0.0,16000
1986-10-22,0.14500963687896729,0.14500963687896729,0.14500963687896729,0.0,35200
1986-10-23,0.14500963687896729,0.14500963687896729,0.14500963687896729,0.0,12800
1986-10-24,0.14398832619190216,0.1439883261919022,0.1439883261919022,0.0,22400
1986-10-27,0.14194607734680176,0.14296720937069268,0.14194607734680176,0.0,41600
1986-10-28,0.14092493057250977,0.14092493057250977,0.14092493057250977,0.0,6400
1986-10-29,0.14092493057250977,0.14092493057250977,0.13990354934049778,0.0,48000
1986-10-30,0.14194607734680176,0.14194607734680176,0.14092494532291083,0.0,19200
1986-10-31,0.1388823539018631,0.14194599756665544,0.1388823539018631,0.0,86400
1986-11-03,0.1368400901556015,0.1399034844865601,0.1368400901556015,0.0,51200
1986-11-04,0.14296723902225494,0.14296723902225494,0.13786132852880134,0.0,108800
1986-11-05,0.14194607734680176,0.1439883413945836,0.13888243196010147,0.0,240000
1986-11-06,0.14194607734680176,0.14296720937069268,0.1399035639839924,0.0,163200
1986-11-07,0.14296723902225494,0.14296723902225494,0.14296723902225494,0.0,6400
1986-11-10,0.14500963687896729,0.14500963687896729,0.14398825614476846,0.0,54400
1986-11-11,0.14398832619190216,0.1439883261919022,0.1439883261919022,0.0,265600
1986-11-12,0.14705204963684082,0.14705204963684082,0.1450097847161184,0.0,204800
1986-11-13,0.14705204963684082,0.14705204963684082,0.14705204963684082,0.14705204963684082,0
1986-11-14,0.14807307720184326,0.1490944582537895,0.14807307720184326,0.0,67200
1986-11-17,0.15215790271759033,0.15215790271759033,0.1480731251324534,0.0,224000
1986-11-18,0.15317919850349426,0.15317919850349423,0.15317919850349423,0.0,6400
1986-11-19,0.15113674104213715,0.15215787290962046,0.15113674104213715,0.0,48000
1986-11-20,0.15113674104213715,0.15113674104213715,0.15113674104213715,0.0,9600
1986-11-21,0.15113674104213715,0.15113674104213715,0.15113674104213715,0.15113674104213715,0
1986-11-24,0.15113674104213715,0.15113674104213715,0.15113674104213715,0.0,3200
1986-11-25,0.15113674104213715,0.15113674104213715,0.15113674104213715,0.0,12800
1986-11-26,0.15317919850349426,0.15317919850349423,0.15113668619476422,0.0,28800
1986-11-28,0.15113674104213715,0.15215787290962046,0.15113674104213715,0.0,70400
1986-12-01,0.15011560916900635,0.15113674103645125,0.15011560916900635,0.0,9600
1986-12-02,0.15215790271759033,0.15215790271759033,0.15113677065006564,0.0,41600
1986-12-03,0.15215790271759033,0.15317928410015316,0.15113677065006564,0.0,124800
1986-12-04,0.14705204963684082,0.15215796125378095,0.14705204963684082,0.0,192000
1986-12-05,0.14500963687896729,0.14500963687896729,0.14500963687896729,0.0,41600
1986-12-08,0.14398832619190216,0.1439883261919022,0.1439883261919022,0.0,57600
1986-12-09,0.14603087306022644,0.14603087306022644,0.14398835944141786,0.0,44800
1986-12-10,0.14398832619190216,0.1450097074229804,0.1439883261919022,0.0,22400
1986-12-11,0.14500963687896729,0.14500963687896729,0.14398825614476846,0.0,83200
1986-12-12,0.14296723902225494,0.1439883712579298,0.14296723902225494,0.0,41600
1986-12-15,0.14092493057250977,0.14194606248952035,0.14092493057250977,0.0,89600
1986-12-16,0.14092493057250977,0.14092493057250977,0.13990354934049778,0.0,105600
1986-12-17,0.1388823539018631,0.14194599756665544,0.1388823539018631,0.0,1072000
1986-12-18,0.1368400901556015,0.13786122159925437,0.1368400901556015,0.0,131200
1986-12-19,0.1368400901556015,0.1368400901556015,0.1368400901556015,0.0,16000
1986-12-22,0.13275545835494995,0.1378613703991371,0.13275545835494995,0.0,115200
1986-12-23,0.1307128518819809,0.1327553648501265,0.1307128518819809,0.0,339200
1986-12-24,0.1307128518819809,0.13173398370856404,0.1307128518819809,0.0,6400
1986-12-26,0.13173401355743408,0.13173401355743408,0.13071288149947835,0.0,28800
1986-12-29,0.1286706179380417,0.13173400614852462,0.1286706179380417,0.0,150400
1986-12-30,0.12969176471233368,0.12969176471233368,0.12867064032523856,0.0,32000
1986-12-31,0.12969176471233368,0.12969176471233368,0.12867064032523856,0.0,54400
1987-01-02,0.12969176471233368,0.13071289689052462,0.12867064032523856,0.0,86400
1987-01-05,0.1286706179380417,0.1286706179380417,0.1286706179380417,0.0,3200
1987-01-06,0.12254331260919571,0.12764922163916026,0.12254331260919571,0.0,214400
1987-01-07,0.1235644742846489,0.1245858635795118,0.12254334209594958,0.0,41600
1987-01-08,0.1307128518819809,0.1307128518819809,0.12356443046594023,0.0,268800
1987-01-09,0.12969176471233368,0.13071289689052462,0.12969176471233368,0.0,16000
1987-01-12,0.13275545835494995,0.13275545835494995,0.1296918114023757,0.0,57600
1987-01-13,0.13275545835494995,0.13479772344656282,0.13275545835494995,0.0,67200
1987-01-14,0.13275545835494995,0.13275545835494995,0.13071294394818214,0.0,86400
1987-01-15,0.13173401355743408,0.13173401355743408,0.13173401355743408,0.0,6400
1987-01-16,0.1286706179380417,0.13173400614852462,0.1286706179380417,0.0,227200
1987-01-19,0.1286706179380417,0.12969174214747306,0.1286706179380417,0.0,12800
1987-01-20,0.1286706179380417,0.1286706179380417,0.12764922883139967,0.0,12800
1987-01-21,0.125606968998909,0.12662810103332345,0.125606968998909,0.0,28800
1987-01-22,0.1286706179380417,0.1286706179380417,0.12254331951374892,0.0,1280000
1987-01-23,0.1286706179380417,0.1286706179380417,0.1286706179380417,0.0,6400
1987-01-26,0.12764930725097656,0.12764930725097656,0.12764930725097656,0.0,3200
1987-01-27,0.1235644742846489,0.12764925235451388,0.1235644742846489,0.0,92800
1987-01-28,0.12050104886293411,0.12254330482814711,0.12050104886293413,0.0,304000
1987-01-29,0.12152226269245148,0.12152226269245149,0.12152226269245149,0.0,249600
1987-01-30,0.12152226269245148,0.12254339532469662,0.1205011378513056,0.0,230400
1987-02-02,0.12152226269245148,0.12152226269245149,0.12152226269245149,0.12152226269245149,0
1987-02-03,0.12254331260919571,0.12254331260919571,0.12254331260919571,0.0,64000
1987-02-04,0.1235644742846489,0.1235644742846489,0.1235644742846489,0.0,12800
1987-02-05,0.1266280710697174,0.1266280710697174,0.12458581527523582,0.0,38400
1987-02-06,0.1266280710697174,0.1266280710697174,0.12560693927693017,0.0,9600
1987-02-09,0.12458585947751999,0.12662811599658141,0.12458585947751999,0.0,83200
1987-02-10,0.125606968998909,0.125606968998909,0.125606968998909,0.0,16000
1987-02-11,0.12458585947751999,0.12458585947751999,0.12458585947751999,0.0,12800
1987-02-12,0.1235644742846489,0.1235644742846489,0.1235644742846489,0.0,9600
1987-02-13,0.12254331260919571,0.12254331260919571,0.12254331260919571,0.0,9600
1987-02-17,0.12152226269245148,0.12152226269245149,0.1205011378513056,0.0,67200
1987-02-18,0.11845860630273819,0.1205011285152555,0.11845860630273818,0.0,89600
1987-02-19,0.11845860630273819,0.11845860630273818,0.11845860630273818,0.0,35200
1987-02-20,0.11845860630273819,0.11845860630273818,0.11845860630273818,0.0,32000
1987-02-23,0.11743739992380142,0.11743739992380144,0.11743739992380144,0.0,41600
1987-02-24,0.11947967857122421,0.1194796785712242,0.11845854653331542,0.0,16000
1987-02-25,0.11641626805067062,0.11845852394598194,0.11641626805067064,0.0,169600
1987-02-26,0.11641626805067062,0.11641626805067064,0.11641626805067064,0.0,3200
1987-02-27,0.11845860630273819,0.11845860630273818,0.11845860630273818,0.0,73600
1987-03-02,0.11845860630273819,0.11845860630273818,0.1174374737496072,0.0,19200
1987-03-03,0.11743739992380142,0.11743739992380144,0.11743739992380144,0.0,3200
1987-03-04,0.12152226269245148,0.12152226269245149,0.1194797481127852,0.0,44800
1987-03-05,0.11947967857122421,0.12152219196207269,0.1194796785712242,0.0,137600
1987-03-06,0.11845860630273819,0.11845860630273818,0.11845860630273818,0.0,204800
1987-03-09,0.11845860630273819,0.11845860630273818,0.11845860630273818,0.0,12800
1987-03-10,0.11845860630273819,0.11845860630273818,0.11845860630273818,0.0,96000
1987-03-11,0.11947967857122421,0.1194796785712242,0.11845854653331542,0.0,73600
1987-03-12,0.11845860630273819,0.11845860630273818,0.11845860630273818,0.0,22400
1987-03-13,0.12254331260919571,0.12254331260919571,0.11947966746521388,0.0,227200
1987-03-16,0.11947967857122421,0.12152219196207269,0.1194796785712242,0.0,51200
1987-03-17,0.11947967857122421,0.1194796785712242,0.1194796785712242,0.0,22400
1987-03-18,0.11947967857122421,0.1194796785712242,0.1194796785712242,0.0,9600
1987-03-19,0.12254331260919571,0.12560695775317754,0.12050105651430698,0.0,224000
1987-03-20,0.12458585947751999,0.1256069838415029,0.12254333806120782,0.0,41600
1987-03-23,0.12969176471233368,0.12969176471233368,0.1256069866845048,0.0,76800
1987-03-24,0.13275545835494995,0.13275545835494995,0.12867068664766784,0.0,60800
1987-03-25,0.14092493057250977,0.14092493057250977,0.13275537660642228,0.0,166400
1987-03-26,0.15011560916900635,0.15113674103645125,0.14194605559946843,0.0,198400
1987-03-27,0.15011560916900635,0.15113674103645125,0.14807309611912722,0.0,124800
1987-03-30,0.14603087306022644,0.1490945188309099,0.14603087306022644,0.0,102400
1987-03-31,0.14705204963684082,0.14705204963684082,0.1450097847161184,0.0,19200
1987-04-01,0.14705204963684082,0.14705204963684082,0.14705204963684082,0.0,28800
1987-04-02,0.14500963687896729,0.14603076829828623,0.14500963687896729,0.0,6400
1987-04-03,0.14398832619190216,0.1450097074229804,0.1439883261919022,0.0,28800
1987-04-06,0.14296723902225494,0.1450097528086839,0.14296723902225494,0.0,128000
1987-04-07,0.14296723902225494,0.1439883712579298,0.14296723902225494,0.0,54400
1987-04-08,0.14705204963684082,0.14909456387269732,0.1450097847161184,0.0,131200
1987-04-09,0.14603087306022644,0.14603087306022644,0.14603087306022644,0.0,6400
1987-04-10,0.14398832619190216,0.14603083933905742,0.1439883261919022,0.0,28800
1987-04-13,0.14296723902225494,0.14296723902225494,0.14296723902225494,0.0,3200
1987-04-14,0.14092493057250977,0.14194606248952035,0.14092493057250977,0.0,35200
1987-04-15,0.1388823539018631,0.13990348535183142,0.1388823539018631,0.0,60800
1987-04-16,0.13786129653453827,0.13786129653453827,0.13786129653453827,0.0,3200
1987-04-20,0.13581886887550354,0.13684025083334836,0.13581886887550354,0.0,38400
1987-04-21,0.1307128518819809,0.1347976285032928,0.1307128518819809,0.0,976000
1987-04-22,0.12969176471233368,0.12969176471233368,0.12969176471233368,0.0,28800
1987-04-23,0.12458585947751999,0.12867063741289358,0.12458585947751999,0.0,179200
1987-04-24,0.11539491266012192,0.12560698200693182,0.11539491266012193,0.0,297600
1987-04-27,0.11335266381502151,0.11437379609423327,0.11335266381502151,0.0,19200
1987-04-28,0.11437378823757172,0.11437378823757172,0.11335265602850443,0.0,12800
1987-04-29,0.11743739992380142,0.11743739992380144,0.11335262296397355,0.0,128000
1987-04-30,0.11947967857122421,0.1194796785712242,0.11845854653331542,0.0,35200
1987-05-01,0.11947967857122421,0.1194796785712242,0.1194796785712242,0.0,3200
1987-05-04,0.12050104886293411,0.12050104886293413,0.12050104886293413,0.0,32000
1987-05-05,0.12050104886293411,0.12050104886293413,0.12050104886293413,0.0,16000
1987-05-06,0.11947967857122421,0.1194796785712242,0.1194796785712242,0.0,3200
1987-05-07,0.11845860630273819,0.11947973885586916,0.11845860630273818,0.0,80000
1987-05-08,0.1235644742846489,0.1235644742846489,0.12050108550964682,0.0,67200
1987-05-11,0.12254331260919571,0.12356444455218707,0.12254331260919571,0.0,22400
1987-05-12,0.12254331260919571,0.12254331260919571,0.12254331260919571,0.12254331260919571,0
1987-05-13,0.1266280710697174,0.1266280710697174,0.12254329458359749,0.0,96000
1987-05-14,0.125606968998909,0.125606968998909,0.125606968998909,0.0,6400
1987-05-15,0.12458585947751999,0.1256069838415029,0.12458585947751999,0.0,73600
1987-05-18,0.12254331260919571,0.12458583360128017,0.12254331260919571,0.0,60800
1987-05-19,0.12254331260919571,0.12254331260919571,0.12254331260919571,0.0,32000
1987-05-20,0.12254331260919571,0.12254331260919571,0.12254331260919571,0.0,16000
1987-05-21,0.1235644742846489,0.1235644742846489,0.12254334209594958,0.0,80000
1987-05-22,0.1235644742846489,0.1235644742846489,0.1235644742846489,0.1235644742846489,0
1987-05-26,0.1235644742846489,0.1235644742846489,0.12254334209594958,0.0,6400
1987-05-27,0.12254331260919571,0.12254331260919571,0.12254331260919571,0.0,9600
1987-05-28,0.12254331260919571,0.12254331260919571,0.12254331260919571,0.0,3200
1987-05-29,0.12458585947751999,0.12458585947751999,0.12458585947751999,0.0,38400
1987-06-01,0.1235644742846489,0.1235644742846489,0.1235644742846489,0.0,6400
1987-06-02,0.12254331260919571,0.12356444455218707,0.12254331260919571,0.0,131200
1987-06-03,0.1266280710697174,0.1266280710697174,0.12458581527523582,0.0,38400
1987-06-04,0.12764930725097656,0.12764930725097656,0.12764930725097656,0.0,6400
1987-06-05,0.1286706179380417,0.1286706179380417,0.1286706179380417,0.0,12800
1987-06-08,0.1286706179380417,0.1286706179380417,0.1286706179380417,0.1286706179380417,0
1987-06-09,0.1286706179380417,0.1286706179380417,0.1286706179380417,0.0,6400
1987-06-10,0.1286706179380417,0.1286706179380417,0.1286706179380417,0.1286706179380417,0
1987-06-11,0.1286706179380417,0.1286706179380417,0.1286706179380417,0.0,86400
1987-06-12,0.12764930725097656,0.12764930725097656,0.12764930725097656,0.0,480000
1987-06-15,0.12254331260919571,0.12254331260919571,0.12254331260919571,0.0,396800
1987-06-16,0.12254331260919571,0.12254331260919571,0.12254331260919571,0.0,9600
1987-06-17,0.12152226269245148,0.12152226269245149,0.12152226269245149,0.0,9600
1987-06-18,0.12050104886293411,0.12050104886293413,0.12050104886293413,0.0,3200
1987-06-19,0.12254331260919571,0.12254331260919571,0.12152218066620435,0.0,28800
1987-06-22,0.1235644742846489,0.1235644742846489,0.1235644742846489,0.0,6400
1987-06-23,0.1235644742846489,0.1235644742846489,0.1235644742846489,0.0,25600
1987-06-24,0.12254331260919571,0.12356444455218707,0.12254331260919571,0.0,89600
1987-06-25,0.12254331260919571,0.12254331260919571,0.12254331260919571,0.0,38400
1987-06-26,0.1235644742846489,0.1235644742846489,0.1235644742846489,0.0,3200
1987-06-29,0.12254331260919571,0.12254331260919571,0.12254331260919571,0.0,9600
1987-06-30,0.12254331260919571,0.12254331260919571,0.12050105651430698,0.0,67200
1987-07-01,0.1235644742846489,0.1235644742846489,0.1235644742846489,0.0,6400
1987-07-02,0.1235644742846489,0.1235644742846489,0.1235644742846489,0.0,3200
1987-07-06,0.1235644742846489,0.1235644742846489,0.1235644742846489,0.0,19200
1987-07-07,0.1235644742846489,0.12560698797711525,0.1235644742846489,0.0,57600
1987-07-08,0.1235644742846489,0.1235644742846489,0.1235644742846489,0.1235644742846489,0
1987-07-09,0.1235644742846489,0.1235644742846489,0.1235644742846489,0.0,12800
1987-07-10,0.12152226269245148,0.12254339532469662,0.12152226269245149,0.0,32000
1987-07-13,0.12050104886293411,0.12050104886293413,0.12050104886293413,0.0,6400
1987-07-14,0.11947967857122421,0.12050106771525862,0.1194796785712242,0.0,25600
1987-07-15,0.12050104886293411,0.12050104886293413,0.12050104886293413,0.0,3200
1987-07-16,0.12050104886293411,0.12050104886293413,0.12050104886293413,0.12050104886293413,0
1987-07-17,0.11947967857122421,0.12050106771525862,0.11845854653331542,0.0,800000
1987-07-20,0.11845860630273819,0.11845860630273818,0.11845860630273818,0.0,6400
1987-07-21,0.11845860630273819,0.11845860630273818,0.11845860630273818,0.11845860630273818,0
1987-07-22,0.11845860630273819,0.11845860630273818,0.11845860630273818,0.11845860630273818,0
1987-07-23,0.11845860630273819,0.11845860630273818,0.11845860630273818,0.11845860630273818,0
1987-07-24,0.11845860630273819,0.11845860630273818,0.11845860630273818,0.0,12800
1987-07-27,0.11845860630273819,0.11845860630273818,0.11845860630273818,0.11845860630273818,0
1987-07-28,0.11641626805067062,0.11641626805067064,0.11641626805067064,0.0,22400
1987-07-29,0.11641626805067062,0.11641626805067064,0.11641626805067064,0.11641626805067064,0
1987-07-30,0.11845860630273819,0.11845860630273818,0.11437382677505756,0.0,198400
1987-07-31,0.11845860630273819,0.11845860630273818,0.11845860630273818,0.0,3200
1987-08-03,0.11743739992380142,0.11743739992380144,0.11743739992380144,0.0,9600
1987-08-04,0.11947967857122421,0.12050106771525862,0.11845854653331542,0.0,80000
1987-08-05,0.12254331260919571,0.12254331260919571,0.12050105651430698,0.0,64000
1987-08-06,0.12152226269245148,0.12152226269245149,0.12152226269245149,0.0,16000
1987-08-07,0.12152226269245148,0.12152226269245149,0.12152226269245149,0.0,3200
1987-08-10,0.12254331260919571,0.12254331260919571,0.12254331260919571,0.0,35200
1987-08-11,0.12152226269245148,0.12254339532469662,0.12152226269245149,0.0,25600
1987-08-12,0.11947967857122421,0.12152219196207269,0.1194796785712242,0.0,102400
1987-08-13,0.11845860630273819,0.11845860630273818,0.11845860630273818,0.0,38400
1987-08-14,0.11845860630273819,0.11845860630273818,0.11845860630273818,0.11845860630273818,0
1987-08-17,0.11845860630273819,0.11845860630273818,0.11845860630273818,0.0,6400
1987-08-18,0.11845860630273819,0.11947973885586916,0.11845860630273818,0.0,112000
1987-08-19,0.11845860630273819,0.11947973885586916,0.11845860630273818,0.0,70400
1987-08-20,0.11845860630273819,0.11845860630273818,0.11845860630273818,0.11845860630273818,0
1987-08-21,0.11845860630273819,0.11845860630273818,0.11845860630273818,0.0,22400
1987-08-24,0.11845860630273819,0.11845860630273818,0.11845860630273818,0.0,3200
1987-08-25,0.11845860630273819,0.11845860630273818,0.11845860630273818,0.0,3200
1987-08-26,0.11947967857122421,0.1194796785712242,0.1194796785712242,0.0,32000
1987-08-27,0.11947967857122421,0.1194796785712242,0.1194796785712242,0.1194796785712242,0
1987-08-28,0.12152226269245148,0.12152226269245149,0.12152226269245149,0.0,25600
1987-08-31,0.12050104886293411,0.12050104886293413,0.12050104886293413,0.0,28800
1987-09-01,0.12254331260919571,0.12254331260919571,0.11947966746521388,0.0,166400
1987-09-02,0.12254331260919571,0.12254331260919571,0.12254331260919571,0.0,22400
1987-09-03,0.12152226269245148,0.12152226269245149,0.12152226269245149,0.0,6400
1987-09-04,0.1235644742846489,0.1235644742846489,0.12152220990725027,0.0,105600
1987-09-08,0.12254331260919571,0.12254331260919571,0.12254331260919571,0.0,3200
1987-09-09,0.1235644742846489,0.1235644742846489,0.12254334209594958,0.0,70400
1987-09-10,0.1235644742846489,0.1235644742846489,0.1235644742846489,0.1235644742846489,0
1987-09-11,0.12254331260919571,0.12254331260919571,0.12254331260919571,0.0,6400
1987-09-14,0.12254331260919571,0.12254331260919571,0.12254331260919571,0.12254331260919571,0
1987-09-15,0.12254331260919571,0.12356444455218707,0.12254331260919571,0.0,16000
1987-09-16,0.12458585947751999,0.12458585947751999,0.12254333806120782,0.0,38400
1987-09-17,0.12458585947751999,0.12458585947751999,0.12458585947751999,0.12458585947751999,0
1987-09-18,0.1235644742846489,0.1235644742846489,0.1235644742846489,0.0,9600
1987-09-21,0.12254331260919571,0.12254331260919571,0.12254331260919571,0.0,6400
1987-09-22,0.12254331260919571,0.12254331260919571,0.12254331260919571,0.12254331260919571,0
1987-09-23,0.12050104886293411,0.12152217294999387,0.12050104886293413,0.0,19200
1987-09-24,0.12050104886293411,0.12050104886293413,0.12050104886293413,0.12050104886293413,0
1987-09-25,0.12050104886293411,0.12152217294999387,0.12050104886293413,0.0,19200
1987-09-28,0.11845860630273819,0.11947973885586916,0.11845860630273818,0.0,80000
1987-09-29,0.11845860630273819,0.11845860630273818,0.11845860630273818,0.0,19200
1987-09-30,0.12152226269245148,0.12152226269245149,0.11743748284829493,0.0,99200
1987-10-01,0.11947967857122421,0.12050106771525862,0.1194796785712242,0.0,44800
1987-10-02,0.11845860630273819,0.11845860630273818,0.11845860630273818,0.0,16000
1987-10-05,0.12050104886293411,0.12050104886293413,0.11845852800054221,0.0,35200
1987-10-06,0.11947967857122421,0.1194796785712242,0.1194796785712242,0.0,3200
1987-10-07,0.11845860630273819,0.11845860630273818,0.11845860630273818,0.0,128000
1987-10-08,0.11845860630273819,0.11845860630273818,0.11845860630273818,0.0,3200
1987-10-09,0.11947967857122421,0.1194796785712242,0.11845854653331542,0.0,176000
1987-10-12,0.11947967857122421,0.12050106771525862,0.11845854653331542,0.0,64000
1987-10-13,0.11845860630273819,0.1205011285152555,0.11845860630273818,0.0,160000
1987-10-14,0.12152226269245148,0.12152226269245149,0.1205011378513056,0.0,35200
1987-10-15,0.12050104886293411,0.12254330482814711,0.12050104886293413,0.0,355200
1987-10-16,0.12254331260919571,0.12254331260919571,0.12152218066620435,0.0,1385600
1987-10-19,0.11641626805067062,0.12152216879057215,0.11641626805067064,0.0,131200
1987-10-20,0.10722534358501434,0.11845854367616558,0.10620421157173467,0.0,140800
1987-10-21,0.10824668407440186,0.10926780783784537,0.10722529541386336,0.0,38400
1987-10-22,0.10620417445898056,0.10722530611542862,0.10620417445898056,0.0,80000
1987-10-23,0.10518307238817215,0.10518307238817216,0.10518307238817216,0.0,6400
1987-10-26,0.09905579686164856,0.10314057456022216,0.09905579686164856,0.0,64000
1987-10-27,0.09803470224142075,0.09803470224142075,0.09803470224142075,0.0,19200
1987-10-28,0.09497097879648209,0.0970134914351391,0.09497097879648209,0.0,25600
1987-10-29,0.09599241614341736,0.09803467270957167,0.09599241614341736,0.0,48000
1987-10-30,0.10007715970277786,0.10007715970277786,0.09497099414717494,0.0,169600
1987-11-02,0.10007715970277786,0.10007715970277786,0.10007715970277786,0.0,32000
1987-11-03,0.09905579686164856,0.09905579686164856,0.09905579686164856,0.0,6400
1987-11-04,0.09905579686164856,0.09905579686164856,0.09905579686164856,0.09905579686164856,0
1987-11-05,0.10007715970277786,0.10109828373859496,0.10007715970277786,0.0,99200
1987-11-06,0.10314058512449265,0.10314058512449265,0.1021194529240201,0.0,38400
1987-11-09,0.10722534358501434,0.10722534358501434,0.10211943420359103,0.0,515200
1987-11-10,0.10722534358501434,0.10722534358501434,0.10620421157173467,0.0,83200
1987-11-11,0.11028904467821121,0.11028904467821121,0.10824678741062196,0.0,32000
1987-11-12,0.11233152449131012,0.11335264884456568,0.1123315244913101,0.0,38400
1987-11-13,0.11233152449131012,0.1123315244913101,0.1123315244913101,0.0,3200
1987-11-16,0.11131010949611664,0.1123314985103852,0.11131010949611665,0.0,188800
1987-11-17,0.10926782339811325,0.11131008679801056,0.10926782339811325,0.0,51200
1987-11-18,0.10620417445898056,0.10824669487790627,0.10620417445898056,0.0,32000
1987-11-19,0.10416194051504135,0.10518306459193051,0.10416194051504137,0.0,166400
1987-11-20,0.10722534358501434,0.10722534358501434,0.10518307955845498,0.0,64000
1987-11-23,0.10620417445898056,0.10722530611542862,0.10620417445898056,0.0,268800
1987-11-24,0.10620417445898056,0.10620417445898056,0.10416191893717625,0.0,41600
1987-11-25,0.10824668407440186,0.10824668407440184,0.10722529541386336,0.0,163200
1987-11-27,0.10824668407440186,0.10824668407440184,0.10824668407440184,0.0,9600
1987-11-30,0.10722534358501434,0.10722534358501434,0.10722534358501434,0.0,32000
1987-12-01,0.10824668407440186,0.10824668407440184,0.10824668407440184,0.0,22400
1987-12-02,0.10824668407440186,0.10824668407440184,0.10824668407440184,0.0,60800
1987-12-03,0.10824668407440186,0.10824668407440184,0.10824668407440184,0.0,144000
1987-12-04,0.10824668407440186,0.10824668407440184,0.10824668407440184,0.0,16000
1987-12-07,0.11028904467821121,0.11028904467821121,0.10824678741062196,0.0,44800
1987-12-08,0.11131010949611664,0.11131010949611665,0.10926784567976551,0.0,99200
1987-12-09,0.11131010949611664,0.11131010949611665,0.11131010949611665,0.0,19200
1987-12-10,0.11437378823757172,0.115394920446639,0.11028901008622986,0.0,406400
1987-12-11,0.11947967857122421,0.1194796785712242,0.11437376906664937,0.0,64000
1987-12-14,0.1266280710697174,0.1266280710697174,0.12152216279081027,0.0,57600
1987-12-15,0.13173401355743408,0.13173401355743408,0.12560697189466394,0.0,70400
1987-12-16,0.1368400901556015,0.1368400901556015,0.13173393430756555,0.0,51200
1987-12-17,0.13479766249656677,0.13684017597979345,0.13479766249656677,0.0,348800
1987-12-18,0.13377656042575836,0.13377656042575836,0.13275542811257118,0.0,348800
1987-12-21,0.13377656042575836,0.13377656042575836,0.13377656042575836,0.0,128000
1987-12-22,0.13479766249656677,0.13479766249656677,0.13275539832838232,0.0,99200
1987-12-23,0.13377656042575836,0.13479769273894554,0.13377656042575836,0.0,57600
1987-12-24,0.1307128518819809,0.13377649667670966,0.1307128518819809,0.0,89600
1987-12-28,0.1266280710697174,0.12867059176135573,0.1266280710697174,0.0,44800
1987-12-29,0.1266280710697174,0.1266280710697174,0.1266280710697174,0.1266280710697174,0
1987-12-30,0.12458585947751999,0.1256069838415029,0.12458585947751999,0.0,19200
1987-12-31,0.125606968998909,0.125606968998909,0.125606968998909,0.0,16000
1988-01-04,0.125606968998909,0.125606968998909,0.125606968998909,0.125606968998909,0
1988-01-05,0.1266280710697174,0.1266280710697174,0.1266280710697174,0.0,16000
1988-01-06,0.1266280710697174,0.1266280710697174,0.1266280710697174,0.1266280710697174,0
1988-01-07,0.12458585947751999,0.1256069838415029,0.12356447021628633,0.0,57600
1988-01-08,0.12458585947751999,0.1256069838415029,0.12458585947751999,0.0,19200
1988-01-11,0.12458585947751999,0.12458585947751999,0.12458585947751999,0.12458585947751999,0
1988-01-12,0.1266280710697174,0.1266280710697174,0.1266280710697174,0.0,16000
1988-01-13,0.125606968998909,0.125606968998909,0.125606968998909,0.0,32000
1988-01-14,0.125606968998909,0.125606968998909,0.125606968998909,0.125606968998909,0
1988-01-15,0.125606968998909,0.125606968998909,0.125606968998909,0.0,32000
1988-01-18,0.125606968998909,0.125606968998909,0.125606968998909,0.125606968998909,0
1988-01-19,0.125606968998909,0.125606968998909,0.125606968998909,0.125606968998909,0
1988-01-20,0.125606968998909,0.125606968998909,0.125606968998909,0.0,96000
1988-01-21,0.12458585947751999,0.12458585947751999,0.12458585947751999,0.0,35200
1988-01-22,0.12458585947751999,0.12458585947751999,0.12458585947751999,0.0,3200
1988-01-25,0.12458585947751999,0.12458585947751999,0.12458585947751999,0.12458585947751999,0
1988-01-26,0.125606968998909,0.125606968998909,0.125606968998909,0.0,41600
1988-01-27,0.1266280710697174,0.1266280710697174,0.1266280710697174,0.0,12800
1988-01-28,0.1266280710697174,0.1266280710697174,0.1266280710697174,0.1266280710697174,0
1988-01-29,0.125606968998909,0.125606968998909,0.125606968998909,0.0,16000
1988-02-01,0.1266280710697174,0.1266280710697174,0.1266280710697174,0.0,3200
1988-02-02,0.125606968998909,0.125606968998909,0.125606968998909,0.0,105600
1988-02-03,0.125606968998909,0.12662810103332345,0.125606968998909,0.0,9600
1988-02-04,0.1266280710697174,0.1266280710697174,0.1266280710697174,0.0,3200
1988-02-05,0.125606968998909,0.125606968998909,0.125606968998909,0.0,3200
1988-02-08,0.1266280710697174,0.1266280710697174,0.1266280710697174,0.0,6400
1988-02-09,0.125606968998909,0.12764923306773787,0.125606968998909,0.0,35200
1988-02-10,0.1266280710697174,0.1266280710697174,0.1266280710697174,0.0,6400
1988-02-11,0.12969176471233368,0.12969176471233368,0.12764925104088665,0.0,38400
1988-02-12,0.12969176471233368,0.12969176471233368,0.12969176471233368,0.12969176471233368,0
1988-02-16,0.1307128518819809,0.1307128518819809,0.1307128518819809,0.0,32000
1988-02-17,0.1368400901556015,0.1368400901556015,0.13173393430756555,0.0,80000
1988-02-18,0.1368400901556015,0.1368400901556015,0.1368400901556015,0.0,32000
1988-02-19,0.1388823539018631,0.13990348535183142,0.13786122245189475,0.0,86400
1988-02-22,0.15113674104213715,0.15215787290962046,0.13990354255485257,0.0,195200
1988-02-23,0.14807307720184326,0.15317923451670212,0.14807307720184326,0.0,217600
1988-02-24,0.14705204963684082,0.14807318209720202,0.14705204963684082,0.0,22400
1988-02-25,0.14909446239471436,0.14909446239471436,0.1470519495490509,0.0,64000
1988-02-26,0.14500963687896729,0.149094411871123,0.14398825614476846,0.0,150400
1988-02-29,0.14807307720184326,0.14807307720184326,0.14398830093893064,0.0,51200
1988-03-01,0.15011560916900635,0.15011560916900635,0.14807309611912722,0.0,57600
1988-03-02,0.15624260902404785,0.15624260902404788,0.15011557009904816,0.0,86400
1988-03-03,0.15930627286434174,0.15930627286434174,0.1562426283651348,0.0,73600
1988-03-04,0.16236992180347443,0.16236992180347443,0.15930627722049365,0.0,108800
1988-03-07,0.16543354094028473,0.16543354094028473,0.16339102842747935,0.0,214400
1988-03-08,0.17156071960926056,0.17156071960926056,0.1654336757093504,0.0,323200
1988-03-09,0.17462429404258728,0.17870907139261843,0.16849700336002868,0.0,457600
1988-03-10,0.18381492793560028,0.18381492793560025,0.1746242438675583,0.0,444800
1988-03-11,0.18279382586479187,0.18279382586479187,0.179730180906948,0.0,121600
1988-03-14,0.17462429404258728,0.1827938487426496,0.17462429404258728,0.0,115200
1988-03-15,0.17258189618587494,0.17258189618587494,0.1695184981098773,0.0,128000
1988-03-16,0.17666664719581604,0.17666664719581604,0.17053960273693058,0.0,185600
1988-03-17,0.18381492793560028,0.18381492793560025,0.17870902004390496,0.0,220800
1988-03-18,0.19096337258815765,0.19096337258815765,0.18483608289560455,0.0,419200
1988-03-21,0.19300566613674164,0.19606931145701298,0.19198453413499186,0.0,214400
1988-03-22,0.19402708113193512,0.1950482133109288,0.19198456745888243,0.0,70400
1988-03-23,0.18687863647937775,0.19402705956799687,0.18687863647937775,0.0,89600
1988-03-24,0.17666664719581604,0.1858575878568686,0.17666664719581604,0.0,297600
1988-03-25,0.17156071960926056,0.17564549864757628,0.17053958717846335,0.0,121600
1988-03-28,0.17053952813148499,0.17156066020872918,0.16747588258471183,0.0,121600
1988-03-29,0.17053952813148499,0.17156066020872918,0.17053952813148499,0.0,166400
1988-03-30,0.17360322177410126,0.17360322177410126,0.16849706134316475,0.0,67200
1988-03-31,0.18585743010044098,0.185857430100441,0.17258172129688237,0.0,198400
1988-04-04,0.18483611941337585,0.18585750077391638,0.18483611941337585,0.0,25600
1988-04-05,0.19096337258815765,0.19096337258815765,0.18483608289560455,0.0,121600
1988-04-06,0.19811175763607025,0.19811175763607022,0.19198446907204675,0.0,112000
1988-04-07,0.21751423180103302,0.21751423180103302,0.19811173527329282,0.0,489600
1988-04-08,0.2236415445804596,0.2246626762346099,0.21955676864892126,0.0,556800
1988-04-11,0.23487479984760284,0.2369170636700168,0.2267052459279471,0.0,652800
1988-04-12,0.2358960062265396,0.23691713846009793,0.23181122797722759,0.0,624000
1988-04-13,0.23283228278160095,0.23691705967250626,0.23283228278160098,0.0,217600
1988-04-14,0.21955695748329163,0.22670538384036573,0.21955695748329165,0.0,262400
1988-04-15,0.22466276586055756,0.22466276586055753,0.2195568562379404,0.0,28800
1988-04-18,0.22874757647514343,0.22874757647514343,0.22057802017245973,0.0,355200
1988-04-19,0.23283228278160095,0.23691705967250626,0.23283228278160098,0.0,201600
1988-04-20,0.23181121051311493,0.23385347482637217,0.22976869688479773,0.0,44800
1988-04-21,0.22874757647514343,0.23283235462648527,0.22874757647514343,0.0,275200
1988-04-22,0.2307899296283722,0.23078992962837216,0.2267051543191523,0.0,192000
1988-04-25,0.22874757647514343,0.231811222417418,0.22874757647514343,0.0,44800
1988-04-26,0.23487479984760284,0.23487479984760287,0.230790022887775,0.0,96000
1988-04-27,0.23691721260547638,0.23793834515860735,0.23589608005234539,0.0,185600
1988-04-28,0.24610784649848938,0.24610784649848935,0.23895967098775558,0.0,185600
1988-04-29,0.2420230358839035,0.24508668173434917,0.2420230358839035,0.0,51200
1988-05-02,0.24508662521839142,0.24508662521839142,0.2420229800744096,0.0,204800
1988-05-03,0.2420230358839035,0.24508668173434917,0.24100190370544333,0.0,108800
1988-05-04,0.23793825507164001,0.24100190088624773,0.23793825507164001,0.0,41600
1988-05-05,0.2420230358839035,0.2420230358839035,0.23895963934852305,0.0,44800
1988-05-06,0.24304452538490295,0.24304452538490298,0.24100201080523667,0.0,60800
1988-05-09,0.2410018891096115,0.24100188910961154,0.24100188910961154,0.0,16000
1988-05-10,0.2410018891096115,0.24100188910961154,0.2358959792114755,0.0,131200
1988-05-11,0.23895959556102753,0.23895959556102753,0.23691708226331673,0.0,102400
1988-05-12,0.23283228278160095,0.23793819156648363,0.23283228278160098,0.0,83200
1988-05-13,0.23895959556102753,0.24100185954371875,0.23181117299156911,0.0,262400
1988-05-16,0.23793825507164001,0.23895963655321747,0.23793825507164001,0.0,108800
1988-05-17,0.23487479984760284,0.23589593175880985,0.23283228671018893,0.0,108800
1988-05-18,0.23181121051311493,0.23487485629806074,0.23079007835648627,0.0,67200
1988-05-19,0.22874757647514343,0.2297687086842107,0.22772644426607613,0.0,64000
1988-05-20,0.22874757647514343,0.2297687086842107,0.22772644426607613,0.0,44800
1988-05-23,0.22670532763004303,0.22874759218846655,0.22670532763004303,0.0,70400
1988-05-24,0.2256837785243988,0.22568377852439883,0.22568377852439883,0.0,16000
1988-05-25,0.2256837785243988,0.22568377852439883,0.22568377852439883,0.0,35200
1988-05-26,0.2256837785243988,0.22568377852439883,0.22568377852439883,0.0,16000
1988-05-27,0.2256837785243988,0.22568377852439883,0.22568377852439883,0.0,89600
1988-05-31,0.22466276586055756,0.22466276586055753,0.22466276586055753,0.0,16000
1988-06-01,0.22670532763004303,0.22670532763004303,0.22670532763004303,0.0,28800
1988-06-02,0.22262044250965118,0.22466270608934186,0.22262044250965118,0.0,44800
1988-06-03,0.22159922122955322,0.22159922122955322,0.22159922122955322,0.0,3200
1988-06-06,0.21649305522441864,0.22057782985129445,0.21649305522441864,0.0,80000
1988-06-07,0.2236415445804596,0.22364154458045962,0.21751425602568344,0.0,265600
1988-06-08,0.2256837785243988,0.22670515936059155,0.22568377852439883,0.0,86400
1988-06-09,0.23691721260547638,0.23895972702689502,0.22874765355011512,0.0,816000
1988-06-10,0.2542774975299835,0.2542774975299835,0.23895975922367857,0.0,940800
1988-06-13,0.25529876351356506,0.2593835417352615,0.25529876351356506,0.0,217600
1988-06-14,0.24406546354293823,0.25325614854025136,0.2420229505907701,0.0,246400
1988-06-15,0.2420230358839035,0.24304441737742888,0.2399807715269832,0.0,57600
1988-06-16,0.23691721260547638,0.23998085958002602,0.23589608005234539,0.0,3606400
1988-06-17,0.23895959556102753,0.23998072755237312,0.23691708226331673,0.0,553600
1988-06-20,0.23998066782951355,0.23998066782951355,0.23691702330289197,0.0,150400
1988-06-21,0.23998066782951355,0.24100179956673493,0.23998066782951355,0.0,12800
1988-06-22,0.24406546354293823,0.24406546354293823,0.2420229505907701,0.0,54400
1988-06-23,0.24406546354293823,0.2450865953615336,0.2410018187721747,0.0,86400
1988-06-24,0.24610784649848938,0.24712922812724983,0.24406558187116492,0.0,73600
1988-06-27,0.24610784649848938,0.24815036044091204,0.24610784649848935,0.0,51200
1988-06-28,0.24508662521839142,0.2471291384193819,0.24508662521839142,0.0,16000
1988-06-29,0.24508662521839142,0.24508662521839142,0.24508662521839142,0.0,9600
1988-06-30,0.2481503188610077,0.24815031886100772,0.24508667311826526,0.0,64000
1988-07-01,0.24712912738323212,0.25019252307540285,0.2471291273832321,0.0,124800
1988-07-05,0.2481503188610077,0.24815031886100772,0.24815031886100772,0.0,3200
1988-07-06,0.24406546354293823,0.2450865953615336,0.24406546354293823,0.0,64000
1988-07-07,0.24406546354293823,0.24406546354293823,0.24406546354293823,0.0,54400
1988-07-08,0.24304452538490295,0.2440656580171481,0.24304452538490298,0.0,80000
1988-07-11,0.24917148053646088,0.2491714805364609,0.24406556990341968,0.0,108800
1988-07-12,0.260404497385025,0.2624467604535028,0.25121381494705913,0.0,502400
1988-07-13,0.2532561421394348,0.2604045633188874,0.2532561421394348,0.0,211200
1988-07-14,0.2532561421394348,0.2532561421394348,0.2532561421394348,0.2532561421394348,0
1988-07-15,0.2532561421394348,0.2532561421394348,0.2532561421394348,0.0,32000
1988-07-18,0.25529876351356506,0.25529876351356506,0.25529876351356506,0.0,12800
1988-07-19,0.25223496556282043,0.2532560971743077,0.25223496556282043,0.0,80000
1988-07-20,0.251213937997818,0.25223507003223244,0.251213937997818,0.0,57600
1988-07-21,0.2532561421394348,0.2532561421394348,0.24917136565331488,0.0,14400
1988-07-22,0.24712912738323212,0.25121390428778967,0.2471291273832321,0.0,44800
1988-07-25,0.24917148053646088,0.2491714805364609,0.2471292160092788,0.0,11200
1988-07-26,0.251213937997818,0.251213937997818,0.251213937997818,0.0,36800
1988-07-27,0.251213937997818,0.2532562020666469,0.251213937997818,0.0,110400
1988-07-28,0.2532561421394348,0.2532561421394348,0.2532561421394348,0.0,22400
1988-07-29,0.2573409974575043,0.2573409974575043,0.2532562197200836,0.0,240000
1988-08-01,0.2573409974575043,0.2573409974575043,0.2573409974575043,0.0,19200
1988-08-02,0.25529876351356506,0.25529876351356506,0.25529876351356506,0.0,1600
1988-08-03,0.251213937997818,0.25529871545050586,0.251213937997818,0.0,172800
1988-08-04,0.24712912738323212,0.25121390428778967,0.24508661427345502,0.0,259200
1988-08-05,0.23691721260547638,0.24508677166083762,0.23691721260547635,0.0,387200
1988-08-08,0.22670532763004303,0.23895966292585374,0.22670532763004303,0.0,436800
1988-08-09,0.2185356467962265,0.22670519902571257,0.2185356467962265,0.0,145600
1988-08-10,0.22466276586055756,0.2267052792986264,0.2205779882994565,0.0,172800
1988-08-11,0.22262044250965118,0.22466270608934186,0.22262044250965118,0.0,132800
1988-08-12,0.22466276586055756,0.22466276586055753,0.22262050173752537,0.0,35200
1988-08-15,0.22670532763004303,0.22670532763004303,0.22670532763004303,0.0,3200
1988-08-16,0.22874757647514343,0.22874757647514343,0.22466279832380157,0.0,12800
1988-08-17,0.23487479984760284,0.23487479984760287,0.22874750975036107,0.0,27200
1988-08-18,0.2410018891096115,0.24100188910961154,0.2369171113280927,0.0,59200
1988-08-19,0.24712912738323212,0.2471291273832321,0.2410018373688974,0.0,65600
1988-08-22,0.24508662521839142,0.24508662521839142,0.24508662521839142,0.0,35200
1988-08-23,0.24304452538490295,0.24508679064939323,0.24100201080523667,0.0,51200
1988-08-24,0.23895959556102753,0.24304437284142955,0.23895959556102753,0.0,16000
1988-08-25,0.23895959556102753,0.23895959556102753,0.23895959556102753,0.0,3200
1988-08-26,0.23895959556102753,0.23895959556102753,0.23895959556102753,0.0,1600
1988-08-29,0.23895959556102753,0.24100185954371875,0.23691708226331673,0.0,20800
1988-08-30,0.23895959556102753,0.23895959556102753,0.23895959556102753,0.23895959556102753,0
1988-08-31,0.2410018891096115,0.24100188910961154,0.24100188910961154,0.0,16000
1988-09-01,0.2410018891096115,0.24100188910961154,0.24100188910961154,0.24100188910961154,0
1988-09-02,0.24304452538490295,0.24304452538490298,0.24304452538490298,0.0,4800
1988-09-06,0.24508662521839142,0.24508662521839142,0.24508662521839142,0.0,1600
1988-09-07,0.24304452538490295,0.24304452538490298,0.24100201080523667,0.0,27200
1988-09-08,0.24508662521839142,0.24508662521839142,0.24100184813141823,0.0,9600
1988-09-09,0.24508662521839142,0.24508662521839142,0.24508662521839142,0.0,33600
1988-09-12,0.24304452538490295,0.24508679064939323,0.24304452538490298,0.0,46400
1988-09-13,0.24304452538490295,0.24304452538490298,0.24304452538490298,0.0,1600
1988-09-14,0.24508662521839142,0.24508662521839142,0.24508662521839142,0.0,190400
1988-09-15,0.24917148053646088,0.2491714805364609,0.2471292160092788,0.0,65600
1988-09-16,0.24917148053646088,0.2491714805364609,0.2491714805364609,0.0,80000
1988-09-19,0.2573409974575043,0.2573409974575043,0.2491714419826629,0.0,99200
1988-09-20,0.251213937997818,0.2573409795193347,0.251213937997818,0.0,65600
1988-09-21,0.251213937997818,0.25529871545050586,0.251213937997818,0.0,35200
1988-09-22,0.2573409974575043,0.2573409974575043,0.25121395550889697,0.0,115200
1988-09-23,0.25938352942466736,0.26142579378104924,0.25325623772539146,0.0,209600
1988-09-26,0.2532561421394348,0.2593834315261002,0.2532561421394348,0.0,46400
1988-09-27,0.2532561421394348,0.2532561421394348,0.2532561421394348,0.0,19200
1988-09-28,0.2532561421394348,0.2532561421394348,0.2532561421394348,0.0,4800
1988-09-29,0.2532561421394348,0.2532561421394348,0.2532561421394348,0.0,3200
1988-09-30,0.2573409974575043,0.25938351098373835,0.2532562197200836,0.0,120000
1988-10-03,0.26037532091140747,0.26037532091140747,0.2583249973852816,0.0,40000
1988-10-04,0.26037532091140747,0.26037532091140747,0.2583249973852816,0.0,19200
1988-10-05,0.2624254524707794,0.2624254524707794,0.26037537875755845,0.0,65600
1988-10-06,0.2624254524707794,0.2624254524707794,0.2624254524707794,0.2624254524707794,0
1988-10-07,0.2624254524707794,0.2644757764524144,0.2624254524707794,0.0,107200
1988-10-10,0.26857608556747437,0.26857608556747437,0.266525762262062,0.0,76800
1988-10-11,0.2911282777786255,0.2931786020521364,0.2685762123807033,0.0,219200
1988-10-12,0.2890779972076416,0.29727878790476236,0.28702767439922605,0.0,868800
1988-10-13,0.2849777638912201,0.2911282352769491,0.2849777638912201,0.0,56000
1988-10-14,0.2829275131225586,0.2829275131225586,0.2808774388863442,0.0,139200
1988-10-17,0.27882707118988037,0.28087739537696665,0.27882707118988037,0.0,24000
1988-10-18,0.2706262767314911,0.2788270729960817,0.2706262767314911,0.0,284800
1988-10-19,0.2767770290374756,0.2767770290374756,0.2726766304611313,0.0,131200
1988-10-20,0.2767770290374756,0.2767770290374756,0.27472670461506954,0.0,17600
1988-10-21,0.27882707118988037,0.27882707118988037,0.27472667308414683,0.0,38400
1988-10-24,0.27882707118988037,0.2829274692956139,0.27882707118988037,0.0,60800
1988-10-25,0.2911282777786255,0.29112827777862554,0.28087740721641985,0.0,89600
1988-10-26,0.2911282777786255,0.2931786020521364,0.29112827777862554,0.0,91200
1988-10-27,0.2890779972076416,0.29112806974778643,0.2890779972076416,0.0,64000
1988-10-28,0.2890779972076416,0.2890779972076416,0.2890779972076416,0.0,17600
1988-10-31,0.2911282777786255,0.29112827777862554,0.2870278795000533,0.0,30400
1988-11-01,0.29317837953567505,0.29317837953567505,0.2911280568183176,0.0,89600
1988-11-02,0.2952285706996918,0.2952285706996918,0.2931784974262352,0.0,68800
1988-11-03,0.3075298070907593,0.3075298070907592,0.29522861480712886,0.0,166400
1988-11-04,0.3075298070907593,0.3075298070907592,0.30342940966288245,0.0,60800
1988-11-07,0.3075298070907593,0.3075298070907592,0.3054797335110197,0.0,16000
1988-11-08,0.30958008766174316,0.30958008766174316,0.307529764100227,0.0,256000
1988-11-09,0.30958008766174316,0.30958008766174316,0.30958008766174316,0.0,12800
1988-11-10,0.30958008766174316,0.30958008766174316,0.30958008766174316,0.0,16000
1988-11-11,0.3034293055534363,0.3095800247190808,0.3034293055534363,0.0,49600
1988-11-14,0.2972787618637085,0.30137915685308203,0.29727876186370844,0.0,25600
1988-11-15,0.29932901263237,0.3013793364832291,0.29932901263237,0.0,99200
1988-11-16,0.2952285706996918,0.3013792910567822,0.2952285706996918,0.0,60800
1988-11-17,0.2870277762413025,0.2931784965806531,0.2870277762413025,0.0,126400
1988-11-18,0.27882707118988037,0.2849777934827002,0.2767769972712331,0.0,70400
1988-11-21,0.27882707118988037,0.27882707118988037,0.27882707118988037,0.27882707118988037,0
1988-11-22,0.27882707118988037,0.27882707118988037,0.27882707118988037,0.0,1600
1988-11-23,0.2829275131225586,0.2829275131225586,0.2808774388863442,0.0,17600
1988-11-25,0.2829275131225586,0.2849778376272509,0.2829275131225586,0.0,32000
1988-11-28,0.28087738156318665,0.2849777794672593,0.28087738156318665,0.0,25600
1988-11-29,0.2829275131225586,0.2829275131225586,0.2829275131225586,0.0,1128000
1988-11-30,0.2849777638912201,0.2849777638912201,0.2808773662112631,0.0,9600
1988-12-01,0.2849777638912201,0.2870278375969921,0.2849777638912201,0.0,43200
1988-12-02,0.2870277762413025,0.2870277762413025,0.2870277762413025,0.0,657600
1988-12-05,0.2972787618637085,0.29727876186370844,0.2890779718849613,0.0,48000
1988-12-06,0.3013794422149658,0.3013794422149659,0.29932911764479964,0.0,30400
1988-12-07,0.3034293055534363,0.3034293055534363,0.30137923267709604,0.0,59200
1988-12-08,0.3157307803630829,0.3157307803630829,0.3013795063899396,0.0,116800
1988-12-09,0.3259817361831665,0.32598173618316656,0.3157306169908183,0.0,268800
1988-12-12,0.31983092427253723,0.32803171720260227,0.3177808511741904,0.0,83200
1988-12-13,0.3157307803630829,0.31778110536984,0.3157307803630829,0.0,100800
1988-12-14,0.3116302788257599,0.315730677231362,0.3095802047571875,0.0,147200
1988-12-15,0.3116302788257599,0.3116302788257599,0.3095802047571875,0.0,9600
1988-12-16,0.3136804401874542,0.3136804401874542,0.3136804401874542,0.0,49600
1988-12-19,0.31705689430236816,0.3191158309641828,0.31705689430236816,0.0,32000
1988-12-20,0.31705689430236816,0.31705689430236816,0.31705689430236816,0.0,4800
1988-12-21,0.32529202103614807,0.3273509569556764,0.3191157159167866,0.0,78400
1988-12-22,0.32735106348991394,0.32735106348991394,0.32735106348991394,0.0,20800
1988-12-23,0.32529202103614807,0.32529202103614807,0.32529202103614807,0.0,8000
1988-12-27,0.32735106348991394,0.32735106348991394,0.3252921269003183,0.0,36800
1988-12-28,0.3294098377227783,0.3294098377227783,0.3273511518968917,0.0,68800
1988-12-29,0.32117438316345215,0.3294096237573868,0.3191156986747676,0.0,94400
1988-12-30,0.32117438316345215,0.32117438316345215,0.3170567628664848,0.0,44800
1989-01-03,0.314998060464859,0.3211743648992841,0.31293912477366137,0.0,81600
1989-01-04,0.3294098377227783,0.3294098377227783,0.3191159059538222,0.0,121600
1989-01-05,0.3294098377227783,0.3294098377227783,0.3294098377227783,0.0,28800
1989-01-06,0.33558642864227295,0.33558642864227295,0.3314688052927959,0.0,75200
1989-01-09,0.35411563515663147,0.35411563515663147,0.3376451404981835,0.0,280000
1989-01-10,0.3561742901802063,0.3561742901802063,0.3520566697811265,0.0,140800
1989-01-11,0.35411563515663147,0.35617457264883934,0.35205694898422735,0.0,60800
1989-01-12,0.35205695033073425,0.35617457401109487,0.35205695033073425,0.0,94400
1989-01-13,0.35823294520378113,0.3582329452037811,0.35205664077385257,0.0,507200
1989-01-16,0.3767626881599426,0.3788213743169818,0.36440981725830196,0.0,324800
1989-01-17,0.40352675318717957,0.40352675318717957,0.38499758915980103,0.0,323200
1989-01-18,0.4199977219104767,0.42411534663508915,0.4035272230120266,0.0,531200
1989-01-19,0.4097035527229309,0.41999748301942663,0.40764461587179646,0.0,299200
1989-01-20,0.4076443314552307,0.4158795704745283,0.4055856473601814,0.0,192000
1989-01-23,0.4076443314552307,0.40970326686983016,0.4076443314552307,0.0,32000
1989-01-24,0.397350549697876,0.4035268554997877,0.39529161355081244,0.0,222400
1989-01-25,0.39940929412841797,0.4014682305827329,0.3952916725394652,0.0,38400
1989-01-26,0.4055856168270111,0.4055856168270111,0.3973503784276762,0.0,84800
1989-01-27,0.4055856168270111,0.4117619199667467,0.40146799762734364,0.0,225600
1989-01-30,0.4076443314552307,0.40970326686983016,0.4076443314552307,0.0,17600
1989-01-31,0.4076443314552307,0.4076443314552307,0.4035267119455819,0.0,46400
1989-02-01,0.4076443314552307,0.40970326686983016,0.4055856473601814,0.0,60800
1989-02-02,0.41176214814186096,0.411762148141861,0.4076445266604424,0.0,153600
1989-02-03,0.41176214814186096,0.411762148141861,0.4076445266604424,0.0,49600
1989-02-06,0.4138212502002716,0.4199975592350187,0.4138212502002716,0.0,97600
1989-02-07,0.4138212502002716,0.4199975592350187,0.4138212502002716,0.0,67200
1989-02-08,0.422056645154953,0.422056645154953,0.4117624580439251,0.0,137600
1989-02-09,0.41793861985206604,0.4220562404845021,0.4179386198520661,0.0,51200
1989-02-10,0.41176214814186096,0.4158797696232796,0.411762148141861,0.0,116800
1989-02-13,0.41587960720062256,0.4158796072006225,0.405585683177225,0.0,150400
1989-02-14,0.422056645154953,0.422056645154953,0.41793902057451376,0.0,65600
1989-02-15,0.42411497235298157,0.42411497235298157,0.42205628746740204,0.0,20800
1989-02-16,0.422056645154953,0.42411533178524286,0.422056645154953,0.0,11200
1989-02-17,0.422056645154953,0.42411533178524286,0.422056645154953,0.0,164800
1989-02-21,0.5805845856666565,0.5867611430888936,0.4941145409928991,0.0,1100800
1989-02-22,0.6361724138259888,0.6423487181483951,0.6114666938972043,0.0,1134400
1989-02-23,0.625878632068634,0.636172814177,0.5929376514334427,0.0,1076800
1989-02-24,0.6217610239982605,0.6258786466737457,0.609408155971805,0.0,275200
1989-02-27,0.6114670038223267,0.6176433112752255,0.6032317596719903,0.0,208000
1989-02-28,0.6217610239982605,0.6217610239982605,0.6073494702939342,0.0,268800
1989-03-01,0.6217610239982605,0.6258786466737457,0.6176434013227754,0.0,182400
1989-03-02,0.625878632068634,0.6299962546480329,0.6238199464388033,0.0,264000
1989-03-03,0.625878632068634,0.6299962546480329,0.6238199464388033,0.0,251200
1989-03-06,0.6341137886047363,0.6341137886047363,0.6238198592547703,0.0,179200
1989-03-07,0.6361724138259888,0.6505839581246566,0.6361724138259888,0.0,185600
1989-03-08,0.6279374361038208,0.6423489864213814,0.6279374361038208,0.0,228800
1989-03-09,0.6299957036972046,0.6341133226756177,0.6258780847187916,0.0,169600
1989-03-10,0.6382314562797546,0.6382314562797546,0.6299962116825965,0.0,60800
1989-03-13,0.6382314562797546,0.6423490785783337,0.6382314562797546,0.0,80000
1989-03-14,0.6279374361038208,0.6341137430057227,0.6279374361038208,0.0,129600
1989-03-15,0.6217610239982605,0.6299962693492309,0.6217610239982605,0.0,126400
1989-03-16,0.6197019815444946,0.6238196018493763,0.6197019815444946,0.0,75200
1989-03-17,0.6148332357406616,0.6189596332959681,0.6107068381853552,0.0,142400
1989-03-20,0.616896390914917,0.616896390914917,0.6127699944935974,0.0,184000
1989-03-21,0.6107063293457031,0.6148327234629037,0.6107063293457031,0.0,76800
1989-03-22,0.6045171618461609,0.610706630142966,0.6045171618461609,0.0,388800
1989-03-23,0.6024540662765503,0.6024540662765502,0.6024540662765502,0.0,44800
1989-03-27,0.5921378135681152,0.6024536752300886,0.5921378135681152,0.0,72000
1989-03-28,0.6065800786018372,0.6065800786018372,0.596264216798098,0.0,401600
1989-03-29,0.6107063293457031,0.6127696523318583,0.6065799352285024,0.0,88000
1989-03-30,0.6127697825431824,0.614832854112623,0.6127697825431824,0.0,20800
1989-03-31,0.6189590692520142,0.6230854630470275,0.612769604487039,0.0,179200
1989-04-03,0.6210225820541382,0.6230856536552143,0.618959258597895,0.0,336000
1989-04-04,0.62721186876297,0.6272118687629701,0.6230854748895295,0.0,208000
1989-04-05,0.62721186876297,0.6272118687629701,0.6272118687629701,0.0,33600
1989-04-06,0.6230857372283936,0.6272121328391776,0.6230857372283937,0.0,102400
1989-04-07,0.6313387155532837,0.6313387155532837,0.6313387155532837,0.0,24000
1989-04-10,0.6313387155532837,0.6334020398977622,0.6292756430640806,0.0,105600
1989-04-11,0.6334021687507629,0.635465241659657,0.6313388439865423,0.0,108800
1989-04-12,0.6354649662971497,0.6354649662971497,0.6313385704121033,0.0,155200
1989-04-13,0.6292753219604492,0.637528111416618,0.6292753219604492,0.0,264000
1989-04-14,0.6292753219604492,0.6313383933969179,0.6292753219604492,0.0,337600
1989-04-17,0.6334021687507629,0.6334021687507629,0.6313388439865423,0.0,32000
1989-04-18,0.6313387155532837,0.6313387155532837,0.627212318719602,0.0,30400
1989-04-19,0.6210225820541382,0.6272120487125337,0.6168961869968189,0.0,57600
1989-04-20,0.6230857372283936,0.6272121328391776,0.621022665350602,0.0,91200
1989-04-21,0.62721186876297,0.6272118687629701,0.6210224038803566,0.0,32000
1989-04-24,0.62721186876297,0.6272118687629701,0.6251487977537972,0.0,32000
1989-04-25,0.62721186876297,0.6272118687629701,0.6272118687629701,0.0,96000
1989-04-26,0.6354649662971497,0.6354649662971497,0.6313385704121033,0.0,43200
1989-04-27,0.6684761047363281,0.676728896152826,0.6395913347785855,0.0,364800
1989-04-28,0.6767287850379944,0.6767287850379944,0.6684759949765554,0.0,188800
1989-05-01,0.6478439569473267,0.6726023247287531,0.6478439569473267,0.0,174400
1989-05-02,0.5611896514892578,0.577695229474236,0.513736240710012,0.0,1427200
1989-05-03,0.5508736371994019,0.5632528172279833,0.5364311345718591,0.0,436800
1989-05-04,0.555000364780426,0.5570634367667701,0.548810645110966,0.0,184000
1989-05-05,0.5611896514892578,0.5611896514892578,0.5529368624967688,0.0,52800
1989-05-08,0.5632532238960266,0.5694426924515738,0.5591268275739137,0.0,80000
1989-05-09,0.5570632815361023,0.563252999480742,0.5550002101246516,0.0,96000
1989-05-10,0.5529369115829468,0.5653160961706247,0.5529369115829468,0.0,96000
1989-05-11,0.5529369115829468,0.5529369115829468,0.5529369115829468,0.0,25600
1989-05-12,0.555000364780426,0.561189832594672,0.548810645110966,0.0,107200
1989-05-15,0.5529369115829468,0.5570633064455062,0.5529369115829468,0.0,40000
1989-05-16,0.5446840524673462,0.5508737699002185,0.5446840524673462,0.0,96000
1989-05-17,0.5281789898872375,0.542621510069651,0.5240525915287435,0.0,464000
1989-05-18,0.511673092842102,0.5219892085447541,0.5054836249046862,0.0,444800
1989-05-19,0.5054834485054016,0.5116729142828707,0.5054834485054016,0.0,265600
1989-05-22,0.511673092842102,0.515799488752119,0.5054836249046862,0.0,294400
1989-05-23,0.5075467824935913,0.5137365033296806,0.5075467824935913,0.0,108800
1989-05-24,0.5096099376678467,0.5096099376678467,0.5054835424310834,0.0,96000
1989-05-25,0.5137364268302917,0.5137364268302917,0.5116731029070866,0.0,32000
1989-05-26,0.5199258327484131,0.5240522282464163,0.5116730417524065,0.0,302400
1989-05-30,0.5488104820251465,0.5488104820251465,0.5219890430417127,0.0,299200
1989-05-31,0.5446840524673462,0.5508737699002185,0.5446840524673462,0.0,70400
1989-06-01,0.5467479228973389,0.5467479228973389,0.540558199268108,0.0,110400
1989-06-02,0.5529369115829468,0.5529369115829468,0.5446841218578282,0.0,105600
1989-06-05,0.5446840524673462,0.5529368411410939,0.5446840524673462,0.0,153600
1989-06-06,0.538494884967804,0.5405579573506715,0.5323051641086765,0.0,120000
1989-06-07,0.5508736371994019,0.5529367079433009,0.5426208505136809,0.0,113600
1989-06-08,0.5673794150352478,0.5694424865226082,0.5570633020329864,0.0,348800
1989-06-09,0.5673794150352478,0.5756322046949958,0.5653160916927342,0.0,206400
1989-06-12,0.5653162598609924,0.5735690519757514,0.5653162598609924,0.0,134400
1989-06-13,0.5653162598609924,0.5653162598609924,0.5611898638036129,0.0,41600
1989-06-14,0.5653162598609924,0.5776954480331309,0.5653162598609924,0.0,254400
1989-06-15,0.5653162598609924,0.5673795838172963,0.5591267917025372,0.0,372800
1989-06-16,0.577695369720459,0.577695369720459,0.5673795069030477,0.0,244800
1989-06-19,0.5838847756385803,0.5942006329214935,0.5818214530689625,0.0,238400
1989-06-20,0.5917471051216125,0.5917471051216125,0.585540093939837,0.0,480000
1989-06-21,0.597954511642456,0.597954511642456,0.5876091537773045,0.0,172800
1989-06-22,0.6103689670562744,0.6165759815252827,0.6000236061823221,0.0,80000
1989-06-23,0.6165758371353149,0.6165758371353149,0.612437744268635,0.0,121600
1989-06-26,0.6351977586746216,0.6351977586746216,0.6186453773745572,0.0,206400
1989-06-27,0.6331283450126648,0.6331283450126648,0.6269213306598853,0.0,136000
1989-06-28,0.6227830052375793,0.6289900172814622,0.6186449130186223,0.0,51200
1989-06-29,0.5958853960037231,0.622783126969024,0.5814021966909877,0.0,598400
1989-06-30,0.5814023017883301,0.5917474099432981,0.5772642080125029,0.0,225600
1989-07-03,0.585540235042572,0.585540235042572,0.5814021424011726,0.0,57600
1989-07-05,0.5751944184303284,0.5876086864540045,0.5751944184303284,0.0,160000
1989-07-06,0.5710566639900208,0.5751947557580643,0.5710566639900208,0.0,84800
1989-07-07,0.5710566639900208,0.5710566639900208,0.5689877443905378,0.0,59200
1989-07-10,0.5710566639900208,0.5731258361585814,0.5710566639900208,0.0,140800
1989-07-11,0.5751944184303284,0.5751944184303284,0.571056329089103,0.0,75200
1989-07-12,0.5545042157173157,0.5772638433932183,0.5545042157173157,0.0,6552000
1989-07-13,0.564849853515625,0.564849853515625,0.5524355737962615,0.0,342400
1989-07-14,0.5710566639900208,0.5710566639900208,0.5627804804539335,0.0,179200
1989-07-17,0.5669188499450684,0.5689880231272788,0.5669188499450684,0.0,1326400
1989-07-18,0.5751944184303284,0.5793325077715538,0.571056329089103,0.0,3475200
1989-07-19,0.6082996129989624,0.6124377056043975,0.5751948721554814,0.0,832000
1989-07-20,0.6207140684127808,0.6248521622021993,0.6062308664344164,0.0,236800
1989-07-21,0.6227830052375793,0.6227830052375793,0.6207138328435482,0.0,22400
1989-07-24,0.6372664570808411,0.6414045509579893,0.6165759876950994,0.0,1009600
1989-07-25,0.6269210577011108,0.6372661613079287,0.6269210577011108,0.0,1622400
1989-07-26,0.6269210577011108,0.6289899773948388,0.6248518854382937,0.0,139200
1989-07-27,0.6353549957275391,0.6409776063091988,0.6297323851458795,0.0,121600
1989-07-28,0.6325436234474182,0.6353547560895098,0.6325436234474182,0.0,40000
1989-07-31,0.6156760454177856,0.6325438775774931,0.6128645684693724,0.0,185600
1989-08-01,0.6156760454177856,0.618487179189275,0.6128645684693724,0.0,40000
1989-08-02,0.6212989091873169,0.6212989091873169,0.6128648180838694,0.0,86400
1989-08-03,0.6325436234474182,0.6409773645504789,0.6241095391675715,0.0,334400
1989-08-04,0.6297324299812317,0.6297324299812317,0.626921296078714,0.0,24000
1989-08-07,0.6269210577011108,0.632543666545171,0.6269210577011108,0.0,80000
1989-08-08,0.6212989091873169,0.6269215221972606,0.6156762961773731,0.0,171200
1989-08-09,0.6212989091873169,0.6212989091873169,0.6184874310938132,0.0,20800
1989-08-10,0.6156760454177856,0.618487179189275,0.6156760454177856,0.0,22400
1989-08-11,0.6212989091873169,0.6269215221972606,0.6184874310938132,0.0,84800
1989-08-14,0.6212989091873169,0.6212989091873169,0.6212989091873169,0.0,12800
1989-08-15,0.6184870004653931,0.6184870004653931,0.6184870004653931,0.0,17600
1989-08-16,0.6184870004653931,0.6184870004653931,0.6128643913702532,0.0,104000
1989-08-17,0.6128641963005066,0.615675671541619,0.6128641963005066,0.0,41600
1989-08-18,0.6128641963005066,0.6128641963005066,0.6072415889949974,0.0,121600
1989-08-21,0.60161954164505,0.6156762445804144,0.60161954164505,0.0,121600
1989-08-22,0.6044307351112366,0.6072418684694175,0.6044307351112366,0.0,56000
1989-08-23,0.6072416305541992,0.6072416305541992,0.6044304982974104,0.0,19200
1989-08-24,0.6072416305541992,0.610053105987727,0.6072416305541992,0.0,12800
1989-08-25,0.6072416305541992,0.610053105987727,0.6072416305541992,0.0,67200
1989-08-28,0.6072416305541992,0.6072416305541992,0.6072416305541992,0.0,148800
1989-08-29,0.6072416305541992,0.6072416305541992,0.6072416305541992,0.0,134400
1989-08-30,0.6044307351112366,0.6072418684694175,0.6044307351112366,0.0,19200
1989-08-31,0.6297324299812317,0.6297324299812317,0.6072419860533306,0.0,56000
1989-09-01,0.6381663680076599,0.640977501249271,0.6353548915891897,0.0,73600
1989-09-05,0.6494117975234985,0.6494117975234985,0.6437891860435417,0.0,54400
1989-09-06,0.6437892317771912,0.6494118436565685,0.6437892317771912,0.0,534400
1989-09-07,0.6494117975234985,0.6494117975234985,0.6494117975234985,0.0,12800
1989-09-08,0.6550342440605164,0.6578453775041434,0.6522227674400054,0.0,89600
1989-09-11,0.6522231101989746,0.6522231101989746,0.6522231101989746,0.0,33600
1989-09-12,0.6606568098068237,0.6634679430618758,0.6578453333749108,0.0,108800
1989-09-13,0.6578451991081238,0.660656674966212,0.6578451991081238,0.0,12800
1989-09-14,0.6550342440605164,0.6550342440605164,0.6550342440605164,0.0,30400
1989-09-15,0.6606568098068237,0.6606568098068237,0.6606568098068237,0.0,12800
1989-09-18,0.6578451991081238,0.6578451991081238,0.6578451991081238,0.0,11200
1989-09-19,0.6550342440605164,0.6550342440605164,0.6550342440605164,0.0,11200
1989-09-20,0.6550342440605164,0.6578453775041434,0.6550342440605164,0.0,9600
1989-09-21,0.6634681224822998,0.6634681224822998,0.6550343772595609,0.0,14400
1989-09-22,0.6803361773490906,0.6803361773490906,0.6690909512772047,0.0,49600
1989-09-25,0.6887699365615845,0.6887699365615845,0.6859584598099789,0.0,25600
1989-09-26,0.7253168225288391,0.7253168225288391,0.6859585453373517,0.0,547200
1989-09-27,0.7253168225288391,0.7309394335561944,0.7253168225288391,0.0,312000
1989-09-28,0.7196941375732422,0.7225056143865913,0.7196941375732422,0.0,54400
1989-09-29,0.7309398651123047,0.7309398651123047,0.7196946364182693,0.0,243200
1989-10-02,0.7331957817077637,0.7331957817077637,0.730375970050115,0.0,281600
1989-10-03,0.7416555881500244,0.7416555881500244,0.7360156230090971,0.0,12800
1989-10-04,0.7444756627082825,0.7444756627082825,0.7444756627082825,0.0,1600
1989-10-05,0.7557554244995117,0.7557554244995117,0.7444754927905638,0.0,67200
1989-10-06,0.761395275592804,0.761395275592804,0.7557553105884128,0.0,28800
1989-10-09,0.7670354247093201,0.7670354247093201,0.7613954583511633,0.0,78400
1989-10-10,0.7698551416397095,0.7783149142417122,0.7698551416397096,0.0,113600
1989-10-11,0.761395275592804,0.7726752056015862,0.761395275592804,0.0,49600
1989-10-12,0.761395275592804,0.761395275592804,0.758575465208681,0.0,4800
1989-10-13,0.713455319404602,0.7585750125136381,0.7106351664673174,0.0,155200
1989-10-16,0.6908959150314331,0.6908959150314331,0.6542359687995832,0.0,537600
1989-10-17,0.7021757364273071,0.707815700799269,0.6852558433114215,0.0,214400
1989-10-18,0.7078157663345337,0.7078157663345337,0.7049956117693869,0.0,17600
1989-10-19,0.7444756627082825,0.7444756627082825,0.710635859857906,0.0,105600
1989-10-20,0.7472950220108032,0.7472950220108031,0.7444748693272153,0.0,43200
1989-10-23,0.7472950220108032,0.7472950220108031,0.7472950220108031,0.0,24000
1989-10-24,0.7388350963592529,0.7416552497610651,0.733195133791625,0.0,48000
1989-10-25,0.7360154390335083,0.7360154390335083,0.7303754753023552,0.0,51200
1989-10-26,0.7247354388237,0.7331952114532206,0.721915285123171,0.0,36800
1989-10-27,0.7219153046607971,0.7219153046607971,0.719095495119987,0.0,19200
1989-10-30,0.7162757515907288,0.7219157181386873,0.7162757515907288,0.0,120000
1989-10-31,0.7472950220108032,0.7472950220108031,0.7190952163544693,0.0,731200
1989-11-01,0.7444756627082825,0.7444756627082825,0.7444756627082825,0.0,8000
1989-11-02,0.7331957817077637,0.7472958727049095,0.7331957817077637,0.0,100800
1989-11-03,0.7331957817077637,0.7331957817077637,0.7331957817077637,0.7331957817077637,0
1989-11-06,0.7331957817077637,0.7331957817077637,0.7331957817077637,0.0,8000
1989-11-07,0.7331957817077637,0.7331957817077637,0.7331957817077637,0.0,81600
1989-11-08,0.7275555729866028,0.7275555729866028,0.7275555729866028,0.0,22400
1989-11-09,0.6993554830551147,0.7219153373472152,0.6993554830551147,0.0,188800
1989-11-10,0.6937156915664673,0.6965358461705815,0.6937156915664673,0.0,33600
1989-11-13,0.6993554830551147,0.6993554830551147,0.6880755559090646,0.0,225600
1989-11-14,0.7106356024742126,0.721915532672216,0.7049956373752109,0.0,195200
1989-11-15,0.7049951553344727,0.7106351165771484,0.7049951553344727,0.0,40000
1989-11-16,0.7049951553344727,0.7049951553344727,0.6965353855884168,0.0,126400
1989-11-17,0.7021757364273071,0.7049955464952348,0.7021757364273071,0.0,32000
1989-11-20,0.6824358105659485,0.7021758615020558,0.6824358105659485,0.0,70400
1989-11-21,0.6542361378669739,0.6796161601609725,0.6485961711612241,0.0,163200
1989-11-22,0.6485960483551025,0.6485960483551025,0.6485960483551025,0.0,25600
1989-11-24,0.637316107749939,0.6485960388605574,0.637316107749939,0.0,35200
1989-11-27,0.6260361075401306,0.6373160374057185,0.6260361075401306,0.0,43200
1989-11-28,0.6203958988189697,0.6232160522952406,0.6203958988189697,0.0,75200
1989-11-29,0.6203958988189697,0.6260358615355058,0.6147559361024336,0.0,75200
1989-11-30,0.6175764799118042,0.620396290934303,0.6147563246530822,0.0,131200
1989-12-01,0.6203958988189697,0.6232160522952406,0.6175760895787045,0.0,27200
1989-12-04,0.6260361075401306,0.6260361075401306,0.6175763322590101,0.0,32000
1989-12-05,0.6429560780525208,0.6429560780525208,0.6288563361782316,0.0,505600
1989-12-06,0.6514158844947815,0.6514158844947815,0.6485957309379132,0.0,104000
1989-12-07,0.6514158844947815,0.6514158844947815,0.6514158844947815,0.0,16000
1989-12-08,0.6485960483551025,0.6514162032921298,0.6485960483551025,0.0,224000
1989-12-11,0.6485960483551025,0.6485960483551025,0.6485960483551025,0.0,164800
1989-12-12,0.6457762122154236,0.648596022805187,0.6457762122154236,0.0,238400
1989-12-13,0.6344959139823914,0.6401358761322972,0.6344959139823914,0.0,52800
1989-12-14,0.6260361075401306,0.6344962270573921,0.623216297191804,0.0,60800
1989-12-15,0.6175764799118042,0.626036257215524,0.6175764799118042,0.0,46400
1989-12-18,0.6062963008880615,0.6147560747528573,0.6062963008880615,0.0,32000
1989-12-19,0.5978363752365112,0.6034763410406292,0.5978363752365112,0.0,68800
1989-12-20,0.5978363752365112,0.5978363752365112,0.5978363752365112,0.0,44800
1989-12-21,0.5837363600730896,0.5837363600730896,0.5752762432021009,0.0,598400
1989-12-22,0.5916629433631897,0.5916629433631897,0.5775081588411004,0.0,169600
1989-12-26,0.5831701159477234,0.5860012116264947,0.5831701159477234,0.0,24000
1989-12-27,0.5775083899497986,0.5831702369100907,0.5775083899497986,0.0,115200
1989-12-28,0.5888319611549377,0.5888319611549377,0.5718464238139299,0.0,532800
1989-12-29,0.5860013365745544,0.5888320872852602,0.5860013365745544,0.0,310400
1990-01-02,0.5888319611549377,0.5888319611549377,0.5860012110505907,0.0,59200
1990-01-03,0.5888319611549377,0.5888319611549377,0.5888319611549377,0.0,120000
1990-01-04,0.5916629433631897,0.5944936929246621,0.5888318482301416,0.0,38400
1990-01-05,0.6001555323600769,0.6001555323600769,0.5916629381785037,0.0,20800
1990-01-08,0.5973248481750488,0.5973248481750488,0.5973248481750488,0.0,12800
1990-01-09,0.5944940447807312,0.5973251415893867,0.5944940447807312,0.0,51200
1990-01-10,0.6001555323600769,0.6001555323600769,0.5973247828234101,0.0,40000
1990-01-11,0.6341266632080078,0.6341266632080078,0.6114792823791504,0.0,118400
1990-01-12,0.6228028535842896,0.628464697707783,0.6228028535842896,0.0,59200
1990-01-15,0.619972288608551,0.6228030387260295,0.619972288608551,0.0,8000
1990-01-16,0.6086485385894775,0.6199722291160574,0.6001555979087374,0.0,200000
1990-01-17,0.6114794015884399,0.6114794015884399,0.6058175552774359,0.0,43200
1990-01-18,0.6114794015884399,0.6114794015884399,0.6114794015884399,0.0,4800
1990-01-19,0.6001555323600769,0.6058173770049833,0.6001555323600769,0.0,59200
1990-01-22,0.6029864549636841,0.6029864549636841,0.597324611938539,0.0,38400
1990-01-23,0.6001555323600769,0.6001555323600769,0.6001555323600769,0.0,4800
1990-01-24,0.5888319611549377,0.5973249026112626,0.5831701153746017,0.0,91200
1990-01-25,0.5888319611549377,0.5888319611549377,0.5831701153746017,0.0,32000
1990-01-26,0.5775083899497986,0.5860013331760937,0.5775083899497986,0.0,75200
1990-01-29,0.5746774077415466,0.5746774077415466,0.5746774077415466,0.0,3200
1990-01-30,0.5718464255332947,0.5718464255332947,0.5718464255332947,0.0,24000
1990-01-31,0.5350445508956909,0.566184527100408,0.5293827056246868,0.0,268800
1990-02-01,0.5435370206832886,0.5435370206832886,0.5322133327523868,0.0,46400
1990-02-02,0.5435370206832886,0.5435370206832886,0.5350444275208778,0.0,52800
1990-02-05,0.5463683009147644,0.5463683009147644,0.5435372051852669,0.0,36800
1990-02-06,0.5435370206832886,0.5435370206832886,0.5435370206832886,0.0,32000
1990-02-07,0.5463683009147644,0.5463683009147644,0.5463683009147644,0.0,16000
1990-02-08,0.5463683009147644,0.5463683009147644,0.5463683009147644,0.5463683009147644,0
1990-02-09,0.5463683009147644,0.5463683009147644,0.5463683009147644,0.5463683009147644,0
1990-02-12,0.5548609495162964,0.5548609495162964,0.5435372566690251,0.0,89600
1990-02-13,0.5775083899497986,0.5775083899497986,0.5605228490689221,0.0,57600
1990-02-14,0.5831701159477234,0.5831701159477234,0.5831701159477234,0.0,8000
1990-02-15,0.5973248481750488,0.5973248481750488,0.5888319074927141,0.0,57600
1990-02-16,0.6001555323600769,0.6058173770049833,0.6001555323600769,0.0,148800
1990-02-20,0.5944940447807312,0.5973251415893867,0.5944940447807312,0.0,116800
1990-02-21,0.5944940447807312,0.5973251415893867,0.5944940447807312,0.0,17600
1990-02-22,0.5888319611549377,0.5888319611549377,0.5888319611549377,0.0,14400
1990-02-23,0.5775083899497986,0.5831702369100907,0.5775083899497986,0.0,56000
1990-02-26,0.5718464255332947,0.5718464255332947,0.5718464255332947,0.0,16000
1990-02-27,0.5718464255332947,0.5718464255332947,0.5718464255332947,0.0,1600
1990-02-28,0.5576922297477722,0.5690159263358305,0.5576922297477722,0.0,54400
1990-03-01,0.5520300269126892,0.5548607764557585,0.5520300269126892,0.0,9600
1990-03-02,0.549199104309082,0.549199104309082,0.549199104309082,0.0,3200
1990-03-05,0.5378750562667847,0.5435368989643298,0.5378750562667847,0.0,25600
1990-03-06,0.5350445508956909,0.5350445508956909,0.5350445508956909,0.0,48000
1990-03-07,0.5293827056884766,0.5350445509601629,0.5293827056884766,0.0,38400
1990-03-08,0.5293827056884766,0.5293827056884766,0.5293827056884766,0.5293827056884766,0
1990-03-09,0.5322135090827942,0.5350446047892702,0.5322135090827942,0.0,38400
1990-03-12,0.5293827056884766,0.5293827056884766,0.5293827056884766,0.0,1600
1990-03-13,0.5123973488807678,0.5152280997197357,0.5123973488807678,0.0,344000
1990-03-14,0.5180589556694031,0.5180589556694031,0.5123971110477241,0.0,12800
1990-03-15,0.5180589556694031,0.5180589556694031,0.5180589556694031,0.5180589556694031,0
1990-03-16,0.5435370206832886,0.5491988646487396,0.515227800856034,0.0,1051200
1990-03-19,0.5401259064674377,0.5401259064674377,0.5372833120474464,0.0,208000
1990-03-20,0.54296875,0.545811343907431,0.5344402742426929,0.0,32000
1990-03-21,0.54296875,0.54296875,0.54296875,0.0,1600
1990-03-22,0.5514967441558838,0.5514967441558838,0.5486541509421419,0.0,16000
1990-03-23,0.5514967441558838,0.5514967441558838,0.5514967441558838,0.5514967441558838,0
1990-03-26,0.5514967441558838,0.5514967441558838,0.5486541509421419,0.0,17600
1990-03-27,0.5514967441558838,0.5514967441558838,0.5514967441558838,0.0,12800
1990-03-28,0.5514967441558838,0.5514967441558838,0.5514967441558838,0.0,6400
1990-03-29,0.5571823120117188,0.5571823120117188,0.5571823120117188,0.0,8000
1990-03-30,0.5657110214233398,0.5657110214233398,0.5571825436746282,0.0,78400
1990-04-02,0.5657110214233398,0.5657110214233398,0.5628680798345733,0.0,4800
1990-04-03,0.5742384195327759,0.5742384195327759,0.5713958285882159,0.0,209600
1990-04-04,0.5827671885490417,0.5884527204030943,0.579924249113353,0.0,211200
1990-04-05,0.5799248218536377,0.5799248218536377,0.5799248218536377,0.0,4800
1990-04-06,0.5941386818885803,0.5998242178539371,0.5912957403971139,0.0,84800
1990-04-09,0.6083522439002991,0.6140377788900215,0.5998241149244736,0.0,67200
1990-04-10,0.6111952066421509,0.6140378007293558,0.6111952066421509,0.0,25600
1990-04-11,0.6168802380561829,0.6225657686050083,0.6168802380561829,0.0,24000
1990-04-12,0.6168802380561829,0.6168802380561829,0.6168802380561829,0.0,41600
1990-04-16,0.6140379905700684,0.6168809325537478,0.6140379905700684,0.0,94400
1990-04-17,0.6083522439002991,0.6140377788900215,0.6083522439002991,0.0,24000
1990-04-18,0.5941386818885803,0.6083523482931844,0.5912957403971139,0.0,292800
1990-04-19,0.5912957191467285,0.5912957191467285,0.5912957191467285,0.0,1600
1990-04-20,0.5884528756141663,0.5884528756141663,0.5884528756141663,0.0,3200
1990-04-23,0.5884528756141663,0.5884528756141663,0.5884528756141663,0.5884528756141663,0
1990-04-24,0.5742384195327759,0.5827668864007461,0.5742384195327759,0.0,54400
1990-04-25,0.5685540437698364,0.5685540437698364,0.5685540437698364,0.0,8000
1990-04-26,0.5742384195327759,0.5742384195327759,0.5742384195327759,0.0,22400
1990-04-27,0.5713966488838196,0.5713966488838196,0.5713966488838196,0.0,3200
1990-04-30,0.5685540437698364,0.5685540437698364,0.5685540437698364,0.0,20800
1990-05-01,0.5685540437698364,0.5685540437698364,0.5685540437698364,0.5685540437698364,0
1990-05-02,0.5685540437698364,0.5685540437698364,0.5685540437698364,0.0,1600
1990-05-03,0.5685540437698364,0.5685540437698364,0.5685540437698364,0.5685540437698364,0
1990-05-04,0.5685540437698364,0.5685540437698364,0.5685540437698364,0.0,38400
1990-05-07,0.5600253939628601,0.5657109291958966,0.5600253939628601,0.0,24000
1990-05-08,0.5600253939628601,0.5600253939628601,0.5571824528375763,0.0,19200
1990-05-09,0.5571823120117188,0.5571823120117188,0.5571823120117188,0.0,323200
1990-05-10,0.5628679990768433,0.5628679990768433,0.560025404913507,0.0,8000
1990-05-11,0.5657110214233398,0.5657110214233398,0.5657110214233398,0.0,11200
1990-05-14,0.5657110214233398,0.5713965575832851,0.5657110214233398,0.0,24000
1990-05-15,0.5628679990768433,0.5628679990768433,0.5628679990768433,0.0,24000
1990-05-16,0.5657110214233398,0.5657110214233398,0.5657110214233398,0.0,166400
1990-05-17,0.5628679990768433,0.5628679990768433,0.5628679990768433,0.0,16000
1990-05-18,0.5685540437698364,0.5685540437698364,0.562868503332138,0.0,216000
1990-05-21,0.5628679990768433,0.5628679990768433,0.5628679990768433,0.0,12800
1990-05-22,0.5657110214233398,0.5685536159945185,0.5657110214233398,0.0,9600
1990-05-23,0.5685540437698364,0.5685540437698364,0.562868503332138,0.0,75200
1990-05-24,0.5799248218536377,0.5799248218536377,0.5742392843844843,0.0,32000
1990-05-25,0.5912957191467285,0.5912957191467285,0.5856101833857023,0.0,32000
1990-05-29,0.5912957191467285,0.5912957191467285,0.5827675890139709,0.0,43200
1990-05-30,0.5912957191467285,0.5912957191467285,0.5912957191467285,0.0,1600
1990-05-31,0.5856102705001831,0.5941387489191876,0.5856102705001831,0.0,27200
1990-06-01,0.5884528756141663,0.5912954687822959,0.5856099354286199,0.0,51200
1990-06-04,0.5856102705001831,0.5856102705001831,0.5856102705001831,0.0,4800
1990-06-05,0.5685540437698364,0.5856106650829315,0.562868503332138,0.0,249600
1990-06-06,0.5685540437698364,0.57139698749761,0.5685540437698364,0.0,48000
1990-06-07,0.5685540437698364,0.5685540437698364,0.5685540437698364,0.0,8000
1990-06-08,0.5571823120117188,0.5685533796037946,0.5571823120117188,0.0,241600
1990-06-11,0.5571823120117188,0.5571823120117188,0.5571823120117188,0.0,9600
1990-06-12,0.5770820379257202,0.5770820379257202,0.5628680253918952,0.0,83200
1990-06-13,0.5912957191467285,0.5941386605360234,0.5770820532529447,0.0,120000
1990-06-14,0.5912957191467285,0.5969812549077547,0.5912957191467285,0.0,52800
1990-06-15,0.6083522439002991,0.6083522439002991,0.5969811739208543,0.0,49600
1990-06-18,0.6077820062637329,0.6106352679353045,0.6077820062637329,0.0,27200
1990-06-19,0.599220871925354,0.6106346028191703,0.599220871925354,0.0,81600
1990-06-20,0.599220871925354,0.6049277373722621,0.599220871925354,0.0,70400
1990-06-21,0.6277557015419006,0.6277557015419006,0.5992213514718143,0.0,150400
1990-06-22,0.6334627270698547,0.6334627270698547,0.627755855654811,0.0,54400
1990-06-25,0.6334627270698547,0.6334627270698547,0.6334627270698547,0.0,4800
1990-06-26,0.6191950440406799,0.6334620327814598,0.6191950440406799,0.0,52800
1990-06-27,0.6249023675918579,0.6249023675918579,0.6191954982454467,0.0,28800
1990-06-28,0.6191950440406799,0.6220483024610731,0.6191950440406799,0.0,11200
1990-06-29,0.6306094527244568,0.6306094527244568,0.6220489716157258,0.0,86400
1990-07-02,0.6277557015419006,0.6306093107087608,0.6277557015419006,0.0,137600
1990-07-03,0.6334627270698547,0.6334627270698547,0.6249025941071833,0.0,180800
1990-07-05,0.6448763608932495,0.6448763608932495,0.6420230998279229,0.0,40000
1990-07-06,0.6562902331352234,0.6562902331352234,0.6505833615427432,0.0,41600
1990-07-09,0.6677035689353943,0.6677035689353943,0.6619967008248353,0.0,230400
1990-07-10,0.6791176795959473,0.6791176795959473,0.6705575468701735,0.0,68800
1990-07-11,0.6791176795959473,0.6791176795959473,0.6791176795959473,0.0,70400
1990-07-12,0.6762639880180359,0.6762639880180359,0.6762639880180359,0.0,3200
1990-07-13,0.6591431498527527,0.6705568810335845,0.6591431498527527,0.0,68800
1990-07-16,0.6391692161560059,0.6505829521587917,0.6391692161560059,0.0,116800
1990-07-17,0.6334627270698547,0.6334627270698547,0.6334627270698547,0.0,8000
1990-07-18,0.6191950440406799,0.6277551676212665,0.6191950440406799,0.0,35200
1990-07-19,0.6363159418106079,0.6363159418106079,0.6077816024540688,0.0,217600
1990-07-20,0.6391692161560059,0.6391692161560059,0.6306090883137065,0.0,72000
1990-07-23,0.6277557015419006,0.6363161807227781,0.6277557015419006,0.0,40000
1990-07-24,0.6249023675918579,0.6277556281052323,0.6249023675918579,0.0,16000
1990-07-25,0.6249023675918579,0.6249023675918579,0.6249023675918579,0.0,4800
1990-07-26,0.6363159418106079,0.6363159418106079,0.6334623337151678,0.0,129600
1990-07-27,0.6163418889045715,0.6306092364186751,0.6163418889045715,0.0,64000
1990-07-30,0.6191950440406799,0.6191950440406799,0.6191950440406799,0.0,24000
1990-07-31,0.6106347441673279,0.6163416109352469,0.6106347441673279,0.0,32000
1990-08-01,0.6049278378486633,0.6077814452058038,0.6049278378486633,0.0,22400
1990-08-02,0.5963681936264038,0.6020750646260835,0.5963681936264038,0.0,44800
1990-08-03,0.579247236251831,0.5906609714654676,0.579247236251831,0.0,32000
1990-08-06,0.5706869959831238,0.5735406051228893,0.5706869959831238,0.0,19200
1990-08-07,0.5678337216377258,0.5678337216377258,0.5649801125659311,0.0,8000
1990-08-08,0.5621270537376404,0.5706871873885605,0.5621270537376404,0.0,96000
1990-08-09,0.5592731237411499,0.5592731237411499,0.5592731237411499,0.0,41600
1990-08-10,0.5678337216377258,0.5678337216377258,0.5649801125659311,0.0,88000
1990-08-13,0.5592731237411499,0.5621267322057603,0.5592731237411499,0.0,22400
1990-08-14,0.5535663962364197,0.5592732663007126,0.5535663962364197,0.0,76800
1990-08-15,0.5535663962364197,0.5535663962364197,0.5507131353641261,0.0,134400
1990-08-16,0.5450062155723572,0.5478594761843134,0.5450062155723572,0.0,62400
1990-08-17,0.550713062286377,0.550713062286377,0.545006192979366,0.0,4800
1990-08-20,0.5592731237411499,0.5592731237411499,0.5478593865219428,0.0,30400
1990-08-21,0.5592731237411499,0.5649799923507535,0.5592731237411499,0.0,184000
1990-08-22,0.550713062286377,0.5564199315933878,0.550713062286377,0.0,22400
1990-08-23,0.5478596091270447,0.5478596091270447,0.5478596091270447,0.0,1600
1990-08-24,0.5535663962364197,0.5535663962364197,0.5507131353641261,0.0,4800
1990-08-27,0.5564201474189758,0.5592734090193814,0.5564201474189758,0.0,9600
1990-08-28,0.5564201474189758,0.5564201474189758,0.5564201474189758,0.5564201474189758,0
1990-08-29,0.5564201474189758,0.5564201474189758,0.5564201474189758,0.5564201474189758,0
1990-08-30,0.5564201474189758,0.5564201474189758,0.5564201474189758,0.5564201474189758,0
1990-08-31,0.5678337216377258,0.5678337216377258,0.5621268518138276,0.0,20800
1990-09-04,0.5678337216377258,0.5678337216377258,0.5678337216377258,0.5678337216377258,0
1990-09-05,0.5821006298065186,0.5821006298065186,0.573540500586829,0.0,128000
1990-09-06,0.6106347441673279,0.6106347441673279,0.5878072770956521,0.0,67200
1990-09-07,0.6106347441673279,0.6106347441673279,0.6106347441673279,0.0,1600
1990-09-10,0.6134888529777527,0.6134888529777527,0.6077819815468889,0.0,8000
1990-09-11,0.6163418889045715,0.6163418889045715,0.6163418889045715,0.0,16000
1990-09-12,0.6163418889045715,0.6163418889045715,0.6163418889045715,0.0,16000
1990-09-13,0.6220487952232361,0.6220487952232361,0.6220487952232361,0.0,8000
1990-09-14,0.6220487952232361,0.6249024042235509,0.6220487952232361,0.0,6400
1990-09-17,0.6220487952232361,0.6249024042235509,0.6220487952232361,0.0,11200
1990-09-18,0.6220487952232361,0.6220487952232361,0.6220487952232361,0.0,1600
1990-09-19,0.6163418889045715,0.6191954977352571,0.6163418889045715,0.0,12800
1990-09-20,0.6163418889045715,0.6163418889045715,0.6163418889045715,0.0,8000
1990-09-21,0.6106347441673279,0.6106347441673279,0.6106347441673279,0.0,20800
1990-09-24,0.599220871925354,0.6106346028191703,0.5935140064784459,0.0,51200
1990-09-25,0.5878076553344727,0.5963681351545479,0.5878076553344727,0.0,30400
1990-09-26,0.5821006298065186,0.5821006298065186,0.5821006298065186,0.0,8000
1990-09-27,0.5763936638832092,0.5792472720226179,0.5763936638832092,0.0,16000
1990-09-28,0.5706869959831238,0.5735406051228893,0.567833735163058,0.0,59200
1990-10-01,0.5619707703590393,0.5677051659749479,0.5619707703590393,0.0,35200
1990-10-02,0.5619707703590393,0.5619707703590393,0.5619707703590393,0.0,1600
1990-10-03,0.5619707703590393,0.5619707703590393,0.5619707703590393,0.5619707703590393,0
1990-10-04,0.5591034293174744,0.5591034293174744,0.5591034293174744,0.0,1600
1990-10-05,0.5591034293174744,0.5591034293174744,0.5591034293174744,0.5591034293174744,0
1990-10-08,0.5619707703590393,0.5619707703590393,0.5533693519350427,0.0,80000
1990-10-09,0.5390327572822571,0.5505015393520923,0.5390327572822571,0.0,636800
1990-10-10,0.5275644659996033,0.5332988623691642,0.5275644659996033,0.0,28800
1990-10-11,0.5275644659996033,0.5275644659996033,0.5275644659996033,0.0,8000
1990-10-12,0.5275644659996033,0.5275644659996033,0.5275644659996033,0.0,40000
1990-10-15,0.5275644659996033,0.5275644659996033,0.5275644659996033,0.5275644659996033,0
1990-10-16,0.5218299627304077,0.5218299627304077,0.5218299627304077,0.0,16000
1990-10-17,0.5189628601074219,0.5189628601074219,0.5189628601074219,0.0,1600
1990-10-18,0.5160956978797913,0.5160956978797913,0.5160956978797913,0.0,6400
1990-10-19,0.513228714466095,0.513228714466095,0.513228714466095,0.0,1600
1990-10-22,0.5074939131736755,0.5074939131736755,0.5074939131736755,0.0,12800
1990-10-23,0.5074939131736755,0.5074939131736755,0.5074939131736755,0.5074939131736755,0
1990-10-24,0.5074939131736755,0.5074939131736755,0.5074939131736755,0.5074939131736755,0
1990-10-25,0.5046271681785583,0.5046271681785583,0.5046271681785583,0.0,3200
1990-10-26,0.5046271681785583,0.5046271681785583,0.5046271681785583,0.5046271681785583,0
1990-10-29,0.5046271681785583,0.5046271681785583,0.5046271681785583,0.5046271681785583,0
1990-10-30,0.5046271681785583,0.5046271681785583,0.5046271681785583,0.5046271681785583,0
1990-10-31,0.501759946346283,0.5074943437330985,0.49315817526613936,0.0,244800
1990-11-01,0.48455673456192017,0.4960255288710801,0.48168936098471704,0.0,1232000
1990-11-02,0.48455673456192017,0.48455673456192017,0.48455673456192017,0.48455673456192017,0
1990-11-05,0.48455673456192017,0.48455673456192017,0.48455673456192017,0.0,16000
1990-11-06,0.48455673456192017,0.48455673456192017,0.48455673456192017,0.48455673456192017,0
1990-11-07,0.4874236583709717,0.4874236583709717,0.4874236583709717,0.0,4800
1990-11-08,0.4874236583709717,0.4874236583709717,0.47022047042846676,0.0,131200
1990-11-09,0.48455673456192017,0.487423758139297,0.48168936098471704,0.0,28800
1990-11-12,0.48455673456192017,0.48455673456192017,0.48455673456192017,0.0,1600
1990-11-13,0.48455673456192017,0.48455673456192017,0.48455673456192017,0.0,4800
1990-11-14,0.48455673456192017,0.48455673456192017,0.48455673456192017,0.0,4800
1990-11-15,0.4816891849040985,0.4816891849040985,0.4816891849040985,0.0,6400
1990-11-16,0.4816891849040985,0.4845565574331388,0.4816891849040985,0.0,11200
1990-11-19,0.46448609232902527,0.48168928093380403,0.46448609232902527,0.0,112000
1990-11-20,0.46448609232902527,0.46448609232902527,0.46448609232902527,0.0,16000
1990-11-21,0.4673535227775574,0.4673535227775574,0.45875175241978094,0.0,49600
1990-11-23,0.46448609232902527,0.46448609232902527,0.46448609232902527,0.0,3200
1990-11-26,0.4616190195083618,0.4616190195083618,0.4616190195083618,0.0,40000
1990-11-27,0.4558843970298767,0.4587514183950678,0.45588439702987676,0.0,30400
1990-11-28,0.4558843970298767,0.45588439702987676,0.45588439702987676,0.0,1600
1990-11-29,0.4558843970298767,0.45588439702987676,0.45588439702987676,0.0,1600
1990-11-30,0.4587515592575073,0.4587515592575073,0.4558845370119798,0.0,12800
1990-12-03,0.4673535227775574,0.4673535227775574,0.45875175241978094,0.0,52800
1990-12-04,0.4616190195083618,0.4644860423004748,0.4616190195083618,0.0,56000
1990-12-05,0.46448609232902527,0.46735346542970585,0.46448609232902527,0.0,30400
1990-12-06,0.4816891849040985,0.4816891849040985,0.4702203947873343,0.0,64000
1990-12-07,0.4816891849040985,0.4816891849040985,0.4816891849040985,0.0,27200
1990-12-10,0.4816891849040985,0.4816891849040985,0.4816891849040985,0.4816891849040985,0
1990-12-11,0.4816891849040985,0.4816891849040985,0.4816891849040985,0.0,14400
1990-12-12,0.4788220226764679,0.4788220226764679,0.4788220226764679,0.0,11200
1990-12-13,0.4816891849040985,0.4816891849040985,0.4816891849040985,0.0,38400
1990-12-14,0.49029093980789185,0.4902909398078918,0.4788221499878205,0.0,30400
1990-12-17,0.4874236583709717,0.4874236583709717,0.4874236583709717,0.0,20800
1990-12-18,0.49029093980789185,0.4902909398078918,0.4902909398078918,0.0,4800
1990-12-19,0.4931577742099762,0.49602514557144,0.4902907528480682,0.0,38400
1990-12-20,0.4931577742099762,0.49602514557144,0.4902907528480682,0.0,64000
1990-12-21,0.5132256150245667,0.5132256150245667,0.4988093411463799,0.0,427200
1990-12-24,0.5189922451972961,0.5189922451972961,0.5189922451972961,0.0,12800
1990-12-26,0.5189922451972961,0.5189922451972961,0.5189922451972961,0.0,120000
1990-12-27,0.5189922451972961,0.5189922451972961,0.5189922451972961,0.0,1600
1990-12-28,0.5161091685295105,0.5161091685295105,0.5161091685295105,0.0,11200
1990-12-31,0.52187579870224,0.52187579870224,0.5189923319868791,0.0,25600
1991-01-02,0.52187579870224,0.52187579870224,0.52187579870224,0.0,48000
1991-01-03,0.5189922451972961,0.5189922451972961,0.5189922451972961,0.0,73600
1991-01-04,0.5189922451972961,0.5189922451972961,0.5189922451972961,0.5189922451972961,0
1991-01-07,0.5189922451972961,0.5189922451972961,0.5189922451972961,0.0,41600
1991-01-08,0.5161091685295105,0.5161091685295105,0.5161091685295105,0.0,24000
1991-01-09,0.5161091685295105,0.5161091685295105,0.5161091685295105,0.5161091685295105,0
1991-01-10,0.5161091685295105,0.5161091685295105,0.5161091685295105,0.5161091685295105,0
1991-01-11,0.5161091685295105,0.5161091685295105,0.5161091685295105,0.5161091685295105,0
1991-01-14,0.5132256150245667,0.5132256150245667,0.5132256150245667,0.0,8000
1991-01-15,0.5132256150245667,0.5132256150245667,0.5132256150245667,0.5132256150245667,0
1991-01-16,0.5132256150245667,0.5132256150245667,0.5132256150245667,0.0,4800
1991-01-17,0.5247587561607361,0.5247587561607361,0.518992176422706,0.0,9600
1991-01-18,0.5334089398384094,0.5334089398384094,0.5276423586075304,0.0,8000
1991-01-21,0.5334089398384094,0.5334089398384094,0.5305254732408766,0.0,168000
1991-01-22,0.5334089398384094,0.5334089398384094,0.5334089398384094,0.5334089398384094,0
1991-01-23,0.5420584678649902,0.5420584678649902,0.5334087746789706,0.0,27200
1991-01-24,0.5622411966323853,0.5651243079358824,0.5478245842235595,0.0,51200
1991-01-25,0.5622411966323853,0.5622411966323853,0.5622411966323853,0.0,4800
1991-01-28,0.5680084824562073,0.5680084824562073,0.5622419006645921,0.0,9600
1991-01-29,0.5766581296920776,0.5766581296920776,0.5737750150257125,0.0,14400
1991-01-30,0.5997244715690613,0.5997244715690613,0.5824247271968768,0.0,44800
1991-01-31,0.6112576127052307,0.6112576127052307,0.6054910314532945,0.0,16000
1991-02-01,0.6170240044593811,0.6199074701818853,0.6054908454975235,0.0,44800
1991-02-04,0.6314407587051392,0.6314407587051392,0.6170241310627194,0.0,24000
1991-02-05,0.6458566784858704,0.6458566784858704,0.6343235235129083,0.0,72000
1991-02-06,0.6516236066818237,0.6516236066818237,0.6487404923688451,0.0,16000
1991-02-07,0.6400903463363647,0.6487403918634972,0.6400903463363647,0.0,41600
1991-02-08,0.6400903463363647,0.6400903463363647,0.6400903463363647,0.6400903463363647,0
1991-02-11,0.6400903463363647,0.6400903463363647,0.6400903463363647,0.0,12800
1991-02-12,0.6487406492233276,0.6516237642333945,0.6458571822490282,0.0,33600
1991-02-13,0.6487406492233276,0.6487406492233276,0.6487406492233276,0.0,8000
1991-02-14,0.6458566784858704,0.6458566784858704,0.6458566784858704,0.0,152000
1991-02-15,0.6516236066818237,0.6516236066818237,0.6458570260917191,0.0,30400
1991-02-19,0.6573901772499084,0.6573901772499084,0.6516235967477163,0.0,22400
1991-02-20,0.6573901772499084,0.6573901772499084,0.6545070629808833,0.0,188800
1991-02-21,0.6573901772499084,0.6573901772499084,0.6573901772499084,0.0,16000
1991-02-22,0.6545066833496094,0.6545066833496094,0.6545066833496094,0.0,1600
1991-02-25,0.6487406492233276,0.6487406492233276,0.6487406492233276,0.0,88000
1991-02-26,0.6400903463363647,0.6429738121667732,0.6343237666396407,0.0,65600
1991-02-27,0.6400903463363647,0.6400903463363647,0.6400903463363647,0.0,48000
1991-02-28,0.6400903463363647,0.6400903463363647,0.6400903463363647,0.0,17600
1991-03-01,0.6400903463363647,0.6400903463363647,0.6343237666396407,0.0,203200
1991-03-04,0.6516236066818237,0.6516236066818237,0.6458570260917191,0.0,43200
1991-03-05,0.6573901772499084,0.6573901772499084,0.6487404824786912,0.0,94400
1991-03-06,0.663156270980835,0.663156270980835,0.663156270980835,0.0,8000
1991-03-07,0.6689236760139465,0.6689236760139465,0.6631570926000332,0.0,22400
1991-03-08,0.6746900081634521,0.6746900081634521,0.6689234268970978,0.0,72000
1991-03-11,0.6804564595222473,0.68622303968769,0.6775733454215866,0.0,38400
1991-03-12,0.6775733828544617,0.6775733828544617,0.674689916630381,0.0,24000
1991-03-13,0.6689236760139465,0.6746902594278599,0.6660405602891497,0.0,68800
1991-03-14,0.6746900081634521,0.6746900081634521,0.6689234268970978,0.0,30400
1991-03-15,0.6718066930770874,0.6746898068679856,0.6718066930770874,0.0,30400
1991-03-18,0.6775733828544617,0.6804564971144014,0.674689916630381,0.0,30400
1991-03-19,0.6746900081634521,0.6775734747787235,0.6746900081634521,0.0,44800
1991-03-20,0.6746900081634521,0.6746900081634521,0.6746900081634521,0.0,68800
1991-03-21,0.6862236857414246,0.6862236857414246,0.6775739833319524,0.0,12800
1991-03-22,0.686107337474823,0.6890021277031871,0.686107337474823,0.0,80000
1991-03-25,0.6890024542808533,0.6890024542808533,0.6861076626803978,0.0,84800
1991-03-26,0.6890024542808533,0.6890024542808533,0.6890024542808533,0.0,9600
1991-03-27,0.6947924494743347,0.6947924494743347,0.6918976576297154,0.0,20800
1991-03-28,0.6947924494743347,0.6947924494743347,0.6947924494743347,0.0,3200
1991-04-01,0.6918972730636597,0.6947920632993145,0.6918972730636597,0.0,28800
1991-04-02,0.7179518342018127,0.7208469779699748,0.6918973072360307,0.0,152000
1991-04-03,0.7150570154190063,0.7266368832525973,0.7150570154190063,0.0,68800
1991-04-04,0.7295317649841309,0.7295317649841309,0.7179518956986685,0.0,46400
1991-04-05,0.7382169365882874,0.7411117275793391,0.7237419214641984,0.0,52800
1991-04-08,0.744006872177124,0.7497968075505272,0.7411117277956173,0.0,72000
1991-04-09,0.7411117553710938,0.7469016909599304,0.7411117553710938,0.0,51200
1991-04-10,0.7411117553710938,0.7411117553710938,0.7382169642714871,0.0,28800
1991-04-11,0.744006872177124,0.7469016631690205,0.7382169368037208,0.0,19200
1991-04-12,0.7469018697738647,0.7497970149562143,0.7469018697738647,0.0,30400
1991-04-15,0.7469018697738647,0.7469018697738647,0.7469018697738647,0.0,3200
1991-04-16,0.7382169365882874,0.7497968073317145,0.7382169365882874,0.0,81600
1991-04-17,0.7411117553710938,0.7440068998603238,0.7382169642714871,0.0,94400
1991-04-18,0.7353217601776123,0.7411116952971211,0.7353217601776123,0.0,36800
1991-04-19,0.7353217601776123,0.738216904432164,0.7324269693126553,0.0,107200
1991-04-22,0.744006872177124,0.744006872177124,0.7353217924222141,0.0,24000
1991-04-23,0.7497966885566711,0.7497966885566711,0.7440067541021391,0.0,27200
1991-04-24,0.7497966885566711,0.7526914790891601,0.7469015446346281,0.0,20800
1991-04-25,0.7497966885566711,0.7497966885566711,0.7497966885566711,0.0,4800
1991-04-26,0.7469018697738647,0.7497970149562143,0.7469018697738647,0.0,28800
1991-04-29,0.7497966885566711,0.7497966885566711,0.7497966885566711,0.0,60800
1991-04-30,0.7411117553710938,0.7440068998603238,0.7411117553710938,0.0,36800
1991-05-01,0.7411117553710938,0.7411117553710938,0.7411117553710938,0.0,9600
1991-05-02,0.752691388130188,0.752691388130188,0.7440066641926723,0.0,56000
1991-05-03,0.752691388130188,0.752691388130188,0.752691388130188,0.0,17600
1991-05-06,0.752691388130188,0.7584813218850356,0.752691388130188,0.0,52800
1991-05-07,0.7469018697738647,0.7469018697738647,0.7469018697738647,0.0,6400
1991-05-08,0.7555866837501526,0.7555866837501526,0.7469016046754147,0.0,44800
1991-05-09,0.7555866837501526,0.7584814745153435,0.7555866837501526,0.0,19200
1991-05-10,0.7497966885566711,0.7526914790891601,0.7497966885566711,0.0,11200
1991-05-13,0.7411117553710938,0.7440068998603238,0.7411117553710938,0.0,19200
1991-05-14,0.744006872177124,0.744006872177124,0.744006872177124,0.0,1600
1991-05-15,0.7382169365882874,0.7382169365882874,0.7382169365882874,0.0,11200
1991-05-16,0.7411117553710938,0.7411117553710938,0.7382169642714871,0.0,8000
1991-05-17,0.744006872177124,0.744006872177124,0.744006872177124,0.0,3200
1991-05-20,0.7411117553710938,0.7411117553710938,0.7411117553710938,0.0,1600
1991-05-21,0.744006872177124,0.744006872177124,0.7411117277956173,0.0,12800
1991-05-22,0.7382169365882874,0.7382169365882874,0.7382169365882874,0.0,12800
1991-05-23,0.7324269413948059,0.7353217321494225,0.7324269413948059,0.0,19200
1991-05-24,0.7382169365882874,0.7382169365882874,0.7353217922076255,0.0,102400
1991-05-28,0.7382169365882874,0.7411117275793391,0.7353217922076255,0.0,62400
1991-05-29,0.7382169365882874,0.7382169365882874,0.7382169365882874,0.0,40000
1991-05-30,0.7353217601776123,0.738216904432164,0.7353217601776123,0.0,60800
1991-05-31,0.7411117553710938,0.7411117553710938,0.7382169642714871,0.0,88000
1991-06-03,0.7411117553710938,0.7411117553710938,0.7411117553710938,0.0,41600
1991-06-04,0.7469018697738647,0.7469018697738647,0.7411119327988736,0.0,28800
1991-06-05,0.7903264760971069,0.7903264760971069,0.7526917137164522,0.0,347200
1991-06-06,0.7990111112594604,0.8019062557486905,0.7874312400817871,0.0,86400
1991-06-07,0.7932212352752686,0.7990111712991756,0.7932212352752686,0.0,19200
1991-06-10,0.7932212352752686,0.7990111712991756,0.7932212352752686,0.0,24000
1991-06-11,0.7816409468650818,0.7903260229694247,0.7816409468650818,0.0,33600
1991-06-12,0.7903264760971069,0.7903264760971069,0.7816413950132388,0.0,43200
1991-06-13,0.7642715573310852,0.7874313014926332,0.7642715573310852,0.0,105600
1991-06-14,0.767166256904602,0.7700610465502937,0.767166256904602,0.0,14400
1991-06-17,0.7700610160827637,0.7758509485345138,0.7671662265516046,0.0,73600
1991-06-18,0.7700610160827637,0.7700610160827637,0.7700610160827637,0.0,52800
1991-06-19,0.7729565501213074,0.7729565501213074,0.7700614057357661,0.0,32000
1991-06-20,0.767166256904602,0.767166256904602,0.767166256904602,0.0,9600
1991-06-21,0.767166256904602,0.767166256904602,0.767166256904602,0.767166256904602,0
1991-06-24,0.7554284334182739,0.7612394213676452,0.7554284334182739,0.0,88000
1991-06-25,0.7525230646133423,0.7525230646133423,0.7525230646133423,0.0,84800
1991-06-26,0.7496176958084106,0.7496176958084106,0.7467123782007548,0.0,88000
1991-06-27,0.7496176958084106,0.7496176958084106,0.7496176958084106,0.7496176958084106,0
1991-06-28,0.7467119693756104,0.7496172853926044,0.7467119693756104,0.0,49600
1991-07-01,0.7205625772476196,0.7409012144265826,0.7205625772476196,0.0,94400
1991-07-02,0.7205625772476196,0.7205625772476196,0.7147515887214291,0.0,108800
1991-07-03,0.7147512435913086,0.7205622293115631,0.7147512435913086,0.0,12800
1991-07-05,0.7147512435913086,0.7147512435913086,0.7147512435913086,0.7147512435913086,0
1991-07-08,0.7147512435913086,0.7147512435913086,0.7147512435913086,0.7147512435913086,0
1991-07-09,0.7147512435913086,0.7205622293115631,0.7147512435913086,0.0,72000
1991-07-10,0.7118456959724426,0.7118456959724426,0.7118456959724426,0.0,4800
1991-07-11,0.7118456959724426,0.7118456959724426,0.7118456959724426,0.7118456959724426,0
1991-07-12,0.7089406251907349,0.7089406251907349,0.70022431943143,0.0,196800
1991-07-15,0.7060350179672241,0.7060350179672241,0.7060350179672241,0.0,4800
1991-07-16,0.7060350179672241,0.7060350179672241,0.7060350179672241,0.0,6400
1991-07-17,0.7089406251907349,0.7089406251907349,0.7089406251907349,0.0,3200
1991-07-18,0.7089406251907349,0.7118462968935733,0.7089406251907349,0.0,27200
1991-07-19,0.7118456959724426,0.7118456959724426,0.7089400267224927,0.0,6400
1991-07-22,0.7089406251907349,0.7089406251907349,0.7089406251907349,0.0,192000
1991-07-23,0.7089406251907349,0.7089406251907349,0.7089406251907349,0.7089406251907349,0
1991-07-24,0.7060350179672241,0.7060350179672241,0.7060350179672241,0.0,8000
1991-07-25,0.7031297087669373,0.7031297087669373,0.7031297087669373,0.0,8000
1991-07-26,0.700223982334137,0.700223982334137,0.700223982334137,0.0,6400
1991-07-29,0.6973184943199158,0.6973184943199158,0.6973184943199158,0.0,8000
1991-07-30,0.6915074586868286,0.6944131295479741,0.6915074586868286,0.0,8000
1991-07-31,0.7176570892333984,0.720562405466574,0.6973184569031362,0.0,172800
1991-08-01,0.7292790412902832,0.7292790412902832,0.7147513965436115,0.0,75200
1991-08-02,0.7292790412902832,0.7292790412902832,0.7292790412902832,0.0,4800
1991-08-05,0.7321840524673462,0.7321840524673462,0.7321840524673462,0.0,33600
1991-08-06,0.7321840524673462,0.7321840524673462,0.7321840524673462,0.0,35200
1991-08-07,0.7321840524673462,0.7321840524673462,0.7321840524673462,0.0,4800
1991-08-08,0.7292790412902832,0.7292790412902832,0.7292790412902832,0.0,30400
1991-08-09,0.7292790412902832,0.7292790412902832,0.7292790412902832,0.7292790412902832,0
1991-08-12,0.7321840524673462,0.7321840524673462,0.7321840524673462,0.0,20800
1991-08-13,0.7321840524673462,0.7321840524673462,0.7321840524673462,0.0,3200
1991-08-14,0.7321840524673462,0.7321840524673462,0.7321840524673462,0.0,30400
1991-08-15,0.7321840524673462,0.7321840524673462,0.7321840524673462,0.0,8000
1991-08-16,0.7263731360435486,0.732184121131897,0.7263731360435486,0.0,19200
1991-08-19,0.7205625772476196,0.7205625772476196,0.7205625772476196,0.0,4800
1991-08-20,0.7176570892333984,0.7234680763742578,0.7176570892333984,0.0,11200
1991-08-21,0.7205625772476196,0.7205625772476196,0.7205625772476196,0.0,3200
1991-08-22,0.7205625772476196,0.7205625772476196,0.7147515887214291,0.0,24000
1991-08-23,0.7205625772476196,0.7205625772476196,0.7205625772476196,0.0,16000
1991-08-26,0.7147512435913086,0.7147512435913086,0.7147512435913086,0.0,16000
1991-08-27,0.7118456959724426,0.7118456959724426,0.7118456959724426,0.0,16000
1991-08-28,0.7118456959724426,0.7118456959724426,0.7118456959724426,0.7118456959724426,0
1991-08-29,0.7118456959724426,0.7118456959724426,0.7118456959724426,0.0,4800
1991-08-30,0.7118456959724426,0.7118456959724426,0.7118456959724426,0.7118456959724426,0
1991-09-03,0.7118456959724426,0.7118456959724426,0.7118456959724426,0.0,3200
1991-09-04,0.7089406251907349,0.7089406251907349,0.7089406251907349,0.0,46400
1991-09-05,0.7147512435913086,0.7147512435913086,0.711845928068392,0.0,19200
1991-09-06,0.7176570892333984,0.7176570892333984,0.7147514183257146,0.0,9600
1991-09-09,0.7176570892333984,0.7176570892333984,0.7176570892333984,0.7176570892333984,0
1991-09-10,0.7089406251907349,0.7118462968935733,0.7089406251907349,0.0,72000
1991-09-11,0.7089406251907349,0.7089406251907349,0.7089406251907349,0.7089406251907349,0
1991-09-12,0.7031297087669373,0.7060353807685843,0.7031297087669373,0.0,43200
1991-09-13,0.7060350179672241,0.7060350179672241,0.7031293474586776,0.0,33600
1991-09-16,0.7031297087669373,0.7031297087669373,0.7031297087669373,0.0,27200
1991-09-17,0.6973184943199158,0.6973184943199158,0.6973184943199158,0.0,3200
1991-09-18,0.6915074586868286,0.6915074586868286,0.6915074586868286,0.0,16000
1991-09-19,0.688602089881897,0.688602089881897,0.688602089881897,0.0,3200
1991-09-20,0.6856961846351624,0.6856961846351624,0.6856961846351624,0.0,16000
1991-09-23,0.6798853874206543,0.6827910578665154,0.6798853874206543,0.0,9600
1991-09-24,0.674074649810791,0.674074649810791,0.674074649810791,0.0,9600
1991-09-25,0.6711689233779907,0.6711689233779907,0.6711689233779907,0.0,4800
1991-09-26,0.6653579473495483,0.6682632624578317,0.6653579473495483,0.0,4800
1991-09-27,0.6595470309257507,0.6624523463356331,0.6595470309257507,0.0,22400
1991-09-30,0.6659727096557617,0.6659727096557617,0.6601308437815884,0.0,185600
1991-10-01,0.6718148589134216,0.6718148589134216,0.6659729905750441,0.0,32000
1991-10-02,0.6688939332962036,0.6718146884445955,0.6688939332962036,0.0,33600
1991-10-03,0.6630521416664124,0.6659728971461769,0.6601310296273508,0.0,206400
1991-10-04,0.6630521416664124,0.6630521416664124,0.6630521416664124,0.6630521416664124,0
1991-10-07,0.6601313352584839,0.6601313352584839,0.6601313352584839,0.0,25600
1991-10-08,0.6601313352584839,0.6601313352584839,0.6601313352584839,0.6601313352584839,0
1991-10-09,0.6601313352584839,0.6601313352584839,0.6601313352584839,0.0,35200
1991-10-10,0.6601313352584839,0.6601313352584839,0.6601313352584839,0.6601313352584839,0
1991-10-11,0.657210111618042,0.657210111618042,0.657210111618042,0.0,20800
1991-10-14,0.657210111618042,0.657210111618042,0.657210111618042,0.0,4800
1991-10-15,0.6601313352584839,0.6601313352584839,0.6601313352584839,0.0,174400
1991-10-16,0.657210111618042,0.6601308663754974,0.657210111618042,0.0,40000
1991-10-17,0.6542888879776001,0.6572099987927881,0.6542888879776001,0.0,184000
1991-10-18,0.6542888879776001,0.6542888879776001,0.6542888879776001,0.0,16000
1991-10-21,0.6513682007789612,0.6542889553356891,0.6513682007789612,0.0,80000
1991-10-22,0.6513682007789612,0.6513682007789612,0.6513682007789612,0.0,36800
1991-10-23,0.6542888879776001,0.6542888879776001,0.6542888879776001,0.0,32000
1991-10-24,0.6542888879776001,0.6572099987927881,0.6542888879776001,0.0,62400
1991-10-25,0.6542888879776001,0.6542888879776001,0.6542888879776001,0.6542888879776001,0
1991-10-28,0.6542888879776001,0.6542888879776001,0.6542888879776001,0.0,16000
1991-10-29,0.6542888879776001,0.6542888879776001,0.6542888879776001,0.0,216000
1991-10-30,0.6455268859863281,0.6542895136935512,0.6455268859863281,0.0,49600
1991-10-31,0.6426053047180176,0.6426053047180176,0.6426053047180176,0.0,3200
1991-11-01,0.6426053047180176,0.6426053047180176,0.6426053047180176,0.6426053047180176,0
1991-11-04,0.6426053047180176,0.6426053047180176,0.6426053047180176,0.6426053047180176,0
1991-11-05,0.6426053047180176,0.6426053047180176,0.6426053047180176,0.0,8000
1991-11-06,0.6484476327896118,0.6484476327896118,0.6484476327896118,0.0,11200
1991-11-07,0.6484476327896118,0.6484476327896118,0.6484476327896118,0.6484476327896118,0
1991-11-08,0.6484476327896118,0.6484476327896118,0.6484476327896118,0.6484476327896118,0
1991-11-11,0.6484476327896118,0.6484476327896118,0.6484476327896118,0.6484476327896118,0
1991-11-12,0.657210111618042,0.657210111618042,0.6542890003013779,0.6542890003013779,22400
1991-11-13,0.657210111618042,0.657210111618042,0.657210111618042,0.657210111618042,33600
1991-11-14,0.6542888879776001,0.6542888879776001,0.6542888879776001,0.6542888879776001,12800
1991-11-15,0.6542888879776001,0.6572099987927881,0.6542888879776001,0.6572099987927881,8000
1991-11-18,0.6542888879776001,0.6542888879776001,0.6513681337215596,0.6513681337215596,64000
1991-11-19,0.6542888879776001,0.6542888879776001,0.6542888879776001,0.6542888879776001,43200
1991-11-20,0.6542888879776001,0.6542888879776001,0.6542888879776001,0.6542888879776001,32000
1991-11-21,0.6542888879776001,0.6542888879776001,0.6542888879776001,0.6542888879776001,44800
1991-11-22,0.6542888879776001,0.6542888879776001,0.6542888879776001,0.6542888879776001,91200
1991-11-25,0.6542888879776001,0.6542888879776001,0.6542888879776001,0.6542888879776001,65600
1991-11-26,0.657210111618042,0.657210111618042,0.6542890003013779,0.6542890003013779,124800
1991-11-27,0.6542888879776001,0.6572099987927881,0.6542888879776001,0.6542888879776001,115200
1991-11-29,0.6542888879776001,0.6542888879776001,0.6542888879776001,0.6542888879776001,0
1991-12-02,0.6542888879776001,0.6572099987927881,0.6542888879776001,0.6572099987927881,19200
1991-12-03,0.6513682007789612,0.6513682007789612,0.6513682007789612,0.6513682007789612,17600
1991-12-04,0.6484476327896118,0.6513687463521892,0.6484476327896118,0.6513687463521892,62400
1991-12-05,0.6367635726928711,0.6426054403322552,0.6367635726928711,0.6426054403322552,88000
1991-12-06,0.6309219002723694,0.6338430132755598,0.6309219002723694,0.6338430132755598,17600
1991-12-09,0.6280007362365723,0.6280007362365723,0.6280007362365723,0.6280007362365723,16000
1991-12-10,0.6221590638160706,0.6250798192713364,0.6221590638160706,0.6250798192713364,22400
1991-12-11,0.6192381381988525,0.6221592510926987,0.6192381381988525,0.6221592510926987,17600
1991-12-12,0.6104755401611328,0.616317409652821,0.6104755401611328,0.616317409652821,17600
1991-12-13,0.6017124056816101,0.6075542736979365,0.6017124056816101,0.6075542736979365,19200
1991-12-16,0.5871078372001648,0.5987915717060459,0.5871078372001648,0.5987915717060459,33600
1991-12-17,0.5871078372001648,0.5929497044531054,0.5871078372001648,0.5929497044531054,30400
1991-12-18,0.5900285243988037,0.5900285243988037,0.5871077693893204,0.5871077693893204,115200
1991-12-19,0.6046334505081177,0.6046334505081177,0.5958704711816845,0.5958704711816845,43200
1991-12-20,0.6052209138870239,0.6081590588076068,0.6052209138870239,0.6081590588076068,41600
1991-12-23,0.6404764652252197,0.6404764652252197,0.6110968108570904,0.6110968108570904,115200
1991-12-24,0.6551662087440491,0.6581039936824525,0.6404762081373868,0.6434143517140053,102400
1991-12-26,0.6757321357727051,0.6757321357727051,0.6581043409264606,0.6581043409264606,41600
1991-12-27,0.6727942228317261,0.6757320087680709,0.6727942228317261,0.6757320087680709,4800
1991-12-30,0.6933597922325134,0.6933597922325134,0.6727942150024102,0.6727942150024102,100800
1991-12-31,0.7168638706207275,0.7168638706207275,0.6992360705234966,0.6992360705234966,105600
1992-01-02,0.7051119208335876,0.710987853507201,0.7051119208335876,0.710987853507201,64000
1992-01-03,0.7080498337745667,0.7080498337745667,0.705111689084207,0.705111689084207,75200
1992-01-06,0.6962980031967163,0.7051117203823118,0.6962980031967163,0.7051117203823118,99200
1992-01-07,0.6933597922325134,0.6992357226751618,0.6933597922325134,0.6992357226751618,27200
1992-01-08,0.6904219388961792,0.6962978687649198,0.6904219388961792,0.6962978687649198,12800
1992-01-09,0.6904219388961792,0.6904219388961792,0.6904219388961792,0.6904219388961792,0
1992-01-10,0.6933597922325134,0.6933597922325134,0.687483861789865,0.687483861789865,12800
1992-01-13,0.6933597922325134,0.6933597922325134,0.6933597922325134,0.6933597922325134,3200
1992-01-14,0.6816083192825317,0.696298333069096,0.6816083192825317,0.68748425306945,209600
1992-01-15,0.6816083192825317,0.6816083192825317,0.6786705317083409,0.6786705317083409,116800
1992-01-16,0.6816083192825317,0.6816083192825317,0.6757323854956133,0.6786705317083409,43200
1992-01-17,0.6610422134399414,0.6757318571012758,0.6610422134399414,0.6757318571012758,160000
1992-01-20,0.6581039428710938,0.6581039428710938,0.6581039428710938,0.6581039428710938,4800
1992-01-21,0.6551662087440491,0.6581039936824525,0.6551662087440491,0.6551662087440491,20800
1992-01-22,0.6551662087440491,0.6551662087440491,0.6522280651674306,0.6522280651674306,35200
1992-01-23,0.649290919303894,0.6522287071338616,0.649290919303894,0.6522287071338616,17600
1992-01-24,0.6463522911071777,0.6463522911071777,0.6463522911071777,0.6463522911071777,38400
1992-01-27,0.6463522911071777,0.6463522911071777,0.6463522911071777,0.6463522911071777,80000
1992-01-28,0.6463522911071777,0.6463522911071777,0.64341450546675,0.64341450546675,64000
1992-01-29,0.6522287130355835,0.6522287130355835,0.6492909251790332,0.6492909251790332,46400
1992-01-30,0.6581039428710938,0.6581039428710938,0.6581039428710938,0.6581039428710938,36800
1992-01-31,0.6581039428710938,0.6581039428710938,0.6581039428710938,0.6581039428710938,0
1992-02-03,0.6581039428710938,0.6581039428710938,0.6581039428710938,0.6581039428710938,0
1992-02-04,0.6727942228317261,0.6727942228317261,0.6581042172349909,0.6581042172349909,76800
1992-02-05,0.6610422134399414,0.6698559279090908,0.6610422134399414,0.6698559279090908,67200
1992-02-06,0.6551662087440491,0.6581039936824525,0.6551662087440491,0.6581039936824525,14400
1992-02-07,0.634600818157196,0.6522286186615627,0.634600818157196,0.6522286186615627,89600
1992-02-10,0.649290919303894,0.649290919303894,0.6346009042383518,0.6346009042383518,156800
1992-02-11,0.649290919303894,0.649290919303894,0.649290919303894,0.649290919303894,0
1992-02-12,0.6404764652252197,0.6434146099812121,0.6404764652252197,0.6434146099812121,57600
1992-02-13,0.6404764652252197,0.6404764652252197,0.6404764652252197,0.6404764652252197,160000
1992-02-14,0.6404764652252197,0.6404764652252197,0.6404764652252197,0.6404764652252197,0
1992-02-18,0.637538492679596,0.640476277938167,0.637538492679596,0.640476277938167,107200
1992-02-19,0.634600818157196,0.634600818157196,0.634600818157196,0.634600818157196,3200
1992-02-20,0.6316626071929932,0.6316626071929932,0.6316626071929932,0.6316626071929932,4800
1992-02-21,0.634600818157196,0.634600818157196,0.634600818157196,0.634600818157196,4800
1992-02-24,0.634600818157196,0.634600818157196,0.634600818157196,0.634600818157196,0
1992-02-25,0.6316626071929932,0.6346003926546624,0.6316626071929932,0.6346003926546624,3200
1992-02-26,0.6316626071929932,0.6316626071929932,0.6316626071929932,0.6316626071929932,3200
1992-02-27,0.6404764652252197,0.6404764652252197,0.6346005343515939,0.6346005343515939,27200
1992-02-28,0.634600818157196,0.6375389642271835,0.634600818157196,0.6375389642271835,48000
1992-03-02,0.637538492679596,0.637538492679596,0.6346003487827709,0.6346003487827709,11200
1992-03-03,0.634600818157196,0.634600818157196,0.634600818157196,0.634600818157196,1600
1992-03-04,0.6287248134613037,0.6316629591985866,0.6287248134613037,0.6316629591985866,62400
1992-03-05,0.6287248134613037,0.6346007462973907,0.6287248134613037,0.6346007462973907,62400
1992-03-06,0.6199111938476562,0.6257871276346553,0.6199111938476562,0.6257871276346553,33600
1992-03-09,0.6110969185829163,0.6228487824018185,0.6110969185829163,0.6228487824018185,17600
1992-03-10,0.5934688448905945,0.5934688448905945,0.5934688448905945,0.5934688448905945,64000
1992-03-11,0.5875932574272156,0.5875932574272156,0.5817173248529434,0.5875932574272156,36800
1992-03-12,0.5787795186042786,0.5817173054743173,0.5787795186042786,0.5817173054743173,24000
1992-03-13,0.5758414268493652,0.5758414268493652,0.5758414268493652,0.5758414268493652,3200
1992-03-16,0.5699653029441833,0.5787793787006466,0.5670275167842717,0.5787793787006466,121600
1992-03-17,0.5817172527313232,0.5817172527313232,0.5758413208855523,0.5758413208855523,25600
1992-03-18,0.5817172527313232,0.5817172527313232,0.5817172527313232,0.5817172527313232,12800
1992-03-19,0.5758414268493652,0.5787795726321245,0.5758414268493652,0.5787795726321245,92800
1992-03-20,0.5729033946990967,0.5758411805870077,0.5729033946990967,0.5758411805870077,60800
1992-03-23,0.5729033946990967,0.5729033946990967,0.5729033946990967,0.5729033946990967,0
1992-03-24,0.5805662274360657,0.5805662274360657,0.5776190117888438,0.5776190117888438,19200
1992-03-25,0.5805662274360657,0.5805662274360657,0.5805662274360657,0.5805662274360657,0
1992-03-26,0.5864600539207458,0.5864600539207458,0.5805659848348359,0.5805659848348359,491200
1992-03-27,0.5894069075584412,0.5894069075584412,0.5894069075584412,0.5894069075584412,44800
1992-03-30,0.5864600539207458,0.5864600539207458,0.5864600539207458,0.5864600539207458,1600
1992-03-31,0.5894069075584412,0.5894069075584412,0.5894069075584412,0.5894069075584412,6400
1992-04-01,0.5923541784286499,0.5953010333746055,0.5923541784286499,0.5953010333746055,9600
1992-04-02,0.6011951565742493,0.6011951565742493,0.5982483013657496,0.5982483013657496,24000
1992-04-03,0.6247717142105103,0.6247717142105103,0.6129835686593685,0.6129835686593685,76800
1992-04-06,0.6188772916793823,0.6188772916793823,0.6188772916793823,0.6188772916793823,56000
1992-04-07,0.6011951565742493,0.6129832968992345,0.6011951565742493,0.6129832968992345,1081600
1992-04-08,0.6011951565742493,0.6011951565742493,0.6011951565742493,0.6011951565742493,320000
1992-04-09,0.6011951565742493,0.6011951565742493,0.6011951565742493,0.6011951565742493,0
1992-04-10,0.5805662274360657,0.6011952979843068,0.5805662274360657,0.6011952979843068,51200
1992-04-13,0.5776188969612122,0.5805661120225429,0.5776188969612122,0.5805661120225429,123200
1992-04-14,0.5776188969612122,0.5805661120225429,0.5776188969612122,0.5776188969612122,27200
1992-04-15,0.5658307671546936,0.5746720527642424,0.5628839117818529,0.5746720527642424,43200
1992-04-16,0.5393072366714478,0.5628835014495384,0.5393072366714478,0.5628835014495384,105600
1992-04-20,0.5393072366714478,0.5393072366714478,0.5363600237015609,0.5393072366714478,11200
1992-04-21,0.5334130525588989,0.5393071174504603,0.5334130525588989,0.5393071174504603,20800
1992-04-22,0.5422543287277222,0.5422543287277222,0.5334134054146489,0.5334134054146489,264000
1992-04-23,0.5422543287277222,0.5422543287277222,0.5422543287277222,0.5422543287277222,0
1992-04-24,0.5422543287277222,0.5452015429956864,0.5422543287277222,0.5422543287277222,24000
1992-04-27,0.5452016592025757,0.5452016592025757,0.5422544443064281,0.5452016592025757,22400
1992-04-28,0.5481484532356262,0.5481484532356262,0.5422543838459959,0.5452015984135341,348800
1992-04-29,0.5422543287277222,0.5422543287277222,0.5422543287277222,0.5422543287277222,504000
1992-04-30,0.5422543287277222,0.5422543287277222,0.5422543287277222,0.5422543287277222,0
1992-05-01,0.554042398929596,0.554042398929596,0.5481483308558769,0.5481483308558769,30400
1992-05-04,0.5569897294044495,0.5569897294044495,0.5569897294044495,0.5569897294044495,6400
1992-05-05,0.554042398929596,0.554042398929596,0.554042398929596,0.554042398929596,1600
1992-05-06,0.5776188969612122,0.5776188969612122,0.5599366858297464,0.5599366858297464,96000
1992-05-07,0.5835129022598267,0.5835129022598267,0.5835129022598267,0.5835129022598267,22400
1992-05-08,0.5982482433319092,0.5982482433319092,0.5894069590730837,0.5894069590730837,32000
1992-05-11,0.5953007936477661,0.5953007936477661,0.5953007936477661,0.5953007936477661,8000
1992-05-12,0.5953007936477661,0.5982480071523439,0.5953007936477661,0.5982480071523439,4800
1992-05-13,0.5953007936477661,0.5953007936477661,0.5953007936477661,0.5953007936477661,1600
1992-05-14,0.5953007936477661,0.5953007936477661,0.5953007936477661,0.5953007936477661,6400
1992-05-15,0.5982482433319092,0.6011950982545454,0.5982482433319092,0.5982482433319092,27200
1992-05-18,0.6041421294212341,0.6041421294212341,0.5982480616207604,0.5982480616207604,9600
1992-05-19,0.6011951565742493,0.6100364416907349,0.6011951565742493,0.6100364416907349,38400
1992-05-20,0.6011951565742493,0.6011951565742493,0.6011951565742493,0.6011951565742493,0
1992-05-21,0.6041421294212341,0.6041421294212341,0.5982480616207604,0.5982480616207604,9600
1992-05-22,0.6070892810821533,0.6070892810821533,0.6070892810821533,0.6070892810821533,1600
1992-05-26,0.6041421294212341,0.6070889834487965,0.6041421294212341,0.6070889834487965,3200
1992-05-27,0.6011951565742493,0.6011951565742493,0.6011951565742493,0.6011951565742493,1600
1992-05-28,0.6011951565742493,0.6011951565742493,0.6011951565742493,0.6011951565742493,1600
1992-05-29,0.5982482433319092,0.5982482433319092,0.5982482433319092,0.5982482433319092,3200
1992-06-01,0.5982482433319092,0.5982482433319092,0.5982482433319092,0.5982482433319092,0
1992-06-02,0.6011951565742493,0.6011951565742493,0.6011951565742493,0.6011951565742493,3200
1992-06-03,0.5982482433319092,0.5982482433319092,0.5982482433319092,0.5982482433319092,1600
1992-06-04,0.5982482433319092,0.5982482433319092,0.5982482433319092,0.5982482433319092,0
1992-06-05,0.5953007936477661,0.5953007936477661,0.5953007936477661,0.5953007936477661,3200
1992-06-08,0.5953007936477661,0.5953007936477661,0.5953007936477661,0.5953007936477661,0
1992-06-09,0.5953007936477661,0.5953007936477661,0.5953007936477661,0.5953007936477661,1600
1992-06-10,0.5953007936477661,0.5982480071523439,0.5923539398885047,0.5923539398885047,9600
1992-06-11,0.5953007936477661,0.5953007936477661,0.5953007936477661,0.5953007936477661,0
1992-06-12,0.5923541784286499,0.5923541784286499,0.5923541784286499,0.5923541784286499,1600
1992-06-15,0.5894069075584412,0.5894069075584412,0.5894069075584412,0.5894069075584412,32000
1992-06-16,0.5894069075584412,0.5923541219689469,0.5894069075584412,0.5923541219689469,6400
1992-06-17,0.5953007936477661,0.5953007936477661,0.5923539398885047,0.5953007936477661,17600
1992-06-18,0.5953007936477661,0.5953007936477661,0.5953007936477661,0.5953007936477661,0
1992-06-19,0.5953007936477661,0.5953007936477661,0.5953007936477661,0.5953007936477661,0
1992-06-22,0.6029865145683289,0.6029865145683289,0.6000308787291514,0.6000308787291514,17600
1992-06-23,0.5970743894577026,0.6000303836754569,0.5970743894577026,0.6000303836754569,38400
1992-06-24,0.5970743894577026,0.5970743894577026,0.5970743894577026,0.5970743894577026,0
1992-06-25,0.5970743894577026,0.5970743894577026,0.5970743894577026,0.5970743894577026,0
1992-06-26,0.6000306606292725,0.6000306606292725,0.6000306606292725,0.6000306606292725,3200
1992-06-29,0.5941190719604492,0.5970747069326503,0.5911630761709409,0.5970747069326503,52800
1992-06-30,0.591163158416748,0.591163158416748,0.591163158416748,0.591163158416748,28800
1992-07-01,0.5970743894577026,0.5970743894577026,0.5911627618393095,0.5941187560570638,393600
1992-07-02,0.5970743894577026,0.6000303836754569,0.5970743894577026,0.6000303836754569,6400
1992-07-06,0.5970743894577026,0.5970743894577026,0.5911627618393095,0.5941187560570638,81600
1992-07-07,0.6000306606292725,0.6000306606292725,0.5970746650471309,0.5970746650471309,28800
1992-07-08,0.6000306606292725,0.6000306606292725,0.6000306606292725,0.6000306606292725,0
1992-07-09,0.6118537187576294,0.6118537187576294,0.6059420903677835,0.6059420903677835,24000
1992-07-10,0.6177657246589661,0.6177657246589661,0.6177657246589661,0.6177657246589661,12800
1992-07-13,0.6177657246589661,0.6177657246589661,0.6177657246589661,0.6177657246589661,16000
1992-07-14,0.6177657246589661,0.6177657246589661,0.6177657246589661,0.6177657246589661,4800
1992-07-15,0.6148096323013306,0.6177656282499041,0.6148096323013306,0.6177656282499041,30400
1992-07-16,0.6148096323013306,0.6148096323013306,0.6148096323013306,0.6148096323013306,6400
1992-07-17,0.6177657246589661,0.6177657246589661,0.6088980962466821,0.6088980962466821,44800
1992-07-20,0.6148096323013306,0.6148096323013306,0.6148096323013306,0.6148096323013306,406400
1992-07-21,0.6148096323013306,0.6148096323013306,0.6148096323013306,0.6148096323013306,0
1992-07-22,0.6059422492980957,0.6088978838596597,0.6059422492980957,0.6088978838596597,30400
1992-07-23,0.6059422492980957,0.6059422492980957,0.6059422492980957,0.6059422492980957,0
1992-07-24,0.6059422492980957,0.6059422492980957,0.6059422492980957,0.6059422492980957,19200
1992-07-27,0.6029865145683289,0.6059425112249194,0.6029865145683289,0.6059425112249194,9600
1992-07-28,0.5852513909339905,0.5970746513568994,0.5852513909339905,0.5970746513568994,67200
1992-07-29,0.5852513909339905,0.5852513909339905,0.5852513909339905,0.5852513909339905,0
1992-07-30,0.5763839483261108,0.5822955767150085,0.5763839483261108,0.5793395821119786,16000
1992-07-31,0.5763839483261108,0.5763839483261108,0.5763839483261108,0.5763839483261108,0
1992-08-03,0.5675167441368103,0.5734283768882353,0.5675167441368103,0.5734283768882353,22400
1992-08-04,0.5586491823196411,0.5616048167359474,0.5586491823196411,0.5616048167359474,22400
1992-08-05,0.5586491823196411,0.5586491823196411,0.5586491823196411,0.5586491823196411,0
1992-08-06,0.5438697934150696,0.5556930497936581,0.5438697934150696,0.5556930497936581,67200
1992-08-07,0.5468260645866394,0.5468260645866394,0.5468260645866394,0.5468260645866394,1600
1992-08-10,0.5468260645866394,0.5468260645866394,0.5468260645866394,0.5468260645866394,0
1992-08-11,0.5468260645866394,0.5468260645866394,0.5468260645866394,0.5468260645866394,0
1992-08-12,0.5468260645866394,0.5468260645866394,0.5468260645866394,0.5468260645866394,0
1992-08-13,0.5468260645866394,0.5468260645866394,0.5468260645866394,0.5468260645866394,0
1992-08-14,0.5468260645866394,0.5468260645866394,0.5468260645866394,0.5468260645866394,0
1992-08-17,0.5468260645866394,0.5468260645866394,0.5468260645866394,0.5468260645866394,0
1992-08-18,0.5468260645866394,0.5468260645866394,0.5438700685878218,0.5438700685878218,9600
1992-08-19,0.5468260645866394,0.5468260645866394,0.5468260645866394,0.5468260645866394,0
1992-08-20,0.5438697934150696,0.5438697934150696,0.5438697934150696,0.5438697934150696,1600
1992-08-21,0.5438697934150696,0.5438697934150696,0.5438697934150696,0.5438697934150696,0
1992-08-24,0.5438697934150696,0.5438697934150696,0.5438697934150696,0.5438697934150696,3200
1992-08-25,0.5438697934150696,0.5438697934150696,0.5438697934150696,0.5438697934150696,12800
1992-08-26,0.5438697934150696,0.5438697934150696,0.5438697934150696,0.5438697934150696,65600
1992-08-27,0.5438697934150696,0.5468257879182918,0.5438697934150696,0.5468257879182918,56000
1992-08-28,0.5438697934150696,0.5438697934150696,0.5438697934150696,0.5438697934150696,163200
1992-08-31,0.5438697934150696,0.5438697934150696,0.5438697934150696,0.5438697934150696,0
1992-09-01,0.5468260645866394,0.5468260645866394,0.5468260645866394,0.5468260645866394,8000
1992-09-02,0.5527377128601074,0.5527377128601074,0.549781716769877,0.549781716769877,22400
1992-09-03,0.5527377128601074,0.5527377128601074,0.5527377128601074,0.5527377128601074,0
1992-09-04,0.5527377128601074,0.5527377128601074,0.5527377128601074,0.5527377128601074,0
1992-09-08,0.5527377128601074,0.5527377128601074,0.5527377128601074,0.5527377128601074,0
1992-09-09,0.5527377128601074,0.5527377128601074,0.5527377128601074,0.5527377128601074,1600
1992-09-10,0.5527377128601074,0.5527377128601074,0.5527377128601074,0.5527377128601074,0
1992-09-11,0.5527377128601074,0.5527377128601074,0.5527377128601074,0.5527377128601074,0
1992-09-14,0.5497817993164062,0.5497817993164062,0.5497817993164062,0.5497817993164062,3200
1992-09-15,0.5438697934150696,0.5438697934150696,0.5438697934150696,0.5438697934150696,49600
1992-09-16,0.5438697934150696,0.5438697934150696,0.5438697934150696,0.5438697934150696,1600
1992-09-17,0.5438697934150696,0.5438697934150696,0.5438697934150696,0.5438697934150696,0
1992-09-18,0.5468260645866394,0.5468260645866394,0.5468260645866394,0.5468260645866394,8000
1992-09-21,0.5468260645866394,0.5468260645866394,0.5468260645866394,0.5468260645866394,3200
1992-09-22,0.5527377128601074,0.5527377128601074,0.5527377128601074,0.5527377128601074,16000
1992-09-23,0.5586491823196411,0.5586491823196411,0.5497815574362432,0.5497815574362432,48000
1992-09-24,0.5586491823196411,0.5586491823196411,0.5586491823196411,0.5586491823196411,0
1992-09-25,0.5852513909339905,0.5852513909339905,0.5527376051796279,0.5556932398767183,248000
1992-09-28,0.5793397426605225,0.5911630027148188,0.5793397426605225,0.5911630027148188,57600
1992-09-29,0.5793397426605225,0.5793397426605225,0.5734281126333742,0.5793397426605225,60800
1992-09-30,0.5793397426605225,0.5852513726876707,0.5793397426605225,0.5822957380827277,16000
1992-10-01,0.5763839483261108,0.5763839483261108,0.5763839483261108,0.5763839483261108,12800
1992-10-02,0.5704725980758667,0.5704725980758667,0.5704725980758667,0.5704725980758667,16000
1992-10-05,0.566321611404419,0.566321611404419,0.566321611404419,0.566321611404419,1600
1992-10-06,0.566321611404419,0.566321611404419,0.566321611404419,0.566321611404419,0
1992-10-07,0.5603916645050049,0.5633565178380838,0.5603916645050049,0.5633565178380838,81600
1992-10-08,0.5603916645050049,0.5603916645050049,0.5603916645050049,0.5603916645050049,25600
1992-10-09,0.5633565783500671,0.5633565783500671,0.5603917246985235,0.5603917246985235,49600
1992-10-12,0.5603916645050049,0.5633565178380838,0.5603916645050049,0.5633565178380838,224000
1992-10-13,0.5603916645050049,0.5603916645050049,0.5603916645050049,0.5603916645050049,0
1992-10-14,0.5574264526367188,0.5574264526367188,0.5574264526367188,0.5574264526367188,1600
1992-10-15,0.5485315918922424,0.5514964455745155,0.5485315918922424,0.5514964455745155,48000
1992-10-16,0.545566201210022,0.5514962686144788,0.545566201210022,0.5514962686144788,94400
1992-10-19,0.545566201210022,0.545566201210022,0.545566201210022,0.545566201210022,0
1992-10-20,0.545566201210022,0.545566201210022,0.545566201210022,0.545566201210022,0
1992-10-21,0.5574264526367188,0.5574264526367188,0.5455663153465758,0.5455663153465758,35200
1992-10-22,0.5633565783500671,0.5633565783500671,0.5544616554527334,0.5544616554527334,81600
1992-10-23,0.5574264526367188,0.5603916679305877,0.5574264526367188,0.5603916679305877,20800
1992-10-26,0.5574264526367188,0.5603916679305877,0.5574264526367188,0.5603916679305877,6400
1992-10-27,0.5574264526367188,0.5574264526367188,0.5574264526367188,0.5574264526367188,24000
1992-10-28,0.5722518563270569,0.5722518563270569,0.5663217871523863,0.5663217871523863,848000
1992-10-29,0.566321611404419,0.5752165314346932,0.566321611404419,0.5722516787387972,64000
1992-10-30,0.566321611404419,0.5692864641003149,0.566321611404419,0.5692864641003149,14400
1992-11-02,0.5692866444587708,0.5692866444587708,0.5692866444587708,0.5692866444587708,4800
1992-11-03,0.5692866444587708,0.5692866444587708,0.5663217908235652,0.5663217908235652,19200
1992-11-04,0.5692866444587708,0.5752167136718829,0.5663217908235652,0.5663217908235652,246400
1992-11-05,0.566321611404419,0.5722516787387972,0.566321611404419,0.5692864641003149,36800
1992-11-06,0.566321611404419,0.566321611404419,0.566321611404419,0.566321611404419,0
1992-11-09,0.581146776676178,0.581146776676178,0.5692866383766642,0.5692866383766642,230400
1992-11-10,0.581146776676178,0.581146776676178,0.5781819230726482,0.5781819230726482,177600
1992-11-11,0.581146776676178,0.5841119922224051,0.5781819230726482,0.5841119922224051,44800
1992-11-12,0.5930067896842957,0.5930067896842957,0.5841118688103415,0.5841118688103415,536000
1992-11-13,0.6078320145606995,0.6078320145606995,0.5989367335856789,0.5989367335856789,289600
1992-11-16,0.6523073315620422,0.6523073315620422,0.6137620793046484,0.6137620793046484,160000
1992-11-17,0.6641674637794495,0.6671326780711655,0.6552725447893896,0.6552725447893896,70400
1992-11-18,0.6641674637794495,0.6641674637794495,0.6641674637794495,0.6641674637794495,384000
1992-11-19,0.661202609539032,0.6641674618797235,0.661202609539032,0.6641674618797235,19200
1992-11-20,0.6493427753448486,0.6552728446998577,0.6463775596959892,0.6552728446998577,204800
1992-11-23,0.6493427753448486,0.6493427753448486,0.6493427753448486,0.6493427753448486,1600
1992-11-24,0.661202609539032,0.661202609539032,0.6552725429151058,0.6552725429151058,36800
1992-11-25,0.6760275363922119,0.6789927504178195,0.6671326182004123,0.6671326182004123,41600
1992-11-27,0.6730628609657288,0.6730628609657288,0.6730628609657288,0.6730628609657288,107200
1992-11-30,0.6760275363922119,0.6760275363922119,0.6760275363922119,0.6760275363922119,17600
1992-12-01,0.6849228739738464,0.6849228739738464,0.6760275930934512,0.6789928073677636,72000
1992-12-02,0.6849228739738464,0.6849228739738464,0.681957659699534,0.681957659699534,16000
1992-12-03,0.6730628609657288,0.6789929286308779,0.6730628609657288,0.6789929286308779,30400
1992-12-04,0.6789928674697876,0.6789928674697876,0.6789928674697876,0.6789928674697876,4800
1992-12-07,0.6819577217102051,0.6849229362541456,0.6819577217102051,0.6849229362541456,129600
1992-12-08,0.6849228739738464,0.6849228739738464,0.6849228739738464,0.6849228739738464,1600
1992-12-09,0.7205034494400024,0.7264335174932427,0.6908531091738013,0.6908531091738013,187200
1992-12-10,0.7205034494400024,0.7293983705485476,0.7205034494400024,0.7205034494400024,678400
1992-12-11,0.7205034494400024,0.7323635855464828,0.7205034494400024,0.7293983705485476,312000
1992-12-14,0.7175384163856506,0.7234684859425569,0.7175384163856506,0.7175384163856506,136000
1992-12-15,0.7175384163856506,0.7205036321354648,0.7145735625785585,0.7205036321354648,94400
1992-12-16,0.7205034494400024,0.7205034494400024,0.711608166388827,0.7145733813867622,80000
1992-12-17,0.7145734429359436,0.7175382962466237,0.7145734429359436,0.7175382962466237,20800
1992-12-18,0.7193294763565063,0.7193294763565063,0.7104123502214545,0.7133846046510807,32000
1992-12-21,0.7252739667892456,0.7252739667892456,0.7193290982090059,0.7193290982090059,84800
1992-12-22,0.7133843898773193,0.7193292597929637,0.7133843898773193,0.7193292597929637,201600
1992-12-23,0.7133843898773193,0.7133843898773193,0.7133843898773193,0.7133843898773193,0
1992-12-24,0.7163568735122681,0.7163568735122681,0.7133842576822602,0.7133842576822602,248000
1992-12-28,0.7133843898773193,0.7193292597929637,0.7133843898773193,0.7133843898773193,267200
1992-12-29,0.7133843898773193,0.7133843898773193,0.7104121363425293,0.7104121363425293,33600
1992-12-30,0.7133843898773193,0.7133843898773193,0.7104121363425293,0.7104121363425293,4800
1992-12-31,0.7223020792007446,0.7223020792007446,0.7133845903976904,0.7133845903976904,60800
1993-01-04,0.7104122042655945,0.7163570747496325,0.7104122042655945,0.7163570747496325,40000
1993-01-05,0.7074395418167114,0.7074395418167114,0.7074395418167114,0.7074395418167114,4800
1993-01-06,0.7133843898773193,0.7133843898773193,0.707439519961675,0.707439519961675,35200
1993-01-07,0.7014946341514587,0.7104121202459035,0.7014946341514587,0.7104121202459035,91200
1993-01-08,0.6955496668815613,0.7014945358292669,0.6955496668815613,0.6985222827784167,38400
1993-01-11,0.6896049380302429,0.695549808185676,0.6896049380302429,0.6925775545309989,35200
1993-01-12,0.6806876063346863,0.6896047274214626,0.6806876063346863,0.6896047274214626,16000
1993-01-13,0.6687982678413391,0.6747431397206125,0.6687982678413391,0.6747431397206125,32000
1993-01-14,0.6569083333015442,0.6628532034542908,0.6569083333015442,0.6628532034542908,43200
1993-01-15,0.6331287026405334,0.6569081776158401,0.6301560868456239,0.6569081776158401,129600
1993-01-18,0.6331287026405334,0.6361009555894505,0.6331287026405334,0.6361009555894505,84800
1993-01-19,0.6331287026405334,0.6331287026405334,0.6301560868456239,0.6331287026405334,20800
1993-01-20,0.6331287026405334,0.6331287026405334,0.6331287026405334,0.6331287026405334,0
1993-01-21,0.6331287026405334,0.6331287026405334,0.6331287026405334,0.6331287026405334,1600
1993-01-22,0.6331287026405334,0.6331287026405334,0.6331287026405334,0.6331287026405334,0
1993-01-25,0.6301563382148743,0.6301563382148743,0.6301563382148743,0.6301563382148743,3200
1993-01-26,0.6301563382148743,0.6301563382148743,0.6242114670996396,0.6242114670996396,41600
1993-01-27,0.6331287026405334,0.6361009555894505,0.6301560868456239,0.6301560868456239,44800
1993-01-28,0.6420456767082214,0.6420456767082214,0.6361008093312934,0.6361008093312934,262400
1993-01-29,0.6271837949752808,0.6420457844895539,0.6271837949752808,0.6420457844895539,89600
1993-02-01,0.6271837949752808,0.6301560477397473,0.624211179364844,0.624211179364844,249600
1993-02-02,0.6271837949752808,0.6271837949752808,0.6271837949752808,0.6271837949752808,0
1993-02-03,0.6271837949752808,0.6271837949752808,0.6271837949752808,0.6271837949752808,1600
1993-02-04,0.6271837949752808,0.6271837949752808,0.6271837949752808,0.6271837949752808,0
1993-02-05,0.6271837949752808,0.6271837949752808,0.6271837949752808,0.6271837949752808,392000
1993-02-08,0.6361010670661926,0.6361010670661926,0.6301561972805273,0.6301561972805273,20800
1993-02-09,0.6331287026405334,0.6331287026405334,0.6331287026405334,0.6331287026405334,4800
1993-02-10,0.6361010670661926,0.6361010670661926,0.6361010670661926,0.6361010670661926,76800
1993-02-11,0.6301563382148743,0.6331289551955603,0.6301563382148743,0.6331289551955603,20800
1993-02-12,0.6271837949752808,0.6271837949752808,0.6271837949752808,0.6271837949752808,804800
1993-02-16,0.6212392449378967,0.6212392449378967,0.6212392449378967,0.6212392449378967,8000
1993-02-17,0.6212392449378967,0.6212392449378967,0.6212392449378967,0.6212392449378967,1600
1993-02-18,0.6152939796447754,0.6152939796447754,0.6152939796447754,0.6152939796447754,6400
1993-02-19,0.6212392449378967,0.6212392449378967,0.6182666278042215,0.6182666278042215,52800
1993-02-22,0.6212392449378967,0.6242114992254159,0.6182666278042215,0.6242114992254159,11200
1993-02-23,0.6212392449378967,0.6212392449378967,0.6212392449378967,0.6212392449378967,4800
1993-02-24,0.6301563382148743,0.6301563382148743,0.6242114670996396,0.6242114670996396,104000
1993-02-25,0.6301563382148743,0.6361012093301089,0.6301563382148743,0.6331289551955603,17600
1993-02-26,0.6271837949752808,0.6271837949752808,0.6271837949752808,0.6271837949752808,4800
1993-03-01,0.6212392449378967,0.6301563706466103,0.6212392449378967,0.6301563706466103,19200
1993-03-02,0.6242112517356873,0.6242112517356873,0.6242112517356873,0.6242112517356873,6400
1993-03-03,0.6301563382148743,0.6301563382148743,0.621239212965091,0.621239212965091,35200
1993-03-04,0.6331287026405334,0.6331287026405334,0.6301560868456239,0.6301560868456239,33600
1993-03-05,0.6301563382148743,0.6301563382148743,0.6301563382148743,0.6301563382148743,1600
1993-03-08,0.6361010670661926,0.6361010670661926,0.6331288135963881,0.6331288135963881,20800
1993-03-09,0.6420456767082214,0.6420456767082214,0.6420456767082214,0.6420456767082214,8000
1993-03-10,0.6390733122825623,0.6420455640264285,0.6390733122825623,0.6420455640264285,17600
1993-03-11,0.6390733122825623,0.6390733122825623,0.6390733122825623,0.6390733122825623,0
1993-03-12,0.6242112517356873,0.6390736058190668,0.6242112517356873,0.636100989863986,100800
1993-03-15,0.6242112517356873,0.6242112517356873,0.6182663826715378,0.6182663826715378,25600
1993-03-16,0.6242112517356873,0.6242112517356873,0.6242112517356873,0.6242112517356873,20800
1993-03-17,0.6271837949752808,0.6301560477397473,0.6271837949752808,0.6301560477397473,24000
1993-03-18,0.6242112517356873,0.6242112517356873,0.6242112517356873,0.6242112517356873,1600
1993-03-19,0.6242112517356873,0.6242112517356873,0.6242112517356873,0.6242112517356873,0
1993-03-22,0.6230195760726929,0.6230195760726929,0.6230195760726929,0.6230195760726929,0
1993-03-23,0.6289814710617065,0.6349433790154384,0.6289814710617065,0.6289814710617065,62400
1993-03-24,0.6319620609283447,0.6319620609283447,0.6289812897536975,0.6289812897536975,22400
1993-03-25,0.6289814710617065,0.6289814710617065,0.6289814710617065,0.6289814710617065,1600
1993-03-26,0.6230195760726929,0.6230195760726929,0.6200384400907992,0.6230195760726929,38400
1993-03-29,0.6230195760726929,0.6230195760726929,0.6230195760726929,0.6230195760726929,0
1993-03-30,0.6319620609283447,0.6319620609283447,0.6289812897536975,0.6289812897536975,16000
1993-03-31,0.634942889213562,0.6379236589480378,0.634942889213562,0.634942889213562,374400
1993-04-01,0.6319620609283447,0.6319620609283447,0.6319620609283447,0.6319620609283447,6400
1993-04-02,0.637924075126648,0.637924075126648,0.637924075126648,0.637924075126648,16000
1993-04-05,0.637924075126648,0.637924075126648,0.6349433034475309,0.6349433034475309,6400
1993-04-06,0.637924075126648,0.637924075126648,0.637924075126648,0.637924075126648,0
1993-04-07,0.6528288722038269,0.6528288722038269,0.6379239256430708,0.6379239256430708,104000
1993-04-08,0.6617711782455444,0.6617711782455444,0.6498473732321112,0.652828506428295,33600
1993-04-12,0.6677332520484924,0.6707143860094383,0.6677332520484924,0.6677332520484924,57600
1993-04-13,0.6796571016311646,0.6796571016311646,0.6736951972308911,0.6736951972308911,19200
1993-04-14,0.691581130027771,0.691581130027771,0.6856192237344282,0.6856192237344282,22400
1993-04-15,0.6975430250167847,0.6975430250167847,0.6886003476646358,0.69158111882006,32000
1993-04-16,0.6975430250167847,0.7005241600580852,0.6945622538613605,0.7005241600580852,102400
1993-04-19,0.691581130027771,0.7005241714107264,0.691581130027771,0.7005241714107264,30400
1993-04-20,0.685619056224823,0.694562095422826,0.6826382857493508,0.694562095422826,1558400
1993-04-21,0.6886002421379089,0.6886002421379089,0.6886002421379089,0.6886002421379089,4800
1993-04-22,0.6886002421379089,0.6886002421379089,0.6886002421379089,0.6886002421379089,0
1993-04-23,0.685619056224823,0.685619056224823,0.685619056224823,0.685619056224823,3200
1993-04-26,0.6766763925552368,0.6826382974945525,0.6766763925552368,0.6826382974945525,400000
1993-04-27,0.67369544506073,0.67369544506073,0.67369544506073,0.67369544506073,11200
1993-04-28,0.67369544506073,0.6766765803004091,0.67369544506073,0.6766765803004091,94400
1993-04-29,0.685619056224823,0.685619056224823,0.6796571513880854,0.6796571513880854,224000
1993-04-30,0.685619056224823,0.685619056224823,0.6766763809126132,0.6796571513880854,502400
1993-05-03,0.7035046815872192,0.7035046815872192,0.691580873424724,0.691580873424724,48000
1993-05-04,0.7273523807525635,0.7273523807525635,0.7035047617114959,0.7035047617114959,262400
1993-05-05,0.7094665765762329,0.7213903845859175,0.7094665765762329,0.7213903845859175,105600
1993-05-06,0.7124480605125427,0.7184099674461794,0.7124480605125427,0.7154288320364004,150400
1993-05-07,0.7005239725112915,0.7094666474692752,0.7005239725112915,0.7094666474692752,72000
1993-05-10,0.6945618391036987,0.7005237417402728,0.6945618391036987,0.6975426084791563,20800
1993-05-11,0.7005239725112915,0.7035047428686931,0.7005239725112915,0.7035047428686931,32000
1993-05-12,0.7064856290817261,0.7064856290817261,0.6945618240667235,0.6945618240667235,121600
1993-05-13,0.7064856290817261,0.7064856290817261,0.7035044958851498,0.7064856290817261,17600
1993-05-14,0.7064856290817261,0.7064856290817261,0.7064856290817261,0.7064856290817261,0
1993-05-17,0.7064856290817261,0.7064856290817261,0.7064856290817261,0.7064856290817261,0
1993-05-18,0.7035046815872192,0.7035046815872192,0.7035046815872192,0.7035046815872192,4800
1993-05-19,0.6975430250167847,0.6975430250167847,0.6975430250167847,0.6975430250167847,17600
1993-05-20,0.6975430250167847,0.6975430250167847,0.6945622538613605,0.6945622538613605,164800
1993-05-21,0.7035046815872192,0.7035046815872192,0.7035046815872192,0.7035046815872192,81600
1993-05-24,0.7035046815872192,0.7035046815872192,0.7005239114894689,0.7005239114894689,14400
1993-05-25,0.7094665765762329,0.7094665765762329,0.7094665765762329,0.7094665765762329,9600
1993-05-26,0.7064856290817261,0.7094663983926511,0.7064856290817261,0.7094663983926511,49600
1993-05-27,0.7005239725112915,0.7035047428686931,0.7005239725112915,0.7035047428686931,11200
1993-05-28,0.6975430250167847,0.6975430250167847,0.6975430250167847,0.6975430250167847,3200
1993-06-01,0.6975430250167847,0.6975430250167847,0.6945622538613605,0.6945622538613605,88000
1993-06-02,0.7064856290817261,0.7064856290817261,0.7005237265742248,0.7005237265742248,22400
1993-06-03,0.7035046815872192,0.7035046815872192,0.7035046815872192,0.7035046815872192,6400
1993-06-04,0.6975430250167847,0.7035049312135093,0.6975430250167847,0.7035049312135093,11200
1993-06-07,0.691581130027771,0.691581130027771,0.691581130027771,0.691581130027771,8000
1993-06-08,0.691581130027771,0.691581130027771,0.6856192237344282,0.6856192237344282,22400
1993-06-09,0.6975430250167847,0.6975430250167847,0.6975430250167847,0.6975430250167847,25600
1993-06-10,0.6975430250167847,0.6975430250167847,0.6975430250167847,0.6975430250167847,72000
1993-06-11,0.6826381087303162,0.7094664915957078,0.6826381087303162,0.6945619153117567,260800
1993-06-14,0.691581130027771,0.691581130027771,0.6886003588240407,0.6886003588240407,27200
1993-06-15,0.691581130027771,0.691581130027771,0.691581130027771,0.691581130027771,65600
1993-06-16,0.691581130027771,0.6945622651173835,0.691581130027771,0.6945622651173835,28800
1993-06-17,0.6886002421379089,0.6915810128365355,0.6886002421379089,0.6915810128365355,3200
1993-06-18,0.6796571016311646,0.6886001401744579,0.6796571016311646,0.6856190060314379,144000
1993-06-21,0.6874282956123352,0.6874282956123352,0.6724843846524733,0.6754730209060338,78400
1993-06-22,0.6844397783279419,0.6874284151009865,0.681450776708804,0.6844397783279419,40000
1993-06-23,0.6814507842063904,0.6814507842063904,0.6814507842063904,0.6814507842063904,3200
1993-06-24,0.6784623265266418,0.6784623265266418,0.6784623265266418,0.6784623265266418,3200
1993-06-25,0.6784623265266418,0.6784623265266418,0.6784623265266418,0.6784623265266418,0
1993-06-28,0.6784623265266418,0.6784623265266418,0.6784623265266418,0.6784623265266418,3200
1993-06-29,0.660529375076294,0.6724846545813294,0.660529375076294,0.6724846545813294,67200
1993-06-30,0.660529375076294,0.660529375076294,0.660529375076294,0.660529375076294,0
1993-07-01,0.6575403809547424,0.6575403809547424,0.6575403809547424,0.6575403809547424,52800
1993-07-02,0.6515629291534424,0.6515629291534424,0.6515629291534424,0.6515629291534424,9600
1993-07-06,0.6515629291534424,0.6515629291534424,0.645585287601576,0.645585287601576,118400
1993-07-07,0.65455162525177,0.65455162525177,0.65455162525177,0.65455162525177,9600
1993-07-08,0.6396074295043945,0.6396074295043945,0.6396074295043945,0.6396074295043945,142400
1993-07-09,0.6396074295043945,0.6455850690324729,0.6396074295043945,0.6455850690324729,46400
1993-07-12,0.65455162525177,0.65455162525177,0.6455849847077713,0.6455849847077713,92800
1993-07-13,0.6694954037666321,0.6694954037666321,0.6575401286993707,0.6575401286993707,64000
1993-07-14,0.6754732728004456,0.6754732728004456,0.6724846354323761,0.6724846354323761,65600
1993-07-15,0.6694954037666321,0.6754730413002626,0.6694954037666321,0.6754730413002626,17600
1993-07-16,0.6724844574928284,0.6724844574928284,0.6724844574928284,0.6724844574928284,14400
1993-07-19,0.6635181307792664,0.6694957715970976,0.6605294927934714,0.6694957715970976,59200
1993-07-20,0.65455162525177,0.6575402622023596,0.65455162525177,0.6575402622023596,30400
1993-07-21,0.645584762096405,0.6515623987824829,0.645584762096405,0.6515623987824829,70400
1993-07-22,0.6366185545921326,0.6455848281151633,0.6366185545921326,0.6455848281151633,83200
1993-07-23,0.6336293816566467,0.6366183819176136,0.6336293816566467,0.6366183819176136,22400
1993-07-26,0.6306410431861877,0.633629680008461,0.6306410431861877,0.633629680008461,12800
1993-07-27,0.6306410431861877,0.6366186816768336,0.6306410431861877,0.6306410431861877,11200
1993-07-28,0.6396074295043945,0.6396074295043945,0.6396074295043945,0.6396074295043945,1600
1993-07-29,0.6396074295043945,0.6396074295043945,0.6396074295043945,0.6396074295043945,0
1993-07-30,0.6396074295043945,0.6396074295043945,0.6396074295043945,0.6396074295043945,3200
1993-08-02,0.6366185545921326,0.6366185545921326,0.6366185545921326,0.6366185545921326,1600
1993-08-03,0.6396074295043945,0.6396074295043945,0.6396074295043945,0.6396074295043945,6400
1993-08-04,0.6396074295043945,0.6396074295043945,0.6396074295043945,0.6396074295043945,0
1993-08-05,0.6396074295043945,0.6396074295043945,0.6396074295043945,0.6396074295043945,0
1993-08-06,0.6366185545921326,0.6425961918894952,0.6366185545921326,0.6425961918894952,25600
1993-08-09,0.6366185545921326,0.6366185545921326,0.6366185545921326,0.6366185545921326,0
1993-08-10,0.6396074295043945,0.642596431691515,0.6366187921634365,0.6366187921634365,24000
1993-08-11,0.6425963044166565,0.6425963044166565,0.6396073028215481,0.6425963044166565,11200
1993-08-12,0.645584762096405,0.645584762096405,0.645584762096405,0.645584762096405,20800
1993-08-13,0.645584762096405,0.645584762096405,0.645584762096405,0.645584762096405,0
1993-08-16,0.645584762096405,0.645584762096405,0.645584762096405,0.645584762096405,0
1993-08-17,0.6425963044166565,0.6425963044166565,0.6425963044166565,0.6425963044166565,9600
1993-08-18,0.645584762096405,0.645584762096405,0.645584762096405,0.645584762096405,272000
1993-08-19,0.645584762096405,0.645584762096405,0.645584762096405,0.645584762096405,4800
1993-08-20,0.6515629291534424,0.6515629291534424,0.645585287601576,0.645585287601576,20800
1993-08-23,0.6396074295043945,0.6485740712195934,0.6396074295043945,0.6455850690324729,857600
1993-08-24,0.6485738158226013,0.6485738158226013,0.645584814812497,0.645584814812497,158400
1993-08-25,0.645584762096405,0.645584762096405,0.645584762096405,0.645584762096405,8000
1993-08-26,0.6575403809547424,0.6575403809547424,0.6485741036375409,0.6485741036375409,20800
1993-08-27,0.6754732728004456,0.6754732728004456,0.6545517166854616,0.6545517166854616,36800
1993-08-30,0.6814507842063904,0.6814507842063904,0.6784621474004636,0.6784621474004636,4800
1993-08-31,0.6874282956123352,0.6874282956123352,0.6814506582591845,0.6814506582591845,126400
1993-09-01,0.6814507842063904,0.6904174243163652,0.6814507842063904,0.6844397858584145,84800
1993-09-02,0.6784623265266418,0.687428604157777,0.6784623265266418,0.6844399665627965,187200
1993-09-03,0.6724844574928284,0.6754730940701039,0.6724844574928284,0.6754730940701039,27200
1993-09-07,0.6694954037666321,0.6694954037666321,0.6694954037666321,0.6694954037666321,8000
1993-09-08,0.6784623265266418,0.6784623265266418,0.6665070464543327,0.6665070464543327,185600
1993-09-09,0.6754732728004456,0.6784622750146809,0.6754732728004456,0.6784622750146809,12800
1993-09-10,0.6724844574928284,0.6724844574928284,0.6724844574928284,0.6724844574928284,12800
1993-09-13,0.6694954037666321,0.6754730413002626,0.6694954037666321,0.6754730413002626,89600
1993-09-14,0.6724844574928284,0.6724844574928284,0.6724844574928284,0.6724844574928284,1600
1993-09-15,0.6754732728004456,0.6754732728004456,0.6754732728004456,0.6754732728004456,1600
1993-09-16,0.6754732728004456,0.6754732728004456,0.6754732728004456,0.6754732728004456,0
1993-09-17,0.6754732728004456,0.6754732728004456,0.6754732728004456,0.6754732728004456,0
1993-09-20,0.6784623265266418,0.6784623265266418,0.6784623265266418,0.6784623265266418,8000
1993-09-21,0.6724844574928284,0.6784620954934488,0.6724844574928284,0.6784620954934488,14400
1993-09-22,0.6814507842063904,0.6814507842063904,0.6754731457484396,0.6754731457484396,43200
1993-09-23,0.6874282956123352,0.6904172967119255,0.6874282956123352,0.6874282956123352,104000
1993-09-24,0.6934060454368591,0.6934060454368591,0.6874284071141276,0.6904174086985378,35200
1993-09-27,0.6963945627212524,0.7083498310525543,0.6874279290498584,0.6874279290498584,155200
1993-09-28,0.6934060454368591,0.6934060454368591,0.6934060454368591,0.6934060454368591,8000
1993-09-29,0.6934060454368591,0.6934060454368591,0.6934060454368591,0.6934060454368591,0
1993-09-30,0.6934060454368591,0.6934060454368591,0.6934060454368591,0.6934060454368591,25600
1993-10-01,0.7083500623703003,0.7083500623703003,0.6963947901349024,0.6963947901349024,124800
1993-10-04,0.707151472568512,0.707151472568512,0.7041552509097496,0.7041552509097496,3200
1993-10-05,0.7131444811820984,0.7131444811820984,0.7131444811820984,0.7131444811820984,9600
1993-10-06,0.704155445098877,0.7101482558411135,0.704155445098877,0.7101482558411135,145600
1993-10-07,0.707151472568512,0.707151472568512,0.707151472568512,0.707151472568512,9600
1993-10-08,0.7131444811820984,0.7131444811820984,0.7041554479188149,0.7071516704158622,259200
1993-10-11,0.707151472568512,0.707151472568512,0.707151472568512,0.707151472568512,6400
1993-10-12,0.704155445098877,0.7101482558411135,0.704155445098877,0.7101482558411135,75200
1993-10-13,0.6921699047088623,0.6921699047088623,0.6861770932645093,0.6921699047088623,75200
1993-10-14,0.6951658129692078,0.6951658129692078,0.6951658129692078,0.6951658129692078,11200
1993-10-15,0.7011585831642151,0.7011585831642151,0.6921695534455443,0.6921695534455443,27200
1993-10-18,0.707151472568512,0.707151472568512,0.7041552509097496,0.7041552509097496,142400
1993-10-19,0.7131444811820984,0.7161410694512872,0.710148258685051,0.7131444811820984,62400
1993-10-20,0.707151472568512,0.7191370907476392,0.707151472568512,0.716140869088877,83200
1993-10-21,0.704155445098877,0.704155445098877,0.704155445098877,0.704155445098877,9600
1993-10-22,0.7131444811820984,0.7131444811820984,0.7071516704158622,0.7071516704158622,25600
1993-10-25,0.7101479768753052,0.7101479768753052,0.7101479768753052,0.7101479768753052,4800
1993-10-26,0.7011585831642151,0.7071513915673281,0.7011585831642151,0.7071513915673281,36800
1993-10-27,0.6981623768806458,0.7041551854127885,0.6981623768806458,0.7041551854127885,41600
1993-10-28,0.68917316198349,0.6921697499216427,0.68917316198349,0.6921697499216427,16000
1993-10-29,0.6652019619941711,0.683180393399419,0.6652019619941711,0.683180393399419,308800
1993-11-01,0.6771875619888306,0.6771875619888306,0.6711947517057435,0.6711947517057435,54400
1993-11-02,0.6771875619888306,0.6771875619888306,0.6771875619888306,0.6771875619888306,19200
1993-11-03,0.6771875619888306,0.6771875619888306,0.6771875619888306,0.6771875619888306,0
1993-11-04,0.6681987643241882,0.6711949876328575,0.6681987643241882,0.6711949876328575,48000
1993-11-05,0.6681987643241882,0.6771878000224365,0.6652021752432784,0.6652021752432784,121600
1993-11-08,0.6711946725845337,0.6711946725845337,0.6681984506822443,0.6681984506822443,6400
1993-11-09,0.680184543132782,0.680184543132782,0.6771879533732872,0.6771879533732872,32000
1993-11-10,0.680184543132782,0.680184543132782,0.680184543132782,0.680184543132782,0
1993-11-11,0.680184543132782,0.680184543132782,0.680184543132782,0.680184543132782,3200
1993-11-12,0.680184543132782,0.680184543132782,0.680184543132782,0.680184543132782,3200
1993-11-15,0.680184543132782,0.680184543132782,0.680184543132782,0.680184543132782,0
1993-11-16,0.6831802725791931,0.6831802725791931,0.6831802725791931,0.6831802725791931,3200
1993-11-17,0.707151472568512,0.707151472568512,0.6891730452998209,0.6891730452998209,150400
1993-11-18,0.7011585831642151,0.7011585831642151,0.6981623618486573,0.7011585831642151,25600
1993-11-19,0.7011585831642151,0.7011585831642151,0.6981623618486573,0.6981623618486573,4800
1993-11-22,0.6951658129692078,0.6951658129692078,0.69216959148897,0.6951658129692078,25600
1993-11-23,0.707151472568512,0.707151472568512,0.7011586634789483,0.7011586634789483,49600
1993-11-24,0.7011585831642151,0.7041551702517702,0.7011585831642151,0.7011585831642151,41600
1993-11-26,0.7161411046981812,0.7161411046981812,0.7071517052203178,0.7071517052203178,83200
1993-11-29,0.7161411046981812,0.719137327342696,0.7161411046981812,0.7161411046981812,35200
1993-11-30,0.7011585831642151,0.7101479786548832,0.6981623618486573,0.7101479786548832,107200
1993-12-01,0.704155445098877,0.704155445098877,0.704155445098877,0.704155445098877,8000
1993-12-02,0.704155445098877,0.7071516675839252,0.704155445098877,0.7071516675839252,6400
1993-12-03,0.6711946725845337,0.7071515300444194,0.6711946725845337,0.7071515300444194,507200
1993-12-06,0.6711946725845337,0.6771874821611813,0.6711946725845337,0.6771874821611813,56000
1993-12-07,0.6771875619888306,0.6771875619888306,0.6771875619888306,0.6771875619888306,11200
1993-12-08,0.6711946725845337,0.6801840698355396,0.6711946725845337,0.6801840698355396,20800
1993-12-09,0.6831802725791931,0.6891730819877825,0.6741912413523383,0.6741912413523383,344000
1993-12-10,0.680184543132782,0.6861773568794483,0.680184543132782,0.6831807671199535,211200
1993-12-13,0.680184543132782,0.680184543132782,0.680184543132782,0.680184543132782,0
1993-12-14,0.680184543132782,0.680184543132782,0.680184543132782,0.680184543132782,3200
1993-12-15,0.6741911768913269,0.6801839857269297,0.6741911768913269,0.6771873984231165,33600
1993-12-16,0.6681987643241882,0.6711949876328575,0.6681987643241882,0.6711949876328575,16000
1993-12-17,0.6399562954902649,0.6669965112140963,0.6309426457430641,0.6669965112140963,404800
1993-12-20,0.6369518041610718,0.6369518041610718,0.6369518041610718,0.6369518041610718,16000
1993-12-21,0.6429608464241028,0.6459655197401767,0.6369518665509804,0.6369518665509804,123200
1993-12-22,0.6219298839569092,0.6369521571129967,0.609911918728362,0.6369521571129967,115200
1993-12-23,0.6279385089874268,0.6279385089874268,0.6219295297950064,0.6219295297950064,41600
1993-12-27,0.6279385089874268,0.630942815204145,0.6279385089874268,0.630942815204145,8000
1993-12-28,0.6249337792396545,0.6339474305889325,0.6249337792396545,0.6309427578861897,62400
1993-12-29,0.6399562954902649,0.6399562954902649,0.6279383403332541,0.6279383403332541,99200
1993-12-30,0.6399562954902649,0.6399562954902649,0.6399562954902649,0.6399562954902649,0
1993-12-31,0.633947491645813,0.6399564708710861,0.633947491645813,0.6369517978789566,68800
1994-01-03,0.6399562954902649,0.6429606009000749,0.6309426457430641,0.6369516233215695,148800
1994-01-04,0.6519744396209717,0.6519744396209717,0.6429607872611789,0.6429607872611789,27200
1994-01-05,0.6609877347946167,0.6609877347946167,0.6579834284705033,0.6579834284705033,27200
1994-01-06,0.6639925241470337,0.6669968309972203,0.6639925241470337,0.6639925241470337,35200
1994-01-07,0.6700012683868408,0.6700012683868408,0.6669965958369383,0.6669965958369383,16000
1994-01-10,0.6760103106498718,0.6760103106498718,0.6700013317408017,0.6730056378158534,22400
1994-01-11,0.6760103106498718,0.682019289558942,0.6760103106498718,0.6790146167249236,118400
1994-01-12,0.6760103106498718,0.6760103106498718,0.6760103106498718,0.6760103106498718,11200
1994-01-13,0.6760103106498718,0.6760103106498718,0.6760103106498718,0.6760103106498718,11200
1994-01-14,0.6760103106498718,0.6790146167249236,0.6760103106498718,0.6760103106498718,43200
1994-01-17,0.685024082660675,0.685024082660675,0.6730061162982071,0.679015099479441,116800
1994-01-18,0.685024082660675,0.6880287576309058,0.685024082660675,0.685024082660675,40000
1994-01-19,0.6760103106498718,0.6850235956339937,0.6730056378158534,0.6850235956339937,374400
1994-01-20,0.6790148019790649,0.6790148019790649,0.6730058214305776,0.6730058214305776,12800
1994-01-21,0.6700012683868408,0.6760102467277141,0.6700012683868408,0.6760102467277141,36800
1994-01-24,0.6700012683868408,0.6760102467277141,0.6700012683868408,0.6760102467277141,36800
1994-01-25,0.6730054020881653,0.6730054020881653,0.6730054020881653,0.6730054020881653,19200
1994-01-26,0.6790148019790649,0.6790148019790649,0.6760104950843546,0.6760104950843546,179200
1994-01-27,0.6790148019790649,0.6790148019790649,0.6790148019790649,0.6790148019790649,0
1994-01-28,0.6730054020881653,0.6790143788925239,0.6730054020881653,0.6790143788925239,20800
1994-01-31,0.6760103106498718,0.6760103106498718,0.6700013317408017,0.6760103106498718,41600
1994-02-01,0.6760103106498718,0.6760103106498718,0.6760103106498718,0.6760103106498718,27200
1994-02-02,0.6700012683868408,0.6730055741778116,0.6700012683868408,0.6730055741778116,12800
1994-02-03,0.6730054020881653,0.6730054020881653,0.6700010970654051,0.6700010970654051,14400
1994-02-04,0.6760103106498718,0.6760103106498718,0.6669966589067834,0.6730056378158534,163200
1994-02-07,0.6669967770576477,0.6730057570311401,0.6669967770576477,0.6730057570311401,40000
1994-02-08,0.6639925241470337,0.6700015046064681,0.6639925241470337,0.6700015046064681,25600
1994-02-09,0.6609877347946167,0.6669967142018405,0.6609877347946167,0.6669967142018405,59200
1994-02-10,0.6639925241470337,0.6639925241470337,0.6639925241470337,0.6639925241470337,14400
1994-02-11,0.6579832434654236,0.6579832434654236,0.6579832434654236,0.6579832434654236,8000
1994-02-14,0.65497887134552,0.6639925254316408,0.65497887134552,0.65497887134552,128000
1994-02-15,0.6639925241470337,0.6639925241470337,0.6609878505377859,0.6609878505377859,22400
1994-02-16,0.6609877347946167,0.6639924078777271,0.6579834284705033,0.6639924078777271,51200
1994-02-17,0.65497887134552,0.6579835449605809,0.6519745644895211,0.6579835449605809,48000
1994-02-18,0.6609877347946167,0.6609877347946167,0.6609877347946167,0.6609877347946167,4800
1994-02-22,0.6639925241470337,0.6639925241470337,0.6639925241470337,0.6639925241470337,1600
1994-02-23,0.6730054020881653,0.6730054020881653,0.6669964252838066,0.6669964252838066,22400
1994-02-24,0.6730054020881653,0.6730054020881653,0.6669964252838066,0.6669964252838066,17600
1994-02-25,0.685024082660675,0.685024082660675,0.6730061162982071,0.6730061162982071,75200
1994-02-28,0.7030503749847412,0.7030503749847412,0.6940370920182253,0.6940370920182253,48000
1994-03-01,0.7060553431510925,0.7090596498131545,0.7030506697299922,0.7030506697299922,36800
1994-03-02,0.697041392326355,0.7000460644658233,0.697041392326355,0.7000460644658233,40000
1994-03-03,0.685024082660675,0.6940377408121398,0.685024082660675,0.6940377408121398,20800
1994-03-04,0.6760103106498718,0.6850235956339937,0.6760103106498718,0.6850235956339937,27200
1994-03-07,0.6790148019790649,0.6790148019790649,0.6790148019790649,0.6790148019790649,14400
1994-03-08,0.6730054020881653,0.6790143788925239,0.6730054020881653,0.6790143788925239,16000
1994-03-09,0.6730054020881653,0.6730054020881653,0.6669964252838066,0.6700010970654051,230400
1994-03-10,0.6730054020881653,0.6730054020881653,0.6730054020881653,0.6730054020881653,0
1994-03-11,0.685024082660675,0.6880287576309058,0.6760107912684378,0.679015099479441,65600
1994-03-14,0.697041392326355,0.697041392326355,0.682019131905659,0.682019131905659,30400
1994-03-15,0.7030503749847412,0.7030503749847412,0.6940370920182253,0.7000460695821974,44800
1994-03-16,0.7060553431510925,0.7060553431510925,0.7030506697299922,0.7060553431510925,56000
1994-03-17,0.7300914525985718,0.7330957600388365,0.7150688151198487,0.7150688151198487,390400
1994-03-18,0.7300914525985718,0.7300914525985718,0.7270867783991738,0.7270867783991738,36800
1994-03-21,0.7204451560974121,0.726473984315924,0.7204451560974121,0.726473984315924,12800
1994-03-22,0.7204451560974121,0.7204451560974121,0.7204451560974121,0.7204451560974121,16000
1994-03-23,0.7053727507591248,0.7174304046182551,0.7053727507591248,0.7144161751386694,52800
1994-03-24,0.6993438005447388,0.7053726264115038,0.6993438005447388,0.6993438005447388,32000
1994-03-25,0.7023586630821228,0.7023586630821228,0.7023586630821228,0.7023586630821228,16000
1994-03-28,0.6933151483535767,0.6963297460272809,0.6933151483535767,0.6963297460272809,35200
1994-03-29,0.6903011798858643,0.6963300095443846,0.6903011798858643,0.6933154107298443,38400
1994-03-30,0.6933151483535767,0.6963297460272809,0.6812574935996014,0.6903009186502933,94400
1994-03-31,0.6752286553382874,0.6993439644575119,0.6752286553382874,0.6993439644575119,92800
1994-04-04,0.6541280150413513,0.6691999008961266,0.6541280150413513,0.6691999008961266,38400
1994-04-05,0.663171112537384,0.663171112537384,0.6601568823747254,0.6601568823747254,6400
1994-04-06,0.663171112537384,0.663171112537384,0.6601568823747254,0.663171112537384,11200
1994-04-07,0.6661856174468994,0.6661856174468994,0.6661856174468994,0.6661856174468994,1600
1994-04-08,0.6782432794570923,0.6782432794570923,0.6722144519417866,0.6722144519417866,57600
1994-04-11,0.6782432794570923,0.6782432794570923,0.6782432794570923,0.6782432794570923,0
1994-04-12,0.672214686870575,0.672214686870575,0.672214686870575,0.672214686870575,20800
1994-04-13,0.6782432794570923,0.6782432794570923,0.6752286817142248,0.6752286817142248,27200
1994-04-14,0.6842725276947021,0.6842725276947021,0.6752290968762108,0.6752290968762108,6400
1994-04-15,0.6842725276947021,0.6903013589168112,0.6842725276947021,0.6872867593204288,27200
1994-04-18,0.6842725276947021,0.6842725276947021,0.6782436964725931,0.6782436964725931,25600
1994-04-19,0.6903011798858643,0.6903011798858643,0.6842723502273438,0.6842723502273438,12800
1994-04-20,0.6842725276947021,0.6842725276947021,0.6842725276947021,0.6842725276947021,4800
1994-04-21,0.6842725276947021,0.6872867593204288,0.6812579280983199,0.6872867593204288,30400
1994-04-22,0.6812577247619629,0.6812577247619629,0.6812577247619629,0.6812577247619629,4800
1994-04-25,0.6782432794570923,0.6812575092295303,0.6752286817142248,0.6752286817142248,52800
1994-04-26,0.687286376953125,0.687286376953125,0.6842721470043456,0.6842721470043456,49600
1994-04-28,0.6933151483535767,0.6933151483535767,0.6933151483535767,0.6933151483535767,78400
1994-04-29,0.6933151483535767,0.6933151483535767,0.6933151483535767,0.6933151483535767,3200
1994-05-02,0.6933151483535767,0.6933151483535767,0.6933151483535767,0.6933151483535767,0
1994-05-03,0.6903011798858643,0.6903011798858643,0.6903011798858643,0.6903011798858643,3200
1994-05-04,0.6963300108909607,0.6963300108909607,0.6963300108909607,0.6963300108909607,17600
1994-05-05,0.6903011798858643,0.6933154107298443,0.6903011798858643,0.6933154107298443,292800
1994-05-06,0.6903011798858643,0.6903011798858643,0.6903011798858643,0.6903011798858643,3200
1994-05-09,0.6903011798858643,0.6933154107298443,0.6872865810713239,0.6933154107298443,20800
1994-05-10,0.6903011798858643,0.6933154107298443,0.6903011798858643,0.6933154107298443,164800
1994-05-11,0.6993438005447388,0.6993438005447388,0.6933149746779738,0.6933149746779738,100800
1994-05-12,0.6933151483535767,0.7023585734042685,0.6933151483535767,0.7023585734042685,104000
1994-05-13,0.6933151483535767,0.6933151483535767,0.6933151483535767,0.6933151483535767,14400
1994-05-16,0.6903011798858643,0.6903011798858643,0.6872865810713239,0.6872865810713239,107200
1994-05-17,0.7053727507591248,0.7053727507591248,0.6872862699704293,0.6903008674204086,140800
1994-05-18,0.6933151483535767,0.7053728031075519,0.6933151483535767,0.7053728031075519,41600
1994-05-19,0.6933151483535767,0.6963297460272809,0.6933151483535767,0.6963297460272809,30400
1994-05-20,0.6933151483535767,0.6933151483535767,0.6903009186502933,0.6903009186502933,16000
1994-05-23,0.6963300108909607,0.6963300108909607,0.6933154120705907,0.6963300108909607,40000
1994-05-24,0.711401641368866,0.711401641368866,0.7023585841502378,0.7023585841502378,25600
1994-05-25,0.711401641368866,0.711401641368866,0.711401641368866,0.711401641368866,25600
1994-05-26,0.7174304127693176,0.7174304127693176,0.7174304127693176,0.7174304127693176,4800
1994-05-27,0.7204451560974121,0.7204451560974121,0.71743055800292,0.71743055800292,11200
1994-05-31,0.7325031161308289,0.741546178221387,0.7325031161308289,0.741546178221387,203200
1994-06-01,0.7445605993270874,0.7445605993270874,0.7415460007048077,0.7415460007048077,46400
1994-06-02,0.7536037564277649,0.759632586479187,0.7536037564277649,0.756618355438768,142400
1994-06-03,0.7656611204147339,0.7656611204147339,0.7505892351004522,0.7505892351004522,62400
1994-06-06,0.7656611204147339,0.7656611204147339,0.7656611204147339,0.7656611204147339,4800
1994-06-07,0.7747046947479248,0.7747046947479248,0.7656612674463728,0.7656612674463728,62400
1994-06-08,0.7897762656211853,0.8018339185314324,0.7807332099236823,0.7807332099236823,241600
1994-06-09,0.7837477326393127,0.7837477326393127,0.7777189039267026,0.7837477326393127,142400
1994-06-10,0.7897762656211853,0.8048485157441765,0.7867620363788058,0.7897762656211853,379200
1994-06-13,0.7897762656211853,0.7897762656211853,0.7897762656211853,0.7897762656211853,17600
1994-06-14,0.7747046947479248,0.7867623525029858,0.7747046947479248,0.7867623525029858,48000
1994-06-15,0.7566180229187012,0.7716899074381411,0.7566180229187012,0.7716899074381411,51200
1994-06-16,0.7325031161308289,0.75058960828257,0.7294885167868929,0.75058960828257,107200
1994-06-17,0.7445605993270874,0.7475748299788305,0.7355171714307849,0.7355171714307849,220800
1994-06-20,0.7348832488059998,0.7379072743636961,0.7348832488059998,0.7379072743636961,27200
1994-06-21,0.719761848449707,0.7318586862387778,0.719761848449707,0.7318586862387778,56000
1994-06-22,0.719761848449707,0.719761848449707,0.719761848449707,0.719761848449707,16000
1994-06-23,0.7227861881256104,0.7227861881256104,0.719761794322685,0.719761794322685,9600
1994-06-24,0.7106893658638,0.7197618091268507,0.7106893658638,0.7197618091268507,76800
1994-06-27,0.7106893658638,0.7137133905627595,0.7016165534345772,0.7137133905627595,52800
1994-06-28,0.7106893658638,0.7106893658638,0.7106893658638,0.7106893658638,0
1994-06-29,0.7167378067970276,0.7167378067970276,0.7106893880441674,0.7106893880441674,78400
1994-06-30,0.689519464969635,0.7076647140477833,0.689519464969635,0.7076647140477833,265600
1994-07-01,0.6955680847167969,0.6985924783638557,0.6955680847167969,0.6955680847167969,16000
1994-07-05,0.6925442814826965,0.6925442814826965,0.6925442814826965,0.6925442814826965,3200
1994-07-06,0.6925442814826965,0.6925442814826965,0.6925442814826965,0.6925442814826965,1600
1994-07-07,0.6955680847167969,0.6955680847167969,0.6955680847167969,0.6955680847167969,1600
1994-07-08,0.7016163468360901,0.7016163468360901,0.7016163468360901,0.7016163468360901,6400
1994-07-11,0.7167378067970276,0.7167378067970276,0.7076649940846454,0.7076649940846454,57600
1994-07-12,0.7167378067970276,0.7197618315903659,0.7167378067970276,0.7197618315903659,8000
1994-07-13,0.7106893658638,0.7137133905627595,0.7106893658638,0.7137133905627595,20800
1994-07-14,0.7106893658638,0.7197618091268507,0.7106893658638,0.7106893658638,83200
1994-07-15,0.7106893658638,0.7106893658638,0.7106893658638,0.7106893658638,0
1994-07-18,0.7076647281646729,0.7137131446447128,0.7076647281646729,0.7137131446447128,28800
1994-07-19,0.7046408653259277,0.70766488967309,0.7046408653259277,0.7046408653259277,81600
1994-07-20,0.7076647281646729,0.7076647281646729,0.701616311684633,0.701616311684633,20800
1994-07-21,0.7016163468360901,0.7046407398106567,0.7016163468360901,0.7046407398106567,44800
1994-07-22,0.7016163468360901,0.7016163468360901,0.6985923230275869,0.6985923230275869,6400
1994-07-25,0.7046408653259277,0.7046408653259277,0.7016164718126362,0.7046408653259277,36800
1994-07-26,0.7016163468360901,0.7046407398106567,0.7016163468360901,0.7046407398106567,14400
1994-07-27,0.689519464969635,0.7046406904511107,0.689519464969635,0.7046406904511107,441600
1994-07-28,0.6864960193634033,0.6864960193634033,0.683471624054325,0.683471624054325,46400
1994-07-29,0.689519464969635,0.689519464969635,0.689519464969635,0.689519464969635,6400
1994-08-01,0.689519464969635,0.689519464969635,0.6834710486102522,0.6834710486102522,14400
1994-08-02,0.6774227023124695,0.6834711192974022,0.6774227023124695,0.6834711192974022,32000
1994-08-03,0.6532291769981384,0.6713744319147533,0.6532291769981384,0.6713744319147533,97600
1994-08-04,0.6532291769981384,0.6562535707339857,0.6532291769981384,0.6532291769981384,24000
1994-08-05,0.6532291769981384,0.6532291769981384,0.6532291769981384,0.6532291769981384,4800
1994-08-08,0.656253457069397,0.6592774811153201,0.656253457069397,0.6592774811153201,25600
1994-08-09,0.656253457069397,0.656253457069397,0.656253457069397,0.656253457069397,1600
1994-08-10,0.656253457069397,0.656253457069397,0.656253457069397,0.656253457069397,8000
1994-08-11,0.6532291769981384,0.6532291769981384,0.6532291769981384,0.6532291769981384,8000
1994-08-12,0.656253457069397,0.656253457069397,0.656253457069397,0.656253457069397,11200
1994-08-15,0.6532291769981384,0.6532291769981384,0.6532291769981384,0.6532291769981384,4800
1994-08-16,0.650205135345459,0.6532291598356991,0.6471807416890722,0.6471807416890722,67200
1994-08-17,0.650205135345459,0.650205135345459,0.650205135345459,0.650205135345459,0
1994-08-18,0.6320598125457764,0.6471806716938886,0.6320598125457764,0.6471806716938886,24000
1994-08-19,0.6169387102127075,0.6320599416147374,0.6169387102127075,0.6320599416147374,73600
1994-08-22,0.61089026927948,0.6199630816241408,0.61089026927948,0.6199630816241408,99200
1994-08-23,0.6169387102127075,0.6169387102127075,0.6078662667044352,0.6078662667044352,73600
1994-08-24,0.6199629902839661,0.6199629902839661,0.6169385968926118,0.6169385968926118,107200
1994-08-25,0.6290351152420044,0.6290351152420044,0.6229867006723697,0.6229867006723697,48000
1994-08-26,0.6290351152420044,0.6290351152420044,0.6290351152420044,0.6290351152420044,152000
1994-08-29,0.6290351152420044,0.6290351152420044,0.6229867006723697,0.6229867006723697,65600
1994-08-30,0.6320598125457764,0.6320598125457764,0.6320598125457764,0.6320598125457764,1600
1994-08-31,0.6350838541984558,0.6381082476110308,0.6350838541984558,0.6381082476110308,20800
1994-09-01,0.6350838541984558,0.6350838541984558,0.6350838541984558,0.6350838541984558,33600
1994-09-02,0.6350838541984558,0.6350838541984558,0.6320598299519978,0.6320598299519978,8000
1994-09-06,0.6350838541984558,0.6350838541984558,0.6350838541984558,0.6350838541984558,1600
1994-09-07,0.6350838541984558,0.6350838541984558,0.6350838541984558,0.6350838541984558,19200
1994-09-08,0.6320598125457764,0.6320598125457764,0.6320598125457764,0.6320598125457764,12800
1994-09-09,0.6320598125457764,0.6320598125457764,0.6320598125457764,0.6320598125457764,1600
1994-09-12,0.6290351152420044,0.6290351152420044,0.6290351152420044,0.6290351152420044,68800
1994-09-13,0.6320598125457764,0.6350838367089561,0.6290354192164899,0.6350838367089561,40000
1994-09-14,0.6320598125457764,0.6320598125457764,0.6290354192164899,0.6320598125457764,38400
1994-09-15,0.6441567540168762,0.6441567540168762,0.6350839416952881,0.6350839416952881,67200
1994-09-16,0.6471809148788452,0.6471809148788452,0.6441568895793565,0.6471809148788452,28800
1994-09-19,0.6471809148788452,0.6471809148788452,0.6471809148788452,0.6471809148788452,62400
1994-09-20,0.6471809148788452,0.6471809148788452,0.6441568895793565,0.6471809148788452,59200
1994-09-21,0.6471809148788452,0.6471809148788452,0.6471809148788452,0.6471809148788452,0
1994-09-22,0.6381086707115173,0.6471811186325309,0.6320602490420544,0.6471811186325309,57600
1994-09-23,0.6350838541984558,0.6350838541984558,0.6350838541984558,0.6350838541984558,25600
1994-09-26,0.595769464969635,0.6290355853827352,0.595769464969635,0.6290355853827352,283200
1994-09-27,0.5866965055465698,0.5957693165040575,0.5836724813381489,0.5957693165040575,64000
1994-09-28,0.5927450656890869,0.5927450656890869,0.5866966466514432,0.5866966466514432,28800
1994-09-29,0.5987933874130249,0.6018177810234339,0.5957693629687568,0.5957693629687568,54400
1994-09-30,0.5987933874130249,0.6048418054677018,0.5987933874130249,0.6018177810234339,491200
1994-10-03,0.5981864333152771,0.6012227263995016,0.5981864333152771,0.5981864333152771,180800
1994-10-04,0.5830036401748657,0.5951495493451754,0.5830036401748657,0.592113257384464,124800
1994-10-05,0.5799673199653625,0.5799673199653625,0.5769306574888275,0.5799673199653625,78400
1994-10-06,0.5951496362686157,0.5951496362686157,0.5860403883923156,0.5860403883923156,131200
1994-10-07,0.6042588353157043,0.6072951256119999,0.60122217435588,0.60122217435588,300800
1994-10-10,0.5981864333152771,0.6042593901475952,0.5981864333152771,0.6042593901475952,52800
1994-10-11,0.6042588353157043,0.6042588353157043,0.5981858840595844,0.5981858840595844,44800
1994-10-12,0.6012225151062012,0.6042591777870918,0.5951495604081587,0.5951495604081587,70400
1994-10-13,0.616405189037323,0.6194414815561886,0.6042592776342605,0.6042592776342605,48000
1994-10-14,0.6255147457122803,0.6255147457122803,0.6194417870160446,0.6194417870160446,12800
1994-10-17,0.6285511255264282,0.6285511255264282,0.6285511255264282,0.6285511255264282,4800
1994-10-18,0.6255147457122803,0.6255147457122803,0.6255147457122803,0.6255147457122803,1600
1994-10-19,0.6194412708282471,0.6255142244638181,0.6194412708282471,0.6194412708282471,20800
1994-10-20,0.6194412708282471,0.6255142244638181,0.6164049793422985,0.6255142244638181,32000
1994-10-21,0.613368570804596,0.613368570804596,0.6103322780632195,0.613368570804596,32000
1994-10-24,0.6042588353157043,0.6133680768681199,0.6042588353157043,0.6133680768681199,22400
1994-10-25,0.6042588353157043,0.6072951256119999,0.60122217435588,0.6072951256119999,16000
1994-10-26,0.5981864333152771,0.6012227263995016,0.5981864333152771,0.6012227263995016,43200
1994-10-27,0.5981864333152771,0.5981864333152771,0.5981864333152771,0.5981864333152771,17600
1994-10-28,0.5951496362686157,0.5981862993365731,0.5951496362686157,0.5981862993365731,32000
1994-10-31,0.5981864333152771,0.5981864333152771,0.5981864333152771,0.5981864333152771,4800
1994-11-01,0.5951496362686157,0.5981862993365731,0.5951496362686157,0.5981862993365731,25600
1994-11-02,0.5890765190124512,0.5890765190124512,0.5890765190124512,0.5890765190124512,4800
1994-11-03,0.6012225151062012,0.6012225151062012,0.5890766057101162,0.5890766057101162,67200
1994-11-04,0.5981864333152771,0.6012227263995016,0.5981864333152771,0.6012227263995016,46400
1994-11-07,0.6042588353157043,0.6042588353157043,0.60122217435588,0.60122217435588,81600
1994-11-08,0.6042588353157043,0.6042588353157043,0.6042588353157043,0.6042588353157043,0
1994-11-09,0.6012225151062012,0.6042591777870918,0.6012225151062012,0.6012225151062012,19200
1994-11-10,0.5981864333152771,0.5981864333152771,0.5981864333152771,0.5981864333152771,6400
1994-11-11,0.5981864333152771,0.5981864333152771,0.5981864333152771,0.5981864333152771,25600
1994-11-14,0.6072954535484314,0.6103321161480381,0.5981862070770695,0.5981862070770695,59200
1994-11-15,0.6072954535484314,0.6072954535484314,0.6042591616125538,0.6072954535484314,30400
1994-11-16,0.616405189037323,0.616405189037323,0.6072955701531261,0.6072955701531261,36800
1994-11-17,0.616405189037323,0.616405189037323,0.616405189037323,0.616405189037323,30400
1994-11-18,0.6406970620155334,0.6437333547721669,0.6255144862408791,0.6255144862408791,110400
1994-11-21,0.6376602649688721,0.6406969277529805,0.634623972848515,0.6376602649688721,57600
1994-11-22,0.6437331438064575,0.6437331438064575,0.6376601896196042,0.6376601896196042,108800
1994-11-23,0.6406970620155334,0.6406970620155334,0.637660398595071,0.6406970620155334,6400
1994-11-25,0.6406970620155334,0.6406970620155334,0.6406970620155334,0.6406970620155334,0
1994-11-28,0.6315871477127075,0.6376601010560989,0.6315871477127075,0.6376601010560989,35200
1994-11-29,0.6315871477127075,0.6315871477127075,0.6315871477127075,0.6315871477127075,0
1994-11-30,0.6255147457122803,0.6285514103923896,0.6255147457122803,0.6285514103923896,24000
1994-12-01,0.6194412708282471,0.6224779329778696,0.6194412708282471,0.6224779329778696,43200
1994-12-02,0.616405189037323,0.6194414815561886,0.6133685258546573,0.6194414815561886,22400
1994-12-05,0.6103325486183167,0.6133688427056557,0.6103325486183167,0.6133688427056557,8000
1994-12-06,0.6072954535484314,0.6072954535484314,0.6042591616125538,0.6042591616125538,19200
1994-12-07,0.6012225151062012,0.6012225151062012,0.6012225151062012,0.6012225151062012,30400
1994-12-08,0.6012225151062012,0.6012225151062012,0.6012225151062012,0.6012225151062012,48000
1994-12-09,0.6042588353157043,0.6042588353157043,0.60122217435588,0.60122217435588,38400
1994-12-12,0.6012225151062012,0.6012225151062012,0.5981862230890493,0.5981862230890493,104000
1994-12-13,0.6194412708282471,0.6194412708282471,0.6164049793422985,0.6194412708282471,104000
1994-12-14,0.6194412708282471,0.6194412708282471,0.6194412708282471,0.6194412708282471,0
1994-12-15,0.6194412708282471,0.6194412708282471,0.613368317192676,0.613368317192676,43200
1994-12-16,0.6285511255264282,0.6315874181664749,0.6255144622225666,0.6255144622225666,99200
1994-12-19,0.6218443512916565,0.6248927939664545,0.6218443512916565,0.6248927939664545,14400
1994-12-20,0.6096515655517578,0.6218445968627929,0.6096515655517578,0.6218445968627929,41600
1994-12-21,0.6096515655517578,0.6127000094304094,0.6096515655517578,0.6096515655517578,192000
1994-12-22,0.5974587202072144,0.6035552377603491,0.5974587202072144,0.6035552377603491,75200
1994-12-23,0.5974587202072144,0.5974587202072144,0.5974587202072144,0.5974587202072144,27200
1994-12-27,0.6035551428794861,0.6035551428794861,0.5852655930952593,0.5913621096900016,172800
1994-12-28,0.6066035628318787,0.6066035628318787,0.6005070464823212,0.6005070464823212,59200
1994-12-29,0.6370859146118164,0.6370859146118164,0.6066033438672724,0.60965141489088,172800
1994-12-30,0.6370859146118164,0.640133985635424,0.6340374714865152,0.6340374714865152,64000
1995-01-03,0.6370859146118164,0.640133985635424,0.6370859146118164,0.640133985635424,27200
1995-01-04,0.6370859146118164,0.6370859146118164,0.6370859146118164,0.6370859146118164,4800
1995-01-05,0.6370859146118164,0.6370859146118164,0.6370859146118164,0.6370859146118164,9600
1995-01-06,0.6370859146118164,0.6370859146118164,0.6370859146118164,0.6370859146118164,0
1995-01-09,0.6370859146118164,0.6370859146118164,0.6370859146118164,0.6370859146118164,0
1995-01-10,0.6340376734733582,0.6370861175698093,0.6340376734733582,0.6370861175698093,72000
1995-01-11,0.6309895515441895,0.6309895515441895,0.6218445920803517,0.6309895515441895,46400
1995-01-12,0.6187968254089355,0.6279414172794986,0.6157483800507704,0.6279414172794986,110400
1995-01-13,0.6157484650611877,0.6157484650611877,0.6157484650611877,0.6157484650611877,1600
1995-01-16,0.6096515655517578,0.6096515655517578,0.6096515655517578,0.6096515655517578,20800
1995-01-17,0.6035551428794861,0.612700103822521,0.6035551428794861,0.612700103822521,30400
1995-01-18,0.5913620591163635,0.5974585751897281,0.5913620591163635,0.5974585751897281,20800
1995-01-19,0.5944105386734009,0.5944105386734009,0.5944105386734009,0.5944105386734009,1600
1995-01-20,0.6005070209503174,0.603555092944586,0.5913620607638873,0.5913620607638873,76800
1995-01-23,0.6187968254089355,0.6187968254089355,0.6035553428220423,0.6035553428220423,86400
1995-01-24,0.6157484650611877,0.6248934302962736,0.6157484650611877,0.6187969108402223,99200
1995-01-25,0.6218443512916565,0.6279408645396138,0.6187962807184971,0.6187962807184971,91200
1995-01-26,0.6187968254089355,0.6187968254089355,0.6187968254089355,0.6187968254089355,3200
1995-01-27,0.6066035628318787,0.6157481513053008,0.6066035628318787,0.6157481513053008,72000
1995-01-30,0.6066035628318787,0.6066035628318787,0.6066035628318787,0.6066035628318787,0
1995-01-31,0.6066035628318787,0.6096516349557434,0.6066035628318787,0.6096516349557434,16000
1995-02-01,0.6127002239227295,0.6127002239227295,0.6127002239227295,0.6127002239227295,8000
1995-02-02,0.6157484650611877,0.6157484650611877,0.6157484650611877,0.6157484650611877,6400
1995-02-03,0.6157484650611877,0.6187969108402223,0.6157484650611877,0.6157484650611877,38400
1995-02-06,0.6096515655517578,0.618796525085927,0.6096515655517578,0.618796525085927,20800
1995-02-07,0.6066035628318787,0.6066035628318787,0.6005070464823212,0.6035551186061859,59200
1995-02-08,0.6005070209503174,0.603555092944586,0.5974585768542366,0.603555092944586,17600
1995-02-09,0.6005070209503174,0.603555092944586,0.6005070209503174,0.603555092944586,20800
1995-02-10,0.6005070209503174,0.6066035370406667,0.6005070209503174,0.603555092944586,27200
1995-02-13,0.5974587202072144,0.5974587202072144,0.5974587202072144,0.5974587202072144,51200
1995-02-14,0.5913620591163635,0.5944105032039514,0.5913620591163635,0.5944105032039514,17600
1995-02-15,0.5913620591163635,0.5913620591163635,0.5913620591163635,0.5913620591163635,396800
1995-02-16,0.5852654576301575,0.5883139012728595,0.5852654576301575,0.5883139012728595,25600
1995-02-17,0.579168975353241,0.579168975353241,0.576120903639113,0.576120903639113,51200
1995-02-21,0.5883136987686157,0.5883136987686157,0.5852652561752221,0.5852652561752221,38400
1995-02-22,0.5852654576301575,0.5852654576301575,0.5852654576301575,0.5852654576301575,6400
1995-02-23,0.5608794689178467,0.5822174608514932,0.5608794689178467,0.5822174608514932,232000
1995-02-24,0.566976010799408,0.566976010799408,0.566976010799408,0.566976010799408,417600
1995-02-27,0.5761209726333618,0.5761209726333618,0.5669760121922529,0.5669760121922529,152000
1995-02-28,0.5761209726333618,0.5761209726333618,0.5730725284523847,0.5730725284523847,33600
1995-03-01,0.5761209726333618,0.5761209726333618,0.5761209726333618,0.5761209726333618,0
1995-03-02,0.5761209726333618,0.5761209726333618,0.5761209726333618,0.5761209726333618,0
1995-03-03,0.566976010799408,0.5761209712180511,0.566976010799408,0.5761209712180511,214400
1995-03-06,0.5761209726333618,0.5761209726333618,0.5700244563732301,0.5730725284523847,99200
1995-03-07,0.5852654576301575,0.5852654576301575,0.57916894244651,0.57916894244651,46400
1995-03-08,0.5883136987686157,0.5913617692603806,0.5883136987686157,0.5913617692603806,32000
1995-03-09,0.5944105386734009,0.5944105386734009,0.5883140222362472,0.5883140222362472,73600
1995-03-10,0.5944105386734009,0.5944105386734009,0.5944105386734009,0.5944105386734009,0
1995-03-13,0.5974587202072144,0.5974587202072144,0.5944106474815977,0.5974587202072144,51200
1995-03-14,0.6127002239227295,0.6127002239227295,0.6035552611871182,0.6035552611871182,142400
1995-03-15,0.6187968254089355,0.6187968254089355,0.6096518614364064,0.6096518614364064,104000
1995-03-16,0.6127002239227295,0.6127002239227295,0.6127002239227295,0.6127002239227295,17600
1995-03-17,0.5974587202072144,0.6066036825878673,0.5974587202072144,0.6066036825878673,60800
1995-03-20,0.5944105386734009,0.5944105386734009,0.5944105386734009,0.5944105386734009,3200
1995-03-21,0.5913620591163635,0.5913620591163635,0.5883139871305868,0.5913620591163635,136000
1995-03-22,0.5974587202072144,0.5974587202072144,0.5944106474815977,0.5944106474815977,17600
1995-03-23,0.5974587202072144,0.5974587202072144,0.5974587202072144,0.5974587202072144,0
1995-03-24,0.5989826321601868,0.5989826321601868,0.5989826321601868,0.5989826321601868,25600
1995-03-27,0.599901020526886,0.599901020526886,0.5968404878458943,0.5968404878458943,24000
1995-03-28,0.6060225367546082,0.6060225367546082,0.6060225367546082,0.6060225367546082,54400
1995-03-29,0.636629581451416,0.6458119256876671,0.6121438283186693,0.6121438283186693,160000
1995-03-30,0.6396904587745667,0.642750990967712,0.6396904587745667,0.642750990967712,54400
1995-03-31,0.6396904587745667,0.6458118967837829,0.6396904587745667,0.6458118967837829,43200
1995-04-03,0.6274476647377014,0.6366296361397686,0.6274476647377014,0.6366296361397686,56000
1995-04-04,0.6243867874145508,0.6305082265068502,0.6243867874145508,0.6305082265068502,62400
1995-04-05,0.6335692405700684,0.6335692405700684,0.6274478004371355,0.6274478004371355,16000
1995-04-06,0.636629581451416,0.6396904874044804,0.636629581451416,0.6396904874044804,326400
1995-04-07,0.6335692405700684,0.6335692405700684,0.6335692405700684,0.6335692405700684,1600
1995-04-10,0.636629581451416,0.636629581451416,0.636629581451416,0.636629581451416,16000
1995-04-11,0.636629581451416,0.636629581451416,0.636629581451416,0.636629581451416,0
1995-04-12,0.6335692405700684,0.6366297738250072,0.6335692405700684,0.6366297738250072,20800
1995-04-13,0.6335692405700684,0.6335692405700684,0.6335692405700684,0.6335692405700684,0
1995-04-17,0.636629581451416,0.636629581451416,0.6335690491212937,0.6335690491212937,19200
1995-04-18,0.6335692405700684,0.6366297738250072,0.6335692405700684,0.6366297738250072,12800
1995-04-19,0.6305079460144043,0.6305079460144043,0.6305079460144043,0.6305079460144043,48000
1995-04-20,0.6305079460144043,0.6335688510103529,0.6305079460144043,0.6305079460144043,28800
1995-04-21,0.6335692405700684,0.6335692405700684,0.6305083336920745,0.6305083336920745,166400
1995-04-24,0.642751157283783,0.642751157283783,0.6366297176906041,0.6366297176906041,134400
1995-04-25,0.6488726139068604,0.6488726139068604,0.6488726139068604,0.6488726139068604,27200
1995-04-26,0.651933491230011,0.651933491230011,0.651933491230011,0.651933491230011,6400
1995-04-27,0.654994010925293,0.654994010925293,0.654994010925293,0.654994010925293,6400
1995-04-28,0.654994010925293,0.654994010925293,0.6519334780595758,0.6519334780595758,110400
1995-05-01,0.6672367453575134,0.6702976511843782,0.6549938692959077,0.6549938692959077,604800
1995-05-02,0.6764189600944519,0.6764189600944519,0.6702975232321621,0.6702975232321621,27200
1995-05-03,0.6764189600944519,0.6764189600944519,0.6764189600944519,0.6764189600944519,9600
1995-05-04,0.6794795393943787,0.6794795393943787,0.6794795393943787,0.6794795393943787,12800
1995-05-05,0.6856014132499695,0.6856014132499695,0.6794799720602376,0.6794799720602376,62400
1995-05-08,0.6947837471961975,0.6947837471961975,0.6856013987936552,0.6856013987936552,75200
1995-05-09,0.6947837471961975,0.6947837471961975,0.6886623061355399,0.6947837471961975,155200
1995-05-10,0.6947837471961975,0.6947837471961975,0.6947837471961975,0.6947837471961975,11200
1995-05-11,0.6978437900543213,0.6978437900543213,0.6978437900543213,0.6978437900543213,24000
1995-05-12,0.6978437900543213,0.6978437900543213,0.6978437900543213,0.6978437900543213,30400
1995-05-15,0.6978437900543213,0.6978437900543213,0.6978437900543213,0.6978437900543213,49600
1995-05-16,0.6978437900543213,0.6978437900543213,0.6947832584883145,0.6978437900543213,665600
1995-05-17,0.6856014132499695,0.6917228544397013,0.6856014132499695,0.6917228544397013,392000
1995-05-18,0.654994010925293,0.679479768343061,0.648872571570851,0.679479768343061,224000
1995-05-19,0.6396904587745667,0.6488724289769284,0.6396904587745667,0.6488724289769284,142400
1995-05-22,0.6305079460144043,0.6396902873794247,0.6305079460144043,0.6396902873794247,68800
1995-05-23,0.6274476647377014,0.6305081973307324,0.6274476647377014,0.6305081973307324,28800
1995-05-24,0.6060225367546082,0.6305082958154005,0.6060225367546082,0.6305082958154005,240000
1995-05-25,0.6060225367546082,0.6060225367546082,0.6060225367546082,0.6060225367546082,1600
1995-05-26,0.6090831756591797,0.6121437073846688,0.6090831756591797,0.6121437073846688,14400
1995-05-30,0.599901020526886,0.6060224595118542,0.599901020526886,0.6060224595118542,129600
1995-05-31,0.599901020526886,0.599901020526886,0.599901020526886,0.599901020526886,64000
1995-06-01,0.599901020526886,0.599901020526886,0.5968404878458943,0.599901020526886,44800
1995-06-02,0.599901020526886,0.599901020526886,0.599901020526886,0.599901020526886,0
1995-06-05,0.599901020526886,0.599901020526886,0.599901020526886,0.599901020526886,1600
1995-06-06,0.5968406796455383,0.5999012133100575,0.5937797723579141,0.5999012133100575,41600
1995-06-07,0.5968406796455383,0.5968406796455383,0.5968406796455383,0.5968406796455383,0
1995-06-08,0.5815367698669434,0.590719116202672,0.5815367698669434,0.590719116202672,214400
1995-06-09,0.5784760117530823,0.581536543592126,0.5784760117530823,0.581536543592126,46400
1995-06-12,0.5754149556159973,0.5845972959744532,0.5754149556159973,0.5845972959744532,84800
1995-06-13,0.5784760117530823,0.581536543592126,0.5754151062911563,0.5754151062911563,142400
1995-06-14,0.5815367698669434,0.584597676519862,0.5784762368370522,0.5784762368370522,38400
1995-06-15,0.5784760117530823,0.581536543592126,0.5754151062911563,0.581536543592126,27200
1995-06-16,0.5784760117530823,0.5784760117530823,0.5754151062911563,0.5784760117530823,17600
1995-06-19,0.572354793548584,0.572354793548584,0.5692938869149481,0.5692938869149481,49600
1995-06-20,0.572354793548584,0.572354793548584,0.5692938869149481,0.5692938869149481,57600
1995-06-21,0.5748141407966614,0.5748141407966614,0.5717400817750471,0.5717400817750471,11200
1995-06-22,0.571739673614502,0.571739673614502,0.571739673614502,0.571739673614502,19200
1995-06-23,0.571739673614502,0.571739673614502,0.5702028328150552,0.571739673614502,32000
1995-06-26,0.571739673614502,0.571739673614502,0.5686659920156085,0.571739673614502,33600
1995-06-27,0.5686656832695007,0.5686656832695007,0.5686656832695007,0.5686656832695007,99200
1995-06-28,0.5563703775405884,0.5686658513511198,0.5563703775405884,0.5686658513511198,7843200
1995-06-29,0.5532967448234558,0.5563708032422153,0.5256320951964678,0.5563708032422153,2206400
1995-06-30,0.5686656832695007,0.5686656832695007,0.5502224780049976,0.5502224780049976,1580800
1995-07-03,0.5625181794166565,0.5655918606102579,0.5625181794166565,0.5655918606102579,36800
1995-07-05,0.5502226948738098,0.5686659074076562,0.5410009009928268,0.5686659074076562,227200
1995-07-06,0.5471488833427429,0.553296623605021,0.5471488833427429,0.5502229410880257,238400
1995-07-07,0.5471488833427429,0.5471488833427429,0.5471488833427429,0.5471488833427429,76800
1995-07-10,0.5471488833427429,0.5502229410880257,0.5471488833427429,0.5471488833427429,507200
1995-07-11,0.5471488833427429,0.5502229410880257,0.5471488833427429,0.5471488833427429,774400
1995-07-12,0.5563703775405884,0.55944405837918,0.5471485845686486,0.5471485845686486,150400
1995-07-13,0.5563703775405884,0.5686658513511198,0.5532963214739143,0.5532963214739143,835200
1995-07-14,0.544075608253479,0.5594447828041438,0.544075608253479,0.5563710979854382,177600
1995-07-17,0.5532967448234558,0.5532967448234558,0.5502230616330659,0.5532967448234558,123200
1995-07-18,0.5532967448234558,0.5594444864326052,0.5471490032143063,0.5502230616330659,200000
1995-07-19,0.5502226948738098,0.5563704323850919,0.5502226948738098,0.5532963760153911,115200
1995-07-20,0.5532967448234558,0.5563708032422153,0.5502230616330659,0.5502230616330659,49600
1995-07-21,0.5532967448234558,0.5563708032422153,0.5471490032143063,0.5502230616330659,83200
1995-07-24,0.5532967448234558,0.5563708032422153,0.5502230616330659,0.5563708032422153,72000
1995-07-25,0.5532967448234558,0.5532967448234558,0.5502230616330659,0.5532967448234558,28800
1995-07-26,0.5563703775405884,0.5655917952844457,0.5563703775405884,0.5563703775405884,88000
1995-07-27,0.5563703775405884,0.5625181144458541,0.5563703775405884,0.5563703775405884,24000
1995-07-28,0.5532967448234558,0.5563708032422153,0.5532967448234558,0.5563708032422153,22400
1995-07-31,0.5563703775405884,0.5563703775405884,0.5502226406353227,0.5532963214739143,41600
1995-08-01,0.5502226948738098,0.5532963760153911,0.5502226948738098,0.5532963760153911,54400
1995-08-02,0.5502226948738098,0.5502226948738098,0.5502226948738098,0.5502226948738098,385600
1995-08-03,0.5502226948738098,0.5502226948738098,0.5502226948738098,0.5502226948738098,1600
1995-08-04,0.5471488833427429,0.5502229410880257,0.5471488833427429,0.5471488833427429,64000
1995-08-07,0.5502226948738098,0.5502226948738098,0.5471486385041089,0.5502226948738098,32000
1995-08-08,0.5471488833427429,0.5502229410880257,0.5471488833427429,0.5502229410880257,24000
1995-08-09,0.5502226948738098,0.5502226948738098,0.5502226948738098,0.5502226948738098,24000
1995-08-10,0.5532967448234558,0.5532967448234558,0.5532967448234558,0.5532967448234558,6400
1995-08-11,0.5532967448234558,0.5532967448234558,0.5532967448234558,0.5532967448234558,241600
1995-08-14,0.5502226948738098,0.5532963760153911,0.5502226948738098,0.5502226948738098,27200
1995-08-15,0.5471488833427429,0.5471488833427429,0.5471488833427429,0.5471488833427429,25600
1995-08-16,0.5471488833427429,0.5502229410880257,0.5471488833427429,0.5471488833427429,20800
1995-08-17,0.5471488833427429,0.5471488833427429,0.5440752008257477,0.5471488833427429,164800
1995-08-18,0.5532967448234558,0.5532967448234558,0.5502230616330659,0.5502230616330659,1755200
1995-08-21,0.5532967448234558,0.5532967448234558,0.5532967448234558,0.5532967448234558,3200
1995-08-22,0.5502226948738098,0.5502226948738098,0.5502226948738098,0.5502226948738098,134400
1995-08-23,0.5502226948738098,0.5532963760153911,0.5502226948738098,0.5502226948738098,216000
1995-08-24,0.5502226948738098,0.5502226948738098,0.5502226948738098,0.5502226948738098,30400
1995-08-25,0.5502226948738098,0.5532963760153911,0.5502226948738098,0.5502226948738098,38400
1995-08-28,0.5532967448234558,0.5532967448234558,0.5502230616330659,0.5502230616330659,59200
1995-08-29,0.5502226948738098,0.5502226948738098,0.5502226948738098,0.5502226948738098,809600
1995-08-30,0.5563703775405884,0.5625181144458541,0.5502226406353227,0.5502226406353227,4705600
1995-08-31,0.5563703775405884,0.5625181144458541,0.5563703775405884,0.5563703775405884,145600
1995-09-01,0.5655921697616577,0.5686662278636584,0.5563707459123179,0.5563707459123179,161600
1995-09-05,0.5594442486763,0.5655919876727429,0.5594442486763,0.5655919876727429,104000
1995-09-06,0.5594442486763,0.5625183057886266,0.5594442486763,0.5594442486763,140800
1995-09-07,0.5563703775405884,0.55944405837918,0.5563703775405884,0.55944405837918,48000
1995-09-08,0.5625181794166565,0.5625181794166565,0.5563704418013276,0.5563704418013276,59200
1995-09-11,0.5594442486763,0.5625183057886266,0.5594442486763,0.5594442486763,28800
1995-09-12,0.5625181794166565,0.5625181794166565,0.5594441229949291,0.5594441229949291,38400
1995-09-13,0.5625181794166565,0.5655918606102579,0.5625181794166565,0.5655918606102579,20800
1995-09-14,0.5686656832695007,0.5717393631995988,0.562517948181333,0.562517948181333,99200
1995-09-15,0.5686656832695007,0.5717393631995988,0.565591628111431,0.5717393631995988,56000
1995-09-18,0.5594442486763,0.5655919876727429,0.5594442486763,0.5655919876727429,97600
1995-09-19,0.5594442486763,0.5594442486763,0.5563705667921838,0.5594442486763,33600
1995-09-20,0.5594442486763,0.5594442486763,0.5594442486763,0.5594442486763,9600
1995-09-21,0.5625181794166565,0.5655918606102579,0.5625181794166565,0.5625181794166565,812800
1995-09-22,0.5594442486763,0.5625183057886266,0.5563705667921838,0.5625183057886266,81600
1995-09-25,0.5563703775405884,0.5563703775405884,0.5563703775405884,0.5563703775405884,4800
1995-09-26,0.5532967448234558,0.5625185448513649,0.5532967448234558,0.5625185448513649,56000
1995-09-27,0.5502226948738098,0.5502226948738098,0.5502226948738098,0.5502226948738098,19200
1995-09-28,0.5563703775405884,0.55944405837918,0.5532963214739143,0.5532963214739143,105600
1995-09-29,0.5655921697616577,0.5717399107373279,0.5532966878103174,0.5532966878103174,249600
1995-10-02,0.5686656832695007,0.5748134183576685,0.565591628111431,0.565591628111431,185600
1995-10-03,0.5655921697616577,0.5686662278636584,0.5655921697616577,0.5655921697616577,360000
1995-10-04,0.571739673614502,0.571739673614502,0.5655919351885396,0.5655919351885396,46400
1995-10-05,0.571739673614502,0.571739673614502,0.5655919351885396,0.5686659920156085,72000
1995-10-06,0.5686656832695007,0.5717393631995988,0.565591628111431,0.5717393631995988,32000
1995-10-09,0.5594442486763,0.5655919876727429,0.5502228277957408,0.5655919876727429,382400
1995-10-10,0.5594442486763,0.5625183057886266,0.5594442486763,0.5594442486763,160000
1995-10-11,0.5650016069412231,0.5650016069412231,0.5619139790535251,0.5619139790535251,110400
1995-10-12,0.5619146227836609,0.5619146227836609,0.5619146227836609,0.5619146227836609,14400
1995-10-13,0.5588271617889404,0.5619144151881382,0.5588271617889404,0.5619144151881382,33600
1995-10-16,0.5650016069412231,0.5650016069412231,0.5557391001628271,0.558826728050525,83200
1995-10-17,0.5650016069412231,0.5650016069412231,0.558826728050525,0.5619139790535251,41600
1995-10-18,0.5650016069412231,0.5650016069412231,0.5619139790535251,0.5650016069412231,49600
1995-10-19,0.5557392239570618,0.5650017327987371,0.5557392239570618,0.5588268525325475,164800
1995-10-20,0.5495645999908447,0.5557394831368093,0.5495645999908447,0.5557394831368093,27200
1995-10-23,0.5495645999908447,0.5495645999908447,0.5464773468603413,0.5495645999908447,30400
1995-10-24,0.5495645999908447,0.5495645999908447,0.5495645999908447,0.5495645999908447,4800
1995-10-25,0.5495645999908447,0.5495645999908447,0.5495645999908447,0.5495645999908447,3200
1995-10-26,0.5433892607688904,0.5433892607688904,0.5433892607688904,0.5433892607688904,20800
1995-10-27,0.5372146368026733,0.5403022656864778,0.5372146368026733,0.5403022656864778,35200
1995-10-30,0.5341273546218872,0.5341273546218872,0.5341273546218872,0.5341273546218872,33600
1995-10-31,0.5372146368026733,0.5403022656864778,0.531039755919884,0.531039755919884,35200
1995-11-01,0.5433892607688904,0.5464768881928525,0.5372143828056075,0.5372143828056075,51200
1995-11-02,0.5403023362159729,0.5433895886179587,0.5372147069291183,0.5372147069291183,56000
1995-11-03,0.5526519417762756,0.5526519417762756,0.5433894334456175,0.5433894334456175,94400
1995-11-06,0.5526519417762756,0.5526519417762756,0.5526519417762756,0.5526519417762756,3200
1995-11-07,0.5526519417762756,0.5526519417762756,0.5495643133711359,0.5495643133711359,8000
1995-11-08,0.5495645999908447,0.5526522300063058,0.5433897168448802,0.5495645999908447,124800
1995-11-09,0.5526519417762756,0.5526519417762756,0.5464770618507573,0.5495643133711359,17600
1995-11-10,0.5495645999908447,0.5557394831368093,0.5495645999908447,0.5495645999908447,43200
1995-11-13,0.5433892607688904,0.5495641387321732,0.5341271322662868,0.5495641387321732,113600
1995-11-14,0.5403023362159729,0.5403023362159729,0.5341274545271325,0.5403023362159729,73600
1995-11-15,0.5433892607688904,0.5433892607688904,0.5372143828056075,0.5403020102295696,16000
1995-11-16,0.5433892607688904,0.5433892607688904,0.5403020102295696,0.5433892607688904,11200
1995-11-17,0.5464769601821899,0.5464769601821899,0.5433893323514837,0.5433893323514837,41600
1995-11-20,0.5464769601821899,0.5464769601821899,0.5433893323514837,0.5433893323514837,8000
1995-11-21,0.5588271617889404,0.5588271617889404,0.5433897641379799,0.5433897641379799,190400
1995-11-22,0.5495645999908447,0.5526522300063058,0.5495645999908447,0.5526522300063058,27200
1995-11-24,0.5526519417762756,0.5526519417762756,0.5526519417762756,0.5526519417762756,3200
1995-11-27,0.5526519417762756,0.5557391932966543,0.5495643133711359,0.5495643133711359,51200
1995-11-28,0.5526519417762756,0.5526519417762756,0.5464770618507573,0.5526519417762756,25600
1995-11-29,0.5495645999908447,0.5526522300063058,0.5495645999908447,0.5526522300063058,44800
1995-11-30,0.5433892607688904,0.5464768881928525,0.5433892607688904,0.5464768881928525,489600
1995-12-01,0.5433892607688904,0.5433892607688904,0.5433892607688904,0.5433892607688904,9600
1995-12-04,0.5310400128364563,0.543389780576839,0.5310400128364563,0.543389780576839,88000
1995-12-05,0.5279524326324463,0.5372145642635718,0.5279524326324463,0.5341273126814529,364800
1995-12-06,0.5279524326324463,0.5310396842145653,0.5279524326324463,0.5310396842145653,16000
1995-12-07,0.5279524326324463,0.5341273126814529,0.5279524326324463,0.5341273126814529,27200
1995-12-08,0.5341273546218872,0.5341273546218872,0.5248648453786877,0.5310397259125547,62400
1995-12-11,0.5372146368026733,0.5372146368026733,0.527952503920899,0.527952503920899,59200
1995-12-12,0.5433892607688904,0.5433892607688904,0.5341271322662868,0.5341271322662868,44800
1995-12-13,0.5526519417762756,0.5526519417762756,0.5372145535200992,0.5372145535200992,132800
1995-12-14,0.5495645999908447,0.5557394831368093,0.5495645999908447,0.5526522300063058,84800
1995-12-15,0.5372146368026733,0.5526520274520564,0.5341273848036884,0.5526520274520564,108800
1995-12-18,0.5372146368026733,0.5372146368026733,0.5372146368026733,0.5372146368026733,4800
1995-12-19,0.5464769601821899,0.5464769601821899,0.5310395747980409,0.5310395747980409,72000
1995-12-20,0.5495645999908447,0.5495645999908447,0.5464773468603413,0.5495645999908447,59200
1995-12-21,0.5619146227836609,0.5619146227836609,0.5526524822792422,0.5557397368190052,168000
1995-12-22,0.5650016069412231,0.5680888579442233,0.558826728050525,0.5619139790535251,153600
1995-12-26,0.5557392239570618,0.5650017327987371,0.552651972266358,0.5650017327987371,80000
1995-12-27,0.5458150506019592,0.5551189055207818,0.5458150506019592,0.5551189055207818,25600
1995-12-28,0.5644228458404541,0.5644228458404541,0.5489169129856976,0.5489169129856976,600000
1995-12-29,0.5613216161727905,0.5613216161727905,0.5489167227608759,0.5613216161727905,497600
1996-01-02,0.5613216161727905,0.5644226502421172,0.55822020353616,0.5613216161727905,131200
1996-01-03,0.5551190972328186,0.5644225767975017,0.5551190972328186,0.5582201308986281,72000
1996-01-04,0.552017867565155,0.55511928082393,0.552017867565155,0.552017867565155,33600
1996-01-05,0.5551190972328186,0.5551190972328186,0.548916651333945,0.548916651333945,44800
1996-01-08,0.5551190972328186,0.5551190972328186,0.5551190972328186,0.5551190972328186,0
1996-01-09,0.5644228458404541,0.5644228458404541,0.5520179481296749,0.5551193618410872,300800
1996-01-10,0.552017867565155,0.5613217287741002,0.552017867565155,0.5613217287741002,105600
1996-01-11,0.548916757106781,0.5520177913701405,0.548916757106781,0.5520177913701405,22400
1996-01-12,0.548916757106781,0.548916757106781,0.548916757106781,0.548916757106781,19200
1996-01-15,0.5582203269004822,0.5582203269004822,0.5551192921458399,0.5551192921458399,19200
1996-01-16,0.5582203269004822,0.5613217402225119,0.5551192921458399,0.5551192921458399,38400
1996-01-17,0.5644228458404541,0.5644228458404541,0.5582203969850645,0.5613218106964768,16000
1996-01-18,0.5675239562988281,0.5706249897857867,0.5644225442446368,0.5644225442446368,163200
1996-01-19,0.5706252455711365,0.5706252455711365,0.5675242106941251,0.5706252455711365,32000
1996-01-22,0.5706252455711365,0.5737266590155504,0.5675242106941251,0.5706252455711365,198400
1996-01-23,0.5706252455711365,0.5768276938925619,0.5706252455711365,0.5768276938925619,64000
1996-01-24,0.5706252455711365,0.5737266590155504,0.5644227972497111,0.5675242106941251,52800
1996-01-25,0.5706252455711365,0.5706252455711365,0.5644227972497111,0.5706252455711365,28800
1996-01-26,0.5675239562988281,0.5706249897857867,0.5675239562988281,0.5675239562988281,25600
1996-01-29,0.5799289345741272,0.5799289345741272,0.5706250755799399,0.5706250755799399,387200
1996-01-30,0.5706252455711365,0.5768276938925619,0.5706252455711365,0.5768276938925619,22400
1996-01-31,0.5706252455711365,0.5737266590155504,0.5706252455711365,0.5737266590155504,60800
1996-02-01,0.5675239562988281,0.5737264018399779,0.5675239562988281,0.5737264018399779,89600
1996-02-02,0.5551190972328186,0.5644225767975017,0.5551190972328186,0.5644225767975017,556800
1996-02-05,0.5551190972328186,0.5582201308986281,0.5551190972328186,0.5551190972328186,83200
1996-02-06,0.5582203269004822,0.5582203269004822,0.5551192921458399,0.5582203269004822,32000
1996-02-07,0.5551190972328186,0.5551190972328186,0.5520176849997545,0.5551190972328186,81600
1996-02-08,0.5582203269004822,0.5582203269004822,0.5551192921458399,0.5582203269004822,32000
1996-02-09,0.5551190972328186,0.5551190972328186,0.5520176849997545,0.5520176849997545,152000
1996-02-12,0.5551190972328186,0.5551190972328186,0.5520176849997545,0.5551190972328186,41600
1996-02-13,0.548916757106781,0.5551192042008276,0.548916757106781,0.548916757106781,417600
1996-02-14,0.5458150506019592,0.5489164617639414,0.5458150506019592,0.5489164617639414,38400
1996-02-15,0.5427142381668091,0.5458152720196456,0.5427142381668091,0.5458152720196456,92800
1996-02-16,0.5427142381668091,0.5489166844397596,0.5427142381668091,0.5427142381668091,139200
1996-02-20,0.5396128296852112,0.5427142421279617,0.5396128296852112,0.5427142421279617,25600
1996-02-21,0.536512017250061,0.536512017250061,0.533410603527231,0.533410603527231,275200
1996-02-22,0.5458150506019592,0.5458150506019592,0.5365115742502604,0.5396126068451188,33600
1996-02-23,0.552017867565155,0.55511928082393,0.5458154196149847,0.5458154196149847,68800
1996-02-26,0.552017867565155,0.55511928082393,0.552017867565155,0.55511928082393,56000
1996-02-27,0.5458150506019592,0.5520174943587997,0.5458150506019592,0.5458150506019592,67200
1996-02-28,0.5551190972328186,0.5551190972328186,0.5427142054350713,0.5458152391008808,326400
1996-02-29,0.548916757106781,0.5551192042008276,0.548916757106781,0.5551192042008276,57600
1996-03-01,0.548916757106781,0.5520177913701405,0.548916757106781,0.5520177913701405,28800
1996-03-04,0.5551190972328186,0.5551190972328186,0.5520176849997545,0.5520176849997545,22400
1996-03-05,0.5613216161727905,0.5613216161727905,0.5551191694668333,0.5551191694668333,49600
1996-03-06,0.5582203269004822,0.5644227749771542,0.5582203269004822,0.5613217402225119,105600
1996-03-07,0.5551190972328186,0.5582201308986281,0.548916651333945,0.5520176849997545,312000
1996-03-08,0.5458150506019592,0.5551189055207818,0.5458150506019592,0.5551189055207818,52800
1996-03-11,0.5551190972328186,0.5613215431316922,0.5520176849997545,0.5520176849997545,289600
1996-03-12,0.5551190972328186,0.5582201308986281,0.5551190972328186,0.5582201308986281,944000
1996-03-13,0.5768280029296875,0.5799294180356928,0.564423099640877,0.564423099640877,1364800
1996-03-14,0.5799289345741272,0.5861313810478221,0.5799289345741272,0.5830299685273299,153600
1996-03-15,0.5830297470092773,0.5830297470092773,0.5799287142342903,0.5799287142342903,80000
1996-03-18,0.5830297470092773,0.5830297470092773,0.5768273028921573,0.5799287142342903,177600
1996-03-19,0.5799289345741272,0.5830299685273299,0.5799289345741272,0.5830299685273299,564800
1996-03-20,0.5855348706245422,0.5855348706245422,0.5793057762561961,0.5793057762561961,60800
1996-03-21,0.6011078953742981,0.6011078953742981,0.585534966798704,0.585534966798704,265600
1996-03-22,0.6197952032089233,0.6229095609165944,0.6042222740890966,0.6042222740890966,286400
1996-03-25,0.6104515790939331,0.622909774585646,0.6104515790939331,0.622909774585646,140800
1996-03-26,0.6011078953742981,0.6042222529731307,0.597993157581655,0.6042222529731307,158400
1996-03-27,0.6042225360870361,0.6073372753391183,0.6042225360870361,0.6042225360870361,40000
1996-03-28,0.6166804432868958,0.6166804432868958,0.6042222525134231,0.6042222525134231,44800
1996-03-29,0.6042225360870361,0.6135663736492939,0.6042225360870361,0.6135663736492939,308800
1996-04-01,0.6042225360870361,0.6073372753391183,0.6042225360870361,0.6073372753391183,46400
1996-04-02,0.6104515790939331,0.6104515790939331,0.6011081225721255,0.6011081225721255,214400
1996-04-03,0.6104515790939331,0.6135663180638384,0.6042224813480767,0.607337220317982,284800
1996-04-04,0.6260241270065308,0.6260241270065308,0.616680296060273,0.616680296060273,145600
1996-04-08,0.6197952032089233,0.6260242988180893,0.6197952032089233,0.6197952032089233,67200
1996-04-09,0.6353676915168762,0.6384824291212057,0.6229095014871335,0.6229095014871335,270400
1996-04-10,0.6384828686714172,0.6447119679745821,0.6384828686714172,0.6384828686714172,86400
1996-04-11,0.6509406566619873,0.6509406566619873,0.6415968235043398,0.6447115612881588,81600
1996-04-12,0.6478260159492493,0.6478260159492493,0.6447116578925803,0.6478260159492493,105600
1996-04-15,0.6384828686714172,0.6509410672777468,0.6384828686714172,0.6478263275291398,145600
1996-04-16,0.6447116136550903,0.6447116136550903,0.6415968756182756,0.6415968756182756,16000
1996-04-17,0.6415966749191284,0.644711411981616,0.6384823180503623,0.6415966749191284,78400
1996-04-18,0.6353676915168762,0.6478258815466189,0.6353676915168762,0.6415967865317476,73600
1996-04-19,0.6384828686714172,0.6384828686714172,0.6353681289228102,0.6384828686714172,32000
1996-04-22,0.6415966749191284,0.6415966749191284,0.6384823180503623,0.6384823180503623,33600
1996-04-23,0.6478260159492493,0.6478260159492493,0.638482561585376,0.638482561585376,67200
1996-04-24,0.6447116136550903,0.6509407095348795,0.6447116136550903,0.6478259714980648,68800
1996-04-25,0.6509406566619873,0.6509406566619873,0.6384824659143302,0.6384824659143302,96000
1996-04-26,0.6447116136550903,0.6509407095348795,0.6447116136550903,0.6509407095348795,78400
1996-04-29,0.6727421283721924,0.6727421283721924,0.6478257532472964,0.6478257532472964,156800
1996-04-30,0.6727421283721924,0.6789712221534164,0.6727421283721924,0.6789712221534164,224000
1996-05-01,0.6758571863174438,0.6758571863174438,0.6696280895780844,0.6727424478508177,224000
1996-05-02,0.6727421283721924,0.6758568653596605,0.6727421283721924,0.6727421283721924,64000
1996-05-03,0.6758571863174438,0.6758571863174438,0.6727424478508177,0.6727424478508177,89600
1996-05-06,0.6789712309837341,0.6789712309837341,0.6758568741494747,0.6758568741494747,78400
1996-05-07,0.6727421283721924,0.6789712221534164,0.6727421283721924,0.6758568653596605,137600
1996-05-08,0.6727421283721924,0.6758568653596605,0.6696277715784366,0.6758568653596605,262400
1996-05-09,0.6789712309837341,0.6789712309837341,0.6727421371214981,0.6727421371214981,32000
1996-05-10,0.6945444941520691,0.6976588525037956,0.685200658709085,0.6883153972547138,92800
1996-05-13,0.6976585984230042,0.6976585984230042,0.6976585984230042,0.6976585984230042,404800
1996-05-14,0.7007735967636108,0.7007735967636108,0.6976588581925841,0.6976588581925841,6400
1996-05-15,0.6914293766021729,0.6945441134404711,0.6914293766021729,0.6945441134404711,46400
1996-05-16,0.6789712309837341,0.6883150618739469,0.6789712309837341,0.6883150618739469,76800
1996-05-17,0.6789712309837341,0.6789712309837341,0.6727421371214981,0.6758568741494747,78400
1996-05-20,0.6789712309837341,0.6789712309837341,0.6727421371214981,0.6727421371214981,51200
1996-05-21,0.6758571863174438,0.6758571863174438,0.6758571863174438,0.6758571863174438,24000
1996-05-22,0.6727421283721924,0.6727421283721924,0.6665130345909684,0.6727421283721924,32000
1996-05-23,0.6696280241012573,0.6758571202315301,0.6696280241012573,0.6696280241012573,81600
1996-05-24,0.6727421283721924,0.6727421283721924,0.6665130345909684,0.6665130345909684,46400
1996-05-28,0.6727421283721924,0.6727421283721924,0.6696277715784366,0.6696277715784366,27200
1996-05-29,0.6727421283721924,0.6758568653596605,0.6727421283721924,0.6727421283721924,20800
1996-05-30,0.6727421283721924,0.6758568653596605,0.6696277715784366,0.6696277715784366,22400
1996-05-31,0.6727421283721924,0.6727421283721924,0.6665130345909684,0.6727421283721924,17600
1996-06-03,0.6633987426757812,0.672742194164525,0.6633987426757812,0.6696278370661934,57600
1996-06-04,0.6727421283721924,0.6727421283721924,0.6696277715784366,0.6696277715784366,52800
1996-06-05,0.6727421283721924,0.6727421283721924,0.6665130345909684,0.6665130345909684,35200
1996-06-06,0.6727421283721924,0.6727421283721924,0.6727421283721924,0.6727421283721924,4800
1996-06-07,0.6665130853652954,0.6820860111015421,0.6633987283342908,0.6665130853652954,406400
1996-06-10,0.6727421283721924,0.6727421283721924,0.6602839408097444,0.6633986777972125,112000
1996-06-11,0.6758571863174438,0.6758571863174438,0.6665133511114583,0.6665133511114583,41600
1996-06-12,0.6758571863174438,0.6758571863174438,0.6696280895780844,0.6696280895780844,28800
1996-06-13,0.6758571863174438,0.6758571863174438,0.6758571863174438,0.6758571863174438,9600
1996-06-14,0.6789712309837341,0.6789712309837341,0.6758568741494747,0.6758568741494747,4800
1996-06-17,0.6820862293243408,0.6820862293243408,0.6727423948544312,0.6727423948544312,40000
1996-06-18,0.6945444941520691,0.6945444941520691,0.6820863003573585,0.685200658709085,35200
1996-06-19,0.6819069385528564,0.6912911699104487,0.6819069385528564,0.6912911699104487,622400
1996-06-20,0.6725232005119324,0.6756510235912168,0.6662671725157174,0.6756510235912168,76800
1996-06-21,0.6600111126899719,0.6756509910074414,0.6600111126899719,0.6756509910074414,270400
1996-06-24,0.6537548899650574,0.6568827119603976,0.6537548899650574,0.6568827119603976,40000
1996-06-25,0.6506264209747314,0.6537546235327122,0.6506264209747314,0.6537546235327122,110400
1996-06-26,0.6381148099899292,0.6474990422321201,0.6381148099899292,0.6474990422321201,126400
1996-06-27,0.6193469166755676,0.6318589755983063,0.6162190928637508,0.6318589755983063,168000
1996-06-28,0.6256027817726135,0.6287309866002943,0.6193467539548874,0.6193467539548874,270400
1996-07-01,0.6256027817726135,0.6256027817726135,0.6224749587825681,0.6256027817726135,83200
1996-07-02,0.6256027817726135,0.6287309866002943,0.6256027817726135,0.6256027817726135,35200
1996-07-03,0.6287309527397156,0.6287309527397156,0.6256027480805056,0.6256027480805056,465600
1996-07-05,0.6256027817726135,0.6287309866002943,0.6256027817726135,0.6287309866002943,41600
1996-07-08,0.6256027817726135,0.6256027817726135,0.6193467539548874,0.6193467539548874,60800
1996-07-09,0.6130905151367188,0.6287307702171218,0.6130905151367188,0.6256025664660395,1409600
1996-07-10,0.6256027817726135,0.6287309866002943,0.6224749587825681,0.6287309866002943,43200
1996-07-11,0.631858766078949,0.631858766078949,0.6256027386920286,0.6256027386920286,9600
1996-07-12,0.634986937046051,0.6381147596549771,0.6287309099906101,0.6287309099906101,36800
1996-07-15,0.6381148099899292,0.6412430146831991,0.6381148099899292,0.6381148099899292,11200
1996-07-16,0.634986937046051,0.634986937046051,0.6318587325995362,0.634986937046051,148800
1996-07-17,0.631858766078949,0.631858766078949,0.6256027386920286,0.631858766078949,80000
1996-07-18,0.6287309527397156,0.6318587755613106,0.6256027480805056,0.6256027480805056,17600
1996-07-19,0.634986937046051,0.634986937046051,0.634986937046051,0.634986937046051,6400
1996-07-22,0.6443704962730408,0.6443704962730408,0.6349866508382582,0.6349866508382582,36800
1996-07-23,0.6474989056587219,0.6474989056587219,0.644370701625267,0.6474989056587219,28800
1996-07-24,0.6381148099899292,0.6443708375388502,0.6381148099899292,0.6412430146831991,64000
1996-07-25,0.6474989056587219,0.6474989056587219,0.644370701625267,0.644370701625267,14400
1996-07-26,0.6506264209747314,0.6506264209747314,0.6506264209747314,0.6506264209747314,16000
1996-07-29,0.6506264209747314,0.6506264209747314,0.6506264209747314,0.6506264209747314,4800
1996-07-30,0.6506264209747314,0.6506264209747314,0.6506264209747314,0.6506264209747314,17600
1996-07-31,0.6506264209747314,0.6506264209747314,0.6506264209747314,0.6506264209747314,19200
1996-08-01,0.6537548899650574,0.6537548899650574,0.6506266861322033,0.6506266861322033,41600
1996-08-02,0.6506264209747314,0.6568824442533346,0.6506264209747314,0.6568824442533346,59200
1996-08-05,0.6568827629089355,0.6568827629089355,0.6537549406709982,0.6537549406709982,36800
1996-08-06,0.6537548899650574,0.6568827119603976,0.6506266861322033,0.6568827119603976,65600
1996-08-07,0.6631388068199158,0.6631388068199158,0.6568827803404825,0.6568827803404825,75200
1996-08-08,0.6725232005119324,0.6725232005119324,0.6631389675987868,0.6631389675987868,24000
1996-08-09,0.688163161277771,0.688163161277771,0.6819071325388821,0.6819071325388821,49600
1996-08-12,0.6944190263748169,0.6944190263748169,0.688162999110179,0.688162999110179,52800
1996-08-13,0.6944190263748169,0.6975472309259367,0.6912912036612987,0.6912912036612987,35200
1996-08-14,0.6975471377372742,0.7006749600329316,0.6912911113084087,0.6912911113084087,51200
1996-08-15,0.7163154482841492,0.7256993000382203,0.7038033913869385,0.7038033913869385,148800
1996-08-16,0.7350833415985107,0.7350833415985107,0.7163152611556242,0.7163152611556242,120000
1996-08-19,0.741339385509491,0.7444672080699851,0.7288273315923484,0.7288273315923484,52800
1996-08-20,0.7225714325904846,0.7413395167897485,0.7225714325904846,0.7382113118377126,118400
1996-08-21,0.7225714325904846,0.7225714325904846,0.7194432276384487,0.7225714325904846,16000
1996-08-22,0.7194430232048035,0.7225712272679432,0.7163152009792058,0.7194430232048035,49600
1996-08-23,0.7194430232048035,0.7194430232048035,0.7194430232048035,0.7194430232048035,3200
1996-08-26,0.7163154482841492,0.7163154482841492,0.7163154482841492,0.7163154482841492,46400
1996-08-27,0.7131874561309814,0.7163156622083446,0.7131874561309814,0.7163156622083446,17600
1996-08-28,0.7131874561309814,0.7131874561309814,0.706931425814043,0.7131874561309814,73600
1996-08-29,0.7100591063499451,0.7131869282745017,0.7100591063499451,0.7131869282745017,40000
1996-08-30,0.7100591063499451,0.7100591063499451,0.7069309025878833,0.7100591063499451,38400
1996-09-03,0.7194430232048035,0.7194430232048035,0.703803148401731,0.7069309706273287,75200
1996-09-04,0.7163154482841492,0.7163154482841492,0.7131872431410096,0.7131872431410096,59200
1996-09-05,0.7131874561309814,0.7131874561309814,0.7100596318914062,0.7131874561309814,17600
1996-09-06,0.7256990671157837,0.7256990671157837,0.7163152183735794,0.7163152183735794,102400
1996-09-09,0.7256990671157837,0.7256990671157837,0.7225712448142327,0.7256990671157837,14400
1996-09-10,0.7100591063499451,0.722571157723182,0.7100591063499451,0.722571157723182,137600
1996-09-11,0.7100591063499451,0.7163151320365635,0.7069309025878833,0.7069309025878833,100800
1996-09-12,0.7256990671157837,0.7256990671157837,0.7131870142344771,0.7131870142344771,144000
1996-09-13,0.7256990671157837,0.7350832976955393,0.7194430406751304,0.7225712448142327,564800
1996-09-16,0.7131874561309814,0.7288277228422215,0.7131874561309814,0.7288277228422215,140800
1996-09-17,0.7163154482841492,0.7163154482841492,0.7131872431410096,0.7131872431410096,35200
1996-09-18,0.7225714325904846,0.7225714325904846,0.7163154045240634,0.7163154045240634,105600
1996-09-19,0.7131874561309814,0.7225716925252831,0.7131874561309814,0.7225716925252831,32000
1996-09-20,0.7194430232048035,0.7194430232048035,0.713186996916066,0.713186996916066,54400
1996-09-23,0.7163154482841492,0.7194432715896149,0.7163154482841492,0.7194432715896149,3200
1996-09-24,0.6756506562232971,0.7163150070073074,0.6756506562232971,0.7163150070073074,342400
1996-09-25,0.6912353038787842,0.6943774743039368,0.6786673892628063,0.6786673892628063,142400
1996-09-26,0.6912353038787842,0.6943774743039368,0.6912353038787842,0.6912353038787842,25600
1996-09-27,0.6880933046340942,0.6880933046340942,0.6880933046340942,0.6880933046340942,24000
1996-09-30,0.6912353038787842,0.6912353038787842,0.6880935169959478,0.6880935169959478,35200
1996-10-01,0.6975192427635193,0.6975192427635193,0.6975192427635193,0.6975192427635193,60800
1996-10-02,0.694377601146698,0.7006615596025849,0.6912354301475614,0.7006615596025849,83200
1996-10-03,0.6880933046340942,0.694377260002706,0.6849511351786894,0.6912350905473013,76800
1996-10-04,0.6880933046340942,0.6880933046340942,0.6880933046340942,0.6880933046340942,4800
1996-10-07,0.6786671280860901,0.6912350378654621,0.6786671280860901,0.6912350378654621,124800
1996-10-08,0.6755254864692688,0.6755254864692688,0.6755254864692688,0.6755254864692688,4800
1996-10-09,0.6786671280860901,0.6786671280860901,0.6755253424123314,0.6755253424123314,100800
1996-10-10,0.6755254864692688,0.6755254864692688,0.6755254864692688,0.6755254864692688,3200
1996-10-11,0.6786671280860901,0.6786671280860901,0.6786671280860901,0.6786671280860901,3200
1996-10-14,0.6755254864692688,0.6755254864692688,0.6755254864692688,0.6755254864692688,3200
1996-10-15,0.6755254864692688,0.6755254864692688,0.6755254864692688,0.6755254864692688,0
1996-10-16,0.6723832488059998,0.6723832488059998,0.6723832488059998,0.6723832488059998,16000
1996-10-17,0.6660990715026855,0.6692412400260987,0.6660990715026855,0.6692412400260987,6400
1996-10-18,0.6692414879798889,0.6723832741252489,0.6692414879798889,0.6692414879798889,44800
1996-10-21,0.6660990715026855,0.6723830250074279,0.6660990715026855,0.6692412400260987,38400
1996-10-22,0.6598153114318848,0.6660992667788551,0.6598153114318848,0.6660992667788551,40000
1996-10-23,0.6535311937332153,0.6566733623972141,0.6535311937332153,0.6566733623972141,17600
1996-10-24,0.6378217935562134,0.6503897068918799,0.6346796234511582,0.6503897068918799,198400
1996-10-25,0.6346797347068787,0.6409636924762537,0.6315379475933633,0.6378219053627384,126400
1996-10-28,0.628395676612854,0.6346796333789826,0.628395676612854,0.6346796333789826,33600
1996-10-29,0.6315377950668335,0.6409635376732555,0.6283956251698584,0.6283956251698584,169600
1996-10-30,0.628395676612854,0.628395676612854,0.628395676612854,0.628395676612854,17600
1996-10-31,0.6252539753913879,0.6283957624323822,0.6221118048080583,0.6252539753913879,75200
1996-11-01,0.6378217935562134,0.6378217935562134,0.628395666783325,0.628395666783325,36800
1996-11-04,0.6378217935562134,0.6378217935562134,0.6315378368883802,0.6346796234511582,60800
1996-11-05,0.6315377950668335,0.6409635376732555,0.6315377950668335,0.6409635376732555,20800
1996-11-06,0.6252539753913879,0.6315379330157118,0.6189700177670642,0.6315379330157118,92800
1996-11-07,0.6315377950668335,0.6315377950668335,0.6252538388151349,0.6252538388151349,70400
1996-11-08,0.6315377950668335,0.6346795814215569,0.6283956251698584,0.6283956251698584,35200
1996-11-11,0.6221119165420532,0.6315380464426804,0.6221119165420532,0.6315380464426804,83200
1996-11-12,0.6189697980880737,0.6221115840140146,0.6189697980880737,0.6221115840140146,22400
1996-11-13,0.6064020991325378,0.6158278437452267,0.6032599285667527,0.6126860567217749,161600
1996-11-14,0.609544038772583,0.6126862101250997,0.6064022509624958,0.6064022509624958,86400
1996-11-15,0.6032598614692688,0.6064020316855665,0.6032598614692688,0.6064020316855665,379200
1996-11-18,0.6064020991325378,0.6126860567217749,0.6032599285667527,0.6095438861559896,2713600
1996-11-19,0.609544038772583,0.609544038772583,0.609544038772583,0.609544038772583,59200
1996-11-20,0.612686038017273,0.6158278249448101,0.6095438675474142,0.6095438675474142,107200
1996-11-21,0.6189697980880737,0.6252537534821547,0.6189697980880737,0.6189697980880737,115200
1996-11-22,0.640963613986969,0.6441057842580538,0.625253913258437,0.625253913258437,118400
1996-11-25,0.6535311937332153,0.6535311937332153,0.647247239947319,0.647247239947319,136000
1996-11-26,0.6692414879798889,0.6692414879798889,0.6535314066264102,0.6535314066264102,68800
1996-11-27,0.6660990715026855,0.6723830250074279,0.6660990715026855,0.6692412400260987,52800
1996-11-29,0.6723832488059998,0.6723832488059998,0.6723832488059998,0.6723832488059998,3200
1996-12-02,0.7038028836250305,0.7038028836250305,0.678667066352708,0.678667066352708,131200
1996-12-03,0.694377601146698,0.6975193886034483,0.694377601146698,0.694377601146698,105600
1996-12-04,0.6912353038787842,0.6912353038787842,0.6880935169959478,0.6912353038787842,27200
1996-12-05,0.6849511861801147,0.6912351420166295,0.6818094000329705,0.6880933558694853,99200
1996-12-06,0.6818092465400696,0.6818092465400696,0.6755252921182355,0.6786670775580825,424000
1996-12-09,0.6880933046340942,0.6912350905473013,0.6849511351786894,0.6880933046340942,94400
1996-12-10,0.6912353038787842,0.6912353038787842,0.6880935169959478,0.6912353038787842,40000
1996-12-11,0.6912353038787842,0.6912353038787842,0.6880935169959478,0.6880935169959478,44800
1996-12-12,0.6629576683044434,0.6880934967985965,0.6629576683044434,0.6880934967985965,158400
1996-12-13,0.6503894329071045,0.6535312181463657,0.6472472641257276,0.6535312181463657,97600
1996-12-16,0.6629576683044434,0.6629576683044434,0.6566737111809051,0.6598154979715217,67200
1996-12-17,0.6723832488059998,0.6723832488059998,0.666099293209682,0.666099293209682,140800
1996-12-18,0.6912353038787842,0.6912353038787842,0.6786673892628063,0.6786673892628063,588800
1996-12-19,0.6912353038787842,0.6943774743039368,0.6880935169959478,0.6880935169959478,1094400
1996-12-20,0.6692414879798889,0.6912351416240877,0.6660993182923027,0.6912351416240877,478400
1996-12-23,0.6692414879798889,0.6692414879798889,0.6660993182923027,0.6660993182923027,54400
1996-12-24,0.6722716093063354,0.6754276205010583,0.6691152128328242,0.6691152128328242,54400
1996-12-26,0.6754274964332581,0.6754274964332581,0.6754274964332581,0.6754274964332581,3200
1996-12-27,0.6754274964332581,0.6754274964332581,0.6722714858182558,0.6754274964332581,24000
1996-12-30,0.6722716093063354,0.6754276205010583,0.6722716093063354,0.6754276205010583,4800
1996-12-31,0.6754274964332581,0.6754274964332581,0.6722714858182558,0.6722714858182558,16000
1997-01-02,0.6754274964332581,0.6754274964332581,0.6628026834158139,0.6754274964332581,110400
1997-01-03,0.6754274964332581,0.6754274964332581,0.6722714858182558,0.6722714858182558,14400
1997-01-06,0.6722716093063354,0.6817400281692926,0.6722716093063354,0.6754276205010583,132800
1997-01-07,0.6628023982048035,0.6722711965327195,0.6596463889478661,0.6722711965327195,123200
1997-01-08,0.6470215916633606,0.6628024087563763,0.6470215916633606,0.6628024087563763,440000
1997-01-09,0.6596468687057495,0.6596468687057495,0.6501780634912186,0.6533344603223397,36800
1997-01-10,0.6628023982048035,0.6628023982048035,0.6533339851554394,0.6533339851554394,24000
1997-01-13,0.6501776576042175,0.6628024664897363,0.6501776576042175,0.6628024664897363,40000
1997-01-14,0.6501776576042175,0.653334052464893,0.6438652531614582,0.6501776576042175,67200
1997-01-15,0.6470215916633606,0.6596463994491963,0.6470215916633606,0.6501776009705406,91200
1997-01-16,0.6438654661178589,0.6564902791789934,0.6438654661178589,0.647021862022502,64000
1997-01-17,0.6501776576042175,0.6501776576042175,0.6438652531614582,0.6438652531614582,40000
1997-01-20,0.6596468687057495,0.6596468687057495,0.6470220519389297,0.6470220519389297,33600
1997-01-21,0.6596468687057495,0.6628028802580385,0.6596468687057495,0.6596468687057495,24000
1997-01-22,0.6564901471138,0.6628025523745096,0.6564901471138,0.6628025523745096,89600
1997-01-23,0.6596468687057495,0.6628028802580385,0.6596468687057495,0.6596468687057495,25600
1997-01-24,0.6628023982048035,0.6628023982048035,0.6564899944123768,0.6564899944123768,41600
1997-01-27,0.6754274964332581,0.6754274964332581,0.6628026834158139,0.6659590793095338,112000
1997-01-28,0.6691147685050964,0.6691147685050964,0.6659587594061311,0.6691147685050964,40000
1997-01-29,0.6659589409828186,0.6691149509422841,0.6659589409828186,0.6691149509422841,4800
1997-01-30,0.6817399859428406,0.684896382220847,0.6659591603891015,0.6659591603891015,203200
1997-01-31,0.6848964691162109,0.6848964691162109,0.6817400724377406,0.6817400724377406,12800
1997-02-03,0.6754274964332581,0.6848962988356999,0.6754274964332581,0.6817399029419801,41600
1997-02-04,0.6754274964332581,0.6817399029419801,0.6754274964332581,0.6817399029419801,35200
1997-02-05,0.6848964691162109,0.6880524805158679,0.6817400724377406,0.6817400724377406,187200
1997-02-06,0.6817399859428406,0.6817399859428406,0.6785839749435986,0.6817399859428406,25600
1997-02-07,0.6817399859428406,0.6817399859428406,0.6785839749435986,0.6785839749435986,9600
1997-02-10,0.6691147685050964,0.6722711628825943,0.6691147685050964,0.6722711628825943,256000
1997-02-11,0.6596468687057495,0.6691152886414483,0.6596468687057495,0.6659592770891594,198400
1997-02-12,0.6596468687057495,0.6628028802580385,0.6564904718746286,0.6564904718746286,12800
1997-02-13,0.6596468687057495,0.6628028802580385,0.6596468687057495,0.6628028802580385,17600
1997-02-14,0.6564901471138,0.6596465423834755,0.6564901471138,0.6564901471138,59200
1997-02-18,0.6564901471138,0.6564901471138,0.6470217318620562,0.6533341371227659,108800
1997-02-19,0.6533342599868774,0.6564902705714216,0.6533342599868774,0.6533342599868774,20800
1997-02-20,0.6533342599868774,0.6564902705714216,0.6501778641236194,0.6564902705714216,49600
1997-02-21,0.6438654661178589,0.6501778726484262,0.6407094554919347,0.6501778726484262,217600
1997-02-24,0.6533342599868774,0.6533342599868774,0.6438654576758174,0.6438654576758174,84800
1997-02-25,0.6596468687057495,0.6596468687057495,0.6501780634912186,0.6501780634912186,76800
1997-02-26,0.6628023982048035,0.6659587927402928,0.6628023982048035,0.6628023982048035,28800
1997-02-27,0.6659589409828186,0.6659589409828186,0.6659589409828186,0.6659589409828186,1600
1997-02-28,0.6754274964332581,0.6754274964332581,0.6659590793095338,0.6659590793095338,36800
1997-03-03,0.6754274964332581,0.6754274964332581,0.6754274964332581,0.6754274964332581,4800
1997-03-04,0.6754274964332581,0.6754274964332581,0.6722714858182558,0.6754274964332581,43200
1997-03-05,0.6722716093063354,0.6722716093063354,0.6722716093063354,0.6722716093063354,1600
1997-03-06,0.6722716093063354,0.6722716093063354,0.6691152128328242,0.6722716093063354,35200
1997-03-07,0.6628023982048035,0.6659587927402928,0.6596463889478661,0.6628023982048035,33600
1997-03-10,0.6628023982048035,0.6628023982048035,0.6628023982048035,0.6628023982048035,12800
1997-03-11,0.6596468687057495,0.6628028802580385,0.6564904718746286,0.6628028802580385,20800
1997-03-12,0.6564901471138,0.6596465423834755,0.6533341371227659,0.6564901471138,25600
1997-03-13,0.6564901471138,0.6691149576352192,0.6564901471138,0.6564901471138,144000
1997-03-14,0.6596468687057495,0.6628028802580385,0.6564904718746286,0.6564904718746286,44800
1997-03-17,0.6564901471138,0.6564901471138,0.6533341371227659,0.6564901471138,32000
1997-03-18,0.6501776576042175,0.6596464569076523,0.6501776576042175,0.6564900620469769,33600
1997-03-19,0.6468800902366638,0.650051264612468,0.6468800902366638,0.650051264612468,166400
1997-03-20,0.6373671889305115,0.6437091490836383,0.6373671889305115,0.6437091490836383,59200
1997-03-21,0.6341957449913025,0.6341957449913025,0.6341957449913025,0.6341957449913025,73600
1997-03-24,0.6278544068336487,0.6341963705390391,0.6278544068336487,0.6310255822277168,62400
1997-03-25,0.6151703596115112,0.626268890705067,0.6151703596115112,0.624683496858179,137600
1997-03-26,0.608828604221344,0.6151705688486497,0.608828604221344,0.6151705688486497,24000
1997-03-27,0.5898025035858154,0.6056576031375199,0.5898025035858154,0.6056576031375199,81600
1997-03-31,0.5898025035858154,0.5898025035858154,0.5866317159250742,0.5898025035858154,83200
1997-04-01,0.6024863123893738,0.6024863123893738,0.5898023900232816,0.5898023900232816,99200
1997-04-02,0.6151703596115112,0.6151703596115112,0.6024864346710678,0.6024864346710678,64000
1997-04-03,0.6215118765830994,0.6215118765830994,0.6119991332378197,0.6119991332378197,740800
1997-04-04,0.6215118765830994,0.6215118765830994,0.6183410911621371,0.6183410911621371,14400
1997-04-07,0.6183414459228516,0.6183414459228516,0.6183414459228516,0.6183414459228516,19200
1997-04-08,0.6278544068336487,0.6278544068336487,0.615170479422868,0.615170479422868,44800
1997-04-09,0.6341957449913025,0.6341957449913025,0.6310249598075279,0.6310249598075279,48000
1997-04-10,0.6310253143310547,0.6373672753440172,0.6310253143310547,0.6341961012962453,35200
1997-04-11,0.6278544068336487,0.6310255822277168,0.6246836185223263,0.6310255822277168,24000
1997-04-14,0.6246835589408875,0.6278543469497846,0.6246835589408875,0.6278543469497846,8000
1997-04-15,0.6215118765830994,0.6278538345074167,0.6215118765830994,0.6246830490864544,65600
1997-04-16,0.6278544068336487,0.6278544068336487,0.6215124431282584,0.6215124431282584,108800
1997-04-17,0.6310253143310547,0.6310253143310547,0.6310253143310547,0.6310253143310547,1600
1997-04-18,0.6341957449913025,0.6341957449913025,0.6278537875413894,0.6278537875413894,822400
1997-04-21,0.6246835589408875,0.6373674851418932,0.6246835589408875,0.6373674851418932,27200
1997-04-22,0.6246835589408875,0.6246835589408875,0.6246835589408875,0.6246835589408875,22400
1997-04-23,0.6119996905326843,0.6183416542320762,0.6119996905326843,0.6183416542320762,76800
1997-04-24,0.6056576371192932,0.615170387717917,0.6056576371192932,0.615170387717917,475200
1997-04-25,0.608828604221344,0.608828604221344,0.608828604221344,0.608828604221344,3200
1997-04-28,0.608828604221344,0.6119997800763979,0.6056578154490921,0.6119997800763979,84800
1997-04-29,0.6119996905326843,0.6119996905326843,0.6088285151416157,0.6119996905326843,14400
1997-04-30,0.6215118765830994,0.6215118765830994,0.615169918658782,0.615169918658782,28800
1997-05-01,0.6310253143310547,0.6310253143310547,0.6183413923051297,0.6183413923051297,60800
1997-05-02,0.6722475290298462,0.6722475290298462,0.6310249967343036,0.6310249967343036,136000
1997-05-05,0.6912735104560852,0.6912735104560852,0.672247634021514,0.672247634021514,65600
1997-05-06,0.6817610263824463,0.6849318134590145,0.6817610263824463,0.6849318134590145,102400
1997-05-07,0.6785897016525269,0.6785897016525269,0.6785897016525269,0.6785897016525269,1600
1997-05-08,0.6722475290298462,0.6817606593025939,0.6722475290298462,0.6817606593025939,41600
1997-05-09,0.6595638394355774,0.6817608929578419,0.6595638394355774,0.6785897194192959,108800
1997-05-12,0.6627351641654968,0.6690771256068767,0.6627351641654968,0.6627351641654968,56000
1997-05-13,0.6563931703567505,0.6627351314854023,0.6563931703567505,0.6595639573797821,9600
1997-05-14,0.6595638394355774,0.6627350129741234,0.6595638394355774,0.6595638394355774,9600
1997-05-15,0.6548072695732117,0.656393049876247,0.6532218763526937,0.6532218763526937,12800
1997-05-16,0.6484654545783997,0.6500512352359492,0.6484654545783997,0.6500512352359492,25600
1997-05-19,0.6468800902366638,0.6468800902366638,0.6468800902366638,0.6468800902366638,1600
1997-05-20,0.6468800902366638,0.650051264612468,0.6468800902366638,0.6468800902366638,49600
1997-05-21,0.6341957449913025,0.6405377024412156,0.6341957449913025,0.6405377024412156,43200
1997-05-22,0.6278544068336487,0.6310255822277168,0.6278544068336487,0.6310255822277168,16000
1997-05-23,0.6246835589408875,0.6246835589408875,0.6215123838492816,0.6215123838492816,28800
1997-05-27,0.6246835589408875,0.6278543469497846,0.6246835589408875,0.6246835589408875,172800
1997-05-28,0.6373671889305115,0.6405379754658105,0.6278540551595568,0.6278540551595568,67200
1997-05-29,0.6373671889305115,0.6373671889305115,0.6341960153126837,0.6341960153126837,16000
1997-05-30,0.6341957449913025,0.637366917257441,0.6341957449913025,0.6341957449913025,152000
1997-06-02,0.6405381560325623,0.6405381560325623,0.6357815878062154,0.6357815878062154,17600
1997-06-03,0.6437091827392578,0.6437091827392578,0.6405380089556286,0.6405380089556286,64000
1997-06-04,0.6341957449913025,0.6437088747073539,0.6310249598075279,0.6437088747073539,116800
1997-06-05,0.6341957449913025,0.6341957449913025,0.6310249598075279,0.6326103523994152,89600
1997-06-06,0.6341957449913025,0.6437088747073539,0.6310249598075279,0.6310249598075279,1025600
1997-06-09,0.6341957449913025,0.6405377024412156,0.6341957449913025,0.637366917257441,260800
1997-06-10,0.6310253143310547,0.6341961012962453,0.6310253143310547,0.6341961012962453,94400
1997-06-11,0.6373671889305115,0.6373671889305115,0.6310252287773847,0.6310252287773847,692800
1997-06-12,0.6421234011650085,0.6421234011650085,0.6373672211218411,0.6405380078172861,484800
1997-06-13,0.6437091827392578,0.6437091827392578,0.6421234023061687,0.6437091827392578,187200
1997-06-16,0.6452946662902832,0.6452946662902832,0.6437092727181339,0.6437092727181339,158400
1997-06-17,0.6516367793083191,0.6532221732494162,0.6468802104023345,0.6468802104023345,156800
1997-06-18,0.6458953022956848,0.6506798100024278,0.6443005961788746,0.6506798100024278,88000
1997-06-19,0.6506797671318054,0.6506797671318054,0.6474903551083223,0.6490850611200639,73600
1997-06-20,0.6458953022956848,0.6474903977688075,0.6411111839452542,0.6411111839452542,214400
1997-06-23,0.6443007588386536,0.6474905612338819,0.6411113457998359,0.6474905612338819,75200
1997-06-24,0.6506797671318054,0.6506797671318054,0.6443005537285524,0.6443005537285524,171200
1997-06-25,0.6538695096969604,0.6570589214335606,0.6506797086041086,0.6538695096969604,52800
1997-06-26,0.6474902033805847,0.6538694152889836,0.6474902033805847,0.6538694152889836,46400
1997-06-27,0.6411110758781433,0.6458951934221523,0.6411110758781433,0.6443004875741493,67200
1997-06-30,0.6331365704536438,0.6379210758616374,0.631541865103021,0.6379210758616374,124800
1997-07-01,0.6411110758781433,0.6411110758781433,0.6331367679256346,0.6331367679256346,33600
1997-07-02,0.6427057385444641,0.6506796566049797,0.6427057385444641,0.6427057385444641,38400
1997-07-03,0.6506797671318054,0.6506797671318054,0.6458952597402939,0.6458952597402939,44800
1997-07-07,0.6570589542388916,0.6618434614389221,0.6506797410909412,0.653869542343052,80000
1997-07-08,0.6474902033805847,0.6538694152889836,0.6474902033805847,0.6538694152889836,590400
1997-07-09,0.6522741317749023,0.6522741317749023,0.6443002165330683,0.6443002165330683,1593600
1997-07-10,0.6474902033805847,0.6570588265650852,0.6379211908398885,0.6522743202947372,4268800
1997-07-11,0.6474902033805847,0.6538694152889836,0.6443004027482875,0.6538694152889836,185600
1997-07-14,0.6570589542388916,0.6570589542388916,0.6474903291951016,0.6474903291951016,86400
1997-07-15,0.6443007588386536,0.6570591897067457,0.6411113457998359,0.6570591897067457,899200
1997-07-16,0.6427057385444641,0.6506796566049797,0.6411110328036052,0.6443004442853231,385600
1997-07-17,0.6331365704536438,0.6427055812696311,0.6331365704536438,0.6411108759190083,1923200
1997-07-18,0.6363264322280884,0.6363264322280884,0.6315419263560472,0.6315419263560472,65600
1997-07-21,0.6379212737083435,0.6379212737083435,0.63154206097126,0.6331367668164694,177600
1997-07-22,0.6379212737083435,0.6411110747550083,0.6379212737083435,0.6395159795535528,57600
1997-07-23,0.6427057385444641,0.6474902451232618,0.6411110328036052,0.6411110328036052,83200
1997-07-24,0.6395158767700195,0.6443003828929238,0.6379211711811127,0.6443003828929238,108800
1997-07-25,0.6395158767700195,0.64111097171511,0.6379211711811127,0.64111097171511,43200
1997-07-28,0.6347317695617676,0.6411109813696437,0.6347317695617676,0.6395158864005326,52800
1997-07-29,0.6347317695617676,0.6347317695617676,0.6171888397510609,0.6315419689797348,4568000
1997-07-30,0.6634380221366882,0.6634380221366882,0.6411109756851812,0.6411109756851812,169600
1997-07-31,0.6618434190750122,0.6634381249208565,0.6602487132291679,0.6602487132291679,142400
1997-08-01,0.671412467956543,0.6730075641670137,0.6602491306222029,0.6634385443301594,185600
1997-08-04,0.666627824306488,0.6682225299091361,0.6618433181423572,0.6682225299091361,110400
1997-08-05,0.6650329828262329,0.6666280783930415,0.6618435704052864,0.6650329828262329,219200
1997-08-06,0.6825756430625916,0.6857654435493842,0.666627808697162,0.666627808697162,201600
1997-08-07,0.6809813380241394,0.6889552598968063,0.6777915356612286,0.6889552598968063,180800
1997-08-08,0.6777909994125366,0.6793860940102026,0.6746015889294021,0.6793860940102026,46400
1997-08-11,0.6761962175369263,0.6761962175369263,0.6761962175369263,0.6761962175369263,19200
1997-08-12,0.6825756430625916,0.688954854679999,0.6793862319319768,0.6793862319319768,228800
1997-08-13,0.6777909994125366,0.6841702097349043,0.6777909994125366,0.682575504493337,67200
1997-08-14,0.6777909994125366,0.6777909994125366,0.673006883687835,0.6746015889294021,43200
1997-08-15,0.6793861389160156,0.6825755496099626,0.6793861389160156,0.6793861389160156,120000
1997-08-18,0.6777909994125366,0.682575504493337,0.6777909994125366,0.682575504493337,60800
1997-08-19,0.6793861389160156,0.685765349660034,0.6793861389160156,0.6825755496099626,160000
1997-08-20,0.6873604655265808,0.6889551718259777,0.6825759572720334,0.6825759572720334,212800
1997-08-21,0.6905499696731567,0.6953344785619974,0.6889552631623461,0.6889552631623461,201600
1997-08-22,0.6825756430625916,0.688954854679999,0.6793862319319768,0.688954854679999,57600
1997-08-25,0.6730069518089294,0.682575573582958,0.6730069518089294,0.6761963626148929,86400
1997-08-26,0.6825756430625916,0.6825756430625916,0.6698172198277768,0.6730070203145694,56000
1997-08-27,0.6857653856277466,0.6873600910583608,0.6841702908409876,0.6857653856277466,259200
1997-08-28,0.6746019721031189,0.6825758921962379,0.673007265955759,0.6825758921962379,281600
1997-08-29,0.6682224273681641,0.6730069327980965,0.6682224273681641,0.6730069327980965,36800
1997-09-02,0.6698170304298401,0.6698170304298401,0.6586533159169925,0.6586533159169925,126400
1997-09-03,0.6682224273681641,0.6730069327980965,0.6666277220102289,0.6698171327260992,83200
1997-09-04,0.6825756430625916,0.6857654435493842,0.6761964314451842,0.6761964314451842,174400
1997-09-05,0.6825756430625916,0.6825756430625916,0.6793862319319768,0.6825756430625916,176000
1997-09-08,0.688954770565033,0.688954770565033,0.6841702650970766,0.6841702650970766,78400
1997-09-09,0.7017134428024292,0.7017134428024292,0.6889550165696579,0.6889550165696579,606400
1997-09-10,0.698523998260498,0.7033081158568876,0.698523998260498,0.7017134099914244,395200
1997-09-11,0.7001187205314636,0.7001187205314636,0.6921448016610481,0.6985240146286326,84800
1997-09-12,0.7017134428024292,0.7017134428024292,0.6969289356260726,0.698524030922371,228800
1997-09-15,0.7017134428024292,0.7049032440387567,0.7017134428024292,0.7017134428024292,92800
1997-09-16,0.6937395930290222,0.7017135128817836,0.6889550853748422,0.7017135128817836,222400
1997-09-17,0.7017134428024292,0.7017134428024292,0.6953342296860435,0.6969289356260726,28800
1997-09-18,0.7049033641815186,0.7112825783851687,0.7049033641815186,0.7080927766051758,134400
1997-09-19,0.7033078670501709,0.7080923723102143,0.7017131617488609,0.7049029617075943,156800
1997-09-22,0.7064975500106812,0.708092255047903,0.7064975500106812,0.7064975500106812,40000
1997-09-23,0.7176619172096252,0.7176619172096252,0.7064981930755911,0.7096876060530848,123200
1997-09-24,0.7080926895141602,0.7144719029332066,0.7017134760951136,0.7144719029332066,124800
1997-09-25,0.6937395930290222,0.7033082189810743,0.6937395930290222,0.7033082189810743,97600
1997-09-26,0.6793861389160156,0.6921445604040523,0.6793861389160156,0.6905494657009543,91200
1997-09-29,0.6634380221366882,0.6730070344417527,0.658653515984156,0.6730070344417527,238400
1997-09-30,0.6634380221366882,0.6682225282892205,0.6618433165379062,0.6634380221366882,468800
1997-10-01,0.666627824306488,0.666627824306488,0.6634380237450052,0.6634380237450052,156800
1997-10-02,0.6730069518089294,0.6730069518089294,0.6634379406787628,0.6634379406787628,33600
1997-10-03,0.6825756430625916,0.6857654435493842,0.6761964314451842,0.6761964314451842,76800
1997-10-06,0.6857653856277466,0.6873600910583608,0.6730069634705433,0.6761963743317717,267200
1997-10-07,0.7144716382026672,0.7144716382026672,0.6857653831315247,0.6857653831315247,182400
1997-10-08,0.7151134610176086,0.7183200512339362,0.7119064793479188,0.7119064793479188,128000
1997-10-09,0.7183194160461426,0.7183194160461426,0.7167161223557221,0.7167161223557221,60800
1997-10-10,0.7215270400047302,0.7247336302526163,0.7151134680555921,0.7151134680555921,176000
1997-10-13,0.7247334718704224,0.7279404528708255,0.7247334718704224,0.7247334718704224,560000
1997-10-14,0.7311472296714783,0.7327505248556582,0.7247336574813775,0.7279406393031183,1790400
1997-10-15,0.7311472296714783,0.7311472296714783,0.7295439344872983,0.7311472296714783,126400
1997-10-16,0.7391640543937683,0.7391640543937683,0.731147187482085,0.731147187482085,112000
1997-10-17,0.7215270400047302,0.7359574790269496,0.7022863241573156,0.7359574790269496,289600
1997-10-20,0.7215270400047302,0.7215270400047302,0.7022863241573156,0.71190648635434,217600
1997-10-21,0.7167166471481323,0.7183199420125131,0.7151133522837515,0.7183199420125131,51200
1997-10-22,0.7199233174324036,0.7199233174324036,0.7135097458039337,0.7135097458039337,49600
1997-10-23,0.7167166471481323,0.7167166471481323,0.7119063711016872,0.7151133522837515,78400
1997-10-24,0.7183194160461426,0.7247329822608403,0.7151128286653017,0.7151128286653017,120000
1997-10-27,0.707095742225647,0.7183195835823988,0.7054924481612845,0.7183195835823988,88000
1997-10-28,0.6958722472190857,0.7038891084743929,0.6958722472190857,0.7038891084743929,137600
1997-10-29,0.6958722472190857,0.7022858145139479,0.6958722472190857,0.7022858145139479,32000
1997-10-30,0.6942691802978516,0.6942691802978516,0.691062589520358,0.6926658849091047,59200
1997-10-31,0.6798384189605713,0.6926655589409595,0.6766318296920976,0.6926655589409595,137600
1997-11-03,0.6894589066505432,0.6926654956259096,0.6862519262219661,0.6862519262219661,62400
1997-11-04,0.692665159702301,0.6974754322857111,0.6894585722820415,0.692665159702301,105600
1997-11-05,0.7022863030433655,0.7038895981191061,0.6958727312870487,0.6990793214385299,73600
1997-11-06,0.6990793347358704,0.7054929066141811,0.6990793347358704,0.7054929066141811,41600
1997-11-07,0.6958722472190857,0.6974755411795308,0.6958722472190857,0.6958722472190857,84800
1997-11-10,0.7038894891738892,0.7038894891738892,0.6974759184102394,0.6974759184102394,96000
1997-11-11,0.7054929137229919,0.7054929137229919,0.7038896186005993,0.7054929137229919,17600
1997-11-12,0.6862521171569824,0.7022862408545997,0.6862521171569824,0.7022862408545997,193600
1997-11-13,0.6894589066505432,0.6894589066505432,0.6814416513057057,0.6862519262219661,51200
1997-11-14,0.692665159702301,0.6942684534124308,0.6862515934087612,0.6862515934087612,65600
1997-11-17,0.6958722472190857,0.7022858145139479,0.6926652678451136,0.6926652678451136,134400
1997-11-18,0.6990793347358704,0.7054929066141811,0.6990793347358704,0.7022863164017066,46400
1997-11-19,0.692665159702301,0.7022857048691212,0.692665159702301,0.7022857048691212,30400
1997-11-20,0.6910626292228699,0.6958729071188979,0.6910626292228699,0.6926659247037281,54400
1997-11-21,0.6910626292228699,0.6958729071188979,0.6910626292228699,0.6942692201845865,9600
1997-11-24,0.6910626292228699,0.6990794980806145,0.6894593337420115,0.6990794980806145,456000
1997-11-25,0.6862521171569824,0.6894590984778337,0.6862521171569824,0.6894590984778337,88000
1997-11-26,0.6894589066505432,0.6894589066505432,0.6894589066505432,0.6894589066505432,8000
1997-11-28,0.692665159702301,0.692665159702301,0.6894585722820415,0.6894585722820415,8000
1997-12-01,0.6958722472190857,0.6958722472190857,0.6910619738846686,0.6926652678451136,240000
1997-12-02,0.6958722472190857,0.6958722472190857,0.6894586799242236,0.6926652678451136,56000
1997-12-03,0.6990793347358704,0.6990793347358704,0.6894591726450852,0.6990793347358704,108800
1997-12-04,0.6942691802978516,0.6990794579175225,0.6942691802978516,0.6958728671400289,49600
1997-12-05,0.7054929137229919,0.7054929137229919,0.6958727515352704,0.6990793417800557,201600
1997-12-08,0.6974760890007019,0.7054929565527265,0.6974760890007019,0.7054929565527265,25600
1997-12-09,0.6990793347358704,0.7022863164017066,0.6990793347358704,0.7006826298421076,20800
1997-12-10,0.6990793347358704,0.7054929066141811,0.6958727445233959,0.7022863164017066,272000
1997-12-11,0.6958722472190857,0.7151129491036722,0.6958722472190857,0.7022858145139479,246400
1997-12-12,0.6894589066505432,0.6958724760544868,0.6798383568180224,0.6958724760544868,396800
1997-12-15,0.692665159702301,0.692665159702301,0.692665159702301,0.692665159702301,9600
1997-12-16,0.7038894891738892,0.7054927840014782,0.6990792132378284,0.6990792132378284,46400
1997-12-17,0.707095742225647,0.7086994277431168,0.7038891540969221,0.7038891540969221,528000
1997-12-18,0.7022863030433655,0.7070961882705874,0.6990793214385299,0.7070961882705874,40000
1997-12-19,0.6942691802978516,0.6990794579175225,0.6942691802978516,0.6974761625287756,41600
1997-12-22,0.7054929137229919,0.708699895421143,0.7006826369024484,0.7006826369024484,104000
1997-12-23,0.7109737396240234,0.7125862203977692,0.6980762550340185,0.6980762550340185,156800
1997-12-24,0.7109737396240234,0.7109737396240234,0.7109737396240234,0.7109737396240234,0
1997-12-26,0.7109737396240234,0.7109737396240234,0.7109737396240234,0.7109737396240234,0
1997-12-29,0.7109737396240234,0.7109737396240234,0.7109737396240234,0.7109737396240234,0
1997-12-30,0.7158108949661255,0.7158108949661255,0.7125867183655115,0.7125867183655115,193600
1997-12-31,0.7125865817070007,0.7158107576892884,0.7125865817070007,0.7158107576892884,20800
1998-01-02,0.7158108949661255,0.7158108949661255,0.7125867183655115,0.7158108949661255,35200
1998-01-05,0.7141987681388855,0.7158108563522295,0.7125866799255415,0.7125866799255415,88000
1998-01-06,0.7158108949661255,0.7158108949661255,0.7093621481646288,0.7109742364649358,278400
1998-01-07,0.7093622088432312,0.7222597035494718,0.7093622088432312,0.7222597035494718,81600
1998-01-08,0.7061378955841064,0.7141987298185702,0.7061378955841064,0.7141987298185702,41600
1998-01-09,0.6900158524513245,0.7093620913050999,0.6900158524513245,0.7093620913050999,56000
1998-01-12,0.6803427338600159,0.6867914782871245,0.6803427338600159,0.6867914782871245,48000
1998-01-13,0.6771179437637329,0.6771179437637329,0.6706692014421736,0.6771179437637329,43200
1998-01-14,0.6884037256240845,0.6884037256240845,0.6738941456985732,0.6738941456985732,65600
1998-01-15,0.7077498435974121,0.7077498435974121,0.6867915212968436,0.6867915212968436,54400
1998-01-16,0.7109737396240234,0.7109737396240234,0.7093616524502712,0.7109737396240234,76800
1998-01-20,0.7077498435974121,0.712586500620666,0.7061377557897104,0.712586500620666,308800
1998-01-21,0.7061378955841064,0.710974159964649,0.7061378955841064,0.7093620718378014,400000
1998-01-22,0.6980769634246826,0.7029136234540518,0.6964648746150238,0.7029136234540518,35200
1998-01-23,0.6851790547370911,0.6948523689932231,0.6835669668944546,0.6916277997077934,46400
1998-01-26,0.6884037256240845,0.6932403834659933,0.6851791558627404,0.6884037256240845,35200
1998-01-27,0.6448745131492615,0.6835669839382172,0.6448745131492615,0.6835669839382172,243200
1998-01-28,0.660996675491333,0.6674454216249058,0.6416504370906144,0.6448746133572869,147200
1998-01-29,0.6771179437637329,0.6771179437637329,0.6642204591206142,0.6642204591206142,89600
1998-01-30,0.6738942265510559,0.6771184030990154,0.6674454798548748,0.6738942265510559,107200
1998-02-02,0.6674454212188721,0.6771183436132331,0.6674454212188721,0.6706695974835832,174400
1998-02-03,0.6738942265510559,0.6738942265510559,0.6609967331586938,0.6609967331586938,107200
1998-02-04,0.670669674873352,0.6771184217471343,0.670669674873352,0.670669674873352,164800
1998-02-05,0.6738942265510559,0.6738942265510559,0.6609967331586938,0.6642209097066532,238400
1998-02-06,0.6738942265510559,0.6835671497951965,0.6738942265510559,0.6771184030990154,158400
1998-02-09,0.6771179437637329,0.6835666860852923,0.6771179437637329,0.6803425117245102,214400
1998-02-10,0.670669674873352,0.6803429919841619,0.6674454982365975,0.6787305100655115,160000
1998-02-11,0.6690577268600464,0.6738943864297253,0.6658331559468086,0.6706698155164875,105600
1998-02-12,0.6658331155776978,0.6706697748541326,0.6658331155776978,0.6674455977367305,140800
1998-02-13,0.6771179437637329,0.6771179437637329,0.6706692014421736,0.6706692014421736,84800
1998-02-17,0.6771179437637329,0.6803425117245102,0.6771179437637329,0.6803425117245102,107200
1998-02-18,0.6738942265510559,0.680342973247237,0.6738942265510559,0.680342973247237,185600
1998-02-19,0.6738942265510559,0.6787304913729951,0.6706696564028343,0.6706696564028343,57600
1998-02-20,0.6803427338600159,0.6803427338600159,0.6674452450057988,0.6738939894329073,132800
1998-02-23,0.6900158524513245,0.6900158524513245,0.6771183598821408,0.6803429298245552,361600
1998-02-24,0.6867915391921997,0.690015714891614,0.6867915391921997,0.690015714891614,131200
1998-02-25,0.6964641809463501,0.6964641809463501,0.6835666961140102,0.6835666961140102,361600
1998-02-26,0.6932403445243835,0.6964645205044001,0.6900157749441742,0.6964645205044001,70400
1998-02-27,0.6980769634246826,0.6996894458347344,0.6964648746150238,0.6964648746150238,35200
1998-03-02,0.7029134035110474,0.7029134035110474,0.6996892269005811,0.6996892269005811,222400
1998-03-03,0.7077498435974121,0.7077498435974121,0.7045252743818602,0.7077498435974121,73600
1998-03-04,0.6964641809463501,0.7061374913706054,0.6964641809463501,0.7061374913706054,81600
1998-03-05,0.6900158524513245,0.6964645987359163,0.6900158524513245,0.6948525105648276,33600
1998-03-06,0.6900158524513245,0.6916279406224131,0.686791676109147,0.6900158524513245,70400
1998-03-09,0.7029134035110474,0.7029134035110474,0.6867917332581767,0.6867917332581767,459200
1998-03-10,0.7061378955841064,0.7093620718378014,0.7061378955841064,0.7061378955841064,208000
1998-03-11,0.7158108949661255,0.7158108949661255,0.7061379715640149,0.7061379715640149,504000
1998-03-12,0.7061378955841064,0.7222595640530342,0.7061378955841064,0.7158108179454178,379200
1998-03-13,0.7093622088432312,0.7125867793199425,0.7093622088432312,0.7093622088432312,100800
1998-03-16,0.7222591638565063,0.7222591638565063,0.7093616787876402,0.7093616787876402,208000
1998-03-17,0.7190355658531189,0.7254843135576297,0.7190355658531189,0.7222597429052124,32000
1998-03-18,0.7196837663650513,0.7229257829973764,0.7180629559138036,0.7196837663650513,88000
1998-03-19,0.7180626392364502,0.7213042587093382,0.7164418295000062,0.7196834489728942,59200
1998-03-20,0.713200032711029,0.713200032711029,0.7099584122454127,0.7115792224782209,100800
1998-03-23,0.713200032711029,0.713200032711029,0.713200032711029,0.713200032711029,3200
1998-03-24,0.713200032711029,0.7196836693720384,0.7099584122454127,0.713200032711029,81600
1998-03-25,0.7067164778709412,0.7132001152826012,0.7067164778709412,0.7132001152826012,75200
1998-03-26,0.7034744620323181,0.7099580958034473,0.7002324472819533,0.7034744620323181,200000
1998-03-27,0.700232207775116,0.700232207775116,0.700232207775116,0.700232207775116,1600
1998-03-30,0.7018538117408752,0.7018538117408752,0.6969913793650536,0.6969913793650536,32000
1998-03-31,0.7034744620323181,0.7067160810530826,0.7002324472819533,0.7002324472819533,435200
1998-04-01,0.7067164778709412,0.7067164778709412,0.7034748570300223,0.7067164778709412,137600
1998-04-02,0.700232207775116,0.7050950303725871,0.700232207775116,0.7050950303725871,46400
1998-04-03,0.7050955891609192,0.7067163994014136,0.7034747789204249,0.7067163994014136,88000
1998-04-06,0.7083373665809631,0.7115793835100309,0.7002329178530929,0.7050957453817616,499200
1998-04-07,0.7050955891609192,0.7132000360931697,0.7050955891609192,0.709958415612181,321600
1998-04-08,0.6937488913536072,0.705095350658624,0.6905072719691135,0.705095350658624,158400
1998-04-09,0.7067164778709412,0.7083372882914005,0.6937492030476211,0.6937492030476211,144000
1998-04-13,0.700232207775116,0.7067158393285893,0.700232207775116,0.7067158393285893,46400
1998-04-14,0.690507173538208,0.7067160596094094,0.690507173538208,0.7034744406870045,62400
1998-04-15,0.7910034656524658,0.7926242754611387,0.765068925795008,0.765068925795008,2185600
1998-04-16,0.8525978922843933,0.8655651575987603,0.7974868168335676,0.7974868168335676,593600
1998-04-17,0.8380095362663269,0.8493559938958049,0.8363887268134261,0.8493559938958049,392000
1998-04-20,0.8347684144973755,0.8380100353336876,0.8299055875130855,0.8363892249155315,1363200
1998-04-21,0.8363890647888184,0.8396310807342682,0.8315262387355166,0.8315262387355166,41600
1998-04-22,0.8072129487991333,0.8299054788721588,0.8072129487991333,0.8299054788721588,56000
1998-04-23,0.8104543685913086,0.8136963839305099,0.7910034637451172,0.8104543685913086,518400
1998-04-24,0.8039705753326416,0.8104542090046791,0.8039705753326416,0.8104542090046791,48000
1998-04-27,0.7812784910202026,0.7877621283077985,0.7747948537326068,0.7877621283077985,281600
1998-04-28,0.8039705753326416,0.8039705753326416,0.7780360406444919,0.7780360406444919,120000
1998-04-29,0.8299052715301514,0.8299052715301514,0.8039707317948341,0.8039707317948341,172800
1998-04-30,0.8185588717460632,0.8363889680596039,0.8169380618256596,0.8234216972369743,257600
1998-05-01,0.8201801776885986,0.8201801776885986,0.8120753356361119,0.8153173516030564,54400
1998-05-04,0.8039705753326416,0.823421476348754,0.8039705753326416,0.8201798573775323,89600
1998-05-05,0.7861405611038208,0.8039706543875662,0.7845197514588348,0.8039706543875662,444800
1998-05-06,0.782899022102356,0.7893826570768482,0.782899022102356,0.7861406417247652,92800
1998-05-07,0.7845199704170227,0.7910036065361716,0.7845199704170227,0.786140780514374,179200
1998-05-08,0.7845199704170227,0.7893827964388203,0.7845199704170227,0.7845199704170227,25600
1998-05-11,0.7683109045028687,0.7845197932759749,0.7683109045028687,0.7845197932759749,115200
1998-05-12,0.7618274092674255,0.7683110451091494,0.7618274092674255,0.7683110451091494,38400
1998-05-13,0.7553438544273376,0.7585854748309614,0.7553438544273376,0.7585854748309614,12800
1998-05-14,0.7488600015640259,0.758585255695292,0.7488600015640259,0.7521016210312297,40000
1998-05-15,0.7521016597747803,0.7521016597747803,0.7488600401405886,0.7521016597747803,27200
1998-05-18,0.7488600015640259,0.7521016210312297,0.7488600015640259,0.7521016210312297,40000
1998-05-19,0.7391344308853149,0.745618066243958,0.7391344308853149,0.745618066243958,65600
1998-05-20,0.7196837663650513,0.7391346789695121,0.7196837663650513,0.7391346789695121,38400
1998-05-21,0.7196837663650513,0.720494171590675,0.7196837663650513,0.7196837663650513,153600
1998-05-22,0.7229257822036743,0.7229257822036743,0.7180629551254405,0.7196837655749085,40000
1998-05-26,0.7358927130699158,0.739134332452693,0.7196834289670958,0.7196834289670958,57600
1998-05-27,0.7196837663650513,0.7326510414346918,0.7196837663650513,0.7326510414346918,48000
1998-05-28,0.7196837663650513,0.7213045768162988,0.7196837663650513,0.7196837663650513,105600
1998-05-29,0.7099583148956299,0.714820744927316,0.6969910433516888,0.7131999349167539,254400
1998-06-01,0.7115789651870728,0.7131997748338322,0.7099581555403134,0.7099581555403134,16000
1998-06-02,0.7067164778709412,0.7261673901059211,0.7034748570300223,0.7148209257030606,161600
1998-06-03,0.7164420485496521,0.7164420485496521,0.7067163956980929,0.7067163956980929,768000
1998-06-04,0.7229257822036743,0.7229257822036743,0.7132001280472067,0.7132001280472067,923200
1998-06-05,0.7521016597747803,0.7521016597747803,0.719683484784488,0.719683484784488,131200
1998-06-08,0.7715526819229126,0.7780363179054581,0.7521017739752761,0.7521017739752761,211200
1998-06-09,0.7683109045028687,0.7715525239656282,0.7683109045028687,0.7715525239656282,20800
1998-06-10,0.7650691866874695,0.7683112031400323,0.7650691866874695,0.7683112031400323,187200
1998-06-11,0.7521016597747803,0.7650689297708971,0.7521016597747803,0.7650689297708971,88000
1998-06-12,0.7439972162246704,0.7521016610536049,0.7439972162246704,0.7521016610536049,124800
1998-06-15,0.7358927130699158,0.739134332452693,0.7358927130699158,0.739134332452693,80000
1998-06-16,0.7261669039726257,0.7358925514441808,0.7261669039726257,0.7342713463792165,115200
1998-06-17,0.714820384979248,0.726166840799115,0.714820384979248,0.726166840799115,142400
1998-06-18,0.6937488913536072,0.7115789851572559,0.6840236374704818,0.7115789851572559,193600
1998-06-19,0.67105633020401,0.7002324859191641,0.67105633020401,0.7002324859191641,203200
1998-06-22,0.674298107624054,0.675918917604183,0.674298107624054,0.674298107624054,120000
1998-06-23,0.6580891013145447,0.6742979897415868,0.6580891013145447,0.6742979897415868,62400
1998-06-24,0.6783079504966736,0.6799383989338489,0.6620026699589254,0.6620026699589254,113600
1998-06-25,0.6831993460655212,0.6897215345766889,0.6831993460655212,0.6831993460655212,43200
1998-06-26,0.6766775250434875,0.6815692686041637,0.6766775250434875,0.6799384220285976,73600
1998-06-29,0.6880912184715271,0.6897216663902171,0.6766772868749548,0.686460372469966,128000
1998-06-30,0.6717854738235474,0.6815689564643338,0.6717854738235474,0.6815689564643338,192000
1998-07-01,0.6766775250434875,0.6766775250434875,0.6717857814828114,0.6717857814828114,38400
1998-07-02,0.6717854738235474,0.6783076628897954,0.6717854738235474,0.6734159215694022,312000
1998-07-06,0.6799381971359253,0.6815690431720816,0.6750468532760946,0.6783077491826484,289600
1998-07-07,0.6750470399856567,0.686460576898316,0.6750470399856567,0.6815692316856004,187200
1998-07-08,0.6766775250434875,0.6815692686041637,0.6766775250434875,0.6783079735360426,164800
1998-07-09,0.6489580273628235,0.6620024058215452,0.6456967337067238,0.6620024058215452,156800
1998-07-10,0.6587412357330322,0.6636329780933623,0.6522190452802299,0.6522190452802299,80000
1998-07-13,0.6783079504966736,0.6783079504966736,0.6554804781272267,0.6587413750015773,115200
1998-07-14,0.6750470399856567,0.6815692316856004,0.6750470399856567,0.6783079367941338,84800
1998-07-15,0.6734163165092468,0.6783080606985112,0.6685249704030446,0.6783080606985112,64000
1998-07-16,0.668524980545044,0.6734163267254514,0.668524980545044,0.6734163267254514,28800
1998-07-17,0.6652635931968689,0.6783079773771997,0.6620026961932929,0.6783079773771997,68800
1998-07-20,0.6620023846626282,0.6620023846626282,0.6587410911107658,0.6620023846626282,14400
1998-07-21,0.6571107506752014,0.6620024927603496,0.655480302674449,0.6620024927603496,265600
1998-07-22,0.6587412357330322,0.6587412357330322,0.6522190452802299,0.65711078764056,1316800
1998-07-23,0.6587412357330322,0.6652634261858344,0.6587412357330322,0.6587412357330322,20800
1998-07-24,0.6587412357330322,0.6603716838255044,0.65711078764056,0.6587412357330322,508800
1998-07-27,0.6456969380378723,0.6587413206244961,0.6456969380378723,0.6587413206244961,84800
1998-07-28,0.6456969380378723,0.6473273863404592,0.6456969380378723,0.6473273863404592,32000
1998-07-29,0.6456969380378723,0.6456969380378723,0.6456969380378723,0.6456969380378723,86400
1998-07-30,0.6440662145614624,0.6473271097734361,0.6440662145614624,0.6456966621674493,332800
1998-07-31,0.6293916702270508,0.6424360530495495,0.6293916702270508,0.6424360530495495,102400
1998-08-03,0.6098247170448303,0.627760433718183,0.6098247170448303,0.627760433718183,33600
1998-08-04,0.5902582406997681,0.6065635124224205,0.5902582406997681,0.6065635124224205,72000
1998-08-05,0.5674304366111755,0.5869970033908712,0.5674304366111755,0.5869970033908712,49600
1998-08-06,0.55438631772995,0.5658002532039652,0.5511254207848063,0.5658002532039652,129600
1998-08-07,0.5560165643692017,0.5560165643692017,0.5413417372769868,0.5494943747634549,313600
1998-08-10,0.5609084367752075,0.5609084367752075,0.5527557973893298,0.5527557973893298,240000
1998-08-11,0.5706917643547058,0.5902583323083042,0.5609082813364846,0.5609082813364846,360000
1998-08-12,0.6065638661384583,0.616347353343489,0.5739529055933799,0.5869972898114112,364800
1998-08-13,0.6359138488769531,0.6391747454756531,0.6163472750358617,0.6196081716345616,420800
1998-08-14,0.6587412357330322,0.66200253000089,0.6293915777368785,0.632652473921823,518400
1998-08-17,0.6783079504966736,0.6815692454540218,0.6130860321796857,0.6522191831698785,612800
1998-08-18,0.6603716015815735,0.6815690164753998,0.6571107058027471,0.6815690164753998,139200
1998-08-19,0.6456969380378723,0.6587413206244961,0.6440664897352856,0.6587413206244961,169600
1998-08-20,0.6359138488769531,0.6359138488769531,0.6293916575965893,0.6359138488769531,16000
1998-08-21,0.6261303424835205,0.6261303424835205,0.6228694459912276,0.6228694459912276,49600
1998-08-24,0.622869610786438,0.6261305081414801,0.622869610786438,0.6261305081414801,168000
1998-08-25,0.6196080446243286,0.6359137185243047,0.6196080446243286,0.6261302345677426,484800
1998-08-26,0.5641698241233826,0.6098251695057306,0.5641698241233826,0.6098251695057306,208000
1998-08-27,0.5511255264282227,0.560908617221948,0.547864230774926,0.560908617221948,144000
1998-08-28,0.5478640794754028,0.5543862708977291,0.5446031828057261,0.5511253742280522,44800
1998-08-31,0.55438631772995,0.55438631772995,0.5413419337833629,0.5446032288115128,256000
1998-09-01,0.544603168964386,0.5478640655511856,0.5315587864512625,0.5478640655511856,257600
1998-09-02,0.3978533148765564,0.45981427607076797,0.3978533148765564,0.45981427607076797,1588800
1998-09-03,0.39133161306381226,0.39133161306381226,0.3782872259616852,0.39133161306381226,540800
1998-09-04,0.3962232768535614,0.3978537253876736,0.39459282831944914,0.3978537253876736,300800
1998-09-08,0.3978533148765564,0.3978533148765564,0.39622286802476414,0.3978533148765564,115200
1998-09-09,0.4108980894088745,0.4108980894088745,0.40111500060730676,0.40111500060730676,56000
1998-09-10,0.4076368808746338,0.4108977752879515,0.40682125918860723,0.4108977752879515,315200
1998-09-11,0.4076368808746338,0.4076368808746338,0.4043755883786189,0.4043755883786189,161600
1998-09-14,0.3978533148765564,0.4060059472181283,0.3978533148765564,0.4060059472181283,44800
1998-09-15,0.38807061314582825,0.4011149968132007,0.38807061314582825,0.4011149968132007,65600
1998-09-16,0.38970115780830383,0.40111509585632765,0.3848094132044228,0.38807070896804213,204800
1998-09-17,0.3799175024032593,0.38970098733117486,0.3766566061492353,0.38970098733117486,292800
1998-09-18,0.39459261298179626,0.39459261298179626,0.37828694228996473,0.38154823566145263,270400
1998-09-21,0.39133161306381226,0.40437600016593933,0.39133161306381226,0.39133161306381226,78400
1998-09-22,0.4076368808746338,0.41252822249461035,0.39459250705596866,0.39459250705596866,243200
1998-09-23,0.404375821352005,0.41415930639391996,0.404375821352005,0.40763711572695216,132800
1998-09-24,0.4011147916316986,0.4076369801291019,0.4011147916316986,0.40437568683900327,38400
1998-09-25,0.39459261298179626,0.40111480164196806,0.3929617672546503,0.39785350827048016,56000
1998-09-28,0.39459261298179626,0.40763699030213985,0.39459261298179626,0.39785350827048016,225600
1998-09-29,0.38807061314582825,0.4011149968132007,0.38807061314582825,0.39459280497951443,72000
1998-09-30,0.4027452766895294,0.4043757244448088,0.388070450726353,0.388070450726353,217600
1998-10-01,0.404375821352005,0.40763711572695216,0.39622318253902683,0.40763711572695216,233600
1998-10-02,0.4076368808746338,0.41415906778396633,0.4011146939653012,0.4043755883786189,416000
1998-10-05,0.3887906074523926,0.4151492927034023,0.3887906074523926,0.40855962139064983,276800
1998-10-06,0.3887906074523926,0.39538027876514503,0.3887906074523926,0.3887906074523926,190400
1998-10-07,0.3887906074523926,0.3920856442095779,0.38549597289682547,0.387143290174609,40000
1998-10-08,0.3937327563762665,0.3953800727958972,0.3854957720767041,0.3854957720767041,628800
1998-10-09,0.3953801989555359,0.3953801989555359,0.39208556506500825,0.39208556506500825,1019200
1998-10-12,0.3953801989555359,0.4184442449953773,0.3953801989555359,0.4052649050301928,808000
1998-10-13,0.4052647054195404,0.40855933768731706,0.3986750386826482,0.40196967095042485,110400
1998-10-14,0.3953801989555359,0.4052649050301928,0.3953801989555359,0.40196986893812814,328000
1998-10-15,0.3920855224132538,0.39373283917931956,0.3920855224132538,0.3920855224132538,246400
1998-10-16,0.38549578189849854,0.39538008286952725,0.383848063235478,0.39538008286952725,113600
1998-10-19,0.3920855224132538,0.3920855224132538,0.3822008174138725,0.3822008174138725,281600
1998-10-20,0.3887906074523926,0.3937329614873615,0.3887906074523926,0.3920856442095779,142400
1998-10-21,0.38549578189849854,0.3887904148217018,0.38220074677387633,0.3887904148217018,414400
1998-10-22,0.38220077753067017,0.3854958129204533,0.38220077753067017,0.3854958129204533,201600
1998-10-23,0.38055354356765747,0.38055354356765747,0.37890622661580287,0.37890622661580287,83200
1998-10-26,0.4003223180770874,0.40196963405979386,0.3805533196807041,0.3805533196807041,636800
1998-10-27,0.3986751139163971,0.4085594147863266,0.3986751139163971,0.40196974680590203,369600
1998-10-28,0.4085594117641449,0.4085594117641449,0.40196974383246514,0.40196974383246514,44800
1998-10-29,0.41185444593429565,0.41185444593429565,0.4052647780169582,0.4052647780169582,52800
1998-10-30,0.4052647054195404,0.41514900442420927,0.4052647054195404,0.41514900442420927,171200
1998-11-02,0.42668113112449646,0.4283284476805998,0.405264809290827,0.405264809290827,108800
1998-11-03,0.4332709014415741,0.4332709014415741,0.42173887843401,0.4283285484095414,94400
1998-11-04,0.4316236674785614,0.43821333872096985,0.4316236674785614,0.43821333872096985,1756800
1998-11-05,0.44480276107788086,0.44480276107788086,0.43327074230590285,0.43491805864436006,313600
1998-11-06,0.45798206329345703,0.457982063293457,0.4431550107081385,0.4448027291296361,172800
1998-11-09,0.44809743762016296,0.4579821410213219,0.44809743762016296,0.4579821410213219,46400
1998-11-10,0.45139241218566895,0.45468704474253646,0.44974469370586095,0.45139241218566895,40000
1998-11-11,0.4431551396846771,0.4579821965852846,0.441507822985102,0.4546871609846573,96000
1998-11-12,0.44480276107788086,0.446450077416338,0.4431550425380348,0.4431550425380348,56000
1998-11-13,0.4250338673591614,0.43821320584779444,0.42173883163625714,0.43821320584779444,105600
1998-11-16,0.4184441566467285,0.42503382523800415,0.4118544880554529,0.42503382523800415,252800
1998-11-17,0.4233860969543457,0.42503381571634125,0.41844414727268825,0.41844414727268825,40000
1998-11-18,0.438213050365448,0.438213050365448,0.4250337165529736,0.4250337165529736,96000
1998-11-19,0.4365655183792114,0.43821323746027513,0.4365655183792114,0.43821323746027513,44800
1998-11-20,0.4316236674785614,0.43821333872096985,0.4316236674785614,0.43821333872096985,33600
1998-11-23,0.4217388927936554,0.43162359919428184,0.4184442587944801,0.42503392899438097,144000
1998-11-24,0.4217388927936554,0.42832856299355626,0.42009157579406775,0.42009157579406775,225600
1998-11-25,0.4184441566467285,0.42173878984164026,0.4184441566467285,0.42173878984164026,1588800
1998-11-27,0.4250338673591614,0.4250338673591614,0.42173883163625714,0.42173883163625714,153600
1998-11-30,0.4283285439014435,0.4316235799552977,0.42503391004912167,0.4283285439014435,1884800
1998-12-01,0.42668113112449646,0.4283284476805998,0.4217387792547444,0.4283284476805998,11200
1998-12-02,0.4217388927936554,0.42503392899438097,0.4217388927936554,0.42503392899438097,59200
1998-12-03,0.43491804599761963,0.43491804599761963,0.4250337460529077,0.4250337460529077,43200
1998-12-04,0.43491804599761963,0.4480973807248202,0.4332707297070638,0.43491804599761963,313600
1998-12-07,0.4217388927936554,0.42832856299355626,0.4217388927936554,0.42832856299355626,49600
1998-12-08,0.4217388927936554,0.42503392899438097,0.42009157579406775,0.4217388927936554,254400
1998-12-09,0.41020676493644714,0.42009146881998577,0.41020676493644714,0.42009146881998577,86400
1998-12-10,0.4135017991065979,0.4135017991065979,0.4135017991065979,0.4135017991065979,11200
1998-12-11,0.41185444593429565,0.4151490787922589,0.41185444593429565,0.4151490787922589,91200
1998-12-14,0.4052647054195404,0.4118543721564326,0.4052647054195404,0.40855933768731706,67200
1998-12-15,0.39702749252319336,0.39867521157297386,0.39538017567492617,0.39867521157297386,115200
1998-12-16,0.3953801989555359,0.3953801989555359,0.3953801989555359,0.3953801989555359,6400
1998-12-17,0.3920855224132538,0.39538015594538534,0.3920855224132538,0.39538015594538534,64000
1998-12-18,0.3887906074523926,0.39538027876514503,0.387143290174609,0.39538027876514503,161600
1998-12-21,0.3887906074523926,0.3887906074523926,0.3756112648268878,0.3822009361396402,198400
1998-12-22,0.38306134939193726,0.38639211257358047,0.38306134939193726,0.38639211257358047,56000
1998-12-23,0.38306134939193726,0.38306134939193726,0.3730682466227674,0.3797301795981739,115200
1998-12-24,0.3813953995704651,0.3863919488377331,0.3730680885329837,0.3863919488377331,208000
1998-12-28,0.3897233009338379,0.3897233009338379,0.37306826439581225,0.3797301976885946,182400
1998-12-29,0.3963853120803833,0.3963853120803833,0.389723377479135,0.389723377479135,54400
1998-12-30,0.4230329394340515,0.4230329394340515,0.3997159711445624,0.3997159711445624,124800
1998-12-31,0.44968080520629883,0.45134618726398174,0.426363829949802,0.426363829949802,358400
1999-01-04,0.45134609937667847,0.45301148111007383,0.4430187840975467,0.4463495475643374,252800
1999-01-05,0.4530114531517029,0.4546768347823164,0.4530114531517029,0.4530114531517029,8000
1999-01-06,0.4596731960773468,0.45967319607734675,0.4496805038164287,0.4513458847579215,296000
1999-01-07,0.45134609937667847,0.4596734146558102,0.45134609937667847,0.4596734146558102,91200
1999-01-08,0.444684237241745,0.4480150012434153,0.4430188552409098,0.4480150012434153,46400
1999-01-11,0.43968746066093445,0.44468401073053926,0.43968746066093445,0.44468401073053926,68800
1999-01-12,0.4430187940597534,0.4430187940597534,0.43968762390589944,0.4430187940597534,78400
1999-01-13,0.43968746066093445,0.441352841813465,0.43635669835587326,0.43635669835587326,73600
1999-01-14,0.43968746066093445,0.44301862957800864,0.43968746066093445,0.43968746066093445,17600
1999-01-15,0.44135287404060364,0.4430186619267814,0.4396874927664686,0.4396874927664686,35200
1999-01-19,0.4430187940597534,0.4446841758305984,0.4430187940597534,0.4446841758305984,65600
1999-01-20,0.4380221962928772,0.43968757788942797,0.4363568146963264,0.43968757788942797,104000
1999-01-21,0.4380221962928772,0.43968757788942797,0.4380221962928772,0.4380221962928772,6400
1999-01-22,0.42636361718177795,0.4396874802187085,0.42636361718177795,0.4396874802187085,163200
1999-01-25,0.4230329394340515,0.4263637025541999,0.4230329394340515,0.4263637025541999,12800
1999-01-26,0.42136722803115845,0.42303301650683683,0.41970184616766676,0.42303301650683683,94400
1999-01-27,0.41637110710144043,0.4197018710256977,0.41637110710144043,0.4180364890635691,43200
1999-01-28,0.41637110710144043,0.4197018710256977,0.41637110710144043,0.41720379808250474,14400
1999-01-29,0.4130398631095886,0.4130398631095886,0.4113744814436329,0.4130398631095886,36800
1999-02-01,0.41637110710144043,0.41637110710144043,0.4130399365649724,0.4130399365649724,35200
1999-02-02,0.4063779413700104,0.41303987483509247,0.4063779413700104,0.41303987483509247,11200
1999-02-03,0.4063779413700104,0.4063779413700104,0.3997160079049282,0.4063779413700104,78400
1999-02-04,0.3963853120803833,0.4063780106761461,0.3963853120803833,0.4063780106761461,49600
1999-02-05,0.3897233009338379,0.39638523422662025,0.3897233009338379,0.39638523422662025,65600
1999-02-08,0.38306134939193726,0.38639211257358047,0.38306134939193726,0.38639211257358047,24000
1999-02-09,0.37639960646629333,0.3830615428054107,0.37639960646629333,0.37973037132968934,211200
1999-02-10,0.3730682134628296,0.3797301458460944,0.3697374505772391,0.37806476440329917,107200
1999-02-11,0.37639960646629333,0.37639960646629333,0.37306843499057196,0.37306843499057196,81600
1999-02-12,0.37473368644714355,0.37473368644714355,0.37473368644714355,0.37473368644714355,4800
1999-02-16,0.37473368644714355,0.3763994749089485,0.3730683045975218,0.3763994749089485,99200
1999-02-17,0.3614096939563751,0.37306817611291454,0.3614096939563751,0.37306817611291454,1036800
1999-02-18,0.3464205861091614,0.3597444548056676,0.34475520417514904,0.3597444548056676,171200
1999-02-19,0.3464205861091614,0.3464205861091614,0.34308982224113677,0.34308982224113677,46400
1999-02-22,0.35308241844177246,0.35308241844177246,0.34642048601834274,0.3497516555361008,137600
1999-02-23,0.3464205861091614,0.35308252045741445,0.3464205861091614,0.35308252045741445,56000
1999-02-24,0.3464205861091614,0.34975175658938984,0.3464205861091614,0.34975175658938984,33600
1999-02-25,0.3330966830253601,0.34308978682220187,0.3264347493648529,0.34308978682220187,83200
1999-02-26,0.33476200699806213,0.33642779508474824,0.3264346930129983,0.3264346930129983,100800
1999-03-01,0.33975863456726074,0.3464205685783835,0.336427870867791,0.336427870867791,116800
1999-03-02,0.33975863456726074,0.33975863456726074,0.3380932527175259,0.33975863456726074,25600
1999-03-03,0.3330966830253601,0.33642785316169466,0.3330966830253601,0.33642785316169466,36800
1999-03-04,0.3314313292503357,0.3314313292503357,0.32643477692999084,0.32643477692999084,190400
1999-03-05,0.338093101978302,0.338093101978302,0.333096552044632,0.33476193315185465,78400
1999-03-08,0.338093101978302,0.343089651911972,0.33642772087107936,0.33975848308552464,168000
1999-03-09,0.3430897891521454,0.34642055269893746,0.33975861899318865,0.3430897891521454,328000
1999-03-10,0.3474070429801941,0.3490933810048797,0.34403395520207364,0.34403395520207364,91200
1999-03-11,0.3558390438556671,0.3558390438556671,0.3490932819424253,0.3490932819424253,120000
1999-03-12,0.34572020173072815,0.35752538823674296,0.34572020173072815,0.35752538823674296,54400
1999-03-15,0.3507797122001648,0.3541527999126139,0.3406612725202999,0.34403394850400776,139200
1999-03-16,0.3507797122001648,0.3541527999126139,0.34403394850400776,0.3541527999126139,60800
1999-03-17,0.34403398633003235,0.3507797507678761,0.34403398633003235,0.3507797507678761,84800
1999-03-18,0.3474070429801941,0.3507797190295653,0.34066127915270245,0.34066127915270245,161600
1999-03-19,0.34066128730773926,0.35077972742682584,0.34066128730773926,0.34066128730773926,1353600
1999-03-22,0.33728814125061035,0.34066122852746045,0.33728814125061035,0.34066122852746045,188800
1999-03-23,0.3474070429801941,0.3474070429801941,0.33897452939926764,0.33897452939926764,81600
1999-03-24,0.34234756231307983,0.3490933250595017,0.34234756231307983,0.3490933250595017,272000
1999-03-25,0.34403398633003235,0.34403398633003235,0.342347648152768,0.34403398633003235,536000
1999-03-26,0.349093496799469,0.3507798353835144,0.3423477307344014,0.3440340693184468,484800
1999-03-29,0.36764445900917053,0.37101713620109983,0.350779837862858,0.350779837862858,1532800
1999-03-30,0.3625849485397339,0.3676443748990144,0.3608986103295719,0.3676443748990144,441600
1999-03-31,0.36089852452278137,0.36427120014122216,0.36089852452278137,0.36427120014122216,86400
1999-04-01,0.3541527986526489,0.3642712382965156,0.3541527986526489,0.3625849003106611,257600
1999-04-05,0.3507797122001648,0.3541527999126139,0.34740703621645685,0.3541527999126139,284800
1999-04-06,0.34403398633003235,0.3507797507678761,0.34403398633003235,0.34740707441334745,278400
1999-04-07,0.3474070429801941,0.3474070429801941,0.34066127915270245,0.34066127915270245,49600
1999-04-08,0.3389744758605957,0.34740698810966525,0.3389744758605957,0.34740698810966525,292800
1999-04-09,0.34234756231307983,0.3440339000675145,0.33728813732109264,0.3389744750755273,480000
1999-04-12,0.349093496799469,0.349093496799469,0.34066139215035596,0.3440340693184468,947200
1999-04-13,0.3575255572795868,0.3575255572795868,0.3474071152964688,0.3507797920478965,920000
1999-04-14,0.3659575879573822,0.3676443377257882,0.35415280995105747,0.35415280995105747,987200
1999-04-15,0.3811360001564026,0.38788176642705663,0.37101714488597237,0.37101714488597237,296000
1999-04-16,0.3811360001564026,0.38450867742728045,0.3777629111566264,0.3777629111566264,128000
1999-04-19,0.37776273488998413,0.391254261136055,0.37776273488998413,0.38450849801301956,344000
1999-04-20,0.37776273488998413,0.38113582231585497,0.37439005919281954,0.37439005919281954,348800
1999-04-21,0.36933061480522156,0.37776271534047157,0.36764427704390856,0.37776271534047157,83200
1999-04-22,0.3743901550769806,0.3743901550769806,0.36511447107679235,0.3676443902263036,144000
1999-04-23,0.3642711937427521,0.3710169565898401,0.3642711937427521,0.3710169565898401,384000
1999-04-26,0.3743901550769806,0.3743901550769806,0.3710170667872362,0.3710170667872362,20800
1999-04-27,0.3743901550769806,0.3743901550769806,0.3676443902263036,0.3743901550769806,155200
1999-04-28,0.37270331382751465,0.3777627391591452,0.37101697595987476,0.3777627391591452,83200
1999-04-29,0.37607651948928833,0.37607651948928833,0.37101709256752113,0.374390181091646,609600
1999-04-30,0.37944918870925903,0.37944918870925903,0.3760765119813064,0.37776285034528273,537600
1999-05-03,0.3811360001564026,0.38450867742728045,0.37439023388574855,0.3811360001564026,2264000
1999-05-04,0.3878816068172455,0.3946273703120782,0.3878816068172455,0.3878816068172455,152000
1999-05-05,0.37776273488998413,0.38619483586160186,0.37776273488998413,0.38450849801301956,761600
1999-05-06,0.3811360001564026,0.3912544436979345,0.3777629111566264,0.3811360001564026,704000
1999-05-07,0.3828222453594208,0.3845085835832883,0.37944915718288774,0.3845085835832883,204800
1999-05-10,0.3811360001564026,0.38956810506249556,0.3811360001564026,0.38788176642705663,248000
1999-05-11,0.37776273488998413,0.38450849801301956,0.37776273488998413,0.38450849801301956,233600
1999-05-12,0.3743901550769806,0.3811359199276576,0.3743901550769806,0.37776283163791324,646400
1999-05-13,0.3811360001564026,0.3811360001564026,0.37439023388574855,0.37439023388574855,150400
1999-05-14,0.3743901550769806,0.3811359199276576,0.3743901550769806,0.3811359199276576,134400
1999-05-17,0.37776273488998413,0.38450849801301956,0.37439005919281954,0.37439005919281954,262400
1999-05-18,0.37607651948928833,0.3794491962845729,0.37607651948928833,0.3794491962845729,164800
1999-05-19,0.3710170090198517,0.3760764348023093,0.3710170090198517,0.3760764348023093,99200
1999-05-20,0.3642711937427521,0.36933061881024043,0.3642711937427521,0.36933061881024043,126400
1999-05-21,0.36764445900917053,0.36764445900917053,0.36427137008835253,0.36764445900917053,56000
1999-05-24,0.3642711937427521,0.36933061881024043,0.3642711937427521,0.36933061881024043,468800
1999-05-25,0.3642711937427521,0.3642711937427521,0.36089851818355273,0.36089851818355273,36800
1999-05-26,0.3558390438556671,0.3608984682227566,0.3558390438556671,0.3575253814018195,190400
1999-05-27,0.349093496799469,0.3507798353835144,0.349093496799469,0.3507798353835144,198400
1999-05-28,0.34403398633003235,0.3507797507678761,0.3406613099755037,0.3507797507678761,211200
1999-06-01,0.349093496799469,0.349093496799469,0.3440340693184468,0.3440340693184468,56000
1999-06-02,0.3507797122001648,0.3507797122001648,0.34403394850400776,0.3507797122001648,81600
1999-06-03,0.3474070429801941,0.35415280680768574,0.3457202932267593,0.35415280680768574,136000
1999-06-04,0.3507797122001648,0.3541527999126139,0.34572028649586173,0.34572028649586173,73600
1999-06-07,0.3507797122001648,0.3541527999126139,0.3490933742083108,0.3541527999126139,158400
1999-06-08,0.35246607661247253,0.3541528264595046,0.3490934003759527,0.3507797384942126,257600
1999-06-09,0.3507797122001648,0.3507797122001648,0.3490933742083108,0.3490933742083108,252800
1999-06-10,0.34403398633003235,0.35415283885119125,0.34403398633003235,0.3507797507678761,742400
1999-06-11,0.34572020173072815,0.35077962619454023,0.34572020173072815,0.34740695103775904,1008000
1999-06-14,0.3474070429801941,0.3507797190295653,0.34403395520207364,0.3507797190295653,502400
1999-06-15,0.349093496799469,0.3507798353835144,0.34740715821542356,0.34740715821542356,209600
1999-06-16,0.353464812040329,0.35858759318637373,0.35175735728648583,0.35858759318637373,715200
1999-06-17,0.3551722466945648,0.3585875728934892,0.3534647920373485,0.3568797013517811,289600
1999-06-18,0.353464812040329,0.36200250269406004,0.353464812040329,0.36200250269406004,296000
1999-06-21,0.3620024025440216,0.3654177279913539,0.3568796228152232,0.3654177279913539,219200
1999-06-22,0.3551722466945648,0.3620024822079218,0.3551722466945648,0.3585875728934892,764800
1999-06-23,0.353464812040329,0.35858759318637373,0.353464812040329,0.35858759318637373,89600
1999-06-24,0.3517574071884155,0.3551723171805567,0.3517574071884155,0.35346486218448614,142400
1999-06-25,0.3568796217441559,0.36200240145757984,0.35175725891513077,0.35175725891513077,366400
1999-06-28,0.38590845465660095,0.38590845465660095,0.36883266009870674,0.37224798576405627,1014400
1999-06-29,0.37224799394607544,0.38932337199486017,0.37224799394607544,0.3842005918264504,696000
1999-06-30,0.3654177486896515,0.3944461406564263,0.36200242304886543,0.37566289184316226,1752000
1999-07-01,0.3773704767227173,0.37907834857593437,0.36883278499490313,0.36883278499490313,299200
1999-07-02,0.39615359902381897,0.39956892469899685,0.38163940289427567,0.3824931300919632,680000
1999-07-06,0.40981414914131165,0.41322947549307776,0.3995690038550341,0.3995690038550341,680000
1999-07-07,0.42347443103790283,0.4303046637965787,0.406399057583375,0.406399057583375,380800
1999-07-08,0.40981414914131165,0.4234746207793553,0.40981414914131165,0.4234746207793553,257600
1999-07-09,0.40810659527778625,0.41322937511884694,0.4063991409589024,0.40981404959667006,92800
1999-07-12,0.41493678092956543,0.42005956017174784,0.409814001687383,0.409814001687383,208000
1999-07-13,0.4183518588542938,0.4217671853624804,0.4132294944188082,0.4166444040424653,326400
1999-07-14,0.42005956172943115,0.42005956172943115,0.41835169071946354,0.41835169071946354,168000
1999-07-15,0.40981414914131165,0.4200597113120996,0.40981414914131165,0.41835183969396134,497600
1999-07-16,0.40981414914131165,0.40981414914131165,0.40810669440768377,0.40981414914131165,211200
1999-07-19,0.4063991904258728,0.40981409947930375,0.4063991904258728,0.40981409947930375,235200
1999-07-20,0.40981414914131165,0.40981414914131165,0.4063992396740559,0.4063992396740559,118400
1999-07-21,0.404691219329834,0.40981399853258055,0.404691219329834,0.40981399853258055,160000
1999-07-22,0.404691219329834,0.404691219329834,0.4029837652237042,0.4029837652237042,43200
1999-07-23,0.3995688259601593,0.40127627993359943,0.3995688259601593,0.40127627993359943,92800
1999-07-26,0.39615359902381897,0.39956892469899685,0.39615359902381897,0.39956892469899685,252800
1999-07-27,0.3944462835788727,0.39956906545401283,0.39273882858201753,0.397861193572583,110400
1999-07-28,0.39615359902381897,0.39956892469899685,0.39615359902381897,0.39615359902381897,83200
1999-07-29,0.4063991904258728,0.40981409947930375,0.3978610840233757,0.3995689554345511,668800
1999-07-30,0.40810659527778625,0.40981404959667006,0.40810659527778625,0.40810659527778625,110400
1999-08-02,0.40810659527778625,0.40981404959667006,0.40469126975560943,0.40981404959667006,185600
1999-08-03,0.40810659527778625,0.40810659527778625,0.40469126975560943,0.4063991409589024,166400
1999-08-04,0.39615359902381897,0.4063991591649248,0.39615359902381897,0.40469128788512193,220800
1999-08-05,0.3893234431743622,0.3961536790195264,0.3893234431743622,0.39273876953920034,148800
1999-08-06,0.384200781583786,0.3961538022522114,0.37566308834261425,0.3893235642823457,441600
1999-08-09,0.38590845465660095,0.38590845465660095,0.38249312899125143,0.38249312899125143,238400
1999-08-10,0.37907832860946655,0.3876160198875912,0.37566300196748914,0.3824932383668981,360000
1999-08-11,0.3927387297153473,0.39615363884940036,0.3790782594101956,0.3790782594101956,102400
1999-08-12,0.38590845465660095,0.3927386891028733,0.38590845465660095,0.3927386891028733,139200
1999-08-13,0.3893234431743622,0.39273876953920034,0.3893234431743622,0.3893234431743622,99200
1999-08-16,0.3927387297153473,0.39956896486792315,0.3927387297153473,0.3927387297153473,33600
1999-08-17,0.39615359902381897,0.39615359902381897,0.39273869023306895,0.39273869023306895,22400
1999-08-18,0.4063991904258728,0.4063991904258728,0.4063991904258728,0.4063991904258728,35200
1999-08-19,0.4063991904258728,0.40981409947930375,0.4063991904258728,0.40981409947930375,56000
1999-08-20,0.40981414914131165,0.40981414914131165,0.4063992396740559,0.40981414914131165,97600
1999-08-23,0.41322940587997437,0.41322940587997437,0.41322940587997437,0.41322940587997437,36800
1999-08-24,0.401276171207428,0.41322917955147936,0.399568717696624,0.41322917955147936,80000
1999-08-25,0.40810659527778625,0.40810659527778625,0.40298381543672557,0.40298381543672557,78400
1999-08-26,0.39786118268966675,0.4029839644246806,0.3961537277395165,0.4029839644246806,44800
1999-08-27,0.3927387297153473,0.39956896486792315,0.3927387297153473,0.3927387297153473,48000
1999-08-30,0.3893234431743622,0.39273876953920034,0.3893234431743622,0.39273876953920034,56000
1999-08-31,0.38590845465660095,0.3893233634375238,0.38590845465660095,0.38590845465660095,81600
1999-09-01,0.384200781583786,0.3876161090110397,0.379078415769868,0.3859086537397337,88000
1999-09-02,0.3807857930660248,0.3824932479876879,0.3807857930660248,0.3824932479876879,67200
1999-09-03,0.38249313831329346,0.38249313831329346,0.3790782294491432,0.38249313831329346,41600
1999-09-07,0.38249313831329346,0.38249313831329346,0.3688326690878187,0.38249313831329346,2412800
1999-09-08,0.38590845465660095,0.38590845465660095,0.3790782202103286,0.3790782202103286,100800
1999-09-09,0.4029839038848877,0.4029839038848877,0.38590852317947333,0.38590852317947333,92800
1999-09-10,0.41322940587997437,0.41322940587997437,0.3961536107667727,0.3995689365431891,241600
1999-09-13,0.41322940587997437,0.4166443147719506,0.41152153454954604,0.41493686032596244,107200
1999-09-14,0.4166443347930908,0.4166443347930908,0.4166443347930908,0.4166443347930908,11200
1999-09-15,0.41322940587997437,0.420059640548367,0.41322940587997437,0.4166443147719506,73600
1999-09-16,0.4063991904258728,0.4115215540060192,0.402983864487982,0.4115215540060192,116800
1999-09-17,0.404691219329834,0.404691219329834,0.4029837652237042,0.4029837652237042,9600
1999-09-20,0.3995688259601593,0.40298373390703957,0.3995688259601593,0.40298373390703957,24000
1999-09-21,0.38590845465660095,0.39615359788379617,0.38590845465660095,0.39615359788379617,44800
1999-09-22,0.4029839038848877,0.4029839038848877,0.3927387588385392,0.3927387588385392,225600
1999-09-23,0.3944462835788727,0.39956906545401283,0.3944462835788727,0.39956906545401283,41600
1999-09-24,0.38249313831329346,0.39615360753876827,0.38249313831329346,0.39615360753876827,216000
1999-09-27,0.3995688259601593,0.40298373390703957,0.3893232683508688,0.3893232683508688,222400
1999-09-28,0.4029839038848877,0.4081066848503123,0.4029839038848877,0.4081066848503123,156800
1999-09-29,0.41113772988319397,0.41113772988319397,0.4059552187450662,0.4059552187450662,36800
1999-09-30,0.4145921766757965,0.4145921766757965,0.41286481470922354,0.4145921766757965,281600
1999-10-01,0.4145921766757965,0.4145921766757965,0.41113745274265057,0.4145921766757965,147200
1999-10-04,0.4145921766757965,0.4145921766757965,0.40768230706453323,0.41286481470922354,118400
1999-10-05,0.4094102382659912,0.4145927531163348,0.4094102382659912,0.4145927531163348,91200
1999-10-06,0.41113772988319397,0.4145924561451087,0.41113772988319397,0.4145924561451087,70400
1999-10-07,0.41113772988319397,0.41113772988319397,0.41113772988319397,0.41113772988319397,52800
1999-10-08,0.41113772988319397,0.4145924561451087,0.4076825818760235,0.4145924561451087,108800
1999-10-11,0.4145921766757965,0.41804732235391384,0.4145921766757965,0.41804732235391384,80000
1999-10-12,0.4042278528213501,0.4163198163997655,0.3973179786000044,0.4163198163997655,425600
1999-10-13,0.4076826572418213,0.4076826572418213,0.4059552937915368,0.4076826572418213,84800
1999-10-14,0.41113772988319397,0.4128650930141513,0.41113772988319397,0.41113772988319397,51200
1999-10-15,0.40249982476234436,0.4076823327333397,0.40249982476234436,0.4076823327333397,40000
1999-10-18,0.4076826572418213,0.4076826572418213,0.4042279303412523,0.4042279303412523,19200
1999-10-19,0.4145921766757965,0.4145921766757965,0.41113745274265057,0.41113745274265057,76800
1999-10-20,0.4076826572418213,0.4180476814341954,0.4076826572418213,0.4180476814341954,99200
1999-10-21,0.3973180651664734,0.41113781662017085,0.3973180651664734,0.40768266788407415,241600
1999-10-22,0.3904080390930176,0.39731791215886586,0.38349816602716935,0.39731791215886586,248000
1999-10-25,0.39213526248931885,0.3938626247052769,0.39040790027336075,0.39040790027336075,88000
1999-10-26,0.3904080390930176,0.3938627647533506,0.3904080390930176,0.3938627647533506,236800
1999-10-27,0.3955901563167572,0.3973179410176016,0.3938627933611256,0.3973179410176016,70400
1999-10-28,0.3955901563167572,0.3955901563167572,0.3955901563167572,0.3955901563167572,0
1999-10-29,0.39386287331581116,0.39386287331581116,0.39386287331581116,0.39386287331581116,179200
1999-11-01,0.39386287331581116,0.3973180216736868,0.39386287331581116,0.3973180216736868,299200
1999-11-02,0.3973180651664734,0.3973180651664734,0.3938629164303767,0.3938629164303767,163200
1999-11-03,0.4007725715637207,0.4007725715637207,0.39731784647452073,0.4007725715637207,25600
1999-11-04,0.4042278528213501,0.4042278528213501,0.4042278528213501,0.4042278528213501,28800
1999-11-05,0.4007725715637207,0.4042277183980332,0.4007725715637207,0.4042277183980332,14400
1999-11-08,0.4042278528213501,0.4042278528213501,0.4007727048380509,0.4007727048380509,51200
1999-11-09,0.3973180651664734,0.40250015565260144,0.3973180651664734,0.3990454286618494,344000
1999-11-10,0.4042278528213501,0.4042278528213501,0.4007727048380509,0.4007727048380509,28800
1999-11-11,0.4042278528213501,0.4042278528213501,0.4007727048380509,0.4025000679570741,376000
1999-11-12,0.3955901563167572,0.4007726669288647,0.3955901563167572,0.3990453039732331,222400
1999-11-15,0.4042278528213501,0.4042278528213501,0.3955901937357284,0.3955901937357284,83200
1999-11-16,0.4042278528213501,0.4076825790593966,0.4025000679570741,0.4076825790593966,70400
1999-11-17,0.4042278528213501,0.4076825790593966,0.4007727048380509,0.4007727048380509,84800
1999-11-18,0.39904534816741943,0.40595522250042554,0.39559020012828655,0.4025000744612927,78400
1999-11-19,0.4007725715637207,0.4024999341083207,0.4007725715637207,0.4007725715637207,190400
1999-11-22,0.40249982476234436,0.40249982476234436,0.40077246268701194,0.40077246268701194,59200
1999-11-23,0.40595516562461853,0.40595516562461853,0.4007726551646377,0.4007726551646377,246400
1999-11-24,0.4007725715637207,0.40595508094263316,0.4007725715637207,0.4042277183980332,390400
1999-11-26,0.3973180651664734,0.3973180651664734,0.3973180651664734,0.3973180651664734,20800
1999-11-29,0.4007725715637207,0.4007725715637207,0.4007725715637207,0.4007725715637207,32000
1999-11-30,0.3973180651664734,0.40077279215722544,0.3973180651664734,0.40077279215722544,25600
1999-12-01,0.3973180651664734,0.3973180651664734,0.3973180651664734,0.3973180651664734,28800
1999-12-02,0.3973180651664734,0.3973180651664734,0.3973180651664734,0.3973180651664734,44800
1999-12-03,0.3973180651664734,0.3973180651664734,0.3973180651664734,0.3973180651664734,30400
1999-12-06,0.38868045806884766,0.39731812023357105,0.38868045806884766,0.39731812023357105,707200
1999-12-07,0.38004305958747864,0.38695293339816006,0.3731331857767972,0.38695293339816006,118400
1999-12-08,0.3662233054637909,0.3765883268683951,0.362768579492403,0.3765883268683951,68800
1999-12-09,0.3644960820674896,0.36967859475451487,0.36276871842027514,0.3662234457147041,174400
1999-12-10,0.3662233054637909,0.3662233054637909,0.35931343177579483,0.362768579492403,96000
1999-12-13,0.3627684414386749,0.36967831249707767,0.3627684414386749,0.36967831249707767,46400
1999-12-14,0.3627684414386749,0.36622316609534644,0.3593132950369437,0.3593132950369437,155200
1999-12-15,0.3765883147716522,0.3765883147716522,0.3593134202339549,0.3662232936999925,203200
1999-12-16,0.3696783185005188,0.37658818967113533,0.3696783185005188,0.3696783185005188,25600
1999-12-17,0.3731330633163452,0.3731330633163452,0.3627684668745469,0.3731330633163452,243200
1999-12-20,0.3731330633163452,0.3765882099603375,0.3696783384174422,0.3696783384174422,313600
1999-12-21,0.37789174914360046,0.37789174914360046,0.37789174914360046,0.37789174914360046,16000
1999-12-22,0.3691445291042328,0.37614252763168776,0.3656453162785385,0.37614252763168776,276800
1999-12-23,0.36389586329460144,0.3708938606656515,0.3603970781710079,0.3708938606656515,92800
1999-12-27,0.35339924693107605,0.3638960343602039,0.35339924693107605,0.3638960343602039,318400
1999-12-28,0.36389586329460144,0.36389586329460144,0.3533990807999579,0.3533990807999579,331200
1999-12-29,0.36389586329460144,0.36389586329460144,0.36389586329460144,0.36389586329460144,57600
1999-12-30,0.36389586329460144,0.36739507554205797,0.3621464707328047,0.36389586329460144,168000
1999-12-31,0.37264326214790344,0.37439308187545095,0.3638958720056588,0.3638958720056588,65600
2000-01-03,0.3813912272453308,0.3848900138088464,0.37789201355777646,0.37789201355777646,40000
2000-01-04,0.38488996028900146,0.3918879595669833,0.3813911742120002,0.3813911742120002,361600
2000-01-05,0.3901383578777313,0.39188774998063575,0.38139097023945845,0.38139097023945845,108800
2000-01-06,0.38488996028900146,0.40238517204594576,0.3813911742120002,0.3918879595669833,320000
2000-01-07,0.38663920760154724,0.3883890271045129,0.38488981522240007,0.38488981522240007,67200
2000-01-10,0.38488996028900146,0.38838917348998203,0.38488996028900146,0.38838917348998203,52800
2000-01-11,0.3901383578777313,0.39538696131019546,0.38488975444526724,0.38488975444526724,92800
2000-01-12,0.38488996028900146,0.3918879595669833,0.38488996028900146,0.3918879595669833,300800
2000-01-13,0.38488996028900146,0.38838917348998203,0.38488996028900146,0.38838917348998203,184000
2000-01-14,0.3761424124240875,0.3848898011232098,0.3761424124240875,0.3848898011232098,198400
2000-01-18,0.37964117527008057,0.37964117527008057,0.3778917830553983,0.3778917830553983,97600
2000-01-19,0.37789174914360046,0.381390960382726,0.37789174914360046,0.381390960382726,580800
2000-01-20,0.3761424124240875,0.37789180473915146,0.37439302010902364,0.37439302010902364,33600
2000-01-21,0.38488996028900146,0.3918879595669833,0.3796413540495202,0.3796413540495202,369600
2000-01-24,0.38488996028900146,0.38838917348998203,0.38488996028900146,0.38488996028900146,630400
2000-01-25,0.38488996028900146,0.38838917348998203,0.38488996028900146,0.38838917348998203,203200
2000-01-26,0.38488996028900146,0.38663935332750204,0.38314056725050083,0.38314056725050083,160000
2000-01-27,0.383140504360199,0.38838910973815194,0.383140504360199,0.38838910973815194,88000
2000-01-28,0.38488996028900146,0.38838917348998203,0.3813911742120002,0.38314056725050083,131200
2000-01-31,0.37789174914360046,0.3848897444981116,0.37789174914360046,0.381390960382726,220800
2000-02-01,0.3813912272453308,0.3813912272453308,0.3708940133067065,0.3813912272453308,105600
2000-02-02,0.3743930160999298,0.37789180069259176,0.3743930160999298,0.37789180069259176,113600
2000-02-03,0.38488996028900146,0.38488996028900146,0.37789196101101963,0.37789196101101963,278400
2000-02-04,0.383140504360199,0.38488989711154686,0.3813911116088511,0.38488989711154686,64000
2000-02-07,0.383140504360199,0.383140504360199,0.3813911116088511,0.3813911116088511,30400
2000-02-08,0.383140504360199,0.38488989711154686,0.3813911116088511,0.3813911116088511,49600
2000-02-09,0.38488996028900146,0.38488996028900146,0.37789196101101963,0.38488996028900146,123200
2000-02-10,0.3883891701698303,0.39188795621692213,0.38488995699876277,0.3883891701698303,120000
2000-02-11,0.38488996028900146,0.3918879595669833,0.38488996028900146,0.38838917348998203,446400
2000-02-14,0.3813912272453308,0.38314062052708864,0.3813912272453308,0.3813912272453308,35200
2000-02-15,0.37789174914360046,0.3848897444981116,0.3743929650282149,0.3848897444981116,128000
2000-02-16,0.3708938658237457,0.37789186329211827,0.3708938658237457,0.37789186329211827,979200
2000-02-17,0.36739495396614075,0.37439294902146036,0.36739495396614075,0.37089373793193975,244800
2000-02-18,0.36389586329460144,0.3708938606656515,0.36389586329460144,0.3708938606656515,22400
2000-02-22,0.36214637756347656,0.3656451617869385,0.36214637756347656,0.3656451617869385,49600
2000-02-23,0.3603971600532532,0.363895945971771,0.3568979470107754,0.3568979470107754,48000
2000-02-24,0.36739495396614075,0.36739495396614075,0.3533989638555015,0.3533989638555015,67200
2000-02-25,0.3708938658237457,0.3708938658237457,0.35339908571474876,0.3673950806514939,128000
2000-02-28,0.3708938658237457,0.3708938658237457,0.3673950806514939,0.3673950806514939,28800
2000-02-29,0.3708938658237457,0.3708938658237457,0.3673950806514939,0.3673950806514939,8000
2000-03-01,0.37789174914360046,0.381390960382726,0.37264314584678215,0.37789174914360046,92800
2000-03-02,0.3813912272453308,0.3813912272453308,0.37789201355777646,0.37789201355777646,51200
2000-03-03,0.3743930160999298,0.38488979700171383,0.3743930160999298,0.37789180069259176,172800
2000-03-06,0.3743930160999298,0.3743930160999298,0.36739501979080774,0.3708938043834697,48000
2000-03-07,0.3743930160999298,0.37789180069259176,0.3743930160999298,0.37789180069259176,48000
2000-03-08,0.3708938658237457,0.3708938658237457,0.3708938658237457,0.3708938658237457,16000
2000-03-09,0.3708938658237457,0.3743930781198665,0.3708938658237457,0.3743930781198665,20800
2000-03-10,0.3603971600532532,0.363895945971771,0.3533991610922576,0.363895945971771,156800
2000-03-13,0.34640103578567505,0.35689781683661453,0.34640103578567505,0.35689781683661453,102400
2000-03-14,0.33940309286117554,0.342901878054902,0.33940309286117554,0.342901878054902,131200
2000-03-15,0.34422945976257324,0.34422945976257324,0.34068048807958984,0.34068048807958984,65600
2000-03-16,0.34422945976257324,0.34600372900524395,0.34422945976257324,0.34422945976257324,14400
2000-03-17,0.34422945976257324,0.3477779982479146,0.34422945976257324,0.3477779982479146,54400
2000-03-20,0.3477780222892761,0.3477780222892761,0.3477780222892761,0.3477780222892761,64000
2000-03-21,0.35132700204849243,0.35132700204849243,0.35132700204849243,0.35132700204849243,11200
2000-03-22,0.35487544536590576,0.35487544536590576,0.35487544536590576,0.35487544536590576,19200
2000-03-23,0.35487544536590576,0.3584244164183474,0.35487544536590576,0.356649714293344,64000
2000-03-24,0.3477780222892761,0.3548755329482409,0.3477780222892761,0.35132699421759456,97600
2000-03-27,0.35487544536590576,0.35487544536590576,0.35487544536590576,0.35487544536590576,30400
2000-03-28,0.35132700204849243,0.35842451286565713,0.35132700204849243,0.3548755408582339,81600
2000-03-29,0.35487544536590576,0.3619729542732239,0.35487544536590576,0.3584244164183474,22400
2000-03-30,0.330034464597702,0.34777802477299696,0.3247112232660435,0.34777802477299696,222400
2000-03-31,0.3264855146408081,0.3300344868335821,0.3264855146408081,0.3300344868335821,43200
2000-04-03,0.314064621925354,0.3300343398857621,0.314064621925354,0.3229368318580845,68800
2000-04-04,0.31938788294792175,0.3335828999678294,0.31938788294792175,0.3264853914578756,104000
2000-04-05,0.3016441762447357,0.32293669104328215,0.29809520717965005,0.32293669104328215,294400
2000-04-06,0.28390032052993774,0.2998696052603691,0.28390032052993774,0.2945467991485657,252800
2000-04-07,0.2909978926181793,0.2980954021942325,0.2874493544289557,0.2874493544289557,211200
2000-04-10,0.2980952858924866,0.301644255894687,0.2909977790855226,0.2909977790855226,230400
2000-04-11,0.3229369521141052,0.32648549085060147,0.3016444201021095,0.3016444201021095,246400
2000-04-12,0.3051929175853729,0.31938793700794843,0.3051929175853729,0.31938793700794843,139200
2000-04-13,0.3122901916503906,0.3122901916503906,0.2972080490442088,0.3069669550843008,227200
2000-04-14,0.2980952858924866,0.308741762701651,0.2980952858924866,0.308741762701651,43200
2000-04-17,0.2909978926181793,0.3051929117702856,0.2874493544289557,0.3051929117702856,155200
2000-04-18,0.2945466935634613,0.2945466935634613,0.2909977242302682,0.2945466935634613,11268800
2000-04-19,0.3016441762447357,0.31229021704534765,0.29454667131188694,0.29454667131188694,536000
2000-04-20,0.3016441762447357,0.3051927121124989,0.3016441762447357,0.3051927121124989,182400
2000-04-24,0.3034185469150543,0.3034185469150543,0.3034185469150543,0.3034185469150543,43200
2000-04-25,0.3034185469150543,0.3087417857164512,0.3034185469150543,0.3087417857164512,123200
2000-04-26,0.292772114276886,0.3051928623219299,0.2892235766626082,0.3051928623219299,144000
2000-04-27,0.2945466935634613,0.29809522969929914,0.2945466935634613,0.2945466935634613,44800
2000-04-28,0.2945466935634613,0.29809522969929914,0.2945466935634613,0.2963209616313802,123200
2000-05-01,0.2945466935634613,0.29809522969929914,0.2945466935634613,0.29809522969929914,11200
2000-05-02,0.28390032052993774,0.28744929113531725,0.2803517831220688,0.28744929113531725,144000
2000-05-03,0.28390032052993774,0.28390032052993774,0.2803517831220688,0.2803517831220688,70400
2000-05-04,0.2821260392665863,0.2839003078915356,0.280351770641637,0.2821260392665863,166400
2000-05-05,0.2909978926181793,0.2909978926181793,0.28390038304212617,0.28390038304212617,59200
2000-05-08,0.2874492406845093,0.2874492406845093,0.2874492406845093,0.2874492406845093,25600
2000-05-09,0.2821260392665863,0.290997815588824,0.2821260392665863,0.2839003078915356,321600
2000-05-10,0.28035181760787964,0.28035181760787964,0.27680284656594456,0.28035181760787964,180800
2000-05-11,0.28035181760787964,0.28390035545225084,0.28035181760787964,0.28390035545225084,590400
2000-05-12,0.28035181760787964,0.28390035545225084,0.28035181760787964,0.28212608653006527,129600
2000-05-15,0.27147960662841797,0.28035181763534284,0.26260782881905703,0.28035181763534284,192000
2000-05-16,0.2697053551673889,0.27147962420461846,0.26615681709292976,0.2697053551673889,2075200
2000-05-17,0.26615676283836365,0.2732542707380866,0.2643820609653052,0.26615676283836365,550400
2000-05-18,0.2874492406845093,0.2874492406845093,0.266156720381858,0.266156720381858,544000
2000-05-19,0.2874492406845093,0.2874492406845093,0.2874492406845093,0.2874492406845093,49600
2000-05-22,0.2821260392665863,0.2874492783389254,0.2821260392665863,0.2874492783389254,60800
2000-05-23,0.28035181760787964,0.2874493264941859,0.275028577643759,0.2874493264941859,217600
2000-05-24,0.2732543349266052,0.2768028731112805,0.2732543349266052,0.2768028731112805,28800
2000-05-25,0.2785770297050476,0.2785770297050476,0.27680276132921794,0.27680276132921794,19200
2000-05-26,0.28035181760787964,0.28035181760787964,0.28035181760787964,0.28035181760787964,48000
2000-05-30,0.2945466935634613,0.2945466935634613,0.2839002187612373,0.2839002187612373,208000
2000-05-31,0.28390032052993774,0.2909978285431862,0.28390032052993774,0.2909978285431862,28800
2000-06-01,0.28390032052993774,0.28744929113531725,0.28390032052993774,0.28390032052993774,92800
2000-06-02,0.28035181760787964,0.28212608653006527,0.28035181760787964,0.28035181760787964,500800
2000-06-05,0.28390032052993774,0.28567458923387223,0.28390032052993774,0.28390032052993774,67200
2000-06-06,0.28035181760787964,0.28390035545225084,0.27680284656594456,0.28390035545225084,392000
2000-06-07,0.27680280804634094,0.2785770767216211,0.27680280804634094,0.27680280804634094,80000
2000-06-08,0.2874492406845093,0.2874492406845093,0.2768027639344664,0.28035173391695883,49600
2000-06-09,0.3158392012119293,0.3158392012119293,0.28744918012309717,0.28744918012309717,435200
2000-06-12,0.330034464597702,0.330034464597702,0.31938798193438495,0.32293695388804905,152000
2000-06-13,0.33713191747665405,0.35132693646098473,0.33003440798448874,0.33713191747665405,296000
2000-06-14,0.3816312253475189,0.38883181450501925,0.36362997219831017,0.36362997219831017,1196800
2000-06-15,0.3726308047771454,0.38163143632763513,0.3636301732266556,0.38163143632763513,347200
2000-06-16,0.35822954773902893,0.3708306931141885,0.35822954773902893,0.3708306931141885,120000
2000-06-19,0.34562838077545166,0.3636300786854463,0.34202830488698055,0.36002956330776215,208000
2000-06-20,0.3528289794921875,0.36002957091039545,0.3492289035276947,0.3492289035276947,40000
2000-06-21,0.3528289794921875,0.3528289794921875,0.3492289035276947,0.3492289035276947,72000
2000-06-22,0.3528289794921875,0.35642949494590265,0.3528289794921875,0.35642949494590265,14400
2000-06-23,0.35462886095046997,0.35642933762725504,0.3528288237627132,0.3528288237627132,163200
2000-06-26,0.36002951860427856,0.36002951860427856,0.356429443162815,0.3582294808835468,134400
2000-06-27,0.36363011598587036,0.36363011598587036,0.36363011598587036,0.36363011598587036,22400
2000-06-28,0.3564295768737793,0.3636301699470948,0.3564295768737793,0.3636301699470948,43200
2000-06-29,0.34922900795936584,0.34922900795936584,0.34562849142897056,0.34922900795936584,86400
2000-06-30,0.3420282304286957,0.3492288201273091,0.3384277158348303,0.3456283055334437,54400
2000-07-03,0.3420282304286957,0.3456283055334437,0.3420282304286957,0.3456283055334437,12800
2000-07-05,0.34922900795936584,0.34922900795936584,0.34562849142897056,0.34562849142897056,16000
2000-07-06,0.34562838077545166,0.34562838077545166,0.34562838077545166,0.34562838077545166,3200
2000-07-07,0.34742844104766846,0.3528289947166624,0.3456284029877509,0.3492289185968273,60800
2000-07-10,0.34922900795936584,0.34922900795936584,0.34562849142897056,0.34562849142897056,54400
2000-07-11,0.3510289490222931,0.35282898704306204,0.3510289490222931,0.35282898704306204,16000
2000-07-12,0.3528289794921875,0.36363008636411054,0.3528289794921875,0.3528289794921875,51200
2000-07-13,0.36002951860427856,0.36002951860427856,0.352828928232193,0.35462896595292476,33600
2000-07-14,0.36182960867881775,0.36182960867881775,0.36182960867881775,0.36182960867881775,67200
2000-07-17,0.36363011598587036,0.3654301541147501,0.35822956210997303,0.35822956210997303,121600
2000-07-18,0.37803128361701965,0.37803128361701965,0.3636301002314044,0.3636301002314044,62400
2000-07-19,0.3708307147026062,0.37443079102552634,0.3672301988904201,0.37443079102552634,54400
2000-07-20,0.3672301769256592,0.3672301769256592,0.3672301769256592,0.3672301769256592,8000
2000-07-21,0.36002951860427856,0.3708306239069861,0.36002951860427856,0.3708306239069861,24000
2000-07-24,0.3528289794921875,0.35642949494590265,0.3492289035276947,0.35642949494590265,75200
2000-07-25,0.34922900795936584,0.35462912352092824,0.34922900795936584,0.35282908500040744,68800
2000-07-26,0.34922900795936584,0.35282908500040744,0.34742852994949136,0.35282908500040744,22400
2000-07-27,0.34562838077545166,0.3528289720416069,0.34562838077545166,0.3528289720416069,70400
2000-07-28,0.34562838077545166,0.3528289720416069,0.34562838077545166,0.34562838077545166,113600
2000-07-31,0.34562838077545166,0.34562838077545166,0.34202830488698055,0.34202830488698055,8000
2000-08-01,0.34922900795936584,0.35282908500040744,0.34562849142897056,0.34922900795936584,38400
2000-08-02,0.34922900795936584,0.34922900795936584,0.34922900795936584,0.34922900795936584,1600
2000-08-03,0.34562838077545166,0.34562838077545166,0.34562838077545166,0.34562838077545166,1600
2000-08-04,0.34922900795936584,0.35102904647988664,0.34382845290844977,0.34382845290844977,35200
2000-08-07,0.3528289794921875,0.3528289794921875,0.3528289794921875,0.3528289794921875,19200
2000-08-08,0.34922900795936584,0.34922900795936584,0.34922900795936584,0.34922900795936584,8000
2000-08-09,0.3564295768737793,0.3564295768737793,0.3528290605924599,0.3528290605924599,19200
2000-08-10,0.3528289794921875,0.3528289794921875,0.3528289794921875,0.3528289794921875,11200
2000-08-11,0.34922900795936584,0.35462912352092824,0.34922900795936584,0.35462912352092824,46400
2000-08-14,0.3510289490222931,0.3510289490222931,0.3474284334915236,0.3474284334915236,67200
2000-08-15,0.3564295768737793,0.3564295768737793,0.35102902219646187,0.35102902219646187,49600
2000-08-16,0.36002951860427856,0.36002951860427856,0.352828928232193,0.35462896595292476,64000
2000-08-17,0.36363011598587036,0.36363011598587036,0.36363011598587036,0.36363011598587036,20800
2000-08-18,0.37803128361701965,0.37803128361701965,0.36543013828229653,0.36543013828229653,233600
2000-08-21,0.37443050742149353,0.37443050742149353,0.36722992074031097,0.37083043382536884,91200
2000-08-22,0.37803128361701965,0.37803128361701965,0.37263072997510416,0.3744307680259963,36800
2000-08-23,0.37803128361701965,0.37803128361701965,0.3744307680259963,0.37623080607688847,104000
2000-08-24,0.37443050742149353,0.3780310205065514,0.37443050742149353,0.3780310205065514,118400
2000-08-25,0.37803128361701965,0.37803128361701965,0.3744307680259963,0.3744307680259963,11200
2000-08-28,0.3708307147026062,0.37443079102552634,0.3708307147026062,0.3708307147026062,38400
2000-08-29,0.3708307147026062,0.3780313068377125,0.3708307147026062,0.3780313068377125,68800
2000-08-30,0.3708307147026062,0.3726307528640663,0.3708307147026062,0.3726307528640663,17600
2000-08-31,0.3708307147026062,0.37443079102552634,0.3708307147026062,0.3726307528640663,108800
2000-09-01,0.3690301477909088,0.3744307004582699,0.3690301477909088,0.3726306627322028,52800
2000-09-05,0.3672301769256592,0.3672301769256592,0.3672301769256592,0.3672301769256592,1600
2000-09-06,0.3690301477909088,0.3708306250061357,0.3690301477909088,0.3708306250061357,6400
2000-09-07,0.3690301477909088,0.3726306627322028,0.3690301477909088,0.3708306250061357,25600
2000-09-08,0.3690301477909088,0.3690301477909088,0.3690301477909088,0.3690301477909088,48000
2000-09-11,0.37443050742149353,0.3762305442195559,0.3690299575383733,0.37443050742149353,582400
2000-09-12,0.3672301769256592,0.3780312842269161,0.3672301769256592,0.3708306925224914,236800
2000-09-13,0.3564295768737793,0.3636301699470948,0.3492289838004638,0.3636301699470948,201600
2000-09-14,0.36002951860427856,0.36002951860427856,0.356429443162815,0.36002951860427856,35200
2000-09-15,0.3708307147026062,0.3708307147026062,0.36002960675531376,0.36182964491677383,108800
2000-09-18,0.3708307147026062,0.3726307528640663,0.3672301988904201,0.3708307147026062,73600
2000-09-19,0.36542999744415283,0.3690300721584543,0.3636299600870021,0.36723003480130356,30400
2000-09-20,0.36363011598587036,0.36363011598587036,0.3600296002388528,0.36363011598587036,73600
2000-09-21,0.3672301769256592,0.3672301769256592,0.3618296232750307,0.3618296232750307,48000
2000-09-22,0.3672301769256592,0.37263073057628765,0.36002958522123446,0.36002958522123446,118400
2000-09-25,0.3672301769256592,0.3708306925224914,0.3672301769256592,0.3672301769256592,113600
2000-09-26,0.36363011598587036,0.3654301541147501,0.3600296002388528,0.36363011598587036,17600
2000-09-27,0.3688895106315613,0.3688895106315613,0.35793218015293526,0.35975825328409033,81600
2000-09-28,0.3652368187904358,0.3725415551662445,0.3615846735253945,0.3652368187904358,49600
2000-09-29,0.3615849018096924,0.36888964279730224,0.3615849018096924,0.3615849018096924,48000
2000-10-02,0.3615849018096924,0.36523704938049356,0.3615849018096924,0.36523704938049356,38400
2000-10-03,0.35428014397621155,0.36341095831505565,0.35428014397621155,0.36341095831505565,121600
2000-10-04,0.35428014397621155,0.35793229137335464,0.3524536244316537,0.35793229137335464,200000
2000-10-05,0.35428014397621155,0.3615848846164841,0.3524536244316537,0.3615848846164841,179200
2000-10-06,0.3615849018096924,0.3615849018096924,0.3561062346074831,0.3561062346074831,65600
2000-10-09,0.3579321503639221,0.36523688812645116,0.35428000440556295,0.36523688812645116,73600
2000-10-10,0.3615849018096924,0.3615849018096924,0.3579323083928837,0.3579323083928837,33600
2000-10-11,0.3579321503639221,0.3597582233431017,0.3579321503639221,0.3579321503639221,27200
2000-10-12,0.3597581088542938,0.36158462709801603,0.3542798916601336,0.3542798916601336,188800
2000-10-13,0.37254172563552856,0.37254172563552856,0.3542800992626344,0.3542800992626344,137600
2000-10-16,0.38715100288391113,0.38715100288391113,0.3725415310769711,0.3725415310769711,304000
2000-10-17,0.3834989070892334,0.3834989070892334,0.3798463157457242,0.3834989070892334,44800
2000-10-18,0.3834989070892334,0.3834989070892334,0.3834989070892334,0.3834989070892334,0
2000-10-19,0.37254172563552856,0.38349905813600915,0.37254172563552856,0.38349905813600915,72000
2000-10-20,0.37254172563552856,0.37254172563552856,0.36888957869932176,0.36888957869932176,17600
2000-10-23,0.37071549892425537,0.3780202356230301,0.36888942621099813,0.3725415716375126,124800
2000-10-24,0.3688895106315613,0.3725416568938714,0.3670629916545584,0.3688895106315613,48000
2000-10-25,0.35428014397621155,0.3688896252567566,0.3524536244316537,0.3688896252567566,246400
2000-10-26,0.3561060130596161,0.3561060130596161,0.3542799404102887,0.3542799404102887,24000
2000-10-27,0.3652368187904358,0.3652368187904358,0.3542799371495857,0.3542799371495857,52800
2000-10-30,0.3652368187904358,0.3652368187904358,0.3652368187904358,0.3652368187904358,36800
2000-10-31,0.3652368187904358,0.36888940990120317,0.3652368187904358,0.36888940990120317,8000
2000-11-01,0.37254172563552856,0.37254172563552856,0.37254172563552856,0.37254172563552856,72000
2000-11-02,0.3688895106315613,0.3688895106315613,0.3688895106315613,0.3688895106315613,19200
2000-11-03,0.3798462450504303,0.3798462450504303,0.3652367740869522,0.3688893647506575,96000
2000-11-06,0.3798462450504303,0.3798462450504303,0.3688893647506575,0.3798462450504303,248000
2000-11-07,0.3834989070892334,0.3834989070892334,0.37254157890446027,0.37254157890446027,334400
2000-11-08,0.38715100288391113,0.38715100288391113,0.3798462669804411,0.38349885785502474,427200
2000-11-09,0.38715100288391113,0.39080359375849477,0.3798462669804411,0.38715100288391113,276800
2000-11-10,0.38715100288391113,0.39080359375849477,0.3798462669804411,0.39080359375849477,177600
2000-11-13,0.38715100288391113,0.38715100288391113,0.38349885785502474,0.38349885785502474,35200
2000-11-14,0.38715100288391113,0.38715100288391113,0.38715100288391113,0.38715100288391113,49600
2000-11-15,0.3908035159111023,0.3944556602124878,0.38715092576410837,0.38715092576410837,100800
2000-11-16,0.39445582032203674,0.39810841195161695,0.3871510829086657,0.3908036745382459,49600
2000-11-17,0.3908035159111023,0.40176039466086716,0.3908035159111023,0.40176039466086716,46400
2000-11-20,0.38167262077331543,0.3962821033468972,0.38167262077331543,0.39080388176632336,76800
2000-11-21,0.3999345004558563,0.40541316519120396,0.37984636032345276,0.3816724332866331,134400
2000-11-22,0.39445582032203674,0.40176055773540775,0.3908036745382459,0.39810841195161695,99200
2000-11-24,0.3889771103858948,0.3908036289103261,0.3889771103858948,0.3908036289103261,35200
2000-11-27,0.3834989070892334,0.3871510525869881,0.3834989070892334,0.3871510525869881,32000
2000-11-28,0.3981083929538727,0.401760538563383,0.38349891882429515,0.38349891882429515,94400
2000-11-29,0.39628174901008606,0.39810826708311514,0.3908035323278803,0.39628174901008606,41600
2000-11-30,0.3908035159111023,0.3944556602124878,0.3908035159111023,0.3944556602124878,24000
2000-12-01,0.3834989070892334,0.3908036439304973,0.3798463157457242,0.3908036439304973,68800
2000-12-04,0.3834989070892334,0.3834989070892334,0.3834989070892334,0.3834989070892334,25600
2000-12-05,0.3798462450504303,0.3798462450504303,0.3761941002323965,0.3798462450504303,52800
2000-12-06,0.37254172563552856,0.37984646535387223,0.37254172563552856,0.37984646535387223,17600
2000-12-07,0.3743676543235779,0.3743676543235779,0.36888943603787144,0.36888943603787144,238400
2000-12-08,0.3798462450504303,0.3798462450504303,0.37254150956869125,0.37436758197770814,76800
2000-12-11,0.38715100288391113,0.3962818113018244,0.3798462669804411,0.38349885785502474,160000
2000-12-12,0.3743676543235779,0.385324982586506,0.36888943603787144,0.385324982586506,217600
2000-12-13,0.37254172563552856,0.37619431841766543,0.36888957869932176,0.37254172563552856,118400
2000-12-14,0.3743676543235779,0.3798463184550419,0.3725415815616757,0.3725415815616757,9600
2000-12-15,0.438284307718277,0.438284307718277,0.3725416615605354,0.37619425371444776,550400
2000-12-18,0.4948961138725281,0.5186364010507166,0.4638510886513717,0.4638510886513717,1459200
2000-12-19,0.5076796412467957,0.5076796412467957,0.4821128289118358,0.4821128289118358,710400
2000-12-20,0.5056129693984985,0.5166845560574247,0.5019221401700696,0.5093033481137472,436800
2000-12-21,0.5093031525611877,0.5166843576707701,0.5056127752629,0.5093031525611877,228800
2000-12-22,0.5093031525611877,0.5129939803724826,0.5056127752629,0.5056127752629,185600
2000-12-26,0.5166845917701721,0.5203754212537076,0.512994212799848,0.512994212799848,163200
2000-12-27,0.5240654349327087,0.527756261843613,0.5166842316237974,0.5203750585347017,132800
2000-12-28,0.5388278365135193,0.5462090397534305,0.527756256910099,0.527756256910099,140800
2000-12-29,0.5535902380943298,0.575733847618103,0.5462090349197387,0.5462090349197387,347200
2001-01-02,0.5332918167114258,0.5535902380688388,0.5314466285460853,0.5535902380688388,348800
2001-01-03,0.5185297131538391,0.5388281463643457,0.5166845239110164,0.5332921281227253,158400
2001-01-04,0.5019215941429138,0.524065193884513,0.4834688196145929,0.524065193884513,433600
2001-01-05,0.4945407807826996,0.5056128145642065,0.4945407807826996,0.5019219864660235,80000
2001-01-08,0.450253427028656,0.4908502727549141,0.4354910195850935,0.48715944563756225,696000
2001-01-09,0.43549108505249023,0.44471747846349036,0.41703829823049,0.44471747846349036,180800
2001-01-10,0.46132543683052063,0.46501581326666225,0.43549099972592176,0.43549099972592176,172800
2001-01-11,0.4760880768299103,0.4871596620750548,0.4760880768299103,0.4797784550739176,166400
2001-01-12,0.48531436920166016,0.487159557929196,0.47608797505095474,0.47608797505095474,40000
2001-01-16,0.5056129693984985,0.512994177342176,0.4871597242827147,0.4871597242827147,248000
2001-01-17,0.5166845917701721,0.5296018191927293,0.512994212799848,0.512994212799848,297600
2001-01-18,0.47793295979499817,0.5203749854920722,0.4650157431893089,0.5203749854920722,216000
2001-01-19,0.4871596395969391,0.4871596395969391,0.4797784329363794,0.4797784329363794,68800
2001-01-22,0.5000767707824707,0.5000767707824707,0.4945407541894094,0.4945407541894094,57600
2001-01-23,0.5074580311775208,0.5093032200712513,0.5000768250895316,0.5000768250895316,49600
2001-01-24,0.5111483335494995,0.512993972683989,0.5111483335494995,0.5111483335494995,139200
2001-01-25,0.5222203731536865,0.5296015782494524,0.5148391680579206,0.5148391680579206,83200
2001-01-26,0.5240654349327087,0.5314466382416201,0.5240654349327087,0.527756261843613,57600
2001-01-29,0.5299707055091858,0.5314469244403074,0.525541936087536,0.525541936087536,476800
2001-01-30,0.5376472473144531,0.5417807627309976,0.5314470586608715,0.5343995535829299,216000
2001-01-31,0.531446635723114,0.5343991282955093,0.5284941431507189,0.5343991282955093,75200
2001-02-01,0.5388278365135193,0.5388278365135193,0.5284941407148213,0.5284941407148213,168000
2001-02-02,0.5432565212249756,0.5459137587694468,0.5329228259202663,0.5403040288073288,132800
2001-02-05,0.5491615533828735,0.5609714677570411,0.5462090607108032,0.5462090607108032,169600
2001-02-06,0.544732928276062,0.5565428445091813,0.5376469222220677,0.5535903513723709,144000
2001-02-07,0.5388278365135193,0.5462090397534305,0.5388278365135193,0.5388278365135193,19200
2001-02-08,0.5343993902206421,0.5403043219455044,0.5343993902206421,0.5391233581261877,44800
2001-02-09,0.5535902380943298,0.5535902380943298,0.5314466285705566,0.5314466285705566,156800
2001-02-12,0.5651051998138428,0.5757341561008451,0.5609717418418491,0.5609717418418491,168000
2001-02-13,0.5668765306472778,0.568352749028196,0.5609715444953622,0.5624477628762804,91200
2001-02-14,0.5742578506469727,0.5757340693247163,0.5668766446299891,0.5692386283028585,78400
2001-02-15,0.5831151008605957,0.5902010497589293,0.5757338970522338,0.5757338970522338,259200
2001-02-16,0.6023061871528625,0.6040776602037805,0.5816388513878509,0.5816388513878509,273600
2001-02-20,0.631831169128418,0.664308484056214,0.605258841028995,0.6096875529932109,734400
2001-02-21,0.622973620891571,0.6403932666138076,0.6214973463219903,0.6347835358776339,172800
2001-02-22,0.6333073377609253,0.6333073377609253,0.605258739502247,0.6229736407017218,227200
2001-02-23,0.60821133852005,0.6347836667975886,0.6052588450860727,0.6347836667975886,115200
2001-02-26,0.6495457291603088,0.6495457291603088,0.6155922136715669,0.6155922136715669,155200
2001-02-27,0.6510222554206848,0.653974748669661,0.646593543704283,0.6495460369532592,108800
2001-02-28,0.6155926585197449,0.6625371382833172,0.6155926585197449,0.6554511865114377,203200
2001-03-01,0.622973620891571,0.622973620891571,0.5978775163498645,0.6082112130804633,168000
2001-03-02,0.6406886577606201,0.6495460818050374,0.6259262468105057,0.6259262468105057,144000
2001-03-05,0.7112531065940857,0.7159770745395245,0.6569274189073988,0.6613561318169802,328000
2001-03-06,0.7292628288269043,0.7528826542786308,0.7204053520469275,0.7381202492927752,459200
2001-03-07,0.7145007848739624,0.7336919097899124,0.7026908098664845,0.7292631973191754,328000
2001-03-08,0.7115479707717896,0.7139099534470558,0.7012142754497088,0.71302418882604,153600
2001-03-09,0.7026909589767456,0.7085959477335168,0.6867475794360975,0.7085959477335168,185600
2001-03-12,0.744025468826294,0.7484541804581158,0.6908807603020594,0.7026906767582926,700800
2001-03-13,0.7263104319572449,0.7410728388819283,0.7263104319572449,0.7410728388819283,331200
2001-03-14,0.7159005403518677,0.722741288114863,0.7093572238041159,0.722741288114863,228800
2001-03-15,0.6501699686050415,0.7164956178220171,0.6379755687661974,0.7161981865175062,491200
2001-03-16,0.6522520184516907,0.6543339811331651,0.6468983677111974,0.6468983677111974,241600
2001-03-19,0.669204831123352,0.6822915192606059,0.6573078676936651,0.6573078676936651,680000
2001-03-20,0.7078701853752136,0.7167929531278705,0.6766406400639475,0.6766406400639475,323200
2001-03-21,0.6840762495994568,0.7227414062329582,0.6811019936901382,0.718280050733587,601600
2001-03-22,0.6840762495994568,0.6870505055087753,0.6617694153733875,0.6811019936901382,692800
2001-03-23,0.6840762495994568,0.6929989605981993,0.6796148941000856,0.6915118610081465,131200
2001-03-26,0.6721792817115784,0.6882401728317459,0.6692050258065954,0.6840762486022974,155200
2001-03-27,0.6647437214851379,0.6840763012619138,0.6647437214851379,0.6647437214851379,147200
2001-03-28,0.6781281232833862,0.6825895380481974,0.6692054072122543,0.6751539224125057,128000
2001-03-29,0.6900249719619751,0.6900249719619751,0.6751537446070122,0.6751537446070122,203200
2001-03-30,0.6947833895683289,0.7060854913685123,0.6944859583723767,0.6959730576229376,172800
2001-04-02,0.7257155179977417,0.7361253832481006,0.7019215889076657,0.7019215889076657,217600
2001-04-03,0.7337462902069092,0.74207419715649,0.7286900711177395,0.7316643276518202,196800
2001-04-04,0.7349361181259155,0.7349361181259155,0.7138189999410274,0.7212546145237464,152000
2001-04-05,0.7435610294342041,0.7435610294342041,0.7361254191398621,0.7376125185070487,147200
2001-04-06,0.73166424036026,0.750996820431464,0.7257157280017889,0.7435612083479841,409600
2001-04-09,0.7614063024520874,0.7670573806530646,0.7316638692057496,0.7316638692057496,475200
2001-04-10,0.8149427771568298,0.8223783865409783,0.776277631050937,0.776277631050937,788800
2001-04-11,0.8253524899482727,0.8536078231066452,0.8104812739131687,0.8188091753153344,596800
2001-04-12,0.8431981801986694,0.8655050100625009,0.8262449985788298,0.8268398042610052,859200
2001-04-16,0.886324942111969,0.8878120985736673,0.847659781775309,0.855095393896145,672000
2001-04-17,0.9663320183753967,0.9710908046943267,0.8892990301058498,0.8922732857374829,1228800
2001-04-18,1.006781816482544,1.0558569009228975,0.9904234928219043,1.011243229052916,2214400
2001-04-19,1.0023201704025269,1.04098531661364,0.9963716601873412,1.0112428789961074,1233600
2001-04-20,0.9145802855491638,0.9948849186793143,0.8446855206735467,0.9948849186793143,3083200
2001-04-23,0.9160677194595337,0.936590032164641,0.9041707471410798,0.9041707471410798,523200
2001-04-24,0.9583010077476501,0.994586690532594,0.9235023101215623,0.9235023101215623,972800
2001-04-25,1.0112431049346924,1.0350370376532363,0.9621680265177287,0.9621680265177287,904000
2001-04-26,1.0499082803726196,1.0826250377782891,1.0142173238657177,1.015704536874757,1248000
2001-04-27,1.0713226795196533,1.0942243714452273,1.0558565974351721,1.0573436967117102,1411200
2001-04-30,1.035334587097168,1.0855992800403014,1.0290885872027777,1.0787585310687573,1427200
2001-05-01,1.0409857034683228,1.0540723400383154,1.01867886696543,1.0335500913006919,867200
2001-05-02,0.9591935276985168,1.0320625160603139,0.9130927761907303,1.0320625160603139,2587200
2001-05-03,1.0052947998046875,1.0201660249895452,0.940158874340051,0.94432279923846,1336000
2001-05-04,1.009756088256836,1.0171916999325734,0.985962153586162,0.9993461638357454,560000
2001-05-07,1.0231399536132812,1.0335497619473761,0.9963717129564634,1.0201656416189673,1028800
2001-05-08,1.0647796392440796,1.0781637638316077,1.0278990664455994,1.0320629911042887,1068800
2001-05-09,1.0707277059555054,1.0707277059555054,1.0484208787480989,1.0671586453706696,699200
2001-05-10,1.0591286420822144,1.0781637915591495,1.0588311540512645,1.0707281792035692,601600
2001-05-11,1.0847070217132568,1.0847070217132568,1.040985590601306,1.0558568133241817,747200
2001-05-14,1.1287262439727783,1.1447871976716322,1.0829228338501804,1.085004796723165,1736000
2001-05-15,1.0989837646484375,1.1807755181093589,1.0707284089429716,1.149545962206882,1494400
2001-05-16,1.0335502624511719,1.110880596416654,1.0261146490522426,1.0945222696307009,1035200
2001-05-17,1.0454469919204712,1.05050315313358,0.996371912062387,1.01867874591453,2024000
2001-05-18,1.084112286567688,1.0945220983134374,1.0380115134018228,1.0528827378720014,1235200
2001-05-21,1.1450836658477783,1.1551960975650288,1.1001726421219282,1.1004700165290338,1702400
2001-05-22,1.1763131618499756,1.190589515582126,1.1447862565717002,1.1447862565717002,2107200
2001-05-23,1.1421102285385132,1.1763139810527228,1.1183161756226856,1.1763139810527228,888000
2001-05-24,1.1822619438171387,1.1852361423175954,1.1293204389918894,1.149545306478515,966400
2001-05-25,1.1876158714294434,1.1882107339612353,1.1733395110417166,1.183154459170217,481600
2001-05-29,1.2194405794143677,1.2253890927373483,1.1718526997474328,1.1896981262579196,1259200
2001-05-30,1.3235384225845337,1.3235384225845337,1.2084352252427226,1.2134913849813325,2328000
2001-05-31,1.2759510278701782,1.3235388979175489,1.234311556484905,1.3161032861314952,1177600
2001-06-01,1.3428715467453003,1.3455483715521332,1.2566184038215156,1.2744638268947792,1243200
2001-06-04,1.3859972953796387,1.4484564710856138,1.3711260792770315,1.3874845077565994,3123200
2001-06-05,1.4856349229812622,1.4871220223118928,1.39045909086162,1.39045909086162,1923200
2001-06-06,1.412765622138977,1.490988255722598,1.3904587965262565,1.4871217075147127,1536000
2001-06-07,1.2640535831451416,1.3681521135218002,1.2387725568655963,1.3681521135218002,2665600
2001-06-08,1.2967702150344849,1.3592294011571695,1.2194399237874205,1.2194399237874205,3310400
2001-06-11,1.3800499439239502,1.4246636259888392,1.3175907209580293,1.3175907209580293,2352000
2001-06-12,1.3975967168807983,1.3981914655869057,1.3473319418379774,1.3830228774973217,2772800
2001-06-13,1.3488199710845947,1.3978950556558882,1.3360307093710682,1.397597681097673,992000
2001-06-14,1.3553924560546875,1.3751094239903192,1.3533012711191685,1.3562887595706472,900800
2001-06-15,1.3150625228881836,1.3353769914840485,1.2875781949215817,1.329402127668609,1508800
2001-06-18,1.3667447566986084,1.420518298104379,1.3219334532002933,1.3219334532002933,1595200
2001-06-19,1.2875778675079346,1.3742130858990196,1.2816031191728414,1.3742130858990196,1302400
2001-06-20,1.1650935411453247,1.2726405916666454,1.1053451544199235,1.2651720433259703,3708800
2001-06-21,1.1815239191055298,1.215879275263427,1.1591182817749788,1.165093141188652,1656000
2001-06-22,1.1883951425552368,1.2099045940276876,1.1397002989709675,1.1919801271079662,878400
2001-06-25,1.1546375751495361,1.202436237127988,1.1411941658552842,1.1866029517153132,996800
2001-06-26,1.1352189779281616,1.1650931615578501,1.1292441184100306,1.1501560697430058,561600
2001-06-27,1.0306599140167236,1.0829397647277168,0.955974413001019,1.0829397647277168,2172800
2001-06-28,0.9738986492156982,1.0052666431311295,0.9141503200121445,0.9709112754908966,3611200
2001-06-29,1.0978769063949585,1.0978769063949585,0.9694178625885717,0.9694178625885717,3715200
2001-07-02,1.0904079675674438,1.1635997580456765,1.068301016164335,1.0829394198443791,2408000
2001-07-03,1.0769647359848022,1.0871219671170065,1.051571715134798,1.0829395979380423,531200
2001-07-05,1.151650309562683,1.151650309562683,1.0769648145980342,1.0814459898803215,1107200
2001-07-06,1.105345606803894,1.1349211204801577,1.0904085040092468,1.0933958789837561,748800
2001-07-09,1.1352189779281616,1.1352189779281616,1.036634194742383,1.0874203297050467,1072800
2001-07-10,1.0814460515975952,1.1764460157310834,1.064118961075663,1.1650937879395082,793600
2001-07-11,1.0575467348098755,1.0694963465375,0.9858486086000083,1.0605341092515241,957600
2001-07-12,1.0187103748321533,1.057546933641509,1.0007858968901826,1.0515720696738349,502400
2001-07-13,0.9798734784126282,1.027672254165073,0.9649363823576765,1.0097476705225314,751200
2001-07-16,0.9727036356925964,0.9798733772405368,0.9410369542997296,0.9709111433251177,964000
2001-07-17,0.9798734784126282,0.9918232008409891,0.9619490087310858,0.970911243571857,656800
2001-07-18,0.9679239988327026,0.976288737269793,0.9499994128033479,0.9679239988327026,549600
2001-07-19,0.990030825138092,1.0127352776395,0.9559742603469924,0.9559742603469924,528800
2001-07-20,1.0509741306304932,1.0575464896316413,1.0019804717953986,1.004967845544464,648000
2001-07-23,1.0276720523834229,1.0300619280232477,0.9858481460572112,1.0210996949421955,564000
2001-07-24,0.943426787853241,1.039621645878154,0.896225576439956,1.039621645878154,447200
2001-07-25,0.9171378016471863,0.9631440889143326,0.8962258425293008,0.9434270679566238,631200
2001-07-26,0.946414053440094,0.9673260027166997,0.902200279691218,0.902200279691218,288000
2001-07-27,0.9738986492156982,0.9762886393643417,0.9201251244422491,0.9703137779537357,395200
2001-07-30,0.9631441831588745,0.964339064455467,0.9440246579006433,0.9589616997572303,530400
2001-07-31,0.9768863916397095,1.0007857295532523,0.96792415416726,0.9738989031748714,424800
2001-08-01,1.0163205862045288,1.0300626947552096,1.0019809798088974,1.0037733593826879,471200
2001-08-02,1.0653139352798462,1.0754711675316417,0.9977982954609889,1.0211001342899795,495200
2001-08-03,1.0527666807174683,1.063521295177702,1.0037729052472466,1.063521295177702,412000
2001-08-06,1.0461945533752441,1.0605341564633683,1.0372323156902958,1.0455970556681096,300000
2001-08-07,1.039622187614441,1.0605341514205746,1.036634813054008,1.0515719137782416,151200
2001-08-08,1.0509741306304932,1.063521237129772,1.0306596700460389,1.0306596700460389,353600
2001-08-09,1.0455970764160156,1.0605341775076729,1.0306599753243582,1.0545593142788026,296800
2001-08-10,1.08742094039917,1.0957856800455998,1.0199051836611754,1.0336472884977475,388800
2001-08-13,1.0754708051681519,1.1262569493155121,1.0605337106519275,1.0933952730032261,450400
2001-08-14,1.08742094039917,1.089810817171994,1.0605341144484588,1.0844334519818517,186400
2001-08-15,1.08742094039917,1.0963831777290634,1.0784585891082459,1.0904083148554575,81600
2001-08-16,1.108332872390747,1.108332872390747,1.0904083963906588,1.0904083963906588,265600
2001-08-17,1.0826411247253418,1.1292448066564122,1.0826411247253418,1.1143077057377797,144000
2001-08-20,1.0850305557250977,1.0868230481246914,1.0844330582585664,1.0862255506581602,198400
2001-08-21,1.0455970764160156,1.085031014181108,1.039622213187145,1.085031014181108,237600
2001-08-22,1.0647162199020386,1.075470947611918,1.0551564872623682,1.0605338511173081,240800
2001-08-23,1.0802507400512695,1.0844331085499594,1.0665086395667185,1.0724835005481304,203200
2001-08-24,1.0904079675674438,1.0904079675674438,1.0653136426595067,1.080250738105636,408800
2001-08-27,1.0844329595565796,1.0910053171292369,1.0844329595565796,1.0904078197170881,275200
2001-08-28,1.08742094039917,1.0904083148554575,1.071886342512207,1.0844334519818517,233600
2001-08-29,1.1591192483901978,1.1770438415789326,1.1113205611423573,1.1113205611423573,526400
2001-08-30,1.1901878118515015,1.224841869955209,1.1561312512621165,1.1680808596655683,465600
2001-08-31,1.263678789138794,1.2899681202086255,1.1901882756537405,1.1901882756537405,316000
2001-09-04,1.2099047899246216,1.2606909397013117,1.2099047899246216,1.2487412171793848,538400
2001-09-05,1.1650935411453247,1.1949677345080254,1.159118679680584,1.1949677345080254,481600
2001-09-06,1.08742094039917,1.156131578543061,1.075471214651958,1.1441818527958494,382400
2001-09-07,1.0981755256652832,1.1143076207780733,1.060534084363134,1.0814460468470068,310400
2001-09-10,1.1172950267791748,1.1172950267791748,1.085030838931085,1.0904082035724332,212000
2001-09-17,1.108929991722107,1.1830179753152499,1.0963828855956634,1.1650935054314735,298400
2001-09-18,1.0736790895462036,1.1143080342568301,1.0587419842238304,1.1143080342568301,192800
2001-09-19,0.944024384021759,1.0826406597616296,0.8424521527935778,1.0730808144352362,652800
2001-09-20,0.9840555787086487,0.9840555787086487,0.8812884269025687,0.9440242246205433,555200
2001-09-21,0.9870434999465942,1.009747839609222,0.9380497779354002,0.9499994453842857,580000
2001-09-24,1.015722632408142,1.0455968274789698,0.9960056682198362,1.0007855348727281,448000
2001-09-25,1.021696925163269,1.033646528159462,0.9858478882527961,1.0037723497275592,575200
2001-09-26,1.0378293991088867,1.0754708279440945,1.0306595434464239,1.0754708279440945,578400
2001-09-27,1.0480453968048096,1.0510500681718045,1.023406724808682,1.039632110659666,199200
2001-09-28,1.0865060091018677,1.1327786931672297,1.045641826530945,1.045641826530945,752000
2001-10-01,1.1387875080108643,1.1532101322995842,1.0666742719464355,1.086505394671029,296000
2001-10-02,1.1598209142684937,1.1802530025283051,1.1387879833724026,1.1387879833724026,320000
2001-10-03,1.1472020149230957,1.1772492125593823,1.1237652374455003,1.1658312453637238,296000
2001-10-04,1.1508069038391113,1.177849410107492,1.1333796000601795,1.1472012745436235,263200
2001-10-05,1.132778525352478,1.1592200715613608,1.1237643957374361,1.1508067845825618,166400
2001-10-08,1.1243659257888794,1.136384849037653,1.117755621160906,1.126769756287013,158400
2001-10-09,1.1718398332595825,1.1718398332595825,1.1189568553200282,1.135783200081266,286400
2001-10-10,1.1634273529052734,1.1706386150577914,1.1423942948220296,1.165831068749131,178400
2001-10-11,1.1712391376495361,1.1742439246144944,1.1381872833813131,1.1484033298203662,392000
2001-10-12,1.1478015184402466,1.17183922317087,1.124965612980541,1.1598203134951497,125600
2001-10-15,1.1478015184402466,1.1478015184402466,1.1327779386560046,1.1417920636023864,202400
2001-10-16,1.148403286933899,1.171840051280828,1.1417928704787554,1.1417928704787554,201600
2001-10-17,1.1538118124008179,1.1658306161965322,1.1423938513671237,1.1538118124008179,158400
2001-10-18,1.1177550554275513,1.1508069057016073,1.1177550554275513,1.1508069057016073,408800
2001-10-19,1.119558334350586,1.122563122352308,1.111746114787993,1.117755576170495,556000
2001-10-22,1.0949190855026245,1.1117455458382897,1.090111541781132,1.1075389594095943,181600
2001-10-23,1.0913134813308716,1.1057361128252712,1.0768908498364722,1.093717310557048,161600
2001-10-24,1.1027315855026245,1.1087410447351342,1.0949192541140915,1.0997267985759192,166400
2001-10-25,1.1177550554275513,1.1177550554275513,1.0997266796791572,1.1027314662810006,216800
2001-10-26,1.1177550554275513,1.126769185991304,1.1087409248637987,1.1177550554275513,458400
2001-10-29,1.1087405681610107,1.1093414106671882,1.0877075271983887,1.1027311115115683,185600
2001-10-30,1.1081403493881226,1.1081403493881226,1.0366280083148607,1.042637468968408,464000
2001-10-31,1.1063368320465088,1.1099424604889505,1.0816981608849103,1.1087406607553776,331200
2001-11-01,1.1405909061431885,1.1405909061431885,1.098524923621913,1.1057361825131518,182400
2001-11-02,1.1357827186584473,1.141792174077759,1.1297732632391355,1.1351817616544333,214400
2001-11-05,1.136384129524231,1.140590715611574,1.1303746717047949,1.140590715611574,164000
2001-11-06,1.1568162441253662,1.1568162441253662,1.1243652399214907,1.1267690689532788,489600
2001-11-07,1.1538118124008179,1.1640278586686705,1.1333797198651128,1.1417928939842028,331200
2001-11-08,1.1958770751953125,1.1994827026937995,1.1586186569290045,1.164627997886206,277600
2001-11-09,1.1958770751953125,1.2006846167335725,1.1808534935606456,1.1988818602947446,139200
2001-11-12,1.1814550161361694,1.1952766903474183,1.1568163396305913,1.1928729757380598,180000
2001-11-13,1.225925326347351,1.225925326347351,1.186864002358474,1.186864002358474,349600
2001-11-14,1.2199153900146484,1.2259248485834715,1.1898682117914217,1.2199153900146484,335200
2001-11-15,1.1898689270019531,1.2048925251440028,1.1868642532219262,1.2048925251440028,1348800
2001-11-16,1.1538118124008179,1.2018872568254766,1.1538118124008179,1.2018872568254766,420800
2001-11-19,1.1544123888015747,1.158619089511395,1.1417926305347368,1.1478020883564628,204800
2001-11-20,1.1417925357818604,1.155614207390212,1.1375859500420022,1.1544122930014342,280000
2001-11-21,1.1087405681610107,1.1405904935476068,1.1057357825258636,1.1297734945027809,165600
2001-11-23,1.1387875080108643,1.1411912214152364,1.1063365173956226,1.1147496862421686,46400
2001-11-26,1.1165529489517212,1.1405906645321018,1.1057359482853326,1.1405906645321018,101600
2001-11-27,1.1153508424758911,1.1165527567031814,1.1057357578992684,1.1117452144148698,124800
2001-11-28,1.111745834350586,1.1177552942172042,1.1099429620043264,1.1099429620043264,150400
2001-11-29,1.1297736167907715,1.1297736167907715,1.1117453595118973,1.1165529024276546,160000
2001-11-30,1.1279717683792114,1.139990578038925,1.1117462549865937,1.1297745267866424,138400
2001-12-03,1.1279717683792114,1.1279717683792114,1.1039340344388278,1.1177557171269288,66400
2001-12-04,1.1237645149230957,1.129173016189918,1.1147502697311327,1.1279711015482043,64000
2001-12-05,1.1231633424758911,1.1237642996816428,1.1177548422449919,1.1177548422449919,122400
2001-12-06,1.0889099836349487,1.1225627971588084,1.036627833759943,1.1117457927280547,464000
2001-12-07,1.0810972452163696,1.0907123311792928,1.0558576159084796,1.088909574199286,332800
2001-12-10,1.0035758018493652,1.0474446546924918,0.9975663432605107,1.0125899324222025,564800
2001-12-11,0.9657166600227356,1.0005713955405746,0.9500921649119729,1.0005713955405746,468800
2001-12-12,0.9314625859260559,0.9777352709294622,0.9194437253116803,0.9627116808338807,316800
2001-12-13,0.9765334725379944,1.0035759837797182,0.9164391049971948,0.9164391049971948,776000
2001-12-14,1.025209665298462,1.051651213620482,1.0005709888918815,1.0035757754176144,580800
2001-12-17,1.010786771774292,1.0216037712206714,0.9975660583514151,1.0101858146249536,574400
2001-12-18,1.0366276502609253,1.0366276502609253,1.003575800014005,1.003575800014005,207200
2001-12-19,1.0516514778137207,1.06967974301359,1.0306184253332633,1.0336232126138514,312800
2001-12-20,1.0607168674468994,1.087914783137168,1.0365410064331042,1.0456069399033276,366400
2001-12-21,1.112091064453125,1.112091064453125,1.0697833205091527,1.0848932537633518,356000
2001-12-24,1.11813485622406,1.11813485622406,1.1012116925751405,1.1090689209862756,127200
2001-12-26,1.145333170890808,1.1543991092447357,1.1120912432201928,1.1120912432201928,214400
2001-12-27,1.2027509212493896,1.2069816850207924,1.1332452364685832,1.1392892341190157,229600
2001-12-28,1.1797837018966675,1.214838744982876,1.1604430043704352,1.2087947481860157,593600
2001-12-31,1.1634646654129028,1.1846185914763347,1.1314315707865847,1.1483547346932548,481600
2002-01-02,1.190058708190918,1.190058708190918,1.133245310988391,1.133245310988391,570400
2002-01-03,1.1906627416610718,1.1973110336521573,1.1701132239875975,1.1815966898265806,480000
2002-01-04,1.151980996131897,1.196706373747637,1.139893121664721,1.190662494153856,321600
2002-01-07,1.1652779579162598,1.1652779579162598,1.1272008660079134,1.1332448616593556,413600
2002-01-08,1.208794116973877,1.208794116973877,1.160442398406758,1.1664862767679551,562400
2002-01-09,1.19489324092865,1.2239042776199416,1.1846184843571994,1.208794348266609,607200
2002-01-10,1.208794116973877,1.208794116973877,1.190662251331105,1.196706129692302,265600
2002-01-11,1.2075855731964111,1.2087943952587779,1.1997284603502605,1.2087943952587779,179200
2002-01-14,1.1942893266677856,1.2075860285286226,1.1876409180975371,1.2015420312174565,559200
2002-01-15,1.2033549547195435,1.2051681880292642,1.1876406118741898,1.1942890187302015,352000
2002-01-16,1.1876405477523804,1.2027504786786947,1.1846186076789673,1.2027504786786947,77600
2002-01-17,1.181597113609314,1.1912674647734047,1.1562124129836564,1.1876411119067904,215200
2002-01-18,1.1634646654129028,1.172530600788767,1.155003141099379,1.1634646654129028,216000
2002-01-22,1.151980996131897,1.1785745044070661,1.1495634673503072,1.1785745044070661,173600
2002-01-23,1.159233808517456,1.1634645703284578,1.142310645993836,1.1483546408436727,164000
2002-01-24,1.184618592262268,1.184618592262268,1.1604427261507162,1.1604427261507162,325600
2002-01-25,1.1797837018966675,1.1997288106305508,1.1743441163074584,1.1755529387227606,78400
2002-01-28,1.1797837018966675,1.1882452282444815,1.1586297707474822,1.1586297707474822,186400
2002-01-29,1.1803873777389526,1.184618138277153,1.1664861591825502,1.1815960841215967,233600
2002-01-30,1.1930798292160034,1.1936842401331664,1.1755523737366527,1.1785743130428732,129600
2002-01-31,1.2329702377319336,1.2390142326544638,1.1846185089109225,1.1846185089109225,2283200
2002-02-01,1.2239041328430176,1.2420359998103339,1.220277782505474,1.2378052385366,684800
2002-02-04,1.1936848163604736,1.2239046851290931,1.1876408195508195,1.2239046851290931,428800
2002-02-05,1.1785746812820435,1.1997286088738013,1.1664866897211443,1.1936846130933518,440000
2002-02-06,1.241431713104248,1.2571459364400996,1.181596298065584,1.181596298065584,516800
2002-02-07,1.1967065334320068,1.2450583835914555,1.1936845932318791,1.2450583835914555,356800
2002-02-08,1.208794116973877,1.2329699762574364,1.1973105405843398,1.2027501233330895,324000
2002-02-11,1.21967351436615,1.21967351436615,1.2057724070450544,1.2118162865553657,181600
2002-02-12,1.208794116973877,1.217860049795263,1.1936841905117035,1.208794116973877,189600
2002-02-13,1.1906627416610718,1.2087946147707782,1.1815966898265806,1.1967066225112153,111200
2002-02-14,1.2033549547195435,1.2057725991325043,1.1785746758848479,1.1961022520399223,199200
2002-02-15,1.1725308895111084,1.1979155839819933,1.1634649519028606,1.1979155839819933,598400
2002-02-19,1.1483548879623413,1.161047176126646,1.118135022489648,1.1574208245482216,320000
2002-02-20,1.1392887830734253,1.1471458962125816,1.115112917322612,1.142310723062419,338400
2002-02-21,1.0975855588912964,1.137475774060721,1.0824756254095553,1.1332450111305767,288800
2002-02-22,1.1096736192703247,1.1169263232260132,1.0818712800277828,1.0879152768439573,253600
2002-02-25,1.1078603267669678,1.1120910897295606,1.093959215524264,1.1048383861592999,180800
2002-02-26,1.1090688705444336,1.1145084544956294,1.098794113667688,1.1030248755675922,167200
2002-02-27,1.1000028848648071,1.1151128139685567,1.0915412461765723,1.1066511752803219,312000
2002-02-28,1.136267066001892,1.157420998059941,1.100003314221986,1.100003314221986,221600
2002-03-01,1.147750735282898,1.1604431415850613,1.1302232693071135,1.1302232693071135,134400
2002-03-04,1.1411020755767822,1.1411020755767822,1.1181350284187888,1.1332449612352589,128000
2002-03-05,1.1332449913024902,1.1423109281769819,1.1265965837973635,1.1423109281769819,112000
2002-03-06,1.1398935317993164,1.1417066502179667,1.1193440110038082,1.1332451235185181,115200
2002-03-07,1.1447280645370483,1.1483544146207232,1.1392884817717408,1.1477500037268455,627200
2002-03-08,1.0335192680358887,1.1350580193207649,0.97610148609182,1.1332447861622417,2060800
2002-03-11,1.0558820962905884,1.0570909186203141,1.029288696714475,1.0395634559578595,858400
2002-03-12,1.0818710327148438,1.0854973838637134,1.055881933042091,1.055881933042091,156800
2002-03-13,1.102420449256897,1.1247831957772665,1.0951677476089385,1.096980865381121,572800
2002-03-14,1.1656242609024048,1.1656242609024048,1.1121440430559877,1.1121440430559877,965600
2002-03-15,1.1656242609024048,1.184463827775181,1.1559006060058035,1.1559006060058035,324800
2002-03-18,1.1850717067718506,1.1850717067718506,1.1571162247129019,1.1668398807260252,149600
2002-03-19,1.1820330619812012,1.1850716608995113,1.172917033396033,1.1850716608995113,263200
2002-03-20,1.1820330619812012,1.2002648873213,1.175955748229462,1.1820330619812012,459200
2002-03-21,1.1753482818603516,1.1899337687478926,1.1607627949728105,1.1820333401519876,550400
2002-03-22,1.1577239036560059,1.1692707891570813,1.121260249930721,1.1692707891570813,362400
2002-03-25,1.1546854972839355,1.1607628125579332,1.1546854972839355,1.1559009835217646,150400
2002-03-26,1.169878363609314,1.1789942757271434,1.1546851381078944,1.1546851381078944,296000
2002-03-27,1.1668399572372437,1.1850717844785537,1.1668399572372437,1.1838562984184315,395200
2002-03-28,1.1273376941680908,1.1771715892315908,1.1273376941680908,1.1698787873467618,108800
2002-04-01,1.1455693244934082,1.1638011502967556,1.1242987837794218,1.154685237395082,308800
2002-04-02,1.1789945363998413,1.1789945363998413,1.1394921645452984,1.1455694792725675,155200
2002-04-03,1.1546854972839355,1.1717019568680993,1.145569582330513,1.1698787275113558,126400
2002-04-04,1.160155177116394,1.1668402361297658,1.142530972777562,1.148608288615613,183200
2002-04-05,1.1546854972839355,1.1698787275113558,1.1546854972839355,1.1607628125579332,163200
2002-04-08,1.142530918121338,1.1638014645794,1.1303764029418402,1.1577241490320747,264800
2002-04-09,1.1546854972839355,1.1577240969633604,1.145569582330513,1.1486081820099379,165600
2002-04-10,1.1534700393676758,1.1540777825015123,1.1486082102121329,1.1498236964798063,386400
2002-04-11,1.1486077308654785,1.16076235663944,1.1486077308654785,1.1504309595061033,236800
2002-04-12,1.14131498336792,1.1546849782284998,1.124298531433013,1.1534694925370574,736800
2002-04-15,1.0939124822616577,1.1285530256535217,1.0939124822616577,1.1273375395202645,260800
2002-04-16,1.1091059446334839,1.1279455200038895,1.0878353964848777,1.093912712515217,339200
2002-04-17,1.063525915145874,1.1072823682110018,1.063525915145874,1.1072823682110018,280000
2002-04-18,1.0756803750991821,1.0756803750991821,1.045293925134969,1.0544098369412116,83200
2002-04-19,1.0787187814712524,1.095735232147836,1.0635255591970094,1.069602871289724,143200
2002-04-22,1.0878350734710693,1.0878350734710693,1.0696032467088394,1.0775036740617716,58400
2002-04-23,1.0951277017593384,1.0999895291934987,1.0768957619449058,1.0817575893790659,80000
2002-04-24,1.0696030855178833,1.1030281348498037,1.0665643709053658,1.087834909532547,65600
2002-04-25,1.0726420879364014,1.076896174079969,1.0641339156492664,1.076896174079969,55200
2002-04-26,1.0835814476013184,1.0896587644031868,1.0653496131108902,1.0696037000976448,85600
2002-04-29,1.0416475534439087,1.0878349751021432,1.040432183440755,1.0878349751021432,84000
2002-04-30,1.0574489831924438,1.0574489831924438,1.0057919683186543,1.0270625174919992,180800
2002-05-01,1.1030287742614746,1.109106091094342,1.0501563844204354,1.063526388720602,208800
2002-05-02,1.0829732418060303,1.1072823827162135,1.0817577557817393,1.1072823827162135,1053600
2002-05-03,1.0689958333969116,1.0762885199849797,1.0635262604982787,1.0756808926986101,1254400
2002-05-06,1.063525915145874,1.0744650573909373,1.0501559167991996,1.0689954862684057,189600
2002-05-07,1.0671725273132324,1.0671725273132324,1.05744886861588,1.05744886861588,266400
2002-05-08,1.0689958333969116,1.0726421766909457,1.06656486059078,1.0683880901953786,509600
2002-05-09,1.0398248434066772,1.0835813101837037,1.017946552060583,1.0635262484215047,193600
2002-05-10,1.0082225799560547,1.0434708629020928,1.0027530088165724,1.0331394636291957,120000
2002-05-13,1.0149074792861938,1.0149074792861938,0.9790514589098183,1.0057914515278785,80000
2002-05-14,1.0313167572021484,1.0313167572021484,1.0209853526940988,1.0240240692642222,68000
2002-05-15,1.0386087894439697,1.0386087894439697,1.0209845941763127,1.031315991008881,179200
2002-05-16,1.0349626541137695,1.0446863100185688,1.03010082616137,1.039216739082729,140800
2002-05-17,1.033139705657959,1.0361783054850093,1.027062390088705,1.0361783054850093,53600
2002-05-20,1.027669906616211,1.032531734816457,1.0246313074592301,1.0301008786738979,660800
2002-05-21,1.0222002267837524,1.0319238821510204,1.0149075432158592,1.0282775403670739,93600
2002-05-22,0.9936370849609375,1.025846652533196,0.9875597708801883,1.0161229963700473,727200
2002-05-23,0.9541341662406921,1.0015369945163484,0.9480569132583186,1.0015369945163484,921600
2002-05-24,0.9176714420318604,0.9541351722446746,0.9176714420318604,0.9541351722446746,162400
2002-05-28,0.8909310102462769,0.9115938126052067,0.8660141219749463,0.9024778976621841,312000
2002-05-29,0.9085554480552673,0.9267873417801661,0.8885003823451564,0.893362212944117,221600
2002-05-30,0.9128090143203735,0.9286099247659864,0.9055162150900222,0.9115935284627965,203200
2002-05-31,0.9091628789901733,0.9267870233453225,0.9055164783150238,0.9207097082059307,280800
2002-06-03,0.9115939140319824,0.9280026323041966,0.9024779980746946,0.9085552560603598,477600
2002-06-04,0.913416862487793,0.9255714334473897,0.911593691333245,0.9146323485625356,157600
2002-06-05,0.9115939140319824,0.9237484879608928,0.9061243412745776,0.9115939140319824,139200
2002-06-06,0.905516505241394,0.9176711358816068,0.905516505241394,0.9115938205615004,480800
2002-06-07,0.9115939140319824,0.9237484879608928,0.8933620241598267,0.9079475128745192,257600
2002-06-10,0.9188860654830933,0.9286097183520875,0.9122010686250455,0.9267865479285368,271200
2002-06-11,0.9261792898178101,0.9286102043071912,0.9182788032379281,0.9249638615519061,248000
2002-06-12,0.9292172789573669,0.9328636770470745,0.9207090553864037,0.926786366216739,228000
2002-06-13,0.9181995391845703,0.9335028648376466,0.9133024796457904,0.9335028648376466,228000
2002-06-14,0.9181995391845703,0.9218723630274326,0.9120781855723181,0.9181995391845703,379200
2002-06-17,0.9206478595733643,0.9237085356834087,0.9090173604082452,0.9206478595733643,387200
2002-06-18,0.941460132598877,0.9475814247868842,0.9151384068956216,0.9237082860118625,524000
2002-06-19,0.9335029721260071,0.9512548295887107,0.9188117918211961,0.9304422949681145,573600
2002-06-20,0.951866626739502,0.961048596459843,0.9243206592009394,0.9243206592009394,349600
2002-06-21,0.9512543082237244,0.9604362762873732,0.9488057795149161,0.9518664549953088,328800
2002-06-24,0.9745156764984131,0.9781884415651326,0.9457454110472185,0.9457454110472185,421600
2002-06-25,1.006959080696106,1.0394020629951217,0.9781887478587051,0.9781887478587051,1167200
2002-06-26,1.005122423171997,1.010019482660145,0.9855341852194054,0.9855341852194054,753600
2002-06-27,1.012467861175537,1.0394016244068323,1.00389792127914,1.0394016244068323,901600
2002-06-28,1.0253225564956665,1.0302196147818605,1.0100192347569252,1.0100192347569252,1164000
2002-07-01,1.0222622156143188,1.0712328117344194,1.013080126681078,1.0253228340886587,743200
2002-07-02,0.9885947704315186,1.0302198330610737,0.979412798793847,1.0302198330610737,175200
2002-07-03,0.9794127345085144,0.9885947055435125,0.9671700870026676,0.9794127345085144,132800
2002-07-05,1.00022554397583,1.003898310065185,0.9732916535585933,0.9732916535585933,69600
2002-07-08,0.9928794503211975,1.0247103868518839,0.9855339214326246,1.0008372428314074,303200
2002-07-09,1.0283833742141724,1.0283833742141724,0.9916554882998176,0.9916554882998176,404000
2002-07-10,1.0375652313232422,1.0400137020197382,1.000837236835193,1.0222619100161447,208000
2002-07-11,1.0222622156143188,1.0528688673781594,1.0020618301203885,1.031444187792449,549600
2002-07-12,1.0222622156143188,1.0400140129246889,1.0161408619105285,1.0161408619105285,185600
2002-07-15,1.0161404609680176,1.0192010782347176,0.9806367636009995,1.0149161673593117,117600
2002-07-16,1.0045102834701538,1.0222621972161443,0.9794128388159049,1.016140843622523,108800
2002-07-17,0.9806369543075562,1.0045101005446593,0.9335026920016611,1.0045101005446593,840000
2002-07-18,0.9616605639457703,0.9775760296443959,0.9604362704100934,0.9775760296443959,196000
2002-07-19,1.0192012786865234,1.0192012786865234,0.948806016911825,0.948806016911825,580800
2002-07-22,0.9867589473724365,1.0192019380883435,0.9794132962780792,1.0192019380883435,263200
2002-07-23,0.9824728965759277,1.0038975635498195,0.967781784765505,0.9867579233747398,283200
2002-07-24,1.0192012786865234,1.0192012786865234,0.948806016911825,0.979412662618658,468800
2002-07-25,1.0087944269180298,1.0192006850675794,0.9934911129778108,1.0192006850675794,119200
2002-07-26,1.0100194215774536,1.0100194215774536,0.9794127724387429,1.008795127590681,177600
2002-07-29,1.0136921405792236,1.0247105524477633,0.9965524925660244,1.0100193755414089,283200
2002-07-30,1.008183240890503,1.019813803257425,0.9983891199778729,1.0100196823447951,285600
2002-07-31,1.0302196741104126,1.0302196741104126,0.995940264132963,1.00083732270117,483200
2002-08-01,1.0063467025756836,1.0179771457186986,1.0032859674682273,1.0173651154523136,132800
2002-08-02,0.9916554689407349,1.0069587933579986,0.9830855278735994,1.0002252932527707,238400
2002-08-05,0.9732911586761475,1.006346386938371,0.9732911586761475,0.9922672433701631,120000
2002-08-06,0.9794127345085144,0.9904311464525506,0.9732913815668169,0.9757399110679863,76000
2002-08-07,0.9671703577041626,0.9885949822415497,0.961049003049158,0.9794130086366073,184000
2002-08-08,0.9794127345085144,0.9794127345085144,0.9671700870026676,0.9671700870026676,273600
2002-08-09,0.9549273252487183,0.9781883235380927,0.9549273252487183,0.9732912651216411,73600
2002-08-12,0.9726792573928833,0.9726792573928833,0.9518667282055175,0.9518667282055175,128000
2002-08-13,0.9420722723007202,0.9947156649368539,0.9365630685083582,0.964109029092643,295200
2002-08-14,1.034505009651184,1.034505009651184,0.9567641292434474,0.9573762764096861,753600
2002-08-15,1.0461353063583374,1.0461353063583374,1.01491650934719,1.034504746666709,311200
2002-08-16,1.0467475652694702,1.0559295379001876,1.038789770035763,1.040626211263953,282400
2002-08-19,1.0406261682510376,1.0547052001532071,1.0167530170469143,1.0406261682510376,118400
2002-08-20,1.05592942237854,1.05592942237854,1.0357290380988937,1.0406260974165322,179200
2002-08-21,1.05592942237854,1.05592942237854,1.044298862715985,1.0553172753694473,292800
2002-08-22,1.0681719779968262,1.0681719779968262,1.0498079205862703,1.0498079205862703,205600
2002-08-23,1.0510319471359253,1.0651109725082535,1.0467470365230478,1.0498076536022296,152800
2002-08-26,1.0620505809783936,1.0620505809783936,1.041238053505808,1.0559292287649715,106400
2002-08-27,1.0651111602783203,1.0706203653961197,1.0534806031679576,1.0706203653961197,238400
2002-08-28,1.0192012786865234,1.0681719818705089,1.0192012786865234,1.058989894754389,121600
2002-08-29,1.0406261682510376,1.070008526156899,1.013080134742348,1.013080134742348,583200
2002-08-30,1.0498079061508179,1.0700082872961016,1.0467472883353541,1.0498079061508179,171200
2002-09-03,1.0283833742141724,1.0547051114065344,1.0283833742141724,1.0467474339264515,244800
2002-09-04,1.0589900016784668,1.0706205609128019,1.0253227347036697,1.0253227347036697,192000
2002-09-05,1.0528687238693237,1.0693962248351707,1.0528687238693237,1.0589899599836623,116000
2002-09-06,1.0712326765060425,1.0712326765060425,1.0528687344679772,1.0528687344679772,176000
2002-09-09,1.069395899772644,1.0700080465490236,1.052868403830633,1.0559290209574717,232000
2002-09-10,1.0669474601745605,1.0700080773896143,1.0571533449803125,1.0693959305955911,174400
2002-09-11,1.0681719779968262,1.0700083020093207,1.0620506255266409,1.0700083020093207,29600
2002-09-12,1.0626627206802368,1.068171925959507,1.0589898393240023,1.068171925959507,61600
2002-09-13,1.0712326765060425,1.0712326765060425,1.0565414995245712,1.062662852455625,132800
2002-09-16,1.0651111602783203,1.071232512270884,1.0565413375417783,1.071232512270884,100000
2002-09-17,1.0589900016784668,1.0712327078993564,1.0528687653231215,1.0712327078993564,195200
2002-09-18,1.0926578044891357,1.0938820989318137,1.0589904078463597,1.0589904078463597,169600
2002-09-19,1.0596026182174683,1.0865365137858558,1.0589904709596467,1.0865365137858558,100000
2002-09-20,1.0620505809783936,1.0620505809783936,1.0253225844529432,1.0571535225586723,443200
2002-09-23,1.0467475652694702,1.0559295379001876,1.0424626524921432,1.0559295379001876,287200
2002-09-24,1.0363408327102661,1.044910654413272,1.022261806553881,1.041237890362707,424800
2002-09-25,1.0406261682510376,1.0455232279020146,1.037565549752344,1.0406261682510376,254400
2002-09-26,1.044938087463379,1.0504831695620391,1.0350801898469628,1.0350801898469628,188800
2002-09-27,1.0350810289382935,1.051716288719694,1.0350810289382935,1.0412422493220164,99200
2002-09-30,1.0461711883544922,1.0461711883544922,1.0264553773985141,1.0320004639193208,333600
2002-10-01,1.0775933265686035,1.0775933265686035,1.0412422553608696,1.0474034757803254,364800
2002-10-02,1.0320000648498535,1.0782090229774588,1.0320000648498535,1.0775928894339026,174400
2002-10-03,1.0467870235443115,1.047403157150374,1.0276873518182539,1.0289196190303787,98400
2002-10-04,1.006739616394043,1.0535647284955691,0.9901043560062293,1.0406261534665446,304000
2002-10-07,0.9993458390235901,1.009203742138546,0.9950330211002312,1.0005781062918282,64000
2002-10-08,0.9611465334892273,1.016597270177639,0.9549853144092972,1.0104360510977088,98400
2002-10-09,0.9303404092788696,0.9703881507263904,0.918017973057112,0.9703881507263904,236000
2002-10-10,0.9241794347763062,0.9241794347763062,0.8976862721769066,0.9241794347763062,140800
2002-10-11,0.9334211945533752,0.9408146816507374,0.9241794238182904,0.9241794238182904,52800
2002-10-14,0.929108738899231,0.935269960967324,0.929108738899231,0.9334215590922351,51200
2002-10-15,1.0061233043670654,1.0067394380703127,0.962994944021408,0.962994944021408,317600
2002-10-16,0.9556013345718384,1.0061231134989181,0.9457434322209676,1.0061231134989181,107200
2002-10-17,0.9857913851737976,0.9857913851737976,0.9549854043871164,0.9549854043871164,139200
2002-10-18,0.996881365776062,0.9968813657760619,0.982710586779276,0.9888717464997505,320000
2002-10-21,1.0504835844039917,1.0591093363612714,0.9950328590349915,0.9950328590349915,446400
2002-10-22,1.0474034547805786,1.0535646750765062,1.0474034547805786,1.050484006170791,221600
2002-10-23,1.0566450357437134,1.0591095704234403,1.0474032657257006,1.0504838165598778,164000
2002-10-24,1.0535646677017212,1.0603419042158493,1.0492518487794118,1.0566452190703701,203200
2002-10-25,1.0529483556747437,1.0529483556747437,1.0418581846002226,1.0474032701374831,260800
2002-10-28,1.0474034547805786,1.0566452264667185,1.0437067696092233,1.0437067696092233,185600
2002-10-29,1.0621896982192993,1.0621896982192993,1.044322298969255,1.0474028485765414,108800
2002-10-30,1.0868349075317383,1.0868349075317383,1.0547967785061436,1.056645062046466,512800
2002-10-31,1.0886828899383545,1.0892990233866915,1.079441123244178,1.0868344895933435,171200
2002-11-01,1.0905317068099976,1.0929961240291861,1.0868349047079886,1.088683305758993,212000
2002-11-04,1.0905317068099976,1.0905317068099976,1.0782092681676028,1.0843704874888003,95200
2002-11-05,1.09977388381958,1.101006151642709,1.08929984235404,1.090532110177169,343200
2002-11-06,1.1090153455734253,1.1090153455734253,1.099773574530079,1.099773574530079,172000
2002-11-07,1.0843698978424072,1.1090146442106714,1.0794409485687544,1.1090146442106714,145600
2002-11-08,1.1028542518615723,1.1028542518615723,1.083138440043009,1.0874512591888814,103200
2002-11-11,1.0782092809677124,1.1090152604239327,1.0782092809677124,1.1090152604239327,44000
2002-11-12,1.1090153455734253,1.121953801531011,1.084370583619337,1.084370583619337,145600
2002-11-13,1.09977388381958,1.1311960082161998,1.09977388381958,1.1028544358618746,148000
2002-11-14,1.1398208141326904,1.1398208141326904,1.1090148461831584,1.1090148461831584,167200
2002-11-15,1.1311955451965332,1.1398211813967443,1.130579411537164,1.1398211813967443,56000
2002-11-18,1.2784478664398193,1.2815284167021652,1.232238907411874,1.232238907411874,1138400
2002-11-19,1.2815287113189697,1.2876899307755534,1.2384004101538573,1.2821448450161768,316000
2002-11-20,1.3067901134490967,1.3067901134490967,1.2876904314710538,1.293851653323319,328800
2002-11-21,1.3277379274368286,1.3400603686373989,1.3092543831514818,1.3092543831514818,190400
2002-11-22,1.335131049156189,1.342524535350062,1.3123345744476,1.3246570122655632,257600
2002-11-25,1.3523823022842407,1.3523823022842407,1.3277374291324058,1.3277374291324058,277600
2002-11-26,1.3468366861343384,1.3542300511502023,1.3382109369286062,1.3542300511502023,46400
2002-11-27,1.351150631904602,1.3647052241125806,1.3092544700601931,1.3468378124527687,517600
2002-11-29,1.3468366861343384,1.3542300511502023,1.3369787877695742,1.3431398861109882,48000
2002-12-02,1.3394439220428467,1.3542307775212432,1.314183029244484,1.3468374085397856,232000
2002-12-03,1.300628423690796,1.3338988186929481,1.2981638890529805,1.3308182679111584,112800
2002-12-04,1.2907699346542358,1.3018599829473232,1.2846087183700143,1.3018599829473232,267200
2002-12-05,1.2969322204589844,1.2969322204589844,1.2722874502810422,1.2722874502810422,128800
2002-12-06,1.34622061252594,1.34622061252594,1.2827602861611866,1.2876892355622551,457600
2002-12-09,1.3493016958236694,1.3727143028809248,1.3369793762021134,1.346221145297148,264000
2002-12-10,1.4158425331115723,1.4158425331115723,1.3431404158603584,1.3431404158603584,383200
2002-12-11,1.3739469051361084,1.4226204185925402,1.3739469051361084,1.4109141112080614,212800
2002-12-12,1.2722874879837036,1.3400606961180697,1.2538039391813933,1.3400606961180697,538400
2002-12-13,1.2753674983978271,1.2833770007335736,1.2322390834701802,1.2538032909340036,423200
2002-12-16,1.3123350143432617,1.3123350143432617,1.263045481580474,1.2692067025547014,416000
2002-12-17,1.2753674983978271,1.3154152451075127,1.2661256112594195,1.3154152451075127,130400
2002-12-18,1.2494909763336182,1.2692067908096831,1.226078358506648,1.2692067908096831,269600
2002-12-19,1.2048876285552979,1.2513485892735279,1.2048876285552979,1.2513485892735279,188000
2002-12-20,1.2327643632888794,1.2327643632888794,1.2017903837180213,1.2048878525689202,331200
2002-12-23,1.3263063430786133,1.3318816711545634,1.2389596940972682,1.2389596940972682,586400
2002-12-24,1.3504655361175537,1.3597578250236988,1.3349785454824608,1.3442708343886058,317600
2002-12-26,1.4000240564346313,1.4093162277113445,1.3479877554973954,1.3566604329348118,211200
2002-12-27,1.3783420324325562,1.4062186601263165,1.3659523938672515,1.396926372124163,251200
2002-12-30,1.3851561546325684,1.3944483231982328,1.3845366609740128,1.3845366609740128,217600
2002-12-31,1.3535624742507935,1.3938286104777773,1.3535624742507935,1.3938286104777773,256000
2003-01-02,1.3405537605285645,1.3411732542814203,1.3170135887018015,1.3380759036734928,166400
2003-01-03,1.334978699684143,1.352943667611015,1.3139163805350262,1.3343593239647944,253600
2003-01-06,1.3442717790603638,1.356661309381223,1.3287847775419561,1.3393159433007311,410400
2003-01-07,1.2916151285171509,1.3473682748809508,1.2717917980905882,1.3473682748809508,680800
2003-01-08,1.273650050163269,1.2916150156400745,1.271791686945916,1.2916150156400745,478400
2003-01-09,1.3554211854934692,1.3554211854934692,1.279225230208251,1.279225230208251,683200
2003-01-10,1.3473687171936035,1.3554219035144468,1.3325012144929949,1.3554219035144468,315200
2003-01-13,1.3504655361175537,1.355421368394529,1.3455097038405786,1.3473681852530799,232000
2003-01-14,1.3628551959991455,1.3659525469093254,1.3504655560456988,1.3504655560456988,284000
2003-01-15,1.392590880393982,1.392590880393982,1.350466225459104,1.356661048506543,788000
2003-01-16,1.3585190773010254,1.3876345822998906,1.3578995833874687,1.3876345822998906,240800
2003-01-17,1.3455092906951904,1.361615770188875,1.3455092906951904,1.3541820831341438,206400
2003-01-21,1.3380759954452515,1.354182479655109,1.3380759954452515,1.353562985859765,256800
2003-01-22,1.3256863355636597,1.3380759749682116,1.3256863355636597,1.3380759749682116,82400
2003-01-23,1.32135009765625,1.3256864363305456,1.3101994449758514,1.3256864363305456,79200
2003-01-24,1.2705528736114502,1.325686528872843,1.2705528736114502,1.325686528872843,104000
2003-01-27,1.2575443983078003,1.2730313988690118,1.254447045458133,1.260641869313905,124000
2003-01-28,1.2903761863708496,1.291615174105333,1.2544463691654522,1.2575437203452866,350400
2003-01-29,1.2854200601577759,1.2854200601577759,1.2662162272825692,1.2823227096849945,106400
2003-01-30,1.2730308771133423,1.2823231681667449,1.2668361739529261,1.2823231681667449,128000
2003-01-31,1.2916151285171509,1.2916151285171509,1.2699333165544595,1.2705528103998356,120000
2003-02-03,1.2823232412338257,1.2872790749383767,1.2761284195640379,1.2854205929905216,84800
2003-02-04,1.318872094154358,1.319491469762224,1.2637383307023076,1.2792253203387485,485600
2003-02-05,1.2860398292541504,1.3157748255226416,1.28418134767873,1.3157748255226416,238400
2003-02-06,1.2872787714004517,1.2916151100998836,1.2761281186554159,1.2860397837273658,230400
2003-02-07,1.2916151285171509,1.3015267937304322,1.2848008143743814,1.2848008143743814,146400
2003-02-10,1.2823232412338257,1.2860400869731399,1.2631192822418442,1.2823232412338257,141600
2003-02-11,1.2594020366668701,1.2841811973227235,1.2544462045356994,1.2761280144182054,119200
2003-02-12,1.2544461488723755,1.2587824870251896,1.238959159380124,1.2575434995082846,132800
2003-02-13,1.2389590740203857,1.2513487120231275,1.2327642550190148,1.2513487120231275,163200
2003-02-14,1.2513487339019775,1.2513487339019775,1.2358617452059448,1.2389590956826126,47200
2003-02-18,1.2594020366668701,1.2668358439418053,1.25010986619047,1.256924179679464,76800
2003-02-19,1.2544461488723755,1.2556851363892805,1.238959159380124,1.2556851363892805,101600
2003-02-20,1.2637382745742798,1.2637382745742798,1.2389591158877937,1.2420564664149736,138400
2003-02-21,1.3071017265319824,1.3132965449637266,1.2600212718695947,1.2637381156661076,148800
2003-02-24,1.3225892782211304,1.3225892782211304,1.294712642454341,1.3225892782211304,249600
2003-02-25,1.3318806886672974,1.3318806886672974,1.3009067191634067,1.3132963542274898,136000
2003-02-26,1.349846601486206,1.3541829413757658,1.3256868078557447,1.3318816297650014,271200
2003-02-27,1.387634515762329,1.3932098425606172,1.344271007300105,1.3566605305080075,227200
2003-02-28,1.3783420324325562,1.3925900340732114,1.3628550433041005,1.3925900340732114,128800
2003-03-03,1.3597575426101685,1.3876340490697345,1.3566600742326587,1.3814392304710519,152000
2003-03-04,1.3566603660583496,1.3783421767394564,1.3473681952396932,1.3572798598671083,133600
2003-03-05,1.3640944957733154,1.3690503292574714,1.3442711618366916,1.3628555078631788,272800
2003-03-06,1.3659530878067017,1.3870154131741148,1.3566609132402336,1.3597583835333298,434400
2003-03-07,1.3795809745788574,1.38453680621083,1.317013526377485,1.32878367081205,620000
2003-03-10,1.3783420324325562,1.3932095278171115,1.3690498625867527,1.3857758392030088,402400
2003-03-11,1.4037407636642456,1.4093160895148347,1.3783421095254977,1.3783421095254977,682400
2003-03-12,1.4031215906143188,1.4086969177393285,1.3814397760344346,1.4037410845344735,386400
2003-03-13,1.3819571733474731,1.3944071663045194,1.378844586058413,1.3944071663045194,426400
2003-03-14,1.375731110572815,1.3881810944174284,1.363903524997401,1.387558696148229,293600
2003-03-17,1.3968961238861084,1.4155711578186005,1.3807110390692292,1.3832009881848422,318400
2003-03-18,1.3495862483978271,1.3993864307718058,1.3390036948017316,1.3993864307718058,678400
2003-03-19,1.3508318662643433,1.3570568027008103,1.3383817559253057,1.3570568027008103,345600
2003-03-20,1.3539447784423828,1.357057247681198,1.3277996331438269,1.3558123312255264,392800
2003-03-21,1.3508318662643433,1.363281857870329,1.3446068110948246,1.3508318662643433,389600
2003-03-24,1.3570562601089478,1.3570562601089478,1.337758703658929,1.3433612391981287,216000
2003-03-25,1.3682610988616943,1.3726185993782947,1.3601686148641485,1.3632810813094391,284800
2003-03-26,1.3620359897613525,1.3676385241128404,1.3601685574661762,1.3601685574661762,536800
2003-03-27,1.360790729522705,1.3651482287508208,1.3539431628882668,1.3570556284132211,110400
2003-03-28,1.375731110572815,1.387558696148229,1.3601685417173148,1.3601685417173148,241600
2003-03-31,1.782848596572876,1.7928086353120407,1.6932082479203932,1.6932082479203932,10604800
2003-04-01,1.8332715034484863,1.837629005738701,1.7816037557888813,1.7816037557888813,3217600
2003-04-02,1.8662638664245605,1.8662638664245605,1.8183311094733736,1.8332712851652648,4540000
2003-04-03,1.847589135169983,1.8687542490991758,1.8426091153474105,1.861284159998798,970400
2003-04-04,1.8563035726547241,1.8643961766004287,1.8332710325418773,1.8426085520128423,1013600
2003-04-07,1.8394955396652222,1.8612831591988033,1.8239329712459462,1.8581706930081379,764000
2003-04-08,1.7809809446334839,1.8394961353512576,1.7753784086896314,1.8363836681526786,884000
2003-04-09,1.7896958589553833,1.7928083259994942,1.7741332862688148,1.7741332862688148,1024800
2003-04-10,1.7996563911437988,1.8083713962516108,1.7828487795218417,1.7928088192830667,707200
2003-04-11,1.7865828275680542,1.807747929234826,1.7865828275680542,1.8052578613996908,363200
2003-04-14,1.7865828275680542,1.7915628445053553,1.7697752258797996,1.7915628445053553,189600
2003-04-15,1.7766228914260864,1.779735357658254,1.76168272105935,1.7629277550454072,545600
2003-04-16,1.780357837677002,1.7896953549125596,1.7616826844729128,1.7766228545293734,472000
2003-04-17,1.7977885007858276,1.7977885007858276,1.7679083871261558,1.7834709611655286,488800
2003-04-21,1.7865828275680542,1.7915628445053553,1.7679076750034481,1.7915628445053553,360000
2003-04-22,1.769775152206421,1.783470168530651,1.7647951354764313,1.7803577025992694,1100000
2003-04-23,1.777246117591858,1.7784911521578974,1.7654186454135752,1.77413364990979,751200
2003-04-24,1.780357837677002,1.7878278039722586,1.7623052014530132,1.7679077355409425,776800
2003-04-25,1.7766228914260864,1.7803578746512825,1.7647953060244934,1.777245289686139,329600
2003-04-28,1.7928084135055542,1.7990334666306245,1.7741333728633555,1.7766234416065887,139200
2003-04-29,1.777246117591858,1.8021463339805255,1.777246117591858,1.786583758104124,453600
2003-04-30,1.7735100984573364,1.7772450812444804,1.7679075649101395,1.7741326153773542,1032800
2003-05-01,1.758570909500122,1.7666633959561777,1.743008335079767,1.7666633959561777,238400
2003-05-02,1.743008017539978,1.7535905709672193,1.7168628925275584,1.7274454459547997,344000
2003-05-05,1.731181025505066,1.7517236223158883,1.7293135922614709,1.7430086172243393,200000
2003-05-06,1.7093925476074219,1.727445184910024,1.7044125302020456,1.727445184910024,380800
2003-05-07,1.7511008977890015,1.7529684495446556,1.7044131724948797,1.7044131724948797,344000
2003-05-08,1.7025457620620728,1.7367833802388257,1.7025457620620728,1.735538345718537,416800
2003-05-09,1.7069034576416016,1.7075259749723135,1.6838707913374247,1.7037909897210828,439200
2003-05-12,1.7380272150039673,1.7448747814056733,1.6994320026483667,1.7069020858804957,194400
2003-05-13,1.7679080963134766,1.7679080963134766,1.7255778828922232,1.729312985535038,112800
2003-05-14,1.7523455619812012,1.7616830813201845,1.7430080426422179,1.7616830813201845,135200
2003-05-15,1.743008017539978,1.7585705891251564,1.7411404662058771,1.7585705891251564,490400
2003-05-16,1.731181025505066,1.7430086172243393,1.7255784883082017,1.7367835627019301,136800
2003-05-19,1.7305574417114258,1.7392725601652619,1.7168624251882068,1.724954907967162,250400
2003-05-20,1.7679080963134766,1.7741331486518368,1.7299355026421739,1.730557901016312,564000
2003-05-21,1.7784905433654785,1.7816031287151133,1.758570472059779,1.767907990642702,344800
2003-05-22,1.7847154140472412,1.7915629823878974,1.7747553794060935,1.777867845706585,309600
2003-05-23,1.7903188467025757,1.7903188467025757,1.7741337526062733,1.7803588070637801,225600
2003-05-27,1.8096160888671875,1.817708693851739,1.7903185303188998,1.7903185303188998,301600
2003-05-28,1.8083717823028564,1.8139743207062056,1.8021468451729707,1.8033917613591088,125600
2003-05-29,1.8052586317062378,1.808371099095282,1.764795961983564,1.808371099095282,464000
2003-05-30,1.8127281665802002,1.8208206505624092,1.7959205628483232,1.8083705473388743,265600
2003-06-02,1.8002780675888062,1.811483136769732,1.7803579973707089,1.8040130510714534,109600
2003-06-03,1.8114829063415527,1.8114829063415527,1.7865828217363258,1.7940527877514094,216800
2003-06-04,1.7959212064743042,1.8201987858545643,1.7803586312340296,1.8158412837845717,620800
2003-06-05,1.7928084135055542,1.7990334666306245,1.780358425988426,1.7990334666306245,441600
2003-06-06,1.7616826295852661,1.786582833081585,1.7511000787192217,1.7834702482780602,296000
2003-06-09,1.7728883028030396,1.776000888669424,1.7504782782301234,1.755458296883328,168800
2003-06-10,1.7623063325881958,1.7791139456399394,1.7517237746000294,1.7791139456399394,410400
2003-06-11,1.7865828275680542,1.7865828275680542,1.7604377089639813,1.7654177259012822,81600
2003-06-12,1.7741338014602661,1.789696378666058,1.7691537815037344,1.789696378666058,246400
2003-06-13,1.750478744506836,1.7803588643852608,1.7367836005127764,1.7803588643852608,242400
2003-06-16,1.783469557762146,1.785337107921191,1.7118817972596891,1.7554570177740145,1112000
2003-06-17,1.758570909500122,1.7784909857608933,1.7567033578257922,1.77724595131134,212800
2003-06-18,1.7616826295852661,1.7679076804593459,1.7523451126406315,1.759192680475416,196800
2003-06-19,1.7698066234588623,1.7716814615416903,1.7560581684402579,1.7591827793820376,175200
2003-06-20,1.7623082399368286,1.769182410697107,1.7560588962668622,1.7654328521736538,124000
2003-06-23,1.7623082399368286,1.7685574644104787,1.7498095525968957,1.7623082399368286,326400
2003-06-24,1.7529338598251343,1.7685571566834557,1.747309463420435,1.7685571566834557,445600
2003-06-25,1.7435603141784668,1.7529342706511255,1.7341863577058083,1.7529342706511255,122400
2003-06-26,1.7248122692108154,1.7466849121037031,1.7248122692108154,1.743560180721111,344800
2003-06-27,1.7316864728927612,1.7435602139804807,1.7266870217815609,1.7310616458006383,317600
2003-06-30,1.7248122692108154,1.7385607297052779,1.7185629256419455,1.7316864398598895,565600
2003-07-01,1.734185814857483,1.734185814857483,1.7185625192281362,1.7248118613191321,280000
2003-07-02,1.7404359579086304,1.752934528646261,1.7248126550893363,1.7341866129416446,228000
2003-07-03,1.7473094463348389,1.7529338426845416,1.7373105459789884,1.7373105459789884,48800
2003-07-07,1.7498091459274292,1.7610579380797975,1.737935407633675,1.7560584881449992,140800
2003-07-08,1.7498091459274292,1.7560584881449992,1.7416850844819902,1.75293375743807,973600
2003-07-09,1.7560588121414185,1.7591834242285562,1.734186169942521,1.7466848566836939,1327200
2003-07-10,1.7423104047775269,1.749809641401343,1.7310617286362862,1.746685029005941,96800
2003-07-11,1.7560588121414185,1.7560588121414185,1.7329362774291415,1.7329362774291415,86400
2003-07-14,1.7716809511184692,1.7729308428135928,1.7516831607814238,1.7654316118390845,124000
2003-07-15,1.7654328346252441,1.7685574468310106,1.7529341474095481,1.7685574468310106,125600
2003-07-16,1.7610582113265991,1.7735567785047353,1.7560587606160833,1.7560587606160833,161600
2003-07-17,1.7466843128204346,1.7573081574836031,1.74355958250993,1.7529335350488966,386400
2003-07-18,1.7310618162155151,1.7466851173755962,1.7191880739588816,1.7466851173755962,627200
2003-07-21,1.72793710231781,1.7354363393985117,1.72793710231781,1.7310618340999064,285600
2003-07-22,1.7029401063919067,1.737311326915773,1.6873168026635406,1.718563410120273,594400
2003-07-23,1.7310618162155151,1.7310618162155151,1.6966904821455397,1.7029398264488378,157600
2003-07-24,1.7310618162155151,1.7498097299290811,1.724812471912217,1.724812471912217,96000
2003-07-25,1.7323107719421387,1.7435595625385603,1.727936268753813,1.7341856101069664,68800
2003-07-28,1.7435603141784668,1.7548091096241867,1.737935916455607,1.7435603141784668,78400
2003-07-29,1.734185814857483,1.7529337219341845,1.731061203410128,1.7529337219341845,57600
2003-07-30,1.734185814857483,1.7385603185622942,1.7260617535765885,1.734185814857483,341600
2003-07-31,1.747934341430664,1.7529337914625016,1.7323110451816355,1.7385603875205051,278400
2003-08-01,1.7373106479644775,1.7485594413242218,1.7248120813841075,1.7485594413242218,305600
2003-08-04,1.7091892957687378,1.7310619428319656,1.6979404990392872,1.7310619428319656,261600
2003-08-05,1.6998145580291748,1.7085635651602282,1.6966898274850255,1.7085635651602282,252000
2003-08-06,1.701064944267273,1.7060643957438812,1.699815170795365,1.7016898906013898,193600
2003-08-07,1.706063985824585,1.7123133284678849,1.6998147623775817,1.7010645355492042,1541600
2003-08-08,1.7023144960403442,1.711688450782273,1.7010646036224066,1.7010646036224066,839200
2003-08-11,1.7173131704330444,1.7173131704330444,1.7023148161860342,1.709189106581202,109600
2003-08-12,1.714188814163208,1.7166884806464282,1.7060646299009732,1.7166884806464282,208000
2003-08-13,1.7285621166229248,1.73418651485546,1.715438600211232,1.7248125575333462,584000
2003-08-14,1.734185814857483,1.7391852646910224,1.7173126269706798,1.7248118613191321,364800
2003-08-15,1.7385607957839966,1.7385607957839966,1.734186290878417,1.734186290878417,136800
2003-08-18,1.7529338598251343,1.7654325449903097,1.731061339580521,1.731061339580521,159200
2003-08-19,1.7660574913024902,1.7660574913024902,1.7435599056819822,1.7591832025414915,539200
2003-08-20,1.6498197317123413,1.781055417925017,1.5592047030198815,1.7573080647990411,9197600
2003-08-21,1.5935769081115723,1.656695066618768,1.5810782180164737,1.656070120194379,3906400
2003-08-22,1.5773289203643799,1.5935771725052519,1.5623305612796587,1.5935771725052519,1509600
2003-08-25,1.5610798597335815,1.571703706816002,1.5473314008253967,1.571703706816002,205600
2003-08-26,1.5485806465148926,1.5567047053868857,1.5373318579257862,1.5529551489226006,296000
2003-08-27,1.5442073345184326,1.5554561326473917,1.5404577748742303,1.543582507241359,221600
2003-08-28,1.5423321723937988,1.5542059135941833,1.5373327212351608,1.5404573335106904,343200
2003-08-29,1.53608238697052,1.5467062325274488,1.5323328294787462,1.5373322791998725,131200
2003-09-02,1.53608238697052,1.5373322791998725,1.5235837030695625,1.53608238697052,863200
2003-09-03,1.5735784769058228,1.5735784769058228,1.5310830904266552,1.5310830904266552,853600
2003-09-04,1.5648295879364014,1.5748284891401358,1.5623298030373154,1.5654544149648681,240000
2003-09-05,1.5735784769058228,1.5735784769058228,1.551080891311841,1.5592050724191324,996800
2003-09-08,1.572328805923462,1.5810778152434513,1.556705506882731,1.5735786984538354,389600
2003-09-09,1.5623297691345215,1.5717037239100682,1.5598299842896812,1.5673292196278998,169600
2003-09-10,1.5635803937911987,1.569829739633604,1.5592058874604224,1.5592058874604224,925600
2003-09-11,1.59670090675354,1.5998256376733377,1.5654543127333431,1.5654543127333431,764800
2003-09-12,1.5892020463943481,1.5960763363266117,1.5842025953153334,1.5935765511889464,124800
2003-09-15,1.5792030096054077,1.6023254241759897,1.5779531171431316,1.5979509197543287,480800
2003-09-16,1.5735784769058228,1.5923263854366105,1.5735784769058228,1.5842023235256146,669600
2003-09-17,1.5623297691345215,1.5798279054594968,1.5592051572747732,1.5748284549661185,804000
2003-09-18,1.5698286294937134,1.574828078792892,1.5560800545237663,1.559204784833424,538400
2003-09-19,1.5585806369781494,1.5717041534109284,1.5573307442141702,1.5685795406973146,664000
2003-09-22,1.5654547214508057,1.5685794531864254,1.5560807646366022,1.55733065733085,345600
2003-09-23,1.5673294067382812,1.5742036966859538,1.56232995564806,1.56232995564806,226400
2003-09-24,1.559205412864685,1.5685793691768406,1.5573305739237253,1.5654546376085745,247200
2003-09-25,1.557949423789978,1.5617155855362304,1.5529278348869338,1.5598325645251658,4267200
2003-09-26,1.5322140455245972,1.5541835458842514,1.5190324171432916,1.5541835458842514,524000
2003-09-29,1.552927851676941,1.5566940134639122,1.5315860686772282,1.5315860686772282,113600
2003-09-30,1.5554386377334595,1.5554386377334595,1.5347245692282832,1.5472784812084426,755200
2003-10-01,1.5723878145217896,1.5761540991960734,1.550418419209592,1.550418419209592,258400
2003-10-02,1.577408790588379,1.5805473599224225,1.5692487497682226,1.5755257687121311,340000
2003-10-03,1.5811750888824463,1.5887074159076942,1.5742703560058193,1.5818028027552469,317600
2003-10-06,1.5974942445755005,1.600004978698828,1.5849402147865608,1.5849402147865608,269600
2003-10-07,1.6018893718719482,1.601889371871948,1.5849414543196736,1.597495493926735,208000
2003-10-08,1.5956119298934937,1.6037719696721235,1.5849410349681083,1.5974950712535605,228800
2003-10-09,1.6006335020065308,1.606282806297428,1.5937287701567318,1.6006335020065308,482400
2003-10-10,1.574898362159729,1.5974955868775893,1.5692490559802639,1.5974955868775893,158400
2003-10-13,1.569249153137207,1.605655728701022,1.5673660110527272,1.5786646241111886,197600
2003-10-14,1.5648547410964966,1.5723870674177043,1.5629715996541105,1.569248618071229,357600
2003-10-15,1.557949423789978,1.5661095805850018,1.556693996633186,1.5661095805850018,120000
2003-10-16,1.525309443473816,1.5535559634257645,1.5177771179693997,1.5535559634257645,468800
2003-10-17,1.5497894287109375,1.5604603203845517,1.5196597747521796,1.5253090773866889,533600
2003-10-20,1.5623444318771362,1.5623444318771362,1.5315871625802187,1.5441412038020752,1020800
2003-10-21,1.575525164604187,1.584940629547763,1.559832683123516,1.5648542724083654,184800
2003-10-22,1.5403740406036377,1.5755251656202525,1.5391186133505825,1.5755251656202525,272800
2003-10-23,1.5278204679489136,1.5366082219203323,1.523426590963204,1.5340974863817134,220800
2003-10-24,1.5441410541534424,1.5535565242952407,1.531587014148246,1.531587014148246,196000
2003-10-27,1.5648547410964966,1.5686209042571004,1.556694581236992,1.556694581236992,152800
2003-10-28,1.5548112392425537,1.5648544187514775,1.5391187562943427,1.5648544187514775,120800
2003-10-29,1.5378633737564087,1.5535558571620864,1.53535251894391,1.5535558571620864,104000
2003-10-30,1.5441410541534424,1.5554396662132797,1.5397471760688832,1.5441410541534424,68000
2003-10-31,1.5642272233963013,1.5692488148147412,1.5504178769266377,1.5504178769266377,540800
2003-11-03,1.6113044023513794,1.6320184782478666,1.5836855945813424,1.5849410221445626,755200
2003-11-04,1.6257418394088745,1.6382958785213593,1.610049350380364,1.610049350380364,392000
2003-11-05,1.6433173418045044,1.6433173418045042,1.62448628460733,1.6263694262443018,150400
2003-11-06,1.639551043510437,1.644572634405488,1.6320185973057753,1.6382956158556317,160000
2003-11-07,1.6326465606689453,1.6477113356566173,1.6320188467456018,1.6477113356566173,90400
2003-11-10,1.6043988466262817,1.6351560877865032,1.6006326855946893,1.632017640214193,336000
2003-11-11,1.5956119298934937,1.607538252392257,1.58807948417739,1.6069105386055682,49600
2003-11-12,1.5974942445755005,1.6012604056225421,1.592472656604745,1.600632692160685,67200
2003-11-13,1.5880796909332275,1.6006337288531196,1.5880796909332278,1.5943567098931737,32000
2003-11-14,1.5818026065826416,1.6382955311625578,1.5818026065826416,1.5956119508991031,420000
2003-11-17,1.556694507598877,1.5849410292776487,1.556694507598877,1.5755255619594457,424800
2003-11-18,1.5535556077957153,1.567992661477804,1.5535556077957153,1.5629710723829848,289600
2003-11-19,1.5818026065826416,1.5849410558332395,1.5535560844306011,1.5535560844306011,81600
2003-11-20,1.6069095134735107,1.6194634220260016,1.5818015766444422,1.5818015766444422,516800
2003-11-21,1.6207195520401,1.6207195520401,1.6069102107231636,1.6100486592920598,235200
2003-11-24,1.6514766216278076,1.6602644921592202,1.6257409630715025,1.6257409630715025,783200
2003-11-25,1.6659140586853027,1.6759572382631673,1.6508491695943612,1.6634032039287643,521600
2003-11-26,1.6696808338165283,1.6759578532871993,1.6602653644726157,1.6721915697702836,205600
2003-11-28,1.667169451713562,1.6728187554809244,1.6665417379922827,1.6728187554809244,58400
2003-12-01,1.6947884559631348,1.694788455963135,1.6652866259415129,1.6728189520335948,212000
2003-12-02,1.6721911430358887,1.699809949824154,1.6721911430358884,1.6947883594739381,154400
2003-12-03,1.6822341680526733,1.6853727365586955,1.6759572704889223,1.6759572704889223,139200
2003-12-04,1.6947884559631348,1.694788455963135,1.6665419338074168,1.675957521008766,204800
2003-12-05,1.684117317199707,1.6979266595197187,1.6677971200628856,1.6885111934049768,192000
2003-12-08,1.6998094320297241,1.6998094320297241,1.687883113684387,1.68851082725247,241600
2003-12-09,1.674074649810791,1.6979271792509463,1.6728192220181028,1.6979271792509463,116000
2003-12-10,1.667169451713562,1.679095772969566,1.6659141439951541,1.6696803065986787,204800
2003-12-11,1.684117317199707,1.685372744608112,1.6665416926544807,1.6665416926544807,150400
2003-12-12,1.697926640510559,1.7010652089964333,1.6822341572536255,1.6822341572536255,252800
2003-12-15,1.6602647304534912,1.6979265934468917,1.6602647304534912,1.6979265934468917,95200
2003-12-16,1.6816065311431885,1.6822341251042234,1.6464552831180523,1.6571261763178002,96800
2003-12-17,1.7211518287658691,1.7224072563501258,1.6728189442894654,1.675957513250107,125600
2003-12-18,1.7261724472045898,1.7368433362126368,1.7023199351581837,1.7167569850737479,67200
2003-12-19,1.7230340242385864,1.7268001851996617,1.71299084852632,1.7268001851996617,108800
2003-12-22,1.716130018234253,1.7205238944919203,1.7060868382955423,1.716757731945941,52800
2003-12-23,1.707342505455017,1.7148748316046258,1.6947884689067823,1.7098532409301648,188800
2003-12-24,1.7104812860488892,1.7136197359317806,1.7004381027546107,1.7010658166760269,16000
2003-12-26,1.718640923500061,1.7224072061430464,1.7042038658744332,1.7104808838885812,65600
2003-12-29,1.7230340242385864,1.7368433609119283,1.7136184422497507,1.7136184422497507,1025600
2003-12-30,1.7349616289138794,1.7387279126563109,1.7230354229020992,1.7293123230244274,815200
2003-12-31,1.7330706119537354,1.744414366100748,1.7330706119537354,1.742523700342066,271200
2004-01-02,1.7412630319595337,1.74567458482757,1.720466192106033,1.7393724866471858,175200
2004-01-05,1.7475647926330566,1.7488252360662093,1.7381117072894154,1.7437835825361006,360800
2004-01-06,1.7393728494644165,1.7481957166358089,1.7381124055249177,1.7481957166358089,36800
2004-01-07,1.7204667329788208,1.7456751336252643,1.7110136428376859,1.7425240234431776,161600
2004-01-08,1.71542489528656,1.7261384283663412,1.7028208165002319,1.7236176606900957,372000
2004-01-09,1.7141640186309814,1.7179452290269621,1.7078619211693398,1.711012909798905,66400
2004-01-12,1.7267684936523438,1.726768493652344,1.709122760912115,1.7173154053697157,92000
2004-01-13,1.7362217903137207,1.739372900254481,1.7147947235267647,1.7267687008965469,100000
2004-01-14,1.7456748485565186,1.7488258380214858,1.7299196608265952,1.73622163975653,215200
2004-01-15,1.7481952905654907,1.7481952905654907,1.7141641539109427,1.7456745235034046,164000
2004-01-16,1.7406330108642578,1.7488256547360699,1.7280288139202828,1.7488256547360699,35200
2004-01-20,1.742523193359375,1.742523193359375,1.7280284540343065,1.7406326483532824,228800
2004-01-21,1.7393728494644165,1.742523839110614,1.7267686504745277,1.742523839110614,508000
2004-01-22,1.7381118535995483,1.7425232857844248,1.7318097561057915,1.7362211882906677,258400
2004-01-23,1.7475647926330566,1.748195014349633,1.733700275475883,1.7362210421396864,170400
2004-01-26,1.7393728494644165,1.742523839110614,1.7330707499694722,1.742523839110614,68800
2004-01-27,1.7614295482635498,1.7639503150966098,1.736221158717892,1.7393722675123542,2312000
2004-01-28,1.7488259077072144,1.7614301064744118,1.7393728187330906,1.7582789966813386,945600
2004-01-29,1.746935248374939,1.7614301130722745,1.7412633709287098,1.7551280136650698,344000
2004-01-30,1.7582786083221436,1.7614297174192166,1.7362213254527172,1.7400026563692048,302400
2004-02-02,1.7362217903137207,1.7576488571006768,1.733070800575514,1.7576488571006768,311200
2004-02-03,1.7330706119537354,1.7393727109468025,1.729919622558472,1.7362216013489988,351200
2004-02-04,1.7179454565048218,1.7330704202939935,1.7173152346549572,1.7330704202939935,384800
2004-02-05,1.7204667329788208,1.7236178431609075,1.7047115426760748,1.7236178431609075,103200
2004-02-06,1.7299193143844604,1.7330703032183954,1.7147942314145195,1.7204661074776177,73600
2004-02-09,1.7204667329788208,1.7299199433225185,1.7173157429992967,1.7299199433225185,170400
2004-02-10,1.7267684936523438,1.7299196032149127,1.7204663947297454,1.723617504292314,152800
2004-02-11,1.7444137334823608,1.7456741768643775,1.726137665050607,1.7267678867416154,466400
2004-02-12,1.7330706119537354,1.7412632565029444,1.7267685129606682,1.7412632565029444,320800
2004-02-13,1.7286592721939087,1.736221695232483,1.720466506999148,1.736221695232483,218400
2004-02-17,1.7393728494644165,1.742523839110614,1.7330707499694722,1.7362217396156694,175200
2004-02-18,1.719205617904663,1.7362211242468928,1.719205617904663,1.7330701357175002,72000
2004-02-19,1.717315435409546,1.725508080010455,1.714164445994398,1.7192061011801594,72800
2004-02-20,1.7248773574829102,1.728028345763975,1.7141638290437928,1.7141638290437928,124800
2004-02-23,1.7261382341384888,1.7267684560372742,1.7173153679605675,1.7204663572519576,237600
2004-02-24,1.7305501699447632,1.7437845932587244,1.7173158668333732,1.7192065330789597,212000
2004-02-25,1.7860076427459717,1.786007642745972,1.7305493285322753,1.7305493285322753,108800
2004-02-26,1.8149970769882202,1.8395752447945726,1.783486710233546,1.783486710233546,233600
2004-02-27,1.8433561325073242,1.8433561325073242,1.8137364362151454,1.8149967593108314,173600
2004-03-01,1.8496589660644531,1.852809955363377,1.837054768463684,1.8433568672640686,153600
2004-03-02,1.8433561325073242,1.852809216838659,1.8250800652912536,1.852809216838659,880000
2004-03-03,1.8351644277572632,1.8446175169114725,1.8307528739629189,1.8439872949408518,128800
2004-03-04,1.860371708869934,1.8603717088699343,1.8307518931324156,1.8370539892597058,180800
2004-03-05,1.8465077877044678,1.864783861523792,1.8402058093416283,1.8559609956537912,331200
2004-03-08,1.8622633218765259,1.8647842098545746,1.846508132621386,1.8528102323639528,421600
2004-03-09,1.8622633218765259,1.868565421619093,1.853440454358465,1.8578518881174955,91200
2004-03-10,1.8276013135910034,1.8717158761379984,1.8212992160553596,1.862262669733276,324800
2004-03-11,1.8565911054611206,1.867934858887976,1.824450631021741,1.824450631021741,965600
2004-03-12,1.884320616722107,1.8862112827115112,1.8528102381140366,1.8528102381140366,526400
2004-03-15,1.9757004976272583,1.9851535859005627,1.8906224627624408,1.8906224627624408,6294400
2004-03-16,1.9763309955596924,1.999648608543618,1.9630965739666746,1.9914559629498876,1165600
2004-03-17,1.9536421298980713,1.9820014992195163,1.9504911422856765,1.9820014992195163,222400
2004-03-18,1.9365553855895996,1.9555411741830595,1.9302267491555463,1.9555411741830595,214400
2004-03-19,1.9061790704727173,1.9397206558751932,1.9049133183835167,1.9397206558751932,360800
2004-03-22,1.9049125909805298,1.9061783425863952,1.8606122504449782,1.9061783425863952,970400
2004-03-23,1.90871000289917,1.9112415064793569,1.8985842299958904,1.9017484887623899,714400
2004-03-24,1.9049125909805298,1.916304114015884,1.89858395365992,1.9112412283011397,400000
2004-03-25,1.9099749326705933,1.9112406839159302,1.8985834128799244,1.9080763058025874,527200
2004-03-26,1.9175702333450317,1.9232659963134997,1.904913076188574,1.9061788281168441,1052800
2004-03-29,1.9871851205825806,1.9871851205825806,1.9175703302243723,1.9175703302243723,1966400
2004-03-30,1.9909818172454834,2.0049048446751923,1.9897161862408321,1.995411948242308,322400
2004-03-31,2.01629638671875,2.0238906556495153,1.980856062679417,1.993513338508997,611200
2004-04-01,2.0264225006103516,2.0314852669449337,2.009335211573329,2.009335211573329,679200
2004-04-02,2.027054786682129,2.0276877832133717,2.020726269874345,2.025156279923282,1367200
2004-04-05,2.041611909866333,2.041611909866333,2.0238918580280485,2.025157610504726,1328000
2004-04-06,2.0226240158081055,2.0441413028451003,2.018826883010011,2.0441413028451003,168000
2004-04-07,2.028320789337158,2.0441423247320154,2.015030757545672,2.0441423247320154,330400
2004-04-08,2.0295867919921875,2.0441425773844286,2.0207267697027795,2.0283210400340574,571200
2004-04-12,2.0542681217193604,2.0542681217193604,2.0295865648419285,2.0295865648419285,143200
2004-04-13,2.0776844024658203,2.085278672803439,2.056799857265493,2.057432612536336,992000
2004-04-14,2.0441417694091797,2.0694563157308496,2.0283202383124874,2.0694563157308496,368000
2004-04-15,2.0846457481384277,2.0852787448486416,2.0422441424194804,2.044142649715102,488000
2004-04-16,2.095404624938965,2.1036318926633424,2.084645853081314,2.088443109281224,842400
2004-04-19,2.109327793121338,2.1105933038525673,2.096037516268054,2.1011005248631216,648000
2004-04-20,2.1042635440826416,2.116287820281423,2.1010992862847933,2.110592059678338,151200
2004-04-21,2.1067941188812256,2.1067941188812256,2.0833780903732375,2.1004653646558413,255200
2004-04-22,2.1264138221740723,2.128945325255612,2.104263773754155,2.106795276835695,348800
2004-04-23,2.1308434009552,2.1308434009552,2.1137563621537327,2.130210646021483,147200
2004-04-26,2.154892921447754,2.1681829523076694,2.132742870014561,2.132742870014561,430400
2004-04-27,2.154892921447754,2.1688159488728775,2.146032900874477,2.1485644043004,382400
2004-04-28,2.158057928085327,2.158057928085327,2.151729408744271,2.154893668414799,384800
2004-04-29,2.151728868484497,2.1643861454061364,2.132743073810776,2.1643861454061364,436000
2004-04-30,2.1257808208465576,2.1580566364361475,2.120085060281643,2.1517281208828614,276000
2004-05-03,2.1245148181915283,2.134007831816137,2.110591795920066,2.125780569435967,276000
2004-05-04,2.139070749282837,2.148563763590469,2.1257807223860583,2.126413477345122,128800
2004-05-05,2.1542606353759766,2.159323401912753,2.13337608969082,2.1422361121933085,117600
2004-05-06,2.158689022064209,2.158689022064209,2.1390702431321134,2.1542590141468527,557600
2004-05-07,2.1270463466644287,2.1523606476103505,2.118819084183755,2.1523606476103505,221600
2004-05-10,2.019460439682007,2.130211169432641,1.9935131355114126,2.130211169432641,408000
2004-05-11,2.039079427719116,2.0447751897514164,2.016296379589915,2.016296379589915,414400
2004-05-12,2.1010990142822266,2.1086932802974085,2.041609913147438,2.0473056730131654,351200
2004-05-13,2.0827457904815674,2.1093260811981067,2.0631270102245343,2.0947700640096794,104000
2004-05-14,2.1321096420288086,2.1453999128636436,2.0795822794382532,2.0795822794382532,205600
2004-05-17,2.107426881790161,2.12577990698921,2.090339607441111,2.12577990698921,256800
2004-05-18,2.122617244720459,2.124515751712647,2.104264205737741,2.116921482326425,232800
2004-05-19,2.1042635440826416,2.1238823286971327,2.085277755878157,2.088442013676005,460800
2004-05-20,2.0776844024658203,2.114390243612227,2.0751528985474472,2.1137574883413843,146400
2004-05-21,2.1042635440826416,2.115655065288811,2.0821134980803087,2.0840120044755386,337600
2004-05-24,2.165018081665039,2.165018081665039,2.1042634651234517,2.1042634651234517,391200
2004-05-25,2.2213432788848877,2.227672037340634,2.1713474148804695,2.1713474148804695,821600
2004-05-26,2.2017247676849365,2.242860611950132,2.1966617608364762,2.240329349943356,441600
2004-05-27,2.196028232574463,2.2099510136712865,2.177042446411617,2.2080525074802124,380800
2004-05-28,2.199193239212036,2.221343290378126,2.1833717051169854,2.1966617358166394,598400
2004-06-01,2.2783007621765137,2.2846292788378073,2.206787365100202,2.206787365100202,796000
2004-06-02,2.2719719409942627,2.297286245663902,2.2624789258572706,2.2877934719443136,560000
2004-06-03,2.23653244972229,2.279567049093545,2.2086866318892695,2.279567049093545,410400
2004-06-04,2.2156472206115723,2.242860274787552,2.211217210993847,2.242860274787552,523200
2004-06-07,2.2371644973754883,2.249821771084388,2.2245074650840038,2.2245074650840038,521600
2004-06-08,2.2213432788848877,2.2441263264906732,2.2200777686111883,2.2308362958597816,291200
2004-06-09,2.2086868286132812,2.230836885519519,2.192865290418107,2.230836885519519,280800
2004-06-10,2.214381217956543,2.2270382475247543,2.205520959274485,2.215013972868008,708000
2004-06-14,2.202357530593872,2.2150148063421757,2.202357530593872,2.2150148063421757,548800
2004-06-15,2.2099521160125732,2.2245081421293627,2.2074208536343183,2.211850864568127,668000
2004-06-16,2.234633207321167,2.241594478425901,2.211850163218654,2.2131159147151727,459200
2004-06-17,2.251784563064575,2.252419656593503,2.2359045594355016,2.2378100823319103,484800
2004-06-18,2.2505133152008057,2.2676637419598675,2.2505133152008057,2.2581356463238764,648000
2004-06-21,2.286719799041748,2.303870226611707,2.261311704350798,2.263217468953826,563200
2004-06-22,2.301964521408081,2.318479612028254,2.289895568349561,2.2962477126723426,713600
2004-06-23,2.3121273517608643,2.3222905387930433,2.289895213540197,2.317844159610808,717600
2004-06-24,2.324831962585449,2.350240060159654,2.3057760105595833,2.308951962178965,649600
2004-06-25,2.413759231567383,2.4137592315673833,2.322290547918352,2.3280073557907603,1091200
2004-06-28,2.345794200897217,2.382000590487862,2.340712483328887,2.382000590487862,1355200
2004-06-29,2.3362655639648438,2.3661200420342725,2.3343600414700543,2.345793661057939,344000
2004-06-30,2.375647783279419,2.3756477832794185,2.3343596918066423,2.3362652140160036,656800
2004-07-01,2.375647783279419,2.388351587754545,2.3343596918066423,2.3756477832794185,312800
2004-07-02,2.3819994926452637,2.401055440124522,2.3629435451660057,2.381999492645264,501600
2004-07-06,2.369931697845459,2.402962132645456,2.3565923113790057,2.3947044633680536,1006400
2004-07-07,2.416935920715332,2.418206349776279,2.363579111703399,2.363579111703399,1591200
2004-07-08,2.413759231567383,2.4423432709294217,2.413124138385779,2.4264632759848994,1212000
2004-07-09,2.4340872764587402,2.4378985650928953,2.4074089829486325,2.416936841069531,1185600
2004-07-12,2.4359920024871826,2.442979241541858,2.423288195816406,2.4372624316161766,635200
2004-07-13,2.4328150749206543,2.4391672180175257,2.4232872237395715,2.4359910253143484,789600
2004-07-14,2.4328150749206543,2.4391672180175257,2.426463174133266,2.4328150749206543,515200
2004-07-15,2.412489414215088,2.445519841146683,2.412489414215088,2.43599174484177,236800
2004-07-16,2.441073179244995,2.474103602366565,2.4086778493927032,2.4086778493927032,527200
2004-07-19,2.483633041381836,2.496337095666308,2.446156214512969,2.447426644172384,954400
2004-07-20,2.505863666534424,2.5141213331225236,2.4899836689547503,2.4899836689547503,914400
2004-07-21,2.50459361076355,2.515391894417787,2.49061913327259,2.5090399913634793,942400
2004-07-22,2.4969706535339355,2.5128506495038065,2.463304897307343,2.510944885216956,852800
2004-07-23,2.479820966720581,2.489348821751967,2.4741041567779165,2.4868082057960126,789600
2004-07-26,2.455047369003296,2.4868073595864715,2.455047369003296,2.4804552160841373,1172000
2004-07-27,2.451237440109253,2.455048728320897,2.4366278654290654,2.451872533656377,606400
2004-07-28,2.4645755290985107,2.4772795753828927,2.444249151967311,2.457588291526624,383200
2004-07-29,2.5122151374816895,2.5122151374816895,2.4709272962463142,2.4709272962463142,256000
2004-07-30,2.503321647644043,2.5249184440274726,2.502686554651628,2.515390352975299,402400
2004-08-02,2.510310173034668,2.5153916465154,2.5001469837636594,2.5001469837636594,174400
2004-08-03,2.554774045944214,2.587804469441315,2.5249195734486647,2.5261900023111914,1194400
2004-08-04,2.452507495880127,2.556680268031632,2.4423443045070434,2.556680268031632,1308800
2004-08-05,2.3953402042388916,2.480457051682721,2.3902587279861063,2.4683883335613888,2168000
2004-08-06,2.4048678874969482,2.4232887506203826,2.385811930818405,2.385811930818405,1447200
2004-08-09,2.4328150749206543,2.445519118804914,2.4150295588683806,2.4175704161071288,482400
2004-08-10,2.400421380996704,2.4518724371252754,2.400421380996704,2.43916862820588,452000
2004-08-11,2.429004192352295,2.429004192352295,2.3915273936802,2.3978792948885554,1290400
2004-08-12,2.4118549823760986,2.426464556356951,2.4074086008301707,2.4194773161248864,556000
2004-08-13,2.439167022705078,2.4423429728444632,2.405501272761099,2.410582986831686,664800
2004-08-16,2.5007824897766113,2.5045937772482803,2.4391682506635988,2.4391682506635988,582400
2004-08-17,2.4772799015045166,2.502687997418131,2.472833521066068,2.502687997418131,640800
2004-08-18,2.4931604862213135,2.4931604862213135,2.477280483124362,2.477280483124362,953600
2004-08-19,2.556044340133667,2.5566794333767033,2.5357177217137425,2.540799436896103,1621600
2004-08-20,2.582087993621826,2.5979679929865127,2.5535039463034788,2.5535039463034788,973600
2004-08-23,2.5509629249572754,2.585263779543608,2.550962924957275,2.5770061125558885,670400
2004-08-24,2.5458812713623047,2.5566795531664845,2.540799555941848,2.5535036021834627,1093600
2004-08-25,2.5795462131500244,2.5801813062813026,2.540798989786268,2.540798989786268,488000
2004-08-26,2.5706539154052734,2.585898576378311,2.568748151051506,2.5827226255347213,674400
2004-08-27,2.5795462131500244,2.5827221634253625,2.5712885485865664,2.5738294057306264,644800
2004-08-30,2.5922515392303467,2.6202002547158623,2.577006631132142,2.579547489533442,685600
2004-08-31,2.601778030395508,2.662757146191621,2.521742971201792,2.572558901031887,893200
2004-09-01,2.6614880561828613,2.6614880561828613,2.572559960620308,2.572559960620308,924400
2004-09-02,2.629727602005005,2.6614875960277247,2.6055899387010713,2.6614875960277247,459200
2004-09-03,2.6246461868286133,2.636079805369196,2.6182942842214243,2.629727902762007,467200
2004-09-07,2.6309986114501953,2.6589475700100844,2.6144835160090247,2.6424322322593135,684800
2004-09-08,2.6780035495758057,2.705952266093827,2.6551363077385144,2.667840357904743,1127600
2004-09-09,2.6564066410064697,2.7021411230286025,2.6564066410064697,2.6780034528158554,1103600
2004-09-10,2.6919772624969482,2.6983291646166703,2.660217267279272,2.669110027170696,725600
2004-09-13,2.736442804336548,2.738983421191441,2.693249167777704,2.6970602142148765,784800
2004-09-14,2.772012710571289,2.7821759006931712,2.742793569259572,2.7821759006931712,462400
2004-09-15,2.7821760177612305,2.7948800665255344,2.7631200657695625,2.7948800665255344,603600
2004-09-16,2.8178768157958984,2.8178768157958984,2.7809000356004883,2.7987510040249135,712000
2004-09-17,2.8127777576446533,2.83190357817373,2.8000271295592682,2.8178781061580085,737600
2004-09-20,2.861229658126831,2.9135070064032966,2.8306283013209463,2.8306283013209463,1396000
2004-09-21,2.949208974838257,2.9836355983635063,2.8905564250082816,2.893106599313413,1623600
2004-09-22,2.926257848739624,2.9517588596963065,2.9007565945849585,2.9517588596963065,1489600
2004-09-23,2.9402830600738525,2.958134033685401,2.9262575904051618,2.9262575904051618,1430800
2004-09-24,3.0346367359161377,3.034636735916138,2.9428326839757655,2.9657837577603376,1974800
2004-09-27,3.0410120487213135,3.060137861717466,3.0346366155906574,3.060137861717466,1384800
2004-09-28,3.1493921279907227,3.1621425084555117,3.0575878321775645,3.0575878321775645,1654000
2004-09-29,3.135366678237915,3.1863689339298777,3.1060404116147784,3.174893395999444,865200
2004-09-30,3.251397132873535,3.251397132873535,3.1748936222839785,3.1748936222839785,1907200
2004-10-01,3.3087728023529053,3.3151479896693004,3.264145761544719,3.3151479896693004,1954000
2004-10-04,3.348301887512207,3.396753977998044,3.3342761735724737,3.3789032462187327,1442800
2004-10-05,3.387829303741455,3.4031301078174017,3.2195216748961903,3.334276854272686,2260000
2004-10-06,3.494932174682617,3.5000325208143765,3.3954776138943106,3.3980277869601903,1750000
2004-10-07,3.4222540855407715,3.506407854595225,3.398027926813611,3.494932318524354,1985200
2004-10-08,3.408230781555176,3.4299067824086826,3.371254217274529,3.3967552373857854,1059200
2004-10-11,3.418429374694824,3.4375551901514148,3.3789026569914786,3.4235297218554823,811200
2004-10-12,3.406954288482666,3.442655993746866,3.398028922966109,3.4069542884826665,870800
2004-10-13,3.1264426708221436,3.4069553204742853,2.9963866799626184,3.4069553204742853,3686000
2004-10-14,3.171067714691162,3.262871755709788,3.071613154522569,3.079263430474649,3248000
2004-10-15,3.146843671798706,3.171069845657877,3.0920161303691325,3.171069845657877,1372400
2004-10-18,3.0920143127441406,3.136641372083122,3.0537626865666754,3.104764935869265,1497600
2004-10-19,2.951758623123169,3.060138579797248,2.902031449024812,3.060138579797248,1972000
2004-10-20,3.0626883506774902,3.0626883506774907,2.914781691570478,2.9326324197805866,938800
2004-10-21,3.1544923782348633,3.1621426555090917,3.043562506565793,3.0626883213503295,900800
2004-10-22,3.1634180545806885,3.1876442187385288,3.1289916818487575,3.1557677765511434,931200
2004-10-25,3.192744255065918,3.2220705206527325,3.160867815985138,3.187643908077987,879200
2004-10-26,3.135366678237915,3.187644020721919,3.1034902380306955,3.187644020721919,1087200
2004-10-27,3.09456467628479,3.187643817384928,3.051212700912521,3.0601380646895313,994000
2004-10-28,3.0652379989624023,3.1022145358042397,3.047387030613135,3.047387030613135,1223200
2004-10-29,3.130267381668091,3.1532184652319337,3.042288552270721,3.0601392869545894,902000
2004-11-01,3.0397374629974365,3.1710684887554024,3.0371872893249448,3.139192047443095,943600
2004-11-02,3.0473875999450684,3.072888849095244,2.9976604316199555,3.0371871489245854,859200
2004-11-03,3.139193296432495,3.149393751982966,3.0728902137554117,3.0728902137554117,668400
2004-11-04,3.1838200092315674,3.1901954456926043,3.135367908117858,3.143018188673068,784800
2004-11-05,3.1748948097229004,3.1748948097229004,2.907132544112959,3.060139622518082,3456400
2004-11-08,3.1583170890808105,3.181268160109081,3.1366411045760976,3.162142105453597,957600
2004-11-09,3.2679738998413086,3.3100508086565,3.143018260717169,3.159594152697782,1103200
2004-11-10,3.298574686050415,3.3483018631875137,3.2220711682408933,3.2768986933910167,799200
2004-11-11,3.341925859451294,3.3470262065963556,3.273072875378525,3.3023991418688166,589200
2004-11-12,3.3789026737213135,3.378902673721314,3.308774602300613,3.335550695432828,510800
2004-11-15,3.293473482131958,3.372527153403583,3.264147218272289,3.372527153403583,708800
2004-11-16,3.2973005771636963,3.3164264014900975,3.2781745096392445,3.2934753150191955,1455200
2004-11-17,3.389104127883911,3.409505036269225,3.246297525988703,3.2973000401499992,936400
2004-11-18,3.3559515476226807,3.378902623220376,3.3342755588024064,3.378902623220376,779200
2004-11-19,3.4005777835845947,3.4260790265244627,3.3432001085688294,3.3636010056415735,668000
2004-11-22,3.449031352996826,3.461781980010826,3.406954454089216,3.4286304470536204,838000
2004-11-23,3.494932174682617,3.529358781478326,3.4426548428215287,3.461780654419848,844800
2004-11-24,3.4936575889587402,3.5089583863494687,3.474531774618772,3.494932675674461,498800
2004-11-26,3.562512159347534,3.589288260907509,3.493658909853856,3.493658909853856,197600
2004-11-29,3.5841891765594482,3.616065635993244,3.5421122598347603,3.5943896338503394,530800
2004-11-30,3.5918383598327637,3.6071391626869804,3.582912992833642,3.584188080004661,792400
2004-12-01,3.566338300704956,3.5892893910963126,3.5637883687044334,3.5854643714964816,1410000
2004-12-02,3.4044041633605957,3.5663363067669804,3.3151500268957586,3.5663363067669804,1224800
2004-12-03,3.4936575889587402,3.5421099113644448,3.391653083680294,3.3980282740609757,632800
2004-12-06,3.4426558017730713,3.4987584088603563,3.432455349866106,3.4987584088603563,557200
2004-12-07,3.4146039485931396,3.49238228789502,3.4146039485931396,3.4171538786701534,571200
2004-12-08,3.457956314086914,3.4911075976332295,3.3534013867252246,3.4107790759360337,510000
2004-12-09,3.406954288482666,3.4872830645276234,3.387828470490333,3.4515813592634235,743200
2004-12-10,3.3993053436279297,3.4082307126463167,3.362328780094889,3.4082307126463167,809200
2004-12-13,3.511507034301758,3.5127818772657338,3.401852056365622,3.405677071653187,293200
2004-12-14,3.5765366554260254,3.5765366554260254,3.5025833205347268,3.528084571130878,479200
2004-12-15,3.624990224838257,3.6683422197853073,3.5854634917505463,3.5854634917505463,758800
2004-12-16,3.582911252975464,3.6581396571486677,3.5701606306549745,3.624988136394553,385200
2004-12-17,3.563786268234253,3.6198886303489113,3.563786268234253,3.5956627098349245,222000
2004-12-20,3.582911252975464,3.6084122544185493,3.551034818773187,3.565060284447622,220000
2004-12-21,3.59566330909729,3.5982132400198803,3.563786862184009,3.5765372463909295,286000
2004-12-22,3.563786268234253,3.6211637171966924,3.538285017674536,3.5956627098349245,332400
2004-12-23,3.5804097652435303,3.6059842182679795,3.5548353122190814,3.5573928063007383,192400
2004-12-27,3.469160556793213,3.580409089384771,3.456373576590792,3.580409089384771,403600
2004-12-28,3.5394906997680664,3.5804096279209374,3.4742760665634087,3.478112307538759,769200
2004-12-29,3.6008684635162354,3.6059834505906196,3.5088008912413793,3.5573920489679955,435200
2004-12-30,3.5676231384277344,3.5868038594722074,3.5561146570218303,3.5804103670894163,292400
2004-12-31,3.563786745071411,3.598311941561648,3.550999517828769,3.5625079979575394,172800
2005-01-03,3.466604232788086,3.6008695119348704,3.4550957524159522,3.5701803122412072,667200
2005-01-04,3.4141767024993896,3.4845060855670864,3.3770937683718647,3.4691613642980244,690800
2005-01-05,3.35024094581604,3.458931770585396,3.3464047043704084,3.407783104124038,582000
2005-01-06,3.403947591781616,3.418013324628404,3.3400116886173166,3.35024142336776,1179600
2005-01-07,3.331058979034424,3.4052245840357367,3.327222982640429,3.4039460811684092,745200
2005-01-10,3.4128975868225098,3.50624391976472,3.3822083914947716,3.3822083914947716,665200
2005-01-11,3.465325117111206,3.478112343264336,3.388602004088483,3.414176456394742,612400
2005-01-12,3.4576525688171387,3.4972927468295634,3.4397503562502125,3.484505521823482,778000
2005-01-13,3.520310878753662,3.542049095355191,3.4602109743220826,3.4704407089642073,330800
2005-01-14,3.4410297870635986,3.521589149886296,3.42312781483459,3.521589149886296,486400
2005-01-18,3.4998488426208496,3.516472057761512,3.4589296901670408,3.4589296901670408,430800
2005-01-19,3.4231271743774414,3.4883418031623217,3.40394645859272,3.4742758311020436,562800
2005-01-20,3.3221094608306885,3.42184955729785,3.2671245452358213,3.42184955729785,1296800
2005-01-21,3.345125436782837,3.3937168452832718,3.331059464233336,3.3323382111829307,435200
2005-01-24,3.288861036300659,3.3719778616922187,3.283746293571202,3.350239656326055,433200
2005-01-25,3.2453858852386475,3.296534795762178,3.232598901503846,3.2735178348058054,714000
2005-01-26,3.4244043827056885,3.4244043827056885,3.273515730240006,3.273515730240006,974800
2005-01-27,3.6162147521972656,3.673756918411846,3.4781132118277127,3.4845067045528504,1557600
2005-01-28,3.6916587352752686,3.7018884688598086,3.5931973970890136,3.612378117073016,1033600
2005-01-31,3.8694002628326416,3.893695970395763,3.669920345520054,3.6916585588352517,1285200
2005-02-01,3.90008807182312,3.9384494962826566,3.868120136808176,3.868120136808176,993200
2005-02-02,4.0509772300720215,4.089338658944,3.9064820106024687,3.9128757446784763,1378400
2005-02-03,4.168619632720947,4.171177126733202,4.053535328922162,4.053535328922162,1013600
2005-02-04,4.210817337036133,4.251736263556771,4.175013398278594,4.175013398278594,740800
2005-02-07,4.222323417663574,4.28498027490516,4.219765925234476,4.219765925234476,994000
2005-02-08,4.231279373168945,4.25557484812866,4.187802926330461,4.22232838303682,1022000
2005-02-09,4.242783069610596,4.302882925052263,4.175011224311237,4.232553099411237,906400
2005-02-10,4.235111236572266,4.263243171110537,4.21720927379042,4.245341208328693,881600
2005-02-11,4.538170337677002,4.579089274122081,4.233835321048545,4.254294789271085,1763200
2005-02-14,4.301607131958008,4.481906344494677,4.277311666365191,4.481906344494677,1519600
2005-02-15,4.249178409576416,4.295212319958988,4.245342412975216,4.295212319958988,1209200
2005-02-16,4.274754047393799,4.309279489783482,4.194194681817872,4.264524069889222,1325600
2005-02-17,4.302886486053467,4.40134734785191,4.232556602208534,4.232556602208534,1172400
2005-02-18,4.3885579109191895,4.41157486226742,4.296490105526269,4.302884082516745,1317200
2005-02-22,4.40262508392334,4.456330993229491,4.3796081262801065,4.405182577860598,1442800
2005-02-23,4.417970180511475,4.466561596562645,4.394953219634193,4.410298185413821,1446800
2005-02-24,4.538170337677002,4.545842333390329,4.4128555460477195,4.4179705350514045,899200
2005-02-25,4.660924434661865,4.695449858656921,4.552233176649597,4.557348162676698,1198000
2005-02-28,4.820765495300293,4.934571284733412,4.667319284285907,4.788797554996965,2475600
2005-03-01,4.745321273803711,4.848897091192725,4.731255301617036,4.827159125298463,918800
2005-03-02,4.8143720626831055,4.946079822222932,4.731255221778283,4.737648712357408,1650800
2005-03-03,4.874472618103027,4.9038830719913,4.8194877080273315,4.839947175418834,1556400
2005-03-04,4.9409661293029785,4.987000054002056,4.852734765491208,4.90644068577867,1168400
2005-03-07,4.972931861877441,5.0752291557291604,4.897487516200804,4.972931861877441,2130000
2005-03-08,5.0087361335754395,5.038147064863924,4.974211190882363,4.993391660401627,884400
2005-03-09,4.82460355758667,5.035592249035431,4.82460355758667,5.021526271233212,1430400
2005-03-10,4.632794380187988,4.824602043949637,4.589317956890329,4.824602043949637,1063600
2005-03-11,4.767059803009033,4.820766204268855,4.653253996839003,4.658368985109868,559600
2005-03-14,4.746598243713379,4.84633851982541,4.685219874917006,4.7990256308806085,1138000
2005-03-15,4.77473258972168,4.830996000910621,4.763224109274833,4.772175095423251,974400
2005-03-16,4.724860191345215,4.797747033335624,4.686498772580563,4.761943107527537,1049200
2005-03-17,4.859127521514893,4.911554930524816,4.756830197567739,4.756830197567739,811200
2005-03-18,4.607217788696289,4.788795879750273,4.36170432719398,4.788795879750273,2976400
2005-03-21,4.653253555297852,4.672434515597474,4.5624647171694175,4.607219640812425,1252000
2005-03-22,4.694171905517578,4.787518226075125,4.662203967472171,4.666040451736195,1095600
2005-03-23,4.6787943840026855,4.774907666646481,4.583962885554305,4.674950009131313,1525200
2005-03-24,4.70314359664917,4.771063496193126,4.664698379715939,4.735181358903105,672400
2005-03-28,4.6775126457214355,4.7249283904555295,4.64034872929267,4.704424244987485,1090000
2005-03-29,4.510918140411377,4.694174225002228,4.448123895743204,4.694174225002228,1142800
2005-03-30,4.631379127502441,4.651883277093552,4.487850080364663,4.542955074051553,1161200
2005-03-31,4.776186466217041,4.776186466217041,4.671102715301613,4.682636321565849,1094000
2005-04-01,4.936378002166748,4.958163443797528,4.79541156820188,4.808226965211818,1229200
2005-04-04,5.049156665802002,5.08119446066405,4.933820408755446,4.968421285869413,1482800
2005-04-05,4.956882953643799,5.050433167152842,4.94022317925363,5.049151871672439,926400
2005-04-06,5.029929161071777,5.128605537034685,4.94406818456623,4.954320015274615,1677600
2005-04-07,4.977387428283691,5.091441798927692,4.933816046243088,5.068374567914577,1014000
2005-04-08,4.786441802978516,4.973542718495251,4.786441802978516,4.969697854346439,1085200
2005-04-11,4.727492332458496,4.832576158265974,4.654446270344943,4.799257099121582,1584400
2005-04-12,4.587807655334473,4.7082699594859285,4.555769891695464,4.7082699594859285,1766800
2005-04-13,4.422491073608398,4.587805991352297,4.4083948733601614,4.587805991352297,2290000
2005-04-14,4.462218761444092,4.568584349468945,4.454529523765799,4.454529523765799,954400
2005-04-15,4.2289838790893555,4.440433268586772,4.198227417598735,4.440433268586772,1982800
2005-04-18,4.373795032501221,4.416084620532548,4.158501251094253,4.228984223718072,1061200
2005-04-19,4.498100280761719,4.598058401547015,4.3968613538237395,4.40583188546562,975200
2005-04-20,4.38404655456543,4.5532058725716125,4.318689745322876,4.499382675413907,1822800
2005-04-21,4.453247547149658,4.4647811574735465,4.331503991254682,4.384045885206329,1343600
2005-04-22,4.303313255310059,4.458375935929355,4.24692647046119,4.453249775696268,1432000
2005-04-25,4.701862812042236,4.730056205254165,4.405834138747228,4.5173254382145345,1987200
2005-04-26,4.553206920623779,4.722366277566878,4.553206920623779,4.682639762575045,1278000
2005-04-27,4.480159759521484,4.5749917340256765,4.434025311863087,4.566021201298474,1168400
2005-04-28,4.3366312980651855,4.480160328795395,4.319971525658911,4.480160328795395,1650000
2005-04-29,4.39173698425293,4.459656891155635,4.33150582825543,4.368669753822291,1899200
2005-05-02,4.457093238830566,4.513480012133967,4.33278705620455,4.414803647710463,1904800
2005-05-03,4.3802032470703125,4.464782926675016,4.341758027042265,4.457093687126408,1950400
2005-05-04,4.405832290649414,4.459655485450564,4.303311570415781,4.35713476521693,970800
2005-05-05,4.557050704956055,4.569865612137986,4.425054814466775,4.425054814466775,1110400
2005-05-06,4.709550380706787,4.844108865241218,4.414803107712942,4.491693530630506,1996800
2005-05-09,4.769784450531006,4.795414281336831,4.715960730351861,4.723649972908221,934400
2005-05-10,4.750557899475098,4.85051553079623,4.696734709950583,4.773625120373406,990400
2005-05-11,4.774906635284424,4.805663094184429,4.6903269843810715,4.701860595361407,848000
2005-05-12,4.485286235809326,4.755684998528159,4.446841022988155,4.754403214414924,1259600
2005-05-13,4.490412712097168,4.569866222727309,4.453248791903697,4.491694007443608,690400
2005-05-16,4.495537757873535,4.503226505762928,4.376357277014765,4.4660625947731365,1062000
2005-05-17,4.535266399383545,4.580119568288926,4.468627782699944,4.478880103200905,940400
2005-05-18,4.613437652587891,4.690328084588045,4.555769584159053,4.555769584159053,1586400
2005-05-19,4.658291816711426,4.687766996914878,4.57371211884928,4.594216273214116,762400
2005-05-20,4.704423904418945,4.764655041246108,4.694172076855781,4.727491127507759,1024000
2005-05-23,4.686483383178711,4.740307072915345,4.651882544531748,4.692890837256131,1253600
2005-05-24,4.804383277893066,4.836421041715391,4.6557280733117805,4.690328428045309,1268400
2005-05-25,4.805664539337158,4.868458771081786,4.694173258904629,4.772345480295043,1010400
2005-05-26,4.887679576873779,4.906902424442498,4.790285021706996,4.8056630064475785,786800
2005-05-27,4.978667736053467,4.985075679174923,4.887680614474912,4.887680614474912,778000
2005-05-31,4.899213790893555,4.972259838477278,4.896650711644973,4.946629534848849,845200
2005-06-01,4.983793258666992,5.045305691691031,4.933814437388546,4.933814437388546,1497600
2005-06-02,4.997891902923584,5.031210967179085,4.956883598213328,4.983795206518643,1557600
2005-06-03,4.959446430206299,5.033773795452896,4.959446430206299,4.987639332747925,1062800
2005-06-06,4.995325565338135,5.01711148799131,4.908182852439903,4.959443444329652,1254800
2005-06-07,4.924842834472656,5.05299383096925,4.912027930365899,4.995325784774331,895600
2005-06-08,4.9491963386535645,5.042746601770532,4.910751098707348,4.915877261062244,842000
2005-06-09,5.177302360534668,5.215747575869555,4.914592329888498,4.962008568030379,1492800
2005-06-10,5.305452823638916,5.351586783677811,5.202931608821688,5.209339551390801,1450000
2005-06-13,5.409255504608154,5.411818584176962,5.286230618450013,5.331083288760551,1524000
2005-06-14,5.606606960296631,5.661711936386418,5.355431085801101,5.433603283921838,2285200
2005-06-15,5.675810813903809,5.741167642275788,5.609172201115357,5.651461798566046,1752400
2005-06-16,5.773425579071045,5.799113888325545,5.6822325466831325,5.6886545015058205,1396800
2005-06-17,5.786272048950195,5.889024841469155,5.742602050884143,5.876180926140771,2311200
2005-06-20,5.863335132598877,5.901867356204889,5.760581883031103,5.799114596600921,883200
2005-06-21,5.743882179260254,5.892873732695419,5.727184710609779,5.872323190496209,810000
2005-06-22,5.8453497886657715,5.8774600391835135,5.72718430194298,5.754156794786634,896400
2005-06-23,5.733607769012451,5.895443748762454,5.727185815204774,5.853057971697183,962800
2005-06-24,5.677093505859375,5.790121747097217,5.677093505859375,5.727185428122841,729200
2005-06-27,5.796543598175049,5.809387504695659,5.689937312192203,5.689937312192203,998000
2005-06-28,5.838930130004883,5.907004221016251,5.74388402551917,5.796544837454155,1612400
2005-06-29,5.901867389678955,5.922417941716306,5.811958540779113,5.840215733566899,1048800
2005-06-30,5.994341850280762,6.068837873112064,5.921130511960941,5.921130511960941,1294000
2005-07-01,6.075260162353516,6.145902625527611,6.013608531403563,6.013608531403563,1043600
2005-07-05,6.029024124145508,6.1433370970162375,5.990491898104195,6.075262991380619,2183600
2005-07-06,6.041865348815918,6.099663902464482,5.950672347483506,6.029020953580915,1858400
2005-07-07,6.151042461395264,6.162602176725304,5.973793656322561,6.016179442520635,1498800
2005-07-08,6.171592712402344,6.249941835840061,6.088106319039141,6.1844371121254325,1127600
2005-07-11,6.256361484527588,6.271774758513723,6.099663785377113,6.16516848494569,1304800
2005-07-12,6.280767440795898,6.344987964771464,6.228106630734482,6.279482755936707,1374400
2005-07-13,6.130490779876709,6.305170672655864,6.100949399474893,6.28076705144489,1018400
2005-07-14,5.933971405029297,6.08810062788005,5.877457079004822,6.079109801460391,1300000
2005-07-15,5.97507905960083,5.982785700735195,5.880032445465673,5.933977953478555,943200
2005-07-18,5.918562889099121,5.977645645223158,5.8569107636194815,5.9763609605453585,943200
2005-07-19,6.040581226348877,6.04957205886813,5.905718248596459,5.924984598259787,768400
2005-07-20,6.089391708374023,6.107373381549438,5.989207820703087,6.034162003641623,777200
2005-07-21,6.043149471282959,6.1523246246422785,6.023883613605601,6.090672508176729,772800
2005-07-22,6.242232799530029,6.242232799530029,6.062415682114717,6.062415682114717,604400
2005-07-25,6.048289775848389,6.239667178453311,6.021317269765615,6.2358136133245,928800
2005-07-26,5.959664344787598,6.0482884844065685,5.913425492825118,6.0482884844065685,911200
2005-07-27,5.968655586242676,5.985352569509887,5.850489568709278,5.976361735454094,1071600
2005-07-28,6.011039733886719,6.043149989398896,5.953241175972078,5.994342263830575,782400
2005-07-29,6.013608455657959,6.075260085831365,5.996910986039035,6.043149831159991,464400
2005-08-01,6.100949287414551,6.129206472481478,6.01874710172568,6.01874710172568,393200
2005-08-02,6.171592712402344,6.195996826894338,6.049573609833624,6.10095022879848,633200
2005-08-03,6.058564186096191,6.2229690657891625,6.058564186096191,6.2101246666142345,604000
2005-08-04,6.036729335784912,6.15874843099033,5.973793005849075,6.017462982344791,715200
2005-08-05,6.059850692749023,6.059850692749024,5.951960157063491,6.004620984602628,1067600
2005-08-08,6.154892921447754,6.2293889419150235,6.100947932803373,6.100947932803373,970400
2005-08-09,6.195996284484863,6.2229687865965,6.1343441511386825,6.174161051848985,1116800
2005-08-10,6.567191123962402,6.585172792842763,6.229391020114787,6.229391020114787,1888000
2005-08-11,6.666090488433838,6.79324684969046,6.599301085667612,6.599301085667612,1418000
2005-08-12,6.786825180053711,6.818935442924903,6.599301362477243,6.678934677207956,828000
2005-08-15,6.704621315002441,6.829208770725646,6.704621315002441,6.77526377772534,842000
2005-08-16,6.472142696380615,6.704621110956482,6.454161032594428,6.704621110956482,956400
2005-08-17,6.240951061248779,6.585173137729737,6.190859126754658,6.434896844283617,1552800
2005-08-18,6.293609619140625,6.333426509444526,6.095810342090661,6.215260523038784,1347600
2005-08-19,6.511961936950684,6.537650247325915,6.344988654457337,6.344988654457337,1147600
2005-08-22,6.447739124298096,6.621134300534019,6.40792223280852,6.556913792303885,956400
2005-08-23,6.4348955154418945,6.582602898416207,6.410491895717608,6.4798501706775635,1116800
2005-08-24,6.425900936126709,6.514525510229176,6.407919280501098,6.445167275704645,1674000
2005-08-25,6.432325839996338,6.4451697446595055,6.377096168010317,6.400215588374863,648000
2005-08-26,6.410494804382324,6.441320881672609,6.333430346102426,6.43233004453875,953600
2005-08-29,6.545353889465332,6.6198499120123095,6.501683925549693,6.538931936823181,1321200
2005-08-30,6.91398286819458,6.95251509028177,6.595448591032212,6.601871036349899,1757200
2005-08-31,7.2363667488098145,7.337835267467402,6.94609027273569,6.94609027273569,2499200
2005-09-01,7.348109722137451,7.560037574748502,7.1926962248699065,7.449578232900975,3186000
2005-09-02,7.205542087554932,7.322423413375668,7.082238807780818,7.321139218570464,1563200
2005-09-06,7.264627933502197,7.3339857469295655,7.211967108326755,7.263343248274293,1212800
2005-09-07,7.512516975402832,7.558755340265782,7.290313535267656,7.290313535267656,1875600
2005-09-08,7.507380485534668,7.597289330683616,7.431600236190184,7.544628512662113,1240000
2005-09-09,7.805360317230225,7.8053603172302255,7.533065510403548,7.597286016067812,1938000
2005-09-12,7.629397392272949,7.806645661231054,7.580589663591726,7.805361466512654,1780800
2005-09-13,7.552337169647217,7.635824087128817,7.5369243736378575,7.622979682151059,1210000
2005-09-14,7.581874847412109,7.701325060315905,7.471415468600967,7.558755419755651,976800
2005-09-15,7.46884822845459,7.6049954456502045,7.385361339070883,7.601142370435623,997200
2005-09-16,7.46884822845459,7.539490717183381,7.417471605762496,7.494536049836851,1299600
2005-09-19,7.707746505737305,7.720590903567072,7.526644661028852,7.552332966724708,1895200
2005-09-20,7.420041084289551,7.655088000646561,7.366095577115987,7.635822133056151,1156000
2005-09-21,7.700039863586426,7.729581241756368,7.5150844663991005,7.548479408652877,1976400
2005-09-22,7.8428449630737305,8.052553720601068,7.618984502335963,7.847991304667786,2954800
2005-09-23,7.597115993499756,7.842848264047351,7.552086712554786,7.842848264047351,858800
2005-09-26,7.774659156799316,7.836413795512887,7.496763037197123,7.558517675910695,1429600
2005-09-27,7.873729705810547,7.9367707301185435,7.698757858226354,7.748933507593051,1158000
2005-09-28,8.195365905761719,8.231389334678843,7.877586258212369,7.912323346432058,1722000
2005-09-29,8.325308799743652,8.34074783445618,8.183787750356055,8.298291225170424,1858400
2005-09-30,8.2313871383667,8.345891061182769,8.111737363351502,8.325305689257137,1420000
2005-10-03,8.293143272399902,8.420512093998106,8.25326033408116,8.272558878339005,1200000
2005-10-04,8.150336265563965,8.294430965214634,8.042265486217172,8.294430965214634,1314000
2005-10-05,7.683313846588135,8.163199254237737,7.670447990013065,8.163199254237737,2387200
2005-10-06,7.205997943878174,7.639567549135557,7.096640910484702,7.577812937136441,2761200
2005-10-07,7.532786846160889,7.609980516660829,7.254890712082095,7.254890712082095,1447200
2005-10-10,7.238164901733398,7.528926875219716,7.2175800223453415,7.526353703948429,1154000
2005-10-11,7.319219589233398,7.468460118285528,7.27676348145269,7.289628849681429,1628400
2005-10-12,7.1043620109558105,7.393837095549934,6.960267393261375,7.332082469730377,1679600
2005-10-13,6.7209696769714355,7.076058965476626,6.533132102347923,7.076058965476626,2107600
2005-10-14,6.952550411224365,6.988573830823966,6.509974726853128,6.664361582080716,1826000
2005-10-17,7.077352046966553,7.119808676775309,6.902380652687776,7.056767148181832,1316800
2005-10-18,6.719685077667236,7.101792545756977,6.719685077667235,7.077347656202546,1076000
2005-10-19,6.715823650360107,6.746700725187349,6.490676309050598,6.693951939140411,1932800
2005-10-20,6.517695903778076,6.804597974951359,6.399332928742961,6.717112084367835,1732000
2005-10-21,6.600033760070801,6.709391340690135,6.479097643833638,6.5048288681430275,1163600
2005-10-24,6.890796661376953,6.904948370354219,6.521554599442425,6.574303395321308,1131600
2005-10-25,7.069629669189453,7.1262379913477005,6.897231039454711,6.908810070212361,842400
2005-10-26,7.045181751251221,7.397698376803073,6.9744212562382515,7.01173150496987,1108400
2005-10-27,6.780152320861816,7.15325338210107,6.753134754270672,7.101791420610648,1184000
2005-10-28,7.049044609069824,7.122378305160956,6.81231814548965,6.81231814548965,1197600
2005-10-31,7.410566329956055,7.436297561884308,7.265185777508917,7.269045290524304,1754800
2005-11-01,7.332085609436035,7.462027598219416,7.303781209771748,7.397699774096835,908000
2005-11-02,7.521203517913818,7.544361556738921,7.320501169138917,7.333366528138646,1059200
2005-11-03,7.680741310119629,7.730916927954022,7.566237876439649,7.566237876439649,1050400
2005-11-04,7.514777660369873,7.682029933108806,7.415712735637924,7.680743592353881,1088800
2005-11-07,7.324367046356201,7.5469412878710935,7.172553322421723,7.518636884525963,2646800
2005-11-08,7.485182762145996,7.60997884977719,7.294772535205075,7.346234480150585,834800
2005-11-09,7.410566329956055,7.517350770684455,7.21243697290809,7.462028793812561,2314000
2005-11-10,7.135241985321045,7.347523996818429,6.9898614591943735,7.346237165524656,1416800
2005-11-11,7.262615203857422,7.328229402508425,7.197000514423815,7.199573687615584,1051200
2005-11-14,7.391268730163574,7.4298653350462835,7.284484282846203,7.344952607991339,1262800
2005-11-15,7.374545097351074,7.590686724707033,7.332088969182533,7.371971924313197,1507600
2005-11-16,7.6961798667907715,7.6961798667907715,7.374540786798572,7.375827617956621,1266400
2005-11-17,7.742495536804199,7.815829203649939,7.65500967271064,7.7450687081931,1122800
2005-11-18,7.716764450073242,7.815829341776462,7.631851755867949,7.815829341776462,1068000
2005-11-21,7.873729705810547,7.90717997512748,7.682032478176589,7.74507399326718,1114400
2005-11-22,8.046125411987305,8.092441529941846,7.873726801146744,7.93162194858992,1112800
2005-11-23,7.970217227935791,8.024252362731657,7.902029403020867,8.013960166439158,984800
2005-11-25,8.118167877197266,8.173489822507529,7.995945454136224,7.995945454136224,354400
2005-11-28,7.748929500579834,8.119457898521624,7.698753877159222,8.119457898521624,1284000
2005-11-29,7.6961798667907715,7.925186734694885,7.6318520507923315,7.822262327253839,1661600
2005-11-30,7.824835777282715,7.890450426774506,7.706472827208406,7.706472827208406,1422400
2005-12-01,8.182499885559082,8.182499885559082,7.8608607313974455,7.8608607313974455,1013600
2005-12-02,8.100157737731934,8.230100189095957,8.0628474900506,8.182497256213328,787600
2005-12-05,8.015246391296387,8.18893180231091,7.977936137361898,8.152907888851049,1430800
2005-12-06,7.87115478515625,8.008816327752204,7.867295271687247,8.008816327752204,1135200
2005-12-07,7.938050746917725,8.038401959495205,7.847991727300465,7.925184892239731,1179200
2005-12-08,8.156768798828125,8.164487824098869,7.944486769799873,7.970217999194568,884800
2005-12-09,8.012674331665039,8.131037793834283,7.94320064839912,8.131037793834283,577200
2005-12-12,8.095012664794922,8.161913656749713,8.056416070800859,8.066708757616514,733200
2005-12-13,8.084721565246582,8.30472311333671,8.065423020241038,8.127177677163438,1084000
2005-12-14,8.09630298614502,8.1297532511508,8.015249760269914,8.052560029886672,684800
2005-12-15,8.057703971862793,8.097586911612897,7.93033465491105,8.097586911612897,1502000
2005-12-16,7.621560096740723,8.065421648556946,7.6189869251254425,8.057702624493409,2413600
2005-12-19,7.60998010635376,7.680740599076811,7.56623717599696,7.622845472018954,1314800
2005-12-20,7.597115993499756,7.6820287024119525,7.584250624881865,7.590683309190811,1187200
2005-12-21,7.6460862159729,7.758206334558728,7.616444796070618,7.616444796070618,681200
2005-12-22,7.6602654457092285,7.693772939417041,7.607427159429966,7.661554460182979,567600
2005-12-23,7.693770885467529,7.7234118194560475,7.610002665175963,7.65897487819018,719600
2005-12-27,7.4566426277160645,7.69377058188232,7.3625647561738585,7.69377058188232,1411600
2005-12-28,7.661550045013428,7.6924794919498325,7.448908007963188,7.448908007963188,933600
2005-12-29,7.582940578460693,7.729856751281359,7.5417009682519085,7.635778859766633,1027600
2005-12-30,7.5868048667907715,7.62933348142167,7.4708186745166065,7.539121670798552,659600
2006-01-03,7.932190418243408,7.9515217046942155,7.617738201066868,7.619026724076572,1217200
2006-01-04,8.02497386932373,8.045593663528628,7.831663114297314,7.933473563265414,1000400
2006-01-05,7.925745487213135,8.026266979978077,7.783984382461807,8.026266979978077,1182000
2006-01-06,8.093279838562012,8.093279838562012,7.93992009317245,7.977293637620153,787600
2006-01-09,8.183492660522461,8.200246405196179,8.08683723539818,8.119055710439607,873600
2006-01-10,8.330408096313477,8.340718243396253,8.156428543018027,8.189935537807308,1262000
2006-01-11,8.23762321472168,8.34587785144863,8.170609188732827,8.330412622421845,1176400
2006-01-12,8.130654335021973,8.349740062384543,8.09328078619823,8.286592126965719,892000
2006-01-13,8.263394355773926,8.272415488935794,8.086836768771885,8.130653911964487,678400
2006-01-17,8.561091423034668,8.566246495942414,8.363914554654142,8.363914554654142,1152800
2006-01-18,8.344584465026855,8.562381656044863,8.21571057367509,8.561092641827013,1263200
2006-01-19,8.7299165725708,8.731205586707103,8.40257679125872,8.44123934951019,1122000
2006-01-20,8.851059913635254,8.914207852343846,8.718319947618673,8.840749765168171,1079600
2006-01-23,8.857498168945312,8.912913951423318,8.70284899347614,8.857498168945312,1116000
2006-01-24,8.925806045532227,8.981221858485414,8.768579739793893,8.856214025784288,980800
2006-01-25,8.621665000915527,9.010863786663478,8.590735537011767,8.963181067984747,1062400
2006-01-26,8.995402336120605,9.034063932183159,8.572694943266269,8.640998964447562,1690800
2006-01-27,9.066278457641602,9.2595893031488,9.027616878478046,9.124272301231645,1243200
2006-01-30,9.452899932861328,9.465787125621652,9.098496724188594,9.13715928569935,1387200
2006-01-31,9.485119819641113,9.498007014321605,9.330471517015361,9.420682863008729,940000
2006-02-01,9.241546630859375,9.561154314033258,9.184841804031002,9.517336679694125,1377200
2006-02-02,8.976066589355469,9.242835500965384,8.83172747932909,9.241546486767628,1412800
2006-02-03,8.880702018737793,9.01473002606341,8.762137268826748,8.995399725257757,747600
2006-02-06,9.06498908996582,9.161644508951277,8.885854458771153,8.885854458771153,1027600
2006-02-07,8.5958833694458,9.009569195382971,8.544334628216653,9.008280181883478,1170400
2006-02-08,8.540471076965332,8.751825131917167,8.477323154899814,8.628105349379151,1206800
2006-02-09,8.312365531921387,8.674500831934377,8.259526767442635,8.561092167787137,1874000
2006-02-10,8.23762321472168,8.416757938886612,8.06750962834814,8.312370346839066,2415200
2006-02-13,7.893526554107666,8.130654555152804,7.758209054360234,8.048175335939698,3206000
2006-02-14,7.313595294952393,7.532681067309212,7.1976085649943675,7.474687702330199,5498000
2006-02-15,7.3406548500061035,7.519789434365846,7.258175659361164,7.350964994644098,2832000
2006-02-16,7.603560924530029,7.65511068676605,7.35870029133138,7.35870029133138,2360800
2006-02-17,7.713100910186768,7.7169674605784815,7.557163645730418,7.661551657240308,2211600
2006-02-21,7.732434272766113,7.920590055415839,7.68732860282095,7.809758418847802,1580000
2006-02-22,7.545568466186523,7.732435762093454,7.532681269895711,7.732435762093454,1286800
2006-02-23,7.59067440032959,7.6525338255084225,7.389630899787128,7.500462554254831,1866400
2006-02-24,7.802026748657227,7.923168048927732,7.698927717404141,7.758209598922795,1581200
2006-02-27,7.723413467407227,7.8961045265115795,7.667997646765272,7.795583034005223,1997200
2006-02-28,7.693770885467529,7.731144429389296,7.541699664750895,7.69377088546753,1100400
2006-03-01,7.839399337768555,7.899969734653111,7.7118139642859544,7.745320960970077,1394000
2006-03-02,8.030132293701172,8.067505348317304,7.759496828693542,7.829088847548207,1832000
2006-03-03,8.003066062927246,8.13709498783839,7.97471414960681,8.013376207127212,1168800
2006-03-06,7.666706085205078,7.97084797936906,7.6563959405140505,7.97084797936906,1166800
2006-03-07,7.613870620727539,7.69763836485961,7.5391235190929855,7.6808846193872204,1226400
2006-03-08,7.7053704261779785,7.802025849010272,7.503038447044905,7.59067273640871,1854400
2006-03-09,7.772384166717529,7.9231663759088935,7.720834416168511,7.720834416168511,1477200
2006-03-10,7.802026748657227,7.912858391609903,7.631913224185896,7.751766001647282,943600
2006-03-13,8.014666557312012,8.080392512540584,7.852285682044966,7.854863218682835,1199200
2006-03-14,8.196382522583008,8.298193054850357,7.964409525078786,8.015959298575313,1695600
2006-03-15,8.508252143859863,8.544337652011633,8.138384780177676,8.197666640154097,2215200
2006-03-16,8.692540168762207,8.744089901728639,8.482476162218513,8.495363349652775,1342400
2006-03-17,8.615215301513672,8.751822229317504,8.590729942515718,8.711870673594744,1835200
2006-03-20,8.513408660888672,8.76342431631106,8.48505624843091,8.563669398162078,1395200
2006-03-21,8.636022567749023,8.754766021858245,8.423058143381791,8.513406209612706,1605600
2006-03-22,8.898035049438477,9.034848149158089,8.596012470683492,8.616664024833026,2135600
2006-03-23,9.19747543334961,9.277497741631713,8.970313267683713,8.970313267683713,2052400
2006-03-24,9.219422340393066,9.342037810790798,9.065829521597738,9.197480790485404,1694800
2006-03-27,9.36268424987793,9.473683892389658,9.09809187267014,9.099382840993387,1321200
2006-03-28,9.482718467712402,9.542090207755745,9.428509616114605,9.433671519839868,1407600
2006-03-29,9.613080024719238,9.698265234071064,9.45432438336661,9.486591702081173,1800800
2006-03-30,9.677614212036133,9.787322893618935,9.491754149774195,9.635021116981042,1415600
2006-03-31,9.566612243652344,9.618239150906744,9.422054343067675,9.587262809610078,1426000
2006-04-03,9.702136993408203,9.9305901575514,9.659543897080434,9.680195453380106,1731600
2006-04-04,9.84411334991455,9.869927796216047,9.615661162288843,9.680195800961924,1039600
2006-04-05,10.148717880249023,10.235195052613244,9.841533325697146,9.844114278210458,1419200
2006-04-06,10.15129566192627,10.233899894624676,9.95381988735914,10.209376424544793,1898000
2006-04-07,9.938329696655273,10.201631017174615,9.845399702975508,10.125479667184816,1480000
2006-04-10,10.319085121154785,10.362969173861094,10.08030722925792,10.08030722925792,1730400
2006-04-11,10.23519229888916,10.405563675825714,10.190017271935767,10.351353840425695,4027600
2006-04-12,10.392651557922363,10.401686362539827,10.06739760697379,10.24809468404293,2759200
2006-04-13,10.347488403320312,10.497209305348914,10.25714026224849,10.325546852591568,1942000
2006-04-17,10.519148826599121,10.54754423252071,10.390079515843302,10.43267262472569,1649600
2006-04-18,10.880536079406738,10.893442804984105,10.575932629124697,10.577222612378405,1285200
2006-04-19,10.726945877075195,10.959270930293536,10.63530682406137,10.823747818462794,3018800
2006-04-20,10.565610885620117,10.770830559336916,10.338448686858543,10.745017098334191,2726000
2006-04-21,10.67661190032959,10.835366576686043,10.52301912905483,10.565612231382872,2424800
2006-04-24,10.69080924987793,10.730820413630086,10.489460493087853,10.676611549568356,1453200
2006-04-25,10.3900785446167,10.906355739380261,10.333287738082115,10.761797770347048,2278400
2006-04-26,10.002872467041016,10.617242716222387,9.942209728072669,10.422347764045963,2418000
2006-04-27,9.937042236328125,9.975763408935762,9.628566777973667,9.680194679877077,2970400
2006-04-28,9.960272789001465,10.226156086992503,9.851855102521336,9.974470483857692,1464400
2006-05-01,9.80280590057373,9.961561458829921,9.712457849351447,9.960270491035345,2447200
2006-05-02,10.131939888000488,10.164207212484566,9.866057449362275,9.873801292127864,1441600
2006-05-03,9.912517547607422,10.131934851132439,9.7602158123672,10.067400234246245,1359200
2006-05-04,9.873804092407227,10.01190824097755,9.601467717747473,9.847990619387321,1838400
2006-05-05,9.925427436828613,10.039008044242115,9.819590670798636,9.957694755553856,1143600
2006-05-08,10.557868957519531,10.557868957519531,10.134520833426228,10.183567796828092,3329200
2006-05-09,10.433961868286133,10.615950056201196,10.325544127612105,10.454613429207257,1583200
2006-05-10,10.50495433807373,10.519152045378915,10.146141701933956,10.401698463985294,1900000
2006-05-11,10.275202751159668,10.597875866106975,10.202924288521935,10.530759306754623,1630000
2006-05-12,10.317801475524902,10.701137503063087,10.289406068341224,10.289406068341224,3410000
2006-05-15,9.903488159179688,10.245521028038672,9.742151528691245,10.035138416381173,2565600
2006-05-16,10.350065231323242,10.484297392298783,9.942205859352898,9.96414739924841,2229600
2006-05-17,10.192598342895508,10.519143372232907,10.144842368178743,10.350062977924653,2575200
2006-05-18,9.970600128173828,10.35393597997731,9.964146271419581,10.261005957149765,1763600
2006-05-19,10.049330711364746,10.067400325479023,9.547251466217825,9.970598399272493,2774800
2006-05-22,9.63889217376709,9.944786668042457,9.351067296734627,9.920263194046965,2836800
2006-05-23,10.027388572692871,10.23131720320871,9.873795877269375,9.873795877269375,2721200
2006-05-24,9.867345809936523,10.218414400119697,9.498207599792785,10.002868944361204,2434000
2006-05-25,10.480425834655762,10.504949314586815,9.842824218933117,9.951241948631514,2285600
2006-05-26,10.511402130126953,10.640471405851615,10.365553218337014,10.583680609422228,1436400
2006-05-30,10.293270111083984,10.681768732064047,10.293270111083983,10.674023909392828,1664800
2006-05-31,10.768247604370117,10.785026252429235,10.261005410715736,10.262296378941894,2410000
2006-06-01,10.97734546661377,10.990252200972067,10.43525376107885,10.76825282501478,3061600
2006-06-02,11.383912086486816,11.440702894696793,11.001867069257484,11.229029317376767,2600200
2006-06-05,11.130929946899414,11.654951682184397,11.097372656618157,11.613649568613566,3346600
2006-06-06,11.110283851623535,11.371003363779701,10.88054069092582,11.079306515444628,2144800
2006-06-07,10.560447692871094,11.187724427463724,10.532052295752191,11.110283061961505,2044600
2006-06-08,10.320377349853516,10.43653987447663,9.584683001774211,10.353935631349138,3169800
2006-06-09,10.40040397644043,10.54754289324137,10.196474255007345,10.49333402594009,1612400
2006-06-12,9.842827796936035,10.55270914189641,9.842827796936035,10.400407286679712,1654800
2006-06-13,9.545963287353516,9.840241071450299,9.440126523165716,9.706008909723266,2127400
2006-06-14,9.964146614074707,10.072565306008661,9.602753271975605,9.602753271975605,2567000
2006-06-15,10.511402130126953,10.557867148165466,10.20163567144368,10.209379512876625,2108600
2006-06-16,10.441707611083984,10.552707298961273,10.286823844763699,10.511405158220006,2683800
2006-06-19,10.21196174621582,10.676610955366005,10.11386881809641,10.666285176675446,1590000
2006-06-20,10.051589965820312,10.39819655039052,10.012790331010722,10.297318683944424,2287400
2006-06-21,10.550806999206543,10.65944439859614,10.103322545439275,10.103322545439275,1680400
2006-06-22,10.687895774841309,10.812053207495792,10.550805461294484,10.584430754271457,1526000
2006-06-23,10.830163955688477,11.031920731287194,10.76549853753724,10.827577773117456,1417400
2006-06-26,11.13537883758545,11.194870871979445,10.724106959196124,10.863784424320524,1263800
2006-06-27,11.179357528686523,11.497511259700161,11.125037828881501,11.25178247947195,1513400
2006-06-28,11.070716857910156,11.249194002682179,10.822401945819058,11.22332724930868,1347800
2006-06-29,11.523372650146484,11.590625210346875,11.148313179428285,11.148313179428285,1617400
2006-06-30,12.467494010925293,12.467494010925293,11.536311308337654,11.678576031267982,5560200
2006-07-03,12.389890670776367,12.493354715708053,12.273492756852011,12.46748895115405,2519000
2006-07-05,12.444205284118652,12.728732547692099,12.097598824588363,12.389886604353505,4287600
2006-07-06,12.726152420043945,12.902042407750244,12.44679738543424,12.472664140517997,3836200
2006-07-07,12.625273704528809,13.062411475931418,12.495942897836418,12.795990329894133,2179000
2006-07-10,12.702872276306152,12.860656021886708,12.407998188303827,12.635619702755863,1980000
2006-07-11,13.168464660644531,13.173638012089178,12.645968005325862,12.767539297485344,2100000
2006-07-12,13.010680198669434,13.292621423658023,12.917561851081887,13.217609311799627,2487200
2006-07-13,12.6563138961792,13.108971758026192,12.420931847487395,13.07534546915141,2186600
2006-07-14,12.909807205200195,12.9718864559997,12.314885409701555,12.772716800859733,2333000
2006-07-17,12.23469352722168,12.971879681936295,12.087256493621897,12.912386645409779,2157200
2006-07-18,12.537330627441406,12.63303516270059,12.198483507042807,12.330400515820823,1920400
2006-07-19,12.410584449768066,12.6045806654023,12.234694468655768,12.42869068429,1783800
2006-07-20,12.379544258117676,12.560607574352794,12.294185457016495,12.3847176084919,1602000
2006-07-21,11.906195640563965,12.451971889418752,11.823423990063477,12.418345598054207,1815000
2006-07-24,12.338157653808594,12.467488444756869,11.898432767241331,11.926885699124453,1726400
2006-07-25,12.677005767822266,12.845136218237723,12.418344143623589,12.545088773635888,1630800
2006-07-26,13.062410354614258,13.20467403242039,12.58129963714406,12.726150483422767,2222000
2006-07-27,12.495948791503906,13.243481048882193,12.415763298317767,13.127083070617221,1927400
2006-07-28,12.705460548400879,12.777886484654985,12.317468055790496,12.498531416351861,2015400
2006-07-31,13.08828067779541,13.344356176412054,12.808926575111443,12.89945776887106,2182000
2006-08-01,13.515067100524902,13.520240450356813,12.808921129276554,13.023609720365036,2431600
2006-08-02,13.69612979888916,14.340196530707106,13.657330170204228,13.928924610852116,3245200
2006-08-03,13.468507766723633,13.564212270602566,13.191739967902915,13.450401535901012,1867800
2006-08-04,13.613361358642578,13.753037883761873,13.264167579054895,13.559041668451753,1774800
2006-08-07,13.851325988769531,14.128093772001113,13.618531182712916,13.799593480740665,1892800
2006-08-08,13.804769515991211,13.91599408454205,13.64957294842599,13.838395800759438,2770800
2006-08-09,14.239319801330566,14.474701799987155,13.745276222316598,13.80476826739292,2841600
2006-08-10,14.200523376464844,14.296227899879472,13.965141341007818,13.980660406757567,3017200
2006-08-11,13.81252670288086,14.291050159695796,13.662502535273296,14.278117279971294,2396200
2006-08-14,13.191744804382324,13.742694422492873,13.114146502876205,13.670268485933349,2909800
2006-08-15,13.225367546081543,13.445229505772957,13.132249214588251,13.282272425659697,2541600
2006-08-16,13.08828067779541,13.419368300793456,13.002922836067201,13.230545391869105,2189800
2006-08-17,12.247631072998047,12.827033713860898,12.182965648142268,12.764954471844275,4416600
2006-08-18,12.268319129943848,12.387303222954209,12.01224372508484,12.268319129943848,3208800
2006-08-21,12.41575813293457,12.558021830864618,12.26056155095921,12.364025610037515,2207200
2006-08-22,12.73908519744873,12.770124316573256,12.415758161980488,12.415758161980488,2633200
2006-08-23,12.470074653625488,12.803748331811727,12.415755958120464,12.674417540581306,2429400
2006-08-24,12.783060073852539,12.78306007385254,12.47525302211975,12.568371387139022,1490400
2006-08-25,12.953775405883789,13.05465328761751,12.79599164759634,12.894282360368972,1682600
2006-08-28,12.723563194274902,12.935665618093982,12.622685332545787,12.933079436361597,1692400
2006-08-29,12.501116752624512,12.635619928698656,12.193308788786016,12.633033746615448,2529800
2006-08-30,11.580286026000977,12.56837377746379,11.528553481516365,12.565787594261856,6489200
2006-08-31,11.85188102722168,11.882920160210862,11.295757883119167,11.381116732234727,4466400
2006-09-01,12.014836311340332,12.048462609037836,11.836359104628727,11.87257257191932,2294800
2006-09-05,11.463882446289062,12.07173683351346,11.3681779271197,11.782036107351324,2714400
2006-09-06,11.078476905822754,11.463882140886913,11.034503920317,11.212980070778016,2603400
2006-09-07,11.32938003540039,11.445777974860798,11.008640143016036,11.078478906692279,1734400
2006-09-08,10.918105125427246,11.435428288764797,10.75514903941117,11.30868466630785,2913200
2006-09-11,10.522358894348145,10.703422296479665,10.15505873725664,10.372334622471234,3548000
2006-09-12,10.338709831237793,10.618063991068249,10.305083529512833,10.449934455875868,2323200
2006-09-13,10.662034034729004,10.804297751637126,10.424064792343618,10.424064792343618,2225000
2006-09-14,10.250760078430176,10.749977074302814,10.214547610205758,10.734457022185596,1441200
2006-09-15,10.354225158691406,10.426651089034738,10.10073686927938,10.121430274153434,1562000
2006-09-18,10.734452247619629,10.76290517048777,10.323180423242215,10.346459997705665,2790000
2006-09-19,10.416303634643555,10.902587760204499,10.38785069835368,10.889653889733987,2261400
2006-09-20,10.02753734588623,10.416302053891307,9.970519194347736,10.416302053891307,3373600
2006-09-21,10.341142654418945,10.400753130252493,10.076782508105032,10.092332465212989,3650200
2006-09-22,10.100110054016113,10.431855707979206,10.05604952821662,10.405938449518354,1156600
2006-09-25,10.22451114654541,10.320406156180484,9.859072391724505,9.970518344278654,2137600
2006-09-26,10.654743194580078,10.683252760066386,10.159716252869481,10.159716252869481,2332800
2006-09-27,11.222345352172852,11.248263602540089,10.745460420897414,10.84913144500605,3335800
2006-09-28,11.13162899017334,11.367479525739494,11.095344444498505,11.258624900035267,2153200
2006-09-29,11.230117797851562,11.297503250301947,11.025368133257176,11.123854487709286,1374600
2006-10-02,11.002043724060059,11.349340308372259,10.96316684969646,11.240485653362175,1722000
2006-10-03,10.3281831741333,10.890596695675786,10.276348664853346,10.890596695675786,2884600
2006-10-04,10.755819320678711,10.768777941401483,10.20636569486222,10.328177916071537,2684600
2006-10-05,11.007226943969727,11.053878795914759,10.719540853202002,10.91133092126052,1770600
2006-10-06,11.196425437927246,11.196425437927246,10.79988470503479,10.877638449035613,1598200
2006-10-09,11.108306884765625,11.442644865335916,11.095348255242449,11.403767988086326,1694400
2006-10-10,11.9609956741333,11.9609956741333,11.030552014859254,11.043510641910562,3780600
2006-10-11,11.857321739196777,12.129456794491599,11.74069214730482,11.96099270725177,1946800
2006-10-12,12.137238502502441,12.194256672099314,11.90657053887294,11.90657053887294,2021000
2006-10-13,12.5311861038208,12.559695683207593,12.212399058157754,12.246092287313065,1776600
2006-10-16,12.699652671813965,12.79036408114055,12.515637533648482,12.531187496001492,2264400
2006-10-17,12.422332763671875,12.595980586594813,12.22276669119916,12.531186445740559,1936200
2006-10-18,12.292738914489746,12.684094912982115,12.225352484860272,12.424918466948057,1606000
2006-10-19,12.769621849060059,12.774805495905548,12.326430424905851,12.396408174300655,1501600
2006-10-20,12.484530448913574,12.860336539093915,12.427512296155312,12.829235638618517,1056400
2006-10-23,12.373088836669922,12.518227070796213,12.246091893129352,12.432699324068944,1302200
2006-10-24,12.583016395568848,12.642626860170541,12.207210346951511,12.246087209755945,1792600
2006-10-25,12.725567817687988,12.842197459332796,12.500084502961393,12.518226781808357,1269000
2006-10-26,12.538957595825195,12.878478130657657,12.41973567107725,12.829234958458988,1228400
2006-10-27,12.47675609588623,12.748891213205905,12.440471545400921,12.564876142213349,897400
2006-10-30,12.370490074157715,12.443059153422071,12.222759597838385,12.44046782431101,1060600
2006-10-31,12.326434135437012,12.554508733216855,12.010238503436987,12.373085982410126,1976600
2006-11-01,12.73593521118164,12.782587068185826,12.32902811628517,12.32902811628517,2624200
2006-11-02,12.774809837341309,12.800727091697025,12.404187365711248,12.733341637164232,2320400
2006-11-03,13.153210639953613,13.241330711374399,12.847382214945009,12.906992706100228,2151400
2006-11-06,12.974376678466797,13.210227267235883,12.792952920487512,13.124698542840529,2070200
2006-11-07,12.697054862976074,13.039167701720098,12.580425261431587,13.039167701720098,1400600
2006-11-08,12.92772388458252,12.95623345730323,12.629670519004016,12.647812794611765,2042000
2006-11-09,13.205038070678711,13.27242350115462,12.958820287480673,13.08840849035548,1715600
2006-11-10,12.92772388458252,13.236143558594115,12.883663366192366,13.14024853199889,1103200
2006-11-13,13.311306953430176,13.438302901515245,12.761852977809028,12.881073946246444,2521200
2006-11-14,13.311306953430176,13.409794313247179,13.140250480421704,13.311306953430176,1428400
2006-11-15,13.552340507507324,13.63268459618587,13.31908124335678,13.334632190526806,1544200
2006-11-16,13.311306953430176,13.681929476395199,13.308714634427615,13.614543023848823,1994800
2006-11-17,13.521239280700684,13.557524825888798,12.945868048523643,13.15320907762708,1139000
2006-11-20,13.32944393157959,13.653414470479193,13.028799311027946,13.028799311027946,1598600
2006-11-21,13.513460159301758,13.71561747713297,13.417565148109992,13.417565148109992,2239600
2006-11-22,13.373507499694824,13.578257179559046,13.290571095718414,13.578257179559046,2094200
2006-11-24,13.389060974121094,13.516057922820124,13.21800448503839,13.282798624670932,597800
2006-11-27,13.194674491882324,13.560113287324635,13.166164921034799,13.503094145629586,1858600
2006-11-28,13.251693725585938,13.448667415758573,13.179123638739338,13.412382866675179,2276000
2006-11-29,14.005889892578125,14.081051269758188,13.295746273704527,13.31648085582839,1653000
2006-11-30,13.998122215270996,14.158812355803711,13.764863960390398,13.979979939514056,1351800
2006-12-01,14.099199295043945,14.143258817038854,13.772636413929993,13.93332553632274,1171600
2006-12-04,14.176955223083496,14.210648446043585,13.938512320975065,14.099202468212457,1490400
2006-12-05,14.2650785446167,14.358382267315699,14.099205699231879,14.319505386631068,1515600
2006-12-06,14.43094539642334,14.627919071339063,14.228788073657238,14.267663949515477,1840400
2006-12-07,14.156224250793457,14.475011319427145,14.081063795434419,14.392074894514973,1884200
2006-12-08,14.254714965820312,14.44650611128891,14.215838074986824,14.410220551793465,1467600
2006-12-11,14.125120162963867,14.296176624472746,14.083651959830805,14.254708421339684,1063600
2006-12-12,13.852983474731445,14.158811809520026,13.798556649560554,14.07328309395448,1451400
2006-12-13,13.824472427368164,13.917776111234003,13.759678312314634,13.840023370905715,1795200
2006-12-14,14.052550315856934,14.127710750366687,13.837433343696192,13.915186096897944,1266200
2006-12-15,14.151036262512207,14.246932277721678,14.044773938876736,14.044773938876736,1426000
2006-12-18,13.385336875915527,14.153624351822659,13.34640298086662,14.153624351822659,2041200
2006-12-19,14.055002212524414,14.065383732835041,13.221824067026464,13.263353118661042,2782400
2006-12-20,13.878501892089844,14.104316022380228,13.816207826769784,14.0679782301646,1535400
2006-12-21,13.642306327819824,14.057596828917417,13.580012257589855,13.943392188648243,1039400
2006-12-22,13.517717361450195,13.691619926006009,13.45801843169019,13.642304495041792,575600
2006-12-26,13.538479804992676,13.751316257081518,13.419083939699988,13.517715780221533,543800
2006-12-27,13.72276782989502,13.733150339595316,13.476188670231387,13.57741665461335,547200
2006-12-28,13.569629669189453,13.722768226234589,13.393130959709277,13.722768226234589,631800
2006-12-29,13.34122371673584,13.572229176124397,13.307481045886565,13.56963305291166,759000
2007-01-03,12.829894065856934,13.263353492631405,12.720879683410738,13.211442919222542,1818400
2007-01-04,12.96226692199707,13.001200840111142,12.609270487013118,12.765004179208077,1867400
2007-01-05,13.151741027832031,13.22441759653949,12.835082442510636,12.962264705020317,1579400
2007-01-08,13.419087409973145,13.470998970521315,13.156934474763677,13.294500258735932,1697200
2007-01-09,13.211443901062012,13.299693268598546,12.96486469852192,13.237399189695372,1412800
2007-01-10,12.62744426727295,13.03235241959327,12.606679238881625,12.887001181378201,1794000
2007-01-11,12.5885009765625,12.90516049322701,12.531398181064228,12.630030012343886,1757600
2007-01-12,13.034945487976074,13.034945487976072,12.614462672787232,12.692330520872378,1984200
2007-01-16,12.806528091430664,13.055702295018541,12.726065155006753,12.931115193224603,1285600
2007-01-17,13.024563789367676,13.07647536128846,12.762410796726613,12.796153466994754,1217000
2007-01-18,12.79615306854248,13.136172913411592,12.72088134110773,13.024563383803061,1273800
2007-01-19,13.16991138458252,13.19327153426664,12.850655675522718,12.874015825206836,897800
2007-01-22,13.149154663085938,13.36718253431891,12.98563351212842,13.341227236129978,1339000
2007-01-23,13.717576026916504,13.748723554772798,13.291903047519636,13.302285556805067,1720600
2007-01-24,13.907055854797363,13.92262863139311,13.509933219382878,13.6994095923003,1066200
2007-01-25,13.764298439025879,14.049811547368972,13.707196609461848,13.909650620916766,1428000
2007-01-26,13.917437553405762,14.013474297581858,13.782467877112746,13.868122110005357,1286400
2007-01-29,14.057597160339355,14.158824160485254,13.953774037551893,14.016068109250506,2112600
2007-01-30,13.90445613861084,14.008279243028332,13.393128983070033,13.712384682608139,3597400
2007-01-31,13.676045417785645,13.826588814837129,13.50214286270597,13.691619179934909,2831000
2007-02-01,13.761706352233887,13.894079929760787,13.634523041163689,13.70460351990062,1105200
2007-02-02,13.839573860168457,13.896676695139845,13.603377120238159,13.824000089685986,960800
2007-02-05,14.003094673156738,14.132873120562953,13.826595905473809,13.930418069320195,1172400
2007-02-06,13.91224193572998,14.106909505670963,13.655281297880943,14.073167839775126,1356400
2007-02-07,14.106908798217773,14.135460198798155,13.930410131112149,13.977130424765427,1466600
2007-02-08,14.293790817260742,14.322342219527847,13.917433313988903,14.067976711349827,1221400
2007-02-09,14.091334342956543,14.314553277037358,14.02644516398562,14.293788264504123,911400
2007-02-12,13.80842399597168,14.093936122057345,13.52550700261155,14.093936122057345,1648800
2007-02-13,14.109504699707031,14.125077470594535,13.873308103319415,13.873308103319415,1143000
2007-02-14,14.003094673156738,14.210739990980487,13.943396706165599,14.109512960424597,973400
2007-02-15,14.021255493164062,14.042019517910244,13.808419041331073,14.003086600212251,713200
2007-02-16,14.083550453186035,14.086146575460251,13.862927586143579,14.04721266239133,722800
2007-02-20,14.016069412231445,14.093936266495467,13.88369585899569,14.01866454498358,947400
2007-02-21,14.548160552978516,14.550756675828369,13.956371279948982,14.003091589938762,1426600
2007-02-22,14.729846954345703,14.776567252970809,14.444334898419402,14.57411328568236,1693200
2007-02-23,14.506631851196289,14.836269161856926,14.446933895898331,14.807717750599037,1554200
2007-02-26,14.6364107131958,14.771380394934724,14.535183699424312,14.610455424070583,854800
2007-02-27,14.145845413208008,14.472886541232048,13.634518207118145,14.145845413208008,1623400
2007-02-28,14.397619247436523,14.532588932574727,14.106914853232317,14.210737992609653,1494400
2007-03-01,14.382036209106445,14.646784152749463,14.042016587440079,14.33272079426194,1460800
2007-03-02,14.023858070373535,14.405407005190755,13.951182459982038,14.379451712945487,1017800
2007-03-05,13.717576026916504,13.860333054264732,13.496953150319287,13.626731545995433,1836200
2007-03-06,13.987516403198242,14.062788116110164,13.808422559839801,13.86033412012839,1111600
2007-03-07,14.319750785827637,14.690917156561742,14.003092105508996,14.016069749843805,1522000
2007-03-08,14.400213241577148,14.623432280494427,14.340515287701955,14.470293706595184,1155000
2007-03-09,14.529989242553711,14.58709205420617,14.226308268141473,14.296388721497511,1126000
2007-03-12,14.602666854858398,14.716872494013574,14.41838174275166,14.532587381906835,998000
2007-03-13,14.651982307434082,15.059486425066329,14.58449698150925,14.600070746752827,1394200
2007-03-14,15.020545959472656,15.030928465109241,14.613042019473928,14.613042019473928,2591600
2007-03-15,14.781764030456543,15.152930435924704,14.706492300087557,14.709087433145054,1933400
2007-03-16,14.78954792022705,14.940091355522174,14.675343272511618,14.794739175595579,1361200
2007-03-19,15.233386039733887,15.243768547868648,14.919322594635965,14.971234145179288,1657000
2007-03-20,15.246387481689453,15.261987826098558,15.03578828717918,15.209987669888688,1789200
2007-03-21,15.664990425109863,15.716990591690134,15.287990457178768,15.37899099664941,2155200
2007-03-22,15.693585395812988,15.859985080590217,15.586985535763802,15.794985141735339,1587400
2007-03-23,15.956189155578613,16.052389805982717,15.7585897228368,15.78198974701339,1215000
2007-03-26,15.810591697692871,16.067991001296953,15.599991455981652,15.995191358551676,1844400
2007-03-27,15.735189437866211,15.885988819755505,15.584389064156298,15.810589624721166,933800
2007-03-28,15.602581977844238,16.041982117359595,15.563582616893402,15.85998212412851,1377200
2007-03-29,15.529787063598633,15.755986599196735,15.31138720418032,15.729987017383793,1957200
2007-03-30,15.417991638183594,15.633791999996761,15.38419137837005,15.547991569351787,990000
2007-04-02,15.339988708496094,15.52458833457835,15.248989172207814,15.482988404872199,1636400
2007-04-03,15.337392807006836,15.41799213214808,15.035792996706746,15.256792490044791,1546400
2007-04-04,15.91199016571045,15.922390397190119,15.24899078210182,15.337390766037682,1902600
2007-04-05,15.797588348388672,15.97438830221847,15.612988717478926,15.91198890193771,1114600
2007-04-09,15.91199016571045,16.20838982013638,15.807989834555086,15.885989587011277,1256800
2007-04-10,16.223989486694336,16.28118877379145,15.96918878523567,16.04198941071841,1568800
2007-04-11,16.15118408203125,16.535983590385904,16.062784127961915,16.197984116057388,1961600
2007-04-12,16.424184799194336,16.481385065295544,16.093985968029365,16.25518554579957,1075000
2007-04-13,16.450191497802734,16.522991142267088,16.288991859994198,16.43199158668665,851000
2007-04-16,16.21879005432129,16.494389245833847,16.18498979791706,16.447589195988193,1154200
2007-04-17,16.23438262939453,16.39298262187396,15.976983454567469,16.2213828413825,1037600
2007-04-18,16.104389190673828,16.18238993350585,15.828790004312257,16.18238993350585,1444600
2007-04-19,15.935386657714844,16.132986052916966,15.898986847426592,16.04198652719634,1023800
2007-04-20,16.197986602783203,16.197986602783203,15.911987232556948,15.97698717959205,1071000
2007-04-23,16.33839225769043,16.468392195771408,16.197992086525975,16.197992086525975,1197200
2007-04-24,16.192785263061523,16.42158533702671,16.12518575965975,16.379985413743984,770000
2007-04-25,16.717988967895508,16.91818795348092,16.296788551722614,16.296788551722614,1390800
2007-04-26,16.717988967895508,16.941588968422224,16.54118802178964,16.717988967895508,1605800
2007-04-27,16.67898941040039,16.72058835150533,16.42678925913997,16.72058835150533,883200
2007-04-30,16.535985946655273,16.99098557088359,16.50998636485613,16.70498620381112,1060800
2007-05-01,16.41638946533203,16.678989854775416,16.26298952261559,16.60098911061874,1337000
2007-05-02,16.582792282104492,16.63999257396015,16.301992923165752,16.46059301107765,994000
2007-05-03,16.515186309814453,16.658185991880742,16.338386378300346,16.504786080473515,967200
2007-05-04,16.411184310913086,16.795983830537892,16.221384608168307,16.512584056999444,1478600
2007-05-07,16.613983154296875,16.832381975488357,16.27598271162565,16.34618275778874,1362000
2007-05-08,16.613983154296875,16.76478347386653,16.33058340874378,16.632183056062832,2306200
2007-05-09,16.743989944458008,16.873989863306843,16.49698990028109,16.64778929039899,1956800
2007-05-10,16.598386764526367,16.912987266697677,16.468386868498378,16.79598617008789,1188800
2007-05-11,17.510988235473633,17.549988606883858,16.7049891554413,16.7049891554413,1874200
2007-05-14,17.54998779296875,18.082988215693167,17.435587237775323,17.679987702546295,1531000
2007-05-15,17.653987884521484,17.739788299784934,17.466787699816198,17.54998756150286,1756600
2007-05-16,17.461597442626953,17.77879571261505,17.19379583019133,17.679996446583562,1271400
2007-05-17,17.620180130004883,17.763180769285814,17.435580567067962,17.523981503252656,1095000
2007-05-18,18.142780303955078,18.199980560241166,17.669580888734426,17.716380918092092,1789600
2007-05-21,18.384586334228516,18.524986469720172,18.199986707093505,18.199986707093505,1980000
2007-05-22,18.062179565429688,18.433979217608286,18.004979313765244,18.384578639599848,1706600
2007-05-23,17.99198341369629,18.32478478783256,17.963383280109262,18.127184405860582,1330400
2007-05-24,17.718984603881836,18.259784597943593,17.64358443304854,17.926983228308107,1163800
2007-05-25,17.96338653564453,18.07778709072566,17.80998759464138,17.900987134528098,663400
2007-05-29,18.036184310913086,18.134983506947787,17.867184067883628,17.963382710863506,1193000
2007-05-30,18.231182098388672,18.413181119093814,17.92178177954938,18.017982395430987,1971400
2007-05-31,18.22338104248047,18.493781013352454,18.028381235147453,18.290981531108617,1313200
2007-06-01,18.509382247924805,18.738181306529185,18.31178188879703,18.394981726802314,980800
2007-06-04,18.571786880493164,18.71998669582278,18.436587849381002,18.548385865629978,943800
2007-06-05,18.569181442260742,18.602982678878174,18.26238166166008,18.51718228635174,1333800
2007-06-06,18.13758659362793,18.66278531654234,17.98158711044036,18.569185229901585,2026800
2007-06-07,17.75798225402832,18.47818062933462,17.65918108764602,17.68258209470938,1755400
2007-06-08,17.784027099609375,17.79965390434015,17.278739217241426,17.760586892513214,1467800
2007-06-11,17.974170684814453,18.000216034567163,17.664225657498587,17.77622244985478,975000
2007-06-12,17.974170684814453,18.026261384319877,17.815291468050255,17.906451185751152,1516200
2007-06-13,18.713865280151367,18.799816705895445,18.1017907389236,18.114814404811764,1688000
2007-06-14,19.013385772705078,19.21393704966822,18.883157103029014,18.948271437867046,1751400
2007-06-15,19.417098999023438,19.435330936631267,19.156641611978895,19.169663289051822,1130600
2007-06-18,20.175037384033203,20.193269329251912,19.510871962094726,19.534312182890357,1728000
2007-06-19,19.87030029296875,20.133362889673407,19.654120119566578,20.109920684455783,2550400
2007-06-20,19.12278175354004,20.1672164797016,19.099341541458582,20.044801184256865,1442000
2007-06-21,19.695791244506836,19.760905600924247,19.273849499554313,19.273849499554313,928800
2007-06-22,19.85727310180664,19.91196892143342,19.59942081295684,19.797369008129294,1568200
2007-06-25,19.714027404785156,19.9744848862081,19.568169863937946,19.857277827288044,1489600
2007-06-26,19.172271728515625,19.732255604742857,19.146226382742093,19.732255604742857,1425800
2007-06-27,19.45876693725586,19.505649336264995,18.10699275510221,18.818042142218818,3175000
2007-06-28,19.169666290283203,19.810391324269776,19.15924775471442,19.71402334774037,2050400
2007-06-29,19.323335647583008,19.53430551122186,19.219152287430028,19.430122151068883,885800
2007-07-02,19.729652404785156,19.750489478296117,19.430125931246366,19.456171279568718,1001400
2007-07-03,19.854673385620117,19.909369214688375,19.690583911282577,19.716629260296116,602600
2007-07-05,19.776527404785156,19.977078697449347,19.54472051358428,19.95103335890142,1044000
2007-07-06,20.268798828125,20.300054437721915,19.789558070434886,19.859880708112126,989400
2007-07-09,20.654272079467773,20.74803690000785,20.292236461822778,20.315676673391692,1206400
2007-07-10,20.802734375,20.979845496034688,20.339118508811872,20.65166859794316,1260200
2007-07-11,20.45892906188965,20.771477139353046,20.229725283759755,20.727199859353306,1574600
2007-07-12,20.232336044311523,20.602185169228356,20.023969276597178,20.573534688989312,1335400
2007-07-13,20.609994888305664,20.719388514709067,20.250564364787078,20.276609709308875,987800
2007-07-16,20.175037384033203,20.664696760716442,20.0552271744341,20.615211187770225,942000
2007-07-17,19.737464904785156,20.29484367926182,19.664537137976264,20.19587056532584,1661200
2007-07-18,20.30526351928711,20.30526351928711,19.333758297853873,19.6072374409466,2188200
2007-07-19,19.90937042236328,20.445912195692564,19.727048993943622,20.315683455592612,1671800
2007-07-20,19.79216194152832,20.104712087584915,19.469195245689303,20.08126988274262,1744800
2007-07-23,19.831222534179688,20.06302941745899,19.492627183231644,19.85987300174292,1736800
2007-07-24,18.383087158203125,19.469194239537043,18.276298650691032,19.469194239537043,3114600
2007-07-25,18.00541877746582,18.568007697505394,17.403762838366998,18.45340580924573,4454400
2007-07-26,17.442832946777344,17.810076859065948,16.937544938938267,17.554829711799435,2583600
2007-07-27,16.979211807250977,17.58347265609178,16.979211807250977,17.294364897792843,1852800
2007-07-30,17.346460342407227,17.53919823867508,16.981819629128463,16.981819629128463,2265400
2007-07-31,17.552228927612305,18.021053173360958,17.528788708891284,17.63297010827292,2065000
2007-08-01,16.734397888183594,17.789251779490566,16.36454863745016,17.591303481536478,2683400
2007-08-02,16.6484375,16.950569055407048,16.278588447387133,16.786479612092663,1814400
2007-08-03,15.546698570251465,16.776058550544782,15.49981616865146,16.66927008523794,2295800
2007-08-06,15.307082176208496,15.575352991816578,14.624684037029295,15.575352991816578,2385000
2007-08-07,15.18466567993164,15.66651244889279,15.030995779667547,15.236757356787724,2503600
2007-08-08,15.429499626159668,15.765488978304466,15.10653195410953,15.197691663302631,2792600
2007-08-09,14.359020233154297,16.666673517481485,14.327764622183484,15.497219069832484,3963000
2007-08-10,15.171648979187012,15.432106472391938,13.588066943589139,14.286093104863664,4494800
2007-08-13,15.64046859741211,16.598952026934736,15.492007940614455,15.492007940614455,2816600
2007-08-14,15.37740707397461,15.958227030004224,15.231550553894236,15.783720033339648,1885000
2007-08-15,14.515294075012207,15.617029007670766,14.390274613884252,15.536287831240038,1974000
2007-08-16,14.736687660217285,14.859102024820913,13.44221340623801,14.161075758498216,3091000
2007-08-17,15.210713386535645,15.523261488719188,14.674170755605845,15.041415669881072,2528000
2007-08-20,15.254993438720703,15.520660168646465,14.963281360074642,15.041418399801898,1376200
2007-08-21,15.038817405700684,15.268019304331842,14.856496945851726,15.171650301644501,1058200
2007-08-22,15.481590270996094,15.564936574437732,15.268015244231101,15.340944004917269,1121000
2007-08-23,16.028549194335938,16.200451044597855,15.62744454586941,15.62744454586941,1303400
2007-08-24,16.83596420288086,16.929729014856782,16.135334236719014,16.187425909324084,1412400
2007-08-27,16.851587295532227,17.14590532992604,16.69010503381826,16.794288356069213,1231000
2007-08-28,16.020734786987305,16.888057442117013,15.984270908705705,16.851593563835415,1224000
2007-08-29,17.02610206604004,17.14851538284877,16.208264941998035,16.2134742095664,1410400
2007-08-30,17.13810157775879,17.432417790729666,16.87503898806779,16.981825512828554,1300800
2007-08-31,17.3594913482666,17.54441591963956,17.32042232904519,17.411582049139906,912600
2007-09-04,17.526174545288086,17.810072090416334,16.669269663207984,17.208416274392096,1368000
2007-09-05,17.450651168823242,17.578274777690567,17.255308058724474,17.500138725930782,792400
2007-09-06,17.54962158203125,17.97156334996333,17.28656099851361,17.507949424963456,1014400
2007-09-07,17.268333435058594,17.484511654722386,16.958388367172326,17.255309764911093,740000
2007-09-10,16.61979103088379,17.171960572888683,16.34110162564376,17.112054482207444,1191400
2007-09-11,16.395793914794922,16.971405537459457,16.27077447907895,16.841176834392883,2716800
2007-09-12,16.455699920654297,16.747412947229776,16.262960992151434,16.51300087115416,1761400
2007-09-13,16.68750762939453,16.770853928352206,16.526024299359815,16.526024299359815,1543600
2007-09-14,16.98182487487793,17.072986571706828,16.632812847145775,16.648439658198665,761600
2007-09-17,16.69793128967285,16.981829024547523,16.513006694205902,16.981829024547523,750200
2007-09-18,17.05996322631836,17.398558711159428,16.73439140902221,16.981825195314215,1766200
2007-09-19,17.14345932006836,17.743611688186515,16.929492317577296,17.378301637626752,1003200
2007-09-20,17.033863067626953,17.31306387376757,16.992114437669983,17.114752406829258,640600
2007-09-21,16.986900329589844,17.21913276092183,16.94254177321853,17.104322496830182,758400
2007-09-24,17.06517791748047,17.44614341525688,16.999944058461644,17.148677177393388,1189800
2007-09-25,16.3084659576416,16.92949162462796,16.091889051937034,16.92949162462796,1987000
2007-09-26,16.185827255249023,16.66333965404221,16.003173218389183,16.64768316714429,1386400
2007-09-27,15.76050853729248,16.347613559031835,15.710930142851439,16.347613559031835,1265000
2007-09-28,15.611766815185547,16.06318497693049,15.541314131622165,15.945763837658188,1562000
2007-10-01,15.93794059753418,15.995345729875716,15.405631945996786,15.50478671794577,1620000
2007-10-02,16.22235107421875,16.30063247959578,15.739621049803977,15.747448792185914,1392800
2007-10-03,16.248456954956055,16.585064056188003,15.833569387142061,16.222362802501948,1204400
2007-10-04,16.485897064208984,16.488505979986368,15.987510538014059,16.112759398507137,1101600
2007-10-05,16.739013671875,16.86687151670325,16.36848472327172,16.629420238060792,1171000
2007-10-08,16.85382080078125,17.17999013342476,16.645073622357174,16.702479743427173,1216000
2007-10-09,17.161720275878906,17.216518461425494,16.673772354996437,16.869473903785646,1071600
2007-10-10,16.992116928100586,17.2217394034662,16.206700679706078,16.958194046085815,2757800
2007-10-11,16.569406509399414,17.300026805338533,16.36848602755516,17.25305832930273,1083400
2007-10-12,16.843381881713867,16.966019854852632,16.569398898885176,16.673773463333212,588000
2007-10-15,16.890352249145508,17.19564624234016,16.72335173264695,16.99994465837752,982800
2007-10-16,16.79119110107422,16.947751929018477,16.4389287405049,16.90339339274374,1115000
2007-10-17,16.66594696044922,16.908618004664092,16.342387558942217,16.840774230051828,1020600
2007-10-18,16.551137924194336,16.78598025929033,16.465028736195844,16.739011792271132,546800
2007-10-19,15.794427871704102,16.410235903574154,15.72397515666235,16.371096169922126,1101800
2007-10-22,15.742233276367188,15.742233276367186,15.335173691012438,15.65612411594251,1082000
2007-10-23,15.867486953735352,15.992735865135296,15.564801835671352,15.799643171275049,712800
2007-10-24,16.368488311767578,16.386753722175975,15.572635016262424,15.684837391851273,1318800
2007-10-25,16.46241569519043,16.650289516201557,16.253667558172303,16.496337578515135,793400
2007-10-26,17.023433685302734,17.58444548170908,16.913841238780606,17.39135374391578,3429600
2007-10-29,16.686819076538086,17.151284766724004,16.608538655393353,17.054737951768928,1127000
2007-10-30,16.057968139648438,16.67116606074463,16.005780849570307,16.67116606074463,1071200
2007-10-31,16.38674545288086,16.431104995337538,15.92488960407156,16.144075413754113,1767400
2007-11-01,16.391965866088867,16.527652427620563,15.697877567547005,15.875313763750773,1673200
2007-11-02,16.712915420532227,16.757273966728274,16.313683527819347,16.467635474399806,1405000
2007-11-05,16.63463592529297,17.07822542032227,16.32673199637793,16.32673199637793,1636800
2007-11-06,15.997947692871094,16.632020713668616,15.849214613463223,16.269319717779663,3290200
2007-11-07,15.65612506866455,16.16233942087777,15.601328869817733,15.656125068664549,1555400
2007-11-08,15.181228637695312,15.695271930771275,14.92551194746692,15.494351460865392,1646600
2007-11-09,14.628042221069336,15.082069363279105,14.505402236553119,14.912461911801348,1673800
2007-11-12,13.860894203186035,14.429733702443206,13.787832577905661,14.286219369046762,1905400
2007-11-13,13.793046951293945,13.858280808615321,13.35206543875206,13.743468582680311,2407600
2007-11-14,13.863499641418457,14.21054324488497,13.780000383649536,13.780000383649536,2892600
2007-11-15,13.631265640258789,14.377540043001051,13.626046812847921,14.309697277438865,2922000
2007-11-16,13.438173294067383,13.894810250661907,13.284221366028504,13.855669541940832,2424800
2007-11-19,13.179850578308105,13.482535693489234,13.06243040931954,13.482535693489234,1925000
2007-11-20,12.824976921081543,13.213770158559747,12.67363389226099,13.132880811436062,2438600
2007-11-21,12.569256782531738,12.931957797023923,12.32919671060947,12.441399003691677,2522000
2007-11-23,12.723217010498047,12.879778938107059,12.53273417798869,12.840638207357273,563000
2007-11-26,12.809326171875,13.031120990916962,12.527515300471439,12.527515300471439,2982600
2007-11-27,11.911709785461426,12.694516535996279,11.742101258022773,12.462283030543123,4847800
2007-11-28,12.198729515075684,12.929348409948835,11.956059522096492,12.120449096944546,4791800
2007-11-29,12.27962589263916,12.483155279102734,12.112626324213394,12.321375535898099,2429200
2007-11-30,12.64232349395752,12.64232349395752,12.37095037112847,12.459668469153744,2186600
2007-12-03,12.650150299072266,13.198115332751854,12.410090166606913,13.198115332751854,3416200
2007-12-04,12.26396656036377,12.691900553420481,12.167420719342385,12.691900553420481,4045400
2007-12-05,12.496203422546387,12.657983186032208,12.290064097630014,12.290064097630014,3315400
2007-12-06,12.459671974182129,12.564046587828694,12.277016897995683,12.564046587828694,2918000
2007-12-07,12.579702377319336,12.616233194332999,12.326595575700342,12.457063348114913,2130400
2007-12-10,12.613617897033691,12.650148695570495,12.475322446747326,12.475322446747326,2092600
2007-12-11,12.219608306884766,12.699728607034228,12.1778576768998,12.600573846989347,2195400
2007-12-12,12.506641387939453,12.69712422603624,12.337032876902096,12.38922018763591,1815000
2007-12-13,12.128279685974121,12.459667829364191,12.00303078849744,12.404871623353722,2419000
2007-12-14,12.77278995513916,12.879773445456056,12.26396564933355,12.394433369007311,2512000
2007-12-17,13.098959922790527,13.341629973398854,12.809321411071574,13.0206794860694,2720400
2007-12-18,13.341633796691895,13.422523173148518,12.639716590829956,13.388602271262211,2504600
2007-12-19,13.409632682800293,13.524714015205676,13.291935298674677,13.37301594056819,1846800
2007-12-20,13.67902946472168,13.820266339334117,13.3050138510618,13.7679562749149,2531000
2007-12-21,13.650264739990234,13.820272272910612,13.529952238583279,13.671189173834184,2676000
2007-12-24,13.611026763916016,13.781033222173738,13.561331754890405,13.757493743617257,951200
2007-12-26,13.59795093536377,13.747033982741364,13.49856190453485,13.747033982741364,1296800
2007-12-27,13.32855224609375,13.587486495156282,13.223933123495947,13.579639337606173,1532400
2007-12-28,13.16639232635498,13.38347773518163,13.014693247401407,13.281473663755612,1108000
2007-12-31,13.310242652893066,13.362552708255915,12.99899936996766,13.038231163191307,1731600
2008-01-02,13.263166427612305,13.600565306399709,13.19254798802437,13.446251160129373,1684400
2008-01-03,12.640674591064453,13.354703859422361,12.583133441981396,13.265777082535417,2789200
2008-01-04,12.284972190856934,12.834225377677129,12.26143271155141,12.580522211576662,3237000
2008-01-07,11.686020851135254,12.496823146561159,11.534321803572434,12.452360251901787,4390200
2008-01-08,11.704336166381836,11.992040119982292,11.686027787392634,11.693873950464628,2541800
2008-01-09,11.521249771118164,11.751413500521283,11.215237481228522,11.612792651022387,2573000
2008-01-10,11.722640991210938,11.895263510580557,11.293700245973186,11.312008619411516,3004600
2008-01-11,11.450631141662598,11.733104941218196,11.335549777620503,11.638947008032996,2612000
2008-01-14,11.801101684570312,11.874336151810809,11.450625655483917,11.450625655483917,2608400
2008-01-15,11.508172988891602,11.550020850760122,11.272778142298856,11.450631804672991,3201600
2008-01-16,11.44278621673584,11.764491858072828,11.165543494358344,11.312011517116002,2864600
2008-01-17,11.403546333312988,11.83771802679349,11.314619552829937,11.67817383032878,3088200
2008-01-18,11.929265022277832,11.999883460639971,11.434936951474377,11.445398166329447,3120800
2008-01-22,11.455859184265137,11.641558948519785,11.094920869519985,11.238773783255251,4373600
2008-01-23,10.935381889343262,11.416632874373178,10.294585594391684,11.416632874373178,4833800
2008-01-24,11.842952728271484,11.929264481601535,10.958916757134958,11.073998097176897,3201400
2008-01-25,12.188196182250977,12.538672261194572,12.015573695471675,12.431437095130631,2624000
2008-01-28,12.146347045898438,12.428820720276443,11.793255950657159,12.428820720276443,1908800
2008-01-29,12.999003410339355,13.163779786742433,12.423594617961145,12.423594617961145,4228200
2008-01-30,12.632837295532227,13.085317690638478,12.384365136972914,13.085317690638478,3340200
2008-01-31,12.664213180541992,12.834220578367288,12.031264525709105,12.42358836893875,1962000
2008-02-01,13.140237808227539,13.404402173025824,12.80807006391942,12.857764073767806,2159600
2008-02-04,13.038233757019043,13.537792939540541,12.674680346405431,12.96238520927148,1943800
2008-02-05,12.507287979125977,12.93884474160748,12.44974681140006,12.826378457996698,1942800
2008-02-06,12.232661247253418,12.614522997239558,12.190813397908792,12.551751722088333,2164800
2008-02-07,12.368673324584961,12.407905142159995,11.895268476416815,11.98158027099938,1688200
2008-02-08,12.619760513305664,12.81069148528173,12.308517038067736,12.352979964073752,1472800
2008-02-11,12.373896598815918,12.677293718872296,12.159426272451825,12.65898534938253,1716400
2008-02-12,12.188196182250977,12.590982317313129,12.101885437726994,12.36604977441527,1482800
2008-02-13,12.298049926757812,12.339897780704884,12.005114949128307,12.266664285730393,1852000
2008-02-14,12.488982200622559,12.695606438790026,12.256203425001946,12.397440321804897,1657800
2008-02-15,12.423592567443848,12.481133736503972,12.141118825946652,12.318972441467524,1257600
2008-02-19,13.94318962097168,14.100118757746296,13.074846268992426,13.074846268992426,5483800
2008-02-20,14.272743225097656,14.385209488187442,13.801954750485047,14.100120751148658,3280200
2008-02-21,13.85688304901123,14.427060654459252,13.835959621936944,14.155049118373107,2103600
2008-02-22,14.016426086425781,14.181202413734301,13.493327521524996,13.992886611095992,1631800
2008-02-25,14.325051307678223,14.484596496065427,13.767951173825018,14.322435256674199,1712800
2008-02-26,14.638917922973633,14.748768174695897,13.911810027466199,14.32767354763064,1739200
2008-02-27,14.369519233703613,14.85861717883945,14.241360626060565,14.529064478008669,2435400
2008-02-28,13.974581718444824,14.196898264754257,13.718263477591409,14.14981930238,2229400
2008-02-29,13.964115142822266,14.107967039480407,13.807185982419071,13.862111088787064,1807800
2008-03-03,14.045198440551758,14.41136688357783,13.83595918771808,13.914423782814277,1852600
2008-03-04,13.705178260803223,14.139349885978714,13.485476896393273,13.877800690144538,1869800
2008-03-05,13.25532054901123,13.856883827743202,13.095775292961248,13.705185730302127,2826200
2008-03-06,12.415748596191406,13.203011740790094,12.371284685606135,13.12977823833393,3333600
2008-03-07,12.392200469970703,12.656364703668793,12.172499118113194,12.209115843800953,1618600
2008-03-10,12.40528392791748,12.938844762990186,12.329434388104591,12.418361193950043,2254200
2008-03-11,12.834227561950684,12.891768742875302,12.352976679146463,12.685144500220236,1429200
2008-03-12,11.82464599609375,12.698220874019711,11.746181389830188,12.653757962971945,2459200
2008-03-13,11.95279598236084,12.007721062695188,11.4898538815482,11.85602307923878,2881400
2008-03-14,11.53955364227295,12.05219097549003,11.29631273863026,11.939724708311955,2518800
2008-03-17,10.235220909118652,11.389964181370697,10.193230299280492,11.389964181370697,4063200
2008-03-18,10.886073112487793,11.014669885773671,10.358566147066826,10.358566147066826,3978200
2008-03-19,11.151141166687012,11.615661798640723,10.76272681723075,10.76272681723075,4392000
2008-03-20,11.132769584655762,11.426704828646587,10.93856340676595,11.109150807276071,2321000
2008-03-24,11.25086784362793,11.660276981115016,11.156388734889758,11.258741770112753,1564200
2008-03-25,10.928069114685059,11.371596102062133,10.865083685263986,11.046168046268757,3363000
2008-03-26,11.046171188354492,11.311236864742249,10.712870109359757,10.98318473988156,3496800
2008-03-27,10.592137336730957,11.219372257123068,10.531775921916518,11.198376460073852,2056000
2008-03-28,11.235127449035645,11.746887868001672,10.642008756647943,10.655130638981735,3281800
2008-03-31,11.392589569091797,11.471321847158718,11.05928862417777,11.05928862417777,2273800
2008-04-01,12.130043029785156,12.132667003545873,11.271859446650083,11.271859446650083,2718800
2008-04-02,12.720539093017578,12.778275538921866,12.1300457520134,12.227148821105228,4273000
2008-04-03,12.633935928344727,13.02234929825877,12.521085982901486,12.767781678119295,2479600
2008-04-04,12.518457412719727,12.875377946255368,12.384611712076518,12.728410373289314,2591400
2008-04-07,12.038192749023438,12.794024638770114,11.972582366260513,12.623437243132516,2698000
2008-04-08,12.384617805480957,12.64968436203843,11.951589798963125,11.980458532958016,2696800
2008-04-09,12.093316078186035,12.560462063460612,12.038202550927323,12.413494325997059,2444800
2008-04-10,12.216654777526855,12.366246391041196,12.006701723571217,12.006701723571217,1716200
2008-04-11,11.547428131103516,12.187785148874273,11.515935425609232,12.187785148874273,2718400
2008-04-14,11.804625511169434,12.038198423728135,11.63928698834989,11.712771332456056,1438600
2008-04-15,11.71014404296875,11.948965861600858,11.4818201287268,11.770505491509255,2084400
2008-04-16,12.37674617767334,12.434483651724037,11.678651541316464,11.704895301629353,2696000
2008-04-17,12.42136287689209,12.815025323427495,12.240277510759167,12.308512895461112,2532200
2008-04-18,12.106427192687988,12.521084259818295,12.072309515912199,12.46334780812263,1816600
2008-04-21,11.809867858886719,12.143168694151486,11.749506432188596,12.072309366861978,2755800
2008-04-22,11.458200454711914,12.006703450186615,11.434580670174332,11.809872246085195,1824800
2008-04-23,11.174762725830078,11.573673038180917,11.093405477304033,11.416208493891647,2881000
2008-04-24,11.232494354248047,11.374212983759083,11.048785130933894,11.048785130933894,2279400
2008-04-25,11.305986404418945,11.41358743746518,11.085535385356488,11.300737451448956,1421600
2008-04-28,11.321733474731445,11.452954309628444,11.208883476629182,11.39784179924423,1354200
2008-04-29,11.067161560058594,11.347974987231673,10.922818883303616,11.347974987231673,1646800
2008-04-30,10.886073112487793,11.27711138125641,10.778472139385265,11.054035509415169,1667800
2008-05-01,10.94381332397461,11.022545592263757,10.471418713104613,10.891324811403475,3099200
2008-05-02,11.061912536621094,11.075034414847408,10.765353283257735,10.941188653987648,2653600
2008-05-05,11.127521514892578,11.334849567247106,11.048788253269205,11.101276760639784,1925600
2008-05-06,10.513411521911621,11.07503642128105,10.295584499578167,11.07503642128105,3999200
2008-05-07,10.875578880310059,11.082907971937905,10.550151876792984,10.550151876792984,2647200
2008-05-08,10.733855247497559,10.920188428775392,10.542272116172867,10.857202042963426,2110400
2008-05-09,10.765350341796875,10.865078391111005,10.639378543200802,10.694491017373798,2118400
2008-05-12,11.597288131713867,11.783622335196938,10.786343954065895,10.786343954065895,6047600
2008-05-13,11.001545906066895,11.615658983914553,10.901818868608336,11.615658983914553,3607800
2008-05-14,10.938565254211426,11.14326936848862,10.914945471707505,10.949063157798767,2743200
2008-05-15,10.744355201721191,11.009421690977927,10.649877097819454,10.970055063501011,1933600
2008-05-16,10.857211112976074,10.904450691514892,10.628887150795439,10.628887150795439,1777400
2008-05-19,11.334851264953613,11.387339780185794,10.537029637738044,10.537029637738044,2958600
2008-05-20,11.28235912322998,11.350593464249881,10.962180212661432,11.216748756384606,2445400
2008-05-21,10.93331241607666,11.334847574778966,10.880823917932641,11.266613227986124,3096800
2008-05-22,11.085533142089844,11.332227874945726,10.951687371278675,11.025170695717616,2776000
2008-05-23,10.836211204528809,11.23774643212667,10.836211204528807,11.219375604794415,1768600
2008-05-27,10.707613945007324,10.89132321145157,10.634130638883608,10.76272642460011,1401800
2008-05-28,11.038294792175293,11.038294792175291,10.76010631722372,10.76010631722372,1961800
2008-05-29,11.114395141601562,11.193128378462484,10.81258807112857,10.899193230087013,3134600
2008-05-30,11.140644073486328,11.193132584070277,10.893948374082292,11.127522196124108,2789600
2008-06-02,12.439727783203125,12.531581909836977,11.347971158433404,11.505435661558549,4955000
2008-06-03,12.258642196655273,12.757281445967335,12.256018222160625,12.484342046319998,3126200
2008-06-04,11.668150901794434,12.303259964080604,11.613038417374222,12.24289852860108,2611200
2008-06-05,11.99882698059082,11.998826980590819,11.573670984411239,11.683896946762049,2341000
2008-06-06,11.473945617675781,12.124800583022985,11.41620815263256,12.032945433987393,2103000
2008-06-09,11.061912536621094,11.518560306161708,10.930691752087677,11.466071792121316,2042400
2008-06-10,10.739108085632324,11.061912083356475,10.581643551098427,10.928066327981076,2883600
2008-06-11,10.70236587524414,10.767976261435948,10.450422232540017,10.733859581433439,2408600
2008-06-12,10.613138198852539,10.928068326654111,10.544903821710916,10.68137357712944,1321200
2008-06-13,10.866019248962402,10.97402085463638,10.63684530616394,10.63684530616394,1196600
2008-06-16,10.497234344482422,10.974022532858628,10.45772214408843,10.974022532858628,2061800
2008-06-17,10.694796562194824,10.88972680121761,10.589429707337478,10.626308156780668,1418000
2008-06-18,10.478793144226074,10.66845488597718,10.405036246817248,10.592063239453832,1785400
2008-06-19,10.563085556030273,10.763284256610003,10.420840274406196,10.486694925017014,3015200
2008-06-20,10.465621948242188,10.510403637438108,10.204838069783676,10.468256697239646,3511400
2008-06-23,10.412936210632324,10.88972420514922,10.341813073006348,10.460351635716309,1750600
2008-06-24,10.3207426071167,10.531477322463319,9.917712401212393,10.444549692010133,2340600
2008-06-25,10.465621948242188,10.597331261970172,10.17322711098809,10.17322711098809,2983400
2008-06-26,9.96776294708252,10.376061702391105,9.917713759353411,10.376061702391105,2179600
2008-06-27,9.778100967407227,9.92824953227141,9.535756267929072,9.867663357401872,2907000
2008-06-30,9.72541332244873,9.788634222690659,9.517313411556232,9.641119458700908,2496600
2008-07-01,9.688539505004883,9.804444376602179,9.393510841131278,9.572635638270189,2105000
2008-07-02,9.127452850341797,9.870293055796402,9.090573410506627,9.746486019933306,2087200
2008-07-03,8.82452392578125,9.164334192746944,8.732327809098607,9.124820997104493,1329000
2008-07-07,8.695448875427246,9.20384693166912,8.597984259863544,8.924623816022455,2910200
2008-07-08,8.168612480163574,8.864038064914558,7.865681130057987,8.708621019633819,5923800
2008-07-09,7.9236345291137695,8.360909533855777,7.839340624936702,8.318762581767244,3269000
2008-07-10,7.589088439941406,7.910459399066123,7.375719550760797,7.910459399066123,3320800
2008-07-11,7.504797458648682,7.607530573840745,7.193963363786199,7.4178693221558865,2474800
2008-07-14,7.312501430511475,7.72870285727832,7.175523618555,7.625969749526552,2034600
2008-07-15,7.346743106842041,7.610161653547669,6.91737109678151,7.204497352885125,3644400
2008-07-16,7.770845890045166,7.994751719566551,7.375718132924225,7.375718132924225,3895200
2008-07-17,7.94997501373291,8.036903148970437,7.494260865440158,7.899925329071546,4917200
2008-07-18,7.531135559082031,8.100119524511797,7.449475958214775,8.086948799428063,2606400
2008-07-21,7.952608585357666,8.07378091406654,7.539041416387832,7.639140274780765,1748800
2008-07-22,7.981584072113037,8.287149634452511,7.5337727146857425,7.952608365250068,2661800
2008-07-23,7.612798690795898,8.100123281381512,7.586456725979965,7.957876972834183,2351800
2008-07-24,7.3915276527404785,7.670751801412795,7.220305619736925,7.670751801412795,3087800
2008-07-25,7.4468464851379395,7.59699505801374,7.3862603070356485,7.3862603070356485,1406200
2008-07-28,7.415234088897705,7.4863572372301554,7.280890531746791,7.4863572372301554,1980200
2008-07-29,7.375722408294678,7.494261005114757,7.180792662081493,7.470553285750742,2586800
2008-07-30,7.97368049621582,7.984216978097529,7.378354448182792,7.481087533077022,3067400
2008-07-31,7.52850341796875,7.902557842616509,7.399428366831079,7.752409323995771,2237600
2008-08-01,7.618065357208252,7.660212289833191,7.2334739689668455,7.491624559333434,1962200
2008-08-04,7.244012355804443,7.741873407843575,7.178157698024402,7.6707507592888176,1943000
2008-08-05,7.49953031539917,7.662850132805092,7.262453582494247,7.270356324482556,2538600
2008-08-06,8.273981094360352,8.331933025857012,6.941082650486907,7.0148395628587865,4887600
2008-08-07,7.66284704208374,8.22392843373403,7.594358146436518,8.165976523154583,2537800
2008-08-08,8.14753532409668,8.163340295430958,7.631234737010806,7.631234737010806,1831200
2008-08-11,8.097489356994629,8.231832930715653,7.855144175417112,8.165978267269928,1811200
2008-08-12,7.907827854156494,8.279248103913295,7.889388629370598,8.071147132915454,1597400
2008-08-13,8.56900691986084,8.6269593346572,7.926265883853579,7.968412820561231,1892200
2008-08-14,8.184415817260742,8.4952498454845,7.989486113656086,8.26870968882696,1696400
2008-08-15,8.226563453674316,8.429395913424571,8.01319451029648,8.184416514301686,979000
2008-08-18,7.668117046356201,8.358273626561713,7.594359643634116,8.289784717412177,1797600
2008-08-19,7.6338701248168945,7.897288697812075,7.544307769804048,7.620699397139557,2161600
2008-08-20,8.210758209228516,8.247636654369012,7.50743049054351,7.654944773536631,2855800
2008-08-21,8.118563652038574,8.295054188058163,8.002659291946136,8.021099021622073,1496800
2008-08-22,7.8156304359436035,8.076414808132078,7.662847657214058,8.007925906986952,970800
2008-08-25,7.741872310638428,7.942070502208705,7.612797259974255,7.8656793712744815,952800
2008-08-26,7.826169013977051,8.052709247438461,7.7208016387966065,7.85251098337998,1087800
2008-08-27,8.331932067871094,8.418860206336934,7.847242191453027,7.942072568232254,2887200
2008-08-28,8.144901275634766,8.49524791368322,7.910458935849022,8.429393278693428,1753200
2008-08-29,8.429397583007812,8.5110577338437,8.213394350332237,8.258175545089216,1713000
2008-09-02,7.5574798583984375,8.471542229648733,7.454746261607257,8.471542229648733,3794600
2008-09-03,7.884122848510742,7.955246027811038,7.4731897610501985,7.510068223310485,5050200
2008-09-04,7.436307907104492,7.986852891608864,7.280890873061756,7.889388278523116,4478200
2008-09-05,7.544311046600342,7.594360737888706,6.817275409061234,7.328307803314407,3103200
2008-09-08,7.64177131652832,7.920994806720138,7.354645089870628,7.660210532517739,2965600
2008-09-09,7.080692291259766,7.715531628299768,7.056985077673888,7.296695981907217,3514200
2008-09-10,7.29932975769043,7.573285365108253,6.827810686657451,7.236109348847351,2459000
2008-09-11,7.889389514923096,8.097490006848194,7.249282054470658,7.257184293162355,3309800
2008-09-12,8.95096206665039,9.048426647245371,7.981581737614564,7.981581737614564,5473400
2008-09-15,8.07641315460205,8.521590167255034,7.676016815620339,8.308221772930848,5205400
2008-09-16,7.936800956726074,8.013192579956053,7.388890374439806,7.844604863077517,5271000
2008-09-17,8.081685066223145,8.595351685786799,7.7181670117048276,7.781387936132471,4156800
2008-09-18,8.621699333190918,9.140536390543978,8.261689616725656,8.34110379206936,5016600
2008-09-19,9.333776473999023,9.693786182047464,8.814939428776071,9.06906357217512,3374400
2008-09-22,8.248453140258789,9.381423921525565,8.129332144611704,9.262303935677958,3732800
2008-09-23,8.073742866516113,8.66934684847222,8.007564646298768,8.25904208508458,2334200
2008-09-24,8.176980972290039,8.288160405766066,7.8699140617181085,7.965210863240351,2448400
2008-09-25,8.714347839355469,8.775232692576074,8.100214521278039,8.100214521278039,2049000
2008-09-26,8.452281951904297,8.574049628773079,8.206098904000331,8.542284367372408,2251800
2008-09-29,7.5046067237854,8.444336804399123,7.006946460411185,8.007560858549075,2919800
2008-09-30,7.65549373626709,7.9731492791427305,7.4384293340918815,7.6396111105931785,2588800
2008-10-01,7.509903907775879,7.631671578550043,7.327251896714932,7.515197781144542,2069000
2008-10-02,6.644294261932373,7.509905614435595,6.562233399722837,7.509905614435595,4371600
2008-10-03,6.069863796234131,7.107537857623519,5.987802980266725,6.556935325349529,3759200
2008-10-06,5.691325664520264,5.887213091920446,4.4418813283057315,5.450437037251144,4929800
2008-10-07,5.397496223449707,6.24457776096905,5.333965183870729,5.942805196743952,3481800
2008-10-08,5.204254627227783,5.3869066363849285,4.542472497571151,5.164547800428324,4004200
2008-10-09,4.545119762420654,5.3551409612471925,4.510707313260904,5.206901903105667,3575000
2008-10-10,4.200992107391357,4.635121190447447,3.6848021976742347,4.137461095953822,6545400
2008-10-13,4.899834156036377,5.111604201313632,4.335995590023812,4.537177385487011,2910800
2008-10-14,5.159251689910889,5.641028837752304,4.78335954628195,5.394845887396091,4177200
2008-10-15,4.060696601867676,5.003074541255388,4.023636698820992,4.91571928992029,2835200
2008-10-16,4.100401878356934,4.407468735910478,3.788040895216177,4.081872060126929,3866600
2008-10-17,4.280407905578613,4.50011960739051,3.9574580748328487,3.9574580748328487,3905600
2008-10-20,4.592770099639893,4.735714839932071,4.335998197328146,4.386293802662393,2446000
2008-10-21,4.899834156036377,5.101015951499576,4.470999183225417,4.547766140200681,2638000
2008-10-22,4.5027642250061035,4.7357112376938115,4.309524026368632,4.709240364926678,2591000
2008-10-23,4.386291980743408,4.703947612626818,4.084519483883964,4.703947612626818,2195600
2008-10-24,4.2777605056762695,4.365115744156176,3.7827474034734974,3.975987955454736,1225600
2008-10-27,4.039517879486084,4.428645561010558,4.026282187387671,4.1983454273175544,1361400
2008-10-28,4.373056888580322,4.4868835074988995,3.9362804861287253,4.208934681207078,2635800
2008-10-29,4.386291980743408,4.624533452206111,4.060695286247723,4.386291980743408,4165800
2008-10-30,4.812480926513672,4.915718802890425,4.418058739569348,4.571592211701366,2193400
2008-10-31,5.196313858032227,5.344553441371849,4.733066296120397,4.812480466816575,2189400
2008-11-03,5.063957214355469,5.183078213305968,4.812480279204062,5.0321919512351725,1390800
2008-11-04,5.386909484863281,5.421321951646109,4.883954901352942,4.899837539491173,2671200
2008-11-05,4.99777889251709,5.421319596435426,4.944836620089637,5.1883724869752,2120200
2008-11-06,4.897188186645508,5.122194231336196,4.7542429918185745,4.857481356382384,1727600
2008-11-07,4.947484016418457,5.138077113950074,4.733066213683153,5.056016260069765,1651800
2008-11-10,4.9104228019714355,5.191018765723833,4.796596709014884,5.191018765723833,1729200
2008-11-11,4.698652744293213,4.886598611713107,4.579531768534368,4.815126531157455,1693600
2008-11-12,4.378350257873535,4.656298515181989,4.317465925929138,4.526589294778068,1419600
2008-11-13,4.743653774261475,4.743653774261475,3.9733395052599985,4.314818781927839,2220200
2008-11-14,4.624534606933594,4.997779789899564,4.478942700491487,4.6165935423384665,2711800
2008-11-17,4.322761058807373,4.629827941357459,4.301584049834943,4.629827941357459,1254000
2008-11-18,4.285703182220459,4.436589496327368,4.050108544929878,4.29099705796637,1602000
2008-11-19,3.6795098781585693,4.238054360300799,3.642450226987006,4.235407170231419,1763800
2008-11-20,2.914489269256592,3.565683053498529,2.869488053286424,3.504798951471281,2072800
2008-11-21,3.655683755874634,3.6874492605101015,2.9594890850437006,3.001843091224325,3633200
2008-11-24,3.856867790222168,3.912457522551552,3.67951008481175,3.7853954214843624,1983800
2008-11-25,3.938927412033081,3.983928618713992,3.647743163209522,3.983928618713992,2190200
2008-11-26,4.5742387771606445,4.606004040218148,3.9733404145755262,4.129521055157557,3697200
2008-11-28,4.815125942230225,4.828361380184786,4.431292182752817,4.431292182752817,720200
2008-12-01,4.433939456939697,4.632474059489236,4.238052043012105,4.518647473243564,10397600
2008-12-02,4.306877613067627,4.516000473973692,4.031576043637296,4.516000473973692,4263200
2008-12-03,4.320113182067871,4.402174015664358,4.087165867992668,4.137461445635513,2683200
2008-12-04,4.005105972290039,4.48953027822003,3.8674551511909017,4.288348930336379,1998400
2008-12-05,4.113638401031494,4.1454039183137965,3.6556852113159346,3.9389279297538846,1514200
2008-12-08,4.418057918548584,4.52923734356268,4.261877285674028,4.280407105693088,1401000
2008-12-09,4.613945007324219,4.8495392797563674,4.373056356772325,4.433940190450345,1891600
2008-12-10,4.852185249328613,4.99248320484303,4.611296659318648,4.680122042878575,1586400
2008-12-11,5.000425815582275,5.29425725479109,4.793950105781242,4.873363762643222,3198200
2008-12-12,4.928954124450684,4.971308145517734,4.63512266151073,4.748949282465838,1757800
2008-12-15,4.786009311676025,5.278375477518405,4.648358479627649,5.03483958424043,1285000
2008-12-16,5.257197856903076,5.275727677361488,4.801891388954731,4.870716797014358,2365000
2008-12-17,5.379890441894531,5.435902938825004,5.121165106504303,5.235857434801273,2006200
2008-12-18,5.049150466918945,5.377225092532902,4.905117406653962,5.334548743285992,1709400
2008-12-19,5.0544843673706055,5.195849561926198,4.934456835444032,5.097160710112913,2333400
2008-12-22,4.726409435272217,5.150506050084841,4.569040225562267,5.139837218426653,1237200
2008-12-23,4.66506290435791,4.883779325625462,4.635722722910041,4.883779325625462,2094000
2008-12-24,4.635722637176514,4.7184085090472685,4.417006219953926,4.601048294168485,797800
2008-12-26,4.587711811065674,4.72907701756437,4.470351604238197,4.72907701756437,1611200
2008-12-29,4.601047992706299,4.713073529400139,4.529031467244077,4.667729847673057,1874000
2008-12-30,4.8170952796936035,4.822429948217087,4.438342463140118,4.6010462919124295,1435800
2008-12-31,4.862440586090088,4.961129952121479,4.6543935308629765,4.742413556245715,1620800
2009-01-02,4.982468605041504,5.030479625104909,4.84110288027061,4.873110396560285,2215200
2009-01-05,5.350552082061768,5.40923244202328,4.934457435365268,4.934457435365268,2069200
2009-01-06,5.547929286956787,5.654620645689962,5.414565597282421,5.566600630854565,2569400
2009-01-07,5.267866134643555,5.3718896575428285,5.115831598485496,5.3718896575428285,1979800
2009-01-08,5.481247425079346,5.518589604016707,5.198516546296441,5.203851215964935,2072600
2009-01-09,5.473244667053223,5.5906043202414635,5.318542843539647,5.558597327096301,2129600
2009-01-12,5.246527671813965,5.401229534425607,5.129167480223099,5.28386934283474,1371200
2009-01-13,5.473244667053223,5.502584325979291,5.115830021566344,5.147837014711507,1439400
2009-01-14,5.2732014656066895,5.430570691570105,5.142505084656806,5.291872304493501,2275600
2009-01-15,5.47858190536499,5.505254242583329,4.99847220430156,5.265199646422725,1888200
2009-01-16,6.094722747802734,6.137399101999138,5.49458594458076,5.505254778758725,3176600
2009-01-20,5.833329677581787,6.1133933024535185,5.7933201522496125,5.993365743941491,4815200
2009-01-21,6.193408489227295,6.289430491906513,5.9160123274480165,5.9160123274480165,2996400
2009-01-22,5.956023693084717,6.294767662744949,5.889341833328398,6.121394929126963,3284600
2009-01-23,6.140064239501953,6.249422421571291,5.745307850142292,5.790651015093007,2289000
2009-01-26,6.3454461097717285,6.534822350004153,6.110725675161649,6.222751221511409,2088800
2009-01-27,6.022701740264893,6.31876917295965,5.827990955133159,6.180070870369143,2755000
2009-01-28,6.324105739593506,6.348111243748844,5.916013186436934,6.161402388780988,2559400
2009-01-29,6.244090557098389,6.377454303313634,6.062715780846885,6.062715780846885,1699200
2009-01-30,6.23341703414917,6.5214824889867815,6.137395046289321,6.398787670194537,1968600
2009-02-02,6.121394157409668,6.201412175532583,5.934684770133332,6.126728318873618,1335400
2009-02-03,6.417462348937988,6.489478883034222,6.097389711969576,6.1774077440261195,1586800
2009-02-04,6.622840404510498,6.73486591734674,6.441465716228765,6.462803884924141,1902400
2009-02-05,6.441468238830566,6.660184680797219,6.3774537076751265,6.6121741639873415,2406200
2009-02-06,6.812219142913818,6.908240676512501,6.388122467564444,6.4014586362263595,3021200
2009-02-09,7.070945739746094,7.313667712159281,6.625510816211791,6.932247324440755,2216200
2009-02-10,6.652183532714844,7.174969152388763,6.574832318864274,7.156298310077879,4254000
2009-02-11,6.724201202392578,6.881570495511149,6.5508283989334934,6.6201776220656114,2835200
2009-02-12,6.908239841461182,6.916241846936402,6.4814758822171745,6.500147228326022,3336200
2009-02-13,6.862895488739014,7.068275697131119,6.814884478076743,6.924242665144308,3183600
2009-02-17,6.710860729217529,7.148293462392385,6.16140247794398,7.148293462392385,3213200
2009-02-18,6.262758731842041,6.865562668951772,6.116058877005531,6.804215493928657,2697400
2009-02-19,6.2734293937683105,6.641513030249326,6.177407354363607,6.3987911050805115,3357800
2009-02-20,5.731973171234131,6.1427337122064145,5.561267756150723,6.049378997554326,3994400
2009-02-23,5.630617141723633,6.001368167969555,5.587940786561899,5.865337095113171,3980800
2009-02-24,6.054712772369385,6.134730796654965,5.630616124422993,5.630616124422993,3694000
2009-02-25,6.377452373504639,6.505481409031694,6.004034098846312,6.025372271434155,5886400
2009-02-26,6.329442977905273,6.532155923741648,6.276097787153993,6.508150409843768,4472400
2009-02-27,6.217416286468506,6.502814556804651,6.038708886995097,6.1187274216988,3648600
2009-03-02,5.630617141723633,6.110726391664285,5.601276956771585,6.022706345550422,3516200
2009-03-03,5.747975826263428,5.924015886707524,5.56926843051052,5.713301484733248,2629800
2009-03-04,6.004034519195557,6.1534017377678225,5.945354667656288,6.001367183842563,3391200
2009-03-05,5.6439528465271,5.868003947021859,5.5319272962797195,5.8066567551284045,5244400
2009-03-06,5.505256652832031,5.734642516280848,5.342553187849856,5.699968157470941,3564400
2009-03-09,5.625280857086182,5.795986228783129,5.3825589659262825,5.467911651774757,2846200
2009-03-10,5.945357322692871,6.153404485712669,5.729307641298181,5.7959895286747685,2392200
2009-03-11,5.876005172729492,6.1373979189831935,5.705299280106073,6.068048729595894,2978200
2009-03-12,5.835995674133301,5.985363394306494,5.646619451804605,5.966692556470389,2937000
2009-03-13,5.673292636871338,5.892009051105591,5.489250565171357,5.870670876759376,2492800
2009-03-16,5.9133453369140625,6.081383342631639,5.617277817265618,5.617277817265618,2799200
2009-03-17,6.190742015838623,6.190742015838623,5.74530779616303,5.95335481924656,2449200
2009-03-18,6.096780300140381,6.188057548749336,5.677979137850158,6.174634634798573,3294400
2009-03-19,6.128995418548584,6.324972810789534,6.091410853475331,6.30886521319404,2713000
2009-03-20,5.656501770019531,6.1558419170094485,5.635024801979713,6.147787861975275,1728000
2009-03-23,5.911543846130371,5.911543846130371,5.656504289035637,5.812212504678827,2285000
2009-03-24,5.857851028442383,6.0296668458249965,5.726304479252379,5.841743423575645,3507000
2009-03-25,6.069937705993652,6.08873000035684,5.831005716378736,5.916914152405849,2872000
2009-03-26,6.421622276306152,6.437729881065064,6.091413562465088,6.091413562465088,2680200
2009-03-27,6.0135602951049805,6.3222920881028095,5.984029766347995,6.3222920881028095,1857800
2009-03-30,5.667242527008057,5.7961043811082495,5.557172962624372,5.7961043811082495,1793000
2009-03-31,5.69140100479126,5.790731769740188,5.600123781186122,5.734354932128829,2343200
2009-04-01,5.605495929718018,5.796104542252266,5.538380314835107,5.538380314835107,2989600
2009-04-02,5.873957633972168,6.008188846478447,5.747780478554783,5.747780478554783,1773800
2009-04-03,5.967918872833252,6.005503956044005,5.728987506946294,5.876641618259304,1555800
2009-04-06,5.959867477416992,5.97597508342795,5.742412492037026,5.855166758216858,937000
2009-04-07,5.699456214904785,5.900803000272088,5.656502274990536,5.865903116111018,1835600
2009-04-08,5.720933437347412,5.812210691706426,5.557171726216196,5.661871895371558,2496800
2009-04-09,6.005504608154297,6.005504608154297,5.833688309801741,5.914227343668967,1389000
2009-04-13,5.9276533126831055,5.967922594329594,5.852483611438414,5.919599251533128,1447600
2009-04-14,5.745096206665039,5.911543147464264,5.686034653246722,5.860535139663481,1602600
2009-04-15,5.664556503295898,5.806841241576832,5.565225194186297,5.731672100462791,1998400
2009-04-16,6.236383438110352,6.282022081294543,5.551804302399035,5.726304816202747,4833000
2009-04-17,6.437729358673096,6.571960582225336,6.284705845751779,6.284705845751779,3535000
2009-04-20,6.120944499969482,6.359876461640997,6.094098660905509,6.346453030057453,2447400
2009-04-21,6.026982307434082,6.174636452566152,5.914228056079074,6.010874191489441,2715200
2009-04-22,5.943759441375732,6.201483701365356,5.930336521523298,5.949128814137334,2429800
2009-04-23,5.90080451965332,6.080674381377673,5.852481196794317,6.03235105851867,1907600
2009-04-24,6.153161525726318,6.198800178664385,5.927652947920772,5.9813456615132035,1230200
2009-04-27,5.833688735961914,6.043089624852047,5.79073478624878,5.986712245821389,2285600
2009-04-28,5.871273994445801,5.992081789460653,5.675296017199131,5.680665389080188,2560000
2009-04-29,5.769257068634033,5.959865643991361,5.723618438933101,5.876641929091694,1820200
2009-04-30,5.626974105834961,5.927652349926513,5.58402014411497,5.771944110678642,1652200
2009-05-01,5.822952747344971,5.898121932269604,5.586705420877546,5.618921151596438,1558600
2009-05-04,6.3545050621032715,6.354505062103271,5.873957117776059,5.8766418032364305,1720600
2009-05-05,6.631020545959473,6.65786637251736,6.31155019181768,6.3357118453608345,2197400
2009-05-06,6.931699752807617,6.9558614120957545,6.67397606980275,6.859214774943208,1675200
2009-05-07,6.778675556182861,8.49146543180883,6.5907516725770385,7.310230981854571,6490400
2009-05-08,6.988076210021973,7.280700256671637,6.767936619658309,6.843106273347222,2828400
2009-05-11,6.751829147338867,6.95049125864874,6.663236577267555,6.926329602079165,1296200
2009-05-12,6.539745330810547,6.888746304850394,6.394775364576116,6.888746304850394,1767800
2009-05-13,6.381351947784424,6.545113678393997,6.287389996879722,6.4592057845559046,2332200
2009-05-14,6.5343732833862305,6.620281148770069,6.190741309799609,6.30886488072802,1458000
2009-05-15,6.316921234130859,6.631022301287675,6.279336145308122,6.502159944262003,1258400
2009-05-18,6.545114040374756,6.622968393503449,6.402829275355577,6.448467910487561,2324000
2009-05-19,6.67665958404541,6.775990377422703,6.4430970892572414,6.571958908150061,2486200
2009-05-20,6.641761302947998,7.036400940988574,6.609546093992428,6.794784825615741,2623800
2009-05-21,6.3303446769714355,6.585384214386641,6.257859691131135,6.55585318044026,2078000
2009-05-22,6.287389278411865,6.459205046454445,6.257858251260279,6.410881733679624,1094000
2009-05-26,6.21221923828125,6.23638089316897,6.045772851334008,6.180004039798522,3100800
2009-05-27,6.292759895324707,6.410883003220086,6.217590225894617,6.247121258894202,2157800
2009-05-28,6.413565635681152,6.469942997716062,6.260542171952753,6.367927013862918,2359600
2009-05-29,6.494107246398926,6.566591723623259,6.351821953974269,6.475314955561079,2065200
2009-06-01,6.526321887969971,6.733038093303098,6.4243063842758765,6.545114177172714,2994200
2009-06-02,6.394777774810791,6.61760166789268,6.3545084952517366,6.494109142304688,1937200
2009-06-03,5.782680988311768,6.166581833110263,5.715565380807971,6.166581833110263,4893600
2009-06-04,5.865902900695801,5.887379869864221,5.731671715380343,5.8766411292543435,3397200
2009-06-05,5.64307975769043,5.914226842502252,5.554487186379746,5.871272899566853,2365200
2009-06-08,5.728988170623779,5.779996174571535,5.4632104322403805,5.635026219788896,2884000
2009-06-09,5.8122124671936035,5.89543569086662,5.720935184951636,5.814897153383253,2244000
2009-06-10,5.779994964599609,5.930333747232958,5.6323403550397995,5.87664106883824,3046600
2009-06-11,5.661872863769531,5.788050025411021,5.635026517533703,5.774627108318839,1908000
2009-06-12,5.56254243850708,5.605496394630568,5.433680570136619,5.59475816162547,1499400
2009-06-15,5.516902446746826,5.618918451626796,5.4390486123345125,5.546433476378095,1963200
2009-06-16,5.3048176765441895,5.600126451859733,5.226963326084473,5.592072394623796,2884000
2009-06-17,5.085700035095215,5.296702677671258,5.047827964364233,5.296702677671258,2372800
2009-06-18,5.099224090576172,5.156032173805421,5.009953876953024,5.115454897789092,2003600
2009-06-19,5.080288410186768,5.191199879666492,5.012659440212882,5.191199879666492,2286400
2009-06-22,4.774605751037598,5.004544379789107,4.701566330851561,5.004544379789107,2906400
2009-06-23,4.8097734451293945,4.8557611740974105,4.70427188104501,4.817888592850214,2717800
2009-06-24,4.677219390869141,4.917978337237213,4.660988068036562,4.847644152866845,2434600
2009-06-25,4.912568092346191,4.931504120438529,4.669103915789735,4.677219577529908,2548200
2009-06-26,4.798952102661133,4.923389687520687,4.758374820021244,4.8855171098844,1925200
2009-06-29,4.79083776473999,4.942327085246002,4.77190172866881,4.8719928684328435,2512800
2009-06-30,4.86387825012207,4.880109583935071,4.66640166577947,4.815185280619863,3044800
2009-07-01,5.147918224334717,5.193905952096914,4.91256914320625,4.917979585523727,3988800
2009-07-02,5.037008762359619,5.0965221038813215,4.9315071586128205,5.08570121489462,2012600
2009-07-06,4.936914920806885,4.947735803914441,4.7989517569941915,4.893632420312876,2158600
2009-07-07,4.693451881408691,4.9666730554861,4.6880414385236175,4.963967834043564,2440400
2009-07-08,4.617707252502441,4.78813259247489,4.53384745122851,4.739439638197047,2122800
2009-07-09,4.763785362243652,4.869286402521816,4.644758216822036,4.71779763669222,1727000
2009-07-10,4.636643886566162,4.685336847143359,4.5608997398623465,4.67181125408005,1358400
2009-07-13,4.747554302215576,4.747554302215576,4.5203208827485835,4.652874140744482,1332400
2009-07-14,4.747554302215576,4.844940200835197,4.663694509497671,4.823298947360635,1395800
2009-07-15,4.945031642913818,4.972082824543869,4.812478892247347,4.85846610740572,2047400
2009-07-16,4.993723392486572,5.028890749317123,4.823298598207285,4.926094415778131,1295000
2009-07-17,5.172264099121094,5.196610054790705,5.015364901882457,5.028890490139809,1656200
2009-07-20,5.231777667999268,5.31834267544183,5.177674280363594,5.245303256924115,3012600
2009-07-21,5.323750972747803,5.337276556223924,5.207429097368596,5.337276556223924,1425800
2009-07-22,5.35621452331543,5.391381878664718,5.145212455092196,5.253418710074383,1984600
2009-07-23,5.659193515777588,5.686245213116253,5.312932924972734,5.36162587698869,2327800
2009-07-24,5.737643718719482,5.7457593839113255,5.583449691852484,5.607796171459724,1643800
2009-07-27,5.940528869628906,5.997337476485686,5.721411136822758,5.778219743679539,1861000
2009-07-28,5.718707084655762,5.81879821435034,5.648372874918426,5.81879821435034,1310600
2009-07-29,5.540166854858398,5.618616732592514,5.496884341614837,5.561808111480179,1217400
2009-07-30,5.7457594871521,5.794452447241504,5.588860235735295,5.599681122852183,1340200
2009-07-31,5.753870964050293,5.813384251966531,5.626728212819895,5.699767599786134,802400
2009-08-03,6.008159637451172,6.008159637451172,5.840440019649966,5.845850463054723,1216200
2009-08-04,6.029799461364746,6.062261079360422,5.93241357544149,5.93241357544149,1119800
2009-08-05,5.986514091491699,6.075784279850308,5.872897441220023,6.008155333640213,1004800
2009-08-06,5.918887615203857,6.0054531358891845,5.832322610486658,5.954054970850299,1067000
2009-08-07,5.954057216644287,6.048737919754118,5.848556141847564,5.9405311070752695,1510000
2009-08-10,6.056852340698242,6.165059140356425,5.8431449949066785,5.8431449949066785,1448800
2009-08-11,5.956761360168457,6.14071228925873,5.913478849319949,5.994633428168844,1573600
2009-08-12,5.86749267578125,5.991929798536105,5.8079788205781755,5.983814648076315,1469400
2009-08-13,5.978399276733398,5.997335300158066,5.8052688140622815,5.913475546719708,877000
2009-08-14,5.9378252029418945,6.002748967867308,5.813387599858689,5.9378252029418945,1464600
2009-08-17,5.767401218414307,5.786337256453549,5.6348484361712705,5.743054736372898,1038600
2009-08-18,5.986514091491699,6.002745410079019,5.7511656476226,5.7511656476226,1312400
2009-08-19,6.1055426597595215,6.181287283604959,5.872898863351992,5.910771433258729,1221600
2009-08-20,6.124482154846191,6.178585561939849,6.037917116271004,6.064968819817833,752000
2009-08-21,6.2732625007629395,6.289493306760955,6.11095289287873,6.202928320147515,1589800
2009-08-24,6.486971855163574,6.562716501050524,6.340893521771544,6.346303448217036,1180200
2009-08-25,6.4977922439575195,6.584357252095374,6.411227235819665,6.48156091795556,1201400
2009-08-26,6.484265327453613,6.543779150076377,6.397700330149321,6.45991885746577,1227600
2009-08-27,6.551896572113037,6.608705193808397,6.392292109401293,6.484267579979866,853000
2009-08-28,6.440981864929199,6.7169081395212125,6.36794298186379,6.62763793491415,1236000
2009-08-31,6.17858362197876,6.354418865871635,6.110954642330103,6.286789886222978,1754800
2009-09-01,6.0433268547058105,6.265149869152286,6.0270960408597505,6.194815654528333,1214600
2009-09-02,5.918887615203857,6.089312919712955,5.899951584917986,6.000042694102327,1321800
2009-09-03,6.00545597076416,6.037917604872558,5.905364814331796,5.981109487198676,1188400
2009-09-04,6.119071006774902,6.129891376455065,5.948645669590352,6.040621133728757,562000
2009-09-08,6.238095760345459,6.330071196576834,6.181287675832705,6.257031788516376,1327000
2009-09-09,6.165058135986328,6.27867432837496,6.0866082706114994,6.275969623195572,1620200
2009-09-10,6.162352085113525,6.1812881146286704,5.9919267875410105,6.148825981196918,2780400
2009-09-11,6.259737968444824,6.3490081977660395,6.165057813080013,6.167762518117737,1578000
2009-09-14,6.313841342926025,6.332777373957899,6.1407113266710045,6.200224640766631,1242800
2009-09-15,6.294907569885254,6.424755128652999,6.246214606355266,6.367947015180235,1354200
2009-09-16,6.349007606506348,6.424752239712527,6.251622239204803,6.29760996008568,2191000
2009-09-17,6.757394313812256,6.85540664690128,6.291836770213683,6.291836770213683,5851600
2009-09-18,6.757394313812256,6.937083244950703,6.675717715762834,6.757394313812256,2163200
2009-09-21,6.7628374099731445,6.80639831766323,6.531419763315198,6.643044654181916,1325200
2009-09-22,6.855405807495117,6.94797288423662,6.814567513470827,6.879908887767108,783200
2009-09-23,6.662106513977051,6.874466456814141,6.6321586963894585,6.841795496651783,1162000
2009-09-24,6.335399150848389,6.7002223421607745,6.329953904581096,6.643048294928729,1803000
2009-09-25,6.806398868560791,6.90713380030178,6.3707892371154955,6.452466335110439,3488400
2009-09-28,6.814565181732178,6.8526808405412085,6.643043678517728,6.779171624877873,1980200
2009-09-29,6.847239017486572,6.928916137663372,6.751949303590555,6.852684262689126,1298400
2009-09-30,6.9751973152160645,7.138550461536586,6.795507919546912,6.8880749794149345,2244200
2009-10-01,6.768284797668457,7.016037733384612,6.751949062643748,6.9506963511472115,1273600
2009-10-02,6.653936386108398,6.7900643779395775,6.433408665455193,6.536866230047653,1551400
2009-10-05,6.928915500640869,6.939805470757621,6.580427629023821,6.692052548977892,1227400
2009-10-06,6.901691913604736,7.092270863051033,6.809124802424118,7.005148998242752,1718200
2009-10-07,7.097710609436035,7.119491058760524,6.863570389732635,6.893518702286383,1683800
2009-10-08,7.242010116577148,7.274680547638245,7.097714241410416,7.143997784819584,1739000
2009-10-09,7.350912094116211,7.391750390781656,7.176668418057186,7.233841929531385,1828200
2009-10-12,7.563272953033447,7.677620510225303,7.389028734896649,7.389028734896649,1965200
2009-10-13,7.467984676361084,7.634061058424295,7.421701120013334,7.606835345404333,1760600
2009-10-14,7.536045551300049,7.625890003234876,7.473426801012426,7.625890003234876,2154800
2009-10-15,8.099614143371582,8.105059386752306,7.467980451243313,7.525153948879946,2891200
2009-10-16,8.102339744567871,8.16768113130384,7.879089876731515,8.061501442768789,1952200
2009-10-19,8.077834129333496,8.23301993913198,8.045163186555754,8.151343361118153,1008200
2009-10-20,8.510721206665039,8.537946905993813,7.938983597908841,8.004324964725688,2622800
2009-10-21,8.79931354522705,9.128743045049033,8.43176785355334,8.5025544735213,3323000
2009-10-22,8.946335792541504,8.976284130317236,8.62235088160911,8.84015607757272,1832600
2009-10-23,8.714909553527832,9.079732444619992,8.698574866742632,8.995333793366656,1306400
2009-10-26,8.57878303527832,9.033450385940297,8.551557342804744,8.73669142848079,1553400
2009-10-27,8.358255386352539,8.684962117593628,8.246630521600977,8.641401220094815,2635200
2009-10-28,7.802857875823975,8.380040895127426,7.800135253175471,8.36915040453341,2174600
2009-10-29,8.309249877929688,8.380036471563193,7.800131135725478,7.870917729358983,3165000
2009-10-30,7.898146629333496,8.377317252073786,7.830082629273007,8.290195415082298,1901200
2009-11-02,7.772909641265869,8.042443574613051,7.58777597248262,7.982546914186043,1360200
2009-11-03,7.968931198120117,8.028827315794778,7.576882513402121,7.620443420672235,2227400
2009-11-04,7.797410011291504,8.09961427302844,7.759294345590269,8.017937698158077,2073400
2009-11-05,7.816468238830566,7.960764082293812,7.68306288285301,7.955318838550967,2094800
2009-11-06,7.6204423904418945,7.862749969284488,7.527875345185575,7.6721711555644045,1905400
2009-11-09,7.546935558319092,7.7729080003386555,7.481594185609623,7.751127542768833,1518400
2009-11-10,7.740238189697266,7.797411700636018,7.533323566671429,7.565994515270082,1671200
2009-11-11,7.658562660217285,7.9553218040953855,7.63406009281459,7.840974239304859,1562800
2009-11-12,7.707566261291504,7.821913787919947,7.5959413566407665,7.631334923063905,2079800
2009-11-13,7.7592926025390625,7.821911330492105,7.634055146632977,7.688506011219017,1821000
2009-11-16,7.955319404602051,7.971655136992935,7.797410959832933,7.811024070158671,1329600
2009-11-17,7.737513065338135,7.977098040202289,7.666726465670171,7.900866716934439,1230400
2009-11-18,7.631333827972412,7.797409590484377,7.560547224571013,7.77290651548824,1271400
2009-11-19,7.135829448699951,7.587774882514667,7.103159019784784,7.560549178893958,2127200
2009-11-20,7.165778160095215,7.217506947828607,7.070488451940167,7.108604646774466,1123800
2009-11-23,7.0650410652160645,7.380857878960257,7.002421811320023,7.310071280115947,1311800
2009-11-24,7.035093784332275,7.1684991374190234,7.021481194557163,7.062319483169512,1793400
2009-11-25,7.222949981689453,7.2474530568369016,6.97519712789811,7.010590170173884,998200
2009-11-27,6.964308261871338,7.067765310453205,6.904412130512056,7.0214822902804155,735400
2009-11-30,6.928915500640869,6.999701604617549,6.787342254113276,6.964308552629209,1177200
2009-12-01,6.882631301879883,7.018759290703786,6.751948037950765,6.964307887459398,2194200
2009-12-02,6.947972297668457,6.972475375871826,6.852682606798359,6.858127850685117,1302600
2009-12-03,6.83362340927124,6.996977058277961,6.817288200156648,6.942525668846742,1009400
2009-12-04,6.904409885406494,7.0105895216992495,6.776449278297866,6.9152998515275055,1421400
2009-12-07,6.893517971038818,7.084097271877056,6.866292282449525,6.877182765599969,1064000
2009-12-08,6.741055488586426,6.863570320060444,6.716552418434249,6.855402976200964,2348600
2009-12-09,6.81184720993042,6.928917406792546,6.743783190293115,6.928917406792546,3042800
2009-12-10,6.836347579956055,6.912578919291336,6.705664319562474,6.8554054147898755,2145200
2009-12-11,6.716553688049316,6.907133043193956,6.613096665073661,6.869016860592848,2772400
2009-12-14,6.8227338790893555,6.885353141490204,6.771005623101577,6.822733879089355,915800
2009-12-15,6.6974968910217285,6.877185787670978,6.678439056420603,6.806399173947479,1457800
2009-12-16,6.599483966827393,6.8063985449070055,6.550477814218143,6.738334559457935,2102400
2009-12-17,6.572088718414307,6.659753012049781,6.457029202387645,6.5666095694319875,1006000
2009-12-18,6.752896308898926,6.7638546066270155,6.615920722420162,6.6296185945802755,1655200
2009-12-21,6.862476825714111,6.870695549192384,6.761115182084133,6.78577082999854,718400
2009-12-22,6.815909385681152,6.892615952099119,6.711808102168881,6.884397223458386,875000
2009-12-23,6.950141429901123,6.993973575407286,6.752896252602998,6.8515188412520605,979400
2009-12-24,6.9967122077941895,6.99671220779419,6.898089632423459,6.930963475866823,158000
2009-12-28,6.9802775382995605,7.0706814274859635,6.958361459785296,7.037807570974832,534400
2009-12-29,6.999454975128174,7.035068934038641,6.958362387748909,6.985757620175285,591400
2009-12-30,7.059723377227783,7.089857657447425,6.928226911213421,6.983016844125818,557800
2009-12-31,7.0213704109191895,7.095337374912636,6.983017402561351,7.051505216069234,546400
2010-01-04,7.498044490814209,7.503523117637954,7.125470695736601,7.191218920305513,1826600
2010-01-05,7.982937335968018,8.191140298547362,7.478867115517065,7.51996021114068,3336200
2010-01-06,7.9637627601623535,8.067864527855761,7.774736251207881,7.971981485776214,2168400
2010-01-07,7.966501712799072,8.007594292615982,7.799391296020403,7.955543935357464,1169800
2010-01-08,7.903488636016846,7.982934176234888,7.83226129365434,7.87061427703407,869000
2010-01-11,7.708988666534424,8.10347864654975,7.602147837111339,7.961023858971911,1903400
2010-01-12,7.418599605560303,7.5829704551115515,7.341893069764245,7.5829704551115515,1919200
2010-01-13,7.306280136108398,7.377507526518176,6.980277989911489,7.377507526518176,1875400
2010-01-14,7.306280136108398,7.3720283759049865,7.188481010527633,7.303540560801803,897000
2010-01-15,7.372025966644287,7.388462890591524,7.2186134572558425,7.330933395516003,887800
2010-01-19,7.396683692932129,7.437776275610978,7.3336750313231915,7.344632809527967,1417400
2010-01-20,7.404901504516602,7.429557155584863,7.237791096725158,7.267925897479805,1273200
2010-01-21,7.303537845611572,7.492564291328945,7.267924424906741,7.36380691238912,1963800
2010-01-22,7.150128364562988,7.358331395757594,7.136430487334047,7.259708769791573,1546200
2010-01-25,7.152867794036865,7.237792541040846,7.114514261099117,7.163825573075809,891000
2010-01-26,7.207659721374512,7.259710623091157,7.0295914521047225,7.111776646376711,1409000
2010-01-27,7.215874671936035,7.224093396068607,7.043285122795174,7.22135382135775,1236600
2010-01-28,7.150128364562988,7.292583152620443,7.032329232997038,7.292583152620443,1538800
2010-01-29,7.150128364562988,7.396684406957452,7.109035777917342,7.213137032254351,1845400
2010-02-01,7.462430000305176,7.489825222514865,7.185739248776087,7.210394896512766,1570200
2010-02-02,7.8076066970825195,7.8322623389801915,7.407638324111885,7.506260369182296,2093600
2010-02-03,7.618582248687744,7.8076087111583465,7.566531900161387,7.791171786493203,1846000
2010-02-04,7.314495086669922,7.547353119815206,7.30901593888478,7.547353119815206,1146000
2010-02-05,7.254228591918945,7.298060747805062,6.983016931428408,7.295321172747116,1612200
2010-02-08,7.182999610900879,7.306277848496135,7.117251391690208,7.270664425702171,1035400
2010-02-09,7.336413383483887,7.377505959312376,7.139168183474417,7.251488134581831,1154400
2010-02-10,7.4322943687438965,7.443252665404975,7.163822370791618,7.289840169792293,988000
2010-02-11,7.372025966644287,7.456950683312129,7.281622101153904,7.393942039414066,707400
2010-02-12,7.470648288726807,7.470648288726806,7.188478404681754,7.210394476669305,1077200
2010-02-16,7.761041641235352,7.782957728099115,7.514485533387836,7.610368609362072,753800
2010-02-17,7.7035112380981445,7.837747320275203,7.615846378034961,7.763780339528456,905800
2010-02-18,7.78843355178833,7.810349629285499,7.656937086805323,7.719945744294618,1511000
2010-02-19,7.821308612823486,7.859662146248042,7.711728208440294,7.730904713892279,567600
2010-02-22,7.763778209686279,7.911711608076443,7.673374321081034,7.892535104814804,1187600
2010-02-23,7.591187000274658,7.758297388454179,7.506262280184265,7.7226839647131795,794400
2010-02-24,7.706249713897705,7.761040182015852,7.574753217438907,7.681594578017231,1034200
2010-02-25,7.10903263092041,7.5637915031987175,6.922745763236215,7.5637915031987175,5131200
2010-02-26,7.035065174102783,7.20217553232193,6.958358668809336,7.1062925313352014,2360200
2010-03-01,6.9802775382995605,7.040547146104181,6.8843944988544585,7.024109695328088,1321600
2010-03-02,7.133688449859619,7.147385798837359,6.980275424203021,6.988494147101886,1195200
2010-03-03,7.426817417144775,7.465170419063692,7.087117981878827,7.12821055858059,3890200
2010-03-04,7.6076226234436035,7.635017839571855,7.393940564667585,7.426814928525545,1529800
2010-03-05,7.689809322357178,7.719944118514743,7.599405456404878,7.645977176593663,1501200
2010-03-08,7.580230236053467,7.750080221415845,7.558314159476432,7.6898106189386395,1064000
2010-03-09,7.629539966583252,7.725422977792092,7.47064831351617,7.473387887838751,1973400
2010-03-10,8.114434242248535,8.155526815052047,7.528178357346315,7.61036402547375,3600600
2010-03-11,7.99115514755249,8.454132742059814,7.919927785126721,8.106214652621755,3478200
2010-03-12,8.04594898223877,8.100738922402485,7.815829874997663,8.078822841832883,1587000
2010-03-15,7.777470111846924,8.13086721577315,7.744596278586906,8.040463390527863,1453200
2010-03-16,7.810346603393555,7.89801087941925,7.72816095272924,7.835002246340819,1365600
2010-03-17,7.870614528656006,7.969237086237067,7.802126757562543,7.862396330537735,1381800
2010-03-18,7.614504814147949,7.86510873149302,7.595227670546447,7.848585540586414,1249800
2010-03-19,7.556675910949707,7.661323522045123,7.366657313545379,7.556675910949707,1821600
2010-03-22,7.741186618804932,7.763217722520763,7.429996687898007,7.471304941707322,988000
2010-03-23,7.782492637634277,7.865109121527065,7.727414631530555,7.727414631530555,1160800
2010-03-24,8.074406623840332,8.093683772729772,7.697123930613795,7.702631312251555,1461200
2010-03-25,7.8320631980896,8.228622974382189,7.807278146413459,8.151514391623376,2107000
2010-03-26,7.658567905426025,7.873371513468853,7.642044712580524,7.848586461569187,945400
2010-03-29,7.7219085693359375,7.790755826087094,7.650307359283188,7.688861654979713,1152400
2010-03-30,7.691614627838135,7.7549539699122985,7.633782666402252,7.691614627838135,734000
2010-03-31,7.686110973358154,7.779743324416428,7.653064570198239,7.719157901781178,1012400
2010-04-01,7.840324878692627,7.878879697040672,7.595228829343276,7.614505975885875,1322600
2010-04-05,8.311243057250977,8.330520210058616,7.851343242825649,7.859605104855932,1764200
2010-04-06,8.10469913482666,8.418642456986998,8.101945181529812,8.352549153651289,1551200
2010-04-07,7.529135227203369,8.055128169955506,7.474057217645551,8.055128169955506,2737000
2010-04-08,7.438257694244385,7.545659246862705,7.336363522975115,7.474058036696197,1043800
2010-04-09,7.46304178237915,7.573197274039893,7.339116525971552,7.446518589945742,1077000
2010-04-12,7.3060688972473145,7.518117985619357,7.278529897704936,7.4630405117973275,1387200
2010-04-13,7.2867937088012695,7.34462568004058,7.140837854520114,7.256501271735828,1173600
2010-04-14,7.396951675415039,7.4437678452061355,7.270272411460229,7.424490166252001,1369200
2010-04-15,7.129822731018066,7.427242900468359,7.083006568916495,7.3776733099457745,2061800
2010-04-16,6.876461982727051,7.113296650921927,6.7690604589004195,7.09126555564306,2383000
2010-04-19,6.774569988250732,6.92327978572083,6.656152625762527,6.785585275899728,2278800
2010-04-20,6.898494720458984,6.937049540323523,6.689199528110319,6.851678566187156,1269600
2010-04-21,6.851681709289551,7.016915301650982,6.760803312280229,6.8737128199202004,1454600
2010-04-22,6.8929853439331055,6.926031722521925,6.672673877202529,6.758044826626202,1173000
2010-04-23,7.173885822296143,7.173885822296143,6.948066845049585,6.978359814038326,1743400
2010-04-26,7.262008190155029,7.314331722175022,7.17939117466696,7.256500284069925,1377800
2010-04-27,7.019664764404297,7.319838782961413,7.011402906230723,7.248237587912096,1389200
2010-04-28,7.071987628936768,7.17388123633215,6.950816355704584,7.014155681951733,1013000
2010-04-29,7.358392238616943,7.4052083791151375,7.09126515769355,7.124312061388688,1186200
2010-04-30,7.435503959655762,7.526382320374371,7.306071302045287,7.3556408872221555,1846200
2010-05-03,7.680599689483643,7.702630790330618,7.388687471945493,7.454780774486421,1217600
2010-05-04,7.457533836364746,7.595228331515692,7.303316148869274,7.595228331515692,2452200
2010-05-05,7.314333438873291,7.520875238175256,7.027929083644638,7.325349253628949,2544600
2010-05-06,6.950818061828613,7.526381094378866,6.6203515881656925,7.358393641977623,2674000
2010-05-07,6.78283166885376,7.242731376139101,6.7002151688496685,7.0058971643380215,3403200
2010-05-10,7.270272254943848,7.270272254943848,6.994883150398527,7.080253625733928,1901800
2010-05-11,7.248239040374756,7.474057956409511,7.025174077616386,7.0306819841691555,1422400
2010-05-12,7.743940353393555,7.774232791856673,7.259255560091411,7.259255560091411,2575400
2010-05-13,7.895402908325195,7.953234348083788,7.66958400500771,7.760462356958962,2992800
2010-05-14,7.658567905426025,7.821047456651466,7.540150551963805,7.788001070960465,2785000
2010-05-17,7.410717487335205,7.697122281658692,7.215191561615088,7.6750911840386395,2153400
2010-05-18,7.295054912567139,7.697123145853848,7.262008525058174,7.5318896325204445,1630600
2010-05-19,7.449274063110352,7.479567028608684,7.165623659854913,7.2179472044719,2058800
2010-05-20,7.036190509796143,7.3501344059451155,6.91226574378149,7.135330742818235,2704400
2010-05-21,7.0995259284973145,7.328098691183641,6.835152315181278,6.887476352498669,2171800
2010-05-24,6.7360148429870605,7.019665708613434,6.724999555870079,6.901248351844532,2125400
2010-05-25,6.708477973937988,6.7167393099443835,6.422073086422271,6.532228610365635,2224600
2010-05-26,6.568029403686523,6.87646486695939,6.5349824842758055,6.782832541435814,2434400
2010-05-27,7.036190509796143,7.049960278417524,6.6919541732060575,6.727755046358687,2055400
2010-05-28,7.132574558258057,7.308823864645982,6.970095016184784,7.016911164328994,3684000
2010-06-01,6.895740032196045,7.2978076745947575,6.895740032196046,7.071988804177643,1802600
2010-06-02,7.096775054931641,7.09677505493164,6.826893945826268,6.945310781261012,2017800
2010-06-03,7.157361030578613,7.198669281202889,6.992127502818603,7.146345742201495,2798800
2010-06-04,6.884726524353027,7.129822620535851,6.79660210888338,6.975604893463969,3101200
2010-06-07,6.738772392272949,6.917775762131548,6.71398732645447,6.884728832619201,2122200
2010-06-08,6.686445236206055,6.881971177796904,6.565273926828956,6.7855849209120045,2712400
2010-06-09,6.636875152587891,6.879217246859421,6.59556690672219,6.7470306499840405,2444000
2010-06-10,6.9728474617004395,6.989370650043338,6.780075530332786,6.788336861872891,1681200
2010-06-11,7.0774970054626465,7.080250433035027,6.854431553178507,6.90675560652127,1342400
2010-06-14,7.140838146209717,7.2592555216799415,7.110545182643959,7.118807043233601,1712200
2010-06-15,7.432747840881348,7.4327478408813485,7.231714029565512,7.2509911723954215,1317400
2010-06-16,7.60073709487915,7.67784568469466,7.34737917420775,7.34737917420775,1781800
2010-06-17,7.548126697540283,7.647808656282398,7.44844473879817,7.5730471872258125,1475200
2010-06-18,7.589663028717041,7.658886515318352,7.4622920668746096,7.553667048063008,2041000
2010-06-21,7.495518207550049,7.74195362332487,7.442908215731489,7.725340136273357,1485200
2010-06-22,7.318305015563965,7.534281894593522,7.243543544453823,7.473365433762928,1481000
2010-06-23,7.650576591491699,7.708724572708411,7.448444214391839,7.484440709462444,3987800
2010-06-24,7.692112445831299,7.822252383859602,7.589661474265865,7.63950245891212,3627600
2010-06-25,7.7419514656066895,7.908087874218511,7.5176676044539255,7.755796474401973,3675600
2010-06-28,7.77794885635376,7.866554810318566,7.548126965207617,7.733645879371357,1332000
2010-06-29,7.37091588973999,7.664423277430052,7.318305900581752,7.633964779264776,1422000
2010-06-30,7.359838485717773,7.6090428442054785,7.3238425177242705,7.384758974379855,1452800
2010-07-01,7.1217122077941895,7.44290914772042,7.0441822397568,7.3736856601822955,2640400
2010-07-02,6.980495929718018,7.232469899405945,6.919579453431524,7.130018909875693,1638400
2010-07-06,6.839277267456055,7.246310975005015,6.767284814014799,7.1577050409644,2379800
2010-07-07,7.002645492553711,7.033103455933905,6.8032815890239835,6.830971078751233,1563400
2010-07-08,7.229700088500977,7.240775570163545,7.0358741421404964,7.240775570163545,1863800
2010-07-09,7.348764419555664,7.348764419555664,7.1549384767185,7.193703454032651,943200
2010-07-12,7.246316432952881,7.384763441203312,7.174323925286646,7.351535926844502,681600
2010-07-13,7.354301929473877,7.476135394897655,7.309998947162177,7.376453420629726,982000
2010-07-14,7.179858684539795,7.334919115760904,7.074638710111295,7.334919115760904,1546000
2010-07-15,7.179858684539795,7.22139266260023,6.997108758567333,7.177089682251341,1038600
2010-07-16,6.974954605102539,7.160473462525633,6.930651641670127,7.160473462525633,961200
2010-07-19,6.866969108581543,7.01926108376428,6.7755941347252,7.01926108376428,1002800
2010-07-20,6.941729545593262,6.955574556589824,6.742366140441262,6.742366140441262,2023200
2010-07-21,6.9583420753479,7.06633103376266,6.9001946215448795,6.980493561768064,1012000
2010-07-22,7.069099426269531,7.102326388969273,6.96664848032372,7.033102933856253,1019200
2010-07-23,7.027566909790039,7.0607944099803195,6.889119960574739,7.033104914510619,1048000
2010-07-26,7.185397624969482,7.185397624969483,7.002647675194992,7.0718711570227,737200
2010-07-27,7.143861770629883,7.337687694569897,7.0247978478970134,7.30722919928794,1089200
2010-07-28,7.107866287231445,7.132786779967086,6.963881335455126,7.118941768373291,1093200
2010-07-29,7.207549095153809,7.249083078491963,7.096791102074393,7.127249602984557,1131400
2010-07-30,7.401374340057373,7.4069123451982835,7.080177435749901,7.138325433462985,1332600
2010-08-02,7.553664684295654,7.592429655659018,7.434600240098895,7.514899184799166,1289600
2010-08-03,7.440138339996338,7.559202257595458,7.43460033597783,7.501054799800524,969600
2010-08-04,7.564742565155029,7.5730495737123595,7.381992601960115,7.476136586410016,838000
2010-08-05,7.570281982421875,7.614584980055161,7.431834982784508,7.567512979053121,1504200
2010-08-06,7.79456090927124,7.802867913979845,7.531512097761976,7.531512097761976,1596600
2010-08-09,7.930243968963623,7.946857989173505,7.780721484008427,7.883171967969075,1067600
2010-08-10,7.728109359741211,7.852711836522864,7.705957866994834,7.852711836522864,1088400
2010-08-11,7.334918022155762,7.622887879621639,7.32384254278644,7.622887879621639,1046000
2010-08-12,7.312762260437012,7.4124441571550514,7.224156364746663,7.224156364746663,969600
2010-08-13,7.323841571807861,7.423522985448652,7.268462597903951,7.28230707731341,620200
2010-08-16,7.268463134765625,7.373682559195108,7.221391161910391,7.2795391416177155,698200
2010-08-17,7.359838485717773,7.467826917831388,7.290615023463794,7.387527976245987,1046200
2010-08-18,7.376452922821045,7.451214398476624,7.213085488521744,7.3210744627353055,1198800
2010-08-19,7.459518909454346,7.489976867464721,7.276769048860112,7.326609487822451,1689800
2010-08-20,7.417989253997803,7.437371746205491,7.265697262975544,7.404144239468523,937600
2010-08-23,7.417989253997803,7.622890715831415,7.412451248186091,7.481674736432581,1231800
2010-08-24,7.307229042053223,7.3487635449560385,7.127248132629216,7.30446003998416,1360200
2010-08-25,7.262925148010254,7.301690643948474,7.13555423771731,7.240773662388304,666800
2010-08-26,7.166013717651367,7.3432261682819036,7.141093753166717,7.290616180740558,1062000
2010-08-27,7.33768367767334,7.351528152604483,7.130013384909,7.1909298139920415,1142400
2010-08-30,7.307229042053223,7.412449008145078,7.30446003998416,7.332149532541655,1039200
2010-08-31,7.202006816864014,7.354298174792631,7.177086336019994,7.2961507382452115,1576600
2010-09-01,7.290614604949951,7.3653760666445525,7.2518496373155985,7.318304093888663,1035600
2010-09-02,7.431832313537598,7.553665777337631,7.240775374781465,7.290616361251169,1130600
2010-09-03,7.6339616775512695,7.656113159543985,7.528742270119123,7.539817747048985,798200
2010-09-07,7.6699604988098145,7.736414965001113,7.5010550671570435,7.597968028402619,892800
2010-09-08,7.636733055114746,7.722570008529502,7.545358097445322,7.6699605525096075,775200
2010-09-09,7.639504909515381,7.697652391499794,7.575819421208635,7.697652391499794,613800
2010-09-10,7.924701690673828,8.013307632261094,7.694879831631957,7.694879831631957,2186400
2010-09-13,8.135141372680664,8.22928532731117,7.952391467370419,7.977311957015737,1299000
2010-09-14,8.129606246948242,8.268053216940505,8.054844756400435,8.088071733443941,1084800
2010-09-15,7.766872406005859,8.065917747684095,7.689342464765686,8.065917747684095,1626200
2010-09-16,7.639504909515381,7.76687588612887,7.614584409198245,7.76133840793989,1048000
2010-09-17,7.547629356384277,7.647855720009207,7.497515909061664,7.647855720009207,2040000
2010-09-20,7.756432056427002,7.792624792815673,7.533705768353337,7.5504105983974235,723600
2010-09-21,7.839956760406494,7.923478815074608,7.700752981946123,7.7508664271551,1342600
2010-09-22,7.667343616485596,7.934614589886814,7.628366201266085,7.862228568502262,998400
2010-09-23,7.581036567687988,7.667343280374759,7.542059685197316,7.583820706583064,636400
2010-09-24,7.736945629119873,7.739729237163643,7.6172303044690155,7.661775467452559,690000
2010-09-27,7.775918483734131,7.8232477612510145,7.703532498648312,7.756430051407171,448400
2010-09-28,7.798195838928223,7.842741006158593,7.703537225808614,7.795411699598789,1217800
2010-09-29,7.895636081695557,7.934612957877995,7.784272667996969,7.7954092217748725,1234000
2010-09-30,8.004216194152832,8.068249796261206,7.787058137544196,7.940182592044458,798800
2010-10-01,8.045977592468262,8.14063619611073,8.00700070779909,8.08773861618812,653200
2010-10-04,7.931832313537598,8.059900083298912,7.848310247490909,8.007002491591825,707800
2010-10-05,8.17683219909668,8.226945125657197,7.973594228794009,8.0292759663329,1278600
2010-10-06,8.215805053710938,8.349440520816916,8.101658025847064,8.126714742306952,1581200
2010-10-07,8.22137451171875,8.274271559824584,8.071034191366877,8.274271559824584,592600
2010-10-08,8.407906532287598,8.488644429427485,8.14898747787113,8.207452796728962,891400
2010-10-11,8.505345344543457,8.574947190345023,8.405119047682762,8.449664186514168,650200
2010-10-12,8.449667930603027,8.508133252093039,8.335520895390948,8.455236208179269,886400
2010-10-13,9.028756141662598,9.070517695325666,8.494213671181493,8.522054529950134,4189000
2010-10-14,9.243130683898926,9.354493064403432,8.975859696239512,9.031540355471517,2857000
2010-10-15,9.190230369567871,9.335002385385016,9.053811300267267,9.248696747022661,1531200
2010-10-18,9.268186569213867,9.298811566252848,9.120629861847906,9.145686581057944,718800
2010-10-19,9.348926544189453,9.532675494641438,9.109495868319167,9.109495868319167,3135200
2010-10-20,9.440796852111816,9.513182323846708,9.265399856315508,9.396251701342614,1212000
2010-10-21,8.828302383422852,9.507617425710958,8.794893777716355,9.435230874299721,2284400
2010-10-22,8.97864055633545,8.99534538621658,8.728073949339407,8.833868550152816,1416400
2010-10-25,9.262618064880371,9.599490899990592,9.21528823551195,9.21528823551195,1765800
2010-10-26,9.307161331176758,9.371194918557816,9.167957603294413,9.262616180736012,988600
2010-10-27,9.134552955627441,9.296028797529983,9.045462616224532,9.212506737094833,787600
2010-10-28,9.176311492919922,9.426878682694472,9.15403944385129,9.206936489674634,1741000
2010-10-29,9.112273216247559,9.204148159372805,8.986989685640337,9.140114590849079,854200
2010-11-01,9.301594734191895,9.401821606291426,9.187447699198616,9.234776465445421,1304200
2010-11-02,9.120634078979492,9.410178287719386,9.076088897791886,9.410178287719386,1051200
2010-11-03,9.396252632141113,9.40460451685013,9.14290186291166,9.16795857907898,1310200
2010-11-04,9.128982543945312,9.713637892444712,8.956369122392609,9.390685222047262,2490400
2010-11-05,8.97864055633545,9.07051552762142,8.73364222596645,8.989777109589538,2199400
2010-11-08,9.165172576904297,9.18466207512543,8.845004652473262,8.845004652473262,890400
2010-11-09,9.20415210723877,9.27096931086211,9.145685726517966,9.198583829930106,899000
2010-11-10,9.287675857543945,9.337789300533897,9.165175858217172,9.226425857880558,1559600
2010-11-11,9.610628128051758,9.635684848402862,9.234777322785213,9.234777322785213,989800
2010-11-12,9.346138954162598,9.61897815523559,9.28767363865558,9.557729232245487,613200
2010-11-15,9.43801498413086,9.546593742762889,9.340571718713125,9.404605318366878,852600
2010-11-16,9.332221031188965,9.42966324707415,9.142903815720176,9.365629639200957,1340200
2010-11-17,9.329438209533691,9.435233394914519,9.206939247857427,9.315518041940592,575600
2010-11-18,9.705286979675293,9.83613886286106,9.432447718894279,9.432447718894279,1120600
2010-11-19,9.680228233337402,9.730341664836736,9.443581237470491,9.683011840847252,1835200
2010-11-22,9.719204902648926,9.844488478715201,9.482558973888366,9.641251149558903,1429800
2010-11-23,9.513185501098633,9.685798947264573,9.488129841085422,9.630117224696221,752200
2010-11-24,9.905738830566406,9.922442599968198,9.563296689265849,9.577217913154373,618600
2010-11-26,9.724773406982422,9.838920431836279,9.71363685284052,9.825000270179029,162600
2010-11-29,9.975339889526367,10.036588809079046,9.585569017273901,9.738692909215874,1266800
2010-11-30,10.005966186523438,10.01988741257323,9.799945210287927,9.855626928365785,847000
2010-12-01,10.242612838745117,10.404088646871068,10.095056132066118,10.198067678361365,1003000
2010-12-02,10.20920181274414,10.323349899448536,10.128464450450181,10.24261147511432,990200
2010-12-03,10.264884948730469,10.334486828619958,10.147954300295522,10.181362905271165,1060800
2010-12-06,10.434710502624512,10.487607532769092,10.270450074023888,10.270450074023888,966400
2010-12-07,10.437499046325684,10.643520029296559,10.392953882815185,10.53772486769395,1109800
2010-12-08,10.529370307922363,10.596188567242594,9.969771767031263,10.431928119372238,1287000
2010-12-09,10.501530647277832,10.596189234418098,10.387383621200476,10.5599959640891,634200
2010-12-10,10.690845489501953,10.696412703377911,10.507096632434266,10.512663846310222,458600
2010-12-13,10.571135520935059,10.832838248166352,10.543294127373919,10.804997916645782,1051600
2010-12-14,10.440282821655273,10.60454331386427,10.39016937914809,10.57113470620631,824800
2010-12-15,10.295507431030273,10.443063040501166,10.289939154554373,10.40687083646802,928400
2010-12-16,10.312283515930176,10.331851331354388,10.144559079046655,10.284329798571576,899600
2010-12-17,10.460437774658203,10.471619685622336,10.24519185361013,10.303895286623241,2011800
2010-12-20,10.854595184326172,10.860185075011103,10.415714119937507,10.468827678738554,866600
2010-12-21,10.972001075744629,11.008341760055668,10.812662546705509,10.879751892424126,589400
2010-12-22,11.050272941589355,11.170475847835021,10.99156949426919,10.997160451113869,541200
2010-12-23,11.145313262939453,11.184448881099813,11.027906408458378,11.061451071686454,560200
2010-12-27,11.022319793701172,11.092205158324504,10.879753052704594,11.092205158324504,449400
2010-12-28,11.134136199951172,11.139726090415841,10.949637823637696,11.030705098133136,803800
2010-12-29,11.455608367919922,11.567425373245078,11.134136343750585,11.170475964070167,806400
2010-12-30,11.357768058776855,11.525492482245681,11.299063550833477,11.47517494193186,645800
2010-12-31,11.396903991699219,11.508719921550858,11.36894920946188,11.38851809021097,485600
2011-01-03,11.679239273071289,11.70719405270482,11.483561147465615,11.531082673293906,564800
2011-01-04,11.441629409790039,11.774283286737154,11.399697773894292,11.712784904820067,1119200
2011-01-05,11.447220802307129,11.528288066069358,11.354971626364073,11.374539439497598,1468400
2011-01-06,11.396903991699219,11.433244675424808,11.136930381904445,11.382927133763502,1767400
2011-01-07,11.676445960998535,11.723967493471722,11.313042305874673,11.405290425649781,1565600
2011-01-10,11.925235748291016,11.96716738366625,11.561832151713507,11.648489300819179,1569600
2011-01-11,11.819008827209473,12.045437721660296,11.754714439829396,12.020278955610204,990600
2011-01-12,11.911259651184082,12.034257487697182,11.751921132787123,11.860942112072848,897000
2011-01-13,11.936416625976562,12.08736922061299,11.858144317813771,11.94759853662349,986000
2011-01-14,12.084573745727539,12.12370936836178,11.785464554033563,11.981143733570509,1183200
2011-01-18,12.070599555969238,12.165643688944035,11.936419791716464,12.143279861718918,1199200
2011-01-19,11.869329452514648,12.199188441638391,11.810626005221266,12.020282088154188,1780200
2011-01-20,11.595375061035156,11.788258208493804,11.220789609671305,11.788258208493804,2845400
2011-01-21,11.726763725280762,11.782672227049822,11.623333690145886,11.723967713691023,1067800
2011-01-24,11.8721284866333,11.874923432582937,11.648494421477269,11.712789908347693,566600
2011-01-25,11.866532325744629,11.874918226283175,11.65128532554038,11.852555469391788,1399800
2011-01-26,12.551409721374512,12.74988386632261,11.883304856481555,11.883304856481555,3189000
2011-01-27,12.842130661010742,12.870085438934025,12.394864877895658,12.53463556841484,1832600
2011-01-28,13.12166976928711,13.180374259575116,12.77503911400313,12.802992820718899,2855600
2011-01-31,13.717101097106934,13.834509079712209,13.253062257291418,13.253062257291418,3814200
2011-02-01,14.055340766906738,14.077704589992452,13.647210592884447,13.761822520284289,2557000
2011-02-02,14.357245445251465,14.762580659463431,14.10286283214449,14.130816543593976,3068800
2011-02-03,14.404767036437988,14.508198115297196,14.175543189092608,14.332086746504517,2265600
2011-02-04,14.717856407165527,14.74860506807283,14.351656757659153,14.404769244352758,2290400
2011-02-07,15.207052230834961,15.508956381262834,14.745808505077685,14.835261665676002,3204600
2011-02-08,15.514546394348145,15.548091060942712,15.016963085460137,15.151142818204127,2022200
2011-02-09,15.391554832458496,15.640346588088082,15.075672649987844,15.534120523242294,2201400
2011-02-10,16.065244674682617,16.115562212228184,15.195870745981336,15.274141997111853,1806200
2011-02-11,15.877945899963379,16.25253129106407,15.645927171480697,15.967399032193503,2863800
2011-02-14,16.492942810058594,16.585191985089097,15.919883146033113,16.000950408993404,2425200
2011-02-15,16.28887939453125,16.54885301198241,16.149108678325934,16.532080142146032,2467000
2011-02-16,16.811626434326172,17.001714748623872,16.241361491433068,16.255339420186978,2560600
2011-02-17,16.917848587036133,17.30641102973731,16.708192500712535,16.982142992211447,2778600
2011-02-18,15.685066223144531,16.6970056698864,15.645930602507407,16.587984707721358,5441800
2011-02-22,15.53411865234375,16.05686087741451,15.282530914948179,15.866772601685865,4421400
2011-02-23,15.461429595947266,16.034489044303438,15.344021696127834,15.883536487263637,3109400
2011-02-24,14.829670906066895,15.570456035087318,14.675923350902034,15.503365630567956,3206600
2011-02-25,16.163084030151367,16.311240634282584,14.86880702014412,14.86880702014412,3730000
2011-02-28,15.972996711730957,16.5488524259979,15.830431055450711,16.294469774166398,2426400
2011-03-01,15.531320571899414,16.12115203030433,15.486593990542504,16.076425448947422,2598600
2011-03-02,15.950631141662598,15.986970752402073,15.397139350587114,15.500569360108031,1747400
2011-03-03,16.403488159179688,16.76689173759079,16.012129803127284,16.121150770014044,2847600
2011-03-04,16.213407516479492,16.54885754043852,16.12954527708129,16.40069981558993,1623400
2011-03-07,15.262962341308594,16.35317439413034,14.980625953448568,16.263721217796512,2530400
2011-03-08,14.645170211791992,15.25177545669778,14.639579257188533,15.237797537006356,3657600
2011-03-09,15.053305625915527,15.12598699510719,14.536154405348539,14.653561294459168,2539200
2011-03-10,14.510997772216797,14.877197484513166,14.186729707276548,14.754198554330461,2839200
2011-03-11,15.481002807617188,15.542501189602701,14.491426009941778,14.491426009941778,3150600
2011-03-14,15.886333465576172,15.959013738377244,15.142752542922889,15.148343497194587,3917200
2011-03-15,15.542506217956543,15.66270914242296,14.944287607653607,15.142761807078198,2487800
2011-03-16,15.179097175598145,15.86676873507779,14.891169886806876,15.55647868972656,3172200
2011-03-17,15.307684898376465,15.833222970717907,15.279731188020666,15.539704746519238,3021000
2011-03-18,15.397147178649902,15.60959826113291,15.235012587877241,15.590030440366037,5079800
2011-03-21,16.16029167175293,16.341992975145743,15.539709309082633,15.63754839041984,3469200
2011-03-22,15.84720230102539,16.308446058496294,15.584433756996445,16.21899289174747,2403400
2011-03-23,15.875227928161621,16.082637805271002,15.547297352460852,15.709860926026822,1868200
2011-03-24,15.765913963317871,16.065816596728983,15.267010716931999,15.967718004190571,2412400
2011-03-25,16.76373291015625,16.816986315244254,15.90886858377518,16.0377996247804,2768800
2011-03-28,16.640405654907227,16.90106899692729,16.567532526766005,16.780547190651557,2278000
2011-03-29,17.248619079589844,17.377549025429786,16.4470093889585,16.53669987903802,2165000
2011-03-30,17.315889358520508,17.716694272025496,17.035606262038428,17.430805385310354,2208800
2011-03-31,17.029996871948242,17.570943219347242,16.9655319016876,17.399971464757684,1530800
2011-04-01,17.268234252929688,17.411178099668696,16.895457383136588,17.265430824431938,1907400
2011-04-04,17.736310958862305,17.803579360917468,17.31028059703288,17.39716872693851,1751400
2011-04-05,18.204387664794922,18.37255924636321,17.663442230534734,17.719499067992416,1990200
2011-04-06,17.551326751708984,18.65284044733335,17.54291860117285,18.624810427692545,3031800
2011-04-07,17.122493743896484,17.565340463210212,16.945915100575032,17.565340463210212,1638600
2011-04-08,16.842205047607422,17.537306740106217,16.550710479051382,17.16733327586,1539600
2011-04-11,16.828189849853516,17.243008518985285,16.676836788777216,16.839401425309838,1209400
2011-04-12,16.276037216186523,16.926293830151444,16.018177314080962,16.668433928045882,3374000
2011-04-13,17.2289981842041,17.287857363856197,16.444204845396527,16.578741640594043,4612600
2011-04-14,17.116886138916016,17.139309296602455,16.668433677137287,17.111280349494404,2200200
2011-04-15,17.26263427734375,17.327099254965855,16.985153568348967,17.186957720345173,1707000
2011-04-18,16.570327758789062,16.901061726405704,16.323679531802956,16.901061726405704,2287600
2011-04-19,17.063634872436523,17.083254603262844,16.424588698166662,16.646012596572426,2405000
2011-04-20,17.702674865722656,17.781153766366526,17.268236414137935,17.413983707615714,2009400
2011-04-21,17.83440589904785,17.887659279090425,17.615784452716106,17.825996682792407,1198600
2011-04-25,17.565336227416992,17.92690157729667,17.321490301095867,17.87364818877903,1642800
2011-04-26,16.472230911254883,17.629799921427256,16.39935673749193,17.629799921427256,2800000
2011-04-27,16.306861877441406,16.660017918817744,15.485632760446848,16.60676454400861,4548800
2011-04-28,16.116275787353516,16.48064354783729,15.908865854600899,16.28724862329925,1651400
2011-04-29,16.2283935546875,16.427394319154494,16.10506829396238,16.17513907603064,1464000
2011-05-02,15.945304870605469,16.393758457573117,15.855614367050967,16.25641927258302,2164800
2011-05-03,15.224971771240234,15.906059515317146,15.037182683127499,15.796749321437227,3005200
2011-05-04,14.639180183410645,15.23898560045107,14.577517584546577,15.23898560045107,3691000
2011-05-05,15.062407493591309,15.432380933745208,14.182318057085233,14.885828920592274,4204400
2011-05-06,15.569714546203613,15.973322597805057,15.110050771163651,15.110050771163651,3457600
2011-05-09,16.674041748046875,16.816985655674237,15.477232807247974,15.564119882184059,3969600
2011-05-10,17.175739288330078,17.262627390039206,16.77213221456064,16.802963510947574,4536800
2011-05-11,16.402162551879883,17.09446195735502,16.130287678793074,16.96553095483449,3066000
2011-05-12,15.740694999694824,16.32648657805284,15.718272913165547,16.27603554686833,3050200
2011-05-13,15.88083553314209,16.390950533172262,15.72948244894988,15.869623955973442,3200000
2011-05-16,15.71827220916748,16.427387904663558,15.524876241890464,15.79675111229736,3333200
2011-05-17,15.72948169708252,16.079835447894553,15.488438145452673,15.740693273715255,2296200
2011-05-18,16.752517700195312,16.884251073269425,15.709864432380547,15.726681799962869,3905200
2011-05-19,16.9346981048584,16.99916413482886,16.62638723694083,16.819782119267874,2529600
2011-05-20,16.640405654907227,17.077647631339765,16.592758045967788,16.973943194263576,2221600
2011-05-23,16.97674560546875,16.996365334996216,16.018178011315122,16.292855293894732,2414800
2011-05-24,16.931894302368164,17.45882658930857,16.881443281852874,17.139304172174867,3107200
2011-05-25,17.086050033569336,17.37754458646516,16.76652761063129,16.811372844215672,1658800
2011-05-26,16.89826774597168,17.307480800601745,16.791759872439492,17.038409290915823,2449000
2011-05-27,17.240209579467773,17.627000479864645,17.00196941955957,17.00196941955957,2037800
2011-05-31,17.464435577392578,17.649422330115687,17.19816649125608,17.641013112359037,1618200
2011-06-01,17.03840446472168,17.75312592765016,16.973939500610744,17.388758227842978,1850000
2011-06-02,16.368532180786133,17.20938141467867,16.130290922999524,17.102873545677657,3129600
2011-06-03,16.592754364013672,16.749712164933335,15.892046840779942,16.0349907050739,1691400
2011-06-06,15.628584861755371,16.676844104483028,15.516472265595265,16.49185730508346,2654000
2011-06-07,16.528291702270508,16.732898199249348,15.796752775053232,15.796752775053232,2912000
2011-06-08,16.0069637298584,16.56192399109097,15.948104551211356,16.35171172232735,2087000
2011-06-09,16.346099853515625,16.346099853515625,15.978928842402642,16.161113168578094,2114400
2011-06-10,16.811378479003906,16.92629449540576,16.096656861421884,16.138699749771735,4018800
2011-06-13,16.75812530517578,17.643819779107726,16.57594087880951,16.89546341312998,3077800
2011-06-14,17.893268585205078,18.10347978742039,17.147715772037987,17.158927349786644,4662600
2011-06-15,17.5821590423584,18.11469630015991,17.338313040466105,17.55413115954602,2811200
2011-06-16,17.534502029418945,17.797967621903997,17.23740171255269,17.579347259399267,2033200
2011-06-17,17.582271575927734,17.98965795148404,17.30412395908331,17.84075123688111,3219000
2011-06-20,18.10765838623047,18.180707728130862,17.39122009017148,17.43898221453618,3622000
2011-06-21,18.717336654663086,19.105056139950253,18.24813732332007,18.24813732332007,5864800
2011-06-22,18.76790428161621,19.178100715999594,18.613377273256802,18.795999516719093,4238200
2011-06-23,18.402666091918945,18.408284283450403,17.75646581754805,18.248139030681763,6421800
2011-06-24,16.80402183532715,18.478522560158705,16.627018801356055,18.374569945455043,8465600
2011-06-27,17.419315338134766,17.562602783049382,16.55396819076099,16.694446540262078,5339600
2011-06-28,18.616188049316406,18.894334529940767,17.649696496725436,17.680601899409158,6219000
2011-06-29,19.155630111694336,19.49277733335465,18.43357139475586,18.840957799556218,5339200
2011-06-30,19.498395919799805,19.630445915225835,19.29048855653838,19.402869524660513,23733600
2011-07-01,20.189550399780273,20.189550399780273,19.245535633710073,19.391632187338455,2651400
2011-07-05,20.405881881713867,21.85842947414454,20.29630895344652,20.698077071603215,3671800
2011-07-06,20.220455169677734,20.50984024385228,19.852402558080552,20.481745000991285,3886800
2011-07-07,20.692462921142578,21.20942225865816,20.37217243082756,20.4817453804864,5737800
2011-07-08,20.771129608154297,21.189754504900893,20.22888307336324,20.231693240645043,5000200
2011-07-11,20.383411407470703,20.78798763687373,20.17550188608598,20.408696484014143,3155800
2011-07-12,20.147401809692383,20.48735911070299,20.049067407504058,20.05187757428921,3950400
2011-07-13,20.06593132019043,20.46208138138444,20.037836072846808,20.33003136098644,4202400
2011-07-14,19.700693130493164,20.60818246518451,19.422544333368673,20.256986437681263,5899400
2011-07-15,20.228878021240234,20.228878021240234,19.731585713037525,19.89734910126208,3658000
2011-07-18,19.995689392089844,20.094023816092744,19.835544146276636,20.060310381308707,2607200
2011-07-19,20.87788963317871,20.903176848321547,20.175497952412055,20.20078516755489,2958400
2011-07-20,20.661548614501953,21.06612680429954,20.63626140587523,21.06050647192527,2007600
2011-07-21,20.810462951660156,20.97903654512842,20.554793465998024,20.74303394297876,2096800
2011-07-22,20.48174285888672,20.790794785094402,20.47331450126287,20.773938069846707,2017600
2011-07-25,20.984657287597656,21.5521888967993,20.321599282671226,20.383410101634983,3073400
2011-07-26,20.883516311645508,21.352713582497948,20.560415611625405,20.858229088820135,2602600
2011-07-27,20.304737091064453,20.757077489959133,20.08840140371576,20.70931537169801,2465000
2011-07-28,20.074357986450195,20.678415399261173,19.96759519813957,20.268218820766922,1664000
2011-07-29,21.181320190429688,21.223464113687633,19.64448707946321,19.922635686848285,3533600
2011-08-01,21.465099334716797,21.793818266866833,21.077377589947844,21.71796087618998,4306600
2011-08-02,20.62221908569336,21.85561864042595,20.563218444851913,21.52408969889125,5415800
2011-08-03,20.18674087524414,20.658748273311513,19.456253796778622,20.46488744124802,4227400
2011-08-04,18.897146224975586,20.19235664519819,18.489757767345356,19.9619722615322,6331000
2011-08-05,18.72295379638672,19.829923849564103,17.672176367765985,19.256771940262947,4653400
2011-08-08,17.07373809814453,18.43075834702802,16.376965638893186,18.093611178054413,5100800
2011-08-09,18.60494613647461,18.815663583546982,17.38559446654524,17.596311913617612,8058800
2011-08-10,18.877485275268555,19.852405569491065,18.26218928868928,18.470096689633664,5128600
2011-08-11,20.069616317749023,20.357668064858213,18.940219427852444,19.025778512532238,4104000
2011-08-12,19.91846466064453,20.705621131097896,19.750196879682342,20.51168409275182,2624800
2011-08-15,20.813989639282227,20.913809648586586,20.10668953237292,20.249290167354285,2876000
2011-08-16,20.283527374267578,20.788332970098697,19.95554528020424,20.38905051540917,2071400
2011-08-17,20.061073303222656,20.84252701251134,19.998330798371207,20.537361481805565,2188800
2011-08-18,18.931665420532227,19.40795334359162,18.69494994633864,19.362320081728857,5122000
2011-08-19,19.040048599243164,19.66463826848412,18.538093459394332,18.575168862983976,3746800
2011-08-22,17.942014694213867,19.088524111776824,17.608329677676966,18.643610756394292,7537200
2011-08-23,19.06570816040039,19.06570816040039,17.68818632499104,18.107432621312316,4583000
2011-08-24,19.405099868774414,19.798676943449305,18.80047223112087,18.977297849205087,2645400
2011-08-25,18.82329559326172,19.96410138679273,18.632211145064723,19.65608330031991,3463800
2011-08-26,20.158031463623047,20.23218442372652,18.637907749026784,18.774805354147528,3776000
2011-08-29,20.605798721313477,20.65143198437367,19.604741316046415,20.314894285002865,3103000
2011-08-30,20.620059967041016,20.905261337672766,20.217924990011635,20.577279326263497,4108000
2011-08-31,20.466049194335938,21.102046977283756,20.17799522567474,20.95944630431079,8052200
2011-09-01,19.798677444458008,20.64857843557794,19.564812421545327,20.306335505713808,2826100
2011-09-02,19.39940071105957,19.918467237322037,19.028640149965966,19.291024948754846,3420300
2011-09-06,19.91846466064453,19.986914563058907,18.78336431119773,18.78336431119773,2702000
2011-09-07,21.156238555908203,21.732344388842055,20.27211470889224,20.27211470889224,5385600
2011-09-08,20.848222732543945,21.8007965778388,20.602949344732856,21.173352167379278,4113800
2011-09-09,19.975509643554688,20.831113986035195,19.758755934203602,20.545912538541693,2920200
2011-09-12,19.775861740112305,19.855719950626813,19.20545900620544,19.696005705511542,3168400
2011-09-13,18.720617294311523,20.129512723904035,18.292815249787193,19.867127992148404,5537200
2011-09-14,18.73663902282715,19.045485260452917,17.964525610527357,18.873904744582365,5038700
2011-09-15,18.891056060791016,19.62885444148528,18.473542806585808,19.034040141618714,4263900
2011-09-16,19.096954345703125,19.136989715595515,18.68515947622251,18.885338507448488,4226400
2011-09-19,18.330554962158203,18.73091074262814,18.021709978240548,18.605084079169835,3337000
2011-09-20,17.541288375854492,18.673723208765537,17.52984938673128,18.439229386149897,4591400
2011-09-21,16.952194213867188,17.953082894203273,16.917878335988366,17.655676801116652,3918700
2011-09-22,15.425122261047363,16.385975459627222,14.996170018172922,16.385975459627222,5852800
2011-09-23,15.602429389953613,15.791168406768751,15.253547747311352,15.34505750753188,3185300
2011-09-26,16.294466018676758,16.328781893257002,15.299296928793765,15.665335833335009,7177500
2011-09-27,16.00278091430664,17.10661838941635,15.888394283802924,16.683385565700064,4130400
2011-09-28,15.482314109802246,16.723415815684472,15.4422787468515,16.14576007239643,3817800
2011-09-29,14.635851860046387,15.939867182108548,13.869457033599597,15.82547947125181,6952800
2011-09-30,14.996166229248047,15.259257438997146,14.13254246755781,14.407072662705065,4942100
2011-10-03,14.458544731140137,15.631013277927035,14.309841217006905,14.904654182658314,6388400
2011-10-04,15.064805030822754,15.087681919818495,13.892335834135285,14.252655290154664,4008600
2011-10-05,15.888399124145508,16.03138327399637,14.796000306555518,14.996177243640732,3157000
2011-10-06,17.060853958129883,17.16952212346057,15.316449275294312,15.71680389402169,4746900
2011-10-07,16.1514835357666,17.186688097057477,16.025657922582315,17.11233684628542,3063200
2011-10-10,17.4326171875,17.747182789441236,16.557555395590676,16.557555395590676,3282700
2011-10-11,17.964521408081055,18.078909119157544,17.129494826221688,17.329671684282452,2403100
2011-10-12,17.832971572875977,18.24476525991483,17.632793677040315,18.181853017307223,2642200
2011-10-13,18.324840545654297,18.41062968613727,17.69571036417472,17.77006160712248,2882200
2011-10-14,19.800430297851562,19.914817972267475,19.102669629264977,19.29140743755233,4837700
2011-10-17,18.925378799438477,20.017777422963924,18.68516433584532,19.82903733144326,3492700
2011-10-18,19.680326461791992,19.851906902065785,18.027431032705312,18.913931792256296,3474000
2011-10-19,18.868175506591797,19.886221207123373,18.5421698773152,19.697481220792888,2862400
2011-10-20,18.994001388549805,19.171302402613815,18.05030684144204,18.74235023657558,3274200
2011-10-21,19.17702293395996,19.417237308127955,18.86817899826366,19.32572758981724,1627800
2011-10-24,18.61080551147461,19.617412319741362,18.176133844282162,19.48586724820309,3784600
2011-10-25,16.363100051879883,17.63279841275237,16.08285135879514,17.627078918091613,7754700
2011-10-26,17.369707107543945,17.5012522037941,16.63762820039536,17.049421972045316,3682700
2011-10-27,18.3648738861084,18.565050706892762,17.547004849594472,17.958798569198986,3379400
2011-10-28,18.221893310546875,18.52501889203007,17.901608154163256,18.39347378720219,1469600
2011-10-31,17.55272674560547,18.067469238284154,17.43833904017376,18.06174974392437,2987400
2011-11-01,17.426904678344727,17.747189902237313,16.814932800833493,17.037988776559096,4142900
2011-11-02,18.061748504638672,18.187574099274574,17.47837321055217,17.827254706386988,2000800
2011-11-03,18.65084457397461,18.896777377056168,17.861571806369508,18.1932948430911,3055600
2011-11-04,19.096954345703125,19.182745670766263,18.210453441028157,18.582212940616383,2162100
2011-11-07,19.034040451049805,19.577380403380772,18.742353881395562,19.36004398609559,3628700
2011-11-08,18.627958297729492,19.3714747792139,18.324832867852418,19.3714747792139,3251800
2011-11-09,17.426904678344727,18.336284887117532,17.3010790416684,18.250493539824912,5386600
2011-11-10,17.026546478271484,17.913047440491464,15.922709078410653,17.747186455759106,8689000
2011-11-11,16.28302764892578,17.655675774878468,16.048533830433303,17.627078302573274,6535000
2011-11-14,15.728243827819824,16.191511795119663,15.442275758223099,15.751121797010734,7907100
2011-11-15,15.774004936218262,16.35738029155608,15.688214699464359,16.037096231929887,6579400
2011-11-16,14.19545841217041,15.09911769839026,13.903770776058183,14.49286554203565,15326200
2011-11-17,13.686439514160156,14.44711495408915,13.58349077793361,14.44711495408915,7347000
2011-11-18,13.94381046295166,14.109672560547754,13.543455594098804,13.86945920288315,4270300
2011-11-21,13.823700904846191,14.241214156840229,13.440503526622111,13.715032698545702,4438800
2011-11-22,13.749342918395996,14.103942652126326,13.183125279101493,14.041029338675509,4791200
2011-11-23,12.811376571655273,13.657842276314563,12.811376571655273,13.514858160356619,4337000
2011-11-25,12.7177734375,13.080470322847054,12.653423720151041,12.741173740458843,1037800
2011-11-28,13.162368774414062,13.449015782717874,13.039520534764353,13.349566729568565,2681400
2011-11-29,13.238415718078613,13.361265056745795,12.922519490825827,13.162366977599062,3379500
2011-11-30,13.601118087768555,13.9404147524233,13.29107069311634,13.700567167880537,3700700
2011-12-01,13.706417083740234,13.911165318712834,13.589417773530714,13.606968004798576,2447200
2011-12-02,14.314799308776855,14.659945774385218,14.098352206079076,14.17440091670032,4373100
2011-12-05,13.993059158325195,14.706751570968802,13.905310264967099,14.642402977592981,3836300
2011-12-06,13.78246021270752,14.08080732740914,13.612812509713065,13.957959106184292,3886800
2011-12-07,13.64206314086914,13.776611525029514,13.454865194943793,13.694712702634117,2550200
2011-12-08,12.907673835754395,13.659691673220555,12.813671746145287,13.618565899090733,3476200
2011-12-09,13.471688270568848,13.524564589096155,12.948801476902563,13.036928300916951,3150300
2011-12-12,13.048680305480957,13.313061950454756,12.760798692394813,13.307186678278272,2900600
2011-12-13,12.807796478271484,13.236682272874292,12.66091807315097,13.13680491256861,2800500
2011-12-14,12.8547945022583,12.937047151800172,12.414159390444341,12.719666670244349,3432500
2011-12-15,12.884174346923828,13.089804345719656,12.684419619018549,13.001676402954772,4358200
2011-12-16,13.224930763244629,13.62444017521684,13.04280186799608,13.125053410251576,6223300
2011-12-19,12.890045166015625,13.213177109243222,12.79604310541876,13.107424510923513,2643400
2011-12-20,13.277802467346191,13.348303444645502,13.007545732784614,13.125048855740573,2524600
2011-12-21,13.371807098388672,13.401182324501008,12.966422478598757,13.195552379935513,1922700
2011-12-22,13.56568717956543,13.642063443615307,13.324806727555607,13.324806727555607,5540800
2011-12-23,13.712566375732422,13.712566375732422,13.424684870092992,13.671440606440099,1148100
2011-12-27,13.91231632232666,13.947566809598769,13.401179214213569,13.718436961440892,1549200
2011-12-28,13.548063278198242,14.100326374984586,13.418810689841125,13.9651985161667,2294700
2011-12-29,13.630309104919434,13.68905953886201,13.36592766980705,13.536307065900074,1447900
2011-12-30,13.74781608581543,13.812442931332264,13.542186130565318,13.647938743013553,1628000
2012-01-03,14.828841209411621,14.922843283592274,14.076823495373299,14.10619984392545,4225800
2012-01-04,15.31648063659668,15.457483777760844,14.61733908113852,14.922846447290883,7134200
2012-01-05,15.281220436096191,15.37522247056489,14.54095357421071,14.746583444833227,6053600
2012-01-06,15.757113456726074,15.821740306738798,15.140224668653802,15.316478287933542,3854200
2012-01-09,15.204855918884277,15.751243905872808,15.116729077245969,15.72186866552457,3642200
2012-01-10,15.310600280761719,15.569106514005583,15.187222993441022,15.463353913106138,2383400
2012-01-11,15.52798080444336,15.598481791554414,15.146097282578358,15.181347776133885,2555200
2012-01-12,15.751237869262695,15.950992564737442,15.39872951721354,15.533858484571043,2809000
2012-01-13,16.044992446899414,16.18599554430521,15.569106853080724,15.616107885549322,3117700
2012-01-17,16.303497314453125,16.421000446037702,16.156618960268865,16.24474574866084,2610500
2012-01-18,16.4738826751709,16.603135269981376,16.22125163571074,16.356379501275327,3681900
2012-01-19,16.49150848388672,16.62663635860415,16.044997961669946,16.60901166574133,2487600
2012-01-20,16.550260543823242,16.738264743643658,16.3798810373651,16.479758408593874,1829600
2012-01-23,16.891014099121094,16.985016174894838,16.56788210372299,16.60313260198986,2475100
2012-01-24,16.920391082763672,16.938016894022034,16.614884865104802,16.755887993391955,2523400
2012-01-25,17.2435245513916,17.331651368127833,16.791138806060793,16.938017207485608,2292900
2012-01-26,16.979143142700195,17.402153660022098,16.5502584753873,17.402153660022098,3122600
2012-01-27,17.472654342651367,17.64303382466409,16.92626651494609,16.97326755815766,2879800
2012-01-30,17.572532653808594,17.637159511956472,17.06727057140154,17.243525333461204,2276100
2012-01-31,17.237651824951172,17.713537602036954,17.173024960196194,17.707662330641643,3290400
2012-02-01,17.87216567993164,17.936792541475565,17.44915624582791,17.44915624582791,3324900
2012-02-02,18.51842498779297,18.600676515644796,17.88978574928423,17.966162007919067,4297800
2012-02-03,19.05306625366211,19.258695117472065,18.800435226017576,18.847437389852153,4673100
2012-02-06,19.276317596435547,19.370319661202533,18.865057722635225,19.02956077568095,3013000
2012-02-07,19.476072311401367,19.66995058993414,18.835682543254066,19.288068181411884,4894900
2012-02-08,20.257465362548828,20.275090050501063,19.346819878975985,19.564199248069492,5403700
2012-02-09,20.122343063354492,20.369097727339845,19.76395936845377,20.322097799470303,4048000
2012-02-10,19.740449905395508,20.016581928434462,19.59357155121493,19.857953036977136,2924600
2012-02-13,19.10594367980957,20.139966691323547,19.03544267113937,20.004838824211227,4934500
2012-02-14,20.034210205078125,20.116463980760106,19.241067846799066,19.46432361270628,5275400
2012-02-15,20.004837036132812,20.32796905827448,19.8990844119866,20.233966974720786,4196300
2012-02-16,20.23984146118164,20.974233370214456,19.69932785071664,19.98133407484289,4139100
2012-02-17,19.511329650878906,20.41022714564207,19.399702853494663,20.322099193210825,3756600
2012-02-21,20.198715209960938,20.398469894082666,19.711077918269055,19.711077918269055,3543300
2012-02-22,20.727476119995117,20.95660603256457,20.12233791590798,20.269216294856214,4585600
2012-02-23,20.680479049682617,20.90373484393499,20.357347019772337,20.76860474446551,2719600
2012-02-24,19.91082763671875,20.7744730028537,19.86970188034905,20.745097782759004,3259200
2012-02-27,19.47020149230957,20.028339893424224,19.43495210859257,19.769834701024028,6947200
2012-02-28,18.718181610107422,19.43494884099863,18.201169071045587,19.43494884099863,8419900
2012-02-29,19.17056655883789,19.605325303441607,18.818057106287274,18.882683951314196,4406200
2012-03-01,20.047651290893555,20.214716606960867,19.021402837898375,19.403263653689752,4165700
2012-03-02,19.85672378540039,20.196817743123972,19.689660725764522,19.922356351989766,4406200
2012-03-05,20.36984634399414,20.435478903181775,19.60015914707898,19.85075598433511,4758500
2012-03-06,19.731420516967773,20.05958097450027,19.54049071345567,20.053615413917992,2715200
2012-03-07,19.9223575592041,20.328084108102445,19.510665447555912,19.82092706001133,4434000
2012-03-08,21.097768783569336,21.187265869936706,20.077486976963318,20.178917463392338,4119600
2012-03-09,21.408018112182617,21.569115506776587,20.75766297521971,21.133554619876943,3790000
2012-03-12,21.18130111694336,21.455762500654167,20.996336823018204,21.449796938427156,1618900
2012-03-13,21.44978904724121,21.748117122234657,21.24095802910825,21.360289714318146,2948400
2012-03-14,21.048917770385742,21.742969538152362,20.833522000663024,21.623304968038425,3659200
2012-03-15,21.066865921020508,21.354059509812824,20.71984119046753,21.084817089478108,3452200
2012-03-16,21.49765396118164,21.539536210108388,20.97113132585936,21.180544852904468,3753800
2012-03-19,21.533557891845703,21.796818115760594,21.180548671244566,21.41389332373464,2632300
2012-03-20,21.31816291809082,21.437827490649624,20.94720251491734,21.240380603565814,3240300
2012-03-21,20.875402450561523,21.479707450234105,20.85146908212839,21.318160636927917,2146600
2012-03-22,20.3129825592041,20.75573847563423,20.127502372238578,20.63009171143744,3073800
2012-03-23,20.612146377563477,20.755742052128507,20.289052686174013,20.31896826150739,3339000
2012-03-26,20.43863296508789,20.779675547194547,20.253152745074125,20.49846411610544,2362200
2012-03-27,19.959972381591797,20.39076387490752,19.577047624160752,20.36683050696518,4385200
2012-03-28,19.271902084350586,19.930055980818356,19.08642305536413,19.924071497876817,3742000
2012-03-29,19.15822410583496,19.247970818049122,18.595802474553757,18.841113806464584,4774800
2012-03-30,19.236003875732422,19.505246259235474,18.966759209817923,19.34370174209822,2854300
2012-04-02,19.289857864379883,19.571067004779387,18.793250652386046,19.146259910787677,2762100
2012-04-03,19.46337127685547,19.600984761393978,18.97873183845116,19.337724479982782,4267000
2012-04-04,19.379602432250977,19.810393962689265,19.07445881192582,19.325753490946187,3976000
2012-04-05,18.83513069152832,19.547131326303766,18.446222561207826,19.25993773540917,4378700
2012-04-09,18.871030807495117,18.99667757596678,18.356474766235802,18.607769444385013,2083300
2012-04-10,17.698320388793945,18.829145771447706,17.58463917397086,18.79324686089518,5071400
2012-04-11,17.69234275817871,18.099201013133033,17.626527116581347,17.985519761611997,4416500
2012-04-12,18.2607479095459,18.613757211361307,17.740208402073737,17.79405735599176,2567600
2012-04-13,17.973554611206055,18.338529466966495,17.94363789109049,18.230831556962823,4687100
2012-04-16,16.98033905029297,18.141081397022408,16.92649124327095,18.141081397022408,5099700
2012-04-17,17.21369171142578,17.35130523769727,16.93248017202888,17.15385939615794,3557900
2012-04-18,17.488910675048828,17.542759619763178,17.016237999585705,17.111969203254336,3004300
2012-04-19,18.075260162353516,18.105176869437294,17.500873080813246,17.530788646691338,4800300
2012-04-20,17.8000431060791,18.224850309739267,17.758160834304867,18.135102421479292,3590500
2012-04-23,17.949615478515625,17.967565504828237,17.32736159414829,17.530790660867932,2804800
2012-04-24,17.817989349365234,18.093216300301037,17.776105945295548,17.91970390540805,2198000
2012-04-25,17.91970443725586,18.06928460404028,17.530795090651484,18.00945230908529,2670400
2012-04-26,18.326560974121094,18.410326640989254,17.80602264864086,17.895770517736825,2176400
2012-04-27,18.96676254272461,19.09240931475999,18.428273116270347,18.51203877216652,3760700
2012-04-30,18.440237045288086,19.236004380724964,18.22484130690182,19.224037697213337,3406800
2012-05-01,18.296646118164062,18.80521891799588,18.260747197354203,18.49409189442746,2816300
2012-05-02,18.31458854675293,18.34450411147545,17.96157940524006,18.212874029008447,2509800
2012-05-03,18.111169815063477,18.434262434461903,17.901757319250006,18.308615621697598,3637900
2012-05-04,17.656448364257812,18.06929006898186,17.51883484308528,17.883809784403454,3539400
2012-05-07,17.159833908081055,17.60857432977269,17.052136024282117,17.476943075704696,3860400
2012-05-08,17.464984893798828,17.494900478039572,16.890596318484196,17.064109902458387,3585900
2012-05-09,18.01543426513672,18.063299869172837,17.02222212548274,17.17778448269561,3251200
2012-05-10,18.117149353027344,18.308611774843286,17.93765247667036,18.1291148984863,2186000
2012-05-11,17.8598690032959,18.39835728083526,17.788070033727895,17.93765017422249,2651200
2012-05-14,17.29146385192871,17.680371985352252,17.01025360125142,17.590624130132344,3893300
2012-05-15,16.96837043762207,17.752170005069324,16.782890253384927,17.303429611757366,3638700
2012-05-16,17.69234275817871,17.91970526122079,16.992307499791103,16.992307499791103,4093900
2012-05-17,17.393178939819336,18.003466200460068,17.381212254424984,17.734221485116823,3232300
2012-05-18,16.87264633178711,17.710295189553875,16.80084733656993,17.48891600040669,3820700
2012-05-21,18.08125877380371,18.27272243721823,16.88461686879788,16.944449192289504,3872900
2012-05-22,17.64447021484375,18.350488539692016,17.381208893109243,18.135092809072354,10294300
2012-05-23,18.2487850189209,18.27870060345296,17.351303788482166,17.494900648407594,2878000
2012-05-24,18.370441436767578,18.53467959680426,18.163621809819993,18.34610916996135,3407400
2012-05-25,18.455598831176758,18.668501487692176,18.236613109020773,18.406935466278334,2785200
2012-05-29,18.449512481689453,18.82057129813617,18.27919015474773,18.656332035752285,3756300
2012-05-30,18.47993278503418,18.68066934124284,17.804728637910312,18.248782056155786,3073900
2012-05-31,17.932464599609375,18.534674101809763,17.713480064407594,18.44343044879019,9458800
2012-06-01,18.05412483215332,18.297441643861706,17.561408143415584,17.561408143415584,3758500
2012-06-04,17.378917694091797,18.291356504718046,17.214678429724845,17.987210234509295,4196000
2012-06-05,18.096708297729492,18.21836730499802,17.21468339559838,17.3241762700948,3002500
2012-06-06,18.887487411499023,18.90573660973659,18.248780556125134,18.26094668828351,2872400
2012-06-07,18.704994201660156,19.611351039259677,18.65024778434942,19.17337970077382,2598900
2012-06-08,19.1634521484375,19.255143072744087,18.448261073384757,18.607192552942408,2835800
2012-06-11,18.961732864379883,19.493540959004395,18.82725174525514,19.407962912952964,3847100
2012-06-12,19.487428665161133,19.872531049971087,19.24903200627466,19.29793391491582,4660100
2012-06-13,19.37740135192871,19.73805338597411,19.218469848288915,19.41407749402604,2003300
2012-06-14,19.597457885742188,19.80529127270636,19.255143386087447,19.45686388920992,2276300
2012-06-15,19.921438217163086,20.08648262995109,19.499658439787208,19.58523767192564,2550200
2012-06-18,19.756389617919922,20.288197725215234,19.41407625964484,19.652474082903552,3464200
2012-06-19,20.496028900146484,20.593832706169955,19.78695072351964,19.921431831236916,3658700
2012-06-20,20.58160972595215,21.082856923002737,20.42879111260771,20.557160520005546,3966300
2012-06-21,19.438528060913086,20.661077024892865,19.365175775985886,20.64273953661784,5086500
2012-06-22,19.909210205078125,20.19039591440329,19.44464144688067,19.628024495752957,7147300
2012-06-25,19.7319393157959,20.013127346612446,19.469092270793638,19.628023774275597,2335300
2012-06-26,19.994789123535156,20.214848325302004,19.695265912551477,19.79918146237068,2387100
2012-06-27,20.538818359375,20.64273621715281,19.731936359445555,20.10481410659094,2762800
2012-06-28,20.777219772338867,20.905586848379425,20.306538161696505,20.324875649180303,3241800
2012-06-29,21.65744972229004,22.06700240456421,21.38848985625147,21.38848985625147,5951800
2012-07-02,21.816381454467773,22.005877348874012,21.49240678412722,21.834721271233974,3599400
2012-07-03,22.598812103271484,22.806645463014913,22.005875273333316,22.09756735303612,2814300
2012-07-05,22.43376922607422,22.76385793640042,22.07311726445706,22.592699531883166,2891600
2012-07-06,22.268726348876953,22.52546047495226,22.097570264826746,22.122019468386235,1631500
2012-07-09,22.256500244140625,22.433770375266263,22.011989557634447,22.250388526299993,2149400
2012-07-10,21.81027603149414,22.464339610477502,21.60855431163314,22.464339610477502,2163900
2012-07-11,21.84083366394043,22.244274667865273,21.63300027817147,21.853059431553515,2793600
2012-07-12,22.03644371032715,22.122021761221983,21.394605996788883,21.565762098578553,2505200
2012-07-13,22.53769302368164,22.653836685797696,22.042562108184644,22.042562108184644,2453400
2012-07-16,22.84943962097168,22.898340364479566,22.427658757602913,22.54991411411309,1546300
2012-07-17,23.136735916137695,23.47293871335289,22.83109870545251,22.95335405609196,2448700
2012-07-18,23.06338119506836,23.405695674227427,23.020592176651803,23.136733464950083,2476600
2012-07-19,22.335969924926758,23.26510740877551,22.15258804839161,23.258993358189,3165700
2012-07-20,22.085346221923828,22.445998235642996,21.822498025561032,22.03644314733217,2291700
2012-07-23,21.730802536010742,21.87750940506845,21.19288045856791,21.724690818553853,3184800
2012-07-24,21.08285140991211,21.60854534361522,20.789437697009678,21.571870378372196,2175400
2012-07-25,21.113420486450195,21.20511025669451,20.734428640927234,21.12564625551484,2092900
2012-07-26,21.5107421875,21.614660033030223,20.91169364190234,21.278459627988102,2604800
2012-07-27,22.268726348876953,22.52546047495226,21.486295871131144,21.65745195518135,2367400
2012-07-30,22.543800354003906,22.696618952845366,22.1464710642854,22.25038892404751,2108600
2012-07-31,22.85555076599121,22.97169440108378,22.39709493945169,22.39709493945169,2152200
2012-08-01,22.708847045898438,23.1673028893675,21.088968799576943,22.99614445549669,8327300
2012-08-02,22.76386070251465,23.22842824133757,22.372643110241746,22.53768748545995,3759700
2012-08-03,23.47905158996582,23.625758484336714,22.77608503797638,23.240654926961728,2230500
2012-08-06,24.084211349487305,24.444863324635662,23.692993790074606,23.735785141679347,3353600
2012-08-07,24.096437454223633,24.573233106008285,23.943618843280582,24.37151142028652,2941800
2012-08-08,23.961959838867188,24.371512617028365,23.790801400564057,24.096438637458213,3218500
2012-08-09,23.839702606201172,24.151451537355356,23.711335536421615,23.96195795772655,3057600
2012-08-10,23.5218505859375,23.705232532766477,23.228439004645544,23.656331768465137,2193100
2012-08-13,24.200353622436523,24.322608968969416,23.424034853553465,23.58907922159885,2048200
2012-08-14,24.646583557128906,25.04391284882263,24.31038310437171,24.322608872159012,4723200
2012-08-15,24.40207290649414,24.726049923841227,24.298157377865657,24.646583599002117,2051400
2012-08-16,24.756616592407227,24.799405619724478,24.09032731183232,24.469316838853878,1801500
2012-08-17,24.37151527404785,24.82997117937064,24.310388752735744,24.756618887430644,3180700
2012-08-20,24.493764877319336,24.628245990712546,24.237030750106953,24.432638370409748,1834800
2012-08-21,24.37151527404785,24.89110003251007,24.24314818019603,24.75050716803036,1651000
2012-08-22,24.31650161743164,24.450982768845066,24.01086433282108,24.273712584132358,1378200
2012-08-23,24.00696563720703,24.42792346272301,23.54886600218059,24.42792346272301,2262200
2012-08-24,24.1369686126709,24.316492865535114,23.728392184982475,23.957441998297988,1126100
2012-08-27,24.743648529052734,24.954127488735665,24.22983134219086,24.316498732382197,2374000
2012-08-28,25.003650665283203,25.300797014749328,24.700314800030174,24.700314800030174,2783600
2012-08-29,24.681747436523438,25.071753146694775,24.564127716349148,25.071753146694775,1600700
2012-08-30,24.997453689575195,25.13364424982757,24.44030297465187,24.452684364040007,2021700
2012-08-31,24.941747665405273,25.183178942278854,24.48983741560176,25.139845244455874,2296300
2012-09-04,24.824125289916992,25.108892622516482,24.328881348562593,25.046985653903818,2252600
2012-09-05,24.273160934448242,25.003646473316113,24.22982724667717,24.898408192017474,2307000
2012-09-06,24.49687957763672,25.049956755041134,24.34152137928871,24.49687957763672,3184600
2012-09-07,24.565244674682617,24.93810588099037,24.47824443771774,24.47824443771774,2366700
2012-09-10,24.590091705322266,24.88216583238411,24.50309150677047,24.633591804598165,2372000
2012-09-11,24.869733810424805,25.087234279837165,24.614946530294333,24.77651796891818,2822200
2012-09-12,24.85731315612793,25.348245659900204,24.78895516565608,25.074813698012807,3053200
2012-09-13,24.701953887939453,24.907027850546964,24.10537896675436,24.813811981983914,3445600
2012-09-14,26.08153533935547,26.100177564745326,25.10588603431956,25.223957412751997,3728100
2012-09-17,25.65896224975586,26.062892168957326,25.522246267877573,26.00074983387345,5802700
2012-09-18,25.081031799316406,25.60303552131546,24.857315579805622,25.54710646643776,4239400
2012-09-19,25.199094772338867,25.58438237128496,25.018878725682082,25.031307663787125,2164300
2012-09-20,26.04424476623535,26.305247736984995,24.975379747067812,25.10588241773146,3781500
2012-09-21,26.17632293701172,26.522237353491377,26.11971858528224,26.333556980793485,3463000
2012-09-24,25.786376953125,26.220341945453207,25.68574728537351,26.12600298148648,1633900
2012-09-25,25.358707427978516,26.151168384653523,25.308393779491887,25.912171956538707,2599300
2012-09-26,25.245508193969727,25.57255542907074,24.780096574204443,25.409033011121284,3117000
2012-09-27,25.981351852416992,26.031665494183688,25.22662803230943,25.27694167407613,3010400
2012-09-28,25.956188201904297,26.163735827875236,25.66687822669615,25.874425852667084,1846700
2012-10-01,26.08198356628418,26.377581932785343,25.773803789360464,26.295821958647295,2674000
2012-10-02,25.654312133789062,26.434191798618038,25.4467620041352,26.314694765884997,4643700
2012-10-03,24.754924774169922,25.704617210120915,24.704608735581402,25.635433856662086,3433100
2012-10-04,25.16373062133789,25.20146764852474,24.32095620777023,24.622847626863695,3387300
2012-10-05,25.45933723449707,25.811542372234822,25.289524171616435,25.409023585792372,4252000
2012-10-08,25.15115737915039,25.792670132819065,24.912160973367342,25.283233393188,2354800
2012-10-09,24.767513275146484,25.49707931985666,24.72977623174362,25.26437115100821,1411600
2012-10-10,23.855546951293945,24.975052464373736,23.673154902767205,24.73605846892581,3637400
2012-10-11,23.893291473388672,24.471911726992236,23.6857413394646,24.276940607172797,2085900
2012-10-12,23.503339767456055,23.81780779581078,23.182583434182522,23.55994410852793,2947100
2012-10-15,23.48447608947754,23.81781148339791,23.176296318327754,23.440450750627715,2453500
2012-10-16,23.84926414489746,23.918447524091896,23.54737499866857,23.742346121925458,2455100
2012-10-17,24.15114402770996,24.302087328332863,23.817806307033415,23.931014982100844,1902900
2012-10-18,24.232906341552734,24.25806436050578,23.937308016057003,24.081963026235922,1794500
2012-10-19,24.012773513793945,24.566237792778857,23.912143862996697,24.17000749311465,1680900
2012-10-22,23.918437957763672,24.364984390546443,23.622839636525207,24.01906763292584,1966100
2012-10-23,23.320959091186523,23.55366484976717,22.780073490808608,23.54737414323166,5371400
2012-10-24,23.176292419433594,23.742335822565742,22.97503307592008,23.402709780686454,2530900
2012-10-25,23.729759216308594,23.729759216308594,23.339819498670263,23.421581865001173,2007000
2012-10-26,24.45932388305664,24.629136913364196,23.717179113209138,23.717179113209138,2448000
2012-10-31,24.295814514160156,24.459336927292515,23.773796135279955,24.459336927292515,2407900
2012-11-01,24.23918914794922,24.61654971248524,23.679436604234144,24.195163828726685,2930400
2012-11-02,23.723468780517578,24.59139880965799,23.647994726435293,24.46561351792215,3798200
2012-11-05,24.47819709777832,24.559959480048565,23.874418888401156,23.874418888401156,2314900
2012-11-06,25.207754135131836,25.72348142439549,24.534790458497294,24.63542011495849,3771600
2012-11-07,25.553678512573242,26.050536287856907,24.74235023766015,25.74235889298993,3761400
2012-11-08,25.43418312072754,26.094568155411807,25.327265101292003,25.327265101292003,2315300
2012-11-09,25.629146575927734,25.968772652374007,25.377571171330306,25.641725586077694,2051100
2012-11-12,26.019084930419922,26.30839735030778,25.685749576115235,25.685749576115235,2304400
2012-11-13,26.331043243408203,26.547497754734213,25.751709467293455,26.03182607019348,2542200
2012-11-14,26.534757614135742,26.7448444018775,26.280104460182596,26.331036062394208,3132300
2012-11-15,26.59206199645996,26.923110219095758,26.38834038692303,26.413806195253436,3711400
2012-11-16,27.094989776611328,27.1522866078044,26.604784093859973,26.903998720266312,3431200
2012-11-19,27.744359970092773,28.037209434280452,27.43240993837788,27.43240993837788,3019800
2012-11-20,28.05631446838379,28.228205047055948,27.54701039929223,27.76346493222531,2387800
2012-11-21,28.39371681213379,28.431915513027306,28.01173951740828,28.170897128302645,1762600
2012-11-23,28.953954696655273,29.157676261302157,28.47011658775708,28.61654131056249,1322400
2012-11-26,28.52741241455078,28.90302449135725,28.45101500911207,28.83935998682499,3465200
2012-11-27,28.5847110748291,28.775699743484317,28.177265505531235,28.59744154799379,2865700
2012-11-28,28.769344329833984,28.788444904820405,28.069051437026115,28.33006996200582,1994900
2012-11-29,28.801166534423828,29.119481802614153,28.578344389558943,28.96668940531958,2102000
2012-11-30,28.858461380004883,29.004886101799148,28.667470289483784,28.915755792898093,2759800
2012-12-03,28.87118911743164,29.087643561436135,28.610170737474956,29.0303467254187,2502600
2012-12-04,28.731130599975586,29.183137600619315,28.680199002327267,28.871187636403974,2098100
2012-12-05,27.547000885009766,28.960321313585336,27.53426798411104,28.712033388888997,3109500
2012-12-06,27.79644203186035,27.917965086616874,27.297565103411596,27.610961272369902,2967300
2012-12-07,27.911561965942383,28.08425066010151,27.495832093185545,28.0202929688557,2861800
2012-12-10,28.07145118713379,28.25693185830395,27.911554561606867,27.937138607250105,2537700
2012-12-11,28.870952606201172,29.139580375988782,28.19299204592994,28.352888772760767,3229400
2012-12-12,29.05002212524414,29.337836582460607,28.794188949807808,29.056419357531865,2044500
2012-12-13,28.928504943847656,29.1139856646847,28.340086375463358,29.050025533449755,2140000
2012-12-14,29.80474090576172,29.971034823337643,28.762216283315535,28.845360802273728,2343100
2012-12-17,29.587289810180664,29.996627487947208,29.26110155489738,29.785562633481778,2553900
2012-12-18,29.785554885864258,29.964638395921675,29.5936793479699,29.74717880235345,2030800
2012-12-19,29.625656127929688,30.04138846418162,29.427383370053743,29.87509455374898,2725900
2012-12-20,30.303630828857422,30.310025624927917,29.657646633359324,29.657646633359324,1796600
2012-12-21,30.118139266967773,30.118139266967773,29.440176453620843,29.875095625982308,4533000
2012-12-24,29.644847869873047,30.143727244161983,29.555306106234795,29.849515455283353,826500
2012-12-26,29.484943389892578,30.08615639832213,29.484943389892578,29.759965842721112,1093800
2012-12-27,29.248302459716797,29.708805711089898,28.69186265752755,29.568095842097033,1552000
2012-12-28,28.627899169921875,29.158757293722406,28.53835742369759,29.13957047376852,1547300
2012-12-31,29.772762298583984,29.964637832872913,28.468004761691606,28.672674763406892,1867400
2013-01-02,29.811140060424805,30.6362075881502,29.267489836184772,30.501892510736116,3514300
2013-01-03,28.49359130859375,29.78555693086944,28.384862724259513,29.753578078996426,4044200
2013-01-04,28.36567497253418,28.775012593739373,27.83481917163532,28.634302710205393,3190300
2013-01-07,27.44466781616211,28.47440289171657,27.348728826082798,28.244151267390123,4739400
2013-01-08,27.834821701049805,27.892384618650933,27.444673308401104,27.444673308401104,3039800
2013-01-09,27.97553062438965,28.199385051813795,27.668526781307577,27.981925419531652,2964800
2013-01-10,28.423240661621094,28.48720081485316,27.949947726855658,28.23776231682403,3475500
2013-01-11,28.570335388183594,28.576732621190455,28.141813490245752,28.359273055718102,3439300
2013-01-14,29.305864334106445,29.408198115271148,28.455215235642918,28.589527865953507,3201400
2013-01-15,29.651248931884766,29.977437175791906,29.184350789908077,29.197142820626254,3627500
2013-01-16,29.651248931884766,30.252459736656725,29.209932411514043,29.632062105722696,3923500
2013-01-17,29.08201789855957,29.894293575980164,28.947702791709993,29.785562531371504,3164200
2013-01-18,28.308107376098633,29.1523640977755,27.860398620444645,29.08200916764995,4418800
2013-01-22,28.340089797973633,28.615112295923343,28.141817026945052,28.378463441519283,3183700
2013-01-23,29.357038497924805,29.89429156977671,28.29532438448299,28.404052981964416,4994800
2013-01-24,29.93905258178711,30.188490990054525,28.90931766369484,29.15875607196226,3252200
2013-01-25,30.233266830444336,30.284432503197003,29.86870256769824,29.971036353033462,2406900
2013-01-28,30.66818618774414,30.82808288065226,29.919868396222565,30.25245381025105,1992700
2013-01-29,32.29912185668945,32.490997340149505,31.160658540307907,31.448470545583408,4267800
2013-01-30,32.2095832824707,32.74683615268823,31.93456083463141,32.61891833790703,2238600
2013-01-31,33.399234771728516,33.578318355545555,32.06249781007642,32.196810497939204,4441600
2013-02-01,33.750999450683594,34.39058632121427,33.424808780407986,33.76379148087384,3632000
2013-02-04,33.95566940307617,34.33302578038751,33.35445858152525,33.5271449014641,2635400
2013-02-05,34.7231559753418,34.85746857143419,34.051590555050645,34.051590555050645,3206200
2013-02-06,34.41615295410156,34.85107200101654,33.98123390718658,34.60163119836282,3084900
2013-02-07,34.89586639404297,35.21565988300653,34.19231925442472,34.505717947134514,4150100
2013-02-08,35.983154296875,35.983154296875,34.97900316018213,35.0173792486565,3248100
2013-02-11,35.912803649902344,36.501222397929894,35.8552407341318,36.16863693345899,3564300
2013-02-12,35.381935119628906,35.93837485086364,34.81270336195056,35.848833105587886,3710900
2013-02-13,35.900001525878906,35.9575644254647,35.38833266279937,35.49706122877833,2020100
2013-02-14,36.175025939941406,36.29654653900201,35.5546260377363,35.8232512903428,2041300
2013-02-15,35.529048919677734,36.10467805882997,35.15808981653645,36.05990717465482,3023800
2013-02-19,36.02153396606445,36.13026500763515,35.529051760923956,35.56103061791637,2224300
2013-02-20,34.35859680175781,35.95756348181237,34.31382592990265,35.676143784631876,4033400
2013-02-21,34.85748291015625,35.27321533364064,33.27130783381317,34.34581392421173,4995600
2013-02-22,35.497066497802734,35.54823461162065,34.71037504657697,35.16448107747616,1965000
2013-02-25,34.92142868041992,36.11745742349591,34.90224186245303,35.816850929591446,3237600
2013-02-26,34.729549407958984,34.857467206775354,33.06662534283345,34.25625672411623,7524800
2013-02-27,35.618595123291016,36.143056208789375,34.49931799987833,34.69119603004205,5608400
2013-02-28,35.944786071777344,36.25818230219943,35.573824480042845,35.72092918164533,3458500
2013-03-01,36.75144958496094,36.970861319804044,35.26719489007274,35.86089578333511,4444400
2013-03-04,37.706520080566406,37.73878599236497,36.551382221366616,36.8224212962833,4098300
2013-03-05,37.28059768676758,38.203416894778314,36.94502684187905,38.06144395147485,2599200
2013-03-06,37.53228759765625,38.074363378119074,37.14509166663924,37.56455351495238,1943700
2013-03-07,36.67399597167969,37.74524048611701,36.15773153824331,37.74524048611701,4647800
2013-03-08,36.19645690917969,37.061196749605664,35.93832465823132,36.91277156691641,4540800
2013-03-11,35.20911407470703,36.0996653851064,34.989702347130624,36.0996653851064,4481500
2013-03-12,35.454322814941406,35.544670811411606,34.93160866059965,35.15747249744717,4405700
2013-03-13,33.80617904663086,35.279116554473795,33.57907518043665,34.656200971272675,9850000
2013-03-14,34.052764892578125,34.318802021612036,33.66344310993009,33.95543568453988,4379900
2013-03-15,34.3317756652832,34.636745926446004,34.02031778112102,34.13062469884113,3434200
2013-03-18,34.46154022216797,34.83788412613665,33.81266920303544,33.87755531485009,2441400
2013-03-19,33.24817657470703,34.506986387014585,32.962671532045704,34.44210022745428,3673800
2013-03-20,34.33827209472656,34.455069140647225,33.267635807450965,33.546650697678345,3116800
2013-03-21,33.65046310424805,34.48101750434989,33.455802226130096,34.11765119192901,2208900
2013-03-22,33.46878433227539,34.273383393960536,33.42985116145281,33.79321999672049,3008800
2013-03-25,32.71609115600586,34.143608572060444,32.61876194199503,33.663445175679264,4424900
2013-03-26,33.410396575927734,33.572614460404424,32.631750235389944,32.89778746692177,2907800
2013-03-27,33.44931411743164,33.57908886897962,32.664180459675286,33.313051742167644,3004600
2013-03-28,33.38442611694336,34.0138295426816,33.26762909459041,33.55962165047278,2941200
2013-04-01,33.313045501708984,33.55961723593565,32.774481250009565,33.39739944570046,2444300
2013-04-02,32.0347785949707,33.4947391661291,31.892028577848176,33.37145449787605,4354700
2013-04-03,30.977109909057617,32.11912204833414,29.77669679179995,31.98285970037019,8359100
2013-04-04,31.308042526245117,31.75576286506492,30.367178577038977,30.73703504720485,3734200
2013-04-05,30.964128494262695,31.463759519093674,30.386633633492792,30.717556792668265,2732300
2013-04-08,31.827129364013672,31.82712936401367,30.55534250600845,31.152302774981393,3027600
2013-04-09,31.68439483642578,32.404640083648175,31.359959103799252,31.736303266516956,3483400
2013-04-10,31.50269317626953,32.08667818911161,31.45078477248743,32.041257407584666,2897700
2013-04-11,30.146568298339844,31.502709787472778,29.945419724155123,31.49622216179673,4314800
2013-04-12,30.386640548706055,30.49045984533345,29.53661835583678,29.887009410171956,3306600
2013-04-15,29.783187866210938,30.12708879623077,29.361420613160625,29.906472498138573,4608300
2013-04-16,30.860315322875977,31.288570218083482,30.010293155385785,30.10113472781659,4397000
2013-04-17,30.41908836364746,30.659170060469624,29.861058628941088,30.470996782441166,3734100
2013-04-18,31.47025489807129,31.658428150284063,30.66565347754786,30.990089095053747,4095400
2013-04-19,32.39164733886719,32.709595298533245,31.262612898944738,31.53513759987531,4220200
2013-04-22,32.521419525146484,32.80043430205356,31.96338997133234,32.450043306600925,3474100
2013-04-23,33.01457595825195,33.33252154302392,32.573343229172295,32.638229375993724,2762000
2013-04-24,33.76726531982422,34.30582724796028,33.18977021997741,33.215723192536835,4373200
2013-04-25,32.949684143066406,34.06574358202335,32.67715938252907,34.039788135710964,6708100
2013-04-26,32.547386169433594,33.03403967225123,32.093175738420925,32.91724263355518,2307300
2013-04-29,32.59280014038086,33.150829769471834,32.352718488997716,32.80043872675231,2567500
2013-04-30,32.08668899536133,32.995107407087005,31.600035479178644,32.716092526455775,4017700
2013-05-01,31.152311325073242,31.794695028013518,30.892764279380923,31.794695028013518,4000600
2013-05-02,32.1645393371582,32.24240317393017,31.223675773196042,31.47673509914001,2940400
2013-05-03,32.742042541503906,33.05999054175873,31.892022791782164,31.892022791782164,2456400
2013-05-06,33.56611633300781,34.00734907130264,32.78098255393092,32.78098255393092,4021800
2013-05-07,33.55961990356445,33.68290454285407,32.443560625952564,32.90425859278176,4898100
2013-05-08,32.625247955322266,33.73481975214399,32.34623310015483,33.41038410429792,5390200
2013-05-09,32.09318542480469,32.56037372059593,31.541645611911058,32.50197518362202,4492500
2013-05-10,31.145824432373047,31.74278487920795,30.918720452652753,31.74278487920795,4546200
2013-05-13,30.808412551879883,31.139338338881025,30.250382773993927,31.08093981618952,3150900
2013-05-14,30.81490135192871,31.249643966212172,30.61375034331006,30.808411252321278,2831000
2013-05-15,31.424833297729492,32.067214417655705,30.847338309529086,30.847338309529086,4601600
2013-05-16,30.67864418029785,31.814169322041938,30.659178827090294,31.56110982935014,3877100
2013-05-17,32.01531982421875,32.216470879775414,30.69811147478679,30.70459910066034,5240700
2013-05-20,32.372188568115234,32.70960193913493,32.034775197095534,32.09966381185753,4058300
2013-05-21,31.67141342163086,32.58632198207728,31.645457971983948,32.48250265873754,3523900
2013-05-22,32.15157699584961,32.29432949424575,31.476750153747016,31.762255150539307,4597700
2013-05-23,31.768726348876953,32.17751580775585,31.21718694066075,31.65841945733237,3877500
2013-05-24,31.945741653442383,31.978519464339367,31.204951123394565,31.690071227344585,1539500
2013-05-28,32.561973571777344,33.01431587275974,32.181746457291126,32.33908345345603,2034000
2013-05-29,33.07987594604492,33.18476645733721,32.20797403982536,32.4505328782912,3293200
2013-05-30,32.80453109741211,33.26998246870675,32.52919201105525,33.06020149852363,2387500
2013-05-31,32.450523376464844,33.3355366500539,32.450523376464844,32.77830644087358,2389600
2013-06-03,31.57862663269043,32.66031199930294,31.237734366428466,32.49642042865177,3203500
2013-06-04,31.36884880065918,31.696631975173016,30.81817296744445,31.467184753328198,2308800
2013-06-05,30.798494338989258,31.499949849097067,30.444488053293874,31.198390050520768,2588300
2013-06-06,31.32950210571289,31.427835512666025,30.719825479616578,30.805049766271445,1509000
2013-06-07,30.982057571411133,31.480289284812596,30.883724141693424,31.434399850787013,1592900
2013-06-10,30.573015213012695,31.33173368582047,30.388284809238833,31.19978231879786,2745200
2013-06-11,29.74171257019043,30.183746557633572,29.74171257019043,30.07818601460522,3312600
2013-06-12,29.867074966430664,30.414669680940648,29.781306209906433,30.051805349624964,3044000
2013-06-13,30.091384887695312,30.33549319987222,29.37225281840688,29.748312453866117,3009700
2013-06-14,29.814298629760742,30.183761977487123,29.76151958966449,30.04521416587591,1980500
2013-06-17,29.47122573852539,30.15737086962341,29.34587331749836,29.98583584523047,3613400
2013-06-18,29.200719833374023,29.834085779170938,29.095159261868293,29.62296463615948,4701000
2013-06-19,29.17432403564453,29.80108835124376,29.161128653022395,29.312871778034136,3136800
2013-06-20,28.26388168334961,28.811476586435152,27.887821835621438,28.785088320293422,3908700
2013-06-21,27.399587631225586,28.481583978748464,27.04991875512086,28.349635168962532,5371400
2013-06-24,26.871788024902344,27.175274350179127,26.363776993410763,27.175274350179127,3265300
2013-06-25,27.835031509399414,27.993373640233305,27.043328405518324,27.162081857690257,3855200
2013-06-26,28.250675201416016,28.5079789418231,27.8878108875916,28.00656684728142,2966700
2013-06-27,28.1715030670166,28.69930589038383,27.96697837187826,28.382624196363494,3653100
2013-06-28,28.22428321838379,28.415612535985254,27.84822353441539,28.171504192320015,3412500
2013-07-01,26.878387451171875,28.250674890494036,26.720045334407267,27.927396739045033,4370100
2013-07-02,26.515518188476562,27.049919952101295,26.337384267268316,26.825603442071912,4457400
2013-07-03,26.779422760009766,26.84539717251969,25.802986857640335,26.343985093861743,2755700
2013-07-05,26.231822967529297,26.977345835317355,25.71721555411994,26.706846744068557,3023400
2013-07-08,27.406187057495117,27.584320973912885,26.330787125089607,26.390165097228863,3724300
2013-07-09,27.68987274169922,27.861407652991012,27.063106016295013,27.524934262211872,2762100
2013-07-10,26.60129165649414,27.848226809648118,26.409962316390413,27.637105647038066,3284500
2013-07-11,27.940589904785156,28.00656683612132,26.85199696374569,27.01693551694221,2742300
2013-07-12,28.395828247070312,29.062179043028113,27.491962962162216,27.59092712282791,3469000
2013-07-15,28.07914924621582,28.73890367150203,28.05935490205812,28.507988112593814,2435000
2013-07-16,27.8944034576416,28.310049258969215,27.346808845395465,28.079136323099565,2783600
2013-07-17,27.60411834716797,28.13852020395933,27.557935750295442,27.98017807413726,1808600
2013-07-18,27.043333053588867,27.868026025844692,27.010343321288055,27.643709436720577,2342400
2013-07-19,27.986774444580078,28.072543202900277,26.792620847122173,26.99054662136952,3026000
2013-07-22,28.468402862548828,28.534377294675142,27.75586691512098,28.11873132534223,2208500
2013-07-23,28.686120986938477,29.194132176541878,28.521182387071008,28.86425497680694,2566400
2013-07-24,28.40901756286621,28.844455246531723,28.05274968075008,28.752090058597013,1473400
2013-07-25,29.12815284729004,29.260101691594727,28.171508625503755,28.409020572072805,2122600
2013-07-26,29.266695022583008,29.33266943206358,28.69270960646237,29.08856109687059,1446200
2013-07-29,30.09799575805664,30.24973897174939,29.59658350919205,29.7681185500037,3180400
2013-07-30,30.058399200439453,30.229934167615085,29.306277374866117,30.097982837684906,2832700
2013-07-31,30.051801681518555,30.25632637849287,29.596572214170784,30.137570427573902,2840900
2013-08-01,30.55321502685547,31.14699224080454,30.117777396587893,30.40806831117884,4036800
2013-08-02,29.754928588867188,30.7379639556092,29.702149534665402,30.5730253214874,2722800
2013-08-05,29.688947677612305,29.87367810224209,29.194131882985435,29.794508279795508,2711300
2013-08-06,30.29591178894043,30.81052177859788,29.68893913032209,29.801096136768393,4407500
2013-08-07,29.33267593383789,30.81052669134424,29.114958320883595,30.0188210182788,5134400
2013-08-08,29.985830307006836,30.084791931614767,29.088564150024045,29.398649444006743,3146000
2013-08-09,29.52399444580078,30.249722911506712,29.41843389593879,30.03860181178273,2613900
2013-08-12,29.67574119567871,29.906656656918674,29.41843748132869,29.458023636137284,1931800
2013-08-13,29.860477447509766,29.867076399662064,29.359065304737097,29.794503026563806,3045500
2013-08-14,30.071598052978516,30.28271919850847,29.62296498953672,29.886865163067874,1965500
2013-08-15,29.64935874938965,30.012225645098333,29.484420166526803,29.88027427545545,2710100
2013-08-16,29.293087005615234,29.477817373217334,28.936819139443326,29.425035830038162,2354100
2013-08-19,28.936824798583984,29.286493781861594,28.600348686918778,29.240311180929194,2993400
2013-08-20,30.26952362060547,30.434462171803766,28.66632070161699,28.870842894374842,2966800
2013-08-21,30.262935638427734,30.447668594127613,29.609780148323445,30.14417963717905,2757700
2013-08-22,30.549745559692383,30.776534169405103,30.00278524412027,30.429680851932794,1980200
2013-08-23,30.66314697265625,30.923286374145988,30.362985146130004,30.663146972656246,2174700
2013-08-26,30.28293800354004,30.823226660489336,30.14286081053595,30.723174430627687,1255200
2013-08-27,29.98276710510254,30.229565583757605,29.549199940750967,30.116172582172084,2079800
2013-08-28,29.7760009765625,30.336302179648307,29.68928699842452,30.169545899497756,1870500
2013-08-29,30.269594192504883,30.55641513640013,29.735974719385247,29.842698614009173,1995800
2013-08-30,29.669282913208008,30.576437663341068,29.595909728344388,30.40968135028718,1899200
2013-09-03,29.7760009765625,30.369652926778638,29.482510839517136,30.142864283993934,3055600
2013-09-04,30.225927352905273,30.31322801913905,29.42008371962693,29.823005536266102,2116600
2013-09-05,29.587970733642578,30.729583497693984,29.54096326979174,30.27293992910221,2913400
2013-09-06,29.33949089050293,29.728984114892757,28.775398933543993,29.634969215685246,3880000
2013-09-09,28.761980056762695,29.158185104124357,28.26504070098147,29.07088698947589,4498700
2013-09-10,28.78212547302246,28.876140403998328,28.312048256428376,28.775408656972903,2733500
2013-09-11,28.36576271057129,28.876130399785495,28.103860771384763,28.80226081912113,2568400
2013-09-12,28.077009201049805,28.473216787003466,27.875545719397586,28.365770792255756,2308700
2013-09-13,28.23145866394043,28.62766619383493,28.177734393310697,28.278466119884335,2221100
2013-09-16,28.13743019104004,28.627652396556655,27.9896910797263,28.553782840899782,2690800
2013-09-17,27.909114837646484,28.285174405864854,27.747944621471696,28.184445262255082,2035100
2013-09-18,27.801671981811523,28.070285623112866,27.680794946626033,27.9695564682676,2369300
2013-09-19,27.620365142822266,28.1844572977454,27.499488069501965,27.962848476086595,2281300
2013-09-20,27.815107345581055,27.935984410574637,27.39875443377793,27.680801772667827,3787100
2013-09-23,27.754676818847656,27.841974946021764,27.533067968986227,27.6472282406978,2106500
2013-09-24,28.332185745239258,28.65452366017012,27.848680153699974,27.942695058673888,3091500
2013-09-25,29.017160415649414,29.29920774711134,28.33890806812745,28.345622321910447,2997200
2013-09-26,28.607519149780273,29.25891186082537,28.385912931224432,29.138034810080626,2128100
2013-09-27,28.661245346069336,28.74182919807082,28.352338445301598,28.600806816639608,1765900
2013-09-30,28.278470993041992,28.372485921131158,27.835255930825454,28.305333132985943,2459600
2013-10-01,28.090436935424805,28.74182708049299,28.009850527646122,28.20459717053985,3777200
2013-10-02,28.325464248657227,28.500062947282554,27.89568047199792,28.003126416162747,2780200
2013-10-03,28.077009201049805,28.338908653140184,27.841969326360413,28.18445519579751,1644500
2013-10-04,28.050151824951172,28.171028909782034,27.51963601505073,27.862121942643174,2121500
2013-10-07,27.660640716552734,27.949402171906677,27.37859607367496,27.660640716552734,2531000
2013-10-08,27.150287628173828,27.727810847446744,26.90181922978249,27.70766296096681,3826700
2013-10-09,26.680200576782227,27.123415490260413,26.626478876637435,27.083124855580273,3753500
2013-10-10,28.318767547607422,28.332198620380677,27.069708520276993,27.11671599412579,4689700
2013-10-11,28.708255767822266,29.084318052144376,28.14416362219647,28.251609623186393,3859400
2013-10-14,28.53366470336914,28.68811821150881,28.22475512537437,28.58738643755382,1827600
2013-10-15,29.017160415649414,29.211907077645204,28.694822438060452,28.708253507340977,2690700
2013-10-16,28.997020721435547,29.57454400403317,28.889574708048666,29.245489147071144,2795800
2013-10-17,29.681982040405273,29.70884417696157,28.889566943994968,28.902998012273116,3278000
2013-10-18,30.165491104125977,30.19235324372266,29.514100870051486,29.829722044311318,2529800
2013-10-21,30.165491104125977,30.60870872232737,30.05804510745387,30.333375634033306,2183800
2013-10-22,30.541547775268555,30.628848432098817,29.990886823042256,30.27964836649192,3259800
2013-10-23,30.199068069458008,31.562289542724947,30.131912724891617,30.615420958911777,4564100
2013-10-24,29.386510848999023,30.152066557805203,29.312643797974488,30.138635486242116,3619300
2013-10-25,29.587970733642578,29.762569519129315,29.245484855055434,29.56110859380934,1908000
2013-10-28,29.822996139526367,30.70271165478568,29.675256991175463,29.822996139526367,2514700
2013-10-29,30.04460906982422,30.55497678568368,29.937163100079385,30.118476092631177,1985300
2013-10-30,31.421274185180664,31.448136329011607,29.749142876572343,30.037904518467414,5491800
2013-10-31,30.931039810180664,31.683161619051816,30.823593837484783,31.347392634162937,3624900
2013-11-01,31.253385543823242,31.27353086820583,30.346807520886262,31.01834565859601,3657100
2013-11-04,31.266813278198242,31.49513632312888,30.95118956739913,31.434697794714463,2714700
2013-11-05,31.179515838623047,31.42126997729617,30.951192770066733,31.239954373291326,2623500
2013-11-06,29.16489028930664,31.045195838125185,28.882843048041316,30.897456684999838,6315200
2013-11-07,29.144746780395508,29.561099573911484,28.607514394513633,29.117884648758643,5173700
2013-11-08,29.66855239868164,29.81629159513067,28.97686900024202,29.238768439972965,2580000
2013-11-11,29.514087677001953,29.796132331546875,29.258902588332635,29.749124889122722,1976100
2013-11-12,30.44754409790039,30.622142914257264,29.420091403908362,29.554397003391294,3603000
2013-11-13,30.138633728027344,30.843748292807476,29.876734252113135,30.434109600033022,5247100
2013-11-14,31.273530960083008,31.394408030163056,30.25279268035964,30.400531890838526,7779500
2013-11-15,31.226516723632812,31.528709333301123,30.648993638869857,31.40111547493331,4466400
2013-11-18,31.320528030395508,31.609289539563235,31.2466584496716,31.367535479635478,2938800
2013-11-19,30.84374237060547,31.441410816107727,30.776589591316306,31.307102695815075,3472700
2013-11-20,30.931039810180664,31.172791327460846,30.709431050531254,31.03176896861889,2538200
2013-11-21,30.635570526123047,31.065354544038637,30.561700917722277,30.917617888951913,3915200
2013-11-22,31.152652740478516,31.39440687171795,30.534838904390714,30.823600498736198,4373100
2013-11-25,31.931640625,32.03237237882585,31.04521041350622,31.320540970686636,4850000
2013-11-26,31.673734664916992,32.22346188973847,31.36833324006479,32.013071882697226,3782600
2013-11-27,33.45866012573242,33.567247967468255,31.707680854124753,31.755187873075535,6210700
2013-11-29,32.562801361083984,33.56723928455485,32.42028034109788,33.56045367886214,2784900
2013-12-02,33.370426177978516,33.89300588897474,32.23704092905765,32.66460661786145,3956500
2013-12-03,32.74604415893555,34.36129017084882,32.70532275749753,33.893003115593636,5843300
2013-12-04,31.27776336669922,32.43872892286024,31.15483744868597,32.23385326121662,5701500
2013-12-05,31.161659240722656,32.11774625786977,30.874831311984273,31.47580200613665,6018000
2013-12-06,32.035804748535156,32.38409310291296,31.373370943091427,31.40751905667392,3879700
2013-12-09,31.667030334472656,33.01238487085281,31.632884822435386,32.50702243524026,4611100
2013-12-10,31.803617477416992,31.988006383015325,30.87484488853759,31.55093754239814,3544800
2013-12-11,31.359716415405273,31.65337251659322,30.929478262150454,31.65337251659322,3353200
2013-12-12,31.31873893737793,31.66019923524706,31.141178123610203,31.264104039253912,1757600
2013-12-13,30.949949264526367,31.482626290302864,30.574343602629238,31.4075072420309,2524800
2013-12-16,32.57532501220703,32.643616055039686,31.39387225627536,31.39387225627536,5775100
2013-12-17,32.52751159667969,32.73921533289587,31.91288196381048,32.4250724561563,3515300
2013-12-18,32.93726348876953,33.012385179034155,32.17239307042495,32.582144428968505,3741700
2013-12-19,32.30897521972656,33.353842926587845,31.994829757057563,32.964578384614605,3151200
2013-12-20,33.046531677246094,33.162629548882784,32.39775650258464,32.39775650258464,8950400
2013-12-23,33.73627471923828,33.77042022420033,33.148962655404965,33.18993621930541,2944800
2013-12-24,33.695308685302734,33.920671169946296,33.49726104976373,33.65433250394217,972000
2013-12-26,33.89334487915039,34.07773372532335,33.64066242043099,33.64066242043099,1619200
2013-12-27,33.66799545288086,34.04360137781001,33.46311973065916,33.947992881115624,1655000
2013-12-30,33.27872848510742,33.83189524126452,32.79385536836624,33.69531056756865,2246000
2013-12-31,33.934329986572266,34.09823210731102,33.3811658649926,33.3811658649926,2165600
2014-01-02,33.975303649902344,34.07091212777383,33.31286976017039,33.57920840713687,2451300
2014-01-03,33.70895767211914,34.33724330728789,33.53139687599923,33.96163753799048,2103300
2014-01-06,33.8182258605957,33.961638550489994,33.34701162017081,33.46993492212653,2988700
2014-01-07,33.45627975463867,33.98895696374975,33.05335651552933,33.98895696374975,3373000
2014-01-08,33.367488861083984,33.65431415885095,33.10115034026197,33.58602316561151,2903100
2014-01-09,34.28945541381836,34.323600935450976,33.326537115015206,33.46312180668198,4695000
2014-01-10,34.002628326416016,34.651403627843415,33.64067851954226,34.22799084283157,2379600
2014-01-13,33.27872848510742,34.070916466380325,33.06702211062202,33.743114812591806,2955300
2014-01-14,33.23774719238281,33.64750115048591,32.72555669860562,33.4699403204339,2790800
2014-01-15,32.95092010498047,33.230917456589395,32.541168772672194,33.19677194641961,2946000
2014-01-16,32.431907653808594,32.88946330711378,32.20654255521762,32.82117227397853,2611500
2014-01-17,32.78019714355469,33.01239031086031,32.206543589337045,32.34312826512905,2710300
2014-01-21,33.3128662109375,33.606522278904905,32.97823657403953,32.97823657403953,2470600
2014-01-22,32.89628982543945,33.661162907386206,32.60946437356127,33.37433485037223,2203400
2014-01-23,32.62311553955078,33.1011604536876,32.151901289905524,32.46604412300236,2340300
2014-01-24,31.885562896728516,32.5616554586281,31.71483274126387,32.32263428303177,2435700
2014-01-27,31.899219512939453,32.30214275740437,31.537272440925893,31.947023744898406,2202400
2014-01-28,31.742155075073242,32.05629798422828,31.43484022692774,31.919715922951013,1823300
2014-01-29,32.64360809326172,33.3060419887432,31.448496899223944,31.639716461762237,5181300
2014-01-30,32.10409927368164,33.067017305875225,32.02898018894313,32.79385060331147,2513000
2014-01-31,31.619224548339844,32.561655744208146,31.523616077262783,31.85824833116795,3042200
2014-02-03,30.772396087646484,31.72165508623148,30.676785037349905,31.72165508623148,3131600
2014-02-04,30.171436309814453,30.813380820931638,29.891438930960227,30.813380820931638,3768200
2014-02-05,29.829973220825195,30.260213945634483,29.481682241886816,30.116798633941087,3587800
2014-02-06,29.932415008544922,30.048510275051587,29.54997848537724,29.788999684147242,2793100
2014-02-07,30.710941314697266,30.786063000207303,29.973385789837362,30.17826145614219,2511600
2014-02-10,29.870946884155273,30.72459759682948,29.563632106565514,30.683621424772433,2650100
2014-02-11,30.38314437866211,30.74509153137902,29.86412316575984,29.993877166417487,2512800
2014-02-12,30.355815887451172,30.724593572253152,30.157768322820303,30.47191111870278,2924100
2014-02-13,30.765565872192383,30.779224593862153,30.123621584522013,30.123621584522013,1920800
2014-02-14,31.605573654174805,31.612404321021593,30.57436439687795,30.61534058255039,1960400
2014-02-18,31.339235305786133,32.02898677729766,31.148018314144657,31.783134870823694,1965700
2014-02-19,31.31873893737793,32.01531825764719,31.12069133938136,31.318738937377933,2219200
2014-02-20,31.182153701782227,31.748979035886443,30.970447383297163,31.339225123186516,2531300
2014-02-21,31.503141403198242,31.789966926697176,31.223143942343185,31.489482672774038,2508000
2014-02-24,32.36360168457031,32.70506193041745,31.653363747975877,31.653363747975877,4353600
2014-02-25,32.92360305786133,33.251404648748185,31.960685070526353,32.438730034162155,5194000
2014-02-26,32.145076751708984,33.08750803574578,32.06312699813839,32.92360592346889,3114600
2014-02-27,31.14118766784668,32.14508208490153,30.820216660969653,32.04264292209083,4684900
2014-02-28,31.120697021484375,31.257281686597096,30.86801708436411,31.120697021484375,2752800
2014-03-03,30.989500045776367,31.541897011094665,30.899734715775736,30.954975729325817,2084000
2014-03-04,31.09998893737793,31.251896502963156,30.58901994212588,31.20356191836277,2327500
2014-03-05,31.59712791442871,31.6937996652679,30.934251712889534,31.086161830172383,4537200
2014-03-06,32.79169845581055,33.13004045675445,31.673091597820264,31.762856931025148,3447400
2014-03-07,32.74334716796875,33.13002620820994,32.405005312538734,32.96430850098905,2425200
2014-03-10,33.136940002441406,33.62028561745524,32.83311974839151,32.83311974839151,4089400
2014-03-11,33.73076248168945,33.84124184747743,32.743351997568745,33.14384134482256,4213500
2014-03-12,34.56448745727539,34.82154923497059,33.647399760886266,33.702979468082106,5888400
2014-03-13,34.00172424316406,34.745120965366404,33.73076690614052,34.65480361990015,2911000
2014-03-14,34.55754089355469,34.69649148632191,33.96004380353002,34.008677041061084,2672900
2014-03-17,34.38385009765625,34.897973653071446,34.30047656138945,34.64091187536385,1892100
2014-03-18,34.52280044555664,34.835444578554394,34.071205720393365,34.328267496274776,2092600
2014-03-19,33.97392654418945,34.5644742910475,33.5779116738848,34.501945487825104,2402500
2014-03-20,34.33521270751953,34.47416594490568,33.59876505490432,34.001726527980324,1396500
2014-03-21,34.078147888183594,34.49500756299785,33.64044615723793,34.46026726902908,3834800
2014-03-24,33.48067092895508,34.27965046315261,33.348666743873586,34.13375068222351,1823200
2014-03-25,33.494544982910156,34.01561756565728,33.320854121994444,33.67518496243733,2128500
2014-03-26,33.11244201660156,33.82804786985022,33.06380876348642,33.57098601048254,2292500
2014-03-27,32.646949768066406,33.23749789524983,32.480205301982515,33.18886464479065,2464300
2014-03-28,32.96653366088867,33.168015742863425,32.60525626744482,32.89010924011805,2024300
2014-03-31,33.056861877441406,33.22360370022823,32.660844085117354,33.15412838245263,1387700
2014-04-01,33.54319763183594,33.55014675447061,32.91791176071634,33.09160272219074,2505300
2014-04-02,33.38338851928711,33.404233228294316,32.88316055842934,33.38338851928711,2094900
2014-04-03,33.65434646606445,33.78635324091515,33.45286704446702,33.48760469299674,1837300
2014-04-04,33.30002212524414,34.14763463063884,33.14022680297207,34.02257696098018,2831900
2014-04-07,33.20969009399414,33.64739177945297,32.876203978986666,33.195794507913156,2447900
2014-04-08,33.08464050292969,33.80719525271363,32.79284107531272,33.25833139564817,2284700
2014-04-09,33.53624725341797,33.758571446185144,32.8762211466283,33.133282997581574,3159100
2014-04-10,32.92483901977539,33.89055977797733,32.74420169139082,33.47370277382082,1667400
2014-04-11,32.08418273925781,33.25138578033764,31.910491842077036,32.841475156978504,2569800
2014-04-14,33.015159606933594,33.0498972495236,32.028594125441415,32.34818732808134,2549700
2014-04-15,33.814125061035156,33.97392293587405,33.063782152370706,33.098519783735576,2450400
2014-04-16,34.953548431396484,34.99523254017859,33.772450093514884,34.11288268335857,3092300
2014-04-17,35.29398727416992,35.41904492329654,34.7520725614963,34.91881432679007,1950400
2014-04-21,35.363460540771484,35.81505519149614,34.73817237784538,34.97439205602721,1618800
2014-04-22,35.63443374633789,35.9679200317888,34.60618370361924,35.189785365736675,2686300
2014-04-23,35.8914909362793,36.023495078915246,35.43989349254026,35.662220304299694,1995800
2014-04-24,35.75252914428711,36.204126480300836,35.57883826894528,36.058226781088685,1677200
2014-04-25,36.03044891357422,36.39172638576826,35.683067034577654,35.80812472304149,1919100
2014-04-28,36.565406799316406,36.648777684188154,35.91232735860187,36.329187083585914,2851200
2014-04-29,36.44729995727539,37.11427241631306,36.30140022879458,36.76689059594182,2997700
2014-04-30,36.537620544433594,36.961426795968684,36.27360961473234,36.41950934549632,3037900
2014-05-01,36.33613967895508,36.62794180067023,36.02349549508638,36.47509294404262,3232100
2014-05-02,36.09297180175781,36.74604867238804,36.05823414965323,36.336138016802856,2710200
2014-05-05,35.84980010986328,36.32918868217376,35.48852537608437,35.87064481973293,2921600
2014-05-06,35.84284591674805,36.099907647038464,35.127240422823185,35.127240422823185,3667300
2014-05-07,36.065181732177734,36.50288358307024,35.55105545411048,36.50288358307024,3079900
2014-05-08,34.779869079589844,35.95401868744394,34.307429588193564,35.342625936758225,4178700
2014-05-09,34.321319580078125,34.80765193278289,33.973937813681836,34.731230170438245,2081200
2014-05-12,34.765968322753906,35.335674215906295,34.52974861215566,34.599223906320546,1919000
2014-05-13,35.106407165527344,35.21062277546543,34.67565443505515,34.89103212544777,1841300
2014-05-14,35.14808654785156,35.59968389552737,34.87018008000299,35.06471566762199,1909300
2014-05-15,34.425537109375,35.03692984183002,34.092050887212146,35.03692984183002,2570300
2014-05-16,34.488067626953125,34.550596462308725,34.00868165610223,34.3352187737921,1326500
2014-05-19,34.36996078491211,34.9466132726792,34.342169601081295,34.439436094175996,2476000
2014-05-20,34.25183868408203,34.67564482660316,34.08509693476008,34.23099662799487,1935300
2014-05-21,33.7794075012207,34.62007352151374,33.70298307662016,34.49501585404248,2619600
2014-05-22,34.08509826660156,34.203206789460225,33.78634974955475,33.78634974955475,1792000
2014-05-23,33.904457092285156,34.38384558683382,33.765503867049134,34.09204354880694,1602500
2014-05-27,33.63350296020508,34.092046791885274,33.53623648838088,33.92530502599025,2163000
2014-05-28,34.33552169799805,34.61632850875035,33.62648838390819,33.84411111816762,2105700
2014-05-29,34.72162628173828,34.805869925020346,34.047693203313806,34.532082101311644,1651400
2014-05-30,34.57419967651367,34.918187816069775,34.47591811606098,34.69354080621432,1264100
2014-06-02,34.658443450927734,35.016472225098525,34.34253649665112,34.756725019375594,1539300
2014-06-03,34.033653259277344,34.714607993563696,33.9985530795452,34.63036702661212,1426000
2014-06-04,33.85698318481445,34.18912310292901,33.69444737477873,34.005385094529785,1576100
2014-06-05,33.97005081176758,34.24565512146226,33.588443600298426,34.210321719459365,1359600
2014-06-06,33.71564483642578,34.09725203467848,33.61671023593782,34.02658523312014,1771100
2014-06-09,33.56724166870117,34.13258414712618,33.38350637412514,33.70150966490037,1870100
2014-06-10,32.895904541015625,33.581383984278744,32.76163651116426,33.55311617933121,2049800
2014-06-11,33.21390151977539,33.24216931698871,32.54255616266938,32.69802635157712,2140000
2014-06-12,33.65205001831055,33.765118539705014,32.81110305892458,33.334043959461674,2691700
2014-06-13,33.36936950683594,33.69444106604302,33.235098826815154,33.65203937302088,1821700
2014-06-16,33.90645217895508,33.90645217895508,33.31991011312039,33.44004422818599,1599300
2014-06-17,34.238590240478516,34.2668580409825,33.51777750222187,33.89938472172818,1998400
2014-06-18,34.59193801879883,34.740339963658094,33.77925608039842,34.16086339212208,1724500
2014-06-19,35.107810974121094,35.22794510344107,34.669670773415426,34.76860539656513,1543900
2014-06-20,35.072471618652344,35.2774064336727,34.77566510376098,35.185540125333375,2036100
2014-06-23,35.34101104736328,35.680219295903804,35.05834110126765,35.22794252977181,1533800
2014-06-24,34.606056213378906,35.623672553605005,34.542455023629444,35.36926779460717,1701800
2014-06-25,32.288150787353516,33.21390091087693,31.623873739611543,33.037231225180776,11660500
2014-06-26,32.13975143432617,32.55669203329824,31.95601613284142,32.365888434199256,4133400
2014-06-27,31.362411499023438,32.10442383236726,31.270542483804512,31.729884864132966,4383500
2014-06-30,30.874794006347656,31.53907376501397,30.81826110743285,31.355335778068405,3076500
2014-07-01,31.00199317932129,31.39773421369274,30.85359130234396,30.881859096748762,2702200
2014-07-02,31.56028175354004,31.60974906430722,30.888936212857406,31.030272541806315,2777200
2014-07-03,31.235204696655273,31.79348161704238,31.22107079662152,31.588544110201678,1649700
2014-07-07,30.931339263916016,31.560283124505148,30.896005854085484,31.312946559925052,1785400
2014-07-08,30.493194580078125,30.94546862943075,30.394257272987012,30.94546862943075,2324700
2014-07-09,30.691059112548828,30.924261704210853,30.217582936149892,30.903062203814002,2051100
2014-07-10,30.457857131958008,30.867732155901333,30.323589121924428,30.54266053428371,1718500
2014-07-11,31.037336349487305,31.10093755904634,30.267058927601127,30.683996895440686,2544900
2014-07-14,30.86065673828125,31.256397770539632,30.726388759223248,31.09386199722777,1768300
2014-07-15,31.758161544799805,31.927765735024273,30.69814276925655,30.733478885055042,3830200
2014-07-16,31.22108268737793,31.92776178361416,31.002011197068644,31.772291519796806,2617800
2014-07-17,30.782936096191406,31.3058770106447,30.7688021936702,31.22107629128373,1647200
2014-07-18,31.19987678527832,31.24934409621924,30.881870717967935,30.97373973647233,1889400
2014-07-21,30.952537536621094,31.136275573640646,30.683998780235896,31.12920727449652,1292800
2014-07-22,31.305875778198242,31.546146720067252,31.037337032399666,31.12920604728768,2212600
2014-07-23,31.758161544799805,31.842964987795614,31.256419971360113,31.341220718588772,2280800
2014-07-24,32.387088775634766,32.40828827573145,31.69454122046706,31.729877314982236,2244600
2014-07-25,32.5213623046875,32.549630106804926,32.16802286551762,32.26695747716263,1654000
2014-07-28,32.29522705078125,32.62029870566497,31.83588467635755,32.56376579409508,1583700
2014-07-29,32.570831298828125,32.89590295273076,32.168024532956146,32.592030803632085,2029500
2014-07-30,32.47190475463867,32.81817599942902,32.160964229460795,32.58497330131241,1827600
2014-07-31,33.22097396850586,33.53191441041054,32.20335732097089,32.387095344962944,3460100
2014-08-01,32.54964065551758,33.09378389167747,32.125631573640945,33.030182664184316,2604000
2014-08-04,32.66270065307617,32.78283477590576,32.10442365744581,32.542563834480426,1773900
2014-08-05,32.37295913696289,32.52842665107255,31.934816308361988,32.4365603413878,2568600
2014-08-06,32.99482727050781,33.39056830984069,32.01254431663071,32.040812111389904,3195100
2014-08-07,33.47538375854492,33.60258619528297,33.12911255524305,33.206847677223685,2968100
2014-08-08,34.00539779663086,34.03366560783057,33.263385275123014,33.55312360050291,1456700
2014-08-11,33.80752182006836,34.38699835616364,33.78632231374687,34.06192667899142,1477300
2014-08-12,33.835784912109375,34.13965704062856,33.588445691160814,33.8075171104411,1216800
2014-08-13,34.04072189331055,34.48593036263586,33.71565024081034,33.92058777225156,2902100
2014-08-14,34.40113067626953,34.591934311683495,34.01952340544159,34.08312461724625,1597400
2014-08-15,34.42939758300781,34.6979336296124,34.231525653792815,34.42939758300781,1524800
2014-08-18,34.74032974243164,34.78273144095887,34.40112424151087,34.535392243198565,1632300
2014-08-19,35.06539535522461,35.136064840700755,34.521252448001825,34.712056015139574,1964300
2014-08-20,35.66608428955078,35.70848329748055,34.945271501318544,35.05127171690898,2345200
2014-08-21,35.40460205078125,35.680209010240965,35.333935258570236,35.659006815965405,2157000
2014-08-22,36.2243537902832,36.259689886591815,35.34100529788123,35.46820769644837,5197300
2014-08-25,36.16726303100586,36.45985522190432,36.02453453542426,36.302853604532594,1592100
2014-08-26,36.003116607666016,36.43129925784492,35.73193281064929,36.138707145014926,1489200
2014-08-27,36.074501037597656,36.11732041713697,35.83186333151589,36.09591208852758,1257000
2014-08-28,36.11041259765625,36.11041259765625,35.62204560914032,35.93804938974698,1320000
2014-08-29,35.93085861206055,36.354588625671944,35.89494984609278,36.03140425263558,1731400
2014-09-02,35.70103454589844,36.239674183849814,35.385033611245596,35.92367324919697,2398100
2014-09-03,35.51430130004883,35.83030218092772,35.406572294925674,35.83030218092772,1465700
2014-09-04,35.392208099365234,35.86621078856522,35.22702563460822,35.56457395892086,1486100
2014-09-05,35.88776779174805,36.009858139218444,35.06185250832398,35.42812903006141,1466300
2014-09-08,35.78722381591797,36.19658977827213,35.55022102736385,35.85185795134554,1229600
2014-09-09,34.85357666015625,35.765673495649736,34.68839415698762,35.70103662574349,2345200
2014-09-10,34.07074737548828,34.88948182546447,33.64701746966564,34.853570328968665,3034600
2014-09-11,33.56084442138672,34.52321414289698,33.2879328688101,34.02048320067582,3305400
2014-09-12,32.928836822509766,33.647023036650985,32.670292086735834,33.46747648311568,2267700
2014-09-15,33.39564895629883,33.410013005039495,32.6271901564774,32.892918209024266,2332800
2014-09-16,33.41720199584961,34.34366282327153,33.158654533344624,33.27356695193604,2400000
2014-09-17,33.05811309814453,33.4818431066047,32.73493146870028,33.43875368383251,2944500
2014-09-18,33.09402847290039,33.41721014013307,32.87857037519391,33.07248101933163,1749700
2014-09-19,33.21611022949219,33.61111207347791,33.015018979389524,33.13710931276248,2370200
2014-09-22,32.835472106933594,33.453112642786365,32.77083524295684,33.20174584302666,2231600
2014-09-23,32.43328857421875,33.43875034672978,32.35428765413622,32.76365356759757,1921800
2014-09-24,32.05265426635742,32.44765617024168,31.75819800277135,32.35429118725198,2824200
2014-09-25,31.937742233276367,32.088560682680615,31.399102565692868,31.98801504974445,2679800
2014-09-26,31.973644256591797,32.275281091816396,31.715096832306465,31.916188055789526,2296700
2014-09-29,31.71510887145996,32.06702138580485,31.42783323772277,31.693564157811892,2840000
2014-09-30,31.370376586914062,31.887471579558063,31.21237473034768,31.700741614586303,2286000
2014-10-01,31.032821655273438,31.952101753846307,30.98254884593695,31.442187525392065,2260400
2014-10-02,30.824554443359375,31.01846507162427,30.113551546051394,30.92510282590151,2509700
2014-10-03,29.97709083557129,30.72400234267833,29.804724955677223,30.72400234267833,3707200
2014-10-06,30.04891014099121,30.372094472722356,29.768817966711847,29.984273274644984,1467900
2014-10-07,30.178190231323242,30.98974155982589,29.977098933510128,30.357736815703085,2705500
2014-10-08,31.133365631103516,31.176457782402036,30.06326990065054,30.328997984501868,1952900
2014-10-09,30.106369018554688,31.56428910140159,30.034551482899058,31.075922187885883,3259800
2014-10-10,30.012998580932617,30.767093458211487,29.51744840526676,30.142272301570436,2568300
2014-10-13,30.178190231323242,31.320106617565568,29.977098933510128,29.977098933510128,3580200
2014-10-14,30.19973373413086,30.594735655999262,29.43127460296367,30.16382496662707,3069400
2014-10-15,29.481538772583008,29.883723973708992,28.59098954534606,29.833451166026062,3216300
2014-10-16,30.005815505981445,30.673728823189077,28.9500837623812,29.000356572092517,3077300
2014-10-17,30.695283889770508,30.860466411207288,30.041734461623538,30.415188929424662,2950000
2014-10-20,30.975378036499023,31.16210528201027,30.56601203625281,30.56601203625281,1362300
2014-10-21,32.21064758300781,32.25373973808757,31.0902789475616,31.11182365527011,2149200
2014-10-22,31.49247169494629,32.60566277666027,31.44219886747498,32.225022131952855,1441100
2014-10-23,31.944913864135742,32.383007775001175,31.672002409231297,31.923369160211948,1703400
2014-10-24,32.08856201171875,32.08856201171875,31.384739812351768,31.894651394597776,1315600
2014-10-27,32.08137130737305,32.23219246833246,31.406277369427993,31.8587353729812,3815100
2014-10-28,32.95038986206055,32.964753917539845,31.873110358084258,32.15320259077194,1972400
2014-10-29,32.13166427612305,33.374126556041524,31.858752646995338,33.13712370293125,2107300
2014-10-30,32.16755294799805,32.68464502673667,31.83000463713498,32.19628104672305,2182400
2014-10-31,32.5912971496582,32.63438657703499,31.851563350282685,32.332749626743535,1991100
2014-11-03,32.41893005371094,32.9503891360818,32.30402035207175,32.62720474407678,2070500
2014-11-04,32.46918487548828,32.64155070221625,31.664817409968787,32.41173142635354,3358000
2014-11-05,31.312917709350586,31.851557367697186,30.673732419792028,31.851557367697186,3208400
2014-11-06,31.45655632019043,31.636102877656885,31.119010655124367,31.370374739712183,1885500
2014-11-07,32.05265426635742,32.232200835365106,31.406285522064472,31.52837861361457,1324500
2014-11-10,31.722288131713867,32.48356660980969,31.571469663495744,32.26092786649006,1641200
2014-11-11,31.435020446777344,31.68638460202688,31.183653551863994,31.542746767742653,2326000
2014-11-12,31.49247169494629,31.84438422690906,31.39192604000367,31.43501820912063,2065700
2014-11-13,30.73118782043457,31.542736245028355,30.494185061980577,31.470918721676608,2153300
2014-11-14,30.75992774963379,31.126201642982572,30.702471517136125,30.752744350739604,1659400
2014-11-17,30.968189239501953,31.090282322316042,30.652188286937708,30.738369866789224,1675500
2014-11-18,31.06155014038086,31.34164229289607,30.781457987865647,31.097458898969,2377300
2014-11-19,31.255474090576172,31.370383810996298,30.81019926640617,31.047199366169746,1897000
2014-11-20,31.435020446777344,31.71511271681649,31.104655345688297,31.104655345688297,1697500
2014-11-21,31.96646499633789,32.35428618292833,31.686372830354625,31.858738715393528,3396900
2014-11-24,31.901830673217773,32.19628965437903,31.830013146867184,32.038287808812115,1582700
2014-11-25,31.487796783447266,32.097941074883444,31.407899277788513,31.865505418226956,2153100
2014-11-26,31.487796783447266,31.749287589898714,31.248098724767832,31.415161679811458,1398600
2014-11-28,29.650121688842773,30.637975287453582,29.5121137896573,30.441857049124657,2276300
2014-12-01,29.533885955810547,29.831694337040524,29.22154999856303,29.490303227757938,3433100
2014-12-02,30.63939666748047,30.793144872106257,29.52657034064203,29.53389035379936,2437800
2014-12-03,30.785825729370117,31.34224175183033,30.617437478392887,30.654043134199675,1621500
2014-12-04,30.200124740600586,30.939568990251495,29.629068730121027,30.78582357094274,3061500
2014-12-05,29.211753845214844,30.331902868149374,29.145862561934464,30.148871836018532,2713300
2014-12-08,28.106246948242188,29.409427100726838,27.930538708247376,28.933548057311445,3449600
2014-12-09,27.959827423095703,28.216072616731445,27.35948569021484,27.74751348793006,4076800
2014-12-10,27.447336196899414,28.17213755684979,27.308230818024374,27.76214701869859,3277200
2014-12-11,27.666973114013672,28.1501749555384,27.527867734002324,27.54983335827532,2270300
2014-12-12,27.330204010009766,27.681623371664255,26.86896487597389,27.2569898974779,2383800
2014-12-15,26.437007904052734,27.674296918092125,26.261296849957827,27.235023472103542,3103300
2014-12-16,26.744491577148438,27.35215590020997,25.85130210440314,26.114864425533938,2413000
2014-12-17,27.015384674072266,27.68161759858702,26.57610846899179,26.590751288444366,2386300
2014-12-18,26.868955612182617,27.674291022542455,26.356468172484597,27.674291022542455,3304700
2014-12-19,27.337514877319336,27.396083354914147,26.846990262407328,26.9275243628281,3485100
2014-12-22,26.971458435058594,27.49858880739714,26.93485277983119,27.396089062794942,2248000
2014-12-23,27.54983901977539,27.66697879958601,27.198419680343548,27.308236652947635,1775700
2014-12-24,27.74751091003418,27.908576350075354,27.308234672969522,27.440017264805675,809300
2014-12-26,28.084287643432617,28.54552671880019,27.75483116102721,27.75483116102721,2331600
2014-12-29,27.74751091003418,28.355172600983156,27.579119870484973,28.106250237829585,2232500
2014-12-30,27.871971130371094,28.0989306627064,27.608405942583637,27.645011598035786,1545500
2014-12-31,27.440011978149414,27.967142243935886,27.418049148018948,27.80607404209404,1816400
2015-01-02,28.14285659790039,28.179465046530765,27.38144946167441,27.454660773270128,1668200
2015-01-05,26.927528381347656,27.62304696088479,26.63468036400676,27.454658722526506,2645800
2015-01-06,26.612720489501953,27.36681051118223,26.356478069844957,26.971462669854656,2149300
2015-01-07,26.048982620239258,27.000743603650953,25.990411338634882,26.942172322046577,2063900
2015-01-08,26.86163902282715,27.256986807177633,26.19540603490282,26.305225794833234,3056700
2015-01-09,26.14415168762207,26.861632990979686,25.887909362434307,26.72253041342517,2470900
2015-01-12,25.04596710205078,25.90255383037217,24.877578878651136,25.90255383037217,2922700
2015-01-13,23.81600570678711,25.43400274440595,23.56708330044828,25.192400353180208,4203100
2015-01-14,23.00334358215332,23.63296947640367,22.344432048143524,23.5744009897171,5976800
2015-01-15,22.102832794189453,23.266910531642292,22.073547152192926,23.222982068647504,5610100
2015-01-16,22.578706741333008,22.900841727563975,22.227287518035155,22.329784442393063,5206500
2015-01-20,23.44261932373047,23.64029321061675,22.403002810540944,22.62263953169267,5777800
2015-01-21,23.427976608276367,23.72814744685661,23.237624130764175,23.523153545240575,4890700
2015-01-22,24.116172790527344,24.204029715013174,23.303515788860846,23.662256518680515,4592900
2015-01-23,24.833656311035156,25.002047367191008,23.940466513966072,24.25528020408449,3514600
2015-01-26,25.11918067932129,25.346137379198506,24.782401446597156,24.81900988849013,2324700
2015-01-27,25.207040786743164,25.353466210620862,24.93615556791066,25.00204686901399,1774700
2015-01-28,25.346141815185547,25.631669837797965,24.87758272240286,25.26560769745743,2981000
2015-01-29,25.646310806274414,25.924518794833048,25.016683523509645,25.726844918186043,3148000
2015-01-30,26.297901153564453,26.45896937880496,25.214357622019936,25.390068667085245,4634400
2015-02-02,27.139848709106445,27.198419996108072,26.458972858292302,26.510221338002385,4264200
2015-02-03,27.63036346435547,27.71089476559218,27.008056332901745,27.381441170340313,3249200
2015-02-04,27.828035354614258,27.98178353563855,27.088591254617956,27.337513556238527,3245000
2015-02-05,28.172142028808594,28.33321026451262,27.64501165220087,28.128213566480454,1824400
2015-02-06,28.208744049072266,28.501594841188545,27.87929039898162,28.340526626241378,2848700
2015-02-09,28.267318725585938,28.523561104893158,27.871970946512683,28.267318725585938,2356800
2015-02-10,28.926227569580078,29.02872730942864,28.069643547088255,28.267317427547678,2264500
2015-02-11,28.618738174438477,28.816412064884993,28.355172987176452,28.60409535372031,2019100
2015-02-12,29.636390686035156,29.694961969324353,28.64070121277884,28.88230356709802,2595400
2015-02-13,30.595476150512695,30.602796164901605,29.680320746102762,29.680320746102762,3138500
2015-02-17,30.50760841369629,30.851707617565612,30.126906358016118,30.59546531223633,2857400
2015-02-18,30.6467227935791,30.749219745878833,30.229412177597343,30.434406082196805,2235700
2015-02-19,30.14154624938965,30.39779134642656,29.58513319190181,30.309937241103565,4588300
2015-02-20,30.097639083862305,30.573518340150994,29.68764835242125,30.20745608477506,3548000
2015-02-23,30.661359786987305,30.800462368266675,29.921912841075805,29.929235646466903,3580400
2015-02-24,29.88530731201172,30.56618298884243,29.834058845397106,30.56618298884243,5627100
2015-02-25,30.9322452545166,31.03474218838851,29.467996958444807,30.009770056837446,4896900
2015-02-26,32.513633728027344,32.63809628709477,31.15188234800787,31.23973646492886,6037000
2015-02-27,32.20614242553711,32.98219223322563,31.986502947375023,32.59416732938137,3945000
2015-03-02,30.11959457397461,32.03775954197098,29.958526327215594,31.964548225898348,6046200
2015-03-03,30.63939666748047,30.793144872106257,30.273334567305877,30.39047432764846,3374000
2015-03-04,29.60710906982422,30.419767582541006,29.504612102964966,30.390481936914682,3098100
2015-03-05,30.214765548706055,30.514936353822478,29.86334627389893,30.046377320746316,3095400
2015-03-06,29.3293514251709,30.805042062915344,29.240810775010054,30.02292501163444,2973100
2015-03-09,28.84974479675293,30.295923457843507,28.82761034251499,29.462157634124623,4188500
2015-03-10,28.08238983154297,28.761206076745694,27.728224466916835,28.61363647115411,4142700
2015-03-11,28.6800479888916,28.73169693825958,27.84628476929041,28.082395056303074,3634000
2015-03-12,28.296369552612305,29.255570810387734,28.2594778460802,28.960431528817328,2564700
2015-03-13,28.86451530456543,28.923544295872205,28.08977808893596,28.229967721303716,4050100
2015-03-16,29.543325424194336,29.6097316113905,28.14879830773118,28.51034091551093,2927200
2015-03-17,29.48430061340332,29.521192319352,28.69480628454319,29.34411100493563,2064400
2015-03-18,30.716501235961914,30.900962564618283,29.381000203213482,29.513812585018584,3067100
2015-03-19,30.20001220703125,30.458256969115034,29.97865915172275,30.37709352541533,2307900
2015-03-20,30.096712112426758,30.56155265035679,29.927008021882312,30.27379341792679,7842600
2015-03-23,30.369709014892578,30.73125440962079,30.34019453069923,30.347574559075632,2257300
2015-03-24,30.38447380065918,30.58369239644086,29.956522117574796,30.28117589499242,1787500
2015-03-25,30.509906768798828,31.048536398371688,30.465637845301856,30.672233660706095,3570900
2015-03-26,29.904870986938477,30.864072188920797,29.764681384408064,30.782908750477066,2773300
2015-03-27,29.174400329589844,30.133598541324634,29.026830724402313,30.022920633769957,2125500
2015-03-30,30.081954956054688,30.2147673428974,29.40313577723011,29.41789302184114,3177400
2015-03-31,29.713027954101562,30.148356755380192,29.602350042978305,29.609730071536497,2272800
2015-04-01,29.78681182861328,30.21476342284114,29.683513944394484,29.713028429787354,2412000
2015-04-02,27.927438735961914,29.823700609729688,27.45521827450852,29.668753798563287,4571200
2015-04-06,27.979093551635742,28.414422408751957,27.248628251428748,28.119285965661177,4008500
2015-04-07,27.69133186340332,28.24471581152669,27.44784438985032,28.075011738527614,2893800
2015-04-08,27.322412490844727,28.30374816029043,27.189600102278288,27.81677034043238,2713700
2015-04-09,27.2043514251709,27.551139565899863,27.042027396991074,27.263380391531587,2189900
2015-04-10,27.62493324279785,27.647070520751907,27.300282250928227,27.3888229187732,2224300
2015-04-13,26.606700897216797,27.728226022096727,26.481265740299087,27.43308679436022,3531400
2015-04-14,27.34454345703125,27.34454345703125,26.61407548843373,26.791159570554825,2569100
2015-04-15,27.787256240844727,27.971717581480885,27.469982509778,27.50687421497389,4239400
2015-04-16,27.979093551635742,28.244718320677034,27.602793671931618,27.706091567746217,3004300
2015-04-17,27.979093551635742,28.030745314199603,27.543767509176085,27.83152673741863,2511600
2015-04-20,28.06024932861328,28.407037439604803,27.986465941645456,28.067629356103538,2072700
2015-04-21,28.178321838378906,28.584139161286146,28.008617691825663,28.089781156407113,2195500
2015-04-22,28.547239303588867,28.63578278369642,28.045504174940774,28.288994523251027,2114400
2015-04-23,28.407045364379883,28.768590816557246,28.156177838186107,28.591506697914816,2190700
2015-04-24,29.33673858642578,29.395767582984256,28.3849199415089,28.466083404448067,4495500
2015-04-27,29.447402954101562,29.816325568317147,29.03420861290389,29.31459058781146,3052300
2015-04-28,29.40313720703125,29.83846609292762,29.33673101038073,29.38100274636666,2540400
2015-04-29,29.299835205078125,29.661380628404583,29.115373886262994,29.351484149173857,1977000
2015-04-30,28.613643646240234,29.639248299562837,28.41442505093445,29.329354583302838,2807400
2015-05-01,29.299835205078125,29.36624139243783,28.53247544328965,28.613638873913324,2123300
2015-05-04,28.739084243774414,29.35149457617569,28.60627182187393,29.35149457617569,1477500
2015-05-05,28.84974479675293,29.0046944203863,28.694797987775488,28.753826951951236,1921000
2015-05-06,29.15226936340332,30.399229841501676,28.702186051503123,29.845845813372364,4406600
2015-05-07,30.73126220703125,30.952615265332785,29.255571398811874,29.37362655088315,4647100
2015-05-08,31.173961639404297,31.417451921587304,30.18524889730795,30.768147317088864,3203100
2015-05-11,30.509906768798828,31.092805321868664,30.140984061487323,31.092805321868664,2062800
2015-05-12,30.096712112426758,30.502526486742315,29.86060182865565,30.49514927178673,1813200
2015-05-13,30.72389030456543,30.834568270323675,30.059830953988715,30.14837163780076,2021600
2015-05-14,31.838043212890625,31.874934935112012,30.768166380522416,30.900978832245805,2733700
2015-05-15,31.764232635498047,31.92655946658639,31.232986049978088,31.59452859147652,2223800
2015-05-18,32.0003547668457,32.251222319798195,31.343672799761585,31.764244459908873,2435800
2015-05-19,31.683074951171875,31.941322485041525,31.505993662184558,31.801130082048864,1699900
2015-05-20,31.557640075683594,31.88229095590019,31.4469621679486,31.65356074141018,1591000
2015-05-21,31.638809204101562,31.778998806474423,31.336292725023668,31.542888521079803,2004700
2015-05-22,31.638809204101562,31.75686434679887,31.402698918706946,31.402698918706946,1786600
2015-05-26,30.775529861450195,31.528132480381554,30.70174644994303,31.395320087943272,2039100
2015-05-27,30.67223358154297,31.277266594799734,30.568935674107454,31.1001852719551,2978100
2015-05-28,31.03377342224121,31.2034774985115,30.421360490144792,30.627956267403167,2384600
2015-05-29,30.73126220703125,31.609297224645314,30.583692563277943,30.996884188198987,2993700
2015-06-01,30.53941535949707,31.144448257399475,30.465631958155353,30.70174222003647,2687000
2015-06-02,30.214771270751953,30.50990775736993,29.69090168491303,30.450881585909126,3150700
2015-06-03,30.051128387451172,30.22964834647227,29.753591339051226,30.110634094617012,2206400
2015-06-04,29.946983337402344,30.19245178618321,29.627134895466014,29.783340542404872,2701900
2015-06-05,30.683374404907227,30.82470286550674,29.917220752015993,29.917220752015993,2563800
2015-06-08,30.42304229736328,30.794962115973966,30.22220525481075,30.5123022593234,2343000
2015-06-09,30.289152145385742,30.705700542851574,30.19988934233751,30.542057745642772,1935100
2015-06-10,30.63875961303711,31.018119491043233,30.44536251813933,30.467676803601957,2564700
2015-06-11,30.86935043334961,31.233833168904336,30.51230768450285,30.586690526441267,1617400
2015-06-12,30.37841033935547,30.772644431830557,30.24451898011431,30.675947323785373,1786800
2015-06-15,30.296579360961914,30.638744814566788,30.02879671465472,30.140373763123456,1195700
2015-06-16,30.55693244934082,30.57180674447612,30.0659955841884,30.25195548613174,1349700
2015-06-17,30.728012084960938,31.129683275678417,30.55692933312296,30.735449231770144,1710900
2015-06-18,31.256147384643555,31.754518667077154,30.728021830491183,30.876787514038,2855300
2015-06-19,31.166873931884766,31.724753516554383,31.08505113879632,31.151996802457568,2420500
2015-06-22,30.84703254699707,31.44210372560267,30.765209727903198,31.285898073254298,2769300
2015-06-23,31.36771583557129,31.44210150108623,30.847030364581684,30.884221778577654,1633300
2015-06-24,31.12967872619629,31.4941612920774,30.966035982605895,31.278447178342095,1684300
2015-06-25,30.884225845336914,31.226391439192184,30.787525886195773,31.077622926095824,1688500
2015-06-26,31.122255325317383,31.41979236101335,30.772649734003142,30.891663980776833,2403100
2015-06-29,30.787519454956055,31.337961987173017,30.67594522158318,30.75032804383176,2457800
2015-06-30,31.7545108795166,31.821456555704145,31.11481121958576,31.11481121958576,3175700
2015-07-01,32.706626892089844,32.89258678510828,31.747073163109242,31.88096451308434,5194400
2015-07-02,33.338890075683594,33.428150031652926,32.58017335613714,32.65455901738062,3703500
2015-07-06,33.5992317199707,33.78519161083844,32.83307787760293,33.01903776847067,2999400
2015-07-07,33.740562438964844,33.822385243461106,32.61736312955329,33.49509402547606,3676700
2015-07-08,33.167808532714844,33.85957960138228,32.996725761837936,33.651305417275246,3158000
2015-07-09,32.94466018676758,33.562045647127775,32.9000287843528,33.40583999496084,3254800
2015-07-10,33.66618347167969,33.77032341288431,33.115743684357305,33.21244363957139,3259000
2015-07-13,33.98603439331055,34.298448538427,33.85958300810088,33.971157259017076,3889200
2015-07-14,34.305877685546875,34.63316888862167,34.023220712465545,34.06784926741388,2878200
2015-07-15,33.56947708129883,34.454645055609106,33.532285674189104,33.97858823455072,2624100
2015-07-16,34.484405517578125,34.588542611221136,33.77775730532815,33.80751157137558,2768600
2015-07-17,34.53647232055664,34.76706361449652,34.216621070504445,34.49928090863675,2341100
2015-07-20,34.216617584228516,34.80425148026742,34.17198619195836,34.506714540178145,2143100
2015-07-21,34.38026428222656,34.767061181677654,34.17942726688526,34.50671564141035,1783200
2015-07-22,35.12410354614258,35.32494055992561,33.95627570999588,34.402578293387535,3981400
2015-07-23,34.75962448120117,35.33981846643007,34.7224330683701,35.034844341178605,3334800
2015-07-24,34.595977783203125,35.06459751535689,34.25381225576766,34.90095189896479,2392000
2015-07-27,33.99347686767578,34.2315053587495,33.368651369226406,34.2315053587495,2140700
2015-07-28,34.224063873291016,34.36539523447312,33.346335624353095,33.86702115231881,2134300
2015-07-29,34.23893356323242,34.37282490917456,33.66617676948498,34.231496416245726,2323200
2015-07-30,35.815879821777344,36.84981646797319,33.61411232958312,33.97115501648739,9693300
2015-07-31,35.897701263427734,36.21011540066821,35.51090713164149,35.815881283161175,2871300
2015-08-03,35.09435272216797,35.845629473236485,34.990215631675596,35.76380950036597,2244700
2015-08-04,34.8637580871582,35.577846194740005,34.648046779291306,35.10178651051126,2298800
2015-08-05,36.80519104003906,36.97627384459535,35.04229160067571,35.481157173241314,5502700
2015-08-06,37.73497772216797,38.292857350533886,36.775424080373185,36.95394680996019,4538600
2015-08-07,37.4002685546875,37.928397030189686,37.07298002640325,37.66805136761278,3162400
2015-08-10,39.01438903808594,39.02926617114183,37.52670978277302,37.60109261052947,3446700
2015-08-11,40.01856231689453,40.055753722330955,37.98788093482455,38.36724064783416,4494700
2015-08-12,40.003692626953125,40.1673382463344,39.096210247940384,39.63921281336031,3017400
2015-08-13,39.61689758300781,40.710342750916254,39.33424056564179,39.91443457105132,3420100
2015-08-14,39.29704666137695,39.76566355719452,39.09620963280249,39.54994939640831,2448600
2015-08-17,39.71360397338867,39.83261822041186,39.08134131811367,39.38631550345579,2018600
2015-08-18,39.61689758300781,39.76566607702957,39.17059493846556,39.61689758300781,1696300
2015-08-19,39.03669738769531,39.676399824287536,38.902806048058686,39.51275422305997,2356900
2015-08-20,38.35237121582031,39.423499229994945,38.18872559402809,38.486262572282506,3127000
2015-08-21,35.615047454833984,37.75730385755111,35.60760746843985,36.9465184295189,5530100
2015-08-24,34.33564376831055,35.5555405406103,32.40166149576559,32.5057986098609,4654800
2015-08-25,33.539730072021484,35.46627488706528,33.44303012261132,35.46627488706528,3550800
2015-08-26,34.372833251953125,34.410024670958904,33.20500510252684,34.25381900862062,3129000
2015-08-27,34.47697830200195,35.2208182035556,33.76289267751622,35.124121059370935,3384900
2015-08-28,34.84144973754883,35.25056098245297,34.51416130913014,34.57366700633212,2376300
2015-08-31,35.1036376953125,35.73289635165871,34.72907903933632,34.87141029985119,3583400
2015-09-01,33.92003631591797,34.62420852901728,33.71777426689941,34.35452579699254,3509700
2015-09-02,35.021236419677734,35.02872633587483,33.994946441319605,34.48936378235,3775100
2015-09-03,35.18604278564453,35.897701980840544,34.84893940717195,35.23098799767027,2993200
2015-09-04,34.7740364074707,35.418277978225845,34.55679448286691,34.684143098749935,3650800
2015-09-08,35.882728576660156,35.96512909935394,34.81898026488115,35.41827367971475,3090600
2015-09-09,35.23848342895508,36.48950812405324,35.17855266485987,36.26477347400846,3150200
2015-09-10,36.070011138916016,36.45954974978238,35.08117620253319,35.63552158868225,2834100
2015-09-11,36.03254318237305,36.234805208615406,35.478197946884414,36.01756335019737,1915300
2015-09-14,34.2870979309082,36.05501515255642,34.24964263878629,36.05501515255642,2412500
2015-09-15,34.923851013183594,35.04370967815947,34.03989228736549,34.46688895994556,2998300
2015-09-16,33.964988708496094,34.946333695311324,33.63537802614872,34.82647500557986,3861100
2015-09-17,34.9013786315918,35.91268594524404,33.65784390282669,34.03989250688358,5946000
2015-09-18,34.99876022338867,35.62052607958281,34.36950159411009,34.624201583524176,5491400
2015-09-21,34.88639450073242,35.553108480035654,34.83395651523594,35.11112913252535,2820700
2015-09-22,35.03622055053711,35.24597250455271,34.35452384233036,34.52682049850832,2518800
2015-09-23,35.343360900878906,36.1524062467342,35.036222866062026,35.22350222528345,2457500
2015-09-24,36.18235778808594,36.34716447560216,35.02122677664789,35.24596135020765,2498600
2015-09-25,37.27607345581055,38.52710076114451,35.860242297120884,36.377135033417815,6414100
2015-09-28,35.37332534790039,37.75551896275541,34.99876663937169,37.26859149860564,2925400
2015-09-29,35.03622055053711,36.264772608610286,34.833958513026616,35.478199923395735,2839700
2015-09-30,36.586891174316406,36.65431184954404,35.335863724571695,35.54561852397759,2820600
2015-10-01,37.186195373535156,37.39594737674442,36.29474650223911,36.60188458879125,2408200
2015-10-02,37.86787414550781,37.87536691784566,36.302219072574275,36.88653243574609,2481200
2015-10-05,38.422237396240234,38.6619547684725,37.575733818113285,38.15255463806482,2649100
2015-10-06,37.61318588256836,38.51961729686571,37.57573058219321,38.36979609536511,3351500
2015-10-07,37.86039733886719,38.2799012900561,37.11127987442259,38.20499068667418,2805800
2015-10-08,38.38477325439453,38.587032418798636,37.530777097589514,37.777987188214716,3152200
2015-10-09,37.69558334350586,38.6619453729051,37.028869385405166,38.46717326926431,2517600
2015-10-12,37.650638580322266,38.017707356999885,37.24611736351465,37.860393391704925,2149300
2015-10-13,36.88653564453125,37.792966855697706,36.66179817733145,37.47833611621134,2966600
2015-10-14,36.75918960571289,37.20865889062267,36.5494376537758,36.95396172478821,2393500
2015-10-15,37.62068176269531,37.77050297656314,36.78166810522178,36.938984952033366,2552700
2015-10-16,37.822933197021484,38.115088482645945,37.45586446786788,37.65812647891305,1956400
2015-10-19,35.6954345703125,37.57571742422223,35.58306585087921,37.51578953613832,2872200
2015-10-20,34.75904083251953,35.650489313040595,34.45939279558271,35.650489313040595,3356700
2015-10-21,34.45191192626953,34.714101884188025,33.54547766248799,34.3320532515559,4560200
2015-10-22,34.75904083251953,34.848934100538386,34.09981686585181,34.52681346101072,2072100
2015-10-23,35.15607452392578,35.60554375327323,34.781515880251014,34.87140915458937,2119400
2015-10-26,35.16357421875,35.485694970507545,34.82647363181641,35.09615352983199,1890100
2015-10-27,35.148582458496094,35.30589926382544,34.489361289866906,35.02872380441299,2651900
2015-10-28,36.27975082397461,36.27975082397461,35.2010229479749,35.2010229479749,2192500
2015-10-29,36.92399215698242,36.946464761382956,35.90519217854109,35.92017486736002,2085500
2015-10-30,36.68428421020508,37.11877086617877,36.46703945339002,36.93149149464643,2188300
2015-11-02,37.65813064575195,37.88286528589472,36.45205121921008,36.66929594299901,2131300
2015-11-03,38.1974983215332,38.32484691065268,37.32102945831975,37.41841552260039,2175800
2015-11-04,38.07014846801758,38.88668660041369,37.83792103044677,38.272410521839326,3319600
2015-11-05,37.71056365966797,39.17883282978829,37.04384974352433,39.029008803567606,3167700
2015-11-06,37.86039733886719,38.02520123783869,37.231138554427474,37.598204511717775,1770700
2015-11-09,36.834102630615234,37.890360949381694,36.77417472224659,37.733044117394556,1711200
2015-11-10,37.81544876098633,38.0701488098276,36.729227880408665,36.811631257630296,2391000
2015-11-11,37.05133819580078,38.092610707550364,37.01388290513856,37.7180520856171,1996900
2015-11-12,35.86023712158203,36.91649218733919,35.50066123298972,36.774160957788624,2206200
2015-11-13,35.92018508911133,36.24979576395739,35.47820564497457,35.72541293669499,1754900
2015-11-16,36.39961242675781,36.4145951167901,35.3283743795241,35.852757100030715,1903500
2015-11-17,36.69176483154297,36.841588862341005,36.18985761467362,36.437064836483025,1522900
2015-11-18,37.44089126586914,37.47834656829623,36.44456650455779,36.75919447413304,1635000
2015-11-19,37.650638580322266,38.06265542893676,37.238624589363816,37.306045268441096,2079700
2015-11-20,37.650638580322266,38.302372763954615,37.5757279847502,37.68809673576434,1607900
2015-11-23,37.92781448364258,38.07014575984125,37.25360768553079,37.598201001163,1908900
2015-11-24,37.80046081542969,38.19749495434858,37.096291534808266,37.942794940905785,1900600
2015-11-25,37.253604888916016,38.15254626636317,37.11876353941615,37.88286356736344,1751200
2015-11-27,37.253604888916016,37.47833951886384,36.80413562902037,37.066325554350186,886900
2015-11-30,36.0175666809082,37.508308736306574,35.980108524037405,37.448380829094376,3300900
2015-12-01,37.64315414428711,37.70308491559491,35.972622472444485,36.18237445670885,2849700
2015-12-02,36.572357177734375,38.03525042928727,36.39892160228319,37.5300254325224,1799900
2015-12-03,35.96910858154297,37.137915499098746,35.81829413618661,36.83628660838603,2346800
2015-12-04,36.11993408203125,36.738270908353364,35.72781755470917,35.98420132732179,2409400
2015-12-07,34.74752426147461,36.30090560482289,34.19705099003231,35.64486593920053,3449300
2015-12-08,34.47605514526367,34.762599456595716,34.01607233424831,34.21967142485576,2132800
2015-12-09,34.3026237487793,34.92096052538539,33.97837362488257,34.53638345911396,1695000
2015-12-10,34.31769943237305,34.73243993145546,33.97837048082805,34.23475420910324,1439800
2015-12-11,32.832191467285156,34.08394690320344,32.66629523280471,33.684288054368466,2270300
2015-12-14,31.542722702026367,32.643663276992925,31.34666305760714,32.59841807984703,3090500
2015-12-15,30.96962547302246,32.31186788711745,30.796189881716057,31.73123706587456,4496200
2015-12-16,31.799108505249023,31.94992297615236,30.698167757784166,30.72833122727419,3623400
2015-12-17,31.86697769165039,32.5079385305396,31.678460305485395,31.972549844202295,2777900
2015-12-18,31.69354248046875,32.145985939458576,31.43715871667197,31.768951161907257,4430200
2015-12-21,31.95746612548828,32.1761440936972,31.56534964140628,31.78403048616204,1842200
2015-12-22,31.06765365600586,32.206296957118184,30.9243786576055,31.957455600576672,2481900
2015-12-23,31.640756607055664,31.66338064887792,30.683087964259634,31.5653508051067,2845300
2015-12-24,31.43715476989746,31.670917338188524,31.135528711652263,31.489939402004037,591600
2015-12-28,30.622753143310547,31.376822404159185,30.4794781427599,31.241089707082754,1559100
2015-12-29,30.58504867553711,31.052570787677954,30.22309579421396,31.052570787677954,2006200
2015-12-30,30.01951026916504,30.735874051120728,29.90639868435778,30.45686911888913,2667900
2015-12-31,30.0798282623291,30.22310329101728,29.40870694862084,29.81590511981906,2961700
2016-01-04,30.343761444091797,30.426706682355405,29.551986076568465,29.90639970292473,3328900
2016-01-05,30.999799728393555,31.13553247781351,30.275893649185182,30.343760023895157,3342700
2016-01-06,29.272974014282227,30.781112821309836,29.114620129915487,30.41162042445411,4133100
2016-01-07,29.22019386291504,29.37100834203302,28.473663773381848,28.63955998806632,3745900
2016-01-08,28.307767868041992,29.42379030982903,28.277604399644503,29.31822104698449,2787400
2016-01-11,28.70742416381836,28.903483834637893,28.01368164011038,28.40579522865602,2803400
2016-01-12,29.001506805419922,29.40870494893007,27.885484501261466,29.167402984601015,2602500
2016-01-13,26.580949783325195,29.107081448994098,26.513083413497384,28.978891015178704,4088900
2016-01-14,27.36517906188965,27.621562771504177,25.623277722166275,26.76946354888142,3980800
2016-01-15,25.623279571533203,26.64127505518841,25.562955511324006,26.196373964527243,6274900
2016-01-19,25.532800674438477,26.52817245502736,25.216089902497842,25.92491726626859,3541500
2016-01-20,25.163301467895508,25.47246988540973,24.44693478051947,24.861675357164216,4111000
2016-01-21,24.914459228515625,25.766555769632422,24.53742444434274,25.05773141094436,3047800
2016-01-22,27.259614944458008,27.719594946256503,25.676067189012176,25.728851826539003,4606100
2016-01-25,25.517711639404297,27.169122785830595,25.419681800337486,27.033390047598647,2842700
2016-01-26,26.030479431152344,26.083264065919025,25.110513722566985,25.78917742177698,2601600
2016-01-27,24.801342010498047,26.120963455429777,24.529876567293226,26.120963455429777,2653400
2016-01-28,25.291494369506836,25.902288887493985,24.937080746889094,25.60820221193763,2512800
2016-01-29,26.36981201171875,26.430136077461327,25.178380790423365,25.306574104515104,3188300
2016-02-01,26.9504451751709,27.17666544968937,25.86458325500727,26.203915105058403,3095000
2016-02-02,25.1557559967041,26.2566966457582,24.95969633909109,26.143585083554804,2467200
2016-02-03,24.002029418945312,25.35181292372598,23.40631532907122,25.283946561322526,5050900
2016-02-04,24.401687622070312,24.869209871035586,23.745646574187223,24.14530389653194,3411700
2016-02-05,23.383697509765625,24.190553156831086,23.0519064966538,24.13022621056206,3656800
2016-02-08,23.240415573120117,23.466637225862435,22.2827472178723,22.833218899420814,3633100
2016-02-09,23.40631675720215,23.88137988473892,22.622083827478356,22.931252191392023,3906400
2016-02-10,22.93125343322754,23.843678278250085,22.742736057789447,23.504346427152147,3313600
2016-02-11,22.576839447021484,22.863385201517094,21.86801377036886,22.471268747345572,3606000
2016-02-12,23.157474517822266,23.270586097657237,22.71257481945021,22.999120607290877,2058500
2016-02-16,23.278127670288086,23.65516244575695,22.56176102158783,23.413858981307115,2955800
2016-02-17,23.428937911987305,24.00957174186636,23.270584015623935,23.451560513584937,3557000
2016-02-18,22.644702911376953,23.753184328949605,22.44864470940237,23.692858838978438,3815600
2016-02-19,23.195180892944336,23.195180892944336,22.131942880057732,22.34308144596374,2205600
2016-02-22,23.85121726989746,24.348904455132608,23.338451226265217,23.542048894914362,2776600
2016-02-23,22.91617202758789,23.986950793007157,22.89355086270498,23.56467226866917,3078700
2016-02-24,25.50263023376465,25.53279370410501,22.448649337200926,23.127311598851374,4858300
2016-02-25,25.532800674438477,25.578043015753106,24.205636382621535,25.087899433376197,4076700
2016-02-26,24.801342010498047,26.030475933210326,24.77117854424274,25.73638932858726,2886100
2016-02-29,25.50263023376465,25.60819950340906,24.650530894203975,24.876754045209836,2948400
2016-03-01,26.06064224243164,26.332104838703955,24.997404391588027,25.50262956202052,3101300
2016-03-02,25.23839569091797,26.03018625320999,24.78159042746021,25.748491561858774,3610900
2016-03-03,27.08844757080078,27.141741077423454,25.390658759438747,25.390658759438747,3676000
2016-03-04,26.563127517700195,27.43105384865669,26.266205657560228,27.20265264118586,3114500
2016-03-07,27.278785705566406,27.537638252817942,26.349950925791283,26.525058598256017,3224500
2016-03-08,26.723003387451172,27.750812997293703,26.563122860679584,27.255941380968217,3804100
2016-03-09,27.872631072998047,28.055350870966702,26.943796236441106,27.05799828838063,2854200
2016-03-10,26.943798065185547,27.872632964784888,26.570743424850054,27.872632964784888,2434200
2016-03-11,27.59854507446289,27.628999338468443,26.68493748424567,27.35491677097543,2011600
2016-03-14,26.93618392944336,27.522415510277586,26.66971344491209,27.29401140802827,2595600
2016-03-15,26.821975708007812,26.89049634206389,26.091090880928395,26.403239790677613,1971300
2016-03-16,27.118906021118164,27.370149393143034,26.525062275283453,26.57074368045499,2547800
2016-03-17,27.187419891357422,27.377754675650227,26.532667768705643,27.06560574558116,2450000
2016-03-18,27.49197006225586,27.773664866645497,27.035164615491325,27.17982098055931,4327400
2016-03-21,27.34730339050293,27.842175045253416,27.263558515890384,27.54525321411458,1520600
2016-03-22,29.20497703552246,29.821660031381853,27.111293887195977,27.255947313721713,5256300
2016-03-23,26.700172424316406,28.626360169636126,26.616424625949584,28.314211132992067,3978000
2016-03-24,26.898117065429688,27.248332422997546,26.456538906886838,26.624034471062227,2311900
2016-03-28,27.187419891357422,27.781266393260232,26.700163308252375,27.103672121584054,2165500
2016-03-29,27.042770385742188,27.26355946426673,26.37279103558577,26.860047688689075,1966300
2016-03-30,26.18246078491211,27.431056902063393,26.15200651271836,27.3168577377557,2193800
2016-03-31,26.890501022338867,27.187422853501555,25.92359986427149,26.21290958111557,2746200
2016-04-01,26.03780174255371,26.32711145754837,25.65713213492655,26.258590812004336,1902800
2016-04-04,26.304269790649414,26.79914145139065,25.695198988083902,25.794173901087884,1838800
2016-04-05,25.855079650878906,26.66210028325022,25.824625384537644,26.14438937256352,2411400
2016-04-06,25.938823699951172,26.07586497449516,25.05567043304451,25.923596568970922,2470200
2016-04-07,26.098705291748047,26.410854228980003,25.649515074338314,25.877919144153534,2685400
2016-04-08,26.882890701293945,27.40821375267993,26.075870028591325,26.403246147423975,2110700
2016-04-11,26.357561111450195,27.164581672880875,26.060639301420338,27.164581672880875,2346000
2016-04-12,26.890501022338867,27.39298479144772,26.113934669301795,26.395629367548622,2067600
2016-04-13,27.354915618896484,27.461502634148424,26.593576476493084,27.088448080766632,1545400
2016-04-14,26.981863021850586,27.530028232498648,26.91334237051958,27.453895466254803,1311900
2016-04-15,25.95404624938965,27.08082760451854,25.824617111044144,26.738224478636635,2011800
2016-04-18,26.464147567749023,26.55551035680056,25.29929959798645,25.55054291146062,2084000
2016-04-19,26.5174503326416,26.974252770216584,25.96928508412837,26.5174503326416,1745100
2016-04-20,26.867660522460938,27.096061696992887,25.801784502273826,26.44892455177261,2238600
2016-04-21,27.4462833404541,27.568097521853243,26.601196186375425,26.86766670487798,1784300
2016-04-22,27.57570457458496,28.13909391167501,27.271167756935295,27.530023180654013,1792500
2016-04-25,27.91830825805664,27.925923276776707,27.172196158818018,27.56048079373812,1868900
2016-04-26,28.26090431213379,28.43601194257588,27.903076938742526,28.161932328152137,1465900
2016-04-27,28.458864212036133,28.915666636180685,28.207620845761337,28.32182290393697,1978800
2016-04-28,27.697525024414062,28.68726555061106,27.659458639613984,28.382728663652447,1673500
2016-04-29,27.103675842285156,27.77365518816626,26.54028642983412,27.59854751109209,2093900
2016-05-02,27.019933700561523,27.118905720919013,26.007351012561053,27.019933700561523,2496800
2016-05-03,26.205289840698242,26.563120139048454,25.558152781911552,26.502214522637974,3049200
2016-05-04,23.723329544067383,25.51247551655237,23.456860531525162,25.360209998767033,5198500
2016-05-05,22.870630264282227,23.966957666706246,22.596547687606577,23.852757077137824,4362300
2016-05-06,22.74881362915039,23.373112964738336,22.53563959215183,22.55086672397722,3505000
2016-05-09,21.355562210083008,22.642225758096817,21.195681688354114,22.596545816479868,4928200
2016-05-10,22.09406852722168,22.1702027534825,21.530677576314954,21.660105325316472,4921100
2016-05-11,22.2691707611084,22.505185497618598,21.69055281664853,22.094063100218225,4117300
2016-05-12,21.31749725341797,22.687907210281992,21.27943087489257,22.352919013268547,2961400
2016-05-13,21.408857345581055,21.819979727793914,21.00534707691767,21.302268878079133,2781300
2016-05-16,21.11954689025879,21.545896388350847,20.419114845895134,21.545896388350847,4501300
2016-05-17,21.264205932617188,21.80475611447302,20.906375548212907,21.119551065472066,2754500
2016-05-18,21.70578384399414,22.269174757622554,21.45454193045526,21.60680892076215,3121600
2016-05-19,20.952058792114258,21.80475803185336,20.716042553350093,21.583970380401812,2690000
2016-05-20,21.1956844329834,21.2032979995953,20.563772925589298,20.959669676571938,2242200
2016-05-23,20.830244064331055,21.401248548970482,20.822630496945788,21.01296532515893,1995700
2016-05-24,21.21091651916504,21.264210045753543,20.716044738809632,21.058648055649577,2162200
2016-05-25,21.018291473388672,21.611548568672863,20.79485585694138,21.318772435256363,2506100
2016-05-26,20.502086639404297,21.13386809006053,20.39422047424734,21.087640573305414,2438200
2016-05-27,20.77174186706543,20.77174186706543,19.878002319049013,20.401918909861216,2883200
2016-05-31,20.617652893066406,21.04140824673516,20.455854405789193,20.79485957045181,3516700
2016-06-01,21.688600540161133,22.096947727885382,20.502084597949683,20.502084597949683,7481500
2016-06-02,21.534503936767578,21.95055440009687,21.10304234647951,21.442047461835617,5327300
2016-06-03,20.895021438598633,21.72712397772823,20.7794504576963,21.603849636342073,3023400
2016-06-06,20.887311935424805,21.203202548245496,20.317167866686344,21.06451857782749,2989500
2016-06-07,21.210912704467773,21.318777388755713,20.84879303085065,21.018296357070106,2673300
2016-06-08,20.633066177368164,21.411236492056318,20.502086986390033,21.38812199851443,3298400
2016-06-09,20.67929458618164,20.895025459898395,20.116855111671157,20.44815551898582,3457900
2016-06-10,20.8256778717041,21.018294199327737,20.178486893325008,20.38651141030361,4009600
2016-06-13,19.246219635009766,20.671580496462795,19.22310662036965,20.648466012276984,4982300
2016-06-14,19.007381439208984,19.685390343268434,18.62214873997049,19.21540744948884,4056900
2016-06-15,19.330976486206055,20.016690203599442,18.575920767104787,18.699195110241888,4504200
2016-06-16,19.076723098754883,19.261634614710573,18.807059920239716,19.076723098754883,3209500
2016-06-17,18.568214416503906,19.577523569371248,18.460348272932016,19.092131066708625,6378600
2016-06-20,18.660669326782227,19.176881144581348,18.56050948282686,18.899514631564806,3515300
2016-06-21,18.799352645874023,19.069015789329274,18.23691334094038,18.71460246387933,4492900
2016-06-22,18.691490173339844,19.08442769092474,18.622148172028034,18.822469345868143,3134400
2016-06-23,19.1075439453125,19.130658439510224,18.837882194070698,18.9611565573659,3304100
2016-06-24,18.614437103271484,18.884100188045352,18.23690937240631,18.475753147128035,4280300
2016-06-27,17.65906524658203,18.429530568911883,17.358584241128103,18.37559823147615,4333400
2016-06-28,18.414119720458984,18.46805205441138,17.720701269057226,17.82086110789084,3651000
2016-06-29,18.46034812927246,18.807058106723336,18.229209124002512,18.414120622127662,4257600
2016-06-30,18.31395721435547,18.514278332393534,17.60512920804603,18.460344536750245,4835000
2016-07-01,18.66837501525879,18.70689916435733,18.152163173706565,18.28314234154955,3562800
2016-07-05,17.836267471313477,18.683779408494516,17.528081713123722,18.491163125932715,4495800
2016-07-06,17.68217658996582,17.712994433213197,17.00416640397491,17.689879948618376,6554000
2016-07-07,17.189077377319336,18.48345908645699,17.081212724739757,17.813155217504352,5758600
2016-07-08,17.504972457885742,17.76693079796499,17.112034947766873,17.34317543759647,4979900
2016-07-11,17.820863723754883,17.92102504683672,17.05039833809318,17.61283918648126,4374200
2016-07-12,17.967252731323242,18.129051228032445,17.72840887094368,17.967252731323242,3214600
2016-07-13,18.807056427001953,18.991967908612036,17.874794190191228,17.967249196223356,7472800
2016-07-14,19.246219635009766,19.538997223180584,18.99196618714863,18.99196618714863,9190900
2016-07-15,18.50657844543457,19.408022982505752,18.49887361542845,19.30786166197225,4308100
2016-07-18,18.737716674804688,18.822468331740843,17.782339837650383,18.491168003222413,3683600
2016-07-19,18.76854133605957,18.78394953025996,18.529695956623282,18.691494486871942,2187100
2016-07-20,18.48346519470215,18.822470389970864,18.39871352849843,18.791651067879997,3272800
2016-07-21,18.48346519470215,18.78394623735728,18.44494251163473,18.5065796862703,2330100
2016-07-22,18.58362579345703,18.61444364479365,18.167573778816916,18.53739681213295,2786000
2016-07-25,18.614437103271484,18.907214670584455,18.31395617799107,18.48345797464107,2634600
2016-07-26,19.46965980529785,19.523592144831444,18.498873285055033,18.614442793990744,2679700
2016-07-27,18.91492462158203,19.99357733665519,18.814764768091802,19.592934983602078,4032600
2016-07-28,18.968856811523438,19.246223327235114,18.660669508105617,18.945742322903307,3209500
2016-07-29,19.585227966308594,19.66227479014511,18.645260830231727,18.87639983219534,4866200
2016-08-01,19.030492782592773,19.562112761539755,18.930331474411425,19.50818042769405,3525800
2016-08-02,19.7085018157959,20.03209729237768,19.161472172039925,19.269336841051885,5360400
2016-08-03,20.540605545043945,20.60994754218882,19.23851872810194,19.253928387366578,7904300
2016-08-04,19.731613159179688,20.617647796635797,19.662271177422234,20.525191331110634,5907600
2016-08-05,20.37880516052246,20.517487662326594,19.793251431237266,19.96275324647282,3899000
2016-08-08,21.126155853271484,21.195497838869574,20.609944110233343,20.702400580879377,6742100
2016-08-09,20.324871063232422,21.187792722532027,20.2324160633888,21.156973409553668,3271200
2016-08-10,20.347993850708008,21.033707679270368,20.170787137412663,20.371108344873356,4273700
2016-08-11,20.794858932495117,20.90272360767344,20.186192090286887,20.525195775003326,3280000
2016-08-12,20.902719497680664,21.557615188664577,20.656170877438647,20.94124363805954,4505300
2016-08-15,21.07993507385254,21.17239010443121,20.79486221221817,20.995183404533577,3290700
2016-08-16,20.887311935424805,21.257134876842336,20.717808651782466,21.09533642150608,3716200
2016-08-17,21.17238998413086,21.24943682220612,20.648473248674538,20.97977362371581,4476400
2016-08-18,21.025999069213867,21.287955923303507,20.771744105497582,21.2417284160578,3901400
2016-08-19,21.135183334350586,21.30675993050288,20.79202865451233,20.79982779354657,2961000
2016-08-22,20.261703491210938,21.057197994684973,20.238307556571932,21.002605497148636,4354800
2016-08-23,20.768634796142578,20.82322877873702,20.27730085306403,20.370889049977716,2810400
2016-08-24,20.519065856933594,21.096188789123115,20.448875089333026,20.823226345713966,2957400
2016-08-25,20.02773094177246,20.581456427120575,19.941941899662996,20.51906480218651,3535200
2016-08-26,20.035531997680664,20.386484363686144,19.731371495435333,20.1291187002686,3714700
2016-08-29,20.097923278808594,20.253901609585178,19.93414432082932,20.051128440795203,2342100
2016-08-30,20.17591094970703,20.308493334302412,19.949740387001068,20.097921049203816,2236900
2016-08-31,20.18370819091797,20.44887295472155,19.918544914647985,20.113518918178052,4054300
2016-09-01,19.22443962097168,20.21490807925638,19.185445408848345,20.21490807925638,3892500
2016-09-02,19.247835159301758,19.46620510590106,19.021664585999687,19.39601582844678,3639000
2016-09-06,19.364822387695312,19.544198154845656,19.13085412511086,19.31802903268521,3288600
2016-09-07,19.598785400390625,19.645580230399823,19.22443568551827,19.419409681289313,3147100
2016-09-08,20.136919021606445,20.285099711521294,19.653384225618485,19.762569214222108,3646900
2016-09-09,19.9731388092041,20.129117130531544,19.707974026660377,19.941942252418393,4080700
2016-09-12,20.409879684448242,20.4878695869414,19.64558191258938,19.809359369044707,4352400
2016-09-13,19.996540069580078,20.44108070953823,19.832762565399328,20.214911562688513,2989900
2016-09-14,18.811098098754883,20.01993668444491,18.740907317646787,19.996539261564198,4901500
2016-09-15,19.715776443481445,20.074527980955096,18.811096971770382,18.811096971770382,7086700
2016-09-16,19.715776443481445,19.980941270107166,19.411615914390797,19.411615914390797,4871200
2016-09-19,20.136919021606445,20.34749134608535,19.474006974654657,19.83275998904841,4080200
2016-09-20,19.333627700805664,20.11352390842121,19.325828560225432,20.082327346100286,3297000
2016-09-21,19.154245376586914,19.58318906984822,18.904678894161062,19.458405828635293,3843500
2016-09-22,19.22443962097168,19.48180528857369,19.17764626891691,19.310228672683632,2692200
2016-09-23,19.333627700805664,19.590993389817434,18.998272093525546,19.115256227161083,3618800
2016-09-26,18.60052490234375,19.47400782435271,18.60052490234375,19.388220252792703,4220800
2016-09-27,18.569326400756836,18.748703640815137,18.15598240472509,18.522533049562146,3865000
2016-09-28,18.756500244140625,18.96707254404151,18.218373016661115,18.701907756210854,4819000
2016-09-29,18.413341522216797,18.86568105639609,18.17157273732905,18.70970129114808,4916600
2016-09-30,19.107452392578125,19.23223563613921,18.304158960561725,18.530329519224694,3150200
2016-10-03,19.1932430267334,19.224438096451493,18.78769670766209,19.03726321554175,2501000
2016-10-04,19.77036476135254,19.980937047561337,19.28682856571015,19.318025121089367,4655900
2016-10-05,20.542461395263672,20.815425301224888,19.840555271030272,19.902946893461383,5620900
2016-10-06,20.316295623779297,20.565863659872655,20.027734859832737,20.417682963840278,4404900
2016-10-07,19.333627700805664,20.253903976263476,19.22444122021639,20.207110620316055,5121800
2016-10-10,19.70797348022461,19.84055586782041,19.333623734377763,19.333623734377763,2498600
2016-10-11,19.279035568237305,19.746973635252612,19.162051423367007,19.661184568165144,2906300
2016-10-12,18.74870491027832,19.263436270873484,18.74090576996216,19.263436270873484,2176300
2016-10-13,18.44454574584961,18.740907149544157,18.218376610167585,18.6551180872851,3907300
2016-10-14,18.382150650024414,18.670712858572823,18.109186720323756,18.56932553359619,3489000
2016-10-17,18.42894172668457,18.709704761190096,18.28856169696537,18.382148383444836,2687100
2016-10-18,18.5615234375,18.92027635618365,18.48353503075154,18.569322575681547,2142200
2016-10-19,18.007802963256836,18.522534324427692,17.914214766892172,18.358756840206926,3766700
2016-10-20,18.210575103759766,18.241770175734683,17.789430475594635,17.937611158193533,2660100
2016-10-21,19.06066131591797,19.559794349547975,17.937610502716684,18.171578740347304,5126000
2016-10-24,19.130847930908203,19.458404284990316,18.974868147999214,19.146444719172337,2801800
2016-10-25,19.35702133178711,19.489603730807588,18.92027992399827,19.11525395270287,2676800
2016-10-26,19.645584106445312,19.840558140684454,19.068461143601514,19.162047847017355,2873900
2016-10-27,18.889080047607422,19.676775163722954,18.865684120293885,19.62998182156235,3483400
2016-10-28,18.592727661132812,19.12305737601111,18.405552730152376,18.811099157710384,2687200
2016-10-31,19.458410263061523,19.74697101630216,18.756502511862323,18.842291567571984,4583300
2016-11-01,19.848356246948242,20.66724655309511,19.590990594656333,20.012133713164115,5796600
2016-11-02,19.20104217529297,19.88735007229254,18.95927331907611,19.76256681829262,3645900
2016-11-03,18.631711959838867,19.544190192213534,18.179372412274788,19.255629551759434,5251300
2016-11-04,18.46013641357422,18.77989362051873,18.148178344303158,18.54592544044879,4175800
2016-11-07,18.23396873474121,18.70970579447508,18.08578955837627,18.68630837779626,3415900
2016-11-08,17.703643798828125,18.19497773543229,17.64904981695308,18.148184381359012,3238900
2016-11-09,20.448875427246094,20.862220900220567,17.992202983231547,17.992202983231547,8507400
2016-11-10,20.324087142944336,21.47833422849626,20.29289207983937,20.604850148556075,6554900
2016-11-11,20.269500732421875,20.363088924809457,19.341423898674925,20.22270737999501,3227700
2016-11-14,20.99480438232422,21.01040266230621,20.28509900601605,20.339691498419164,3089300
2016-11-15,21.127384185791016,21.478338004505286,20.76863122804602,21.07279170010961,4082000
2016-11-16,21.65771484375,21.67331312260667,20.924612100357677,21.07279277442856,3507100
2016-11-17,21.766904830932617,22.258240315275938,21.275570834123386,21.79810139582671,5338800
2016-11-18,21.33016014099121,21.86828890455752,20.979206276157992,21.86828890455752,5519100
2016-11-21,22.616985321044922,22.663778667268694,21.5563262230817,21.63431612514376,4375100
2016-11-22,22.866552352905273,23.155114551029815,22.515600016710966,22.749568240840503,3787200
2016-11-23,22.440616607666016,22.898105379944642,22.08566777380039,22.63781006993209,3510500
2016-11-25,22.156660079956055,22.503721034571807,22.093558224977453,22.330189805030482,1216900
2016-11-28,21.880586624145508,22.432728926122437,21.825372694841164,22.227647542658627,3094500
2016-11-29,21.722829818725586,22.062001267810665,21.344217274954868,21.60451255253481,2595900
2016-11-30,22.693023681640625,22.779787780788272,21.375771311925998,22.069891627440676,4886900
2016-12-01,22.953319549560547,23.521236185239133,22.63781030751689,22.984869721531545,3597200
2016-12-02,23.055856704711914,23.38714174496684,22.937540941292273,22.937540941292273,2660800
2016-12-05,24.52298355102539,24.641299349025534,23.402924421321185,23.647443937783745,4223000
2016-12-06,24.554533004760742,24.696512559963434,24.018167969336183,24.404667033795196,3485100
2016-12-07,26.045310974121094,26.132076572674436,24.522977314775762,24.530865233232124,4980900
2016-12-08,26.897186279296875,26.92085154016587,26.305605909439024,26.313495332706477,5666500
2016-12-09,26.08475685119629,26.84986862080313,25.87967692795776,26.699999629846005,3762200
2016-12-12,25.540496826171875,26.58167801530419,25.37485203917964,26.58167801530419,2963800
2016-12-13,25.761350631713867,26.337155109864554,25.682474460051118,25.958544069803818,2606700
2016-12-14,24.93314552307129,25.729805904045733,24.791165968611068,25.4537362197808,4122400
2016-12-15,25.051462173461914,25.62726833117786,24.83060491403203,24.917370534605734,3622200
2016-12-16,25.06723403930664,25.46950889208388,24.70439727809968,25.240763748469334,4637600
2016-12-19,24.601856231689453,25.15399701119306,24.4441008635646,25.043569156185676,2138900
2016-12-20,24.81482696533203,25.398520993926965,24.617633484026594,24.80694055001066,2336500
2016-12-21,25.13822364807129,25.33541560913722,24.66495902989951,24.783274808325768,2108900
2016-12-22,25.73769187927246,25.95066118242012,25.248649919925914,25.63515043503096,2871500
2016-12-23,26.132083892822266,26.234622348078286,25.55627922441249,25.611493164606983,2183300
2016-12-27,26.439706802368164,26.463369061264544,26.068982032008932,26.13208540097827,2210100
2016-12-28,26.21884536743164,26.59745647269175,26.108414495580547,26.42392525443077,2543700
2016-12-29,26.155744552612305,26.58168321575172,25.848123187767353,26.163630968329453,1993900
2016-12-30,25.840234756469727,26.526470298663764,25.777134401505148,26.100531619150363,1955200
2017-01-03,26.47913932800293,27.05494390840137,25.94277284043903,26.19518024530044,3075900
2017-01-04,27.05494499206543,27.43355611452251,26.5185784830178,26.92085486927039,4063500
2017-01-05,26.621112823486328,27.01549968013057,26.258277637517526,26.968172174117406,3319800
2017-01-06,25.2486515045166,26.739436720111037,25.224989250104105,26.644781684593703,3791800
2017-01-09,24.41254997253418,25.04356841748736,24.341560209418613,25.012016743006377,3569900
2017-01-10,24.22324562072754,25.114560965587955,24.191695447214563,24.3731130821979,3829100
2017-01-11,24.49142837524414,24.79116329218263,24.183807043435444,24.23902097432759,2231700
2017-01-12,24.0970401763916,24.870039681901346,23.899846716668378,24.75961032141898,1979700
2017-01-13,23.686878204345703,24.089153030502622,23.64743861091856,23.757867968047904,2114700
2017-01-17,23.702653884887695,24.286347865062655,23.46602232873754,23.92351110723678,2223200
2017-01-18,23.828859329223633,23.986614714534824,23.56856399658697,23.608003595148194,1836100
2017-01-19,23.54490089416504,23.868298068388647,23.34770742185958,23.868298068388647,2450900
2017-01-20,23.647438049316406,23.978723103903448,23.434468763267603,23.884071090859504,2020600
2017-01-23,23.1110782623291,23.686884442270294,23.032202063636138,23.466027174315656,2547900
2017-01-24,24.12859344482422,24.136481364269834,23.166289839461047,23.339819553864203,3348700
2017-01-25,24.34156036376953,24.404662208664984,23.6237763139088,24.183804999297582,2521000
2017-01-26,23.42658805847168,24.451993641657623,23.37926053594901,24.32578992386449,2744600
2017-01-27,22.945430755615234,23.655326899264082,22.84288931556891,23.505459450832284,3142500
2017-01-30,23.18206214904785,23.213613824074436,22.60625762001273,22.85866500235872,3152600
2017-01-31,22.85078239440918,23.339822939713667,22.424845213823872,23.3003848412312,4132000
2017-02-01,22.180322647094727,23.260942043555872,21.96735333381839,23.221503950489947,3446700
2017-02-02,22.219758987426758,22.487942211627345,21.81748415112588,22.274972915150403,3668900
2017-02-03,22.60625648498535,22.60625648498535,21.991012393057513,22.28285935453352,1804600
2017-02-06,22.551050186157227,22.874447425959982,22.432734379674994,22.614152049912224,1955000
2017-02-07,22.42483901977539,22.779786321477324,22.31441117095256,22.677246391065637,1646300
2017-02-08,23.308269500732422,23.339821180714125,22.164548181799947,22.28286397279753,3802300
2017-02-09,23.805198669433594,23.97872840132841,23.466025621417717,23.560679159839314,2547900
2017-02-10,23.78153419494629,24.1522589127983,23.576452788243813,24.049717457213607,1648800
2017-02-13,23.395030975341797,23.757867708575496,23.27671520528587,23.529122582596283,2745100
2017-02-14,23.600114822387695,23.615890661241952,23.040084578795962,23.292493487063677,1598100
2017-02-15,23.78153419494629,23.820973794966136,23.37925930154531,23.537014692690878,1983600
2017-02-16,23.6632137298584,23.923509020708178,23.513346288318644,23.797305334506262,2566200
2017-02-17,23.600114822387695,23.647440834483668,23.26882972878229,23.466023201060107,1617000
2017-02-21,23.65532875061035,23.813084130197314,23.3319315764772,23.742094359829863,2349600
2017-02-22,22.795560836791992,23.30826346806116,22.54315348013434,23.197835625640067,4612800
2017-02-23,23.18994903564453,23.426582074411613,22.842888148132772,23.00853142571639,3295700
2017-02-24,23.086246490478516,23.10219989254534,22.551768721835824,22.99051847035128,2677500
2017-02-27,22.743221282958984,23.18994845482916,22.66344819331017,22.830971833727194,2814800
2017-02-28,23.35747528076172,23.676566161329774,22.6953611330035,22.743224384702376,7185200
2017-03-01,23.437246322631836,24.067452128663447,23.32556489737876,23.6127474440813,3905600
2017-03-02,22.44008445739746,23.36545019234798,22.35233542578595,23.341517808338384,4263300
2017-03-03,22.408180236816406,22.815021710206324,22.304474741996877,22.5278391356851,2387100
2017-03-06,22.50390625,22.52783863786306,22.033248127723176,22.34436156221586,2023500
2017-03-07,21.86572265625,22.687382980048366,21.8098819440439,22.51985932188478,3152000
2017-03-08,21.754045486450195,22.20077279301429,21.69022729979818,21.873704396229524,4626200
2017-03-09,21.546630859375,21.70617552717196,21.259448327177147,21.658312278987395,2978500
2017-03-10,21.897634506225586,21.929542835455635,21.56258868081021,21.666292652739656,2061100
2017-03-13,22.24065589904785,22.727270464378606,21.961452317181422,21.961452317181422,2876600
2017-03-14,22.009315490722656,22.03324787831481,21.706178000736987,21.99336056566122,2196300
2017-03-15,22.58368492126465,22.62357224420148,22.168867413542145,22.224708144107918,3288700
2017-03-16,22.735248565673828,22.926703107851942,22.503906709576036,22.727271102889894,3009800
2017-03-17,22.55974578857422,22.878836647501632,22.464017770123377,22.807041014049812,4263000
2017-03-20,22.76715850830078,22.838952630553816,22.25661153889536,22.50390680000935,4222800
2017-03-21,21.953472137451172,22.807040745615126,21.873699043271923,22.735245113008325,3223600
2017-03-22,21.96145248413086,22.14492955976512,21.64236006549424,21.84179206636942,2471400
2017-03-23,21.5705623626709,22.081107713228025,21.546629978784097,21.98537969922598,3182600
2017-03-24,21.25944709777832,21.738084116580872,21.251469636618012,21.68224341000385,2839000
2017-03-27,21.227540969848633,21.5386543795476,20.924403500589634,21.123835485585445,2728900
2017-03-28,21.379108428955078,21.53865462740584,21.004176840604696,21.29933685127501,4433100
2017-03-29,22.71131706237793,22.783112708685767,21.514724985974645,21.57056722763836,5131600
2017-03-30,22.41615867614746,22.815022704116114,22.40020374985779,22.695363800034624,4263100
2017-03-31,22.60761070251465,22.679406341255607,22.352337996566945,22.352337996566945,2594200
2017-04-03,22.10504150390625,22.591656056585368,21.80988300459411,22.57570113188056,3140100
2017-04-04,22.152904510498047,22.376267352362373,21.945495070520284,22.105039740202624,2124500
2017-04-05,21.45090103149414,22.48794813162481,21.434947631142208,22.15290237951261,2750000
2017-04-06,21.044063568115234,21.59449630362257,20.94833706201115,21.546633050570527,3088300
2017-04-07,21.219566345214844,21.426975819929456,20.724974286811456,21.02811179660416,3665700
2017-04-10,21.76201820373535,21.913585413011475,21.243493838537766,21.251471300322606,2040800
2017-04-11,22.21672248840332,22.232677411695608,21.48281275395563,21.730107978805165,2686600
2017-04-12,22.192792892456055,22.55177110391953,21.993360890875326,22.216725280402095,3333900
2017-04-13,21.817861557006836,22.479975749883195,21.75404337654449,22.28852120849616,2980600
2017-04-17,21.76201820373535,21.857744702062877,21.570563685535042,21.801903991114276,1866000
2017-04-18,21.490793228149414,21.937520492138418,21.299338686439842,21.602474663760304,2944400
2017-04-19,21.083953857421875,21.618431743533904,20.98822581625521,21.522703702367238,3019500
2017-04-20,21.41899871826172,21.634385659662335,21.07597540896715,21.163725982473814,1793700
2017-04-21,22.24065589904785,22.37626971947386,21.39506464779794,21.490792676970294,3683800
2017-04-24,22.99051856994629,23.229837860528484,22.448063337147637,22.479973184510037,3641100
2017-04-25,22.942657470703125,23.245793441330402,22.815021112381597,22.99849818727562,2767200
2017-04-26,22.54379653930664,23.213888272482723,22.52784161195825,22.886819869568875,2989900
2017-04-27,22.52783966064453,22.615590231914275,22.073134921420383,22.336385113684127,3410800
2017-04-28,22.44806671142578,22.6554761858223,22.144930723643476,22.6554761858223,3325500
2017-05-01,22.42413330078125,22.511882341175877,22.224701312041596,22.448064165641,1576200
2017-05-02,22.60761070251465,22.63154308927675,22.4002012485458,22.55176998828176,2334000
2017-05-03,21.6822452545166,22.152904852197945,21.004176213658283,21.458880887661724,3495700
2017-05-04,20.772838592529297,21.538656769549224,20.605314915340273,21.22754332532806,3276300
2017-05-05,21.490793228149414,21.562588871483687,20.79676918309995,20.90047467749187,3476500
2017-05-08,22.009315490722656,22.017292953253374,21.35517877865781,21.41899695735815,2357300
2017-05-09,22.168861389160156,22.32042861049439,21.841791516142454,22.025270108700038,2644300
2017-05-10,22.519859313964844,22.623564797921375,21.98538153489471,22.28851900325733,2791600
2017-05-11,22.128971099853516,22.671426299034646,22.073130391975194,22.519857576546936,2059600
2017-05-12,22.0492000579834,22.320427682791628,21.977404420737376,22.256609507633534,1554700
2017-05-15,21.881677627563477,22.53581429461478,21.762018740927676,22.392223022033704,1863900
2017-05-16,21.59449577331543,21.977404831419246,21.442927033903167,21.91358665506861,1802400
2017-05-17,21.115854263305664,21.618423628063322,20.988217937361345,21.594491246369376,2756900
2017-05-18,20.988218307495117,21.227537564019954,20.788786354496942,21.05203647159273,2144900
2017-05-19,21.31944465637207,21.481017422394654,20.99630066519899,21.077087048210284,2472800
2017-05-22,21.52948760986328,21.747610371337487,21.32752243239576,21.392151227550485,1814400
2017-05-23,21.270973205566406,21.537567187918473,21.069008020727807,21.497174767299587,2227000
2017-05-24,21.12555503845215,21.52948535100715,20.858961093800723,21.214420200293244,1888400
2017-05-25,20.608530044555664,21.35176207290474,20.543901239519755,21.012460461248157,3245800
2017-05-26,20.010711669921875,20.624686040861473,19.88953286243151,20.5277420703459,2669300
2017-05-30,19.752195358276367,20.07533934035844,19.671408977537837,19.91376657888138,2505000
2017-05-31,19.30787467956543,19.711805118639486,18.952415461736006,19.631018722650207,4214200
2017-06-01,19.913774490356445,19.962245721707713,19.081678598523595,19.38866511824517,3370700
2017-06-02,19.420974731445312,19.857218770274386,19.267480745157204,19.808747552820538,2537000
2017-06-05,19.590625762939453,19.736040963595684,19.299795361626987,19.38866054888853,1800700
2017-06-06,19.45329475402832,19.582552403620053,19.097835447214695,19.477531141154042,2307400
2017-06-07,19.437131881713867,19.70372590417466,19.105909052016287,19.315953060753927,2846100
2017-06-08,19.841064453125,20.1076585043528,19.437133979090607,19.48560674540292,3150700
2017-06-09,20.729705810546875,20.794334606071203,19.744116293582852,19.865295092581967,3285500
2017-06-12,20.875123977661133,21.39215441596013,20.858966391246227,20.86704518445368,3662200
2017-06-13,21.384071350097656,21.49717289153144,20.70546826498273,20.8831985982907,2622400
2017-06-14,20.382326126098633,21.375994467742633,20.277304907749887,21.32752325472568,2097900
2017-06-15,20.55197525024414,20.786254036154748,20.309616132103077,20.382323713458206,3467600
2017-06-16,21.214427947998047,21.25482037765649,20.519667063591367,20.60853225788685,3370800
2017-06-19,21.602197647094727,21.707220414177616,21.174030867587927,21.246738462992333,2319300
2017-06-20,20.88319969177246,21.343680050596607,20.802413312481622,21.2467360872732,2439200
2017-06-21,20.89935874938965,21.19018757812177,20.463113194983272,20.818572364402673,2837500
2017-06-22,21.51333236694336,21.68298393573106,20.94783073301947,21.06093075162981,3067500
2017-06-23,21.933420181274414,21.957656559733643,21.222503362730915,21.481018569474006,3545300
2017-06-26,22.070756912231445,22.345429708780216,21.8283992874518,21.949578099841624,2615100
2017-06-27,22.33734893798828,22.830144477727714,21.97381253300797,22.094991334668073,2852200
2017-06-28,22.547399520874023,22.935172416173508,22.377749457007692,22.466613115801835,1869900
2017-06-29,22.62010383605957,22.89477664876722,22.272723423466232,22.628182629477124,2270700
2017-06-30,22.19193458557129,22.822066534876534,22.17577854138817,22.660493766068385,2958700
2017-07-03,22.644338607788086,22.805909842045185,22.305037012714344,22.305037012714344,895000
2017-07-05,21.71529769897461,22.539316087552447,21.610276472605527,22.539316087552447,2373300
2017-07-06,21.15787696838379,21.836480233731823,21.149798174644843,21.699143821914426,3006500
2017-07-07,21.884946823120117,21.949575618479994,20.980142147209797,21.149793698074493,2600200
2017-07-10,22.070756912231445,22.167700886666623,21.66682651035057,21.72337652007434,3325900
2017-07-11,21.98188591003418,22.264637424653905,21.81223592578542,22.038437445655557,1628400
2017-07-12,21.901105880737305,22.377743856412767,21.828398288456498,22.337349893550027,2022600
2017-07-13,21.723373413085938,21.9980461703496,21.3517582361245,21.836474957229317,1961800
2017-07-14,21.77992820739746,21.917264616250186,21.642593339417054,21.74761457401158,1822600
2017-07-17,21.989967346191406,22.030361305066,21.788002174434375,21.82031734153405,2237200
2017-07-18,21.98188591003418,22.04651623645861,21.77184351264194,22.038437445655557,1429600
2017-07-19,22.41005516052246,22.66857033253149,21.98188844383752,22.046518777711746,2077200
2017-07-20,22.296955108642578,22.563549071795908,21.99804597862365,22.555470280079508,1286400
2017-07-21,22.070756912231445,22.418137304388548,21.804162908624956,22.288879699056444,1629900
2017-07-24,22.272724151611328,22.305039326337997,21.99805132992401,22.10307410691334,1181500
2017-07-25,23.104820251464844,23.22599906886709,22.37774580617911,22.37774580617911,2700100
2017-07-26,23.040193557739258,23.209843609476227,22.725126754571104,23.145214798213704,1733500
2017-07-27,23.24216079711914,23.347182046683024,22.741286310830322,23.064430395110588,2404700
2017-07-28,22.822067260742188,23.508749238708866,22.52315809120181,23.18560523168695,2028100
2017-07-31,23.298707962036133,23.395650404995468,22.797833537171748,22.9109351084541,1926700
2017-08-01,23.69455909729004,23.864210680111125,23.209842270351345,23.314865045638758,3187800
2017-08-02,24.631675720214844,25.100234924731787,23.646086094402573,24.235824111301582,5029600
2017-08-03,24.688222885131836,25.261804790926156,24.558965294702247,24.6639880499713,5954700
2017-08-04,24.66398811340332,25.04368209365775,24.631672945276804,24.71245932472107,4519400
2017-08-07,24.631675720214844,24.760933325538677,24.5508893316694,24.63975451315661,2974300
2017-08-08,23.93691635131836,24.696305983152207,23.807658738351613,24.53473473737992,3844200
2017-08-09,23.516822814941406,24.017695529502674,23.31485766274403,23.969224324419415,3024300
2017-08-10,22.96748161315918,23.5733771820992,22.813987637583516,23.476433213085066,2660700
2017-08-11,23.0725040435791,23.18560560350466,22.789752455073494,22.878617636256678,1937100
2017-08-14,23.23407554626465,23.40372556554331,22.975560350675007,23.18560433230962,2459600
2017-08-15,23.39565086364746,23.468358467728507,23.04827197188204,23.177529592276706,2613300
2017-08-16,22.474685668945312,23.49259039207825,22.42621445571196,23.419882801792177,2414900
2017-08-17,22.15154266357422,22.59586547651298,22.15154266357422,22.458529082189195,2369800
2017-08-18,22.345430374145508,22.652418351604386,21.981892385279007,22.151543960374124,1820600
2017-08-21,22.508953094482422,22.541656900383785,22.10832172545539,22.280020215262265,1751900
2017-08-22,22.713356018066406,22.80329265021459,22.427190320647885,22.508952171264262,1419300
2017-08-23,22.974994659423828,23.03222749191191,22.419015899006354,22.52530522227312,1251800
2017-08-24,23.62908172607422,23.890718371095904,23.040399274775424,23.040399274775424,5082800
2017-08-25,24.168712615966797,24.577520346897455,23.743553761001987,23.8580194266297,4599300
2017-08-28,25.73035430908203,26.368094838685394,25.084438998380524,25.239786350362916,8433100
2017-08-29,26.335390090942383,26.368095454008202,25.378781613430295,25.55048009109322,4407300
2017-08-30,26.163694381713867,26.654262403788834,26.041052376195125,26.572502106428146,4821000
2017-08-31,25.599538803100586,26.319039698884538,25.149850938170328,26.269984768973643,6567300
2017-09-01,26.572498321533203,26.69514186906073,25.411484486336345,25.779412009963952,3927600
2017-09-05,25.043560028076172,26.090108343788998,24.65928133595579,26.032875512992096,4579100
2017-09-06,25.55866241455078,25.632247939196002,25.06809277007529,25.329729497934775,3753300
2017-09-07,26.073755264282227,26.090107946969102,25.47689638151014,25.632243748080153,1934200
2017-09-08,26.490745544433594,26.637916595599236,25.779419316958965,25.91841402534008,2605100
2017-09-11,26.744197845458984,26.948601686746116,26.130986321597593,26.51526654128303,2604600
2017-09-12,26.964956283569336,27.259298334961915,26.686966914915825,26.817785257873044,2125900
2017-09-13,26.760555267333984,27.01401719825147,26.261809307213966,26.98948661206226,3289100
2017-09-14,26.286338806152344,26.67061595905817,26.122815087129077,26.67061595905817,2932800
2017-09-15,26.48256492614746,26.752379531931194,26.253633589571354,26.30268852229164,4132100
2017-09-18,26.891368865966797,27.054892562819536,26.539794009367697,26.56432459121642,2426900
2017-09-19,27.529104232788086,27.561809591648927,26.68696151532692,26.89136532977514,2520900
2017-09-20,27.725341796875,27.83163268639645,27.234773738854784,27.537290604002063,1874700
2017-09-21,27.70081329345703,27.970624779588622,27.471878838516446,27.643580459460768,1662200
2017-09-22,27.995153427124023,28.15049923451065,27.64357854607848,27.782571670747256,1242400
2017-09-25,28.739185333251953,29.074407554869964,28.019682838453953,28.044210304757176,3315100
2017-09-26,28.29766845703125,28.763708968452697,28.191377585615186,28.575657807612036,2968200
2017-09-27,28.354902267456055,28.436662559718084,27.56999223350179,28.232258710107793,2552200
2017-09-28,29.425981521606445,29.491389135980274,28.4857225032086,28.714653831950155,2969800
2017-09-29,29.409624099731445,29.810253860478827,29.15616222735203,29.425976780428982,3373300
2017-10-02,29.51591682434082,29.79390620517809,29.01717401423922,29.18069461088606,2499800
2017-10-03,29.818429946899414,29.99012840534932,29.18886581362835,29.589495550011467,2239800
2017-10-04,30.08007049560547,30.112775859264307,29.49138642556699,29.81843382424507,1938800
2017-10-05,29.311511993408203,30.25177098791193,29.049875304650797,30.15365800936674,3771600
2017-10-06,28.95993995666504,29.21340188837295,28.183207714927377,28.224087866762677,3554100
2017-10-09,29.581329345703125,29.63038739903493,29.05805591931979,29.262459796435508,1937400
2017-10-10,29.589500427246094,29.932900519703253,29.3442164291797,29.892020373184728,2107900
2017-10-11,29.85931396484375,29.867488746279655,29.352393304028716,29.597677293522754,1864100
2017-10-12,29.695791244506836,29.83478748514066,29.270630859855224,29.630383633997877,1874800
2017-10-13,29.74484634399414,30.0064829980132,29.66308294026635,29.908370032494787,1304500
2017-10-16,29.50773811340332,29.826607600947728,29.197043407020676,29.753022094671707,1681400
2017-10-17,29.695791244506836,29.90837299631027,29.483212611658654,29.614030951631825,1550900
2017-10-18,29.50773811340332,29.859312963504856,29.376919782129846,29.703967169791056,1915900
2017-10-19,29.540449142456055,29.548623925185915,29.01717571698702,29.172521540499503,1158700
2017-10-20,30.014663696289062,30.120954582612935,29.393277300226423,29.810259825103838,2496700
2017-10-23,29.6549129486084,30.120953508779593,29.61403279961987,29.965607695041008,1412100
2017-10-24,29.761207580566406,29.851142672089335,29.123465323969636,29.123465323969636,1663200
2017-10-25,29.679443359375,30.194542020820204,29.319693646039482,29.736676197429382,2548200
2017-10-26,29.51591682434082,29.810258888633868,29.197047294341836,29.654913074237182,1965100
2017-10-27,29.6549129486084,29.728498464369927,29.197047170652738,29.38509835116432,1951800
2017-10-30,30.178184509277344,30.464348653781734,29.70396919567646,29.73667144150892,3324400
2017-10-31,30.210891723632812,30.595168867071276,29.76937862883413,30.01466264184825,3758300
2017-11-01,32.41844940185547,32.51656236911586,30.766866044689763,30.856804230909702,5335600
2017-11-02,32.90901184082031,33.800212534683936,32.230389726880404,32.66372790430696,4399000
2017-11-03,32.8190803527832,33.28512086274699,32.737320063614334,33.088894921159664,2284000
2017-11-06,34.39707946777344,34.52789780640402,32.98260520665678,33.023485352674726,3030600
2017-11-07,34.60966110229492,34.7241267583466,34.12726789539483,34.315319061616194,2477100
2017-11-08,34.601478576660156,34.74047479682596,33.783863292487744,34.55242053678609,2557300
2017-11-09,34.50336456298828,34.50336456298828,33.79204016077186,34.331666107100645,2884400
2017-11-10,34.38071823120117,34.748645691728,34.22537246740293,34.49518385915298,2244700
2017-11-13,34.217201232910156,34.83041274689747,34.07820812017145,34.40525550854671,1669100
2017-11-14,35.02665710449219,35.37823210894067,34.09457569510092,34.241746772263376,3167100
2017-11-15,35.06752395629883,35.2310476598536,34.421607042682844,34.724126985893506,2474900
2017-11-16,35.811561584472656,36.05684563334082,34.846774955829446,34.94489107054143,2352600
2017-11-17,36.310306549072266,36.367539388210794,35.74615294086859,35.74615294086859,2732400
2017-11-20,36.49152374267578,36.738644046750665,35.997283134526015,36.22792833268855,2511700
2017-11-21,36.895145416259766,36.95280669928818,36.53269947459056,36.71392244542516,2271200
2017-11-22,36.56565856933594,36.85396819689594,36.137315261024945,36.77983179464394,1894900
2017-11-24,36.28558349609375,36.66450144108469,36.194972000051436,36.64802948026301,2556600
2017-11-27,36.87043380737305,37.183454467651615,36.23615964909138,36.2691067115119,2079800
2017-11-28,37.28230667114258,37.33997110788195,36.54094582456835,36.92810292346131,3722300
2017-11-29,36.51624298095703,36.89516104199474,36.26088351775044,36.89516104199474,2274600
2017-11-30,36.63978958129883,36.83748767232133,36.20321035576752,36.82101256954408,3923300
2017-12-01,36.4503288269043,36.936333336955194,35.42889450089236,36.81277164333206,2458700
2017-12-04,36.49976348876953,37.1422769187742,36.35972665728083,36.48328838257644,3207800
2017-12-05,37.80949783325195,38.02366789093956,36.32676996347372,36.335009086252846,3391900
2017-12-06,37.150508880615234,37.80126136445032,36.70569363075651,37.5376659784952,1990100
2017-12-07,37.33173370361328,37.702415715122584,36.97752679731606,37.01871298919376,3216100
2017-12-08,37.636512756347656,37.760074465953686,36.722168046021345,36.763354235121746,1926700
2017-12-11,38.39435577392578,38.641476076195225,37.652991724812324,37.75184235956421,3198700
2017-12-12,38.92154312133789,39.12747721192698,38.16370717627637,38.690897945415664,2905100
2017-12-13,39.588768005371094,39.76998785595956,38.42729993937498,38.74031747325717,2100800
2017-12-14,39.37459945678711,39.877079165664725,39.102768077644875,39.58053355765138,2122300
2017-12-15,39.42402267456055,39.73704337106451,39.102765997074435,39.44049777882969,2907000
2017-12-18,39.901790618896484,39.94297995329184,39.30046341592371,39.51463664248143,2808700
2017-12-19,39.20161437988281,39.74528026401969,39.05334158036322,39.74528026401969,1687400
2017-12-20,40.742000579833984,40.857323170206286,39.308701039056935,39.46520981994721,2534500
2017-12-21,41.31037902832031,41.63987168149296,40.58549016365283,40.791424250250024,2202800
2017-12-22,41.69754409790039,41.911717364786604,41.17859232369549,41.39276244827607,1698300
2017-12-26,42.2576789855957,42.265918109733775,41.50807894659411,41.705777075940816,815400
2017-12-27,42.52950668334961,42.834288239051396,41.96112661679491,42.31533348246374,1336000
2017-12-28,42.422420501708984,42.55421818728424,42.10939982010349,42.50479287682926,1314900
2017-12-29,42.19178009033203,42.66130959447931,42.18354096650907,42.5212727702344,1077100
2018-01-02,42.2576789855957,42.88372044327262,42.0352697684451,42.323579409479656,2449500
2018-01-03,42.323570251464844,42.850760959241796,42.027024692764186,42.38123153873392,2333300
2018-01-04,41.985843658447266,42.52127041195764,41.49159995254745,42.42242292769962,2682600
2018-01-05,42.21649169921875,42.504798190486504,41.705775996556554,42.076458015547296,2288700
2018-01-08,42.60365295410156,42.66955024036349,41.95290036237353,42.216495792032035,1782800
2018-01-09,42.224727630615234,42.89195526400495,42.16706633243027,42.826057984210024,1879500
2018-01-10,42.24120330810547,42.35652590603692,41.91994660178067,42.3071037310978,1311500
2018-01-11,42.422420501708984,42.77662737087462,41.9199408434831,42.29885879672388,2083200
2018-01-12,43.254390716552734,43.369716435385506,42.44712953855056,42.628352525840384,1815300
2018-01-16,43.04022216796875,43.83100827087305,42.72720149053822,43.52622671622747,2939600
2018-01-17,43.16377639770508,43.60035556057645,42.89194195435219,43.12258707552135,2253300
2018-01-18,41.9364128112793,42.99903333932145,41.76342895107833,42.99903333932145,1987800
2018-01-19,41.961124420166016,42.134111424842615,41.516309222966946,41.93641333762842,1797900
2018-01-22,42.620121002197266,42.982563872371,41.90346810059904,42.09292708789246,3242900
2018-01-23,42.60365295410156,42.79311197277452,42.28239622059935,42.77663686563269,2228200
2018-01-24,40.57725524902344,42.75192206857442,39.73704685379172,42.66954654000898,4830300
2018-01-25,39.951210021972656,40.923219094510166,39.802937238547976,40.52782605281256,4077600
2018-01-26,40.20657730102539,40.61844552648939,39.93474276391266,40.16538796463484,2112100
2018-01-29,38.56733703613281,39.86884202402646,38.39435315059401,39.860602900540854,3335700
2018-01-30,38.34492492675781,38.79797927263351,37.47176644183857,37.90834568429819,3140600
2018-01-31,39.50639724731445,39.62171984129722,38.320217954813785,38.47672674060397,3166500
2018-02-01,39.226314544677734,39.58052134021462,38.328442016366296,39.56404624015429,1959500
2018-02-02,38.22136688232422,39.201611981573585,37.95777150870582,38.7238434029498,1946500
2018-02-05,37.059906005859375,38.839176695597466,36.30206680232548,37.718894568298424,2714700
2018-02-06,38.279029846191406,38.534386107993484,35.8490069435766,36.09612722435161,3116500
2018-02-07,37.71889114379883,38.82269806403406,37.62004051167863,38.34492943570155,2322600
2018-02-08,36.54094696044922,37.982485650731924,36.53270783681396,37.60356766343938,2515800
2018-02-09,36.65626907348633,37.26583538001915,35.32181701178007,36.83749208343215,2808300
2018-02-12,36.845726013183594,37.84244622778107,36.63979192873099,37.01047390920663,2388400
2018-02-13,37.28230667114258,37.364682193409635,36.648032432363074,36.76335502123208,2104900
2018-02-14,38.53438949584961,38.6085259008305,36.8539695534579,36.90339172857507,1866200
2018-02-15,38.559104919433594,39.44050268243452,37.99072474954901,38.625002202398264,1952100
2018-02-16,38.22136688232422,38.63323504639106,37.80949871825738,38.36963967277266,1424900
2018-02-20,37.87540054321289,38.353169179265485,37.5788549266706,38.06485954438044,3908100
2018-02-21,36.58213806152344,37.27407685141878,35.98081078994736,36.65627447266599,4368400
2018-02-22,36.31853485107422,37.17522138691021,36.14555097623369,36.76335322263961,3113700
2018-02-23,37.06814193725586,37.15875345364911,36.41738935798187,36.62332347985551,2735200
2018-02-26,37.117557525634766,37.33172757361434,36.928098560263166,37.175218813256365,2211200
2018-02-27,36.84373092651367,38.221221593500644,36.81883436204907,37.13416446619929,1985900
2018-02-28,35.54092025756836,37.18395090973189,35.50772695174982,36.968197587399224,2643800
2018-03-01,36.05540466308594,36.26285808098,35.200694428830595,35.53262116365627,3178600
2018-03-02,36.578189849853516,36.70266000703895,35.46623935202796,35.706882922115035,2130600
2018-03-05,36.86031723022461,37.06777062255722,36.04710031213927,36.370730263187696,1620100
2018-03-06,37.532474517822266,37.831207966223104,36.82713411558886,37.05948094635033,2441900
2018-03-07,37.300113677978516,38.44525707826227,37.117553713523826,37.142447103045114,2214600
2018-03-08,37.58225631713867,37.64863975486955,36.81052946490647,37.36650302216651,2121100
2018-03-09,38.60292434692383,38.65271429643098,37.90588088126017,37.997160872612966,2397400
2018-03-12,38.16312789916992,39.001238221324265,38.071847898982426,38.75229478066865,1795700
2018-03-13,38.28759002685547,39.0012300621298,38.12992661937109,38.46185008230982,1517200
2018-03-14,38.395469665527344,38.88505973981367,38.179716390492864,38.35397962509369,1515900
2018-03-15,37.83119201660156,38.627812099490185,37.09265861691398,38.362272071860644,2760300
2018-03-16,38.59463119506836,38.661017806031886,37.922484169245784,38.02206092020323,3813200
2018-03-19,38.387184143066406,38.77719763336518,38.00547056325691,38.55314753248004,1767600
2018-03-20,39.8393440246582,40.3787240561386,38.66930713735067,38.75229038514847,2344100
2018-03-21,40.68575668334961,41.27492670005982,39.79785645249627,39.963819792900736,2147300
2018-03-22,39.98041915893555,40.82682940354729,39.914032552069855,40.221065860592226,1717200
2018-03-23,39.67338180541992,40.785331944426595,39.60699521061973,40.187865253173136,1507300
2018-03-26,40.959598541259766,41.02598198116211,39.82275483060174,40.32064170907585,1639900
2018-03-27,40.644264221191406,41.90558110153162,40.33723411727899,41.24173094490183,1549600
2018-03-28,39.4659309387207,40.76043796425264,39.29166769910218,40.64426458149847,1947200
2018-03-29,40.54469680786133,40.685763613667284,39.648496516313024,39.83105653840352,1649400
2018-04-02,40.08000183105469,40.52810199720335,39.61530817622329,40.33724522247072,1346500
2018-04-03,41.23344039916992,41.28323035927939,40.34554001955612,40.34554001955612,2048500
2018-04-04,42.23751449584961,42.27900454372421,40.44511720447199,40.5861840003432,2249300
2018-04-05,43.556915283203125,43.863945414954706,42.337088333518764,42.337088333518764,2183100
2018-04-06,43.36605453491211,44.00501134539344,42.95944766991601,43.025831107563604,2514000
2018-04-09,43.905433654785156,44.51949705852835,43.80585691772778,43.988413741418405,2062300
2018-04-10,44.7767333984375,45.42399004769522,44.58587668310738,44.69375331889819,2364700
2018-04-11,45.28293228149414,45.56506905942041,44.52780195902795,44.86802544133715,1780300
2018-04-12,44.96759033203125,45.58165368625893,44.66056023766098,45.46548030814516,1861900
2018-04-13,46.228912353515625,46.461262301267105,45.50697544756147,45.59825544501875,2474100
2018-04-16,47.4404411315918,47.62300113323465,46.21231740573895,46.469560756645926,2083900
2018-04-17,47.930023193359375,48.06279321794813,47.12510630419065,47.59809971463103,1724500
2018-04-18,48.15407943725586,48.85112294795563,47.86364596008408,48.13748278634783,2306300
2018-04-19,48.328338623046875,48.55238547773685,47.65618856251529,48.087691953357975,1341500
2018-04-20,48.34494400024414,48.53580393383794,47.971530373573835,48.336647256190844,1859900
2018-04-23,49.025386810302734,49.075173598159374,48.02960990183213,48.44451668323759,1972400
2018-04-24,50.11244201660156,51.63100240037137,49.44029503698798,49.622851873611516,5317800
2018-04-25,49.48177719116211,49.714123945527234,48.54408710099454,49.373900555712396,2815700
2018-04-26,51.53972625732422,51.6476029180548,49.43199882867863,49.43199882867863,2143600
2018-04-27,50.153934478759766,51.34886812761044,49.95478098094317,51.34886812761044,1516900
2018-04-30,50.36138916015625,51.614409541374435,50.353092416490476,50.45266916791904,3449500
2018-05-01,50.17052459716797,50.48585462071277,49.5564643658036,50.04605446861499,3117100
2018-05-02,53.50638198852539,53.8714956556905,50.54394461978893,50.61862796800057,4858300
2018-05-03,54.460655212402344,55.06642182507406,52.892311441749186,53.35700811987812,3693400
2018-05-04,54.8091926574707,55.36516626875276,53.99597251646555,54.444072635267304,2540300
2018-05-07,54.43576431274414,55.98751783629462,54.211717453459634,55.1079175525468,2387400
2018-05-08,55.68049621582031,55.70538961306477,53.71384186179725,54.47726892184819,4147400
2018-05-09,56.40242385864258,56.87541729411981,55.929430423165336,56.12858388784667,2786300
2018-05-10,55.970924377441406,57.04138467331386,55.713684189238634,56.94181109386778,2622600
2018-05-11,56.11199951171875,56.6596732112337,55.937739410465106,56.35264622230012,2056900
2018-05-14,57.29032897949219,57.50608227790595,56.41902220853375,56.49370872108949,1743300
2018-05-15,57.174156188964844,57.45628976364892,56.6596694968658,56.86712288918355,1983200
2018-05-16,57.22393798828125,57.66373812869596,56.2281643243602,57.03308442933408,2355200
2018-05-17,60.1033935546875,60.39382702072377,57.73842628699969,57.73842628699969,2963300
2018-05-18,60.54319381713867,61.024487179425904,59.746573595581225,60.451913823223,2915800
2018-05-21,62.3521842956543,62.50985088255101,60.933204006507154,61.15725086017274,3514600
2018-05-22,60.79359436035156,62.53555193270578,60.12681263033068,62.427202604110676,2908000
2018-05-23,61.40202331542969,61.60206163840203,59.92677724719225,60.285171293890826,1762200
2018-05-24,62.968971252441406,63.60240699459724,60.676917460920286,61.260346791564544,3086800
2018-05-25,60.5852165222168,62.01879256946999,59.46002173145121,61.77708438858187,3154700
2018-05-29,62.38553237915039,62.843945657621354,60.76026049893963,61.13532128394135,2734400
2018-05-30,64.66926574707031,65.55275279992136,63.02732677182452,63.19401908275277,3026900
2018-05-31,64.32752227783203,66.83628074776044,64.29418255543575,64.56089397570409,4654500
2018-06-01,68.05314636230469,68.45321028011298,64.71925070569603,65.144324182406,4857900
2018-06-04,67.51139068603516,69.41171029532892,66.88628521672001,68.36986784647034,5185100
2018-06-05,65.86945343017578,67.60308098757906,64.9776364472937,67.48639512880214,4418300
2018-06-06,63.2190055847168,66.01114238767944,61.51871775523777,65.97780902142705,5814200
2018-06-07,63.96915054321289,64.32754473546588,63.37738457161453,64.02749348804923,2189600
2018-06-08,64.33584594726562,64.56921759852241,62.99395259363854,63.844093088774045,1637200
2018-06-11,63.577388763427734,64.27751015364208,62.79392125409059,63.65240472186915,4203400
2018-06-12,60.74358367919922,63.87744774346236,60.63523434689061,63.48571394056671,4982100
2018-06-13,60.88526916503906,61.77708595770536,59.03495614351247,60.851929446942066,4659600
2018-06-14,60.81026077270508,61.743753918818534,59.943447071078694,61.277004166310896,3907600
2018-06-15,60.26017379760742,60.83526654361337,59.81842722840291,60.30184368299511,40982100
2018-06-18,61.84376907348633,63.82744128939082,60.6352343010806,60.70191374809801,4256800
2018-06-19,62.2605094909668,62.64391315287699,60.535218447980554,60.601897898652105,3739600
2018-06-20,62.1688346862793,63.10232803684897,61.64374825346691,62.527228830266445,2763300
2018-06-21,60.0101318359375,62.18549962370243,59.65173773867233,62.18549962370243,3214900
2018-06-22,59.33502960205078,61.877122065399064,58.79327010694264,61.46038497053179,5017900
2018-06-25,56.08446502685547,59.07663357076324,55.701067758101104,59.034963686993194,5582200
2018-06-26,56.30950164794922,57.36801719349848,56.15114591131976,56.44286054079719,3755600
2018-06-27,55.417686462402344,57.44302860922699,55.2843339242599,56.75958015912867,3145400
2018-06-28,55.826087951660156,56.46786009504507,55.27599209255743,55.83441811274843,2237100
2018-06-29,57.034629821777344,58.05980570705269,56.884604237563934,57.017963138599136,3159800
2018-07-02,56.97627639770508,57.80141377944362,56.50953304785722,56.84291752123356,2865500
2018-07-03,57.54304504394531,57.85143270951043,57.009622198952925,57.534708523551146,2207100
2018-07-05,56.07612991333008,58.30150397555736,55.38434496459362,58.30150397555736,3655400
2018-07-06,57.17631530761719,57.4847029777895,54.8175823540799,55.37601476859756,2211700
2018-07-09,58.34319305419922,58.54322507846352,57.50138234535282,57.50138234535282,2537300
2018-07-10,57.46803665161133,58.901613121040064,56.80959770844376,58.559892046668466,2884500
2018-07-11,56.059471130371094,57.76808926220822,55.584391135999425,57.10964394388558,2546100
2018-07-12,56.60955810546875,56.63456131049646,55.51770909324157,55.98445254416569,1853700
2018-07-13,57.24298858642578,57.784747901535184,56.17614299544799,56.53453703231409,1606000
2018-07-16,57.426361083984375,58.343181231557,56.959611310078486,56.959611310078486,2453900
2018-07-17,58.818260192871094,59.3766862492717,57.13464550313885,57.27633455764611,3479200
2018-07-18,59.6767463684082,59.92679115068527,57.6514039804535,58.81826903290818,3172300
2018-07-19,59.85176467895508,60.19349206422698,58.959947771582,59.75175187070133,1561900
2018-07-20,59.193321228027344,60.35185594890241,58.90160659711723,59.91010938335049,1578100
2018-07-23,59.14331817626953,59.63507117531999,58.651571536121466,59.56005520374514,1716800
2018-07-24,59.093299865722656,59.94344043262734,58.7765757189357,59.68506556248103,1652800
2018-07-25,60.05180358886719,60.11847667537481,58.71824011628431,59.10997390943789,1542600
2018-07-26,62.018802642822266,62.30218074712491,60.38518802672954,60.4268642697867,2771800
2018-07-27,61.73542022705078,62.6605768952656,61.23533708828922,62.10215082963023,2030800
2018-07-30,62.435543060302734,62.61890200666047,61.61039918663281,62.18549830605689,1991800
2018-07-31,62.16050720214844,63.13567048750173,61.910462399230596,62.66059044908062,1844800
2018-08-01,61.518714904785156,62.05213776474073,60.26017372274421,61.81043589664699,2588700
2018-08-02,57.4347038269043,57.77642490450933,55.009291120673964,56.759585475460305,5485400
2018-08-03,56.38451385498047,57.37634352906499,55.5427033869931,56.9596065550576,3625300
2018-08-06,56.84292221069336,56.94294137629844,55.859422671732894,56.526204391296574,2498800
2018-08-07,57.60137939453125,58.218148274949215,57.04295343038389,57.23464885860118,2139300
2018-08-08,57.85976791381836,58.7515849066641,56.6762362707712,57.192992478915464,4170400
2018-08-09,56.97627639770508,58.151471291829516,56.426180570611905,57.85142653757105,3263700
2018-08-10,57.52637481689453,57.951448353161624,56.40952266772095,56.617891175453536,2166700
2018-08-13,57.13463592529297,58.651558103537276,57.101296207662216,57.37633775003932,2391400
2018-08-14,57.53470993041992,57.9681199768879,57.15131264863798,57.36801767187197,1866400
2018-08-15,56.15113830566406,57.626384294286574,55.65104888412314,57.43468886041021,2214400
2018-08-16,56.46786117553711,57.21798901643898,56.26782920426385,56.30949908720735,1593300
2018-08-17,57.209651947021484,57.43469347658228,56.36784146926371,56.80958800831596,1570100
2018-08-20,58.909934997558594,59.6433897340194,57.22632053201629,57.41801596637596,1823900
2018-08-21,59.39335632324219,60.310176409825935,59.2099910341451,59.24333075569927,1494300
2018-08-22,59.7952995300293,60.113490937723796,59.30963391684739,59.64457593933449,1283100
2018-08-23,61.017822265625,61.32763831405043,59.76179468296198,59.92926247192239,2205700
2018-08-24,61.61233901977539,62.282216540165884,61.23552692534972,61.53697404549569,1355800
2018-08-27,61.87190628051758,62.6422681827699,61.25226791466118,62.03100512129256,1495100
2018-08-28,61.94728469848633,62.918609397418855,61.855175495765984,62.05613812511637,2011300
2018-08-29,62.491546630859375,63.0358264400447,61.235519250502,62.13986049759586,1708200
2018-08-30,62.525054931640625,62.99397626550418,61.997525618092,62.63391475002233,1808500
2018-08-31,62.399444580078125,62.83487103260802,61.68769692752365,62.39944458007813,2112000
2018-09-04,63.797828674316406,64.10764471763278,62.39944646676185,62.5250505006542,1999800
2018-09-05,61.830055236816406,63.73084744314059,61.47000008766225,63.63873823198898,2331800
2018-09-06,60.297706604003906,62.48319537459886,59.92926975731743,61.52023949979664,1816600
2018-09-07,59.29289245605469,60.280968061268545,58.999820536815136,60.004646759407656,1774600
2018-09-10,59.61106872558594,60.10510315513648,58.890945762675415,59.0249187107707,1592500
2018-09-11,60.07999038696289,60.74149906167474,59.20914376665188,59.56082998202158,1660100
2018-09-12,59.15890884399414,60.94246596545796,58.35505184325745,60.38144176522833,2058400
2018-09-13,60.31444549560547,60.68288230970907,59.52733280674299,60.28932596527783,2275800
2018-09-14,58.941192626953125,60.26421000275421,58.47227766377795,60.222339857404755,2517300
2018-09-17,57.71028137207031,59.05841820754777,56.722206046474795,58.94956477934603,2251200
2018-09-18,58.21268844604492,59.150524667186296,58.020101129047575,58.18756891673976,2724900
2018-09-19,54.84654235839844,58.02010641567843,54.49485613910822,57.84426330603332,4046500
2018-09-20,55.2149658203125,55.77598985167889,53.65749135376876,55.106106025116944,2885900
2018-09-21,56.0020866394043,56.52962236726664,54.938652653794755,55.34057794422698,5066100
2018-09-24,58.271305084228516,59.13378275110673,56.36214412070455,56.420758487532495,2742300
2018-09-25,59.25101852416992,59.85391287659198,58.564390264686494,58.840711519140264,2490000
2018-09-26,59.55244064331055,60.02973074007387,57.676768694201215,59.04165572011831,2170800
2018-09-27,58.42201232910156,60.54051702614836,58.112196357508225,60.01298148362338,2109800
2018-09-28,58.530887603759766,59.368239339468815,57.80238929383766,58.26293530387234,1856000
2018-10-01,58.24620056152344,59.68644696151432,57.88613896152572,58.91608468800382,1897000
2018-10-02,57.40884017944336,58.681618555422794,56.45425959170256,58.321557008223195,2411800
2018-10-03,59.74504089355469,59.812030560970804,57.65166170044845,57.71865136786457,2262100
2018-10-04,58.790462493896484,60.13859925122849,58.38016194685656,59.41010096737323,1623400
2018-10-05,57.95311737060547,58.93281744436971,57.12414087653474,58.50577262564412,1743900
2018-10-08,56.61334991455078,57.77726828634163,55.90160223509751,57.710278615961265,1883900
2018-10-09,57.475826263427734,58.12059071825866,56.49612620391738,56.688713537759334,1786000
2018-10-10,55.164737701416016,57.861011686599156,55.13124286072266,57.467455294061686,2347800
2018-10-11,55.298709869384766,56.270034569164615,54.16828629413339,54.637201225855605,2993200
2018-10-12,55.65876007080078,56.68033001185939,55.05586591617698,56.05231633220718,2199300
2018-10-15,54.143165588378906,55.80949373184191,54.101295446747066,55.64201955380124,1730800
2018-10-16,56.328651428222656,56.54636467979347,54.80467144420118,54.93865079547155,2151000
2018-10-17,55.91834259033203,56.67196035876363,55.717379981578986,56.337018418517786,2174100
2018-10-18,56.89804458618164,57.40882962641966,55.22334121188948,55.39081538241053,1944500
2018-10-19,52.895511627197266,56.11094585844076,52.627559306967576,56.11094585844076,3095600
2018-10-22,54.26039505004883,54.536716267688334,52.878763407904266,53.00436425176253,2141400
2018-10-23,53.93383026123047,54.22690210134343,51.73159103019529,52.945751728544025,2716700
2018-10-24,51.086830139160156,53.85009034439062,51.03659107722002,53.85009034439062,2124300
2018-10-25,52.87876510620117,53.5905128269872,51.96605155684681,52.06653287400923,2591500
2018-10-26,51.907440185546875,52.979249481803194,51.597617715524805,52.08328329929324,2638000
2018-10-29,52.041412353515625,53.925453784257236,51.26267497326962,52.434965502518345,2124300
2018-10-30,52.970855712890625,53.247183247534856,51.656214082944395,52.13350419347302,2119100
2018-10-31,56.47100830078125,57.961493505439826,55.26521964600697,55.69227085932075,3984300
2018-11-01,56.32028579711914,57.107392172065154,54.83816948250451,56.90642952191803,2730600
2018-11-02,55.67552185058594,58.195952668607156,55.25684593210675,56.571488060591896,1870600
2018-11-05,54.58695983886719,56.50449601505028,53.55701442803592,56.50449601505028,1450600
2018-11-06,54.84654235839844,54.90515672828014,53.44816639944413,54.57859004058392,1667400
2018-11-07,57.04877471923828,57.14088392651716,55.42431660315645,55.65039877380373,1618600
2018-11-08,55.047508239746094,57.11576830921854,54.687446692568855,56.70546769589624,1587400
2018-11-09,54.17666244506836,54.679078668691226,53.783112439679016,54.243652126683095,1541900
2018-11-12,53.12160110473633,54.62883382115861,52.93738586673347,54.185038355375724,1628600
2018-11-13,50.91936492919922,53.431420369715816,50.115504760608715,52.962502204225,3513200
2018-11-14,51.79021072387695,52.40985249929032,50.835630124498486,51.580872761057336,2321700
2018-11-15,52.82851791381836,52.836890025198095,51.204056795479396,51.35478035426007,1870200
2018-11-16,53.44816207885742,53.84171841131518,52.88713476274254,53.2220767300568,1924500
2018-11-19,52.192142486572266,54.34413649142216,51.857200467958094,53.113228246395494,2800500
2018-11-20,49.87717056274414,51.54395157341548,49.37208657572095,50.70214278754638,2420900
2018-11-21,50.390655517578125,51.0135919869524,49.71720938396629,50.22229318136405,2316000
2018-11-23,48.126197814941406,49.81823495880873,48.042018236475755,49.23738816040753,967200
2018-11-26,50.87891387939453,50.94626011309591,48.86699171062082,48.95959117633763,1974000
2018-11-27,50.65161895751953,51.232468912737005,50.331734020328945,50.47483993255977,1551400
2018-11-28,51.99009704589844,52.049026601476264,49.5656906215719,50.668457818011944,1675300
2018-11-29,51.92274475097656,52.66353707611051,51.65336630751773,51.73754586688198,1578400
2018-11-30,52.58778381347656,52.7982359616512,51.23247146543272,51.79648168114317,2341600
2018-12-03,49.540435791015625,52.84032723717593,48.53026802032403,52.217387448087415,4175100
2018-12-04,48.942745208740234,50.087605271604616,48.850145760825534,49.96133271331283,2937600
2018-12-06,48.65653991699219,48.69862970775287,46.68670752368728,48.210382354687574,2547300
2018-12-07,47.85681915283203,49.969760604562836,47.663203554002266,48.94275305218794,2429500
2018-12-10,46.25737762451172,47.705286057962624,45.188280446305704,47.36856458538443,2306800
2018-12-11,46.39207077026367,47.520094381632404,46.01325627181058,46.82981161167115,2214700
2018-12-12,48.03359603881836,48.934330912037325,47.03184182956467,47.595855216402036,2156600
2018-12-13,46.981346130371094,48.31982213248465,46.695131035225884,48.12620329970648,2030400
2018-12-14,45.525001525878906,47.73053871769466,45.40714564800047,46.59409540819935,1961300
2018-12-17,44.34647750854492,45.617607087434344,43.89190009175864,45.44924793565718,2022200
2018-12-18,44.102352142333984,45.0451768773688,43.832973646609744,44.329640850209735,2288400
2018-12-19,43.3699836730957,45.48292205153449,43.21845785346715,44.09393965326649,2924100
2018-12-20,42.6712760925293,44.380149706726485,42.048339536832614,42.86489168206988,3207300
2018-12-21,41.55167770385742,43.066932712785515,40.60043297924751,42.30088692869576,5067700
2018-12-24,39.37137985229492,41.45906433070497,39.354543298689485,41.24861222750342,885300
2018-12-26,42.78071975708008,42.83122943734803,39.64077355344598,39.74178970273639,1657800
2018-12-27,43.44573974609375,43.44573974609375,41.74528609104402,41.76212264738053,1627900
2018-12-28,43.00800323486328,43.98450112174798,42.38506343282274,43.774048963270715,1540100
2018-12-31,43.03325271606445,43.832971490834,42.31771672409659,43.29421452588246,1714200
2019-01-02,43.184776306152344,43.46257465832896,41.879973746256596,42.15777209843321,2635800
2019-01-03,41.30754089355469,43.25211959306201,40.667767876619514,43.125847039508436,3408700
2019-01-04,43.53834533691406,43.89190343607924,41.75370864864292,42.18303286762376,3074400
2019-01-07,44.06026077270508,44.32963925875852,42.84805758546458,43.614103257287475,2560600
2019-01-08,43.622528076171875,44.775805135655105,43.18478715177963,44.41382712531624,2339700
2019-01-09,44.57375717163086,45.31454949185304,43.656185851169255,44.16126962649455,2276400
2019-01-10,44.885231018066406,45.43240785261546,43.54675531333763,44.43065363655594,2392700
2019-01-11,45.053592681884766,45.86172809587726,44.45590939932227,44.54008896739641,1631700
2019-01-14,44.69161605834961,45.01150420657258,44.23703867054508,44.54850693496902,1802200
2019-01-15,44.49799728393555,45.171443433516174,44.1275994932328,45.171443433516174,1063000
2019-01-16,44.86839294433594,45.289297199369564,44.279126345039934,44.72528703902192,1391800
2019-01-17,46.366825103759766,46.51834771661129,44.548515214597074,44.548515214597074,2012400
2019-01-18,47.116031646728516,47.18337466956514,46.10586061421762,46.855069806529265,2485100
2019-01-22,45.75229263305664,47.17495111365652,45.70178617610877,46.653027509400545,3262900
2019-01-23,45.63444900512695,46.627783531266104,45.18829142027043,45.954337211318894,1251500
2019-01-24,45.33138656616211,45.92065316004449,45.087264541031274,45.642858024121615,1667800
2019-01-25,46.34998321533203,47.00659290342999,45.10410685807809,45.7438799886293,2199400
2019-01-28,45.14619827270508,46.02167681795962,44.98625257587151,45.55026603464836,1875400
2019-01-29,45.541839599609375,45.62602237826764,44.80946708712806,45.23879123017358,1575400
2019-01-30,47.05709457397461,47.191783800199545,45.36505775757667,45.82805177202209,2439200
2019-01-31,47.427490234375,48.547093851018445,47.031839218317664,47.570596135611765,3534400
2019-02-01,46.467830657958984,47.486418190140874,46.080599511860115,47.486418190140874,1459200
2019-02-04,46.417327880859375,46.821395642579894,46.10585958330827,46.316311743240526,1555100
2019-02-05,47.494842529296875,47.536935530826405,46.139533299167155,46.43416504240293,1654700
2019-02-06,47.545345306396484,47.612691530076866,46.829809341638274,47.08235125795031,1978700
2019-02-07,46.09743881225586,48.25247004457364,45.85331675197469,47.38540818992298,2580900
2019-02-08,45.41557312011719,46.50150694913755,44.81788980445291,45.760714506327744,1617800
2019-02-11,46.265804290771484,46.737218307708126,45.12936385705662,45.35665258604865,2008300
2019-02-12,46.105865478515625,46.84665807534534,45.99642944220947,46.720385478742415,2019700
2019-02-13,47.28438949584961,47.419081960271384,46.02167654310133,46.147949122874195,1341000
2019-02-14,48.02518081665039,48.26930608556271,46.71196143318142,47.30122489435595,2106800
2019-02-15,48.73229217529297,48.934327622536316,48.23562504586609,48.471333602857406,1663300
2019-02-19,48.47133255004883,48.77438089746483,48.03359176656649,48.60602177487075,1763700
2019-02-20,47.22544860839844,48.31138218412084,46.72036486730361,47.97466076047232,2667800
2019-02-21,46.509925842285156,48.06727049096774,46.240547343175145,47.22546187843769,2615700
2019-02-22,46.737213134765625,47.174953985347294,46.44257820257387,46.98975506861219,2309000
2019-02-25,46.06377029418945,46.96450529158905,46.00484394566762,46.69512678084777,1882300
2019-02-26,45.47938919067383,46.45334063819986,45.46245048323058,46.18232778056409,1952200
2019-02-27,44.861141204833984,45.623363660467355,44.73410251353103,45.538673353417465,1810300
2019-02-28,43.362098693847656,44.717162965547125,43.29434386489865,44.657879105580776,2980600
2019-03-01,44.06504821777344,44.30218694725507,43.62465141242625,43.67546754675707,2095400
2019-03-04,44.09891891479492,44.52237694411365,42.87936095341917,44.344525347174596,2423000
2019-03-05,43.63311767578125,44.15820475096411,43.277411235301656,44.115859592288295,2629200
2019-03-06,42.828556060791016,43.66700460028808,42.184901108915994,43.61618846037852,3208800
2019-03-07,42.20184326171875,42.86243698073612,41.99011417426657,42.86243698073612,2060100
2019-03-08,41.32950210571289,41.47347951249111,40.67737636722772,41.47347951249111,1780100
2019-03-11,42.405086517333984,42.405086517333984,41.48194789028952,41.80377689504926,2313900
2019-03-12,42.93864440917969,43.01486698295859,42.06631868021489,42.46437025780784,2069900
2019-03-13,43.794029235839844,44.23442598024417,42.99792929252919,43.04027444991398,2738200
2019-03-14,44.175140380859375,44.24289521459989,43.641582372701855,43.70086623686066,2346600
2019-03-15,44.209014892578125,45.250721162421634,43.895656883940994,43.980347189823,4327500
2019-03-18,44.6917610168457,44.835735196756616,44.14126428379344,44.29370943353935,2314100
2019-03-19,44.13279724121094,45.22531975472316,44.01422950747692,44.99665202649536,1940300
2019-03-20,43.573829650878906,44.22595537060992,43.2435329216954,44.04810055197185,1880000
2019-03-21,44.310646057128906,44.53084603227809,43.362101016139206,43.489136481129975,1656100
2019-03-22,42.862422943115234,43.79402933050809,42.43896490689514,43.71780675475934,1906700
2019-03-25,42.91323471069336,42.955583097783865,42.17641865166091,42.752321824225774,1559900
2019-03-26,43.41291046142578,44.11585225530524,42.88782347357104,43.268936299726896,1097500
2019-03-27,43.040279388427734,44.0057633027872,42.54059872020483,43.22660197917387,1690600
2019-03-28,42.557533264160156,43.04027517407145,42.278049405407046,42.74385583666223,1834700
2019-03-29,41.72755432128906,43.38750900988542,41.592047882030755,43.04027355736549,1930100
2019-04-01,41.60051345825195,42.28651658861689,41.465007026038556,42.1171327406681,1727300
2019-04-02,41.363380432128906,41.92234490158761,41.03308368618445,41.56664170771769,2839100
2019-04-03,41.60051345825195,42.498245590870845,41.4396005796011,41.73601989046535,2323600
2019-04-04,42.11713409423828,42.1848889278866,41.4396019113966,41.719082523375164,1365200
2019-04-05,42.38814926147461,42.67610085860766,42.14254282229938,42.1594815316282,2055000
2019-04-08,41.651329040527344,42.625283730528636,41.448067779484866,42.3627386080838,2114600
2019-04-09,40.79594039916992,41.55816605838924,40.694311388183344,41.43959834045024,1584400
2019-04-10,42.37968063354492,42.862422531744464,40.94839041719155,41.06696138000707,2662300
2019-04-11,42.752323150634766,43.133436031175165,42.04091351720217,42.34580382163449,2300400
2019-04-12,42.557533264160156,43.37904290030641,42.28652037546358,43.370571930249874,2672600
2019-04-15,41.06696319580078,42.57447282309817,41.050024486078186,42.52365669393037,2097800
2019-04-16,40.651973724365234,40.863702754179634,39.923625344887114,40.60115759414748,2514200
2019-04-17,41.00767135620117,41.371845496319665,40.76206817043488,40.956858463635534,2051900
2019-04-18,40.09300994873047,41.03308737522978,40.03372607775562,40.99920995446454,1805600
2019-04-22,41.37185287475586,41.48195287949739,40.22004961789892,40.36402381348276,2601300
2019-04-23,41.15164566040039,41.89693259232322,40.8975715245054,41.49041332874565,2700600
2019-04-24,40.635040283203125,41.24482100196849,40.27933701774268,41.24482100196849,2525000
2019-04-25,41.913883209228516,42.54059937381111,40.48259279601294,40.67738312990908,2986900
2019-04-26,41.12623977661133,41.72754932692896,40.601149560446,41.642855793324244,2010400
2019-04-29,41.11777114868164,41.65979687169695,40.98226471792782,41.15164856405214,2436400
2019-04-30,40.42330551147461,41.42266677896309,40.28779906320813,41.244815171374945,2271100
2019-05-01,40.448707580566406,41.31256230623806,40.37248500975043,40.5418688594224,3914400
2019-05-02,39.119049072265625,41.37184551428508,38.35682660689661,41.32950036021927,4344000
2019-05-03,39.584861755371094,40.05913272550868,39.32231658923873,39.32231658923873,2310300
2019-05-06,38.48387145996094,39.24609734205712,38.297552090459945,39.08518442504968,2332500
2019-05-07,38.509273529052734,38.56008642399302,37.03563819194657,38.11122195480284,2098100
2019-05-08,37.02716827392578,38.35682612541597,36.976352151247795,38.1959100189664,2918400
2019-05-09,36.891666412353516,37.154208335212516,35.731389031327026,36.722282546514094,2116600
2019-05-10,37.18809127807617,37.79787199337745,36.434336355400426,37.36594290979604,2935900
2019-05-13,36.13790512084961,37.21348885685973,35.88383096030485,36.68840182763679,2526700
2019-05-14,36.950958251953125,37.077993755690756,36.04475808956197,36.290361355746406,1764500
2019-05-15,37.018699645996094,37.12879963673085,36.569835174834274,36.81544160388552,1894700
2019-05-16,37.84868240356445,37.98418886128228,37.094927530588514,37.13727269286369,2144200
2019-05-17,36.637107849121094,37.77188712444157,36.62857711796047,37.447664009384006,1869300
2019-05-20,36.978397369384766,37.24289561410676,36.372614531703775,36.44087014839072,2021300
2019-05-21,37.65243911743164,37.96812826130459,37.13197661376193,37.13197661376193,1969000
2019-05-22,36.43233871459961,37.90840260623214,36.091050873456865,37.44766499711805,2285000
2019-05-23,34.9477424621582,35.85215300491507,34.760037070085815,35.8265575548057,2468000
2019-05-24,35.07572937011719,35.48527288243283,34.91361615884302,35.18664842181596,1738100
2019-05-28,34.88801956176758,35.536465876063836,34.85389012317043,35.13545310945332,2089800
2019-05-29,34.97333908081055,35.0842548611763,34.48700277440783,34.597921809535606,1795000
2019-05-30,33.78736114501953,35.02452531991226,33.72763626976195,34.65764208346624,1586500
2019-05-31,32.4051628112793,33.30103950003037,32.19185868277844,33.05360918458903,2585600
2019-06-03,32.9853401184082,33.36075409696257,32.43074825360675,32.43928223877941,2338300
2019-06-04,33.84709548950195,33.932419088570164,33.06213790664944,33.06213790664944,2463000
2019-06-05,34.83682632446289,34.93921137863184,33.19864918394884,33.90682034095933,2840500
2019-06-06,34.188385009765625,35.271970358986664,33.74471203769981,34.777103225033876,2200500
2019-06-07,34.205448150634766,34.4870078911028,33.88122498318331,34.265173042696546,1744800
2019-06-10,34.31636047363281,35.17810750067309,34.2225061602918,34.546729264171155,2115700
2019-06-11,34.57232666015625,35.015999549745075,34.469941610177926,34.777096760112904,1889200
2019-06-12,33.778839111328125,34.47847633426446,33.71911422069423,34.38462200476478,1462100
2019-06-13,34.469932556152344,34.60644700518664,34.10304936410495,34.120114077079386,1400300
2019-06-14,34.384620666503906,34.44434555481329,33.94948172956948,34.41875010404136,1354900
2019-06-17,34.9306755065918,35.4596719765605,34.222507642570875,34.27369853951093,1634300
2019-06-18,35.34021759033203,35.78389045698654,34.896547978439415,34.939208142495026,1905900
2019-06-19,35.3487434387207,35.98012153282906,35.23782443390015,35.39993757665968,1807300
2019-06-20,37.242889404296875,37.45619345986613,36.13370571152747,36.13370571152747,3215800
2019-06-21,37.64390563964844,37.95106405611196,36.83334943059462,37.54152058574799,3816900
2019-06-24,37.40500259399414,37.75482114560475,36.9613297289433,37.45619674353296,2105400
2019-06-25,37.43913269042969,37.67803221632034,36.64564125970781,37.191699178750405,2528600
2019-06-26,37.89986801147461,38.31794544742272,37.5415187133151,37.75482279691348,2517400
2019-06-27,38.599517822265625,38.642177998446314,37.66951166057013,37.88281579623641,1689200
2019-06-28,39.48685073852539,39.60630050404711,38.48005520803946,38.61656969074457,3000500
2019-07-01,39.20528030395508,40.30592985011132,39.07729658751417,40.152350692286674,2091500
2019-07-02,38.94932556152344,39.48684948936672,38.642167171463335,39.19675581595016,2706700
2019-07-03,38.693363189697266,39.145570103719535,38.39473874580152,39.00052162042565,1017500
2019-07-05,39.102909088134766,39.27354976394899,38.50565695849817,38.62510673347304,1172700
2019-07-08,39.15409469604492,39.32473860355343,38.684826391467894,39.034644937217514,2022100
2019-07-09,39.54658126831055,39.981723481717765,38.966393820275904,39.11997304209463,1595100
2019-07-10,40.04997634887695,40.399794940106204,39.40153332175527,39.9219958426783,1508000
2019-07-11,41.08237075805664,41.08237075805664,39.904931220565594,40.254749812639325,1905100
2019-07-12,41.415122985839844,41.73934285991801,40.92025593367507,41.150624741948796,1458000
2019-07-15,40.94585418701172,41.27860804371212,40.34006810314059,41.25300933989987,1475300
2019-07-16,40.80934524536133,41.11650043998107,40.4253971836335,40.98851992258014,1930500
2019-07-17,40.5704345703125,40.86052824362033,40.084101537820246,40.664288884435905,2078000
2019-07-18,41.09090042114258,41.3724633867079,40.007315236131895,40.16089444375622,1659300
2019-07-19,41.40658950805664,41.7820067949333,41.09943109325288,41.227414851008504,1286400
2019-07-22,41.125030517578125,41.85879713139606,40.749613224129575,41.551638711215325,1207800
2019-07-23,41.26155090332031,41.543110658863654,40.94586170626788,41.12503639204661,1533700
2019-07-24,42.24274826049805,42.48165109813431,40.877603137273866,41.15916614974288,1318600
2019-07-25,42.08063507080078,42.34513334212326,41.49191689177489,42.34513334212326,1491700
2019-07-26,42.31953048706055,42.57549800088416,42.06356622799907,42.06356622799907,1276900
2019-07-29,42.30247116088867,42.3365973436619,41.602830710459465,42.17448739751158,1177500
2019-07-30,42.73760986328125,42.78027003258542,41.58576901825719,42.123293010061865,1376200
2019-07-31,42.464576721191406,43.77853063774024,42.03796856034531,42.72054096674667,2237900
2019-08-01,44.52936935424805,45.97983810050882,43.189819667785585,43.49697813814231,3440400
2019-08-02,43.624961853027344,45.37405507906428,43.53963824763362,44.42698421515183,2561100
2019-08-05,41.636959075927734,43.21541134629999,40.860532293178444,42.8058646159432,2751500
2019-08-06,42.14036178588867,42.65229363111291,41.42365980638481,42.27687629366262,2084300
2019-08-07,42.95944595336914,43.00210937868379,41.244482360974004,41.65402585684803,2576900
2019-08-08,43.548160552978516,43.735865924963875,42.77173385338117,42.91677906149539,1973700
2019-08-09,41.432193756103516,43.71881420030171,41.31274071399308,43.71881420030171,2037200
2019-08-12,39.82814025878906,41.44071867112462,39.614836167109495,41.06530464148296,2695900
2019-08-13,40.101158142089844,40.89464940400571,39.3162008641471,39.64042065037845,2005200
2019-08-14,37.780426025390625,39.21383002272775,37.66951022250768,39.21383002272775,2520300
2019-08-15,37.42206573486328,38.16436297073173,36.90160329479904,37.71215939384523,2617900
2019-08-16,37.84014892578125,38.164372093857054,36.90161211606382,37.788958020922585,2890100
2019-08-19,39.14556884765625,39.768416421198026,38.26675375354583,38.573912174418425,2076100
2019-08-20,39.077308654785156,39.5892404238748,38.7701502442838,38.86400456468834,2046600
2019-08-21,38.99136734008789,40.31485737348084,38.66479443188727,39.87656042911494,2058200
2019-08-22,39.20621871948242,39.68748870717444,38.931208234625146,39.11168325061581,1810100
2019-08-23,37.496002197265625,39.39529462217231,37.332712447413634,38.845273583139054,2384200
2019-08-26,37.710853576660156,38.20071625913571,37.470216918360926,37.917109822763585,1352200
2019-08-27,37.0834846496582,38.34681313895066,36.8686324866321,38.04602142206765,3113200
2019-08-28,37.246761322021484,37.43583222486488,36.46469978532786,36.84283831263168,1444000
2019-08-29,38.252281188964844,38.406975022874796,37.38427981281157,37.38427981281157,1783100
2019-08-30,38.12335968017578,38.48430965852138,37.839753315718724,38.37258891953808,1354500
2019-09-03,38.819488525390625,39.00855948418753,37.33271190149991,37.41865473658211,2150700
2019-09-04,39.36951446533203,39.54998950890348,38.707769360519315,39.309356117474884,1407100
2019-09-05,40.92504119873047,40.993795468056895,39.910938674853696,39.96250437684852,3734400
2019-09-06,41.801631927490234,41.97351429555193,40.882065028501174,41.1656714275605,2449200
2019-09-09,43.3399772644043,43.3743543962508,41.956328852227855,42.05086432561389,2393800
2019-09-10,43.967342376708984,44.19938308436673,43.07355667574217,43.32278594823199,2006000
2019-09-11,44.05328369140625,44.35407867047046,43.288410556775446,44.207977502723004,1895600
2019-09-12,43.56341552734375,44.05327810830273,42.82432697385675,43.51185311569538,1514500
2019-09-13,44.15641784667969,44.646280520364165,43.64936660639774,43.98453545908882,1738100
2019-09-16,46.21900177001953,46.536985369635566,43.76968813093733,44.079075807112815,3484900
2019-09-17,45.58302688598633,46.32211870851576,44.878312189710165,45.85803733924613,2205400
2019-09-18,45.59162521362305,45.76350758793992,44.800970881502494,45.58303257017983,1632800
2019-09-19,45.35959243774414,45.96977513726699,45.05020476550927,45.7978927328716,1494500
2019-09-20,45.230682373046875,45.73773365482842,44.9986416225654,45.531474117161295,3693600
2019-09-23,45.69475173950195,45.87523002937615,44.54314741186598,44.80096932519319,1466500
2019-09-24,44.904109954833984,45.87524282013018,44.66347653908726,45.52288534205059,2018400
2019-09-25,45.84085464477539,46.193212038023105,44.96425748339199,44.96425748339199,1539400
2019-09-26,45.98695373535156,46.167432036815654,45.15332960467294,45.6603808207443,1410400
2019-09-27,46.047115325927734,46.71745299888296,45.60881509485416,46.064300613310024,1890200
2019-09-30,46.09868621826172,46.49401346839373,46.01274665201887,46.09009357299116,1289100
2019-10-01,45.80647277832031,46.39087082549,45.40255300923486,46.39087082549,1742000
2019-10-02,44.37126541137695,45.42833755965054,44.09625493109684,45.3767718652042,1673900
2019-10-03,45.368186950683594,45.454126511017535,43.90719147631798,44.14782486796029,1383400
2019-10-04,46.047115325927734,46.15883608583114,45.342397243056816,45.78929011782154,838500
2019-10-07,45.52288055419922,46.29634642848659,45.49709606352079,46.12446403029471,1547200
2019-10-08,44.7666015625,45.32521855690967,44.72363178101868,45.05880066631081,1057500
2019-10-09,44.912696838378906,45.95258384812621,44.869727059420356,45.37677831925284,1200200
2019-10-10,45.69475173950195,45.9697654958856,45.07597980319335,45.15332670502986,1122700
2019-10-11,46.30493927001953,46.89793006201608,46.253373570478324,46.32212783653326,1063900
2019-10-14,46.12445831298828,46.476818988716396,45.789289481170826,46.0986771038896,709400
2019-10-15,47.001060485839844,47.31044814147986,45.59163074648779,46.07290079730381,1108300
2019-10-16,46.09868621826172,47.310452461238064,46.029935220944296,46.88934399691006,1293100
2019-10-17,47.353416442871094,47.40498214332983,46.3822870054441,46.46822656115809,1541700
2019-10-18,47.0955924987793,47.30185201347745,46.64010697173324,47.129969630959614,1533400
2019-10-21,47.482330322265625,47.87765753451667,47.155754100744154,47.44795318770884,1462200
2019-10-22,47.740150451660156,48.56518197921425,47.49951707571952,47.68858803017795,1369200
2019-10-23,47.808902740478516,48.49642898499995,47.602643227930216,47.68858605748523,1267300
2019-10-24,48.16126251220703,48.39330324583181,47.748746745224274,48.08391560099877,1616900
2019-10-25,49.34724044799805,49.51912282440492,48.32454538987185,48.32454538987185,1203100
2019-10-28,50.060546875,50.60197516687438,49.60506140315994,49.60506140315994,1748100
2019-10-29,49.84569549560547,50.53322167435093,49.776941238539216,49.91444975267173,1362200
2019-10-30,48.87456512451172,49.88007486988445,48.35032536512069,49.88007486988445,2144300
2019-10-31,47.215911865234375,49.94883173952801,45.840859283746234,49.94883173952801,2772100
2019-11-01,46.70027542114258,48.3073689969806,46.536988925521804,47.396397745728045,2566800
2019-11-04,46.68307113647461,47.92921416196315,46.562754466689285,47.336223455856896,1860600
2019-11-05,48.03235626220703,48.07532604559507,46.906532856872545,47.164354835585094,2719400
2019-11-06,45.90960693359375,47.79171391065876,45.772101685448774,47.75733677902658,1882700
2019-11-07,47.04403305053711,47.078406906504966,46.261971275144816,46.39088061138822,1987500
2019-11-08,46.528385162353516,46.91511972196644,45.74632339886245,46.77761446503561,1140400
2019-11-11,46.51979064941406,47.018245956371665,46.03852063029656,46.13305610533605,803300
2019-11-12,45.92679977416992,47.27607117167445,45.75492065677838,46.863555388843515,1591200
2019-11-13,45.1963005065918,45.720540301508336,45.04160668912843,45.54006527392901,1137200
2019-11-14,46.30493927001953,46.33072048059821,45.31661800497477,45.56584730184816,1739800
2019-11-15,45.15333557128906,46.34791318436509,44.89551360733622,46.34791318436509,1701900
2019-11-18,46.330718994140625,46.90652447953335,45.32521247322628,45.832263694769956,1979200
2019-11-19,44.94707489013672,46.18462553105532,44.16501309494913,46.09009004838691,1884100
2019-11-20,44.99863052368164,45.50568168039934,44.18219177596557,44.792371036888284,2089100
2019-11-21,45.84085464477539,46.08148800258838,45.093170084153876,45.1189512929528,1521100
2019-11-22,45.52288055419922,46.29634642848659,45.45412628356884,45.97836612278125,1257900
2019-11-25,45.84945297241211,46.29634589117074,45.368186197121304,45.53147267039725,1763300
2019-11-26,45.54667663574219,46.091677212213774,45.018974836272506,45.94461450746125,2503500
2019-11-27,45.243892669677734,45.745642975132036,44.897861048706034,45.68508735896115,1205500
2019-11-29,44.59507751464844,45.00166803219333,44.49991775096487,44.90650826850976,549800
2019-12-02,45.60723114013672,45.69373822316597,44.655636726646506,44.80270272783665,2299400
2019-12-03,44.86324691772461,45.32174028104598,44.59506974859414,45.217931147847956,1549300
2019-12-04,43.928958892822266,45.269841562795435,43.82514974999697,45.15737973304869,2057500
2019-12-05,43.903011322021484,44.50857075888364,43.63483410425916,44.067376087727354,2318900
2019-12-06,44.0673713684082,44.404756851409765,43.73864187220117,44.084673441898005,1320700
2019-12-09,42.743797302246094,43.885707837944025,42.70919315267141,43.71269039010394,1224900
2019-12-10,43.30610275268555,43.51372104800532,42.51022382053759,42.67459187936849,1097200
2019-12-11,43.3406982421875,43.72998662281265,42.94276047534086,43.37530238713927,1746200
2019-12-12,43.64348220825195,44.1106282933432,43.11578051583774,43.38395770543452,1069500
2019-12-13,43.41856002807617,44.29229662063051,43.21959112581954,43.686737226787216,1249400
2019-12-16,44.58642578125,44.74214114998808,43.37530697996121,43.60888003306833,1612100
2019-12-17,44.00681686401367,45.183331490538954,43.79919857699931,44.621028938177986,1762200
2019-12-18,43.9376106262207,44.17118366753354,43.36665540302257,44.0241176933589,1648000
2019-12-19,44.07603454589844,44.30095495473401,43.85111083702899,44.03278100189551,1161800
2019-12-20,44.5172233581543,44.62103581770011,43.738649711762804,44.48261920497236,4032700
2019-12-23,44.77674102783203,44.958411154110095,44.041421035869455,44.413407375342246,1378900
2019-12-24,44.65563201904297,44.87190300385047,44.43071164685784,44.785395929940805,253300
2019-12-26,44.56047439575195,44.9411134592977,44.39610962742397,44.73349185190607,712000
2019-12-27,44.10198211669922,44.664288039169634,44.08468004061959,44.586430346828095,930600
2019-12-30,43.107139587402344,44.223095498489045,42.96872297203819,44.06738010623811,811200
2019-12-31,43.86840057373047,43.99816446926841,42.96006320506371,43.03792088237989,1246200
2020-01-02,44.45665740966797,44.54316777252032,44.03276818180666,44.19713292117675,1268900
2020-01-03,41.67973709106445,44.7680859443846,41.22989312615076,44.2057801632343,3178400
2020-01-06,41.52403259277344,41.7403035958608,40.69355273292604,41.39426867090758,2523400
2020-01-07,41.82680892944336,41.93927077035924,40.788710798025505,40.788710798025505,1475400
2020-01-08,41.273155212402344,41.82680842245657,40.54648454919781,41.81815903481411,1842800
2020-01-09,41.662445068359375,41.85276460327541,40.7887116853998,41.24720514675183,1300300
2020-01-10,42.120933532714844,42.28530158429117,41.619186591142814,41.722995734220966,1150800
2020-01-13,41.809505462646484,42.34585654370138,41.54132827210249,42.12093288710754,842800
2020-01-14,41.973876953125,42.07768611128488,41.23855355773893,41.64514410224613,1287400
2020-01-15,40.34751510620117,41.66244311292546,40.19179973040268,41.54998127484134,1564300
2020-01-16,40.598388671875,40.99632648348136,40.26100647072903,40.598388671875,1635500
2020-01-17,40.58973693847656,40.92712244758412,40.235052654573764,40.59838962590754,1345800
2020-01-21,40.52053451538086,40.771409666295405,39.923627745994736,40.30426351632354,1564500
2020-01-22,40.22640609741211,41.20395194378873,39.811166172410594,40.52918417813189,1669100
2020-01-23,39.96688461303711,40.45998226793542,39.421880726031766,39.992836079073705,2276900
2020-01-24,40.25235366821289,40.37346488878679,39.45647804727967,39.81116232183178,2736500
2020-01-27,38.1761589050293,39.49108701757878,38.01179082843957,39.26616332330873,3119600
2020-01-28,39.44783020019531,40.01878552440751,38.00314146318628,38.357825781256984,8197600
2020-01-29,39.77655792236328,40.312909024395466,38.93742547077161,39.73330438672142,8655500
2020-01-30,39.093135833740234,40.0966329122995,38.47027774017323,39.19694826602875,1753900
2020-01-31,38.85956954956055,39.110444687711414,38.504885261153014,38.57409356134638,2087400
2020-02-03,37.31972122192383,38.92877790326409,36.93043278288451,38.92877790326409,1781400
2020-02-04,36.973690032958984,38.36647244144846,36.411384136960265,37.9944860733324,2054500
2020-02-05,38.331871032714844,38.721156170393314,37.57059623230427,37.57924561979414,1647500
2020-02-06,37.57925033569336,38.55679624639222,37.55329886993366,38.331875843062626,1508300
2020-02-07,37.64845275878906,38.06369264619814,37.09479957557696,37.319719943744396,1142500
2020-02-10,37.535987854003906,37.74360943074031,37.146699460143786,37.362970423395744,1224900
2020-02-11,38.45298385620117,38.57409508629406,37.61385133336685,37.88202855716791,1359800
2020-02-12,38.75575637817383,39.35266635529195,38.47028041957941,39.11909331642395,1635600
2020-02-13,37.70035934448242,38.79036364690071,37.57924482196189,38.67790181171973,3226300
2020-02-14,37.475440979003906,38.06369840009905,36.77472170680811,37.899333617747146,2506900
2020-02-18,36.78337097167969,37.440833339926336,36.56709997817266,37.26781918514748,1392300
2020-02-19,37.04289245605469,37.20725720958433,36.37677745485584,36.86987501547795,1511000
2020-02-20,36.86122512817383,37.181305243874995,34.28327552867201,35.30407478418367,2929700
2020-02-21,37.53285598754883,37.73347276516565,36.29426457947168,37.000783812086496,2318600
2020-02-24,34.7678337097168,36.04131601297851,34.38404215225483,35.72730594864226,2661600
2020-02-25,33.258846282958984,35.02078918446202,32.96228157028293,34.8899505389948,4453200
2020-02-26,31.38351058959961,33.53796613302629,31.348619839960428,33.319903938828936,3786000
2020-02-27,28.225969314575195,30.52870541955775,28.130021422306786,30.52870541955775,3897800
2020-02-28,29.377338409423828,29.420950181811932,27.23160560154299,27.667729980153954,4501200
2020-03-02,29.691343307495117,30.040240753014544,28.11257213487429,29.970462594856404,3502300
2020-03-03,28.880155563354492,30.589762250764384,28.287026169377214,29.656456389404656,4490100
2020-03-04,28.601036071777344,29.351170496652216,28.19980246273048,29.255222605931277,2684800
2020-03-05,26.900148391723633,28.635924662335746,26.62102909102689,27.693894526960843,3112200
2020-03-06,24.955032348632812,26.1849027105022,24.579965193908563,25.966840566005043,3665000
2020-03-09,21.021194458007812,23.315207856670693,21.012471771177015,22.713357438487282,7556100
2020-03-10,20.82057762145996,23.001199415494284,20.00938604789001,22.242342299150085,4639100
2020-03-11,19.29414176940918,21.04736017359438,18.718456102986124,19.89599216811297,4903400
2020-03-12,16.956514358520508,18.046825179809698,16.39827408671649,17.758983189536643,5150500
2020-03-13,19.765151977539062,19.84365448000508,16.58144510798895,18.570172397657863,5499500
2020-03-16,18.500394821166992,21.509653614319557,16.651228439588355,16.825678851593477,5837600
2020-03-17,18.709733963012695,19.39880952237608,17.51475259613798,18.692288590957357,5297200
2020-03-18,19.416257858276367,19.93088476668967,16.721009020546525,17.349027537263986,4797800
2020-03-19,18.299774169921875,20.776960183690598,17.57580794035664,19.634315049633148,4162100
2020-03-20,19.433700561523438,20.13149881750826,17.732815024997308,18.744623328016438,4997300
2020-03-23,16.276159286499023,19.451143764159333,16.26743660056584,19.09352195931,3806300
2020-03-24,16.843120574951172,17.680480124641328,16.11915427879265,17.349024713668186,3492600
2020-03-25,18.805679321289062,19.625593469860927,16.572723374549227,17.331580387404006,3126300
2020-03-26,20.890356063842773,22.347011391988296,19.346475536996827,19.93960489174096,4034700
2020-03-27,21.15203094482422,21.893442671502985,19.206916745882914,20.03555201149135,3784200
2020-03-30,22.695911407470703,23.262872725592093,20.43678715788095,20.515289673402012,3557000
2020-03-31,21.37881088256836,23.541986758015724,21.14330338885832,23.341370002788054,2996800
2020-04-01,18.95395851135254,21.056077152976496,18.7271737136083,20.45422691740183,2846800
2020-04-02,20.009387969970703,22.399349486167615,18.9888568057842,19.65176609449089,3243100
2020-04-03,19.520923614501953,20.750795713838322,18.892905199598427,20.750795713838322,1987600
2020-04-06,22.643573760986328,24.379350008289876,20.227446306973274,20.428063093694828,3847200
2020-04-07,22.652297973632812,24.641025593945958,22.25106437314848,23.594326496163806,2993700
2020-04-08,23.22798728942871,23.943232779208664,22.556356906192747,23.254155355145464,2285500
2020-04-09,23.044809341430664,24.597412533440778,22.05044641531667,24.239790720937243,2622100
2020-04-13,21.849824905395508,23.419873250014426,21.37008888168758,21.963218145409257,2705100
2020-04-14,21.86727523803711,22.50401640708541,20.995026514294537,22.006834900741328,2482600
2020-04-15,20.759517669677734,21.178198295457477,19.95704882714983,20.77696304235237,2286700
2020-04-16,20.122777938842773,21.152031706633075,19.756433405623895,20.96886027186485,2204400
2020-04-17,23.568157196044922,23.751328600561127,20.550176222980767,20.550176222980767,2182200
2020-04-20,22.870359420776367,24.09150888397174,22.024278813786246,22.242340980259378,2470000
2020-04-21,23.184370040893555,24.021729645780503,22.024279353381544,22.15511632373447,2354900
2020-04-22,23.446043014526367,24.614856340343138,23.210537143077886,24.30957064333913,1718100
2020-04-23,24.920143127441406,25.251598538962735,23.594324808720554,23.864723082246435,2295800
2020-04-24,24.911420822143555,25.539440910966785,24.510187244224053,25.27776531939635,2394600
2020-04-27,25.958118438720703,26.080232709886463,24.283401066426396,25.07714715636817,1760300
2020-04-28,26.804201126098633,27.397330485592715,26.036623031488954,26.385522165402445,1925000
2020-04-29,29.33371925354004,29.464554537772234,27.065872722858845,27.833450703989282,2532300
2020-04-30,28.819095611572266,29.796013148147665,28.077682277651945,29.115660279667498,2412900
2020-05-01,26.44658088684082,28.19107832437578,26.2634094544672,27.91195900055937,1652100
2020-05-04,28.37424659729004,28.496360871941746,26.27212921590721,26.655917411578933,2354400
2020-05-05,27.336271286010742,29.8657935596322,27.222878036228778,29.734954938548057,2205200
2020-05-06,26.176183700561523,28.12129956699447,26.176183700561523,27.78984412915609,2251100
2020-05-07,24.693359375,27.179268416544954,24.20490058576692,26.00173237963605,3872200
2020-05-08,27.222881317138672,27.28394012405511,24.963758699066442,25.295212475343803,2011400
2020-05-11,26.35063362121582,27.397332774068474,26.0453478933427,26.847816800214417,1812300
2020-05-12,25.033536911010742,26.961205628214632,25.024814224872166,26.621029187221538,2053300
2020-05-13,23.960670471191406,25.13820651359871,23.210537743001364,24.911421658760965,2826800
2020-05-14,24.082782745361328,24.588686832509453,22.39934279532369,23.341371152898887,2169100
2020-05-15,23.43732452392578,24.265959833952643,23.33265394244407,23.96939512738399,2229600
2020-05-18,26.9175968170166,27.09204556789746,24.84164387117948,24.84164387117948,2142100
2020-05-19,25.696441650390625,26.969925406729978,25.60049544057478,26.812920400526846,1765400
2020-05-20,27.69389533996582,27.973014648856623,26.38552233177846,26.464024845364285,2370000
2020-05-21,27.03098487854004,28.19107549137261,26.891425230656587,27.69389403782754,2558000
2020-05-22,26.8721866607666,27.057452124351084,26.069373578168943,26.8721866607666,1272700
2020-05-26,28.495458602905273,28.742480352574894,27.613246241419827,28.010242477162894,1718600
2020-05-27,29.165939331054688,29.315913804009643,28.274903039285743,29.121826024540606,3109700
2020-05-28,27.76322364807129,29.37767227426635,27.58678217751905,29.157119174061087,2322000
2020-05-29,27.745580673217773,28.13375291796522,27.12803131969479,27.383873723570105,2970100
2020-06-01,27.472091674804688,28.195505522944046,27.454448706881326,27.974952438380267,1692500
2020-06-02,28.751298904418945,28.76894355421018,27.71028812434626,27.772042715929146,2101600
2020-06-03,29.739377975463867,29.86288716793391,29.051253408631858,29.289451150698266,2072300
2020-06-04,30.365745544433594,30.61276727520982,29.192404943394614,29.545291207147606,2692900
2020-06-05,32.43894958496094,33.294696669649795,31.618491803127387,31.64495709758229,2487400
2020-06-08,32.92416763305664,34.062222475953895,32.20957435290347,33.788735410997496,2538400
2020-06-09,31.168560028076172,32.08605819921283,30.709809259821533,31.40675437114573,1808800
2020-06-10,30.189302444458008,31.530265387129678,29.668797113851063,30.709807775064956,2424400
2020-06-11,26.69574546813965,28.627790953601707,26.686923142864256,28.0102416458162,1997000
2020-06-12,27.683820724487305,28.010240009866184,26.598700019288405,27.43680236194951,1848400
2020-06-15,27.77203941345215,28.010237109249513,26.06936961285695,26.325211956347353,1669300
2020-06-16,28.848346710205078,29.809958379391027,28.380771840721298,29.227698318761124,1904700
2020-06-17,27.383872985839844,29.227696988120172,27.3662283344576,28.865990048217004,1686600
2020-06-18,28.72483253479004,28.94538560084698,26.942763357205237,27.004517946471363,1641100
2020-06-19,28.442523956298828,29.695263715462765,28.24843618754902,29.64232976979302,4273800
2020-06-22,27.992599487304688,28.627793502189082,27.39269477666349,28.177864969208184,2322300
2020-06-23,27.77203941345215,28.645430964709156,27.71910715305925,28.477808494311507,1450300
2020-06-24,26.095842361450195,27.1986078461002,25.751780068699105,27.1986078461002,2464200
2020-06-25,26.148771286010742,26.404613653386317,25.319492959252013,25.645910558616134,1923300
2020-06-26,24.887208938598633,26.069373591470413,24.657835214327818,25.910576786056726,2353600
2020-06-29,25.098936080932617,25.716483569932567,24.772516848427436,25.11657904490864,1552600
2020-06-30,25.760601043701172,25.95468715305519,23.784443918067065,24.33141631015421,2741700
2020-07-01,24.446102142333984,26.413436859593297,24.190261449106217,25.94586373258791,2302800
2020-07-02,24.013818740844727,25.372426521119912,23.978531123047254,25.037184897268375,1721000
2020-07-06,24.746055603027344,24.948965721209678,23.819733313894922,24.419637977696933,2384700
2020-07-07,23.907957077026367,24.67548094520986,23.72269159260116,24.340240963769634,2039800
2020-07-08,24.349061965942383,24.490215811787778,23.166897244972283,23.211007190791506,2238600
2020-07-09,23.122785568237305,24.287307318062716,23.02574335110011,24.199085743921714,1683300
2020-07-10,24.313772201538086,24.313772201538086,22.981631334312276,22.99045365984594,1347800
2020-07-13,23.802087783813477,24.437281725636954,23.38744860276817,24.3843477753607,1937500
2020-07-14,24.02263832092285,24.11085987936524,23.228647660313914,23.555066921744864,2279200
2020-07-15,25.301847457885742,25.434178958109232,24.225547441979042,24.72840983512641,1652500
2020-07-16,25.06365203857422,25.46947058339403,24.569613607333405,25.028364420543113,1442500
2020-07-17,24.243196487426758,25.610626724894296,23.925601165829146,25.169520522360244,1551400
2020-07-20,23.42273712158203,24.507859586390925,23.405094153497487,24.11086335747468,1387800
2020-07-21,24.534320831298828,24.869562409882565,23.731507863244527,23.731507863244527,2603900
2020-07-22,24.11968421936035,24.41081420867199,23.56388953260133,23.802087255498055,1701600
2020-07-23,24.102039337158203,24.463746239095965,23.810909350654967,23.96088550628914,1508800
2020-07-24,23.802087783813477,24.578435561000738,23.55506941327008,24.216728647545235,1463800
2020-07-27,23.510955810546875,23.934417281021123,23.246292812172044,23.6962212555583,1513100
2020-07-28,23.06985092163086,23.916775590426692,23.06985092163086,23.466847123048655,1241900
2020-07-29,24.472570419311523,24.587258967267037,22.981631074695514,23.149251892568522,2261700
2020-07-30,23.63446617126465,24.093215246624617,22.637565420791617,23.81972992969509,2799000
2020-07-31,24.26083755493164,24.349059118941394,23.334515339545163,23.378625280206855,4823000
2020-08-03,23.528602600097656,24.640190323254213,23.21100562699965,24.34906032547653,2701500
2020-08-04,22.963987350463867,23.43155880426636,22.346438051907615,23.281582642199066,3317200
2020-08-05,22.90223503112793,23.422740525715998,22.531707407204312,23.422740525715998,2790700
2020-08-06,21.72006607055664,24.022638870755454,21.63184451009503,23.15807128014155,3344100
2020-08-07,22.496410369873047,22.725785736350957,21.44657741479351,21.83475124134737,3041400
2020-08-10,23.04339027404785,23.228654083589067,22.39055157066053,22.62874933951644,2727200
2020-08-11,23.36980438232422,24.18143979193092,23.246295194781837,23.537425195907797,2485800
2020-08-12,24.013818740844727,24.031463391086696,23.184540371709797,23.83737728648444,1967300
2020-08-13,22.51405906677246,23.722689016639308,22.42583749722996,23.599179828891696,2886100
2020-08-14,23.247528076171875,23.25647307823982,22.111538404812908,22.370938346529314,1737600
2020-08-17,23.70371437072754,23.86472100546454,22.98813122310176,23.22963946912246,1712400
2020-08-18,22.979188919067383,23.757385470237683,22.934463900785467,23.587435519021412,3291800
2020-08-19,23.167028427124023,23.408538402895307,22.505113524187333,22.871850136543,2221900
2020-08-20,22.675064086914062,23.068635690775885,22.09365253721573,22.827125726627614,2795500
2020-08-21,22.344106674194336,22.952353256891115,22.13837671418953,22.51405832667372,2175800
2020-08-24,23.381704330444336,23.739497659756,22.36199777772719,22.612452767028344,3167300
2020-08-25,23.30120086669922,23.84683415525569,22.907630936477034,23.506932541684705,3036200
2020-08-26,23.175975799560547,23.79316745425677,23.023914136985685,23.399595791224456,3936400
2020-08-27,22.326215744018555,23.13124895610783,21.870032531947807,23.11335895004254,3660700
2020-08-28,23.086523056030273,23.34592301577946,22.353049896316442,22.451443219819208,2471800
2020-08-31,21.351238250732422,23.1223082329816,21.2975682226023,23.006024878118208,14127500
2020-09-01,21.431737899780273,21.798476233763626,20.948719633851898,21.395959590419114,2896400
2020-09-02,21.04711151123047,21.556964753399793,20.99344149178165,21.19917315416561,3607600
2020-09-03,21.04711151123047,21.959479662756404,20.850324852087976,21.315454784134875,3879900
2020-09-04,20.412033081054688,21.333348084143214,20.403088076432255,21.23495473938162,3782900
2020-09-08,19.544384002685547,20.215243853765703,19.517548994451804,20.036347211043733,3081100
2020-09-09,19.195537567138672,19.714337539738626,18.703574311439738,19.562275890617776,3697200
2020-09-10,18.38156509399414,19.410218558273264,18.345786777700766,19.240266864144964,2733500
2020-09-11,18.739351272583008,19.079252823779562,18.175828079858437,18.41733801959754,2594800
2020-09-14,19.41915512084961,19.580161753526475,18.685681977397028,18.846688610073894,3115200
2020-09-15,19.401269912719727,19.624889892376434,18.98980826298716,19.463883234049998,3267100
2020-09-16,20.14368438720703,20.58197926014542,19.24920463686304,19.46387957221543,2795200
2020-09-17,19.920068740844727,20.10790870996118,19.49071877764846,19.64277873012268,2497600
2020-09-18,19.669614791870117,19.964793120574328,19.213429791857212,19.78589814607537,5399100
2020-09-21,18.9719181060791,19.16870477852515,18.524678150279954,19.115036461533062,2249300
2020-09-22,18.873525619506836,19.356543862687516,18.667795658635157,18.989807252060626,1626400
2020-09-23,17.916433334350586,19.097146550673592,17.907488330459042,18.837746556073967,2124100
2020-09-24,17.92537498474121,18.211608231381557,17.24557017092803,17.791201657554414,2386300
2020-09-25,18.02376937866211,18.157941020471508,17.39763448152326,17.639142754346178,2046900
2020-09-28,18.685686111450195,18.766189445599323,18.220557821581536,18.41734280167654,2458700
2020-09-29,18.05060386657715,18.757242069549093,17.862762208617305,18.605180424947292,1812700
2020-09-30,17.630197525024414,18.16688579147566,17.549695905837446,18.01482414441589,2480900
2020-10-01,16.941448211669922,17.53180475440265,16.628379934503204,17.343963105668678,3057800
2020-10-02,17.53180694580078,17.71964691192906,16.440540340763878,16.547878682897945,2613100
2020-10-05,17.916433334350586,18.140053313384033,17.504971685764815,17.83593000541174,2390800
2020-10-06,18.00588035583496,18.801968658784343,17.943267033306544,18.22950033977078,2303800
2020-10-07,18.51573371887207,18.596237042473813,17.75542549934724,18.122162104161877,2342800
2020-10-08,19.2313175201416,19.374434165200043,18.453119269811964,18.694629248129953,1827000
2020-10-09,18.66779327392578,19.54438302607462,18.623068262437734,19.3565413899943,1901500
2020-10-12,18.57834815979004,18.64096148058259,18.1489982119968,18.587293163629695,1627700
2020-10-13,17.75542449951172,18.471007662248354,17.657031174853618,18.46206265945354,2380200
2020-10-14,18.34578514099121,18.685686792838297,17.844876814974636,17.88960013287273,1916500
2020-10-15,18.954029083251953,18.998752394696087,17.683867588869887,17.907487558260495,3190000
2020-10-16,18.032718658447266,18.882475434888732,18.01482864700767,18.882475434888732,2009200
2020-10-19,17.415523529052734,18.13110849284731,17.397635227173794,17.98799184130541,1863100
2020-10-20,17.53180694580078,17.898543580124148,17.424468603666714,17.621255279898325,1941300
2020-10-21,17.129289627075195,17.665977904635554,16.95933796952933,17.370799607890106,2604400
2020-10-22,17.826982498168945,17.89854081316768,16.59259943183473,17.013006025276514,2238400
2020-10-23,18.23844337463379,18.685683294216453,17.88959678330648,18.0237684179643,1566900
2020-10-26,17.335018157958984,18.014823025772944,17.19190152327024,17.916431405727472,1682700
2020-10-27,16.610488891601562,17.308183719489897,16.529985576611185,17.20979039981616,3407400
2020-10-28,15.411888122558594,16.199031382561476,15.224048164246428,16.100638048539864,3828000
2020-10-29,15.912798881530762,15.966467199990884,15.036207247561652,15.232993925390572,2889300
2020-10-30,16.55682373046875,16.59260204055084,15.787570443725462,15.841238761891134,4461000
2020-11-02,17.19190216064453,17.442357133677653,16.377925630893035,16.88777887413464,2502900
2020-11-03,17.039838790893555,17.540748686207035,16.744660537551745,17.442355366398182,2145800
2020-11-04,16.753610610961914,17.603367324864323,16.476322278397188,17.03984394858812,3429600
2020-11-05,16.699935913085938,17.62125060977173,16.547874297246235,16.87883253386839,3121100
2020-11-06,15.716008186340332,16.96827943550698,15.581836571444736,16.565764590820187,4067900
2020-11-09,20.179468154907227,20.751936510296535,17.433414850659403,17.433414850659403,6552600
2020-11-10,19.36549186706543,20.32258520438566,18.63201853215031,20.215248558638933,4226800
2020-11-11,19.05242156982422,19.794839833476324,18.77513327296465,19.580164857899398,2491400
2020-11-12,18.4888973236084,19.302873795848377,18.21160906647116,18.69462726580426,3154500
2020-11-13,19.80378532409668,19.973736990387152,18.61412707223356,18.61412707223356,2807900
2020-11-16,21.619577407836914,21.887920672522455,20.3225809809921,21.127614187218466,4056700
2020-11-17,21.118675231933594,21.181288564551593,20.37625683387592,21.136563536906337,3113900
2020-11-18,20.322582244873047,21.556965433797703,20.25102392276763,21.306510453386256,2973400
2020-11-19,20.465694427490234,20.483584430637748,19.83955967208867,19.946896278804548,2233900
2020-11-20,20.120513916015625,20.647371556521083,19.902504037108727,20.393027564090623,1775700
2020-11-23,22.12803077697754,22.191616793506256,20.411199667757174,20.483869648445566,3040400
2020-11-24,23.436084747314453,23.972026374673728,22.445955417622816,22.963730853656124,4279600
2020-11-25,22.92739486694336,23.181740602440666,22.42778909043958,23.08181875410448,2124200
2020-11-27,22.645801544189453,22.900145575916394,22.355121660736504,22.72755547798419,2862700
2020-11-30,21.246898651123047,22.41870367152828,21.11064269662181,22.27336375571517,5402200
2020-12-01,21.964523315429688,22.918317047130472,21.837351279893326,22.037193297534614,4968700
2020-12-02,23.826690673828125,24.06286852883406,21.646589662543438,21.76467772375196,5060500
2020-12-03,24.42621612548828,25.225587518881394,23.70860039656703,23.962944422346787,4812900
2020-12-04,25.934118270874023,26.133961977701347,25.034826787917048,25.125664678966864,2956800
2020-12-07,24.907657623291016,25.98862501174358,24.707815626239736,25.516269310434524,2674400
2020-12-08,24.589723587036133,25.307341036807923,24.271791827423172,24.544305506772297,3196100
2020-12-09,24.662391662597656,25.35275717168426,23.881189999953495,24.88040154979523,2949000
2020-12-10,25.834197998046875,26.043123933420116,24.580638920630125,24.607890807561326,4031700
2020-12-11,24.962158203125,25.97953952053028,24.72598036635969,25.925037475919442,3244800
2020-12-14,23.52692413330078,25.579852886554665,23.372500235365223,25.43451295115516,4755500
2020-12-15,24.00836181640625,24.090115740050308,23.31799631262782,23.853937930921752,3968600
2020-12-16,23.21807861328125,23.872110119276325,23.136324675031865,23.872110119276325,2436500
2020-12-17,23.290748596191406,23.590512459013613,22.918314758521053,23.372502534469177,4876900
2020-12-18,22.86380958557129,23.43608534270979,22.627631766447717,23.190825293986794,8018700
2020-12-21,22.536794662475586,22.70938648488555,21.437661188249695,21.928183035377106,4736500
2020-12-22,22.09168815612793,22.782053627580485,22.05535404320331,22.391451951257075,2254100
2020-12-23,23.118154525756836,23.517838452611237,22.218861358863013,22.373285245516758,1402900
2020-12-24,23.02731704711914,23.163573012439297,22.70030134427988,23.072735124696326,731700
2020-12-28,22.909231185913086,23.98111463265075,22.836561209825224,23.16357696851506,1244400
2020-12-29,22.954648971557617,23.30891485704759,22.618549279039605,23.072737022524695,1099000
2020-12-30,23.6904296875,23.79943549473222,22.963730081246958,22.98189627196189,2806100
2020-12-31,23.481504440307617,23.935692140380922,23.22715870453468,23.517838555367423,1607200
2021-01-04,22.954648971557617,23.917526502621154,22.591299123287296,23.66318074253756,2567700
2021-01-05,23.236244201660156,24.18095551187201,23.081820304128936,23.181742159175222,2661000
2021-01-06,23.290748596191406,24.380799951502453,22.782058772254388,23.92661217555433,2783900
2021-01-07,23.726770401000977,23.95386429111068,22.918314974049988,23.43608876628589,2144600
2021-01-08,23.06365394592285,24.026533246572,22.863811954842802,23.999281357183843,1481400
2021-01-11,23.490589141845703,23.635929071838255,22.346035893712877,22.400537934312926,1869100
2021-01-12,24.84406852722168,24.88948660599738,23.54509137620835,23.717683194215574,2075900
2021-01-13,23.92660903930664,24.698728503728493,23.64501314025466,24.698728503728493,1814700
2021-01-14,26.55181312561035,26.778906980737204,24.035612794983553,24.06286468133068,3813900
2021-01-15,25.62527084350586,26.497312184301055,25.31642478170757,26.342888287107566,3785900
2021-01-19,26.815244674682617,27.17859452137437,25.588937426082797,25.934119347292782,2630900
2021-01-20,26.597230911254883,27.13317250715836,26.206629232960296,26.996914818385097,2400200
2021-01-21,26.05220603942871,26.606315572760487,25.797860310626405,26.415555843011624,1611300
2021-01-22,26.39739227294922,26.442812088755215,25.152918773874745,25.307342682437508,1374700
2021-01-25,27.369352340698242,27.41477215406999,25.47993141915156,25.915952964576732,3658400
2021-01-26,27.224010467529297,28.25955961512691,27.087754502278944,27.623696133840458,3074500
2021-01-27,28.041553497314453,28.441237484816128,26.660822269793666,26.78799429012703,3295400
2021-01-28,27.015085220336914,28.959008096185944,26.688069509413285,28.341314255958242,3597200
2021-01-29,25.85236358642578,28.26864379432374,25.661605580127546,26.760739005191358,3691600
2021-02-01,25.44359588623047,26.442809201193455,24.880402359858685,26.197547420390165,3284600
2021-02-02,25.652523040771484,26.46097665388301,25.516267066917333,26.097626812742366,2309500
2021-02-03,26.724407196044922,26.833413018044375,25.643439869287768,25.697943646581876,1971000
2021-02-04,27.333017349243164,27.460189357443205,26.751657617370206,27.042337483306685,2003700
2021-02-05,27.432941436767578,28.123305308289307,27.314851648746814,27.832625418682515,1909600
2021-02-08,29.004426956176758,29.19518495956656,27.669114002093785,27.814455660861817,2462400
2021-02-09,28.4503173828125,28.877254931650437,27.96887952743503,28.804583236028165,1800500
2021-02-10,28.822755813598633,28.904509751784936,27.959800079816027,28.450321976344974,1479100
2021-02-11,28.44123649597168,28.82275427629601,27.814458646758606,28.41398633975558,1849800
2021-02-12,28.840917587280273,28.87725343320594,28.096050071689085,28.096050071689085,1482800
2021-02-16,30.294322967529297,30.521416853238446,29.295111256480126,29.476787058082984,1673100
2021-02-17,30.621337890625,30.98468948402049,29.949141947574237,30.75759560444271,1487100
2021-02-18,30.26706886291504,30.703088650793113,29.640291067561048,30.448744640825215,1612600
2021-02-19,33.23746109008789,33.346465184450814,30.34882660063785,30.466916390884663,3553500
2021-02-22,34.42743682861328,35.21772263501284,33.32829971261167,33.36463556846813,2927600
2021-02-23,35.45389175415039,35.82632554005862,33.34646104386325,34.96337165783566,3121800
2021-02-24,34.927040100097656,35.73549377381709,34.31842668825126,35.49931765881163,3048700
2021-02-25,34.89070129394531,35.33580679420135,33.764314198416834,35.19046685915033,2108700
2021-02-26,34.72568893432617,35.34906481624127,32.9655677686121,34.423166742936665,3294200
2021-03-01,35.000709533691406,35.68825620578271,34.11148138539949,35.49574397688752,2145500
2021-03-02,33.900638580322266,35.3307371037239,33.87313782890574,34.83570259596445,1773200
2021-03-03,35.77992630004883,36.73332515409363,34.28566077556429,34.42316800638957,2726700
2021-03-04,35.74325942993164,37.09084846256335,34.890701318959,36.036612382412216,2699600
2021-03-05,36.64166259765625,37.145862894325305,35.42241123765057,36.66916335111553,1974300
2021-03-08,37.246700286865234,38.2276000380944,36.26580053563607,37.109189537908634,1693600
2021-03-09,35.578250885009766,37.67755746826972,35.50491089233245,36.824999287134204,2424300
2021-03-10,37.558380126953125,37.87006805943152,35.53240681732217,35.669917536402544,1793700
2021-03-11,37.83340072631836,38.86013607725228,37.28336130839287,37.44837278406621,1726800
2021-03-12,37.62255859375,38.2642695862416,37.11835834859359,38.15425958955602,1640600
2021-03-15,37.1550178527832,38.016745179307314,36.47664048620349,37.622551508034135,1710700
2021-03-16,35.807430267333984,36.57748264395546,35.449903077045796,36.50414265711387,1823900
2021-03-17,35.413230895996094,35.981601714609106,34.551503674150496,35.908261739540336,3532900
2021-03-18,33.00224304199219,35.38573697398533,32.91973729450547,35.15655473063816,2875200
2021-03-19,33.26809310913086,34.03814553632772,32.7638929061308,33.31392885539572,4101000
2021-03-22,32.864742279052734,33.32310690496446,32.10385881850245,33.04808882882634,1981400
2021-03-23,32.10383987426758,32.79138640741912,31.168776169536386,31.957163420410282,3482600
2021-03-24,32.754722595214844,33.86396370521025,32.65388185848014,32.91056832390752,2287500
2021-03-25,33.62561798095703,33.84563096940352,31.388800614186213,31.993841577979172,2070500
2021-03-26,33.854793548583984,34.74402156909327,32.95639977912962,34.478169388130716,1953400
2021-03-29,33.09391784667969,33.717293890624305,32.63555331419357,33.2589293581382,1177200
2021-03-30,33.04806900024414,33.83645624331327,32.910561793200614,32.910561793200614,1508900
2021-03-31,32.800559997558594,33.11224797365185,32.39720052727929,32.919735737635136,1605700
2021-04-01,34.85403060913086,34.91820134760161,32.855561475788285,32.98390295272979,2845000
2021-04-05,33.90979766845703,35.05570859471272,33.662280488740684,34.771521426065966,1847000
2021-04-06,33.854793548583984,34.90903302644639,33.58894136762144,34.02897075488218,1316500
2021-04-07,33.78145217895508,34.03813860041149,33.25891708451685,33.74478568764065,1283100
2021-04-08,32.864742279052734,33.469783445374425,32.37887689464057,33.469783445374425,1912400
2021-04-09,32.24135208129883,33.34142740430298,32.1863505882266,32.928898721046046,1451300
2021-04-12,31.7554874420166,32.9839042655608,31.67298170397844,32.37886335229533,1835600
2021-04-13,31.7554874420166,31.89299817109457,31.43463373689215,31.62714595996682,1523100
2021-04-14,32.5072021484375,33.55227241254318,32.094673492331886,32.25051920554637,3295400
2021-04-15,32.46137237548828,32.65388461804557,31.60881416182777,32.39720162796919,1516000
2021-04-16,32.52553939819336,33.21308604034045,31.96633423638683,32.70888586884119,1641600
2021-04-19,31.96633529663086,32.83722843831116,31.645481585137517,32.5897112192835,1493600
2021-04-20,30.93960189819336,31.84716509257279,30.30706018498814,31.773825098381426,1481800
2021-04-21,31.599647521972656,31.81966050812215,30.34372636261612,30.490402852396905,1228300
2021-04-22,30.508731842041016,31.69131277507561,30.49039684729908,31.69131277507561,1869700
2021-04-23,31.25128746032715,31.407129690355298,30.33455858615744,30.692082287556726,1971000
2021-04-26,31.51714324951172,31.627149747722914,31.086279510706202,31.25129100654476,1051200
2021-04-27,31.709653854370117,31.874665341667786,31.177949395956897,31.52630736881234,1193700
2021-04-28,32.754722595214844,33.13058129765309,31.801323716868943,31.883829456284325,1994100
2021-04-29,32.69971466064453,33.71728418951649,32.45220096171505,33.31392477591872,1500200
2021-04-30,32.085506439208984,33.18558164510468,31.929664229370456,32.296353633307234,1811000
2021-05-03,33.91897201538086,34.16648925784102,32.54387855529785,32.58971430455858,1696500
2021-05-04,33.203922271728516,34.37733415862231,33.093912284549766,33.863964709584636,2320400
2021-05-05,31.792163848876953,32.14052186831056,30.618751779682263,30.618751779682263,9163600
2021-05-06,32.38803482055664,32.44303631832545,31.36129589965648,31.929670354918716,3166400
2021-05-07,32.68138885498047,32.855566098616244,31.489638408172855,32.01217363612363,3825200
2021-05-10,32.20468521118164,33.98313790641919,32.140514471980076,33.04807406756965,2569900
2021-05-11,31.361291885375977,32.03967274638567,31.003768207468763,31.517137602206986,2393500
2021-05-12,31.617984771728516,33.057249023013334,31.379633273210487,31.77382702326109,2504400
2021-05-13,31.058774948120117,32.47053474350137,30.682916253076556,31.297122914495727,2467100
2021-05-14,32.83722686767578,33.0022383391349,31.489634349774008,31.489634349774008,2373400
2021-05-17,33.616451263427734,33.65312126327672,32.388037741879764,32.57138074703735,2086700
2021-05-18,32.67221450805664,33.94646700531825,32.64471376257537,33.62561331789371,1716000
2021-05-19,31.746326446533203,31.911337947322536,30.930438190987957,31.792162197409432,2129000
2021-05-20,30.957937240600586,31.517142462869106,30.701254252166553,31.12294873232059,2749900
2021-05-21,31.15961265563965,31.828824242919108,31.02210194033119,31.443796338281082,1857700
2021-05-24,31.352128982543945,31.672982697735353,30.875429536371556,31.416299725582228,1255700
2021-05-25,30.19704818725586,31.379629287189417,30.01370520804649,31.205452058123246,1912300
2021-05-26,30.297889709472656,30.82959415468432,29.839525255480503,30.252053963482094,3574000
2021-05-27,30.252056121826172,30.829596354233217,30.022873878479004,30.307061119165155,3825400
2021-05-28,29.76618766784668,30.224552105000868,29.069471765028165,29.335323977867944,11026400
2021-06-01,31.12294578552246,31.306292258634258,30.362059146073594,30.472069128166538,3080300
2021-06-02,33.01140213012695,33.06640711636393,31.04960308256446,31.462131736734797,4177600
2021-06-03,32.085506439208984,33.96479968838269,31.902159988719255,32.73638301625698,44093600
2021-06-04,32.754722595214844,32.90139907672628,31.85632870882692,32.44303463487265,3644500
2021-06-07,33.1489143371582,33.83646095933132,32.818891398988235,32.91973212976716,2637900
2021-06-08,33.09391784667969,33.653123135839756,32.498046052674056,32.681392565077275,2104000
2021-06-09,32.35136795043945,33.543114976859385,32.314697950354244,33.359768473477004,2775100
2021-06-10,31.90216636657715,33.13975253201814,31.66381838122002,32.98390679398037,2239700
2021-06-11,31.81049156188965,33.057243348303395,31.792156565378505,32.42469820831944,2916100
2021-06-14,31.003772735595703,32.33303040934711,30.83876124522417,32.15885316819645,3453300
2021-06-15,32.04884338378906,32.05801263167088,31.159618676641667,31.177950178318433,3134600
2021-06-16,32.41553497314453,33.02974166721997,31.663817543089937,31.847164025381048,2714800
2021-06-17,30.967100143432617,32.672216403025374,30.82042366395384,32.406364191144114,3567200
2021-06-18,29.821191787719727,30.719585743993303,29.775356039377456,30.38956625770289,4504900
2021-06-21,31.067941665649414,31.077110912935826,29.986201290704248,30.050372033536316,1799800
2021-06-22,31.27878761291504,31.553805570529466,30.453733740071755,30.930433165223526,1276200
2021-06-23,30.97627067565918,31.91133458252237,30.96710142822458,31.581311615742038,1784900
2021-06-24,30.875429153442383,31.24212210657888,30.627911934631726,31.24212210657888,2405400
2021-06-25,31.80132484436035,31.929669830146,30.921265924089944,31.18711814908099,3970200
2021-06-28,29.986202239990234,31.572142857555537,29.766189256756157,31.489637114581928,2837100
2021-06-29,29.821191787719727,30.37123125895729,29.775356039377456,30.07787827311463,1980900
2021-06-30,30.160381317138672,30.79292298050229,29.9036948547381,29.986200593180584,2829000
2021-07-01,30.28872299194336,31.04044039272396,29.96786578616818,30.866259667661016,2355600
2021-07-02,29.87619400024414,30.33455843504565,29.56450604469739,30.252052696899653,1711400
2021-07-06,28.574440002441406,29.720349383712076,28.281087032978043,29.720349383712076,2829000
2021-07-07,28.556106567382812,28.95030029736611,27.593541865091932,28.400262575262012,2903300
2021-07-08,28.28108787536621,28.93196457718504,27.721882667844014,27.776885914126332,3339800
2021-07-09,29.032806396484375,29.133647142178678,28.345259672616123,28.80362415519496,1998200
2021-07-12,28.88612937927246,29.344492105035897,28.17108016991982,28.510270650240376,1552300
2021-07-13,28.60194206237793,28.81278928739566,28.116075121295612,28.583607064935972,1459600
2021-07-14,27.54770278930664,28.647778170460988,27.42852880146703,28.024402237708298,2439200
2021-07-15,27.171844482421875,27.52936994828434,26.89682650731688,27.107673738132153,2681400
2021-07-16,26.410959243774414,27.54770287530437,26.319286003638435,27.538537124960232,1915500
2021-07-19,25.29254913330078,25.75091355869801,24.907522946026248,25.365887371423476,2541700
2021-07-20,25.430057525634766,25.906756936716036,25.00836310327005,25.292548550886334,2149500
2021-07-21,26.401790618896484,26.83265430460317,25.84258720010759,25.94342618628702,1762300
2021-07-22,25.640907287597656,26.154276742227086,25.430060055440027,26.126774245132836,1486800
2021-07-23,25.76924705505371,25.879253531572335,25.365885894602123,25.66840632781046,1319600
2021-07-26,26.612640380859375,26.80515260900932,25.860921220191447,25.860921220191447,1236900
2021-07-27,26.695148468017578,26.86932571398394,26.18177898410753,26.704314219050122,1601300
2021-07-28,27.336854934692383,27.65771039254759,26.57597003387542,26.887657993103726,1529000
2021-07-29,27.126007080078125,27.996900195613357,26.997665599333725,27.822721222802002,1682500
2021-07-30,26.951828002929688,27.226847708702138,26.566801813665485,26.81431902430423,1352000
2021-08-02,26.53013038635254,27.859386018314783,26.502627894517794,27.107668726711623,1489000
2021-08-03,27.0985050201416,27.144342512944878,25.512564488101095,25.83341994363777,3423600
2021-08-04,26.21844482421875,26.860153954552022,25.72341041792712,26.22761232231913,3091500
2021-08-05,26.951828002929688,27.80438611833768,26.484296076785903,26.66764254730087,2337300
2021-08-06,26.603471755981445,27.60270634646987,26.520966019260637,27.511033111388805,2276100
2021-08-09,26.36512565612793,26.484299654094755,25.65007642276169,26.099273412823973,1989100
2021-08-10,27.006834030151367,27.006834030151367,26.33762231623607,26.585139552403664,1843900
2021-08-11,27.43769645690918,27.529369697282217,26.768484774672768,27.272684973942035,1697300
2021-08-12,27.611875534057617,28.106908236145838,27.20851432413718,27.731049522988712,2335300
2021-08-13,27.85938835144043,28.354422754795305,27.56603540805449,27.584370404146476,2882900
2021-08-16,27.391857147216797,27.740215087844504,27.089336697998792,27.42852714034456,2400100
2021-08-17,27.226848602294922,27.63020805303177,26.94266138881747,27.052669624441258,1592100
2021-08-18,26.4476318359375,27.55687307977848,26.410961836874097,27.281855080890146,2095900
2021-08-19,25.888423919677734,26.108438645799904,25.51256521065383,25.91592641613861,2159800
2021-08-20,26.456798553466797,26.759319042708192,25.448396339821567,25.595072834694864,2495400
2021-08-23,27.85938835144043,27.896058343624404,27.226846722960044,27.26351496662255,1774300
2021-08-24,28.48276710510254,28.60194284320715,27.97856690133526,28.143578385774482,1460300
2021-08-25,28.88612937927246,29.344492105035897,28.372761657659176,28.63861214351327,1371600
2021-08-26,28.3085880279541,28.601942748497805,27.831890322679058,28.418596266723195,2358700
2021-08-27,29.857864379882812,30.35289889790248,28.601946581538467,28.601946581538467,1960800
2021-08-30,29.390329360961914,30.288723250112298,29.362825116376772,30.08704177602274,1562700
2021-08-31,29.637847900390625,29.986202374919294,29.00530270239892,29.15197919089608,2003800
2021-09-01,28.592775344848633,29.830359729647686,28.38192636554864,29.692848993597625,1622300
2021-09-02,28.821956634521484,29.491166552417152,28.656945155454967,29.0878071019452,1375800
2021-09-03,28.171077728271484,29.161144836975268,27.987733003561335,28.876959377135524,1508100
2021-09-07,28.418596267700195,29.170313695662994,28.088573299903203,28.13441079460925,1365000
2021-09-08,27.7585506439209,28.620274517534458,27.685212404708647,28.537768779855483,1321900
2021-09-09,27.44686508178711,28.116076791477465,27.043503856711105,27.48353333032764,1689500
2021-09-10,27.071006774902344,27.951065735802132,26.915162782011123,27.94189823639421,1125300
2021-09-13,28.116073608398438,28.2627500829984,27.456029472698606,27.501865215315533,1375700
2021-09-14,27.575204849243164,28.537769481122535,27.529369104304752,28.537769481122535,1329700
2021-09-15,28.464431762695312,28.638610743997944,27.776885084866713,27.960231565029655,1573300
2021-09-16,28.161911010742188,28.592774710228916,27.923561288339695,28.528603967374703,1606800
2021-09-17,28.13441276550293,28.739453749834453,28.006069519856833,28.03357201860709,2740900
2021-09-20,27.309356689453125,28.06107416051655,26.8601579581867,27.13517769662666,1617100
2021-09-21,27.53853416442871,27.896057839149655,26.90599079886583,27.64854064194834,993000
2021-09-22,29.261985778808594,29.821189203924494,27.90522746257895,28.088572188584227,2614500
2021-09-23,29.647014617919922,29.931201853608556,29.005303648423823,29.188650139286057,1580300
2021-09-24,29.61951446533203,29.821192462006856,29.023639232278857,29.335327223914692,778300
2021-09-27,30.6462459564209,31.14128037828362,30.242886518445562,30.41706374226701,1339500
2021-09-28,30.371231079101562,31.104613539365186,30.242889585685855,31.031273544817115,1899100
2021-09-29,29.977033615112305,30.44456378243813,29.793687148635186,30.44456378243813,855700
2021-09-30,30.371231079101562,30.664584063207013,29.628679370997723,29.96786810317401,1193600
2021-10-01,31.08627700805664,31.489636467053625,30.453735322961613,30.508736819117466,1298300
2021-10-04,31.40713119506836,32.15885212518209,31.086277472554137,31.5079719355852,2428400
2021-10-05,31.232954025268555,32.012172208467,30.61874732743691,31.874664968690197,1833700
2021-10-06,31.80132484436035,32.27802430043431,30.288724230841204,30.921265924089944,2552400
2021-10-07,31.416303634643555,32.094681144612466,31.113781382355295,31.911338140000538,1989900
2021-10-08,31.80132484436035,32.14968281169195,31.333794635792724,31.718819102019797,1704800
2021-10-11,31.57213592529297,32.40635892239291,31.53546943416699,32.342188191619265,1604400
2021-10-12,32.23218536376953,32.46136757013793,31.416297268624913,31.507968752355094,1187500
2021-10-13,32.28718948364258,32.38803021125872,31.205449218921316,32.00300229645552,1607500
2021-10-14,33.74479293823242,33.77229368688785,32.71805402588113,33.07558124361827,1453800
2021-10-15,33.40559768676758,34.35899652011748,33.396431937062076,33.97397208571252,1840300
2021-10-18,33.653114318847656,34.175649469216026,33.332260628987406,33.63477932270665,1029800
2021-10-19,34.40483474731445,34.54234548212843,33.717288067331076,34.0381452828826,1295700
2021-10-20,34.2764892578125,34.762354402550976,33.81812485800855,34.093142798482354,2199000
2021-10-21,33.524776458740234,34.49651037676289,33.24975848104879,33.88230017944345,1158600
2021-10-22,33.49728012084961,33.78146388649866,32.846403338631994,33.6531223798128,983900
2021-10-25,34.08397674560547,34.27648895251817,33.67144809004766,33.75395382115922,1304300
2021-10-26,33.21308898925781,34.3406651628489,33.112248246595925,34.056481430303606,1447500
2021-10-27,31.333791732788086,32.75472072185779,31.14127951751037,32.571374256193934,1882100
2021-10-28,31.150447845458984,31.792158779875667,30.76542338303493,31.26045433514539,2022900
2021-10-29,30.985435485839844,31.306292692492868,30.49957029784686,31.306292692492868,2266400
2021-11-01,31.361291885375977,31.91133127196184,31.19628041910451,31.361291885375977,2135800
2021-11-02,30.985435485839844,31.489635671102416,30.737918268265165,31.077110472187776,2203300
2021-11-03,31.077106475830078,31.9021602646048,30.40789140119888,30.737914315525853,3042000
2021-11-04,29.720352172851562,31.893002396703654,29.390332674016662,31.78299240004845,2489100
2021-11-05,30.224550247192383,30.6279096681593,29.885358066676314,30.252050992677447,1923700
2021-11-08,30.747087478637695,31.425464891585033,30.417064522266276,30.61874599494729,1632600
2021-11-09,31.132108688354492,31.278785154021165,30.563737821026482,30.72874928203184,1377000
2021-11-10,30.71041488647461,31.544637956941905,30.572904167270266,31.132109296371734,1622600
2021-11-11,30.893766403198242,31.333795880817686,30.499572673801843,30.68291916373747,940400
2021-11-12,31.691316604614258,31.810492336316525,30.56374051955059,30.56374051955059,1878500
2021-11-15,31.718820571899414,32.1496843015382,31.287960339304078,31.847165563632686,1420900
2021-11-16,31.77382469177246,32.305529151725445,31.544642458422388,32.23218915847261,1564800
2021-11-17,29.830360412597656,31.599647538596006,29.757020419147,31.544642543508015,2144500
2021-11-18,29.830360412597656,30.05037339886289,29.335325947935832,29.527838185178755,1339300
2021-11-19,28.592775344848633,29.33532527631941,28.22608412859897,28.840290822991133,1850000
2021-11-22,29.252817153930664,29.766186563431326,28.363590808312285,28.391091554467376,1988100
2021-11-23,30.517908096313477,30.829596084419542,29.784525623429637,29.812026373336696,1802100
2021-11-24,31.132108688354492,31.315455144698532,30.25204989435445,30.25204989435445,1258200
2021-11-26,29.087806701660156,29.381159661065244,28.097739589407205,28.968632717597426,1480700
2021-11-29,29.316986083984375,30.19704487707323,29.014465655294906,29.867025452446995,1371800
2021-11-30,29.628677368164062,29.812023845097002,28.51943625343239,28.73945097663896,2995800
2021-12-01,29.711183547973633,31.498805604720072,29.702017797660666,30.44456596952408,3191400
2021-12-02,30.68291664123535,31.04044034384322,29.43616480862309,29.72034852246876,2033200
2021-12-03,29.491167068481445,31.434634856597267,29.151978354261786,31.11377764300074,1967100
2021-12-06,30.582077026367188,30.99460573567027,29.78452385307674,30.068707577340767,1307800
2021-12-07,30.68291664123535,32.14051569597422,30.462900171991894,30.91209886055251,2294400
2021-12-08,30.178709030151367,31.031267054724037,30.0870375531825,30.74708337789494,1644300
2021-12-09,29.812023162841797,29.99536963557881,29.527835955247273,29.55534019923584,1243800
2021-12-10,30.35289764404297,30.389567643205996,29.50950514851129,30.362063395311925,1131100
2021-12-13,29.335325241088867,30.160382662311804,29.225317002085262,29.931200433865797,1331400
2021-12-14,29.09697723388672,30.26122169434576,28.97780323739879,29.161147981881893,1829100
2021-12-15,29.271156311035156,29.390332056385393,28.226085844077627,28.794456826677713,1419100
2021-12-16,28.840288162231445,29.839522727149998,28.730281681766392,29.564504777465885,1904700
2021-12-17,29.316986083984375,29.436161805041028,28.226080090283155,28.519433021312775,3001800
2021-12-20,28.803619384765625,28.8952926158029,27.79521734039847,28.35442247605656,1388600
2021-12-21,29.665346145629883,29.848692615039127,29.14281098089151,29.179479225660447,1476000
2021-12-22,29.445331573486328,29.839525284060596,29.23448434409318,29.500336566953642,894600
2021-12-23,29.408666610717773,29.940367587162893,29.39033161193781,29.738686097626758,704600
2021-12-27,29.75701904296875,29.76618829024771,28.78528690546932,29.243651352207753,943100
2021-12-28,30.11454200744629,30.637077184047232,29.793688301478387,29.99536977211142,898100
2021-12-29,30.325387954711914,30.664576604384273,29.784517866132582,29.97703005942966,769900
2021-12-30,29.94036865234375,30.78376114100994,29.931202901149405,30.38039814758732,782800
2021-12-31,30.050373077392578,30.288724556514023,29.78452434658634,29.885361590937215,690700
2022-01-03,31.049604415893555,31.177945892248264,30.21538132254499,30.48123352187572,1346300
2022-01-04,30.545408248901367,31.792160176945245,30.21538526829641,31.553808692266816,3430500
2022-01-05,30.362060546875,31.067942227844355,30.206218310617967,30.857094998003106,2324400
2022-01-06,31.031267166137695,31.278784351293535,29.857855470918327,31.086272150742115,2597500
2022-01-07,30.84792709350586,31.55380522814099,30.664580624738036,31.214616533998484,1575900
2022-01-10,31.38880157470703,31.443803074980043,30.58207909928231,30.948768590261906,2401400
2022-01-11,32.04884338378906,32.3421963692254,31.361296668477003,31.700488899235555,1551400
2022-01-12,31.91133689880371,32.287195638908926,31.636315408495516,31.86549765239,1418900
2022-01-13,32.3238639831543,32.6263862409245,31.883834469433417,32.02134522242782,1554500
2022-01-14,34.533172607421875,34.542341853869424,32.28718981969101,32.28718981969101,3231000
2022-01-18,34.413997650146484,35.4957378403204,34.11147548814615,35.009869231384336,2296800
2022-01-19,33.96480941772461,35.0098799387248,33.84563366621156,34.84486843572017,1755700
2022-01-20,32.488868713378906,34.42316711832292,32.433867221284984,33.65311475562111,1600500
2022-01-21,31.177946090698242,32.28719063705927,30.948763882308082,32.14967991320798,1791000
2022-01-24,30.93960189819336,31.086278389532687,29.592009229795938,30.701253911158222,2215400
2022-01-25,31.746326446533203,32.003009449074995,30.032040688004408,30.737922442037977,1774700
2022-01-26,31.443798065185547,33.03890776278805,31.24212010124441,32.268855408263214,2408900
2022-01-27,31.865493774414062,32.4430339379147,31.05877489195311,32.278022462628805,1862700
2022-01-28,32.09467697143555,32.20468695635081,31.32462456224468,31.535475284810673,2179800
2022-01-31,32.23218536376953,32.4430325739833,31.32462228785179,32.00300315740114,2048000
2022-02-01,33.74479293823242,33.89146942613356,31.76465860304539,31.9205008414839,1744400
2022-02-02,33.79979705810547,34.313166554114,33.258926811307695,33.81813205764615,1586300
2022-02-03,32.93806838989258,33.873132251573146,32.92889914290104,33.873132251573146,1221700
2022-02-04,33.49728012084961,33.873138889162696,32.8372340898437,33.13975635306934,1459200
2022-02-07,34.102317810058594,34.35900079828915,33.18558885547123,33.18558885547123,1263800
2022-02-08,33.359764099121094,34.1114815170793,33.02974113571637,33.854798544228174,1823200
2022-02-09,33.176414489746094,33.63477889633191,33.020572270087506,33.4514359313319,2035100
2022-02-10,33.06641387939453,33.78146136150898,32.763895135824384,32.873901633755025,1812500
2022-02-11,35.40406799316406,35.422402990215936,33.08474507027041,33.350597281957896,3345500
2022-02-14,35.019046783447266,35.321565520160924,34.377335815482894,34.89987104011476,2429900
2022-02-15,34.96404266357422,35.4499079028906,33.82730068912768,34.212325181330804,2100300
2022-02-16,33.50644302368164,36.10995342823032,33.488108024707785,35.39490595346726,2084000
2022-02-17,32.98390197753906,33.60727784457557,32.91056549161629,33.313924906798725,1383300
2022-02-18,32.47970962524414,33.40560440150216,32.26886236920605,32.50721037693146,1461400
2022-02-22,31.57213592529297,33.55226982484022,31.278783014029862,33.44226335737719,1981600
2022-02-23,27.95106315612793,30.352893575158962,27.914394910402173,30.206217095212807,8366700
2022-02-24,27.36435890197754,28.33609107789933,26.768485447361016,27.83189086595958,4312000
2022-02-25,27.336854934692383,27.960230853148992,26.713479016235773,27.556869656173262,4358900
2022-02-28,27.91439437866211,28.30858631818248,26.970163027038986,26.970163027038986,3668300
2022-03-01,27.529369354248047,29.151978169989043,27.21768138997653,28.171078531819937,3813900
2022-03-02,28.28108787536621,28.721117342668098,27.712715168710016,27.850224158676646,3144000
2022-03-03,27.217681884765625,28.638610998847316,26.960997159957646,28.04273755579763,3598000
2022-03-04,27.639375686645508,27.841057161520123,26.83265503271183,27.116840499055087,5343500
2022-03-07,26.896825790405273,28.436930606395027,26.75931680651796,28.1894133862849,3809200
2022-03-08,31.2971248626709,31.33379485887072,27.877726400511822,27.877726400511822,6952900
2022-03-09,30.765422821044922,31.966335429372418,29.821189685934794,30.068706905990272,4081900
2022-03-10,32.62638473510742,32.74556048239929,30.288726521399372,31.02210901041945,3806400
2022-03-11,32.70887756347656,34.25814767812533,32.18634252788914,32.52553113938364,4027600
2022-03-14,33.359764099121094,34.157317262653685,32.13134723369421,32.296358715396565,4784800
2022-03-15,32.47053527832031,35.385733398934846,31.32462417735684,35.29406190967503,2201300
2022-03-16,32.44303512573242,32.82806308117735,31.397964742021255,31.397964742021255,2062200
2022-03-17,33.057247161865234,33.48810738993164,32.131348964975196,32.63554918754686,2893500
2022-03-18,33.56144332885742,33.63477981745724,32.37886228818944,32.87389670014947,2969200
2022-03-21,33.350589752197266,34.5423363151564,33.11223834138004,33.882290558483874,2184000
2022-03-22,33.277252197265625,33.68978082514531,32.66304562678899,33.32308793435391,1847200
2022-03-23,33.95563888549805,34.258157600384635,33.40559945391024,33.95563888549805,1711600
2022-03-24,35.3949089050293,35.87160842697088,33.91897458646943,34.01981534071297,2140700
2022-03-25,36.018280029296875,36.109951522284106,35.30322909523197,35.4132390832686,1464500
2022-03-28,35.56908416748047,37.320036401200746,35.12905467124666,35.58741916695399,2698100
2022-03-29,35.871604919433594,36.16495790470676,34.38650149731434,34.83570022310081,1855600
2022-03-30,36.34830093383789,37.24669480282627,36.09161447338185,36.32996593687366,1897800
2022-03-31,36.531646728515625,37.10002118713833,35.88993927046317,35.88993927046317,2156800
2022-04-01,36.56831741333008,37.10918763603923,35.75242920384618,36.6233224095024,1524000
2022-04-04,35.954105377197266,36.82499495705493,35.7982596596048,36.60498199897994,1615200
2022-04-05,35.550743103027344,36.25662472563801,35.38573163296028,36.10078250226522,2616900
2022-04-06,35.7524299621582,35.92660720816639,34.88153673803026,35.45907697043731,2086400
2022-04-07,34.91820526123047,36.19245792088638,34.184822812908,35.80743344690835,2103100
2022-04-08,35.67908477783203,36.03661196298435,34.89986666257033,35.25739035067965,1690500
2022-04-11,34.8448600769043,35.495740181304534,34.58817713249131,35.495740181304534,1472800
2022-04-12,33.90979766845703,35.633245183674894,33.900628422703114,35.0740400921353,2118300
2022-04-13,35.31239700317383,35.54157922399112,33.87313293620468,34.093145909845106,1464700
2022-04-14,34.97320556640625,35.43156997227242,34.13898248761153,35.110712789940365,1764300
2022-04-18,36.80666732788086,36.889173070094245,35.064880990950954,35.80743267087138,1937600
2022-04-19,36.66915512084961,37.54004825437842,36.4399729013443,36.74249510967202,1621800
2022-04-20,37.1550178527832,37.22835783676096,35.77992462658643,36.66915269858074,1270600
2022-04-21,35.303226470947266,37.998411527760595,35.22072073457455,37.815065058372,1414700
2022-04-22,34.77152633666992,35.58741447186084,34.588179863167404,35.13821928367495,1194400
2022-04-25,33.69895553588867,34.129819272599185,31.993842582253606,33.85480127988666,1710500
2022-04-26,33.48810958862305,34.76236235194499,33.387268838079244,33.80896684008457,1415000
2022-04-27,33.68978500366211,34.285660150843405,32.580543942151586,33.23142058184358,1402300
2022-04-28,35.257389068603516,35.85326419181305,33.4697671960178,33.56144217491927,1759600
2022-04-29,34.85403060913086,36.06411238749791,34.71651988552612,35.49574149088138,1694300
2022-05-02,35.74325942993164,36.064113128881324,34.643184109607944,34.643184109607944,1533100
2022-05-03,37.31086730957031,37.65005602685421,35.61491672906428,35.61491672906428,1867200
2022-05-04,39.39183807373047,39.694356762483515,37.485040470883476,37.91590413051662,1730600
2022-05-05,38.70429611206055,39.685195776459025,37.49421421771769,39.685195776459025,1489000
2022-05-06,39.1259880065918,39.272664484242696,37.72339397048983,39.235994490569205,2114000
2022-05-09,38.768470764160156,42.52705831525912,38.30093700960659,40.271905784599745,4783600
2022-05-10,40.134395599365234,41.63783064098506,38.20009679689935,39.44684883054809,3652100
2022-05-11,41.28947830200195,42.37121888829298,41.02362603144618,41.85784934829327,2983000
2022-05-12,41.30780029296875,41.46364250777005,39.96020786055445,41.44530751243293,2508800
2022-05-13,42.95791244506836,43.617958305001075,41.90367291845837,41.94950865938861,2170400
2022-05-16,43.23292541503906,44.25966058136147,42.94873825869018,43.63628478469082,2826100
2022-05-17,43.25127029418945,44.26883994477218,42.022853413753865,44.26883994477218,2722500
2022-05-18,43.03125,43.590455145550536,42.36203837407586,43.58128939595397,2115400
2022-05-19,42.499549865722656,43.0129157814432,41.01445011417777,42.11452193188923,2106200
2022-05-20,42.971153259277344,43.137600870580165,41.926232927760466,42.69373822212016,1629900
2022-05-23,43.359527587890625,43.80338669782197,42.21289243577096,43.44275139147017,2006300
2022-05-24,43.86812210083008,43.90511124706312,42.222143895730355,43.28555892131583,2345100
2022-05-25,45.69903564453125,45.78225944731382,44.08079777846464,44.154776059817415,2453500
2022-05-26,45.153465270996094,46.06892364666317,44.413696508766314,45.846995839977346,2264500
2022-05-27,46.09666442871094,46.281606622029,44.792827080663045,45.273675372298435,2004900
2022-05-31,45.40312957763672,47.095345725188764,45.11647255606876,46.697721281582936,2433100
2022-06-01,46.679229736328125,47.34502020178796,45.38464147596369,45.754522324291166,1889900
2022-06-02,47.631675720214844,47.85360704410423,46.12440522653306,46.46654597036208,2515100
2022-06-03,48.86153793334961,49.05572563589122,47.73339380481105,47.853606751494354,2461500
2022-06-06,50.193119049072266,50.43354496046353,48.83380150189462,49.009494646773646,2903700
2022-06-07,53.21689987182617,53.25388900726702,50.19310683536039,50.23009597080123,3551500
2022-06-08,53.03196334838867,53.808717637663555,52.61584787670587,53.0782015363343,2820400
2022-06-09,53.13368606567383,54.09538260298853,52.810039888442326,52.828534459638234,1832300
2022-06-10,52.125755310058594,53.300134134955236,52.088769694829125,52.93025329030891,2555400
2022-06-13,49.101959228515625,51.127070597222854,48.88003143830136,50.90513927952997,2881600
2022-06-14,48.74132537841797,51.33050534888572,47.899841799828984,50.52601091226254,2708600
2022-06-15,47.687164306640625,48.630366356477104,46.605258251741745,48.40843500990655,2433900
2022-06-16,44.173274993896484,46.97513741856596,43.6369429835421,46.503538174529304,3684000
2022-06-17,41.61183547973633,44.987019101862096,40.95529403320656,44.21951022093482,6787500
2022-06-21,43.618446350097656,44.173272906397784,42.59202409952605,43.017388656787666,2750500
2022-06-22,41.38065719604492,42.564281569172074,41.15872586234414,41.750541576386595,2659100
2022-06-23,39.44801330566406,42.203640638375894,39.022648793948726,41.89848906344217,3085500
2022-06-24,40.21552276611328,41.84300609184938,39.67919082909438,40.07681525757985,3534100
2022-06-27,42.86018753051758,43.239317431835225,40.40046593301017,40.95529250181476,2698500
2022-06-28,43.9328498840332,44.60788943419181,42.96190775627432,43.80339140399589,2609600
2022-06-29,42.73072814941406,44.73734504367575,41.95397379155128,44.099294679462055,2331100
2022-06-30,41.759788513183594,42.60127215586205,40.89056477565739,41.26044564105026,2853600
2022-07-01,42.212894439697266,42.65675357069946,40.84432437642535,42.20364539026122,1589000
2022-07-05,40.51142501831055,41.149471737151785,39.33704641285176,41.01076424165327,3124600
2022-07-06,40.5761604309082,40.5761604309082,38.12568448654122,40.03058294086885,4349400
2022-07-07,42.27762985229492,42.68449989995137,41.65807396628332,41.74129778597206,2205900
2022-07-08,42.212894439697266,43.03588346556458,41.74129168786576,43.03588346556458,1820800
2022-07-11,42.23138427734375,42.88792919687611,41.51936270017378,41.66731573961515,1476100
2022-07-12,41.84300994873047,42.12042146388928,40.99228083191296,41.42689091225286,1687700
2022-07-13,40.28950119018555,41.944728285014726,40.08606443311773,41.03851545508895,2337400
2022-07-14,39.37404251098633,39.69768868774092,38.153425506206304,38.948674429064745,1708200
2022-07-15,40.83507537841797,40.87206451805585,39.7069313118121,40.32648705457186,1747200
2022-07-18,41.55634689331055,42.28686654384244,41.30667548638907,41.63957069561771,1826500
2022-07-19,42.629005432128906,42.77695846011652,41.3714064579734,41.3714064579734,1236100
2022-07-20,42.407081604003906,42.61051835924093,41.35291574046435,42.0556918069978,1549600
2022-07-21,40.53917694091797,41.03851983751074,39.08738644812279,40.89056677861057,1465900
2022-07-22,40.169288635253906,41.34366746968248,39.965855403664825,40.788844434470334,1590300
2022-07-25,41.907737731933594,41.93547782424421,40.57616038884379,40.881311986696616,1466100
2022-07-26,42.212894439697266,42.67524814209273,41.60258769363441,42.444071290894996,1101500
2022-07-27,43.92359924316406,44.1270359895045,42.2313830949219,42.2313830949219,1556300
2022-07-28,43.21158218383789,45.12572647678978,42.592029835795735,44.64487814089414,1554000
2022-07-29,44.219505310058594,44.79282288085892,43.498234703971775,43.87736457736082,1818000
2022-08-01,43.84037399291992,44.19176376295786,42.416323870510084,43.24856187126349,1377100
2022-08-02,45.04249572753906,45.46786027663503,43.85887140745335,44.05305911106515,1903200
2022-08-03,43.784889221191406,45.911718832065795,43.599950583270505,45.42162156463588,1328200
2022-08-04,41.953975677490234,43.74791037348226,41.89849548852814,43.488989890903,1858500
2022-08-05,42.8139533996582,43.248567021527535,41.0015276793827,41.40839767960406,1619700
2022-08-08,43.599952697753906,44.062306369935904,42.5087977492061,43.36877586166291,1728700
2022-08-09,45.57882308959961,45.62505774852168,44.07154922188745,44.07154922188745,1479500
2022-08-10,46.06892395019531,46.75320900152271,44.857555945167704,45.597324712271565,1936500
2022-08-11,46.82718276977539,47.076854194262154,45.68054755451636,46.688478774490854,1419300
2022-08-12,47.742645263671875,47.8166200232639,46.64224117210488,46.87341802798314,1217400
2022-08-15,46.984378814697266,47.07684813298126,44.88529283684943,46.050422473628345,1402400
2022-08-16,46.92890548706055,47.79812926461311,46.38332792256501,47.5299667712855,1139400
2022-08-17,48.50406265258789,49.1565007822026,46.70519919995816,46.70519919995816,1404600
2022-08-18,49.29631423950195,50.51730573311449,49.1378668344504,49.445442672992606,2072800
2022-08-19,49.072628021240234,49.53865486453595,48.74640709763164,49.08194699368498,945300
2022-08-22,48.95145797729492,49.38020180168361,47.78639091830229,48.504072653302046,1119600
2022-08-23,49.715736389160156,50.56390497556241,49.23106811757285,49.492041973234436,1608400
2022-08-24,49.91146469116211,50.85284072624481,49.13786212762579,50.060593110368025,1704600
2022-08-25,51.44003677368164,51.44003677368164,49.9953544084426,50.13516387028928,1300000
2022-08-26,50.64779281616211,52.19500165146766,50.40546044434417,51.49596145077837,1155700
2022-08-29,51.40275573730469,52.47461520803545,50.666432564692556,50.80623846669977,1319200
2022-08-30,49.864871978759766,50.49866876685524,48.87689379602208,50.49866876685524,1626800
2022-08-31,49.053985595703125,50.44274357145128,48.66252120585626,49.24971601287527,2836200
2022-09-01,47.627933502197266,48.541349081643936,46.83568943152648,48.4761020641103,1915500
2022-09-02,49.855552673339844,50.470707957029,48.47611010457982,48.914176469882094,1748100
2022-09-06,49.42679977416992,50.88080462614038,49.25902984680786,50.5079817752242,2082800
2022-09-07,49.21242904663086,49.74369931071164,47.59997675585032,48.457467911096224,1838900
2022-09-08,48.92350387573242,49.883518119580366,48.51339794204751,49.436132737335605,1346800
2022-09-09,49.5200080871582,50.03263684905586,49.02601726816393,49.96739338238719,1299000
2022-09-12,49.65049743652344,50.358856632896355,49.00738170999398,50.293613163052896,1488900
2022-09-13,48.299015045166016,49.855546334406185,48.14988661824799,48.99805521300092,1584900
2022-09-14,48.46678924560547,50.06992264302859,48.07532842372446,49.04466150645469,1850100
2022-09-15,47.40424728393555,47.674543684785924,45.782472434335666,47.55337571966293,1790900
2022-09-16,46.12733459472656,47.24579607920661,44.71993165646882,47.24579607920661,5185800
2022-09-19,47.05006790161133,47.255120842704535,44.53352233143132,44.757216772215045,1905200
2022-09-20,48.54135513305664,48.904855482692035,46.639964859807336,46.639964859807336,1703400
2022-09-21,47.078025817871094,48.914172549437325,47.06870684628295,48.53203071528166,1847700
2022-09-22,48.70912170410156,49.426803434182496,47.73046609235574,47.73046609235574,2101300
2022-09-23,45.85703659057617,47.17123198880447,45.11139444184774,46.956860093263934,2381700
2022-09-26,44.46827697753906,46.052768829122904,44.19798057672428,45.27916617998343,1989500
2022-09-27,47.171234130859375,47.86095181644005,45.33508736739028,45.36304783814285,1622300
2022-09-28,50.56390380859375,50.759634195822656,47.54404881855361,47.56269031574237,2020300
2022-09-29,49.90214920043945,50.17244559019376,48.74640120437059,50.09787959763993,1477900
2022-09-30,50.181766510009766,51.346833522634896,49.016699497384636,49.32427533985644,2035200
2022-10-03,51.8687858581543,52.511901581961524,50.37749791896739,52.04587476762232,2622400
2022-10-04,54.282806396484375,54.65562572494154,52.90336385913505,52.92200535888328,3405700
2022-10-05,53.79813766479492,54.292124960147916,52.10180031099531,54.292124960147916,2266200
2022-10-06,53.44395446777344,53.695609370678916,51.701015201912206,53.25754303352837,2587400
2022-10-07,51.766258239746094,53.6956089237953,51.1697444995283,53.415993552506,1889400
2022-10-10,51.207027435302734,52.5119039976821,50.77828359970762,52.00859416172126,1658900
2022-10-11,50.7037239074707,51.36548119688057,49.725064654804996,50.265657520296635,1648300
2022-10-12,51.78489685058594,52.157716139679216,49.5013649273188,50.33089202326636,1576800
2022-10-13,54.04046630859375,54.655621531073,51.197703591916955,51.505279425405455,1927800
2022-10-14,52.40005874633789,54.78611387881973,52.288209745375845,53.798139258839946,1733300
2022-10-17,52.558502197265625,54.15231300789451,52.12043586531994,53.36006886614397,1703700
2022-10-18,54.105712890625,54.12435439001629,52.39073405715297,53.08045531262102,1887400
2022-10-19,55.68088912963867,56.03506697266943,53.80745921746432,54.33872953751313,2149200
2022-10-20,55.21485900878906,56.957798314074985,54.851355103812786,56.174873116938116,1611200
2022-10-21,55.24281692504883,55.90457412325276,54.43193129407356,55.55971528912571,1270900
2022-10-24,54.935237884521484,55.99778197476631,54.61833951841387,55.22417578039977,1313100
2022-10-25,55.77408981323242,55.89525778165466,53.56512368777881,54.618341738248915,1747800
2022-10-26,55.95117950439453,56.7154632134004,55.42923173561151,55.830015089785626,1282700
2022-10-27,57.2653694152832,58.505002356050234,56.96711256068554,57.01371452755977,1410700
2022-10-28,57.32129669189453,58.318593764532835,56.13758818720651,57.78732349426766,1289800
2022-10-31,57.01371765136719,57.81528432532991,56.14691106460775,56.59429637101669,1841700
2022-11-01,57.824607849121094,58.262670635893095,56.53837284883824,57.871209819351854,2036900
2022-11-02,56.80867385864258,58.54229431356777,56.29604503354709,57.62888211209699,1489600
2022-11-03,58.88714599609375,59.185402859924054,55.7088434020565,56.31467610117956,1552000
2022-11-04,58.803260803222656,60.341147084735915,58.346552982280954,59.9403637588592,1820000
2022-11-07,59.157447814941406,59.93105407085097,58.477049059715135,58.96171384125781,3147700
2022-11-08,58.38383865356445,59.74463609629702,57.936453339056584,59.74463609629702,1579100
2022-11-09,56.445167541503906,59.586187191625946,56.41720351564069,58.05761984985741,1748700
2022-11-10,57.63819885253906,57.77800832465193,56.27740135338449,57.386543936037455,2094900
2022-11-11,57.83392333984375,59.847158909953066,57.53566648171661,59.07355629528023,1827000
2022-11-14,58.551605224609375,59.492981325275785,57.67547614517428,58.066936939548825,2236500
2022-11-15,61.08679962158203,61.506220937169495,58.905793847416064,59.04559976744434,2218100
2022-11-16,60.12678527832031,61.180003383597594,59.86581138398649,60.5928121213465,1562900
2022-11-17,60.751258850097656,60.77921932260024,58.784625026023356,59.28793486408554,1386700
2022-11-18,59.75717544555664,59.9728710314718,58.247302766694034,59.56961297770887,1120100
2022-11-21,59.38205337524414,59.925984200503514,57.30949677028694,59.888470989632516,1541100
2022-11-22,61.52963638305664,61.660929043608135,60.15105629235257,60.3011091357905,1665100
2022-11-23,60.58245086669922,61.520259725796464,60.31048543897136,60.563697837679335,1708200
2022-11-25,60.76063537597656,62.07356917807121,60.59182949920849,60.638722802999354,977500
2022-11-28,59.40081024169922,60.788766852914826,58.98817565267513,59.597749233452305,3145600
2022-11-29,58.70683288574219,60.81690280926665,58.65994315848857,59.71028807428838,2269200
2022-11-30,58.4630012512207,59.82282473871681,56.409201248973766,59.24138070181492,14901200
2022-12-01,57.05628967285156,59.625887455208755,56.96251022032055,59.11946982564498,2440800
2022-12-02,52.91117477416992,57.37514700262242,52.826775410155285,56.878109445876994,4431100
2022-12-05,49.2255859375,53.90524988903873,49.206829332033195,53.52074842061096,3616800
2022-12-06,48.10021209716797,49.91955980134528,47.50001506393242,48.65351940795508,2695300
2022-12-07,47.99705505371094,48.66289844844167,47.331211658980195,47.76260285183758,2000300
2022-12-08,46.646610260009766,49.00988523586366,46.459047788644185,48.672277080353524,2584300
2022-12-09,45.69004821777344,46.89044239838592,45.61502179275673,46.23397548931715,2031800
2022-12-12,47.67820358276367,47.95016901644192,45.455597539762266,45.95263510117239,2818900
2022-12-13,47.8282470703125,48.64413969511824,46.899814817807915,48.35342126720421,2441800
2022-12-14,47.48126220703125,48.700412974197334,47.29369972497721,48.20337543759239,1773500
2022-12-15,47.95016098022461,47.95016098022461,46.918569239062926,47.34996397025378,2238000
2022-12-16,47.603172302246094,47.725088445855185,46.34650838857497,47.07800167277294,6157700
2022-12-19,46.63723373413086,48.42844849656532,46.20584252123095,47.893897737655244,1841600
2022-12-20,47.134273529052734,47.44375218184759,46.843555060925844,47.00298085603323,2070500
2022-12-21,47.21866989135742,48.28777488862483,46.41215735844251,47.865760228842504,1842800
2022-12-22,46.04640579223633,47.21866666859118,45.427452192619214,47.021727699953075,1473700
2022-12-23,47.7157096862793,47.79073252519156,46.140190717100985,46.571581878851696,1198900
2022-12-27,47.762603759765625,48.01581257189695,47.30307586127765,47.64068761078608,1916900
2022-12-28,45.886985778808594,47.65006735940739,45.79320632793432,47.36872185187111,1990500
2022-12-29,48.297157287597656,48.58787932808712,45.877608661641574,45.90574536069344,2508800
2022-12-30,48.662899017333984,48.9442409473797,47.922029192163436,47.96892249505167,1388100
2023-01-03,46.56220626831055,48.88797155898703,46.158948216151266,48.21274810840284,1922800
2023-01-04,47.077999114990234,47.16240204406369,45.427453741433006,45.633772807491766,2296400
2023-01-05,47.43436813354492,48.24088065078428,45.990141804785274,46.75914469101699,2971000
2023-01-06,47.734466552734375,50.17276785881574,47.61255041419337,47.98767176572934,1801100
2023-01-09,47.040489196777344,49.169315598989165,46.534071586921144,48.79419064854976,2284400
2023-01-10,48.48471450805664,48.69103000641836,46.83416905642341,48.053323329033454,2541700
2023-01-11,48.3721809387207,49.047400860441535,48.04394570330637,48.737925808289646,1589400
2023-01-12,48.87858963012695,49.53505645157123,48.39092866498139,48.681650656930586,1693900
2023-01-13,48.77544021606445,49.26310128236903,48.1752430813687,48.916112984646254,1545700
2023-01-17,49.141178131103516,49.8726677845254,48.60662744937886,49.15055464417924,1914900
2023-01-18,50.032100677490234,51.2606315579164,48.98175576799746,49.41314698007132,2946800
2023-01-19,51.495079040527344,51.748287835868,49.73199756414973,50.01334305505481,1970400
2023-01-20,53.38945007324219,53.42696328018023,51.44818633240225,51.57010246622274,2552200
2023-01-23,54.23348617553711,55.19004803079077,53.66142221874841,53.970897271340654,1872700
2023-01-24,54.76803207397461,54.8430549132082,53.0893535638276,54.29912770203118,1583100
2023-01-25,53.91463088989258,54.84305962269097,53.31443023720115,54.49607135934407,1355900
2023-01-26,55.4995231628418,55.70584223653736,53.895871028544185,54.35539532137596,1845700
2023-01-27,53.4175910949707,55.63082054746216,53.108116035573495,55.56517421433375,1828900
2023-01-30,52.4422721862793,53.727072960326964,52.25471326747435,53.14562886416903,1878500
2023-01-31,53.361324310302734,53.67079936654849,52.36724565419193,52.714233922545304,2041400
2023-02-01,51.251251220703125,53.652039406184606,50.472868216690145,53.164378411644535,2336500
2023-02-02,50.688560485839844,51.401297114803036,49.685105443906394,51.13870824112675,1899200
2023-02-03,49.844539642333984,51.48570505851206,49.70386688996461,50.61354257971803,1595200
2023-02-06,49.141178131103516,50.38846186264227,47.893890822108425,49.760131740335034,2285200
2023-02-07,51.223114013671875,51.241870618365915,49.34749647374658,49.4787891291483,1778000
2023-02-08,49.80702209472656,51.20435509546089,48.784810438554615,50.95114988717307,1746800
2023-02-09,49.07553482055664,49.93831717475351,48.887972350418366,49.77889140048274,1845900
2023-02-10,51.98273849487305,52.057761333435586,49.62883656539646,49.76950930670379,2074200
2023-02-13,51.626373291015625,51.88896218548127,51.0824460518603,51.81393576493205,1238800
2023-02-14,51.91709899902344,52.29222039609432,51.063693080556796,51.26063208232828,1435900
2023-02-15,51.11058044433594,51.57010833800817,50.350954015902666,51.391922373492314,1409300
2023-02-16,50.46349334716797,51.785803625991086,50.27593086970196,51.21373967957528,1728800
2023-02-17,49.04739761352539,49.86329023604874,48.269018200130056,49.66635125431147,1722900
2023-02-21,49.48817443847656,49.91018914495017,48.92548697069277,48.98175679070823,2292600
2023-02-22,49.422523498535156,50.31344255641531,48.803569845868545,49.178691211979356,1589300
2023-02-23,50.02272033691406,50.74483352491223,49.544439434451164,50.003963732068534,1678400
2023-02-24,47.21866989135742,47.65944115573635,44.54591634183022,47.64068455113975,5283000
2023-02-27,47.87513732910156,48.37217841336135,46.4496675593997,47.26556377079617,3391500
2023-02-28,46.62785339355469,48.48471433699847,46.51531376489271,48.30652838034529,3235200
2023-03-01,48.30653381347656,48.41907345479609,46.38402632581336,46.56221230250747,4467500
2023-03-02,48.84108352661133,48.89734976446931,47.096758603881405,47.51876969764277,2522900
2023-03-03,50.229042053222656,50.6323001349587,48.015812649496525,49.27247662055509,2110600
2023-03-06,49.27383041381836,50.34253449497876,48.857699543381955,50.096639800577414,2008600
2023-03-07,49.09413528442383,49.63321527309726,48.3186165776386,49.31165847215446,1728900
2023-03-08,47.562007904052734,49.245450227951814,46.82431673552312,48.942808992369244,2621600
2023-03-09,47.13642120361328,49.21708256582638,46.89052653349889,47.79845031083132,2357300
2023-03-10,46.59734344482422,48.252414487462964,46.32307366332248,47.56201385689445,2411000
2023-03-13,44.13837432861328,45.70833074386352,43.873564141832865,45.13141974457628,2634000
2023-03-14,44.507225036621094,45.94477285760034,43.76007783091643,44.69637312251776,2078100
2023-03-15,42.67245864868164,43.55201096484605,41.82128143184959,42.97509991792439,3027400
2023-03-16,44.809871673583984,44.904445727866474,41.66996544885563,42.606260852666594,3791300
2023-03-17,44.63017272949219,45.24491486169454,44.09109272152278,44.809868470661094,7624700
2023-03-20,46.474388122558594,46.86214742812411,44.92335090029651,45.02738450067693,3539100
2023-03-21,46.52167892456055,47.73224756377305,46.10554809694372,47.60929842533939,3528200
2023-03-22,46.474388122558594,47.98759789649259,46.34198303399008,46.34198303399008,2542900
2023-03-23,45.60430145263672,47.48635164284875,45.10304891312391,46.786495052236226,2393300
2023-03-24,45.0179328918457,45.39623630415448,43.94923242644554,44.42210988794715,2644300
2023-03-27,46.24740982055664,46.73919912744407,44.77203107658995,45.471891195691214,2075900
2023-03-28,47.07967758178711,47.28774481345226,45.99206161573888,46.294702893923485,1955300
2023-03-29,46.474388122558594,48.025425344820675,45.878561616232226,47.63766603925515,2219500
2023-03-30,46.63517379760742,47.00401761855015,46.105549773210804,47.00401761855015,1619200
2023-03-31,45.75562286376953,46.237956273154424,44.9990196687694,46.01097711853869,4163600
2023-04-03,46.04880142211914,47.5998423754686,45.33948529887645,47.5998423754686,5847000
2023-04-04,42.35090255737305,45.935314434134014,42.227957020028015,45.812365289020406,4293800
2023-04-05,44.100547790527344,44.31807096384608,42.1333760544423,42.31307177727347,3348800
2023-04-06,43.74116516113281,44.56397093344807,43.60876004923941,44.38427879698826,2136100
2023-04-10,44.242408752441406,44.85715082059153,43.50472115687588,43.50472115687588,1331000
2023-04-11,45.358402252197266,45.47189543307179,44.28970185722573,44.450478451811925,1618500
2023-04-12,43.82627487182617,45.54754821298631,43.74115680076801,45.54754821298631,2835800
2023-04-13,43.854652404785156,44.11946622222969,42.25632796989015,43.429061990828345,1943700
2023-04-14,43.92085266113281,44.41264560179893,43.23991164216831,44.043801798241425,1517000
2023-04-17,43.06968307495117,43.85465783996405,42.68192367368166,43.65605015809236,1605900
2023-04-18,43.03184509277344,43.202081252091595,42.275241944564065,42.663001283506894,1575500
2023-04-19,42.79541015625,42.84269718072526,41.93477332283285,42.56842738789254,2080500
2023-04-20,42.644081115722656,42.85214831176332,42.08608567815106,42.180659708477904,2106200
2023-04-21,41.925315856933594,43.06021883469901,41.69833309671937,43.06021883469901,1387800
2023-04-24,42.69137191772461,43.07913124888877,41.688874119371,41.83073517744472,1940600
2023-04-25,41.4240608215332,42.40764671033848,41.13087913328219,42.199579493307425,1722800
2023-04-26,41.23490524291992,41.91584981056944,40.83768998363639,41.50917498353076,2078300
2023-04-27,40.65800094604492,41.67941426673295,40.40264671393084,41.31057046737982,2424700
2023-04-28,41.717247009277344,41.878023602042845,40.15675006372479,40.553968976750426,3104300
2023-05-01,41.480812072753906,42.03880762933897,41.05522162997398,41.60376122461672,2503400
2023-05-02,39.37177658081055,41.20653974531035,38.804321489356695,41.140337192472686,2854100
2023-05-03,39.6365852355957,40.232411795504596,38.22740893531527,39.456893114631356,6530700
2023-05-04,36.18457794189453,38.586796058267396,35.75899115774352,38.085547156544806,6059400
2023-05-05,36.29806900024414,37.2532797283543,35.10641597240345,37.045212524941576,3809800
2023-05-08,36.912811279296875,37.62212742906211,36.752034683745634,37.111422543135205,2424800
2023-05-09,37.234371185302734,37.811282279163514,36.40210943105425,36.56288604002198,2947800
2023-05-10,38.303070068359375,38.615170889534056,36.884437843605326,37.37623078111893,3202600
2023-05-11,37.93423080444336,38.24632805517938,37.55592738948644,37.59375845253588,2194100
2023-05-12,37.87748336791992,38.55842805659868,37.56538612412127,38.492225501618094,1572400
2023-05-15,38.06663131713867,38.68137339021221,37.659956457924174,37.97205727871273,3218700
2023-05-16,37.2532844543457,38.1895833807147,36.96010274809058,38.019347212283975,2185000
2023-05-17,38.78398132324219,39.10925412220795,37.47332124094611,37.75076055612945,2483100
2023-05-18,39.97026824951172,40.018105383318535,38.38217248278592,38.57351006963042,2492300
2023-05-19,39.55889129638672,40.45817680473324,39.43452497458362,40.34337206996941,2076700
2023-05-22,40.46774673461914,40.80258844232369,39.55889588436555,39.86503458031986,2808000
2023-05-23,41.26179504394531,42.094109366386135,40.42947707204348,41.00348984398899,4202800
2023-05-24,41.62533187866211,41.979307693799555,40.76431820679001,41.443563177252216,2353200
2023-05-25,40.984352111816406,41.24265728903218,40.180737221409785,40.94608386716355,2087600
2023-05-26,41.080020904541016,41.42442782284238,40.52514593019169,41.30962673322887,2499400
2023-05-30,40.5538444519043,40.93651960865315,39.92243299789122,40.32424227742359,1640600
2023-05-31,39.644996643066406,40.104204675674005,39.329292717287885,39.778935512522025,4757100
2023-06-01,39.53019332885742,40.49644647509717,39.310156387006,39.95113308942612,2232100
2023-06-02,41.38615798950195,41.64446316832308,40.19030270762306,40.48687613133488,2272600
2023-06-05,41.2235221862793,41.854933610191765,40.266837989474915,41.720998406552845,2434300
2023-06-06,42.02713394165039,42.20890261176095,40.68777470564111,40.869547025211986,2848700
2023-06-07,44.04574203491211,44.10314075202755,42.02713776191114,42.33327641806231,2200500
2023-06-08,43.84484100341797,44.208378391421235,42.94555547124165,44.045743820387266,2709100
2023-06-09,43.835269927978516,44.045741620650645,43.117756775098734,44.045741620650645,1618100
2023-06-12,43.7682991027832,43.91180318257646,42.84988321059529,42.84988321059529,1459800
2023-06-13,43.433467864990234,44.753689546611504,43.42389897847159,44.1892456742218,1450900
2023-06-14,42.668113708496094,44.05530652345562,42.074970528454166,43.873537839907776,1594800
2023-06-15,43.730037689208984,43.806574183571236,42.60114994359221,42.66811755142872,2782000
2023-06-16,44.007476806640625,44.237082639220674,43.54826879094142,43.86397270509548,3655400
2023-06-20,42.56288528442383,43.89267585163031,42.43851530599518,43.89267585163031,1875700
2023-06-21,42.610721588134766,42.945559648990006,41.539232494475684,41.71143596847585,1567400
2023-06-22,40.70691680908203,42.25674437508578,40.64951808592773,42.03670742091854,2336200
2023-06-23,40.65907669067383,41.35745568766074,40.18073461196002,40.25727109629524,3003600
2023-06-26,40.95565414428711,41.30962629569849,40.25727507822214,40.73561720424972,2666700
2023-06-27,41.730567932128906,41.864503149534656,40.50601320217806,41.06088819563917,2406600
2023-06-28,41.998435974121094,42.09410293008712,41.290488091807035,41.711427807302144,1892600
2023-06-29,42.54375076293945,42.696820100550354,41.89320516572789,42.13237623383623,1516000
2023-06-30,42.67768096923828,42.869018531165004,42.180204768012985,42.83075028888757,1623200
2023-07-03,42.76378631591797,43.414331891957545,42.648985228811206,43.031656735653996,696700
2023-07-05,42.802059173583984,43.24213309613078,42.52461983784142,43.06036073504234,1463900
2023-07-06,42.735084533691406,42.84032038716856,41.4148628704168,42.2854454090084,1654800
2023-07-07,43.777870178222656,44.43798465397702,42.71595371404459,42.71595371404459,2168200
2023-07-10,43.30908966064453,44.036167971145765,43.25168730081803,43.61522828079876,1317800
2023-07-11,44.753684997558594,44.88762019951823,43.481296929481516,43.52913040882988,2110500
2023-07-12,44.42841339111328,45.576435172812104,44.131843621718026,45.29899587608826,1703700
2023-07-13,44.98329544067383,45.09809653282581,44.24664810456522,44.71542500916558,1375300
2023-07-14,44.208377838134766,44.74412232614196,43.73960460440664,44.724988203413766,1771200
2023-07-17,44.064876556396484,44.40927981059186,43.65350204919182,44.170108755215225,1394300
2023-07-18,44.562355041503906,45.480771064692384,44.275346840979246,44.4475503015097,1396100
2023-07-19,45.346832275390625,45.4424992350486,44.53364852045551,44.76325433287946,1142700
2023-07-20,46.246116638183594,46.389620734993784,45.66253866369798,45.87301036583005,1715700
2023-07-21,46.839263916015625,47.088003885487744,46.20785240426031,46.49485697333798,1679800
2023-07-24,48.102081298828125,48.94396443226535,47.11669772241021,47.31760053225957,2731500
2023-07-25,47.738548278808594,48.41779325948118,47.31760484895774,47.891617621628626,1911700
2023-07-26,48.695228576660156,49.020501359568605,47.45153616294742,47.45153616294742,1953700
2023-07-27,48.49432373046875,49.19270280096353,48.159485699909894,48.92483237651644,1613000
2023-07-28,49.364906311035156,49.39360932044225,48.51345790432816,48.89613306776226,2017100
2023-07-31,49.833683013916016,50.3215903784479,49.59451195004609,49.67104479276484,1693900
2023-08-01,50.06328582763672,50.35985559332969,49.508407241115975,49.64234244490772,1689000
2023-08-02,49.38404083251953,50.35985922263337,49.16400388908124,49.99631817938449,2721900
2023-08-03,50.742530822753906,51.000835994581685,48.58999137364969,49.80498074507934,4269000
2023-08-04,52.56023406982422,53.25861317011333,50.924304794511606,51.220878240988206,2875600
2023-08-07,53.93785858154297,54.10049315092894,52.58893394640809,52.732434393020284,2830300
2023-08-08,54.93280792236328,54.99977917741489,53.28731349282526,53.51691566929066,1967400
2023-08-09,56.16693115234375,56.59743979251859,54.798872389933024,54.99977885498846,2276000
2023-08-10,55.698158264160156,56.894013577976985,55.65032113203885,56.415671452450255,1819500
2023-08-11,56.7696418762207,57.02794705408125,55.765124173070134,55.784258295444324,1723200
2023-08-14,55.439857482910156,56.43481005892126,55.296353374067,56.39654180996828,1492600
2023-08-15,53.7847900390625,54.40663261577347,53.134244453038754,54.38749849271856,2221700
2023-08-16,54.63346481323242,56.42725239930482,53.96802398201917,54.180193948946034,4344400
2023-08-17,54.72026062011719,55.48213665056793,54.59488712491585,55.21210482604907,1833000
2023-08-18,55.559288024902344,55.81967741981327,54.07410570381376,54.13197124009647,2236500
2023-08-21,54.81670379638672,55.77146503179761,54.13197808553587,55.54964895411716,1921300
2023-08-22,54.53702163696289,55.26997041692637,54.392363307509775,54.72026067140761,1802500
2023-08-23,53.389381408691406,54.23805756742821,52.8203831639224,54.06446463316596,2113500
2023-08-24,54.0355339050293,54.30556942155437,53.14828433633971,53.186861364258704,1626700
2023-08-25,55.06744384765625,55.7521731966322,53.99695894661944,54.12232876525766,2106200
2023-08-28,54.45022201538086,55.36640609783969,54.180190206242145,54.87456191992168,1549900
2023-08-29,54.286277770996094,54.65274847832865,53.8619378462208,54.46951312466237,1527500
2023-08-30,53.7847900390625,54.56595829146019,53.69799356657387,54.3055688739943,1546200
2023-08-31,53.12899398803711,53.72692318450577,52.820385133156016,53.72692318450577,2462400
2023-09-01,54.85527801513672,55.43391870586308,53.7365699818667,54.09339828518437,1872200
2023-09-05,55.18317413330078,56.070423662768775,54.49844479418525,55.26997060282767,2076100
2023-09-06,55.21210479736328,55.54964457783648,54.1030392119667,54.961361485998566,1792300
2023-09-07,56.311527252197266,56.533339645175815,55.35676972063342,55.35676972063342,2269100
2023-09-08,58.818973541259766,59.0600744263333,56.34045305810885,57.09269032119542,2780100
2023-09-11,59.0311393737793,59.98590049019751,58.413921701265814,59.38797132981352,2895200
2023-09-12,59.127586364746094,59.71586947369054,58.65502697943449,58.9057739769983,1717100
2023-09-13,58.799686431884766,59.5712085467463,58.375346509530196,59.42654654068767,1812700
2023-09-14,58.05709457397461,59.54227692719179,57.95100959461516,59.368683993495885,1905700
2023-09-15,57.15055465698242,57.81599548313766,56.72621840526181,57.439878674740896,6852400
2023-09-18,58.201751708984375,59.127581896061386,57.55560310814968,58.15353226814571,1958400
2023-09-19,56.97696304321289,58.61644612194658,56.51404610548443,58.56822668061457,1824000
2023-09-20,56.4369010925293,57.59418618889311,56.39832406423866,56.68764441860264,1717300
2023-09-21,57.15055465698242,59.37832825605796,56.95767688368705,57.36272462229658,2672000
2023-09-22,55.53036117553711,57.883504640285814,55.44356470419064,57.536318754899916,2429000
2023-09-25,55.829322814941406,56.523694571749104,55.13495105813371,55.462848423414265,1915400
2023-09-26,54.79740905761719,55.26996841273999,54.37307282280446,54.86491701136222,1619900
2023-09-27,55.472496032714844,55.93540932357897,54.73954722966578,55.25068364410752,2478500
2023-09-28,56.54298400878906,56.74550788153133,55.37605285866223,55.37605285866223,1808500
2023-09-29,54.90349197387695,56.687636991110644,54.60452556215841,56.427247602628185,2148700
2023-10-02,54.392364501953125,55.347122005596084,53.65941570589427,55.25068311717624,1681900
2023-10-03,52.22245788574219,53.58226685297169,51.14232317443764,53.264011890111995,2289700
2023-10-04,50.39008712768555,51.67274565681142,49.42568354629444,51.51843755203745,3078600
2023-10-05,50.67940902709961,51.016952498326475,49.965752415079955,50.042902790935244,1734600
2023-10-06,50.21649169921875,51.16160672065864,50.0814757931427,51.16160672065864,1779200
2023-10-09,51.1037483215332,51.49915364990348,49.985040294028934,51.03623668501888,1732500
2023-10-10,52.32853698730469,52.54070695359543,50.77585030324698,51.02659361702973,1631800
2023-10-11,52.16459274291992,52.2996086631393,51.007307645612805,51.788475914049386,1204200
2023-10-12,51.547367095947266,52.40568561041933,50.67940248642083,52.40568561041933,1473400
2023-10-13,51.68238830566406,52.55035300437134,51.576303322610094,52.328536942217916,1277100
2023-10-16,53.032554626464844,53.19650146963291,52.08743587806788,52.434621756432854,1439400
2023-10-17,53.765499114990234,54.00660000788257,52.559994650528566,52.83002647331753,1577700
2023-10-18,55.24103927612305,55.38570129356621,53.65941789646038,53.987315280944685,1686700
2023-10-19,54.672035217285156,55.45320340707854,54.29591842627974,55.12530605716734,1077000
2023-10-20,54.16090774536133,55.192819335753,54.00660331162728,54.67204049231013,1604000
2023-10-23,53.57261657714844,53.919802444489314,52.84931391315749,53.919802444489314,1420600
2023-10-24,52.666080474853516,54.10303975929951,52.64679196164453,53.84265402824753,1563600
2023-10-25,51.894554138183594,53.30258237823623,51.84633101961278,52.82038062378746,1638800
2023-10-26,52.19352340698242,52.424981896819745,50.50581705508138,51.54737474098752,1660600
2023-10-27,51.479862213134766,52.029571938948294,50.3804427615077,52.029571938948294,1401100
2023-10-30,51.450931549072266,52.53106625005295,50.93015639131883,51.99099889956261,1107400
2023-10-31,53.408668518066406,53.447241863294224,51.354487969204136,51.72096234067472,1888400
2023-11-01,53.7847900390625,54.84563254378327,52.73358995177033,53.40867321791437,2400300
2023-11-02,55.694305419921875,56.82265581580048,54.266988596949496,54.74919037547696,2974000
2023-11-03,54.27663040161133,55.68466237500003,53.35080388021888,55.540000371510395,1904700
2023-11-06,53.813716888427734,55.028867411098105,53.60155061092132,54.633462106176886,2020500
2023-11-07,52.26102828979492,53.09041595109432,51.67274520062243,53.04219650823201,1930500
2023-11-08,51.3544921875,52.26103025569883,51.335203673847964,51.96206749136179,1490800
2023-11-09,50.631187438964844,51.89455744042006,50.52510245761036,51.48950602787635,1447800
2023-11-10,51.88491439819336,52.0970843733895,50.997664827205625,51.113392232354485,1454000
2023-11-13,52.28031539916992,52.53106238157451,51.60523218049825,51.923487116879244,1310800
2023-11-14,52.90718078613281,53.54368699935483,52.424978997967415,52.44426751096295,2025100
2023-11-15,53.08220672607422,53.92817600661436,52.69325337146532,52.83911180677718,1919800
2023-11-16,51.33192443847656,53.00441497358279,50.71932419858646,52.56684708299541,1466300
2023-11-17,52.19734191894531,52.96552276226928,51.55557147360312,51.633359919745196,1358400
2023-11-20,52.75159454345703,53.17944024218201,52.31402297127586,52.508499637726814,1661000
2023-11-21,52.50850296020508,52.60573944491625,51.71115191570425,52.43071080496884,1379400
2023-11-22,53.02386474609375,53.14055298277754,51.04993510887103,51.53612496705075,1351200
2023-11-24,52.66408157348633,53.70452749982657,52.64463353541135,53.29612982825405,525300
2023-11-27,52.858558654785156,53.06275749215484,52.158444115993085,52.498779220943234,1471700
2023-11-28,52.58629608154297,53.55867578385551,52.39181939921362,52.80994296795475,2018400
2023-11-29,51.27357864379883,53.39336658351621,50.874903134549264,53.11137559398179,2442500
2023-11-30,51.03048324584961,52.05148112965961,50.45677910781024,51.409710713321836,8421900
2023-12-01,52.839111328125,53.305853123827156,50.90407415594245,50.98186630989318,5127200
2023-12-04,52.86827850341797,52.936344779559654,51.429157121754756,52.35291849567836,2663100
2023-12-05,52.84883499145508,53.84066272644993,52.479333377712535,52.897456943720194,3109500
2023-12-06,51.244407653808594,52.54739651683094,50.98186470648312,52.54739651683094,2121100
2023-12-07,50.904075622558594,52.061209835242835,50.58319225160192,51.681982347142146,1582400
2023-12-08,51.215232849121094,51.7403187346144,50.904071667199254,51.293024999268496,2106700
2023-12-11,50.54429626464844,51.52640183700575,50.34981958315187,51.29302907734303,2050000
2023-12-12,49.795562744140625,50.36926690626686,49.562193697129274,50.04838353929273,1890700
2023-12-13,51.64308547973633,51.66253351848709,49.71777415542014,49.81501063983984,2737600
2023-12-14,53.99624252319336,54.22961527884518,52.39181827442326,52.39181827442326,3414000
2023-12-15,54.42409133911133,54.56022389947347,53.55867402595138,53.86983522373172,5709900
2023-12-18,54.90055465698242,56.01879274856771,54.667185616049125,55.31867820709977,1630100
2023-12-19,56.10630798339844,56.75780058509877,54.949173796297714,55.250612830875916,2062000
2023-12-20,56.2424430847168,57.419021654244474,55.979900115516244,56.15492876164994,1936100
2023-12-21,55.24089050292969,56.37857293871506,54.618564396994984,56.096581943588504,1523100
2023-12-22,55.29922866821289,56.30078221215362,55.28950650399367,55.67845613143939,1136200
2023-12-26,55.41592025756836,55.97989854985458,55.07558513990064,55.66873734528271,1025200
2023-12-27,54.920005798339844,55.39647349027862,54.69635890925323,55.39647349027862,1165100
2023-12-28,54.06431198120117,55.10475800473285,53.87956116623172,54.59912380488652,1079500
2023-12-29,54.03514099121094,54.4921606486917,53.85039017892485,54.151825519531926,959500
2024-01-02,54.58939743041992,55.39647438653003,54.04486715577628,54.317132293098105,1478500
2024-01-03,54.46298599243164,55.133930367136344,54.07403633355056,54.21016889962565,1371400
2024-01-04,52.89745330810547,55.38674278469044,52.79049095540835,54.920001007830756,1809000
2024-01-05,52.11955261230469,53.42254161307903,51.88618355178846,53.34475316268506,2073300
2024-01-08,51.681983947753906,51.87645692558853,50.40816517066513,51.34164881787475,2333900
2024-01-09,51.39999008178711,51.63335912595977,51.011036729053906,51.468056362115306,1422800
2024-01-10,50.9915885925293,51.72087334550255,50.291477752022146,51.584740785107655,1182400
2024-01-11,51.75004577636719,51.82783421893687,50.952694766024614,51.25413008131634,1577100
2024-01-12,53.335025787353516,53.41281794489296,52.275131751551065,52.64463708119497,1762200
2024-01-16,51.76949691772461,53.87955908859262,51.75004887858286,53.286406877439,1992400
2024-01-17,50.88462829589844,51.730597543323796,50.61235947459632,51.12772320567972,1725100
2024-01-18,50.942970275878906,51.234683434772,50.23313356248321,50.981866352887074,1123000
2024-01-19,51.05965805053711,51.13745020950951,50.48595386078571,51.03048784558961,908100
2024-01-22,51.215232849121094,51.565290106116635,50.62208439624963,51.13744440830757,1490000
2024-01-23,51.08883285522461,51.662537054974855,50.68043143217026,51.11800306068051,2246100
2024-01-24,51.72087097167969,51.87645156346663,51.195788792732436,51.44860586338601,1411500
2024-01-25,52.236236572265625,52.77104464391154,51.61391418276245,52.255684610604355,1723000
2024-01-26,53.733699798583984,53.7628737115016,52.197341824062924,52.197341824062924,1161100
2024-01-29,54.12265396118164,54.161550039427276,53.1502742610459,53.6753601893594,1611100
2024-01-30,55.38674545288086,55.62984037187279,53.54894845879533,53.63646277800579,2280200
2024-01-31,54.92972946166992,56.22299250030281,54.89083338443766,55.503433618176444,2092900
2024-02-01,55.970176696777344,56.02851710462566,53.55867549324709,55.20199584587836,2455700
2024-02-02,54.958900451660156,56.06741270330922,54.80331984983808,55.92155426626734,1217100
2024-02-05,56.222991943359375,56.36885037686844,53.99624161988083,54.51160536476787,1570200
2024-02-06,54.939453125,56.641117602323014,54.589395839028654,56.41747071613781,2052300
2024-02-07,55.57149887084961,55.87293419048924,54.754699810749614,55.240889639158326,1545800
2024-02-08,56.94255447387695,57.34122998784635,55.42564086228572,55.58122146019245,1676800
2024-02-09,57.87603759765625,57.92465583861247,56.74807734453529,56.92310597944492,1774700
2024-02-12,57.68156051635742,58.440015456043184,57.65239031385689,58.11913210053536,1870400
2024-02-13,57.137027740478516,57.9635526850493,56.62166770269567,57.35095245472833,1672900
2024-02-14,57.87603759765625,58.167750752727635,56.41746811296532,57.95382604131941,2302000
2024-02-15,59.23736572265625,60.08333867781084,58.00244684752371,58.342778236838356,2826100
2024-02-16,58.449745178222656,59.61660157641416,58.294164572419405,59.4512950962477,2225800
2024-02-20,57.720458984375,58.449743751780005,56.92310793542559,58.342781392400475,2754600
2024-02-21,56.91337966918945,57.40929536740828,54.91027996621594,56.1063064893702,3342700
2024-02-22,56.76752471923828,56.78697275726025,55.50343192248205,56.14520233987115,2238500
2024-02-23,56.71848678588867,57.02252607127765,56.198671047134866,56.48309803268617,1683600
2024-02-26,57.15983963012695,57.84638616733792,56.110405652064415,56.35560057668422,2012800
2024-02-27,57.532535552978516,58.47408314251003,57.32657271927679,58.00330934774428,1942300
2024-02-28,53.57018280029297,56.07117012986608,53.25633361532412,55.14923861669227,4006300
2024-02-29,54.43326950073242,54.76673472480642,53.37402570377595,53.48191206176715,2854500
2024-03-01,54.7373161315918,55.43366881719699,54.237116391908685,54.8746246902883,2335700
2024-03-04,54.66865921020508,55.904439920128155,54.30576804675635,55.38462790407652,3439000
2024-03-05,54.74711990356445,55.708283514054855,54.49211884011902,54.5509632247878,2468900
2024-03-06,54.521541595458984,54.933467257903914,53.26614482452872,54.88442902304773,3732300
2024-03-07,56.1005973815918,56.98329683204476,54.639234039867496,55.11981772017019,2495800
2024-03-08,55.2767448425293,56.28694674271971,54.982511678931644,55.93386544985146,2403300
2024-03-11,55.39443588256836,56.208484812905034,54.73731529276869,55.09039283484426,2844000
2024-03-12,55.24732208251953,55.924058725998066,55.09039373940583,55.25712823327533,2101700
2024-03-13,58.10139083862305,58.68985715968594,55.825978501781705,56.08098331791922,3349400
2024-03-14,57.13041687011719,59.08217009695051,56.84598986244693,58.47408399612907,3293200
2024-03-15,58.199462890625,59.190048662153714,57.81695943685275,58.709468742780444,17183400
2024-03-18,58.189659118652344,59.209667123270556,57.91503826926735,58.80754761166922,2242600
2024-03-19,58.51331329345703,59.082167281691724,58.170041915299834,58.170041915299834,1911400
2024-03-20,60.308143615722656,60.32775591673035,57.816962353463346,58.21908186891642,2105200
2024-03-21,60.42583465576172,60.54352716582669,59.611785752816836,60.49448893174774,1912500
2024-03-22,60.406219482421875,60.6710304399088,59.513710140392966,60.58276012074649,1657900
2024-03-25,60.03351974487305,61.26930416335644,59.92563338786828,60.77891435251831,1158500
2024-03-26,58.5427360534668,60.386602845945795,58.513313861161414,60.141407933061046,1404600
2024-03-27,58.44466018676758,59.278321402610366,58.11119495215497,58.42504414456948,1591100
2024-03-28,59.20966339111328,59.63139891832872,58.111191286945676,58.57215889608285,2462600
2024-04-01,59.41563415527344,59.719673458240116,58.02292507951009,59.1312071532783,1882000
2024-04-02,60.00409698486328,60.062945108502056,58.70946819582874,59.52351332858991,2167400
2024-04-03,61.93623733520508,62.102968082377465,60.416025861502696,60.79853307357215,2275500
2024-04-04,61.6910400390625,62.15200391964736,61.05353178491803,61.936234945829234,1316600
2024-04-05,62.485469818115234,62.926825144720254,61.56353830559997,62.485469818115234,1360600
2024-04-08,61.22026443481445,62.61297349419745,61.181036091955235,62.07354543076401,1447400
2024-04-09,59.89621353149414,61.94604317036458,59.75890497772691,61.6027717859465,1708100
2024-04-10,59.641212463378906,60.99468570020291,59.13120659128302,59.73928893281456,1688300
2024-04-11,59.77851867675781,60.494487351464265,59.180242509041875,60.210060363307946,1294300
2024-04-12,58.846778869628906,60.32775449164183,58.61139010794432,60.08255957968504,1176600
2024-04-15,57.81696319580078,59.38620919570506,57.73849902511678,59.0919760383952,1412000
2024-04-16,56.443870544433594,57.73849943897875,56.228101556261144,57.5619587950519,1566600
2024-04-17,55.95347595214844,57.610995886046496,55.94366980226322,56.71848659140034,1560800
2024-04-18,55.19827651977539,56.306558552084375,54.678464511791944,55.992709368995044,1973400
2024-04-19,55.75732421875,56.18886967945389,55.07078142468041,55.110009769071794,1603500
2024-04-22,56.07117462158203,56.65964469657248,55.33558983387724,55.59059465545309,1969100
2024-04-23,56.35559844970703,56.79695004564067,55.080585638081224,55.73770995677742,1675600
2024-04-24,56.32617950439453,56.4046399363186,55.5317465859137,56.0907907258669,1273700
2024-04-25,56.551753997802734,56.8361809918617,55.492513930151205,55.75732114103102,1755500
2024-04-26,56.20848083496094,56.30655729947801,55.05116059504847,56.0907845878877,1303200
2024-04-29,56.74790954589844,56.88521809440248,56.080979103412496,56.23790369332817,1817500
2024-04-30,53.20729446411133,56.66944533061829,53.17787227270833,56.48309854943706,2255600
2024-05-01,52.599212646484375,54.2469227255102,51.902856265181555,53.22691101156519,1728000
2024-05-02,53.19749069213867,53.54076207844306,52.48151824405665,52.981717968531626,1625400
2024-05-03,53.374027252197266,53.9134590578026,52.77575480290518,53.64864810088111,1688600
2024-05-06,54.1390380859375,54.492119362847,53.5505680439625,53.5505680439625,1575700
2024-05-07,53.7957649230957,54.90404702909896,53.77615262155373,54.1390400621224,2527200
2024-05-08,55.855403900146484,56.6596429438483,53.933076612341075,56.031944543044695,3427500
2024-05-09,56.62041091918945,56.728297283451596,55.46309058844979,55.659247274255726,1874000
2024-05-10,55.580780029296875,57.21868396260231,55.374817204212036,56.934256970983796,1340400
2024-05-13,55.12962341308594,55.884824195078856,55.090391329024044,55.825976068986016,1569600
2024-05-14,55.80636215209961,55.90443861803645,54.61961596255064,55.01192930905272,2006400
2024-05-15,55.8455924987793,56.10059730557477,54.72750428489408,55.727899987153876,1716100
2024-05-16,55.89463424682617,56.10059707667467,55.31597410007744,55.610207248629216,1410500
2024-05-17,57.28733825683594,57.601187440321105,56.13001798971784,56.13001798971784,2019300
2024-05-20,56.139827728271484,57.3559923756187,55.825974804264035,56.98329506822896,1472300
2024-05-21,56.29813766479492,56.89178961187569,56.011204254822175,56.26845242539797,956200
2024-05-22,55.922157287597656,56.693905590263896,55.34829045531458,56.030994360916665,1394000
2024-05-23,55.763851165771484,56.66422546496273,55.4472362764524,56.4168698467855,1019700
2024-05-24,55.51649475097656,56.505917209488075,55.288928038440574,56.13983195665602,1111300
2024-05-28,55.3087158203125,56.35750118951048,55.288926918621414,55.635223262347715,1355800
2024-05-29,53.06272506713867,55.18008842710831,53.01325470135701,55.16029952592625,1345500
2024-05-30,52.45917892456055,53.68606065296373,52.38991965478039,52.88463088140845,1696700
2024-05-31,54.64580154418945,54.65569788233898,52.459178832187106,52.775793714723775,4047500
2024-06-03,53.329872131347656,54.635909477276016,52.775794194695834,54.289609351488444,1402900
2024-06-04,53.21113586425781,53.54753963376082,52.5581172263222,52.78568392711145,1522900
2024-06-05,53.14188003540039,53.57722833841785,52.56801696462356,53.55743943606731,1304300
2024-06-06,53.41891860961914,53.765214950076974,52.60758874533057,52.94399252220977,1389600
2024-06-07,52.686744689941406,53.260611514213274,52.30087054399511,53.00335956735103,1512100
2024-06-10,52.86484146118164,53.16166743937923,52.043619021342984,52.340448773887665,1427100
2024-06-11,52.88462829589844,53.13198389711934,51.69732065516872,52.38002075577351,1095900
2024-06-12,51.509334564208984,53.83447583266439,50.984938094485706,53.49807204569644,1306000
2024-06-13,51.974361419677734,52.43939119085948,51.23229456320331,52.27119118174527,1564400
2024-06-14,51.67753219604492,52.013935967555824,51.35102476230177,51.76658036421978,1443400
2024-06-17,51.8160514831543,52.102984893037906,50.975043929326645,51.50933294614157,1100500
2024-06-18,51.58848571777344,52.86484157864077,51.172930102242915,52.23161181725307,1536500
2024-06-20,52.70653533935547,53.42881328829408,51.390601644827505,51.64785360022038,2093800
2024-06-21,52.78568649291992,53.16166808283947,52.12277525939977,52.89452356692404,6616000
2024-06-24,53.240821838378906,53.59701073952491,52.72632172648311,52.78568465616728,1464900
2024-06-25,53.46839141845703,53.7553248418551,52.33055406324247,53.10230238542617,1833900
2024-06-26,52.83515930175781,53.53764832161365,51.964466506045945,53.53764832161365,2081100
2024-06-27,52.172245025634766,53.834475033707605,52.0831968546899,53.29029344430989,1332400
2024-06-28,52.775794982910156,52.894524623127666,51.727005800338404,52.825265351805186,1971800
2024-07-01,52.82526397705078,53.22103446660567,52.11287860559083,53.06272702565314,1032700
2024-07-02,53.033042907714844,53.903735738549955,52.5878058154789,53.61680231626891,1691300
2024-07-03,52.42949676513672,53.062726522947756,52.19203371878404,53.062726522947756,902600
2024-07-05,50.124141693115234,52.28108295874469,50.08456388885574,52.2316125905939,2455800
2024-07-08,49.46123123168945,50.49022773813688,49.302923786516985,49.856997957447014,1589300
2024-07-09,48.461910247802734,49.64921792061558,48.45201768419924,48.966517801563036,1880500
2024-07-10,47.02724838256836,48.372863533968406,46.591903858317174,48.18487462506731,3026000
2024-07-11,47.571434020996094,48.343182337399284,46.87883753928563,47.333970968223554,2136500
2024-07-12,47.66047668457031,48.11561387128619,46.98767290396036,47.98698789845255,1968900
2024-07-15,48.0958251953125,48.51138080655114,47.52195837101489,48.026565926772726,1341000
2024-07-16,48.69937515258789,48.926941867632564,47.40323035888418,47.977097202833775,1407400
2024-07-17,48.64000701904297,49.97572580384284,47.917729090473316,48.73894775334404,1657100
2024-07-18,47.591217041015625,48.75873580221266,47.51206520982866,48.66968763316044,1559900
2024-07-19,47.89794158935547,48.194767575285425,46.898626556043595,47.56153779880893,1557600
2024-07-22,47.80889129638672,48.19476543842146,46.87883557521716,47.74952459209406,1343800
2024-07-23,47.43291091918945,47.759422139547844,47.007458963517855,47.65058506609505,1254800
2024-07-24,48.01667022705078,48.2046629078837,47.00745887646709,47.54174790460206,1621900
2024-07-25,49.27323532104492,49.758053963227425,47.640690607234255,48.145294376214686,1981700
2024-07-26,50.094459533691406,50.351707709123005,48.74884440227169,49.471122335447575,2058600
2024-07-29,49.19408416748047,50.35170659277774,49.07535075897791,50.064773183750425,1378000
2024-07-30,50.96514892578125,51.18282307337098,49.24355597009901,49.24355597009901,2926900
2024-07-31,50.925575256347656,52.320660774860166,50.8761011138385,51.786371740277374,1558400
2024-08-01,49.530487060546875,52.15245417487842,48.75873501641624,51.69732077343404,2156000
2024-08-02,46.2653923034668,48.748844777453854,46.19613303361191,48.54106696788918,2074800
2024-08-05,45.592586517333984,45.91909395035203,43.62363425843906,44.79115300554012,1914700
2024-08-06,45.642059326171875,46.39401873818206,45.21660736465717,45.36501846966524,2068000
2024-08-07,45.137451171875,46.60179594688987,45.04840300028335,46.37422923601058,1700000
2024-08-08,46.146663665771484,46.374230382275705,45.33533753759218,45.404596808947936,1489300
2024-08-09,45.8597297668457,46.542433683632716,45.750896466090765,46.10708538322426,1597400
2024-08-12,46.19613265991211,46.532536442634765,45.592588138108525,46.13676972871506,1265000
2024-08-13,45.76078796386719,46.10708430899005,45.53322125502258,45.81025833112087,1460600
2024-08-14,46.97777557373047,47.235027513963956,45.73110499784706,46.02793096597673,2736500
2024-08-15,47.92761993408203,48.412438573190535,47.49227543469556,47.49227543469556,1766800
2024-08-16,48.2640266418457,48.47180822802942,47.4428079584382,47.73963394311143,1704300
2024-08-19,48.521278381347656,48.89725619890522,47.917730076390576,48.16508569157973,1534600
2024-08-20,46.77000045776367,48.35307489487793,46.52264484106787,48.3036045264082,2339400
2024-08-21,47.279998779296875,47.849998474121094,46.849998474121094,47.22999954223633,1487000
2024-08-22,47.349998474121094,47.58000183105469,47.04999923706055,47.189998626708984,1534000
2024-08-23,48.97999954223633,49.150001525878906,47.5,47.70000076293945,2067000
2024-08-26,48.41999816894531,49.93000030517578,48.310001373291016,49.380001068115234,2322100
2024-08-27,47.279998779296875,48.2400016784668,47.209999084472656,48.119998931884766,1869400
2024-08-28,46.9900016784668,47.630001068115234,46.7599983215332,47.040000915527344,2378200
2024-08-29,47.47999954223633,47.689998626708984,46.34000015258789,47.31999969482422,2701500
2024-08-30,49.13999938964844,49.380001068115234,47.209999084472656,47.279998779296875,3884600
2024-09-03,47.459999084472656,48.47999954223633,47.22999954223633,48.47999954223633,2004800
2024-09-04,47.400001525878906,47.9900016784668,46.7400016784668,47.529998779296875,2560100
2024-09-05,45.58000183105469,47.72999954223633,45.529998779296875,47.72999954223633,2981100
2024-09-06,45.689998626708984,46.20000076293945,44.88999938964844,45.709999084472656,2357100
2024-09-09,45.630001068115234,46.18000030517578,45.34000015258789,45.56999969482422,2448600
2024-09-10,46.290000915527344,46.400001525878906,45.13999938964844,45.7400016784668,2732200
2024-09-11,44.41999816894531,46.25,44.2599983215332,46.25,2012200
2024-09-12,44.22999954223633,44.84000015258789,44.06999969482422,44.470001220703125,1497600
2024-09-13,45.189998626708984,45.900001525878906,44.5,44.59000015258789,2174000
2024-09-16,45.29999923706055,45.880001068115234,44.36000061035156,45.38999938964844,1780600
2024-09-17,46.540000915527344,46.650001525878906,45.36000061035156,45.70000076293945,2319900
2024-09-18,46.90999984741211,47.900001525878906,46.5099983215332,46.72999954223633,2049400
2024-09-19,47.25,47.959999084472656,47.060001373291016,47.720001220703125,4059400
2024-09-20,46.25,46.88999938964844,45.36000061035156,46.88999938964844,6053700
2024-09-23,45.7400016784668,46.52000045776367,45.52000045776367,45.91999816894531,2176100
2024-09-24,44.86000061035156,46.47999954223633,44.84000015258789,46.43000030517578,1763500
2024-09-25,44.91999816894531,45.56999969482422,44.61000061035156,44.939998626708984,2439200
2024-09-26,45.22999954223633,46.59000015258789,44.689998626708984,44.75,3295200
2024-09-27,45.290000915527344,45.86000061035156,44.83000183105469,45.630001068115234,1989500
2024-09-30,44.56999969482422,45.15999984741211,44.2599983215332,45.04999923706055,2945500
2024-10-01,44.25,45.22999954223633,43.880001068115234,44.18000030517578,2680400
2024-10-02,44.849998474121094,45.279998779296875,44.060001373291016,44.439998626708984,2049400
2024-10-03,47.70000076293945,47.880001068115234,44.36000061035156,44.849998474121094,2946400
2024-10-04,46.7400016784668,48.25,46.34000015258789,47.97999954223633,2081000
2024-10-07,46.77000045776367,47.18000030517578,46.400001525878906,46.5,1277600
2024-10-08,44.5099983215332,46.130001068115234,44.290000915527344,45.939998626708984,1721700
2024-10-09,44.95000076293945,45.20000076293945,43.959999084472656,44.15999984741211,1674400
2024-10-10,45.91999816894531,46.209999084472656,45.060001373291016,45.34000015258789,1921000
2024-10-11,45.880001068115234,46.189998626708984,45.630001068115234,45.810001373291016,1751400
2024-10-14,45.2400016784668,45.63999938964844,44.959999084472656,45.54999923706055,1178400
2024-10-15,43.27000045776367,44.41999816894531,43.16999816894531,44.20000076293945,2234300
2024-10-16,43.65999984741211,43.93000030517578,43.4900016784668,43.84000015258789,1519900
2024-10-17,44.31999969482422,44.54999923706055,43.689998626708984,43.869998931884766,1531800
2024-10-18,44.27000045776367,44.689998626708984,43.880001068115234,44.20000076293945,1519200
2024-10-21,43.90999984741211,44.619998931884766,43.630001068115234,44.52000045776367,1497500
2024-10-22,44.04999923706055,44.220001220703125,43.540000915527344,44.060001373291016,1276000
2024-10-23,42.88999938964844,43.970001220703125,42.41999816894531,43.61000061035156,1802700
2024-10-24,42.90999984741211,43.029998779296875,42.459999084472656,42.810001373291016,1331200
2024-10-25,43.0099983215332,43.45000076293945,42.72999954223633,42.95000076293945,1459200
2024-10-28,42.880001068115234,43.150001525878906,42.099998474121094,42.099998474121094,1463800
2024-10-29,40.79999923706055,42.45000076293945,40.61000061035156,42.400001525878906,2345500
2024-10-30,40.81999969482422,41.220001220703125,40.47999954223633,40.97999954223633,2488000
2024-10-31,38.61000061035156,42.709999084472656,38.25,42.709999084472656,5851000
2024-11-01,38.70000076293945,39.2599983215332,38.369998931884766,38.88999938964844,3033500
2024-11-04,39.0099983215332,39.900001525878906,38.79999923706055,38.79999923706055,1757200
2024-11-05,39.97999954223633,40.119998931884766,39.29999923706055,39.779998779296875,2091000
2024-11-06,42.290000915527344,42.70000076293945,40.9900016784668,41.2599983215332,2449100
2024-11-07,41.529998779296875,42.869998931884766,41.27000045776367,42.34000015258789,1788400
2024-11-08,41.810001373291016,41.880001068115234,41.15999984741211,41.459999084472656,1533600
2024-11-11,42.43000030517578,42.529998779296875,41.40999984741211,41.77000045776367,1514200
2024-11-12,42.06999969482422,42.84000015258789,42.02000045776367,42.5099983215332,1655300
2024-11-13,42.41999816894531,42.779998779296875,41.470001220703125,42.2599983215332,1687600
2024-11-14,42.4900016784668,42.61000061035156,41.7400016784668,42.45000076293945,1543400
2024-11-15,42.18000030517578,43.27000045776367,42.130001068115234,42.529998779296875,1395900
2024-11-18,43.040000915527344,43.13999938964844,41.9900016784668,42.45000076293945,1545900
2024-11-19,42.290000915527344,43.540000915527344,42.2599983215332,42.31999969482422,1694200
2024-11-20,42.33000183105469,42.54999923706055,41.900001525878906,42.380001068115234,1275800
2024-11-21,42.029998779296875,42.630001068115234,41.75,41.970001220703125,1051400
2024-11-22,42.369998931884766,42.939998626708984,41.900001525878906,42.040000915527344,1307200
2024-11-25,42.22999954223633,43.279998779296875,42.16999816894531,42.70000076293945,3023900
2024-11-26,41.790000915527344,42.33000183105469,41.599998474121094,42.20000076293945,1685200
2024-11-27,40.97999954223633,42.369998931884766,40.90999984741211,41.77000045776367,1779300
2024-11-29,40.93000030517578,41.380001068115234,40.45000076293945,41.02000045776367,940800
2024-12-02,41.56999969482422,41.790000915527344,40.31999969482422,40.81999969482422,1425000
2024-12-03,40.47999954223633,41.75,40.400001525878906,41.7400016784668,1382800
2024-12-04,39.72999954223633,40.47999954223633,39.18000030517578,40.400001525878906,1935700
2024-12-05,39.540000915527344,40.099998474121094,39.25,39.84000015258789,1542600
2024-12-06,38.90999984741211,39.869998931884766,38.29999923706055,39.689998626708984,1729300
2024-12-09,39.29999923706055,40.16999816894531,38.90999984741211,38.9900016784668,1524700
2024-12-10,38.70000076293945,39.47999954223633,38.4900016784668,39.119998931884766,1855800
2024-12-11,38.939998626708984,39.16999816894531,38.29999923706055,38.81999969482422,2243900
2024-12-12,38.15999984741211,38.88999938964844,37.900001525878906,38.7599983215332,1957100
2024-12-13,37.45000076293945,38.040000915527344,37.34000015258789,37.86000061035156,1659000
2024-12-16,35.599998474121094,37.06999969482422,35.470001220703125,37.0,2484300
2024-12-17,35.7599983215332,36.34000015258789,35.310001373291016,35.869998931884766,3281400
2024-12-18,34.70000076293945,35.81999969482422,34.59000015258789,35.7400016784668,3498100
2024-12-19,33.66999816894531,35.06999969482422,33.52000045776367,34.880001068115234,2827800
2024-12-20,33.7599983215332,34.380001068115234,33.5099983215332,33.70000076293945,9727400
2024-12-23,34.130001068115234,34.18000030517578,33.470001220703125,33.90999984741211,2368600
2024-12-24,34.400001525878906,34.68000030517578,33.84000015258789,34.099998474121094,690400
2024-12-26,34.34000015258789,34.560001373291016,34.0,34.41999816894531,1471200
2024-12-27,34.22999954223633,34.83000183105469,34.0,34.29999923706055,1366200
2024-12-30,34.220001220703125,34.72999954223633,33.900001525878906,34.2400016784668,1795100
2024-12-31,35.04999923706055,35.16999816894531,34.16999816894531,34.25,2102900
2025-01-02,35.130001068115234,35.650001525878906,34.970001220703125,35.40999984741211,1479700
2025-01-03,35.209999084472656,35.34000015258789,34.5,35.060001373291016,2070600
