Date,Adj Close,Close,High,Low,Open,Volume
2003-07-15,9.856414794921875,13.399999618530273,13.449999809265137,13.399999618530273,13.399999618530273,2800
2003-07-16,9.856414794921875,13.399999618530273,13.399999618530273,13.25,13.25,800
2003-07-17,9.8931884765625,13.449999809265137,13.449999809265137,13.449999809265137,13.449999809265137,500
2003-07-18,9.782855033874512,13.300000190734863,13.350000381469727,13.300000190734863,13.300000190734863,1800
2003-07-21,9.782855033874512,13.300000190734863,13.350000381469727,13.300000190734863,13.350000381469727,2000
2003-07-22,9.819639205932617,13.350000381469727,13.350000381469727,13.149999618530273,13.350000381469727,4700
2003-07-23,9.598966598510742,13.050000190734863,13.350000381469727,13.050000190734863,13.350000381469727,1800
2003-07-24,9.819639205932617,13.350000381469727,13.350000381469727,13.350000381469727,13.350000381469727,1000
2003-07-25,9.598966598510742,13.050000190734863,13.050000190734863,13.050000190734863,13.050000190734863,200
2003-07-28,9.598966598510742,13.050000190734863,13.050000190734863,13.050000190734863,13.050000190734863,200
2003-07-29,9.672524452209473,13.149999618530273,13.300000190734863,13.149999618530273,13.300000190734863,3600
2003-07-30,9.672524452209473,13.149999618530273,13.149999618530273,13.149999618530273,13.149999618530273,0
2003-07-31,9.709301948547363,13.199999809265137,13.199999809265137,12.949999809265137,13.050000190734863,22800
2003-08-01,9.635744094848633,13.100000381469727,13.100000381469727,13.100000381469727,13.100000381469727,4400
2003-08-04,9.635744094848633,13.100000381469727,13.100000381469727,13.100000381469727,13.100000381469727,600
2003-08-05,9.635744094848633,13.100000381469727,13.100000381469727,13.100000381469727,13.100000381469727,0
2003-08-06,9.672524452209473,13.149999618530273,13.199999809265137,13.149999618530273,13.199999809265137,7200
2003-08-07,9.672524452209473,13.149999618530273,13.149999618530273,12.949999809265137,13.050000190734863,1600
2003-08-08,9.672524452209473,13.149999618530273,13.149999618530273,13.149999618530273,13.149999618530273,0
2003-08-11,9.488637924194336,12.899999618530273,13.0,12.850000381469727,13.0,3500
2003-08-12,9.451860427856445,12.850000381469727,12.850000381469727,12.850000381469727,12.850000381469727,500
2003-08-13,9.525415420532227,12.949999809265137,13.0,12.949999809265137,13.0,600
2003-08-14,9.451860427856445,12.850000381469727,12.850000381469727,12.850000381469727,12.850000381469727,500
2003-08-15,9.672524452209473,13.149999618530273,13.199999809265137,13.0,13.0,5400
2003-08-18,9.672524452209473,13.149999618530273,13.149999618530273,13.149999618530273,13.149999618530273,0
2003-08-19,9.672524452209473,13.149999618530273,13.149999618530273,13.119999885559082,13.149999618530273,600
2003-08-20,9.65046215057373,13.119999885559082,13.149999618530273,13.119999885559082,13.149999618530273,1000
2003-08-21,9.65046215057373,13.119999885559082,13.149999618530273,13.119999885559082,13.149999618530273,5100
2003-08-22,9.598966598510742,13.050000190734863,13.100000381469727,13.050000190734863,13.100000381469727,2000
2003-08-25,9.598966598510742,13.050000190734863,13.050000190734863,13.0,13.0,1600
2003-08-26,9.606324195861816,13.0600004196167,13.0600004196167,13.050000190734863,13.050000190734863,2000
2003-08-27,9.606324195861816,13.0600004196167,13.0600004196167,13.0600004196167,13.0600004196167,1000
2003-08-28,9.635744094848633,13.100000381469727,13.100000381469727,13.100000381469727,13.100000381469727,300
2003-08-29,9.635744094848633,13.100000381469727,13.100000381469727,13.100000381469727,13.100000381469727,0
2003-09-02,9.635744094848633,13.100000381469727,13.100000381469727,13.0600004196167,13.0600004196167,1300
2003-09-03,9.635744094848633,13.100000381469727,13.100000381469727,13.100000381469727,13.100000381469727,0
2003-09-04,9.672524452209473,13.149999618530273,13.149999618530273,13.100000381469727,13.100000381469727,700
2003-09-05,9.709301948547363,13.199999809265137,13.199999809265137,13.100000381469727,13.140000343322754,3300
2003-09-08,9.709301948547363,13.199999809265137,13.199999809265137,13.199999809265137,13.199999809265137,800
2003-09-09,9.709301948547363,13.199999809265137,13.199999809265137,13.199999809265137,13.199999809265137,500
2003-09-10,9.672524452209473,13.149999618530273,13.149999618530273,13.149999618530273,13.149999618530273,700
2003-09-11,9.635744094848633,13.100000381469727,13.100000381469727,13.100000381469727,13.100000381469727,400
2003-09-12,9.525415420532227,12.949999809265137,13.100000381469727,12.75,13.010000228881836,11000
2003-09-15,9.562189102172852,13.0,13.050000190734863,13.0,13.050000190734863,1900
2003-09-16,9.562189102172852,13.0,13.0,13.0,13.0,0
2003-09-17,9.525415420532227,12.949999809265137,13.0,12.899999618530273,12.949999809265137,5200
2003-09-18,9.525415420532227,12.949999809265137,12.949999809265137,12.949999809265137,12.949999809265137,0
2003-09-19,9.378305435180664,12.75,12.949999809265137,12.75,12.75,3600
2003-09-22,9.378305435180664,12.75,13.0,12.75,13.0,2800
2003-09-23,9.562189102172852,13.0,13.0,12.899999618530273,13.0,4100
2003-09-24,9.562189102172852,13.0,13.0,12.899999618530273,13.0,4500
2003-09-25,9.863768577575684,13.40999984741211,13.449999809265137,13.0,13.0,5000
2003-09-26,9.929969787597656,13.5,13.5,13.399999618530273,13.449999809265137,4500
2003-09-29,9.672524452209473,13.149999618530273,13.25,13.149999618530273,13.149999618530273,2400
2003-09-30,9.672524452209473,13.149999618530273,13.149999618530273,13.149999618530273,13.149999618530273,0
2003-10-01,9.378305435180664,12.75,12.800000190734863,12.75,12.800000190734863,7300
2003-10-02,9.488637924194336,12.899999618530273,12.899999618530273,12.899999618530273,12.899999618530273,200
2003-10-03,9.562189102172852,13.0,13.0,13.0,13.0,900
2003-10-06,9.709301948547363,13.199999809265137,13.199999809265137,13.199999809265137,13.199999809265137,600
2003-10-07,9.709301948547363,13.199999809265137,13.199999809265137,13.199999809265137,13.199999809265137,500
2003-10-08,9.74608039855957,13.25,13.399999618530273,13.25,13.399999618530273,2000
2003-10-09,9.74608039855957,13.25,13.300000190734863,13.25,13.300000190734863,2000
2003-10-10,9.562189102172852,13.0,13.199999809265137,13.0,13.199999809265137,4300
2003-10-13,9.378305435180664,12.75,12.800000190734863,12.75,12.800000190734863,1600
2003-10-14,9.525415420532227,12.949999809265137,13.0,12.75,13.0,2700
2003-10-15,9.488637924194336,12.899999618530273,13.25,12.899999618530273,12.899999618530273,6400
2003-10-16,9.562189102172852,13.0,13.149999618530273,12.899999618530273,12.899999618530273,4100
2003-10-17,9.672524452209473,13.149999618530273,13.149999618530273,13.149999618530273,13.149999618530273,200
2003-10-20,9.672524452209473,13.149999618530273,13.149999618530273,12.800000190734863,13.149999618530273,1500
2003-10-21,9.415080070495605,12.800000190734863,12.800000190734863,12.800000190734863,12.800000190734863,100
2003-10-22,9.415080070495605,12.800000190734863,12.800000190734863,12.800000190734863,12.800000190734863,0
2003-10-23,9.415080070495605,12.800000190734863,12.800000190734863,12.800000190734863,12.800000190734863,0
2003-10-24,9.562189102172852,13.0,13.0,13.0,13.0,200
2003-10-27,9.562189102172852,13.0,13.0,13.0,13.0,0
2003-10-28,9.562189102172852,13.0,13.0,13.0,13.0,0
2003-10-29,9.74608039855957,13.25,13.25,13.100000381469727,13.149999618530273,5700
2003-10-30,9.709301948547363,13.199999809265137,13.199999809265137,13.199999809265137,13.199999809265137,200
2003-10-31,9.672524452209473,13.149999618530273,13.25,13.149999618530273,13.199999809265137,10800
2003-11-03,9.709301948547363,13.199999809265137,13.199999809265137,13.199999809265137,13.199999809265137,1400
2003-11-04,9.819639205932617,13.350000381469727,13.350000381469727,13.25,13.25,1300
2003-11-05,9.819639205932617,13.350000381469727,13.350000381469727,13.350000381469727,13.350000381469727,2000
2003-11-06,9.782855033874512,13.300000190734863,13.350000381469727,13.300000190734863,13.350000381469727,1300
2003-11-07,9.819639205932617,13.350000381469727,13.350000381469727,13.199999809265137,13.199999809265137,3100
2003-11-10,9.929969787597656,13.5,13.5,13.5,13.5,4700
2003-11-11,9.929969787597656,13.5,13.5,13.5,13.5,300
2003-11-12,9.929969787597656,13.5,13.5,13.350000381469727,13.399999618530273,4200
2003-11-13,9.929969787597656,13.5,13.5,13.5,13.5,0
2003-11-14,9.915257453918457,13.479999542236328,13.5,13.479999542236328,13.5,600
2003-11-17,9.929969787597656,13.5,13.5,13.5,13.5,1400
2003-11-18,9.929969787597656,13.5,13.5,13.449999809265137,13.449999809265137,5000
2003-11-19,9.966745376586914,13.550000190734863,13.550000190734863,13.550000190734863,13.550000190734863,200
2003-11-20,10.297748565673828,14.0,14.0,13.5,13.550000190734863,6000
2003-11-21,10.040299415588379,13.649999618530273,13.649999618530273,13.649999618530273,13.649999618530273,300
2003-11-24,10.040299415588379,13.649999618530273,13.800000190734863,13.649999618530273,13.800000190734863,2000
2003-11-25,10.113860130310059,13.75,13.800000190734863,13.75,13.800000190734863,1400
2003-11-26,10.113860130310059,13.75,13.800000190734863,13.649999618530273,13.649999618530273,4000
2003-11-28,10.040299415588379,13.649999618530273,13.649999618530273,13.649999618530273,13.649999618530273,500
2003-12-01,10.113860130310059,13.75,13.800000190734863,13.699999809265137,13.699999809265137,4400
2003-12-02,10.113860130310059,13.75,13.75,13.75,13.75,200
2003-12-03,10.077078819274902,13.699999809265137,13.899999618530273,13.699999809265137,13.699999809265137,1200
2003-12-04,10.077078819274902,13.699999809265137,13.75,13.699999809265137,13.699999809265137,3200
2003-12-05,10.18741512298584,13.850000381469727,13.899999618530273,13.800000190734863,13.800000190734863,3600
2003-12-08,10.297748565673828,14.0,14.050000190734863,13.850000381469727,13.899999618530273,11200
2003-12-09,10.297748565673828,14.0,14.0,14.0,14.0,0
2003-12-10,10.31981086730957,14.029999732971191,14.050000190734863,14.0,14.0,11600
2003-12-11,10.334522247314453,14.050000190734863,14.050000190734863,14.050000190734863,14.050000190734863,500
2003-12-12,10.297748565673828,14.0,14.050000190734863,14.0,14.050000190734863,4300
2003-12-15,10.297748565673828,14.0,14.0,14.0,14.0,0
2003-12-16,10.297748565673828,14.0,14.0,14.0,14.0,0
2003-12-17,10.297748565673828,14.0,14.0,14.0,14.0,0
2003-12-18,10.371302604675293,14.100000381469727,14.100000381469727,13.899999618530273,14.050000190734863,9600
2003-12-19,10.150636672973633,13.800000190734863,14.0,13.800000190734863,14.0,2700
2003-12-22,10.260964393615723,13.949999809265137,13.949999809265137,13.800000190734863,13.800000190734863,1000
2003-12-23,10.260964393615723,13.949999809265137,13.949999809265137,13.949999809265137,13.949999809265137,500
2003-12-24,10.297748565673828,14.0,14.050000190734863,14.0,14.050000190734863,200
2003-12-26,10.297748565673828,14.0,14.0,14.0,14.0,0
2003-12-29,10.18741512298584,13.850000381469727,14.0,13.850000381469727,13.850000381469727,12600
2003-12-30,10.297748565673828,14.0,14.0,14.0,14.0,900
2003-12-31,10.297748565673828,14.0,14.0,14.0,14.0,0
2004-01-02,10.150636672973633,13.800000190734863,13.899999618530273,13.800000190734863,13.850000381469727,12300
2004-01-05,10.22419261932373,13.899999618530273,13.899999618530273,13.800000190734863,13.800000190734863,600
2004-01-06,10.113860130310059,13.75,13.800000190734863,13.75,13.800000190734863,400
2004-01-07,10.113860130310059,13.75,13.800000190734863,13.75,13.800000190734863,600
2004-01-08,10.077078819274902,13.699999809265137,13.699999809265137,13.5,13.5,1600
2004-01-09,10.113860130310059,13.75,13.75,13.75,13.75,800
2004-01-12,9.672524452209473,13.149999618530273,13.550000190734863,13.100000381469727,13.5,5300
2004-01-13,9.929969787597656,13.5,13.5,13.149999618530273,13.300000190734863,4000
2004-01-14,9.929969787597656,13.5,13.5,13.5,13.5,0
2004-01-15,9.929969787597656,13.5,13.550000190734863,13.5,13.5,11500
2004-01-16,9.966745376586914,13.550000190734863,13.550000190734863,13.449999809265137,13.5,7300
2004-01-20,9.929969787597656,13.5,13.550000190734863,13.449999809265137,13.5,12900
2004-01-21,9.929969787597656,13.5,13.550000190734863,13.5,13.5,4000
2004-01-22,9.929969787597656,13.5,13.5,13.5,13.5,500
2004-01-23,9.966745376586914,13.550000190734863,13.699999809265137,13.5,13.5,4500
2004-01-26,9.929969787597656,13.5,13.600000381469727,13.5,13.550000190734863,5800
2004-01-27,9.929969787597656,13.5,13.5,13.489999771118164,13.489999771118164,3300
2004-01-28,9.922614097595215,13.489999771118164,13.489999771118164,13.489999771118164,13.489999771118164,500
2004-01-29,9.929969787597656,13.5,13.5,13.489999771118164,13.5,11200
2004-01-30,9.929969787597656,13.5,13.550000190734863,13.5,13.5,7800
2004-02-02,9.929969787597656,13.5,13.899999618530273,13.489999771118164,13.899999618530273,4400
2004-02-03,9.929969787597656,13.5,13.5,13.5,13.5,0
2004-02-04,10.371302604675293,14.100000381469727,14.100000381469727,14.0,14.0,400
2004-02-05,9.929969787597656,13.5,13.550000190734863,13.5,13.550000190734863,2900
2004-02-06,9.929969787597656,13.5,13.5,13.5,13.5,500
2004-02-09,9.929969787597656,13.5,13.5,13.5,13.5,200
2004-02-10,9.929969787597656,13.5,13.5,13.5,13.5,0
2004-02-11,9.929969787597656,13.5,13.5,13.5,13.5,0
2004-02-12,10.22419261932373,13.899999618530273,14.0,13.899999618530273,14.0,400
2004-02-13,10.22419261932373,13.899999618530273,13.899999618530273,13.899999618530273,13.899999618530273,0
2004-02-17,9.929969787597656,13.5,14.0,13.5,14.0,15100
2004-02-18,9.929969787597656,13.5,13.5,13.5,13.5,10800
2004-02-19,9.929969787597656,13.5,13.510000228881836,13.5,13.5,13400
2004-02-20,9.929969787597656,13.5,13.5,13.5,13.5,2100
2004-02-23,9.929969787597656,13.5,13.5,13.5,13.5,0
2004-02-24,9.929969787597656,13.5,13.5,13.5,13.5,1000
2004-02-25,9.856414794921875,13.399999618530273,13.399999618530273,13.399999618530273,13.399999618530273,900
2004-02-26,9.709301948547363,13.199999809265137,13.399999618530273,13.149999618530273,13.399999618530273,6100
2004-02-27,9.929969787597656,13.5,13.5,13.5,13.5,400
2004-03-01,9.74608039855957,13.25,13.399999618530273,13.100000381469727,13.399999618530273,3300
2004-03-02,9.709301948547363,13.199999809265137,13.25,13.199999809265137,13.25,4000
2004-03-03,9.709301948547363,13.199999809265137,13.199999809265137,13.199999809265137,13.199999809265137,0
2004-03-04,9.709301948547363,13.199999809265137,13.25,13.199999809265137,13.25,1600
2004-03-05,10.22419261932373,13.899999618530273,13.949999809265137,13.399999618530273,13.399999618530273,3400
2004-03-08,9.672524452209473,13.149999618530273,13.25,12.899999618530273,13.100000381469727,13600
2004-03-09,9.672524452209473,13.149999618530273,13.199999809265137,13.100000381469727,13.199999809265137,3900
2004-03-10,10.113860130310059,13.75,13.75,13.75,13.75,3500
2004-03-11,10.077078819274902,13.699999809265137,13.699999809265137,13.5,13.5,900
2004-03-12,9.74608039855957,13.25,13.699999809265137,13.25,13.25,1800
2004-03-15,9.929969787597656,13.5,13.699999809265137,13.25,13.25,5200
2004-03-16,9.782855033874512,13.300000190734863,13.300000190734863,13.239999771118164,13.25,6800
2004-03-17,9.782855033874512,13.300000190734863,13.300000190734863,13.300000190734863,13.300000190734863,200
2004-03-18,9.672524452209473,13.149999618530273,13.25,13.100000381469727,13.25,4000
2004-03-19,9.672524452209473,13.149999618530273,13.149999618530273,13.149999618530273,13.149999618530273,500
2004-03-22,9.672524452209473,13.149999618530273,13.149999618530273,13.149999618530273,13.149999618530273,700
2004-03-23,9.672524452209473,13.149999618530273,13.149999618530273,13.149999618530273,13.149999618530273,0
2004-03-24,9.929969787597656,13.5,13.5,13.399999618530273,13.5,2300
2004-03-25,9.8931884765625,13.449999809265137,13.449999809265137,13.449999809265137,13.449999809265137,800
2004-03-26,9.8931884765625,13.449999809265137,13.449999809265137,13.449999809265137,13.449999809265137,0
2004-03-29,9.8931884765625,13.449999809265137,13.449999809265137,13.449999809265137,13.449999809265137,0
2004-03-30,9.929969787597656,13.5,13.5,13.300000190734863,13.350000381469727,2100
2004-03-31,9.929969787597656,13.5,13.5,13.5,13.5,0
2004-04-01,9.929969787597656,13.5,13.75,13.5,13.5,3000
2004-04-02,9.929969787597656,13.5,13.5,13.5,13.5,1300
2004-04-05,10.077078819274902,13.699999809265137,13.699999809265137,13.5,13.699999809265137,2100
2004-04-06,9.856414794921875,13.399999618530273,13.449999809265137,13.399999618530273,13.449999809265137,3500
2004-04-07,10.113860130310059,13.75,13.75,13.399999618530273,13.449999809265137,5800
2004-04-08,9.929969787597656,13.5,13.5,13.5,13.5,1000
2004-04-12,9.929969787597656,13.5,13.5,13.5,13.5,0
2004-04-13,10.18741512298584,13.850000381469727,13.899999618530273,13.850000381469727,13.880000114440918,3800
2004-04-14,10.22419261932373,13.899999618530273,13.899999618530273,13.75,13.75,3200
2004-04-15,10.18741512298584,13.850000381469727,13.899999618530273,13.850000381469727,13.880000114440918,2700
2004-04-16,10.371302604675293,14.100000381469727,14.100000381469727,13.850000381469727,13.899999618530273,8300
2004-04-19,10.371302604675293,14.100000381469727,14.100000381469727,14.100000381469727,14.100000381469727,0
2004-04-20,10.371302604675293,14.100000381469727,14.100000381469727,14.100000381469727,14.100000381469727,0
2004-04-21,10.665521621704102,14.5,14.5,14.25,14.25,1300
2004-04-22,10.297748565673828,14.0,15.0,14.0,14.279999732971191,8000
2004-04-23,10.59196662902832,14.399999618530273,14.550000190734863,14.25,14.449999809265137,5000
2004-04-26,10.59196662902832,14.399999618530273,14.399999618530273,14.300000190734863,14.399999618530273,1400
2004-04-27,11.033305168151855,15.0,15.0,14.399999618530273,14.399999618530273,1300
2004-04-28,10.297748565673828,14.0,14.100000381469727,14.0,14.0,9500
2004-04-29,10.113860130310059,13.75,13.75,13.75,13.75,200
2004-04-30,9.929969787597656,13.5,13.600000381469727,13.5,13.600000381469727,5600
2004-05-03,9.929969787597656,13.5,13.5,13.5,13.5,0
2004-05-04,10.22419261932373,13.899999618530273,14.0,13.899999618530273,14.0,2500
2004-05-05,10.297748565673828,14.0,14.0,13.899999618530273,13.899999618530273,2900
2004-05-06,10.297748565673828,14.0,14.0,14.0,14.0,0
2004-05-07,10.113860130310059,13.75,13.75,13.75,13.75,200
2004-05-10,10.297748565673828,14.0,14.010000228881836,14.0,14.0,1800
2004-05-11,10.297748565673828,14.0,14.0,13.899999618530273,13.899999618530273,600
2004-05-12,10.371302604675293,14.100000381469727,14.100000381469727,14.0,14.0,1300
2004-05-13,10.371302604675293,14.100000381469727,14.100000381469727,14.100000381469727,14.100000381469727,0
2004-05-14,10.371302604675293,14.100000381469727,14.100000381469727,14.100000381469727,14.100000381469727,0
2004-05-17,10.371302604675293,14.100000381469727,14.100000381469727,14.100000381469727,14.100000381469727,0
2004-05-18,10.849411964416504,14.75,14.75,13.899999618530273,13.899999618530273,2300
2004-05-19,10.849411964416504,14.75,14.75,14.75,14.75,0
2004-05-20,10.849411964416504,14.75,14.75,14.75,14.75,500
2004-05-21,10.849411964416504,14.75,14.75,14.75,14.75,0
2004-05-24,10.849411964416504,14.75,14.75,14.75,14.75,0
2004-05-25,10.849411964416504,14.75,14.75,14.75,14.75,5200
2004-05-26,10.665521621704102,14.5,14.699999809265137,14.5,14.699999809265137,600
2004-05-27,10.665521621704102,14.5,14.5,14.5,14.5,0
2004-05-28,10.22419261932373,13.899999618530273,13.899999618530273,13.899999618530273,13.899999618530273,500
2004-06-01,10.22419261932373,13.899999618530273,13.899999618530273,13.899999618530273,13.899999618530273,0
2004-06-02,10.775856018066406,14.649999618530273,14.649999618530273,14.5,14.5,1000
2004-06-03,10.886186599731445,14.800000190734863,14.800000190734863,14.399999618530273,14.399999618530273,2800
2004-06-04,10.886186599731445,14.800000190734863,14.800000190734863,14.800000190734863,14.800000190734863,0
2004-06-07,11.21718692779541,15.25,15.25,15.0,15.0,2300
2004-06-08,11.21718692779541,15.25,15.25,15.25,15.25,0
2004-06-09,11.21718692779541,15.25,18.0,15.25,16.700000762939453,3000
2004-06-10,11.033305168151855,15.0,15.0,15.0,15.0,200
2004-06-14,10.297748565673828,14.0,15.0,13.75,14.949999809265137,11100
2004-06-15,10.849411964416504,14.75,15.0,14.649999618530273,14.75,7800
2004-06-16,10.849411964416504,14.75,14.850000381469727,14.75,14.850000381469727,4600
2004-06-17,11.033305168151855,15.0,15.25,15.0,15.25,2200
2004-06-18,11.033305168151855,15.0,15.0,14.75,14.850000381469727,7300
2004-06-21,10.922962188720703,14.850000381469727,15.050000190734863,14.850000381469727,15.050000190734863,3100
2004-06-22,10.849411964416504,14.75,14.800000190734863,14.050000190734863,14.800000190734863,1900
2004-06-23,10.849411964416504,14.75,14.899999618530273,14.75,14.75,2200
2004-06-24,10.849411964416504,14.75,14.75,14.75,14.75,0
2004-06-25,11.033305168151855,15.0,15.0,15.0,15.0,400
2004-06-28,11.033305168151855,15.0,15.0,15.0,15.0,600
2004-06-29,11.033305168151855,15.0,15.0,14.5,15.0,5800
2004-06-30,10.812629699707031,14.699999809265137,15.0,14.699999809265137,15.0,5500
2004-07-01,10.812629699707031,14.699999809265137,14.699999809265137,14.699999809265137,14.699999809265137,0
2004-07-02,11.033305168151855,15.0,15.0,14.699999809265137,14.699999809265137,900
2004-07-06,11.033305168151855,15.0,15.0,15.0,15.0,0
2004-07-07,10.886186599731445,14.800000190734863,15.0,14.600000381469727,15.0,5700
2004-07-08,10.959741592407227,14.899999618530273,14.899999618530273,14.899999618530273,14.899999618530273,400
2004-07-09,10.959741592407227,14.899999618530273,14.899999618530273,14.899999618530273,14.899999618530273,300
2004-07-12,10.959741592407227,14.899999618530273,14.899999618530273,14.899999618530273,14.899999618530273,0
2004-07-13,10.959741592407227,14.899999618530273,14.899999618530273,14.899999618530273,14.899999618530273,0
2004-07-14,11.033305168151855,15.0,15.0,14.899999618530273,15.0,2500
2004-07-15,11.033305168151855,15.0,15.0,15.0,15.0,0
2004-07-16,10.812629699707031,14.699999809265137,14.75,14.5,14.75,11100
2004-07-19,10.886186599731445,14.800000190734863,14.800000190734863,14.800000190734863,14.800000190734863,6600
2004-07-20,10.886186599731445,14.800000190734863,14.800000190734863,14.800000190734863,14.800000190734863,0
2004-07-21,10.702300071716309,14.550000190734863,14.550000190734863,14.550000190734863,14.550000190734863,200
2004-07-22,10.702300071716309,14.550000190734863,14.550000190734863,14.550000190734863,14.550000190734863,0
2004-07-23,10.886186599731445,14.800000190734863,14.800000190734863,14.800000190734863,14.800000190734863,300
2004-07-26,10.297748565673828,14.0,14.75,14.0,14.75,15200
2004-07-27,10.334522247314453,14.050000190734863,14.050000190734863,14.0,14.0,5400
2004-07-28,10.408080101013184,14.149999618530273,14.5,14.050000190734863,14.5,1200
2004-07-29,11.033305168151855,15.0,15.0,14.5,14.800000190734863,25700
2004-07-30,10.297748565673828,14.0,14.600000381469727,13.949999809265137,14.0,32500
2004-08-02,10.297748565673828,14.0,14.199999809265137,14.0,14.199999809265137,2500
2004-08-03,10.297748565673828,14.0,14.0,14.0,14.0,0
2004-08-04,10.481630325317383,14.25,14.25,14.25,14.25,1000
2004-08-05,10.481630325317383,14.25,14.25,14.25,14.25,0
2004-08-06,10.59196662902832,14.399999618530273,14.399999618530273,14.399999618530273,14.399999618530273,1000
2004-08-09,10.59196662902832,14.399999618530273,14.399999618530273,14.399999618530273,14.399999618530273,0
2004-08-10,10.44485855102539,14.199999809265137,14.300000190734863,14.199999809265137,14.199999809265137,600
2004-08-11,10.59196662902832,14.399999618530273,14.399999618530273,14.399999618530273,14.399999618530273,300
2004-08-12,10.481630325317383,14.25,14.850000381469727,14.25,14.850000381469727,900
2004-08-13,10.481630325317383,14.25,14.25,14.25,14.25,0
2004-08-16,10.481630325317383,14.25,14.25,14.25,14.25,0
2004-08-17,10.408080101013184,14.149999618530273,14.25,14.149999618530273,14.25,3100
2004-08-18,10.408080101013184,14.149999618530273,14.149999618530273,14.149999618530273,14.149999618530273,0
2004-08-19,10.665521621704102,14.5,14.5,14.449999809265137,14.449999809265137,900
2004-08-20,11.033305168151855,15.0,15.0,14.75,14.75,3400
2004-08-23,10.481630325317383,14.25,14.25,14.25,14.25,500
2004-08-24,10.628747940063477,14.449999809265137,14.5,14.449999809265137,14.5,3000
2004-08-25,10.628747940063477,14.449999809265137,14.5,14.449999809265137,14.5,1500
2004-08-26,10.665521621704102,14.5,14.5,14.5,14.5,200
2004-08-27,10.665521621704102,14.5,14.5,14.5,14.5,200
2004-08-30,10.628747940063477,14.449999809265137,14.5,14.449999809265137,14.5,2000
2004-08-31,10.665521621704102,14.5,14.5,14.5,14.5,100
2004-09-01,10.518411636352539,14.300000190734863,14.300000190734863,14.300000190734863,14.300000190734863,1000
2004-09-02,10.481630325317383,14.25,14.25,14.25,14.25,400
2004-09-03,10.59196662902832,14.399999618530273,14.5,14.399999618530273,14.5,1300
2004-09-07,10.481630325317383,14.25,14.25,14.25,14.25,500
2004-09-08,10.481630325317383,14.25,14.25,14.25,14.25,1000
2004-09-09,10.481630325317383,14.25,14.25,14.25,14.25,400
2004-09-10,10.481630325317383,14.25,14.25,14.25,14.25,0
2004-09-13,10.481630325317383,14.25,14.25,14.25,14.25,2200
2004-09-14,10.584612846374512,14.390000343322754,14.390000343322754,14.25,14.25,1000
2004-09-15,10.481630325317383,14.25,14.5,14.25,14.5,1500
2004-09-16,10.481630325317383,14.25,14.25,14.25,14.25,0
2004-09-17,10.702300071716309,14.550000190734863,14.600000381469727,14.25,14.25,5300
2004-09-20,10.702300071716309,14.550000190734863,14.550000190734863,14.550000190734863,14.550000190734863,0
2004-09-21,10.481630325317383,14.25,14.300000190734863,14.25,14.300000190734863,800
2004-09-22,10.665521621704102,14.5,14.5,14.350000381469727,14.350000381469727,1300
2004-09-23,10.628747940063477,14.449999809265137,14.449999809265137,14.449999809265137,14.449999809265137,3600
2004-09-24,10.628747940063477,14.449999809265137,14.449999809265137,14.449999809265137,14.449999809265137,0
2004-09-27,10.628747940063477,14.449999809265137,14.449999809265137,14.449999809265137,14.449999809265137,0
2004-09-28,10.59196662902832,14.399999618530273,14.479999542236328,14.25,14.479999542236328,15200
2004-09-29,10.665521621704102,14.5,14.5,14.5,14.5,1100
2004-09-30,10.739079475402832,14.600000381469727,14.600000381469727,14.5,14.5,2800
2004-10-01,10.739079475402832,14.600000381469727,14.800000190734863,14.550000190734863,14.600000381469727,2400
2004-10-04,10.665521621704102,14.5,14.699999809265137,14.399999618530273,14.699999809265137,2600
2004-10-05,10.665521621704102,14.5,14.600000381469727,14.5,14.600000381469727,300
2004-10-06,10.702300071716309,14.550000190734863,14.600000381469727,14.5,14.600000381469727,4400
2004-10-07,10.702300071716309,14.550000190734863,14.550000190734863,14.550000190734863,14.550000190734863,0
2004-10-08,10.702300071716309,14.550000190734863,14.550000190734863,14.399999618530273,14.5,5300
2004-10-11,10.702300071716309,14.550000190734863,14.550000190734863,14.550000190734863,14.550000190734863,200
2004-10-12,10.775856018066406,14.649999618530273,14.75,14.5,14.5,3200
2004-10-13,10.665521621704102,14.5,14.600000381469727,14.5,14.600000381469727,4700
2004-10-14,10.886186599731445,14.800000190734863,14.800000190734863,14.600000381469727,14.699999809265137,6600
2004-10-15,10.849411964416504,14.75,14.800000190734863,14.75,14.800000190734863,2300
2004-10-18,10.665521621704102,14.5,14.800000190734863,14.5,14.800000190734863,4800
2004-10-19,11.033305168151855,15.0,15.25,14.649999618530273,14.739999771118164,13700
2004-10-20,10.812629699707031,14.699999809265137,14.850000381469727,14.699999809265137,14.699999809265137,4100
2004-10-21,10.812629699707031,14.699999809265137,15.0,14.699999809265137,15.0,4200
2004-10-22,10.849411964416504,14.75,15.0,14.75,14.899999618530273,12900
2004-10-25,11.106853485107422,15.100000381469727,15.100000381469727,14.75,14.75,42900
2004-10-26,11.033305168151855,15.0,15.100000381469727,15.0,15.100000381469727,200
2004-10-27,11.070075988769531,15.050000190734863,15.149999618530273,15.0,15.0,5100
2004-10-28,11.033305168151855,15.0,15.100000381469727,15.0,15.0,3200
2004-10-29,11.14362907409668,15.149999618530273,15.5,15.100000381469727,15.100000381469727,4600
2004-11-01,11.401076316833496,15.5,15.5,15.0,15.0,15700
2004-11-02,11.253962516784668,15.300000190734863,15.5,15.25,15.5,7500
2004-11-03,11.253962516784668,15.300000190734863,15.300000190734863,15.149999618530273,15.149999618530273,2700
2004-11-04,11.21718692779541,15.25,15.350000381469727,15.199999809265137,15.199999809265137,1200
2004-11-05,11.290742874145508,15.350000381469727,15.350000381469727,15.25,15.25,5500
2004-11-08,11.401076316833496,15.5,15.5,15.350000381469727,15.350000381469727,12600
2004-11-09,11.584964752197266,15.75,16.0,15.449999809265137,15.5,13600
2004-11-10,11.584964752197266,15.75,16.149999618530273,15.75,16.0,2100
2004-11-11,11.989519119262695,16.299999237060547,16.5,15.5,15.5,12800
2004-11-12,12.136624336242676,16.5,17.0,16.0,16.5,4900
2004-11-15,11.989519119262695,16.299999237060547,16.5,16.0,16.5,41500
2004-11-16,12.136624336242676,16.5,16.75,16.25,16.350000381469727,13100
2004-11-17,12.320514678955078,16.75,16.899999618530273,16.450000762939453,16.700000762939453,10000
2004-11-18,12.320514678955078,16.75,16.899999618530273,16.299999237060547,16.899999618530273,6200
2004-11-19,12.320514678955078,16.75,16.75,16.5,16.5,2000
2004-11-22,12.210183143615723,16.600000381469727,16.75,16.600000381469727,16.75,2000
2004-11-23,12.320514678955078,16.75,16.75,16.75,16.75,700
2004-11-24,12.320514678955078,16.75,16.799999237060547,16.549999237060547,16.549999237060547,51500
2004-11-26,12.320514678955078,16.75,16.75,16.75,16.75,0
2004-11-29,12.320514678955078,16.75,16.75,16.700000762939453,16.700000762939453,6100
2004-11-30,12.357295989990234,16.799999237060547,16.799999237060547,16.75,16.799999237060547,7400
2004-12-01,12.430851936340332,16.899999618530273,16.899999618530273,16.75,16.75,700
2004-12-02,12.320514678955078,16.75,16.950000762939453,16.75,16.899999618530273,6700
2004-12-03,12.357295989990234,16.799999237060547,17.0,16.75,16.75,3200
2004-12-06,12.614738464355469,17.149999618530273,17.149999618530273,17.0,17.0,900
2004-12-07,12.666223526000977,17.219999313354492,17.5,16.850000381469727,16.850000381469727,26000
2004-12-08,12.76185131072998,17.350000381469727,17.75,17.299999237060547,17.5,1000
2004-12-09,13.056066513061523,17.75,17.75,17.75,17.75,200
2004-12-10,13.056066513061523,17.75,17.75,17.350000381469727,17.350000381469727,2600
2004-12-13,13.31351089477539,18.100000381469727,18.100000381469727,17.969999313354492,18.0,4100
2004-12-14,14.563950538635254,19.799999237060547,20.0,18.149999618530273,18.25,2800
2004-12-15,13.681296348571777,18.600000381469727,19.799999237060547,18.600000381469727,19.799999237060547,8600
2004-12-16,13.534184455871582,18.399999618530273,18.75,18.149999618530273,18.75,7600
2004-12-17,13.97551155090332,19.0,19.100000381469727,18.399999618530273,18.399999618530273,2800
2004-12-20,13.97551155090332,19.0,19.0,18.5,18.5,1200
2004-12-21,13.60773754119873,18.5,19.049999237060547,18.5,18.610000610351562,5600
2004-12-22,13.60773754119873,18.5,19.049999237060547,18.5,18.5,12700
2004-12-23,13.828404426574707,18.799999237060547,19.040000915527344,18.5,18.5,9100
2004-12-27,13.681296348571777,18.600000381469727,19.049999237060547,18.600000381469727,19.049999237060547,1600
2004-12-28,13.828404426574707,18.799999237060547,18.799999237060547,18.600000381469727,18.600000381469727,400
2004-12-29,13.644512176513672,18.549999237060547,18.799999237060547,18.549999237060547,18.600000381469727,1600
2004-12-30,13.828404426574707,18.799999237060547,18.799999237060547,18.540000915527344,18.600000381469727,1800
2004-12-31,13.60773754119873,18.5,18.520000457763672,18.5,18.520000457763672,1400
2005-01-03,13.60773754119873,18.5,18.799999237060547,18.5,18.799999237060547,1500
2005-01-04,13.60773754119873,18.5,18.5,18.5,18.5,1200
2005-01-05,13.60773754119873,18.5,18.950000762939453,18.5,18.790000915527344,5800
2005-01-06,13.60773754119873,18.5,18.5,18.25,18.25,91800
2005-01-07,13.718061447143555,18.649999618530273,18.649999618530273,18.649999618530273,18.649999618530273,5000
2005-01-10,13.828404426574707,18.799999237060547,18.950000762939453,18.549999237060547,18.75,4200
2005-01-11,13.754843711853027,18.700000762939453,18.700000762939453,18.549999237060547,18.549999237060547,25200
2005-01-12,13.644512176513672,18.549999237060547,18.600000381469727,18.549999237060547,18.549999237060547,25000
2005-01-13,13.791625022888184,18.75,18.75,18.549999237060547,18.549999237060547,2900
2005-01-14,13.644512176513672,18.549999237060547,18.549999237060547,18.549999237060547,18.549999237060547,3000
2005-01-18,13.681296348571777,18.600000381469727,18.75,18.549999237060547,18.600000381469727,49500
2005-01-19,13.681296348571777,18.600000381469727,18.75,18.600000381469727,18.75,500
2005-01-20,13.681296348571777,18.600000381469727,18.700000762939453,18.600000381469727,18.600000381469727,3900
2005-01-21,13.718061447143555,18.649999618530273,18.649999618530273,18.649999618530273,18.649999618530273,500
2005-01-24,13.681296348571777,18.600000381469727,18.700000762939453,18.600000381469727,18.700000762939453,6000
2005-01-25,13.681296348571777,18.600000381469727,18.600000381469727,18.600000381469727,18.600000381469727,100
2005-01-26,13.681296348571777,18.600000381469727,18.649999618530273,18.600000381469727,18.649999618530273,1800
2005-01-27,13.718061447143555,18.649999618530273,18.649999618530273,18.600000381469727,18.649999618530273,10500
2005-01-28,13.791625022888184,18.75,18.75,18.600000381469727,18.649999618530273,6500
2005-01-31,13.791625022888184,18.75,18.75,18.700000762939453,18.75,18200
2005-02-01,13.718061447143555,18.649999618530273,18.799999237060547,18.649999618530273,18.700000762939453,3500
2005-02-02,13.828404426574707,18.799999237060547,18.799999237060547,18.649999618530273,18.649999618530273,6500
2005-02-03,13.97551155090332,19.0,19.0,18.850000381469727,18.850000381469727,6800
2005-02-04,13.901955604553223,18.899999618530273,18.899999618530273,18.899999618530273,18.899999618530273,600
2005-02-07,14.12261962890625,19.200000762939453,19.200000762939453,19.0,19.0,3000
2005-02-08,15.26272201538086,20.75,20.75,18.649999618530273,18.649999618530273,35400
2005-02-09,14.711076736450195,20.0,20.700000762939453,20.0,20.5,63600
2005-02-10,14.725770950317383,20.020000457763672,20.700000762939453,20.0,20.700000762939453,9800
2005-02-11,13.97551155090332,19.0,20.200000762939453,18.989999771118164,20.0,25500
2005-02-14,13.97551155090332,19.0,19.729999542236328,19.0,19.25,10700
2005-02-15,14.343293190002441,19.5,19.5,19.219999313354492,19.219999313354492,10200
2005-02-16,14.321224212646484,19.469999313354492,19.489999771118164,19.219999313354492,19.399999618530273,2200
2005-02-17,14.343293190002441,19.5,19.5,19.3700008392334,19.469999313354492,5500
2005-02-18,14.159401893615723,19.25,19.5,19.25,19.5,5200
2005-02-22,13.97551155090332,19.0,19.489999771118164,19.0,19.489999771118164,10800
2005-02-23,13.894597053527832,18.889999389648438,19.0,18.649999618530273,19.0,3800
2005-02-24,13.365007400512695,18.170000076293945,18.549999237060547,18.15999984741211,18.549999237060547,1300
2005-02-25,13.97551155090332,19.0,19.229999542236328,18.15999984741211,18.200000762939453,10200
2005-02-28,14.343293190002441,19.5,19.5,18.5,18.510000228881836,23600
2005-03-01,14.041714668273926,19.09000015258789,19.09000015258789,18.5,18.5,1800
2005-03-02,14.012286186218262,19.049999237060547,19.049999237060547,18.489999771118164,18.5,24500
2005-03-03,14.262380599975586,19.389999389648438,19.389999389648438,19.389999389648438,19.389999389648438,300
2005-03-04,13.97551155090332,19.0,19.5,19.0,19.5,16600
2005-03-07,13.77690601348877,18.729999542236328,19.489999771118164,18.5,18.860000610351562,3400
2005-03-08,13.901955604553223,18.899999618530273,19.450000762939453,18.899999618530273,19.43000030517578,2200
2005-03-09,13.97551155090332,19.0,19.219999313354492,18.899999618530273,19.219999313354492,1100
2005-03-10,13.97551155090332,19.0,19.0,19.0,19.0,0
2005-03-11,14.299161911010742,19.440000534057617,19.440000534057617,18.989999771118164,18.989999771118164,11800
2005-03-14,13.97551155090332,19.0,19.100000381469727,19.0,19.100000381469727,2100
2005-03-15,14.001304626464844,19.0,19.0,19.0,19.0,0
2005-03-16,13.934977531433105,18.90999984741211,19.0,18.90999984741211,19.0,4300
2005-03-17,13.817075729370117,18.75,18.75,18.75,18.75,7900
2005-03-18,14.369755744934082,19.5,19.5,18.700000762939453,18.700000762939453,700
2005-03-21,13.817075729370117,18.75,19.100000381469727,18.75,19.100000381469727,500
2005-03-22,13.6475830078125,18.520000457763672,19.0,18.520000457763672,19.0,4100
2005-03-23,13.993932723999023,18.989999771118164,19.0,18.600000381469727,18.600000381469727,1700
2005-03-24,13.993932723999023,18.989999771118164,19.0,18.889999389648438,19.0,4700
2005-03-28,14.001304626464844,19.0,19.0,19.0,19.0,31800
2005-03-29,14.259222984313965,19.350000381469727,19.350000381469727,19.350000381469727,19.350000381469727,100
2005-03-30,13.89077377319336,18.850000381469727,19.25,18.850000381469727,19.0,24300
2005-03-31,14.001304626464844,19.0,19.25,19.0,19.25,13200
2005-04-01,13.89077377319336,18.850000381469727,19.25,18.75,19.25,4600
2005-04-04,14.001304626464844,19.0,19.25,18.8700008392334,19.25,11200
2005-04-05,14.001304626464844,19.0,19.049999237060547,18.8700008392334,19.049999237060547,12800
2005-04-06,14.185528755187988,19.25,19.25,19.0,19.0,1900
2005-04-07,14.185528755187988,19.25,19.25,19.25,19.25,0
2005-04-08,13.85391902923584,18.799999237060547,19.0,18.799999237060547,19.0,12000
2005-04-11,14.001304626464844,19.0,19.049999237060547,18.899999618530273,19.0,8900
2005-04-12,13.949714660644531,18.93000030517578,19.09000015258789,18.899999618530273,19.0,10700
2005-04-13,13.993932723999023,18.989999771118164,19.0,18.770000457763672,18.989999771118164,5600
2005-04-14,13.993932723999023,18.989999771118164,18.989999771118164,18.989999771118164,18.989999771118164,0
2005-04-15,14.038147926330566,19.049999237060547,19.049999237060547,18.799999237060547,18.799999237060547,2600
2005-04-18,13.86129093170166,18.809999465942383,19.25,18.700000762939453,19.25,7500
2005-04-19,14.16342544555664,19.219999313354492,19.25,19.0,19.25,3100
2005-04-20,14.185528755187988,19.25,19.25,19.149999618530273,19.149999618530273,600
2005-04-21,14.185528755187988,19.25,19.25,19.0,19.25,1400
2005-04-22,14.185528755187988,19.25,19.25,19.25,19.25,900
2005-04-25,14.185528755187988,19.25,19.25,19.0,19.25,2000
2005-04-26,14.222373962402344,19.299999237060547,19.5,19.06999969482422,19.06999969482422,4900
2005-04-27,14.273956298828125,19.3700008392334,19.489999771118164,19.299999237060547,19.34000015258789,4700
2005-04-28,14.362387657165527,19.489999771118164,19.5,19.440000534057617,19.469999313354492,3200
2005-04-29,14.29607105255127,19.399999618530273,19.5,19.209999084472656,19.5,9500
2005-05-02,14.016044616699219,19.020000457763672,19.5,19.0,19.5,5900
2005-05-03,14.369755744934082,19.5,19.5,19.350000381469727,19.360000610351562,5600
2005-05-04,14.362387657165527,19.489999771118164,19.489999771118164,19.0,19.0,1300
2005-05-05,14.362387657165527,19.489999771118164,19.5,18.920000076293945,18.920000076293945,4400
2005-05-06,14.332911491394043,19.450000762939453,19.450000762939453,19.18000030517578,19.450000762939453,4100
2005-05-09,14.185528755187988,19.25,19.5,19.0,19.5,12800
2005-05-10,14.259222984313965,19.350000381469727,19.350000381469727,19.0,19.0,14900
2005-05-11,14.259222984313965,19.350000381469727,19.350000381469727,19.299999237060547,19.350000381469727,3600
2005-05-12,14.259222984313965,19.350000381469727,19.350000381469727,19.18000030517578,19.18000030517578,1200
2005-05-13,14.207634925842285,19.280000686645508,19.350000381469727,19.0,19.0,14000
2005-05-16,14.016044616699219,19.020000457763672,19.200000762939453,19.0,19.0,12200
2005-05-17,14.001304626464844,19.0,19.170000076293945,19.0,19.139999389648438,9000
2005-05-18,14.259222984313965,19.350000381469727,19.350000381469727,19.030000686645508,19.31999969482422,1600
2005-05-19,14.259222984313965,19.350000381469727,19.350000381469727,19.149999618530273,19.350000381469727,3200
2005-05-20,14.030780792236328,19.040000915527344,19.280000686645508,19.0,19.0,5100
2005-05-23,14.185528755187988,19.25,19.5,19.100000381469727,19.149999618530273,4100
2005-05-24,14.185528755187988,19.25,19.25,19.239999771118164,19.25,3000
2005-05-25,14.517144203186035,19.700000762939453,20.0,19.25,19.25,13900
2005-05-26,14.54661750793457,19.739999771118164,19.75,19.3700008392334,19.75,4800
2005-05-27,14.443441390991211,19.600000381469727,19.700000762939453,19.479999542236328,19.700000762939453,500
2005-05-31,14.406603813171387,19.549999237060547,19.719999313354492,19.360000610351562,19.399999618530273,2400
2005-06-01,14.54661750793457,19.739999771118164,19.75,19.350000381469727,19.360000610351562,3500
2005-06-02,14.974021911621094,20.31999969482422,20.479999542236328,19.25,19.25,29400
2005-06-03,15.172991752624512,20.59000015258789,20.93000030517578,20.299999237060547,20.469999313354492,14000
2005-06-06,15.394065856933594,20.889999389648438,21.0,20.59000015258789,20.59000015258789,2300
2005-06-07,15.394065856933594,20.889999389648438,21.049999237060547,20.719999313354492,21.0,13800
2005-06-08,15.209836959838867,20.639999389648438,21.0,20.34000015258789,20.75,11400
2005-06-09,15.511966705322266,21.049999237060547,21.049999237060547,20.5,20.5,18200
2005-06-10,15.445647239685059,20.959999084472656,21.049999237060547,20.75,20.75,13300
2005-06-13,15.806723594665527,21.450000762939453,21.5,20.760000228881836,21.25,7900
2005-06-14,16.681394577026367,22.600000381469727,22.600000381469727,21.299999237060547,21.299999237060547,11000
2005-06-15,16.600208282470703,22.489999771118164,22.649999618530273,22.329999923706055,22.5,4000
2005-06-16,16.718307495117188,22.649999618530273,22.75,22.25,22.25,19700
2005-06-17,16.718307495117188,22.649999618530273,22.649999618530273,22.649999618530273,22.649999618530273,2600
2005-06-20,16.969266891479492,22.989999771118164,22.989999771118164,22.450000762939453,22.649999618530273,11500
2005-06-21,17.500709533691406,23.709999084472656,23.729999542236328,22.690000534057617,22.899999618530273,7000
2005-06-22,16.924970626831055,22.93000030517578,23.260000228881836,22.149999618530273,23.260000228881836,11000
2005-06-23,16.932353973388672,22.940000534057617,22.940000534057617,22.5,22.5,6900
2005-06-24,17.66309356689453,23.93000030517578,23.959999084472656,22.100000381469727,22.100000381469727,345600
2005-06-27,17.198081970214844,23.299999237060547,24.06999969482422,22.520000457763672,22.520000457763672,23100
2005-06-28,18.238826751708984,24.709999084472656,24.709999084472656,22.700000762939453,23.709999084472656,23000
2005-06-29,17.279266357421875,23.40999984741211,24.610000610351562,22.989999771118164,24.610000610351562,21100
2005-06-30,17.4564208984375,23.649999618530273,24.100000381469727,23.280000686645508,23.56999969482422,12800
2005-07-01,18.091201782226562,24.510000228881836,24.600000381469727,23.049999237060547,23.770000457763672,23500
2005-07-05,18.356916427612305,24.8700008392334,25.0,24.399999618530273,24.5,19600
2005-07-06,17.943574905395508,24.309999465942383,24.989999771118164,23.950000762939453,24.989999771118164,5500
2005-07-07,17.530227661132812,23.75,24.280000686645508,23.15999984741211,23.920000076293945,6200
2005-07-08,18.415966033935547,24.950000762939453,25.0,23.729999542236328,23.760000228881836,14700
2005-07-11,19.095035552978516,25.8700008392334,27.729999542236328,24.959999084472656,24.989999771118164,22500
2005-07-12,18.36430549621582,24.8799991607666,26.0,24.719999313354492,25.989999771118164,21200
2005-07-13,18.45287322998047,25.0,25.0,24.829999923706055,24.989999771118164,4800
2005-07-14,17.714757919311523,24.0,25.0,24.0,25.0,7600
2005-07-15,18.08382225036621,24.5,24.5,23.829999923706055,23.829999923706055,8700
2005-07-18,17.78118896484375,24.09000015258789,24.540000915527344,23.829999923706055,24.5,4700
2005-07-19,18.438108444213867,24.979999542236328,25.0,24.100000381469727,24.5,37000
2005-07-20,18.08382225036621,24.5,25.0,24.239999771118164,24.670000076293945,26200
2005-07-21,18.187156677246094,24.639999389648438,25.0,24.149999618530273,24.5,7600
2005-07-22,18.45287322998047,25.0,25.0,24.200000762939453,24.200000762939453,8400
2005-07-25,17.965723037719727,24.34000015258789,25.0,24.200000762939453,25.0,9900
2005-07-26,18.445499420166016,24.989999771118164,24.989999771118164,24.540000915527344,24.579999923706055,7400
2005-07-27,18.201921463012695,24.65999984741211,25.0,24.200000762939453,24.989999771118164,7400
2005-07-28,18.43073844909668,24.969999313354492,24.969999313354492,24.479999542236328,24.479999542236328,9300
2005-07-29,17.943574905395508,24.309999465942383,25.0,24.229999542236328,25.0,15900
2005-08-01,18.29047966003418,24.780000686645508,25.0,24.40999984741211,24.40999984741211,8400
2005-08-02,18.379058837890625,24.899999618530273,25.139999389648438,24.65999984741211,24.959999084472656,15800
2005-08-03,18.45287322998047,25.0,25.079999923706055,24.729999542236328,25.079999923706055,8000
2005-08-04,18.069063186645508,24.479999542236328,25.0,24.290000915527344,25.0,4700
2005-08-05,17.07998275756836,23.139999389648438,24.3799991607666,23.010000228881836,24.229999542236328,6200
2005-08-08,17.13164710998535,23.209999084472656,23.3700008392334,22.979999542236328,23.290000915527344,4100
2005-08-09,17.11688804626465,23.190000534057617,23.31999969482422,22.940000534057617,23.31999969482422,2000
2005-08-10,17.640949249267578,23.899999618530273,24.299999237060547,23.329999923706055,23.389999389648438,4900
2005-08-11,17.63357162475586,23.889999389648438,23.899999618530273,23.510000228881836,23.899999618530273,2400
2005-08-12,16.97665023803711,23.0,23.610000610351562,23.0,23.610000610351562,8000
2005-08-15,17.050453186035156,23.100000381469727,23.100000381469727,22.75,22.8700008392334,5300
2005-08-16,16.607589721679688,22.5,23.25,22.5,23.0,7500
2005-08-17,16.44520378112793,22.280000686645508,22.5,22.0,22.5,12400
2005-08-18,16.275436401367188,22.049999237060547,22.280000686645508,22.0,22.280000686645508,7300
2005-08-19,16.415681838989258,22.239999771118164,22.25,22.0,22.0,3600
2005-08-22,16.44520378112793,22.280000686645508,22.920000076293945,22.0,22.0,5700
2005-08-23,16.969266891479492,22.989999771118164,23.549999237060547,22.0,22.0,13500
2005-08-24,16.97665023803711,23.0,24.0,22.610000610351562,23.350000381469727,7800
2005-08-25,16.607589721679688,22.5,23.170000076293945,22.5,23.170000076293945,700
2005-08-26,16.2385311126709,22.0,22.149999618530273,22.0,22.149999618530273,5600
2005-08-29,16.526397705078125,22.389999389648438,22.389999389648438,21.850000381469727,22.0,3000
2005-08-30,16.194246292114258,21.940000534057617,23.389999389648438,21.84000015258789,23.079999923706055,5300
2005-08-31,16.703542709350586,22.6299991607666,22.700000762939453,22.010000228881836,22.190000534057617,1600
2005-09-01,16.939741134643555,22.950000762939453,22.950000762939453,22.440000534057617,22.700000762939453,1400
2005-09-02,16.164718627929688,21.899999618530273,22.700000762939453,21.899999618530273,22.700000762939453,4200
2005-09-06,16.467342376708984,22.309999465942383,22.649999618530273,22.0,22.649999618530273,7200
2005-09-07,16.423065185546875,22.25,22.530000686645508,21.899999618530273,22.510000228881836,7700
2005-09-08,16.319725036621094,22.110000610351562,22.110000610351562,21.920000076293945,21.989999771118164,1400
2005-09-09,16.2385311126709,22.0,22.0,21.989999771118164,21.989999771118164,1500
2005-09-12,16.253299713134766,22.020000457763672,22.049999237060547,21.809999465942383,21.969999313354492,3300
2005-09-13,15.994956016540527,21.670000076293945,22.020000457763672,21.600000381469727,21.739999771118164,5600
2005-09-14,15.355459213256836,20.770000457763672,21.850000381469727,20.0,21.850000381469727,12700
2005-09-15,15.45896053314209,20.90999984741211,20.90999984741211,20.219999313354492,20.440000534057617,5500
2005-09-16,16.250009536743164,21.979999542236328,21.979999542236328,21.219999313354492,21.219999313354492,42000
2005-09-19,15.983860969543457,21.6200008392334,22.100000381469727,21.299999237060547,22.030000686645508,1800
2005-09-20,15.621602058410645,21.1299991607666,21.700000762939453,20.780000686645508,21.670000076293945,4900
2005-09-21,15.525490760803223,21.0,21.31999969482422,20.829999923706055,20.950000762939453,7100
2005-09-22,15.525490760803223,21.0,21.520000457763672,20.719999313354492,20.860000610351562,12400
2005-09-23,15.53288459777832,21.010000228881836,21.149999618530273,20.989999771118164,20.989999771118164,1000
2005-09-26,16.043014526367188,21.700000762939453,21.700000762939453,21.09000015258789,21.65999984741211,4600
2005-09-27,15.577244758605957,21.06999969482422,21.34000015258789,20.770000457763672,20.940000534057617,5500
2005-09-28,15.562453269958496,21.049999237060547,21.049999237060547,20.889999389648438,20.899999618530273,3200
2005-09-29,15.710322380065918,21.25,21.25,21.15999984741211,21.170000076293945,1900
2005-09-30,15.688135147094727,21.219999313354492,21.280000686645508,21.079999923706055,21.219999313354492,1500
2005-10-03,15.74728012084961,21.299999237060547,21.350000381469727,20.809999465942383,21.25,2300
2005-10-04,15.53288459777832,21.010000228881836,21.440000534057617,20.81999969482422,21.299999237060547,1300
2005-10-05,14.993185043334961,20.280000686645508,21.0,20.010000228881836,20.780000686645508,6700
2005-10-06,14.667893409729004,19.84000015258789,20.18000030517578,19.81999969482422,20.010000228881836,7900
2005-10-07,14.823142051696777,20.049999237060547,20.049999237060547,19.969999313354492,20.0,6000
2005-10-10,14.65311050415039,19.81999969482422,20.010000228881836,19.760000228881836,20.0,9700
2005-10-11,14.667893409729004,19.84000015258789,20.149999618530273,19.84000015258789,20.010000228881836,4200
2005-10-12,14.475671768188477,19.579999923706055,20.1299991607666,19.510000228881836,19.940000534057617,8300
2005-10-13,15.895146369934082,21.5,21.56999969482422,19.3700008392334,19.68000030517578,14000
2005-10-14,15.673354148864746,21.200000762939453,22.09000015258789,20.100000381469727,21.299999237060547,16600
2005-10-17,15.577244758605957,21.06999969482422,21.75,20.479999542236328,21.270000457763672,13500
2005-10-18,15.377628326416016,20.799999237060547,21.75,20.68000030517578,20.959999084472656,9700
2005-10-19,17.018892288208008,23.020000457763672,23.239999771118164,20.440000534057617,21.0,23500
2005-10-20,15.126256942749023,20.459999084472656,22.8799991607666,20.110000610351562,22.8799991607666,5400
2005-10-21,15.333271026611328,20.739999771118164,21.139999389648438,20.200000762939453,20.559999465942383,5800
2005-10-24,16.78971290588379,22.709999084472656,22.709999084472656,20.700000762939453,20.700000762939453,7200
2005-10-25,15.628994941711426,21.139999389648438,22.5,20.549999237060547,22.489999771118164,4600
2005-10-26,15.274131774902344,20.65999984741211,21.229999542236328,20.5,20.5,4400
2005-10-27,14.823142051696777,20.049999237060547,20.899999618530273,20.049999237060547,20.899999618530273,4100
2005-10-28,16.139114379882812,21.829999923706055,21.829999923706055,20.25,20.25,4500
2005-10-31,16.84146499633789,22.780000686645508,22.959999084472656,22.0,22.0,15300
2005-11-01,16.279592514038086,22.020000457763672,22.84000015258789,21.18000030517578,22.510000228881836,2500
2005-11-02,16.811885833740234,22.739999771118164,22.739999771118164,20.549999237060547,21.209999084472656,16600
2005-11-03,16.73056411743164,22.6299991607666,23.600000381469727,22.06999969482422,23.049999237060547,13000
2005-11-04,16.85624122619629,22.799999237060547,22.799999237060547,22.600000381469727,22.600000381469727,600
2005-11-07,16.7453556060791,22.649999618530273,23.0,22.649999618530273,22.850000381469727,5400
2005-11-08,16.93017578125,22.899999618530273,23.0,22.739999771118164,22.93000030517578,5200
2005-11-09,17.004112243652344,23.0,23.0,22.799999237060547,22.989999771118164,3100
2005-11-10,16.974533081054688,22.959999084472656,23.0,22.420000076293945,22.420000076293945,2300
2005-11-11,16.93017578125,22.899999618530273,23.0,22.790000915527344,22.790000915527344,1900
2005-11-14,16.24262046813965,21.969999313354492,23.0,21.90999984741211,23.0,1100
2005-11-15,16.760133743286133,22.670000076293945,22.969999313354492,22.270000457763672,22.510000228881836,8100
2005-11-16,15.791642189025879,21.360000610351562,22.600000381469727,20.75,22.600000381469727,6300
2005-11-17,16.826669692993164,22.760000228881836,23.0,21.5,21.5,16100
2005-11-18,17.004112243652344,23.0,23.0,22.209999084472656,23.0,4700
2005-11-21,16.937580108642578,22.90999984741211,22.989999771118164,22.600000381469727,22.600000381469727,3400
2005-11-22,17.004112243652344,23.0,23.0,22.700000762939453,22.75,3000
2005-11-23,17.11500358581543,23.149999618530273,23.149999618530273,22.989999771118164,23.0,38300
2005-11-25,17.004112243652344,23.0,23.100000381469727,23.0,23.100000381469727,600
2005-11-28,16.94496726989746,22.920000076293945,23.25,22.81999969482422,23.209999084472656,5200
2005-11-29,16.834064483642578,22.770000457763672,23.200000762939453,22.600000381469727,23.200000762939453,7300
2005-11-30,16.715774536132812,22.610000610351562,23.25,22.600000381469727,23.020000457763672,8100
2005-12-01,17.129785537719727,23.170000076293945,23.450000762939453,22.6200008392334,22.6200008392334,7100
2005-12-02,16.7453556060791,22.649999618530273,22.75,22.649999618530273,22.649999618530273,900
2005-12-05,16.70838165283203,22.600000381469727,22.809999465942383,22.600000381469727,22.809999465942383,3900
2005-12-06,16.70838165283203,22.600000381469727,23.0,22.600000381469727,22.6299991607666,6100
2005-12-07,16.715774536132812,22.610000610351562,22.760000228881836,22.600000381469727,22.760000228881836,5000
2005-12-08,16.774919509887695,22.690000534057617,22.700000762939453,22.420000076293945,22.649999618530273,4600
2005-12-09,16.70838165283203,22.600000381469727,22.719999313354492,22.600000381469727,22.600000381469727,1100
2005-12-12,16.094757080078125,21.770000457763672,22.829999923706055,21.600000381469727,22.829999923706055,9400
2005-12-13,16.220447540283203,21.940000534057617,22.399999618530273,21.600000381469727,21.799999237060547,18800
2005-12-14,16.483320236206055,22.260000228881836,22.260000228881836,21.639999389648438,21.639999389648438,2500
2005-12-15,16.823938369750977,22.719999313354492,22.729999542236328,22.079999923706055,22.079999923706055,7200
2005-12-16,16.846155166625977,22.75,22.75,22.280000686645508,22.610000610351562,44200
2005-12-19,16.23154640197754,21.920000076293945,22.81999969482422,21.510000228881836,22.399999618530273,17300
2005-12-20,16.350025177001953,22.079999923706055,22.489999771118164,20.950000762939453,21.479999542236328,28300
2005-12-21,16.47591209411621,22.25,22.510000228881836,22.0,22.0,3300
2005-12-22,17.068302154541016,23.049999237060547,23.1200008392334,22.540000915527344,22.670000076293945,27400
2005-12-23,16.92020606994629,22.850000381469727,23.06999969482422,22.600000381469727,22.860000610351562,2400
2005-12-27,17.00165557861328,22.959999084472656,23.100000381469727,22.75,22.790000915527344,15600
2005-12-28,17.031282424926758,23.0,23.229999542236328,22.899999618530273,23.229999542236328,4100
2005-12-29,16.883174896240234,22.799999237060547,23.0,22.799999237060547,22.899999618530273,7100
2005-12-30,16.794322967529297,22.68000030517578,23.040000915527344,22.68000030517578,22.799999237060547,5500
2006-01-03,17.046083450317383,23.020000457763672,23.170000076293945,22.579999923706055,23.170000076293945,7800
2006-01-04,16.853557586669922,22.760000228881836,22.950000762939453,22.649999618530273,22.84000015258789,9100
2006-01-05,16.83135414123535,22.729999542236328,22.75,22.649999618530273,22.649999618530273,6100
2006-01-06,17.149761199951172,23.15999984741211,23.239999771118164,22.690000534057617,23.049999237060547,39700
2006-01-09,17.253427505493164,23.299999237060547,23.5,23.239999771118164,23.25,3400
2006-01-10,17.69771385192871,23.899999618530273,23.899999618530273,23.219999313354492,23.270000457763672,12900
2006-01-11,17.031282424926758,23.0,23.979999542236328,23.0,23.979999542236328,5100
2006-01-12,17.312671661376953,23.3799991607666,23.75,23.299999237060547,23.309999465942383,2100
2006-01-13,17.586645126342773,23.75,23.75,23.68000030517578,23.75,1300
2006-01-17,17.12754249572754,23.1299991607666,23.579999923706055,23.0,23.5,4000
2006-01-18,17.312671661376953,23.3799991607666,23.43000030517578,23.139999389648438,23.139999389648438,800
2006-01-19,17.57924461364746,23.739999771118164,23.770000457763672,23.049999237060547,23.5,8200
2006-01-20,17.40152931213379,23.5,24.0,23.5,24.0,10400
2006-01-23,17.208993911743164,23.239999771118164,23.950000762939453,23.170000076293945,23.290000915527344,5600
2006-01-24,17.7347354888916,23.950000762939453,24.0,23.239999771118164,23.25,2900
2006-01-25,17.586645126342773,23.75,24.0,23.43000030517578,23.770000457763672,3000
2006-01-26,17.949485778808594,24.239999771118164,24.239999771118164,23.0,23.670000076293945,9300
2006-01-27,17.98651885986328,24.290000915527344,24.399999618530273,24.010000228881836,24.010000228881836,10200
2006-01-30,17.408931732177734,23.510000228881836,24.559999465942383,23.0,24.559999465942383,18900
2006-01-31,17.993907928466797,24.299999237060547,24.350000381469727,22.8700008392334,23.299999237060547,13400
2006-02-01,18.615928649902344,25.139999389648438,25.149999618530273,24.690000534057617,24.700000762939453,209100
2006-02-02,18.53447723388672,25.030000686645508,25.030000686645508,24.790000915527344,25.0,44500
2006-02-03,18.70478630065918,25.260000228881836,25.260000228881836,24.850000381469727,24.850000381469727,21000
2006-02-06,18.734399795532227,25.299999237060547,25.299999237060547,24.90999984741211,25.06999969482422,1800
2006-02-07,18.512250900268555,25.0,25.309999465942383,24.969999313354492,25.309999465942383,7100
2006-02-08,18.697383880615234,25.25,25.299999237060547,25.010000228881836,25.100000381469727,10500
2006-02-09,18.586307525634766,25.100000381469727,25.5,25.100000381469727,25.100000381469727,10100
2006-02-10,18.993579864501953,25.649999618530273,25.700000762939453,25.100000381469727,25.100000381469727,7000
2006-02-13,18.867694854736328,25.479999542236328,25.520000457763672,25.3799991607666,25.3799991607666,17000
2006-02-14,19.356416702270508,26.139999389648438,26.139999389648438,25.110000610351562,25.729999542236328,21500
2006-02-15,19.4378719329834,26.25,26.31999969482422,25.850000381469727,25.920000076293945,119700
2006-02-16,19.674833297729492,26.56999969482422,26.75,25.979999542236328,26.25,4800
2006-02-17,19.919189453125,26.899999618530273,26.899999618530273,26.280000686645508,26.780000686645508,9500
2006-02-21,19.311986923217773,26.079999923706055,26.899999618530273,26.0,26.899999618530273,3700
2006-02-22,19.852540969848633,26.809999465942383,26.81999969482422,25.770000457763672,25.979999542236328,5900
2006-02-23,19.68964385986328,26.59000015258789,26.75,26.350000381469727,26.5,3500
2006-02-24,19.341611862182617,26.1200008392334,26.1200008392334,25.5,25.940000534057617,27200
2006-02-27,19.808109283447266,26.75,26.950000762939453,26.149999618530273,26.709999084472656,4400
2006-02-28,19.763689041137695,26.690000534057617,26.719999313354492,26.399999618530273,26.489999771118164,3000
2006-03-01,19.726654052734375,26.639999389648438,26.809999465942383,26.25,26.25,2900
2006-03-02,19.075037002563477,25.760000228881836,26.959999084472656,25.739999771118164,26.40999984741211,7200
2006-03-03,19.408254623413086,26.209999084472656,26.399999618530273,25.75,25.75,17700
2006-03-06,19.289766311645508,26.049999237060547,26.34000015258789,25.899999618530273,26.040000915527344,6500
2006-03-07,19.237939834594727,25.979999542236328,26.059999465942383,25.889999389648438,25.889999389648438,20100
2006-03-08,19.911787033081055,26.889999389648438,26.93000030517578,25.979999542236328,25.979999542236328,6500
2006-03-09,19.497112274169922,26.329999923706055,27.0,26.329999923706055,26.93000030517578,3700
2006-03-10,19.993242263793945,27.0,27.0,25.950000762939453,26.18000030517578,11800
2006-03-13,19.72992706298828,26.600000381469727,27.0,26.0,27.0,12400
2006-03-14,19.359058380126953,26.100000381469727,26.219999313354492,25.850000381469727,26.170000076293945,3900
2006-03-15,19.633506774902344,26.469999313354492,26.469999313354492,25.959999084472656,26.329999923706055,6800
2006-03-16,19.603832244873047,26.43000030517578,26.5,26.049999237060547,26.5,2000
2006-03-17,19.30714225769043,26.030000686645508,26.639999389648438,26.010000228881836,26.5,50100
2006-03-20,20.019203186035156,26.989999771118164,26.989999771118164,25.979999542236328,26.209999084472656,10300
2006-03-21,19.381319046020508,26.1299991607666,26.790000915527344,26.100000381469727,26.770000457763672,7100
2006-03-22,19.826345443725586,26.729999542236328,26.75,26.09000015258789,26.1299991607666,2800
2006-03-23,19.922775268554688,26.860000610351562,27.0,26.309999465942383,26.309999465942383,33300
2006-03-24,19.54448890686035,26.350000381469727,27.0,25.8799991607666,27.0,5900
2006-03-27,19.818933486938477,26.719999313354492,26.850000381469727,25.59000015258789,26.18000030517578,36300
2006-03-28,20.02661895751953,27.0,27.0,26.719999313354492,26.790000915527344,48100
2006-03-29,20.01178550720215,26.979999542236328,26.989999771118164,26.59000015258789,26.75,5600
2006-03-30,20.32329750061035,27.399999618530273,27.399999618530273,26.860000610351562,26.979999542236328,4600
2006-03-31,20.315893173217773,27.389999389648438,27.600000381469727,27.06999969482422,27.489999771118164,4000
2006-04-03,20.47165870666504,27.600000381469727,27.969999313354492,27.600000381469727,27.600000381469727,2100
2006-04-04,21.079872131347656,28.420000076293945,28.75,27.670000076293945,27.989999771118164,8300
2006-04-05,21.13179588317871,28.489999771118164,28.75,27.75,28.75,6500
2006-04-06,21.13179588317871,28.489999771118164,29.049999237060547,27.8700008392334,28.639999389648438,8400
2006-04-07,19.774436950683594,26.65999984741211,28.75,26.479999542236328,28.75,11300
2006-04-10,19.945018768310547,26.889999389648438,26.959999084472656,26.549999237060547,26.65999984741211,18300
2006-04-11,19.648338317871094,26.489999771118164,27.280000686645508,26.25,27.280000686645508,6600
2006-04-12,19.188459396362305,25.8700008392334,26.989999771118164,25.8700008392334,26.649999618530273,3600
2006-04-13,19.359058380126953,26.100000381469727,26.350000381469727,25.649999618530273,25.84000015258789,5600
2006-04-17,19.284893035888672,26.0,26.440000534057617,25.770000457763672,26.25,26500
2006-04-18,20.02661895751953,27.0,27.0,26.149999618530273,26.25,8500
2006-04-19,20.048879623413086,27.030000686645508,27.350000381469727,26.489999771118164,27.0,53100
2006-04-20,20.019203186035156,26.989999771118164,27.100000381469727,26.559999465942383,27.079999923706055,4000
2006-04-21,19.56674575805664,26.3799991607666,27.0,26.229999542236328,27.0,35000
2006-04-24,19.39615249633789,26.149999618530273,26.559999465942383,26.100000381469727,26.559999465942383,29300
2006-04-25,19.351648330688477,26.09000015258789,26.1200008392334,26.0,26.06999969482422,9600
2006-04-26,19.403568267822266,26.15999984741211,26.40999984741211,25.989999771118164,25.989999771118164,11500
2006-04-27,19.025287628173828,25.649999618530273,26.049999237060547,25.649999618530273,25.899999618530273,11900
2006-04-28,19.188459396362305,25.8700008392334,25.8700008392334,25.649999618530273,25.75,6500
2006-05-01,18.45415496826172,24.8799991607666,25.959999084472656,24.8799991607666,25.950000762939453,14500
2006-05-02,19.025287628173828,25.649999618530273,25.649999618530273,24.959999084472656,25.1200008392334,10100
2006-05-03,19.39615249633789,26.149999618530273,26.149999618530273,25.540000915527344,25.540000915527344,16700
2006-05-04,19.284893035888672,26.0,26.139999389648438,25.829999923706055,25.989999771118164,12800
2006-05-05,19.65575408935547,26.5,26.5,26.040000915527344,26.139999389648438,22600
2006-05-08,19.826345443725586,26.729999542236328,27.3700008392334,26.399999618530273,26.399999618530273,37200
2006-05-09,20.06369972229004,27.049999237060547,27.469999313354492,26.399999618530273,26.530000686645508,8000
2006-05-10,19.95244598388672,26.899999618530273,27.09000015258789,26.489999771118164,26.5,6500
2006-05-11,19.20330047607422,25.889999389648438,27.0,25.549999237060547,26.739999771118164,55900
2006-05-12,18.914026260375977,25.5,26.049999237060547,25.5,25.75,10900
2006-05-15,18.869525909423828,25.440000534057617,25.719999313354492,25.389999389648438,25.389999389648438,15600
2006-05-16,18.802766799926758,25.350000381469727,25.559999465942383,25.350000381469727,25.389999389648438,2500
2006-05-17,18.632177352905273,25.1200008392334,25.690000534057617,25.059999465942383,25.25,7800
2006-05-18,18.721187591552734,25.239999771118164,25.68000030517578,25.200000762939453,25.40999984741211,13400
2006-05-19,18.90660285949707,25.489999771118164,25.56999969482422,25.200000762939453,25.200000762939453,4200
2006-05-22,19.06978988647461,25.709999084472656,25.979999542236328,25.049999237060547,25.270000457763672,12500
2006-05-23,19.054960250854492,25.690000534057617,26.0,25.5,25.600000381469727,8700
2006-05-24,19.166215896606445,25.84000015258789,26.0,25.5,25.5,11900
2006-05-25,19.34423065185547,26.079999923706055,26.1299991607666,25.760000228881836,26.0,6200
2006-05-26,19.61866569519043,26.450000762939453,26.549999237060547,26.049999237060547,26.299999237060547,10100
2006-05-30,19.284893035888672,26.0,26.639999389648438,25.700000762939453,26.09000015258789,15500
2006-05-31,19.166215896606445,25.84000015258789,25.84000015258789,25.450000762939453,25.450000762939453,7300
2006-06-01,19.989534378051758,26.950000762939453,27.0,26.06999969482422,26.06999969482422,9100
2006-06-02,19.84861183166504,26.760000228881836,27.0,26.75,27.0,5400
2006-06-05,19.099464416503906,25.75,26.6200008392334,25.360000610351562,26.510000228881836,25800
2006-06-06,19.099464416503906,25.75,26.81999969482422,25.510000228881836,25.56999969482422,21300
2006-06-07,18.92144203186035,25.510000228881836,25.889999389648438,25.420000076293945,25.8799991607666,12000
2006-06-08,18.580242156982422,25.049999237060547,25.31999969482422,25.010000228881836,25.15999984741211,33200
2006-06-09,18.55058479309082,25.010000228881836,25.65999984741211,25.0,25.65999984741211,30500
2006-06-12,18.691516876220703,25.200000762939453,25.34000015258789,25.0,25.0,4000
2006-06-13,18.843839645385742,25.360000610351562,25.559999465942383,25.209999084472656,25.209999084472656,5900
2006-06-14,18.613492965698242,25.049999237060547,25.15999984741211,25.0,25.010000228881836,7700
2006-06-15,19.163358688354492,25.790000915527344,26.0,25.18000030517578,25.18000030517578,8000
2006-06-16,18.68779182434082,25.149999618530273,25.670000076293945,25.149999618530273,25.670000076293945,94800
2006-06-19,18.732378005981445,25.209999084472656,25.520000457763672,25.200000762939453,25.329999923706055,8100
2006-06-20,18.89583969116211,25.43000030517578,25.81999969482422,25.200000762939453,25.200000762939453,14500
2006-06-21,19.051889419555664,25.639999389648438,25.719999313354492,25.440000534057617,25.520000457763672,4500
2006-06-22,19.215370178222656,25.860000610351562,25.860000610351562,25.450000762939453,25.540000915527344,10200
2006-06-23,18.776960372924805,25.270000457763672,25.68000030517578,25.18000030517578,25.68000030517578,2900
2006-06-26,19.98813247680664,26.899999618530273,26.899999618530273,25.549999237060547,25.549999237060547,9700
2006-06-27,19.39369010925293,26.100000381469727,26.950000762939453,26.100000381469727,26.899999618530273,8000
2006-06-28,19.415985107421875,26.1299991607666,26.329999923706055,25.729999542236328,26.280000686645508,3400
2006-06-29,19.928686141967773,26.81999969482422,26.950000762939453,25.81999969482422,25.81999969482422,21400
2006-06-30,18.91071319580078,25.450000762939453,26.950000762939453,25.450000762939453,26.950000762939453,88400
2006-07-03,19.059314727783203,25.649999618530273,25.709999084472656,25.040000915527344,25.229999542236328,11500
2006-07-05,18.97758674621582,25.540000915527344,26.479999542236328,25.110000610351562,25.5,30700
2006-07-06,19.148487091064453,25.770000457763672,25.770000457763672,25.440000534057617,25.440000534057617,16400
2006-07-07,18.918134689331055,25.459999084472656,25.899999618530273,25.459999084472656,25.540000915527344,17500
2006-07-10,19.259944915771484,25.920000076293945,26.139999389648438,25.489999771118164,25.489999771118164,7500
2006-07-11,19.913827896118164,26.799999237060547,26.899999618530273,25.68000030517578,25.770000457763672,19600
2006-07-12,19.022165298461914,25.600000381469727,26.899999618530273,25.5,26.690000534057617,10900
2006-07-13,18.947866439819336,25.5,26.0,25.389999389648438,26.0,22900
2006-07-14,19.222797393798828,25.8700008392334,25.979999542236328,25.5,25.5,12100
2006-07-17,18.962726593017578,25.520000457763672,26.489999771118164,25.309999465942383,26.110000610351562,4000
2006-07-18,19.906402587890625,26.790000915527344,26.790000915527344,25.700000762939453,25.719999313354492,13000
2006-07-19,19.99557113647461,26.90999984741211,26.90999984741211,26.520000457763672,26.899999618530273,30700
2006-07-20,19.846952438354492,26.709999084472656,26.950000762939453,26.700000762939453,26.950000762939453,20400
2006-07-21,19.66119384765625,26.459999084472656,26.799999237060547,26.209999084472656,26.700000762939453,7600
2006-07-24,19.98813247680664,26.899999618530273,26.940000534057617,26.600000381469727,26.75,9800
2006-07-25,20.062448501586914,27.0,27.0,26.75,26.81999969482422,19900
2006-07-26,20.151607513427734,27.1200008392334,27.25,26.75,26.75,16000
2006-07-27,19.713205337524414,26.530000686645508,27.360000610351562,26.219999313354492,27.25,14000
2006-07-28,20.478553771972656,27.559999465942383,27.559999465942383,26.5,26.700000762939453,13700
2006-07-31,20.805500030517578,28.0,28.010000228881836,27.459999084472656,27.75,10200
2006-08-01,20.805500030517578,28.0,28.0,27.15999984741211,27.700000762939453,9600
2006-08-02,20.612295150756836,27.739999771118164,28.0,27.079999923706055,28.0,4800
2006-08-03,20.85008430480957,28.059999465942383,28.059999465942383,27.329999923706055,27.639999389648438,5400
2006-08-04,20.44883155822754,27.520000457763672,29.0,27.40999984741211,28.079999923706055,7100
2006-08-07,19.83953094482422,26.700000762939453,27.520000457763672,26.579999923706055,27.3700008392334,11000
2006-08-08,20.055017471313477,26.989999771118164,28.049999237060547,26.850000381469727,27.15999984741211,38100
2006-08-09,19.401126861572266,26.110000610351562,27.389999389648438,26.0,27.389999389648438,11600
2006-08-10,20.13675308227539,27.100000381469727,27.329999923706055,25.65999984741211,25.850000381469727,8700
2006-08-11,20.76835060119629,27.950000762939453,28.25,27.049999237060547,27.049999237060547,17100
2006-08-14,20.812936782836914,28.010000228881836,28.290000915527344,28.0,28.290000915527344,11200
2006-08-15,21.02098274230957,28.290000915527344,28.3799991607666,28.049999237060547,28.299999237060547,8300
2006-08-16,21.28848648071289,28.649999618530273,28.649999618530273,28.299999237060547,28.350000381469727,13000
2006-08-17,21.54854965209961,29.0,29.299999237060547,28.399999618530273,28.459999084472656,32200
2006-08-18,21.652576446533203,29.139999389648438,29.25,28.8799991607666,29.149999618530273,9300
2006-08-21,21.607999801635742,29.079999923706055,29.270000457763672,28.8700008392334,29.0,8700
2006-08-22,21.622861862182617,29.100000381469727,29.5,28.81999969482422,28.81999969482422,3800
2006-08-23,21.54854965209961,29.0,29.290000915527344,28.520000457763672,29.290000915527344,7300
2006-08-24,21.585702896118164,29.049999237060547,29.09000015258789,28.739999771118164,28.829999923706055,23400
2006-08-25,21.637718200683594,29.1200008392334,29.549999237060547,28.280000686645508,29.0,52900
2006-08-28,21.69715118408203,29.200000762939453,29.200000762939453,29.0,29.0,2200
2006-08-29,22.254451751708984,29.950000762939453,29.950000762939453,29.040000915527344,29.040000915527344,13300
2006-08-30,22.35103988647461,30.079999923706055,30.420000076293945,28.299999237060547,29.5,28800
2006-08-31,21.912643432617188,29.489999771118164,30.149999618530273,29.479999542236328,30.030000686645508,76400
2006-09-01,22.07611083984375,29.709999084472656,29.709999084472656,29.3700008392334,29.5,9800
2006-09-05,22.573963165283203,30.3799991607666,30.43000030517578,30.0,30.0,20100
2006-09-06,22.291606903076172,30.0,30.40999984741211,29.829999923706055,30.079999923706055,30600
2006-09-07,22.27674102783203,29.979999542236328,30.0,29.059999465942383,29.739999771118164,29100
2006-09-08,22.157855987548828,29.81999969482422,30.15999984741211,29.549999237060547,30.0,6700
2006-09-11,22.269315719604492,29.969999313354492,30.200000762939453,29.530000686645508,29.549999237060547,24600
2006-09-12,23.034652709960938,31.0,31.0,29.75,30.139999389648438,15500
2006-09-13,22.993728637695312,30.899999618530273,31.290000915527344,30.65999984741211,31.0,9600
2006-09-14,22.993728637695312,30.899999618530273,31.0,30.719999313354492,30.719999313354492,5000
2006-09-15,22.614221572875977,30.389999389648438,31.049999237060547,30.270000457763672,31.049999237060547,61300
2006-09-18,22.42074203491211,30.1299991607666,31.09000015258789,30.0,30.6200008392334,10000
2006-09-19,22.324012756347656,30.0,30.280000686645508,29.100000381469727,30.200000762939453,18400
2006-09-20,23.283945083618164,31.290000915527344,31.579999923706055,30.25,30.25,12900
2006-09-21,22.398422241210938,30.100000381469727,31.68000030517578,29.979999542236328,31.579999923706055,16000
2006-09-22,21.728700637817383,29.200000762939453,30.420000076293945,29.18000030517578,30.0,10700
2006-09-25,22.606779098510742,30.3799991607666,30.43000030517578,29.3700008392334,29.3799991607666,8500
2006-09-26,22.84490966796875,30.700000762939453,30.799999237060547,30.190000534057617,30.459999084472656,9800
2006-09-27,22.926761627197266,30.809999465942383,31.1200008392334,30.139999389648438,30.450000762939453,20700
2006-09-28,23.194639205932617,31.170000076293945,31.530000686645508,31.06999969482422,31.079999923706055,15600
2006-09-29,22.963956832885742,30.860000610351562,31.40999984741211,30.84000015258789,31.040000915527344,18600
2006-10-02,21.981700897216797,29.540000915527344,30.950000762939453,29.540000915527344,30.899999618530273,11000
2006-10-03,21.996591567993164,29.559999465942383,30.0,29.5,29.56999969482422,4900
2006-10-04,22.703521728515625,30.510000228881836,30.510000228881836,29.399999618530273,29.399999618530273,9300
2006-10-05,23.336027145385742,31.360000610351562,31.420000076293945,30.360000610351562,30.40999984741211,7300
2006-10-06,23.149999618530273,31.110000610351562,31.950000762939453,30.549999237060547,31.1299991607666,9300
2006-10-09,23.068147659301758,31.0,31.100000381469727,30.670000076293945,31.100000381469727,2600
2006-10-10,23.447650909423828,31.510000228881836,31.579999923706055,30.75,30.75,5500
2006-10-11,22.77048110961914,30.600000381469727,31.510000228881836,30.600000381469727,31.510000228881836,8400
2006-10-12,23.931337356567383,32.15999984741211,32.2400016784668,30.6200008392334,30.6200008392334,13500
2006-10-13,24.139692306518555,32.439998626708984,32.5,31.299999237060547,32.2400016784668,16400
2006-10-16,24.44478416442871,32.849998474121094,32.900001525878906,32.279998779296875,32.439998626708984,11100
2006-10-17,24.467117309570312,32.880001068115234,32.900001525878906,32.400001525878906,32.779998779296875,9400
2006-10-18,24.68290901184082,33.16999816894531,33.16999816894531,32.72999954223633,32.72999954223633,9200
2006-10-19,25.032651901245117,33.63999938964844,33.70000076293945,32.959999084472656,33.45000076293945,15600
2006-10-20,24.824296951293945,33.36000061035156,33.86000061035156,33.15999984741211,33.86000061035156,8600
2006-10-23,25.010330200195312,33.61000061035156,33.779998779296875,32.5099983215332,33.22999954223633,10200
2006-10-24,24.86150360107422,33.40999984741211,33.40999984741211,32.779998779296875,33.02000045776367,5600
2006-10-25,24.392698287963867,32.779998779296875,33.599998474121094,32.66999816894531,33.599998474121094,5700
2006-10-26,24.906156539916992,33.470001220703125,33.619998931884766,32.380001068115234,32.380001068115234,11600
2006-10-27,24.81684684753418,33.349998474121094,33.75,33.060001373291016,33.060001373291016,13000
2006-10-30,25.203805923461914,33.869998931884766,33.869998931884766,33.0,33.08000183105469,19600
2006-10-31,25.203805923461914,33.869998931884766,34.0,33.33000183105469,33.779998779296875,7700
2006-11-01,25.062427520751953,33.68000030517578,33.90999984741211,33.40999984741211,33.90999984741211,17400
2006-11-02,23.648571014404297,31.780000686645508,33.56999969482422,31.6299991607666,33.369998931884766,17300
2006-11-03,23.961097717285156,32.20000076293945,32.599998474121094,32.04999923706055,32.04999923706055,6900
2006-11-06,24.668027877807617,33.150001525878906,33.5,32.380001068115234,32.5,12900
2006-11-07,24.556413650512695,33.0,33.70000076293945,33.0,33.47999954223633,5700
2006-11-08,25.069868087768555,33.689998626708984,34.0,32.86000061035156,32.86000061035156,8800
2006-11-09,23.8494873046875,32.04999923706055,33.72999954223633,31.899999618530273,33.72999954223633,42100
2006-11-10,23.953662872314453,32.189998626708984,32.470001220703125,31.979999542236328,31.979999542236328,10000
2006-11-13,24.318288803100586,32.68000030517578,32.970001220703125,32.040000915527344,32.2599983215332,9900
2006-11-14,24.54896354675293,32.9900016784668,33.130001068115234,32.47999954223633,32.88999938964844,19700
2006-11-15,24.50432586669922,32.93000030517578,33.209999084472656,32.7400016784668,33.0,16500
2006-11-16,24.258756637573242,32.599998474121094,33.09000015258789,32.5,33.09000015258789,15600
2006-11-17,24.214115142822266,32.540000915527344,32.66999816894531,32.459999084472656,32.66999816894531,6000
2006-11-20,24.10248565673828,32.38999938964844,32.56999969482422,32.29999923706055,32.45000076293945,7300
2006-11-21,24.176897048950195,32.4900016784668,32.709999084472656,32.279998779296875,32.349998474121094,38500
2006-11-22,24.295970916748047,32.650001525878906,32.77000045776367,32.150001525878906,32.599998474121094,20100
2006-11-24,24.10248565673828,32.38999938964844,32.709999084472656,32.380001068115234,32.380001068115234,1300
2006-11-27,23.581594467163086,31.690000534057617,32.900001525878906,30.950000762939453,32.38999938964844,51600
2006-11-28,23.641128540039062,31.770000457763672,32.04999923706055,31.600000381469727,31.729999542236328,43100
2006-11-29,23.812280654907227,32.0,32.25,31.649999618530273,31.959999084472656,77200
2006-11-30,23.127668380737305,31.079999923706055,32.0,31.06999969482422,32.0,15500
2006-12-01,22.353776931762695,30.040000915527344,31.06999969482422,29.549999237060547,31.049999237060547,31400
2006-12-04,23.432769775390625,31.489999771118164,31.6200008392334,30.260000228881836,30.260000228881836,21800
2006-12-05,23.03093719482422,30.950000762939453,31.8700008392334,30.729999542236328,31.709999084472656,16300
2006-12-06,22.480281829833984,30.209999084472656,30.799999237060547,30.06999969482422,30.68000030517578,10300
2006-12-07,22.257036209106445,29.90999984741211,30.469999313354492,29.790000915527344,30.40999984741211,9300
2006-12-08,22.428190231323242,30.139999389648438,30.15999984741211,29.709999084472656,29.889999389648438,2200
2006-12-11,22.24215316772461,29.889999389648438,30.40999984741211,29.739999771118164,30.110000610351562,9700
2006-12-12,22.20494270324707,29.84000015258789,30.020000457763672,29.809999465942383,30.020000457763672,14500
2006-12-13,22.12669563293457,29.690000534057617,29.760000228881836,29.489999771118164,29.5,27900
2006-12-14,22.76761245727539,30.549999237060547,30.549999237060547,29.6299991607666,29.6299991607666,25700
2006-12-15,22.88684844970703,30.709999084472656,30.75,30.06999969482422,30.469999313354492,31300
2006-12-18,22.55148696899414,30.260000228881836,30.719999313354492,29.850000381469727,30.540000915527344,18700
2006-12-19,23.22967529296875,31.170000076293945,31.350000381469727,30.229999542236328,30.229999542236328,15200
2006-12-20,23.170055389404297,31.09000015258789,31.190000534057617,30.899999618530273,31.18000030517578,2300
2006-12-21,23.043367385864258,30.920000076293945,31.18000030517578,30.75,31.170000076293945,3200
2006-12-22,22.60366439819336,30.329999923706055,30.829999923706055,29.989999771118164,30.719999313354492,12100
2006-12-26,22.74526023864746,30.520000457763672,30.799999237060547,29.940000534057617,30.1200008392334,10300
2006-12-27,23.810972213745117,31.950000762939453,31.950000762939453,31.09000015258789,31.18000030517578,11000
2006-12-28,24.220867156982422,32.5,32.7599983215332,31.809999465942383,32.0,8100
2006-12-29,24.28049087524414,32.58000183105469,32.79999923706055,31.690000534057617,32.720001220703125,22700
2007-01-03,22.812334060668945,30.610000610351562,33.0,29.989999771118164,33.0,64200
2007-01-04,23.199865341186523,31.1299991607666,31.31999969482422,30.309999465942383,30.5,20800
2007-01-05,22.484411239624023,30.170000076293945,31.579999923706055,30.1299991607666,31.0,16400
2007-01-08,22.25339126586914,29.860000610351562,30.1200008392334,29.75,30.079999923706055,14800
2007-01-09,23.035913467407227,30.90999984741211,31.100000381469727,29.799999237060547,29.799999237060547,24000
2007-01-10,22.80487632751465,30.600000381469727,31.110000610351562,30.5,30.610000610351562,7800
2007-01-11,22.77507781982422,30.559999465942383,31.31999969482422,30.3700008392334,30.3700008392334,8800
2007-01-12,22.74526023864746,30.520000457763672,30.75,30.239999771118164,30.239999771118164,12600
2007-01-16,22.55148696899414,30.260000228881836,31.190000534057617,30.260000228881836,30.700000762939453,16400
2007-01-17,22.245935440063477,29.850000381469727,29.979999542236328,29.450000762939453,29.719999313354492,34100
2007-01-18,22.089431762695312,29.639999389648438,29.860000610351562,29.600000381469727,29.860000610351562,21000
2007-01-19,22.357728958129883,30.0,30.200000762939453,29.670000076293945,29.670000076293945,7600
2007-01-22,22.089431762695312,29.639999389648438,30.25,29.6200008392334,29.860000610351562,19500
2007-01-23,22.23847770690918,29.84000015258789,29.8799991607666,29.65999984741211,29.709999084472656,4500
2007-01-24,22.70055389404297,30.459999084472656,30.530000686645508,29.860000610351562,29.860000610351562,11500
2007-01-25,22.096879959106445,29.649999618530273,30.959999084472656,29.600000381469727,30.399999618530273,31700
2007-01-26,22.34282684326172,29.979999542236328,30.0,29.479999542236328,29.719999313354492,12200
2007-01-29,22.931570053100586,30.770000457763672,30.950000762939453,29.610000610351562,29.770000457763672,21600
2007-01-30,23.043367385864258,30.920000076293945,31.0,30.479999542236328,30.5,36600
2007-01-31,22.76761245727539,30.549999237060547,30.809999465942383,30.5,30.809999465942383,20600
2007-02-01,22.968839645385742,30.81999969482422,30.989999771118164,30.450000762939453,30.579999923706055,15400
2007-02-02,23.102983474731445,31.0,31.0,30.770000457763672,30.950000762939453,4500
2007-02-05,23.11789321899414,31.020000457763672,31.420000076293945,31.0,31.25,16800
2007-02-06,23.37126922607422,31.360000610351562,31.360000610351562,31.020000457763672,31.020000457763672,10900
2007-02-07,22.99864387512207,30.860000610351562,31.299999237060547,30.5,31.299999237060547,16600
2007-02-08,22.670734405517578,30.420000076293945,30.729999542236328,30.40999984741211,30.690000534057617,5900
2007-02-09,22.4248104095459,30.09000015258789,30.350000381469727,29.65999984741211,30.350000381469727,16500
2007-02-12,22.283203125,29.899999618530273,30.049999237060547,29.65999984741211,29.799999237060547,11300
2007-02-13,22.417343139648438,30.079999923706055,30.1200008392334,29.799999237060547,29.889999389648438,19800
2007-02-14,22.23847770690918,29.84000015258789,30.399999618530273,29.75,29.979999542236328,8000
2007-02-15,22.111787796020508,29.670000076293945,29.959999084472656,29.59000015258789,29.920000076293945,14400
2007-02-16,22.156509399414062,29.729999542236328,29.829999923706055,29.559999465942383,29.780000686645508,23100
2007-02-20,22.34282684326172,29.979999542236328,30.0,29.639999389648438,29.649999618530273,12700
2007-02-21,22.171405792236328,29.75,29.920000076293945,29.639999389648438,29.860000610351562,5000
2007-02-22,22.320457458496094,29.950000762939453,30.0,29.639999389648438,29.81999969482422,11700
2007-02-23,22.119239807128906,29.68000030517578,29.799999237060547,29.649999618530273,29.790000915527344,5800
2007-02-26,22.059627532958984,29.600000381469727,29.719999313354492,29.59000015258789,29.670000076293945,28200
2007-02-27,21.239843368530273,28.5,29.59000015258789,28.5,29.59000015258789,39700
2007-02-28,21.478313446044922,28.81999969482422,29.479999542236328,28.5,28.5,20300
2007-03-01,21.277103424072266,28.549999237060547,28.549999237060547,28.059999465942383,28.3799991607666,27200
2007-03-02,20.673444747924805,27.739999771118164,28.5,27.3799991607666,28.399999618530273,26100
2007-03-05,20.859756469726562,27.989999771118164,28.43000030517578,27.350000381469727,27.5,34100
2007-03-06,21.530485153198242,28.889999389648438,29.09000015258789,27.780000686645508,28.209999084472656,18200
2007-03-07,21.36653709411621,28.670000076293945,29.139999389648438,28.010000228881836,28.84000015258789,54900
2007-03-08,21.18766975402832,28.43000030517578,28.809999465942383,28.170000076293945,28.579999923706055,18400
2007-03-09,21.5677547454834,28.940000534057617,29.139999389648438,28.600000381469727,28.600000381469727,12200
2007-03-12,21.5677547454834,28.940000534057617,29.299999237060547,28.670000076293945,28.670000076293945,17200
2007-03-13,21.21160888671875,28.40999984741211,28.989999771118164,28.31999969482422,28.6200008392334,26900
2007-03-14,21.413209915161133,28.68000030517578,28.68000030517578,28.15999984741211,28.350000381469727,25200
2007-03-15,21.375865936279297,28.6299991607666,28.8799991607666,28.399999618530273,28.81999969482422,18300
2007-03-16,21.114559173583984,28.280000686645508,28.829999923706055,28.1200008392334,28.700000762939453,67900
2007-03-19,21.062288284301758,28.209999084472656,28.420000076293945,28.0,28.280000686645508,11000
2007-03-20,21.15187644958496,28.329999923706055,28.329999923706055,28.0,28.219999313354492,7500
2007-03-21,21.562524795532227,28.8799991607666,28.8799991607666,27.969999313354492,28.43000030517578,9300
2007-03-22,21.659587860107422,29.010000228881836,29.010000228881836,28.520000457763672,29.0,11200
2007-03-23,21.301204681396484,28.530000686645508,28.780000686645508,28.43000030517578,28.780000686645508,6100
2007-03-26,21.196687698364258,28.389999389648438,28.479999542236328,28.06999969482422,28.479999542236328,8000
2007-03-27,20.718839645385742,27.75,28.649999618530273,27.700000762939453,28.239999771118164,7500
2007-03-28,20.703914642333984,27.729999542236328,28.170000076293945,27.5,27.579999923706055,13400
2007-03-29,20.92043113708496,28.020000457763672,28.049999237060547,27.75,27.809999465942383,6900
2007-03-30,20.905500411987305,28.0,28.25,27.709999084472656,28.010000228881836,13300
2007-04-02,20.741243362426758,27.780000686645508,28.0,27.5,28.0,43200
2007-04-03,20.905500411987305,28.0,28.200000762939453,27.760000228881836,27.84000015258789,19800
2007-04-04,20.763633728027344,27.809999465942383,28.15999984741211,27.790000915527344,28.0,10100
2007-04-05,21.01749038696289,28.149999618530273,28.149999618530273,27.850000381469727,27.850000381469727,2500
2007-04-09,20.726306915283203,27.760000228881836,28.200000762939453,27.709999084472656,28.200000762939453,15500
2007-04-10,20.80096435546875,27.860000610351562,28.0,27.75,27.75,5200
2007-04-11,20.644174575805664,27.649999618530273,27.93000030517578,27.600000381469727,27.93000030517578,40700
2007-04-12,20.875627517700195,27.959999084472656,27.959999084472656,27.579999923706055,27.690000534057617,13800
2007-04-13,20.524715423583984,27.489999771118164,27.8799991607666,27.299999237060547,27.8700008392334,14100
2007-04-16,20.890560150146484,27.979999542236328,28.0,27.450000762939453,27.719999313354492,35000
2007-04-17,20.830829620361328,27.899999618530273,28.31999969482422,27.5,28.0,16200
2007-04-18,20.11407470703125,26.940000534057617,27.639999389648438,26.84000015258789,27.389999389648438,93300
2007-04-19,19.42717170715332,26.020000457763672,26.75,25.75,26.75,81300
2007-04-20,19.97968101501465,26.760000228881836,27.0,26.18000030517578,26.440000534057617,29000
2007-04-23,19.606372833251953,26.260000228881836,26.68000030517578,26.100000381469727,26.65999984741211,17700
2007-04-24,18.859739303588867,25.260000228881836,25.969999313354492,25.049999237060547,25.75,37900
2007-04-25,18.538692474365234,24.829999923706055,25.75,24.75,25.209999084472656,25400
2007-04-26,18.770151138305664,25.139999389648438,25.700000762939453,24.899999618530273,24.899999618530273,22400
2007-04-27,18.456562042236328,24.719999313354492,25.280000686645508,24.649999618530273,25.170000076293945,13900
2007-04-30,18.15791893005371,24.31999969482422,25.450000762939453,24.030000686645508,25.450000762939453,72000
2007-05-01,18.33711051940918,24.559999465942383,24.850000381469727,24.3799991607666,24.3799991607666,40200
2007-05-02,18.63575553894043,24.959999084472656,24.989999771118164,24.239999771118164,24.540000915527344,78500
2007-05-03,18.964265823364258,25.399999618530273,25.81999969482422,24.75,24.959999084472656,71000
2007-05-04,19.01654052734375,25.469999313354492,25.6299991607666,25.110000610351562,25.6299991607666,23000
2007-05-07,19.247989654541016,25.780000686645508,25.920000076293945,25.350000381469727,25.5,21300
2007-05-08,19.091205596923828,25.56999969482422,25.700000762939453,25.170000076293945,25.700000762939453,19900
2007-05-09,19.0837345123291,25.559999465942383,25.75,25.5,25.549999237060547,29700
2007-05-10,18.88960838317871,25.299999237060547,25.479999542236328,25.0,25.459999084472656,29900
2007-05-11,19.27785301208496,25.81999969482422,25.940000534057617,25.389999389648438,25.389999389648438,19400
2007-05-14,18.770151138305664,25.139999389648438,25.81999969482422,25.0,25.530000686645508,23800
2007-05-15,18.762685775756836,25.1299991607666,25.43000030517578,25.100000381469727,25.170000076293945,26900
2007-05-16,18.643226623535156,24.969999313354492,25.579999923706055,24.399999618530273,25.260000228881836,125000
2007-05-17,18.66562271118164,25.0,25.3700008392334,24.75,25.010000228881836,34200
2007-05-18,18.65068817138672,24.979999542236328,25.25,24.3799991607666,25.139999389648438,20300
2007-05-21,18.77761459350586,25.149999618530273,25.190000534057617,24.899999618530273,24.899999618530273,24800
2007-05-22,18.859739303588867,25.260000228881836,25.479999542236328,25.040000915527344,25.200000762939453,15000
2007-05-23,18.859739303588867,25.260000228881836,25.639999389648438,25.030000686645508,25.360000610351562,4900
2007-05-24,18.33711051940918,24.559999465942383,25.200000762939453,24.3700008392334,25.190000534057617,21400
2007-05-25,18.55362892150879,24.850000381469727,24.850000381469727,24.520000457763672,24.610000610351562,5000
2007-05-29,18.88960838317871,25.299999237060547,25.5,24.84000015258789,24.950000762939453,22500
2007-05-30,18.874685287475586,25.280000686645508,25.299999237060547,24.940000534057617,24.940000534057617,11400
2007-05-31,18.10565185546875,24.25,25.5,24.25,25.1200008392334,83200
2007-06-01,19.195720672607422,25.709999084472656,25.770000457763672,24.260000228881836,24.75,64000
2007-06-04,19.38237190246582,25.959999084472656,25.959999084472656,25.540000915527344,25.760000228881836,42500
2007-06-05,18.807477951049805,25.190000534057617,25.729999542236328,24.979999542236328,25.729999542236328,52000
2007-06-06,18.82241439819336,25.209999084472656,25.510000228881836,24.75,25.0,21200
2007-06-07,18.829877853393555,25.219999313354492,25.350000381469727,24.860000610351562,24.8700008392334,41000
2007-06-08,19.195720672607422,25.709999084472656,25.81999969482422,25.049999237060547,25.09000015258789,28200
2007-06-11,19.322647094726562,25.8799991607666,26.059999465942383,25.389999389648438,25.6299991607666,34000
2007-06-12,18.941877365112305,25.3700008392334,25.780000686645508,25.0,25.68000030517578,55300
2007-06-13,18.951601028442383,25.329999923706055,25.68000030517578,25.0,25.200000762939453,32600
2007-06-14,19.086267471313477,25.510000228881836,25.989999771118164,25.389999389648438,25.40999984741211,23800
2007-06-15,19.176055908203125,25.6299991607666,26.239999771118164,25.6299991607666,26.200000762939453,62800
2007-06-18,18.629880905151367,24.899999618530273,25.829999923706055,24.84000015258789,25.829999923706055,14900
2007-06-19,19.57259750366211,26.15999984741211,26.25,24.81999969482422,24.920000076293945,17900
2007-06-20,18.809444427490234,25.139999389648438,26.0,25.049999237060547,26.0,17800
2007-06-21,19.071311950683594,25.489999771118164,25.639999389648438,24.860000610351562,25.0,23900
2007-06-22,19.1461238861084,25.59000015258789,25.59000015258789,24.959999084472656,25.389999389648438,112100
2007-06-25,18.69721794128418,24.989999771118164,25.979999542236328,24.850000381469727,25.59000015258789,23900
2007-06-26,18.779523849487305,25.100000381469727,25.5,24.43000030517578,25.170000076293945,25600
2007-06-27,19.273317337036133,25.760000228881836,25.760000228881836,25.0,25.0,15600
2007-06-28,19.422948837280273,25.959999084472656,26.139999389648438,25.610000610351562,25.860000610351562,13400
2007-06-29,18.599950790405273,24.860000610351562,26.1299991607666,24.6200008392334,25.799999237060547,32200
2007-07-02,18.622390747070312,24.889999389648438,25.09000015258789,24.68000030517578,25.079999923706055,10100
2007-07-03,18.405426025390625,24.600000381469727,24.93000030517578,24.520000457763672,24.93000030517578,6500
2007-07-05,18.435344696044922,24.639999389648438,24.719999313354492,24.239999771118164,24.56999969482422,14900
2007-07-06,18.472761154174805,24.690000534057617,24.829999923706055,24.389999389648438,24.579999923706055,9600
2007-07-09,18.345569610595703,24.520000457763672,24.780000686645508,24.25,24.690000534057617,9400
2007-07-10,18.248308181762695,24.389999389648438,24.739999771118164,24.049999237060547,24.31999969482422,57800
2007-07-11,17.956506729125977,24.0,24.5,23.850000381469727,24.450000762939453,61400
2007-07-12,17.956506729125977,24.0,24.239999771118164,23.809999465942383,24.239999771118164,70600
2007-07-13,17.956506729125977,24.0,24.139999389648438,23.450000762939453,23.850000381469727,33000
2007-07-16,17.93406105041504,23.969999313354492,24.06999969482422,23.84000015258789,23.899999618530273,23100
2007-07-17,17.941543579101562,23.979999542236328,24.0,23.639999389648438,23.799999237060547,55600
2007-07-18,17.155954360961914,22.93000030517578,23.739999771118164,22.760000228881836,23.40999984741211,78200
2007-07-19,16.7594051361084,22.399999618530273,23.229999542236328,22.399999618530273,23.229999542236328,45900
2007-07-20,16.542438507080078,22.110000610351562,22.6200008392334,21.559999465942383,22.350000381469727,65400
2007-07-23,16.609779357910156,22.200000762939453,22.510000228881836,21.950000762939453,22.15999984741211,28600
2007-07-24,16.31797981262207,21.809999465942383,22.530000686645508,21.780000686645508,22.200000762939453,56200
2007-07-25,16.452655792236328,21.989999771118164,22.190000534057617,21.329999923706055,22.049999237060547,36500
2007-07-26,15.898992538452148,21.25,22.0,21.100000381469727,21.700000762939453,24800
2007-07-27,15.749354362487793,21.049999237060547,21.889999389648438,20.989999771118164,21.25,36700
2007-07-30,15.494973182678223,20.709999084472656,21.040000915527344,20.450000762939453,20.969999313354492,22500
2007-07-31,14.978720664978027,20.020000457763672,21.190000534057617,20.0,20.959999084472656,23200
2007-08-01,15.300447463989258,20.450000762939453,20.469999313354492,19.65999984741211,19.959999084472656,22700
2007-08-02,15.352815628051758,20.520000457763672,21.549999237060547,20.25,20.649999618530273,17800
2007-08-03,14.978720664978027,20.020000457763672,21.899999618530273,19.84000015258789,20.549999237060547,19800
2007-08-06,17.477670669555664,23.360000610351562,23.389999389648438,20.09000015258789,20.09000015258789,71900
2007-08-07,17.582416534423828,23.5,23.68000030517578,22.200000762939453,23.1299991607666,22100
2007-08-08,20.058914184570312,26.809999465942383,27.0,23.760000228881836,23.760000228881836,171700
2007-08-09,19.826980590820312,26.5,27.149999618530273,24.59000015258789,26.149999618530273,71900
2007-08-10,18.831880569458008,25.170000076293945,26.5,24.610000610351562,26.079999923706055,42000
2007-08-13,16.871641159057617,22.549999237060547,26.350000381469727,22.5,26.0,37300
2007-08-14,16.422727584838867,21.950000762939453,22.8799991607666,21.5,22.549999237060547,30400
2007-08-15,16.804304122924805,22.459999084472656,25.31999969482422,21.530000686645508,21.799999237060547,33600
2007-08-16,17.6572322845459,23.600000381469727,24.350000381469727,22.31999969482422,22.940000534057617,62800
2007-08-17,18.35304832458496,24.530000686645508,26.489999771118164,23.530000686645508,26.420000076293945,64800
2007-08-20,17.99391746520996,24.049999237060547,24.799999237060547,23.360000610351562,24.59000015258789,14200
2007-08-21,18.562541961669922,24.809999465942383,25.299999237060547,23.65999984741211,23.65999984741211,27600
2007-08-22,18.68973159790039,24.979999542236328,25.68000030517578,24.440000534057617,24.899999618530273,21000
2007-08-23,16.84918975830078,22.520000457763672,25.459999084472656,22.399999618530273,25.149999618530273,33600
2007-08-24,16.879119873046875,22.559999465942383,23.5,22.010000228881836,22.68000030517578,35200
2007-08-27,17.39537239074707,23.25,23.5,22.18000030517578,22.520000457763672,16100
2007-08-28,17.410327911376953,23.270000457763672,24.5,22.510000228881836,23.190000534057617,21100
2007-08-29,17.328027725219727,23.15999984741211,23.8799991607666,22.350000381469727,23.360000610351562,25700
2007-08-30,16.91652488708496,22.610000610351562,23.059999465942383,22.209999084472656,22.860000610351562,9300
2007-08-31,16.879119873046875,22.559999465942383,23.6299991607666,22.329999923706055,22.989999771118164,17900
2007-09-04,16.841711044311523,22.510000228881836,22.639999389648438,22.0,22.510000228881836,26100
2007-09-05,16.55739974975586,22.1299991607666,22.270000457763672,21.899999618530273,22.020000457763672,34600
2007-09-06,16.534955978393555,22.100000381469727,22.3700008392334,21.899999618530273,22.149999618530273,7000
2007-09-07,16.048629760742188,21.450000762939453,22.239999771118164,21.450000762939453,21.709999084472656,32000
2007-09-10,16.46761703491211,22.010000228881836,22.5,21.209999084472656,22.5,30500
2007-09-11,17.29061508178711,23.110000610351562,23.5,21.969999313354492,22.56999969482422,26100
2007-09-12,16.910419464111328,22.549999237060547,23.100000381469727,22.3799991607666,23.040000915527344,31300
2007-09-13,16.925418853759766,22.56999969482422,22.8799991607666,22.399999618530273,22.719999313354492,45600
2007-09-14,17.0454044342041,22.729999542236328,22.90999984741211,22.280000686645508,22.350000381469727,28700
2007-09-17,16.835432052612305,22.450000762939453,22.75,22.260000228881836,22.709999084472656,7500
2007-09-18,18.072778701782227,24.100000381469727,24.1299991607666,22.459999084472656,22.530000686645508,18300
2007-09-19,18.927669525146484,25.239999771118164,25.399999618530273,23.860000610351562,24.459999084472656,48900
2007-09-20,18.365232467651367,24.489999771118164,25.299999237060547,24.399999618530273,25.270000457763672,14800
2007-09-21,18.372739791870117,24.5,24.979999542236328,24.479999542236328,24.760000228881836,48200
2007-09-24,18.500225067138672,24.670000076293945,24.93000030517578,23.65999984741211,24.450000762939453,7300
2007-09-25,17.97528839111328,23.969999313354492,24.700000762939453,23.649999618530273,24.459999084472656,5200
2007-09-26,17.712814331054688,23.6200008392334,24.950000762939453,23.190000534057617,24.09000015258789,5300
2007-09-27,18.372739791870117,24.5,24.65999984741211,23.68000030517578,23.68000030517578,14800
2007-09-28,18.252765655517578,24.34000015258789,24.93000030517578,24.049999237060547,24.459999084472656,17000
2007-10-01,18.372739791870117,24.5,24.799999237060547,23.350000381469727,24.31999969482422,22200
2007-10-02,18.410234451293945,24.549999237060547,24.649999618530273,23.549999237060547,24.579999923706055,8800
2007-10-03,17.862796783447266,23.81999969482422,24.459999084472656,23.770000457763672,24.459999084472656,12200
2007-10-04,18.26775360107422,24.360000610351562,24.399999618530273,23.049999237060547,23.959999084472656,6900
2007-10-05,18.740203857421875,24.989999771118164,25.0,24.209999084472656,24.639999389648438,28300
2007-10-08,18.710206985473633,24.950000762939453,24.969999313354492,24.549999237060547,24.889999389648438,5100
2007-10-09,19.265127182006836,25.690000534057617,25.860000610351562,24.700000762939453,24.75,13600
2007-10-10,19.272628784179688,25.700000762939453,25.8799991607666,25.299999237060547,25.790000915527344,37500
2007-10-11,18.492727279663086,24.65999984741211,25.790000915527344,23.850000381469727,25.790000915527344,16600
2007-10-12,18.605213165283203,24.809999465942383,24.850000381469727,24.350000381469727,24.610000610351562,6200
2007-10-15,18.657699584960938,24.8799991607666,25.170000076293945,24.299999237060547,24.670000076293945,8700
2007-10-16,18.530223846435547,24.709999084472656,25.149999618530273,24.540000915527344,25.139999389648438,10400
2007-10-17,17.85529899597168,23.809999465942383,24.899999618530273,23.280000686645508,24.899999618530273,15500
2007-10-18,18.177762985229492,24.239999771118164,24.239999771118164,23.239999771118164,23.920000076293945,10100
2007-10-19,17.382858276367188,23.18000030517578,24.25,23.0,24.25,24100
2007-10-22,17.892799377441406,23.860000610351562,24.020000457763672,22.729999542236328,23.0,10200
2007-10-23,17.87779998779297,23.84000015258789,23.959999084472656,23.139999389648438,23.790000915527344,9500
2007-10-24,17.390357971191406,23.190000534057617,23.649999618530273,22.649999618530273,23.649999618530273,14000
2007-10-25,17.360368728637695,23.149999618530273,23.399999618530273,23.079999923706055,23.389999389648438,11300
2007-10-26,17.052902221679688,22.739999771118164,23.200000762939453,21.959999084472656,23.200000762939453,65600
2007-10-29,17.24037742614746,22.989999771118164,23.0,22.239999771118164,22.760000228881836,19400
2007-10-30,16.835432052612305,22.450000762939453,22.479999542236328,22.1299991607666,22.219999313354492,9000
2007-10-31,16.737939834594727,22.31999969482422,22.75,22.1299991607666,22.1299991607666,10300
2007-11-01,15.943039894104004,21.260000228881836,22.43000030517578,21.100000381469727,22.43000030517578,51600
2007-11-02,16.265501022338867,21.690000534057617,22.0,21.200000762939453,21.520000457763672,17100
2007-11-05,15.493096351623535,20.65999984741211,21.350000381469727,20.610000610351562,21.350000381469727,11900
2007-11-06,15.935542106628418,21.25,21.579999923706055,20.25,20.649999618530273,15800
2007-11-07,14.975662231445312,19.969999313354492,21.239999771118164,19.940000534057617,20.950000762939453,25400
2007-11-08,15.74056625366211,20.989999771118164,21.440000534057617,20.049999237060547,20.190000534057617,35500
2007-11-09,16.01053237915039,21.350000381469727,21.549999237060547,20.540000915527344,20.75,84800
2007-11-12,17.352863311767578,23.139999389648438,23.34000015258789,21.3700008392334,21.3700008392334,14900
2007-11-13,17.43535614013672,23.25,23.489999771118164,22.549999237060547,23.489999771118164,38300
2007-11-14,17.27787208557129,23.040000915527344,23.5,22.559999465942383,23.440000534057617,11000
2007-11-15,16.647953033447266,22.200000762939453,23.25,22.100000381469727,22.979999542236328,8100
2007-11-16,16.58045768737793,22.110000610351562,22.260000228881836,21.360000610351562,22.260000228881836,24000
2007-11-19,16.490480422973633,21.989999771118164,22.25,21.139999389648438,21.84000015258789,18000
2007-11-20,17.30037498474121,23.06999969482422,23.06999969482422,21.920000076293945,21.920000076293945,23800
2007-11-21,17.32286262512207,23.100000381469727,23.100000381469727,22.260000228881836,22.979999542236328,23000
2007-11-23,17.73531723022461,23.649999618530273,23.75,23.309999465942383,23.309999465942383,5800
2007-11-26,17.6528263092041,23.540000915527344,23.75,23.399999618530273,23.6200008392334,14900
2007-11-27,17.397855758666992,23.200000762939453,23.75,22.889999389648438,23.610000610351562,15100
2007-11-28,18.560213088989258,24.75,24.8700008392334,23.549999237060547,23.549999237060547,34400
2007-11-29,18.00528907775879,24.010000228881836,24.829999923706055,23.959999084472656,24.559999465942383,24600
2007-11-30,17.195383071899414,22.93000030517578,24.479999542236328,22.93000030517578,24.399999618530273,19100
2007-12-03,17.172882080078125,22.899999618530273,23.049999237060547,22.799999237060547,22.93000030517578,23600
2007-12-04,17.4278507232666,23.239999771118164,23.25,22.3799991607666,22.81999969482422,16000
2007-12-05,17.337867736816406,23.1200008392334,23.75,22.549999237060547,23.75,27300
2007-12-06,17.862796783447266,23.81999969482422,24.0,23.43000030517578,23.43000030517578,40500
2007-12-07,17.622833251953125,23.5,23.940000534057617,22.940000534057617,23.940000534057617,10500
2007-12-10,17.930299758911133,23.90999984741211,24.0,23.170000076293945,23.510000228881836,13300
2007-12-11,17.067895889282227,22.760000228881836,24.0,22.700000762939453,23.68000030517578,31600
2007-12-12,17.100217819213867,22.75,23.969999313354492,22.579999923706055,23.350000381469727,18800
2007-12-13,18.002206802368164,23.950000762939453,24.0,22.059999465942383,22.850000381469727,23500
2007-12-14,17.13028907775879,22.790000915527344,23.809999465942383,22.790000915527344,23.549999237060547,40000
2007-12-17,17.137805938720703,22.799999237060547,23.329999923706055,22.600000381469727,22.600000381469727,23400
2007-12-18,17.987178802490234,23.93000030517578,23.940000534057617,22.809999465942383,23.1299991607666,28200
2007-12-19,17.821809768676758,23.709999084472656,24.0,23.6200008392334,23.75,13100
2007-12-20,18.032278060913086,23.989999771118164,24.0,23.6200008392334,24.0,24000
2007-12-21,18.340456008911133,24.399999618530273,24.739999771118164,24.239999771118164,24.25,133400
2007-12-24,18.791454315185547,25.0,25.0,24.18000030517578,24.18000030517578,18100
2007-12-26,18.814002990722656,25.030000686645508,25.079999923706055,24.079999923706055,24.75,24000
2007-12-27,17.896974563598633,23.809999465942383,24.700000762939453,23.1200008392334,23.1200008392334,18600
2007-12-28,18.00971794128418,23.959999084472656,24.719999313354492,23.299999237060547,24.219999313354492,36600
2007-12-31,17.896974563598633,23.809999465942383,24.149999618530273,23.479999542236328,23.6299991607666,11100
2008-01-02,17.145315170288086,22.809999465942383,24.969999313354492,22.799999237060547,23.56999969482422,24900
2008-01-03,17.400880813598633,23.149999618530273,23.540000915527344,22.799999237060547,22.899999618530273,36400
2008-01-04,17.21296501159668,22.899999618530273,23.950000762939453,22.75,22.860000610351562,18200
2008-01-07,17.333232879638672,23.059999465942383,23.649999618530273,22.540000915527344,22.959999084472656,47700
2008-01-08,17.258073806762695,22.959999084472656,23.950000762939453,22.75,23.1200008392334,42500
2008-01-09,17.137805938720703,22.799999237060547,23.030000686645508,22.5,22.860000610351562,47400
2008-01-10,17.250551223754883,22.950000762939453,23.25,22.450000762939453,22.6200008392334,71600
2008-01-11,16.2508487701416,21.6200008392334,23.75,21.610000610351562,22.770000457763672,22200
2008-01-14,16.205745697021484,21.559999465942383,21.75,21.25,21.649999618530273,14400
2008-01-15,16.35607147216797,21.760000228881836,21.989999771118164,21.299999237060547,21.299999237060547,12800
2008-01-16,16.70936393737793,22.229999542236328,23.40999984741211,21.25,21.75,27200
2008-01-17,15.792339324951172,21.010000228881836,22.81999969482422,21.010000228881836,22.81999969482422,9900
2008-01-18,15.784815788269043,21.0,22.1200008392334,20.510000228881836,20.8799991607666,28300
2008-01-22,16.604124069213867,22.09000015258789,23.0,17.989999771118164,19.920000076293945,29200
2008-01-23,17.243032455444336,22.940000534057617,23.190000534057617,21.600000381469727,21.6200008392334,19000
2008-01-24,16.52896499633789,21.989999771118164,23.0,21.989999771118164,23.0,17900
2008-01-25,16.115550994873047,21.440000534057617,22.489999771118164,21.059999465942383,22.350000381469727,34300
2008-01-28,16.145610809326172,21.479999542236328,21.850000381469727,21.010000228881836,21.59000015258789,5800
2008-01-29,16.025344848632812,21.31999969482422,21.75,21.229999542236328,21.75,13400
2008-01-30,16.13809585571289,21.469999313354492,21.690000534057617,20.760000228881836,21.239999771118164,28300
2008-01-31,16.183195114135742,21.530000686645508,22.549999237060547,20.920000076293945,21.15999984741211,49000
2008-02-01,16.949892044067383,22.549999237060547,22.719999313354492,21.6200008392334,21.65999984741211,19400
2008-02-04,16.739431381225586,22.270000457763672,23.0,21.8700008392334,22.440000534057617,27800
2008-02-05,16.23581886291504,21.600000381469727,22.440000534057617,21.510000228881836,22.040000915527344,35000
2008-02-06,15.935149192810059,21.200000762939453,21.989999771118164,20.530000686645508,21.81999969482422,47100
2008-02-07,15.82992172241211,21.059999465942383,21.68000030517578,20.889999389648438,21.1200008392334,21500
2008-02-08,15.49167537689209,20.610000610351562,21.68000030517578,20.610000610351562,21.059999465942383,14300
2008-02-11,15.935149192810059,21.200000762939453,21.68000030517578,20.579999923706055,20.579999923706055,22000
2008-02-12,16.047903060913086,21.350000381469727,21.739999771118164,21.0,21.690000534057617,30500
2008-02-13,16.904796600341797,22.489999771118164,22.489999771118164,21.700000762939453,21.719999313354492,40700
2008-02-14,16.1982364654541,21.549999237060547,22.760000228881836,21.149999618530273,22.760000228881836,34800
2008-02-15,15.920122146606445,21.18000030517578,21.899999618530273,20.6200008392334,21.440000534057617,53900
2008-02-19,15.799854278564453,21.020000457763672,21.709999084472656,20.969999313354492,21.510000228881836,24000
2008-02-20,15.807368278503418,21.030000686645508,21.34000015258789,20.610000610351562,20.899999618530273,21400
2008-02-21,15.724689483642578,20.920000076293945,21.559999465942383,20.760000228881836,21.520000457763672,48300
2008-02-22,15.882539749145508,21.1299991607666,21.200000762939453,20.610000610351562,20.760000228881836,18600
2008-02-25,16.22829818725586,21.59000015258789,21.59000015258789,20.81999969482422,21.18000030517578,8900
2008-02-26,16.34856605529785,21.75,22.0,21.270000457763672,21.34000015258789,14300
2008-02-27,15.980252265930176,21.260000228881836,21.75,21.190000534057617,21.489999771118164,4300
2008-02-28,15.82992172241211,21.059999465942383,21.75,20.860000610351562,21.049999237060547,20400
2008-02-29,15.040684700012207,20.010000228881836,21.030000686645508,20.010000228881836,20.760000228881836,55500
2008-03-03,14.544584274291992,19.350000381469727,20.600000381469727,18.84000015258789,20.030000686645508,35400
2008-03-04,14.664852142333984,19.510000228881836,19.540000915527344,18.25,19.190000534057617,50600
2008-03-05,14.672361373901367,19.520000457763672,19.75,19.25,19.639999389648438,5700
2008-03-06,13.920708656311035,18.520000457763672,19.829999923706055,18.3799991607666,19.450000762939453,15000
2008-03-07,13.672660827636719,18.190000534057617,18.899999618530273,18.15999984741211,18.25,29700
2008-03-10,14.807662963867188,19.700000762939453,19.739999771118164,18.290000915527344,18.290000915527344,25000
2008-03-11,16.31850242614746,21.709999084472656,21.75,19.760000228881836,19.889999389648438,59800
2008-03-12,15.82240104675293,21.049999237060547,21.93000030517578,21.049999237060547,21.649999618530273,25900
2008-03-13,15.877419471740723,21.06999969482422,21.3799991607666,20.0,20.719999313354492,23500
2008-03-14,15.884946823120117,21.079999923706055,21.260000228881836,20.6200008392334,21.170000076293945,16900
2008-03-17,15.975373268127441,21.200000762939453,22.489999771118164,19.809999465942383,20.510000228881836,18600
2008-03-18,17.24888801574707,22.889999389648438,22.889999389648438,21.959999084472656,22.010000228881836,14700
2008-03-19,17.218746185302734,22.850000381469727,22.899999618530273,21.25,22.75,40000
2008-03-20,17.6934814453125,23.479999542236328,23.75,22.0,23.389999389648438,150600
2008-03-24,18.00997543334961,23.899999618530273,24.0,23.229999542236328,23.25,14300
2008-03-25,18.763526916503906,24.899999618530273,24.950000762939453,23.719999313354492,24.0,50300
2008-03-26,18.831350326538086,24.989999771118164,24.989999771118164,23.510000228881836,24.90999984741211,30700
2008-03-27,18.6731014251709,24.780000686645508,25.0,23.770000457763672,25.0,33800
2008-03-28,18.831350326538086,24.989999771118164,25.0,24.209999084472656,24.770000457763672,13300
2008-03-31,18.838886260986328,25.0,25.0,24.260000228881836,25.0,24600
2008-04-01,19.02727508544922,25.25,25.5,24.700000762939453,25.0,27700
2008-04-02,18.838886260986328,25.0,25.0,23.40999984741211,24.270000457763672,3500
2008-04-03,17.987369537353516,23.8700008392334,24.719999313354492,23.520000457763672,24.719999313354492,15100
2008-04-04,18.115463256835938,24.040000915527344,24.989999771118164,23.209999084472656,23.989999771118164,10500
2008-04-07,17.392061233520508,23.079999923706055,24.270000457763672,23.010000228881836,23.260000228881836,6100
2008-04-08,17.13585090637207,22.739999771118164,24.920000076293945,22.5,23.020000457763672,8100
2008-04-09,16.502853393554688,21.899999618530273,22.5,21.75,22.5,10600
2008-04-10,16.66111183166504,22.110000610351562,22.479999542236328,21.229999542236328,21.940000534057617,6700
2008-04-11,15.930159568786621,21.139999389648438,21.760000228881836,21.09000015258789,21.760000228881836,14300
2008-04-14,15.342384338378906,20.360000610351562,21.34000015258789,20.0,20.559999465942383,12900
2008-04-15,17.24888801574707,22.889999389648438,23.0,20.479999542236328,20.479999542236328,23000
2008-04-16,17.33177375793457,23.0,23.5,21.5,23.5,22700
2008-04-17,17.33177375793457,23.0,23.030000686645508,22.540000915527344,22.940000534057617,13300
2008-04-18,17.324237823486328,22.989999771118164,23.489999771118164,22.799999237060547,23.479999542236328,16300
2008-04-21,17.316709518432617,22.979999542236328,23.0,22.3799991607666,22.850000381469727,7900
2008-04-22,16.208974838256836,21.510000228881836,23.309999465942383,21.510000228881836,22.81999969482422,12700
2008-04-23,16.47272300720215,21.860000610351562,22.329999923706055,21.479999542236328,21.610000610351562,17400
2008-04-24,17.007741928100586,22.56999969482422,22.579999923706055,21.0,21.90999984741211,32800
2008-04-25,17.33177375793457,23.0,23.0,21.110000610351562,22.56999969482422,7800
2008-04-28,17.083097457885742,22.670000076293945,23.0,22.5,22.989999771118164,6900
2008-04-29,16.66864585876465,22.1200008392334,22.950000762939453,21.649999618530273,22.690000534057617,4500
2008-04-30,16.16376495361328,21.450000762939453,23.0,21.3799991607666,22.229999542236328,7700
2008-05-01,16.864566802978516,22.3799991607666,23.0,21.3799991607666,21.3799991607666,13600
2008-05-02,16.329551696777344,21.670000076293945,22.649999618530273,21.110000610351562,22.649999618530273,15800
2008-05-05,16.043195724487305,21.290000915527344,21.709999084472656,21.25,21.399999618530273,25000
2008-05-06,16.322010040283203,21.65999984741211,21.75,21.200000762939453,21.200000762939453,9800
2008-05-07,15.560916900634766,20.649999618530273,22.15999984741211,20.420000076293945,21.639999389648438,23500
2008-05-08,15.824658393859863,21.0,21.299999237060547,20.90999984741211,21.0,13200
2008-05-09,15.76438045501709,20.920000076293945,21.959999084472656,20.579999923706055,21.0,32100
2008-05-12,16.374753952026367,21.729999542236328,21.75,20.649999618530273,20.950000762939453,28300
2008-05-13,16.043195724487305,21.290000915527344,21.690000534057617,21.100000381469727,21.670000076293945,14900
2008-05-14,16.322010040283203,21.65999984741211,21.8799991607666,21.649999618530273,21.84000015258789,5200
2008-05-15,16.193906784057617,21.489999771118164,21.6200008392334,21.1200008392334,21.6200008392334,15000
2008-05-16,15.83220386505127,21.010000228881836,21.719999313354492,20.610000610351562,21.719999313354492,20200
2008-05-19,15.704097747802734,20.84000015258789,21.59000015258789,20.610000610351562,20.959999084472656,18800
2008-05-20,15.221813201904297,20.200000762939453,21.0,20.010000228881836,20.700000762939453,20700
2008-05-21,15.078648567199707,20.010000228881836,20.440000534057617,19.799999237060547,20.09000015258789,26300
2008-05-22,14.475798606872559,19.209999084472656,20.3700008392334,18.010000228881836,20.15999984741211,90100
2008-05-23,14.505943298339844,19.25,19.719999313354492,19.25,19.350000381469727,17000
2008-05-27,15.071110725402832,20.0,20.190000534057617,19.309999465942383,19.309999465942383,22100
2008-05-28,15.27457332611084,20.270000457763672,20.399999618530273,19.59000015258789,20.239999771118164,11000
2008-05-29,15.990439414978027,21.219999313354492,21.489999771118164,20.139999389648438,20.399999618530273,25300
2008-05-30,15.108787536621094,20.049999237060547,21.209999084472656,20.030000686645508,21.209999084472656,8500
2008-06-02,14.611443519592285,19.389999389648438,20.850000381469727,19.25,19.950000762939453,27400
2008-06-03,14.807364463806152,19.649999618530273,19.81999969482422,19.360000610351562,19.43000030517578,20300
2008-06-04,15.357457160949707,20.3799991607666,20.3799991607666,19.290000915527344,19.530000686645508,45400
2008-06-05,16.578214645385742,22.0,22.0,19.530000686645508,20.350000381469727,21100
2008-06-06,15.364994049072266,20.389999389648438,21.770000457763672,20.219999313354492,21.770000457763672,25800
2008-06-09,15.236899375915527,20.219999313354492,20.639999389648438,19.780000686645508,20.530000686645508,23700
2008-06-10,15.628740310668945,20.739999771118164,20.899999618530273,19.469999313354492,20.030000686645508,6300
2008-06-11,14.814900398254395,19.65999984741211,20.690000534057617,19.579999923706055,20.639999389648438,6200
2008-06-12,15.527417182922363,20.549999237060547,20.600000381469727,19.959999084472656,19.959999084472656,2000
2008-06-13,15.587868690490723,20.6299991607666,20.940000534057617,20.280000686645508,20.790000915527344,10900
2008-06-16,15.482090950012207,20.489999771118164,20.899999618530273,20.34000015258789,20.59000015258789,19000
2008-06-17,14.847390174865723,19.649999618530273,20.5,19.209999084472656,20.329999923706055,24500
2008-06-18,14.69626522064209,19.450000762939453,19.75,19.200000762939453,19.530000686645508,13900
2008-06-19,15.036284446716309,19.899999618530273,19.899999618530273,19.3700008392334,19.440000534057617,14600
2008-06-20,14.80204963684082,19.59000015258789,20.110000610351562,19.260000228881836,19.81999969482422,39800
2008-06-23,14.144691467285156,18.719999313354492,19.59000015258789,18.719999313354492,19.59000015258789,6300
2008-06-24,14.394033432006836,19.049999237060547,19.43000030517578,18.100000381469727,18.540000915527344,14400
2008-06-25,14.839837074279785,19.639999389648438,19.700000762939453,19.200000762939453,19.200000762939453,8500
2008-06-26,14.05401611328125,18.600000381469727,19.100000381469727,18.059999465942383,19.059999465942383,21000
2008-06-27,15.08918285369873,19.969999313354492,20.639999389648438,18.020000457763672,18.389999389648438,417000
2008-06-30,14.242911338806152,18.850000381469727,20.139999389648438,18.100000381469727,19.920000076293945,35100
2008-07-01,13.925569534301758,18.43000030517578,18.90999984741211,18.010000228881836,18.6200008392334,30400
2008-07-02,13.41176700592041,17.75,19.0,17.65999984741211,18.350000381469727,43300
2008-07-03,13.457098007202148,17.809999465942383,18.579999923706055,17.299999237060547,17.43000030517578,23300
2008-07-07,12.051700592041016,15.949999809265137,17.989999771118164,15.75,17.989999771118164,24800
2008-07-08,14.333589553833008,18.969999313354492,19.0,16.049999237060547,16.75,45200
2008-07-09,13.555328369140625,17.940000534057617,18.899999618530273,16.959999084472656,18.15999984741211,26200
2008-07-10,13.895346641540527,18.389999389648438,18.850000381469727,17.739999771118164,17.739999771118164,17000
2008-07-11,14.001127243041992,18.530000686645508,19.18000030517578,18.0,18.0,20700
2008-07-14,13.63844108581543,18.049999237060547,18.719999313354492,18.049999237060547,18.719999313354492,23100
2008-07-15,13.215310096740723,17.489999771118164,18.489999771118164,17.389999389648438,17.68000030517578,20000
2008-07-16,13.593106269836426,17.989999771118164,18.020000457763672,17.31999969482422,17.739999771118164,18300
2008-07-17,14.091798782348633,18.649999618530273,19.850000381469727,17.25,18.5,23600
2008-07-18,13.47976303100586,17.84000015258789,18.979999542236328,17.549999237060547,18.100000381469727,18300
2008-07-21,13.676218032836914,18.100000381469727,18.5,17.889999389648438,18.5,22200
2008-07-22,14.258025169372559,18.8700008392334,19.43000030517578,17.510000228881836,17.969999313354492,30800
2008-07-23,14.363812446594238,19.010000228881836,19.6200008392334,18.8799991607666,18.8799991607666,21200
2008-07-24,14.80204963684082,19.59000015258789,20.0,18.700000762939453,19.139999389648438,23900
2008-07-25,15.406525611877441,20.389999389648438,20.389999389648438,19.059999465942383,19.850000381469727,10100
2008-07-28,14.205131530761719,18.799999237060547,20.270000457763672,18.709999084472656,20.270000457763672,36300
2008-07-29,14.779385566711426,19.559999465942383,20.0,18.510000228881836,18.510000228881836,27300
2008-07-30,15.346080780029297,20.309999465942383,20.3700008392334,19.700000762939453,19.950000762939453,11700
2008-07-31,15.859882354736328,20.989999771118164,21.0,19.950000762939453,19.950000762939453,31900
2008-08-01,14.152243614196777,18.729999542236328,20.989999771118164,18.510000228881836,20.360000610351562,31300
2008-08-04,13.207756996154785,17.479999542236328,18.739999771118164,17.020000457763672,18.739999771118164,46100
2008-08-05,13.39665412902832,17.729999542236328,18.010000228881836,17.25,17.829999923706055,27800
2008-08-06,13.35887622833252,17.68000030517578,17.920000076293945,17.0,17.610000610351562,32300
2008-08-07,13.623327255249023,18.030000686645508,18.59000015258789,17.420000076293945,17.600000381469727,16000
2008-08-08,14.454483985900879,19.1299991607666,19.1299991607666,17.969999313354492,17.969999313354492,19000
2008-08-11,15.406525611877441,20.389999389648438,20.899999618530273,19.170000076293945,19.170000076293945,30100
2008-08-12,15.330965042114258,20.290000915527344,20.75,19.540000915527344,20.219999313354492,25500
2008-08-13,15.036284446716309,19.899999618530273,20.3799991607666,19.81999969482422,20.1299991607666,76500
2008-08-14,14.95317554473877,19.790000915527344,19.979999542236328,19.06999969482422,19.729999542236328,16000
2008-08-15,14.862507820129395,19.670000076293945,20.5,19.510000228881836,20.469999313354492,33200
2008-08-18,15.028735160827637,19.889999389648438,20.040000915527344,19.670000076293945,19.68000030517578,7200
2008-08-19,14.575374603271484,19.290000915527344,19.719999313354492,19.25,19.440000534057617,12100
2008-08-20,14.242911338806152,18.850000381469727,19.5,18.850000381469727,19.350000381469727,11100
2008-08-21,14.333589553833008,18.969999313354492,19.219999313354492,18.670000076293945,18.670000076293945,4700
2008-08-22,14.431817054748535,19.100000381469727,19.200000762939453,18.81999969482422,18.84000015258789,12200
2008-08-25,13.464653015136719,17.81999969482422,18.950000762939453,17.81999969482422,18.950000762939453,10400
2008-08-26,14.08424186706543,18.639999389648438,18.639999389648438,17.850000381469727,17.850000381469727,12700
2008-08-27,14.288254737854004,18.90999984741211,18.989999771118164,18.100000381469727,18.59000015258789,11600
2008-08-28,14.356253623962402,19.0,19.0,18.290000915527344,18.3799991607666,12100
2008-08-29,14.174909591674805,18.760000228881836,19.0,18.450000762939453,18.809999465942383,12200
2008-09-02,14.11446762084961,18.68000030517578,18.68000030517578,18.43000030517578,18.520000457763672,14000
2008-09-03,14.32602596282959,18.959999084472656,19.0,18.610000610351562,18.6200008392334,19400
2008-09-04,14.250470161437988,18.860000610351562,19.0,18.65999984741211,18.65999984741211,16200
2008-09-05,14.416703224182129,19.079999923706055,19.25,18.1299991607666,18.610000610351562,13500
2008-09-08,15.104293823242188,19.989999771118164,20.0,18.799999237060547,19.489999771118164,28800
2008-09-09,14.620718002319336,19.350000381469727,20.0,19.350000381469727,20.0,13100
2008-09-10,14.847390174865723,19.649999618530273,19.68000030517578,18.799999237060547,19.489999771118164,35100
2008-09-11,14.864815711975098,19.6200008392334,19.649999618530273,18.110000610351562,19.010000228881836,18700
2008-09-12,14.842083930969238,19.59000015258789,19.649999618530273,18.93000030517578,19.639999389648438,5400
2008-09-15,13.864737510681152,18.299999237060547,19.649999618530273,18.299999237060547,19.399999618530273,20400
2008-09-16,14.963311195373535,19.75,19.75,17.479999542236328,17.649999618530273,28400
2008-09-17,14.190522193908691,18.729999542236328,19.950000762939453,18.5,19.809999465942383,5800
2008-09-18,17.42561912536621,23.0,23.0,18.530000686645508,19.270000457763672,92500
2008-09-19,17.455936431884766,23.040000915527344,24.0,20.299999237060547,24.0,183100
2008-09-22,15.925509452819824,21.020000457763672,22.450000762939453,20.1299991607666,21.030000686645508,20200
2008-09-23,16.25128746032715,21.450000762939453,22.75,20.5,20.5,24200
2008-09-24,16.28159523010254,21.489999771118164,22.459999084472656,20.829999923706055,21.450000762939453,8900
2008-09-25,17.213483810424805,22.719999313354492,22.940000534057617,21.010000228881836,21.469999313354492,15200
2008-09-26,16.99376678466797,22.43000030517578,22.989999771118164,21.709999084472656,21.93000030517578,30600
2008-09-29,16.160369873046875,21.329999923706055,22.950000762939453,20.5,21.68000030517578,28800
2008-09-30,17.092267990112305,22.559999465942383,22.989999771118164,20.15999984741211,22.56999969482422,27400
2008-10-01,16.82709312438965,22.209999084472656,22.75,21.190000534057617,22.5,13900
2008-10-02,17.03923225402832,22.489999771118164,22.75,21.420000076293945,22.639999389648438,10200
2008-10-03,16.0618839263916,21.200000762939453,22.75,21.200000762939453,22.399999618530273,9300
2008-10-06,15.372430801391602,20.290000915527344,22.739999771118164,19.059999465942383,20.559999465942383,30000
2008-10-07,14.03141975402832,18.520000457763672,21.719999313354492,18.049999237060547,20.270000457763672,21100
2008-10-08,12.894962310791016,17.020000457763672,21.0,16.579999923706055,18.5,42200
2008-10-09,11.713053703308105,15.460000038146973,17.940000534057617,15.460000038146973,17.459999084472656,44000
2008-10-10,11.80396842956543,15.579999923706055,16.0,14.520000457763672,15.140000343322754,96300
2008-10-13,12.690404891967773,16.75,17.280000686645508,15.850000381469727,16.920000076293945,31600
2008-10-14,12.561603546142578,16.579999923706055,17.829999923706055,16.43000030517578,17.649999618530273,43200
2008-10-15,11.606979370117188,15.319999694824219,17.43000030517578,14.84000015258789,16.5,38100
2008-10-16,12.046409606933594,15.899999618530273,16.540000915527344,15.390000343322754,15.399999618530273,39600
2008-10-17,11.553947448730469,15.25,15.59000015258789,14.600000381469727,15.25,45800
2008-10-20,11.743359565734863,15.5,15.5,15.25,15.260000228881836,12200
2008-10-21,11.36453914642334,15.0,16.139999389648438,15.0,15.15999984741211,26800
2008-10-22,11.341805458068848,14.970000267028809,16.06999969482422,14.5600004196167,14.5600004196167,17400
2008-10-23,10.947837829589844,14.449999809265137,15.619999885559082,12.90999984741211,15.1899995803833,20600
2008-10-24,11.099366188049316,14.649999618530273,15.100000381469727,13.260000228881836,13.260000228881836,17600
2008-10-27,10.41749095916748,13.75,16.989999771118164,13.3100004196167,15.449999809265137,17700
2008-10-28,12.690404891967773,16.75,16.75,13.649999618530273,14.229999542236328,25100
2008-10-29,12.34946346282959,16.299999237060547,17.1200008392334,14.770000457763672,16.6299991607666,20800
2008-10-30,13.25105094909668,17.489999771118164,18.0,15.600000381469727,16.75,10000
2008-10-31,14.054150581359863,18.549999237060547,18.549999237060547,16.65999984741211,16.700000762939453,35500
2008-11-03,13.932924270629883,18.389999389648438,18.739999771118164,17.309999465942383,18.389999389648438,13500
2008-11-04,14.395079612731934,19.0,19.0,18.260000228881836,18.399999618530273,20700
2008-11-05,13.538952827453613,17.8700008392334,19.239999771118164,17.510000228881836,18.59000015258789,19800
2008-11-06,12.932845115661621,17.06999969482422,18.229999542236328,16.8799991607666,17.639999389648438,4200
2008-11-07,13.713208198547363,18.100000381469727,18.299999237060547,16.8799991607666,17.239999771118164,11800
2008-11-10,12.751011848449707,16.829999923706055,18.600000381469727,16.600000381469727,18.360000610351562,8400
2008-11-11,13.296509742736816,17.549999237060547,17.90999984741211,16.15999984741211,16.579999923706055,14800
2008-11-12,12.122173309326172,16.0,17.100000381469727,16.0,17.100000381469727,11900
2008-11-13,12.25097370147705,16.170000076293945,17.440000534057617,15.0600004196167,16.209999084472656,37700
2008-11-14,11.25089168548584,14.850000381469727,16.770000457763672,14.850000381469727,15.880000114440918,6800
2008-11-17,11.175127983093262,14.75,16.200000762939453,14.510000228881836,14.75,8400
2008-11-18,10.8114652633667,14.270000457763672,15.199999809265137,14.25,15.199999809265137,13900
2008-11-19,9.85684585571289,13.010000228881836,15.170000076293945,12.8100004196167,14.25,32600
2008-11-20,9.546212196350098,12.600000381469727,13.84000015258789,12.5600004196167,13.0,26600
2008-11-21,10.682662010192871,14.100000381469727,14.100000381469727,12.300000190734863,12.699999809265137,28000
2008-11-24,10.546289443969727,13.920000076293945,14.890000343322754,12.539999961853027,13.899999618530273,17900
2008-11-25,10.796310424804688,14.25,14.25,12.829999923706055,13.430000305175781,15800
2008-11-26,11.356958389282227,14.989999771118164,14.989999771118164,12.84000015258789,13.699999809265137,35300
2008-11-28,10.796310424804688,14.25,14.930000305175781,14.0,14.75,5200
2008-12-01,8.705239295959473,11.489999771118164,13.9399995803833,11.489999771118164,13.9399995803833,45300
2008-12-02,10.606903076171875,14.0,14.0,11.859999656677246,11.859999656677246,11600
2008-12-03,10.364462852478027,13.680000305175781,14.0,13.5,13.5,15600
2008-12-04,9.909876823425293,13.079999923706055,13.989999771118164,13.079999923706055,13.960000038146973,14100
2008-12-05,10.796310424804688,14.25,14.25,12.550000190734863,13.40999984741211,18800
2008-12-08,11.36453914642334,15.0,15.0,13.850000381469727,14.25,40100
2008-12-09,10.379611015319824,13.699999809265137,16.649999618530273,13.5,14.489999771118164,37900
2008-12-10,10.599326133728027,13.989999771118164,14.899999618530273,13.380000114440918,13.960000038146973,7800
2008-12-11,9.91745662689209,13.09000015258789,14.869999885559082,13.0,13.270000457763672,16600
2008-12-12,10.985716819763184,14.5,14.5,12.75,12.75,30900
2008-12-15,9.77894115447998,12.859999656677246,14.569999694824219,12.75,14.569999694824219,15800
2008-12-16,11.094459533691406,14.59000015258789,14.59000015258789,12.6899995803833,13.25,37500
2008-12-17,10.957585334777832,14.40999984741211,14.979999542236328,13.229999542236328,14.289999961853027,33800
2008-12-18,10.78269100189209,14.180000305175781,14.989999771118164,13.770000457763672,14.970000267028809,27000
2008-12-19,10.99560546875,14.460000038146973,15.489999771118164,13.899999618530273,15.029999732971191,68500
2008-12-22,11.421440124511719,15.020000457763672,15.020000457763672,13.529999732971191,14.569999694824219,26300
2008-12-23,10.843522071838379,14.260000228881836,15.020000457763672,13.680000305175781,15.020000457763672,35700
2008-12-24,10.341650009155273,13.600000381469727,14.279999732971191,13.260000228881836,14.0600004196167,10300
2008-12-26,10.524147987365723,13.84000015258789,14.229999542236328,13.670000076293945,13.760000228881836,4100
2008-12-29,10.121127128601074,13.3100004196167,14.210000038146973,13.069999694824219,13.819999694824219,23200
2008-12-30,10.934773445129395,14.380000114440918,14.380000114440918,13.0,13.329999923706055,31700
2008-12-31,11.588728904724121,15.239999771118164,15.239999771118164,13.789999961853027,14.470000267028809,33700
2009-01-02,11.261751174926758,14.8100004196167,15.25,14.170000076293945,15.25,33100
2009-01-05,10.889145851135254,14.319999694824219,14.869999885559082,13.779999732971191,14.869999885559082,29200
2009-01-06,11.086851119995117,14.579999923706055,15.050000190734863,13.979999542236328,14.550000190734863,15100
2009-01-07,10.42529582977295,13.710000038146973,14.300000190734863,13.5600004196167,14.270000457763672,13700
2009-01-08,10.28841781616211,13.529999732971191,14.100000381469727,13.350000381469727,13.430000305175781,16000
2009-01-09,9.740921974182129,12.8100004196167,13.739999771118164,12.720000267028809,13.260000228881836,23500
2009-01-12,9.17821216583252,12.069999694824219,13.649999618530273,12.069999694824219,12.789999961853027,15400
2009-01-13,9.216235160827637,12.119999885559082,12.430000305175781,12.050000190734863,12.079999923706055,5300
2009-01-14,8.89686107635498,11.699999809265137,12.529999732971191,11.239999771118164,12.050000190734863,16900
2009-01-15,9.29987907409668,12.229999542236328,12.510000228881836,11.300000190734863,11.729999542236328,20900
2009-01-16,9.489983558654785,12.479999542236328,12.5,12.050000190734863,12.050000190734863,18200
2009-01-20,7.657381534576416,10.069999694824219,12.960000038146973,10.039999961853027,12.90999984741211,26100
2009-01-21,8.858839988708496,11.649999618530273,11.800000190734863,10.220000267028809,10.220000267028809,20200
2009-01-22,8.235296249389648,10.829999923706055,11.6899995803833,10.380000114440918,11.350000381469727,15500
2009-01-23,8.471027374267578,11.140000343322754,11.210000038146973,10.3100004196167,10.3100004196167,14800
2009-01-26,8.44821548461914,11.109999656677246,12.079999923706055,10.729999542236328,11.130000114440918,10900
2009-01-27,8.478629112243652,11.149999618530273,11.149999618530273,10.470000267028809,10.699999809265137,8000
2009-01-28,8.874042510986328,11.670000076293945,11.8100004196167,10.779999732971191,11.140000343322754,17300
2009-01-29,8.440608978271484,11.100000381469727,11.460000038146973,10.720000267028809,11.460000038146973,14500
2009-01-30,7.984361171722412,10.5,11.289999961853027,10.420000076293945,11.220000267028809,8100
2009-02-02,8.927273750305176,11.739999771118164,11.739999771118164,10.510000228881836,11.0,15200
2009-02-03,9.261859893798828,12.180000305175781,12.210000038146973,11.239999771118164,11.829999923706055,27600
2009-02-04,8.874042510986328,11.670000076293945,12.449999809265137,11.210000038146973,12.140000343322754,10300
2009-02-05,9.345503807067871,12.289999961853027,12.739999771118164,11.520000457763672,11.59000015258789,23700
2009-02-06,9.619250297546387,12.649999618530273,12.649999618530273,12.09000015258789,12.59000015258789,16900
2009-02-09,9.6344633102417,12.670000076293945,12.789999961853027,12.100000381469727,12.6899995803833,9100
2009-02-10,8.851236343383789,11.640000343322754,12.770000457763672,11.640000343322754,12.510000228881836,20000
2009-02-11,8.934882164001465,11.75,12.239999771118164,11.630000114440918,11.649999618530273,7000
2009-02-12,8.425402641296387,11.079999923706055,12.050000190734863,10.430000305175781,11.539999961853027,27300
2009-02-13,8.98050594329834,11.8100004196167,11.970000267028809,11.079999923706055,11.260000228881836,24300
2009-02-17,8.30373477935791,10.920000076293945,11.84000015258789,10.859999656677246,11.25,22700
2009-02-18,8.17446517944336,10.75,11.40999984741211,10.75,11.119999885559082,16700
2009-02-19,8.007174491882324,10.529999732971191,11.390000343322754,10.460000038146973,10.979999542236328,20400
2009-02-20,8.296130180358887,10.90999984741211,11.229999542236328,10.300000190734863,10.4399995803833,35300
2009-02-23,7.687800884246826,10.109999656677246,11.0,9.899999618530273,11.0,29700
2009-02-24,8.524258613586426,11.210000038146973,11.229999542236328,9.890000343322754,10.270000457763672,40700
2009-02-25,8.280923843383789,10.890000343322754,11.3100004196167,10.40999984741211,11.130000114440918,24300
2009-02-26,7.619359493255615,10.020000457763672,11.100000381469727,10.020000457763672,10.979999542236328,19500
2009-02-27,6.980612277984619,9.180000305175781,10.289999961853027,9.170000076293945,9.850000381469727,50800
2009-03-02,6.889365196228027,9.0600004196167,9.960000038146973,9.0600004196167,9.170000076293945,31500
2009-03-03,6.904572010040283,9.079999923706055,9.710000038146973,9.079999923706055,9.239999771118164,26000
2009-03-04,6.995820045471191,9.199999809265137,9.25,8.609999656677246,9.25,34900
2009-03-05,6.417905807495117,8.4399995803833,9.199999809265137,8.4399995803833,9.109999656677246,39200
2009-03-06,6.600405216217041,8.680000305175781,8.800000190734863,7.730000019073486,8.539999961853027,27100
2009-03-09,5.718323230743408,7.519999980926514,8.819999694824219,7.519999980926514,8.539999961853027,21300
2009-03-10,6.425510406494141,8.449999809265137,8.970000267028809,7.440000057220459,7.900000095367432,33200
2009-03-11,6.121341228485107,8.050000190734863,8.8100004196167,7.849999904632568,8.699999809265137,26300
2009-03-12,7.269570350646973,9.5600004196167,9.569999694824219,7.559999942779541,7.96999979019165,40100
2009-03-13,7.7612433433532715,10.149999618530273,10.5,8.989999771118164,9.579999923706055,18400
2009-03-16,7.631252765655518,9.979999542236328,10.489999771118164,9.670000076293945,10.489999771118164,13000
2009-03-17,8.220033645629883,10.75,10.819999694824219,9.779999732971191,10.020000457763672,38300
2009-03-18,8.594717979431152,11.239999771118164,11.239999771118164,10.239999771118164,10.720000267028809,15900
2009-03-19,8.143568992614746,10.649999618530273,11.039999961853027,10.069999694824219,10.079999923706055,32200
2009-03-20,7.539493560791016,9.859999656677246,10.789999961853027,9.84000015258789,10.079999923706055,37800
2009-03-23,8.793524742126465,11.5,11.5,10.25,10.25,37500
2009-03-24,7.875938415527344,10.300000190734863,11.710000038146973,10.220000267028809,11.3100004196167,27400
2009-03-25,8.31944465637207,10.880000114440918,11.25,10.010000228881836,10.390000343322754,26500
2009-03-26,8.678828239440918,11.350000381469727,11.4399995803833,10.829999923706055,11.0600004196167,27200
2009-03-27,8.212392807006836,10.739999771118164,11.239999771118164,10.529999732971191,11.050000190734863,20800
2009-03-30,7.914175033569336,10.350000381469727,11.0,10.079999923706055,10.390000343322754,15100
2009-03-31,7.46303129196167,9.760000228881836,10.550000190734863,9.760000228881836,10.550000190734863,16500
2009-04-01,7.921821594238281,10.359999656677246,10.760000228881836,9.760000228881836,9.760000228881836,12200
2009-04-02,8.411200523376465,11.0,11.100000381469727,10.510000228881836,10.640000343322754,28900
2009-04-03,8.76294231414795,11.460000038146973,11.460000038146973,11.09000015258789,11.199999809265137,9000
2009-04-06,7.929469108581543,10.369999885559082,11.229999542236328,10.220000267028809,11.229999542236328,16500
2009-04-07,7.40950345993042,9.6899995803833,10.25,9.6899995803833,10.210000038146973,18000
2009-04-08,7.348328113555908,9.609999656677246,9.890000343322754,9.430000305175781,9.760000228881836,22500
2009-04-09,8.464726448059082,11.069999694824219,11.399999618530273,9.850000381469727,9.859999656677246,23500
2009-04-13,8.45708179473877,11.0600004196167,11.0600004196167,10.510000228881836,10.84000015258789,13000
2009-04-14,7.860649108886719,10.279999732971191,10.899999618530273,9.9399995803833,10.800000190734863,20500
2009-04-15,8.082399368286133,10.569999694824219,10.600000381469727,10.220000267028809,10.220000267028809,7200
2009-04-16,8.342379570007324,10.90999984741211,11.029999732971191,10.75,10.979999542236328,16100
2009-04-17,8.350025177001953,10.920000076293945,10.930000305175781,10.569999694824219,10.920000076293945,14400
2009-04-20,7.394209384918213,9.670000076293945,10.760000228881836,9.520000457763672,10.600000381469727,27800
2009-04-21,7.837711334228516,10.25,10.369999885559082,9.449999809265137,9.670000076293945,14900
2009-04-22,7.585373401641846,9.920000076293945,10.260000228881836,9.859999656677246,10.010000228881836,28200
2009-04-23,7.294806003570557,9.539999961853027,9.960000038146973,9.539999961853027,9.960000038146973,20800
2009-04-24,7.615958213806152,9.960000038146973,10.199999809265137,9.460000038146973,9.520000457763672,16600
2009-04-27,6.6754350662231445,8.729999542236328,9.960000038146973,8.720000267028809,9.729999542236328,30500
2009-04-28,7.355976581573486,9.619999885559082,10.260000228881836,8.489999771118164,8.640000343322754,23500
2009-04-29,7.646544456481934,10.0,10.130000114440918,8.8100004196167,9.760000228881836,26200
2009-04-30,7.5318474769592285,9.850000381469727,10.210000038146973,9.680000305175781,10.079999923706055,20600
2009-05-01,6.8513054847717285,8.960000038146973,9.789999961853027,8.960000038146973,9.789999961853027,22800
2009-05-04,7.302453994750977,9.550000190734863,10.010000228881836,9.039999961853027,9.039999961853027,17200
2009-05-05,7.011880874633789,9.170000076293945,10.09000015258789,9.010000228881836,9.5,29000
2009-05-06,7.011880874633789,9.170000076293945,10.010000228881836,8.800000190734863,8.800000190734863,31300
2009-05-07,6.5530877113342285,8.569999694824219,9.380000114440918,8.449999809265137,9.380000114440918,37700
2009-05-08,7.501261234283447,9.8100004196167,9.989999771118164,8.699999809265137,8.699999809265137,46500
2009-05-11,6.828364849090576,8.930000305175781,9.609999656677246,8.930000305175781,9.289999961853027,15100
2009-05-12,6.8513054847717285,8.960000038146973,9.680000305175781,8.949999809265137,9.0,25300
2009-05-13,6.683080673217773,8.739999771118164,9.319999694824219,8.739999771118164,8.949999809265137,30700
2009-05-14,6.958354949951172,9.100000381469727,9.300000190734863,8.829999923706055,8.829999923706055,12000
2009-05-15,6.499563694000244,8.5,9.239999771118164,8.489999771118164,9.239999771118164,31200
2009-05-18,7.264220237731934,9.5,9.510000228881836,8.680000305175781,8.680000305175781,18200
2009-05-19,7.057760238647461,9.229999542236328,9.369999885559082,8.90999984741211,9.359999656677246,23500
2009-05-20,6.637203216552734,8.680000305175781,9.359999656677246,8.569999694824219,9.359999656677246,28800
2009-05-21,6.56073522567749,8.579999923706055,9.100000381469727,8.329999923706055,8.550000190734863,22400
2009-05-22,6.430744171142578,8.40999984741211,8.890000343322754,8.399999618530273,8.630000114440918,9200
2009-05-26,6.88189172744751,9.0,9.050000190734863,8.369999885559082,8.369999885559082,30000
2009-05-27,6.530150890350342,8.539999961853027,9.479999542236328,8.5,8.9399995803833,10100
2009-05-28,6.231935501098633,8.149999618530273,8.720000267028809,7.800000190734863,8.300000190734863,39500
2009-05-29,6.025477409362793,7.880000114440918,8.3100004196167,7.75,8.210000038146973,26900
2009-06-01,6.843658924102783,8.949999809265137,8.960000038146973,8.069999694824219,8.069999694824219,31200
2009-06-02,7.4324421882629395,9.720000267028809,9.75,8.630000114440918,9.0,39600
2009-06-03,7.3712687492370605,9.640000343322754,9.699999809265137,8.84000015258789,9.630000114440918,19100
2009-06-04,7.050117492675781,9.220000267028809,9.729999542236328,8.550000190734863,9.630000114440918,34300
2009-06-05,6.866595268249512,8.979999542236328,9.430000305175781,8.930000305175781,9.319999694824219,4800
2009-06-08,6.866595268249512,8.979999542236328,9.140000343322754,8.6899995803833,9.010000228881836,25000
2009-06-09,6.9889421463012695,9.140000343322754,9.229999542236328,8.75,8.970000267028809,5800
2009-06-10,6.774840831756592,8.859999656677246,9.229999542236328,8.720000267028809,9.229999542236328,13300
2009-06-11,6.828364849090576,8.930000305175781,9.229999542236328,8.789999961853027,8.920000076293945,7300
2009-06-12,6.799905776977539,8.84000015258789,8.979999542236328,8.600000381469727,8.800000190734863,13600
2009-06-15,6.661444664001465,8.65999984741211,8.8100004196167,8.579999923706055,8.579999923706055,9700
2009-06-16,6.18452787399292,8.039999961853027,8.819999694824219,8.020000457763672,8.819999694824219,23300
2009-06-17,6.546062469482422,8.510000228881836,8.569999694824219,8.069999694824219,8.069999694824219,17300
2009-06-18,6.999899387359619,9.100000381469727,9.119999885559082,8.510000228881836,8.510000228881836,13000
2009-06-19,6.992212295532227,9.09000015258789,9.09000015258789,8.470000267028809,8.989999771118164,53200
2009-06-22,6.838366985321045,8.890000343322754,9.079999923706055,8.699999809265137,8.970000267028809,36700
2009-06-23,6.738367557525635,8.760000228881836,9.010000228881836,8.65999984741211,9.010000228881836,13800
2009-06-24,6.6691365242004395,8.670000076293945,9.489999771118164,8.510000228881836,8.899999618530273,37600
2009-06-25,6.853748321533203,8.90999984741211,8.90999984741211,8.359999656677246,8.59000015258789,14300
2009-06-26,6.922980785369873,9.0,9.25,8.109999656677246,8.819999694824219,154200
2009-06-29,7.092209815979004,9.220000267028809,9.390000343322754,8.479999542236328,8.949999809265137,27600
2009-06-30,6.992212295532227,9.09000015258789,9.699999809265137,9.020000457763672,9.239999771118164,37500
2009-07-01,7.56912088394165,9.84000015258789,9.9399995803833,9.239999771118164,9.239999771118164,34400
2009-07-02,7.515282154083252,9.770000457763672,9.979999542236328,9.619999885559082,9.630000114440918,24000
2009-07-06,7.515282154083252,9.770000457763672,9.930000305175781,9.5,9.680000305175781,10900
2009-07-07,7.307590961456299,9.5,9.800000190734863,9.399999618530273,9.760000228881836,13100
2009-07-08,7.26912784576416,9.449999809265137,9.760000228881836,9.210000038146973,9.59000015258789,20500
2009-07-09,6.892212867736816,8.960000038146973,9.520000457763672,8.960000038146973,9.520000457763672,9300
2009-07-10,7.2229743003845215,9.390000343322754,9.449999809265137,8.789999961853027,8.90999984741211,9400
2009-07-13,7.230666160583496,9.399999618530273,9.619999885559082,9.25,9.420000076293945,16100
2009-07-14,7.276821613311768,9.460000038146973,9.609999656677246,9.199999809265137,9.289999961853027,10800
2009-07-15,7.692198753356934,10.0,10.0,9.369999885559082,9.680000305175781,25700
2009-07-16,7.8845062255859375,10.25,10.25,9.720000267028809,9.890000343322754,38100
2009-07-17,7.961426734924316,10.350000381469727,10.359999656677246,10.199999809265137,10.220000267028809,30400
2009-07-20,7.692198753356934,10.0,10.359999656677246,9.579999923706055,10.359999656677246,60400
2009-07-21,7.938349723815918,10.319999694824219,10.369999885559082,9.739999771118164,10.109999656677246,71400
2009-07-22,7.776814937591553,10.109999656677246,10.319999694824219,10.029999732971191,10.140000343322754,12100
2009-07-23,7.961426734924316,10.350000381469727,10.369999885559082,9.619999885559082,10.050000190734863,47700
2009-07-24,8.030653953552246,10.4399995803833,10.4399995803833,10.069999694824219,10.130000114440918,17600
2009-07-27,8.08449935913086,10.510000228881836,10.520000457763672,10.3100004196167,10.430000305175781,14700
2009-07-28,8.461419105529785,11.0,11.0,10.170000076293945,10.369999885559082,35000
2009-07-29,8.461419105529785,11.0,11.09000015258789,10.850000381469727,10.850000381469727,44500
2009-07-30,8.522956848144531,11.079999923706055,11.5,10.59000015258789,11.0,21400
2009-07-31,8.299883842468262,10.789999961853027,11.0,10.479999542236328,10.979999542236328,39600
2009-08-03,8.730645179748535,11.350000381469727,11.350000381469727,10.510000228881836,10.739999771118164,22700
2009-08-04,9.146025657653809,11.890000343322754,11.979999542236328,10.920000076293945,10.989999771118164,26500
2009-08-05,8.65372371673584,11.25,12.0,11.050000190734863,11.899999618530273,18000
2009-08-06,8.238348007202148,10.710000038146973,12.0,10.569999694824219,11.680000305175781,10800
2009-08-07,8.946027755737305,11.630000114440918,11.90999984741211,10.890000343322754,10.960000038146973,54600
2009-08-10,8.853718757629395,11.510000228881836,11.600000381469727,11.079999923706055,11.479999542236328,11200
2009-08-11,8.39987850189209,10.920000076293945,11.390000343322754,10.630000114440918,11.390000343322754,11800
2009-08-12,8.753728866577148,11.380000114440918,11.5,10.5,10.970000267028809,28400
2009-08-13,8.569108963012695,11.140000343322754,11.4399995803833,10.619999885559082,11.4399995803833,16100
2009-08-14,8.322958946228027,10.819999694824219,11.149999618530273,10.630000114440918,11.149999618530273,20300
2009-08-17,8.192191123962402,10.649999618530273,10.850000381469727,10.399999618530273,10.75,15200
2009-08-18,8.592185974121094,11.170000076293945,11.199999809265137,10.710000038146973,10.710000038146973,14600
2009-08-19,8.638340950012207,11.229999542236328,11.369999885559082,10.970000267028809,11.140000343322754,21900
2009-08-20,8.761417388916016,11.390000343322754,11.449999809265137,11.15999984741211,11.15999984741211,15300
2009-08-21,9.13832950592041,11.880000114440918,12.100000381469727,11.15999984741211,11.510000228881836,64300
2009-08-24,9.299873352050781,12.09000015258789,12.170000076293945,11.399999618530273,11.890000343322754,27200
2009-08-25,9.18448543548584,11.9399995803833,12.1899995803833,11.75,12.010000228881836,21300
2009-08-26,9.307560920715332,12.100000381469727,12.149999618530273,11.84000015258789,12.069999694824219,25600
2009-08-27,9.415251731872559,12.239999771118164,12.25,11.670000076293945,11.890000343322754,20300
2009-08-28,9.046027183532715,11.760000228881836,12.239999771118164,11.539999961853027,12.239999771118164,19800
2009-08-31,8.65372371673584,11.25,11.949999809265137,11.09000015258789,11.569999694824219,35700
2009-09-01,8.422959327697754,10.949999809265137,11.979999542236328,10.949999809265137,11.119999885559082,19500
2009-09-02,8.461419105529785,11.0,11.449999809265137,10.9399995803833,10.9399995803833,16600
2009-09-03,8.469115257263184,11.010000228881836,11.09000015258789,10.550000190734863,11.09000015258789,10800
2009-09-04,8.792181968688965,11.430000305175781,11.5,10.760000228881836,11.0,27400
2009-09-08,8.39218807220459,10.90999984741211,11.510000228881836,10.680000305175781,11.510000228881836,17200
2009-09-09,8.507574081420898,11.0600004196167,11.3100004196167,10.930000305175781,10.930000305175781,11600
2009-09-10,8.499881744384766,11.050000190734863,11.289999961853027,10.699999809265137,11.039999961853027,37600
2009-09-11,8.432633399963379,10.90999984741211,11.140000343322754,10.899999618530273,11.039999961853027,4500
2009-09-14,8.641324996948242,11.180000305175781,11.1899995803833,10.699999809265137,10.699999809265137,14800
2009-09-15,8.231677055358887,10.649999618530273,11.220000267028809,10.640000343322754,11.180000305175781,16900
2009-09-16,8.502196311950684,11.0,11.100000381469727,10.670000076293945,10.670000076293945,8900
2009-09-17,8.641324996948242,11.180000305175781,11.180000305175781,10.779999732971191,10.859999656677246,18100
2009-09-18,8.308968544006348,10.75,11.149999618530273,10.4399995803833,11.149999618530273,57900
2009-09-21,8.278050422668457,10.710000038146973,10.869999885559082,10.279999732971191,10.619999885559082,9200
2009-09-22,7.767916202545166,10.050000190734863,10.800000190734863,9.989999771118164,10.800000190734863,25400
2009-09-23,7.651978969573975,9.899999618530273,10.350000381469727,9.84000015258789,10.100000381469727,17700
2009-09-24,7.381457805633545,9.550000190734863,10.149999618530273,9.550000190734863,10.0600004196167,21300
2009-09-25,7.73699951171875,10.010000228881836,10.180000305175781,9.550000190734863,9.550000190734863,21200
2009-09-28,7.628787040710449,9.869999885559082,9.989999771118164,9.609999656677246,9.989999771118164,10200
2009-09-29,7.505124568939209,9.710000038146973,9.989999771118164,9.6899995803833,9.90999984741211,7300
2009-09-30,7.149576187133789,9.25,9.819999694824219,9.25,9.770000457763672,23900
2009-10-01,6.894509792327881,8.920000076293945,9.329999923706055,8.739999771118164,9.329999923706055,29800
2009-10-02,6.940884113311768,8.979999542236328,9.449999809265137,8.770000457763672,8.770000457763672,21500
2009-10-05,6.801760673522949,8.800000190734863,9.239999771118164,8.739999771118164,8.829999923706055,16300
2009-10-06,7.149576187133789,9.25,9.300000190734863,8.899999618530273,8.899999618530273,11200
2009-10-07,6.894509792327881,8.920000076293945,9.399999618530273,8.75,8.869999885559082,23200
2009-10-08,6.871325492858887,8.890000343322754,9.239999771118164,8.84000015258789,8.979999542236328,12300
2009-10-09,6.86359167098999,8.880000114440918,9.029999732971191,8.699999809265137,8.760000228881836,16600
2009-10-12,6.917698383331299,8.949999809265137,9.40999984741211,8.890000343322754,9.029999732971191,16200
2009-10-13,6.724466800689697,8.699999809265137,9.0,8.6899995803833,8.90999984741211,17100
2009-10-14,7.087742328643799,9.170000076293945,9.399999618530273,8.75,8.899999618530273,14300
2009-10-15,6.647171497344971,8.600000381469727,9.09000015258789,8.420000076293945,9.09000015258789,20300
2009-10-16,6.291627407073975,8.140000343322754,8.6899995803833,8.050000190734863,8.550000190734863,46700
2009-10-19,6.330272197723389,8.1899995803833,8.399999618530273,8.140000343322754,8.210000038146973,14500
2009-10-20,6.299356460571289,8.149999618530273,8.489999771118164,8.149999618530273,8.479999542236328,14900
2009-10-21,6.314815044403076,8.170000076293945,8.6899995803833,8.0,8.239999771118164,108900
2009-10-22,6.531235694885254,8.449999809265137,8.539999961853027,8.109999656677246,8.199999809265137,31500
2009-10-23,6.291627407073975,8.140000343322754,8.680000305175781,8.140000343322754,8.239999771118164,18500
2009-10-26,6.322545051574707,8.180000305175781,8.869999885559082,8.170000076293945,8.300000190734863,36800
2009-10-27,6.654902458190918,8.609999656677246,8.850000381469727,8.289999961853027,8.350000381469727,42700
2009-10-28,6.716735363006592,8.6899995803833,8.90999984741211,8.5600004196167,8.5600004196167,19700
2009-10-29,6.747655391693115,8.729999542236328,8.90999984741211,8.600000381469727,8.829999923706055,29500
2009-10-30,6.593071937561035,8.529999732971191,8.869999885559082,8.350000381469727,8.600000381469727,72600
2009-11-02,6.716735363006592,8.6899995803833,8.800000190734863,8.220000267028809,8.59000015258789,24000
2009-11-03,6.492588520050049,8.399999618530273,8.600000381469727,8.199999809265137,8.600000381469727,21600
2009-11-04,6.183416843414307,8.0,8.5,8.0,8.4399995803833,26700
2009-11-05,6.631714344024658,8.579999923706055,8.699999809265137,8.359999656677246,8.699999809265137,34200
2009-11-06,6.508047103881836,8.420000076293945,8.59000015258789,8.270000457763672,8.449999809265137,10800
2009-11-09,6.191147804260254,8.010000228881836,8.5600004196167,7.880000114440918,8.5,55800
2009-11-10,6.0752081871032715,7.860000133514404,8.260000228881836,7.449999809265137,8.010000228881836,36500
2009-11-11,6.175688743591309,7.989999771118164,8.180000305175781,7.900000095367432,7.989999771118164,19000
2009-11-12,5.951538562774658,7.699999809265137,8.260000228881836,7.690000057220459,8.109999656677246,30400
2009-11-13,5.796954154968262,7.5,7.800000190734863,7.260000228881836,7.71999979019165,31600
2009-11-16,6.206605434417725,8.029999732971191,8.489999771118164,7.630000114440918,7.630000114440918,30800
2009-11-17,6.500319480895996,8.40999984741211,8.470000267028809,7.909999847412109,7.949999809265137,22800
2009-11-18,6.461670875549316,8.359999656677246,8.5,7.800000190734863,8.390000343322754,18200
2009-11-19,6.113855838775635,7.909999847412109,8.279999732971191,7.809999942779541,8.270000457763672,32400
2009-11-20,6.183416843414307,8.0,8.329999923706055,7.699999809265137,7.809999942779541,25900
2009-11-23,6.2761688232421875,8.119999885559082,8.390000343322754,8.0,8.180000305175781,17200
2009-11-24,6.2529802322387695,8.09000015258789,8.270000457763672,7.760000228881836,8.149999618530273,19200
2009-11-25,6.121584892272949,7.920000076293945,8.260000228881836,7.920000076293945,8.15999984741211,4600
2009-11-27,5.804684162139893,7.510000228881836,8.010000228881836,7.510000228881836,7.699999809265137,15200
2009-11-30,5.928351402282715,7.670000076293945,7.889999866485596,7.25,7.53000020980835,27000
2009-12-01,6.0520195960998535,7.829999923706055,7.949999809265137,7.519999980926514,7.789999961853027,13400
2009-12-02,6.098394870758057,7.889999866485596,8.270000457763672,7.78000020980835,7.980000019073486,10300
2009-12-03,5.96699857711792,7.71999979019165,7.920000076293945,7.699999809265137,7.909999847412109,12700
2009-12-04,6.0752081871032715,7.860000133514404,8.010000228881836,7.0,7.940000057220459,20900
2009-12-07,6.036559581756592,7.809999942779541,7.929999828338623,7.590000152587891,7.909999847412109,11800
2009-12-08,5.881976127624512,7.610000133514404,8.220000267028809,7.599999904632568,8.220000267028809,11800
2009-12-09,5.928351402282715,7.670000076293945,7.75,7.5,7.639999866485596,15300
2009-12-10,5.812412261962891,7.519999980926514,7.699999809265137,7.489999771118164,7.699999809265137,24200
2009-12-11,5.866517066955566,7.590000152587891,7.659999847412109,7.409999847412109,7.559999942779541,8900
2009-12-14,6.059749126434326,7.840000152587891,8.0,7.650000095367432,7.670000076293945,15800
2009-12-15,5.960920333862305,7.659999847412109,7.949999809265137,7.659999847412109,7.809999942779541,24700
2009-12-16,5.828628063201904,7.489999771118164,7.989999771118164,7.449999809265137,7.769999980926514,21200
2009-12-17,5.914229393005371,7.599999904632568,7.840000152587891,7.440000057220459,7.440000057220459,25400
2009-12-18,5.6807732582092285,7.300000190734863,7.840000152587891,7.210000038146973,7.690000057220459,92600
2009-12-21,6.00761079788208,7.71999979019165,7.769999980926514,7.349999904632568,7.349999904632568,25100
2009-12-22,5.641861438751221,7.25,7.579999923706055,7.21999979019165,7.5,46400
2009-12-23,5.735243797302246,7.369999885559082,7.480000019073486,7.230000019073486,7.25,66600
2009-12-24,5.696335315704346,7.320000171661377,7.420000076293945,7.230000019073486,7.389999866485596,11400
2009-12-28,5.797499179840088,7.449999809265137,7.489999771118164,7.25,7.25,23800
2009-12-29,5.7741546630859375,7.420000076293945,7.5,7.349999904632568,7.5,16300
2009-12-30,5.836409568786621,7.5,7.5,7.360000133514404,7.400000095367432,28700
2009-12-31,5.999828338623047,7.710000038146973,7.900000095367432,7.519999980926514,7.519999980926514,49400
2010-01-04,6.2255048751831055,8.0,8.0,7.75,7.860000133514404,27700
2010-01-05,5.929791450500488,7.619999885559082,7.960000038146973,7.510000228881836,7.960000038146973,24300
2010-01-06,5.953135967254639,7.650000095367432,7.739999771118164,7.53000020980835,7.610000133514404,29500
2010-01-07,6.00761079788208,7.71999979019165,7.880000114440918,7.659999847412109,7.659999847412109,13500
2010-01-08,6.1554646492004395,7.909999847412109,7.909999847412109,7.699999809265137,7.699999809265137,17300
2010-01-11,6.295539379119873,8.09000015258789,8.170000076293945,7.769999980926514,7.960000038146973,41800
2010-01-12,6.26440954208374,8.050000190734863,8.1899995803833,7.920000076293945,7.96999979019165,21100
2010-01-13,6.2255048751831055,8.0,8.100000381469727,7.900000095367432,8.050000190734863,13100
2010-01-14,7.174892425537109,9.220000267028809,9.279999732971191,7.809999942779541,7.980000019073486,157000
2010-01-15,7.182671070098877,9.229999542236328,9.279999732971191,8.75,9.279999732971191,67400
2010-01-19,7.563985347747803,9.720000267028809,9.739999771118164,9.020000457763672,9.25,38100
2010-01-20,7.229364395141602,9.289999961853027,9.649999618530273,9.09000015258789,9.649999618530273,17300
2010-01-21,7.244927883148193,9.3100004196167,9.600000381469727,9.210000038146973,9.34000015258789,56800
2010-01-22,7.198237419128418,9.25,9.539999961853027,9.15999984741211,9.350000381469727,21200
2010-01-25,7.128199100494385,9.15999984741211,9.350000381469727,9.039999961853027,9.350000381469727,33600
2010-01-26,6.816925048828125,8.760000228881836,9.329999923706055,8.760000228881836,9.140000343322754,61000
2010-01-27,7.003691673278809,9.0,9.119999885559082,8.800000190734863,8.800000190734863,44800
2010-01-28,7.089292526245117,9.109999656677246,9.229999542236328,8.949999809265137,9.029999732971191,26300
2010-01-29,7.268278121948242,9.34000015258789,9.34000015258789,9.0,9.149999618530273,39200
2010-02-01,7.244927883148193,9.3100004196167,9.390000343322754,9.0,9.350000381469727,27400
2010-02-02,7.089292526245117,9.109999656677246,9.380000114440918,9.069999694824219,9.380000114440918,26400
2010-02-03,7.003691673278809,9.0,9.079999923706055,8.850000381469727,9.0600004196167,43100
2010-02-04,6.778016090393066,8.710000038146973,9.1899995803833,8.430000305175781,8.930000305175781,45700
2010-02-05,6.778016090393066,8.710000038146973,8.819999694824219,8.520000457763672,8.720000267028809,14500
2010-02-08,6.544560432434082,8.40999984741211,8.699999809265137,8.40999984741211,8.699999809265137,15700
2010-02-09,6.7235426902771,8.640000343322754,8.779999732971191,8.380000114440918,8.59000015258789,14600
2010-02-10,6.645726203918457,8.539999961853027,8.569999694824219,8.34000015258789,8.569999694824219,14100
2010-02-11,6.606815338134766,8.489999771118164,8.510000228881836,8.40999984741211,8.5,9500
2010-02-12,6.505650043487549,8.359999656677246,8.550000190734863,8.300000190734863,8.399999618530273,16700
2010-02-16,6.886960506439209,8.850000381469727,8.890000343322754,8.0,8.449999809265137,38900
2010-02-17,7.081508159637451,9.100000381469727,9.220000267028809,8.529999732971191,8.90999984741211,20300
2010-02-18,7.1048583984375,9.130000114440918,9.180000305175781,9.010000228881836,9.0600004196167,14400
2010-02-19,7.15154504776001,9.1899995803833,9.25,9.079999923706055,9.119999885559082,21000
2010-02-22,7.198237419128418,9.25,9.25,9.149999618530273,9.1899995803833,10600
2010-02-23,7.268278121948242,9.34000015258789,9.399999618530273,8.960000038146973,9.229999542236328,26200
2010-02-24,7.182671070098877,9.229999542236328,9.34000015258789,9.069999694824219,9.300000190734863,11100
2010-02-25,6.9180908203125,8.890000343322754,9.069999694824219,8.619999885559082,9.069999694824219,17100
2010-02-26,6.669069290161133,8.569999694824219,9.130000114440918,8.569999694824219,8.920000076293945,33700
2010-03-01,7.011469841003418,9.010000228881836,9.050000190734863,8.630000114440918,8.770000457763672,13900
2010-03-02,7.260490894317627,9.329999923706055,9.390000343322754,8.949999809265137,9.0,22300
2010-03-03,7.244927883148193,9.3100004196167,9.329999923706055,9.0600004196167,9.229999542236328,14500
2010-03-04,7.174892425537109,9.220000267028809,9.300000190734863,9.199999809265137,9.300000190734863,7400
2010-03-05,7.167110919952393,9.210000038146973,9.300000190734863,9.180000305175781,9.260000228881836,33000
2010-03-08,7.112638473510742,9.140000343322754,9.210000038146973,8.90999984741211,9.15999984741211,13900
2010-03-09,7.081508159637451,9.100000381469727,9.25,8.949999809265137,9.109999656677246,33600
2010-03-10,7.314964771270752,9.399999618530273,9.399999618530273,9.079999923706055,9.079999923706055,58100
2010-03-11,7.364269733428955,9.40999984741211,9.40999984741211,9.199999809265137,9.289999961853027,10900
2010-03-12,7.262531757354736,9.279999732971191,9.430000305175781,9.270000457763672,9.420000076293945,8400
2010-03-15,7.332966327667236,9.369999885559082,9.449999809265137,9.210000038146973,9.279999732971191,16200
2010-03-16,7.7242655754089355,9.869999885559082,9.970000267028809,9.390000343322754,9.390000343322754,27500
2010-03-17,8.02947998046875,10.260000228881836,10.390000343322754,9.850000381469727,9.850000381469727,30200
2010-03-18,7.880786895751953,10.069999694824219,10.270000457763672,9.989999771118164,10.270000457763672,30300
2010-03-19,8.405129432678223,10.739999771118164,10.850000381469727,10.039999961853027,10.739999771118164,77500
2010-03-22,8.592950820922852,10.979999542236328,11.0,10.640000343322754,10.640000343322754,40800
2010-03-23,8.561649322509766,10.9399995803833,11.0,10.699999809265137,11.0,39800
2010-03-24,8.702519416809082,11.119999885559082,11.380000114440918,10.899999618530273,10.930000305175781,43700
2010-03-25,8.898167610168457,11.369999885559082,12.279999732971191,11.1899995803833,11.1899995803833,56700
2010-03-26,8.843387603759766,11.300000190734863,11.890000343322754,11.25,11.460000038146973,31800
2010-03-29,8.859034538269043,11.319999694824219,11.470000267028809,11.029999732971191,11.289999961853027,14300
2010-03-30,8.710343360900879,11.130000114440918,11.609999656677246,11.020000457763672,11.3100004196167,21700
2010-03-31,8.655559539794922,11.0600004196167,11.390000343322754,10.710000038146973,11.029999732971191,52700
2010-04-01,8.804255485534668,11.25,11.880000114440918,11.119999885559082,11.119999885559082,16700
2010-04-05,8.913820266723633,11.390000343322754,11.789999961853027,11.170000076293945,11.34000015258789,13200
2010-04-06,8.780778884887695,11.220000267028809,11.359999656677246,11.020000457763672,11.34000015258789,21200
2010-04-07,8.553823471069336,10.930000305175781,11.3100004196167,10.829999923706055,11.170000076293945,16800
2010-04-08,8.545998573303223,10.920000076293945,11.109999656677246,10.880000114440918,10.90999984741211,14900
2010-04-09,8.608604431152344,11.0,11.460000038146973,10.880000114440918,10.930000305175781,65400
2010-04-12,8.569476127624512,10.949999809265137,11.140000343322754,10.890000343322754,10.970000267028809,12600
2010-04-13,8.44426155090332,10.789999961853027,11.0600004196167,10.720000267028809,11.0,8000
2010-04-14,8.608604431152344,11.0,11.039999961853027,10.710000038146973,10.869999885559082,16100
2010-04-15,8.663384437561035,11.069999694824219,11.1899995803833,10.859999656677246,10.859999656677246,12200
2010-04-16,8.608604431152344,11.0,11.069999694824219,10.850000381469727,11.069999694824219,23400
2010-04-19,8.616430282592773,11.010000228881836,11.149999618530273,10.949999809265137,10.949999809265137,29900
2010-04-20,8.530350685119629,10.899999618530273,11.050000190734863,10.819999694824219,11.050000190734863,19300
2010-04-21,8.561649322509766,10.9399995803833,11.170000076293945,10.8100004196167,11.170000076293945,20100
2010-04-22,8.459912300109863,10.8100004196167,10.979999542236328,10.739999771118164,10.8100004196167,13700
2010-04-23,8.365995407104492,10.6899995803833,10.850000381469727,10.630000114440918,10.729999542236328,29000
2010-04-26,8.381650924682617,10.710000038146973,10.859999656677246,10.5600004196167,10.699999809265137,34800
2010-04-27,8.193828582763672,10.470000267028809,10.829999923706055,10.289999961853027,10.609999656677246,48900
2010-04-28,8.319043159484863,10.630000114440918,10.6899995803833,10.399999618530273,10.579999923706055,5400
2010-04-29,8.51469612121582,10.880000114440918,10.9399995803833,10.449999809265137,10.630000114440918,15100
2010-04-30,8.225131034851074,10.510000228881836,10.850000381469727,10.510000228881836,10.850000381469727,27800
2010-05-03,8.545998573303223,10.920000076293945,10.949999809265137,10.529999732971191,10.550000190734863,24600
2010-05-04,8.47556209564209,10.829999923706055,10.960000038146973,10.550000190734863,10.729999542236328,45800
2010-05-05,8.381650924682617,10.710000038146973,11.010000228881836,10.609999656677246,10.8100004196167,31400
2010-05-06,8.037308692932129,10.270000457763672,10.789999961853027,10.25,10.649999618530273,23500
2010-05-07,7.833827972412109,10.010000228881836,10.5,9.869999885559082,10.289999961853027,27600
2010-05-10,8.02165412902832,10.25,10.479999542236328,10.039999961853027,10.199999809265137,35800
2010-05-11,8.663384437561035,11.069999694824219,11.380000114440918,10.149999618530273,10.149999618530273,32500
2010-05-12,8.937294006347656,11.420000076293945,11.470000267028809,10.800000190734863,11.020000457763672,35300
2010-05-13,8.733819961547852,11.15999984741211,11.380000114440918,11.010000228881836,11.34000015258789,12500
2010-05-14,8.506864547729492,10.869999885559082,10.989999771118164,10.710000038146973,10.899999618530273,17000
2010-05-17,8.585125923156738,10.970000267028809,11.130000114440918,10.75,10.949999809265137,10100
2010-05-18,8.272083282470703,10.569999694824219,11.140000343322754,10.5600004196167,11.140000343322754,11300
2010-05-19,8.076436996459961,10.319999694824219,10.5600004196167,10.279999732971191,10.5600004196167,15000
2010-05-20,7.395574569702148,9.449999809265137,10.3100004196167,9.380000114440918,10.3100004196167,35600
2010-05-21,7.473834991455078,9.550000190734863,9.829999923706055,9.289999961853027,9.420000076293945,50000
2010-05-24,7.379920482635498,9.430000305175781,10.170000076293945,9.270000457763672,9.5600004196167,20300
2010-05-25,7.325141429901123,9.359999656677246,9.710000038146973,9.260000228881836,9.270000457763672,24300
2010-05-26,7.661657810211182,9.789999961853027,10.210000038146973,9.59000015258789,9.59000015258789,23300
2010-05-27,8.08426570892334,10.329999923706055,10.350000381469727,9.760000228881836,10.029999732971191,25700
2010-05-28,7.87296199798584,10.0600004196167,10.380000114440918,9.949999809265137,10.260000228881836,13800
2010-06-01,7.3094916343688965,9.34000015258789,10.100000381469727,9.34000015258789,9.930000305175781,34600
2010-06-02,7.818179130554199,9.989999771118164,10.0,9.25,9.319999694824219,19000
2010-06-03,7.779047012329102,9.9399995803833,10.210000038146973,9.640000343322754,9.920000076293945,21900
2010-06-04,7.528615951538086,9.619999885559082,10.069999694824219,9.359999656677246,9.670000076293945,61400
2010-06-07,7.278182506561279,9.300000190734863,10.1899995803833,9.199999809265137,9.850000381469727,94100
2010-06-08,7.2233991622924805,9.229999542236328,9.5,8.979999542236328,9.369999885559082,19700
2010-06-09,7.137314319610596,9.119999885559082,9.430000305175781,9.010000228881836,9.359999656677246,27800
2010-06-10,7.372097969055176,9.420000076293945,9.430000305175781,8.859999656677246,9.289999961853027,34600
2010-06-11,7.622525691986084,9.739999771118164,9.770000457763672,9.109999656677246,9.239999771118164,44600
2010-06-14,7.585541725158691,9.640000343322754,10.100000381469727,9.579999923706055,9.670000076293945,25300
2010-06-15,7.711444854736328,9.800000190734863,9.880000114440918,9.5,9.739999771118164,37100
2010-06-16,7.672101020812988,9.75,9.9399995803833,9.729999542236328,9.920000076293945,20700
2010-06-17,7.687839984893799,9.770000457763672,9.920000076293945,9.489999771118164,9.869999885559082,14000
2010-06-18,7.96325159072876,10.119999885559082,10.40999984741211,9.859999656677246,9.920000076293945,56400
2010-06-21,7.813742637634277,9.930000305175781,10.3100004196167,9.59000015258789,10.3100004196167,23900
2010-06-22,7.679971694946289,9.760000228881836,10.140000343322754,9.329999923706055,10.0,31500
2010-06-23,7.750792026519775,9.850000381469727,9.960000038146973,9.5,9.729999542236328,28000
2010-06-24,7.9160356521606445,10.0600004196167,10.15999984741211,9.75,9.75,48100
2010-06-25,8.356689453125,10.619999885559082,10.630000114440918,9.90999984741211,10.140000343322754,616900
2010-06-28,8.443245887756348,10.729999542236328,10.890000343322754,10.25,10.550000190734863,30700
2010-06-29,8.041935920715332,10.220000267028809,10.680000305175781,10.0600004196167,10.5,31300
2010-06-30,7.585541725158691,9.640000343322754,10.319999694824219,9.600000381469727,10.25,19400
2010-07-01,7.609151363372803,9.670000076293945,9.850000381469727,9.369999885559082,9.720000267028809,30500
2010-07-02,7.719316005706787,9.8100004196167,10.069999694824219,9.779999732971191,9.779999732971191,15600
2010-07-06,7.262923717498779,9.229999542236328,10.020000457763672,9.229999542236328,9.90999984741211,29600
2010-07-07,7.750792026519775,9.850000381469727,9.930000305175781,9.300000190734863,9.300000190734863,53300
2010-07-08,7.632753849029541,9.699999809265137,10.130000114440918,9.460000038146973,9.930000305175781,44800
2010-07-09,7.711444854736328,9.800000190734863,9.880000114440918,9.529999732971191,9.819999694824219,16000
2010-07-12,7.648496627807617,9.720000267028809,10.029999732971191,9.720000267028809,9.8100004196167,26900
2010-07-13,8.136361122131348,10.34000015258789,10.350000381469727,9.779999732971191,9.899999618530273,45400
2010-07-14,8.057674407958984,10.239999771118164,10.34000015258789,10.100000381469727,10.319999694824219,23600
2010-07-15,7.695708751678467,9.779999732971191,10.260000228881836,9.539999961853027,10.229999542236328,34800
2010-07-16,7.357350826263428,9.350000381469727,9.84000015258789,9.260000228881836,9.670000076293945,49800
2010-07-19,7.341612339019775,9.329999923706055,9.630000114440918,9.149999618530273,9.40999984741211,56800
2010-07-20,7.459643840789795,9.479999542236328,9.630000114440918,9.050000190734863,9.050000190734863,37600
2010-07-21,7.231448650360107,9.1899995803833,9.869999885559082,9.119999885559082,9.770000457763672,38900
2010-07-22,7.498989105224609,9.529999732971191,9.5600004196167,9.350000381469727,9.449999809265137,41700
2010-07-23,8.018331527709961,10.1899995803833,10.3100004196167,9.430000305175781,9.550000190734863,48500
2010-07-26,8.270132064819336,10.510000228881836,10.569999694824219,9.859999656677246,10.140000343322754,47400
2010-07-27,8.514063835144043,10.819999694824219,10.970000267028809,10.390000343322754,10.59000015258789,43000
2010-07-28,8.002591133117676,10.170000076293945,10.760000228881836,10.140000343322754,10.760000228881836,24300
2010-07-29,7.853082656860352,9.979999542236328,10.289999961853027,9.880000114440918,10.239999771118164,27800
2010-07-30,8.057674407958984,10.239999771118164,10.569999694824219,9.800000190734863,9.819999694824219,19200
2010-08-02,8.081279754638672,10.270000457763672,10.380000114440918,9.890000343322754,10.380000114440918,19400
2010-08-03,7.955378532409668,10.109999656677246,10.350000381469727,10.0,10.1899995803833,29400
2010-08-04,7.994724273681641,10.15999984741211,10.40999984741211,10.109999656677246,10.199999809265137,12500
2010-08-05,7.986856937408447,10.149999618530273,10.329999923706055,10.039999961853027,10.09000015258789,16200
2010-08-06,7.790135383605957,9.899999618530273,10.140000343322754,9.8100004196167,9.960000038146973,12000
2010-08-09,8.049802780151367,10.229999542236328,10.25,9.869999885559082,9.970000267028809,28800
2010-08-10,7.695708751678467,9.779999732971191,10.0600004196167,9.619999885559082,10.0600004196167,33500
2010-08-11,7.207840442657471,9.15999984741211,9.859999656677246,9.109999656677246,9.5600004196167,52300
2010-08-12,7.089807987213135,9.010000228881836,9.199999809265137,8.989999771118164,9.039999961853027,29600
2010-08-13,7.034728527069092,8.9399995803833,9.420000076293945,8.920000076293945,8.970000267028809,32500
2010-08-16,7.066200256347656,8.979999542236328,9.1899995803833,8.899999618530273,8.899999618530273,38900
2010-08-17,7.2707905769348145,9.239999771118164,9.279999732971191,9.0,9.119999885559082,23500
2010-08-18,7.160627365112305,9.100000381469727,9.260000228881836,9.050000190734863,9.199999809265137,21700
2010-08-19,6.609809398651123,8.399999618530273,9.25,8.380000114440918,9.09000015258789,79000
2010-08-20,6.578336238861084,8.359999656677246,8.739999771118164,8.279999732971191,8.380000114440918,55500
2010-08-23,6.295058250427246,8.0,8.600000381469727,7.980000019073486,8.600000381469727,38600
2010-08-24,6.263583183288574,7.960000038146973,8.140000343322754,7.949999809265137,7.949999809265137,38300
2010-08-25,6.798662185668945,8.640000343322754,8.65999984741211,8.020000457763672,8.020000457763672,31800
2010-08-26,6.578336238861084,8.359999656677246,8.65999984741211,8.359999656677246,8.649999618530273,8400
2010-08-27,6.9166951179504395,8.789999961853027,8.800000190734863,8.260000228881836,8.5,38200
2010-08-30,6.381612777709961,8.109999656677246,8.729999542236328,8.109999656677246,8.720000267028809,54100
2010-08-31,6.365878105163574,8.09000015258789,8.289999961853027,7.96999979019165,8.100000381469727,52200
2010-09-01,6.696366310119629,8.510000228881836,8.510000228881836,8.100000381469727,8.25,38800
2010-09-02,6.688497543334961,8.5,8.6899995803833,8.279999732971191,8.479999542236328,55200
2010-09-03,6.672761917114258,8.479999542236328,8.720000267028809,8.329999923706055,8.399999618530273,23400
2010-09-07,6.405221462249756,8.140000343322754,8.479999542236328,8.119999885559082,8.420000076293945,25300
2010-09-08,6.538991928100586,8.3100004196167,8.350000381469727,8.079999923706055,8.140000343322754,12000
2010-09-09,6.483911037445068,8.239999771118164,8.460000038146973,8.239999771118164,8.399999618530273,10500
2010-09-10,6.46030330657959,8.210000038146973,8.279999732971191,8.100000381469727,8.270000457763672,15800
2010-09-13,6.684439182281494,8.4399995803833,8.510000228881836,8.239999771118164,8.300000190734863,38800
2010-09-14,6.518118858337402,8.229999542236328,8.449999809265137,8.1899995803833,8.449999809265137,21400
2010-09-15,6.60523796081543,8.34000015258789,8.470000267028809,8.170000076293945,8.470000267028809,28700
2010-09-16,6.5893964767456055,8.319999694824219,8.420000076293945,8.3100004196167,8.420000076293945,10100
2010-09-17,6.549798965454102,8.270000457763672,8.479999542236328,8.220000267028809,8.460000038146973,45000
2010-09-20,6.716118335723877,8.479999542236328,8.479999542236328,8.210000038146973,8.270000457763672,32200
2010-09-21,6.771556854248047,8.550000190734863,8.65999984741211,8.430000305175781,8.460000038146973,37400
2010-09-22,6.75571870803833,8.529999732971191,8.710000038146973,8.449999809265137,8.489999771118164,11400
2010-09-23,6.636918067932129,8.380000114440918,8.619999885559082,8.380000114440918,8.460000038146973,14100
2010-09-24,6.819079875946045,8.609999656677246,8.65999984741211,8.34000015258789,8.489999771118164,35900
2010-09-27,6.636918067932129,8.380000114440918,8.65999984741211,8.359999656677246,8.640000343322754,7300
2010-09-28,6.922036647796631,8.739999771118164,8.760000228881836,8.220000267028809,8.40999984741211,21900
2010-09-29,7.151714324951172,9.029999732971191,9.050000190734863,8.699999809265137,8.699999809265137,35800
2010-09-30,7.365553855895996,9.300000190734863,9.529999732971191,9.079999923706055,9.079999923706055,27800
2010-10-01,7.16755485534668,9.050000190734863,9.300000190734863,8.829999923706055,9.300000190734863,12900
2010-10-04,7.017075061798096,8.859999656677246,9.220000267028809,8.8100004196167,9.220000267028809,33400
2010-10-05,7.2863545417785645,9.199999809265137,9.220000267028809,8.920000076293945,9.0,33900
2010-10-06,7.2625932693481445,9.170000076293945,9.210000038146973,8.979999542236328,9.199999809265137,25000
2010-10-07,7.24675178527832,9.149999618530273,9.270000457763672,9.010000228881836,9.270000457763672,17500
2010-10-08,7.3180317878723145,9.239999771118164,9.289999961853027,8.930000305175781,9.130000114440918,21200
2010-10-11,7.16755485534668,9.050000190734863,9.289999961853027,8.90999984741211,9.289999961853027,15600
2010-10-12,7.040835380554199,8.890000343322754,8.989999771118164,8.729999542236328,8.989999771118164,11800
2010-10-13,7.17547607421875,9.0600004196167,9.1899995803833,8.670000076293945,8.920000076293945,26500
2010-10-14,7.278435707092285,9.1899995803833,9.25,8.710000038146973,9.020000457763672,22200
2010-10-15,7.120035171508789,8.989999771118164,9.109999656677246,8.800000190734863,9.100000381469727,42100
2010-10-18,7.2863545417785645,9.199999809265137,9.279999732971191,8.619999885559082,9.039999961853027,13400
2010-10-19,7.17547607421875,9.0600004196167,9.270000457763672,8.920000076293945,9.010000228881836,32200
2010-10-20,7.3180317878723145,9.239999771118164,9.270000457763672,9.109999656677246,9.149999618530273,13100
2010-10-21,7.3893141746521,9.329999923706055,9.420000076293945,9.170000076293945,9.350000381469727,26600
2010-10-22,8.260505676269531,10.430000305175781,10.4399995803833,9.390000343322754,9.390000343322754,47800
2010-10-25,8.276344299316406,10.449999809265137,10.699999809265137,10.229999542236328,10.430000305175781,40700
2010-10-26,8.268426895141602,10.4399995803833,10.5,10.350000381469727,10.350000381469727,27400
2010-10-27,7.872430324554443,9.9399995803833,10.369999885559082,9.829999923706055,10.329999923706055,21000
2010-10-28,7.666511535644531,9.680000305175781,10.079999923706055,9.600000381469727,10.079999923706055,24400
2010-10-29,7.816991329193115,9.869999885559082,10.050000190734863,9.59000015258789,9.59000015258789,22100
2010-11-01,7.587308406829834,9.579999923706055,10.010000228881836,9.579999923706055,9.869999885559082,23100
2010-11-02,7.80906867980957,9.859999656677246,9.90999984741211,9.739999771118164,9.760000228881836,47200
2010-11-03,7.682347774505615,9.699999809265137,9.90999984741211,9.520000457763672,9.84000015258789,43800
2010-11-04,8.308029174804688,10.489999771118164,10.489999771118164,9.779999732971191,9.930000305175781,34800
2010-11-05,8.323866844177246,10.510000228881836,10.569999694824219,9.989999771118164,10.5,57000
2010-11-08,8.506024360656738,10.739999771118164,10.770000457763672,10.25,10.4399995803833,26200
2010-11-09,8.506024360656738,10.739999771118164,10.850000381469727,10.489999771118164,10.729999542236328,74400
2010-11-10,8.513947486877441,10.75,10.850000381469727,10.5,10.819999694824219,29800
2010-11-11,8.608983993530273,10.869999885559082,10.979999542236328,10.5600004196167,10.619999885559082,28000
2010-11-12,8.395145416259766,10.600000381469727,10.829999923706055,10.600000381469727,10.720000267028809,15900
2010-11-15,8.403066635131836,10.609999656677246,10.699999809265137,10.529999732971191,10.59000015258789,26900
2010-11-16,8.513947486877441,10.75,10.8100004196167,10.3100004196167,10.5,48200
2010-11-17,8.513947486877441,10.75,10.850000381469727,10.520000457763672,10.739999771118164,24100
2010-11-18,8.45058822631836,10.670000076293945,10.859999656677246,10.380000114440918,10.859999656677246,20300
2010-11-19,8.513947486877441,10.75,10.75,10.359999656677246,10.699999809265137,21400
2010-11-22,8.268426895141602,10.4399995803833,10.649999618530273,10.109999656677246,10.649999618530273,20900
2010-11-23,8.102107048034668,10.229999542236328,10.390000343322754,10.210000038146973,10.260000228881836,35300
2010-11-24,8.323866844177246,10.510000228881836,10.510000228881836,10.229999542236328,10.329999923706055,34500
2010-11-26,8.141708374023438,10.279999732971191,10.449999809265137,10.239999771118164,10.4399995803833,3300
2010-11-29,8.323866844177246,10.510000228881836,10.59000015258789,10.079999923706055,10.229999542236328,15300
2010-11-30,7.896190643310547,9.970000267028809,10.399999618530273,9.920000076293945,10.399999618530273,17100
2010-12-01,8.18130874633789,10.329999923706055,10.40999984741211,10.0,10.229999542236328,22900
2010-12-02,8.133788108825684,10.270000457763672,10.380000114440918,10.100000381469727,10.359999656677246,18500
2010-12-03,8.125871658325195,10.260000228881836,10.329999923706055,9.890000343322754,10.180000305175781,41600
2010-12-06,8.046669006347656,10.15999984741211,10.210000038146973,10.020000457763672,10.210000038146973,34700
2010-12-07,8.355549812316895,10.550000190734863,10.569999694824219,10.0600004196167,10.25,45100
2010-12-08,8.458502769470215,10.680000305175781,10.75,10.4399995803833,10.600000381469727,43900
2010-12-09,8.56938362121582,10.819999694824219,10.819999694824219,10.4399995803833,10.75,27700
2010-12-10,8.56938362121582,10.819999694824219,10.850000381469727,10.479999542236328,10.850000381469727,40500
2010-12-13,8.434743881225586,10.649999618530273,10.829999923706055,10.34000015258789,10.819999694824219,32300
2010-12-14,8.331789016723633,10.520000457763672,10.779999732971191,10.329999923706055,10.739999771118164,28300
2010-12-15,8.509296417236328,10.6899995803833,10.6899995803833,10.180000305175781,10.470000267028809,44800
2010-12-16,8.708294868469238,10.9399995803833,10.9399995803833,10.6899995803833,10.729999542236328,21400
2010-12-17,8.708294868469238,10.9399995803833,10.9399995803833,10.489999771118164,10.90999984741211,58900
2010-12-20,8.6366548538208,10.850000381469727,10.949999809265137,10.649999618530273,10.949999809265137,16400
2010-12-21,8.716257095336914,10.949999809265137,10.949999809265137,10.880000114440918,10.899999618530273,15200
2010-12-22,8.668495178222656,10.890000343322754,10.960000038146973,10.800000190734863,10.899999618530273,32300
2010-12-23,8.604819297790527,10.8100004196167,10.930000305175781,10.739999771118164,10.930000305175781,8300
2010-12-27,8.668495178222656,10.890000343322754,10.890000343322754,10.649999618530273,10.760000228881836,11300
2010-12-28,8.501335144042969,10.680000305175781,10.770000457763672,10.550000190734863,10.770000457763672,23900
2010-12-29,8.59685230255127,10.800000190734863,10.899999618530273,10.630000114440918,10.739999771118164,10900
2010-12-30,8.485418319702148,10.65999984741211,10.789999961853027,10.640000343322754,10.75,14500
2010-12-31,8.326213836669922,10.460000038146973,10.670000076293945,10.380000114440918,10.670000076293945,12300
2011-01-03,8.676457405090332,10.899999618530273,10.920000076293945,10.5600004196167,10.5600004196167,24500
2011-01-04,8.381937980651855,10.529999732971191,10.890000343322754,10.520000457763672,10.890000343322754,18100
2011-01-05,8.82769775390625,11.09000015258789,11.130000114440918,10.65999984741211,10.760000228881836,33700
2011-01-06,8.756057739257812,11.0,11.100000381469727,10.789999961853027,11.100000381469727,13100
2011-01-07,8.732178688049316,10.970000267028809,11.0,10.880000114440918,11.0,20600
2011-01-10,8.859540939331055,11.130000114440918,11.289999961853027,10.850000381469727,11.199999809265137,24700
2011-01-11,8.891378402709961,11.170000076293945,11.369999885559082,11.0600004196167,11.229999542236328,33000
2011-01-12,9.615743637084961,12.079999923706055,12.079999923706055,11.3100004196167,11.3100004196167,116400
2011-01-13,9.552061080932617,12.0,12.09000015258789,11.869999885559082,12.09000015258789,30200
2011-01-14,9.560023307800293,12.010000228881836,12.010000228881836,11.65999984741211,12.0,22300
2011-01-18,9.560023307800293,12.010000228881836,12.010000228881836,11.8100004196167,12.0,26800
2011-01-19,9.28142261505127,11.65999984741211,11.949999809265137,11.65999984741211,11.850000381469727,43300
2011-01-20,9.154061317443848,11.5,11.760000228881836,11.489999771118164,11.640000343322754,28900
2011-01-21,9.193861961364746,11.550000190734863,11.920000076293945,11.520000457763672,11.619999885559082,52500
2011-01-24,9.313263893127441,11.699999809265137,11.720000267028809,11.510000228881836,11.510000228881836,30800
2011-01-25,9.854547500610352,12.380000114440918,12.470000267028809,11.8100004196167,11.899999618530273,107400
2011-01-26,10.74606990814209,13.5,13.5,12.390000343322754,12.460000038146973,100100
2011-01-27,10.562990188598633,13.270000457763672,13.40999984741211,12.949999809265137,13.359999656677246,80100
2011-01-28,10.180907249450684,12.789999961853027,13.380000114440918,12.75,13.220000267028809,65500
2011-01-31,10.332149505615234,12.979999542236328,13.199999809265137,12.899999618530273,12.930000305175781,107900
2011-02-01,10.34807014465332,13.0,13.09000015258789,12.899999618530273,13.09000015258789,60900
2011-02-02,10.300308227539062,12.9399995803833,13.100000381469727,12.899999618530273,12.949999809265137,31500
2011-02-03,10.18886947631836,12.800000190734863,12.949999809265137,12.739999771118164,12.890000343322754,40300
2011-02-04,10.053543090820312,12.630000114440918,12.8100004196167,12.5,12.8100004196167,57700
2011-02-07,10.164982795715332,12.770000457763672,12.859999656677246,12.640000343322754,12.680000305175781,27800
2011-02-08,10.260510444641113,12.890000343322754,12.960000038146973,12.5600004196167,12.779999732971191,33000
2011-02-09,10.045586585998535,12.619999885559082,12.819999694824219,12.520000457763672,12.710000038146973,29800
2011-02-10,9.870466232299805,12.399999618530273,12.6899995803833,12.199999809265137,12.550000190734863,82800
2011-02-11,9.989869117736816,12.550000190734863,12.569999694824219,12.319999694824219,12.329999923706055,54700
2011-02-14,9.973945617675781,12.529999732971191,12.630000114440918,12.390000343322754,12.59000015258789,30400
2011-02-15,10.125184059143066,12.720000267028809,12.75,12.4399995803833,12.4399995803833,28400
2011-02-16,10.172945976257324,12.779999732971191,12.920000076293945,12.470000267028809,12.8100004196167,17800
2011-02-17,10.47542953491211,13.15999984741211,13.15999984741211,12.779999732971191,12.779999732971191,42700
2011-02-18,10.547067642211914,13.25,13.350000381469727,13.0,13.149999618530273,32800
2011-02-22,10.379908561706543,13.039999961853027,13.180000305175781,12.920000076293945,13.020000457763672,45900
2011-02-23,10.387869834899902,13.050000190734863,13.25,12.600000381469727,13.130000114440918,46300
2011-02-24,10.403786659240723,13.069999694824219,13.100000381469727,12.920000076293945,13.050000190734863,33100
2011-02-25,10.555031776428223,13.260000228881836,13.260000228881836,12.970000267028809,13.09000015258789,27500
2011-02-28,10.523187637329102,13.220000267028809,13.369999885559082,12.949999809265137,13.369999885559082,37400
2011-03-01,10.196828842163086,12.8100004196167,13.229999542236328,12.6899995803833,13.229999542236328,27800
2011-03-02,10.069465637207031,12.649999618530273,13.010000228881836,12.510000228881836,12.850000381469727,25100
2011-03-03,10.308268547058105,12.949999809265137,12.949999809265137,12.739999771118164,12.84000015258789,25500
2011-03-04,10.212748527526855,12.829999923706055,12.949999809265137,12.760000228881836,12.949999809265137,11300
2011-03-07,10.013748168945312,12.579999923706055,12.949999809265137,12.569999694824219,12.899999618530273,25500
2011-03-08,10.451545715332031,13.130000114440918,13.130000114440918,12.569999694824219,12.569999694824219,25600
2011-03-09,10.34807014465332,13.0,13.25,12.930000305175781,13.119999885559082,35300
2011-03-10,10.053543090820312,12.630000114440918,12.890000343322754,12.5,12.850000381469727,52200
2011-03-11,10.119894981384277,12.65999984741211,12.779999732971191,12.510000228881836,12.550000190734863,25700
2011-03-14,9.952028274536133,12.449999809265137,12.539999961853027,12.350000381469727,12.510000228881836,18300
2011-03-15,9.832122802734375,12.300000190734863,12.420000076293945,12.109999656677246,12.109999656677246,29100
2011-03-16,9.7282075881958,12.170000076293945,12.359999656677246,11.9399995803833,12.3100004196167,48300
2011-03-17,9.63228702545166,12.050000190734863,12.550000190734863,11.899999618530273,12.520000457763672,49700
2011-03-18,9.656264305114746,12.079999923706055,12.220000267028809,11.989999771118164,12.15999984741211,78100
2011-03-21,10.279765129089355,12.859999656677246,12.859999656677246,12.140000343322754,12.229999542236328,39800
2011-03-22,10.135883331298828,12.680000305175781,12.880000114440918,12.680000305175781,12.850000381469727,29400
2011-03-23,10.647469520568848,13.319999694824219,13.460000038146973,12.5,12.670000076293945,55500
2011-03-24,10.927247047424316,13.670000076293945,13.6899995803833,13.300000190734863,13.449999809265137,43200
2011-03-25,10.807341575622559,13.520000457763672,13.869999885559082,13.5,13.6899995803833,27700
2011-03-28,10.615497589111328,13.279999732971191,13.529999732971191,13.25,13.529999732971191,30200
2011-03-29,10.927247047424316,13.670000076293945,13.699999809265137,13.300000190734863,13.319999694824219,15700
2011-03-30,11.183040618896484,13.989999771118164,13.989999771118164,13.710000038146973,13.710000038146973,19800
2011-03-31,11.246993064880371,14.069999694824219,14.100000381469727,13.9399995803833,13.970000267028809,50600
2011-04-01,11.334921836853027,14.180000305175781,14.25,13.930000305175781,14.109999656677246,33400
2011-04-04,11.382880210876465,14.239999771118164,14.350000381469727,14.130000114440918,14.25,21800
2011-04-05,11.422853469848633,14.289999961853027,14.329999923706055,14.119999885559082,14.229999542236328,5500
2011-04-06,11.686636924743652,14.619999885559082,14.670000076293945,13.890000343322754,14.350000381469727,22700
2011-04-07,11.662657737731934,14.59000015258789,14.75,14.449999809265137,14.609999656677246,15000
2011-04-08,11.494792938232422,14.380000114440918,14.720000267028809,14.380000114440918,14.720000267028809,26500
2011-04-11,11.095114707946777,13.880000114440918,14.4399995803833,13.779999732971191,14.4399995803833,18900
2011-04-12,10.871295928955078,13.600000381469727,13.899999618530273,13.59000015258789,13.8100004196167,12800
2011-04-13,10.767374038696289,13.470000267028809,13.699999809265137,13.0,13.699999809265137,35800
2011-04-14,10.607504844665527,13.270000457763672,13.520000457763672,13.1899995803833,13.3100004196167,17600
2011-04-15,10.775370597839355,13.479999542236328,13.520000457763672,13.220000267028809,13.279999732971191,33800
2011-04-18,10.447628021240234,13.069999694824219,13.420000076293945,13.020000457763672,13.210000038146973,37800
2011-04-19,10.679441452026367,13.359999656677246,13.529999732971191,13.09000015258789,13.15999984741211,15000
2011-04-20,10.855305671691895,13.579999923706055,13.819999694824219,13.399999618530273,13.65999984741211,22300
2011-04-21,11.023173332214355,13.789999961853027,13.819999694824219,13.600000381469727,13.6899995803833,18400
2011-04-25,11.151065826416016,13.949999809265137,14.079999923706055,13.710000038146973,13.710000038146973,21900
2011-04-26,11.350908279418945,14.199999809265137,14.260000228881836,13.90999984741211,13.949999809265137,22800
2011-04-27,11.350908279418945,14.199999809265137,14.619999885559082,14.010000228881836,14.1899995803833,26000
2011-04-28,11.470808982849121,14.350000381469727,14.5,14.0,14.430000305175781,13000
2011-04-29,11.9104585647583,14.899999618530273,15.0,13.829999923706055,14.350000381469727,43000
2011-05-02,11.223011016845703,14.039999961853027,15.0,13.890000343322754,15.0,34000
2011-05-03,11.063138961791992,13.84000015258789,14.149999618530273,13.460000038146973,14.020000457763672,37000
2011-05-04,10.615497589111328,13.279999732971191,14.0,13.279999732971191,13.859999656677246,19400
2011-05-05,10.551545143127441,13.199999809265137,13.350000381469727,13.0600004196167,13.270000457763672,27400
2011-05-06,10.639479637145996,13.3100004196167,13.720000267028809,13.289999961853027,13.470000267028809,17000
2011-05-09,10.631484985351562,13.300000190734863,13.359999656677246,13.199999809265137,13.319999694824219,8600
2011-05-10,10.855305671691895,13.579999923706055,13.630000114440918,13.380000114440918,13.399999618530273,20800
2011-05-11,10.583520889282227,13.239999771118164,13.550000190734863,13.239999771118164,13.5,13500
2011-05-12,11.015174865722656,13.779999732971191,13.829999923706055,13.050000190734863,13.199999809265137,13800
2011-05-13,11.111099243164062,13.899999618530273,14.229999542236328,13.789999961853027,13.829999923706055,48000
2011-05-16,10.943229675292969,13.6899995803833,13.850000381469727,13.3100004196167,13.800000190734863,42600
2011-05-17,10.759381294250488,13.460000038146973,13.670000076293945,13.390000343322754,13.59000015258789,12900
2011-05-18,10.839317321777344,13.5600004196167,13.569999694824219,13.199999809265137,13.510000228881836,31000
2011-05-19,10.615497589111328,13.279999732971191,13.600000381469727,13.279999732971191,13.569999694824219,75200
2011-05-20,10.535560607910156,13.180000305175781,13.399999618530273,13.15999984741211,13.25,62900
2011-05-23,10.551545143127441,13.199999809265137,13.380000114440918,12.600000381469727,12.9399995803833,24000
2011-05-24,10.39167594909668,13.0,13.449999809265137,12.979999542236328,13.319999694824219,45500
2011-05-25,10.631484985351562,13.300000190734863,13.460000038146973,13.0,13.0,20500
2011-05-26,10.943229675292969,13.6899995803833,13.710000038146973,13.199999809265137,13.300000190734863,39600
2011-05-27,11.191032409667969,14.0,14.239999771118164,13.649999618530273,13.75,87000
2011-05-31,11.238995552062988,14.0600004196167,14.399999618530273,13.899999618530273,14.149999618530273,180000
2011-06-01,10.423650741577148,13.039999961853027,14.069999694824219,12.930000305175781,14.069999694824219,103000
2011-06-02,10.439638137817383,13.0600004196167,13.130000114440918,12.899999618530273,13.069999694824219,39900
2011-06-03,10.263777732849121,12.84000015258789,13.140000343322754,12.84000015258789,12.920000076293945,60000
2011-06-06,10.215814590454102,12.779999732971191,12.979999542236328,12.739999771118164,12.8100004196167,45400
2011-06-07,10.39167594909668,13.0,13.170000076293945,12.720000267028809,12.949999809265137,78000
2011-06-08,9.936040878295898,12.430000305175781,13.15999984741211,12.34000015258789,12.930000305175781,70200
2011-06-09,10.19183349609375,12.75,13.100000381469727,12.479999542236328,12.479999542236328,25800
2011-06-10,10.09591293334961,12.630000114440918,12.899999618530273,12.539999961853027,12.630000114440918,73300
2011-06-13,10.146485328674316,12.640000343322754,12.739999771118164,12.510000228881836,12.65999984741211,57400
2011-06-14,10.22675609588623,12.739999771118164,12.850000381469727,12.619999885559082,12.8100004196167,71400
2011-06-15,10.266891479492188,12.789999961853027,12.819999694824219,12.529999732971191,12.59000015258789,74800
2011-06-16,10.323083877563477,12.859999656677246,13.130000114440918,12.6899995803833,12.760000228881836,54000
2011-06-17,10.491656303405762,13.069999694824219,13.25,12.930000305175781,12.989999771118164,83000
2011-06-20,10.772613525390625,13.420000076293945,13.430000305175781,12.869999885559082,12.979999542236328,32500
2011-06-21,10.828804969787598,13.489999771118164,13.489999771118164,13.210000038146973,13.489999771118164,38200
2011-06-22,10.315056800842285,12.850000381469727,13.649999618530273,12.8100004196167,13.369999885559082,71900
2011-06-23,10.451515197753906,13.020000457763672,13.15999984741211,12.5600004196167,12.649999618530273,40800
2011-06-24,10.676284790039062,13.300000190734863,13.34000015258789,12.75,13.0600004196167,323000
2011-06-27,11.109760284423828,13.84000015258789,13.850000381469727,13.1899995803833,13.270000457763672,89400
2011-06-28,11.045537948608398,13.760000228881836,13.869999885559082,13.680000305175781,13.829999923706055,39600
2011-06-29,10.676284790039062,13.300000190734863,13.850000381469727,13.279999732971191,13.850000381469727,49400
2011-06-30,10.860913276672363,13.529999732971191,13.550000190734863,13.210000038146973,13.279999732971191,47000
2011-07-01,10.780640602111816,13.430000305175781,13.569999694824219,13.390000343322754,13.550000190734863,28800
2011-07-05,10.5960111618042,13.199999809265137,13.40999984741211,12.850000381469727,13.40999984741211,19000
2011-07-06,10.933156967163086,13.619999885559082,13.6899995803833,12.59000015258789,13.119999885559082,37500
2011-07-07,11.125810623168945,13.859999656677246,13.979999542236328,13.630000114440918,13.75,41300
2011-07-08,11.005402565002441,13.710000038146973,13.739999771118164,13.430000305175781,13.600000381469727,25100
2011-07-11,10.732475280761719,13.369999885559082,13.699999809265137,13.229999542236328,13.470000267028809,35100
2011-07-12,10.5960111618042,13.199999809265137,13.619999885559082,13.119999885559082,13.350000381469727,25500
2011-07-13,10.79669189453125,13.449999809265137,13.470000267028809,13.220000267028809,13.329999923706055,26800
2011-07-14,10.676284790039062,13.300000190734863,13.399999618530273,13.119999885559082,13.119999885559082,21100
2011-07-15,10.732475280761719,13.369999885559082,13.420000076293945,13.210000038146973,13.34000015258789,24000
2011-07-18,10.515741348266602,13.100000381469727,13.4399995803833,13.050000190734863,13.319999694824219,22800
2011-07-19,10.917105674743652,13.600000381469727,13.630000114440918,13.199999809265137,13.199999809265137,21400
2011-07-20,10.901049613952637,13.579999923706055,13.619999885559082,13.289999961853027,13.609999656677246,7500
2011-07-21,11.262275695800781,14.029999732971191,14.329999923706055,13.359999656677246,13.680000305175781,59600
2011-07-22,11.029487609863281,13.739999771118164,14.069999694824219,13.699999809265137,14.069999694824219,39900
2011-07-25,10.860913276672363,13.529999732971191,13.710000038146973,13.470000267028809,13.569999694824219,24500
2011-07-26,10.692337989807129,13.319999694824219,13.600000381469727,13.289999961853027,13.59000015258789,15700
2011-07-27,10.435466766357422,13.0,13.279999732971191,12.829999923706055,13.279999732971191,66000
2011-07-28,11.109760284423828,13.84000015258789,13.979999542236328,13.529999732971191,13.949999809265137,69300
2011-07-29,11.1980619430542,13.949999809265137,14.050000190734863,13.619999885559082,13.710000038146973,25100
2011-08-01,11.1980619430542,13.949999809265137,14.140000343322754,13.859999656677246,14.0600004196167,39900
2011-08-02,10.957236289978027,13.649999618530273,14.109999656677246,13.640000343322754,13.880000114440918,53500
2011-08-03,11.511120796203613,14.34000015258789,14.380000114440918,13.729999542236328,13.729999542236328,46300
2011-08-04,11.07764720916748,13.800000190734863,14.489999771118164,13.75,14.15999984741211,47400
2011-08-05,11.125810623168945,13.859999656677246,14.25,13.65999984741211,14.0,27100
2011-08-08,10.371248245239258,12.920000076293945,14.25,12.779999732971191,13.850000381469727,81100
2011-08-09,11.230167388916016,13.989999771118164,14.0,12.210000038146973,13.359999656677246,71800
2011-08-10,10.435466766357422,13.0,13.949999809265137,12.949999809265137,13.520000457763672,75400
2011-08-11,10.97329044342041,13.670000076293945,14.0,13.0,13.09000015258789,52500
2011-08-12,10.499683380126953,13.079999923706055,13.850000381469727,12.989999771118164,13.850000381469727,23800
2011-08-15,11.093705177307129,13.819999694824219,13.989999771118164,13.239999771118164,13.239999771118164,45400
2011-08-16,11.149897575378418,13.890000343322754,14.100000381469727,13.600000381469727,13.600000381469727,51400
2011-08-17,11.141870498657227,13.880000114440918,14.050000190734863,13.829999923706055,13.960000038146973,32700
2011-08-18,10.772613525390625,13.420000076293945,13.9399995803833,13.15999984741211,13.619999885559082,78200
2011-08-19,10.612062454223633,13.220000267028809,13.569999694824219,13.15999984741211,13.15999984741211,49000
2011-08-22,10.660228729248047,13.279999732971191,13.770000457763672,13.210000038146973,13.6899995803833,25700
2011-08-23,11.43887710571289,14.25,14.25,13.359999656677246,13.460000038146973,56400
2011-08-24,11.55125904083252,14.390000343322754,14.460000038146973,14.119999885559082,14.119999885559082,40000
2011-08-25,11.182003021240234,13.930000305175781,14.390000343322754,13.90999984741211,14.390000343322754,47300
2011-08-26,11.559288024902344,14.399999618530273,14.460000038146973,13.760000228881836,13.84000015258789,42300
2011-08-29,12.169361114501953,15.15999984741211,15.25,14.489999771118164,14.489999771118164,95500
2011-08-30,12.05698013305664,15.020000457763672,15.149999618530273,14.6899995803833,15.0,35000
2011-08-31,11.880376815795898,14.800000190734863,15.149999618530273,14.630000114440918,15.149999618530273,41200
2011-09-01,11.374655723571777,14.170000076293945,15.0,14.149999618530273,14.75,45300
2011-09-02,10.756558418273926,13.399999618530273,14.779999732971191,13.300000190734863,13.800000190734863,51800
2011-09-06,10.893020629882812,13.569999694824219,13.630000114440918,13.130000114440918,13.130000114440918,53700
2011-09-07,11.623505592346191,14.479999542236328,14.5,13.850000381469727,13.850000381469727,40200
2011-09-08,11.1980619430542,13.949999809265137,14.489999771118164,13.880000114440918,14.399999618530273,33500
2011-09-09,10.772613525390625,13.420000076293945,13.869999885559082,13.119999885559082,13.8100004196167,46500
2011-09-12,10.772613525390625,13.420000076293945,13.6899995803833,13.109999656677246,13.109999656677246,20600
2011-09-13,10.984565734863281,13.630000114440918,13.6899995803833,13.289999961853027,13.460000038146973,23200
2011-09-14,11.484230041503906,14.25,14.449999809265137,13.59000015258789,13.75,41600
2011-09-15,11.605119705200195,14.399999618530273,14.449999809265137,14.15999984741211,14.449999809265137,16500
2011-09-16,11.556766510009766,14.34000015258789,14.520000457763672,14.239999771118164,14.520000457763672,50500
2011-09-19,11.040980339050293,13.699999809265137,14.0600004196167,13.630000114440918,14.050000190734863,28000
2011-09-20,10.621909141540527,13.180000305175781,13.920000076293945,13.130000114440918,13.5,25000
2011-09-21,10.460726737976074,12.979999542236328,13.25,12.960000038146973,13.140000343322754,54400
2011-09-22,10.35595703125,12.850000381469727,13.050000190734863,12.670000076293945,12.84000015258789,102300
2011-09-23,10.347894668579102,12.84000015258789,13.25,12.680000305175781,12.989999771118164,47400
2011-09-26,10.549375534057617,13.09000015258789,13.199999809265137,12.640000343322754,12.979999542236328,27900
2011-09-27,10.855622291564941,13.470000267028809,13.65999984741211,12.880000114440918,13.3100004196167,106200
2011-09-28,10.36401653289795,12.859999656677246,13.649999618530273,12.84000015258789,13.470000267028809,25500
2011-09-29,10.74279499053955,13.329999923706055,13.489999771118164,12.800000190734863,13.270000457763672,16600
2011-09-30,10.95233154296875,13.59000015258789,13.770000457763672,13.109999656677246,13.119999885559082,42100
2011-10-03,10.14642333984375,12.59000015258789,13.979999542236328,12.579999923706055,13.460000038146973,54400
2011-10-04,11.379461288452148,14.119999885559082,14.239999771118164,12.510000228881836,12.609999656677246,74000
2011-10-05,11.27469253540039,13.989999771118164,14.1899995803833,13.819999694824219,14.1899995803833,29400
2011-10-06,11.31499195098877,14.039999961853027,14.079999923706055,13.699999809265137,13.899999618530273,49300
2011-10-07,10.807268142700195,13.40999984741211,14.0,13.149999618530273,14.0,46600
2011-10-10,11.282751083374023,14.0,14.0,13.470000267028809,13.739999771118164,52700
2011-10-11,11.492290496826172,14.260000228881836,14.260000228881836,13.800000190734863,13.800000190734863,50200
2011-10-12,11.605119705200195,14.399999618530273,14.489999771118164,14.220000267028809,14.289999961853027,43000
2011-10-13,11.685709953308105,14.5,14.5,14.0600004196167,14.279999732971191,27400
2011-10-14,11.903307914733887,14.770000457763672,14.890000343322754,14.260000228881836,14.529999732971191,31100
2011-10-17,11.50840950012207,14.279999732971191,14.6899995803833,14.119999885559082,14.5600004196167,29400
2011-10-18,12.225669860839844,15.170000076293945,15.199999809265137,14.399999618530273,14.4399995803833,67900
2011-10-19,12.201493263244629,15.140000343322754,15.319999694824219,15.020000457763672,15.079999923706055,46100
2011-10-20,12.338499069213867,15.3100004196167,15.329999923706055,14.920000076293945,15.1899995803833,17300
2011-10-21,12.46744155883789,15.470000267028809,15.5,15.039999961853027,15.489999771118164,49100
2011-10-24,12.78174877166748,15.859999656677246,15.930000305175781,15.380000114440918,15.5,55200
2011-10-25,12.475502014160156,15.479999542236328,15.680000305175781,15.399999618530273,15.4399995803833,55100
2011-10-26,12.652803421020508,15.699999809265137,15.949999809265137,15.569999694824219,15.84000015258789,55000
2011-10-27,13.087990760803223,16.239999771118164,16.299999237060547,15.329999923706055,15.989999771118164,143900
2011-10-28,12.676980972290039,15.729999542236328,16.450000762939453,14.960000038146973,16.049999237060547,80700
2011-10-31,12.435209274291992,15.430000305175781,15.600000381469727,15.109999656677246,15.460000038146973,52600
2011-11-01,12.008072853088379,14.899999618530273,15.40999984741211,14.899999618530273,14.899999618530273,92200
2011-11-02,12.402972221374512,15.390000343322754,15.470000267028809,14.90999984741211,15.039999961853027,63300
2011-11-03,12.90263557434082,16.010000228881836,16.100000381469727,15.149999618530273,15.510000228881836,55600
2011-11-04,12.82204532623291,15.90999984741211,16.0,15.630000114440918,15.829999923706055,25200
2011-11-07,12.531917572021484,15.550000190734863,15.880000114440918,15.210000038146973,15.880000114440918,41700
2011-11-08,12.660862922668457,15.710000038146973,15.800000190734863,15.109999656677246,15.65999984741211,59700
2011-11-09,11.951661109924316,14.829999923706055,15.59000015258789,14.829999923706055,15.25,46700
2011-11-10,12.24178695678711,15.1899995803833,15.600000381469727,14.859999656677246,15.149999618530273,28300
2011-11-11,12.419092178344727,15.40999984741211,15.569999694824219,15.380000114440918,15.4399995803833,36200
2011-11-14,12.064486503601074,14.970000267028809,15.619999885559082,14.779999732971191,15.399999618530273,38900
2011-11-15,12.51579761505127,15.529999732971191,15.529999732971191,14.529999732971191,14.8100004196167,36100
2011-11-16,12.1531400680542,15.079999923706055,15.699999809265137,15.020000457763672,15.34000015258789,60700
2011-11-17,11.726006507873535,14.550000190734863,15.199999809265137,14.5,15.109999656677246,59000
2011-11-18,11.814654350280762,14.65999984741211,14.890000343322754,14.539999961853027,14.550000190734863,48500
2011-11-21,11.3472261428833,14.079999923706055,14.420000076293945,14.050000190734863,14.399999618530273,24100
2011-11-22,11.234396934509277,13.9399995803833,14.25,13.779999732971191,14.039999961853027,31800
2011-11-23,10.678324699401855,13.25,13.899999618530273,13.180000305175781,13.800000190734863,51900
2011-11-25,10.629964828491211,13.1899995803833,13.430000305175781,13.130000114440918,13.199999809265137,38500
2011-11-28,11.00068473815918,13.649999618530273,13.75,13.34000015258789,13.720000267028809,44800
2011-11-29,10.920096397399902,13.550000190734863,13.680000305175781,13.289999961853027,13.609999656677246,47200
2011-11-30,11.63735580444336,14.4399995803833,14.5,13.300000190734863,14.210000038146973,114900
2011-12-01,11.492290496826172,14.260000228881836,14.550000190734863,13.5600004196167,13.829999923706055,44500
2011-12-02,11.661532402038574,14.470000267028809,14.649999618530273,14.34000015258789,14.510000228881836,27800
2011-12-05,11.822717666625977,14.670000076293945,14.90999984741211,14.369999885559082,14.609999656677246,46200
2011-12-06,11.97584056854248,14.859999656677246,14.989999771118164,14.449999809265137,14.649999618530273,29100
2011-12-07,12.008072853088379,14.899999618530273,15.0,14.470000267028809,14.779999732971191,31000
2011-12-08,11.339167594909668,14.069999694824219,14.770000457763672,14.020000457763672,14.6899995803833,40300
2011-12-09,11.887186050415039,14.75,14.899999618530273,14.149999618530273,14.149999618530273,52000
2011-12-12,11.556766510009766,14.34000015258789,14.59000015258789,14.149999618530273,14.489999771118164,27100
2011-12-13,11.34078598022461,14.020000457763672,14.8100004196167,13.920000076293945,14.4399995803833,45600
2011-12-14,11.955554008483887,14.779999732971191,14.8100004196167,13.890000343322754,13.890000343322754,48200
2011-12-15,12.133509635925293,15.0,15.0,14.5,14.949999809265137,43400
2011-12-16,12.076884269714355,14.930000305175781,15.130000114440918,14.729999542236328,15.0,91200
2011-12-19,11.97173023223877,14.800000190734863,15.050000190734863,14.699999809265137,15.020000457763672,41100
2011-12-20,12.780631065368652,15.800000190734863,15.819999694824219,14.0,15.170000076293945,83700
2011-12-21,12.659293174743652,15.649999618530273,15.819999694824219,15.180000305175781,15.6899995803833,66300
2011-12-22,12.424712181091309,15.359999656677246,15.930000305175781,15.170000076293945,15.65999984741211,78700
2011-12-23,12.400444984436035,15.329999923706055,15.640000343322754,15.229999542236328,15.5,78600
2011-12-27,12.311469078063965,15.220000267028809,15.479999542236328,15.0600004196167,15.3100004196167,37500
2011-12-28,11.97173023223877,14.800000190734863,15.15999984741211,14.760000228881836,15.149999618530273,34700
2011-12-29,12.165865898132324,15.039999961853027,15.15999984741211,14.739999771118164,14.930000305175781,35300
2011-12-30,11.97173023223877,14.800000190734863,15.100000381469727,14.770000457763672,15.100000381469727,27400
2012-01-03,12.351914405822754,15.270000457763672,15.380000114440918,14.800000190734863,15.1899995803833,52200
2012-01-04,12.303380012512207,15.210000038146973,15.399999618530273,14.989999771118164,15.130000114440918,16900
2012-01-05,12.416624069213867,15.350000381469727,15.380000114440918,14.920000076293945,15.149999618530273,16600
2012-01-06,12.254844665527344,15.149999618530273,15.40999984741211,15.0600004196167,15.390000343322754,31900
2012-01-09,12.149690628051758,15.020000457763672,15.15999984741211,14.8100004196167,15.15999984741211,34500
2012-01-10,12.246756553649902,15.140000343322754,15.239999771118164,15.029999732971191,15.239999771118164,21600
2012-01-11,12.271021842956543,15.170000076293945,15.170000076293945,15.029999732971191,15.100000381469727,13400
2012-01-12,12.214399337768555,15.100000381469727,15.180000305175781,15.0,15.079999923706055,26100
2012-01-13,12.117332458496094,14.979999542236328,15.0,14.619999885559082,14.869999885559082,23300
2012-01-17,11.866575241088867,14.670000076293945,15.050000190734863,14.619999885559082,15.050000190734863,60300
2012-01-18,12.012176513671875,14.850000381469727,14.859999656677246,14.449999809265137,14.619999885559082,31200
2012-01-19,11.947465896606445,14.770000457763672,14.84000015258789,14.619999885559082,14.84000015258789,17300
2012-01-20,12.17395305633545,15.050000190734863,15.069999694824219,14.600000381469727,14.720000267028809,25500
2012-01-23,11.907020568847656,14.720000267028809,15.130000114440918,14.609999656677246,15.0,40200
2012-01-24,12.149690628051758,15.020000457763672,15.0600004196167,14.600000381469727,14.609999656677246,31000
2012-01-25,12.513693809509277,15.470000267028809,15.600000381469727,14.960000038146973,15.020000457763672,46400
2012-01-26,10.151701927185059,12.550000190734863,14.470000267028809,12.449999809265137,14.470000267028809,163400
2012-01-27,9.989925384521484,12.350000381469727,12.539999961853027,11.869999885559082,12.539999961853027,78900
2012-01-30,9.98183536529541,12.34000015258789,12.619999885559082,12.1899995803833,12.199999809265137,89500
2012-01-31,10.022276878356934,12.390000343322754,12.5600004196167,12.170000076293945,12.470000267028809,46200
2012-02-01,10.2973051071167,12.729999542236328,12.75,12.3100004196167,12.479999542236328,68000
2012-02-02,10.2973051071167,12.729999542236328,12.779999732971191,12.619999885559082,12.779999732971191,60000
2012-02-03,10.31348705291748,12.75,12.960000038146973,12.619999885559082,12.960000038146973,48700
2012-02-06,10.143611907958984,12.539999961853027,12.720000267028809,12.460000038146973,12.579999923706055,30400
2012-02-07,10.014193534851074,12.380000114440918,12.609999656677246,12.210000038146973,12.3100004196167,80200
2012-02-08,9.965654373168945,12.319999694824219,12.550000190734863,12.1899995803833,12.369999885559082,32100
2012-02-09,9.63400936126709,11.90999984741211,12.449999809265137,11.899999618530273,12.3100004196167,46000
2012-02-10,9.334712982177734,11.539999961853027,11.739999771118164,11.380000114440918,11.720000267028809,44500
2012-02-13,9.739164352416992,12.039999961853027,12.149999618530273,11.710000038146973,11.710000038146973,33100
2012-02-14,9.731075286865234,12.029999732971191,12.109999656677246,11.90999984741211,12.010000228881836,17600
2012-02-15,9.383249282836914,11.600000381469727,12.149999618530273,11.550000190734863,12.079999923706055,39600
2012-02-16,9.820054054260254,12.140000343322754,12.199999809265137,11.5600004196167,11.609999656677246,40000
2012-02-17,9.803876876831055,12.119999885559082,12.25,12.020000457763672,12.210000038146973,54400
2012-02-21,9.569294929504395,11.829999923706055,12.170000076293945,11.760000228881836,12.170000076293945,24600
2012-02-22,9.310445785522461,11.510000228881836,11.770000457763672,11.479999542236328,11.770000457763672,32700
2012-02-23,9.706806182861328,12.0,12.069999694824219,11.399999618530273,11.569999694824219,63200
2012-02-24,9.577380180358887,11.84000015258789,12.029999732971191,11.789999961853027,12.029999732971191,22900
2012-02-27,9.334712982177734,11.539999961853027,11.789999961853027,11.529999732971191,11.789999961853027,20700
2012-02-28,9.25382137298584,11.4399995803833,11.65999984741211,11.399999618530273,11.550000190734863,21300
2012-02-29,9.383249282836914,11.600000381469727,11.869999885559082,11.40999984741211,11.449999809265137,85000
2012-03-01,9.21338176727295,11.390000343322754,11.869999885559082,11.380000114440918,11.640000343322754,48900
2012-03-02,9.035422325134277,11.170000076293945,11.470000267028809,11.149999618530273,11.430000305175781,60000
2012-03-05,9.237648963928223,11.420000076293945,11.4399995803833,11.130000114440918,11.170000076293945,17400
2012-03-06,9.148665428161621,11.3100004196167,11.600000381469727,11.239999771118164,11.239999771118164,40400
2012-03-07,9.2295560836792,11.40999984741211,11.470000267028809,11.180000305175781,11.329999923706055,28600
2012-03-08,9.2295560836792,11.40999984741211,11.539999961853027,11.15999984741211,11.449999809265137,25100
2012-03-09,9.464138984680176,11.699999809265137,11.9399995803833,11.25,11.390000343322754,25500
2012-03-12,9.4884033203125,11.729999542236328,11.800000190734863,11.600000381469727,11.729999542236328,15100
2012-03-13,9.799620628356934,12.0600004196167,12.180000305175781,11.699999809265137,11.819999694824219,50600
2012-03-14,9.758992195129395,12.010000228881836,12.109999656677246,11.949999809265137,12.109999656677246,38400
2012-03-15,9.905252456665039,12.1899995803833,12.199999809265137,11.920000076293945,12.130000114440918,31800
2012-03-16,9.783370971679688,12.039999961853027,12.229999542236328,11.970000267028809,12.1899995803833,47900
2012-03-19,9.905252456665039,12.1899995803833,12.270000457763672,11.979999542236328,12.039999961853027,16700
2012-03-20,9.653358459472656,11.880000114440918,12.100000381469727,11.880000114440918,12.0600004196167,17900
2012-03-21,9.620849609375,11.84000015258789,11.960000038146973,11.779999732971191,11.960000038146973,15800
2012-03-22,9.515218734741211,11.710000038146973,11.720000267028809,11.420000076293945,11.670000076293945,19400
2012-03-23,9.783370971679688,12.039999961853027,12.079999923706055,11.569999694824219,11.569999694824219,34100
2012-03-26,9.872751235961914,12.149999618530273,12.210000038146973,11.9399995803833,12.210000038146973,246300
2012-03-27,9.7427396774292,11.989999771118164,12.300000190734863,11.989999771118164,12.1899995803833,16700
2012-03-28,9.637102127075195,11.859999656677246,12.0600004196167,11.609999656677246,12.0600004196167,21500
2012-03-29,9.71835994720459,11.960000038146973,12.020000457763672,11.739999771118164,11.739999771118164,21300
2012-03-30,9.539594650268555,11.739999771118164,12.220000267028809,11.739999771118164,12.100000381469727,106800
2012-04-02,9.81587028503418,12.079999923706055,12.140000343322754,11.699999809265137,11.760000228881836,51400
2012-04-03,9.82399845123291,12.09000015258789,12.260000228881836,11.850000381469727,12.079999923706055,41800
2012-04-04,9.433961868286133,11.609999656677246,11.989999771118164,11.569999694824219,11.899999618530273,30300
2012-04-05,9.271448135375977,11.40999984741211,11.800000190734863,11.010000228881836,11.010000228881836,36100
2012-04-09,9.052051544189453,11.140000343322754,11.260000228881836,11.0,11.180000305175781,30900
2012-04-10,8.978922843933105,11.050000190734863,11.289999961853027,10.8100004196167,11.09000015258789,108500
2012-04-11,9.214567184448242,11.34000015258789,11.34000015258789,11.149999618530273,11.199999809265137,22100
2012-04-12,9.56397533416748,11.770000457763672,11.899999618530273,11.210000038146973,11.3100004196167,72800
2012-04-13,9.352705001831055,11.510000228881836,11.699999809265137,11.399999618530273,11.630000114440918,45000
2012-04-16,9.515218734741211,11.710000038146973,11.819999694824219,11.399999618530273,11.520000457763672,16300
2012-04-17,9.620849609375,11.84000015258789,12.1899995803833,11.729999542236328,11.859999656677246,26300
2012-04-18,9.344578742980957,11.5,11.789999961853027,11.350000381469727,11.739999771118164,61700
2012-04-19,9.173941612243652,11.289999961853027,11.59000015258789,11.260000228881836,11.489999771118164,40900
2012-04-20,9.206439971923828,11.329999923706055,12.029999732971191,11.239999771118164,12.029999732971191,39800
2012-04-23,9.661484718322754,11.890000343322754,12.199999809265137,11.220000267028809,11.220000267028809,107900
2012-04-24,9.848372459411621,12.119999885559082,12.489999771118164,11.720000267028809,11.859999656677246,255600
2012-04-25,9.840248107910156,12.109999656677246,12.430000305175781,11.930000305175781,12.239999771118164,41100
2012-04-26,9.710240364074707,11.949999809265137,12.09000015258789,11.920000076293945,12.029999732971191,23400
2012-04-27,9.986509323120117,12.289999961853027,12.390000343322754,11.770000457763672,12.020000457763672,42400
2012-04-30,9.82399845123291,12.09000015258789,12.229999542236328,12.0600004196167,12.220000267028809,21000
2012-05-01,9.507092475891113,11.699999809265137,12.430000305175781,11.649999618530273,12.149999618530273,56000
2012-05-02,9.56397533416748,11.770000457763672,11.84000015258789,11.579999923706055,11.609999656677246,77300
2012-05-03,9.604602813720703,11.819999694824219,12.239999771118164,11.720000267028809,11.779999732971191,100000
2012-05-04,9.352705001831055,11.510000228881836,11.869999885559082,11.460000038146973,11.760000228881836,55600
2012-05-07,9.352705001831055,11.510000228881836,11.729999542236328,11.289999961853027,11.489999771118164,38000
2012-05-08,9.466462135314941,11.649999618530273,11.739999771118164,11.460000038146973,11.460000038146973,36100
2012-05-09,9.3689546585083,11.529999732971191,11.829999923706055,11.350000381469727,11.539999961853027,34000
2012-05-10,9.442087173461914,11.619999885559082,11.850000381469727,11.510000228881836,11.670000076293945,56000
2012-05-11,9.30395221710205,11.449999809265137,11.640000343322754,11.369999885559082,11.479999542236328,45000
2012-05-14,9.003301620483398,11.079999923706055,11.40999984741211,11.029999732971191,11.279999732971191,97400
2012-05-15,8.98704719543457,11.0600004196167,11.210000038146973,11.010000228881836,11.079999923706055,31000
2012-05-16,9.295823097229004,11.4399995803833,11.569999694824219,11.029999732971191,11.079999923706055,52100
2012-05-17,9.263320922851562,11.399999618530273,11.539999961853027,11.34000015258789,11.420000076293945,43800
2012-05-18,9.084556579589844,11.180000305175781,11.550000190734863,11.109999656677246,11.399999618530273,45100
2012-05-21,9.084556579589844,11.180000305175781,11.369999885559082,11.079999923706055,11.15999984741211,22500
2012-05-22,8.800156593322754,10.829999923706055,11.350000381469727,10.75,11.210000038146973,45000
2012-05-23,8.792036056518555,10.819999694824219,10.9399995803833,10.670000076293945,10.75,24000
2012-05-24,8.922039985656738,10.979999542236328,10.979999542236328,10.600000381469727,10.800000190734863,42300
2012-05-25,8.995172500610352,11.069999694824219,11.390000343322754,10.970000267028809,11.0,28100
2012-05-29,8.978922843933105,11.050000190734863,11.180000305175781,10.819999694824219,11.149999618530273,77700
2012-05-30,8.77578353881836,10.800000190734863,11.140000343322754,10.800000190734863,10.949999809265137,15000
2012-05-31,8.783904075622559,10.8100004196167,11.09000015258789,10.479999542236328,10.800000190734863,39700
2012-06-01,8.361366271972656,10.289999961853027,10.6899995803833,10.279999732971191,10.550000190734863,52200
2012-06-04,8.231356620788574,10.130000114440918,10.350000381469727,9.9399995803833,10.329999923706055,32500
2012-06-05,8.25573444366455,10.15999984741211,10.359999656677246,10.100000381469727,10.130000114440918,28400
2012-06-06,8.65389347076416,10.649999618530273,10.670000076293945,10.220000267028809,10.279999732971191,22600
2012-06-07,8.670141220092773,10.670000076293945,10.850000381469727,10.619999885559082,10.770000457763672,33500
2012-06-08,8.848913192749023,10.890000343322754,11.039999961853027,10.630000114440918,10.630000114440918,17100
2012-06-11,8.53200626373291,10.5,11.0,10.5,11.0,32600
2012-06-12,8.759527206420898,10.779999732971191,10.819999694824219,10.380000114440918,10.550000190734863,25000
2012-06-13,8.565998077392578,10.489999771118164,10.920000076293945,10.4399995803833,10.720000267028809,24800
2012-06-14,8.79464340209961,10.770000457763672,10.819999694824219,10.529999732971191,10.529999732971191,23100
2012-06-15,8.9661226272583,10.979999542236328,11.09000015258789,10.59000015258789,10.729999542236328,64900
2012-06-18,8.827303886413574,10.8100004196167,11.180000305175781,10.75,10.930000305175781,35900
2012-06-19,8.917129516601562,10.920000076293945,11.100000381469727,10.739999771118164,10.819999694824219,49800
2012-06-20,8.949792861938477,10.960000038146973,11.069999694824219,10.800000190734863,10.949999809265137,9700
2012-06-21,8.778307914733887,10.75,10.989999771118164,10.680000305175781,10.920000076293945,34300
2012-06-22,8.876297950744629,10.869999885559082,11.050000190734863,10.619999885559082,10.770000457763672,394800
2012-06-25,8.63132381439209,10.569999694824219,10.75,10.449999809265137,10.649999618530273,17100
2012-06-26,8.663987159729004,10.609999656677246,10.6899995803833,10.489999771118164,10.600000381469727,25100
2012-06-27,8.827303886413574,10.8100004196167,10.920000076293945,10.579999923706055,10.579999923706055,17200
2012-06-28,8.729310989379883,10.6899995803833,10.869999885559082,10.470000267028809,10.710000038146973,19800
2012-06-29,8.949792861938477,10.960000038146973,11.100000381469727,10.569999694824219,10.890000343322754,53400
2012-07-02,9.178437232971191,11.239999771118164,11.239999771118164,10.829999923706055,10.970000267028809,33200
2012-07-03,9.38258171081543,11.489999771118164,11.8100004196167,11.109999656677246,11.109999656677246,20000
2012-07-05,9.194767951965332,11.260000228881836,11.5,11.170000076293945,11.5,15100
2012-07-06,9.23559856414795,11.3100004196167,11.369999885559082,10.869999885559082,11.149999618530273,17100
2012-07-09,9.178437232971191,11.239999771118164,11.489999771118164,11.149999618530273,11.25,20600
2012-07-10,9.243765830993652,11.319999694824219,11.359999656677246,11.199999809265137,11.359999656677246,15200
2012-07-11,9.374420166015625,11.479999542236328,11.550000190734863,11.210000038146973,11.300000190734863,22300
2012-07-12,9.170270919799805,11.229999542236328,11.470000267028809,11.039999961853027,11.420000076293945,36200
2012-07-13,9.537732124328613,11.680000305175781,11.779999732971191,11.25,11.25,37700
2012-07-16,9.55406665802002,11.699999809265137,11.739999771118164,11.350000381469727,11.619999885559082,23300
2012-07-17,9.790876388549805,11.989999771118164,12.100000381469727,11.460000038146973,11.789999961853027,76300
2012-07-18,9.978693008422852,12.220000267028809,12.359999656677246,12.0,12.0,40000
2012-07-19,9.799038887023926,12.0,12.210000038146973,11.8100004196167,12.210000038146973,40900
2012-07-20,9.586730003356934,11.739999771118164,11.890000343322754,11.619999885559082,11.859999656677246,77900
2012-07-23,9.366251945495605,11.470000267028809,11.630000114440918,11.40999984741211,11.569999694824219,27400
2012-07-24,9.113110542297363,11.15999984741211,11.550000190734863,11.119999885559082,11.550000190734863,26700
2012-07-25,9.276427268981934,11.359999656677246,11.479999542236328,10.890000343322754,11.260000228881836,74200
2012-07-26,9.86436939239502,12.079999923706055,12.25,11.569999694824219,11.640000343322754,92900
2012-07-27,10.133844375610352,12.40999984741211,12.470000267028809,11.8100004196167,12.180000305175781,42200
2012-07-30,10.395151138305664,12.729999542236328,12.949999809265137,12.34000015258789,12.449999809265137,38900
2012-07-31,10.248163223266602,12.550000190734863,12.75,12.489999771118164,12.739999771118164,64900
2012-08-01,9.790876388549805,11.989999771118164,12.649999618530273,11.9399995803833,12.630000114440918,47300
2012-08-02,9.660222053527832,11.829999923706055,12.09000015258789,11.779999732971191,11.920000076293945,25700
2012-08-03,10.052183151245117,12.3100004196167,12.479999542236328,11.930000305175781,11.930000305175781,46300
2012-08-06,10.003190994262695,12.25,12.65999984741211,12.210000038146973,12.350000381469727,51100
2012-08-07,9.86436939239502,12.079999923706055,12.40999984741211,12.029999732971191,12.329999923706055,50800
2012-08-08,9.807211875915527,12.010000228881836,12.119999885559082,11.84000015258789,12.010000228881836,52300
2012-08-09,9.537732124328613,11.680000305175781,12.020000457763672,11.630000114440918,12.020000457763672,68300
2012-08-10,9.423412322998047,11.539999961853027,11.699999809265137,11.510000228881836,11.65999984741211,39400
2012-08-13,9.603058815002441,11.760000228881836,11.760000228881836,11.350000381469727,11.529999732971191,57400
2012-08-14,9.55406665802002,11.699999809265137,11.880000114440918,11.640000343322754,11.880000114440918,17400
2012-08-15,9.717381477355957,11.899999618530273,11.960000038146973,11.609999656677246,11.640000343322754,35800
2012-08-16,9.717381477355957,11.899999618530273,11.949999809265137,11.6899995803833,11.9399995803833,31900
2012-08-17,10.109347343444824,12.380000114440918,12.449999809265137,11.710000038146973,11.850000381469727,40500
2012-08-20,10.101178169250488,12.369999885559082,12.479999542236328,12.199999809265137,12.319999694824219,20500
2012-08-21,10.027687072753906,12.279999732971191,12.630000114440918,12.229999542236328,12.359999656677246,36400
2012-08-22,9.88886547088623,12.109999656677246,12.399999618530273,12.109999656677246,12.279999732971191,21800
2012-08-23,9.790876388549805,11.989999771118164,12.130000114440918,11.869999885559082,12.130000114440918,9300
2012-08-24,9.84803581237793,12.0600004196167,12.399999618530273,11.850000381469727,11.920000076293945,26400
2012-08-27,9.86436939239502,12.079999923706055,12.25,11.989999771118164,12.050000190734863,27200
2012-08-28,9.913363456726074,12.140000343322754,12.25,12.039999961853027,12.039999961853027,27400
2012-08-29,10.109347343444824,12.380000114440918,12.460000038146973,12.130000114440918,12.199999809265137,19300
2012-08-30,10.011354446411133,12.260000228881836,12.479999542236328,12.149999618530273,12.319999694824219,15500
2012-08-31,10.101178169250488,12.369999885559082,12.529999732971191,12.180000305175781,12.350000381469727,25700
2012-09-04,10.264498710632324,12.569999694824219,12.640000343322754,12.050000190734863,12.420000076293945,48900
2012-09-05,10.248163223266602,12.550000190734863,12.649999618530273,12.319999694824219,12.640000343322754,28700
2012-09-06,10.623795509338379,13.010000228881836,13.050000190734863,12.649999618530273,12.649999618530273,61500
2012-09-07,10.574798583984375,12.949999809265137,13.130000114440918,12.899999618530273,13.109999656677246,53500
2012-09-10,10.50947380065918,12.869999885559082,13.050000190734863,12.75,13.020000457763672,20900
2012-09-11,10.346153259277344,12.670000076293945,13.050000190734863,12.430000305175781,12.819999694824219,64300
2012-09-12,10.373217582702637,12.649999618530273,13.020000457763672,12.430000305175781,12.630000114440918,33600
2012-09-13,10.553618431091309,12.869999885559082,13.0,12.5600004196167,12.649999618530273,57500
2012-09-14,10.63562297821045,12.970000267028809,13.149999618530273,12.779999732971191,12.949999809265137,60200
2012-09-17,10.660222053527832,13.0,13.029999732971191,12.739999771118164,12.949999809265137,21500
2012-09-18,10.750425338745117,13.109999656677246,13.149999618530273,12.800000190734863,13.149999618530273,46500
2012-09-19,10.652022361755371,12.989999771118164,13.199999809265137,12.970000267028809,13.1899995803833,22000
2012-09-20,10.71762466430664,13.069999694824219,13.199999809265137,12.930000305175781,12.930000305175781,10200
2012-09-21,11.25883674621582,13.729999542236328,13.789999961853027,13.3100004196167,13.399999618530273,97900
2012-09-24,11.513040542602539,14.039999961853027,14.109999656677246,13.640000343322754,13.640000343322754,29800
2012-09-25,11.340837478637695,13.829999923706055,14.40999984741211,13.729999542236328,14.1899995803833,39700
2012-09-26,11.234236717224121,13.699999809265137,14.149999618530273,13.479999542236328,13.880000114440918,28500
2012-09-27,11.3572359085083,13.850000381469727,14.050000190734863,13.539999961853027,13.75,22500
2012-09-28,11.15223503112793,13.600000381469727,13.880000114440918,13.529999732971191,13.779999732971191,14600
2012-10-01,11.234236717224121,13.699999809265137,14.029999732971191,13.609999656677246,13.739999771118164,28900
2012-10-02,11.414636611938477,13.920000076293945,13.9399995803833,13.710000038146973,13.829999923706055,18400
2012-10-03,11.570441246032715,14.109999656677246,14.220000267028809,13.930000305175781,13.979999542236328,31000
2012-10-04,11.529438972473145,14.0600004196167,14.130000114440918,13.6899995803833,14.130000114440918,19300
2012-10-05,11.488441467285156,14.010000228881836,14.15999984741211,13.869999885559082,14.079999923706055,27200
2012-10-08,11.275237083435059,13.75,13.899999618530273,13.619999885559082,13.899999618530273,12600
2012-10-09,10.996427536010742,13.40999984741211,13.989999771118164,13.369999885559082,13.8100004196167,22600
2012-10-10,11.2670316696167,13.739999771118164,13.739999771118164,13.4399995803833,13.470000267028809,14900
2012-10-11,11.308038711547852,13.789999961853027,13.920000076293945,13.569999694824219,13.819999694824219,26100
2012-10-12,11.2670316696167,13.739999771118164,13.9399995803833,13.569999694824219,13.760000228881836,36200
2012-10-15,11.349039077758789,13.84000015258789,13.850000381469727,13.5,13.75,14500
2012-10-16,11.25883674621582,13.729999542236328,13.979999542236328,13.619999885559082,13.979999542236328,20500
2012-10-17,11.3572359085083,13.850000381469727,13.850000381469727,13.5600004196167,13.800000190734863,11200
2012-10-18,11.209632873535156,13.670000076293945,13.890000343322754,13.640000343322754,13.789999961853027,26900
2012-10-19,10.980029106140137,13.390000343322754,13.550000190734863,13.170000076293945,13.520000457763672,38900
2012-10-22,10.996427536010742,13.40999984741211,13.5,13.1899995803833,13.319999694824219,19700
2012-10-23,10.980029106140137,13.390000343322754,13.640000343322754,13.09000015258789,13.300000190734863,35900
2012-10-24,11.053829193115234,13.479999542236328,13.550000190734863,13.319999694824219,13.4399995803833,13600
2012-10-25,11.472040176391602,13.989999771118164,14.0,13.579999923706055,13.579999923706055,41400
2012-10-26,11.513040542602539,14.039999961853027,14.140000343322754,13.770000457763672,13.979999542236328,35200
2012-10-31,11.480239868164062,14.0,14.09000015258789,13.800000190734863,14.039999961853027,16500
2012-11-01,11.324438095092773,13.8100004196167,14.050000190734863,13.630000114440918,13.989999771118164,28200
2012-11-02,11.176835060119629,13.630000114440918,14.010000228881836,13.600000381469727,14.0,44300
2012-11-05,11.135834693908691,13.579999923706055,13.760000228881836,13.5,13.670000076293945,18600
2012-11-06,11.28343677520752,13.760000228881836,13.800000190734863,13.5600004196167,13.630000114440918,9700
2012-11-07,10.82422924041748,13.199999809265137,13.569999694824219,13.140000343322754,13.569999694824219,34500
2012-11-08,10.561820983886719,12.880000114440918,13.390000343322754,12.760000228881836,13.210000038146973,21500
2012-11-09,10.496221542358398,12.800000190734863,13.220000267028809,12.6899995803833,12.819999694824219,23900
2012-11-12,10.488018989562988,12.789999961853027,13.010000228881836,12.789999961853027,12.819999694824219,5400
2012-11-13,10.36501693725586,12.640000343322754,12.890000343322754,12.300000190734863,12.739999771118164,48600
2012-11-14,10.27481460571289,12.529999732971191,12.729999542236328,12.5,12.65999984741211,24800
2012-11-15,10.160014152526855,12.390000343322754,12.720000267028809,12.3100004196167,12.5,14500
2012-11-16,10.192816734313965,12.430000305175781,12.800000190734863,12.170000076293945,12.3100004196167,42600
2012-11-19,10.512618064880371,12.819999694824219,12.90999984741211,12.460000038146973,12.619999885559082,26100
2012-11-20,10.586421012878418,12.90999984741211,12.949999809265137,12.510000228881836,12.829999923706055,10700
2012-11-21,10.660222053527832,13.0,13.0,12.260000228881836,12.920000076293945,13600
2012-11-23,10.643820762634277,12.979999542236328,13.0,12.84000015258789,13.0,11600
2012-11-26,10.676624298095703,13.020000457763672,13.119999885559082,12.760000228881836,12.899999618530273,23200
2012-11-27,10.57002067565918,12.890000343322754,13.039999961853027,12.760000228881836,13.020000457763672,14700
2012-11-28,10.652022361755371,12.989999771118164,13.0,12.569999694824219,12.859999656677246,8500
2012-11-29,10.816025733947754,13.1899995803833,13.220000267028809,12.640000343322754,13.0,27700
2012-11-30,10.840628623962402,13.220000267028809,13.270000457763672,13.050000190734863,13.149999618530273,31400
2012-12-03,10.840628623962402,13.220000267028809,13.220000267028809,13.079999923706055,13.199999809265137,12700
2012-12-04,10.750425338745117,13.109999656677246,13.180000305175781,12.920000076293945,13.170000076293945,17600
2012-12-05,10.734020233154297,13.09000015258789,13.199999809265137,12.869999885559082,13.199999809265137,21600
2012-12-06,10.70942497253418,13.0600004196167,13.170000076293945,12.970000267028809,13.100000381469727,14400
2012-12-07,10.660222053527832,13.0,13.180000305175781,12.920000076293945,13.180000305175781,28300
2012-12-10,10.643820762634277,12.979999542236328,13.170000076293945,12.65999984741211,13.069999694824219,52700
2012-12-11,10.807825088500977,13.180000305175781,13.199999809265137,12.850000381469727,13.119999885559082,92300
2012-12-12,10.760076522827148,13.069999694824219,13.199999809265137,13.029999732971191,13.119999885559082,17200
2012-12-13,10.669517517089844,12.960000038146973,13.199999809265137,12.960000038146973,13.109999656677246,36800
2012-12-14,10.62012004852295,12.899999618530273,12.960000038146973,12.760000228881836,12.890000343322754,22200
2012-12-17,10.825939178466797,13.149999618530273,13.180000305175781,12.9399995803833,12.9399995803833,40400
2012-12-18,10.965892791748047,13.319999694824219,13.329999923706055,13.0,13.0,33800
2012-12-19,10.949426651000977,13.300000190734863,13.350000381469727,13.149999618530273,13.350000381469727,32200
2012-12-20,10.80947208404541,13.130000114440918,13.300000190734863,12.8100004196167,13.270000457763672,55600
2012-12-21,10.79300594329834,13.109999656677246,13.220000267028809,12.90999984741211,13.140000343322754,111000
2012-12-24,10.702446937561035,13.0,13.140000343322754,12.930000305175781,13.09000015258789,5300
2012-12-26,10.710677146911621,13.010000228881836,13.130000114440918,12.75,13.079999923706055,18600
2012-12-27,10.75184440612793,13.0600004196167,13.170000076293945,12.899999618530273,12.989999771118164,16800
2012-12-28,10.6283540725708,12.90999984741211,13.029999732971191,12.619999885559082,12.970000267028809,23100
2012-12-31,10.760076522827148,13.069999694824219,13.180000305175781,12.699999809265137,12.930000305175781,35300
2013-01-02,11.393994331359863,13.84000015258789,13.869999885559082,13.239999771118164,13.449999809265137,83600
2013-01-03,11.328129768371582,13.760000228881836,13.859999656677246,13.529999732971191,13.859999656677246,33400
2013-01-04,11.435151100158691,13.890000343322754,13.989999771118164,13.600000381469727,13.850000381469727,15700
2013-01-07,11.105846405029297,13.489999771118164,13.8100004196167,13.479999542236328,13.760000228881836,18600
2013-01-08,11.007052421569824,13.369999885559082,13.59000015258789,12.970000267028809,13.5,19200
2013-01-09,11.072914123535156,13.449999809265137,13.520000457763672,13.289999961853027,13.449999809265137,26400
2013-01-10,11.163477897644043,13.5600004196167,13.739999771118164,13.220000267028809,13.550000190734863,19200
2013-01-11,11.147007942199707,13.539999961853027,13.640000343322754,13.239999771118164,13.630000114440918,11400
2013-01-14,11.221105575561523,13.630000114440918,13.6899995803833,13.300000190734863,13.449999809265137,9700
2013-01-15,11.336359977722168,13.770000457763672,13.800000190734863,13.5,13.569999694824219,20400
2013-01-16,11.147007942199707,13.539999961853027,13.829999923706055,13.34000015258789,13.699999809265137,8000
2013-01-17,11.311664581298828,13.739999771118164,13.739999771118164,13.420000076293945,13.640000343322754,12200
2013-01-18,11.476314544677734,13.9399995803833,13.9399995803833,13.670000076293945,13.819999694824219,19200
2013-01-22,11.871482849121094,14.420000076293945,14.5,14.0,14.0,35100
2013-01-23,11.706831932067871,14.220000267028809,14.5,14.079999923706055,14.40999984741211,40000
2013-01-24,11.229336738586426,13.640000343322754,13.979999542236328,13.279999732971191,13.699999809265137,82400
2013-01-25,11.023521423339844,13.390000343322754,13.789999961853027,13.359999656677246,13.640000343322754,35800
2013-01-28,11.081148147583008,13.460000038146973,13.5,13.380000114440918,13.380000114440918,33400
2013-01-29,11.072914123535156,13.449999809265137,13.5,13.1899995803833,13.40999984741211,46700
2013-01-30,10.858868598937988,13.1899995803833,13.430000305175781,13.109999656677246,13.390000343322754,27800
2013-01-31,11.039982795715332,13.40999984741211,13.449999809265137,13.0,13.0,26600
2013-02-01,11.18817138671875,13.59000015258789,13.670000076293945,13.34000015258789,13.4399995803833,34500
2013-02-04,11.015289306640625,13.380000114440918,13.729999542236328,13.279999732971191,13.510000228881836,28500
2013-02-05,11.031756401062012,13.399999618530273,13.539999961853027,13.199999809265137,13.4399995803833,39400
2013-02-06,10.974124908447266,13.329999923706055,13.460000038146973,13.09000015258789,13.270000457763672,24500
2013-02-07,10.932958602905273,13.279999732971191,13.420000076293945,13.170000076293945,13.199999809265137,18900
2013-02-08,11.064685821533203,13.4399995803833,13.5,13.170000076293945,13.3100004196167,18000
2013-02-11,11.023521423339844,13.390000343322754,13.399999618530273,13.289999961853027,13.399999618530273,4300
2013-02-12,11.056447982788086,13.430000305175781,13.479999542236328,13.399999618530273,13.470000267028809,5700
2013-02-13,11.056447982788086,13.430000305175781,13.600000381469727,13.369999885559082,13.600000381469727,10000
2013-02-14,11.015289306640625,13.380000114440918,13.470000267028809,13.369999885559082,13.430000305175781,8500
2013-02-15,11.105846405029297,13.489999771118164,13.579999923706055,13.359999656677246,13.5,44900
2013-02-19,11.278735160827637,13.699999809265137,13.729999542236328,13.479999542236328,13.600000381469727,22800
2013-02-20,11.221105575561523,13.630000114440918,13.960000038146973,13.630000114440918,13.720000267028809,34200
2013-02-21,11.295199394226074,13.720000267028809,14.050000190734863,13.5600004196167,13.6899995803833,21400
2013-02-22,11.566876411437988,14.050000190734863,14.050000190734863,13.829999923706055,13.829999923706055,14500
2013-02-25,11.30342960357666,13.729999542236328,14.149999618530273,13.680000305175781,14.09000015258789,47300
2013-02-26,11.352828025817871,13.789999961853027,13.930000305175781,13.760000228881836,13.760000228881836,6600
2013-02-27,11.484551429748535,13.949999809265137,14.119999885559082,13.699999809265137,13.789999961853027,22200
2013-02-28,11.509245872497559,13.979999542236328,14.210000038146973,13.84000015258789,13.960000038146973,24400
2013-03-01,11.509245872497559,13.979999542236328,14.239999771118164,13.529999732971191,13.920000076293945,23300
2013-03-04,11.533946990966797,14.010000228881836,14.119999885559082,13.899999618530273,13.899999618530273,7900
2013-03-05,11.73153018951416,14.25,14.319999694824219,13.989999771118164,14.050000190734863,25500
2013-03-06,11.920877456665039,14.479999542236328,14.479999542236328,14.199999809265137,14.260000228881836,7800
2013-03-07,12.143162727355957,14.75,14.84000015258789,14.149999618530273,14.350000381469727,66300
2013-03-08,11.953810691833496,14.520000457763672,14.90999984741211,14.34000015258789,14.90999984741211,35700
2013-03-11,11.953810691833496,14.520000457763672,14.6899995803833,14.260000228881836,14.430000305175781,15400
2013-03-12,11.797391891479492,14.329999923706055,14.529999732971191,14.09000015258789,14.529999732971191,27800
2013-03-13,11.889932632446289,14.390000343322754,14.5,14.15999984741211,14.300000190734863,20400
2013-03-14,12.16260051727295,14.720000267028809,14.779999732971191,14.25,14.470000267028809,28000
2013-03-15,12.344376564025879,14.9399995803833,15.039999961853027,14.710000038146973,14.75,84700
2013-03-18,12.15433406829834,14.710000038146973,15.020000457763672,14.609999656677246,14.75,18700
2013-03-19,11.94776725769043,14.460000038146973,14.9399995803833,14.380000114440918,14.75,9700
2013-03-20,12.063446998596191,14.600000381469727,14.600000381469727,14.15999984741211,14.539999961853027,20400
2013-03-21,12.005606651306152,14.529999732971191,14.739999771118164,14.390000343322754,14.4399995803833,21700
2013-03-22,11.699892044067383,14.15999984741211,14.760000228881836,13.489999771118164,14.579999923706055,63200
2013-03-25,11.815567970275879,14.300000190734863,14.329999923706055,14.130000114440918,14.260000228881836,27400
2013-03-26,11.906454086303711,14.40999984741211,14.430000305175781,14.210000038146973,14.430000305175781,7700
2013-03-27,11.956034660339355,14.470000267028809,14.479999542236328,14.039999961853027,14.319999694824219,17700
2013-03-28,11.84861946105957,14.34000015258789,14.489999771118164,14.220000267028809,14.489999771118164,38800
2013-04-01,11.584213256835938,14.020000457763672,14.380000114440918,13.8100004196167,14.359999656677246,29500
2013-04-02,11.418963432312012,13.819999694824219,14.359999656677246,13.789999961853027,14.140000343322754,13400
2013-04-03,11.311545372009277,13.6899995803833,14.0600004196167,13.680000305175781,13.869999885559082,71800
2013-04-04,11.460271835327148,13.869999885559082,13.899999618530273,13.6899995803833,13.75,13800
2013-04-05,11.435484886169434,13.84000015258789,13.979999542236328,13.529999732971191,13.619999885559082,14400
2013-04-08,11.708155632019043,14.170000076293945,14.260000228881836,13.710000038146973,13.899999618530273,16600
2013-04-09,11.617263793945312,14.0600004196167,14.239999771118164,13.949999809265137,14.239999771118164,22900
2013-04-10,11.865143775939941,14.359999656677246,14.489999771118164,13.949999809265137,14.079999923706055,31600
2013-04-11,11.76599407196045,14.239999771118164,14.289999961853027,14.180000305175781,14.289999961853027,4300
2013-04-12,11.73294448852539,14.199999809265137,14.260000228881836,14.039999961853027,14.039999961853027,5800
2013-04-15,11.154558181762695,13.5,14.100000381469727,13.420000076293945,14.100000381469727,40100
2013-04-16,11.369384765625,13.760000228881836,13.789999961853027,13.359999656677246,13.5,20900
2013-04-17,11.146293640136719,13.489999771118164,13.59000015258789,13.0600004196167,13.59000015258789,28300
2013-04-18,10.873623847961426,13.15999984741211,13.59000015258789,13.140000343322754,13.479999542236328,31200
2013-04-19,11.162822723388672,13.510000228881836,13.720000267028809,13.140000343322754,13.25,23700
2013-04-22,11.212394714355469,13.569999694824219,13.699999809265137,13.180000305175781,13.699999809265137,14000
2013-04-23,11.46854019165039,13.880000114440918,14.010000228881836,13.579999923706055,13.729999542236328,26300
2013-04-24,11.385910987854004,13.779999732971191,13.960000038146973,13.739999771118164,13.90999984741211,10500
2013-04-25,11.898191452026367,14.399999618530273,14.739999771118164,13.899999618530273,13.899999618530273,118100
2013-04-26,11.856879234313965,14.350000381469727,14.529999732971191,14.149999618530273,14.40999984741211,49500
2013-04-29,11.774253845214844,14.25,14.4399995803833,14.180000305175781,14.270000457763672,23800
2013-04-30,11.881669044494629,14.380000114440918,14.390000343322754,14.010000228881836,14.010000228881836,31400
2013-05-01,11.592477798461914,14.029999732971191,14.329999923706055,14.0,14.279999732971191,73000
2013-05-02,11.757728576660156,14.229999542236328,14.390000343322754,13.960000038146973,14.149999618530273,31200
2013-05-03,11.956034660339355,14.470000267028809,14.520000457763672,14.09000015258789,14.399999618530273,38500
2013-05-06,12.104757308959961,14.649999618530273,14.649999618530273,14.0600004196167,14.430000305175781,31200
2013-05-07,12.427002906799316,15.039999961853027,15.039999961853027,14.569999694824219,14.680000305175781,19900
2013-05-08,12.418741226196289,15.029999732971191,15.050000190734863,14.899999618530273,15.039999961853027,14900
2013-05-09,12.418741226196289,15.029999732971191,15.149999618530273,14.930000305175781,15.050000190734863,18900
2013-05-10,12.336112022399902,14.930000305175781,15.100000381469727,14.800000190734863,15.100000381469727,13100
2013-05-13,12.402216911315918,15.010000228881836,15.149999618530273,14.859999656677246,14.859999656677246,14300
2013-05-14,12.509627342224121,15.140000343322754,15.149999618530273,14.949999809265137,14.949999809265137,17900
2013-05-15,12.641829490661621,15.300000190734863,15.34000015258789,14.890000343322754,15.050000190734863,15500
2013-05-16,12.633566856384277,15.289999961853027,15.34000015258789,15.039999961853027,15.25,22600
2013-05-17,12.823612213134766,15.520000457763672,15.649999618530273,15.329999923706055,15.350000381469727,43700
2013-05-20,12.931020736694336,15.649999618530273,15.75,15.1899995803833,15.420000076293945,24600
2013-05-21,12.823612213134766,15.520000457763672,15.729999542236328,15.5,15.600000381469727,13800
2013-05-22,12.674883842468262,15.34000015258789,15.619999885559082,15.100000381469727,15.5,47100
2013-05-23,12.732719421386719,15.40999984741211,15.510000228881836,15.130000114440918,15.229999542236328,11800
2013-05-24,12.972332954406738,15.699999809265137,15.75,15.350000381469727,15.350000381469727,16900
2013-05-28,12.972332954406738,15.699999809265137,16.0,15.4399995803833,15.75,68500
2013-05-29,12.815347671508789,15.510000228881836,15.670000076293945,15.25,15.649999618530273,19500
2013-05-30,12.740983009338379,15.420000076293945,15.470000267028809,15.220000267028809,15.279999732971191,19700
2013-05-31,12.617045402526855,15.270000457763672,15.369999885559082,15.210000038146973,15.270000457763672,33000
2013-06-03,12.906232833862305,15.619999885559082,15.850000381469727,15.199999809265137,15.369999885559082,101700
2013-06-04,12.782292366027832,15.470000267028809,16.0,15.329999923706055,15.649999618530273,25700
2013-06-05,12.848393440246582,15.550000190734863,15.779999732971191,15.25,15.489999771118164,17000
2013-06-06,13.104537963867188,15.859999656677246,15.880000114440918,15.619999885559082,15.640000343322754,30100
2013-06-07,13.09627914428711,15.850000381469727,16.0,15.5,16.0,28100
2013-06-10,13.162378311157227,15.930000305175781,16.0,15.710000038146973,15.869999885559082,12600
2013-06-11,12.964073181152344,15.6899995803833,15.920000076293945,15.680000305175781,15.75,21200
2013-06-12,12.866253852844238,15.520000457763672,15.739999771118164,15.40999984741211,15.739999771118164,20000
2013-06-13,13.040345191955566,15.729999542236328,15.770000457763672,15.470000267028809,15.569999694824219,12100
2013-06-14,12.750189781188965,15.380000114440918,15.729999542236328,15.359999656677246,15.729999542236328,16000
2013-06-17,12.9906005859375,15.670000076293945,15.6899995803833,15.399999618530273,15.539999961853027,7800
2013-06-18,13.04863166809082,15.739999771118164,15.920000076293945,15.380000114440918,15.649999618530273,35100
2013-06-19,12.866253852844238,15.520000457763672,15.670000076293945,15.510000228881836,15.619999885559082,10600
2013-06-20,12.725320816040039,15.350000381469727,15.470000267028809,15.220000267028809,15.239999771118164,26200
2013-06-21,12.857959747314453,15.510000228881836,15.720000267028809,15.180000305175781,15.420000076293945,76200
2013-06-24,12.808218955993652,15.449999809265137,15.760000228881836,15.319999694824219,15.390000343322754,26400
2013-06-25,12.982312202453613,15.65999984741211,15.8100004196167,15.25,15.5,91900
2013-06-26,12.89941120147705,15.5600004196167,15.829999923706055,15.40999984741211,15.829999923706055,33000
2013-06-27,13.11495304107666,15.819999694824219,15.869999885559082,15.270000457763672,15.710000038146973,50500
2013-06-28,13.231016159057617,15.960000038146973,15.989999771118164,15.800000190734863,15.800000190734863,113100
2013-07-01,13.6040678024292,16.40999984741211,17.0,15.9399995803833,16.0,85000
2013-07-02,13.827905654907227,16.68000030517578,16.979999542236328,16.40999984741211,16.450000762939453,53200
2013-07-03,14.026866912841797,16.920000076293945,16.959999084472656,16.639999389648438,16.639999389648438,10200
2013-07-05,14.408210754394531,17.3799991607666,17.5,16.959999084472656,17.0,46900
2013-07-08,14.457950592041016,17.440000534057617,17.489999771118164,17.139999389648438,17.31999969482422,38600
2013-07-09,14.507692337036133,17.5,17.610000610351562,17.270000457763672,17.420000076293945,62900
2013-07-10,14.084896087646484,16.989999771118164,17.43000030517578,16.969999313354492,17.389999389648438,45100
2013-07-11,14.093186378479004,17.0,17.270000457763672,16.920000076293945,17.059999465942383,78300
2013-07-12,14.17608642578125,17.100000381469727,17.309999465942383,16.920000076293945,16.920000076293945,28200
2013-07-15,14.258992195129395,17.200000762939453,17.469999313354492,16.969999313354492,17.15999984741211,53000
2013-07-16,14.623754501342773,17.639999389648438,17.700000762939453,17.110000610351562,17.170000076293945,46100
2013-07-17,14.524269104003906,17.520000457763672,17.799999237060547,17.31999969482422,17.700000762939453,36800
2013-07-18,14.383340835571289,17.350000381469727,17.770000457763672,17.209999084472656,17.549999237060547,58100
2013-07-19,14.598883628845215,17.610000610351562,17.729999542236328,17.31999969482422,17.350000381469727,22400
2013-07-22,14.731525421142578,17.770000457763672,17.799999237060547,17.510000228881836,17.530000686645508,22400
2013-07-23,14.673490524291992,17.700000762939453,17.84000015258789,17.520000457763672,17.780000686645508,48300
2013-07-24,14.690074920654297,17.719999313354492,17.950000762939453,17.6200008392334,17.75,20700
2013-07-25,15.701462745666504,18.940000534057617,18.989999771118164,17.799999237060547,17.799999237060547,75700
2013-07-26,15.403024673461914,18.579999923706055,18.84000015258789,18.540000915527344,18.670000076293945,40600
2013-07-29,15.212352752685547,18.350000381469727,18.860000610351562,18.209999084472656,18.600000381469727,51200
2013-07-30,15.137738227844238,18.260000228881836,18.670000076293945,18.0,18.489999771118164,36500
2013-07-31,15.361581802368164,18.530000686645508,18.889999389648438,18.260000228881836,18.399999618530273,26300
2013-08-01,15.436187744140625,18.6200008392334,18.979999542236328,18.559999465942383,18.93000030517578,13200
2013-08-02,15.328412055969238,18.489999771118164,18.709999084472656,18.31999969482422,18.459999084472656,8600
2013-08-05,15.278674125671387,18.43000030517578,18.639999389648438,18.329999923706055,18.40999984741211,25900
2013-08-06,15.262086868286133,18.40999984741211,18.459999084472656,18.229999542236328,18.440000534057617,13700
2013-08-07,15.32011890411377,18.479999542236328,18.719999313354492,18.329999923706055,18.3700008392334,30500
2013-08-08,15.170899391174316,18.299999237060547,18.75,18.18000030517578,18.65999984741211,29000
2013-08-09,14.806137084960938,17.860000610351562,18.299999237060547,17.760000228881836,18.200000762939453,22900
2013-08-12,14.855874061584473,17.920000076293945,18.079999923706055,17.799999237060547,17.889999389648438,27900
2013-08-13,14.839298248291016,17.899999618530273,18.049999237060547,17.639999389648438,17.770000457763672,18100
2013-08-14,14.640331268310547,17.65999984741211,18.079999923706055,17.510000228881836,17.950000762939453,41300
2013-08-15,14.466242790222168,17.450000762939453,17.90999984741211,17.309999465942383,17.399999618530273,37300
2013-08-16,14.433082580566406,17.40999984741211,17.649999618530273,17.34000015258789,17.34000015258789,72400
2013-08-19,14.34189224243164,17.299999237060547,17.479999542236328,17.229999542236328,17.299999237060547,27500
2013-08-20,14.6983642578125,17.729999542236328,17.770000457763672,17.290000915527344,17.299999237060547,18100
2013-08-21,14.441373825073242,17.420000076293945,17.700000762939453,17.40999984741211,17.649999618530273,63300
2013-08-22,14.549140930175781,17.549999237060547,17.690000534057617,17.399999618530273,17.59000015258789,34300
2013-08-23,14.49940299987793,17.489999771118164,17.530000686645508,17.31999969482422,17.530000686645508,32300
2013-08-26,14.317020416259766,17.270000457763672,17.479999542236328,17.260000228881836,17.479999542236328,17800
2013-08-27,13.827905654907227,16.68000030517578,17.1299991607666,16.56999969482422,17.110000610351562,43900
2013-08-28,13.844481468200684,16.700000762939453,16.790000915527344,16.40999984741211,16.719999313354492,39000
2013-08-29,13.885931968688965,16.75,16.850000381469727,16.59000015258789,16.65999984741211,11900
2013-08-30,13.7035493850708,16.530000686645508,16.760000228881836,16.420000076293945,16.68000030517578,48200
2013-09-03,13.686972618103027,16.510000228881836,17.079999923706055,16.299999237060547,16.790000915527344,17800
2013-09-04,13.512879371643066,16.299999237060547,16.670000076293945,16.170000076293945,16.479999542236328,43500
2013-09-05,13.662099838256836,16.479999542236328,16.739999771118164,16.260000228881836,16.270000457763672,26100
2013-09-06,13.678682327270508,16.5,16.75,16.200000762939453,16.549999237060547,36100
2013-09-09,13.885931968688965,16.75,16.799999237060547,16.389999389648438,16.520000457763672,11700
2013-09-10,13.877641677856445,16.739999771118164,16.809999465942383,16.549999237060547,16.729999542236328,22600
2013-09-11,13.838557243347168,16.639999389648438,16.969999313354492,16.40999984741211,16.700000762939453,21900
2013-09-12,13.65559196472168,16.420000076293945,16.90999984741211,16.40999984741211,16.809999465942383,11900
2013-09-13,13.647276878356934,16.40999984741211,16.729999542236328,16.219999313354492,16.440000534057617,61200
2013-09-16,13.805290222167969,16.600000381469727,16.610000610351562,16.299999237060547,16.549999237060547,39500
2013-09-17,14.071417808532715,16.920000076293945,16.93000030517578,16.579999923706055,16.59000015258789,15000
2013-09-18,14.063104629516602,16.90999984741211,17.43000030517578,16.639999389648438,16.950000762939453,32100
2013-09-19,14.004889488220215,16.84000015258789,17.020000457763672,16.6200008392334,16.920000076293945,26100
2013-09-20,14.2959623336792,17.190000534057617,17.280000686645508,16.850000381469727,16.850000381469727,48700
2013-09-23,14.545453071594238,17.489999771118164,17.690000534057617,17.149999618530273,17.149999618530273,22200
2013-09-24,14.49555492401123,17.43000030517578,17.75,17.3799991607666,17.459999084472656,59300
2013-09-25,14.395757675170898,17.309999465942383,17.510000228881836,16.75,17.5,22700
2013-09-26,14.19616413116455,17.06999969482422,17.350000381469727,17.0,17.239999771118164,9700
2013-09-27,14.32091236114502,17.219999313354492,17.239999771118164,16.940000534057617,16.940000534057617,16200
2013-09-30,14.054783821105957,16.899999618530273,17.229999542236328,16.760000228881836,17.09000015258789,63800
2013-10-01,14.304278373718262,17.200000762939453,17.209999084472656,16.84000015258789,16.84000015258789,25500
2013-10-02,14.10468578338623,16.959999084472656,17.15999984741211,16.850000381469727,17.020000457763672,61400
2013-10-03,13.855189323425293,16.65999984741211,17.0,16.6200008392334,16.8700008392334,31700
2013-10-04,13.979933738708496,16.809999465942383,16.93000030517578,16.59000015258789,16.6200008392334,15400
2013-10-07,13.738753318786621,16.520000457763672,16.700000762939453,16.3799991607666,16.700000762939453,17800
2013-10-08,13.672229766845703,16.440000534057617,16.579999923706055,16.40999984741211,16.579999923706055,17900
2013-10-09,13.863508224487305,16.670000076293945,16.889999389648438,16.530000686645508,16.530000686645508,14600
2013-10-10,14.162895202636719,17.030000686645508,17.139999389648438,16.899999618530273,16.93000030517578,25400
2013-10-11,14.553768157958984,17.5,17.5,16.940000534057617,16.940000534057617,21600
2013-10-14,14.553768157958984,17.5,17.600000381469727,17.43000030517578,17.459999084472656,44600
2013-10-15,14.478922843933105,17.40999984741211,17.5,17.309999465942383,17.469999313354492,19800
2013-10-16,14.5205078125,17.459999084472656,17.8799991607666,17.420000076293945,17.700000762939453,31600
2013-10-17,14.5205078125,17.459999084472656,17.610000610351562,17.3700008392334,17.43000030517578,28600
2013-10-18,14.553768157958984,17.5,17.6299991607666,17.219999313354492,17.5,341000
2013-10-21,14.50387191772461,17.440000534057617,17.65999984741211,17.389999389648438,17.5,48700
2013-10-22,14.420710563659668,17.34000015258789,17.479999542236328,17.209999084472656,17.459999084472656,26700
2013-10-23,14.487241744995117,17.420000076293945,17.450000762939453,17.200000762939453,17.200000762939453,34600
2013-10-24,14.911375045776367,17.93000030517578,18.1299991607666,17.280000686645508,17.399999618530273,94200
2013-10-25,14.961273193359375,17.989999771118164,18.18000030517578,17.6200008392334,17.899999618530273,87300
2013-10-28,15.202451705932617,18.280000686645508,18.350000381469727,18.049999237060547,18.049999237060547,43500
2013-10-29,15.160872459411621,18.229999542236328,18.270000457763672,18.0,18.25,34300
2013-10-30,15.194133758544922,18.270000457763672,18.420000076293945,18.09000015258789,18.270000457763672,25400
2013-10-31,14.994543075561523,18.030000686645508,18.389999389648438,18.010000228881836,18.270000457763672,71400
2013-11-01,14.736735343933105,17.719999313354492,18.030000686645508,17.549999237060547,17.969999313354492,72900
2013-11-04,14.512187004089355,17.450000762939453,17.729999542236328,16.889999389648438,17.729999542236328,30300
2013-11-05,14.562087059020996,17.510000228881836,17.889999389648438,17.450000762939453,17.889999389648438,1293700
2013-11-06,14.720096588134766,17.700000762939453,17.770000457763672,17.459999084472656,17.65999984741211,21800
2013-11-07,14.711780548095703,17.690000534057617,18.030000686645508,17.530000686645508,17.790000915527344,25300
2013-11-08,15.601645469665527,18.760000228881836,18.860000610351562,17.770000457763672,17.770000457763672,116600
2013-11-11,15.476896286010742,18.610000610351562,18.809999465942383,18.389999389648438,18.760000228881836,53500
2013-11-12,15.476896286010742,18.610000610351562,18.719999313354492,18.329999923706055,18.600000381469727,39800
2013-11-13,15.535112380981445,18.68000030517578,18.760000228881836,18.329999923706055,18.5,57000
2013-11-14,15.49352741241455,18.6299991607666,18.719999313354492,18.389999389648438,18.6200008392334,33900
2013-11-15,15.451947212219238,18.579999923706055,18.65999984741211,18.299999237060547,18.600000381469727,30000
2013-11-18,15.460259437561035,18.59000015258789,18.899999618530273,18.209999084472656,18.59000015258789,31300
2013-11-19,15.268978118896484,18.360000610351562,18.81999969482422,18.219999313354492,18.479999542236328,27100
2013-11-20,15.302249908447266,18.399999618530273,18.65999984741211,18.149999618530273,18.3799991607666,32100
2013-11-21,15.59332275390625,18.75,18.899999618530273,18.459999084472656,18.459999084472656,25300
2013-11-22,15.859457015991211,19.06999969482422,19.309999465942383,18.639999389648438,18.809999465942383,42500
2013-11-25,16.117258071899414,19.3799991607666,19.75,19.06999969482422,19.06999969482422,44800
2013-11-26,16.21706199645996,19.5,19.600000381469727,19.3799991607666,19.510000228881836,28100
2013-11-27,16.308542251586914,19.610000610351562,19.889999389648438,19.43000030517578,19.459999084472656,45100
2013-11-29,16.26695442199707,19.559999465942383,19.920000076293945,19.489999771118164,19.739999771118164,26900
2013-12-02,15.925983428955078,19.149999618530273,19.670000076293945,19.110000610351562,19.520000457763672,62100
2013-12-03,16.05904197692871,19.309999465942383,19.84000015258789,19.06999969482422,19.06999969482422,39600
2013-12-04,16.175477981567383,19.450000762939453,19.700000762939453,19.25,19.25,31000
2013-12-05,16.424962997436523,19.75,19.899999618530273,19.360000610351562,19.43000030517578,31600
2013-12-06,16.466552734375,19.799999237060547,20.0,19.700000762939453,19.899999618530273,57800
2013-12-09,16.350116729736328,19.65999984741211,19.760000228881836,19.479999542236328,19.760000228881836,29800
2013-12-10,15.784597396850586,18.979999542236328,19.559999465942383,18.950000762939453,19.559999465942383,71600
2013-12-11,15.751333236694336,18.940000534057617,19.15999984741211,18.899999618530273,19.040000915527344,45400
2013-12-12,15.870595932006836,19.030000686645508,19.219999313354492,18.809999465942383,18.8799991607666,51300
2013-12-13,15.920635223388672,19.09000015258789,19.43000030517578,19.0,19.0,38600
2013-12-16,16.22086524963379,19.450000762939453,19.530000686645508,19.110000610351562,19.110000610351562,40300
2013-12-17,16.129133224487305,19.34000015258789,19.5,19.110000610351562,19.350000381469727,47400
2013-12-18,16.612842559814453,19.920000076293945,19.93000030517578,19.149999618530273,19.309999465942383,63100
2013-12-19,16.496078491210938,19.780000686645508,20.0,19.600000381469727,19.600000381469727,40000
2013-12-20,16.679553985595703,20.0,20.0,19.729999542236328,19.8700008392334,234300
2013-12-23,16.671213150024414,19.989999771118164,20.0,19.899999618530273,20.0,39700
2013-12-24,17.046504974365234,20.440000534057617,20.75,19.950000762939453,19.959999084472656,37300
2013-12-26,17.071523666381836,20.469999313354492,20.670000076293945,20.010000228881836,20.549999237060547,56200
2013-12-27,17.229970932006836,20.65999984741211,20.760000228881836,20.31999969482422,20.559999465942383,32700
2013-12-30,17.17994499206543,20.600000381469727,20.959999084472656,20.510000228881836,20.6299991607666,41700
2013-12-31,17.029823303222656,20.420000076293945,20.860000610351562,20.350000381469727,20.59000015258789,65200
2014-01-02,16.612842559814453,19.920000076293945,20.299999237060547,19.899999618530273,20.299999237060547,42300
2014-01-03,16.687896728515625,20.010000228881836,20.3700008392334,19.760000228881836,19.93000030517578,49700
2014-01-06,16.504423141479492,19.790000915527344,20.219999313354492,19.760000228881836,20.139999389648438,37000
2014-01-07,16.629518508911133,19.940000534057617,20.1299991607666,19.850000381469727,19.899999618530273,29900
2014-01-08,16.44603729248047,19.719999313354492,20.059999465942383,19.690000534057617,19.969999313354492,26300
2014-01-09,16.51275634765625,19.799999237060547,19.850000381469727,19.65999984741211,19.850000381469727,36200
2014-01-10,16.31260871887207,19.559999465942383,19.84000015258789,19.450000762939453,19.84000015258789,26100
2014-01-13,16.08742904663086,19.290000915527344,19.579999923706055,19.010000228881836,19.540000915527344,31400
2014-01-14,16.145809173583984,19.360000610351562,19.510000228881836,19.1299991607666,19.299999237060547,57400
2014-01-15,16.22086524963379,19.450000762939453,19.850000381469727,19.360000610351562,19.360000610351562,34000
2014-01-16,16.07075309753418,19.270000457763672,19.489999771118164,19.059999465942383,19.450000762939453,25300
2014-01-17,16.012374877929688,19.200000762939453,19.459999084472656,19.200000762939453,19.229999542236328,19400
2014-01-21,16.22086524963379,19.450000762939453,19.459999084472656,19.239999771118164,19.389999389648438,16700
2014-01-22,16.32094383239746,19.56999969482422,19.6299991607666,19.31999969482422,19.5,35800
2014-01-23,15.528668403625488,18.6200008392334,19.3799991607666,18.200000762939453,19.3799991607666,221400
2014-01-24,15.60372543334961,18.709999084472656,19.43000030517578,18.40999984741211,19.0,84500
2014-01-27,15.537002563476562,18.6299991607666,19.049999237060547,18.43000030517578,18.68000030517578,52600
2014-01-28,15.962333679199219,19.139999389648438,19.469999313354492,18.950000762939453,19.0,122100
2014-01-29,15.60372543334961,18.709999084472656,19.229999542236328,18.549999237060547,19.010000228881836,61000
2014-01-30,15.828895568847656,18.979999542236328,19.100000381469727,18.610000610351562,18.729999542236328,62600
2014-01-31,15.528668403625488,18.6200008392334,18.8799991607666,18.200000762939453,18.649999618530273,66400
2014-02-03,15.161718368530273,18.18000030517578,18.700000762939453,18.010000228881836,18.6299991607666,76500
2014-02-04,15.386890411376953,18.450000762939453,18.559999465942383,18.200000762939453,18.34000015258789,37400
2014-02-05,15.278470039367676,18.31999969482422,18.520000457763672,18.1200008392334,18.31999969482422,39200
2014-02-06,15.361871719360352,18.420000076293945,18.530000686645508,18.200000762939453,18.309999465942383,37600
2014-02-07,15.170058250427246,18.190000534057617,18.440000534057617,17.93000030517578,18.440000534057617,36500
2014-02-10,14.986577033996582,17.969999313354492,18.219999313354492,17.700000762939453,18.100000381469727,42500
2014-02-11,15.170058250427246,18.190000534057617,18.209999084472656,17.950000762939453,17.959999084472656,25200
2014-02-12,15.103338241577148,18.110000610351562,18.34000015258789,17.989999771118164,18.190000534057617,32500
2014-02-13,15.220091819763184,18.25,18.270000457763672,17.860000610351562,17.860000610351562,40500
2014-02-14,15.328513145446777,18.3799991607666,18.479999542236328,18.040000915527344,18.260000228881836,28000
2014-02-18,15.678776741027832,18.799999237060547,18.8799991607666,18.049999237060547,18.469999313354492,24800
2014-02-19,15.211756706237793,18.239999771118164,18.860000610351562,18.229999542236328,18.68000030517578,43300
2014-02-20,15.286811828613281,18.329999923706055,18.360000610351562,17.670000076293945,17.950000762939453,28600
2014-02-21,15.220091819763184,18.25,18.459999084472656,17.959999084472656,18.329999923706055,71500
2014-02-24,15.353528022766113,18.40999984741211,18.600000381469727,17.940000534057617,18.219999313354492,38100
2014-02-25,15.25345516204834,18.290000915527344,18.700000762939453,18.190000534057617,18.469999313354492,20000
2014-02-26,15.336849212646484,18.389999389648438,18.579999923706055,18.170000076293945,18.290000915527344,23100
2014-02-27,15.403568267822266,18.469999313354492,18.75,18.309999465942383,18.309999465942383,77600
2014-02-28,15.612065315246582,18.719999313354492,19.1200008392334,18.510000228881836,18.510000228881836,66500
2014-03-03,15.537002563476562,18.6299991607666,18.75,18.350000381469727,18.540000915527344,21900
2014-03-04,16.13747215270996,19.350000381469727,19.450000762939453,18.850000381469727,18.850000381469727,108200
2014-03-05,16.104108810424805,19.309999465942383,19.3799991607666,19.049999237060547,19.25,22200
2014-03-06,16.08742904663086,19.290000915527344,19.350000381469727,19.1200008392334,19.280000686645508,62800
2014-03-07,16.229206085205078,19.459999084472656,19.5,19.399999618530273,19.440000534057617,33900
2014-03-10,16.27924919128418,19.520000457763672,19.520000457763672,19.290000915527344,19.360000610351562,158100
2014-03-11,16.13747215270996,19.350000381469727,19.520000457763672,19.040000915527344,19.40999984741211,137300
2014-03-12,16.223602294921875,19.399999618530273,19.420000076293945,19.239999771118164,19.239999771118164,217800
2014-03-13,16.12325096130371,19.280000686645508,19.5,19.190000534057617,19.5,116200
2014-03-14,16.156700134277344,19.31999969482422,19.40999984741211,19.170000076293945,19.280000686645508,24100
2014-03-17,16.298870086669922,19.489999771118164,19.600000381469727,19.31999969482422,19.440000534057617,39600
2014-03-18,16.68355369567871,19.950000762939453,19.950000762939453,19.520000457763672,19.520000457763672,19600
2014-03-19,16.549753189086914,19.790000915527344,19.889999389648438,19.639999389648438,19.8700008392334,28000
2014-03-20,16.934432983398438,20.25,20.350000381469727,19.549999237060547,19.719999313354492,49300
2014-03-21,16.758817672729492,20.040000915527344,20.649999618530273,20.010000228881836,20.360000610351562,78300
2014-03-24,16.82571792602539,20.1200008392334,20.229999542236328,19.899999618530273,20.139999389648438,32800
2014-03-25,16.942794799804688,20.260000228881836,20.3700008392334,19.979999542236328,20.200000762939453,30500
2014-03-26,16.650102615356445,19.90999984741211,20.459999084472656,19.899999618530273,20.459999084472656,37900
2014-03-27,16.5079402923584,19.739999771118164,20.010000228881836,19.56999969482422,19.950000762939453,23500
2014-03-28,16.41594886779785,19.6299991607666,20.290000915527344,19.530000686645508,19.709999084472656,24200
2014-03-31,16.783903121948242,20.06999969482422,20.209999084472656,19.75,19.780000686645508,45700
2014-04-01,17.310754776000977,20.700000762939453,20.920000076293945,20.030000686645508,20.040000915527344,45900
2014-04-02,17.41946792602539,20.829999923706055,20.93000030517578,20.540000915527344,20.639999389648438,43800
2014-04-03,17.344202041625977,20.739999771118164,20.799999237060547,20.540000915527344,20.770000457763672,44500
2014-04-04,16.80899429321289,20.100000381469727,20.850000381469727,20.020000457763672,20.850000381469727,46600
2014-04-07,16.658470153808594,19.920000076293945,20.75,19.75,20.020000457763672,35400
2014-04-08,16.558109283447266,19.799999237060547,20.100000381469727,19.760000228881836,19.8799991607666,47800
2014-04-09,16.574838638305664,19.81999969482422,20.049999237060547,19.600000381469727,19.8799991607666,42100
2014-04-10,16.30722999572754,19.5,19.780000686645508,19.15999984741211,19.780000686645508,51600
2014-04-11,15.981087684631348,19.110000610351562,19.450000762939453,19.010000228881836,19.270000457763672,36200
2014-04-14,15.964360237121582,19.09000015258789,19.239999771118164,18.760000228881836,19.229999542236328,35400
2014-04-15,15.939273834228516,19.059999465942383,19.299999237060547,18.639999389648438,19.15999984741211,31400
2014-04-16,15.972723960876465,19.100000381469727,19.309999465942383,18.950000762939453,19.229999542236328,12000
2014-04-17,16.13161277770996,19.290000915527344,19.479999542236328,19.059999465942383,19.059999465942383,12500
2014-04-21,16.08980369567871,19.239999771118164,19.350000381469727,19.09000015258789,19.200000762939453,13000
2014-04-22,16.190155029296875,19.360000610351562,19.969999313354492,19.209999084472656,19.25,130900
2014-04-23,16.223602294921875,19.399999618530273,19.559999465942383,19.270000457763672,19.31999969482422,37800
2014-04-24,15.738570213317871,18.81999969482422,19.56999969482422,18.649999618530273,19.15999984741211,40900
2014-04-25,15.353885650634766,18.360000610351562,18.8700008392334,18.34000015258789,18.649999618530273,57100
2014-04-28,15.236804962158203,18.219999313354492,18.600000381469727,18.15999984741211,18.389999389648438,36500
2014-04-29,14.985928535461426,17.920000076293945,18.479999542236328,17.81999969482422,18.389999389648438,30900
2014-04-30,14.944116592407227,17.8700008392334,18.09000015258789,17.75,17.90999984741211,63400
2014-05-01,14.919024467468262,17.84000015258789,18.0,17.549999237060547,17.770000457763672,69300
2014-05-02,14.994283676147461,17.93000030517578,18.139999389648438,17.729999542236328,17.8700008392334,116400
2014-05-05,14.944116592407227,17.8700008392334,17.950000762939453,17.56999969482422,17.739999771118164,40000
2014-05-06,14.760137557983398,17.649999618530273,17.979999542236328,17.649999618530273,17.75,76400
2014-05-07,15.019378662109375,17.959999084472656,18.079999923706055,17.600000381469727,17.729999542236328,43800
2014-05-08,14.97756576538086,17.90999984741211,18.219999313354492,17.610000610351562,17.940000534057617,39400
2014-05-09,15.270256042480469,18.260000228881836,18.350000381469727,17.760000228881836,17.770000457763672,57500
2014-05-12,15.604766845703125,18.65999984741211,18.940000534057617,18.100000381469727,18.270000457763672,62300
2014-05-13,15.236804962158203,18.219999313354492,18.649999618530273,18.200000762939453,18.59000015258789,72300
2014-05-14,14.801950454711914,17.700000762939453,18.239999771118164,17.649999618530273,18.239999771118164,62700
2014-05-15,14.60124397277832,17.459999084472656,17.6299991607666,17.34000015258789,17.559999465942383,68300
2014-05-16,14.634696960449219,17.5,17.559999465942383,17.190000534057617,17.43000030517578,55300
2014-05-19,14.7684965133667,17.65999984741211,17.920000076293945,17.3799991607666,17.3799991607666,24400
2014-05-20,14.551069259643555,17.399999618530273,17.549999237060547,17.200000762939453,17.549999237060547,66800
2014-05-21,14.567794799804688,17.420000076293945,17.559999465942383,17.049999237060547,17.3799991607666,40100
2014-05-22,14.417267799377441,17.239999771118164,17.450000762939453,17.139999389648438,17.139999389648438,55100
2014-05-23,14.634696960449219,17.5,17.579999923706055,17.270000457763672,17.309999465942383,44300
2014-05-27,14.843765258789062,17.75,17.799999237060547,17.579999923706055,17.6299991607666,29400
2014-05-28,14.58452320098877,17.440000534057617,17.760000228881836,17.299999237060547,17.649999618530273,37700
2014-05-29,14.58452320098877,17.440000534057617,17.56999969482422,17.34000015258789,17.56999969482422,13400
2014-05-30,14.60960865020752,17.469999313354492,17.719999313354492,17.219999313354492,17.510000228881836,39900
2014-06-02,14.684870719909668,17.559999465942383,17.90999984741211,17.170000076293945,17.350000381469727,41100
2014-06-03,14.450714111328125,17.280000686645508,17.75,17.260000228881836,17.40999984741211,32100
2014-06-04,14.325277328491211,17.1299991607666,17.469999313354492,17.020000457763672,17.280000686645508,28000
2014-06-05,14.810312271118164,17.709999084472656,17.739999771118164,17.100000381469727,17.15999984741211,27100
2014-06-06,15.011016845703125,17.950000762939453,17.989999771118164,17.739999771118164,17.75,21900
2014-06-09,15.195001602172852,18.170000076293945,18.190000534057617,17.809999465942383,18.079999923706055,21400
2014-06-10,15.245166778564453,18.229999542236328,18.260000228881836,17.969999313354492,18.170000076293945,14800
2014-06-11,15.14704418182373,18.059999465942383,18.139999389648438,17.979999542236328,18.010000228881836,21700
2014-06-12,15.004457473754883,17.889999389648438,18.139999389648438,17.709999084472656,18.040000915527344,24400
2014-06-13,14.954139709472656,17.829999923706055,18.329999923706055,17.75,18.020000457763672,21000
2014-06-16,14.987689018249512,17.8700008392334,18.020000457763672,17.670000076293945,17.989999771118164,22900
2014-06-17,15.14704418182373,18.059999465942383,18.239999771118164,17.860000610351562,18.040000915527344,23300
2014-06-18,15.038003921508789,17.93000030517578,18.09000015258789,17.760000228881836,18.020000457763672,34200
2014-06-19,14.962525367736816,17.84000015258789,17.920000076293945,17.75,17.920000076293945,24300
2014-06-20,15.038003921508789,17.93000030517578,18.25,17.81999969482422,17.989999771118164,86200
2014-06-23,15.021239280700684,17.90999984741211,18.0,17.770000457763672,17.84000015258789,17400
2014-06-24,14.945748329162598,17.81999969482422,17.950000762939453,17.770000457763672,17.829999923706055,72500
2014-06-25,15.188976287841797,18.110000610351562,18.139999389648438,17.649999618530273,17.649999618530273,26900
2014-06-26,15.088335990905762,17.989999771118164,18.059999465942383,17.950000762939453,18.030000686645508,7100
2014-06-27,15.188976287841797,18.110000610351562,18.200000762939453,17.760000228881836,17.829999923706055,101500
2014-06-30,15.14704418182373,18.059999465942383,18.239999771118164,17.84000015258789,18.020000457763672,28200
2014-07-01,15.801234245300293,18.84000015258789,18.950000762939453,18.09000015258789,18.25,43600
2014-07-02,15.616721153259277,18.6200008392334,18.860000610351562,18.530000686645508,18.860000610351562,43100
2014-07-03,15.868327140808105,18.920000076293945,18.920000076293945,18.549999237060547,18.719999313354492,16500
2014-07-07,15.541232109069824,18.530000686645508,18.850000381469727,18.440000534057617,18.850000381469727,20700
2014-07-08,15.381876945495605,18.34000015258789,18.520000457763672,18.239999771118164,18.520000457763672,22300
2014-07-09,15.298013687133789,18.239999771118164,18.579999923706055,18.209999084472656,18.299999237060547,10400
2014-07-10,15.06317138671875,17.959999084472656,18.110000610351562,17.829999923706055,17.940000534057617,45900
2014-07-11,14.970911979675293,17.850000381469727,18.079999923706055,17.760000228881836,17.889999389648438,96500
2014-07-14,15.021239280700684,17.90999984741211,18.15999984741211,17.84000015258789,18.010000228881836,99500
2014-07-15,14.970911979675293,17.850000381469727,17.950000762939453,17.760000228881836,17.950000762939453,18400
2014-07-16,14.887046813964844,17.75,17.989999771118164,17.700000762939453,17.989999771118164,39000
2014-07-17,14.736079216003418,17.56999969482422,18.329999923706055,17.489999771118164,17.719999313354492,57600
2014-07-18,14.853493690490723,17.709999084472656,17.75,17.540000915527344,17.600000381469727,38400
2014-07-21,14.769625663757324,17.610000610351562,17.690000534057617,17.579999923706055,17.6299991607666,25200
2014-07-22,14.71929931640625,17.549999237060547,17.739999771118164,17.510000228881836,17.700000762939453,43500
2014-07-23,14.761240005493164,17.600000381469727,17.68000030517578,17.450000762939453,17.610000610351562,54900
2014-07-24,14.744462966918945,17.579999923706055,17.829999923706055,17.530000686645508,17.75,35400
2014-07-25,14.677367210388184,17.5,17.760000228881836,17.31999969482422,17.760000228881836,35900
2014-07-28,14.593497276306152,17.399999618530273,17.5,17.25,17.5,32100
2014-07-29,14.601882934570312,17.40999984741211,17.579999923706055,17.399999618530273,17.440000534057617,28200
2014-07-30,14.786398887634277,17.6299991607666,18.299999237060547,17.489999771118164,17.600000381469727,15100
2014-07-31,14.635432243347168,17.450000762939453,17.6200008392334,17.399999618530273,17.450000762939453,33400
2014-08-01,14.593497276306152,17.399999618530273,17.6299991607666,17.350000381469727,17.530000686645508,87300
2014-08-04,14.627049446105957,17.440000534057617,17.530000686645508,17.309999465942383,17.389999389648438,28600
2014-08-05,14.476078033447266,17.260000228881836,17.3799991607666,17.020000457763672,17.309999465942383,46200
2014-08-06,14.702531814575195,17.530000686645508,17.59000015258789,17.18000030517578,17.18000030517578,14300
2014-08-07,14.543171882629395,17.34000015258789,17.559999465942383,17.149999618530273,17.520000457763672,14900
2014-08-08,14.702531814575195,17.530000686645508,17.559999465942383,17.219999313354492,17.309999465942383,58400
2014-08-11,14.811558723449707,17.65999984741211,18.110000610351562,17.559999465942383,17.639999389648438,23600
2014-08-12,14.55156421661377,17.350000381469727,17.59000015258789,17.299999237060547,17.520000457763672,14000
2014-08-13,14.769625663757324,17.610000610351562,17.68000030517578,17.34000015258789,17.399999618530273,18000
2014-08-14,14.769625663757324,17.610000610351562,17.670000076293945,17.56999969482422,17.639999389648438,11900
2014-08-15,14.601882934570312,17.40999984741211,17.84000015258789,17.350000381469727,17.81999969482422,38200
2014-08-18,14.845108985900879,17.700000762939453,17.81999969482422,17.479999542236328,17.639999389648438,15600
2014-08-19,14.761240005493164,17.600000381469727,17.709999084472656,17.56999969482422,17.65999984741211,13600
2014-08-20,14.576720237731934,17.3799991607666,17.479999542236328,17.299999237060547,17.469999313354492,39200
2014-08-21,14.828336715698242,17.68000030517578,17.8700008392334,17.299999237060547,17.3799991607666,95000
2014-08-22,14.77801513671875,17.6200008392334,18.829999923706055,17.530000686645508,17.68000030517578,61700
2014-08-25,14.635432243347168,17.450000762939453,17.799999237060547,17.360000610351562,17.729999542236328,30300
2014-08-26,14.643818855285645,17.459999084472656,17.579999923706055,17.350000381469727,17.399999618530273,24900
2014-08-27,14.559948921203613,17.360000610351562,17.450000762939453,17.350000381469727,17.450000762939453,46600
2014-08-28,14.509624481201172,17.299999237060547,17.389999389648438,17.260000228881836,17.350000381469727,33300
2014-08-29,14.627049446105957,17.440000534057617,17.579999923706055,17.25,17.31999969482422,13000
2014-09-02,14.828336715698242,17.68000030517578,17.690000534057617,17.479999542236328,17.59000015258789,70500
2014-09-03,14.71929931640625,17.549999237060547,17.780000686645508,17.420000076293945,17.700000762939453,40000
2014-09-04,14.727689743041992,17.559999465942383,18.489999771118164,17.520000457763672,17.950000762939453,22100
2014-09-05,14.786398887634277,17.6299991607666,17.75,17.350000381469727,17.459999084472656,19000
2014-09-08,14.685752868652344,17.510000228881836,17.700000762939453,17.389999389648438,17.389999389648438,13300
2014-09-09,14.509624481201172,17.299999237060547,17.440000534057617,17.25,17.440000534057617,35100
2014-09-10,14.652206420898438,17.469999313354492,17.530000686645508,17.270000457763672,17.270000457763672,43800
2014-09-11,14.679967880249023,17.450000762939453,17.479999542236328,17.34000015258789,17.350000381469727,89100
2014-09-12,14.839805603027344,17.639999389648438,17.690000534057617,17.290000915527344,17.5,35400
2014-09-15,14.612663269042969,17.3700008392334,17.520000457763672,17.309999465942383,17.520000457763672,24600
2014-09-16,14.612663269042969,17.3700008392334,17.399999618530273,17.270000457763672,17.34000015258789,22400
2014-09-17,14.637903213500977,17.399999618530273,17.56999969482422,17.350000381469727,17.350000381469727,17800
2014-09-18,14.663141250610352,17.43000030517578,17.6200008392334,17.389999389648438,17.440000534057617,17600
2014-09-19,14.637903213500977,17.399999618530273,17.59000015258789,17.3700008392334,17.43000030517578,67900
2014-09-22,14.444408416748047,17.170000076293945,17.34000015258789,17.06999969482422,17.34000015258789,30200
2014-09-23,14.301400184631348,17.0,17.239999771118164,16.959999084472656,17.1200008392334,41300
2014-09-24,14.36870002746582,17.079999923706055,17.440000534057617,16.850000381469727,17.440000534057617,22000
2014-09-25,14.20044994354248,16.8799991607666,17.100000381469727,16.8700008392334,17.100000381469727,80100
2014-09-26,14.20044994354248,16.8799991607666,17.010000228881836,16.799999237060547,16.8799991607666,48800
2014-09-29,14.192041397094727,16.8700008392334,17.049999237060547,16.719999313354492,16.729999542236328,30200
2014-09-30,14.065847396850586,16.719999313354492,17.030000686645508,16.700000762939453,16.899999618530273,81500
2014-10-01,14.032200813293457,16.68000030517578,16.81999969482422,16.65999984741211,16.75,60600
2014-10-02,14.08267593383789,16.739999771118164,16.899999618530273,16.6200008392334,16.780000686645508,40600
2014-10-03,14.040609359741211,16.690000534057617,16.950000762939453,16.690000534057617,16.899999618530273,32100
2014-10-06,13.964898109436035,16.600000381469727,16.75,16.600000381469727,16.75,23100
2014-10-07,13.813469886779785,16.420000076293945,16.6200008392334,16.420000076293945,16.549999237060547,25100
2014-10-08,14.267746925354004,16.959999084472656,17.020000457763672,16.3799991607666,16.420000076293945,27400
2014-10-09,13.922836303710938,16.549999237060547,16.8799991607666,16.510000228881836,16.700000762939453,31300
2014-10-10,13.998544692993164,16.639999389648438,17.0,16.450000762939453,16.450000762939453,22900
2014-10-13,14.494891166687012,17.229999542236328,17.329999923706055,16.610000610351562,16.610000610351562,30200
2014-10-14,14.604252815246582,17.360000610351562,17.459999084472656,17.1299991607666,17.329999923706055,41600
2014-10-15,14.469647407531738,17.200000762939453,17.270000457763672,16.709999084472656,17.100000381469727,47700
2014-10-16,14.713614463806152,17.489999771118164,17.600000381469727,16.979999542236328,16.979999542236328,37000
2014-10-17,14.267746925354004,16.959999084472656,17.729999542236328,16.8799991607666,17.729999542236328,33200
2014-10-20,14.309807777404785,17.010000228881836,17.06999969482422,16.559999465942383,16.940000534057617,52100
2014-10-21,14.545365333557129,17.290000915527344,17.299999237060547,17.020000457763672,17.020000457763672,13100
2014-10-22,14.48647689819336,17.219999313354492,17.3700008392334,16.549999237060547,16.8799991607666,27700
2014-10-23,14.621075630187988,17.3799991607666,17.75,16.84000015258789,17.75,41000
2014-10-24,14.671560287475586,17.440000534057617,17.5,17.15999984741211,17.469999313354492,25000
2014-10-27,14.587428092956543,17.34000015258789,17.3799991607666,17.190000534057617,17.290000915527344,14300
2014-10-28,15.117420196533203,17.969999313354492,17.979999542236328,17.440000534057617,17.459999084472656,97400
2014-10-29,15.142657279968262,18.0,18.170000076293945,17.739999771118164,17.889999389648438,32400
2014-10-30,15.268844604492188,18.149999618530273,18.299999237060547,17.889999389648438,17.889999389648438,45300
2014-10-31,15.857728958129883,18.850000381469727,18.950000762939453,18.190000534057617,18.549999237060547,57600
2014-11-03,15.76518726348877,18.739999771118164,18.940000534057617,18.670000076293945,18.850000381469727,26300
2014-11-04,15.76518726348877,18.739999771118164,18.799999237060547,18.610000610351562,18.6200008392334,22200
2014-11-05,15.88296890258789,18.8799991607666,19.0,18.739999771118164,18.780000686645508,25600
2014-11-06,16.076457977294922,19.110000610351562,19.190000534057617,18.8700008392334,18.950000762939453,26200
2014-11-07,15.866140365600586,18.860000610351562,19.239999771118164,18.700000762939453,18.93000030517578,22800
2014-11-10,15.916611671447754,18.920000076293945,18.989999771118164,18.760000228881836,18.93000030517578,54900
2014-11-11,16.14375877380371,19.190000534057617,19.200000762939453,18.940000534057617,18.940000534057617,31000
2014-11-12,16.278358459472656,19.350000381469727,19.360000610351562,19.059999465942383,19.059999465942383,18000
2014-11-13,16.278358459472656,19.350000381469727,19.3700008392334,19.06999969482422,19.200000762939453,38100
2014-11-14,16.278358459472656,19.350000381469727,19.389999389648438,19.15999984741211,19.389999389648438,29300
2014-11-17,16.236291885375977,19.299999237060547,19.31999969482422,18.969999313354492,19.299999237060547,36900
2014-11-18,16.202648162841797,19.260000228881836,19.3799991607666,18.719999313354492,19.260000228881836,41900
2014-11-19,15.891376495361328,18.889999389648438,19.25,18.719999313354492,19.25,63500
2014-11-20,15.975506782531738,18.989999771118164,18.989999771118164,18.559999465942383,18.8700008392334,36700
2014-11-21,15.95026683807373,18.959999084472656,19.219999313354492,18.860000610351562,19.219999313354492,42800
2014-11-24,16.051219940185547,19.079999923706055,19.18000030517578,18.940000534057617,18.989999771118164,35100
2014-11-25,16.042800903320312,19.06999969482422,19.149999618530273,19.0,19.149999618530273,18500
2014-11-26,16.051219940185547,19.079999923706055,19.100000381469727,18.90999984741211,18.950000762939453,18800
2014-11-28,15.983920097351074,19.0,19.059999465942383,18.790000915527344,18.969999313354492,30100
2014-12-01,15.891376495361328,18.889999389648438,19.040000915527344,18.84000015258789,19.0,42900
2014-12-02,16.068044662475586,19.100000381469727,19.280000686645508,18.8799991607666,19.079999923706055,31900
2014-12-03,16.1016902923584,19.139999389648438,19.299999237060547,18.93000030517578,19.040000915527344,123400
2014-12-04,16.126930236816406,19.170000076293945,19.329999923706055,18.989999771118164,19.030000686645508,24700
2014-12-05,16.219470977783203,19.280000686645508,19.489999771118164,19.139999389648438,19.139999389648438,33700
2014-12-08,16.177406311035156,19.229999542236328,19.489999771118164,19.030000686645508,19.290000915527344,33200
2014-12-09,16.3035945892334,19.3799991607666,19.40999984741211,19.0,19.020000457763672,46900
2014-12-10,15.983920097351074,19.0,19.389999389648438,19.0,19.270000457763672,35100
2014-12-11,16.03706169128418,19.010000228881836,19.31999969482422,19.0,19.06999969482422,25000
2014-12-12,16.08768081665039,19.06999969482422,19.200000762939453,18.989999771118164,19.0,28400
2014-12-15,15.944267272949219,18.899999618530273,19.280000686645508,18.8799991607666,19.170000076293945,86200
2014-12-16,16.366069793701172,19.399999618530273,19.59000015258789,19.0,19.0,41800
2014-12-17,16.77944564819336,19.889999389648438,20.100000381469727,19.260000228881836,19.360000610351562,50300
2014-12-18,16.73726463317871,19.84000015258789,19.959999084472656,19.6200008392334,19.6200008392334,45000
2014-12-19,16.636028289794922,19.719999313354492,19.829999923706055,19.559999465942383,19.780000686645508,69900
2014-12-22,16.695079803466797,19.790000915527344,19.8799991607666,19.600000381469727,19.610000610351562,21600
2014-12-23,16.695079803466797,19.790000915527344,19.940000534057617,19.600000381469727,19.799999237060547,53300
2014-12-24,16.65290069580078,19.739999771118164,19.8799991607666,19.610000610351562,19.780000686645508,30800
2014-12-26,16.64446449279785,19.729999542236328,19.8700008392334,19.670000076293945,19.8700008392334,34400
2014-12-29,16.8469295501709,19.969999313354492,20.0,19.530000686645508,19.719999313354492,30100
2014-12-30,16.97347640991211,20.1200008392334,20.209999084472656,19.8700008392334,19.8700008392334,22500
2014-12-31,16.64446449279785,19.729999542236328,20.229999542236328,19.719999313354492,20.229999542236328,27700
2015-01-02,16.43355941772461,19.479999542236328,19.90999984741211,19.149999618530273,19.90999984741211,23700
2015-01-05,16.256404876708984,19.270000457763672,19.459999084472656,19.040000915527344,19.399999618530273,36900
2015-01-06,16.12143325805664,19.110000610351562,19.399999618530273,19.0,19.3700008392334,42700
2015-01-07,16.180479049682617,19.18000030517578,19.3799991607666,19.010000228881836,19.280000686645508,25900
2015-01-08,16.450437545776367,19.5,19.59000015258789,19.049999237060547,19.18000030517578,21300
2015-01-09,16.17204475402832,19.170000076293945,19.5,19.06999969482422,19.5,48000
2015-01-12,16.096120834350586,19.079999923706055,19.18000030517578,18.950000762939453,19.110000610351562,42600
2015-01-13,16.2226619720459,19.229999542236328,19.399999618530273,19.0,19.09000015258789,33100
2015-01-14,16.112991333007812,19.100000381469727,19.31999969482422,19.0,19.020000457763672,32600
2015-01-15,15.893651008605957,18.84000015258789,19.149999618530273,18.799999237060547,19.1299991607666,58100
2015-01-16,16.112991333007812,19.100000381469727,19.200000762939453,18.850000381469727,18.850000381469727,52400
2015-01-20,16.112991333007812,19.100000381469727,19.200000762939453,19.0,19.170000076293945,20000
2015-01-21,16.028629302978516,19.0,19.299999237060547,18.90999984741211,19.100000381469727,51600
2015-01-22,17.083147048950195,20.25,20.290000915527344,18.899999618530273,19.299999237060547,102100
2015-01-23,16.78788185119629,19.899999618530273,20.329999923706055,19.850000381469727,20.329999923706055,72100
2015-01-26,16.86380386352539,19.989999771118164,20.1200008392334,19.639999389648438,19.829999923706055,38600
2015-01-27,16.762575149536133,19.8700008392334,19.969999313354492,19.6299991607666,19.690000534057617,36400
2015-01-28,16.188920974731445,19.190000534057617,19.899999618530273,19.1299991607666,19.899999618530273,27600
2015-01-29,16.543230056762695,19.610000610351562,19.649999618530273,19.190000534057617,19.190000534057617,74200
2015-01-30,16.12143325805664,19.110000610351562,19.860000610351562,19.030000686645508,19.399999618530273,46800
2015-02-02,16.61072540283203,19.690000534057617,19.8700008392334,19.110000610351562,19.110000610351562,43100
2015-02-03,16.86380386352539,19.989999771118164,20.350000381469727,19.6299991607666,19.700000762939453,48100
2015-02-04,16.8384952545166,19.959999084472656,20.1299991607666,19.8700008392334,19.959999084472656,38200
2015-02-05,17.12532615661621,20.299999237060547,20.5,20.18000030517578,20.260000228881836,37700
2015-02-06,17.184377670288086,20.3700008392334,20.739999771118164,19.950000762939453,20.350000381469727,51000
2015-02-09,16.796321868896484,19.90999984741211,20.440000534057617,19.829999923706055,20.239999771118164,29300
2015-02-10,17.10001564025879,20.270000457763672,20.350000381469727,19.700000762939453,19.950000762939453,36000
2015-02-11,16.914417266845703,20.049999237060547,20.329999923706055,20.020000457763672,20.209999084472656,17800
2015-02-12,17.133758544921875,20.309999465942383,20.309999465942383,19.950000762939453,20.110000610351562,25200
2015-02-13,17.074708938598633,20.239999771118164,20.450000762939453,20.15999984741211,20.260000228881836,32600
2015-02-17,17.150638580322266,20.329999923706055,20.3799991607666,20.079999923706055,20.25,48600
2015-02-18,17.015655517578125,20.170000076293945,20.25,20.0,20.25,19200
2015-02-19,17.024091720581055,20.18000030517578,20.329999923706055,20.049999237060547,20.100000381469727,25200
2015-02-20,17.10001564025879,20.270000457763672,20.299999237060547,20.09000015258789,20.239999771118164,40200
2015-02-23,16.93129539489746,20.06999969482422,20.219999313354492,19.950000762939453,20.219999313354492,18700
2015-02-24,16.956605911254883,20.100000381469727,20.229999542236328,20.0,20.229999542236328,25600
2015-02-25,16.8469295501709,19.969999313354492,20.170000076293945,19.959999084472656,20.09000015258789,13900
2015-02-26,17.015655517578125,20.170000076293945,20.229999542236328,19.959999084472656,19.959999084472656,25400
2015-02-27,16.97347640991211,20.1200008392334,20.329999923706055,20.09000015258789,20.139999389648438,70800
2015-03-02,17.074708938598633,20.239999771118164,20.25,20.06999969482422,20.06999969482422,41900
2015-03-03,17.015655517578125,20.170000076293945,20.25,20.100000381469727,20.15999984741211,19200
2015-03-04,17.00721549987793,20.15999984741211,20.260000228881836,19.889999389648438,20.059999465942383,39800
2015-03-05,17.074708938598633,20.239999771118164,20.350000381469727,19.899999618530273,20.170000076293945,21200
2015-03-06,16.905990600585938,20.040000915527344,20.34000015258789,19.90999984741211,20.030000686645508,44300
2015-03-09,16.998779296875,20.149999618530273,20.260000228881836,20.030000686645508,20.100000381469727,35700
2015-03-10,16.813188552856445,19.93000030517578,20.1200008392334,19.739999771118164,20.100000381469727,31000
2015-03-11,17.018733978271484,20.1200008392334,20.15999984741211,19.899999618530273,19.93000030517578,26500
2015-03-12,17.416284561157227,20.59000015258789,20.700000762939453,20.190000534057617,20.200000762939453,64400
2015-03-13,17.577009201049805,20.780000686645508,20.799999237060547,20.479999542236328,20.6299991607666,20100
2015-03-16,17.55162239074707,20.75,20.850000381469727,20.540000915527344,20.799999237060547,25900
2015-03-17,17.56854820251465,20.770000457763672,20.799999237060547,20.43000030517578,20.649999618530273,67500
2015-03-18,17.4670352935791,20.649999618530273,20.84000015258789,20.510000228881836,20.760000228881836,29200
2015-03-19,17.416284561157227,20.59000015258789,20.799999237060547,20.399999618530273,20.670000076293945,21800
2015-03-20,17.619291305541992,20.829999923706055,20.860000610351562,20.670000076293945,20.670000076293945,108400
2015-03-23,17.63620948791504,20.850000381469727,20.93000030517578,20.559999465942383,20.559999465942383,86500
2015-03-24,17.585468292236328,20.790000915527344,20.93000030517578,20.700000762939453,20.860000610351562,21600
2015-03-25,17.433210372924805,20.610000610351562,20.93000030517578,20.59000015258789,20.809999465942383,17100
2015-03-26,17.492414474487305,20.68000030517578,20.780000686645508,20.549999237060547,20.6200008392334,27400
2015-03-27,17.272491455078125,20.420000076293945,20.649999618530273,20.350000381469727,20.649999618530273,27200
2015-03-30,17.340158462524414,20.5,20.790000915527344,20.350000381469727,20.469999313354492,36600
2015-03-31,17.47549819946289,20.65999984741211,20.729999542236328,20.200000762939453,20.360000610351562,56900
2015-04-01,17.805383682250977,21.049999237060547,21.059999465942383,20.25,20.510000228881836,81600
2015-04-02,18.008392333984375,21.290000915527344,21.639999389648438,21.049999237060547,21.1200008392334,69500
2015-04-06,17.906888961791992,21.170000076293945,21.389999389648438,21.040000915527344,21.219999313354492,18900
2015-04-07,17.763093948364258,21.0,21.299999237060547,20.850000381469727,21.049999237060547,47500
2015-04-08,17.830760955810547,21.079999923706055,21.1200008392334,20.93000030517578,21.0,25800
2015-04-09,17.619291305541992,20.829999923706055,21.15999984741211,20.6200008392334,21.15999984741211,64200
2015-04-10,17.63620948791504,20.850000381469727,20.959999084472656,20.729999542236328,20.959999084472656,9100
2015-04-13,17.577009201049805,20.780000686645508,21.030000686645508,20.729999542236328,21.020000457763672,19800
2015-04-14,17.66158676147461,20.8799991607666,20.93000030517578,20.530000686645508,20.860000610351562,20100
2015-04-15,17.881511688232422,21.139999389648438,21.239999771118164,20.719999313354492,20.920000076293945,31200
2015-04-16,17.72080421447754,20.950000762939453,21.15999984741211,20.829999923706055,21.0,11500
2015-04-17,17.196367263793945,20.329999923706055,20.790000915527344,20.229999542236328,20.790000915527344,33600
2015-04-20,17.441659927368164,20.6200008392334,20.75,20.3700008392334,20.40999984741211,24400
2015-04-21,17.390911102294922,20.559999465942383,20.719999313354492,20.360000610351562,20.520000457763672,9200
2015-04-22,17.28940773010254,20.440000534057617,20.6200008392334,20.149999618530273,20.469999313354492,12000
2015-04-23,17.001819610595703,20.100000381469727,20.8799991607666,19.68000030517578,20.110000610351562,29400
2015-04-24,17.45012664794922,20.6299991607666,20.709999084472656,20.059999465942383,20.1299991607666,32500
2015-04-27,17.247121810913086,20.389999389648438,20.690000534057617,20.149999618530273,20.56999969482422,49300
2015-04-28,17.66158676147461,20.8799991607666,20.950000762939453,20.350000381469727,20.350000381469727,25600
2015-04-29,17.416284561157227,20.59000015258789,20.75,20.530000686645508,20.709999084472656,23500
2015-04-30,17.365530014038086,20.530000686645508,20.610000610351562,20.200000762939453,20.440000534057617,70700
2015-05-01,17.45012664794922,20.6299991607666,20.670000076293945,20.260000228881836,20.540000915527344,77800
2015-05-04,17.55162239074707,20.75,20.940000534057617,20.5,20.56999969482422,106300
2015-05-05,17.517789840698242,20.709999084472656,20.780000686645508,20.399999618530273,20.75,74600
2015-05-06,17.56854820251465,20.770000457763672,20.799999237060547,20.510000228881836,20.690000534057617,53800
2015-05-07,17.53470230102539,20.729999542236328,21.020000457763672,20.59000015258789,20.639999389648438,74400
2015-05-08,17.62775421142578,20.84000015258789,20.979999542236328,20.739999771118164,20.959999084472656,31300
2015-05-11,17.73771095275879,20.969999313354492,21.190000534057617,20.829999923706055,20.84000015258789,45700
2015-05-12,17.847673416137695,21.100000381469727,21.1299991607666,20.799999237060547,20.950000762939453,25200
2015-05-13,17.72080421447754,20.950000762939453,21.049999237060547,20.84000015258789,21.040000915527344,16500
2015-05-14,17.940717697143555,21.209999084472656,21.229999542236328,20.860000610351562,21.0,26700
2015-05-15,17.932262420654297,21.200000762939453,21.40999984741211,21.0,21.229999542236328,83100
2015-05-18,18.11835289001465,21.420000076293945,21.56999969482422,21.209999084472656,21.31999969482422,71100
2015-05-19,18.295988082885742,21.6299991607666,21.639999389648438,21.43000030517578,21.540000915527344,25900
2015-05-20,18.28752326965332,21.6200008392334,21.739999771118164,21.489999771118164,21.719999313354492,21300
2015-05-21,18.338272094726562,21.68000030517578,21.719999313354492,21.440000534057617,21.700000762939453,16300
2015-05-22,18.160646438598633,21.469999313354492,21.729999542236328,21.360000610351562,21.520000457763672,42800
2015-05-26,17.991477966308594,21.270000457763672,21.5,21.1299991607666,21.3700008392334,29000
2015-05-27,18.211400985717773,21.530000686645508,21.610000610351562,21.079999923706055,21.200000762939453,20900
2015-05-28,18.177568435668945,21.489999771118164,21.520000457763672,21.290000915527344,21.420000076293945,10700
2015-05-29,17.864595413208008,21.1200008392334,21.399999618530273,21.059999465942383,21.399999618530273,20000
2015-06-01,17.940717697143555,21.209999084472656,21.280000686645508,20.959999084472656,21.280000686645508,17000
2015-06-02,18.143741607666016,21.450000762939453,21.459999084472656,21.110000610351562,21.139999389648438,14600
2015-06-03,18.304441452026367,21.639999389648438,21.719999313354492,21.25,21.479999542236328,114200
2015-06-04,18.025312423706055,21.309999465942383,21.65999984741211,21.149999618530273,21.459999084472656,14700
2015-06-05,18.42286491394043,21.780000686645508,21.799999237060547,21.209999084472656,21.389999389648438,27100
2015-06-08,18.558202743530273,21.940000534057617,22.0,21.690000534057617,21.799999237060547,24600
2015-06-09,18.63432502746582,22.030000686645508,22.139999389648438,21.709999084472656,21.899999618530273,29000
2015-06-10,18.947298049926758,22.399999618530273,22.649999618530273,22.010000228881836,22.209999084472656,48800
2015-06-11,18.82007598876953,22.190000534057617,22.299999237060547,21.81999969482422,22.290000915527344,25200
2015-06-12,18.675893783569336,22.020000457763672,22.100000381469727,21.950000762939453,22.059999465942383,11400
2015-06-15,18.718303680419922,22.06999969482422,22.149999618530273,21.6299991607666,21.81999969482422,29500
2015-06-16,18.921859741210938,22.309999465942383,22.309999465942383,21.889999389648438,21.940000534057617,27900
2015-06-17,18.70981788635254,22.059999465942383,22.389999389648438,21.950000762939453,22.389999389648438,17400
2015-06-18,19.040597915649414,22.450000762939453,22.459999084472656,22.0,22.200000762939453,30100
2015-06-19,19.11692237854004,22.540000915527344,22.559999465942383,22.34000015258789,22.350000381469727,64300
2015-06-22,19.269582748413086,22.719999313354492,22.75,22.549999237060547,22.610000610351562,21400
2015-06-23,19.540992736816406,23.040000915527344,23.059999465942383,22.700000762939453,22.700000762939453,26900
2015-06-24,19.481618881225586,22.969999313354492,23.139999389648438,22.889999389648438,23.0,30900
2015-06-25,19.66822052001953,23.190000534057617,23.229999542236328,23.040000915527344,23.110000610351562,28000
2015-06-26,19.66822052001953,23.190000534057617,23.350000381469727,23.030000686645508,23.309999465942383,169800
2015-06-29,19.159330368041992,22.59000015258789,23.190000534057617,22.530000686645508,22.989999771118164,29500
2015-06-30,19.311992645263672,22.770000457763672,22.899999618530273,22.6200008392334,22.84000015258789,27300
2015-07-01,19.53251838684082,23.030000686645508,23.170000076293945,22.8799991607666,22.979999542236328,22600
2015-07-02,19.210216522216797,22.649999618530273,23.030000686645508,22.610000610351562,23.030000686645508,9300
2015-07-06,19.227184295654297,22.670000076293945,22.81999969482422,22.299999237060547,22.510000228881836,24600
2015-07-07,18.904888153076172,22.290000915527344,22.760000228881836,22.18000030517578,22.760000228881836,45500
2015-07-08,18.921859741210938,22.309999465942383,22.420000076293945,22.030000686645508,22.149999618530273,30300
2015-07-09,19.235660552978516,22.68000030517578,22.899999618530273,22.479999542236328,22.510000228881836,32700
2015-07-10,19.642770767211914,23.15999984741211,23.34000015258789,22.809999465942383,22.8700008392334,49100
2015-07-13,19.65972900390625,23.18000030517578,23.399999618530273,23.100000381469727,23.239999771118164,32000
2015-07-14,19.803913116455078,23.350000381469727,23.440000534057617,23.059999465942383,23.09000015258789,11500
2015-07-15,19.795434951782227,23.34000015258789,23.489999771118164,23.200000762939453,23.350000381469727,12900
2015-07-16,19.803913116455078,23.350000381469727,23.700000762939453,23.260000228881836,23.5,13700
2015-07-17,19.82935333251953,23.3799991607666,23.43000030517578,23.18000030517578,23.420000076293945,24400
2015-07-20,19.66822052001953,23.190000534057617,23.40999984741211,23.15999984741211,23.40999984741211,13000
2015-07-21,19.46465492248535,22.950000762939453,23.399999618530273,22.899999618530273,23.25,15300
2015-07-22,19.600357055664062,23.110000610351562,23.25,22.790000915527344,22.950000762939453,14100
2015-07-23,19.778465270996094,23.31999969482422,24.0,22.719999313354492,22.719999313354492,30800
2015-07-24,19.753028869628906,23.290000915527344,23.65999984741211,23.100000381469727,23.309999465942383,40600
2015-07-27,20.160125732421875,23.770000457763672,23.899999618530273,22.90999984741211,23.229999542236328,36200
2015-07-28,20.015947341918945,23.600000381469727,23.889999389648438,23.559999465942383,23.889999389648438,20600
2015-07-29,20.312788009643555,23.950000762939453,24.0,23.350000381469727,23.510000228881836,37200
2015-07-30,20.34671401977539,23.989999771118164,24.0,23.690000534057617,23.799999237060547,28100
2015-07-31,20.465457916259766,24.1299991607666,24.200000762939453,23.709999084472656,24.0,53900
2015-08-03,20.57571029663086,24.260000228881836,24.290000915527344,24.020000457763672,24.06999969482422,72800
2015-08-04,20.499380111694336,24.170000076293945,24.489999771118164,24.049999237060547,24.270000457763672,29500
2015-08-05,20.558748245239258,24.239999771118164,24.469999313354492,24.1299991607666,24.190000534057617,45900
2015-08-06,20.804712295532227,24.530000686645508,24.65999984741211,24.209999084472656,24.25,89900
2015-08-07,20.65204620361328,24.350000381469727,24.510000228881836,24.25,24.5,53600
2015-08-10,20.957372665405273,24.709999084472656,24.709999084472656,23.360000610351562,24.59000015258789,76000
2015-08-11,20.991302490234375,24.75,24.799999237060547,24.469999313354492,24.639999389648438,57100
2015-08-12,20.88104248046875,24.6200008392334,24.700000762939453,24.450000762939453,24.700000762939453,205900
2015-08-13,20.906490325927734,24.649999618530273,24.84000015258789,24.5,24.6200008392334,145900
2015-08-14,21.042190551757812,24.809999465942383,24.899999618530273,24.469999313354492,24.600000381469727,33700
2015-08-17,21.042190551757812,24.809999465942383,24.940000534057617,24.209999084472656,24.719999313354492,35500
2015-08-18,21.1015567779541,24.8799991607666,25.06999969482422,24.809999465942383,24.829999923706055,256300
2015-08-19,21.0676326751709,24.84000015258789,24.940000534057617,24.6200008392334,24.770000457763672,45300
2015-08-20,20.82166862487793,24.549999237060547,24.940000534057617,24.489999771118164,24.690000534057617,47200
2015-08-21,20.991302490234375,24.75,24.899999618530273,24.139999389648438,24.139999389648438,59800
2015-08-24,20.08379554748535,23.68000030517578,24.360000610351562,23.540000915527344,23.8700008392334,81600
2015-08-25,19.769989013671875,23.309999465942383,24.350000381469727,23.290000915527344,24.350000381469727,79900
2015-08-26,19.888729095458984,23.450000762939453,23.790000915527344,23.25,23.790000915527344,79700
2015-08-27,20.015947341918945,23.600000381469727,23.979999542236328,23.360000610351562,23.479999542236328,59600
2015-08-28,20.219499588012695,23.84000015258789,24.010000228881836,23.469999313354492,23.5,44100
2015-08-31,20.27886390686035,23.90999984741211,23.979999542236328,23.579999923706055,23.579999923706055,41400
2015-09-01,20.03290557861328,23.6200008392334,23.850000381469727,23.25,23.469999313354492,54000
2015-09-02,20.321269989013672,23.959999084472656,23.969999313354492,23.68000030517578,23.760000228881836,38800
2015-09-03,20.270387649536133,23.899999618530273,24.1299991607666,23.520000457763672,23.950000762939453,51700
2015-09-04,20.227975845336914,23.850000381469727,23.940000534057617,23.350000381469727,23.520000457763672,47200
2015-09-08,20.134687423706055,23.739999771118164,24.479999542236328,23.729999542236328,24.149999618530273,34100
2015-09-09,20.270387649536133,23.899999618530273,24.270000457763672,23.639999389648438,23.899999618530273,135500
2015-09-10,20.440013885498047,24.100000381469727,24.31999969482422,23.770000457763672,23.770000457763672,84800
2015-09-11,20.567598342895508,24.18000030517578,24.239999771118164,23.829999923706055,23.8799991607666,25100
2015-09-14,20.593122482299805,24.209999084472656,24.360000610351562,24.149999618530273,24.280000686645508,27800
2015-09-15,20.814279556274414,24.469999313354492,24.489999771118164,24.15999984741211,24.15999984741211,122500
2015-09-16,20.856807708740234,24.520000457763672,24.68000030517578,24.25,24.579999923706055,42900
2015-09-17,20.89083480834961,24.559999465942383,24.920000076293945,24.020000457763672,24.450000762939453,101000
2015-09-18,20.91635513305664,24.59000015258789,24.6200008392334,23.770000457763672,24.25,109000
2015-09-21,20.686689376831055,24.31999969482422,24.90999984741211,24.209999084472656,24.809999465942383,72500
2015-09-22,20.67818260192871,24.309999465942383,24.540000915527344,24.15999984741211,24.15999984741211,54500
2015-09-23,20.83979606628418,24.5,24.6200008392334,24.239999771118164,24.350000381469727,83400
2015-09-24,21.231077194213867,24.959999084472656,25.06999969482422,24.350000381469727,24.350000381469727,174300
2015-09-25,21.060955047607422,24.760000228881836,25.3799991607666,24.75,25.15999984741211,91200
2015-09-28,21.248088836669922,24.979999542236328,25.06999969482422,24.40999984741211,24.670000076293945,109100
2015-09-29,21.341655731201172,25.09000015258789,25.290000915527344,24.940000534057617,25.059999465942383,122800
2015-09-30,21.409700393676758,25.170000076293945,25.459999084472656,25.110000610351562,25.239999771118164,70400
2015-10-01,21.460731506347656,25.229999542236328,25.239999771118164,24.75,25.110000610351562,65500
2015-10-02,21.018421173095703,24.709999084472656,24.989999771118164,24.18000030517578,24.989999771118164,40000
2015-10-05,21.324642181396484,25.06999969482422,25.239999771118164,24.690000534057617,24.889999389648438,69000
2015-10-06,20.933361053466797,24.610000610351562,25.229999542236328,24.540000915527344,25.1200008392334,53600
2015-10-07,21.077964782714844,24.780000686645508,24.969999313354492,24.600000381469727,24.639999389648438,38100
2015-10-08,21.205564498901367,24.93000030517578,25.110000610351562,24.600000381469727,24.709999084472656,44700
2015-10-09,21.358665466308594,25.110000610351562,25.219999313354492,24.84000015258789,25.110000610351562,75900
2015-10-12,21.698904037475586,25.510000228881836,25.639999389648438,24.829999923706055,25.110000610351562,85300
2015-10-13,21.988113403320312,25.850000381469727,25.899999618530273,25.5,25.549999237060547,113300
2015-10-14,21.95408821105957,25.809999465942383,26.15999984741211,25.59000015258789,25.940000534057617,222100
2015-10-15,22.11570167541504,26.0,26.93000030517578,25.68000030517578,25.959999084472656,163700
2015-10-16,22.158233642578125,26.049999237060547,26.229999542236328,25.860000610351562,26.139999389648438,85400
2015-10-19,22.35386848449707,26.280000686645508,26.43000030517578,25.959999084472656,25.959999084472656,43400
2015-10-20,22.6175537109375,26.59000015258789,26.799999237060547,26.190000534057617,26.290000915527344,51600
2015-10-21,22.634565353393555,26.610000610351562,27.139999389648438,26.5,26.68000030517578,96300
2015-10-22,23.417123794555664,27.530000686645508,27.829999923706055,26.6299991607666,27.0,198100
2015-10-23,25.271446228027344,29.709999084472656,29.81999969482422,27.860000610351562,27.899999618530273,287600
2015-10-26,24.55694007873535,28.8700008392334,29.90999984741211,28.459999084472656,29.649999618530273,151200
2015-10-27,24.225202560424805,28.479999542236328,29.030000686645508,28.170000076293945,29.030000686645508,88900
2015-10-28,24.67601776123047,29.010000228881836,29.1200008392334,28.56999969482422,28.56999969482422,141800
2015-10-29,24.761083602905273,29.110000610351562,29.25,28.6200008392334,28.979999542236328,61500
2015-10-30,24.123126983642578,28.360000610351562,29.170000076293945,28.06999969482422,29.059999465942383,115500
2015-11-02,24.616477966308594,28.940000534057617,29.06999969482422,28.3700008392334,28.389999389648438,73400
2015-11-03,24.710041046142578,29.049999237060547,29.1200008392334,28.700000762939453,28.860000610351562,107000
2015-11-04,25.14385414123535,29.559999465942383,29.690000534057617,29.079999923706055,29.110000610351562,102400
2015-11-05,25.033275604248047,29.43000030517578,29.65999984741211,29.31999969482422,29.559999465942383,59600
2015-11-06,25.339494705200195,29.790000915527344,29.860000610351562,29.389999389648438,29.420000076293945,138100
2015-11-09,25.543636322021484,30.030000686645508,30.190000534057617,29.709999084472656,29.809999465942383,91900
2015-11-10,25.75628662109375,30.280000686645508,30.309999465942383,29.780000686645508,29.780000686645508,97100
2015-11-11,25.747785568237305,30.270000457763672,30.729999542236328,30.030000686645508,30.3799991607666,50900
2015-11-12,23.918977737426758,28.1200008392334,29.770000457763672,25.989999771118164,29.65999984741211,442600
2015-11-13,23.544713973999023,27.68000030517578,28.34000015258789,27.559999465942383,27.8799991607666,85300
2015-11-16,23.740352630615234,27.90999984741211,28.040000915527344,27.5,27.649999618530273,67700
2015-11-17,24.284744262695312,28.549999237060547,28.700000762939453,27.649999618530273,27.649999618530273,92300
2015-11-18,24.616477966308594,28.940000534057617,28.989999771118164,28.139999389648438,28.559999465942383,61500
2015-11-19,24.497390747070312,28.799999237060547,28.959999084472656,28.459999084472656,28.940000534057617,45700
2015-11-20,24.684524536132812,29.020000457763672,29.31999969482422,28.639999389648438,28.989999771118164,46100
2015-11-23,24.854650497436523,29.219999313354492,29.5,28.700000762939453,29.0,69800
2015-11-24,25.024768829345703,29.420000076293945,29.5,28.93000030517578,29.09000015258789,33700
2015-11-25,24.990739822387695,29.3799991607666,29.700000762939453,29.100000381469727,29.40999984741211,34900
2015-11-27,25.118337631225586,29.530000686645508,29.600000381469727,29.270000457763672,29.270000457763672,31100
2015-11-30,24.92269515991211,29.299999237060547,29.649999618530273,29.15999984741211,29.5,77500
2015-12-01,25.041786193847656,29.440000534057617,29.559999465942383,28.3700008392334,29.309999465942383,28200
2015-12-02,25.041786193847656,29.440000534057617,29.510000228881836,29.290000915527344,29.440000534057617,73000
2015-12-03,24.939708709716797,29.31999969482422,29.809999465942383,29.1299991607666,29.5,100700
2015-12-04,25.262939453125,29.700000762939453,29.8700008392334,29.260000228881836,29.329999923706055,63200
2015-12-07,24.820619583129883,29.18000030517578,29.90999984741211,29.040000915527344,29.559999465942383,83000
2015-12-08,24.914194107055664,29.290000915527344,29.770000457763672,28.959999084472656,29.270000457763672,96600
2015-12-09,24.012550354003906,28.229999542236328,29.5,27.8799991607666,29.299999237060547,119400
2015-12-10,23.893455505371094,28.09000015258789,28.690000534057617,27.479999542236328,28.209999084472656,60800
2015-12-11,23.53519058227539,27.59000015258789,28.1299991607666,27.389999389648438,27.670000076293945,76700
2015-12-14,23.680206298828125,27.760000228881836,27.860000610351562,27.43000030517578,27.520000457763672,120000
2015-12-15,24.1237850189209,28.280000686645508,28.6299991607666,27.940000534057617,27.940000534057617,60800
2015-12-16,24.38822364807129,28.59000015258789,28.690000534057617,28.059999465942383,28.459999084472656,66400
2015-12-17,24.43939971923828,28.649999618530273,29.299999237060547,27.649999618530273,28.600000381469727,82000
2015-12-18,24.23468017578125,28.40999984741211,28.829999923706055,27.399999618530273,28.829999923706055,187000
2015-12-21,24.217618942260742,28.389999389648438,29.90999984741211,28.09000015258789,28.559999465942383,59100
2015-12-22,24.157907485961914,28.31999969482422,28.3700008392334,27.639999389648438,28.25,60100
2015-12-23,24.268800735473633,28.450000762939453,28.59000015258789,28.219999313354492,28.450000762939453,19800
2015-12-24,24.78061866760254,29.049999237060547,29.299999237060547,28.610000610351562,28.670000076293945,48400
2015-12-28,24.79768180847168,29.06999969482422,29.209999084472656,28.440000534057617,28.989999771118164,42100
2015-12-29,25.019468307495117,29.329999923706055,29.479999542236328,28.940000534057617,29.09000015258789,38200
2015-12-30,24.76355743408203,29.030000686645508,29.389999389648438,28.889999389648438,29.219999313354492,40200
2015-12-31,24.183496475219727,28.350000381469727,29.040000915527344,28.280000686645508,29.040000915527344,132400
2016-01-04,23.91053009033203,28.030000686645508,28.200000762939453,27.610000610351562,28.030000686645508,121600
2016-01-05,24.021419525146484,28.15999984741211,28.610000610351562,28.030000686645508,28.030000686645508,47200
2016-01-06,24.260271072387695,28.440000534057617,28.6200008392334,27.8700008392334,27.8700008392334,47900
2016-01-07,23.458419799804688,27.5,28.219999313354492,27.5,28.030000686645508,86100
2016-01-08,23.15131950378418,27.139999389648438,28.030000686645508,27.049999237060547,27.639999389648438,79700
2016-01-11,23.390174865722656,27.420000076293945,27.6299991607666,27.100000381469727,27.200000762939453,78100
2016-01-12,23.108675003051758,27.09000015258789,27.549999237060547,26.84000015258789,27.5,63900
2016-01-13,22.52861213684082,26.40999984741211,27.290000915527344,26.229999542236328,27.1200008392334,95100
2016-01-14,22.622446060180664,26.520000457763672,27.290000915527344,26.5,26.610000610351562,160300
2016-01-15,22.537139892578125,26.420000076293945,26.8700008392334,25.010000228881836,25.959999084472656,115000
2016-01-19,22.28122901916504,26.1200008392334,27.43000030517578,26.0,26.6200008392334,76600
2016-01-20,22.47743034362793,26.350000381469727,26.6200008392334,25.770000457763672,25.850000381469727,123900
2016-01-21,21.991201400756836,25.780000686645508,26.649999618530273,25.700000762939453,26.34000015258789,150300
2016-01-22,22.656564712524414,26.559999465942383,26.600000381469727,25.479999542236328,25.920000076293945,103400
2016-01-25,22.161808013916016,25.979999542236328,26.690000534057617,25.8700008392334,26.559999465942383,92700
2016-01-26,22.520078659057617,26.399999618530273,26.59000015258789,25.969999313354492,25.969999313354492,94900
2016-01-27,22.485958099365234,26.360000610351562,26.68000030517578,26.200000762939453,26.299999237060547,95800
2016-01-28,23.01483726501465,26.979999542236328,27.34000015258789,26.350000381469727,26.350000381469727,139900
2016-01-29,24.217618942260742,28.389999389648438,28.459999084472656,26.8799991607666,27.34000015258789,127400
2016-02-01,24.106721878051758,28.260000228881836,29.360000610351562,27.59000015258789,28.18000030517578,84700
2016-02-02,23.63755226135254,27.709999084472656,28.200000762939453,27.530000686645508,27.979999542236328,54100
2016-02-03,23.577838897705078,27.639999389648438,28.229999542236328,27.079999923706055,27.829999923706055,49300
2016-02-04,23.202510833740234,27.200000762939453,28.34000015258789,26.860000610351562,27.610000610351562,25500
2016-02-05,22.68214988708496,26.59000015258789,28.079999923706055,26.59000015258789,27.079999923706055,77100
2016-02-08,22.443307876586914,26.309999465942383,28.25,25.920000076293945,26.5,161000
2016-02-09,22.793052673339844,26.719999313354492,27.420000076293945,26.139999389648438,26.139999389648438,36600
2016-02-10,22.520078659057617,26.399999618530273,27.3799991607666,26.299999237060547,26.93000030517578,53100
2016-02-11,22.323881149291992,26.170000076293945,26.440000534057617,25.84000015258789,26.020000457763672,46900
2016-02-12,22.946603775024414,26.899999618530273,27.190000534057617,26.43000030517578,26.520000457763672,70500
2016-02-16,23.245153427124023,27.25,27.56999969482422,26.940000534057617,27.139999389648438,51200
2016-02-17,22.972190856933594,26.93000030517578,27.940000534057617,26.170000076293945,27.520000457763672,39300
2016-02-18,23.1939754486084,27.190000534057617,27.690000534057617,26.770000457763672,27.200000762939453,116300
2016-02-19,22.750404357910156,26.670000076293945,27.209999084472656,26.489999771118164,27.110000610351562,69500
2016-02-22,22.997779846191406,26.959999084472656,27.18000030517578,26.719999313354492,26.760000228881836,97800
2016-02-23,23.048961639404297,27.020000457763672,27.549999237060547,26.649999618530273,27.09000015258789,75000
2016-02-24,23.245153427124023,27.25,27.280000686645508,26.399999618530273,26.8700008392334,35900
2016-02-25,23.663148880004883,27.739999771118164,27.739999771118164,27.020000457763672,27.219999313354492,62900
2016-02-26,23.782575607299805,27.8799991607666,28.0,27.75,27.93000030517578,45200
2016-02-29,23.654611587524414,27.729999542236328,28.280000686645508,27.540000915527344,28.0,105900
2016-03-01,24.012887954711914,28.149999618530273,28.31999969482422,27.920000076293945,27.920000076293945,63000
2016-03-02,23.884933471679688,28.0,28.200000762939453,27.770000457763672,28.079999923706055,61700
2016-03-03,24.012887954711914,28.149999618530273,28.25,27.739999771118164,27.90999984741211,56700
2016-03-04,23.99582862854004,28.1299991607666,28.25,27.850000381469727,28.25,31200
2016-03-07,24.31144905090332,28.5,28.690000534057617,28.0,28.0,33500
2016-03-08,23.987293243408203,28.1200008392334,28.5,28.030000686645508,28.260000228881836,49600
2016-03-09,23.99582862854004,28.1299991607666,28.3799991607666,28.020000457763672,28.15999984741211,28300
2016-03-10,23.867874145507812,27.979999542236328,28.190000534057617,27.90999984741211,28.1299991607666,24000
2016-03-11,24.201629638671875,28.280000686645508,28.329999923706055,27.790000915527344,28.06999969482422,34700
2016-03-14,24.013349533081055,28.059999465942383,28.309999465942383,27.899999618530273,28.309999465942383,26500
2016-03-15,23.645366668701172,27.6299991607666,28.030000686645508,27.559999465942383,28.020000457763672,26500
2016-03-16,23.43142318725586,27.3799991607666,27.889999389648438,27.190000534057617,27.81999969482422,28200
2016-03-17,23.713825225830078,27.709999084472656,27.850000381469727,26.920000076293945,27.299999237060547,26600
2016-03-18,23.60257911682129,27.579999923706055,28.420000076293945,27.520000457763672,27.850000381469727,95100
2016-03-21,23.893543243408203,27.920000076293945,28.049999237060547,27.360000610351562,27.579999923706055,37700
2016-03-22,23.585466384887695,27.559999465942383,27.979999542236328,27.440000534057617,27.889999389648438,26700
2016-03-23,23.303050994873047,27.229999542236328,27.56999969482422,27.1200008392334,27.56999969482422,30700
2016-03-24,23.0035343170166,26.8799991607666,27.06999969482422,26.760000228881836,27.06999969482422,21700
2016-03-28,23.03775978088379,26.920000076293945,27.149999618530273,26.59000015258789,26.799999237060547,27200
2016-03-29,23.260265350341797,27.18000030517578,27.280000686645508,26.549999237060547,26.790000915527344,36500
2016-03-30,23.37151527404785,27.309999465942383,27.450000762939453,26.979999542236328,27.100000381469727,29100
2016-03-31,23.14044952392578,27.040000915527344,27.579999923706055,26.860000610351562,27.360000610351562,55200
2016-04-01,23.508447647094727,27.469999313354492,27.690000534057617,26.770000457763672,26.950000762939453,42900
2016-04-04,23.063434600830078,26.950000762939453,27.549999237060547,26.829999923706055,27.399999618530273,34200
2016-04-05,22.56707763671875,26.3700008392334,26.649999618530273,26.31999969482422,26.639999389648438,53800
2016-04-06,22.250438690185547,26.0,26.270000457763672,25.93000030517578,26.270000457763672,63200
2016-04-07,21.557252883911133,25.190000534057617,25.93000030517578,25.079999923706055,25.899999618530273,80400
2016-04-08,21.82254409790039,25.5,27.68000030517578,25.290000915527344,27.68000030517578,29900
2016-04-11,21.651384353637695,25.299999237060547,25.969999313354492,25.06999969482422,25.5,40000
2016-04-12,21.976585388183594,25.68000030517578,25.850000381469727,25.350000381469727,25.350000381469727,39400
2016-04-13,22.64409637451172,26.459999084472656,26.549999237060547,25.600000381469727,25.600000381469727,34000
2016-04-14,22.498619079589844,26.290000915527344,26.829999923706055,25.040000915527344,25.040000915527344,40500
2016-04-15,22.738235473632812,26.56999969482422,26.600000381469727,26.15999984741211,26.15999984741211,36200
2016-04-18,22.849489212036133,26.700000762939453,26.8700008392334,26.510000228881836,26.510000228881836,35400
2016-04-19,23.029203414916992,26.90999984741211,27.09000015258789,26.420000076293945,26.90999984741211,19600
2016-04-20,23.0035343170166,26.8799991607666,27.1299991607666,26.75,26.950000762939453,22100
2016-04-21,22.618425369262695,26.43000030517578,26.860000610351562,26.389999389648438,26.520000457763672,28700
2016-04-22,22.9350643157959,26.799999237060547,26.829999923706055,26.350000381469727,26.350000381469727,25200
2016-04-25,22.900835037231445,26.760000228881836,26.780000686645508,26.15999984741211,26.5,25700
2016-04-26,23.174686431884766,27.079999923706055,27.229999542236328,26.670000076293945,26.850000381469727,46100
2016-04-27,23.303050994873047,27.229999542236328,27.280000686645508,26.600000381469727,26.860000610351562,39000
2016-04-28,23.020645141601562,26.899999618530273,27.799999237060547,26.81999969482422,27.399999618530273,48800
2016-04-29,23.422863006591797,27.3700008392334,27.43000030517578,26.790000915527344,26.979999542236328,90700
2016-05-02,23.60257911682129,27.579999923706055,28.200000762939453,26.110000610351562,27.3700008392334,62800
2016-05-03,23.320165634155273,27.25,28.010000228881836,26.969999313354492,27.329999923706055,35300
2016-05-04,23.191801071166992,27.100000381469727,27.25,26.799999237060547,26.989999771118164,29800
2016-05-05,23.14044952392578,27.040000915527344,27.799999237060547,26.979999542236328,27.059999465942383,27500
2016-05-06,22.7724666595459,26.610000610351562,27.690000534057617,26.489999771118164,26.850000381469727,60900
2016-05-09,22.74679183959961,26.579999923706055,26.719999313354492,26.450000762939453,26.690000534057617,61600
2016-05-10,22.781024932861328,26.6200008392334,26.639999389648438,26.389999389648438,26.600000381469727,75300
2016-05-11,23.183242797851562,27.09000015258789,27.190000534057617,26.219999313354492,26.5,35700
2016-05-12,23.37151527404785,27.309999465942383,27.360000610351562,26.809999465942383,26.899999618530273,36200
2016-05-13,23.508447647094727,27.469999313354492,27.790000915527344,26.510000228881836,27.290000915527344,92600
2016-05-16,23.662487030029297,27.649999618530273,28.09000015258789,27.43000030517578,27.549999237060547,82300
2016-05-17,22.74679183959961,26.579999923706055,27.559999465942383,26.440000534057617,27.520000457763672,51600
2016-05-18,23.61113929748535,27.59000015258789,27.920000076293945,26.479999542236328,26.479999542236328,41200
2016-05-19,23.106224060058594,27.0,27.579999923706055,26.760000228881836,27.389999389648438,24200
2016-05-20,23.525564193725586,27.489999771118164,27.56999969482422,27.15999984741211,27.15999984741211,35000
2016-05-23,23.47421646118164,27.43000030517578,27.65999984741211,27.020000457763672,27.479999542236328,30200
2016-05-24,23.850759506225586,27.8700008392334,27.959999084472656,27.280000686645508,27.489999771118164,72900
2016-05-25,24.175960540771484,28.25,28.469999313354492,27.729999542236328,27.950000762939453,53900
2016-05-26,24.355669021606445,28.459999084472656,28.690000534057617,27.93000030517578,28.280000686645508,45300
2016-05-27,24.715103149414062,28.8799991607666,28.8799991607666,28.31999969482422,28.399999618530273,25600
2016-05-31,24.47547721862793,28.600000381469727,28.950000762939453,28.459999084472656,28.8799991607666,41400
2016-06-01,24.800676345825195,28.979999542236328,29.0,28.600000381469727,28.600000381469727,40900
2016-06-02,24.77501106262207,28.950000762939453,28.979999542236328,28.6200008392334,28.860000610351562,39100
2016-06-03,24.603851318359375,28.75,28.950000762939453,28.270000457763672,28.860000610351562,41400
2016-06-06,24.6209659576416,28.770000457763672,29.059999465942383,28.6299991607666,28.670000076293945,36000
2016-06-07,24.415578842163086,28.530000686645508,28.860000610351562,28.31999969482422,28.790000915527344,20900
2016-06-08,24.355669021606445,28.459999084472656,28.65999984741211,28.420000076293945,28.559999465942383,49100
2016-06-09,24.021913528442383,28.06999969482422,28.399999618530273,27.68000030517578,28.399999618530273,47900
2016-06-10,23.585466384887695,27.559999465942383,27.950000762939453,26.639999389648438,27.950000762939453,117000
2016-06-13,23.396499633789062,27.239999771118164,27.65999984741211,27.15999984741211,27.399999618530273,31500
2016-06-14,23.430856704711914,27.280000686645508,27.420000076293945,26.639999389648438,26.639999389648438,25500
2016-06-15,23.430856704711914,27.280000686645508,27.56999969482422,27.040000915527344,27.239999771118164,39400
2016-06-16,23.516754150390625,27.3799991607666,27.43000030517578,27.0,27.1299991607666,47100
2016-06-17,23.559701919555664,27.43000030517578,27.6200008392334,27.139999389648438,27.440000534057617,122700
2016-06-20,24.03209114074707,27.979999542236328,28.239999771118164,27.440000534057617,27.489999771118164,63300
2016-06-21,23.75724983215332,27.65999984741211,28.010000228881836,27.56999969482422,28.010000228881836,32800
2016-06-22,23.448040008544922,27.299999237060547,27.940000534057617,27.290000915527344,27.6299991607666,27500
2016-06-23,23.8431339263916,27.760000228881836,28.030000686645508,27.309999465942383,27.6200008392334,49300
2016-06-24,22.795276641845703,26.540000915527344,27.329999923706055,26.489999771118164,26.65999984741211,99700
2016-06-27,22.623497009277344,26.34000015258789,26.479999542236328,25.760000228881836,26.049999237060547,54900
2016-06-28,22.89834213256836,26.65999984741211,26.809999465942383,26.360000610351562,26.360000610351562,50300
2016-06-29,23.439451217651367,27.290000915527344,27.350000381469727,26.690000534057617,26.93000030517578,35600
2016-06-30,23.954797744750977,27.889999389648438,27.989999771118164,27.399999618530273,27.459999084472656,51500
2016-07-01,23.576873779296875,27.450000762939453,27.760000228881836,27.3799991607666,27.450000762939453,23600
2016-07-05,23.319204330444336,27.149999618530273,27.3700008392334,27.030000686645508,27.3700008392334,16900
2016-07-06,23.10447883605957,26.899999618530273,27.020000457763672,26.770000457763672,26.959999084472656,60500
2016-07-07,22.9412841796875,26.709999084472656,26.979999542236328,26.459999084472656,26.850000381469727,66700
2016-07-08,23.147428512573242,26.950000762939453,27.18000030517578,26.90999984741211,26.940000534057617,67800
2016-07-11,23.448040008544922,27.299999237060547,27.520000457763672,26.3700008392334,27.0,119000
2016-07-12,23.834548950195312,27.75,27.829999923706055,27.290000915527344,27.299999237060547,142900
2016-07-13,23.662765502929688,27.549999237060547,27.700000762939453,27.43000030517578,27.700000762939453,148600
2016-07-14,23.920438766479492,27.850000381469727,28.100000381469727,27.760000228881836,27.770000457763672,67600
2016-07-15,23.825958251953125,27.739999771118164,27.899999618530273,27.489999771118164,27.75,59800
2016-07-18,23.808778762817383,27.719999313354492,27.8799991607666,27.670000076293945,27.799999237060547,60700
2016-07-19,23.542518615722656,27.40999984741211,27.75,27.350000381469727,27.670000076293945,104900
2016-07-20,23.42227554321289,27.270000457763672,27.40999984741211,27.1200008392334,27.40999984741211,57700
2016-07-21,23.13883399963379,26.940000534057617,27.309999465942383,26.899999618530273,27.309999465942383,75800
2016-07-22,23.662765502929688,27.549999237060547,27.690000534057617,26.84000015258789,26.8799991607666,105000
2016-07-25,23.405088424682617,27.25,27.579999923706055,27.219999313354492,27.3700008392334,50500
2016-07-26,23.722885131835938,27.6200008392334,27.65999984741211,27.260000228881836,27.270000457763672,54000
2016-07-27,23.740068435668945,27.639999389648438,27.8799991607666,27.56999969482422,27.56999969482422,44300
2016-07-28,24.272584915161133,28.260000228881836,28.389999389648438,27.56999969482422,27.59000015258789,83300
2016-07-29,24.70203971862793,28.760000228881836,29.010000228881836,28.06999969482422,28.06999969482422,108300
2016-08-01,24.71921730041504,28.780000686645508,28.93000030517578,28.559999465942383,28.829999923706055,76500
2016-08-02,24.67626953125,28.729999542236328,28.84000015258789,28.59000015258789,28.760000228881836,90400
2016-08-03,25.320451736450195,29.479999542236328,29.5,28.75,28.75,95600
2016-08-04,25.543760299682617,29.739999771118164,29.8799991607666,29.530000686645508,29.6299991607666,143800
2016-08-05,26.299598693847656,30.6200008392334,30.65999984741211,29.780000686645508,29.780000686645508,99600
2016-08-08,25.767080307006836,30.0,30.719999313354492,29.84000015258789,30.700000762939453,49500
2016-08-09,26.22229766845703,30.530000686645508,30.530000686645508,30.0,30.0,100000
2016-08-10,25.827199935913086,30.06999969482422,30.540000915527344,29.93000030517578,30.540000915527344,93300
2016-08-11,25.724132537841797,29.950000762939453,30.149999618530273,29.829999923706055,30.079999923706055,143100
2016-08-12,25.457876205444336,29.639999389648438,30.299999237060547,29.290000915527344,29.760000228881836,55900
2016-08-15,25.767080307006836,30.0,30.09000015258789,29.440000534057617,29.579999923706055,84200
2016-08-16,25.621061325073242,29.829999923706055,30.1299991607666,29.260000228881836,29.780000686645508,29900
2016-08-17,25.767080307006836,30.0,30.010000228881836,29.68000030517578,29.809999465942383,42800
2016-08-18,25.775667190551758,30.010000228881836,30.09000015258789,29.809999465942383,29.809999465942383,69800
2016-08-19,25.672597885131836,29.889999389648438,30.049999237060547,29.799999237060547,30.0,48800
2016-08-22,25.70694923400879,29.93000030517578,29.93000030517578,29.649999618530273,29.729999542236328,36800
2016-08-23,25.681182861328125,29.899999618530273,30.059999465942383,29.860000610351562,29.860000610351562,62200
2016-08-24,25.758481979370117,29.989999771118164,30.020000457763672,29.8799991607666,29.889999389648438,36300
2016-08-25,26.196531295776367,30.5,30.510000228881836,29.979999542236328,29.989999771118164,79900
2016-08-26,26.170761108398438,30.469999313354492,30.610000610351562,30.1200008392334,30.5,60000
2016-08-29,26.110637664794922,30.399999618530273,30.6299991607666,30.309999465942383,30.40999984741211,39800
2016-08-30,26.411252975463867,30.75,30.90999984741211,30.15999984741211,30.510000228881836,95000
2016-08-31,26.45418930053711,30.799999237060547,31.06999969482422,30.579999923706055,30.84000015258789,90000
2016-09-01,26.677513122558594,31.059999465942383,31.079999923706055,30.309999465942383,30.850000381469727,51200
2016-09-02,26.823528289794922,31.229999542236328,31.25,30.940000534057617,31.040000915527344,49000
2016-09-06,26.634563446044922,31.010000228881836,31.350000381469727,30.860000610351562,31.350000381469727,83500
2016-09-07,27.20144271850586,31.670000076293945,31.719999313354492,30.889999389648438,31.0,139900
2016-09-08,27.270156860351562,31.75,31.780000686645508,31.459999084472656,31.559999465942383,50800
2016-09-09,26.83211326599121,31.239999771118164,31.81999969482422,31.219999313354492,31.489999771118164,55000
2016-09-12,27.02965545654297,31.469999313354492,31.469999313354492,30.940000534057617,31.170000076293945,59400
2016-09-13,26.900379180908203,31.209999084472656,31.3700008392334,30.899999618530273,31.100000381469727,74400
2016-09-14,26.590084075927734,30.850000381469727,31.299999237060547,30.809999465942383,31.200000762939453,32100
2016-09-15,26.51251220703125,30.760000228881836,31.079999923706055,30.649999618530273,30.770000457763672,21100
2016-09-16,26.486656188964844,30.729999542236328,30.899999618530273,30.5,30.860000610351562,92900
2016-09-19,26.55560874938965,30.809999465942383,30.979999542236328,30.59000015258789,30.719999313354492,42000
2016-09-20,26.917613983154297,31.229999542236328,31.299999237060547,30.790000915527344,30.790000915527344,36200
2016-09-21,27.021047592163086,31.350000381469727,31.530000686645508,31.059999465942383,31.31999969482422,37500
2016-09-22,27.42613983154297,31.81999969482422,31.81999969482422,31.350000381469727,31.5,67300
2016-09-23,27.279619216918945,31.649999618530273,31.829999923706055,31.489999771118164,31.829999923706055,54800
2016-09-26,26.89175796508789,31.200000762939453,31.389999389648438,31.190000534057617,31.350000381469727,43000
2016-09-27,26.943471908569336,31.260000228881836,31.549999237060547,30.690000534057617,31.1200008392334,77300
2016-09-28,27.495098114013672,31.899999618530273,31.950000762939453,31.350000381469727,31.3700008392334,54200
2016-09-29,26.865896224975586,31.170000076293945,31.959999084472656,31.139999389648438,31.809999465942383,45200
2016-09-30,26.934856414794922,31.25,31.540000915527344,31.149999618530273,31.31999969482422,145300
2016-10-03,26.719377517700195,31.0,31.3799991607666,30.93000030517578,31.06999969482422,42900
2016-10-04,26.71074867248535,30.989999771118164,31.440000534057617,30.940000534057617,30.959999084472656,65200
2016-10-05,27.322711944580078,31.700000762939453,31.959999084472656,31.170000076293945,31.190000534057617,155300
2016-10-06,27.641618728637695,32.06999969482422,32.099998474121094,31.479999542236328,31.729999542236328,140400
2016-10-07,27.202041625976562,31.559999465942383,32.150001525878906,31.350000381469727,32.0099983215332,81800
2016-10-10,27.25376319885254,31.6200008392334,31.899999618530273,31.59000015258789,31.649999618530273,49000
2016-10-11,27.86572265625,32.33000183105469,32.349998474121094,31.600000381469727,31.81999969482422,87100
2016-10-12,28.227724075317383,32.75,33.369998931884766,32.27000045776367,32.4900016784668,258300
2016-10-13,27.81400489807129,32.27000045776367,32.779998779296875,32.08000183105469,32.779998779296875,113400
2016-10-14,28.270822525024414,32.79999923706055,32.91999816894531,32.41999816894531,32.61000061035156,103300
2016-10-17,28.012248992919922,32.5,32.900001525878906,32.25,32.900001525878906,80900
2016-10-18,27.96915626525879,32.45000076293945,32.70000076293945,32.20000076293945,32.650001525878906,93900
2016-10-19,28.09843635559082,32.599998474121094,33.099998474121094,32.20000076293945,32.400001525878906,153200
2016-10-20,27.92605209350586,32.400001525878906,32.849998474121094,32.29999923706055,32.75,121300
2016-10-21,27.88295555114746,32.349998474121094,32.70000076293945,32.04999923706055,32.25,135900
2016-10-24,28.486299514770508,33.04999923706055,33.349998474121094,32.650001525878906,32.70000076293945,153700
2016-10-25,27.79676628112793,32.25,32.599998474121094,31.649999618530273,32.45000076293945,141900
2016-10-26,28.615591049194336,33.20000076293945,33.5,32.29999923706055,32.29999923706055,127500
2016-10-27,28.917264938354492,33.54999923706055,33.599998474121094,33.25,33.349998474121094,57400
2016-10-28,28.14153289794922,32.650001525878906,33.650001525878906,32.47999954223633,33.650001525878906,91100
2016-10-31,28.529401779174805,33.099998474121094,33.20000076293945,32.54999923706055,32.650001525878906,87300
2016-11-01,28.40011215209961,32.95000076293945,33.349998474121094,32.900001525878906,33.099998474121094,70800
2016-11-02,28.227724075317383,32.75,32.95000076293945,32.25,32.95000076293945,77600
2016-11-03,28.14153289794922,32.650001525878906,32.900001525878906,32.349998474121094,32.70000076293945,82500
2016-11-04,27.79676628112793,32.25,32.95000076293945,32.25,32.650001525878906,66100
2016-11-07,28.701780319213867,33.29999923706055,33.45000076293945,32.45000076293945,32.599998474121094,79400
2016-11-08,28.65868377685547,33.25,33.400001525878906,32.900001525878906,33.29999923706055,60000
2016-11-09,30.03774070739746,34.849998474121094,35.0,33.400001525878906,33.400001525878906,108100
2016-11-10,30.727283477783203,35.650001525878906,36.150001525878906,34.349998474121094,35.04999923706055,148700
2016-11-11,32.0632438659668,37.20000076293945,37.45000076293945,35.599998474121094,35.599998474121094,119100
2016-11-14,32.19253158569336,37.349998474121094,38.54999923706055,36.849998474121094,37.79999923706055,115700
2016-11-15,32.020172119140625,37.150001525878906,37.349998474121094,36.75,36.900001525878906,99700
2016-11-16,32.19253158569336,37.349998474121094,37.79999923706055,36.400001525878906,36.75,210000
2016-11-17,32.32182693481445,37.5,38.0,37.20000076293945,37.349998474121094,112800
2016-11-18,33.65778732299805,39.04999923706055,39.150001525878906,37.4900016784668,37.650001525878906,213600
2016-11-21,32.666587829589844,37.900001525878906,39.099998474121094,37.5,39.04999923706055,133100
2016-11-22,33.48540496826172,38.849998474121094,38.95000076293945,37.54999923706055,37.900001525878906,136300
2016-11-23,33.787078857421875,39.20000076293945,39.29999923706055,38.79999923706055,39.0,66200
2016-11-25,33.787078857421875,39.20000076293945,39.45000076293945,39.0,39.20000076293945,27700
2016-11-28,33.39922332763672,38.75,39.25,38.5,39.25,170300
2016-11-29,33.269920349121094,38.599998474121094,39.099998474121094,38.45000076293945,38.849998474121094,133100
2016-11-30,33.0975456237793,38.400001525878906,39.20000076293945,38.22999954223633,38.95000076293945,72100
2016-12-01,33.44230651855469,38.79999923706055,39.0,37.400001525878906,38.400001525878906,122000
2016-12-02,33.44230651855469,38.79999923706055,38.849998474121094,38.349998474121094,38.79999923706055,76800
2016-12-05,33.9163703918457,39.349998474121094,39.400001525878906,38.849998474121094,39.04999923706055,87800
2016-12-06,34.002567291259766,39.45000076293945,39.849998474121094,38.95000076293945,39.20000076293945,91500
2016-12-07,34.43351745605469,39.95000076293945,40.0,39.25,39.5,74200
2016-12-08,35.46781539916992,41.150001525878906,41.150001525878906,39.95000076293945,40.0,124700
2016-12-09,35.51091384887695,41.20000076293945,41.79999923706055,40.900001525878906,41.29999923706055,108100
2016-12-12,35.166141510009766,40.79999923706055,41.5,40.75,41.20000076293945,62700
2016-12-13,34.785865783691406,40.25,41.04999923706055,40.099998474121094,40.29999923706055,129700
2016-12-14,34.52659606933594,39.95000076293945,40.400001525878906,39.150001525878906,39.79999923706055,124900
2016-12-15,35.347633361816406,40.900001525878906,41.150001525878906,39.849998474121094,40.150001525878906,101200
2016-12-16,34.9587287902832,40.45000076293945,41.04999923706055,39.95000076293945,40.849998474121094,216100
2016-12-19,35.952613830566406,41.599998474121094,41.650001525878906,40.29999923706055,40.29999923706055,75900
2016-12-20,36.384727478027344,42.099998474121094,42.349998474121094,41.650001525878906,41.70000076293945,80600
2016-12-21,36.21188735961914,41.900001525878906,42.150001525878906,41.75,42.099998474121094,52100
2016-12-22,36.514366149902344,42.25,42.45000076293945,41.54999923706055,41.79999923706055,64400
2016-12-23,36.77363586425781,42.54999923706055,42.75,42.0,42.150001525878906,96900
2016-12-27,36.946495056152344,42.75,42.95000076293945,42.099998474121094,42.70000076293945,74900
2016-12-28,37.16254806518555,43.0,43.650001525878906,42.45000076293945,42.849998474121094,129100
2016-12-29,37.37861251831055,43.25,43.29999923706055,42.650001525878906,43.0,101700
2016-12-30,37.16254806518555,43.0,43.400001525878906,42.849998474121094,43.349998474121094,105600
2017-01-03,36.860069274902344,42.650001525878906,43.5,42.349998474121094,43.400001525878906,77300
2017-01-04,37.29218292236328,43.150001525878906,43.150001525878906,42.650001525878906,42.650001525878906,80600
2017-01-05,36.039031982421875,41.70000076293945,43.20000076293945,41.54999923706055,42.95000076293945,68400
2017-01-06,35.434051513671875,41.0,41.95000076293945,40.79999923706055,41.95000076293945,141300
2017-01-09,35.0019416809082,40.5,40.849998474121094,40.29999923706055,40.849998474121094,125200
2017-01-10,35.65011215209961,41.25,41.599998474121094,40.29999923706055,40.45000076293945,202300
2017-01-11,35.26121520996094,40.79999923706055,41.29999923706055,40.54999923706055,41.29999923706055,125600
2017-01-12,34.6994514465332,40.150001525878906,40.650001525878906,39.599998474121094,40.650001525878906,72900
2017-01-13,35.0019416809082,40.5,40.849998474121094,40.29999923706055,40.400001525878906,116600
2017-01-17,33.74878692626953,39.04999923706055,40.5,38.20000076293945,40.099998474121094,161600
2017-01-18,33.791996002197266,39.099998474121094,39.20000076293945,38.650001525878906,39.20000076293945,136100
2017-01-19,33.187015533447266,38.400001525878906,39.150001525878906,38.400001525878906,39.150001525878906,68700
2017-01-20,33.63643264770508,38.91999816894531,39.54999923706055,38.5,38.650001525878906,147000
2017-01-23,33.4030876159668,38.650001525878906,38.95000076293945,38.45000076293945,38.75,90700
2017-01-24,34.39695739746094,39.79999923706055,40.5,38.54999923706055,39.099998474121094,238900
2017-01-25,36.384727478027344,42.099998474121094,42.52000045776367,40.25,40.29999923706055,226600
2017-01-26,36.860069274902344,42.650001525878906,42.75,41.20000076293945,41.900001525878906,119100
2017-01-27,36.73043441772461,42.5,42.95000076293945,42.20000076293945,42.70000076293945,114000
2017-01-30,35.520477294921875,41.099998474121094,42.72999954223633,40.95000076293945,42.04999923706055,80300
2017-01-31,35.995811462402344,41.650001525878906,41.79999923706055,40.599998474121094,40.95000076293945,130900
2017-02-01,35.47726821899414,41.04999923706055,42.20000076293945,41.0,41.900001525878906,96800
2017-02-02,35.434051513671875,41.0,41.25,40.5,40.95000076293945,88800
2017-02-03,36.47114944458008,42.20000076293945,42.25,40.900001525878906,41.45000076293945,148200
2017-02-06,36.384727478027344,42.099998474121094,42.400001525878906,41.72999954223633,42.04999923706055,99400
2017-02-07,36.384727478027344,42.099998474121094,42.20000076293945,41.849998474121094,42.04999923706055,98800
2017-02-08,35.952613830566406,41.599998474121094,41.900001525878906,40.849998474121094,41.900001525878906,111500
2017-02-09,36.427947998046875,42.150001525878906,42.45000076293945,41.75,41.75,81600
2017-02-10,37.11933898925781,42.95000076293945,42.95000076293945,42.22999954223633,42.29999923706055,89400
2017-02-13,37.55146408081055,43.45000076293945,43.79999923706055,42.599998474121094,43.0,125500
2017-02-14,38.588558197021484,44.650001525878906,44.79999923706055,43.0,43.650001525878906,115600
2017-02-15,39.15030288696289,45.29999923706055,46.20000076293945,44.2599983215332,45.0,129300
2017-02-16,39.668861389160156,45.900001525878906,45.95000076293945,45.20000076293945,45.349998474121094,161400
2017-02-17,39.36636734008789,45.54999923706055,46.04999923706055,45.5,45.900001525878906,191900
2017-02-21,39.53922653198242,45.75,45.95000076293945,45.349998474121094,45.650001525878906,124800
2017-02-22,39.79849624633789,46.04999923706055,46.20000076293945,45.099998474121094,45.400001525878906,97600
2017-02-23,39.49602127075195,45.70000076293945,46.25,44.72999954223633,46.25,137100
2017-02-24,39.10710525512695,45.25,45.86000061035156,45.04999923706055,45.099998474121094,113800
2017-02-27,38.718196868896484,44.79999923706055,45.529998779296875,44.70000076293945,45.25,132600
2017-02-28,37.98358917236328,43.95000076293945,44.650001525878906,43.599998474121094,44.599998474121094,142100
2017-03-01,39.19352722167969,45.349998474121094,45.5,44.70000076293945,44.79999923706055,109700
2017-03-02,38.113216400146484,44.099998474121094,45.25,44.0,45.25,62100
2017-03-03,38.113216400146484,44.099998474121094,44.650001525878906,42.0,44.0,70400
2017-03-06,38.156436920166016,44.150001525878906,44.29999923706055,43.099998474121094,43.95000076293945,69700
2017-03-07,38.242855072021484,44.25,44.5,43.599998474121094,44.0,99700
2017-03-08,37.68108367919922,43.599998474121094,44.880001068115234,43.54999923706055,44.5,71600
2017-03-09,37.37861251831055,43.25,44.150001525878906,43.20000076293945,43.650001525878906,47300
2017-03-10,37.29218292236328,43.150001525878906,43.70000076293945,42.75,43.599998474121094,83400
2017-03-13,37.950687408447266,43.79999923706055,44.20000076293945,42.900001525878906,42.900001525878906,98200
2017-03-14,37.90737533569336,43.75,43.849998474121094,42.650001525878906,43.70000076293945,86200
2017-03-15,37.82072067260742,43.650001525878906,44.25,43.5,43.95000076293945,83900
2017-03-16,37.950687408447266,43.79999923706055,44.099998474121094,43.5,43.900001525878906,78200
2017-03-17,37.90737533569336,43.75,44.150001525878906,43.20000076293945,43.650001525878906,252000
2017-03-20,37.300846099853516,43.04999923706055,43.75,42.79999923706055,43.5,122100
2017-03-21,34.831459045410156,40.20000076293945,43.0,40.150001525878906,43.0,170700
2017-03-22,34.744808197021484,40.099998474121094,40.95000076293945,39.650001525878906,40.400001525878906,138000
2017-03-23,35.004756927490234,40.400001525878906,41.0,39.900001525878906,40.04999923706055,91400
2017-03-24,34.9181022644043,40.29999923706055,40.91999816894531,39.95000076293945,40.70000076293945,60100
2017-03-27,35.13471603393555,40.54999923706055,40.75,39.02000045776367,39.5,175300
2017-03-28,35.61125946044922,41.099998474121094,41.29999923706055,40.04999923706055,40.150001525878906,180000
2017-03-29,35.56793212890625,41.04999923706055,41.5,40.70000076293945,41.04999923706055,132200
2017-03-30,37.04091262817383,42.75,42.75,41.099998474121094,41.099998474121094,156600
2017-03-31,36.73765182495117,42.400001525878906,43.0,42.349998474121094,42.75,355300
2017-04-03,36.78098678588867,42.45000076293945,42.70000076293945,41.849998474121094,42.25,234600
2017-04-04,36.607688903808594,42.25,42.45000076293945,41.79999923706055,42.25,195100
2017-04-05,36.65101623535156,42.29999923706055,43.0,42.20000076293945,42.650001525878906,281400
2017-04-06,36.564361572265625,42.20000076293945,42.45000076293945,41.459999084472656,42.349998474121094,143100
2017-04-07,36.21778869628906,41.79999923706055,42.5,41.599998474121094,41.95000076293945,242100
2017-04-10,35.957847595214844,41.5,42.900001525878906,41.04999923706055,41.95000076293945,122100
2017-04-11,36.39107894897461,42.0,42.04999923706055,41.20000076293945,41.29999923706055,148300
2017-04-12,35.74123001098633,41.25,42.0,41.0,42.0,68000
2017-04-13,34.744808197021484,40.099998474121094,41.099998474121094,40.029998779296875,41.04999923706055,140600
2017-04-17,35.394657135009766,40.849998474121094,40.900001525878906,39.900001525878906,40.099998474121094,100100
2017-04-18,35.481300354003906,40.95000076293945,41.099998474121094,40.20000076293945,40.54999923706055,83300
2017-04-19,36.044490814208984,41.599998474121094,41.849998474121094,41.150001525878906,41.150001525878906,173000
2017-04-20,36.95427322387695,42.650001525878906,42.650001525878906,41.75,41.95000076293945,104000
2017-04-21,36.73765182495117,42.400001525878906,42.650001525878906,42.0,42.5,155300
2017-04-24,37.73406982421875,43.54999923706055,44.400001525878906,42.83000183105469,43.0,154800
2017-04-25,37.34416961669922,43.099998474121094,45.349998474121094,43.04999923706055,43.599998474121094,148600
2017-04-26,38.21062469482422,44.099998474121094,44.599998474121094,42.849998474121094,42.849998474121094,142500
2017-04-27,37.77738571166992,43.599998474121094,44.349998474121094,43.099998474121094,44.04999923706055,89700
2017-04-28,36.607688903808594,42.25,43.75,42.150001525878906,43.599998474121094,102900
2017-05-01,36.86761474609375,42.54999923706055,43.45000076293945,41.75,42.45000076293945,104400
2017-05-02,36.564361572265625,42.20000076293945,43.04999923706055,41.75,42.70000076293945,127700
2017-05-03,36.607688903808594,42.25,42.400001525878906,41.900001525878906,41.900001525878906,102300
2017-05-04,36.78098678588867,42.45000076293945,42.95000076293945,42.400001525878906,42.5,80800
2017-05-05,36.95427322387695,42.650001525878906,42.95000076293945,41.849998474121094,42.70000076293945,99600
2017-05-08,37.17089080810547,42.900001525878906,42.95000076293945,42.349998474121094,42.400001525878906,67900
2017-05-09,37.08424377441406,42.79999923706055,43.25,42.4900016784668,43.0,151700
2017-05-10,37.08424377441406,42.79999923706055,42.900001525878906,42.400001525878906,42.75,103800
2017-05-11,36.86761474609375,42.54999923706055,43.0,42.45000076293945,42.45000076293945,107000
2017-05-12,36.43439865112305,42.04999923706055,42.599998474121094,41.900001525878906,42.349998474121094,109900
2017-05-15,36.95427322387695,42.650001525878906,42.70000076293945,41.95000076293945,42.25,94300
2017-05-16,36.694332122802734,42.349998474121094,42.75,42.04999923706055,42.650001525878906,63300
2017-05-17,35.04808044433594,40.45000076293945,41.79999923706055,40.20000076293945,41.75,83600
2017-05-18,35.22136688232422,40.650001525878906,41.099998474121094,40.25,40.25,88100
2017-05-19,35.394657135009766,40.849998474121094,41.099998474121094,40.54999923706055,40.70000076293945,95600
2017-05-22,35.481300354003906,40.95000076293945,41.0,40.400001525878906,40.900001525878906,69000
2017-05-23,35.87120056152344,41.400001525878906,41.650001525878906,40.25,40.95000076293945,65900
2017-05-24,35.61125946044922,41.099998474121094,41.5,40.75,41.5,69500
2017-05-25,35.61125946044922,41.099998474121094,41.29999923706055,40.650001525878906,41.099998474121094,64600
2017-05-26,35.56793212890625,41.04999923706055,41.099998474121094,40.45000076293945,41.099998474121094,66100
2017-05-30,35.04808044433594,40.45000076293945,40.95000076293945,39.95000076293945,40.849998474121094,80400
2017-05-31,34.744808197021484,40.099998474121094,40.599998474121094,39.650001525878906,40.599998474121094,107500
2017-06-01,35.22136688232422,40.650001525878906,40.70000076293945,39.650001525878906,40.20000076293945,88400
2017-06-02,35.13471603393555,40.54999923706055,41.29999923706055,40.41999816894531,40.45000076293945,145400
2017-06-05,34.571529388427734,39.900001525878906,40.529998779296875,39.849998474121094,40.25,154900
2017-06-06,34.05165481567383,39.29999923706055,39.75,39.099998474121094,39.599998474121094,90700
2017-06-07,34.96141815185547,40.349998474121094,40.529998779296875,39.349998474121094,39.349998474121094,124800
2017-06-08,36.00117111206055,41.54999923706055,42.29999923706055,40.380001068115234,40.400001525878906,131100
2017-06-09,37.430816650390625,43.20000076293945,43.599998474121094,41.70000076293945,41.70000076293945,183100
2017-06-12,37.300846099853516,43.04999923706055,44.0,42.599998474121094,43.25,122800
2017-06-13,36.70146560668945,42.25,43.20000076293945,41.95000076293945,43.20000076293945,194800
2017-06-14,36.65802764892578,42.20000076293945,42.349998474121094,41.349998474121094,41.900001525878906,120700
2017-06-15,36.26712417602539,41.75,42.349998474121094,41.45000076293945,41.79999923706055,121500
2017-06-16,35.702484130859375,41.099998474121094,41.70000076293945,40.79999923706055,41.45000076293945,640100
2017-06-19,36.006534576416016,41.45000076293945,42.0,41.0,41.20000076293945,128600
2017-06-20,35.702484130859375,41.099998474121094,41.25,40.79999923706055,41.25,140500
2017-06-21,35.2247200012207,40.54999923706055,41.25,40.5,41.25,95200
2017-06-22,34.83381271362305,40.099998474121094,40.70000076293945,39.70000076293945,40.5,90100
2017-06-23,34.703521728515625,39.95000076293945,40.40999984741211,39.900001525878906,40.29999923706055,288100
2017-06-26,34.7469482421875,40.0,40.400001525878906,39.290000915527344,39.70000076293945,165700
2017-06-27,34.920684814453125,40.20000076293945,40.54999923706055,39.97999954223633,40.150001525878906,109600
2017-06-28,35.57219314575195,40.95000076293945,41.25,40.349998474121094,40.45000076293945,144700
2017-06-29,35.789363861083984,41.20000076293945,41.630001068115234,41.0,41.25,219300
2017-06-30,35.44188690185547,40.79999923706055,41.349998474121094,40.70000076293945,41.349998474121094,142000
2017-07-03,36.614601135253906,42.150001525878906,42.29999923706055,40.54999923706055,40.95000076293945,95600
2017-07-05,36.39744186401367,41.900001525878906,42.150001525878906,41.45000076293945,42.099998474121094,116700
2017-07-06,35.74592590332031,41.150001525878906,42.04999923706055,41.04999923706055,41.79999923706055,99900
2017-07-07,36.18026351928711,41.650001525878906,41.75,40.900001525878906,41.45000076293945,101700
2017-07-10,35.702484130859375,41.099998474121094,41.65999984741211,40.95000076293945,41.650001525878906,131300
2017-07-11,35.2247200012207,40.54999923706055,41.20000076293945,40.29999923706055,41.20000076293945,99300
2017-07-12,35.52876281738281,40.900001525878906,41.099998474121094,40.5,40.54999923706055,89500
2017-07-13,35.31159591674805,40.650001525878906,40.95000076293945,40.400001525878906,40.95000076293945,51500
2017-07-14,35.18129348754883,40.5,40.79999923706055,40.099998474121094,40.29999923706055,78000
2017-07-17,35.00755310058594,40.29999923706055,40.5,40.0,40.400001525878906,176000
2017-07-18,35.00755310058594,40.29999923706055,40.5,39.900001525878906,40.099998474121094,145500
2017-07-19,35.09442901611328,40.400001525878906,40.79999923706055,40.150001525878906,40.349998474121094,97000
2017-07-20,35.268150329589844,40.599998474121094,40.849998474121094,40.099998474121094,40.45000076293945,62000
2017-07-21,34.964115142822266,40.25,41.150001525878906,40.150001525878906,41.150001525878906,93300
2017-07-24,35.35501480102539,40.70000076293945,40.75,40.20000076293945,40.65999984741211,81000
2017-07-25,34.79039001464844,40.04999923706055,40.900001525878906,39.79999923706055,39.79999923706055,200600
2017-07-26,34.39949035644531,39.599998474121094,40.150001525878906,39.599998474121094,40.0,133500
2017-07-27,34.57320785522461,39.79999923706055,40.0,39.5,39.79999923706055,163300
2017-07-28,34.312618255615234,39.5,39.95000076293945,39.45000076293945,39.75,144600
2017-07-31,34.35605239868164,39.54999923706055,39.849998474121094,39.47999954223633,39.75,131800
2017-08-01,34.48634719848633,39.70000076293945,39.849998474121094,39.20000076293945,39.75,197800
2017-08-02,34.52977752685547,39.75,40.0,39.47999954223633,39.599998474121094,182800
2017-08-03,34.35605239868164,39.54999923706055,40.0,39.45000076293945,39.650001525878906,128700
2017-08-04,34.39949035644531,39.599998474121094,39.95000076293945,39.5,39.75,48600
2017-08-07,34.22574234008789,39.400001525878906,39.849998474121094,39.400001525878906,39.599998474121094,149700
2017-08-08,34.39949035644531,39.599998474121094,40.349998474121094,39.29999923706055,39.29999923706055,91900
2017-08-09,33.96515655517578,39.099998474121094,39.54999923706055,39.0,39.25,175400
2017-08-10,33.400508880615234,38.45000076293945,38.75,38.349998474121094,38.75,143100
2017-08-11,32.9661750793457,37.95000076293945,38.599998474121094,37.70000076293945,38.54999923706055,217400
2017-08-14,33.617679595947266,38.70000076293945,38.79999923706055,38.099998474121094,38.45000076293945,177900
2017-08-15,33.22676467895508,38.25,39.04999923706055,38.20000076293945,39.0,89300
2017-08-16,33.09647750854492,38.099998474121094,38.45000076293945,38.0,38.29999923706055,83300
2017-08-17,33.05303955078125,38.04999923706055,38.849998474121094,38.0,38.0,211600
2017-08-18,33.13991928100586,38.150001525878906,38.380001068115234,37.849998474121094,37.849998474121094,180400
2017-08-21,33.09647750854492,38.099998474121094,38.29999923706055,37.95000076293945,38.0,123000
2017-08-22,33.35707092285156,38.400001525878906,38.5,38.25,38.400001525878906,77100
2017-08-23,33.31364440917969,38.349998474121094,38.79999923706055,37.95000076293945,37.95000076293945,71900
2017-08-24,33.270198822021484,38.29999923706055,38.650001525878906,38.04999923706055,38.650001525878906,110400
2017-08-25,33.400508880615234,38.45000076293945,38.650001525878906,38.099998474121094,38.54999923706055,79200
2017-08-28,33.13991928100586,38.150001525878906,38.599998474121094,37.95000076293945,38.599998474121094,45700
2017-08-29,33.05303955078125,38.04999923706055,38.349998474121094,37.650001525878906,37.650001525878906,57200
2017-08-30,33.13991928100586,38.150001525878906,38.349998474121094,38.0,38.04999923706055,34100
2017-08-31,33.1833381652832,38.20000076293945,38.54999923706055,38.08000183105469,38.25,57000
2017-09-01,33.31364440917969,38.349998474121094,38.54999923706055,38.20000076293945,38.349998474121094,42200
2017-09-05,32.531837463378906,37.45000076293945,38.29999923706055,37.400001525878906,38.150001525878906,133300
2017-09-06,32.83586502075195,37.79999923706055,38.25,37.5,37.5,138700
2017-09-07,31.92375946044922,36.75,37.70000076293945,36.650001525878906,37.650001525878906,118100
2017-09-08,32.31466293334961,37.20000076293945,37.5,36.650001525878906,36.650001525878906,137900
2017-09-11,33.35707092285156,38.400001525878906,38.45000076293945,37.5,37.5,93000
2017-09-12,33.96515655517578,39.099998474121094,39.150001525878906,38.400001525878906,38.400001525878906,116100
2017-09-13,34.00857162475586,39.150001525878906,39.25,38.900001525878906,39.04999923706055,56900
2017-09-14,33.886627197265625,38.900001525878906,39.29999923706055,38.70000076293945,39.0,72400
2017-09-15,34.10441589355469,39.150001525878906,39.400001525878906,38.900001525878906,38.95000076293945,249500
2017-09-18,34.67062759399414,39.79999923706055,40.099998474121094,39.25,39.25,105200
2017-09-19,34.88841247558594,40.04999923706055,40.20000076293945,39.650001525878906,39.79999923706055,100200
2017-09-20,35.32396697998047,40.54999923706055,40.95000076293945,39.79999923706055,39.95000076293945,95800
2017-09-21,35.45464324951172,40.70000076293945,41.099998474121094,40.400001525878906,40.400001525878906,87700
2017-09-22,35.41108703613281,40.650001525878906,40.880001068115234,40.5,40.70000076293945,65700
2017-09-25,35.36752700805664,40.599998474121094,40.95000076293945,40.45000076293945,40.45000076293945,44100
2017-09-26,35.80308151245117,41.099998474121094,41.349998474121094,40.70000076293945,40.849998474121094,102100
2017-09-27,36.84843444824219,42.29999923706055,42.650001525878906,41.400001525878906,41.599998474121094,128100
2017-09-28,36.97910690307617,42.45000076293945,42.599998474121094,41.900001525878906,42.25,88700
2017-09-29,36.891990661621094,42.349998474121094,42.70000076293945,42.29999923706055,42.5,93200
2017-10-02,37.1968879699707,42.70000076293945,42.75,42.0,42.400001525878906,95300
2017-10-03,37.1968879699707,42.70000076293945,42.79999923706055,42.20000076293945,42.75,88700
2017-10-04,36.891990661621094,42.349998474121094,43.04999923706055,42.20000076293945,42.650001525878906,90500
2017-10-05,37.1968879699707,42.70000076293945,43.04999923706055,42.5,42.5,57900
2017-10-06,37.32754898071289,42.849998474121094,43.279998779296875,42.599998474121094,42.849998474121094,82800
2017-10-09,37.15333557128906,42.650001525878906,43.04999923706055,42.599998474121094,42.849998474121094,80900
2017-10-10,37.763099670410156,43.349998474121094,43.400001525878906,42.70000076293945,42.849998474121094,53300
2017-10-11,37.67599105834961,43.25,43.650001525878906,42.900001525878906,43.20000076293945,57100
2017-10-12,37.283992767333984,42.79999923706055,43.349998474121094,42.599998474121094,43.20000076293945,55100
2017-10-13,37.15333557128906,42.650001525878906,42.95000076293945,42.20000076293945,42.599998474121094,50700
2017-10-16,37.45820999145508,43.0,43.400001525878906,42.599998474121094,42.70000076293945,81000
2017-10-17,37.02265930175781,42.5,43.25,42.29999923706055,43.25,53900
2017-10-18,37.37110900878906,42.900001525878906,43.349998474121094,42.650001525878906,42.70000076293945,38600
2017-10-19,37.50176239013672,43.04999923706055,43.20000076293945,42.5,42.70000076293945,43200
2017-10-20,37.63243865966797,43.20000076293945,43.70000076293945,42.849998474121094,43.29999923706055,68000
2017-10-23,37.41466522216797,42.95000076293945,43.900001525878906,42.70000076293945,43.5,42300
2017-10-24,37.67599105834961,43.25,43.599998474121094,42.349998474121094,42.70000076293945,98400
2017-10-25,38.677791595458984,44.400001525878906,44.400001525878906,43.599998474121094,43.75,202800
2017-10-26,38.98268127441406,44.75,44.900001525878906,44.349998474121094,44.5,98400
2017-10-27,38.93913269042969,44.70000076293945,45.0,44.0,44.29999923706055,77800
2017-10-30,37.850223541259766,43.45000076293945,44.79999923706055,43.25,44.650001525878906,92500
2017-10-31,37.98088836669922,43.599998474121094,44.20000076293945,43.349998474121094,43.5,82300
2017-11-01,38.024452209472656,43.650001525878906,44.29999923706055,43.04999923706055,44.04999923706055,84000
2017-11-02,38.54711151123047,44.25,44.400001525878906,43.0,43.70000076293945,51900
2017-11-03,38.024452209472656,43.650001525878906,44.45000076293945,43.04999923706055,44.25,98500
2017-11-06,37.98088836669922,43.599998474121094,43.900001525878906,43.29999923706055,43.70000076293945,110300
2017-11-07,36.891990661621094,42.349998474121094,43.75,42.150001525878906,43.599998474121094,90900
2017-11-08,36.674198150634766,42.099998474121094,42.20000076293945,41.45000076293945,42.04999923706055,74000
2017-11-09,36.58709716796875,42.0,42.27000045776367,41.650001525878906,41.900001525878906,120200
2017-11-10,36.80487823486328,42.25,42.54999923706055,41.849998474121094,41.95000076293945,43500
2017-11-13,37.240440368652344,42.75,42.849998474121094,41.849998474121094,41.849998474121094,29200
2017-11-14,37.37110900878906,42.900001525878906,43.0,42.349998474121094,42.349998474121094,25700
2017-11-15,37.37110900878906,42.900001525878906,43.400001525878906,42.45000076293945,42.5,53000
2017-11-16,37.45820999145508,43.0,43.900001525878906,42.599998474121094,43.25,58900
2017-11-17,37.67599105834961,43.25,43.349998474121094,42.54999923706055,42.70000076293945,29400
2017-11-20,37.893775939941406,43.5,43.75,43.04999923706055,43.400001525878906,68800
2017-11-21,38.32933044433594,44.0,44.150001525878906,43.54999923706055,43.79999923706055,64700
2017-11-22,38.15511703491211,43.79999923706055,44.599998474121094,43.75,44.099998474121094,67800
2017-11-24,37.63243865966797,43.20000076293945,44.04999923706055,43.04999923706055,44.04999923706055,44000
2017-11-27,37.893775939941406,43.5,43.900001525878906,43.04999923706055,43.04999923706055,63500
2017-11-28,38.98268127441406,44.75,44.849998474121094,43.5,43.599998474121094,89800
2017-11-29,39.98447799682617,45.900001525878906,46.04999923706055,44.79999923706055,44.900001525878906,146000
2017-11-30,39.41824722290039,45.25,46.25,44.79999923706055,46.25,138900
2017-12-01,39.06978988647461,44.849998474121094,45.20000076293945,43.29999923706055,45.099998474121094,92600
2017-12-04,39.46179962158203,45.29999923706055,46.25,45.0,45.599998474121094,66200
2017-12-05,38.764896392822266,44.5,45.400001525878906,41.70000076293945,45.400001525878906,90900
2017-12-06,38.590667724609375,44.29999923706055,44.95000076293945,44.25,44.54999923706055,93600
2017-12-07,39.11334228515625,44.900001525878906,45.099998474121094,44.0,44.349998474121094,95500
2017-12-08,38.63422393798828,44.349998474121094,45.150001525878906,44.099998474121094,45.150001525878906,62300
2017-12-11,38.24223709106445,43.900001525878906,44.45000076293945,43.54999923706055,44.29999923706055,55100
2017-12-12,38.54711151123047,44.25,44.5,43.900001525878906,44.0,61000
2017-12-13,38.198673248291016,43.849998474121094,44.54999923706055,43.599998474121094,44.29999923706055,119900
2017-12-14,37.85806655883789,43.349998474121094,44.25,42.75,43.900001525878906,80600
2017-12-15,38.862388610839844,44.5,45.150001525878906,43.349998474121094,43.349998474121094,401500
2017-12-18,39.604705810546875,45.349998474121094,45.70000076293945,44.25,44.95000076293945,66400
2017-12-19,39.03705978393555,44.70000076293945,45.45000076293945,44.349998474121094,45.349998474121094,85000
2017-12-20,39.29904556274414,45.0,45.400001525878906,44.599998474121094,45.099998474121094,115500
2017-12-21,39.7357063293457,45.5,45.79999923706055,45.0,45.349998474121094,118000
2017-12-22,39.4300422668457,45.150001525878906,45.70000076293945,45.04999923706055,45.5,88000
2017-12-26,39.7357063293457,45.5,45.849998474121094,44.849998474121094,45.20000076293945,130900
2017-12-27,39.561038970947266,45.29999923706055,45.75,45.150001525878906,45.5,166300
2017-12-28,39.69203567504883,45.45000076293945,45.70000076293945,45.20000076293945,45.54999923706055,183500
2017-12-29,39.4300422668457,45.150001525878906,45.70000076293945,45.150001525878906,45.650001525878906,170500
2018-01-02,39.38637161254883,45.099998474121094,46.529998779296875,44.849998474121094,45.54999923706055,209600
2018-01-03,39.561038970947266,45.29999923706055,45.29999923706055,44.75,45.099998474121094,100500
2018-01-04,39.51737976074219,45.25,46.0,45.099998474121094,45.45000076293945,77100
2018-01-05,39.69203567504883,45.45000076293945,45.70000076293945,45.04999923706055,45.54999923706055,118600
2018-01-08,39.561038970947266,45.29999923706055,45.5,44.20000076293945,45.29999923706055,114800
2018-01-09,39.95403289794922,45.75,45.95000076293945,45.25,45.349998474121094,220200
2018-01-10,40.652679443359375,46.54999923706055,46.75,45.279998779296875,45.599998474121094,193100
2018-01-11,41.08933639526367,47.04999923706055,47.04999923706055,46.349998474121094,46.599998474121094,165900
2018-01-12,41.26399612426758,47.25,47.599998474121094,46.75,47.150001525878906,96200
2018-01-16,41.13300323486328,47.099998474121094,47.900001525878906,43.599998474121094,47.20000076293945,151900
2018-01-17,41.78799057006836,47.849998474121094,47.900001525878906,46.95000076293945,47.25,175800
2018-01-18,41.56964874267578,47.599998474121094,47.900001525878906,42.959999084472656,47.79999923706055,85700
2018-01-19,41.683189392089844,47.72999954223633,47.849998474121094,47.45000076293945,47.5,110100
2018-01-22,41.6569938659668,47.70000076293945,48.0,47.08000183105469,47.849998474121094,100400
2018-01-23,42.09364700317383,48.20000076293945,49.68000030517578,45.650001525878906,48.0,255600
2018-01-24,42.92329025268555,49.150001525878906,49.400001525878906,47.400001525878906,48.20000076293945,217700
2018-01-25,42.57395935058594,48.75,49.349998474121094,48.25,49.349998474121094,225700
2018-01-26,42.530296325683594,48.70000076293945,49.0,48.45000076293945,49.0,88600
2018-01-29,42.87962341308594,49.099998474121094,49.5,48.75,48.75,118500
2018-01-30,42.74863815307617,48.95000076293945,49.25,48.650001525878906,48.79999923706055,86400
2018-01-31,42.48663330078125,48.650001525878906,49.099998474121094,48.599998474121094,49.099998474121094,112900
2018-02-01,42.92329025268555,49.150001525878906,49.20000076293945,48.400001525878906,48.45000076293945,125700
2018-02-02,42.3993034362793,48.54999923706055,49.400001525878906,48.45000076293945,49.0,98300
2018-02-05,41.482322692871094,47.5,49.0,47.45000076293945,48.04999923706055,217300
2018-02-06,41.700653076171875,47.75,47.849998474121094,44.11000061035156,46.70000076293945,246700
2018-02-07,41.56964874267578,47.599998474121094,47.95000076293945,42.900001525878906,47.70000076293945,88800
2018-02-08,40.56535720825195,46.45000076293945,47.900001525878906,46.45000076293945,47.70000076293945,78200
2018-02-09,41.08933639526367,47.04999923706055,47.5,46.099998474121094,46.95000076293945,182100
2018-02-12,40.78367614746094,46.70000076293945,47.45000076293945,45.54999923706055,47.150001525878906,127100
2018-02-13,41.17666244506836,47.150001525878906,47.43000030517578,46.45000076293945,46.45000076293945,83200
2018-02-14,41.91897964477539,48.0,48.20000076293945,46.849998474121094,46.849998474121094,109600
2018-02-15,41.74432373046875,47.79999923706055,48.400001525878906,47.45000076293945,48.150001525878906,85500
2018-02-16,42.00631332397461,48.099998474121094,48.349998474121094,47.599998474121094,47.599998474121094,59600
2018-02-20,41.394996643066406,47.400001525878906,48.349998474121094,47.25,47.849998474121094,78800
2018-02-21,41.831661224365234,47.900001525878906,48.45000076293945,47.349998474121094,47.54999923706055,77200
2018-02-22,41.26399612426758,47.25,48.0,47.0,48.0,130400
2018-02-23,41.78799057006836,47.849998474121094,47.900001525878906,47.04999923706055,47.45000076293945,86800
2018-02-26,42.00631332397461,48.099998474121094,48.20000076293945,47.75,47.849998474121094,65200
2018-02-27,41.394996643066406,47.400001525878906,48.68000030517578,47.349998474121094,48.150001525878906,112400
2018-02-28,40.914676666259766,46.849998474121094,48.0,46.75,47.54999923706055,167500
2018-03-01,41.17666244506836,47.150001525878906,47.54999923706055,46.75,46.79999923706055,141600
2018-03-02,41.78799057006836,47.849998474121094,48.04999923706055,46.68000030517578,46.95000076293945,96800
2018-03-05,42.268306732177734,48.400001525878906,48.650001525878906,47.25,47.650001525878906,93600
2018-03-06,42.70496368408203,48.900001525878906,49.0,48.0,48.54999923706055,89700
2018-03-07,42.792301177978516,49.0,49.25,48.400001525878906,48.54999923706055,89200
2018-03-08,42.3993034362793,48.54999923706055,49.20000076293945,48.29999923706055,49.099998474121094,95600
2018-03-09,43.316287994384766,49.599998474121094,49.70000076293945,48.650001525878906,48.79999923706055,85500
2018-03-12,43.316287994384766,49.599998474121094,49.849998474121094,49.400001525878906,49.599998474121094,103800
2018-03-13,43.27260971069336,49.54999923706055,49.970001220703125,48.630001068115234,49.849998474121094,96400
2018-03-14,42.71245574951172,48.79999923706055,49.70000076293945,46.70000076293945,49.70000076293945,83700
2018-03-15,43.0187873840332,49.150001525878906,49.25,48.45000076293945,48.79999923706055,88800
2018-03-16,43.150089263916016,49.29999923706055,49.70000076293945,48.849998474121094,49.099998474121094,258200
2018-03-19,43.19384765625,49.349998474121094,49.650001525878906,48.58000183105469,49.150001525878906,50800
2018-03-20,43.06256103515625,49.20000076293945,49.900001525878906,49.099998474121094,49.45000076293945,45500
2018-03-21,43.06256103515625,49.20000076293945,49.79999923706055,48.79999923706055,49.150001525878906,79400
2018-03-22,41.79343795776367,47.75,49.0,47.70000076293945,48.849998474121094,109100
2018-03-23,40.480552673339844,46.25,47.900001525878906,46.099998474121094,47.900001525878906,159600
2018-03-26,41.48709487915039,47.400001525878906,47.54999923706055,46.5,47.150001525878906,101600
2018-03-27,40.91817855834961,46.75,47.650001525878906,46.599998474121094,47.45000076293945,63400
2018-03-28,41.093223571777344,46.95000076293945,47.25,46.54999923706055,46.849998474121094,104500
2018-03-29,41.04946517944336,46.900001525878906,47.54999923706055,46.849998474121094,47.150001525878906,173600
2018-04-02,40.61184310913086,46.400001525878906,47.349998474121094,45.849998474121094,46.900001525878906,80800
2018-04-03,41.312034606933594,47.20000076293945,47.20000076293945,46.349998474121094,46.599998474121094,117100
2018-04-04,41.48709487915039,47.400001525878906,47.650001525878906,46.75,46.75,88900
2018-04-05,41.968482971191406,47.95000076293945,48.25,47.25,47.79999923706055,111600
2018-04-06,40.96194839477539,46.79999923706055,47.95000076293945,46.25,47.650001525878906,96600
2018-04-09,41.04946517944336,46.900001525878906,47.75,46.849998474121094,47.099998474121094,57000
2018-04-10,41.355804443359375,47.25,47.54999923706055,46.900001525878906,47.29999923706055,92600
2018-04-11,41.268287658691406,47.150001525878906,47.54999923706055,46.779998779296875,47.150001525878906,49300
2018-04-12,41.88096237182617,47.849998474121094,48.25,47.400001525878906,47.400001525878906,38000
2018-04-13,41.48709487915039,47.400001525878906,48.70000076293945,47.20000076293945,48.25,76600
2018-04-16,41.88096237182617,47.849998474121094,48.0,47.349998474121094,47.54999923706055,86100
2018-04-17,42.05601501464844,48.04999923706055,48.54999923706055,47.599998474121094,48.29999923706055,138100
2018-04-18,41.574623107910156,47.5,48.400001525878906,47.5,48.099998474121094,60200
2018-04-19,42.05601501464844,48.04999923706055,48.349998474121094,47.54999923706055,47.54999923706055,113800
2018-04-20,42.318580627441406,48.349998474121094,48.79999923706055,48.0,48.0,66500
2018-04-23,42.62491989135742,48.70000076293945,48.79999923706055,48.45000076293945,48.54999923706055,38500
2018-04-24,43.543949127197266,49.75,49.849998474121094,48.20000076293945,48.70000076293945,114400
2018-04-25,44.33168029785156,50.650001525878906,50.849998474121094,49.5,50.0,176300
2018-04-26,44.50672912597656,50.849998474121094,51.130001068115234,50.099998474121094,50.70000076293945,175000
2018-04-27,44.50672912597656,50.849998474121094,51.08000183105469,50.5,51.0,123200
2018-04-30,44.50672912597656,50.849998474121094,51.25,50.54999923706055,51.0,233800
2018-05-01,44.63800811767578,51.0,51.5,50.20000076293945,50.849998474121094,186000
2018-05-02,44.90058898925781,51.29999923706055,51.54999923706055,50.70000076293945,51.0,118400
2018-05-03,44.9443473815918,51.349998474121094,51.45000076293945,50.650001525878906,51.20000076293945,195100
2018-05-04,45.338218688964844,51.79999923706055,52.25,50.900001525878906,51.099998474121094,126000
2018-05-07,45.469512939453125,51.95000076293945,52.20000076293945,51.599998474121094,51.900001525878906,113900
2018-05-08,45.55702590942383,52.04999923706055,52.20000076293945,51.79999923706055,52.0,100000
2018-05-09,46.082183837890625,52.650001525878906,53.0,52.0,52.25,88400
2018-05-10,46.43228530883789,53.04999923706055,53.25,52.5,52.650001525878906,180700
2018-05-11,46.56357192993164,53.20000076293945,53.45000076293945,53.029998779296875,53.04999923706055,109500
2018-05-14,46.476051330566406,53.099998474121094,53.349998474121094,52.849998474121094,53.20000076293945,139800
2018-05-15,46.694862365722656,53.349998474121094,53.70000076293945,52.95000076293945,52.95000076293945,91600
2018-05-16,47.13249588012695,53.849998474121094,54.099998474121094,53.20000076293945,53.5,101700
2018-05-17,47.351295471191406,54.099998474121094,54.400001525878906,53.599998474121094,53.900001525878906,81100
2018-05-18,47.43882751464844,54.20000076293945,54.349998474121094,53.900001525878906,54.349998474121094,80600
2018-05-21,47.963985443115234,54.79999923706055,55.0,54.29999923706055,54.29999923706055,83700
2018-05-22,48.05150604248047,54.900001525878906,55.349998474121094,54.630001068115234,54.900001525878906,111300
2018-05-23,47.920223236083984,54.75,55.0,54.400001525878906,54.75,112900
2018-05-24,47.70140838623047,54.5,54.75,53.70000076293945,54.75,83900
2018-05-25,47.613887786865234,54.400001525878906,54.95000076293945,54.150001525878906,54.5,58200
2018-05-29,46.91368103027344,53.599998474121094,54.150001525878906,53.099998474121094,54.099998474121094,126200
2018-05-30,47.613887786865234,54.400001525878906,54.599998474121094,53.900001525878906,53.900001525878906,121900
2018-05-31,47.78892517089844,54.599998474121094,55.04999923706055,54.349998474121094,54.349998474121094,154600
2018-06-01,47.963985443115234,54.79999923706055,55.45000076293945,54.02000045776367,54.900001525878906,101400
2018-06-04,49.10181427001953,56.099998474121094,56.099998474121094,54.900001525878906,54.95000076293945,154300
2018-06-05,49.014286041259766,56.0,56.349998474121094,55.25,55.70000076293945,153500
2018-06-06,49.45191192626953,56.5,56.54999923706055,55.95000076293945,56.099998474121094,70200
2018-06-07,49.67073059082031,56.75,57.04999923706055,56.29999923706055,56.599998474121094,224000
2018-06-08,49.27687454223633,56.29999923706055,56.900001525878906,56.25,56.54999923706055,67600
2018-06-11,48.62042236328125,55.54999923706055,56.70000076293945,55.45000076293945,56.29999923706055,99800
2018-06-12,48.401611328125,55.29999923706055,55.54999923706055,55.099998474121094,55.54999923706055,68200
2018-06-13,48.53290557861328,55.45000076293945,56.20000076293945,55.099998474121094,55.29999923706055,243100
2018-06-14,48.278560638427734,55.04999923706055,55.650001525878906,54.79999923706055,55.650001525878906,148400
2018-06-15,48.278560638427734,55.04999923706055,55.650001525878906,54.29999923706055,55.04999923706055,205900
2018-06-18,48.45396423339844,55.25,55.5,54.349998474121094,54.79999923706055,59400
2018-06-19,48.58552169799805,55.400001525878906,55.5,54.79999923706055,54.95000076293945,84100
2018-06-20,49.33096694946289,56.25,56.400001525878906,55.400001525878906,55.650001525878906,86400
2018-06-21,48.93630599975586,55.79999923706055,56.400001525878906,55.650001525878906,56.349998474121094,53900
2018-06-22,48.84861755371094,55.70000076293945,56.099998474121094,55.099998474121094,56.099998474121094,315700
2018-06-25,48.41012191772461,55.20000076293945,55.70000076293945,54.849998474121094,55.45000076293945,92400
2018-06-26,47.971622467041016,54.70000076293945,55.29999923706055,54.650001525878906,55.29999923706055,116700
2018-06-27,47.13848114013672,53.75,54.900001525878906,53.70000076293945,54.900001525878906,103900
2018-06-28,47.27003860473633,53.900001525878906,54.29999923706055,53.45000076293945,53.849998474121094,200500
2018-06-29,47.31388473510742,53.95000076293945,54.75,53.849998474121094,54.099998474121094,102900
2018-07-02,47.971622467041016,54.70000076293945,54.79999923706055,53.650001525878906,53.650001525878906,82200
2018-07-03,47.796226501464844,54.5,55.20000076293945,54.5,54.650001525878906,36200
2018-07-05,48.4978141784668,55.29999923706055,55.29999923706055,54.45000076293945,54.70000076293945,92600
2018-07-06,48.71706771850586,55.54999923706055,55.900001525878906,55.04999923706055,55.349998474121094,101900
2018-07-09,48.93630599975586,55.79999923706055,56.150001525878906,55.75,55.75,68900
2018-07-10,48.103172302246094,54.849998474121094,55.95000076293945,54.54999923706055,55.79999923706055,71300
2018-07-11,48.54167175292969,55.349998474121094,55.650001525878906,54.79999923706055,54.79999923706055,68400
2018-07-12,48.103172302246094,54.849998474121094,55.54999923706055,54.290000915527344,55.54999923706055,41300
2018-07-13,47.57698059082031,54.25,54.95000076293945,54.150001525878906,54.849998474121094,36400
2018-07-16,48.14702606201172,54.900001525878906,55.04999923706055,54.20000076293945,54.20000076293945,68000
2018-07-17,48.05933380126953,54.79999923706055,55.150001525878906,54.75,54.95000076293945,61000
2018-07-18,48.32242202758789,55.099998474121094,55.25,54.650001525878906,54.70000076293945,88100
2018-07-19,48.71706771850586,55.54999923706055,55.650001525878906,54.70000076293945,54.95000076293945,111600
2018-07-20,49.11171340942383,56.0,56.5,55.400001525878906,55.650001525878906,422800
2018-07-23,49.4625129699707,56.400001525878906,56.79999923706055,56.04999923706055,56.04999923706055,131600
2018-07-24,49.681758880615234,56.650001525878906,57.400001525878906,54.65999984741211,56.349998474121094,125100
2018-07-25,49.988712310791016,57.0,57.349998474121094,56.400001525878906,57.349998474121094,158900
2018-07-26,50.734153747558594,57.849998474121094,57.900001525878906,56.849998474121094,57.150001525878906,134800
2018-07-27,49.85715866088867,56.849998474121094,58.150001525878906,56.75,57.79999923706055,83800
2018-07-30,49.33096694946289,56.25,57.04999923706055,56.20000076293945,57.04999923706055,72000
2018-07-31,49.33096694946289,56.25,56.400001525878906,55.45000076293945,56.25,98600
2018-08-01,49.90101623535156,56.900001525878906,57.0,56.20000076293945,56.5,77600
2018-08-02,50.25181198120117,57.29999923706055,57.400001525878906,56.400001525878906,56.54999923706055,82800
2018-08-03,49.50636672973633,56.45000076293945,57.310001373291016,56.150001525878906,56.54999923706055,50800
2018-08-06,49.24326705932617,56.150001525878906,56.45000076293945,55.95000076293945,56.29999923706055,49000
2018-08-07,49.02401351928711,55.900001525878906,56.849998474121094,55.79999923706055,56.29999923706055,47200
2018-08-08,49.4625129699707,56.400001525878906,56.529998779296875,55.599998474121094,56.29999923706055,33700
2018-08-09,49.50636672973633,56.45000076293945,56.650001525878906,55.54999923706055,56.45000076293945,71400
2018-08-10,49.41866683959961,56.349998474121094,56.650001525878906,55.95000076293945,56.20000076293945,51700
2018-08-13,49.41866683959961,56.349998474121094,56.70000076293945,56.0,56.349998474121094,71900
2018-08-14,50.20795822143555,57.25,57.25,56.5,56.5,70000
2018-08-15,49.28711700439453,56.20000076293945,57.20000076293945,56.099998474121094,57.04999923706055,111100
2018-08-16,49.85715866088867,56.849998474121094,57.20000076293945,56.25,56.29999923706055,43400
2018-08-17,50.03255844116211,57.04999923706055,57.20000076293945,56.70000076293945,56.75,48000
2018-08-20,50.16411590576172,57.20000076293945,57.349998474121094,56.5,57.099998474121094,62800
2018-08-21,50.734153747558594,57.849998474121094,58.0,57.20000076293945,57.25,65800
2018-08-22,50.51490783691406,57.599998474121094,57.95000076293945,57.5,57.79999923706055,110800
2018-08-23,50.076412200927734,57.099998474121094,57.5,56.79999923706055,57.5,86900
2018-08-24,50.16411590576172,57.20000076293945,57.5,57.099998474121094,57.29999923706055,84900
2018-08-27,49.50636672973633,56.45000076293945,57.400001525878906,56.349998474121094,57.349998474121094,56800
2018-08-28,49.19941329956055,56.099998474121094,56.599998474121094,55.900001525878906,56.599998474121094,41800
2018-08-29,49.374820709228516,56.29999923706055,56.349998474121094,55.75,56.04999923706055,35900
2018-08-30,49.15555953979492,56.04999923706055,56.349998474121094,55.849998474121094,56.25,42800
2018-08-31,49.374820709228516,56.29999923706055,56.400001525878906,55.779998779296875,55.900001525878906,36800
2018-09-04,49.374820709228516,56.29999923706055,56.599998474121094,56.04999923706055,56.29999923706055,42900
2018-09-05,49.374820709228516,56.29999923706055,56.349998474121094,55.900001525878906,56.29999923706055,68300
2018-09-06,49.06786346435547,55.95000076293945,56.349998474121094,55.849998474121094,56.349998474121094,42100
2018-09-07,49.11171340942383,56.0,56.0,55.5,56.0,63400
2018-09-10,48.93630599975586,55.79999923706055,56.099998474121094,55.650001525878906,56.0,38300
2018-09-11,48.84861755371094,55.70000076293945,55.95000076293945,55.54999923706055,55.54999923706055,44300
2018-09-12,47.796226501464844,54.5,55.70000076293945,54.400001525878906,55.650001525878906,76400
2018-09-13,47.06671142578125,53.54999923706055,54.650001525878906,53.400001525878906,54.45000076293945,57000
2018-09-14,47.33039855957031,53.849998474121094,54.099998474121094,53.150001525878906,53.54999923706055,85600
2018-09-17,46.62724685668945,53.04999923706055,53.900001525878906,52.95000076293945,53.79999923706055,70600
2018-09-18,46.71513748168945,53.150001525878906,53.54999923706055,52.849998474121094,53.04999923706055,167000
2018-09-19,47.11066436767578,53.599998474121094,54.0,53.0,53.099998474121094,67900
2018-09-20,47.769859313964844,54.349998474121094,54.599998474121094,53.79999923706055,53.79999923706055,72900
2018-09-21,48.077476501464844,54.70000076293945,54.79999923706055,54.20000076293945,54.349998474121094,322600
2018-09-24,47.242496490478516,53.75,54.54999923706055,53.54999923706055,54.54999923706055,89300
2018-09-25,47.41828918457031,53.95000076293945,54.29999923706055,53.75,53.900001525878906,93300
2018-09-26,46.49540328979492,52.900001525878906,54.099998474121094,52.849998474121094,54.04999923706055,93800
2018-09-27,46.45146179199219,52.849998474121094,53.150001525878906,52.70000076293945,52.849998474121094,79400
2018-09-28,46.62724685668945,53.04999923706055,53.25,52.79999923706055,53.0099983215332,98700
2018-10-01,45.871360778808594,52.189998626708984,53.380001068115234,52.09000015258789,53.130001068115234,108700
2018-10-02,45.02760314941406,51.22999954223633,52.20000076293945,50.900001525878906,52.04999923706055,132300
2018-10-03,45.74831008911133,52.04999923706055,52.380001068115234,51.22999954223633,51.380001068115234,178100
2018-10-04,45.70438003540039,52.0,52.900001525878906,51.81999969482422,52.0099983215332,59800
2018-10-05,45.60769271850586,51.88999938964844,52.31999969482422,51.29999923706055,52.130001068115234,129800
2018-10-08,46.05595016479492,52.400001525878906,52.439998626708984,51.279998779296875,51.900001525878906,77700
2018-10-09,46.41630172729492,52.810001373291016,53.04999923706055,52.290000915527344,52.29999923706055,106600
2018-10-10,45.950469970703125,52.279998779296875,53.439998626708984,52.209999084472656,52.869998931884766,73600
2018-10-11,44.98365020751953,51.18000030517578,55.61000061035156,51.13999938964844,52.220001220703125,142200
2018-10-12,43.366416931152344,49.34000015258789,51.790000915527344,48.310001373291016,51.790000915527344,96000
2018-10-15,43.51583480834961,49.5099983215332,49.79999923706055,49.09000015258789,49.15999984741211,65000
2018-10-16,43.74435806274414,49.77000045776367,51.88999938964844,48.650001525878906,49.70000076293945,82000
2018-10-17,43.57735061645508,49.58000183105469,50.06999969482422,48.88999938964844,49.630001068115234,90600
2018-10-18,42.71601104736328,48.599998474121094,49.58000183105469,48.41999816894531,49.43000030517578,64500
2018-10-19,41.555809020996094,47.279998779296875,48.869998931884766,47.18000030517578,48.43000030517578,169000
2018-10-22,40.20226287841797,45.7400016784668,47.369998931884766,45.470001220703125,47.369998931884766,140300
2018-10-23,38.43561553955078,43.72999954223633,46.61000061035156,41.650001525878906,44.150001525878906,319500
2018-10-24,35.921875,40.869998931884766,42.970001220703125,40.470001220703125,42.970001220703125,204800
2018-10-25,36.792015075683594,41.86000061035156,42.290000915527344,41.130001068115234,41.220001220703125,129200
2018-10-26,37.24906921386719,42.380001068115234,42.95000076293945,41.36000061035156,41.36000061035156,151600
2018-10-29,37.96977615356445,43.20000076293945,43.56999969482422,42.72999954223633,43.38999938964844,144800
2018-10-30,38.23346710205078,43.5,43.65999984741211,43.02000045776367,43.369998931884766,81100
2018-10-31,38.18952560424805,43.45000076293945,44.150001525878906,43.36000061035156,43.9900016784668,109100
2018-11-01,37.99614334106445,43.22999954223633,44.0099983215332,43.060001373291016,43.650001525878906,97300
2018-11-02,38.48834991455078,43.790000915527344,43.790000915527344,42.47999954223633,43.029998779296875,405000
2018-11-05,39.033287048339844,44.40999984741211,44.7400016784668,43.56999969482422,43.90999984741211,98500
2018-11-06,40.21105194091797,45.75,46.31999969482422,44.77000045776367,44.849998474121094,219300
2018-11-07,39.94737243652344,45.45000076293945,46.650001525878906,45.16999816894531,46.0,166100
2018-11-08,40.64173889160156,46.2400016784668,46.290000915527344,45.34000015258789,45.45000076293945,114300
2018-11-09,40.1671142578125,45.70000076293945,46.2599983215332,45.56999969482422,46.13999938964844,102300
2018-11-12,39.94737243652344,45.45000076293945,46.11000061035156,45.439998626708984,45.77000045776367,57900
2018-11-13,40.3253288269043,45.880001068115234,46.5099983215332,45.279998779296875,45.59000015258789,101200
2018-11-14,39.60459518432617,45.060001373291016,46.29999923706055,44.56999969482422,46.2400016784668,92500
2018-11-15,40.07921600341797,45.599998474121094,45.689998626708984,44.70000076293945,44.86000061035156,171900
2018-11-16,40.114376068115234,45.63999938964844,45.75,45.2599983215332,45.349998474121094,86300
2018-11-19,39.78917694091797,45.27000045776367,46.02000045776367,45.119998931884766,45.349998474121094,59100
2018-11-20,38.74324035644531,44.08000183105469,45.349998474121094,44.029998779296875,44.91999816894531,79600
2018-11-21,38.760826110839844,44.099998474121094,45.13999938964844,43.540000915527344,44.15999984741211,109800
2018-11-23,39.28818893432617,44.70000076293945,44.97999954223633,43.849998474121094,44.11000061035156,58500
2018-11-26,39.516700744628906,44.959999084472656,45.52000045776367,44.119998931884766,44.880001068115234,58300
2018-11-27,38.79597473144531,44.13999938964844,45.04999923706055,43.849998474121094,44.63999938964844,78000
2018-11-28,39.16511535644531,44.560001373291016,44.95000076293945,43.56999969482422,44.13999938964844,98100
2018-11-29,38.646568298339844,43.970001220703125,44.83000183105469,43.91999816894531,44.310001373291016,79100
2018-11-30,39.279388427734375,44.689998626708984,44.7400016784668,43.77000045776367,43.77000045776367,117000
2018-12-03,38.83993148803711,44.189998626708984,45.58000183105469,43.880001068115234,45.08000183105469,136500
2018-12-04,36.792015075683594,41.86000061035156,44.38999938964844,41.77000045776367,43.959999084472656,122400
2018-12-06,36.862327575683594,41.939998626708984,41.970001220703125,40.970001220703125,41.22999954223633,138200
2018-12-07,37.002960205078125,42.099998474121094,42.95000076293945,41.810001373291016,41.95000076293945,178400
2018-12-10,36.458030700683594,41.47999954223633,42.040000915527344,40.560001373291016,42.040000915527344,118300
2018-12-11,36.39650344848633,41.40999984741211,42.47999954223633,41.099998474121094,42.0,132300
2018-12-12,36.792015075683594,41.86000061035156,42.560001373291016,41.13999938964844,41.7599983215332,128600
2018-12-13,36.10432052612305,40.95000076293945,42.0,40.75,41.84000015258789,123000
2018-12-14,35.21382522583008,39.939998626708984,41.459999084472656,39.88999938964844,40.7599983215332,88000
2018-12-17,35.26673126220703,40.0,40.41999816894531,39.63999938964844,39.880001068115234,167600
2018-12-18,34.33216094970703,38.939998626708984,41.97999954223633,38.779998779296875,40.08000183105469,114700
2018-12-19,33.16836166381836,37.619998931884766,39.22999954223633,36.88999938964844,38.939998626708984,159700
2018-12-20,33.362327575683594,37.84000015258789,38.560001373291016,37.33000183105469,37.630001068115234,228900
2018-12-21,33.432861328125,37.91999816894531,38.630001068115234,37.77000045776367,38.04999923706055,232700
2018-12-24,32.507110595703125,36.869998931884766,38.869998931884766,36.869998931884766,37.779998779296875,59300
2018-12-26,33.37114334106445,37.849998474121094,37.900001525878906,36.369998931884766,36.97999954223633,109700
2018-12-27,32.70988464355469,37.099998474121094,37.790000915527344,36.09000015258789,37.20000076293945,128700
2018-12-28,32.99201965332031,37.41999816894531,37.93000030517578,36.93000030517578,37.20000076293945,115500
2018-12-31,33.17717361450195,37.630001068115234,37.790000915527344,36.81999969482422,37.45000076293945,82800
2019-01-02,33.600379943847656,38.11000061035156,38.459999084472656,36.93000030517578,37.15999984741211,97000
2019-01-03,33.52985763549805,38.029998779296875,38.869998931884766,37.470001220703125,37.939998626708984,71100
2019-01-04,34.59666061401367,39.2400016784668,39.400001525878906,38.349998474121094,38.43000030517578,117000
2019-01-07,34.51731872558594,39.150001525878906,39.369998931884766,38.81999969482422,39.25,66200
2019-01-08,34.55257797241211,39.189998626708984,39.41999816894531,38.54999923706055,39.41999816894531,77900
2019-01-09,34.73773193359375,39.400001525878906,39.619998931884766,38.9900016784668,39.33000183105469,69200
2019-01-10,34.55257797241211,39.189998626708984,39.56999969482422,38.65999984741211,39.150001525878906,40800
2019-01-11,34.21754837036133,38.810001373291016,39.31999969482422,38.70000076293945,38.88999938964844,52100
2019-01-14,33.97066879272461,38.529998779296875,39.09000015258789,38.40999984741211,38.58000183105469,102400
2019-01-15,34.31452941894531,38.91999816894531,38.9900016784668,38.279998779296875,38.540000915527344,127400
2019-01-16,35.09039306640625,39.79999923706055,39.90999984741211,38.95000076293945,39.099998474121094,89800
2019-01-17,35.61058044433594,40.38999938964844,40.540000915527344,39.4900016784668,39.720001220703125,100900
2019-01-18,36.44816589355469,41.34000015258789,41.45000076293945,40.380001068115234,40.380001068115234,121700
2019-01-22,38.35256576538086,43.5,43.959999084472656,41.63999938964844,41.79999923706055,237900
2019-01-23,40.953487396240234,46.45000076293945,46.5099983215332,44.25,44.25,350700
2019-01-24,40.477394104003906,45.90999984741211,46.59000015258789,44.93000030517578,46.59000015258789,291100
2019-01-25,41.00638961791992,46.5099983215332,46.5099983215332,45.93000030517578,46.20000076293945,247000
2019-01-28,40.468589782714844,45.900001525878906,47.0,45.29999923706055,46.13999938964844,110700
2019-01-29,39.52518844604492,44.83000183105469,47.029998779296875,44.81999969482422,45.88999938964844,110900
2019-01-30,39.62217330932617,44.939998626708984,45.31999969482422,44.54999923706055,44.84000015258789,96300
2019-01-31,38.908023834228516,44.130001068115234,44.75,43.119998931884766,44.720001220703125,117600
2019-02-01,38.81985092163086,44.029998779296875,44.650001525878906,43.88999938964844,44.119998931884766,112900
2019-02-04,38.87276077270508,44.09000015258789,44.25,43.439998626708984,44.15999984741211,171900
2019-02-05,38.68760299682617,43.880001068115234,44.40999984741211,43.45000076293945,44.09000015258789,78400
2019-02-06,38.66115188598633,43.849998474121094,43.9900016784668,43.61000061035156,43.83000183105469,54300
2019-02-07,39.15488815307617,44.40999984741211,44.75,43.66999816894531,43.9900016784668,139100
2019-02-08,38.4936408996582,43.65999984741211,44.4900016784668,43.63999938964844,44.220001220703125,45900
2019-02-11,38.881568908691406,44.099998474121094,44.130001068115234,43.5,43.709999084472656,61700
2019-02-12,39.67507553100586,45.0,45.0,44.209999084472656,44.2400016784668,65200
2019-02-13,39.80731964111328,45.150001525878906,45.439998626708984,44.599998474121094,45.0099983215332,62400
2019-02-14,39.534000396728516,44.84000015258789,45.2599983215332,44.630001068115234,44.93000030517578,74100
2019-02-15,40.32750701904297,45.7400016784668,45.86000061035156,44.970001220703125,44.970001220703125,50300
2019-02-19,40.644901275634766,46.099998474121094,46.16999816894531,45.20000076293945,45.400001525878906,42500
2019-02-20,41.12982940673828,46.650001525878906,46.7400016784668,45.93000030517578,46.09000015258789,62800
2019-02-21,40.935855865478516,46.43000030517578,46.709999084472656,46.029998779296875,46.4900016784668,54600
2019-02-22,41.00638961791992,46.5099983215332,46.5099983215332,46.15999984741211,46.43000030517578,39200
2019-02-25,40.424495697021484,45.849998474121094,46.70000076293945,45.81999969482422,46.68000030517578,60200
2019-02-26,39.77206039428711,45.11000061035156,45.75,45.11000061035156,45.75,50400
2019-02-27,39.851402282714844,45.20000076293945,45.77000045776367,44.599998474121094,45.099998474121094,71300
2019-02-28,39.833770751953125,45.18000030517578,45.52000045776367,44.90999984741211,45.220001220703125,79700
2019-03-01,40.18644714355469,45.58000183105469,45.59000015258789,45.279998779296875,45.400001525878906,75000
2019-03-04,40.0629997253418,45.439998626708984,45.86000061035156,45.33000183105469,45.59000015258789,47000
2019-03-05,39.869049072265625,45.220001220703125,45.43000030517578,44.83000183105469,45.43000030517578,59000
2019-03-06,38.80222702026367,44.0099983215332,45.43000030517578,43.959999084472656,45.189998626708984,78400
2019-03-07,37.97344970703125,43.06999969482422,43.93000030517578,43.040000915527344,43.90999984741211,49500
2019-03-08,38.07925796508789,43.189998626708984,43.439998626708984,42.970001220703125,42.970001220703125,59000
2019-03-11,38.27322006225586,43.40999984741211,43.630001068115234,42.43000030517578,43.209999084472656,88000
2019-03-12,37.95582580566406,43.04999923706055,43.599998474121094,43.029998779296875,43.599998474121094,85600
2019-03-13,38.16741943359375,43.290000915527344,43.56999969482422,42.970001220703125,43.150001525878906,91100
2019-03-14,38.18510055541992,43.16999816894531,43.61000061035156,42.91999816894531,43.279998779296875,78200
2019-03-15,38.1585693359375,43.13999938964844,43.689998626708984,42.77000045776367,43.189998626708984,244000
2019-03-18,39.060791015625,44.15999984741211,44.459999084472656,43.279998779296875,43.279998779296875,101000
2019-03-19,37.47748565673828,42.369998931884766,44.2599983215332,42.279998779296875,44.2599983215332,73100
2019-03-20,37.15021896362305,42.0,42.84000015258789,41.810001373291016,42.29999923706055,180700
2019-03-21,36.65488052368164,41.439998626708984,42.33000183105469,41.220001220703125,41.83000183105469,181000
2019-03-22,35.168880462646484,39.7599983215332,41.09000015258789,39.33000183105469,41.09000015258789,141400
2019-03-25,34.89466094970703,39.45000076293945,39.91999816894531,39.060001373291016,39.77000045776367,130900
2019-03-26,35.867652893066406,40.54999923706055,40.54999923706055,39.380001068115234,39.77000045776367,187000
2019-03-27,36.0622444152832,40.77000045776367,40.939998626708984,39.689998626708984,40.459999084472656,62200
2019-03-28,36.26568603515625,41.0,41.2400016784668,40.40999984741211,40.72999954223633,52200
2019-03-29,36.0622444152832,40.77000045776367,41.220001220703125,40.34000015258789,41.220001220703125,114100
2019-04-01,36.884864807128906,41.70000076293945,41.70000076293945,40.939998626708984,40.939998626708984,101200
2019-04-02,36.85831069946289,41.66999816894531,41.7599983215332,41.2599983215332,41.54999923706055,87600
2019-04-03,37.09714126586914,41.939998626708984,42.2400016784668,41.619998931884766,42.040000915527344,175000
2019-04-04,38.167423248291016,43.150001525878906,43.20000076293945,41.790000915527344,41.790000915527344,107200
2019-04-05,38.71583557128906,43.77000045776367,43.93000030517578,42.369998931884766,43.0099983215332,155100
2019-04-08,38.69813919067383,43.75,43.900001525878906,43.45000076293945,43.65999984741211,58500
2019-04-09,38.052425384521484,43.02000045776367,43.560001373291016,42.91999816894531,43.540000915527344,106200
2019-04-10,37.99051284790039,42.95000076293945,43.34000015258789,42.41999816894531,43.099998474121094,88700
2019-04-11,38.04358673095703,43.0099983215332,43.38999938964844,42.81999969482422,42.970001220703125,217200
2019-04-12,38.97234344482422,44.060001373291016,44.2599983215332,42.220001220703125,43.27000045776367,135200
2019-04-15,38.35316848754883,43.36000061035156,43.91999816894531,43.15999984741211,43.849998474121094,87800
2019-04-16,38.99003219604492,44.08000183105469,44.150001525878906,43.15999984741211,43.380001068115234,74400
2019-04-17,39.22001266479492,44.34000015258789,44.43000030517578,43.70000076293945,44.22999954223633,90500
2019-04-18,38.84850311279297,43.91999816894531,44.34000015258789,43.75,44.20000076293945,112400
2019-04-22,37.557090759277344,42.459999084472656,44.939998626708984,42.2400016784668,43.630001068115234,87700
2019-04-23,37.548248291015625,42.45000076293945,43.4900016784668,41.2599983215332,41.5099983215332,222400
2019-04-24,38.052425384521484,43.02000045776367,43.060001373291016,41.599998474121094,42.47999954223633,126900
2019-04-25,37.76054763793945,42.689998626708984,43.0,41.9900016784668,42.720001220703125,151700
2019-04-26,37.75169372558594,42.68000030517578,42.880001068115234,42.04999923706055,42.65999984741211,104200
2019-04-29,38.60969161987305,43.650001525878906,44.18000030517578,42.709999084472656,42.709999084472656,144600
2019-04-30,37.62785720825195,42.540000915527344,43.58000183105469,42.5,43.58000183105469,140900
2019-05-01,37.63670349121094,42.54999923706055,43.15999984741211,42.220001220703125,42.63999938964844,128000
2019-05-02,37.63670349121094,42.54999923706055,43.20000076293945,42.349998474121094,42.560001373291016,70100
2019-05-03,38.75121307373047,43.810001373291016,43.83000183105469,42.54999923706055,42.54999923706055,74200
2019-05-06,38.521240234375,43.54999923706055,44.0,42.77000045776367,43.13999938964844,82000
2019-05-07,37.66324996948242,42.58000183105469,43.31999969482422,42.2400016784668,43.209999084472656,100400
2019-05-08,37.14136505126953,41.9900016784668,42.540000915527344,41.790000915527344,42.540000915527344,101300
2019-05-09,37.13252639770508,41.97999954223633,42.29999923706055,41.45000076293945,41.65999984741211,99600
2019-05-10,37.63670349121094,42.54999923706055,42.61000061035156,41.52000045776367,41.77000045776367,85900
2019-05-13,36.4514274597168,41.209999084472656,42.439998626708984,41.09000015258789,41.869998931884766,109700
2019-05-14,37.070613861083984,41.90999984741211,42.13999938964844,41.029998779296875,41.2599983215332,69900
2019-05-15,36.77871322631836,41.58000183105469,41.72999954223633,41.18000030517578,41.56999969482422,68000
2019-05-16,37.15906524658203,42.0099983215332,42.29999923706055,41.63999938964844,41.63999938964844,56400
2019-05-17,36.8140869140625,41.619998931884766,42.310001373291016,41.529998779296875,41.63999938964844,53700
2019-05-20,37.061767578125,41.900001525878906,42.099998474121094,41.279998779296875,41.279998779296875,40900
2019-05-21,37.39787673950195,42.279998779296875,42.439998626708984,42.040000915527344,42.15999984741211,67100
2019-05-22,36.69025802612305,41.47999954223633,42.27000045776367,41.380001068115234,42.18000030517578,65400
2019-05-23,35.62881851196289,40.279998779296875,41.279998779296875,40.06999969482422,41.040000915527344,61600
2019-05-24,36.5222053527832,41.290000915527344,41.38999938964844,40.470001220703125,40.529998779296875,48200
2019-05-28,36.15953826904297,40.880001068115234,41.25,40.75,41.150001525878906,162100
2019-05-29,36.0622444152832,40.77000045776367,40.880001068115234,40.310001373291016,40.65999984741211,102100
2019-05-30,35.23963928222656,39.84000015258789,41.15999984741211,39.459999084472656,40.810001373291016,77900
2019-05-31,34.66468811035156,39.189998626708984,39.779998779296875,38.959999084472656,39.349998474121094,82300
2019-06-03,34.921199798583984,39.47999954223633,39.970001220703125,39.150001525878906,39.220001220703125,108900
2019-06-04,35.823421478271484,40.5,40.619998931884766,39.459999084472656,39.90999984741211,116800
2019-06-05,36.20376968383789,40.93000030517578,41.06999969482422,40.31999969482422,40.45000076293945,156400
2019-06-06,35.637672424316406,40.290000915527344,41.099998474121094,39.83000183105469,40.81999969482422,69900
2019-06-07,35.584598541259766,40.22999954223633,40.61000061035156,40.029998779296875,40.20000076293945,71400
2019-06-10,36.141849517822266,40.86000061035156,41.2599983215332,40.349998474121094,40.43000030517578,88200
2019-06-11,35.84111404418945,40.52000045776367,41.290000915527344,40.31999969482422,41.040000915527344,80400
2019-06-12,35.876495361328125,40.560001373291016,40.68000030517578,40.189998626708984,40.459999084472656,65200
2019-06-13,36.40918731689453,41.0099983215332,41.209999084472656,40.5099983215332,40.5099983215332,93300
2019-06-14,36.320396423339844,40.90999984741211,41.189998626708984,40.529998779296875,40.86000061035156,69900
2019-06-17,36.169471740722656,40.7400016784668,41.349998474121094,40.599998474121094,40.88999938964844,84000
2019-06-18,36.586734771728516,41.209999084472656,41.63999938964844,40.77000045776367,40.77000045776367,77400
2019-06-19,36.52459716796875,41.13999938964844,41.75,41.11000061035156,41.54999923706055,106400
2019-06-20,36.107322692871094,40.66999816894531,41.47999954223633,40.16999816894531,41.47999954223633,102500
2019-06-21,35.583526611328125,40.08000183105469,40.939998626708984,39.83000183105469,40.470001220703125,192100
2019-06-24,36.29377365112305,40.880001068115234,41.0099983215332,39.66999816894531,40.08000183105469,159400
2019-06-25,35.78770446777344,40.310001373291016,40.939998626708984,39.95000076293945,40.900001525878906,160700
2019-06-26,35.79658889770508,40.31999969482422,40.900001525878906,40.189998626708984,40.529998779296875,131800
2019-06-27,36.3115234375,40.900001525878906,40.900001525878906,40.439998626708984,40.459999084472656,93700
2019-06-28,36.932979583740234,41.599998474121094,41.939998626708984,41.09000015258789,41.16999816894531,639300
2019-07-01,36.835330963134766,41.4900016784668,42.47999954223633,41.33000183105469,41.720001220703125,89900
2019-07-02,36.515724182128906,41.130001068115234,41.66999816894531,40.79999923706055,41.400001525878906,78800
2019-07-03,36.66664505004883,41.29999923706055,41.5,41.060001373291016,41.290000915527344,59900
2019-07-05,37.01289749145508,41.689998626708984,42.04999923706055,41.06999969482422,41.43000030517578,60800
2019-07-08,36.42692947387695,41.029998779296875,41.529998779296875,40.810001373291016,41.400001525878906,75000
2019-07-09,36.25825119018555,40.84000015258789,41.08000183105469,40.5,40.77000045776367,78300
2019-07-10,35.574642181396484,40.06999969482422,41.0099983215332,39.97999954223633,40.84000015258789,90300
2019-07-11,35.92087936401367,40.459999084472656,40.630001068115234,39.91999816894531,40.11000061035156,80800
2019-07-12,36.107322692871094,40.66999816894531,40.779998779296875,40.36000061035156,40.369998931884766,68500
2019-07-15,35.308284759521484,39.77000045776367,40.689998626708984,39.68000030517578,40.689998626708984,96000
2019-07-16,35.308284759521484,39.77000045776367,40.22999954223633,39.5099983215332,39.77000045776367,121700
2019-07-17,35.12185287475586,39.560001373291016,39.810001373291016,39.349998474121094,39.650001525878906,84600
2019-07-18,35.24614715576172,39.70000076293945,40.15999984741211,39.34000015258789,39.5,71800
2019-07-19,35.423702239990234,39.900001525878906,40.11000061035156,39.58000183105469,39.58000183105469,52200
2019-07-22,34.97092056274414,39.38999938964844,40.0,39.310001373291016,39.72999954223633,99800
2019-07-23,37.04840850830078,41.72999954223633,41.790000915527344,39.459999084472656,39.459999084472656,164800
2019-07-24,37.96284484863281,42.7599983215332,42.849998474121094,40.83000183105469,41.66999816894531,158900
2019-07-25,37.18156814575195,41.880001068115234,42.95000076293945,41.81999969482422,42.95000076293945,86000
2019-07-26,38.016117095947266,42.81999969482422,42.97999954223633,42.0099983215332,42.18000030517578,85200
2019-07-29,37.15494155883789,41.849998474121094,42.900001525878906,41.72999954223633,42.650001525878906,94800
2019-07-30,37.21707534790039,41.91999816894531,41.970001220703125,41.25,41.36000061035156,86400
2019-07-31,37.00401306152344,41.68000030517578,42.220001220703125,41.630001068115234,42.099998474121094,97100
2019-08-01,35.68117141723633,40.189998626708984,41.970001220703125,40.04999923706055,41.689998626708984,119500
2019-08-02,35.219512939453125,39.66999816894531,40.2400016784668,39.20000076293945,40.18000030517578,79600
2019-08-05,34.49150848388672,38.849998474121094,39.209999084472656,38.5,39.0,162800
2019-08-06,35.033077239990234,39.459999084472656,39.58000183105469,38.86000061035156,38.91999816894531,103500
2019-08-07,34.72233581542969,39.11000061035156,39.310001373291016,38.630001068115234,39.0,94800
2019-08-08,35.27278518676758,39.72999954223633,40.04999923706055,39.06999969482422,39.349998474121094,50200
2019-08-09,34.91765594482422,39.33000183105469,40.15999984741211,39.130001068115234,39.63999938964844,99900
2019-08-12,34.4737548828125,38.83000183105469,39.150001525878906,38.81999969482422,39.09000015258789,56900
2019-08-13,34.91765594482422,39.33000183105469,39.779998779296875,38.83000183105469,38.83000183105469,60300
2019-08-14,34.15414047241211,38.470001220703125,38.7400016784668,38.18000030517578,38.56999969482422,110300
2019-08-15,34.18964385986328,38.5099983215332,38.79999923706055,38.369998931884766,38.7400016784668,63100
2019-08-16,34.90876770019531,39.31999969482422,39.400001525878906,38.52000045776367,38.709999084472656,41600
2019-08-19,35.112972259521484,39.54999923706055,39.95000076293945,39.5,39.849998474121094,36900
2019-08-20,34.31394958496094,38.650001525878906,39.41999816894531,38.61000061035156,39.400001525878906,61800
2019-08-21,34.50926208496094,38.869998931884766,39.06999969482422,38.529998779296875,38.900001525878906,59100
2019-08-22,34.90876770019531,39.31999969482422,39.5,38.650001525878906,39.040000915527344,90900
2019-08-23,33.96769714355469,38.2599983215332,39.56999969482422,38.18000030517578,39.16999816894531,103700
2019-08-26,34.54478073120117,38.90999984741211,38.970001220703125,38.349998474121094,38.56999969482422,68300
2019-08-27,34.012081146240234,38.310001373291016,39.189998626708984,38.2599983215332,39.09000015258789,98500
2019-08-28,34.447120666503906,38.79999923706055,39.290000915527344,38.09000015258789,38.09000015258789,69000
2019-08-29,35.086334228515625,39.52000045776367,39.689998626708984,39.220001220703125,39.220001220703125,64200
2019-08-30,34.997554779052734,39.41999816894531,39.79999923706055,39.310001373291016,39.7599983215332,73000
2019-09-03,34.527015686035156,38.88999938964844,39.38999938964844,38.5,39.38999938964844,77100
2019-09-04,34.34056854248047,38.68000030517578,39.38999938964844,38.630001068115234,39.2599983215332,107000
2019-09-05,35.556880950927734,40.04999923706055,40.349998474121094,39.2599983215332,39.2599983215332,92400
2019-09-06,34.96204376220703,39.380001068115234,40.060001373291016,39.290000915527344,39.83000183105469,79300
2019-09-09,36.24049758911133,40.81999969482422,41.08000183105469,39.599998474121094,39.599998474121094,105600
2019-09-10,36.267127990722656,40.849998474121094,41.779998779296875,40.72999954223633,40.79999923706055,160700
2019-09-11,36.7998161315918,41.45000076293945,41.45000076293945,40.72999954223633,41.09000015258789,176400
2019-09-12,36.99588394165039,41.5099983215332,41.810001373291016,40.849998474121094,41.08000183105469,141900
2019-09-13,37.120670318603516,41.650001525878906,42.13999938964844,41.56999969482422,41.689998626708984,111600
2019-09-16,37.34347915649414,41.900001525878906,42.02000045776367,41.36000061035156,41.36000061035156,87500
2019-09-17,37.10283660888672,41.630001068115234,41.720001220703125,40.90999984741211,41.66999816894531,65800
2019-09-18,37.111751556396484,41.63999938964844,41.95000076293945,41.40999984741211,41.650001525878906,122100
2019-09-19,36.89786148071289,41.400001525878906,42.9900016784668,38.709999084472656,42.9900016784668,86100
2019-09-20,36.28288269042969,40.709999084472656,41.779998779296875,40.439998626708984,41.45000076293945,375700
2019-09-23,36.88895034790039,41.38999938964844,41.45000076293945,40.290000915527344,40.66999816894531,137400
2019-09-24,36.746334075927734,41.22999954223633,41.709999084472656,41.0099983215332,41.36000061035156,256800
2019-09-25,37.15632247924805,41.689998626708984,41.880001068115234,40.91999816894531,41.09000015258789,98600
2019-09-26,36.6393928527832,41.11000061035156,41.689998626708984,40.93000030517578,41.5,98700
2019-09-27,36.50569534301758,40.959999084472656,41.560001373291016,40.56999969482422,41.220001220703125,109600
2019-09-30,36.318546295166016,40.75,41.04999923706055,40.619998931884766,41.04999923706055,117600
2019-10-01,35.61444854736328,39.959999084472656,41.13999938964844,39.650001525878906,40.83000183105469,118800
2019-10-02,35.40946578979492,39.72999954223633,39.970001220703125,39.470001220703125,39.63999938964844,126900
2019-10-03,35.19556427001953,39.4900016784668,39.959999084472656,39.310001373291016,39.720001220703125,92900
2019-10-04,35.774871826171875,40.13999938964844,40.150001525878906,39.470001220703125,39.58000183105469,127500
2019-10-07,35.40946578979492,39.72999954223633,40.13999938964844,39.630001068115234,40.13999938964844,110700
2019-10-08,35.05296325683594,39.33000183105469,39.70000076293945,39.290000915527344,39.33000183105469,135300
2019-10-09,35.061866760253906,39.34000015258789,39.65999984741211,39.119998931884766,39.5099983215332,84900
2019-10-10,35.1777458190918,39.470001220703125,39.9900016784668,39.43000030517578,39.470001220703125,59100
2019-10-11,35.881832122802734,40.2599983215332,40.709999084472656,40.08000183105469,40.08000183105469,79000
2019-10-14,36.01551818847656,40.40999984741211,40.43000030517578,39.959999084472656,40.0099983215332,58700
2019-10-15,36.67504119873047,41.150001525878906,41.20000076293945,40.25,40.540000915527344,89900
2019-10-16,36.781986236572266,41.27000045776367,41.68000030517578,41.0,41.130001068115234,130900
2019-10-17,37.04044723510742,41.560001373291016,41.70000076293945,41.150001525878906,41.47999954223633,93700
2019-10-18,36.960243225097656,41.470001220703125,41.70000076293945,41.20000076293945,41.279998779296875,111700
2019-10-21,37.254356384277344,41.79999923706055,42.349998474121094,41.65999984741211,42.0,108900
2019-10-22,38.97447204589844,43.72999954223633,44.25,41.810001373291016,42.66999816894531,220700
2019-10-23,39.215110778808594,44.0,44.36000061035156,43.560001373291016,44.06999969482422,90100
2019-10-24,39.29531478881836,44.09000015258789,44.5,43.58000183105469,44.0,151700
2019-10-25,39.339881896972656,44.13999938964844,44.40999984741211,43.90999984741211,43.90999984741211,73800
2019-10-28,39.51814270019531,44.34000015258789,44.63999938964844,44.16999816894531,44.31999969482422,102600
2019-10-29,39.74986267089844,44.599998474121094,44.650001525878906,44.08000183105469,44.150001525878906,68300
2019-10-30,39.70530319213867,44.54999923706055,44.7400016784668,43.84000015258789,44.43000030517578,85600
2019-10-31,39.036861419677734,43.79999923706055,44.279998779296875,43.36000061035156,44.2599983215332,48500
2019-11-01,39.88355255126953,44.75,44.75,44.0099983215332,44.060001373291016,76100
2019-11-04,40.28461456298828,45.20000076293945,45.29999923706055,44.97999954223633,45.0,81300
2019-11-05,40.87283706665039,45.86000061035156,46.0,45.25,45.400001525878906,95300
2019-11-06,40.6322021484375,45.59000015258789,45.77000045776367,45.2599983215332,45.77000045776367,47300
2019-11-07,40.69459915161133,45.65999984741211,46.11000061035156,45.5,46.08000183105469,59200
2019-11-08,40.69459915161133,45.65999984741211,45.81999969482422,45.310001373291016,45.4900016784668,42800
2019-11-11,40.56090545654297,45.5099983215332,45.65999984741211,45.290000915527344,45.439998626708984,23700
2019-11-12,40.6678581237793,45.630001068115234,45.84000015258789,45.279998779296875,45.529998779296875,44600
2019-11-13,40.13309860229492,45.029998779296875,45.380001068115234,44.810001373291016,45.380001068115234,40600
2019-11-14,40.13309860229492,45.029998779296875,45.27000045776367,44.810001373291016,45.0099983215332,52500
2019-11-15,40.09745407104492,44.9900016784668,45.279998779296875,44.849998474121094,45.25,40300
2019-11-18,39.94593048095703,44.81999969482422,44.880001068115234,44.439998626708984,44.77000045776367,32700
2019-11-19,40.21330261230469,45.119998931884766,45.25,44.529998779296875,44.90999984741211,49100
2019-11-20,39.90137481689453,44.77000045776367,45.2400016784668,44.59000015258789,44.810001373291016,70600
2019-11-21,39.963768005371094,44.84000015258789,45.029998779296875,44.16999816894531,45.029998779296875,47600
2019-11-22,40.070709228515625,44.959999084472656,45.279998779296875,44.86000061035156,45.08000183105469,78800
2019-11-25,40.42720413208008,45.36000061035156,45.5099983215332,44.939998626708984,45.130001068115234,66900
2019-11-26,40.35590362548828,45.279998779296875,45.5099983215332,45.189998626708984,45.25,70000
2019-11-27,40.436119079589844,45.369998931884766,45.529998779296875,45.29999923706055,45.45000076293945,36600
2019-11-29,40.28461456298828,45.20000076293945,45.5,45.11000061035156,45.11000061035156,25500
2019-12-02,39.97267532348633,44.849998474121094,45.47999954223633,44.72999954223633,45.349998474121094,70100
2019-12-03,39.62507247924805,44.459999084472656,44.459999084472656,44.029998779296875,44.369998931884766,41100
2019-12-04,39.999412536621094,44.880001068115234,45.08000183105469,44.5,44.58000183105469,77700
2019-12-05,40.115272521972656,45.0099983215332,45.20000076293945,44.970001220703125,45.02000045776367,40200
2019-12-06,40.14201736450195,45.040000915527344,45.5099983215332,45.040000915527344,45.209999084472656,80100
2019-12-09,40.48068618774414,45.41999816894531,45.52000045776367,44.689998626708984,45.06999969482422,118500
2019-12-10,40.56981658935547,45.52000045776367,45.529998779296875,44.97999954223633,45.4900016784668,60100
2019-12-11,40.53416442871094,45.47999954223633,45.619998931884766,45.36000061035156,45.5099983215332,35400
2019-12-12,40.99761199951172,46.0,46.11000061035156,45.459999084472656,45.459999084472656,137300
2019-12-13,40.782920837402344,45.59000015258789,45.95000076293945,45.380001068115234,45.95000076293945,108000
2019-12-16,41.57014083862305,46.470001220703125,46.709999084472656,45.88999938964844,45.959999084472656,176800
2019-12-17,42.08897399902344,47.04999923706055,47.060001373291016,46.45000076293945,46.66999816894531,87800
2019-12-18,42.74201202392578,47.779998779296875,47.88999938964844,46.97999954223633,47.2599983215332,123400
2019-12-19,42.96564483642578,48.029998779296875,48.11000061035156,47.189998626708984,47.689998626708984,157500
2019-12-20,43.30558395385742,48.40999984741211,48.650001525878906,47.93000030517578,48.060001373291016,347900
2019-12-23,42.85829162597656,47.90999984741211,48.41999816894531,47.83000183105469,48.33000183105469,93500
2019-12-24,42.867244720458984,47.91999816894531,48.04999923706055,47.66999816894531,47.91999816894531,82500
2019-12-26,42.947757720947266,48.0099983215332,48.130001068115234,47.810001373291016,48.029998779296875,46100
2019-12-27,42.99248123168945,48.060001373291016,48.119998931884766,47.849998474121094,47.97999954223633,103100
2019-12-30,43.207176208496094,48.29999923706055,48.54999923706055,47.88999938964844,48.189998626708984,69000
2019-12-31,43.12666320800781,48.209999084472656,48.380001068115234,48.099998474121094,48.22999954223633,66700
2020-01-02,43.03720474243164,48.11000061035156,48.720001220703125,47.720001220703125,48.400001525878906,96400
2020-01-03,42.99248123168945,48.060001373291016,48.13999938964844,46.9900016784668,47.529998779296875,101800
2020-01-06,42.6346549987793,47.65999984741211,47.72999954223633,47.029998779296875,47.63999938964844,83600
2020-01-07,42.62571716308594,47.650001525878906,47.83000183105469,47.18000030517578,47.540000915527344,156700
2020-01-08,42.99248123168945,48.060001373291016,48.349998474121094,47.599998474121094,47.599998474121094,109400
2020-01-09,43.099822998046875,48.18000030517578,48.40999984741211,47.939998626708984,48.13999938964844,84800
2020-01-10,42.80462646484375,47.849998474121094,48.2400016784668,47.65999984741211,48.029998779296875,95200
2020-01-13,42.938804626464844,48.0,48.029998779296875,47.630001068115234,47.93000030517578,68500
2020-01-14,42.947757720947266,48.0099983215332,48.220001220703125,47.720001220703125,47.880001068115234,74300
2020-01-15,42.8851318359375,47.939998626708984,47.95000076293945,47.68000030517578,47.880001068115234,96000
2020-01-16,43.242958068847656,48.34000015258789,48.599998474121094,48.119998931884766,48.220001220703125,97900
2020-01-17,43.35030746459961,48.459999084472656,48.810001373291016,48.290000915527344,48.72999954223633,139700
2020-01-21,41.874290466308594,46.810001373291016,48.5,46.2400016784668,48.290000915527344,168900
2020-01-22,41.19441604614258,46.04999923706055,46.63999938964844,45.880001068115234,46.63999938964844,104600
2020-01-23,41.37332534790039,46.25,46.459999084472656,45.38999938964844,45.779998779296875,103900
2020-01-24,40.872379302978516,45.689998626708984,46.189998626708984,45.439998626708984,46.119998931884766,106600
2020-01-27,40.174625396728516,44.90999984741211,45.400001525878906,44.84000015258789,45.09000015258789,71100
2020-01-28,40.05833435058594,44.779998779296875,45.33000183105469,44.54999923706055,45.09000015258789,76100
2020-01-29,40.031494140625,44.75,45.4900016784668,44.31999969482422,44.779998779296875,89300
2020-01-30,40.4429931640625,45.209999084472656,45.220001220703125,44.22999954223633,44.36000061035156,57700
2020-01-31,38.922237396240234,43.5099983215332,44.900001525878906,43.459999084472656,44.880001068115234,103800
2020-02-03,39.57526779174805,44.2400016784668,44.38999938964844,43.7599983215332,43.79999923706055,52100
2020-02-04,40.201454162597656,44.939998626708984,45.20000076293945,44.65999984741211,44.77000045776367,51800
2020-02-05,41.248085021972656,46.11000061035156,46.22999954223633,45.470001220703125,45.470001220703125,65200
2020-02-06,41.02445602416992,45.86000061035156,46.709999084472656,45.7400016784668,46.40999984741211,50700
2020-02-07,40.5056037902832,45.279998779296875,46.0099983215332,45.06999969482422,45.56999969482422,59700
2020-02-10,40.32670211791992,45.08000183105469,45.2400016784668,44.88999938964844,45.119998931884766,60500
2020-02-11,40.451934814453125,45.220001220703125,45.72999954223633,45.13999938964844,45.220001220703125,50200
2020-02-12,40.53244400024414,45.310001373291016,45.540000915527344,44.9900016784668,45.470001220703125,49800
2020-02-13,40.92605209350586,45.75,45.7599983215332,45.060001373291016,45.060001373291016,30300
2020-02-14,40.42509841918945,45.189998626708984,45.7599983215332,45.15999984741211,45.7599983215332,30200
2020-02-18,40.29091262817383,45.040000915527344,45.150001525878906,44.79999923706055,44.97999954223633,54700
2020-02-19,40.22829818725586,44.970001220703125,45.310001373291016,44.959999084472656,45.040000915527344,39500
2020-02-20,40.57716751098633,45.36000061035156,45.40999984741211,44.52000045776367,44.77000045776367,34200
2020-02-21,40.12094497680664,44.849998474121094,45.47999954223633,44.720001220703125,45.290000915527344,65400
2020-02-24,38.96696853637695,43.560001373291016,43.810001373291016,43.31999969482422,43.47999954223633,73900
2020-02-25,37.50883865356445,41.93000030517578,43.470001220703125,41.900001525878906,43.470001220703125,75800
2020-02-26,37.39255142211914,41.79999923706055,42.63999938964844,41.59000015258789,42.2400016784668,52500
2020-02-27,35.72867202758789,39.939998626708984,41.9900016784668,39.86000061035156,40.880001068115234,108000
2020-02-28,34.23475646972656,38.27000045776367,39.459999084472656,37.38999938964844,38.36000061035156,148200
2020-03-02,36.15805435180664,40.41999816894531,40.52000045776367,38.209999084472656,38.2599983215332,94500
2020-03-03,34.75360107421875,38.849998474121094,41.029998779296875,38.5099983215332,40.18000030517578,81600
2020-03-04,34.9951286315918,39.119998931884766,39.83000183105469,38.369998931884766,39.310001373291016,134900
2020-03-05,33.35810470581055,37.290000915527344,38.560001373291016,36.560001373291016,38.130001068115234,121800
2020-03-06,32.0430793762207,35.81999969482422,36.45000076293945,34.81999969482422,35.540000915527344,164500
2020-03-09,27.373491287231445,30.600000381469727,34.33000183105469,29.90999984741211,33.40999984741211,191200
2020-03-10,28.74216651916504,32.130001068115234,32.65999984741211,30.170000076293945,31.950000762939453,173800
2020-03-11,26.738351821899414,29.889999389648438,31.479999542236328,29.68000030517578,31.25,122100
2020-03-12,24.206750869750977,27.059999465942383,29.649999618530273,26.68000030517578,27.809999465942383,173100
2020-03-13,27.007457733154297,29.989999771118164,29.989999771118164,27.68000030517578,28.829999923706055,134200
2020-03-16,23.396259307861328,25.979999542236328,27.81999969482422,25.850000381469727,26.06999969482422,122800
2020-03-17,27.06149673461914,30.049999237060547,30.049999237060547,25.719999313354492,26.450000762939453,177600
2020-03-18,24.972217559814453,27.729999542236328,28.81999969482422,26.989999771118164,28.09000015258789,201000
2020-03-19,25.206357955932617,27.989999771118164,28.75,26.510000228881836,27.309999465942383,245100
2020-03-20,23.639408111572266,26.25,29.0,25.90999984741211,27.719999313354492,213100
2020-03-23,23.324216842651367,25.899999618530273,26.84000015258789,24.1299991607666,26.510000228881836,183300
2020-03-24,24.684040069580078,27.40999984741211,28.1200008392334,26.25,27.139999389648438,135800
2020-03-25,23.4052677154541,25.989999771118164,27.5,25.559999465942383,27.459999084472656,158400
2020-03-26,25.449508666992188,28.260000228881836,28.3799991607666,25.559999465942383,26.239999771118164,148300
2020-03-27,24.494930267333984,27.200000762939453,27.989999771118164,26.6299991607666,27.010000228881836,124000
2020-03-30,24.3958683013916,27.09000015258789,27.6299991607666,26.309999465942383,27.15999984741211,90700
2020-03-31,25.134313583374023,27.90999984741211,28.0,26.850000381469727,26.850000381469727,174700
2020-04-01,23.891563415527344,26.530000686645508,27.18000030517578,25.799999237060547,26.6200008392334,202100
2020-04-02,24.693050384521484,27.420000076293945,28.0,26.170000076293945,26.170000076293945,99300
2020-04-03,22.459688186645508,24.940000534057617,27.06999969482422,24.639999389648438,26.920000076293945,66400
2020-04-06,24.32382583618164,27.010000228881836,27.299999237060547,26.079999923706055,26.729999542236328,105600
2020-04-07,24.242780685424805,26.920000076293945,28.739999771118164,26.469999313354492,28.0,87000
2020-04-08,25.746688842773438,28.59000015258789,28.68000030517578,26.829999923706055,27.350000381469727,101400
2020-04-09,28.07911491394043,31.18000030517578,31.280000686645508,27.670000076293945,28.760000228881836,106700
2020-04-13,26.106908798217773,28.989999771118164,31.459999084472656,28.469999313354492,31.040000915527344,67800
2020-04-14,25.87276840209961,28.729999542236328,30.489999771118164,28.25,29.760000228881836,93500
2020-04-15,24.188743591308594,26.860000610351562,27.760000228881836,26.68000030517578,27.420000076293945,178100
2020-04-16,23.162111282348633,25.719999313354492,27.59000015258789,24.649999618530273,26.829999923706055,121700
2020-04-17,24.584978103637695,27.299999237060547,27.700000762939453,26.760000228881836,26.760000228881836,114700
2020-04-20,24.90017318725586,27.649999618530273,28.549999237060547,26.75,26.75,71700
2020-04-21,24.10768699645996,26.770000457763672,27.18000030517578,25.049999237060547,25.969999313354492,108500
2020-04-22,23.918575286865234,26.559999465942383,27.700000762939453,26.469999313354492,27.5,109800
2020-04-23,24.35083770751953,27.040000915527344,27.489999771118164,26.420000076293945,26.440000534057617,81900
2020-04-24,24.575977325439453,27.290000915527344,27.649999618530273,26.459999084472656,27.049999237060547,61600
2020-04-27,26.47614097595215,29.399999618530273,29.729999542236328,27.549999237060547,27.59000015258789,148300
2020-04-28,26.9714412689209,29.950000762939453,30.860000610351562,29.700000762939453,30.299999237060547,135900
2020-04-29,29.24982452392578,32.47999954223633,32.93000030517578,30.93000030517578,31.040000915527344,112100
2020-04-30,27.6828670501709,30.739999771118164,31.690000534057617,30.5,31.690000534057617,91000
2020-05-01,26.9714412689209,29.950000762939453,30.040000915527344,28.809999465942383,29.81999969482422,117900
2020-05-04,26.701271057128906,29.649999618530273,29.719999313354492,28.639999389648438,29.360000610351562,94200
2020-05-05,26.47614097595215,29.399999618530273,30.559999465942383,29.25,30.280000686645508,203300
2020-05-06,25.449508666992188,28.260000228881836,29.790000915527344,28.15999984741211,29.40999984741211,95000
2020-05-07,24.846141815185547,27.59000015258789,29.389999389648438,27.3799991607666,28.309999465942383,181000
2020-05-08,25.908790588378906,28.770000457763672,28.969999313354492,27.920000076293945,28.899999618530273,140200
2020-05-11,24.38686180114746,27.079999923706055,28.1299991607666,27.0,28.1299991607666,133300
2020-05-12,23.387256622314453,25.969999313354492,27.190000534057617,25.809999465942383,27.110000610351562,195500
2020-05-13,22.2525634765625,24.709999084472656,25.969999313354492,23.829999923706055,25.59000015258789,114000
2020-05-14,21.730243682861328,24.1299991607666,24.579999923706055,21.700000762939453,23.93000030517578,248500
2020-05-15,21.75725746154785,24.15999984741211,24.399999618530273,23.649999618530273,23.8700008392334,250400
2020-05-18,24.27879524230957,26.959999084472656,27.170000076293945,25.1299991607666,25.1299991607666,173300
2020-05-19,22.855924606323242,25.3799991607666,27.219999313354492,25.360000610351562,26.719999313354492,117400
2020-05-20,24.04465675354004,26.700000762939453,26.979999542236328,26.020000457763672,26.020000457763672,172300
2020-05-21,24.197750091552734,26.8700008392334,27.469999313354492,26.290000915527344,26.549999237060547,136900
2020-05-22,23.50432586669922,26.100000381469727,27.139999389648438,25.899999618530273,26.969999313354492,273400
2020-05-26,26.007848739624023,28.8799991607666,29.139999389648438,26.649999618530273,26.889999389648438,206800
2020-05-27,28.22319984436035,31.34000015258789,31.459999084472656,29.649999618530273,29.950000762939453,135400
2020-05-28,26.764307022094727,29.719999313354492,31.950000762939453,29.65999984741211,31.950000762939453,113800
2020-05-29,26.449119567871094,29.3700008392334,29.75,28.549999237060547,29.059999465942383,120100
2020-06-01,26.187957763671875,29.079999923706055,30.149999618530273,29.059999465942383,29.59000015258789,111500
2020-06-02,26.169952392578125,29.059999465942383,29.829999923706055,28.920000076293945,29.459999084472656,59200
2020-06-03,27.538785934448242,30.579999923706055,31.110000610351562,29.31999969482422,29.809999465942383,66800
2020-06-04,28.997669219970703,32.20000076293945,32.31999969482422,30.260000228881836,30.639999389648438,155200
2020-06-05,31.131980895996094,34.56999969482422,37.09000015258789,33.88999938964844,34.5099983215332,232900
2020-06-08,32.752960205078125,36.369998931884766,36.5,35.52000045776367,35.59000015258789,204100
2020-06-09,32.67191696166992,36.279998779296875,36.959999084472656,34.810001373291016,34.95000076293945,153300
2020-06-10,29.73612403869629,33.02000045776367,35.90999984741211,32.88999938964844,35.90999984741211,209100
2020-06-11,26.92641258239746,29.899999618530273,31.510000228881836,29.709999084472656,31.010000228881836,196700
2020-06-12,28.11327362060547,31.030000686645508,31.489999771118164,29.649999618530273,31.43000030517578,170800
2020-06-15,27.71463394165039,30.59000015258789,31.100000381469727,29.280000686645508,29.559999465942383,165100
2020-06-16,29.68971824645996,32.77000045776367,33.150001525878906,31.520000457763672,32.099998474121094,151500
2020-06-17,27.94113540649414,30.84000015258789,32.66999816894531,30.65999984741211,32.61000061035156,107400
2020-06-18,27.91395378112793,30.809999465942383,31.399999618530273,30.309999465942383,30.309999465942383,69600
2020-06-19,28.502859115600586,31.459999084472656,31.649999618530273,30.09000015258789,31.239999771118164,258800
2020-06-22,28.511913299560547,31.469999313354492,31.950000762939453,30.649999618530273,31.030000686645508,74800
2020-06-23,29.010217666625977,32.02000045776367,32.34000015258789,31.559999465942383,32.060001373291016,258900
2020-06-24,26.699914932250977,29.469999313354492,31.3799991607666,29.450000762939453,31.34000015258789,123200
2020-06-25,27.614978790283203,30.479999542236328,30.5,28.850000381469727,29.260000228881836,120600
2020-06-26,25.250308990478516,27.8700008392334,30.170000076293945,27.56999969482422,30.059999465942383,310400
2020-06-29,27.071367263793945,29.8799991607666,30.3700008392334,28.15999984741211,28.420000076293945,146200
2020-06-30,28.194814682006836,31.1200008392334,31.469999313354492,29.65999984741211,29.65999984741211,118300
2020-07-01,26.85392951965332,29.639999389648438,31.25,29.520000457763672,31.25,153300
2020-07-02,26.799570083618164,29.579999923706055,31.030000686645508,29.31999969482422,30.56999969482422,80500
2020-07-06,26.89017105102539,29.68000030517578,30.809999465942383,29.239999771118164,30.780000686645508,61900
2020-07-07,25.77579116821289,28.450000762939453,29.219999313354492,28.350000381469727,29.219999313354492,60700
2020-07-08,25.73048973083496,28.399999618530273,28.8700008392334,27.639999389648438,28.40999984741211,87200
2020-07-09,24.50738525390625,27.049999237060547,28.18000030517578,26.829999923706055,28.1299991607666,75300
2020-07-10,25.81202507019043,28.489999771118164,28.520000457763672,27.049999237060547,27.049999237060547,81900
2020-07-13,26.228788375854492,28.950000762939453,29.469999313354492,28.1299991607666,29.010000228881836,67200
2020-07-14,25.277482986450195,27.899999618530273,29.219999313354492,27.760000228881836,28.81999969482422,100600
2020-07-15,26.998891830444336,29.799999237060547,30.209999084472656,28.15999984741211,28.850000381469727,109400
2020-07-16,26.98077392578125,29.780000686645508,30.100000381469727,28.989999771118164,29.530000686645508,148200
2020-07-17,26.518714904785156,29.270000457763672,29.979999542236328,29.18000030517578,29.68000030517578,120200
2020-07-20,25.86638832092285,28.549999237060547,29.690000534057617,28.219999313354492,28.899999618530273,86300
2020-07-21,28.058914184570312,30.969999313354492,31.0,29.299999237060547,29.40999984741211,118500
2020-07-22,27.071367263793945,29.8799991607666,31.0,29.299999237060547,31.0,95400
2020-07-23,27.59685707092285,30.459999084472656,30.559999465942383,29.68000030517578,29.709999084472656,62200
2020-07-24,27.46095085144043,30.309999465942383,30.950000762939453,30.260000228881836,30.639999389648438,75700
2020-07-27,26.872055053710938,29.65999984741211,30.06999969482422,29.579999923706055,30.06999969482422,75400
2020-07-28,26.681791305541992,29.450000762939453,29.889999389648438,29.350000381469727,29.350000381469727,68600
2020-07-29,27.27069091796875,30.100000381469727,30.190000534057617,29.040000915527344,29.510000228881836,60200
2020-07-30,26.926406860351562,29.719999313354492,29.799999237060547,28.920000076293945,29.43000030517578,89900
2020-07-31,26.32845115661621,29.059999465942383,29.610000610351562,28.40999984741211,29.5,73200
2020-08-03,26.43716812133789,29.18000030517578,29.440000534057617,28.469999313354492,29.360000610351562,72100
2020-08-04,26.2197265625,28.940000534057617,29.260000228881836,28.450000762939453,29.010000228881836,85300
2020-08-05,27.225393295288086,30.049999237060547,30.079999923706055,28.899999618530273,29.360000610351562,68200
2020-08-06,27.297874450683594,30.1299991607666,30.209999084472656,29.760000228881836,29.899999618530273,92500
2020-08-07,28.502859115600586,31.459999084472656,31.5,29.790000915527344,29.979999542236328,134800
2020-08-10,29.46321678161621,32.52000045776367,33.0,31.690000534057617,31.75,121100
2020-08-11,30.16990089416504,33.29999923706055,33.900001525878906,32.93000030517578,32.97999954223633,100700
2020-08-12,29.599117279052734,32.66999816894531,34.04999923706055,31.950000762939453,34.04999923706055,102000
2020-08-13,29.200477600097656,32.22999954223633,32.5099983215332,31.889999389648438,32.29999923706055,65100
2020-08-14,29.30013084411621,32.34000015258789,32.61000061035156,30.540000915527344,31.719999313354492,58600
2020-08-17,28.883378982543945,31.8799991607666,32.20000076293945,31.43000030517578,32.20000076293945,56800
2020-08-18,28.276355743408203,31.209999084472656,31.8700008392334,30.829999923706055,31.8700008392334,73200
2020-08-19,28.285415649414062,31.219999313354492,31.809999465942383,31.030000686645508,31.139999389648438,66300
2020-08-20,27.750871658325195,30.6299991607666,31.329999923706055,30.559999465942383,30.65999984741211,50400
2020-08-21,26.85392951965332,29.639999389648438,30.549999237060547,29.010000228881836,30.25,132700
2020-08-24,27.76899528503418,30.649999618530273,30.65999984741211,28.90999984741211,29.90999984741211,147800
2020-08-25,27.723691940307617,30.600000381469727,31.25,30.399999618530273,31.1200008392334,141000
2020-08-26,26.727092742919922,29.5,30.68000030517578,29.43000030517578,30.459999084472656,149000
2020-08-27,27.759933471679688,30.639999389648438,30.760000228881836,29.100000381469727,29.6200008392334,102700
2020-08-28,27.9501953125,30.850000381469727,31.059999465942383,30.239999771118164,31.059999465942383,161600
2020-08-31,27.09855079650879,29.90999984741211,30.780000686645508,29.90999984741211,30.309999465942383,228500
2020-09-01,27.895835876464844,30.790000915527344,30.790000915527344,29.549999237060547,29.65999984741211,219500
2020-09-02,27.7418155670166,30.6200008392334,31.0,30.25,30.59000015258789,160900
2020-09-03,27.56061553955078,30.420000076293945,31.56999969482422,30.299999237060547,30.809999465942383,93300
2020-09-04,28.430370330810547,31.3799991607666,31.489999771118164,30.649999618530273,31.299999237060547,98900
2020-09-08,27.334110260009766,30.170000076293945,31.190000534057617,29.889999389648438,31.06999969482422,129000
2020-09-09,27.116668701171875,29.93000030517578,30.3700008392334,29.3799991607666,30.3700008392334,102600
2020-09-10,26.600248336791992,29.360000610351562,30.260000228881836,29.34000015258789,30.0,112900
2020-09-11,26.34656524658203,29.079999923706055,29.520000457763672,28.850000381469727,29.5,71100
2020-09-14,26.91179084777832,29.520000457763672,29.670000076293945,28.969999313354492,28.989999771118164,71700
2020-09-15,26.25540542602539,28.799999237060547,29.8799991607666,28.68000030517578,29.8799991607666,122000
2020-09-16,26.300987243652344,28.850000381469727,29.170000076293945,28.559999465942383,28.959999084472656,73700
2020-09-17,26.15512466430664,28.690000534057617,28.969999313354492,28.31999969482422,28.31999969482422,58700
2020-09-18,25.845163345336914,28.350000381469727,28.93000030517578,28.1299991607666,28.93000030517578,356700
2020-09-21,24.185970306396484,26.530000686645508,28.06999969482422,26.290000915527344,27.809999465942383,116500
2020-09-22,23.74837875366211,26.049999237060547,26.90999984741211,25.709999084472656,26.520000457763672,103700
2020-09-23,23.155807495117188,25.399999618530273,26.670000076293945,25.399999618530273,26.139999389648438,129500
2020-09-24,23.711912155151367,26.010000228881836,26.559999465942383,25.209999084472656,25.440000534057617,73700
2020-09-25,24.08568572998047,26.420000076293945,26.579999923706055,25.639999389648438,25.649999618530273,92900
2020-09-28,25.05202865600586,27.479999542236328,27.670000076293945,26.84000015258789,26.8700008392334,83300
2020-09-29,24.997333526611328,27.420000076293945,27.469999313354492,26.860000610351562,27.389999389648438,96500
2020-09-30,24.860584259033203,27.270000457763672,27.8799991607666,27.059999465942383,27.65999984741211,77800
2020-10-01,25.19789695739746,27.639999389648438,27.670000076293945,27.0,27.31999969482422,71300
2020-10-02,25.681066513061523,28.170000076293945,28.520000457763672,26.989999771118164,26.989999771118164,87300
2020-10-05,26.291868209838867,28.84000015258789,28.90999984741211,28.139999389648438,28.399999618530273,119000
2020-10-06,26.601829528808594,29.18000030517578,30.56999969482422,28.899999618530273,29.299999237060547,121300
2020-10-07,27.258211135864258,29.899999618530273,30.299999237060547,29.440000534057617,29.729999542236328,127900
2020-10-08,27.6411075592041,30.31999969482422,31.40999984741211,29.6299991607666,30.280000686645508,87600
2020-10-09,27.486125946044922,30.149999618530273,30.729999542236328,30.040000915527344,30.690000534057617,72100
2020-10-12,28.078697204589844,30.799999237060547,30.90999984741211,30.100000381469727,30.100000381469727,84200
2020-10-13,26.91179084777832,29.520000457763672,30.510000228881836,29.520000457763672,30.510000228881836,40800
2020-10-14,26.300987243652344,28.850000381469727,29.770000457763672,28.829999923706055,29.489999771118164,55500
2020-10-15,27.440547943115234,30.100000381469727,30.190000534057617,28.5,28.5,84000
2020-10-16,27.823436737060547,30.520000457763672,30.649999618530273,29.56999969482422,29.959999084472656,73100
2020-10-19,27.066768646240234,29.690000534057617,30.790000915527344,29.6200008392334,30.520000457763672,70400
2020-10-20,26.78415870666504,29.3799991607666,29.989999771118164,28.520000457763672,29.020000457763672,124600
2020-10-21,26.592710494995117,29.170000076293945,29.75,29.1200008392334,29.3700008392334,97800
2020-10-22,27.8416690826416,30.540000915527344,30.649999618530273,29.040000915527344,29.040000915527344,183300
2020-10-23,28.023998260498047,30.739999771118164,31.299999237060547,30.260000228881836,30.829999923706055,125900
2020-10-26,27.631988525390625,30.309999465942383,30.600000381469727,29.670000076293945,30.270000457763672,82100
2020-10-27,26.78415870666504,29.3799991607666,30.450000762939453,29.350000381469727,30.450000762939453,67100
2020-10-28,26.036605834960938,28.559999465942383,29.010000228881836,28.290000915527344,28.540000915527344,88300
2020-10-29,26.56536293029785,29.139999389648438,29.309999465942383,27.479999542236328,28.450000762939453,99300
2020-10-30,26.538015365600586,29.110000610351562,29.450000762939453,28.799999237060547,28.920000076293945,122400
2020-11-02,27.21263313293457,29.850000381469727,30.110000610351562,29.209999084472656,29.6299991607666,90700
2020-11-03,27.978410720825195,30.690000534057617,30.950000762939453,30.200000762939453,30.290000915527344,140500
2020-11-04,26.738574981689453,29.329999923706055,31.100000381469727,29.260000228881836,30.709999084472656,124700
2020-11-05,27.504358291625977,30.170000076293945,30.5,29.31999969482422,29.31999969482422,95300
2020-11-06,26.455961227416992,29.020000457763672,30.59000015258789,28.8700008392334,30.59000015258789,55300
2020-11-09,30.62218475341797,33.59000015258789,34.720001220703125,31.709999084472656,31.709999084472656,274800
2020-11-10,31.88936996459961,34.97999954223633,35.22999954223633,33.90999984741211,33.90999984741211,135100
2020-11-11,31.34238052368164,34.380001068115234,35.33000183105469,33.720001220703125,35.060001373291016,119300
2020-11-12,30.59484100341797,33.560001373291016,34.41999816894531,33.279998779296875,33.65999984741211,125700
2020-11-13,31.032432556152344,34.040000915527344,34.400001525878906,33.65999984741211,34.2400016784668,101300
2020-11-16,32.81926345825195,36.0,36.029998779296875,34.06999969482422,34.06999969482422,120200
2020-11-17,32.272274017333984,35.400001525878906,35.63999938964844,34.689998626708984,35.27000045776367,202100
2020-11-18,31.470020294189453,34.52000045776367,35.81999969482422,34.470001220703125,35.77000045776367,109700
2020-11-19,31.30591583251953,34.34000015258789,34.5,33.45000076293945,34.310001373291016,67500
2020-11-20,31.09623908996582,34.11000061035156,34.40999984741211,33.5099983215332,33.84000015258789,97900
2020-11-23,31.542949676513672,34.599998474121094,35.060001373291016,34.529998779296875,34.59000015258789,79800
2020-11-24,32.59134292602539,35.75,36.470001220703125,35.0,35.41999816894531,182500
2020-11-25,32.59134292602539,35.75,35.939998626708984,34.72999954223633,35.61000061035156,108900
2020-11-27,32.08993148803711,35.20000076293945,35.599998474121094,34.65999984741211,35.599998474121094,42600
2020-11-30,31.00507926940918,34.0099983215332,35.209999084472656,33.63999938964844,34.84000015258789,172200
2020-12-01,31.451791763305664,34.5,36.2599983215332,33.810001373291016,36.2599983215332,187200
2020-12-02,31.8529052734375,34.939998626708984,35.04999923706055,34.290000915527344,34.349998474121094,125900
2020-12-03,31.278575897216797,34.310001373291016,35.2400016784668,34.02000045776367,34.970001220703125,74200
2020-12-04,31.90760612487793,35.0,35.150001525878906,33.720001220703125,34.38999938964844,138500
2020-12-07,31.880260467529297,34.970001220703125,35.0,34.22999954223633,34.790000915527344,81700
2020-12-08,32.026126861572266,35.130001068115234,35.20000076293945,34.470001220703125,34.470001220703125,179500
2020-12-09,32.25403594970703,35.380001068115234,35.619998931884766,34.900001525878906,35.150001525878906,133100
2020-12-10,32.32696533203125,35.459999084472656,35.61000061035156,34.7599983215332,35.060001373291016,78000
2020-12-11,32.0808219909668,35.189998626708984,35.599998474121094,33.939998626708984,34.95000076293945,205300
2020-12-14,32.6122932434082,35.59000015258789,36.63999938964844,35.29999923706055,35.68000030517578,202900
2020-12-15,33.43699264526367,36.4900016784668,36.630001068115234,35.290000915527344,35.970001220703125,161500
2020-12-16,33.65690612792969,36.72999954223633,37.11000061035156,36.43000030517578,36.790000915527344,182800
2020-12-17,33.482810974121094,36.540000915527344,37.08000183105469,36.369998931884766,36.7599983215332,232400
2020-12-18,32.45651626586914,35.41999816894531,37.04999923706055,35.310001373291016,36.709999084472656,600100
2020-12-21,31.824243545532227,34.72999954223633,35.65999984741211,34.130001068115234,35.27000045776367,181900
2020-12-22,31.384408950805664,34.25,35.04999923706055,34.040000915527344,34.880001068115234,126500
2020-12-23,32.22743225097656,35.16999816894531,35.40999984741211,34.41999816894531,34.560001373291016,171400
2020-12-24,32.2091064453125,35.150001525878906,35.689998626708984,34.689998626708984,35.220001220703125,68300
2020-12-28,32.32823181152344,35.279998779296875,35.7400016784668,35.099998474121094,35.63999938964844,110000
2020-12-29,31.448549270629883,34.31999969482422,35.380001068115234,34.130001068115234,35.380001068115234,69200
2020-12-30,31.68680191040039,34.58000183105469,34.849998474121094,34.279998779296875,34.279998779296875,66900
2020-12-31,32.02584457397461,34.95000076293945,35.290000915527344,34.540000915527344,34.689998626708984,91800
2021-01-04,31.73261070251465,34.630001068115234,35.47999954223633,34.15999984741211,35.15999984741211,112200
2021-01-05,32.172454833984375,35.11000061035156,35.369998931884766,33.279998779296875,34.54999923706055,96200
2021-01-06,34.408302307128906,37.54999923706055,38.11000061035156,35.56999969482422,35.9900016784668,156600
2021-01-07,34.31667709350586,37.45000076293945,38.220001220703125,37.43000030517578,37.75,90200
2021-01-08,33.931819915771484,37.029998779296875,37.7599983215332,36.25,37.45000076293945,106100
2021-01-11,33.95930480957031,37.060001373291016,37.400001525878906,36.45000076293945,36.459999084472656,132000
2021-01-12,34.426639556884766,37.56999969482422,37.849998474121094,37.0099983215332,37.02000045776367,99800
2021-01-13,34.105918884277344,37.220001220703125,37.45000076293945,36.560001373291016,37.45000076293945,86500
2021-01-14,34.68320083618164,37.849998474121094,38.18000030517578,36.77000045776367,37.43000030517578,122400
2021-01-15,34.3075065612793,37.439998626708984,37.63999938964844,36.869998931884766,37.25,78900
2021-01-19,34.29835510253906,37.43000030517578,37.959999084472656,37.119998931884766,37.959999084472656,84000
2021-01-20,34.115081787109375,37.22999954223633,37.630001068115234,37.0,37.529998779296875,69000
2021-01-21,33.51029586791992,36.56999969482422,37.90999984741211,36.43000030517578,37.400001525878906,73900
2021-01-22,34.105918884277344,37.220001220703125,37.47999954223633,36.0099983215332,36.0099983215332,92200
2021-01-25,33.57444763183594,36.63999938964844,36.88999938964844,35.720001220703125,36.54999923706055,102900
2021-01-26,34.252532958984375,37.380001068115234,38.9900016784668,37.0,38.9900016784668,249900
2021-01-27,32.319068908691406,35.27000045776367,37.27000045776367,35.119998931884766,36.7599983215332,144300
2021-01-28,33.09794998168945,36.119998931884766,36.75,35.56999969482422,36.189998626708984,148700
2021-01-29,32.35572052001953,35.310001373291016,36.310001373291016,35.310001373291016,36.02000045776367,149700
2021-02-01,32.548152923583984,35.52000045776367,35.79999923706055,34.709999084472656,35.45000076293945,106600
2021-02-02,33.831024169921875,36.91999816894531,37.119998931884766,35.20000076293945,36.13999938964844,122800
2021-02-03,33.785194396972656,36.869998931884766,37.0099983215332,36.220001220703125,36.65999984741211,77200
2021-02-04,35.35213851928711,38.58000183105469,38.58000183105469,36.959999084472656,36.959999084472656,87700
2021-02-05,35.251338958740234,38.470001220703125,39.7599983215332,38.18000030517578,39.7599983215332,88700
2021-02-08,35.95691680908203,39.2400016784668,39.36000061035156,38.470001220703125,38.599998474121094,75600
2021-02-09,36.52504348754883,39.86000061035156,39.86000061035156,38.93000030517578,39.029998779296875,85000
2021-02-10,36.89157485961914,40.2599983215332,40.689998626708984,39.68000030517578,40.0,137800
2021-02-11,36.73579025268555,40.09000015258789,40.63999938964844,39.459999084472656,40.119998931884766,153600
2021-02-12,36.67164993286133,40.02000045776367,40.38999938964844,39.65999984741211,39.88999938964844,91600
2021-02-16,36.790775299072266,40.150001525878906,40.88999938964844,40.09000015258789,40.77000045776367,106800
2021-02-17,36.6349983215332,39.97999954223633,40.38999938964844,39.95000076293945,40.130001068115234,61500
2021-02-18,36.158504486083984,39.459999084472656,40.099998474121094,39.380001068115234,39.790000915527344,68000
2021-02-19,37.12065124511719,40.5099983215332,40.5099983215332,39.54999923706055,39.54999923706055,64200
2021-02-22,38.36686706542969,41.869998931884766,41.970001220703125,40.5099983215332,40.5099983215332,92100
2021-02-23,38.669246673583984,42.20000076293945,43.130001068115234,41.09000015258789,42.040000915527344,207200
2021-02-24,40.17205047607422,43.84000015258789,43.959999084472656,42.119998931884766,42.47999954223633,138400
2021-02-25,40.14455795288086,43.810001373291016,44.58000183105469,43.38999938964844,43.75,227700
2021-02-26,39.40232467651367,43.0,43.900001525878906,42.79999923706055,43.77000045776367,205900
2021-03-01,40.97840881347656,44.720001220703125,44.83000183105469,43.099998474121094,44.11000061035156,148600
2021-03-02,40.87761688232422,44.61000061035156,45.08000183105469,43.970001220703125,44.349998474121094,234600
2021-03-03,41.7939567565918,45.61000061035156,46.630001068115234,44.7400016784668,44.86000061035156,175200
2021-03-04,40.90510177612305,44.63999938964844,46.68000030517578,44.220001220703125,45.880001068115234,152900
2021-03-05,42.25212097167969,46.11000061035156,46.34000015258789,44.540000915527344,45.41999816894531,270500
2021-03-08,44.662078857421875,48.7400016784668,49.0,46.38999938964844,46.65999984741211,231300
2021-03-09,43.58080291748047,47.560001373291016,48.68000030517578,46.900001525878906,47.75,150900
2021-03-10,45.40430450439453,49.54999923706055,49.63999938964844,47.25,47.56999969482422,267200
2021-03-11,45.66088104248047,49.83000183105469,49.849998474121094,49.0,49.709999084472656,164800
2021-03-12,47.445011138916016,51.59000015258789,51.689998626708984,49.59000015258789,50.0,307800
2021-03-15,45.60570526123047,49.59000015258789,52.0,48.90999984741211,51.959999084472656,155600
2021-03-16,44.98953628540039,48.91999816894531,49.2400016784668,47.65999984741211,49.15999984741211,99300
2021-03-17,45.2838249206543,49.2400016784668,49.59000015258789,48.43000030517578,49.2599983215332,131200
2021-03-18,45.2010498046875,49.150001525878906,50.66999816894531,48.75,49.630001068115234,132500
2021-03-19,45.41257095336914,49.380001068115234,49.61000061035156,47.77000045776367,48.79999923706055,331600
2021-03-22,44.630855560302734,48.529998779296875,49.119998931884766,48.040000915527344,49.119998931884766,120100
2021-03-23,43.49968719482422,47.29999923706055,48.36000061035156,47.25,47.75,146000
2021-03-24,43.637638092041016,47.45000076293945,49.75,47.31999969482422,47.90999984741211,114700
2021-03-25,44.96193313598633,48.88999938964844,49.06999969482422,46.83000183105469,47.29999923706055,133400
2021-03-26,46.11151123046875,50.13999938964844,50.27000045776367,47.939998626708984,49.72999954223633,142100
2021-03-29,45.09988784790039,49.040000915527344,50.0,48.2599983215332,49.34000015258789,107800
2021-03-30,45.982757568359375,50.0,50.279998779296875,49.189998626708984,49.59000015258789,153800
2021-03-31,45.467750549316406,49.439998626708984,50.40999984741211,48.9900016784668,50.11000061035156,175000
2021-04-01,45.596492767333984,49.58000183105469,49.900001525878906,48.88999938964844,49.040000915527344,90500
2021-04-05,46.093116760253906,50.119998931884766,50.369998931884766,49.189998626708984,50.0,93800
2021-04-06,45.96436309814453,49.97999954223633,50.439998626708984,49.25,50.22999954223633,116600
2021-04-07,45.66088104248047,49.650001525878906,50.40999984741211,49.310001373291016,50.25,124900
2021-04-08,45.762046813964844,49.7599983215332,49.810001373291016,48.689998626708984,49.40999984741211,90600
2021-04-09,46.065528869628906,50.09000015258789,50.38999938964844,49.61000061035156,50.16999816894531,107100
2021-04-12,46.28623962402344,50.33000183105469,50.529998779296875,49.90999984741211,50.41999816894531,131500
2021-04-13,44.823997497558594,48.7400016784668,50.130001068115234,48.7400016784668,50.130001068115234,89000
2021-04-14,45.54133224487305,49.52000045776367,50.060001373291016,48.90999984741211,48.90999984741211,86500
2021-04-15,45.75284194946289,49.75,49.900001525878906,48.86000061035156,49.900001525878906,86600
2021-04-16,46.18508529663086,50.220001220703125,50.31999969482422,49.529998779296875,50.029998779296875,109300
2021-04-19,46.001155853271484,50.02000045776367,50.5,49.56999969482422,50.02000045776367,163800
2021-04-20,44.75960922241211,48.66999816894531,49.849998474121094,47.959999084472656,49.779998779296875,215900
2021-04-21,45.51373291015625,49.4900016784668,49.540000915527344,48.41999816894531,48.41999816894531,112100
2021-04-22,44.92515182495117,48.849998474121094,49.72999954223633,48.599998474121094,49.72999954223633,65700
2021-04-23,46.525352478027344,50.59000015258789,50.77000045776367,48.869998931884766,49.5,263400
2021-04-26,46.1207160949707,50.150001525878906,51.099998474121094,49.7400016784668,49.84000015258789,131100
2021-04-27,43.69281768798828,47.5099983215332,47.560001373291016,45.25,47.5,836900
2021-04-28,44.52970504760742,48.41999816894531,48.5099983215332,46.939998626708984,48.25,455700
2021-04-29,45.155067443847656,49.099998474121094,49.93000030517578,48.5099983215332,49.09000015258789,376900
2021-04-30,45.18265914916992,49.130001068115234,49.29999923706055,48.220001220703125,48.650001525878906,397200
2021-05-03,45.743648529052734,49.7400016784668,49.93000030517578,49.279998779296875,49.470001220703125,268800
2021-05-04,45.73444747924805,49.72999954223633,50.459999084472656,49.20000076293945,49.220001220703125,330300
2021-05-05,45.78044128417969,49.779998779296875,50.20000076293945,49.04999923706055,49.9900016784668,174500
2021-05-06,46.635711669921875,50.709999084472656,50.75,49.13999938964844,49.869998931884766,151400
2021-05-07,46.41499328613281,50.470001220703125,50.619998931884766,49.95000076293945,50.31999969482422,103800
2021-05-10,45.697654724121094,49.689998626708984,51.279998779296875,49.619998931884766,50.5,166400
2021-05-11,45.274620056152344,49.22999954223633,49.65999984741211,48.689998626708984,49.119998931884766,120200
2021-05-12,44.14344024658203,48.0,49.9900016784668,47.83000183105469,49.529998779296875,117400
2021-05-13,45.73444747924805,49.72999954223633,49.970001220703125,47.75,48.20000076293945,134300
2021-05-14,46.0747184753418,50.099998474121094,50.13999938964844,49.25,49.52000045776367,87900
2021-05-17,45.743648529052734,49.7400016784668,50.06999969482422,47.77000045776367,50.06999969482422,86300
2021-05-18,44.83318328857422,48.75,49.70000076293945,48.7400016784668,49.56999969482422,87100
2021-05-19,44.55730056762695,48.45000076293945,48.599998474121094,47.29999923706055,48.349998474121094,87000
2021-05-20,44.72283935546875,48.630001068115234,48.79999923706055,47.560001373291016,48.22999954223633,107900
2021-05-21,45.50454330444336,49.47999954223633,49.70000076293945,48.779998779296875,49.0,92200
2021-05-24,45.21025085449219,49.15999984741211,49.540000915527344,48.93000030517578,49.5,100700
2021-05-25,44.005496978759766,47.849998474121094,49.90999984741211,47.84000015258789,48.79999923706055,139800
2021-05-26,44.69523620605469,48.599998474121094,48.75,47.900001525878906,48.150001525878906,142900
2021-05-27,45.302215576171875,49.2599983215332,49.45000076293945,48.9900016784668,49.099998474121094,81800
2021-05-28,45.440162658691406,49.40999984741211,49.47999954223633,48.720001220703125,49.47999954223633,62500
2021-06-01,45.7160530090332,49.709999084472656,49.91999816894531,48.130001068115234,49.65999984741211,102100
2021-06-02,45.19184875488281,49.13999938964844,50.0,49.02000045776367,50.0,75500
2021-06-03,45.60570526123047,49.59000015258789,49.810001373291016,48.869998931884766,48.90999984741211,123400
2021-06-04,45.743648529052734,49.7400016784668,49.779998779296875,49.02000045776367,49.209999084472656,104100
2021-06-07,45.899993896484375,49.90999984741211,50.0,49.380001068115234,49.70000076293945,147900
2021-06-08,45.80802536010742,49.810001373291016,50.189998626708984,49.29999923706055,49.68000030517578,117800
2021-06-09,45.03550720214844,48.970001220703125,49.5,48.880001068115234,49.43000030517578,101100
2021-06-10,44.11586380004883,47.970001220703125,49.439998626708984,47.95000076293945,49.130001068115234,118200
2021-06-11,44.36417007446289,48.2400016784668,48.45000076293945,48.060001373291016,48.220001220703125,152200
2021-06-14,44.30877685546875,48.0,48.63999938964844,47.599998474121094,48.11000061035156,149400
2021-06-15,44.576480865478516,48.290000915527344,48.72999954223633,48.04999923706055,48.209999084472656,115400
2021-06-16,45.29650115966797,49.06999969482422,49.33000183105469,47.79999923706055,48.38999938964844,96600
2021-06-17,43.64414596557617,47.279998779296875,49.4900016784668,47.220001220703125,49.2599983215332,155700
2021-06-18,42.55488967895508,46.099998474121094,47.56999969482422,46.099998474121094,46.75,537900
2021-06-21,44.12416076660156,47.79999923706055,48.34000015258789,46.619998931884766,46.779998779296875,145500
2021-06-22,43.81953430175781,47.470001220703125,48.25,47.27000045776367,47.709999084472656,122200
2021-06-23,43.616451263427734,47.25,47.790000915527344,47.189998626708984,47.63999938964844,118900
2021-06-24,44.133399963378906,47.810001373291016,47.86000061035156,47.0099983215332,47.310001373291016,101400
2021-06-25,43.3487548828125,46.959999084472656,48.279998779296875,46.45000076293945,48.11000061035156,657700
2021-06-28,42.86874008178711,46.439998626708984,46.970001220703125,46.029998779296875,46.58000183105469,206800
2021-06-29,42.711822509765625,46.27000045776367,47.13999938964844,46.220001220703125,46.63999938964844,123100
2021-06-30,42.822593688964844,46.38999938964844,46.689998626708984,46.04999923706055,46.04999923706055,149400
2021-07-01,43.561073303222656,47.189998626708984,47.31999969482422,46.61000061035156,46.7400016784668,122900
2021-07-02,42.85028076171875,46.41999816894531,47.22999954223633,46.38999938964844,47.06999969482422,104000
2021-07-06,41.70564270019531,45.18000030517578,46.400001525878906,44.959999084472656,46.2400016784668,157700
2021-07-07,41.35486602783203,44.79999923706055,45.400001525878906,43.869998931884766,44.7400016784668,137300
2021-07-08,40.616371154785156,44.0,44.540000915527344,43.47999954223633,43.9900016784668,120600
2021-07-09,42.44411849975586,45.97999954223633,45.97999954223633,44.720001220703125,44.79999923706055,127700
2021-07-12,42.35181427001953,45.880001068115234,45.9900016784668,44.40999984741211,45.459999084472656,84200
2021-07-13,41.447166442871094,44.900001525878906,46.029998779296875,44.849998474121094,45.75,75400
2021-07-14,41.16101837158203,44.59000015258789,45.58000183105469,44.36000061035156,44.900001525878906,83000
2021-07-15,41.26255798339844,44.70000076293945,44.939998626708984,44.02000045776367,44.16999816894531,126900
2021-07-16,40.431766510009766,43.79999923706055,45.2400016784668,43.720001220703125,45.2400016784668,105200
2021-07-19,39.296356201171875,42.56999969482422,43.349998474121094,42.2400016784668,42.63999938964844,176500
2021-07-20,40.22869110107422,43.58000183105469,44.34000015258789,42.22999954223633,42.52000045776367,402800
2021-07-21,40.625614166259766,44.0099983215332,44.56999969482422,43.61000061035156,43.97999954223633,158100
2021-07-22,39.38865661621094,42.66999816894531,44.7400016784668,42.54999923706055,44.0,232000
2021-07-23,39.18557357788086,42.45000076293945,43.45000076293945,42.369998931884766,43.220001220703125,119500
2021-07-26,39.527122497558594,42.81999969482422,43.189998626708984,42.400001525878906,42.65999984741211,106100
2021-07-27,40.025604248046875,43.36000061035156,44.939998626708984,42.439998626708984,42.81999969482422,198800
2021-07-28,40.77330780029297,44.16999816894531,44.2599983215332,42.7400016784668,43.400001525878906,193000
2021-07-29,41.68717575073242,45.15999984741211,45.36000061035156,44.130001068115234,44.709999084472656,216300
2021-07-30,41.14255142211914,44.56999969482422,45.29999923706055,44.369998931884766,45.060001373291016,183300
2021-08-02,40.699459075927734,44.09000015258789,46.400001525878906,44.08000183105469,44.79999923706055,192900
2021-08-03,41.77948760986328,45.2599983215332,45.56999969482422,43.689998626708984,44.220001220703125,169100
2021-08-04,41.41024398803711,44.86000061035156,45.5,44.459999084472656,44.560001373291016,164300
2021-08-05,42.00102615356445,45.5,46.20000076293945,44.52000045776367,44.52000045776367,198400
2021-08-06,44.10569763183594,47.779998779296875,47.939998626708984,45.599998474121094,46.22999954223633,236600
2021-08-09,43.053367614746094,46.63999938964844,47.810001373291016,46.5099983215332,47.560001373291016,86200
2021-08-10,43.47798538208008,47.099998474121094,47.29999923706055,46.029998779296875,46.540000915527344,62000
2021-08-11,44.041080474853516,47.709999084472656,47.720001220703125,46.7599983215332,47.18000030517578,126600
2021-08-12,43.63491439819336,47.27000045776367,47.79999923706055,46.88999938964844,47.79999923706055,80800
2021-08-13,42.905670166015625,46.47999954223633,47.290000915527344,46.439998626708984,47.25,87000
2021-08-16,42.85028076171875,46.41999816894531,46.810001373291016,45.540000915527344,46.31999969482422,56200
2021-08-17,42.0102653503418,45.5099983215332,46.459999084472656,45.119998931884766,46.040000915527344,72400
2021-08-18,41.48409652709961,44.939998626708984,45.79999923706055,44.880001068115234,45.349998474121094,85000
2021-08-19,41.26255798339844,44.70000076293945,44.90999984741211,44.220001220703125,44.459999084472656,97900
2021-08-20,42.121036529541016,45.630001068115234,45.70000076293945,44.34000015258789,44.47999954223633,110100
2021-08-23,42.1302604675293,45.63999938964844,46.0099983215332,45.310001373291016,46.0099983215332,57700
2021-08-24,41.908721923828125,45.400001525878906,45.790000915527344,45.279998779296875,45.38999938964844,68300
2021-08-25,41.85334014892578,45.34000015258789,45.72999954223633,45.02000045776367,45.400001525878906,104200
2021-08-26,40.9394645690918,44.349998474121094,45.400001525878906,44.27000045776367,45.400001525878906,85400
2021-08-27,42.296424865722656,45.81999969482422,45.88999938964844,44.439998626708984,44.439998626708984,124600
2021-08-30,41.07793045043945,44.5,45.810001373291016,44.40999984741211,45.810001373291016,57400
2021-08-31,41.45640563964844,44.90999984741211,45.209999084472656,44.16999816894531,44.7400016784668,111500
2021-09-01,41.31794357299805,44.7599983215332,45.130001068115234,44.2400016784668,45.130001068115234,106100
2021-09-02,41.447166442871094,44.900001525878906,45.13999938964844,44.470001220703125,44.52000045776367,93900
2021-09-03,41.12408447265625,44.54999923706055,44.9900016784668,44.22999954223633,44.880001068115234,89700
2021-09-07,40.83791732788086,44.2400016784668,44.91999816894531,44.20000076293945,44.77000045776367,71500
2021-09-08,40.46868896484375,43.84000015258789,44.27000045776367,43.650001525878906,44.0,138300
2021-09-09,40.533302307128906,43.90999984741211,44.45000076293945,43.59000015258789,43.79999923706055,86100
2021-09-10,40.46868896484375,43.84000015258789,44.41999816894531,43.810001373291016,44.130001068115234,110400
2021-09-13,40.89331817626953,44.29999923706055,44.45000076293945,43.68000030517578,44.150001525878906,83400
2021-09-14,39.956966400146484,43.099998474121094,44.47999954223633,43.0,44.220001220703125,149600
2021-09-15,40.18873596191406,43.349998474121094,44.0099983215332,43.130001068115234,43.2400016784668,110400
2021-09-16,40.09602737426758,43.25,43.790000915527344,42.97999954223633,43.709999084472656,100900
2021-09-17,40.680084228515625,43.880001068115234,44.0099983215332,43.18000030517578,43.33000183105469,482500
2021-09-20,39.854984283447266,42.9900016784668,43.25,42.369998931884766,42.470001220703125,177500
2021-09-21,39.69738006591797,42.81999969482422,43.380001068115234,42.7400016784668,43.189998626708984,120700
2021-09-22,40.17018508911133,43.33000183105469,43.7400016784668,43.029998779296875,43.22999954223633,115200
2021-09-23,41.19924545288086,44.439998626708984,44.849998474121094,43.70000076293945,43.720001220703125,123000
2021-09-24,41.64424133300781,44.91999816894531,45.119998931884766,44.38999938964844,44.400001525878906,83800
2021-09-27,42.69183349609375,46.04999923706055,46.619998931884766,45.060001373291016,45.33000183105469,184100
2021-09-28,42.1077766418457,45.41999816894531,46.18000030517578,45.33000183105469,46.16999816894531,104900
2021-09-29,42.47861099243164,45.81999969482422,46.09000015258789,44.619998931884766,45.470001220703125,75900
2021-09-30,41.977989196777344,45.279998779296875,46.31999969482422,45.25,46.11000061035156,117400
2021-10-01,43.340789794921875,46.75,47.06999969482422,45.45000076293945,45.630001068115234,148400
2021-10-04,43.50766372680664,46.93000030517578,47.25,46.5099983215332,46.81999969482422,103100
2021-10-05,43.55401611328125,46.97999954223633,47.29999923706055,46.84000015258789,47.130001068115234,49900
2021-10-06,43.31298065185547,46.720001220703125,46.79999923706055,45.959999084472656,46.619998931884766,51500
2021-10-07,44.110260009765625,47.58000183105469,47.599998474121094,46.720001220703125,46.9900016784668,171400
2021-10-08,44.295677185058594,47.779998779296875,47.869998931884766,47.41999816894531,47.5,62900
2021-10-11,43.95265579223633,47.40999984741211,47.97999954223633,47.36000061035156,47.869998931884766,64700
2021-10-12,44.01755905151367,47.47999954223633,47.720001220703125,47.189998626708984,47.47999954223633,61700
2021-10-13,43.637454986572266,47.06999969482422,47.439998626708984,46.61000061035156,47.439998626708984,54700
2021-10-14,44.28641128540039,47.77000045776367,47.81999969482422,46.939998626708984,47.5099983215332,121400
2021-10-15,44.444007873535156,47.939998626708984,48.43000030517578,47.77000045776367,48.0,135700
2021-10-18,44.49037170410156,47.9900016784668,48.29999923706055,47.060001373291016,47.709999084472656,134900
2021-10-19,44.57380676269531,48.08000183105469,48.189998626708984,47.75,48.189998626708984,85400
2021-10-20,45.296913146972656,48.86000061035156,48.95000076293945,47.66999816894531,48.06999969482422,140800
2021-10-21,45.13005065917969,48.68000030517578,49.11000061035156,48.33000183105469,48.790000915527344,69500
2021-10-22,44.95390319824219,48.4900016784668,49.0,48.15999984741211,48.63999938964844,89300
2021-10-25,44.89827346801758,48.43000030517578,48.599998474121094,48.18000030517578,48.599998474121094,82200
2021-10-26,44.267860412597656,47.75,48.619998931884766,47.560001373291016,48.5,140600
2021-10-27,42.905067443847656,46.279998779296875,48.04999923706055,46.2400016784668,47.75,142300
2021-10-28,43.26662063598633,46.66999816894531,47.04999923706055,46.11000061035156,46.61000061035156,100600
2021-10-29,43.591094970703125,47.02000045776367,47.189998626708984,46.650001525878906,46.81999969482422,124000
2021-11-01,45.15785598754883,48.709999084472656,48.779998779296875,47.099998474121094,47.470001220703125,192600
2021-11-02,44.33275604248047,47.81999969482422,48.83000183105469,47.70000076293945,48.63999938964844,131600
2021-11-03,45.42671203613281,49.0,49.130001068115234,47.650001525878906,47.68000030517578,215400
2021-11-04,45.296913146972656,48.86000061035156,49.029998779296875,47.72999954223633,49.029998779296875,100400
2021-11-05,45.74191665649414,49.34000015258789,49.54999923706055,48.9900016784668,49.40999984741211,199500
2021-11-08,45.90879440307617,49.52000045776367,49.93000030517578,49.189998626708984,49.439998626708984,101900
2021-11-09,45.52869415283203,49.11000061035156,49.41999816894531,48.869998931884766,49.2599983215332,112100
2021-11-10,45.80681610107422,49.40999984741211,49.689998626708984,49.130001068115234,49.130001068115234,69600
2021-11-11,45.69556427001953,49.290000915527344,49.63999938964844,49.150001525878906,49.56999969482422,120100
2021-11-12,44.78702926635742,48.310001373291016,49.45000076293945,48.209999084472656,49.279998779296875,73500
2021-11-15,44.879737854003906,48.40999984741211,48.63999938964844,48.150001525878906,48.63999938964844,100900
2021-11-16,44.879737854003906,48.40999984741211,48.619998931884766,47.459999084472656,48.43000030517578,90600
2021-11-17,44.35130310058594,47.84000015258789,48.25,47.279998779296875,48.20000076293945,89000
2021-11-18,44.24005889892578,47.720001220703125,48.2400016784668,47.400001525878906,47.7599983215332,91600
2021-11-19,43.92485046386719,47.380001068115234,47.61000061035156,46.560001373291016,47.150001525878906,95600
2021-11-22,44.42546844482422,47.91999816894531,49.04999923706055,47.70000076293945,47.70000076293945,202700
2021-11-23,44.8426513671875,48.369998931884766,48.529998779296875,47.93000030517578,48.189998626708984,242200
2021-11-24,45.00952911376953,48.54999923706055,48.650001525878906,48.099998474121094,48.220001220703125,316200
2021-11-26,43.26662063598633,46.66999816894531,47.54999923706055,45.40999984741211,46.90999984741211,255300
2021-11-29,43.61891555786133,47.04999923706055,47.5,46.189998626708984,47.2599983215332,323900
2021-11-30,42.98850631713867,46.369998931884766,47.02000045776367,46.15999984741211,46.560001373291016,252500
2021-12-01,43.48912048339844,46.90999984741211,48.43000030517578,46.4900016784668,47.15999984741211,289200
2021-12-02,44.55526351928711,48.060001373291016,48.65999984741211,47.0,47.38999938964844,216500
2021-12-03,43.757972717285156,47.20000076293945,48.459999084472656,46.66999816894531,48.38999938964844,208300
2021-12-06,45.222755432128906,48.779998779296875,49.099998474121094,47.599998474121094,47.599998474121094,286900
2021-12-07,44.935359954833984,48.470001220703125,49.15999984741211,48.15999984741211,48.79999923706055,219200
2021-12-08,45.21347427368164,48.77000045776367,49.0,48.2599983215332,48.66999816894531,154200
2021-12-09,44.89827346801758,48.43000030517578,49.15999984741211,48.15999984741211,48.29999923706055,167500
2021-12-10,44.620147705078125,48.130001068115234,48.7599983215332,47.779998779296875,48.7599983215332,130600
2021-12-13,43.62818145751953,47.060001373291016,47.70000076293945,46.849998474121094,47.54999923706055,230300
2021-12-14,44.22404098510742,47.5,48.18000030517578,46.869998931884766,46.869998931884766,166700
2021-12-15,44.27059555053711,47.54999923706055,48.0,47.150001525878906,47.79999923706055,150600
2021-12-16,44.1402587890625,47.40999984741211,48.47999954223633,47.16999816894531,48.0,162500
2021-12-17,42.63197708129883,45.790000915527344,47.91999816894531,45.43000030517578,47.459999084472656,622300
2021-12-20,42.74370574951172,45.90999984741211,45.97999954223633,44.75,45.099998474121094,256300
2021-12-21,43.30232238769531,46.5099983215332,47.0099983215332,46.119998931884766,46.119998931884766,139900
2021-12-22,43.42334747314453,46.63999938964844,46.63999938964844,46.11000061035156,46.41999816894531,126600
2021-12-23,43.30232238769531,46.5099983215332,47.38999938964844,46.439998626708984,46.9900016784668,206000
2021-12-27,43.497833251953125,46.720001220703125,46.83000183105469,46.209999084472656,46.70000076293945,353300
2021-12-28,44.06577682495117,47.33000183105469,47.77000045776367,46.5099983215332,46.869998931884766,113600
2021-12-29,44.19611740112305,47.470001220703125,47.619998931884766,46.65999984741211,47.459999084472656,109300
2021-12-30,43.91679763793945,47.16999816894531,47.91999816894531,46.959999084472656,47.65999984741211,92200
2021-12-31,43.84231948852539,47.09000015258789,47.58000183105469,46.880001068115234,47.04999923706055,74300
2022-01-03,44.475425720214844,47.77000045776367,48.220001220703125,47.20000076293945,47.20000076293945,153200
2022-01-04,45.36921310424805,48.72999954223633,49.189998626708984,48.27000045776367,48.29999923706055,123500
2022-01-05,45.043357849121094,48.380001068115234,49.20000076293945,48.36000061035156,49.0,94500
2022-01-06,46.132659912109375,49.54999923706055,49.7400016784668,48.720001220703125,48.849998474121094,121400
2022-01-07,46.197837829589844,49.619998931884766,49.869998931884766,49.34000015258789,49.61000061035156,92700
2022-01-10,46.020938873291016,49.43000030517578,49.709999084472656,48.91999816894531,49.59000015258789,95000
2022-01-11,45.81611251831055,49.209999084472656,49.72999954223633,48.310001373291016,49.650001525878906,177300
2022-01-12,45.83473205566406,49.22999954223633,49.66999816894531,48.810001373291016,49.34000015258789,86600
2022-01-13,46.272315979003906,49.70000076293945,49.869998931884766,49.290000915527344,49.310001373291016,97100
2022-01-14,46.52369689941406,49.970001220703125,50.0,48.599998474121094,49.189998626708984,96400
2022-01-18,45.909210205078125,49.310001373291016,50.0,47.45000076293945,49.880001068115234,105500
2022-01-19,44.68025207519531,47.9900016784668,49.79999923706055,47.959999084472656,49.529998779296875,74300
2022-01-20,43.69335174560547,46.93000030517578,48.70000076293945,46.869998931884766,47.869998931884766,100200
2022-01-21,43.805076599121094,47.04999923706055,47.86000061035156,46.45000076293945,46.970001220703125,148700
2022-01-24,44.87577438354492,48.20000076293945,48.29999923706055,46.209999084472656,47.04999923706055,149500
2022-01-25,45.546112060546875,48.91999816894531,49.720001220703125,47.2400016784668,49.720001220703125,186600
2022-01-26,46.290931701660156,49.720001220703125,50.09000015258789,48.79999923706055,49.20000076293945,190700
2022-01-27,45.18299865722656,48.529998779296875,50.779998779296875,48.279998779296875,50.0099983215332,142300
2022-01-28,45.71369171142578,49.099998474121094,49.11000061035156,47.83000183105469,48.54999923706055,172600
2022-01-31,46.12335205078125,49.540000915527344,49.869998931884766,48.290000915527344,48.65999984741211,165400
2022-02-01,46.68197250366211,50.13999938964844,50.220001220703125,49.22999954223633,49.540000915527344,148600
2022-02-02,46.588863372802734,50.040000915527344,50.369998931884766,49.189998626708984,50.0099983215332,107100
2022-02-03,46.77507781982422,50.2400016784668,50.91999816894531,49.77000045776367,50.040000915527344,172100
2022-02-04,47.27782440185547,50.779998779296875,50.93000030517578,49.95000076293945,50.349998474121094,99700
2022-02-07,47.04507064819336,50.529998779296875,50.86000061035156,50.25,50.86000061035156,74800
2022-02-08,47.78989791870117,51.33000183105469,51.43000030517578,49.599998474121094,50.79999923706055,114600
2022-02-09,46.50507354736328,49.95000076293945,51.5,49.849998474121094,51.5,90300
2022-02-10,46.25369644165039,49.68000030517578,50.29999923706055,49.27000045776367,50.02000045776367,123800
2022-02-11,45.8626594543457,49.2599983215332,50.2599983215332,49.040000915527344,49.560001373291016,140000
2022-02-14,45.890586853027344,49.290000915527344,49.56999969482422,48.9900016784668,49.56999969482422,93500
2022-02-15,46.70989227294922,50.16999816894531,50.400001525878906,49.720001220703125,49.97999954223633,67400
2022-02-16,46.88679504394531,50.36000061035156,50.5,49.869998931884766,50.08000183105469,52900
2022-02-17,46.50507354736328,49.95000076293945,50.209999084472656,49.56999969482422,50.209999084472656,97800
2022-02-18,47.04507064819336,50.529998779296875,50.68000030517578,50.0,50.0,117200
2022-02-22,46.66334915161133,50.119998931884766,50.66999816894531,49.400001525878906,50.29999923706055,120900
2022-02-23,45.788177490234375,49.18000030517578,50.63999938964844,49.13999938964844,50.2400016784668,93500
2022-02-24,45.0061149597168,48.34000015258789,48.58000183105469,46.970001220703125,48.0,131600
2022-02-25,46.42127990722656,49.86000061035156,50.040000915527344,48.599998474121094,48.599998474121094,68900
2022-02-28,46.03024673461914,49.439998626708984,49.59000015258789,49.0,49.18000030517578,89800
2022-03-01,44.1123161315918,47.380001068115234,49.189998626708984,46.70000076293945,49.189998626708984,153300
2022-03-02,46.03024673461914,49.439998626708984,49.779998779296875,47.810001373291016,47.810001373291016,68400
2022-03-03,46.1792106628418,49.599998474121094,49.7599983215332,49.189998626708984,49.720001220703125,101900
2022-03-04,45.1457633972168,48.4900016784668,49.81999969482422,48.060001373291016,48.83000183105469,98500
2022-03-07,44.00990676879883,47.27000045776367,48.84000015258789,47.18000030517578,48.150001525878906,141400
2022-03-08,43.358184814453125,46.56999969482422,48.61000061035156,46.540000915527344,47.459999084472656,96400
2022-03-09,44.438175201416016,47.72999954223633,48.02000045776367,47.5,47.61000061035156,112500
2022-03-10,44.940940856933594,48.27000045776367,48.31999969482422,46.650001525878906,47.130001068115234,91600
2022-03-11,45.35989761352539,48.720001220703125,49.22999954223633,48.439998626708984,48.439998626708984,113500
2022-03-14,45.92094802856445,49.11000061035156,49.619998931884766,48.61000061035156,48.689998626708984,142900
2022-03-15,45.87418746948242,49.060001373291016,49.70000076293945,48.65999984741211,49.43000030517578,116800
2022-03-16,46.52872848510742,49.7599983215332,49.849998474121094,48.93000030517578,49.310001373291016,115600
2022-03-17,45.95834732055664,49.150001525878906,49.40999984741211,48.79999923706055,49.34000015258789,73100
2022-03-18,46.210811614990234,49.41999816894531,49.4900016784668,47.959999084472656,49.060001373291016,328300
2022-03-21,45.59367752075195,48.7599983215332,49.79999923706055,48.400001525878906,49.41999816894531,93400
2022-03-22,45.864837646484375,49.04999923706055,49.599998474121094,48.869998931884766,48.9900016784668,65500
2022-03-23,44.74276351928711,47.849998474121094,48.9900016784668,47.79999923706055,48.9900016784668,75600
2022-03-24,44.94847869873047,48.06999969482422,48.400001525878906,47.529998779296875,48.099998474121094,52000
2022-03-25,45.5749626159668,48.7400016784668,48.810001373291016,48.11000061035156,48.279998779296875,103300
2022-03-28,45.35055160522461,48.5,48.540000915527344,47.709999084472656,48.38999938964844,123100
2022-03-29,45.84613800048828,49.029998779296875,49.5,48.459999084472656,49.040000915527344,119000
2022-03-30,44.7801628112793,47.88999938964844,49.189998626708984,47.650001525878906,49.040000915527344,120100
2022-03-31,44.23782730102539,47.310001373291016,48.310001373291016,47.18000030517578,47.88999938964844,149900
2022-04-01,44.00406265258789,47.060001373291016,48.75,46.97999954223633,47.58000183105469,231700
2022-04-04,43.55523681640625,46.58000183105469,47.27000045776367,45.630001068115234,46.970001220703125,197600
2022-04-05,43.06900405883789,46.060001373291016,47.06999969482422,45.95000076293945,46.65999984741211,125000
2022-04-06,42.83523941040039,45.810001373291016,46.45000076293945,45.7599983215332,46.09000015258789,137900
2022-04-07,42.087181091308594,45.0099983215332,45.97999954223633,43.66999816894531,45.97999954223633,154900
2022-04-08,41.63834762573242,44.529998779296875,45.630001068115234,44.459999084472656,45.099998474121094,177800
2022-04-11,42.096534729003906,45.02000045776367,45.779998779296875,44.709999084472656,44.7400016784668,134000
2022-04-12,42.32094955444336,45.2599983215332,45.720001220703125,45.029998779296875,45.099998474121094,131700
2022-04-13,42.96614456176758,45.95000076293945,46.13999938964844,45.029998779296875,45.029998779296875,138100
2022-04-14,42.620174407958984,45.58000183105469,46.540000915527344,45.2599983215332,46.119998931884766,111200
2022-04-18,42.55471420288086,45.5099983215332,45.880001068115234,45.15999984741211,45.34000015258789,86200
2022-04-19,44.134971618652344,47.20000076293945,47.2599983215332,45.4900016784668,45.4900016784668,114500
2022-04-20,44.88302230834961,48.0,48.34000015258789,47.16999816894531,47.560001373291016,132600
2022-04-21,44.6866569519043,47.790000915527344,48.689998626708984,47.5,48.310001373291016,130000
2022-04-22,43.704837799072266,46.7400016784668,47.720001220703125,46.650001525878906,47.65999984741211,130100
2022-04-25,43.53653335571289,46.560001373291016,46.560001373291016,45.5099983215332,46.47999954223633,167000
2022-04-26,42.29289627075195,45.22999954223633,46.959999084472656,45.09000015258789,45.70000076293945,182900
2022-04-27,41.40459060668945,44.279998779296875,45.54999923706055,44.2400016784668,45.459999084472656,138600
2022-04-28,42.26483917236328,45.20000076293945,45.470001220703125,44.400001525878906,44.810001373291016,123200
2022-04-29,41.30172348022461,44.16999816894531,45.220001220703125,44.029998779296875,45.099998474121094,142300
2022-05-02,41.45134353637695,44.33000183105469,44.88999938964844,43.43000030517578,44.470001220703125,122000
2022-05-03,41.647708892822266,44.540000915527344,44.75,43.709999084472656,44.38999938964844,69400
2022-05-04,42.47991180419922,45.43000030517578,45.439998626708984,43.970001220703125,44.540000915527344,93500
2022-05-05,41.51679611206055,44.400001525878906,45.0099983215332,43.79999923706055,45.0099983215332,123800
2022-05-06,41.06796646118164,43.91999816894531,44.369998931884766,43.40999984741211,44.369998931884766,70800
2022-05-09,41.479393005371094,44.36000061035156,44.81999969482422,43.779998779296875,43.959999084472656,167400
2022-05-10,41.16147232055664,44.02000045776367,45.11000061035156,43.2400016784668,44.599998474121094,155100
2022-05-11,40.91835021972656,43.7599983215332,44.79999923706055,43.630001068115234,44.08000183105469,98300
2022-05-12,40.665889739990234,43.4900016784668,43.65999984741211,42.56999969482422,43.65999984741211,79600
2022-05-13,40.18900680541992,42.97999954223633,43.95000076293945,42.849998474121094,43.650001525878906,96900
2022-05-16,39.9832878112793,42.7599983215332,42.9900016784668,42.33000183105469,42.9900016784668,69200
2022-05-17,41.01186752319336,43.86000061035156,43.91999816894531,43.290000915527344,43.369998931884766,105000
2022-05-18,40.60978698730469,43.43000030517578,43.77000045776367,42.61000061035156,43.439998626708984,135800
2022-05-19,40.37601852416992,43.18000030517578,43.689998626708984,42.90999984741211,42.90999984741211,246300
2022-05-20,40.70328903198242,43.529998779296875,43.790000915527344,42.84000015258789,43.4900016784668,182200
2022-05-23,41.7412109375,44.63999938964844,45.040000915527344,43.91999816894531,43.970001220703125,144700
2022-05-24,41.84406280517578,44.75,44.97999954223633,43.58000183105469,44.36000061035156,166700
2022-05-25,42.33964920043945,45.279998779296875,45.5,44.47999954223633,44.83000183105469,156300
2022-05-26,42.91939163208008,45.900001525878906,46.16999816894531,45.43000030517578,45.75,135900
2022-05-27,43.321468353271484,46.33000183105469,46.33000183105469,45.84000015258789,45.95000076293945,63800
2022-05-31,43.30276870727539,46.310001373291016,46.439998626708984,45.599998474121094,46.15999984741211,149500
2022-06-01,42.79783630371094,45.77000045776367,46.70000076293945,45.2400016784668,46.25,84800
2022-06-02,43.368228912353516,46.380001068115234,46.45000076293945,45.33000183105469,45.66999816894531,60100
2022-06-03,43.0035514831543,45.9900016784668,46.33000183105469,45.84000015258789,46.2599983215332,192100
2022-06-06,43.20925521850586,46.209999084472656,46.58000183105469,46.0,46.119998931884766,121900
2022-06-07,43.115753173828125,46.11000061035156,46.130001068115234,45.77000045776367,45.97999954223633,95800
2022-06-08,42.40510559082031,45.349998474121094,46.0099983215332,45.060001373291016,45.84000015258789,56600
2022-06-09,41.245628356933594,44.11000061035156,45.470001220703125,44.02000045776367,45.06999969482422,85200
2022-06-10,40.02069854736328,42.79999923706055,43.77000045776367,42.4900016784668,43.40999984741211,109700
2022-06-13,39.42225646972656,42.15999984741211,43.060001373291016,41.91999816894531,42.15999984741211,93300
2022-06-14,39.60084915161133,42.130001068115234,42.29999923706055,41.5,41.88999938964844,91400
2022-06-15,40.54081344604492,43.130001068115234,43.65999984741211,42.439998626708984,42.619998931884766,131300
2022-06-16,39.1778678894043,41.68000030517578,42.470001220703125,41.5099983215332,42.470001220703125,124700
2022-06-17,39.57264709472656,42.099998474121094,42.619998931884766,41.91999816894531,41.91999816894531,262100
2022-06-21,40.268226623535156,42.84000015258789,45.619998931884766,41.790000915527344,42.72999954223633,110400
2022-06-22,40.41862106323242,43.0,43.150001525878906,42.36000061035156,42.40999984741211,72900
2022-06-23,39.2248649597168,41.72999954223633,43.040000915527344,41.52000045776367,42.84000015258789,99200
2022-06-24,40.25883102416992,42.83000183105469,43.060001373291016,42.04999923706055,42.04999923706055,288200
2022-06-27,40.061431884765625,42.619998931884766,43.08000183105469,42.459999084472656,43.0,86700
2022-06-28,39.760643005371094,42.29999923706055,43.20000076293945,42.2400016784668,42.79999923706055,82900
2022-06-29,39.43165588378906,41.95000076293945,42.75,41.849998474121094,42.38999938964844,69400
2022-06-30,39.0086669921875,41.5,41.83000183105469,41.04999923706055,41.36000061035156,91400
2022-07-01,39.53504943847656,42.060001373291016,42.22999954223633,41.310001373291016,41.310001373291016,126300
2022-07-05,39.34705352783203,41.86000061035156,42.45000076293945,40.689998626708984,41.459999084472656,70800
2022-07-06,39.06507110595703,41.560001373291016,41.91999816894531,41.150001525878906,41.7400016784668,58900
2022-07-07,39.130859375,41.630001068115234,42.310001373291016,41.599998474121094,41.970001220703125,77400
2022-07-08,39.0274658203125,41.52000045776367,41.7599983215332,41.20000076293945,41.630001068115234,47100
2022-07-11,39.0556640625,41.54999923706055,41.720001220703125,41.22999954223633,41.22999954223633,53200
2022-07-12,39.1214599609375,41.619998931884766,42.06999969482422,41.130001068115234,41.290000915527344,44900
2022-07-13,38.42589569091797,40.880001068115234,41.77000045776367,40.66999816894531,41.45000076293945,55100
2022-07-14,37.805511474609375,40.220001220703125,40.279998779296875,39.63999938964844,40.2400016784668,43900
2022-07-15,39.187259674072266,41.689998626708984,41.779998779296875,40.5,40.959999084472656,94100
2022-07-18,39.074466705322266,41.56999969482422,42.43000030517578,41.4900016784668,42.15999984741211,81300
2022-07-19,40.230628967285156,42.79999923706055,42.95000076293945,42.04999923706055,42.130001068115234,87700
2022-07-20,40.51261520385742,43.099998474121094,43.15999984741211,42.400001525878906,42.65999984741211,68400
2022-07-21,40.446807861328125,43.029998779296875,43.099998474121094,42.560001373291016,42.84000015258789,60500
2022-07-22,40.268226623535156,42.84000015258789,43.25,42.529998779296875,43.06999969482422,57400
2022-07-25,41.12359619140625,43.75,43.970001220703125,43.209999084472656,43.209999084472656,74500
2022-07-26,41.36798858642578,44.0099983215332,44.380001068115234,42.310001373291016,43.20000076293945,103200
2022-07-27,42.65574645996094,45.380001068115234,45.38999938964844,43.119998931884766,44.02000045776367,159100
2022-07-28,43.58631134033203,46.369998931884766,46.47999954223633,44.439998626708984,45.16999816894531,322900
2022-07-29,44.206687927246094,47.029998779296875,47.22999954223633,46.27000045776367,46.27000045776367,129000
2022-08-01,43.57691192626953,46.36000061035156,46.91999816894531,45.9900016784668,46.65999984741211,170300
2022-08-02,43.2103271484375,45.970001220703125,46.400001525878906,45.7599983215332,46.31999969482422,62900
2022-08-03,43.62391662597656,46.40999984741211,46.61000061035156,45.880001068115234,46.310001373291016,48200
2022-08-04,43.191524505615234,45.95000076293945,46.31999969482422,45.560001373291016,46.22999954223633,117900
2022-08-05,43.990501403808594,46.79999923706055,47.0,45.40999984741211,45.75,114200
2022-08-08,43.71791076660156,46.5099983215332,47.150001525878906,46.369998931884766,47.130001068115234,73100
2022-08-09,43.94349670410156,46.75,46.79999923706055,46.31999969482422,46.58000183105469,58700
2022-08-10,44.338279724121094,47.16999816894531,47.52000045776367,46.900001525878906,47.0099983215332,63500
2022-08-11,44.723670959472656,47.58000183105469,47.790000915527344,47.2400016784668,47.38999938964844,48100
2022-08-12,45.64484405517578,48.560001373291016,48.560001373291016,47.459999084472656,47.95000076293945,64800
2022-08-15,46.086631774902344,49.029998779296875,49.09000015258789,48.09000015258789,48.130001068115234,71100
2022-08-16,46.70700454711914,49.689998626708984,49.83000183105469,48.849998474121094,48.849998474121094,84700
2022-08-17,45.99262619018555,48.93000030517578,49.400001525878906,48.790000915527344,49.33000183105469,89300
2022-08-18,46.25582504272461,49.209999084472656,49.31999969482422,48.91999816894531,49.02000045776367,57100
2022-08-19,45.64484405517578,48.560001373291016,49.04999923706055,48.11000061035156,49.04999923706055,83800
2022-08-22,44.92106246948242,47.790000915527344,48.15999984741211,47.52000045776367,47.9900016784668,68600
2022-08-23,44.545074462890625,47.38999938964844,48.029998779296875,47.27000045776367,47.77000045776367,69500
2022-08-24,44.39468765258789,47.22999954223633,47.95000076293945,46.86000061035156,47.290000915527344,60100
2022-08-25,44.91167068481445,47.779998779296875,47.779998779296875,47.150001525878906,47.20000076293945,43000
2022-08-26,44.16908645629883,46.9900016784668,48.83000183105469,46.849998474121094,47.869998931884766,50300
2022-08-29,43.6615104675293,46.45000076293945,46.720001220703125,46.220001220703125,46.66999816894531,67500
2022-08-30,43.473514556884766,46.25,46.439998626708984,45.939998626708984,46.41999816894531,63100
2022-08-31,42.975337982177734,45.720001220703125,46.75,45.59000015258789,46.290000915527344,83600
2022-09-01,43.05052947998047,45.79999923706055,46.060001373291016,45.09000015258789,45.5,142500
2022-09-02,42.9189338684082,45.65999984741211,46.619998931884766,45.36000061035156,46.2400016784668,61400
2022-09-06,42.57115173339844,45.290000915527344,46.06999969482422,44.90999984741211,45.790000915527344,216000
2022-09-07,43.172725677490234,45.93000030517578,46.02000045776367,45.04999923706055,45.09000015258789,170700
2022-09-08,43.172725677490234,45.93000030517578,46.290000915527344,45.2599983215332,45.58000183105469,96100
2022-09-09,43.7649040222168,46.560001373291016,46.70000076293945,46.189998626708984,46.189998626708984,59500
2022-09-12,44.16908645629883,46.9900016784668,47.029998779296875,46.5,46.5,88300
2022-09-13,43.57691192626953,46.36000061035156,46.689998626708984,46.02000045776367,46.33000183105469,144800
2022-09-14,43.31241226196289,45.849998474121094,46.369998931884766,45.5,46.130001068115234,71300
2022-09-15,43.898094177246094,46.470001220703125,46.72999954223633,45.72999954223633,45.72999954223633,73300
2022-09-16,43.954776763916016,46.529998779296875,47.06999969482422,45.63999938964844,46.18000030517578,274900
2022-09-19,45.239501953125,47.88999938964844,48.0,45.5099983215332,46.2400016784668,84000
2022-09-20,45.43788146972656,48.099998474121094,48.310001373291016,47.04999923706055,47.650001525878906,90000
2022-09-21,44.719947814941406,47.34000015258789,48.36000061035156,47.27000045776367,48.08000183105469,101700
2022-09-22,43.70916748046875,46.27000045776367,47.58000183105469,46.189998626708984,47.52000045776367,59100
2022-09-23,43.000675201416016,45.52000045776367,45.810001373291016,45.0,45.810001373291016,94000
2022-09-26,42.97233200073242,45.4900016784668,46.08000183105469,45.310001373291016,45.4900016784668,85700
2022-09-27,42.19771194458008,44.66999816894531,45.70000076293945,44.290000915527344,45.689998626708984,97600
2022-09-28,42.707828521728516,45.209999084472656,45.61000061035156,44.45000076293945,44.7400016784668,140100
2022-09-29,41.98989486694336,44.45000076293945,44.79999923706055,44.0,44.779998779296875,84000
2022-09-30,41.60258865356445,44.040000915527344,45.189998626708984,43.97999954223633,44.56999969482422,103500
2022-10-03,42.21660614013672,44.689998626708984,44.79999923706055,43.849998474121094,44.68000030517578,97600
2022-10-04,43.51078796386719,46.060001373291016,46.20000076293945,45.09000015258789,45.09000015258789,209100
2022-10-05,43.472999572753906,46.02000045776367,46.029998779296875,45.560001373291016,45.59000015258789,93200
2022-10-06,43.482444763183594,46.029998779296875,46.13999938964844,45.439998626708984,45.779998779296875,131900
2022-10-07,42.22605895996094,44.70000076293945,46.0,44.47999954223633,45.66999816894531,110400
2022-10-10,43.066795349121094,45.59000015258789,45.84000015258789,45.0,45.0,96200
2022-10-11,43.36909103393555,45.90999984741211,46.11000061035156,45.22999954223633,45.369998931884766,89800
2022-10-12,43.4257698059082,45.970001220703125,46.58000183105469,45.31999969482422,45.880001068115234,74100
2022-10-13,45.72127914428711,48.400001525878906,48.439998626708984,45.369998931884766,45.61000061035156,123700
2022-10-14,44.93721389770508,47.56999969482422,49.060001373291016,47.45000076293945,48.630001068115234,80200
2022-10-17,45.759063720703125,48.439998626708984,48.83000183105469,47.7599983215332,48.0,85300
2022-10-18,45.674041748046875,48.349998474121094,49.470001220703125,48.04999923706055,48.5,85900
2022-10-19,45.50400161743164,48.16999816894531,48.4900016784668,47.290000915527344,47.959999084472656,96500
2022-10-20,44.323184967041016,46.91999816894531,48.58000183105469,46.4900016784668,48.45000076293945,81400
2022-10-21,45.4567756652832,48.119998931884766,48.380001068115234,47.0,47.279998779296875,76700
2022-10-24,45.91020202636719,48.599998474121094,49.029998779296875,48.31999969482422,48.41999816894531,106300
2022-10-25,48.02623748779297,50.84000015258789,51.25,48.7400016784668,49.5,363400
2022-10-26,47.979000091552734,50.790000915527344,51.2599983215332,50.470001220703125,50.84000015258789,208000
2022-10-27,49.06535339355469,51.939998626708984,52.5,50.790000915527344,50.900001525878906,258500
2022-10-28,50.33119201660156,53.279998779296875,53.560001373291016,51.970001220703125,52.27000045776367,205500
2022-10-31,50.510677337646484,53.470001220703125,53.9900016784668,52.9900016784668,53.40999984741211,145400
2022-11-01,50.60514831542969,53.56999969482422,54.27000045776367,53.18000030517578,53.5,130400
2022-11-02,50.18949890136719,53.130001068115234,54.310001373291016,52.7599983215332,53.2400016784668,307900
2022-11-03,49.40542984008789,52.29999923706055,52.58000183105469,51.90999984741211,52.58000183105469,183200
2022-11-04,49.924991607666016,52.849998474121094,53.369998931884766,52.459999084472656,52.83000183105469,401600
2022-11-07,49.367645263671875,52.2599983215332,53.15999984741211,51.97999954223633,52.849998474121094,168800
2022-11-08,49.207054138183594,52.09000015258789,52.56999969482422,51.459999084472656,52.56999969482422,126800
2022-11-09,48.26240158081055,51.09000015258789,52.18000030517578,51.0099983215332,52.0,112500
2022-11-10,49.49045181274414,52.38999938964844,52.83000183105469,51.91999816894531,52.0,263100
2022-11-11,48.3474235534668,51.18000030517578,53.189998626708984,51.13999938964844,52.810001373291016,87200
2022-11-14,48.29073715209961,51.119998931884766,52.13999938964844,50.540000915527344,51.119998931884766,178700
2022-11-15,48.92365646362305,51.790000915527344,52.29999923706055,51.529998779296875,51.709999084472656,229000
2022-11-16,48.8102912902832,51.66999816894531,52.029998779296875,51.29999923706055,51.900001525878906,98200
2022-11-17,48.611915588378906,51.459999084472656,51.63999938964844,50.9900016784668,51.150001525878906,80800
2022-11-18,49.08424758911133,51.959999084472656,52.220001220703125,50.61000061035156,52.0,122200
2022-11-21,49.40542984008789,52.29999923706055,52.29999923706055,51.81999969482422,51.959999084472656,86500
2022-11-22,49.84941482543945,52.77000045776367,53.0,52.40999984741211,52.4900016784668,78200
2022-11-23,49.736061096191406,52.650001525878906,53.099998474121094,52.459999084472656,52.75,135700
2022-11-25,49.764404296875,52.68000030517578,53.06999969482422,52.66999816894531,52.66999816894531,34100
2022-11-28,48.706390380859375,51.560001373291016,52.540000915527344,51.41999816894531,52.540000915527344,100800
2022-11-29,48.781959533691406,51.63999938964844,52.029998779296875,51.290000915527344,51.7599983215332,48700
2022-11-30,49.44322204589844,52.34000015258789,52.45000076293945,50.58000183105469,51.779998779296875,149300
2022-12-01,49.16926956176758,52.04999923706055,52.56999969482422,51.66999816894531,52.34000015258789,142800
2022-12-02,48.914215087890625,51.779998779296875,52.08000183105469,51.5,51.529998779296875,79700
2022-12-05,46.306968688964844,49.02000045776367,51.619998931884766,48.7599983215332,51.619998931884766,98900
2022-12-06,45.966888427734375,48.65999984741211,49.029998779296875,48.25,49.02000045776367,87500
2022-12-07,45.891319274902344,48.58000183105469,49.22999954223633,48.439998626708984,48.63999938964844,80600
2022-12-08,45.796852111816406,48.47999954223633,48.900001525878906,48.13999938964844,48.79999923706055,62800
2022-12-09,46.31640625,49.029998779296875,49.25,47.720001220703125,48.349998474121094,132300
2022-12-12,46.32585525512695,49.040000915527344,49.619998931884766,48.790000915527344,49.040000915527344,123000
2022-12-13,45.63625717163086,48.310001373291016,49.939998626708984,47.900001525878906,49.90999984741211,172700
2022-12-14,44.93372344970703,47.33000183105469,48.5,47.04999923706055,48.16999816894531,105600
2022-12-15,43.99385070800781,46.34000015258789,46.95000076293945,45.849998474121094,46.86000061035156,241100
2022-12-16,44.74385452270508,47.130001068115234,47.43000030517578,46.0,46.0,390500
2022-12-19,44.95271301269531,47.349998474121094,47.779998779296875,46.83000183105469,46.970001220703125,146700
2022-12-20,45.29448699951172,47.709999084472656,47.849998474121094,46.84000015258789,47.33000183105469,92400
2022-12-21,46.73753356933594,49.22999954223633,49.349998474121094,48.0,48.22999954223633,181700
2022-12-22,46.281829833984375,48.75,49.27000045776367,48.130001068115234,49.189998626708984,132200
2022-12-23,46.63309860229492,49.119998931884766,49.349998474121094,48.779998779296875,48.779998779296875,50500
2022-12-27,46.63309860229492,49.119998931884766,49.369998931884766,48.86000061035156,49.22999954223633,51500
2022-12-28,46.500179290771484,48.97999954223633,49.5099983215332,48.97999954223633,49.220001220703125,87900
2022-12-29,47.231204986572266,49.75,49.970001220703125,47.810001373291016,49.060001373291016,137100
2022-12-30,46.481201171875,48.959999084472656,49.790000915527344,48.93000030517578,49.689998626708984,208600
2023-01-03,46.20587921142578,48.66999816894531,49.380001068115234,48.040000915527344,49.220001220703125,132800
2023-01-04,46.31980514526367,48.790000915527344,49.25,48.709999084472656,48.97999954223633,188300
2023-01-05,46.04448699951172,48.5,48.79999923706055,48.209999084472656,48.599998474121094,122400
2023-01-06,47.31664276123047,49.84000015258789,50.15999984741211,49.029998779296875,49.029998779296875,84900
2023-01-09,47.09829330444336,49.61000061035156,49.93000030517578,49.380001068115234,49.849998474121094,127700
2023-01-10,47.63943862915039,50.18000030517578,50.189998626708984,49.279998779296875,49.41999816894531,165500
2023-01-11,47.962215423583984,50.52000045776367,50.68000030517578,50.08000183105469,50.34000015258789,149500
2023-01-12,48.41791534423828,51.0,51.58000183105469,50.349998474121094,50.720001220703125,118000
2023-01-13,48.55082702636719,51.13999938964844,51.290000915527344,50.15999984741211,50.45000076293945,115800
2023-01-17,47.20272445678711,49.720001220703125,51.060001373291016,49.68000030517578,50.9900016784668,245900
2023-01-18,45.360939025878906,47.779998779296875,49.59000015258789,47.70000076293945,49.52000045776367,147400
2023-01-19,45.61727523803711,48.04999923706055,48.310001373291016,47.38999938964844,47.68000030517578,104000
2023-01-20,46.22486877441406,48.689998626708984,49.68000030517578,47.93000030517578,48.52000045776367,123100
2023-01-23,46.481201171875,48.959999084472656,49.290000915527344,48.06999969482422,48.33000183105469,91100
2023-01-24,49.91792297363281,52.58000183105469,52.970001220703125,49.65999984741211,51.31999969482422,247000
2023-01-25,49.52867889404297,52.16999816894531,53.209999084472656,51.220001220703125,53.0,169600
2023-01-26,49.30083084106445,51.93000030517578,52.54999923706055,51.560001373291016,52.4900016784668,114900
2023-01-27,49.224884033203125,51.849998474121094,52.13999938964844,51.61000061035156,51.86000061035156,113500
2023-01-30,49.19640350341797,51.81999969482422,52.400001525878906,51.5,51.70000076293945,231100
2023-01-31,50.620460510253906,53.31999969482422,53.369998931884766,51.75,51.81999969482422,180800
2023-02-01,50.86729431152344,53.58000183105469,54.11000061035156,52.900001525878906,53.0,171900
2023-02-02,51.79767990112305,54.560001373291016,54.56999969482422,53.529998779296875,53.619998931884766,180100
2023-02-03,52.946414947509766,55.77000045776367,55.77000045776367,54.20000076293945,54.290000915527344,192000
2023-02-06,52.405269622802734,55.20000076293945,55.900001525878906,54.88999938964844,55.720001220703125,171100
2023-02-07,53.00337600708008,55.83000183105469,56.2400016784668,54.869998931884766,54.90999984741211,121600
2023-02-08,52.46223831176758,55.2599983215332,56.349998474121094,55.0,55.810001373291016,79200
2023-02-09,51.83564758300781,54.599998474121094,55.70000076293945,54.439998626708984,55.529998779296875,94700
2023-02-10,51.90210723876953,54.66999816894531,54.88999938964844,54.040000915527344,54.560001373291016,102100
2023-02-13,52.196414947509766,54.97999954223633,55.31999969482422,54.75,54.88999938964844,50100
2023-02-14,52.34831237792969,55.13999938964844,55.369998931884766,54.5,54.939998626708984,88500
2023-02-15,52.74705505371094,55.560001373291016,55.630001068115234,54.709999084472656,54.709999084472656,71400
2023-02-16,52.23439407348633,55.02000045776367,55.47999954223633,54.790000915527344,55.02000045776367,103600
2023-02-17,52.85148239135742,55.66999816894531,56.040000915527344,54.91999816894531,55.31999969482422,78500
2023-02-21,52.07299041748047,54.849998474121094,55.31999969482422,54.459999084472656,55.31999969482422,90100
2023-02-22,51.97806167602539,54.75,54.9900016784668,54.189998626708984,54.75,105600
2023-02-23,51.94008255004883,54.709999084472656,55.04999923706055,54.13999938964844,54.81999969482422,76100
2023-02-24,51.90210723876953,54.66999816894531,54.72999954223633,54.02000045776367,54.54999923706055,84600
2023-02-27,51.52235794067383,54.27000045776367,55.02000045776367,54.09000015258789,54.95000076293945,96400
2023-02-28,51.702735900878906,54.459999084472656,55.0099983215332,54.34000015258789,54.34000015258789,193600
2023-03-01,52.24388122558594,55.029998779296875,55.11000061035156,54.06999969482422,54.16999816894531,174300
2023-03-02,52.12046432495117,54.900001525878906,55.040000915527344,54.06999969482422,54.650001525878906,106900
2023-03-03,52.709075927734375,55.52000045776367,55.54999923706055,54.33000183105469,55.150001525878906,154400
2023-03-06,52.83249282836914,55.650001525878906,55.7599983215332,55.220001220703125,55.47999954223633,120600
2023-03-07,51.27552032470703,54.0099983215332,55.45000076293945,53.689998626708984,55.45000076293945,97700
2023-03-08,51.209068298339844,53.939998626708984,54.290000915527344,53.33000183105469,54.02000045776367,96300
2023-03-09,48.503360748291016,51.09000015258789,53.650001525878906,51.04999923706055,53.650001525878906,143100
2023-03-10,47.59196853637695,50.130001068115234,50.90999984741211,48.380001068115234,49.880001068115234,313200
2023-03-13,43.73751449584961,46.06999969482422,47.70000076293945,43.400001525878906,47.650001525878906,521500
2023-03-14,45.36979675292969,47.529998779296875,50.38999938964844,46.83000183105469,49.720001220703125,236300
2023-03-15,45.84707260131836,48.029998779296875,48.16999816894531,45.0,45.59000015258789,319400
2023-03-16,46.3148078918457,48.52000045776367,49.58000183105469,46.97999954223633,47.38999938964844,388000
2023-03-17,44.63479232788086,46.7599983215332,48.52000045776367,46.060001373291016,47.709999084472656,345000
2023-03-20,44.71116256713867,46.84000015258789,48.83000183105469,46.72999954223633,47.349998474121094,262100
2023-03-21,45.67525863647461,47.849998474121094,49.97999954223633,47.7599983215332,48.66999816894531,351300
2023-03-22,43.727970123291016,45.810001373291016,48.06999969482422,45.720001220703125,47.689998626708984,200400
2023-03-23,42.582515716552734,44.61000061035156,46.43000030517578,44.060001373291016,46.20000076293945,159500
2023-03-24,43.680240631103516,45.7599983215332,45.880001068115234,43.5,44.209999084472656,241800
2023-03-27,43.556156158447266,45.630001068115234,46.900001525878906,45.5099983215332,46.56999969482422,230400
2023-03-28,42.334327697753906,44.349998474121094,45.369998931884766,43.77000045776367,45.349998474121094,358300
2023-03-29,42.48705291748047,44.5099983215332,45.0,43.65999984741211,44.88999938964844,215500
2023-03-30,42.353416442871094,44.369998931884766,45.0,43.59000015258789,44.84000015258789,245900
2023-03-31,42.56342315673828,44.59000015258789,44.95000076293945,44.02000045776367,44.7400016784668,242300
2023-04-03,42.496604919433594,44.52000045776367,44.939998626708984,43.97999954223633,44.439998626708984,138500
2023-04-04,41.43705368041992,43.40999984741211,44.630001068115234,42.61000061035156,44.630001068115234,144400
2023-04-05,41.5611457824707,43.540000915527344,43.599998474121094,42.90999984741211,42.90999984741211,173000
2023-04-06,41.44659423828125,43.41999816894531,43.91999816894531,43.2400016784668,43.2400016784668,128700
2023-04-10,42.067054748535156,44.06999969482422,44.40999984741211,43.279998779296875,43.279998779296875,179900
2023-04-11,41.809322357177734,43.79999923706055,44.15999984741211,43.5099983215332,44.15999984741211,100300
2023-04-12,41.57068634033203,43.54999923706055,44.279998779296875,43.209999084472656,43.939998626708984,94500
2023-04-13,41.952510833740234,43.95000076293945,44.11000061035156,43.099998474121094,43.54999923706055,86900
2023-04-14,41.16022872924805,43.119998931884766,44.31999969482422,42.83000183105469,44.040000915527344,91800
2023-04-17,41.92387390136719,43.91999816894531,43.93000030517578,42.65999984741211,42.88999938964844,91400
2023-04-18,40.74977111816406,42.689998626708984,43.88999938964844,42.470001220703125,43.88999938964844,93200
2023-04-19,42.11478042602539,44.119998931884766,44.54999923706055,42.68000030517578,42.68000030517578,107600
2023-04-20,41.55160140991211,43.529998779296875,44.040000915527344,43.040000915527344,43.75,75100
2023-04-21,41.35114288330078,43.31999969482422,43.599998474121094,42.7599983215332,43.439998626708984,89600
2023-04-24,41.02659225463867,42.97999954223633,43.58000183105469,42.79999923706055,43.31999969482422,108300
2023-04-25,40.282039642333984,42.20000076293945,43.34000015258789,42.060001373291016,42.56999969482422,175300
2023-04-26,40.37749481201172,42.29999923706055,42.900001525878906,41.560001373291016,41.790000915527344,136700
2023-04-27,40.61613464355469,42.54999923706055,42.81999969482422,42.22999954223633,42.310001373291016,79400
2023-04-28,40.816593170166016,42.7599983215332,43.2599983215332,42.16999816894531,42.529998779296875,121600
2023-05-01,40.31067657470703,42.22999954223633,43.119998931884766,41.9900016784668,42.790000915527344,133500
2023-05-02,37.819297790527344,39.619998931884766,42.0,39.400001525878906,42.0,184400
2023-05-03,37.332481384277344,39.11000061035156,40.66999816894531,38.90999984741211,39.810001373291016,200700
2023-05-04,35.900657653808594,37.61000061035156,38.189998626708984,36.15999984741211,38.189998626708984,255400
2023-05-05,37.56157684326172,39.349998474121094,39.4900016784668,38.290000915527344,39.02000045776367,224500
2023-05-08,36.692935943603516,38.439998626708984,40.709999084472656,38.22999954223633,39.81999969482422,164500
2023-05-09,36.93156814575195,38.689998626708984,38.9900016784668,37.790000915527344,38.2400016784668,208700
2023-05-10,36.90293502807617,38.65999984741211,39.150001525878906,38.04999923706055,39.150001525878906,190000
2023-05-11,36.28247833251953,38.0099983215332,38.310001373291016,37.650001525878906,38.209999084472656,104900
2023-05-12,36.3779296875,38.11000061035156,38.29999923706055,37.459999084472656,38.29999923706055,110300
2023-05-15,36.692935943603516,38.439998626708984,38.619998931884766,37.900001525878906,38.209999084472656,154200
2023-05-16,36.30156707763672,38.029998779296875,39.08000183105469,37.7400016784668,38.59000015258789,274500
2023-05-17,38.038848876953125,39.849998474121094,39.9900016784668,38.59000015258789,38.75,510900
2023-05-18,38.4206657409668,40.25,40.38999938964844,39.2400016784668,39.939998626708984,204100
2023-05-19,37.895668029785156,39.70000076293945,40.900001525878906,39.369998931884766,40.900001525878906,130700
2023-05-22,38.850215911865234,40.70000076293945,41.0099983215332,39.72999954223633,40.150001525878906,121000
2023-05-23,39.48021697998047,41.36000061035156,42.13999938964844,40.56999969482422,40.720001220703125,288500
2023-05-24,39.41340637207031,41.290000915527344,41.7400016784668,40.29999923706055,41.22999954223633,219500
2023-05-25,39.337039947509766,41.209999084472656,41.45000076293945,40.29999923706055,41.040000915527344,170900
2023-05-26,39.72840118408203,41.619998931884766,41.650001525878906,40.81999969482422,41.119998931884766,73500
2023-05-30,39.40385818481445,41.279998779296875,41.86000061035156,40.88999938964844,41.779998779296875,101100
2023-05-31,38.77385711669922,40.619998931884766,41.369998931884766,40.060001373291016,41.08000183105469,308000
2023-06-01,38.73567199707031,40.58000183105469,41.099998474121094,40.02000045776367,40.77000045776367,137400
2023-06-02,40.606590270996094,42.540000915527344,42.54999923706055,40.959999084472656,40.959999084472656,223200
2023-06-05,39.37522506713867,41.25,42.43000030517578,41.099998474121094,42.43000030517578,128000
2023-06-06,41.236595153808594,43.20000076293945,43.29999923706055,41.34000015258789,41.34000015258789,243000
2023-06-07,42.0479621887207,44.04999923706055,44.310001373291016,43.31999969482422,43.599998474121094,263700
2023-06-08,41.045684814453125,43.0,43.81999969482422,42.880001068115234,43.81999969482422,219200
2023-06-09,40.606590270996094,42.540000915527344,42.970001220703125,42.349998474121094,42.849998474121094,92000
2023-06-12,40.47295379638672,42.400001525878906,43.18000030517578,41.97999954223633,42.56999969482422,152500
2023-06-13,41.2747802734375,43.2400016784668,43.61000061035156,39.779998779296875,42.630001068115234,159700
2023-06-14,40.401092529296875,42.08000183105469,43.5,41.849998474121094,43.099998474121094,157600
2023-06-15,40.074649810791016,41.7400016784668,42.2400016784668,41.5099983215332,41.70000076293945,749800
2023-06-16,40.429893493652344,42.11000061035156,42.2599983215332,41.04999923706055,42.029998779296875,382600
2023-06-20,39.80582046508789,41.459999084472656,42.27000045776367,41.11000061035156,41.9900016784668,208400
2023-06-21,39.124149322509766,40.75,41.65999984741211,40.75,41.38999938964844,133700
2023-06-22,38.13524627685547,39.720001220703125,40.689998626708984,39.630001068115234,40.689998626708984,181700
2023-06-23,37.4151725769043,38.970001220703125,40.02000045776367,38.63999938964844,39.400001525878906,345100
2023-06-26,37.6071891784668,39.16999816894531,40.02000045776367,39.119998931884766,39.2599983215332,165300
2023-06-27,37.6071891784668,39.16999816894531,39.83000183105469,38.84000015258789,39.22999954223633,162600
2023-06-28,37.53997802734375,39.099998474121094,39.27000045776367,38.65999984741211,39.2400016784668,159900
2023-06-29,38.221656799316406,39.810001373291016,40.209999084472656,39.540000915527344,39.540000915527344,113300
2023-06-30,37.53997802734375,39.099998474121094,40.09000015258789,39.06999969482422,40.09000015258789,164700
2023-07-03,38.31766128540039,39.90999984741211,39.9900016784668,39.08000183105469,39.08000183105469,73900
2023-07-05,38.06803894042969,39.650001525878906,40.029998779296875,38.869998931884766,39.630001068115234,135300
2023-07-06,37.1175422668457,38.65999984741211,39.310001373291016,38.34000015258789,39.310001373291016,112600
2023-07-07,38.06803894042969,39.650001525878906,39.849998474121094,38.65999984741211,38.65999984741211,102700
2023-07-10,38.31766128540039,39.90999984741211,40.560001373291016,39.540000915527344,39.540000915527344,92600
2023-07-11,38.75931167602539,40.369998931884766,40.5099983215332,39.66999816894531,40.06999969482422,84800
2023-07-12,39.661808013916016,41.310001373291016,41.58000183105469,40.720001220703125,41.13999938964844,100800
2023-07-13,40.28586959838867,41.959999084472656,42.119998931884766,41.060001373291016,41.470001220703125,108600
2023-07-14,40.18026351928711,41.849998474121094,42.27000045776367,41.09000015258789,42.22999954223633,131000
2023-07-17,40.11305236816406,41.779998779296875,42.5,41.58000183105469,41.58000183105469,124400
2023-07-18,41.60121536254883,43.33000183105469,43.41999816894531,41.939998626708984,41.939998626708984,193400
2023-07-19,42.30208969116211,44.060001373291016,44.22999954223633,43.279998779296875,43.41999816894531,234600
2023-07-20,41.812435150146484,43.54999923706055,44.15999984741211,43.20000076293945,44.060001373291016,247700
2023-07-21,41.17877197265625,42.88999938964844,43.61000061035156,42.34000015258789,43.61000061035156,263000
2023-07-24,41.66842269897461,43.400001525878906,43.619998931884766,42.459999084472656,42.70000076293945,226300
2023-07-25,39.36418151855469,41.0,43.27000045776367,40.709999084472656,42.93000030517578,336100
2023-07-26,40.084251403808594,41.75,42.529998779296875,40.529998779296875,40.529998779296875,629500
2023-07-27,39.9786376953125,41.63999938964844,42.22999954223633,41.400001525878906,41.970001220703125,492200
2023-07-28,39.86343002319336,41.52000045776367,42.380001068115234,41.2599983215332,42.04999923706055,257100
2023-07-31,39.36418151855469,41.0,41.880001068115234,40.81999969482422,41.45000076293945,187200
2023-08-01,39.65220642089844,41.29999923706055,41.38999938964844,40.310001373291016,41.0,130400
2023-08-02,39.21055603027344,40.84000015258789,41.2400016784668,40.68000030517578,40.849998474121094,223100
2023-08-03,39.248958587646484,40.880001068115234,41.25,40.33000183105469,40.529998779296875,208400
2023-08-04,39.4025764465332,41.040000915527344,41.36000061035156,40.849998474121094,40.880001068115234,172500
2023-08-07,39.767417907714844,41.41999816894531,41.810001373291016,40.91999816894531,41.09000015258789,108100
2023-08-08,39.037742614746094,40.65999984741211,40.779998779296875,39.810001373291016,40.63999938964844,118100
2023-08-09,39.14335250854492,40.77000045776367,40.959999084472656,40.25,40.54999923706055,175400
2023-08-10,39.35457992553711,40.9900016784668,41.349998474121094,40.75,41.0,169000
2023-08-11,39.796226501464844,41.45000076293945,41.5099983215332,40.790000915527344,40.81999969482422,125700
2023-08-14,39.30657196044922,40.939998626708984,41.16999816894531,40.72999954223633,41.16999816894531,110700
2023-08-15,38.45207977294922,40.04999923706055,40.599998474121094,39.79999923706055,40.599998474121094,134700
2023-08-16,38.3560676574707,39.95000076293945,40.209999084472656,39.689998626708984,39.869998931884766,149200
2023-08-17,38.40406799316406,40.0,40.220001220703125,39.83000183105469,40.02000045776367,77200
2023-08-18,38.43287658691406,40.029998779296875,40.25,39.5,39.70000076293945,105200
2023-08-21,37.97202682495117,39.54999923706055,40.209999084472656,39.5,40.06999969482422,205700
2023-08-22,37.15594482421875,38.70000076293945,39.75,38.279998779296875,39.439998626708984,172600
2023-08-23,37.67439651489258,39.2400016784668,39.56999969482422,38.599998474121094,38.61000061035156,128500
2023-08-24,37.645599365234375,39.209999084472656,39.689998626708984,37.849998474121094,39.04999923706055,93300
2023-08-25,37.367164611816406,38.91999816894531,39.349998474121094,38.38999938964844,39.29999923706055,125000
2023-08-28,37.45357894897461,39.0099983215332,39.81999969482422,38.970001220703125,39.029998779296875,84500
2023-08-29,37.42477035522461,38.97999954223633,39.099998474121094,38.720001220703125,39.09000015258789,95700
2023-08-30,37.251953125,38.79999923706055,39.02000045776367,38.58000183105469,38.88999938964844,86600
2023-08-31,37.1655387878418,38.709999084472656,39.290000915527344,38.43000030517578,38.790000915527344,103700
2023-09-01,38.26966094970703,39.86000061035156,39.939998626708984,39.040000915527344,39.040000915527344,171700
2023-09-05,37.81840896606445,39.38999938964844,39.84000015258789,39.29999923706055,39.84000015258789,121600
2023-09-06,37.18474578857422,38.72999954223633,39.720001220703125,38.65999984741211,39.470001220703125,79000
2023-09-07,36.86791229248047,38.400001525878906,38.709999084472656,38.11000061035156,38.56999969482422,168600
2023-09-08,37.23274230957031,38.779998779296875,38.9900016784668,38.209999084472656,38.380001068115234,181300
2023-09-11,36.98311996459961,38.52000045776367,39.279998779296875,38.459999084472656,38.810001373291016,74700
2023-09-12,36.92551803588867,38.459999084472656,38.880001068115234,38.31999969482422,38.599998474121094,57200
2023-09-13,37.06953048706055,38.61000061035156,39.0099983215332,38.279998779296875,38.59000015258789,155300
2023-09-14,37.82329177856445,39.13999938964844,39.279998779296875,38.65999984741211,38.68000030517578,133900
2023-09-15,37.24347686767578,38.540000915527344,39.68000030517578,38.18000030517578,39.029998779296875,299900
2023-09-18,36.84727478027344,38.130001068115234,38.599998474121094,38.04999923706055,38.540000915527344,207900
2023-09-19,36.74097442626953,38.02000045776367,39.2400016784668,37.790000915527344,38.209999084472656,107000
2023-09-20,36.460723876953125,37.72999954223633,38.33000183105469,37.689998626708984,38.220001220703125,87100
2023-09-21,36.074188232421875,37.33000183105469,37.65999984741211,37.25,37.59000015258789,137700
2023-09-22,35.69729995727539,36.939998626708984,37.75,36.79999923706055,37.34000015258789,115000
2023-09-25,36.325439453125,37.59000015258789,37.599998474121094,36.720001220703125,36.83000183105469,170100
2023-09-26,36.02586364746094,37.279998779296875,38.5099983215332,36.93000030517578,37.33000183105469,130000
2023-09-27,35.71662902832031,36.959999084472656,37.650001525878906,36.869998931884766,37.540000915527344,95500
2023-09-28,35.94855880737305,37.20000076293945,37.97999954223633,37.09000015258789,37.09000015258789,109800
2023-09-29,36.23846435546875,37.5,37.779998779296875,37.040000915527344,37.4900016784668,180200
2023-10-02,35.591007232666016,36.83000183105469,37.5,36.63999938964844,37.5,114000
2023-10-03,35.136817932128906,36.36000061035156,36.97999954223633,36.099998474121094,36.68000030517578,134200
2023-10-04,35.70697021484375,36.95000076293945,36.97999954223633,36.119998931884766,36.38999938964844,103500
2023-10-05,36.51871109008789,37.790000915527344,37.939998626708984,36.86000061035156,36.86000061035156,131800
2023-10-06,36.315773010253906,37.58000183105469,38.34000015258789,37.27000045776367,37.459999084472656,100900
2023-10-09,36.18048095703125,37.439998626708984,37.88999938964844,37.130001068115234,37.459999084472656,112100
2023-10-10,36.45106506347656,37.720001220703125,37.880001068115234,37.41999816894531,37.529998779296875,155000
2023-10-11,36.64433670043945,37.91999816894531,38.08000183105469,37.459999084472656,37.75,91100
2023-10-12,36.267459869384766,37.529998779296875,37.849998474121094,37.31999969482422,37.849998474121094,81200
2023-10-13,35.42672348022461,36.65999984741211,37.849998474121094,36.630001068115234,37.849998474121094,87000
2023-10-16,35.987213134765625,37.2400016784668,37.459999084472656,36.93000030517578,36.93000030517578,119000
2023-10-17,36.61534118652344,37.88999938964844,38.36000061035156,36.93000030517578,37.029998779296875,150300
2023-10-18,35.784278869628906,37.029998779296875,37.7400016784668,37.029998779296875,37.619998931884766,118400
2023-10-19,35.55235290527344,36.790000915527344,37.54999923706055,36.7400016784668,37.16999816894531,87800
2023-10-20,34.470027923583984,35.66999816894531,36.95000076293945,35.619998931884766,36.849998474121094,146600
2023-10-23,34.48935317993164,35.689998626708984,36.290000915527344,35.29999923706055,35.29999923706055,104000
2023-10-24,32.459999084472656,33.59000015258789,34.38999938964844,33.09000015258789,33.75,299700
2023-10-25,32.614620208740234,33.75,33.90999984741211,32.970001220703125,33.36000061035156,199800
2023-10-26,34.02550506591797,35.209999084472656,35.25,33.27000045776367,33.880001068115234,156400
2023-10-27,33.44569396972656,34.61000061035156,36.619998931884766,34.06999969482422,35.119998931884766,183500
2023-10-30,33.812904357910156,34.9900016784668,35.380001068115234,34.779998779296875,35.06999969482422,96700
2023-10-31,33.60030746459961,34.77000045776367,35.16999816894531,34.380001068115234,34.900001525878906,129700
2023-11-01,33.619632720947266,34.790000915527344,34.91999816894531,34.2599983215332,34.709999084472656,130700
2023-11-02,34.769596099853516,35.97999954223633,36.08000183105469,34.939998626708984,34.939998626708984,225500
2023-11-03,36.01620101928711,37.27000045776367,38.029998779296875,36.779998779296875,36.90999984741211,142600
2023-11-06,35.67797088623047,36.91999816894531,37.2400016784668,36.58000183105469,37.2400016784668,110800
2023-11-07,35.41706085205078,36.650001525878906,37.099998474121094,36.18000030517578,36.7599983215332,79500
2023-11-08,35.33974838256836,36.56999969482422,36.709999084472656,36.189998626708984,36.599998474121094,86800
2023-11-09,34.91455078125,36.130001068115234,36.93000030517578,36.0099983215332,36.63999938964844,78800
2023-11-10,34.99186325073242,36.209999084472656,36.52000045776367,35.88999938964844,36.27000045776367,106900
2023-11-13,35.2141227722168,36.439998626708984,36.599998474121094,35.7599983215332,35.959999084472656,78100
2023-11-14,37.900604248046875,39.220001220703125,39.4900016784668,37.72999954223633,37.79999923706055,228600
2023-11-15,38.470760345458984,39.810001373291016,40.150001525878906,39.04999923706055,39.04999923706055,147400
2023-11-16,37.68800354003906,39.0,39.97999954223633,38.93000030517578,39.90999984741211,82000
2023-11-17,37.96824645996094,39.290000915527344,39.79999923706055,39.08000183105469,39.41999816894531,126900
2023-11-20,37.7363166809082,39.04999923706055,39.58000183105469,38.54999923706055,39.20000076293945,68600
2023-11-21,36.856937408447266,38.13999938964844,39.209999084472656,38.099998474121094,39.02000045776367,59200
2023-11-22,37.030879974365234,38.31999969482422,38.65999984741211,38.119998931884766,38.63999938964844,51000
2023-11-24,37.19516372680664,38.4900016784668,38.54999923706055,38.16999816894531,38.220001220703125,27000
2023-11-27,36.80862045288086,38.09000015258789,38.40999984741211,37.849998474121094,38.310001373291016,71800
2023-11-28,36.992225646972656,38.279998779296875,38.34000015258789,36.72999954223633,37.939998626708984,102100
2023-11-29,37.784637451171875,39.099998474121094,39.43000030517578,38.59000015258789,38.59000015258789,141100
2023-11-30,37.89093780517578,39.209999084472656,39.529998779296875,38.20000076293945,39.2400016784668,139100
2023-12-01,39.98794174194336,41.380001068115234,41.810001373291016,38.91999816894531,39.099998474121094,192300
2023-12-04,39.76567459106445,41.150001525878906,41.70000076293945,41.029998779296875,41.099998474121094,167900
2023-12-05,39.485435485839844,40.86000061035156,41.16999816894531,40.560001373291016,41.060001373291016,204800
2023-12-06,39.620723724365234,41.0,42.09000015258789,40.779998779296875,41.08000183105469,162400
2023-12-07,40.28750991821289,41.689998626708984,41.75,39.72999954223633,41.279998779296875,156000
2023-12-08,40.490447998046875,41.900001525878906,42.16999816894531,41.38999938964844,41.88999938964844,93800
2023-12-11,40.490447998046875,41.900001525878906,42.209999084472656,41.630001068115234,41.900001525878906,93900
2023-12-12,40.37447738647461,41.779998779296875,42.13999938964844,41.58000183105469,42.060001373291016,78700
2023-12-13,42.80970764160156,44.29999923706055,44.29999923706055,41.599998474121094,41.7400016784668,160300
2023-12-14,43.499717712402344,44.7599983215332,46.16999816894531,44.47999954223633,45.029998779296875,194200
2023-12-15,42.57646560668945,43.810001373291016,45.33000183105469,43.7599983215332,45.08000183105469,406700
2023-12-18,42.63478088378906,43.869998931884766,44.33000183105469,43.459999084472656,44.189998626708984,124600
2023-12-19,43.80098342895508,45.06999969482422,45.22999954223633,43.849998474121094,44.16999816894531,175700
2023-12-20,43.120697021484375,44.369998931884766,46.15999984741211,44.310001373291016,45.20000076293945,214700
2023-12-21,43.169288635253906,44.41999816894531,44.79999923706055,44.20000076293945,44.77000045776367,97800
2023-12-22,43.70380401611328,44.970001220703125,45.34000015258789,44.66999816894531,44.75,89100
2023-12-26,44.28691482543945,45.56999969482422,45.86000061035156,45.0,45.279998779296875,77800
2023-12-27,44.30634307861328,45.59000015258789,45.849998474121094,45.349998474121094,45.689998626708984,71300
2023-12-28,44.18000793457031,45.459999084472656,46.04999923706055,45.349998474121094,45.43000030517578,101600
2023-12-29,43.39281463623047,44.650001525878906,45.65999984741211,44.439998626708984,45.459999084472656,119900
2024-01-02,43.83986282348633,45.11000061035156,45.65999984741211,44.22999954223633,44.22999954223633,113400
2024-01-03,42.68336868286133,43.91999816894531,45.06999969482422,43.810001373291016,44.91999816894531,146100
2024-01-04,43.159568786621094,44.40999984741211,44.5099983215332,44.119998931884766,44.119998931884766,172100
2024-01-05,43.22760009765625,44.47999954223633,45.040000915527344,43.72999954223633,44.06999969482422,142600
2024-01-08,43.66493225097656,44.93000030517578,44.939998626708984,44.09000015258789,44.29999923706055,95100
2024-01-09,42.858299255371094,44.099998474121094,44.349998474121094,44.0099983215332,44.29999923706055,86300
2024-01-10,43.03322982788086,44.279998779296875,44.33000183105469,43.58000183105469,43.869998931884766,99700
2024-01-11,42.52787399291992,43.7599983215332,44.13999938964844,43.16999816894531,43.81999969482422,111100
2024-01-12,42.09054946899414,43.310001373291016,44.59000015258789,42.810001373291016,44.2599983215332,101400
2024-01-16,40.885459899902344,42.06999969482422,42.939998626708984,42.0,42.66999816894531,142600
2024-01-17,40.91461181640625,42.099998474121094,42.209999084472656,41.4900016784668,41.4900016784668,166700
2024-01-18,41.196449279785156,42.38999938964844,42.470001220703125,41.939998626708984,42.220001220703125,93000
2024-01-19,41.88645553588867,43.099998474121094,43.099998474121094,42.060001373291016,42.40999984741211,94000
2024-01-22,42.84857940673828,44.09000015258789,44.099998474121094,43.119998931884766,43.5,101000
2024-01-23,41.235321044921875,42.43000030517578,43.75,41.619998931884766,43.75,344000
2024-01-24,40.60362243652344,41.779998779296875,42.779998779296875,41.369998931884766,42.56999969482422,249800
2024-01-25,41.17700958251953,42.369998931884766,42.38999938964844,41.400001525878906,42.38999938964844,262800
2024-01-26,41.235321044921875,42.43000030517578,42.7400016784668,41.79999923706055,42.720001220703125,109500
2024-01-29,42.45012283325195,43.68000030517578,43.70000076293945,41.95000076293945,42.36000061035156,171300
2024-01-30,42.537593841552734,43.77000045776367,44.15999984741211,42.970001220703125,43.540000915527344,168200
2024-01-31,40.457847595214844,41.630001068115234,43.2599983215332,41.47999954223633,42.79999923706055,153100
2024-02-01,39.42769241333008,40.56999969482422,42.0099983215332,39.709999084472656,41.970001220703125,165000
2024-02-02,39.281917572021484,40.41999816894531,40.58000183105469,39.720001220703125,39.720001220703125,181300
2024-02-05,38.50444030761719,39.619998931884766,40.11000061035156,39.29999923706055,39.849998474121094,131000
2024-02-06,38.407257080078125,39.52000045776367,40.060001373291016,39.20000076293945,39.560001373291016,149500
2024-02-07,38.533599853515625,39.650001525878906,40.04999923706055,38.54999923706055,39.65999984741211,123600
2024-02-08,38.28091812133789,39.38999938964844,39.900001525878906,39.130001068115234,39.4900016784668,130500
2024-02-09,38.786277770996094,39.90999984741211,39.959999084472656,38.77000045776367,39.11000061035156,134000
2024-02-12,39.61233901977539,40.7599983215332,41.31999969482422,39.959999084472656,39.959999084472656,161500
2024-02-13,37.68809127807617,38.779998779296875,39.709999084472656,38.36000061035156,39.439998626708984,174900
2024-02-14,38.543312072753906,39.65999984741211,39.75,38.869998931884766,39.310001373291016,137000
2024-02-15,40.15657424926758,41.31999969482422,41.439998626708984,39.9900016784668,40.029998779296875,163400
2024-02-16,39.86502456665039,41.02000045776367,41.650001525878906,39.970001220703125,40.91999816894531,156800
2024-02-20,39.281917572021484,40.41999816894531,41.189998626708984,40.279998779296875,40.52000045776367,201300
2024-02-21,39.5929069519043,40.7400016784668,40.779998779296875,40.09000015258789,40.41999816894531,194200
2024-02-22,39.35966110229492,40.5,40.709999084472656,40.08000183105469,40.540000915527344,141200
2024-02-23,39.68037414550781,40.83000183105469,41.31999969482422,40.040000915527344,40.470001220703125,101600
2024-02-26,38.543312072753906,39.65999984741211,41.099998474121094,39.63999938964844,40.630001068115234,132500
2024-02-27,38.727962493896484,39.849998474121094,40.33000183105469,39.5,40.0,74800
2024-02-28,38.38782501220703,39.5,39.7400016784668,39.40999984741211,39.5,92200
2024-02-29,38.79599380493164,39.91999816894531,40.70000076293945,39.599998474121094,40.34000015258789,93100
2024-03-01,38.533599853515625,39.650001525878906,39.689998626708984,38.47999954223633,39.599998474121094,120900
2024-03-04,37.90190124511719,39.0,40.33000183105469,38.88999938964844,39.63999938964844,78600
2024-03-05,38.92232894897461,40.04999923706055,40.279998779296875,38.83000183105469,38.86000061035156,108100
2024-03-06,39.175018310546875,40.310001373291016,40.84000015258789,39.36000061035156,40.11000061035156,150000
2024-03-07,39.204166412353516,40.34000015258789,40.939998626708984,39.970001220703125,40.720001220703125,105700
2024-03-08,38.961212158203125,40.09000015258789,41.06999969482422,40.06999969482422,40.97999954223633,134400
2024-03-11,38.582191467285156,39.70000076293945,40.29999923706055,39.63999938964844,40.0,68900
2024-03-12,38.25175857543945,39.36000061035156,39.70000076293945,39.0099983215332,39.70000076293945,85200
2024-03-13,37.99908447265625,39.099998474121094,39.81999969482422,38.72999954223633,39.189998626708984,98700
2024-03-14,36.74711608886719,37.56999969482422,39.279998779296875,37.41999816894531,38.849998474121094,200900
2024-03-15,37.30463409423828,38.13999938964844,38.470001220703125,37.33000183105469,37.33000183105469,290500
2024-03-18,37.38288116455078,38.220001220703125,38.43000030517578,37.61000061035156,38.099998474121094,113300
2024-03-19,37.52959442138672,38.369998931884766,38.779998779296875,38.20000076293945,38.25,81200
2024-03-20,38.36098098754883,39.220001220703125,39.650001525878906,38.0099983215332,38.220001220703125,277500
2024-03-21,38.996742248535156,39.869998931884766,39.970001220703125,39.400001525878906,39.54999923706055,272100
2024-03-22,37.91105270385742,38.7599983215332,40.0,38.720001220703125,39.93000030517578,112200
2024-03-25,38.21426010131836,39.06999969482422,39.4900016784668,38.720001220703125,38.900001525878906,85500
2024-03-26,38.34141540527344,39.20000076293945,39.29999923706055,38.439998626708984,39.29999923706055,103900
2024-03-27,39.290164947509766,40.16999816894531,40.220001220703125,39.22999954223633,39.22999954223633,94100
2024-03-28,39.671630859375,40.560001373291016,40.630001068115234,39.93000030517578,40.15999984741211,243300
2024-04-01,38.33163070678711,39.189998626708984,40.65999984741211,39.08000183105469,40.65999984741211,152600
2024-04-02,37.480690002441406,38.31999969482422,39.150001525878906,38.2599983215332,38.779998779296875,127700
2024-04-03,37.72521209716797,38.56999969482422,38.61000061035156,38.09000015258789,38.18000030517578,167200
2024-04-04,38.39031982421875,39.25,39.900001525878906,38.93000030517578,38.93000030517578,267900
2024-04-05,38.21426010131836,39.06999969482422,39.279998779296875,38.70000076293945,39.060001373291016,84400
2024-04-08,38.34141540527344,39.20000076293945,39.75,37.7400016784668,39.06999969482422,76200
2024-04-09,38.449005126953125,39.310001373291016,39.689998626708984,39.0,39.279998779296875,70100
2024-04-10,37.167701721191406,38.0,38.310001373291016,37.33000183105469,38.150001525878906,174500
2024-04-11,37.363319396972656,38.20000076293945,38.349998474121094,37.619998931884766,38.349998474121094,97100
2024-04-12,37.46112823486328,38.29999923706055,38.43000030517578,37.83000183105469,37.83000183105469,110300
2024-04-15,37.49047088623047,38.33000183105469,38.81999969482422,37.93000030517578,38.41999816894531,99700
2024-04-16,37.19704055786133,38.029998779296875,38.380001068115234,37.65999984741211,37.90999984741211,88000
2024-04-17,37.118797302246094,37.95000076293945,38.56999969482422,37.880001068115234,38.099998474121094,126300
2024-04-18,37.34375762939453,38.18000030517578,38.470001220703125,37.81999969482422,37.939998626708984,127700
2024-04-19,38.8109016418457,39.68000030517578,39.72999954223633,37.9900016784668,37.9900016784668,166400
2024-04-22,38.84024429321289,39.709999084472656,40.08000183105469,39.43000030517578,39.59000015258789,127000
2024-04-23,38.34141540527344,39.20000076293945,40.0,39.029998779296875,39.11000061035156,285300
2024-04-24,38.27294921875,39.130001068115234,39.33000183105469,37.97999954223633,38.61000061035156,256500
2024-04-25,38.0382080078125,38.88999938964844,39.130001068115234,38.349998474121094,38.79999923706055,175800
2024-04-26,37.950172424316406,38.79999923706055,39.27000045776367,38.630001068115234,38.79999923706055,97200
2024-04-29,37.314414978027344,38.150001525878906,38.95000076293945,38.09000015258789,38.7400016784668,88900
2024-04-30,37.1774787902832,38.0099983215332,38.15999984741211,37.84000015258789,37.93000030517578,141500
2024-05-01,38.116451263427734,38.970001220703125,39.209999084472656,38.29999923706055,38.29999923706055,123200
2024-05-02,38.585941314697266,39.45000076293945,39.5099983215332,38.970001220703125,39.16999816894531,91100
2024-05-03,38.52725601196289,39.38999938964844,40.15999984741211,39.31999969482422,39.959999084472656,85300
2024-05-06,38.8891487121582,39.7599983215332,40.08000183105469,39.619998931884766,39.619998931884766,77500
2024-05-07,38.634849548339844,39.5,40.33000183105469,39.470001220703125,39.84000015258789,113100
2024-05-08,38.77177810668945,39.63999938964844,39.810001373291016,39.2400016784668,39.2400016784668,129400
2024-05-09,39.19235610961914,40.06999969482422,40.09000015258789,39.560001373291016,39.560001373291016,94000
2024-05-10,39.07498550415039,39.95000076293945,40.27000045776367,39.650001525878906,40.029998779296875,70600
2024-05-13,38.977176666259766,39.849998474121094,40.70000076293945,39.810001373291016,40.220001220703125,71200
2024-05-14,38.93805694580078,39.810001373291016,40.400001525878906,39.599998474121094,40.25,74800
2024-05-15,39.25104904174805,40.130001068115234,40.290000915527344,39.84000015258789,40.189998626708984,70500
2024-05-16,39.72053146362305,40.61000061035156,40.7400016784668,39.900001525878906,39.959999084472656,124100
2024-05-17,40.00418472290039,40.900001525878906,41.130001068115234,40.0099983215332,40.779998779296875,71300
2024-05-20,39.19235610961914,40.06999969482422,40.91999816894531,40.040000915527344,40.75,85600
2024-05-21,39.09455490112305,39.970001220703125,40.310001373291016,39.810001373291016,39.93000030517578,102500
2024-05-22,38.43922424316406,39.29999923706055,39.91999816894531,39.16999816894531,39.779998779296875,93900
2024-05-23,37.53937530517578,38.380001068115234,39.43000030517578,38.2599983215332,39.43000030517578,98500
2024-05-24,37.86214828491211,38.709999084472656,38.72999954223633,38.150001525878906,38.599998474121094,109200
2024-05-28,37.38288116455078,38.220001220703125,38.88999938964844,38.150001525878906,38.84000015258789,88100
2024-05-29,36.73733901977539,37.560001373291016,37.709999084472656,37.279998779296875,37.650001525878906,108800
2024-05-30,37.236167907714844,38.06999969482422,38.439998626708984,37.72999954223633,37.90999984741211,77400
2024-05-31,37.842586517333984,38.689998626708984,38.72999954223633,38.189998626708984,38.209999084472656,106200
2024-06-03,37.285072326660156,38.119998931884766,39.04999923706055,38.02000045776367,39.040000915527344,62500
2024-06-04,36.7177734375,37.540000915527344,37.869998931884766,37.5,37.84000015258789,71700
2024-06-05,37.50025177001953,38.34000015258789,38.36000061035156,37.439998626708984,37.84000015258789,83900
2024-06-06,37.34375762939453,38.18000030517578,38.59000015258789,37.91999816894531,38.130001068115234,114300
2024-06-07,37.285072326660156,38.119998931884766,38.470001220703125,37.7599983215332,37.7599983215332,202700
2024-06-10,37.20682144165039,38.040000915527344,38.119998931884766,37.33000183105469,37.81999969482422,132700
2024-06-11,37.01120376586914,37.84000015258789,38.040000915527344,37.40999984741211,37.65999984741211,115100
2024-06-12,37.8914909362793,38.7400016784668,39.54999923706055,38.439998626708984,38.459999084472656,130000
2024-06-13,37.422000885009766,38.2599983215332,38.7400016784668,37.97999954223633,38.66999816894531,82600
2024-06-14,37.07732391357422,37.650001525878906,37.880001068115234,37.34000015258789,37.45000076293945,138600
2024-06-17,37.59926223754883,38.18000030517578,38.220001220703125,37.310001373291016,37.439998626708984,110500
2024-06-18,37.815921783447266,38.400001525878906,38.68000030517578,37.90999984741211,37.90999984741211,129500
2024-06-20,37.59926223754883,38.18000030517578,38.5099983215332,38.09000015258789,38.09000015258789,93300
2024-06-21,37.845462799072266,38.43000030517578,38.54999923706055,37.959999084472656,38.439998626708984,252200
2024-06-24,38.140899658203125,38.72999954223633,39.290000915527344,38.54999923706055,38.56999969482422,89700
2024-06-25,37.815921783447266,38.400001525878906,38.70000076293945,38.25,38.54999923706055,111100
2024-06-26,38.012874603271484,38.599998474121094,38.79999923706055,37.900001525878906,38.060001373291016,123600
2024-06-27,38.4166374206543,39.0099983215332,39.11000061035156,38.54999923706055,38.77000045776367,131900
2024-06-28,40.287742614746094,40.90999984741211,40.970001220703125,39.43000030517578,39.43000030517578,702400
2024-07-01,39.50975799560547,40.119998931884766,41.189998626708984,40.060001373291016,40.849998474121094,125900
2024-07-02,39.77565002441406,40.38999938964844,40.5,40.029998779296875,40.029998779296875,91500
2024-07-03,38.83024978637695,39.43000030517578,40.290000915527344,39.43000030517578,40.290000915527344,56100
2024-07-05,38.34770202636719,38.939998626708984,39.54999923706055,38.880001068115234,39.349998474121094,59700
2024-07-08,38.55451202392578,39.150001525878906,39.939998626708984,39.09000015258789,39.31999969482422,75900
2024-07-09,38.909034729003906,39.5099983215332,39.75,38.90999984741211,38.95000076293945,83200
2024-07-10,39.637779235839844,40.25,40.349998474121094,39.470001220703125,39.56999969482422,91800
2024-07-11,41.93233871459961,42.58000183105469,42.790000915527344,40.79999923706055,41.029998779296875,231800
2024-07-12,42.38534164428711,43.040000915527344,43.369998931884766,42.43000030517578,43.0,205700
2024-07-15,43.6163330078125,44.290000915527344,44.68000030517578,43.33000183105469,43.540000915527344,188800
2024-07-16,46.52145767211914,47.2400016784668,47.5,44.02000045776367,44.720001220703125,227700
2024-07-17,47.26005172729492,47.9900016784668,48.20000076293945,46.209999084472656,46.4900016784668,288500
2024-07-18,46.28511047363281,47.0,48.310001373291016,46.09000015258789,47.54999923706055,186100
2024-07-19,46.77750015258789,47.5,48.0099983215332,46.880001068115234,46.9900016784668,147500
2024-07-22,46.984310150146484,47.709999084472656,48.0,46.5,47.11000061035156,181600
2024-07-23,52.79457092285156,53.61000061035156,53.720001220703125,48.29999923706055,49.40999984741211,489300
2024-07-24,52.17415237426758,52.97999954223633,54.880001068115234,52.849998474121094,53.61000061035156,365500
2024-07-25,52.29232406616211,53.099998474121094,54.4900016784668,52.45000076293945,52.59000015258789,455400
2024-07-26,53.17863845825195,54.0,54.279998779296875,51.33000183105469,53.20000076293945,237000
2024-07-29,51.97719192504883,52.779998779296875,54.0,52.630001068115234,53.939998626708984,159800
2024-07-30,52.44004440307617,53.25,53.70000076293945,52.7599983215332,52.95000076293945,175800
2024-07-31,52.065826416015625,52.869998931884766,54.36000061035156,52.54999923706055,53.22999954223633,204200
2024-08-01,50.47046661376953,51.25,53.06999969482422,50.849998474121094,52.790000915527344,288100
2024-08-02,49.48567581176758,50.25,50.33000183105469,47.38999938964844,49.11000061035156,212000
2024-08-05,47.31914138793945,48.04999923706055,48.959999084472656,46.88999938964844,47.70000076293945,221900
2024-08-06,47.39792251586914,48.130001068115234,48.779998779296875,45.38999938964844,47.959999084472656,221200
2024-08-07,47.36837387084961,48.099998474121094,49.5099983215332,47.939998626708984,49.08000183105469,120800
2024-08-08,47.781986236572266,48.52000045776367,49.0,48.0099983215332,48.7400016784668,84400
2024-08-09,47.60472869873047,48.34000015258789,48.54999923706055,47.779998779296875,48.54999923706055,100500
2024-08-12,47.04339599609375,47.77000045776367,49.77000045776367,47.36000061035156,48.72999954223633,99900
2024-08-13,47.752445220947266,48.4900016784668,48.52000045776367,47.58000183105469,48.25,86700
2024-08-14,47.053245544433594,47.779998779296875,48.650001525878906,47.70000076293945,48.650001525878906,110000
2024-08-15,48.756927490234375,49.5099983215332,49.90999984741211,48.77000045776367,49.02000045776367,120400
2024-08-16,49.081912994384766,49.84000015258789,50.36000061035156,49.41999816894531,49.41999816894531,70400
2024-08-19,49.66293716430664,50.43000030517578,50.529998779296875,49.56999969482422,49.79999923706055,59900
2024-08-20,48.993282318115234,49.75,50.41999816894531,49.540000915527344,50.41999816894531,98300
2024-08-21,49.18039321899414,49.939998626708984,50.20000076293945,49.5099983215332,50.20000076293945,60200
2024-08-22,49.51521682739258,50.279998779296875,50.47999954223633,49.63999938964844,49.81999969482422,109800
2024-08-23,52.006736755371094,52.810001373291016,53.65999984741211,50.72999954223633,50.75,148900
2024-08-26,51.72114944458008,52.52000045776367,53.619998931884766,52.38999938964844,53.34000015258789,122300
2024-08-27,51.58327865600586,52.380001068115234,52.54999923706055,51.5099983215332,52.20000076293945,100500
2024-08-28,51.98704147338867,52.790000915527344,52.86000061035156,51.70000076293945,51.95000076293945,236100
2024-08-29,51.98704147338867,52.790000915527344,53.310001373291016,52.22999954223633,53.27000045776367,86300
2024-08-30,52.10521697998047,52.90999984741211,53.16999816894531,52.470001220703125,52.77000045776367,102500
2024-09-03,51.20905685424805,52.0,53.15999984741211,51.869998931884766,52.56999969482422,155400
2024-09-04,50.34244155883789,51.119998931884766,52.369998931884766,50.93000030517578,51.93000030517578,139100
2024-09-05,50.05685806274414,50.83000183105469,51.68000030517578,50.630001068115234,51.38999938964844,95900
2024-09-06,49.633392333984375,50.400001525878906,51.75,49.900001525878906,51.040000915527344,133800
2024-09-09,49.6530876159668,50.41999816894531,51.0,50.27000045776367,50.54999923706055,118100
2024-09-10,50.05685806274414,50.83000183105469,51.040000915527344,49.97999954223633,50.560001373291016,127400
2024-09-11,49.3281135559082,50.09000015258789,50.47999954223633,48.7400016784668,50.47999954223633,270600
2024-09-12,49.42658996582031,50.189998626708984,50.459999084472656,49.88999938964844,50.43000030517578,82400
2024-09-13,50.65757751464844,51.439998626708984,51.5099983215332,50.869998931884766,50.869998931884766,106500
2024-09-16,50.76647186279297,51.279998779296875,52.060001373291016,50.599998474121094,51.29999923706055,166900
2024-09-17,51.588165283203125,52.11000061035156,53.0099983215332,51.400001525878906,51.939998626708984,219000
2024-09-18,51.310970306396484,51.83000183105469,53.369998931884766,51.31999969482422,52.11000061035156,303300
2024-09-19,52.8454475402832,53.380001068115234,53.52000045776367,51.88999938964844,53.0,102900
2024-09-20,51.73666000366211,52.2599983215332,53.40999984741211,52.220001220703125,53.0,456500
2024-09-23,51.152565002441406,51.66999816894531,52.38999938964844,51.380001068115234,52.36000061035156,113800
2024-09-24,50.35068130493164,50.86000061035156,51.84000015258789,50.790000915527344,51.70000076293945,103000
2024-09-25,50.12298583984375,50.630001068115234,51.20000076293945,50.630001068115234,50.95000076293945,137400
2024-09-26,50.32098388671875,50.83000183105469,51.38999938964844,50.58000183105469,51.2400016784668,118500
2024-09-27,49.93488693237305,50.439998626708984,51.310001373291016,50.279998779296875,51.22999954223633,121000
2024-09-30,50.746673583984375,51.2599983215332,51.619998931884766,50.400001525878906,50.45000076293945,108900
2024-10-01,49.12309646606445,49.619998931884766,51.099998474121094,49.36000061035156,51.099998474121094,128500
2024-10-02,48.50930404663086,49.0,49.849998474121094,48.93000030517578,49.40999984741211,119500
2024-10-03,48.69740295410156,49.189998626708984,49.220001220703125,48.529998779296875,48.66999816894531,120500
2024-10-04,49.43989181518555,49.939998626708984,50.189998626708984,49.45000076293945,49.9900016784668,130800
2024-10-07,48.90530014038086,49.400001525878906,50.06999969482422,49.060001373291016,49.650001525878906,118100
2024-10-08,48.61820602416992,49.11000061035156,49.68000030517578,48.9900016784668,49.63999938964844,97800
2024-10-09,48.97460174560547,49.470001220703125,49.939998626708984,48.790000915527344,48.88999938964844,97600
2024-10-10,48.89540100097656,49.38999938964844,49.43000030517578,48.75,49.0,76100
2024-10-11,50.16257858276367,50.66999816894531,51.08000183105469,49.5,49.63999938964844,104000
2024-10-14,50.66747283935547,51.18000030517578,51.43000030517578,50.2599983215332,50.650001525878906,74800
2024-10-15,51.6673583984375,52.189998626708984,52.84000015258789,51.029998779296875,51.41999816894531,196600
2024-10-16,52.8652458190918,53.400001525878906,53.650001525878906,52.650001525878906,52.790000915527344,163800
2024-10-17,53.31073760986328,53.849998474121094,53.959999084472656,53.0099983215332,53.38999938964844,103000
2024-10-18,52.54844665527344,53.08000183105469,54.0,52.880001068115234,53.93000030517578,133100
2024-10-21,51.023868560791016,51.540000915527344,53.060001373291016,51.29999923706055,53.060001373291016,210700
2024-10-22,52.4494514465332,52.97999954223633,53.470001220703125,52.119998931884766,53.25,203900
2024-10-23,52.4692497253418,53.0,54.06999969482422,52.400001525878906,53.18000030517578,162300
2024-10-24,52.5682487487793,53.099998474121094,53.36000061035156,52.11000061035156,52.97999954223633,131400
2024-10-25,51.152565002441406,51.66999816894531,52.97999954223633,51.310001373291016,52.97999954223633,97000
2024-10-28,52.78604507446289,53.31999969482422,53.54999923706055,52.06999969482422,52.099998474121094,95900
2024-10-29,52.39994812011719,52.93000030517578,53.209999084472656,52.630001068115234,52.90999984741211,100000
2024-10-30,53.251338958740234,53.790000915527344,54.81999969482422,52.75,52.75,136200
2024-10-31,52.192054748535156,52.720001220703125,54.0099983215332,52.560001373291016,53.650001525878906,228800
2024-11-01,52.162349700927734,52.689998626708984,53.22999954223633,52.45000076293945,53.04999923706055,141200
2024-11-04,51.90495681762695,52.43000030517578,52.75,51.52000045776367,52.20000076293945,94500
2024-11-05,52.875144958496094,53.40999984741211,53.470001220703125,51.869998931884766,52.470001220703125,156600
2024-11-06,60.55743408203125,61.16999816894531,61.68000030517578,54.33000183105469,55.0,859300
2024-11-07,57.300384521484375,57.880001068115234,60.68000030517578,57.630001068115234,60.54999923706055,290600
2024-11-08,57.696372985839844,58.279998779296875,58.4900016784668,57.52000045776367,58.25,180000
2024-11-11,59.58724594116211,60.189998626708984,60.880001068115234,58.939998626708984,59.5,168000
2024-11-12,59.240753173828125,59.84000015258789,61.0099983215332,59.45000076293945,60.040000915527344,186400
2024-11-13,58.95365524291992,59.54999923706055,61.09000015258789,59.27000045776367,60.4900016784668,173600
2024-11-14,58.488365173339844,59.08000183105469,60.04999923706055,58.70000076293945,59.65999984741211,134600
2024-11-15,58.240867614746094,58.83000183105469,59.599998474121094,58.099998474121094,59.400001525878906,127200
2024-11-18,57.99337387084961,58.58000183105469,58.90999984741211,58.2599983215332,58.90999984741211,136700
2024-11-19,58.2309684753418,58.81999969482422,58.880001068115234,57.65999984741211,57.65999984741211,104500
2024-11-20,58.18146896362305,58.77000045776367,58.779998779296875,57.540000915527344,58.52000045776367,114600
2024-11-21,59.171451568603516,59.77000045776367,60.720001220703125,59.27000045776367,59.290000915527344,234400
2024-11-22,60.13174057006836,60.7400016784668,60.810001373291016,59.40999984741211,59.900001525878906,265000
2024-11-25,60.76533126831055,61.380001068115234,63.130001068115234,60.95000076293945,61.459999084472656,295500
2024-11-26,60.438636779785156,61.04999923706055,61.45000076293945,60.459999084472656,60.880001068115234,257300
2024-11-27,60.23073959350586,60.84000015258789,61.84000015258789,60.58000183105469,61.65999984741211,144000
2024-11-29,59.98324203491211,60.59000015258789,61.689998626708984,60.09000015258789,61.4900016784668,142300
2024-12-02,59.28035354614258,59.880001068115234,60.5,59.59000015258789,60.5,190700
2024-12-03,58.4289665222168,59.02000045776367,60.060001373291016,58.709999084472656,59.939998626708984,156900
2024-12-04,59.32985305786133,59.93000030517578,60.04999923706055,58.880001068115234,58.880001068115234,112900
2024-12-05,59.389251708984375,59.9900016784668,60.9900016784668,59.900001525878906,60.16999816894531,100000
2024-12-06,59.58724594116211,60.189998626708984,60.959999084472656,59.369998931884766,60.5,92400
2024-12-09,58.775455474853516,59.369998931884766,60.5,59.31999969482422,60.11000061035156,96700
2024-12-10,59.092254638671875,59.689998626708984,60.470001220703125,58.75,59.27000045776367,110000
2024-12-11,59.75554656982422,60.36000061035156,60.91999816894531,59.810001373291016,60.43000030517578,142500
2024-12-12,58.94375991821289,59.540000915527344,60.91999816894531,59.369998931884766,60.290000915527344,133700
2024-12-13,58.617061614990234,59.209999084472656,59.52000045776367,58.900001525878906,59.369998931884766,194800
2024-12-16,59.373023986816406,59.689998626708984,59.880001068115234,58.599998474121094,58.939998626708984,110800
2024-12-17,58.06003189086914,58.369998931884766,59.970001220703125,58.13999938964844,59.58000183105469,132600
2024-12-18,55.294795989990234,55.59000015258789,59.119998931884766,55.0099983215332,58.900001525878906,216800
2024-12-19,55.52357482910156,55.81999969482422,57.4900016784668,55.290000915527344,56.400001525878906,215100
2024-12-20,56.289485931396484,56.59000015258789,57.29999923706055,55.220001220703125,55.220001220703125,532000
2024-12-23,56.19996643066406,56.5,56.810001373291016,55.9900016784668,56.310001373291016,99500
2024-12-24,56.49837112426758,56.79999923706055,56.84000015258789,56.189998626708984,56.45000076293945,75100
2024-12-26,56.89624786376953,57.20000076293945,57.2400016784668,56.209999084472656,56.310001373291016,70400
2024-12-27,56.0109748840332,56.310001373291016,57.189998626708984,55.66999816894531,56.72999954223633,81900
2024-12-30,56.080604553222656,56.380001068115234,56.68000030517578,55.75,56.04999923706055,95500
2024-12-31,56.10049819946289,56.400001525878906,57.27000045776367,56.16999816894531,56.779998779296875,109800
2025-01-02,55.16548538208008,55.459999084472656,57.060001373291016,55.27000045776367,56.720001220703125,148400
2025-01-03,55.593204498291016,55.88999938964844,56.029998779296875,54.7400016784668,55.630001068115234,165100
2025-01-06,55.33458709716797,55.630001068115234,56.540000915527344,55.2599983215332,55.869998931884766,158200
2025-01-07,54.827293395996094,55.119998931884766,55.97999954223633,54.59000015258789,55.70000076293945,146700
2025-01-08,55.3544807434082,55.650001525878906,55.88999938964844,53.88999938964844,54.619998931884766,165000
2025-01-10,53.792816162109375,54.08000183105469,54.880001068115234,53.349998474121094,54.68000030517578,176500
2025-01-13,54.310054779052734,54.599998474121094,54.61000061035156,53.4900016784668,53.4900016784668,154000
2025-01-14,56.26959228515625,56.56999969482422,56.59000015258789,54.95000076293945,55.119998931884766,111400
2025-01-15,57.46322250366211,57.77000045776367,58.619998931884766,57.060001373291016,58.34000015258789,112500
2025-01-16,56.488426208496094,56.790000915527344,57.54999923706055,55.79999923706055,57.439998626708984,123500
2025-01-17,57.45327377319336,57.7599983215332,57.83000183105469,56.720001220703125,57.15999984741211,149100
2025-01-21,57.27423095703125,57.58000183105469,58.54999923706055,56.27000045776367,57.900001525878906,148100
2025-01-22,56.22980499267578,56.529998779296875,57.279998779296875,56.290000915527344,57.279998779296875,164600
2025-01-23,56.0109748840332,56.310001373291016,56.95000076293945,55.939998626708984,56.310001373291016,145600
2025-01-24,56.13033676147461,56.43000030517578,56.86000061035156,56.02000045776367,56.45000076293945,99500
2025-01-27,57.254337310791016,57.560001373291016,58.02000045776367,56.40999984741211,57.34000015258789,154700
2025-01-28,59.721168518066406,60.040000915527344,60.5,56.790000915527344,59.65999984741211,240600
2025-01-29,59.62169647216797,59.939998626708984,61.400001525878906,59.38999938964844,60.310001373291016,176700
2025-01-30,59.80073928833008,60.119998931884766,60.709999084472656,59.4900016784668,60.38999938964844,161500
2025-01-31,59.5222282409668,59.84000015258789,60.709999084472656,59.22999954223633,59.63999938964844,141500
2025-02-03,58.557376861572266,58.869998931884766,59.54999923706055,57.79999923706055,58.470001220703125,147700
2025-02-04,60.31797790527344,60.63999938964844,60.650001525878906,58.06999969482422,58.540000915527344,194800
2025-02-05,61.05405044555664,61.380001068115234,61.380001068115234,59.43000030517578,59.630001068115234,167500
2025-02-06,61.62102508544922,61.95000076293945,62.150001525878906,61.0099983215332,61.68000030517578,131900
2025-02-07,60.09914779663086,60.41999816894531,62.290000915527344,59.9900016784668,61.95000076293945,197800
2025-02-10,59.63164520263672,59.95000076293945,62.599998474121094,59.81999969482422,61.91999816894531,150900
2025-02-11,61.46187210083008,61.790000915527344,61.939998626708984,59.650001525878906,59.70000076293945,216400
2025-02-12,60.86505889892578,61.189998626708984,61.58000183105469,60.529998779296875,60.720001220703125,201900
2025-02-13,61.18335723876953,61.5099983215332,61.560001373291016,59.2599983215332,59.2599983215332,120100
2025-02-14,60.546756744384766,60.869998931884766,62.11000061035156,60.68000030517578,61.290000915527344,132500
2025-02-18,60.9545783996582,61.279998779296875,61.7400016784668,60.63999938964844,60.869998931884766,175000
2025-02-19,60.51691818237305,60.84000015258789,60.959999084472656,59.90999984741211,60.790000915527344,192200
2025-02-20,60.28813934326172,60.61000061035156,61.290000915527344,59.369998931884766,59.84000015258789,259400
2025-02-21,58.935359954833984,59.25,61.209999084472656,59.06999969482422,61.209999084472656,174800
2025-02-24,57.81135940551758,58.119998931884766,59.619998931884766,58.09000015258789,59.619998931884766,201300
2025-02-25,58.19929122924805,58.5099983215332,58.81999969482422,56.04999923706055,57.650001525878906,146600
2025-02-26,57.66215896606445,57.970001220703125,58.95000076293945,57.349998474121094,58.630001068115234,184100
2025-02-27,58.249027252197266,58.560001373291016,59.040000915527344,56.31999969482422,57.77000045776367,281900
2025-02-28,58.766265869140625,59.08000183105469,59.5099983215332,58.08000183105469,58.86000061035156,190500
2025-03-03,58.85578536987305,59.16999816894531,60.040000915527344,58.61000061035156,59.04999923706055,145000
2025-03-04,56.86640548706055,57.16999816894531,58.630001068115234,56.810001373291016,58.630001068115234,153800
2025-03-05,56.45858383178711,56.7599983215332,57.540000915527344,56.15999984741211,57.16999816894531,192600
2025-03-06,56.448638916015625,56.75,56.81999969482422,55.709999084472656,56.36000061035156,146600
2025-03-07,56.279541015625,56.58000183105469,56.880001068115234,55.5,56.81999969482422,139500
2025-03-10,54.24042510986328,54.529998779296875,56.029998779296875,54.36000061035156,55.63999938964844,174400
2025-03-11,54.01164627075195,54.29999923706055,55.16999816894531,54.0099983215332,54.619998931884766,232800
2025-03-12,54.47915267944336,54.77000045776367,55.36000061035156,54.0,54.689998626708984,240600
2025-03-13,54.320003509521484,54.61000061035156,55.650001525878906,54.470001220703125,54.84000015258789,166400
2025-03-14,55.83000183105469,55.83000183105469,55.939998626708984,54.869998931884766,55.029998779296875,149600
2025-03-17,56.650001525878906,56.650001525878906,57.970001220703125,56.02000045776367,56.02000045776367,541500
2025-03-18,56.45000076293945,56.45000076293945,56.88999938964844,56.099998474121094,56.540000915527344,238100
2025-03-19,56.90999984741211,56.90999984741211,57.4900016784668,56.06999969482422,56.31999969482422,297800
2025-03-20,55.630001068115234,55.630001068115234,57.209999084472656,55.599998474121094,56.27000045776367,337300
2025-03-21,55.029998779296875,55.029998779296875,55.72999954223633,54.58000183105469,55.119998931884766,2939900
2025-03-24,56.45000076293945,56.45000076293945,56.970001220703125,55.790000915527344,56.06999969482422,191000
2025-03-25,55.790000915527344,55.790000915527344,57.040000915527344,55.61000061035156,56.22999954223633,170800
2025-03-26,55.619998931884766,55.619998931884766,56.599998474121094,55.2599983215332,55.79999923706055,157500
2025-03-27,55.31999969482422,55.31999969482422,55.810001373291016,55.06999969482422,55.810001373291016,144900
2025-03-28,53.86000061035156,53.86000061035156,55.349998474121094,53.560001373291016,55.33000183105469,143800
2025-03-31,53.7400016784668,53.7400016784668,54.189998626708984,53.130001068115234,53.45000076293945,258500
2025-04-01,53.52000045776367,53.52000045776367,53.849998474121094,52.560001373291016,53.54999923706055,169900
2025-04-02,54.29999923706055,54.29999923706055,54.34000015258789,52.77000045776367,52.77000045776367,180700
2025-04-03,48.95000076293945,48.95000076293945,51.93000030517578,48.90999984741211,51.61000061035156,246300
2025-04-04,47.86000061035156,47.86000061035156,48.119998931884766,46.08000183105469,46.720001220703125,275500
2025-04-07,47.77000045776367,47.77000045776367,50.56999969482422,46.04999923706055,46.529998779296875,377700
2025-04-08,47.900001525878906,47.900001525878906,49.77000045776367,47.11000061035156,49.630001068115234,229700
2025-04-09,49.70000076293945,49.70000076293945,51.34000015258789,46.349998474121094,47.11000061035156,453200
2025-04-10,46.66999816894531,46.66999816894531,48.65999984741211,45.709999084472656,48.4900016784668,303900
2025-04-11,46.20000076293945,46.20000076293945,46.83000183105469,45.220001220703125,46.16999816894531,235700
2025-04-14,46.88999938964844,46.88999938964844,47.209999084472656,45.86000061035156,46.95000076293945,271700
2025-04-15,47.72999954223633,47.72999954223633,48.27000045776367,46.880001068115234,46.880001068115234,189700
2025-04-16,48.04999923706055,48.04999923706055,48.15999984741211,47.20000076293945,47.65999984741211,141900
2025-04-17,48.599998474121094,48.599998474121094,48.84000015258789,47.93000030517578,48.0099983215332,160100
2025-04-21,48.29999923706055,48.29999923706055,48.33000183105469,47.560001373291016,48.2599983215332,161300
2025-04-22,49.75,49.75,49.970001220703125,48.189998626708984,48.61000061035156,140000
2025-04-23,50.75,50.75,51.79999923706055,50.060001373291016,51.09000015258789,150800
2025-04-24,51.59000015258789,51.59000015258789,51.75,50.43000030517578,50.83000183105469,165200
2025-04-25,51.34000015258789,51.34000015258789,51.470001220703125,49.88999938964844,50.900001525878906,216500
2025-04-28,51.9900016784668,51.9900016784668,52.15999984741211,50.689998626708984,51.150001525878906,213800
2025-04-29,51.66999816894531,51.66999816894531,52.279998779296875,48.97999954223633,50.38999938964844,223100
2025-04-30,52.02000045776367,52.02000045776367,52.31999969482422,50.09000015258789,50.7599983215332,243700
2025-05-01,52.38999938964844,52.38999938964844,52.720001220703125,51.310001373291016,51.900001525878906,182100
2025-05-02,52.95000076293945,52.95000076293945,53.29999923706055,52.2400016784668,53.029998779296875,126500
2025-05-05,52.970001220703125,52.970001220703125,53.709999084472656,51.54999923706055,51.650001525878906,128600
2025-05-06,52.58000183105469,52.58000183105469,52.970001220703125,52.0099983215332,52.45000076293945,99500
2025-05-07,52.7400016784668,52.7400016784668,53.47999954223633,52.54999923706055,53.15999984741211,241900
2025-05-08,53.900001525878906,53.900001525878906,54.380001068115234,53.09000015258789,53.13999938964844,158300
2025-05-09,53.27000045776367,53.27000045776367,53.95000076293945,53.13999938964844,53.900001525878906,180300
2025-05-12,54.5,54.5,55.93000030517578,54.290000915527344,55.31999969482422,262400
2025-05-13,54.88999938964844,54.88999938964844,55.150001525878906,54.43000030517578,54.900001525878906,206600
2025-05-14,54.40999984741211,54.40999984741211,55.0,53.630001068115234,54.599998474121094,164000
2025-05-15,54.810001373291016,54.810001373291016,55.02000045776367,54.189998626708984,54.4900016784668,178700
2025-05-16,54.380001068115234,54.380001068115234,54.88999938964844,53.86000061035156,54.810001373291016,219600
