Date,Close,High,Low,Open,Volume
2018-11-14,16.51691436767578,16.51691436767578,16.51691436767578,16.51691436767578,1234000
2018-11-15,16.55048179626465,16.78547875496017,16.49005397029636,16.503482660651624,1239800
2018-11-16,16.55048179626465,16.55719614144228,16.114059604761763,16.510197005829255,370100
2018-11-19,16.584054946899414,16.597482357777835,16.516912769985264,16.584054946899414,152700
2018-11-20,16.55048179626465,16.584053522152807,16.416198734603206,16.416198734603206,93500
2018-11-21,16.584054946899414,16.778765851256882,16.516912769985264,16.550483218127084,39100
2018-11-23,16.584054946899414,16.597482357777835,16.550483218127084,16.597482357777835,5100
2018-11-26,16.51691436767578,16.651197453862846,16.48334263565604,16.651197453862846,19300
2018-11-27,16.54376983642578,16.56391287486297,16.483342001744795,16.483342001744795,69000
2018-11-28,16.51691436767578,16.58405655108463,16.315487817449235,16.58405655108463,12800
2018-11-29,16.429624557495117,16.550480197759015,16.335626295347762,16.550480197759015,44600
2018-11-30,16.54376983642578,16.54376983642578,16.35577326686768,16.54376983642578,4700
2018-12-03,16.51691436767578,16.563913511872784,16.496771328463936,16.550484819064888,46900
2018-12-04,16.51691436767578,16.57734220468068,15.724639420838757,16.51691436767578,78600
2018-12-06,16.59747886657715,16.59747886657715,16.52362364007414,16.530337984416274,29600
2018-12-07,16.59747886657715,16.718334503475102,16.584051458523117,16.718334503475102,12500
2018-12-10,16.563907623291016,16.64447847086428,16.436337648229262,16.590763718728653,31400
2018-12-11,16.65119171142578,16.65790605551418,16.557193455448616,16.5840508318022,40100
2018-12-12,16.704910278320312,16.71833897059271,16.63105503208328,16.6511967898613,28000
2018-12-13,16.731765747070312,16.731765747070312,16.68476661012892,16.68476661012892,17000
2018-12-14,16.785476684570312,16.785476684570312,16.55047975486028,16.678049736239483,31800
2018-12-17,16.765336990356445,16.765336990356445,16.664624366318044,16.751909579613688,17900
2018-12-18,16.57733917236328,16.71833657916313,16.4430548301088,16.651194408035888,30300
2018-12-19,16.51691436767578,16.651197453862846,16.214775182651277,16.651197453862846,6100
2018-12-20,16.046913146972656,16.57062040525542,15.590348041900004,16.57062040525542,13000
2018-12-21,16.268482208251953,16.27519655198766,15.81191707926487,15.892487923463229,16700
2018-12-24,15.979774475097656,16.261770555511394,15.959632721187603,16.261770555511394,7800
2018-12-26,15.476212501525879,15.979776916290891,15.449356398666287,15.912636018826648,63900
2018-12-27,14.737649917602539,15.670922066955146,14.448939496560428,15.482924255882761,73300
2018-12-28,15.435924530029297,15.617207989385795,14.448938941249919,14.77121979301907,40100
2018-12-31,15.630634307861328,15.939486423809402,15.476206969257216,15.71120386826949,45200
2019-01-02,15.979774475097656,15.979774475097654,15.429211003963768,15.543352305098622,40500
2019-01-03,15.94620418548584,16.073774177546223,15.852205917983635,15.852205917983635,13600
2019-01-04,16.295337677001953,16.37590723114534,16.013341676240152,16.013341676240152,40800
2019-01-07,16.32891273498535,16.436339691349968,16.2349144683239,16.31548404528219,24100
2019-01-08,16.335630416870117,16.416201290917716,16.255059542822515,16.30877431260798,9700
2019-01-09,16.389347076416016,16.422917533395278,16.382632728893995,16.389347076416016,9400
2019-01-10,16.154346466064453,16.41620083903829,16.147632120026092,16.328915621170157,39500
2019-01-11,16.154346466064453,16.248346029970946,16.147632120026092,16.154346466064453,41300
2019-01-14,16.187915802001953,16.28862841642047,15.952918847938504,15.952918847938504,7100
2019-01-15,16.194639205932617,16.28863752788621,16.187924857131488,16.24835271571054,10900
2019-01-16,16.234912872314453,16.288626345216336,16.194628087795593,16.248341560697476,25700
2019-01-17,16.26177215576172,16.40948519566635,16.228201708854556,16.35577171223661,29900
2019-01-18,16.657909393310547,16.7250515670178,16.56391111849866,16.617624601338374,83300
2019-01-22,16.537052154541016,16.718335622016735,16.537052154541016,16.718335622016735,51100
2019-01-23,16.758615493774414,16.81904329853903,16.550475988824047,16.550475988824047,66100
2019-01-24,16.798906326293945,16.939903723740795,16.718335470159808,16.819048079854745,106300
2019-01-25,16.953330993652344,16.9936157780311,16.758618854666313,16.81904667154955,100500
2019-01-28,16.886188507080078,16.95333066683715,16.845903723477907,16.95333066683715,50600
2019-01-29,16.859336853027344,16.90633599304983,16.81905077818191,16.886192955627113,14700
2019-01-30,16.906335830688477,16.93990627877342,16.792194514316954,16.792194514316954,82700
2019-01-31,17.289039611816406,17.289039611816406,16.86604619644146,16.886187947259707,419900
2019-02-01,17.06747055053711,17.06747055053711,16.88618711829155,17.02718577024812,29100
2019-02-04,17.127897262573242,17.127897262573242,17.020470334940395,17.121182919517437,13700
2019-02-05,17.06747055053711,17.12789836128563,17.0607562070506,17.107755330826098,26800
2019-02-06,17.06747055053711,17.154754454601598,17.054041863564088,17.154754454601598,39800
2019-02-07,17.080902099609375,17.121186886648537,17.060759065774647,17.067473410386224,10000
2019-02-08,17.148042678833008,17.148042678833008,16.953330544999833,17.12118530287112,13500
2019-02-11,17.121191024780273,17.15476147532172,17.020478392525334,17.14804840971791,9800
2019-02-12,17.13461685180664,17.188330332068748,17.054045991098292,17.154758606510942,80000
2019-02-13,17.174903869628906,17.174903869628906,17.067476895170177,17.114476036417052,32800
2019-02-14,17.267982482910156,17.315891857700677,17.1995399594526,17.315891857700677,44600
2019-02-15,17.356956481933594,17.370643940959678,17.281669582844213,17.281669582844213,33400
2019-02-19,17.363801956176758,17.41855571202185,17.350113190857357,17.350113190857357,32700
2019-02-20,17.350114822387695,17.41855734998823,17.329581672477744,17.41855734998823,46000
2019-02-21,17.309049606323242,17.41855712690858,17.281672073460598,17.370646444398954,25100
2019-02-22,17.213226318359375,17.274824450314846,17.144783804471924,17.274824450314846,17400
2019-02-25,17.144786834716797,17.274827503543676,17.144786834716797,17.274827503543676,23500
2019-02-26,16.95314598083496,17.16531659460073,16.946301599044794,17.1516278310204,65700
2019-02-27,17.014745712280273,17.08318692575627,16.898393821765623,16.980523800109808,39900
2019-02-28,17.007904052734375,17.10372281128689,16.925772755808875,17.055813432010634,58100
2019-03-01,17.06265640258789,17.09003262900759,16.87786197888279,16.99421387838979,28100
2019-03-04,17.08318519592285,17.247447746843022,17.048964592650012,17.076342119614154,18800
2019-03-05,17.042123794555664,17.11056632092589,16.91892750817578,17.001058800906574,29000
2019-03-06,17.07634925842285,17.09003672219466,16.973684794820535,16.973684794820535,11800
2019-03-07,16.959993362426758,17.09687710614438,16.92577144742292,17.09687710614438,42100
2019-03-08,16.836795806884766,17.001057070191877,16.77519766996554,16.93261455078913,49400
2019-03-11,16.72044563293457,16.843641919426865,16.66569187287495,16.843641919426865,80700
2019-03-12,16.768352508544922,16.939458146387217,16.66568938692603,16.67253376909161,110700
2019-03-13,16.93946075439453,17.00105889793603,16.891551377291723,16.891551377291723,40500
2019-03-14,16.93946075439453,17.007903281155375,16.871018227633684,16.912083221517143,58000
2019-03-15,16.946304321289062,16.966837469957994,16.87786179782518,16.87786179782518,20500
2019-03-18,17.07634925842285,17.09003672219466,16.953152946446377,16.96684171565107,45900
2019-03-19,17.035274505615234,17.13109453711267,16.905235178935957,17.090028249857095,41100
2019-03-20,17.042123794555664,17.048968177735947,16.959993807257483,17.042123794555664,92500
2019-03-21,17.048967361450195,17.13109865024863,16.98052483835692,17.13109865024863,37800
2019-03-22,17.165321350097656,17.165321350097656,17.076346973040643,17.158476966411314,10100
2019-03-25,17.10371971130371,17.165317846475244,17.08318656443572,17.165317846475244,14400
2019-03-26,17.110563278198242,17.137940806050903,17.042120763998973,17.110563278198242,27200
2019-03-27,17.26113510131836,17.288512628118223,17.110562620216097,17.110562620216097,33700
2019-03-28,17.274831771850586,17.309053696014665,17.144791070892936,17.309053696014665,37200
2019-03-29,17.432241439819336,17.432241439819336,17.288513334544163,17.288513334544163,14500
2019-04-01,17.685482025146484,17.692326408547906,17.45277821122882,17.45277821122882,28800
2019-04-02,17.60335350036621,17.658107270762653,17.555444114448434,17.555444114448434,4700
2019-04-03,17.69232177734375,17.774451745796856,17.623879266677957,17.6580998692947,28700
2019-04-04,17.76076889038086,17.79498950186523,17.692326361979465,17.692326361979465,7100
2019-04-05,17.76076889038086,17.815522652015446,17.651261367111687,17.651261367111687,4900
2019-04-08,17.72654914855957,17.81552483802874,17.72654914855957,17.79499168535905,5500
2019-04-09,17.658103942871094,17.753924002081014,17.630727715548698,17.726546469326003,14600
2019-04-10,17.658103942871094,17.760768385269767,17.623883332359945,17.623883332359945,9600
2019-04-11,17.630725860595703,17.72654460429179,17.623881478127057,17.623881478127057,4800
2019-04-12,17.658103942871094,17.692325858814854,17.623883332359945,17.623883332359945,5900
2019-04-15,17.788145065307617,17.794989448670563,17.603350630806048,17.603350630806048,16500
2019-04-16,17.678632736206055,17.740230864293682,17.630723371122855,17.630723371122855,19800
2019-04-17,17.589662551879883,17.781300057582705,17.589662551879883,17.66494815536345,18000
2019-04-18,17.589662551879883,17.685481304731294,17.56912940251204,17.685481304731294,29900
2019-04-22,17.562284469604492,17.630726993255458,17.562284469604492,17.596505078713697,4800
2019-04-23,17.64441680908203,17.685481803543343,17.64441680908203,17.66494865359637,82600
2019-04-24,17.637571334838867,17.67179194386789,17.623882569054235,17.65810317808326,18500
2019-04-25,17.582813262939453,17.65809884541743,17.575968881726503,17.623878244784915,5200
2019-04-26,17.617042541503906,17.65810754357747,17.617042541503906,17.65810754357747,3300
2019-04-29,17.712858200073242,17.72654696683493,17.617039443606707,17.617039443606707,10500
2019-04-30,17.699169158935547,17.699169158935547,17.596504722819237,17.664947245085934,15300
2019-05-01,17.658103942871094,17.71970208613725,17.658103942871094,17.658103942871094,3200
2019-05-02,17.637571334838867,17.692325092544838,17.623882569054235,17.685480709652524,1600
2019-05-03,17.69232177734375,17.72654237996049,17.6580998692947,17.712853616740873,12900
2019-05-06,17.706012725830078,17.71970018530669,17.658102048648296,17.71970018530669,3600
2019-05-07,17.685482025146484,17.71285825331951,17.63072826336778,17.664948874942226,10200
2019-05-08,17.719703674316406,17.753925593327406,17.59650737674227,17.59650737674227,7700
2019-05-09,17.747079849243164,17.747079849243164,17.610194794556623,17.651261094222164,15600
2019-05-10,17.76076889038086,17.76076889038086,17.68548197859606,17.74708012361405,10100
2019-05-13,17.719703674316406,17.794990590707876,17.692327444540336,17.726548058118606,15200
2019-05-14,17.822734832763672,17.822734832763672,17.704380682912575,17.787924007573817,8500
2019-05-15,17.927167892456055,17.98286389492837,17.822738053807644,17.822738053807644,8100
2019-05-16,18.087295532226562,18.094257699215117,17.829701993137846,17.927169675182487,15500
2019-05-17,17.941097259521484,18.066413632223735,17.899324250022193,18.038564959224207,16800
2019-05-20,17.73223114013672,17.98982598034903,17.73223114013672,17.98982598034903,28200
2019-05-21,17.78792953491211,17.899321554338673,17.753120026802915,17.878436380632202,20700
2019-05-22,17.906286239624023,17.906286239624023,17.787932036352455,17.787932036352455,17800
2019-05-23,17.822734832763672,17.878430825170234,17.77400100539508,17.878430825170234,9900
2019-05-24,17.906286239624023,17.906286239624023,17.83666721361541,17.83666721361541,8200
2019-05-28,17.871475219726562,17.920209064982558,17.82274137447057,17.90628472979579,11100
2019-05-29,17.753122329711914,17.878438699797055,17.558185606479718,17.857552195483603,135000
2019-05-30,17.662614822387695,17.787929850542966,17.627803985763197,17.73223383984141,28300
2019-05-31,17.655649185180664,17.697420853022994,17.592991019468478,17.68349652110976,17700
2019-06-03,17.599952697753906,17.697420362651105,17.565141868935374,17.676533865359985,18500
2019-06-04,17.58603286743164,17.746158737289615,17.579070699885946,17.64869104744523,131400
2019-06-05,17.68349838256836,17.690460549257853,17.5860307047105,17.64172671032892,66700
2019-06-06,17.711347579956055,17.732232752752733,17.69046107926182,17.718309746854132,9600
2019-06-07,17.767045974731445,17.774008142565084,17.711349959960096,17.739197303396903,12000
2019-06-10,17.815780639648438,17.843627984363806,17.718312941297956,17.718312941297956,40200
2019-06-11,17.80185317993164,17.82273968072689,17.760081506238706,17.82273968072689,12900
2019-06-12,17.8436222076416,17.85058437354095,17.78792620834418,17.829699203740272,6600
2019-06-13,17.822734832763672,17.892355155246175,17.822734832763672,17.850582165018352,27000
2019-06-14,17.871475219726562,17.88539955491333,17.829703542063953,17.86451305213318,10300
2019-06-17,17.8436222076416,17.871470871238998,17.829699203740272,17.871470871238998,23100
2019-06-18,17.927167892456055,17.96197739603971,17.87147188998374,17.87147188998374,26100
2019-06-19,17.885398864746094,17.920208373472082,17.87843669742137,17.885398864746094,19700
2019-06-20,17.98286247253418,18.02463413911003,17.92020430872173,17.92020430872173,60600
2019-06-21,17.961978912353516,17.996789746773274,17.92716940583131,17.92716940583131,9300
2019-06-24,17.941097259521484,17.99679327762273,17.941097259521484,17.99679327762273,15800
2019-06-25,17.961978912353516,17.996789746773274,17.92716940583131,17.98286541300537,8700
2019-06-26,17.920209884643555,17.989830235864098,17.822742189673445,17.989830235864098,59500
2019-06-27,17.892356872558594,17.96893803953214,17.88539470685239,17.95501503601707,32300
2019-06-28,17.718307495117188,17.89235766175725,17.718307495117188,17.87147116371738,78600
2019-07-01,17.78792953491211,17.913245888741397,17.753120026802915,17.801853869314833,17400
2019-07-02,17.913246154785156,17.968942165325625,17.75312029046852,17.88539881346374,24300
2019-07-03,17.98982810974121,17.996790276830218,17.92020776674873,17.941094268015753,9100
2019-07-05,17.871475219726562,17.90628472979579,17.829703542063953,17.892361722506713,21800
2019-07-08,17.95501708984375,17.95501708984375,17.89235891921797,17.89235891921797,9400
2019-07-09,17.927167892456055,17.941092225048497,17.920205726159836,17.920205726159836,4700
2019-07-10,18.017675399780273,18.017675399780273,17.91324554953258,17.920207716602103,41000
2019-07-11,17.968942642211914,18.010715647149123,17.94805746764098,17.989829144680517,8300
2019-07-12,17.975902557373047,17.975902557373047,17.934130885567377,17.96894039075585,3900
2019-07-15,17.98982810974121,18.024637617288654,17.982865942652204,17.996790276830218,11800
2019-07-16,18.003751754760742,18.01767476050821,17.961978753825708,17.961978753825708,10600
2019-07-17,18.059446334838867,18.108180170849135,18.017673337203686,18.03159766974875,43700
2019-07-18,18.233497619628906,18.303117958701414,18.03159876910839,18.03159876910839,18100
2019-07-19,18.303119659423828,18.32400483355796,18.191726309818655,18.191726309818655,19500
2019-07-22,18.17780303955078,18.289195059643742,18.17780303955078,18.28223289240073,8500
2019-07-23,18.323999404907227,18.365771068697907,18.24045607732587,18.268303410553905,7200
2019-07-24,18.330963134765625,18.379696967997134,18.27526713565856,18.330963134765625,18200
2019-07-25,18.17780303955078,18.330966735204196,18.17780303955078,18.330966735204196,9800
2019-07-26,18.289196014404297,18.32400552453892,18.24046216905675,18.24046216905675,4900
2019-07-29,18.310081481933594,18.32400581736904,18.28919630667814,18.310081481933594,8000
2019-07-30,18.317041397094727,18.317041397094727,18.24742105637684,18.2891940575461,7100
2019-07-31,18.477174758911133,18.477174758911133,18.282238005282863,18.282238005282863,24000
2019-08-01,18.435394287109375,18.470205118979656,18.38666045038844,18.470205118979656,14400
2019-08-02,18.57463836669922,18.57463836669922,18.48413151512858,18.48413151512858,4200
2019-08-05,18.435394287109375,18.477167285353715,18.38666045038844,18.40058478313655,10700
2019-08-06,18.456279754638672,18.518937920605513,18.379697256702002,18.463241920623584,17500
2019-08-07,18.351850509643555,18.421469515932277,18.303116674082478,18.31007751239341,4400
2019-08-08,18.435394287109375,18.477167285353715,18.36577395126627,18.421469954361264,13300
2019-08-09,18.428434371948242,18.456283040846454,18.379700529273993,18.40058703094765,14300
2019-08-12,18.491092681884766,18.498054849159324,18.40754933038532,18.46324534068416,11200
2019-08-13,18.553749084472656,18.57463558429818,18.498053079502096,18.498053079502096,13800
2019-08-14,18.58064842224121,18.616039593487013,18.516943233929453,18.616039593487013,11500
2019-08-15,18.637269973754883,18.637269973754883,18.50278112990186,18.57356480298694,20600
2019-08-16,18.538177490234375,18.644352346862025,18.48155081002719,18.63727384307531,14800
2019-08-19,18.573570251464844,18.608962773432765,18.559413242677675,18.559413242677675,4300
2019-08-20,18.658510208129883,18.686822874485607,18.59480502122124,18.608962029442406,4000
2019-08-21,18.757604598999023,18.76468310236751,18.665586755381604,18.67974241203211,13300
2019-08-22,18.750526428222656,18.771761938704795,18.68682124686274,18.771761938704795,17200
2019-08-23,18.658510208129883,18.78592058194717,18.630196191687546,18.722215395038525,5900
2019-08-26,18.679744720458984,18.77176392553453,18.65143205357264,18.715137241675208,6800
2019-08-27,18.764684677124023,18.821311358737653,18.686822483622816,18.785920189011605,17700
2019-08-28,18.771766662597656,18.885020046829485,18.630199257264454,18.6372777625398,18500
2019-08-29,18.750526428222656,18.785918945692888,18.750526428222656,18.771761938704795,3100
2019-08-30,18.65142822265625,18.84254374770971,18.65142822265625,18.750524561534476,76500
2019-09-03,18.715137481689453,18.743450148938894,18.67266645568531,18.686823464353356,5500
2019-09-04,18.899171829223633,18.934562995723113,18.82130964282103,18.842545152772594,11900
2019-09-05,19.019506454467773,19.019506454467773,18.934565752381577,18.934565752381577,9900
2019-09-06,19.076133728027344,19.076133728027344,18.9133308231771,18.96995750962036,8900
2019-09-09,18.955799102783203,19.040738445092128,18.906249578002075,19.040738445092128,4300
2019-09-10,18.764684677124023,18.99826990754106,18.7576061731615,18.969955891690958,14600
2019-09-11,18.90625,18.948721022188945,18.722214304194054,18.764683976296464,40800
2019-09-12,18.84962272644043,18.969954585343675,18.8283885661017,18.969954585343675,12700
2019-09-13,18.67266845703125,18.785923188427674,18.474475714782805,18.750530662964167,13900
2019-09-16,18.74344825744629,18.785919279164474,18.665587417802655,18.665587417802655,11700
2019-09-17,18.757604598999023,18.80007426912349,18.70097792213758,18.70097792213758,2300
2019-09-18,18.700977325439453,18.828387681834,18.658507656670082,18.792995166120832,8900
2019-09-19,18.750526428222656,18.821310113076624,18.750526428222656,18.77884044219884,11800
2019-09-20,18.74344825744629,18.757605264685687,18.70805708943432,18.757605264685687,6100
2019-09-23,18.828386306762695,18.885012977681786,18.778838138469283,18.78591664109496,7200
2019-09-24,18.828386306762695,18.89916998293314,18.828386306762695,18.84254331201405,9700
2019-09-25,18.792997360229492,18.828389880074784,18.757606190470785,18.78592020634702,7600
2019-09-26,18.757604598999023,18.89209346282738,18.743447592262044,18.743447592262044,18300
2019-09-27,18.778841018676758,18.800075179724253,18.778841018676758,18.778841018676758,21500
2019-09-30,18.899171829223633,18.899171829223633,18.7576044630528,18.7576044630528,20300
2019-10-01,18.913328170776367,18.927485177923483,18.856701492274414,18.856701492274414,8400
2019-10-02,18.74344825744629,18.906249790439777,18.722214096673717,18.863780118808112,19500
2019-10-03,18.750526428222656,18.800074602594485,18.729290917740517,18.785918945692888,8700
2019-10-04,18.814233779907227,18.856703455684116,18.736371582577384,18.736371582577384,5100
2019-10-07,18.84962272644043,18.906249404154515,18.79299604872634,18.8283885661017,10400
2019-10-08,18.842544555664062,18.927483892605718,18.828387549478315,18.828387549478315,8300
2019-10-09,18.821313858032227,18.9204102264935,18.81423535312974,18.842549372739683,18800
2019-10-10,18.814233779907227,18.89209597723707,18.785921112751517,18.821312284217818,22900
2019-10-11,18.814233779907227,18.877938968615886,18.807155275596635,18.877938968615886,8900
2019-10-14,19.01242446899414,19.01242446899414,18.842544446012997,18.934562285512047,11300
2019-10-15,19.005346298217773,19.047815967183965,18.969953782340585,18.98411078869146,6300
2019-10-16,19.069055557250977,19.076134061941126,19.05489854787068,19.05489854787068,9800
2019-10-17,19.104442596435547,19.104442596435547,18.984110742916126,19.012424755549606,6000
2019-10-18,19.019506454467773,19.11152431081505,19.019506454467773,19.11152431081505,8900
2019-10-21,19.04073715209961,19.10444232954855,19.026580145980642,19.090285323429583,16500
2019-10-22,19.104442596435547,19.139835112227395,19.005346252391234,19.026580411779914,41300
2019-10-23,19.17522621154785,19.20353887399688,19.090285524027916,19.132756542831096,26700
2019-10-24,19.19646453857422,19.21062019683326,19.111523838586827,19.11860234275966,17100
2019-10-25,19.21061897277832,19.21769747650013,19.182306307977623,19.203540469056513,4700
2019-10-28,19.139841079711914,19.22478044392217,19.139841079711914,19.196467772547702,8200
2019-10-29,19.21061897277832,19.21061897277832,19.139836635733307,19.14691378936858,4200
2019-10-30,19.11859703063965,19.231850365764206,19.11859703063965,19.17522369820193,7600
2019-10-31,19.111520767211914,19.1681474414076,19.111520767211914,19.15399043533708,62600
2019-11-01,19.281404495239258,19.281404495239258,19.111524440005166,19.153994116292022,19700
2019-11-04,19.28847885131836,19.28847885131836,19.238930681292096,19.28847885131836,10900
2019-11-05,19.267250061035156,19.288485577059514,19.18231069711142,19.260171555693702,13500
2019-11-06,19.203540802001953,19.2884814980498,19.203540802001953,19.2884814980498,11900
2019-11-07,19.17522621154785,19.217695880264607,19.061972861578887,19.196461720949443,20700
2019-11-08,19.19646453857422,19.281403888474983,19.175229026055714,19.18230753022855,14400
2019-11-11,19.203540802001953,19.28140299420527,19.203540802001953,19.253090328913693,2500
2019-11-12,19.246017456054688,19.260173117798846,19.217703432392454,19.23186044422357,7500
2019-11-13,19.295562744140625,19.373424947409557,19.22477904572221,19.22477904572221,31100
2019-11-14,19.315702438354492,19.46677431062158,19.315702438354492,19.46677431062158,18300
2019-11-15,19.17902183532715,19.27254371598237,19.114276340145402,19.25815552324563,44100
2019-11-18,19.121463775634766,19.186209248262706,19.10707558791009,19.15024015108412,43000
2019-11-19,19.150243759155273,19.171824672675214,19.143049663937504,19.157436482239678,21400
2019-11-20,19.099884033203125,19.164629514438385,19.063914931242774,19.15743541961966,42000
2019-11-21,19.114274978637695,19.143051362061435,19.078305871491505,19.078305871491505,64900
2019-11-22,19.200599670410156,19.200599670410156,19.157435102212954,19.16462919691249,17800
2019-11-25,19.171825408935547,19.186213599923637,19.15024449458683,19.157437217947457,11500
2019-11-26,19.236570358276367,19.236570358276367,19.150243959028877,19.179018968066917,15500
2019-11-27,19.135854721069336,19.229375210490968,19.12866062617024,19.229375210490968,6600
2019-11-29,19.078304290771484,19.157436594363347,19.013558805565996,19.09988520441773,33500
2019-12-02,19.006362915039062,19.114271589477784,18.963199719690223,19.092690677869985,26400
2019-12-03,19.035140991210938,19.063917374173375,18.934426395109334,18.999171884641356,23300
2019-12-04,19.063915252685547,19.128660735012502,19.04233296786546,19.128660735012502,5700
2019-12-05,19.078304290771484,19.107079299677604,18.991976519786377,19.027946996085742,30100
2019-12-06,19.135854721069336,19.135854721069336,19.013557852051328,19.027946041849518,9800
2019-12-09,19.135854721069336,19.1862120132297,19.121466531271146,19.121466531271146,17300
2019-12-10,19.18621253967285,19.193406634769342,19.092692047685148,19.17901844457636,20200
2019-12-11,19.171825408935547,19.200601790911726,19.06391672079171,19.143050399092786,26700
2019-12-12,19.10707664489746,19.150241210459317,19.08549573424971,19.09268982851002,16000
2019-12-13,19.200599670410156,19.200599670410156,19.143048284947152,19.143048284947152,7500
2019-12-16,19.258155822753906,19.258155822753906,19.09988844445552,19.13585892685679,24800
2019-12-17,19.337284088134766,19.337284088134766,19.2437635977535,19.265345882672246,25300
2019-12-18,19.423612594604492,19.43800078509769,19.28692752918586,19.315703910172253,26000
2019-12-19,19.387645721435547,19.452391213971808,19.351675241063443,19.409226637525283,21500
2019-12-20,19.45958137512207,19.466775470249043,19.366060882738125,19.38764316811904,21200
2019-12-23,19.50274658203125,19.509940677392883,19.4020306191018,19.473970200584724,35100
2019-12-24,19.48835563659668,19.495549730941416,19.44519244266147,19.495549730941416,7200
2019-12-26,19.45958137512207,19.502745945883902,19.452388652128445,19.48835775562996,13900
2019-12-27,19.495553970336914,19.50274806624604,19.48116577851867,19.488359874427793,11600
2019-12-30,19.61065673828125,19.61065673828125,19.459583468628722,19.459583468628722,19500
2019-12-31,19.617849349975586,19.617849349975586,19.466776091752642,19.58187887319232,40700
2020-01-02,19.804889678955078,19.804889678955078,19.589070956819477,19.589070956819477,33500
2020-01-03,20.027904510498047,20.027904510498047,19.768922548992133,19.768922548992133,21800
2020-01-06,19.97754669189453,20.01351579799719,19.970352596247313,20.01351579799719,26600
2020-01-07,19.82647132873535,19.99193276683875,19.783308131554737,19.95596229241049,23200
2020-01-08,19.783309936523438,19.91999500755496,19.783309936523438,19.855249519810208,43500
2020-01-09,19.8768310546875,19.898413341987172,19.790504649755743,19.819279660688505,13500
2020-01-10,19.96315574645996,20.02790122621914,19.848052976251033,19.848052976251033,12900
2020-01-13,20.027904510498047,20.071067713371207,19.92718991308285,19.92718991308285,17200
2020-01-14,20.013511657714844,20.07106303885326,19.91279708375591,20.013511657714844,20400
2020-01-15,20.04228973388672,20.09984111990535,19.89121648800452,20.027901544348744,86500
2020-01-16,20.020708084106445,20.056677186958098,19.9775448862578,20.013513989109452,6200
2020-01-17,19.919994354248047,20.042291230184613,19.819278392096333,19.999126658348146,39300
2020-01-21,19.84805679321289,20.01351688569105,19.797699493078976,19.919996381461424,13900
2020-01-22,19.89841079711914,19.991932657990127,19.84805350532705,19.862441695020017,20400
2020-01-23,19.97035026550293,19.97035026550293,19.833665208425174,19.891216594752656,14000
2020-01-24,19.991933822631836,20.03509702209194,19.88402376578152,19.94157515577278,14200
2020-01-27,19.862442016601562,20.00631979946079,19.862442016601562,19.948768411890438,9000
2020-01-28,19.912803649902344,19.977549146549208,19.912803649902344,19.912803649902344,3900
2020-01-29,19.948766708374023,19.963154897071266,19.912797608764112,19.963154897071266,19600
2020-01-30,19.92718505859375,20.020705537391855,19.89121458818437,19.912796870429997,34800
2020-01-31,19.97754669189453,20.00632170234997,19.93438211801121,19.984740787541753,16600
2020-02-03,19.97754669189453,20.020709893644412,19.94877030930565,19.96315850060009,6000
2020-02-04,20.04228973388672,20.09984111990535,19.99193244263708,19.99193244263708,16500
2020-02-05,20.049484252929688,20.056676975717608,19.98473877077197,20.049484252929688,11100
2020-02-06,20.035097122192383,20.05667803596357,19.991933922516623,20.020708931589336,12500
2020-02-07,19.984737396240234,20.05667559623803,19.977543301813814,19.984737396240234,17300
2020-02-10,20.071067810058594,20.092650097665878,20.020710511108412,20.020710511108412,7600
2020-02-11,20.049484252929688,20.10703564016618,20.049484252929688,20.078259260481282,11800
2020-02-12,20.107036590576172,20.114229313704072,20.049485200619365,20.049485200619365,14800
2020-02-13,20.127500534057617,20.127500534057617,20.04710702389076,20.06903151286122,16900
2020-02-14,20.178659439086914,20.178659439086914,20.09826592929671,20.120191812142632,22900
2020-02-18,20.149423599243164,20.1713494806425,20.12749911182192,20.149423599243164,5900
2020-02-19,20.0982666015625,20.185968741901558,20.0982666015625,20.112883857282046,23200
2020-02-20,20.17134666442871,20.19327114878898,20.112879049504834,20.112879049504834,10300
2020-02-21,20.149423599243164,20.19327396806375,20.105573230422582,20.16404085350939,8100
2020-02-24,20.04710578918457,20.14211515482069,20.04710578918457,20.098264785602336,25500
2020-02-25,19.879011154174805,20.14211475828332,19.84246801889718,20.054414021573173,69200
2020-02-26,19.9301700592041,20.1201901798518,19.77669167969024,19.9301700592041,39500
2020-02-27,19.79861831665039,19.944788074722496,19.52820468241043,19.703607555710082,38500
2020-02-28,19.382036209106445,19.79130957783288,19.184707455014404,19.732841953729103,47700
2020-03-02,19.49897575378418,19.6451441492618,19.243179319225312,19.243179319225312,24700
2020-03-03,19.69630241394043,20.14942620292063,19.528206756113963,19.528206756113963,17700
2020-03-04,19.995946884155273,19.995946884155273,19.805926758036474,19.842468500222427,12800
2020-03-05,19.791309356689453,19.87170286167564,19.68168273696708,19.86439423449707,7500
2020-03-06,19.55013084411621,19.6963006042803,19.316260343036184,19.41857833876416,31900
2020-03-09,18.607337951660156,19.974020545404827,18.3369257201243,19.18470694403782,33300
2020-03-10,19.023921966552734,19.915553588691377,18.819284583809285,19.915553588691377,29400
2020-03-11,18.490402221679688,18.819283461115642,18.388084233400964,18.819283461115642,33700
2020-03-12,16.451345443725586,18.27115201737916,15.208906548952495,18.27115201737916,39100
2020-03-13,18.095746994018555,18.417319621964335,16.465960760575204,16.72175574350901,39400
2020-03-16,17.028711318969727,17.21873144710143,16.444035073932273,16.626746574753742,36600
2020-03-17,16.451345443725586,17.17488289633641,16.444036815641244,17.17488289633641,35400
2020-03-18,11.430432319641113,17.065255317461215,9.7202524740553,16.44403590449574,71900
2020-03-19,14.865407943725586,15.333148943700403,10.027207444807118,11.028466394114547,73500
2020-03-20,14.94580364227295,16.290560608354255,13.886076215596608,15.588947611539586,42700
2020-03-23,14.368433952331543,15.0919714108533,12.073577686273953,15.026195151535115,18200
2020-03-24,14.616922378540039,15.369694382867054,14.229573433676522,15.325842612067026,58300
2020-03-25,15.515861511230469,16.100539195315392,14.616921192449595,14.616921192449595,107700
2020-03-26,16.948318481445312,17.664547199469656,15.296606417403948,15.837432269420987,37800
2020-03-27,16.575584411621094,17.269887145743876,16.173618350202563,16.436723307205394,12600
2020-03-30,17.744943618774414,18.366161681903183,16.88985363522194,16.97755438564982,42200
2020-03-31,16.809457778930664,17.63531313471907,16.626746281333592,17.63531313471907,18100
2020-04-01,15.713188171386719,16.356332004121043,15.325839309980903,16.261322642481606,18900
2020-04-02,15.055428504943848,15.93975153261293,14.704622744908749,15.93975153261293,22500
2020-04-03,14.616922378540039,15.143131082335275,14.127255423099813,14.697315897695079,37700
2020-04-06,15.786275863647461,15.837434867043324,14.785016104405948,14.909259995786599,26000
2020-04-07,16.524429321289062,16.66328906447532,15.983603421885336,15.983603421885336,11100
2020-04-08,17.48183822631836,17.788793634570588,16.40018636637366,16.75830077700488,16000
2020-04-09,18.044586181640625,18.32961564478669,17.68647184759153,17.766863951004694,46100
2020-04-13,17.75955581665039,17.75955581665039,16.66328690466017,17.20411412794266,19900
2020-04-14,17.796104431152344,18.073825361041894,17.723019535714535,17.861880697648527,11800
2020-04-15,17.30643653869629,17.511072562444763,16.758301942549974,17.35759554463341,9900
2020-04-16,17.61338996887207,17.61338996887207,17.30643457411576,17.452602946775112,8600
2020-04-17,17.876489639282227,18.008042121333837,17.423365972191007,17.620694695268423,31600
2020-04-20,17.818021774291992,18.21998784091675,17.386823991587203,18.095743986720425,30400
2020-04-21,17.11641502380371,17.77417620834026,17.006788392043998,17.459912175045023,15000
2020-04-22,17.10910415649414,17.82533287715735,17.10910415649414,17.82533287715735,18000
2020-04-23,17.53299331665039,17.53299331665039,17.291814220692284,17.350281838076736,5600
2020-04-24,17.53299331665039,17.598769560455143,17.357590464497036,17.54030194307069,8500
2020-04-27,17.679166793823242,17.97150494253498,17.40875313502848,17.788793425342863,21400
2020-04-28,17.869186401367188,17.913036773860103,17.664549006436577,17.664549006436577,11100
2020-04-29,18.01535415649414,18.2638419153957,17.869185788537916,17.869185788537916,26000
2020-04-30,17.64261817932129,18.022658351705502,17.620693696207695,17.759553402519845,43300
2020-05-01,17.737634658813477,17.737634658813477,17.35759436345875,17.525688626950096,14800
2020-05-04,17.47452735900879,17.686473363394423,17.46721873189431,17.554920863289972,17100
2020-05-05,17.679166793823242,17.759558913482564,17.540305650443322,17.606081908150745,15700
2020-05-06,17.328357696533203,17.64262169423129,17.321050463358077,17.532995074889147,22600
2020-05-07,17.50376319885254,17.701090570040407,17.416061060786003,17.525687687885526,15100
2020-05-08,17.818021774291992,17.818021774291992,17.562226833868273,17.584151317917232,11400
2020-05-11,17.97150421142578,17.97150421142578,17.67916607460682,17.759558190995662,6500
2020-05-12,18.11036491394043,18.124980774946494,17.89841889860366,17.956886524562393,18900
2020-05-13,18.20537567138672,18.20537567138672,17.759559118225276,18.015355524038863,31600
2020-05-14,17.727771759033203,18.15180971643622,17.29629436496536,18.15180971643622,25600
2020-05-15,17.60130500793457,17.854240190818704,17.497155727544936,17.63106275600448,9500
2020-05-18,18.04022216796875,18.05510104225814,17.787286980759315,17.787286980759315,7100
2020-05-19,18.107175827026367,18.18156878013609,17.73521248040533,17.861680075013584,10400
2020-05-20,18.278276443481445,18.300594752427795,18.17412717291992,18.218762371885234,9400
2020-05-21,18.114614486694336,18.308035588906346,18.055100410546604,18.308035588906346,17800
2020-05-22,18.30059814453125,18.397307996702956,18.285719269142476,18.337793914075522,14300
2020-05-26,18.404747009277344,18.54609348435049,18.36755124059223,18.52377517178285,17800
2020-05-27,18.575847625732422,18.583287062377984,18.449380040612773,18.531212424786503,8200
2020-05-28,18.67255973815918,18.761830144138447,18.50889496231799,18.598166787224777,41100
2020-05-29,18.84366226196289,18.84366226196289,18.48657780530906,18.48657780530906,7100
2020-06-01,18.865985870361328,18.903181646276575,18.65768583602342,18.65768583602342,4400
2020-06-02,18.970130920410156,18.970130920410156,18.821345012286887,18.903177403647444,2000
2020-06-03,18.962692260742188,19.11147817496694,18.865982409745445,19.007327467438557,14400
2020-06-04,18.970130920410156,19.007326687977184,18.910616840946364,18.99244923230692,7900
2020-06-05,19.06683921813965,19.111475838306166,18.985008252355954,19.111475838306166,6900
2020-06-08,19.23794937133789,19.245388810332084,19.081723990315606,19.15611696132965,4800
2020-06-09,19.126354217529297,19.26026124664835,19.02964437368083,19.02964437368083,9300
2020-06-10,19.141233444213867,19.141233444213867,18.985009519982388,19.044523598584032,6700
2020-06-11,18.746952056884766,18.9329337184851,18.635361924782586,18.89573653480855,11100
2020-06-12,18.65768051147461,18.970129764350425,18.642801637783503,18.85110161267654,8100
2020-06-15,18.598167419433594,18.791588530867013,18.41218574523926,18.583288544955433,19800
2020-06-16,18.784147262573242,18.99244722818001,18.709754316361725,18.799026135601032,5200
2020-06-17,18.784147262573242,18.880857099399016,18.761828953031557,18.851100772270865,3900
2020-06-18,18.66512107849121,18.791588674668247,18.64280276660318,18.7097562833397,7800
2020-06-19,18.620485305786133,18.873420490426604,18.494017713465894,18.82878386801179,7300
2020-06-22,18.605607986450195,18.76927135886532,18.51633615308798,18.76927135886532,11600
2020-06-23,18.65768051147461,18.709755150466,18.59816643563767,18.620484746174334,9500
2020-06-24,18.337793350219727,18.694877835004586,18.308037019284793,18.694877835004586,6000
2020-06-25,18.337793350219727,18.464260949280316,18.33035391275409,18.33035391275409,6400
2020-06-26,18.226205825805664,18.382429766084414,18.226205825805664,18.308038224386554,12200
2020-06-29,18.263399124145508,18.389866714409404,18.248521669176675,18.389866714409404,3200
2020-06-30,18.449378967285156,18.449378967285156,18.2633973187483,18.300594499812096,10000
2020-07-01,18.479137420654297,18.650240203325975,18.322912092051187,18.635361330329978,9500
2020-07-02,18.575847625732422,18.575847625732422,18.397305403021292,18.464258913903898,5600
2020-07-06,18.69487762451172,18.73207481142108,18.553532571038925,18.69487762451172,6200
2020-07-07,18.70975685119629,18.784149807486713,18.449382213643624,18.642803332427672,5700
2020-07-08,18.598167419433594,18.880858939880856,18.598167419433594,18.650242061179597,18700
2020-07-09,18.598167419433594,18.709756140164682,18.598167419433594,18.679999810135925,11000
2020-07-10,18.598167419433594,18.598167419433594,18.53121390320943,18.54609277768759,6500
2020-07-13,18.598167419433594,18.709756140164682,18.598167419433594,18.672560372896843,2300
2020-07-14,18.598167419433594,18.66512093565776,18.560971652165755,18.66512093565776,2800
2020-07-15,18.732074737548828,18.761831068031377,18.598167703058394,18.761831068031377,6600
2020-07-16,18.858543395996094,18.94037437362402,18.74695466728334,18.74695466728334,9800
2020-07-17,19.193307876586914,19.20074731369704,19.096598032010363,19.104037469120488,6000
2020-07-20,19.170991897583008,19.230505978372012,19.081720066935695,19.230505978372012,2200
2020-07-21,19.327219009399414,19.49832184247054,19.19331195084711,19.327219009399414,15100
2020-07-22,19.23794937133789,19.23794937133789,18.97013524325849,18.999892999235268,6500
2020-07-23,19.327219009399414,19.669426094469504,19.327219009399414,19.669426094469504,1200
2020-07-24,19.453683853149414,19.490881041287903,19.379290895800082,19.409048646310872,2600
2020-07-27,19.356975555419922,19.56527415000276,19.356975555419922,19.557836130705738,8300
2020-07-28,19.423925399780273,19.5057563668908,19.29001837496443,19.45368172811297,3900
2020-07-29,19.47599983215332,19.58014910860522,19.29001817053066,19.379288573510156,14600
2020-07-30,19.557832717895508,19.632224249306603,19.431365127998134,19.431365127998134,12800
2020-07-31,19.490882873535156,19.490882873535156,19.193311016164476,19.476003996881065,11600
2020-08-03,19.4016056060791,19.669419635236363,19.3941661698328,19.669419635236363,2800
2020-08-04,19.356975555419922,19.535517816031394,19.34953611719514,19.490882605610466,23700
2020-08-05,19.223068237304688,19.483442895831978,19.223068237304688,19.416489371669883,25900
2020-08-06,19.223068237304688,19.401610495427697,19.223068237304688,19.245386551667963,4100
2020-08-07,19.34209442138672,19.34209442138672,19.193308512112708,19.200747949469164,15100
2020-08-10,19.885162353515625,19.974434190836224,19.528077842088656,19.528077842088656,63100
2020-08-11,19.95211410522461,20.033946497258615,19.870281713190607,19.974432417305046,14500
2020-08-12,20.420791625976562,20.681164875914178,19.900042288245743,20.04138878030316,79100
2020-08-13,20.58559226989746,20.60827247237574,20.222717681857606,20.494874343855216,43300
2020-08-14,20.502431869506836,20.585589717746615,20.373913621934165,20.457071470173947,10700
2020-08-17,20.336118698120117,20.555356360735733,20.336118698120117,20.41171794184742,15900
2020-08-18,20.61583137512207,20.61583137512207,20.38147362189349,20.449512783548837,6100
2020-08-19,20.358795166015625,20.54023245248852,20.358795166015625,20.54023245248852,14800
2020-08-20,20.37391471862793,20.41171361150473,20.298315490938993,20.41171361150473,7200
2020-08-21,20.260515213012695,20.366354708848508,20.230276387013422,20.30587561491462,17000
2020-08-24,20.411714553833008,20.449513448454834,20.305876495343572,20.351235457276843,17200
2020-08-25,20.426836013793945,20.449514775264326,20.32099650650201,20.411715878190027,11500
2020-08-26,20.3890323638916,20.449511454550827,20.26807418257315,20.449511454550827,8100
2020-08-27,20.419279098510742,20.4419593054182,20.27564067196826,20.27564067196826,8900
2020-08-28,20.419279098510742,20.43439923644905,20.389038822634127,20.43439923644905,19200
2020-08-31,20.260515213012695,20.396593534847785,20.192476052095152,20.343674507897546,8900
2020-09-01,20.20760154724121,20.32855976719982,20.192481409262456,20.313441071156785,12300
2020-09-02,20.071521759033203,20.275639281394096,20.071521759033203,20.184921343857447,14000
2020-09-03,20.041282653808594,20.252960241732925,20.011042380418434,20.252960241732925,2600
2020-09-04,19.79180335998535,20.07907870678377,19.72376419643973,20.07907870678377,13300
2020-09-08,19.81448745727539,19.90520684708496,19.338214626098566,19.391133669347568,25000
2020-09-09,19.8371639251709,19.94300199171451,19.80692509555937,19.8371639251709,20000
2020-09-10,19.784242630004883,19.85984185829385,19.784242630004883,19.85984185829385,33200
2020-09-11,19.72376823425293,19.852286520378524,19.640608919131754,19.738888371899634,26700
2020-09-14,19.943002700805664,20.071520975579134,19.84472469865445,19.84472469865445,7400
2020-09-15,20.184919357299805,20.184919357299805,19.98836192273434,19.98836192273434,8100
2020-09-16,20.23027801513672,20.404155243948292,20.162238848743414,20.184919051519667,10500
2020-09-17,20.215160369873047,20.313439818739862,19.844725663846848,20.230280506919577,68900
2020-09-18,20.20760154724121,20.237841823198725,20.079083258293227,20.184922782208798,4700
2020-09-21,19.980802536010742,20.09420067160378,19.89764323033927,19.965682400082198,7100
2020-09-22,20.139558792114258,20.23027816194214,20.041280796574895,20.23027816194214,5300
2020-09-23,19.88252067565918,20.21515641594369,19.670844566152507,20.131997120388725,16800
2020-09-24,19.7313232421875,19.912760521604,19.663284082164395,19.71620310841896,21900
2020-09-25,20.011043548583984,20.04128382373945,19.70108793791885,19.731328213074317,19300
2020-09-28,20.154680252075195,20.28319852664921,20.00348177306969,20.00348177306969,8400
2020-09-29,20.252962112426758,20.252962112426758,20.033724435904688,20.033724435904688,5000
2020-09-30,19.9581241607666,20.260519697366647,19.9581241607666,20.13956148272663,34000
2020-10-01,20.12444305419922,20.162241956049566,19.882525179775683,20.086642710413194,6100
2020-10-02,19.950563430786133,20.283199230987766,19.882524257064535,20.048842878133158,15700
2020-10-05,20.063961029052734,20.13955882176255,19.927882695078317,19.965681591433224,16800
2020-10-06,20.03371810913086,20.16223635845175,19.988359151116214,19.995919217774535,12700
2020-10-07,20.169801712036133,20.20760061330034,20.003483085828055,20.033723360387945,10000
2020-10-08,20.245399475097656,20.26807823742246,20.139559963818222,20.26807823742246,5300
2020-10-09,20.260515213012695,20.260515213012695,20.162237226095876,20.260515213012695,2300
2020-10-12,20.252962112426758,20.328559919013664,20.041284504950525,20.16980279485829,3600
2020-10-13,20.313438415527344,20.320997041592843,20.184920143380893,20.23783917745257,5200
2020-10-14,20.10931968688965,20.230277883706258,20.09419955180371,20.230277883706258,9600
2020-10-15,19.973237991333008,20.139555123462838,19.973237991333008,20.10931630031887,13500
2020-10-16,19.88252067565918,20.124438495279502,19.88252067565918,20.124438495279502,22900
2020-10-19,19.81448745727539,19.958125890333964,19.81448745727539,19.890086708460736,22700
2020-10-20,19.90520668029785,19.98836600009851,19.85228763749226,19.85228763749226,5700
2020-10-21,19.844722747802734,19.94300074029265,19.822042545565637,19.90520184516624,6200
2020-10-22,19.995922088623047,19.995922088623047,19.859843753106837,19.859843753106837,8600
2020-10-23,20.116880416870117,20.124440484662035,20.003480841926848,20.048841248678354,9000
2020-10-26,20.02616310119629,20.132001177277523,19.97324406315567,20.109322413509055,11200
2020-10-27,20.056400299072266,20.131998089285617,20.03372009684701,20.03372009684701,6400
2020-10-28,19.81448745727539,20.003484864270856,19.79936876058695,19.97324602895819,9800
2020-10-29,19.859848022460938,19.965686109754675,19.769128631969313,19.86740809182989,6700
2020-10-30,19.9581241607666,19.9581241607666,19.837165946126582,19.9581241607666,3200
2020-11-02,20.10931968688965,20.441955449103045,19.98080142253007,19.98080142253007,7300
2020-11-03,20.12444305419922,20.215160995414326,20.116882985442015,20.116882985442015,5800
2020-11-04,20.426836013793945,20.426836013793945,20.245398712353403,20.245398712353403,6100
2020-11-05,20.43439483642578,20.449513529172947,20.305876575494725,20.426834769084497,2200
2020-11-06,20.419279098510742,20.4419593054182,20.343679850754924,20.389038822634127,3600
2020-11-09,20.61583137512207,20.782148524759947,20.396593756024757,20.449512783548837,18700
2020-11-10,20.630952835083008,20.683871866007884,20.41927526944806,20.60071256487711,10700
2020-11-11,20.706552505493164,20.706552505493164,20.59315436580299,20.623394638752682,7000
2020-11-12,20.551361083984375,20.81257476265516,20.52062937337905,20.81257476265516,10100
2020-11-13,20.69733238220215,20.705015309335124,20.551359697412668,20.551359697412668,5200
2020-11-16,21.004642486572266,21.004642486572266,20.63587077032785,20.651235159478293,24100
2020-11-17,20.989274978637695,21.035371073194923,20.897082789523235,21.004640831946247,19700
2020-11-18,20.897085189819336,21.112201299374174,20.897085189819336,20.943181289671287,9900
2020-11-19,21.0123233795166,21.0123233795166,20.789522906667433,20.789522906667433,9700
2020-11-20,20.912445068359375,20.973907010026473,20.881714830209965,20.881714830209965,2300
2020-11-23,20.99696159362793,21.012327449635652,20.827941573649007,20.912450850954126,10700
2020-11-24,21.089157104492188,21.112204425146142,20.966233176441726,21.012329283118447,5600
2020-11-25,21.027692794799805,21.027692794799805,20.920133270727447,21.02000986698259,1300
2020-11-27,21.027692794799805,21.027692794799805,21.012326939165376,21.027692794799805,800
2020-11-30,21.07378578186035,21.081468708542115,20.912447252280206,21.012323833774683,6000
2020-12-01,20.92781639099121,21.104519336306115,20.92781639099121,21.004644204501197,6000
2020-12-02,21.004642486572266,21.012325413831757,20.866352726638475,20.950863461124356,6700
2020-12-03,20.93549919128418,20.996961148643845,20.889403089606592,20.889403089606592,3800
2020-12-04,20.97391128540039,21.0507390944871,20.80489127770449,20.920132258650266,10100
2020-12-07,21.104515075683594,21.112198002020413,20.935495092378652,20.973908258694387,5600
2020-12-08,21.081470489501953,21.10451780612584,21.04305585284788,21.09683487879503,3700
2020-12-09,21.104515075683594,21.112198002020413,21.05073605669422,21.05073605669422,4300
2020-12-10,21.165979385375977,21.165979385375977,21.02000816477564,21.089153044162547,10900
2020-12-11,21.11220359802246,21.13525238314223,21.073790421524926,21.104520669649204,1700
2020-12-14,21.104515075683594,21.15061263370451,21.06610190936786,21.06610190936786,3100
2020-12-15,21.15829849243164,21.165979954464692,20.943180921292008,20.943180921292008,5800
2020-12-16,21.142932891845703,21.1813460639471,21.10451825437572,21.165980208959105,4500
2020-12-17,21.173664093017578,21.196712876540847,21.09683627997534,21.11220213565752,18500
2020-12-18,21.18134117126465,21.204389948422595,21.09683045372042,21.09683045372042,3100
2020-12-21,21.358047485351562,21.381096266198785,21.196710415526464,21.204393342475537,14800
2020-12-22,21.135250091552734,21.40414669398661,20.83562324432651,21.27353985653979,14500
2020-12-23,21.18134117126465,21.273534814528194,20.996955350105804,20.996955350105804,2900
2020-12-24,21.32731819152832,21.32731819152832,21.28890355507433,21.28890355507433,700
2020-12-28,21.273540496826172,21.311953670314907,21.204395612251535,21.204395612251535,3300
2020-12-29,21.043054580688477,21.304268232670278,20.973909704259853,21.258172136840685,10400
2020-12-30,20.989274978637695,21.073785706466303,20.973909125329143,21.050736926503475,6000
2020-12-31,21.119884490966797,21.165980591395076,21.004643507211796,21.13525034623243,4800
2021-01-04,21.058422088623047,21.127566970483205,20.83562305347143,21.127566970483205,5700
2021-01-05,21.119884490966797,21.173663519027894,20.88940252345679,20.88940252345679,6400
2021-01-06,20.666603088378906,21.012327522914998,20.420755252872663,21.012327522914998,25400
2021-01-07,20.705015182495117,20.705015182495117,20.374656644643593,20.666600547065574,19700
2021-01-08,20.705015182495117,20.797207376789,20.51294640145293,20.697332255409208,13000
2021-01-11,20.4053897857666,20.720382514184266,20.397706857589498,20.628190306796455,15000
2021-01-12,20.374658584594727,20.47453371548402,20.267099060519353,20.359292728959865,14000
2021-01-13,20.551361083984375,20.76647866211579,20.41307131699765,20.41307131699765,22000
2021-01-14,20.720378875732422,20.74342765621642,20.612820830877357,20.628186684533354,13100
2021-01-15,20.85866928100586,20.897083916348656,20.712696597440242,20.712696597440242,6500
2021-01-19,20.835622787475586,20.897084741081237,20.751112051754603,20.781842295873147,2600
2021-01-20,21.081470489501953,21.081470489501953,20.827939749059276,20.87403584767561,17300
2021-01-21,20.989274978637695,21.10451594771498,20.850985229597583,20.850985229597583,10300
2021-01-22,21.0123233795166,21.09683264045215,20.973908746938264,20.973908746938264,6800
2021-01-25,20.92781639099121,21.081472018011183,20.88940321692055,21.081472018011183,12500
2021-01-26,20.843305587768555,20.897086082824085,20.812575341676908,20.897086082824085,3000
2021-01-27,20.489896774291992,20.897083100823846,20.443800679048078,20.82025529850502,20000
2021-01-28,20.58976936340332,20.73574202334877,20.58976936340332,20.612818140879423,4500
2021-01-29,20.62050437927246,20.82793901377579,20.574408282283443,20.820256086716203,12700
2021-02-01,20.897085189819336,20.927815434597772,20.528311994897933,20.60513980489692,7400
2021-02-02,20.866350173950195,21.004639916966287,20.735743357253703,20.889398952908998,14500
2021-02-03,20.781843185424805,20.866353924763207,20.69733391145503,20.781843185424805,13700
2021-02-04,20.97391128540039,21.02769177751909,20.743429323508835,20.874036159345668,16700
2021-02-05,20.93549919128418,20.973912365120725,20.78184356520069,20.93549919128418,5400
2021-02-08,20.82794189453125,21.03537509235659,20.79721018204234,21.027693629603068,17100
2021-02-09,21.18134117126465,21.273534814528194,20.912444632561574,21.012321201544435,33800
2021-02-10,21.096832275390625,21.23512201954287,20.98927423676927,21.020005942300156,22100
2021-02-11,21.009395599365234,21.384144775416495,20.954744863997863,21.384144775416495,17900
2021-02-12,21.001588821411133,21.12650521748881,20.978167927847135,21.110891784819778,7000
2021-02-16,20.884479522705078,21.001588455849344,20.853249679668806,20.853249679668806,6600
2021-02-17,20.814212799072266,20.931321726219235,20.814212799072266,20.931321726219235,9500
2021-02-18,20.775178909301758,20.845444569917735,20.54095954420819,20.829829647753975,20200
2021-02-19,20.720523834228516,20.82982528825713,20.71271637478067,20.82982528825713,3700
2021-02-22,20.712717056274414,20.806403594489826,20.57999321953535,20.76736778508685,12400
2021-02-23,20.798599243164062,20.861057441015692,20.6971052300755,20.70491269094707,5000
2021-02-24,20.775178909301758,20.837637108835853,20.634647588069804,20.775178909301758,7500
2021-02-25,20.62683868408203,20.798598348505486,20.517537214823545,20.681489418711276,18500
2021-02-26,20.75175666809082,20.75956412922614,20.587804451612005,20.75956412922614,3900
2021-03-01,20.720523834228516,21.017199847643596,20.62683580997497,20.767367101794974,7300
2021-03-02,20.73613929748535,20.73613929748535,20.73613929748535,20.73613929748535,600
2021-03-03,20.75175666809082,20.75175666809082,20.673683545858598,20.673683545858598,2700
2021-03-04,20.80640411376953,20.962550333519832,20.681487733617576,20.814211573669116,10200
2021-03-05,20.962549209594727,21.032814855802936,20.728329892527142,20.728329892527142,4200
2021-03-08,21.048431396484375,21.048431396484375,20.728332956058495,20.806406073286457,3300
2021-03-09,21.009395599365234,21.064046334732602,20.993780678082885,21.048431413450253,7700
2021-03-10,21.126501083374023,21.149923461475545,20.97816382275955,20.97816382275955,4200
2021-03-11,21.196765899658203,21.24360916490883,21.126500257221988,21.126500257221988,7100
2021-03-12,21.087467193603516,21.212383576598455,21.087467193603516,21.1967686564439,1600
2021-03-15,21.204574584960938,21.204574584960938,21.025007483515544,21.079658210988434,7600
2021-03-16,21.313879013061523,21.376337208760308,21.212385003471315,21.212385003471315,10600
2021-03-17,21.251419067382812,21.28264890722096,21.204575796746315,21.204575796746315,3500
2021-03-18,20.978166580200195,21.20457697512594,20.978166580200195,21.20457697512594,13300
2021-03-19,20.993778228759766,21.087466256402518,20.790788743134367,21.017200607950624,13500
2021-03-22,21.03281593322754,21.05623682374961,20.92351298401527,20.9313204438962,4700
2021-03-23,21.1889591217041,21.21238149964259,20.96254875811444,21.00939202487082,10400
2021-03-24,21.34510612487793,21.352913584481605,21.009392807523096,21.08746591443921,14000
2021-03-25,21.313879013061523,21.470025246868907,21.313879013061523,21.32949393426643,3500
2021-03-26,21.313879013061523,21.446602865061546,21.2748431991701,21.337301394868884,2500
2021-03-29,21.352914810180664,21.407565541422805,21.21238350748902,21.391950621319126,7100
2021-03-30,21.50125503540039,21.563713230942668,21.32168642023561,21.454410271903054,7900
2021-03-31,21.493446350097656,21.501253810235667,21.407565777700277,21.501253810235667,4600
2021-04-01,21.45441246032715,21.673016911583943,21.306075161483854,21.665209450204664,7100
2021-04-05,21.45441246032715,21.516870662240375,21.36853336339708,21.516870662240375,6600
2021-04-06,21.493446350097656,21.57151797323626,21.493446350097656,21.493446350097656,4900
2021-04-07,21.61836051940918,21.61836051940918,21.50905757779511,21.532479955809684,3200
2021-04-08,21.594940185546875,21.719856568541157,21.524674533972497,21.719856568541157,7400
2021-04-09,21.55590057373047,21.67300947599988,21.532478197628393,21.67300947599988,1400
2021-04-12,21.470027923583984,21.5793294074035,21.470027923583984,21.5793294074035,3300
2021-04-13,21.516870498657227,21.673016746813683,21.485642142498527,21.579328700095612,2100
2021-04-14,21.641782760620117,21.66520514009827,21.4856380314612,21.66520514009827,1400
2021-04-15,21.626171112060547,21.626171112060547,21.470024880914657,21.470024880914657,4300
2021-04-16,21.665206909179688,21.665206909179688,21.57151887273764,21.618363635519074,2200
2021-04-19,21.57932472229004,21.610554561813,21.540288912007046,21.540288912007046,4800
2021-04-20,21.626171112060547,21.6339770834091,21.59494127018304,21.59494127018304,2100
2021-04-21,21.57932472229004,21.62616948157448,21.501253101724057,21.501253101724057,2700
2021-04-22,21.52467155456543,21.633973002275926,21.52467155456543,21.633973002275926,1500
2021-04-23,21.470027923583984,21.688632380344046,21.470027923583984,21.610559253706807,10000
2021-04-26,21.485637664794922,21.67301223006038,21.485637664794922,21.54809585321674,2900
2021-04-27,21.57932472229004,21.64959037209599,21.524673992245567,21.610554561813,3000
2021-04-28,21.57932472229004,21.57932472229004,21.501253101724057,21.524673992245567,1100
2021-04-29,21.516870498657227,21.563715266576754,21.41537647974022,21.563715266576754,2300
2021-04-30,21.571517944335938,21.571517944335938,21.516867212563827,21.548097053074038,3900
2021-05-03,21.665206909179688,21.665206909179688,21.55590544093132,21.57151887273764,6000
2021-05-04,21.7432804107666,21.774508764054556,21.649592372661036,21.649592372661036,5100
2021-05-05,21.79012107849121,21.821350917163965,21.758892728939124,21.78231361882302,1700
2021-05-06,21.79012107849121,21.81354345749578,21.7042405112618,21.81354345749578,1900
2021-05-07,21.813547134399414,21.813547134399414,21.805739673415196,21.813547134399414,1200
2021-05-10,21.758892059326172,21.836963675364128,21.73546968104241,21.80573532677307,8700
2021-05-11,21.50125503540039,21.758895278152384,21.50125503540039,21.758895278152384,4900
2021-05-12,21.587133407592773,21.626170709212477,21.368530475005606,21.501254322271013,20900
2021-05-13,21.775938034057617,21.799735904400414,21.61727850402169,21.799735904400414,6100
2021-05-14,21.847335815429688,21.8711336870188,21.69660940531082,21.8711336870188,6500
2021-05-17,21.80767059326172,21.81560372164033,21.71247607889742,21.71247607889742,1400
2021-05-18,21.72040557861328,21.80766846918906,21.712473964096734,21.80766846918906,3200
2021-05-19,21.545879364013672,21.696605748730263,21.490348988878413,21.696605748730263,4900
2021-05-20,21.712474822998047,21.76007207742706,21.569681546621567,21.569681546621567,3200
2021-05-21,21.78386878967285,21.78386878967285,21.68867428587708,21.68867428587708,3700
2021-05-24,21.768003463745117,21.78386820522587,21.696606831269136,21.696606831269136,2600
2021-05-25,21.863201141357422,21.863201141357422,21.76800662628543,21.76800662628543,5600
2021-05-26,21.855268478393555,21.855268478393555,21.736274575474464,21.736274575474464,2900
2021-05-27,21.79180145263672,21.81560083462301,21.79180145263672,21.81560083462301,1000
2021-05-28,21.88699722290039,21.88699722290039,21.736270831516933,21.736270831516933,5500
2021-06-01,22.02979278564453,22.02979278564453,21.72833997142386,21.886999506602052,10600
2021-06-02,22.156719207763672,22.204316461790725,21.958395550713284,21.958395550713284,12600
2021-06-03,22.156719207763672,22.212249589643474,22.10912195373662,22.10912195373662,2600
2021-06-04,22.156719207763672,22.259846843670527,22.156719207763672,22.204316461790725,4800
2021-06-07,22.18051528930664,22.204314670945386,22.117051784692617,22.164650547970112,3200
2021-06-08,21.95839500427246,22.22811529219608,21.95839500427246,22.22811529219608,19800
2021-06-09,21.966331481933594,22.029794999765425,21.93459896647287,21.95839835306841,8400
2021-06-10,21.942529678344727,22.061523572035902,21.942529678344727,21.98219380521197,12400
2021-06-11,21.95839500427246,22.005992257115043,21.942528748961806,21.942528748961806,7900
2021-06-14,22.013925552368164,22.013925552368164,21.886998535095355,21.95046204373176,6700
2021-06-15,21.998062133789062,21.998062133789062,21.847337227021114,21.998062133789062,1800
2021-06-16,21.966331481933594,21.9980624843047,21.871135448641038,21.9980624843047,6800
2021-06-17,22.0377254486084,22.132919957234673,21.910798428380414,21.910798428380414,6200
2021-06-18,22.148784637451172,22.18051563370622,22.148784637451172,22.164650892123362,700
2021-06-21,21.950462341308594,21.99805959515881,21.942529213485322,21.99805959515881,4000
2021-06-22,21.966331481933594,22.069459131001715,21.83940444626993,21.879068577506217,9800
2021-06-23,21.855268478393555,21.855268478393555,21.855268478393555,21.855268478393555,400
2021-06-24,21.998062133789062,22.180519555512113,21.934598616968454,21.934598616968454,2200
2021-06-25,21.990127563476562,22.164653358109305,21.974262820128626,22.077390460792934,2600
2021-06-28,22.156719207763672,22.291579355081513,22.045658444004072,22.077389442325632,19300
2021-06-29,22.0694580078125,22.275714808541252,22.01392762167198,22.19638503701642,11100
2021-06-30,22.220184326171875,22.23605058302604,21.974263397290485,22.02186065476344,4500
2021-07-01,22.212251663208008,22.212251663208008,22.140855018957673,22.204318534614686,3100
2021-07-02,22.18051528930664,22.243980307009966,22.14878429354428,22.14878429354428,3000
2021-07-06,22.267778396606445,22.267778396606445,22.196381764070768,22.2122480186541,2500
2021-07-07,22.10118865966797,22.164652168923226,21.98219325586112,22.148785913337058,21200
2021-07-08,22.021860122680664,22.037726379151472,22.021860122680664,22.037726379151472,1100
2021-07-09,22.013925552368164,22.085322188720294,22.013925552368164,22.053589677857392,1300
2021-07-12,22.005990982055664,22.005990982055664,21.998057854859994,21.998057854859994,500
2021-07-13,21.847335815429688,22.061524225179188,21.80767017429867,22.037726353590074,9000
2021-07-14,21.79973793029785,21.879067702688104,21.79973793029785,21.855268317044164,3900
2021-07-15,21.775938034057617,21.775938034057617,21.775938034057617,21.775938034057617,3200
2021-07-16,21.736268997192383,21.775934630045544,21.736268997192383,21.752135250333648,9100
2021-07-19,21.664875030517578,21.736271665328054,21.593478395707102,21.736271665328054,5800
2021-07-20,21.75214195251465,21.775941339559512,21.62521491445465,21.656945917424824,2900
2021-07-21,21.82353401184082,21.847333393881517,21.752137378808058,21.752137378808058,2800
2021-07-22,21.831470489501953,21.91080026205577,21.791804846680265,21.894934004927094,13400
2021-07-23,21.831470489501953,21.87906774779842,21.688677201523,21.752140716948137,2500
2021-07-26,21.847335815429688,21.8711336870188,21.847335815429688,21.8711336870188,800
2021-07-27,21.855268478393555,21.879067864213198,21.799738091237284,21.879067864213198,3100
2021-07-28,21.79180145263672,21.807667707294247,21.775936711068514,21.807667707294247,1500
2021-07-29,21.839401245117188,21.839401245117188,21.79973560660535,21.823534989712453,3300
2021-07-30,21.95839500427246,21.95839500427246,21.847334243276638,21.871132113153237,3000
2021-08-02,21.998062133789062,21.998062133789062,21.94253174570723,21.950464874446006,7700
2021-08-03,22.013925552368164,22.013925552368164,21.942528916016034,21.998059296936713,1600
2021-08-04,21.950462341308594,22.005992722982086,21.918729830015504,21.918729830015504,2000
2021-08-05,22.053590774536133,22.069457030756578,21.97426251961285,22.069457030756578,2400
2021-08-06,21.894933700561523,21.942530958196333,21.847336442926718,21.91079995746964,43700
2021-08-09,21.942529678344727,21.966329062318742,21.93459655035339,21.966329062318742,1800
2021-08-10,21.93459701538086,21.93459701538086,21.783870606528833,21.871133503194134,10400
2021-08-11,21.91080093383789,21.926665678363417,21.82353803004427,21.902867805030326,3600
2021-08-12,21.96561050415039,22.022035679633625,21.89306341068031,21.94142762717012,13000
2021-08-13,22.038158416748047,22.06234129462716,21.97367227987453,21.97367227987453,3300
2021-08-16,22.013975143432617,22.062340898322045,21.965610926013937,21.989793803458653,3800
2021-08-17,21.981733322143555,22.005914662643164,21.860822007233143,22.005914662643164,1600
2021-08-18,21.981733322143555,22.04621945926049,21.92530814435008,21.97367236282009,8100
2021-08-19,21.96561050415039,21.973671463143813,21.917246287660575,21.973671463143813,5800
2021-08-20,22.013975143432617,22.013975143432617,21.933367089420983,21.965610926013937,2600
2021-08-23,22.070398330688477,22.08652024753181,21.989791821413046,21.989791821413046,5600
2021-08-24,22.086519241333008,22.086519241333008,22.01397215631367,22.054276946585826,2300
2021-08-25,22.038158416748047,22.086522635035493,21.981733239167568,22.086522635035493,18800
2021-08-26,21.925308227539062,22.022036664846084,21.925308227539062,22.005914746137986,4600
2021-08-27,21.941429138183594,22.00591527710114,21.87694299926605,21.87694299926605,9400
2021-08-30,21.96561050415039,22.00591376164678,21.94142762717012,21.95754954515697,8200
2021-08-31,22.03009796142578,22.046219880380665,21.925308563160645,21.97367278255449,2400
2021-09-01,22.11876678466797,22.11876678466797,21.98979450909901,21.98979450909901,4600
2021-09-02,22.175193786621094,22.183254746690896,22.13488898627208,22.15101090641169,5000
2021-09-03,22.142946243286133,22.151007202007868,22.134885284564398,22.151007202007868,800
2021-09-07,22.05428123474121,22.07040161651392,22.02203739625411,22.02203739625411,1600
2021-09-08,22.05428123474121,22.05428123474121,22.05428123474121,22.05428123474121,1000
2021-09-09,22.05428123474121,22.078462576135696,22.00591547701056,22.046220275119435,2100
2021-09-10,22.038158416748047,22.038158416748047,22.013975538868937,22.03009745745501,2600
2021-09-13,22.022035598754883,22.022035598754883,22.013974639791066,22.013974639791066,2300
2021-09-14,21.99785614013672,22.11070650033737,21.973673261177645,21.98173422083067,2400
2021-09-15,21.989795684814453,22.086524127927497,21.989795684814453,21.989795684814453,3100
2021-09-16,22.070398330688477,22.070398330688477,21.973669904569718,22.030095076050763,9500
2021-09-17,22.00591278076172,22.030095656664066,21.97367048369591,22.030095656664066,3600
2021-09-20,21.852760314941406,21.94948874863703,21.764091302828138,21.94142778958394,6200
2021-09-21,21.981733322143555,22.01397562196663,21.78021395146927,21.84470008858621,5600
2021-09-22,22.00591278076172,22.02203469802995,21.93336569052533,21.965609525061794,4100
2021-09-23,21.925308227539062,22.030097624200135,21.885003430768812,22.030097624200135,2200
2021-09-24,21.780214309692383,21.933367926944815,21.780214309692383,21.933367926944815,4400
2021-09-27,21.82857322692871,21.86081705692106,21.739904231920185,21.76408710441445,2700
2021-09-28,21.6431827545166,21.651243714598596,21.514210468146544,21.610938914188623,5300
2021-09-29,21.715730667114258,21.93337044755569,21.610939719613768,21.82052007714376,5500
2021-09-30,21.812454223632812,21.836637099355197,21.667360044239786,21.836637099355197,3600
2021-10-01,21.723787307739258,21.828576696931478,21.683482513841728,21.69960443140074,4200
2021-10-04,21.61093521118164,21.691543260718568,21.56257099644775,21.691543260718568,9400
2021-10-05,21.51420783996582,21.675422409498918,21.506146880868556,21.61093627419153,19800
2021-10-06,21.61899757385254,21.61899757385254,21.369113987783845,21.40941724643433,13300
2021-10-07,21.538389205932617,21.699605313132157,21.47390307054695,21.699605313132157,4800
2021-10-08,21.481964111328125,21.627058300865208,21.481964111328125,21.554511206096667,3600
2021-10-11,21.481964111328125,21.667361559082956,21.481964111328125,21.667361559082956,6600
2021-10-12,21.562572479248047,21.643180534328177,21.52226922044337,21.570633438503137,11400
2021-10-13,21.659305572509766,21.707669797535615,21.522272320377365,21.707669797535615,11500
2021-10-14,21.69960594177246,21.731848241663986,21.659302682540357,21.723788819794194,3900
2021-10-15,21.659305572509766,21.764094982977607,21.651244612093624,21.675425955871056,6200
2021-10-18,21.69960594177246,21.739909201004565,21.610936926496887,21.610936926496887,10700
2021-10-19,21.731849670410156,21.82051869151522,21.6834854486578,21.6834854486578,12000
2021-10-20,21.79633331298828,21.83663656740648,21.723786225059044,21.764089479477242,19300
2021-10-21,21.804393768310547,21.8205156858309,21.764090511980335,21.764090511980335,3200
2021-10-22,21.804393768310547,21.852759520871615,21.74796859445998,21.78827338826087,16600
2021-10-25,21.79633331298828,21.82051465065096,21.78021139623276,21.82051465065096,6500
2021-10-26,21.844697952270508,21.844697952270508,21.772150862924892,21.780211821460032,10900
2021-10-27,21.9091854095459,21.94948866719107,21.844699274831186,21.868880614429997,9800
2021-10-28,21.933368682861328,21.97367348153063,21.81245736179515,21.965612521796768,5700
2021-10-29,21.96561050415039,21.96561050415039,21.90112436967373,21.909185328667153,9200
2021-11-01,21.981733322143555,21.981733322143555,21.901125266379683,21.941428525526227,3700
2021-11-02,22.070398330688477,22.070398330688477,21.997852779834712,21.997852779834712,3300
2021-11-03,22.086519241333008,22.110702115496302,22.022033114368103,22.022033114368103,2100
2021-11-04,22.175193786621094,22.175193786621094,22.038160540376303,22.038160540376303,5700
2021-11-05,22.18325424194336,22.215496544018016,22.07040234100483,22.191315201829745,4300
2021-11-08,22.19131088256836,22.19131088256836,22.102641878547303,22.183249924250937,1400
2021-11-09,22.11070442199707,22.12682633978771,22.078460586415797,22.11876538089239,7400
2021-11-10,21.917247772216797,22.086523310132318,21.917247772216797,22.086523310132318,9100
2021-11-11,22.022035598754883,22.102643650922342,22.013974639791066,22.102643650922342,3300
2021-11-12,21.987628936767578,22.08593340666663,21.987628936767578,22.08593340666663,5000
2021-11-15,21.922090530395508,22.004011957783515,21.87293829897121,22.004011957783515,3700
2021-11-16,21.84016990661621,21.938475935603243,21.84016990661621,21.938475935603243,6600
2021-11-17,21.782827377319336,21.864748815255435,21.725482839520506,21.75005817713631,28400
2021-11-18,21.82378578186035,21.88113031563061,21.74186591220076,21.774633547560324,45700
2021-11-19,21.83197784423828,21.872939341144598,21.80740250861583,21.823785544857017,3400
2021-11-22,21.84016990661621,21.913899037726154,21.84016990661621,21.90570673843379,3500
2021-11-23,21.848363876342773,21.87294077609891,21.77463473959581,21.77463473959581,3600
2021-11-24,21.922090530395508,21.930282829386435,21.709095444195192,21.799209170574127,18600
2021-11-26,21.84016990661621,21.84016990661621,21.70909624298105,21.76644077550627,2900
2021-11-29,21.913902282714844,21.913902282714844,21.872942342709045,21.872942342709045,4600
2021-11-30,21.84016990661621,21.848362205908572,21.782825374090994,21.823785308031486,8200
2021-12-01,21.84016990661621,21.89751443914143,21.823785308031486,21.89751443914143,3400
2021-12-02,21.913902282714844,21.995823725247995,21.913902282714844,21.946671484736726,6400
2021-12-03,21.75005531311035,21.897513569473883,21.74186457666461,21.88932127050688,4600
2021-12-06,21.97943687438965,22.053166008870306,21.881130840908305,21.881130840908305,2400
2021-12-07,22.02039909362793,22.02039909362793,22.012208355633085,22.012208355633085,2900
2021-12-08,22.028589248657227,22.036781548375735,21.979437012867578,22.028589248657227,4100
2021-12-09,22.04497718811035,22.07774639194922,21.97944034295425,22.028592586190914,4900
2021-12-10,22.012208938598633,22.094128820889093,21.96305513419844,22.020399676810403,3000
2021-12-13,22.012208938598633,22.069553481210594,21.954862833465075,21.954862833465075,6900
2021-12-14,21.954856872558594,21.987626066594977,21.922089241043384,21.987626066594977,4400
2021-12-15,21.97943687438965,21.987629174056543,21.922092339242777,21.922092339242777,3900
2021-12-16,22.085935592651367,22.085935592651367,21.971246512243845,21.97943881263317,4800
2021-12-17,22.085935592651367,22.085935592651367,21.995823413411827,22.004015713801152,1400
2021-12-20,21.946670532226562,22.05316730913249,21.946670532226562,21.979438170304736,10100
2021-12-21,21.913902282714844,22.085935905765062,21.913902282714844,22.012208326258936,11700
2021-12-22,21.930286407470703,22.012207848224783,21.922094107143142,21.93847870779826,6100
2021-12-23,21.97943687438965,22.036781409536516,21.971244574722753,21.97943687438965,2200
2021-12-27,21.954856872558594,21.99581836510407,21.954856872558594,21.99581836510407,1300
2021-12-28,21.930286407470703,21.963054046259423,21.922094107143142,21.95486174593186,2300
2021-12-29,21.97124481201172,21.987629411522462,21.938477175511643,21.938477175511643,3300
2021-12-30,22.06136131286621,22.085936652692183,21.979439867562547,21.979439867562547,4100
2021-12-31,22.135089874267578,22.135089874267578,22.036783829988607,22.036783829988607,3800
2022-01-03,22.151470184326172,22.167853219764385,22.07774105602978,22.143277885346432,2600
2022-01-04,21.987628936767578,21.987628936767578,21.987628936767578,21.987628936767578,600
2022-01-05,21.709096908569336,21.94666890776771,21.692712309482268,21.93028430868064,6900
2022-01-06,21.848363876342773,21.848363876342773,21.684521003011422,21.750057839839677,6900
2022-01-07,21.90570640563965,21.96305093729368,21.741865109845456,21.741865109845456,6200
2022-01-10,21.872940063476562,21.95485993495184,21.807403228783507,21.807403228783507,7200
2022-01-11,21.954856872558594,22.020393698110187,21.930281539552478,21.930281539552478,2600
2022-01-12,21.922090530395508,21.98762735980166,21.87293829897121,21.96305046282888,3900
2022-01-13,21.872940063476562,21.995821433210867,21.872940063476562,21.995821433210867,2700
2022-01-14,21.889324188232422,21.889324188232422,21.840171950399945,21.872941150635906,4600
2022-01-18,21.889324188232422,21.963053326241873,21.889324188232422,21.889324188232422,8200
2022-01-19,21.82378578186035,21.938476411922224,21.81559348239012,21.88113031563061,6100
2022-01-20,21.848363876342773,21.88113151349618,21.848363876342773,21.848363876342773,2900
2022-01-21,21.83197784423828,21.913899275529573,21.823785544857017,21.88113007800452,2200
2022-01-24,21.741867065429688,21.856556139053527,21.733674765524924,21.856556139053527,7900
2022-01-25,21.791019439697266,21.791019439697266,21.733674902523873,21.78282713974086,2400
2022-01-26,21.68452262878418,21.791020973190584,21.68452262878418,21.76644407159182,11700
2022-01-27,21.569833755493164,21.86475032745137,21.569833755493164,21.856558026839025,12900
2022-01-28,21.578022003173828,21.684518766088246,21.569829704100215,21.569829704100215,4000
2022-01-31,21.700904846191406,21.73367404472367,21.569831177105122,21.569831177105122,9000
2022-02-01,21.733675003051758,21.856556377923326,21.71729040306316,21.758250340513197,4800
2022-02-02,21.709096908569336,21.831978276679603,21.709096908569336,21.75824914330917,5200
2022-02-03,21.610788345336914,21.69270976865558,21.578020713522157,21.610788345336914,6100
2022-02-04,21.635366439819336,21.635366439819336,21.51248507929356,21.61078954270567,8000
2022-02-07,21.578022003173828,21.684518766088246,21.553445105952985,21.684518766088246,9900
2022-02-08,21.45514488220215,21.67633075081663,21.373223437797503,21.594410868933572,9300
2022-02-09,21.651752471923828,21.651752471923828,21.487909605357046,21.49610190493752,7600
2022-02-10,21.68452262878418,21.6927149293171,21.50429670462461,21.54525664476765,4900
2022-02-11,21.545255661010742,21.75005847741777,21.50429572273793,21.73367543962154,7000
2022-02-14,21.510265350341797,21.660220980598822,21.468611714818998,21.660220980598822,6800
2022-02-15,21.59357452392578,21.610236613970585,21.501934617663736,21.510265662686137,3900
2022-02-16,21.618568420410156,21.62689787674156,21.44361964674668,21.44361964674668,4100
2022-02-17,21.57691192626953,21.70187442069699,21.53525829112182,21.635227651070057,11400
2022-02-18,21.535259246826172,21.62689756601478,21.46861247424155,21.46861247424155,3600
2022-02-22,21.526927947998047,21.526927947998047,21.418625950708808,21.46861222129663,4300
2022-02-23,21.460283279418945,21.518599011835608,21.443621187590033,21.45195223350449,4200
2022-02-24,21.31865692138672,21.418626286159288,21.185363375700355,21.418626286159288,7200
2022-02-25,21.56024932861328,21.601904551763838,21.351977979813373,21.351977979813373,3300
2022-02-28,21.66855239868164,21.701874989876902,21.385303223092258,21.385303223092258,17000
2022-03-01,21.643558502197266,21.77685204025822,21.51026496413631,21.660220591700963,15200
2022-03-02,21.635229110717773,21.768522658964454,21.635229110717773,21.768522658964454,4100
2022-03-03,21.65188980102539,21.76852125095127,21.60190512091206,21.76852125095127,3700
2022-03-04,21.643558502197266,21.643558502197266,21.57691173316679,21.57691173316679,1100
2022-03-07,21.41862678527832,21.610237652028935,21.41862678527832,21.501935650519748,3600
2022-03-08,21.426956176757812,21.518596080348157,21.368640452285526,21.518596080348157,3400
2022-03-09,21.37697410583496,21.38530515163117,21.32698942004224,21.38530515163117,2200
2022-03-10,21.39363670349121,21.468614528446146,21.39363670349121,21.468614528446146,1800
2022-03-11,21.476943969726562,21.75186211102515,21.44361978824337,21.75186211102515,1000
2022-03-14,21.30199432373047,21.426956821213032,21.18536287127799,21.40196527510714,8400
2022-03-15,21.37697410583496,21.37697410583496,21.335320465838443,21.335320465838443,600
2022-03-16,21.59357452392578,21.760192246405072,21.526927752730938,21.59357452392578,2800
2022-03-17,21.618568420410156,21.75186196749451,21.576913193831032,21.635228922057383,6900
2022-03-18,21.66855239868164,21.760192305191257,21.66855239868164,21.760192305191257,2800
2022-03-21,21.726863861083984,21.726863861083984,21.58523930108331,21.635223972558826,5000
2022-03-22,21.443618774414062,21.535258680175776,21.277002641828823,21.277002641828823,3800
2022-03-23,21.451950073242188,21.701875069569706,21.451950073242188,21.626897252874574,3700
2022-03-24,21.485275268554688,21.543590997853777,21.401966402848366,21.401966402848366,5300
2022-03-25,21.443618774414062,21.576912316075994,21.418625639483317,21.476942954321725,2400
2022-03-28,21.451950073242188,21.493603709635316,21.451950073242188,21.48527425354419,3600
2022-03-29,21.59357452392578,21.64355920507582,21.51859670770854,21.55192088779814,4600
2022-03-30,21.718536376953125,21.718536376953125,21.543589203626087,21.6435585629603,4700
2022-03-31,21.585241317749023,21.718534846793116,21.585241317749023,21.710203802604834,5400
2022-04-01,21.685213088989258,21.710204633526406,21.526926421322166,21.593573188395006,8800
2022-04-04,21.643558502197266,21.743529450235137,21.610235912174183,21.73519840548329,3400
2022-04-05,21.526927947998047,21.535258993096015,21.460281176198663,21.535258993096015,5000
2022-04-06,21.57691192626953,21.57691192626953,21.326986937414617,21.451949431842074,6100
2022-04-07,21.57691192626953,21.57691192626953,21.493603066989785,21.493603066989785,700
2022-04-08,21.410297393798828,21.576913535802753,21.36031112111165,21.36031112111165,6900
2022-04-11,21.368640899658203,21.44361871525925,21.368640899658203,21.41862558039745,1200
2022-04-12,21.426956176757812,21.52692712512767,21.426956176757812,21.52692712512767,2700
2022-04-13,21.31865692138672,21.418626286159288,21.31865692138672,21.418626286159288,3700
2022-04-14,21.252010345458984,21.27700348137591,21.252010345458984,21.252010345458984,4000
2022-04-18,21.451950073242188,21.451950073242188,21.2686718485343,21.2686718485343,2900
2022-04-19,21.252010345458984,21.393634937686052,21.252010345458984,21.368641801769126,2500
2022-04-20,21.24367904663086,21.53525927291091,21.227016956218424,21.53525927291091,7600
2022-04-21,21.043737411499023,21.418624888408104,21.043737411499023,21.293662396105077,13500
2022-04-22,20.960430145263672,21.401966013178935,20.95209909994628,21.401966013178935,12500
2022-04-25,21.168699264526367,21.235346031007598,21.043736775997097,21.11871458691151,7200
2022-04-26,21.07706069946289,21.218685285826993,21.035407063643476,21.202024784889836,3300
2022-04-27,21.002084732055664,21.11038673709205,21.002084732055664,21.08539360001031,9000
2022-04-28,21.07706069946289,21.143707470164564,21.035407063643476,21.043738108604227,3900
2022-04-29,21.118717193603516,21.152039786465025,21.04373937343456,21.127048239065005,31700
2022-05-02,20.977092742919922,21.13537942980736,20.968761697401167,20.993754833957436,6000
2022-05-03,20.99375343322754,21.202024790346922,20.98542238826464,21.102053839776502,3600
2022-05-04,21.043737411499023,21.0853910459386,20.968759598320347,21.010413232759923,5600
2022-05-05,20.968761444091797,21.01874612761604,20.968761444091797,20.97709248950991,1900
2022-05-06,21.060401916503906,21.060401916503906,20.968762003444553,20.968762003444553,5300
2022-05-09,20.835468292236328,21.143709033655586,20.82713724665953,20.910446113443058,9200
2022-05-10,20.893779754638672,21.04373536642301,20.85212612424709,20.885448710763526,6000
2022-05-11,21.010414123535156,21.068731438801052,20.92710685112404,20.92710685112404,12500
2022-05-12,21.1697998046875,21.4326218788651,21.00023889758087,21.19523466843413,14400
2022-05-13,21.246103286743164,21.313927974620768,21.178278598865564,21.21219175133842,6000
2022-05-16,21.25458335876465,21.271539936424247,21.1867586651945,21.2037152428541,4300
2022-05-17,21.246103286743164,21.322406262738983,21.195235175101992,21.263059862979595,16500
2022-05-18,21.212194442749023,21.330887257327586,21.186759575167194,21.330887257327586,6100
2022-05-19,21.288494110107422,21.296972397979822,21.110453298923165,21.296972397979822,8600
2022-05-20,21.186756134033203,21.271537395134214,21.13588802419982,21.13588802419982,12700
2022-05-23,21.178281784057617,21.1952383628443,21.11045708597925,21.11045708597925,5500
2022-05-24,20.957849502563477,21.195236736152953,20.890024809690516,21.110455465794693,58800
2022-05-25,21.025672912597656,21.19523544296866,20.991761376764337,21.025672912597656,29300
2022-05-26,21.22915267944336,21.237629352231135,21.093501658812272,21.19523952001848,33300
2022-05-27,21.407190322875977,21.57675287325084,21.263062640177843,21.263062640177843,16400
2022-05-31,21.339366912841797,21.475016314493622,21.330888623105004,21.40719161366771,4200
2022-06-01,21.32240867614746,21.35632183245883,21.144369456717666,21.28849713690439,3200
2022-06-02,21.296977996826172,21.322411250061553,21.2715431265223,21.322411250061553,4900
2022-06-03,21.237627029418945,21.30545172378211,21.229150357558286,21.29697505192145,7100
2022-06-06,21.280019760131836,21.407190867614887,21.16980361446306,21.313931300828745,2600
2022-06-07,21.25458335876465,21.280018225254047,21.1952369540243,21.23762678110505,9100
2022-06-08,21.246103286743164,21.313927974620768,21.21219175133842,21.246103286743164,5000
2022-06-09,21.22915267944336,21.27154251165602,21.186761230162258,21.263064221799798,7100
2022-06-10,21.135894775390625,21.263065899128893,21.042635196683896,21.195241191997248,9200
2022-06-13,20.440689086914062,20.991764979599257,20.440689086914062,20.991764979599257,21900
2022-06-14,20.508512496948242,21.19523774717767,20.440687800840006,21.19523774717767,21500
2022-06-15,20.516992568969727,20.890027621446666,20.398298127664837,20.584817270971758,27300
2022-06-16,20.169387817382812,20.78828833471178,19.940478875225015,20.78828833471178,24200
2022-06-17,20.09308433532715,20.508510766062297,20.09308433532715,20.228733716095025,24700
2022-06-21,20.169387817382812,20.72894193127862,20.084606548020496,20.559379392553982,19700
2022-06-22,20.347427368164062,20.483076754586364,20.177864826602065,20.177864826602065,34100
2022-06-23,20.449167251586914,20.966329982388647,20.449167251586914,20.771334172134413,18600
2022-06-24,20.508512496948242,20.56785890390941,20.449166089987074,20.533945747321138,15800
2022-06-27,20.491554260253906,20.949370517665933,20.440686146556608,20.949370517665933,43200
2022-06-28,20.347427368164062,20.957849607064418,20.338949079379137,20.56785802536736,19500
2022-06-29,20.43221092224121,20.822202547519765,20.186345371207704,20.313516483056432,29500
2022-06-30,20.237215042114258,20.432210854103257,20.237215042114258,20.355907863834794,26400
2022-07-01,20.42373275756836,20.593295319117217,20.177867205029358,20.279605065372362,12400
2022-07-05,20.29656219482422,20.415255020883038,20.228737491780826,20.36438689786761,5600
2022-07-06,20.27960205078125,20.381339896000778,20.169387534105937,20.245688896685344,26800
2022-07-07,20.160913467407227,20.3559092930875,20.13547859650907,20.279606297461562,14200
2022-07-08,20.203296661376953,20.22873152391513,20.177861798838777,20.177861798838777,6600
2022-07-11,20.203296661376953,20.262643056898032,20.177861798838777,20.245686481872582,20200
2022-07-12,20.211780548095703,20.381343111187597,20.211780548095703,20.254170380334454,20600
2022-07-13,20.17786407470703,20.237212093989992,20.05917127027747,20.143952537899235,20000
2022-07-14,20.237215042114258,20.305039742678623,20.152433762141694,20.305039742678623,3400
2022-07-15,20.542423248291016,20.542423248291016,20.271124474267335,20.321992590129714,77100
2022-07-18,20.42373275756836,20.46612258942136,20.364386346146787,20.46612258942136,10500
2022-07-19,20.43221092224121,20.550903744357566,20.37286451118303,20.398297763311724,9500
2022-07-20,20.43221092224121,20.483079043567017,20.389819473579355,20.474600753834647,4600
2022-07-21,20.567859649658203,20.567859649658203,20.432210252523358,20.466121793272887,6400
2022-07-22,20.593292236328125,20.64416035035052,20.508510968245343,20.601768907775035,22500
2022-07-25,20.6272029876709,20.64415956405525,20.567856587393795,20.6272029876709,13100
2022-07-26,20.84763526916504,20.932416540686862,20.635682898894608,20.644161187753614,98200
2022-07-27,20.87306785583496,20.957847501028287,20.78828659357356,20.88154452669983,23800
2022-07-28,21.00872230529785,21.051112138137842,20.898506152604323,20.974809145371083,18300
2022-07-29,21.025672912597656,21.09349760133243,21.008717953215065,21.05110777727375,26800
2022-08-01,21.178281784057617,21.18676007345096,21.042632387900884,21.042632387900884,14200
2022-08-02,21.37327766418457,21.500450388464273,21.178281858655957,21.18676014807916,60400
2022-08-03,21.737834930419922,21.737834930419922,21.356321627979657,21.40718974489137,15100
2022-08-04,21.72088050842285,21.763270337389653,21.508928129452194,21.6276209442139,18800
2022-08-05,21.424148559570312,21.60218779588278,21.424148559570312,21.60218779588278,4600
2022-08-08,21.466537475585938,21.517405595636927,21.356322945964067,21.517405595636927,11500
2022-08-09,21.313928604125977,21.432623024218497,21.28001706771966,21.432623024218497,5100
2022-08-10,21.466537475585938,21.712403020457746,21.3054532088447,21.636100031847075,8400
2022-08-11,21.37327766418457,21.40719082187739,21.36480099182973,21.40719082187739,8400
2022-08-12,21.509601593017578,21.569997322214146,21.46646061097703,21.47508880738514,13300
2022-08-15,21.630393981933594,21.76844183908166,21.500974321564815,21.500974321564815,17800
2022-08-16,21.725297927856445,21.742554317782698,21.54410912495063,21.613133038995723,5000
2022-08-17,21.604509353637695,21.794324731009095,21.483716253801223,21.794324731009095,9400
2022-08-18,21.569995880126953,21.569995880126953,21.45783262564073,21.483715567474427,7100
2022-08-19,21.38880729675293,21.483714153329476,21.38880729675293,21.44920301793618,13300
2022-08-22,21.28527069091797,21.362922802962267,21.276642495617494,21.35429460766179,17000
2022-08-23,21.207618713378906,21.380179329162882,21.173107577618108,21.32841015703169,11200
2022-08-24,21.181734085083008,21.25938619746498,21.164479340067007,21.207618671096995,5800
2022-08-25,21.362924575805664,21.46645963668346,21.242133122894863,21.268016065284254,6800
2022-08-26,21.3111572265625,21.457833268769907,21.224876911324003,21.224876911324003,2000
2022-08-29,21.302526473999023,21.302526473999023,21.216246169114854,21.224874364169263,3600
2022-08-30,21.17310905456543,21.259387722815863,21.05231595682663,21.22487658464771,13900
2022-08-31,21.207618713378906,21.2766426305605,21.01780335254453,21.138594796197314,25200
2022-09-01,21.216251373291016,21.24213596480353,21.08683170704912,21.216251373291016,12900
2022-09-02,21.319782257080078,21.44057534806655,21.216247202703123,21.216247202703123,5200
2022-09-06,21.207618713378906,21.32841015703169,21.121338405486917,21.129966600842117,8500
2022-09-07,21.431949615478516,21.457834204877333,21.21624964080233,21.233506033734876,12800
2022-09-08,21.42331886291504,21.44057525378866,21.276642831809298,21.276642831809298,3800
2022-09-09,21.62175941467285,21.62175941467285,21.371548364434986,21.45782866114658,4000
2022-09-12,21.526857376098633,21.647648831070423,21.3888095287994,21.647648831070423,5900
2022-09-13,21.5009708404541,21.5009708404541,21.242131561623868,21.250758111346208,5400
2022-09-14,21.518226623535156,21.518226623535156,21.354294207220192,21.45783090322437,5400
2022-09-15,21.483715057373047,21.526856035505027,21.12133906936463,21.483715057373047,8100
2022-09-16,21.526857376098633,21.526857376098633,21.29390101665862,21.39743607930297,5900
2022-09-19,21.406063079833984,21.44057586256116,21.30252802297257,21.39743488415219,11300
2022-09-20,21.319782257080078,21.380179625403322,21.224875398177872,21.380179625403322,6500
2022-09-21,21.38880729675293,21.457831213199498,21.233503073333154,21.30252698977972,15000
2022-09-22,21.250761032104492,21.440578065284928,21.16448235774272,21.224878088060052,8000
2022-09-23,21.198989868164062,21.31115475868321,21.121337758007716,21.31115475868321,6500
2022-09-26,21.086828231811523,21.207619680975412,21.086828231811523,21.13859576064461,4900
2022-09-27,20.94877815246582,21.190361024976927,20.94877815246582,21.060941393894563,7600
2022-09-28,21.345666885375977,21.466458330939375,21.095455798757506,21.095455798757506,6800
2022-09-29,21.302526473999023,21.397433328277668,21.017802619843213,21.34566580361114,10300
2022-09-30,20.97466278076172,21.526855774536568,20.97466278076172,21.216247318391964,111000
2022-10-03,21.345666885375977,21.423318999141024,21.155851521539205,21.233503635304253,3500
2022-10-04,21.026432037353516,21.34566704462704,21.01780384179747,21.34566704462704,25400
2022-10-05,20.922893524169922,21.009173826597443,20.922893524169922,20.974661047362478,6800
2022-10-06,20.95741081237793,21.00917834670824,20.897013435722283,21.00917834670824,2700
2022-10-07,20.57777976989746,20.87113189357797,20.534638783673646,20.87113189357797,13100
2022-10-10,20.336191177368164,20.914267113591315,20.336191177368164,20.914267113591315,3600
2022-10-11,20.103235244750977,20.465611236726147,20.094608694690198,20.249911280685215,11600
2022-10-12,20.32756233215332,20.33619052742239,20.32756233215332,20.33619052742239,1100
2022-10-13,20.275794982910156,20.30167956894296,19.73223184150126,20.111862562689065,24300
2022-10-14,20.07735252380371,20.267167894767283,19.99107221130751,20.267167894767283,7800
2022-10-17,20.04283905029297,20.284423587830464,19.96518693628663,20.16363214189173,2800
2022-10-18,20.14637565612793,20.318934628706188,20.111862874216268,20.1291192651721,2500
2022-10-19,19.784000396728516,20.14637639173231,19.784000396728516,20.14637639173231,3500
2022-10-20,19.464763641357422,19.965187475320135,19.464763641357422,19.714976381168814,15900
2022-10-21,19.214550018310547,19.61143709668039,19.12826971781193,19.51653024722578,5300
2022-10-24,19.32671546936035,19.32671546936035,19.21455221783452,19.231808609041586,1700
2022-10-25,19.611440658569336,19.611440658569336,19.456136418596973,19.456136418596973,1400
2022-10-26,19.740859985351562,19.90479241881096,19.542416413388153,19.90479241881096,6500
2022-10-27,19.80125617980957,19.80125617980957,19.50790411450424,19.533787055427634,9800
2022-10-28,20.0946102142334,20.180888886646063,19.83576926001483,19.844397456388133,3500
2022-10-31,19.447507858276367,20.085979498888832,19.447507858276367,20.085979498888832,30400
2022-11-01,19.568302154541016,20.129121764972595,19.53378936834327,19.551045761442143,2300
2022-11-02,19.240434646606445,19.516531961586786,19.240434646606445,19.516531961586786,5300
2022-11-03,19.119646072387695,19.136902465725253,18.99885461034529,19.085134931372828,3500
2022-11-04,19.171411514282227,19.326715746049114,19.024735478242395,19.15415676848818,11200
2022-11-07,19.249065399169922,19.33534571870965,18.981597889690956,19.11101754617044,13200
2022-11-08,19.576929092407227,19.576929092407227,19.326716345541474,19.326716345541474,5500
2022-11-09,19.473390579223633,19.68909052209613,19.292203417127517,19.68909052209613,5300
2022-11-10,20.41384506225586,20.5864056967998,18.98159739078575,19.594184516662406,20000
2022-11-11,20.707195281982422,20.84524311887617,20.4138432171682,20.4138432171682,5600
2022-11-14,20.345115661621094,20.960303424899784,20.345115661621094,20.960303424899784,2100
2022-11-15,20.476940155029297,20.740592759392303,20.204500639147405,20.476940155029297,58100
2022-11-16,20.345115661621094,20.56482533761323,20.160560338388567,20.485729720155916,13000
2022-11-17,20.29238510131836,20.389057891785352,20.29238510131836,20.389057891785352,3100
2022-11-18,20.301170349121094,20.380265950807722,20.11661338643514,20.345111605057458,20200
2022-11-21,20.230865478515625,20.35390234918157,20.08146284574199,20.08146284574199,2100
2022-11-22,20.389057159423828,20.42420983344351,20.151770323847163,20.3011729599971,13700
2022-11-23,20.485727310180664,20.608765854113024,20.248442161975152,20.485727310180664,8700
2022-11-25,20.599979400634766,20.599979400634766,20.450576756011387,20.52088378428993,2600
2022-11-28,20.6790714263916,20.916356557973582,20.39784168585667,20.39784168585667,7900
2022-11-29,19.949636459350586,20.652706653655244,19.949636459350586,20.652706653655244,19500
2022-11-30,20.01115608215332,20.213288565508,19.765080661383493,19.94084905854075,23800
2022-12-01,20.810897827148438,20.846050498671524,20.23965308582289,20.406631208997787,17600
2022-12-02,20.872417449951172,20.925147298369005,20.56482359438577,20.740591990780757,7800
2022-12-05,20.44178581237793,20.78453232620867,20.327535856933295,20.78453232620867,9400
2022-12-06,20.389057159423828,20.661496669020174,20.31875013513278,20.661496669020174,5900
2022-12-07,20.52088165283203,20.59997726096138,20.43299745754924,20.43299745754924,5800
2022-12-08,20.389057159423828,20.59997823229697,20.389057159423828,20.547246706889922,3200
2022-12-09,20.35390281677246,20.397844078376433,20.292384380026224,20.397844078376433,2000
2022-12-12,20.35390281677246,20.52088262812059,20.309961555168485,20.309961555168485,22700
2022-12-13,20.52967071533203,20.652707585825787,20.397843581229704,20.476939191190443,7100
2022-12-14,20.476940155029297,20.62634279462615,20.309962016142954,20.353903278744262,7500
2022-12-15,20.301170349121094,20.345111605057458,19.97599935593702,20.2132861609969,47700
2022-12-16,20.081464767456055,20.125406032255565,19.879332267375425,20.125406032255565,10000
2022-12-19,19.91448211669922,19.91448211669922,19.79144525172673,19.852963684212977,2700
2022-12-20,19.72113800048828,19.86175203773317,19.598099460710344,19.86175203773317,16000
2022-12-21,19.861753463745117,20.055097359775438,19.72113941640458,19.738714915133396,6100
2022-12-22,19.598100662231445,19.83538749322411,19.475063791161904,19.826598905826053,8600
2022-12-23,19.606889724731445,19.633255487564504,19.483852850680552,19.571737050539056,9600
2022-12-27,19.606889724731445,19.738715186393357,19.52779411248396,19.615678312342464,19300
2022-12-28,19.51900291442871,19.870539666848693,19.431120402575182,19.870539666848693,8500
2022-12-29,19.615676879882812,19.87932946020476,19.51900409947294,19.79144526676411,10700
2022-12-30,19.527793884277344,19.61567808310881,19.49264121049576,19.501429798004075,13100
2023-01-03,19.685985565185547,20.063886455581688,19.55416010199547,19.61567853973406,9700
2023-01-04,19.93206214904785,20.06388761988775,19.93206214904785,19.949639325493653,1800
2023-01-05,20.213289260864258,20.213289260864258,19.9935795949853,20.116616471476963,1800
2023-01-06,20.389057159423828,20.476939682598875,20.186922997866848,20.186922997866848,11000
2023-01-09,20.239654541015625,20.476939700548606,20.222077365864536,20.38905717729652,9200
2023-01-10,20.257226943969727,20.389054061203865,20.23086286152404,20.389054061203865,4900
2023-01-11,20.432998657226562,20.503305682330392,20.362691632122733,20.432998657226562,11100
2023-01-12,20.661497116088867,20.802111167713534,20.43299886313585,20.48572871343217,12000
2023-01-13,20.643918991088867,20.696648838959963,20.547246206448822,20.661496165796446,14600
2023-01-17,20.784530639648438,20.86362624046064,20.67028236972606,20.67028236972606,2600
2023-01-18,20.916357040405273,20.98666405809775,20.731801747556837,20.828474525478317,17700
2023-01-19,20.854839324951172,20.907570847218306,20.705436697697454,20.705436697697454,4100
2023-01-20,20.617555618286133,20.828478386716515,20.599980117793464,20.74059417924583,9900
2023-01-23,20.872417449951172,20.872417449951172,20.64391920513835,20.64391920513835,4400
2023-01-24,20.925148010253906,20.960302361229537,20.740592696386987,20.872418160042173,2400
2023-01-25,20.96908950805664,20.96908950805664,20.810898292040036,20.87241672576836,5000
2023-01-26,20.916357040405273,20.969088560863277,20.749378921042837,20.784531591763315,2000
2023-01-27,20.960302352905273,21.065762053286853,20.960302352905273,21.065762053286853,1300
2023-01-30,21.04818344116211,21.04818344116211,21.004240508958908,21.03939485472147,5400
2023-01-31,21.26789665222168,21.36456776683286,21.065762482576307,21.065762482576307,15800
2023-02-01,21.452449798583984,21.452449798583984,21.23274015158804,21.36456560453529,6000
2023-02-02,21.57548713684082,21.601852898508113,21.30304763795193,21.417297595591915,7500
2023-02-03,21.364566802978516,21.443662414434044,21.364566802978516,21.364566802978516,1600
2023-02-06,21.25031852722168,21.390932575149808,21.20637558958684,21.320625551185746,19600
2023-02-07,21.23274040222168,21.30304742304023,21.188799142804434,21.188799142804434,3500
2023-02-08,21.382143020629883,21.44366145428485,21.20637463054289,21.20637463054289,19000
2023-02-09,21.34699249267578,21.53154781217933,21.250319700791962,21.443663608307833,10900
2023-02-10,21.399721145629883,21.619430804874025,21.31183694668189,21.399721145629883,4900
2023-02-13,21.39093017578125,22.682822224806937,21.250316143625454,22.682822224806937,4000
2023-02-14,21.541282653808594,21.83661384294093,21.48758653950327,21.83661384294093,13700
2023-02-15,21.5949764251709,21.70237034909856,21.43388809973217,21.630774968802957,2700
2023-02-16,21.478633880615234,21.5233803517458,21.29964458215606,21.505482787474648,4400
2023-02-17,21.44283676147461,21.44283676147461,21.272798794316866,21.389140651159984,9000
2023-02-21,21.049062728881836,21.398090001720423,21.049062728881836,21.398090001720423,9900
2023-02-22,21.362295150756836,21.42494090227437,21.111710437718006,21.17435618923554,5800
2023-02-23,21.433889389038086,21.72922056389348,21.344394731543108,21.505484773640344,10900
2023-02-24,21.55023193359375,21.55023193359375,21.38019224964768,21.398091523109095,19700
2023-02-27,21.568130493164062,21.711321262178494,21.568130493164062,21.6307762412368,10900
2023-02-28,21.711320877075195,21.711320877075195,21.478635454811837,21.68447196824799,33800
2023-03-01,21.684471130371094,21.756066510841983,21.27279811940562,21.61287574990021,4100
2023-03-02,21.451786041259766,21.702370730178753,21.424938840032812,21.702370730178753,16200
2023-03-03,21.63077735900879,21.7023727472157,21.496536219491915,21.568131607698827,7300
2023-03-06,21.80976676940918,21.80976676940918,21.657626355495704,21.657626355495704,10500
2023-03-07,21.5054874420166,21.74712082817544,21.487588166902963,21.684475072246524,4200
2023-03-08,21.684471130371094,21.684471130371094,21.478634624888358,21.505483532678134,2000
2023-03-09,21.308595657348633,21.568129986951295,21.308595657348633,21.52338180582916,4200
2023-03-10,21.040115356445312,21.43389085212127,20.807429913862645,21.26385116197072,11100
2023-03-13,20.59264373779297,21.83661426982503,20.404704773597267,20.941671048053767,5900
2023-03-14,21.049062728881836,21.049062728881836,20.80742767523887,20.914821601403037,4900
2023-03-15,20.82532501220703,20.843224282732507,20.503144970622078,20.708981460759848,6700
2023-03-16,20.834280014038086,21.299649218793117,20.234667952731645,20.53894880216887,12200
2023-03-17,20.064626693725586,20.78058057384433,19.94828482831955,20.78058057384433,17200
2023-03-20,19.78719711303711,20.37785956056339,19.78719711303711,19.885639716312223,1600
2023-03-21,20.252565383911133,21.013267502358843,19.984083086561974,21.013267502358843,2900
2023-03-22,20.216766357421875,20.216766357421875,20.055676313622715,20.163070245145033,5900
2023-03-23,19.760345458984375,20.154120938384686,19.760345458984375,20.064626278479796,2600
2023-03-24,19.715599060058594,19.831940923514463,19.608205126356612,19.72454869678115,2300
2023-03-27,20.13622283935547,20.13622283935547,19.90353739282,19.90353739282,1200
2023-03-28,20.010929107666016,20.1362206007295,20.010929107666016,20.10042205587218,7700
2023-03-29,20.413654327392578,20.413654327392578,20.019880540436745,20.136222407726258,5200
2023-03-30,20.547895431518555,20.547895431518555,20.145172008274326,20.306262060359504,7900
2023-03-31,20.574743270874023,20.78057979027564,20.538946431702218,20.538946431702218,22000
2023-04-03,20.673185348510742,20.798476832627003,20.673185348510742,20.71793181941842,4700
2023-04-04,20.762683868408203,20.85217682690914,20.6731892029385,20.726885319432814,6200
2023-04-05,20.816377639770508,21.00431487981236,20.7089837119119,20.834276912241705,5800
2023-04-06,20.834280014038086,21.013267644491922,20.717936432622707,20.85217758220529,13600
2023-04-10,21.1922550201416,21.263850407089297,20.843227722142675,20.843227722142675,9500
2023-04-11,21.308595657348633,21.469685695451172,21.174354527919373,21.245949910746216,12900
2023-04-12,21.26384925842285,21.451786498894986,21.26384925842285,21.335444641502985,5800
2023-04-13,21.290699005126953,21.290699005126953,21.210153982620728,21.210153982620728,1700
2023-04-14,21.44283676147461,21.44283676147461,21.317545268417625,21.317545268417625,2600
2023-04-17,21.34439468383789,21.35334432026425,21.34439468383789,21.34439468383789,1900
2023-04-18,21.532333374023438,21.55023264807829,21.335446480326258,21.335446480326258,9700
2023-04-19,21.46968650817871,21.559181166842198,21.38914148607844,21.559181166842198,5200
2023-04-20,21.523380279541016,21.523380279541016,21.389139159631203,21.424937701990327,2000
2023-04-21,21.523380279541016,21.541279550720578,21.523380279541016,21.541279550720578,1000
2023-04-24,21.41598892211914,21.52338113955068,21.389140014276997,21.51443321057182,9100
2023-04-25,21.41598892211914,21.433888194013903,21.111708127782244,21.398089650224378,4900
2023-04-26,21.27280044555664,21.40704158524757,21.22805226101386,21.22805226101386,2800
2023-04-27,21.362295150756836,21.407041628421155,21.093811163864796,21.093811163864796,3500
2023-04-28,21.738170623779297,21.738170623779297,21.29964696420873,21.44283773620247,8800
2023-05-01,21.1922550201416,21.630776978567315,21.084861086235726,21.514435114890563,11300
2023-05-02,21.237001419067383,21.344395352579813,21.120659555816857,21.344395352579813,10900
2023-05-03,21.049062728881836,21.53233112919922,21.049062728881836,21.30859534774504,11400
2023-05-04,21.01326560974121,21.165406019727808,20.950619859800025,21.120659543189436,5700
2023-05-05,21.281749725341797,21.469686976361633,21.147506880934856,21.228051904791553,3800
2023-05-08,21.398090362548828,21.407039998794136,21.344394252045557,21.371241453812907,2100
2023-05-09,21.42494010925293,21.45178731207032,21.15645613229854,21.389141562871554,7200
2023-05-10,21.514434814453125,21.514434814453125,21.407040882046946,21.47863626799485,4700
2023-05-11,21.35334587097168,21.496536650254864,21.237002295948635,21.28175048133009,4700
2023-05-12,21.570323944091797,21.570323944091797,21.488272699000564,21.533857690101033,1200
2023-05-15,21.479154586791992,21.597673818616748,21.4426883346925,21.55208882988049,2200
2023-05-16,21.278587341308594,21.333287592728485,21.278587341308594,21.333287592728485,1600
2023-05-17,21.41533851623535,21.41533851623535,21.342404269145888,21.351521267393274,2900
2023-05-18,21.533855438232422,21.533855438232422,21.397102218121383,21.44268720445487,1700
2023-05-19,21.41533851623535,21.552090012166893,21.287704018551196,21.552090012166893,4000
2023-05-22,21.533855438232422,21.55208769387639,21.305935723233258,21.305935723233258,5000
2023-05-23,20.995967864990234,21.470039620475966,20.995967864990234,21.315054121887453,37100
2023-05-24,20.96861457824707,21.22388529476508,20.96861457824707,20.977731575860876,22100
2023-05-25,20.603944778442383,20.995967008221612,20.57659378372885,20.995967008221612,17900
2023-05-26,21.032432556152344,21.05066655201585,21.032432556152344,21.05066655201585,400
2023-05-30,20.868331909179688,20.99596815257652,20.795397658191373,20.795397658191373,3700
2023-05-31,21.114484786987305,21.178302036607228,20.777164542170663,20.786279801639534,16100
2023-06-01,21.15095329284668,21.21477054401271,21.050668047363104,21.05978504594249,7600
2023-06-02,21.561206817626953,21.58855781212455,21.041550094399785,21.041550094399785,5600
2023-06-05,21.561206817626953,21.688843053059475,21.342404078314967,21.42445532291816,9500
2023-06-06,21.67972755432129,21.68884455311771,21.615908562746334,21.63414256033918,5700
2023-06-07,21.597675323486328,21.688843568421696,21.533858073698465,21.61590758136169,8000
2023-06-08,21.60679054260254,21.634139796608256,21.56120555444385,21.634139796608256,3000
2023-06-09,21.63414192199707,21.63414192199707,21.242119679766624,21.552090674140015,5500
2023-06-12,21.3424072265625,21.688846252410702,21.251238970345085,21.688846252410702,6100
2023-06-13,21.61590576171875,21.625022759333778,21.3150517959809,21.3150517959809,2600
2023-06-14,21.515625,21.615908508730605,21.33328850230664,21.615908508730605,3100
2023-06-15,21.524742126464844,21.58855937936919,21.360639625345257,21.360639625345257,3900
2023-06-16,21.424455642700195,21.58855813435598,21.3424043968723,21.533857883433928,25400
2023-06-20,21.488271713256836,21.570322954584082,21.333286228404205,21.333286228404205,1700
2023-06-21,21.488271713256836,21.488271713256836,21.378871217413526,21.470037717653106,3300
2023-06-22,21.05066680908203,21.47003828572671,21.005083557756155,21.47003828572671,26800
2023-06-23,20.96861457824707,21.351519783579338,20.96861457824707,21.19653430192367,8700
2023-06-26,21.214767456054688,21.515621409824334,21.09624823066364,21.09624823066364,11300
2023-06-27,21.187419891357422,21.333288393210267,21.187419891357422,21.333288393210267,5700
2023-06-28,21.251235961914062,21.424455450316348,21.169184716822958,21.205652709703276,5000
2023-06-29,21.33328628540039,21.33328628540039,21.178300800133684,21.178300800133684,6900
2023-06-30,22.17203140258789,22.254082645781004,21.333286713527976,21.333286713527976,48900
2023-07-03,21.916763305664062,22.12644905173859,21.880295312143463,22.017046810066432,7000
2023-07-05,21.843826293945312,21.8894112837077,21.707074802437255,21.8894112837077,3200
2023-07-06,21.734426498413086,21.75266049490708,21.661492251326717,21.75266049490708,5500
2023-07-07,21.880292892456055,21.953227132541997,21.679724166942076,21.697956422796477,5700
2023-07-10,22.06262969970703,22.144680938420404,21.88029322725743,21.88029322725743,10300
2023-07-11,22.327016830444336,22.39995107543056,22.062630844452855,22.062630844452855,9900
2023-07-12,22.354368209838867,22.664339191097334,22.290550961736756,22.354368209838867,14300
2023-07-13,22.61875343322754,22.62787043105999,22.44553569107959,22.44553569107959,6300
2023-07-14,22.354368209838867,22.591404944853554,22.33613421355552,22.591404944853554,7000
2023-07-17,22.41818618774414,22.491120436362227,22.336134940687586,22.35436893756452,2700
2023-07-18,22.472885131835938,22.545819376210137,22.42730188118564,22.445535877001582,10400
2023-07-19,22.454654693603516,22.56405694694264,22.41818843508369,22.472888692308338,4800
2023-07-20,22.509353637695312,22.54581989127071,22.372602143730788,22.372602143730788,4400
2023-07-21,22.509353637695312,22.60963713919485,22.463768647114076,22.482002643346572,11700
2023-07-24,22.427303314208984,22.591405809258873,22.418186315718472,22.50935456173393,7400
2023-07-25,22.026165008544922,22.45465352242038,22.026165008544922,22.336136014800267,8100
2023-07-26,22.290552139282227,22.445537638098898,22.089981647349074,22.272318142035633,7100
2023-07-27,22.071748733520508,22.31790249176321,22.062633473339464,22.299668493621578,8800
2023-07-28,21.916763305664062,22.28143454642186,21.798244065611755,22.26320054966156,16500
2023-07-31,22.48200225830078,22.554936503092033,22.026162793633063,22.026162793633063,32900
2023-08-01,22.399951934814453,22.500237177601587,22.336134685364325,22.336134685364325,2400
2023-08-02,22.409069061279297,22.427303058052058,22.089981073314544,22.372602806623416,8700
2023-08-03,22.272315979003906,22.372601215231033,22.254081983528152,22.372601215231033,7400
2023-08-04,22.354368209838867,22.51847069860977,22.32701721541385,22.32701721541385,5400
2023-08-07,22.445533752441406,22.445533752441406,22.28143128341003,22.42729975835139,4400
2023-08-08,22.30878448486328,22.463769984285925,22.244967233140375,22.427303728539844,6600
2023-08-09,22.372602462768555,22.436419711602742,22.336134469783527,22.40906871686397,4900
2023-08-10,22.445533752441406,22.509350992867077,22.19938004889434,22.19938004889434,3700
2023-08-11,22.427303314208984,22.44553731119001,22.30878407272199,22.44553731119001,2700
2023-08-14,22.555395126342773,22.67606284445997,22.546114628406063,22.583241931387892,4400
2023-08-15,22.434728622436523,22.546114069443885,22.425446354318275,22.546114069443885,3100
2023-08-16,22.276931762695312,22.453291301531863,22.239802693293313,22.434726766830863,5500
2023-08-17,22.37903594970703,22.37903594970703,22.16554733177076,22.23052320617579,2000
2023-08-18,22.25836753845215,22.369752977800268,22.239803003492213,22.369752977800268,3400
2023-08-21,22.25836753845215,22.32334164040043,22.25836753845215,22.32334164040043,5800
2023-08-22,22.304780960083008,22.65749830522336,22.230524583716004,22.360472799755343,6100
2023-08-23,22.462575912475586,22.52755002029657,22.369754999697754,22.369754999697754,1600
2023-08-24,22.388315200805664,22.388315200805664,22.211955677721228,22.323339335155694,3300
2023-08-25,22.249086380004883,22.249086380004883,22.2026768107032,22.2026768107032,3100
2023-08-28,22.360471725463867,22.360471725463867,21.979907593565425,22.174829908259543,4200
2023-08-29,22.527549743652344,22.527549743652344,22.369754724991292,22.369754724991292,2000
2023-08-30,22.369752883911133,22.47185428493925,22.32334154670609,22.47185428493925,2900
2023-08-31,22.34190559387207,22.555392429120463,22.258366959138097,22.323341059395307,11000
2023-09-01,22.267650604248047,22.694626071576558,22.2583683364353,22.43472788405435,1800
2023-09-05,22.434728622436523,22.527549533207388,22.258369069013046,22.258369069013046,7500
2023-09-06,22.193395614624023,22.434729281553842,22.146986043080922,22.434729281553842,9000
2023-09-07,22.146982192993164,22.304777187384573,22.109853125883955,22.109853125883955,6900
2023-09-08,22.13770294189453,22.146985209936297,22.13770294189453,22.13770294189453,2200
2023-09-11,22.156267166137695,22.249086304425763,22.109855826582084,22.146984898226574,5000
2023-09-12,22.128419876098633,22.156266679220025,22.109855340684373,22.156266679220025,2900
2023-09-13,22.054162979125977,22.14698388357308,22.04488071164012,22.09129027865792,5000
2023-09-14,22.035598754882812,22.119137393022047,22.035598754882812,22.119137393022047,4400
2023-09-15,21.979907989501953,22.109856201638863,21.952061185296213,22.109856201638863,8800
2023-09-18,21.95206069946289,22.072728411272266,21.859239791242963,22.035599339819665,3700
2023-09-19,21.859237670898438,21.989187637965824,21.840674907384297,21.849957174347065,14600
2023-09-20,22.07272720336914,22.26764950659369,21.877803129733124,21.877803129733124,47700
2023-09-21,21.859237670898438,22.07272627021936,21.75713627513076,21.961340837077515,27000
2023-09-22,21.92421531677246,21.989189420367133,21.775700803741234,21.896368513626943,27400
2023-09-25,21.979907989501953,22.017035291364667,21.812830705090718,21.896369347296336,13300
2023-09-26,21.617908477783203,22.017035383940744,21.617908477783203,21.99847261813714,14900
2023-09-27,21.673601150512695,21.729292990891032,21.60862704166935,21.729292990891032,6200
2023-09-28,21.664318084716797,21.812830833867647,21.664318084716797,21.673600352840175,11000
2023-09-29,21.673601150512695,21.85924120857772,21.460114287052654,21.747857527821044,138000
2023-10-02,21.74785614013672,21.775701173343315,21.534369290298823,21.580778859250863,35600
2023-10-03,21.460111618041992,21.784982121854316,21.432264816110308,21.617906621498605,7800
2023-10-04,21.73857307434082,21.73857307434082,21.469392627146966,21.469392627146966,2800
2023-10-05,21.469392776489258,21.627187784808093,21.469392776489258,21.58077821723671,6400
2023-10-06,21.608623504638672,21.608623504638672,21.404417172657684,21.44154624044019,2700
2023-10-09,21.580778121948242,21.590060389503837,21.450829916992927,21.450829916992927,3500
2023-10-10,21.54364776611328,21.812828197927736,21.54364776611328,21.720007298322358,6900
2023-10-11,21.52508544921875,21.692162717893407,21.49723864763583,21.692162717893407,4700
2023-10-12,21.52508544921875,21.56221274758454,21.441546814881423,21.53436771641306,6100
2023-10-13,21.200214385986328,21.571496242838403,21.163085315095348,21.56221397511566,10100
2023-10-16,21.209497451782227,21.339445663967272,21.163086111422132,21.25590702173071,2800
2023-10-17,20.98672866821289,21.25590736500209,20.98672866821289,21.209497794304117,7800
2023-10-18,20.745393753051758,20.97744513335343,20.745393753051758,20.97744513335343,6900
2023-10-19,20.884624481201172,20.93103404966144,20.698982666536985,20.847495410103715,15200
2023-10-20,20.48549461364746,20.801084617761145,20.48549461364746,20.75467505203149,24700
2023-10-23,20.34626579284668,20.606163985038304,20.216317581956663,20.485496271716208,16900
2023-10-24,20.82893180847168,21.03313638007214,20.661854536066087,20.661854536066087,3500
2023-10-25,20.85677719116211,21.04241900149414,20.661854883683837,20.773238553553846,16300
2023-10-26,21.144521713256836,21.274469915409416,20.63400763117897,20.63400763117897,2600
2023-10-27,20.847496032714844,20.884625104921163,20.79180419481697,20.79180419481697,1000
2023-10-30,20.949596405029297,21.023852769084954,20.624724148381524,21.023852769084954,4600
2023-10-31,20.70826530456543,21.107393973941576,20.68042027115603,20.977445763600166,23000
2023-11-01,21.172367095947266,21.29303480315658,20.782520712614442,20.782520712614442,15300
2023-11-02,21.59934425354004,21.682882897303514,21.460113770738133,21.460113770738133,6800
2023-11-03,21.95206069946289,21.989189770915488,21.692164280940982,21.692164280940982,6900
2023-11-06,21.794265747070312,21.905651191325525,21.794265747070312,21.85923985188103,5000
2023-11-07,21.914934158325195,21.952061460653617,21.75713914000323,21.766421408188243,2900
2023-11-08,22.156267166137695,22.156267166137695,21.961343080827284,21.961343080827284,4300
2023-11-09,21.822113037109375,22.156267606911086,21.812830769013594,22.044882160173312,9100
2023-11-10,21.979907989501953,22.017035291364667,21.859240275022014,21.859240275022014,3100
2023-11-13,22.128419876098633,22.128419876098633,21.775700784873834,21.85923942382647,7300
2023-11-14,22.45747947692871,22.45747947692871,22.14543878160169,22.334555119668337,41100
2023-11-15,22.400747299194336,22.400747299194336,22.18326294991397,22.315645119812284,11500
2023-11-16,22.35346794128418,22.372379938025897,22.287277756235444,22.315645751348022,5000
2023-11-17,22.400747299194336,22.476393480473135,22.315645119812284,22.315645119812284,3500
2023-11-20,22.410202026367188,22.410202026367188,22.22108568212177,22.325099851811462,6400
2023-11-21,22.135984420776367,22.410202950890277,22.09816223249522,22.410202950890277,16600
2023-11-22,21.92795753479004,22.287276433826214,21.92795753479004,22.249454246134224,10200
2023-11-24,21.984691619873047,22.135983977059368,21.890133445744805,21.890133445744805,5400
2023-11-27,21.92795753479004,21.984691718101608,21.880677545741086,21.93741353259983,18300
2023-11-28,21.909046173095703,22.202174899492025,21.852311988142564,21.927958169262492,30900
2023-11-29,22.135984420776367,22.29673277895244,21.984692060557382,22.041426244752703,30500
2023-11-30,22.249454498291016,22.268364690577737,22.088706140797136,22.088706140797136,9700
2023-12-01,22.277822494506836,22.485850858449883,22.221088305952975,22.306190490557434,9700
2023-12-04,22.315645217895508,22.39129139950679,22.24945503442904,22.39129139950679,9500
2023-12-05,22.44802474975586,22.44802474975586,22.400746564337783,22.438568751962812,1700
2023-12-06,22.410202026367188,22.504758394942773,22.391290031233222,22.495304200922913,6700
2023-12-07,22.47639274597168,22.50475893580724,22.41020256495915,22.43856875479471,3200
2023-12-08,22.315645217895508,22.49530557555252,22.268365227171437,22.49530557555252,5800
2023-12-11,22.296733856201172,22.381836038379394,22.221087672436894,22.381836038379394,25100
2023-12-12,22.45747947692871,22.533125651445957,22.31564312515226,22.31564312515226,8500
2023-12-13,22.807344436645508,22.807344436645508,22.52366992612068,22.589860104179014,6600
2023-12-14,22.86408042907715,23.07210697710834,22.86408042907715,23.005916793805106,4300
2023-12-15,22.939725875854492,22.987004061400643,22.807345513487522,22.987004061400643,2800
2023-12-18,22.703332901000977,22.977549642395317,22.674964905595782,22.930271453600625,7600
2023-12-19,22.87353515625,22.96809332866367,22.722242801806978,22.722242801806978,7400
2023-12-20,23.06264877319336,23.072104770410448,22.788432068085992,22.9870025990037,18500
2023-12-21,22.968093872070312,23.043740051081553,22.835711706140266,23.043740051081553,3800
2023-12-22,22.920814514160156,23.01537269141492,22.864080329226184,23.01537269141492,8700
2023-12-26,23.176122665405273,23.176122665405273,22.949184106320754,22.949184106320754,9100
2023-12-27,23.32741355895996,23.346325555237982,23.166665197691234,23.166665197691234,9300
2023-12-28,23.403059005737305,23.403059005737305,23.261222645199847,23.346324822231757,7100
2023-12-29,23.639453887939453,23.658365883901133,23.308501172798863,23.412515347040898,67100
2024-01-02,23.648908615112305,23.648908615112305,23.45033627527964,23.516528257588597,11100
2024-01-03,23.620542526245117,23.67727851565365,23.47870615981828,23.620542526245117,15700
2024-01-04,23.582719802856445,23.7245561660716,23.55435180879453,23.55435180879453,6900
2024-01-05,23.639453887939453,23.677277879862814,23.44088334098342,23.544895711678254,4800
2024-01-08,23.74346923828125,23.762379431632418,23.573264873289695,23.639455058887012,5200
2024-01-09,23.544897079467773,23.734013442976472,23.544897079467773,23.734013442976472,2100
2024-01-10,23.57326316833496,23.639453349145022,23.57326316833496,23.629997351379703,3700
2024-01-11,23.639453887939453,23.639453887939453,23.507073523302097,23.544895711678254,2800
2024-01-12,23.78129005432129,23.87584822980222,23.639453692873484,23.639453692873484,13300
2024-01-16,23.734010696411133,23.92312523448767,23.677276515342882,23.92312523448767,13800
2024-01-17,23.65836524963379,23.781289612994772,23.64890925190646,23.686731439268627,3100
2024-01-18,23.648908615112305,23.771832975163306,23.573262438877745,23.667820610057724,7100
2024-01-19,23.715099334716797,23.75292332547024,23.63945315675706,23.66782114982214,5600
2024-01-22,23.923126220703125,23.989318205483087,23.762377864760417,23.885304032947463,9900
2024-01-23,23.856935501098633,23.885303493935588,23.677276957105974,23.885303493935588,2900
2024-01-24,23.75292205810547,23.87584641440109,23.648907892630447,23.828568232029017,5900
2024-01-25,23.970407485961914,23.979863484291037,23.667822753618992,23.667822753618992,7000
2024-01-26,24.017683029174805,24.017683029174805,23.970404846282836,23.970404846282836,1600
2024-01-29,23.970407485961914,23.970407485961914,23.904217301205307,23.92312749431629,4600
2024-01-30,24.083873748779297,24.083873748779297,23.923125398362203,23.93258139586287,8500
2024-01-31,23.497617721557617,23.923126812965773,23.34632535969509,23.923126812965773,41400
2024-02-01,23.57326316833496,23.80020170406109,23.554351172804324,23.611085355849067,6400
2024-02-02,23.639453887939453,23.658365883901133,23.544895711678254,23.544895711678254,3700
2024-02-05,23.544897079467773,23.724557444446308,23.544897079467773,23.71510144591614,2800
2024-02-06,23.667821884155273,23.667821884155273,23.525983717976253,23.525983717976253,3200
2024-02-07,23.686731338500977,23.743467324623595,23.62999715592551,23.743467324623595,5300
2024-02-08,23.72455596923828,23.771834155402015,23.620541795421435,23.771834155402015,10800
2024-02-09,23.715099334716797,23.724555332405156,23.686731341651715,23.705643337028434,2500
2024-02-12,23.69618797302246,23.85693633092902,23.69618797302246,23.705643970963695,6600
2024-02-13,23.60163116455078,23.677279152463413,23.592176969609003,23.658367155485255,4000
2024-02-14,23.715200424194336,23.86919508909732,23.5997053433977,23.801822652672417,13100
2024-02-15,23.849946975708008,23.859571871671196,23.67670251989299,23.77294964376369,8200
2024-02-16,23.734451293945312,23.849948215747464,23.734451293945312,23.849948215747464,4400
2024-02-20,23.878820419311523,23.97506754556625,23.859572462669576,23.859572462669576,3100
2024-02-21,24.04244041442871,24.061690207177158,23.907695536712126,23.907695536712126,7800
2024-02-22,24.061691284179688,24.090565974594792,23.869197019601707,24.090565974594792,3300
2024-02-23,24.032814025878906,24.052063817432153,23.946191799650464,23.946191799650464,8300
2024-02-26,23.965442657470703,24.042439991348278,23.965442657470703,24.032815095143427,3600
2024-02-27,23.859573364257812,23.907696011322976,23.82107377799663,23.907696011322976,3700
2024-02-28,23.917320251464844,24.003942482413798,23.801823331612482,23.898070458862573,2500
2024-02-29,23.98469352722168,24.06169086455781,23.955818837310133,23.955818837310133,5200
2024-03-01,24.013566970825195,24.05206471961456,23.917319845209942,24.013566970825195,6400
2024-03-04,23.878820419311523,24.042439983216187,23.878820419311523,24.042439983216187,5400
2024-03-05,23.907695770263672,23.96544331331187,23.907695770263672,23.946193520375374,5100
2024-03-06,23.936569213867188,23.965442066007924,23.89806962999794,23.936569213867188,3800
2024-03-07,24.013566970825195,24.05206471961456,23.917319845209942,24.02319003120161,5600
2024-03-08,23.95581817626953,24.052065304224172,23.95581817626953,24.01356755449908,6800
2024-03-11,23.975067138671875,24.06168936725489,23.95581734659538,24.06168936725489,1700
2024-03-12,24.148311614990234,24.244558739687832,23.91731961717273,23.965442261640924,9200
2024-03-13,24.234933853149414,24.234933853149414,24.071314291827676,24.071314291827676,6000
2024-03-14,24.013566970825195,24.206059386294474,24.013566970825195,24.061689615752208,3500
2024-03-15,24.234933853149414,24.234933853149414,24.023189811579392,24.023189811579392,5000
2024-03-18,24.186811447143555,24.186811447143555,24.08094125304041,24.090566149915492,2800
2024-03-19,24.15793800354004,24.24456023754337,24.071315769536707,24.15793800354004,6600
2024-03-20,24.21568489074707,24.331181811538986,24.20605999436764,24.20605999436764,14700
2024-03-21,24.16756248474121,24.215685131355244,24.16756248474121,24.215685131355244,2600
2024-03-22,24.003942489624023,24.138687366357868,24.003942489624023,24.138687366357868,5700
2024-03-25,23.917320251464844,24.138687359107166,23.917320251464844,24.06169002445935,5800
2024-03-26,23.811447143554688,24.05206403284173,23.772949395864572,24.003941389288794,5300
2024-03-27,24.04244041442871,24.061690207177158,23.86919595121523,23.86919595121523,9700
2024-03-28,24.052064895629883,24.061689791837967,23.830697790127672,24.061689791837967,6600
2024-04-01,23.917320251464844,24.052065128158212,23.917320251464844,23.984692689811528,10500
2024-04-02,23.878820419311523,23.965442649364654,23.830697774064785,23.92694490031951,9000
2024-04-03,23.8980712890625,23.975068626385145,23.878821495791506,23.878821495791506,8000
2024-04-04,23.936569213867188,23.975066961975237,23.936569213867188,23.975066961975237,3400
2024-04-05,23.66707992553711,24.0616915195976,23.66707992553711,23.91732173763229,32000
2024-04-08,23.561206817626953,23.772950868200706,23.561206817626953,23.734451282365008,26800
2024-04-09,23.445711135864258,23.676703137724836,23.436086239649914,23.59970580377131,34300
2024-04-10,23.089597702026367,23.43608662844598,23.089597702026367,23.43608662844598,33800
2024-04-11,22.897104263305664,23.368713150086567,22.897104263305664,23.368713150086567,23800
2024-04-12,22.993350982666016,23.27246747518899,22.9163536460668,22.925978542611865,10300
2024-04-15,22.75273323059082,22.906727898065178,22.733485273977454,22.858605252889905,8500
2024-04-16,22.83935546875,22.964477283468806,22.83935546875,22.83935546875,8400
2024-04-17,23.041475296020508,23.108847735579424,22.897105520428358,22.935603270564325,8400
2024-04-18,22.93560218811035,23.089596852908983,22.8971044397913,23.079971956888915,15200
2024-04-19,23.05109977722168,23.10884731926594,22.97410244257558,22.97410244257558,4000
2024-04-22,23.224342346191406,23.282091723854787,23.14734501173482,23.195469493120974,17900
2024-04-23,23.387962341308594,23.41683703067107,23.185845023055133,23.21471971241761,10000
2024-04-24,23.224342346191406,23.3879619113818,23.214719285675432,23.3879619113818,3200
2024-04-25,23.233966827392578,23.233966827392578,23.041474412570636,23.12809664175694,5900
2024-04-26,23.166595458984375,23.339839925347942,23.147345665885908,23.147345665885908,6400
2024-04-29,23.28209114074707,23.339838681202885,23.19546891218274,23.19546891218274,6800
2024-04-30,23.27246856689453,23.407213453323678,23.147346741700552,23.282093463891098,19400
2024-05-01,23.233966827392578,23.474583722740924,23.21471887094324,23.21471887094324,5400
2024-05-02,23.493833541870117,23.493833541870117,23.24359175012977,23.310964187182705,3900
2024-05-03,23.580455780029297,23.676702905467376,23.339838884314712,23.339838884314712,4800
2024-05-06,23.618955612182617,23.72482579908958,23.541956442415742,23.72482579908958,6700
2024-05-07,23.917320251464844,23.984692689811528,23.763325582169205,23.878820666260303,23900
2024-05-08,23.753700256347656,23.91731981898582,23.715200671839273,23.898070026731627,16400
2024-05-09,23.77294921875,23.84994654931776,23.667077200808897,23.724824739794425,9300
2024-05-10,23.811447143554688,23.849946727005978,23.676702272997517,23.849946727005978,6400
2024-05-13,23.8980712890625,23.917321082333494,23.85957353828184,23.85957353828184,3700
2024-05-14,23.98428726196289,24.0528694850147,23.945098221101325,24.01368044415313,5000
2024-05-15,24.043073654174805,24.082262695081734,23.96469183491009,23.98428728972627,10200
2024-05-16,24.05286979675293,24.150845203264794,24.00388302785972,24.150845203264794,7100
2024-05-17,23.807931900024414,24.101858115673426,23.807931900024414,24.082262660885075,14700
2024-05-20,23.876516342163086,23.945098566203317,23.81772997693536,23.81772997693536,5100
2024-05-21,23.79813575744629,23.964691514984022,23.768742575614418,23.89610929276839,15200
2024-05-22,23.75894546508789,23.778540920151144,23.75894546508789,23.768743192619517,2200
2024-05-23,23.514007568359375,23.807931915473695,23.50420984095884,23.739349692395383,13200
2024-05-24,23.66097068786621,23.739350641478637,23.52380623622584,23.641375232281728,3700
2024-05-28,23.592388153076172,23.8569211938258,23.592388153076172,23.749148058248068,10400
2024-05-29,23.494413375854492,23.680566469015332,23.494413375854492,23.631579698106147,4400
2024-05-30,23.504209518432617,23.602184922368107,23.494411791166527,23.504209518432617,9600
2024-05-31,23.817729949951172,23.866718587585442,23.46502110261167,23.562994640429313,81500
2024-06-03,23.905908584594727,23.905908584594727,23.72955321951253,23.798137314942124,6700
2024-06-04,23.99408531188965,24.06266753586334,23.905907632859055,23.905907632859055,10500
2024-06-05,24.141048431396484,24.15084615930807,24.003883978085305,24.003883978085305,6700
2024-06-06,24.013681411743164,24.141048135582054,23.94509918592795,24.062668181975315,11300
2024-06-07,23.85692024230957,23.905907009949935,23.611982666656957,23.611982666656957,8000
2024-06-10,23.847124099731445,23.85692182765568,23.847124099731445,23.847124099731445,3300
2024-06-11,23.964693069458008,23.964693069458008,23.768744117378144,23.788339573203785,8500
2024-06-12,24.072465896606445,24.219428075948052,24.013681398614903,24.013681398614903,11900
2024-06-13,24.013681411743164,24.199834502331232,23.94509918592795,24.199834502331232,5600
2024-06-14,23.954896926879883,23.994085969342034,23.86671924543317,23.935301471286056,3900
2024-06-17,23.866718292236328,24.19983354912529,23.856920564830723,24.0528695067666,13300
2024-06-18,24.160642623901367,24.18023807869993,24.0528694912347,24.0528694912347,8100
2024-06-20,24.013681411743164,24.160643591165115,24.013681411743164,24.160643591165115,4500
2024-06-21,24.05286979675293,24.150845203264794,24.01368075538345,24.150845203264794,2100
2024-06-24,24.131250381469727,24.15084583703141,24.052870427948477,24.052870427948477,5000
2024-06-25,24.15084457397461,24.199833210316786,24.141046846706175,24.180237755779917,6500
2024-06-26,24.15084457397461,24.19003548304835,24.15084457397461,24.19003548304835,2100
2024-06-27,24.160642623901367,24.19003580609921,24.160642623901367,24.19003580609921,7400
2024-06-28,23.954896926879883,24.160643604438548,23.954896926879883,24.160643604438548,6400
2024-07-01,23.974489212036133,24.003882393830946,23.896109262642028,24.003882393830946,7300
2024-07-02,23.964693069458008,24.19983480191468,23.876517255693656,23.876517255693656,5800
2024-07-03,24.180238723754883,24.180238723754883,24.00388336331405,24.00388336331405,5000
2024-07-05,24.229225158691406,24.297807382643292,24.199833844840853,24.199833844840853,4300
2024-07-08,24.229225158691406,24.248820613742073,24.141047479688854,24.141047479688854,6000
2024-07-09,24.248821258544922,24.248821258544922,24.18023903276936,24.18023903276936,4000
2024-07-10,24.3467960357666,24.35659376329817,24.199833860243956,24.199833860243956,5300
2024-07-11,24.55254364013672,24.581936823847634,24.376188275322264,24.376188275322264,6700
2024-07-12,24.503555297851562,24.58193524732839,24.493757570576282,24.503555297851562,3300
2024-07-15,24.55254364013672,24.640721322543946,24.434974642744095,24.493759141440407,3200
2024-07-16,24.64072036743164,24.64072036743164,24.591733598537772,24.6113290535855,1800
2024-07-17,24.5721378326416,24.58193556004152,24.542744650441847,24.542744650441847,8900
2024-07-18,24.64072036743164,24.64072036743164,24.581935871013908,24.581935871013908,2200
2024-07-19,24.621124267578125,24.660315176647202,24.54274431816537,24.572137499967177,2500
2024-07-22,24.660316467285156,24.719100965239956,24.562341058210155,24.709303237459906,3900
2024-07-23,24.621124267578125,24.621124267578125,24.552542045432638,24.601530681768985,800
2024-07-24,24.376188278198242,24.5623413709383,24.376188278198242,24.5623413709383,7300
2024-07-25,24.493759155273438,24.51335461109178,24.385986016998068,24.385986016998068,2900
2024-07-26,24.64072036743164,24.679911277527097,24.64072036743164,24.679911277527097,1600
2024-07-29,21.152809143066406,24.49375751918524,20.711920760230914,24.49375751918524,244600
2024-07-30,18.79161262512207,20.93726648487283,18.213559750263528,20.790302432597347,326400
2024-07-31,19.83994483947754,20.437593158560137,18.625054614294864,18.625054614294864,210900
2024-08-01,20.310224533081055,20.574757579019717,19.83994480834044,19.83994480834044,62700
2024-08-02,20.192655563354492,20.45718674092261,19.898729333453065,20.11427560912588,28700
2024-08-05,19.595006942749023,19.71257780664473,18.615256595611573,19.58520921503059,90700
2024-08-06,19.986906051635742,20.18285686211984,19.497030894150917,19.692981704635017,43100
2024-08-07,20.29062843322754,20.29062843322754,19.683184275236062,20.24164166422758,64500
2024-08-08,20.378807067871094,20.378807067871094,19.839945108705123,20.290629384556585,31700
2024-08-09,20.378807067871094,20.378807067871094,20.173060385954262,20.369011208592184,22300
2024-08-12,20.280832290649414,20.349414513779973,19.9379193062712,20.320021331555978,17400
2024-08-13,20.966657638549805,20.966657638549805,19.967311808161245,20.182858086514976,28300
2024-08-14,21.191999435424805,21.47612793642241,20.947061845761556,21.025441799704776,36500
2024-08-15,21.260000228881836,21.700000762939453,20.90999984741211,21.329999923706055,36100
2024-08-16,21.100000381469727,21.5,20.93000030517578,21.5,29100
2024-08-19,20.81999969482422,21.149999618530273,20.75,21.149999618530273,24300
2024-08-20,20.969999313354492,21.139999389648438,20.850000381469727,20.850000381469727,35700
2024-08-21,21.040000915527344,21.290000915527344,20.84000015258789,20.850000381469727,6400
2024-08-22,21.25,21.360000610351562,20.940000534057617,21.299999237060547,41400
2024-08-23,21.25,21.280000686645508,21.040000915527344,21.260000228881836,27700
2024-08-26,21.15999984741211,21.299999237060547,21.010000228881836,21.299999237060547,10500
2024-08-27,20.93000030517578,21.25,20.84000015258789,21.25,23000
2024-08-28,20.90999984741211,21.09000015258789,20.8700008392334,21.0,12900
2024-08-29,20.979999542236328,21.020000457763672,20.920000076293945,21.0,26100
2024-08-30,20.549999237060547,20.979999542236328,20.309999465942383,20.979999542236328,67700
2024-09-03,19.649999618530273,20.709999084472656,19.170000076293945,20.670000076293945,104700
2024-09-04,19.829999923706055,19.850000381469727,19.360000610351562,19.809999465942383,39600
2024-09-05,19.8700008392334,19.959999084472656,19.649999618530273,19.780000686645508,26500
2024-09-06,19.84000015258789,19.8700008392334,19.600000381469727,19.8700008392334,28200
2024-09-09,20.079999923706055,20.290000915527344,19.829999923706055,19.829999923706055,24800
2024-09-10,20.280000686645508,20.420000076293945,20.100000381469727,20.100000381469727,20200
2024-09-11,19.940000534057617,20.280000686645508,19.8700008392334,20.280000686645508,23100
2024-09-12,20.030000686645508,20.31999969482422,19.920000076293945,20.25,14600
2024-09-13,20.010000228881836,20.219999313354492,19.899999618530273,20.219999313354492,19600
2024-09-16,19.799999237060547,20.31999969482422,19.690000534057617,20.020000457763672,44800
2024-09-17,20.31999969482422,20.31999969482422,19.979999542236328,19.979999542236328,25100
2024-09-18,20.149999618530273,20.3799991607666,20.06999969482422,20.3799991607666,8400
2024-09-19,20.219999313354492,20.290000915527344,20.020000457763672,20.149999618530273,18600
2024-09-20,20.360000610351562,20.670000076293945,20.18000030517578,20.200000762939453,13300
2024-09-23,20.559999465942383,20.65999984741211,20.34000015258789,20.34000015258789,20500
2024-09-24,20.709999084472656,20.739999771118164,20.3700008392334,20.59000015258789,11100
2024-09-25,20.639999389648438,20.709999084472656,20.440000534057617,20.6299991607666,8600
2024-09-26,20.420000076293945,20.469999313354492,20.34000015258789,20.440000534057617,12800
2024-09-27,20.59000015258789,20.700000762939453,20.420000076293945,20.700000762939453,4700
2024-09-30,20.6200008392334,20.700000762939453,20.34000015258789,20.440000534057617,10000
2024-10-01,20.670000076293945,20.700000762939453,20.489999771118164,20.700000762939453,15700
2024-10-02,20.75,20.809999465942383,20.579999923706055,20.670000076293945,17200
2024-10-03,20.760000228881836,20.809999465942383,20.649999618530273,20.809999465942383,10500
2024-10-04,20.75,20.790000915527344,20.549999237060547,20.729999542236328,16300
2024-10-07,20.399999618530273,20.610000610351562,20.3700008392334,20.59000015258789,16100
2024-10-08,20.5,20.6200008392334,20.200000762939453,20.6200008392334,16200
2024-10-09,20.479999542236328,20.540000915527344,20.299999237060547,20.299999237060547,13900
2024-10-10,20.610000610351562,20.729999542236328,20.40999984741211,20.40999984741211,23800
2024-10-11,20.729999542236328,20.850000381469727,20.559999465942383,20.559999465942383,20000
2024-10-14,20.450000762939453,20.709999084472656,20.31999969482422,20.579999923706055,20000
2024-10-15,20.649999618530273,20.649999618530273,20.43000030517578,20.520000457763672,6000
2024-10-16,20.479999542236328,20.5,20.329999923706055,20.329999923706055,13100
2024-10-17,20.420000076293945,20.5,20.350000381469727,20.420000076293945,25500
2024-10-18,20.600000381469727,20.760000228881836,20.459999084472656,20.5,15100
2024-10-21,20.670000076293945,20.790000915527344,20.450000762939453,20.68000030517578,30700
2024-10-22,20.649999618530273,20.920000076293945,20.5,20.600000381469727,20500
2024-10-23,20.440000534057617,20.6299991607666,20.3799991607666,20.59000015258789,11500
2024-10-24,20.690000534057617,20.739999771118164,20.5,20.520000457763672,15100
2024-10-25,20.59000015258789,20.719999313354492,20.59000015258789,20.700000762939453,11900
2024-10-28,20.6200008392334,20.649999618530273,20.43000030517578,20.59000015258789,25800
2024-10-29,20.59000015258789,20.719999313354492,20.59000015258789,20.639999389648438,6300
2024-10-30,21.299999237060547,21.299999237060547,20.649999618530273,20.649999618530273,43500
2024-10-31,21.040000915527344,21.280000686645508,21.0,21.100000381469727,24000
2024-11-01,20.739999771118164,21.170000076293945,20.68000030517578,21.040000915527344,10900
2024-11-04,20.81999969482422,20.950000762939453,20.700000762939453,20.700000762939453,9300
2024-11-05,21.06999969482422,21.100000381469727,20.68000030517578,20.889999389648438,19700
2024-11-06,21.0,21.139999389648438,20.950000762939453,20.950000762939453,14000
2024-11-07,21.010000228881836,21.170000076293945,20.8700008392334,21.0,36400
2024-11-08,21.18000030517578,21.18000030517578,21.0,21.0,13200
2024-11-11,21.030000686645508,21.25,20.979999542236328,21.219999313354492,37900
2024-11-12,20.979999542236328,21.149999618530273,20.90999984741211,21.100000381469727,25300
2024-11-13,20.899999618530273,21.170000076293945,20.899999618530273,21.06999969482422,28800
2024-11-14,20.829999923706055,21.059999465942383,20.6200008392334,20.90999984741211,12000
2024-11-15,20.229999542236328,20.3799991607666,20.139999389648438,20.3799991607666,9500
2024-11-18,19.889999389648438,20.309999465942383,19.850000381469727,20.149999618530273,17100
2024-11-19,19.920000076293945,19.989999771118164,19.8700008392334,19.920000076293945,21900
2024-11-20,19.8700008392334,19.959999084472656,19.6299991607666,19.959999084472656,28900
2024-11-21,20.0,20.0,19.440000534057617,19.829999923706055,68900
2024-11-22,19.8799991607666,20.139999389648438,19.690000534057617,20.139999389648438,6900
2024-11-25,20.34000015258789,20.520000457763672,20.079999923706055,20.170000076293945,18200
2024-11-26,19.93000030517578,20.350000381469727,19.93000030517578,20.030000686645508,12200
2024-11-27,20.040000915527344,20.100000381469727,19.899999618530273,20.079999923706055,5700
2024-11-29,20.229999542236328,20.239999771118164,19.969999313354492,20.049999237060547,12100
2024-12-02,20.420000076293945,20.520000457763672,20.270000457763672,20.399999618530273,9200
2024-12-03,20.520000457763672,20.540000915527344,20.209999084472656,20.459999084472656,23100
2024-12-04,20.350000381469727,20.559999465942383,20.229999542236328,20.559999465942383,18200
2024-12-05,20.450000762939453,20.600000381469727,20.229999542236328,20.399999618530273,24400
2024-12-06,20.25,20.399999618530273,20.059999465942383,20.350000381469727,29400
2024-12-09,20.34000015258789,20.479999542236328,20.15999984741211,20.270000457763672,29700
2024-12-10,20.170000076293945,20.350000381469727,20.15999984741211,20.350000381469727,9900
2024-12-11,20.040000915527344,20.219999313354492,20.040000915527344,20.18000030517578,19500
2024-12-12,20.18000030517578,20.18000030517578,19.989999771118164,20.139999389648438,15300
2024-12-13,19.969999313354492,20.18000030517578,19.969999313354492,20.18000030517578,13200
2024-12-16,20.020000457763672,20.399999618530273,19.969999313354492,19.969999313354492,22000
2024-12-17,20.479999542236328,20.610000610351562,20.010000228881836,20.010000228881836,80100
2024-12-18,20.200000762939453,20.510000228881836,20.06999969482422,20.139999389648438,11100
2024-12-19,20.059999465942383,20.459999084472656,20.010000228881836,20.100000381469727,11500
2024-12-20,20.25,20.399999618530273,20.059999465942383,20.209999084472656,4500
2024-12-23,19.959999084472656,20.200000762939453,19.950000762939453,20.170000076293945,24700
2024-12-24,19.760000228881836,20.049999237060547,19.700000762939453,20.049999237060547,12400
2024-12-26,19.649999618530273,19.780000686645508,19.6200008392334,19.75,10700
2024-12-27,19.809999465942383,19.809999465942383,19.600000381469727,19.75,16900
2024-12-30,19.700000762939453,19.81999969482422,19.450000762939453,19.809999465942383,51300
2024-12-31,20.469999313354492,20.65999984741211,19.459999084472656,19.600000381469727,121600
2025-01-02,20.489999771118164,20.489999771118164,20.200000762939453,20.469999313354492,7400
2025-01-03,20.690000534057617,20.690000534057617,20.3700008392334,20.3700008392334,10400
