Date,Adj Close,Close,High,Low,Open,Volume
1986-04-17,8.506178855895996,64.5,65.25,63.75,63.75,598150
1986-04-18,8.506178855895996,64.5,65.25,63.75,64.5,232950
1986-04-21,8.407268524169922,63.75,64.5,63.0,64.5,130933
1986-04-22,8.407268524169922,63.75,64.5,63.0,63.75,144217
1986-04-23,8.506178855895996,64.5,64.5,63.75,63.75,97900
1986-04-24,8.407268524169922,63.75,64.5,63.0,64.5,97833
1986-04-25,8.407268524169922,63.75,63.75,63.0,63.75,171667
1986-04-28,8.407268524169922,63.75,63.75,63.0,63.75,119583
1986-04-29,8.506178855895996,64.5,64.5,63.75,63.75,90500
1986-04-30,8.605086326599121,65.25,65.25,63.75,64.5,92733
1986-05-01,8.703994750976562,66.0,66.0,64.5,65.25,112867
1986-05-02,8.703994750976562,66.0,66.0,65.25,66.0,115683
1986-05-05,8.901809692382812,67.5,67.5,66.0,66.0,101550
1986-05-06,9.099624633789062,69.0,70.5,63.0,67.5,170200
1986-05-07,9.000720024108887,68.25,69.0,66.0,69.0,99983
1986-05-08,8.901809692382812,67.5,68.25,66.0,68.25,76717
1986-05-09,8.901809692382812,67.5,67.5,66.75,67.5,63883
1986-05-12,8.901809692382812,67.5,67.5,66.75,67.5,78783
1986-05-13,8.703994750976562,66.0,67.5,63.75,67.5,129267
1986-05-14,8.506178855895996,64.5,65.25,63.0,65.25,74617
1986-05-15,8.506178855895996,64.5,65.25,64.5,64.5,47517
1986-05-16,8.605086326599121,65.25,65.25,63.75,64.5,58967
1986-05-19,8.605086326599121,65.25,66.0,64.5,65.25,42833
1986-05-20,8.605086326599121,65.25,66.0,64.5,65.25,61033
1986-05-21,8.506178855895996,64.5,65.25,63.75,65.25,67300
1986-05-22,8.308356285095215,63.0,64.5,62.25,64.5,82550
1986-05-23,8.209443092346191,62.25,63.0,61.5,63.0,66817
1986-05-27,8.308356285095215,63.0,63.0,60.75,62.25,74633
1986-05-28,8.308356285095215,63.0,63.75,63.0,63.0,73967
1986-05-29,8.308356285095215,63.0,63.75,62.25,63.0,42067
1986-05-30,8.407268524169922,63.75,63.75,62.25,63.0,35400
1986-06-02,8.209443092346191,62.25,63.0,60.75,63.0,47850
1986-06-03,8.209443092346191,62.25,62.25,60.75,62.25,41617
1986-06-04,8.011627197265625,60.75,62.25,60.75,62.25,25517
1986-06-05,7.912723541259766,60.0,61.5,60.0,60.75,47417
1986-06-06,7.8138108253479,59.25,60.75,59.25,60.0,60950
1986-06-09,7.714901924133301,58.5,60.0,54.0,59.25,87567
1986-06-10,7.714901924133301,58.5,58.5,57.0,58.5,43483
1986-06-11,7.615991592407227,57.75,58.5,57.0,58.5,34633
1986-06-12,7.8138108253479,59.25,60.0,57.75,57.75,29133
1986-06-13,7.8138108253479,59.25,59.25,58.5,59.25,22317
1986-06-16,7.8138108253479,59.25,60.0,58.5,59.25,23433
1986-06-17,7.714901924133301,58.5,59.25,58.5,59.25,26483
1986-06-18,7.8138108253479,59.25,60.0,58.5,58.5,27483
1986-06-19,7.615991592407227,57.75,59.25,57.75,59.25,21683
1986-06-20,7.615991592407227,57.75,59.25,57.75,57.75,18117
1986-06-23,7.517088413238525,57.0,58.5,57.0,57.75,23867
1986-06-24,7.615991592407227,57.75,57.75,57.0,57.0,36850
1986-06-25,7.319267272949219,55.5,57.0,55.5,57.0,30283
1986-06-26,7.220364093780518,54.75,56.25,54.75,55.5,37017
1986-06-27,7.121453285217285,54.0,54.75,53.25,54.75,65983
1986-06-30,6.824718952178955,51.75,52.5,48.75,52.5,61883
1986-07-01,6.7258100509643555,51.0,51.75,50.25,51.75,52950
1986-07-02,6.5279927253723145,49.5,51.75,49.5,51.0,63250
1986-07-03,6.7258100509643555,51.0,51.75,49.5,49.5,59283
1986-07-07,6.7258100509643555,51.0,51.0,49.5,51.0,30500
1986-07-08,6.824718952178955,51.75,51.75,49.5,51.0,20217
1986-07-09,6.923635005950928,52.5,52.5,51.75,51.75,22750
1986-07-10,6.923635005950928,52.5,52.5,51.0,52.5,29017
1986-07-11,6.7258100509643555,51.0,52.5,51.0,52.5,15800
1986-07-14,6.824718952178955,51.75,52.5,51.0,51.0,15450
1986-07-15,6.7258100509643555,51.0,53.25,51.0,51.75,18517
1986-07-16,6.923635005950928,52.5,52.5,51.0,51.0,22567
1986-07-17,6.923635005950928,52.5,53.25,51.75,52.5,14700
1986-07-18,7.022539138793945,53.25,53.25,51.75,52.5,16233
1986-07-21,7.022539138793945,53.25,53.25,52.5,53.25,9217
1986-07-22,7.121453285217285,54.0,54.0,52.5,53.25,14833
1986-07-23,7.319267272949219,55.5,55.5,53.25,54.0,14783
1986-07-24,6.824718952178955,51.75,55.5,51.0,55.5,25167
1986-07-25,6.62690544128418,50.25,51.0,48.75,51.0,40633
1986-07-28,6.33017635345459,48.0,50.25,48.0,50.25,40233
1986-07-29,6.429086208343506,48.75,51.0,48.0,48.0,43717
1986-07-30,6.62690544128418,50.25,50.25,48.0,48.75,31450
1986-07-31,6.5279927253723145,49.5,50.25,49.5,50.25,15733
1986-08-01,6.62690544128418,50.25,50.25,49.5,49.5,12333
1986-08-04,6.7258100509643555,51.0,51.0,49.5,50.25,10650
1986-08-05,6.62690544128418,50.25,51.0,49.5,51.0,18933
1986-08-06,6.5279927253723145,49.5,51.0,49.5,50.25,9917
1986-08-07,6.62690544128418,50.25,51.0,49.5,49.5,9333
1986-08-08,6.62690544128418,50.25,51.0,50.25,50.25,12950
1986-08-11,6.7258100509643555,51.0,51.75,50.25,50.25,14083
1986-08-12,7.022539138793945,53.25,53.25,51.0,51.0,17083
1986-08-13,6.923635005950928,52.5,53.25,52.5,53.25,9917
1986-08-14,6.923635005950928,52.5,53.25,52.5,52.5,9583
1986-08-15,6.824718952178955,51.75,52.5,51.0,52.5,12117
1986-08-18,6.7258100509643555,51.0,52.5,51.0,51.75,14450
1986-08-19,7.022539138793945,53.25,53.25,51.75,51.75,13167
1986-08-20,7.022539138793945,53.25,53.25,51.75,53.25,14517
1986-08-21,6.824718952178955,51.75,53.25,51.75,53.25,15083
1986-08-22,7.022539138793945,53.25,53.25,51.75,51.75,12517
1986-08-25,7.022539138793945,53.25,53.25,51.75,53.25,8267
1986-08-26,6.923635005950928,52.5,52.5,51.75,52.5,9467
1986-08-27,6.923635005950928,52.5,52.5,51.75,52.5,7700
1986-08-28,6.7258100509643555,51.0,52.5,51.0,52.5,18567
1986-08-29,6.7258100509643555,51.0,51.75,51.0,51.0,8467
1986-09-02,6.824718952178955,51.75,52.5,51.75,51.75,6217
1986-09-03,6.923635005950928,52.5,52.5,51.75,51.75,11550
1986-09-04,6.824718952178955,51.75,53.25,51.75,52.5,13167
1986-09-05,6.923635005950928,52.5,53.25,51.75,51.75,15950
1986-09-08,6.824718952178955,51.75,53.25,51.75,52.5,13733
1986-09-09,6.923635005950928,52.5,53.25,52.5,52.5,14167
1986-09-10,6.923635005950928,52.5,53.25,51.75,52.5,27017
1986-09-11,6.7258100509643555,51.0,52.5,50.25,52.5,38317
1986-09-12,6.5279927253723145,49.5,50.25,48.0,50.25,31233
1986-09-15,6.824718952178955,51.75,52.5,48.75,49.5,22333
1986-09-16,6.7258100509643555,51.0,52.5,50.25,51.75,14683
1986-09-17,6.5279927253723145,49.5,51.0,49.5,51.0,13333
1986-09-18,6.7258100509643555,51.0,51.75,50.25,50.25,14417
1986-09-19,6.62690544128418,50.25,51.0,49.5,51.0,11417
1986-09-22,6.5279927253723145,49.5,51.75,49.5,50.25,16367
1986-09-23,6.7258100509643555,51.0,51.0,49.5,49.5,15483
1986-09-24,6.7258100509643555,51.0,51.0,50.25,51.0,13850
1986-09-25,6.62690544128418,50.25,51.0,49.5,51.0,9217
1986-09-26,6.62690544128418,50.25,50.25,49.5,50.25,12700
1986-09-29,6.5279927253723145,49.5,50.25,49.5,50.25,11983
1986-09-30,6.62690544128418,50.25,50.25,49.5,49.5,24367
1986-10-01,6.5279927253723145,49.5,50.25,48.75,50.25,26250
1986-10-02,6.5279927253723145,49.5,49.5,48.75,49.5,17450
1986-10-03,6.5279927253723145,49.5,50.25,48.75,49.5,17533
1986-10-06,6.5279927253723145,49.5,50.25,48.75,49.5,13150
1986-10-07,6.5279927253723145,49.5,49.5,48.75,49.5,17750
1986-10-08,6.429086208343506,48.75,49.5,48.75,49.5,17667
1986-10-09,6.429086208343506,48.75,49.5,48.75,48.75,15617
1986-10-10,6.429086208343506,48.75,49.5,48.75,48.75,15150
1986-10-13,6.5279927253723145,49.5,49.5,48.75,48.75,7100
1986-10-14,6.429086208343506,48.75,49.5,48.0,49.5,25067
1986-10-15,6.33017635345459,48.0,48.75,48.0,48.75,19217
1986-10-16,6.429086208343506,48.75,48.75,48.0,48.0,50500
1986-10-17,6.429086208343506,48.75,49.5,48.0,48.75,20517
1986-10-20,6.429086208343506,48.75,49.5,48.75,48.75,11583
1986-10-21,6.5279927253723145,49.5,49.5,48.75,48.75,14867
1986-10-22,6.429086208343506,48.75,49.5,48.75,49.5,17350
1986-10-23,6.429086208343506,48.75,49.5,48.75,48.75,19717
1986-10-24,6.429086208343506,48.75,49.5,48.75,48.75,22233
1986-10-27,6.62690544128418,50.25,50.25,49.5,49.5,13550
1986-10-28,6.62690544128418,50.25,51.0,49.5,50.25,20433
1986-10-29,6.62690544128418,50.25,51.0,50.25,50.25,9283
1986-10-30,6.62690544128418,50.25,51.0,50.25,50.25,19517
1986-10-31,6.62690544128418,50.25,51.0,49.5,50.25,15283
1986-11-03,6.7258100509643555,51.0,51.0,50.25,50.25,12483
1986-11-04,6.824718952178955,51.75,51.75,50.25,51.0,21067
1986-11-05,6.824718952178955,51.75,51.75,51.0,51.75,38733
1986-11-06,6.7258100509643555,51.0,51.75,51.0,51.75,18067
1986-11-07,6.7258100509643555,51.0,51.75,50.25,51.0,14650
1986-11-10,6.7258100509643555,51.0,51.75,50.25,51.0,14550
1986-11-11,6.824718952178955,51.75,51.75,50.25,51.0,20333
1986-11-12,6.7258100509643555,51.0,51.75,50.25,51.75,35817
1986-11-13,6.7258100509643555,51.0,51.75,50.25,51.0,20200
1986-11-14,6.7258100509643555,51.0,52.5,50.25,51.0,40583
1986-11-17,6.62690544128418,50.25,51.75,50.25,51.0,21850
1986-11-18,6.824718952178955,51.75,51.75,50.25,50.25,19400
1986-11-19,6.923635005950928,52.5,52.5,51.0,51.75,28250
1986-11-20,6.923635005950928,52.5,52.5,51.75,52.5,38783
1986-11-21,6.923635005950928,52.5,52.5,51.75,52.5,19433
1986-11-24,6.7258100509643555,51.0,52.5,51.0,52.5,34467
1986-11-25,6.923635005950928,52.5,52.5,51.0,51.0,18133
1986-11-26,6.923635005950928,52.5,52.5,51.0,52.5,20650
1986-11-28,7.022539138793945,53.25,53.25,52.5,52.5,13383
1986-12-01,7.022539138793945,53.25,53.25,51.75,53.25,14917
1986-12-02,7.022539138793945,53.25,53.25,52.5,53.25,14017
1986-12-03,7.022539138793945,53.25,53.25,51.75,53.25,17750
1986-12-04,7.022539138793945,53.25,53.25,52.5,53.25,13100
1986-12-05,7.022539138793945,53.25,53.25,52.5,53.25,17450
1986-12-08,6.923635005950928,52.5,54.0,52.5,53.25,15500
1986-12-09,6.923635005950928,52.5,53.25,52.5,52.5,18483
1986-12-10,6.923635005950928,52.5,53.25,52.5,52.5,15350
1986-12-11,6.923635005950928,52.5,54.0,52.5,52.5,14783
1986-12-12,7.121453285217285,54.0,54.0,52.5,52.5,13150
1986-12-15,7.220364093780518,54.75,54.75,53.25,54.0,27183
1986-12-16,7.220364093780518,54.75,54.75,53.25,54.75,31567
1986-12-17,7.220364093780518,54.75,54.75,53.25,54.75,18783
1986-12-18,7.121453285217285,54.0,54.75,53.25,54.75,22950
1986-12-19,7.220364093780518,54.75,54.75,53.25,54.0,12417
1986-12-22,7.220364093780518,54.75,54.75,54.0,54.75,18333
1986-12-23,7.121453285217285,54.0,54.75,54.0,54.75,40100
1986-12-24,6.589000225067139,49.5,50.25,48.75,50.25,38133
1986-12-26,6.489171028137207,48.75,49.5,48.75,49.5,9850
1986-12-29,6.589000225067139,49.5,49.5,48.75,48.75,34850
1986-12-30,6.589000225067139,49.5,49.5,48.75,49.5,28167
1986-12-31,6.489171028137207,48.75,49.5,48.75,49.5,47733
1987-01-02,6.688839435577393,50.25,50.25,48.75,48.75,9617
1987-01-05,6.688839435577393,50.25,51.0,49.5,50.25,17100
1987-01-06,6.688839435577393,50.25,51.0,49.5,50.25,17833
1987-01-07,6.788674831390381,51.0,51.0,50.25,50.25,18300
1987-01-08,6.788674831390381,51.0,51.0,50.25,51.0,19417
1987-01-09,6.688839435577393,50.25,51.0,50.25,51.0,34817
1987-01-12,6.688839435577393,50.25,51.0,50.25,50.25,54500
1987-01-13,6.589000225067139,49.5,51.0,49.5,50.25,22533
1987-01-14,6.688839435577393,50.25,50.25,49.5,49.5,26483
1987-01-15,6.688839435577393,50.25,50.25,49.5,50.25,36533
1987-01-16,6.688839435577393,50.25,50.25,48.75,50.25,34700
1987-01-19,6.688839435577393,50.25,51.0,49.5,50.25,36533
1987-01-20,6.688839435577393,50.25,51.0,49.5,50.25,35667
1987-01-21,6.688839435577393,50.25,50.25,49.5,50.25,27033
1987-01-22,6.788674831390381,51.0,51.0,49.5,50.25,37100
1987-01-23,6.589000225067139,49.5,51.0,49.5,51.0,32700
1987-01-26,6.688839435577393,50.25,51.0,49.5,49.5,16483
1987-01-27,6.688839435577393,50.25,51.0,49.5,50.25,19083
1987-01-28,6.688839435577393,50.25,51.0,50.25,50.25,29383
1987-01-29,6.589000225067139,49.5,50.25,49.5,50.25,23317
1987-01-30,6.688839435577393,50.25,51.0,49.5,49.5,25033
1987-02-02,6.788674831390381,51.0,51.0,50.25,50.25,42083
1987-02-03,6.788674831390381,51.0,51.0,49.5,51.0,41050
1987-02-04,6.8885040283203125,51.75,51.75,50.25,51.0,44400
1987-02-05,6.988332748413086,52.5,52.5,51.0,51.75,35433
1987-02-06,6.988332748413086,52.5,54.0,52.5,52.5,47150
1987-02-09,6.8885040283203125,51.75,54.0,51.75,52.5,42767
1987-02-10,6.988332748413086,52.5,52.5,51.75,51.75,21950
1987-02-11,6.988332748413086,52.5,52.5,51.75,52.5,17400
1987-02-12,6.8885040283203125,51.75,53.25,51.75,52.5,22733
1987-02-13,6.988332748413086,52.5,52.5,51.75,51.75,19417
1987-02-17,6.788674831390381,51.0,52.5,51.0,52.5,25267
1987-02-18,6.8885040283203125,51.75,51.75,51.0,51.0,20300
1987-02-19,6.8885040283203125,51.75,51.75,50.25,51.75,21800
1987-02-20,6.688839435577393,50.25,51.75,50.25,51.75,23583
1987-02-23,6.688839435577393,50.25,51.75,50.25,50.25,21450
1987-02-24,6.788674831390381,51.0,51.0,49.5,50.25,23050
1987-02-25,6.688839435577393,50.25,51.0,49.5,51.0,25267
1987-02-26,6.589000225067139,49.5,51.0,49.5,50.25,19867
1987-02-27,6.688839435577393,50.25,51.0,49.5,49.5,23033
1987-03-02,6.688839435577393,50.25,51.0,49.5,50.25,18050
1987-03-03,6.688839435577393,50.25,51.0,50.25,50.25,16267
1987-03-04,6.8885040283203125,51.75,51.75,50.25,50.25,24450
1987-03-05,6.688839435577393,50.25,51.75,50.25,51.75,20967
1987-03-06,6.688839435577393,50.25,51.0,50.25,50.25,19217
1987-03-09,6.788674831390381,51.0,51.0,50.25,50.25,17200
1987-03-10,6.688839435577393,50.25,51.75,50.25,51.0,19633
1987-03-11,6.688839435577393,50.25,51.0,49.5,50.25,20317
1987-03-12,6.788674831390381,51.0,51.0,50.25,50.25,18867
1987-03-13,6.8885040283203125,51.75,51.75,50.25,51.0,12100
1987-03-16,6.8885040283203125,51.75,51.75,50.25,51.75,16483
1987-03-17,6.788674831390381,51.0,51.75,51.0,51.75,13733
1987-03-18,6.788674831390381,51.0,51.75,51.0,51.0,23850
1987-03-19,6.8885040283203125,51.75,51.75,50.25,51.0,16700
1987-03-20,6.788674831390381,51.0,51.75,50.25,51.75,21700
1987-03-23,6.8885040283203125,51.75,51.75,50.25,51.0,15767
1987-03-24,6.8885040283203125,51.75,51.75,51.0,51.75,17083
1987-03-25,6.8885040283203125,51.75,51.75,51.0,51.75,13150
1987-03-26,6.788674831390381,51.0,51.75,50.25,51.75,23350
1987-03-27,6.788674831390381,51.0,51.0,50.25,51.0,15283
1987-03-30,6.788674831390381,51.0,51.0,50.25,51.0,16767
1987-03-31,6.788674831390381,51.0,51.0,50.25,51.0,18683
1987-04-01,6.788674831390381,51.0,51.0,50.25,51.0,17867
1987-04-02,6.8885040283203125,51.75,51.75,50.25,51.0,25867
1987-04-03,6.988332748413086,52.5,52.5,51.0,51.75,30400
1987-04-06,6.8885040283203125,51.75,52.5,51.0,52.5,14433
1987-04-07,6.788674831390381,51.0,51.75,51.0,51.75,23017
1987-04-08,6.788674831390381,51.0,52.5,51.0,51.0,20583
1987-04-09,6.8885040283203125,51.75,52.5,51.0,51.0,25533
1987-04-10,6.8885040283203125,51.75,52.5,51.75,51.75,21867
1987-04-13,6.988332748413086,52.5,52.5,51.0,51.75,25450
1987-04-14,6.788674831390381,51.0,52.5,51.0,52.5,20633
1987-04-15,6.988332748413086,52.5,52.5,51.0,51.0,20517
1987-04-16,6.8885040283203125,51.75,52.5,51.75,52.5,13667
1987-04-20,6.8885040283203125,51.75,52.5,51.75,51.75,9967
1987-04-21,6.8885040283203125,51.75,51.75,51.0,51.75,12967
1987-04-22,6.788674831390381,51.0,51.75,51.0,51.75,17350
1987-04-23,6.8885040283203125,51.75,51.75,51.0,51.0,13300
1987-04-24,6.788674831390381,51.0,52.5,51.0,51.75,19417
1987-04-27,6.8885040283203125,51.75,51.75,51.0,51.0,14383
1987-04-28,6.988332748413086,52.5,52.5,51.0,51.75,13800
1987-04-29,6.988332748413086,52.5,52.5,51.75,52.5,8650
1987-04-30,6.988332748413086,52.5,52.5,51.75,52.5,15033
1987-05-01,6.988332748413086,52.5,52.5,51.75,52.5,14383
1987-05-04,6.988332748413086,52.5,52.5,51.75,52.5,13600
1987-05-05,6.8885040283203125,51.75,52.5,51.75,52.5,15183
1987-05-06,6.8885040283203125,51.75,52.5,51.75,51.75,13300
1987-05-07,6.8885040283203125,51.75,52.5,51.75,51.75,14950
1987-05-08,7.088167667388916,53.25,53.25,51.75,51.75,8767
1987-05-11,7.088167667388916,53.25,53.25,52.5,53.25,13483
1987-05-12,7.188002109527588,54.0,54.0,52.5,53.25,19267
1987-05-13,7.188002109527588,54.0,54.0,52.5,54.0,20183
1987-05-14,7.188002109527588,54.0,54.0,53.25,54.0,13483
1987-05-15,7.088167667388916,53.25,54.0,53.25,54.0,18883
1987-05-18,7.088167667388916,53.25,53.25,52.5,53.25,15550
1987-05-19,7.088167667388916,53.25,53.25,52.5,53.25,19317
1987-05-20,6.988332748413086,52.5,53.25,51.75,53.25,15117
1987-05-21,6.8885040283203125,51.75,53.25,51.75,52.5,14167
1987-05-22,7.088167667388916,53.25,53.25,51.75,51.75,16600
1987-05-26,7.088167667388916,53.25,53.25,52.5,53.25,7383
1987-05-27,7.088167667388916,53.25,53.25,52.5,53.25,9650
1987-05-28,7.088167667388916,53.25,53.25,51.75,53.25,9867
1987-05-29,7.088167667388916,53.25,53.25,52.5,53.25,9550
1987-06-01,7.088167667388916,53.25,53.25,52.5,53.25,10083
1987-06-02,7.088167667388916,53.25,53.25,52.5,53.25,11200
1987-06-03,7.088167667388916,53.25,53.25,52.5,53.25,10983
1987-06-04,7.188002109527588,54.0,54.0,52.5,53.25,13067
1987-06-05,7.188002109527588,54.0,54.0,53.25,54.0,18050
1987-06-08,7.188002109527588,54.0,54.0,53.25,54.0,43683
1987-06-09,7.188002109527588,54.0,54.75,54.0,54.0,58367
1987-06-10,7.2391037940979,51.0,51.0,49.5,51.0,24350
1987-06-11,7.2391037940979,51.0,51.0,50.25,51.0,14500
1987-06-12,7.2391037940979,51.0,51.0,50.25,51.0,17867
1987-06-15,7.13264799118042,50.25,51.0,49.5,51.0,25367
1987-06-16,7.2391037940979,51.0,51.0,49.5,50.25,23250
1987-06-17,7.026181697845459,49.5,51.0,49.5,51.0,13317
1987-06-18,7.13264799118042,50.25,50.25,49.5,49.5,19100
1987-06-19,7.13264799118042,50.25,50.25,49.5,50.25,19267
1987-06-22,7.2391037940979,51.0,51.0,49.5,50.25,30333
1987-06-23,7.2391037940979,51.0,51.0,50.25,51.0,17267
1987-06-24,7.13264799118042,50.25,51.0,50.25,51.0,16650
1987-06-25,7.13264799118042,50.25,51.0,49.5,50.25,15683
1987-06-26,7.13264799118042,50.25,50.25,49.5,50.25,11450
1987-06-29,7.026181697845459,49.5,50.25,49.5,50.25,10583
1987-06-30,7.026181697845459,49.5,51.0,49.5,49.5,20900
1987-07-01,7.026181697845459,49.5,50.25,49.5,49.5,18333
1987-07-02,7.2391037940979,51.0,51.0,49.5,49.5,15400
1987-07-06,7.13264799118042,50.25,51.0,49.5,51.0,20783
1987-07-07,7.026181697845459,49.5,51.0,49.5,50.25,24900
1987-07-08,7.13264799118042,50.25,51.0,49.5,49.5,25600
1987-07-09,7.026181697845459,49.5,51.0,49.5,50.25,15050
1987-07-10,7.2391037940979,51.0,51.0,50.25,50.25,14250
1987-07-13,7.2391037940979,51.0,51.0,50.25,51.0,22333
1987-07-14,7.2391037940979,51.0,52.5,50.25,51.0,23417
1987-07-15,7.2391037940979,51.0,51.0,50.25,51.0,19683
1987-07-16,7.13264799118042,50.25,51.0,50.25,51.0,17467
1987-07-17,7.13264799118042,50.25,51.0,49.5,50.25,35250
1987-07-20,7.13264799118042,50.25,51.0,49.5,50.25,24967
1987-07-21,7.13264799118042,50.25,51.0,50.25,50.25,31100
1987-07-22,7.026181697845459,49.5,50.25,49.5,50.25,27500
1987-07-23,7.026181697845459,49.5,50.25,49.5,49.5,25517
1987-07-24,7.026181697845459,49.5,50.25,49.5,49.5,31617
1987-07-27,7.13264799118042,50.25,51.0,49.5,49.5,24150
1987-07-28,7.2391037940979,51.0,51.0,50.25,50.25,19417
1987-07-29,7.13264799118042,50.25,51.0,50.25,51.0,23250
1987-07-30,7.026181697845459,49.5,51.0,49.5,50.25,14933
1987-07-31,7.2391037940979,51.0,51.0,49.5,49.5,12817
1987-08-03,7.13264799118042,50.25,51.0,49.5,51.0,17883
1987-08-04,7.026181697845459,49.5,50.25,49.5,50.25,17083
1987-08-05,7.13264799118042,50.25,51.0,49.5,49.5,33017
1987-08-06,7.026181697845459,49.5,50.25,49.5,50.25,17133
1987-08-07,7.13264799118042,50.25,50.25,49.5,49.5,23250
1987-08-10,7.026181697845459,49.5,50.25,48.75,50.25,30283
1987-08-11,7.026181697845459,49.5,50.25,48.75,49.5,22100
1987-08-12,6.919726848602295,48.75,50.25,48.75,49.5,23317
1987-08-13,7.026181697845459,49.5,50.25,48.75,48.75,17767
1987-08-14,7.13264799118042,50.25,50.25,48.75,49.5,21050
1987-08-17,7.13264799118042,50.25,50.25,49.5,50.25,16700
1987-08-18,7.13264799118042,50.25,51.0,49.5,50.25,19067
1987-08-19,7.13264799118042,50.25,50.25,49.5,50.25,45417
1987-08-20,7.026181697845459,49.5,50.25,48.75,50.25,25100
1987-08-21,7.13264799118042,50.25,50.25,49.5,49.5,22667
1987-08-24,7.13264799118042,50.25,50.25,49.5,50.25,15400
1987-08-25,7.026181697845459,49.5,50.25,49.5,50.25,19517
1987-08-26,7.13264799118042,50.25,50.25,49.5,49.5,19067
1987-08-27,7.13264799118042,50.25,50.25,49.5,50.25,16483
1987-08-28,7.13264799118042,50.25,52.5,49.5,50.25,11050
1987-08-31,7.13264799118042,50.25,50.25,49.5,50.25,14900
1987-09-01,7.026181697845459,49.5,50.25,49.5,50.25,18933
1987-09-02,7.13264799118042,50.25,50.25,49.5,49.5,27333
1987-09-03,7.13264799118042,50.25,50.25,49.5,50.25,23517
1987-09-04,7.13264799118042,50.25,50.25,48.75,50.25,20400
1987-09-08,7.026181697845459,49.5,50.25,49.5,50.25,12867
1987-09-09,7.13264799118042,50.25,51.0,49.5,49.5,21300
1987-09-10,7.13264799118042,50.25,51.0,50.25,50.25,22250
1987-09-11,7.2391037940979,51.0,53.25,50.25,50.25,21050
1987-09-14,7.2391037940979,51.0,51.0,50.25,51.0,18767
1987-09-15,7.345559120178223,51.75,54.0,51.75,51.75,156850
1987-09-16,7.345559120178223,51.75,53.25,51.0,51.75,41400
1987-09-17,7.452016353607178,52.5,52.5,51.75,51.75,37133
1987-09-18,7.452016353607178,52.5,52.5,51.0,52.5,35450
1987-09-21,7.452016353607178,52.5,52.5,51.75,52.5,32633
1987-09-22,7.2391037940979,51.0,51.75,51.0,51.75,31483
1987-09-23,7.345559120178223,51.75,51.75,51.0,51.0,18667
1987-09-24,7.452016353607178,52.5,53.25,51.75,51.75,39167
1987-09-25,7.452016353607178,52.5,53.25,52.5,52.5,13067
1987-09-28,7.452016353607178,52.5,53.25,51.75,52.5,18000
1987-09-29,7.345559120178223,51.75,52.5,51.75,52.5,13583
1987-09-30,7.2391037940979,51.0,52.5,51.0,51.75,16067
1987-10-01,7.2391037940979,51.0,51.75,51.0,51.0,18650
1987-10-02,7.345559120178223,51.75,51.75,51.0,51.0,11033
1987-10-05,7.345559120178223,51.75,52.5,51.0,51.75,10350
1987-10-06,7.452016353607178,52.5,52.5,51.75,51.75,9850
1987-10-07,7.345559120178223,51.75,52.5,51.0,52.5,15400
1987-10-08,7.345559120178223,51.75,52.5,51.0,51.75,28150
1987-10-09,7.2391037940979,51.0,52.5,51.0,51.75,29967
1987-10-12,7.2391037940979,51.0,51.75,51.0,51.0,15750
1987-10-13,7.345559120178223,51.75,51.75,50.25,51.0,22783
1987-10-14,7.345559120178223,51.75,51.75,51.0,51.75,11783
1987-10-15,7.13264799118042,50.25,51.75,50.25,51.75,24833
1987-10-16,7.13264799118042,50.25,51.0,50.25,50.25,46000
1987-10-19,6.2809929847717285,44.25,50.25,40.5,50.25,116283
1987-10-20,6.2809929847717285,44.25,45.0,40.5,44.25,91333
1987-10-21,6.600353717803955,46.5,47.25,43.5,44.25,71633
1987-10-22,6.600353717803955,46.5,46.5,44.25,46.5,39517
1987-10-23,6.706819534301758,47.25,48.0,45.75,46.5,24917
1987-10-26,6.387438774108887,45.0,46.5,45.0,46.5,25050
1987-10-27,6.600353717803955,46.5,46.5,44.25,45.0,37900
1987-10-28,6.2809929847717285,44.25,46.5,44.25,46.5,27800
1987-10-29,6.174530029296875,43.5,45.0,42.75,44.25,42000
1987-10-30,6.2809929847717285,44.25,45.0,42.75,43.5,22533
1987-11-02,6.174530029296875,43.5,45.0,42.75,44.25,44067
1987-11-03,6.2809929847717285,44.25,45.0,43.5,43.5,25600
1987-11-04,6.06807279586792,42.75,45.0,42.75,44.25,37733
1987-11-05,6.174530029296875,43.5,44.25,42.75,42.75,24650
1987-11-06,6.387438774108887,45.0,45.0,43.5,43.5,20883
1987-11-09,6.493905067443848,45.75,45.75,44.25,45.0,22650
1987-11-10,6.600353717803955,46.5,46.5,45.0,45.75,22317
1987-11-11,6.600353717803955,46.5,47.25,45.0,46.5,20717
1987-11-12,6.600353717803955,46.5,48.0,46.5,46.5,19417
1987-11-13,6.813276767730713,48.0,48.0,46.5,46.5,14900
1987-11-16,6.813276767730713,48.0,48.0,47.25,48.0,14050
1987-11-17,6.813276767730713,48.0,48.75,46.5,48.0,21400
1987-11-18,6.813276767730713,48.0,48.75,47.25,48.0,24233
1987-11-19,6.919726848602295,48.75,48.75,48.0,48.0,21150
1987-11-20,6.706819534301758,47.25,48.75,47.25,48.75,18017
1987-11-23,6.813276767730713,48.0,48.75,47.25,47.25,17900
1987-11-24,6.919726848602295,48.75,49.5,48.0,48.0,18850
1987-11-25,6.919726848602295,48.75,49.5,48.75,48.75,15800
1987-11-27,7.13264799118042,50.25,50.25,48.75,48.75,5950
1987-11-30,6.813276767730713,48.0,50.25,48.0,50.25,21300
1987-12-01,6.919726848602295,48.75,49.5,48.0,48.0,20483
1987-12-02,6.919726848602295,48.75,48.75,48.0,48.75,24933
1987-12-03,6.919726848602295,48.75,49.5,48.75,48.75,9100
1987-12-04,6.919726848602295,48.75,49.5,48.0,48.75,17583
1987-12-07,7.026181697845459,49.5,49.5,48.0,48.75,17667
1987-12-08,6.919726848602295,48.75,49.5,48.0,49.5,20833
1987-12-09,7.2391037940979,51.0,51.0,48.75,48.75,36617
1987-12-10,7.026181697845459,49.5,51.0,49.5,51.0,14900
1987-12-11,7.13264799118042,50.25,50.25,49.5,49.5,13317
1987-12-14,7.13264799118042,50.25,51.0,49.5,50.25,13317
1987-12-15,7.2391037940979,51.0,51.0,50.25,50.25,23933
1987-12-16,7.2391037940979,51.0,51.0,49.5,51.0,17517
1987-12-17,7.2391037940979,51.0,51.0,49.5,51.0,16250
1987-12-18,7.13264799118042,50.25,51.0,50.25,51.0,16617
1987-12-21,7.2391037940979,51.0,51.0,50.25,50.25,30883
1987-12-22,7.13264799118042,50.25,51.0,49.5,51.0,26900
1987-12-23,7.026181697845459,49.5,51.0,48.75,50.25,53500
1987-12-24,6.980419158935547,45.75,46.5,45.0,46.5,39383
1987-12-28,6.751555919647217,44.25,45.75,43.5,45.75,29467
1987-12-29,6.751555919647217,44.25,45.0,43.5,44.25,38300
1987-12-30,6.751555919647217,44.25,45.0,43.5,44.25,46433
1987-12-31,6.637116432189941,43.5,44.25,42.75,44.25,66717
1988-01-04,7.094842433929443,46.5,46.5,44.25,44.25,33950
1988-01-05,7.094842433929443,46.5,47.25,45.75,46.5,34700
1988-01-06,7.094842433929443,46.5,46.5,45.75,46.5,18083
1988-01-07,7.094842433929443,46.5,47.25,46.5,46.5,16067
1988-01-08,6.980419158935547,45.75,47.25,45.75,46.5,14100
1988-01-11,6.980419158935547,45.75,46.5,45.75,45.75,19183
1988-01-12,7.094842433929443,46.5,46.5,45.75,45.75,11700
1988-01-13,7.209285259246826,47.25,47.25,45.75,46.5,19450
1988-01-14,7.209285259246826,47.25,48.0,46.5,47.25,16250
1988-01-15,7.209285259246826,47.25,47.25,46.5,47.25,13467
1988-01-18,7.209285259246826,47.25,48.0,46.5,47.25,17967
1988-01-19,7.323718070983887,48.0,48.0,47.25,47.25,22917
1988-01-20,7.209285259246826,47.25,48.75,47.25,48.0,24117
1988-01-21,7.323718070983887,48.0,48.75,47.25,47.25,27867
1988-01-22,7.5525736808776855,49.5,49.5,48.0,48.0,26483
1988-01-25,7.438143730163574,48.75,49.5,48.75,49.5,20117
1988-01-26,7.438143730163574,48.75,49.5,48.75,48.75,15650
1988-01-27,7.438143730163574,48.75,49.5,48.75,48.75,20200
1988-01-28,7.438143730163574,48.75,49.5,48.75,48.75,23933
1988-01-29,7.667015075683594,50.25,50.25,48.75,48.75,20033
1988-02-01,7.667015075683594,50.25,50.25,49.5,50.25,11567
1988-02-02,7.667015075683594,50.25,50.25,49.5,50.25,22300
1988-02-03,7.5525736808776855,49.5,50.25,49.5,50.25,19317
1988-02-04,7.667015075683594,50.25,50.25,49.5,49.5,15583
1988-02-05,7.5525736808776855,49.5,50.25,49.5,50.25,13933
1988-02-08,7.5525736808776855,49.5,50.25,49.5,49.5,14767
1988-02-09,7.667015075683594,50.25,50.25,49.5,49.5,23000
1988-02-10,7.667015075683594,50.25,50.25,49.5,49.5,21250
1988-02-11,7.5525736808776855,49.5,52.5,49.5,52.5,15967
1988-02-12,7.5525736808776855,49.5,50.25,49.5,50.25,17983
1988-02-16,7.5525736808776855,49.5,50.25,49.5,49.5,19400
1988-02-17,7.667015075683594,50.25,50.25,49.5,49.5,27117
1988-02-18,7.667015075683594,50.25,50.25,49.5,49.5,21000
1988-02-19,7.895878314971924,51.75,51.75,49.5,50.25,61033
1988-02-22,7.895878314971924,51.75,52.5,51.75,51.75,27683
1988-02-23,8.010310173034668,52.5,52.5,51.0,51.75,18217
1988-02-24,8.010310173034668,52.5,52.5,51.75,52.5,26400
1988-02-25,8.010310173034668,52.5,52.5,51.75,52.5,20083
1988-02-26,8.010310173034668,52.5,52.5,51.0,51.75,22683
1988-02-29,7.895878314971924,51.75,52.5,51.75,51.75,16217
1988-03-01,8.010310173034668,52.5,52.5,51.75,52.5,34133
1988-03-02,8.010310173034668,52.5,52.5,51.75,51.75,18533
1988-03-03,8.12474250793457,53.25,53.25,52.5,52.5,22017
1988-03-04,8.010310173034668,52.5,53.25,52.5,52.5,24150
1988-03-07,8.010310173034668,52.5,53.25,52.5,53.25,16733
1988-03-08,8.010310173034668,52.5,53.25,52.5,53.25,23867
1988-03-09,8.12474250793457,53.25,53.25,52.5,53.25,28733
1988-03-10,8.010310173034668,52.5,53.25,52.5,53.25,19933
1988-03-11,8.12474250793457,53.25,54.0,52.5,53.25,27133
1988-03-14,8.12474250793457,53.25,54.0,53.25,53.25,18483
1988-03-15,8.12474250793457,53.25,54.0,53.25,54.0,25083
1988-03-16,8.12474250793457,53.25,54.0,53.25,54.0,28933
1988-03-17,8.239179611206055,54.0,54.0,53.25,53.25,29133
1988-03-18,8.239179611206055,54.0,54.75,53.25,54.0,48333
1988-03-21,8.239179611206055,54.0,54.75,54.0,54.0,21550
1988-03-22,8.353617668151855,54.75,54.75,54.0,54.0,77133
1988-03-23,8.468048095703125,55.5,55.5,54.75,55.5,57483
1988-03-24,8.353617668151855,54.75,55.5,54.0,55.5,47800
1988-03-25,8.165002822875977,53.25,54.0,52.5,52.5,20583
1988-03-28,8.165002822875977,53.25,53.25,52.5,53.25,15067
1988-03-29,8.165002822875977,53.25,53.25,52.5,52.5,26600
1988-03-30,8.165002822875977,53.25,53.25,52.5,53.25,13700
1988-03-31,8.280020713806152,54.0,54.0,52.5,52.5,23917
1988-04-04,8.280020713806152,54.0,54.0,53.25,53.25,13717
1988-04-05,8.280020713806152,54.0,54.0,53.25,54.0,11667
1988-04-06,8.280020713806152,54.0,54.0,53.25,54.0,13867
1988-04-07,8.280020713806152,54.0,54.0,53.25,53.25,17350
1988-04-08,8.280020713806152,54.0,54.0,53.25,54.0,11000
1988-04-11,8.165002822875977,53.25,54.0,53.25,53.25,15567
1988-04-12,8.165002822875977,53.25,54.0,53.25,54.0,20683
1988-04-13,8.165002822875977,53.25,54.0,53.25,53.25,26117
1988-04-14,8.050019264221191,52.5,54.0,52.5,53.25,25383
1988-04-15,8.280020713806152,54.0,54.0,53.25,53.25,20133
1988-04-18,8.165002822875977,53.25,54.0,53.25,54.0,21283
1988-04-19,8.165002822875977,53.25,54.0,53.25,53.25,30767
1988-04-20,8.280020713806152,54.0,54.0,53.25,54.0,28267
1988-04-21,8.280020713806152,54.0,54.0,53.25,54.0,26233
1988-04-22,8.395017623901367,54.75,54.75,53.25,54.0,31583
1988-04-25,8.395017623901367,54.75,54.75,54.0,54.75,11883
1988-04-26,8.395017623901367,54.75,54.75,54.0,54.0,15850
1988-04-27,8.395017623901367,54.75,54.75,54.0,54.0,18217
1988-04-28,8.395017623901367,54.75,54.75,54.0,54.75,15567
1988-04-29,8.395017623901367,54.75,54.75,54.0,54.75,15733
1988-05-02,8.280020713806152,54.0,54.75,54.0,54.0,12650
1988-05-03,8.395017623901367,54.75,54.75,54.0,54.0,19250
1988-05-04,8.395017623901367,54.75,54.75,54.0,54.0,19267
1988-05-05,8.395017623901367,54.75,55.5,54.0,54.0,38583
1988-05-06,8.395017623901367,54.75,55.5,54.75,54.75,33983
1988-05-09,8.510019302368164,55.5,55.5,54.75,54.75,25733
1988-05-10,8.625015258789062,56.25,56.25,54.75,55.5,65283
1988-05-11,8.510019302368164,55.5,56.25,55.5,55.5,48967
1988-05-12,8.510019302368164,55.5,56.25,55.5,55.5,26383
1988-05-13,8.510019302368164,55.5,56.25,55.5,55.5,19167
1988-05-16,8.510019302368164,55.5,56.25,55.5,56.25,27817
1988-05-17,8.625015258789062,56.25,56.25,55.5,55.5,22567
1988-05-18,8.510019302368164,55.5,56.25,54.75,55.5,27300
1988-05-19,8.395017623901367,54.75,55.5,54.75,55.5,18117
1988-05-20,8.395017623901367,54.75,55.5,54.75,54.75,18033
1988-05-23,8.395017623901367,54.75,55.5,54.75,55.5,13417
1988-05-24,8.395017623901367,54.75,55.5,54.75,54.75,16300
1988-05-25,8.625015258789062,56.25,56.25,54.0,55.5,41567
1988-05-26,8.625015258789062,56.25,57.0,55.5,56.25,48700
1988-05-27,8.510019302368164,55.5,56.25,55.5,56.25,27550
1988-05-31,8.625015258789062,56.25,56.25,55.5,56.25,24250
1988-06-01,8.510019302368164,55.5,56.25,55.5,56.25,22333
1988-06-02,8.625015258789062,56.25,56.25,55.5,56.25,21017
1988-06-03,8.74001407623291,57.0,57.0,56.25,56.25,22300
1988-06-06,8.625015258789062,56.25,57.0,56.25,56.25,26200
1988-06-07,8.74001407623291,57.0,57.0,56.25,57.0,22833
1988-06-08,8.625015258789062,56.25,57.0,56.25,57.0,27733
1988-06-09,8.625015258789062,56.25,57.0,56.25,56.25,38700
1988-06-10,8.74001407623291,57.0,57.0,56.25,57.0,18617
1988-06-13,8.74001407623291,57.0,57.0,56.25,56.25,18817
1988-06-14,8.625015258789062,56.25,57.0,56.25,57.0,39117
1988-06-15,8.625015258789062,56.25,57.0,56.25,56.25,32817
1988-06-16,8.74001407623291,57.0,59.25,56.25,56.25,24467
1988-06-17,8.625015258789062,56.25,59.25,56.25,57.0,21467
1988-06-20,8.74001407623291,57.0,57.0,56.25,57.0,18833
1988-06-21,8.74001407623291,57.0,57.0,55.5,57.0,32400
1988-06-22,8.74001407623291,57.0,57.75,56.25,57.0,71000
1988-06-23,8.855015754699707,57.75,57.75,57.0,57.0,35000
1988-06-24,8.74001407623291,57.0,57.75,57.0,57.0,18600
1988-06-27,8.74001407623291,57.0,57.75,57.0,57.0,45283
1988-06-28,8.666831016540527,56.25,56.25,55.5,55.5,36817
1988-06-29,8.666831016540527,56.25,56.25,55.5,55.5,46367
1988-06-30,8.666831016540527,56.25,56.25,54.75,55.5,45267
1988-07-01,8.435711860656738,54.75,56.25,54.75,55.5,17017
1988-07-05,8.551273345947266,55.5,55.5,54.75,54.75,14767
1988-07-06,8.435711860656738,54.75,55.5,54.75,55.5,20583
1988-07-07,8.435711860656738,54.75,55.5,54.75,55.5,46200
1988-07-08,8.551273345947266,55.5,55.5,54.75,55.5,16033
1988-07-11,8.551273345947266,55.5,55.5,54.75,54.75,10400
1988-07-12,8.551273345947266,55.5,55.5,54.75,55.5,12433
1988-07-13,8.551273345947266,55.5,55.5,54.75,55.5,17533
1988-07-14,8.551273345947266,55.5,55.5,54.0,55.5,35383
1988-07-15,8.320159912109375,54.0,55.5,54.0,55.5,23883
1988-07-18,8.089042663574219,52.5,54.75,52.5,54.0,94917
1988-07-19,7.973474025726318,51.75,53.25,51.75,51.75,96133
1988-07-20,8.089042663574219,52.5,53.25,51.75,51.75,58350
1988-07-21,8.204585075378418,53.25,53.25,52.5,52.5,45783
1988-07-22,8.204585075378418,53.25,53.25,52.5,52.5,25883
1988-07-25,8.204585075378418,53.25,53.25,52.5,53.25,24917
1988-07-26,8.204585075378418,53.25,54.0,52.5,52.5,18267
1988-07-27,8.204585075378418,53.25,53.25,52.5,52.5,55033
1988-07-28,8.204585075378418,53.25,54.0,52.5,53.25,20783
1988-07-29,8.320159912109375,54.0,54.0,53.25,53.25,25567
1988-08-01,8.204585075378418,53.25,54.0,52.5,53.25,32367
1988-08-02,8.204585075378418,53.25,53.25,52.5,53.25,20750
1988-08-03,8.146822929382324,52.875,53.25,52.5,53.25,21383
1988-08-04,8.262373924255371,53.625,53.625,52.875,53.25,26017
1988-08-05,8.262373924255371,53.625,53.625,53.25,53.625,20450
1988-08-08,8.262373924255371,53.625,54.0,53.25,53.625,17717
1988-08-09,8.262373924255371,53.625,53.625,53.25,53.625,35517
1988-08-10,8.146822929382324,52.875,53.625,52.875,53.625,19450
1988-08-11,8.204585075378418,53.25,53.25,52.875,52.875,20383
1988-08-12,8.204585075378418,53.25,53.25,52.5,53.25,15367
1988-08-15,8.089042663574219,52.5,53.25,52.5,52.875,19567
1988-08-16,8.089042663574219,52.5,52.875,52.5,52.5,32717
1988-08-17,8.204585075378418,53.25,53.25,52.5,52.5,25533
1988-08-18,8.146822929382324,52.875,53.25,52.5,53.25,18117
1988-08-19,8.204585075378418,53.25,53.25,52.5,52.875,15817
1988-08-22,8.146822929382324,52.875,53.625,52.875,52.875,15683
1988-08-23,8.146822929382324,52.875,53.25,52.875,53.25,20867
1988-08-24,8.204585075378418,53.25,53.25,51.0,52.875,16983
1988-08-25,8.204585075378418,53.25,53.625,52.875,52.875,26783
1988-08-26,8.262373924255371,53.625,54.0,53.25,53.25,26183
1988-08-29,8.320159912109375,54.0,54.0,53.625,54.0,18433
1988-08-30,8.204585075378418,53.25,54.0,53.25,54.0,23333
1988-08-31,8.377937316894531,54.375,54.375,53.625,53.625,16200
1988-09-01,8.377937316894531,54.375,54.75,54.0,54.375,12383
1988-09-02,8.377937316894531,54.375,54.75,54.0,54.375,12367
1988-09-06,8.377937316894531,54.375,54.75,54.0,54.375,24850
1988-09-07,8.493501663208008,55.125,55.5,54.375,54.375,15967
1988-09-08,8.551273345947266,55.5,55.5,54.75,55.125,10950
1988-09-09,8.493501663208008,55.125,55.5,55.125,55.5,15533
1988-09-12,8.493501663208008,55.125,55.5,54.75,55.125,14867
1988-09-13,8.435711860656738,54.75,55.5,54.75,55.125,11950
1988-09-14,8.435711860656738,54.75,55.5,54.75,54.75,16483
1988-09-15,8.551273345947266,55.5,55.5,54.75,54.75,13183
1988-09-16,8.551273345947266,55.5,55.5,55.125,55.125,26067
1988-09-19,8.609045028686523,55.875,56.25,55.125,55.5,23700
1988-09-20,8.609045028686523,55.875,56.25,54.0,56.25,29733
1988-09-21,8.666831016540527,56.25,56.25,55.5,56.25,25050
1988-09-22,8.666831016540527,56.25,56.25,55.5,55.875,29567
1988-09-23,8.609045028686523,55.875,56.25,55.5,56.25,50333
1988-09-26,8.377937316894531,54.375,54.75,54.0,54.75,14967
1988-09-27,8.377937316894531,54.375,54.75,54.0,54.375,12917
1988-09-28,8.320159912109375,54.0,54.375,53.625,54.0,15933
1988-09-29,8.435711860656738,54.75,54.75,53.625,54.0,16767
1988-09-30,8.377937316894531,54.375,54.75,54.0,54.75,15200
1988-10-03,8.320159912109375,54.0,54.75,54.0,54.75,10067
1988-10-04,8.435711860656738,54.75,54.75,54.0,54.0,13933
1988-10-05,8.435711860656738,54.75,54.75,54.375,54.375,16950
1988-10-06,8.551273345947266,55.5,55.5,54.75,55.125,10333
1988-10-07,8.551273345947266,55.5,55.875,54.75,55.5,31217
1988-10-10,8.493501663208008,55.125,55.5,54.75,55.5,12750
1988-10-11,8.493501663208008,55.125,55.5,54.75,55.5,14417
1988-10-12,8.493501663208008,55.125,55.5,55.125,55.125,13367
1988-10-13,8.551273345947266,55.5,55.5,55.125,55.5,13733
1988-10-14,8.551273345947266,55.5,55.875,55.125,55.5,15500
1988-10-17,8.551273345947266,55.5,55.875,55.125,55.5,20600
1988-10-18,8.666831016540527,56.25,56.625,55.5,55.875,19617
1988-10-19,8.666831016540527,56.25,57.0,56.25,56.25,29483
1988-10-20,8.724597930908203,56.625,59.25,56.25,56.625,21617
1988-10-21,8.78238296508789,57.0,57.0,56.625,56.625,22283
1988-10-24,8.724597930908203,56.625,57.0,56.625,57.0,27233
1988-10-25,8.955731391906738,58.125,58.125,56.625,57.0,38850
1988-10-26,8.955731391906738,58.125,58.5,57.75,58.5,25767
1988-10-27,8.897944450378418,57.75,58.125,57.75,58.125,23817
1988-10-28,8.955731391906738,58.125,58.125,57.375,57.75,21333
1988-10-31,8.840166091918945,57.375,58.125,57.375,58.125,28000
1988-11-01,8.840166091918945,57.375,58.125,57.0,57.75,22383
1988-11-02,8.955731391906738,58.125,58.5,57.375,57.375,25933
1988-11-03,9.013507843017578,58.5,58.5,57.75,58.125,38317
1988-11-04,9.071276664733887,58.875,58.875,58.125,58.125,33783
1988-11-07,9.013507843017578,58.5,59.25,58.5,58.875,25817
1988-11-08,9.071276664733887,58.875,59.25,58.5,58.5,41650
1988-11-09,9.071276664733887,58.875,59.625,58.875,59.25,39167
1988-11-10,9.071276664733887,58.875,59.625,58.875,59.25,44433
1988-11-11,9.071276664733887,58.875,59.625,58.875,59.25,41383
1988-11-14,9.071276664733887,58.875,59.25,58.875,58.875,43650
1988-11-15,9.013507843017578,58.5,58.875,57.75,58.5,33567
1988-11-16,8.955731391906738,58.125,58.5,57.75,58.5,39033
1988-11-17,8.955731391906738,58.125,58.5,57.75,58.5,33833
1988-11-18,9.013507843017578,58.5,58.5,57.75,57.75,29650
1988-11-21,9.013507843017578,58.5,58.5,58.125,58.125,26367
1988-11-22,9.013507843017578,58.5,58.875,58.125,58.5,29300
1988-11-23,9.071276664733887,58.875,58.875,58.125,58.5,46133
1988-11-25,9.071276664733887,58.875,58.875,58.5,58.5,7600
1988-11-28,9.013507843017578,58.5,59.25,58.5,58.875,19483
1988-11-29,9.071276664733887,58.875,59.25,58.5,58.5,26083
1988-11-30,9.244620323181152,60.0,60.0,58.875,59.25,40200
1988-12-01,9.12906265258789,59.25,59.25,57.75,57.75,31717
1988-12-02,9.18683910369873,59.625,59.625,58.875,59.625,25433
1988-12-05,9.18683910369873,59.625,59.625,59.25,59.625,27283
1988-12-06,9.18683910369873,59.625,59.625,59.25,59.625,27883
1988-12-07,9.12906265258789,59.25,59.625,58.875,59.25,24500
1988-12-08,9.18683910369873,59.625,59.625,58.875,59.25,28250
1988-12-09,9.12906265258789,59.25,59.625,58.875,59.25,30200
1988-12-12,9.12906265258789,59.25,60.0,58.875,59.25,28750
1988-12-13,9.12906265258789,59.25,59.25,58.875,59.25,26617
1988-12-14,8.897944450378418,57.75,59.25,57.0,59.25,70467
1988-12-15,8.897944450378418,57.75,58.125,57.375,57.75,32917
1988-12-16,8.78238296508789,57.0,57.75,57.0,57.375,37650
1988-12-19,8.955731391906738,58.125,58.5,57.375,57.375,33567
1988-12-20,8.955731391906738,58.125,58.5,58.125,58.125,38067
1988-12-21,9.013507843017578,58.5,58.5,57.375,58.5,79867
1988-12-22,8.609045028686523,55.875,59.625,55.5,56.625,30500
1988-12-23,8.666831016540527,56.25,56.625,55.5,56.625,13967
1988-12-27,8.609045028686523,55.875,59.625,55.5,55.875,13100
1988-12-28,8.609045028686523,55.875,56.25,55.125,56.25,12233
1988-12-29,8.435711860656738,54.75,55.5,54.75,55.5,19533
1988-12-30,8.435711860656738,54.75,55.5,54.0,54.75,36967
1989-01-03,8.435711860656738,54.75,55.125,54.0,55.125,18800
1989-01-04,8.493501663208008,55.125,55.5,54.375,54.375,17450
1989-01-05,8.551273345947266,55.5,55.5,54.75,55.5,16950
1989-01-06,8.493501663208008,55.125,55.5,54.75,55.125,14650
1989-01-09,8.493501663208008,55.125,55.875,54.75,55.5,19300
1989-01-10,8.551273345947266,55.5,55.5,54.75,55.5,24967
1989-01-11,8.493501663208008,55.125,56.25,55.125,55.875,19383
1989-01-12,8.551273345947266,55.5,58.875,54.75,55.5,16917
1989-01-13,8.493501663208008,55.125,55.5,55.125,55.125,17717
1989-01-16,8.551273345947266,55.5,56.25,55.125,55.875,29317
1989-01-17,8.551273345947266,55.5,55.5,54.75,55.5,24083
1989-01-18,8.493501663208008,55.125,55.5,55.125,55.5,36900
1989-01-19,8.551273345947266,55.5,55.5,54.75,55.125,24983
1989-01-20,8.551273345947266,55.5,56.25,55.125,55.5,25150
1989-01-23,8.609045028686523,55.875,56.25,55.5,55.875,20783
1989-01-24,8.666831016540527,56.25,59.625,55.5,55.875,21150
1989-01-25,8.666831016540527,56.25,56.25,55.5,55.5,15117
1989-01-26,8.724597930908203,56.625,57.0,55.875,56.25,17233
1989-01-27,8.724597930908203,56.625,56.625,56.25,56.625,26950
1989-01-30,8.724597930908203,56.625,57.0,56.25,56.625,15267
1989-01-31,8.724597930908203,56.625,56.625,56.25,56.25,17250
1989-02-01,8.724597930908203,56.625,57.0,56.25,56.625,23617
1989-02-02,8.666831016540527,56.25,57.0,56.25,56.25,16567
1989-02-03,8.78238296508789,57.0,57.0,56.25,57.0,16650
1989-02-06,8.724597930908203,56.625,57.0,56.625,57.0,12217
1989-02-07,8.78238296508789,57.0,57.0,56.25,56.625,17483
1989-02-08,8.78238296508789,57.0,57.0,55.125,57.0,23850
1989-02-09,8.666831016540527,56.25,59.25,56.25,56.625,15933
1989-02-10,8.724597930908203,56.625,57.0,56.25,56.625,15283
1989-02-13,8.724597930908203,56.625,57.0,56.25,56.25,20933
1989-02-14,8.724597930908203,56.625,57.0,56.25,56.25,17067
1989-02-15,8.724597930908203,56.625,57.0,56.25,56.625,22067
1989-02-16,8.377937316894531,54.375,57.75,53.25,56.25,109700
1989-02-17,8.146822929382324,52.875,53.625,51.375,53.25,171900
1989-02-21,8.03126049041748,52.125,52.5,51.375,51.75,108817
1989-02-22,8.03126049041748,52.125,52.5,49.5,51.75,40300
1989-02-23,7.973474025726318,51.75,52.5,51.375,52.125,39267
1989-02-24,8.089042663574219,52.5,52.5,51.75,51.75,27100
1989-02-27,7.915695667266846,51.375,52.125,51.0,51.75,41017
1989-02-28,7.915695667266846,51.375,52.125,51.375,51.75,44883
1989-03-01,8.089042663574219,52.5,52.5,51.375,51.375,25817
1989-03-02,8.146822929382324,52.875,53.25,52.125,52.5,24150
1989-03-03,8.262373924255371,53.625,53.625,52.875,53.25,21183
1989-03-06,8.204585075378418,53.25,54.0,52.5,53.625,22183
1989-03-07,8.089042663574219,52.5,52.875,50.25,52.875,18367
1989-03-08,8.03126049041748,52.125,52.5,51.75,52.5,17550
1989-03-09,8.089042663574219,52.5,52.875,51.75,52.5,18900
1989-03-10,8.146822929382324,52.875,53.25,52.5,52.5,17117
1989-03-13,8.146822929382324,52.875,53.25,52.5,52.875,16850
1989-03-14,8.204585075378418,53.25,53.25,52.5,52.875,16183
1989-03-15,8.146822929382324,52.875,53.25,52.5,52.875,17200
1989-03-16,8.089042663574219,52.5,52.875,52.5,52.5,26883
1989-03-17,8.089042663574219,52.5,52.875,52.125,52.5,12817
1989-03-20,8.089042663574219,52.5,52.875,52.5,52.5,18700
1989-03-21,8.089042663574219,52.5,52.875,52.125,52.5,15667
1989-03-22,8.146822929382324,52.875,52.875,52.125,52.5,13233
1989-03-23,8.146822929382324,52.875,52.875,52.5,52.875,12867
1989-03-27,8.03126049041748,52.125,52.5,51.75,52.5,12300
1989-03-28,7.857921600341797,51.0,51.75,51.0,51.375,24083
1989-03-29,7.857921600341797,51.0,51.375,51.0,51.0,17133
1989-03-30,7.915695667266846,51.375,51.75,51.0,51.375,11500
1989-03-31,7.973474025726318,51.75,51.75,51.0,51.375,17267
1989-04-03,7.915695667266846,51.375,51.75,51.375,51.75,14067
1989-04-04,7.915695667266846,51.375,51.75,51.375,51.75,15367
1989-04-05,7.915695667266846,51.375,51.375,51.0,51.375,33050
1989-04-06,7.915695667266846,51.375,51.75,51.0,51.0,18700
1989-04-07,7.915695667266846,51.375,52.125,51.375,52.125,12983
1989-04-10,7.973474025726318,51.75,52.125,51.375,51.75,11050
1989-04-11,8.03126049041748,52.125,52.5,51.375,51.75,14683
1989-04-12,8.03126049041748,52.125,52.5,51.75,51.75,18517
1989-04-13,7.973474025726318,51.75,52.125,51.375,52.125,18567
1989-04-14,7.973474025726318,51.75,52.125,51.375,51.75,23350
1989-04-17,7.973474025726318,51.75,52.125,51.375,51.75,15767
1989-04-18,7.973474025726318,51.75,52.125,51.375,51.375,22567
1989-04-19,8.089042663574219,52.5,52.875,51.75,51.75,21650
1989-04-20,8.089042663574219,52.5,53.25,52.125,52.5,20900
1989-04-21,8.146822929382324,52.875,52.875,52.125,52.5,16950
1989-04-24,7.915695667266846,51.375,52.125,51.0,51.75,20333
1989-04-25,7.857921600341797,51.0,51.375,50.25,51.0,33967
1989-04-26,7.857921600341797,51.0,51.375,50.25,51.0,25067
1989-04-27,7.915695667266846,51.375,51.75,50.625,51.375,22200
1989-04-28,8.03126049041748,52.125,52.5,51.375,51.75,14100
1989-05-01,8.089042663574219,52.5,52.5,51.75,52.125,13883
1989-05-02,8.03126049041748,52.125,52.5,51.75,52.5,16183
1989-05-03,7.973474025726318,51.75,52.5,51.375,52.125,19717
1989-05-04,7.973474025726318,51.75,51.75,51.375,51.75,11317
1989-05-05,7.973474025726318,51.75,52.125,51.375,51.375,9217
1989-05-08,8.03126049041748,52.125,52.5,51.375,51.75,13633
1989-05-09,7.973474025726318,51.75,52.5,51.75,52.125,12567
1989-05-10,8.03126049041748,52.125,52.125,51.375,51.75,18333
1989-05-11,7.973474025726318,51.75,52.125,51.375,51.75,13550
1989-05-12,8.03126049041748,52.125,52.5,51.375,51.75,17467
1989-05-15,7.915695667266846,51.375,52.125,51.375,52.125,15433
1989-05-16,7.973474025726318,51.75,51.75,51.375,51.75,20750
1989-05-17,7.6845831871032715,49.875,51.375,49.875,51.375,49650
1989-05-18,7.857921600341797,51.0,51.0,49.875,49.875,31983
1989-05-19,7.857921600341797,51.0,51.375,50.625,51.0,31517
1989-05-22,7.857921600341797,51.0,51.0,49.5,50.25,69050
1989-05-23,7.857921600341797,51.0,51.0,50.25,50.625,24950
1989-05-24,7.6845831871032715,49.875,51.0,49.875,50.625,21417
1989-05-25,7.742363929748535,50.25,51.0,49.875,49.875,27150
1989-05-26,7.626808166503906,49.5,51.0,49.5,50.625,35500
1989-05-30,7.626808166503906,49.5,50.25,49.5,49.5,32433
1989-05-31,7.742363929748535,50.25,50.625,49.5,49.5,29367
1989-06-01,7.857921600341797,51.0,51.0,50.25,50.25,19017
1989-06-02,7.973474025726318,51.75,51.75,50.25,51.0,31417
1989-06-05,7.915695667266846,51.375,51.75,51.0,51.75,24883
1989-06-06,7.973474025726318,51.75,51.75,51.0,51.75,16300
1989-06-07,7.915695667266846,51.375,51.75,51.375,51.75,22317
1989-06-08,7.973474025726318,51.75,51.75,49.875,51.0,24983
1989-06-09,7.973474025726318,51.75,51.75,51.0,51.375,16183
1989-06-12,7.915695667266846,51.375,51.375,51.0,51.0,22817
1989-06-13,7.915695667266846,51.375,51.375,51.0,51.375,27733
1989-06-14,8.03126049041748,52.125,52.5,51.375,51.375,36883
1989-06-15,8.03126049041748,52.125,52.125,51.375,52.125,31817
1989-06-16,8.089042663574219,52.5,52.5,51.75,52.125,22433
1989-06-19,8.146822929382324,52.875,52.875,52.125,52.125,45833
1989-06-20,8.204585075378418,53.25,53.25,52.5,52.875,34983
1989-06-21,8.320159912109375,54.0,54.0,53.25,53.25,57200
1989-06-22,8.377937316894531,54.375,54.375,53.625,54.0,47517
1989-06-23,8.377937316894531,54.375,54.75,54.0,54.375,28867
1989-06-26,8.377937316894531,54.375,54.375,53.625,54.0,23267
1989-06-27,8.262373924255371,53.625,54.375,53.625,54.375,32767
1989-06-28,8.320159912109375,54.0,54.375,53.625,54.0,22600
1989-06-29,8.320159912109375,54.0,54.375,53.625,53.625,23567
1989-06-30,8.320159912109375,54.0,54.375,53.625,54.375,17333
1989-07-03,8.377937316894531,54.375,54.375,54.0,54.0,12150
1989-07-05,8.377937316894531,54.375,54.375,54.0,54.375,17250
1989-07-06,8.320159912109375,54.0,54.375,54.0,54.0,24267
1989-07-07,8.262373924255371,53.625,54.375,53.625,54.375,20650
1989-07-10,8.320159912109375,54.0,54.375,53.625,53.625,18533
1989-07-11,8.320159912109375,54.0,54.375,53.625,54.0,31550
1989-07-12,8.377937316894531,54.375,54.375,53.625,53.625,35567
1989-07-13,8.435711860656738,54.75,54.75,54.0,54.375,33017
1989-07-14,8.435711860656738,54.75,54.75,54.0,54.75,19717
1989-07-17,8.320159912109375,54.0,54.75,54.0,54.75,20617
1989-07-18,8.320159912109375,54.0,54.75,54.0,54.375,22817
1989-07-19,8.320159912109375,54.0,54.375,53.625,54.0,39483
1989-07-20,8.320159912109375,54.0,54.375,53.625,54.0,20183
1989-07-21,8.320159912109375,54.0,54.375,53.625,54.0,21733
1989-07-24,8.204585075378418,53.25,54.375,53.25,54.0,39250
1989-07-25,8.146822929382324,52.875,53.25,52.875,52.875,32550
1989-07-26,8.262373924255371,53.625,53.625,52.875,53.25,30933
1989-07-27,8.320159912109375,54.0,54.0,53.25,53.625,25567
1989-07-28,8.204585075378418,53.25,54.0,53.25,53.625,19950
1989-07-31,8.262373924255371,53.625,53.625,53.25,53.25,25817
1989-08-01,8.320159912109375,54.0,54.0,53.25,53.25,23350
1989-08-02,8.262373924255371,53.625,54.0,53.625,54.0,25667
1989-08-03,8.262373924255371,53.625,54.0,53.625,53.625,24150
1989-08-04,8.262373924255371,53.625,54.0,53.625,53.625,16950
1989-08-07,8.320159912109375,54.0,54.0,53.625,54.0,13717
1989-08-08,8.377937316894531,54.375,54.375,53.625,54.0,31650
1989-08-09,8.377937316894531,54.375,54.75,54.0,54.0,23250
1989-08-10,8.377937316894531,54.375,54.75,54.0,54.375,34617
1989-08-11,8.493501663208008,55.125,55.125,54.375,54.375,39883
1989-08-14,8.377937316894531,54.375,55.125,54.375,54.75,17817
1989-08-15,8.435711860656738,54.75,54.75,54.0,54.75,17267
1989-08-16,8.435711860656738,54.75,55.125,54.375,54.75,16617
1989-08-17,8.435711860656738,54.75,54.75,54.0,54.75,24450
1989-08-18,8.377937316894531,54.375,54.75,54.375,54.75,15017
1989-08-21,8.377937316894531,54.375,54.75,54.0,54.375,18433
1989-08-22,8.320159912109375,54.0,54.75,54.0,54.375,19600
1989-08-23,8.435711860656738,54.75,54.75,54.0,54.0,19567
1989-08-24,8.377937316894531,54.375,54.75,54.0,54.375,17783
1989-08-25,8.320159912109375,54.0,54.375,53.625,54.0,18983
1989-08-28,8.320159912109375,54.0,54.0,53.625,54.0,13833
1989-08-29,8.320159912109375,54.0,54.0,53.625,53.625,21017
1989-08-30,8.262373924255371,53.625,54.0,53.625,53.625,13800
1989-08-31,8.320159912109375,54.0,54.0,53.25,53.625,18850
1989-09-01,8.262373924255371,53.625,54.0,53.625,53.625,16217
1989-09-05,8.320159912109375,54.0,54.375,53.625,53.625,34850
1989-09-06,8.320159912109375,54.0,54.375,53.625,54.0,26433
1989-09-07,8.262373924255371,53.625,54.0,53.625,54.0,14400
1989-09-08,8.320159912109375,54.0,54.375,53.625,53.625,9133
1989-09-11,8.262373924255371,53.625,54.0,53.625,54.0,18567
1989-09-12,8.377937316894531,54.375,54.75,53.625,54.0,23383
1989-09-13,8.377937316894531,54.375,54.75,54.0,54.375,16417
1989-09-14,8.320159912109375,54.0,54.375,54.0,54.0,12850
1989-09-15,8.320159912109375,54.0,54.375,54.0,54.0,8700
1989-09-18,8.320159912109375,54.0,54.375,54.0,54.375,18500
1989-09-19,8.377937316894531,54.375,54.75,54.0,54.375,14067
1989-09-20,8.320159912109375,54.0,54.375,54.0,54.0,21683
1989-09-21,8.435711860656738,54.75,54.75,54.0,54.0,14167
1989-09-22,8.435711860656738,54.75,54.75,54.375,54.75,20750
1989-09-25,8.320159912109375,54.0,54.375,54.0,54.0,13883
1989-09-26,8.320159912109375,54.0,54.375,53.625,54.0,15683
1989-09-27,8.262373924255371,53.625,54.375,53.625,54.375,22967
1989-09-28,8.320159912109375,54.0,54.0,53.625,54.0,10983
1989-09-29,8.262373924255371,53.625,54.0,53.625,54.0,16817
1989-10-02,8.262373924255371,53.625,54.0,53.625,53.625,22000
1989-10-03,8.320159912109375,54.0,54.375,53.625,53.625,11783
1989-10-04,8.320159912109375,54.0,54.375,53.625,53.625,16633
1989-10-05,8.320159912109375,54.0,54.375,53.625,54.0,19617
1989-10-06,8.320159912109375,54.0,54.375,53.625,54.0,17533
1989-10-09,8.320159912109375,54.0,54.375,53.625,54.0,7517
1989-10-10,8.262373924255371,53.625,54.0,53.625,54.0,8767
1989-10-11,8.320159912109375,54.0,54.375,53.625,54.0,16533
1989-10-12,8.262373924255371,53.625,54.375,53.625,53.625,10933
1989-10-13,8.262373924255371,53.625,54.0,53.25,53.625,24267
1989-10-16,8.320159912109375,54.0,54.0,53.25,53.625,35517
1989-10-17,8.204585075378418,53.25,54.0,53.25,53.625,16367
1989-10-18,8.262373924255371,53.625,54.0,53.25,53.25,12250
1989-10-19,8.262373924255371,53.625,54.0,53.625,53.625,16850
1989-10-20,8.320159912109375,54.0,54.375,53.625,53.625,14517
1989-10-23,8.377937316894531,54.375,54.375,53.625,54.0,19583
1989-10-24,8.377937316894531,54.375,54.375,53.625,54.0,14383
1989-10-25,8.320159912109375,54.0,54.0,53.25,53.625,9783
1989-10-26,8.320159912109375,54.0,54.0,53.625,53.625,12417
1989-10-27,8.320159912109375,54.0,54.0,53.625,53.625,11900
1989-10-30,8.262373924255371,53.625,54.0,53.25,53.625,13550
1989-10-31,8.204585075378418,53.25,53.625,53.25,53.25,16050
1989-11-01,8.320159912109375,54.0,54.0,51.75,53.25,13267
1989-11-02,8.262373924255371,53.625,54.0,53.25,53.625,10633
1989-11-03,8.204585075378418,53.25,54.0,53.25,54.0,11933
1989-11-06,8.320159912109375,54.0,54.0,53.25,53.25,11900
1989-11-07,8.204585075378418,53.25,54.0,53.25,53.625,11250
1989-11-08,8.262373924255371,53.625,54.0,53.25,53.25,8217
1989-11-09,8.204585075378418,53.25,53.625,53.25,53.25,17217
1989-11-10,8.320159912109375,54.0,54.0,53.25,54.0,14383
1989-11-13,8.320159912109375,54.0,54.0,53.25,53.625,8883
1989-11-14,8.204585075378418,53.25,54.0,53.25,53.625,10833
1989-11-15,8.204585075378418,53.25,54.0,53.25,53.625,10750
1989-11-16,8.204585075378418,53.25,54.0,53.25,54.0,13150
1989-11-17,8.262373924255371,53.625,54.0,53.625,53.625,11517
1989-11-20,8.262373924255371,53.625,54.0,53.625,53.625,17167
1989-11-21,8.262373924255371,53.625,54.0,53.625,53.625,11367
1989-11-22,8.262373924255371,53.625,54.0,53.25,54.0,20817
1989-11-24,8.204585075378418,53.25,54.0,53.25,53.25,8833
1989-11-27,8.262373924255371,53.625,53.625,53.25,53.625,13667
1989-11-28,8.262373924255371,53.625,54.0,53.25,53.625,13883
1989-11-29,8.204585075378418,53.25,54.0,53.25,53.25,10467
1989-11-30,8.146822929382324,52.875,53.625,52.875,53.625,34283
1989-12-01,8.146822929382324,52.875,53.25,52.5,53.25,10750
1989-12-04,8.204585075378418,53.25,53.25,52.5,52.875,13133
1989-12-05,8.146822929382324,52.875,53.25,52.5,52.875,20333
1989-12-06,8.146822929382324,52.875,53.25,52.5,52.875,42150
1989-12-07,8.089042663574219,52.5,52.875,52.125,52.5,15100
1989-12-08,8.03126049041748,52.125,52.5,52.125,52.5,20733
1989-12-11,8.03126049041748,52.125,52.5,52.125,52.125,16783
1989-12-12,8.03126049041748,52.125,52.5,52.125,52.125,19467
1989-12-13,8.146822929382324,52.875,52.875,52.125,52.5,17350
1989-12-14,8.204585075378418,53.25,53.25,52.5,52.5,23050
1989-12-15,8.262373924255371,53.625,54.0,52.875,52.875,23950
1989-12-18,8.262373924255371,53.625,54.0,53.25,53.625,15033
1989-12-19,8.320159912109375,54.0,54.0,53.25,54.0,15417
1989-12-20,8.320159912109375,54.0,54.0,53.25,53.625,26800
1989-12-21,8.435711860656738,54.75,54.75,53.625,53.625,32700
1989-12-22,8.237247467041016,53.25,53.25,52.5,52.875,13633
1989-12-26,8.295251846313477,53.625,53.625,52.5,53.625,10017
1989-12-27,8.295251846313477,53.625,54.375,53.25,53.25,11217
1989-12-28,8.353264808654785,54.0,54.0,53.25,53.625,13800
1989-12-29,8.295251846313477,53.625,54.0,52.875,53.625,17533
1990-01-02,8.121225357055664,52.5,53.25,52.5,52.875,15983
1990-01-03,8.295251846313477,53.625,53.625,52.875,52.875,13217
1990-01-04,8.295251846313477,53.625,54.0,53.625,53.625,12883
1990-01-05,8.295251846313477,53.625,54.375,53.625,54.0,13033
1990-01-08,8.411272048950195,54.375,54.375,53.625,54.0,21233
1990-01-09,8.469290733337402,54.75,54.75,54.0,54.0,18733
1990-01-10,8.411272048950195,54.375,54.75,54.0,54.75,18000
1990-01-11,8.353264808654785,54.0,54.75,54.0,54.75,12817
1990-01-12,8.353264808654785,54.0,54.75,54.0,54.375,11233
1990-01-15,8.295251846313477,53.625,54.75,53.625,54.375,14200
1990-01-16,8.353264808654785,54.0,54.0,53.625,54.0,19683
1990-01-17,8.469290733337402,54.75,54.75,53.625,53.625,17217
1990-01-18,8.469290733337402,54.75,54.75,54.0,54.75,12833
1990-01-19,8.411272048950195,54.375,54.75,54.375,54.375,11667
1990-01-22,8.411272048950195,54.375,54.75,54.375,54.75,12100
1990-01-23,8.469290733337402,54.75,54.75,54.0,54.375,28167
1990-01-24,8.469290733337402,54.75,54.75,54.0,54.0,33000
1990-01-25,8.411272048950195,54.375,54.75,54.0,54.75,12317
1990-01-26,8.353264808654785,54.0,54.75,54.0,54.375,12333
1990-01-29,8.469290733337402,54.75,54.75,54.0,54.375,7233
1990-01-30,8.495060920715332,54.375,54.75,54.0,54.375,20800
1990-01-31,8.495060920715332,54.375,54.75,54.0,54.75,15550
1990-02-01,8.43647289276123,54.0,54.75,54.0,54.375,10167
1990-02-02,8.495060920715332,54.375,54.75,54.0,54.0,9017
1990-02-05,8.43647289276123,54.0,54.75,54.0,54.375,10167
1990-02-06,8.553645133972168,54.75,54.75,54.375,54.75,10467
1990-02-07,8.495060920715332,54.375,54.75,54.0,54.75,11983
1990-02-08,8.43647289276123,54.0,54.75,54.0,54.375,26300
1990-02-09,8.43647289276123,54.0,54.75,54.0,54.0,11500
1990-02-12,8.43647289276123,54.0,54.75,54.0,54.0,16050
1990-02-13,8.495060920715332,54.375,54.75,54.0,54.0,25500
1990-02-14,8.43647289276123,54.0,54.0,53.25,54.0,18700
1990-02-15,8.43647289276123,54.0,54.0,53.25,54.0,18617
1990-02-16,8.43647289276123,54.0,54.75,53.625,54.375,16100
1990-02-20,8.319296836853027,53.25,54.0,53.25,54.0,18067
1990-02-21,8.43647289276123,54.0,54.0,53.25,53.625,19417
1990-02-22,8.43647289276123,54.0,54.375,53.25,54.0,18550
1990-02-23,8.377889633178711,53.625,54.75,53.625,54.0,17750
1990-02-26,8.43647289276123,54.0,54.0,53.625,54.0,14533
1990-02-27,8.521688461303711,54.0,54.0,53.25,54.0,8817
1990-02-28,8.46251392364502,53.625,54.0,53.625,54.0,9433
1990-03-01,8.46251392364502,53.625,54.0,53.25,54.0,9383
1990-03-02,8.403327941894531,53.25,54.0,53.25,53.625,8833
1990-03-05,8.403327941894531,53.25,54.0,53.25,53.25,11500
1990-03-06,8.403327941894531,53.25,53.625,53.25,53.625,10900
1990-03-07,8.403327941894531,53.25,53.625,53.25,53.25,14517
1990-03-08,8.46251392364502,53.625,54.0,53.25,53.625,12350
1990-03-09,8.46251392364502,53.625,54.0,53.25,54.0,15667
1990-03-12,8.46251392364502,53.625,53.625,53.25,53.25,18417
1990-03-13,8.403327941894531,53.25,53.625,53.25,53.625,10800
1990-03-14,8.46251392364502,53.625,54.0,53.25,53.25,10350
1990-03-15,8.46251392364502,53.625,53.625,53.25,53.25,12417
1990-03-16,8.46251392364502,53.625,53.625,53.25,53.25,11800
1990-03-19,8.403327941894531,53.25,53.625,53.25,53.625,12583
1990-03-20,8.521688461303711,54.0,54.0,53.25,53.25,26767
1990-03-21,8.46251392364502,53.625,54.0,53.625,54.0,19383
1990-03-22,8.521688461303711,54.0,54.0,49.875,54.0,16150
1990-03-23,8.521688461303711,54.0,54.0,52.125,54.0,18467
1990-03-26,8.521688461303711,54.0,54.0,53.25,53.625,27300
1990-03-27,8.476640701293945,53.625,54.0,53.25,53.25,13533
1990-03-28,8.476640701293945,53.625,53.625,53.25,53.25,15317
1990-03-29,8.417365074157715,53.25,53.625,53.25,53.25,15167
1990-03-30,8.417365074157715,53.25,54.0,52.875,53.25,10500
1990-04-02,8.417365074157715,53.25,53.25,52.875,53.25,10150
1990-04-03,8.417365074157715,53.25,53.25,52.875,53.25,15367
1990-04-04,8.358087539672852,52.875,53.25,52.875,53.25,19067
1990-04-05,8.358087539672852,52.875,53.25,52.875,53.25,12017
1990-04-06,8.476640701293945,53.625,54.0,52.875,52.875,16583
1990-04-09,8.476640701293945,53.625,54.0,53.25,53.625,13700
1990-04-10,8.417365074157715,53.25,54.0,53.25,53.25,13400
1990-04-11,8.417365074157715,53.25,53.625,53.25,53.25,12717
1990-04-12,8.476640701293945,53.625,54.0,53.25,53.25,12667
1990-04-16,8.535919189453125,54.0,54.0,53.25,53.625,22417
1990-04-17,8.476640701293945,53.625,54.0,53.25,54.0,14883
1990-04-18,8.535919189453125,54.0,54.0,53.25,53.625,23267
1990-04-19,8.476640701293945,53.625,54.0,53.25,54.0,18550
1990-04-20,8.476640701293945,53.625,54.0,53.625,53.625,15050
1990-04-23,8.476640701293945,53.625,54.0,53.625,54.0,15533
1990-04-24,8.476640701293945,53.625,54.0,53.625,54.0,10050
1990-04-25,8.595192909240723,54.375,54.375,53.625,54.0,11617
1990-04-26,8.535919189453125,54.0,54.375,53.25,54.375,22000
1990-04-27,8.476640701293945,53.625,54.0,53.25,53.625,8967
1990-04-30,8.476640701293945,53.625,54.0,53.25,53.25,14500
1990-05-01,8.502989768981934,53.25,53.625,52.875,53.25,15050
1990-05-02,8.502989768981934,53.25,53.25,52.875,53.25,16383
1990-05-03,8.502989768981934,53.25,53.25,52.875,53.25,14017
1990-05-04,8.44310188293457,52.875,53.25,52.875,53.25,13033
1990-05-07,8.44310188293457,52.875,53.25,52.5,52.875,12350
1990-05-08,8.44310188293457,52.875,53.25,52.875,52.875,11217
1990-05-09,8.502989768981934,53.25,53.25,52.875,53.25,11850
1990-05-10,8.502989768981934,53.25,53.25,52.875,53.25,8300
1990-05-11,8.562868118286133,53.625,53.625,52.875,53.25,12783
1990-05-14,8.502989768981934,53.25,53.625,53.25,53.25,14950
1990-05-15,8.562868118286133,53.625,53.625,53.25,53.625,11233
1990-05-16,8.562868118286133,53.625,54.0,53.25,53.625,11417
1990-05-17,8.502989768981934,53.25,53.625,53.25,53.25,12933
1990-05-18,8.502989768981934,53.25,54.0,53.25,53.25,13333
1990-05-21,8.502989768981934,53.25,54.0,53.25,53.625,14083
1990-05-22,8.562868118286133,53.625,54.0,53.25,53.625,13850
1990-05-23,8.562868118286133,53.625,54.0,53.625,53.625,9150
1990-05-24,8.62274169921875,54.0,54.0,53.625,53.625,14833
1990-05-25,8.62274169921875,54.0,54.0,53.625,54.0,13167
1990-05-29,8.649357795715332,53.625,54.0,53.25,53.625,10250
1990-05-30,8.5888671875,53.25,54.0,53.25,53.25,19067
1990-05-31,8.649357795715332,53.625,54.0,53.25,53.25,8267
1990-06-01,8.649357795715332,53.625,54.0,53.625,53.625,8883
1990-06-04,8.649357795715332,53.625,54.0,53.625,53.625,13933
1990-06-05,8.709848403930664,54.0,54.0,53.625,54.0,10917
1990-06-06,8.7703275680542,54.375,54.375,53.625,53.625,7483
1990-06-07,8.7703275680542,54.375,54.75,54.0,54.0,7833
1990-06-08,8.709848403930664,54.0,54.75,54.0,54.0,12900
1990-06-11,8.709848403930664,54.0,54.375,54.0,54.0,9900
1990-06-12,8.7703275680542,54.375,54.375,54.0,54.375,9900
1990-06-13,8.7703275680542,54.375,54.75,54.0,54.0,14767
1990-06-14,8.830808639526367,54.75,54.75,54.375,54.375,8750
1990-06-15,8.830808639526367,54.75,54.75,54.375,54.375,12383
1990-06-18,8.7703275680542,54.375,54.75,54.375,54.75,12183
1990-06-19,8.830808639526367,54.75,54.75,54.0,54.75,10167
1990-06-20,8.830808639526367,54.75,54.75,54.375,54.75,11933
1990-06-21,8.8912992477417,55.125,55.5,54.375,54.375,19267
1990-06-22,8.830808639526367,54.75,55.125,54.375,54.75,22450
1990-06-25,8.830808639526367,54.75,55.5,54.75,55.125,9400
1990-06-26,8.85769271850586,54.375,55.125,54.375,54.75,9400
1990-06-27,8.918783187866211,54.75,54.75,54.375,54.375,12583
1990-06-28,8.796601295471191,54.0,54.75,54.0,54.75,14350
1990-06-29,8.918783187866211,54.75,54.75,54.0,54.0,10600
1990-07-02,8.85769271850586,54.375,54.75,54.375,54.75,13300
1990-07-03,8.918783187866211,54.75,54.75,54.375,54.75,7600
1990-07-05,8.918783187866211,54.75,54.75,54.375,54.375,12250
1990-07-06,8.85769271850586,54.375,54.75,54.375,54.75,10000
1990-07-09,8.918783187866211,54.75,54.75,54.375,54.75,13183
1990-07-10,8.979866027832031,55.125,55.5,54.375,54.75,19667
1990-07-11,8.918783187866211,54.75,60.0,54.75,55.5,23733
1990-07-12,8.979866027832031,55.125,55.5,54.75,54.75,13100
1990-07-13,8.918783187866211,54.75,55.125,54.75,54.75,8933
1990-07-16,9.0409517288208,55.5,56.25,55.125,55.5,16933
1990-07-17,9.0409517288208,55.5,55.5,54.75,55.5,12917
1990-07-18,9.102045059204102,55.875,56.25,55.5,55.5,20250
1990-07-19,9.224220275878906,56.625,56.625,55.875,56.25,24983
1990-07-20,9.163131713867188,56.25,56.625,56.25,56.625,16983
1990-07-23,8.979866027832031,55.125,58.875,54.75,56.25,21867
1990-07-24,8.979866027832031,55.125,55.125,54.75,54.75,15783
1990-07-25,8.979866027832031,55.125,55.5,54.75,54.75,12583
1990-07-26,9.0409517288208,55.5,55.5,54.75,55.125,9017
1990-07-27,8.979866027832031,55.125,55.5,54.75,55.5,18400
1990-07-30,8.979866027832031,55.125,55.5,54.75,54.75,10067
1990-07-31,8.994548797607422,55.125,55.125,54.75,55.125,8883
1990-08-01,8.994548797607422,55.125,55.125,54.75,55.125,10950
1990-08-02,8.994548797607422,55.125,55.5,54.75,55.5,12683
1990-08-03,8.933363914489746,54.75,55.125,54.375,54.75,11683
1990-08-06,8.81098747253418,54.0,54.75,54.0,54.75,18333
1990-08-07,8.933363914489746,54.75,54.75,54.0,54.375,15883
1990-08-08,8.933363914489746,54.75,54.75,54.375,54.375,13000
1990-08-09,8.933363914489746,54.75,55.125,54.75,55.125,15483
1990-08-10,8.872179985046387,54.375,55.5,54.375,54.75,9083
1990-08-13,8.872179985046387,54.375,54.75,54.375,54.375,11083
1990-08-14,8.994548797607422,55.125,55.5,54.75,55.125,16417
1990-08-15,8.872179985046387,54.375,59.25,54.0,54.75,48650
1990-08-16,8.81098747253418,54.0,54.0,53.625,54.0,15000
1990-08-17,8.749807357788086,53.625,54.0,53.625,54.0,12700
1990-08-20,8.749807357788086,53.625,54.0,53.625,53.625,15817
1990-08-21,8.81098747253418,54.0,54.0,53.625,54.0,19917
1990-08-22,8.81098747253418,54.0,54.0,53.625,54.0,33967
1990-08-23,8.81098747253418,54.0,54.0,53.25,54.0,34733
1990-08-24,8.749807357788086,53.625,54.0,53.25,53.625,17117
1990-08-27,8.749807357788086,53.625,54.0,53.625,54.0,22117
1990-08-28,8.825797080993652,54.0,54.0,53.625,53.625,13200
1990-08-29,8.948386192321777,54.75,54.75,53.625,53.625,24317
1990-08-30,8.948386192321777,54.75,54.75,54.375,54.375,20667
1990-08-31,8.948386192321777,54.75,54.75,54.0,54.375,51450
1990-09-04,8.948386192321777,54.75,55.125,54.375,54.75,12067
1990-09-05,8.948386192321777,54.75,55.5,54.75,55.125,15650
1990-09-06,9.00967025756836,55.125,55.5,54.75,54.75,11000
1990-09-07,9.07097053527832,55.5,55.5,54.75,55.125,7950
1990-09-10,9.132255554199219,55.875,55.875,55.125,55.5,12683
1990-09-11,9.00967025756836,55.125,55.875,55.125,55.5,13850
1990-09-12,9.07097053527832,55.5,55.5,54.75,55.125,13833
1990-09-13,9.132255554199219,55.875,55.875,54.75,55.125,16750
1990-09-14,9.132255554199219,55.875,55.875,55.125,55.5,18217
1990-09-17,9.132255554199219,55.875,55.875,55.125,55.875,15333
1990-09-18,9.132255554199219,55.875,59.625,55.5,55.875,15600
1990-09-19,9.00967025756836,55.125,56.25,54.75,56.25,31200
1990-09-20,9.07097053527832,55.5,55.875,55.125,55.5,12883
1990-09-21,9.132255554199219,55.875,56.25,55.5,55.5,18367
1990-09-24,9.00967025756836,55.125,55.875,55.125,55.5,13033
1990-09-25,8.901625633239746,54.375,55.125,54.0,55.125,21083
1990-09-26,8.840232849121094,54.0,54.75,54.0,54.375,13217
1990-09-27,8.778844833374023,53.625,54.75,53.625,54.0,19967
1990-09-28,8.840232849121094,54.0,54.75,53.625,54.0,13333
1990-10-01,8.840232849121094,54.0,54.75,54.0,54.0,8383
1990-10-02,8.840232849121094,54.0,58.125,54.0,54.375,23017
1990-10-03,8.778844833374023,53.625,54.75,53.625,54.375,9817
1990-10-04,8.840232849121094,54.0,54.375,53.625,54.0,13500
1990-10-05,8.840232849121094,54.0,54.375,53.625,54.0,12517
1990-10-08,8.840232849121094,54.0,54.375,54.0,54.0,9217
1990-10-09,8.840232849121094,54.0,54.75,54.0,54.0,9867
1990-10-10,8.840232849121094,54.0,54.375,54.0,54.0,18350
1990-10-11,8.778844833374023,53.625,54.375,53.625,54.0,32567
1990-10-12,8.778844833374023,53.625,54.0,53.625,54.0,21783
1990-10-15,8.778844833374023,53.625,54.0,53.25,54.0,27133
1990-10-16,8.778844833374023,53.625,53.625,53.25,53.625,26167
1990-10-17,8.717460632324219,53.25,53.625,53.25,53.25,34817
1990-10-18,8.717460632324219,53.25,54.0,53.25,53.25,19633
1990-10-19,8.717460632324219,53.25,53.625,52.875,53.25,16617
1990-10-22,8.656071662902832,52.875,53.625,52.875,52.875,21717
1990-10-23,8.778844833374023,53.625,53.625,52.875,53.25,15917
1990-10-24,8.778844833374023,53.625,53.625,53.25,53.625,13683
1990-10-25,8.717460632324219,53.25,53.625,53.25,53.25,11333
1990-10-26,8.840232849121094,54.0,54.0,53.25,53.625,9983
1990-10-29,8.840232849121094,54.0,54.0,53.625,54.0,11333
1990-10-30,8.805505752563477,53.25,54.0,52.875,53.25,19250
1990-10-31,8.867520332336426,53.625,54.0,53.25,53.625,11800
1990-11-01,8.929526329040527,54.0,54.0,53.25,53.625,22333
1990-11-02,8.929526329040527,54.0,54.0,53.625,54.0,17700
1990-11-05,8.867520332336426,53.625,54.375,53.625,54.0,17650
1990-11-06,8.929526329040527,54.0,54.0,53.625,54.0,11233
1990-11-07,8.929526329040527,54.0,54.0,53.625,54.0,11933
1990-11-08,8.929526329040527,54.0,54.375,53.625,54.0,10050
1990-11-09,8.929526329040527,54.0,54.375,53.625,53.625,12417
1990-11-12,8.867520332336426,53.625,54.0,53.625,54.0,12967
1990-11-13,8.929526329040527,54.0,54.0,53.625,53.625,18167
1990-11-14,8.929526329040527,54.0,54.375,53.625,54.0,17917
1990-11-15,8.929526329040527,54.0,54.375,50.25,54.0,14933
1990-11-16,8.991540908813477,54.375,54.375,53.625,53.625,18967
1990-11-19,8.991540908813477,54.375,54.375,54.0,54.375,15533
1990-11-20,8.991540908813477,54.375,54.375,54.0,54.0,15650
1990-11-21,9.053552627563477,54.75,54.75,54.0,54.375,22750
1990-11-23,9.11556339263916,55.125,55.125,54.375,54.75,13317
1990-11-26,9.053552627563477,54.75,55.125,54.375,54.375,17317
1990-11-27,8.882120132446289,53.625,54.75,53.625,54.75,14150
1990-11-28,9.006342887878418,54.375,54.375,54.0,54.0,10533
1990-11-29,9.006342887878418,54.375,54.375,54.0,54.0,19917
1990-11-30,8.944231033325195,54.0,54.375,54.0,54.0,15133
1990-12-03,9.006342887878418,54.375,54.375,54.0,54.0,16133
1990-12-04,8.944231033325195,54.0,54.375,54.0,54.375,10400
1990-12-05,9.068460464477539,54.75,54.75,54.0,54.0,12883
1990-12-06,9.006342887878418,54.375,54.75,54.375,54.75,13800
1990-12-07,9.068460464477539,54.75,54.75,54.0,54.375,15367
1990-12-10,9.006342887878418,54.375,54.75,54.0,54.375,16100
1990-12-11,9.006342887878418,54.375,54.75,54.0,54.375,18717
1990-12-12,9.130574226379395,55.125,55.5,54.375,54.375,26200
1990-12-13,9.130574226379395,55.125,55.5,54.75,55.125,15900
1990-12-14,9.068460464477539,54.75,55.5,54.75,55.125,22100
1990-12-17,9.068460464477539,54.75,55.5,54.75,55.125,27700
1990-12-18,9.192682266235352,55.5,55.5,54.75,54.75,18583
1990-12-19,9.316903114318848,56.25,56.25,55.125,55.5,50917
1990-12-20,9.316903114318848,56.25,56.25,55.5,56.25,25200
1990-12-21,9.379022598266602,56.625,56.625,56.25,56.625,31017
1990-12-24,9.082898139953613,54.75,55.125,54.375,54.375,8533
1990-12-26,9.082898139953613,54.75,55.5,54.75,54.75,9600
1990-12-27,9.082898139953613,54.75,55.5,54.75,55.125,7133
1990-12-28,9.082898139953613,54.75,55.5,54.75,55.125,11467
1990-12-31,9.082898139953613,54.75,55.5,54.75,54.75,8800
1991-01-02,9.207315444946289,55.5,55.5,54.75,55.125,13783
1991-01-03,9.207315444946289,55.5,55.5,54.75,55.5,16467
1991-01-04,9.269529342651367,55.875,55.875,55.125,55.125,19600
1991-01-07,9.207315444946289,55.5,55.875,55.125,55.5,15550
1991-01-08,9.145110130310059,55.125,55.5,55.125,55.125,15483
1991-01-09,9.145110130310059,55.125,55.5,54.75,55.5,18533
1991-01-10,9.207315444946289,55.5,55.5,54.75,55.5,12933
1991-01-11,9.207315444946289,55.5,55.5,55.125,55.125,15533
1991-01-14,9.145110130310059,55.125,56.25,54.75,56.25,20250
1991-01-15,9.207315444946289,55.5,56.25,54.75,54.75,26350
1991-01-16,9.331734657287598,56.25,57.0,55.5,55.5,16133
1991-01-17,9.331734657287598,56.25,57.0,56.25,57.0,45333
1991-01-18,9.269529342651367,55.875,56.625,55.875,56.625,11500
1991-01-21,9.331734657287598,56.25,56.625,55.875,56.25,14917
1991-01-22,9.456160545349121,57.0,57.0,56.25,56.625,14000
1991-01-23,9.456160545349121,57.0,57.0,56.25,56.625,17450
1991-01-24,9.456160545349121,57.0,57.375,56.25,57.0,25067
1991-01-25,9.420980453491211,56.25,57.0,56.25,56.625,13667
1991-01-28,9.483792304992676,56.625,57.0,56.25,56.625,17267
1991-01-29,9.60941219329834,57.375,57.375,56.25,56.625,15467
1991-01-30,9.672223091125488,57.75,57.75,57.0,57.0,12467
1991-01-31,9.420980453491211,56.25,58.125,56.25,57.375,23117
1991-02-01,9.60941219329834,57.375,57.75,56.25,56.25,13117
1991-02-04,9.672223091125488,57.75,57.75,57.0,57.75,13483
1991-02-05,9.672223091125488,57.75,57.75,57.0,57.75,13583
1991-02-06,9.546597480773926,57.0,57.75,57.0,57.0,20167
1991-02-07,9.672223091125488,57.75,57.75,57.0,57.375,19967
1991-02-08,9.672223091125488,57.75,58.5,57.375,57.375,22183
1991-02-11,9.797840118408203,58.5,58.5,57.75,58.5,23767
1991-02-12,9.797840118408203,58.5,58.5,57.75,58.5,16000
1991-02-13,9.797840118408203,58.5,58.5,58.125,58.125,17133
1991-02-14,9.797840118408203,58.5,58.5,57.75,58.125,15433
1991-02-15,9.735024452209473,58.125,58.5,58.125,58.125,17400
1991-02-19,9.860639572143555,58.875,58.875,58.5,58.5,27633
1991-02-20,9.797840118408203,58.5,59.25,58.5,58.875,27583
1991-02-21,9.860639572143555,58.875,59.25,57.75,58.5,30433
1991-02-22,9.860639572143555,58.875,59.25,58.5,58.5,25367
1991-02-25,9.875733375549316,58.875,59.25,58.5,58.5,22100
1991-02-26,9.749930381774902,58.125,59.625,57.75,58.875,25583
1991-02-27,9.749930381774902,58.125,58.5,57.75,58.5,16433
1991-02-28,9.561214447021484,57.0,58.125,57.0,58.125,19700
1991-03-01,9.435409545898438,56.25,57.375,55.5,57.375,46983
1991-03-04,9.372513771057129,55.875,56.625,55.5,55.875,25117
1991-03-05,9.498312950134277,56.625,56.625,55.875,56.25,23150
1991-03-06,9.498312950134277,56.625,56.625,55.875,56.625,18800
1991-03-07,9.561214447021484,57.0,57.0,54.375,56.625,11517
1991-03-08,9.498312950134277,56.625,57.75,56.625,57.0,12900
1991-03-11,9.498312950134277,56.625,57.0,56.625,57.0,16883
1991-03-12,9.561214447021484,57.0,57.375,56.25,57.375,17067
1991-03-13,9.687027931213379,57.75,57.75,57.0,57.375,14017
1991-03-14,9.687027931213379,57.75,58.5,57.375,57.75,11000
1991-03-15,9.687027931213379,57.75,58.5,57.75,57.75,15567
1991-03-18,9.687027931213379,57.75,58.5,57.75,58.125,25650
1991-03-19,9.687027931213379,57.75,58.5,57.0,57.75,21767
1991-03-20,9.812835693359375,58.5,58.5,57.375,57.75,30517
1991-03-21,9.749930381774902,58.125,58.5,57.375,58.5,19867
1991-03-22,9.77786922454834,57.75,58.125,57.0,57.375,11833
1991-03-25,9.77786922454834,57.75,57.75,55.5,57.75,17850
1991-03-26,9.714376449584961,57.375,57.75,57.375,57.75,14267
1991-03-27,9.77786922454834,57.75,57.75,57.0,57.375,17450
1991-03-28,9.77786922454834,57.75,57.75,57.0,57.75,13817
1991-04-01,9.77786922454834,57.75,57.75,57.0,57.375,22517
1991-04-02,9.77786922454834,57.75,58.5,57.375,57.75,21983
1991-04-03,9.90485954284668,58.5,58.5,57.75,57.75,15233
1991-04-04,9.77786922454834,57.75,58.5,57.75,58.125,14483
1991-04-05,9.90485954284668,58.5,58.875,58.125,58.5,23417
1991-04-08,10.031834602355957,59.25,59.25,58.5,58.875,18300
1991-04-09,10.031834602355957,59.25,59.25,58.875,58.875,25633
1991-04-10,10.031834602355957,59.25,59.625,58.5,58.875,18983
1991-04-11,9.968347549438477,58.875,59.25,58.5,58.875,19133
1991-04-12,9.968347549438477,58.875,59.625,58.5,59.25,17783
1991-04-15,10.031834602355957,59.25,59.625,58.5,59.25,24067
1991-04-16,10.158822059631348,60.0,60.0,58.875,58.875,38250
1991-04-17,10.158822059631348,60.0,60.0,58.5,60.0,62483
1991-04-18,10.095332145690918,59.625,60.0,59.25,60.0,23333
1991-04-19,10.095332145690918,59.625,60.0,59.25,59.625,15433
1991-04-22,10.158822059631348,60.0,60.0,59.25,59.25,17433
1991-04-23,10.158822059631348,60.0,60.0,59.25,59.625,22450
1991-04-24,9.983320236206055,58.875,60.0,58.875,59.625,19383
1991-04-25,9.983320236206055,58.875,59.25,58.5,58.875,17050
1991-04-26,9.983320236206055,58.875,59.625,58.875,59.25,20100
1991-04-29,10.11049747467041,59.625,60.0,58.5,58.875,15983
1991-04-30,10.11049747467041,59.625,60.0,59.25,59.25,18350
1991-05-01,10.174084663391113,60.0,60.0,59.25,59.625,15933
1991-05-02,10.11049747467041,59.625,60.0,59.625,60.0,15767
1991-05-03,10.11049747467041,59.625,60.375,59.25,60.0,42500
1991-05-06,10.174084663391113,60.0,60.0,59.25,59.25,20233
1991-05-07,10.174084663391113,60.0,60.375,59.625,59.625,20633
1991-05-08,10.174084663391113,60.0,60.375,59.625,60.0,20100
1991-05-09,10.237672805786133,60.375,60.375,60.0,60.0,22950
1991-05-10,10.237672805786133,60.375,60.75,60.0,60.375,15450
1991-05-13,10.237672805786133,60.375,60.75,59.625,60.0,16367
1991-05-14,10.237672805786133,60.375,60.75,60.0,60.375,25817
1991-05-15,10.237672805786133,60.375,60.375,60.0,60.375,17367
1991-05-16,10.174084663391113,60.0,60.375,60.0,60.0,14767
1991-05-17,10.174084663391113,60.0,60.75,60.0,60.375,19450
1991-05-20,10.301259994506836,60.75,60.75,60.0,60.375,21517
1991-05-21,10.174084663391113,60.0,60.75,60.0,60.75,40683
1991-05-22,10.046902656555176,59.25,60.75,58.875,60.0,53000
1991-05-23,9.9197416305542,58.5,59.625,56.625,58.875,77933
1991-05-24,9.680268287658691,57.0,57.75,56.625,57.75,27383
1991-05-28,9.935022354125977,58.5,58.875,57.375,58.125,27767
1991-05-29,10.126077651977539,59.625,59.625,58.5,58.5,21383
1991-05-30,10.062383651733398,59.25,59.625,58.875,59.625,22750
1991-05-31,10.126077651977539,59.625,60.0,59.25,59.25,19650
1991-06-03,10.1897611618042,60.0,60.0,59.25,59.25,17400
1991-06-04,10.126077651977539,59.625,60.0,59.625,60.0,20583
1991-06-05,10.1897611618042,60.0,60.0,59.625,59.625,14700
1991-06-06,9.871331214904785,58.125,60.0,57.75,59.625,36817
1991-06-07,9.871331214904785,58.125,58.5,57.375,58.125,25233
1991-06-10,9.99870777130127,58.875,59.25,57.75,57.75,15700
1991-06-11,10.062383651733398,59.25,59.625,58.5,59.25,17350
1991-06-12,9.935022354125977,58.5,59.25,58.5,58.5,17067
1991-06-13,9.99870777130127,58.875,59.25,58.5,58.5,21050
1991-06-14,10.062383651733398,59.25,59.625,58.5,58.875,14933
1991-06-17,10.126077651977539,59.625,60.0,59.25,59.625,22967
1991-06-18,10.062383651733398,59.25,60.0,59.25,59.625,17967
1991-06-19,10.1897611618042,60.0,60.75,59.25,59.625,21633
1991-06-20,10.1897611618042,60.0,60.75,60.0,60.375,20183
1991-06-21,10.126077651977539,59.625,60.75,59.25,60.0,21250
1991-06-24,10.141386985778809,59.625,60.0,58.5,58.5,12983
1991-06-25,10.141386985778809,59.625,60.0,59.25,59.625,16533
1991-06-26,10.141386985778809,59.625,60.0,59.25,59.25,6767
1991-06-27,10.141386985778809,59.625,60.0,59.25,59.625,9300
1991-06-28,10.268954277038574,60.375,60.375,59.625,60.0,14333
1991-07-01,10.205164909362793,60.0,60.375,59.625,60.0,21550
1991-07-02,10.205164909362793,60.0,60.0,59.625,60.0,14983
1991-07-03,10.268954277038574,60.375,60.375,59.625,60.0,17017
1991-07-05,10.268954277038574,60.375,60.375,60.0,60.375,7967
1991-07-08,10.205164909362793,60.0,60.75,60.0,60.0,19900
1991-07-09,10.268954277038574,60.375,60.75,60.0,60.0,17783
1991-07-10,10.33272933959961,60.75,60.75,60.375,60.75,14583
1991-07-11,10.33272933959961,60.75,60.75,60.0,60.375,14467
1991-07-12,10.33272933959961,60.75,60.75,60.375,60.375,13633
1991-07-15,10.33272933959961,60.75,61.5,60.375,60.75,30783
1991-07-16,10.460293769836426,61.5,61.5,60.75,60.75,22583
1991-07-17,10.33272933959961,60.75,62.25,60.75,61.5,32850
1991-07-18,10.396514892578125,61.125,61.5,60.375,61.125,13933
1991-07-19,10.33272933959961,60.75,61.125,60.75,61.125,17267
1991-07-22,10.460293769836426,61.5,61.5,60.75,60.75,15450
1991-07-23,10.396514892578125,61.125,61.5,60.75,61.5,19117
1991-07-24,10.396514892578125,61.125,61.5,60.75,61.5,19200
1991-07-25,10.424829483032227,60.75,61.125,60.375,61.125,18750
1991-07-26,10.424829483032227,60.75,61.125,60.0,60.375,11400
1991-07-29,10.3604736328125,60.375,60.75,60.0,60.75,20333
1991-07-30,10.424829483032227,60.75,61.125,60.0,60.375,14817
1991-07-31,10.424829483032227,60.75,61.5,60.0,60.75,21167
1991-08-01,10.3604736328125,60.375,60.75,60.375,60.75,14550
1991-08-02,10.424829483032227,60.75,61.125,60.375,60.375,13717
1991-08-05,10.489178657531738,61.125,61.5,60.375,60.375,8583
1991-08-06,10.489178657531738,61.125,61.875,60.75,60.75,16467
1991-08-07,10.553534507751465,61.5,61.5,60.75,61.125,12767
1991-08-08,10.617876052856445,61.875,62.25,61.125,61.5,15667
1991-08-09,10.617876052856445,61.875,62.25,61.5,61.5,11767
1991-08-12,10.682222366333008,62.25,63.0,61.875,61.875,18333
1991-08-13,10.682222366333008,62.25,63.0,62.25,62.625,24367
1991-08-14,10.746570587158203,62.625,63.0,62.625,62.625,19500
1991-08-15,10.810921669006348,63.0,63.375,62.625,63.0,29400
1991-08-16,10.810921669006348,63.0,63.75,62.25,63.0,13417
1991-08-19,10.746570587158203,62.625,63.0,62.25,62.625,24600
1991-08-20,10.682222366333008,62.25,62.625,61.875,62.25,19200
1991-08-21,10.810921669006348,63.0,63.375,62.25,62.625,24667
1991-08-22,10.939634323120117,63.75,64.5,63.0,63.0,20867
1991-08-23,10.939634323120117,63.75,64.875,63.375,63.75,35267
1991-08-26,10.903285026550293,63.0,63.0,62.25,63.0,20733
1991-08-27,10.838377952575684,62.625,63.0,61.5,63.0,25067
1991-08-28,10.968189239501953,63.375,63.375,62.625,62.625,14500
1991-08-29,11.097997665405273,64.125,64.125,63.0,63.0,20917
1991-08-30,11.097997665405273,64.125,64.5,63.375,63.75,12967
1991-09-03,10.968189239501953,63.375,64.125,63.0,63.75,11467
1991-09-04,11.033090591430664,63.75,63.75,63.0,63.375,13733
1991-09-05,11.162891387939453,64.5,64.5,63.375,63.75,23700
1991-09-06,11.162891387939453,64.5,64.5,63.75,64.125,15400
1991-09-09,11.162891387939453,64.5,64.5,63.75,63.75,13450
1991-09-10,11.162891387939453,64.5,65.25,64.125,64.5,17750
1991-09-11,11.227788925170898,64.875,65.625,64.5,65.25,15183
1991-09-12,11.292691230773926,65.25,65.25,64.875,65.25,17883
1991-09-13,11.292691230773926,65.25,65.25,64.875,65.25,16700
1991-09-16,11.422491073608398,66.0,66.0,65.25,65.625,22783
1991-09-17,11.422491073608398,66.0,66.0,65.25,65.25,24433
1991-09-18,11.292691230773926,65.25,66.375,64.875,66.0,39517
1991-09-19,11.227788925170898,64.875,65.25,64.875,64.875,16133
1991-09-20,11.292691230773926,65.25,65.625,64.875,65.25,14667
1991-09-23,11.35759449005127,65.625,66.0,64.5,65.625,20617
1991-09-24,11.17822551727295,64.5,65.25,64.5,64.875,13750
1991-09-25,11.308202743530273,65.25,65.25,64.5,64.875,12533
1991-09-26,11.243207931518555,64.875,65.25,64.5,64.875,8833
1991-09-27,11.373189926147461,65.625,65.625,64.875,64.875,12933
1991-09-30,11.373189926147461,65.625,65.625,65.25,65.25,14400
1991-10-01,11.308202743530273,65.25,65.625,65.25,65.25,15300
1991-10-02,11.438183784484863,66.0,66.0,65.25,65.625,17617
1991-10-03,11.373189926147461,65.625,66.0,65.25,65.625,15967
1991-10-04,11.438183784484863,66.0,66.0,65.25,65.25,16167
1991-10-07,11.373189926147461,65.625,66.0,65.625,65.625,15583
1991-10-08,11.438183784484863,66.0,66.0,65.625,65.625,10500
1991-10-09,11.308202743530273,65.25,66.0,64.875,66.0,26250
1991-10-10,11.308202743530273,65.25,65.625,65.25,65.25,9050
1991-10-11,11.373189926147461,65.625,66.0,65.25,65.25,14383
1991-10-14,11.373189926147461,65.625,66.0,65.25,65.625,11567
1991-10-15,11.438183784484863,66.0,66.375,65.25,65.625,41133
1991-10-16,11.373189926147461,65.625,66.375,65.25,66.375,17200
1991-10-17,11.373189926147461,65.625,66.0,65.25,65.625,16133
1991-10-18,11.438183784484863,66.0,66.0,61.875,65.25,15350
1991-10-21,11.438183784484863,66.0,66.0,65.25,66.0,14917
1991-10-22,11.373189926147461,65.625,66.0,65.25,66.0,23717
1991-10-23,11.373189926147461,65.625,66.0,65.25,65.625,24567
1991-10-24,11.373189926147461,65.625,66.0,65.625,66.0,38183
1991-10-25,11.453886985778809,66.0,66.0,65.25,65.625,22217
1991-10-28,11.38880729675293,65.625,66.0,65.625,66.0,16400
1991-10-29,11.453886985778809,66.0,66.375,65.625,66.0,41467
1991-10-30,11.453886985778809,66.0,66.0,65.625,66.0,19567
1991-10-31,11.38880729675293,65.625,66.75,65.625,65.625,28133
1991-11-01,11.518974304199219,66.375,66.375,66.0,66.0,14067
1991-11-04,11.453886985778809,66.0,66.375,66.0,66.0,19133
1991-11-05,11.453886985778809,66.0,66.75,66.0,66.375,17117
1991-11-06,11.453886985778809,66.0,70.875,66.0,66.75,22417
1991-11-07,11.584044456481934,66.75,66.75,66.0,66.375,15450
1991-11-08,11.649130821228027,67.125,67.5,66.75,67.125,19833
1991-11-11,11.649130821228027,67.125,67.5,66.75,66.75,16150
1991-11-12,11.71419906616211,67.5,67.875,67.125,67.5,15683
1991-11-13,11.71419906616211,67.5,67.5,66.75,67.125,15133
1991-11-14,11.844362258911133,68.25,68.25,67.125,67.5,17033
1991-11-15,11.584044456481934,66.75,68.25,66.75,67.875,33317
1991-11-18,11.779273986816406,67.875,67.875,66.375,66.375,20700
1991-11-19,11.909423828125,68.625,68.625,67.5,67.875,29200
1991-11-20,12.039609909057617,69.375,70.5,68.25,68.25,29000
1991-11-21,11.844362258911133,68.25,69.375,67.5,69.0,32733
1991-11-22,11.599335670471191,66.75,67.875,66.75,67.875,22400
1991-11-25,11.599335670471191,66.75,67.5,66.375,66.375,22350
1991-11-26,11.66450023651123,67.125,67.5,66.75,67.125,22717
1991-11-27,11.66450023651123,67.125,67.5,66.75,66.75,7850
1991-11-29,11.599335670471191,66.75,67.5,66.75,67.5,12250
1991-12-02,11.729666709899902,67.5,68.25,66.75,67.125,8850
1991-12-03,11.794836044311523,67.875,68.25,67.5,67.875,16033
1991-12-04,11.92515754699707,68.625,68.625,67.5,67.875,13650
1991-12-05,11.859996795654297,68.25,68.625,68.25,68.25,14633
1991-12-06,11.92515754699707,68.625,69.0,67.875,68.25,16833
1991-12-09,11.729666709899902,67.5,68.625,67.125,68.25,15500
1991-12-10,11.794836044311523,67.875,68.25,67.5,67.875,16083
1991-12-11,11.794836044311523,67.875,68.25,67.5,67.875,7800
1991-12-12,11.92515754699707,68.625,69.0,67.875,67.875,26750
1991-12-13,11.99032211303711,69.0,69.375,68.25,68.625,21717
1991-12-16,12.185827255249023,70.125,70.5,69.0,69.375,24833
1991-12-17,12.120665550231934,69.75,70.5,69.75,69.75,25567
1991-12-18,12.055499076843262,69.375,69.75,69.0,69.375,14833
1991-12-19,11.92515754699707,68.625,69.75,68.625,69.0,18150
1991-12-20,12.185827255249023,70.125,70.125,69.375,69.75,30833
1991-12-23,11.744742393493652,67.5,67.875,66.75,67.125,26017
1991-12-24,11.54900074005127,66.375,67.5,66.0,67.125,21850
1991-12-26,11.54900074005127,66.375,66.375,65.625,66.0,20567
1991-12-27,11.614241600036621,66.75,66.75,66.0,66.375,14967
1991-12-30,11.614241600036621,66.75,67.5,66.375,66.75,15850
1991-12-31,11.614241600036621,66.75,67.125,66.375,67.125,10500
1992-01-02,11.483757019042969,66.0,66.75,65.625,66.375,23050
1992-01-03,10.831256866455078,62.25,66.375,61.875,66.375,51217
1992-01-06,11.35324478149414,65.25,66.0,62.25,62.25,53300
1992-01-07,11.35324478149414,65.25,65.25,64.5,64.5,32567
1992-01-08,11.418501853942871,65.625,66.0,64.875,65.25,25450
1992-01-09,10.439776420593262,60.0,66.0,58.5,65.625,119883
1992-01-10,10.635516166687012,61.125,61.5,60.0,60.0,81000
1992-01-13,11.157508850097656,64.125,64.5,61.875,61.875,38150
1992-01-14,11.222761154174805,64.5,64.875,63.375,64.5,34100
1992-01-15,11.092265129089355,63.75,65.25,63.75,64.125,30183
1992-01-16,11.02701473236084,63.375,63.75,63.0,63.75,34250
1992-01-17,10.896512031555176,62.625,63.375,62.25,62.625,18550
1992-01-20,11.092265129089355,63.75,64.125,63.0,63.375,17933
1992-01-21,11.157508850097656,64.125,64.5,63.375,64.125,16150
1992-01-22,11.222761154174805,64.5,64.5,63.75,64.125,20450
1992-01-23,11.222761154174805,64.5,64.5,63.75,64.125,19850
1992-01-24,11.157508850097656,64.125,64.5,63.375,63.75,23500
1992-01-27,10.977170944213867,63.0,64.125,63.0,63.375,27200
1992-01-28,11.107842445373535,63.75,64.5,63.0,63.375,27950
1992-01-29,11.107842445373535,63.75,64.5,63.0,63.0,17350
1992-01-30,11.173186302185059,64.125,64.5,63.375,64.125,17067
1992-01-31,11.042512893676758,63.375,64.125,63.0,64.125,19017
1992-02-03,11.107842445373535,63.75,63.75,63.0,63.75,15417
1992-02-04,10.977170944213867,63.0,63.75,63.0,63.375,20983
1992-02-05,10.781147003173828,61.875,63.375,61.875,63.0,26467
1992-02-06,10.715806007385254,61.5,62.25,61.5,61.875,26683
1992-02-07,10.846492767333984,62.25,62.625,61.875,62.25,22100
1992-02-10,11.107842445373535,63.75,63.75,62.25,62.25,18867
1992-02-11,11.173186302185059,64.125,64.125,63.0,63.375,20250
1992-02-12,11.173186302185059,64.125,64.125,63.75,64.125,18050
1992-02-13,11.173186302185059,64.125,64.125,63.375,64.125,18917
1992-02-14,11.107842445373535,63.75,64.125,63.375,63.75,17200
1992-02-18,11.107842445373535,63.75,64.5,63.75,64.125,20050
1992-02-19,11.107842445373535,63.75,65.25,63.75,64.125,26050
1992-02-20,11.238532066345215,64.5,64.875,63.75,64.125,16950
1992-02-21,11.303868293762207,64.875,65.25,64.5,64.875,20867
1992-02-24,11.398747444152832,64.875,64.875,64.125,64.125,13017
1992-02-25,11.464630126953125,65.25,65.25,64.125,64.125,11050
1992-02-26,11.332862854003906,64.5,65.25,64.5,65.25,15983
1992-02-27,11.464630126953125,65.25,65.25,64.5,64.875,10117
1992-02-28,11.464630126953125,65.25,65.25,64.875,64.875,9750
1992-03-02,11.398747444152832,64.875,65.25,64.875,64.875,14867
1992-03-03,11.332862854003906,64.5,65.625,63.375,65.625,31317
1992-03-04,11.332862854003906,64.5,65.625,63.75,63.75,14133
1992-03-05,11.266965866088867,64.125,64.5,63.75,63.75,14200
1992-03-06,11.332862854003906,64.5,64.5,64.125,64.5,10583
1992-03-09,11.398747444152832,64.875,65.25,64.125,64.5,13650
1992-03-10,11.464630126953125,65.25,65.25,64.5,64.5,13350
1992-03-11,11.464630126953125,65.25,65.25,64.5,64.875,10283
1992-03-12,11.464630126953125,65.25,65.25,64.5,65.25,12550
1992-03-13,11.464630126953125,65.25,65.25,64.875,65.25,10650
1992-03-16,11.464630126953125,65.25,65.25,64.5,64.875,23050
1992-03-17,11.464630126953125,65.25,65.25,64.5,65.25,19300
1992-03-18,11.398747444152832,64.875,65.25,64.875,65.25,13150
1992-03-19,11.464630126953125,65.25,65.25,64.875,65.25,13467
1992-03-20,11.464630126953125,65.25,65.25,64.875,64.875,18167
1992-03-23,11.464630126953125,65.25,65.625,64.875,65.25,10350
1992-03-24,11.464630126953125,65.25,65.25,64.875,65.25,10017
1992-03-25,11.41450023651123,64.875,65.25,64.125,64.5,11383
1992-03-26,11.546454429626465,65.625,65.625,64.5,64.875,21217
1992-03-27,11.480466842651367,65.25,65.625,64.5,65.25,12333
1992-03-30,11.480466842651367,65.25,65.25,64.5,64.875,13900
1992-03-31,11.41450023651123,64.875,65.25,64.5,65.25,11350
1992-04-01,11.41450023651123,64.875,65.25,64.875,65.25,11717
1992-04-02,11.480466842651367,65.25,65.25,64.875,64.875,11933
1992-04-03,11.480466842651367,65.25,65.25,64.5,64.875,11700
1992-04-06,11.41450023651123,64.875,65.25,64.5,64.875,11633
1992-04-07,11.41450023651123,64.875,65.25,64.875,65.25,10950
1992-04-08,11.41450023651123,64.875,65.25,64.5,64.875,8717
1992-04-09,11.480466842651367,65.25,65.25,64.5,64.875,12333
1992-04-10,11.480466842651367,65.25,65.25,64.875,65.25,11800
1992-04-13,11.480466842651367,65.25,65.25,64.875,65.25,12667
1992-04-14,11.480466842651367,65.25,65.25,64.875,64.875,15433
1992-04-15,11.546454429626465,65.625,66.0,64.875,65.25,20017
1992-04-16,11.678401947021484,66.375,66.75,65.25,65.625,31733
1992-04-20,11.810376167297363,67.125,67.125,66.375,66.375,25667
1992-04-21,11.810376167297363,67.125,67.125,66.75,66.75,20017
1992-04-22,11.876344680786133,67.5,68.25,67.125,67.5,21400
1992-04-23,11.810376167297363,67.125,70.875,66.75,67.5,17683
1992-04-24,11.706610679626465,66.0,66.75,65.625,66.375,20750
1992-04-27,11.83963394165039,66.75,66.75,66.0,66.75,12483
1992-04-28,11.906157493591309,67.125,67.5,66.75,66.75,11900
1992-04-29,12.105705261230469,68.25,68.25,66.75,66.75,12833
1992-04-30,12.039177894592285,67.875,71.625,67.5,67.875,9283
1992-05-01,11.83963394165039,66.75,67.875,66.375,67.5,20917
1992-05-04,11.83963394165039,66.75,67.5,66.0,67.125,16867
1992-05-05,11.906157493591309,67.125,67.5,66.75,67.125,13550
1992-05-06,11.972660064697266,67.5,67.875,67.5,67.5,13883
1992-05-07,11.83963394165039,66.75,67.875,66.75,67.875,16700
1992-05-08,11.972660064697266,67.5,68.25,66.75,66.75,13150
1992-05-11,11.972660064697266,67.5,67.875,67.125,67.5,10933
1992-05-12,11.972660064697266,67.5,68.25,67.5,67.5,10367
1992-05-13,12.105705261230469,68.25,68.25,67.5,67.5,14083
1992-05-14,12.105705261230469,68.25,69.0,68.25,68.25,17217
1992-05-15,12.105705261230469,68.25,69.0,68.25,68.625,12567
1992-05-18,12.238723754882812,69.0,69.0,68.625,69.0,11717
1992-05-19,12.3052396774292,69.375,69.75,68.625,68.625,20750
1992-05-20,12.238723754882812,69.0,69.75,69.0,69.375,21067
1992-05-21,12.105705261230469,68.25,69.375,67.875,69.0,12633
1992-05-22,12.188284873962402,68.625,69.0,68.25,68.25,11450
1992-05-26,12.188284873962402,68.625,71.625,67.5,68.625,14900
1992-05-27,12.321488380432129,69.375,69.75,68.625,68.625,16983
1992-05-28,12.38809871673584,69.75,70.5,69.0,69.0,14800
1992-05-29,12.321488380432129,69.375,70.125,66.75,69.375,18217
1992-06-01,12.454694747924805,70.125,70.125,69.375,69.75,14967
1992-06-02,12.38809871673584,69.75,70.125,69.75,70.125,11183
1992-06-03,12.188284873962402,68.625,70.125,68.625,69.75,27483
1992-06-04,11.988469123840332,67.5,68.625,67.5,68.625,16317
1992-06-05,12.254883766174316,69.0,69.0,67.875,68.25,10533
1992-06-08,12.188284873962402,68.625,69.75,68.25,69.0,15950
1992-06-09,12.121689796447754,68.25,69.0,67.5,69.0,13133
1992-06-10,12.188284873962402,68.625,69.0,68.25,68.625,10417
1992-06-11,12.121689796447754,68.25,68.625,68.25,68.25,9250
1992-06-12,12.254883766174316,69.0,69.0,68.25,68.25,14250
1992-06-15,12.38809871673584,69.75,70.5,69.0,69.375,14400
1992-06-16,12.454694747924805,70.125,70.5,69.375,69.75,11133
1992-06-17,12.38809871673584,69.75,70.5,69.375,70.5,15850
1992-06-18,12.38809871673584,69.75,70.5,69.375,70.125,19617
1992-06-19,12.254883766174316,69.0,70.125,69.0,69.375,12300
1992-06-22,12.321488380432129,69.375,69.75,68.625,69.0,13017
1992-06-23,12.254883766174316,69.0,69.375,68.625,69.375,17250
1992-06-24,12.204206466674805,68.625,68.625,67.5,68.625,9667
1992-06-25,11.87075138092041,66.75,69.0,66.75,69.0,16333
1992-06-26,12.004131317138672,67.5,67.5,66.75,67.125,13350
1992-06-29,12.137516021728516,68.25,68.625,67.125,67.5,8150
1992-06-30,12.27090072631836,69.0,69.375,68.25,69.0,13600
1992-07-01,12.27090072631836,69.0,69.75,69.0,69.0,12917
1992-07-02,12.470961570739746,70.125,70.5,69.0,69.375,15650
1992-07-06,12.404287338256836,69.75,70.5,69.75,70.125,9250
1992-07-07,12.470961570739746,70.125,70.5,69.75,70.125,8933
1992-07-08,12.470961570739746,70.125,70.5,69.75,70.5,9633
1992-07-09,12.470961570739746,70.125,70.5,69.75,70.5,11967
1992-07-10,12.470961570739746,70.125,70.875,69.75,70.5,15833
1992-07-13,12.671042442321777,71.25,71.25,70.125,70.5,15333
1992-07-14,12.671042442321777,71.25,72.0,70.5,71.625,17767
1992-07-15,12.60434341430664,70.875,72.0,70.875,72.0,21300
1992-07-16,12.470961570739746,70.125,71.25,67.125,70.875,12967
1992-07-17,12.537660598754883,70.5,70.5,70.125,70.5,10567
1992-07-20,12.737723350524902,71.625,72.0,70.5,71.25,13067
1992-07-21,12.737723350524902,71.625,71.625,70.5,71.625,13200
1992-07-22,12.737723350524902,71.625,72.0,71.25,71.25,24667
1992-07-23,12.737723350524902,71.625,71.625,71.25,71.25,9467
1992-07-24,12.737723350524902,71.625,71.625,70.875,71.25,11717
1992-07-27,12.632899284362793,70.5,71.25,70.5,71.25,8550
1992-07-28,12.632899284362793,70.5,71.25,67.125,70.875,15267
1992-07-29,12.767290115356445,71.25,71.25,67.125,70.875,6700
1992-07-30,12.700091361999512,70.875,71.25,70.5,71.25,9150
1992-07-31,12.83447551727295,71.625,71.625,70.875,70.875,13417
1992-08-03,12.901687622070312,72.0,72.0,71.25,71.25,10583
1992-08-04,12.767290115356445,71.25,72.0,71.25,72.0,12050
1992-08-05,12.83447551727295,71.625,72.0,71.25,71.25,14917
1992-08-06,12.767290115356445,71.25,72.0,71.25,71.625,15400
1992-08-07,12.83447551727295,71.625,72.0,71.25,71.625,13900
1992-08-10,12.901687622070312,72.0,72.0,71.25,71.625,9533
1992-08-11,12.767290115356445,71.25,72.0,70.875,72.0,16067
1992-08-12,12.632899284362793,70.5,71.625,69.75,71.625,33133
1992-08-13,12.632899284362793,70.5,70.875,70.125,70.5,20733
1992-08-14,12.632899284362793,70.5,71.625,70.5,70.5,11633
1992-08-17,12.43129825592041,69.375,70.875,69.0,70.875,27767
1992-08-18,12.565698623657227,70.125,70.125,69.0,70.125,18417
1992-08-19,12.632899284362793,70.5,70.5,69.0,69.375,15833
1992-08-20,12.632899284362793,70.5,71.25,70.125,70.5,22417
1992-08-21,12.565698623657227,70.125,71.25,69.75,70.875,27183
1992-08-24,12.229724884033203,68.25,70.125,67.875,69.75,37267
1992-08-25,11.842153549194336,66.0,67.125,65.625,66.75,55333
1992-08-26,11.438443183898926,63.75,66.375,63.0,66.0,64933
1992-08-27,11.707597732543945,65.25,66.0,62.625,63.375,38183
1992-08-28,11.842153549194336,66.0,66.0,64.875,65.625,19033
1992-08-31,11.976725578308105,66.75,67.125,65.625,66.0,18417
1992-09-01,11.976725578308105,66.75,67.125,66.0,66.75,19700
1992-09-02,11.909438133239746,66.375,66.75,66.0,66.375,15617
1992-09-03,11.976725578308105,66.75,66.75,66.0,66.75,19867
1992-09-04,12.111296653747559,67.5,67.5,66.75,66.75,8200
1992-09-08,12.178573608398438,67.875,71.625,67.125,67.5,19483
1992-09-09,12.178573608398438,67.875,68.25,67.5,67.875,14800
1992-09-10,12.245870590209961,68.25,68.625,67.5,68.25,14133
1992-09-11,12.245870590209961,68.25,69.0,67.875,68.625,11600
1992-09-14,12.313150405883789,68.625,69.375,67.875,69.375,17767
1992-09-15,12.245870590209961,68.25,69.75,68.25,68.625,23783
1992-09-16,12.178573608398438,67.875,68.625,67.875,67.875,13950
1992-09-17,11.842153549194336,66.0,68.25,66.0,67.875,19033
1992-09-18,11.842153549194336,66.0,66.75,66.0,66.0,23317
1992-09-21,11.371166229248047,63.375,66.0,60.0,66.0,91467
1992-09-22,11.236589431762695,62.625,63.75,60.75,63.0,74783
1992-09-23,11.371166229248047,63.375,63.375,61.875,62.625,36000
1992-09-24,11.589483261108398,64.5,64.875,62.25,62.625,36750
1992-09-25,11.522088050842285,64.125,64.875,63.75,64.5,23833
1992-09-28,11.252572059631348,62.625,63.75,62.25,63.75,34817
1992-09-29,10.983048439025879,61.125,62.625,61.125,62.625,33817
1992-09-30,11.050431251525879,61.5,62.25,60.75,61.125,34567
1992-10-01,11.050431251525879,61.5,62.25,61.5,61.5,27533
1992-10-02,11.185189247131348,62.25,63.75,61.5,61.5,25883
1992-10-05,11.319953918457031,63.0,65.625,61.5,61.5,21383
1992-10-06,11.252572059631348,62.625,63.0,62.25,62.25,23183
1992-10-07,11.319953918457031,63.0,63.375,62.625,62.625,18433
1992-10-08,11.319953918457031,63.0,63.0,62.25,63.0,23950
1992-10-09,11.185189247131348,62.25,63.375,62.25,62.625,16883
1992-10-12,11.522088050842285,64.125,64.125,62.625,62.625,18300
1992-10-13,11.79161262512207,65.625,65.625,63.375,64.125,17533
1992-10-14,11.724247932434082,65.25,65.625,64.5,65.25,16533
1992-10-15,11.724247932434082,65.25,66.0,64.875,65.25,22350
1992-10-16,11.403061866760254,63.375,65.25,63.0,65.25,17017
1992-10-19,11.403061866760254,63.375,63.375,62.25,63.0,17817
1992-10-20,11.200640678405762,62.25,63.75,62.25,63.0,20700
1992-10-21,11.268113136291504,62.625,63.0,62.25,63.0,16267
1992-10-22,11.335593223571777,63.0,63.0,62.25,63.0,13100
1992-10-23,11.268113136291504,62.625,63.0,62.25,62.625,19400
1992-10-26,11.268113136291504,62.625,62.625,62.25,62.25,16350
1992-10-27,11.200640678405762,62.25,63.0,62.25,62.25,43417
1992-10-28,10.795793533325195,60.0,63.0,59.25,62.625,50850
1992-10-29,10.795793533325195,60.0,60.0,58.875,60.0,46667
1992-10-30,10.795793533325195,60.0,60.0,59.25,60.0,19683
1992-11-02,10.660858154296875,59.25,59.625,57.75,59.625,51017
1992-11-03,10.660858154296875,59.25,59.25,58.125,59.25,23000
1992-11-04,11.065707206726074,61.5,61.5,58.5,58.875,23783
1992-11-05,11.200640678405762,62.25,62.25,60.75,61.5,18533
1992-11-06,11.200640678405762,62.25,62.25,61.5,61.5,16033
1992-11-09,11.268113136291504,62.625,63.0,61.5,62.25,11567
1992-11-10,11.335593223571777,63.0,63.0,62.25,62.625,14583
1992-11-11,11.200640678405762,62.25,63.0,62.25,62.625,14817
1992-11-12,11.200640678405762,62.25,62.625,61.875,62.25,10667
1992-11-13,11.065707206726074,61.5,63.0,61.5,62.25,10783
1992-11-16,10.930747032165527,60.75,62.25,60.75,62.25,16000
1992-11-17,11.065707206726074,61.5,61.5,60.375,60.75,24000
1992-11-18,11.065707206726074,61.5,62.25,61.125,61.5,10733
1992-11-19,11.200640678405762,62.25,62.25,61.5,61.5,17567
1992-11-20,11.200640678405762,62.25,62.625,61.875,62.25,15300
1992-11-23,10.878998756408691,60.375,62.25,60.375,61.5,14900
1992-11-24,11.014141082763672,61.125,62.25,60.75,60.75,12850
1992-11-25,11.014141082763672,61.125,62.25,60.75,61.125,12883
1992-11-27,11.081717491149902,61.5,62.25,61.125,61.5,4317
1992-11-30,11.149292945861816,61.875,62.25,61.5,61.5,14517
1992-12-01,11.2168550491333,62.25,62.25,61.5,61.875,16433
1992-12-02,11.2168550491333,62.25,62.625,61.5,62.25,13917
1992-12-03,11.2168550491333,62.25,62.625,61.875,62.625,14467
1992-12-04,11.2168550491333,62.25,62.25,61.5,61.875,10367
1992-12-07,11.2168550491333,62.25,62.625,61.875,62.25,12117
1992-12-08,11.2168550491333,62.25,62.25,61.5,62.25,14767
1992-12-09,11.2168550491333,62.25,62.25,61.5,61.875,13500
1992-12-10,11.2168550491333,62.25,62.25,61.875,62.25,10683
1992-12-11,11.2168550491333,62.25,62.25,61.875,62.25,16783
1992-12-14,11.2168550491333,62.25,62.625,61.875,62.625,15483
1992-12-15,11.2168550491333,62.25,62.25,61.5,62.25,12150
1992-12-16,11.081717491149902,61.5,62.25,61.125,62.25,20650
1992-12-17,11.081717491149902,61.5,62.25,60.75,61.125,19183
1992-12-18,11.014141082763672,61.125,62.25,61.125,61.5,15883
1992-12-21,10.94656753540039,60.75,60.75,60.0,60.75,29233
1992-12-22,11.014141082763672,61.125,61.5,60.375,60.75,13950
1992-12-23,11.081717491149902,61.5,61.5,60.75,61.5,16300
1992-12-24,10.97708797454834,60.75,60.75,60.0,60.375,5950
1992-12-28,10.909335136413574,60.375,60.75,60.0,60.375,9533
1992-12-29,10.909335136413574,60.375,60.75,60.375,60.375,10950
1992-12-30,10.97708797454834,60.75,60.75,60.0,60.375,9900
1992-12-31,11.044852256774902,61.125,61.125,60.0,60.75,12217
1993-01-04,10.97708797454834,60.75,61.125,60.0,61.125,19117
1993-01-05,10.97708797454834,60.75,61.5,60.75,61.125,17933
1993-01-06,10.97708797454834,60.75,60.75,60.0,60.75,24200
1993-01-07,10.638286590576172,58.875,60.75,58.5,60.75,33367
1993-01-08,10.706061363220215,59.25,59.625,57.75,58.125,29833
1993-01-11,10.773829460144043,59.625,60.0,59.25,59.625,32883
1993-01-12,10.841571807861328,60.0,60.0,59.25,59.625,21283
1993-01-13,10.773829460144043,59.625,65.25,59.25,60.0,20783
1993-01-14,10.841571807861328,60.0,60.0,59.25,59.625,23900
1993-01-15,10.841571807861328,60.0,60.0,59.25,60.0,15600
1993-01-18,10.299493789672852,57.0,60.375,57.0,60.0,64467
1993-01-19,9.621898651123047,53.25,57.75,53.25,57.0,104983
1993-01-20,9.960701942443848,55.125,56.25,53.25,53.25,72100
1993-01-21,9.892942428588867,54.75,55.5,54.375,54.75,35267
1993-01-22,10.096217155456543,55.875,56.25,54.75,55.5,29733
1993-01-25,10.31611156463623,57.0,57.0,56.25,56.625,25900
1993-01-26,10.31611156463623,57.0,57.75,57.0,57.0,27667
1993-01-27,10.519719123840332,58.125,58.5,57.0,57.375,23150
1993-01-28,10.451848983764648,57.75,58.5,57.75,58.125,20317
1993-01-29,10.587587356567383,58.5,59.25,55.125,57.375,31983
1993-02-01,10.38398265838623,57.375,58.5,57.375,58.5,20417
1993-02-02,10.451848983764648,57.75,58.5,57.375,57.375,21433
1993-02-03,10.451848983764648,57.75,58.5,57.75,58.125,17317
1993-02-04,10.587587356567383,58.5,58.5,57.75,58.125,18550
1993-02-05,10.791208267211914,59.625,60.0,58.125,58.5,23900
1993-02-08,10.791208267211914,59.625,59.625,58.875,58.875,27383
1993-02-09,10.723334312438965,59.25,59.25,58.5,59.25,22383
1993-02-10,10.655450820922852,58.875,59.625,58.875,58.875,19317
1993-02-11,10.655450820922852,58.875,59.25,58.875,58.875,16133
1993-02-12,10.791208267211914,59.625,60.0,58.875,58.875,22133
1993-02-16,10.791208267211914,59.625,59.625,58.875,59.625,19233
1993-02-17,10.791208267211914,59.625,59.625,58.875,59.25,12467
1993-02-18,10.859061241149902,60.0,60.0,59.25,59.25,38117
1993-02-19,10.859061241149902,60.0,60.0,59.625,60.0,16167
1993-02-22,10.889212608337402,59.625,60.0,58.875,59.25,16200
1993-02-23,10.889212608337402,59.625,59.625,59.25,59.625,19067
1993-02-24,10.889212608337402,59.625,59.625,59.25,59.25,21400
1993-02-25,10.889212608337402,59.625,59.625,59.25,59.625,22167
1993-02-26,10.889212608337402,59.625,59.625,59.25,59.625,11800
1993-03-01,10.889212608337402,59.625,60.0,59.25,59.625,22517
1993-03-02,10.889212608337402,59.625,60.0,55.875,59.625,22900
1993-03-03,10.957679748535156,60.0,60.0,59.25,60.0,22200
1993-03-04,11.163142204284668,61.125,61.5,59.625,60.0,42283
1993-03-05,11.163142204284668,61.125,61.5,60.0,60.75,22917
1993-03-08,11.163142204284668,61.125,61.125,60.375,61.125,18417
1993-03-09,11.163142204284668,61.125,61.5,60.75,60.75,21450
1993-03-10,11.848004341125488,64.875,64.875,60.75,61.5,18900
1993-03-11,11.231629371643066,61.5,61.5,61.125,61.5,12967
1993-03-12,11.231629371643066,61.5,61.5,61.125,61.5,20067
1993-03-15,11.163142204284668,61.125,61.5,60.375,61.5,32767
1993-03-16,11.437078475952148,62.625,62.625,61.5,61.875,16767
1993-03-17,11.64254379272461,63.75,63.75,60.75,62.25,30150
1993-03-18,11.574052810668945,63.375,64.5,63.375,63.75,24800
1993-03-19,11.71102523803711,64.125,64.125,63.0,63.75,20000
1993-03-22,11.779507637023926,64.5,64.5,63.75,63.75,22950
1993-03-23,11.779507637023926,64.5,65.625,64.5,64.5,41883
1993-03-24,11.779507637023926,64.5,64.875,63.75,64.5,15183
1993-03-25,11.65881061553955,63.75,64.875,63.0,63.0,18950
1993-03-26,11.590226173400879,63.375,64.875,63.375,64.125,13467
1993-03-29,11.65881061553955,63.75,63.75,63.0,63.75,12533
1993-03-30,11.65881061553955,63.75,64.5,63.0,63.0,12767
1993-03-31,11.795970916748047,64.5,65.25,63.75,63.75,12300
1993-04-01,11.795970916748047,64.5,64.875,63.75,64.5,14417
1993-04-02,11.727391242980957,64.125,64.5,63.0,64.125,15900
1993-04-05,11.590226173400879,63.375,64.125,63.0,63.375,20933
1993-04-06,11.590226173400879,63.375,63.75,63.0,63.0,24500
1993-04-07,11.590226173400879,63.375,63.75,61.875,63.75,11833
1993-04-08,11.65881061553955,63.75,63.75,61.875,63.375,11767
1993-04-12,11.727391242980957,64.125,64.5,63.0,63.75,25567
1993-04-13,11.795970916748047,64.5,64.5,63.75,63.75,17783
1993-04-14,11.86455249786377,64.875,65.25,64.125,64.125,20200
1993-04-15,11.933125495910645,65.25,65.25,64.5,64.875,22083
1993-04-16,12.001713752746582,65.625,65.625,64.875,64.875,12333
1993-04-19,11.933125495910645,65.25,65.625,64.875,65.625,16867
1993-04-20,12.070289611816406,66.0,66.75,64.875,65.25,28833
1993-04-21,12.070289611816406,66.0,66.375,60.0,66.0,16983
1993-04-22,12.001713752746582,65.625,66.375,65.25,65.625,14850
1993-04-23,11.933125495910645,65.25,66.375,65.25,66.0,26117
1993-04-26,12.15564250946045,66.375,66.375,64.5,64.5,15033
1993-04-27,12.15564250946045,66.375,66.75,66.0,66.0,20517
1993-04-28,12.15564250946045,66.375,66.75,66.0,66.0,21433
1993-04-29,12.224310874938965,66.75,66.75,66.0,66.75,32300
1993-04-30,12.15564250946045,66.375,67.125,66.375,66.75,17467
1993-05-03,12.086962699890137,66.0,66.75,65.25,66.75,26167
1993-05-04,12.086962699890137,66.0,66.0,65.25,66.0,16600
1993-05-05,12.15564250946045,66.375,66.375,65.25,65.625,13533
1993-05-06,12.15564250946045,66.375,66.375,66.0,66.0,13517
1993-05-07,12.15564250946045,66.375,66.75,66.0,66.0,20417
1993-05-10,12.224310874938965,66.75,66.75,66.0,66.0,21483
1993-05-11,12.224310874938965,66.75,67.5,66.375,67.125,18667
1993-05-12,12.15564250946045,66.375,67.5,66.375,66.75,19900
1993-05-13,12.292999267578125,67.125,67.5,66.375,66.375,12883
1993-05-14,12.292999267578125,67.125,67.5,66.75,66.75,11850
1993-05-17,12.36166763305664,67.5,67.5,66.75,67.125,15783
1993-05-18,12.224310874938965,66.75,67.5,66.75,67.125,15633
1993-05-19,12.224310874938965,66.75,67.5,66.375,66.375,22483
1993-05-20,12.36166763305664,67.5,67.5,66.75,67.125,14283
1993-05-21,12.224310874938965,66.75,67.5,66.375,67.5,10217
1993-05-24,12.034510612487793,65.625,66.75,65.625,66.375,22917
1993-05-25,12.034510612487793,65.625,66.0,65.625,66.0,20733
1993-05-26,12.034510612487793,65.625,66.375,65.25,65.625,21567
1993-05-27,12.103289604187012,66.0,66.0,65.25,65.625,14333
1993-05-28,11.965746879577637,65.25,66.0,65.25,65.625,7883
1993-06-01,11.759435653686523,64.125,65.25,63.75,65.25,28250
1993-06-02,11.89697551727295,64.875,64.875,63.75,64.125,20433
1993-06-03,11.759435653686523,64.125,64.875,64.125,64.5,17867
1993-06-04,11.828202247619629,64.5,64.875,63.75,64.5,13983
1993-06-07,11.621899604797363,63.375,64.125,63.0,64.125,22250
1993-06-08,11.14052963256836,60.75,63.375,60.375,63.0,31450
1993-06-09,11.415586471557617,62.25,62.25,60.75,60.75,26867
1993-06-10,11.690671920776367,63.75,63.75,62.625,63.0,19167
1993-06-11,11.621899604797363,63.375,63.75,63.0,63.375,13833
1993-06-14,11.690671920776367,63.75,63.75,62.25,63.75,30083
1993-06-15,11.621899604797363,63.375,63.75,63.0,63.75,15833
1993-06-16,11.690671920776367,63.75,63.75,63.375,63.75,13583
1993-06-17,11.690671920776367,63.75,63.75,63.375,63.375,17000
1993-06-18,11.690671920776367,63.75,63.75,63.0,63.375,12783
1993-06-21,11.690671920776367,63.75,63.75,62.625,63.75,15117
1993-06-22,11.690671920776367,63.75,63.75,63.0,63.375,17283
1993-06-23,11.621899604797363,63.375,63.75,63.0,63.375,18933
1993-06-24,11.500691413879395,62.625,63.375,61.5,62.25,13517
1993-06-25,11.43183708190918,62.25,63.375,62.25,63.0,17283
1993-06-28,11.569571495056152,63.0,63.75,62.25,62.625,9083
1993-06-29,11.707304000854492,63.75,63.75,63.0,63.0,20817
1993-06-30,11.776159286499023,64.125,64.5,63.375,63.375,24017
1993-07-01,11.707304000854492,63.75,64.125,63.375,63.75,13200
1993-07-02,11.707304000854492,63.75,63.75,63.375,63.75,20300
1993-07-06,11.776159286499023,64.125,64.5,63.375,63.75,15517
1993-07-07,11.776159286499023,64.125,64.5,63.75,64.125,17483
1993-07-08,11.776159286499023,64.125,64.125,63.75,63.75,23083
1993-07-09,11.707304000854492,63.75,64.5,63.75,64.125,11500
1993-07-12,11.776159286499023,64.125,64.875,63.75,64.125,24967
1993-07-13,11.776159286499023,64.125,64.5,64.125,64.125,20867
1993-07-14,11.8450345993042,64.5,64.5,64.125,64.5,22650
1993-07-15,11.8450345993042,64.5,64.5,64.125,64.125,19933
1993-07-16,11.776159286499023,64.125,64.5,64.125,64.5,15867
1993-07-19,11.913901329040527,64.875,65.25,64.125,64.5,32067
1993-07-20,11.982758522033691,65.25,65.25,61.125,65.25,32050
1993-07-21,12.051627159118652,65.625,66.0,64.875,65.25,30367
1993-07-22,12.120498657226562,66.0,66.0,65.25,65.625,21883
1993-07-23,11.8450345993042,64.5,66.0,64.5,66.0,19483
1993-07-26,11.930534362792969,64.875,65.25,63.75,64.125,14700
1993-07-27,12.068461418151855,65.625,65.625,64.5,64.5,17867
1993-07-28,11.999502182006836,65.25,66.0,64.875,65.625,16133
1993-07-29,11.930534362792969,64.875,65.25,64.5,64.5,12833
1993-07-30,11.999502182006836,65.25,65.25,64.875,64.875,12800
1993-08-02,11.930534362792969,64.875,65.25,64.5,65.25,14783
1993-08-03,11.930534362792969,64.875,64.875,64.5,64.5,23600
1993-08-04,11.930534362792969,64.875,64.875,64.125,64.875,17900
1993-08-05,11.792633056640625,64.125,64.5,64.125,64.5,17517
1993-08-06,11.861592292785645,64.5,64.5,64.125,64.5,16817
1993-08-09,11.861592292785645,64.5,64.5,64.125,64.5,28550
1993-08-10,11.861592292785645,64.5,64.5,64.125,64.5,29900
1993-08-11,11.861592292785645,64.5,64.5,64.125,64.5,23333
1993-08-12,11.861592292785645,64.5,65.25,64.5,64.5,22533
1993-08-13,11.999502182006836,65.25,65.25,64.5,65.25,13317
1993-08-16,12.068461418151855,65.625,66.0,64.875,65.25,22750
1993-08-17,12.206404685974121,66.375,66.75,65.625,65.625,28750
1993-08-18,12.275351524353027,66.75,67.5,66.375,66.75,22200
1993-08-19,12.275351524353027,66.75,67.5,66.75,67.5,18017
1993-08-20,12.413286209106445,67.5,67.5,66.75,67.125,14150
1993-08-23,12.413286209106445,67.5,68.25,67.125,67.125,20267
1993-08-24,12.413286209106445,67.5,67.5,66.75,67.125,19883
1993-08-25,12.096280097961426,65.25,66.75,65.25,66.375,16467
1993-08-26,12.235322952270508,66.0,66.0,64.5,64.875,23917
1993-08-27,12.235322952270508,66.0,66.375,65.625,65.625,18817
1993-08-30,12.165799140930176,65.625,66.0,65.25,66.0,24967
1993-08-31,12.304834365844727,66.375,66.375,65.25,66.0,16617
1993-09-01,11.957237243652344,64.5,66.0,64.125,65.625,31450
1993-09-02,12.026759147644043,64.875,65.625,64.5,64.5,18733
1993-09-03,12.026759147644043,64.875,64.875,63.75,64.5,28217
1993-09-07,11.818202018737793,63.75,64.125,60.0,63.75,29667
1993-09-08,11.957237243652344,64.5,64.875,63.375,63.75,26600
1993-09-09,12.165799140930176,65.625,66.0,64.875,65.25,34833
1993-09-10,12.235322952270508,66.0,66.0,65.25,66.0,29633
1993-09-13,11.887720108032227,64.125,64.875,61.875,64.5,57650
1993-09-14,11.609646797180176,62.625,63.75,61.875,63.75,27683
1993-09-15,11.609646797180176,62.625,62.625,62.25,62.625,20933
1993-09-16,11.887720108032227,64.125,64.5,62.25,62.625,20817
1993-09-17,11.887720108032227,64.125,64.125,63.375,64.125,16033
1993-09-20,11.401097297668457,61.5,63.375,60.375,63.375,48800
1993-09-21,11.470608711242676,61.875,63.0,61.125,61.125,29283
1993-09-22,11.540129661560059,62.25,62.25,61.5,61.5,19300
1993-09-23,11.609646797180176,62.625,63.0,61.5,62.25,28717
1993-09-24,11.278257369995117,60.75,62.25,60.75,61.125,37183
1993-09-27,11.208637237548828,60.375,62.25,60.0,61.5,30983
1993-09-28,11.139018058776855,60.0,60.375,59.25,60.0,42767
1993-09-29,10.930168151855469,58.875,60.0,58.5,59.25,38717
1993-09-30,11.06940746307373,59.625,59.625,58.5,58.5,41733
1993-10-01,10.999787330627441,59.25,60.0,59.25,59.625,23317
1993-10-04,10.999787330627441,59.25,60.0,59.25,60.0,27017
1993-10-05,10.999787330627441,59.25,59.625,58.5,59.25,25717
1993-10-06,10.930168151855469,58.875,59.25,58.5,58.5,34150
1993-10-07,11.06940746307373,59.625,59.625,58.875,58.875,26083
1993-10-08,10.999787330627441,59.25,60.0,59.25,59.25,21817
1993-10-11,10.999787330627441,59.25,60.0,59.25,59.25,23000
1993-10-12,11.06940746307373,59.625,59.625,59.25,59.625,26200
1993-10-13,11.139018058776855,60.0,60.0,59.25,59.25,25767
1993-10-14,10.999787330627441,59.25,60.0,59.25,60.0,27117
1993-10-15,11.208637237548828,60.375,60.375,59.25,59.625,28533
1993-10-18,11.139018058776855,60.0,60.75,60.0,60.375,35650
1993-10-19,11.06940746307373,59.625,60.75,59.25,60.375,31750
1993-10-20,11.06940746307373,59.625,60.375,59.25,60.0,33133
1993-10-21,11.139018058776855,60.0,60.75,59.625,60.0,36400
1993-10-22,11.139018058776855,60.0,60.75,60.0,60.75,31800
1993-10-25,11.155759811401367,60.0,61.125,60.0,60.0,19933
1993-10-26,11.3649320602417,61.125,61.5,60.375,60.75,17633
1993-10-27,11.434652328491211,61.5,61.5,60.75,61.125,25633
1993-10-28,11.434652328491211,61.5,62.25,61.125,61.125,25167
1993-10-29,11.434652328491211,61.5,61.875,60.75,61.875,15467
1993-11-01,11.295207023620605,60.75,61.125,59.625,60.75,46933
1993-11-02,11.295207023620605,60.75,60.75,60.0,60.0,46533
1993-11-03,11.295207023620605,60.75,60.75,60.0,60.75,47267
1993-11-04,11.295207023620605,60.75,61.125,60.0,60.75,49750
1993-11-05,11.155759811401367,60.0,60.75,59.25,60.75,62250
1993-11-08,11.155759811401367,60.0,60.0,59.25,60.0,41517
1993-11-09,11.225476264953613,60.375,60.375,59.625,59.625,41800
1993-11-10,11.155759811401367,60.0,60.375,59.625,60.0,42400
1993-11-11,11.155759811401367,60.0,60.375,60.0,60.375,29167
1993-11-12,11.225476264953613,60.375,60.75,60.0,60.375,31950
1993-11-15,11.225476264953613,60.375,60.375,60.0,60.375,40783
1993-11-16,11.225476264953613,60.375,60.75,60.0,60.375,30283
1993-11-17,11.225476264953613,60.375,60.75,60.0,60.375,24050
1993-11-18,11.3649320602417,61.125,61.125,60.375,60.75,25450
1993-11-19,11.225476264953613,60.375,61.125,60.0,61.125,38467
1993-11-22,11.225476264953613,60.375,61.125,60.375,60.375,24583
1993-11-23,11.32678508758545,60.375,61.125,60.0,60.375,29467
1993-11-24,11.397138595581055,60.75,61.125,60.375,60.75,17467
1993-11-26,11.397138595581055,60.75,61.125,60.375,60.375,7067
1993-11-29,11.256441116333008,60.0,60.75,60.0,60.375,38183
1993-11-30,11.32678508758545,60.375,60.375,60.0,60.375,31317
1993-12-01,11.32678508758545,60.375,60.75,60.0,60.375,27883
1993-12-02,11.397138595581055,60.75,60.75,60.0,60.375,19300
1993-12-03,11.397138595581055,60.75,60.75,60.375,60.75,19150
1993-12-06,11.256441116333008,60.0,60.75,60.0,60.375,25517
1993-12-07,11.256441116333008,60.0,60.75,60.0,60.0,25117
1993-12-08,11.256441116333008,60.0,60.75,60.0,60.375,21950
1993-12-09,11.397138595581055,60.75,60.75,60.0,60.375,23467
1993-12-10,11.397138595581055,60.75,60.75,60.375,60.75,20683
1993-12-13,11.397138595581055,60.75,60.75,60.375,60.75,29083
1993-12-14,11.32678508758545,60.375,60.75,60.375,60.375,23533
1993-12-15,11.467500686645508,61.125,61.125,60.375,60.75,26583
1993-12-16,11.678548812866211,62.25,62.25,60.75,60.75,56483
1993-12-17,11.678548812866211,62.25,63.0,61.875,62.25,46483
1993-12-20,11.678548812866211,62.25,63.0,62.25,62.625,25567
1993-12-21,11.7489013671875,62.625,62.625,62.25,62.625,18183
1993-12-22,11.7489013671875,62.625,63.0,62.25,62.625,22050
1993-12-23,11.7489013671875,62.625,63.0,62.25,62.625,15633
1993-12-27,11.765809059143066,62.625,63.0,61.5,61.5,26217
1993-12-28,11.765809059143066,62.625,63.0,61.875,61.875,19600
1993-12-29,11.765809059143066,62.625,62.625,62.25,62.625,14117
1993-12-30,11.836271286010742,63.0,63.0,62.25,62.25,15717
1993-12-31,11.906713485717773,63.375,63.375,62.625,63.0,12900
1994-01-03,11.836271286010742,63.0,63.75,62.625,63.375,19717
1994-01-04,11.695357322692871,62.25,63.0,61.875,63.0,29117
1994-01-05,11.836271286010742,63.0,63.75,62.25,62.625,24217
1994-01-06,11.977173805236816,63.75,63.75,63.0,63.0,21633
1994-01-07,11.977173805236816,63.75,64.125,63.0,63.75,26983
1994-01-10,11.906713485717773,63.375,64.125,63.0,63.75,35067
1994-01-11,12.047633171081543,64.125,64.5,63.375,63.75,21133
1994-01-12,12.047633171081543,64.125,64.5,63.75,64.125,23317
1994-01-13,12.047633171081543,64.125,64.125,63.75,63.75,18767
1994-01-14,12.047633171081543,64.125,64.5,63.75,64.125,22133
1994-01-17,12.11807918548584,64.5,64.5,63.75,64.5,24000
1994-01-18,12.11807918548584,64.5,64.5,64.125,64.5,31867
1994-01-19,12.11807918548584,64.5,65.25,63.75,64.5,23567
1994-01-20,12.11807918548584,64.5,65.25,64.5,64.5,18567
1994-01-21,12.258988380432129,65.25,65.25,64.5,64.875,27400
1994-01-24,12.329434394836426,65.625,66.0,64.875,65.25,26050
1994-01-25,12.360709190368652,65.25,65.25,64.5,64.5,21600
1994-01-26,12.360709190368652,65.25,66.0,64.875,65.25,21283
1994-01-27,12.431736946105957,65.625,66.0,65.25,66.0,20383
1994-01-28,12.360709190368652,65.25,66.0,65.25,65.625,17117
1994-01-31,12.360709190368652,65.25,66.0,65.25,65.625,22050
1994-02-01,12.50278377532959,66.0,66.0,65.25,65.625,15483
1994-02-02,12.360709190368652,65.25,66.0,65.25,65.625,25017
1994-02-03,12.360709190368652,65.25,66.0,64.875,65.25,19683
1994-02-04,12.360709190368652,65.25,66.0,65.25,65.625,26833
1994-02-07,12.289668083190918,64.875,65.625,64.5,65.25,19150
1994-02-08,12.360709190368652,65.25,65.625,64.875,65.25,24367
1994-02-09,12.431736946105957,65.625,66.0,64.875,65.625,21567
1994-02-10,12.50278377532959,66.0,66.0,65.625,66.0,20183
1994-02-11,12.431736946105957,65.625,66.0,65.25,65.625,11017
1994-02-14,12.431736946105957,65.625,66.0,65.25,66.0,34117
1994-02-15,12.431736946105957,65.625,66.0,65.25,66.0,23817
1994-02-16,12.431736946105957,65.625,66.0,65.25,65.25,26100
1994-02-17,12.50278377532959,66.0,66.0,65.25,65.25,18883
1994-02-18,12.50278377532959,66.0,66.0,65.25,66.0,17783
1994-02-22,12.448702812194824,65.625,66.0,64.5,65.625,23550
1994-02-23,12.377585411071777,65.25,66.0,65.25,65.25,25017
1994-02-24,12.377585411071777,65.25,66.0,64.5,65.25,20367
1994-02-25,12.448702812194824,65.625,65.625,64.5,64.875,14817
1994-02-28,12.448702812194824,65.625,65.625,65.25,65.25,17367
1994-03-01,12.235308647155762,64.5,65.625,64.5,65.625,26233
1994-03-02,12.093033790588379,63.75,64.5,63.0,64.125,33983
1994-03-03,12.235308647155762,64.5,65.25,63.75,64.125,21117
1994-03-04,12.448702812194824,65.625,65.625,64.5,64.875,21617
1994-03-07,12.377585411071777,65.25,65.25,61.125,65.25,17800
1994-03-08,12.377585411071777,65.25,65.25,64.5,64.875,17300
1994-03-09,12.306450843811035,64.875,66.0,64.5,64.875,17233
1994-03-10,12.235308647155762,64.5,65.625,64.5,64.875,22000
1994-03-11,12.377585411071777,65.25,65.25,64.5,65.25,15800
1994-03-14,12.235308647155762,64.5,65.25,64.5,65.25,29050
1994-03-15,12.235308647155762,64.5,65.25,61.125,64.5,24600
1994-03-16,12.093033790588379,63.75,64.5,63.75,64.125,18900
1994-03-17,12.235308647155762,64.5,64.5,63.75,64.125,19267
1994-03-18,11.523953437805176,60.75,62.25,60.375,61.5,53300
1994-03-21,11.666231155395508,61.5,61.5,60.75,61.125,32317
1994-03-22,11.737358093261719,61.875,62.25,61.125,61.5,39683
1994-03-23,11.95076847076416,63.0,63.0,61.5,61.875,24900
1994-03-24,11.808496475219727,62.25,62.625,62.25,62.25,19217
1994-03-25,11.82406997680664,62.25,62.25,61.5,62.25,20017
1994-03-28,11.681618690490723,61.5,62.25,61.5,62.25,18383
1994-03-29,11.681618690490723,61.5,61.875,60.75,60.75,17950
1994-03-30,11.681618690490723,61.5,61.5,60.75,61.5,26483
1994-03-31,11.681618690490723,61.5,61.5,61.125,61.125,17350
1994-04-04,11.396703720092773,60.0,61.125,60.0,61.125,37950
1994-04-05,11.610384941101074,61.125,61.125,60.0,60.0,16750
1994-04-06,11.467927932739258,60.375,61.125,60.375,60.375,15567
1994-04-07,11.539153099060059,60.75,61.125,60.75,61.125,12833
1994-04-08,11.610384941101074,61.125,61.5,60.75,60.75,18667
1994-04-11,11.681618690490723,61.5,61.5,60.75,61.125,13400
1994-04-12,11.681618690490723,61.5,61.875,61.125,61.125,12100
1994-04-13,11.82406997680664,62.25,62.25,61.875,61.875,14517
1994-04-14,11.681618690490723,61.5,62.25,61.5,62.25,15017
1994-04-15,11.752846717834473,61.875,61.875,61.5,61.5,13483
1994-04-18,11.610384941101074,61.125,61.875,60.75,61.875,26717
1994-04-19,11.681618690490723,61.5,61.5,60.375,60.75,24733
1994-04-20,11.752846717834473,61.875,62.25,60.75,61.5,24883
1994-04-21,11.752846717834473,61.875,63.0,61.5,62.25,20467
1994-04-22,11.82406997680664,62.25,62.625,61.5,61.875,13583
1994-04-25,11.774680137634277,61.5,62.25,61.5,61.875,11567
1994-04-26,11.774680137634277,61.5,61.875,61.125,61.5,12550
1994-04-28,11.774680137634277,61.5,61.875,61.125,61.5,14383
1994-04-29,11.774680137634277,61.5,62.25,61.5,61.875,9267
1994-05-02,11.846482276916504,61.875,62.25,61.5,62.25,12583
1994-05-03,11.990071296691895,62.625,63.0,61.5,61.875,21367
1994-05-04,11.990071296691895,62.625,63.0,61.875,62.25,21817
1994-05-05,11.91826343536377,62.25,62.625,61.5,62.25,18650
1994-05-06,11.846482276916504,61.875,63.75,61.5,62.25,18817
1994-05-09,11.631078720092773,60.75,61.5,60.375,61.5,22400
1994-05-10,11.631078720092773,60.75,61.5,60.75,60.75,18167
1994-05-11,11.702884674072266,61.125,61.125,60.75,60.75,15683
1994-05-12,11.702884674072266,61.125,61.875,60.75,60.75,26317
1994-05-13,11.631078720092773,60.75,61.5,60.75,61.5,14767
1994-05-16,11.774680137634277,61.5,61.875,61.125,61.5,16633
1994-05-17,11.990071296691895,62.625,62.625,61.5,61.5,19567
1994-05-18,11.990071296691895,62.625,63.0,62.25,62.625,21750
1994-05-19,11.846482276916504,61.875,62.625,61.875,62.25,18517
1994-05-20,11.846482276916504,61.875,62.25,61.5,61.875,11133
1994-05-23,11.990071296691895,62.625,62.625,61.875,61.875,16317
1994-05-24,12.012643814086914,62.25,62.625,61.875,62.25,19500
1994-05-25,11.94028091430664,61.875,62.25,61.5,61.5,12533
1994-05-26,11.94028091430664,61.875,62.25,61.5,61.5,12883
1994-05-27,12.157373428344727,63.0,63.0,61.875,62.25,13617
1994-05-31,12.22973918914795,63.375,63.375,62.625,62.625,18117
1994-06-01,12.22973918914795,63.375,64.125,63.375,63.75,16767
1994-06-02,12.302114486694336,63.75,64.5,63.0,63.375,17333
1994-06-03,12.446836471557617,64.5,64.5,63.75,64.125,13717
1994-06-06,12.374472618103027,64.125,64.5,63.75,64.5,12117
1994-06-07,12.22973918914795,63.375,64.5,63.375,64.5,13967
1994-06-08,12.374472618103027,64.125,64.125,63.0,63.375,9533
1994-06-09,12.302114486694336,63.75,64.125,63.0,64.125,14133
1994-06-10,12.22973918914795,63.375,63.75,63.0,63.375,11733
1994-06-13,12.374472618103027,64.125,64.5,63.75,64.125,19900
1994-06-14,12.519207954406738,64.875,65.25,64.125,64.5,24550
1994-06-15,12.446836471557617,64.5,64.875,64.5,64.5,20317
1994-06-16,12.446836471557617,64.5,64.875,64.5,64.5,12383
1994-06-17,12.374472618103027,64.125,64.5,63.75,64.5,16117
1994-06-20,12.302114486694336,63.75,64.5,63.75,64.125,12500
1994-06-21,12.374472618103027,64.125,64.125,63.0,63.75,15233
1994-06-22,12.446836471557617,64.5,64.875,63.375,63.75,21167
1994-06-23,12.446836471557617,64.5,64.5,64.125,64.125,13767
1994-06-24,12.027936935424805,62.25,63.0,62.25,62.625,19750
1994-06-27,11.88302230834961,61.5,62.25,60.75,61.5,24567
1994-06-28,11.810568809509277,61.125,61.5,60.75,61.125,22283
1994-06-29,11.738110542297363,60.75,61.125,60.75,60.75,18217
1994-06-30,11.665653228759766,60.375,61.125,60.375,60.375,17317
1994-07-01,11.810568809509277,61.125,61.5,60.0,60.0,15817
1994-07-05,11.88302230834961,61.5,61.5,60.75,60.75,18250
1994-07-06,11.88302230834961,61.5,61.875,61.125,61.125,13350
1994-07-07,11.665653228759766,60.375,61.5,60.0,61.5,35467
1994-07-08,11.88302230834961,61.5,64.875,60.0,60.0,16133
1994-07-11,11.88302230834961,61.5,63.75,61.125,61.5,23700
1994-07-12,12.027936935424805,62.25,62.25,61.5,61.5,16017
1994-07-13,12.100395202636719,62.625,63.0,61.875,61.875,21333
1994-07-14,11.95548152923584,61.875,62.625,61.875,62.625,16383
1994-07-15,11.95548152923584,61.875,62.625,61.875,62.25,19383
1994-07-18,12.100395202636719,62.625,62.625,62.25,62.25,17933
1994-07-19,12.100395202636719,62.625,63.0,62.25,62.25,25383
1994-07-20,12.100395202636719,62.625,63.0,62.25,62.25,12733
1994-07-21,12.100395202636719,62.625,63.0,62.625,63.0,16900
1994-07-22,12.100395202636719,62.625,63.0,62.25,63.0,16733
1994-07-25,11.898599624633789,61.5,62.25,61.125,62.25,21017
1994-07-26,11.971153259277344,61.875,62.25,60.75,61.5,18067
1994-07-27,11.826043128967285,61.125,61.875,61.125,61.5,16883
1994-07-28,11.898599624633789,61.5,61.875,61.125,61.5,18283
1994-07-29,11.971153259277344,61.875,61.875,61.125,61.5,19550
1994-08-01,11.898599624633789,61.5,61.875,61.125,61.5,14500
1994-08-02,11.898599624633789,61.5,61.875,61.125,61.5,27083
1994-08-03,11.826043128967285,61.125,61.5,61.125,61.5,17100
1994-08-04,11.971153259277344,61.875,62.25,60.75,61.125,25467
1994-08-05,12.04370403289795,62.25,62.625,61.875,62.25,15067
1994-08-08,11.971153259277344,61.875,63.0,61.875,62.625,21150
1994-08-09,12.116260528564453,62.625,63.0,61.875,61.875,14617
1994-08-10,12.188817024230957,63.0,63.0,62.625,63.0,15017
1994-08-11,12.188817024230957,63.0,63.0,62.25,62.625,16000
1994-08-12,12.116260528564453,62.625,63.0,62.25,62.625,13050
1994-08-15,12.04370403289795,62.25,63.0,62.25,62.625,17250
1994-08-16,12.261360168457031,63.375,63.375,62.25,62.25,35250
1994-08-17,12.261360168457031,63.375,63.375,62.625,63.0,16117
1994-08-18,12.116260528564453,62.625,63.375,62.625,63.375,19767
1994-08-19,12.116260528564453,62.625,63.0,62.625,63.0,11000
1994-08-22,12.188817024230957,63.0,63.375,62.625,62.625,18783
1994-08-23,12.261360168457031,63.375,63.375,63.0,63.375,13317
1994-08-24,12.188817024230957,63.0,63.375,61.5,63.0,17433
1994-08-25,12.211628913879395,62.625,63.0,62.625,62.625,15300
1994-08-26,12.211628913879395,62.625,63.0,62.625,62.625,16117
1994-08-29,12.357868194580078,63.375,63.375,62.625,62.625,27017
1994-08-30,12.284753799438477,63.0,63.375,63.0,63.0,16617
1994-08-31,12.284753799438477,63.0,63.75,63.0,63.375,15900
1994-09-01,12.43099594116211,63.75,63.75,63.0,63.375,14000
1994-09-02,12.357868194580078,63.375,63.75,63.375,63.75,12683
1994-09-06,12.357868194580078,63.375,63.75,63.375,63.375,17250
1994-09-07,12.284753799438477,63.0,63.75,63.0,63.75,18850
1994-09-08,12.284753799438477,63.0,63.75,63.0,63.0,19083
1994-09-09,12.284753799438477,63.0,63.75,63.0,63.375,16217
1994-09-12,12.357868194580078,63.375,63.75,63.0,63.0,13267
1994-09-13,12.284753799438477,63.0,63.375,62.625,63.375,22967
1994-09-14,12.211628913879395,62.625,63.0,62.25,63.0,12700
1994-09-15,12.284753799438477,63.0,63.0,62.625,62.625,11633
1994-09-16,12.357868194580078,63.375,63.75,62.25,62.625,18200
1994-09-19,12.138497352600098,62.25,63.375,62.25,63.375,37317
1994-09-20,12.065384864807129,61.875,62.625,61.5,62.25,27267
1994-09-21,11.992256164550781,61.5,61.875,61.5,61.875,23217
1994-09-22,12.138497352600098,62.25,62.25,61.5,61.875,27683
1994-09-23,12.211628913879395,62.625,63.0,62.25,62.625,30683
1994-09-26,11.93980884552002,60.75,62.25,60.75,62.25,24200
1994-09-27,11.866107940673828,60.375,60.75,60.0,60.75,39900
1994-09-28,11.866107940673828,60.375,60.75,60.0,60.375,29267
1994-09-29,11.93980884552002,60.75,60.75,60.0,60.375,41567
1994-09-30,11.93980884552002,60.75,60.75,60.0,60.375,22367
1994-10-03,11.7924165725708,60.0,60.75,60.0,60.75,25267
1994-10-04,11.05538558959961,56.25,60.75,54.0,60.0,105217
1994-10-05,10.981678009033203,55.875,58.125,55.125,55.5,53650
1994-10-06,11.202779769897461,57.0,57.75,55.875,55.875,42917
1994-10-07,11.276483535766602,57.375,57.75,57.0,57.0,32050
1994-10-10,11.276483535766602,57.375,57.75,57.0,57.375,28800
1994-10-11,11.350186347961426,57.75,57.75,57.375,57.75,26767
1994-10-12,11.350186347961426,57.75,58.125,57.375,57.375,30567
1994-10-13,11.276483535766602,57.375,58.125,57.375,57.75,29250
1994-10-14,11.276483535766602,57.375,57.75,57.0,57.375,34367
1994-10-17,11.276483535766602,57.375,58.5,57.375,58.125,29767
1994-10-18,11.350186347961426,57.75,58.125,57.375,57.75,21317
1994-10-19,11.350186347961426,57.75,58.125,57.75,58.125,19817
1994-10-20,11.350186347961426,57.75,58.125,57.75,57.75,21950
1994-10-21,11.276483535766602,57.375,58.125,57.375,57.75,45000
1994-10-24,11.350186347961426,57.75,57.75,57.375,57.375,34733
1994-10-25,11.291153907775879,57.375,57.75,57.0,57.375,19117
1994-10-26,11.217358589172363,57.0,57.375,57.0,57.0,19217
1994-10-27,11.217358589172363,57.0,57.375,57.0,57.375,13517
1994-10-28,11.291153907775879,57.375,57.75,57.0,57.0,19783
1994-10-31,11.291153907775879,57.375,57.375,57.0,57.0,17400
1994-11-01,11.143556594848633,56.625,57.375,56.625,57.0,21433
1994-11-02,11.069754600524902,56.25,57.0,56.25,57.0,25050
1994-11-03,11.143556594848633,56.625,56.625,56.25,56.25,18400
1994-11-04,11.217358589172363,57.0,57.0,56.25,56.625,13650
1994-11-07,11.217358589172363,57.0,57.0,56.625,57.0,14883
1994-11-08,11.143556594848633,56.625,57.0,56.25,57.0,25483
1994-11-09,11.069754600524902,56.25,56.625,56.25,56.625,28300
1994-11-10,10.995954513549805,55.875,56.625,55.5,56.25,18617
1994-11-11,10.77456283569336,54.75,55.875,54.0,55.5,36433
1994-11-14,10.77456283569336,54.75,55.5,54.75,54.75,29617
1994-11-15,10.553168296813965,53.625,55.125,53.625,54.75,26983
1994-11-16,10.405574798583984,52.875,54.0,50.625,53.625,51450
1994-11-17,10.036579132080078,51.0,53.625,48.0,52.875,98217
1994-11-18,10.257973670959473,52.125,52.125,51.0,51.0,43867
1994-11-21,10.184179306030273,51.75,51.75,51.0,51.75,37817
1994-11-22,10.036579132080078,51.0,51.375,50.25,51.0,49583
1994-11-23,10.274840354919434,51.75,52.5,50.25,50.25,31200
1994-11-25,10.200376510620117,51.375,52.125,51.0,52.125,10867
1994-11-28,10.051467895507812,50.625,51.375,50.625,51.0,38433
1994-11-29,10.274840354919434,51.75,52.125,51.0,51.0,24917
1994-11-30,10.349296569824219,52.125,53.625,52.125,52.125,27300
1994-12-01,10.572652816772461,53.25,53.625,52.5,52.5,16567
1994-12-02,10.647117614746094,53.625,54.0,53.25,53.25,20567
1994-12-05,10.423751831054688,52.5,54.75,52.5,54.0,26017
1994-12-06,10.274840354919434,51.75,53.25,50.625,51.75,41433
1994-12-07,10.200376510620117,51.375,51.75,51.0,51.0,19700
1994-12-08,9.977015495300293,50.25,51.375,49.5,51.0,43883
1994-12-09,9.977015495300293,50.25,51.0,49.5,49.5,29883
1994-12-12,10.051467895507812,50.625,51.0,49.5,49.875,31117
1994-12-13,9.977015495300293,50.25,51.0,50.25,50.625,26900
1994-12-14,9.977015495300293,50.25,51.375,50.25,50.25,31433
1994-12-15,10.125922203063965,51.0,51.75,50.625,50.625,23717
1994-12-16,10.200376510620117,51.375,52.125,51.0,51.375,20433
1994-12-19,10.349296569824219,52.125,52.5,51.0,51.375,29567
1994-12-20,10.572652816772461,53.25,54.0,52.875,52.875,33500
1994-12-21,10.721567153930664,54.0,54.0,53.25,53.25,38417
1994-12-22,10.572652816772461,53.25,54.0,52.875,53.25,24550
1994-12-23,10.13713550567627,50.625,52.5,50.625,52.5,16767
1994-12-27,10.06204605102539,50.25,51.0,50.25,50.625,23350
1994-12-28,9.911858558654785,49.5,50.625,49.125,50.625,37367
1994-12-29,9.911858558654785,49.5,49.875,48.75,49.5,39500
1994-12-30,9.836777687072754,49.125,49.875,48.75,49.125,49733
1995-01-03,9.911858558654785,49.5,50.25,49.5,49.875,17117
1995-01-04,9.986960411071777,49.875,50.25,49.5,49.875,15600
1995-01-05,10.06204605102539,50.25,51.0,49.5,50.25,22733
1995-01-06,10.287306785583496,51.375,51.375,49.5,50.25,17100
1995-01-09,10.287306785583496,51.375,52.125,51.0,51.0,14200
1995-01-10,10.287306785583496,51.375,51.75,51.0,51.375,16833
1995-01-11,10.212224960327148,51.0,51.375,50.625,51.0,18167
1995-01-12,10.212224960327148,51.0,51.375,50.25,50.625,23067
1995-01-13,10.212224960327148,51.0,53.25,50.25,50.625,17333
1995-01-16,10.287306785583496,51.375,51.75,51.0,51.0,17450
1995-01-17,10.512590408325195,52.5,52.875,51.375,51.375,28783
1995-01-18,10.587677955627441,52.875,52.875,52.5,52.5,17950
1995-01-19,10.512590408325195,52.5,53.25,52.5,52.5,26883
1995-01-20,10.512590408325195,52.5,52.875,51.75,52.5,14733
1995-01-23,10.287306785583496,51.375,51.75,51.0,51.75,21550
1995-01-24,10.437503814697266,52.125,52.5,51.0,51.75,15683
1995-01-25,10.3768949508667,51.375,52.125,51.0,51.75,14000
1995-01-26,10.301155090332031,51.0,51.75,51.0,51.375,13400
1995-01-27,10.452642440795898,51.75,52.125,51.0,51.0,12200
1995-01-30,10.452642440795898,51.75,52.5,51.0,52.125,11300
1995-01-31,10.3768949508667,51.375,52.5,51.0,51.75,21167
1995-02-01,10.225412368774414,50.625,51.375,50.625,51.0,19083
1995-02-02,10.14966869354248,50.25,51.0,50.25,50.625,17467
1995-02-03,10.3768949508667,51.375,51.375,50.25,50.25,17917
1995-02-06,10.301155090332031,51.0,51.375,51.0,51.0,23517
1995-02-07,10.3768949508667,51.375,51.375,50.625,51.0,18733
1995-02-08,10.452642440795898,51.75,52.125,51.0,51.0,22883
1995-02-09,10.3768949508667,51.375,52.5,51.375,51.75,17383
1995-02-10,10.528385162353516,52.125,52.5,51.375,51.375,13950
1995-02-13,10.452642440795898,51.75,52.5,51.75,52.5,22600
1995-02-14,10.528385162353516,52.125,53.25,51.75,52.5,32983
1995-02-15,10.528385162353516,52.125,52.5,51.75,52.125,23667
1995-02-16,10.60413646697998,52.5,52.5,51.75,52.125,28950
1995-02-17,10.67988395690918,52.875,53.25,52.125,52.125,50117
1995-02-21,10.755615234375,53.25,53.25,51.75,52.875,36700
1995-02-22,10.694518089294434,52.5,52.875,52.125,52.5,32950
1995-02-23,10.618125915527344,52.125,52.875,52.125,52.875,23383
1995-02-24,10.694518089294434,52.5,52.5,52.125,52.5,10367
1995-02-27,10.541731834411621,51.75,52.5,51.75,52.125,20183
1995-02-28,10.618125915527344,52.125,52.125,51.75,52.125,22683
1995-03-01,10.541731834411621,51.75,52.125,51.75,51.75,21883
1995-03-02,10.541731834411621,51.75,52.125,51.75,52.125,18483
1995-03-03,10.38895320892334,51.0,52.125,51.0,52.125,33217
1995-03-06,10.236174583435059,50.25,51.0,50.25,51.0,33633
1995-03-07,10.159788131713867,49.875,50.625,49.5,50.25,33683
1995-03-08,10.159788131713867,49.875,50.625,49.5,49.5,61167
1995-03-09,10.312564849853516,50.625,50.625,49.875,49.875,63867
1995-03-10,10.236174583435059,50.25,50.625,49.5,50.25,118467
1995-03-13,9.777830123901367,48.0,48.375,45.0,48.375,151767
1995-03-14,10.006994247436523,49.125,49.125,48.0,48.0,71950
1995-03-15,10.006994247436523,49.125,52.875,48.75,49.125,34567
1995-03-16,10.083398818969727,49.5,49.5,48.75,48.75,24217
1995-03-17,9.930622100830078,48.75,49.5,48.75,49.125,27217
1995-03-20,10.006994247436523,49.125,49.5,48.75,49.125,24933
1995-03-21,9.930622100830078,48.75,49.125,48.375,49.125,34600
1995-03-22,10.006994247436523,49.125,49.5,48.375,49.125,40383
1995-03-23,10.006994247436523,49.125,49.5,48.75,49.125,32100
1995-03-24,10.006994247436523,49.125,49.5,49.125,49.125,20867
1995-03-27,9.86929702758789,48.375,49.5,48.375,48.75,30600
1995-03-28,9.945806503295898,48.75,48.75,48.375,48.75,29700
1995-03-29,9.945806503295898,48.75,49.125,48.375,48.75,27483
1995-03-30,9.86929702758789,48.375,48.75,48.0,48.75,23433
1995-03-31,9.792779922485352,48.0,48.375,48.0,48.375,39333
1995-04-03,9.945806503295898,48.75,49.125,48.0,48.0,86533
1995-04-04,9.86929702758789,48.375,48.75,48.375,48.375,65867
1995-04-05,9.86929702758789,48.375,48.75,48.0,48.375,60683
1995-04-06,9.86929702758789,48.375,48.75,48.375,48.375,48750
1995-04-07,9.792779922485352,48.0,48.75,48.0,48.75,34450
1995-04-10,9.86929702758789,48.375,48.75,48.0,48.75,50350
1995-04-11,9.86929702758789,48.375,48.75,48.375,48.375,45433
1995-04-12,9.945806503295898,48.75,48.75,48.0,48.75,34617
1995-04-13,9.945806503295898,48.75,48.75,48.375,48.75,47433
1995-04-17,9.792779922485352,48.0,48.75,48.0,48.75,76100
1995-04-18,9.945806503295898,48.75,48.75,48.0,48.375,66500
1995-04-19,9.945806503295898,48.75,48.75,48.375,48.375,67800
1995-04-20,9.86929702758789,48.375,48.75,48.0,48.375,100567
1995-04-21,9.86929702758789,48.375,48.75,47.625,48.375,124367
1995-04-24,9.807981491088867,48.0,48.375,47.625,48.375,247250
1995-04-25,9.88461971282959,48.375,48.375,47.625,48.0,317550
1995-04-26,9.807981491088867,48.0,48.375,47.625,48.0,219783
1995-04-27,9.807981491088867,48.0,48.375,47.625,48.0,264600
1995-04-28,9.654741287231445,47.25,48.0,46.875,48.0,269383
1995-05-01,9.654741287231445,47.25,48.0,46.875,47.25,165217
1995-05-02,9.807981491088867,48.0,48.0,47.25,47.25,156500
1995-05-03,9.807981491088867,48.0,48.375,47.625,48.0,196950
1995-05-04,9.88461971282959,48.375,48.375,48.0,48.0,156800
1995-05-05,9.961244583129883,48.75,48.75,48.375,48.75,165783
1995-05-08,10.191125869750977,49.875,49.875,48.75,48.75,228817
1995-05-09,10.191125869750977,49.875,49.875,49.5,49.5,119467
1995-05-10,10.267740249633789,50.25,50.25,49.875,49.875,156067
1995-05-11,10.344367027282715,50.625,50.625,50.25,50.25,135817
1995-05-12,10.344367027282715,50.625,51.0,50.625,50.625,140517
1995-05-15,10.420998573303223,51.0,51.375,50.625,51.0,126917
1995-05-16,10.420998573303223,51.0,51.375,50.625,51.375,109900
1995-05-17,10.497615814208984,51.375,51.375,50.625,51.0,61833
1995-05-18,10.191125869750977,49.875,51.375,49.875,51.375,90583
1995-05-19,10.267740249633789,50.25,50.25,49.125,49.875,104000
1995-05-22,10.037863731384277,49.125,49.875,49.125,49.875,100983
1995-05-23,10.191125869750977,49.875,49.875,49.125,49.5,73883
1995-05-24,10.361227035522461,50.25,50.25,49.5,49.875,52150
1995-05-25,10.361227035522461,50.25,50.25,49.875,50.25,43883
1995-05-26,10.283912658691406,49.875,50.25,49.5,50.25,58350
1995-05-30,10.438549995422363,50.625,50.625,50.25,50.25,59800
1995-05-31,10.438549995422363,50.625,50.625,50.25,50.25,41933
1995-06-01,10.438549995422363,50.625,50.625,50.25,50.625,51783
1995-06-02,10.515873908996582,51.0,51.0,50.25,50.625,116200
1995-06-05,10.438549995422363,50.625,51.0,50.625,51.0,76017
1995-06-06,10.438549995422363,50.625,51.0,50.625,51.0,53733
1995-06-07,10.515873908996582,51.0,51.0,50.625,51.0,60450
1995-06-08,10.593189239501953,51.375,51.375,50.625,51.0,62600
1995-06-09,10.515873908996582,51.0,51.375,50.625,51.375,57700
1995-06-12,10.593189239501953,51.375,51.375,51.0,51.0,36083
1995-06-13,10.593189239501953,51.375,51.375,51.0,51.375,46433
1995-06-14,10.593189239501953,51.375,51.375,51.0,51.375,71467
1995-06-15,10.593189239501953,51.375,51.375,51.0,51.375,96067
1995-06-16,10.515873908996582,51.0,51.375,50.625,51.0,51917
1995-06-19,10.67052173614502,51.75,51.75,51.0,51.375,58000
1995-06-20,10.67052173614502,51.75,52.125,51.375,51.75,44833
1995-06-21,10.747847557067871,52.125,52.5,51.75,52.125,50633
1995-06-22,10.902486801147461,52.875,52.875,52.125,52.5,59400
1995-06-23,10.825161933898926,52.5,52.875,52.125,52.5,30817
1995-06-26,10.67052173614502,51.75,52.5,51.75,52.5,39583
1995-06-27,10.825161933898926,52.5,52.5,51.75,51.75,40850
1995-06-28,10.84076976776123,52.125,52.125,51.75,52.125,29417
1995-06-29,10.84076976776123,52.125,52.5,51.75,52.125,28750
1995-06-30,10.762773513793945,51.75,51.75,51.375,51.75,44267
1995-07-03,10.762773513793945,51.75,51.75,51.375,51.75,11650
1995-07-05,10.91875171661377,52.5,52.5,51.75,51.75,29533
1995-07-06,10.84076976776123,52.125,52.5,51.75,52.5,29367
1995-07-07,10.84076976776123,52.125,52.125,51.75,52.125,28100
1995-07-10,10.91875171661377,52.5,52.5,51.75,51.75,70267
1995-07-11,10.91875171661377,52.5,52.5,52.125,52.5,36067
1995-07-12,10.91875171661377,52.5,52.875,52.125,52.125,53567
1995-07-13,10.91875171661377,52.5,52.875,52.125,52.875,48250
1995-07-14,10.84076976776123,52.125,52.5,52.125,52.125,25617
1995-07-17,10.996744155883789,52.875,53.625,52.5,52.5,42667
1995-07-18,11.152727127075195,53.625,54.0,52.875,53.25,73100
1995-07-19,10.996744155883789,52.875,53.625,52.875,53.625,58650
1995-07-20,11.230728149414062,54.0,54.0,52.5,53.25,35450
1995-07-21,11.152727127075195,53.625,54.0,53.25,53.625,24917
1995-07-24,11.074728012084961,53.25,53.625,53.25,53.625,20400
1995-07-25,11.152727127075195,53.625,53.625,53.25,53.25,24017
1995-07-26,11.074728012084961,53.25,53.625,53.25,53.625,31267
1995-07-27,11.16911792755127,53.25,53.25,52.875,53.25,21967
1995-07-28,11.16911792755127,53.25,53.25,52.875,53.25,17133
1995-07-31,11.16911792755127,53.25,53.25,52.875,52.875,26833
1995-08-01,11.011808395385742,52.5,53.25,52.5,52.875,18533
1995-08-02,11.090466499328613,52.875,52.875,52.5,52.5,22433
1995-08-03,11.090466499328613,52.875,52.875,52.5,52.875,29500
1995-08-04,11.16911792755127,53.25,53.25,52.5,52.875,11450
1995-08-07,11.090466499328613,52.875,53.25,52.875,53.25,21267
1995-08-08,11.16911792755127,53.25,53.25,52.875,53.25,25000
1995-08-09,11.090466499328613,52.875,53.25,52.875,53.25,28950
1995-08-10,11.16911792755127,53.25,53.25,52.875,52.875,25433
1995-08-11,11.16911792755127,53.25,53.625,52.875,53.25,32050
1995-08-14,11.326435089111328,54.0,54.0,53.25,53.25,32883
1995-08-15,11.247781753540039,53.625,54.0,53.625,53.625,21483
1995-08-16,11.326435089111328,54.0,54.0,53.625,53.625,25083
1995-08-17,11.326435089111328,54.0,54.0,53.625,54.0,23383
1995-08-18,11.326435089111328,54.0,54.0,53.625,53.625,16950
1995-08-21,11.247781753540039,53.625,54.0,53.625,53.625,19567
1995-08-22,11.247781753540039,53.625,54.0,53.625,53.625,27533
1995-08-23,11.247781753540039,53.625,54.0,53.625,53.625,19883
1995-08-24,11.247781753540039,53.625,54.0,53.625,54.0,15383
1995-08-25,11.326435089111328,54.0,54.375,53.625,53.625,31333
1995-08-28,11.483742713928223,54.75,54.75,54.375,54.375,58433
1995-08-29,11.499492645263672,54.75,54.75,54.0,54.0,32733
1995-08-30,11.499492645263672,54.75,54.75,54.375,54.75,35000
1995-08-31,11.499492645263672,54.75,54.75,54.0,54.0,21017
1995-09-01,11.341975212097168,54.0,54.375,54.0,54.375,16417
1995-09-05,11.420727729797363,54.375,54.375,54.0,54.375,22583
1995-09-06,11.341975212097168,54.0,54.375,54.0,54.375,26383
1995-09-07,11.578262329101562,55.125,55.125,54.0,54.375,31250
1995-09-08,11.499492645263672,54.75,55.125,54.375,54.75,27783
1995-09-11,11.499492645263672,54.75,55.125,54.375,54.75,21833
1995-09-12,11.499492645263672,54.75,54.75,54.375,54.375,25600
1995-09-13,11.657022476196289,55.5,55.5,54.375,54.75,25717
1995-09-14,11.657022476196289,55.5,55.5,55.125,55.125,35383
1995-09-15,11.735779762268066,55.875,55.875,55.125,55.5,28950
1995-09-18,11.893314361572266,56.625,56.625,55.5,55.875,58800
1995-09-19,11.81454849243164,56.25,56.625,56.25,56.25,32583
1995-09-20,11.81454849243164,56.25,56.625,55.875,56.25,35383
1995-09-21,11.81454849243164,56.25,56.625,55.875,56.25,30117
1995-09-22,11.735779762268066,55.875,56.25,55.875,55.875,26733
1995-09-25,11.81454849243164,56.25,56.25,55.5,55.875,16000
1995-09-26,11.81454849243164,56.25,56.25,55.875,55.875,26583
1995-09-27,11.59371566772461,55.125,55.875,55.125,55.5,22983
1995-09-28,11.435977935791016,54.375,55.5,54.375,55.5,32667
1995-09-29,11.59371566772461,55.125,55.5,54.75,55.125,19550
1995-10-02,11.59371566772461,55.125,55.5,55.125,55.125,17300
1995-10-03,11.59371566772461,55.125,55.5,54.75,55.5,20417
1995-10-04,11.672588348388672,55.5,55.5,55.125,55.125,13733
1995-10-05,11.672588348388672,55.5,55.5,55.125,55.125,15750
1995-10-06,11.75146484375,55.875,55.875,55.125,55.5,16483
1995-10-09,11.672588348388672,55.5,55.5,55.125,55.5,19483
1995-10-10,11.514845848083496,54.75,55.125,54.75,55.125,17717
1995-10-11,11.59371566772461,55.125,55.5,55.125,55.125,19400
1995-10-12,11.672588348388672,55.5,55.5,55.125,55.5,14967
1995-10-13,11.59371566772461,55.125,55.875,55.125,55.5,19783
1995-10-16,11.75146484375,55.875,56.25,55.5,55.875,49150
1995-10-17,11.909194946289062,56.625,56.625,55.875,55.875,56667
1995-10-18,11.909194946289062,56.625,56.625,56.25,56.25,27417
1995-10-19,11.672588348388672,55.5,56.625,55.5,56.25,23183
1995-10-20,11.75146484375,55.875,55.875,55.5,55.875,16450
1995-10-23,11.514845848083496,54.75,55.875,54.75,55.875,40033
1995-10-24,11.672588348388672,55.5,55.5,54.75,54.75,50100
1995-10-25,11.672588348388672,55.5,55.5,55.125,55.125,30200
1995-10-26,11.75146484375,55.875,55.875,55.125,55.5,27267
1995-10-27,11.530326843261719,54.75,55.5,54.75,55.5,21650
1995-10-30,11.688276290893555,55.5,55.5,55.125,55.125,27317
1995-10-31,11.767252922058105,55.875,55.875,55.125,55.5,25617
1995-11-01,11.688276290893555,55.5,55.5,55.125,55.5,19500
1995-11-02,11.609313011169434,55.125,55.5,55.125,55.5,23433
1995-11-03,11.688276290893555,55.5,55.5,55.125,55.125,22033
1995-11-06,11.688276290893555,55.5,55.5,54.75,55.5,19633
1995-11-07,11.609313011169434,55.125,55.5,54.75,55.5,30333
1995-11-08,11.609313011169434,55.125,55.125,54.75,55.125,27083
1995-11-09,11.530326843261719,54.75,55.125,54.0,54.75,63833
1995-11-10,11.530326843261719,54.75,54.75,54.375,54.75,26667
1995-11-13,11.530326843261719,54.75,54.75,54.375,54.75,29767
1995-11-14,11.451353073120117,54.375,54.375,54.0,54.0,41667
1995-11-15,11.451353073120117,54.375,54.375,54.0,54.0,53750
1995-11-16,11.530326843261719,54.75,55.125,54.375,54.75,37400
1995-11-17,11.609313011169434,55.125,55.125,54.375,54.375,32017
1995-11-20,11.530326843261719,54.75,55.125,54.75,54.75,30950
1995-11-21,11.609313011169434,55.125,55.5,54.75,55.125,36050
1995-11-22,11.609313011169434,55.125,55.125,54.75,55.125,27017
1995-11-24,11.609313011169434,55.125,55.125,54.75,55.125,7383
1995-11-27,11.609313011169434,55.125,55.5,54.75,54.75,33383
1995-11-28,11.62513256072998,55.125,55.125,54.75,55.125,38000
1995-11-29,11.62513256072998,55.125,55.5,55.125,55.5,34933
1995-11-30,11.783287048339844,55.875,55.875,55.5,55.5,33833
1995-12-01,11.704204559326172,55.5,56.25,55.5,55.875,42850
1995-12-04,11.783287048339844,55.875,55.875,55.5,55.5,39683
1995-12-05,11.862369537353516,56.25,56.25,55.5,55.875,34967
1995-12-06,11.941442489624023,56.625,56.625,55.875,55.875,48233
1995-12-07,11.941442489624023,56.625,57.0,56.25,56.625,37433
1995-12-08,12.020528793334961,57.0,57.0,56.625,57.0,29033
1995-12-11,11.783287048339844,55.875,57.0,55.875,57.0,41900
1995-12-12,11.783287048339844,55.875,56.25,55.875,56.25,21200
1995-12-13,11.862369537353516,56.25,56.25,55.875,56.25,27533
1995-12-14,11.862369537353516,56.25,56.625,55.875,56.25,29600
1995-12-15,11.862369537353516,56.25,56.25,55.875,56.25,19400
1995-12-18,11.704204559326172,55.5,56.25,55.5,55.875,46100
1995-12-19,11.704204559326172,55.5,56.25,55.5,55.875,23317
1995-12-20,11.704204559326172,55.5,56.25,55.5,55.5,32200
1995-12-21,11.783287048339844,55.875,56.25,55.5,55.5,25267
1995-12-22,11.704204559326172,55.5,55.875,55.5,55.5,29833
1995-12-26,11.783287048339844,55.875,55.875,55.5,55.5,13133
1995-12-27,11.725862503051758,55.125,55.5,55.125,55.5,23467
1995-12-28,11.566315650939941,54.375,55.5,54.375,55.5,36033
1995-12-29,11.805623054504395,55.5,55.5,54.375,54.75,36267
1996-01-02,11.805623054504395,55.5,55.5,55.125,55.5,23033
1996-01-03,11.965156555175781,56.25,56.25,55.5,55.875,42683
1996-01-04,11.965156555175781,56.25,56.25,55.875,55.875,22900
1996-01-05,11.885393142700195,55.875,56.25,55.875,56.25,29733
1996-01-08,11.885393142700195,55.875,56.25,55.875,56.25,21600
1996-01-09,11.885393142700195,55.875,56.625,55.875,56.25,31983
1996-01-10,11.805623054504395,55.5,55.875,55.5,55.875,35767
1996-01-11,11.965156555175781,56.25,56.25,55.5,55.875,24500
1996-01-12,11.885393142700195,55.875,56.25,55.875,55.875,23100
1996-01-15,12.044919967651367,56.625,57.0,56.25,56.25,51000
1996-01-16,12.044919967651367,56.625,56.625,56.25,56.625,35167
1996-01-17,12.044919967651367,56.625,57.0,56.625,56.625,25633
1996-01-18,12.204458236694336,57.375,57.375,56.625,57.0,38200
1996-01-19,12.204458236694336,57.375,57.375,57.0,57.0,34167
1996-01-22,12.284229278564453,57.75,57.75,57.0,57.375,39033
1996-01-23,12.52352237701416,58.875,58.875,57.375,57.75,58800
1996-01-24,12.363986015319824,58.125,59.25,57.75,59.25,39600
1996-01-25,11.885393142700195,55.875,58.125,55.5,57.75,90167
1996-01-26,11.885393142700195,55.875,56.25,55.5,55.5,63017
1996-01-29,11.988374710083008,55.875,56.25,55.5,55.875,38100
1996-01-30,11.988374710083008,55.875,55.875,55.5,55.5,51867
1996-01-31,12.229753494262695,57.0,57.0,55.875,55.875,52867
1996-02-01,12.068825721740723,56.25,57.0,56.25,56.625,36783
1996-02-02,12.068825721740723,56.25,57.0,56.25,56.25,50000
1996-02-05,12.14928150177002,56.625,57.0,56.25,56.25,60400
1996-02-06,12.229753494262695,57.0,57.375,56.625,57.0,52850
1996-02-07,12.14928150177002,56.625,57.375,56.625,57.0,31067
1996-02-08,12.229753494262695,57.0,57.375,56.625,57.0,25967
1996-02-09,12.229753494262695,57.0,57.375,56.625,57.0,28733
1996-02-12,12.14928150177002,56.625,57.375,56.625,57.0,31800
1996-02-13,12.310213088989258,57.375,57.375,57.0,57.0,34633
1996-02-14,12.229753494262695,57.0,57.375,57.0,57.0,25883
1996-02-15,12.310213088989258,57.375,57.375,57.0,57.0,34867
1996-02-16,12.14928150177002,56.625,57.375,56.625,57.0,33667
1996-02-20,12.310213088989258,57.375,57.75,57.0,57.0,37617
1996-02-21,12.310213088989258,57.375,57.375,57.0,57.0,34583
1996-02-22,12.310213088989258,57.375,57.375,57.0,57.0,27550
1996-02-23,12.390665054321289,57.75,57.75,57.375,57.375,46517
1996-02-26,12.390665054321289,57.75,57.75,57.375,57.75,55133
1996-02-27,12.245655059814453,57.0,57.75,57.0,57.0,26933
1996-02-28,12.245655059814453,57.0,57.375,57.0,57.375,25267
1996-02-29,12.326220512390137,57.375,57.375,57.0,57.0,48167
1996-03-01,12.165082931518555,56.625,57.375,56.625,57.0,20667
1996-03-04,12.165082931518555,56.625,57.0,56.625,56.625,31600
1996-03-05,12.084518432617188,56.25,57.375,56.25,57.0,51633
1996-03-06,12.245655059814453,57.0,57.0,56.25,56.625,20817
1996-03-07,12.245655059814453,57.0,57.0,56.625,56.625,24467
1996-03-08,12.084518432617188,56.25,57.375,55.5,56.625,45700
1996-03-11,12.084518432617188,56.25,56.25,55.5,55.875,36050
1996-03-12,12.084518432617188,56.25,56.25,55.5,56.25,23733
1996-03-13,11.9233980178833,55.5,57.375,55.5,56.25,30900
1996-03-14,12.0039644241333,55.875,56.25,55.5,55.5,22900
1996-03-15,11.440017700195312,53.25,54.0,53.25,53.25,90417
1996-03-18,11.440017700195312,53.25,54.0,53.25,53.25,60750
1996-03-19,11.359451293945312,52.875,53.625,52.875,53.625,65883
1996-03-20,11.601143836975098,54.0,54.0,52.875,52.875,62433
1996-03-21,11.601143836975098,54.0,54.0,53.625,53.625,23067
1996-03-22,11.520586967468262,53.625,54.375,53.625,53.625,21667
1996-03-25,11.681702613830566,54.375,54.375,53.625,53.625,23317
1996-03-26,11.681702613830566,54.375,54.75,54.375,54.375,46083
1996-03-27,11.69145393371582,54.0,54.375,54.0,54.375,33767
1996-03-28,11.610269546508789,53.625,54.375,53.625,54.0,28683
1996-03-29,11.610269546508789,53.625,54.375,53.625,54.0,30383
1996-04-01,11.69145393371582,54.0,54.0,53.625,54.0,32250
1996-04-02,11.529067039489746,53.25,54.0,53.25,53.625,20933
1996-04-03,11.69145393371582,54.0,54.0,53.625,53.625,18200
1996-04-04,11.529067039489746,53.25,54.0,53.25,54.0,25567
1996-04-08,11.204305648803711,51.75,53.625,49.5,53.25,166383
1996-04-09,11.285505294799805,52.125,52.125,51.75,52.125,105233
1996-04-10,11.285505294799805,52.125,52.125,51.75,51.75,54600
1996-04-11,11.285505294799805,52.125,52.125,51.75,52.125,97417
1996-04-12,11.36669921875,52.5,52.5,52.125,52.125,96750
1996-04-15,11.69145393371582,54.0,54.0,52.5,52.5,103550
1996-04-16,11.69145393371582,54.0,54.0,53.625,54.0,80933
1996-04-17,11.69145393371582,54.0,54.0,53.625,53.625,57567
1996-04-18,11.69145393371582,54.0,54.0,53.625,54.0,55400
1996-04-19,11.69145393371582,54.0,54.0,53.625,54.0,43600
1996-04-22,11.69145393371582,54.0,54.75,53.25,54.0,137850
1996-04-23,11.447877883911133,52.875,54.0,52.875,54.0,78067
1996-04-24,11.529067039489746,53.25,53.25,52.875,52.875,46783
1996-04-25,11.529067039489746,53.25,53.25,52.875,53.25,87667
1996-04-26,11.375215530395508,52.125,52.875,51.75,52.5,140433
1996-04-29,11.211548805236816,51.375,51.375,48.75,49.125,325183
1996-04-30,11.211548805236816,51.375,51.375,50.625,51.375,109733
1996-05-01,11.12971019744873,51.0,51.375,51.0,51.375,61150
1996-05-02,11.12971019744873,51.0,51.375,50.625,51.0,51033
1996-05-03,11.211548805236816,51.375,51.375,50.625,51.0,49067
1996-05-06,11.375215530395508,52.125,52.125,51.375,51.75,43200
1996-05-07,11.457056999206543,52.5,52.5,51.75,52.125,36267
1996-05-08,11.375215530395508,52.125,52.5,52.125,52.5,28983
1996-05-09,11.457056999206543,52.5,52.5,52.125,52.5,60417
1996-05-10,11.375215530395508,52.125,52.5,52.125,52.5,33150
1996-05-13,10.966033935546875,50.25,52.125,50.25,52.125,98267
1996-05-14,11.12971019744873,51.0,51.375,50.625,50.625,109300
1996-05-15,11.047873497009277,50.625,51.375,50.625,51.0,90250
1996-05-16,11.047873497009277,50.625,51.0,50.25,51.0,116633
1996-05-17,10.966033935546875,50.25,51.0,50.25,50.625,84183
1996-05-20,10.966033935546875,50.25,50.625,50.25,50.625,108400
1996-05-21,11.047873497009277,50.625,51.0,50.25,50.25,160367
1996-05-22,11.12971019744873,51.0,51.375,50.625,51.0,138517
1996-05-23,11.211548805236816,51.375,51.75,51.0,51.0,94633
1996-05-24,11.14489459991455,51.0,51.0,50.625,51.0,98600
1996-05-28,11.062945365905762,50.625,51.0,50.25,51.0,101117
1996-05-29,11.062945365905762,50.625,50.625,50.25,50.625,64067
1996-05-30,11.062945365905762,50.625,50.625,50.25,50.625,68767
1996-05-31,11.062945365905762,50.625,51.375,50.625,50.625,356017
1996-06-03,11.062945365905762,50.625,51.0,50.25,50.625,181950
1996-06-04,11.2063570022583,51.28125,51.75,50.625,51.0,183783
1996-06-05,11.308794975280762,51.75,52.125,51.375,51.375,174950
1996-06-06,11.308794975280762,51.75,51.75,51.375,51.75,61500
1996-06-07,11.226844787597656,51.375,51.375,50.625,51.375,98417
1996-06-10,11.226844787597656,51.375,51.375,51.0,51.0,50067
1996-06-11,11.226844787597656,51.375,51.375,50.625,51.0,60350
1996-06-12,11.226844787597656,51.375,51.375,51.0,51.375,48000
1996-06-13,11.14489459991455,51.0,51.375,51.0,51.0,48417
1996-06-14,11.226844787597656,51.375,51.375,51.0,51.375,32083
1996-06-17,11.226844787597656,51.375,51.75,51.375,51.375,75050
1996-06-18,11.226844787597656,51.375,51.75,51.375,51.75,45550
1996-06-19,11.308794975280762,51.75,51.75,51.375,51.375,63567
1996-06-20,11.308794975280762,51.75,51.75,51.375,51.75,38367
1996-06-21,11.308794975280762,51.75,51.75,51.375,51.75,39767
1996-06-24,11.308794975280762,51.75,51.75,51.375,51.75,55767
1996-06-25,11.226844787597656,51.375,52.125,51.375,51.75,95350
1996-06-26,11.31938362121582,51.375,51.75,51.0,51.375,37317
1996-06-27,11.402007102966309,51.75,51.75,51.0,51.75,34033
1996-06-28,11.31938362121582,51.375,51.75,51.0,51.375,54317
1996-07-01,11.402007102966309,51.75,51.75,51.0,51.375,26450
1996-07-02,11.31938362121582,51.375,51.75,51.375,51.75,27150
1996-07-03,11.402007102966309,51.75,51.75,51.375,51.75,26200
1996-07-05,11.402007102966309,51.75,51.75,51.375,51.375,27683
1996-07-08,11.402007102966309,51.75,51.75,51.0,51.75,60717
1996-07-09,11.402007102966309,51.75,51.75,51.375,51.375,38200
1996-07-10,11.402007102966309,51.75,51.75,51.375,51.75,40017
1996-07-11,11.402007102966309,51.75,51.75,51.375,51.75,48567
1996-07-12,11.31938362121582,51.375,51.75,51.375,51.75,52517
1996-07-15,11.31938362121582,51.375,52.125,51.375,51.75,62217
1996-07-16,11.31938362121582,51.375,51.75,51.375,51.75,63883
1996-07-17,11.402007102966309,51.75,52.125,51.375,51.75,40017
1996-07-18,11.567251205444336,52.5,52.5,51.75,52.125,50950
1996-07-19,11.567251205444336,52.5,52.5,52.125,52.125,59333
1996-07-22,11.567251205444336,52.5,52.5,52.125,52.5,25817
1996-07-23,11.484630584716797,52.125,52.5,52.125,52.125,42133
1996-07-24,11.484630584716797,52.125,52.5,51.75,52.125,78167
1996-07-25,11.567251205444336,52.5,52.5,52.125,52.125,38717
1996-07-26,11.567251205444336,52.5,52.5,52.125,52.5,29800
1996-07-29,11.417230606079102,51.75,52.125,51.75,52.125,39217
1996-07-30,11.417230606079102,51.75,52.125,51.0,52.125,114767
1996-07-31,11.334492683410645,51.375,51.75,51.0,51.75,71167
1996-08-01,11.417230606079102,51.75,51.75,51.375,51.375,34600
1996-08-02,11.499972343444824,52.125,52.125,51.75,51.75,54700
1996-08-05,11.499972343444824,52.125,52.125,51.75,52.125,22450
1996-08-06,11.499972343444824,52.125,52.125,51.75,51.75,43250
1996-08-07,11.499972343444824,52.125,52.125,51.75,52.125,41100
1996-08-08,11.417230606079102,51.75,52.125,51.75,51.75,33633
1996-08-09,11.417230606079102,51.75,52.125,51.75,51.75,31850
1996-08-12,11.499972343444824,52.125,52.5,51.75,52.125,66783
1996-08-13,11.58269214630127,52.5,52.5,52.125,52.125,33767
1996-08-14,11.58269214630127,52.5,52.5,52.125,52.5,39783
1996-08-15,11.58269214630127,52.5,52.5,52.125,52.5,49233
1996-08-16,11.58269214630127,52.5,52.875,52.5,52.5,35333
1996-08-19,11.748162269592285,53.25,53.25,52.5,52.875,57083
1996-08-20,11.748162269592285,53.25,53.625,52.875,52.875,58350
1996-08-21,11.830894470214844,53.625,54.0,53.25,53.625,77400
1996-08-22,11.830894470214844,53.625,53.625,53.25,53.625,30550
1996-08-23,11.748162269592285,53.25,53.625,52.875,53.25,53483
1996-08-26,11.748162269592285,53.25,53.25,52.875,53.25,38733
1996-08-27,11.665425300598145,52.875,53.25,52.875,53.25,53833
1996-08-28,11.763729095458984,53.25,53.25,52.5,52.875,45933
1996-08-29,11.680885314941406,52.875,53.25,52.875,53.25,35650
1996-08-30,11.763729095458984,53.25,53.25,52.875,52.875,35633
1996-09-03,11.680885314941406,52.875,53.25,52.5,53.25,48433
1996-09-04,11.763729095458984,53.25,53.25,52.875,53.25,33700
1996-09-05,11.515213966369629,52.125,53.25,52.125,52.875,111767
1996-09-06,11.680885314941406,52.875,52.875,52.125,52.125,40100
1996-09-09,11.680885314941406,52.875,53.25,52.875,52.875,41700
1996-09-10,11.763729095458984,53.25,53.25,52.875,53.25,44717
1996-09-11,11.763729095458984,53.25,53.625,52.875,52.875,57867
1996-09-12,11.763729095458984,53.25,53.625,53.25,53.625,44650
1996-09-13,11.763729095458984,53.25,53.625,53.25,53.25,46283
1996-09-16,11.846573829650879,53.625,53.625,53.25,53.25,43233
1996-09-17,11.763729095458984,53.25,53.625,52.875,53.625,80183
1996-09-18,11.763729095458984,53.25,53.25,52.875,53.25,28950
1996-09-19,11.763729095458984,53.25,53.25,52.875,53.25,39317
1996-09-20,11.680885314941406,52.875,53.25,52.875,53.25,37283
1996-09-23,11.846573829650879,53.625,53.625,52.875,53.25,38367
1996-09-24,11.846573829650879,53.625,53.625,53.25,53.625,45783
1996-09-25,11.763729095458984,53.25,53.625,53.25,53.625,29183
1996-09-26,11.940754890441895,53.625,53.625,52.875,52.875,38667
1996-09-27,11.773751258850098,52.875,53.625,52.875,53.25,28300
1996-09-30,11.857250213623047,53.25,53.25,52.875,53.25,23417
1996-10-01,11.773751258850098,52.875,53.625,52.875,53.25,36400
1996-10-02,11.857250213623047,53.25,53.625,52.875,53.25,53167
1996-10-03,11.857250213623047,53.25,53.625,52.875,53.25,33317
1996-10-04,11.857250213623047,53.25,53.625,53.25,53.625,58433
1996-10-07,11.690250396728516,52.5,53.625,52.5,53.25,74433
1996-10-08,11.773751258850098,52.875,53.25,52.5,52.875,43317
1996-10-09,11.773751258850098,52.875,52.875,52.5,52.875,31783
1996-10-10,11.690250396728516,52.5,52.875,52.5,52.875,38750
1996-10-11,11.690250396728516,52.5,53.25,52.5,52.5,52200
1996-10-14,11.857250213623047,53.25,53.25,52.875,52.875,105800
1996-10-15,11.857250213623047,53.25,53.625,52.5,53.25,71500
1996-10-16,11.773751258850098,52.875,53.25,52.5,53.25,70350
1996-10-17,11.857250213623047,53.25,53.25,52.875,53.25,57950
1996-10-18,11.857250213623047,53.25,53.25,52.875,52.875,44800
1996-10-21,11.857250213623047,53.25,53.625,53.25,53.25,59850
1996-10-22,11.940754890441895,53.625,53.625,53.25,53.625,71267
1996-10-23,11.940754890441895,53.625,53.625,53.25,53.625,43150
1996-10-24,11.940754890441895,53.625,53.625,53.25,53.625,47733
1996-10-25,11.857250213623047,53.25,53.625,53.25,53.625,62333
1996-10-28,12.024260520935059,54.0,54.0,53.625,53.625,77400
1996-10-29,12.034357070922852,53.625,53.625,53.25,53.625,49300
1996-10-30,12.034357070922852,53.625,53.625,53.25,53.625,42000
1996-10-31,12.034357070922852,53.625,54.0,53.25,53.625,44317
1996-11-01,12.034357070922852,53.625,53.625,53.25,53.625,79950
1996-11-04,11.950201034545898,53.25,53.625,52.875,53.625,68633
1996-11-05,11.950201034545898,53.25,53.25,52.875,53.25,58883
1996-11-06,11.950201034545898,53.25,53.25,52.875,53.25,62933
1996-11-07,11.950201034545898,53.25,53.25,52.875,53.25,53283
1996-11-08,12.034357070922852,53.625,53.625,53.25,53.25,49883
1996-11-11,11.950201034545898,53.25,53.625,52.875,53.25,72967
1996-11-12,11.950201034545898,53.25,53.25,52.875,53.25,91433
1996-11-13,11.950201034545898,53.25,53.25,52.875,52.875,62100
1996-11-14,11.950201034545898,53.25,53.25,52.5,53.25,52533
1996-11-15,11.950201034545898,53.25,53.25,52.5,53.25,52017
1996-11-18,11.950201034545898,53.25,53.25,52.875,53.25,114283
1996-11-19,12.034357070922852,53.625,53.625,52.875,53.25,57900
1996-11-20,11.950201034545898,53.25,53.625,53.25,53.625,51750
1996-11-21,12.034357070922852,53.625,54.0,53.25,53.25,104433
1996-11-22,12.034357070922852,53.625,54.0,53.625,54.0,119583
1996-11-25,12.202676773071289,54.375,54.75,54.0,54.0,139633
1996-11-26,12.302672386169434,54.75,54.75,54.0,54.375,58417
1996-11-27,12.134132385253906,54.0,54.75,54.0,54.375,56200
1996-11-29,12.302672386169434,54.75,54.75,54.375,54.75,26950
1996-12-02,12.47120475769043,55.5,55.5,54.375,54.375,73683
1996-12-03,12.049875259399414,53.625,55.125,53.625,55.125,198317
1996-12-04,12.049875259399414,53.625,54.0,53.625,54.0,66150
1996-12-05,12.049875259399414,53.625,54.0,53.25,54.0,250183
1996-12-06,11.88133716583252,52.875,52.875,52.5,52.5,97817
1996-12-09,12.049875259399414,53.625,53.625,52.875,52.875,45517
1996-12-10,12.134132385253906,54.0,54.0,53.25,53.625,49117
1996-12-11,12.049875259399414,53.625,54.0,53.25,53.625,42933
1996-12-12,11.965604782104492,53.25,54.0,53.25,53.625,42400
1996-12-13,12.134132385253906,54.0,54.0,53.25,53.25,39617
1996-12-16,12.049875259399414,53.625,54.0,53.25,53.625,41083
1996-12-17,12.134132385253906,54.0,54.0,53.25,53.25,36767
1996-12-18,12.049875259399414,53.625,54.0,53.25,54.0,105950
1996-12-19,12.134132385253906,54.0,54.0,53.625,53.625,46217
1996-12-20,12.218400955200195,54.375,54.375,53.625,54.0,36783
1996-12-23,12.218400955200195,54.375,54.375,54.0,54.375,57367
1996-12-24,12.134132385253906,54.0,54.375,54.0,54.0,15383
1996-12-26,12.218400955200195,54.375,54.375,54.0,54.375,32183
1996-12-27,12.06540584564209,53.625,54.0,53.625,53.625,36267
1996-12-30,12.06540584564209,53.625,53.625,52.875,53.625,82767
1996-12-31,11.896653175354004,52.875,53.625,52.5,53.25,96583
1997-01-02,12.06540584564209,53.625,53.625,52.875,52.875,44533
1997-01-03,11.981029510498047,53.25,53.625,52.875,53.625,39117
1997-01-06,12.06540584564209,53.625,53.625,52.875,53.625,46917
1997-01-07,12.06540584564209,53.625,53.625,52.875,53.625,34900
1997-01-08,11.981029510498047,53.25,53.625,52.875,53.625,56917
1997-01-09,12.06540584564209,53.625,53.625,52.875,53.25,67000
1997-01-10,11.896653175354004,52.875,53.625,52.875,53.25,78417
1997-01-13,11.896653175354004,52.875,53.25,52.875,53.25,41933
1997-01-14,12.06540584564209,53.625,53.625,52.875,53.25,50450
1997-01-15,12.06540584564209,53.625,53.625,53.25,53.625,45283
1997-01-16,12.1497802734375,54.0,54.0,53.25,53.25,40767
1997-01-17,12.06540584564209,53.625,54.0,53.625,54.0,37783
1997-01-20,12.1497802734375,54.0,54.0,53.625,54.0,63333
1997-01-21,12.1497802734375,54.0,54.0,53.25,54.0,63133
1997-01-22,12.06540584564209,53.625,54.0,52.875,54.0,195150
1997-01-23,11.896653175354004,52.875,53.625,52.875,53.25,97850
1997-01-24,11.896653175354004,52.875,53.625,52.875,53.25,60500
1997-01-27,11.981029510498047,53.25,53.625,52.875,53.25,46067
1997-01-28,12.06540584564209,53.625,54.0,53.25,53.25,50033
1997-01-29,12.160636901855469,53.625,53.625,53.25,53.625,53133
1997-01-30,12.075616836547852,53.25,53.25,52.875,53.25,72450
1997-01-31,11.990561485290527,52.875,53.25,52.5,52.875,75600
1997-02-03,12.075616836547852,53.25,53.25,52.5,52.875,62183
1997-02-04,12.118123054504395,53.4375,53.625,52.875,53.25,40133
1997-02-05,12.075616836547852,53.25,54.0,53.25,53.625,46200
1997-02-06,12.160636901855469,53.625,53.625,53.25,53.625,45783
1997-02-07,12.160636901855469,53.625,53.71875,53.25,53.625,57733
1997-02-10,11.990561485290527,52.875,53.625,52.875,53.625,84183
1997-02-11,12.075616836547852,53.25,53.625,52.875,53.25,48000
1997-02-12,12.075616836547852,53.25,53.625,52.875,53.625,114250
1997-02-13,12.160636901855469,53.625,53.625,52.875,53.25,88550
1997-02-14,12.160636901855469,53.625,53.625,52.875,53.25,43333
1997-02-18,12.245676040649414,54.0,54.0,53.25,53.25,99250
1997-02-19,12.245676040649414,54.0,54.0,53.625,54.0,56750
1997-02-20,12.160636901855469,53.625,54.0,53.25,53.625,68600
1997-02-21,12.160636901855469,53.625,54.0,53.625,53.625,53183
1997-02-24,12.160636901855469,53.625,54.0,53.625,53.625,45550
1997-02-25,12.245676040649414,54.0,54.375,54.0,54.0,117667
1997-02-26,12.26158332824707,54.0,54.0,53.625,53.625,76050
1997-02-27,12.176429748535156,53.625,54.0,53.25,53.625,46583
1997-02-28,12.176429748535156,53.625,54.0,53.25,53.625,54567
1997-03-03,12.091285705566406,53.25,54.0,53.25,53.625,57967
1997-03-04,12.176429748535156,53.625,53.625,53.25,53.625,51750
1997-03-05,12.26158332824707,54.0,54.0,53.25,53.625,52650
1997-03-06,12.26158332824707,54.0,54.0,53.625,54.0,48667
1997-03-07,12.26158332824707,54.0,54.0,53.625,54.0,53700
1997-03-10,12.26158332824707,54.0,54.0,53.625,54.0,45933
1997-03-11,12.26158332824707,54.0,54.0,53.625,54.0,51633
1997-03-12,12.346732139587402,54.375,54.375,53.625,54.0,68417
1997-03-13,12.26158332824707,54.0,54.375,54.0,54.375,46767
1997-03-14,12.346732139587402,54.375,54.375,54.0,54.0,55533
1997-03-17,12.51703929901123,55.125,55.125,54.0,54.375,106717
1997-03-18,12.51703929901123,55.125,55.125,54.75,55.125,57483
1997-03-19,12.346732139587402,54.375,55.125,54.375,54.75,53833
1997-03-20,12.431892395019531,54.75,55.125,54.375,54.375,27883
1997-03-21,12.51703929901123,55.125,55.125,54.75,55.125,36317
1997-03-24,12.346732139587402,54.375,55.125,54.0,54.75,110250
1997-03-25,12.346732139587402,54.375,54.375,54.0,54.375,46233
1997-03-26,12.442845344543457,54.375,54.375,53.625,54.0,49333
1997-03-27,12.442845344543457,54.375,54.375,53.625,54.375,33967
1997-03-31,12.27121639251709,53.625,54.375,53.625,54.0,42367
1997-04-01,12.27121639251709,53.625,54.0,53.25,53.25,42617
1997-04-02,12.357028007507324,54.0,54.375,53.625,54.0,28550
1997-04-03,12.185409545898438,53.25,54.0,53.25,54.0,39950
1997-04-04,12.185409545898438,53.25,53.625,53.25,53.25,31633
1997-04-07,12.357028007507324,54.0,54.0,53.25,53.625,42900
1997-04-08,12.27121639251709,53.625,54.0,53.25,54.0,40233
1997-04-09,12.27121639251709,53.625,53.625,53.25,53.25,39733
1997-04-10,12.27121639251709,53.625,54.0,53.25,53.25,36933
1997-04-11,12.185409545898438,53.25,53.625,53.25,53.625,35150
1997-04-14,12.185409545898438,53.25,54.0,53.25,53.625,54517
1997-04-15,12.357028007507324,54.0,54.0,53.25,53.25,39333
1997-04-16,12.357028007507324,54.0,54.0,53.625,53.625,59467
1997-04-17,12.27121639251709,53.625,54.375,53.625,54.0,36317
1997-04-18,12.357028007507324,54.0,54.75,54.0,54.0,88767
1997-04-21,12.357028007507324,54.0,54.375,54.0,54.0,32617
1997-04-22,12.442845344543457,54.375,54.375,54.0,54.375,22767
1997-04-23,12.528661727905273,54.75,54.75,54.0,54.0,37233
1997-04-24,12.442845344543457,54.375,54.75,54.375,54.75,36483
1997-04-25,12.528661727905273,54.75,54.75,54.375,54.375,39833
1997-04-28,12.539031982421875,54.375,54.375,54.0,54.375,28233
1997-04-29,12.452554702758789,54.0,54.75,54.0,54.75,40850
1997-04-30,12.539031982421875,54.375,54.75,54.0,54.375,29117
1997-05-01,12.539031982421875,54.375,54.375,54.0,54.375,29933
1997-05-02,12.539031982421875,54.375,54.75,54.0,54.375,31300
1997-05-05,12.539031982421875,54.375,54.375,54.0,54.375,28083
1997-05-06,12.539031982421875,54.375,54.75,54.0,54.0,48500
1997-05-07,12.452554702758789,54.0,54.75,54.0,54.375,26083
1997-05-08,12.711991310119629,55.125,55.125,54.0,54.375,49883
1997-05-09,12.711991310119629,55.125,55.125,54.75,55.125,37483
1997-05-12,12.62551498413086,54.75,55.125,54.75,54.75,43050
1997-05-13,12.62551498413086,54.75,55.125,54.75,55.125,71667
1997-05-14,12.711991310119629,55.125,55.5,54.75,55.125,31883
1997-05-15,12.711991310119629,55.125,55.125,54.75,55.125,37183
1997-05-16,12.711991310119629,55.125,55.125,54.75,55.125,32200
1997-05-19,12.7984619140625,55.5,55.5,54.75,55.125,59317
1997-05-20,12.7984619140625,55.5,55.5,55.125,55.125,112733
1997-05-21,12.7984619140625,55.5,55.5,55.125,55.5,49617
1997-05-22,12.711991310119629,55.125,55.5,55.125,55.125,41433
1997-05-23,12.711991310119629,55.125,55.5,54.75,55.5,34233
1997-05-27,12.62551498413086,54.75,55.5,54.75,55.5,48067
1997-05-28,12.72311782836914,54.75,54.75,54.0,54.375,46267
1997-05-29,12.810253143310547,55.125,55.125,54.375,54.75,45867
1997-05-30,12.810253143310547,55.125,55.125,54.375,54.75,43517
1997-06-02,12.635966300964355,54.375,54.75,53.625,54.375,109283
1997-06-03,12.548820495605469,54.0,54.375,54.0,54.0,46250
1997-06-04,12.635966300964355,54.375,54.75,54.0,54.0,59617
1997-06-05,12.810253143310547,55.125,55.125,54.0,54.375,103567
1997-06-06,12.72311782836914,54.75,55.5,54.75,55.125,42783
1997-06-09,12.810253143310547,55.125,55.5,54.75,54.75,55283
1997-06-10,12.897412300109863,55.5,55.5,54.75,55.125,48700
1997-06-11,12.810253143310547,55.125,55.5,55.125,55.5,35067
1997-06-12,12.897412300109863,55.5,55.5,54.75,55.125,80083
1997-06-13,12.897412300109863,55.5,55.5,55.125,55.5,27267
1997-06-16,12.810253143310547,55.125,55.875,55.125,55.5,54933
1997-06-17,12.98454761505127,55.875,55.875,54.75,55.125,75917
1997-06-18,12.897412300109863,55.5,55.875,55.5,55.875,41900
1997-06-19,12.897412300109863,55.5,55.875,55.5,55.5,26333
1997-06-20,12.98454761505127,55.875,56.25,55.125,56.25,33517
1997-06-23,12.98454761505127,55.875,55.875,55.5,55.875,40950
1997-06-24,12.98454761505127,55.875,56.25,55.875,55.875,37433
1997-06-25,13.071684837341309,56.25,56.25,55.875,55.875,42967
1997-06-26,12.913482666015625,55.5,55.875,55.5,55.5,47233
1997-06-27,12.913482666015625,55.5,56.25,54.75,55.125,34867
1997-06-30,12.826214790344238,55.125,55.5,55.125,55.5,51583
1997-07-01,12.913482666015625,55.5,55.5,54.75,55.125,49300
1997-07-02,12.913482666015625,55.5,55.5,54.75,55.125,31067
1997-07-03,12.913482666015625,55.5,55.5,54.75,55.5,18717
1997-07-07,12.826214790344238,55.125,55.5,54.75,55.125,72200
1997-07-08,12.913482666015625,55.5,55.875,55.125,55.5,62467
1997-07-09,12.826214790344238,55.125,55.875,55.125,55.5,58883
1997-07-10,13.000725746154785,55.875,55.875,54.75,55.5,43067
1997-07-11,13.087972640991211,56.25,56.25,54.75,55.875,40417
1997-07-14,13.000725746154785,55.875,56.25,55.5,56.25,44050
1997-07-15,13.000725746154785,55.875,56.25,55.5,55.875,38683
1997-07-16,13.087972640991211,56.25,56.25,55.875,55.875,86267
1997-07-17,12.913482666015625,55.5,56.25,55.125,55.875,78850
1997-07-18,12.738971710205078,54.75,55.5,54.75,55.5,67617
1997-07-21,12.913482666015625,55.5,55.5,54.75,54.75,46850
1997-07-22,12.913482666015625,55.5,55.5,54.75,55.125,55233
1997-07-23,12.913482666015625,55.5,55.5,55.125,55.125,44633
1997-07-24,12.826214790344238,55.125,55.5,55.125,55.5,50883
1997-07-25,12.826214790344238,55.125,55.5,55.125,55.5,39067
1997-07-28,13.000725746154785,55.875,55.875,55.125,55.5,77250
1997-07-29,13.011280059814453,55.5,55.5,54.75,55.125,59800
1997-07-30,13.011280059814453,55.5,55.875,55.125,55.125,66900
1997-07-31,13.011280059814453,55.5,55.5,55.125,55.5,44733
1997-08-01,13.011280059814453,55.5,55.5,55.125,55.5,50167
1997-08-04,12.923354148864746,55.125,55.5,55.125,55.5,29483
1997-08-05,12.923354148864746,55.125,55.5,55.125,55.125,67133
1997-08-06,12.923354148864746,55.125,55.5,55.125,55.5,42117
1997-08-07,12.923354148864746,55.125,55.5,55.125,55.125,45867
1997-08-08,12.923354148864746,55.125,55.5,55.125,55.5,49150
1997-08-11,12.835454940795898,54.75,55.5,54.75,55.125,42283
1997-08-12,12.835454940795898,54.75,55.5,54.75,55.125,30583
1997-08-13,13.011280059814453,55.5,55.875,54.75,54.75,105183
1997-08-14,13.099190711975098,55.875,55.875,55.5,55.5,60317
1997-08-15,13.011280059814453,55.5,55.875,55.5,55.875,36900
1997-08-18,13.187106132507324,56.25,56.25,55.5,55.875,42050
1997-08-19,13.099190711975098,55.875,56.25,55.875,56.25,32183
1997-08-20,13.187106132507324,56.25,56.25,55.875,55.875,52950
1997-08-21,13.099190711975098,55.875,56.25,55.5,55.875,90900
1997-08-22,13.187106132507324,56.25,56.25,55.5,55.875,49867
1997-08-25,13.187106132507324,56.25,56.25,55.875,56.25,23183
1997-08-26,13.275010108947754,56.625,56.625,55.875,56.25,41050
1997-08-27,13.285651206970215,56.25,56.25,55.875,56.25,26867
1997-08-28,13.108504295349121,55.5,56.25,55.5,56.25,32800
1997-08-29,13.197078704833984,55.875,55.875,55.125,55.5,23017
1997-09-02,13.108504295349121,55.5,55.875,55.125,55.5,56967
1997-09-03,13.108504295349121,55.5,55.5,55.125,55.5,34967
1997-09-04,13.108504295349121,55.5,55.875,55.125,55.5,43000
1997-09-05,13.108504295349121,55.5,55.875,55.5,55.875,28700
1997-09-08,13.019919395446777,55.125,55.875,55.125,55.5,31583
1997-09-09,12.754218101501465,54.0,55.875,54.0,55.125,174350
1997-09-10,12.399931907653809,52.5,54.375,52.5,54.0,248750
1997-09-11,12.488499641418457,52.875,53.25,51.75,52.5,151667
1997-09-12,12.045650482177734,51.0,52.5,51.0,52.125,250417
1997-09-15,11.957079887390137,50.625,51.0,50.25,51.0,245733
1997-09-16,12.13422679901123,51.375,51.75,50.625,51.0,147483
1997-09-17,12.045650482177734,51.0,51.75,51.0,51.75,72450
1997-09-18,12.13422679901123,51.375,51.375,50.625,51.0,89017
1997-09-19,12.045650482177734,51.0,51.375,50.625,51.0,74683
1997-09-22,12.13422679901123,51.375,51.375,51.0,51.375,64283
1997-09-23,11.957079887390137,50.625,51.0,50.625,51.0,67033
1997-09-24,12.222789764404297,51.75,51.75,50.625,50.625,104050
1997-09-25,11.957079887390137,50.625,51.75,50.625,51.375,46150
1997-09-26,12.059941291809082,51.0,51.0,50.625,51.0,38083
1997-09-29,12.059941291809082,51.0,51.0,50.625,51.0,46267
1997-09-30,11.971268653869629,50.625,51.0,50.25,51.0,88533
1997-10-01,12.148624420166016,51.375,51.375,50.25,50.625,108250
1997-10-02,12.148624420166016,51.375,51.375,51.0,51.375,39183
1997-10-03,12.059941291809082,51.0,52.125,51.0,51.375,142817
1997-10-06,12.237295150756836,51.75,51.75,51.0,51.0,59567
1997-10-07,12.148624420166016,51.375,51.75,51.375,51.375,62050
1997-10-08,12.148624420166016,51.375,51.75,51.0,51.375,69750
1997-10-09,12.059941291809082,51.0,51.375,51.0,51.0,63583
1997-10-10,12.148624420166016,51.375,51.375,51.0,51.0,55567
1997-10-13,12.059941291809082,51.0,51.75,51.0,51.375,46683
1997-10-14,12.148624420166016,51.375,51.75,51.0,51.375,115833
1997-10-15,12.148624420166016,51.375,51.375,51.0,51.0,61233
1997-10-16,11.971268653869629,50.625,51.375,50.625,51.0,80617
1997-10-17,12.059941291809082,51.0,51.0,50.625,51.0,51100
1997-10-20,11.971268653869629,50.625,51.0,50.625,50.625,49033
1997-10-21,12.059941291809082,51.0,51.0,50.625,50.625,72483
1997-10-22,11.793915748596191,49.875,50.625,49.875,50.625,111267
1997-10-23,11.527877807617188,48.75,49.875,48.75,49.5,125850
1997-10-24,11.61656379699707,49.125,50.25,49.125,49.5,65400
1997-10-27,11.084510803222656,46.875,48.75,46.875,48.75,163850
1997-10-28,11.61656379699707,49.125,49.125,46.5,46.5,152050
1997-10-29,11.45319938659668,48.375,49.125,48.0,49.125,69050
1997-10-30,11.364415168762207,48.0,48.375,48.0,48.0,75350
1997-10-31,11.541971206665039,48.75,48.75,48.375,48.375,65650
1997-11-03,11.630767822265625,49.125,49.125,48.375,48.375,61533
1997-11-04,11.45319938659668,48.375,49.125,48.375,48.75,71783
1997-11-05,11.364415168762207,48.0,48.75,48.0,48.375,71517
1997-11-06,11.364415168762207,48.0,48.75,48.0,48.0,48850
1997-11-07,11.541971206665039,48.75,48.75,48.0,48.0,67550
1997-11-10,11.364415168762207,48.0,48.75,48.0,48.75,46200
1997-11-11,11.364415168762207,48.0,48.375,48.0,48.0,45050
1997-11-12,11.275628089904785,47.625,48.375,47.625,48.375,61517
1997-11-13,11.45319938659668,48.375,48.375,48.0,48.0,53450
1997-11-14,11.275628089904785,47.625,48.375,47.625,48.0,50450
1997-11-17,11.45319938659668,48.375,48.75,48.0,48.375,84433
1997-11-18,11.541971206665039,48.75,48.75,48.0,48.75,67617
1997-11-19,11.364415168762207,48.0,48.75,48.0,48.375,60500
1997-11-20,11.364415168762207,48.0,48.375,48.0,48.375,50800
1997-11-21,11.541971206665039,48.75,48.75,48.0,48.0,69150
1997-11-24,11.45319938659668,48.375,48.375,48.0,48.0,50733
1997-11-25,11.467421531677246,48.375,48.375,48.0,48.0,39583
1997-11-26,11.378525733947754,48.0,48.375,48.0,48.0,55033
1997-11-28,11.289632797241211,47.625,48.375,47.625,48.0,37417
1997-12-01,11.200737953186035,47.25,48.0,47.25,47.625,52600
1997-12-02,11.111846923828125,46.875,47.625,46.875,47.625,103283
1997-12-03,11.02294635772705,46.5,47.25,46.5,47.25,90317
1997-12-04,11.02294635772705,46.5,47.25,46.5,46.5,134200
1997-12-05,10.934037208557129,46.125,46.875,46.125,46.5,84233
1997-12-08,10.66736888885498,45.0,46.5,45.0,46.125,162350
1997-12-09,10.845165252685547,45.75,45.75,45.0,45.0,157550
1997-12-10,10.756265640258789,45.375,45.75,45.0,45.375,104850
1997-12-11,10.845165252685547,45.75,45.75,45.0,45.375,84900
1997-12-12,10.66736888885498,45.0,45.75,45.0,45.75,72283
1997-12-15,10.756265640258789,45.375,45.375,45.0,45.0,153433
1997-12-16,10.489583015441895,44.25,45.375,43.875,45.0,143717
1997-12-17,10.66736888885498,45.0,45.0,44.25,44.25,188400
1997-12-18,10.489583015441895,44.25,45.375,44.25,44.625,112933
1997-12-19,10.489583015441895,44.25,44.625,43.875,44.625,115750
1997-12-22,10.311786651611328,43.5,44.25,43.5,43.875,136117
1997-12-23,10.222898483276367,43.125,43.875,43.125,43.5,187150
1997-12-24,10.222898483276367,43.125,43.5,42.75,42.75,84367
1997-12-26,10.311786651611328,43.5,43.875,42.75,42.75,67250
1997-12-29,10.326027870178223,43.5,43.875,43.125,43.5,154500
1997-12-30,10.415051460266113,43.875,43.875,43.125,43.5,161333
1997-12-31,10.326027870178223,43.5,45.75,43.125,43.5,153417
1998-01-02,10.415051460266113,43.875,43.875,43.125,43.5,51200
1998-01-05,10.593084335327148,44.625,45.0,43.875,43.875,125150
1998-01-06,10.860146522521973,45.75,45.75,44.625,44.625,107467
1998-01-07,11.038166046142578,46.5,46.5,45.375,45.75,103267
1998-01-08,10.949141502380371,46.125,46.5,45.75,46.5,50083
1998-01-09,10.949141502380371,46.125,46.5,45.375,46.125,85700
1998-01-12,10.860146522521973,45.75,46.125,45.0,45.75,82483
1998-01-13,10.949141502380371,46.125,46.125,45.375,45.75,53683
1998-01-14,10.860146522521973,45.75,46.5,45.75,46.5,42800
1998-01-15,11.038166046142578,46.5,46.5,45.75,46.125,47083
1998-01-16,11.216209411621094,47.25,47.25,46.5,46.5,102467
1998-01-20,11.394240379333496,48.0,48.0,47.25,47.25,140667
1998-01-21,11.216209411621094,47.25,48.0,47.25,48.0,69517
1998-01-22,11.305228233337402,47.625,47.625,46.875,47.625,56367
1998-01-23,11.305228233337402,47.625,47.625,47.25,47.625,54000
1998-01-26,11.305228233337402,47.625,47.625,47.25,47.625,61283
1998-01-27,11.394240379333496,48.0,48.0,47.25,47.625,78983
1998-01-28,11.408502578735352,48.0,48.0,47.25,47.25,49083
1998-01-29,11.408502578735352,48.0,48.0,47.25,47.625,39483
1998-01-30,11.408502578735352,48.0,48.0,47.625,47.625,42783
1998-02-02,11.319371223449707,47.625,48.0,47.625,48.0,38400
1998-02-03,11.319371223449707,47.625,48.0,47.25,47.625,53700
1998-02-04,11.141119956970215,46.875,48.0,46.875,47.625,86467
1998-02-05,11.230241775512695,47.25,47.25,46.875,47.25,47183
1998-02-06,11.141119956970215,46.875,47.25,46.5,47.25,85233
1998-02-09,11.141119956970215,46.875,47.25,46.875,46.875,46633
1998-02-10,11.319371223449707,47.625,47.625,46.875,47.25,48767
1998-02-11,11.319371223449707,47.625,47.625,47.25,47.625,35750
1998-02-12,11.319371223449707,47.625,48.0,47.25,47.625,43567
1998-02-13,11.319371223449707,47.625,48.0,47.625,47.625,30400
1998-02-17,11.408502578735352,48.0,48.0,47.625,47.625,54467
1998-02-18,11.408502578735352,48.0,48.0,47.25,47.625,81267
1998-02-19,11.319371223449707,47.625,48.0,47.625,47.625,42350
1998-02-20,11.408502578735352,48.0,48.0,47.625,48.0,38633
1998-02-23,11.408502578735352,48.0,48.0,47.25,48.0,47650
1998-02-24,11.408502578735352,48.0,48.0,47.625,48.0,42200
1998-02-25,11.404912948608398,47.625,48.375,47.25,47.625,151667
1998-02-26,11.494712829589844,48.0,48.0,47.625,48.0,33800
1998-02-27,11.494712829589844,48.0,48.0,47.625,48.0,31117
1998-03-02,11.404912948608398,47.625,48.375,47.625,48.0,71150
1998-03-03,11.404912948608398,47.625,48.0,47.25,47.625,56133
1998-03-04,11.22530746459961,46.875,47.625,46.875,47.25,78117
1998-03-05,11.22530746459961,46.875,47.25,46.5,46.875,53783
1998-03-06,11.135502815246582,46.5,46.875,46.5,46.5,45167
1998-03-09,11.045702934265137,46.125,46.875,46.125,46.5,66883
1998-03-10,11.135502815246582,46.5,46.5,46.125,46.125,63200
1998-03-11,11.22530746459961,46.875,46.875,46.125,46.5,59583
1998-03-12,11.315103530883789,47.25,47.25,46.875,46.875,39783
1998-03-13,11.22530746459961,46.875,47.625,46.875,46.875,68850
1998-03-16,11.315103530883789,47.25,47.625,46.875,47.625,62167
1998-03-17,11.22530746459961,46.875,47.25,46.5,46.875,86733
1998-03-18,11.22530746459961,46.875,47.25,46.5,46.875,37483
1998-03-19,11.045702934265137,46.125,46.875,46.125,46.875,80633
1998-03-20,10.955897331237793,45.75,46.5,45.75,46.125,55417
1998-03-23,11.135502815246582,46.5,46.5,45.75,45.75,63167
1998-03-24,11.135502815246582,46.5,46.5,45.75,45.75,58250
1998-03-25,11.135502815246582,46.5,46.5,45.75,46.125,65900
1998-03-26,10.955897331237793,45.75,46.125,45.75,46.125,43783
1998-03-27,10.880370140075684,45.375,46.125,45.375,45.75,60267
1998-03-30,10.880370140075684,45.375,45.75,45.0,45.375,76017
1998-03-31,10.880370140075684,45.375,45.75,45.0,45.375,64600
1998-04-01,10.97028636932373,45.75,45.75,45.375,45.375,59183
1998-04-02,11.060210227966309,46.125,46.125,45.375,45.375,69117
1998-04-03,10.880370140075684,45.375,46.125,45.375,46.125,75483
1998-04-06,11.060210227966309,46.125,46.125,45.375,45.375,61983
1998-04-07,11.060210227966309,46.125,46.125,45.375,46.125,53433
1998-04-08,11.060210227966309,46.125,46.125,45.375,46.125,54817
1998-04-09,11.060210227966309,46.125,46.125,45.75,46.125,48950
1998-04-13,10.97028636932373,45.75,46.5,45.75,45.75,123717
1998-04-14,11.060210227966309,46.125,46.125,45.75,45.75,64367
1998-04-15,11.060210227966309,46.125,46.125,45.75,45.75,78850
1998-04-16,10.97028636932373,45.75,46.125,45.75,45.75,53667
1998-04-17,11.060210227966309,46.125,46.125,45.75,45.75,55083
1998-04-20,10.97028636932373,45.75,46.125,45.75,46.125,78633
1998-04-21,10.880370140075684,45.375,46.125,45.375,45.75,121517
1998-04-22,10.790447235107422,45.0,45.75,45.0,45.375,114833
1998-04-23,10.790447235107422,45.0,45.375,44.625,45.0,164817
1998-04-24,10.610603332519531,44.25,45.0,44.25,45.0,110333
1998-04-27,10.071088790893555,42.0,43.125,41.625,42.75,320317
1998-04-28,10.248847961425781,42.375,42.75,42.0,42.0,195800
1998-04-29,10.248847961425781,42.375,42.75,42.0,42.0,150517
1998-04-30,10.339550971984863,42.75,42.75,42.375,42.375,135717
1998-05-01,10.248847961425781,42.375,42.75,42.375,42.75,82850
1998-05-04,10.339550971984863,42.75,42.75,42.375,42.375,115033
1998-05-05,10.248847961425781,42.375,42.75,42.0,42.375,120217
1998-05-06,10.067459106445312,41.625,42.375,41.625,42.0,115133
1998-05-07,10.158159255981445,42.0,42.0,41.25,41.625,148883
1998-05-08,10.158159255981445,42.0,42.0,41.625,41.625,100333
1998-05-11,10.158159255981445,42.0,42.375,41.625,42.0,156700
1998-05-12,10.158159255981445,42.0,42.75,42.0,42.375,86567
1998-05-13,10.158159255981445,42.0,42.375,41.625,42.375,106833
1998-05-14,9.97675895690918,41.25,42.0,41.25,42.0,120483
1998-05-15,9.97675895690918,41.25,42.0,41.25,41.625,92700
1998-05-18,10.067459106445312,41.625,42.0,41.25,41.625,123933
1998-05-19,10.067459106445312,41.625,41.625,41.25,41.625,72883
1998-05-20,9.97675895690918,41.25,42.0,41.25,41.25,100833
1998-05-21,10.067459106445312,41.625,42.0,41.25,41.625,94533
1998-05-22,9.97675895690918,41.25,42.0,41.25,41.625,67167
1998-05-26,10.158159255981445,42.0,42.0,41.25,41.625,111967
1998-05-27,9.991982460021973,41.25,41.625,41.25,41.625,76200
1998-05-28,10.173661231994629,42.0,42.0,41.25,41.625,70117
1998-05-29,10.082815170288086,41.625,42.0,41.625,41.625,68717
1998-06-01,10.082815170288086,41.625,41.625,41.25,41.625,78133
1998-06-02,9.991982460021973,41.25,42.0,41.0625,41.25,128967
1998-06-03,10.082815170288086,41.625,42.0,41.25,41.625,68083
1998-06-04,10.082815170288086,41.625,41.625,41.25,41.625,69267
1998-06-05,9.901141166687012,40.875,41.625,40.875,41.625,80100
1998-06-08,9.719475746154785,40.125,40.875,39.0,40.5,172850
1998-06-09,9.719475746154785,40.125,40.125,39.375,39.75,176200
1998-06-10,9.265299797058105,38.25,40.125,38.25,39.375,133517
1998-06-11,9.174458503723145,37.875,38.625,37.125,38.25,228400
1998-06-12,9.628628730773926,39.75,39.75,37.5,37.875,143383
1998-06-15,9.446964263916016,39.0,39.75,39.0,39.375,179700
1998-06-16,9.628628730773926,39.75,39.75,39.0,39.0,82183
1998-06-17,10.082815170288086,41.625,41.625,39.75,39.75,128183
1998-06-18,9.991982460021973,41.25,41.625,40.875,41.625,75833
1998-06-19,10.173661231994629,42.0,42.0,41.25,41.25,88367
1998-06-22,10.082815170288086,41.625,42.0,41.25,42.0,71867
1998-06-23,10.082815170288086,41.625,42.0,41.25,42.0,49750
1998-06-24,10.082815170288086,41.625,42.0,41.625,41.625,52317
1998-06-25,10.173661231994629,42.0,42.0,41.25,41.625,45467
1998-06-26,9.98674201965332,40.875,41.625,40.875,41.625,32817
1998-06-29,10.078369140625,41.25,41.625,40.875,41.25,64883
1998-06-30,10.078369140625,41.25,41.25,40.875,41.25,53067
1998-07-01,10.16999340057373,41.625,41.625,40.875,41.25,36917
1998-07-02,10.16999340057373,41.625,41.625,40.875,41.25,34200
1998-07-06,9.98674201965332,40.875,41.25,40.875,40.875,54267
1998-07-07,10.16999340057373,41.625,42.0,40.875,41.25,62917
1998-07-08,10.078369140625,41.25,41.625,41.25,41.25,33050
1998-07-09,10.16999340057373,41.625,41.625,41.25,41.25,47000
1998-07-10,10.16999340057373,41.625,41.625,41.25,41.625,58817
1998-07-13,10.16999340057373,41.625,41.625,41.25,41.625,102733
1998-07-14,10.078369140625,41.25,41.625,41.25,41.625,67433
1998-07-15,10.16999340057373,41.625,41.625,40.875,41.625,57500
1998-07-16,10.16999340057373,41.625,41.625,41.25,41.25,61417
1998-07-17,10.261613845825195,42.0,42.0,41.25,41.625,57500
1998-07-20,10.16999340057373,41.625,42.0,41.625,42.0,65783
1998-07-21,10.261613845825195,42.0,42.0,41.25,42.0,64800
1998-07-22,10.078369140625,41.25,42.0,41.25,41.25,44350
1998-07-23,10.16999340057373,41.625,41.625,41.25,41.25,53433
1998-07-24,10.078369140625,41.25,41.625,41.25,41.25,39833
1998-07-27,10.078369140625,41.25,41.25,40.5,40.875,63900
1998-07-28,10.078369140625,41.25,41.625,40.875,41.25,58900
1998-07-29,10.167102813720703,41.25,41.25,40.875,41.25,32333
1998-07-30,9.982246398925781,40.5,41.25,40.5,40.875,84050
1998-07-31,9.982246398925781,40.5,40.875,39.75,40.5,65750
1998-08-03,9.797382354736328,39.75,40.5,39.75,40.125,58483
1998-08-04,9.797382354736328,39.75,40.125,39.75,40.125,47767
1998-08-05,9.889812469482422,40.125,40.125,39.75,40.125,45083
1998-08-06,9.797382354736328,39.75,40.125,39.375,39.75,43567
1998-08-07,9.889812469482422,40.125,40.125,39.375,39.375,63717
1998-08-10,9.889812469482422,40.125,40.125,39.375,40.125,81117
1998-08-11,9.704957962036133,39.375,39.75,39.0,39.375,85200
1998-08-12,9.612526893615723,39.0,39.375,38.625,39.0,60017
1998-08-13,9.427682876586914,38.25,39.0,37.5,39.0,87083
1998-08-14,9.427682876586914,38.25,38.625,37.875,37.875,57750
1998-08-17,9.242828369140625,37.5,38.25,37.5,38.25,124533
1998-08-18,9.335247993469238,37.875,38.25,36.75,37.5,105450
1998-08-19,9.427682876586914,38.25,38.625,37.875,37.875,82950
1998-08-20,9.520097732543945,38.625,38.625,37.5,37.875,237333
1998-08-21,9.335247993469238,37.875,38.25,37.5,37.875,215783
1998-08-24,9.242828369140625,37.5,37.875,37.5,37.5,90317
1998-08-25,9.335247993469238,37.875,37.875,37.5,37.5,103750
1998-08-26,9.242828369140625,37.5,37.875,37.125,37.5,256483
1998-08-27,8.794754981994629,35.625,36.75,34.875,36.75,236117
1998-08-28,8.702171325683594,35.25,36.75,34.5,35.25,184500
1998-08-31,8.146718978881836,33.0,35.25,33.0,35.25,144233
1998-09-01,8.42444133758545,34.125,34.875,33.375,33.75,111117
1998-09-02,8.702171325683594,35.25,35.625,34.125,34.5,114250
1998-09-03,8.702171325683594,35.25,35.625,34.125,34.5,64300
1998-09-04,8.609589576721191,34.875,36.0,34.875,35.25,62117
1998-09-08,9.072479248046875,36.75,36.75,35.625,36.0,105483
1998-09-09,8.887330055236816,36.0,36.375,35.625,36.375,57267
1998-09-10,8.887330055236816,36.0,36.75,35.625,36.0,61383
1998-09-11,9.072479248046875,36.75,36.75,36.0,36.75,55800
1998-09-14,9.257636070251465,37.5,37.875,36.75,36.75,109133
1998-09-15,9.44278621673584,38.25,38.25,37.5,37.875,56233
1998-09-16,9.535362243652344,38.625,38.625,37.875,38.25,75183
1998-09-17,9.350207328796387,37.875,38.25,37.5,38.25,66300
1998-09-18,9.350207328796387,37.875,37.875,37.125,37.5,46067
1998-09-21,9.44278621673584,38.25,38.25,37.125,37.5,78383
1998-09-22,9.257636070251465,37.5,37.875,37.125,37.875,118817
1998-09-23,8.702171325683594,35.25,36.0,34.5,34.875,181367
1998-09-24,8.97990608215332,36.375,36.375,35.625,36.375,76267
1998-09-25,8.97990608215332,36.375,36.75,36.0,36.375,47350
1998-09-28,8.994743347167969,36.375,36.75,36.0,36.375,101933
1998-09-29,8.902012825012207,36.0,36.75,35.625,36.75,70550
1998-09-30,8.716547012329102,35.25,36.0,35.25,35.625,50617
1998-10-01,8.623815536499023,34.875,35.625,34.875,35.625,64867
1998-10-02,8.623815536499023,34.875,35.25,34.875,35.25,37017
1998-10-05,8.531094551086426,34.5,35.25,34.125,34.875,85433
1998-10-06,8.345632553100586,33.75,34.5,33.75,34.5,95717
1998-10-07,8.438361167907715,34.125,34.875,34.125,34.5,450533
1998-10-08,8.252908706665039,33.375,34.125,33.0,33.75,112450
1998-10-09,8.252908706665039,33.375,33.375,33.0,33.375,112667
1998-10-12,8.252908706665039,33.375,33.75,33.0,33.375,238517
1998-10-13,8.345632553100586,33.75,33.75,33.0,33.375,168100
1998-10-14,8.252908706665039,33.375,33.75,33.0,33.375,152500
1998-10-15,8.252908706665039,33.375,33.75,33.0,33.375,141600
1998-10-16,8.160178184509277,33.0,33.75,32.625,33.375,219700
1998-10-19,8.252908706665039,33.375,33.375,32.625,33.0,419683
1998-10-20,8.345632553100586,33.75,34.125,33.0,33.375,325317
1998-10-21,8.345632553100586,33.75,34.5,33.75,34.125,323983
1998-10-22,8.345632553100586,33.75,34.125,33.375,34.125,379283
1998-10-23,8.345632553100586,33.75,33.75,33.375,33.75,219500
1998-10-26,8.531094551086426,34.5,34.875,33.375,33.75,296067
1998-10-27,8.623815536499023,34.875,34.875,34.125,34.5,299767
1998-10-28,8.452905654907227,34.125,34.875,34.125,34.5,202450
1998-10-29,8.452905654907227,34.125,34.5,34.125,34.5,205567
1998-10-30,8.360016822814941,33.75,33.75,32.625,33.0,1244683
1998-11-02,8.452905654907227,34.125,34.125,33.75,33.75,250917
1998-11-03,8.360016822814941,33.75,34.125,33.75,34.125,264850
1998-11-04,8.638686180114746,34.875,34.875,34.125,34.125,556583
1998-11-05,8.731576919555664,35.25,35.25,34.5,34.875,359633
1998-11-06,8.731576919555664,35.25,35.25,34.875,35.25,164167
1998-11-09,8.731576919555664,35.25,35.25,34.875,35.25,203633
1998-11-10,8.638686180114746,34.875,35.25,34.5,35.25,307783
1998-11-11,8.638686180114746,34.875,34.875,34.5,34.875,186150
1998-11-12,8.731576919555664,35.25,35.25,34.5,34.875,186117
1998-11-13,8.824470520019531,35.625,35.625,34.875,35.25,218567
1998-11-16,8.731576919555664,35.25,35.625,35.25,35.625,150783
1998-11-17,8.824470520019531,35.625,35.625,35.25,35.625,219683
1998-11-18,8.917353630065918,36.0,36.0,35.25,35.625,193483
1998-11-19,8.917353630065918,36.0,36.0,35.25,36.0,168683
1998-11-20,8.917353630065918,36.0,36.0,35.625,36.0,142183
1998-11-23,8.824470520019531,35.625,36.375,35.625,36.0,263750
1998-11-24,8.917353630065918,36.0,36.375,35.625,36.0,167383
1998-11-25,8.913602828979492,35.625,36.0,35.25,36.0,183667
1998-11-27,8.913602828979492,35.625,36.0,35.25,35.625,37233
1998-11-30,8.819770812988281,35.25,36.0,34.875,35.625,165700
1998-12-01,8.819770812988281,35.25,35.625,35.25,35.625,164950
1998-12-02,8.819770812988281,35.25,36.0,35.25,35.625,175833
1998-12-03,8.913602828979492,35.625,35.625,34.875,35.625,267467
1998-12-04,8.819770812988281,35.25,35.25,34.875,35.25,166633
1998-12-07,8.72594928741455,34.875,35.25,34.875,34.875,157600
1998-12-08,8.72594928741455,34.875,35.25,34.5,35.25,206200
1998-12-09,8.819770812988281,35.25,35.25,34.5,34.875,152750
1998-12-10,8.819770812988281,35.25,35.25,34.875,35.25,94333
1998-12-11,8.819770812988281,35.25,35.25,34.875,34.875,123550
1998-12-14,8.819770812988281,35.25,35.25,34.5,35.25,230700
1998-12-15,8.632119178771973,34.5,35.25,34.5,34.875,103533
1998-12-16,8.72594928741455,34.875,35.625,34.5,34.875,130567
1998-12-17,8.632119178771973,34.5,35.25,34.5,34.875,112317
1998-12-18,8.632119178771973,34.5,34.875,34.5,34.875,112350
1998-12-21,8.632119178771973,34.5,34.875,34.5,34.875,143233
1998-12-22,8.632119178771973,34.5,34.5,34.125,34.5,204850
1998-12-23,8.632119178771973,34.5,34.5,34.125,34.5,125767
1998-12-24,8.538288116455078,34.125,34.5,34.125,34.5,83017
1998-12-28,8.538288116455078,34.125,34.5,34.125,34.125,176650
1998-12-29,8.365346908569336,33.375,34.125,33.0,34.125,237650
1998-12-30,8.365346908569336,33.375,33.75,33.0,33.375,167283
1998-12-31,8.459331512451172,33.75,33.75,33.0,33.375,209333
1999-01-04,8.553329467773438,34.125,34.125,33.0,33.75,77533
1999-01-05,8.553329467773438,34.125,34.5,33.75,34.125,158533
1999-01-06,8.741313934326172,34.875,35.25,34.125,34.5,131783
1999-01-07,8.835305213928223,35.25,35.25,34.875,34.875,93567
1999-01-08,8.647322654724121,34.5,35.625,34.5,35.25,219917
1999-01-11,8.741313934326172,34.875,35.25,34.875,34.875,170167
1999-01-12,8.553329467773438,34.125,35.25,34.125,34.875,176567
1999-01-13,8.553329467773438,34.125,34.5,33.75,34.125,140217
1999-01-14,8.647322654724121,34.5,34.5,34.125,34.5,80667
1999-01-15,8.741313934326172,34.875,34.875,34.125,34.5,138550
1999-01-19,8.741313934326172,34.875,34.875,34.5,34.875,117517
1999-01-20,8.647322654724121,34.5,35.25,34.5,34.875,242450
1999-01-21,8.835305213928223,35.25,35.4375,34.5,34.875,142767
1999-01-22,8.741313934326172,34.875,35.25,34.875,35.25,112917
1999-01-25,8.741313934326172,34.875,35.25,34.5,35.25,238383
1999-01-26,8.835305213928223,35.25,35.25,34.5,34.875,151500
1999-01-27,8.662066459655762,34.5,34.875,34.5,34.875,203317
1999-01-28,8.850369453430176,35.25,35.25,34.5,34.875,118850
1999-01-29,8.850369453430176,35.25,35.25,34.5,35.25,165567
1999-02-01,8.756217956542969,34.875,35.25,34.5,34.875,188717
1999-02-02,8.850369453430176,35.25,35.25,34.5,34.875,93183
1999-02-03,8.944526672363281,35.625,35.625,34.875,35.25,149883
1999-02-04,8.850369453430176,35.25,35.625,34.875,35.625,167583
1999-02-05,8.850369453430176,35.25,35.625,34.875,35.625,135133
1999-02-08,8.850369453430176,35.25,35.625,34.875,35.25,189750
1999-02-09,8.944526672363281,35.625,35.625,35.25,35.25,78167
1999-02-10,8.944526672363281,35.625,35.625,35.25,35.625,102117
1999-02-11,9.038677215576172,36.0,36.0,35.625,35.625,210067
1999-02-12,9.038677215576172,36.0,36.0,35.625,36.0,138050
1999-02-16,9.038677215576172,36.0,36.0,35.625,36.0,148350
1999-02-17,9.038677215576172,36.0,36.0,35.625,36.0,111200
1999-02-18,9.038677215576172,36.0,36.0,35.625,36.0,123633
1999-02-19,9.038677215576172,36.0,36.0,35.625,36.0,192183
1999-02-22,9.038677215576172,36.0,36.5625,35.625,36.0,145100
1999-02-23,9.038677215576172,36.0,36.375,36.0,36.375,174917
1999-02-24,9.129977226257324,36.0,36.375,35.625,36.0,802433
1999-02-25,9.034878730773926,35.625,36.0,35.625,36.0,113017
1999-02-26,8.93976879119873,35.25,36.0,34.875,35.625,208883
1999-03-01,8.93976879119873,35.25,35.625,34.875,35.25,128300
1999-03-02,8.84466552734375,34.875,35.25,32.4375,35.25,187200
1999-03-03,8.93976879119873,35.25,35.625,34.5,35.25,97917
1999-03-04,8.93976879119873,35.25,35.625,34.875,35.625,119567
1999-03-05,9.034878730773926,35.625,35.625,35.25,35.625,87733
1999-03-08,9.034878730773926,35.625,35.625,35.25,35.625,99967
1999-03-09,9.129977226257324,36.0,36.0,35.625,35.625,105667
1999-03-10,9.034878730773926,35.625,36.0,35.625,36.0,134450
1999-03-11,9.129977226257324,36.0,36.0,35.625,36.0,89950
1999-03-12,9.129977226257324,36.0,36.0,35.625,36.0,142900
1999-03-15,9.22508430480957,36.375,36.375,36.0,36.0,171617
1999-03-16,9.22508430480957,36.375,36.375,35.625,36.0,288500
1999-03-17,9.22508430480957,36.375,36.375,36.0,36.375,64183
1999-03-18,9.034878730773926,35.625,36.375,35.625,36.375,182467
1999-03-19,9.129977226257324,36.0,36.375,35.625,36.0,174183
1999-03-22,9.22508430480957,36.375,36.375,35.625,36.0,135817
1999-03-23,9.129977226257324,36.0,36.375,36.0,36.375,65117
1999-03-24,9.22508430480957,36.375,36.375,36.0,36.0,62683
1999-03-25,9.320181846618652,36.75,36.75,36.0,36.375,103050
1999-03-26,9.22508430480957,36.375,36.75,36.375,36.75,88433
1999-03-29,9.22124195098877,36.0,36.375,36.0,36.375,128633
1999-03-30,9.22124195098877,36.0,36.375,36.0,36.375,69333
1999-03-31,9.413344383239746,36.75,36.75,36.375,36.375,115750
1999-04-01,9.509403228759766,37.125,37.5,36.75,36.75,108417
1999-04-05,9.605453491210938,37.5,37.5,37.125,37.5,132783
1999-04-06,9.701505661010742,37.875,37.875,37.5,37.5,139417
1999-04-07,9.701505661010742,37.875,37.875,37.5,37.875,138383
1999-04-08,9.605453491210938,37.5,37.875,37.5,37.875,92950
1999-04-09,9.605453491210938,37.5,37.875,37.5,37.875,108933
1999-04-12,9.605453491210938,37.5,37.875,37.5,37.875,99017
1999-04-13,9.701505661010742,37.875,41.625,37.5,37.875,103917
1999-04-14,9.701505661010742,37.875,37.875,37.5,37.875,90067
1999-04-15,9.797560691833496,38.25,38.25,37.5,37.875,113883
1999-04-16,9.797560691833496,38.25,38.625,37.875,38.25,140650
1999-04-19,10.085737228393555,39.375,40.875,38.625,39.0,462550
1999-04-20,10.181785583496094,39.75,40.125,39.375,39.75,161400
1999-04-21,9.989670753479004,39.0,40.125,39.0,39.75,224367
1999-04-22,9.989670753479004,39.0,39.375,38.625,39.0,226500
1999-04-23,10.181785583496094,39.75,39.75,39.0,39.375,140667
1999-04-26,10.277844429016113,40.125,40.5,39.75,39.75,179717
1999-04-27,10.37389087677002,40.5,40.875,40.125,40.5,197800
1999-04-28,10.196885108947754,39.75,40.5,39.75,40.125,120133
1999-04-29,10.389276504516602,40.5,40.5,39.75,40.125,120783
1999-04-30,10.293091773986816,40.125,40.5,39.75,40.125,110600
1999-05-03,10.293091773986816,40.125,40.5,39.75,40.125,88183
1999-05-04,10.293091773986816,40.125,40.5,39.75,40.125,114783
1999-05-05,10.196885108947754,39.75,40.125,39.75,40.125,84350
1999-05-06,10.196885108947754,39.75,40.125,39.75,39.75,70633
1999-05-07,10.389276504516602,40.5,40.5,39.75,40.125,72000
1999-05-10,10.293091773986816,40.125,40.5,39.75,40.125,143100
1999-05-11,10.293091773986816,40.125,40.125,39.75,40.125,136450
1999-05-12,10.196885108947754,39.75,39.75,39.375,39.75,138783
1999-05-13,10.196885108947754,39.75,39.75,39.375,39.375,128283
1999-05-14,10.004498481750488,39.0,40.125,38.25,39.375,93283
1999-05-17,10.196885108947754,39.75,39.75,39.0,39.375,145767
1999-05-18,10.293091773986816,40.125,40.125,39.0,39.375,141050
1999-05-19,10.293091773986816,40.125,40.5,39.75,40.125,70833
1999-05-20,10.196885108947754,39.75,40.5,39.75,40.125,92533
1999-05-21,10.196885108947754,39.75,40.125,39.75,39.75,57800
1999-05-24,10.196885108947754,39.75,40.125,39.375,40.125,129800
1999-05-25,10.100692749023438,39.375,40.125,39.0,39.75,145567
1999-05-26,9.999716758728027,38.625,39.0,38.625,39.0,108517
1999-05-27,10.193892478942871,39.375,39.375,39.0,39.0,73100
1999-05-28,10.193892478942871,39.375,39.375,39.0,39.375,71950
1999-06-01,9.999716758728027,38.625,39.375,38.625,39.375,142733
1999-06-02,9.902631759643555,38.25,39.0,38.25,38.625,82333
1999-06-03,9.999716758728027,38.625,38.625,38.25,38.25,65367
1999-06-04,9.902631759643555,38.25,39.0,38.25,38.625,93217
1999-06-07,9.999716758728027,38.625,39.0,38.25,39.0,63767
1999-06-08,10.193892478942871,39.375,39.375,38.625,39.0,135733
1999-06-09,10.193892478942871,39.375,39.75,39.0,39.375,81167
1999-06-10,10.096809387207031,39.0,39.375,38.625,39.0,103750
1999-06-11,10.193892478942871,39.375,39.375,38.625,39.0,97200
1999-06-14,10.290980339050293,39.75,40.125,39.0,39.375,145983
1999-06-15,10.388065338134766,40.125,40.5,39.75,39.75,80733
1999-06-16,10.290980339050293,39.75,40.125,39.75,39.75,65183
1999-06-17,10.388065338134766,40.125,40.125,39.75,40.125,56917
1999-06-18,10.290980339050293,39.75,40.125,39.75,40.125,56400
1999-06-21,10.193892478942871,39.375,40.125,39.375,39.75,68717
1999-06-22,10.290980339050293,39.75,39.75,39.375,39.75,70600
1999-06-23,10.290980339050293,39.75,40.125,39.375,39.75,81500
1999-06-24,10.193892478942871,39.375,40.125,39.375,39.75,74233
1999-06-25,10.290980339050293,39.75,40.125,39.375,39.75,96917
1999-06-28,10.112329483032227,39.0,39.375,39.0,39.0,120417
1999-06-29,10.20956039428711,39.375,39.375,39.0,39.0,120667
1999-06-30,10.112329483032227,39.0,39.375,38.625,39.375,111717
1999-07-01,10.112329483032227,39.0,39.375,39.0,39.0,88833
1999-07-02,10.306793212890625,39.75,39.75,39.0,39.375,92500
1999-07-06,10.306793212890625,39.75,39.75,39.0,39.75,79683
1999-07-07,10.20956039428711,39.375,39.75,39.0,39.75,54233
1999-07-08,10.20956039428711,39.375,39.75,39.0,39.75,69083
1999-07-09,10.306793212890625,39.75,39.75,39.375,39.75,70450
1999-07-12,10.20956039428711,39.375,39.75,39.375,39.75,85550
1999-07-13,10.306793212890625,39.75,39.75,39.375,39.75,95183
1999-07-14,10.306793212890625,39.75,40.125,39.375,39.375,77117
1999-07-15,10.50126838684082,40.5,40.5,39.75,39.75,112150
1999-07-16,10.50126838684082,40.5,40.5,39.75,40.5,64400
1999-07-19,10.50126838684082,40.5,40.5,40.125,40.5,109583
1999-07-20,10.404029846191406,40.125,40.5,40.125,40.5,80550
1999-07-21,10.50126838684082,40.5,40.5,40.125,40.125,70950
1999-07-22,10.50126838684082,40.5,40.5,40.125,40.5,70333
1999-07-23,10.50126838684082,40.5,40.5,40.125,40.5,69333
1999-07-26,10.306793212890625,39.75,40.5,39.75,40.125,105117
1999-07-27,10.404029846191406,40.125,40.5,39.75,39.75,84200
1999-07-28,10.498220443725586,40.125,40.125,39.75,40.125,59733
1999-07-29,10.301985740661621,39.375,40.125,39.375,39.75,98017
1999-07-30,10.301985740661621,39.375,39.75,39.375,39.75,66617
1999-08-02,10.301985740661621,39.375,39.75,39.375,39.375,109817
1999-08-03,10.301985740661621,39.375,39.75,39.0,39.75,91467
1999-08-04,10.301985740661621,39.375,39.75,39.375,39.75,92367
1999-08-05,10.301985740661621,39.375,39.75,39.375,39.75,77367
1999-08-06,10.203880310058594,39.0,39.75,39.0,39.375,96483
1999-08-09,10.301985740661621,39.375,39.375,39.0,39.375,65533
1999-08-10,10.301985740661621,39.375,39.75,39.0,39.375,103433
1999-08-11,10.301985740661621,39.375,39.375,39.0,39.375,77667
1999-08-12,10.400107383728027,39.75,39.75,39.0,39.75,59317
1999-08-13,10.301985740661621,39.375,39.75,39.0,39.75,64450
1999-08-16,10.400107383728027,39.75,39.75,39.375,39.375,117750
1999-08-17,10.301985740661621,39.375,39.75,39.375,39.75,63450
1999-08-18,10.301985740661621,39.375,39.75,39.375,39.75,55900
1999-08-19,10.301985740661621,39.375,39.75,39.375,39.75,78967
1999-08-20,10.400107383728027,39.75,39.75,39.375,39.75,94517
1999-08-23,10.301985740661621,39.375,39.75,39.375,39.75,81750
1999-08-24,10.301985740661621,39.375,39.75,39.0,39.375,107417
1999-08-25,10.203880310058594,39.0,39.75,39.0,39.375,110433
1999-08-26,10.203880310058594,39.0,39.375,39.0,39.0,75100
1999-08-27,10.397971153259277,39.375,39.375,39.0,39.0,75150
1999-08-30,10.199906349182129,38.625,39.375,38.625,39.0,122867
1999-08-31,10.298944473266602,39.0,39.0,38.625,39.0,101100
1999-09-01,10.199906349182129,38.625,39.0,38.25,39.0,72150
1999-09-02,10.1008939743042,38.25,38.625,38.25,38.625,63783
1999-09-03,10.298944473266602,39.0,39.0,38.625,38.625,55967
1999-09-07,10.1008939743042,38.25,39.0,38.25,39.0,74300
1999-09-08,10.298944473266602,39.0,39.0,38.25,38.25,64700
1999-09-09,10.298944473266602,39.0,39.0,38.625,39.0,63033
1999-09-10,10.298944473266602,39.0,39.0,38.25,38.625,78483
1999-09-13,10.199906349182129,38.625,39.0,38.25,38.625,82733
1999-09-14,10.199906349182129,38.625,39.0,38.25,38.625,70617
1999-09-15,10.1008939743042,38.25,38.625,38.25,38.625,111767
1999-09-16,10.1008939743042,38.25,38.625,37.875,38.25,85567
1999-09-17,10.1008939743042,38.25,38.25,37.875,38.25,60000
1999-09-20,10.1008939743042,38.25,38.25,37.875,38.25,54633
1999-09-21,9.803803443908691,37.125,38.25,37.125,37.875,208683
1999-09-22,9.803803443908691,37.125,37.5,36.75,37.125,74133
1999-09-23,10.001853942871094,37.875,37.875,37.125,37.5,95017
1999-09-24,9.803803443908691,37.125,37.875,37.125,37.875,81083
1999-09-27,9.803803443908691,37.125,37.5,36.75,37.5,102100
1999-09-28,9.720484733581543,36.75,37.125,36.375,36.75,72817
1999-09-29,9.621291160583496,36.375,37.125,36.375,36.75,87567
1999-09-30,9.720484733581543,36.75,36.75,36.375,36.375,74467
1999-10-01,9.522116661071777,36.0,36.75,36.0,36.75,95733
1999-10-04,9.522116661071777,36.0,36.375,36.0,36.0,105100
1999-10-05,9.422914505004883,35.625,36.375,35.25,36.0,228517
1999-10-06,9.522116661071777,36.0,36.375,35.25,35.25,199600
1999-10-07,9.522116661071777,36.0,36.375,36.0,36.0,75700
1999-10-08,9.621291160583496,36.375,36.375,36.0,36.0,47600
1999-10-11,9.522116661071777,36.0,36.375,36.0,36.0,42683
1999-10-12,9.546913146972656,36.09375,36.375,36.0,36.0,66750
1999-10-13,9.522116661071777,36.0,36.375,36.0,36.0,92083
1999-10-14,9.621291160583496,36.375,36.375,36.0,36.375,65883
1999-10-15,9.522116661071777,36.0,36.375,35.625,36.0,85100
1999-10-18,9.621291160583496,36.375,36.375,36.0,36.0,96950
1999-10-19,9.720484733581543,36.75,36.75,36.0,36.375,162583
1999-10-20,9.720484733581543,36.75,37.125,36.375,36.75,67100
1999-10-21,9.819668769836426,37.125,37.125,36.75,36.75,40333
1999-10-22,9.918861389160156,37.5,37.5,36.75,37.125,83400
1999-10-25,9.918861389160156,37.5,37.5,37.125,37.5,53117
1999-10-26,9.819668769836426,37.125,37.5,37.125,37.5,76600
1999-10-27,9.736223220825195,36.75,37.125,36.75,36.75,66300
1999-10-28,9.63686752319336,36.375,37.125,36.375,36.75,83300
1999-10-29,9.53752326965332,36.0,36.75,36.0,36.75,84067
1999-11-01,9.53752326965332,36.0,36.375,36.0,36.0,89000
1999-11-02,9.53752326965332,36.0,36.375,36.0,36.0,130617
1999-11-03,9.63686752319336,36.375,36.375,36.0,36.0,68700
1999-11-04,9.53752326965332,36.0,36.375,36.0,36.0,74433
1999-11-05,9.53752326965332,36.0,36.375,36.0,36.375,74533
1999-11-08,9.63686752319336,36.375,36.375,36.0,36.375,69267
1999-11-09,9.63686752319336,36.375,36.75,36.0,36.0,117700
1999-11-10,9.63686752319336,36.375,36.375,36.0,36.0,55967
1999-11-11,9.63686752319336,36.375,36.375,36.0,36.0,54367
1999-11-12,9.53752326965332,36.0,36.375,36.0,36.0,63333
1999-11-15,9.53752326965332,36.0,36.75,36.0,36.375,155050
1999-11-16,9.53752326965332,36.0,36.75,36.0,36.375,175350
1999-11-17,9.53752326965332,36.0,36.375,36.0,36.0,157183
1999-11-18,9.53752326965332,36.0,36.375,35.25,36.375,237933
1999-11-19,9.438172340393066,35.625,36.0,35.625,35.625,109517
1999-11-22,9.438172340393066,35.625,35.625,34.875,35.25,218133
1999-11-23,9.23946762084961,34.875,35.625,34.875,35.25,120950
1999-11-24,9.23946762084961,34.875,34.875,34.5,34.875,151300
1999-11-26,9.235456466674805,34.5,34.5,34.125,34.5,66517
1999-11-29,8.733531951904297,32.625,34.5,32.25,34.125,249667
1999-11-30,8.733531951904297,32.625,33.0,31.5,32.25,338283
1999-12-01,8.733531951904297,32.625,33.0,31.875,32.25,198017
1999-12-02,8.532755851745605,31.875,32.625,31.875,32.25,188017
1999-12-03,8.532755851745605,31.875,32.625,31.5,32.25,261633
1999-12-06,8.030830383300781,30.0,31.875,30.0,31.5,394600
1999-12-07,8.131220817565918,30.375,30.75,30.0,30.0,350000
1999-12-08,8.331988334655762,31.125,31.125,30.75,30.75,237967
1999-12-09,8.231611251831055,30.75,31.40625,30.75,30.75,211667
1999-12-10,8.231611251831055,30.75,31.125,30.75,30.75,179717
1999-12-13,8.131220817565918,30.375,31.125,30.375,30.75,260917
1999-12-14,8.030830383300781,30.0,30.75,30.0,30.75,254600
1999-12-15,8.131220817565918,30.375,30.75,30.0,30.0,270150
1999-12-16,8.131220817565918,30.375,31.125,30.0,30.375,204200
1999-12-17,8.231611251831055,30.75,30.75,30.375,30.375,213417
1999-12-20,8.331988334655762,31.125,31.5,30.375,30.75,277000
1999-12-21,8.231611251831055,30.75,31.5,30.75,31.125,209567
1999-12-22,8.231611251831055,30.75,31.125,30.375,30.75,221083
1999-12-23,8.131220817565918,30.375,31.125,30.375,30.375,226433
1999-12-27,8.231611251831055,30.75,30.75,30.375,30.375,183583
1999-12-28,8.231611251831055,30.75,30.75,30.0,30.375,257867
1999-12-29,8.130780220031738,30.0,30.375,30.0,30.0,311283
1999-12-30,8.232418060302734,30.375,30.375,29.625,30.0,355317
1999-12-31,8.232418060302734,30.375,30.375,30.0,30.0,174300
2000-01-03,8.435685157775879,31.125,31.125,30.0,30.375,177850
2000-01-04,8.334062576293945,30.75,31.125,30.0,30.75,124500
2000-01-05,8.537324905395508,31.5,31.5,30.75,31.125,128833
2000-01-06,8.537324905395508,31.5,31.5,31.125,31.5,78433
2000-01-07,8.638949394226074,31.875,31.875,31.125,31.5,108583
2000-01-10,8.537324905395508,31.5,31.875,31.125,31.875,131600
2000-01-11,8.435685157775879,31.125,31.875,31.125,31.5,123667
2000-01-12,8.334062576293945,30.75,31.125,30.0,30.75,263933
2000-01-13,8.334062576293945,30.75,31.125,30.375,30.375,109200
2000-01-14,8.435685157775879,31.125,31.125,30.75,30.75,93250
2000-01-18,8.334062576293945,30.75,31.125,30.75,31.125,163383
2000-01-19,8.435685157775879,31.125,31.5,30.375,30.75,170717
2000-01-20,8.334062576293945,30.75,31.125,30.75,30.75,112233
2000-01-21,8.334062576293945,30.75,31.125,30.75,30.75,79200
2000-01-24,8.334062576293945,30.75,31.125,30.75,30.75,136800
2000-01-25,8.334062576293945,30.75,31.125,30.75,30.75,154883
2000-01-26,8.334062576293945,30.75,31.125,30.75,30.75,118667
2000-01-27,8.334875106811523,30.375,30.75,30.0,30.375,161900
2000-01-28,8.437779426574707,30.75,30.75,30.375,30.75,190000
2000-01-31,8.437779426574707,30.75,30.75,30.375,30.75,147150
2000-02-01,8.334875106811523,30.375,30.75,30.375,30.375,145300
2000-02-02,8.334875106811523,30.375,30.75,30.375,30.375,113100
2000-02-03,8.437779426574707,30.75,30.75,30.375,30.75,119433
2000-02-04,8.334875106811523,30.375,30.75,30.375,30.75,103283
2000-02-07,8.437779426574707,30.75,30.75,30.375,30.75,98017
2000-02-08,8.54067325592041,31.125,31.125,30.75,30.75,204633
2000-02-09,8.437779426574707,30.75,31.5,30.75,31.125,103650
2000-02-10,8.54067325592041,31.125,31.125,30.75,30.75,83533
2000-02-11,8.437779426574707,30.75,31.125,30.75,30.75,77250
2000-02-14,8.437779426574707,30.75,31.125,30.75,31.125,171200
2000-02-15,8.437779426574707,30.75,31.125,30.75,30.75,63500
2000-02-16,8.437779426574707,30.75,31.125,30.75,31.125,97967
2000-02-17,8.437779426574707,30.75,31.125,30.75,31.125,84933
2000-02-18,8.54067325592041,31.125,31.125,30.75,30.75,84067
2000-02-22,8.437779426574707,30.75,31.125,30.75,31.125,87300
2000-02-23,8.437779426574707,30.75,31.125,30.75,30.75,101667
2000-02-24,8.437779426574707,30.75,31.125,30.75,30.75,98483
2000-02-25,8.438607215881348,30.375,30.75,30.375,30.375,92317
2000-02-28,8.438607215881348,30.375,30.75,30.0,30.375,138500
2000-02-29,8.33442497253418,30.0,30.375,30.0,30.0,99483
2000-03-01,8.230254173278809,29.625,30.0,29.25,30.0,185917
2000-03-02,8.230254173278809,29.625,30.0,28.5,29.25,133567
2000-03-03,8.12607192993164,29.25,29.625,28.875,29.25,136900
2000-03-06,7.917705059051514,28.5,29.25,28.5,28.875,215933
2000-03-07,8.021883964538574,28.875,29.25,28.5,28.875,119783
2000-03-08,8.12607192993164,29.25,29.25,28.5,28.875,159933
2000-03-09,8.021883964538574,28.875,28.875,28.5,28.5,126650
2000-03-10,8.021883964538574,28.875,29.25,28.5,28.875,141250
2000-03-13,8.12607192993164,29.25,29.25,28.5,28.875,172300
2000-03-14,8.12607192993164,29.25,29.625,28.875,28.875,116533
2000-03-15,8.021883964538574,28.875,29.625,28.875,29.25,105483
2000-03-16,8.021883964538574,28.875,29.25,28.875,28.875,79133
2000-03-17,7.60516881942749,27.375,28.875,26.25,28.875,459450
2000-03-20,7.396806240081787,26.625,27.375,26.25,27.0,376150
2000-03-21,7.396806240081787,26.625,27.0,26.25,26.625,215050
2000-03-22,7.60516881942749,27.375,27.75,26.625,26.625,231600
2000-03-23,7.500988960266113,27.0,27.75,27.0,27.0,133817
2000-03-24,7.396806240081787,26.625,27.375,26.625,27.0,168900
2000-03-27,7.396806240081787,26.625,27.0,26.625,26.625,134200
2000-03-28,7.60516881942749,27.375,27.375,26.625,26.625,122217
2000-03-29,7.514158725738525,27.0,27.0,26.625,27.0,88017
2000-03-30,7.409793853759766,26.625,27.0,26.625,27.0,77183
2000-03-31,7.514158725738525,27.0,27.0,26.625,26.625,77983
2000-04-03,7.409793853759766,26.625,27.0,26.625,26.625,138283
2000-04-04,7.409793853759766,26.625,27.0,26.25,26.625,127017
2000-04-05,7.409793853759766,26.625,26.625,26.25,26.625,77483
2000-04-06,7.3054327964782715,26.25,26.625,26.25,26.625,98317
2000-04-07,7.3054327964782715,26.25,26.625,25.875,26.25,134700
2000-04-10,7.201075553894043,25.875,26.625,25.875,26.25,195900
2000-04-11,7.201075553894043,25.875,26.25,25.875,25.875,133683
2000-04-12,7.201075553894043,25.875,26.25,25.5,25.875,162800
2000-04-13,7.201075553894043,25.875,25.875,25.5,25.5,122183
2000-04-14,7.096701622009277,25.5,25.875,25.5,25.875,187333
2000-04-17,7.201075553894043,25.875,25.875,25.125,25.5,233017
2000-04-18,7.3054327964782715,26.25,26.25,25.5,25.5,176800
2000-04-19,7.201075553894043,25.875,26.25,25.5,25.5,94483
2000-04-20,7.201075553894043,25.875,25.875,25.5,25.5,85033
2000-04-24,7.3054327964782715,26.25,26.25,25.5,25.875,177033
2000-04-25,7.3054327964782715,26.25,26.25,25.875,25.875,85350
2000-04-26,7.214266300201416,25.875,25.875,25.5,25.875,93483
2000-04-27,7.109704971313477,25.5,26.25,25.5,25.875,98417
2000-04-28,7.109704971313477,25.5,25.875,25.5,25.5,76083
2000-05-01,7.214266300201416,25.875,26.25,25.5,26.25,98250
2000-05-02,7.214266300201416,25.875,25.875,25.5,25.5,76733
2000-05-03,7.214266300201416,25.875,25.875,25.5,25.5,107950
2000-05-04,7.214266300201416,25.875,25.875,25.5,25.875,87783
2000-05-05,7.109704971313477,25.5,25.875,25.5,25.875,181383
2000-05-08,7.109704971313477,25.5,25.875,25.125,25.5,123633
2000-05-09,7.109704971313477,25.5,25.875,25.125,25.875,119050
2000-05-10,7.109704971313477,25.5,25.5,25.125,25.125,124350
2000-05-11,7.109704971313477,25.5,25.875,25.125,25.5,122583
2000-05-12,7.214266300201416,25.875,25.875,25.5,25.5,57783
2000-05-15,7.214266300201416,25.875,25.875,25.5,25.875,156333
2000-05-16,7.214266300201416,25.875,26.25,25.5,25.875,88367
2000-05-17,7.214266300201416,25.875,26.25,25.5,25.875,80067
2000-05-18,7.214266300201416,25.875,25.875,25.5,25.5,97567
2000-05-19,7.214266300201416,25.875,25.875,25.5,25.875,96567
2000-05-22,7.214266300201416,25.875,25.875,25.5,25.875,106817
2000-05-23,7.109704971313477,25.5,25.875,25.125,25.5,107367
2000-05-24,7.109704971313477,25.5,25.5,25.125,25.5,92583
2000-05-25,6.900599002838135,24.75,25.5,24.75,25.5,253567
2000-05-26,6.976701259613037,24.75,25.125,24.375,24.75,103750
2000-05-30,7.0824103355407715,25.125,25.5,24.375,24.75,139100
2000-05-31,6.976701259613037,24.75,25.5,24.75,25.5,59783
2000-06-01,7.0824103355407715,25.125,25.5,24.75,25.125,115050
2000-06-02,7.293831825256348,25.875,25.875,25.125,25.125,152067
2000-06-05,7.293831825256348,25.875,26.25,25.5,25.875,129767
2000-06-06,7.293831825256348,25.875,26.25,25.875,26.25,80367
2000-06-07,7.5052409172058105,26.625,26.625,25.875,26.25,104217
2000-06-08,7.716660976409912,27.375,27.375,26.625,26.625,238367
2000-06-09,7.5052409172058105,26.625,27.375,26.625,27.375,135383
2000-06-12,7.5052409172058105,26.625,27.0,26.625,27.0,59617
2000-06-13,7.716660976409912,27.375,27.375,26.625,26.625,109417
2000-06-14,7.716660976409912,27.375,27.375,26.625,27.0,75817
2000-06-15,7.610956192016602,27.0,27.375,27.0,27.375,64550
2000-06-16,7.716660976409912,27.375,27.375,27.0,27.0,88933
2000-06-19,7.716660976409912,27.375,27.75,27.0,27.375,133167
2000-06-20,7.716660976409912,27.375,27.375,27.0,27.0,113433
2000-06-21,7.716660976409912,27.375,27.375,27.0,27.375,87533
2000-06-22,7.716660976409912,27.375,27.75,27.0,27.375,142200
2000-06-23,7.716660976409912,27.375,27.75,27.0,27.75,72183
2000-06-26,7.716660976409912,27.375,27.75,27.0,27.375,77783
2000-06-27,7.82236909866333,27.75,27.75,27.375,27.375,97767
2000-06-28,7.79247522354126,27.375,27.375,27.0,27.375,46350
2000-06-29,7.685732841491699,27.0,27.375,27.0,27.375,59233
2000-06-30,7.899226665496826,27.75,27.75,27.0,27.375,57417
2000-07-03,7.899226665496826,27.75,27.75,27.375,27.75,19117
2000-07-05,7.79247522354126,27.375,27.75,27.0,27.75,75067
2000-07-06,7.79247522354126,27.375,27.375,27.0,27.375,89417
2000-07-07,7.79247522354126,27.375,27.75,27.375,27.375,59967
2000-07-10,7.79247522354126,27.375,27.75,27.0,27.375,91533
2000-07-11,7.79247522354126,27.375,27.75,27.0,27.375,55517
2000-07-12,7.899226665496826,27.75,27.75,27.0,27.0,84500
2000-07-13,7.899226665496826,27.75,27.75,27.0,27.375,61750
2000-07-14,7.899226665496826,27.75,27.75,27.0,27.0,63450
2000-07-17,7.899226665496826,27.75,27.75,27.375,27.75,85767
2000-07-18,7.899226665496826,27.75,27.75,27.375,27.75,60817
2000-07-19,7.79247522354126,27.375,27.75,27.375,27.375,64633
2000-07-20,7.79247522354126,27.375,27.75,27.375,27.375,51567
2000-07-21,7.685732841491699,27.0,27.75,27.0,27.375,43583
2000-07-24,7.899226665496826,27.75,27.75,27.0,27.375,53833
2000-07-25,7.899226665496826,27.75,27.75,27.375,27.375,70983
2000-07-26,7.79247522354126,27.375,27.75,27.375,27.375,74850
2000-07-27,7.762294769287109,27.0,27.375,27.0,27.0,43533
2000-07-28,7.762294769287109,27.0,27.375,27.0,27.0,96683
2000-07-31,7.870102882385254,27.375,27.375,26.625,27.0,149850
2000-08-01,7.654484272003174,26.625,27.0,26.25,27.0,227733
2000-08-02,7.762294769287109,27.0,27.0,26.625,26.625,82833
2000-08-03,7.762294769287109,27.0,27.0,26.625,26.625,55600
2000-08-04,7.762294769287109,27.0,27.0,26.625,26.625,50800
2000-08-07,7.762294769287109,27.0,27.0,26.625,27.0,66100
2000-08-08,7.762294769287109,27.0,27.0,26.625,27.0,73467
2000-08-09,7.762294769287109,27.0,27.0,26.625,26.625,64617
2000-08-10,7.654484272003174,26.625,27.0,26.625,27.0,50733
2000-08-11,7.762294769287109,27.0,27.0,26.625,27.0,116317
2000-08-14,7.762294769287109,27.0,27.0,26.625,27.0,128017
2000-08-15,7.870102882385254,27.375,27.375,26.625,27.0,107833
2000-08-16,7.762294769287109,27.0,27.375,27.0,27.375,81983
2000-08-17,7.870102882385254,27.375,27.375,27.0,27.375,119217
2000-08-18,7.977914810180664,27.75,27.75,27.375,27.375,41383
2000-08-21,7.870102882385254,27.375,27.75,27.0,27.75,52167
2000-08-22,7.870102882385254,27.375,27.75,27.0,27.375,48367
2000-08-23,7.762294769287109,27.0,27.375,27.0,27.0,85950
2000-08-24,7.870102882385254,27.375,27.375,27.0,27.375,89017
2000-08-25,7.870102882385254,27.375,27.375,27.0,27.375,56167
2000-08-28,7.762294769287109,27.0,27.375,27.0,27.375,83583
2000-08-29,7.667264938354492,26.625,27.0,26.625,27.0,59650
2000-08-30,7.667264938354492,26.625,27.0,26.625,27.0,82667
2000-08-31,7.77525520324707,27.0,27.0,26.625,27.0,80983
2000-09-01,7.77525520324707,27.0,27.0,26.625,26.625,47100
2000-09-05,7.77525520324707,27.0,27.0,26.625,26.625,81967
2000-09-06,7.667264938354492,26.625,27.0,26.625,27.0,61100
2000-09-07,7.5592756271362305,26.25,26.625,26.25,26.625,222350
2000-09-08,7.667264938354492,26.625,26.625,26.25,26.625,74383
2000-09-11,7.451284408569336,25.875,26.625,25.875,26.625,130067
2000-09-12,7.451284408569336,25.875,26.25,25.5,25.875,122333
2000-09-13,7.343301296234131,25.5,25.875,25.5,25.5,68267
2000-09-14,7.5592756271362305,26.25,26.25,25.5,25.5,101233
2000-09-15,7.451284408569336,25.875,26.25,25.5,26.25,76950
2000-09-18,7.235306262969971,25.125,25.875,25.125,25.875,118583
2000-09-19,7.451284408569336,25.875,25.875,25.5,25.5,140817
2000-09-20,7.235306262969971,25.125,25.875,25.125,25.875,202983
2000-09-21,7.235306262969971,25.125,25.5,25.125,25.5,60050
2000-09-22,7.343301296234131,25.5,25.875,25.125,25.5,128800
2000-09-25,7.377850532531738,25.6200008392334,25.739999771118164,25.5,25.5,110983
2000-09-26,7.377850532531738,25.6200008392334,25.799999237060547,25.559999465942383,25.6200008392334,79267
2000-09-27,7.299278736114502,25.079999923706055,25.5,25.079999923706055,25.5,76583
2000-09-28,7.33419132232666,25.200000762939453,25.3799991607666,25.079999923706055,25.139999389648438,103067
2000-09-29,7.33419132232666,25.200000762939453,25.3799991607666,25.200000762939453,25.200000762939453,67700
2000-10-02,7.351661682128906,25.260000228881836,25.3799991607666,25.200000762939453,25.260000228881836,95433
2000-10-03,7.33419132232666,25.200000762939453,25.3799991607666,25.200000762939453,25.3799991607666,75217
2000-10-04,7.33419132232666,25.200000762939453,25.260000228881836,25.139999389648438,25.260000228881836,90017
2000-10-05,7.316731929779053,25.139999389648438,25.260000228881836,25.020000457763672,25.139999389648438,81150
2000-10-06,7.124648571014404,24.479999542236328,25.139999389648438,24.420000076293945,25.139999389648438,158383
2000-10-09,7.177039623260498,24.65999984741211,24.719999313354492,24.420000076293945,24.479999542236328,111050
2000-10-10,7.177039623260498,24.65999984741211,24.959999084472656,24.540000915527344,24.84000015258789,88533
2000-10-11,7.072258472442627,24.299999237060547,24.600000381469727,24.299999237060547,24.600000381469727,104667
2000-10-12,6.96748161315918,23.940000534057617,24.479999542236328,23.399999618530273,24.299999237060547,239467
2000-10-13,6.845241069793701,23.520000457763672,24.059999465942383,23.459999084472656,24.0,151783
2000-10-16,6.8801703453063965,23.639999389648438,23.81999969482422,23.520000457763672,23.579999923706055,184983
2000-10-17,6.81032133102417,23.399999618530273,23.639999389648438,23.34000015258789,23.579999923706055,136333
2000-10-18,6.775406360626221,23.280000686645508,23.579999923706055,23.280000686645508,23.399999618530273,123500
2000-10-19,6.548385143280029,22.5,23.520000457763672,22.5,23.399999618530273,183117
2000-10-20,6.670621871948242,22.920000076293945,23.280000686645508,22.5,22.5,175567
2000-10-23,6.775406360626221,23.280000686645508,23.459999084472656,22.920000076293945,22.979999542236328,87817
2000-10-24,6.845241069793701,23.520000457763672,23.520000457763672,23.219999313354492,23.459999084472656,104717
2000-10-25,6.775406360626221,23.280000686645508,23.399999618530273,22.739999771118164,22.739999771118164,126200
2000-10-26,6.792860984802246,23.34000015258789,23.399999618530273,23.040000915527344,23.040000915527344,84467
2000-10-27,6.907695293426514,23.459999084472656,23.579999923706055,23.219999313354492,23.280000686645508,79550
2000-10-30,6.837029933929443,23.219999313354492,23.34000015258789,23.040000915527344,23.040000915527344,96367
2000-10-31,6.819355010986328,23.15999984741211,23.280000686645508,23.040000915527344,23.15999984741211,106250
2000-11-01,6.907695293426514,23.459999084472656,23.579999923706055,23.34000015258789,23.34000015258789,113650
2000-11-02,6.978361129760742,23.700000762939453,23.700000762939453,23.280000686645508,23.34000015258789,100683
2000-11-03,7.10202693939209,24.1200008392334,24.239999771118164,23.760000228881836,23.940000534057617,185100
2000-11-06,7.10202693939209,24.1200008392334,24.299999237060547,23.940000534057617,24.239999771118164,128217
2000-11-07,7.155027389526367,24.299999237060547,24.299999237060547,24.1200008392334,24.239999771118164,128500
2000-11-08,7.1903605461120605,24.420000076293945,24.420000076293945,24.18000030517578,24.18000030517578,88100
2000-11-09,7.172699451446533,24.360000610351562,24.600000381469727,24.239999771118164,24.479999542236328,119933
2000-11-10,7.0843634605407715,24.059999465942383,24.360000610351562,24.059999465942383,24.239999771118164,83333
2000-11-13,7.0843634605407715,24.059999465942383,24.1200008392334,23.8799991607666,24.0,109783
2000-11-14,7.10202693939209,24.1200008392334,24.299999237060547,23.8799991607666,24.0,96833
2000-11-15,7.10202693939209,24.1200008392334,24.239999771118164,24.0,24.1200008392334,98483
2000-11-16,7.0843634605407715,24.059999465942383,24.18000030517578,24.0,24.0,65467
2000-11-17,7.0313639640808105,23.8799991607666,24.0,23.700000762939453,23.8799991607666,110267
2000-11-20,6.837029933929443,23.219999313354492,23.760000228881836,23.100000381469727,23.760000228881836,245150
2000-11-21,6.854699611663818,23.280000686645508,23.399999618530273,23.100000381469727,23.15999984741211,138983
2000-11-22,6.890023708343506,23.399999618530273,23.399999618530273,23.100000381469727,23.399999618530273,161683
2000-11-24,6.872359752655029,23.34000015258789,23.399999618530273,23.100000381469727,23.399999618530273,45017
2000-11-27,6.890023708343506,23.399999618530273,23.459999084472656,23.15999984741211,23.399999618530273,130333
2000-11-28,6.8147993087768555,23.100000381469727,23.399999618530273,23.100000381469727,23.280000686645508,103900
2000-11-29,6.779401779174805,22.979999542236328,23.280000686645508,22.920000076293945,23.280000686645508,164067
2000-11-30,6.779401779174805,22.979999542236328,23.219999313354492,22.799999237060547,23.100000381469727,144950
2000-12-01,6.797105312347412,23.040000915527344,23.15999984741211,22.920000076293945,22.920000076293945,117867
2000-12-04,6.850203037261963,23.219999313354492,23.34000015258789,23.040000915527344,23.040000915527344,210333
2000-12-05,6.8147993087768555,23.100000381469727,23.34000015258789,23.100000381469727,23.15999984741211,155333
2000-12-06,6.8679070472717285,23.280000686645508,23.280000686645508,23.100000381469727,23.15999984741211,178617
2000-12-07,6.8679070472717285,23.280000686645508,23.34000015258789,23.15999984741211,23.219999313354492,119250
2000-12-08,6.903300762176514,23.399999618530273,23.639999389648438,23.15999984741211,23.15999984741211,185767
2000-12-11,7.009509086608887,23.760000228881836,23.81999969482422,23.399999618530273,23.81999969482422,231600
2000-12-12,7.027212619781494,23.81999969482422,24.0,23.639999389648438,24.0,179767
2000-12-13,7.027212619781494,23.81999969482422,23.940000534057617,23.700000762939453,23.81999969482422,121350
2000-12-14,7.027212619781494,23.81999969482422,24.0,23.700000762939453,23.700000762939453,136417
2000-12-15,7.027212619781494,23.81999969482422,23.940000534057617,23.700000762939453,23.81999969482422,137933
2000-12-18,7.080309867858887,24.0,24.1200008392334,23.81999969482422,23.8799991607666,317600
2000-12-19,7.1334075927734375,24.18000030517578,24.239999771118164,22.799999237060547,23.940000534057617,202667
2000-12-20,7.09801721572876,24.059999465942383,24.1200008392334,23.8799991607666,24.059999465942383,208650
2000-12-21,7.080309867858887,24.0,24.1200008392334,23.8799991607666,24.0,200833
2000-12-22,7.062612533569336,23.940000534057617,24.1200008392334,23.940000534057617,24.0,181183
2000-12-26,7.080309867858887,24.0,24.1200008392334,23.81999969482422,23.940000534057617,227100
2000-12-27,7.058145999908447,23.8799991607666,24.0,23.700000762939453,23.940000534057617,243100
2000-12-28,7.004942893981934,23.700000762939453,23.8799991607666,23.700000762939453,23.81999969482422,300567
2000-12-29,7.164546966552734,24.239999771118164,24.299999237060547,23.579999923706055,23.579999923706055,388517
2001-01-02,7.4128265380859375,25.079999923706055,25.139999389648438,24.299999237060547,24.299999237060547,169133
2001-01-03,7.341888427734375,24.84000015258789,25.31999969482422,24.719999313354492,25.200000762939453,222950
2001-01-04,7.4482927322387695,25.200000762939453,25.200000762939453,24.899999618530273,25.139999389648438,192133
2001-01-05,7.696569442749023,26.040000915527344,26.100000381469727,25.139999389648438,25.200000762939453,243267
2001-01-08,7.678834438323975,25.979999542236328,26.219999313354492,25.920000076293945,26.040000915527344,189517
2001-01-09,7.696569442749023,26.040000915527344,26.100000381469727,25.920000076293945,26.040000915527344,96700
2001-01-10,7.661104679107666,25.920000076293945,25.979999542236328,25.31999969482422,25.920000076293945,121100
2001-01-11,7.7143049240112305,26.100000381469727,26.100000381469727,25.860000610351562,25.920000076293945,129283
2001-01-12,7.661104679107666,25.920000076293945,26.100000381469727,25.68000030517578,26.040000915527344,109667
2001-01-16,7.749772548675537,26.219999313354492,26.219999313354492,25.920000076293945,25.979999542236328,182983
2001-01-17,7.749772548675537,26.219999313354492,26.280000686645508,26.040000915527344,26.219999313354492,133583
2001-01-18,7.7675042152404785,26.280000686645508,26.34000015258789,26.15999984741211,26.280000686645508,155067
2001-01-19,7.749772548675537,26.219999313354492,26.34000015258789,26.15999984741211,26.219999313354492,123317
2001-01-22,7.749772548675537,26.219999313354492,26.34000015258789,26.100000381469727,26.15999984741211,89100
2001-01-23,7.838440895080566,26.520000457763672,26.579999923706055,26.219999313354492,26.280000686645508,118583
2001-01-24,7.732038497924805,26.15999984741211,26.520000457763672,26.100000381469727,26.459999084472656,135117
2001-01-25,7.749772548675537,26.219999313354492,26.280000686645508,25.920000076293945,26.100000381469727,95250
2001-01-26,7.625633716583252,25.799999237060547,26.219999313354492,25.200000762939453,26.219999313354492,241317
2001-01-29,7.473302841186523,25.020000457763672,25.5,24.600000381469727,25.5,249767
2001-01-30,7.473302841186523,25.020000457763672,25.079999923706055,24.65999984741211,24.780000686645508,191667
2001-01-31,7.49122428894043,25.079999923706055,25.139999389648438,24.84000015258789,25.020000457763672,131300
2001-02-01,7.616674423217773,25.5,25.799999237060547,25.139999389648438,25.200000762939453,197000
2001-02-02,7.706281661987305,25.799999237060547,25.799999237060547,25.440000534057617,25.5,134533
2001-02-05,7.742123126983643,25.920000076293945,25.920000076293945,25.68000030517578,25.920000076293945,147417
2001-02-06,7.742123126983643,25.920000076293945,25.979999542236328,25.739999771118164,25.920000076293945,157333
2001-02-07,7.688361644744873,25.739999771118164,25.979999542236328,25.68000030517578,25.920000076293945,134317
2001-02-08,7.598756790161133,25.440000534057617,25.860000610351562,25.440000534057617,25.68000030517578,168567
2001-02-09,7.509148120880127,25.139999389648438,25.260000228881836,24.600000381469727,25.260000228881836,143817
2001-02-12,7.652514457702637,25.6200008392334,25.6200008392334,24.899999618530273,25.139999389648438,115633
2001-02-13,7.598756790161133,25.440000534057617,25.68000030517578,25.31999969482422,25.6200008392334,114267
2001-02-14,7.544986724853516,25.260000228881836,25.440000534057617,24.959999084472656,25.440000534057617,95717
2001-02-15,7.509148120880127,25.139999389648438,25.200000762939453,24.899999618530273,25.139999389648438,82550
2001-02-16,7.544986724853516,25.260000228881836,25.3799991607666,25.020000457763672,25.020000457763672,76733
2001-02-20,7.4374566078186035,24.899999618530273,25.200000762939453,24.780000686645508,25.200000762939453,104967
2001-02-21,7.401613235473633,24.780000686645508,24.959999084472656,24.719999313354492,24.959999084472656,80183
2001-02-22,7.4374566078186035,24.899999618530273,25.020000457763672,24.600000381469727,24.780000686645508,82883
2001-02-23,7.473302841186523,25.020000457763672,25.139999389648438,24.600000381469727,24.780000686645508,109700
2001-02-26,7.343135833740234,24.540000915527344,24.780000686645508,24.360000610351562,24.65999984741211,90417
2001-02-27,7.343135833740234,24.540000915527344,24.84000015258789,24.479999542236328,24.600000381469727,78250
2001-02-28,7.307223796844482,24.420000076293945,24.719999313354492,24.299999237060547,24.540000915527344,116000
2001-03-01,7.289269924163818,24.360000610351562,24.479999542236328,24.1200008392334,24.420000076293945,118350
2001-03-02,7.253365993499756,24.239999771118164,24.479999542236328,24.1200008392334,24.239999771118164,91050
2001-03-05,7.325183391571045,24.479999542236328,24.540000915527344,24.059999465942383,24.1200008392334,107917
2001-03-06,7.361089706420898,24.600000381469727,24.600000381469727,24.299999237060547,24.540000915527344,122350
2001-03-07,7.289269924163818,24.360000610351562,24.600000381469727,24.1200008392334,24.600000381469727,134317
2001-03-08,7.271313667297363,24.299999237060547,24.420000076293945,24.1200008392334,24.360000610351562,114533
2001-03-09,7.271313667297363,24.299999237060547,24.360000610351562,24.1200008392334,24.299999237060547,65083
2001-03-12,7.235406875610352,24.18000030517578,24.360000610351562,24.059999465942383,24.1200008392334,128100
2001-03-13,7.019964694976807,23.459999084472656,24.18000030517578,23.459999084472656,24.18000030517578,165783
2001-03-14,6.894290447235107,23.040000915527344,23.8799991607666,22.920000076293945,23.15999984741211,143767
2001-03-15,6.966102123260498,23.280000686645508,23.760000228881836,22.5,22.559999465942383,147233
2001-03-16,6.876332759857178,22.979999542236328,23.700000762939453,22.920000076293945,23.100000381469727,107083
2001-03-19,7.217459201812744,24.1200008392334,24.479999542236328,23.040000915527344,23.040000915527344,239183
2001-03-20,7.307223796844482,24.420000076293945,24.479999542236328,24.0,24.0,130533
2001-03-21,7.217459201812744,24.1200008392334,24.540000915527344,24.059999465942383,24.18000030517578,78150
2001-03-22,7.217459201812744,24.1200008392334,24.18000030517578,23.760000228881836,24.059999465942383,135533
2001-03-23,7.199498176574707,24.059999465942383,24.1200008392334,23.8799991607666,24.0,72233
2001-03-26,7.199498176574707,24.059999465942383,24.239999771118164,23.940000534057617,24.1200008392334,95267
2001-03-27,7.181548595428467,24.0,24.1200008392334,23.940000534057617,24.059999465942383,70650
2001-03-28,7.172472953796387,23.700000762939453,23.8799991607666,23.520000457763672,23.579999923706055,63233
2001-03-29,7.172472953796387,23.700000762939453,23.940000534057617,23.639999389648438,23.639999389648438,57567
2001-03-30,7.117991924285889,23.520000457763672,23.81999969482422,23.399999618530273,23.81999969482422,59783
2001-04-02,6.954571723937988,22.979999542236328,23.579999923706055,22.920000076293945,23.399999618530273,122483
2001-04-03,6.881943225860596,22.739999771118164,23.100000381469727,22.559999465942383,22.920000076293945,83317
2001-04-04,6.7729926109313965,22.3799991607666,22.979999542236328,22.31999969482422,22.979999542236328,130367
2001-04-05,6.809305191040039,22.5,22.739999771118164,22.3799991607666,22.6200008392334,131283
2001-04-06,6.8274641036987305,22.559999465942383,22.68000030517578,22.260000228881836,22.440000534057617,287617
2001-04-09,6.682199001312256,22.079999923706055,22.739999771118164,21.959999084472656,22.739999771118164,179667
2001-04-10,6.736677646636963,22.260000228881836,22.3799991607666,22.079999923706055,22.079999923706055,92900
2001-04-11,6.809305191040039,22.5,22.6200008392334,22.139999389648438,22.139999389648438,85417
2001-04-12,6.918262481689453,22.860000610351562,23.100000381469727,22.6200008392334,22.6200008392334,93367
2001-04-16,6.990889072418213,23.100000381469727,23.34000015258789,22.920000076293945,22.979999542236328,120533
2001-04-17,7.009045600891113,23.15999984741211,23.399999618530273,22.920000076293945,23.399999618530273,135417
2001-04-18,6.990889072418213,23.100000381469727,23.15999984741211,22.739999771118164,23.040000915527344,145800
2001-04-19,7.0453715324401855,23.280000686645508,23.34000015258789,23.100000381469727,23.100000381469727,119733
2001-04-20,7.0816802978515625,23.399999618530273,23.399999618530273,23.100000381469727,23.280000686645508,111217
2001-04-23,7.0453715324401855,23.280000686645508,23.520000457763672,23.15999984741211,23.399999618530273,115017
2001-04-24,7.0816802978515625,23.399999618530273,23.399999618530273,23.15999984741211,23.15999984741211,84950
2001-04-25,7.0816802978515625,23.399999618530273,23.520000457763672,23.34000015258789,23.459999084472656,79950
2001-04-26,7.127612590789795,23.280000686645508,23.399999618530273,23.100000381469727,23.100000381469727,70867
2001-04-27,7.072493076324463,23.100000381469727,23.34000015258789,22.860000610351562,23.15999984741211,59550
2001-04-30,7.072493076324463,23.100000381469727,23.280000686645508,22.920000076293945,23.100000381469727,83200
2001-05-01,7.090858459472656,23.15999984741211,23.219999313354492,22.920000076293945,23.100000381469727,113133
2001-05-02,7.035754680633545,22.979999542236328,23.34000015258789,22.979999542236328,23.219999313354492,120050
2001-05-03,7.035754680633545,22.979999542236328,23.100000381469727,22.860000610351562,22.860000610351562,85233
2001-05-04,7.109240531921387,23.219999313354492,23.280000686645508,23.040000915527344,23.040000915527344,93767
2001-05-07,7.127612590789795,23.280000686645508,23.399999618530273,23.040000915527344,23.100000381469727,147533
2001-05-08,7.164341926574707,23.399999618530273,23.520000457763672,23.219999313354492,23.280000686645508,119050
2001-05-09,7.274567604064941,23.760000228881836,23.81999969482422,23.399999618530273,23.399999618530273,96950
2001-05-10,7.292935848236084,23.81999969482422,23.940000534057617,23.700000762939453,23.760000228881836,102633
2001-05-11,7.201080799102783,23.520000457763672,23.8799991607666,23.459999084472656,23.8799991607666,65367
2001-05-14,7.201080799102783,23.520000457763672,23.520000457763672,23.15999984741211,23.459999084472656,94217
2001-05-15,7.219451904296875,23.579999923706055,23.579999923706055,23.399999618530273,23.520000457763672,97850
2001-05-16,7.292935848236084,23.81999969482422,23.8799991607666,23.520000457763672,23.579999923706055,83933
2001-05-17,7.311307907104492,23.8799991607666,24.0,23.760000228881836,23.760000228881836,105250
2001-05-18,7.366415023803711,24.059999465942383,24.059999465942383,23.700000762939453,23.700000762939453,92033
2001-05-21,7.403160095214844,24.18000030517578,24.299999237060547,23.940000534057617,24.239999771118164,105233
2001-05-22,7.4766387939453125,24.420000076293945,24.420000076293945,24.059999465942383,24.1200008392334,94633
2001-05-23,7.439892768859863,24.299999237060547,24.360000610351562,24.239999771118164,24.299999237060547,83017
2001-05-24,7.5133771896362305,24.540000915527344,24.540000915527344,24.239999771118164,24.299999237060547,58800
2001-05-25,7.495009899139404,24.479999542236328,24.540000915527344,24.299999237060547,24.540000915527344,60650
2001-05-29,7.411421298980713,23.940000534057617,24.360000610351562,23.940000534057617,24.239999771118164,57783
2001-05-30,7.392848014831543,23.8799991607666,24.0,23.81999969482422,23.940000534057617,66950
2001-05-31,7.411421298980713,23.940000534057617,23.940000534057617,23.81999969482422,23.940000534057617,57400
2001-06-01,7.374270439147949,23.81999969482422,23.8799991607666,23.639999389648438,23.760000228881836,83267
2001-06-04,7.411421298980713,23.940000534057617,24.059999465942383,23.700000762939453,23.760000228881836,61983
2001-06-05,7.3556976318359375,23.760000228881836,24.0,23.700000762939453,23.81999969482422,65533
2001-06-06,7.429994106292725,24.0,24.0,23.700000762939453,23.760000228881836,71617
2001-06-07,7.429994106292725,24.0,24.0,23.760000228881836,24.0,85750
2001-06-08,7.4671478271484375,24.1200008392334,24.18000030517578,23.8799991607666,24.0,93400
2001-06-11,7.485722541809082,24.18000030517578,24.360000610351562,24.0,24.1200008392334,105133
2001-06-12,7.485722541809082,24.18000030517578,24.420000076293945,24.18000030517578,24.239999771118164,75200
2001-06-13,7.54144287109375,24.360000610351562,24.600000381469727,24.18000030517578,24.18000030517578,92167
2001-06-14,7.504292964935303,24.239999771118164,24.420000076293945,24.239999771118164,24.239999771118164,68567
2001-06-15,7.5228657722473145,24.299999237060547,24.479999542236328,24.239999771118164,24.420000076293945,45700
2001-06-18,7.652897834777832,24.719999313354492,24.719999313354492,24.420000076293945,24.420000076293945,96883
2001-06-19,7.652897834777832,24.719999313354492,24.84000015258789,24.540000915527344,24.65999984741211,87533
2001-06-20,7.597170352935791,24.540000915527344,24.780000686645508,24.420000076293945,24.65999984741211,71467
2001-06-21,7.560020923614502,24.420000076293945,24.780000686645508,24.360000610351562,24.780000686645508,76333
2001-06-22,7.61574649810791,24.600000381469727,24.600000381469727,24.420000076293945,24.479999542236328,51000
2001-06-25,7.634320259094238,24.65999984741211,24.719999313354492,24.540000915527344,24.719999313354492,67267
2001-06-26,7.6900458335876465,24.84000015258789,24.84000015258789,24.600000381469727,24.600000381469727,81150
2001-06-27,7.699432849884033,24.600000381469727,24.780000686645508,24.600000381469727,24.719999313354492,49450
2001-06-28,7.6618757247924805,24.479999542236328,24.719999313354492,24.479999542236328,24.600000381469727,60817
2001-06-29,7.718217849731445,24.65999984741211,24.719999313354492,24.479999542236328,24.479999542236328,45217
2001-07-02,7.680655479431152,24.540000915527344,24.600000381469727,24.0,24.360000610351562,69433
2001-07-03,7.699432849884033,24.600000381469727,24.65999984741211,24.479999542236328,24.479999542236328,42833
2001-07-05,7.736988544464111,24.719999313354492,24.780000686645508,24.540000915527344,24.600000381469727,63167
2001-07-06,7.680655479431152,24.540000915527344,24.719999313354492,24.420000076293945,24.719999313354492,49100
2001-07-09,7.624317646026611,24.360000610351562,24.600000381469727,24.360000610351562,24.540000915527344,45867
2001-07-10,7.624317646026611,24.360000610351562,24.540000915527344,24.299999237060547,24.360000610351562,53267
2001-07-11,7.624317646026611,24.360000610351562,24.540000915527344,24.299999237060547,24.360000610351562,55650
2001-07-12,7.6618757247924805,24.479999542236328,24.540000915527344,24.360000610351562,24.420000076293945,44817
2001-07-13,7.643099784851074,24.420000076293945,24.600000381469727,24.420000076293945,24.540000915527344,45417
2001-07-16,7.699432849884033,24.600000381469727,24.719999313354492,24.420000076293945,24.65999984741211,122883
2001-07-17,7.6618757247924805,24.479999542236328,24.65999984741211,24.479999542236328,24.600000381469727,63283
2001-07-18,7.6618757247924805,24.479999542236328,24.600000381469727,24.420000076293945,24.479999542236328,55783
2001-07-19,7.624317646026611,24.360000610351562,24.540000915527344,24.360000610351562,24.479999542236328,59117
2001-07-20,7.605537414550781,24.299999237060547,24.420000076293945,24.239999771118164,24.420000076293945,81550
2001-07-23,7.624317646026611,24.360000610351562,24.420000076293945,24.239999771118164,24.299999237060547,75967
2001-07-24,7.6618757247924805,24.479999542236328,24.600000381469727,24.420000076293945,24.420000076293945,53833
2001-07-25,7.680655479431152,24.540000915527344,24.65999984741211,24.479999542236328,24.479999542236328,47033
2001-07-26,7.736988544464111,24.719999313354492,24.780000686645508,24.540000915527344,24.540000915527344,42850
2001-07-27,7.727499485015869,24.420000076293945,24.600000381469727,24.420000076293945,24.600000381469727,42450
2001-07-30,7.689523696899414,24.299999237060547,24.540000915527344,24.299999237060547,24.420000076293945,57500
2001-07-31,7.746487140655518,24.479999542236328,24.600000381469727,24.299999237060547,24.299999237060547,54900
2001-08-01,7.708512306213379,24.360000610351562,24.540000915527344,24.360000610351562,24.540000915527344,46400
2001-08-02,7.765471458435059,24.540000915527344,24.540000915527344,24.360000610351562,24.360000610351562,47733
2001-08-03,7.803450107574463,24.65999984741211,24.719999313354492,24.479999542236328,24.540000915527344,58750
2001-08-06,7.765471458435059,24.540000915527344,24.719999313354492,24.540000915527344,24.540000915527344,55400
2001-08-07,7.746487140655518,24.479999542236328,24.65999984741211,24.420000076293945,24.600000381469727,93767
2001-08-08,7.784461498260498,24.600000381469727,24.600000381469727,24.420000076293945,24.479999542236328,72717
2001-08-09,7.784461498260498,24.600000381469727,24.65999984741211,24.479999542236328,24.540000915527344,51300
2001-08-10,7.803450107574463,24.65999984741211,24.719999313354492,24.540000915527344,24.65999984741211,54183
2001-08-13,7.936352729797363,25.079999923706055,25.079999923706055,24.65999984741211,24.84000015258789,112650
2001-08-14,7.974321365356445,25.200000762939453,25.5,25.020000457763672,25.139999389648438,125233
2001-08-15,8.145210266113281,25.739999771118164,26.040000915527344,25.200000762939453,25.200000762939453,148917
2001-08-16,8.088240623474121,25.559999465942383,25.799999237060547,25.260000228881836,25.799999237060547,142850
2001-08-17,8.164183616638184,25.799999237060547,25.860000610351562,25.6200008392334,25.68000030517578,90350
2001-08-20,8.240131378173828,26.040000915527344,26.280000686645508,25.799999237060547,25.799999237060547,90600
2001-08-21,8.278111457824707,26.15999984741211,26.219999313354492,25.920000076293945,26.040000915527344,69500
2001-08-22,8.335067749023438,26.34000015258789,26.459999084472656,26.15999984741211,26.15999984741211,109033
2001-08-23,8.335067749023438,26.34000015258789,26.520000457763672,26.219999313354492,26.34000015258789,101150
2001-08-24,8.354056358337402,26.399999618530273,26.520000457763672,26.280000686645508,26.34000015258789,93017
2001-08-27,8.259122848510742,26.100000381469727,26.459999084472656,26.100000381469727,26.399999618530273,89600
2001-08-28,8.259122848510742,26.100000381469727,26.219999313354492,25.979999542236328,26.100000381469727,72000
2001-08-29,8.307084083557129,25.979999542236328,26.15999984741211,25.68000030517578,25.979999542236328,84250
2001-08-30,8.345452308654785,26.100000381469727,26.219999313354492,25.920000076293945,25.979999542236328,83683
2001-08-31,8.307084083557129,25.979999542236328,26.100000381469727,25.920000076293945,26.040000915527344,36500
2001-09-04,8.096048355102539,25.31999969482422,25.799999237060547,25.139999389648438,25.5,87117
2001-09-05,8.019309997558594,25.079999923706055,25.440000534057617,24.600000381469727,25.31999969482422,100983
2001-09-06,7.961752414703369,24.899999618530273,25.200000762939453,24.600000381469727,24.899999618530273,63900
2001-09-07,8.019309997558594,25.079999923706055,25.440000534057617,24.84000015258789,25.020000457763672,69783
2001-09-10,8.0576810836792,25.200000762939453,25.31999969482422,24.899999618530273,25.079999923706055,53350
2001-09-17,7.885019302368164,24.65999984741211,25.739999771118164,24.600000381469727,25.739999771118164,168900
2001-09-18,7.885019302368164,24.65999984741211,25.020000457763672,24.18000030517578,24.959999084472656,102533
2001-09-19,7.789094924926758,24.360000610351562,25.079999923706055,24.239999771118164,24.84000015258789,115417
2001-09-20,7.539685249328613,23.579999923706055,24.420000076293945,22.979999542236328,24.239999771118164,186150
2001-09-21,7.405389308929443,23.15999984741211,23.639999389648438,22.739999771118164,22.799999237060547,260667
2001-09-24,7.731537342071533,24.18000030517578,24.239999771118164,23.399999618530273,23.700000762939453,97050
2001-09-25,7.712344646453857,24.1200008392334,24.360000610351562,23.81999969482422,24.18000030517578,80400
2001-09-26,7.722050189971924,23.8799991607666,24.18000030517578,23.579999923706055,24.1200008392334,55517
2001-09-27,7.702649116516113,23.81999969482422,23.940000534057617,23.459999084472656,23.760000228881836,67000
2001-09-28,7.702649116516113,23.81999969482422,24.0,23.579999923706055,23.940000534057617,55933
2001-10-01,7.83846378326416,24.239999771118164,24.299999237060547,23.760000228881836,23.760000228881836,42633
2001-10-02,7.760863304138184,24.0,24.299999237060547,22.799999237060547,24.239999771118164,113083
2001-10-03,7.819067001342773,24.18000030517578,24.239999771118164,23.8799991607666,24.059999465942383,67283
2001-10-04,7.819067001342773,24.18000030517578,24.239999771118164,24.0,24.059999465942383,36800
2001-10-05,7.857870101928711,24.299999237060547,24.420000076293945,24.059999465942383,24.1200008392334,78433
2001-10-08,7.8772711753845215,24.360000610351562,24.420000076293945,24.1200008392334,24.18000030517578,70517
2001-10-09,7.89668083190918,24.420000076293945,24.479999542236328,24.1200008392334,24.1200008392334,61283
2001-10-10,7.916074752807617,24.479999542236328,24.479999542236328,24.299999237060547,24.420000076293945,40583
2001-10-11,7.8772711753845215,24.360000610351562,24.420000076293945,24.059999465942383,24.1200008392334,74500
2001-10-12,7.857870101928711,24.299999237060547,24.299999237060547,24.1200008392334,24.1200008392334,42483
2001-10-15,7.974278450012207,24.65999984741211,24.65999984741211,24.299999237060547,24.540000915527344,71917
2001-10-16,8.07128620147705,24.959999084472656,25.139999389648438,24.540000915527344,24.540000915527344,72217
2001-10-17,8.032487869262695,24.84000015258789,24.899999618530273,24.65999984741211,24.65999984741211,88617
2001-10-18,8.013079643249512,24.780000686645508,24.84000015258789,24.540000915527344,24.65999984741211,80117
2001-10-19,7.993675708770752,24.719999313354492,24.780000686645508,24.600000381469727,24.65999984741211,63133
2001-10-22,7.993675708770752,24.719999313354492,24.84000015258789,24.600000381469727,24.719999313354492,90283
2001-10-23,7.993675708770752,24.719999313354492,24.84000015258789,24.540000915527344,24.780000686645508,107217
2001-10-24,7.993675708770752,24.719999313354492,24.84000015258789,24.600000381469727,24.65999984741211,57900
2001-10-25,7.974278450012207,24.65999984741211,24.719999313354492,24.420000076293945,24.719999313354492,89967
2001-10-26,7.954882621765137,24.600000381469727,24.719999313354492,24.479999542236328,24.65999984741211,93483
2001-10-29,7.984307765960693,24.420000076293945,24.600000381469727,24.299999237060547,24.600000381469727,66150
2001-10-30,7.925449848175049,24.239999771118164,24.420000076293945,24.1200008392334,24.299999237060547,61750
2001-10-31,7.88621187210083,24.1200008392334,24.239999771118164,24.0,24.1200008392334,87217
2001-11-01,7.945066452026367,24.299999237060547,24.540000915527344,24.18000030517578,24.360000610351562,85650
2001-11-02,7.945066452026367,24.299999237060547,24.420000076293945,24.18000030517578,24.360000610351562,66983
2001-11-05,7.984307765960693,24.420000076293945,24.420000076293945,24.18000030517578,24.360000610351562,69017
2001-11-06,8.043160438537598,24.600000381469727,24.600000381469727,24.360000610351562,24.540000915527344,56483
2001-11-07,8.043160438537598,24.600000381469727,24.719999313354492,24.479999542236328,24.600000381469727,100917
2001-11-08,8.043160438537598,24.600000381469727,24.65999984741211,24.479999542236328,24.600000381469727,92267
2001-11-09,8.023545265197754,24.540000915527344,24.600000381469727,24.479999542236328,24.600000381469727,104233
2001-11-12,8.062777519226074,24.65999984741211,24.719999313354492,24.479999542236328,24.600000381469727,151417
2001-11-13,8.082388877868652,24.719999313354492,24.899999618530273,24.600000381469727,24.65999984741211,96950
2001-11-14,8.043160438537598,24.600000381469727,24.719999313354492,24.540000915527344,24.719999313354492,101217
2001-11-15,8.043160438537598,24.600000381469727,24.65999984741211,24.540000915527344,24.600000381469727,102517
2001-11-16,8.082388877868652,24.719999313354492,24.84000015258789,24.540000915527344,24.540000915527344,73533
2001-11-19,8.180480003356934,25.020000457763672,25.079999923706055,24.719999313354492,24.719999313354492,61733
2001-11-20,8.16085433959961,24.959999084472656,25.020000457763672,24.84000015258789,25.020000457763672,76250
2001-11-21,8.16085433959961,24.959999084472656,25.079999923706055,24.84000015258789,25.079999923706055,72417
2001-11-23,8.16085433959961,24.959999084472656,25.079999923706055,24.899999618530273,24.959999084472656,25383
2001-11-26,8.121623992919922,24.84000015258789,25.020000457763672,24.780000686645508,24.959999084472656,90617
2001-11-27,8.180480003356934,25.020000457763672,25.020000457763672,24.780000686645508,24.84000015258789,97350
2001-11-28,8.116602897644043,24.780000686645508,24.899999618530273,24.65999984741211,24.899999618530273,51250
2001-11-29,8.116602897644043,24.780000686645508,24.780000686645508,24.540000915527344,24.65999984741211,60017
2001-11-30,8.096949577331543,24.719999313354492,24.84000015258789,24.540000915527344,24.84000015258789,89467
2001-12-03,8.057644844055176,24.600000381469727,24.780000686645508,24.540000915527344,24.600000381469727,55083
2001-12-04,8.037989616394043,24.540000915527344,24.65999984741211,24.479999542236328,24.540000915527344,57667
2001-12-05,8.096949577331543,24.719999313354492,24.719999313354492,24.479999542236328,24.540000915527344,57133
2001-12-06,8.057644844055176,24.600000381469727,24.719999313354492,24.540000915527344,24.600000381469727,52500
2001-12-07,8.057644844055176,24.600000381469727,24.65999984741211,24.540000915527344,24.65999984741211,79283
2001-12-10,8.057644844055176,24.600000381469727,24.719999313354492,24.420000076293945,24.540000915527344,84783
2001-12-11,8.037989616394043,24.540000915527344,24.600000381469727,24.360000610351562,24.600000381469727,92433
2001-12-12,8.018345832824707,24.479999542236328,24.479999542236328,24.1200008392334,24.479999542236328,149150
2001-12-13,7.664592266082764,23.399999618530273,23.940000534057617,23.100000381469727,23.81999969482422,508483
2001-12-14,7.7235493659973145,23.579999923706055,23.639999389648438,23.280000686645508,23.34000015258789,242000
2001-12-17,7.7235493659973145,23.579999923706055,23.700000762939453,23.459999084472656,23.639999389648438,170367
2001-12-18,7.684240818023682,23.459999084472656,23.700000762939453,23.34000015258789,23.700000762939453,149183
2001-12-19,7.684240818023682,23.459999084472656,23.520000457763672,23.280000686645508,23.399999618530273,193300
2001-12-20,7.605630397796631,23.219999313354492,23.399999618530273,23.15999984741211,23.34000015258789,110750
2001-12-21,7.605630397796631,23.219999313354492,23.34000015258789,23.100000381469727,23.15999984741211,92550
2001-12-24,7.664592266082764,23.399999618530273,23.399999618530273,23.15999984741211,23.219999313354492,82217
2001-12-26,7.664592266082764,23.399999618530273,23.579999923706055,23.280000686645508,23.34000015258789,124883
2001-12-27,7.694414138793945,23.219999313354492,23.280000686645508,23.100000381469727,23.100000381469727,94833
2001-12-28,7.674535751342773,23.15999984741211,23.280000686645508,23.100000381469727,23.219999313354492,100600
2001-12-31,7.634773254394531,23.040000915527344,23.219999313354492,22.979999542236328,23.100000381469727,197350
2002-01-02,7.714295387268066,23.280000686645508,23.280000686645508,23.040000915527344,23.100000381469727,94717
2002-01-03,7.754065036773682,23.399999618530273,23.399999618530273,23.15999984741211,23.219999313354492,104517
2002-01-04,7.734180450439453,23.34000015258789,23.459999084472656,23.15999984741211,23.459999084472656,138133
2002-01-07,7.754065036773682,23.399999618530273,23.520000457763672,23.280000686645508,23.34000015258789,128000
2002-01-08,7.813704967498779,23.579999923706055,23.700000762939453,23.34000015258789,23.459999084472656,114850
2002-01-09,7.853474140167236,23.700000762939453,23.700000762939453,23.520000457763672,23.579999923706055,95117
2002-01-10,7.873350620269775,23.760000228881836,23.760000228881836,23.579999923706055,23.700000762939453,147600
2002-01-11,7.913118362426758,23.8799991607666,23.940000534057617,23.700000762939453,23.700000762939453,120850
2002-01-14,7.952886581420898,24.0,24.059999465942383,23.81999969482422,23.940000534057617,201167
2002-01-15,7.893234729766846,23.81999969482422,24.0,23.81999969482422,23.940000534057617,129550
2002-01-16,7.873350620269775,23.760000228881836,23.8799991607666,23.700000762939453,23.760000228881836,125483
2002-01-17,7.893234729766846,23.81999969482422,23.8799991607666,23.700000762939453,23.760000228881836,96483
2002-01-18,7.893234729766846,23.81999969482422,23.8799991607666,23.700000762939453,23.81999969482422,123367
2002-01-22,7.992650508880615,24.1200008392334,24.1200008392334,23.81999969482422,23.81999969482422,93517
2002-01-23,8.012530326843262,24.18000030517578,24.299999237060547,24.1200008392334,24.18000030517578,99650
2002-01-24,8.07218074798584,24.360000610351562,24.420000076293945,24.1200008392334,24.239999771118164,121167
2002-01-25,8.07218074798584,24.360000610351562,24.420000076293945,24.239999771118164,24.360000610351562,94667
2002-01-28,8.052289962768555,24.299999237060547,24.360000610351562,24.18000030517578,24.18000030517578,94733
2002-01-29,8.022212028503418,24.0,24.18000030517578,23.8799991607666,24.1200008392334,104800
2002-01-30,8.022212028503418,24.0,24.059999465942383,23.81999969482422,23.940000534057617,137950
2002-01-31,8.002153396606445,23.940000534057617,24.0,23.760000228881836,24.0,86300
2002-02-01,8.002153396606445,23.940000534057617,24.0,23.81999969482422,23.8799991607666,84317
2002-02-04,8.002153396606445,23.940000534057617,23.940000534057617,23.760000228881836,23.940000534057617,69467
2002-02-05,8.002153396606445,23.940000534057617,24.0,23.81999969482422,23.940000534057617,66617
2002-02-06,7.962045192718506,23.81999969482422,24.0,23.700000762939453,23.8799991607666,107167
2002-02-07,7.982101917266846,23.8799991607666,23.8799991607666,23.639999389648438,23.700000762939453,103267
2002-02-08,8.002153396606445,23.940000534057617,23.940000534057617,23.760000228881836,23.940000534057617,52167
2002-02-11,8.042267799377441,24.059999465942383,24.1200008392334,23.8799991607666,23.940000534057617,149867
2002-02-12,8.082383155822754,24.18000030517578,24.239999771118164,24.0,24.0,170017
2002-02-13,8.042267799377441,24.059999465942383,24.1200008392334,23.940000534057617,24.1200008392334,55667
2002-02-14,8.042267799377441,24.059999465942383,24.18000030517578,24.0,24.059999465942383,90067
2002-02-15,8.082383155822754,24.18000030517578,24.299999237060547,24.059999465942383,24.059999465942383,119700
2002-02-19,8.102433204650879,24.239999771118164,24.299999237060547,24.1200008392334,24.18000030517578,127967
2002-02-20,8.122482299804688,24.299999237060547,24.420000076293945,24.239999771118164,24.239999771118164,95583
2002-02-21,8.16260814666748,24.420000076293945,24.420000076293945,24.299999237060547,24.360000610351562,60150
2002-02-22,8.142549514770508,24.360000610351562,24.420000076293945,24.299999237060547,24.420000076293945,113483
2002-02-25,8.142549514770508,24.360000610351562,24.420000076293945,24.239999771118164,24.299999237060547,91183
2002-02-26,8.172889709472656,24.239999771118164,24.299999237060547,24.1200008392334,24.18000030517578,81017
2002-02-27,8.193109512329102,24.299999237060547,24.299999237060547,24.18000030517578,24.239999771118164,53350
2002-02-28,8.172889709472656,24.239999771118164,24.360000610351562,24.18000030517578,24.239999771118164,63133
2002-03-01,8.21335506439209,24.360000610351562,24.360000610351562,24.239999771118164,24.239999771118164,51400
2002-03-04,8.21335506439209,24.360000610351562,24.420000076293945,24.239999771118164,24.299999237060547,86500
2002-03-05,8.25381088256836,24.479999542236328,24.540000915527344,24.299999237060547,24.420000076293945,64500
2002-03-06,8.27403450012207,24.540000915527344,24.600000381469727,24.360000610351562,24.420000076293945,73983
2002-03-07,8.294266700744629,24.600000381469727,24.600000381469727,24.420000076293945,24.540000915527344,73267
2002-03-08,8.294266700744629,24.600000381469727,24.600000381469727,24.479999542236328,24.600000381469727,52283
2002-03-11,8.294266700744629,24.600000381469727,24.780000686645508,24.479999542236328,24.540000915527344,88017
2002-03-12,8.334721565246582,24.719999313354492,24.899999618530273,24.540000915527344,24.65999984741211,204283
2002-03-13,8.435877799987793,25.020000457763672,25.139999389648438,24.65999984741211,24.84000015258789,351033
2002-03-14,8.435877799987793,25.020000457763672,25.139999389648438,24.84000015258789,25.079999923706055,139650
2002-03-15,8.476338386535645,25.139999389648438,25.139999389648438,24.899999618530273,24.959999084472656,228133
2002-03-18,8.51679515838623,25.260000228881836,25.260000228881836,25.079999923706055,25.139999389648438,243033
2002-03-19,8.57748794555664,25.440000534057617,25.440000534057617,25.260000228881836,25.260000228881836,263350
2002-03-20,8.53702449798584,25.31999969482422,25.3799991607666,25.139999389648438,25.260000228881836,167033
2002-03-21,8.53702449798584,25.31999969482422,25.3799991607666,25.200000762939453,25.31999969482422,205217
2002-03-22,8.557249069213867,25.3799991607666,25.440000534057617,25.200000762939453,25.31999969482422,125317
2002-03-25,8.53702449798584,25.31999969482422,25.440000534057617,25.260000228881836,25.3799991607666,103833
2002-03-26,8.548840522766113,25.31999969482422,25.3799991607666,25.020000457763672,25.020000457763672,120767
2002-03-27,8.528581619262695,25.260000228881836,25.3799991607666,25.200000762939453,25.31999969482422,85367
2002-03-28,8.548840522766113,25.31999969482422,25.31999969482422,25.200000762939453,25.200000762939453,103967
2002-04-01,8.548840522766113,25.31999969482422,25.440000534057617,25.260000228881836,25.3799991607666,103817
2002-04-02,8.569093704223633,25.3799991607666,25.3799991607666,25.260000228881836,25.260000228881836,71083
2002-04-03,8.589362144470215,25.440000534057617,25.440000534057617,25.31999969482422,25.440000534057617,68850
2002-04-04,8.589362144470215,25.440000534057617,25.440000534057617,25.31999969482422,25.440000534057617,81417
2002-04-05,8.609611511230469,25.5,25.559999465942383,25.31999969482422,25.31999969482422,48667
2002-04-08,8.629868507385254,25.559999465942383,25.6200008392334,25.440000534057617,25.5,104400
2002-04-09,8.569093704223633,25.3799991607666,25.559999465942383,25.31999969482422,25.559999465942383,84933
2002-04-10,8.548840522766113,25.31999969482422,25.440000534057617,25.200000762939453,25.440000534057617,55917
2002-04-11,8.629868507385254,25.559999465942383,25.559999465942383,25.3799991607666,25.440000534057617,81833
2002-04-12,8.629868507385254,25.559999465942383,25.68000030517578,25.440000534057617,25.559999465942383,66167
2002-04-15,8.670390129089355,25.68000030517578,25.860000610351562,25.6200008392334,25.68000030517578,151633
2002-04-16,8.710908889770508,25.799999237060547,25.860000610351562,25.68000030517578,25.739999771118164,120967
2002-04-17,8.710908889770508,25.799999237060547,25.920000076293945,25.68000030517578,25.860000610351562,97350
2002-04-18,8.731162071228027,25.860000610351562,25.920000076293945,25.739999771118164,25.799999237060547,116067
2002-04-19,8.812200546264648,26.100000381469727,26.15999984741211,25.799999237060547,25.920000076293945,124600
2002-04-22,8.832459449768066,26.15999984741211,26.219999313354492,26.040000915527344,26.15999984741211,89300
2002-04-23,8.852713584899902,26.219999313354492,26.219999313354492,25.979999542236328,26.100000381469727,79017
2002-04-24,8.893232345581055,26.34000015258789,26.459999084472656,26.100000381469727,26.219999313354492,152483
2002-04-25,8.954008102416992,26.520000457763672,26.520000457763672,26.34000015258789,26.399999618530273,154783
2002-04-26,8.965836524963379,26.520000457763672,26.520000457763672,26.280000686645508,26.399999618530273,84700
2002-04-29,8.986117362976074,26.579999923706055,26.639999389648438,26.34000015258789,26.520000457763672,129333
2002-04-30,9.026698112487793,26.700000762939453,26.8799991607666,26.520000457763672,26.700000762939453,122633
2002-05-01,9.04697322845459,26.760000228881836,26.81999969482422,26.700000762939453,26.760000228881836,140700
2002-05-02,9.087544441223145,26.8799991607666,26.940000534057617,26.760000228881836,26.760000228881836,129517
2002-05-03,9.107829093933105,26.940000534057617,27.0,26.81999969482422,26.940000534057617,143117
2002-05-06,9.107829093933105,26.940000534057617,27.0,26.81999969482422,26.940000534057617,115383
2002-05-07,8.986117362976074,26.579999923706055,26.940000534057617,26.579999923706055,26.940000534057617,87567
2002-05-08,8.681848526000977,25.68000030517578,26.639999389648438,25.3799991607666,26.639999389648438,285917
2002-05-09,8.82384204864502,26.100000381469727,26.399999618530273,25.68000030517578,25.739999771118164,110550
2002-05-10,9.087544441223145,26.8799991607666,26.8799991607666,26.040000915527344,26.100000381469727,100383
2002-05-13,9.107829093933105,26.940000534057617,27.059999465942383,26.639999389648438,27.0,155317
2002-05-14,9.04697322845459,26.760000228881836,27.0,26.579999923706055,27.0,117450
2002-05-15,9.067256927490234,26.81999969482422,26.8799991607666,26.700000762939453,26.760000228881836,93500
2002-05-16,9.107829093933105,26.940000534057617,27.059999465942383,26.81999969482422,26.81999969482422,124567
2002-05-17,9.229533195495605,27.299999237060547,27.299999237060547,27.0,27.059999465942383,149217
2002-05-20,9.290393829345703,27.479999542236328,27.479999542236328,27.239999771118164,27.299999237060547,129750
2002-05-21,9.27010440826416,27.420000076293945,27.479999542236328,27.360000610351562,27.479999542236328,141517
2002-05-22,9.33096694946289,27.600000381469727,27.65999984741211,27.420000076293945,27.479999542236328,137217
2002-05-23,9.391812324523926,27.780000686645508,27.899999618530273,27.479999542236328,27.479999542236328,122617
2002-05-24,9.554097175598145,28.260000228881836,28.3799991607666,27.719999313354492,27.899999618530273,176083
2002-05-28,9.513518333435059,28.139999389648438,28.559999465942383,27.959999084472656,28.260000228881836,166400
2002-05-29,9.626922607421875,28.440000534057617,28.5,28.079999923706055,28.079999923706055,134667
2002-05-30,9.70815658569336,28.68000030517578,29.040000915527344,28.3799991607666,28.5,183100
2002-05-31,9.80970287322998,28.979999542236328,29.100000381469727,28.68000030517578,28.979999542236328,188767
2002-06-03,9.931573867797852,29.34000015258789,29.399999618530273,28.979999542236328,29.040000915527344,194867
2002-06-04,10.012810707092285,29.579999923706055,29.700000762939453,29.520000457763672,29.520000457763672,232300
2002-06-05,9.687844276428223,28.6200008392334,29.700000762939453,28.079999923706055,29.700000762939453,271633
2002-06-06,9.911260604858398,29.280000686645508,29.399999618530273,28.559999465942383,28.559999465942383,113700
2002-06-07,9.647229194641113,28.5,29.459999084472656,28.260000228881836,29.280000686645508,140717
2002-06-10,9.748778343200684,28.799999237060547,28.860000610351562,27.959999084472656,28.860000610351562,143067
2002-06-11,9.769081115722656,28.860000610351562,28.979999542236328,28.6200008392334,28.920000076293945,109700
2002-06-12,9.687844276428223,28.6200008392334,29.040000915527344,28.5,28.979999542236328,93667
2002-06-13,9.728474617004395,28.739999771118164,28.920000076293945,28.31999969482422,28.31999969482422,93850
2002-06-14,9.748778343200684,28.799999237060547,28.979999542236328,28.68000030517578,28.979999542236328,119867
2002-06-17,9.586299896240234,28.31999969482422,28.739999771118164,28.200000762939453,28.68000030517578,91850
2002-06-18,9.565987586975098,28.260000228881836,28.3799991607666,27.959999084472656,28.31999969482422,106183
2002-06-19,9.565987586975098,28.260000228881836,28.5,28.020000457763672,28.440000534057617,82500
2002-06-20,9.728474617004395,28.739999771118164,28.920000076293945,28.200000762939453,28.260000228881836,97017
2002-06-21,9.830016136169434,29.040000915527344,29.100000381469727,28.68000030517578,28.799999237060547,123817
2002-06-24,9.890954971313477,29.219999313354492,29.579999923706055,29.100000381469727,29.459999084472656,175433
2002-06-25,9.911260604858398,29.280000686645508,29.399999618530273,28.979999542236328,29.34000015258789,138633
2002-06-26,9.74011516571045,28.739999771118164,29.219999313354492,28.68000030517578,29.15999984741211,149517
2002-06-27,9.679106712341309,28.559999465942383,28.799999237060547,28.440000534057617,28.68000030517578,67467
2002-06-28,9.699445724487305,28.6200008392334,28.739999771118164,28.440000534057617,28.559999465942383,84850
2002-07-01,9.780779838562012,28.860000610351562,29.15999984741211,28.260000228881836,28.6200008392334,134433
2002-07-02,9.882454872131348,29.15999984741211,29.15999984741211,28.799999237060547,29.15999984741211,103167
2002-07-03,9.780779838562012,28.860000610351562,29.100000381469727,28.860000610351562,29.100000381469727,101600
2002-07-05,9.699445724487305,28.6200008392334,28.920000076293945,28.440000534057617,28.799999237060547,42317
2002-07-08,9.658774375915527,28.5,28.739999771118164,28.260000228881836,28.3799991607666,85667
2002-07-09,9.74011516571045,28.739999771118164,28.920000076293945,28.5,28.5,78883
2002-07-10,9.760441780090332,28.799999237060547,29.100000381469727,28.799999237060547,28.920000076293945,77733
2002-07-11,9.679106712341309,28.559999465942383,28.799999237060547,28.31999969482422,28.799999237060547,78500
2002-07-12,9.658774375915527,28.5,28.739999771118164,28.5,28.68000030517578,67150
2002-07-15,9.699445724487305,28.6200008392334,28.739999771118164,28.5,28.6200008392334,157267
2002-07-16,9.780779838562012,28.860000610351562,28.979999542236328,28.6200008392334,28.68000030517578,120100
2002-07-17,9.699445724487305,28.6200008392334,28.979999542236328,28.6200008392334,28.979999542236328,142867
2002-07-18,9.801122665405273,28.920000076293945,28.920000076293945,28.6200008392334,28.68000030517578,73800
2002-07-19,9.84178638458252,29.040000915527344,29.040000915527344,28.68000030517578,28.799999237060547,127850
2002-07-22,9.679106712341309,28.559999465942383,29.100000381469727,28.559999465942383,28.979999542236328,129450
2002-07-23,9.109750747680664,26.8799991607666,28.5,25.3799991607666,28.5,567900
2002-07-24,8.845406532287598,26.100000381469727,26.459999084472656,24.959999084472656,26.100000381469727,404817
2002-07-25,9.150420188903809,27.0,27.299999237060547,25.799999237060547,26.15999984741211,135267
2002-07-26,9.130080223083496,26.940000534057617,28.139999389648438,26.459999084472656,28.020000457763672,146300
2002-07-29,9.019795417785645,26.579999923706055,26.940000534057617,25.799999237060547,26.8799991607666,104067
2002-07-30,9.121600151062012,26.8799991607666,27.0,26.399999618530273,26.520000457763672,70567
2002-07-31,9.162322998046875,27.0,27.1200008392334,26.459999084472656,26.8799991607666,54083
2002-08-01,9.264128684997559,27.299999237060547,27.299999237060547,26.639999389648438,26.760000228881836,50067
2002-08-02,9.223408699035645,27.18000030517578,27.540000915527344,27.0,27.479999542236328,67383
2002-08-05,8.95871639251709,26.399999618530273,27.059999465942383,26.34000015258789,27.059999465942383,104150
2002-08-06,8.95871639251709,26.399999618530273,26.8799991607666,26.100000381469727,26.399999618530273,65050
2002-08-07,8.999444007873535,26.520000457763672,26.639999389648438,26.15999984741211,26.219999313354492,75617
2002-08-08,9.040160179138184,26.639999389648438,26.940000534057617,26.399999618530273,26.399999618530273,76517
2002-08-09,9.121600151062012,26.8799991607666,27.0,26.700000762939453,26.81999969482422,68233
2002-08-12,9.203045845031738,27.1200008392334,27.299999237060547,26.8799991607666,27.0,87000
2002-08-13,9.24376106262207,27.239999771118164,27.360000610351562,26.8799991607666,27.18000030517578,68017
2002-08-14,9.325213432312012,27.479999542236328,28.200000762939453,27.420000076293945,27.420000076293945,105583
2002-08-15,9.406652450561523,27.719999313354492,27.899999618530273,27.299999237060547,27.299999237060547,62883
2002-08-16,9.44737434387207,27.84000015258789,28.079999923706055,27.600000381469727,27.600000381469727,76317
2002-08-19,9.42701244354248,27.780000686645508,28.020000457763672,27.540000915527344,27.899999618530273,59200
2002-08-20,9.406652450561523,27.719999313354492,27.899999618530273,27.600000381469727,27.780000686645508,48200
2002-08-21,9.386289596557617,27.65999984741211,27.899999618530273,27.65999984741211,27.780000686645508,39250
2002-08-22,9.44737434387207,27.84000015258789,28.020000457763672,27.600000381469727,27.719999313354492,62850
2002-08-23,9.467729568481445,27.899999618530273,27.899999618530273,27.65999984741211,27.84000015258789,43583
2002-08-26,9.4880952835083,27.959999084472656,28.079999923706055,27.780000686645508,27.899999618530273,47667
2002-08-27,9.52882194519043,28.079999923706055,28.200000762939453,27.959999084472656,28.079999923706055,62917
2002-08-28,9.641639709472656,28.200000762939453,28.200000762939453,27.780000686645508,27.899999618530273,48500
2002-08-29,9.559582710266113,27.959999084472656,28.3799991607666,27.959999084472656,28.3799991607666,58317
2002-08-30,9.641639709472656,28.200000762939453,28.31999969482422,28.020000457763672,28.31999969482422,50817
2002-09-03,9.66215705871582,28.260000228881836,28.31999969482422,28.139999389648438,28.260000228881836,53333
2002-09-04,9.62113094329834,28.139999389648438,28.260000228881836,28.020000457763672,28.260000228881836,58583
2002-09-05,9.60062026977539,28.079999923706055,28.260000228881836,28.020000457763672,28.200000762939453,44217
2002-09-06,9.66215705871582,28.260000228881836,28.31999969482422,28.079999923706055,28.079999923706055,42717
2002-09-09,9.723701477050781,28.440000534057617,28.5,28.260000228881836,28.31999969482422,63800
2002-09-10,9.703192710876465,28.3799991607666,28.559999465942383,28.3799991607666,28.440000534057617,47833
2002-09-11,9.703192710876465,28.3799991607666,28.5,28.200000762939453,28.31999969482422,42767
2002-09-12,9.764730453491211,28.559999465942383,28.559999465942383,28.31999969482422,28.440000534057617,48983
2002-09-13,9.703192710876465,28.3799991607666,28.559999465942383,28.260000228881836,28.5,61917
2002-09-16,9.66215705871582,28.260000228881836,28.5,28.200000762939453,28.5,43300
2002-09-17,9.62113094329834,28.139999389648438,28.3799991607666,27.959999084472656,28.260000228881836,56317
2002-09-18,9.559582710266113,27.959999084472656,28.260000228881836,27.899999618530273,28.200000762939453,54150
2002-09-19,9.559582710266113,27.959999084472656,28.200000762939453,27.780000686645508,27.899999618530273,57867
2002-09-20,9.62113094329834,28.139999389648438,28.200000762939453,27.959999084472656,28.020000457763672,42333
2002-09-23,9.580103874206543,28.020000457763672,28.260000228881836,28.020000457763672,28.200000762939453,43867
2002-09-24,9.62113094329834,28.139999389648438,28.260000228881836,28.020000457763672,28.020000457763672,63367
2002-09-25,9.559582710266113,27.959999084472656,28.200000762939453,27.899999618530273,28.079999923706055,69183
2002-09-26,9.530495643615723,27.84000015258789,27.84000015258789,27.65999984741211,27.719999313354492,39700
2002-09-27,9.427783966064453,27.540000915527344,27.899999618530273,27.420000076293945,27.84000015258789,60167
2002-09-30,9.345632553100586,27.299999237060547,27.479999542236328,26.639999389648438,27.0,93167
2002-10-01,9.078614234924316,26.520000457763672,27.239999771118164,26.520000457763672,27.1200008392334,139233
2002-10-02,9.242931365966797,27.0,27.059999465942383,26.520000457763672,26.579999923706055,72617
2002-10-03,9.26347541809082,27.059999465942383,27.299999237060547,26.940000534057617,27.1200008392334,57583
2002-10-04,9.222383499145508,26.940000534057617,27.1200008392334,26.8799991607666,27.0,58433
2002-10-07,9.160774230957031,26.760000228881836,27.0,26.639999389648438,26.940000534057617,88117
2002-10-08,9.140235900878906,26.700000762939453,26.81999969482422,26.459999084472656,26.700000762939453,126600
2002-10-09,8.74997329711914,25.559999465942383,26.579999923706055,25.559999465942383,26.579999923706055,244083
2002-10-10,8.503499031066895,24.84000015258789,25.5,24.299999237060547,25.5,532333
2002-10-11,8.318639755249023,24.299999237060547,24.899999618530273,23.700000762939453,24.719999313354492,342050
2002-10-14,8.380258560180664,24.479999542236328,24.600000381469727,23.520000457763672,24.0,252333
2002-10-15,8.524039268493652,24.899999618530273,25.200000762939453,24.299999237060547,24.420000076293945,240267
2002-10-16,8.626740455627441,25.200000762939453,25.440000534057617,24.959999084472656,24.959999084472656,114067
2002-10-17,8.791057586669922,25.68000030517578,25.979999542236328,25.5,25.799999237060547,115433
2002-10-18,8.708893775939941,25.440000534057617,25.799999237060547,25.440000534057617,25.68000030517578,56650
2002-10-21,8.544577598571777,24.959999084472656,25.3799991607666,24.780000686645508,25.31999969482422,106317
2002-10-22,8.565123558044434,25.020000457763672,25.200000762939453,24.719999313354492,24.899999618530273,72917
2002-10-23,8.606197357177734,25.139999389648438,25.260000228881836,24.959999084472656,25.200000762939453,69350
2002-10-24,8.667808532714844,25.31999969482422,25.559999465942383,25.079999923706055,25.559999465942383,44850
2002-10-25,8.688358306884766,25.3799991607666,25.5,25.260000228881836,25.3799991607666,50083
2002-10-28,8.791057586669922,25.68000030517578,25.68000030517578,25.3799991607666,25.3799991607666,69883
2002-10-29,8.759998321533203,25.3799991607666,25.6200008392334,25.31999969482422,25.5,42283
2002-10-30,8.759998321533203,25.3799991607666,25.68000030517578,25.200000762939453,25.31999969482422,52833
2002-10-31,8.801407814025879,25.5,25.68000030517578,25.31999969482422,25.440000534057617,34683
2002-11-01,8.780699729919434,25.440000534057617,25.6200008392334,25.139999389648438,25.260000228881836,92100
2002-11-04,8.884244918823242,25.739999771118164,25.860000610351562,25.31999969482422,25.440000534057617,80417
2002-11-05,8.884244918823242,25.739999771118164,25.920000076293945,25.6200008392334,25.860000610351562,51933
2002-11-06,8.904959678649902,25.799999237060547,25.799999237060547,25.5,25.68000030517578,50033
2002-11-07,8.94637393951416,25.920000076293945,25.920000076293945,25.6200008392334,25.799999237060547,69617
2002-11-08,8.987796783447266,26.040000915527344,26.15999984741211,25.920000076293945,25.979999542236328,58317
2002-11-11,9.153467178344727,26.520000457763672,26.520000457763672,25.920000076293945,26.040000915527344,81983
2002-11-12,8.94637393951416,25.920000076293945,26.579999923706055,25.799999237060547,26.459999084472656,110683
2002-11-13,8.801407814025879,25.5,25.920000076293945,25.5,25.920000076293945,80967
2002-11-14,8.925662994384766,25.860000610351562,25.920000076293945,25.559999465942383,25.6200008392334,55033
2002-11-15,8.904959678649902,25.799999237060547,26.040000915527344,25.5,25.860000610351562,73667
2002-11-18,8.904959678649902,25.799999237060547,25.920000076293945,25.559999465942383,25.68000030517578,77083
2002-11-19,8.925662994384766,25.860000610351562,25.979999542236328,25.739999771118164,25.799999237060547,58100
2002-11-20,9.132759094238281,26.459999084472656,26.760000228881836,26.34000015258789,26.399999618530273,168650
2002-11-21,9.11204719543457,26.399999618530273,26.579999923706055,26.219999313354492,26.399999618530273,79417
2002-11-22,9.153467178344727,26.520000457763672,26.700000762939453,26.219999313354492,26.399999618530273,115700
2002-11-25,9.11204719543457,26.399999618530273,26.639999389648438,26.34000015258789,26.520000457763672,79817
2002-11-26,9.061931610107422,26.219999313354492,26.34000015258789,26.040000915527344,26.219999313354492,59667
2002-11-27,9.061931610107422,26.219999313354492,26.399999618530273,26.040000915527344,26.280000686645508,53333
2002-11-29,8.978988647460938,25.979999542236328,26.15999984741211,25.920000076293945,26.100000381469727,24550
2002-12-02,8.978988647460938,25.979999542236328,26.15999984741211,25.68000030517578,25.739999771118164,84983
2002-12-03,9.020452499389648,26.100000381469727,26.219999313354492,25.799999237060547,25.920000076293945,47417
2002-12-04,9.020452499389648,26.100000381469727,26.219999313354492,26.040000915527344,26.15999984741211,35983
2002-12-05,9.041193962097168,26.15999984741211,26.219999313354492,25.979999542236328,26.100000381469727,80300
2002-12-06,9.041193962097168,26.15999984741211,26.280000686645508,26.100000381469727,26.15999984741211,56383
2002-12-09,8.999727249145508,26.040000915527344,26.280000686645508,25.979999542236328,26.219999313354492,89733
2002-12-10,8.978988647460938,25.979999542236328,26.15999984741211,25.979999542236328,25.979999542236328,45667
2002-12-11,9.041193962097168,26.15999984741211,26.280000686645508,26.040000915527344,26.040000915527344,71017
2002-12-12,9.061931610107422,26.219999313354492,26.219999313354492,26.100000381469727,26.15999984741211,116317
2002-12-13,9.124143600463867,26.399999618530273,26.520000457763672,26.15999984741211,26.15999984741211,78650
2002-12-16,9.165618896484375,26.520000457763672,26.579999923706055,26.399999618530273,26.459999084472656,67217
2002-12-17,9.22783374786377,26.700000762939453,26.700000762939453,26.520000457763672,26.520000457763672,66200
2002-12-18,9.186351776123047,26.579999923706055,26.700000762939453,26.399999618530273,26.639999389648438,109017
2002-12-19,9.22783374786377,26.700000762939453,26.700000762939453,26.579999923706055,26.639999389648438,79250
2002-12-20,9.248567581176758,26.760000228881836,26.8799991607666,26.579999923706055,26.700000762939453,64800
2002-12-23,9.476673126220703,27.420000076293945,27.479999542236328,26.940000534057617,27.0,195200
2002-12-24,9.7047700881958,28.079999923706055,28.139999389648438,27.420000076293945,27.540000915527344,79067
2002-12-26,9.746240615844727,28.200000762939453,28.200000762939453,27.600000381469727,28.139999389648438,124883
2002-12-27,9.902932167053223,28.440000534057617,28.440000534057617,27.780000686645508,28.200000762939453,136500
2002-12-30,9.756689071655273,28.020000457763672,28.5,27.780000686645508,28.31999969482422,127417
2002-12-31,9.673126220703125,27.780000686645508,28.079999923706055,27.299999237060547,27.899999618530273,128367
2003-01-02,9.54776668548584,27.420000076293945,27.84000015258789,27.239999771118164,27.780000686645508,79550
2003-01-03,9.610444068908691,27.600000381469727,27.84000015258789,27.420000076293945,27.540000915527344,105233
2003-01-06,9.819365501403809,28.200000762939453,28.31999969482422,27.719999313354492,27.719999313354492,126850
2003-01-07,9.882046699523926,28.3799991607666,28.5,28.200000762939453,28.200000762939453,98550
2003-01-08,9.923830032348633,28.5,28.68000030517578,28.3799991607666,28.3799991607666,146200
2003-01-09,9.882046699523926,28.3799991607666,28.559999465942383,28.260000228881836,28.5,101100
2003-01-10,10.007397651672363,28.739999771118164,28.739999771118164,28.440000534057617,28.5,75417
2003-01-13,10.028288841247559,28.799999237060547,28.979999542236328,28.6200008392334,28.739999771118164,171750
2003-01-14,10.070076942443848,28.920000076293945,29.040000915527344,28.799999237060547,28.920000076293945,108033
2003-01-15,10.132755279541016,29.100000381469727,29.15999984741211,28.979999542236328,28.979999542236328,129850
2003-01-16,10.216325759887695,29.34000015258789,29.399999618530273,29.15999984741211,29.15999984741211,130033
2003-01-17,10.341670989990234,29.700000762939453,29.700000762939453,29.459999084472656,29.579999923706055,143150
2003-01-21,10.258106231689453,29.459999084472656,29.700000762939453,29.280000686645508,29.639999389648438,141183
2003-01-22,10.049180030822754,28.860000610351562,29.81999969482422,28.739999771118164,29.700000762939453,230800
2003-01-23,10.279003143310547,29.520000457763672,29.520000457763672,28.860000610351562,29.040000915527344,131483
2003-01-24,10.320778846740723,29.639999389648438,29.700000762939453,29.459999084472656,29.579999923706055,146100
2003-01-27,10.446138381958008,30.0,30.0,29.639999389648438,29.700000762939453,241633
2003-01-28,10.341670989990234,29.700000762939453,30.0,29.459999084472656,30.0,166767
2003-01-29,10.2702054977417,29.459999084472656,29.639999389648438,29.34000015258789,29.459999084472656,134933
2003-01-30,10.332953453063965,29.639999389648438,29.639999389648438,29.15999984741211,29.459999084472656,130517
2003-01-31,10.37479305267334,29.760000228881836,29.8799991607666,29.639999389648438,29.700000762939453,135950
2003-02-03,10.312043190002441,29.579999923706055,29.81999969482422,29.579999923706055,29.81999969482422,102783
2003-02-04,10.37479305267334,29.760000228881836,29.81999969482422,29.520000457763672,29.760000228881836,91050
2003-02-05,10.332953453063965,29.639999389648438,29.8799991607666,29.520000457763672,29.81999969482422,100483
2003-02-06,10.291131019592285,29.520000457763672,29.81999969482422,29.399999618530273,29.81999969482422,105900
2003-02-07,10.353874206542969,29.700000762939453,29.700000762939453,29.459999084472656,29.579999923706055,86483
2003-02-10,10.416631698608398,29.8799991607666,29.940000534057617,29.760000228881836,29.81999969482422,124950
2003-02-11,10.416631698608398,29.8799991607666,30.0,29.760000228881836,29.940000534057617,118383
2003-02-12,10.291131019592285,29.520000457763672,29.940000534057617,29.459999084472656,29.81999969482422,117067
2003-02-13,10.186541557312012,29.219999313354492,29.579999923706055,29.219999313354492,29.520000457763672,161933
2003-02-14,10.186541557312012,29.219999313354492,29.399999618530273,29.040000915527344,29.219999313354492,84850
2003-02-18,10.249290466308594,29.399999618530273,29.520000457763672,29.280000686645508,29.34000015258789,168200
2003-02-19,10.207460403442383,29.280000686645508,29.399999618530273,29.219999313354492,29.399999618530273,127533
2003-02-20,10.207460403442383,29.280000686645508,29.459999084472656,29.280000686645508,29.34000015258789,109067
2003-02-21,10.249290466308594,29.399999618530273,29.459999084472656,29.280000686645508,29.280000686645508,93283
2003-02-24,10.2702054977417,29.459999084472656,29.520000457763672,29.34000015258789,29.459999084472656,197550
2003-02-25,10.2702054977417,29.459999084472656,29.700000762939453,29.399999618530273,29.459999084472656,213000
2003-02-26,10.280741691589355,29.280000686645508,29.459999084472656,29.15999984741211,29.399999618530273,140233
2003-02-27,10.238605499267578,29.15999984741211,29.280000686645508,29.100000381469727,29.280000686645508,87183
2003-02-28,10.365012168884277,29.520000457763672,29.520000457763672,29.040000915527344,29.100000381469727,87850
2003-03-03,10.533548355102539,30.0,30.0,29.579999923706055,29.639999389648438,121833
2003-03-04,10.638880729675293,30.299999237060547,30.299999237060547,29.8799991607666,30.0,126100
2003-03-05,10.617817878723145,30.239999771118164,30.540000915527344,30.1200008392334,30.360000610351562,149950
2003-03-06,10.59674072265625,30.18000030517578,30.360000610351562,30.059999465942383,30.239999771118164,105850
2003-03-07,10.638880729675293,30.299999237060547,30.360000610351562,30.1200008392334,30.1200008392334,67383
2003-03-10,10.638880729675293,30.299999237060547,30.479999542236328,30.239999771118164,30.299999237060547,96233
2003-03-11,10.638880729675293,30.299999237060547,30.360000610351562,30.059999465942383,30.299999237060547,79333
2003-03-12,10.512490272521973,29.940000534057617,30.18000030517578,29.81999969482422,30.1200008392334,128067
2003-03-13,10.280741691589355,29.280000686645508,29.8799991607666,29.219999313354492,29.700000762939453,140317
2003-03-14,10.47035026550293,29.81999969482422,29.81999969482422,29.219999313354492,29.280000686645508,93300
2003-03-17,10.428213119506836,29.700000762939453,29.940000534057617,29.280000686645508,29.8799991607666,140383
2003-03-18,10.3228759765625,29.399999618530273,29.700000762939453,29.280000686645508,29.639999389648438,117117
2003-03-19,10.07007122039795,28.68000030517578,29.34000015258789,28.5,29.280000686645508,236183
2003-03-20,10.112200736999512,28.799999237060547,28.920000076293945,28.31999969482422,28.3799991607666,163017
2003-03-21,10.07007122039795,28.68000030517578,28.739999771118164,28.5,28.739999771118164,85150
2003-03-24,10.091139793395996,28.739999771118164,29.219999313354492,28.5,28.739999771118164,134350
2003-03-25,10.196479797363281,29.040000915527344,29.280000686645508,28.799999237060547,28.979999542236328,112817
2003-03-26,10.30180549621582,29.34000015258789,29.459999084472656,29.219999313354492,29.280000686645508,92017
2003-03-27,10.335201263427734,29.399999618530273,29.639999389648438,29.15999984741211,29.15999984741211,91900
2003-03-28,10.35629653930664,29.459999084472656,29.700000762939453,29.399999618530273,29.399999618530273,86517
2003-03-31,10.39848804473877,29.579999923706055,29.81999969482422,29.579999923706055,29.639999389648438,99033
2003-04-01,10.377382278442383,29.520000457763672,29.81999969482422,29.459999084472656,29.700000762939453,115617
2003-04-02,10.271928787231445,29.219999313354492,29.520000457763672,28.920000076293945,29.459999084472656,147567
2003-04-03,10.124283790588379,28.799999237060547,29.219999313354492,28.68000030517578,29.100000381469727,137100
2003-04-04,10.208656311035156,29.040000915527344,29.100000381469727,28.68000030517578,28.68000030517578,88233
2003-04-07,10.208656311035156,29.040000915527344,29.219999313354492,28.799999237060547,29.219999313354492,82767
2003-04-08,10.229743957519531,29.100000381469727,29.34000015258789,28.979999542236328,29.100000381469727,66967
2003-04-09,10.271928787231445,29.219999313354492,29.399999618530273,28.860000610351562,29.219999313354492,111167
2003-04-10,10.35629653930664,29.459999084472656,29.579999923706055,29.280000686645508,29.399999618530273,71233
2003-04-11,10.39848804473877,29.579999923706055,29.639999389648438,29.15999984741211,29.459999084472656,82717
2003-04-14,10.440668106079102,29.700000762939453,29.81999969482422,29.579999923706055,29.639999389648438,144000
2003-04-15,10.482854843139648,29.81999969482422,29.940000534057617,29.520000457763672,29.81999969482422,138617
2003-04-16,10.525039672851562,29.940000534057617,29.940000534057617,29.639999389648438,29.81999969482422,96733
2003-04-17,10.546130180358887,30.0,30.1200008392334,29.8799991607666,29.940000534057617,139983
2003-04-21,10.630495071411133,30.239999771118164,30.299999237060547,30.0,30.239999771118164,139717
2003-04-22,10.693779945373535,30.420000076293945,30.540000915527344,30.239999771118164,30.239999771118164,147333
2003-04-23,10.714865684509277,30.479999542236328,30.600000381469727,30.420000076293945,30.479999542236328,133517
2003-04-24,10.820331573486328,30.780000686645508,30.780000686645508,30.420000076293945,30.600000381469727,90833
2003-04-25,10.820331573486328,30.780000686645508,30.84000015258789,30.540000915527344,30.719999313354492,110650
2003-04-28,10.788474082946777,30.479999542236328,30.780000686645508,30.239999771118164,30.780000686645508,112583
2003-04-29,10.745994567871094,30.360000610351562,30.420000076293945,30.1200008392334,30.360000610351562,95117
2003-04-30,10.915894508361816,30.84000015258789,30.899999618530273,30.239999771118164,30.420000076293945,110200
2003-05-01,10.95837688446045,30.959999084472656,31.200000762939453,30.780000686645508,30.899999618530273,136450
2003-05-02,10.95837688446045,30.959999084472656,31.079999923706055,30.84000015258789,31.020000457763672,97500
2003-05-05,11.043312072753906,31.200000762939453,31.31999969482422,30.959999084472656,31.020000457763672,131017
2003-05-06,11.191976547241211,31.6200008392334,31.6200008392334,31.200000762939453,31.440000534057617,162817
2003-05-07,11.213212013244629,31.68000030517578,31.920000076293945,31.3799991607666,31.860000610351562,150633
2003-05-08,11.319405555725098,31.979999542236328,32.099998474121094,31.6200008392334,31.799999237060547,127850
2003-05-09,11.3406343460083,32.040000915527344,32.099998474121094,31.799999237060547,31.979999542236328,106100
2003-05-12,11.531768798828125,32.58000183105469,32.58000183105469,31.979999542236328,31.979999542236328,170633
2003-05-13,11.425582885742188,32.279998779296875,32.58000183105469,32.279998779296875,32.58000183105469,121600
2003-05-14,11.595479011535645,32.7599983215332,32.7599983215332,32.34000015258789,32.400001525878906,148983
2003-05-15,11.553001403808594,32.63999938964844,32.7599983215332,32.400001525878906,32.70000076293945,134383
2003-05-16,11.680424690246582,33.0,33.0,32.63999938964844,32.63999938964844,110933
2003-05-19,11.935282707214355,33.720001220703125,33.779998779296875,33.18000030517578,33.18000030517578,179650
2003-05-20,12.126416206359863,34.2599983215332,34.380001068115234,33.47999954223633,33.779998779296875,167767
2003-05-21,12.105175018310547,34.20000076293945,34.7400016784668,33.599998474121094,34.439998626708984,204333
2003-05-22,12.126416206359863,34.2599983215332,34.5,34.13999938964844,34.439998626708984,114383
2003-05-23,12.083932876586914,34.13999938964844,34.68000030517578,33.720001220703125,34.439998626708984,141217
2003-05-27,12.14764404296875,34.31999969482422,34.7400016784668,34.20000076293945,34.380001068115234,167517
2003-05-28,11.96601390838623,33.599998474121094,34.31999969482422,33.599998474121094,34.2599983215332,181983
2003-05-29,11.560032844543457,32.459999084472656,32.7599983215332,30.65999984741211,32.400001525878906,600233
2003-05-30,11.581388473510742,32.52000045776367,32.52000045776367,32.15999984741211,32.34000015258789,140550
2003-06-02,11.474562644958496,32.220001220703125,32.459999084472656,31.559999465942383,32.400001525878906,238633
2003-06-03,11.43182373046875,32.099998474121094,32.15999984741211,31.739999771118164,31.860000610351562,227250
2003-06-04,11.666868209838867,32.7599983215332,32.880001068115234,31.979999542236328,32.099998474121094,166267
2003-06-05,11.923287391662598,33.47999954223633,33.47999954223633,33.0,33.0,120517
2003-06-06,11.880553245544434,33.36000061035156,33.41999816894531,32.939998626708984,33.36000061035156,101400
2003-06-09,11.901914596557617,33.41999816894531,33.599998474121094,33.2400016784668,33.29999923706055,94917
2003-06-10,11.944652557373047,33.540000915527344,33.599998474121094,33.2400016784668,33.540000915527344,87517
2003-06-11,12.115601539611816,34.02000045776367,34.08000183105469,33.540000915527344,33.599998474121094,96100
2003-06-12,12.26517391204834,34.439998626708984,34.439998626708984,34.02000045776367,34.13999938964844,105600
2003-06-13,12.158333778381348,34.13999938964844,34.439998626708984,34.13999938964844,34.439998626708984,82617
2003-06-16,12.24380111694336,34.380001068115234,34.5,34.20000076293945,34.380001068115234,111267
2003-06-17,12.222430229187012,34.31999969482422,34.5,33.900001525878906,34.5,112183
2003-06-18,11.98738956451416,33.65999984741211,34.31999969482422,33.29999923706055,34.08000183105469,142033
2003-06-19,11.923287391662598,33.47999954223633,33.779998779296875,33.2400016784668,33.720001220703125,115650
2003-06-20,11.901914596557617,33.41999816894531,33.900001525878906,33.2400016784668,33.47999954223633,98133
2003-06-23,11.901914596557617,33.41999816894531,33.540000915527344,32.939998626708984,33.36000061035156,133467
2003-06-24,11.96601390838623,33.599998474121094,33.779998779296875,33.47999954223633,33.540000915527344,111450
2003-06-25,12.179702758789062,34.20000076293945,34.2599983215332,33.720001220703125,33.779998779296875,129567
2003-06-26,12.061453819274902,33.65999984741211,34.13999938964844,33.599998474121094,34.13999938964844,110683
2003-06-27,12.039958000183105,33.599998474121094,33.84000015258789,33.2400016784668,33.29999923706055,85133
2003-06-30,12.018452644348145,33.540000915527344,34.13999938964844,33.060001373291016,34.13999938964844,148617
2003-07-01,12.168946266174316,33.959999084472656,34.08000183105469,33.599998474121094,33.599998474121094,90417
2003-07-02,12.211950302124023,34.08000183105469,34.20000076293945,33.959999084472656,34.13999938964844,95067
2003-07-03,12.254948616027832,34.20000076293945,34.20000076293945,33.959999084472656,34.13999938964844,56133
2003-07-07,12.168946266174316,33.959999084472656,34.439998626708984,33.779998779296875,34.31999969482422,127733
2003-07-08,11.953951835632324,33.36000061035156,33.84000015258789,33.2400016784668,33.599998474121094,195033
2003-07-09,11.88945198059082,33.18000030517578,33.36000061035156,33.060001373291016,33.119998931884766,122067
2003-07-10,11.781950950622559,32.880001068115234,33.0,32.58000183105469,33.0,146550
2003-07-11,11.760457038879395,32.81999969482422,32.939998626708984,32.58000183105469,32.7599983215332,75350
2003-07-14,12.018452644348145,33.540000915527344,33.720001220703125,32.58000183105469,32.70000076293945,121200
2003-07-15,11.717448234558105,32.70000076293945,33.599998474121094,32.63999938964844,33.599998474121094,109133
2003-07-16,11.480953216552734,32.040000915527344,32.52000045776367,31.5,32.279998779296875,298617
2003-07-17,11.287453651428223,31.5,31.920000076293945,31.020000457763672,31.920000076293945,316133
2003-07-18,11.3949556350708,31.799999237060547,31.799999237060547,29.639999389648438,29.700000762939453,280717
2003-07-21,11.523953437805176,32.15999984741211,32.58000183105469,31.799999237060547,32.040000915527344,128067
2003-07-22,11.45944881439209,31.979999542236328,32.279998779296875,31.860000610351562,32.099998474121094,86667
2003-07-23,11.50245475769043,32.099998474121094,32.52000045776367,31.979999542236328,32.220001220703125,137650
2003-07-24,11.803454399108887,32.939998626708984,33.0,32.099998474121094,32.15999984741211,129567
2003-07-25,11.97545051574707,33.41999816894531,33.41999816894531,33.060001373291016,33.119998931884766,133517
2003-07-28,11.97545051574707,33.41999816894531,33.540000915527344,33.119998931884766,33.540000915527344,116067
2003-07-29,11.834822654724121,32.81999969482422,33.540000915527344,32.63999938964844,33.540000915527344,128467
2003-07-30,11.61845588684082,32.220001220703125,32.52000045776367,31.860000610351562,32.220001220703125,123883
2003-07-31,11.337186813354492,31.440000534057617,32.099998474121094,31.3799991607666,32.040000915527344,224167
2003-08-01,11.164108276367188,30.959999084472656,31.31999969482422,30.65999984741211,31.200000762939453,215550
2003-08-04,11.250653266906738,31.200000762939453,31.5,30.84000015258789,30.899999618530273,108150
2003-08-05,11.4453763961792,31.739999771118164,31.979999542236328,31.139999389648438,31.139999389648438,154417
2003-08-06,11.61845588684082,32.220001220703125,32.34000015258789,31.799999237060547,31.799999237060547,117567
2003-08-07,11.64009952545166,32.279998779296875,32.400001525878906,32.099998474121094,32.279998779296875,59417
2003-08-08,11.64009952545166,32.279998779296875,32.459999084472656,32.220001220703125,32.34000015258789,61417
2003-08-11,11.705004692077637,32.459999084472656,32.52000045776367,32.34000015258789,32.400001525878906,70450
2003-08-12,11.72663688659668,32.52000045776367,32.70000076293945,32.34000015258789,32.400001525878906,86833
2003-08-13,11.596823692321777,32.15999984741211,32.58000183105469,31.979999542236328,32.52000045776367,95467
2003-08-14,11.51028060913086,31.920000076293945,32.220001220703125,31.739999771118164,31.979999542236328,70017
2003-08-15,11.55355167388916,32.040000915527344,32.15999984741211,31.6200008392334,31.6200008392334,28550
2003-08-18,11.596823692321777,32.15999984741211,32.220001220703125,31.860000610351562,32.220001220703125,106933
2003-08-19,11.337186813354492,31.440000534057617,32.099998474121094,31.260000228881836,32.099998474121094,154983
2003-08-20,11.51028060913086,31.920000076293945,32.040000915527344,31.3799991607666,31.440000534057617,135283
2003-08-21,11.48865032196045,31.860000610351562,32.099998474121094,31.559999465942383,31.860000610351562,125933
2003-08-22,11.64009952545166,32.279998779296875,32.400001525878906,31.6200008392334,31.739999771118164,82450
2003-08-25,11.48865032196045,31.860000610351562,32.34000015258789,31.739999771118164,32.34000015258789,77600
2003-08-26,11.55355167388916,32.040000915527344,32.040000915527344,31.68000030517578,31.799999237060547,64417
2003-08-27,11.520877838134766,31.739999771118164,31.920000076293945,31.5,31.739999771118164,87383
2003-08-28,11.5426664352417,31.799999237060547,31.979999542236328,31.6200008392334,31.799999237060547,65717
2003-08-29,11.499104499816895,31.68000030517578,32.040000915527344,31.5,31.979999542236328,96333
2003-09-02,11.411989212036133,31.440000534057617,31.68000030517578,31.3799991607666,31.559999465942383,88900
2003-09-03,11.520877838134766,31.739999771118164,31.739999771118164,31.260000228881836,31.440000534057617,95033
2003-09-04,11.564434051513672,31.860000610351562,32.040000915527344,31.6200008392334,31.739999771118164,66083
2003-09-05,11.825787544250488,32.58000183105469,32.58000183105469,31.920000076293945,31.979999542236328,104800
2003-09-08,11.825787544250488,32.58000183105469,32.81999969482422,32.400001525878906,32.63999938964844,95150
2003-09-09,11.956456184387207,32.939998626708984,32.939998626708984,32.63999938964844,32.880001068115234,91767
2003-09-10,11.891119956970215,32.7599983215332,33.0,32.58000183105469,33.0,79950
2003-09-11,11.891119956970215,32.7599983215332,32.880001068115234,32.58000183105469,32.7599983215332,59900
2003-09-12,11.891119956970215,32.7599983215332,32.939998626708984,32.7599983215332,32.880001068115234,66300
2003-09-15,12.087130546569824,33.29999923706055,33.47999954223633,32.880001068115234,32.880001068115234,172533
2003-09-16,12.130681037902832,33.41999816894531,33.47999954223633,33.060001373291016,33.2400016784668,99350
2003-09-17,12.152469635009766,33.47999954223633,33.540000915527344,33.29999923706055,33.47999954223633,64267
2003-09-18,12.130681037902832,33.41999816894531,33.599998474121094,33.29999923706055,33.599998474121094,73633
2003-09-19,12.196022987365723,33.599998474121094,33.65999984741211,33.41999816894531,33.47999954223633,91183
2003-09-22,12.413806915283203,34.20000076293945,34.20000076293945,33.599998474121094,33.599998474121094,150300
2003-09-23,12.500920295715332,34.439998626708984,34.439998626708984,34.02000045776367,34.20000076293945,155717
2003-09-24,12.500920295715332,34.439998626708984,34.5,34.2599983215332,34.439998626708984,125833
2003-09-25,12.522686958312988,34.5,34.560001373291016,34.380001068115234,34.380001068115234,113150
2003-09-26,12.555570602416992,34.380001068115234,34.68000030517578,34.20000076293945,34.619998931884766,89117
2003-09-29,12.577482223510742,34.439998626708984,34.439998626708984,33.060001373291016,34.380001068115234,162133
2003-09-30,12.489834785461426,34.20000076293945,34.439998626708984,33.959999084472656,34.20000076293945,78717
2003-10-01,12.511743545532227,34.2599983215332,34.2599983215332,33.84000015258789,34.02000045776367,81567
2003-10-02,12.59938907623291,34.5,34.5,34.13999938964844,34.13999938964844,98367
2003-10-03,12.489834785461426,34.20000076293945,34.560001373291016,34.02000045776367,34.560001373291016,85567
2003-10-06,12.40218448638916,33.959999084472656,34.13999938964844,33.779998779296875,34.13999938964844,83500
2003-10-07,12.467923164367676,34.13999938964844,34.439998626708984,33.720001220703125,34.20000076293945,119300
2003-10-08,12.533659934997559,34.31999969482422,34.560001373291016,34.13999938964844,34.20000076293945,89267
2003-10-09,12.577482223510742,34.439998626708984,34.5,34.2599983215332,34.31999969482422,64250
2003-10-10,12.643205642700195,34.619998931884766,34.7400016784668,34.5,34.5,84200
2003-10-13,12.774687767028809,34.97999954223633,34.97999954223633,34.560001373291016,34.68000030517578,114917
2003-10-14,12.796599388122559,35.040000915527344,35.099998474121094,34.79999923706055,34.97999954223633,117300
2003-10-15,12.730856895446777,34.86000061035156,35.220001220703125,34.79999923706055,35.040000915527344,103167
2003-10-16,12.774687767028809,34.97999954223633,35.15999984741211,34.91999816894531,35.099998474121094,93350
2003-10-17,12.796599388122559,35.040000915527344,35.099998474121094,34.97999954223633,34.97999954223633,95683
2003-10-20,12.730856895446777,34.86000061035156,35.099998474121094,34.7400016784668,34.7400016784668,101250
2003-10-21,12.796599388122559,35.040000915527344,35.099998474121094,34.7400016784668,34.97999954223633,120833
2003-10-22,12.993812561035156,35.58000183105469,35.63999938964844,35.040000915527344,35.15999984741211,140017
2003-10-23,13.059538841247559,35.7599983215332,35.81999969482422,35.400001525878906,35.52000045776367,97617
2003-10-24,13.125277519226074,35.939998626708984,36.0,35.70000076293945,35.939998626708984,168233
2003-10-27,13.147197723388672,36.0,36.2400016784668,35.81999969482422,36.060001373291016,189733
2003-10-28,13.125277519226074,35.939998626708984,36.18000030517578,35.880001068115234,36.0,173767
2003-10-29,13.225802421569824,36.18000030517578,36.18000030517578,35.880001068115234,36.060001373291016,155967
2003-10-30,13.181941032409668,36.060001373291016,36.29999923706055,36.0,36.18000030517578,130717
2003-10-31,13.225802421569824,36.18000030517578,36.18000030517578,36.0,36.060001373291016,105033
2003-11-03,13.006478309631348,35.58000183105469,36.2400016784668,35.099998474121094,36.18000030517578,191967
2003-11-04,12.91873836517334,35.34000015258789,35.7599983215332,35.15999984741211,35.7599983215332,112417
2003-11-05,13.006478309631348,35.58000183105469,35.70000076293945,35.040000915527344,35.15999984741211,120567
2003-11-06,13.116133689880371,35.880001068115234,35.939998626708984,35.52000045776367,35.63999938964844,78133
2003-11-07,13.160014152526855,36.0,36.18000030517578,35.880001068115234,35.939998626708984,87550
2003-11-10,13.181941032409668,36.060001373291016,36.18000030517578,35.939998626708984,36.119998931884766,114283
2003-11-11,13.203866958618164,36.119998931884766,36.18000030517578,35.939998626708984,36.060001373291016,81800
2003-11-12,13.203866958618164,36.119998931884766,36.18000030517578,36.0,36.060001373291016,71467
2003-11-13,13.225802421569824,36.18000030517578,36.29999923706055,36.119998931884766,36.2400016784668,85500
2003-11-14,13.423200607299805,36.720001220703125,36.720001220703125,36.18000030517578,36.2400016784668,117950
2003-11-17,13.423200607299805,36.720001220703125,36.779998779296875,36.29999923706055,36.720001220703125,136350
2003-11-18,13.423200607299805,36.720001220703125,37.02000045776367,36.720001220703125,36.84000015258789,120417
2003-11-19,13.445136070251465,36.779998779296875,36.84000015258789,36.47999954223633,36.779998779296875,121200
2003-11-20,13.576737403869629,37.13999938964844,37.13999938964844,36.779998779296875,36.84000015258789,106850
2003-11-21,13.554811477661133,37.08000183105469,37.20000076293945,36.84000015258789,37.20000076293945,119900
2003-11-24,13.642547607421875,37.31999969482422,37.5,37.13999938964844,37.20000076293945,240150
2003-11-25,13.741802215576172,37.380001068115234,38.099998474121094,37.31999969482422,37.439998626708984,132250
2003-11-26,13.653562545776367,37.13999938964844,37.439998626708984,37.08000183105469,37.20000076293945,115833
2003-11-28,13.807978630065918,37.560001373291016,37.619998931884766,37.380001068115234,37.380001068115234,75317
2003-12-01,13.67562198638916,37.20000076293945,37.619998931884766,37.08000183105469,37.560001373291016,177483
2003-12-02,13.67562198638916,37.20000076293945,37.439998626708984,37.08000183105469,37.380001068115234,124767
2003-12-03,13.741802215576172,37.380001068115234,37.619998931884766,37.20000076293945,37.2599983215332,100100
2003-12-04,13.63151741027832,37.08000183105469,37.5,36.959999084472656,37.5,106650
2003-12-05,13.697687149047852,37.2599983215332,37.380001068115234,36.779998779296875,36.900001525878906,82217
2003-12-08,13.785913467407227,37.5,37.68000030517578,37.2599983215332,37.380001068115234,124200
2003-12-09,13.852082252502441,37.68000030517578,37.68000030517578,37.439998626708984,37.5,83300
2003-12-10,13.918252944946289,37.86000061035156,37.91999816894531,37.619998931884766,37.68000030517578,110250
2003-12-11,14.205010414123535,38.63999938964844,38.70000076293945,37.5,37.86000061035156,136217
2003-12-12,14.425579071044922,39.2400016784668,39.540000915527344,38.70000076293945,38.880001068115234,200650
2003-12-15,14.205010414123535,38.63999938964844,39.0,38.58000183105469,39.0,160650
2003-12-16,14.315296173095703,38.939998626708984,39.0,38.52000045776367,38.63999938964844,104683
2003-12-17,14.359404563903809,39.060001373291016,39.18000030517578,38.939998626708984,38.939998626708984,146483
2003-12-18,14.337345123291016,39.0,39.18000030517578,39.0,39.119998931884766,101967
2003-12-19,14.271171569824219,38.81999969482422,39.0,38.52000045776367,39.0,115300
2003-12-22,13.918252944946289,37.86000061035156,39.0,36.0,38.880001068115234,341983
2003-12-23,13.763856887817383,37.439998626708984,37.68000030517578,36.900001525878906,37.560001373291016,190933
2003-12-24,14.02854061126709,38.15999984741211,38.220001220703125,37.20000076293945,37.439998626708984,66633
2003-12-26,14.072652816772461,38.279998779296875,38.400001525878906,38.15999984741211,38.279998779296875,52850
2003-12-29,14.105929374694824,38.15999984741211,38.400001525878906,38.099998474121094,38.400001525878906,86250
2003-12-30,14.105929374694824,38.15999984741211,38.279998779296875,37.91999816894531,38.220001220703125,88617
2003-12-31,14.083745002746582,38.099998474121094,38.15999984741211,37.2599983215332,38.099998474121094,98417
2004-01-02,13.64017391204834,36.900001525878906,38.040000915527344,36.720001220703125,37.91999816894531,236383
2004-01-05,13.773247718811035,37.2599983215332,37.619998931884766,36.959999084472656,37.02000045776367,155783
2004-01-06,13.884140968322754,37.560001373291016,37.7400016784668,37.20000076293945,37.68000030517578,139617
2004-01-07,13.861960411071777,37.5,37.68000030517578,37.2599983215332,37.5,115767
2004-01-08,13.995028495788574,37.86000061035156,38.040000915527344,37.380001068115234,37.5,120700
2004-01-09,14.194650650024414,38.400001525878906,38.63999938964844,37.91999816894531,38.040000915527344,108033
2004-01-12,14.416440963745117,39.0,39.0,38.459999084472656,38.63999938964844,139433
2004-01-13,14.372076988220215,38.880001068115234,39.119998931884766,38.7599983215332,39.0,99017
2004-01-14,14.128106117248535,38.220001220703125,38.880001068115234,37.97999954223633,38.880001068115234,154750
2004-01-15,14.17246150970459,38.34000015258789,38.58000183105469,37.79999923706055,38.099998474121094,151817
2004-01-16,14.039381980895996,37.97999954223633,38.279998779296875,37.380001068115234,38.279998779296875,134667
2004-01-20,14.194650650024414,38.400001525878906,38.58000183105469,37.91999816894531,38.040000915527344,122383
2004-01-21,14.239002227783203,38.52000045776367,38.880001068115234,38.099998474121094,38.220001220703125,146933
2004-01-22,14.239002227783203,38.52000045776367,38.70000076293945,38.400001525878906,38.459999084472656,97783
2004-01-23,14.239002227783203,38.52000045776367,38.81999969482422,38.459999084472656,38.52000045776367,101383
2004-01-26,14.704768180847168,39.779998779296875,39.84000015258789,39.0,39.0,370333
2004-01-27,14.970913887023926,40.5,40.79999923706055,39.599998474121094,39.65999984741211,359417
2004-01-28,14.539888381958008,39.29999923706055,40.68000030517578,39.18000030517578,40.380001068115234,243500
2004-01-29,14.495508193969727,39.18000030517578,40.08000183105469,38.279998779296875,39.29999923706055,239533
2004-01-30,14.784090042114258,39.959999084472656,40.380001068115234,38.70000076293945,39.119998931884766,166383
2004-02-02,14.739686965942383,39.84000015258789,40.13999938964844,39.29999923706055,39.959999084472656,141067
2004-02-03,14.87287712097168,40.20000076293945,40.439998626708984,39.900001525878906,39.900001525878906,140833
2004-02-04,14.850677490234375,40.13999938964844,40.439998626708984,40.02000045776367,40.2599983215332,127433
2004-02-05,14.895066261291504,40.2599983215332,40.5,39.959999084472656,40.08000183105469,99917
2004-02-06,15.050461769104004,40.68000030517578,40.68000030517578,40.13999938964844,40.20000076293945,127333
2004-02-09,15.294646263122559,41.34000015258789,41.70000076293945,40.7400016784668,40.7400016784668,167817
2004-02-10,15.494421005249023,41.880001068115234,42.0,41.459999084472656,41.459999084472656,184583
2004-02-11,15.427826881408691,41.70000076293945,42.18000030517578,41.459999084472656,41.880001068115234,176867
2004-02-12,15.516633987426758,41.939998626708984,42.0,41.63999938964844,41.70000076293945,127933
2004-02-13,15.583224296569824,42.119998931884766,42.18000030517578,41.7599983215332,42.0,143317
2004-02-17,15.60541820526123,42.18000030517578,42.36000061035156,42.0,42.2400016784668,189433
2004-02-18,15.272445678710938,41.279998779296875,42.18000030517578,40.97999954223633,42.119998931884766,188833
2004-02-19,15.072667121887207,40.7400016784668,41.220001220703125,39.959999084472656,41.040000915527344,226167
2004-02-20,14.584287643432617,39.41999816894531,40.619998931884766,39.18000030517578,40.5,296283
2004-02-23,14.34011459350586,38.7599983215332,39.36000061035156,37.86000061035156,39.29999923706055,436683
2004-02-24,14.717486381530762,39.779998779296875,39.779998779296875,38.459999084472656,38.459999084472656,199883
2004-02-25,14.88597297668457,40.20000076293945,40.619998931884766,38.7599983215332,39.779998779296875,306800
2004-02-26,14.686018943786621,39.65999984741211,40.2599983215332,39.41999816894531,40.20000076293945,107333
2004-02-27,14.708221435546875,39.720001220703125,39.900001525878906,39.47999954223633,39.65999984741211,59700
2004-03-01,14.574926376342773,39.36000061035156,39.720001220703125,39.119998931884766,39.599998474121094,130083
2004-03-02,14.308308601379395,38.63999938964844,39.29999923706055,38.63999938964844,39.29999923706055,178417
2004-03-03,13.997247695922852,37.79999923706055,38.63999938964844,37.2599983215332,38.63999938964844,343117
2004-03-04,13.930615425109863,37.619998931884766,37.7400016784668,37.31999969482422,37.380001068115234,246417
2004-03-05,14.419390678405762,38.939998626708984,39.060001373291016,37.86000061035156,38.220001220703125,196517
2004-03-08,14.419390678405762,38.939998626708984,39.36000061035156,38.880001068115234,39.18000030517578,119767
2004-03-09,14.55269718170166,39.29999923706055,39.779998779296875,38.880001068115234,38.939998626708984,120033
2004-03-10,14.419390678405762,38.939998626708984,39.29999923706055,38.7599983215332,39.119998931884766,91417
2004-03-11,14.241659164428711,38.459999084472656,38.81999969482422,38.400001525878906,38.7599983215332,113683
2004-03-12,14.19721794128418,38.34000015258789,38.63999938964844,38.099998474121094,38.400001525878906,88000
2004-03-15,14.486062049865723,39.119998931884766,39.119998931884766,38.400001525878906,38.52000045776367,109050
2004-03-16,14.486062049865723,39.119998931884766,39.599998474121094,38.70000076293945,39.18000030517578,84817
2004-03-17,14.641587257385254,39.540000915527344,39.599998474121094,39.2400016784668,39.540000915527344,83000
2004-03-18,14.663786888122559,39.599998474121094,39.65999984741211,39.29999923706055,39.599998474121094,70767
2004-03-19,14.88597297668457,40.20000076293945,40.20000076293945,39.599998474121094,39.599998474121094,79550
2004-03-22,14.774870872497559,39.900001525878906,40.08000183105469,39.36000061035156,39.84000015258789,89633
2004-03-23,14.641587257385254,39.540000915527344,40.02000045776367,39.18000030517578,40.02000045776367,70733
2004-03-24,14.508262634277344,39.18000030517578,39.720001220703125,39.060001373291016,39.65999984741211,97633
2004-03-25,14.441609382629395,39.0,39.47999954223633,38.81999969482422,39.29999923706055,76983
2004-03-26,14.486062049865723,39.119998931884766,39.41999816894531,39.0,39.0,67167
2004-03-29,14.430203437805176,38.7599983215332,39.0,38.70000076293945,38.7599983215332,73433
2004-03-30,14.385537147521973,38.63999938964844,38.939998626708984,38.58000183105469,38.7599983215332,71150
2004-03-31,14.631245613098145,39.29999923706055,39.36000061035156,38.70000076293945,38.70000076293945,84133
2004-04-01,14.586567878723145,39.18000030517578,39.41999816894531,39.0,39.29999923706055,75133
2004-04-02,14.407857894897461,38.70000076293945,39.119998931884766,38.459999084472656,38.58000183105469,130467
2004-04-05,14.184489250183105,38.099998474121094,38.52000045776367,37.560001373291016,38.52000045776367,225900
2004-04-06,14.05046272277832,37.7400016784668,38.099998474121094,37.439998626708984,37.7400016784668,170233
2004-04-07,14.162149429321289,38.040000915527344,38.040000915527344,37.439998626708984,37.5,145300
2004-04-08,14.072806358337402,37.79999923706055,38.040000915527344,37.7400016784668,38.040000915527344,86350
2004-04-12,14.005780220031738,37.619998931884766,37.91999816894531,37.5,37.79999923706055,139617
2004-04-13,13.67071533203125,36.720001220703125,37.5,36.36000061035156,37.380001068115234,376383
2004-04-14,12.955913543701172,34.79999923706055,36.599998474121094,32.81999969482422,33.0,892000
2004-04-15,12.933566093444824,34.7400016784668,34.7400016784668,33.900001525878906,34.5,391633
2004-04-16,13.33565616607666,35.81999969482422,36.060001373291016,34.560001373291016,34.79999923706055,267383
2004-04-19,12.955913543701172,34.79999923706055,35.099998474121094,34.31999969482422,34.91999816894531,529183
2004-04-20,12.352794647216797,33.18000030517578,34.5,33.18000030517578,34.31999969482422,476900
2004-04-21,12.464484214782715,33.47999954223633,33.779998779296875,32.279998779296875,32.70000076293945,552633
2004-04-22,12.844218254089355,34.5,34.5,33.18000030517578,33.47999954223633,285150
2004-04-23,12.553829193115234,33.720001220703125,34.439998626708984,33.599998474121094,34.2599983215332,257167
2004-04-26,12.308115005493164,33.060001373291016,34.02000045776367,32.7599983215332,33.720001220703125,306983
2004-04-27,12.084742546081543,32.459999084472656,32.939998626708984,32.34000015258789,32.52000045776367,351083
2004-04-28,11.762351989746094,31.559999465942383,32.459999084472656,31.260000228881836,32.220001220703125,325500
2004-04-29,11.807077407836914,31.68000030517578,32.099998474121094,31.200000762939453,31.260000228881836,240917
2004-04-30,12.008338928222656,32.220001220703125,32.58000183105469,31.799999237060547,31.799999237060547,200717
2004-05-03,12.231948852539062,32.81999969482422,32.880001068115234,32.099998474121094,32.15999984741211,194500
2004-05-04,12.433207511901855,33.36000061035156,33.540000915527344,33.060001373291016,33.060001373291016,165033
2004-05-05,12.679198265075684,34.02000045776367,34.20000076293945,33.599998474121094,33.599998474121094,203950
2004-05-06,12.187233924865723,32.70000076293945,33.959999084472656,32.459999084472656,33.779998779296875,183933
2004-05-07,11.784714698791504,31.6200008392334,32.34000015258789,31.5,32.099998474121094,326450
2004-05-10,11.583451271057129,31.079999923706055,31.31999969482422,30.299999237060547,30.299999237060547,374300
2004-05-11,11.874160766601562,31.860000610351562,31.979999542236328,30.719999313354492,30.780000686645508,188333
2004-05-12,11.73998737335205,31.5,32.099998474121094,30.959999084472656,31.860000610351562,206283
2004-05-13,11.583451271057129,31.079999923706055,31.3799991607666,30.899999618530273,30.899999618530273,149950
2004-05-14,11.65054702758789,31.260000228881836,31.6200008392334,30.899999618530273,30.899999618530273,117850
2004-05-17,11.918889999389648,31.979999542236328,32.099998474121094,31.31999969482422,31.31999969482422,180750
2004-05-18,11.896529197692871,31.920000076293945,32.34000015258789,31.559999465942383,31.920000076293945,100833
2004-05-19,11.963615417480469,32.099998474121094,32.63999938964844,32.040000915527344,32.099998474121094,187800
2004-05-20,12.164860725402832,32.63999938964844,32.7599983215332,31.6200008392334,32.15999984741211,121250
2004-05-21,12.455581665039062,33.41999816894531,33.779998779296875,33.0,33.060001373291016,401083
2004-05-24,12.723920822143555,34.13999938964844,34.31999969482422,33.540000915527344,33.540000915527344,312867
2004-05-25,12.88045597076416,34.560001373291016,34.79999923706055,34.2599983215332,34.5,212700
2004-05-26,13.071678161621094,34.86000061035156,34.97999954223633,34.31999969482422,34.619998931884766,225333
2004-05-27,12.959200859069824,34.560001373291016,35.34000015258789,34.560001373291016,35.279998779296875,223850
2004-05-28,13.026678085327148,34.7400016784668,35.099998474121094,34.5,35.099998474121094,112183
2004-06-01,12.801712036132812,34.13999938964844,34.79999923706055,33.900001525878906,34.5,122700
2004-06-02,12.846696853637695,34.2599983215332,34.7400016784668,33.65999984741211,33.84000015258789,190683
2004-06-03,12.869200706481934,34.31999969482422,34.560001373291016,33.84000015258789,34.2599983215332,138100
2004-06-04,12.936691284179688,34.5,34.7400016784668,34.31999969482422,34.380001068115234,84183
2004-06-07,12.936691284179688,34.5,34.68000030517578,34.20000076293945,34.5,95767
2004-06-08,12.914202690124512,34.439998626708984,34.619998931884766,33.900001525878906,34.560001373291016,130983
2004-06-09,12.779199600219727,34.08000183105469,34.20000076293945,33.720001220703125,34.20000076293945,175750
2004-06-10,12.959200859069824,34.560001373291016,34.68000030517578,33.720001220703125,33.779998779296875,140717
2004-06-14,12.82420539855957,34.20000076293945,34.380001068115234,33.900001525878906,34.2599983215332,142050
2004-06-15,12.779199600219727,34.08000183105469,34.5,33.900001525878906,34.20000076293945,141383
2004-06-16,12.801712036132812,34.13999938964844,34.2599983215332,33.84000015258789,33.900001525878906,126733
2004-06-17,12.599213600158691,33.599998474121094,34.02000045776367,33.540000915527344,34.02000045776367,171500
2004-06-18,12.689202308654785,33.84000015258789,33.959999084472656,33.36000061035156,33.65999984741211,105483
2004-06-21,12.689202308654785,33.84000015258789,34.08000183105469,33.65999984741211,33.779998779296875,83767
2004-06-22,12.756708145141602,34.02000045776367,34.13999938964844,33.84000015258789,33.84000015258789,74400
2004-06-23,12.846696853637695,34.2599983215332,34.380001068115234,34.08000183105469,34.08000183105469,90117
2004-06-24,12.846696853637695,34.2599983215332,34.5,34.20000076293945,34.2599983215332,109983
2004-06-25,12.82420539855957,34.20000076293945,35.040000915527344,34.20000076293945,34.439998626708984,160700
2004-06-28,13.016620635986328,34.5,34.5,33.900001525878906,33.900001525878906,79250
2004-06-29,12.880800247192383,34.13999938964844,34.5,33.959999084472656,34.5,70817
2004-06-30,13.016620635986328,34.5,34.560001373291016,34.13999938964844,34.13999938964844,65800
2004-07-01,13.039265632629395,34.560001373291016,34.7400016784668,34.5,34.5,69417
2004-07-02,13.15244197845459,34.86000061035156,35.099998474121094,34.7400016784668,34.79999923706055,98450
2004-07-06,13.197732925415039,34.97999954223633,35.099998474121094,34.86000061035156,34.91999816894531,94317
2004-07-07,13.537285804748535,35.880001068115234,35.880001068115234,35.15999984741211,35.279998779296875,136617
2004-07-08,13.582569122314453,36.0,36.060001373291016,35.70000076293945,35.81999969482422,140150
2004-07-09,13.514646530151367,35.81999969482422,36.119998931884766,35.7599983215332,36.0,102450
2004-07-12,13.514646530151367,35.81999969482422,36.0,35.70000076293945,35.880001068115234,68650
2004-07-13,13.401459693908691,35.52000045776367,35.7599983215332,35.15999984741211,35.7599983215332,69017
2004-07-14,13.537285804748535,35.880001068115234,35.880001068115234,35.400001525878906,35.52000045776367,49617
2004-07-15,13.559921264648438,35.939998626708984,36.0,35.63999938964844,35.939998626708984,71200
2004-07-16,13.650466918945312,36.18000030517578,36.29999923706055,36.0,36.18000030517578,89150
2004-07-19,13.582569122314453,36.0,36.29999923706055,35.880001068115234,36.2400016784668,97117
2004-07-20,13.582569122314453,36.0,36.2400016784668,35.880001068115234,36.18000030517578,91250
2004-07-21,13.424098014831543,35.58000183105469,35.880001068115234,35.459999084472656,35.81999969482422,77883
2004-07-22,13.242998123168945,35.099998474121094,35.81999969482422,35.099998474121094,35.70000076293945,85900
2004-07-23,13.039265632629395,34.560001373291016,34.91999816894531,34.380001068115234,34.7400016784668,117533
2004-07-26,13.197732925415039,34.97999954223633,34.97999954223633,34.2599983215332,34.560001373291016,78067
2004-07-27,13.175085067749023,34.91999816894531,35.400001525878906,34.7400016784668,35.099998474121094,102700
2004-07-28,13.142987251281738,34.79999923706055,34.79999923706055,34.31999969482422,34.619998931884766,64683
2004-07-29,13.120306968688965,34.7400016784668,34.79999923706055,34.31999969482422,34.31999969482422,61883
2004-07-30,13.30160140991211,35.220001220703125,35.279998779296875,34.79999923706055,34.86000061035156,46333
2004-08-02,13.324265480041504,35.279998779296875,35.34000015258789,35.099998474121094,35.15999984741211,47867
2004-08-03,13.437567710876465,35.58000183105469,35.63999938964844,35.15999984741211,35.220001220703125,52417
2004-08-04,13.392251014709473,35.459999084472656,35.63999938964844,35.34000015258789,35.459999084472656,52317
2004-08-05,13.414904594421387,35.52000045776367,35.58000183105469,35.34000015258789,35.400001525878906,54117
2004-08-06,13.596195220947266,36.0,36.0,35.7599983215332,35.7599983215332,136467
2004-08-09,13.664165496826172,36.18000030517578,36.29999923706055,36.0,36.119998931884766,93767
2004-08-10,13.732161521911621,36.36000061035156,36.540000915527344,36.119998931884766,36.119998931884766,82633
2004-08-11,13.596195220947266,36.0,36.29999923706055,35.880001068115234,36.119998931884766,65317
2004-08-12,13.573522567749023,35.939998626708984,36.0,35.63999938964844,35.63999938964844,86767
2004-08-13,13.709490776062012,36.29999923706055,36.29999923706055,35.939998626708984,36.0,49517
2004-08-16,13.754816055297852,36.41999816894531,36.599998474121094,36.060001373291016,36.36000061035156,84717
2004-08-17,13.732161521911621,36.36000061035156,36.540000915527344,36.18000030517578,36.2400016784668,57167
2004-08-18,13.800139427185059,36.540000915527344,36.65999984741211,36.119998931884766,36.18000030517578,66167
2004-08-19,13.936097145080566,36.900001525878906,36.900001525878906,36.29999923706055,36.540000915527344,64533
2004-08-20,13.868106842041016,36.720001220703125,37.13999938964844,36.65999984741211,36.779998779296875,64867
2004-08-23,13.82278823852539,36.599998474121094,36.900001525878906,36.540000915527344,36.720001220703125,66250
2004-08-24,13.686837196350098,36.2400016784668,36.540000915527344,36.0,36.47999954223633,81483
2004-08-25,13.77747917175293,36.47999954223633,36.599998474121094,36.060001373291016,36.060001373291016,61250
2004-08-26,13.77747917175293,36.47999954223633,36.599998474121094,36.29999923706055,36.41999816894531,60217
2004-08-27,13.654607772827148,36.119998931884766,36.36000061035156,36.119998931884766,36.18000030517578,54400
2004-08-30,13.609246253967285,36.0,36.2400016784668,35.939998626708984,36.060001373291016,70533
2004-08-31,13.677288055419922,36.18000030517578,36.2400016784668,35.880001068115234,35.880001068115234,75333
2004-09-01,13.58657169342041,35.939998626708984,36.119998931884766,35.7599983215332,36.0,68883
2004-09-02,13.473148345947266,35.63999938964844,36.119998931884766,35.52000045776367,36.119998931884766,73117
2004-09-03,13.473148345947266,35.63999938964844,35.81999969482422,35.400001525878906,35.7599983215332,84900
2004-09-07,13.58657169342041,35.939998626708984,36.0,35.63999938964844,35.7599983215332,89067
2004-09-08,13.563879013061523,35.880001068115234,36.0,35.7599983215332,35.880001068115234,67317
2004-09-09,13.495834350585938,35.70000076293945,35.880001068115234,35.63999938964844,35.880001068115234,74967
2004-09-10,13.58657169342041,35.939998626708984,36.119998931884766,35.7599983215332,35.7599983215332,60017
2004-09-13,13.654607772827148,36.119998931884766,36.119998931884766,35.81999969482422,36.0,63600
2004-09-14,13.745348930358887,36.36000061035156,36.599998474121094,36.0,36.0,84017
2004-09-15,13.745348930358887,36.36000061035156,36.540000915527344,36.18000030517578,36.41999816894531,54467
2004-09-16,13.836069107055664,36.599998474121094,36.84000015258789,36.29999923706055,36.36000061035156,82600
2004-09-17,13.858757972717285,36.65999984741211,36.65999984741211,36.41999816894531,36.599998474121094,47183
2004-09-20,13.790718078613281,36.47999954223633,36.65999984741211,36.41999816894531,36.599998474121094,55900
2004-09-21,13.790718078613281,36.47999954223633,36.65999984741211,36.36000061035156,36.65999984741211,61617
2004-09-22,13.881422996520996,36.720001220703125,36.779998779296875,36.47999954223633,36.47999954223633,75167
2004-09-23,13.904117584228516,36.779998779296875,37.13999938964844,36.65999984741211,36.84000015258789,87400
2004-09-24,13.949484825134277,36.900001525878906,37.20000076293945,36.84000015258789,36.959999084472656,61317
2004-09-27,14.06289005279541,37.20000076293945,37.20000076293945,36.65999984741211,37.02000045776367,102883
2004-09-28,14.008016586303711,37.02000045776367,37.31999969482422,36.84000015258789,37.2599983215332,85633
2004-09-29,13.962615013122559,36.900001525878906,37.20000076293945,36.720001220703125,37.20000076293945,59133
2004-09-30,13.985316276550293,36.959999084472656,37.13999938964844,36.720001220703125,36.959999084472656,80767
2004-10-01,13.962615013122559,36.900001525878906,36.900001525878906,36.2400016784668,36.779998779296875,78400
2004-10-04,13.758293151855469,36.36000061035156,36.779998779296875,36.36000061035156,36.65999984741211,73900
2004-10-05,13.758293151855469,36.36000061035156,36.65999984741211,36.29999923706055,36.36000061035156,98683
2004-10-06,13.871809005737305,36.65999984741211,36.779998779296875,36.18000030517578,36.2400016784668,70633
2004-10-07,13.962615013122559,36.900001525878906,36.959999084472656,36.599998474121094,36.84000015258789,70867
2004-10-08,14.166949272155762,37.439998626708984,37.5,36.959999084472656,37.02000045776367,112400
2004-10-11,14.303173065185547,37.79999923706055,38.040000915527344,37.5,37.5,97100
2004-10-12,14.166949272155762,37.439998626708984,37.79999923706055,37.31999969482422,37.79999923706055,68017
2004-10-13,14.303173065185547,37.79999923706055,37.91999816894531,36.720001220703125,37.380001068115234,105633
2004-10-14,14.416688919067383,38.099998474121094,38.099998474121094,37.5,37.5,119650
2004-10-15,14.462090492248535,38.220001220703125,38.279998779296875,37.560001373291016,38.099998474121094,78000
2004-10-18,14.166949272155762,37.439998626708984,38.459999084472656,37.31999969482422,38.34000015258789,112533
2004-10-19,14.189664840698242,37.5,37.86000061035156,37.439998626708984,37.5,106933
2004-10-20,14.462090492248535,38.220001220703125,38.400001525878906,37.619998931884766,37.619998931884766,115600
2004-10-21,14.507497787475586,38.34000015258789,38.459999084472656,38.15999984741211,38.34000015258789,87150
2004-10-22,14.416688919067383,38.099998474121094,38.34000015258789,37.86000061035156,38.15999984741211,59783
2004-10-25,14.507497787475586,38.34000015258789,38.52000045776367,38.099998474121094,38.279998779296875,122650
2004-10-26,14.462090492248535,38.220001220703125,38.34000015258789,37.97999954223633,38.220001220703125,80533
2004-10-27,14.473506927490234,38.040000915527344,38.400001525878906,37.79999923706055,38.040000915527344,95517
2004-10-28,14.427844047546387,37.91999816894531,38.040000915527344,37.68000030517578,37.86000061035156,71617
2004-10-29,14.473506927490234,38.040000915527344,39.0,37.86000061035156,37.97999954223633,55550
2004-11-01,14.54198932647705,38.220001220703125,38.400001525878906,37.79999923706055,38.34000015258789,104800
2004-11-02,14.473506927490234,38.040000915527344,38.220001220703125,37.79999923706055,37.86000061035156,77317
2004-11-03,14.610482215881348,38.400001525878906,38.400001525878906,37.97999954223633,38.15999984741211,76883
2004-11-04,14.72461986541748,38.70000076293945,38.880001068115234,38.400001525878906,38.400001525878906,103967
2004-11-05,14.86159896850586,39.060001373291016,39.119998931884766,38.459999084472656,38.70000076293945,100783
2004-11-08,14.72461986541748,38.70000076293945,39.2400016784668,38.400001525878906,39.18000030517578,131950
2004-11-09,14.72461986541748,38.70000076293945,39.060001373291016,37.97999954223633,38.939998626708984,135217
2004-11-10,14.678972244262695,38.58000183105469,38.63999938964844,38.099998474121094,38.58000183105469,83983
2004-11-11,14.63331127166748,38.459999084472656,38.7599983215332,38.279998779296875,38.70000076293945,79750
2004-11-12,14.86159896850586,39.060001373291016,39.060001373291016,38.63999938964844,38.81999969482422,92783
2004-11-15,14.930075645446777,39.2400016784668,39.41999816894531,38.939998626708984,39.41999816894531,141600
2004-11-16,14.975751876831055,39.36000061035156,39.47999954223633,39.29999923706055,39.36000061035156,75617
2004-11-17,15.158370971679688,39.84000015258789,39.84000015258789,39.41999816894531,39.47999954223633,137517
2004-11-18,15.226853370666504,40.02000045776367,40.20000076293945,39.779998779296875,39.900001525878906,149483
2004-11-19,15.204030990600586,39.959999084472656,40.2599983215332,39.84000015258789,40.13999938964844,118267
2004-11-22,15.363831520080566,40.380001068115234,40.79999923706055,39.959999084472656,40.13999938964844,185083
2004-11-23,15.637776374816895,41.099998474121094,41.099998474121094,40.380001068115234,40.5,124417
2004-11-24,15.61495304107666,41.040000915527344,41.400001525878906,40.79999923706055,41.099998474121094,180033
2004-11-26,15.511701583862305,40.560001373291016,40.91999816894531,40.5,40.7400016784668,49800
2004-11-29,15.28222370147705,39.959999084472656,40.380001068115234,39.779998779296875,40.2599983215332,151217
2004-11-30,15.213394165039062,39.779998779296875,40.20000076293945,39.65999984741211,39.900001525878906,96133
2004-12-01,15.213394165039062,39.779998779296875,40.08000183105469,39.599998474121094,39.779998779296875,87983
2004-12-02,15.305168151855469,40.02000045776367,40.560001373291016,39.779998779296875,39.779998779296875,138900
2004-12-03,15.419891357421875,40.31999969482422,40.5,40.08000183105469,40.08000183105469,100567
2004-12-06,15.305168151855469,40.02000045776367,40.5,39.959999084472656,40.439998626708984,119317
2004-12-07,15.075713157653809,39.41999816894531,40.08000183105469,39.119998931884766,40.02000045776367,135483
2004-12-08,14.823296546936035,38.7599983215332,38.939998626708984,37.86000061035156,38.400001525878906,346417
2004-12-09,14.823296546936035,38.7599983215332,38.880001068115234,38.459999084472656,38.70000076293945,115533
2004-12-10,14.433221817016602,37.7400016784668,38.7599983215332,37.619998931884766,38.63999938964844,159217
2004-12-13,14.616782188415527,38.220001220703125,38.400001525878906,37.7400016784668,37.79999923706055,129700
2004-12-14,14.731523513793945,38.52000045776367,38.63999938964844,38.040000915527344,38.279998779296875,97317
2004-12-15,14.892145156860352,38.939998626708984,39.0,38.63999938964844,38.70000076293945,84983
2004-12-16,14.777413368225098,38.63999938964844,39.29999923706055,38.400001525878906,38.939998626708984,142617
2004-12-17,14.869200706481934,38.880001068115234,39.119998931884766,38.58000183105469,38.63999938964844,56650
2004-12-20,15.006860733032227,39.2400016784668,39.29999923706055,38.880001068115234,39.119998931884766,108117
2004-12-21,14.892145156860352,38.939998626708984,39.2400016784668,38.81999969482422,38.81999969482422,73650
2004-12-22,14.708573341369629,38.459999084472656,39.060001373291016,38.459999084472656,38.880001068115234,71333
2004-12-23,14.80035400390625,38.70000076293945,38.880001068115234,38.52000045776367,38.58000183105469,64517
2004-12-27,14.846247673034668,38.81999969482422,39.119998931884766,38.70000076293945,38.70000076293945,73683
2004-12-28,14.98392105102539,39.18000030517578,39.29999923706055,38.81999969482422,38.81999969482422,75967
2004-12-29,14.972405433654785,38.939998626708984,39.2400016784668,38.7599983215332,39.18000030517578,67183
2004-12-30,14.926250457763672,38.81999969482422,39.0,38.63999938964844,38.880001068115234,59800
2004-12-31,14.949322700500488,38.880001068115234,38.880001068115234,38.63999938964844,38.81999969482422,105517
2005-01-03,14.695551872253418,38.220001220703125,38.7599983215332,38.15999984741211,38.58000183105469,102517
2005-01-04,14.280289649963379,37.13999938964844,38.279998779296875,37.08000183105469,37.91999816894531,247033
2005-01-05,14.257223129272461,37.08000183105469,37.31999969482422,36.47999954223633,36.540000915527344,192083
2005-01-06,14.464855194091797,37.619998931884766,37.68000030517578,36.959999084472656,37.08000183105469,86967
2005-01-07,14.48791217803955,37.68000030517578,37.79999923706055,37.5,37.560001373291016,84600
2005-01-10,14.534066200256348,37.79999923706055,37.91999816894531,37.560001373291016,37.68000030517578,80000
2005-01-11,14.695551872253418,38.220001220703125,38.34000015258789,37.79999923706055,37.79999923706055,88950
2005-01-12,14.741689682006836,38.34000015258789,38.400001525878906,38.040000915527344,38.040000915527344,77350
2005-01-13,15.041594505310059,39.119998931884766,39.18000030517578,38.34000015258789,38.34000015258789,173867
2005-01-14,14.995450973510742,39.0,39.060001373291016,38.81999969482422,39.0,87150
2005-01-18,14.972405433654785,38.939998626708984,39.119998931884766,38.63999938964844,39.060001373291016,160300
2005-01-19,14.833969116210938,38.58000183105469,38.939998626708984,38.459999084472656,38.939998626708984,88483
2005-01-20,14.90317153930664,38.7599983215332,39.0,38.52000045776367,38.58000183105469,69400
2005-01-21,14.995450973510742,39.0,39.119998931884766,38.63999938964844,38.880001068115234,85633
2005-01-24,14.972405433654785,38.939998626708984,38.939998626708984,38.70000076293945,38.880001068115234,91117
2005-01-25,14.857039451599121,38.63999938964844,39.0,38.52000045776367,38.81999969482422,80583
2005-01-26,14.995450973510742,39.0,39.060001373291016,38.7599983215332,38.7599983215332,99733
2005-01-27,15.008938789367676,39.0,39.119998931884766,38.70000076293945,38.7599983215332,88767
2005-01-28,14.985836029052734,38.939998626708984,39.060001373291016,38.70000076293945,38.880001068115234,61900
2005-01-31,14.870379447937012,38.63999938964844,38.880001068115234,38.459999084472656,38.58000183105469,99117
2005-02-01,14.9165620803833,38.7599983215332,38.7599983215332,38.459999084472656,38.63999938964844,75750
2005-02-02,14.962742805480957,38.880001068115234,38.880001068115234,38.52000045776367,38.81999969482422,88817
2005-02-03,14.939654350280762,38.81999969482422,38.880001068115234,38.63999938964844,38.70000076293945,87383
2005-02-04,15.03200912475586,39.060001373291016,39.119998931884766,38.81999969482422,39.0,102333
2005-02-07,15.008938789367676,39.0,39.119998931884766,38.70000076293945,39.119998931884766,100550
2005-02-08,15.12437915802002,39.29999923706055,39.29999923706055,38.63999938964844,38.81999969482422,110533
2005-02-09,15.23984146118164,39.599998474121094,39.599998474121094,39.119998931884766,39.2400016784668,153283
2005-02-10,15.193657875061035,39.47999954223633,39.65999984741211,39.060001373291016,39.65999984741211,96650
2005-02-11,15.101297378540039,39.2400016784668,39.540000915527344,39.119998931884766,39.540000915527344,74017
2005-02-14,15.21674633026123,39.540000915527344,39.599998474121094,39.2400016784668,39.36000061035156,85233
2005-02-15,15.493841171264648,40.2599983215332,40.439998626708984,39.540000915527344,39.599998474121094,140100
2005-02-16,15.44765567779541,40.13999938964844,40.20000076293945,39.900001525878906,40.02000045776367,84617
2005-02-17,15.516922950744629,40.31999969482422,40.439998626708984,39.900001525878906,40.13999938964844,106633
2005-02-18,15.401477813720703,40.02000045776367,40.20000076293945,39.84000015258789,40.02000045776367,93583
2005-02-22,15.493841171264648,40.2599983215332,40.31999969482422,40.02000045776367,40.02000045776367,113833
2005-02-23,15.470733642578125,40.20000076293945,40.560001373291016,39.65999984741211,40.31999969482422,150783
2005-02-24,15.299346923828125,39.720001220703125,39.959999084472656,39.599998474121094,39.779998779296875,85683
2005-02-25,15.299346923828125,39.720001220703125,39.720001220703125,39.36000061035156,39.65999984741211,110267
2005-02-28,15.3917818069458,39.959999084472656,39.959999084472656,39.47999954223633,39.540000915527344,73767
2005-03-01,15.368667602539062,39.900001525878906,40.20000076293945,39.779998779296875,39.779998779296875,135300
2005-03-02,15.368667602539062,39.900001525878906,40.02000045776367,39.720001220703125,39.84000015258789,52917
2005-03-03,15.3917818069458,39.959999084472656,40.02000045776367,39.779998779296875,40.02000045776367,62567
2005-03-04,15.43800163269043,40.08000183105469,40.08000183105469,39.720001220703125,40.02000045776367,89300
2005-03-07,15.414888381958008,40.02000045776367,40.13999938964844,39.779998779296875,40.08000183105469,71233
2005-03-08,15.48421859741211,40.20000076293945,40.2599983215332,39.959999084472656,40.02000045776367,88633
2005-03-09,15.43800163269043,40.08000183105469,40.2599983215332,39.900001525878906,40.20000076293945,170933
2005-03-10,15.25311279296875,39.599998474121094,40.20000076293945,39.29999923706055,40.08000183105469,156933
2005-03-11,15.3917818069458,39.959999084472656,40.02000045776367,39.599998474121094,39.65999984741211,70633
2005-03-14,15.43800163269043,40.08000183105469,40.08000183105469,39.65999984741211,39.959999084472656,90017
2005-03-15,15.322463035583496,39.779998779296875,40.13999938964844,39.65999984741211,40.08000183105469,61583
2005-03-16,15.183788299560547,39.41999816894531,39.779998779296875,39.2400016784668,39.720001220703125,99000
2005-03-17,15.183788299560547,39.41999816894531,39.779998779296875,39.36000061035156,39.36000061035156,77700
2005-03-18,15.230010986328125,39.540000915527344,39.65999984741211,39.2400016784668,39.599998474121094,65350
2005-03-21,15.114452362060547,39.2400016784668,39.41999816894531,39.060001373291016,39.29999923706055,99450
2005-03-22,14.929560661315918,38.7599983215332,39.2400016784668,38.7599983215332,39.0,129333
2005-03-23,14.143799781799316,36.720001220703125,37.7400016784668,36.36000061035156,37.5,508250
2005-03-24,14.421122550964355,37.439998626708984,37.560001373291016,36.47999954223633,36.599998474121094,273700
2005-03-28,14.190030097961426,36.84000015258789,37.439998626708984,36.540000915527344,37.439998626708984,129367
2005-03-29,13.829748153686523,35.70000076293945,36.65999984741211,34.5,36.41999816894531,464167
2005-03-30,14.131908416748047,36.47999954223633,36.47999954223633,35.15999984741211,35.15999984741211,202850
2005-03-31,14.085432052612305,36.36000061035156,36.900001525878906,36.29999923706055,36.84000015258789,106783
2005-04-01,14.341099739074707,37.02000045776367,37.02000045776367,36.29999923706055,36.47999954223633,76433
2005-04-04,14.178387641906738,36.599998474121094,37.08000183105469,36.47999954223633,37.08000183105469,80800
2005-04-05,14.294608116149902,36.900001525878906,37.08000183105469,36.2400016784668,36.36000061035156,52317
2005-04-06,14.294608116149902,36.900001525878906,36.959999084472656,36.599998474121094,36.720001220703125,71950
2005-04-07,14.27137565612793,36.84000015258789,37.08000183105469,36.720001220703125,36.84000015258789,59033
2005-04-08,14.224889755249023,36.720001220703125,36.84000015258789,36.540000915527344,36.779998779296875,59250
2005-04-11,14.085432052612305,36.36000061035156,36.720001220703125,36.29999923706055,36.36000061035156,75083
2005-04-12,14.178387641906738,36.599998474121094,36.720001220703125,36.29999923706055,36.29999923706055,90850
2005-04-13,14.178387641906738,36.599998474121094,36.779998779296875,36.0,36.0,81683
2005-04-14,14.201642990112305,36.65999984741211,36.720001220703125,36.29999923706055,36.47999954223633,119800
2005-04-15,14.178387641906738,36.599998474121094,37.08000183105469,36.36000061035156,36.959999084472656,68250
2005-04-18,14.317858695983887,36.959999084472656,37.13999938964844,36.0,36.0,136667
2005-04-19,14.387588500976562,37.13999938964844,37.20000076293945,36.779998779296875,37.13999938964844,68250
2005-04-20,14.364350318908691,37.08000183105469,37.20000076293945,36.84000015258789,37.02000045776367,67400
2005-04-21,14.410822868347168,37.20000076293945,37.380001068115234,37.02000045776367,37.02000045776367,67750
2005-04-22,14.527042388916016,37.5,37.5,37.20000076293945,37.2599983215332,60233
2005-04-25,14.387588500976562,37.13999938964844,37.439998626708984,37.02000045776367,37.380001068115234,58800
2005-04-26,14.573541641235352,37.619998931884766,37.68000030517578,36.720001220703125,36.959999084472656,97450
2005-04-27,14.468356132507324,37.13999938964844,37.5,37.13999938964844,37.439998626708984,71683
2005-04-28,14.515103340148926,37.2599983215332,37.439998626708984,36.959999084472656,36.959999084472656,67333
2005-04-29,14.60859203338623,37.5,37.560001373291016,37.13999938964844,37.13999938964844,81600
2005-05-02,14.60859203338623,37.5,37.79999923706055,37.439998626708984,37.7400016784668,74733
2005-05-03,14.631962776184082,37.560001373291016,37.7400016784668,37.13999938964844,37.380001068115234,59567
2005-05-04,14.725480079650879,37.79999923706055,37.79999923706055,37.560001373291016,37.7400016784668,69967
2005-05-05,14.725480079650879,37.79999923706055,37.91999816894531,37.7400016784668,37.86000061035156,63750
2005-05-06,14.631962776184082,37.560001373291016,37.68000030517578,37.5,37.68000030517578,51133
2005-05-09,14.491728782653809,37.20000076293945,37.619998931884766,37.02000045776367,37.5,84583
2005-05-10,14.421613693237305,37.02000045776367,37.380001068115234,36.900001525878906,37.31999969482422,65083
2005-05-11,14.561859130859375,37.380001068115234,37.439998626708984,36.84000015258789,36.900001525878906,103033
2005-05-12,14.398225784301758,36.959999084472656,37.2599983215332,36.959999084472656,37.20000076293945,56650
2005-05-13,14.421613693237305,37.02000045776367,37.2599983215332,36.779998779296875,36.900001525878906,98083
2005-05-16,14.398225784301758,36.959999084472656,37.20000076293945,36.900001525878906,37.13999938964844,106733
2005-05-17,14.351478576660156,36.84000015258789,37.13999938964844,36.720001220703125,37.08000183105469,96767
2005-05-18,14.398225784301758,36.959999084472656,37.02000045776367,36.65999984741211,36.65999984741211,88400
2005-05-19,14.444984436035156,37.08000183105469,37.20000076293945,36.900001525878906,36.959999084472656,61817
2005-05-20,14.468356132507324,37.13999938964844,37.2599983215332,36.900001525878906,37.08000183105469,48583
2005-05-23,14.398225784301758,36.959999084472656,37.08000183105469,36.900001525878906,37.02000045776367,66050
2005-05-24,14.444984436035156,37.08000183105469,37.20000076293945,36.779998779296875,37.13999938964844,92383
2005-05-25,14.444984436035156,37.08000183105469,37.13999938964844,36.720001220703125,37.13999938964844,58317
2005-05-26,14.433228492736816,36.84000015258789,37.13999938964844,36.720001220703125,37.08000183105469,47867
2005-05-27,14.503745079040527,37.02000045776367,37.13999938964844,36.720001220703125,36.779998779296875,50283
2005-05-31,14.456724166870117,36.900001525878906,36.900001525878906,36.65999984741211,36.84000015258789,79667
2005-06-01,14.550755500793457,37.13999938964844,37.13999938964844,36.84000015258789,36.900001525878906,76733
2005-06-02,14.621294021606445,37.31999969482422,37.439998626708984,36.900001525878906,37.20000076293945,78217
2005-06-03,14.762331008911133,37.68000030517578,37.68000030517578,37.08000183105469,37.08000183105469,85717
2005-06-06,14.644793510437012,37.380001068115234,37.79999923706055,37.380001068115234,37.7400016784668,67800
2005-06-07,14.621294021606445,37.31999969482422,37.619998931884766,37.20000076293945,37.380001068115234,65550
2005-06-08,14.621294021606445,37.31999969482422,37.5,37.20000076293945,37.2599983215332,55750
2005-06-09,14.644793510437012,37.380001068115234,37.439998626708984,37.08000183105469,37.31999969482422,58417
2005-06-10,14.66828441619873,37.439998626708984,37.5,37.2599983215332,37.439998626708984,43650
2005-06-13,14.738809585571289,37.619998931884766,37.79999923706055,37.20000076293945,37.31999969482422,99983
2005-06-14,14.715312957763672,37.560001373291016,37.68000030517578,37.380001068115234,37.380001068115234,78850
2005-06-15,14.66828441619873,37.439998626708984,37.560001373291016,37.31999969482422,37.5,71700
2005-06-16,14.738809585571289,37.619998931884766,37.68000030517578,37.439998626708984,37.439998626708984,67550
2005-06-17,14.832839012145996,37.86000061035156,37.91999816894531,37.439998626708984,37.439998626708984,93450
2005-06-20,14.785832405090332,37.7400016784668,38.040000915527344,37.68000030517578,37.86000061035156,96867
2005-06-21,14.809340476989746,37.79999923706055,38.040000915527344,37.7400016784668,37.86000061035156,119633
2005-06-22,14.85633659362793,37.91999816894531,38.099998474121094,37.7400016784668,37.79999923706055,94683
2005-06-23,14.832839012145996,37.86000061035156,38.099998474121094,37.7400016784668,38.040000915527344,109800
2005-06-24,14.926865577697754,38.099998474121094,38.099998474121094,37.7400016784668,37.86000061035156,56183
2005-06-27,14.809340476989746,37.79999923706055,38.099998474121094,37.68000030517578,38.099998474121094,98400
2005-06-28,14.844786643981934,37.68000030517578,37.7400016784668,37.5,37.619998931884766,62867
2005-06-29,14.93934154510498,37.91999816894531,37.97999954223633,37.2599983215332,37.5,87333
2005-06-30,14.892070770263672,37.79999923706055,37.97999954223633,37.7400016784668,37.86000061035156,47700
2005-07-01,14.797507286071777,37.560001373291016,37.91999816894531,37.5,37.7400016784668,55717
2005-07-05,14.632049560546875,37.13999938964844,37.86000061035156,37.02000045776367,37.86000061035156,97617
2005-07-06,14.632049560546875,37.13999938964844,37.2599983215332,36.84000015258789,36.959999084472656,102883
2005-07-07,14.632049560546875,37.13999938964844,37.20000076293945,37.02000045776367,37.13999938964844,61700
2005-07-08,14.537491798400879,36.900001525878906,37.13999938964844,36.900001525878906,37.08000183105469,64433
2005-07-11,14.608407974243164,37.08000183105469,37.13999938964844,36.84000015258789,36.900001525878906,58100
2005-07-12,14.702970504760742,37.31999969482422,37.31999969482422,37.02000045776367,37.02000045776367,77383
2005-07-13,14.77388858795166,37.5,37.5,37.2599983215332,37.31999969482422,65667
2005-07-14,14.750238418579102,37.439998626708984,37.619998931884766,37.2599983215332,37.439998626708984,62933
2005-07-15,14.77388858795166,37.5,37.619998931884766,37.2599983215332,37.619998931884766,53950
2005-07-18,14.797507286071777,37.560001373291016,37.7400016784668,37.5,37.5,64000
2005-07-19,14.750238418579102,37.439998626708984,37.79999923706055,37.2599983215332,37.7400016784668,80783
2005-07-20,14.750238418579102,37.439998626708984,37.560001373291016,37.31999969482422,37.380001068115234,73050
2005-07-21,14.844786643981934,37.68000030517578,37.7400016784668,37.380001068115234,37.380001068115234,100400
2005-07-22,14.915699005126953,37.86000061035156,37.97999954223633,37.68000030517578,37.7400016784668,103650
2005-07-25,14.892070770263672,37.79999923706055,37.97999954223633,37.7400016784668,37.86000061035156,66817
2005-07-26,14.892070770263672,37.79999923706055,37.86000061035156,37.619998931884766,37.79999923706055,50350
2005-07-27,14.975275993347168,37.79999923706055,37.86000061035156,37.560001373291016,37.68000030517578,79117
2005-07-28,14.951496124267578,37.7400016784668,37.91999816894531,37.619998931884766,37.86000061035156,53900
2005-07-29,14.951496124267578,37.7400016784668,37.91999816894531,37.68000030517578,37.79999923706055,36417
2005-08-01,14.975275993347168,37.79999923706055,37.91999816894531,37.7400016784668,37.86000061035156,60867
2005-08-02,14.951496124267578,37.7400016784668,37.86000061035156,37.619998931884766,37.86000061035156,55900
2005-08-03,15.117881774902344,38.15999984741211,38.15999984741211,37.79999923706055,37.86000061035156,68917
2005-08-04,15.070348739624023,38.040000915527344,38.15999984741211,37.91999816894531,37.97999954223633,88750
2005-08-05,14.903961181640625,37.619998931884766,38.040000915527344,37.619998931884766,38.040000915527344,80317
2005-08-08,14.927725791931152,37.68000030517578,37.91999816894531,37.439998626708984,37.79999923706055,120033
2005-08-09,14.927725791931152,37.68000030517578,37.91999816894531,37.5,37.91999816894531,63533
2005-08-10,14.927725791931152,37.68000030517578,38.040000915527344,37.619998931884766,37.619998931884766,71050
2005-08-11,15.070348739624023,38.040000915527344,38.099998474121094,37.79999923706055,37.91999816894531,70750
2005-08-12,15.189204216003418,38.34000015258789,38.34000015258789,37.86000061035156,37.91999816894531,114433
2005-08-15,15.165419578552246,38.279998779296875,38.58000183105469,38.099998474121094,38.58000183105469,106000
2005-08-16,15.189204216003418,38.34000015258789,38.459999084472656,38.220001220703125,38.34000015258789,81783
2005-08-17,15.189204216003418,38.34000015258789,38.34000015258789,37.91999816894531,38.220001220703125,64133
2005-08-18,15.165419578552246,38.279998779296875,38.400001525878906,38.099998474121094,38.34000015258789,39850
2005-08-19,15.165419578552246,38.279998779296875,38.34000015258789,38.15999984741211,38.15999984741211,28617
2005-08-22,15.070348739624023,38.040000915527344,38.220001220703125,38.040000915527344,38.15999984741211,47633
2005-08-23,15.094117164611816,38.099998474121094,38.220001220703125,37.86000061035156,38.099998474121094,69517
2005-08-24,15.070348739624023,38.040000915527344,38.040000915527344,37.86000061035156,38.040000915527344,50833
2005-08-25,15.046574592590332,37.97999954223633,38.15999984741211,37.91999816894531,38.040000915527344,58733
2005-08-26,15.117881774902344,38.15999984741211,38.220001220703125,37.97999954223633,38.040000915527344,44250
2005-08-29,15.153741836547852,38.040000915527344,38.099998474121094,37.7400016784668,38.040000915527344,65750
2005-08-30,15.201537132263184,38.15999984741211,38.15999984741211,37.560001373291016,38.040000915527344,59850
2005-08-31,15.201537132263184,38.15999984741211,38.220001220703125,37.91999816894531,38.040000915527344,70350
2005-09-01,15.17764663696289,38.099998474121094,38.63999938964844,38.040000915527344,38.15999984741211,125933
2005-09-02,15.17764663696289,38.099998474121094,38.099998474121094,37.79999923706055,38.099998474121094,66783
2005-09-06,15.17764663696289,38.099998474121094,38.099998474121094,37.91999816894531,38.099998474121094,69717
2005-09-07,15.17764663696289,38.099998474121094,38.099998474121094,37.97999954223633,38.099998474121094,55050
2005-09-08,15.17764663696289,38.099998474121094,38.099998474121094,37.91999816894531,38.099998474121094,67117
2005-09-09,15.17764663696289,38.099998474121094,38.220001220703125,37.97999954223633,38.040000915527344,59517
2005-09-12,15.129837989807129,37.97999954223633,38.099998474121094,37.91999816894531,37.97999954223633,65883
2005-09-13,15.201537132263184,38.15999984741211,38.15999984741211,37.79999923706055,38.040000915527344,91367
2005-09-14,15.153741836547852,38.040000915527344,38.279998779296875,38.040000915527344,38.279998779296875,46083
2005-09-15,15.201537132263184,38.15999984741211,38.220001220703125,38.040000915527344,38.040000915527344,51350
2005-09-16,15.201537132263184,38.15999984741211,38.220001220703125,38.040000915527344,38.15999984741211,53733
2005-09-19,15.22545051574707,38.220001220703125,38.34000015258789,38.099998474121094,38.220001220703125,67700
2005-09-20,15.17764663696289,38.099998474121094,38.220001220703125,38.040000915527344,38.220001220703125,65983
2005-09-21,15.17764663696289,38.099998474121094,38.15999984741211,37.97999954223633,38.040000915527344,77600
2005-09-22,15.105935096740723,37.91999816894531,38.099998474121094,37.86000061035156,38.040000915527344,55617
2005-09-23,15.129837989807129,37.97999954223633,38.099998474121094,37.79999923706055,37.86000061035156,62867
2005-09-26,15.08202838897705,37.86000061035156,38.099998474121094,37.79999923706055,38.040000915527344,75033
2005-09-27,15.08202838897705,37.86000061035156,37.91999816894531,37.560001373291016,37.7400016784668,69000
2005-09-28,15.04814338684082,37.7400016784668,37.86000061035156,37.5,37.619998931884766,57250
2005-09-29,14.952451705932617,37.5,37.7400016784668,37.380001068115234,37.68000030517578,63533
2005-09-30,14.952451705932617,37.5,37.560001373291016,37.20000076293945,37.380001068115234,61317
2005-10-03,14.928516387939453,37.439998626708984,37.619998931884766,36.959999084472656,37.5,97900
2005-10-04,14.808893203735352,37.13999938964844,37.5,36.959999084472656,37.5,69750
2005-10-05,14.665359497070312,36.779998779296875,37.2599983215332,36.65999984741211,37.20000076293945,97717
2005-10-06,14.569669723510742,36.540000915527344,36.900001525878906,36.47999954223633,36.720001220703125,100817
2005-10-07,14.593588829040527,36.599998474121094,36.900001525878906,36.29999923706055,36.540000915527344,83883
2005-10-10,14.641427993774414,36.720001220703125,36.84000015258789,36.599998474121094,36.599998474121094,43833
2005-10-11,14.593588829040527,36.599998474121094,36.720001220703125,36.36000061035156,36.599998474121094,92350
2005-10-12,14.641427993774414,36.720001220703125,36.900001525878906,36.36000061035156,36.41999816894531,81750
2005-10-13,14.37828254699707,36.060001373291016,36.84000015258789,35.279998779296875,36.720001220703125,188700
2005-10-14,14.186890602111816,35.58000183105469,36.060001373291016,35.34000015258789,35.70000076293945,121550
2005-10-17,14.234731674194336,35.70000076293945,36.47999954223633,35.220001220703125,35.400001525878906,138133
2005-10-18,14.30650520324707,35.880001068115234,36.41999816894531,35.52000045776367,36.060001373291016,74917
2005-10-19,14.35435676574707,36.0,36.0,35.459999084472656,35.70000076293945,70200
2005-10-20,14.186890602111816,35.58000183105469,35.81999969482422,35.459999084472656,35.70000076293945,79983
2005-10-21,14.115110397338867,35.400001525878906,35.7599983215332,35.15999984741211,35.15999984741211,69433
2005-10-24,14.043339729309082,35.220001220703125,35.52000045776367,35.15999984741211,35.15999984741211,89000
2005-10-25,14.35435676574707,36.0,36.0,35.099998474121094,35.099998474121094,154500
2005-10-26,14.210799217224121,35.63999938964844,35.880001068115234,35.279998779296875,35.279998779296875,75650
2005-10-27,14.174707412719727,35.34000015258789,35.58000183105469,35.099998474121094,35.58000183105469,70417
2005-10-28,13.982184410095215,34.86000061035156,35.34000015258789,34.86000061035156,35.220001220703125,134667
2005-10-31,13.861865997314453,34.560001373291016,34.79999923706055,33.599998474121094,34.619998931884766,286583
2005-11-01,13.837787628173828,34.5,34.68000030517578,34.20000076293945,34.2599983215332,83583
2005-11-02,14.030309677124023,34.97999954223633,35.15999984741211,34.2599983215332,34.5,79600
2005-11-03,14.006250381469727,34.91999816894531,35.099998474121094,34.79999923706055,34.86000061035156,61400
2005-11-04,13.909978866577148,34.68000030517578,34.91999816894531,34.5,34.68000030517578,48467
2005-11-07,13.669332504272461,34.08000183105469,34.5,33.779998779296875,34.31999969482422,138850
2005-11-08,13.645262718200684,34.02000045776367,34.08000183105469,33.599998474121094,33.84000015258789,140767
2005-11-09,13.693384170532227,34.13999938964844,34.560001373291016,33.779998779296875,33.779998779296875,97350
2005-11-10,13.645262718200684,34.02000045776367,34.2599983215332,33.900001525878906,33.959999084472656,110400
2005-11-11,13.837787628173828,34.5,34.5,33.900001525878906,33.959999084472656,88667
2005-11-14,13.693384170532227,34.13999938964844,34.5,34.02000045776367,34.380001068115234,76483
2005-11-15,13.693384170532227,34.13999938964844,34.5,33.959999084472656,34.02000045776367,102950
2005-11-16,13.645262718200684,34.02000045776367,34.380001068115234,33.959999084472656,34.31999969482422,93967
2005-11-17,13.59713077545166,33.900001525878906,34.20000076293945,33.599998474121094,34.02000045776367,203217
2005-11-18,13.669332504272461,34.08000183105469,34.13999938964844,33.599998474121094,33.599998474121094,107467
2005-11-21,13.789658546447754,34.380001068115234,34.5,33.959999084472656,34.08000183105469,146433
2005-11-22,13.934054374694824,34.7400016784668,34.7400016784668,34.31999969482422,34.439998626708984,122600
2005-11-23,13.909978866577148,34.68000030517578,34.86000061035156,34.5,34.619998931884766,93617
2005-11-25,13.861865997314453,34.560001373291016,34.79999923706055,34.560001373291016,34.619998931884766,42733
2005-11-28,13.972273826599121,34.79999923706055,34.86000061035156,34.380001068115234,34.380001068115234,91817
2005-11-29,13.924072265625,34.68000030517578,34.79999923706055,34.560001373291016,34.7400016784668,86533
2005-11-30,13.899993896484375,34.619998931884766,34.619998931884766,34.380001068115234,34.560001373291016,57500
2005-12-01,13.803637504577637,34.380001068115234,34.619998931884766,34.2599983215332,34.619998931884766,113133
2005-12-02,13.803637504577637,34.380001068115234,34.560001373291016,34.2599983215332,34.2599983215332,76750
2005-12-05,13.683186531066895,34.08000183105469,34.439998626708984,33.959999084472656,34.2599983215332,102300
2005-12-06,13.731361389160156,34.20000076293945,34.20000076293945,33.959999084472656,34.02000045776367,126567
2005-12-07,13.659097671508789,34.02000045776367,34.20000076293945,33.84000015258789,34.13999938964844,112300
2005-12-08,13.779541969299316,34.31999969482422,34.380001068115234,33.959999084472656,34.02000045776367,85833
2005-12-09,13.803637504577637,34.380001068115234,34.439998626708984,34.08000183105469,34.20000076293945,103950
2005-12-12,13.899993896484375,34.619998931884766,34.79999923706055,34.380001068115234,34.439998626708984,230783
2005-12-13,14.068624496459961,35.040000915527344,35.040000915527344,34.619998931884766,34.619998931884766,148367
2005-12-14,14.381802558898926,35.81999969482422,35.81999969482422,34.97999954223633,34.97999954223633,201217
2005-12-15,14.164976119995117,35.279998779296875,35.70000076293945,35.15999984741211,35.63999938964844,105917
2005-12-16,14.164976119995117,35.279998779296875,35.70000076293945,35.15999984741211,35.34000015258789,113867
2005-12-19,14.381802558898926,35.81999969482422,36.0,35.220001220703125,35.34000015258789,144283
2005-12-20,14.285443305969238,35.58000183105469,36.0,35.52000045776367,35.939998626708984,102450
2005-12-21,14.309523582458496,35.63999938964844,35.7599983215332,35.279998779296875,35.459999084472656,101950
2005-12-22,14.164976119995117,35.279998779296875,35.63999938964844,35.099998474121094,35.58000183105469,85517
2005-12-23,14.068624496459961,35.040000915527344,35.279998779296875,34.79999923706055,35.279998779296875,103683
2005-12-27,14.044522285461426,34.97999954223633,35.099998474121094,34.86000061035156,34.97999954223633,113000
2005-12-28,14.226305961608887,35.220001220703125,35.220001220703125,34.619998931884766,34.79999923706055,112450
2005-12-29,14.202065467834473,35.15999984741211,35.34000015258789,35.099998474121094,35.220001220703125,89450
2005-12-30,14.056661605834961,34.79999923706055,35.279998779296875,34.68000030517578,35.220001220703125,137900
2006-01-03,14.39594841003418,35.63999938964844,35.7599983215332,34.439998626708984,34.439998626708984,163383
2006-01-04,14.638315200805664,36.2400016784668,36.29999923706055,35.81999969482422,35.880001068115234,135850
2006-01-05,14.686781883239746,36.36000061035156,36.47999954223633,36.119998931884766,36.29999923706055,115950
2006-01-06,14.880672454833984,36.84000015258789,36.900001525878906,36.36000061035156,36.41999816894531,116583
2006-01-09,14.880672454833984,36.84000015258789,37.02000045776367,36.599998474121094,36.900001525878906,121933
2006-01-10,14.904902458190918,36.900001525878906,37.02000045776367,36.65999984741211,36.84000015258789,124350
2006-01-11,14.977602005004883,37.08000183105469,37.08000183105469,36.779998779296875,36.84000015258789,108833
2006-01-12,14.904902458190918,36.900001525878906,37.02000045776367,36.540000915527344,36.959999084472656,94783
2006-01-13,15.147244453430176,37.5,37.5,36.720001220703125,37.08000183105469,214817
2006-01-17,15.074552536010742,37.31999969482422,37.439998626708984,37.02000045776367,37.380001068115234,116533
2006-01-18,15.00184154510498,37.13999938964844,37.2599983215332,36.900001525878906,37.20000076293945,68750
2006-01-19,14.953378677368164,37.02000045776367,37.13999938964844,36.84000015258789,37.13999938964844,71250
2006-01-20,14.977602005004883,37.08000183105469,37.13999938964844,36.900001525878906,37.08000183105469,78533
2006-01-23,15.24420166015625,37.7400016784668,37.7400016784668,37.13999938964844,37.20000076293945,174817
2006-01-24,15.171486854553223,37.560001373291016,37.7400016784668,37.380001068115234,37.7400016784668,94400
2006-01-25,15.12301254272461,37.439998626708984,37.560001373291016,37.380001068115234,37.5,59050
2006-01-26,15.12301254272461,37.439998626708984,37.619998931884766,37.380001068115234,37.5,76483
2006-01-27,15.112919807434082,37.380001068115234,37.79999923706055,37.2599983215332,37.5,97567
2006-01-30,15.040129661560059,37.20000076293945,37.380001068115234,36.959999084472656,37.31999969482422,102867
2006-01-31,14.991615295410156,37.08000183105469,37.380001068115234,37.08000183105469,37.380001068115234,64450
2006-02-01,15.040129661560059,37.20000076293945,37.20000076293945,37.02000045776367,37.20000076293945,69383
2006-02-02,14.918848037719727,36.900001525878906,37.2599983215332,36.720001220703125,37.20000076293945,63867
2006-02-03,14.967371940612793,37.02000045776367,37.08000183105469,36.060001373291016,36.900001525878906,89367
2006-02-06,14.894597053527832,36.84000015258789,36.959999084472656,36.540000915527344,36.959999084472656,65250
2006-02-07,14.894597053527832,36.84000015258789,37.02000045776367,36.779998779296875,36.84000015258789,51033
2006-02-08,14.797560691833496,36.599998474121094,36.84000015258789,36.41999816894531,36.84000015258789,65333
2006-02-09,14.943097114562988,36.959999084472656,37.08000183105469,36.599998474121094,36.599998474121094,121633
2006-02-10,14.991615295410156,37.08000183105469,37.2599983215332,36.959999084472656,37.2599983215332,86317
2006-02-13,14.87032699584961,36.779998779296875,37.31999969482422,36.41999816894531,37.02000045776367,99033
2006-02-14,14.943097114562988,36.959999084472656,37.13999938964844,36.720001220703125,36.720001220703125,103633
2006-02-15,14.967371940612793,37.02000045776367,37.13999938964844,36.599998474121094,37.13999938964844,94917
2006-02-16,14.894597053527832,36.84000015258789,37.08000183105469,36.65999984741211,36.959999084472656,59800
2006-02-17,14.991615295410156,37.08000183105469,37.13999938964844,36.84000015258789,36.959999084472656,42350
2006-02-21,15.015880584716797,37.13999938964844,37.20000076293945,36.959999084472656,37.08000183105469,58100
2006-02-22,14.967371940612793,37.02000045776367,37.2599983215332,36.84000015258789,37.20000076293945,67100
2006-02-23,14.991615295410156,37.08000183105469,37.08000183105469,36.900001525878906,36.959999084472656,39867
2006-02-24,14.97942066192627,36.84000015258789,37.08000183105469,36.599998474121094,37.08000183105469,88450
2006-02-27,14.906237602233887,36.65999984741211,36.900001525878906,36.599998474121094,36.84000015258789,74283
2006-02-28,15.003811836242676,36.900001525878906,36.900001525878906,36.65999984741211,36.65999984741211,55117
2006-03-01,15.15019416809082,37.2599983215332,37.380001068115234,36.900001525878906,36.959999084472656,91633
2006-03-02,15.174605369567871,37.31999969482422,37.439998626708984,37.13999938964844,37.13999938964844,99700
2006-03-03,14.97942066192627,36.84000015258789,37.5,36.720001220703125,37.08000183105469,89000
2006-03-06,14.955022811889648,36.779998779296875,36.900001525878906,36.599998474121094,36.84000015258789,66533
2006-03-07,14.711071014404297,36.18000030517578,36.65999984741211,36.119998931884766,36.540000915527344,116350
2006-03-08,14.589086532592773,35.880001068115234,36.060001373291016,30.479999542236328,35.7599983215332,231967
2006-03-09,14.930631637573242,36.720001220703125,36.779998779296875,35.63999938964844,35.880001068115234,144383
2006-03-10,14.881842613220215,36.599998474121094,36.720001220703125,36.29999923706055,36.65999984741211,102717
2006-03-13,14.759873390197754,36.29999923706055,36.900001525878906,36.18000030517578,36.540000915527344,79767
2006-03-14,14.857446670532227,36.540000915527344,36.599998474121094,36.2400016784668,36.41999816894531,61883
2006-03-15,14.808649063110352,36.41999816894531,36.540000915527344,36.2400016784668,36.41999816894531,56417
2006-03-16,14.808649063110352,36.41999816894531,36.599998474121094,36.29999923706055,36.41999816894531,63283
2006-03-17,14.808649063110352,36.41999816894531,36.41999816894531,36.2400016784668,36.41999816894531,67067
2006-03-20,14.857446670532227,36.540000915527344,37.5,36.29999923706055,36.29999923706055,89067
2006-03-21,14.784255981445312,36.36000061035156,36.720001220703125,35.939998626708984,36.599998474121094,150733
2006-03-22,14.83304214477539,36.47999954223633,36.47999954223633,36.2400016784668,36.36000061035156,63067
2006-03-23,14.857446670532227,36.540000915527344,36.599998474121094,36.29999923706055,36.36000061035156,53267
2006-03-24,14.83304214477539,36.47999954223633,36.65999984741211,36.36000061035156,36.41999816894531,74067
2006-03-27,14.759873390197754,36.29999923706055,36.599998474121094,36.18000030517578,36.599998474121094,61567
2006-03-28,14.564681053161621,35.81999969482422,36.41999816894531,35.7599983215332,36.36000061035156,136400
2006-03-29,14.505655288696289,35.63999938964844,36.18000030517578,35.34000015258789,35.880001068115234,158200
2006-03-30,14.62777328491211,35.939998626708984,36.0,35.63999938964844,35.70000076293945,82833
2006-03-31,14.505655288696289,35.63999938964844,36.2400016784668,35.400001525878906,35.7599983215332,77883
2006-04-03,14.481252670288086,35.58000183105469,35.70000076293945,35.400001525878906,35.63999938964844,63233
2006-04-04,14.554515838623047,35.7599983215332,35.880001068115234,35.459999084472656,35.459999084472656,90850
2006-04-05,14.62777328491211,35.939998626708984,35.939998626708984,35.70000076293945,35.70000076293945,71883
2006-04-06,14.7498779296875,36.2400016784668,36.2400016784668,35.81999969482422,35.939998626708984,108483
2006-04-07,14.505655288696289,35.63999938964844,36.18000030517578,35.400001525878906,36.119998931884766,92100
2006-04-10,14.310304641723633,35.15999984741211,35.58000183105469,34.91999816894531,35.459999084472656,172917
2006-04-11,14.383574485778809,35.34000015258789,35.400001525878906,35.040000915527344,35.040000915527344,85283
2006-04-12,14.43241024017334,35.459999084472656,35.58000183105469,35.220001220703125,35.459999084472656,60483
2006-04-13,14.676616668701172,36.060001373291016,36.18000030517578,35.15999984741211,35.34000015258789,148167
2006-04-17,14.5300874710083,35.70000076293945,36.119998931884766,35.400001525878906,36.0,79333
2006-04-18,14.676616668701172,36.060001373291016,36.18000030517578,35.58000183105469,35.63999938964844,98967
2006-04-19,14.554515838623047,35.7599983215332,36.060001373291016,35.70000076293945,36.0,106183
2006-04-20,14.60335922241211,35.880001068115234,36.060001373291016,35.70000076293945,35.81999969482422,71483
2006-04-21,14.578934669494629,35.81999969482422,35.939998626708984,35.70000076293945,35.880001068115234,127367
2006-04-24,14.65219783782959,36.0,36.0,35.7599983215332,35.7599983215332,77583
2006-04-25,14.578934669494629,35.81999969482422,36.060001373291016,35.70000076293945,36.0,68100
2006-04-26,14.689478874206543,35.880001068115234,35.880001068115234,35.58000183105469,35.7599983215332,72150
2006-04-27,14.714040756225586,35.939998626708984,36.060001373291016,35.7599983215332,35.880001068115234,64883
2006-04-28,14.812294006347656,36.18000030517578,36.29999923706055,35.81999969482422,35.880001068115234,81267
2006-05-01,14.91054916381836,36.41999816894531,36.599998474121094,36.29999923706055,36.29999923706055,117567
2006-05-02,14.959686279296875,36.540000915527344,36.720001220703125,36.47999954223633,36.47999954223633,120633
2006-05-03,15.057930946350098,36.779998779296875,36.779998779296875,36.540000915527344,36.65999984741211,70400
2006-05-04,15.082489967346191,36.84000015258789,36.900001525878906,36.599998474121094,36.779998779296875,76467
2006-05-05,15.180754661560059,37.08000183105469,37.20000076293945,36.779998779296875,36.84000015258789,124900
2006-05-08,15.107073783874512,36.900001525878906,37.20000076293945,36.779998779296875,37.08000183105469,94250
2006-05-09,14.959686279296875,36.540000915527344,37.13999938964844,36.41999816894531,36.900001525878906,161117
2006-05-10,15.033369064331055,36.720001220703125,36.900001525878906,36.540000915527344,36.599998474121094,77567
2006-05-11,15.156190872192383,37.02000045776367,37.13999938964844,36.540000915527344,36.540000915527344,110083
2006-05-12,15.033369064331055,36.720001220703125,37.20000076293945,36.720001220703125,37.20000076293945,80750
2006-05-15,15.20532512664795,37.13999938964844,37.20000076293945,36.84000015258789,37.08000183105469,196700
2006-05-16,15.156190872192383,37.02000045776367,37.13999938964844,36.84000015258789,36.900001525878906,84667
2006-05-17,15.033369064331055,36.720001220703125,37.20000076293945,36.65999984741211,37.08000183105469,79917
2006-05-18,15.156190872192383,37.02000045776367,37.13999938964844,36.720001220703125,36.720001220703125,86933
2006-05-19,15.131616592407227,36.959999084472656,37.08000183105469,36.84000015258789,37.02000045776367,88783
2006-05-22,15.008803367614746,36.65999984741211,36.959999084472656,36.599998474121094,36.900001525878906,79200
2006-05-23,15.131616592407227,36.959999084472656,37.08000183105469,36.720001220703125,36.779998779296875,105233
2006-05-24,15.082489967346191,36.84000015258789,37.13999938964844,36.84000015258789,36.900001525878906,54167
2006-05-25,15.033369064331055,36.720001220703125,36.900001525878906,36.540000915527344,36.84000015258789,72667
2006-05-26,14.8480806350708,36.060001373291016,36.779998779296875,36.060001373291016,36.36000061035156,53750
2006-05-30,14.946893692016602,36.29999923706055,36.47999954223633,36.18000030517578,36.36000061035156,52450
2006-05-31,14.99631404876709,36.41999816894531,36.599998474121094,36.18000030517578,36.29999923706055,54617
2006-06-01,15.045733451843262,36.540000915527344,36.599998474121094,36.36000061035156,36.540000915527344,71100
2006-06-02,15.144547462463379,36.779998779296875,36.84000015258789,36.540000915527344,36.540000915527344,70933
2006-06-05,15.144547462463379,36.779998779296875,36.900001525878906,36.65999984741211,36.900001525878906,90117
2006-06-06,14.971612930297852,36.36000061035156,36.900001525878906,36.2400016784668,36.84000015258789,104650
2006-06-07,14.897492408752441,36.18000030517578,36.36000061035156,36.119998931884766,36.36000061035156,55417
2006-06-08,14.749251365661621,35.81999969482422,36.18000030517578,35.63999938964844,36.060001373291016,121333
2006-06-09,14.922202110290527,36.2400016784668,36.36000061035156,35.7599983215332,35.7599983215332,51933
2006-06-12,14.749251365661621,35.81999969482422,36.36000061035156,35.81999969482422,36.36000061035156,54283
2006-06-13,14.699847221374512,35.70000076293945,36.060001373291016,35.52000045776367,35.7599983215332,101517
2006-06-14,14.699847221374512,35.70000076293945,35.7599983215332,35.52000045776367,35.58000183105469,51250
2006-06-15,14.872780799865723,36.119998931884766,36.18000030517578,35.459999084472656,35.70000076293945,75350
2006-06-16,14.8480806350708,36.060001373291016,36.36000061035156,35.939998626708984,36.29999923706055,46267
2006-06-19,14.872780799865723,36.119998931884766,36.29999923706055,35.81999969482422,35.939998626708984,60033
2006-06-20,14.872780799865723,36.119998931884766,36.36000061035156,36.119998931884766,36.29999923706055,74333
2006-06-21,14.749251365661621,35.81999969482422,36.119998931884766,35.7599983215332,36.119998931884766,85100
2006-06-22,14.724560737609863,35.7599983215332,36.0,35.7599983215332,35.939998626708984,34183
2006-06-23,14.749251365661621,35.81999969482422,36.0,35.70000076293945,35.880001068115234,66483
2006-06-26,14.699847221374512,35.70000076293945,35.939998626708984,35.70000076293945,35.7599983215332,65033
2006-06-27,14.699847221374512,35.70000076293945,35.81999969482422,35.58000183105469,35.63999938964844,83783
2006-06-28,14.637716293334961,35.34000015258789,35.459999084472656,35.15999984741211,35.279998779296875,62033
2006-06-29,14.612859725952148,35.279998779296875,35.400001525878906,35.099998474121094,35.279998779296875,83083
2006-06-30,14.836525917053223,35.81999969482422,35.880001068115234,35.220001220703125,35.400001525878906,79883
2006-07-03,14.911088943481445,36.0,36.0,35.58000183105469,35.880001068115234,49267
2006-07-05,14.761969566345215,35.63999938964844,36.119998931884766,35.63999938964844,36.119998931884766,82783
2006-07-06,14.761969566345215,35.63999938964844,35.81999969482422,35.63999938964844,35.63999938964844,82600
2006-07-07,14.861380577087402,35.880001068115234,36.119998931884766,35.70000076293945,35.70000076293945,86667
2006-07-10,14.911088943481445,36.0,36.119998931884766,35.7599983215332,36.060001373291016,65167
2006-07-11,14.861380577087402,35.880001068115234,36.119998931884766,35.880001068115234,35.939998626708984,55967
2006-07-12,14.811686515808105,35.7599983215332,35.880001068115234,35.52000045776367,35.81999969482422,82767
2006-07-13,14.737129211425781,35.58000183105469,35.880001068115234,35.459999084472656,35.7599983215332,63167
2006-07-14,14.861380577087402,35.880001068115234,35.880001068115234,35.459999084472656,35.63999938964844,53017
2006-07-17,14.886235237121582,35.939998626708984,36.0,35.7599983215332,35.880001068115234,64150
2006-07-18,14.861380577087402,35.880001068115234,36.060001373291016,35.70000076293945,35.939998626708984,55150
2006-07-19,14.96078872680664,36.119998931884766,36.119998931884766,35.7599983215332,35.880001068115234,74800
2006-07-20,14.886235237121582,35.939998626708984,36.119998931884766,35.880001068115234,36.060001373291016,55550
2006-07-21,14.911088943481445,36.0,36.060001373291016,35.880001068115234,35.880001068115234,53600
2006-07-24,14.935937881469727,36.060001373291016,36.119998931884766,35.880001068115234,36.0,46350
2006-07-25,15.060190200805664,36.36000061035156,36.36000061035156,35.939998626708984,36.060001373291016,84067
2006-07-26,15.085040092468262,36.41999816894531,36.41999816894531,36.119998931884766,36.119998931884766,59517
2006-07-27,15.099554061889648,36.41999816894531,36.540000915527344,36.29999923706055,36.36000061035156,70717
2006-07-28,15.049802780151367,36.29999923706055,36.47999954223633,36.119998931884766,36.29999923706055,56183
2006-07-31,14.975179672241211,36.119998931884766,36.29999923706055,36.119998931884766,36.18000030517578,43867
2006-08-01,15.049802780151367,36.29999923706055,36.29999923706055,36.0,36.0,58133
2006-08-02,15.124433517456055,36.47999954223633,36.47999954223633,36.18000030517578,36.2400016784668,56100
2006-08-03,15.024935722351074,36.2400016784668,36.41999816894531,36.2400016784668,36.41999816894531,45133
2006-08-04,15.149312019348145,36.540000915527344,36.540000915527344,36.2400016784668,36.29999923706055,81867
2006-08-07,15.124433517456055,36.47999954223633,36.599998474121094,36.36000061035156,36.599998474121094,83000
2006-08-08,15.074677467346191,36.36000061035156,36.599998474121094,36.2400016784668,36.47999954223633,79500
2006-08-09,15.149312019348145,36.540000915527344,36.599998474121094,36.36000061035156,36.41999816894531,57400
2006-08-10,15.049802780151367,36.29999923706055,36.540000915527344,36.2400016784668,36.47999954223633,75233
2006-08-11,15.124433517456055,36.47999954223633,36.540000915527344,36.29999923706055,36.41999816894531,83367
2006-08-14,15.124433517456055,36.47999954223633,36.65999984741211,36.41999816894531,36.599998474121094,85250
2006-08-15,15.149312019348145,36.540000915527344,36.65999984741211,36.47999954223633,36.599998474121094,76850
2006-08-16,15.199063301086426,36.65999984741211,36.65999984741211,36.540000915527344,36.599998474121094,49600
2006-08-17,15.223943710327148,36.720001220703125,36.900001525878906,36.65999984741211,36.65999984741211,65300
2006-08-18,15.273689270019531,36.84000015258789,37.02000045776367,36.720001220703125,36.720001220703125,58317
2006-08-21,15.273689270019531,36.84000015258789,37.08000183105469,36.84000015258789,36.84000015258789,73933
2006-08-22,15.373194694519043,37.08000183105469,37.08000183105469,36.84000015258789,36.959999084472656,48800
2006-08-23,15.373194694519043,37.08000183105469,37.20000076293945,37.02000045776367,37.08000183105469,58067
2006-08-24,15.39807415008545,37.13999938964844,37.20000076293945,37.02000045776367,37.13999938964844,57000
2006-08-25,15.348320960998535,37.02000045776367,37.20000076293945,37.02000045776367,37.20000076293945,53483
2006-08-28,15.223943710327148,36.720001220703125,37.08000183105469,36.65999984741211,37.02000045776367,102600
2006-08-29,15.261463165283203,36.599998474121094,36.720001220703125,36.36000061035156,36.599998474121094,87117
2006-08-30,15.311505317687988,36.720001220703125,36.84000015258789,36.599998474121094,36.599998474121094,65417
2006-08-31,15.286484718322754,36.65999984741211,36.84000015258789,36.599998474121094,36.720001220703125,57033
2006-09-01,15.286484718322754,36.65999984741211,36.720001220703125,36.599998474121094,36.599998474121094,40650
2006-09-05,15.311505317687988,36.720001220703125,36.779998779296875,36.47999954223633,36.599998474121094,67317
2006-09-06,15.236448287963867,36.540000915527344,36.720001220703125,36.47999954223633,36.65999984741211,42267
2006-09-07,15.211423873901367,36.47999954223633,36.540000915527344,36.36000061035156,36.41999816894531,50017
2006-09-08,15.211423873901367,36.47999954223633,36.599998474121094,36.36000061035156,36.36000061035156,54333
2006-09-11,15.186399459838867,36.41999816894531,36.599998474121094,36.36000061035156,36.41999816894531,68567
2006-09-12,15.236448287963867,36.540000915527344,36.599998474121094,36.36000061035156,36.36000061035156,69833
2006-09-13,15.211423873901367,36.47999954223633,36.599998474121094,36.36000061035156,36.47999954223633,66433
2006-09-14,15.161392211914062,36.36000061035156,36.47999954223633,36.29999923706055,36.41999816894531,83033
2006-09-15,15.186399459838867,36.41999816894531,36.540000915527344,36.29999923706055,36.36000061035156,78817
2006-09-18,15.261463165283203,36.599998474121094,36.599998474121094,36.29999923706055,36.41999816894531,75883
2006-09-19,15.161392211914062,36.36000061035156,36.599998474121094,36.36000061035156,36.599998474121094,60450
2006-09-20,15.211423873901367,36.47999954223633,36.47999954223633,36.36000061035156,36.41999816894531,42833
2006-09-21,15.186399459838867,36.41999816894531,36.540000915527344,36.36000061035156,36.47999954223633,60667
2006-09-22,15.211423873901367,36.47999954223633,36.540000915527344,36.36000061035156,36.41999816894531,38400
2006-09-25,15.186399459838867,36.41999816894531,36.540000915527344,36.36000061035156,36.41999816894531,74383
2006-09-26,15.186399459838867,36.41999816894531,36.540000915527344,36.41999816894531,36.41999816894531,63917
2006-09-27,15.249321937561035,36.36000061035156,36.36000061035156,36.18000030517578,36.36000061035156,43983
2006-09-28,15.224161148071289,36.29999923706055,36.36000061035156,36.18000030517578,36.29999923706055,67567
2006-09-29,15.19900131225586,36.2400016784668,36.36000061035156,36.18000030517578,36.29999923706055,58417
2006-10-02,15.274479866027832,36.41999816894531,36.47999954223633,36.2400016784668,36.36000061035156,61900
2006-10-03,15.249321937561035,36.36000061035156,36.540000915527344,36.29999923706055,36.41999816894531,56367
2006-10-04,15.249321937561035,36.36000061035156,36.540000915527344,36.29999923706055,36.36000061035156,75367
2006-10-05,15.249321937561035,36.36000061035156,36.41999816894531,36.29999923706055,36.29999923706055,68117
2006-10-06,15.19900131225586,36.2400016784668,36.41999816894531,36.18000030517578,36.41999816894531,62167
2006-10-09,15.148660659790039,36.119998931884766,36.29999923706055,36.060001373291016,36.18000030517578,61050
2006-10-10,15.17382526397705,36.18000030517578,36.18000030517578,36.0,36.060001373291016,50600
2006-10-11,15.17382526397705,36.18000030517578,36.2400016784668,36.060001373291016,36.119998931884766,105250
2006-10-12,15.123502731323242,36.060001373291016,36.2400016784668,36.060001373291016,36.119998931884766,67850
2006-10-13,15.123502731323242,36.060001373291016,36.18000030517578,36.0,36.119998931884766,88183
2006-10-16,15.274479866027832,36.41999816894531,36.47999954223633,36.119998931884766,36.119998931884766,86133
2006-10-17,15.224161148071289,36.29999923706055,36.47999954223633,36.18000030517578,36.41999816894531,81400
2006-10-18,15.19900131225586,36.2400016784668,36.41999816894531,36.18000030517578,36.41999816894531,54050
2006-10-19,15.224161148071289,36.29999923706055,36.36000061035156,36.18000030517578,36.18000030517578,53233
2006-10-20,15.19900131225586,36.2400016784668,36.36000061035156,36.18000030517578,36.2400016784668,66367
2006-10-23,15.17382526397705,36.18000030517578,36.29999923706055,36.119998931884766,36.2400016784668,68033
2006-10-24,15.224161148071289,36.29999923706055,36.29999923706055,36.119998931884766,36.119998931884766,55500
2006-10-25,15.224161148071289,36.29999923706055,36.29999923706055,36.18000030517578,36.2400016784668,81033
2006-10-26,15.299643516540527,36.47999954223633,36.47999954223633,36.2400016784668,36.29999923706055,58683
2006-10-27,15.362918853759766,36.41999816894531,36.47999954223633,36.2400016784668,36.2400016784668,86300
2006-10-30,15.438846588134766,36.599998474121094,36.599998474121094,36.36000061035156,36.41999816894531,93183
2006-10-31,15.413537979125977,36.540000915527344,36.720001220703125,36.47999954223633,36.540000915527344,81567
2006-11-01,15.48946762084961,36.720001220703125,36.779998779296875,36.540000915527344,36.599998474121094,68750
2006-11-02,15.464163780212402,36.65999984741211,36.900001525878906,36.47999954223633,36.84000015258789,124450
2006-11-03,15.388223648071289,36.47999954223633,36.65999984741211,36.41999816894531,36.599998474121094,37067
2006-11-06,15.438846588134766,36.599998474121094,36.599998474121094,36.41999816894531,36.41999816894531,43483
2006-11-07,15.464163780212402,36.65999984741211,36.720001220703125,36.540000915527344,36.540000915527344,72217
2006-11-08,15.464163780212402,36.65999984741211,36.720001220703125,36.599998474121094,36.65999984741211,54050
2006-11-09,15.464163780212402,36.65999984741211,36.720001220703125,36.47999954223633,36.65999984741211,73800
2006-11-10,15.48946762084961,36.720001220703125,36.720001220703125,36.599998474121094,36.720001220703125,51750
2006-11-13,15.413537979125977,36.540000915527344,36.900001525878906,36.540000915527344,36.720001220703125,78333
2006-11-14,15.565393447875977,36.900001525878906,36.900001525878906,36.540000915527344,36.540000915527344,106000
2006-11-15,15.6160249710083,37.02000045776367,37.02000045776367,36.84000015258789,36.900001525878906,65817
2006-11-16,15.590704917907715,36.959999084472656,37.08000183105469,36.900001525878906,37.02000045776367,56650
2006-11-17,15.540096282958984,36.84000015258789,37.02000045776367,36.720001220703125,36.959999084472656,60017
2006-11-20,15.6160249710083,37.02000045776367,37.08000183105469,36.720001220703125,36.720001220703125,143117
2006-11-21,15.6160249710083,37.02000045776367,37.08000183105469,36.959999084472656,37.02000045776367,55950
2006-11-22,15.86910343170166,37.619998931884766,37.619998931884766,37.02000045776367,37.08000183105469,132250
2006-11-24,16.04627227783203,38.040000915527344,38.099998474121094,37.5,37.5,94367
2006-11-27,16.04627227783203,38.040000915527344,38.099998474121094,37.86000061035156,38.040000915527344,131067
2006-11-28,16.010398864746094,37.91999816894531,38.040000915527344,37.79999923706055,37.86000061035156,84550
2006-11-29,15.909058570861816,37.68000030517578,38.099998474121094,37.560001373291016,37.86000061035156,89050
2006-11-30,15.934391021728516,37.7400016784668,37.97999954223633,37.5,37.560001373291016,102633
2006-12-01,15.807719230651855,37.439998626708984,37.79999923706055,37.380001068115234,37.79999923706055,118017
2006-12-04,15.959724426269531,37.79999923706055,37.86000061035156,37.5,37.560001373291016,65433
2006-12-05,16.010398864746094,37.91999816894531,37.91999816894531,37.560001373291016,37.86000061035156,76400
2006-12-06,15.985054016113281,37.86000061035156,37.97999954223633,37.560001373291016,37.86000061035156,54300
2006-12-07,15.985054016113281,37.86000061035156,38.099998474121094,37.619998931884766,37.86000061035156,89400
2006-12-08,15.909058570861816,37.68000030517578,38.099998474121094,37.68000030517578,37.86000061035156,89183
2006-12-11,15.959724426269531,37.79999923706055,37.91999816894531,37.68000030517578,37.68000030517578,71650
2006-12-12,16.010398864746094,37.91999816894531,37.91999816894531,37.79999923706055,37.79999923706055,53867
2006-12-13,15.959724426269531,37.79999923706055,37.97999954223633,37.619998931884766,37.97999954223633,71150
2006-12-14,15.858389854431152,37.560001373291016,37.79999923706055,37.380001068115234,37.7400016784668,63317
2006-12-15,15.88371753692627,37.619998931884766,37.86000061035156,37.560001373291016,37.79999923706055,50633
2006-12-18,15.858389854431152,37.560001373291016,37.97999954223633,37.5,37.86000061035156,86900
2006-12-19,15.909058570861816,37.68000030517578,37.7400016784668,37.31999969482422,37.5,78800
2006-12-20,15.934391021728516,37.7400016784668,37.79999923706055,37.619998931884766,37.68000030517578,61333
2006-12-21,15.858389854431152,37.560001373291016,37.7400016784668,37.560001373291016,37.7400016784668,49667
2006-12-22,15.909058570861816,37.68000030517578,37.7400016784668,37.5,37.68000030517578,51500
2006-12-26,15.88371753692627,37.619998931884766,37.68000030517578,37.5,37.560001373291016,43300
2006-12-27,15.847810745239258,37.5,37.560001373291016,37.380001068115234,37.5,52183
2006-12-28,15.822443962097168,37.439998626708984,37.68000030517578,37.31999969482422,37.5,67950
2006-12-29,15.77173137664795,37.31999969482422,37.619998931884766,37.2599983215332,37.619998931884766,96667
2007-01-03,15.77173137664795,37.31999969482422,37.560001373291016,37.13999938964844,37.20000076293945,99617
2007-01-04,15.797093391418457,37.380001068115234,37.5,37.20000076293945,37.31999969482422,71550
2007-01-05,15.746379852294922,37.2599983215332,37.5,37.13999938964844,37.31999969482422,51450
2007-01-08,15.77173137664795,37.31999969482422,37.439998626708984,37.02000045776367,37.2599983215332,85100
2007-01-09,15.746379852294922,37.2599983215332,37.380001068115234,37.08000183105469,37.2599983215332,64083
2007-01-10,15.619595527648926,36.959999084472656,37.2599983215332,36.959999084472656,37.20000076293945,56500
2007-01-11,15.6449613571167,37.02000045776367,37.08000183105469,36.18000030517578,36.720001220703125,99883
2007-01-12,15.619595527648926,36.959999084472656,37.13999938964844,36.900001525878906,37.08000183105469,63717
2007-01-16,15.619595527648926,36.959999084472656,37.380001068115234,36.900001525878906,36.900001525878906,103850
2007-01-17,15.721023559570312,37.20000076293945,37.2599983215332,36.959999084472656,37.02000045776367,49917
2007-01-18,15.695672988891602,37.13999938964844,37.31999969482422,37.02000045776367,37.02000045776367,104500
2007-01-19,15.721023559570312,37.20000076293945,37.2599983215332,37.08000183105469,37.20000076293945,143600
2007-01-22,15.77173137664795,37.31999969482422,37.439998626708984,37.2599983215332,37.31999969482422,142650
2007-01-23,15.797093391418457,37.380001068115234,37.5,37.31999969482422,37.31999969482422,59217
2007-01-24,15.797093391418457,37.380001068115234,37.439998626708984,37.08000183105469,37.31999969482422,114000
2007-01-25,15.746379852294922,37.2599983215332,37.439998626708984,37.13999938964844,37.380001068115234,89517
2007-01-26,15.797093391418457,37.380001068115234,37.439998626708984,37.13999938964844,37.20000076293945,56733
2007-01-29,15.809843063354492,37.20000076293945,37.2599983215332,37.08000183105469,37.20000076293945,44767
2007-01-30,15.835343360900879,37.2599983215332,37.2599983215332,37.02000045776367,37.20000076293945,68983
2007-01-31,15.835343360900879,37.2599983215332,37.2599983215332,37.08000183105469,37.08000183105469,81083
2007-02-01,15.835343360900879,37.2599983215332,37.439998626708984,37.2599983215332,37.2599983215332,59383
2007-02-02,15.809843063354492,37.20000076293945,37.380001068115234,37.08000183105469,37.2599983215332,72717
2007-02-05,15.733345985412598,37.02000045776367,37.20000076293945,37.02000045776367,37.13999938964844,62200
2007-02-06,15.809843063354492,37.20000076293945,37.20000076293945,37.02000045776367,37.02000045776367,68917
2007-02-07,15.784346580505371,37.13999938964844,37.2599983215332,37.08000183105469,37.20000076293945,52583
2007-02-08,15.835343360900879,37.2599983215332,37.2599983215332,37.02000045776367,37.02000045776367,71667
2007-02-09,15.809843063354492,37.20000076293945,37.439998626708984,37.08000183105469,37.2599983215332,110717
2007-02-12,15.809843063354492,37.20000076293945,37.7400016784668,37.13999938964844,37.2599983215332,94950
2007-02-13,15.860838890075684,37.31999969482422,37.380001068115234,37.20000076293945,37.2599983215332,70117
2007-02-14,15.937346458435059,37.5,37.5,37.20000076293945,37.380001068115234,81067
2007-02-15,16.013839721679688,37.68000030517578,37.68000030517578,37.439998626708984,37.5,61600
2007-02-16,16.013839721679688,37.68000030517578,37.79999923706055,37.560001373291016,37.68000030517578,71383
2007-02-20,16.064838409423828,37.79999923706055,37.79999923706055,37.31999969482422,37.7400016784668,85283
2007-02-21,16.115848541259766,37.91999816894531,37.91999816894531,37.68000030517578,37.79999923706055,56667
2007-02-22,16.14133071899414,37.97999954223633,38.040000915527344,37.7400016784668,37.91999816894531,87367
2007-02-23,16.166824340820312,38.040000915527344,38.099998474121094,37.97999954223633,37.97999954223633,59083
2007-02-26,16.20724868774414,38.099998474121094,38.15999984741211,37.7400016784668,37.79999923706055,65717
2007-02-27,16.130687713623047,37.91999816894531,38.099998474121094,37.5,38.099998474121094,116567
2007-02-28,16.10515785217285,37.86000061035156,38.099998474121094,37.619998931884766,37.7400016784668,77133
2007-03-01,16.054113388061523,37.7400016784668,37.97999954223633,37.7400016784668,37.91999816894531,74217
2007-03-02,16.02858543395996,37.68000030517578,37.91999816894531,37.5,37.86000061035156,57600
2007-03-05,15.875442504882812,37.31999969482422,37.86000061035156,37.13999938964844,37.68000030517578,126817
2007-03-06,15.824400901794434,37.20000076293945,37.560001373291016,37.13999938964844,37.2599983215332,81800
2007-03-07,15.824400901794434,37.20000076293945,37.560001373291016,37.20000076293945,37.20000076293945,57000
2007-03-08,15.875442504882812,37.31999969482422,37.68000030517578,37.20000076293945,37.2599983215332,46667
2007-03-09,15.977545738220215,37.560001373291016,37.86000061035156,37.2599983215332,37.380001068115234,88817
2007-03-12,16.07964324951172,37.79999923706055,37.79999923706055,37.439998626708984,37.5,85467
2007-03-13,15.900968551635742,37.380001068115234,37.86000061035156,37.31999969482422,37.619998931884766,80033
2007-03-14,15.926493644714355,37.439998626708984,37.560001373291016,37.2599983215332,37.2599983215332,86317
2007-03-15,16.00306510925293,37.619998931884766,37.68000030517578,37.31999969482422,37.5,42350
2007-03-16,16.054113388061523,37.7400016784668,37.91999816894531,37.619998931884766,37.68000030517578,55317
2007-03-19,16.156200408935547,37.97999954223633,38.040000915527344,37.68000030517578,37.68000030517578,63617
2007-03-20,16.18170928955078,38.040000915527344,38.220001220703125,37.86000061035156,37.91999816894531,67883
2007-03-21,16.25828742980957,38.220001220703125,38.279998779296875,37.97999954223633,38.040000915527344,84833
2007-03-22,16.25828742980957,38.220001220703125,38.63999938964844,38.040000915527344,38.220001220703125,61350
2007-03-23,16.25828742980957,38.220001220703125,38.400001525878906,37.97999954223633,38.15999984741211,88850
2007-03-26,16.41144561767578,38.58000183105469,38.63999938964844,38.279998779296875,38.52000045776367,157367
2007-03-27,16.41144561767578,38.58000183105469,38.7599983215332,38.52000045776367,38.70000076293945,93833
2007-03-28,16.39859962463379,38.34000015258789,38.63999938964844,38.279998779296875,38.58000183105469,70917
2007-03-29,16.449935913085938,38.459999084472656,38.70000076293945,38.34000015258789,38.400001525878906,62100
2007-03-30,16.39859962463379,38.34000015258789,38.459999084472656,38.279998779296875,38.400001525878906,61150
2007-04-02,16.449935913085938,38.459999084472656,38.81999969482422,38.34000015258789,38.459999084472656,174867
2007-04-03,16.449935913085938,38.459999084472656,38.70000076293945,38.34000015258789,38.70000076293945,89083
2007-04-04,16.47559356689453,38.52000045776367,38.63999938964844,38.400001525878906,38.52000045776367,111233
2007-04-05,16.449935913085938,38.459999084472656,38.70000076293945,38.459999084472656,38.52000045776367,111467
2007-04-09,16.629566192626953,38.880001068115234,38.880001068115234,38.459999084472656,38.459999084472656,97633
2007-04-10,16.629566192626953,38.880001068115234,39.0,38.7599983215332,38.880001068115234,81783
2007-04-11,16.680891036987305,39.0,39.0,38.880001068115234,38.939998626708984,80183
2007-04-12,16.680891036987305,39.0,39.060001373291016,38.81999969482422,39.0,84000
2007-04-13,16.65522003173828,38.939998626708984,39.119998931884766,38.880001068115234,39.119998931884766,113083
2007-04-16,16.757884979248047,39.18000030517578,39.29999923706055,39.0,39.119998931884766,135983
2007-04-17,16.834869384765625,39.36000061035156,39.41999816894531,39.2400016784668,39.2400016784668,92933
2007-04-18,16.860538482666016,39.41999816894531,39.47999954223633,39.29999923706055,39.36000061035156,66550
2007-04-19,16.757884979248047,39.18000030517578,39.41999816894531,39.060001373291016,39.36000061035156,97200
2007-04-20,16.809200286865234,39.29999923706055,39.36000061035156,39.18000030517578,39.18000030517578,87017
2007-04-23,16.860538482666016,39.41999816894531,39.41999816894531,39.18000030517578,39.2400016784668,66300
2007-04-24,16.886205673217773,39.47999954223633,39.720001220703125,39.119998931884766,39.540000915527344,124933
2007-04-25,16.937532424926758,39.599998474121094,39.720001220703125,39.41999816894531,39.47999954223633,119567
2007-04-26,16.924623489379883,39.36000061035156,39.41999816894531,39.060001373291016,39.41999816894531,61783
2007-04-27,16.976219177246094,39.47999954223633,39.779998779296875,39.29999923706055,39.65999984741211,63667
2007-04-30,17.02782440185547,39.599998474121094,39.65999984741211,39.36000061035156,39.36000061035156,46750
2007-05-01,16.95041275024414,39.41999816894531,39.65999984741211,39.0,39.599998474121094,99350
2007-05-02,16.821426391601562,39.119998931884766,39.36000061035156,38.939998626708984,39.119998931884766,80583
2007-05-03,16.898818969726562,39.29999923706055,39.29999923706055,39.0,39.0,63467
2007-05-04,16.873023986816406,39.2400016784668,39.47999954223633,39.119998931884766,39.41999816894531,61117
2007-05-07,16.873023986816406,39.2400016784668,39.41999816894531,39.060001373291016,39.2400016784668,76783
2007-05-08,16.898818969726562,39.29999923706055,39.41999816894531,39.18000030517578,39.2400016784668,55500
2007-05-09,17.02782440185547,39.599998474121094,39.720001220703125,39.36000061035156,39.36000061035156,66100
2007-05-10,17.02782440185547,39.599998474121094,39.900001525878906,39.47999954223633,39.900001525878906,86617
2007-05-11,17.105220794677734,39.779998779296875,39.84000015258789,39.540000915527344,39.65999984741211,61167
2007-05-14,17.105220794677734,39.779998779296875,39.959999084472656,39.720001220703125,39.779998779296875,69450
2007-05-15,17.053627014160156,39.65999984741211,39.84000015258789,39.599998474121094,39.720001220703125,63567
2007-05-16,16.976219177246094,39.47999954223633,39.720001220703125,39.2400016784668,39.599998474121094,109833
2007-05-17,16.821426391601562,39.119998931884766,39.47999954223633,38.63999938964844,39.47999954223633,151017
2007-05-18,16.795637130737305,39.060001373291016,39.060001373291016,38.58000183105469,38.939998626708984,85767
2007-05-21,16.718225479125977,38.880001068115234,39.0,38.63999938964844,39.0,99667
2007-05-22,16.6666259765625,38.7599983215332,39.0,38.70000076293945,38.880001068115234,62417
2007-05-23,16.744020462036133,38.939998626708984,39.060001373291016,38.7599983215332,38.880001068115234,81583
2007-05-24,16.6666259765625,38.7599983215332,39.119998931884766,38.63999938964844,38.939998626708984,67000
2007-05-25,16.640823364257812,38.70000076293945,38.7599983215332,38.459999084472656,38.7599983215332,90567
2007-05-29,16.757556915283203,38.7599983215332,38.81999969482422,38.58000183105469,38.58000183105469,65033
2007-05-30,16.757556915283203,38.7599983215332,38.880001068115234,38.63999938964844,38.70000076293945,73383
2007-05-31,16.8094425201416,38.880001068115234,39.060001373291016,38.63999938964844,38.7599983215332,81950
2007-06-01,16.835372924804688,38.939998626708984,39.0,38.70000076293945,38.70000076293945,72217
2007-06-04,16.835372924804688,38.939998626708984,39.060001373291016,38.81999969482422,38.81999969482422,59600
2007-06-05,16.835372924804688,38.939998626708984,39.060001373291016,38.81999969482422,38.880001068115234,52150
2007-06-06,16.861316680908203,39.0,39.18000030517578,38.939998626708984,39.060001373291016,55167
2007-06-07,16.62786293029785,38.459999084472656,39.540000915527344,38.400001525878906,39.0,101867
2007-06-08,16.524093627929688,38.220001220703125,38.63999938964844,37.619998931884766,38.220001220703125,101967
2007-06-11,16.420326232910156,37.97999954223633,38.220001220703125,37.79999923706055,38.220001220703125,107150
2007-06-12,16.34252166748047,37.79999923706055,38.15999984741211,37.68000030517578,37.91999816894531,73367
2007-06-13,16.368446350097656,37.86000061035156,37.97999954223633,37.560001373291016,37.79999923706055,93283
2007-06-14,16.368446350097656,37.86000061035156,38.040000915527344,37.79999923706055,37.86000061035156,52550
2007-06-15,16.44627571105957,38.040000915527344,38.099998474121094,37.86000061035156,37.97999954223633,77600
2007-06-18,16.601917266845703,38.400001525878906,38.70000076293945,38.15999984741211,38.220001220703125,108817
2007-06-19,16.679733276367188,38.58000183105469,38.58000183105469,37.68000030517578,38.400001525878906,58317
2007-06-20,16.653793334960938,38.52000045776367,38.63999938964844,38.400001525878906,38.58000183105469,43500
2007-06-21,16.601917266845703,38.400001525878906,38.63999938964844,38.15999984741211,38.52000045776367,180050
2007-06-22,16.498159408569336,38.15999984741211,38.63999938964844,38.099998474121094,38.400001525878906,52917
2007-06-25,16.550033569335938,38.279998779296875,38.400001525878906,38.15999984741211,38.220001220703125,57650
2007-06-26,16.550033569335938,38.279998779296875,38.459999084472656,38.15999984741211,38.279998779296875,62233
2007-06-27,16.56307601928711,38.099998474121094,38.099998474121094,37.91999816894531,37.91999816894531,52233
2007-06-28,16.58916473388672,38.15999984741211,38.34000015258789,38.099998474121094,38.099998474121094,44300
2007-06-29,16.667407989501953,38.34000015258789,38.459999084472656,38.15999984741211,38.15999984741211,44500
2007-07-02,16.82390594482422,38.70000076293945,38.81999969482422,38.400001525878906,38.400001525878906,93483
2007-07-03,16.693492889404297,38.400001525878906,38.63999938964844,38.400001525878906,38.58000183105469,39900
2007-07-05,16.667407989501953,38.34000015258789,38.58000183105469,38.220001220703125,38.459999084472656,50300
2007-07-06,16.771751403808594,38.58000183105469,38.63999938964844,38.279998779296875,38.400001525878906,40617
2007-07-09,16.797822952270508,38.63999938964844,38.7599983215332,38.52000045776367,38.58000183105469,45367
2007-07-10,16.797822952270508,38.63999938964844,38.7599983215332,38.400001525878906,38.63999938964844,76833
2007-07-11,16.82390594482422,38.70000076293945,38.81999969482422,38.58000183105469,38.70000076293945,55350
2007-07-12,16.928241729736328,38.939998626708984,38.939998626708984,38.459999084472656,38.70000076293945,70650
2007-07-13,16.82390594482422,38.70000076293945,39.0,38.52000045776367,38.939998626708984,76400
2007-07-16,16.771751403808594,38.58000183105469,39.0,38.52000045776367,38.70000076293945,82883
2007-07-17,16.876081466674805,38.81999969482422,38.880001068115234,38.52000045776367,38.58000183105469,68167
2007-07-18,16.876081466674805,38.81999969482422,38.880001068115234,38.63999938964844,38.7599983215332,46600
2007-07-19,16.876081466674805,38.81999969482422,38.880001068115234,38.70000076293945,38.81999969482422,47217
2007-07-20,16.876081466674805,38.81999969482422,38.880001068115234,38.70000076293945,38.7599983215332,54417
2007-07-23,16.876081466674805,38.81999969482422,38.939998626708984,38.7599983215332,38.7599983215332,46500
2007-07-24,17.006494522094727,39.119998931884766,39.2400016784668,38.81999969482422,38.81999969482422,99683
2007-07-25,17.032590866088867,39.18000030517578,39.2400016784668,38.880001068115234,39.0,62583
2007-07-26,16.693492889404297,38.400001525878906,38.939998626708984,37.97999954223633,38.7599983215332,96350
2007-07-27,16.811521530151367,38.459999084472656,38.63999938964844,37.86000061035156,38.220001220703125,57350
2007-07-30,16.523019790649414,37.79999923706055,38.400001525878906,37.2599983215332,38.400001525878906,99183
2007-07-31,16.47056770324707,37.68000030517578,37.97999954223633,37.08000183105469,37.86000061035156,127450
2007-08-01,16.18207359313965,37.02000045776367,37.380001068115234,36.41999816894531,37.2599983215332,209083
2007-08-02,16.103389739990234,36.84000015258789,37.08000183105469,36.720001220703125,36.779998779296875,90917
2007-08-03,16.155834197998047,36.959999084472656,37.02000045776367,36.779998779296875,36.779998779296875,65817
2007-08-06,16.103389739990234,36.84000015258789,37.02000045776367,36.65999984741211,36.84000015258789,105300
2007-08-07,16.155834197998047,36.959999084472656,37.20000076293945,36.720001220703125,36.84000015258789,60433
2007-08-08,16.313190460205078,37.31999969482422,37.560001373291016,36.900001525878906,37.08000183105469,59250
2007-08-09,16.12961196899414,36.900001525878906,37.2599983215332,36.900001525878906,37.13999938964844,63567
2007-08-10,16.05093002319336,36.720001220703125,36.900001525878906,36.599998474121094,36.84000015258789,96467
2007-08-13,16.12961196899414,36.900001525878906,37.439998626708984,36.47999954223633,36.599998474121094,96133
2007-08-14,15.369019508361816,35.15999984741211,37.13999938964844,34.20000076293945,36.779998779296875,341283
2007-08-15,15.185441017150879,34.7400016784668,35.880001068115234,34.5,35.15999984741211,307967
2007-08-16,15.473933219909668,35.400001525878906,36.0,27.239999771118164,33.0,665450
2007-08-17,15.316576957702637,35.040000915527344,38.400001525878906,33.720001220703125,35.70000076293945,197717
2007-08-20,15.421488761901855,35.279998779296875,35.58000183105469,34.91999816894531,35.400001525878906,122133
2007-08-21,15.709989547729492,35.939998626708984,36.29999923706055,34.97999954223633,35.220001220703125,97600
2007-08-22,15.657524108886719,35.81999969482422,36.0,35.400001525878906,35.459999084472656,84783
2007-08-23,15.736205101013184,36.0,36.18000030517578,35.7599983215332,35.81999969482422,79333
2007-08-24,15.867341995239258,36.29999923706055,36.29999923706055,36.0,36.060001373291016,79350
2007-08-27,15.709989547729492,35.939998626708984,36.29999923706055,35.63999938964844,36.2400016784668,63433
2007-08-28,15.447708129882812,35.34000015258789,35.70000076293945,35.15999984741211,35.58000183105469,104633
2007-08-29,15.515520095825195,35.459999084472656,35.70000076293945,35.279998779296875,35.34000015258789,71167
2007-08-30,15.436765670776367,35.279998779296875,35.459999084472656,34.97999954223633,35.400001525878906,90200
2007-08-31,15.620540618896484,35.70000076293945,35.81999969482422,35.220001220703125,35.220001220703125,75167
2007-09-04,15.751810073852539,36.0,36.2400016784668,35.7599983215332,35.939998626708984,74850
2007-09-05,15.699300765991211,35.880001068115234,36.0,35.70000076293945,35.880001068115234,73950
2007-09-06,15.751810073852539,36.0,36.2400016784668,35.70000076293945,36.2400016784668,46967
2007-09-07,15.83057975769043,36.18000030517578,36.2400016784668,35.81999969482422,36.0,72367
2007-09-10,15.83057975769043,36.18000030517578,36.29999923706055,36.060001373291016,36.18000030517578,59767
2007-09-11,15.98809814453125,36.540000915527344,36.599998474121094,36.2400016784668,36.2400016784668,73667
2007-09-12,15.961838722229004,36.47999954223633,36.540000915527344,36.36000061035156,36.540000915527344,71367
2007-09-13,15.98809814453125,36.540000915527344,36.599998474121094,36.41999816894531,36.47999954223633,104017
2007-09-14,16.145601272583008,36.900001525878906,37.08000183105469,36.599998474121094,36.65999984741211,73983
2007-09-17,16.171844482421875,36.959999084472656,37.08000183105469,36.540000915527344,36.959999084472656,66867
2007-09-18,16.303129196166992,37.2599983215332,37.31999969482422,36.84000015258789,36.900001525878906,100833
2007-09-19,16.27686309814453,37.20000076293945,37.380001068115234,36.959999084472656,37.2599983215332,120950
2007-09-20,16.355623245239258,37.380001068115234,37.380001068115234,37.08000183105469,37.20000076293945,65850
2007-09-21,16.40812873840332,37.5,37.5,37.31999969482422,37.439998626708984,41267
2007-09-24,16.40812873840332,37.5,37.68000030517578,37.439998626708984,37.5,49667
2007-09-25,16.43439483642578,37.560001373291016,37.560001373291016,37.31999969482422,37.380001068115234,62150
2007-09-26,16.31833267211914,37.2599983215332,37.439998626708984,37.08000183105469,37.2599983215332,69967
2007-09-27,16.44972801208496,37.560001373291016,37.560001373291016,37.2599983215332,37.31999969482422,61050
2007-09-28,16.397165298461914,37.439998626708984,37.619998931884766,37.31999969482422,37.560001373291016,61517
2007-10-01,16.52855110168457,37.7400016784668,37.7400016784668,37.5,37.5,74250
2007-10-02,16.44972801208496,37.560001373291016,37.68000030517578,37.5,37.68000030517578,68700
2007-10-03,16.52855110168457,37.7400016784668,37.79999923706055,37.5,37.560001373291016,115683
2007-10-04,16.502267837524414,37.68000030517578,37.7400016784668,37.5,37.68000030517578,61500
2007-10-05,16.44972801208496,37.560001373291016,37.7400016784668,37.5,37.560001373291016,93517
2007-10-08,16.502267837524414,37.68000030517578,37.7400016784668,37.5,37.5,72700
2007-10-09,16.423439025878906,37.5,37.79999923706055,37.439998626708984,37.68000030517578,121100
2007-10-10,16.397165298461914,37.439998626708984,37.619998931884766,37.31999969482422,37.439998626708984,66650
2007-10-11,16.423439025878906,37.5,37.7400016784668,37.439998626708984,37.5,140800
2007-10-12,16.44972801208496,37.560001373291016,37.68000030517578,37.5,37.619998931884766,62050
2007-10-15,16.475982666015625,37.619998931884766,37.68000030517578,37.560001373291016,37.619998931884766,112117
2007-10-16,16.475982666015625,37.619998931884766,37.68000030517578,37.5,37.619998931884766,159167
2007-10-17,16.423439025878906,37.5,37.68000030517578,37.5,37.5,100650
2007-10-18,16.31833267211914,37.2599983215332,37.619998931884766,37.2599983215332,37.5,72217
2007-10-19,16.344606399536133,37.31999969482422,37.5,37.08000183105469,37.2599983215332,70033
2007-10-22,16.265777587890625,37.13999938964844,37.560001373291016,37.02000045776367,37.20000076293945,68517
2007-10-23,16.397165298461914,37.439998626708984,37.439998626708984,37.08000183105469,37.20000076293945,89550
2007-10-24,16.397165298461914,37.439998626708984,37.5,37.31999969482422,37.439998626708984,33383
2007-10-25,16.44972801208496,37.560001373291016,37.619998931884766,37.380001068115234,37.439998626708984,50350
2007-10-26,16.475982666015625,37.619998931884766,37.68000030517578,37.380001068115234,37.560001373291016,58200
2007-10-29,16.542055130004883,37.560001373291016,37.68000030517578,37.439998626708984,37.5,56633
2007-10-30,16.542055130004883,37.560001373291016,37.68000030517578,37.439998626708984,37.439998626708984,45283
2007-10-31,16.594911575317383,37.68000030517578,37.7400016784668,37.560001373291016,37.68000030517578,62850
2007-11-01,16.568479537963867,37.619998931884766,37.7400016784668,37.560001373291016,37.619998931884766,90550
2007-11-02,16.542055130004883,37.560001373291016,37.68000030517578,37.5,37.560001373291016,71467
2007-11-05,16.542055130004883,37.560001373291016,37.68000030517578,37.5,37.560001373291016,77133
2007-11-06,16.542055130004883,37.560001373291016,37.7400016784668,37.560001373291016,37.619998931884766,59033
2007-11-07,16.542055130004883,37.560001373291016,37.68000030517578,37.560001373291016,37.560001373291016,73850
2007-11-08,16.436357498168945,37.31999969482422,37.7400016784668,37.2599983215332,37.5,92283
2007-11-09,16.172101974487305,36.720001220703125,37.439998626708984,36.41999816894531,37.439998626708984,128067
2007-11-12,15.934287071228027,36.18000030517578,36.779998779296875,36.119998931884766,36.119998931884766,114883
2007-11-13,15.934287071228027,36.18000030517578,36.36000061035156,35.939998626708984,36.2400016784668,138467
2007-11-14,15.881433486938477,36.060001373291016,36.540000915527344,35.880001068115234,35.880001068115234,99750
2007-11-15,15.828583717346191,35.939998626708984,36.29999923706055,35.81999969482422,36.060001373291016,69400
2007-11-16,15.881433486938477,36.060001373291016,36.2400016784668,35.81999969482422,36.060001373291016,59017
2007-11-19,15.828583717346191,35.939998626708984,37.560001373291016,35.939998626708984,37.560001373291016,130717
2007-11-20,15.907856941223145,36.119998931884766,36.599998474121094,36.0,36.599998474121094,65600
2007-11-21,15.881433486938477,36.060001373291016,36.2400016784668,35.939998626708984,36.2400016784668,82800
2007-11-23,15.854996681213379,36.0,36.060001373291016,35.880001068115234,35.939998626708984,39950
2007-11-26,15.749313354492188,35.7599983215332,36.060001373291016,35.7599983215332,35.939998626708984,86600
2007-11-27,15.749313354492188,35.7599983215332,36.060001373291016,35.58000183105469,35.7599983215332,92800
2007-11-28,15.895508766174316,35.880001068115234,35.939998626708984,35.459999084472656,35.7599983215332,76517
2007-11-29,15.762605667114258,35.58000183105469,35.880001068115234,35.52000045776367,35.81999969482422,92167
2007-11-30,15.895508766174316,35.880001068115234,35.939998626708984,35.58000183105469,35.58000183105469,79133
2007-12-03,16.1081485748291,36.36000061035156,36.41999816894531,35.7599983215332,35.939998626708984,79900
2007-12-04,15.948662757873535,36.0,36.599998474121094,35.880001068115234,36.599998474121094,95583
2007-12-05,15.895508766174316,35.880001068115234,36.0,35.70000076293945,36.0,63083
2007-12-06,15.78918170928955,35.63999938964844,35.880001068115234,35.63999938964844,35.7599983215332,65100
2007-12-07,15.84234619140625,35.7599983215332,35.880001068115234,35.63999938964844,35.63999938964844,58517
2007-12-10,15.895508766174316,35.880001068115234,36.060001373291016,35.7599983215332,35.7599983215332,89750
2007-12-11,15.922086715698242,35.939998626708984,36.119998931884766,35.81999969482422,36.0,71450
2007-12-12,16.028409957885742,36.18000030517578,36.29999923706055,35.880001068115234,36.18000030517578,77400
2007-12-13,15.895508766174316,35.880001068115234,36.29999923706055,35.880001068115234,36.18000030517578,75183
2007-12-14,15.762605667114258,35.58000183105469,35.880001068115234,35.459999084472656,35.880001068115234,77150
2007-12-17,15.284144401550293,34.5,35.70000076293945,33.900001525878906,35.52000045776367,206717
2007-12-18,15.337298393249512,34.619998931884766,34.7400016784668,34.13999938964844,34.20000076293945,98867
2007-12-19,15.044906616210938,33.959999084472656,34.5,33.900001525878906,34.02000045776367,151033
2007-12-20,14.912012100219727,33.65999984741211,34.20000076293945,33.599998474121094,33.65999984741211,166800
2007-12-21,15.151230812072754,34.20000076293945,35.400001525878906,33.720001220703125,33.720001220703125,116350
2007-12-24,15.470202445983887,34.91999816894531,34.97999954223633,33.779998779296875,33.779998779296875,48550
2007-12-26,15.709429740905762,35.459999084472656,35.459999084472656,34.2599983215332,35.099998474121094,120067
2007-12-27,15.562355041503906,34.91999816894531,35.63999938964844,34.619998931884766,35.63999938964844,81183
2007-12-28,15.562355041503906,34.91999816894531,34.97999954223633,34.68000030517578,34.79999923706055,101333
2007-12-31,15.508882522583008,34.79999923706055,35.220001220703125,34.439998626708984,34.439998626708984,180850
2008-01-02,15.722794532775879,35.279998779296875,35.400001525878906,34.86000061035156,35.15999984741211,68633
2008-01-03,15.856521606445312,35.58000183105469,35.70000076293945,35.220001220703125,35.34000015258789,74050
2008-01-04,15.749540328979492,35.34000015258789,35.880001068115234,35.279998779296875,35.880001068115234,70600
2008-01-07,15.856521606445312,35.58000183105469,35.63999938964844,35.279998779296875,35.34000015258789,63917
2008-01-08,15.803017616271973,35.459999084472656,35.63999938964844,35.34000015258789,35.400001525878906,127900
2008-01-09,15.963454246520996,35.81999969482422,35.939998626708984,35.459999084472656,35.70000076293945,88033
2008-01-10,16.043678283691406,36.0,36.0,35.52000045776367,35.52000045776367,61283
2008-01-11,16.070417404174805,36.060001373291016,36.2400016784668,35.939998626708984,36.0,94200
2008-01-14,16.204113006591797,36.36000061035156,36.47999954223633,36.0,36.0,116250
2008-01-15,16.177379608154297,36.29999923706055,36.41999816894531,36.119998931884766,36.119998931884766,68167
2008-01-16,16.204113006591797,36.36000061035156,36.47999954223633,36.060001373291016,36.060001373291016,80750
2008-01-17,16.043678283691406,36.0,36.41999816894531,36.0,36.2400016784668,105017
2008-01-18,15.909975051879883,35.70000076293945,36.29999923706055,34.13999938964844,35.34000015258789,109850
2008-01-22,15.562355041503906,34.91999816894531,35.70000076293945,26.700000762939453,33.18000030517578,190467
2008-01-23,15.883234024047852,35.63999938964844,35.939998626708984,34.380001068115234,35.58000183105469,121233
2008-01-24,16.09714698791504,36.119998931884766,36.119998931884766,35.81999969482422,36.060001373291016,86633
2008-01-25,16.043678283691406,36.0,36.119998931884766,35.58000183105469,36.119998931884766,109833
2008-01-28,16.09714698791504,36.119998931884766,36.119998931884766,35.459999084472656,35.459999084472656,86967
2008-01-29,16.112768173217773,36.119998931884766,36.119998931884766,35.939998626708984,36.060001373291016,54017
2008-01-30,16.139537811279297,36.18000030517578,36.47999954223633,35.880001068115234,36.47999954223633,66450
2008-01-31,16.139537811279297,36.18000030517578,36.29999923706055,36.060001373291016,36.29999923706055,54267
2008-02-01,16.16629981994629,36.2400016784668,36.29999923706055,36.060001373291016,36.119998931884766,62383
2008-02-04,16.433956146240234,36.84000015258789,36.84000015258789,36.18000030517578,36.18000030517578,102650
2008-02-05,16.32689094543457,36.599998474121094,36.900001525878906,36.29999923706055,36.720001220703125,117933
2008-02-06,16.32689094543457,36.599998474121094,36.779998779296875,36.599998474121094,36.779998779296875,50833
2008-02-07,16.46072006225586,36.900001525878906,36.959999084472656,36.720001220703125,36.720001220703125,82483
2008-02-08,16.541025161743164,37.08000183105469,37.20000076293945,36.779998779296875,36.900001525878906,79150
2008-02-11,16.514253616333008,37.02000045776367,37.13999938964844,36.900001525878906,37.13999938964844,62500
2008-02-12,16.48748207092285,36.959999084472656,37.20000076293945,36.84000015258789,36.900001525878906,108533
2008-02-13,16.40717315673828,36.779998779296875,36.959999084472656,36.65999984741211,36.900001525878906,68650
2008-02-14,15.978934288024902,35.81999969482422,36.779998779296875,35.81999969482422,36.65999984741211,123667
2008-02-15,16.193063735961914,36.29999923706055,36.47999954223633,35.81999969482422,36.0,96400
2008-02-19,16.219829559326172,36.36000061035156,36.900001525878906,36.18000030517578,36.41999816894531,112700
2008-02-20,16.139537811279297,36.18000030517578,36.41999816894531,36.0,36.119998931884766,77100
2008-02-21,16.112768173217773,36.119998931884766,36.29999923706055,36.0,36.0,92100
2008-02-22,16.086008071899414,36.060001373291016,36.29999923706055,35.880001068115234,36.29999923706055,109750
2008-02-25,16.219829559326172,36.36000061035156,36.36000061035156,36.0,36.29999923706055,80250
2008-02-26,16.40717315673828,36.779998779296875,36.84000015258789,36.36000061035156,36.47999954223633,100467
2008-02-27,16.71752166748047,37.439998626708984,37.5,36.720001220703125,37.20000076293945,203333
2008-02-28,16.797880172729492,37.619998931884766,39.599998474121094,37.2599983215332,37.5,248733
2008-02-29,16.744306564331055,37.5,37.97999954223633,37.20000076293945,37.619998931884766,128533
2008-03-03,16.71752166748047,37.439998626708984,38.040000915527344,37.02000045776367,38.040000915527344,69767
2008-03-04,16.583559036254883,37.13999938964844,37.31999969482422,36.720001220703125,36.779998779296875,80183
2008-03-05,16.61036491394043,37.20000076293945,37.86000061035156,37.02000045776367,37.02000045776367,87350
2008-03-06,16.556772232055664,37.08000183105469,37.560001373291016,36.959999084472656,37.20000076293945,51300
2008-03-07,16.583559036254883,37.13999938964844,37.13999938964844,36.720001220703125,36.720001220703125,54517
2008-03-10,16.396020889282227,36.720001220703125,37.7400016784668,36.65999984741211,37.7400016784668,121233
2008-03-11,16.529983520507812,37.02000045776367,37.31999969482422,36.84000015258789,36.900001525878906,159300
2008-03-12,16.61036491394043,37.20000076293945,37.5,37.02000045776367,37.5,69733
2008-03-13,16.63715171813965,37.2599983215332,37.439998626708984,37.02000045776367,37.20000076293945,64267
2008-03-14,16.6639404296875,37.31999969482422,37.5,37.2599983215332,37.5,81417
2008-03-17,16.396020889282227,36.720001220703125,37.439998626708984,36.41999816894531,37.20000076293945,126583
2008-03-18,16.476396560668945,36.900001525878906,37.08000183105469,36.720001220703125,36.84000015258789,82433
2008-03-19,16.31565284729004,36.540000915527344,37.2599983215332,36.29999923706055,37.2599983215332,108950
2008-03-20,16.422807693481445,36.779998779296875,36.779998779296875,36.18000030517578,36.29999923706055,98217
2008-03-24,16.69072914123535,37.380001068115234,37.619998931884766,36.599998474121094,36.900001525878906,231233
2008-03-25,16.82468032836914,37.68000030517578,37.7400016784668,37.2599983215332,37.2599983215332,108217
2008-03-26,16.63715171813965,37.2599983215332,37.79999923706055,37.20000076293945,37.619998931884766,67583
2008-03-27,16.650619506835938,37.08000183105469,37.380001068115234,36.779998779296875,36.779998779296875,68267
2008-03-28,16.67755126953125,37.13999938964844,37.439998626708984,37.08000183105469,37.08000183105469,55533
2008-03-31,16.704513549804688,37.20000076293945,37.7400016784668,36.779998779296875,37.7400016784668,65967
2008-04-01,16.650619506835938,37.08000183105469,37.439998626708984,36.959999084472656,37.439998626708984,43683
2008-04-02,16.67755126953125,37.13999938964844,37.31999969482422,37.02000045776367,37.02000045776367,52933
2008-04-03,16.731460571289062,37.2599983215332,37.2599983215332,36.900001525878906,37.02000045776367,58667
2008-04-04,16.731460571289062,37.2599983215332,37.380001068115234,37.08000183105469,37.13999938964844,53883
2008-04-07,16.731460571289062,37.2599983215332,37.560001373291016,37.20000076293945,37.439998626708984,67000
2008-04-08,16.78533363342285,37.380001068115234,37.380001068115234,37.2599983215332,37.2599983215332,41017
2008-04-09,16.75838279724121,37.31999969482422,37.380001068115234,37.20000076293945,37.31999969482422,54983
2008-04-10,16.731460571289062,37.2599983215332,37.380001068115234,37.20000076293945,37.380001068115234,33050
2008-04-11,16.78533363342285,37.380001068115234,37.439998626708984,37.2599983215332,37.31999969482422,41200
2008-04-14,16.946983337402344,37.7400016784668,37.7400016784668,37.2599983215332,37.439998626708984,70017
2008-04-15,16.81227684020996,37.439998626708984,37.619998931884766,37.380001068115234,37.439998626708984,49333
2008-04-16,16.839216232299805,37.5,37.619998931884766,37.2599983215332,37.31999969482422,65183
2008-04-17,16.81227684020996,37.439998626708984,37.439998626708984,37.2599983215332,37.439998626708984,67450
2008-04-18,16.75838279724121,37.31999969482422,37.5,37.2599983215332,37.31999969482422,60933
2008-04-21,16.81227684020996,37.439998626708984,37.5,37.20000076293945,37.31999969482422,55583
2008-04-22,16.81227684020996,37.439998626708984,37.439998626708984,37.31999969482422,37.31999969482422,43233
2008-04-23,16.86615562438965,37.560001373291016,37.68000030517578,37.439998626708984,37.439998626708984,64067
2008-04-24,16.89308738708496,37.619998931884766,37.68000030517578,37.5,37.68000030517578,40800
2008-04-25,16.78533363342285,37.380001068115234,37.79999923706055,37.2599983215332,37.79999923706055,76067
2008-04-28,16.82802963256836,37.439998626708984,37.439998626708984,37.31999969482422,37.380001068115234,46733
2008-04-29,16.720155715942383,37.20000076293945,37.439998626708984,37.20000076293945,37.31999969482422,62933
2008-04-30,16.774097442626953,37.31999969482422,37.380001068115234,37.08000183105469,37.2599983215332,74200
2008-05-01,16.747140884399414,37.2599983215332,37.5,37.20000076293945,37.5,68833
2008-05-02,16.854999542236328,37.5,37.5,37.20000076293945,37.2599983215332,52817
2008-05-05,16.747140884399414,37.2599983215332,37.5,37.2599983215332,37.5,57783
2008-05-06,16.747140884399414,37.2599983215332,37.380001068115234,37.20000076293945,37.20000076293945,91517
2008-05-07,16.774097442626953,37.31999969482422,37.380001068115234,37.2599983215332,37.380001068115234,44650
2008-05-08,16.774097442626953,37.31999969482422,37.439998626708984,37.2599983215332,37.380001068115234,50117
2008-05-09,16.801057815551758,37.380001068115234,37.439998626708984,37.2599983215332,37.380001068115234,46600
2008-05-12,16.854999542236328,37.5,37.560001373291016,37.31999969482422,37.31999969482422,57533
2008-05-13,16.82802963256836,37.439998626708984,37.560001373291016,37.380001068115234,37.439998626708984,72583
2008-05-14,16.801057815551758,37.380001068115234,37.5,37.31999969482422,37.31999969482422,58550
2008-05-15,16.801057815551758,37.380001068115234,37.5,37.380001068115234,37.439998626708984,79750
2008-05-16,16.854999542236328,37.5,37.619998931884766,37.380001068115234,37.380001068115234,76667
2008-05-19,16.962858200073242,37.7400016784668,38.040000915527344,37.560001373291016,37.619998931884766,118083
2008-05-20,17.043771743774414,37.91999816894531,38.040000915527344,37.68000030517578,38.040000915527344,52817
2008-05-21,16.935903549194336,37.68000030517578,38.099998474121094,37.68000030517578,38.099998474121094,82567
2008-05-22,16.908933639526367,37.619998931884766,37.79999923706055,37.5,37.7400016784668,73950
2008-05-23,17.016799926757812,37.86000061035156,37.97999954223633,37.619998931884766,37.97999954223633,48883
2008-05-27,17.097705841064453,38.040000915527344,38.099998474121094,37.79999923706055,37.79999923706055,83383
2008-05-28,17.113454818725586,38.040000915527344,38.15999984741211,37.380001068115234,37.560001373291016,75067
2008-05-29,17.275409698486328,38.400001525878906,38.400001525878906,37.79999923706055,37.86000061035156,91783
2008-05-30,17.113454818725586,38.040000915527344,38.400001525878906,38.040000915527344,38.400001525878906,53633
2008-06-02,17.113454818725586,38.040000915527344,38.099998474121094,37.86000061035156,38.099998474121094,52183
2008-06-03,17.05945587158203,37.91999816894531,38.040000915527344,37.79999923706055,38.040000915527344,54750
2008-06-04,17.005474090576172,37.79999923706055,37.91999816894531,37.79999923706055,37.91999816894531,46433
2008-06-05,17.086456298828125,37.97999954223633,38.099998474121094,37.79999923706055,37.97999954223633,48917
2008-06-06,17.167444229125977,38.15999984741211,38.15999984741211,37.97999954223633,38.099998474121094,50150
2008-06-09,17.113454818725586,38.040000915527344,38.220001220703125,37.5,38.15999984741211,65183
2008-06-10,17.05945587158203,37.91999816894531,38.279998779296875,37.86000061035156,37.91999816894531,77767
2008-06-11,16.843523025512695,37.439998626708984,37.91999816894531,37.380001068115234,37.86000061035156,68850
2008-06-12,16.789539337158203,37.31999969482422,37.619998931884766,37.31999969482422,37.5,57933
2008-06-13,16.276681900024414,36.18000030517578,37.380001068115234,36.119998931884766,37.2599983215332,169133
2008-06-16,16.411645889282227,36.47999954223633,37.31999969482422,36.060001373291016,36.119998931884766,103350
2008-06-17,16.57359504699707,36.84000015258789,37.02000045776367,36.65999984741211,36.65999984741211,59017
2008-06-18,16.735559463500977,37.20000076293945,37.2599983215332,36.779998779296875,36.779998779296875,61917
2008-06-19,16.681575775146484,37.08000183105469,37.31999969482422,36.900001525878906,36.900001525878906,54767
2008-06-20,16.438629150390625,36.540000915527344,37.20000076293945,36.540000915527344,37.08000183105469,57383
2008-06-23,16.681575775146484,37.08000183105469,37.08000183105469,36.599998474121094,37.08000183105469,54617
2008-06-24,16.627580642700195,36.959999084472656,37.13999938964844,36.84000015258789,37.13999938964844,48517
2008-06-25,16.627580642700195,36.959999084472656,37.13999938964844,36.65999984741211,36.65999984741211,54733
2008-06-26,16.481239318847656,36.599998474121094,37.13999938964844,36.599998474121094,37.13999938964844,85017
2008-06-27,16.56228256225586,36.779998779296875,36.84000015258789,36.540000915527344,36.540000915527344,77750
2008-06-30,16.265077590942383,36.119998931884766,36.65999984741211,36.0,36.599998474121094,127417
2008-07-01,16.319141387939453,36.2400016784668,36.47999954223633,35.939998626708984,36.0,88683
2008-07-02,16.23807144165039,36.060001373291016,36.29999923706055,36.0,36.0,55383
2008-07-03,16.23807144165039,36.060001373291016,36.2400016784668,36.0,36.0,50483
2008-07-07,16.21104621887207,36.0,36.36000061035156,35.7599983215332,35.939998626708984,76467
2008-07-08,16.15701675415039,35.880001068115234,36.18000030517578,35.7599983215332,35.880001068115234,71700
2008-07-09,16.29210090637207,36.18000030517578,36.540000915527344,35.880001068115234,36.540000915527344,66483
2008-07-10,16.5352725982666,36.720001220703125,36.779998779296875,35.939998626708984,36.0,73033
2008-07-11,16.400171279907227,36.41999816894531,36.959999084472656,36.119998931884766,36.959999084472656,72767
2008-07-14,16.45421028137207,36.540000915527344,36.599998474121094,36.119998931884766,36.599998474121094,85767
2008-07-15,16.265077590942383,36.119998931884766,36.36000061035156,35.7599983215332,36.29999923706055,112467
2008-07-16,16.21104621887207,36.0,36.720001220703125,35.7599983215332,35.7599983215332,91567
2008-07-17,16.29210090637207,36.18000030517578,36.47999954223633,35.939998626708984,36.47999954223633,55850
2008-07-18,16.400171279907227,36.41999816894531,36.720001220703125,36.18000030517578,36.720001220703125,48967
2008-07-21,16.61631965637207,36.900001525878906,36.959999084472656,36.41999816894531,36.959999084472656,73233
2008-07-22,16.697385787963867,37.08000183105469,37.13999938964844,36.65999984741211,36.65999984741211,66333
2008-07-23,16.50824546813965,36.65999984741211,37.08000183105469,36.65999984741211,36.84000015258789,69933
2008-07-24,16.373159408569336,36.36000061035156,37.13999938964844,36.36000061035156,37.13999938964844,51917
2008-07-25,16.319141387939453,36.2400016784668,36.779998779296875,36.18000030517578,36.47999954223633,60000
2008-07-28,16.319141387939453,36.2400016784668,36.599998474121094,36.119998931884766,36.2400016784668,62250
2008-07-29,16.524202346801758,36.65999984741211,36.900001525878906,36.060001373291016,36.2400016784668,88367
2008-07-30,16.253772735595703,36.060001373291016,36.720001220703125,36.0,36.599998474121094,97867
2008-07-31,16.253772735595703,36.060001373291016,36.2400016784668,36.0,36.2400016784668,72767
2008-08-01,16.388992309570312,36.36000061035156,36.47999954223633,36.060001373291016,36.18000030517578,47333
2008-08-04,16.33491325378418,36.2400016784668,36.540000915527344,36.060001373291016,36.41999816894531,46100
2008-08-05,16.253772735595703,36.060001373291016,36.29999923706055,35.81999969482422,36.0,124917
2008-08-06,16.22671890258789,36.0,36.18000030517578,35.880001068115234,36.18000030517578,81800
2008-08-07,15.983325958251953,35.459999084472656,36.060001373291016,35.400001525878906,36.0,97133
2008-08-08,15.766959190368652,34.97999954223633,35.58000183105469,34.380001068115234,35.400001525878906,243117
2008-08-11,15.631736755371094,34.68000030517578,35.220001220703125,34.5,35.099998474121094,124100
2008-08-12,15.821060180664062,35.099998474121094,35.15999984741211,34.5,34.5,106833
2008-08-13,15.848095893859863,35.15999984741211,35.459999084472656,34.86000061035156,35.15999984741211,73933
2008-08-14,16.010366439819336,35.52000045776367,35.58000183105469,35.099998474121094,35.099998474121094,61383
2008-08-15,15.875149726867676,35.220001220703125,35.58000183105469,35.220001220703125,35.220001220703125,71500
2008-08-18,15.766959190368652,34.97999954223633,35.58000183105469,34.91999816894531,35.099998474121094,132217
2008-08-19,15.875149726867676,35.220001220703125,35.34000015258789,34.86000061035156,34.86000061035156,66033
2008-08-20,15.848095893859863,35.15999984741211,35.34000015258789,34.97999954223633,35.15999984741211,55383
2008-08-21,15.902181625366211,35.279998779296875,35.400001525878906,35.15999984741211,35.279998779296875,61167
2008-08-22,15.983325958251953,35.459999084472656,35.58000183105469,35.15999984741211,35.400001525878906,69517
2008-08-25,15.875149726867676,35.220001220703125,35.58000183105469,35.15999984741211,35.52000045776367,51733
2008-08-26,15.875149726867676,35.220001220703125,35.220001220703125,34.97999954223633,35.099998474121094,60267
2008-08-27,15.701433181762695,34.79999923706055,35.220001220703125,34.79999923706055,35.099998474121094,71317
2008-08-28,15.620210647583008,34.619998931884766,34.97999954223633,34.619998931884766,34.68000030517578,113033
2008-08-29,15.647286415100098,34.68000030517578,34.91999816894531,34.560001373291016,34.560001373291016,86750
2008-09-02,15.484861373901367,34.31999969482422,34.79999923706055,33.959999084472656,34.79999923706055,157950
2008-09-03,15.403647422790527,34.13999938964844,34.5,33.65999984741211,34.380001068115234,120233
2008-09-04,15.132928848266602,33.540000915527344,33.84000015258789,33.47999954223633,33.65999984741211,158117
2008-09-05,14.808072090148926,32.81999969482422,33.540000915527344,32.58000183105469,33.060001373291016,210167
2008-09-08,14.916358947753906,33.060001373291016,33.2400016784668,32.400001525878906,32.459999084472656,153483
2008-09-09,14.483217239379883,32.099998474121094,33.2400016784668,31.6200008392334,32.459999084472656,166417
2008-09-10,14.131294250488281,31.31999969482422,31.979999542236328,31.200000762939453,31.68000030517578,261000
2008-09-11,13.725221633911133,30.420000076293945,31.200000762939453,30.420000076293945,30.65999984741211,247783
2008-09-12,13.806424140930176,30.600000381469727,30.719999313354492,30.059999465942383,30.1200008392334,303883
2008-09-15,13.752281188964844,30.479999542236328,31.5,29.760000228881836,30.0,201983
2008-09-16,13.373286247253418,29.639999389648438,29.940000534057617,27.299999237060547,29.940000534057617,274400
2008-09-17,13.021363258361816,28.860000610351562,29.8799991607666,28.3799991607666,28.68000030517578,357250
2008-09-18,13.58985424041748,30.1200008392334,30.600000381469727,28.860000610351562,28.920000076293945,314550
2008-09-19,14.672717094421387,32.52000045776367,33.29999923706055,31.31999969482422,31.3799991607666,227083
2008-09-22,15.051728248596191,33.36000061035156,33.47999954223633,32.400001525878906,33.0,213183
2008-09-23,14.56442928314209,32.279998779296875,33.18000030517578,31.799999237060547,33.0,136217
2008-09-24,14.483217239379883,32.099998474121094,32.81999969482422,31.920000076293945,32.459999084472656,113033
2008-09-25,14.781010627746582,32.7599983215332,33.18000030517578,31.799999237060547,31.799999237060547,133033
2008-09-26,14.390312194824219,31.860000610351562,32.81999969482422,31.559999465942383,31.860000610351562,100533
2008-09-29,13.604392051696777,30.1200008392334,31.739999771118164,29.760000228881836,31.440000534057617,263583
2008-09-30,13.604392051696777,30.1200008392334,31.200000762939453,25.079999923706055,29.280000686645508,191083
2008-10-01,13.685696601867676,30.299999237060547,30.899999618530273,29.8799991607666,30.0,67983
2008-10-02,13.197885513305664,29.219999313354492,30.65999984741211,28.979999542236328,30.65999984741211,140450
2008-10-03,13.062386512756348,28.920000076293945,29.760000228881836,25.920000076293945,27.299999237060547,131167
2008-10-06,11.951271057128906,26.459999084472656,27.420000076293945,25.079999923706055,27.299999237060547,485600
2008-10-07,11.571866035461426,25.6200008392334,27.0,25.6200008392334,26.520000457763672,296000
2008-10-08,11.165363311767578,24.719999313354492,25.5,22.799999237060547,24.65999984741211,480433
2008-10-09,10.487849235534668,23.219999313354492,26.280000686645508,23.100000381469727,25.200000762939453,230583
2008-10-10,9.783242225646973,21.65999984741211,22.799999237060547,19.799999237060547,21.0,454867
2008-10-13,11.30086898803711,25.020000457763672,25.200000762939453,24.0,24.059999465942383,242300
2008-10-14,11.78866195678711,26.100000381469727,26.940000534057617,25.5,26.579999923706055,271600
2008-10-15,11.056957244873047,24.479999542236328,26.639999389648438,24.18000030517578,26.639999389648438,209267
2008-10-16,11.355057716369629,25.139999389648438,25.979999542236328,24.239999771118164,25.979999542236328,160350
2008-10-17,11.62607192993164,25.739999771118164,25.860000610351562,24.479999542236328,25.020000457763672,157867
2008-10-20,12.384872436523438,27.420000076293945,27.780000686645508,25.920000076293945,25.979999542236328,165567
2008-10-21,12.168065071105957,26.940000534057617,27.600000381469727,26.579999923706055,27.420000076293945,115300
2008-10-22,11.355057716369629,25.139999389648438,26.34000015258789,24.600000381469727,25.559999465942383,160417
2008-10-23,11.029854774475098,24.420000076293945,25.31999969482422,24.18000030517578,24.65999984741211,128067
2008-10-24,10.758857727050781,23.81999969482422,24.0,22.5,23.520000457763672,174733
2008-10-27,10.731749534606934,23.760000228881836,24.540000915527344,23.15999984741211,23.639999389648438,195850
2008-10-28,11.111160278320312,24.600000381469727,24.600000381469727,23.15999984741211,24.0,141683
2008-10-29,11.479799270629883,25.3799991607666,25.739999771118164,23.8799991607666,23.940000534057617,124967
2008-10-30,11.588353157043457,25.6200008392334,26.34000015258789,25.31999969482422,25.559999465942383,96700
2008-10-31,11.344109535217285,25.079999923706055,26.399999618530273,24.65999984741211,25.799999237060547,101083
2008-11-03,11.968299865722656,26.459999084472656,26.520000457763672,25.68000030517578,25.739999771118164,175633
2008-11-04,12.511077880859375,27.65999984741211,28.200000762939453,26.700000762939453,27.479999542236328,159133
2008-11-05,12.212542533874512,27.0,28.260000228881836,26.700000762939453,28.260000228881836,76867
2008-11-06,11.805459022521973,26.100000381469727,29.040000915527344,25.920000076293945,29.040000915527344,102167
2008-11-07,11.61549186706543,25.68000030517578,26.81999969482422,25.5,26.520000457763672,90817
2008-11-10,11.724048614501953,25.920000076293945,26.219999313354492,25.559999465942383,25.799999237060547,115550
2008-11-11,11.506936073303223,25.440000534057617,25.920000076293945,24.780000686645508,25.920000076293945,115250
2008-11-12,10.909873008728027,24.1200008392334,24.84000015258789,24.1200008392334,24.65999984741211,104100
2008-11-13,10.855597496032715,24.0,24.18000030517578,23.399999618530273,24.0,165283
2008-11-14,10.855597496032715,24.0,24.18000030517578,23.520000457763672,23.760000228881836,110900
2008-11-17,10.692761421203613,23.639999389648438,24.0,23.520000457763672,23.579999923706055,148533
2008-11-18,10.367101669311523,22.920000076293945,24.1200008392334,22.5,23.81999969482422,129300
2008-11-19,9.960006713867188,22.020000457763672,23.700000762939453,21.84000015258789,22.860000610351562,168550
2008-11-20,8.793037414550781,19.440000534057617,21.600000381469727,19.3799991607666,21.600000381469727,307350
2008-11-21,8.684481620788574,19.200000762939453,20.280000686645508,18.059999465942383,20.15999984741211,331600
2008-11-24,9.254396438598633,20.459999084472656,21.239999771118164,19.200000762939453,19.200000762939453,311317
2008-11-25,9.868339538574219,21.780000686645508,21.899999618530273,20.520000457763672,21.299999237060547,170983
2008-11-26,10.62952709197998,23.459999084472656,23.459999084472656,21.059999465942383,22.139999389648438,144217
2008-11-28,10.113004684448242,22.31999969482422,23.639999389648438,22.200000762939453,23.639999389648438,80750
2008-12-01,9.786785125732422,21.600000381469727,22.079999923706055,21.540000915527344,22.079999923706055,107883
2008-12-02,10.004270553588867,22.079999923706055,22.68000030517578,21.18000030517578,21.299999237060547,109183
2008-12-03,10.466418266296387,23.100000381469727,23.8799991607666,21.420000076293945,21.420000076293945,145017
2008-12-04,10.330491065979004,22.799999237060547,23.459999084472656,22.5,23.459999084472656,74100
2008-12-05,10.303305625915527,22.739999771118164,22.920000076293945,21.84000015258789,22.920000076293945,94233
2008-12-08,10.248936653137207,22.6200008392334,23.15999984741211,22.5,23.100000381469727,124950
2008-12-09,10.221749305725098,22.559999465942383,23.100000381469727,22.440000534057617,22.6200008392334,112617
2008-12-10,10.493599891662598,23.15999984741211,23.700000762939453,22.31999969482422,22.31999969482422,115183
2008-12-11,10.575159072875977,23.34000015258789,24.0,22.979999542236328,23.280000686645508,129233
2008-12-12,10.656713485717773,23.520000457763672,23.639999389648438,22.5,23.639999389648438,100083
2008-12-15,10.847012519836426,23.940000534057617,24.299999237060547,23.520000457763672,23.520000457763672,188383
2008-12-16,11.281981468200684,24.899999618530273,24.899999618530273,23.579999923706055,24.899999618530273,204450
2008-12-17,11.68975830078125,25.799999237060547,26.100000381469727,24.479999542236328,24.899999618530273,177550
2008-12-18,11.852884292602539,26.15999984741211,26.639999389648438,25.799999237060547,26.34000015258789,171150
2008-12-19,11.417912483215332,25.200000762939453,26.639999389648438,24.899999618530273,26.639999389648438,226100
2008-12-22,11.68975830078125,25.799999237060547,26.040000915527344,25.440000534057617,26.040000915527344,105500
2008-12-23,12.043176651000977,26.579999923706055,26.700000762939453,25.260000228881836,25.260000228881836,126200
2008-12-24,11.771322250366211,25.979999542236328,26.399999618530273,25.5,26.040000915527344,95400
2008-12-26,12.233476638793945,27.0,27.0,25.920000076293945,26.399999618530273,129433
2008-12-29,11.890313148498535,26.15999984741211,27.059999465942383,25.799999237060547,27.0,104267
2008-12-30,11.863039016723633,26.100000381469727,26.280000686645508,25.5,26.15999984741211,130250
2008-12-31,11.726689338684082,25.799999237060547,26.100000381469727,25.6200008392334,25.979999542236328,141917
2009-01-02,12.27210807800293,27.0,27.0,25.860000610351562,25.979999542236328,82733
2009-01-05,12.681183815002441,27.899999618530273,27.959999084472656,26.579999923706055,27.0,151200
2009-01-06,13.253888130187988,29.15999984741211,29.280000686645508,27.959999084472656,27.959999084472656,161933
2009-01-07,12.463006973266602,27.420000076293945,29.399999618530273,27.0,29.399999618530273,160717
2009-01-08,12.735723495483398,28.020000457763672,28.5,27.299999237060547,28.5,87533
2009-01-09,12.953892707824707,28.5,29.34000015258789,28.200000762939453,29.34000015258789,98617
2009-01-12,12.790262222290039,28.139999389648438,28.6200008392334,27.299999237060547,28.5,133850
2009-01-13,12.59936809539795,27.719999313354492,28.260000228881836,27.420000076293945,27.84000015258789,122300
2009-01-14,12.16302490234375,26.760000228881836,27.719999313354492,26.100000381469727,27.600000381469727,151583
2009-01-15,12.244837760925293,26.940000534057617,27.479999542236328,25.920000076293945,27.479999542236328,109183
2009-01-16,12.544825553894043,27.600000381469727,27.84000015258789,27.059999465942383,27.540000915527344,117183
2009-01-20,12.490280151367188,27.479999542236328,28.200000762939453,27.059999465942383,27.1200008392334,143283
2009-01-21,12.517562866210938,27.540000915527344,27.600000381469727,27.059999465942383,27.059999465942383,56633
2009-01-22,12.408468246459961,27.299999237060547,27.600000381469727,26.700000762939453,27.600000381469727,69917
2009-01-23,12.544825553894043,27.600000381469727,28.5,27.1200008392334,27.540000915527344,439767
2009-01-26,12.762996673583984,28.079999923706055,28.440000534057617,27.600000381469727,27.899999618530273,243417
2009-01-27,12.84481430053711,28.260000228881836,29.15999984741211,28.020000457763672,29.15999984741211,237883
2009-01-28,12.778824806213379,28.079999923706055,28.739999771118164,27.899999618530273,28.739999771118164,179217
2009-01-29,12.778824806213379,28.079999923706055,28.260000228881836,27.65999984741211,28.200000762939453,110433
2009-01-30,12.587687492370605,27.65999984741211,28.200000762939453,27.299999237060547,28.139999389648438,202133
2009-02-02,12.396552085876465,27.239999771118164,27.719999313354492,27.059999465942383,27.719999313354492,89750
2009-02-03,12.614990234375,27.719999313354492,27.84000015258789,26.81999969482422,27.299999237060547,103533
2009-02-04,12.642291069030762,27.780000686645508,27.899999618530273,27.420000076293945,27.899999618530273,87767
2009-02-05,12.642291069030762,27.780000686645508,27.899999618530273,27.600000381469727,27.600000381469727,72833
2009-02-06,12.860735893249512,28.260000228881836,28.440000534057617,27.719999313354492,28.079999923706055,86367
2009-02-09,13.07917594909668,28.739999771118164,28.979999542236328,28.200000762939453,28.979999542236328,77350
2009-02-10,12.997260093688965,28.559999465942383,29.280000686645508,28.31999969482422,29.100000381469727,136933
2009-02-11,13.106485366821289,28.799999237060547,28.860000610351562,28.200000762939453,28.3799991607666,94200
2009-02-12,12.751517295837402,28.020000457763672,28.920000076293945,28.020000457763672,28.799999237060547,91267
2009-02-13,12.942647933959961,28.440000534057617,28.6200008392334,28.020000457763672,28.3799991607666,82050
2009-02-17,12.505772590637207,27.479999542236328,28.5,27.299999237060547,28.020000457763672,149750
2009-02-18,12.287328720092773,27.0,28.020000457763672,27.0,28.020000457763672,101217
2009-02-19,12.45115852355957,27.360000610351562,28.020000457763672,27.059999465942383,28.020000457763672,103367
2009-02-20,11.850439071655273,26.040000915527344,27.1200008392334,25.559999465942383,27.0,182567
2009-02-23,11.16781997680664,24.540000915527344,26.700000762939453,23.700000762939453,26.399999618530273,267033
2009-02-24,11.577390670776367,25.440000534057617,25.6200008392334,23.520000457763672,25.079999923706055,154000
2009-02-25,11.757400512695312,25.799999237060547,26.280000686645508,24.600000381469727,25.200000762939453,105800
2009-02-26,11.511319160461426,25.260000228881836,26.100000381469727,25.200000762939453,25.559999465942383,52917
2009-02-27,11.511319160461426,25.260000228881836,25.440000534057617,24.600000381469727,24.899999618530273,79267
2009-03-02,10.526972770690918,23.100000381469727,25.079999923706055,22.799999237060547,24.540000915527344,241700
2009-03-03,10.390264511108398,22.799999237060547,23.399999618530273,21.84000015258789,23.34000015258789,256100
2009-03-04,11.155858039855957,24.479999542236328,24.540000915527344,22.799999237060547,22.799999237060547,185750
2009-03-05,10.44494915008545,22.920000076293945,24.059999465942383,22.860000610351562,23.760000228881836,120233
2009-03-06,10.47229290008545,22.979999542236328,23.399999618530273,22.6200008392334,22.68000030517578,88283
2009-03-09,10.253546714782715,22.5,23.040000915527344,22.3799991607666,22.3799991607666,102250
2009-03-10,10.827749252319336,23.760000228881836,23.940000534057617,22.739999771118164,22.979999542236328,115683
2009-03-11,11.40194034576416,25.020000457763672,25.559999465942383,23.700000762939453,23.700000762939453,334983
2009-03-12,11.21054744720459,24.600000381469727,24.899999618530273,24.420000076293945,24.780000686645508,174367
2009-03-13,11.21054744720459,24.600000381469727,25.139999389648438,24.479999542236328,24.899999618530273,140917
2009-03-16,11.374598503112793,24.959999084472656,25.860000610351562,24.65999984741211,24.65999984741211,153550
2009-03-17,11.511319160461426,25.260000228881836,25.5,25.020000457763672,25.31999969482422,129900
2009-03-18,12.140195846557617,26.639999389648438,26.8799991607666,24.959999084472656,25.5,123550
2009-03-19,12.851119995117188,28.200000762939453,28.799999237060547,27.0,27.0,344700
2009-03-20,12.987828254699707,28.5,28.6200008392334,27.780000686645508,27.84000015258789,237400
2009-03-23,13.17923355102539,28.920000076293945,29.15999984741211,28.3799991607666,29.15999984741211,169267
2009-03-24,13.233912467956543,29.040000915527344,29.219999313354492,28.3799991607666,29.219999313354492,108683
2009-03-25,13.151883125305176,28.860000610351562,29.15999984741211,28.260000228881836,28.799999237060547,203250
2009-03-26,13.315950393676758,29.219999313354492,29.280000686645508,28.6200008392334,28.920000076293945,113083
2009-03-27,13.414042472839355,29.399999618530273,29.700000762939453,28.5,28.979999542236328,160183
2009-03-30,12.839147567749023,28.139999389648438,29.34000015258789,27.959999084472656,29.040000915527344,119783
2009-03-31,13.058152198791504,28.6200008392334,28.739999771118164,28.139999389648438,28.139999389648438,64500
2009-04-01,13.140277862548828,28.799999237060547,29.100000381469727,28.200000762939453,28.3799991607666,88817
2009-04-02,13.468780517578125,29.520000457763672,29.639999389648438,28.920000076293945,29.100000381469727,137400
2009-04-03,13.578283309936523,29.760000228881836,29.81999969482422,28.799999237060547,28.979999542236328,114183
2009-04-06,13.578283309936523,29.760000228881836,29.940000534057617,29.219999313354492,29.219999313354492,74900
2009-04-07,13.359291076660156,29.280000686645508,29.639999389648438,29.219999313354492,29.34000015258789,72067
2009-04-08,13.2771577835083,29.100000381469727,29.219999313354492,28.920000076293945,28.979999542236328,110633
2009-04-09,13.304536819458008,29.15999984741211,29.399999618530273,29.100000381469727,29.280000686645508,131100
2009-04-13,13.2771577835083,29.100000381469727,29.399999618530273,28.979999542236328,29.100000381469727,174950
2009-04-14,13.2771577835083,29.100000381469727,29.399999618530273,28.979999542236328,28.979999542236328,75283
2009-04-15,13.441412925720215,29.459999084472656,29.459999084472656,29.040000915527344,29.040000915527344,78883
2009-04-16,13.359291076660156,29.280000686645508,29.639999389648438,28.979999542236328,29.639999389648438,116567
2009-04-17,13.414042472839355,29.399999618530273,29.399999618530273,29.040000915527344,29.040000915527344,84633
2009-04-20,13.11290454864502,28.739999771118164,29.399999618530273,28.5,29.399999618530273,118400
2009-04-21,13.2771577835083,29.100000381469727,29.34000015258789,27.899999618530273,27.899999618530273,36667
2009-04-22,13.386667251586914,29.34000015258789,29.520000457763672,29.100000381469727,29.219999313354492,144583
2009-04-23,13.550918579101562,29.700000762939453,29.700000762939453,29.15999984741211,29.15999984741211,113083
2009-04-24,13.523530960083008,29.639999389648438,29.940000534057617,29.399999618530273,29.399999618530273,130617
2009-04-27,13.496167182922363,29.579999923706055,29.639999389648438,29.15999984741211,29.579999923706055,119667
2009-04-28,13.429932594299316,29.399999618530273,29.8799991607666,29.100000381469727,29.219999313354492,113717
2009-04-29,13.512150764465332,29.579999923706055,29.81999969482422,29.520000457763672,29.81999969482422,126500
2009-04-30,13.566971778869629,29.700000762939453,29.940000534057617,29.520000457763672,29.760000228881836,121183
2009-05-01,13.70400619506836,30.0,30.479999542236328,29.639999389648438,29.700000762939453,117017
2009-05-04,13.950677871704102,30.540000915527344,30.65999984741211,29.8799991607666,29.8799991607666,145600
2009-05-05,14.169946670532227,31.020000457763672,31.260000228881836,30.479999542236328,30.479999542236328,134333
2009-05-06,14.169946670532227,31.020000457763672,31.200000762939453,30.899999618530273,30.899999618530273,88367
2009-05-07,14.115124702453613,30.899999618530273,31.200000762939453,30.540000915527344,31.200000762939453,102650
2009-05-08,14.306983947753906,31.31999969482422,31.31999969482422,30.780000686645508,30.780000686645508,101550
2009-05-11,14.279577255249023,31.260000228881836,31.3799991607666,30.65999984741211,31.200000762939453,149417
2009-05-12,14.306983947753906,31.31999969482422,31.5,31.079999923706055,31.260000228881836,115383
2009-05-13,14.361800193786621,31.440000534057617,31.739999771118164,31.020000457763672,31.3799991607666,191817
2009-05-14,14.416613578796387,31.559999465942383,31.799999237060547,31.3799991607666,31.559999465942383,217683
2009-05-15,14.635881423950195,32.040000915527344,32.099998474121094,31.559999465942383,31.559999465942383,161767
2009-05-18,14.690695762634277,32.15999984741211,32.279998779296875,31.5,31.559999465942383,192900
2009-05-19,14.772924423217773,32.34000015258789,32.459999084472656,32.040000915527344,32.040000915527344,162233
2009-05-20,14.800318717956543,32.400001525878906,32.52000045776367,32.15999984741211,32.15999984741211,162067
2009-05-21,14.800318717956543,32.400001525878906,32.58000183105469,32.279998779296875,32.58000183105469,174417
2009-05-22,14.88255786895752,32.58000183105469,32.880001068115234,32.15999984741211,32.15999984741211,182450
2009-05-26,14.909958839416504,32.63999938964844,32.7599983215332,32.58000183105469,32.58000183105469,150000
2009-05-27,14.675485610961914,31.920000076293945,32.70000076293945,31.920000076293945,32.63999938964844,234833
2009-05-28,15.006508827209473,32.63999938964844,32.70000076293945,32.040000915527344,32.040000915527344,231833
2009-05-29,15.199610710144043,33.060001373291016,33.18000030517578,32.58000183105469,32.70000076293945,236067
2009-06-01,14.923754692077637,32.459999084472656,33.2400016784668,31.920000076293945,33.0,262967
2009-06-02,15.11685562133789,32.880001068115234,33.0,32.400001525878906,32.459999084472656,137483
2009-06-03,14.896159172058105,32.400001525878906,32.880001068115234,32.220001220703125,32.880001068115234,132233
2009-06-04,15.365118980407715,33.41999816894531,33.41999816894531,32.400001525878906,32.400001525878906,225967
2009-06-05,15.503045082092285,33.720001220703125,33.720001220703125,32.880001068115234,33.29999923706055,145650
2009-06-08,15.447875022888184,33.599998474121094,33.65999984741211,33.0,33.65999984741211,146917
2009-06-09,15.447875022888184,33.599998474121094,33.65999984741211,33.41999816894531,33.599998474121094,122833
2009-06-10,15.503045082092285,33.720001220703125,33.779998779296875,33.47999954223633,33.779998779296875,138150
2009-06-11,15.585806846618652,33.900001525878906,33.900001525878906,32.58000183105469,32.58000183105469,212267
2009-06-12,15.558218002319336,33.84000015258789,33.959999084472656,33.779998779296875,33.959999084472656,105167
2009-06-15,15.309955596923828,33.29999923706055,33.84000015258789,33.29999923706055,33.84000015258789,166283
2009-06-16,14.785825729370117,32.15999984741211,33.47999954223633,30.780000686645508,33.29999923706055,341283
2009-06-17,14.785825729370117,32.15999984741211,32.400001525878906,31.139999389648438,32.220001220703125,181967
2009-06-18,15.006508827209473,32.63999938964844,32.81999969482422,32.15999984741211,32.220001220703125,96000
2009-06-19,15.172030448913574,33.0,33.060001373291016,32.63999938964844,32.63999938964844,92333
2009-06-22,14.923754692077637,32.459999084472656,32.880001068115234,32.279998779296875,32.880001068115234,138150
2009-06-23,14.785825729370117,32.15999984741211,32.58000183105469,31.68000030517578,32.400001525878906,100633
2009-06-24,15.172030448913574,33.0,33.0,32.099998474121094,32.279998779296875,73700
2009-06-25,15.227200508117676,33.119998931884766,33.119998931884766,32.81999969482422,33.0,90967
2009-06-26,15.324352264404297,33.119998931884766,33.119998931884766,32.81999969482422,32.81999969482422,101700
2009-06-29,15.463164329528809,33.41999816894531,33.540000915527344,33.0,33.060001373291016,97983
2009-06-30,15.490936279296875,33.47999954223633,33.540000915527344,33.060001373291016,33.540000915527344,64767
2009-07-01,15.490936279296875,33.47999954223633,33.599998474121094,33.119998931884766,33.540000915527344,82767
2009-07-02,15.435407638549805,33.36000061035156,33.47999954223633,33.0,33.47999954223633,64700
2009-07-06,14.963461875915527,32.34000015258789,33.2400016784668,32.15999984741211,33.18000030517578,165950
2009-07-07,14.963461875915527,32.34000015258789,32.63999938964844,32.040000915527344,32.52000045776367,95333
2009-07-08,15.018980026245117,32.459999084472656,32.7599983215332,32.279998779296875,32.7599983215332,124800
2009-07-09,15.046743392944336,32.52000045776367,32.52000045776367,32.34000015258789,32.52000045776367,75700
2009-07-10,14.991219520568848,32.400001525878906,32.52000045776367,32.34000015258789,32.400001525878906,80533
2009-07-13,15.268842697143555,33.0,33.0,32.34000015258789,32.34000015258789,157867
2009-07-14,15.379883766174316,33.2400016784668,33.36000061035156,33.0,33.36000061035156,117633
2009-07-15,15.518680572509766,33.540000915527344,33.599998474121094,33.2400016784668,33.29999923706055,145983
2009-07-16,15.490936279296875,33.47999954223633,33.599998474121094,33.41999816894531,33.41999816894531,69950
2009-07-17,15.490936279296875,33.47999954223633,33.540000915527344,33.29999923706055,33.41999816894531,63400
2009-07-20,15.629732131958008,33.779998779296875,33.84000015258789,33.41999816894531,33.41999816894531,121633
2009-07-21,15.685263633728027,33.900001525878906,33.959999084472656,33.779998779296875,33.84000015258789,121083
2009-07-22,15.740791320800781,34.02000045776367,34.02000045776367,33.599998474121094,33.84000015258789,145883
2009-07-23,15.824080467224121,34.20000076293945,34.380001068115234,33.900001525878906,34.13999938964844,158317
2009-07-24,16.184967041015625,34.97999954223633,34.97999954223633,34.02000045776367,34.02000045776367,137333
2009-07-27,16.046154022216797,34.68000030517578,35.400001525878906,34.5,34.97999954223633,157783
2009-07-28,16.434825897216797,35.52000045776367,35.52000045776367,34.68000030517578,34.7400016784668,128117
2009-07-29,16.30915641784668,35.040000915527344,35.400001525878906,34.79999923706055,34.97999954223633,212183
2009-07-30,16.337080001831055,35.099998474121094,35.400001525878906,34.79999923706055,34.97999954223633,160850
2009-07-31,16.30915641784668,35.040000915527344,35.15999984741211,34.79999923706055,35.099998474121094,145783
2009-08-03,16.169519424438477,34.7400016784668,35.400001525878906,34.7400016784668,35.400001525878906,131867
2009-08-04,16.085735321044922,34.560001373291016,34.79999923706055,34.31999969482422,34.619998931884766,126383
2009-08-05,16.281217575073242,34.97999954223633,35.099998474121094,34.5,34.68000030517578,110317
2009-08-06,16.588422775268555,35.63999938964844,35.880001068115234,34.97999954223633,34.97999954223633,176983
2009-08-07,16.588422775268555,35.63999938964844,35.939998626708984,35.15999984741211,35.63999938964844,165550
2009-08-10,16.504638671875,35.459999084472656,36.0,35.34000015258789,35.7599983215332,117833
2009-08-11,16.61634063720703,35.70000076293945,35.939998626708984,35.34000015258789,35.400001525878906,174783
2009-08-12,16.672197341918945,35.81999969482422,36.0,35.400001525878906,35.70000076293945,106433
2009-08-13,16.644275665283203,35.7599983215332,35.880001068115234,35.58000183105469,35.880001068115234,109100
2009-08-14,16.141590118408203,34.68000030517578,35.81999969482422,34.619998931884766,35.7599983215332,198433
2009-08-17,15.638914108276367,33.599998474121094,34.2599983215332,32.7599983215332,34.2599983215332,308300
2009-08-18,16.001962661743164,34.380001068115234,34.5,33.599998474121094,34.02000045776367,128100
2009-08-19,16.085735321044922,34.560001373291016,34.619998931884766,33.779998779296875,34.02000045776367,87000
2009-08-20,16.476713180541992,35.400001525878906,35.400001525878906,34.619998931884766,34.619998931884766,113550
2009-08-21,16.476713180541992,35.400001525878906,35.70000076293945,35.279998779296875,35.279998779296875,129133
2009-08-24,16.392929077148438,35.220001220703125,35.63999938964844,35.099998474121094,35.52000045776367,119300
2009-08-25,16.532567977905273,35.52000045776367,35.58000183105469,35.220001220703125,35.459999084472656,133650
2009-08-26,16.532567977905273,35.52000045776367,35.939998626708984,35.279998779296875,35.939998626708984,142583
2009-08-27,16.630895614624023,35.52000045776367,35.81999969482422,35.15999984741211,35.220001220703125,101933
2009-08-28,16.518508911132812,35.279998779296875,35.81999969482422,35.040000915527344,35.400001525878906,134200
2009-08-31,16.40615463256836,35.040000915527344,35.58000183105469,35.040000915527344,35.400001525878906,107800
2009-09-01,16.153316497802734,34.5,35.220001220703125,34.20000076293945,35.220001220703125,187817
2009-09-02,16.462329864501953,35.15999984741211,35.34000015258789,34.20000076293945,34.439998626708984,154067
2009-09-03,16.602794647216797,35.459999084472656,35.63999938964844,35.15999984741211,35.220001220703125,105750
2009-09-04,16.687082290649414,35.63999938964844,35.81999969482422,35.34000015258789,35.81999969482422,119983
2009-09-08,16.7994441986084,35.880001068115234,35.939998626708984,35.58000183105469,35.63999938964844,148650
2009-09-09,16.7994441986084,35.880001068115234,36.29999923706055,35.7599983215332,35.880001068115234,149483
2009-09-10,17.052276611328125,36.41999816894531,36.47999954223633,35.63999938964844,35.63999938964844,112933
2009-09-11,17.19274139404297,36.720001220703125,36.720001220703125,36.41999816894531,36.47999954223633,131583
2009-09-14,17.417490005493164,37.20000076293945,37.20000076293945,36.41999816894531,36.599998474121094,156017
2009-09-15,17.30511474609375,36.959999084472656,37.380001068115234,36.959999084472656,37.20000076293945,165117
2009-09-16,17.417490005493164,37.20000076293945,37.439998626708984,37.02000045776367,37.02000045776367,129617
2009-09-17,17.6141357421875,37.619998931884766,37.91999816894531,37.2599983215332,37.5,235100
2009-09-18,17.557939529418945,37.5,37.86000061035156,37.2599983215332,37.560001373291016,133233
2009-09-21,17.27703094482422,36.900001525878906,37.5,36.779998779296875,37.2599983215332,149200
2009-09-22,17.586040496826172,37.560001373291016,37.619998931884766,36.84000015258789,36.900001525878906,127067
2009-09-23,17.6141357421875,37.619998931884766,37.79999923706055,37.2599983215332,37.31999969482422,129550
2009-09-24,17.27703094482422,36.900001525878906,37.7400016784668,36.84000015258789,37.560001373291016,152783
2009-09-25,17.248924255371094,36.84000015258789,37.08000183105469,36.29999923706055,36.900001525878906,154300
2009-09-28,17.404319763183594,36.959999084472656,37.31999969482422,36.29999923706055,36.29999923706055,105600
2009-09-29,17.432580947875977,37.02000045776367,37.13999938964844,36.65999984741211,37.08000183105469,77017
2009-09-30,17.48908805847168,37.13999938964844,38.099998474121094,36.959999084472656,38.099998474121094,119183
2009-10-01,17.432580947875977,37.02000045776367,37.560001373291016,36.779998779296875,37.439998626708984,103000
2009-10-02,17.376073837280273,36.900001525878906,36.959999084472656,36.29999923706055,36.29999923706055,97333
2009-10-05,17.404319763183594,36.959999084472656,37.20000076293945,36.779998779296875,37.20000076293945,119517
2009-10-06,17.630361557006836,37.439998626708984,37.5,37.13999938964844,37.13999938964844,127117
2009-10-07,17.91289710998535,38.040000915527344,38.040000915527344,37.439998626708984,37.560001373291016,144733
2009-10-08,18.082416534423828,38.400001525878906,38.939998626708984,38.099998474121094,38.099998474121094,197400
2009-10-09,18.308448791503906,38.880001068115234,38.880001068115234,38.099998474121094,38.15999984741211,155483
2009-10-12,18.22368621826172,38.70000076293945,39.0,38.63999938964844,39.0,125833
2009-10-13,18.280187606811523,38.81999969482422,39.0,38.400001525878906,39.0,150667
2009-10-14,18.082416534423828,38.400001525878906,39.36000061035156,38.279998779296875,39.0,260367
2009-10-15,18.11067771911621,38.459999084472656,38.63999938964844,38.099998474121094,38.400001525878906,143717
2009-10-16,18.138933181762695,38.52000045776367,38.939998626708984,38.279998779296875,38.63999938964844,173067
2009-10-19,18.251928329467773,38.7599983215332,39.779998779296875,38.52000045776367,38.939998626708984,239967
2009-10-20,18.336698532104492,38.939998626708984,39.119998931884766,38.52000045776367,39.0,137250
2009-10-21,18.477964401245117,39.2400016784668,39.540000915527344,38.58000183105469,38.58000183105469,108083
2009-10-22,18.56272315979004,39.41999816894531,39.599998474121094,39.0,39.0,114833
2009-10-23,18.506214141845703,39.29999923706055,39.540000915527344,39.0,39.29999923706055,141483
2009-10-26,18.280187606811523,38.81999969482422,39.540000915527344,38.7599983215332,39.47999954223633,150933
2009-10-27,18.025901794433594,38.279998779296875,39.0,37.5,38.7599983215332,266117
2009-10-28,16.798093795776367,35.63999938964844,38.099998474121094,34.79999923706055,37.380001068115234,813283
2009-10-29,17.7313289642334,37.619998931884766,37.619998931884766,36.0,37.02000045776367,362983
2009-10-30,17.08090591430664,36.2400016784668,37.86000061035156,36.060001373291016,37.86000061035156,258467
2009-11-02,17.448537826538086,37.02000045776367,37.20000076293945,35.52000045776367,36.2400016784668,223033
2009-11-03,17.533361434936523,37.20000076293945,37.20000076293945,36.65999984741211,36.900001525878906,122817
2009-11-04,17.844446182250977,37.86000061035156,37.97999954223633,37.31999969482422,37.380001068115234,125067
2009-11-05,18.042400360107422,38.279998779296875,38.52000045776367,37.97999954223633,38.52000045776367,149017
2009-11-06,18.155521392822266,38.52000045776367,38.7599983215332,38.040000915527344,38.70000076293945,136400
2009-11-09,18.381752014160156,39.0,39.29999923706055,38.81999969482422,39.18000030517578,181733
2009-11-10,18.46658706665039,39.18000030517578,39.47999954223633,38.880001068115234,38.880001068115234,170767
2009-11-11,18.353471755981445,38.939998626708984,39.540000915527344,38.7599983215332,39.540000915527344,143117
2009-11-12,18.212078094482422,38.63999938964844,39.2400016784668,38.52000045776367,38.52000045776367,143783
2009-11-13,18.014131546020508,38.220001220703125,39.47999954223633,37.7400016784668,39.47999954223633,319183
2009-11-16,18.2403507232666,38.70000076293945,39.18000030517578,38.279998779296875,39.18000030517578,181983
2009-11-17,18.381752014160156,39.0,39.0,38.52000045776367,38.58000183105469,108017
2009-11-18,18.46658706665039,39.18000030517578,39.36000061035156,38.279998779296875,38.279998779296875,145867
2009-11-19,18.438318252563477,39.119998931884766,39.47999954223633,38.70000076293945,39.0,129817
2009-11-20,18.410037994384766,39.060001373291016,39.29999923706055,38.400001525878906,38.400001525878906,124633
2009-11-23,18.579715728759766,39.41999816894531,39.41999816894531,39.060001373291016,39.060001373291016,169617
2009-11-24,18.664562225341797,39.599998474121094,39.599998474121094,39.18000030517578,39.29999923706055,143667
2009-11-25,18.849361419677734,39.779998779296875,39.779998779296875,39.36000061035156,39.540000915527344,135717
2009-11-27,18.337610244750977,38.70000076293945,39.599998474121094,37.380001068115234,37.380001068115234,155533
2009-11-30,18.479751586914062,39.0,39.47999954223633,38.70000076293945,38.880001068115234,138167
2009-12-01,18.621919631958008,39.29999923706055,39.47999954223633,39.0,39.2400016784668,138433
2009-12-02,18.70720100402832,39.47999954223633,39.720001220703125,39.18000030517578,39.36000061035156,141250
2009-12-03,18.70720100402832,39.47999954223633,39.779998779296875,39.29999923706055,39.779998779296875,115367
2009-12-04,18.56503677368164,39.18000030517578,39.84000015258789,39.0,39.84000015258789,125983
2009-12-07,18.536611557006836,39.119998931884766,39.84000015258789,38.939998626708984,39.84000015258789,137900
2009-12-08,18.479751586914062,39.0,39.18000030517578,38.70000076293945,39.0,175917
2009-12-09,18.508188247680664,39.060001373291016,39.29999923706055,38.63999938964844,38.939998626708984,176700
2009-12-10,18.536611557006836,39.119998931884766,39.41999816894531,39.0,39.41999816894531,94667
2009-12-11,18.42290496826172,38.880001068115234,39.36000061035156,38.81999969482422,39.18000030517578,113667
2009-12-14,18.508188247680664,39.060001373291016,39.2400016784668,38.81999969482422,39.2400016784668,126683
2009-12-15,18.167024612426758,38.34000015258789,39.119998931884766,38.220001220703125,38.70000076293945,171267
2009-12-16,17.968019485473633,37.91999816894531,38.939998626708984,37.86000061035156,38.400001525878906,295567
2009-12-17,17.45626449584961,36.84000015258789,37.86000061035156,36.720001220703125,37.86000061035156,362300
2009-12-18,17.51313018798828,36.959999084472656,37.31999969482422,36.779998779296875,36.959999084472656,206350
2009-12-21,17.569990158081055,37.08000183105469,37.31999969482422,36.900001525878906,37.2599983215332,185067
2009-12-22,17.712141036987305,37.380001068115234,37.68000030517578,37.20000076293945,37.20000076293945,113450
2009-12-23,17.683704376220703,37.31999969482422,37.7400016784668,37.02000045776367,37.5,170183
2009-12-24,17.79743194580078,37.560001373291016,37.7400016784668,37.13999938964844,37.619998931884766,112167
2009-12-28,17.85428237915039,37.68000030517578,37.79999923706055,37.5,37.560001373291016,128033
2009-12-29,17.982948303222656,37.7400016784668,37.79999923706055,37.5,37.68000030517578,113383
2009-12-30,17.811403274536133,37.380001068115234,37.68000030517578,37.380001068115234,37.5,109100
2009-12-31,17.78281593322754,37.31999969482422,37.560001373291016,37.20000076293945,37.439998626708984,108233
2010-01-04,18.040119171142578,37.86000061035156,38.459999084472656,37.5,37.619998931884766,116850
2010-01-05,18.268836975097656,38.34000015258789,38.34000015258789,37.79999923706055,37.79999923706055,115000
2010-01-06,18.354597091674805,38.52000045776367,38.880001068115234,38.15999984741211,38.15999984741211,128833
2010-01-07,18.440385818481445,38.70000076293945,38.939998626708984,38.52000045776367,38.7599983215332,109667
2010-01-08,18.497556686401367,38.81999969482422,38.939998626708984,38.52000045776367,38.81999969482422,91067
2010-01-11,18.554738998413086,38.939998626708984,39.0,38.7599983215332,38.880001068115234,87650
2010-01-12,18.354597091674805,38.52000045776367,39.0,38.52000045776367,38.63999938964844,112017
2010-01-13,18.58332061767578,39.0,39.0,38.400001525878906,38.52000045776367,91733
2010-01-14,18.58332061767578,39.0,39.2400016784668,38.70000076293945,38.70000076293945,120233
2010-01-15,18.66910743713379,39.18000030517578,39.2400016784668,38.880001068115234,39.119998931884766,74483
2010-01-19,18.92640495300293,39.720001220703125,39.779998779296875,39.18000030517578,39.41999816894531,233850
2010-01-20,18.783451080322266,39.41999816894531,39.599998474121094,39.119998931884766,39.599998474121094,131233
2010-01-21,18.46895408630371,38.7599983215332,39.41999816894531,38.52000045776367,39.29999923706055,177267
2010-01-22,18.326017379760742,38.459999084472656,39.0,38.459999084472656,38.70000076293945,123533
2010-01-25,18.46895408630371,38.7599983215332,38.81999969482422,38.220001220703125,38.52000045776367,95217
2010-01-26,18.497556686401367,38.81999969482422,39.0,38.15999984741211,38.15999984741211,145667
2010-01-27,18.6000919342041,39.0,39.060001373291016,38.400001525878906,38.400001525878906,231683
2010-01-28,18.371164321899414,38.52000045776367,39.060001373291016,38.459999084472656,39.060001373291016,111500
2010-01-29,18.056394577026367,37.86000061035156,38.70000076293945,37.68000030517578,38.459999084472656,176367
2010-02-01,17.970563888549805,37.68000030517578,38.099998474121094,37.560001373291016,38.040000915527344,147450
2010-02-02,18.170856475830078,38.099998474121094,38.34000015258789,37.560001373291016,37.97999954223633,116600
2010-02-03,18.085023880004883,37.91999816894531,38.52000045776367,37.91999816894531,38.15999984741211,94600
2010-02-04,17.684402465820312,37.08000183105469,38.220001220703125,37.08000183105469,37.619998931884766,175350
2010-02-05,17.31239128112793,36.29999923706055,37.31999969482422,35.279998779296875,37.31999969482422,582683
2010-02-08,17.19793701171875,36.060001373291016,36.900001525878906,36.060001373291016,36.540000915527344,196800
2010-02-09,17.913328170776367,37.560001373291016,37.619998931884766,36.18000030517578,36.29999923706055,258083
2010-02-10,17.655780792236328,37.02000045776367,37.560001373291016,36.900001525878906,37.20000076293945,193800
2010-02-11,17.827476501464844,37.380001068115234,37.7400016784668,36.900001525878906,36.900001525878906,118517
2010-02-12,17.999181747436523,37.7400016784668,37.7400016784668,37.13999938964844,37.5,102117
2010-02-16,18.371164321899414,38.52000045776367,38.70000076293945,37.7400016784668,38.220001220703125,137850
2010-02-17,18.256710052490234,38.279998779296875,38.63999938964844,38.099998474121094,38.63999938964844,88667
2010-02-18,18.22809600830078,38.220001220703125,38.52000045776367,38.099998474121094,38.15999984741211,76783
2010-02-19,18.22809600830078,38.220001220703125,38.34000015258789,37.91999816894531,38.099998474121094,99350
2010-02-22,18.199480056762695,38.15999984741211,38.58000183105469,37.97999954223633,38.34000015258789,119233
2010-02-23,18.142253875732422,38.040000915527344,38.400001525878906,37.91999816894531,38.34000015258789,133083
2010-02-24,18.158958435058594,38.040000915527344,38.15999984741211,37.86000061035156,38.099998474121094,99233
2010-02-25,18.24488067626953,38.220001220703125,38.279998779296875,37.68000030517578,37.68000030517578,97400
2010-02-26,18.388093948364258,38.52000045776367,38.58000183105469,38.040000915527344,38.279998779296875,90233
2010-03-01,18.273527145385742,38.279998779296875,38.58000183105469,38.220001220703125,38.400001525878906,117583
2010-03-02,18.302169799804688,38.34000015258789,38.459999084472656,38.220001220703125,38.220001220703125,88250
2010-03-03,18.416725158691406,38.58000183105469,38.880001068115234,38.400001525878906,38.52000045776367,126300
2010-03-04,18.502656936645508,38.7599983215332,38.7599983215332,38.459999084472656,38.7599983215332,76533
2010-03-05,18.531299591064453,38.81999969482422,39.29999923706055,38.70000076293945,38.880001068115234,189483
2010-03-08,18.531299591064453,38.81999969482422,39.060001373291016,38.70000076293945,39.0,115550
2010-03-09,18.760433197021484,39.29999923706055,39.29999923706055,38.81999969482422,38.880001068115234,112233
2010-03-10,18.789079666137695,39.36000061035156,39.36000061035156,39.060001373291016,39.18000030517578,87083
2010-03-11,18.617218017578125,39.0,39.41999816894531,39.0,39.119998931884766,61383
2010-03-12,18.64586639404297,39.060001373291016,39.47999954223633,39.060001373291016,39.29999923706055,102467
2010-03-15,18.64586639404297,39.060001373291016,39.2400016784668,38.63999938964844,39.2400016784668,149817
2010-03-16,18.903650283813477,39.599998474121094,39.599998474121094,39.0,39.119998931884766,87650
2010-03-17,18.8750057220459,39.540000915527344,39.599998474121094,39.29999923706055,39.599998474121094,108850
2010-03-18,18.903650283813477,39.599998474121094,39.599998474121094,39.36000061035156,39.540000915527344,92467
2010-03-19,18.817724227905273,39.41999816894531,39.779998779296875,39.36000061035156,39.41999816894531,114433
2010-03-22,18.84636688232422,39.47999954223633,39.720001220703125,39.2400016784668,39.2400016784668,95350
2010-03-23,18.903650283813477,39.599998474121094,39.900001525878906,39.41999816894531,39.47999954223633,168950
2010-03-24,18.64586639404297,39.060001373291016,39.720001220703125,38.7599983215332,39.540000915527344,274900
2010-03-25,18.64586639404297,39.060001373291016,39.599998474121094,39.0,39.29999923706055,115617
2010-03-26,18.703153610229492,39.18000030517578,39.29999923706055,38.939998626708984,39.119998931884766,107367
2010-03-29,18.748538970947266,39.2400016784668,39.29999923706055,39.0,39.18000030517578,88017
2010-03-30,18.748538970947266,39.2400016784668,39.41999816894531,39.119998931884766,39.18000030517578,71600
2010-03-31,18.69120216369629,39.119998931884766,39.36000061035156,39.119998931884766,39.119998931884766,65450
2010-04-01,18.748538970947266,39.2400016784668,39.47999954223633,39.18000030517578,39.29999923706055,80050
2010-04-05,18.805875778198242,39.36000061035156,39.47999954223633,39.119998931884766,39.2400016784668,83767
2010-04-06,18.863222122192383,39.47999954223633,39.65999984741211,39.2400016784668,39.2400016784668,127950
2010-04-07,18.748538970947266,39.2400016784668,39.65999984741211,39.18000030517578,39.540000915527344,102800
2010-04-08,18.9492130279541,39.65999984741211,39.720001220703125,39.060001373291016,39.060001373291016,73917
2010-04-09,18.92055320739746,39.599998474121094,39.720001220703125,39.36000061035156,39.47999954223633,61967
2010-04-12,18.977876663208008,39.720001220703125,40.02000045776367,39.599998474121094,39.65999984741211,102483
2010-04-13,19.06388282775879,39.900001525878906,40.20000076293945,39.65999984741211,39.84000015258789,124267
2010-04-14,19.121232986450195,40.02000045776367,40.20000076293945,39.84000015258789,40.13999938964844,92500
2010-04-15,19.207225799560547,40.20000076293945,40.439998626708984,39.900001525878906,39.959999084472656,101017
2010-04-16,19.092552185058594,39.959999084472656,40.439998626708984,39.959999084472656,40.380001068115234,83650
2010-04-19,19.29322624206543,40.380001068115234,40.560001373291016,39.959999084472656,40.02000045776367,111800
2010-04-20,19.46523094177246,40.7400016784668,40.97999954223633,40.380001068115234,40.380001068115234,110300
2010-04-21,19.207225799560547,40.20000076293945,40.79999923706055,40.20000076293945,40.68000030517578,133800
2010-04-22,19.23589515686035,40.2599983215332,40.5,40.08000183105469,40.08000183105469,42117
2010-04-23,19.493898391723633,40.79999923706055,40.91999816894531,40.20000076293945,40.20000076293945,90550
2010-04-26,19.63724136352539,41.099998474121094,41.400001525878906,40.79999923706055,40.79999923706055,172000
2010-04-27,19.350557327270508,40.5,41.15999984741211,40.5,40.97999954223633,118350
2010-04-28,19.453371047973633,40.68000030517578,40.86000061035156,40.5,40.5,116283
2010-04-29,19.625532150268555,41.040000915527344,41.099998474121094,40.79999923706055,40.91999816894531,108967
2010-04-30,19.596834182739258,40.97999954223633,41.099998474121094,40.7400016784668,40.91999816894531,75583
2010-05-03,19.453371047973633,40.68000030517578,41.040000915527344,40.560001373291016,40.97999954223633,112500
2010-05-04,18.908231735229492,39.540000915527344,40.79999923706055,39.36000061035156,40.619998931884766,246783
2010-05-05,18.334373474121094,38.34000015258789,39.720001220703125,37.13999938964844,39.720001220703125,403650
2010-05-06,17.186681747436523,35.939998626708984,38.15999984741211,15.300000190734863,37.68000030517578,777417
2010-05-07,17.789220809936523,37.20000076293945,37.439998626708984,35.70000076293945,35.7599983215332,349450
2010-05-10,18.363069534301758,38.400001525878906,38.7599983215332,37.86000061035156,38.7599983215332,177617
2010-05-11,18.190916061401367,38.040000915527344,38.400001525878906,37.86000061035156,38.220001220703125,146033
2010-05-12,18.506540298461914,38.70000076293945,38.70000076293945,38.099998474121094,38.58000183105469,95450
2010-05-13,18.44915008544922,38.58000183105469,39.0,38.279998779296875,38.34000015258789,86617
2010-05-14,18.047456741333008,37.7400016784668,38.70000076293945,37.5,38.70000076293945,175350
2010-05-17,17.760534286499023,37.13999938964844,37.97999954223633,36.900001525878906,37.31999969482422,207300
2010-05-18,17.559675216674805,36.720001220703125,37.5,36.65999984741211,37.08000183105469,179817
2010-05-19,17.35883903503418,36.29999923706055,36.65999984741211,35.58000183105469,36.599998474121094,298000
2010-05-20,16.526763916015625,34.560001373291016,35.939998626708984,34.5,35.81999969482422,388583
2010-05-21,17.129297256469727,35.81999969482422,35.939998626708984,33.0,33.36000061035156,326567
2010-05-24,17.186681747436523,35.939998626708984,36.36000061035156,35.81999969482422,35.880001068115234,120417
2010-05-25,17.100614547729492,35.7599983215332,35.81999969482422,34.7400016784668,34.97999954223633,208433
2010-05-26,17.02845001220703,35.400001525878906,36.18000030517578,35.400001525878906,36.0,174583
2010-05-27,17.490234375,36.36000061035156,36.36000061035156,35.70000076293945,35.70000076293945,163650
2010-05-28,17.60569953918457,36.599998474121094,36.599998474121094,36.119998931884766,36.540000915527344,127700
2010-06-01,17.11503791809082,35.58000183105469,36.540000915527344,35.58000183105469,35.880001068115234,112933
2010-06-02,17.634559631347656,36.65999984741211,36.65999984741211,35.70000076293945,35.939998626708984,126750
2010-06-03,17.5479736328125,36.47999954223633,36.779998779296875,36.18000030517578,36.540000915527344,69817
2010-06-04,17.432506561279297,36.2400016784668,36.36000061035156,35.459999084472656,36.18000030517578,225700
2010-06-07,17.14390754699707,35.63999938964844,36.41999816894531,35.459999084472656,36.41999816894531,143567
2010-06-08,17.34593963623047,36.060001373291016,36.119998931884766,35.400001525878906,35.880001068115234,140300
2010-06-09,17.20162010192871,35.7599983215332,36.41999816894531,35.70000076293945,36.119998931884766,98783
2010-06-10,17.57682991027832,36.540000915527344,36.720001220703125,36.119998931884766,36.119998931884766,86683
2010-06-11,17.69227409362793,36.779998779296875,36.959999084472656,36.41999816894531,36.540000915527344,86533
2010-06-14,17.634559631347656,36.65999984741211,37.380001068115234,36.47999954223633,37.08000183105469,166583
2010-06-15,17.92316246032715,37.2599983215332,37.439998626708984,36.720001220703125,37.02000045776367,100467
2010-06-16,18.038606643676758,37.5,37.5,36.900001525878906,36.900001525878906,83400
2010-06-17,17.80771255493164,37.02000045776367,37.7400016784668,36.900001525878906,37.5,117783
2010-06-18,17.92316246032715,37.2599983215332,37.380001068115234,37.02000045776367,37.20000076293945,69383
2010-06-21,17.952030181884766,37.31999969482422,37.7400016784668,37.31999969482422,37.439998626708984,102517
2010-06-22,17.952030181884766,37.31999969482422,37.7400016784668,37.13999938964844,37.20000076293945,99567
2010-06-23,18.096343994140625,37.619998931884766,37.619998931884766,36.959999084472656,37.5,113917
2010-06-24,17.80771255493164,37.02000045776367,37.439998626708984,36.959999084472656,37.439998626708984,105550
2010-06-25,18.038606643676758,37.5,37.5,36.959999084472656,37.13999938964844,108450
2010-06-28,17.882129669189453,37.13999938964844,37.439998626708984,37.13999938964844,37.439998626708984,62017
2010-06-29,17.41991424560547,36.18000030517578,37.02000045776367,36.119998931884766,36.959999084472656,122367
2010-06-30,17.477684020996094,36.29999923706055,36.779998779296875,36.119998931884766,36.119998931884766,97583
2010-07-01,17.76658058166504,36.900001525878906,37.08000183105469,36.0,36.119998931884766,162317
2010-07-02,17.651033401489258,36.65999984741211,37.13999938964844,36.36000061035156,36.599998474121094,93867
2010-07-06,17.708803176879883,36.779998779296875,37.13999938964844,36.720001220703125,36.900001525878906,61817
2010-07-07,18.055458068847656,37.5,37.5,36.720001220703125,36.720001220703125,103967
2010-07-08,18.228790283203125,37.86000061035156,38.040000915527344,37.31999969482422,37.5,162800
2010-07-09,18.055458068847656,37.5,37.91999816894531,37.5,37.619998931884766,93283
2010-07-12,18.199907302856445,37.79999923706055,37.91999816894531,37.439998626708984,37.439998626708984,94117
2010-07-13,18.459915161132812,38.34000015258789,38.52000045776367,37.86000061035156,37.91999816894531,136783
2010-07-14,18.199907302856445,37.79999923706055,38.279998779296875,37.68000030517578,38.220001220703125,75033
2010-07-15,18.286577224731445,37.97999954223633,38.040000915527344,37.5,37.68000030517578,97433
2010-07-16,18.402118682861328,38.220001220703125,38.220001220703125,37.5,37.91999816894531,166083
2010-07-19,18.54657745361328,38.52000045776367,38.63999938964844,37.91999816894531,38.58000183105469,123933
2010-07-20,18.691007614135742,38.81999969482422,39.0,38.220001220703125,38.220001220703125,124667
2010-07-21,18.48880958557129,38.400001525878906,39.0,38.400001525878906,38.939998626708984,109450
2010-07-22,18.662134170532227,38.7599983215332,39.0,38.52000045776367,38.880001068115234,96950
2010-07-23,18.691007614135742,38.81999969482422,39.060001373291016,38.63999938964844,38.63999938964844,72200
2010-07-26,18.719911575317383,38.880001068115234,39.060001373291016,38.58000183105469,38.939998626708984,111367
2010-07-27,18.691007614135742,38.81999969482422,39.0,38.63999938964844,39.0,93583
2010-07-28,18.56332015991211,38.52000045776367,38.880001068115234,38.459999084472656,38.70000076293945,105183
2010-07-29,18.56332015991211,38.52000045776367,38.7599983215332,38.34000015258789,38.63999938964844,103100
2010-07-30,18.621137619018555,38.63999938964844,39.0,38.279998779296875,38.279998779296875,74917
2010-08-02,18.794628143310547,39.0,39.29999923706055,38.7599983215332,38.7599983215332,74283
2010-08-03,18.910289764404297,39.2400016784668,39.41999816894531,38.939998626708984,39.0,95967
2010-08-04,19.02596092224121,39.47999954223633,39.540000915527344,39.2400016784668,39.41999816894531,68600
2010-08-05,18.997026443481445,39.41999816894531,39.599998474121094,39.36000061035156,39.540000915527344,94833
2010-08-06,19.054847717285156,39.540000915527344,39.779998779296875,39.2400016784668,39.2400016784668,297333
2010-08-09,19.141618728637695,39.720001220703125,40.02000045776367,39.47999954223633,39.599998474121094,136300
2010-08-10,19.459674835205078,40.380001068115234,40.380001068115234,39.47999954223633,39.47999954223633,188967
2010-08-11,19.344009399414062,40.13999938964844,40.2599983215332,39.599998474121094,40.02000045776367,361583
2010-08-12,19.372926712036133,40.20000076293945,40.2599983215332,39.599998474121094,39.959999084472656,196233
2010-08-13,19.315092086791992,40.08000183105469,40.439998626708984,40.08000183105469,40.20000076293945,235183
2010-08-16,19.28618049621582,40.02000045776367,40.20000076293945,39.41999816894531,40.13999938964844,123517
2010-08-17,19.257261276245117,39.959999084472656,40.380001068115234,39.959999084472656,40.08000183105469,100617
2010-08-18,19.401836395263672,40.2599983215332,40.2599983215332,39.84000015258789,40.08000183105469,76983
2010-08-19,19.257261276245117,39.959999084472656,40.439998626708984,39.84000015258789,40.08000183105469,92033
2010-08-20,19.315092086791992,40.08000183105469,40.13999938964844,39.65999984741211,39.84000015258789,64500
2010-08-23,19.401836395263672,40.2599983215332,40.439998626708984,39.779998779296875,39.959999084472656,103367
2010-08-24,19.372926712036133,40.20000076293945,40.31999969482422,40.02000045776367,40.13999938964844,103200
2010-08-25,19.28618049621582,40.02000045776367,40.31999969482422,40.02000045776367,40.08000183105469,116483
2010-08-26,19.344009399414062,40.13999938964844,40.31999969482422,39.959999084472656,40.13999938964844,82617
2010-08-27,19.474817276000977,40.20000076293945,40.2599983215332,39.900001525878906,40.13999938964844,105433
2010-08-30,19.329471588134766,39.900001525878906,40.13999938964844,39.84000015258789,40.02000045776367,67150
2010-08-31,19.242280960083008,39.720001220703125,40.08000183105469,39.41999816894531,39.779998779296875,158617
2010-09-01,19.44575309753418,40.13999938964844,40.20000076293945,39.84000015258789,39.959999084472656,82000
2010-09-02,19.300416946411133,39.84000015258789,40.5,39.84000015258789,40.20000076293945,114650
2010-09-03,19.62014389038086,40.5,40.5,39.84000015258789,40.2599983215332,95767
2010-09-07,19.562021255493164,40.380001068115234,40.5,40.08000183105469,40.380001068115234,79317
2010-09-08,19.532941818237305,40.31999969482422,40.560001373291016,40.02000045776367,40.560001373291016,96583
2010-09-09,19.62014389038086,40.5,40.619998931884766,40.2599983215332,40.619998931884766,104367
2010-09-10,19.70734977722168,40.68000030517578,40.79999923706055,40.560001373291016,40.68000030517578,81083
2010-09-13,19.998010635375977,41.279998779296875,41.279998779296875,40.68000030517578,40.86000061035156,137083
2010-09-14,19.968952178955078,41.220001220703125,41.279998779296875,40.86000061035156,41.15999984741211,78483
2010-09-15,20.02707862854004,41.34000015258789,41.400001525878906,41.040000915527344,41.099998474121094,85717
2010-09-16,20.02707862854004,41.34000015258789,41.34000015258789,41.099998474121094,41.34000015258789,67417
2010-09-17,19.968952178955078,41.220001220703125,41.400001525878906,40.91999816894531,41.400001525878906,80233
2010-09-20,19.823619842529297,40.91999816894531,41.34000015258789,40.91999816894531,41.220001220703125,171067
2010-09-21,19.736421585083008,40.7400016784668,40.91999816894531,40.619998931884766,40.91999816894531,153500
2010-09-22,19.881752014160156,41.040000915527344,41.279998779296875,40.68000030517578,40.79999923706055,111917
2010-09-23,20.11429786682129,41.52000045776367,41.58000183105469,41.040000915527344,41.15999984741211,92800
2010-09-24,20.259620666503906,41.81999969482422,41.81999969482422,41.34000015258789,41.58000183105469,95150
2010-09-27,20.317750930786133,41.939998626708984,41.939998626708984,41.459999084472656,41.880001068115234,85283
2010-09-28,20.18927764892578,41.63999938964844,41.939998626708984,41.400001525878906,41.81999969482422,82050
2010-09-29,20.247455596923828,41.7599983215332,41.880001068115234,41.52000045776367,41.58000183105469,89167
2010-09-30,20.247455596923828,41.7599983215332,41.880001068115234,41.459999084472656,41.7599983215332,103583
2010-10-01,20.305631637573242,41.880001068115234,41.880001068115234,41.52000045776367,41.7599983215332,61133
2010-10-04,20.131093978881836,41.52000045776367,41.880001068115234,41.400001525878906,41.880001068115234,80833
2010-10-05,20.160179138183594,41.58000183105469,41.70000076293945,41.34000015258789,41.63999938964844,112167
2010-10-06,20.247455596923828,41.7599983215332,41.939998626708984,41.58000183105469,41.58000183105469,116500
2010-10-07,20.305631637573242,41.880001068115234,42.0,41.63999938964844,41.939998626708984,120633
2010-10-08,20.36381721496582,42.0,42.060001373291016,41.81999969482422,41.81999969482422,107617
2010-10-11,20.36381721496582,42.0,42.2400016784668,41.880001068115234,42.119998931884766,81300
2010-10-12,20.392898559570312,42.060001373291016,42.119998931884766,41.81999969482422,41.939998626708984,109133
2010-10-13,20.36381721496582,42.0,42.41999816894531,42.0,42.29999923706055,105017
2010-10-14,20.480173110961914,42.2400016784668,42.29999923706055,42.0,42.119998931884766,115167
2010-10-15,20.5965518951416,42.47999954223633,42.47999954223633,42.060001373291016,42.41999816894531,131033
2010-10-18,20.18927764892578,41.63999938964844,41.81999969482422,40.380001068115234,40.97999954223633,614050
2010-10-19,20.043811798095703,41.34000015258789,41.52000045776367,40.86000061035156,41.459999084472656,242850
2010-10-20,20.160179138183594,41.58000183105469,41.63999938964844,41.15999984741211,41.400001525878906,196633
2010-10-21,20.160179138183594,41.58000183105469,41.70000076293945,41.15999984741211,41.63999938964844,127283
2010-10-22,20.160179138183594,41.58000183105469,41.63999938964844,41.220001220703125,41.34000015258789,111600
2010-10-25,20.218347549438477,41.70000076293945,41.81999969482422,41.459999084472656,41.58000183105469,105550
2010-10-26,20.276535034179688,41.81999969482422,41.81999969482422,41.52000045776367,41.52000045776367,90367
2010-10-27,20.06060028076172,41.34000015258789,41.58000183105469,41.15999984741211,41.52000045776367,141067
2010-10-28,20.235288619995117,41.70000076293945,41.7599983215332,41.099998474121094,41.34000015258789,154433
2010-10-29,20.08971405029297,41.400001525878906,41.58000183105469,41.34000015258789,41.34000015258789,99800
2010-11-01,20.235288619995117,41.70000076293945,41.81999969482422,41.34000015258789,41.52000045776367,111483
2010-11-02,20.380870819091797,42.0,42.0,41.7599983215332,41.7599983215332,84133
2010-11-03,20.380870819091797,42.0,42.060001373291016,41.7599983215332,42.060001373291016,78783
2010-11-04,20.46821403503418,42.18000030517578,42.47999954223633,42.0,42.119998931884766,148733
2010-11-05,20.672025680541992,42.599998474121094,42.599998474121094,42.18000030517578,42.2400016784668,82117
2010-11-08,20.701147079467773,42.65999984741211,42.65999984741211,42.0,42.65999984741211,120717
2010-11-09,20.642915725708008,42.540000915527344,43.02000045776367,42.41999816894531,42.540000915527344,174083
2010-11-10,20.759376525878906,42.779998779296875,42.779998779296875,42.2400016784668,42.41999816894531,171700
2010-11-11,20.40997886657715,42.060001373291016,42.720001220703125,42.060001373291016,42.65999984741211,119767
2010-11-12,19.973247528076172,41.15999984741211,42.18000030517578,40.97999954223633,42.18000030517578,255117
2010-11-15,20.00236701965332,41.220001220703125,41.880001068115234,40.97999954223633,41.880001068115234,146900
2010-11-16,19.44917106628418,40.08000183105469,40.97999954223633,38.70000076293945,40.97999954223633,474600
2010-11-17,20.031484603881836,41.279998779296875,41.279998779296875,39.41999816894531,39.47999954223633,126083
2010-11-18,19.91501808166504,41.040000915527344,41.81999969482422,41.040000915527344,41.400001525878906,147150
2010-11-19,20.147951126098633,41.52000045776367,41.70000076293945,41.040000915527344,41.459999084472656,120567
2010-11-22,20.08971405029297,41.400001525878906,41.70000076293945,40.97999954223633,41.58000183105469,138783
2010-11-23,19.973247528076172,41.15999984741211,41.220001220703125,40.86000061035156,40.86000061035156,94133
2010-11-24,20.206180572509766,41.63999938964844,41.63999938964844,41.279998779296875,41.34000015258789,66433
2010-11-26,20.162282943725586,41.34000015258789,41.400001525878906,40.7400016784668,41.099998474121094,51083
2010-11-29,20.133012771606445,41.279998779296875,41.34000015258789,40.68000030517578,41.279998779296875,127500
2010-11-30,20.162282943725586,41.34000015258789,41.81999969482422,40.7400016784668,40.91999816894531,154033
2010-12-01,20.27935028076172,41.58000183105469,41.58000183105469,41.099998474121094,41.58000183105469,114900
2010-12-02,20.133012771606445,41.279998779296875,41.70000076293945,41.220001220703125,41.58000183105469,102767
2010-12-03,20.191537857055664,41.400001525878906,41.58000183105469,41.099998474121094,41.099998474121094,133500
2010-12-06,20.133012771606445,41.279998779296875,41.63999938964844,41.099998474121094,41.279998779296875,125150
2010-12-07,19.928176879882812,40.86000061035156,41.63999938964844,40.86000061035156,41.58000183105469,149717
2010-12-08,19.84039306640625,40.68000030517578,40.97999954223633,40.439998626708984,40.68000030517578,176933
2010-12-09,19.459957122802734,39.900001525878906,41.15999984741211,39.900001525878906,40.86000061035156,194600
2010-12-10,19.752601623535156,40.5,40.5,39.119998931884766,40.13999938964844,200350
2010-12-13,19.34292221069336,39.65999984741211,40.5,39.2400016784668,40.380001068115234,288667
2010-12-14,19.196605682373047,39.36000061035156,39.41999816894531,38.400001525878906,39.41999816894531,516533
2010-12-15,19.31365394592285,39.599998474121094,39.599998474121094,38.81999969482422,39.2400016784668,305417
2010-12-16,19.430713653564453,39.84000015258789,39.900001525878906,39.18000030517578,39.36000061035156,166800
2010-12-17,19.547752380371094,40.08000183105469,40.13999938964844,39.599998474121094,39.599998474121094,146633
2010-12-20,19.28437614440918,39.540000915527344,40.02000045776367,39.29999923706055,39.84000015258789,155717
2010-12-21,19.51848793029785,40.02000045776367,40.02000045776367,39.41999816894531,39.47999954223633,106033
2010-12-22,19.547752380371094,40.08000183105469,40.20000076293945,39.720001220703125,39.900001525878906,104117
2010-12-23,19.606279373168945,40.20000076293945,40.20000076293945,39.779998779296875,39.900001525878906,85950
2010-12-27,19.664813995361328,40.31999969482422,40.31999969482422,39.779998779296875,40.13999938964844,86417
2010-12-28,19.535457611083984,40.02000045776367,40.31999969482422,39.84000015258789,40.31999969482422,135200
2010-12-29,19.62331771850586,40.20000076293945,40.2599983215332,39.959999084472656,40.02000045776367,155350
2010-12-30,19.62331771850586,40.20000076293945,40.439998626708984,39.959999084472656,40.02000045776367,94300
2010-12-31,19.769763946533203,40.5,40.5,40.08000183105469,40.08000183105469,90083
2011-01-03,19.886911392211914,40.7400016784668,40.91999816894531,40.439998626708984,40.5,138167
2011-01-04,19.71118927001953,40.380001068115234,40.68000030517578,39.720001220703125,40.68000030517578,316283
2011-01-05,19.50615692138672,39.959999084472656,40.13999938964844,39.84000015258789,39.900001525878906,165350
2011-01-06,19.476877212524414,39.900001525878906,40.13999938964844,39.779998779296875,39.900001525878906,163583
2011-01-07,19.447589874267578,39.84000015258789,40.08000183105469,39.779998779296875,40.02000045776367,136317
2011-01-10,19.476877212524414,39.900001525878906,39.900001525878906,39.65999984741211,39.720001220703125,163950
2011-01-11,19.389015197753906,39.720001220703125,39.900001525878906,39.599998474121094,39.84000015258789,193233
2011-01-12,19.447589874267578,39.84000015258789,39.900001525878906,39.599998474121094,39.599998474121094,105433
2011-01-13,19.476877212524414,39.900001525878906,40.08000183105469,39.779998779296875,39.900001525878906,124417
2011-01-14,19.418298721313477,39.779998779296875,40.08000183105469,39.720001220703125,39.959999084472656,146783
2011-01-18,19.418298721313477,39.779998779296875,40.02000045776367,39.65999984741211,39.900001525878906,204817
2011-01-19,19.418298721313477,39.779998779296875,40.02000045776367,39.65999984741211,39.65999984741211,178867
2011-01-20,19.418298721313477,39.779998779296875,39.900001525878906,39.540000915527344,39.900001525878906,128267
2011-01-21,19.301137924194336,39.540000915527344,39.959999084472656,39.47999954223633,39.779998779296875,124200
2011-01-24,19.418298721313477,39.779998779296875,39.900001525878906,39.119998931884766,39.41999816894531,147283
2011-01-25,19.56474494934082,40.08000183105469,40.08000183105469,39.41999816894531,39.779998779296875,114350
2011-01-26,19.652597427368164,40.2599983215332,40.2599983215332,39.900001525878906,39.900001525878906,86950
2011-01-27,19.581762313842773,40.08000183105469,40.13999938964844,39.779998779296875,40.13999938964844,84650
2011-01-28,19.464502334594727,39.84000015258789,40.13999938964844,39.779998779296875,39.959999084472656,103083
2011-01-31,19.552457809448242,40.02000045776367,40.08000183105469,39.84000015258789,39.84000015258789,70850
2011-02-01,19.72834014892578,40.380001068115234,40.439998626708984,40.13999938964844,40.2599983215332,146983
2011-02-02,19.72834014892578,40.380001068115234,40.439998626708984,40.08000183105469,40.2599983215332,82900
2011-02-03,19.66969871520996,40.2599983215332,40.380001068115234,40.13999938964844,40.380001068115234,74283
2011-02-04,19.816280364990234,40.560001373291016,40.560001373291016,40.2599983215332,40.31999969482422,114100
2011-02-07,19.786968231201172,40.5,40.619998931884766,40.380001068115234,40.560001373291016,89333
2011-02-08,19.816280364990234,40.560001373291016,40.68000030517578,40.5,40.619998931884766,84717
2011-02-09,19.786968231201172,40.5,40.560001373291016,40.31999969482422,40.380001068115234,79533
2011-02-10,19.75765609741211,40.439998626708984,40.439998626708984,40.08000183105469,40.31999969482422,101600
2011-02-11,19.786968231201172,40.5,40.5,40.20000076293945,40.439998626708984,93067
2011-02-14,19.874902725219727,40.68000030517578,40.7400016784668,40.5,40.560001373291016,92067
2011-02-15,19.786968231201172,40.5,40.619998931884766,40.31999969482422,40.619998931884766,100933
2011-02-16,19.84559440612793,40.619998931884766,40.619998931884766,40.380001068115234,40.619998931884766,70367
2011-02-17,19.96283721923828,40.86000061035156,41.099998474121094,40.380001068115234,40.439998626708984,138250
2011-02-18,20.021467208862305,40.97999954223633,41.15999984741211,40.7400016784668,40.86000061035156,105817
2011-02-22,19.581762313842773,40.08000183105469,40.79999923706055,40.08000183105469,40.79999923706055,142050
2011-02-23,19.552457809448242,40.02000045776367,40.439998626708984,40.02000045776367,40.380001068115234,131850
2011-02-24,19.62823486328125,40.13999938964844,40.439998626708984,39.900001525878906,39.900001525878906,161483
2011-02-25,19.686920166015625,40.2599983215332,40.619998931884766,40.20000076293945,40.20000076293945,111683
2011-02-28,19.921634674072266,40.7400016784668,40.7400016784668,40.2599983215332,40.380001068115234,145183
2011-03-01,19.804288864135742,40.5,40.79999923706055,40.380001068115234,40.79999923706055,95817
2011-03-02,19.892309188842773,40.68000030517578,40.7400016784668,40.439998626708984,40.619998931884766,119233
2011-03-03,19.745607376098633,40.380001068115234,40.86000061035156,40.380001068115234,40.7400016784668,140433
2011-03-04,19.833616256713867,40.560001373291016,40.619998931884766,40.439998626708984,40.5,92000
2011-03-07,19.892309188842773,40.68000030517578,40.68000030517578,40.380001068115234,40.5,110033
2011-03-08,19.833616256713867,40.560001373291016,40.97999954223633,40.439998626708984,40.68000030517578,99650
2011-03-09,19.892309188842773,40.68000030517578,40.86000061035156,40.5,40.68000030517578,111450
2011-03-10,19.804288864135742,40.5,40.619998931884766,40.380001068115234,40.560001373291016,107417
2011-03-11,19.95098114013672,40.79999923706055,40.79999923706055,40.31999969482422,40.439998626708984,84000
2011-03-14,19.804288864135742,40.5,40.7400016784668,40.380001068115234,40.7400016784668,107750
2011-03-15,19.71625518798828,40.31999969482422,40.31999969482422,39.84000015258789,39.900001525878906,156767
2011-03-16,19.364185333251953,39.599998474121094,40.380001068115234,39.599998474121094,40.31999969482422,136683
2011-03-17,19.51088523864746,39.900001525878906,40.02000045776367,39.720001220703125,39.720001220703125,147717
2011-03-18,19.71625518798828,40.31999969482422,40.439998626708984,40.08000183105469,40.31999969482422,122250
2011-03-21,19.95098114013672,40.79999923706055,40.79999923706055,40.5,40.5,89350
2011-03-22,19.921634674072266,40.7400016784668,40.91999816894531,40.619998931884766,40.79999923706055,75050
2011-03-23,20.15635871887207,41.220001220703125,41.220001220703125,40.619998931884766,40.619998931884766,83583
2011-03-24,20.185701370239258,41.279998779296875,41.34000015258789,41.099998474121094,41.279998779296875,70083
2011-03-25,20.2443904876709,41.400001525878906,41.58000183105469,41.220001220703125,41.279998779296875,104683
2011-03-28,20.39105796813965,41.70000076293945,41.7599983215332,41.279998779296875,41.52000045776367,110783
2011-03-29,20.3494873046875,41.58000183105469,41.70000076293945,41.279998779296875,41.52000045776367,126483
2011-03-30,20.3494873046875,41.58000183105469,41.70000076293945,41.099998474121094,41.34000015258789,105100
2011-03-31,20.3494873046875,41.58000183105469,41.70000076293945,41.279998779296875,41.34000015258789,74300
2011-04-01,20.4669246673584,41.81999969482422,41.880001068115234,41.58000183105469,41.70000076293945,103967
2011-04-04,20.496295928955078,41.880001068115234,41.939998626708984,41.63999938964844,41.7599983215332,102750
2011-04-05,20.496295928955078,41.880001068115234,42.0,41.70000076293945,41.880001068115234,101000
2011-04-06,20.496295928955078,41.880001068115234,42.119998931884766,41.81999969482422,41.939998626708984,101033
2011-04-07,20.408191680908203,41.70000076293945,42.0,41.58000183105469,41.880001068115234,113650
2011-04-08,20.496295928955078,41.880001068115234,42.18000030517578,41.81999969482422,42.18000030517578,90450
2011-04-11,20.408191680908203,41.70000076293945,42.2400016784668,41.70000076293945,42.0,85433
2011-04-12,20.320112228393555,41.52000045776367,41.81999969482422,41.400001525878906,41.52000045776367,119617
2011-04-13,20.496295928955078,41.880001068115234,42.0,41.63999938964844,41.63999938964844,109767
2011-04-14,20.584379196166992,42.060001373291016,42.119998931884766,41.7599983215332,41.81999969482422,103350
2011-04-15,20.584379196166992,42.060001373291016,42.29999923706055,41.81999969482422,42.18000030517578,125333
2011-04-18,20.613765716552734,42.119998931884766,42.29999923706055,41.7599983215332,42.060001373291016,114333
2011-04-19,20.760576248168945,42.41999816894531,42.41999816894531,42.119998931884766,42.29999923706055,92467
2011-04-20,20.878034591674805,42.65999984741211,42.84000015258789,42.47999954223633,42.599998474121094,103983
2011-04-21,20.966136932373047,42.84000015258789,42.84000015258789,42.599998474121094,42.84000015258789,67783
2011-04-25,21.054222106933594,43.02000045776367,43.02000045776367,42.779998779296875,42.779998779296875,107450
2011-04-26,21.171676635742188,43.2599983215332,43.31999969482422,42.900001525878906,43.02000045776367,136233
2011-04-27,21.245447158813477,43.20000076293945,43.380001068115234,43.08000183105469,43.2599983215332,171333
2011-04-28,21.451997756958008,43.619998931884766,44.099998474121094,43.13999938964844,43.13999938964844,223833
2011-04-29,21.658557891845703,44.040000915527344,44.099998474121094,43.68000030517578,43.91999816894531,120000
2011-05-02,21.540525436401367,43.79999923706055,44.279998779296875,43.619998931884766,44.279998779296875,137317
2011-05-03,21.392988204956055,43.5,44.459999084472656,43.31999969482422,44.459999084472656,100933
2011-05-04,21.127426147460938,42.959999084472656,43.439998626708984,42.959999084472656,43.31999969482422,135933
2011-05-05,20.596269607543945,41.880001068115234,42.959999084472656,41.52000045776367,42.779998779296875,267833
2011-05-06,20.979873657226562,42.65999984741211,42.900001525878906,42.060001373291016,42.119998931884766,199417
2011-05-09,21.2159366607666,43.13999938964844,43.13999938964844,42.41999816894531,42.900001525878906,90233
2011-05-10,21.540525436401367,43.79999923706055,43.86000061035156,43.20000076293945,43.31999969482422,125100
2011-05-11,21.333965301513672,43.380001068115234,43.7400016784668,42.900001525878906,43.7400016784668,99767
2011-05-12,21.186437606811523,43.08000183105469,43.31999969482422,42.900001525878906,43.20000076293945,109667
2011-05-13,21.127426147460938,42.959999084472656,43.380001068115234,42.2400016784668,43.20000076293945,177167
2011-05-16,21.2159366607666,43.13999938964844,43.20000076293945,42.84000015258789,42.900001525878906,104417
2011-05-17,21.186437606811523,43.08000183105469,43.31999969482422,42.540000915527344,43.31999969482422,148167
2011-05-18,21.038890838623047,42.779998779296875,43.20000076293945,42.779998779296875,43.20000076293945,100850
2011-05-19,21.127426147460938,42.959999084472656,43.02000045776367,42.65999984741211,42.959999084472656,75483
2011-05-20,21.068408966064453,42.84000015258789,43.02000045776367,42.720001220703125,42.959999084472656,104367
2011-05-23,20.979873657226562,42.65999984741211,42.779998779296875,42.29999923706055,42.599998474121094,158867
2011-05-24,21.2159366607666,43.13999938964844,43.13999938964844,42.41999816894531,42.959999084472656,115350
2011-05-25,21.48151206970215,43.68000030517578,43.68000030517578,42.959999084472656,42.959999084472656,99433
2011-05-26,21.259136199951172,43.02000045776367,43.5,42.959999084472656,43.380001068115234,78667
2011-05-27,21.40738296508789,43.31999969482422,43.31999969482422,42.959999084472656,43.13999938964844,52283
2011-05-31,21.585290908813477,43.68000030517578,43.79999923706055,43.31999969482422,43.439998626708984,101333
2011-06-01,21.288782119750977,43.08000183105469,43.7400016784668,43.08000183105469,43.68000030517578,135050
2011-06-02,21.52597999572754,43.560001373291016,43.560001373291016,42.959999084472656,43.20000076293945,80517
2011-06-03,21.703893661499023,43.91999816894531,43.97999954223633,43.20000076293945,43.20000076293945,73000
2011-06-06,21.259136199951172,43.02000045776367,44.040000915527344,43.02000045776367,44.040000915527344,182300
2011-06-07,21.259136199951172,43.02000045776367,43.5,43.02000045776367,43.13999938964844,95700
2011-06-08,21.229475021362305,42.959999084472656,43.380001068115234,42.779998779296875,42.959999084472656,90650
2011-06-09,21.466691970825195,43.439998626708984,43.439998626708984,42.959999084472656,42.959999084472656,104250
2011-06-10,21.288782119750977,43.08000183105469,43.2599983215332,42.779998779296875,43.13999938964844,91517
2011-06-13,21.288782119750977,43.08000183105469,43.31999969482422,42.779998779296875,43.02000045776367,99550
2011-06-14,21.229475021362305,42.959999084472656,43.5,42.900001525878906,43.2599983215332,144800
2011-06-15,20.844024658203125,42.18000030517578,42.900001525878906,42.18000030517578,42.84000015258789,171150
2011-06-16,21.199846267700195,42.900001525878906,42.900001525878906,42.18000030517578,42.29999923706055,96350
2011-06-17,21.348087310791016,43.20000076293945,43.20000076293945,42.84000015258789,43.08000183105469,112517
2011-06-20,21.348087310791016,43.20000076293945,43.380001068115234,42.84000015258789,43.13999938964844,84317
2011-06-21,21.348087310791016,43.20000076293945,43.439998626708984,43.08000183105469,43.439998626708984,95767
2011-06-22,21.288782119750977,43.08000183105469,43.31999969482422,43.08000183105469,43.08000183105469,72050
2011-06-23,21.40738296508789,43.31999969482422,43.31999969482422,42.84000015258789,42.959999084472656,97883
2011-06-24,21.437040328979492,43.380001068115234,43.380001068115234,42.900001525878906,43.2599983215332,63450
2011-06-27,21.644577026367188,43.79999923706055,43.86000061035156,43.02000045776367,43.380001068115234,148917
2011-06-28,21.689289093017578,43.68000030517578,43.91999816894531,43.380001068115234,43.91999816894531,120600
2011-06-29,21.868032455444336,44.040000915527344,44.099998474121094,43.439998626708984,43.79999923706055,138933
2011-06-30,21.838247299194336,43.97999954223633,44.15999984741211,43.7400016784668,44.15999984741211,129517
2011-07-01,21.778650283813477,43.86000061035156,44.400001525878906,43.7400016784668,44.279998779296875,88467
2011-07-05,21.868032455444336,44.040000915527344,44.040000915527344,43.560001373291016,43.619998931884766,97917
2011-07-06,21.897829055786133,44.099998474121094,44.099998474121094,43.619998931884766,43.97999954223633,113283
2011-07-07,22.255342483520508,44.81999969482422,44.81999969482422,44.040000915527344,44.099998474121094,142650
2011-07-08,22.19574546813965,44.70000076293945,44.7599983215332,44.279998779296875,44.52000045776367,88317
2011-07-11,21.927623748779297,44.15999984741211,44.70000076293945,43.91999816894531,44.52000045776367,161317
2011-07-12,22.10637092590332,44.52000045776367,44.63999938964844,43.97999954223633,44.15999984741211,145583
2011-07-13,22.34471321105957,45.0,45.119998931884766,44.58000183105469,44.58000183105469,165600
2011-07-14,22.255342483520508,44.81999969482422,45.0,44.58000183105469,45.0,125150
2011-07-15,22.642648696899414,45.599998474121094,45.84000015258789,44.70000076293945,44.939998626708984,228817
2011-07-18,22.612852096557617,45.540000915527344,46.31999969482422,45.36000061035156,46.31999969482422,247433
2011-07-19,22.97036361694336,46.2599983215332,46.2599983215332,45.540000915527344,45.540000915527344,166033
2011-07-20,22.91079330444336,46.13999938964844,46.380001068115234,45.959999084472656,46.380001068115234,164733
2011-07-21,23.178918838500977,46.68000030517578,46.68000030517578,46.2599983215332,46.380001068115234,140200
2011-07-22,23.208703994750977,46.7400016784668,47.040000915527344,46.619998931884766,46.91999816894531,160750
2011-07-25,22.97036361694336,46.2599983215332,46.79999923706055,46.2599983215332,46.79999923706055,137433
2011-07-26,23.178918838500977,46.68000030517578,46.79999923706055,46.31999969482422,46.31999969482422,107767
2011-07-27,22.984390258789062,46.08000183105469,46.79999923706055,46.08000183105469,46.5,141733
2011-07-28,23.193899154663086,46.5,46.5,45.900001525878906,45.900001525878906,81967
2011-07-29,22.83474349975586,45.779998779296875,46.439998626708984,45.2400016784668,45.959999084472656,172583
2011-08-01,23.134042739868164,46.380001068115234,46.68000030517578,45.900001525878906,46.2599983215332,152133
2011-08-02,23.01431655883789,46.13999938964844,46.439998626708984,46.08000183105469,46.2599983215332,115050
2011-08-03,23.163959503173828,46.439998626708984,46.560001373291016,45.540000915527344,45.959999084472656,161033
2011-08-04,21.84713363647461,43.79999923706055,46.5,43.79999923706055,46.02000045776367,394050
2011-08-05,21.667573928833008,43.439998626708984,44.15999984741211,41.040000915527344,43.91999816894531,561433
2011-08-08,20.679956436157227,41.459999084472656,42.0,40.97999954223633,41.34000015258789,480317
2011-08-09,21.84713363647461,43.79999923706055,43.79999923706055,41.400001525878906,41.63999938964844,265733
2011-08-10,22.11650276184082,44.34000015258789,45.0,42.84000015258789,42.84000015258789,227183
2011-08-11,22.11650276184082,44.34000015258789,44.880001068115234,43.86000061035156,44.63999938964844,158250
2011-08-12,22.65517807006836,45.41999816894531,45.47999954223633,44.58000183105469,44.63999938964844,146800
2011-08-15,23.044246673583984,46.20000076293945,46.5,45.720001220703125,46.08000183105469,163300
2011-08-16,22.535476684570312,45.18000030517578,46.20000076293945,44.880001068115234,45.779998779296875,186500
2011-08-17,22.625267028808594,45.36000061035156,45.720001220703125,45.0,45.47999954223633,132833
2011-08-18,22.355918884277344,44.81999969482422,45.060001373291016,44.099998474121094,44.459999084472656,154433
2011-08-19,22.176342010498047,44.459999084472656,45.0,44.279998779296875,44.58000183105469,155700
2011-08-22,21.996784210205078,44.099998474121094,45.060001373291016,43.7400016784668,45.060001373291016,147033
2011-08-23,22.475622177124023,45.060001373291016,45.18000030517578,43.86000061035156,44.34000015258789,98417
2011-08-24,22.445693969726562,45.0,45.2400016784668,44.52000045776367,45.119998931884766,105367
2011-08-25,22.505571365356445,45.119998931884766,45.47999954223633,44.52000045776367,45.060001373291016,119533
2011-08-26,22.74497413635254,45.599998474121094,45.599998474121094,44.81999969482422,44.880001068115234,66067
2011-08-29,22.882251739501953,45.84000015258789,46.380001068115234,45.36000061035156,45.65999984741211,131600
2011-08-30,22.70253562927246,45.47999954223633,46.02000045776367,45.29999923706055,45.720001220703125,119967
2011-08-31,22.852291107177734,45.779998779296875,45.959999084472656,45.36000061035156,45.779998779296875,90750
2011-09-01,22.642641067504883,45.36000061035156,45.84000015258789,45.18000030517578,45.720001220703125,108967
2011-09-02,22.55278968811035,45.18000030517578,45.41999816894531,44.81999969482422,45.18000030517578,131567
2011-09-06,22.2532901763916,44.58000183105469,45.060001373291016,44.459999084472656,44.70000076293945,135217
2011-09-07,22.4329833984375,44.939998626708984,45.0,44.70000076293945,44.939998626708984,100117
2011-09-08,22.283227920532227,44.63999938964844,44.880001068115234,44.52000045776367,44.7599983215332,48867
2011-09-09,22.4329833984375,44.939998626708984,44.939998626708984,44.52000045776367,44.52000045776367,57100
2011-09-12,22.283227920532227,44.63999938964844,44.939998626708984,44.040000915527344,44.52000045776367,156400
2011-09-13,22.16343879699707,44.400001525878906,44.880001068115234,44.099998474121094,44.52000045776367,86267
2011-09-14,22.073583602905273,44.220001220703125,44.63999938964844,43.79999923706055,44.58000183105469,90133
2011-09-15,22.043630599975586,44.15999984741211,44.400001525878906,43.79999923706055,44.34000015258789,93817
2011-09-16,22.223331451416016,44.52000045776367,44.7599983215332,44.220001220703125,44.279998779296875,75867
2011-09-19,22.403043746948242,44.880001068115234,44.880001068115234,44.15999984741211,44.459999084472656,136450
2011-09-20,22.31317138671875,44.70000076293945,45.060001373291016,44.52000045776367,45.060001373291016,116083
2011-09-21,22.103519439697266,44.279998779296875,44.880001068115234,44.279998779296875,44.58000183105469,79717
2011-09-22,21.44461441040039,42.959999084472656,43.79999923706055,42.900001525878906,43.5,183067
2011-09-23,21.35475730895996,42.779998779296875,43.439998626708984,42.540000915527344,42.65999984741211,140133
2011-09-26,21.145122528076172,42.36000061035156,42.779998779296875,41.459999084472656,42.779998779296875,269500
2011-09-27,21.264904022216797,42.599998474121094,43.2599983215332,42.41999816894531,42.47999954223633,101050
2011-09-28,20.708084106445312,41.279998779296875,42.779998779296875,41.279998779296875,42.41999816894531,150400
2011-09-29,20.166309356689453,40.20000076293945,42.0,40.08000183105469,41.63999938964844,275600
2011-09-30,20.738178253173828,41.34000015258789,41.400001525878906,38.58000183105469,39.959999084472656,870100
2011-10-03,19.263330459594727,38.400001525878906,40.560001373291016,38.099998474121094,40.560001373291016,390867
2011-10-04,18.902143478393555,37.68000030517578,38.279998779296875,36.599998474121094,37.86000061035156,468867
2011-10-05,19.53421974182129,38.939998626708984,39.119998931884766,37.7400016784668,38.040000915527344,251067
2011-10-06,19.80512237548828,39.47999954223633,39.599998474121094,38.7599983215332,39.2400016784668,169817
2011-10-07,19.89541244506836,39.65999984741211,40.02000045776367,39.119998931884766,39.65999984741211,126600
2011-10-10,20.31679344177246,40.5,40.79999923706055,39.779998779296875,39.959999084472656,128350
2011-10-11,20.587669372558594,41.040000915527344,41.15999984741211,40.31999969482422,40.380001068115234,92233
2011-10-12,20.6779842376709,41.220001220703125,41.52000045776367,41.040000915527344,41.279998779296875,119100
2011-10-13,20.888671875,41.63999938964844,41.70000076293945,40.619998931884766,41.15999984741211,89467
2011-10-14,21.069263458251953,42.0,42.29999923706055,40.7400016784668,42.119998931884766,150183
2011-10-17,21.039155960083008,41.939998626708984,42.2400016784668,41.63999938964844,42.18000030517578,119950
2011-10-18,21.039155960083008,41.939998626708984,42.41999816894531,41.400001525878906,41.939998626708984,132850
2011-10-19,21.00908851623535,41.880001068115234,42.2400016784668,41.52000045776367,42.060001373291016,117133
2011-10-20,21.099369049072266,42.060001373291016,42.119998931884766,41.400001525878906,41.81999969482422,85133
2011-10-21,21.310049057006836,42.47999954223633,42.47999954223633,41.939998626708984,42.29999923706055,70033
2011-10-24,21.520750045776367,42.900001525878906,42.900001525878906,42.29999923706055,42.47999954223633,92933
2011-10-25,21.580955505371094,43.02000045776367,43.02000045776367,42.36000061035156,42.720001220703125,90150
2011-10-26,21.520750045776367,42.900001525878906,43.2599983215332,42.540000915527344,43.20000076293945,116083
2011-10-27,21.538326263427734,42.900001525878906,43.439998626708984,42.900001525878906,43.380001068115234,136533
2011-10-28,21.41783905029297,42.65999984741211,43.20000076293945,42.47999954223633,42.720001220703125,91683
2011-10-31,20.87562370300293,41.58000183105469,42.65999984741211,41.459999084472656,42.29999923706055,158483
2011-11-01,20.75511360168457,41.34000015258789,41.58000183105469,40.86000061035156,41.040000915527344,100317
2011-11-02,20.96598243713379,41.7599983215332,42.060001373291016,41.15999984741211,41.70000076293945,94500
2011-11-03,20.996095657348633,41.81999969482422,42.18000030517578,41.63999938964844,41.939998626708984,103883
2011-11-04,20.96598243713379,41.7599983215332,42.119998931884766,41.220001220703125,41.52000045776367,89467
2011-11-07,21.116601943969727,42.060001373291016,42.119998931884766,41.58000183105469,41.63999938964844,80650
2011-11-08,21.327451705932617,42.47999954223633,42.599998474121094,41.81999969482422,42.18000030517578,111867
2011-11-09,20.935855865478516,41.70000076293945,42.41999816894531,41.63999938964844,42.119998931884766,105417
2011-11-10,21.05634117126465,41.939998626708984,42.119998931884766,41.63999938964844,42.0,73217
2011-11-11,21.17683982849121,42.18000030517578,42.41999816894531,41.70000076293945,42.119998931884766,96750
2011-11-14,21.237096786499023,42.29999923706055,42.720001220703125,41.939998626708984,42.29999923706055,202900
2011-11-15,21.478076934814453,42.779998779296875,42.779998779296875,42.36000061035156,42.41999816894531,149233
2011-11-16,21.206966400146484,42.2400016784668,42.779998779296875,42.2400016784668,42.599998474121094,146017
2011-11-17,20.935855865478516,41.70000076293945,42.36000061035156,41.70000076293945,42.119998931884766,134433
2011-11-18,21.08647346496582,42.0,42.2400016784668,41.81999969482422,41.939998626708984,82650
2011-11-21,20.75511360168457,41.34000015258789,42.119998931884766,41.15999984741211,41.7599983215332,140167
2011-11-22,20.87562370300293,41.58000183105469,41.81999969482422,41.15999984741211,41.459999084472656,102533
2011-11-23,20.393617630004883,40.619998931884766,41.459999084472656,40.619998931884766,41.15999984741211,153800
2011-11-25,20.33338737487793,40.5,40.97999954223633,40.31999969482422,40.5,62767
2011-11-28,20.409093856811523,40.439998626708984,41.400001525878906,40.31999969482422,40.97999954223633,135317
2011-11-29,20.681612014770508,40.97999954223633,41.099998474121094,40.560001373291016,40.68000030517578,100883
2011-11-30,21.166091918945312,41.939998626708984,42.29999923706055,41.459999084472656,41.459999084472656,125500
2011-12-01,21.044981002807617,41.70000076293945,42.18000030517578,41.58000183105469,41.880001068115234,180750
2011-12-02,21.014698028564453,41.63999938964844,42.18000030517578,41.459999084472656,42.0,110667
2011-12-05,21.256942749023438,42.119998931884766,42.18000030517578,41.70000076293945,42.0,157500
2011-12-06,21.408344268798828,42.41999816894531,42.41999816894531,41.939998626708984,42.060001373291016,86867
2011-12-07,21.650583267211914,42.900001525878906,42.959999084472656,42.119998931884766,42.29999923706055,115350
2011-12-08,21.46889877319336,42.540000915527344,42.900001525878906,42.36000061035156,42.779998779296875,115283
2011-12-09,21.590030670166016,42.779998779296875,42.84000015258789,42.41999816894531,42.720001220703125,73200
2011-12-12,21.196378707885742,42.0,42.779998779296875,41.939998626708984,42.599998474121094,111417
2011-12-13,21.044981002807617,41.70000076293945,42.29999923706055,41.70000076293945,42.119998931884766,102650
2011-12-14,21.044981002807617,41.70000076293945,42.0,41.099998474121094,41.7599983215332,134250
2011-12-15,21.256942749023438,42.119998931884766,42.119998931884766,41.279998779296875,41.939998626708984,109417
2011-12-16,21.408344268798828,42.41999816894531,42.540000915527344,42.0,42.29999923706055,79400
2011-12-19,21.559743881225586,42.720001220703125,42.84000015258789,42.41999816894531,42.84000015258789,99550
2011-12-20,21.62031364440918,42.84000015258789,43.08000183105469,42.41999816894531,42.84000015258789,131533
2011-12-21,21.741430282592773,43.08000183105469,43.08000183105469,42.47999954223633,42.720001220703125,89667
2011-12-22,21.86254119873047,43.31999969482422,43.68000030517578,42.65999984741211,43.13999938964844,152967
2011-12-23,22.074520111083984,43.7400016784668,43.7400016784668,43.2599983215332,43.560001373291016,61550
2011-12-27,22.468170166015625,44.52000045776367,44.52000045776367,43.560001373291016,43.560001373291016,159233
2011-12-28,22.06158447265625,43.68000030517578,44.220001220703125,43.380001068115234,44.15999984741211,115317
2011-12-29,22.334325790405273,44.220001220703125,44.220001220703125,43.619998931884766,43.7400016784668,137783
2011-12-30,22.21310043334961,43.97999954223633,44.400001525878906,43.439998626708984,44.34000015258789,115683
2012-01-03,22.243408203125,44.040000915527344,44.279998779296875,43.91999816894531,44.15999984741211,94633
2012-01-04,22.304018020629883,44.15999984741211,44.400001525878906,43.68000030517578,44.15999984741211,72367
2012-01-05,22.42523193359375,44.400001525878906,44.400001525878906,43.91999816894531,44.040000915527344,98433
2012-01-06,22.546449661254883,44.63999938964844,44.70000076293945,43.97999954223633,44.400001525878906,78783
2012-01-09,22.48584747314453,44.52000045776367,44.63999938964844,44.099998474121094,44.400001525878906,81967
2012-01-10,22.48584747314453,44.52000045776367,44.70000076293945,44.220001220703125,44.63999938964844,128867
2012-01-11,22.304018020629883,44.15999984741211,44.58000183105469,44.15999984741211,44.459999084472656,99967
2012-01-12,22.455533981323242,44.459999084472656,44.52000045776367,44.040000915527344,44.099998474121094,89650
2012-01-13,22.576749801635742,44.70000076293945,44.880001068115234,44.34000015258789,44.459999084472656,91300
2012-01-17,22.66766357421875,44.880001068115234,45.060001373291016,44.63999938964844,45.060001373291016,82783
2012-01-18,22.576749801635742,44.70000076293945,45.0,44.70000076293945,44.880001068115234,74450
2012-01-19,22.728269577026367,45.0,45.0,44.63999938964844,44.81999969482422,105933
2012-01-20,22.849489212036133,45.2400016784668,45.2400016784668,44.7599983215332,44.939998626708984,79250
2012-01-23,22.75858497619629,45.060001373291016,45.2400016784668,44.939998626708984,45.060001373291016,88617
2012-01-24,22.607070922851562,44.7599983215332,45.060001373291016,44.7599983215332,44.939998626708984,98117
2012-01-25,22.879804611206055,45.29999923706055,45.29999923706055,44.81999969482422,44.880001068115234,108567
2012-01-26,23.152542114257812,45.84000015258789,46.13999938964844,45.29999923706055,45.540000915527344,135833
2012-01-27,23.319988250732422,45.959999084472656,46.08000183105469,45.41999816894531,45.720001220703125,84567
2012-01-30,22.86332130432129,45.060001373291016,46.02000045776367,45.0,45.65999984741211,106617
2012-01-31,22.9851016998291,45.29999923706055,45.720001220703125,45.2400016784668,45.29999923706055,131183
2012-02-01,23.198198318481445,45.720001220703125,45.900001525878906,45.540000915527344,45.540000915527344,67700
2012-02-02,23.228647232055664,45.779998779296875,46.02000045776367,45.47999954223633,45.84000015258789,73983
2012-02-03,23.16775131225586,45.65999984741211,46.08000183105469,45.29999923706055,45.959999084472656,124367
2012-02-06,23.259084701538086,45.84000015258789,45.84000015258789,45.41999816894531,45.599998474121094,93783
2012-02-07,23.13731575012207,45.599998474121094,45.84000015258789,45.47999954223633,45.84000015258789,71833
2012-02-08,22.95465660095215,45.2400016784668,45.720001220703125,45.18000030517578,45.599998474121094,93017
2012-02-09,23.13731575012207,45.599998474121094,45.65999984741211,45.119998931884766,45.41999816894531,60617
2012-02-10,22.924211502075195,45.18000030517578,45.65999984741211,45.18000030517578,45.540000915527344,68933
2012-02-13,22.86332130432129,45.060001373291016,45.41999816894531,45.060001373291016,45.29999923706055,71167
2012-02-14,22.9851016998291,45.29999923706055,45.540000915527344,45.0,45.2400016784668,78383
2012-02-15,23.015533447265625,45.36000061035156,45.41999816894531,45.060001373291016,45.41999816894531,83900
2012-02-16,22.893766403198242,45.119998931884766,45.599998474121094,44.63999938964844,45.29999923706055,157500
2012-02-17,23.04597282409668,45.41999816894531,45.41999816894531,44.880001068115234,45.2400016784668,127617
2012-02-21,22.893766403198242,45.119998931884766,45.900001525878906,45.119998931884766,45.65999984741211,163650
2012-02-22,22.95465660095215,45.2400016784668,45.29999923706055,44.939998626708984,45.2400016784668,160867
2012-02-23,22.95465660095215,45.2400016784668,45.29999923706055,44.939998626708984,45.29999923706055,104983
2012-02-24,23.16775131225586,45.65999984741211,45.720001220703125,45.18000030517578,45.18000030517578,83450
2012-02-27,23.335968017578125,45.779998779296875,45.959999084472656,45.18000030517578,45.18000030517578,91467
2012-02-28,23.366559982299805,45.84000015258789,46.02000045776367,45.540000915527344,45.900001525878906,58050
2012-02-29,23.18305778503418,45.47999954223633,46.02000045776367,45.41999816894531,45.779998779296875,108650
2012-03-01,23.39714241027832,45.900001525878906,46.02000045776367,45.540000915527344,45.599998474121094,64483
2012-03-02,23.48889923095703,46.08000183105469,46.13999938964844,45.599998474121094,45.84000015258789,69733
2012-03-05,23.39714241027832,45.900001525878906,46.02000045776367,45.540000915527344,46.02000045776367,70117
2012-03-06,22.816030502319336,44.7599983215332,45.779998779296875,44.7599983215332,45.599998474121094,114167
2012-03-07,23.18305778503418,45.47999954223633,45.47999954223633,45.0,45.0,60183
2012-03-08,23.39714241027832,45.900001525878906,46.02000045776367,45.2400016784668,45.599998474121094,81983
2012-03-09,23.244218826293945,45.599998474121094,45.900001525878906,45.47999954223633,45.900001525878906,70000
2012-03-12,23.091304779052734,45.29999923706055,45.720001220703125,45.29999923706055,45.65999984741211,75100
2012-03-13,23.244218826293945,45.599998474121094,45.720001220703125,45.29999923706055,45.41999816894531,73533
2012-03-14,22.99955940246582,45.119998931884766,45.599998474121094,45.0,45.47999954223633,93100
2012-03-15,23.18305778503418,45.47999954223633,45.47999954223633,45.0,45.2400016784668,115950
2012-03-16,23.335968017578125,45.779998779296875,45.779998779296875,45.41999816894531,45.41999816894531,105833
2012-03-19,23.39714241027832,45.900001525878906,46.79999923706055,45.599998474121094,45.779998779296875,111850
2012-03-20,23.121877670288086,45.36000061035156,45.779998779296875,45.29999923706055,45.779998779296875,74950
2012-03-21,23.091304779052734,45.29999923706055,45.599998474121094,45.18000030517578,45.36000061035156,69067
2012-03-22,22.693695068359375,44.52000045776367,45.119998931884766,44.459999084472656,45.060001373291016,206283
2012-03-23,22.204355239868164,43.560001373291016,44.63999938964844,42.959999084472656,44.400001525878906,327000
2012-03-26,22.357261657714844,43.86000061035156,44.040000915527344,43.5,43.7400016784668,212500
2012-03-27,22.510196685791016,44.15999984741211,44.15999984741211,43.560001373291016,43.97999954223633,223117
2012-03-28,22.375009536743164,43.86000061035156,44.040000915527344,43.619998931884766,43.97999954223633,81967
2012-03-29,22.405614852905273,43.91999816894531,44.040000915527344,43.2599983215332,43.619998931884766,122150
2012-03-30,22.313798904418945,43.7400016784668,44.279998779296875,43.7400016784668,44.15999984741211,80300
2012-04-02,22.650484085083008,44.400001525878906,44.400001525878906,43.68000030517578,43.68000030517578,101200
2012-04-03,22.313798904418945,43.7400016784668,44.279998779296875,43.7400016784668,44.279998779296875,86317
2012-04-04,22.191341400146484,43.5,43.79999923706055,43.380001068115234,43.5,116867
2012-04-05,22.191341400146484,43.5,43.79999923706055,43.2599983215332,43.7400016784668,120717
2012-04-09,22.283172607421875,43.68000030517578,43.7400016784668,43.20000076293945,43.31999969482422,76700
2012-04-10,22.160728454589844,43.439998626708984,43.79999923706055,43.439998626708984,43.619998931884766,84500
2012-04-11,22.22197151184082,43.560001373291016,43.79999923706055,43.439998626708984,43.439998626708984,68900
2012-04-12,22.344396591186523,43.79999923706055,44.099998474121094,43.5,43.560001373291016,108017
2012-04-13,22.405614852905273,43.91999816894531,44.099998474121094,43.86000061035156,43.91999816894531,136850
2012-04-16,22.497440338134766,44.099998474121094,44.279998779296875,43.86000061035156,44.220001220703125,107817
2012-04-17,22.619873046875,44.34000015258789,44.459999084472656,43.97999954223633,44.15999984741211,78367
2012-04-18,22.895353317260742,44.880001068115234,44.939998626708984,44.34000015258789,44.34000015258789,163450
2012-04-19,22.925952911376953,44.939998626708984,45.0,44.459999084472656,44.81999969482422,158933
2012-04-20,23.017786026000977,45.119998931884766,45.2400016784668,44.880001068115234,45.18000030517578,72317
2012-04-23,23.017786026000977,45.119998931884766,45.119998931884766,44.7599983215332,44.7599983215332,79883
2012-04-24,23.109603881835938,45.29999923706055,45.41999816894531,45.119998931884766,45.2400016784668,77883
2012-04-25,23.385086059570312,45.84000015258789,45.900001525878906,45.29999923706055,45.36000061035156,94717
2012-04-26,23.06222915649414,45.0,45.84000015258789,45.0,45.599998474121094,89500
2012-04-27,23.431217193603516,45.720001220703125,45.720001220703125,45.0,45.18000030517578,75283
2012-04-30,23.24672508239746,45.36000061035156,45.720001220703125,45.29999923706055,45.599998474121094,61350
2012-05-01,23.27747344970703,45.41999816894531,45.65999984741211,45.18000030517578,45.47999954223633,75817
2012-05-02,23.431217193603516,45.720001220703125,45.720001220703125,45.2400016784668,45.36000061035156,110900
2012-05-03,23.215984344482422,45.29999923706055,45.900001525878906,45.29999923706055,45.720001220703125,54967
2012-05-04,22.785470962524414,44.459999084472656,45.47999954223633,44.15999984741211,45.2400016784668,202167
2012-05-07,23.000728607177734,44.880001068115234,45.060001373291016,44.400001525878906,44.459999084472656,69833
2012-05-08,23.03147315979004,44.939998626708984,45.0,44.52000045776367,44.880001068115234,92883
2012-05-09,22.939220428466797,44.7599983215332,44.939998626708984,44.52000045776367,44.7599983215332,66817
2012-05-10,23.092975616455078,45.060001373291016,45.18000030517578,44.880001068115234,44.880001068115234,55667
2012-05-11,23.12372589111328,45.119998931884766,45.41999816894531,44.880001068115234,45.060001373291016,107317
2012-05-14,22.816226959228516,44.52000045776367,45.060001373291016,44.52000045776367,45.060001373291016,93983
2012-05-15,22.754716873168945,44.400001525878906,44.70000076293945,44.400001525878906,44.52000045776367,108767
2012-05-16,22.754716873168945,44.400001525878906,45.0,44.400001525878906,44.58000183105469,112217
2012-05-17,22.754716873168945,44.400001525878906,44.63999938964844,44.34000015258789,44.400001525878906,141017
2012-05-18,22.754716873168945,44.400001525878906,44.58000183105469,44.15999984741211,44.459999084472656,110883
2012-05-21,22.72397232055664,44.34000015258789,44.70000076293945,44.220001220703125,44.58000183105469,122167
2012-05-22,22.816226959228516,44.52000045776367,44.63999938964844,44.400001525878906,44.459999084472656,77900
2012-05-23,22.908475875854492,44.70000076293945,44.70000076293945,44.279998779296875,44.34000015258789,133500
2012-05-24,22.816226959228516,44.52000045776367,44.880001068115234,44.34000015258789,44.880001068115234,109500
2012-05-25,22.754716873168945,44.400001525878906,44.70000076293945,44.400001525878906,44.459999084472656,66417
2012-05-29,22.711118698120117,44.279998779296875,44.34000015258789,44.15999984741211,44.34000015258789,83850
2012-05-30,22.618799209594727,44.099998474121094,44.279998779296875,44.099998474121094,44.220001220703125,69850
2012-05-31,22.58803367614746,44.040000915527344,44.220001220703125,44.040000915527344,44.099998474121094,56067
2012-06-01,22.618799209594727,44.099998474121094,44.15999984741211,43.7400016784668,43.7400016784668,90317
2012-06-04,22.280296325683594,43.439998626708984,44.220001220703125,42.959999084472656,44.220001220703125,182933
2012-06-05,22.434165954589844,43.7400016784668,43.7400016784668,43.439998626708984,43.439998626708984,64300
2012-06-06,22.711118698120117,44.279998779296875,44.52000045776367,43.91999816894531,43.97999954223633,90450
2012-06-07,22.834226608276367,44.52000045776367,44.70000076293945,44.400001525878906,44.52000045776367,65250
2012-06-08,22.95732307434082,44.7599983215332,44.7599983215332,44.400001525878906,44.63999938964844,64400
2012-06-11,22.834226608276367,44.52000045776367,45.0,44.52000045776367,44.880001068115234,69550
2012-06-12,23.08041763305664,45.0,45.0,44.63999938964844,44.70000076293945,65000
2012-06-13,23.08041763305664,45.0,45.41999816894531,44.63999938964844,45.41999816894531,61483
2012-06-14,23.018877029418945,44.880001068115234,45.36000061035156,44.63999938964844,45.0,64667
2012-06-15,23.141965866088867,45.119998931884766,45.599998474121094,45.060001373291016,45.119998931884766,91633
2012-06-18,23.388158798217773,45.599998474121094,45.84000015258789,45.18000030517578,45.779998779296875,85233
2012-06-19,23.418922424316406,45.65999984741211,45.84000015258789,45.41999816894531,45.779998779296875,88950
2012-06-20,23.449697494506836,45.720001220703125,45.84000015258789,45.47999954223633,45.720001220703125,84550
2012-06-21,23.172739028930664,45.18000030517578,45.900001525878906,45.060001373291016,45.779998779296875,84667
2012-06-22,23.111190795898438,45.060001373291016,45.47999954223633,45.060001373291016,45.2400016784668,82300
2012-06-25,23.172739028930664,45.18000030517578,45.2400016784668,45.0,45.060001373291016,77067
2012-06-26,23.480487823486328,45.779998779296875,45.779998779296875,45.2400016784668,45.2400016784668,61600
2012-06-27,23.52923583984375,45.84000015258789,45.900001525878906,45.65999984741211,45.720001220703125,83617
2012-06-28,23.560047149658203,45.900001525878906,46.13999938964844,45.47999954223633,45.900001525878906,53017
2012-06-29,23.52923583984375,45.84000015258789,46.13999938964844,45.720001220703125,46.13999938964844,94633
2012-07-02,23.683225631713867,46.13999938964844,46.31999969482422,45.900001525878906,46.08000183105469,104183
2012-07-03,23.86802101135254,46.5,46.5,46.2599983215332,46.380001068115234,40967
2012-07-05,23.83722686767578,46.439998626708984,46.560001373291016,46.02000045776367,46.2599983215332,71117
2012-07-06,23.744821548461914,46.2599983215332,46.560001373291016,46.20000076293945,46.31999969482422,80033
2012-07-09,23.86802101135254,46.5,46.619998931884766,46.2599983215332,46.380001068115234,95117
2012-07-10,23.683225631713867,46.13999938964844,46.68000030517578,46.02000045776367,46.5,91883
2012-07-11,23.83722686767578,46.439998626708984,46.560001373291016,46.20000076293945,46.2599983215332,59117
2012-07-12,23.62163543701172,46.02000045776367,46.380001068115234,45.779998779296875,46.380001068115234,89033
2012-07-13,23.744821548461914,46.2599983215332,46.31999969482422,46.08000183105469,46.20000076293945,94200
2012-07-16,23.86802101135254,46.5,46.5,46.13999938964844,46.31999969482422,98417
2012-07-17,23.86802101135254,46.5,46.619998931884766,46.20000076293945,46.5,90867
2012-07-18,23.898815155029297,46.560001373291016,46.619998931884766,46.31999969482422,46.619998931884766,73817
2012-07-19,23.929609298706055,46.619998931884766,46.68000030517578,46.5,46.560001373291016,107867
2012-07-20,23.929609298706055,46.619998931884766,46.68000030517578,46.439998626708984,46.560001373291016,66100
2012-07-23,24.114377975463867,46.97999954223633,46.97999954223633,45.900001525878906,46.439998626708984,115567
2012-07-24,24.083589553833008,46.91999816894531,47.040000915527344,46.68000030517578,47.040000915527344,65233
2012-07-25,24.268388748168945,47.279998779296875,47.279998779296875,46.68000030517578,47.040000915527344,102117
2012-07-26,24.48395538330078,47.70000076293945,47.70000076293945,47.279998779296875,47.58000183105469,88950
2012-07-27,24.499427795410156,47.52000045776367,47.880001068115234,47.400001525878906,47.70000076293945,115500
2012-07-30,24.37569808959961,47.279998779296875,47.7599983215332,46.97999954223633,47.52000045776367,105300
2012-07-31,24.468490600585938,47.459999084472656,47.939998626708984,47.099998474121094,47.400001525878906,88183
2012-08-01,24.499427795410156,47.52000045776367,47.7599983215332,47.459999084472656,47.459999084472656,89767
2012-08-02,24.59221839904785,47.70000076293945,48.0,47.459999084472656,48.0,69533
2012-08-03,24.530345916748047,47.58000183105469,47.939998626708984,47.52000045776367,47.880001068115234,75567
2012-08-06,24.530345916748047,47.58000183105469,47.880001068115234,47.400001525878906,47.63999938964844,122583
2012-08-07,24.499427795410156,47.52000045776367,47.939998626708984,47.279998779296875,47.7599983215332,90383
2012-08-08,24.685026168823242,47.880001068115234,47.880001068115234,47.52000045776367,47.63999938964844,64167
2012-08-09,24.468490600585938,47.459999084472656,47.880001068115234,47.459999084472656,47.81999969482422,92033
2012-08-10,24.4066104888916,47.34000015258789,47.70000076293945,47.220001220703125,47.58000183105469,119967
2012-08-13,24.251956939697266,47.040000915527344,47.52000045776367,47.040000915527344,47.52000045776367,106933
2012-08-14,24.468490600585938,47.459999084472656,47.70000076293945,47.099998474121094,47.15999984741211,90800
2012-08-15,24.561302185058594,47.63999938964844,47.81999969482422,47.52000045776367,47.58000183105469,85683
2012-08-16,24.59221839904785,47.70000076293945,47.939998626708984,47.70000076293945,47.7599983215332,91650
2012-08-17,24.623149871826172,47.7599983215332,47.939998626708984,47.58000183105469,47.81999969482422,122183
2012-08-20,24.530345916748047,47.58000183105469,47.939998626708984,47.58000183105469,47.939998626708984,112167
2012-08-21,24.59221839904785,47.70000076293945,47.7599983215332,47.58000183105469,47.58000183105469,106250
2012-08-22,24.530345916748047,47.58000183105469,48.0,47.220001220703125,47.939998626708984,75250
2012-08-23,24.34476089477539,47.220001220703125,47.81999969482422,47.15999984741211,47.58000183105469,98350
2012-08-24,24.561302185058594,47.63999938964844,47.63999938964844,47.099998474121094,47.220001220703125,102267
2012-08-27,24.561302185058594,47.63999938964844,47.880001068115234,47.52000045776367,47.880001068115234,119767
2012-08-28,24.561302185058594,47.63999938964844,47.7599983215332,47.52000045776367,47.58000183105469,78733
2012-08-29,24.607894897460938,47.52000045776367,47.70000076293945,47.459999084472656,47.63999938964844,78200
2012-08-30,24.514680862426758,47.34000015258789,47.63999938964844,47.34000015258789,47.58000183105469,71967
2012-08-31,24.57682991027832,47.459999084472656,47.58000183105469,47.34000015258789,47.459999084472656,59800
2012-09-04,24.452556610107422,47.220001220703125,47.459999084472656,46.97999954223633,47.459999084472656,101000
2012-09-05,24.297191619873047,46.91999816894531,47.52000045776367,46.79999923706055,47.52000045776367,148767
2012-09-06,24.141843795776367,46.619998931884766,47.040000915527344,46.5,46.97999954223633,202383
2012-09-07,24.079702377319336,46.5,47.15999984741211,46.439998626708984,46.79999923706055,206650
2012-09-10,24.079702377319336,46.5,47.040000915527344,46.439998626708984,46.68000030517578,160917
2012-09-11,24.048646926879883,46.439998626708984,46.79999923706055,46.439998626708984,46.68000030517578,166317
2012-09-12,24.048646926879883,46.439998626708984,46.79999923706055,46.439998626708984,46.68000030517578,121983
2012-09-13,24.110782623291016,46.560001373291016,46.560001373291016,46.380001068115234,46.5,182833
2012-09-14,24.39040756225586,47.099998474121094,47.279998779296875,46.560001373291016,46.68000030517578,116433
2012-09-17,24.452556610107422,47.220001220703125,47.459999084472656,46.97999954223633,47.279998779296875,91633
2012-09-18,24.39040756225586,47.099998474121094,47.34000015258789,46.97999954223633,47.220001220703125,80817
2012-09-19,24.545747756958008,47.400001525878906,47.459999084472656,47.099998474121094,47.220001220703125,80950
2012-09-20,24.421480178833008,47.15999984741211,47.459999084472656,47.15999984741211,47.220001220703125,75617
2012-09-21,24.514680862426758,47.34000015258789,47.459999084472656,47.15999984741211,47.400001525878906,81850
2012-09-24,24.452556610107422,47.220001220703125,47.58000183105469,46.91999816894531,47.34000015258789,183050
2012-09-25,24.421480178833008,47.15999984741211,47.459999084472656,47.099998474121094,47.34000015258789,100317
2012-09-26,24.312255859375,46.7400016784668,47.279998779296875,46.560001373291016,47.15999984741211,93250
2012-09-27,24.374658584594727,46.86000061035156,47.15999984741211,46.560001373291016,46.97999954223633,130450
2012-09-28,24.281047821044922,46.68000030517578,47.099998474121094,46.68000030517578,46.86000061035156,127333
2012-10-01,24.468286514282227,47.040000915527344,47.34000015258789,46.7400016784668,46.86000061035156,110233
2012-10-02,24.561925888061523,47.220001220703125,47.279998779296875,46.79999923706055,46.91999816894531,105967
2012-10-03,24.437074661254883,46.97999954223633,47.63999938964844,46.91999816894531,47.220001220703125,110700
2012-10-04,24.65555763244629,47.400001525878906,47.400001525878906,46.97999954223633,47.040000915527344,57717
2012-10-05,24.49950408935547,47.099998474121094,47.52000045776367,46.97999954223633,47.279998779296875,61700
2012-10-08,24.468286514282227,47.040000915527344,47.220001220703125,46.79999923706055,46.91999816894531,73450
2012-10-09,24.530725479125977,47.15999984741211,47.34000015258789,46.91999816894531,46.97999954223633,58250
2012-10-10,24.5931396484375,47.279998779296875,47.52000045776367,47.099998474121094,47.15999984741211,101517
2012-10-11,24.717973709106445,47.52000045776367,47.58000183105469,47.279998779296875,47.400001525878906,83750
2012-10-12,24.717973709106445,47.52000045776367,47.58000183105469,47.400001525878906,47.459999084472656,72633
2012-10-15,24.74918556213379,47.58000183105469,47.70000076293945,47.400001525878906,47.70000076293945,84717
2012-10-16,24.74918556213379,47.58000183105469,47.70000076293945,47.459999084472656,47.63999938964844,96467
2012-10-17,24.811599731445312,47.70000076293945,47.70000076293945,47.58000183105469,47.63999938964844,52817
2012-10-18,24.874013900756836,47.81999969482422,47.939998626708984,47.58000183105469,47.70000076293945,68850
2012-10-19,24.842802047729492,47.7599983215332,47.880001068115234,47.459999084472656,47.63999938964844,78300
2012-10-22,24.717973709106445,47.52000045776367,47.880001068115234,47.52000045776367,47.52000045776367,53333
2012-10-23,24.717973709106445,47.52000045776367,47.7599983215332,47.279998779296875,47.279998779296875,75383
2012-10-24,24.686752319335938,47.459999084472656,47.70000076293945,47.459999084472656,47.58000183105469,52533
2012-10-25,24.74918556213379,47.58000183105469,47.81999969482422,47.52000045776367,47.63999938964844,70967
2012-10-26,24.717973709106445,47.52000045776367,47.7599983215332,47.400001525878906,47.63999938964844,45600
2012-10-31,24.67373275756836,47.400001525878906,47.63999938964844,47.099998474121094,47.52000045776367,90067
2012-11-01,24.767425537109375,47.58000183105469,47.63999938964844,47.34000015258789,47.400001525878906,70317
2012-11-02,24.611248016357422,47.279998779296875,47.63999938964844,47.279998779296875,47.52000045776367,53767
2012-11-05,24.58003044128418,47.220001220703125,47.58000183105469,47.099998474121094,47.400001525878906,54383
2012-11-06,24.64248275756836,47.34000015258789,47.63999938964844,47.279998779296875,47.34000015258789,72133
2012-11-07,24.58003044128418,47.220001220703125,47.70000076293945,47.099998474121094,47.220001220703125,90050
2012-11-08,24.67373275756836,47.400001525878906,47.58000183105469,47.15999984741211,47.15999984741211,98383
2012-11-09,24.79864501953125,47.63999938964844,47.7599983215332,47.15999984741211,47.400001525878906,89333
2012-11-12,24.79864501953125,47.63999938964844,47.880001068115234,47.52000045776367,47.880001068115234,86283
2012-11-13,24.82988166809082,47.70000076293945,48.060001373291016,47.58000183105469,47.81999969482422,118167
2012-11-14,24.33017349243164,46.7400016784668,47.7599983215332,46.619998931884766,47.70000076293945,258450
2012-11-15,22.924694061279297,44.040000915527344,46.560001373291016,43.5,46.560001373291016,611700
2012-11-16,23.924148559570312,45.959999084472656,46.31999969482422,44.040000915527344,44.040000915527344,189450
2012-11-19,24.36140251159668,46.79999923706055,47.15999984741211,45.18000030517578,46.68000030517578,139300
2012-11-20,24.455081939697266,46.97999954223633,47.040000915527344,46.5,46.79999923706055,111017
2012-11-21,24.64248275756836,47.34000015258789,47.459999084472656,46.97999954223633,47.099998474121094,99533
2012-11-23,24.767425537109375,47.58000183105469,47.63999938964844,47.34000015258789,47.34000015258789,29900
2012-11-26,24.67373275756836,47.400001525878906,47.52000045776367,47.15999984741211,47.220001220703125,90383
2012-11-27,24.736188888549805,47.52000045776367,47.63999938964844,47.34000015258789,47.52000045776367,61067
2012-11-28,24.84599494934082,47.52000045776367,47.58000183105469,47.279998779296875,47.52000045776367,79483
2012-11-29,24.75186538696289,47.34000015258789,47.70000076293945,47.34000015258789,47.63999938964844,105467
2012-11-30,24.78324317932129,47.400001525878906,47.459999084472656,47.220001220703125,47.220001220703125,91400
2012-12-03,24.68914222717285,47.220001220703125,47.459999084472656,47.220001220703125,47.400001525878906,82600
2012-12-04,24.469547271728516,46.79999923706055,47.220001220703125,46.79999923706055,47.15999984741211,79750
2012-12-05,24.84599494934082,47.52000045776367,47.52000045776367,46.79999923706055,46.79999923706055,95083
2012-12-06,24.78324317932129,47.400001525878906,47.459999084472656,47.099998474121094,47.34000015258789,62267
2012-12-07,24.81461524963379,47.459999084472656,47.70000076293945,47.099998474121094,47.400001525878906,77500
2012-12-10,24.78324317932129,47.400001525878906,47.7599983215332,47.279998779296875,47.279998779296875,120250
2012-12-11,24.75186538696289,47.34000015258789,47.70000076293945,47.220001220703125,47.52000045776367,83033
2012-12-12,24.720500946044922,47.279998779296875,47.70000076293945,47.220001220703125,47.34000015258789,142283
2012-12-13,24.720500946044922,47.279998779296875,47.279998779296875,47.099998474121094,47.279998779296875,109217
2012-12-14,24.720500946044922,47.279998779296875,47.459999084472656,46.97999954223633,47.459999084472656,87633
2012-12-17,24.595016479492188,47.040000915527344,47.459999084472656,46.97999954223633,47.459999084472656,112917
2012-12-18,24.56363868713379,46.97999954223633,47.040000915527344,46.560001373291016,46.91999816894531,137400
2012-12-19,24.68914222717285,47.220001220703125,47.459999084472656,46.86000061035156,47.099998474121094,124250
2012-12-20,24.595016479492188,47.040000915527344,47.34000015258789,46.97999954223633,47.34000015258789,102883
2012-12-21,24.68914222717285,47.220001220703125,47.220001220703125,46.7400016784668,46.79999923706055,91183
2012-12-24,24.62639808654785,47.099998474121094,47.34000015258789,47.099998474121094,47.15999984741211,59467
2012-12-26,24.469547271728516,46.79999923706055,47.220001220703125,46.7400016784668,47.15999984741211,117717
2012-12-27,24.485280990600586,46.619998931884766,46.79999923706055,46.20000076293945,46.7400016784668,151833
2012-12-28,24.39075469970703,46.439998626708984,46.7400016784668,46.20000076293945,46.31999969482422,129183
2012-12-31,24.39075469970703,46.439998626708984,47.099998474121094,46.31999969482422,46.31999969482422,171417
2013-01-02,24.8004207611084,47.220001220703125,47.279998779296875,46.86000061035156,46.91999816894531,102917
2013-01-03,24.8004207611084,47.220001220703125,47.400001525878906,47.040000915527344,47.279998779296875,68650
2013-01-04,24.894956588745117,47.400001525878906,47.400001525878906,47.099998474121094,47.15999984741211,83100
2013-01-07,24.894956588745117,47.400001525878906,47.63999938964844,47.34000015258789,47.52000045776367,89117
2013-01-08,25.052505493164062,47.70000076293945,47.7599983215332,47.52000045776367,47.70000076293945,263150
2013-01-09,25.020998001098633,47.63999938964844,47.81999969482422,47.52000045776367,47.63999938964844,86617
2013-01-10,24.989490509033203,47.58000183105469,47.70000076293945,47.52000045776367,47.52000045776367,112217
2013-01-11,25.020998001098633,47.63999938964844,47.70000076293945,47.400001525878906,47.63999938964844,85117
2013-01-14,24.989490509033203,47.58000183105469,47.7599983215332,47.52000045776367,47.7599983215332,92000
2013-01-15,24.894956588745117,47.400001525878906,47.63999938964844,47.400001525878906,47.459999084472656,84117
2013-01-16,24.957983016967773,47.52000045776367,47.63999938964844,47.459999084472656,47.459999084472656,81967
2013-01-17,25.020998001098633,47.63999938964844,47.63999938964844,47.52000045776367,47.63999938964844,118633
2013-01-18,25.020998001098633,47.63999938964844,47.70000076293945,47.52000045776367,47.52000045776367,96700
2013-01-22,25.052505493164062,47.70000076293945,47.7599983215332,47.58000183105469,47.58000183105469,182567
2013-01-23,25.052505493164062,47.70000076293945,47.7599983215332,47.63999938964844,47.70000076293945,102083
2013-01-24,25.020998001098633,47.63999938964844,47.81999969482422,47.58000183105469,47.7599983215332,111183
2013-01-25,25.052505493164062,47.70000076293945,47.81999969482422,47.63999938964844,47.7599983215332,105383
2013-01-28,25.11553192138672,47.81999969482422,47.81999969482422,47.58000183105469,47.70000076293945,187150
2013-01-29,24.91318130493164,47.400001525878906,47.58000183105469,47.400001525878906,47.58000183105469,116733
2013-01-30,24.881650924682617,47.34000015258789,47.58000183105469,47.15999984741211,47.58000183105469,116533
2013-01-31,24.78704261779785,47.15999984741211,47.400001525878906,47.15999984741211,47.220001220703125,64983
2013-02-01,24.881650924682617,47.34000015258789,47.459999084472656,47.220001220703125,47.279998779296875,87167
2013-02-04,24.755512237548828,47.099998474121094,47.34000015258789,46.97999954223633,47.279998779296875,101683
2013-02-05,24.692432403564453,46.97999954223633,47.279998779296875,46.91999816894531,47.279998779296875,122167
2013-02-06,24.62936019897461,46.86000061035156,47.040000915527344,46.560001373291016,46.97999954223633,180250
2013-02-07,24.566303253173828,46.7400016784668,47.279998779296875,46.68000030517578,46.7400016784668,140767
2013-02-08,24.503211975097656,46.619998931884766,46.86000061035156,46.5,46.79999923706055,120817
2013-02-11,24.53474998474121,46.68000030517578,46.79999923706055,46.5,46.7400016784668,87967
2013-02-12,24.503211975097656,46.619998931884766,46.79999923706055,46.5,46.7400016784668,107383
2013-02-13,24.53474998474121,46.68000030517578,46.86000061035156,46.619998931884766,46.68000030517578,126867
2013-02-14,24.53474998474121,46.68000030517578,46.79999923706055,46.619998931884766,46.7400016784668,85917
2013-02-15,24.62936019897461,46.86000061035156,46.91999816894531,46.7400016784668,46.79999923706055,83167
2013-02-19,24.566303253173828,46.7400016784668,47.279998779296875,46.7400016784668,46.91999816894531,162283
2013-02-20,24.62936019897461,46.86000061035156,46.97999954223633,46.7400016784668,46.86000061035156,75183
2013-02-21,24.566303253173828,46.7400016784668,46.97999954223633,46.68000030517578,46.91999816894531,71250
2013-02-22,24.62936019897461,46.86000061035156,46.97999954223633,46.7400016784668,46.86000061035156,77867
2013-02-25,24.566303253173828,46.7400016784668,47.099998474121094,46.7400016784668,46.97999954223633,93083
2013-02-26,24.458471298217773,46.5,46.7400016784668,46.2599983215332,46.68000030517578,113300
2013-02-27,24.553138732910156,46.68000030517578,46.79999923706055,46.5,46.560001373291016,116550
2013-02-28,24.61626625061035,46.79999923706055,46.86000061035156,46.68000030517578,46.7400016784668,70367
2013-03-01,24.553138732910156,46.68000030517578,46.79999923706055,46.560001373291016,46.79999923706055,78650
2013-03-04,24.490009307861328,46.560001373291016,46.68000030517578,46.31999969482422,46.560001373291016,114850
2013-03-05,24.490009307861328,46.560001373291016,46.7400016784668,46.439998626708984,46.5,116833
2013-03-06,24.490009307861328,46.560001373291016,46.68000030517578,46.380001068115234,46.619998931884766,76467
2013-03-07,24.490009307861328,46.560001373291016,46.68000030517578,46.439998626708984,46.619998931884766,84550
2013-03-08,24.553138732910156,46.68000030517578,46.7400016784668,46.560001373291016,46.619998931884766,146683
2013-03-11,24.458471298217773,46.5,46.68000030517578,46.5,46.619998931884766,108200
2013-03-12,24.33221435546875,46.2599983215332,46.560001373291016,45.29999923706055,46.5,240967
2013-03-13,24.426908493041992,46.439998626708984,46.439998626708984,46.20000076293945,46.20000076293945,76083
2013-03-14,24.395336151123047,46.380001068115234,46.380001068115234,45.959999084472656,46.380001068115234,121833
2013-03-15,23.827285766601562,45.29999923706055,46.439998626708984,45.29999923706055,46.2599983215332,153517
2013-03-18,23.73259735107422,45.119998931884766,45.84000015258789,45.0,45.29999923706055,251083
2013-03-19,23.921951293945312,45.47999954223633,45.84000015258789,45.18000030517578,45.18000030517578,133433
2013-03-20,23.890390396118164,45.41999816894531,45.900001525878906,45.41999816894531,45.720001220703125,115917
2013-03-21,23.95352554321289,45.540000915527344,45.599998474121094,45.119998931884766,45.36000061035156,130217
2013-03-22,24.048192977905273,45.720001220703125,45.900001525878906,45.540000915527344,45.540000915527344,106800
2013-03-25,24.016639709472656,45.65999984741211,45.900001525878906,45.599998474121094,45.779998779296875,91717
2013-03-26,24.129796981811523,45.84000015258789,45.84000015258789,45.47999954223633,45.540000915527344,82700
2013-03-27,24.09821319580078,45.779998779296875,46.08000183105469,45.720001220703125,45.84000015258789,83333
2013-03-28,24.571975708007812,46.68000030517578,46.68000030517578,45.779998779296875,45.84000015258789,155750
2013-04-01,24.192974090576172,45.959999084472656,46.380001068115234,45.84000015258789,46.380001068115234,84017
2013-04-02,24.382478713989258,46.31999969482422,46.380001068115234,45.900001525878906,46.13999938964844,118400
2013-04-03,24.445653915405273,46.439998626708984,46.439998626708984,46.20000076293945,46.439998626708984,80333
2013-04-04,24.445653915405273,46.439998626708984,46.439998626708984,46.2599983215332,46.439998626708984,75000
2013-04-05,24.445653915405273,46.439998626708984,46.439998626708984,46.20000076293945,46.2599983215332,61883
2013-04-08,24.382478713989258,46.31999969482422,46.5,46.20000076293945,46.5,84150
2013-04-09,24.35088539123535,46.2599983215332,46.31999969482422,46.20000076293945,46.31999969482422,79767
2013-04-10,24.35088539123535,46.2599983215332,46.31999969482422,46.20000076293945,46.2599983215332,80850
2013-04-11,24.35088539123535,46.2599983215332,46.31999969482422,45.900001525878906,46.20000076293945,150117
2013-04-12,24.445653915405273,46.439998626708984,46.439998626708984,45.900001525878906,46.02000045776367,93017
2013-04-15,24.192974090576172,45.959999084472656,46.560001373291016,45.900001525878906,46.439998626708984,105250
2013-04-16,24.256141662597656,46.08000183105469,46.20000076293945,45.84000015258789,46.02000045776367,110750
2013-04-17,23.845565795898438,45.29999923706055,46.02000045776367,45.0,45.84000015258789,284517
2013-04-18,23.782386779785156,45.18000030517578,45.36000061035156,45.0,45.36000061035156,158400
2013-04-19,23.87714195251465,45.36000061035156,45.599998474121094,45.060001373291016,45.2400016784668,68233
2013-04-22,24.066635131835938,45.720001220703125,45.720001220703125,45.18000030517578,45.2400016784668,115050
2013-04-23,24.382478713989258,46.31999969482422,46.380001068115234,45.779998779296875,45.84000015258789,126850
2013-04-24,24.445653915405273,46.439998626708984,46.439998626708984,46.13999938964844,46.380001068115234,65433
2013-04-25,24.5087947845459,46.560001373291016,46.560001373291016,46.2599983215332,46.5,67800
2013-04-26,24.42949104309082,46.20000076293945,46.380001068115234,46.08000183105469,46.31999969482422,38517
2013-04-29,24.2391357421875,45.84000015258789,46.31999969482422,45.84000015258789,46.20000076293945,97617
2013-04-30,24.17568588256836,45.720001220703125,46.08000183105469,45.720001220703125,45.779998779296875,114150
2013-05-01,24.08050537109375,45.540000915527344,46.02000045776367,45.47999954223633,45.900001525878906,112433
2013-05-02,24.302583694458008,45.959999084472656,46.02000045776367,45.540000915527344,45.599998474121094,59650
2013-05-03,24.492944717407227,46.31999969482422,46.31999969482422,45.959999084472656,46.08000183105469,114500
2013-05-06,24.33431625366211,46.02000045776367,46.31999969482422,45.84000015258789,46.20000076293945,109450
2013-05-07,24.11223030090332,45.599998474121094,46.08000183105469,45.47999954223633,46.08000183105469,160300
2013-05-08,24.2073974609375,45.779998779296875,45.779998779296875,45.540000915527344,45.599998474121094,107850
2013-05-09,23.76325035095215,44.939998626708984,45.65999984741211,44.880001068115234,45.65999984741211,226200
2013-05-10,23.636329650878906,44.70000076293945,45.2400016784668,44.63999938964844,45.060001373291016,254117
2013-05-13,22.779708862304688,43.08000183105469,44.7599983215332,42.060001373291016,44.7599983215332,1014867
2013-05-14,22.811445236206055,43.13999938964844,43.380001068115234,42.540000915527344,42.84000015258789,469433
2013-05-15,22.906614303588867,43.31999969482422,43.439998626708984,42.900001525878906,43.20000076293945,305783
2013-05-16,22.43071746826172,42.41999816894531,43.380001068115234,42.18000030517578,43.31999969482422,440850
2013-05-17,23.128698348999023,43.7400016784668,43.97999954223633,42.36000061035156,42.47999954223633,673250
2013-05-20,23.5411434173584,44.52000045776367,44.63999938964844,43.86000061035156,43.86000061035156,382000
2013-05-21,23.477680206298828,44.400001525878906,44.63999938964844,44.15999984741211,44.58000183105469,206167
2013-05-22,22.970069885253906,43.439998626708984,44.459999084472656,43.2599983215332,44.400001525878906,263367
2013-05-23,23.160423278808594,43.79999923706055,43.79999923706055,42.84000015258789,43.20000076293945,165033
2013-05-24,22.93834686279297,43.380001068115234,43.7400016784668,43.20000076293945,43.68000030517578,147533
2013-05-28,22.652812957763672,42.84000015258789,43.68000030517578,42.65999984741211,43.439998626708984,265883
2013-05-29,22.254268646240234,41.880001068115234,42.41999816894531,41.34000015258789,42.29999923706055,571650
2013-05-30,22.094852447509766,41.58000183105469,42.119998931884766,41.459999084472656,41.52000045776367,285700
2013-05-31,21.361541748046875,40.20000076293945,41.58000183105469,39.540000915527344,41.279998779296875,722933
2013-06-03,21.361541748046875,40.20000076293945,40.439998626708984,39.720001220703125,40.02000045776367,397250
2013-06-04,21.01083755493164,39.540000915527344,40.13999938964844,39.36000061035156,40.08000183105469,439433
2013-06-05,21.202129364013672,39.900001525878906,40.02000045776367,39.0,39.36000061035156,452867
2013-06-06,21.393423080444336,40.2599983215332,40.2599983215332,39.41999816894531,39.779998779296875,258300
2013-06-07,21.234012603759766,39.959999084472656,40.31999969482422,39.900001525878906,40.31999969482422,154033
2013-06-10,20.755779266357422,39.060001373291016,39.84000015258789,39.060001373291016,39.720001220703125,374067
2013-06-11,20.405061721801758,38.400001525878906,38.70000076293945,38.15999984741211,38.63999938964844,504750
2013-06-12,20.02244758605957,37.68000030517578,38.63999938964844,37.5,38.400001525878906,579717
2013-06-13,20.532577514648438,38.63999938964844,38.63999938964844,37.380001068115234,37.619998931884766,372467
2013-06-14,21.234012603759766,39.959999084472656,39.959999084472656,38.58000183105469,38.58000183105469,440550
2013-06-17,21.01083755493164,39.540000915527344,40.5,39.18000030517578,40.02000045776367,270933
2013-06-18,21.042707443237305,39.599998474121094,39.900001525878906,38.099998474121094,39.2400016784668,473367
2013-06-19,20.692001342773438,38.939998626708984,39.84000015258789,38.7599983215332,39.599998474121094,268333
2013-06-20,19.926816940307617,37.5,38.52000045776367,37.5,38.52000045776367,330117
2013-06-21,19.639867782592773,36.959999084472656,37.97999954223633,36.900001525878906,37.5,401217
2013-06-24,19.352928161621094,36.41999816894531,36.84000015258789,35.880001068115234,36.720001220703125,477200
2013-06-25,19.225399017333984,36.18000030517578,36.720001220703125,36.060001373291016,36.720001220703125,397550
2013-06-26,19.69039535522461,36.84000015258789,37.02000045776367,36.060001373291016,36.36000061035156,221633
2013-06-27,20.01106834411621,37.439998626708984,37.619998931884766,36.720001220703125,36.720001220703125,202167
2013-06-28,19.882802963256836,37.20000076293945,37.79999923706055,36.959999084472656,37.20000076293945,235567
2013-07-01,20.139352798461914,37.68000030517578,37.7400016784668,37.20000076293945,37.31999969482422,191150
2013-07-02,19.882802963256836,37.20000076293945,37.619998931884766,37.08000183105469,37.560001373291016,137717
2013-07-03,19.78659439086914,37.02000045776367,37.20000076293945,36.720001220703125,36.84000015258789,69833
2013-07-05,19.24142837524414,36.0,36.779998779296875,36.0,36.779998779296875,219517
2013-07-08,19.40176010131836,36.29999923706055,36.540000915527344,35.880001068115234,36.060001373291016,296217
2013-07-09,19.497974395751953,36.47999954223633,36.47999954223633,36.119998931884766,36.29999923706055,199800
2013-07-10,19.530052185058594,36.540000915527344,36.599998474121094,36.36000061035156,36.41999816894531,168683
2013-07-11,20.075223922729492,37.560001373291016,37.560001373291016,36.65999984741211,36.779998779296875,284500
2013-07-12,19.78659439086914,37.02000045776367,37.5,37.02000045776367,37.380001068115234,102117
2013-07-15,19.78659439086914,37.02000045776367,37.08000183105469,36.900001525878906,37.02000045776367,128667
2013-07-16,19.626249313354492,36.720001220703125,37.13999938964844,36.65999984741211,37.08000183105469,215700
2013-07-17,19.75452995300293,36.959999084472656,37.2599983215332,36.720001220703125,36.84000015258789,275700
2013-07-18,19.658323287963867,36.779998779296875,37.02000045776367,36.599998474121094,36.900001525878906,247383
2013-07-19,19.46590805053711,36.41999816894531,36.900001525878906,36.36000061035156,36.84000015258789,342467
2013-07-22,19.72246551513672,36.900001525878906,36.900001525878906,36.29999923706055,36.29999923706055,200533
2013-07-23,20.043155670166016,37.5,37.5,36.900001525878906,37.08000183105469,233233
2013-07-24,19.72246551513672,36.900001525878906,37.439998626708984,36.900001525878906,37.31999969482422,189550
2013-07-25,20.01106834411621,37.439998626708984,37.439998626708984,36.720001220703125,36.900001525878906,171267
2013-07-26,19.850738525390625,37.13999938964844,37.5,37.08000183105469,37.5,161967
2013-07-29,19.805255889892578,37.02000045776367,37.08000183105469,36.779998779296875,36.84000015258789,153100
2013-07-30,19.74106788635254,36.900001525878906,36.959999084472656,36.720001220703125,36.959999084472656,187533
2013-07-31,19.45217514038086,36.36000061035156,36.900001525878906,36.36000061035156,36.900001525878906,199850
2013-08-01,19.51636505126953,36.47999954223633,36.720001220703125,36.2400016784668,36.720001220703125,177667
2013-08-02,19.38797378540039,36.2400016784668,36.41999816894531,36.060001373291016,36.41999816894531,171967
2013-08-05,18.87437629699707,35.279998779296875,36.060001373291016,35.15999984741211,36.060001373291016,540133
2013-08-06,18.810184478759766,35.15999984741211,35.459999084472656,34.97999954223633,35.099998474121094,363083
2013-08-07,18.87437629699707,35.279998779296875,35.459999084472656,34.91999816894531,35.040000915527344,301350
2013-08-08,19.45217514038086,36.36000061035156,36.36000061035156,35.15999984741211,35.15999984741211,392917
2013-08-09,19.580564498901367,36.599998474121094,36.599998474121094,36.060001373291016,36.060001373291016,166767
2013-08-12,19.612667083740234,36.65999984741211,36.720001220703125,36.36000061035156,36.36000061035156,180750
2013-08-13,19.805255889892578,37.02000045776367,37.2599983215332,36.29999923706055,36.540000915527344,449400
2013-08-14,19.99785804748535,37.380001068115234,37.560001373291016,36.720001220703125,36.720001220703125,295033
2013-08-15,19.869462966918945,37.13999938964844,37.31999969482422,36.959999084472656,37.20000076293945,243783
2013-08-16,19.901559829711914,37.20000076293945,37.5,37.08000183105469,37.08000183105469,139400
2013-08-19,19.484270095825195,36.41999816894531,37.2599983215332,36.41999816894531,37.02000045776367,287000
2013-08-20,19.484270095825195,36.41999816894531,36.599998474121094,36.18000030517578,36.29999923706055,184167
2013-08-21,19.51636505126953,36.47999954223633,36.47999954223633,36.119998931884766,36.29999923706055,199333
2013-08-22,19.77316665649414,36.959999084472656,37.13999938964844,36.29999923706055,36.36000061035156,193333
2013-08-23,19.837360382080078,37.08000183105469,37.08000183105469,36.599998474121094,36.84000015258789,181433
2013-08-26,19.580564498901367,36.599998474121094,37.13999938964844,36.540000915527344,36.900001525878906,248883
2013-08-27,19.291677474975586,36.060001373291016,36.599998474121094,35.400001525878906,36.18000030517578,193750
2013-08-28,19.53382682800293,36.29999923706055,36.599998474121094,35.70000076293945,35.70000076293945,140817
2013-08-29,19.40468406677246,36.060001373291016,36.36000061035156,35.939998626708984,36.36000061035156,163483
2013-08-30,19.46925926208496,36.18000030517578,36.29999923706055,36.0,36.060001373291016,128417
2013-09-03,19.50153923034668,36.2400016784668,36.47999954223633,36.18000030517578,36.18000030517578,152033
2013-09-04,19.63068199157715,36.47999954223633,36.540000915527344,36.119998931884766,36.18000030517578,195450
2013-09-05,19.11409568786621,35.52000045776367,36.47999954223633,35.400001525878906,36.36000061035156,397100
2013-09-06,19.178667068481445,35.63999938964844,35.939998626708984,35.58000183105469,35.58000183105469,174700
2013-09-09,19.275535583496094,35.81999969482422,36.060001373291016,35.70000076293945,35.7599983215332,170333
2013-09-10,19.566118240356445,36.36000061035156,36.36000061035156,35.939998626708984,36.060001373291016,276200
2013-09-11,19.50153923034668,36.2400016784668,36.41999816894531,36.060001373291016,36.29999923706055,136117
2013-09-12,19.37239646911621,36.0,36.29999923706055,35.81999969482422,36.18000030517578,155633
2013-09-13,19.340105056762695,35.939998626708984,36.119998931884766,35.81999969482422,36.060001373291016,135600
2013-09-16,19.46925926208496,36.18000030517578,36.41999816894531,36.119998931884766,36.18000030517578,146517
2013-09-17,19.53382682800293,36.29999923706055,36.41999816894531,36.18000030517578,36.18000030517578,142350
2013-09-18,19.82441520690918,36.84000015258789,37.20000076293945,36.060001373291016,36.18000030517578,268417
2013-09-19,19.695268630981445,36.599998474121094,37.13999938964844,36.2400016784668,37.13999938964844,249583
2013-09-20,19.695268630981445,36.599998474121094,36.84000015258789,36.47999954223633,36.599998474121094,172283
2013-09-23,19.79212760925293,36.779998779296875,36.900001525878906,36.47999954223633,36.599998474121094,163117
2013-09-24,19.79212760925293,36.779998779296875,36.779998779296875,36.540000915527344,36.599998474121094,70067
2013-09-25,19.82441520690918,36.84000015258789,36.959999084472656,36.599998474121094,36.65999984741211,155617
2013-09-26,19.84065818786621,36.65999984741211,36.900001525878906,36.599998474121094,36.720001220703125,152717
2013-09-27,19.873132705688477,36.720001220703125,36.720001220703125,36.47999954223633,36.47999954223633,116733
2013-09-30,19.678302764892578,36.36000061035156,36.65999984741211,36.36000061035156,36.599998474121094,125567
2013-10-01,19.905590057373047,36.779998779296875,36.84000015258789,36.47999954223633,36.47999954223633,112800
2013-10-02,19.905590057373047,36.779998779296875,36.959999084472656,36.65999984741211,36.720001220703125,186367
2013-10-03,19.938060760498047,36.84000015258789,37.08000183105469,36.779998779296875,36.779998779296875,131467
2013-10-04,19.808181762695312,36.599998474121094,37.02000045776367,36.599998474121094,36.779998779296875,179383
2013-10-07,19.808181762695312,36.599998474121094,36.65999984741211,36.47999954223633,36.599998474121094,121400
2013-10-08,19.64581298828125,36.29999923706055,36.720001220703125,36.29999923706055,36.540000915527344,141150
2013-10-09,19.678302764892578,36.36000061035156,36.41999816894531,36.119998931884766,36.36000061035156,138817
2013-10-10,19.873132705688477,36.720001220703125,36.900001525878906,36.36000061035156,36.41999816894531,83283
2013-10-11,19.938060760498047,36.84000015258789,36.900001525878906,36.540000915527344,36.779998779296875,76100
2013-10-14,19.808181762695312,36.599998474121094,36.779998779296875,36.540000915527344,36.779998779296875,84200
2013-10-15,19.84065818786621,36.65999984741211,36.779998779296875,36.540000915527344,36.720001220703125,92783
2013-10-16,19.64581298828125,36.29999923706055,36.84000015258789,36.0,36.65999984741211,747017
2013-10-17,20.00302505493164,36.959999084472656,37.08000183105469,36.0,36.41999816894531,340567
2013-10-18,20.29526710510254,37.5,37.619998931884766,36.959999084472656,37.13999938964844,310533
2013-10-21,20.29526710510254,37.5,37.7400016784668,37.31999969482422,37.31999969482422,136700
2013-10-22,20.490097045898438,37.86000061035156,37.91999816894531,37.560001373291016,37.68000030517578,184317
2013-10-23,20.944713592529297,38.70000076293945,38.81999969482422,37.91999816894531,38.15999984741211,534867
2013-10-24,21.07459831237793,38.939998626708984,39.119998931884766,38.52000045776367,38.81999969482422,214333
2013-10-25,21.334381103515625,39.41999816894531,39.41999816894531,39.0,39.060001373291016,195017
2013-10-28,21.366853713989258,39.47999954223633,39.65999984741211,39.41999816894531,39.540000915527344,184667
2013-10-29,21.12201499938965,38.81999969482422,39.47999954223633,38.7599983215332,39.47999954223633,145717
2013-10-30,21.02406883239746,38.63999938964844,38.939998626708984,38.52000045776367,38.939998626708984,102017
2013-10-31,21.089370727539062,38.7599983215332,38.7599983215332,38.400001525878906,38.58000183105469,89783
2013-11-01,20.926128387451172,38.459999084472656,38.880001068115234,38.459999084472656,38.7599983215332,81100
2013-11-04,20.730262756347656,38.099998474121094,38.58000183105469,38.099998474121094,38.459999084472656,124733
2013-11-05,20.795557022094727,38.220001220703125,38.34000015258789,37.86000061035156,38.099998474121094,112600
2013-11-06,20.730262756347656,38.099998474121094,38.52000045776367,38.099998474121094,38.220001220703125,111317
2013-11-07,20.37114906311035,37.439998626708984,38.279998779296875,37.380001068115234,38.279998779296875,183900
2013-11-08,20.142620086669922,37.02000045776367,37.31999969482422,36.41999816894531,37.2599983215332,278067
2013-11-11,20.175277709960938,37.08000183105469,37.380001068115234,36.84000015258789,36.84000015258789,158700
2013-11-12,19.979400634765625,36.720001220703125,37.13999938964844,36.720001220703125,37.08000183105469,107900
2013-11-13,20.207918167114258,37.13999938964844,37.2599983215332,36.599998474121094,36.720001220703125,123667
2013-11-14,20.27321434020996,37.2599983215332,37.31999969482422,36.720001220703125,37.08000183105469,109417
2013-11-15,20.207918167114258,37.13999938964844,37.560001373291016,37.08000183105469,37.31999969482422,103783
2013-11-18,20.142620086669922,37.02000045776367,37.5,36.900001525878906,37.2599983215332,151067
2013-11-19,20.27321434020996,37.2599983215332,37.2599983215332,36.959999084472656,36.959999084472656,109883
2013-11-20,20.142620086669922,37.02000045776367,37.2599983215332,36.959999084472656,37.2599983215332,79450
2013-11-21,19.881458282470703,36.540000915527344,36.959999084472656,36.540000915527344,36.959999084472656,184700
2013-11-22,19.914104461669922,36.599998474121094,36.65999984741211,36.36000061035156,36.599998474121094,123950
2013-11-25,19.848825454711914,36.47999954223633,36.599998474121094,36.36000061035156,36.599998474121094,125950
2013-11-26,19.799560546875,36.18000030517578,36.41999816894531,36.119998931884766,36.41999816894531,146200
2013-11-27,19.766725540161133,36.119998931884766,36.2400016784668,35.939998626708984,36.119998931884766,324817
2013-11-29,19.8323974609375,36.2400016784668,36.29999923706055,36.0,36.0,47850
2013-12-02,19.7010555267334,36.0,36.29999923706055,36.0,36.18000030517578,146833
2013-12-03,19.7010555267334,36.0,36.47999954223633,36.0,36.0,118383
2013-12-04,19.47121238708496,35.58000183105469,36.0,35.34000015258789,36.0,402667
2013-12-05,19.47121238708496,35.58000183105469,35.70000076293945,35.400001525878906,35.400001525878906,118667
2013-12-06,19.372703552246094,35.400001525878906,35.63999938964844,35.400001525878906,35.58000183105469,173083
2013-12-09,19.405548095703125,35.459999084472656,35.58000183105469,35.34000015258789,35.400001525878906,204683
2013-12-10,19.47121238708496,35.58000183105469,35.70000076293945,35.459999084472656,35.52000045776367,181300
2013-12-11,19.504039764404297,35.63999938964844,35.70000076293945,35.459999084472656,35.58000183105469,256883
2013-12-12,19.43836784362793,35.52000045776367,35.58000183105469,35.279998779296875,35.52000045776367,196100
2013-12-13,19.24135971069336,35.15999984741211,35.63999938964844,35.15999984741211,35.63999938964844,155400
2013-12-16,19.208518981933594,35.099998474121094,35.459999084472656,35.099998474121094,35.099998474121094,229233
2013-12-17,19.208518981933594,35.099998474121094,35.15999984741211,34.97999954223633,35.040000915527344,191983
2013-12-18,19.24135971069336,35.15999984741211,35.220001220703125,34.79999923706055,34.97999954223633,241933
2013-12-19,19.110021591186523,34.91999816894531,35.099998474121094,34.79999923706055,34.86000061035156,298633
2013-12-20,19.17569351196289,35.040000915527344,35.15999984741211,34.79999923706055,34.79999923706055,246950
2013-12-23,19.24135971069336,35.15999984741211,35.400001525878906,34.91999816894531,35.040000915527344,254550
2013-12-24,19.43836784362793,35.52000045776367,35.58000183105469,35.099998474121094,35.099998474121094,163350
2013-12-26,19.372703552246094,35.400001525878906,35.52000045776367,35.15999984741211,35.459999084472656,272683
2013-12-27,19.12894058227539,34.91999816894531,35.279998779296875,34.79999923706055,35.279998779296875,297950
2013-12-30,19.030336380004883,34.7400016784668,34.97999954223633,34.560001373291016,34.79999923706055,459133
2013-12-31,18.931734085083008,34.560001373291016,34.97999954223633,34.5,34.97999954223633,397817
2014-01-02,19.030336380004883,34.7400016784668,34.7400016784668,34.560001373291016,34.619998931884766,137367
2014-01-03,19.16179656982422,34.97999954223633,34.97999954223633,34.619998931884766,34.7400016784668,101917
2014-01-06,19.260404586791992,35.15999984741211,35.279998779296875,34.86000061035156,35.099998474121094,161433
2014-01-07,19.32613182067871,35.279998779296875,35.34000015258789,35.099998474121094,35.099998474121094,120017
2014-01-08,19.22753143310547,35.099998474121094,35.220001220703125,35.099998474121094,35.15999984741211,101700
2014-01-09,19.260404586791992,35.15999984741211,35.279998779296875,35.040000915527344,35.099998474121094,111783
2014-01-10,19.457609176635742,35.52000045776367,35.52000045776367,35.15999984741211,35.279998779296875,164567
2014-01-13,19.65481948852539,35.880001068115234,35.880001068115234,35.52000045776367,35.52000045776367,234550
2014-01-14,19.457609176635742,35.52000045776367,35.81999969482422,35.52000045776367,35.7599983215332,328983
2014-01-15,19.523351669311523,35.63999938964844,35.7599983215332,35.400001525878906,35.52000045776367,165217
2014-01-16,19.391876220703125,35.400001525878906,35.63999938964844,35.279998779296875,35.63999938964844,137183
2014-01-17,19.32613182067871,35.279998779296875,35.459999084472656,35.15999984741211,35.459999084472656,135050
2014-01-21,19.260404586791992,35.15999984741211,35.63999938964844,35.040000915527344,35.279998779296875,270633
2014-01-22,19.621950149536133,35.81999969482422,35.81999969482422,35.099998474121094,35.15999984741211,268683
2014-01-23,19.457609176635742,35.52000045776367,35.81999969482422,35.34000015258789,35.70000076293945,147683
2014-01-24,19.096071243286133,34.86000061035156,35.400001525878906,34.86000061035156,35.400001525878906,240833
2014-01-27,19.12894058227539,34.91999816894531,35.040000915527344,34.7400016784668,34.91999816894531,154433
2014-01-28,19.12894058227539,34.91999816894531,35.099998474121094,34.7400016784668,34.86000061035156,128100
2014-01-29,18.980133056640625,34.439998626708984,34.86000061035156,34.439998626708984,34.68000030517578,167817
2014-01-30,19.07933235168457,34.619998931884766,34.79999923706055,34.5,34.619998931884766,132583
2014-01-31,19.07933235168457,34.619998931884766,34.7400016784668,34.2599983215332,34.439998626708984,127450
2014-02-03,18.980133056640625,34.439998626708984,34.68000030517578,34.31999969482422,34.5,163233
2014-02-04,19.013202667236328,34.5,34.7400016784668,34.2599983215332,34.31999969482422,162183
2014-02-05,19.376937866210938,35.15999984741211,35.15999984741211,34.5,34.560001373291016,151067
2014-02-06,19.509199142456055,35.400001525878906,35.459999084472656,35.099998474121094,35.220001220703125,134000
2014-02-07,19.608407974243164,35.58000183105469,35.939998626708984,35.34000015258789,35.400001525878906,137850
2014-02-10,19.6414737701416,35.63999938964844,35.70000076293945,35.400001525878906,35.52000045776367,117750
2014-02-11,19.6414737701416,35.63999938964844,35.7599983215332,35.58000183105469,35.63999938964844,129167
2014-02-12,19.608407974243164,35.58000183105469,35.7599983215332,35.34000015258789,35.58000183105469,275867
2014-02-13,19.509199142456055,35.400001525878906,35.70000076293945,35.099998474121094,35.58000183105469,137367
2014-02-14,19.740659713745117,35.81999969482422,35.939998626708984,35.58000183105469,35.70000076293945,254500
2014-02-18,19.93906593322754,36.18000030517578,36.18000030517578,35.7599983215332,35.7599983215332,145550
2014-02-19,19.972131729125977,36.2400016784668,36.29999923706055,36.060001373291016,36.119998931884766,186633
2014-02-20,20.00519371032715,36.29999923706055,36.41999816894531,36.119998931884766,36.41999816894531,93950
2014-02-21,19.972131729125977,36.2400016784668,36.47999954223633,36.18000030517578,36.47999954223633,95733
2014-02-24,19.93906593322754,36.18000030517578,36.29999923706055,36.0,36.29999923706055,100483
2014-02-25,19.93906593322754,36.18000030517578,36.36000061035156,36.060001373291016,36.060001373291016,99383
2014-02-26,19.75614356994629,35.63999938964844,36.060001373291016,35.63999938964844,36.060001373291016,93317
2014-02-27,19.955684661865234,36.0,36.060001373291016,35.63999938964844,35.70000076293945,71833
2014-02-28,20.121992111206055,36.29999923706055,36.29999923706055,35.81999969482422,36.0,246800
2014-03-03,20.02220916748047,36.119998931884766,36.2400016784668,35.81999969482422,36.119998931884766,124517
2014-03-04,20.088735580444336,36.2400016784668,36.36000061035156,36.0,36.18000030517578,123450
2014-03-05,20.255035400390625,36.540000915527344,36.779998779296875,36.119998931884766,36.119998931884766,192883
2014-03-06,20.255035400390625,36.540000915527344,36.720001220703125,36.47999954223633,36.599998474121094,98550
2014-03-07,20.088735580444336,36.2400016784668,36.65999984741211,36.18000030517578,36.599998474121094,108650
2014-03-10,20.02220916748047,36.119998931884766,36.47999954223633,36.0,36.47999954223633,80650
2014-03-11,19.855913162231445,35.81999969482422,36.18000030517578,35.81999969482422,36.0,87883
2014-03-12,19.822650909423828,35.7599983215332,36.060001373291016,35.70000076293945,35.70000076293945,69450
2014-03-13,19.822650909423828,35.7599983215332,36.119998931884766,35.63999938964844,35.939998626708984,150367
2014-03-14,19.789405822753906,35.70000076293945,35.939998626708984,35.70000076293945,35.7599983215332,149783
2014-03-17,19.855913162231445,35.81999969482422,36.18000030517578,35.70000076293945,35.70000076293945,162600
2014-03-18,20.121992111206055,36.29999923706055,36.29999923706055,35.81999969482422,35.81999969482422,104683
2014-03-19,19.955684661865234,36.0,36.41999816894531,36.0,36.18000030517578,104550
2014-03-20,19.93896484375,35.7599983215332,35.939998626708984,35.63999938964844,35.81999969482422,140083
2014-03-21,19.93896484375,35.7599983215332,35.880001068115234,35.70000076293945,35.81999969482422,49217
2014-03-24,19.93896484375,35.7599983215332,35.939998626708984,35.63999938964844,35.880001068115234,90150
2014-03-25,20.07278823852539,36.0,36.119998931884766,35.81999969482422,35.880001068115234,60600
2014-03-26,20.07278823852539,36.0,36.29999923706055,36.0,36.18000030517578,99483
2014-03-27,20.206605911254883,36.2400016784668,36.29999923706055,36.060001373291016,36.060001373291016,63783
2014-03-28,20.440799713134766,36.65999984741211,36.779998779296875,36.2400016784668,36.29999923706055,188767
2014-03-31,20.440799713134766,36.65999984741211,36.900001525878906,36.65999984741211,36.720001220703125,136817
2014-04-01,20.47423553466797,36.720001220703125,36.779998779296875,36.540000915527344,36.779998779296875,90867
2014-04-02,20.373876571655273,36.540000915527344,36.779998779296875,36.36000061035156,36.779998779296875,112850
2014-04-03,20.17314910888672,36.18000030517578,36.540000915527344,36.18000030517578,36.41999816894531,182533
2014-04-04,20.340425491333008,36.47999954223633,36.540000915527344,36.2400016784668,36.2400016784668,69200
2014-04-07,20.340425491333008,36.47999954223633,36.599998474121094,36.47999954223633,36.540000915527344,80883
2014-04-08,20.407337188720703,36.599998474121094,36.65999984741211,36.41999816894531,36.41999816894531,110083
2014-04-09,20.57461166381836,36.900001525878906,36.959999084472656,36.599998474121094,36.599998474121094,93767
2014-04-10,20.641511917114258,37.02000045776367,37.08000183105469,36.779998779296875,36.959999084472656,75567
2014-04-11,20.60805892944336,36.959999084472656,37.08000183105469,36.84000015258789,36.84000015258789,95567
2014-04-14,20.541152954101562,36.84000015258789,37.08000183105469,36.84000015258789,37.08000183105469,89817
2014-04-15,20.57461166381836,36.900001525878906,37.08000183105469,36.84000015258789,36.900001525878906,77817
2014-04-16,20.59414291381836,36.900001525878906,37.02000045776367,36.779998779296875,36.84000015258789,72083
2014-04-17,20.66110610961914,37.02000045776367,37.13999938964844,36.84000015258789,36.84000015258789,88017
2014-04-21,20.69460678100586,37.08000183105469,37.08000183105469,36.84000015258789,36.900001525878906,96700
2014-04-22,20.9959716796875,37.619998931884766,37.619998931884766,36.959999084472656,36.959999084472656,225383
2014-04-23,20.92900276184082,37.5,37.619998931884766,37.20000076293945,37.5,92583
2014-04-24,20.862030029296875,37.380001068115234,37.5,37.2599983215332,37.439998626708984,70483
2014-04-25,20.862030029296875,37.380001068115234,37.439998626708984,37.2599983215332,37.2599983215332,48633
2014-04-28,20.895519256591797,37.439998626708984,37.5,37.31999969482422,37.439998626708984,63183
2014-04-29,20.862030029296875,37.380001068115234,37.560001373291016,37.31999969482422,37.560001373291016,91483
2014-04-30,20.895519256591797,37.439998626708984,37.5,37.31999969482422,37.5,138967
2014-05-01,20.895519256591797,37.439998626708984,37.5,37.2599983215332,37.5,65400
2014-05-02,20.92900276184082,37.5,37.5,37.20000076293945,37.31999969482422,88750
2014-05-05,20.92900276184082,37.5,37.560001373291016,37.2599983215332,37.31999969482422,69967
2014-05-06,20.862030029296875,37.380001068115234,37.560001373291016,37.31999969482422,37.560001373291016,77167
2014-05-07,21.029462814331055,37.68000030517578,37.68000030517578,37.439998626708984,37.439998626708984,63033
2014-05-08,20.895519256591797,37.439998626708984,37.7400016784668,37.439998626708984,37.560001373291016,68217
2014-05-09,20.9959716796875,37.619998931884766,37.7400016784668,37.439998626708984,37.439998626708984,78950
2014-05-12,20.9959716796875,37.619998931884766,37.7400016784668,37.560001373291016,37.619998931884766,50367
2014-05-13,21.096424102783203,37.79999923706055,37.86000061035156,37.560001373291016,37.560001373291016,124067
2014-05-14,21.19688606262207,37.97999954223633,37.97999954223633,37.7400016784668,37.86000061035156,94300
2014-05-15,21.330846786499023,38.220001220703125,38.279998779296875,37.97999954223633,37.97999954223633,261033
2014-05-16,21.29735565185547,38.15999984741211,38.34000015258789,38.15999984741211,38.220001220703125,187150
2014-05-19,21.314180374145508,37.97999954223633,38.220001220703125,37.86000061035156,38.15999984741211,69083
2014-05-20,21.0784854888916,37.560001373291016,37.97999954223633,37.560001373291016,37.97999954223633,81167
2014-05-21,21.044822692871094,37.5,37.619998931884766,37.380001068115234,37.560001373291016,85400
2014-05-22,20.910123825073242,37.2599983215332,37.68000030517578,37.2599983215332,37.560001373291016,90767
2014-05-23,20.842788696289062,37.13999938964844,37.31999969482422,36.959999084472656,37.20000076293945,138883
2014-05-27,20.6744327545166,36.84000015258789,37.2599983215332,36.720001220703125,37.13999938964844,243367
2014-05-28,20.741777420043945,36.959999084472656,37.08000183105469,36.720001220703125,36.84000015258789,179000
2014-05-29,21.011150360107422,37.439998626708984,37.439998626708984,36.959999084472656,37.02000045776367,95717
2014-05-30,21.011150360107422,37.439998626708984,37.560001373291016,37.31999969482422,37.380001068115234,99883
2014-06-02,20.94379425048828,37.31999969482422,37.560001373291016,37.13999938964844,37.5,89950
2014-06-03,20.977468490600586,37.380001068115234,37.439998626708984,37.2599983215332,37.380001068115234,72717
2014-06-04,20.94379425048828,37.31999969482422,37.380001068115234,37.20000076293945,37.31999969482422,73783
2014-06-05,20.94379425048828,37.31999969482422,37.5,37.2599983215332,37.2599983215332,143133
2014-06-06,20.977468490600586,37.380001068115234,37.439998626708984,37.2599983215332,37.2599983215332,107717
2014-06-09,20.94379425048828,37.31999969482422,37.31999969482422,37.13999938964844,37.31999969482422,93783
2014-06-10,21.011150360107422,37.439998626708984,37.560001373291016,37.20000076293945,37.31999969482422,113717
2014-06-11,20.977468490600586,37.380001068115234,37.439998626708984,37.31999969482422,37.439998626708984,62483
2014-06-12,21.011150360107422,37.439998626708984,37.68000030517578,37.439998626708984,37.5,102633
2014-06-13,21.213172912597656,37.79999923706055,38.15999984741211,37.439998626708984,37.5,132817
2014-06-16,21.17949104309082,37.7400016784668,37.91999816894531,37.619998931884766,37.68000030517578,83200
2014-06-17,21.17949104309082,37.7400016784668,37.79999923706055,37.68000030517578,37.7400016784668,48817
2014-06-18,21.112157821655273,37.619998931884766,37.7400016784668,37.560001373291016,37.7400016784668,75650
2014-06-19,21.16551971435547,37.68000030517578,37.68000030517578,37.560001373291016,37.560001373291016,61467
2014-06-20,21.064424514770508,37.5,37.68000030517578,37.5,37.68000030517578,79583
2014-06-23,21.131813049316406,37.619998931884766,37.7400016784668,37.5,37.68000030517578,57067
2014-06-24,21.16551971435547,37.68000030517578,37.68000030517578,37.560001373291016,37.619998931884766,48650
2014-06-25,20.996997833251953,37.380001068115234,37.7400016784668,37.380001068115234,37.7400016784668,115633
2014-06-26,20.929609298706055,37.2599983215332,37.439998626708984,37.20000076293945,37.380001068115234,100583
2014-06-27,20.963314056396484,37.31999969482422,37.439998626708984,37.20000076293945,37.20000076293945,110483
2014-06-30,21.16551971435547,37.68000030517578,37.68000030517578,37.380001068115234,37.5,104250
2014-07-01,21.30032730102539,37.91999816894531,37.91999816894531,37.560001373291016,37.560001373291016,107633
2014-07-02,21.30032730102539,37.91999816894531,37.91999816894531,37.7400016784668,37.7400016784668,61100
2014-07-03,21.16551971435547,37.68000030517578,37.91999816894531,37.68000030517578,37.91999816894531,62250
2014-07-07,21.131813049316406,37.619998931884766,37.68000030517578,37.5,37.68000030517578,63683
2014-07-08,21.131813049316406,37.619998931884766,37.7400016784668,37.5,37.68000030517578,51717
2014-07-09,21.064424514770508,37.5,37.619998931884766,37.5,37.5,49033
2014-07-10,21.064424514770508,37.5,37.5,37.380001068115234,37.439998626708984,88483
2014-07-11,20.996997833251953,37.380001068115234,37.5,37.380001068115234,37.380001068115234,89800
2014-07-14,21.064424514770508,37.5,37.560001373291016,37.31999969482422,37.31999969482422,91517
2014-07-15,21.030710220336914,37.439998626708984,37.5,37.380001068115234,37.439998626708984,69517
2014-07-16,21.064424514770508,37.5,37.68000030517578,37.439998626708984,37.5,107050
2014-07-17,21.081363677978516,37.31999969482422,37.380001068115234,37.20000076293945,37.20000076293945,84550
2014-07-18,21.14914321899414,37.439998626708984,37.5,37.20000076293945,37.31999969482422,62600
2014-07-21,21.013565063476562,37.20000076293945,37.380001068115234,37.20000076293945,37.31999969482422,81067
2014-07-22,21.047470092773438,37.2599983215332,37.439998626708984,37.20000076293945,37.439998626708984,52933
2014-07-23,21.18303871154785,37.5,37.619998931884766,37.2599983215332,37.380001068115234,64200
2014-07-24,21.284711837768555,37.68000030517578,37.7400016784668,37.439998626708984,37.439998626708984,44733
2014-07-25,21.284711837768555,37.68000030517578,37.79999923706055,37.5,37.619998931884766,63833
2014-07-28,21.284711837768555,37.68000030517578,37.7400016784668,37.560001373291016,37.7400016784668,59383
2014-07-29,21.318603515625,37.7400016784668,37.86000061035156,37.68000030517578,37.7400016784668,71800
2014-07-30,21.18303871154785,37.5,37.79999923706055,37.31999969482422,37.79999923706055,76283
2014-07-31,20.674650192260742,36.599998474121094,37.380001068115234,36.599998474121094,37.380001068115234,155267
2014-08-01,20.60686683654785,36.47999954223633,36.84000015258789,36.41999816894531,36.540000915527344,146200
2014-08-04,20.60686683654785,36.47999954223633,36.599998474121094,36.41999816894531,36.41999816894531,65533
2014-08-05,20.674650192260742,36.599998474121094,36.599998474121094,36.41999816894531,36.41999816894531,77833
2014-08-06,20.674650192260742,36.599998474121094,36.65999984741211,36.36000061035156,36.599998474121094,176867
2014-08-07,20.572975158691406,36.41999816894531,36.599998474121094,36.36000061035156,36.599998474121094,118100
2014-08-08,20.674650192260742,36.599998474121094,36.65999984741211,36.36000061035156,36.540000915527344,99250
2014-08-11,20.74242401123047,36.720001220703125,36.779998779296875,36.540000915527344,36.599998474121094,68217
2014-08-12,20.708538055419922,36.65999984741211,36.65999984741211,36.540000915527344,36.65999984741211,75150
2014-08-13,20.674650192260742,36.599998474121094,36.720001220703125,36.540000915527344,36.599998474121094,97283
2014-08-14,20.674650192260742,36.599998474121094,36.779998779296875,36.540000915527344,36.65999984741211,94483
2014-08-15,20.708538055419922,36.65999984741211,36.779998779296875,36.540000915527344,36.65999984741211,174917
2014-08-18,20.708538055419922,36.65999984741211,36.65999984741211,36.540000915527344,36.65999984741211,136000
2014-08-19,20.708538055419922,36.65999984741211,36.720001220703125,36.540000915527344,36.599998474121094,246150
2014-08-20,20.759674072265625,36.540000915527344,36.599998474121094,36.41999816894531,36.47999954223633,75833
2014-08-21,20.827850341796875,36.65999984741211,36.720001220703125,36.47999954223633,36.540000915527344,74333
2014-08-22,20.827850341796875,36.65999984741211,36.65999984741211,36.599998474121094,36.599998474121094,51483
2014-08-25,20.827850341796875,36.65999984741211,36.720001220703125,36.47999954223633,36.599998474121094,118000
2014-08-26,20.827850341796875,36.65999984741211,36.720001220703125,36.47999954223633,36.540000915527344,95000
2014-08-27,20.89602279663086,36.779998779296875,36.779998779296875,36.599998474121094,36.599998474121094,72800
2014-08-28,20.89602279663086,36.779998779296875,36.779998779296875,36.599998474121094,36.65999984741211,78517
2014-08-29,20.827850341796875,36.65999984741211,36.900001525878906,36.599998474121094,36.900001525878906,128200
2014-09-02,20.86192512512207,36.720001220703125,36.84000015258789,36.47999954223633,36.47999954223633,80233
2014-09-03,20.89602279663086,36.779998779296875,36.900001525878906,36.599998474121094,36.900001525878906,128783
2014-09-04,20.86192512512207,36.720001220703125,37.13999938964844,36.65999984741211,36.959999084472656,100067
2014-09-05,20.89602279663086,36.779998779296875,36.84000015258789,36.720001220703125,36.720001220703125,61583
2014-09-08,20.827850341796875,36.65999984741211,36.84000015258789,36.599998474121094,36.720001220703125,98233
2014-09-09,20.691499710083008,36.41999816894531,36.65999984741211,36.36000061035156,36.540000915527344,106150
2014-09-10,20.555139541625977,36.18000030517578,36.41999816894531,36.18000030517578,36.36000061035156,101133
2014-09-11,20.486968994140625,36.060001373291016,36.18000030517578,36.0,36.119998931884766,103550
2014-09-12,20.282440185546875,35.70000076293945,36.18000030517578,35.70000076293945,36.0,178933
2014-09-15,20.282440185546875,35.70000076293945,37.08000183105469,35.70000076293945,37.08000183105469,133650
2014-09-16,20.452884674072266,36.0,36.0,35.70000076293945,35.70000076293945,110167
2014-09-17,20.3165225982666,35.7599983215332,36.0,35.7599983215332,36.0,95417
2014-09-18,20.2681884765625,35.63999938964844,35.70000076293945,35.58000183105469,35.63999938964844,78117
2014-09-19,20.13169288635254,35.400001525878906,35.63999938964844,35.34000015258789,35.52000045776367,143467
2014-09-22,20.02933692932129,35.220001220703125,36.0,35.099998474121094,36.0,136150
2014-09-23,20.13169288635254,35.400001525878906,35.400001525878906,34.86000061035156,34.97999954223633,127450
2014-09-24,20.199949264526367,35.52000045776367,35.58000183105469,35.400001525878906,35.400001525878906,119000
2014-09-25,20.097572326660156,35.34000015258789,35.459999084472656,35.220001220703125,35.459999084472656,106667
2014-09-26,20.02933692932129,35.220001220703125,35.52000045776367,35.15999984741211,35.52000045776367,87600
2014-09-29,19.82459831237793,34.86000061035156,35.220001220703125,34.86000061035156,35.220001220703125,92017
2014-09-30,20.13169288635254,35.400001525878906,35.400001525878906,34.97999954223633,35.099998474121094,187217
2014-10-01,20.302305221557617,35.70000076293945,35.7599983215332,35.099998474121094,35.279998779296875,253967
2014-10-02,20.234071731567383,35.58000183105469,35.7599983215332,35.52000045776367,35.70000076293945,161950
2014-10-03,20.199949264526367,35.52000045776367,35.63999938964844,35.459999084472656,35.58000183105469,64950
2014-10-06,20.13169288635254,35.400001525878906,35.63999938964844,35.400001525878906,35.52000045776367,51350
2014-10-07,19.961095809936523,35.099998474121094,35.58000183105469,35.040000915527344,35.459999084472656,90117
2014-10-08,20.234071731567383,35.58000183105469,35.58000183105469,35.220001220703125,35.220001220703125,65133
2014-10-09,20.234071731567383,35.58000183105469,35.58000183105469,35.34000015258789,35.400001525878906,77667
2014-10-10,20.02933692932129,35.220001220703125,35.52000045776367,35.099998474121094,35.400001525878906,56267
2014-10-13,19.82459831237793,34.86000061035156,35.220001220703125,34.86000061035156,35.040000915527344,100867
2014-10-14,19.6198787689209,34.5,34.91999816894531,34.380001068115234,34.86000061035156,181267
2014-10-15,19.654001235961914,34.560001373291016,34.86000061035156,34.31999969482422,34.5,188950
2014-10-16,19.756378173828125,34.7400016784668,34.91999816894531,34.380001068115234,34.380001068115234,140267
2014-10-17,19.77629280090332,34.7400016784668,34.91999816894531,34.619998931884766,34.68000030517578,91283
2014-10-20,19.878755569458008,34.91999816894531,35.15999984741211,34.79999923706055,34.86000061035156,88067
2014-10-21,20.08368682861328,35.279998779296875,35.279998779296875,34.97999954223633,34.97999954223633,79933
2014-10-22,20.08368682861328,35.279998779296875,35.400001525878906,35.220001220703125,35.34000015258789,77350
2014-10-23,20.117847442626953,35.34000015258789,35.459999084472656,35.220001220703125,35.34000015258789,82567
2014-10-24,20.186155319213867,35.459999084472656,35.459999084472656,35.15999984741211,35.220001220703125,71250
2014-10-27,20.151992797851562,35.400001525878906,35.400001525878906,35.279998779296875,35.279998779296875,53083
2014-10-28,20.220314025878906,35.52000045776367,35.58000183105469,35.279998779296875,35.279998779296875,109117
2014-10-29,20.254480361938477,35.58000183105469,35.70000076293945,35.58000183105469,35.70000076293945,102017
2014-10-30,20.186155319213867,35.459999084472656,35.7599983215332,35.459999084472656,35.63999938964844,93100
2014-10-31,20.08368682861328,35.279998779296875,35.52000045776367,35.279998779296875,35.400001525878906,109600
2014-11-03,20.015380859375,35.15999984741211,35.279998779296875,35.040000915527344,35.15999984741211,91483
2014-11-04,19.91290855407715,34.97999954223633,35.220001220703125,34.91999816894531,35.099998474121094,81217
2014-11-05,19.91290855407715,34.97999954223633,35.099998474121094,34.79999923706055,34.97999954223633,102283
2014-11-06,19.878755569458008,34.91999816894531,35.099998474121094,34.7400016784668,35.099998474121094,82067
2014-11-07,19.84459686279297,34.86000061035156,35.040000915527344,34.79999923706055,34.97999954223633,95883
2014-11-10,19.91290855407715,34.97999954223633,35.279998779296875,34.79999923706055,34.79999923706055,112233
2014-11-11,20.04953384399414,35.220001220703125,35.220001220703125,34.97999954223633,34.97999954223633,69017
2014-11-12,19.981229782104492,35.099998474121094,35.220001220703125,35.040000915527344,35.220001220703125,70300
2014-11-13,19.91290855407715,34.97999954223633,35.34000015258789,34.86000061035156,35.220001220703125,106717
2014-11-14,19.91290855407715,34.97999954223633,35.099998474121094,34.86000061035156,34.97999954223633,74250
2014-11-17,19.84459686279297,34.86000061035156,35.279998779296875,34.86000061035156,35.099998474121094,99817
2014-11-18,19.878755569458008,34.91999816894531,35.040000915527344,34.79999923706055,34.79999923706055,114283
2014-11-19,19.981229782104492,35.099998474121094,35.099998474121094,34.7400016784668,34.91999816894531,117950
2014-11-20,19.895313262939453,34.7400016784668,35.040000915527344,34.7400016784668,34.86000061035156,88017
2014-11-21,19.757875442504883,34.5,34.97999954223633,34.439998626708984,34.86000061035156,193850
2014-11-24,19.689146041870117,34.380001068115234,34.560001373291016,34.380001068115234,34.439998626708984,145533
2014-11-25,19.757875442504883,34.5,34.5,34.380001068115234,34.380001068115234,99917
2014-11-26,19.757875442504883,34.5,34.5,34.380001068115234,34.439998626708984,97333
2014-11-28,19.92967987060547,34.79999923706055,34.79999923706055,34.5,34.560001373291016,76800
2014-12-01,19.757875442504883,34.5,34.79999923706055,34.31999969482422,34.79999923706055,123083
2014-12-02,19.860960006713867,34.68000030517578,34.68000030517578,34.439998626708984,34.619998931884766,99750
2014-12-03,19.723512649536133,34.439998626708984,34.619998931884766,34.439998626708984,34.560001373291016,93233
2014-12-04,19.586071014404297,34.20000076293945,34.619998931884766,34.08000183105469,34.619998931884766,229233
2014-12-05,19.44862174987793,33.959999084472656,34.13999938964844,33.779998779296875,34.08000183105469,226450
2014-12-08,19.001920700073242,33.18000030517578,34.08000183105469,33.060001373291016,33.599998474121094,454867
2014-12-09,18.761396408081055,32.7599983215332,33.0,32.040000915527344,33.0,432517
2014-12-10,18.830106735229492,32.880001068115234,32.880001068115234,32.63999938964844,32.70000076293945,412917
2014-12-11,18.93319320678711,33.060001373291016,33.18000030517578,32.81999969482422,32.880001068115234,233550
2014-12-12,18.967559814453125,33.119998931884766,33.119998931884766,32.81999969482422,32.81999969482422,230833
2014-12-15,18.795753479003906,32.81999969482422,33.119998931884766,32.63999938964844,33.060001373291016,224083
2014-12-16,18.623945236206055,32.52000045776367,32.7599983215332,32.34000015258789,32.58000183105469,200667
2014-12-17,18.864471435546875,32.939998626708984,33.0,32.400001525878906,32.400001525878906,141767
2014-12-18,18.864471435546875,32.939998626708984,33.119998931884766,32.81999969482422,33.0,263267
2014-12-19,18.830106735229492,32.880001068115234,33.18000030517578,32.58000183105469,32.81999969482422,200533
2014-12-22,18.692655563354492,32.63999938964844,33.060001373291016,32.63999938964844,32.939998626708984,165783
2014-12-23,18.692655563354492,32.63999938964844,32.81999969482422,32.52000045776367,32.7599983215332,205533
2014-12-24,18.761396408081055,32.7599983215332,32.7599983215332,32.459999084472656,32.52000045776367,151667
2014-12-26,18.761396408081055,32.7599983215332,32.939998626708984,32.70000076293945,32.7599983215332,195583
2014-12-29,18.744096755981445,32.52000045776367,32.81999969482422,32.400001525878906,32.400001525878906,237267
2014-12-30,18.709516525268555,32.459999084472656,32.58000183105469,32.220001220703125,32.400001525878906,365100
2014-12-31,19.193679809570312,33.29999923706055,33.29999923706055,32.34000015258789,32.34000015258789,435450
2015-01-02,19.193679809570312,33.29999923706055,33.29999923706055,32.81999969482422,33.119998931884766,90350
2015-01-05,19.055343627929688,33.060001373291016,33.29999923706055,33.0,33.119998931884766,239700
2015-01-06,19.332014083862305,33.540000915527344,33.540000915527344,33.18000030517578,33.29999923706055,220100
2015-01-07,19.36659049987793,33.599998474121094,33.599998474121094,33.41999816894531,33.47999954223633,175083
2015-01-08,19.435762405395508,33.720001220703125,33.720001220703125,33.47999954223633,33.540000915527344,139783
2015-01-09,19.4703369140625,33.779998779296875,33.84000015258789,33.599998474121094,33.779998779296875,95933
2015-01-12,19.608684539794922,34.02000045776367,34.02000045776367,33.779998779296875,33.84000015258789,286700
2015-01-13,19.608684539794922,34.02000045776367,34.31999969482422,33.84000015258789,33.959999084472656,132567
2015-01-14,19.50492286682129,33.84000015258789,34.08000183105469,33.599998474121094,33.900001525878906,140050
2015-01-15,19.608684539794922,34.02000045776367,34.13999938964844,33.900001525878906,34.02000045776367,94100
2015-01-16,19.64326286315918,34.08000183105469,34.13999938964844,33.900001525878906,34.02000045776367,141717
2015-01-20,19.64326286315918,34.08000183105469,34.20000076293945,33.959999084472656,34.08000183105469,127633
2015-01-21,19.4903621673584,33.779998779296875,33.900001525878906,33.65999984741211,33.900001525878906,79867
2015-01-22,19.4903621673584,33.779998779296875,33.900001525878906,33.779998779296875,33.900001525878906,101700
2015-01-23,19.282644271850586,33.41999816894531,33.599998474121094,33.2400016784668,33.599998474121094,191417
2015-01-26,19.178796768188477,33.2400016784668,33.41999816894531,33.2400016784668,33.2400016784668,97050
2015-01-27,19.282644271850586,33.41999816894531,33.41999816894531,33.119998931884766,33.18000030517578,74633
2015-01-28,19.178796768188477,33.2400016784668,33.47999954223633,33.2400016784668,33.41999816894531,79683
2015-01-29,19.1441707611084,33.18000030517578,33.18000030517578,32.939998626708984,33.060001373291016,151217
2015-01-30,19.10956382751465,33.119998931884766,33.29999923706055,33.119998931884766,33.18000030517578,131283
2015-02-02,19.248023986816406,33.36000061035156,33.540000915527344,32.939998626708984,33.060001373291016,192233
2015-02-03,19.317262649536133,33.47999954223633,33.599998474121094,33.29999923706055,33.29999923706055,294800
2015-02-04,19.455745697021484,33.720001220703125,33.779998779296875,33.47999954223633,33.65999984741211,140833
2015-02-05,19.351884841918945,33.540000915527344,33.779998779296875,33.47999954223633,33.65999984741211,130817
2015-02-06,19.21341323852539,33.29999923706055,33.540000915527344,33.060001373291016,33.540000915527344,114017
2015-02-09,19.178796768188477,33.2400016784668,33.36000061035156,33.060001373291016,33.119998931884766,82733
2015-02-10,19.178796768188477,33.2400016784668,33.29999923706055,33.119998931884766,33.2400016784668,62900
2015-02-11,19.040311813354492,33.0,33.18000030517578,33.0,33.119998931884766,121267
2015-02-12,19.005691528320312,32.939998626708984,33.119998931884766,32.939998626708984,33.060001373291016,88350
2015-02-13,19.005691528320312,32.939998626708984,33.119998931884766,32.880001068115234,33.0,77550
2015-02-17,18.97107696533203,32.880001068115234,33.119998931884766,32.880001068115234,32.939998626708984,141583
2015-02-18,19.040311813354492,33.0,33.060001373291016,32.880001068115234,32.880001068115234,88550
2015-02-19,19.0258731842041,32.939998626708984,33.0,32.7599983215332,32.81999969482422,80367
2015-02-20,18.991222381591797,32.880001068115234,33.0,32.81999969482422,32.939998626708984,109383
2015-02-23,19.0258731842041,32.939998626708984,33.060001373291016,32.7599983215332,32.880001068115234,126633
2015-02-24,19.095190048217773,33.060001373291016,33.060001373291016,32.81999969482422,32.880001068115234,91800
2015-02-25,19.23381233215332,33.29999923706055,33.29999923706055,32.880001068115234,33.0,171117
2015-02-26,19.164493560791016,33.18000030517578,33.36000061035156,33.18000030517578,33.2400016784668,102150
2015-02-27,19.303125381469727,33.41999816894531,33.41999816894531,33.18000030517578,33.36000061035156,147583
2015-03-02,19.23381233215332,33.29999923706055,33.540000915527344,33.2400016784668,33.41999816894531,89483
2015-03-03,19.199159622192383,33.2400016784668,33.2400016784668,33.0,33.18000030517578,83600
2015-03-04,19.164493560791016,33.18000030517578,33.2400016784668,33.060001373291016,33.18000030517578,45417
2015-03-05,19.164493560791016,33.18000030517578,33.18000030517578,33.060001373291016,33.119998931884766,76083
2015-03-06,18.991222381591797,32.880001068115234,33.119998931884766,32.7599983215332,33.060001373291016,111167
2015-03-09,18.921907424926758,32.7599983215332,32.880001068115234,32.70000076293945,32.70000076293945,75700
2015-03-10,18.783292770385742,32.52000045776367,32.70000076293945,32.459999084472656,32.63999938964844,108967
2015-03-11,18.783292770385742,32.52000045776367,32.52000045776367,32.34000015258789,32.52000045776367,109617
2015-03-12,18.71396827697754,32.400001525878906,32.81999969482422,32.400001525878906,32.70000076293945,128933
2015-03-13,18.71396827697754,32.400001525878906,32.52000045776367,32.220001220703125,32.459999084472656,106367
2015-03-16,18.74863624572754,32.459999084472656,32.63999938964844,32.34000015258789,32.400001525878906,106367
2015-03-17,18.644672393798828,32.279998779296875,32.52000045776367,32.15999984741211,32.52000045776367,84300
2015-03-18,18.81793975830078,32.58000183105469,32.7599983215332,32.15999984741211,32.15999984741211,77933
2015-03-19,18.76879119873047,32.459999084472656,32.58000183105469,32.220001220703125,32.52000045776367,104000
2015-03-20,18.83818244934082,32.58000183105469,32.70000076293945,32.459999084472656,32.459999084472656,106967
2015-03-23,18.942258834838867,32.7599983215332,32.939998626708984,32.52000045776367,32.52000045776367,139500
2015-03-24,19.081026077270508,33.0,33.0,32.7599983215332,32.7599983215332,102183
2015-03-25,18.976951599121094,32.81999969482422,33.0,32.81999969482422,32.939998626708984,101000
2015-03-26,19.046335220336914,32.939998626708984,32.939998626708984,32.7599983215332,32.81999969482422,114683
2015-03-27,19.011646270751953,32.880001068115234,33.0,32.81999969482422,32.939998626708984,80000
2015-03-30,18.942258834838867,32.7599983215332,33.0,32.7599983215332,33.0,103283
2015-03-31,18.66472053527832,32.279998779296875,32.81999969482422,32.279998779296875,32.70000076293945,217150
2015-04-01,18.83818244934082,32.58000183105469,32.58000183105469,32.459999084472656,32.459999084472656,116667
2015-04-02,18.942258834838867,32.7599983215332,32.81999969482422,32.52000045776367,32.70000076293945,172150
2015-04-06,18.976951599121094,32.81999969482422,32.880001068115234,32.52000045776367,32.58000183105469,74250
2015-04-07,18.907562255859375,32.70000076293945,32.939998626708984,32.52000045776367,32.7599983215332,123183
2015-04-08,19.011646270751953,32.880001068115234,32.880001068115234,32.63999938964844,32.70000076293945,56533
2015-04-09,18.907562255859375,32.70000076293945,33.0,32.70000076293945,32.880001068115234,46300
2015-04-10,18.976951599121094,32.81999969482422,32.939998626708984,32.70000076293945,32.81999969482422,59667
2015-04-13,18.87286949157715,32.63999938964844,32.880001068115234,32.63999938964844,32.880001068115234,143433
2015-04-14,18.942258834838867,32.7599983215332,32.81999969482422,32.70000076293945,32.70000076293945,84917
2015-04-15,18.942258834838867,32.7599983215332,32.81999969482422,32.58000183105469,32.70000076293945,85650
2015-04-16,19.011646270751953,32.880001068115234,33.0,32.70000076293945,32.70000076293945,113733
2015-04-17,19.029096603393555,32.70000076293945,32.7599983215332,32.52000045776367,32.58000183105469,92383
2015-04-20,19.029096603393555,32.70000076293945,32.81999969482422,32.70000076293945,32.70000076293945,82000
2015-04-21,19.168764114379883,32.939998626708984,32.939998626708984,32.63999938964844,32.70000076293945,103017
2015-04-22,19.23860740661621,33.060001373291016,33.060001373291016,32.81999969482422,32.81999969482422,104300
2015-04-23,19.09893798828125,32.81999969482422,33.0,32.81999969482422,32.939998626708984,104883
2015-04-24,19.168764114379883,32.939998626708984,32.939998626708984,32.81999969482422,32.880001068115234,69700
2015-04-27,19.168764114379883,32.939998626708984,33.41999816894531,32.880001068115234,32.880001068115234,176533
2015-04-28,19.308420181274414,33.18000030517578,33.29999923706055,33.060001373291016,33.060001373291016,131933
2015-04-29,19.448091506958008,33.41999816894531,33.540000915527344,33.2400016784668,33.29999923706055,121150
2015-04-30,19.378252029418945,33.29999923706055,33.540000915527344,33.18000030517578,33.47999954223633,73117
2015-05-01,19.23860740661621,33.060001373291016,33.29999923706055,33.0,33.18000030517578,56900
2015-05-04,19.06401824951172,32.7599983215332,33.18000030517578,32.7599983215332,33.18000030517578,114150
2015-05-05,19.168764114379883,32.939998626708984,33.0,32.7599983215332,32.7599983215332,97000
2015-05-06,19.23860740661621,33.060001373291016,33.29999923706055,32.939998626708984,33.060001373291016,183967
2015-05-07,19.133852005004883,32.880001068115234,33.0,32.81999969482422,33.0,50733
2015-05-08,19.133852005004883,32.880001068115234,32.939998626708984,32.7599983215332,32.880001068115234,76683
2015-05-11,19.06401824951172,32.7599983215332,33.0,32.70000076293945,32.939998626708984,59500
2015-05-12,19.029096603393555,32.70000076293945,32.939998626708984,32.63999938964844,32.70000076293945,65233
2015-05-13,19.029096603393555,32.70000076293945,32.939998626708984,32.70000076293945,32.70000076293945,73467
2015-05-14,19.09893798828125,32.81999969482422,32.880001068115234,32.7599983215332,32.7599983215332,67383
2015-05-15,19.09893798828125,32.81999969482422,32.939998626708984,32.81999969482422,32.81999969482422,54100
2015-05-18,19.168764114379883,32.939998626708984,32.939998626708984,32.81999969482422,32.81999969482422,86233
2015-05-19,19.168764114379883,32.939998626708984,32.939998626708984,32.81999969482422,32.880001068115234,62433
2015-05-20,19.18633270263672,32.7599983215332,32.7599983215332,32.58000183105469,32.70000076293945,85567
2015-05-21,19.080915451049805,32.58000183105469,32.70000076293945,32.52000045776367,32.63999938964844,89517
2015-05-22,19.080915451049805,32.58000183105469,32.63999938964844,32.52000045776367,32.58000183105469,63883
2015-05-26,18.87007713317871,32.220001220703125,32.63999938964844,32.220001220703125,32.400001525878906,109300
2015-05-27,18.76466178894043,32.040000915527344,32.279998779296875,31.860000610351562,32.220001220703125,171050
2015-05-28,18.729530334472656,31.979999542236328,32.040000915527344,31.860000610351562,31.979999542236328,74017
2015-05-29,18.624107360839844,31.799999237060547,32.220001220703125,31.799999237060547,32.15999984741211,104383
2015-06-01,18.588958740234375,31.739999771118164,31.979999542236328,31.6200008392334,31.920000076293945,118033
2015-06-02,18.729530334472656,31.979999542236328,31.979999542236328,31.739999771118164,31.799999237060547,77883
2015-06-03,18.624107360839844,31.799999237060547,32.15999984741211,31.739999771118164,32.099998474121094,127850
2015-06-04,18.2726993560791,31.200000762939453,31.860000610351562,28.020000457763672,31.739999771118164,357317
2015-06-05,17.921295166015625,30.600000381469727,31.079999923706055,30.479999542236328,31.079999923706055,159033
2015-06-08,17.780744552612305,30.360000610351562,30.540000915527344,30.239999771118164,30.420000076293945,179400
2015-06-09,17.71047019958496,30.239999771118164,30.420000076293945,30.1200008392334,30.299999237060547,181633
2015-06-10,17.74560546875,30.299999237060547,30.65999984741211,30.239999771118164,30.239999771118164,146200
2015-06-11,17.780744552612305,30.360000610351562,30.540000915527344,30.239999771118164,30.299999237060547,161217
2015-06-12,17.74560546875,30.299999237060547,30.540000915527344,30.239999771118164,30.479999542236328,67900
2015-06-15,17.64018440246582,30.1200008392334,30.420000076293945,30.0,30.299999237060547,208300
2015-06-16,17.71047019958496,30.239999771118164,30.299999237060547,30.1200008392334,30.1200008392334,125933
2015-06-17,17.71047019958496,30.239999771118164,30.239999771118164,30.0,30.18000030517578,178617
2015-06-18,17.69580841064453,30.18000030517578,30.18000030517578,30.059999465942383,30.059999465942383,97500
2015-06-19,17.69580841064453,30.18000030517578,30.360000610351562,30.1200008392334,30.18000030517578,111517
2015-06-22,17.59025764465332,30.0,30.360000610351562,29.940000534057617,30.239999771118164,187967
2015-06-23,17.76616859436035,30.299999237060547,30.299999237060547,30.0,30.059999465942383,149100
2015-06-24,17.76616859436035,30.299999237060547,30.360000610351562,30.18000030517578,30.239999771118164,148283
2015-06-25,17.59025764465332,30.0,30.360000610351562,29.940000534057617,30.299999237060547,190817
2015-06-26,17.41436195373535,29.700000762939453,29.8799991607666,29.459999084472656,29.579999923706055,226567
2015-06-29,17.23845863342285,29.399999618530273,29.639999389648438,29.34000015258789,29.639999389648438,149183
2015-06-30,17.449541091918945,29.760000228881836,29.8799991607666,29.520000457763672,29.579999923706055,224417
2015-07-01,17.484716415405273,29.81999969482422,29.81999969482422,29.639999389648438,29.700000762939453,116000
2015-07-02,17.308820724487305,29.520000457763672,29.760000228881836,29.520000457763672,29.700000762939453,121467
2015-07-06,17.132923126220703,29.219999313354492,29.399999618530273,29.100000381469727,29.399999618530273,278183
2015-07-07,17.23845863342285,29.399999618530273,29.399999618530273,29.040000915527344,29.15999984741211,133817
2015-07-08,17.132923126220703,29.219999313354492,29.34000015258789,29.100000381469727,29.219999313354492,112833
2015-07-09,17.273637771606445,29.459999084472656,29.459999084472656,29.15999984741211,29.219999313354492,142383
2015-07-10,17.23845863342285,29.399999618530273,29.639999389648438,29.34000015258789,29.639999389648438,159983
2015-07-13,17.097734451293945,29.15999984741211,29.399999618530273,29.100000381469727,29.34000015258789,135483
2015-07-14,17.027381896972656,29.040000915527344,29.280000686645508,28.860000610351562,29.100000381469727,164567
2015-07-15,16.921836853027344,28.860000610351562,29.100000381469727,28.860000610351562,28.979999542236328,93983
2015-07-16,17.062562942504883,29.100000381469727,29.100000381469727,28.920000076293945,28.979999542236328,91350
2015-07-17,17.044836044311523,28.860000610351562,28.920000076293945,28.739999771118164,28.860000610351562,112233
2015-07-20,16.938520431518555,28.68000030517578,28.860000610351562,28.6200008392334,28.799999237060547,130717
2015-07-21,17.009403228759766,28.799999237060547,28.799999237060547,28.31999969482422,28.559999465942383,152533
2015-07-22,16.83221435546875,28.5,28.739999771118164,28.440000534057617,28.559999465942383,130033
2015-07-23,16.761348724365234,28.3799991607666,28.6200008392334,28.3799991607666,28.440000534057617,168933
2015-07-24,16.725906372070312,28.31999969482422,28.440000534057617,28.139999389648438,28.440000534057617,147833
2015-07-27,16.655052185058594,28.200000762939453,28.260000228881836,28.020000457763672,28.200000762939453,148700
2015-07-28,16.83221435546875,28.5,28.5,28.260000228881836,28.260000228881836,117617
2015-07-29,16.655052185058594,28.200000762939453,28.3799991607666,28.020000457763672,28.079999923706055,281767
2015-07-30,16.69047737121582,28.260000228881836,28.31999969482422,28.079999923706055,28.079999923706055,156283
2015-07-31,16.761348724365234,28.3799991607666,28.5,28.200000762939453,28.200000762939453,103333
2015-08-03,16.61960792541504,28.139999389648438,28.31999969482422,28.079999923706055,28.260000228881836,186500
2015-08-04,16.761348724365234,28.3799991607666,28.5,28.139999389648438,28.139999389648438,99917
2015-08-05,16.903099060058594,28.6200008392334,28.6200008392334,28.5,28.5,106400
2015-08-06,16.761348724365234,28.3799991607666,28.6200008392334,28.3799991607666,28.5,80200
2015-08-07,16.796789169311523,28.440000534057617,28.559999465942383,28.139999389648438,28.3799991607666,134583
2015-08-10,16.867660522460938,28.559999465942383,28.559999465942383,28.3799991607666,28.3799991607666,82667
2015-08-11,16.725906372070312,28.31999969482422,28.5,28.200000762939453,28.440000534057617,124017
2015-08-12,16.725906372070312,28.31999969482422,28.440000534057617,28.200000762939453,28.200000762939453,153400
2015-08-13,16.725906372070312,28.31999969482422,28.440000534057617,28.260000228881836,28.260000228881836,66617
2015-08-14,16.796789169311523,28.440000534057617,28.440000534057617,28.200000762939453,28.3799991607666,90267
2015-08-17,16.725906372070312,28.31999969482422,28.3799991607666,28.139999389648438,28.31999969482422,124783
2015-08-18,16.69047737121582,28.260000228881836,28.31999969482422,28.139999389648438,28.139999389648438,158767
2015-08-19,16.69047737121582,28.260000228881836,28.260000228881836,28.139999389648438,28.139999389648438,105300
2015-08-20,16.569250106811523,28.020000457763672,28.139999389648438,27.959999084472656,28.020000457763672,112883
2015-08-21,16.498292922973633,27.899999618530273,28.079999923706055,27.299999237060547,27.899999618530273,300600
2015-08-24,15.788681030273438,26.700000762939453,27.719999313354492,26.280000686645508,27.65999984741211,198500
2015-08-25,15.966094017028809,27.0,27.239999771118164,26.81999969482422,27.0,115650
2015-08-26,15.9306058883667,26.940000534057617,27.239999771118164,26.81999969482422,27.239999771118164,137517
2015-08-27,16.00157356262207,27.059999465942383,27.299999237060547,27.0,27.059999465942383,176017
2015-08-28,16.00157356262207,27.059999465942383,27.18000030517578,27.0,27.059999465942383,62267
2015-08-31,15.966094017028809,27.0,27.18000030517578,27.0,27.1200008392334,142400
2015-09-01,15.9306058883667,26.940000534057617,27.0,26.760000228881836,26.940000534057617,144100
2015-09-02,16.037044525146484,27.1200008392334,27.18000030517578,26.8799991607666,27.0,135583
2015-09-03,16.07252311706543,27.18000030517578,27.299999237060547,27.1200008392334,27.239999771118164,120983
2015-09-04,15.966094017028809,27.0,27.18000030517578,26.81999969482422,27.1200008392334,123200
2015-09-08,16.10800552368164,27.239999771118164,27.360000610351562,26.940000534057617,26.940000534057617,122683
2015-09-09,16.10800552368164,27.239999771118164,27.299999237060547,27.1200008392334,27.239999771118164,74733
2015-09-10,15.966094017028809,27.0,27.1200008392334,26.760000228881836,27.059999465942383,161367
2015-09-11,15.9306058883667,26.940000534057617,27.0,26.760000228881836,26.8799991607666,107217
2015-09-14,15.895124435424805,26.8799991607666,27.1200008392334,26.8799991607666,27.0,92083
2015-09-15,15.895124435424805,26.8799991607666,26.940000534057617,26.760000228881836,26.8799991607666,100217
2015-09-16,15.966094017028809,27.0,27.1200008392334,26.8799991607666,26.8799991607666,91767
2015-09-17,16.057863235473633,27.1200008392334,27.1200008392334,26.579999923706055,26.940000534057617,125417
2015-09-18,16.0933895111084,27.18000030517578,27.239999771118164,27.059999465942383,27.1200008392334,91200
2015-09-21,16.022335052490234,27.059999465942383,27.299999237060547,27.059999465942383,27.18000030517578,128883
2015-09-22,15.951288223266602,26.940000534057617,27.059999465942383,26.8799991607666,26.940000534057617,66617
2015-09-23,15.986815452575684,27.0,27.1200008392334,27.0,27.059999465942383,75867
2015-09-24,15.951288223266602,26.940000534057617,27.0,26.81999969482422,27.0,101150
2015-09-25,16.022335052490234,27.059999465942383,27.1200008392334,26.940000534057617,26.940000534057617,125883
2015-09-28,15.880232810974121,26.81999969482422,27.18000030517578,26.700000762939453,27.1200008392334,99350
2015-09-29,15.84470272064209,26.760000228881836,26.8799991607666,26.639999389648438,26.81999969482422,142333
2015-09-30,15.986815452575684,27.0,27.0,26.760000228881836,26.8799991607666,181800
2015-10-01,15.986815452575684,27.0,27.0,26.760000228881836,27.0,129167
2015-10-02,16.022335052490234,27.059999465942383,27.059999465942383,26.760000228881836,26.81999969482422,53483
2015-10-05,16.057863235473633,27.1200008392334,27.1200008392334,26.940000534057617,26.940000534057617,82100
2015-10-06,16.1289119720459,27.239999771118164,27.239999771118164,27.1200008392334,27.18000030517578,63217
2015-10-07,16.23549461364746,27.420000076293945,27.600000381469727,27.239999771118164,27.299999237060547,149767
2015-10-08,16.413124084472656,27.719999313354492,27.780000686645508,27.299999237060547,27.420000076293945,115983
2015-10-09,16.69734001159668,28.200000762939453,28.260000228881836,27.719999313354492,27.780000686645508,169400
2015-10-12,16.87496566772461,28.5,28.5,28.079999923706055,28.260000228881836,164200
2015-10-13,16.62628746032715,28.079999923706055,28.5,28.079999923706055,28.440000534057617,295417
2015-10-14,16.590761184692383,28.020000457763672,28.200000762939453,27.959999084472656,28.079999923706055,176367
2015-10-15,16.803918838500977,28.3799991607666,28.3799991607666,28.139999389648438,28.200000762939453,160267
2015-10-16,16.839441299438477,28.440000534057617,28.5,28.200000762939453,28.440000534057617,95233
2015-10-19,16.717918395996094,28.200000762939453,28.260000228881836,28.079999923706055,28.200000762939453,108417
2015-10-20,16.717918395996094,28.200000762939453,28.31999969482422,28.139999389648438,28.260000228881836,76833
2015-10-21,16.789047241210938,28.31999969482422,28.31999969482422,28.200000762939453,28.31999969482422,87300
2015-10-22,16.824621200561523,28.3799991607666,28.3799991607666,28.139999389648438,28.260000228881836,82217
2015-10-23,16.86018943786621,28.440000534057617,28.6200008392334,28.260000228881836,28.3799991607666,110333
2015-10-26,17.109188079833984,28.860000610351562,28.860000610351562,28.5,28.5,117650
2015-10-27,16.96689796447754,28.6200008392334,28.920000076293945,28.6200008392334,28.799999237060547,80933
2015-10-28,17.073604583740234,28.799999237060547,28.920000076293945,28.6200008392334,28.799999237060547,123117
2015-10-29,17.038040161132812,28.739999771118164,28.860000610351562,28.68000030517578,28.799999237060547,66400
2015-10-30,16.8957576751709,28.5,28.799999237060547,28.440000534057617,28.739999771118164,103633
2015-11-02,16.8957576751709,28.5,28.6200008392334,28.3799991607666,28.440000534057617,77517
2015-11-03,16.824621200561523,28.3799991607666,28.6200008392334,28.3799991607666,28.559999465942383,76767
2015-11-04,16.646766662597656,28.079999923706055,28.440000534057617,28.020000457763672,28.3799991607666,168067
2015-11-05,16.575624465942383,27.959999084472656,28.139999389648438,27.899999618530273,28.079999923706055,84617
2015-11-06,16.397783279418945,27.65999984741211,27.959999084472656,27.479999542236328,27.84000015258789,139133
2015-11-09,16.184362411499023,27.299999237060547,27.65999984741211,27.239999771118164,27.65999984741211,127400
2015-11-10,16.077648162841797,27.1200008392334,27.360000610351562,27.1200008392334,27.18000030517578,103983
2015-11-11,16.006513595581055,27.0,27.360000610351562,27.0,27.18000030517578,129133
2015-11-12,15.970939636230469,26.940000534057617,27.299999237060547,26.81999969482422,27.059999465942383,236250
2015-11-13,15.970939636230469,26.940000534057617,27.059999465942383,26.8799991607666,26.8799991607666,100383
2015-11-16,16.042083740234375,27.059999465942383,27.18000030517578,26.8799991607666,26.8799991607666,153117
2015-11-17,16.042083740234375,27.059999465942383,27.299999237060547,27.0,27.059999465942383,88550
2015-11-18,15.970939636230469,26.940000534057617,27.1200008392334,26.8799991607666,27.0,119683
2015-11-19,16.09641456604004,26.940000534057617,27.18000030517578,26.8799991607666,26.940000534057617,167383
2015-11-20,16.09641456604004,26.940000534057617,27.18000030517578,26.8799991607666,27.0,136417
2015-11-23,16.060558319091797,26.8799991607666,27.0,26.8799991607666,26.940000534057617,121417
2015-11-24,16.132266998291016,27.0,27.059999465942383,26.81999969482422,26.8799991607666,350117
2015-11-25,16.239805221557617,27.18000030517578,27.299999237060547,26.940000534057617,26.940000534057617,131183
2015-11-27,16.20395851135254,27.1200008392334,27.239999771118164,27.1200008392334,27.18000030517578,40867
2015-11-30,16.132266998291016,27.0,27.299999237060547,27.0,27.299999237060547,143200
2015-12-01,16.38321304321289,27.420000076293945,27.420000076293945,27.059999465942383,27.059999465942383,202767
2015-12-02,16.275667190551758,27.239999771118164,27.540000915527344,27.239999771118164,27.420000076293945,142183
2015-12-03,16.38321304321289,27.420000076293945,27.479999542236328,27.18000030517578,27.18000030517578,97733
2015-12-04,16.38321304321289,27.420000076293945,27.600000381469727,27.420000076293945,27.479999542236328,91367
2015-12-07,16.060558319091797,26.8799991607666,27.420000076293945,26.8799991607666,27.299999237060547,166483
2015-12-08,16.132266998291016,27.0,27.059999465942383,26.520000457763672,26.8799991607666,144033
2015-12-09,16.132266998291016,27.0,27.360000610351562,27.0,27.1200008392334,86550
2015-12-10,16.132266998291016,27.0,27.18000030517578,27.0,27.1200008392334,130683
2015-12-11,15.845474243164062,26.520000457763672,27.0,26.520000457763672,26.940000534057617,176933
2015-12-14,15.77376937866211,26.399999618530273,26.760000228881836,26.100000381469727,26.520000457763672,296267
2015-12-15,16.02471923828125,26.81999969482422,26.81999969482422,26.399999618530273,26.399999618530273,155900
2015-12-16,16.060558319091797,26.8799991607666,27.0,26.760000228881836,26.81999969482422,269300
2015-12-17,16.16811752319336,27.059999465942383,27.18000030517578,26.8799991607666,26.8799991607666,276117
2015-12-18,16.239805221557617,27.18000030517578,27.299999237060547,27.0,27.1200008392334,224450
2015-12-21,16.38321304321289,27.420000076293945,27.479999542236328,27.1200008392334,27.1200008392334,150767
2015-12-22,16.419055938720703,27.479999542236328,27.540000915527344,27.299999237060547,27.360000610351562,209767
2015-12-23,16.562454223632812,27.719999313354492,27.780000686645508,27.479999542236328,27.479999542236328,158450
2015-12-24,16.63416290283203,27.84000015258789,27.899999618530273,27.719999313354492,27.719999313354492,40717
2015-12-28,16.490758895874023,27.600000381469727,27.780000686645508,27.540000915527344,27.719999313354492,135167
2015-12-29,16.404008865356445,27.420000076293945,27.600000381469727,27.360000610351562,27.540000915527344,195933
2015-12-30,16.404008865356445,27.420000076293945,27.540000915527344,27.299999237060547,27.420000076293945,245233
2015-12-31,16.404008865356445,27.420000076293945,27.600000381469727,27.299999237060547,27.360000610351562,185200
2016-01-04,16.51169776916504,27.600000381469727,27.600000381469727,27.1200008392334,27.239999771118164,180700
2016-01-05,16.583484649658203,27.719999313354492,27.780000686645508,27.420000076293945,27.540000915527344,167983
2016-01-06,16.51169776916504,27.600000381469727,27.719999313354492,27.360000610351562,27.540000915527344,147567
2016-01-07,16.368112564086914,27.360000610351562,27.84000015258789,27.1200008392334,27.299999237060547,203950
2016-01-08,16.045061111450195,26.81999969482422,27.360000610351562,26.760000228881836,27.299999237060547,140850
2016-01-11,16.045061111450195,26.81999969482422,27.1200008392334,26.760000228881836,27.1200008392334,137467
2016-01-12,16.009174346923828,26.760000228881836,27.239999771118164,26.700000762939453,27.1200008392334,143017
2016-01-13,15.865588188171387,26.520000457763672,26.8799991607666,26.459999084472656,26.81999969482422,151783
2016-01-14,15.901480674743652,26.579999923706055,26.700000762939453,26.280000686645508,26.579999923706055,173583
2016-01-15,15.72200870513916,26.280000686645508,26.579999923706055,26.040000915527344,26.459999084472656,198450
2016-01-19,15.563261032104492,25.979999542236328,26.399999618530273,25.920000076293945,26.399999618530273,218350
2016-01-20,15.34760570526123,25.6200008392334,25.979999542236328,25.31999969482422,25.799999237060547,267333
2016-01-21,15.635149002075195,26.100000381469727,26.100000381469727,25.559999465942383,25.6200008392334,142050
2016-01-22,15.814859390258789,26.399999618530273,26.459999084472656,26.100000381469727,26.280000686645508,137483
2016-01-25,15.814859390258789,26.399999618530273,26.579999923706055,26.399999618530273,26.520000457763672,111700
2016-01-26,15.814859390258789,26.399999618530273,26.459999084472656,26.219999313354492,26.280000686645508,108517
2016-01-27,15.922685623168945,26.579999923706055,26.639999389648438,26.15999984741211,26.459999084472656,111750
2016-01-28,15.99458122253418,26.700000762939453,26.8799991607666,26.639999389648438,26.81999969482422,96050
2016-01-29,16.030529022216797,26.760000228881836,26.940000534057617,26.760000228881836,26.760000228881836,123150
2016-02-01,16.24617576599121,27.1200008392334,27.1200008392334,26.639999389648438,26.760000228881836,170167
2016-02-02,16.138343811035156,26.940000534057617,27.1200008392334,26.81999969482422,26.940000534057617,118767
2016-02-03,16.318052291870117,27.239999771118164,27.299999237060547,26.8799991607666,27.059999465942383,81800
2016-02-04,16.354000091552734,27.299999237060547,27.600000381469727,27.18000030517578,27.299999237060547,96617
2016-02-05,16.282114028930664,27.18000030517578,27.65999984741211,27.1200008392334,27.479999542236328,146350
2016-02-08,16.174287796020508,27.0,27.1200008392334,26.760000228881836,26.940000534057617,126617
2016-02-09,16.102407455444336,26.8799991607666,27.18000030517578,26.700000762939453,26.8799991607666,136483
2016-02-10,16.102407455444336,26.8799991607666,27.239999771118164,26.8799991607666,26.940000534057617,93117
2016-02-11,16.066463470458984,26.81999969482422,27.1200008392334,26.760000228881836,26.760000228881836,138567
2016-02-12,16.174287796020508,27.0,27.1200008392334,26.8799991607666,27.0,221983
2016-02-16,16.123302459716797,26.8799991607666,27.059999465942383,26.81999969482422,27.059999465942383,284750
2016-02-17,16.195289611816406,27.0,27.0,26.8799991607666,27.0,70417
2016-02-18,16.267261505126953,27.1200008392334,27.18000030517578,26.940000534057617,27.0,48467
2016-02-19,16.23126792907715,27.059999465942383,27.059999465942383,26.940000534057617,27.0,60217
2016-02-22,16.44721031188965,27.420000076293945,27.479999542236328,27.18000030517578,27.18000030517578,86567
2016-02-23,16.37523651123047,27.299999237060547,27.420000076293945,27.059999465942383,27.420000076293945,103150
2016-02-24,16.483198165893555,27.479999542236328,27.540000915527344,27.059999465942383,27.239999771118164,77600
2016-02-25,16.555177688598633,27.600000381469727,27.719999313354492,27.420000076293945,27.600000381469727,140767
2016-02-26,16.51919174194336,27.540000915527344,27.899999618530273,27.360000610351562,27.65999984741211,267283
2016-02-29,16.51919174194336,27.540000915527344,27.65999984741211,27.299999237060547,27.600000381469727,111067
2016-03-01,16.591167449951172,27.65999984741211,27.719999313354492,27.479999542236328,27.65999984741211,164783
2016-03-02,16.69912338256836,27.84000015258789,27.899999618530273,27.479999542236328,27.600000381469727,127050
2016-03-03,16.879070281982422,28.139999389648438,28.260000228881836,27.780000686645508,27.780000686645508,179083
2016-03-04,17.238977432250977,28.739999771118164,28.799999237060547,28.200000762939453,28.260000228881836,249967
2016-03-07,17.310962677001953,28.860000610351562,28.979999542236328,28.5,28.739999771118164,127583
2016-03-08,17.238977432250977,28.739999771118164,28.979999542236328,28.5,28.979999542236328,81650
2016-03-09,17.45491600036621,29.100000381469727,29.34000015258789,28.68000030517578,28.739999771118164,108417
2016-03-10,17.418928146362305,29.040000915527344,29.15999984741211,28.920000076293945,29.100000381469727,149450
2016-03-11,17.526899337768555,29.219999313354492,29.34000015258789,29.040000915527344,29.15999984741211,217183
2016-03-14,17.45491600036621,29.100000381469727,29.399999618530273,29.040000915527344,29.100000381469727,231133
2016-03-15,17.418928146362305,29.040000915527344,29.100000381469727,28.979999542236328,29.040000915527344,67867
2016-03-16,17.331851959228516,28.860000610351562,28.920000076293945,28.68000030517578,28.68000030517578,232100
2016-03-17,17.692174911499023,29.459999084472656,29.520000457763672,28.920000076293945,28.920000076293945,213533
2016-03-18,17.94440269470215,29.8799991607666,29.8799991607666,29.280000686645508,29.34000015258789,195567
2016-03-21,17.94440269470215,29.8799991607666,29.8799991607666,29.639999389648438,29.8799991607666,135350
2016-03-22,18.016469955444336,30.0,30.1200008392334,29.81999969482422,29.940000534057617,234250
2016-03-23,17.692174911499023,29.459999084472656,30.0,29.459999084472656,29.8799991607666,108500
2016-03-24,17.475975036621094,29.100000381469727,29.219999313354492,29.040000915527344,29.219999313354492,90133
2016-03-28,17.475975036621094,29.100000381469727,29.399999618530273,29.100000381469727,29.34000015258789,127400
2016-03-29,17.76424217224121,29.579999923706055,29.579999923706055,29.100000381469727,29.219999313354492,91533
2016-03-30,17.98043441772461,29.940000534057617,29.940000534057617,29.639999389648438,29.760000228881836,106700
2016-03-31,18.016469955444336,30.0,30.299999237060547,29.81999969482422,29.81999969482422,162550
2016-04-01,17.98043441772461,29.940000534057617,30.18000030517578,28.799999237060547,30.059999465942383,135800
2016-04-04,17.656137466430664,29.399999618530273,29.940000534057617,29.34000015258789,29.8799991607666,111033
2016-04-05,17.656137466430664,29.399999618530273,29.399999618530273,29.219999313354492,29.280000686645508,74450
2016-04-06,17.836315155029297,29.700000762939453,29.700000762939453,29.399999618530273,29.520000457763672,61933
2016-04-07,17.872339248657227,29.760000228881836,29.81999969482422,29.639999389648438,29.760000228881836,95800
2016-04-08,17.94440269470215,29.8799991607666,29.940000534057617,29.760000228881836,29.760000228881836,117067
2016-04-11,18.016469955444336,30.0,30.1200008392334,29.940000534057617,30.1200008392334,83567
2016-04-12,18.196638107299805,30.299999237060547,30.360000610351562,30.0,30.18000030517578,100583
2016-04-13,18.268705368041992,30.420000076293945,30.479999542236328,30.1200008392334,30.420000076293945,251683
2016-04-14,17.94440269470215,29.8799991607666,30.479999542236328,29.81999969482422,30.299999237060547,159583
2016-04-15,18.08854103088379,30.1200008392334,30.1200008392334,29.81999969482422,29.81999969482422,102267
2016-04-18,18.17925453186035,30.059999465942383,30.1200008392334,29.940000534057617,30.0,99183
2016-04-19,18.288116455078125,30.239999771118164,30.239999771118164,29.940000534057617,30.059999465942383,128100
2016-04-20,18.25182342529297,30.18000030517578,30.239999771118164,30.0,30.1200008392334,75000
2016-04-21,18.288116455078125,30.239999771118164,30.299999237060547,30.18000030517578,30.239999771118164,132850
2016-04-22,18.25182342529297,30.18000030517578,30.360000610351562,30.1200008392334,30.299999237060547,102383
2016-04-25,18.25182342529297,30.18000030517578,30.239999771118164,30.059999465942383,30.059999465942383,94700
2016-04-26,18.324392318725586,30.299999237060547,30.299999237060547,30.1200008392334,30.239999771118164,147517
2016-04-27,18.324392318725586,30.299999237060547,30.360000610351562,30.18000030517578,30.239999771118164,164383
2016-04-28,18.288116455078125,30.239999771118164,30.360000610351562,30.18000030517578,30.299999237060547,122367
2016-04-29,18.288116455078125,30.239999771118164,30.360000610351562,30.18000030517578,30.299999237060547,142117
2016-05-02,18.288116455078125,30.239999771118164,30.360000610351562,30.239999771118164,30.239999771118164,73600
2016-05-03,18.07038688659668,29.8799991607666,30.299999237060547,29.81999969482422,30.1200008392334,285217
2016-05-04,17.816402435302734,29.459999084472656,30.0,29.459999084472656,29.700000762939453,120483
2016-05-05,17.780107498168945,29.399999618530273,29.639999389648438,29.399999618530273,29.459999084472656,102000
2016-05-06,17.852684020996094,29.520000457763672,29.760000228881836,29.399999618530273,29.399999618530273,80150
2016-05-09,17.88896369934082,29.579999923706055,29.760000228881836,29.459999084472656,29.520000457763672,177183
2016-05-10,18.034107208251953,29.81999969482422,29.81999969482422,29.520000457763672,29.700000762939453,90450
2016-05-11,18.034107208251953,29.81999969482422,29.940000534057617,29.579999923706055,29.8799991607666,111783
2016-05-12,17.780107498168945,29.399999618530273,29.81999969482422,29.399999618530273,29.760000228881836,100983
2016-05-13,17.852684020996094,29.520000457763672,29.520000457763672,29.219999313354492,29.399999618530273,106633
2016-05-16,17.925254821777344,29.639999389648438,29.8799991607666,29.459999084472656,29.459999084472656,148967
2016-05-17,17.91010856628418,29.579999923706055,29.639999389648438,29.459999084472656,29.459999084472656,70533
2016-05-18,17.801124572753906,29.399999618530273,29.760000228881836,29.34000015258789,29.459999084472656,103583
2016-05-19,17.61948585510254,29.100000381469727,29.399999618530273,28.979999542236328,29.280000686645508,77067
2016-05-20,17.764801025390625,29.34000015258789,29.399999618530273,29.100000381469727,29.100000381469727,74833
2016-05-23,17.583152770996094,29.040000915527344,29.520000457763672,28.979999542236328,29.34000015258789,91417
2016-05-24,17.47416877746582,28.860000610351562,29.15999984741211,28.799999237060547,29.040000915527344,115800
2016-05-25,17.43783950805664,28.799999237060547,29.040000915527344,28.68000030517578,28.860000610351562,218167
2016-05-26,17.583152770996094,29.040000915527344,29.040000915527344,28.799999237060547,28.799999237060547,132100
2016-05-27,17.692140579223633,29.219999313354492,29.399999618530273,29.100000381469727,29.219999313354492,89950
2016-05-31,17.61948585510254,29.100000381469727,29.459999084472656,29.100000381469727,29.399999618530273,89333
2016-06-01,17.692140579223633,29.219999313354492,29.399999618530273,29.040000915527344,29.100000381469727,163833
2016-06-02,18.01909828186035,29.760000228881836,29.81999969482422,29.100000381469727,29.15999984741211,121767
2016-06-03,18.128087997436523,29.940000534057617,29.940000534057617,29.520000457763672,29.579999923706055,90917
2016-06-06,18.27340316772461,30.18000030517578,30.239999771118164,29.940000534057617,30.0,80350
2016-06-07,18.34606170654297,30.299999237060547,30.299999237060547,30.18000030517578,30.239999771118164,73417
2016-06-08,18.309734344482422,30.239999771118164,30.360000610351562,30.18000030517578,30.299999237060547,76400
2016-06-09,18.27340316772461,30.18000030517578,30.299999237060547,30.059999465942383,30.1200008392334,88983
2016-06-10,18.34606170654297,30.299999237060547,30.299999237060547,30.1200008392334,30.1200008392334,46783
2016-06-13,18.164419174194336,30.0,30.299999237060547,30.0,30.239999771118164,56417
2016-06-14,18.27340316772461,30.18000030517578,30.18000030517578,29.940000534057617,29.940000534057617,81683
2016-06-15,18.418720245361328,30.420000076293945,30.420000076293945,30.18000030517578,30.239999771118164,100950
2016-06-16,18.18534278869629,30.0,30.239999771118164,29.940000534057617,30.239999771118164,71317
2016-06-17,18.112586975097656,29.8799991607666,30.059999465942383,29.8799991607666,30.0,59900
2016-06-20,18.36719512939453,30.299999237060547,30.360000610351562,30.0,30.059999465942383,103217
2016-06-21,18.4399356842041,30.420000076293945,30.420000076293945,30.059999465942383,30.239999771118164,91217
2016-06-22,18.403560638427734,30.360000610351562,30.540000915527344,30.299999237060547,30.420000076293945,65467
2016-06-23,18.36719512939453,30.299999237060547,30.540000915527344,30.239999771118164,30.479999542236328,138500
2016-06-24,18.07622528076172,29.81999969482422,30.360000610351562,29.459999084472656,29.459999084472656,189683
2016-06-27,18.00349235534668,29.700000762939453,30.059999465942383,29.700000762939453,30.0,145783
2016-06-28,18.221702575683594,30.059999465942383,30.18000030517578,29.760000228881836,29.760000228881836,127933
2016-06-29,18.258092880249023,30.1200008392334,30.239999771118164,30.0,30.239999771118164,95400
2016-06-30,18.221702575683594,30.059999465942383,30.18000030517578,30.059999465942383,30.1200008392334,120283
2016-07-01,18.36719512939453,30.299999237060547,30.360000610351562,30.059999465942383,30.18000030517578,89450
2016-07-05,18.403560638427734,30.360000610351562,30.420000076293945,30.299999237060547,30.360000610351562,78217
2016-07-06,18.585411071777344,30.65999984741211,30.65999984741211,30.360000610351562,30.360000610351562,65317
2016-07-07,18.767269134521484,30.959999084472656,30.959999084472656,30.719999313354492,30.719999313354492,65583
2016-07-08,18.69453239440918,30.84000015258789,31.020000457763672,30.600000381469727,30.959999084472656,134100
2016-07-11,18.73090171813965,30.899999618530273,30.899999618530273,30.780000686645508,30.84000015258789,74633
2016-07-12,18.803646087646484,31.020000457763672,31.020000457763672,30.780000686645508,30.84000015258789,116500
2016-07-13,18.621789932250977,30.719999313354492,31.020000457763672,30.479999542236328,30.479999542236328,128517
2016-07-14,18.840017318725586,31.079999923706055,31.079999923706055,30.719999313354492,30.719999313354492,109267
2016-07-15,18.840017318725586,31.079999923706055,31.139999389648438,30.780000686645508,30.899999618530273,94700
2016-07-18,18.98550033569336,31.31999969482422,31.31999969482422,30.959999084472656,31.079999923706055,108483
2016-07-19,18.93057632446289,31.020000457763672,31.139999389648438,30.899999618530273,31.020000457763672,71800
2016-07-20,19.1502628326416,31.3799991607666,31.3799991607666,30.959999084472656,30.959999084472656,107367
2016-07-21,19.040414810180664,31.200000762939453,31.440000534057617,30.959999084472656,31.440000534057617,85450
2016-07-22,19.11365509033203,31.31999969482422,31.31999969482422,31.079999923706055,31.200000762939453,64400
2016-07-25,19.003801345825195,31.139999389648438,31.31999969482422,30.959999084472656,31.260000228881836,68417
2016-07-26,19.003801345825195,31.139999389648438,31.200000762939453,30.959999084472656,31.139999389648438,71950
2016-07-27,19.11365509033203,31.31999969482422,31.3799991607666,31.139999389648438,31.139999389648438,93233
2016-07-28,19.1502628326416,31.3799991607666,31.440000534057617,31.020000457763672,31.3799991607666,106800
2016-07-29,19.18688201904297,31.440000534057617,31.68000030517578,31.3799991607666,31.5,162317
2016-08-01,19.1502628326416,31.3799991607666,31.68000030517578,31.3799991607666,31.6200008392334,108467
2016-08-02,19.11365509033203,31.31999969482422,31.5,31.31999969482422,31.31999969482422,83967
2016-08-03,19.077030181884766,31.260000228881836,31.5,31.139999389648438,31.3799991607666,116367
2016-08-04,19.1502628326416,31.3799991607666,31.559999465942383,31.200000762939453,31.440000534057617,72700
2016-08-05,19.1502628326416,31.3799991607666,31.440000534057617,31.200000762939453,31.260000228881836,79983
2016-08-08,19.223493576049805,31.5,31.6200008392334,31.440000534057617,31.5,126450
2016-08-09,19.223493576049805,31.5,31.559999465942383,31.440000534057617,31.440000534057617,81750
2016-08-10,19.18688201904297,31.440000534057617,31.6200008392334,31.3799991607666,31.6200008392334,88267
2016-08-11,19.333345413208008,31.68000030517578,31.739999771118164,31.5,31.559999465942383,100133
2016-08-12,19.369966506958008,31.739999771118164,31.920000076293945,31.68000030517578,31.739999771118164,98300
2016-08-15,19.479806900024414,31.920000076293945,31.979999542236328,31.739999771118164,31.799999237060547,86767
2016-08-16,19.571950912475586,31.860000610351562,31.920000076293945,31.559999465942383,31.920000076293945,95900
2016-08-17,19.498239517211914,31.739999771118164,32.040000915527344,31.68000030517578,31.979999542236328,72367
2016-08-18,19.608814239501953,31.920000076293945,32.040000915527344,31.799999237060547,31.860000610351562,79700
2016-08-19,19.571950912475586,31.860000610351562,31.860000610351562,31.68000030517578,31.739999771118164,60700
2016-08-22,19.498239517211914,31.739999771118164,31.860000610351562,31.739999771118164,31.860000610351562,32683
2016-08-23,19.498239517211914,31.739999771118164,32.040000915527344,31.739999771118164,31.920000076293945,93150
2016-08-24,19.387670516967773,31.559999465942383,31.979999542236328,31.5,31.799999237060547,78000
2016-08-25,19.277090072631836,31.3799991607666,31.6200008392334,31.31999969482422,31.5,61117
2016-08-26,19.498239517211914,31.739999771118164,31.920000076293945,31.3799991607666,31.6200008392334,154967
2016-08-29,19.461381912231445,31.68000030517578,31.920000076293945,31.68000030517578,31.739999771118164,72983
2016-08-30,19.53510284423828,31.799999237060547,31.860000610351562,31.559999465942383,31.559999465942383,68217
2016-08-31,19.498239517211914,31.739999771118164,33.29999923706055,31.68000030517578,33.29999923706055,56167
2016-09-01,19.313949584960938,31.440000534057617,31.799999237060547,31.3799991607666,31.68000030517578,54783
2016-09-02,19.240238189697266,31.31999969482422,31.739999771118164,31.31999969482422,31.6200008392334,78767
2016-09-06,19.277090072631836,31.3799991607666,31.68000030517578,31.3799991607666,31.559999465942383,96467
2016-09-07,19.387670516967773,31.559999465942383,31.799999237060547,31.3799991607666,31.3799991607666,62200
2016-09-08,19.350811004638672,31.5,31.860000610351562,29.639999389648438,29.639999389648438,141583
2016-09-09,18.982221603393555,30.899999618530273,31.5,30.719999313354492,31.3799991607666,168000
2016-09-12,19.019075393676758,30.959999084472656,31.5,30.780000686645508,31.5,93217
2016-09-13,18.466197967529297,30.059999465942383,30.84000015258789,29.940000534057617,30.84000015258789,191517
2016-09-14,18.466197967529297,30.059999465942383,30.420000076293945,30.059999465942383,30.059999465942383,119417
2016-09-15,18.576772689819336,30.239999771118164,30.299999237060547,30.0,30.059999465942383,117783
2016-09-16,18.466197967529297,30.059999465942383,30.540000915527344,30.0,30.540000915527344,57100
2016-09-19,18.413923263549805,29.940000534057617,30.239999771118164,29.940000534057617,30.0,106900
2016-09-20,18.52462387084961,30.1200008392334,30.1200008392334,30.0,30.1200008392334,60183
2016-09-21,18.709135055541992,30.420000076293945,30.420000076293945,30.18000030517578,30.18000030517578,79000
2016-09-22,18.819833755493164,30.600000381469727,30.65999984741211,30.420000076293945,30.600000381469727,128050
2016-09-23,18.782936096191406,30.540000915527344,31.559999465942383,30.540000915527344,31.559999465942383,101700
2016-09-26,18.598424911499023,30.239999771118164,30.540000915527344,30.239999771118164,30.420000076293945,110183
2016-09-27,18.85673713684082,30.65999984741211,30.65999984741211,30.0,30.0,94817
2016-09-28,19.078153610229492,31.020000457763672,31.5,30.540000915527344,31.5,144333
2016-09-29,18.967451095581055,30.84000015258789,31.139999389648438,30.65999984741211,31.139999389648438,89033
2016-09-30,18.893640518188477,30.719999313354492,30.959999084472656,30.65999984741211,30.780000686645508,123333
2016-10-03,18.9305477142334,30.780000686645508,30.84000015258789,30.479999542236328,30.84000015258789,95617
2016-10-04,18.67222785949707,30.360000610351562,31.440000534057617,30.299999237060547,31.440000534057617,78583
2016-10-05,18.782936096191406,30.540000915527344,30.540000915527344,30.420000076293945,30.420000076293945,50333
2016-10-06,18.52462387084961,30.1200008392334,30.540000915527344,29.940000534057617,30.540000915527344,208083
2016-10-07,18.413923263549805,29.940000534057617,30.18000030517578,29.940000534057617,30.1200008392334,164967
2016-10-10,18.45081901550293,30.0,30.239999771118164,30.0,30.18000030517578,80800
2016-10-11,18.30321502685547,29.760000228881836,30.059999465942383,29.100000381469727,29.100000381469727,130033
2016-10-12,18.45081901550293,30.0,30.0,29.15999984741211,29.15999984741211,70500
2016-10-13,18.30321502685547,29.760000228881836,29.8799991607666,29.760000228881836,29.8799991607666,105300
2016-10-14,18.266307830810547,29.700000762939453,29.8799991607666,29.700000762939453,29.760000228881836,77767
2016-10-17,18.044904708862305,29.34000015258789,29.700000762939453,29.100000381469727,29.100000381469727,167283
2016-10-18,18.081802368164062,29.399999618530273,29.579999923706055,29.280000686645508,29.579999923706055,190733
2016-10-19,18.286230087280273,29.520000457763672,29.520000457763672,29.399999618530273,29.399999618530273,74133
2016-10-20,18.546398162841797,29.940000534057617,30.059999465942383,29.459999084472656,29.459999084472656,123967
2016-10-21,18.472061157226562,29.81999969482422,29.8799991607666,29.700000762939453,29.8799991607666,56017
2016-10-24,18.36056900024414,29.639999389648438,29.940000534057617,29.579999923706055,29.8799991607666,96450
2016-10-25,18.509220123291016,29.8799991607666,29.940000534057617,29.579999923706055,29.579999923706055,69233
2016-10-26,18.546398162841797,29.940000534057617,30.299999237060547,29.760000228881836,30.299999237060547,58817
2016-10-27,18.397722244262695,29.700000762939453,29.8799991607666,29.639999389648438,29.8799991607666,79100
2016-10-28,18.36056900024414,29.639999389648438,29.81999969482422,29.579999923706055,29.700000762939453,95000
2016-10-31,18.286230087280273,29.520000457763672,29.8799991607666,29.520000457763672,29.760000228881836,112583
2016-11-01,18.249061584472656,29.459999084472656,29.700000762939453,29.399999618530273,29.579999923706055,61417
2016-11-02,18.323396682739258,29.579999923706055,29.639999389648438,29.399999618530273,29.459999084472656,121317
2016-11-03,18.249061584472656,29.459999084472656,29.639999389648438,29.459999084472656,29.579999923706055,84267
2016-11-04,18.286230087280273,29.520000457763672,29.520000457763672,29.399999618530273,29.399999618530273,44100
2016-11-07,18.21187973022461,29.399999618530273,29.760000228881836,29.399999618530273,29.700000762939453,78150
2016-11-08,18.249061584472656,29.459999084472656,29.520000457763672,28.200000762939453,28.200000762939453,71733
2016-11-09,18.323396682739258,29.579999923706055,29.700000762939453,29.100000381469727,29.100000381469727,268800
2016-11-10,17.9888916015625,29.040000915527344,30.239999771118164,28.979999542236328,30.239999771118164,140100
2016-11-11,17.84022331237793,28.799999237060547,28.979999542236328,28.739999771118164,28.860000610351562,74533
2016-11-14,17.357040405273438,28.020000457763672,28.68000030517578,27.780000686645508,28.6200008392334,303750
2016-11-15,17.654376983642578,28.5,28.5,27.719999313354492,27.84000015258789,128250
2016-11-16,17.56444549560547,28.31999969482422,28.440000534057617,28.200000762939453,28.440000534057617,87850
2016-11-17,17.601667404174805,28.3799991607666,28.68000030517578,28.139999389648438,28.139999389648438,130050
2016-11-18,17.601667404174805,28.3799991607666,28.559999465942383,28.260000228881836,28.3799991607666,88467
2016-11-21,17.601667404174805,28.3799991607666,28.440000534057617,28.260000228881836,28.3799991607666,124850
2016-11-22,17.676082611083984,28.5,28.559999465942383,28.31999969482422,28.3799991607666,69833
2016-11-23,17.56444549560547,28.31999969482422,28.3799991607666,27.479999542236328,27.479999542236328,127317
2016-11-25,17.750511169433594,28.6200008392334,28.739999771118164,28.440000534057617,28.5,96550
2016-11-28,17.71330451965332,28.559999465942383,29.100000381469727,28.5,28.739999771118164,107250
2016-11-29,17.8249454498291,28.739999771118164,28.799999237060547,28.3799991607666,28.440000534057617,81783
2016-11-30,17.601667404174805,28.3799991607666,28.68000030517578,28.3799991607666,28.6200008392334,94533
2016-12-01,17.52723503112793,28.260000228881836,28.440000534057617,28.200000762939453,28.440000534057617,121067
2016-12-02,17.601667404174805,28.3799991607666,28.3799991607666,28.200000762939453,28.200000762939453,66333
2016-12-05,17.638877868652344,28.440000534057617,28.440000534057617,28.260000228881836,28.31999969482422,72067
2016-12-06,17.601667404174805,28.3799991607666,28.5,28.3799991607666,28.440000534057617,72300
2016-12-07,18.0482234954834,29.100000381469727,29.15999984741211,28.31999969482422,28.31999969482422,436083
2016-12-08,17.973793029785156,28.979999542236328,29.219999313354492,28.68000030517578,28.920000076293945,476683
2016-12-09,18.08542823791504,29.15999984741211,29.280000686645508,28.860000610351562,28.860000610351562,214900
2016-12-12,17.93657684326172,28.920000076293945,29.15999984741211,28.920000076293945,29.100000381469727,70617
2016-12-13,18.08542823791504,29.15999984741211,29.15999984741211,28.860000610351562,28.860000610351562,158683
2016-12-14,17.93657684326172,28.920000076293945,29.15999984741211,28.799999237060547,29.100000381469727,86083
2016-12-15,17.787731170654297,28.68000030517578,28.860000610351562,28.68000030517578,28.860000610351562,104183
2016-12-16,17.638877868652344,28.440000534057617,28.559999465942383,28.3799991607666,28.5,116800
2016-12-19,17.52723503112793,28.260000228881836,28.440000534057617,28.260000228881836,28.260000228881836,141350
2016-12-20,17.52723503112793,28.260000228881836,28.31999969482422,28.020000457763672,28.260000228881836,163733
2016-12-21,17.56444549560547,28.31999969482422,28.31999969482422,28.079999923706055,28.260000228881836,137150
2016-12-22,17.52723503112793,28.260000228881836,28.31999969482422,28.200000762939453,28.200000762939453,116767
2016-12-23,17.45281410217285,28.139999389648438,28.31999969482422,28.079999923706055,28.31999969482422,154950
2016-12-27,17.52723503112793,28.260000228881836,28.31999969482422,28.079999923706055,28.079999923706055,165217
2016-12-28,17.508502960205078,28.020000457763672,28.139999389648438,27.899999618530273,28.079999923706055,269583
2016-12-29,17.508502960205078,28.020000457763672,28.079999923706055,27.84000015258789,28.020000457763672,251617
2016-12-30,17.3585147857666,27.780000686645508,28.200000762939453,27.65999984741211,27.899999618530273,583317
2017-01-03,17.171070098876953,27.479999542236328,28.079999923706055,27.360000610351562,27.84000015258789,728283
2017-01-04,17.208559036254883,27.540000915527344,27.959999084472656,27.540000915527344,27.600000381469727,519500
2017-01-05,17.3585147857666,27.780000686645508,27.959999084472656,27.600000381469727,27.719999313354492,688050
2017-01-06,17.733440399169922,28.3799991607666,28.3799991607666,27.780000686645508,27.780000686645508,199833
2017-01-09,17.471004486083984,27.959999084472656,28.440000534057617,27.959999084472656,28.260000228881836,245050
2017-01-10,17.583477020263672,28.139999389648438,28.31999969482422,28.079999923706055,28.079999923706055,210767
2017-01-11,17.733440399169922,28.3799991607666,28.440000534057617,28.200000762939453,28.31999969482422,176117
2017-01-12,17.77092933654785,28.440000534057617,28.559999465942383,28.440000534057617,28.5,156250
2017-01-13,17.845918655395508,28.559999465942383,28.6200008392334,28.3799991607666,28.440000534057617,97733
2017-01-17,17.883407592773438,28.6200008392334,28.739999771118164,28.559999465942383,28.68000030517578,250650
2017-01-18,17.883407592773438,28.6200008392334,28.739999771118164,28.6200008392334,28.739999771118164,86567
2017-01-19,17.83022689819336,28.5,28.559999465942383,28.440000534057617,28.559999465942383,91483
2017-01-20,17.942838668823242,28.68000030517578,28.739999771118164,28.3799991607666,28.559999465942383,126250
2017-01-23,17.980371475219727,28.739999771118164,28.860000610351562,28.739999771118164,28.799999237060547,140050
2017-01-24,18.130525588989258,28.979999542236328,29.100000381469727,28.799999237060547,28.799999237060547,134067
2017-01-25,17.942838668823242,28.68000030517578,29.219999313354492,28.559999465942383,29.15999984741211,239050
2017-01-26,17.905302047729492,28.6200008392334,28.739999771118164,28.559999465942383,28.6200008392334,123783
2017-01-27,17.980371475219727,28.739999771118164,28.739999771118164,28.559999465942383,28.68000030517578,70417
2017-01-30,17.867769241333008,28.559999465942383,28.739999771118164,28.559999465942383,28.739999771118164,109667
2017-01-31,18.01791763305664,28.799999237060547,28.920000076293945,28.6200008392334,28.68000030517578,114983
2017-02-01,18.092994689941406,28.920000076293945,28.979999542236328,28.860000610351562,28.920000076293945,62733
2017-02-02,18.24313735961914,29.15999984741211,29.280000686645508,28.979999542236328,28.979999542236328,104083
2017-02-03,18.393293380737305,29.399999618530273,29.579999923706055,29.15999984741211,29.219999313354492,175267
2017-02-06,18.24313735961914,29.15999984741211,29.520000457763672,29.15999984741211,29.520000457763672,145583
2017-02-07,18.393293380737305,29.399999618530273,29.399999618530273,29.219999313354492,29.280000686645508,80417
2017-02-08,18.280672073364258,29.219999313354492,29.459999084472656,29.100000381469727,29.459999084472656,95883
2017-02-09,18.280672073364258,29.219999313354492,29.280000686645508,29.040000915527344,29.219999313354492,129633
2017-02-10,18.43082618713379,29.459999084472656,29.520000457763672,29.100000381469727,29.15999984741211,82883
2017-02-13,18.468358993530273,29.520000457763672,29.579999923706055,29.399999618530273,29.579999923706055,119250
2017-02-14,18.43082618713379,29.459999084472656,29.579999923706055,29.459999084472656,29.579999923706055,87167
2017-02-15,18.43082618713379,29.459999084472656,29.579999923706055,29.459999084472656,29.459999084472656,66633
2017-02-16,18.449724197387695,29.280000686645508,29.399999618530273,29.280000686645508,29.34000015258789,75317
2017-02-17,18.449724197387695,29.280000686645508,29.34000015258789,29.15999984741211,29.15999984741211,62100
2017-02-21,18.52535057067871,29.399999618530273,29.459999084472656,29.34000015258789,29.399999618530273,89767
2017-02-22,18.563154220581055,29.459999084472656,29.459999084472656,29.34000015258789,29.399999618530273,65983
2017-02-23,18.638763427734375,29.579999923706055,29.700000762939453,29.399999618530273,29.459999084472656,95650
2017-02-24,18.714374542236328,29.700000762939453,29.760000228881836,29.579999923706055,29.639999389648438,76417
2017-02-27,18.752180099487305,29.760000228881836,29.760000228881836,29.700000762939453,29.760000228881836,68000
2017-02-28,18.8656063079834,29.940000534057617,29.940000534057617,29.760000228881836,29.81999969482422,103400
2017-03-01,18.638763427734375,29.579999923706055,30.0,29.579999923706055,30.0,195350
2017-03-02,18.600955963134766,29.520000457763672,29.639999389648438,29.34000015258789,29.579999923706055,132133
2017-03-03,18.563154220581055,29.459999084472656,29.520000457763672,29.219999313354492,29.399999618530273,91583
2017-03-06,18.37411880493164,29.15999984741211,29.520000457763672,29.100000381469727,29.459999084472656,126200
2017-03-07,18.22288703918457,28.920000076293945,29.219999313354492,28.920000076293945,29.040000915527344,139933
2017-03-08,18.185089111328125,28.860000610351562,29.040000915527344,28.860000610351562,28.920000076293945,142533
2017-03-09,18.147279739379883,28.799999237060547,28.860000610351562,28.6200008392334,28.799999237060547,134183
2017-03-10,18.260692596435547,28.979999542236328,30.0,28.6200008392334,28.799999237060547,125033
2017-03-13,18.260692596435547,28.979999542236328,29.34000015258789,28.860000610351562,28.979999542236328,132067
2017-03-14,18.185089111328125,28.860000610351562,29.100000381469727,28.559999465942383,28.860000610351562,133100
2017-03-15,18.600955963134766,29.520000457763672,29.520000457763672,28.68000030517578,28.920000076293945,101017
2017-03-16,18.581920623779297,29.280000686645508,29.639999389648438,29.219999313354492,29.399999618530273,98533
2017-03-17,18.696157455444336,29.459999084472656,29.459999084472656,29.219999313354492,29.280000686645508,112700
2017-03-20,18.658069610595703,29.399999618530273,29.520000457763672,29.399999618530273,29.459999084472656,75333
2017-03-21,18.658069610595703,29.399999618530273,29.639999389648438,29.34000015258789,29.399999618530273,119983
2017-03-22,18.734230041503906,29.520000457763672,29.579999923706055,29.399999618530273,29.459999084472656,100150
2017-03-23,18.772308349609375,29.579999923706055,29.700000762939453,29.459999084472656,29.459999084472656,45017
2017-03-24,18.96268653869629,29.8799991607666,29.8799991607666,29.579999923706055,29.579999923706055,54483
2017-03-27,18.848459243774414,29.700000762939453,29.760000228881836,29.639999389648438,29.760000228881836,77733
2017-03-28,18.96268653869629,29.8799991607666,29.940000534057617,29.700000762939453,29.81999969482422,96000
2017-03-29,18.92461395263672,29.81999969482422,29.940000534057617,29.760000228881836,29.940000534057617,55667
2017-03-30,18.886539459228516,29.760000228881836,29.8799991607666,29.700000762939453,29.8799991607666,61800
2017-03-31,19.000778198242188,29.940000534057617,29.940000534057617,29.760000228881836,29.81999969482422,55650
2017-04-03,18.92461395263672,29.81999969482422,30.0,29.700000762939453,30.0,80333
2017-04-04,18.810392379760742,29.639999389648438,29.8799991607666,29.579999923706055,29.81999969482422,78667
2017-04-05,18.886539459228516,29.760000228881836,29.81999969482422,29.639999389648438,29.700000762939453,87883
2017-04-06,18.810392379760742,29.639999389648438,29.700000762939453,29.520000457763672,29.700000762939453,103100
2017-04-07,18.92461395263672,29.81999969482422,29.81999969482422,29.579999923706055,29.700000762939453,91500
2017-04-10,19.038850784301758,30.0,30.0,29.760000228881836,29.81999969482422,110967
2017-04-11,18.886539459228516,29.760000228881836,30.0,29.760000228881836,30.0,84967
2017-04-12,18.92461395263672,29.81999969482422,29.940000534057617,29.760000228881836,29.760000228881836,89583
2017-04-13,19.038850784301758,30.0,30.0,29.81999969482422,29.8799991607666,62217
2017-04-17,19.000778198242188,29.940000534057617,30.1200008392334,29.940000534057617,30.0,81433
2017-04-18,19.114999771118164,30.1200008392334,30.1200008392334,29.8799991607666,29.8799991607666,49383
2017-04-19,19.0958251953125,29.8799991607666,29.940000534057617,29.760000228881836,29.940000534057617,89600
2017-04-20,19.0958251953125,29.8799991607666,30.0,29.8799991607666,30.0,38967
2017-04-21,18.980796813964844,29.700000762939453,29.8799991607666,29.639999389648438,29.8799991607666,82167
2017-04-24,19.019142150878906,29.760000228881836,29.81999969482422,29.639999389648438,29.700000762939453,78800
2017-04-25,19.057483673095703,29.81999969482422,29.940000534057617,29.700000762939453,29.700000762939453,91667
2017-04-26,19.172527313232422,30.0,30.0,29.81999969482422,29.8799991607666,75433
2017-04-27,19.057483673095703,29.81999969482422,30.0,29.81999969482422,30.0,65700
2017-04-28,19.172527313232422,30.0,30.0,29.8799991607666,30.0,81000
2017-05-01,19.0958251953125,29.8799991607666,30.059999465942383,29.8799991607666,30.0,107600
2017-05-02,19.28755760192871,30.18000030517578,30.18000030517578,29.8799991607666,29.940000534057617,63167
2017-05-03,19.24921226501465,30.1200008392334,30.18000030517578,29.940000534057617,30.18000030517578,69050
2017-05-04,19.210872650146484,30.059999465942383,30.18000030517578,29.940000534057617,30.18000030517578,103183
2017-05-05,19.24921226501465,30.1200008392334,30.1200008392334,29.940000534057617,30.1200008392334,148200
2017-05-08,19.0958251953125,29.8799991607666,30.239999771118164,29.8799991607666,30.239999771118164,95333
2017-05-09,19.172527313232422,30.0,30.0,29.8799991607666,29.940000534057617,113750
2017-05-10,19.0958251953125,29.8799991607666,30.0,29.81999969482422,29.940000534057617,87200
2017-05-11,19.057483673095703,29.81999969482422,29.940000534057617,29.760000228881836,29.8799991607666,110150
2017-05-12,19.0958251953125,29.8799991607666,29.940000534057617,29.81999969482422,29.940000534057617,79350
2017-05-15,19.24921226501465,30.1200008392334,30.1200008392334,29.8799991607666,29.8799991607666,117450
2017-05-16,19.210872650146484,30.059999465942383,30.1200008392334,30.059999465942383,30.1200008392334,98767
2017-05-17,19.230175018310547,29.8799991607666,30.0,29.760000228881836,29.760000228881836,169717
2017-05-18,19.230175018310547,29.8799991607666,30.0,29.760000228881836,29.760000228881836,59500
2017-05-19,19.19155502319336,29.81999969482422,29.940000534057617,29.760000228881836,29.81999969482422,109850
2017-05-22,19.230175018310547,29.8799991607666,30.0,29.760000228881836,29.81999969482422,67417
2017-05-23,19.38463592529297,30.1200008392334,30.1200008392334,29.940000534057617,30.0,110467
2017-05-24,19.423246383666992,30.18000030517578,30.18000030517578,30.059999465942383,30.18000030517578,78117
2017-05-25,19.346019744873047,30.059999465942383,30.18000030517578,30.059999465942383,30.18000030517578,80017
2017-05-26,19.38463592529297,30.1200008392334,30.239999771118164,30.059999465942383,30.18000030517578,105033
2017-05-30,19.423246383666992,30.18000030517578,30.360000610351562,30.1200008392334,30.360000610351562,65483
2017-05-31,19.423246383666992,30.18000030517578,30.18000030517578,30.059999465942383,30.18000030517578,57283
2017-06-01,19.423246383666992,30.18000030517578,30.18000030517578,30.059999465942383,30.18000030517578,84600
2017-06-02,19.38463592529297,30.1200008392334,30.18000030517578,30.059999465942383,30.18000030517578,75533
2017-06-05,19.38463592529297,30.1200008392334,30.18000030517578,30.0,30.1200008392334,76433
2017-06-06,19.38463592529297,30.1200008392334,30.299999237060547,30.059999465942383,30.059999465942383,94650
2017-06-07,19.539091110229492,30.360000610351562,30.360000610351562,30.18000030517578,30.18000030517578,57350
2017-06-08,19.539091110229492,30.360000610351562,30.360000610351562,30.239999771118164,30.360000610351562,49200
2017-06-09,19.38463592529297,30.1200008392334,30.360000610351562,30.1200008392334,30.360000610351562,87217
2017-06-12,19.616321563720703,30.479999542236328,30.479999542236328,30.18000030517578,30.239999771118164,82483
2017-06-13,19.423246383666992,30.18000030517578,30.479999542236328,30.18000030517578,30.420000076293945,70333
2017-06-14,19.46186065673828,30.239999771118164,30.360000610351562,30.239999771118164,30.299999237060547,57233
2017-06-15,19.46186065673828,30.239999771118164,30.360000610351562,30.18000030517578,30.239999771118164,81550
2017-06-16,19.484413146972656,30.239999771118164,30.239999771118164,30.1200008392334,30.18000030517578,50783
2017-06-19,19.484413146972656,30.239999771118164,30.360000610351562,30.1200008392334,30.239999771118164,69750
2017-06-20,19.32977867126465,30.0,30.239999771118164,30.0,30.18000030517578,65033
2017-06-21,19.407100677490234,30.1200008392334,30.1200008392334,29.940000534057617,30.1200008392334,73850
2017-06-22,19.368440628051758,30.059999465942383,30.239999771118164,30.059999465942383,30.059999465942383,88950
2017-06-23,19.252452850341797,29.8799991607666,30.239999771118164,29.8799991607666,30.059999465942383,66667
2017-06-26,19.5230655670166,30.299999237060547,30.299999237060547,29.940000534057617,29.940000534057617,77250
2017-06-27,19.445758819580078,30.18000030517578,30.360000610351562,30.1200008392334,30.299999237060547,82783
2017-06-28,19.5230655670166,30.299999237060547,30.479999542236328,30.18000030517578,30.479999542236328,91367
2017-06-29,19.484413146972656,30.239999771118164,30.299999237060547,30.059999465942383,30.299999237060547,88900
2017-06-30,19.32977867126465,30.0,30.299999237060547,30.0,30.299999237060547,85483
2017-07-03,19.5230655670166,30.299999237060547,30.299999237060547,30.18000030517578,30.239999771118164,42833
2017-07-05,19.445758819580078,30.18000030517578,30.299999237060547,30.059999465942383,30.239999771118164,86567
2017-07-06,19.291118621826172,29.940000534057617,30.18000030517578,29.81999969482422,30.18000030517578,135383
2017-07-07,19.368440628051758,30.059999465942383,30.1200008392334,30.0,30.059999465942383,107333
2017-07-10,19.368440628051758,30.059999465942383,30.1200008392334,30.0,30.1200008392334,96850
2017-07-11,19.368440628051758,30.059999465942383,30.1200008392334,30.0,30.1200008392334,60183
2017-07-12,19.407100677490234,30.1200008392334,30.18000030517578,30.0,30.18000030517578,126350
2017-07-13,19.407100677490234,30.1200008392334,30.239999771118164,30.059999465942383,30.1200008392334,99750
2017-07-14,19.639049530029297,30.479999542236328,30.540000915527344,30.239999771118164,30.239999771118164,140450
2017-07-17,19.639049530029297,30.479999542236328,30.600000381469727,30.360000610351562,30.479999542236328,136900
2017-07-18,19.755029678344727,30.65999984741211,30.719999313354492,30.479999542236328,30.479999542236328,89083
2017-07-19,19.909666061401367,30.899999618530273,30.899999618530273,30.65999984741211,30.65999984741211,128400
2017-07-20,19.851289749145508,30.600000381469727,30.780000686645508,30.600000381469727,30.780000686645508,94200
2017-07-21,19.92913055419922,30.719999313354492,30.719999313354492,30.600000381469727,30.600000381469727,76150
2017-07-24,19.968059539794922,30.780000686645508,30.780000686645508,30.719999313354492,30.780000686645508,61417
2017-07-25,19.890207290649414,30.65999984741211,30.780000686645508,30.65999984741211,30.780000686645508,121183
2017-07-26,20.006988525390625,30.84000015258789,30.899999618530273,30.719999313354492,30.780000686645508,93983
2017-07-27,19.968059539794922,30.780000686645508,30.84000015258789,30.719999313354492,30.84000015258789,58267
2017-07-28,20.045902252197266,30.899999618530273,30.899999618530273,30.65999984741211,30.65999984741211,66250
2017-07-31,20.162683486938477,31.079999923706055,31.200000762939453,30.899999618530273,31.200000762939453,124917
2017-08-01,20.240528106689453,31.200000762939453,31.3799991607666,31.079999923706055,31.200000762939453,120017
2017-08-02,20.20160675048828,31.139999389648438,31.5,31.079999923706055,31.260000228881836,98600
2017-08-03,20.162683486938477,31.079999923706055,31.200000762939453,30.959999084472656,31.139999389648438,77300
2017-08-04,20.20160675048828,31.139999389648438,31.139999389648438,31.020000457763672,31.020000457763672,57900
2017-08-07,20.20160675048828,31.139999389648438,31.260000228881836,31.079999923706055,31.139999389648438,77833
2017-08-08,20.045902252197266,30.899999618530273,31.200000762939453,30.899999618530273,31.139999389648438,63983
2017-08-09,19.7734375,30.479999542236328,30.959999084472656,30.360000610351562,30.780000686645508,143917
2017-08-10,19.539894104003906,30.1200008392334,30.479999542236328,29.940000534057617,30.299999237060547,244983
2017-08-11,19.812362670898438,30.540000915527344,30.600000381469727,30.059999465942383,30.1200008392334,89567
2017-08-14,20.006988525390625,30.84000015258789,30.959999084472656,30.600000381469727,30.65999984741211,123917
2017-08-15,19.92913055419922,30.719999313354492,30.899999618530273,30.65999984741211,30.899999618530273,78667
2017-08-16,20.084829330444336,30.959999084472656,30.959999084472656,30.780000686645508,30.84000015258789,98867
2017-08-17,19.71787452697754,30.360000610351562,30.780000686645508,30.360000610351562,30.719999313354492,65317
2017-08-18,19.834789276123047,30.540000915527344,30.65999984741211,30.420000076293945,30.420000076293945,84150
2017-08-21,19.951684951782227,30.719999313354492,30.719999313354492,30.65999984741211,30.65999984741211,45117
2017-08-22,20.614151000976562,31.739999771118164,31.739999771118164,30.719999313354492,30.780000686645508,56167
2017-08-23,20.146528244018555,31.020000457763672,31.079999923706055,30.420000076293945,31.020000457763672,96867
2017-08-24,20.068592071533203,30.899999618530273,31.020000457763672,30.84000015258789,30.959999084472656,44917
2017-08-25,20.107559204101562,30.959999084472656,31.139999389648438,30.780000686645508,30.899999618530273,50350
2017-08-28,20.22446632385254,31.139999389648438,31.200000762939453,31.020000457763672,31.139999389648438,81700
2017-08-29,20.18549156188965,31.079999923706055,31.200000762939453,30.959999084472656,31.020000457763672,65050
2017-08-30,20.146528244018555,31.020000457763672,31.079999923706055,30.899999618530273,31.079999923706055,56750
2017-08-31,19.99065399169922,30.780000686645508,31.020000457763672,30.780000686645508,31.020000457763672,66033
2017-09-01,20.068592071533203,30.899999618530273,31.020000457763672,30.780000686645508,30.899999618530273,43867
2017-09-05,20.18549156188965,31.079999923706055,31.079999923706055,30.780000686645508,30.84000015258789,55900
2017-09-06,19.951684951782227,30.719999313354492,31.139999389648438,30.600000381469727,31.020000457763672,120883
2017-09-07,19.951684951782227,30.719999313354492,30.84000015258789,30.719999313354492,30.719999313354492,102567
2017-09-08,20.029626846313477,30.84000015258789,30.899999618530273,30.719999313354492,30.780000686645508,67017
2017-09-11,20.22446632385254,31.139999389648438,31.139999389648438,30.899999618530273,30.959999084472656,60667
2017-09-12,20.146528244018555,31.020000457763672,31.079999923706055,30.899999618530273,31.020000457763672,57900
2017-09-13,20.18549156188965,31.079999923706055,31.139999389648438,31.020000457763672,31.139999389648438,59867
2017-09-14,20.22446632385254,31.139999389648438,31.200000762939453,31.020000457763672,31.020000457763672,64317
2017-09-15,20.263437271118164,31.200000762939453,31.200000762939453,31.020000457763672,31.139999389648438,49117
2017-09-18,20.18549156188965,31.079999923706055,31.200000762939453,30.959999084472656,30.959999084472656,82617
2017-09-19,20.263437271118164,31.200000762939453,31.200000762939453,31.079999923706055,31.079999923706055,76083
2017-09-20,20.341373443603516,31.31999969482422,31.31999969482422,31.139999389648438,31.200000762939453,75850
2017-09-21,20.169069290161133,31.020000457763672,31.260000228881836,30.899999618530273,31.079999923706055,75000
2017-09-22,20.169069290161133,31.020000457763672,31.079999923706055,30.959999084472656,31.020000457763672,60733
2017-09-25,20.052030563354492,30.84000015258789,31.020000457763672,30.780000686645508,30.959999084472656,96550
2017-09-26,20.169069290161133,31.020000457763672,31.020000457763672,30.780000686645508,30.84000015258789,67250
2017-09-27,20.091047286987305,30.899999618530273,31.079999923706055,30.84000015258789,30.959999084472656,58400
2017-09-28,20.091047286987305,30.899999618530273,31.020000457763672,30.780000686645508,30.84000015258789,55483
2017-09-29,20.130054473876953,30.959999084472656,31.079999923706055,30.84000015258789,31.079999923706055,97933
2017-10-02,20.091047286987305,30.899999618530273,31.079999923706055,30.84000015258789,30.84000015258789,80083
2017-10-03,19.934999465942383,30.65999984741211,31.079999923706055,30.65999984741211,30.899999618530273,183717
2017-10-04,19.974008560180664,30.719999313354492,30.899999618530273,30.65999984741211,30.719999313354492,113250
2017-10-05,19.934999465942383,30.65999984741211,30.780000686645508,30.65999984741211,30.719999313354492,81867
2017-10-06,19.895986557006836,30.600000381469727,30.719999313354492,30.540000915527344,30.65999984741211,112700
2017-10-09,19.934999465942383,30.65999984741211,30.719999313354492,30.600000381469727,30.719999313354492,64267
2017-10-10,20.01302146911621,30.780000686645508,30.84000015258789,30.719999313354492,30.719999313354492,58717
2017-10-11,20.052030563354492,30.84000015258789,30.899999618530273,30.780000686645508,30.84000015258789,73200
2017-10-12,20.091047286987305,30.899999618530273,30.899999618530273,30.84000015258789,30.899999618530273,47450
2017-10-13,20.130054473876953,30.959999084472656,31.020000457763672,30.84000015258789,30.959999084472656,66700
2017-10-16,20.091047286987305,30.899999618530273,30.959999084472656,30.780000686645508,30.899999618530273,91117
2017-10-17,20.169069290161133,31.020000457763672,31.079999923706055,30.780000686645508,30.899999618530273,50200
2017-10-18,20.169069290161133,31.020000457763672,31.020000457763672,30.899999618530273,30.959999084472656,70850
2017-10-19,20.07087516784668,30.65999984741211,30.899999618530273,30.65999984741211,30.780000686645508,63017
2017-10-20,20.149423599243164,30.780000686645508,30.780000686645508,30.65999984741211,30.719999313354492,43900
2017-10-23,20.07087516784668,30.65999984741211,30.899999618530273,30.600000381469727,30.719999313354492,60083
2017-10-24,20.031604766845703,30.600000381469727,30.65999984741211,30.420000076293945,30.600000381469727,93850
2017-10-25,19.756650924682617,30.18000030517578,30.719999313354492,30.059999465942383,30.479999542236328,165200
2017-10-26,19.83521270751953,30.299999237060547,30.420000076293945,30.18000030517578,30.360000610351562,99883
2017-10-27,19.953039169311523,30.479999542236328,30.65999984741211,30.360000610351562,30.600000381469727,69250
2017-10-30,19.874488830566406,30.360000610351562,30.600000381469727,30.360000610351562,30.600000381469727,64250
2017-10-31,19.756650924682617,30.18000030517578,30.479999542236328,30.18000030517578,30.360000610351562,111500
2017-11-01,19.91375732421875,30.420000076293945,30.420000076293945,30.18000030517578,30.239999771118164,66450
2017-11-02,19.83521270751953,30.299999237060547,30.420000076293945,30.239999771118164,30.299999237060547,56050
2017-11-03,19.717374801635742,30.1200008392334,30.299999237060547,30.1200008392334,30.239999771118164,89933
2017-11-06,19.678096771240234,30.059999465942383,30.18000030517578,30.059999465942383,30.1200008392334,86483
2017-11-07,19.756650924682617,30.18000030517578,30.18000030517578,30.059999465942383,30.059999465942383,60033
2017-11-08,19.638809204101562,30.0,30.18000030517578,30.0,30.1200008392334,76783
2017-11-09,19.678096771240234,30.059999465942383,30.059999465942383,29.81999969482422,30.0,70967
2017-11-10,19.560264587402344,29.8799991607666,30.059999465942383,29.8799991607666,29.940000534057617,57533
2017-11-13,19.363876342773438,29.579999923706055,29.940000534057617,29.520000457763672,29.81999969482422,167817
2017-11-14,19.24604034423828,29.399999618530273,29.579999923706055,29.15999984741211,29.459999084472656,220850
2017-11-15,19.049650192260742,29.100000381469727,29.34000015258789,28.920000076293945,28.920000076293945,255033
2017-11-16,19.363876342773438,29.579999923706055,29.639999389648438,29.100000381469727,29.15999984741211,76533
2017-11-17,19.40315055847168,29.639999389648438,29.700000762939453,29.459999084472656,29.520000457763672,86500
2017-11-20,19.229476928710938,29.34000015258789,29.459999084472656,29.280000686645508,29.34000015258789,84633
2017-11-21,19.268798828125,29.399999618530273,29.520000457763672,29.219999313354492,29.280000686645508,95817
2017-11-22,19.229476928710938,29.34000015258789,29.399999618530273,29.280000686645508,29.34000015258789,58933
2017-11-24,19.347440719604492,29.520000457763672,29.520000457763672,29.399999618530273,29.399999618530273,33567
2017-11-27,19.308115005493164,29.459999084472656,29.639999389648438,29.399999618530273,29.399999618530273,68417
2017-11-28,19.347440719604492,29.520000457763672,29.520000457763672,29.34000015258789,29.459999084472656,93917
2017-11-29,19.268798828125,29.399999618530273,29.579999923706055,29.219999313354492,29.520000457763672,117550
2017-11-30,19.308115005493164,29.459999084472656,29.520000457763672,29.280000686645508,29.280000686645508,112617
2017-12-01,19.268798828125,29.399999618530273,29.459999084472656,29.219999313354492,29.399999618530273,138750
2017-12-04,19.229476928710938,29.34000015258789,29.459999084472656,29.15999984741211,29.399999618530273,144300
2017-12-05,19.308115005493164,29.459999084472656,29.520000457763672,29.280000686645508,29.280000686645508,100517
2017-12-06,19.347440719604492,29.520000457763672,29.520000457763672,29.34000015258789,29.34000015258789,59983
2017-12-07,19.268798828125,29.399999618530273,29.520000457763672,29.280000686645508,29.459999084472656,67767
2017-12-08,19.190149307250977,29.280000686645508,29.399999618530273,29.219999313354492,29.399999618530273,113200
2017-12-11,19.032859802246094,29.040000915527344,29.34000015258789,29.040000915527344,29.100000381469727,330233
2017-12-12,19.032859802246094,29.040000915527344,29.15999984741211,28.979999542236328,29.100000381469727,173700
2017-12-13,19.032859802246094,29.040000915527344,29.100000381469727,28.979999542236328,29.040000915527344,214683
2017-12-14,19.032859802246094,29.040000915527344,29.15999984741211,28.979999542236328,28.979999542236328,233817
2017-12-15,19.11150360107422,29.15999984741211,29.280000686645508,29.040000915527344,29.100000381469727,152600
2017-12-18,19.15082359313965,29.219999313354492,29.399999618530273,29.040000915527344,29.040000915527344,240683
2017-12-19,19.15082359313965,29.219999313354492,29.399999618530273,29.15999984741211,29.399999618530273,180850
2017-12-20,19.190149307250977,29.280000686645508,29.280000686645508,29.100000381469727,29.219999313354492,120633
2017-12-21,19.15082359313965,29.219999313354492,29.34000015258789,29.15999984741211,29.34000015258789,137717
2017-12-22,19.229476928710938,29.34000015258789,29.399999618530273,29.15999984741211,29.280000686645508,151583
2017-12-26,19.15082359313965,29.219999313354492,29.34000015258789,29.15999984741211,29.15999984741211,165700
2017-12-27,19.07217025756836,29.100000381469727,29.34000015258789,29.040000915527344,29.219999313354492,317133
2017-12-28,19.2108154296875,29.100000381469727,29.15999984741211,28.860000610351562,28.860000610351562,113767
2017-12-29,19.329639434814453,29.280000686645508,29.280000686645508,28.920000076293945,28.920000076293945,174783
2018-01-02,19.329639434814453,29.280000686645508,29.639999389648438,29.100000381469727,29.100000381469727,266050
2018-01-03,19.329639434814453,29.280000686645508,29.459999084472656,29.219999313354492,29.34000015258789,218083
2018-01-04,19.448467254638672,29.459999084472656,29.520000457763672,29.34000015258789,29.34000015258789,171083
2018-01-05,19.64651870727539,29.760000228881836,29.8799991607666,29.459999084472656,29.520000457763672,190883
2018-01-08,19.765352249145508,29.940000534057617,29.940000534057617,29.760000228881836,29.81999969482422,175300
2018-01-09,19.64651870727539,29.760000228881836,30.0,29.700000762939453,29.940000534057617,130933
2018-01-10,19.567298889160156,29.639999389648438,29.8799991607666,29.520000457763672,29.81999969482422,129733
2018-01-11,19.60691261291504,29.700000762939453,29.8799991607666,29.639999389648438,29.639999389648438,104783
2018-01-12,19.765352249145508,29.940000534057617,29.940000534057617,29.700000762939453,29.760000228881836,108350
2018-01-16,19.765352249145508,29.940000534057617,30.059999465942383,29.940000534057617,30.0,105650
2018-01-17,19.884178161621094,30.1200008392334,30.1200008392334,29.81999969482422,30.0,113933
2018-01-18,19.804960250854492,30.0,30.18000030517578,29.940000534057617,30.1200008392334,119067
2018-01-19,19.669462203979492,29.760000228881836,30.0,29.760000228881836,29.760000228881836,91917
2018-01-22,19.828088760375977,30.0,30.0,29.760000228881836,29.760000228881836,129617
2018-01-23,19.709123611450195,29.81999969482422,30.0,29.81999969482422,29.940000534057617,109933
2018-01-24,19.748779296875,29.8799991607666,30.1200008392334,29.8799991607666,29.8799991607666,111233
2018-01-25,19.867753982543945,30.059999465942383,30.059999465942383,29.940000534057617,30.0,77900
2018-01-26,19.828088760375977,30.0,30.1200008392334,29.940000534057617,29.940000534057617,86583
2018-01-29,19.669462203979492,29.760000228881836,30.0,29.760000228881836,30.0,109167
2018-01-30,19.629812240600586,29.700000762939453,29.8799991607666,29.579999923706055,29.81999969482422,143017
2018-01-31,19.669462203979492,29.760000228881836,30.0,29.700000762939453,29.700000762939453,112417
2018-02-01,19.828088760375977,30.0,30.0,29.700000762939453,29.760000228881836,77067
2018-02-02,19.391876220703125,29.34000015258789,29.8799991607666,29.280000686645508,29.81999969482422,190783
2018-02-05,19.153940200805664,28.979999542236328,29.34000015258789,28.799999237060547,29.15999984741211,192783
2018-02-06,19.153940200805664,28.979999542236328,29.100000381469727,28.3799991607666,28.6200008392334,169083
2018-02-07,19.193593978881836,29.040000915527344,29.399999618530273,28.979999542236328,29.100000381469727,75467
2018-02-08,18.995311737060547,28.739999771118164,29.219999313354492,28.6200008392334,29.15999984741211,125450
2018-02-09,19.03497314453125,28.799999237060547,28.979999542236328,28.440000534057617,28.860000610351562,110317
2018-02-12,19.153940200805664,28.979999542236328,29.100000381469727,28.799999237060547,28.799999237060547,79983
2018-02-13,19.114282608032227,28.920000076293945,28.979999542236328,28.860000610351562,28.860000610351562,49767
2018-02-14,19.193593978881836,29.040000915527344,29.280000686645508,28.799999237060547,28.799999237060547,111317
2018-02-15,19.352218627929688,29.280000686645508,29.34000015258789,29.100000381469727,29.219999313354492,69500
2018-02-16,19.137157440185547,28.920000076293945,29.15999984741211,28.920000076293945,29.15999984741211,101383
2018-02-20,18.93863296508789,28.6200008392334,28.979999542236328,28.559999465942383,28.920000076293945,101700
2018-02-21,19.05774688720703,28.799999237060547,28.860000610351562,28.6200008392334,28.6200008392334,94667
2018-02-22,18.978351593017578,28.68000030517578,28.860000610351562,28.559999465942383,28.799999237060547,80000
2018-02-23,18.978351593017578,28.68000030517578,28.799999237060547,28.6200008392334,28.68000030517578,96350
2018-02-26,18.978351593017578,28.68000030517578,28.920000076293945,28.559999465942383,28.68000030517578,108000
2018-02-27,18.898937225341797,28.559999465942383,28.799999237060547,28.5,28.799999237060547,104500
2018-02-28,18.93863296508789,28.6200008392334,28.860000610351562,28.559999465942383,28.739999771118164,88317
2018-03-01,18.779817581176758,28.3799991607666,28.6200008392334,28.31999969482422,28.559999465942383,96583
2018-03-02,18.819530487060547,28.440000534057617,28.5,28.200000762939453,28.31999969482422,85117
2018-03-05,18.740116119384766,28.31999969482422,28.5,28.31999969482422,28.440000534057617,103950
2018-03-06,18.859224319458008,28.5,28.559999465942383,28.3799991607666,28.3799991607666,54333
2018-03-07,18.859224319458008,28.5,28.6200008392334,28.440000534057617,28.5,63833
2018-03-08,18.93863296508789,28.6200008392334,28.68000030517578,28.559999465942383,28.6200008392334,55617
2018-03-09,18.978351593017578,28.68000030517578,28.68000030517578,28.559999465942383,28.6200008392334,68383
2018-03-12,19.018047332763672,28.739999771118164,28.799999237060547,28.559999465942383,28.6200008392334,92800
2018-03-13,18.978351593017578,28.68000030517578,28.799999237060547,28.6200008392334,28.6200008392334,85250
2018-03-14,19.05774688720703,28.799999237060547,28.799999237060547,28.68000030517578,28.68000030517578,59550
2018-03-15,19.137157440185547,28.920000076293945,28.920000076293945,28.739999771118164,28.739999771118164,60383
2018-03-16,19.001344680786133,28.68000030517578,29.100000381469727,28.6200008392334,28.799999237060547,98600
2018-03-19,18.802568435668945,28.3799991607666,28.68000030517578,28.260000228881836,28.6200008392334,85900
2018-03-20,18.72307014465332,28.260000228881836,28.440000534057617,28.200000762939453,28.440000534057617,77200
2018-03-21,18.7628231048584,28.31999969482422,28.3799991607666,28.260000228881836,28.3799991607666,47567
2018-03-22,18.7628231048584,28.31999969482422,28.559999465942383,28.200000762939453,28.260000228881836,65800
2018-03-23,18.802568435668945,28.3799991607666,28.3799991607666,28.260000228881836,28.3799991607666,47017
2018-03-26,18.92183494567871,28.559999465942383,28.799999237060547,28.440000534057617,28.799999237060547,75850
2018-03-27,18.7628231048584,28.31999969482422,28.739999771118164,28.200000762939453,28.5,130117
2018-03-28,18.7628231048584,28.31999969482422,28.31999969482422,28.200000762939453,28.260000228881836,55283
2018-03-29,18.842334747314453,28.440000534057617,28.440000534057617,28.260000228881836,28.260000228881836,66533
2018-04-02,18.802568435668945,28.3799991607666,28.5,28.31999969482422,28.440000534057617,57933
2018-04-03,18.683324813842773,28.200000762939453,28.5,28.079999923706055,28.440000534057617,181917
2018-04-04,18.683324813842773,28.200000762939453,28.3799991607666,28.079999923706055,28.079999923706055,140217
2018-04-05,18.56406593322754,28.020000457763672,28.31999969482422,27.899999618530273,28.200000762939453,330033
2018-04-06,18.683324813842773,28.200000762939453,28.200000762939453,27.959999084472656,27.959999084472656,110717
2018-04-09,18.603818893432617,28.079999923706055,28.31999969482422,28.079999923706055,28.139999389648438,85767
2018-04-10,18.72307014465332,28.260000228881836,28.31999969482422,28.139999389648438,28.260000228881836,69717
2018-04-11,18.683324813842773,28.200000762939453,28.31999969482422,28.139999389648438,28.31999969482422,62083
2018-04-12,18.7628231048584,28.31999969482422,28.3799991607666,28.200000762939453,28.260000228881836,59233
2018-04-13,18.72307014465332,28.260000228881836,28.3799991607666,28.200000762939453,28.3799991607666,57583
2018-04-16,18.7628231048584,28.31999969482422,28.31999969482422,28.200000762939453,28.200000762939453,95183
2018-04-17,18.7628231048584,28.31999969482422,28.440000534057617,28.200000762939453,28.3799991607666,81150
2018-04-18,18.7628231048584,28.31999969482422,28.31999969482422,28.200000762939453,28.200000762939453,83217
2018-04-19,18.507442474365234,27.899999618530273,28.200000762939453,27.899999618530273,28.200000762939453,104500
2018-04-20,18.467641830444336,27.84000015258789,27.959999084472656,27.84000015258789,27.899999618530273,157933
2018-04-23,18.427839279174805,27.780000686645508,27.899999618530273,27.420000076293945,27.84000015258789,170000
2018-04-24,18.18903350830078,27.420000076293945,27.899999618530273,27.420000076293945,27.899999618530273,97700
2018-04-25,18.22884178161621,27.479999542236328,27.719999313354492,27.479999542236328,27.600000381469727,98733
2018-04-26,18.18903350830078,27.420000076293945,27.600000381469727,27.420000076293945,27.479999542236328,101617
2018-04-27,18.22884178161621,27.479999542236328,27.600000381469727,27.360000610351562,27.600000381469727,94417
2018-04-30,18.18903350830078,27.420000076293945,27.600000381469727,27.420000076293945,27.600000381469727,70283
2018-05-01,18.18903350830078,27.420000076293945,27.600000381469727,27.360000610351562,27.420000076293945,81000
2018-05-02,18.18903350830078,27.420000076293945,27.600000381469727,27.299999237060547,27.420000076293945,87967
2018-05-03,18.22884178161621,27.479999542236328,27.600000381469727,27.420000076293945,27.479999542236328,58883
2018-05-04,17.83082389831543,26.8799991607666,27.360000610351562,26.639999389648438,27.299999237060547,766567
2018-05-07,17.751230239868164,26.760000228881836,26.8799991607666,26.579999923706055,26.639999389648438,456517
2018-05-08,17.791027069091797,26.81999969482422,26.81999969482422,26.520000457763672,26.639999389648438,271017
2018-05-09,17.870622634887695,26.940000534057617,27.059999465942383,26.639999389648438,26.760000228881836,300700
2018-05-10,17.870622634887695,26.940000534057617,27.18000030517578,26.940000534057617,27.059999465942383,218583
2018-05-11,17.950231552124023,27.059999465942383,27.1200008392334,26.940000534057617,27.0,117267
2018-05-14,18.06962776184082,27.239999771118164,27.299999237060547,27.0,27.059999465942383,152000
2018-05-15,17.870622634887695,26.940000534057617,27.059999465942383,26.760000228881836,27.0,128767
2018-05-16,17.910425186157227,27.0,27.059999465942383,26.81999969482422,26.940000534057617,69933
2018-05-17,17.950231552124023,27.059999465942383,27.059999465942383,26.8799991607666,26.940000534057617,104300
2018-05-18,17.83082389831543,26.8799991607666,27.0,26.81999969482422,27.0,89717
2018-05-21,17.950231552124023,27.059999465942383,27.1200008392334,26.8799991607666,26.8799991607666,116450
2018-05-22,17.893770217895508,26.940000534057617,27.0,26.81999969482422,26.8799991607666,170250
2018-05-23,17.774219512939453,26.760000228881836,26.81999969482422,26.639999389648438,26.760000228881836,97333
2018-05-24,17.814069747924805,26.81999969482422,26.81999969482422,26.700000762939453,26.760000228881836,79367
2018-05-25,17.654653549194336,26.579999923706055,26.8799991607666,26.579999923706055,26.700000762939453,82967
2018-05-29,17.734365463256836,26.700000762939453,26.760000228881836,26.520000457763672,26.520000457763672,102550
2018-05-30,17.893770217895508,26.940000534057617,26.940000534057617,26.700000762939453,26.760000228881836,119867
2018-05-31,17.93362045288086,27.0,27.1200008392334,26.940000534057617,26.940000534057617,130550
2018-06-01,17.893770217895508,26.940000534057617,27.18000030517578,26.940000534057617,27.059999465942383,153217
2018-06-04,17.893770217895508,26.940000534057617,27.1200008392334,26.940000534057617,26.940000534057617,83183
2018-06-05,17.973474502563477,27.059999465942383,27.059999465942383,26.940000534057617,27.0,65583
2018-06-06,17.893770217895508,26.940000534057617,27.059999465942383,26.940000534057617,26.940000534057617,68317
2018-06-07,17.85391616821289,26.8799991607666,27.0,26.81999969482422,26.940000534057617,93583
2018-06-08,17.774219512939453,26.760000228881836,26.940000534057617,26.760000228881836,26.81999969482422,93850
2018-06-11,17.814069747924805,26.81999969482422,26.8799991607666,26.760000228881836,26.8799991607666,81700
2018-06-12,17.734365463256836,26.700000762939453,26.8799991607666,26.520000457763672,26.81999969482422,253750
2018-06-13,17.654653549194336,26.579999923706055,26.700000762939453,26.520000457763672,26.639999389648438,109217
2018-06-14,17.774219512939453,26.760000228881836,26.760000228881836,26.579999923706055,26.700000762939453,89267
2018-06-15,17.654653549194336,26.579999923706055,26.760000228881836,26.399999618530273,26.700000762939453,115550
2018-06-18,17.61479949951172,26.520000457763672,26.579999923706055,26.459999084472656,26.520000457763672,73350
2018-06-19,17.61479949951172,26.520000457763672,26.520000457763672,26.34000015258789,26.399999618530273,87200
2018-06-20,17.438556671142578,26.219999313354492,26.459999084472656,26.15999984741211,26.34000015258789,155850
2018-06-21,17.438556671142578,26.219999313354492,26.280000686645508,26.15999984741211,26.219999313354492,107583
2018-06-22,17.438556671142578,26.219999313354492,26.280000686645508,26.15999984741211,26.15999984741211,95867
2018-06-25,17.35873794555664,26.100000381469727,26.280000686645508,25.920000076293945,26.15999984741211,172733
2018-06-26,17.31884002685547,26.040000915527344,26.100000381469727,25.920000076293945,25.920000076293945,103867
2018-06-27,17.239030838012695,25.920000076293945,26.100000381469727,25.920000076293945,26.100000381469727,80217
2018-06-28,17.35873794555664,26.100000381469727,26.100000381469727,25.920000076293945,25.920000076293945,133383
2018-06-29,17.239030838012695,25.920000076293945,26.280000686645508,25.920000076293945,26.280000686645508,202867
2018-07-02,17.31884002685547,26.040000915527344,26.15999984741211,25.920000076293945,25.920000076293945,135533
2018-07-03,17.398653030395508,26.15999984741211,26.15999984741211,26.040000915527344,26.040000915527344,47000
2018-07-05,17.398653030395508,26.15999984741211,26.219999313354492,25.979999542236328,26.040000915527344,70817
2018-07-06,17.31884002685547,26.040000915527344,26.219999313354492,26.040000915527344,26.100000381469727,123267
2018-07-09,17.35873794555664,26.100000381469727,26.219999313354492,26.100000381469727,26.100000381469727,100867
2018-07-10,17.438556671142578,26.219999313354492,26.280000686645508,26.100000381469727,26.100000381469727,99483
2018-07-11,17.35873794555664,26.100000381469727,26.280000686645508,26.040000915527344,26.219999313354492,81183
2018-07-12,17.438556671142578,26.219999313354492,26.219999313354492,26.100000381469727,26.100000381469727,57200
2018-07-13,17.438556671142578,26.219999313354492,26.280000686645508,25.979999542236328,26.219999313354492,104033
2018-07-16,17.398653030395508,26.15999984741211,26.280000686645508,26.15999984741211,26.15999984741211,112250
2018-07-17,17.31884002685547,26.040000915527344,26.219999313354492,26.040000915527344,26.15999984741211,84417
2018-07-18,17.398653030395508,26.15999984741211,26.280000686645508,26.100000381469727,26.15999984741211,93183
2018-07-19,17.239030838012695,25.920000076293945,26.15999984741211,25.920000076293945,26.100000381469727,158600
2018-07-20,17.29938316345215,25.799999237060547,25.920000076293945,25.799999237060547,25.799999237060547,88917
2018-07-23,17.460308074951172,26.040000915527344,26.040000915527344,25.799999237060547,25.920000076293945,103133
2018-07-24,17.3396053314209,25.860000610351562,26.100000381469727,25.799999237060547,26.040000915527344,98000
2018-07-25,17.29938316345215,25.799999237060547,25.920000076293945,25.739999771118164,25.860000610351562,110517
2018-07-26,17.21891212463379,25.68000030517578,25.860000610351562,25.68000030517578,25.739999771118164,102533
2018-07-27,17.259143829345703,25.739999771118164,25.860000610351562,25.739999771118164,25.799999237060547,89517
2018-07-30,17.3396053314209,25.860000610351562,25.920000076293945,25.68000030517578,25.799999237060547,67750
2018-07-31,17.29938316345215,25.799999237060547,26.100000381469727,25.68000030517578,25.979999542236328,217033
2018-08-01,17.42007064819336,25.979999542236328,25.979999542236328,25.68000030517578,25.860000610351562,79400
2018-08-02,17.13844871520996,25.559999465942383,25.920000076293945,25.5,25.920000076293945,275467
2018-08-03,17.09821128845215,25.5,25.6200008392334,25.5,25.5,93200
2018-08-06,17.017751693725586,25.3799991607666,25.5,25.260000228881836,25.3799991607666,148900
2018-08-07,17.057981491088867,25.440000534057617,25.5,25.260000228881836,25.31999969482422,149050
2018-08-08,17.21891212463379,25.68000030517578,25.739999771118164,25.5,25.5,99550
2018-08-09,17.178680419921875,25.6200008392334,25.739999771118164,25.559999465942383,25.6200008392334,96450
2018-08-10,17.09821128845215,25.5,25.6200008392334,25.260000228881836,25.559999465942383,124950
2018-08-13,17.09821128845215,25.5,25.559999465942383,25.200000762939453,25.3799991607666,192983
2018-08-14,16.897064208984375,25.200000762939453,25.5,25.139999389648438,25.440000534057617,145150
2018-08-15,16.97753143310547,25.31999969482422,25.3799991607666,25.079999923706055,25.139999389648438,125017
2018-08-16,17.057981491088867,25.440000534057617,25.440000534057617,25.260000228881836,25.260000228881836,71367
2018-08-17,16.88005828857422,25.139999389648438,25.260000228881836,25.079999923706055,25.139999389648438,142450
2018-08-20,17.00092124938965,25.31999969482422,25.3799991607666,25.200000762939453,25.31999969482422,103183
2018-08-21,17.08148193359375,25.440000534057617,25.440000534057617,25.200000762939453,25.260000228881836,78367
2018-08-22,17.041196823120117,25.3799991607666,25.440000534057617,25.260000228881836,25.440000534057617,94933
2018-08-23,16.92034339904785,25.200000762939453,25.31999969482422,25.079999923706055,25.260000228881836,143250
2018-08-24,17.041196823120117,25.3799991607666,25.3799991607666,25.200000762939453,25.31999969482422,132833
2018-08-27,17.08148193359375,25.440000534057617,25.440000534057617,25.31999969482422,25.3799991607666,89683
2018-08-28,17.00092124938965,25.31999969482422,25.440000534057617,25.31999969482422,25.440000534057617,131967
2018-08-29,17.00092124938965,25.31999969482422,25.5,25.31999969482422,25.31999969482422,105300
2018-08-30,16.92034339904785,25.200000762939453,25.3799991607666,25.200000762939453,25.260000228881836,90600
2018-08-31,16.92034339904785,25.200000762939453,25.31999969482422,25.139999389648438,25.31999969482422,54267
2018-09-04,16.759199142456055,24.959999084472656,25.200000762939453,24.899999618530273,25.200000762939453,114683
2018-09-05,16.79947280883789,25.020000457763672,25.079999923706055,24.899999618530273,24.959999084472656,87567
2018-09-06,16.638338088989258,24.780000686645508,25.020000457763672,24.719999313354492,24.899999618530273,180883
2018-09-07,16.51747703552246,24.600000381469727,24.719999313354492,24.540000915527344,24.719999313354492,231667
2018-09-10,16.557764053344727,24.65999984741211,24.65999984741211,24.479999542236328,24.540000915527344,77050
2018-09-11,16.638338088989258,24.780000686645508,24.84000015258789,24.479999542236328,24.65999984741211,240533
2018-09-12,16.678617477416992,24.84000015258789,24.959999084472656,24.719999313354492,24.780000686645508,245267
2018-09-13,16.71891212463379,24.899999618530273,24.899999618530273,24.84000015258789,24.84000015258789,58533
2018-09-14,16.678617477416992,24.84000015258789,25.079999923706055,24.780000686645508,25.020000457763672,112383
2018-09-17,16.51747703552246,24.600000381469727,24.899999618530273,24.540000915527344,24.780000686645508,103133
2018-09-18,16.638338088989258,24.780000686645508,24.780000686645508,24.600000381469727,24.600000381469727,83650
2018-09-19,16.678617477416992,24.84000015258789,24.84000015258789,24.65999984741211,24.719999313354492,84350
2018-09-20,16.71891212463379,24.899999618530273,25.020000457763672,24.780000686645508,24.84000015258789,109100
2018-09-21,16.500383377075195,24.540000915527344,24.84000015258789,24.540000915527344,24.65999984741211,154583
2018-09-24,16.66175079345703,24.780000686645508,24.84000015258789,24.540000915527344,24.540000915527344,90767
2018-09-25,16.66175079345703,24.780000686645508,24.899999618530273,24.540000915527344,24.719999313354492,115133
2018-09-26,16.540725708007812,24.600000381469727,24.84000015258789,24.600000381469727,24.84000015258789,118400
2018-09-27,16.581064224243164,24.65999984741211,24.84000015258789,24.600000381469727,24.600000381469727,76533
2018-09-28,16.702098846435547,24.84000015258789,24.84000015258789,24.65999984741211,24.719999313354492,103517
2018-10-01,16.8231258392334,25.020000457763672,25.020000457763672,24.780000686645508,24.899999618530273,106467
2018-10-02,16.90382194519043,25.139999389648438,25.139999389648438,24.959999084472656,25.079999923706055,125700
2018-10-03,16.78278923034668,24.959999084472656,25.260000228881836,24.899999618530273,25.139999389648438,107300
2018-10-04,16.581064224243164,24.65999984741211,24.959999084472656,24.479999542236328,24.959999084472656,91467
2018-10-05,16.379356384277344,24.360000610351562,24.65999984741211,24.299999237060547,24.600000381469727,73017
2018-10-08,16.379356384277344,24.360000610351562,24.420000076293945,24.239999771118164,24.239999771118164,72567
2018-10-09,16.137290954589844,24.0,24.360000610351562,24.0,24.360000610351562,127483
2018-10-10,16.096954345703125,23.940000534057617,24.299999237060547,23.700000762939453,23.8799991607666,162083
2018-10-11,15.975920677185059,23.760000228881836,24.059999465942383,23.700000762939453,23.760000228881836,102000
2018-10-12,16.05660629272461,23.8799991607666,24.1200008392334,23.760000228881836,24.0,114867
2018-10-15,16.21798324584961,24.1200008392334,24.1200008392334,23.8799991607666,24.0,79617
2018-10-16,16.379356384277344,24.360000610351562,24.360000610351562,24.0,24.0,111400
2018-10-17,16.25832748413086,24.18000030517578,24.239999771118164,24.0,24.239999771118164,45667
2018-10-18,16.319368362426758,24.059999465942383,24.1200008392334,23.8799991607666,23.940000534057617,80000
2018-10-19,16.115888595581055,23.760000228881836,24.1200008392334,23.760000228881836,24.1200008392334,62067
2018-10-22,16.197277069091797,23.8799991607666,24.059999465942383,23.639999389648438,24.059999465942383,95800
2018-10-23,16.23797607421875,23.940000534057617,23.940000534057617,23.579999923706055,23.639999389648438,72567
2018-10-24,15.993796348571777,23.579999923706055,23.940000534057617,23.579999923706055,23.760000228881836,80650
2018-10-25,16.197277069091797,23.8799991607666,23.8799991607666,23.639999389648438,23.8799991607666,70350
2018-10-26,15.993796348571777,23.579999923706055,23.81999969482422,23.520000457763672,23.700000762939453,140300
2018-10-29,15.993796348571777,23.579999923706055,23.940000534057617,23.459999084472656,23.8799991607666,140950
2018-10-30,15.993796348571777,23.579999923706055,23.700000762939453,23.520000457763672,23.639999389648438,101367
2018-10-31,15.993796348571777,23.579999923706055,23.700000762939453,23.459999084472656,23.579999923706055,101700
2018-11-01,16.115888595581055,23.760000228881836,23.760000228881836,23.639999389648438,23.639999389648438,67567
2018-11-02,16.23797607421875,23.940000534057617,23.940000534057617,23.700000762939453,23.760000228881836,98583
2018-11-05,16.23797607421875,23.940000534057617,23.940000534057617,23.459999084472656,23.8799991607666,87267
2018-11-06,16.23797607421875,23.940000534057617,24.0,23.700000762939453,23.8799991607666,126383
2018-11-07,16.23797607421875,23.940000534057617,24.18000030517578,23.940000534057617,24.0,130850
2018-11-08,16.441450119018555,24.239999771118164,24.299999237060547,24.0,24.059999465942383,152183
2018-11-09,16.4007625579834,24.18000030517578,24.299999237060547,24.0,24.059999465942383,80367
2018-11-12,16.4007625579834,24.18000030517578,24.239999771118164,23.940000534057617,24.059999465942383,192233
2018-11-13,16.482160568237305,24.299999237060547,24.360000610351562,24.059999465942383,24.18000030517578,152433
2018-11-14,16.4007625579834,24.18000030517578,24.360000610351562,24.1200008392334,24.299999237060547,107350
2018-11-15,16.522855758666992,24.360000610351562,24.420000076293945,24.1200008392334,24.18000030517578,95817
2018-11-16,16.383609771728516,24.1200008392334,24.18000030517578,24.0,24.1200008392334,98150
2018-11-19,16.261335372924805,23.940000534057617,24.1200008392334,23.940000534057617,24.0,112667
2018-11-20,16.179824829101562,23.81999969482422,23.940000534057617,23.700000762939453,23.8799991607666,178600
2018-11-21,16.261335372924805,23.940000534057617,23.940000534057617,23.760000228881836,23.81999969482422,132317
2018-11-23,16.261335372924805,23.940000534057617,24.0,23.760000228881836,23.8799991607666,32317
2018-11-26,16.261335372924805,23.940000534057617,24.0,23.700000762939453,23.940000534057617,201883
2018-11-27,16.179824829101562,23.81999969482422,23.940000534057617,23.700000762939453,23.760000228881836,165650
2018-11-28,16.179824829101562,23.81999969482422,24.0,23.760000228881836,23.940000534057617,150967
2018-11-29,16.2205867767334,23.8799991607666,24.059999465942383,23.8799991607666,23.940000534057617,131633
2018-11-30,16.34284782409668,24.059999465942383,24.059999465942383,23.8799991607666,23.8799991607666,167650
2018-12-03,16.46510887145996,24.239999771118164,24.360000610351562,24.1200008392334,24.18000030517578,177217
2018-12-04,16.505870819091797,24.299999237060547,24.299999237060547,24.1200008392334,24.239999771118164,127667
2018-12-06,16.261335372924805,23.940000534057617,24.239999771118164,23.940000534057617,24.059999465942383,191200
2018-12-07,16.383609771728516,24.1200008392334,24.1200008392334,23.940000534057617,23.940000534057617,122300
2018-12-10,16.30208969116211,24.0,24.059999465942383,23.8799991607666,23.940000534057617,156367
2018-12-11,16.261335372924805,23.940000534057617,24.059999465942383,23.8799991607666,23.940000534057617,147867
2018-12-12,16.30208969116211,24.0,24.059999465942383,23.81999969482422,24.0,133383
2018-12-13,16.30208969116211,24.0,24.0,23.8799991607666,23.8799991607666,160283
2018-12-14,16.30208969116211,24.0,24.0,23.639999389648438,23.8799991607666,165600
2018-12-17,15.894542694091797,23.399999618530273,23.8799991607666,23.399999618530273,23.760000228881836,170050
2018-12-18,15.935302734375,23.459999084472656,23.579999923706055,23.399999618530273,23.399999618530273,184817
2018-12-19,16.016815185546875,23.579999923706055,23.639999389648438,23.399999618530273,23.399999618530273,154117
2018-12-20,15.772276878356934,23.219999313354492,23.520000457763672,23.040000915527344,23.34000015258789,228350
2018-12-21,15.813028335571289,23.280000686645508,23.34000015258789,23.040000915527344,23.15999984741211,185367
2018-12-24,15.731523513793945,23.15999984741211,23.459999084472656,22.920000076293945,23.040000915527344,156183
2018-12-26,15.935302734375,23.459999084472656,23.639999389648438,23.219999313354492,23.280000686645508,223433
2018-12-27,16.139062881469727,23.760000228881836,23.760000228881836,23.280000686645508,23.399999618530273,230350
2018-12-28,16.077396392822266,23.459999084472656,23.639999389648438,23.280000686645508,23.520000457763672,294800
2018-12-31,15.912915229797363,23.219999313354492,23.639999389648438,23.219999313354492,23.459999084472656,361067
2019-01-02,16.077396392822266,23.459999084472656,23.579999923706055,23.100000381469727,23.15999984741211,93367
2019-01-03,16.11851692199707,23.520000457763672,23.520000457763672,23.280000686645508,23.459999084472656,97000
2019-01-04,16.241870880126953,23.700000762939453,23.940000534057617,23.520000457763672,23.520000457763672,140950
2019-01-07,16.48857879638672,24.059999465942383,24.059999465942383,23.81999969482422,23.8799991607666,139717
2019-01-08,16.48857879638672,24.059999465942383,24.239999771118164,23.940000534057617,24.059999465942383,170533
2019-01-09,16.48857879638672,24.059999465942383,24.299999237060547,24.059999465942383,24.1200008392334,200967
2019-01-10,16.57082748413086,24.18000030517578,24.239999771118164,24.059999465942383,24.239999771118164,169400
2019-01-11,16.61193084716797,24.239999771118164,24.299999237060547,24.1200008392334,24.239999771118164,124700
2019-01-14,16.653059005737305,24.299999237060547,24.360000610351562,24.18000030517578,24.239999771118164,126750
2019-01-15,16.653059005737305,24.299999237060547,24.360000610351562,24.18000030517578,24.18000030517578,128033
2019-01-16,16.69417381286621,24.360000610351562,24.420000076293945,24.18000030517578,24.239999771118164,110150
2019-01-17,16.52969741821289,24.1200008392334,24.360000610351562,24.1200008392334,24.299999237060547,287267
2019-01-18,16.57082748413086,24.18000030517578,24.360000610351562,24.1200008392334,24.239999771118164,152050
2019-01-22,16.43012809753418,23.940000534057617,24.18000030517578,23.8799991607666,24.0,772667
2019-01-23,16.43012809753418,23.940000534057617,24.059999465942383,23.8799991607666,24.0,118133
2019-01-24,16.347766876220703,23.81999969482422,24.0,23.81999969482422,24.0,102333
2019-01-25,16.512481689453125,24.059999465942383,24.1200008392334,23.940000534057617,23.940000534057617,82900
2019-01-28,16.512481689453125,24.059999465942383,24.18000030517578,24.0,24.0,53450
2019-01-29,16.512481689453125,24.059999465942383,24.299999237060547,24.059999465942383,24.1200008392334,125133
2019-01-30,16.759550094604492,24.420000076293945,24.479999542236328,24.18000030517578,24.18000030517578,174017
2019-01-31,17.006622314453125,24.780000686645508,24.780000686645508,24.479999542236328,24.65999984741211,179083
2019-02-01,17.08897590637207,24.899999618530273,25.139999389648438,24.899999618530273,24.959999084472656,444650
2019-02-04,17.17133331298828,25.020000457763672,25.139999389648438,24.959999084472656,25.079999923706055,222950
2019-02-05,17.336044311523438,25.260000228881836,25.260000228881836,24.959999084472656,25.079999923706055,227133
2019-02-06,17.21251678466797,25.079999923706055,25.31999969482422,25.020000457763672,25.31999969482422,211200
2019-02-07,17.336044311523438,25.260000228881836,25.260000228881836,25.079999923706055,25.139999389648438,198217
2019-02-08,17.37723159790039,25.31999969482422,25.31999969482422,25.139999389648438,25.200000762939453,95500
2019-02-11,17.747840881347656,25.860000610351562,25.860000610351562,25.200000762939453,25.260000228881836,105333
2019-02-12,17.253686904907227,25.139999389648438,25.5,25.139999389648438,25.5,147000
2019-02-13,17.21251678466797,25.079999923706055,25.260000228881836,25.079999923706055,25.200000762939453,113533
2019-02-14,17.13016128540039,24.959999084472656,25.200000762939453,24.959999084472656,25.139999389648438,110233
2019-02-15,17.294862747192383,25.200000762939453,25.200000762939453,25.020000457763672,25.020000457763672,163600
2019-02-19,17.418405532836914,25.3799991607666,25.440000534057617,25.139999389648438,25.200000762939453,151100
2019-02-20,17.480688095092773,25.260000228881836,25.3799991607666,25.200000762939453,25.31999969482422,104917
2019-02-21,17.56373405456543,25.3799991607666,25.3799991607666,25.139999389648438,25.200000762939453,116367
2019-02-22,17.729827880859375,25.6200008392334,25.6200008392334,25.31999969482422,25.3799991607666,107700
2019-02-25,17.605253219604492,25.440000534057617,25.739999771118164,25.260000228881836,25.68000030517578,181283
2019-02-26,17.771339416503906,25.68000030517578,25.68000030517578,25.3799991607666,25.559999465942383,133750
2019-02-27,17.646774291992188,25.5,25.68000030517578,25.5,25.6200008392334,94183
2019-02-28,17.688289642333984,25.559999465942383,25.6200008392334,25.5,25.6200008392334,100450
2019-03-01,17.688289642333984,25.559999465942383,25.799999237060547,25.5,25.739999771118164,119483
2019-03-04,17.522212982177734,25.31999969482422,25.739999771118164,25.260000228881836,25.559999465942383,184083
2019-03-05,17.522212982177734,25.31999969482422,25.5,25.260000228881836,25.440000534057617,109067
2019-03-06,17.39764404296875,25.139999389648438,25.5,25.079999923706055,25.31999969482422,167933
2019-03-07,17.314598083496094,25.020000457763672,25.200000762939453,24.959999084472656,25.139999389648438,97850
2019-03-08,17.273080825805664,24.959999084472656,25.079999923706055,24.84000015258789,24.899999618530273,154650
2019-03-11,17.39764404296875,25.139999389648438,25.200000762939453,24.959999084472656,25.020000457763672,69533
2019-03-12,17.439165115356445,25.200000762939453,25.31999969482422,25.139999389648438,25.260000228881836,72833
2019-03-13,17.522212982177734,25.31999969482422,25.3799991607666,25.139999389648438,25.200000762939453,56850
2019-03-14,17.605253219604492,25.440000534057617,25.440000534057617,25.260000228881836,25.3799991607666,71033
2019-03-15,17.646774291992188,25.5,25.6200008392334,25.31999969482422,25.3799991607666,94500
2019-03-18,17.688289642333984,25.559999465942383,25.739999771118164,25.5,25.6200008392334,116833
2019-03-19,17.688289642333984,25.559999465942383,25.739999771118164,25.559999465942383,25.68000030517578,81250
2019-03-20,17.6293888092041,25.440000534057617,25.5,25.260000228881836,25.260000228881836,79383
2019-03-21,17.6293888092041,25.440000534057617,25.5,25.31999969482422,25.440000534057617,63233
2019-03-22,17.546239852905273,25.31999969482422,25.559999465942383,25.31999969482422,25.440000534057617,87183
2019-03-25,17.6293888092041,25.440000534057617,25.440000534057617,25.200000762939453,25.260000228881836,61083
2019-03-26,17.6293888092041,25.440000534057617,25.559999465942383,25.440000534057617,25.5,76967
2019-03-27,17.754131317138672,25.6200008392334,25.6200008392334,25.440000534057617,25.5,94983
2019-03-28,17.6293888092041,25.440000534057617,25.5,25.260000228881836,25.440000534057617,70700
2019-03-29,17.58781623840332,25.3799991607666,25.6200008392334,25.3799991607666,25.6200008392334,130083
2019-04-01,17.67097282409668,25.5,25.739999771118164,25.440000534057617,25.5,154700
2019-04-02,17.67097282409668,25.5,25.559999465942383,25.3799991607666,25.559999465942383,127733
2019-04-03,17.67097282409668,25.5,25.559999465942383,25.3799991607666,25.440000534057617,107850
2019-04-04,17.67097282409668,25.5,25.6200008392334,25.440000534057617,25.559999465942383,108100
2019-04-05,17.71254539489746,25.559999465942383,25.68000030517578,25.440000534057617,25.559999465942383,324950
2019-04-08,17.6293888092041,25.440000534057617,25.6200008392334,25.440000534057617,25.6200008392334,216450
2019-04-09,17.6293888092041,25.440000534057617,25.559999465942383,25.440000534057617,25.559999465942383,138333
2019-04-10,17.213603973388672,24.84000015258789,25.020000457763672,24.479999542236328,25.020000457763672,849233
2019-04-11,17.172027587890625,24.780000686645508,24.899999618530273,24.65999984741211,24.719999313354492,263350
2019-04-12,17.213603973388672,24.84000015258789,24.899999618530273,24.780000686645508,24.84000015258789,235600
2019-04-15,17.172027587890625,24.780000686645508,24.84000015258789,24.719999313354492,24.780000686645508,168550
2019-04-16,17.172027587890625,24.780000686645508,24.84000015258789,24.600000381469727,24.780000686645508,181900
2019-04-17,17.255186080932617,24.899999618530273,24.959999084472656,24.780000686645508,24.899999618530273,217600
2019-04-18,17.066476821899414,24.600000381469727,24.84000015258789,24.479999542236328,24.84000015258789,205483
2019-04-22,16.983230590820312,24.479999542236328,24.780000686645508,24.479999542236328,24.540000915527344,171383
2019-04-23,17.066476821899414,24.600000381469727,24.65999984741211,24.540000915527344,24.540000915527344,163900
2019-04-24,17.066476821899414,24.600000381469727,24.719999313354492,24.540000915527344,24.600000381469727,139367
2019-04-25,17.02486228942871,24.540000915527344,24.65999984741211,24.479999542236328,24.65999984741211,133850
2019-04-26,16.983230590820312,24.479999542236328,24.719999313354492,24.479999542236328,24.600000381469727,152950
2019-04-29,17.02486228942871,24.540000915527344,24.84000015258789,24.479999542236328,24.600000381469727,106333
2019-04-30,17.149738311767578,24.719999313354492,24.719999313354492,24.540000915527344,24.65999984741211,172683
2019-05-01,17.066476821899414,24.600000381469727,24.780000686645508,24.600000381469727,24.65999984741211,197683
2019-05-02,17.066476821899414,24.600000381469727,24.65999984741211,24.479999542236328,24.600000381469727,116733
2019-05-03,17.149738311767578,24.719999313354492,24.84000015258789,24.65999984741211,24.719999313354492,191417
2019-05-06,17.149738311767578,24.719999313354492,24.780000686645508,24.600000381469727,24.719999313354492,136617
2019-05-07,17.108108520507812,24.65999984741211,24.719999313354492,24.600000381469727,24.719999313354492,91833
2019-05-08,17.191360473632812,24.780000686645508,24.780000686645508,24.65999984741211,24.65999984741211,87267
2019-05-09,17.149738311767578,24.719999313354492,24.780000686645508,24.65999984741211,24.719999313354492,82400
2019-05-10,17.191360473632812,24.780000686645508,24.780000686645508,24.65999984741211,24.719999313354492,63683
2019-05-13,17.066476821899414,24.600000381469727,24.719999313354492,24.540000915527344,24.65999984741211,83817
2019-05-14,17.23297882080078,24.84000015258789,24.899999618530273,24.600000381469727,24.65999984741211,94550
2019-05-15,17.274608612060547,24.899999618530273,24.899999618530273,24.780000686645508,24.84000015258789,81833
2019-05-16,17.23297882080078,24.84000015258789,24.899999618530273,24.65999984741211,24.84000015258789,90867
2019-05-17,17.149738311767578,24.719999313354492,24.899999618530273,24.719999313354492,24.84000015258789,75233
2019-05-20,17.274608612060547,24.899999618530273,24.899999618530273,24.65999984741211,24.780000686645508,148117
2019-05-21,16.960676193237305,24.420000076293945,24.899999618530273,24.360000610351562,24.84000015258789,334800
2019-05-22,16.919004440307617,24.360000610351562,24.540000915527344,24.360000610351562,24.420000076293945,77717
2019-05-23,16.877334594726562,24.299999237060547,24.479999542236328,24.059999465942383,24.299999237060547,164133
2019-05-24,17.085691452026367,24.600000381469727,24.600000381469727,24.360000610351562,24.360000610351562,85217
2019-05-28,17.085691452026367,24.600000381469727,24.719999313354492,24.540000915527344,24.65999984741211,85783
2019-05-29,17.04402732849121,24.540000915527344,24.600000381469727,24.420000076293945,24.600000381469727,143983
2019-05-30,17.085691452026367,24.600000381469727,24.600000381469727,24.540000915527344,24.540000915527344,127600
2019-05-31,17.002349853515625,24.479999542236328,24.600000381469727,24.420000076293945,24.600000381469727,129800
2019-06-03,17.085691452026367,24.600000381469727,24.84000015258789,24.479999542236328,24.600000381469727,198750
2019-06-04,17.04402732849121,24.540000915527344,24.719999313354492,24.540000915527344,24.719999313354492,138000
2019-06-05,17.085691452026367,24.600000381469727,24.65999984741211,24.540000915527344,24.600000381469727,116800
2019-06-06,17.085691452026367,24.600000381469727,24.65999984741211,24.540000915527344,24.600000381469727,113233
2019-06-07,17.04402732849121,24.540000915527344,24.65999984741211,24.540000915527344,24.600000381469727,318100
2019-06-10,17.002349853515625,24.479999542236328,24.65999984741211,24.479999542236328,24.65999984741211,110000
2019-06-11,17.085691452026367,24.600000381469727,24.719999313354492,24.540000915527344,24.600000381469727,101400
2019-06-12,17.127368927001953,24.65999984741211,24.65999984741211,24.540000915527344,24.600000381469727,81883
2019-06-13,17.085691452026367,24.600000381469727,24.65999984741211,24.540000915527344,24.65999984741211,140917
2019-06-14,17.04402732849121,24.540000915527344,24.65999984741211,24.540000915527344,24.65999984741211,107483
2019-06-17,17.085691452026367,24.600000381469727,24.65999984741211,24.479999542236328,24.65999984741211,150983
2019-06-18,17.04402732849121,24.540000915527344,24.65999984741211,24.540000915527344,24.540000915527344,173517
2019-06-19,17.127368927001953,24.65999984741211,24.719999313354492,24.540000915527344,24.600000381469727,164433
2019-06-20,17.24484634399414,24.65999984741211,24.65999984741211,24.540000915527344,24.600000381469727,133933
2019-06-21,17.286813735961914,24.719999313354492,24.719999313354492,24.600000381469727,24.719999313354492,91200
2019-06-24,17.37071990966797,24.84000015258789,24.84000015258789,24.65999984741211,24.719999313354492,133233
2019-06-25,17.37071990966797,24.84000015258789,24.899999618530273,24.780000686645508,24.84000015258789,85633
2019-06-26,17.412681579589844,24.899999618530273,25.020000457763672,24.540000915527344,24.899999618530273,96267
2019-06-27,17.496601104736328,25.020000457763672,25.079999923706055,24.899999618530273,25.020000457763672,110900
2019-06-28,17.538564682006836,25.079999923706055,25.200000762939453,24.899999618530273,25.139999389648438,186267
2019-07-01,17.580509185791016,25.139999389648438,25.139999389648438,24.959999084472656,25.079999923706055,195700
2019-07-02,17.412681579589844,24.899999618530273,25.200000762939453,24.899999618530273,25.139999389648438,83000
2019-07-03,17.580509185791016,25.139999389648438,25.200000762939453,25.020000457763672,25.020000457763672,71200
2019-07-05,17.62247085571289,25.200000762939453,25.260000228881836,24.600000381469727,25.139999389648438,200633
2019-07-08,17.62247085571289,25.200000762939453,25.3799991607666,25.200000762939453,25.3799991607666,120700
2019-07-09,17.748350143432617,25.3799991607666,25.440000534057617,25.260000228881836,25.31999969482422,125883
2019-07-10,17.79030418395996,25.440000534057617,25.5,25.200000762939453,25.440000534057617,118517
2019-07-11,17.79030418395996,25.440000534057617,25.5,25.3799991607666,25.440000534057617,76983
2019-07-12,17.79030418395996,25.440000534057617,25.5,25.440000534057617,25.440000534057617,77267
2019-07-15,17.874221801757812,25.559999465942383,25.68000030517578,25.3799991607666,25.559999465942383,113600
2019-07-16,17.91618537902832,25.6200008392334,25.68000030517578,25.559999465942383,25.559999465942383,134733
2019-07-17,17.91618537902832,25.6200008392334,25.739999771118164,25.6200008392334,25.68000030517578,83750
2019-07-18,17.91618537902832,25.6200008392334,25.68000030517578,25.559999465942383,25.68000030517578,98017
2019-07-19,17.76776695251465,25.3799991607666,25.559999465942383,25.31999969482422,25.5,109033
2019-07-22,17.76776695251465,25.3799991607666,25.5,25.31999969482422,25.3799991607666,75517
2019-07-23,17.725767135620117,25.31999969482422,25.440000534057617,25.260000228881836,25.3799991607666,125450
2019-07-24,17.89377784729004,25.559999465942383,25.559999465942383,25.31999969482422,25.3799991607666,80583
2019-07-25,17.725767135620117,25.31999969482422,25.5,25.31999969482422,25.440000534057617,71233
2019-07-26,17.80976676940918,25.440000534057617,25.440000534057617,25.31999969482422,25.440000534057617,63067
2019-07-29,17.725767135620117,25.31999969482422,25.3799991607666,25.260000228881836,25.31999969482422,87817
2019-07-30,17.683759689331055,25.260000228881836,25.31999969482422,25.200000762939453,25.31999969482422,96000
2019-07-31,17.725767135620117,25.31999969482422,25.440000534057617,25.31999969482422,25.31999969482422,66617
2019-08-01,17.80976676940918,25.440000534057617,25.440000534057617,25.31999969482422,25.440000534057617,51050
2019-08-02,17.683759689331055,25.260000228881836,25.440000534057617,25.200000762939453,25.3799991607666,122033
2019-08-05,17.431732177734375,24.899999618530273,25.31999969482422,24.780000686645508,25.260000228881836,154083
2019-08-06,17.5157413482666,25.020000457763672,25.079999923706055,24.899999618530273,24.899999618530273,67283
2019-08-07,17.389720916748047,24.84000015258789,25.079999923706055,24.780000686645508,25.079999923706055,119733
2019-08-08,17.599742889404297,25.139999389648438,25.200000762939453,24.959999084472656,24.959999084472656,54633
2019-08-09,17.683759689331055,25.260000228881836,25.31999969482422,25.079999923706055,25.139999389648438,82583
2019-08-12,17.47373390197754,24.959999084472656,25.260000228881836,24.899999618530273,25.260000228881836,112583
2019-08-13,17.557750701904297,25.079999923706055,25.200000762939453,24.84000015258789,24.899999618530273,104000
2019-08-14,17.347732543945312,24.780000686645508,25.020000457763672,24.719999313354492,24.959999084472656,200583
2019-08-15,17.389720916748047,24.84000015258789,24.899999618530273,24.84000015258789,24.84000015258789,50417
2019-08-16,17.325254440307617,24.719999313354492,24.959999084472656,24.719999313354492,24.780000686645508,91700
2019-08-19,17.325254440307617,24.719999313354492,24.899999618530273,24.719999313354492,24.780000686645508,92017
2019-08-20,17.36730194091797,24.780000686645508,24.84000015258789,24.65999984741211,24.780000686645508,70400
2019-08-21,17.409358978271484,24.84000015258789,24.959999084472656,24.719999313354492,24.719999313354492,88817
2019-08-22,17.36730194091797,24.780000686645508,24.899999618530273,24.780000686645508,24.84000015258789,55867
2019-08-23,17.36730194091797,24.780000686645508,24.959999084472656,24.780000686645508,24.780000686645508,75917
2019-08-26,17.4514102935791,24.899999618530273,24.959999084472656,24.780000686645508,24.84000015258789,153567
2019-08-27,17.4514102935791,24.899999618530273,25.079999923706055,24.899999618530273,25.020000457763672,109483
2019-08-28,17.577558517456055,25.079999923706055,25.139999389648438,24.899999618530273,24.959999084472656,190883
2019-08-29,17.619617462158203,25.139999389648438,25.200000762939453,25.079999923706055,25.200000762939453,80150
2019-08-30,17.577558517456055,25.079999923706055,25.079999923706055,25.020000457763672,25.020000457763672,66350
2019-09-03,17.493453979492188,24.959999084472656,25.079999923706055,24.899999618530273,25.079999923706055,84783
2019-09-04,17.619617462158203,25.139999389648438,25.200000762939453,25.020000457763672,25.079999923706055,61417
2019-09-05,17.619617462158203,25.139999389648438,25.31999969482422,25.079999923706055,25.200000762939453,112467
2019-09-06,17.661663055419922,25.200000762939453,25.260000228881836,25.139999389648438,25.139999389648438,86650
2019-09-09,17.619617462158203,25.139999389648438,25.3799991607666,25.079999923706055,25.31999969482422,76117
2019-09-10,17.661663055419922,25.200000762939453,25.260000228881836,25.139999389648438,25.200000762939453,76267
2019-09-11,17.661663055419922,25.200000762939453,25.31999969482422,25.200000762939453,25.260000228881836,75917
2019-09-12,17.661663055419922,25.200000762939453,25.260000228881836,25.200000762939453,25.260000228881836,72583
2019-09-13,17.661663055419922,25.200000762939453,25.31999969482422,25.200000762939453,25.260000228881836,80350
2019-09-16,17.745765686035156,25.31999969482422,25.3799991607666,25.200000762939453,25.260000228881836,84433
2019-09-17,17.70371437072754,25.260000228881836,25.31999969482422,25.200000762939453,25.31999969482422,59167
2019-09-18,17.577558517456055,25.079999923706055,25.260000228881836,25.079999923706055,25.260000228881836,93900
2019-09-19,17.745765686035156,25.31999969482422,25.31999969482422,25.139999389648438,25.139999389648438,73433
2019-09-20,17.72331428527832,25.260000228881836,25.260000228881836,25.079999923706055,25.139999389648438,49650
2019-09-23,17.639118194580078,25.139999389648438,25.31999969482422,25.139999389648438,25.260000228881836,89317
2019-09-24,17.72331428527832,25.260000228881836,25.31999969482422,25.079999923706055,25.139999389648438,94950
2019-09-25,17.597015380859375,25.079999923706055,25.260000228881836,25.079999923706055,25.139999389648438,92767
2019-09-26,17.68121910095215,25.200000762939453,25.260000228881836,25.139999389648438,25.260000228881836,71317
2019-09-27,17.639118194580078,25.139999389648438,25.260000228881836,25.079999923706055,25.200000762939453,51367
2019-09-30,17.639118194580078,25.139999389648438,25.31999969482422,25.139999389648438,25.260000228881836,134717
2019-10-01,17.72331428527832,25.260000228881836,25.31999969482422,25.139999389648438,25.139999389648438,79450
2019-10-02,17.597015380859375,25.079999923706055,25.200000762939453,25.020000457763672,25.139999389648438,80417
2019-10-03,17.72331428527832,25.260000228881836,25.260000228881836,25.020000457763672,25.020000457763672,41200
2019-10-04,17.765411376953125,25.31999969482422,25.31999969482422,25.200000762939453,25.260000228881836,77983
2019-10-07,17.765411376953125,25.31999969482422,25.440000534057617,25.31999969482422,25.3799991607666,105367
2019-10-08,17.765411376953125,25.31999969482422,25.3799991607666,25.260000228881836,25.31999969482422,42367
2019-10-09,17.72331428527832,25.260000228881836,25.3799991607666,25.260000228881836,25.31999969482422,75350
2019-10-10,17.765411376953125,25.31999969482422,25.3799991607666,25.260000228881836,25.260000228881836,45333
2019-10-11,17.765411376953125,25.31999969482422,25.440000534057617,25.31999969482422,25.3799991607666,68350
2019-10-14,17.807510375976562,25.3799991607666,25.3799991607666,25.260000228881836,25.31999969482422,54883
2019-10-15,17.807510375976562,25.3799991607666,25.440000534057617,25.31999969482422,25.3799991607666,89867
2019-10-16,17.807510375976562,25.3799991607666,25.3799991607666,25.260000228881836,25.31999969482422,98850
2019-10-17,17.849605560302734,25.440000534057617,25.5,25.31999969482422,25.3799991607666,79967
2019-10-18,17.883516311645508,25.31999969482422,25.440000534057617,25.260000228881836,25.260000228881836,91767
2019-10-21,17.92588996887207,25.3799991607666,25.440000534057617,25.31999969482422,25.3799991607666,77533
2019-10-22,17.968259811401367,25.440000534057617,25.440000534057617,25.260000228881836,25.3799991607666,70333
2019-10-23,17.883516311645508,25.31999969482422,25.440000534057617,25.260000228881836,25.3799991607666,71533
2019-10-24,18.01064682006836,25.5,25.5,25.31999969482422,25.31999969482422,55867
2019-10-25,17.92588996887207,25.3799991607666,25.5,25.3799991607666,25.440000534057617,82433
2019-10-28,17.968259811401367,25.440000534057617,25.5,25.31999969482422,25.440000534057617,85450
2019-10-29,17.968259811401367,25.440000534057617,25.5,25.31999969482422,25.5,122433
2019-10-30,17.92588996887207,25.3799991607666,25.5,25.31999969482422,25.3799991607666,90533
2019-10-31,18.01064682006836,25.5,25.5,25.440000534057617,25.440000534057617,59317
2019-11-01,18.095401763916016,25.6200008392334,25.68000030517578,25.440000534057617,25.5,108883
2019-11-04,18.095401763916016,25.6200008392334,25.6200008392334,25.559999465942383,25.6200008392334,87950
2019-11-05,18.137779235839844,25.68000030517578,25.799999237060547,25.6200008392334,25.6200008392334,117567
2019-11-06,18.180160522460938,25.739999771118164,25.799999237060547,25.68000030517578,25.739999771118164,98067
2019-11-07,18.01064682006836,25.5,25.739999771118164,25.5,25.739999771118164,97933
2019-11-08,18.053024291992188,25.559999465942383,25.6200008392334,25.5,25.5,88017
2019-11-11,18.180160522460938,25.739999771118164,25.739999771118164,25.6200008392334,25.68000030517578,103467
2019-11-12,18.137779235839844,25.68000030517578,25.739999771118164,25.559999465942383,25.739999771118164,110967
2019-11-13,18.053024291992188,25.559999465942383,25.799999237060547,25.559999465942383,25.6200008392334,97917
2019-11-14,18.095401763916016,25.6200008392334,25.6200008392334,25.559999465942383,25.559999465942383,54450
2019-11-15,18.095401763916016,25.6200008392334,25.739999771118164,25.559999465942383,25.6200008392334,72217
2019-11-18,18.2225341796875,25.799999237060547,25.799999237060547,25.559999465942383,25.68000030517578,91367
2019-11-19,18.180160522460938,25.739999771118164,25.799999237060547,25.68000030517578,25.739999771118164,75883
2019-11-20,18.171627044677734,25.559999465942383,25.739999771118164,25.5,25.6200008392334,95217
2019-11-21,18.128969192504883,25.5,25.68000030517578,25.440000534057617,25.6200008392334,72383
2019-11-22,18.171627044677734,25.559999465942383,25.6200008392334,25.440000534057617,25.559999465942383,114800
2019-11-25,18.214284896850586,25.6200008392334,25.6200008392334,25.5,25.6200008392334,82167
2019-11-26,18.214284896850586,25.6200008392334,25.739999771118164,25.5,25.6200008392334,133817
2019-11-27,18.25693702697754,25.68000030517578,25.68000030517578,25.559999465942383,25.68000030517578,96683
2019-11-29,18.25693702697754,25.68000030517578,25.739999771118164,25.6200008392334,25.739999771118164,78050
2019-12-02,18.214284896850586,25.6200008392334,25.799999237060547,25.559999465942383,25.739999771118164,114800
2019-12-03,18.299602508544922,25.739999771118164,25.739999771118164,25.559999465942383,25.6200008392334,71983
2019-12-04,18.342256546020508,25.799999237060547,25.799999237060547,25.68000030517578,25.739999771118164,98467
2019-12-05,18.342256546020508,25.799999237060547,25.799999237060547,25.68000030517578,25.739999771118164,75700
2019-12-06,18.384912490844727,25.860000610351562,26.040000915527344,25.739999771118164,25.799999237060547,170900
2019-12-09,18.470218658447266,25.979999542236328,25.979999542236328,25.799999237060547,25.799999237060547,73933
2019-12-10,18.470218658447266,25.979999542236328,25.979999542236328,25.920000076293945,25.920000076293945,87783
2019-12-11,18.427562713623047,25.920000076293945,26.040000915527344,25.860000610351562,25.979999542236328,119233
2019-12-12,18.342256546020508,25.799999237060547,25.979999542236328,25.799999237060547,25.920000076293945,109267
2019-12-13,18.25693702697754,25.68000030517578,25.860000610351562,25.6200008392334,25.860000610351562,116950
2019-12-16,18.299602508544922,25.739999771118164,25.739999771118164,25.6200008392334,25.68000030517578,85333
2019-12-17,18.214284896850586,25.6200008392334,25.799999237060547,25.6200008392334,25.739999771118164,94700
2019-12-18,18.171627044677734,25.559999465942383,25.68000030517578,25.559999465942383,25.6200008392334,88950
2019-12-19,18.171627044677734,25.559999465942383,25.6200008392334,25.5,25.559999465942383,146833
2019-12-20,18.25693702697754,25.68000030517578,25.739999771118164,25.559999465942383,25.6200008392334,88050
2019-12-23,18.214284896850586,25.6200008392334,25.68000030517578,25.559999465942383,25.6200008392334,106633
2019-12-24,18.299602508544922,25.739999771118164,25.739999771118164,25.559999465942383,25.6200008392334,86967
2019-12-26,18.214284896850586,25.6200008392334,25.799999237060547,25.6200008392334,25.739999771118164,116467
2019-12-27,18.25693702697754,25.68000030517578,25.739999771118164,25.559999465942383,25.6200008392334,147300
2019-12-30,18.148757934570312,25.5,25.6200008392334,25.440000534057617,25.559999465942383,144217
2019-12-31,18.148757934570312,25.5,25.559999465942383,25.440000534057617,25.440000534057617,127150
2020-01-02,18.23416519165039,25.6200008392334,25.68000030517578,25.5,25.559999465942383,91767
2020-01-03,18.276865005493164,25.68000030517578,25.68000030517578,25.5,25.559999465942383,95967
2020-01-06,18.276865005493164,25.68000030517578,25.799999237060547,25.6200008392334,25.739999771118164,108000
2020-01-07,18.36227798461914,25.799999237060547,25.799999237060547,25.559999465942383,25.6200008392334,105367
2020-01-08,18.447675704956055,25.920000076293945,25.979999542236328,25.739999771118164,25.799999237060547,121850
2020-01-09,18.36227798461914,25.799999237060547,25.920000076293945,25.739999771118164,25.920000076293945,107517
2020-01-10,18.490379333496094,25.979999542236328,25.979999542236328,25.799999237060547,25.920000076293945,103783
2020-01-13,18.575788497924805,26.100000381469727,26.100000381469727,25.920000076293945,25.979999542236328,79933
2020-01-14,18.575788497924805,26.100000381469727,26.100000381469727,26.040000915527344,26.100000381469727,66483
2020-01-15,18.618494033813477,26.15999984741211,26.15999984741211,26.040000915527344,26.15999984741211,79500
2020-01-16,18.746597290039062,26.34000015258789,26.34000015258789,26.040000915527344,26.100000381469727,112533
2020-01-17,18.59555435180664,26.100000381469727,26.219999313354492,26.100000381469727,26.219999313354492,69467
2020-01-21,18.59555435180664,26.100000381469727,26.100000381469727,26.040000915527344,26.100000381469727,70183
2020-01-22,18.72380256652832,26.280000686645508,26.280000686645508,26.040000915527344,26.100000381469727,111950
2020-01-23,18.72380256652832,26.280000686645508,26.280000686645508,26.15999984741211,26.280000686645508,85767
2020-01-24,18.59555435180664,26.100000381469727,26.280000686645508,26.040000915527344,26.280000686645508,160867
2020-01-27,18.25356674194336,25.6200008392334,26.100000381469727,25.559999465942383,26.040000915527344,258950
2020-01-28,18.467315673828125,25.920000076293945,25.920000076293945,25.739999771118164,25.799999237060547,154617
2020-01-29,18.6383056640625,26.15999984741211,26.15999984741211,25.920000076293945,25.920000076293945,109350
2020-01-30,18.467315673828125,25.920000076293945,26.100000381469727,25.799999237060547,26.100000381469727,100117
2020-01-31,18.296316146850586,25.68000030517578,25.979999542236328,25.6200008392334,25.920000076293945,103817
2020-02-03,18.381818771362305,25.799999237060547,25.860000610351562,25.68000030517578,25.68000030517578,124867
2020-02-04,18.467315673828125,25.920000076293945,25.979999542236328,25.860000610351562,25.920000076293945,60017
2020-02-05,18.42456817626953,25.860000610351562,26.100000381469727,25.860000610351562,26.040000915527344,66567
2020-02-06,18.510059356689453,25.979999542236328,26.040000915527344,25.860000610351562,25.979999542236328,72700
2020-02-07,18.552812576293945,26.040000915527344,26.040000915527344,25.920000076293945,25.979999542236328,130550
2020-02-10,18.59555435180664,26.100000381469727,26.15999984741211,26.040000915527344,26.100000381469727,216100
2020-02-11,18.76654624938965,26.34000015258789,26.34000015258789,26.040000915527344,26.15999984741211,150500
2020-02-12,18.809297561645508,26.399999618530273,26.399999618530273,26.34000015258789,26.34000015258789,163317
2020-02-13,18.72380256652832,26.280000686645508,26.459999084472656,26.219999313354492,26.280000686645508,72333
2020-02-14,18.72380256652832,26.280000686645508,26.399999618530273,26.219999313354492,26.34000015258789,138917
2020-02-18,18.76654624938965,26.34000015258789,26.399999618530273,26.280000686645508,26.280000686645508,119400
2020-02-19,18.76654624938965,26.34000015258789,26.459999084472656,26.34000015258789,26.34000015258789,92800
2020-02-20,18.930034637451172,26.399999618530273,26.399999618530273,26.219999313354492,26.219999313354492,102733
2020-02-21,18.75794219970703,26.15999984741211,26.940000534057617,26.15999984741211,26.399999618530273,76283
2020-02-24,18.499813079833984,25.799999237060547,25.920000076293945,25.739999771118164,25.920000076293945,186767
2020-02-25,18.19864845275879,25.3799991607666,25.860000610351562,25.31999969482422,25.799999237060547,212167
2020-02-26,18.241666793823242,25.440000534057617,25.68000030517578,25.3799991607666,25.3799991607666,147467
2020-02-27,17.76841926574707,24.780000686645508,25.260000228881836,24.65999984741211,25.200000762939453,360117
2020-02-28,17.76841926574707,24.780000686645508,24.780000686645508,24.239999771118164,24.600000381469727,511083
2020-03-02,17.983537673950195,25.079999923706055,25.200000762939453,24.780000686645508,24.84000015258789,188833
2020-03-03,18.02655792236328,25.139999389648438,25.440000534057617,25.020000457763672,25.440000534057617,155017
2020-03-04,18.241666793823242,25.440000534057617,25.5,25.200000762939453,25.31999969482422,133583
2020-03-05,17.897491455078125,24.959999084472656,25.31999969482422,24.899999618530273,25.200000762939453,156967
2020-03-06,18.155622482299805,25.31999969482422,25.440000534057617,24.719999313354492,24.780000686645508,456050
2020-03-09,17.381208419799805,24.239999771118164,24.84000015258789,24.1200008392334,24.600000381469727,315817
2020-03-10,17.553302764892578,24.479999542236328,24.719999313354492,24.1200008392334,24.600000381469727,253717
2020-03-11,17.037031173706055,23.760000228881836,24.540000915527344,23.579999923706055,24.420000076293945,288517
2020-03-12,15.402162551879883,21.479999542236328,22.860000610351562,20.15999984741211,21.600000381469727,440733
2020-03-13,16.004487991333008,22.31999969482422,22.979999542236328,21.84000015258789,22.559999465942383,281900
2020-03-16,14.412639617919922,20.100000381469727,20.81999969482422,18.18000030517578,19.979999542236328,275767
2020-03-17,14.928916931152344,20.81999969482422,20.940000534057617,19.920000076293945,20.040000915527344,262767
2020-03-18,12.519639015197754,17.459999084472656,19.6200008392334,17.459999084472656,19.5,563250
2020-03-19,13.379766464233398,18.479999542236328,19.200000762939453,15.600000381469727,15.65999984741211,440500
2020-03-20,14.161704063415527,19.559999465942383,20.399999618530273,18.959999084472656,19.020000457763672,346950
2020-03-23,13.032235145568848,18.0,18.479999542236328,17.520000457763672,18.18000030517578,667583
2020-03-24,14.118261337280273,19.5,20.040000915527344,18.719999313354492,18.719999313354492,205700
2020-03-25,14.46578311920166,19.979999542236328,20.760000228881836,19.5,19.739999771118164,261117
2020-03-26,14.900197982788086,20.579999923706055,20.760000228881836,19.979999542236328,19.979999542236328,229183
2020-03-27,14.682988166809082,20.280000686645508,21.0,19.68000030517578,20.040000915527344,192033
2020-03-30,14.726435661315918,20.34000015258789,20.579999923706055,19.979999542236328,20.040000915527344,130900
2020-03-31,14.682988166809082,20.280000686645508,20.700000762939453,20.280000686645508,20.34000015258789,289117
2020-04-01,14.46578311920166,19.979999542236328,20.15999984741211,19.68000030517578,19.799999237060547,214450
2020-04-02,14.46578311920166,19.979999542236328,20.520000457763672,19.799999237060547,19.799999237060547,122433
2020-04-03,14.335464477539062,19.799999237060547,20.15999984741211,19.68000030517578,19.979999542236328,156367
2020-04-06,14.50922679901123,20.040000915527344,20.399999618530273,19.739999771118164,20.219999313354492,170300
2020-04-07,14.769871711730957,20.399999618530273,20.8799991607666,20.280000686645508,20.34000015258789,187017
2020-04-08,14.987072944641113,20.700000762939453,21.18000030517578,20.34000015258789,20.399999618530273,153717
2020-04-09,15.334604263305664,21.18000030517578,21.600000381469727,20.8799991607666,21.18000030517578,201583
2020-04-13,15.247716903686523,21.059999465942383,21.479999542236328,20.940000534057617,21.1200008392334,120083
2020-04-14,15.551802635192871,21.479999542236328,21.65999984741211,21.239999771118164,21.299999237060547,136500
2020-04-15,15.117399215698242,20.8799991607666,21.360000610351562,20.81999969482422,21.299999237060547,116250
2020-04-16,15.204280853271484,21.0,21.1200008392334,20.639999389648438,20.8799991607666,178667
2020-04-17,15.195524215698242,20.81999969482422,21.239999771118164,20.81999969482422,21.1200008392334,145067
2020-04-20,14.93277359008789,20.459999084472656,20.81999969482422,20.34000015258789,20.700000762939453,204367
2020-04-21,14.801399230957031,20.280000686645508,20.579999923706055,20.219999313354492,20.219999313354492,61800
2020-04-22,14.888982772827148,20.399999618530273,20.700000762939453,20.34000015258789,20.520000457763672,108133
2020-04-23,15.020360946655273,20.579999923706055,20.760000228881836,20.459999084472656,20.579999923706055,90817
2020-04-24,15.020360946655273,20.579999923706055,20.81999969482422,20.520000457763672,20.639999389648438,117533
2020-04-27,14.976568222045898,20.520000457763672,20.760000228881836,20.459999084472656,20.579999923706055,111983
2020-04-28,15.064146995544434,20.639999389648438,20.8799991607666,20.579999923706055,20.700000762939453,121467
2020-04-29,15.326896667480469,21.0,21.1200008392334,20.760000228881836,20.760000228881836,159600
2020-04-30,15.458270072937012,21.18000030517578,21.239999771118164,20.940000534057617,21.239999771118164,154667
2020-05-01,15.58963680267334,21.360000610351562,21.360000610351562,20.700000762939453,20.760000228881836,209383
2020-05-04,15.502059936523438,21.239999771118164,21.239999771118164,20.940000534057617,21.18000030517578,82450
2020-05-05,15.502059936523438,21.239999771118164,21.479999542236328,21.18000030517578,21.299999237060547,177617
2020-05-06,15.370680809020996,21.059999465942383,21.360000610351562,21.059999465942383,21.18000030517578,134567
2020-05-07,15.458270072937012,21.18000030517578,21.239999771118164,21.059999465942383,21.1200008392334,150367
2020-05-08,15.58963680267334,21.360000610351562,21.420000076293945,21.18000030517578,21.299999237060547,112483
2020-05-11,15.58963680267334,21.360000610351562,21.479999542236328,21.1200008392334,21.360000610351562,143817
2020-05-12,15.58963680267334,21.360000610351562,21.540000915527344,21.239999771118164,21.299999237060547,112600
2020-05-13,15.195524215698242,20.81999969482422,21.420000076293945,20.760000228881836,21.360000610351562,161450
2020-05-14,15.195524215698242,20.81999969482422,20.8799991607666,20.520000457763672,20.700000762939453,113233
2020-05-15,15.151723861694336,20.760000228881836,20.940000534057617,20.700000762939453,20.81999969482422,125700
2020-05-18,15.370680809020996,21.059999465942383,21.299999237060547,20.940000534057617,21.0,218083
2020-05-19,15.414484024047852,21.1200008392334,21.299999237060547,20.940000534057617,20.940000534057617,169733
2020-05-20,15.478789329528809,21.18000030517578,21.299999237060547,20.8799991607666,20.8799991607666,208433
2020-05-21,15.478789329528809,21.18000030517578,21.299999237060547,21.0,21.059999465942383,95233
2020-05-22,15.698030471801758,21.479999542236328,21.600000381469727,21.1200008392334,21.18000030517578,108567
2020-05-26,15.785735130310059,21.600000381469727,21.959999084472656,21.540000915527344,21.540000915527344,190717
2020-05-27,15.873430252075195,21.719999313354492,21.780000686645508,21.360000610351562,21.65999984741211,302233
2020-05-28,15.96113395690918,21.84000015258789,21.959999084472656,21.719999313354492,21.780000686645508,116017
2020-05-29,16.13652992248535,22.079999923706055,22.079999923706055,21.780000686645508,21.959999084472656,160550
2020-06-01,16.39961814880371,22.440000534057617,22.559999465942383,21.959999084472656,22.079999923706055,162600
2020-06-02,16.618871688842773,22.739999771118164,22.860000610351562,22.440000534057617,22.559999465942383,132200
2020-06-03,16.794273376464844,22.979999542236328,23.040000915527344,22.799999237060547,22.799999237060547,96950
2020-06-04,16.618871688842773,22.739999771118164,23.040000915527344,22.68000030517578,22.979999542236328,108733
2020-06-05,16.6627197265625,22.799999237060547,23.100000381469727,22.68000030517578,23.100000381469727,95883
2020-06-08,16.618871688842773,22.739999771118164,22.920000076293945,22.6200008392334,22.920000076293945,259233
2020-06-09,16.618871688842773,22.739999771118164,22.799999237060547,22.5,22.559999465942383,93600
2020-06-10,16.6627197265625,22.799999237060547,22.860000610351562,22.68000030517578,22.739999771118164,70533
2020-06-11,16.09267807006836,22.020000457763672,22.739999771118164,21.84000015258789,22.739999771118164,239833
2020-06-12,16.180374145507812,22.139999389648438,22.440000534057617,21.959999084472656,22.31999969482422,99783
2020-06-15,16.048828125,21.959999084472656,22.260000228881836,21.18000030517578,21.600000381469727,159500
2020-06-16,16.39961814880371,22.440000534057617,22.6200008392334,22.260000228881836,22.5,104633
2020-06-17,16.268081665039062,22.260000228881836,22.6200008392334,22.260000228881836,22.6200008392334,155367
2020-06-18,16.200759887695312,22.139999389648438,22.200000762939453,22.020000457763672,22.200000762939453,116050
2020-06-19,16.200759887695312,22.139999389648438,22.31999969482422,22.079999923706055,22.200000762939453,114117
2020-06-22,16.288564682006836,22.260000228881836,22.440000534057617,22.139999389648438,22.200000762939453,88883
2020-06-23,16.288564682006836,22.260000228881836,22.6200008392334,22.139999389648438,22.3799991607666,159033
2020-06-24,16.288564682006836,22.260000228881836,22.3799991607666,22.139999389648438,22.260000228881836,134500
2020-06-25,16.332469940185547,22.31999969482422,22.3799991607666,22.200000762939453,22.31999969482422,148267
2020-06-26,16.288564682006836,22.260000228881836,22.440000534057617,22.200000762939453,22.3799991607666,156100
2020-06-29,16.420278549194336,22.440000534057617,22.440000534057617,22.31999969482422,22.31999969482422,85400
2020-06-30,16.727617263793945,22.860000610351562,22.860000610351562,22.5,22.559999465942383,188367
2020-07-01,16.771516799926758,22.920000076293945,23.040000915527344,22.739999771118164,22.739999771118164,198683
2020-07-02,16.727617263793945,22.860000610351562,22.979999542236328,22.799999237060547,22.920000076293945,48150
2020-07-06,16.903226852416992,23.100000381469727,23.280000686645508,22.979999542236328,23.219999313354492,186867
2020-07-07,16.903226852416992,23.100000381469727,23.280000686645508,23.040000915527344,23.219999313354492,152683
2020-07-08,16.947132110595703,23.15999984741211,23.280000686645508,23.100000381469727,23.100000381469727,99750
2020-07-09,16.903226852416992,23.100000381469727,23.280000686645508,23.040000915527344,23.219999313354492,114450
2020-07-10,16.771516799926758,22.920000076293945,23.100000381469727,22.860000610351562,22.979999542236328,105917
2020-07-13,16.771516799926758,22.920000076293945,23.15999984741211,22.920000076293945,23.15999984741211,93133
2020-07-14,16.85932159423828,23.040000915527344,23.100000381469727,22.979999542236328,23.040000915527344,96567
2020-07-15,16.991037368774414,23.219999313354492,23.579999923706055,23.15999984741211,23.399999618530273,154050
2020-07-16,16.85932159423828,23.040000915527344,23.34000015258789,22.979999542236328,23.34000015258789,223333
2020-07-17,16.835886001586914,22.979999542236328,23.040000915527344,22.799999237060547,22.979999542236328,174850
2020-07-20,16.835886001586914,22.979999542236328,23.100000381469727,22.979999542236328,23.100000381469727,77400
2020-07-21,16.967750549316406,23.15999984741211,23.15999984741211,23.100000381469727,23.15999984741211,71050
2020-07-22,16.92379379272461,23.100000381469727,23.34000015258789,23.100000381469727,23.219999313354492,96083
2020-07-23,16.967750549316406,23.15999984741211,23.219999313354492,23.100000381469727,23.15999984741211,80783
2020-07-24,17.23150634765625,23.520000457763672,23.579999923706055,23.040000915527344,23.100000381469727,276683
2020-07-27,17.495241165161133,23.8799991607666,24.059999465942383,23.520000457763672,23.639999389648438,329067
2020-07-28,17.451292037963867,23.81999969482422,24.0,23.700000762939453,23.940000534057617,71950
2020-07-29,17.80295181274414,24.299999237060547,24.299999237060547,23.8799991607666,23.8799991607666,175350
2020-07-30,17.715044021606445,24.18000030517578,24.239999771118164,24.0,24.239999771118164,95250
2020-07-31,17.978782653808594,24.540000915527344,24.540000915527344,24.299999237060547,24.420000076293945,121783
2020-08-03,18.110660552978516,24.719999313354492,24.899999618530273,24.360000610351562,24.600000381469727,159483
2020-08-04,18.41836166381836,25.139999389648438,25.200000762939453,24.719999313354492,24.780000686645508,285750
2020-08-05,18.19857406616211,24.84000015258789,25.260000228881836,24.84000015258789,25.200000762939453,91917
2020-08-06,18.02273941040039,24.600000381469727,24.899999618530273,24.600000381469727,24.84000015258789,91483
2020-08-07,18.154619216918945,24.780000686645508,24.959999084472656,24.540000915527344,24.540000915527344,127600
2020-08-10,18.154619216918945,24.780000686645508,25.020000457763672,24.780000686645508,24.780000686645508,166433
2020-08-11,18.286487579345703,24.959999084472656,25.020000457763672,24.780000686645508,24.899999618530273,105567
2020-08-12,18.506282806396484,25.260000228881836,25.559999465942383,24.719999313354492,24.84000015258789,296367
2020-08-13,18.24253273010254,24.899999618530273,25.68000030517578,24.899999618530273,25.200000762939453,162567
2020-08-14,18.24253273010254,24.899999618530273,25.079999923706055,24.84000015258789,24.959999084472656,114733
2020-08-17,18.286487579345703,24.959999084472656,25.079999923706055,24.959999084472656,24.959999084472656,75467
2020-08-18,18.330448150634766,25.020000457763672,25.079999923706055,24.719999313354492,25.079999923706055,160917
2020-08-19,18.24253273010254,24.899999618530273,25.200000762939453,24.84000015258789,25.020000457763672,83067
2020-08-20,18.23368263244629,24.719999313354492,24.780000686645508,24.540000915527344,24.719999313354492,112000
2020-08-21,17.835378646850586,24.18000030517578,24.65999984741211,23.8799991607666,24.600000381469727,281967
2020-08-24,17.923885345458984,24.299999237060547,24.600000381469727,24.18000030517578,24.18000030517578,87933
2020-08-25,18.05665397644043,24.479999542236328,24.540000915527344,24.360000610351562,24.479999542236328,78667
2020-08-26,18.145164489746094,24.600000381469727,24.84000015258789,24.299999237060547,24.420000076293945,95650
2020-08-27,18.27794075012207,24.780000686645508,25.020000457763672,24.600000381469727,24.65999984741211,100767
2020-08-28,18.366451263427734,24.899999618530273,25.020000457763672,24.719999313354492,24.899999618530273,99367
2020-08-31,18.27794075012207,24.780000686645508,25.079999923706055,24.780000686645508,25.020000457763672,84283
2020-09-01,18.366451263427734,24.899999618530273,25.200000762939453,24.780000686645508,24.780000686645508,167900
2020-09-02,18.543474197387695,25.139999389648438,25.200000762939453,24.959999084472656,24.959999084472656,79633
2020-09-03,17.968137741088867,24.360000610351562,25.139999389648438,24.239999771118164,25.139999389648438,132817
2020-09-04,18.189430236816406,24.65999984741211,25.31999969482422,24.059999465942383,24.420000076293945,161350
2020-09-08,17.923885345458984,24.299999237060547,24.65999984741211,24.239999771118164,24.600000381469727,93100
2020-09-09,17.968137741088867,24.360000610351562,24.540000915527344,24.299999237060547,24.299999237060547,65533
2020-09-10,17.879623413085938,24.239999771118164,24.600000381469727,24.239999771118164,24.479999542236328,62000
2020-09-11,17.923885345458984,24.299999237060547,24.479999542236328,24.239999771118164,24.299999237060547,29683
2020-09-14,18.322193145751953,24.84000015258789,24.84000015258789,24.239999771118164,24.420000076293945,105050
2020-09-15,18.012399673461914,24.420000076293945,24.600000381469727,24.360000610351562,24.540000915527344,137900
2020-09-16,17.968137741088867,24.360000610351562,24.540000915527344,24.360000610351562,24.420000076293945,110500
2020-09-17,17.968137741088867,24.360000610351562,24.540000915527344,24.239999771118164,24.299999237060547,119883
2020-09-18,18.0037899017334,24.239999771118164,24.420000076293945,24.18000030517578,24.18000030517578,102417
2020-09-21,17.825536727905273,24.0,24.239999771118164,23.940000534057617,24.0,189050
2020-09-22,17.870100021362305,24.059999465942383,24.239999771118164,24.0,24.18000030517578,65267
2020-09-23,17.736406326293945,23.8799991607666,24.239999771118164,23.8799991607666,24.059999465942383,83150
2020-09-24,17.33533477783203,23.34000015258789,23.8799991607666,23.15999984741211,23.81999969482422,209367
2020-09-25,17.24620819091797,23.219999313354492,23.520000457763672,23.040000915527344,23.34000015258789,145667
2020-09-28,17.424463272094727,23.459999084472656,23.579999923706055,23.219999313354492,23.219999313354492,110717
2020-09-29,17.55815887451172,23.639999389648438,23.700000762939453,23.399999618530273,23.700000762939453,112767
2020-09-30,17.780973434448242,23.940000534057617,24.059999465942383,23.639999389648438,23.760000228881836,236450
2020-10-01,17.825536727905273,24.0,24.18000030517578,23.940000534057617,24.059999465942383,136183
2020-10-02,17.691843032836914,23.81999969482422,24.1200008392334,23.700000762939453,23.760000228881836,81567
2020-10-05,17.825536727905273,24.0,24.059999465942383,23.940000534057617,24.0,76550
2020-10-06,17.825536727905273,24.0,24.1200008392334,23.940000534057617,24.0,69817
2020-10-07,17.780973434448242,23.940000534057617,24.360000610351562,23.940000534057617,24.059999465942383,115750
2020-10-08,17.736406326293945,23.8799991607666,24.1200008392334,23.81999969482422,24.059999465942383,112400
2020-10-09,17.64727783203125,23.760000228881836,24.0,23.639999389648438,24.0,138450
2020-10-12,17.513587951660156,23.579999923706055,23.81999969482422,23.579999923706055,23.760000228881836,182800
2020-10-13,17.513587951660156,23.579999923706055,23.700000762939453,23.399999618530273,23.579999923706055,178367
2020-10-14,17.64727783203125,23.760000228881836,23.8799991607666,23.520000457763672,23.700000762939453,147067
2020-10-15,17.64727783203125,23.760000228881836,23.81999969482422,23.520000457763672,23.760000228881836,112733
2020-10-16,17.593421936035156,23.520000457763672,23.639999389648438,23.459999084472656,23.639999389648438,77500
2020-10-19,17.413898468017578,23.280000686645508,23.579999923706055,23.219999313354492,23.579999923706055,85700
2020-10-20,17.593421936035156,23.520000457763672,23.579999923706055,23.280000686645508,23.34000015258789,53350
2020-10-21,17.548545837402344,23.459999084472656,23.700000762939453,23.399999618530273,23.399999618530273,89267
2020-10-22,17.593421936035156,23.520000457763672,23.579999923706055,23.459999084472656,23.459999084472656,92333
2020-10-23,17.72807502746582,23.700000762939453,23.760000228881836,23.579999923706055,23.579999923706055,63017
2020-10-26,17.413898468017578,23.280000686645508,23.639999389648438,23.219999313354492,23.639999389648438,103583
2020-10-27,17.369016647338867,23.219999313354492,23.399999618530273,23.15999984741211,23.280000686645508,65383
2020-10-28,17.189495086669922,22.979999542236328,23.399999618530273,22.979999542236328,23.15999984741211,111033
2020-10-29,17.144622802734375,22.920000076293945,23.280000686645508,22.920000076293945,23.100000381469727,116850
2020-10-30,17.054853439331055,22.799999237060547,23.040000915527344,22.739999771118164,23.040000915527344,164950
2020-11-02,17.054853439331055,22.799999237060547,22.979999542236328,22.68000030517578,22.979999542236328,133850
2020-11-03,17.189495086669922,22.979999542236328,23.040000915527344,22.739999771118164,22.860000610351562,185967
2020-11-04,17.32413673400879,23.15999984741211,23.280000686645508,22.920000076293945,23.100000381469727,135467
2020-11-05,17.548545837402344,23.459999084472656,23.579999923706055,23.219999313354492,23.280000686645508,99733
2020-11-06,17.772951126098633,23.760000228881836,23.81999969482422,23.15999984741211,23.399999618530273,81417
2020-11-09,17.772951126098633,23.760000228881836,24.0,23.639999389648438,23.760000228881836,183867
2020-11-10,17.862712860107422,23.8799991607666,23.940000534057617,23.639999389648438,23.760000228881836,88400
2020-11-11,17.907596588134766,23.940000534057617,24.059999465942383,23.8799991607666,23.8799991607666,100250
2020-11-12,17.997352600097656,24.059999465942383,24.1200008392334,23.940000534057617,24.0,70267
2020-11-13,18.131996154785156,24.239999771118164,24.239999771118164,24.059999465942383,24.059999465942383,93433
2020-11-16,18.49104881286621,24.719999313354492,24.719999313354492,24.1200008392334,24.239999771118164,161600
2020-11-17,18.401287078857422,24.600000381469727,24.899999618530273,24.479999542236328,24.600000381469727,126600
2020-11-18,18.67057228088379,24.959999084472656,25.079999923706055,24.600000381469727,24.65999984741211,242033
2020-11-19,18.736469268798828,25.020000457763672,25.139999389648438,24.719999313354492,24.719999313354492,181783
2020-11-20,18.781404495239258,25.079999923706055,25.200000762939453,24.899999618530273,24.899999618530273,129850
2020-11-23,18.736469268798828,25.020000457763672,25.200000762939453,24.959999084472656,25.079999923706055,102750
2020-11-24,18.87127113342285,25.200000762939453,25.31999969482422,25.079999923706055,25.139999389648438,119967
2020-11-25,18.87127113342285,25.200000762939453,25.3799991607666,25.139999389648438,25.200000762939453,99133
2020-11-27,18.826330184936523,25.139999389648438,25.3799991607666,25.020000457763672,25.260000228881836,63083
2020-11-30,18.87127113342285,25.200000762939453,25.31999969482422,24.479999542236328,25.200000762939453,116017
2020-12-01,18.87127113342285,25.200000762939453,25.3799991607666,25.079999923706055,25.260000228881836,117400
2020-12-02,19.050989151000977,25.440000534057617,25.5,25.139999389648438,25.200000762939453,240483
2020-12-03,19.36551856994629,25.860000610351562,25.860000610351562,25.3799991607666,25.440000534057617,261150
2020-12-04,19.50031089782715,26.040000915527344,26.15999984741211,25.739999771118164,25.860000610351562,170817
2020-12-07,19.635099411010742,26.219999313354492,26.219999313354492,25.979999542236328,26.040000915527344,104150
2020-12-08,19.545242309570312,26.100000381469727,26.280000686645508,25.979999542236328,26.100000381469727,94133
2020-12-09,19.635099411010742,26.219999313354492,26.34000015258789,26.040000915527344,26.040000915527344,110150
2020-12-10,19.50031089782715,26.040000915527344,26.15999984741211,25.920000076293945,26.15999984741211,119617
2020-12-11,19.635099411010742,26.219999313354492,26.34000015258789,26.100000381469727,26.100000381469727,110867
2020-12-14,19.50031089782715,26.040000915527344,26.34000015258789,25.979999542236328,26.219999313354492,91667
2020-12-15,19.680030822753906,26.280000686645508,26.34000015258789,26.040000915527344,26.040000915527344,102400
2020-12-16,19.994556427001953,26.700000762939453,26.760000228881836,26.219999313354492,26.280000686645508,135300
2020-12-17,20.398942947387695,27.239999771118164,27.299999237060547,26.639999389648438,26.639999389648438,294550
2020-12-18,19.994556427001953,26.700000762939453,27.18000030517578,26.520000457763672,27.1200008392334,160900
2020-12-21,19.545242309570312,26.100000381469727,26.579999923706055,26.100000381469727,26.520000457763672,139500
2020-12-22,19.635099411010742,26.219999313354492,26.219999313354492,25.979999542236328,26.100000381469727,129700
2020-12-23,19.680030822753906,26.280000686645508,27.1200008392334,26.219999313354492,26.34000015258789,123700
2020-12-24,19.90469741821289,26.579999923706055,26.700000762939453,26.280000686645508,26.34000015258789,73083
2020-12-28,19.680030822753906,26.280000686645508,26.81999969482422,26.219999313354492,26.700000762939453,97517
2020-12-29,19.635099411010742,26.219999313354492,26.639999389648438,26.100000381469727,26.280000686645508,104817
2020-12-30,19.94261360168457,26.459999084472656,26.639999389648438,25.979999542236328,25.979999542236328,141367
2020-12-31,20.12349510192871,26.700000762939453,26.700000762939453,26.100000381469727,26.34000015258789,129017
2021-01-04,19.897384643554688,26.399999618530273,27.299999237060547,26.34000015258789,26.81999969482422,101017
2021-01-05,19.76171875,26.219999313354492,26.520000457763672,26.15999984741211,26.280000686645508,95033
2021-01-06,20.12349510192871,26.700000762939453,26.940000534057617,25.979999542236328,26.040000915527344,227733
2021-01-07,19.94261360168457,26.459999084472656,26.8799991607666,26.399999618530273,26.639999389648438,99667
2021-01-08,19.94261360168457,26.459999084472656,27.0,26.399999618530273,26.760000228881836,149133
2021-01-11,19.94261360168457,26.459999084472656,26.639999389648438,26.399999618530273,26.520000457763672,117167
2021-01-12,19.94261360168457,26.459999084472656,26.639999389648438,26.100000381469727,26.459999084472656,132083
2021-01-13,19.897384643554688,26.399999618530273,26.579999923706055,26.15999984741211,26.399999618530273,96667
2021-01-14,19.94261360168457,26.459999084472656,26.700000762939453,26.280000686645508,26.459999084472656,127333
2021-01-15,19.67127799987793,26.100000381469727,26.459999084472656,26.100000381469727,26.399999618530273,102517
2021-01-19,19.76171875,26.219999313354492,26.34000015258789,26.15999984741211,26.15999984741211,81017
2021-01-20,19.897384643554688,26.399999618530273,26.639999389648438,26.219999313354492,26.219999313354492,101200
2021-01-21,20.024818420410156,26.399999618530273,26.639999389648438,26.34000015258789,26.459999084472656,196417
2021-01-22,20.024818420410156,26.399999618530273,26.579999923706055,26.280000686645508,26.34000015258789,106650
2021-01-25,19.97930145263672,26.34000015258789,26.399999618530273,26.219999313354492,26.34000015258789,88633
2021-01-26,20.024818420410156,26.399999618530273,26.579999923706055,26.34000015258789,26.34000015258789,81233
2021-01-27,20.024818420410156,26.399999618530273,26.520000457763672,26.219999313354492,26.34000015258789,77483
2021-01-28,20.252378463745117,26.700000762939453,26.940000534057617,26.280000686645508,26.280000686645508,223200
2021-01-29,20.161359786987305,26.579999923706055,26.940000534057617,26.459999084472656,26.8799991607666,188317
2021-02-01,20.844009399414062,27.479999542236328,27.65999984741211,26.459999084472656,26.639999389648438,1114800
2021-02-02,20.525442123413086,27.059999465942383,27.540000915527344,27.0,27.479999542236328,147033
2021-02-03,20.343399047851562,26.81999969482422,27.239999771118164,26.760000228881836,27.18000030517578,125283
2021-02-04,20.388904571533203,26.8799991607666,27.0,26.639999389648438,27.0,193833
2021-02-05,20.434419631958008,26.940000534057617,26.940000534057617,26.639999389648438,26.940000534057617,173733
2021-02-08,20.252378463745117,26.700000762939453,27.059999465942383,26.639999389648438,27.0,96567
2021-02-09,20.388904571533203,26.8799991607666,27.0,26.700000762939453,26.8799991607666,107567
2021-02-10,20.570955276489258,27.1200008392334,27.1200008392334,26.8799991607666,26.8799991607666,175700
2021-02-11,20.798503875732422,27.420000076293945,27.420000076293945,26.940000534057617,27.1200008392334,278550
2021-02-12,20.661975860595703,27.239999771118164,27.360000610351562,27.1200008392334,27.360000610351562,73500
2021-02-16,20.661975860595703,27.239999771118164,27.420000076293945,27.0,27.239999771118164,137933
2021-02-17,20.570955276489258,27.1200008392334,27.299999237060547,27.0,27.239999771118164,118733
2021-02-18,20.836565017700195,27.299999237060547,27.299999237060547,26.8799991607666,27.059999465942383,96550
2021-02-19,20.69917869567871,27.1200008392334,27.360000610351562,26.940000534057617,27.299999237060547,117967
2021-02-22,20.332820892333984,26.639999389648438,27.0,26.579999923706055,27.0,110683
2021-02-23,20.1954402923584,26.459999084472656,26.639999389648438,26.040000915527344,26.520000457763672,222167
2021-02-24,20.241233825683594,26.520000457763672,26.8799991607666,26.100000381469727,26.219999313354492,88667
2021-02-25,19.508514404296875,25.559999465942383,26.760000228881836,25.440000534057617,26.520000457763672,201617
2021-02-26,19.73749542236328,25.860000610351562,26.040000915527344,25.559999465942383,25.979999542236328,221700
2021-03-01,19.87487030029297,26.040000915527344,26.399999618530273,25.979999542236328,26.15999984741211,120267
2021-03-02,20.241233825683594,26.520000457763672,26.520000457763672,25.860000610351562,25.979999542236328,76267
2021-03-03,20.103843688964844,26.34000015258789,26.579999923706055,26.100000381469727,26.399999618530273,93467
2021-03-04,19.829078674316406,25.979999542236328,26.459999084472656,25.799999237060547,26.399999618530273,143133
2021-03-05,19.87487030029297,26.040000915527344,26.399999618530273,25.799999237060547,26.219999313354492,147933
2021-03-08,19.92066764831543,26.100000381469727,26.219999313354492,25.860000610351562,26.15999984741211,89633
2021-03-09,19.829078674316406,25.979999542236328,26.399999618530273,25.860000610351562,26.15999984741211,69100
2021-03-10,19.783281326293945,25.920000076293945,26.100000381469727,25.799999237060547,26.040000915527344,82050
2021-03-11,19.554311752319336,25.6200008392334,25.920000076293945,25.31999969482422,25.920000076293945,307600
2021-03-12,19.233745574951172,25.200000762939453,25.6200008392334,24.0,25.5,541883
2021-03-15,19.233745574951172,25.200000762939453,25.260000228881836,24.84000015258789,25.200000762939453,220200
2021-03-16,19.279539108276367,25.260000228881836,25.3799991607666,25.200000762939453,25.260000228881836,64867
2021-03-17,19.233745574951172,25.200000762939453,25.3799991607666,24.84000015258789,25.260000228881836,211583
2021-03-18,18.775800704956055,24.600000381469727,25.200000762939453,24.299999237060547,25.200000762939453,451367
2021-03-19,18.95897674560547,24.84000015258789,24.959999084472656,24.719999313354492,24.719999313354492,168483
2021-03-22,18.867389678955078,24.719999313354492,24.959999084472656,24.600000381469727,24.899999618530273,262567
2021-03-23,18.858169555664062,24.540000915527344,24.65999984741211,24.360000610351562,24.65999984741211,259667
2021-03-24,18.858169555664062,24.540000915527344,24.65999984741211,24.299999237060547,24.540000915527344,183667
2021-03-25,18.765953063964844,24.420000076293945,24.600000381469727,24.360000610351562,24.600000381469727,85333
2021-03-26,18.95038414001465,24.65999984741211,24.65999984741211,24.360000610351562,24.360000610351562,139900
2021-03-29,19.042604446411133,24.780000686645508,24.84000015258789,24.600000381469727,24.780000686645508,165100
2021-03-30,19.08871078491211,24.84000015258789,24.899999618530273,24.600000381469727,24.719999313354492,150583
2021-03-31,18.858169555664062,24.540000915527344,25.139999389648438,24.540000915527344,25.079999923706055,309850
2021-04-01,19.13481903076172,24.899999618530273,25.020000457763672,24.600000381469727,24.600000381469727,122617
2021-04-05,19.365360260009766,25.200000762939453,25.440000534057617,24.959999084472656,25.139999389648438,320600
2021-04-06,19.365360260009766,25.200000762939453,25.3799991607666,25.139999389648438,25.31999969482422,204000
2021-04-07,19.549789428710938,25.440000534057617,25.559999465942383,25.260000228881836,25.3799991607666,226117
2021-04-08,19.734224319458008,25.68000030517578,25.799999237060547,25.31999969482422,25.6200008392334,168383
2021-04-09,19.319244384765625,25.139999389648438,25.739999771118164,25.020000457763672,25.68000030517578,155050
2021-04-12,19.411466598510742,25.260000228881836,25.3799991607666,24.959999084472656,25.200000762939453,204033
2021-04-13,19.688114166259766,25.6200008392334,25.68000030517578,25.260000228881836,25.3799991607666,126683
2021-04-14,19.549789428710938,25.440000534057617,25.799999237060547,25.31999969482422,25.739999771118164,63433
2021-04-15,19.642000198364258,25.559999465942383,25.6200008392334,25.5,25.5,92883
2021-04-16,19.688114166259766,25.6200008392334,25.68000030517578,25.5,25.68000030517578,70383
2021-04-19,19.411466598510742,25.260000228881836,25.68000030517578,25.200000762939453,25.5,165283
2021-04-20,19.734224319458008,25.68000030517578,25.68000030517578,25.3799991607666,25.3799991607666,80617
2021-04-21,19.780330657958984,25.739999771118164,25.979999542236328,25.68000030517578,25.739999771118164,142117
2021-04-22,19.524919509887695,25.3799991607666,25.739999771118164,25.31999969482422,25.68000030517578,60917
2021-04-23,19.663389205932617,25.559999465942383,25.860000610351562,25.31999969482422,25.31999969482422,65233
2021-04-26,19.80186653137207,25.739999771118164,25.739999771118164,25.440000534057617,25.559999465942383,81283
2021-04-27,19.80186653137207,25.739999771118164,25.860000610351562,25.68000030517578,25.68000030517578,72283
2021-04-28,19.848026275634766,25.799999237060547,26.100000381469727,25.68000030517578,25.799999237060547,134217
2021-04-29,19.80186653137207,25.739999771118164,25.979999542236328,24.84000015258789,25.920000076293945,61017
2021-04-30,19.663389205932617,25.559999465942383,26.040000915527344,25.3799991607666,25.860000610351562,152350
2021-05-03,20.032655715942383,26.040000915527344,26.040000915527344,25.3799991607666,25.68000030517578,119633
2021-05-04,19.755708694458008,25.68000030517578,26.219999313354492,25.6200008392334,25.979999542236328,115683
2021-05-05,19.571073532104492,25.440000534057617,25.799999237060547,25.440000534057617,25.799999237060547,99833
2021-05-06,19.80186653137207,25.739999771118164,25.739999771118164,25.440000534057617,25.6200008392334,84767
2021-05-07,19.940338134765625,25.920000076293945,25.920000076293945,25.6200008392334,25.799999237060547,103500
2021-05-10,20.078813552856445,26.100000381469727,26.15999984741211,25.860000610351562,25.920000076293945,110767
2021-05-11,19.80186653137207,25.739999771118164,25.979999542236328,25.739999771118164,25.860000610351562,93567
2021-05-12,19.617237091064453,25.5,25.920000076293945,25.5,25.739999771118164,74167
2021-05-13,19.571073532104492,25.440000534057617,25.799999237060547,25.31999969482422,25.5,117250
2021-05-14,19.848026275634766,25.799999237060547,25.799999237060547,25.5,25.5,78567
2021-05-17,20.032655715942383,26.040000915527344,26.040000915527344,25.68000030517578,25.739999771118164,59567
2021-05-18,19.848026275634766,25.799999237060547,26.15999984741211,25.739999771118164,26.040000915527344,283067
2021-05-19,19.755708694458008,25.68000030517578,25.860000610351562,25.6200008392334,25.6200008392334,79133
2021-05-20,19.74641990661621,25.5,25.739999771118164,25.5,25.559999465942383,56133
2021-05-21,19.699954986572266,25.440000534057617,25.739999771118164,25.3799991607666,25.6200008392334,80667
2021-05-24,19.792875289916992,25.559999465942383,25.6200008392334,25.5,25.5,72917
2021-05-25,19.88580322265625,25.68000030517578,25.68000030517578,25.559999465942383,25.6200008392334,76883
2021-05-26,19.978727340698242,25.799999237060547,25.920000076293945,25.68000030517578,25.739999771118164,119300
2021-05-27,19.978727340698242,25.799999237060547,25.860000610351562,25.739999771118164,25.860000610351562,64533
2021-05-28,20.02519416809082,25.860000610351562,25.979999542236328,25.739999771118164,25.920000076293945,92283
2021-06-01,20.164575576782227,26.040000915527344,26.15999984741211,25.979999542236328,26.100000381469727,109033
2021-06-02,20.02519416809082,25.860000610351562,25.979999542236328,25.799999237060547,25.860000610351562,66917
2021-06-03,19.978727340698242,25.799999237060547,25.979999542236328,25.68000030517578,25.920000076293945,49533
2021-06-04,20.071651458740234,25.920000076293945,26.040000915527344,25.799999237060547,25.920000076293945,58483
2021-06-07,20.071651458740234,25.920000076293945,26.100000381469727,25.860000610351562,25.979999542236328,92950
2021-06-08,20.21103858947754,26.100000381469727,26.280000686645508,25.979999542236328,25.979999542236328,80000
2021-06-09,20.303964614868164,26.219999313354492,26.34000015258789,26.100000381469727,26.280000686645508,71650
2021-06-10,20.164575576782227,26.040000915527344,26.579999923706055,25.979999542236328,26.34000015258789,91317
2021-06-11,20.303964614868164,26.219999313354492,26.34000015258789,26.040000915527344,26.100000381469727,58117
2021-06-14,20.443347930908203,26.399999618530273,26.459999084472656,26.280000686645508,26.34000015258789,108783
2021-06-15,20.257497787475586,26.15999984741211,26.579999923706055,26.15999984741211,26.459999084472656,94850
2021-06-16,20.21103858947754,26.100000381469727,26.399999618530273,26.040000915527344,26.280000686645508,70350
2021-06-17,19.978727340698242,25.799999237060547,26.280000686645508,25.799999237060547,26.219999313354492,114167
2021-06-18,20.21103858947754,26.100000381469727,26.100000381469727,25.559999465942383,25.799999237060547,144517
2021-06-21,20.303964614868164,26.219999313354492,26.34000015258789,26.040000915527344,26.100000381469727,88417
2021-06-22,20.279157638549805,26.15999984741211,26.280000686645508,26.040000915527344,26.15999984741211,89800
2021-06-23,20.32567024230957,26.219999313354492,26.280000686645508,26.15999984741211,26.15999984741211,62250
2021-06-24,20.418689727783203,26.34000015258789,26.399999618530273,26.219999313354492,26.280000686645508,96200
2021-06-25,20.37217903137207,26.280000686645508,26.399999618530273,26.15999984741211,26.34000015258789,75183
2021-06-28,20.51172637939453,26.459999084472656,26.579999923706055,26.15999984741211,26.15999984741211,97100
2021-06-29,20.46520233154297,26.399999618530273,26.520000457763672,26.280000686645508,26.520000457763672,85800
2021-06-30,20.604745864868164,26.579999923706055,26.700000762939453,26.399999618530273,26.700000762939453,144217
2021-07-01,20.604745864868164,26.579999923706055,26.760000228881836,26.520000457763672,26.520000457763672,102650
2021-07-02,20.604745864868164,26.579999923706055,26.700000762939453,26.459999084472656,26.579999923706055,102033
2021-07-06,20.46520233154297,26.399999618530273,26.639999389648438,26.280000686645508,26.639999389648438,90667
2021-07-07,20.51172637939453,26.459999084472656,26.639999389648438,26.34000015258789,26.459999084472656,79200
2021-07-08,20.51172637939453,26.459999084472656,26.520000457763672,26.219999313354492,26.459999084472656,48283
2021-07-09,20.46520233154297,26.399999618530273,26.579999923706055,26.280000686645508,26.520000457763672,83617
2021-07-12,20.37217903137207,26.280000686645508,26.459999084472656,26.219999313354492,26.34000015258789,64783
2021-07-13,20.37217903137207,26.280000686645508,26.399999618530273,26.280000686645508,26.280000686645508,106800
2021-07-14,20.418689727783203,26.34000015258789,26.520000457763672,26.280000686645508,26.399999618530273,57400
2021-07-15,20.18613052368164,26.040000915527344,26.459999084472656,26.040000915527344,26.399999618530273,86150
2021-07-16,20.000085830688477,25.799999237060547,26.280000686645508,25.799999237060547,26.219999313354492,106017
2021-07-19,19.767526626586914,25.5,25.799999237060547,25.260000228881836,25.6200008392334,208400
2021-07-20,19.72101402282715,25.440000534057617,25.68000030517578,25.31999969482422,25.31999969482422,198717
2021-07-21,19.95357322692871,25.739999771118164,25.860000610351562,25.559999465942383,25.559999465942383,104650
2021-07-22,19.835613250732422,25.559999465942383,25.739999771118164,25.3799991607666,25.68000030517578,90667
2021-07-23,19.88217544555664,25.6200008392334,25.860000610351562,25.440000534057617,25.739999771118164,74100
2021-07-26,19.789051055908203,25.5,25.6200008392334,25.3799991607666,25.6200008392334,96350
2021-07-27,20.114990234375,25.920000076293945,25.920000076293945,25.5,25.559999465942383,69733
2021-07-28,20.20811653137207,26.040000915527344,26.040000915527344,25.799999237060547,25.920000076293945,67000
2021-07-29,20.16155433654785,25.979999542236328,26.15999984741211,25.979999542236328,26.100000381469727,49100
2021-07-30,20.254676818847656,26.100000381469727,26.219999313354492,26.040000915527344,26.100000381469727,69483
2021-08-02,20.114990234375,25.920000076293945,26.219999313354492,25.860000610351562,26.100000381469727,77700
2021-08-03,20.254676818847656,26.100000381469727,26.100000381469727,26.040000915527344,26.040000915527344,40500
2021-08-04,20.16155433654785,25.979999542236328,26.100000381469727,25.920000076293945,25.920000076293945,47217
2021-08-05,20.20811653137207,26.040000915527344,26.34000015258789,25.979999542236328,26.100000381469727,63467
2021-08-06,20.301239013671875,26.15999984741211,26.219999313354492,25.979999542236328,26.040000915527344,85500
2021-08-09,20.301239013671875,26.15999984741211,26.219999313354492,26.040000915527344,26.219999313354492,59933
2021-08-10,20.254676818847656,26.100000381469727,26.280000686645508,26.040000915527344,26.040000915527344,61367
2021-08-11,20.254676818847656,26.100000381469727,26.280000686645508,25.979999542236328,26.100000381469727,74533
2021-08-12,20.114990234375,25.920000076293945,26.280000686645508,25.920000076293945,26.219999313354492,81733
2021-08-13,20.347803115844727,26.219999313354492,26.34000015258789,25.920000076293945,26.040000915527344,84283
2021-08-16,20.114990234375,25.920000076293945,26.219999313354492,25.860000610351562,26.219999313354492,87433
2021-08-17,20.16155433654785,25.979999542236328,26.15999984741211,25.860000610351562,25.920000076293945,63983
2021-08-18,20.114990234375,25.920000076293945,26.100000381469727,25.920000076293945,25.979999542236328,56067
2021-08-19,19.99690818786621,25.739999771118164,26.100000381469727,25.739999771118164,25.799999237060547,79017
2021-08-20,20.043514251708984,25.799999237060547,25.979999542236328,25.799999237060547,25.920000076293945,52083
2021-08-23,19.903676986694336,25.6200008392334,25.860000610351562,25.5,25.799999237060547,76000
2021-08-24,19.903676986694336,25.6200008392334,25.739999771118164,25.559999465942383,25.68000030517578,65900
2021-08-25,19.763837814331055,25.440000534057617,25.860000610351562,25.440000534057617,25.6200008392334,74067
2021-08-26,19.717226028442383,25.3799991607666,25.559999465942383,25.31999969482422,25.559999465942383,64933
2021-08-27,19.763837814331055,25.440000534057617,25.440000534057617,25.31999969482422,25.440000534057617,101200
2021-08-30,19.763837814331055,25.440000534057617,25.440000534057617,25.31999969482422,25.3799991607666,79683
2021-08-31,19.857072830200195,25.559999465942383,25.68000030517578,25.3799991607666,25.68000030517578,187967
2021-09-01,19.763837814331055,25.440000534057617,25.6200008392334,25.260000228881836,25.559999465942383,271117
2021-09-02,19.763837814331055,25.440000534057617,25.5,25.3799991607666,25.3799991607666,75250
2021-09-03,19.903676986694336,25.6200008392334,25.6200008392334,25.440000534057617,25.5,139183
2021-09-07,19.810455322265625,25.5,25.6200008392334,25.440000534057617,25.559999465942383,70450
2021-09-08,19.810455322265625,25.5,25.559999465942383,25.440000534057617,25.5,96950
2021-09-09,20.090131759643555,25.860000610351562,25.860000610351562,25.440000534057617,25.5,129433
2021-09-10,19.857072830200195,25.559999465942383,25.799999237060547,25.440000534057617,25.739999771118164,71483
2021-09-13,19.950292587280273,25.68000030517578,25.799999237060547,25.559999465942383,25.559999465942383,53167
2021-09-14,19.857072830200195,25.559999465942383,25.739999771118164,25.3799991607666,25.6200008392334,54417
2021-09-15,19.99690818786621,25.739999771118164,25.739999771118164,25.440000534057617,25.5,98767
2021-09-16,19.717226028442383,25.3799991607666,25.68000030517578,25.3799991607666,25.6200008392334,103217
2021-09-17,19.412351608276367,24.959999084472656,25.31999969482422,24.84000015258789,25.260000228881836,252900
2021-09-20,19.17903709411621,24.65999984741211,24.719999313354492,24.239999771118164,24.65999984741211,277417
2021-09-21,18.759057998657227,24.1200008392334,24.780000686645508,23.700000762939453,24.719999313354492,428450
2021-09-22,18.805713653564453,24.18000030517578,24.299999237060547,23.8799991607666,24.1200008392334,159800
2021-09-23,18.805713653564453,24.18000030517578,24.360000610351562,24.1200008392334,24.18000030517578,144950
2021-09-24,18.759057998657227,24.1200008392334,24.299999237060547,24.059999465942383,24.059999465942383,229550
2021-09-27,18.85238265991211,24.239999771118164,24.299999237060547,24.0,24.1200008392334,145633
2021-09-28,18.94571876525879,24.360000610351562,24.360000610351562,24.0,24.1200008392334,252867
2021-09-29,19.039043426513672,24.479999542236328,24.600000381469727,24.360000610351562,24.479999542236328,339400
2021-09-30,19.365697860717773,24.899999618530273,24.899999618530273,24.65999984741211,24.84000015258789,236550
2021-10-01,19.319032669067383,24.84000015258789,25.020000457763672,24.719999313354492,24.899999618530273,158783
2021-10-04,19.272361755371094,24.780000686645508,25.139999389648438,24.719999313354492,25.139999389648438,152433
2021-10-05,19.459020614624023,25.020000457763672,25.260000228881836,24.780000686645508,24.780000686645508,194117
2021-10-06,19.552343368530273,25.139999389648438,25.200000762939453,24.84000015258789,24.899999618530273,384050
2021-10-07,20.018993377685547,25.739999771118164,25.739999771118164,25.139999389648438,25.440000534057617,401350
2021-10-08,19.50568199157715,25.079999923706055,25.799999237060547,25.020000457763672,25.799999237060547,196517
2021-10-11,19.50568199157715,25.079999923706055,25.5,25.020000457763672,25.31999969482422,102517
2021-10-12,19.64567756652832,25.260000228881836,25.3799991607666,25.079999923706055,25.260000228881836,111767
2021-10-13,19.412351608276367,24.959999084472656,25.5,24.959999084472656,25.5,166733
2021-10-14,19.64567756652832,25.260000228881836,25.31999969482422,25.020000457763672,25.139999389648438,160400
2021-10-15,19.552343368530273,25.139999389648438,25.3799991607666,25.020000457763672,25.3799991607666,131150
2021-10-18,19.692340850830078,25.31999969482422,25.3799991607666,25.139999389648438,25.200000762939453,95950
2021-10-19,19.552343368530273,25.139999389648438,25.559999465942383,25.139999389648438,25.440000534057617,139433
2021-10-20,19.64567756652832,25.260000228881836,25.5,25.139999389648438,25.200000762939453,73133
2021-10-21,19.40139389038086,24.780000686645508,25.31999969482422,24.780000686645508,25.139999389648438,113050
2021-10-22,19.871158599853516,25.3799991607666,25.3799991607666,24.84000015258789,24.84000015258789,98933
2021-10-25,19.636280059814453,25.079999923706055,25.260000228881836,25.020000457763672,25.200000762939453,103650
2021-10-26,19.730236053466797,25.200000762939453,25.260000228881836,25.020000457763672,25.200000762939453,59433
2021-10-27,19.636280059814453,25.079999923706055,25.31999969482422,25.079999923706055,25.200000762939453,102500
2021-10-28,19.824190139770508,25.31999969482422,25.31999969482422,25.020000457763672,25.200000762939453,277567
2021-10-29,19.824190139770508,25.31999969482422,25.440000534057617,25.200000762939453,25.3799991607666,121367
2021-11-01,19.730236053466797,25.200000762939453,25.440000534057617,25.139999389648438,25.31999969482422,107333
2021-11-02,19.7772159576416,25.260000228881836,25.440000534057617,25.079999923706055,25.260000228881836,122400
2021-11-03,19.68325424194336,25.139999389648438,25.31999969482422,25.079999923706055,25.31999969482422,63100
2021-11-04,19.49534797668457,24.899999618530273,25.260000228881836,24.540000915527344,25.200000762939453,159633
2021-11-05,19.1665096282959,24.479999542236328,24.899999618530273,24.299999237060547,24.84000015258789,283283
2021-11-08,19.213491439819336,24.540000915527344,24.719999313354492,24.420000076293945,24.420000076293945,122450
2021-11-09,19.49534797668457,24.899999618530273,24.899999618530273,24.600000381469727,24.600000381469727,106450
2021-11-10,19.213491439819336,24.540000915527344,24.899999618530273,24.540000915527344,24.899999618530273,177433
2021-11-11,19.213491439819336,24.540000915527344,24.84000015258789,24.420000076293945,24.719999313354492,109850
2021-11-12,19.58930015563965,25.020000457763672,25.020000457763672,24.540000915527344,24.540000915527344,204933
2021-11-15,19.542329788208008,24.959999084472656,25.139999389648438,24.600000381469727,25.079999923706055,160500
2021-11-16,19.68325424194336,25.139999389648438,25.260000228881836,24.84000015258789,24.959999084472656,90700
2021-11-17,19.354419708251953,24.719999313354492,25.139999389648438,24.600000381469727,25.139999389648438,169217
2021-11-18,19.188243865966797,24.479999542236328,24.84000015258789,24.299999237060547,24.540000915527344,283700
2021-11-19,19.188243865966797,24.479999542236328,24.780000686645508,24.299999237060547,24.65999984741211,265883
2021-11-22,19.141216278076172,24.420000076293945,24.65999984741211,24.360000610351562,24.600000381469727,86117
2021-11-23,19.188243865966797,24.479999542236328,24.600000381469727,24.299999237060547,24.420000076293945,76600
2021-11-24,19.282306671142578,24.600000381469727,24.780000686645508,24.299999237060547,24.479999542236328,69033
2021-11-26,19.094192504882812,24.360000610351562,24.65999984741211,24.360000610351562,24.479999542236328,56200
2021-11-29,19.188243865966797,24.479999542236328,24.600000381469727,24.420000076293945,24.540000915527344,51717
2021-11-30,19.000125885009766,24.239999771118164,24.65999984741211,24.059999465942383,24.65999984741211,99800
2021-12-01,18.764976501464844,23.940000534057617,24.600000381469727,23.8799991607666,24.479999542236328,303350
2021-12-02,18.764976501464844,23.940000534057617,24.1200008392334,23.8799991607666,23.8799991607666,102333
2021-12-03,18.764976501464844,23.940000534057617,24.239999771118164,23.8799991607666,24.18000030517578,113867
2021-12-06,18.764976501464844,23.940000534057617,24.059999465942383,23.940000534057617,24.0,92767
2021-12-07,18.576858520507812,23.700000762939453,24.360000610351562,23.639999389648438,24.18000030517578,318933
2021-12-08,18.294677734375,23.34000015258789,23.81999969482422,23.15999984741211,23.81999969482422,628900
2021-12-09,18.576858520507812,23.700000762939453,23.700000762939453,23.399999618530273,23.399999618530273,108583
2021-12-10,18.435766220092773,23.520000457763672,23.8799991607666,23.280000686645508,23.639999389648438,146300
2021-12-13,18.10655403137207,23.100000381469727,23.700000762939453,23.040000915527344,23.579999923706055,247050
2021-12-14,18.341707229614258,23.399999618530273,23.459999084472656,23.040000915527344,23.040000915527344,190383
2021-12-15,18.341707229614258,23.399999618530273,23.760000228881836,23.34000015258789,23.459999084472656,167283
2021-12-16,18.48279571533203,23.579999923706055,23.639999389648438,23.34000015258789,23.459999084472656,98867
2021-12-17,18.435766220092773,23.520000457763672,23.520000457763672,23.219999313354492,23.520000457763672,124867
2021-12-20,18.247648239135742,23.280000686645508,23.399999618530273,23.15999984741211,23.280000686645508,145217
2021-12-21,18.294677734375,23.34000015258789,23.520000457763672,23.280000686645508,23.399999618530273,116133
2021-12-22,18.48279571533203,23.579999923706055,23.579999923706055,23.34000015258789,23.399999618530273,126633
2021-12-23,18.52981948852539,23.639999389648438,23.81999969482422,23.459999084472656,23.579999923706055,149683
2021-12-27,18.62388801574707,23.760000228881836,23.8799991607666,23.579999923706055,23.700000762939453,116183
2021-12-28,18.388734817504883,23.459999084472656,23.81999969482422,23.459999084472656,23.760000228881836,93200
2021-12-29,18.316537857055664,23.34000015258789,23.459999084472656,23.219999313354492,23.459999084472656,155317
2021-12-30,18.222360610961914,23.219999313354492,23.459999084472656,23.15999984741211,23.34000015258789,174167
2021-12-31,17.986942291259766,22.920000076293945,23.399999618530273,22.739999771118164,23.100000381469727,582717
2022-01-03,18.08111000061035,23.040000915527344,23.280000686645508,22.979999542236328,22.979999542236328,178400
2022-01-04,18.222360610961914,23.219999313354492,23.34000015258789,23.15999984741211,23.219999313354492,156783
2022-01-05,17.986942291259766,22.920000076293945,23.34000015258789,22.920000076293945,23.280000686645508,175233
2022-01-06,17.986942291259766,22.920000076293945,23.15999984741211,22.860000610351562,23.040000915527344,128967
2022-01-07,18.17527961730957,23.15999984741211,23.219999313354492,22.920000076293945,22.920000076293945,134900
2022-01-10,17.986942291259766,22.920000076293945,23.15999984741211,22.799999237060547,23.15999984741211,174850
2022-01-11,18.08111000061035,23.040000915527344,23.219999313354492,22.979999542236328,23.100000381469727,109867
2022-01-12,18.222360610961914,23.219999313354492,23.34000015258789,22.979999542236328,23.219999313354492,391483
2022-01-13,18.03401756286621,22.979999542236328,23.219999313354492,22.799999237060547,23.15999984741211,317900
2022-01-14,17.986942291259766,22.920000076293945,22.979999542236328,22.6200008392334,22.979999542236328,741133
2022-01-18,17.89276123046875,22.799999237060547,22.920000076293945,22.6200008392334,22.920000076293945,279533
2022-01-19,17.56315803527832,22.3799991607666,22.860000610351562,22.260000228881836,22.860000610351562,442183
2022-01-20,17.610246658325195,22.440000534057617,22.799999237060547,22.3799991607666,22.3799991607666,196633
2022-01-21,17.363554000854492,21.959999084472656,22.559999465942383,21.959999084472656,22.31999969482422,810083
2022-01-24,17.031461715698242,21.540000915527344,21.959999084472656,21.420000076293945,21.780000686645508,471267
2022-01-25,17.221227645874023,21.780000686645508,21.959999084472656,21.360000610351562,21.420000076293945,224650
2022-01-26,17.31610870361328,21.899999618530273,22.020000457763672,21.059999465942383,21.959999084472656,128033
2022-01-27,17.410991668701172,22.020000457763672,22.139999389648438,21.780000686645508,21.899999618530273,134317
2022-01-28,17.31610870361328,21.899999618530273,22.139999389648438,21.84000015258789,22.139999389648438,84033
2022-01-31,17.458438873291016,22.079999923706055,22.079999923706055,21.780000686645508,21.899999618530273,161417
2022-02-01,17.6481990814209,22.31999969482422,22.440000534057617,21.959999084472656,22.139999389648438,132983
2022-02-02,17.60075569152832,22.260000228881836,22.440000534057617,22.079999923706055,22.079999923706055,106333
2022-02-03,17.363554000854492,21.959999084472656,22.260000228881836,21.899999618530273,22.200000762939453,71250
2022-02-04,17.268665313720703,21.84000015258789,22.139999389648438,21.65999984741211,22.139999389648438,131417
2022-02-07,17.458438873291016,22.079999923706055,22.079999923706055,21.780000686645508,21.780000686645508,111767
2022-02-08,17.410991668701172,22.020000457763672,22.200000762939453,21.899999618530273,22.079999923706055,100850
2022-02-09,17.695636749267578,22.3799991607666,22.440000534057617,22.020000457763672,22.139999389648438,163367
2022-02-10,17.458438873291016,22.079999923706055,22.31999969482422,21.299999237060547,22.31999969482422,124250
2022-02-11,17.268665313720703,21.84000015258789,22.079999923706055,21.719999313354492,22.079999923706055,184533
2022-02-14,17.221227645874023,21.780000686645508,21.959999084472656,21.540000915527344,21.719999313354492,178583
2022-02-15,17.363554000854492,21.959999084472656,22.020000457763672,21.84000015258789,21.84000015258789,127000
2022-02-16,17.410991668701172,22.020000457763672,22.020000457763672,21.84000015258789,21.959999084472656,75633
2022-02-17,17.268665313720703,21.84000015258789,21.959999084472656,21.719999313354492,21.959999084472656,101283
2022-02-18,17.306917190551758,21.719999313354492,21.780000686645508,21.420000076293945,21.719999313354492,92183
2022-02-22,17.163490295410156,21.540000915527344,21.719999313354492,21.420000076293945,21.65999984741211,126350
2022-02-23,17.02006721496582,21.360000610351562,21.65999984741211,21.18000030517578,21.65999984741211,217950
2022-02-24,16.972251892089844,21.299999237060547,21.479999542236328,20.81999969482422,21.059999465942383,204883
2022-02-25,16.92444610595703,21.239999771118164,21.479999542236328,21.1200008392334,21.360000610351562,191350
2022-02-28,16.685396194458008,20.940000534057617,21.479999542236328,20.399999618530273,21.420000076293945,274750
2022-03-01,16.876630783081055,21.18000030517578,21.18000030517578,20.940000534057617,20.940000534057617,131750
2022-03-02,16.876630783081055,21.18000030517578,21.239999771118164,21.0,21.18000030517578,145483
2022-03-03,16.828821182250977,21.1200008392334,21.84000015258789,20.940000534057617,21.18000030517578,107800
2022-03-04,16.685396194458008,20.940000534057617,21.0,20.579999923706055,20.940000534057617,290800
2022-03-07,16.302921295166016,20.459999084472656,20.940000534057617,20.459999084472656,20.760000228881836,160167
2022-03-08,16.25511360168457,20.399999618530273,20.639999389648438,20.100000381469727,20.459999084472656,211900
2022-03-09,16.25511360168457,20.399999618530273,20.579999923706055,20.280000686645508,20.280000686645508,122550
2022-03-10,16.016069412231445,20.100000381469727,20.34000015258789,20.100000381469727,20.280000686645508,134617
2022-03-11,15.872638702392578,19.920000076293945,20.15999984741211,19.920000076293945,20.100000381469727,190083
2022-03-14,15.490164756774902,19.440000534057617,20.040000915527344,19.31999969482422,19.920000076293945,231100
2022-03-15,15.633600234985352,19.6200008392334,19.6200008392334,19.3799991607666,19.440000534057617,125333
2022-03-16,15.968259811401367,20.040000915527344,20.100000381469727,19.739999771118164,19.920000076293945,172667
2022-03-17,16.016069412231445,20.100000381469727,20.219999313354492,19.920000076293945,20.15999984741211,148117
2022-03-18,15.920451164245605,19.979999542236328,20.15999984741211,19.920000076293945,20.15999984741211,144667
2022-03-21,15.681407928466797,19.68000030517578,20.219999313354492,19.5,20.100000381469727,459950
2022-03-22,15.585783004760742,19.559999465942383,19.860000610351562,19.5,19.799999237060547,562500
2022-03-23,15.720808029174805,19.559999465942383,19.68000030517578,19.3799991607666,19.3799991607666,158317
2022-03-24,15.817258834838867,19.68000030517578,19.739999771118164,19.440000534057617,19.68000030517578,136400
2022-03-25,15.817258834838867,19.68000030517578,19.68000030517578,19.3799991607666,19.68000030517578,202533
2022-03-28,15.769036293029785,19.6200008392334,19.68000030517578,19.440000534057617,19.6200008392334,223367
2022-03-29,15.913702964782715,19.799999237060547,19.979999542236328,19.6200008392334,19.68000030517578,197017
2022-03-30,16.010149002075195,19.920000076293945,20.040000915527344,19.739999771118164,19.920000076293945,191450
2022-03-31,16.29949188232422,20.280000686645508,20.34000015258789,19.979999542236328,20.040000915527344,249983
2022-04-01,16.34771728515625,20.34000015258789,20.700000762939453,20.219999313354492,20.280000686645508,357183
2022-04-04,16.395933151245117,20.399999618530273,20.520000457763672,20.280000686645508,20.520000457763672,263383
2022-04-05,16.29949188232422,20.280000686645508,20.520000457763672,20.219999313354492,20.399999618530273,192783
2022-04-06,16.154821395874023,20.100000381469727,20.280000686645508,20.040000915527344,20.219999313354492,164100
2022-04-07,16.203046798706055,20.15999984741211,20.280000686645508,20.100000381469727,20.219999313354492,73183
2022-04-08,16.154821395874023,20.100000381469727,20.280000686645508,20.040000915527344,20.15999984741211,101733
2022-04-11,16.058378219604492,19.979999542236328,20.100000381469727,19.860000610351562,20.040000915527344,94967
2022-04-12,15.961934089660645,19.860000610351562,20.219999313354492,19.860000610351562,19.979999542236328,121850
2022-04-13,16.106595993041992,20.040000915527344,20.100000381469727,19.920000076293945,19.920000076293945,77933
2022-04-14,15.865482330322266,19.739999771118164,20.15999984741211,19.68000030517578,20.040000915527344,134450
2022-04-18,15.961934089660645,19.860000610351562,19.920000076293945,19.6200008392334,19.68000030517578,144133
2022-04-19,15.913702964782715,19.799999237060547,20.040000915527344,19.799999237060547,19.920000076293945,95467
2022-04-20,16.010149002075195,19.920000076293945,20.100000381469727,19.799999237060547,19.920000076293945,142517
2022-04-21,15.839522361755371,19.68000030517578,19.920000076293945,19.559999465942383,19.799999237060547,109617
2022-04-22,15.69464111328125,19.5,19.739999771118164,19.3799991607666,19.68000030517578,125600
2022-04-25,15.646356582641602,19.440000534057617,19.440000534057617,19.200000762939453,19.3799991607666,105583
2022-04-26,15.453190803527832,19.200000762939453,19.31999969482422,19.200000762939453,19.31999969482422,75000
2022-04-27,15.549775123596191,19.31999969482422,19.31999969482422,19.200000762939453,19.260000228881836,116550
2022-04-28,15.501482009887695,19.260000228881836,19.3799991607666,19.139999389648438,19.31999969482422,79100
2022-04-29,15.453190803527832,19.200000762939453,19.31999969482422,19.079999923706055,19.31999969482422,138000
2022-05-02,15.453190803527832,19.200000762939453,19.3799991607666,19.079999923706055,19.139999389648438,142850
2022-05-03,15.501482009887695,19.260000228881836,19.3799991607666,19.200000762939453,19.200000762939453,105467
2022-05-04,15.453190803527832,19.200000762939453,19.31999969482422,18.959999084472656,19.200000762939453,185483
2022-05-05,15.163443565368652,18.84000015258789,19.260000228881836,18.600000381469727,19.200000762939453,158500
2022-05-06,15.211731910705566,18.899999618530273,18.899999618530273,18.600000381469727,18.780000686645508,174200
2022-05-09,14.680530548095703,18.239999771118164,18.959999084472656,18.1200008392334,18.65999984741211,249400
2022-05-10,14.825406074523926,18.420000076293945,18.65999984741211,18.299999237060547,18.479999542236328,106900
2022-05-11,14.53565788269043,18.059999465942383,18.420000076293945,18.059999465942383,18.360000610351562,119600
2022-05-12,14.439079284667969,17.940000534057617,18.1200008392334,17.81999969482422,18.1200008392334,206067
2022-05-13,14.487364768981934,18.0,18.18000030517578,17.760000228881836,18.059999465942383,120817
2022-05-16,14.487364768981934,18.0,18.059999465942383,17.81999969482422,18.0,112183
2022-05-17,14.632240295410156,18.18000030517578,18.299999237060547,18.0,18.0,154767
2022-05-18,14.583951950073242,18.1200008392334,18.239999771118164,18.0,18.059999465942383,155650
2022-05-19,14.525459289550781,17.8799991607666,18.1200008392334,17.81999969482422,17.8799991607666,104400
2022-05-20,14.525459289550781,17.8799991607666,18.1200008392334,17.760000228881836,18.0,123533
2022-05-23,14.622941017150879,18.0,18.1200008392334,17.639999389648438,17.940000534057617,96317
2022-05-24,14.671686172485352,18.059999465942383,18.1200008392334,17.8799991607666,18.0,92717
2022-05-25,14.622941017150879,18.0,18.1200008392334,17.940000534057617,18.0,114400
2022-05-26,14.769171714782715,18.18000030517578,18.299999237060547,18.059999465942383,18.1200008392334,151617
2022-05-27,14.817914962768555,18.239999771118164,18.479999542236328,18.059999465942383,18.239999771118164,327833
2022-05-31,14.866656303405762,18.299999237060547,18.540000915527344,18.18000030517578,18.540000915527344,208800
2022-06-01,14.9154052734375,18.360000610351562,18.65999984741211,18.299999237060547,18.479999542236328,122517
2022-06-02,14.964146614074707,18.420000076293945,18.479999542236328,18.299999237060547,18.360000610351562,102500
2022-06-03,14.866656303405762,18.299999237060547,18.479999542236328,18.299999237060547,18.360000610351562,54483
2022-06-06,14.866656303405762,18.299999237060547,18.540000915527344,18.239999771118164,18.420000076293945,183400
2022-06-07,15.06163501739502,18.540000915527344,18.540000915527344,18.239999771118164,18.239999771118164,82833
2022-06-08,14.866656303405762,18.299999237060547,18.479999542236328,18.239999771118164,18.420000076293945,64617
2022-06-09,14.817914962768555,18.239999771118164,18.420000076293945,18.239999771118164,18.299999237060547,104500
2022-06-10,14.769171714782715,18.18000030517578,18.239999771118164,18.059999465942383,18.239999771118164,345333
2022-06-13,14.622941017150879,18.0,18.059999465942383,17.8799991607666,18.0,209250
2022-06-14,14.574203491210938,17.940000534057617,18.0,17.81999969482422,18.0,153367
2022-06-15,14.476714134216309,17.81999969482422,18.0,17.81999969482422,17.940000534057617,86917
2022-06-16,14.038025856018066,17.280000686645508,17.81999969482422,17.219999313354492,17.760000228881836,184733
2022-06-17,14.184252738952637,17.459999084472656,17.579999923706055,17.219999313354492,17.280000686645508,153967
2022-06-21,14.255860328674316,17.520000457763672,17.700000762939453,17.34000015258789,17.520000457763672,190683
2022-06-22,14.158218383789062,17.399999618530273,17.579999923706055,17.280000686645508,17.459999084472656,154883
2022-06-23,14.011754035949707,17.219999313354492,17.520000457763672,17.100000381469727,17.520000457763672,225100
2022-06-24,14.109396934509277,17.34000015258789,17.399999618530273,17.280000686645508,17.280000686645508,78567
2022-06-27,14.06057357788086,17.280000686645508,17.459999084472656,17.280000686645508,17.399999618530273,104717
2022-06-28,14.109396934509277,17.34000015258789,17.579999923706055,17.280000686645508,17.34000015258789,102417
2022-06-29,14.109396934509277,17.34000015258789,17.459999084472656,17.15999984741211,17.280000686645508,144017
2022-06-30,14.255860328674316,17.520000457763672,17.639999389648438,17.399999618530273,17.579999923706055,139367
2022-07-01,13.91411018371582,17.100000381469727,17.34000015258789,16.799999237060547,17.15999984741211,889600
2022-07-05,13.523537635803223,16.6200008392334,16.799999237060547,16.440000534057617,16.6200008392334,392433
2022-07-06,13.37707805633545,16.440000534057617,16.68000030517578,16.3799991607666,16.559999465942383,348667
2022-07-07,13.523537635803223,16.6200008392334,16.6200008392334,16.440000534057617,16.440000534057617,221667
2022-07-08,13.523537635803223,16.6200008392334,16.6200008392334,16.31999969482422,16.440000534057617,274667
2022-07-11,13.474717140197754,16.559999465942383,16.68000030517578,16.440000534057617,16.5,139167
2022-07-12,13.425895690917969,16.5,16.559999465942383,16.3799991607666,16.5,152300
2022-07-13,13.32824993133545,16.3799991607666,16.440000534057617,16.31999969482422,16.31999969482422,138533
2022-07-14,13.32824993133545,16.3799991607666,16.3799991607666,16.200000762939453,16.31999969482422,160083
2022-07-15,13.32824993133545,16.3799991607666,16.5,16.260000228881836,16.3799991607666,201617
2022-07-18,13.181788444519043,16.200000762939453,16.5,16.079999923706055,16.440000534057617,264350
2022-07-19,13.37707805633545,16.440000534057617,16.440000534057617,16.200000762939453,16.200000762939453,247050
2022-07-20,13.230610847473145,16.260000228881836,16.440000534057617,16.139999389648438,16.3799991607666,275117
2022-07-21,13.204527854919434,16.200000762939453,16.260000228881836,16.020000457763672,16.200000762939453,106783
2022-07-22,13.204527854919434,16.200000762939453,16.260000228881836,15.720000267028809,16.139999389648438,305683
2022-07-25,13.253434181213379,16.260000228881836,16.3799991607666,16.020000457763672,16.200000762939453,163583
2022-07-26,13.204527854919434,16.200000762939453,16.31999969482422,16.139999389648438,16.260000228881836,129617
2022-07-27,13.449053764343262,16.5,16.559999465942383,16.260000228881836,16.31999969482422,314567
2022-07-28,13.497961044311523,16.559999465942383,16.6200008392334,16.260000228881836,16.440000534057617,162883
2022-07-29,13.595770835876465,16.68000030517578,16.739999771118164,16.5,16.68000030517578,307833
2022-08-01,13.889204025268555,17.040000915527344,17.040000915527344,16.68000030517578,16.68000030517578,253017
2022-08-02,13.791397094726562,16.920000076293945,17.579999923706055,16.799999237060547,16.979999542236328,211450
2022-08-03,13.93811321258545,17.100000381469727,17.15999984741211,16.920000076293945,17.040000915527344,161917
2022-08-04,13.93811321258545,17.100000381469727,17.15999984741211,16.979999542236328,17.100000381469727,107583
2022-08-05,13.791397094726562,16.920000076293945,17.040000915527344,16.799999237060547,17.040000915527344,188883
2022-08-08,13.987016677856445,17.15999984741211,17.219999313354492,17.040000915527344,17.040000915527344,138383
2022-08-09,13.889204025268555,17.040000915527344,17.280000686645508,17.040000915527344,17.219999313354492,163733
2022-08-10,14.182640075683594,17.399999618530273,17.520000457763672,17.040000915527344,17.100000381469727,319933
2022-08-11,14.378264427185059,17.639999389648438,17.639999389648438,17.459999084472656,17.520000457763672,165850
2022-08-12,14.573884963989258,17.8799991607666,17.8799991607666,17.459999084472656,17.81999969482422,170767
2022-08-15,14.573884963989258,17.8799991607666,18.1200008392334,17.700000762939453,17.8799991607666,156083
2022-08-16,14.671695709228516,18.0,18.059999465942383,17.8799991607666,17.8799991607666,133633
2022-08-17,14.47607135772705,17.760000228881836,18.0,17.639999389648438,17.940000534057617,180183
2022-08-18,14.133734703063965,17.34000015258789,17.81999969482422,17.34000015258789,17.700000762939453,185817
2022-08-19,13.889204025268555,17.040000915527344,17.459999084472656,16.920000076293945,17.280000686645508,211017
2022-08-22,14.035923957824707,17.219999313354492,17.280000686645508,16.739999771118164,16.920000076293945,181033
2022-08-23,14.223594665527344,17.280000686645508,17.399999618530273,17.040000915527344,17.100000381469727,207317
2022-08-24,14.223594665527344,17.280000686645508,17.639999389648438,17.219999313354492,17.280000686645508,105600
2022-08-25,14.272984504699707,17.34000015258789,17.579999923706055,17.219999313354492,17.399999618530273,79617
2022-08-26,14.075432777404785,17.100000381469727,17.399999618530273,17.040000915527344,17.399999618530273,75683
2022-08-29,14.272984504699707,17.34000015258789,17.459999084472656,17.040000915527344,17.040000915527344,92933
2022-08-30,14.026041984558105,17.040000915527344,17.34000015258789,16.440000534057617,17.34000015258789,117117
2022-08-31,14.223594665527344,17.280000686645508,17.399999618530273,17.100000381469727,17.34000015258789,134850
2022-09-01,14.174208641052246,17.219999313354492,17.34000015258789,17.040000915527344,17.219999313354492,205833
2022-09-02,14.1248197555542,17.15999984741211,17.399999618530273,17.040000915527344,17.280000686645508,77817
2022-09-06,13.729719161987305,16.68000030517578,17.280000686645508,16.6200008392334,17.280000686645508,184867
2022-09-07,13.779107093811035,16.739999771118164,16.860000610351562,16.6200008392334,16.68000030517578,113317
2022-09-08,13.828495979309082,16.799999237060547,16.860000610351562,16.68000030517578,16.799999237060547,84600
2022-09-09,13.877885818481445,16.860000610351562,16.920000076293945,16.68000030517578,16.860000610351562,86533
2022-09-12,13.779107093811035,16.739999771118164,16.979999542236328,16.68000030517578,16.799999237060547,187050
2022-09-13,13.581558227539062,16.5,16.68000030517578,16.440000534057617,16.6200008392334,183483
2022-09-14,13.630946159362793,16.559999465942383,16.68000030517578,16.5,16.6200008392334,169217
2022-09-15,13.581558227539062,16.5,16.68000030517578,16.3799991607666,16.559999465942383,89417
2022-09-16,13.235845565795898,16.079999923706055,16.440000534057617,16.020000457763672,16.3799991607666,413483
2022-09-19,13.137069702148438,15.960000038146973,16.200000762939453,15.84000015258789,16.139999389648438,394767
2022-09-20,12.939521789550781,15.720000267028809,16.079999923706055,15.720000267028809,15.899999618530273,325450
2022-09-21,13.038297653198242,15.84000015258789,16.020000457763672,15.779999732971191,15.84000015258789,203683
2022-09-22,12.912960052490234,15.65999984741211,15.84000015258789,15.600000381469727,15.65999984741211,275717
2022-09-23,12.814010620117188,15.539999961853027,15.65999984741211,15.420000076293945,15.600000381469727,396717
2022-09-26,12.566634178161621,15.239999771118164,15.479999542236328,15.180000305175781,15.420000076293945,161450
2022-09-27,12.418208122253418,15.0600004196167,15.359999656677246,15.0600004196167,15.300000190734863,223217
2022-09-28,12.863483428955078,15.600000381469727,15.600000381469727,15.119999885559082,15.119999885559082,154300
2022-09-29,12.418208122253418,15.0600004196167,15.720000267028809,14.9399995803833,15.539999961853027,276667
2022-09-30,12.46768569946289,15.119999885559082,15.420000076293945,15.0,15.420000076293945,290233
2022-10-03,12.6655855178833,15.359999656677246,15.539999961853027,15.0,15.119999885559082,279317
2022-10-04,12.764535903930664,15.479999542236328,15.84000015258789,15.359999656677246,15.600000381469727,248500
2022-10-05,12.715060234069824,15.420000076293945,15.65999984741211,15.239999771118164,15.539999961853027,110367
2022-10-06,12.616107940673828,15.300000190734863,15.479999542236328,15.239999771118164,15.300000190734863,119067
2022-10-07,12.418208122253418,15.0600004196167,15.359999656677246,14.880000114440918,15.300000190734863,136017
2022-10-10,12.46768569946289,15.119999885559082,15.359999656677246,15.0600004196167,15.119999885559082,270317
2022-10-11,12.418208122253418,15.0600004196167,15.300000190734863,15.0,15.300000190734863,103367
2022-10-12,12.368736267089844,15.0,15.119999885559082,14.819999694824219,15.119999885559082,115767
2022-10-13,12.269784927368164,14.880000114440918,15.119999885559082,14.760000228881836,14.819999694824219,123467
2022-10-14,12.170836448669434,14.760000228881836,15.0,14.699999809265137,15.0,60667
2022-10-17,12.121358871459961,14.699999809265137,15.0,14.699999809265137,14.880000114440918,133967
2022-10-18,11.9234619140625,14.460000038146973,14.760000228881836,14.34000015258789,14.760000228881836,277867
2022-10-19,11.72555923461914,14.220000267028809,14.579999923706055,14.220000267028809,14.399999618530273,194683
2022-10-20,11.577136993408203,14.039999961853027,14.34000015258789,13.979999542236328,14.279999732971191,336883
2022-10-21,11.817493438720703,14.15999984741211,14.15999984741211,13.5600004196167,13.979999542236328,164467
2022-10-24,11.567124366760254,13.859999656677246,14.15999984741211,13.859999656677246,14.100000381469727,236633
2022-10-25,11.867568969726562,14.220000267028809,14.220000267028809,13.920000076293945,13.979999542236328,171783
2022-10-26,11.717345237731934,14.039999961853027,14.279999732971191,14.039999961853027,14.15999984741211,287867
2022-10-27,11.667267799377441,13.979999542236328,14.220000267028809,13.979999542236328,14.100000381469727,230650
2022-10-28,11.817493438720703,14.15999984741211,14.220000267028809,13.979999542236328,14.039999961853027,242067
2022-10-31,11.867568969726562,14.220000267028809,14.579999923706055,14.15999984741211,14.279999732971191,200833
2022-11-01,12.06786060333252,14.460000038146973,14.579999923706055,14.34000015258789,14.460000038146973,191517
2022-11-02,11.867568969726562,14.220000267028809,14.579999923706055,14.15999984741211,14.579999923706055,103050
2022-11-03,11.667267799377441,13.979999542236328,14.220000267028809,13.979999542236328,14.100000381469727,144500
2022-11-04,11.817493438720703,14.15999984741211,14.279999732971191,14.100000381469727,14.220000267028809,116083
2022-11-07,12.017789840698242,14.399999618530273,14.460000038146973,14.100000381469727,14.15999984741211,166583
2022-11-08,11.967713356018066,14.34000015258789,14.520000457763672,14.15999984741211,14.399999618530273,152617
2022-11-09,11.817493438720703,14.15999984741211,14.34000015258789,14.100000381469727,14.279999732971191,72217
2022-11-10,12.268157005310059,14.699999809265137,14.9399995803833,14.460000038146973,14.579999923706055,309533
2022-11-11,12.168012619018555,14.579999923706055,14.699999809265137,14.520000457763672,14.579999923706055,176900
2022-11-14,12.218084335327148,14.640000343322754,15.0600004196167,14.579999923706055,14.579999923706055,157933
2022-11-15,12.518529891967773,15.0,15.119999885559082,14.760000228881836,14.9399995803833,271183
2022-11-16,12.869048118591309,15.420000076293945,15.420000076293945,15.0600004196167,15.119999885559082,208200
2022-11-17,12.568601608276367,15.0600004196167,15.180000305175781,15.0,15.119999885559082,116000
2022-11-18,12.468456268310547,14.9399995803833,15.359999656677246,14.460000038146973,15.180000305175781,219750
2022-11-21,12.407681465148926,14.699999809265137,15.0600004196167,14.640000343322754,14.880000114440918,168117
2022-11-22,12.458328247070312,14.760000228881836,14.880000114440918,14.579999923706055,14.760000228881836,226967
2022-11-23,12.660901069641113,15.0,15.0600004196167,14.760000228881836,14.760000228881836,120283
2022-11-25,12.5089693069458,14.819999694824219,15.0,14.819999694824219,14.9399995803833,91250
2022-11-28,12.863472938537598,15.239999771118164,15.239999771118164,14.880000114440918,14.880000114440918,386317
2022-11-29,12.9141206741333,15.300000190734863,15.479999542236328,15.180000305175781,15.239999771118164,185400
2022-11-30,13.268622398376465,15.720000267028809,15.720000267028809,15.420000076293945,15.539999961853027,245700
2022-12-01,13.369914054870605,15.84000015258789,16.020000457763672,15.720000267028809,15.720000267028809,202767
2022-12-02,13.319268226623535,15.779999732971191,15.779999732971191,15.600000381469727,15.720000267028809,159717
2022-12-05,13.420552253723145,15.899999618530273,15.899999618530273,15.479999542236328,15.779999732971191,242650
2022-12-06,13.116693496704102,15.539999961853027,15.779999732971191,15.539999961853027,15.720000267028809,104833
2022-12-07,13.369914054870605,15.84000015258789,15.84000015258789,15.720000267028809,15.720000267028809,98850
2022-12-08,13.319268226623535,15.779999732971191,15.960000038146973,15.720000267028809,15.899999618530273,168517
2022-12-09,13.268622398376465,15.720000267028809,16.079999923706055,15.65999984741211,15.84000015258789,182983
2022-12-12,13.319268226623535,15.779999732971191,16.079999923706055,15.600000381469727,15.779999732971191,335433
2022-12-13,13.21798038482666,15.65999984741211,16.139999389648438,15.65999984741211,16.020000457763672,192917
2022-12-14,13.369914054870605,15.84000015258789,15.899999618530273,15.600000381469727,15.720000267028809,156483
2022-12-15,13.21798038482666,15.65999984741211,15.960000038146973,15.600000381469727,15.65999984741211,159867
2022-12-16,13.268622398376465,15.720000267028809,15.779999732971191,15.239999771118164,15.539999961853027,157450
2022-12-19,13.268622398376465,15.720000267028809,15.779999732971191,15.600000381469727,15.720000267028809,250900
2022-12-20,13.21798038482666,15.65999984741211,15.960000038146973,15.539999961853027,15.600000381469727,256183
2022-12-21,13.369914054870605,15.84000015258789,15.899999618530273,15.720000267028809,15.84000015258789,146050
2022-12-22,13.268622398376465,15.720000267028809,16.079999923706055,15.600000381469727,15.720000267028809,143300
2022-12-23,13.420552253723145,15.899999618530273,16.020000457763672,15.779999732971191,15.779999732971191,182017
2022-12-27,13.319268226623535,15.779999732971191,15.960000038146973,15.65999984741211,15.960000038146973,162217
2022-12-28,13.369914054870605,15.84000015258789,16.020000457763672,15.65999984741211,15.779999732971191,209983
2022-12-29,13.342855453491211,15.779999732971191,15.899999618530273,15.600000381469727,15.84000015258789,258133
2022-12-30,13.342855453491211,15.779999732971191,15.779999732971191,15.539999961853027,15.539999961853027,307483
2023-01-03,13.393587112426758,15.84000015258789,15.899999618530273,15.720000267028809,15.779999732971191,96683
2023-01-04,13.7487211227417,16.260000228881836,16.440000534057617,15.899999618530273,15.960000038146973,179817
2023-01-05,13.342855453491211,15.779999732971191,16.260000228881836,15.720000267028809,16.139999389648438,113933
2023-01-06,13.79945182800293,16.31999969482422,16.5,15.960000038146973,15.960000038146973,142233
2023-01-09,13.900922775268555,16.440000534057617,16.739999771118164,16.31999969482422,16.3799991607666,244300
2023-01-10,13.900922775268555,16.440000534057617,16.920000076293945,16.260000228881836,16.559999465942383,202167
2023-01-11,14.103852272033691,16.68000030517578,16.920000076293945,16.6200008392334,16.739999771118164,157317
2023-01-12,14.256053924560547,16.860000610351562,16.979999542236328,16.559999465942383,16.68000030517578,234550
2023-01-13,14.357519149780273,16.979999542236328,17.520000457763672,16.860000610351562,16.979999542236328,157633
2023-01-17,14.357519149780273,16.979999542236328,17.15999984741211,16.920000076293945,16.979999542236328,161950
2023-01-18,14.357519149780273,16.979999542236328,17.280000686645508,16.860000610351562,17.100000381469727,179600
2023-01-19,14.30678653717041,16.920000076293945,17.34000015258789,16.799999237060547,17.040000915527344,173283
2023-01-20,14.611185073852539,17.280000686645508,17.280000686645508,16.860000610351562,16.920000076293945,159933
2023-01-23,14.652172088623047,17.15999984741211,17.219999313354492,17.040000915527344,17.100000381469727,139917
2023-01-24,14.652172088623047,17.15999984741211,17.219999313354492,16.979999542236328,17.15999984741211,109800
2023-01-25,14.549708366394043,17.040000915527344,17.219999313354492,17.040000915527344,17.15999984741211,69883
2023-01-26,14.652172088623047,17.15999984741211,17.280000686645508,16.559999465942383,17.219999313354492,124667
2023-01-27,14.857099533081055,17.399999618530273,17.399999618530273,17.15999984741211,17.219999313354492,176967
2023-01-30,14.498476028442383,16.979999542236328,17.399999618530273,16.860000610351562,17.34000015258789,150050
2023-01-31,14.805868148803711,17.34000015258789,17.399999618530273,17.15999984741211,17.34000015258789,142333
2023-02-01,14.754632949829102,17.280000686645508,17.520000457763672,17.15999984741211,17.15999984741211,175517
2023-02-02,14.857099533081055,17.399999618530273,17.520000457763672,17.280000686645508,17.459999084472656,137950
2023-02-03,14.857099533081055,17.399999618530273,17.399999618530273,17.15999984741211,17.34000015258789,166017
2023-02-06,14.703400611877441,17.219999313354492,17.520000457763672,16.799999237060547,17.399999618530273,96583
2023-02-07,14.805868148803711,17.34000015258789,17.399999618530273,17.15999984741211,17.34000015258789,241317
2023-02-08,14.703400611877441,17.219999313354492,17.399999618530273,17.15999984741211,17.399999618530273,185000
2023-02-09,14.703400611877441,17.219999313354492,17.34000015258789,17.100000381469727,17.34000015258789,122583
2023-02-10,14.652172088623047,17.15999984741211,17.219999313354492,16.979999542236328,17.219999313354492,88400
2023-02-13,14.652172088623047,17.15999984741211,17.280000686645508,16.979999542236328,17.219999313354492,159117
2023-02-14,14.549708366394043,17.040000915527344,17.100000381469727,16.979999542236328,17.100000381469727,92550
2023-02-15,14.549708366394043,17.040000915527344,17.100000381469727,16.920000076293945,17.100000381469727,67483
2023-02-16,14.344783782958984,16.799999237060547,17.100000381469727,16.559999465942383,17.100000381469727,185483
2023-02-17,14.214781761169434,16.6200008392334,16.860000610351562,16.440000534057617,16.68000030517578,98983
2023-02-21,13.855560302734375,16.200000762939453,16.6200008392334,15.960000038146973,16.6200008392334,210300
2023-02-22,13.958195686340332,16.31999969482422,16.440000534057617,16.200000762939453,16.260000228881836,121600
2023-02-23,14.00951099395752,16.3799991607666,16.6200008392334,16.079999923706055,16.5,222633
2023-02-24,13.752930641174316,16.079999923706055,16.3799991607666,16.079999923706055,16.260000228881836,135833
2023-02-27,14.060831069946289,16.440000534057617,16.440000534057617,15.779999732971191,16.139999389648438,106267
2023-02-28,14.11214542388916,16.5,16.68000030517578,16.31999969482422,16.68000030517578,119767
2023-03-01,14.11214542388916,16.5,16.6200008392334,16.31999969482422,16.5,126967
2023-03-02,13.958195686340332,16.31999969482422,16.5,16.139999389648438,16.5,105900
2023-03-03,14.00951099395752,16.3799991607666,16.440000534057617,16.139999389648438,16.260000228881836,133650
2023-03-06,14.060831069946289,16.440000534057617,16.559999465942383,16.31999969482422,16.5,167250
2023-03-07,14.00951099395752,16.3799991607666,16.5,16.200000762939453,16.5,172217
2023-03-08,14.00951099395752,16.3799991607666,16.5,16.31999969482422,16.440000534057617,111233
2023-03-09,13.752930641174316,16.079999923706055,16.3799991607666,15.899999618530273,16.3799991607666,164933
2023-03-10,13.906880378723145,16.260000228881836,16.31999969482422,15.960000038146973,16.079999923706055,123883
2023-03-13,13.804245948791504,16.139999389648438,16.68000030517578,16.020000457763672,16.020000457763672,173567
2023-03-14,14.060831069946289,16.440000534057617,16.5,16.31999969482422,16.3799991607666,98367
2023-03-15,13.650294303894043,15.960000038146973,16.3799991607666,15.960000038146973,16.3799991607666,158417
2023-03-16,13.855560302734375,16.200000762939453,16.200000762939453,15.899999618530273,15.960000038146973,127117
2023-03-17,13.701611518859863,16.020000457763672,16.31999969482422,15.300000190734863,16.200000762939453,181550
2023-03-20,13.598976135253906,15.899999618530273,16.200000762939453,15.420000076293945,15.899999618530273,82383
2023-03-21,13.701611518859863,16.020000457763672,16.139999389648438,15.84000015258789,16.139999389648438,136533
2023-03-22,13.701611518859863,16.020000457763672,16.559999465942383,16.020000457763672,16.139999389648438,116000
2023-03-23,13.571380615234375,15.84000015258789,16.079999923706055,15.779999732971191,15.899999618530273,101383
2023-03-24,13.519975662231445,15.779999732971191,15.960000038146973,15.600000381469727,15.84000015258789,86283
2023-03-27,13.622784614562988,15.899999618530273,15.899999618530273,15.720000267028809,15.84000015258789,63950
2023-03-28,13.571380615234375,15.84000015258789,16.020000457763672,15.539999961853027,15.899999618530273,65750
2023-03-29,13.725601196289062,16.020000457763672,16.200000762939453,15.84000015258789,15.960000038146973,139500
2023-03-30,13.777010917663574,16.079999923706055,16.079999923706055,15.84000015258789,16.020000457763672,73100
2023-03-31,13.6741943359375,15.960000038146973,16.3799991607666,15.899999618530273,16.260000228881836,218000
2023-04-03,13.982634544372559,16.31999969482422,16.440000534057617,16.079999923706055,16.079999923706055,206200
2023-04-04,13.777010917663574,16.079999923706055,16.260000228881836,15.84000015258789,16.139999389648438,84267
2023-04-05,13.725601196289062,16.020000457763672,16.200000762939453,15.899999618530273,16.079999923706055,133117
2023-04-06,13.571380615234375,15.84000015258789,16.020000457763672,15.84000015258789,15.899999618530273,130867
2023-04-10,13.828414916992188,16.139999389648438,16.200000762939453,15.84000015258789,15.84000015258789,213967
2023-04-11,13.828414916992188,16.139999389648438,16.31999969482422,16.079999923706055,16.079999923706055,129400
2023-04-12,13.931229591369629,16.260000228881836,16.31999969482422,16.200000762939453,16.200000762939453,96850
2023-04-13,14.034038543701172,16.3799991607666,16.440000534057617,16.260000228881836,16.31999969482422,94717
2023-04-14,13.879819869995117,16.200000762939453,16.5,16.200000762939453,16.3799991607666,94367
2023-04-17,14.08544921875,16.440000534057617,16.440000534057617,16.200000762939453,16.31999969482422,72867
2023-04-18,14.13685417175293,16.5,16.559999465942383,16.3799991607666,16.5,86150
2023-04-19,14.239669799804688,16.6200008392334,16.799999237060547,16.3799991607666,16.440000534057617,117600
2023-04-20,14.281213760375977,16.5,16.6200008392334,16.440000534057617,16.440000534057617,71933
2023-04-21,14.125418663024902,16.31999969482422,16.559999465942383,16.31999969482422,16.5,65650
2023-04-24,14.02155590057373,16.200000762939453,16.440000534057617,16.139999389648438,16.3799991607666,124083
2023-04-25,13.81382942199707,15.960000038146973,16.260000228881836,15.960000038146973,16.200000762939453,90467
2023-04-26,13.917691230773926,16.079999923706055,16.260000228881836,15.899999618530273,15.960000038146973,182217
2023-04-27,14.177348136901855,16.3799991607666,16.3799991607666,16.079999923706055,16.139999389648438,73017
2023-04-28,14.125418663024902,16.31999969482422,16.559999465942383,16.260000228881836,16.5,111050
2023-05-01,14.125418663024902,16.31999969482422,16.559999465942383,16.200000762939453,16.31999969482422,131783
2023-05-02,13.969623565673828,16.139999389648438,16.260000228881836,16.020000457763672,16.200000762939453,81717
2023-05-03,13.865760803222656,16.020000457763672,16.31999969482422,15.960000038146973,16.139999389648438,102133
2023-05-04,14.125418663024902,16.31999969482422,16.440000534057617,16.020000457763672,16.020000457763672,93533
2023-05-05,14.229281425476074,16.440000534057617,16.5,16.31999969482422,16.3799991607666,154167
2023-05-08,14.073488235473633,16.260000228881836,16.5,16.260000228881836,16.3799991607666,118433
2023-05-09,14.073488235473633,16.260000228881836,16.3799991607666,16.079999923706055,16.3799991607666,72417
2023-05-10,14.125418663024902,16.31999969482422,16.31999969482422,16.200000762939453,16.260000228881836,61433
2023-05-11,14.073488235473633,16.260000228881836,16.799999237060547,15.899999618530273,16.3799991607666,89017
2023-05-12,14.02155590057373,16.200000762939453,16.31999969482422,16.139999389648438,16.260000228881836,88733
2023-05-15,14.229281425476074,16.440000534057617,16.799999237060547,16.260000228881836,16.260000228881836,111800
2023-05-16,14.177348136901855,16.3799991607666,16.559999465942383,16.260000228881836,16.5,75967
2023-05-17,14.229281425476074,16.440000534057617,16.5,16.3799991607666,16.3799991607666,71150
2023-05-18,14.061385154724121,16.079999923706055,16.260000228881836,15.600000381469727,16.200000762939453,152317
2023-05-19,13.903982162475586,15.899999618530273,16.139999389648438,15.600000381469727,16.079999923706055,73450
2023-05-22,14.11385440826416,16.139999389648438,16.139999389648438,15.899999618530273,15.899999618530273,65833
2023-05-23,14.166321754455566,16.200000762939453,16.260000228881836,16.020000457763672,16.020000457763672,108817
2023-05-24,13.903982162475586,15.899999618530273,16.200000762939453,15.899999618530273,16.200000762939453,70317
2023-05-25,14.11385440826416,16.139999389648438,16.200000762939453,15.960000038146973,15.960000038146973,58700
2023-05-26,14.061385154724121,16.079999923706055,16.260000228881836,15.960000038146973,16.200000762939453,100283
2023-05-30,14.166321754455566,16.200000762939453,16.200000762939453,16.020000457763672,16.079999923706055,70650
2023-05-31,14.323721885681152,16.3799991607666,16.440000534057617,16.200000762939453,16.260000228881836,136933
2023-06-01,14.21878719329834,16.260000228881836,16.5,16.200000762939453,16.260000228881836,144900
2023-06-02,14.008916854858398,16.020000457763672,16.3799991607666,15.899999618530273,16.260000228881836,143650
2023-06-05,14.008916854858398,16.020000457763672,16.559999465942383,15.899999618530273,15.960000038146973,84417
2023-06-06,14.21878719329834,16.260000228881836,16.260000228881836,16.020000457763672,16.020000457763672,63650
2023-06-07,14.21878719329834,16.260000228881836,16.31999969482422,16.139999389648438,16.200000762939453,120867
2023-06-08,14.21878719329834,16.260000228881836,16.3799991607666,16.139999389648438,16.260000228881836,43600
2023-06-09,14.271256446838379,16.31999969482422,16.799999237060547,16.200000762939453,16.260000228881836,51383
2023-06-12,14.21878719329834,16.260000228881836,16.3799991607666,16.139999389648438,16.31999969482422,85367
2023-06-13,14.008916854858398,16.020000457763672,16.440000534057617,16.020000457763672,16.260000228881836,72633
2023-06-14,14.21878719329834,16.260000228881836,16.440000534057617,16.079999923706055,16.260000228881836,138283
2023-06-15,14.166321754455566,16.200000762939453,16.3799991607666,16.200000762939453,16.200000762939453,90867
2023-06-16,14.323721885681152,16.3799991607666,16.440000534057617,16.260000228881836,16.260000228881836,70583
2023-06-20,14.323721885681152,16.3799991607666,16.5,16.31999969482422,16.3799991607666,96883
2023-06-21,14.323721885681152,16.3799991607666,16.440000534057617,16.31999969482422,16.3799991607666,69983
2023-06-22,14.260110855102539,16.139999389648438,16.3799991607666,16.020000457763672,16.200000762939453,77867
2023-06-23,14.207098960876465,16.079999923706055,16.559999465942383,16.079999923706055,16.139999389648438,54517
2023-06-26,14.260110855102539,16.139999389648438,16.200000762939453,16.079999923706055,16.139999389648438,67300
2023-06-27,14.366133689880371,16.260000228881836,16.3799991607666,16.079999923706055,16.200000762939453,120567
2023-06-28,14.47215461730957,16.3799991607666,16.440000534057617,16.139999389648438,16.260000228881836,110600
2023-06-29,14.366133689880371,16.260000228881836,16.3799991607666,16.200000762939453,16.260000228881836,91467
2023-06-30,14.313121795654297,16.200000762939453,16.5,16.139999389648438,16.5,159000
2023-07-03,14.525168418884277,16.440000534057617,16.440000534057617,16.260000228881836,16.260000228881836,131483
2023-07-05,14.578178405761719,16.5,16.5,16.3799991607666,16.440000534057617,107900
2023-07-06,14.47215461730957,16.3799991607666,16.559999465942383,16.200000762939453,16.440000534057617,92200
2023-07-07,14.525168418884277,16.440000534057617,16.440000534057617,16.3799991607666,16.3799991607666,77950
2023-07-10,14.419144630432129,16.31999969482422,16.5,16.31999969482422,16.440000534057617,64250
2023-07-11,14.578178405761719,16.5,16.5,16.31999969482422,16.31999969482422,77217
2023-07-12,14.578178405761719,16.5,16.68000030517578,16.440000534057617,16.5,139883
2023-07-13,14.578178405761719,16.5,16.559999465942383,16.5,16.559999465942383,53733
2023-07-14,14.366133689880371,16.260000228881836,16.559999465942383,16.260000228881836,16.5,172917
2023-07-17,14.47215461730957,16.3799991607666,16.3799991607666,16.200000762939453,16.31999969482422,121433
2023-07-18,14.47215461730957,16.3799991607666,16.5,16.079999923706055,16.3799991607666,175333
2023-07-19,14.47215461730957,16.3799991607666,16.5,16.31999969482422,16.440000534057617,139867
2023-07-20,14.366133689880371,16.260000228881836,16.440000534057617,16.260000228881836,16.3799991607666,117550
2023-07-21,14.30185604095459,16.020000457763672,16.260000228881836,16.020000457763672,16.200000762939453,317650
2023-07-24,14.623245239257812,16.3799991607666,16.5,16.139999389648438,16.139999389648438,237917
2023-07-25,14.462550163269043,16.200000762939453,16.5,16.139999389648438,16.3799991607666,101133
2023-07-26,14.462550163269043,16.200000762939453,16.31999969482422,16.139999389648438,16.260000228881836,90450
2023-07-27,14.408985137939453,16.139999389648438,16.440000534057617,16.139999389648438,16.3799991607666,264583
2023-07-28,14.516114234924316,16.260000228881836,16.31999969482422,16.139999389648438,16.260000228881836,189750
2023-07-31,14.730374336242676,16.5,16.559999465942383,16.3799991607666,16.440000534057617,315500
2023-08-01,14.516114234924316,16.260000228881836,16.68000030517578,16.260000228881836,16.5,189650
2023-08-02,14.516114234924316,16.260000228881836,16.31999969482422,16.200000762939453,16.200000762939453,100033
2023-08-03,14.35542106628418,16.079999923706055,16.31999969482422,16.020000457763672,16.200000762939453,212300
2023-08-04,14.462550163269043,16.200000762939453,16.5,16.079999923706055,16.079999923706055,126700
2023-08-07,14.35542106628418,16.079999923706055,16.260000228881836,15.960000038146973,16.139999389648438,145233
2023-08-08,14.35542106628418,16.079999923706055,16.260000228881836,16.079999923706055,16.139999389648438,90983
2023-08-09,14.516114234924316,16.260000228881836,16.31999969482422,16.139999389648438,16.139999389648438,72067
2023-08-10,14.516114234924316,16.260000228881836,16.440000534057617,16.200000762939453,16.3799991607666,74100
2023-08-11,14.623245239257812,16.3799991607666,16.3799991607666,16.260000228881836,16.260000228881836,62683
2023-08-14,14.35542106628418,16.079999923706055,16.3799991607666,16.079999923706055,16.3799991607666,113000
2023-08-15,14.194725036621094,15.899999618530273,16.139999389648438,15.899999618530273,16.079999923706055,138783
2023-08-16,13.926900863647461,15.600000381469727,16.020000457763672,15.359999656677246,15.960000038146973,246683
2023-08-17,13.926900863647461,15.600000381469727,15.779999732971191,15.359999656677246,15.720000267028809,118567
2023-08-18,13.926900863647461,15.600000381469727,15.720000267028809,15.600000381469727,15.600000381469727,82333
2023-08-21,13.980466842651367,15.65999984741211,15.720000267028809,15.479999542236328,15.600000381469727,84333
2023-08-22,13.873334884643555,15.539999961853027,15.720000267028809,15.539999961853027,15.65999984741211,80533
2023-08-23,14.133258819580078,15.65999984741211,15.899999618530273,15.359999656677246,15.359999656677246,96133
2023-08-24,14.133258819580078,15.65999984741211,15.720000267028809,15.479999542236328,15.600000381469727,67067
2023-08-25,14.349858283996582,15.899999618530273,15.899999618530273,15.65999984741211,15.65999984741211,66467
2023-08-28,14.295707702636719,15.84000015258789,16.31999969482422,15.720000267028809,15.84000015258789,50667
2023-08-29,14.241556167602539,15.779999732971191,15.960000038146973,15.779999732971191,15.899999618530273,101333
2023-08-30,14.349858283996582,15.899999618530273,15.960000038146973,15.720000267028809,15.779999732971191,105467
2023-08-31,14.187405586242676,15.720000267028809,16.020000457763672,15.720000267028809,16.020000457763672,122067
2023-09-01,14.241556167602539,15.779999732971191,15.899999618530273,15.720000267028809,15.720000267028809,79467
2023-09-05,14.187405586242676,15.720000267028809,15.960000038146973,15.65999984741211,15.779999732971191,117150
2023-09-06,14.187405586242676,15.720000267028809,15.84000015258789,15.720000267028809,15.720000267028809,94800
2023-09-07,14.295707702636719,15.84000015258789,15.899999618530273,15.65999984741211,15.720000267028809,62983
2023-09-08,14.079107284545898,15.600000381469727,15.899999618530273,15.600000381469727,15.84000015258789,92850
2023-09-11,14.133258819580078,15.65999984741211,15.65999984741211,15.479999542236328,15.600000381469727,94117
2023-09-12,14.187405586242676,15.720000267028809,15.84000015258789,15.539999961853027,15.720000267028809,97433
2023-09-13,14.079107284545898,15.600000381469727,15.779999732971191,15.600000381469727,15.720000267028809,63100
2023-09-14,14.241556167602539,15.779999732971191,15.84000015258789,15.539999961853027,15.720000267028809,141567
2023-09-15,14.187405586242676,15.720000267028809,15.84000015258789,15.65999984741211,15.779999732971191,71817
2023-09-18,14.295707702636719,15.84000015258789,15.899999618530273,15.720000267028809,15.720000267028809,102550
2023-09-19,14.187405586242676,15.720000267028809,15.84000015258789,15.720000267028809,15.779999732971191,59517
2023-09-20,14.241556167602539,15.779999732971191,15.899999618530273,15.779999732971191,15.779999732971191,86583
2023-09-21,14.12114429473877,15.479999542236328,15.65999984741211,15.420000076293945,15.539999961853027,94683
2023-09-22,14.066411018371582,15.420000076293945,15.539999961853027,15.420000076293945,15.539999961853027,75900
2023-09-25,13.847479820251465,15.180000305175781,15.479999542236328,15.119999885559082,15.420000076293945,106917
2023-09-26,13.573813438415527,14.880000114440918,15.239999771118164,14.880000114440918,15.119999885559082,186583
2023-09-27,13.519079208374023,14.819999694824219,15.0,14.760000228881836,14.880000114440918,146067
2023-09-28,13.464347839355469,14.760000228881836,14.9399995803833,14.760000228881836,14.819999694824219,134083
2023-09-29,13.409613609313965,14.699999809265137,15.0,14.699999809265137,14.880000114440918,313433
2023-10-02,13.573813438415527,14.880000114440918,14.9399995803833,14.699999809265137,14.760000228881836,176733
2023-10-03,13.354881286621094,14.640000343322754,14.880000114440918,14.579999923706055,14.760000228881836,109033
2023-10-04,13.354881286621094,14.640000343322754,14.819999694824219,14.579999923706055,14.640000343322754,128417
2023-10-05,13.519079208374023,14.819999694824219,14.819999694824219,14.520000457763672,14.699999809265137,170500
2023-10-06,13.519079208374023,14.819999694824219,14.9399995803833,14.579999923706055,14.699999809265137,132783
2023-10-09,13.683279991149902,15.0,15.0,14.760000228881836,14.819999694824219,59067
2023-10-10,13.628545761108398,14.9399995803833,15.0600004196167,14.9399995803833,15.0,66500
2023-10-11,13.956945419311523,15.300000190734863,15.300000190734863,15.0,15.0600004196167,138667
2023-10-12,13.683279991149902,15.0,15.119999885559082,14.9399995803833,15.0600004196167,111217
2023-10-13,13.792746543884277,15.119999885559082,15.119999885559082,14.9399995803833,14.9399995803833,71300
2023-10-16,13.683279991149902,15.0,15.119999885559082,14.9399995803833,15.119999885559082,99967
2023-10-17,13.683279991149902,15.0,15.0,14.880000114440918,15.0,170233
2023-10-18,13.683279991149902,15.0,15.0600004196167,14.520000457763672,15.0,67617
2023-10-19,13.519079208374023,14.819999694824219,15.0,14.760000228881836,14.880000114440918,58283
2023-10-20,13.245414733886719,14.520000457763672,14.880000114440918,14.520000457763672,14.819999694824219,108250
2023-10-23,13.106490135192871,14.34000015258789,14.399999618530273,13.979999542236328,14.34000015258789,118633
2023-10-24,13.106490135192871,14.34000015258789,14.399999618530273,14.220000267028809,14.34000015258789,97083
2023-10-25,13.106490135192871,14.34000015258789,14.460000038146973,14.279999732971191,14.279999732971191,141050
2023-10-26,12.99681282043457,14.220000267028809,14.399999618530273,14.15999984741211,14.279999732971191,64650
2023-10-27,13.106490135192871,14.34000015258789,14.399999618530273,13.979999542236328,14.220000267028809,141850
2023-10-30,13.106490135192871,14.34000015258789,14.399999618530273,14.100000381469727,14.279999732971191,78933
2023-10-31,13.106490135192871,14.34000015258789,14.640000343322754,14.220000267028809,14.460000038146973,213183
2023-11-01,13.161328315734863,14.399999618530273,14.640000343322754,14.279999732971191,14.279999732971191,304433
2023-11-02,13.70971965789795,15.0,15.0,14.520000457763672,14.579999923706055,162967
2023-11-03,13.764557838439941,15.0600004196167,15.119999885559082,14.880000114440918,15.0,147550
2023-11-06,13.70971965789795,15.0,15.119999885559082,14.880000114440918,15.0600004196167,113967
2023-11-07,13.874236106872559,15.180000305175781,15.420000076293945,15.0,15.0,147183
2023-11-08,13.929072380065918,15.239999771118164,15.300000190734863,15.180000305175781,15.239999771118164,120167
2023-11-09,13.819396018981934,15.119999885559082,15.359999656677246,15.0,15.0600004196167,115067
2023-11-10,13.929072380065918,15.239999771118164,15.359999656677246,15.119999885559082,15.119999885559082,106367
2023-11-13,13.874236106872559,15.180000305175781,15.239999771118164,15.119999885559082,15.180000305175781,69950
2023-11-14,14.148427963256836,15.479999542236328,15.539999961853027,15.359999656677246,15.359999656677246,103350
2023-11-15,14.038750648498535,15.359999656677246,15.539999961853027,15.359999656677246,15.539999961853027,124450
2023-11-16,14.532301902770996,15.899999618530273,16.079999923706055,15.359999656677246,15.359999656677246,303100
2023-11-17,14.696817398071289,16.079999923706055,16.139999389648438,15.899999618530273,15.960000038146973,228783
2023-11-20,14.64197826385498,16.020000457763672,16.139999389648438,16.020000457763672,16.079999923706055,70017
2023-11-21,14.630894660949707,15.84000015258789,15.899999618530273,15.779999732971191,15.84000015258789,96350
2023-11-22,14.630894660949707,15.84000015258789,15.899999618530273,15.720000267028809,15.779999732971191,83667
2023-11-24,14.852575302124023,16.079999923706055,16.079999923706055,15.84000015258789,15.84000015258789,56667
2023-11-27,14.464634895324707,15.65999984741211,16.020000457763672,15.65999984741211,16.020000457763672,82033
2023-11-28,14.520054817199707,15.720000267028809,15.84000015258789,15.65999984741211,15.720000267028809,77483
2023-11-29,14.57547378540039,15.779999732971191,16.139999389648438,15.720000267028809,15.720000267028809,155967
2023-11-30,14.797154426574707,16.020000457763672,16.079999923706055,15.899999618530273,16.020000457763672,128433
2023-12-01,15.29593563079834,16.559999465942383,16.6200008392334,15.960000038146973,15.960000038146973,364067
2023-12-04,15.185094833374023,16.440000534057617,16.559999465942383,16.260000228881836,16.559999465942383,231533
2023-12-05,15.406776428222656,16.68000030517578,16.860000610351562,16.440000534057617,16.440000534057617,374950
2023-12-06,15.12967300415039,16.3799991607666,16.799999237060547,16.3799991607666,16.799999237060547,131733
2023-12-07,15.185094833374023,16.440000534057617,16.559999465942383,16.3799991607666,16.440000534057617,112883
2023-12-08,15.12967300415039,16.3799991607666,16.559999465942383,16.3799991607666,16.440000534057617,67333
2023-12-11,15.12967300415039,16.3799991607666,16.559999465942383,16.260000228881836,16.5,92117
2023-12-12,15.240514755249023,16.5,16.6200008392334,16.3799991607666,16.440000534057617,255600
2023-12-13,15.462196350097656,16.739999771118164,16.799999237060547,16.31999969482422,16.5,220683
2023-12-14,15.351356506347656,16.6200008392334,16.920000076293945,16.559999465942383,16.799999237060547,130633
2023-12-15,15.29593563079834,16.559999465942383,16.68000030517578,16.559999465942383,16.6200008392334,106667
2023-12-18,15.351356506347656,16.6200008392334,16.6200008392334,16.5,16.559999465942383,225250
2023-12-19,15.406776428222656,16.68000030517578,16.739999771118164,16.559999465942383,16.68000030517578,153350
2023-12-20,15.351356506347656,16.6200008392334,16.860000610351562,16.5,16.739999771118164,173083
2023-12-21,15.406776428222656,16.68000030517578,16.799999237060547,16.559999465942383,16.68000030517578,98333
2023-12-22,15.462196350097656,16.739999771118164,16.799999237060547,16.6200008392334,16.799999237060547,107783
2023-12-26,15.62845516204834,16.920000076293945,16.920000076293945,16.739999771118164,16.799999237060547,130800
2023-12-27,15.51761531829834,16.799999237060547,16.979999542236328,16.799999237060547,16.860000610351562,86533
2023-12-28,15.39445972442627,16.5,16.799999237060547,16.440000534057617,16.739999771118164,141133
2023-12-29,15.170539855957031,16.260000228881836,16.5,16.139999389648438,16.440000534057617,321700
2024-01-02,15.226520538330078,16.31999969482422,16.3799991607666,16.200000762939453,16.260000228881836,104017
2024-01-03,15.226520538330078,16.31999969482422,16.5,16.260000228881836,16.31999969482422,146033
2024-01-04,15.674358367919922,16.799999237060547,17.040000915527344,16.3799991607666,16.3799991607666,657633
2024-01-05,15.562399864196777,16.68000030517578,16.860000610351562,16.68000030517578,16.860000610351562,114217
2024-01-08,15.450440406799316,16.559999465942383,16.860000610351562,16.559999465942383,16.739999771118164,120000
2024-01-09,15.506421089172363,16.6200008392334,16.68000030517578,16.5,16.68000030517578,79183
2024-01-10,15.450440406799316,16.559999465942383,16.739999771118164,16.559999465942383,16.68000030517578,128683
2024-01-11,15.506421089172363,16.6200008392334,16.739999771118164,16.5,16.559999465942383,119350
2024-01-12,15.450440406799316,16.559999465942383,16.68000030517578,16.559999465942383,16.6200008392334,60067
2024-01-16,15.114561080932617,16.200000762939453,16.68000030517578,16.200000762939453,16.6200008392334,188100
2024-01-17,14.890640258789062,15.960000038146973,16.260000228881836,15.84000015258789,16.200000762939453,165250
2024-01-18,15.00260066986084,16.079999923706055,16.079999923706055,15.960000038146973,16.079999923706055,114500
2024-01-19,14.834661483764648,15.899999618530273,16.139999389648438,15.600000381469727,16.139999389648438,885600
2024-01-22,14.946621894836426,16.020000457763672,16.079999923706055,15.899999618530273,16.020000457763672,158900
2024-01-23,14.822159767150879,15.720000267028809,16.079999923706055,15.539999961853027,15.960000038146973,155817
2024-01-24,14.991880416870117,15.899999618530273,15.960000038146973,15.779999732971191,15.779999732971191,151750
2024-01-25,14.991880416870117,15.899999618530273,15.960000038146973,15.720000267028809,15.899999618530273,217600
2024-01-26,14.878731727600098,15.779999732971191,15.899999618530273,15.600000381469727,15.899999618530273,131667
2024-01-29,15.105025291442871,16.020000457763672,16.079999923706055,15.779999732971191,15.779999732971191,130800
2024-01-30,15.105025291442871,16.020000457763672,16.079999923706055,15.84000015258789,16.020000457763672,74133
2024-01-31,14.991880416870117,15.899999618530273,16.139999389648438,15.899999618530273,16.079999923706055,185017
2024-02-01,15.105025291442871,16.020000457763672,16.139999389648438,15.899999618530273,16.020000457763672,150300
2024-02-02,14.935307502746582,15.84000015258789,16.079999923706055,15.779999732971191,16.020000457763672,231333
2024-02-05,14.935307502746582,15.84000015258789,15.84000015258789,15.720000267028809,15.779999732971191,126283
2024-02-06,15.105025291442871,16.020000457763672,16.079999923706055,15.779999732971191,15.84000015258789,118233
2024-02-07,15.048453330993652,15.960000038146973,16.079999923706055,15.899999618530273,16.079999923706055,120083
2024-02-08,15.161598205566406,16.079999923706055,16.200000762939453,15.899999618530273,16.020000457763672,65567
2024-02-09,15.105025291442871,16.020000457763672,16.139999389648438,15.960000038146973,16.139999389648438,66050
2024-02-12,15.161598205566406,16.079999923706055,16.139999389648438,16.020000457763672,16.020000457763672,107717
2024-02-13,15.161598205566406,16.079999923706055,16.139999389648438,16.020000457763672,16.020000457763672,105567
2024-02-14,15.161598205566406,16.079999923706055,16.200000762939453,16.020000457763672,16.079999923706055,105233
2024-02-15,15.274746894836426,16.200000762939453,16.260000228881836,16.079999923706055,16.079999923706055,83900
2024-02-16,15.105025291442871,16.020000457763672,16.200000762939453,16.020000457763672,16.139999389648438,102783
2024-02-20,15.105025291442871,16.020000457763672,16.139999389648438,15.960000038146973,16.139999389648438,86617
2024-02-21,15.207937240600586,15.960000038146973,16.139999389648438,15.779999732971191,15.84000015258789,126350
2024-02-22,15.207937240600586,15.960000038146973,16.079999923706055,15.779999732971191,16.020000457763672,78750
2024-02-23,15.265109062194824,16.020000457763672,16.139999389648438,15.899999618530273,15.960000038146973,105850
2024-02-26,15.150764465332031,15.899999618530273,16.079999923706055,15.84000015258789,16.020000457763672,66983
2024-02-27,15.322281837463379,16.079999923706055,16.079999923706055,15.899999618530273,16.020000457763672,92900
2024-02-28,15.322281837463379,16.079999923706055,16.200000762939453,16.020000457763672,16.079999923706055,89950
2024-02-29,15.379454612731934,16.139999389648438,16.260000228881836,16.079999923706055,16.260000228881836,83600
2024-03-01,15.550971984863281,16.31999969482422,16.440000534057617,16.139999389648438,16.139999389648438,120033
2024-03-04,15.608145713806152,16.3799991607666,16.440000534057617,16.260000228881836,16.31999969482422,84217
2024-03-05,15.379454612731934,16.139999389648438,16.3799991607666,16.020000457763672,16.260000228881836,119983
2024-03-06,15.322281837463379,16.079999923706055,16.200000762939453,16.020000457763672,16.079999923706055,93800
2024-03-07,15.379454612731934,16.139999389648438,16.260000228881836,16.079999923706055,16.200000762939453,110033
2024-03-08,15.379454612731934,16.139999389648438,16.260000228881836,16.079999923706055,16.200000762939453,97767
2024-03-11,15.436630249023438,16.200000762939453,16.200000762939453,16.079999923706055,16.079999923706055,65867
2024-03-12,15.665319442749023,16.440000534057617,16.440000534057617,16.139999389648438,16.200000762939453,179100
2024-03-13,15.608145713806152,16.3799991607666,16.5,16.260000228881836,16.3799991607666,159533
2024-03-14,15.550971984863281,16.31999969482422,16.5,16.200000762939453,16.440000534057617,99667
2024-03-15,15.665319442749023,16.440000534057617,16.440000534057617,16.200000762939453,16.31999969482422,45250
2024-03-18,15.722490310668945,16.5,16.559999465942383,16.440000534057617,16.440000534057617,95433
2024-03-19,15.722490310668945,16.5,16.559999465942383,16.3799991607666,16.559999465942383,85183
2024-03-20,15.749216079711914,16.5,16.5,16.31999969482422,16.3799991607666,93917
2024-03-21,15.634676933288574,16.3799991607666,16.559999465942383,16.260000228881836,16.5,85533
2024-03-22,15.634676933288574,16.3799991607666,16.5,16.31999969482422,16.440000534057617,58417
2024-03-25,15.634676933288574,16.3799991607666,16.440000534057617,16.31999969482422,16.440000534057617,45050
2024-03-26,15.749216079711914,16.5,16.559999465942383,16.440000534057617,16.5,89333
2024-03-27,15.863757133483887,16.6200008392334,16.6200008392334,16.440000534057617,16.5,70983
2024-03-28,16.03556251525879,16.799999237060547,16.799999237060547,16.559999465942383,16.739999771118164,180917
2024-04-01,15.921028137207031,16.68000030517578,16.799999237060547,16.6200008392334,16.739999771118164,97583
2024-04-02,15.57740592956543,16.31999969482422,16.739999771118164,16.200000762939453,16.68000030517578,328967
2024-04-03,15.405595779418945,16.139999389648438,16.440000534057617,16.020000457763672,16.260000228881836,160533
2024-04-04,15.405595779418945,16.139999389648438,16.260000228881836,16.020000457763672,16.079999923706055,136933
2024-04-05,15.348326683044434,16.079999923706055,16.200000762939453,16.020000457763672,16.079999923706055,136683
2024-04-08,15.520137786865234,16.260000228881836,16.260000228881836,16.020000457763672,16.139999389648438,117767
2024-04-09,15.462868690490723,16.200000762939453,16.3799991607666,16.139999389648438,16.260000228881836,101833
2024-04-10,15.348326683044434,16.079999923706055,16.260000228881836,16.020000457763672,16.139999389648438,92800
2024-04-11,15.23378849029541,15.960000038146973,16.200000762939453,15.779999732971191,16.139999389648438,205333
2024-04-12,15.06197738647461,15.779999732971191,15.899999618530273,15.720000267028809,15.84000015258789,155767
2024-04-15,14.832898139953613,15.539999961853027,15.779999732971191,15.359999656677246,15.720000267028809,208367
2024-04-16,14.775627136230469,15.479999542236328,15.600000381469727,15.180000305175781,15.479999542236328,232633
2024-04-17,14.832898139953613,15.539999961853027,15.600000381469727,15.420000076293945,15.479999542236328,122050
2024-04-18,14.890169143676758,15.600000381469727,15.720000267028809,15.539999961853027,15.65999984741211,89883
2024-04-19,14.718358993530273,15.420000076293945,15.600000381469727,15.300000190734863,15.600000381469727,135400
2024-04-22,14.802504539489746,15.479999542236328,15.479999542236328,15.180000305175781,15.300000190734863,95950
2024-04-23,14.802504539489746,15.479999542236328,15.539999961853027,15.420000076293945,15.479999542236328,110150
2024-04-24,14.51563835144043,15.180000305175781,15.600000381469727,15.0,15.479999542236328,285183
2024-04-25,14.458263397216797,15.119999885559082,15.180000305175781,14.9399995803833,15.119999885559082,110050
2024-04-26,14.745133399963379,15.420000076293945,15.420000076293945,15.239999771118164,15.239999771118164,66033
2024-04-29,14.458263397216797,15.119999885559082,15.479999542236328,15.0600004196167,15.479999542236328,204867
2024-04-30,14.343514442443848,15.0,15.359999656677246,14.9399995803833,15.239999771118164,242483
2024-05-01,14.343514442443848,15.0,15.119999885559082,14.880000114440918,15.0600004196167,204967
2024-05-02,14.573010444641113,15.239999771118164,15.239999771118164,15.0600004196167,15.0600004196167,88100
2024-05-03,14.745133399963379,15.420000076293945,15.479999542236328,15.300000190734863,15.300000190734863,131317
2024-05-06,14.974629402160645,15.65999984741211,15.65999984741211,15.479999542236328,15.479999542236328,166700
2024-05-07,14.745133399963379,15.420000076293945,15.720000267028809,15.359999656677246,15.720000267028809,355300
2024-05-08,14.917255401611328,15.600000381469727,15.600000381469727,15.359999656677246,15.359999656677246,100833
2024-05-09,14.974629402160645,15.65999984741211,15.720000267028809,15.600000381469727,15.65999984741211,91067
2024-05-10,14.802504539489746,15.479999542236328,15.779999732971191,15.359999656677246,15.720000267028809,166867
2024-05-13,14.802504539489746,15.479999542236328,15.539999961853027,15.359999656677246,15.479999542236328,121050
2024-05-14,14.917255401611328,15.600000381469727,15.65999984741211,15.420000076293945,15.479999542236328,113967
2024-05-15,15.204126358032227,15.899999618530273,15.899999618530273,15.65999984741211,15.65999984741211,192950
2024-05-16,15.032003402709961,15.720000267028809,15.899999618530273,15.600000381469727,15.84000015258789,194417
2024-05-17,14.859879493713379,15.539999961853027,15.720000267028809,15.539999961853027,15.600000381469727,137783
2024-05-20,15.14675235748291,15.84000015258789,15.84000015258789,15.65999984741211,15.65999984741211,142767
2024-05-21,15.37624740600586,16.079999923706055,16.079999923706055,15.779999732971191,15.84000015258789,146967
2024-05-22,15.288121223449707,15.960000038146973,16.020000457763672,15.84000015258789,15.899999618530273,138900
2024-05-23,15.288121223449707,15.960000038146973,16.079999923706055,15.899999618530273,15.960000038146973,292300
2024-05-24,15.288121223449707,15.960000038146973,16.020000457763672,15.779999732971191,15.960000038146973,129050
2024-05-28,15.230647087097168,15.899999618530273,16.079999923706055,15.779999732971191,16.079999923706055,94517
2024-05-29,15.000749588012695,15.65999984741211,15.899999618530273,15.600000381469727,15.84000015258789,86550
2024-05-30,15.000749588012695,15.65999984741211,15.779999732971191,15.600000381469727,15.65999984741211,88483
2024-05-31,15.230647087097168,15.899999618530273,15.960000038146973,15.779999732971191,15.84000015258789,143200
2024-06-03,15.173172950744629,15.84000015258789,15.960000038146973,15.779999732971191,15.84000015258789,83983
2024-06-04,15.230647087097168,15.899999618530273,15.960000038146973,15.720000267028809,15.899999618530273,71033
2024-06-05,15.288121223449707,15.960000038146973,16.079999923706055,15.84000015258789,15.84000015258789,101883
2024-06-06,15.173172950744629,15.84000015258789,16.020000457763672,15.779999732971191,15.84000015258789,80667
2024-06-07,15.115697860717773,15.779999732971191,15.960000038146973,15.720000267028809,15.84000015258789,93283
2024-06-10,15.230647087097168,15.899999618530273,15.960000038146973,15.84000015258789,15.899999618530273,59850
2024-06-11,15.34559440612793,16.020000457763672,16.020000457763672,15.960000038146973,15.960000038146973,74183
2024-06-12,15.403068542480469,16.079999923706055,16.139999389648438,16.020000457763672,16.079999923706055,119550
2024-06-13,15.51801872253418,16.200000762939453,16.200000762939453,16.020000457763672,16.139999389648438,151183
2024-06-14,15.288121223449707,15.960000038146973,16.200000762939453,15.899999618530273,16.200000762939453,93250
2024-06-17,15.51801872253418,16.200000762939453,16.200000762939453,15.960000038146973,16.020000457763672,67550
2024-06-18,15.632965087890625,16.31999969482422,16.31999969482422,16.020000457763672,16.139999389648438,108700
2024-06-20,15.51801872253418,16.200000762939453,16.31999969482422,16.139999389648438,16.200000762939453,93750
2024-06-21,15.314591407775879,15.960000038146973,16.020000457763672,15.899999618530273,15.960000038146973,51983
2024-06-24,15.084296226501465,15.720000267028809,15.960000038146973,15.720000267028809,15.899999618530273,125600
2024-06-25,15.14186954498291,15.779999732971191,15.899999618530273,15.65999984741211,15.84000015258789,91233
2024-06-26,15.14186954498291,15.779999732971191,15.899999618530273,15.65999984741211,15.779999732971191,78867
2024-06-27,15.257017135620117,15.899999618530273,16.079999923706055,15.720000267028809,15.720000267028809,111217
2024-06-28,15.429737091064453,16.079999923706055,16.31999969482422,15.84000015258789,16.079999923706055,177567
2024-07-01,15.429737091064453,16.079999923706055,16.200000762939453,15.960000038146973,16.139999389648438,109817
2024-07-02,15.544886589050293,16.200000762939453,16.200000762939453,16.020000457763672,16.079999923706055,91750
2024-07-03,15.372164726257324,16.020000457763672,16.139999389648438,15.899999618530273,15.960000038146973,104600
2024-07-05,15.372164726257324,16.020000457763672,16.079999923706055,15.899999618530273,16.020000457763672,85967
2024-07-08,15.314591407775879,15.960000038146973,16.020000457763672,15.779999732971191,15.899999618530273,154000
2024-07-09,15.602458953857422,16.260000228881836,16.260000228881836,15.899999618530273,15.960000038146973,148117
2024-07-10,15.832752227783203,16.5,16.5,16.260000228881836,16.260000228881836,212500
2024-07-11,15.77518081665039,16.440000534057617,16.559999465942383,16.3799991607666,16.5,97700
2024-07-12,15.890326499938965,16.559999465942383,16.559999465942383,16.5,16.559999465942383,107717
2024-07-15,16.12061882019043,16.799999237060547,16.860000610351562,16.559999465942383,16.559999465942383,302650
2024-07-16,16.2933406829834,16.979999542236328,17.100000381469727,16.799999237060547,16.860000610351562,233117
2024-07-17,16.235769271850586,16.920000076293945,17.15999984741211,16.799999237060547,16.920000076293945,196567
2024-07-18,16.005475997924805,16.68000030517578,17.100000381469727,16.5,16.920000076293945,231467
2024-07-19,16.2933406829834,16.979999542236328,17.100000381469727,16.559999465942383,16.799999237060547,891533
2024-07-22,16.2933406829834,16.979999542236328,16.979999542236328,16.860000610351562,16.920000076293945,89617
2024-07-23,16.235769271850586,16.920000076293945,17.040000915527344,16.799999237060547,16.979999542236328,89433
2024-07-24,15.916666030883789,16.559999465942383,16.799999237060547,16.31999969482422,16.739999771118164,236667
2024-07-25,15.916666030883789,16.559999465942383,16.68000030517578,16.3799991607666,16.6200008392334,73617
2024-07-26,15.916666030883789,16.559999465942383,16.559999465942383,16.5,16.5,79283
2024-07-29,15.916666030883789,16.559999465942383,16.68000030517578,16.559999465942383,16.559999465942383,87017
2024-07-30,16.032007217407227,16.68000030517578,16.68000030517578,16.5,16.559999465942383,121033
2024-07-31,16.147340774536133,16.799999237060547,16.979999542236328,16.68000030517578,16.799999237060547,187717
2024-08-01,16.147340774536133,16.799999237060547,17.040000915527344,16.68000030517578,16.860000610351562,151200
2024-08-02,16.032007217407227,16.68000030517578,16.799999237060547,16.3799991607666,16.68000030517578,182150
2024-08-05,15.397645950317383,16.020000457763672,16.440000534057617,16.020000457763672,16.200000762939453,208300
2024-08-06,15.801329612731934,16.440000534057617,16.440000534057617,16.079999923706055,16.079999923706055,81533
2024-08-07,16.147340774536133,16.799999237060547,16.799999237060547,16.5,16.5,131700
2024-08-08,16.147340774536133,16.799999237060547,16.920000076293945,16.739999771118164,16.799999237060547,116950
2024-08-09,16.26268196105957,16.920000076293945,16.920000076293945,16.739999771118164,16.799999237060547,104183
2024-08-12,16.26268196105957,16.920000076293945,16.979999542236328,16.799999237060547,16.920000076293945,81650
2024-08-13,16.26268196105957,16.920000076293945,16.979999542236328,16.860000610351562,16.920000076293945,87500
2024-08-14,16.26268196105957,16.920000076293945,16.979999542236328,16.860000610351562,16.979999542236328,69600
2024-08-15,16.320348739624023,16.979999542236328,16.979999542236328,16.860000610351562,16.860000610351562,96283
2024-08-16,16.320348739624023,16.979999542236328,16.979999542236328,16.920000076293945,16.979999542236328,71733
2024-08-19,16.493358612060547,17.15999984741211,17.219999313354492,16.920000076293945,16.979999542236328,169783
2024-08-20,16.493358612060547,17.15999984741211,17.219999313354492,17.040000915527344,17.100000381469727,137017
2024-08-21,16.60869598388672,17.280000686645508,17.399999618530273,17.040000915527344,17.100000381469727,146950
2024-08-22,16.320348739624023,16.979999542236328,17.280000686645508,16.739999771118164,17.280000686645508,154483
2024-08-23,16.59992790222168,17.100000381469727,17.100000381469727,16.739999771118164,16.860000610351562,111117
2024-08-26,16.483436584472656,16.979999542236328,17.15999984741211,16.799999237060547,17.100000381469727,187317
2024-08-27,16.425193786621094,16.920000076293945,17.100000381469727,16.860000610351562,16.920000076293945,120900
2024-08-28,16.308700561523438,16.799999237060547,17.100000381469727,16.799999237060547,16.920000076293945,111167
2024-08-29,16.3669490814209,16.860000610351562,17.040000915527344,16.739999771118164,16.979999542236328,102500
2024-08-30,16.483436584472656,16.979999542236328,17.219999313354492,16.860000610351562,17.040000915527344,159967
2024-09-03,16.3669490814209,16.860000610351562,17.100000381469727,16.799999237060547,16.860000610351562,74083
2024-09-04,16.308700561523438,16.799999237060547,17.100000381469727,16.739999771118164,16.979999542236328,105300
2024-09-05,16.250455856323242,16.739999771118164,16.920000076293945,16.68000030517578,16.920000076293945,127633
2024-09-06,16.13396644592285,16.6200008392334,16.739999771118164,16.6200008392334,16.739999771118164,77700
2024-09-09,16.318408966064453,16.809999465942383,17.0,16.31999969482422,16.6200008392334,238000
2024-09-10,16.250455856323242,16.739999771118164,16.8799991607666,16.600000381469727,16.760000228881836,286100
2024-09-11,16.250455856323242,16.739999771118164,16.780000686645508,16.639999389648438,16.780000686645508,118500
2024-09-12,16.221332550048828,16.709999084472656,16.75,16.639999389648438,16.65999984741211,156800
2024-09-13,16.298995971679688,16.790000915527344,16.790000915527344,16.649999618530273,16.700000762939453,134800
2024-09-16,16.44460678100586,16.940000534057617,16.950000762939453,16.700000762939453,16.729999542236328,103800
2024-09-17,16.77466583251953,17.280000686645508,17.360000610351562,16.84000015258789,16.940000534057617,232100
2024-09-18,16.832908630371094,17.34000015258789,17.440000534057617,17.09000015258789,17.25,182900
2024-09-19,16.949399948120117,17.459999084472656,17.530000686645508,17.270000457763672,17.40999984741211,197800
2024-09-20,16.99793815612793,17.510000228881836,17.549999237060547,17.200000762939453,17.459999084472656,260200
2024-09-23,16.87544059753418,17.219999313354492,17.469999313354492,17.18000030517578,17.389999389648438,133000
2024-09-24,17.07143783569336,17.420000076293945,17.469999313354492,17.170000076293945,17.290000915527344,153300
2024-09-25,17.042037963867188,17.389999389648438,17.459999084472656,17.360000610351562,17.440000534057617,136500
2024-09-26,16.963638305664062,17.309999465942383,17.489999771118164,17.25,17.479999542236328,141500
2024-09-27,17.140037536621094,17.489999771118164,17.5,17.309999465942383,17.350000381469727,157800
2024-09-30,17.051837921142578,17.399999618530273,17.489999771118164,17.270000457763672,17.489999771118164,256000
2024-10-01,17.081239700317383,17.43000030517578,17.489999771118164,17.329999923706055,17.440000534057617,134900
2024-10-02,17.10083770751953,17.450000762939453,17.489999771118164,17.350000381469727,17.459999084472656,128700
2024-10-03,16.963638305664062,17.309999465942383,17.469999313354492,17.270000457763672,17.450000762939453,98200
2024-10-04,16.91463851928711,17.260000228881836,17.420000076293945,17.25,17.420000076293945,56700
2024-10-07,16.689241409301758,17.030000686645508,17.280000686645508,17.030000686645508,17.25,121700
2024-10-08,16.66964340209961,17.010000228881836,17.100000381469727,16.969999313354492,17.059999465942383,149100
2024-10-09,16.708839416503906,17.049999237060547,17.100000381469727,16.969999313354492,16.969999313354492,105300
2024-10-10,16.679443359375,17.020000457763672,17.079999923706055,17.0,17.040000915527344,97200
2024-10-11,16.620641708374023,16.959999084472656,17.079999923706055,16.899999618530273,17.0,144900
2024-10-14,16.561843872070312,16.899999618530273,17.0,16.899999618530273,16.959999084472656,98300
2024-10-15,16.581443786621094,16.920000076293945,16.979999542236328,16.8700008392334,16.90999984741211,106800
2024-10-16,16.55204200744629,16.889999389648438,16.979999542236328,16.850000381469727,16.940000534057617,170000
2024-10-17,16.463844299316406,16.799999237060547,16.90999984741211,16.770000457763672,16.899999618530273,149000
2024-10-18,16.52264404296875,16.860000610351562,16.93000030517578,16.75,16.81999969482422,162900
2024-10-21,16.640241622924805,16.979999542236328,16.989999771118164,16.860000610351562,16.90999984741211,95200
2024-10-22,16.659841537475586,17.0,17.020000457763672,16.899999618530273,16.950000762939453,128400
2024-10-23,16.59124183654785,16.93000030517578,17.020000457763672,16.850000381469727,17.010000228881836,109900
2024-10-24,16.52691650390625,16.700000762939453,16.850000381469727,16.670000076293945,16.75,119400
2024-10-25,16.556604385375977,16.729999542236328,16.850000381469727,16.709999084472656,16.780000686645508,113200
2024-10-28,16.358678817749023,16.530000686645508,16.739999771118164,16.40999984741211,16.729999542236328,176500
2024-10-29,16.131061553955078,16.299999237060547,16.530000686645508,16.299999237060547,16.510000228881836,121000
2024-10-30,16.299299240112305,16.469999313354492,16.579999923706055,16.239999771118164,16.3700008392334,128500
2024-10-31,16.230024337768555,16.399999618530273,16.579999923706055,16.3700008392334,16.540000915527344,117500
2024-11-01,16.41805648803711,16.59000015258789,16.649999618530273,16.399999618530273,16.479999542236328,135400
2024-11-04,16.180543899536133,16.350000381469727,16.530000686645508,16.260000228881836,16.530000686645508,109100
2024-11-05,16.4576416015625,16.6299991607666,16.65999984741211,16.329999923706055,16.350000381469727,99100
2024-11-06,16.507123947143555,16.68000030517578,16.709999084472656,16.5,16.559999465942383,117100
2024-11-07,16.724843978881836,16.899999618530273,16.899999618530273,16.690000534057617,16.709999084472656,84900
2024-11-08,16.78421974182129,16.959999084472656,16.959999084472656,16.850000381469727,16.940000534057617,122800
2024-11-11,16.56650161743164,16.739999771118164,16.979999542236328,16.65999984741211,16.940000534057617,182100
2024-11-12,16.220129013061523,16.389999389648438,16.829999923706055,16.360000610351562,16.770000457763672,204200
2024-11-13,15.814377784729004,15.979999542236328,16.399999618530273,15.90999984741211,16.399999618530273,326400
2024-11-14,15.725311279296875,15.890000343322754,16.010000228881836,15.84000015258789,15.989999771118164,198000
2024-11-15,15.735207557678223,15.899999618530273,15.90999984741211,15.680000305175781,15.899999618530273,120800
2024-11-18,15.863861083984375,16.030000686645508,16.1200008392334,15.84000015258789,15.899999618530273,149800
2024-11-19,15.74510383605957,15.90999984741211,16.06999969482422,15.729999542236328,16.0,370600
2024-11-20,15.755000114440918,15.920000076293945,15.989999771118164,15.869999885559082,15.920000076293945,99200
2024-11-21,15.699999809265137,15.699999809265137,15.869999885559082,15.600000381469727,15.800000190734863,308800
2024-11-22,15.770000457763672,15.770000457763672,15.869999885559082,15.65999984741211,15.699999809265137,93600
2024-11-25,15.850000381469727,15.850000381469727,15.9399995803833,15.739999771118164,15.770000457763672,146100
2024-11-26,15.720000267028809,15.720000267028809,15.859999656677246,15.649999618530273,15.760000228881836,151900
2024-11-27,15.760000228881836,15.760000228881836,15.829999923706055,15.649999618530273,15.739999771118164,259400
2024-11-29,15.859999656677246,15.859999656677246,15.890000343322754,15.710000038146973,15.800000190734863,121400
2024-12-02,15.890000343322754,15.890000343322754,15.920000076293945,15.779999732971191,15.859999656677246,113900
2024-12-03,15.90999984741211,15.90999984741211,15.9399995803833,15.770000457763672,15.920000076293945,186100
2024-12-04,15.920000076293945,15.920000076293945,15.930000305175781,15.850000381469727,15.90999984741211,91300
2024-12-05,15.960000038146973,15.960000038146973,15.989999771118164,15.890000343322754,15.930000305175781,132000
2024-12-06,16.040000915527344,16.040000915527344,16.049999237060547,15.9399995803833,15.970000267028809,174100
2024-12-09,15.960000038146973,15.960000038146973,16.079999923706055,15.949999809265137,16.040000915527344,143700
2024-12-10,15.970000267028809,15.970000267028809,16.040000915527344,15.930000305175781,16.040000915527344,106600
2024-12-11,15.979999542236328,15.979999542236328,16.030000686645508,15.960000038146973,15.979999542236328,93300
2024-12-12,15.899999618530273,15.899999618530273,15.960000038146973,15.819999694824219,15.949999809265137,115100
2024-12-13,15.84000015258789,15.84000015258789,15.960000038146973,15.779999732971191,15.899999618530273,120800
2024-12-16,15.710000038146973,15.710000038146973,15.880000114440918,15.619999885559082,15.819999694824219,147200
2024-12-17,15.670000076293945,15.670000076293945,15.739999771118164,15.609999656677246,15.680000305175781,148100
2024-12-18,15.479999542236328,15.479999542236328,15.699999809265137,15.4399995803833,15.670000076293945,145200
2024-12-19,15.270000457763672,15.270000457763672,15.510000228881836,15.270000457763672,15.5,229000
2024-12-20,15.239999771118164,15.239999771118164,15.470000267028809,15.180000305175781,15.3100004196167,240800
