Date,Adj Close,Close,High,Low,Open,Volume
2010-10-29,3.6787145137786865,15.59000015258789,16.049999237060547,15.109999656677246,16.0,2113300
2010-11-01,3.5276975631713867,14.949999809265137,15.600000381469727,14.619999885559082,15.510000228881836,598700
2010-11-02,3.4734225273132324,14.720000267028809,14.960000038146973,14.520000457763672,14.949999809265137,523400
2010-11-03,3.610285520553589,15.300000190734863,15.380000114440918,14.050000190734863,15.0,443200
2010-11-04,3.541856050491333,15.010000228881836,15.510000228881836,14.600000381469727,15.300000190734863,304100
2010-11-05,3.5041003227233887,14.850000381469727,14.989999771118164,14.600000381469727,14.75,163700
2010-11-08,3.4097115993499756,14.449999809265137,14.84000015258789,14.25,14.65999984741211,333500
2010-11-09,3.3035285472869873,14.0,14.420000076293945,13.869999885559082,14.40999984741211,624300
2010-11-10,3.2634129524230957,13.829999923706055,14.170000076293945,13.779999732971191,13.779999732971191,211700
2010-11-11,3.3719611167907715,14.289999961853027,14.489999771118164,13.75,13.75,267400
2010-11-12,3.4215123653411865,14.5,14.760000228881836,14.020000457763672,14.020000457763672,109800
2010-11-15,3.3200459480285645,14.069999694824219,14.649999618530273,13.670000076293945,14.300000190734863,345600
2010-11-16,3.360161781311035,14.239999771118164,14.369999885559082,13.760000228881836,13.760000228881836,145300
2010-11-17,3.397914409637451,14.399999618530273,14.460000038146973,14.0600004196167,14.079999923706055,125000
2010-11-18,3.416792869567871,14.479999542236328,14.479999542236328,14.15999984741211,14.210000038146973,251800
2010-11-19,3.4333102703094482,14.550000190734863,14.75,14.380000114440918,14.550000190734863,90000
2010-11-22,3.48286509513855,14.760000228881836,14.8100004196167,14.329999923706055,14.539999961853027,146900
2010-11-23,3.492300510406494,14.800000190734863,14.949999809265137,14.649999618530273,14.6899995803833,139400
2010-11-24,3.541856050491333,15.010000228881836,15.020000457763672,14.670000076293945,14.850000381469727,97900
2010-11-26,3.494659185409546,14.8100004196167,14.979999542236328,14.609999656677246,14.789999961853027,26200
2010-11-29,3.492300510406494,14.800000190734863,14.800000190734863,14.569999694824219,14.699999809265137,90300
2010-11-30,3.506460666656494,14.859999656677246,14.90999984741211,14.699999809265137,14.760000228881836,87800
2010-12-01,3.4757838249206543,14.729999542236328,14.949999809265137,14.65999984741211,14.850000381469727,159100
2010-12-02,3.456906318664551,14.649999618530273,14.880000114440918,14.600000381469727,14.699999809265137,70000
2010-12-03,3.3884775638580322,14.359999656677246,14.579999923706055,14.25,14.579999923706055,213900
2010-12-06,3.397914409637451,14.399999618530273,14.600000381469727,14.25,14.369999885559082,99200
2010-12-07,3.381397008895874,14.329999923706055,14.699999809265137,14.109999656677246,14.5,164100
2010-12-08,3.4757838249206543,14.729999542236328,14.960000038146973,14.399999618530273,14.399999618530273,197900
2010-12-09,3.492300510406494,14.800000190734863,14.890000343322754,14.5,14.710000038146973,238700
2010-12-10,3.572531223297119,15.140000343322754,15.170000076293945,14.59000015258789,14.649999618530273,151000
2010-12-13,3.5796074867248535,15.170000076293945,15.399999618530273,14.920000076293945,15.140000343322754,154700
2010-12-14,3.589049816131592,15.210000038146973,15.329999923706055,15.140000343322754,15.25,140100
2010-12-15,3.556011438369751,15.069999694824219,15.239999771118164,14.869999885559082,15.140000343322754,82400
2010-12-16,3.589049816131592,15.210000038146973,15.34000015258789,15.0,15.180000305175781,70900
2010-12-17,3.5465753078460693,15.029999732971191,15.25,15.0,15.239999771118164,42800
2010-12-20,3.59612774848938,15.239999771118164,15.329999923706055,15.0,15.140000343322754,67800
2010-12-21,3.622084617614746,15.350000381469727,15.449999809265137,15.15999984741211,15.25,60900
2010-12-22,3.5748910903930664,15.149999618530273,15.449999809265137,15.149999618530273,15.449999809265137,105100
2010-12-23,3.6012279987335205,15.039999961853027,15.199999809265137,14.90999984741211,15.149999618530273,43700
2010-12-27,3.5796778202056885,14.949999809265137,15.15999984741211,14.829999923706055,15.119999885559082,47000
2010-12-28,3.531790256500244,14.75,15.0,14.699999809265137,14.899999618530273,69400
2010-12-29,3.4934792518615723,14.59000015258789,14.84000015258789,14.550000190734863,14.800000190734863,79400
2010-12-30,3.4958736896514893,14.600000381469727,14.65999984741211,14.5,14.5600004196167,73900
2010-12-31,3.457563638687134,14.4399995803833,14.75,14.4399995803833,14.75,144000
2011-01-03,3.5677061080932617,14.899999618530273,14.899999618530273,14.470000267028809,14.550000190734863,39600
2011-01-04,3.670668363571167,15.329999923706055,15.739999771118164,15.029999732971191,15.029999732971191,128500
2011-01-05,3.7448983192443848,15.640000343322754,15.75,15.380000114440918,15.380000114440918,91200
2011-01-06,3.761655807495117,15.710000038146973,15.710000038146973,15.319999694824219,15.319999694824219,74900
2011-01-07,3.7113728523254395,15.5,15.739999771118164,15.479999542236328,15.479999542236328,53100
2011-01-10,3.7353179454803467,15.600000381469727,15.600000381469727,15.3100004196167,15.5600004196167,39600
2011-01-11,3.7329227924346924,15.59000015258789,15.779999732971191,15.449999809265137,15.609999656677246,49700
2011-01-12,3.7329227924346924,15.59000015258789,15.729999542236328,15.470000267028809,15.65999984741211,74900
2011-01-13,3.7688405513763428,15.739999771118164,15.850000381469727,15.529999732971191,15.529999732971191,116200
2011-01-14,3.7712364196777344,15.75,15.800000190734863,15.609999656677246,15.649999618530273,63200
2011-01-18,3.7688405513763428,15.739999771118164,15.890000343322754,15.649999618530273,15.699999809265137,61600
2011-01-19,3.670668363571167,15.329999923706055,15.739999771118164,15.300000190734863,15.600000381469727,98900
2011-01-20,3.6155946254730225,15.100000381469727,15.329999923706055,14.930000305175781,15.210000038146973,58900
2011-01-21,3.7041895389556885,15.470000267028809,15.59000015258789,15.100000381469727,15.130000114440918,34600
2011-01-24,3.701795816421509,15.460000038146973,15.84000015258789,15.279999732971191,15.59000015258789,50100
2011-01-25,3.706583023071289,15.479999542236328,15.75,15.420000076293945,15.550000190734863,64000
2011-01-26,3.7425014972686768,15.630000114440918,15.6899995803833,15.449999809265137,15.449999809265137,95000
2011-01-27,3.8191213607788086,15.949999809265137,15.949999809265137,15.630000114440918,15.6899995803833,89200
2011-01-28,3.8047568798065186,15.890000343322754,15.949999809265137,15.720000267028809,15.899999618530273,74500
2011-01-31,3.766446113586426,15.729999542236328,15.949999809265137,15.600000381469727,15.949999809265137,71200
2011-02-01,3.783205986022949,15.800000190734863,15.9399995803833,15.529999732971191,15.84000015258789,73300
2011-02-02,3.811936140060425,15.920000076293945,15.949999809265137,15.5,15.789999961853027,62300
2011-02-03,3.8310937881469727,16.0,16.0,15.720000267028809,15.850000381469727,60300
2011-02-04,3.823911190032959,15.970000267028809,16.010000228881836,15.84000015258789,15.9399995803833,69600
2011-02-07,3.823911190032959,15.970000267028809,16.09000015258789,15.880000114440918,15.880000114440918,92000
2011-02-08,3.8310937881469727,16.0,16.040000915527344,15.760000228881836,15.760000228881836,77000
2011-02-09,3.8071506023406982,15.899999618530273,15.979999542236328,15.600000381469727,15.850000381469727,37000
2011-02-10,3.809544801712036,15.90999984741211,15.989999771118164,15.729999542236328,15.899999618530273,49800
2011-02-11,3.8191213607788086,15.949999809265137,16.020000457763672,15.84000015258789,15.989999771118164,37700
2011-02-14,3.8358840942382812,16.020000457763672,16.079999923706055,15.779999732971191,15.920000076293945,60000
2011-02-15,3.8287014961242676,15.989999771118164,16.040000915527344,15.859999656677246,16.040000915527344,62100
2011-02-16,3.8191213607788086,15.949999809265137,16.059999465942383,15.899999618530273,15.90999984741211,85700
2011-02-17,3.8310937881469727,16.0,16.170000076293945,15.960000038146973,16.170000076293945,39200
2011-02-18,3.8191213607788086,15.949999809265137,16.110000610351562,15.859999656677246,15.899999618530273,76300
2011-02-22,3.7592599391937256,15.699999809265137,16.0,15.569999694824219,15.949999809265137,57200
2011-02-23,3.7640511989593506,15.720000267028809,15.760000228881836,15.399999618530273,15.5,29100
2011-02-24,3.7544734477996826,15.680000305175781,15.800000190734863,15.489999771118164,15.630000114440918,15400
2011-02-25,3.7856013774871826,15.8100004196167,15.9399995803833,15.760000228881836,15.8100004196167,37100
2011-02-28,3.8287014961242676,15.989999771118164,16.09000015258789,15.869999885559082,16.079999923706055,40900
2011-03-01,3.780813694000244,15.789999961853027,15.949999809265137,15.75,15.899999618530273,44400
2011-03-02,3.814333915710449,15.930000305175781,16.049999237060547,15.579999923706055,15.699999809265137,34400
2011-03-03,3.8334908485412598,16.010000228881836,16.040000915527344,15.699999809265137,15.880000114440918,38400
2011-03-04,3.814333915710449,15.930000305175781,16.229999542236328,15.890000343322754,16.049999237060547,32200
2011-03-07,3.8023595809936523,15.880000114440918,15.930000305175781,15.6899995803833,15.930000305175781,29100
2011-03-08,3.811936140060425,15.920000076293945,15.930000305175781,15.550000190734863,15.880000114440918,51500
2011-03-09,3.8287014961242676,15.989999771118164,16.25,15.8100004196167,15.8100004196167,143600
2011-03-10,3.8574328422546387,16.110000610351562,16.200000762939453,15.829999923706055,15.899999618530273,66700
2011-03-11,3.8430662155151367,16.049999237060547,16.110000610351562,15.920000076293945,15.970000267028809,38600
2011-03-14,3.8071506023406982,15.899999618530273,16.059999465942383,15.859999656677246,16.040000915527344,12100
2011-03-15,3.85503888130188,16.100000381469727,16.1200008392334,15.550000190734863,15.84000015258789,27100
2011-03-16,3.7951772212982178,15.850000381469727,16.190000534057617,15.34000015258789,16.100000381469727,134600
2011-03-17,3.8071506023406982,15.899999618530273,15.930000305175781,15.670000076293945,15.789999961853027,22800
2011-03-18,3.8909568786621094,16.25,16.25,15.829999923706055,16.110000610351562,44700
2011-03-21,3.8861658573150635,16.229999542236328,16.260000228881836,16.049999237060547,16.260000228881836,52500
2011-03-22,3.847856283187866,16.06999969482422,16.450000762939453,16.0,16.209999084472656,37500
2011-03-23,3.780813694000244,15.789999961853027,16.1299991607666,15.680000305175781,16.0,57000
2011-03-24,3.8287014961242676,15.989999771118164,16.010000228881836,15.6899995803833,15.75,30600
2011-03-25,3.8310937881469727,16.0,16.229999542236328,15.970000267028809,15.970000267028809,28200
2011-03-28,3.8334908485412598,16.010000228881836,16.399999618530273,15.930000305175781,16.110000610351562,43000
2011-03-29,3.821516275405884,15.960000038146973,16.049999237060547,15.8100004196167,16.010000228881836,22800
2011-03-30,3.8191213607788086,15.949999809265137,16.110000610351562,15.880000114440918,16.110000610351562,12300
2011-03-31,3.847856283187866,16.06999969482422,16.100000381469727,15.760000228881836,15.800000190734863,25200
2011-04-01,3.847856283187866,16.06999969482422,16.139999389648438,15.699999809265137,15.970000267028809,16300
2011-04-04,3.8287014961242676,15.989999771118164,16.100000381469727,15.8100004196167,15.8100004196167,30800
2011-04-05,3.8191213607788086,15.949999809265137,16.010000228881836,15.84000015258789,15.84000015258789,30500
2011-04-06,3.845459222793579,16.059999465942383,16.170000076293945,15.859999656677246,15.970000267028809,26200
2011-04-07,3.864617347717285,16.139999389648438,16.239999771118164,15.84000015258789,16.1299991607666,22600
2011-04-08,3.8287014961242676,15.989999771118164,16.1200008392334,15.760000228881836,16.1200008392334,32600
2011-04-11,3.8406717777252197,16.040000915527344,16.040000915527344,15.850000381469727,15.90999984741211,13900
2011-04-12,3.797572135925293,15.859999656677246,16.040000915527344,15.680000305175781,15.90999984741211,25100
2011-04-13,3.799966812133789,15.869999885559082,16.0,15.609999656677246,15.84000015258789,19300
2011-04-14,3.780813694000244,15.789999961853027,15.970000267028809,15.720000267028809,15.899999618530273,9000
2011-04-15,3.799966812133789,15.869999885559082,15.979999542236328,15.779999732971191,15.779999732971191,20700
2011-04-18,3.766446113586426,15.729999542236328,15.859999656677246,15.619999885559082,15.789999961853027,8500
2011-04-19,3.7377138137817383,15.609999656677246,15.899999618530273,15.569999694824219,15.869999885559082,13400
2011-04-20,3.697005271911621,15.4399995803833,15.760000228881836,15.210000038146973,15.75,56800
2011-04-21,3.7113728523254395,15.5,15.699999809265137,15.279999732971191,15.460000038146973,43500
2011-04-25,3.7856013774871826,15.8100004196167,15.949999809265137,15.420000076293945,15.420000076293945,21700
2011-04-26,3.787996292114258,15.819999694824219,16.040000915527344,15.550000190734863,15.970000267028809,32900
2011-04-27,3.821516275405884,15.960000038146973,16.1200008392334,15.8100004196167,15.8100004196167,26700
2011-04-28,3.8334908485412598,16.010000228881836,16.18000030517578,15.670000076293945,16.040000915527344,97000
2011-04-29,3.8310937881469727,16.0,16.25,15.770000457763672,16.100000381469727,70000
2011-05-02,3.859827995300293,16.1200008392334,16.40999984741211,15.949999809265137,16.40999984741211,63700
2011-05-03,3.8334908485412598,16.010000228881836,16.149999618530273,15.760000228881836,16.100000381469727,24200
2011-05-04,3.8071506023406982,15.899999618530273,16.049999237060547,15.75,16.049999237060547,14000
2011-05-05,3.8287014961242676,15.989999771118164,15.989999771118164,15.819999694824219,15.819999694824219,11300
2011-05-06,3.85503888130188,16.100000381469727,16.100000381469727,15.960000038146973,16.0,18000
2011-05-09,3.8287014961242676,15.989999771118164,16.100000381469727,15.920000076293945,16.100000381469727,26200
2011-05-10,3.8310937881469727,16.0,16.190000534057617,15.84000015258789,16.190000534057617,40300
2011-05-11,3.8718020915985107,16.170000076293945,16.25,16.020000457763672,16.200000762939453,78700
2011-05-12,3.8406717777252197,16.040000915527344,16.149999618530273,15.850000381469727,16.049999237060547,49100
2011-05-13,3.814333915710449,15.930000305175781,16.1299991607666,15.84000015258789,16.1299991607666,36100
2011-05-16,3.7784171104431152,15.779999732971191,15.960000038146973,15.760000228881836,15.960000038146973,46000
2011-05-17,3.822437286376953,15.630000114440918,15.680000305175781,15.420000076293945,15.420000076293945,28700
2011-05-18,3.8542306423187256,15.760000228881836,15.949999809265137,15.710000038146973,15.710000038146973,117300
2011-05-19,3.881131410598755,15.869999885559082,15.890000343322754,15.609999656677246,15.800000190734863,84600
2011-05-20,3.8395564556121826,15.699999809265137,15.829999923706055,15.420000076293945,15.800000190734863,61600
2011-05-23,3.8468942642211914,15.729999542236328,15.75,15.420000076293945,15.699999809265137,48500
2011-05-24,3.8493380546569824,15.739999771118164,15.880000114440918,15.65999984741211,15.880000114440918,34000
2011-05-25,3.8151004314422607,15.600000381469727,15.779999732971191,15.4399995803833,15.699999809265137,50200
2011-05-26,3.8542306423187256,15.760000228881836,15.869999885559082,15.449999809265137,15.739999771118164,63600
2011-05-27,3.8517861366271973,15.75,15.800000190734863,15.649999618530273,15.789999961853027,35800
2011-05-31,3.876239538192749,15.850000381469727,15.899999618530273,15.75,15.75,58800
2011-06-01,3.876239538192749,15.850000381469727,15.899999618530273,15.680000305175781,15.720000267028809,48900
2011-06-02,3.8689050674438477,15.819999694824219,15.829999923706055,15.649999618530273,15.800000190734863,63900
2011-06-03,3.8884682655334473,15.899999618530273,15.899999618530273,15.65999984741211,15.770000457763672,26100
2011-06-06,3.8640124797821045,15.800000190734863,15.899999618530273,15.670000076293945,15.899999618530273,135500
2011-06-07,3.861567258834839,15.789999961853027,15.949999809265137,15.720000267028809,15.890000343322754,54900
2011-06-08,3.8566737174987793,15.770000457763672,15.800000190734863,15.609999656677246,15.699999809265137,45000
2011-06-09,3.8640124797821045,15.800000190734863,15.850000381469727,15.649999618530273,15.699999809265137,37600
2011-06-10,3.8151004314422607,15.600000381469727,15.90999984741211,15.5600004196167,15.869999885559082,37500
2011-06-13,3.756406545639038,15.359999656677246,15.739999771118164,15.350000381469727,15.59000015258789,38100
2011-06-14,3.719722032546997,15.210000038146973,15.479999542236328,15.069999694824219,15.479999542236328,43300
2011-06-15,3.7319517135620117,15.260000228881836,15.420000076293945,15.15999984741211,15.210000038146973,23000
2011-06-16,3.7441794872283936,15.3100004196167,15.479999542236328,15.140000343322754,15.279999732971191,46000
2011-06-17,3.7246134281158447,15.229999542236328,15.460000038146973,15.199999809265137,15.34000015258789,34700
2011-06-20,3.773527145385742,15.430000305175781,15.539999961853027,15.149999618530273,15.199999809265137,49700
2011-06-21,3.778416633605957,15.449999809265137,15.710000038146973,15.300000190734863,15.430000305175781,32100
2011-06-22,3.7710797786712646,15.420000076293945,15.479999542236328,15.3100004196167,15.399999618530273,44700
2011-06-23,3.8640124797821045,15.800000190734863,15.899999618530273,15.300000190734863,15.420000076293945,40800
2011-06-24,3.876239538192749,15.850000381469727,15.890000343322754,15.699999809265137,15.859999656677246,44100
2011-06-27,3.859119176864624,15.779999732971191,15.84000015258789,15.579999923706055,15.770000457763672,29700
2011-06-28,3.8566737174987793,15.770000457763672,15.869999885559082,15.6899995803833,15.75,43900
2011-06-29,3.8517861366271973,15.75,15.850000381469727,15.5,15.569999694824219,19700
2011-06-30,3.8713488578796387,15.829999923706055,15.850000381469727,15.5,15.8100004196167,36000
2011-07-01,3.8566737174987793,15.770000457763672,15.880000114440918,15.5600004196167,15.800000190734863,36800
2011-07-05,3.8713488578796387,15.829999923706055,16.020000457763672,15.760000228881836,15.760000228881836,56400
2011-07-06,3.8909146785736084,15.90999984741211,15.949999809265137,15.670000076293945,15.949999809265137,46800
2011-07-07,3.9031407833099365,15.960000038146973,16.0,15.6899995803833,15.880000114440918,60000
2011-07-08,3.9496078491210938,16.149999618530273,16.15999984741211,15.890000343322754,15.890000343322754,54800
2011-07-11,3.912921905517578,16.0,16.1299991607666,15.960000038146973,16.1299991607666,27200
2011-07-12,3.8884682655334473,15.899999618530273,16.040000915527344,15.899999618530273,16.020000457763672,45000
2011-07-13,3.9104793071746826,15.989999771118164,16.030000686645508,15.789999961853027,15.9399995803833,39000
2011-07-14,3.8958044052124023,15.930000305175781,15.949999809265137,15.819999694824219,15.890000343322754,35600
2011-07-15,3.8958044052124023,15.930000305175781,16.020000457763672,15.859999656677246,16.020000457763672,26700
2011-07-18,3.898251533508301,15.9399995803833,15.960000038146973,15.520000457763672,15.8100004196167,13800
2011-07-19,3.939824342727661,16.110000610351562,16.219999313354492,15.760000228881836,15.920000076293945,14900
2011-07-20,3.9373793601989746,16.100000381469727,16.170000076293945,15.9399995803833,16.170000076293945,16400
2011-07-21,3.9740653038024902,16.25,16.450000762939453,16.010000228881836,16.010000228881836,41700
2011-07-22,3.971616744995117,16.239999771118164,16.34000015258789,16.040000915527344,16.1200008392334,24700
2011-07-25,3.9593894481658936,16.190000534057617,16.360000610351562,16.06999969482422,16.239999771118164,29600
2011-07-26,3.9031407833099365,15.960000038146973,16.25,15.75,16.200000762939453,35300
2011-07-27,3.837109088897705,15.6899995803833,15.90999984741211,15.5,15.90999984741211,37800
2011-07-28,3.7490713596343994,15.329999923706055,16.25,15.0,15.640000343322754,62300
2011-07-29,3.7417314052581787,15.300000190734863,15.4399995803833,14.5,15.229999542236328,56600
2011-08-01,3.729506254196167,15.25,15.739999771118164,15.0,15.399999618530273,67300
2011-08-02,3.6805949211120605,15.050000190734863,15.25,15.0,15.220000267028809,32600
2011-08-03,3.714831590652466,15.1899995803833,15.279999732971191,14.75,15.0,58700
2011-08-04,3.685483932495117,15.069999694824219,15.300000190734863,14.770000457763672,15.079999923706055,49500
2011-08-05,3.69526743888855,15.109999656677246,15.260000228881836,14.930000305175781,15.039999961853027,32400
2011-08-08,3.3944599628448486,13.880000114440918,14.90999984741211,12.239999771118164,14.829999923706055,78300
2011-08-09,3.4825000762939453,14.239999771118164,14.399999618530273,13.5,13.510000228881836,30000
2011-08-10,3.651249408721924,14.930000305175781,15.989999771118164,14.720000267028809,15.989999771118164,53200
2011-08-11,3.8786847591400146,15.859999656677246,15.989999771118164,14.930000305175781,14.930000305175781,30600
2011-08-12,3.8737964630126953,15.84000015258789,16.110000610351562,15.569999694824219,15.930000305175781,24000
2011-08-15,3.908033847808838,15.979999542236328,16.100000381469727,15.600000381469727,15.90999984741211,33800
2011-08-16,3.9153716564178467,16.010000228881836,16.040000915527344,15.5600004196167,16.020000457763672,26900
2011-08-17,3.922706365585327,16.040000915527344,16.25,15.880000114440918,16.049999237060547,60700
2011-08-18,3.768637180328369,15.40999984741211,16.049999237060547,15.270000457763672,15.869999885559082,52000
2011-08-19,3.738504648208618,14.890000343322754,15.229999542236328,14.579999923706055,14.850000381469727,23900
2011-08-22,3.889150857925415,15.489999771118164,15.850000381469727,14.829999923706055,15.010000228881836,35500
2011-08-23,3.9720075130462646,15.819999694824219,16.0,15.229999542236328,15.630000114440918,32200
2011-08-24,3.9393656253814697,15.6899995803833,15.850000381469727,15.220000267028809,15.739999771118164,23500
2011-08-25,3.859022855758667,15.369999885559082,15.720000267028809,15.3100004196167,15.680000305175781,9600
2011-08-26,3.9142589569091797,15.59000015258789,15.75,14.930000305175781,15.550000190734863,17700
2011-08-29,3.969493865966797,15.8100004196167,16.190000534057617,15.300000190734863,15.630000114440918,39700
2011-08-30,3.924302101135254,15.630000114440918,15.850000381469727,15.430000305175781,15.829999923706055,18100
2011-08-31,3.9770283699035645,15.84000015258789,15.9399995803833,15.4399995803833,15.470000267028809,28000
2011-09-01,3.9343461990356445,15.670000076293945,15.890000343322754,15.369999885559082,15.770000457763672,11600
2011-09-02,3.8765971660614014,15.4399995803833,15.600000381469727,15.329999923706055,15.470000267028809,5900
2011-09-06,3.8514881134033203,15.34000015258789,15.460000038146973,15.020000457763672,15.319999694824219,11000
2011-09-07,3.9167678356170654,15.600000381469727,15.670000076293945,15.420000076293945,15.420000076293945,8900
2011-09-08,3.956941843032837,15.760000228881836,15.890000343322754,15.470000267028809,15.529999732971191,21000
2011-09-09,3.924302101135254,15.630000114440918,15.779999732971191,15.539999961853027,15.779999732971191,7500
2011-09-12,3.924302101135254,15.630000114440918,16.110000610351562,15.399999618530273,15.479999542236328,28700
2011-09-13,3.911749839782715,15.579999923706055,15.970000267028809,15.399999618530273,15.520000457763672,25200
2011-09-14,3.987070083618164,15.880000114440918,15.989999771118164,15.40999984741211,15.579999923706055,6200
2011-09-15,3.9418752193450928,15.699999809265137,15.75,15.399999618530273,15.430000305175781,25600
2011-09-16,3.9293243885040283,15.649999618530273,15.75,15.529999732971191,15.640000343322754,16700
2011-09-19,3.871574640274048,15.420000076293945,15.710000038146973,15.199999809265137,15.630000114440918,22500
2011-09-20,3.846466302871704,15.319999694824219,15.510000228881836,15.279999732971191,15.460000038146973,8900
2011-09-21,3.924302101135254,15.630000114440918,15.710000038146973,15.260000228881836,15.430000305175781,14600
2011-09-22,3.7510581016540527,14.9399995803833,15.5,14.800000190734863,15.180000305175781,20100
2011-09-23,3.7058653831481934,14.760000228881836,15.279999732971191,14.670000076293945,15.109999656677246,10200
2011-09-26,3.8088066577911377,15.170000076293945,15.260000228881836,14.479999542236328,14.520000457763672,10100
2011-09-27,3.7661240100860596,15.0,15.34000015258789,14.670000076293945,15.34000015258789,10500
2011-09-28,3.680757761001587,14.65999984741211,14.819999694824219,14.520000457763672,14.739999771118164,8500
2011-09-29,3.6958248615264893,14.720000267028809,14.880000114440918,14.020000457763672,14.880000114440918,71100
2011-09-30,3.680757761001587,14.65999984741211,14.880000114440918,14.369999885559082,14.600000381469727,27700
2011-10-03,3.66569447517395,14.600000381469727,15.079999923706055,14.529999732971191,14.539999961853027,65700
2011-10-04,3.71842098236084,14.8100004196167,14.989999771118164,14.130000114440918,14.600000381469727,33400
2011-10-05,3.66569447517395,14.600000381469727,14.930000305175781,14.510000228881836,14.75,10200
2011-10-06,3.7159078121185303,14.800000190734863,14.949999809265137,14.359999656677246,14.710000038146973,13000
2011-10-07,3.7284631729125977,14.850000381469727,15.649999618530273,14.529999732971191,14.899999618530273,15100
2011-10-10,3.6581625938415527,14.569999694824219,15.079999923706055,14.420000076293945,14.859999656677246,8200
2011-10-11,3.6606712341308594,14.579999923706055,14.970000267028809,14.430000305175781,14.720000267028809,13400
2011-10-12,3.6631853580474854,14.59000015258789,14.899999618530273,14.279999732971191,14.630000114440918,22100
2011-10-13,3.6782467365264893,14.649999618530273,14.899999618530273,14.369999885559082,14.550000190734863,18200
2011-10-14,3.693310022354126,14.710000038146973,14.979999542236328,14.270000457763672,14.710000038146973,20200
2011-10-17,3.748548984527588,14.930000305175781,14.930000305175781,14.520000457763672,14.539999961853027,4200
2011-10-18,3.7284631729125977,14.850000381469727,15.079999923706055,14.75,14.989999771118164,41800
2011-10-19,3.703354835510254,14.75,15.119999885559082,14.75,14.850000381469727,22900
2011-10-20,3.791231870651245,15.100000381469727,15.100000381469727,14.789999961853027,14.84000015258789,9200
2011-10-21,3.7786786556243896,15.050000190734863,15.210000038146973,15.010000228881836,15.210000038146973,16900
2011-10-24,3.8012733459472656,15.140000343322754,15.149999618530273,14.930000305175781,15.149999618530273,8300
2011-10-25,3.864043712615967,15.390000343322754,15.40999984741211,14.800000190734863,15.079999923706055,12900
2011-10-26,3.859022855758667,15.369999885559082,15.420000076293945,15.100000381469727,15.420000076293945,8800
2011-10-27,3.866554021835327,15.399999618530273,15.710000038146973,15.0600004196167,15.40999984741211,25400
2011-10-28,3.859022855758667,15.369999885559082,15.649999618530273,15.319999694824219,15.329999923706055,8800
2011-10-31,3.818847179412842,15.210000038146973,15.300000190734863,15.050000190734863,15.270000457763672,6800
2011-11-01,3.741016149520874,14.899999618530273,15.579999923706055,14.899999618530273,14.9399995803833,14600
2011-11-02,3.6782467365264893,14.649999618530273,15.279999732971191,14.600000381469727,15.0600004196167,51000
2011-11-03,3.643096685409546,14.510000228881836,15.050000190734863,14.300000190734863,14.9399995803833,50700
2011-11-04,3.6179912090301514,14.40999984741211,14.5600004196167,14.199999809265137,14.5600004196167,24000
2011-11-07,3.6154792308807373,14.399999618530273,14.6899995803833,14.279999732971191,14.279999732971191,17000
2011-11-08,3.7862093448638916,15.079999923706055,15.369999885559082,14.15999984741211,14.449999809265137,40500
2011-11-09,3.8414454460144043,15.300000190734863,15.390000343322754,15.0,15.329999923706055,54600
2011-11-10,3.741016149520874,14.899999618530273,15.350000381469727,14.899999618530273,15.350000381469727,34000
2011-11-11,3.7862093448638916,15.079999923706055,15.180000305175781,14.90999984741211,15.010000228881836,16400
2011-11-14,3.9594504833221436,15.770000457763672,16.25,15.430000305175781,15.430000305175781,206200
2011-11-15,3.9745190143585205,15.829999923706055,16.139999389648438,15.760000228881836,15.760000228881836,122700
2011-11-16,3.9895803928375244,15.890000343322754,16.06999969482422,15.720000267028809,15.9399995803833,63400
2011-11-17,3.997110366821289,15.920000076293945,16.149999618530273,15.699999809265137,16.020000457763672,80000
2011-11-18,4.084987640380859,16.270000457763672,16.600000381469727,16.040000915527344,16.190000534057617,112700
2011-11-21,4.041093349456787,15.649999618530273,15.850000381469727,15.420000076293945,15.739999771118164,85200
2011-11-22,4.051419734954834,15.6899995803833,15.899999618530273,15.59000015258789,15.59000015258789,73800
2011-11-23,4.041093349456787,15.649999618530273,15.800000190734863,15.600000381469727,15.619999885559082,28200
2011-11-25,3.971374273300171,15.380000114440918,15.8100004196167,15.380000114440918,15.6899995803833,44900
2011-11-28,3.9662070274353027,15.359999656677246,15.789999961853027,15.300000190734863,15.710000038146973,29500
2011-11-29,3.9765381813049316,15.399999618530273,15.569999694824219,15.3100004196167,15.449999809265137,10900
2011-11-30,4.015270709991455,15.550000190734863,15.649999618530273,15.359999656677246,15.649999618530273,25700
2011-12-01,3.917147636413574,15.170000076293945,15.569999694824219,15.09000015258789,15.489999771118164,26300
2011-12-02,3.9687907695770264,15.369999885559082,15.369999885559082,15.119999885559082,15.279999732971191,32500
2011-12-05,4.12114143371582,15.960000038146973,15.960000038146973,15.270000457763672,15.5,33300
2011-12-06,4.131468772888184,16.0,16.0,15.850000381469727,15.989999771118164,17300
2011-12-07,4.177947521209717,16.18000030517578,16.270000457763672,15.899999618530273,15.90999984741211,48800
2011-12-08,4.183114528656006,16.200000762939453,16.209999084472656,15.75,16.059999465942383,28500
2011-12-09,4.1753668785095215,16.170000076293945,16.25,16.079999923706055,16.239999771118164,15200
2011-12-12,4.126303672790527,15.979999542236328,16.18000030517578,15.8100004196167,16.18000030517578,21700
2011-12-13,4.103062629699707,15.890000343322754,16.239999771118164,15.850000381469727,16.020000457763672,19400
2011-12-14,4.136631488800049,16.020000457763672,16.079999923706055,15.720000267028809,15.890000343322754,33000
2011-12-15,4.177947521209717,16.18000030517578,16.200000762939453,15.989999771118164,16.190000534057617,25900
2011-12-16,4.13405179977417,16.010000228881836,16.209999084472656,16.0,16.209999084472656,64500
2011-12-19,4.128887176513672,15.989999771118164,16.100000381469727,15.920000076293945,16.0,14500
2011-12-20,4.128887176513672,15.989999771118164,16.1200008392334,15.760000228881836,16.1200008392334,19300
2011-12-21,4.079825401306152,15.800000190734863,15.899999618530273,15.569999694824219,15.899999618530273,11600
2011-12-22,4.152125835418701,16.079999923706055,16.079999923706055,15.75,15.789999961853027,10400
2011-12-23,4.196025371551514,16.25,16.299999237060547,15.899999618530273,15.899999618530273,8700
2011-12-27,4.115973949432373,15.9399995803833,16.260000228881836,15.90999984741211,16.260000228881836,16300
2011-12-28,4.1082282066345215,15.90999984741211,15.930000305175781,15.880000114440918,15.920000076293945,22200
2011-12-29,4.069496154785156,15.760000228881836,16.0,15.760000228881836,16.0,35800
2011-12-30,4.214095592498779,16.31999969482422,16.31999969482422,15.789999961853027,15.789999961853027,27800
2012-01-03,4.208931922912598,16.299999237060547,16.360000610351562,16.1299991607666,16.360000610351562,29900
2012-01-04,4.190857410430908,16.229999542236328,16.290000915527344,16.190000534057617,16.25,27400
2012-01-05,4.183114528656006,16.200000762939453,16.360000610351562,16.190000534057617,16.25,15100
2012-01-06,4.144380569458008,16.049999237060547,16.360000610351562,16.030000686645508,16.34000015258789,21100
2012-01-09,4.252831935882568,16.469999313354492,16.5,16.110000610351562,16.110000610351562,25100
2012-01-10,4.260576248168945,16.5,16.5,16.329999923706055,16.5,28700
2012-01-11,4.221842288970947,16.350000381469727,16.3700008392334,16.139999389648438,16.3700008392334,24600
2012-01-12,4.224427223205566,16.360000610351562,16.40999984741211,16.15999984741211,16.389999389648438,17300
2012-01-13,4.190857410430908,16.229999542236328,16.43000030517578,16.209999084472656,16.280000686645508,22200
2012-01-17,4.227009296417236,16.3700008392334,16.440000534057617,16.270000457763672,16.31999969482422,11200
2012-01-18,4.232172012329102,16.389999389648438,16.5,16.280000686645508,16.280000686645508,23500
2012-01-19,4.24766731262207,16.450000762939453,16.6200008392334,16.270000457763672,16.479999542236328,75000
2012-01-20,4.237337589263916,16.40999984741211,16.5,16.270000457763672,16.469999313354492,46300
2012-01-23,4.237337589263916,16.40999984741211,16.489999771118164,16.1200008392334,16.489999771118164,31700
2012-01-24,4.1753668785095215,16.170000076293945,16.399999618530273,16.1299991607666,16.3799991607666,16900
2012-01-25,4.180529594421387,16.190000534057617,16.3700008392334,16.1299991607666,16.3700008392334,29900
2012-01-26,4.172782897949219,16.15999984741211,16.360000610351562,16.110000610351562,16.25,28300
2012-01-27,4.183114528656006,16.200000762939453,16.260000228881836,16.149999618530273,16.149999618530273,7400
2012-01-30,4.208931922912598,16.299999237060547,16.3700008392334,16.049999237060547,16.200000762939453,19600
2012-01-31,4.188276290893555,16.219999313354492,16.299999237060547,15.970000267028809,16.280000686645508,69000
2012-02-01,4.325129985809326,16.75,16.889999389648438,16.209999084472656,16.280000686645508,40700
2012-02-02,4.322548866271973,16.739999771118164,16.770000457763672,16.459999084472656,16.610000610351562,32400
2012-02-03,4.319968223571777,16.729999542236328,16.829999923706055,16.1299991607666,16.420000076293945,103200
2012-02-06,4.28639554977417,16.600000381469727,16.6200008392334,16.15999984741211,16.6200008392334,32900
2012-02-07,4.265740871429443,16.520000457763672,16.670000076293945,16.299999237060547,16.40999984741211,21800
2012-02-08,4.232172012329102,16.389999389648438,16.549999237060547,16.31999969482422,16.540000915527344,19200
2012-02-09,4.257995128631592,16.489999771118164,16.5,16.34000015258789,16.459999084472656,19800
2012-02-10,4.239919185638428,16.420000076293945,16.489999771118164,16.149999618530273,16.399999618530273,22700
2012-02-13,4.257995128631592,16.489999771118164,16.5,16.399999618530273,16.469999313354492,40800
2012-02-14,4.24766731262207,16.450000762939453,16.5,16.399999618530273,16.489999771118164,10700
2012-02-15,4.203770160675049,16.280000686645508,16.5,16.15999984741211,16.5,15600
2012-02-16,4.2683234214782715,16.530000686645508,16.549999237060547,16.219999313354492,16.229999542236328,27900
2012-02-17,4.34837007522583,16.84000015258789,16.850000381469727,16.420000076293945,16.520000457763672,59600
2012-02-21,4.260576248168945,16.5,16.84000015258789,16.469999313354492,16.649999618530273,25700
2012-02-22,4.239919185638428,16.420000076293945,16.56999969482422,16.299999237060547,16.540000915527344,23700
2012-02-23,4.239919185638428,16.420000076293945,16.579999923706055,16.299999237060547,16.420000076293945,13700
2012-02-24,4.203770160675049,16.280000686645508,16.420000076293945,16.139999389648438,16.350000381469727,35000
2012-02-27,4.239919185638428,16.420000076293945,16.59000015258789,16.209999084472656,16.209999084472656,15800
2012-02-28,4.227009296417236,16.3700008392334,16.399999618530273,16.219999313354492,16.3799991607666,28300
2012-02-29,4.2734880447387695,16.549999237060547,16.549999237060547,16.350000381469727,16.350000381469727,14500
2012-03-01,4.260576248168945,16.5,16.530000686645508,16.229999542236328,16.399999618530273,15400
2012-03-02,4.224427223205566,16.360000610351562,16.600000381469727,16.360000610351562,16.5,7900
2012-03-05,4.229591369628906,16.3799991607666,16.40999984741211,16.31999969482422,16.360000610351562,9900
2012-03-06,4.188276290893555,16.219999313354492,16.329999923706055,16.049999237060547,16.260000228881836,23000
2012-03-07,4.224427223205566,16.360000610351562,16.389999389648438,16.25,16.260000228881836,14500
2012-03-08,4.198604106903076,16.260000228881836,16.399999618530273,16.15999984741211,16.399999618530273,7900
2012-03-09,4.206352233886719,16.290000915527344,16.299999237060547,16.149999618530273,16.299999237060547,23400
2012-03-12,4.234755039215088,16.399999618530273,16.399999618530273,16.25,16.290000915527344,14800
2012-03-13,4.245082378387451,16.440000534057617,16.540000915527344,16.350000381469727,16.40999984741211,44200
2012-03-14,4.2425007820129395,16.43000030517578,16.450000762939453,16.299999237060547,16.450000762939453,63700
2012-03-15,4.24766731262207,16.450000762939453,16.469999313354492,16.350000381469727,16.399999618530273,23000
2012-03-16,4.350954055786133,16.850000381469727,16.850000381469727,16.5,16.5,179600
2012-03-19,4.4025959968566895,17.049999237060547,17.100000381469727,16.700000762939453,16.899999618530273,60600
2012-03-20,4.384520530700684,16.979999542236328,17.1200008392334,16.799999237060547,16.829999923706055,80000
2012-03-21,4.480008602142334,16.889999389648438,17.0,16.5,16.6299991607666,39800
2012-03-22,4.437571048736572,16.729999542236328,16.899999618530273,16.56999969482422,16.899999618530273,25300
2012-03-23,4.437571048736572,16.729999542236328,16.81999969482422,16.59000015258789,16.600000381469727,20500
2012-03-26,4.3951311111450195,16.56999969482422,16.84000015258789,16.350000381469727,16.84000015258789,34100
2012-03-27,4.355343341827393,16.420000076293945,16.6200008392334,16.360000610351562,16.530000686645508,39700
2012-03-28,4.347385406494141,16.389999389648438,16.5,16.3700008392334,16.389999389648438,12500
2012-03-29,4.413700580596924,16.639999389648438,16.639999389648438,16.389999389648438,16.389999389648438,42500
2012-03-30,4.4057393074035645,16.610000610351562,16.799999237060547,16.530000686645508,16.739999771118164,40600
2012-04-02,4.469399452209473,16.850000381469727,16.889999389648438,16.600000381469727,16.6299991607666,30300
2012-04-03,4.461442947387695,16.81999969482422,16.889999389648438,16.709999084472656,16.850000381469727,15600
2012-04-04,4.411044597625732,16.6299991607666,16.780000686645508,16.559999465942383,16.59000015258789,18500
2012-04-05,4.448180675506592,16.770000457763672,16.84000015258789,16.639999389648438,16.639999389648438,14200
2012-04-09,4.426959037780762,16.690000534057617,16.760000228881836,16.649999618530273,16.75,17900
2012-04-10,4.323512554168701,16.299999237060547,16.799999237060547,16.25,16.709999084472656,38100
2012-04-11,4.3686041831970215,16.469999313354492,16.579999923706055,16.280000686645508,16.469999313354492,16100
2012-04-12,4.363301753997803,16.450000762939453,16.549999237060547,16.360000610351562,16.5,18000
2012-04-13,4.3951311111450195,16.56999969482422,16.610000610351562,16.459999084472656,16.5,22400
2012-04-16,4.442873954772949,16.75,16.780000686645508,16.520000457763672,16.520000457763672,23500
2012-04-17,4.464094638824463,16.829999923706055,16.889999389648438,16.600000381469727,16.610000610351562,32700
2012-04-18,4.434915065765381,16.719999313354492,16.860000610351562,16.540000915527344,16.75,20200
2012-04-19,4.4534831047058105,16.790000915527344,16.889999389648438,16.559999465942383,16.729999542236328,10100
2012-04-20,4.4296112060546875,16.700000762939453,16.93000030517578,16.579999923706055,16.8700008392334,40400
2012-04-23,4.37125825881958,16.479999542236328,16.690000534057617,16.350000381469727,16.670000076293945,25100
2012-04-24,4.3951311111450195,16.56999969482422,16.68000030517578,16.270000457763672,16.299999237060547,26800
2012-04-25,4.3977837562561035,16.579999923706055,16.81999969482422,16.440000534057617,16.530000686645508,35600
2012-04-26,4.3951311111450195,16.56999969482422,16.899999618530273,16.56999969482422,16.799999237060547,55600
2012-04-27,4.482660293579102,16.899999618530273,17.0,16.649999618530273,16.690000534057617,96000
2012-04-30,4.50388240814209,16.979999542236328,17.209999084472656,16.75,17.0,87700
2012-05-01,4.522449493408203,17.049999237060547,17.149999618530273,16.969999313354492,17.0,39000
2012-05-02,4.5330586433410645,17.09000015258789,17.219999313354492,17.0,17.0,47000
2012-05-03,4.541016578674316,17.1200008392334,17.309999465942383,17.0,17.049999237060547,83000
2012-05-04,4.509189128875732,17.0,17.139999389648438,16.950000762939453,17.0,43500
2012-05-07,4.506533622741699,16.989999771118164,17.100000381469727,16.770000457763672,16.8700008392334,39300
2012-05-08,4.49592399597168,16.950000762939453,17.020000457763672,16.799999237060547,16.899999618530273,37700
2012-05-09,4.442873954772949,16.75,16.899999618530273,16.579999923706055,16.799999237060547,36900
2012-05-10,4.442873954772949,16.75,16.899999618530273,16.709999084472656,16.75,56000
2012-05-11,4.437571048736572,16.729999542236328,16.989999771118164,16.59000015258789,16.59000015258789,46400
2012-05-14,4.44552755355835,16.760000228881836,16.950000762939453,16.700000762939453,16.75,70000
2012-05-15,4.470057487487793,16.399999618530273,16.59000015258789,16.299999237060547,16.399999618530273,99800
2012-05-16,4.579083442687988,16.799999237060547,16.84000015258789,16.3799991607666,16.479999542236328,119000
2012-05-17,4.5027642250061035,16.520000457763672,16.850000381469727,16.399999618530273,16.850000381469727,49700
2012-05-18,4.42644739151001,16.239999771118164,16.549999237060547,16.049999237060547,16.549999237060547,42000
2012-05-21,4.464604377746582,16.3799991607666,16.489999771118164,16.059999465942383,16.309999465942383,20300
2012-05-22,4.467332363128662,16.389999389648438,16.530000686645508,16.290000915527344,16.34000015258789,19500
2012-05-23,4.456428527832031,16.350000381469727,16.3799991607666,16.1200008392334,16.299999237060547,15700
2012-05-24,4.42644739151001,16.239999771118164,16.459999084472656,16.049999237060547,16.459999084472656,24500
2012-05-25,4.401916980743408,16.149999618530273,16.229999542236328,16.020000457763672,16.229999542236328,16900
2012-05-29,4.41009521484375,16.18000030517578,16.399999618530273,16.06999969482422,16.1299991607666,33100
2012-05-30,4.328323841094971,15.880000114440918,16.139999389648438,15.680000305175781,16.139999389648438,42400
2012-05-31,4.314696311950684,15.829999923706055,16.030000686645508,15.40999984741211,16.030000686645508,58700
2012-06-01,4.17568826675415,15.319999694824219,15.550000190734863,15.25,15.550000190734863,30800
2012-06-04,4.183865070343018,15.350000381469727,15.579999923706055,15.199999809265137,15.25,20300
2012-06-05,4.320146083831787,15.850000381469727,16.100000381469727,15.119999885559082,15.25,38000
2012-06-06,4.445526123046875,16.309999465942383,16.440000534057617,15.8100004196167,15.989999771118164,21200
2012-06-07,4.4591546058654785,16.360000610351562,16.719999313354492,16.200000762939453,16.360000610351562,17200
2012-06-08,4.363759994506836,16.010000228881836,16.510000228881836,15.970000267028809,16.360000610351562,29500
2012-06-11,4.303792953491211,15.789999961853027,16.270000457763672,15.600000381469727,16.270000457763672,33200
2012-06-12,4.096643447875977,15.029999732971191,15.6899995803833,14.90999984741211,15.680000305175781,84300
2012-06-13,4.21384859085083,15.460000038146973,15.579999923706055,15.100000381469727,15.100000381469727,40000
2012-06-14,4.317422389984131,15.84000015258789,15.9399995803833,15.350000381469727,15.470000267028809,84800
2012-06-15,4.295617580413818,15.760000228881836,15.890000343322754,15.460000038146973,15.890000343322754,32700
2012-06-18,4.366481781005859,16.020000457763672,16.049999237060547,15.569999694824219,15.729999542236328,61200
2012-06-19,4.429174900054932,16.25,16.299999237060547,15.979999542236328,16.010000228881836,42100
2012-06-20,4.453700065612793,16.34000015258789,16.3799991607666,15.800000190734863,16.25,35800
2012-06-21,4.3910136222839355,16.110000610351562,16.399999618530273,15.880000114440918,16.3799991607666,44900
2012-06-22,4.3256001472473145,15.869999885559082,16.290000915527344,15.65999984741211,16.190000534057617,852400
2012-06-25,4.393740653991699,16.1200008392334,16.3799991607666,15.510000228881836,15.699999809265137,53800
2012-06-26,4.483687400817871,16.450000762939453,16.559999465942383,15.970000267028809,16.190000534057617,31700
2012-06-27,4.546377182006836,16.68000030517578,16.75,16.40999984741211,16.59000015258789,31300
2012-06-28,4.478235721588135,16.43000030517578,16.649999618530273,16.299999237060547,16.639999389648438,19300
2012-06-29,4.494588375091553,16.489999771118164,16.649999618530273,16.280000686645508,16.649999618530273,40300
2012-07-02,4.562732219696045,16.739999771118164,16.75,16.309999465942383,16.40999984741211,41700
2012-07-03,4.565454483032227,16.75,16.75,16.639999389648438,16.729999542236328,18400
2012-07-05,4.5600056648254395,16.729999542236328,16.850000381469727,16.65999984741211,16.850000381469727,13800
2012-07-06,4.519117832183838,16.579999923706055,16.770000457763672,16.469999313354492,16.649999618530273,22600
2012-07-09,4.535472869873047,16.639999389648438,16.829999923706055,16.3700008392334,16.6200008392334,32800
2012-07-10,4.500039577484131,16.510000228881836,16.739999771118164,16.43000030517578,16.479999542236328,18700
2012-07-11,4.401916980743408,16.149999618530273,16.600000381469727,16.06999969482422,16.600000381469727,34800
2012-07-12,4.491864204406738,16.479999542236328,16.5,16.110000610351562,16.110000610351562,35400
2012-07-13,4.570906639099121,16.770000457763672,16.920000076293945,16.559999465942383,16.600000381469727,28800
2012-07-16,4.562732219696045,16.739999771118164,17.0,16.649999618530273,16.780000686645508,35000
2012-07-17,4.5899858474731445,16.84000015258789,16.979999542236328,16.739999771118164,16.8700008392334,26700
2012-07-18,4.524570941925049,16.600000381469727,16.739999771118164,16.139999389648438,16.149999618530273,721600
2012-07-19,4.483687400817871,16.450000762939453,16.610000610351562,16.309999465942383,16.600000381469727,156500
2012-07-20,4.519117832183838,16.579999923706055,16.649999618530273,16.34000015258789,16.399999618530273,95000
2012-07-23,4.4400763511657715,16.290000915527344,16.489999771118164,16.260000228881836,16.489999771118164,91600
2012-07-24,4.434624671936035,16.270000457763672,16.399999618530273,16.200000762939453,16.399999618530273,63200
2012-07-25,4.434624671936035,16.270000457763672,16.459999084472656,16.229999542236328,16.299999237060547,79100
2012-07-26,4.461879253387451,16.3700008392334,16.5,16.280000686645508,16.399999618530273,51100
2012-07-27,4.516395092010498,16.56999969482422,16.690000534057617,16.350000381469727,16.450000762939453,78100
2012-07-30,4.543649673461914,16.670000076293945,17.059999465942383,16.299999237060547,16.700000762939453,147500
2012-07-31,4.464604377746582,16.3799991607666,16.760000228881836,16.209999084472656,16.719999313354492,265500
2012-08-01,4.497316360473633,16.5,16.729999542236328,16.399999618530273,16.5,78900
2012-08-02,4.453700065612793,16.34000015258789,16.520000457763672,16.200000762939453,16.520000457763672,56300
2012-08-03,4.48641300201416,16.459999084472656,16.549999237060547,16.200000762939453,16.520000457763672,54400
2012-08-06,4.510941505432129,16.549999237060547,16.639999389648438,16.399999618530273,16.540000915527344,70600
2012-08-07,4.508218288421631,16.540000915527344,16.81999969482422,16.510000228881836,16.559999465942383,92100
2012-08-08,4.500039577484131,16.510000228881836,16.600000381469727,16.399999618530273,16.399999618530273,127900
2012-08-09,4.5027642250061035,16.520000457763672,16.59000015258789,16.40999984741211,16.559999465942383,69900
2012-08-10,4.467332363128662,16.389999389648438,16.579999923706055,16.389999389648438,16.530000686645508,89300
2012-08-13,4.494588375091553,16.489999771118164,16.700000762939453,16.389999389648438,16.479999542236328,86600
2012-08-14,4.543649673461914,16.670000076293945,16.829999923706055,16.5,16.610000610351562,113100
2012-08-15,4.571664333343506,16.31999969482422,16.34000015258789,16.049999237060547,16.139999389648438,58000
2012-08-16,4.560458660125732,16.280000686645508,16.3799991607666,16.209999084472656,16.350000381469727,58200
2012-08-17,4.585668087005615,16.3700008392334,16.399999618530273,16.149999618530273,16.399999618530273,72600
2012-08-20,4.622086524963379,16.5,16.610000610351562,16.290000915527344,16.399999618530273,90100
2012-08-21,4.574463844299316,16.329999923706055,16.649999618530273,16.100000381469727,16.489999771118164,152900
2012-08-22,4.5688629150390625,16.309999465942383,16.350000381469727,16.09000015258789,16.350000381469727,87700
2012-08-23,4.540846824645996,16.209999084472656,16.360000610351562,16.1200008392334,16.34000015258789,51900
2012-08-24,4.560458660125732,16.280000686645508,16.309999465942383,16.1200008392334,16.18000030517578,59100
2012-08-27,4.580066204071045,16.350000381469727,16.489999771118164,16.149999618530273,16.31999969482422,64400
2012-08-28,4.619284152984619,16.489999771118164,16.549999237060547,16.360000610351562,16.3700008392334,46200
2012-08-29,4.6388936042785645,16.559999465942383,16.670000076293945,16.389999389648438,16.520000457763672,56900
2012-08-30,4.658501148223877,16.6299991607666,16.68000030517578,16.420000076293945,16.56999969482422,53900
2012-08-31,4.692116737365723,16.75,16.899999618530273,16.639999389648438,16.829999923706055,78200
2012-09-04,4.689315319061279,16.739999771118164,16.780000686645508,16.520000457763672,16.770000457763672,58100
2012-09-05,4.633290767669678,16.540000915527344,16.809999465942383,16.5,16.790000915527344,70700
2012-09-06,4.61648416519165,16.479999542236328,16.719999313354492,16.34000015258789,16.530000686645508,73800
2012-09-07,4.521238327026367,16.139999389648438,16.290000915527344,16.049999237060547,16.149999618530273,135800
2012-09-10,4.529644012451172,16.170000076293945,16.450000762939453,16.06999969482422,16.079999923706055,99000
2012-09-11,4.46241569519043,15.930000305175781,16.3700008392334,15.930000305175781,16.100000381469727,142000
2012-09-12,4.473620891571045,15.970000267028809,16.06999969482422,15.920000076293945,15.930000305175781,76200
2012-09-13,4.526843547821045,16.15999984741211,16.219999313354492,15.970000267028809,16.040000915527344,136800
2012-09-14,4.526843547821045,16.15999984741211,16.34000015258789,16.09000015258789,16.229999542236328,150600
2012-09-17,4.535245418548584,16.190000534057617,16.200000762939453,16.030000686645508,16.190000534057617,45600
2012-09-18,4.610877990722656,16.459999084472656,16.540000915527344,16.059999465942383,16.110000610351562,78100
2012-09-19,4.697717666625977,16.770000457763672,16.799999237060547,16.450000762939453,16.5,110800
2012-09-20,4.692116737365723,16.75,16.84000015258789,16.600000381469727,16.729999542236328,42700
2012-09-21,4.678110122680664,16.700000762939453,16.850000381469727,16.520000457763672,16.850000381469727,58000
2012-09-24,4.658501148223877,16.6299991607666,16.770000457763672,16.510000228881836,16.670000076293945,37400
2012-09-25,4.549253463745117,16.239999771118164,16.84000015258789,16.229999542236328,16.639999389648438,70400
2012-09-26,4.526843547821045,16.15999984741211,16.59000015258789,16.100000381469727,16.299999237060547,49200
2012-09-27,4.526843547821045,16.15999984741211,16.280000686645508,16.059999465942383,16.209999084472656,83700
2012-09-28,4.526843547821045,16.15999984741211,16.260000228881836,16.110000610351562,16.110000610351562,63200
2012-10-01,4.566059589385986,16.299999237060547,16.440000534057617,16.219999313354492,16.219999313354492,53000
2012-10-02,4.543649673461914,16.219999313354492,16.3799991607666,16.139999389648438,16.3799991607666,79900
2012-10-03,4.526843547821045,16.15999984741211,16.31999969482422,16.110000610351562,16.31999969482422,44800
2012-10-04,4.571664333343506,16.31999969482422,16.3700008392334,16.18000030517578,16.18000030517578,44000
2012-10-05,4.608081340789795,16.450000762939453,16.559999465942383,16.34000015258789,16.440000534057617,88900
2012-10-08,4.6052775382995605,16.440000534057617,16.530000686645508,16.389999389648438,16.5,46800
2012-10-09,4.566059589385986,16.299999237060547,16.549999237060547,16.170000076293945,16.549999237060547,92100
2012-10-10,4.535245418548584,16.190000534057617,16.420000076293945,16.18000030517578,16.31999969482422,72000
2012-10-11,4.518437385559082,16.1299991607666,16.309999465942383,16.100000381469727,16.309999465942383,40700
2012-10-12,4.512838840484619,16.110000610351562,16.399999618530273,16.059999465942383,16.1200008392334,75700
2012-10-15,4.549253463745117,16.239999771118164,16.309999465942383,16.049999237060547,16.149999618530273,109400
2012-10-16,4.594073295593262,16.399999618530273,16.440000534057617,16.299999237060547,16.299999237060547,76900
2012-10-17,4.608081340789795,16.450000762939453,16.459999084472656,16.270000457763672,16.459999084472656,106200
2012-10-18,4.624886989593506,16.510000228881836,18.170000076293945,16.280000686645508,16.469999313354492,74000
2012-10-19,4.529644012451172,16.170000076293945,16.510000228881836,16.149999618530273,16.510000228881836,85400
2012-10-22,4.535245418548584,16.190000534057617,16.239999771118164,16.1299991607666,16.200000762939453,67700
2012-10-23,4.524042129516602,16.149999618530273,16.170000076293945,16.0,16.15999984741211,63900
2012-10-24,4.602475166320801,16.43000030517578,16.59000015258789,16.190000534057617,16.200000762939453,84500
2012-10-25,4.566059589385986,16.299999237060547,16.489999771118164,16.25,16.450000762939453,32200
2012-10-26,4.543649673461914,16.219999313354492,16.440000534057617,16.110000610351562,16.299999237060547,56500
2012-10-31,4.5688629150390625,16.309999465942383,16.399999618530273,16.1299991607666,16.219999313354492,49700
2012-11-01,4.644496440887451,16.579999923706055,16.639999389648438,16.290000915527344,16.399999618530273,65100
2012-11-02,4.608081340789795,16.450000762939453,16.6299991607666,16.3700008392334,16.520000457763672,62200
2012-11-05,4.608081340789795,16.450000762939453,16.549999237060547,16.31999969482422,16.489999771118164,52600
2012-11-06,4.633290767669678,16.540000915527344,16.790000915527344,16.389999389648438,16.450000762939453,91600
2012-11-07,4.484822750091553,16.010000228881836,16.559999465942383,16.0,16.559999465942383,110900
2012-11-08,4.2074971199035645,15.020000457763672,15.920000076293945,14.789999961853027,15.899999618530273,388800
2012-11-09,4.241113185882568,15.140000343322754,15.319999694824219,14.5,14.890000343322754,194100
2012-11-12,4.151473045349121,14.819999694824219,15.199999809265137,14.819999694824219,15.140000343322754,107400
2012-11-13,4.070237636566162,14.529999732971191,14.9399995803833,14.520000457763672,14.770000457763672,115900
2012-11-14,3.9806249141693115,13.770000457763672,14.0600004196167,13.65999984741211,14.0600004196167,227900
2012-11-15,4.0471110343933105,14.0,14.399999618530273,13.710000038146973,13.890000343322754,205800
2012-11-16,4.295715808868408,14.859999656677246,14.949999809265137,13.800000190734863,13.9399995803833,181000
2012-11-19,4.2465739250183105,14.6899995803833,15.239999771118164,14.600000381469727,14.890000343322754,112100
2012-11-20,4.116488456726074,14.239999771118164,14.760000228881836,14.15999984741211,14.720000267028809,94200
2012-11-21,4.099143981933594,14.180000305175781,14.5,14.09000015258789,14.25,73400
2012-11-23,4.096254825592041,14.170000076293945,14.199999809265137,14.0,14.010000228881836,101000
2012-11-26,4.090473651885986,14.149999618530273,14.279999732971191,14.020000457763672,14.170000076293945,128200
2012-11-27,4.096254825592041,14.170000076293945,14.329999923706055,14.029999732971191,14.149999618530273,142500
2012-11-28,4.073127269744873,14.09000015258789,14.359999656677246,14.029999732971191,14.359999656677246,93600
2012-11-29,4.102034568786621,14.1899995803833,14.350000381469727,13.899999618530273,14.0,334000
2012-11-30,4.061565399169922,14.050000190734863,14.5,13.920000076293945,14.170000076293945,207200
2012-12-03,4.032655715942383,13.949999809265137,14.149999618530273,13.829999923706055,14.0,162400
2012-12-04,3.9199163913726807,13.5600004196167,14.010000228881836,13.460000038146973,13.770000457763672,224900
2012-12-05,4.052892208099365,14.020000457763672,14.029999732971191,13.460000038146973,13.529999732971191,120800
2012-12-06,4.04421854019165,13.989999771118164,14.210000038146973,13.869999885559082,14.039999961853027,59600
2012-12-07,4.0384368896484375,13.970000267028809,14.09000015258789,13.899999618530273,14.039999961853027,46500
2012-12-10,4.090473651885986,14.149999618530273,14.199999809265137,13.880000114440918,14.029999732971191,80500
2012-12-11,4.145398139953613,14.34000015258789,14.489999771118164,14.15999984741211,14.1899995803833,78500
2012-12-12,4.1656341552734375,14.40999984741211,14.539999961853027,14.199999809265137,14.380000114440918,57900
2012-12-13,4.1338372230529785,14.300000190734863,14.489999771118164,14.279999732971191,14.489999771118164,54100
2012-12-14,4.142504692077637,14.329999923706055,14.350000381469727,14.210000038146973,14.220000267028809,36600
2012-12-17,4.258137226104736,14.729999542236328,14.739999771118164,14.319999694824219,14.350000381469727,74700
2012-12-18,4.428693771362305,15.319999694824219,15.510000228881836,14.949999809265137,15.25,145000
2012-12-19,4.373767852783203,15.130000114440918,15.369999885559082,14.649999618530273,15.369999885559082,85000
2012-12-20,4.347752094268799,15.039999961853027,15.25,15.0,15.119999885559082,74500
2012-12-21,4.333296775817871,14.989999771118164,15.0600004196167,14.800000190734863,14.989999771118164,119300
2012-12-24,4.295715808868408,14.859999656677246,14.960000038146973,14.720000267028809,14.850000381469727,37000
2012-12-26,4.284153938293457,14.819999694824219,14.970000267028809,14.699999809265137,14.930000305175781,73700
2012-12-27,4.261025905609131,14.739999771118164,14.829999923706055,14.710000038146973,14.770000457763672,61900
2012-12-28,4.229230880737305,14.630000114440918,14.8100004196167,14.630000114440918,14.6899995803833,36600
2012-12-31,4.313060760498047,14.920000076293945,14.960000038146973,14.630000114440918,14.630000114440918,64200
2013-01-02,4.391115665435791,15.1899995803833,15.359999656677246,14.970000267028809,15.039999961853027,101700
2013-01-03,4.428693771362305,15.319999694824219,15.479999542236328,15.109999656677246,15.1899995803833,54100
2013-01-04,4.47783899307251,15.489999771118164,15.600000381469727,15.369999885559082,15.399999618530273,42900
2013-01-07,4.512530326843262,15.609999656677246,15.729999542236328,15.369999885559082,15.489999771118164,59300
2013-01-08,4.509637355804443,15.600000381469727,15.75,15.5,15.550000190734863,45300
2013-01-09,4.573232173919678,15.819999694824219,15.850000381469727,15.5,15.680000305175781,48300
2013-01-10,4.605033874511719,15.930000305175781,16.0,15.65999984741211,15.899999618530273,57100
2013-01-11,4.55588960647583,15.760000228881836,15.989999771118164,15.649999618530273,15.989999771118164,40000
2013-01-14,4.365095138549805,15.100000381469727,15.880000114440918,15.0,15.829999923706055,414100
2013-01-15,4.37087869644165,15.119999885559082,15.149999618530273,14.800000190734863,15.100000381469727,210300
2013-01-16,4.3373799324035645,14.890000343322754,15.149999618530273,14.850000381469727,15.029999732971191,58000
2013-01-17,4.302423477172852,14.770000457763672,15.0,14.569999694824219,14.850000381469727,95900
2013-01-18,4.316988468170166,14.819999694824219,14.880000114440918,14.680000305175781,14.880000114440918,97700
2013-01-22,4.392725944519043,15.079999923706055,15.079999923706055,14.8100004196167,14.850000381469727,112300
2013-01-23,4.395639419555664,15.09000015258789,15.140000343322754,15.020000457763672,15.029999732971191,37200
2013-01-24,4.407289028167725,15.130000114440918,15.170000076293945,15.0600004196167,15.09000015258789,41300
2013-01-25,4.477200984954834,15.369999885559082,15.390000343322754,15.119999885559082,15.25,60400
2013-01-28,4.442244529724121,15.25,15.369999885559082,15.199999809265137,15.300000190734863,49700
2013-01-29,4.506329536437988,15.470000267028809,15.470000267028809,15.220000267028809,15.25,37300
2013-01-30,4.453897953033447,15.289999961853027,15.489999771118164,15.220000267028809,15.399999618530273,45100
2013-01-31,4.477200984954834,15.369999885559082,15.479999542236328,15.199999809265137,15.260000228881836,49600
2013-02-01,4.500504493713379,15.449999809265137,15.5,15.350000381469727,15.40999984741211,40100
2013-02-04,4.477200984954834,15.369999885559082,15.529999732971191,15.359999656677246,15.430000305175781,53700
2013-02-05,4.500504493713379,15.449999809265137,15.65999984741211,15.3100004196167,15.350000381469727,76800
2013-02-06,4.532545566558838,15.5600004196167,15.619999885559082,15.449999809265137,15.449999809265137,36100
2013-02-07,4.506329536437988,15.470000267028809,15.609999656677246,15.449999809265137,15.59000015258789,28800
2013-02-08,4.55002498626709,15.619999885559082,15.729999542236328,15.359999656677246,15.630000114440918,115800
2013-02-11,4.544200420379639,15.600000381469727,15.649999618530273,15.550000190734863,15.569999694824219,57300
2013-02-12,4.541285991668701,15.59000015258789,15.649999618530273,15.550000190734863,15.640000343322754,86000
2013-02-13,4.558763027191162,15.649999618530273,15.720000267028809,15.510000228881836,15.600000381469727,69600
2013-02-14,4.558763027191162,15.649999618530273,15.739999771118164,15.569999694824219,15.670000076293945,39100
2013-02-15,4.488852500915527,15.40999984741211,15.680000305175781,15.319999694824219,15.680000305175781,78700
2013-02-19,4.490318775177002,15.300000190734863,15.5,15.239999771118164,15.34000015258789,70400
2013-02-20,4.496190547943115,15.319999694824219,15.399999618530273,15.180000305175781,15.300000190734863,81900
2013-02-21,4.358252048492432,14.850000381469727,15.3100004196167,14.739999771118164,15.289999961853027,75800
2013-02-22,4.384665012359619,14.9399995803833,14.979999542236328,14.850000381469727,14.9399995803833,43400
2013-02-25,4.2907538414001465,14.619999885559082,15.050000190734863,14.59000015258789,14.899999618530273,69800
2013-02-26,4.2907538414001465,14.619999885559082,14.739999771118164,14.510000228881836,14.640000343322754,42900
2013-02-27,4.287815093994141,14.609999656677246,14.729999542236328,14.520000457763672,14.59000015258789,45500
2013-02-28,4.3201003074646,14.720000267028809,14.739999771118164,14.5,14.5600004196167,51100
2013-03-01,4.419886112213135,15.0600004196167,15.180000305175781,14.699999809265137,14.770000457763672,76000
2013-03-04,4.455103397369385,15.180000305175781,15.1899995803833,15.0,15.0,42200
2013-03-05,4.557821273803711,15.529999732971191,15.680000305175781,15.100000381469727,15.229999542236328,61600
2013-03-06,4.4521660804748535,15.170000076293945,15.520000457763672,15.0,15.470000267028809,56800
2013-03-07,4.504992961883545,15.350000381469727,15.460000038146973,15.109999656677246,15.170000076293945,41000
2013-03-08,4.428689956665039,15.09000015258789,15.479999542236328,15.0600004196167,15.479999542236328,58400
2013-03-11,4.446298122406006,15.149999618530273,15.239999771118164,15.050000190734863,15.119999885559082,44600
2013-03-12,4.469775676727295,15.229999542236328,15.359999656677246,15.079999923706055,15.170000076293945,57100
2013-03-13,4.337707996368408,14.779999732971191,15.039999961853027,14.699999809265137,15.0,159900
2013-03-14,4.346513748168945,14.8100004196167,14.859999656677246,14.600000381469727,14.779999732971191,108700
2013-03-15,4.378796577453613,14.920000076293945,14.949999809265137,14.699999809265137,14.760000228881836,69200
2013-03-18,4.392106533050537,14.850000381469727,14.979999542236328,14.670000076293945,14.699999809265137,55200
2013-03-19,4.403937339782715,14.890000343322754,14.960000038146973,14.699999809265137,14.949999809265137,83300
2013-03-20,4.318164825439453,14.600000381469727,15.029999732971191,14.460000038146973,14.930000305175781,170700
2013-03-21,4.300418853759766,14.539999961853027,14.710000038146973,14.5,14.600000381469727,48200
2013-03-22,4.34182596206665,14.680000305175781,14.720000267028809,14.550000190734863,14.550000190734863,31700
2013-03-25,4.300418853759766,14.539999961853027,14.8100004196167,14.5,14.800000190734863,64400
2013-03-26,4.2530999183654785,14.380000114440918,14.470000267028809,14.050000190734863,14.25,117700
2013-03-27,4.477878570556641,15.140000343322754,15.510000228881836,14.25,14.34000015258789,312600
2013-03-28,4.321122646331787,14.609999656677246,15.119999885559082,14.600000381469727,15.119999885559082,90800
2013-04-01,4.167325496673584,14.09000015258789,14.680000305175781,14.020000457763672,14.680000305175781,250900
2013-04-02,4.16436767578125,14.079999923706055,14.279999732971191,14.020000457763672,14.239999771118164,148300
2013-04-03,4.034231662750244,13.640000343322754,14.140000343322754,13.609999656677246,14.0600004196167,209900
2013-04-04,4.046060085296631,13.680000305175781,13.869999885559082,13.600000381469727,13.710000038146973,162600
2013-04-05,4.07859468460083,13.789999961853027,13.899999618530273,13.600000381469727,13.600000381469727,44800
2013-04-08,4.158451080322266,14.0600004196167,14.069999694824219,13.800000190734863,13.880000114440918,33900
2013-04-09,4.193944454193115,14.180000305175781,14.369999885559082,13.869999885559082,14.100000381469727,89900
2013-04-10,4.241264343261719,14.34000015258789,14.399999618530273,14.130000114440918,14.260000228881836,94900
2013-04-11,4.2590107917785645,14.399999618530273,14.4399995803833,14.350000381469727,14.390000343322754,69700
2013-04-12,4.220564365386963,14.270000457763672,14.369999885559082,14.199999809265137,14.279999732971191,67300
2013-04-15,4.167325496673584,14.09000015258789,14.350000381469727,13.920000076293945,14.270000457763672,96300
2013-04-16,4.2016167640686035,14.09000015258789,14.140000343322754,13.770000457763672,14.029999732971191,92000
2013-04-17,3.9928784370422363,13.390000343322754,14.020000457763672,13.25,14.020000457763672,157400
2013-04-18,4.052516460418701,13.59000015258789,13.920000076293945,13.399999618530273,13.4399995803833,115800
2013-04-19,4.127068519592285,13.84000015258789,13.850000381469727,13.529999732971191,13.619999885559082,38700
2013-04-22,4.222490310668945,14.15999984741211,14.180000305175781,13.609999656677246,13.899999618530273,42500
2013-04-23,4.291078090667725,14.390000343322754,14.460000038146973,14.109999656677246,14.15999984741211,98600
2013-04-24,4.243365287780762,14.229999542236328,14.420000076293945,14.0,14.420000076293945,53400
2013-04-25,4.261256694793701,14.289999961853027,14.40999984741211,14.149999618530273,14.229999542236328,43900
2013-04-26,4.261256694793701,14.289999961853027,14.380000114440918,14.199999809265137,14.3100004196167,41200
2013-04-29,4.29703950881958,14.40999984741211,14.449999809265137,14.300000190734863,14.319999694824219,46400
2013-04-30,4.3805389404296875,14.6899995803833,14.739999771118164,14.350000381469727,14.399999618530273,103300
2013-05-01,4.210564613342285,14.119999885559082,14.649999618530273,14.069999694824219,14.630000114440918,84200
2013-05-02,4.2851128578186035,14.369999885559082,14.430000305175781,14.119999885559082,14.149999618530273,52200
2013-05-03,4.31791353225708,14.479999542236328,14.609999656677246,14.420000076293945,14.449999809265137,75800
2013-05-06,4.329843044281006,14.520000457763672,14.569999694824219,14.350000381469727,14.5,33400
2013-05-07,4.31791353225708,14.479999542236328,14.579999923706055,14.399999618530273,14.569999694824219,36900
2013-05-08,4.377556800842285,14.680000305175781,14.760000228881836,14.390000343322754,14.479999542236328,118700
2013-05-09,4.294058799743652,14.399999618530273,14.75,14.369999885559082,14.710000038146973,57800
2013-05-10,4.311948776245117,14.460000038146973,14.5,14.199999809265137,14.359999656677246,96200
2013-05-13,4.264239311218262,14.300000190734863,14.5,14.260000228881836,14.470000267028809,37900
2013-05-14,4.344749927520752,14.569999694824219,14.600000381469727,14.289999961853027,14.289999961853027,73700
2013-05-15,4.335807800292969,14.539999961853027,14.59000015258789,14.479999542236328,14.579999923706055,61400
2013-05-16,4.32528829574585,14.390000343322754,14.520000457763672,14.300000190734863,14.369999885559082,43600
2013-05-17,4.316270351409912,14.359999656677246,14.539999961853027,14.260000228881836,14.430000305175781,41200
2013-05-20,4.33430290222168,14.420000076293945,14.520000457763672,14.3100004196167,14.3100004196167,30400
2013-05-21,4.316270351409912,14.359999656677246,14.470000267028809,14.300000190734863,14.470000267028809,52200
2013-05-22,4.304245471954346,14.319999694824219,14.630000114440918,14.229999542236328,14.350000381469727,63500
2013-05-23,4.292221546173096,14.279999732971191,14.369999885559082,14.100000381469727,14.15999984741211,38800
2013-05-24,4.34332275390625,14.449999809265137,14.520000457763672,14.25,14.25,26300
2013-05-28,4.382394790649414,14.579999923706055,14.720000267028809,14.489999771118164,14.529999732971191,50700
2013-05-29,4.262166976928711,14.180000305175781,14.550000190734863,14.100000381469727,14.449999809265137,69300
2013-05-30,4.256152629852295,14.15999984741211,14.279999732971191,13.960000038146973,14.199999809265137,102400
2013-05-31,4.214074611663818,14.020000457763672,14.15999984741211,13.949999809265137,14.079999923706055,63800
2013-06-03,4.114885330200195,13.6899995803833,14.229999542236328,13.449999809265137,14.100000381469727,131100
2013-06-04,4.126906871795654,13.729999542236328,13.930000305175781,13.520000457763672,13.600000381469727,48300
2013-06-05,4.129912853240967,13.739999771118164,13.989999771118164,13.640000343322754,13.989999771118164,62100
2013-06-06,4.153958320617676,13.819999694824219,13.829999923706055,13.520000457763672,13.699999809265137,44000
2013-06-07,4.168985843658447,13.869999885559082,13.920000076293945,13.800000190734863,13.90999984741211,43200
2013-06-10,4.229105472564697,14.069999694824219,14.100000381469727,13.8100004196167,14.010000228881836,55200
2013-06-11,4.208059787750244,14.0,14.170000076293945,13.899999618530273,14.039999961853027,22100
2013-06-12,4.150954246520996,13.8100004196167,14.0600004196167,13.800000190734863,14.0600004196167,29700
2013-06-13,4.1870222091674805,13.930000305175781,13.979999542236328,13.670000076293945,13.829999923706055,26600
2013-06-14,4.199044704437256,13.970000267028809,14.050000190734863,13.930000305175781,13.960000038146973,33200
2013-06-17,4.241125583648682,14.109999656677246,14.199999809265137,14.039999961853027,14.140000343322754,78500
2013-06-18,4.2305192947387695,13.960000038146973,14.0,13.859999656677246,13.989999771118164,62000
2013-06-19,4.257791996002197,14.050000190734863,14.170000076293945,13.979999542236328,13.979999542236328,41900
2013-06-20,4.115360736846924,13.579999923706055,14.0,13.539999961853027,13.920000076293945,81700
2013-06-21,4.106271743774414,13.550000190734863,13.869999885559082,13.390000343322754,13.670000076293945,104100
2013-06-24,3.918381690979004,12.930000305175781,13.460000038146973,12.770000457763672,13.460000038146973,87100
2013-06-25,3.982020616531372,13.140000343322754,13.15999984741211,12.930000305175781,12.930000305175781,51900
2013-06-26,4.03959846496582,13.329999923706055,13.489999771118164,13.0,13.1899995803833,50100
2013-06-27,4.154756546020508,13.710000038146973,13.760000228881836,13.380000114440918,13.390000343322754,29900
2013-06-28,4.163849830627441,13.739999771118164,13.899999618530273,13.609999656677246,13.6899995803833,91600
2013-07-01,4.269913673400879,14.09000015258789,14.149999618530273,13.6899995803833,13.75,69400
2013-07-02,4.224458694458008,13.9399995803833,14.149999618530273,13.899999618530273,14.109999656677246,85400
2013-07-03,4.2183990478515625,13.920000076293945,14.0,13.869999885559082,13.949999809265137,30700
2013-07-05,4.300216197967529,14.1899995803833,14.199999809265137,13.84000015258789,14.069999694824219,104300
2013-07-08,4.2941575050354,14.170000076293945,14.220000267028809,14.0,14.1899995803833,109200
2013-07-09,4.282037258148193,14.130000114440918,14.180000305175781,14.0,14.170000076293945,65100
2013-07-10,4.279006481170654,14.119999885559082,14.15999984741211,14.029999732971191,14.149999618530273,65800
2013-07-11,4.348707675933838,14.350000381469727,14.399999618530273,14.029999732971191,14.199999809265137,59000
2013-07-12,4.31840181350708,14.25,14.380000114440918,14.100000381469727,14.319999694824219,63800
2013-07-15,4.341314792633057,14.210000038146973,14.270000457763672,14.149999618530273,14.260000228881836,53600
2013-07-16,4.341314792633057,14.210000038146973,14.279999732971191,14.1899995803833,14.279999732971191,62600
2013-07-17,4.344368934631348,14.220000267028809,14.270000457763672,14.180000305175781,14.270000457763672,62200
2013-07-18,4.374920845031738,14.319999694824219,14.319999694824219,14.119999885559082,14.25,118400
2013-07-19,4.393254280090332,14.380000114440918,14.4399995803833,14.210000038146973,14.329999923706055,56700
2013-07-22,4.393254280090332,14.380000114440918,14.449999809265137,14.3100004196167,14.380000114440918,82700
2013-07-23,4.420748233795166,14.470000267028809,14.489999771118164,14.390000343322754,14.470000267028809,32000
2013-07-24,4.390197277069092,14.369999885559082,14.59000015258789,14.300000190734863,14.59000015258789,109500
2013-07-25,4.368810176849365,14.300000190734863,14.420000076293945,14.210000038146973,14.3100004196167,79200
2013-07-26,4.374920845031738,14.319999694824219,14.470000267028809,14.199999809265137,14.25,53400
2013-07-29,4.362699508666992,14.279999732971191,14.34000015258789,14.149999618530273,14.34000015258789,37400
2013-07-30,4.332152843475342,14.180000305175781,14.350000381469727,14.100000381469727,14.329999923706055,71700
2013-07-31,4.274102687835693,13.989999771118164,14.25,13.9399995803833,14.210000038146973,68200
2013-08-01,4.26799201965332,13.970000267028809,14.100000381469727,13.920000076293945,14.069999694824219,49600
2013-08-02,4.277153968811035,14.0,14.039999961853027,13.9399995803833,13.9399995803833,26600
2013-08-05,4.26799201965332,13.970000267028809,14.0,13.949999809265137,14.0,33700
2013-08-06,4.255772590637207,13.930000305175781,13.989999771118164,13.90999984741211,13.989999771118164,23200
2013-08-07,4.274102687835693,13.989999771118164,14.1899995803833,13.930000305175781,13.989999771118164,74000
2013-08-08,4.295488357543945,14.0600004196167,14.15999984741211,13.949999809265137,13.989999771118164,86900
2013-08-09,4.289377689361572,14.039999961853027,14.270000457763672,13.960000038146973,14.0600004196167,83800
2013-08-12,4.322986125946045,14.149999618530273,14.239999771118164,14.100000381469727,14.100000381469727,68600
2013-08-13,4.31992769241333,14.140000343322754,14.390000343322754,14.079999923706055,14.380000114440918,46200
2013-08-14,4.292431831359863,14.050000190734863,14.199999809265137,13.949999809265137,14.100000381469727,58100
2013-08-15,4.2477707862854,13.789999961853027,13.9399995803833,13.789999961853027,13.850000381469727,35900
2013-08-16,4.186161518096924,13.59000015258789,13.819999694824219,13.479999542236328,13.75,84700
2013-08-19,4.158440589904785,13.5,13.630000114440918,13.479999542236328,13.630000114440918,49000
2013-08-20,4.192323684692383,13.609999656677246,13.619999885559082,13.319999694824219,13.5,51000
2013-08-21,4.17384147644043,13.550000190734863,13.6899995803833,13.529999732971191,13.5600004196167,35100
2013-08-22,4.17384147644043,13.550000190734863,13.640000343322754,13.529999732971191,13.539999961853027,24700
2013-08-23,4.226208209991455,13.720000267028809,13.800000190734863,13.5,13.550000190734863,64100
2013-08-26,4.201565265655518,13.640000343322754,13.819999694824219,13.609999656677246,13.760000228881836,51300
2013-08-27,4.14919900894165,13.470000267028809,13.59000015258789,13.399999618530273,13.539999961853027,62400
2013-08-28,4.0875935554504395,13.270000457763672,13.449999809265137,13.180000305175781,13.420000076293945,57900
2013-08-29,4.109153747558594,13.34000015258789,13.460000038146973,13.270000457763672,13.270000457763672,16400
2013-08-30,4.112236022949219,13.350000381469727,13.520000457763672,13.34000015258789,13.34000015258789,26600
2013-09-03,4.084513187408447,13.260000228881836,13.539999961853027,13.220000267028809,13.510000228881836,38200
2013-09-04,4.170760154724121,13.539999961853027,13.649999618530273,13.3100004196167,13.3100004196167,36600
2013-09-05,4.176919937133789,13.5600004196167,13.630000114440918,13.40999984741211,13.579999923706055,27600
2013-09-06,4.170760154724121,13.539999961853027,13.6899995803833,13.5,13.609999656677246,30900
2013-09-09,4.158440589904785,13.5,13.600000381469727,13.4399995803833,13.600000381469727,39500
2013-09-10,4.170760154724121,13.539999961853027,13.550000190734863,13.4399995803833,13.510000228881836,31400
2013-09-11,4.167679786682129,13.529999732971191,13.680000305175781,13.489999771118164,13.539999961853027,31400
2013-09-12,4.14303731918335,13.449999809265137,13.550000190734863,13.420000076293945,13.550000190734863,37500
2013-09-13,4.167679786682129,13.529999732971191,13.569999694824219,13.3100004196167,13.449999809265137,45500
2013-09-16,4.169233798980713,13.420000076293945,13.600000381469727,13.300000190734863,13.600000381469727,47100
2013-09-17,4.175446033477783,13.4399995803833,13.510000228881836,13.350000381469727,13.460000038146973,31900
2013-09-18,4.178552627563477,13.449999809265137,13.539999961853027,13.359999656677246,13.40999984741211,30100
2013-09-19,4.190982818603516,13.489999771118164,13.550000190734863,13.359999656677246,13.550000190734863,45200
2013-09-20,4.19408655166626,13.5,13.5,13.350000381469727,13.460000038146973,44900
2013-09-23,4.187873840332031,13.479999542236328,13.539999961853027,13.359999656677246,13.40999984741211,31600
2013-09-24,4.190982818603516,13.489999771118164,13.550000190734863,13.449999809265137,13.449999809265137,44700
2013-09-25,4.166127681732178,13.40999984741211,13.550000190734863,13.40999984741211,13.529999732971191,33900
2013-09-26,4.172342300415039,13.430000305175781,13.539999961853027,13.420000076293945,13.479999542236328,14700
2013-09-27,4.156805038452148,13.380000114440918,13.520000457763672,13.350000381469727,13.399999618530273,20000
2013-09-30,4.1381659507751465,13.319999694824219,13.350000381469727,13.220000267028809,13.300000190734863,44100
2013-10-01,4.163020610809326,13.399999618530273,13.430000305175781,13.239999771118164,13.270000457763672,41800
2013-10-02,4.103993892669678,13.210000038146973,13.479999542236328,13.199999809265137,13.430000305175781,63900
2013-10-03,4.03875207901001,13.0,13.199999809265137,12.930000305175781,13.130000114440918,61500
2013-10-04,4.03875207901001,13.0,13.15999984741211,12.989999771118164,13.029999732971191,31700
2013-10-07,4.063604831695557,13.079999923706055,13.149999618530273,12.90999984741211,12.979999542236328,58100
2013-10-08,4.048070430755615,13.029999732971191,13.199999809265137,12.960000038146973,13.140000343322754,35000
2013-10-09,4.023217678070068,12.949999809265137,13.100000381469727,12.949999809265137,13.039999961853027,25100
2013-10-10,4.076030254364014,13.119999885559082,13.229999542236328,13.010000228881836,13.109999656677246,29300
2013-10-11,4.144379138946533,13.34000015258789,13.34000015258789,13.130000114440918,13.149999618530273,39300
2013-10-14,4.172342300415039,13.430000305175781,13.449999809265137,13.270000457763672,13.300000190734863,43000
2013-10-15,4.139437675476074,13.210000038146973,13.40999984741211,13.140000343322754,13.40999984741211,53400
2013-10-16,4.133169174194336,13.1899995803833,13.399999618530273,13.149999618530273,13.300000190734863,63400
2013-10-17,4.170774459838867,13.3100004196167,13.399999618530273,13.149999618530273,13.149999618530273,43700
2013-10-18,4.211511135101318,13.4399995803833,13.4399995803833,13.34000015258789,13.399999618530273,40000
2013-10-21,4.186441898345947,13.359999656677246,13.489999771118164,13.300000190734863,13.449999809265137,51900
2013-10-22,4.192709445953369,13.380000114440918,13.470000267028809,13.300000190734863,13.359999656677246,47200
2013-10-23,4.2021098136901855,13.40999984741211,13.5,13.34000015258789,13.380000114440918,36800
2013-10-24,4.22717809677124,13.489999771118164,13.5,13.359999656677246,13.359999656677246,22900
2013-10-25,4.242847442626953,13.539999961853027,13.550000190734863,13.449999809265137,13.449999809265137,23900
2013-10-28,4.2710490226745605,13.630000114440918,13.640000343322754,13.510000228881836,13.550000190734863,28400
2013-10-29,4.255378246307373,13.579999923706055,13.649999618530273,13.550000190734863,13.630000114440918,31500
2013-10-30,4.2616496086120605,13.600000381469727,13.84000015258789,13.569999694824219,13.630000114440918,65700
2013-10-31,4.2240447998046875,13.479999542236328,13.770000457763672,13.449999809265137,13.59000015258789,55600
2013-11-01,4.230311393737793,13.5,13.619999885559082,13.40999984741211,13.449999809265137,41300
2013-11-04,4.255378246307373,13.579999923706055,13.699999809265137,13.510000228881836,13.550000190734863,38700
2013-11-05,4.311784744262695,13.760000228881836,13.890000343322754,13.5,13.569999694824219,56900
2013-11-06,4.352521896362305,13.890000343322754,13.989999771118164,13.84000015258789,13.9399995803833,85000
2013-11-07,4.346254348754883,13.869999885559082,13.970000267028809,13.869999885559082,13.970000267028809,37200
2013-11-08,4.346254348754883,13.869999885559082,13.949999809265137,13.609999656677246,13.819999694824219,36600
2013-11-11,4.358790874481201,13.90999984741211,14.050000190734863,13.869999885559082,13.890000343322754,49000
2013-11-12,4.386989116668701,14.0,14.010000228881836,13.90999984741211,13.90999984741211,39900
2013-11-13,4.433993339538574,14.149999618530273,14.149999618530273,13.920000076293945,13.949999809265137,78300
2013-11-14,4.402658462524414,14.050000190734863,14.1899995803833,14.050000190734863,14.180000305175781,59900
2013-11-15,4.360007286071777,13.800000190734863,14.079999923706055,13.739999771118164,14.010000228881836,43800
2013-11-18,4.407397747039795,13.949999809265137,14.0600004196167,13.680000305175781,13.869999885559082,28900
2013-11-19,4.385280609130859,13.880000114440918,14.140000343322754,13.850000381469727,14.010000228881836,23000
2013-11-20,4.410557746887207,13.960000038146973,14.069999694824219,13.880000114440918,13.960000038146973,28900
2013-11-21,4.404237747192383,13.9399995803833,14.050000190734863,13.899999618530273,13.930000305175781,31700
2013-11-22,4.467428207397461,14.140000343322754,14.149999618530273,13.890000343322754,14.0,33800
2013-11-25,4.476903438568115,14.170000076293945,14.1899995803833,14.100000381469727,14.119999885559082,21800
2013-11-26,4.476903438568115,14.170000076293945,14.170000076293945,14.100000381469727,14.109999656677246,20600
2013-11-27,4.486381530761719,14.199999809265137,14.199999809265137,14.100000381469727,14.180000305175781,36800
2013-11-29,4.486381530761719,14.199999809265137,14.260000228881836,14.109999656677246,14.199999809265137,24000
2013-12-02,4.438991069793701,14.050000190734863,14.260000228881836,14.0,14.149999618530273,45000
2013-12-03,4.432671546936035,14.029999732971191,14.149999618530273,14.0,14.0,59500
2013-12-04,4.473742961883545,14.15999984741211,14.1899995803833,13.960000038146973,14.0,51100
2013-12-05,4.416874885559082,13.979999542236328,14.199999809265137,13.930000305175781,14.079999923706055,32300
2013-12-06,4.473742961883545,14.15999984741211,14.25,14.010000228881836,14.020000457763672,23500
2013-12-09,4.524295806884766,14.319999694824219,14.420000076293945,14.0600004196167,14.0600004196167,77600
2013-12-10,4.486381530761719,14.199999809265137,14.380000114440918,14.199999809265137,14.279999732971191,32800
2013-12-11,4.5021772384643555,14.25,14.380000114440918,14.100000381469727,14.199999809265137,46200
2013-12-12,4.484662055969238,14.079999923706055,14.180000305175781,13.859999656677246,14.109999656677246,50000
2013-12-13,4.459179878234863,14.0,14.1899995803833,13.920000076293945,13.989999771118164,58100
2013-12-16,4.4751057624816895,14.050000190734863,14.170000076293945,13.920000076293945,14.100000381469727,42500
2013-12-17,4.46555233001709,14.020000457763672,14.09000015258789,13.920000076293945,14.050000190734863,45400
2013-12-18,4.503774642944336,14.140000343322754,14.170000076293945,14.0,14.079999923706055,36200
2013-12-19,4.443255424499512,13.949999809265137,14.180000305175781,13.899999618530273,14.170000076293945,40000
2013-12-20,4.379550933837891,13.75,14.09000015258789,13.75,14.010000228881836,309600
2013-12-23,4.491034507751465,14.100000381469727,14.119999885559082,13.800000190734863,13.84000015258789,57800
2013-12-24,4.567475318908691,14.34000015258789,14.430000305175781,14.100000381469727,14.100000381469727,26300
2013-12-26,4.526067733764648,14.210000038146973,14.460000038146973,14.149999618530273,14.380000114440918,38500
2013-12-27,4.526067733764648,14.210000038146973,14.270000457763672,14.079999923706055,14.270000457763672,33900
2013-12-30,4.510140895843506,14.15999984741211,14.40999984741211,14.15999984741211,14.199999809265137,44000
2013-12-31,4.526067733764648,14.210000038146973,14.3100004196167,14.119999885559082,14.119999885559082,38400
2014-01-02,4.522881507873535,14.199999809265137,14.300000190734863,14.140000343322754,14.140000343322754,41800
2014-01-03,4.545180320739746,14.270000457763672,14.279999732971191,14.199999809265137,14.199999809265137,23900
2014-01-06,4.557918071746826,14.3100004196167,14.4399995803833,14.300000190734863,14.300000190734863,28900
2014-01-07,4.577027797698975,14.369999885559082,14.4399995803833,14.260000228881836,14.40999984741211,29400
2014-01-08,4.548364639282227,14.279999732971191,14.399999618530273,14.220000267028809,14.390000343322754,38700
2014-01-09,4.506957530975342,14.149999618530273,14.359999656677246,14.149999618530273,14.359999656677246,56000
2014-01-10,4.541994094848633,14.260000228881836,14.399999618530273,14.140000343322754,14.220000267028809,30000
2014-01-13,4.561105251312256,14.319999694824219,14.430000305175781,14.260000228881836,14.260000228881836,55600
2014-01-14,4.602510929107666,14.449999809265137,14.449999809265137,14.220000267028809,14.399999618530273,57000
2014-01-15,4.616957187652588,14.380000114440918,14.449999809265137,14.300000190734863,14.449999809265137,42300
2014-01-16,4.607326984405518,14.350000381469727,14.449999809265137,14.329999923706055,14.390000343322754,23900
2014-01-17,4.633013725280762,14.430000305175781,14.4399995803833,14.350000381469727,14.399999618530273,60000
2014-01-21,4.687593936920166,14.600000381469727,14.600000381469727,14.359999656677246,14.40999984741211,77700
2014-01-22,4.684385299682617,14.59000015258789,14.699999809265137,14.449999809265137,14.470000267028809,44100
2014-01-23,4.649064540863037,14.479999542236328,14.670000076293945,14.449999809265137,14.510000228881836,52600
2014-01-24,4.594481945037842,14.3100004196167,14.539999961853027,14.260000228881836,14.479999542236328,43300
2014-01-27,4.604115962982178,14.34000015258789,14.470000267028809,14.210000038146973,14.399999618530273,43900
2014-01-28,4.636223316192627,14.4399995803833,14.479999542236328,14.300000190734863,14.300000190734863,45800
2014-01-29,4.636223316192627,14.4399995803833,14.550000190734863,14.369999885559082,14.430000305175781,44100
2014-01-30,4.665117263793945,14.529999732971191,14.649999618530273,14.470000267028809,14.470000267028809,49600
2014-01-31,4.645854473114014,14.470000267028809,14.520000457763672,14.399999618530273,14.40999984741211,62100
2014-02-03,4.555957794189453,14.1899995803833,14.510000228881836,14.069999694824219,14.5,73600
2014-02-04,4.591274738311768,14.300000190734863,14.489999771118164,14.149999618530273,14.300000190734863,25500
2014-02-05,4.565587520599365,14.220000267028809,14.350000381469727,14.050000190734863,14.210000038146973,41700
2014-02-06,4.604115962982178,14.34000015258789,14.399999618530273,14.300000190734863,14.300000190734863,31300
2014-02-07,4.607326984405518,14.350000381469727,14.449999809265137,14.319999694824219,14.329999923706055,32200
2014-02-10,4.63943338394165,14.449999809265137,14.449999809265137,14.319999694824219,14.380000114440918,36400
2014-02-11,4.687593936920166,14.600000381469727,14.649999618530273,14.430000305175781,14.460000038146973,83400
2014-02-12,4.679502964019775,14.460000038146973,14.640000343322754,14.40999984741211,14.539999961853027,55800
2014-02-13,4.68597412109375,14.479999542236328,14.5,14.399999618530273,14.449999809265137,32200
2014-02-14,4.679502964019775,14.460000038146973,14.630000114440918,14.449999809265137,14.5,46500
2014-02-18,4.728046417236328,14.609999656677246,14.630000114440918,14.449999809265137,14.449999809265137,56400
2014-02-19,4.718336582183838,14.579999923706055,14.640000343322754,14.5600004196167,14.609999656677246,59500
2014-02-20,4.7086310386657715,14.550000190734863,14.649999618530273,14.529999732971191,14.640000343322754,42400
2014-02-21,4.724810600280762,14.600000381469727,14.640000343322754,14.520000457763672,14.640000343322754,34200
2014-02-24,4.724810600280762,14.600000381469727,14.640000343322754,14.529999732971191,14.5600004196167,35400
2014-02-25,4.6600847244262695,14.399999618530273,14.640000343322754,14.350000381469727,14.630000114440918,46900
2014-02-26,4.647139549255371,14.359999656677246,14.649999618530273,14.34000015258789,14.449999809265137,82300
2014-02-27,4.6956868171691895,14.510000228881836,14.600000381469727,14.40999984741211,14.40999984741211,42300
2014-02-28,4.715099334716797,14.569999694824219,14.619999885559082,14.5,14.569999694824219,46400
2014-03-03,4.640667915344238,14.34000015258789,14.600000381469727,14.329999923706055,14.550000190734863,37200
2014-03-04,4.618014812469482,14.270000457763672,14.619999885559082,14.210000038146973,14.399999618530273,96700
2014-03-05,4.575944423675537,14.140000343322754,14.460000038146973,14.029999732971191,14.270000457763672,50800
2014-03-06,4.5888895988464355,14.180000305175781,14.289999961853027,14.119999885559082,14.119999885559082,43700
2014-03-07,4.579183101654053,14.149999618530273,14.3100004196167,14.0600004196167,14.25,39800
2014-03-10,4.504749774932861,13.920000076293945,14.270000457763672,13.880000114440918,14.199999809265137,88700
2014-03-11,4.563002109527588,14.100000381469727,14.130000114440918,13.890000343322754,14.0,52200
2014-03-12,4.022561550140381,12.430000305175781,13.229999542236328,12.170000076293945,13.229999542236328,666400
2014-03-13,4.100227355957031,12.670000076293945,12.899999618530273,12.5,12.510000228881836,282700
2014-03-14,4.168188095092773,12.880000114440918,12.9399995803833,12.6899995803833,12.6899995803833,110300
2014-03-17,4.199207782745361,12.859999656677246,13.0,12.800000190734863,12.9399995803833,122000
2014-03-18,4.1502299308776855,12.710000038146973,12.859999656677246,12.699999809265137,12.859999656677246,171100
2014-03-19,4.173086166381836,12.779999732971191,12.859999656677246,12.630000114440918,12.75,139100
2014-03-20,4.169821739196777,12.770000457763672,12.899999618530273,12.710000038146973,12.720000267028809,72600
2014-03-21,4.156760215759277,12.729999542236328,12.84000015258789,12.609999656677246,12.720000267028809,211600
2014-03-24,4.114309787750244,12.600000381469727,12.789999961853027,12.520000457763672,12.739999771118164,73000
2014-03-25,4.130637168884277,12.649999618530273,12.720000267028809,12.550000190734863,12.600000381469727,56200
2014-03-26,4.0685954093933105,12.460000038146973,12.789999961853027,12.460000038146973,12.720000267028809,88200
2014-03-27,4.0718607902526855,12.470000267028809,12.600000381469727,12.399999618530273,12.399999618530273,83400
2014-03-28,4.091453552246094,12.529999732971191,12.579999923706055,12.460000038146973,12.5600004196167,62500
2014-03-31,4.0849223136901855,12.510000228881836,12.680000305175781,12.5,12.579999923706055,118000
2014-04-01,4.117577075958252,12.609999656677246,12.6899995803833,12.470000267028809,12.529999732971191,98000
2014-04-02,4.111048221588135,12.59000015258789,12.760000228881836,12.510000228881836,12.630000114440918,95200
2014-04-03,4.215536594390869,12.90999984741211,12.9399995803833,12.699999809265137,12.720000267028809,314300
2014-04-04,4.27431058883667,13.09000015258789,13.199999809265137,12.90999984741211,12.920000076293945,231500
2014-04-07,4.189414978027344,12.829999923706055,13.100000381469727,12.75,13.09000015258789,140800
2014-04-08,4.251453876495361,13.020000457763672,13.09000015258789,12.859999656677246,12.859999656677246,97500
2014-04-09,4.2677812576293945,13.069999694824219,13.180000305175781,13.010000228881836,13.100000381469727,81300
2014-04-10,4.2449235916137695,13.0,13.149999618530273,13.0,13.100000381469727,103500
2014-04-11,4.2122697830200195,12.899999618530273,13.130000114440918,12.880000114440918,13.0,114300
2014-04-14,4.261250019073486,13.050000190734863,13.100000381469727,12.920000076293945,12.920000076293945,120400
2014-04-15,4.335374355316162,13.15999984741211,13.199999809265137,12.899999618530273,13.069999694824219,142900
2014-04-16,4.338667869567871,13.170000076293945,13.220000267028809,13.100000381469727,13.199999809265137,78900
2014-04-17,4.325488567352295,13.130000114440918,13.199999809265137,13.109999656677246,13.199999809265137,58700
2014-04-21,4.312314510345459,13.09000015258789,13.239999771118164,13.010000228881836,13.079999923706055,64600
2014-04-22,4.424321174621582,13.430000305175781,13.449999809265137,13.050000190734863,13.069999694824219,136500
2014-04-23,4.381494998931885,13.300000190734863,13.5,13.300000190734863,13.430000305175781,55700
2014-04-24,4.424321174621582,13.430000305175781,13.489999771118164,13.300000190734863,13.34000015258789,47500
2014-04-25,4.378199577331543,13.289999961853027,13.489999771118164,13.289999961853027,13.359999656677246,52900
2014-04-28,4.2793684005737305,12.989999771118164,13.289999961853027,12.930000305175781,13.289999961853027,83100
2014-04-29,4.289253234863281,13.020000457763672,13.15999984741211,12.970000267028809,13.010000228881836,85300
2014-04-30,4.315605640411377,13.100000381469727,13.479999542236328,12.949999809265137,12.949999809265137,136300
2014-05-01,4.355138778686523,13.220000267028809,13.34000015258789,12.960000038146973,13.1899995803833,105600
2014-05-02,4.417732238769531,13.40999984741211,13.470000267028809,13.25,13.279999732971191,44200
2014-05-05,4.411143779754639,13.390000343322754,13.430000305175781,13.3100004196167,13.329999923706055,55800
2014-05-06,4.3518452644348145,13.210000038146973,13.369999885559082,13.0,13.34000015258789,66600
2014-05-07,4.404553413391113,13.369999885559082,13.430000305175781,13.199999809265137,13.25,83600
2014-05-08,4.411143779754639,13.390000343322754,13.430000305175781,13.260000228881836,13.420000076293945,41700
2014-05-09,4.460559368133545,13.539999961853027,13.550000190734863,13.300000190734863,13.369999885559082,46900
2014-05-12,4.569273948669434,13.869999885559082,13.949999809265137,13.59000015258789,13.600000381469727,134100
2014-05-13,4.533033847808838,13.760000228881836,14.0,13.619999885559082,13.869999885559082,122700
2014-05-14,4.490208148956299,13.630000114440918,13.880000114440918,13.600000381469727,13.800000190734863,66300
2014-05-15,4.486913681030273,13.619999885559082,13.760000228881836,13.5600004196167,13.710000038146973,72100
2014-05-16,4.571634769439697,13.760000228881836,13.84000015258789,13.4399995803833,13.5,58600
2014-05-19,4.561666011810303,13.729999542236328,13.899999618530273,13.680000305175781,13.720000267028809,45500
2014-05-20,4.535085678100586,13.649999618530273,13.859999656677246,13.600000381469727,13.739999771118164,68700
2014-05-21,4.621471405029297,13.90999984741211,13.949999809265137,13.619999885559082,13.619999885559082,90200
2014-05-22,4.608182430267334,13.869999885559082,14.0,13.8100004196167,13.869999885559082,64500
2014-05-23,4.598215103149414,13.84000015258789,13.880000114440918,13.649999618530273,13.8100004196167,60600
2014-05-27,4.551701068878174,13.699999809265137,13.930000305175781,13.670000076293945,13.920000076293945,64000
2014-05-28,4.5649895668029785,13.739999771118164,13.819999694824219,13.640000343322754,13.699999809265137,53300
2014-05-29,4.5151543617248535,13.59000015258789,13.960000038146973,13.539999961853027,13.699999809265137,75600
2014-05-30,4.508509635925293,13.569999694824219,13.739999771118164,13.5,13.640000343322754,68600
2014-06-02,4.458674430847168,13.420000076293945,13.699999809265137,13.399999618530273,13.539999961853027,48800
2014-06-03,4.545055866241455,13.680000305175781,13.890000343322754,13.399999618530273,13.510000228881836,70300
2014-06-04,4.521801471710205,13.609999656677246,13.949999809265137,13.5,13.619999885559082,61200
2014-06-05,4.578281402587891,13.779999732971191,13.8100004196167,13.5,13.680000305175781,51300
2014-06-06,4.488575458526611,13.510000228881836,13.800000190734863,13.449999809265137,13.710000038146973,144500
2014-06-09,4.555023670196533,13.710000038146973,13.779999732971191,13.449999809265137,13.449999809265137,52900
2014-06-10,4.578281402587891,13.779999732971191,13.789999961853027,13.5600004196167,13.75,38000
2014-06-11,4.581601619720459,13.789999961853027,13.880000114440918,13.630000114440918,13.65999984741211,57900
2014-06-12,4.624792575836182,13.920000076293945,13.9399995803833,13.699999809265137,13.800000190734863,44900
2014-06-13,4.684595108032227,14.100000381469727,14.210000038146973,13.890000343322754,13.960000038146973,116600
2014-06-16,4.713068962097168,14.069999694824219,14.390000343322754,13.970000267028809,14.140000343322754,96300
2014-06-17,4.753265857696533,14.1899995803833,14.25,13.979999542236328,14.069999694824219,76100
2014-06-18,4.716416835784912,14.079999923706055,14.220000267028809,13.75,14.0600004196167,114800
2014-06-19,4.706371784210205,14.050000190734863,14.229999542236328,14.0,14.170000076293945,61400
2014-06-20,4.682920932769775,13.979999542236328,14.25,13.890000343322754,14.1899995803833,106200
2014-06-23,4.74991512298584,14.180000305175781,14.25,13.9399995803833,14.079999923706055,62400
2014-06-24,4.739868640899658,14.149999618530273,14.329999923706055,14.0600004196167,14.229999542236328,80300
2014-06-25,4.770012855529785,14.239999771118164,14.25,14.079999923706055,14.180000305175781,61700
2014-06-26,4.910702705383301,14.65999984741211,15.069999694824219,14.140000343322754,14.1899995803833,159900
2014-06-27,4.9877471923828125,14.890000343322754,14.9399995803833,14.470000267028809,14.739999771118164,1217200
2014-06-30,4.897305488586426,14.619999885559082,14.890000343322754,14.600000381469727,14.890000343322754,137300
2014-07-01,4.873857498168945,14.550000190734863,14.800000190734863,14.460000038146973,14.630000114440918,62300
2014-07-02,4.930800437927246,14.720000267028809,14.770000457763672,14.550000190734863,14.5600004196167,97100
2014-07-03,4.786767959594727,14.289999961853027,14.800000190734863,14.25,14.800000190734863,94600
2014-07-07,4.763315200805664,14.220000267028809,14.300000190734863,14.170000076293945,14.289999961853027,76900
2014-07-08,4.719768047332764,14.09000015258789,14.210000038146973,14.0600004196167,14.210000038146973,57400
2014-07-09,4.7733659744262695,14.25,14.329999923706055,14.109999656677246,14.15999984741211,42900
2014-07-10,4.756614685058594,14.199999809265137,14.279999732971191,14.0600004196167,14.1899995803833,36400
2014-07-11,4.766663074493408,14.229999542236328,14.279999732971191,14.199999809265137,14.199999809265137,40700
2014-07-14,4.796811580657959,14.319999694824219,14.600000381469727,14.270000457763672,14.300000190734863,70800
2014-07-15,4.853756904602051,14.489999771118164,14.489999771118164,14.329999923706055,14.329999923706055,48200
2014-07-16,4.8638081550598145,14.520000457763672,14.539999961853027,14.430000305175781,14.529999732971191,49700
2014-07-17,4.831729888916016,14.3100004196167,14.5,14.279999732971191,14.279999732971191,49400
2014-07-18,4.831729888916016,14.3100004196167,14.430000305175781,14.300000190734863,14.34000015258789,38600
2014-07-21,4.8182244300842285,14.270000457763672,14.40999984741211,14.25,14.300000190734863,28900
2014-07-22,4.7979655265808105,14.210000038146973,14.390000343322754,14.199999809265137,14.3100004196167,38200
2014-07-23,4.8013410568237305,14.220000267028809,14.3100004196167,14.180000305175781,14.180000305175781,20800
2014-07-24,4.7979655265808105,14.210000038146973,14.359999656677246,14.1899995803833,14.220000267028809,31200
2014-07-25,4.8756256103515625,14.4399995803833,14.5,14.180000305175781,14.25,33500
2014-07-28,4.79121208190918,14.1899995803833,14.4399995803833,14.010000228881836,14.239999771118164,124100
2014-07-29,4.804717063903809,14.229999542236328,14.300000190734863,14.170000076293945,14.170000076293945,39700
2014-07-30,4.7709550857543945,14.130000114440918,14.300000190734863,14.100000381469727,14.239999771118164,40800
2014-07-31,4.6527791023254395,13.779999732971191,14.109999656677246,13.75,14.09000015258789,113300
2014-08-01,4.615633964538574,13.670000076293945,13.920000076293945,13.630000114440918,13.859999656677246,56900
2014-08-04,4.558234691619873,13.5,13.890000343322754,13.5,13.75,70900
2014-08-05,4.355648994445801,12.899999618530273,13.569999694824219,12.899999618530273,13.5,127700
2014-08-06,4.592002868652344,13.600000381469727,13.680000305175781,12.949999809265137,13.15999984741211,98600
2014-08-07,4.598755359649658,13.619999885559082,13.739999771118164,13.5,13.619999885559082,32400
2014-08-08,4.598755359649658,13.619999885559082,13.770000457763672,13.59000015258789,13.6899995803833,25000
2014-08-11,4.7641987800598145,14.109999656677246,14.289999961853027,13.8100004196167,13.8100004196167,95900
2014-08-12,4.7709550857543945,14.130000114440918,14.300000190734863,14.100000381469727,14.170000076293945,64900
2014-08-13,4.8182244300842285,14.270000457763672,14.300000190734863,14.170000076293945,14.300000190734863,62000
2014-08-14,4.831729888916016,14.3100004196167,14.359999656677246,14.199999809265137,14.300000190734863,50800
2014-08-15,4.85385799407959,14.260000228881836,14.3100004196167,14.100000381469727,14.3100004196167,39600
2014-08-18,4.8300275802612305,14.1899995803833,14.289999961853027,14.100000381469727,14.289999961853027,40000
2014-08-19,4.833432674407959,14.199999809265137,14.289999961853027,14.100000381469727,14.260000228881836,25400
2014-08-20,4.860662937164307,14.279999732971191,14.300000190734863,14.149999618530273,14.199999809265137,19800
2014-08-21,4.847047328948975,14.239999771118164,14.329999923706055,14.100000381469727,14.289999961853027,57400
2014-08-22,4.857260704040527,14.270000457763672,14.350000381469727,14.119999885559082,14.210000038146973,17800
2014-08-25,4.881086349487305,14.34000015258789,14.359999656677246,14.25,14.270000457763672,34300
2014-08-26,4.870875835418701,14.3100004196167,14.399999618530273,14.3100004196167,14.319999694824219,22100
2014-08-27,4.85385799407959,14.260000228881836,14.390000343322754,14.25,14.300000190734863,26300
2014-08-28,4.840238571166992,14.220000267028809,14.329999923706055,14.170000076293945,14.25,28500
2014-08-29,4.833432674407959,14.199999809265137,14.300000190734863,14.170000076293945,14.229999542236328,29300
2014-09-02,4.847047328948975,14.239999771118164,14.350000381469727,14.180000305175781,14.180000305175781,33500
2014-09-03,4.85385799407959,14.260000228881836,14.399999618530273,14.239999771118164,14.239999771118164,33000
2014-09-04,4.850454330444336,14.25,14.399999618530273,14.25,14.399999618530273,22300
2014-09-05,4.864069938659668,14.289999961853027,14.350000381469727,14.210000038146973,14.270000457763672,13400
2014-09-08,4.9015092849731445,14.399999618530273,14.420000076293945,14.300000190734863,14.300000190734863,25800
2014-09-09,4.870875835418701,14.3100004196167,14.460000038146973,14.300000190734863,14.390000343322754,30000
2014-09-10,4.891295909881592,14.369999885559082,14.4399995803833,14.3100004196167,14.3100004196167,27300
2014-09-11,4.887890338897705,14.359999656677246,14.40999984741211,14.300000190734863,14.369999885559082,18400
2014-09-12,4.877682209014893,14.329999923706055,14.40999984741211,14.300000190734863,14.399999618530273,33400
2014-09-15,4.9015092849731445,14.399999618530273,14.470000267028809,14.329999923706055,14.390000343322754,97900
2014-09-16,4.892933368682861,14.260000228881836,14.390000343322754,14.199999809265137,14.270000457763672,49100
2014-09-17,4.896364212036133,14.270000457763672,14.40999984741211,14.25,14.300000190734863,30500
2014-09-18,4.8277387619018555,14.069999694824219,14.40999984741211,14.050000190734863,14.279999732971191,49300
2014-09-19,4.786561489105225,13.949999809265137,14.300000190734863,13.899999618530273,14.0600004196167,75000
2014-09-22,4.769406795501709,13.899999618530273,13.979999542236328,13.890000343322754,13.930000305175781,27800
2014-09-23,4.779698848724365,13.930000305175781,14.079999923706055,13.850000381469727,13.890000343322754,75200
2014-09-24,4.765976428985596,13.890000343322754,13.970000267028809,13.859999656677246,13.869999885559082,25900
2014-09-25,4.800286769866943,13.989999771118164,14.0,13.850000381469727,13.970000267028809,30200
2014-09-26,4.868912220001221,14.1899995803833,14.1899995803833,13.949999809265137,14.0,27300
2014-09-29,4.800286769866943,13.989999771118164,14.180000305175781,13.949999809265137,14.180000305175781,28600
2014-09-30,4.61843204498291,13.460000038146973,14.069999694824219,13.40999984741211,14.069999694824219,115400
2014-10-01,4.714507102966309,13.739999771118164,13.739999771118164,13.460000038146973,13.529999732971191,44300
2014-10-02,4.6836256980896,13.649999618530273,13.880000114440918,13.420000076293945,13.8100004196167,99300
2014-10-03,4.680194854736328,13.640000343322754,13.84000015258789,13.619999885559082,13.819999694824219,19700
2014-10-06,4.680194854736328,13.640000343322754,13.699999809265137,13.569999694824219,13.569999694824219,19800
2014-10-07,4.673333168029785,13.619999885559082,13.649999618530273,13.550000190734863,13.550000190734863,27300
2014-10-08,4.663039207458496,13.59000015258789,13.600000381469727,13.279999732971191,13.550000190734863,53800
2014-10-09,4.690489292144775,13.670000076293945,13.729999542236328,13.489999771118164,13.619999885559082,38600
2014-10-10,4.69735050201416,13.6899995803833,13.770000457763672,13.510000228881836,13.680000305175781,33900
2014-10-13,4.635589122772217,13.510000228881836,13.84000015258789,13.510000228881836,13.670000076293945,49000
2014-10-14,4.628726959228516,13.489999771118164,13.720000267028809,13.369999885559082,13.420000076293945,60500
2014-10-15,4.676763534545898,13.630000114440918,13.75,13.430000305175781,13.600000381469727,134900
2014-10-16,4.7996110916137695,13.869999885559082,13.869999885559082,13.3100004196167,13.539999961853027,51900
2014-10-17,4.761543273925781,13.760000228881836,14.069999694824219,13.720000267028809,14.010000228881836,37900
2014-10-20,4.775383472442627,13.800000190734863,13.8100004196167,13.630000114440918,13.699999809265137,26000
2014-10-21,4.823832035064697,13.9399995803833,13.960000038146973,13.710000038146973,13.800000190734863,34600
2014-10-22,4.816910743713379,13.920000076293945,13.960000038146973,13.850000381469727,13.899999618530273,25200
2014-10-23,4.79614782333374,13.859999656677246,13.930000305175781,13.729999542236328,13.930000305175781,47800
2014-10-24,4.809990406036377,13.899999618530273,13.970000267028809,13.789999961853027,13.84000015258789,23900
2014-10-27,4.7996110916137695,13.869999885559082,13.930000305175781,13.800000190734863,13.869999885559082,16300
2014-10-28,4.8272929191589355,13.949999809265137,14.050000190734863,13.890000343322754,13.949999809265137,20700
2014-10-29,4.875738143920898,14.09000015258789,14.109999656677246,13.880000114440918,13.880000114440918,21300
2014-10-30,4.896498203277588,14.149999618530273,14.25,14.039999961853027,14.039999961853027,18500
2014-10-31,4.875738143920898,14.09000015258789,14.289999961853027,14.050000190734863,14.289999961853027,25500
2014-11-03,4.931103706359863,14.25,14.289999961853027,14.0,14.0,42700
2014-11-04,4.893040657043457,14.140000343322754,14.279999732971191,14.079999923706055,14.279999732971191,27700
2014-11-05,4.893040657043457,14.140000343322754,14.149999618530273,14.0,14.0,16700
2014-11-06,4.893040657043457,14.140000343322754,14.199999809265137,14.100000381469727,14.149999618530273,17600
2014-11-07,4.9380292892456055,14.270000457763672,14.300000190734863,14.15999984741211,14.15999984741211,39400
2014-11-10,4.927642822265625,14.239999771118164,14.300000190734863,14.170000076293945,14.199999809265137,12100
2014-11-11,4.899959087371826,14.15999984741211,14.270000457763672,14.15999984741211,14.199999809265137,20500
2014-11-12,4.9380292892456055,14.270000457763672,14.5,14.15999984741211,14.15999984741211,39900
2014-11-13,4.934566974639893,14.260000228881836,14.359999656677246,14.199999809265137,14.300000190734863,18700
2014-11-14,4.931103706359863,14.25,14.289999961853027,14.180000305175781,14.279999732971191,29500
2014-11-17,4.908431053161621,14.069999694824219,14.380000114440918,14.0600004196167,14.270000457763672,41500
2014-11-18,4.9188947677612305,14.100000381469727,14.390000343322754,14.0600004196167,14.140000343322754,24300
2014-11-19,4.908431053161621,14.069999694824219,14.229999542236328,14.069999694824219,14.180000305175781,18900
2014-11-20,4.873542308807373,13.970000267028809,14.229999542236328,13.970000267028809,14.119999885559082,33400
2014-11-21,4.890987873077393,14.020000457763672,14.130000114440918,13.979999542236328,14.029999732971191,36900
2014-11-24,4.908431053161621,14.069999694824219,14.149999618530273,13.979999542236328,13.979999542236328,21200
2014-11-25,4.9293599128723145,14.130000114440918,14.229999542236328,14.069999694824219,14.140000343322754,23500
2014-11-26,4.890987873077393,14.020000457763672,14.25,14.020000457763672,14.069999694824219,28300
2014-11-28,4.901453018188477,14.050000190734863,14.15999984741211,13.930000305175781,14.069999694824219,14800
2014-12-01,4.877033233642578,13.979999542236328,14.079999923706055,13.960000038146973,14.050000190734863,23000
2014-12-02,4.890987873077393,14.020000457763672,14.079999923706055,13.970000267028809,13.970000267028809,12600
2014-12-03,4.890987873077393,14.020000457763672,14.109999656677246,13.960000038146973,13.970000267028809,33300
2014-12-04,4.904938697814941,14.0600004196167,14.140000343322754,13.960000038146973,13.960000038146973,24900
2014-12-05,4.9293599128723145,14.130000114440918,14.130000114440918,14.010000228881836,14.069999694824219,8900
2014-12-08,4.779352188110352,13.699999809265137,14.09000015258789,13.619999885559082,14.020000457763672,44400
2014-12-09,4.775862693786621,13.6899995803833,13.710000038146973,13.25,13.680000305175781,63000
2014-12-10,4.775862693786621,13.6899995803833,13.859999656677246,13.59000015258789,13.6899995803833,31000
2014-12-11,4.782841682434082,13.710000038146973,13.770000457763672,13.640000343322754,13.699999809265137,24300
2014-12-12,4.706089973449707,13.489999771118164,13.75,13.40999984741211,13.670000076293945,42100
2014-12-15,4.732481956481934,13.449999809265137,13.720000267028809,13.449999809265137,13.59000015258789,46700
2014-12-16,4.735998630523682,13.460000038146973,13.5,13.350000381469727,13.449999809265137,21400
2014-12-17,4.799336910247803,13.640000343322754,13.75,13.489999771118164,13.489999771118164,50200
2014-12-18,4.940075874328613,14.039999961853027,14.09000015258789,13.699999809265137,13.699999809265137,43800
2014-12-19,4.8345184326171875,13.739999771118164,14.119999885559082,13.739999771118164,13.920000076293945,49200
2014-12-22,4.897855281829834,13.920000076293945,13.970000267028809,13.710000038146973,13.739999771118164,35600
2014-12-23,4.922481536865234,13.989999771118164,14.0,13.760000228881836,13.84000015258789,27800
2014-12-24,4.897855281829834,13.920000076293945,14.029999732971191,13.800000190734863,13.880000114440918,11400
2014-12-26,4.894336223602295,13.90999984741211,14.069999694824219,13.880000114440918,13.920000076293945,20300
2014-12-29,4.922481536865234,13.989999771118164,14.050000190734863,13.899999618530273,13.899999618530273,43500
2014-12-30,4.957672119140625,14.09000015258789,14.100000381469727,13.899999618530273,13.899999618530273,29200
2014-12-31,4.922481536865234,13.989999771118164,14.140000343322754,13.90999984741211,14.0,51800
2015-01-02,4.841554641723633,13.760000228881836,14.0,13.710000038146973,13.930000305175781,40500
2015-01-05,4.9189629554748535,13.979999542236328,14.109999656677246,13.84000015258789,13.920000076293945,48100
2015-01-06,4.9189629554748535,13.979999542236328,14.039999961853027,13.8100004196167,13.979999542236328,31300
2015-01-07,4.940075874328613,14.039999961853027,14.09000015258789,13.949999809265137,13.970000267028809,27700
2015-01-08,4.947112083435059,14.0600004196167,14.119999885559082,14.020000457763672,14.069999694824219,20600
2015-01-09,4.9611897468566895,14.100000381469727,14.140000343322754,13.960000038146973,14.140000343322754,27800
2015-01-12,4.957672119140625,14.09000015258789,14.130000114440918,14.010000228881836,14.0600004196167,24100
2015-01-13,4.9611897468566895,14.100000381469727,14.140000343322754,14.069999694824219,14.100000381469727,25000
2015-01-14,4.95414924621582,14.079999923706055,14.079999923706055,13.899999618530273,14.050000190734863,21300
2015-01-15,4.828212261199951,13.609999656677246,14.0600004196167,13.569999694824219,14.0600004196167,76500
2015-01-16,4.860141277313232,13.699999809265137,13.739999771118164,13.600000381469727,13.670000076293945,29400
2015-01-20,4.860141277313232,13.699999809265137,13.699999809265137,13.630000114440918,13.699999809265137,23800
2015-01-21,4.856593132019043,13.6899995803833,13.699999809265137,13.600000381469727,13.609999656677246,38100
2015-01-22,4.874330997467041,13.739999771118164,13.800000190734863,13.619999885559082,13.630000114440918,29400
2015-01-23,4.884973049163818,13.770000457763672,13.800000190734863,13.680000305175781,13.739999771118164,12400
2015-01-26,4.931092739105225,13.899999618530273,13.930000305175781,13.699999809265137,13.699999809265137,12000
2015-01-27,4.892068862915039,13.789999961853027,13.90999984741211,13.710000038146973,13.800000190734863,12300
2015-01-28,4.89561653137207,13.800000190734863,13.859999656677246,13.699999809265137,13.859999656677246,14800
2015-01-29,4.913354396820068,13.850000381469727,13.859999656677246,13.710000038146973,13.760000228881836,15800
2015-01-30,4.874330997467041,13.739999771118164,13.8100004196167,13.699999809265137,13.8100004196167,17700
2015-02-02,4.867238521575928,13.720000267028809,13.829999923706055,13.649999618530273,13.75,22600
2015-02-03,4.934641361236572,13.90999984741211,13.90999984741211,13.720000267028809,13.720000267028809,24700
2015-02-04,4.884973049163818,13.770000457763672,13.920000076293945,13.75,13.869999885559082,16300
2015-02-05,4.870784759521484,13.729999542236328,13.890000343322754,13.720000267028809,13.760000228881836,25900
2015-02-06,4.984306335449219,14.050000190734863,14.100000381469727,13.770000457763672,13.859999656677246,43500
2015-02-09,4.959469795227051,13.979999542236328,14.050000190734863,13.84000015258789,14.050000190734863,25900
2015-02-10,4.987852096557617,14.0600004196167,14.069999694824219,13.899999618530273,14.050000190734863,27400
2015-02-11,4.970115661621094,14.010000228881836,14.100000381469727,13.949999809265137,14.010000228881836,21900
2015-02-12,4.987852096557617,14.0600004196167,14.119999885559082,14.010000228881836,14.119999885559082,23400
2015-02-13,5.044614791870117,14.220000267028809,14.25,14.09000015258789,14.140000343322754,38000
2015-02-17,5.039250373840332,14.09000015258789,14.220000267028809,14.010000228881836,14.100000381469727,23700
2015-02-18,5.017790794372559,14.029999732971191,14.100000381469727,13.989999771118164,14.039999961853027,13100
2015-02-19,5.039250373840332,14.09000015258789,14.199999809265137,13.989999771118164,13.989999771118164,15100
2015-02-20,5.017790794372559,14.029999732971191,14.119999885559082,13.920000076293945,14.09000015258789,33800
2015-02-23,5.024943828582764,14.050000190734863,14.069999694824219,14.029999732971191,14.029999732971191,21500
2015-02-24,5.049978256225586,14.119999885559082,14.1899995803833,14.069999694824219,14.170000076293945,18000
2015-02-25,5.032098293304443,14.069999694824219,14.170000076293945,14.050000190734863,14.170000076293945,14700
2015-02-26,5.032098293304443,14.069999694824219,14.109999656677246,14.0,14.09000015258789,21300
2015-02-27,5.0535569190979,14.130000114440918,14.1899995803833,14.050000190734863,14.0600004196167,23700
2015-03-02,5.071435928344727,14.180000305175781,14.210000038146973,14.050000190734863,14.119999885559082,27700
2015-03-03,5.04640531539917,14.109999656677246,14.180000305175781,13.920000076293945,14.069999694824219,23900
2015-03-04,5.049978256225586,14.119999885559082,14.180000305175781,14.020000457763672,14.020000457763672,15500
2015-03-05,5.04640531539917,14.109999656677246,14.199999809265137,14.050000190734863,14.050000190734863,27000
2015-03-06,5.035670757293701,14.079999923706055,14.180000305175781,14.020000457763672,14.109999656677246,21800
2015-03-09,5.042827129364014,14.100000381469727,14.1899995803833,14.020000457763672,14.039999961853027,24400
2015-03-10,5.057129859924316,14.140000343322754,14.1899995803833,14.069999694824219,14.079999923706055,16500
2015-03-11,5.007062911987305,14.0,14.119999885559082,13.09000015258789,14.119999885559082,115900
2015-03-12,5.075010776519775,14.1899995803833,14.25,14.0,14.25,50100
2015-03-13,5.1143574714660645,14.300000190734863,14.350000381469727,14.100000381469727,14.199999809265137,24500
2015-03-16,5.146542072296143,14.390000343322754,14.550000190734863,14.229999542236328,14.399999618530273,38700
2015-03-17,5.110777378082275,14.289999961853027,14.449999809265137,14.210000038146973,14.449999809265137,40500
2015-03-18,5.15584659576416,14.300000190734863,14.59000015258789,14.199999809265137,14.59000015258789,32500
2015-03-19,4.975574016571045,13.800000190734863,13.850000381469727,13.65999984741211,13.699999809265137,592200
2015-03-20,4.975574016571045,13.800000190734863,13.819999694824219,13.699999809265137,13.779999732971191,90600
2015-03-23,4.993600845336914,13.850000381469727,13.859999656677246,13.699999809265137,13.850000381469727,104500
2015-03-24,4.964757442474365,13.770000457763672,13.850000381469727,13.720000267028809,13.850000381469727,65300
2015-03-25,4.935910224914551,13.6899995803833,13.800000190734863,13.5,13.760000228881836,227300
2015-03-26,4.935910224914551,13.6899995803833,13.699999809265137,13.600000381469727,13.65999984741211,75800
2015-03-27,5.033260345458984,13.960000038146973,13.970000267028809,13.619999885559082,13.65999984741211,211700
2015-03-30,5.033260345458984,13.960000038146973,14.0600004196167,13.819999694824219,14.0,80000
2015-03-31,4.982782363891602,13.819999694824219,14.0,13.819999694824219,13.949999809265137,55500
2015-04-01,5.040473937988281,13.979999542236328,13.979999542236328,13.800000190734863,13.8100004196167,56600
2015-04-02,5.036866664886475,13.970000267028809,13.989999771118164,13.890000343322754,13.960000038146973,59200
2015-04-06,5.033260345458984,13.960000038146973,13.979999542236328,13.920000076293945,13.979999542236328,46800
2015-04-07,5.015235424041748,13.90999984741211,14.0,13.859999656677246,13.960000038146973,62100
2015-04-08,5.040473937988281,13.979999542236328,14.0,13.779999732971191,13.899999618530273,56800
2015-04-09,5.040473937988281,13.979999542236328,14.0,13.880000114440918,13.970000267028809,50800
2015-04-10,5.029657363891602,13.949999809265137,13.979999542236328,13.899999618530273,13.979999542236328,65500
2015-04-13,5.036866664886475,13.970000267028809,13.989999771118164,13.930000305175781,13.949999809265137,78300
2015-04-14,5.033260345458984,13.960000038146973,14.039999961853027,13.930000305175781,13.930000305175781,66900
2015-04-15,5.083736419677734,14.100000381469727,14.119999885559082,13.9399995803833,13.979999542236328,144700
2015-04-16,5.05283784866333,13.899999618530273,14.0,13.850000381469727,14.0,73100
2015-04-17,5.103731632232666,14.039999961853027,14.119999885559082,14.0,14.0,138100
2015-04-20,5.103731632232666,14.039999961853027,14.1899995803833,14.010000228881836,14.149999618530273,122000
2015-04-21,5.118270397186279,14.079999923706055,14.170000076293945,14.0600004196167,14.130000114440918,61400
2015-04-22,5.12917423248291,14.109999656677246,14.170000076293945,14.050000190734863,14.130000114440918,51000
2015-04-23,5.176433563232422,14.239999771118164,14.350000381469727,14.100000381469727,14.140000343322754,75500
2015-04-24,5.198244094848633,14.300000190734863,14.359999656677246,14.239999771118164,14.239999771118164,70300
2015-04-27,5.136446952819824,14.130000114440918,14.359999656677246,14.119999885559082,14.359999656677246,67400
2015-04-28,5.125542163848877,14.100000381469727,14.239999771118164,14.039999961853027,14.149999618530273,26100
2015-04-29,5.1110005378723145,14.0600004196167,14.100000381469727,14.010000228881836,14.09000015258789,58100
2015-04-30,5.136446952819824,14.130000114440918,14.170000076293945,14.020000457763672,14.100000381469727,42200
2015-05-01,5.161893367767334,14.199999809265137,14.3100004196167,14.130000114440918,14.199999809265137,46200
2015-05-04,5.180068016052246,14.25,14.329999923706055,14.210000038146973,14.210000038146973,67800
2015-05-05,5.165527820587158,14.210000038146973,14.390000343322754,14.210000038146973,14.329999923706055,81600
2015-05-06,5.161893367767334,14.199999809265137,14.359999656677246,14.149999618530273,14.15999984741211,67900
2015-05-07,5.125542163848877,14.100000381469727,14.289999961853027,14.069999694824219,14.170000076293945,41000
2015-05-08,5.089188098907471,14.0,14.199999809265137,14.0,14.079999923706055,56000
2015-05-11,5.0710129737854,13.949999809265137,14.199999809265137,13.90999984741211,14.0,50700
2015-05-12,5.147350788116455,14.15999984741211,14.1899995803833,13.920000076293945,13.979999542236328,64700
2015-05-13,5.103731632232666,14.039999961853027,14.350000381469727,14.039999961853027,14.300000190734863,91700
2015-05-14,5.125542163848877,14.100000381469727,14.199999809265137,14.0,14.010000228881836,46100
2015-05-15,5.132811069488525,14.119999885559082,14.239999771118164,14.0600004196167,14.239999771118164,92800
2015-05-18,5.174958229064941,14.119999885559082,14.119999885559082,13.90999984741211,14.109999656677246,60900
2015-05-19,5.138309955596924,14.020000457763672,14.149999618530273,14.0,14.119999885559082,117100
2015-05-20,5.222603797912598,14.25,14.289999961853027,14.050000190734863,14.100000381469727,57200
2015-05-21,5.207945346832275,14.210000038146973,14.369999885559082,14.100000381469727,14.289999961853027,100100
2015-05-22,5.19328498840332,14.170000076293945,14.180000305175781,14.100000381469727,14.140000343322754,34500
2015-05-26,5.200612545013428,14.1899995803833,14.220000267028809,14.100000381469727,14.15999984741211,49500
2015-05-27,5.262917995452881,14.359999656677246,14.390000343322754,14.119999885559082,14.119999885559082,43800
2015-05-28,5.226271152496338,14.260000228881836,14.369999885559082,14.100000381469727,14.369999885559082,66600
2015-05-29,5.171292781829834,14.109999656677246,14.270000457763672,14.100000381469727,14.270000457763672,51700
2015-06-01,5.185955047607422,14.149999618530273,14.210000038146973,14.100000381469727,14.1899995803833,39300
2015-06-02,5.200612545013428,14.1899995803833,14.1899995803833,14.140000343322754,14.180000305175781,24100
2015-06-03,5.233599662780762,14.279999732971191,14.350000381469727,14.130000114440918,14.25,42500
2015-06-04,5.068673133850098,13.829999923706055,14.119999885559082,13.600000381469727,14.039999961853027,211300
2015-06-05,5.002705097198486,13.649999618530273,14.0,13.600000381469727,13.819999694824219,75100
2015-06-08,4.947729587554932,13.5,13.649999618530273,13.5,13.579999923706055,99000
2015-06-09,4.951393127441406,13.510000228881836,13.550000190734863,13.479999542236328,13.5,33200
2015-06-10,4.958724021911621,13.529999732971191,13.630000114440918,13.479999542236328,13.5600004196167,43700
2015-06-11,4.929403781890869,13.449999809265137,13.59000015258789,13.359999656677246,13.5,53000
2015-06-12,4.911078929901123,13.399999618530273,13.550000190734863,13.369999885559082,13.390000343322754,31100
2015-06-15,4.922074794769287,13.430000305175781,13.6899995803833,13.319999694824219,13.5,53100
2015-06-16,4.8832621574401855,13.210000038146973,13.40999984741211,13.079999923706055,13.380000114440918,71000
2015-06-17,4.8536882400512695,13.130000114440918,13.369999885559082,13.109999656677246,13.199999809265137,53700
2015-06-18,4.84998893737793,13.119999885559082,13.289999961853027,12.970000267028809,13.140000343322754,53400
2015-06-19,4.805630207061768,13.0,13.25,12.920000076293945,13.050000190734863,37300
2015-06-22,4.761270046234131,12.880000114440918,13.09000015258789,12.850000381469727,13.020000457763672,77500
2015-06-23,4.731698989868164,12.800000190734863,12.970000267028809,12.789999961853027,12.859999656677246,53400
2015-06-24,4.694730281829834,12.699999809265137,12.9399995803833,12.609999656677246,12.789999961853027,53000
2015-06-25,4.687338352203369,12.680000305175781,12.880000114440918,12.619999885559082,12.65999984741211,42000
2015-06-26,4.724305629730225,12.779999732971191,12.8100004196167,12.609999656677246,12.640000343322754,60300
2015-06-29,4.642979621887207,12.5600004196167,12.739999771118164,12.5600004196167,12.5600004196167,54500
2015-06-30,4.687338352203369,12.680000305175781,12.710000038146973,12.5600004196167,12.600000381469727,81500
2015-07-01,4.535775184631348,12.270000457763672,12.670000076293945,11.8100004196167,12.630000114440918,316000
2015-07-02,4.6836395263671875,12.670000076293945,12.800000190734863,12.300000190734863,12.369999885559082,87700
2015-07-06,4.642979621887207,12.5600004196167,12.699999809265137,12.4399995803833,12.619999885559082,49700
2015-07-07,4.642979621887207,12.5600004196167,12.619999885559082,12.5,12.529999732971191,49400
2015-07-08,4.502509117126465,12.180000305175781,12.4399995803833,12.010000228881836,12.4399995803833,136100
2015-07-09,4.4766316413879395,12.109999656677246,12.300000190734863,12.010000228881836,12.199999809265137,64700
2015-07-10,4.5394744873046875,12.279999732971191,12.300000190734863,12.039999961853027,12.180000305175781,66700
2015-07-13,4.557955265045166,12.329999923706055,12.479999542236328,12.329999923706055,12.399999618530273,60400
2015-07-14,4.646674633026123,12.569999694824219,12.59000015258789,12.350000381469727,12.350000381469727,51000
2015-07-15,4.66146183013916,12.609999656677246,12.649999618530273,12.510000228881836,12.59000015258789,49100
2015-07-16,4.678252220153809,12.539999961853027,12.569999694824219,12.380000114440918,12.550000190734863,51900
2015-07-17,4.588711261749268,12.300000190734863,12.569999694824219,12.260000228881836,12.550000190734863,42000
2015-07-20,4.409643173217773,11.819999694824219,12.420000076293945,11.800000190734863,12.260000228881836,123600
2015-07-21,4.361143112182617,11.6899995803833,11.880000114440918,11.6899995803833,11.800000190734863,81100
2015-07-22,4.017921447753906,10.770000457763672,11.850000381469727,10.529999732971191,11.710000038146973,291500
2015-07-23,3.9768829345703125,10.65999984741211,10.699999809265137,10.039999961853027,10.609999656677246,281500
2015-07-24,3.861234664916992,10.350000381469727,10.649999618530273,10.300000190734863,10.649999618530273,82600
2015-07-27,3.8388514518737793,10.289999961853027,10.329999923706055,10.119999885559082,10.199999809265137,86600
2015-07-28,3.8276586532592773,10.260000228881836,10.630000114440918,10.069999694824219,10.229999542236328,251700
2015-07-29,3.8873512744903564,10.420000076293945,10.4399995803833,10.020000457763672,10.079999923706055,167200
2015-07-30,3.898540496826172,10.449999809265137,10.479999542236328,10.289999961853027,10.359999656677246,106000
2015-07-31,3.8873512744903564,10.420000076293945,10.5,10.34000015258789,10.399999618530273,77600
2015-08-03,3.883618116378784,10.40999984741211,10.449999809265137,10.25,10.380000114440918,86600
2015-08-04,3.9470412731170654,10.579999923706055,10.640000343322754,10.300000190734863,10.350000381469727,107100
2015-08-05,4.0664215087890625,10.899999618530273,11.170000076293945,10.59000015258789,10.600000381469727,140900
2015-08-06,4.058958530426025,10.880000114440918,11.119999885559082,10.75,10.90999984741211,70600
2015-08-07,4.073884010314941,10.920000076293945,11.0,10.859999656677246,10.859999656677246,34500
2015-08-10,4.148495674133301,11.119999885559082,11.270000457763672,10.880000114440918,10.970000267028809,66500
2015-08-11,4.062690258026123,10.890000343322754,11.260000228881836,10.760000228881836,11.069999694824219,62400
2015-08-12,4.12238073348999,11.050000190734863,11.15999984741211,10.760000228881836,10.760000228881836,67000
2015-08-13,4.088807106018066,10.960000038146973,11.1899995803833,10.930000305175781,11.0600004196167,40800
2015-08-14,4.152223587036133,11.130000114440918,11.239999771118164,10.9399995803833,11.0,78300
2015-08-17,4.263432025909424,11.3100004196167,11.350000381469727,10.979999542236328,11.0,48700
2015-08-18,4.161649703979492,11.039999961853027,11.279999732971191,11.0,11.279999732971191,56900
2015-08-19,4.1013360023498535,10.880000114440918,11.029999732971191,10.8100004196167,10.979999542236328,28600
2015-08-20,4.108875274658203,10.899999618530273,10.9399995803833,10.680000305175781,10.819999694824219,63800
2015-08-21,3.9920170307159424,10.59000015258789,10.800000190734863,10.5,10.789999961853027,77100
2015-08-24,3.9015488624572754,10.350000381469727,10.399999618530273,10.09000015258789,10.359999656677246,101900
2015-08-25,3.7922277450561523,10.0600004196167,10.520000457763672,9.760000228881836,10.470000267028809,322000
2015-08-26,3.788461446762085,10.050000190734863,10.210000038146973,9.960000038146973,10.210000038146973,66300
2015-08-27,3.8223869800567627,10.140000343322754,10.40999984741211,9.960000038146973,10.130000114440918,48400
2015-08-28,3.8940091133117676,10.329999923706055,10.479999542236328,10.100000381469727,10.100000381469727,41200
2015-08-31,3.9693996906280518,10.529999732971191,10.579999923706055,10.3100004196167,10.3100004196167,50800
2015-09-01,3.9166266918182373,10.390000343322754,10.539999961853027,10.369999885559082,10.420000076293945,29500
2015-09-02,3.924166440963745,10.40999984741211,10.5,10.300000190734863,10.489999771118164,15800
2015-09-03,3.8864681720733643,10.3100004196167,10.449999809265137,10.300000190734863,10.449999809265137,34400
2015-09-04,3.8751604557037354,10.279999732971191,10.369999885559082,10.199999809265137,10.289999961853027,30500
2015-09-08,3.890237331390381,10.319999694824219,10.539999961853027,10.279999732971191,10.420000076293945,28100
2015-09-09,3.867621421813965,10.260000228881836,10.399999618530273,10.25,10.399999618530273,31600
2015-09-10,3.848773241043091,10.210000038146973,10.289999961853027,10.119999885559082,10.149999618530273,48700
2015-09-11,3.8110766410827637,10.109999656677246,10.25,10.079999923706055,10.199999809265137,29200
2015-09-14,3.8110766410827637,10.109999656677246,10.180000305175781,10.109999656677246,10.109999656677246,55500
2015-09-15,3.8110766410827637,10.109999656677246,10.300000190734863,10.09000015258789,10.199999809265137,57300
2015-09-16,3.8358607292175293,10.0600004196167,10.149999618530273,9.960000038146973,10.069999694824219,45500
2015-09-17,3.7977335453033447,9.960000038146973,10.039999961853027,9.899999618530273,9.989999771118164,74800
2015-09-18,3.7596006393432617,9.859999656677246,10.140000343322754,9.850000381469727,9.869999885559082,101000
2015-09-21,3.774853229522705,9.899999618530273,9.960000038146973,9.869999885559082,9.869999885559082,42600
2015-09-22,3.7596006393432617,9.859999656677246,9.9399995803833,9.819999694824219,9.819999694824219,38500
2015-09-23,3.732909917831421,9.789999961853027,10.09000015258789,9.789999961853027,9.819999694824219,36700
2015-09-24,3.687155246734619,9.670000076293945,9.789999961853027,9.579999923706055,9.789999961853027,49700
2015-09-25,3.668090581893921,9.619999885559082,9.800000190734863,9.600000381469727,9.800000190734863,48500
2015-09-28,3.496506452560425,9.170000076293945,9.619999885559082,9.15999984741211,9.619999885559082,89300
2015-09-29,3.458376169204712,9.069999694824219,9.460000038146973,9.050000190734863,9.260000228881836,103600
2015-09-30,3.450748920440674,9.050000190734863,9.300000190734863,9.039999961853027,9.069999694824219,82000
2015-10-01,3.553701877593994,9.319999694824219,9.34000015258789,9.100000381469727,9.109999656677246,91100
2015-10-02,3.5994558334350586,9.4399995803833,9.470000267028809,9.25,9.25,25600
2015-10-05,3.6604652404785156,9.600000381469727,9.65999984741211,9.399999618530273,9.399999618530273,55000
2015-10-06,3.687155246734619,9.670000076293945,9.739999771118164,9.5,9.630000114440918,65900
2015-10-07,3.7939188480377197,9.949999809265137,9.970000267028809,9.649999618530273,9.729999542236328,48200
2015-10-08,3.805358648300171,9.979999542236328,10.050000190734863,9.8100004196167,9.949999809265137,49800
2015-10-09,3.816796064376831,10.010000228881836,10.020000457763672,9.949999809265137,10.020000457763672,38800
2015-10-12,3.824420213699341,10.029999732971191,10.029999732971191,9.970000267028809,10.029999732971191,39900
2015-10-13,3.805358648300171,9.979999542236328,10.010000228881836,9.970000267028809,9.979999542236328,29900
2015-10-14,3.816796064376831,10.010000228881836,10.050000190734863,9.899999618530273,9.949999809265137,45400
2015-10-15,3.812983274459839,10.0,10.09000015258789,9.949999809265137,10.09000015258789,66700
2015-10-16,3.834195613861084,9.9399995803833,10.0600004196167,9.899999618530273,9.949999809265137,35300
2015-10-19,3.8457696437835693,9.970000267028809,10.010000228881836,9.90999984741211,9.930000305175781,23500
2015-10-20,3.8303418159484863,9.930000305175781,10.010000228881836,9.920000076293945,9.9399995803833,19900
2015-10-21,3.757051706314087,9.739999771118164,9.920000076293945,9.739999771118164,9.90999984741211,44100
2015-10-22,3.8110544681549072,9.880000114440918,9.9399995803833,9.75,9.779999732971191,28100
2015-10-23,3.8380558490753174,9.949999809265137,10.010000228881836,9.899999618530273,9.90999984741211,37800
2015-10-26,3.799482822418213,9.850000381469727,9.979999542236328,9.850000381469727,9.90999984741211,30300
2015-10-27,3.760910749435425,9.75,9.84000015258789,9.720000267028809,9.8100004196167,34100
2015-10-28,3.757051706314087,9.739999771118164,9.899999618530273,9.699999809265137,9.84000015258789,29500
2015-10-29,3.7184793949127197,9.640000343322754,9.739999771118164,9.569999694824219,9.710000038146973,27300
2015-10-30,3.7647664546966553,9.760000228881836,9.84000015258789,9.470000267028809,9.6899995803833,95300
2015-11-02,3.807197332382202,9.869999885559082,9.930000305175781,9.609999656677246,9.75,62200
2015-11-03,3.884345054626465,10.069999694824219,10.15999984741211,9.880000114440918,9.880000114440918,44600
2015-11-04,4.046354293823242,10.489999771118164,10.579999923706055,10.109999656677246,10.140000343322754,106100
2015-11-05,4.15435791015625,10.770000457763672,10.850000381469727,10.470000267028809,10.470000267028809,91600
2015-11-06,4.15435791015625,10.770000457763672,10.90999984741211,10.539999961853027,10.609999656677246,59100
2015-11-09,4.189075469970703,10.859999656677246,10.9399995803833,10.75,10.75,71000
2015-11-10,4.304795265197754,11.15999984741211,11.489999771118164,10.859999656677246,11.029999732971191,165300
2015-11-11,4.420515537261963,11.460000038146973,11.680000305175781,11.199999809265137,11.25,98600
2015-11-12,4.366509914398193,11.319999694824219,11.569999694824219,11.25,11.420000076293945,44200
2015-11-13,4.389655590057373,11.380000114440918,11.479999542236328,11.260000228881836,11.399999618530273,58800
2015-11-16,4.6442389488220215,12.039999961853027,12.069999694824219,11.390000343322754,11.420000076293945,134700
2015-11-17,4.618927478790283,11.859999656677246,12.0600004196167,11.710000038146973,12.0,72000
2015-11-18,4.564404010772705,11.720000267028809,11.930000305175781,11.6899995803833,11.930000305175781,60400
2015-11-19,4.595561504364014,11.800000190734863,11.880000114440918,11.649999618530273,11.710000038146973,28100
2015-11-20,4.6539764404296875,11.949999809265137,12.010000228881836,11.789999961853027,11.789999961853027,57500
2015-11-23,4.689028263092041,12.039999961853027,12.130000114440918,11.949999809265137,12.0,96000
2015-11-24,4.700709819793701,12.069999694824219,12.199999809265137,12.0600004196167,12.079999923706055,55100
2015-11-25,4.724079132080078,12.130000114440918,12.229999542236328,12.010000228881836,12.079999923706055,67800
2015-11-27,4.724079132080078,12.130000114440918,12.25,12.069999694824219,12.220000267028809,25700
2015-11-30,4.735764503479004,12.15999984741211,12.25,12.109999656677246,12.199999809265137,100300
2015-12-01,4.821440696716309,12.380000114440918,12.4399995803833,12.1899995803833,12.270000457763672,78400
2015-12-02,4.83312463760376,12.40999984741211,12.4399995803833,12.220000267028809,12.34000015258789,65100
2015-12-03,4.724079132080078,12.130000114440918,12.550000190734863,11.949999809265137,12.5,114500
2015-12-04,4.661766052246094,11.970000267028809,12.220000267028809,11.8100004196167,12.220000267028809,73700
2015-12-07,4.642292499542236,11.920000076293945,12.029999732971191,11.649999618530273,12.029999732971191,77300
2015-12-08,4.517666816711426,11.600000381469727,11.890000343322754,11.510000228881836,11.75,87200
2015-12-09,4.517666816711426,11.600000381469727,11.819999694824219,11.5,11.5,70400
2015-12-10,4.6150336265563965,11.850000381469727,11.880000114440918,11.609999656677246,11.609999656677246,73800
2015-12-11,4.5020904541015625,11.5600004196167,11.850000381469727,11.449999809265137,11.789999961853027,97700
2015-12-14,4.404727935791016,11.3100004196167,11.75,11.1899995803833,11.569999694824219,149800
2015-12-15,4.381357669830322,11.25,11.510000228881836,10.979999542236328,11.210000038146973,158900
2015-12-16,4.6784348487854,11.890000343322754,11.899999618530273,11.170000076293945,11.279999732971191,116700
2015-12-17,4.552519798278809,11.569999694824219,11.850000381469727,11.529999732971191,11.819999694824219,78800
2015-12-18,4.454152584075928,11.319999694824219,11.699999809265137,11.319999694824219,11.510000228881836,50800
2015-12-21,4.422674655914307,11.239999771118164,11.34000015258789,11.020000457763672,11.300000190734863,84500
2015-12-22,4.4856276512146,11.399999618530273,11.579999923706055,11.260000228881836,11.390000343322754,73700
2015-12-23,4.611542701721191,11.720000267028809,11.869999885559082,11.40999984741211,11.5,97400
2015-12-24,4.62728214263916,11.760000228881836,11.800000190734863,11.619999885559082,11.800000190734863,29700
2015-12-28,4.84762716293335,12.319999694824219,12.34000015258789,11.4399995803833,11.760000228881836,151600
2015-12-29,4.6784348487854,11.890000343322754,12.350000381469727,11.710000038146973,12.279999732971191,138200
2015-12-30,4.658761024475098,11.84000015258789,12.069999694824219,11.729999542236328,11.960000038146973,46600
2015-12-31,4.615477561950684,11.729999542236328,11.84000015258789,11.729999542236328,11.770000457763672,73400
2016-01-04,4.662693023681641,11.850000381469727,11.899999618530273,11.510000228881836,11.529999732971191,56600
2016-01-05,4.705977916717529,11.960000038146973,12.050000190734863,11.720000267028809,11.949999809265137,43600
2016-01-06,4.72958517074585,12.020000457763672,12.039999961853027,11.90999984741211,12.020000457763672,30700
2016-01-07,4.635151386260986,11.779999732971191,12.010000228881836,11.75,11.930000305175781,45200
2016-01-08,4.654824733734131,11.829999923706055,12.109999656677246,11.800000190734863,11.84000015258789,54100
2016-01-11,4.517107009887695,11.479999542236328,11.930000305175781,11.359999656677246,11.930000305175781,80700
2016-01-12,4.4069342613220215,11.199999809265137,11.729999542236328,11.170000076293945,11.630000114440918,106300
2016-01-13,4.2101969718933105,10.699999809265137,11.420000076293945,10.630000114440918,11.319999694824219,144400
2016-01-14,4.080349445343018,10.369999885559082,10.640000343322754,10.029999732971191,10.640000343322754,139400
2016-01-15,3.9937849044799805,10.149999618530273,10.210000038146973,9.760000228881836,10.069999694824219,146300
2016-01-19,3.89627742767334,9.789999961853027,10.270000457763672,9.75,10.15999984741211,97500
2016-01-20,3.749023914337158,9.420000076293945,9.630000114440918,9.010000228881836,9.630000114440918,116400
2016-01-21,3.8564789295196533,9.6899995803833,10.34000015258789,9.489999771118164,9.510000228881836,120000
2016-01-22,4.0077128410339355,10.069999694824219,10.15999984741211,9.859999656677246,9.899999618530273,141700
2016-01-25,3.991795063018799,10.029999732971191,10.15999984741211,9.770000457763672,10.069999694824219,56400
2016-01-26,4.071393013000488,10.229999542236328,10.270000457763672,9.960000038146973,10.039999961853027,34800
2016-01-27,3.880361318588257,9.75,10.109999656677246,9.710000038146973,10.010000228881836,102200
2016-01-28,3.8922975063323975,9.779999732971191,9.880000114440918,9.649999618530273,9.869999885559082,24800
2016-01-29,4.027613639831543,10.119999885559082,10.270000457763672,9.90999984741211,9.989999771118164,64600
2016-02-01,4.059452056884766,10.199999809265137,10.260000228881836,10.039999961853027,10.09000015258789,36600
2016-02-02,3.9718940258026123,9.979999542236328,10.470000267028809,9.960000038146973,10.199999809265137,67200
2016-02-03,3.928114891052246,9.869999885559082,10.0,9.75,10.0,53900
2016-02-04,3.991795063018799,10.029999732971191,10.220000267028809,9.890000343322754,10.0,50500
2016-02-05,3.89627742767334,9.789999961853027,10.279999732971191,9.729999542236328,10.020000457763672,64200
2016-02-08,3.872400999069214,9.729999542236328,10.119999885559082,9.600000381469727,9.670000076293945,30500
2016-02-09,3.7928028106689453,9.529999732971191,9.8100004196167,9.510000228881836,9.649999618530273,42900
2016-02-10,3.9042389392852783,9.8100004196167,9.869999885559082,9.550000190734863,9.550000190734863,42900
2016-02-11,3.749023914337158,9.420000076293945,9.739999771118164,9.359999656677246,9.699999809265137,60600
2016-02-12,3.8326008319854736,9.630000114440918,9.869999885559082,9.449999809265137,9.489999771118164,55300
2016-02-16,3.9957759380340576,10.039999961853027,10.039999961853027,9.789999961853027,9.84000015258789,34800
2016-02-17,4.035572528839111,10.140000343322754,10.229999542236328,9.949999809265137,10.229999542236328,97000
2016-02-18,4.025506973266602,10.0,10.029999732971191,9.899999618530273,10.020000457763672,26100
2016-02-19,4.02953577041626,10.010000228881836,10.039999961853027,9.869999885559082,9.869999885559082,28600
2016-02-22,4.065764904022217,10.100000381469727,10.109999656677246,10.0,10.039999961853027,23200
2016-02-23,4.02953577041626,10.010000228881836,10.170000076293945,10.0,10.079999923706055,17900
2016-02-24,4.069789886474609,10.109999656677246,10.109999656677246,9.90999984741211,10.0,29600
2016-02-25,4.081864833831787,10.140000343322754,10.180000305175781,9.9399995803833,10.119999885559082,21900
2016-02-26,4.166403293609619,10.350000381469727,10.539999961853027,10.15999984741211,10.199999809265137,62000
2016-02-29,4.323398113250732,10.739999771118164,10.75,10.34000015258789,10.390000343322754,51700
2016-03-01,4.492466449737549,11.15999984741211,11.3100004196167,10.619999885559082,10.890000343322754,96300
2016-03-02,4.436113357543945,11.020000457763672,11.149999618530273,10.930000305175781,10.989999771118164,44200
2016-03-03,4.524674415588379,11.239999771118164,11.270000457763672,11.050000190734863,11.149999618530273,59500
2016-03-04,4.508571147918701,11.199999809265137,11.520000457763672,11.010000228881836,11.010000228881836,55400
2016-03-07,4.6937456130981445,11.65999984741211,11.739999771118164,11.180000305175781,11.180000305175781,56800
2016-03-08,4.572981357574463,11.359999656677246,11.65999984741211,11.25,11.65999984741211,41200
2016-03-09,4.661540985107422,11.579999923706055,11.710000038146973,11.329999923706055,11.329999923706055,98500
2016-03-10,4.758150577545166,11.819999694824219,11.960000038146973,11.699999809265137,11.75,109400
2016-03-11,4.7339982986450195,11.760000228881836,12.029999732971191,11.34000015258789,11.899999618530273,93900
2016-03-14,4.7903547286987305,11.899999618530273,12.15999984741211,11.6899995803833,11.6899995803833,76600
2016-03-15,4.750102519989014,11.800000190734863,11.899999618530273,11.600000381469727,11.899999618530273,59800
2016-03-16,4.703352451324463,11.569999694824219,11.670000076293945,11.390000343322754,11.670000076293945,61000
2016-03-17,4.748069763183594,11.680000305175781,11.829999923706055,11.4399995803833,11.470000267028809,32100
2016-03-18,4.646441459655762,11.430000305175781,11.710000038146973,11.40999984741211,11.710000038146973,46300
2016-03-21,4.699289321899414,11.5600004196167,11.569999694824219,11.399999618530273,11.430000305175781,46500
2016-03-22,4.687091827392578,11.529999732971191,11.5600004196167,11.460000038146973,11.460000038146973,18300
2016-03-23,4.626114368438721,11.380000114440918,11.670000076293945,11.329999923706055,11.569999694824219,32300
2016-03-24,4.5285539627075195,11.140000343322754,11.350000381469727,11.09000015258789,11.3100004196167,46000
2016-03-28,4.577334403991699,11.260000228881836,11.319999694824219,11.100000381469727,11.140000343322754,25500
2016-03-29,4.687091827392578,11.529999732971191,11.569999694824219,11.199999809265137,11.229999542236328,32000
2016-03-30,4.6057891845703125,11.329999923706055,11.65999984741211,11.220000267028809,11.600000381469727,33300
2016-03-31,4.719613075256348,11.609999656677246,11.619999885559082,11.3100004196167,11.430000305175781,60300
2016-04-01,4.780591011047363,11.760000228881836,11.789999961853027,11.510000228881836,11.609999656677246,48800
2016-04-04,4.760264873504639,11.710000038146973,11.899999618530273,11.600000381469727,11.680000305175781,40600
2016-04-05,4.707417964935303,11.579999923706055,11.75,11.569999694824219,11.569999694824219,29500
2016-04-06,4.7399396896362305,11.65999984741211,11.850000381469727,11.569999694824219,11.569999694824219,34400
2016-04-07,4.727743625640869,11.630000114440918,11.680000305175781,11.619999885559082,11.65999984741211,19200
2016-04-08,4.731807231903076,11.640000343322754,11.6899995803833,11.569999694824219,11.6899995803833,74800
2016-04-11,4.634242534637451,11.399999618530273,11.699999809265137,11.369999885559082,11.640000343322754,115300
2016-04-12,4.64237642288208,11.420000076293945,11.59000015258789,11.380000114440918,11.489999771118164,73600
2016-04-13,4.695224285125732,11.550000190734863,11.600000381469727,11.40999984741211,11.479999542236328,61200
2016-04-14,4.731807231903076,11.640000343322754,11.649999618530273,11.550000190734863,11.619999885559082,47700
2016-04-15,4.780591011047363,11.760000228881836,11.850000381469727,11.640000343322754,11.649999618530273,77000
2016-04-18,4.782643795013428,11.649999618530273,11.819999694824219,11.579999923706055,11.65999984741211,52800
2016-04-19,4.8031697273254395,11.699999809265137,11.75,11.65999984741211,11.65999984741211,41800
2016-04-20,4.831905364990234,11.770000457763672,11.84000015258789,11.59000015258789,11.75,52800
2016-04-21,4.811379909515381,11.720000267028809,11.880000114440918,11.720000267028809,11.770000457763672,17600
2016-04-22,4.84421968460083,11.800000190734863,11.869999885559082,11.760000228881836,11.800000190734863,12400
2016-04-25,4.790853023529053,11.670000076293945,11.800000190734863,11.600000381469727,11.770000457763672,35200
2016-04-26,4.766219615936279,11.609999656677246,11.699999809265137,11.520000457763672,11.699999809265137,41400
2016-04-27,4.758010387420654,11.59000015258789,11.699999809265137,11.520000457763672,11.619999885559082,34200
2016-04-28,4.74159049987793,11.550000190734863,11.619999885559082,11.489999771118164,11.600000381469727,43000
2016-04-29,4.696432590484619,11.4399995803833,11.539999961853027,11.25,11.520000457763672,60400
2016-05-02,4.680009841918945,11.399999618530273,11.479999542236328,11.229999542236328,11.470000267028809,53100
2016-05-03,4.675906658172607,11.390000343322754,11.460000038146973,11.100000381469727,11.359999656677246,53100
2016-05-04,4.794958114624023,11.680000305175781,11.720000267028809,11.449999809265137,11.630000114440918,59800
2016-05-05,4.667695045471191,11.369999885559082,11.630000114440918,11.1899995803833,11.600000381469727,67300
2016-05-06,4.6225361824035645,11.260000228881836,11.369999885559082,11.149999618530273,11.369999885559082,45800
2016-05-09,4.610220909118652,11.229999542236328,11.479999542236328,11.149999618530273,11.3100004196167,54900
2016-05-10,4.671799182891846,11.380000114440918,11.420000076293945,11.210000038146973,11.239999771118164,43100
2016-05-11,4.725167751312256,11.510000228881836,11.680000305175781,11.380000114440918,11.380000114440918,82100
2016-05-12,4.63895845413208,11.300000190734863,11.680000305175781,11.25,11.550000190734863,105100
2016-05-13,4.753906726837158,11.579999923706055,11.640000343322754,11.369999885559082,11.390000343322754,75600
2016-05-16,4.864748954772949,11.850000381469727,11.930000305175781,11.579999923706055,11.680000305175781,134000
2016-05-17,4.875113487243652,11.760000228881836,11.880000114440918,11.729999542236328,11.770000457763672,51400
2016-05-18,4.870965957641602,11.75,11.859999656677246,11.699999809265137,11.710000038146973,25600
2016-05-19,4.858530044555664,11.720000267028809,11.770000457763672,11.529999732971191,11.770000457763672,28900
2016-05-20,4.84609317779541,11.6899995803833,11.859999656677246,11.649999618530273,11.770000457763672,35500
2016-05-23,4.941441059112549,11.920000076293945,12.020000457763672,11.6899995803833,11.739999771118164,53900
2016-05-24,4.941441059112549,11.920000076293945,12.050000190734863,11.850000381469727,12.010000228881836,47800
2016-05-25,4.9787492752075195,12.010000228881836,12.039999961853027,11.930000305175781,12.0,41500
2016-05-26,4.999477386474609,12.0600004196167,12.079999923706055,11.970000267028809,12.010000228881836,47200
2016-05-27,4.974605560302734,12.0,12.199999809265137,11.970000267028809,12.130000114440918,42500
2016-05-31,4.974605560302734,12.0,12.069999694824219,11.960000038146973,12.039999961853027,42700
2016-06-01,5.020206928253174,12.109999656677246,12.15999984741211,12.0,12.0,42100
2016-06-02,5.03264045715332,12.140000343322754,12.199999809265137,12.039999961853027,12.039999961853027,42200
2016-06-03,4.982895851135254,12.020000457763672,12.1899995803833,12.0,12.109999656677246,51200
2016-06-06,5.045076370239258,12.170000076293945,12.170000076293945,12.0,12.039999961853027,74400
2016-06-07,4.982895851135254,12.020000457763672,12.130000114440918,11.949999809265137,12.130000114440918,109200
2016-06-08,4.933148384094238,11.899999618530273,12.100000381469727,11.8100004196167,12.0,95800
2016-06-09,4.962167263031006,11.970000267028809,12.0,11.800000190734863,11.899999618530273,97800
2016-06-10,4.933148384094238,11.899999618530273,12.0,11.819999694824219,11.960000038146973,62000
2016-06-13,4.916565895080566,11.859999656677246,11.970000267028809,11.710000038146973,11.829999923706055,66900
2016-06-14,4.937295436859131,11.90999984741211,11.90999984741211,11.6899995803833,11.899999618530273,55400
2016-06-15,4.9538750648498535,11.949999809265137,12.069999694824219,11.800000190734863,11.989999771118164,79500
2016-06-16,4.972712516784668,11.880000114440918,12.069999694824219,11.720000267028809,12.069999694824219,44400
2016-06-17,4.98527193069458,11.90999984741211,11.90999984741211,11.630000114440918,11.859999656677246,29900
2016-06-20,5.052242755889893,12.069999694824219,12.3100004196167,11.899999618530273,12.079999923706055,92400
2016-06-21,5.027127742767334,12.010000228881836,12.079999923706055,11.989999771118164,12.050000190734863,23800
2016-06-22,5.035499572753906,12.029999732971191,12.109999656677246,12.0,12.100000381469727,31600
2016-06-23,5.035499572753906,12.029999732971191,12.109999656677246,11.960000038146973,12.100000381469727,30500
2016-06-24,4.955970287322998,11.84000015258789,11.979999542236328,11.329999923706055,11.5,79300
2016-06-27,4.855508804321289,11.600000381469727,11.850000381469727,11.5,11.850000381469727,48700
2016-06-28,4.930854797363281,11.779999732971191,11.829999923706055,11.600000381469727,11.770000457763672,44200
2016-06-29,5.039683818817139,12.039999961853027,12.079999923706055,11.75,11.920000076293945,59200
2016-06-30,5.1066575050354,12.199999809265137,12.239999771118164,12.050000190734863,12.109999656677246,57900
2016-07-01,5.202930450439453,12.430000305175781,12.5,12.25,12.260000228881836,75400
2016-07-05,5.336875915527344,12.75,12.8100004196167,12.40999984741211,12.470000267028809,96400
2016-07-06,5.32850456237793,12.729999542236328,12.880000114440918,12.640000343322754,12.65999984741211,59800
2016-07-07,5.366176128387451,12.819999694824219,12.869999885559082,12.630000114440918,12.800000190734863,54200
2016-07-08,5.399661540985107,12.899999618530273,12.989999771118164,12.729999542236328,12.859999656677246,48700
2016-07-11,5.370361804962158,12.829999923706055,12.989999771118164,12.770000457763672,12.9399995803833,58600
2016-07-12,5.387105941772461,12.869999885559082,12.920000076293945,12.829999923706055,12.920000076293945,64500
2016-07-13,5.462448596954346,13.050000190734863,13.069999694824219,12.890000343322754,12.930000305175781,116000
2016-07-14,5.525236129760742,13.199999809265137,13.239999771118164,13.130000114440918,13.199999809265137,102900
2016-07-15,5.608952045440674,13.399999618530273,13.399999618530273,13.199999809265137,13.3100004196167,80300
2016-07-18,5.623730182647705,13.319999694824219,13.359999656677246,13.180000305175781,13.260000228881836,83900
2016-07-19,5.5435099601745605,13.130000114440918,13.359999656677246,13.130000114440918,13.229999542236328,65100
2016-07-20,5.551952838897705,13.149999618530273,13.25,13.100000381469727,13.239999771118164,38500
2016-07-21,5.437963008880615,12.880000114440918,13.170000076293945,12.850000381469727,13.100000381469727,86800
2016-07-22,5.480181694030762,12.979999542236328,13.010000228881836,12.899999618530273,12.920000076293945,37200
2016-07-25,5.67017126083374,13.430000305175781,13.649999618530273,13.149999618530273,13.369999885559082,374400
2016-07-26,5.695502281188965,13.489999771118164,13.619999885559082,13.449999809265137,13.510000228881836,155100
2016-07-27,5.699724197387695,13.5,13.5600004196167,13.489999771118164,13.5600004196167,134600
2016-07-28,5.737721920013428,13.59000015258789,13.680000305175781,13.550000190734863,13.550000190734863,86900
2016-07-29,5.813719272613525,13.770000457763672,13.770000457763672,13.600000381469727,13.649999618530273,119900
2016-08-01,5.822164535522461,13.789999961853027,13.899999618530273,13.649999618530273,13.800000190734863,129700
2016-08-02,5.805275917053223,13.75,13.920000076293945,13.720000267028809,13.880000114440918,114600
2016-08-03,5.784165382385254,13.699999809265137,13.949999809265137,13.600000381469727,13.609999656677246,127800
2016-08-04,5.623730182647705,13.319999694824219,13.680000305175781,13.109999656677246,13.600000381469727,234900
2016-08-05,5.699724197387695,13.5,13.510000228881836,13.25,13.359999656677246,85900
2016-08-08,5.784165382385254,13.699999809265137,13.800000190734863,13.420000076293945,13.5,116800
2016-08-09,5.784165382385254,13.699999809265137,13.789999961853027,13.65999984741211,13.710000038146973,96200
2016-08-10,5.792609691619873,13.720000267028809,13.739999771118164,13.680000305175781,13.699999809265137,35100
2016-08-11,5.788388252258301,13.710000038146973,13.789999961853027,13.680000305175781,13.789999961853027,82200
2016-08-12,5.805275917053223,13.75,13.800000190734863,13.720000267028809,13.779999732971191,79200
2016-08-15,5.851717472076416,13.859999656677246,13.859999656677246,13.720000267028809,13.800000190734863,118700
2016-08-16,5.847497463226318,13.850000381469727,13.930000305175781,13.819999694824219,13.890000343322754,119000
2016-08-17,5.734675407409668,13.470000267028809,13.880000114440918,13.399999618530273,13.800000190734863,116500
2016-08-18,5.828338623046875,13.6899995803833,13.789999961853027,13.399999618530273,13.529999732971191,75500
2016-08-19,5.832595348358154,13.699999809265137,13.779999732971191,13.670000076293945,13.75,51800
2016-08-22,5.84962272644043,13.739999771118164,13.779999732971191,13.670000076293945,13.770000457763672,46500
2016-08-23,5.86665678024292,13.779999732971191,13.789999961853027,13.699999809265137,13.779999732971191,59300
2016-08-24,5.802792072296143,13.630000114440918,13.720000267028809,13.399999618530273,13.529999732971191,103400
2016-08-25,5.713388919830322,13.420000076293945,13.800000190734863,13.380000114440918,13.6899995803833,123900
2016-08-26,5.696360111236572,13.380000114440918,13.5,13.289999961853027,13.399999618530273,75300
2016-08-29,5.7474470138549805,13.5,13.59000015258789,13.399999618530273,13.470000267028809,44900
2016-08-30,5.802792072296143,13.630000114440918,13.649999618530273,13.4399995803833,13.579999923706055,57100
2016-08-31,5.777249336242676,13.569999694824219,13.6899995803833,13.3100004196167,13.670000076293945,75000
2016-09-01,5.785763263702393,13.59000015258789,13.630000114440918,13.359999656677246,13.539999961853027,45500
2016-09-02,5.785763263702393,13.59000015258789,13.619999885559082,13.449999809265137,13.600000381469727,47700
2016-09-06,5.785763263702393,13.59000015258789,13.670000076293945,13.449999809265137,13.670000076293945,61000
2016-09-07,5.7985334396362305,13.619999885559082,13.680000305175781,13.470000267028809,13.649999618530273,57900
2016-09-08,5.815567970275879,13.65999984741211,13.710000038146973,13.569999694824219,13.619999885559082,51400
2016-09-09,5.726161956787109,13.449999809265137,13.6899995803833,13.430000305175781,13.6899995803833,55500
2016-09-12,5.6623005867004395,13.300000190734863,13.390000343322754,12.789999961853027,13.350000381469727,229200
2016-09-13,5.547350883483887,13.029999732971191,13.3100004196167,13.020000457763672,13.300000190734863,73900
2016-09-14,5.632498264312744,13.229999542236328,13.25,13.020000457763672,13.109999656677246,51500
2016-09-15,5.6665568351745605,13.3100004196167,13.329999923706055,13.100000381469727,13.319999694824219,75300
2016-09-16,5.664410591125488,13.1899995803833,13.229999542236328,12.979999542236328,13.1899995803833,67700
2016-09-19,5.72023868560791,13.319999694824219,13.380000114440918,13.199999809265137,13.270000457763672,72200
2016-09-20,5.810423374176025,13.529999732971191,13.699999809265137,13.369999885559082,13.420000076293945,58600
2016-09-21,5.87484073638916,13.680000305175781,13.6899995803833,13.479999542236328,13.539999961853027,30800
2016-09-22,5.8963117599487305,13.729999542236328,13.75,13.640000343322754,13.75,51300
2016-09-23,5.86625337600708,13.65999984741211,13.789999961853027,13.600000381469727,13.779999732971191,54500
2016-09-26,5.883429050445557,13.699999809265137,13.789999961853027,13.649999618530273,13.670000076293945,36300
2016-09-27,5.840483665466309,13.600000381469727,13.739999771118164,13.5,13.739999771118164,41200
2016-09-28,5.836189270019531,13.59000015258789,13.6899995803833,13.5600004196167,13.670000076293945,32200
2016-09-29,5.827600955963135,13.569999694824219,13.649999618530273,13.550000190734863,13.550000190734863,24600
2016-09-30,5.823304653167725,13.5600004196167,13.739999771118164,13.510000228881836,13.520000457763672,64500
2016-10-03,5.857662677764893,13.640000343322754,13.710000038146973,13.520000457763672,13.520000457763672,25400
2016-10-04,5.797537803649902,13.5,13.609999656677246,13.449999809265137,13.600000381469727,57000
2016-10-05,5.836189270019531,13.59000015258789,13.59000015258789,13.4399995803833,13.449999809265137,59700
2016-10-06,5.767477512359619,13.430000305175781,13.630000114440918,13.420000076293945,13.630000114440918,39300
2016-10-07,5.793243885040283,13.489999771118164,13.539999961853027,13.430000305175781,13.430000305175781,23100
2016-10-10,5.840483665466309,13.600000381469727,13.699999809265137,13.430000305175781,13.460000038146973,32900
2016-10-11,5.814718246459961,13.539999961853027,13.699999809265137,13.539999961853027,13.600000381469727,18400
2016-10-12,5.8963117599487305,13.729999542236328,13.75,13.600000381469727,13.600000381469727,42900
2016-10-13,5.9006028175354,13.739999771118164,13.75,13.569999694824219,13.710000038146973,38600
2016-10-14,5.853366851806641,13.630000114440918,13.75,13.609999656677246,13.699999809265137,38200
2016-10-17,5.840483665466309,13.600000381469727,13.729999542236328,13.5600004196167,13.680000305175781,74500
2016-10-18,5.85997200012207,13.529999732971191,13.609999656677246,13.479999542236328,13.5,36000
2016-10-19,5.8556413650512695,13.520000457763672,13.600000381469727,13.510000228881836,13.600000381469727,36200
2016-10-20,5.833986759185791,13.470000267028809,13.539999961853027,13.460000038146973,13.5,18100
2016-10-21,5.8513102531433105,13.510000228881836,13.520000457763672,13.430000305175781,13.449999809265137,46200
2016-10-24,5.890293121337891,13.600000381469727,13.649999618530273,13.479999542236328,13.619999885559082,36500
2016-10-25,5.885958671569824,13.59000015258789,13.680000305175781,13.529999732971191,13.59000015258789,29500
2016-10-26,5.85997200012207,13.529999732971191,13.699999809265137,13.329999923706055,13.550000190734863,62900
2016-10-27,5.734372138977051,13.239999771118164,13.579999923706055,13.210000038146973,13.579999923706055,51700
2016-10-28,5.600109577178955,12.930000305175781,13.3100004196167,12.899999618530273,13.3100004196167,121700
2016-10-31,5.587113380432129,12.899999618530273,13.010000228881836,12.899999618530273,12.930000305175781,63500
2016-11-01,5.158334255218506,11.90999984741211,12.979999542236328,11.779999732971191,12.970000267028809,254500
2016-11-02,4.564976692199707,10.539999961853027,11.5600004196167,9.899999618530273,10.989999771118164,557400
2016-11-03,4.257469177246094,9.829999923706055,10.539999961853027,9.8100004196167,10.5,289000
2016-11-04,4.33975887298584,10.020000457763672,10.25,9.640000343322754,9.640000343322754,108600
2016-11-07,4.547650337219238,10.5,10.579999923706055,10.039999961853027,10.039999961853027,156500
2016-11-08,4.673252582550049,10.789999961853027,10.899999618530273,10.510000228881836,10.510000228881836,106800
2016-11-09,4.62128210067749,10.670000076293945,11.039999961853027,10.350000381469727,10.350000381469727,139500
2016-11-10,4.738219261169434,10.9399995803833,11.020000457763672,10.670000076293945,10.75,102600
2016-11-11,4.7901930809021,11.0600004196167,11.170000076293945,10.930000305175781,10.930000305175781,64400
2016-11-14,4.738219261169434,10.9399995803833,11.149999618530273,10.899999618530273,11.050000190734863,115600
2016-11-15,4.846497058868408,11.1899995803833,11.210000038146973,10.930000305175781,10.979999542236328,79900
2016-11-16,4.752409934997559,10.859999656677246,11.140000343322754,10.84000015258789,11.119999885559082,87500
2016-11-17,4.730530261993408,10.8100004196167,11.0,10.8100004196167,10.960000038146973,61600
2016-11-18,4.7130279541015625,10.770000457763672,10.899999618530273,10.739999771118164,10.899999618530273,54500
2016-11-21,4.888070583343506,11.170000076293945,11.170000076293945,10.770000457763672,10.770000457763672,86700
2016-11-22,4.91432523727417,11.229999542236328,11.390000343322754,11.170000076293945,11.229999542236328,68500
2016-11-23,4.927454948425293,11.260000228881836,11.300000190734863,11.020000457763672,11.109999656677246,59300
2016-11-25,4.883695602416992,11.15999984741211,11.350000381469727,11.109999656677246,11.210000038146973,48000
2016-11-28,4.918702602386475,11.239999771118164,11.25,11.109999656677246,11.149999618530273,43600
2016-11-29,4.888070583343506,11.170000076293945,11.260000228881836,11.100000381469727,11.260000228881836,84700
2016-11-30,4.765540599822998,10.890000343322754,11.1899995803833,10.800000190734863,11.15999984741211,119200
2016-12-01,4.822430610656738,11.020000457763672,11.100000381469727,10.819999694824219,10.989999771118164,49900
2016-12-02,4.8443074226379395,11.069999694824219,11.180000305175781,10.979999542236328,11.020000457763672,52000
2016-12-05,4.822430610656738,11.020000457763672,11.170000076293945,10.819999694824219,11.170000076293945,84300
2016-12-06,4.936205863952637,11.279999732971191,11.3100004196167,10.989999771118164,10.989999771118164,90900
2016-12-07,4.949335098266602,11.3100004196167,11.390000343322754,11.170000076293945,11.170000076293945,59700
2016-12-08,5.010599613189697,11.449999809265137,11.449999809265137,11.239999771118164,11.300000190734863,68400
2016-12-09,5.054361820220947,11.550000190734863,11.609999656677246,11.449999809265137,11.529999732971191,70800
2016-12-12,5.041232109069824,11.520000457763672,11.640000343322754,11.399999618530273,11.5600004196167,83700
2016-12-13,4.91432523727417,11.229999542236328,11.569999694824219,11.1899995803833,11.550000190734863,132000
2016-12-14,4.853061199188232,11.09000015258789,11.229999542236328,11.079999923706055,11.130000114440918,77900
2016-12-15,4.888070583343506,11.170000076293945,11.199999809265137,11.140000343322754,11.180000305175781,74500
2016-12-16,4.91456413269043,11.130000114440918,11.170000076293945,10.920000076293945,11.050000190734863,78000
2016-12-19,4.746772289276123,10.75,11.1899995803833,10.680000305175781,11.1899995803833,180700
2016-12-20,4.73793888092041,10.729999542236328,11.130000114440918,10.699999809265137,10.760000228881836,136300
2016-12-21,4.724695205688477,10.699999809265137,10.800000190734863,10.670000076293945,10.6899995803833,55000
2016-12-22,4.6540422439575195,10.539999961853027,10.729999542236328,10.460000038146973,10.569999694824219,114000
2016-12-23,4.640795707702637,10.510000228881836,10.619999885559082,10.479999542236328,10.539999961853027,67000
2016-12-27,4.645211696624756,10.520000457763672,10.579999923706055,10.449999809265137,10.5,122000
2016-12-28,4.530405521392822,10.260000228881836,10.5600004196167,10.140000343322754,10.520000457763672,80000
2016-12-29,4.5701470375061035,10.350000381469727,10.449999809265137,10.279999732971191,10.300000190734863,67600
2016-12-30,4.649628639221191,10.529999732971191,10.529999732971191,10.300000190734863,10.300000190734863,100000
2017-01-03,4.662875175476074,10.5600004196167,10.739999771118164,10.460000038146973,10.529999732971191,123200
2017-01-04,4.918978214263916,11.140000343322754,11.170000076293945,10.579999923706055,10.649999618530273,160500
2017-01-05,4.879238128662109,11.050000190734863,11.130000114440918,11.020000457763672,11.130000114440918,69500
2017-01-06,4.896900653839111,11.09000015258789,11.140000343322754,11.0,11.050000190734863,59900
2017-01-09,4.918978214263916,11.140000343322754,11.1899995803833,11.050000190734863,11.079999923706055,59600
2017-01-10,4.963134765625,11.239999771118164,11.239999771118164,11.149999618530273,11.149999618530273,63400
2017-01-11,4.963134765625,11.239999771118164,11.25,11.149999618530273,11.239999771118164,65800
2017-01-12,4.963134765625,11.239999771118164,11.25,11.170000076293945,11.220000267028809,32000
2017-01-13,4.949889183044434,11.210000038146973,11.25,11.1899995803833,11.239999771118164,97500
2017-01-17,4.976622104644775,11.170000076293945,11.270000457763672,11.100000381469727,11.199999809265137,89800
2017-01-18,4.967709064483643,11.149999618530273,11.220000267028809,11.100000381469727,11.119999885559082,39700
2017-01-19,4.9276123046875,11.0600004196167,11.210000038146973,11.0,11.180000305175781,34600
2017-01-20,4.869691848754883,10.930000305175781,11.079999923706055,10.850000381469727,11.079999923706055,43700
2017-01-23,4.838502883911133,10.859999656677246,10.930000305175781,10.859999656677246,10.899999618530273,83900
2017-01-24,4.909788608551025,11.020000457763672,11.039999961853027,10.850000381469727,10.890000343322754,54500
2017-01-25,4.918701648712158,11.039999961853027,11.069999694824219,10.9399995803833,11.029999732971191,50600
2017-01-26,4.945434093475342,11.100000381469727,11.100000381469727,11.0,11.079999923706055,36900
2017-01-27,4.972164154052734,11.15999984741211,11.15999984741211,11.069999694824219,11.149999618530273,40200
2017-01-30,4.967709064483643,11.149999618530273,11.15999984741211,10.970000267028809,11.149999618530273,43700
2017-01-31,4.954342842102051,11.119999885559082,11.15999984741211,11.039999961853027,11.15999984741211,41800
2017-02-01,5.012263298034668,11.25,11.25,11.079999923706055,11.140000343322754,70700
2017-02-02,5.003352165222168,11.229999542236328,11.25,11.149999618530273,11.1899995803833,41600
2017-02-03,5.114734649658203,11.479999542236328,11.539999961853027,11.25,11.300000190734863,106700
2017-02-06,5.1414666175842285,11.539999961853027,11.59000015258789,11.350000381469727,11.420000076293945,61200
2017-02-07,5.186024188995361,11.640000343322754,11.649999618530273,11.529999732971191,11.59000015258789,34500
2017-02-08,5.186024188995361,11.640000343322754,11.6899995803833,11.579999923706055,11.649999618530273,51400
2017-02-09,5.150378704071045,11.5600004196167,11.65999984741211,11.5600004196167,11.640000343322754,35400
2017-02-10,5.186024188995361,11.640000343322754,11.65999984741211,11.5600004196167,11.5600004196167,45800
2017-02-13,5.199387550354004,11.670000076293945,11.699999809265137,11.5600004196167,11.6899995803833,68400
2017-02-14,5.199387550354004,11.670000076293945,11.75,11.619999885559082,11.619999885559082,61100
2017-02-15,5.1904754638671875,11.649999618530273,11.75,11.600000381469727,11.6899995803833,62700
2017-02-16,5.1904754638671875,11.649999618530273,11.720000267028809,11.600000381469727,11.670000076293945,115700
2017-02-17,5.190478801727295,11.550000190734863,11.670000076293945,11.5,11.5600004196167,56300
2017-02-21,5.132055282592773,11.420000076293945,11.550000190734863,11.359999656677246,11.520000457763672,121600
2017-02-22,5.118574619293213,11.390000343322754,11.399999618530273,11.319999694824219,11.399999618530273,52000
2017-02-23,5.141040802001953,11.4399995803833,11.489999771118164,11.380000114440918,11.4399995803833,48900
2017-02-24,5.194970607757568,11.5600004196167,11.59000015258789,11.420000076293945,11.420000076293945,48600
2017-02-27,5.141040802001953,11.4399995803833,11.609999656677246,11.40999984741211,11.609999656677246,51000
2017-02-28,5.12306547164917,11.399999618530273,11.529999732971191,11.260000228881836,11.420000076293945,60500
2017-03-01,5.033188819885254,11.199999809265137,11.5,11.199999809265137,11.40999984741211,102200
2017-03-02,5.064645767211914,11.270000457763672,11.350000381469727,11.15999984741211,11.15999984741211,61000
2017-03-03,5.078128814697266,11.300000190734863,11.300000190734863,11.199999809265137,11.279999732971191,52900
2017-03-06,5.064645767211914,11.270000457763672,11.300000190734863,11.149999618530273,11.270000457763672,44200
2017-03-07,5.0107197761535645,11.149999618530273,11.210000038146973,11.100000381469727,11.210000038146973,56500
2017-03-08,4.507400989532471,10.029999732971191,11.020000457763672,10.029999732971191,11.020000457763672,463800
2017-03-09,4.5568342208862305,10.140000343322754,10.350000381469727,10.069999694824219,10.1899995803833,168400
2017-03-10,4.642218589782715,10.329999923706055,10.40999984741211,10.149999618530273,10.149999618530273,86100
2017-03-13,4.7141218185424805,10.489999771118164,10.579999923706055,10.350000381469727,10.350000381469727,93500
2017-03-14,4.696146488189697,10.449999809265137,10.600000381469727,10.350000381469727,10.539999961853027,75300
2017-03-15,4.763554096221924,10.600000381469727,10.65999984741211,10.380000114440918,10.479999542236328,89900
2017-03-16,4.768093109130859,10.510000228881836,10.6899995803833,10.40999984741211,10.579999923706055,67400
2017-03-17,4.81345796585083,10.609999656677246,10.789999961853027,10.550000190734863,10.550000190734863,58100
2017-03-20,4.895116806030273,10.789999961853027,10.829999923706055,10.640000343322754,10.649999618530273,43200
2017-03-21,4.831606388092041,10.649999618530273,10.800000190734863,10.600000381469727,10.800000190734863,43200
2017-03-22,4.80438756942749,10.59000015258789,10.640000343322754,10.520000457763672,10.640000343322754,54100
2017-03-23,4.890581130981445,10.779999732971191,10.850000381469727,10.619999885559082,10.619999885559082,66600
2017-03-24,4.922340393066406,10.850000381469727,10.890000343322754,10.789999961853027,10.800000190734863,45000
2017-03-27,4.958632469177246,10.930000305175781,10.9399995803833,10.8100004196167,10.84000015258789,36100
2017-03-28,4.91780424118042,10.84000015258789,11.029999732971191,10.819999694824219,10.949999809265137,53100
2017-03-29,4.958632469177246,10.930000305175781,11.010000228881836,10.819999694824219,10.819999694824219,49500
2017-03-30,5.022148132324219,11.069999694824219,11.119999885559082,10.960000038146973,10.989999771118164,48400
2017-03-31,5.049366474151611,11.130000114440918,11.170000076293945,11.0,11.069999694824219,65300
2017-04-03,5.040293216705322,11.109999656677246,11.130000114440918,11.039999961853027,11.079999923706055,24700
2017-04-04,5.031219959259033,11.09000015258789,11.220000267028809,11.0600004196167,11.140000343322754,42700
2017-04-05,5.058441162109375,11.149999618530273,11.199999809265137,11.109999656677246,11.119999885559082,58100
2017-04-06,5.07658576965332,11.1899995803833,11.199999809265137,11.09000015258789,11.15999984741211,36600
2017-04-07,5.081122398376465,11.199999809265137,11.220000267028809,11.079999923706055,11.170000076293945,37400
2017-04-10,5.103808403015137,11.25,11.289999961853027,11.180000305175781,11.199999809265137,52200
2017-04-11,5.135565757751465,11.319999694824219,11.390000343322754,11.229999542236328,11.229999542236328,60300
2017-04-12,5.208150386810303,11.479999542236328,11.479999542236328,11.300000190734863,11.300000190734863,63700
2017-04-13,5.239909648895264,11.550000190734863,11.619999885559082,11.40999984741211,11.5,100800
2017-04-17,5.276203632354736,11.630000114440918,11.630000114440918,11.539999961853027,11.600000381469727,67300
2017-04-18,5.317032814025879,11.720000267028809,11.75,11.579999923706055,11.619999885559082,94400
2017-04-19,5.312460899353027,11.609999656677246,11.720000267028809,11.550000190734863,11.720000267028809,55900
2017-04-20,5.307879447937012,11.600000381469727,11.670000076293945,11.550000190734863,11.630000114440918,47400
2017-04-21,5.294154644012451,11.569999694824219,11.649999618530273,11.529999732971191,11.649999618530273,59800
2017-04-24,5.271276950836182,11.520000457763672,11.630000114440918,11.449999809265137,11.600000381469727,43600
2017-04-25,5.198062896728516,11.359999656677246,11.539999961853027,11.220000267028809,11.529999732971191,97200
2017-04-26,5.234672546386719,11.4399995803833,11.5,11.300000190734863,11.300000190734863,39900
2017-04-27,5.19348669052124,11.350000381469727,11.479999542236328,11.319999694824219,11.4399995803833,49400
2017-04-28,5.211792945861816,11.390000343322754,11.399999618530273,11.3100004196167,11.399999618530273,38400
2017-05-01,5.19348669052124,11.350000381469727,11.40999984741211,11.300000190734863,11.40999984741211,54400
2017-05-02,5.152308940887451,11.260000228881836,11.40999984741211,11.239999771118164,11.300000190734863,74600
2017-05-03,5.220941543579102,11.40999984741211,11.420000076293945,11.260000228881836,11.260000228881836,69300
2017-05-04,5.069941520690918,11.079999923706055,11.479999542236328,11.029999732971191,11.460000038146973,66200
2017-05-05,5.175188064575195,11.3100004196167,11.34000015258789,11.100000381469727,11.149999618530273,65600
2017-05-08,5.216366767883301,11.399999618530273,11.430000305175781,11.210000038146973,11.25,76400
2017-05-09,5.2300944328308105,11.430000305175781,11.5,11.399999618530273,11.449999809265137,45600
2017-05-10,5.2438225746154785,11.460000038146973,11.489999771118164,11.380000114440918,11.460000038146973,42100
2017-05-11,5.280428886413574,11.539999961853027,11.5600004196167,11.4399995803833,11.479999542236328,71000
2017-05-12,5.2438225746154785,11.460000038146973,11.579999923706055,11.449999809265137,11.539999961853027,35900
2017-05-15,5.2438225746154785,11.460000038146973,11.600000381469727,11.40999984741211,11.539999961853027,54300
2017-05-16,5.275852203369141,11.529999732971191,11.600000381469727,11.460000038146973,11.529999732971191,42100
2017-05-17,5.2435407638549805,11.359999656677246,11.460000038146973,11.239999771118164,11.369999885559082,32800
2017-05-18,5.178921222686768,11.220000267028809,11.420000076293945,11.180000305175781,11.420000076293945,49200
2017-05-19,5.19276762008667,11.25,11.300000190734863,11.180000305175781,11.300000190734863,38300
2017-05-22,5.151224613189697,11.15999984741211,11.319999694824219,11.100000381469727,11.239999771118164,45500
2017-05-23,5.095836162567139,11.039999961853027,11.220000267028809,11.0,11.210000038146973,64000
2017-05-24,5.141992568969727,11.140000343322754,11.140000343322754,11.020000457763672,11.09000015258789,22300
2017-05-25,5.137378692626953,11.130000114440918,11.180000305175781,11.050000190734863,11.100000381469727,30100
2017-05-26,5.118914604187012,11.09000015258789,11.140000343322754,11.0,11.09000015258789,29200
2017-05-30,5.091219425201416,11.029999732971191,11.149999618530273,11.010000228881836,11.149999618530273,23700
2017-05-31,5.077372074127197,11.0,11.100000381469727,11.0,11.050000190734863,51300
2017-06-01,5.128145694732666,11.109999656677246,11.119999885559082,10.930000305175781,11.0,57600
2017-06-02,5.137378692626953,11.130000114440918,11.180000305175781,11.069999694824219,11.140000343322754,35900
2017-06-05,5.165072917938232,11.1899995803833,11.220000267028809,11.079999923706055,11.09000015258789,33600
2017-06-06,5.178921222686768,11.220000267028809,11.229999542236328,11.109999656677246,11.229999542236328,41900
2017-06-07,5.155843257904053,11.170000076293945,11.25,11.149999618530273,11.25,26700
2017-06-08,5.146609306335449,11.149999618530273,11.229999542236328,11.149999618530273,11.1899995803833,16700
2017-06-09,5.160456657409668,11.180000305175781,11.220000267028809,11.140000343322754,11.199999809265137,31600
2017-06-12,5.1696882247924805,11.199999809265137,11.239999771118164,11.050000190734863,11.109999656677246,44900
2017-06-13,5.188150882720947,11.239999771118164,11.25,11.149999618530273,11.210000038146973,22600
2017-06-14,5.19276762008667,11.25,11.25,11.109999656677246,11.199999809265137,49600
2017-06-15,5.197383403778076,11.260000228881836,11.260000228881836,11.109999656677246,11.149999618530273,44300
2017-06-16,5.234640598297119,11.239999771118164,11.319999694824219,11.170000076293945,11.199999809265137,29600
2017-06-19,5.267243385314941,11.3100004196167,11.470000267028809,11.239999771118164,11.3100004196167,50400
2017-06-20,5.178754806518555,11.119999885559082,11.399999618530273,11.119999885559082,11.270000457763672,44200
2017-06-21,5.220668792724609,11.210000038146973,11.229999542236328,11.119999885559082,11.180000305175781,15800
2017-06-22,5.206697463989258,11.180000305175781,11.1899995803833,11.109999656677246,11.149999618530273,44500
2017-06-23,5.281212329864502,11.34000015258789,11.350000381469727,11.149999618530273,11.239999771118164,38100
2017-06-26,5.276554584503174,11.329999923706055,11.350000381469727,11.270000457763672,11.350000381469727,21100
2017-06-27,5.271895885467529,11.319999694824219,11.369999885559082,11.25,11.25,22200
2017-06-28,5.243956565856934,11.260000228881836,11.329999923706055,11.130000114440918,11.300000190734863,43400
2017-06-29,5.290526390075684,11.359999656677246,11.390000343322754,11.25,11.25,40500
2017-06-30,5.276554584503174,11.329999923706055,11.40999984741211,11.329999923706055,11.40999984741211,30100
2017-07-03,5.313812255859375,11.40999984741211,11.420000076293945,11.380000114440918,11.390000343322754,17300
2017-07-05,5.332442283630371,11.449999809265137,11.5,11.34000015258789,11.420000076293945,51300
2017-07-06,5.318469524383545,11.420000076293945,11.5,11.359999656677246,11.449999809265137,38000
2017-07-07,5.281212329864502,11.34000015258789,11.399999618530273,11.300000190734863,11.399999618530273,30700
2017-07-10,5.276554584503174,11.329999923706055,11.350000381469727,11.300000190734863,11.3100004196167,30300
2017-07-11,5.341754913330078,11.470000267028809,11.489999771118164,11.359999656677246,11.40999984741211,36300
2017-07-12,5.323125839233398,11.430000305175781,11.5,11.319999694824219,11.5,46900
2017-07-13,5.392982482910156,11.579999923706055,11.600000381469727,11.449999809265137,11.5,56900
2017-07-14,5.402297019958496,11.600000381469727,11.600000381469727,11.510000228881836,11.600000381469727,70100
2017-07-17,5.444211006164551,11.6899995803833,11.75,11.569999694824219,11.600000381469727,110700
2017-07-18,5.500580787658691,11.710000038146973,11.75,11.489999771118164,11.489999771118164,51300
2017-07-19,5.491184234619141,11.6899995803833,11.75,11.550000190734863,11.710000038146973,31100
2017-07-20,5.481794357299805,11.670000076293945,11.699999809265137,11.630000114440918,11.640000343322754,30600
2017-07-21,5.4864888191223145,11.680000305175781,11.6899995803833,11.569999694824219,11.569999694824219,26300
2017-07-24,5.463002681732178,11.630000114440918,11.739999771118164,11.550000190734863,11.729999542236328,38600
2017-07-25,5.4864888191223145,11.680000305175781,11.729999542236328,11.600000381469727,11.670000076293945,47400
2017-07-26,5.430119514465332,11.5600004196167,11.729999542236328,11.539999961853027,11.720000267028809,39100
2017-07-27,5.209345817565918,11.09000015258789,11.539999961853027,10.5600004196167,11.5,268200
2017-07-28,5.242225646972656,11.15999984741211,11.170000076293945,10.890000343322754,10.890000343322754,52600
2017-07-31,5.265714645385742,11.210000038146973,11.279999732971191,11.100000381469727,11.149999618530273,45100
2017-08-01,5.162372589111328,10.989999771118164,11.350000381469727,10.800000190734863,11.350000381469727,113400
2017-08-02,5.171768665313721,11.010000228881836,11.119999885559082,10.75,10.989999771118164,91400
2017-08-03,5.054333209991455,10.760000228881836,10.829999923706055,10.579999923706055,10.579999923706055,127600
2017-08-04,5.068423748016357,10.789999961853027,10.789999961853027,10.5,10.699999809265137,110100
2017-08-07,5.049635887145996,10.75,10.869999885559082,10.630000114440918,10.75,41600
2017-08-08,5.101306915283203,10.859999656677246,11.100000381469727,10.739999771118164,10.739999771118164,54900
2017-08-09,4.974480152130127,10.59000015258789,10.8100004196167,10.550000190734863,10.800000190734863,69100
2017-08-10,4.965084075927734,10.569999694824219,10.680000305175781,10.5,10.5600004196167,49700
2017-08-11,4.941598415374756,10.520000457763672,10.600000381469727,10.460000038146973,10.5,52700
2017-08-14,5.044939041137695,10.739999771118164,10.739999771118164,10.489999771118164,10.529999732971191,51300
2017-08-15,5.096608638763428,10.850000381469727,10.949999809265137,10.760000228881836,10.899999618530273,58900
2017-08-16,5.006530284881592,10.5600004196167,10.829999923706055,10.5,10.829999923706055,69000
2017-08-17,4.978084087371826,10.5,10.619999885559082,10.470000267028809,10.619999885559082,18400
2017-08-18,4.869040012359619,10.270000457763672,10.510000228881836,10.229999542236328,10.5,55800
2017-08-21,4.797924995422363,10.119999885559082,10.289999961853027,9.65999984741211,10.270000457763672,184900
2017-08-22,4.783700466156006,10.09000015258789,10.149999618530273,10.020000457763672,10.09000015258789,61300
2017-08-23,4.869040012359619,10.270000457763672,10.369999885559082,10.180000305175781,10.300000190734863,69500
2017-08-24,4.835852146148682,10.199999809265137,10.34000015258789,9.989999771118164,10.199999809265137,39200
2017-08-25,4.850078105926514,10.229999542236328,10.300000190734863,10.199999809265137,10.25,25500
2017-08-28,4.831112861633301,10.1899995803833,10.34000015258789,10.149999618530273,10.149999618530273,29200
2017-08-29,4.87852144241333,10.289999961853027,10.350000381469727,10.15999984741211,10.15999984741211,35700
2017-08-30,4.978084087371826,10.5,10.539999961853027,10.3100004196167,10.319999694824219,37700
2017-08-31,4.916450023651123,10.369999885559082,10.680000305175781,10.369999885559082,10.550000190734863,67000
2017-09-01,5.0160112380981445,10.579999923706055,10.680000305175781,10.399999618530273,10.420000076293945,28800
2017-09-05,5.0160112380981445,10.579999923706055,10.640000343322754,10.460000038146973,10.550000190734863,39200
2017-09-06,5.001791000366211,10.550000190734863,10.65999984741211,10.489999771118164,10.529999732971191,39000
2017-09-07,5.053940773010254,10.65999984741211,10.670000076293945,10.5,10.539999961853027,27700
2017-09-08,5.0112714767456055,10.569999694824219,10.699999809265137,10.5600004196167,10.65999984741211,48800
2017-09-11,4.992309093475342,10.529999732971191,10.600000381469727,10.5,10.569999694824219,35400
2017-09-12,5.025492191314697,10.600000381469727,10.619999885559082,10.510000228881836,10.510000228881836,22300
2017-09-13,5.096610069274902,10.75,10.760000228881836,10.539999961853027,10.550000190734863,63400
2017-09-14,5.101351737976074,10.760000228881836,10.800000190734863,10.720000267028809,10.720000267028809,23000
2017-09-15,5.125056743621826,10.8100004196167,10.949999809265137,10.680000305175781,10.710000038146973,54900
2017-09-18,5.134538650512695,10.829999923706055,10.899999618530273,10.699999809265137,10.899999618530273,44300
2017-09-19,5.215885162353516,10.899999618530273,10.949999809265137,10.720000267028809,10.75,31900
2017-09-20,5.22545862197876,10.920000076293945,10.949999809265137,10.819999694824219,10.899999618530273,53900
2017-09-21,5.23981237411499,10.949999809265137,10.970000267028809,10.819999694824219,10.890000343322754,78700
2017-09-22,5.268524169921875,11.010000228881836,11.09000015258789,10.90999984741211,10.989999771118164,35800
2017-09-25,5.244596481323242,10.960000038146973,11.0600004196167,10.90999984741211,11.020000457763672,41100
2017-09-26,5.254169464111328,10.979999542236328,11.039999961853027,10.8100004196167,10.970000267028809,30000
2017-09-27,5.28287935256958,11.039999961853027,11.0600004196167,10.90999984741211,11.029999732971191,41700
2017-09-28,5.29245138168335,11.0600004196167,11.069999694824219,10.949999809265137,11.0600004196167,38000
2017-09-29,5.31637716293335,11.109999656677246,11.119999885559082,11.050000190734863,11.050000190734863,40600
2017-10-02,5.397724628448486,11.279999732971191,11.279999732971191,11.109999656677246,11.149999618530273,59400
2017-10-03,5.340301990509033,11.15999984741211,11.350000381469727,11.130000114440918,11.279999732971191,57500
2017-10-04,5.3546576499938965,11.1899995803833,11.239999771118164,11.100000381469727,11.170000076293945,33400
2017-10-05,5.392941951751709,11.270000457763672,11.300000190734863,11.210000038146973,11.25,20500
2017-10-06,5.407296180725098,11.300000190734863,11.319999694824219,11.210000038146973,11.279999732971191,29200
2017-10-09,5.436005115509033,11.359999656677246,11.369999885559082,11.25,11.25,43400
2017-10-10,5.459930419921875,11.40999984741211,11.470000267028809,11.319999694824219,11.369999885559082,34300
2017-10-11,5.41208028793335,11.3100004196167,11.399999618530273,11.210000038146973,11.270000457763672,39400
2017-10-12,5.4455790519714355,11.380000114440918,11.399999618530273,11.289999961853027,11.300000190734863,24400
2017-10-13,5.479070663452148,11.449999809265137,11.470000267028809,11.380000114440918,11.40999984741211,84800
2017-10-16,5.502998352050781,11.5,11.550000190734863,11.4399995803833,11.449999809265137,56600
2017-10-17,5.407296180725098,11.300000190734863,11.489999771118164,11.279999732971191,11.489999771118164,122900
2017-10-18,5.373498439788818,11.130000114440918,11.300000190734863,11.119999885559082,11.220000267028809,65200
2017-10-19,5.315564155578613,11.010000228881836,11.399999618530273,10.949999809265137,11.140000343322754,41100
2017-10-20,5.228662014007568,10.829999923706055,11.0,10.8100004196167,10.989999771118164,64700
2017-10-23,5.233490467071533,10.84000015258789,10.989999771118164,10.800000190734863,10.829999923706055,31700
2017-10-24,5.2769389152526855,10.930000305175781,10.989999771118164,10.819999694824219,10.90999984741211,31500
2017-10-25,5.156244277954102,10.680000305175781,10.920000076293945,10.600000381469727,10.899999618530273,53000
2017-10-26,5.122445583343506,10.609999656677246,10.770000457763672,10.600000381469727,10.649999618530273,33800
2017-10-27,5.141756534576416,10.649999618530273,10.699999809265137,10.600000381469727,10.699999809265137,20600
2017-10-30,5.117620468139648,10.600000381469727,10.680000305175781,10.600000381469727,10.600000381469727,26100
2017-10-31,5.093480587005615,10.550000190734863,10.75,10.550000190734863,10.569999694824219,40900
2017-11-01,5.310737133026123,11.0,11.199999809265137,10.680000305175781,10.680000305175781,119000
2017-11-02,5.305906295776367,10.989999771118164,11.25,10.979999542236328,11.25,110000
2017-11-03,5.286599159240723,10.949999809265137,11.0,10.8100004196167,11.0,36600
2017-11-06,5.368671894073486,11.119999885559082,11.199999809265137,10.850000381469727,10.90999984741211,79300
2017-11-07,5.344532012939453,11.069999694824219,11.149999618530273,11.020000457763672,11.149999618530273,47300
2017-11-08,5.4314351081848145,11.25,11.25,11.0,11.100000381469727,46100
2017-11-09,5.330048084259033,11.039999961853027,11.229999542236328,11.020000457763672,11.170000076293945,43100
2017-11-10,5.325220584869385,11.029999732971191,11.229999542236328,11.0,11.100000381469727,53800
2017-11-13,5.426607608795166,11.239999771118164,11.25,11.010000228881836,11.010000228881836,71300
2017-11-14,5.441091060638428,11.270000457763672,11.300000190734863,11.09000015258789,11.239999771118164,43700
2017-11-15,5.407293319702148,11.199999809265137,11.289999961853027,11.050000190734863,11.289999961853027,42200
2017-11-16,5.3638434410095215,11.109999656677246,11.199999809265137,11.100000381469727,11.100000381469727,59400
2017-11-17,5.4564080238342285,11.199999809265137,11.199999809265137,11.029999732971191,11.029999732971191,38300
2017-11-20,5.451535224914551,11.1899995803833,11.289999961853027,11.029999732971191,11.199999809265137,45200
2017-11-21,5.407690525054932,11.100000381469727,11.25,11.079999923706055,11.180000305175781,28200
2017-11-22,5.383328437805176,11.050000190734863,11.180000305175781,11.050000190734863,11.100000381469727,25500
2017-11-24,5.422303676605225,11.130000114440918,11.1899995803833,11.050000190734863,11.069999694824219,14500
2017-11-27,5.373589038848877,11.029999732971191,11.149999618530273,11.029999732971191,11.149999618530273,27600
2017-11-28,5.373589038848877,11.029999732971191,11.119999885559082,10.850000381469727,11.119999885559082,64200
2017-11-29,5.34435510635376,10.970000267028809,11.069999694824219,10.800000190734863,11.069999694824219,35700
2017-11-30,5.276151657104492,10.829999923706055,11.09000015258789,10.75,10.960000038146973,58500
2017-12-01,5.203073501586914,10.680000305175781,10.729999542236328,10.550000190734863,10.699999809265137,105600
2017-12-04,5.246921539306641,10.770000457763672,10.800000190734863,10.59000015258789,10.720000267028809,57700
2017-12-05,5.207947731018066,10.6899995803833,10.779999732971191,10.600000381469727,10.699999809265137,55200
2017-12-06,5.23717737197876,10.75,10.800000190734863,10.630000114440918,10.710000038146973,40400
2017-12-07,5.256663799285889,10.789999961853027,10.890000343322754,10.630000114440918,10.6899995803833,54900
2017-12-08,5.329744338989258,10.9399995803833,10.949999809265137,10.800000190734863,10.84000015258789,69500
2017-12-11,5.305383682250977,10.890000343322754,10.989999771118164,10.819999694824219,10.989999771118164,45700
2017-12-12,5.290767192840576,10.859999656677246,10.979999542236328,10.75,10.859999656677246,58000
2017-12-13,5.358972072601318,11.0,11.069999694824219,10.770000457763672,10.8100004196167,60000
2017-12-14,5.373589038848877,11.029999732971191,11.079999923706055,10.850000381469727,11.0,37200
2017-12-15,5.368717193603516,11.020000457763672,11.09000015258789,10.920000076293945,11.029999732971191,55900
2017-12-18,5.441792964935303,11.170000076293945,11.289999961853027,11.039999961853027,11.09000015258789,95100
2017-12-19,5.456540584564209,11.100000381469727,11.270000457763672,11.039999961853027,11.039999961853027,27900
2017-12-20,5.525360584259033,11.239999771118164,11.25,11.020000457763672,11.170000076293945,59100
2017-12-21,5.481121063232422,11.149999618530273,11.25,11.140000343322754,11.239999771118164,29200
2017-12-22,5.481121063232422,11.149999618530273,11.220000267028809,11.020000457763672,11.130000114440918,33200
2017-12-26,5.446707725524902,11.079999923706055,11.220000267028809,11.0,11.170000076293945,48600
2017-12-27,5.50570011138916,11.199999809265137,11.199999809265137,11.050000190734863,11.079999923706055,40400
2017-12-28,5.490951061248779,11.170000076293945,11.25,11.100000381469727,11.170000076293945,83300
2017-12-29,5.515530109405518,11.220000267028809,11.300000190734863,11.149999618530273,11.15999984741211,84700
2018-01-02,5.618762493133545,11.430000305175781,11.449999809265137,11.1899995803833,11.300000190734863,140500
2018-01-03,5.594182014465332,11.380000114440918,11.8100004196167,11.319999694824219,11.8100004196167,90200
2018-01-04,5.559771537780762,11.3100004196167,11.380000114440918,11.170000076293945,11.350000381469727,76000
2018-01-05,5.618762493133545,11.430000305175781,11.5,11.270000457763672,11.3100004196167,72500
2018-01-08,5.7465715408325195,11.6899995803833,11.8100004196167,11.359999656677246,11.5,119100
2018-01-09,5.55485725402832,11.300000190734863,11.619999885559082,11.210000038146973,11.34000015258789,136700
2018-01-10,5.466373920440674,11.119999885559082,11.630000114440918,11.100000381469727,11.329999923706055,90500
2018-01-11,5.490951061248779,11.170000076293945,11.260000228881836,11.100000381469727,11.220000267028809,45900
2018-01-12,5.663002967834473,11.520000457763672,11.5600004196167,11.1899995803833,11.260000228881836,64700
2018-01-16,5.608928680419922,11.40999984741211,11.75,11.300000190734863,11.699999809265137,126000
2018-01-17,5.559771537780762,11.3100004196167,11.529999732971191,11.300000190734863,11.40999984741211,101000
2018-01-18,5.726909160614014,11.649999618530273,11.880000114440918,11.470000267028809,11.880000114440918,142000
2018-01-19,5.578157424926758,11.25,11.5,11.229999542236328,11.5,116100
2018-01-22,5.593031883239746,11.279999732971191,11.380000114440918,11.15999984741211,11.300000190734863,74600
2018-01-23,5.637658596038818,11.369999885559082,11.430000305175781,11.270000457763672,11.3100004196167,44300
2018-01-24,5.578157424926758,11.25,11.399999618530273,11.199999809265137,11.399999618530273,56700
2018-01-25,5.627739429473877,11.350000381469727,11.399999618530273,11.300000190734863,11.329999923706055,46200
2018-01-26,5.627739429473877,11.350000381469727,11.399999618530273,11.3100004196167,11.350000381469727,35900
2018-01-29,5.593031883239746,11.279999732971191,11.399999618530273,11.25,11.350000381469727,53300
2018-01-30,5.518657684326172,11.130000114440918,11.350000381469727,11.0,11.279999732971191,54000
2018-01-31,5.434366703033447,10.960000038146973,11.25,10.949999809265137,11.109999656677246,71800
2018-02-01,5.419491291046143,10.930000305175781,11.010000228881836,10.739999771118164,10.960000038146973,72200
2018-02-02,5.3401570320129395,10.770000457763672,10.9399995803833,10.75,10.859999656677246,68500
2018-02-05,5.131905555725098,10.350000381469727,10.75,10.300000190734863,10.739999771118164,153500
2018-02-06,5.359992504119873,10.8100004196167,10.880000114440918,10.399999618530273,10.399999618530273,71800
2018-02-07,5.419491291046143,10.930000305175781,11.15999984741211,10.8100004196167,10.859999656677246,45300
2018-02-08,5.335197448730469,10.760000228881836,11.15999984741211,10.6899995803833,10.989999771118164,30800
2018-02-09,5.3649492263793945,10.819999694824219,11.15999984741211,10.649999618530273,10.800000190734863,117400
2018-02-12,5.464117050170898,11.020000457763672,11.109999656677246,10.90999984741211,10.9399995803833,45100
2018-02-13,5.568241596221924,11.229999542236328,11.289999961853027,11.010000228881836,11.010000228881836,35100
2018-02-14,5.583118915557861,11.260000228881836,11.390000343322754,11.180000305175781,11.210000038146973,34100
2018-02-15,5.533532619476318,11.15999984741211,11.369999885559082,11.109999656677246,11.369999885559082,49700
2018-02-16,5.568241596221924,11.229999542236328,11.369999885559082,11.130000114440918,11.210000038146973,52300
2018-02-20,5.5232133865356445,11.039999961853027,11.199999809265137,10.890000343322754,11.199999809265137,39600
2018-02-21,5.348111152648926,10.6899995803833,11.010000228881836,10.399999618530273,11.0,39500
2018-02-22,5.333104610443115,10.65999984741211,10.880000114440918,10.609999656677246,10.770000457763672,28300
2018-02-23,5.373126983642578,10.739999771118164,10.760000228881836,10.59000015258789,10.649999618530273,34100
2018-02-26,5.293081283569336,10.579999923706055,10.930000305175781,10.520000457763672,10.760000228881836,101800
2018-02-27,5.278073310852051,10.550000190734863,10.630000114440918,10.5,10.520000457763672,41100
2018-02-28,5.188019275665283,10.369999885559082,10.789999961853027,10.350000381469727,10.59000015258789,65600
2018-03-01,5.283073902130127,10.5600004196167,10.600000381469727,10.350000381469727,10.380000114440918,40400
2018-03-02,5.293081283569336,10.579999923706055,10.600000381469727,10.350000381469727,10.5,32900
2018-03-05,5.293081283569336,10.579999923706055,10.65999984741211,10.420000076293945,10.489999771118164,27800
2018-03-06,5.258060455322266,10.510000228881836,10.65999984741211,10.449999809265137,10.550000190734863,43300
2018-03-07,5.1730122566223145,10.34000015258789,10.449999809265137,10.149999618530273,10.149999618530273,181300
2018-03-08,5.348111152648926,10.6899995803833,10.890000343322754,10.420000076293945,10.420000076293945,105900
2018-03-09,5.358119964599609,10.710000038146973,10.789999961853027,10.680000305175781,10.770000457763672,99200
2018-03-12,5.488193511962891,10.970000267028809,11.039999961853027,10.600000381469727,10.710000038146973,175200
2018-03-13,5.308090686798096,10.609999656677246,10.989999771118164,10.329999923706055,10.989999771118164,273500
2018-03-14,5.283073902130127,10.5600004196167,10.789999961853027,10.5,10.720000267028809,69500
2018-03-15,5.26806640625,10.529999732971191,10.630000114440918,10.40999984741211,10.600000381469727,78800
2018-03-16,5.3842363357543945,10.65999984741211,10.859999656677246,10.5,10.520000457763672,157000
2018-03-19,5.353930950164795,10.600000381469727,10.760000228881836,10.449999809265137,10.65999984741211,133700
2018-03-20,5.399388313293457,10.6899995803833,10.9399995803833,10.449999809265137,10.600000381469727,112900
2018-03-21,5.399388313293457,10.6899995803833,10.739999771118164,10.550000190734863,10.6899995803833,34400
2018-03-22,5.364031791687012,10.619999885559082,10.6899995803833,10.579999923706055,10.619999885559082,58700
2018-03-23,5.358982563018799,10.609999656677246,10.75,10.59000015258789,10.59000015258789,37400
2018-03-26,5.389287948608398,10.670000076293945,10.75,10.630000114440918,10.710000038146973,39100
2018-03-27,5.2377610206604,10.369999885559082,10.739999771118164,10.359999656677246,10.699999809265137,79300
2018-03-28,5.25796365737915,10.40999984741211,10.539999961853027,10.369999885559082,10.420000076293945,51700
2018-03-29,5.247861385345459,10.390000343322754,10.649999618530273,10.350000381469727,10.40999984741211,131800
2018-04-02,5.242810249328613,10.380000114440918,10.510000228881836,10.3100004196167,10.420000076293945,60100
2018-04-03,5.348880290985107,10.59000015258789,10.640000343322754,10.3100004196167,10.34000015258789,75700
2018-04-04,5.333726406097412,10.5600004196167,10.6899995803833,10.449999809265137,10.5,57100
2018-04-05,5.328678131103516,10.550000190734863,10.739999771118164,10.510000228881836,10.600000381469727,54500
2018-04-06,5.298370838165283,10.489999771118164,10.710000038146973,10.40999984741211,10.5,102200
2018-04-09,5.318573951721191,10.529999732971191,10.699999809265137,10.489999771118164,10.600000381469727,100500
2018-04-10,5.313525199890137,10.520000457763672,10.649999618530273,10.4399995803833,10.640000343322754,77900
2018-04-11,5.308473587036133,10.510000228881836,10.630000114440918,10.479999542236328,10.5,55200
2018-04-12,5.26806640625,10.430000305175781,10.640000343322754,10.319999694824219,10.5,159500
2018-04-13,5.273118019104004,10.4399995803833,10.600000381469727,10.289999961853027,10.460000038146973,75200
2018-04-16,5.288272857666016,10.470000267028809,10.529999732971191,10.350000381469727,10.5,105200
2018-04-17,5.313525199890137,10.520000457763672,10.569999694824219,10.40999984741211,10.569999694824219,75100
2018-04-18,5.298224925994873,10.390000343322754,10.529999732971191,10.350000381469727,10.489999771118164,93700
2018-04-19,5.303324222564697,10.399999618530273,10.489999771118164,10.350000381469727,10.390000343322754,45700
2018-04-20,5.288024425506592,10.369999885559082,10.420000076293945,10.350000381469727,10.350000381469727,28600
2018-04-23,5.252333641052246,10.300000190734863,10.390000343322754,10.270000457763672,10.369999885559082,45500
2018-04-24,5.272727966308594,10.34000015258789,10.350000381469727,10.270000457763672,10.329999923706055,54100
2018-04-25,5.216636657714844,10.229999542236328,10.350000381469727,10.199999809265137,10.289999961853027,103500
2018-04-26,5.186042785644531,10.170000076293945,10.289999961853027,10.149999618530273,10.25,70800
2018-04-27,5.22683572769165,10.25,10.270000457763672,10.15999984741211,10.15999984741211,46100
2018-04-30,5.242131233215332,10.279999732971191,10.329999923706055,10.25,10.25,56700
2018-05-01,5.282928943634033,10.359999656677246,10.369999885559082,10.199999809265137,10.369999885559082,56900
2018-05-02,5.129947662353516,10.0600004196167,10.300000190734863,10.039999961853027,10.300000190734863,102600
2018-05-03,5.109549522399902,10.020000457763672,10.130000114440918,9.979999542236328,10.100000381469727,118600
2018-05-04,5.0942511558532715,9.989999771118164,10.069999694824219,9.960000038146973,10.0,52200
2018-05-07,5.114650726318359,10.029999732971191,10.039999961853027,9.979999542236328,9.989999771118164,62400
2018-05-08,5.114650726318359,10.029999732971191,10.100000381469727,10.0,10.050000190734863,41900
2018-05-09,5.099352836608887,10.0,10.100000381469727,9.989999771118164,10.050000190734863,53900
2018-05-10,5.155444622039795,10.109999656677246,10.15999984741211,10.0,10.020000457763672,58500
2018-05-11,5.221736431121826,10.239999771118164,10.300000190734863,10.109999656677246,10.109999656677246,84900
2018-05-14,5.231935501098633,10.260000228881836,10.329999923706055,10.130000114440918,10.279999732971191,95500
2018-05-15,5.237034320831299,10.270000457763672,10.3100004196167,10.180000305175781,10.25,71400
2018-05-16,5.1906890869140625,10.079999923706055,10.210000038146973,10.050000190734863,10.1899995803833,98000
2018-05-17,5.1906890869140625,10.079999923706055,10.170000076293945,10.020000457763672,10.100000381469727,59400
2018-05-18,5.159791469573975,10.020000457763672,10.109999656677246,9.920000076293945,10.069999694824219,164900
2018-05-21,5.175241947174072,10.050000190734863,10.130000114440918,9.960000038146973,10.119999885559082,83300
2018-05-22,5.154643535614014,10.010000228881836,10.050000190734863,9.979999542236328,10.050000190734863,60900
2018-05-23,5.159791469573975,10.020000457763672,10.050000190734863,9.960000038146973,10.020000457763672,72600
2018-05-24,5.134043216705322,9.970000267028809,10.039999961853027,9.970000267028809,10.0,40500
2018-05-25,5.154643535614014,10.010000228881836,10.039999961853027,9.970000267028809,9.970000267028809,42700
2018-05-29,5.144344329833984,9.989999771118164,10.069999694824219,9.979999542236328,9.989999771118164,47900
2018-05-30,5.144344329833984,9.989999771118164,10.039999961853027,9.979999542236328,9.979999542236328,58100
2018-05-31,5.144344329833984,9.989999771118164,10.020000457763672,9.960000038146973,9.979999542236328,62200
2018-06-01,5.1855387687683105,10.069999694824219,10.069999694824219,10.0,10.029999732971191,42400
2018-06-04,5.180390357971191,10.0600004196167,10.109999656677246,9.979999542236328,10.100000381469727,71400
2018-06-05,5.175241947174072,10.050000190734863,10.079999923706055,9.970000267028809,10.020000457763672,68400
2018-06-06,5.211285591125488,10.119999885559082,10.180000305175781,9.979999542236328,9.979999542236328,94000
2018-06-07,5.262783527374268,10.220000267028809,10.430000305175781,10.119999885559082,10.119999885559082,121600
2018-06-08,5.252481460571289,10.199999809265137,10.260000228881836,10.119999885559082,10.199999809265137,49000
2018-06-11,5.283378601074219,10.260000228881836,10.289999961853027,10.180000305175781,10.199999809265137,75300
2018-06-12,5.3194260597229,10.329999923706055,10.359999656677246,10.229999542236328,10.229999542236328,55500
2018-06-13,5.309128284454346,10.3100004196167,10.380000114440918,10.260000228881836,10.260000228881836,46000
2018-06-14,5.370922088623047,10.430000305175781,10.449999809265137,10.270000457763672,10.270000457763672,87200
2018-06-15,5.406967639923096,10.5,10.529999732971191,10.369999885559082,10.430000305175781,111200
2018-06-18,5.344576358795166,10.279999732971191,10.5,10.25,10.5,134300
2018-06-19,5.266593933105469,10.130000114440918,10.4399995803833,10.100000381469727,10.279999732971191,104100
2018-06-20,5.230201244354248,10.0600004196167,10.25,10.020000457763672,10.239999771118164,100600
2018-06-21,5.256196975708008,10.109999656677246,10.180000305175781,10.039999961853027,10.109999656677246,54700
2018-06-22,5.266593933105469,10.130000114440918,10.170000076293945,10.100000381469727,10.149999618530273,40300
2018-06-25,5.245798110961914,10.09000015258789,10.170000076293945,10.050000190734863,10.130000114440918,79100
2018-06-26,5.245798110961914,10.09000015258789,10.149999618530273,10.029999732971191,10.119999885559082,47000
2018-06-27,5.224999904632568,10.050000190734863,10.199999809265137,10.050000190734863,10.069999694824219,49500
2018-06-28,5.209406852722168,10.020000457763672,10.25,10.0,10.25,59400
2018-06-29,5.240600109100342,10.079999923706055,10.1899995803833,10.0,10.0600004196167,126400
2018-07-02,5.344576358795166,10.279999732971191,10.300000190734863,10.100000381469727,10.100000381469727,106500
2018-07-03,5.391369819641113,10.369999885559082,10.380000114440918,10.279999732971191,10.279999732971191,67600
2018-07-05,5.469354152679443,10.520000457763672,10.520000457763672,10.369999885559082,10.369999885559082,90000
2018-07-06,5.474555969238281,10.529999732971191,10.640000343322754,10.4399995803833,10.479999542236328,94100
2018-07-09,5.474555969238281,10.529999732971191,10.609999656677246,10.449999809265137,10.569999694824219,116800
2018-07-10,5.464156150817871,10.510000228881836,10.619999885559082,10.40999984741211,10.600000381469727,69400
2018-07-11,5.469354152679443,10.520000457763672,10.59000015258789,10.5,10.569999694824219,73300
2018-07-12,5.406967639923096,10.399999618530273,10.489999771118164,10.300000190734863,10.300000190734863,97000
2018-07-13,5.417363166809082,10.420000076293945,10.470000267028809,10.369999885559082,10.390000343322754,113300
2018-07-16,5.443360328674316,10.470000267028809,10.600000381469727,10.420000076293945,10.449999809265137,141100
2018-07-17,5.4797539710998535,10.539999961853027,10.670000076293945,10.260000228881836,10.5,339400
2018-07-18,5.458758354187012,10.399999618530273,10.520000457763672,10.380000114440918,10.430000305175781,121500
2018-07-19,5.49025297164917,10.460000038146973,10.5,10.300000190734863,10.399999618530273,146600
2018-07-20,5.49025297164917,10.460000038146973,10.600000381469727,10.449999809265137,10.479999542236328,66300
2018-07-23,5.547989368438721,10.569999694824219,10.59000015258789,10.449999809265137,10.5,58600
2018-07-24,5.55848503112793,10.59000015258789,10.649999618530273,10.510000228881836,10.600000381469727,84800
2018-07-25,5.55848503112793,10.59000015258789,10.6899995803833,10.550000190734863,10.649999618530273,88500
2018-07-26,5.542740821838379,10.5600004196167,10.630000114440918,10.420000076293945,10.579999923706055,70800
2018-07-27,5.568981647491455,10.609999656677246,10.6899995803833,10.550000190734863,10.600000381469727,79900
2018-07-30,5.642467021942139,10.75,10.75,10.630000114440918,10.699999809265137,97100
2018-07-31,5.637219429016113,10.739999771118164,10.890000343322754,10.6899995803833,10.75,93300
2018-08-01,5.673962116241455,10.8100004196167,11.0,10.5,10.5,139100
2018-08-02,5.747443199157715,10.949999809265137,10.949999809265137,10.770000457763672,10.850000381469727,58400
2018-08-03,5.773684024810791,11.0,11.0,10.850000381469727,10.890000343322754,64400
2018-08-06,5.889158725738525,11.220000267028809,11.220000267028809,11.050000190734863,11.09000015258789,111400
2018-08-07,5.936402320861816,11.3100004196167,11.350000381469727,11.220000267028809,11.25,88000
2018-08-08,5.910155773162842,11.260000228881836,11.359999656677246,11.210000038146973,11.359999656677246,56700
2018-08-09,5.978391647338867,11.390000343322754,11.399999618530273,11.25,11.270000457763672,59200
2018-08-10,5.941648960113525,11.319999694824219,11.390000343322754,11.270000457763672,11.350000381469727,84500
2018-08-13,6.00463342666626,11.4399995803833,11.479999542236328,11.329999923706055,11.380000114440918,103000
2018-08-14,6.046626091003418,11.520000457763672,11.550000190734863,11.399999618530273,11.430000305175781,112400
2018-08-15,6.256577014923096,11.920000076293945,11.970000267028809,11.460000038146973,11.520000457763672,177800
2018-08-16,5.954864025115967,11.25,11.800000190734863,11.109999656677246,11.800000190734863,165200
2018-08-17,5.780187606811523,10.920000076293945,11.199999809265137,10.489999771118164,11.170000076293945,345300
2018-08-20,5.827826976776123,11.010000228881836,11.039999961853027,10.9399995803833,10.949999809265137,67700
2018-08-21,5.901932239532471,11.149999618530273,11.239999771118164,10.970000267028809,11.020000457763672,98400
2018-08-22,5.84370756149292,11.039999961853027,11.140000343322754,11.020000457763672,11.140000343322754,34900
2018-08-23,5.780187606811523,10.920000076293945,11.039999961853027,10.819999694824219,11.039999961853027,54500
2018-08-24,5.785479545593262,10.930000305175781,10.989999771118164,10.90999984741211,10.989999771118164,52300
2018-08-27,5.84370756149292,11.039999961853027,11.09000015258789,10.960000038146973,10.989999771118164,57300
2018-08-28,5.8489990234375,11.050000190734863,11.0600004196167,10.869999885559082,11.0600004196167,56200
2018-08-29,5.838415145874023,11.029999732971191,11.069999694824219,10.989999771118164,11.069999694824219,52900
2018-08-30,5.870172500610352,11.09000015258789,11.100000381469727,10.989999771118164,11.039999961853027,42900
2018-08-31,5.991916179656982,11.319999694824219,11.350000381469727,11.0,11.079999923706055,90100
2018-09-04,5.933689594268799,11.210000038146973,11.300000190734863,11.199999809265137,11.300000190734863,71500
2018-09-05,5.949569225311279,11.239999771118164,11.260000228881836,11.100000381469727,11.210000038146973,38600
2018-09-06,5.960155963897705,11.260000228881836,11.399999618530273,11.149999618530273,11.399999618530273,44700
2018-09-07,5.981329917907715,11.300000190734863,11.350000381469727,11.149999618530273,11.270000457763672,46100
2018-09-10,6.018381595611572,11.369999885559082,11.449999809265137,11.260000228881836,11.300000190734863,71100
2018-09-11,6.0342607498168945,11.399999618530273,11.420000076293945,11.350000381469727,11.420000076293945,23700
2018-09-12,6.081902027130127,11.489999771118164,11.5,11.380000114440918,11.399999618530273,69400
2018-09-13,6.177179336547852,11.670000076293945,11.779999732971191,11.40999984741211,11.5,138300
2018-09-14,6.171882629394531,11.65999984741211,11.670000076293945,11.5,11.670000076293945,92000
2018-09-17,6.097136974334717,11.420000076293945,11.630000114440918,11.350000381469727,11.479999542236328,100200
2018-09-18,5.963665008544922,11.170000076293945,11.489999771118164,11.170000076293945,11.449999809265137,98200
2018-09-19,5.867562294006348,10.989999771118164,11.239999771118164,10.949999809265137,11.119999885559082,108700
2018-09-20,5.995697975158691,11.229999542236328,11.350000381469727,11.0,11.069999694824219,67000
2018-09-21,6.022396087646484,11.279999732971191,11.390000343322754,11.199999809265137,11.220000267028809,40900
2018-09-24,6.107816219329834,11.4399995803833,11.5,11.289999961853027,11.289999961853027,65500
2018-09-25,6.107816219329834,11.4399995803833,11.619999885559082,11.420000076293945,11.4399995803833,122500
2018-09-26,6.129170894622803,11.479999542236328,11.529999732971191,11.449999809265137,11.5,34100
2018-09-27,6.155869007110596,11.529999732971191,11.569999694824219,11.449999809265137,11.479999542236328,32700
2018-09-28,6.091799736022949,11.40999984741211,11.5600004196167,11.399999618530273,11.529999732971191,47100
2018-10-01,6.129170894622803,11.479999542236328,11.539999961853027,11.399999618530273,11.399999618530273,50500
2018-10-02,6.16654634475708,11.550000190734863,11.579999923706055,11.479999542236328,11.479999542236328,33300
2018-10-03,6.246631622314453,11.699999809265137,11.729999542236328,11.510000228881836,11.529999732971191,55500
2018-10-04,6.161208629608154,11.539999961853027,11.670000076293945,11.479999542236328,11.670000076293945,49700
2018-10-05,6.16654634475708,11.550000190734863,11.59000015258789,11.479999542236328,11.520000457763672,50400
2018-10-08,6.1718831062316895,11.5600004196167,11.739999771118164,11.510000228881836,11.550000190734863,31700
2018-10-09,6.198580741882324,11.609999656677246,11.640000343322754,11.5,11.550000190734863,26400
2018-10-10,6.1451921463012695,11.510000228881836,11.6899995803833,11.489999771118164,11.600000381469727,78300
2018-10-11,6.134513854980469,11.489999771118164,11.550000190734863,11.359999656677246,11.399999618530273,83000
2018-10-12,6.209261894226074,11.630000114440918,11.680000305175781,11.520000457763672,11.550000190734863,73100
2018-10-15,6.289340972900391,11.779999732971191,11.84000015258789,11.539999961853027,11.609999656677246,112400
2018-10-16,6.385443210601807,11.960000038146973,11.970000267028809,11.760000228881836,11.84000015258789,153200
2018-10-17,6.288534164428711,11.680000305175781,11.800000190734863,11.520000457763672,11.800000190734863,79700
2018-10-18,6.1323981285095215,11.390000343322754,11.699999809265137,11.34000015258789,11.699999809265137,68100
2018-10-19,6.1700849533081055,11.460000038146973,11.470000267028809,11.1899995803833,11.390000343322754,72600
2018-10-22,6.073174476623535,11.279999732971191,11.369999885559082,11.15999984741211,11.199999809265137,114800
2018-10-23,5.771667957305908,10.720000267028809,11.149999618530273,10.350000381469727,11.109999656677246,271700
2018-10-24,5.513232231140137,10.239999771118164,10.670000076293945,10.229999542236328,10.539999961853027,163800
2018-10-25,5.427088737487793,10.079999923706055,10.5,10.050000190734863,10.25,221100
2018-10-26,5.507850170135498,10.229999542236328,10.229999542236328,10.050000190734863,10.069999694824219,85800
2018-10-29,5.615528106689453,10.430000305175781,10.5,10.25,10.25,61000
2018-10-30,5.583224773406982,10.369999885559082,10.600000381469727,10.350000381469727,10.40999984741211,37000
2018-10-31,5.890113830566406,10.9399995803833,11.010000228881836,10.470000267028809,10.470000267028809,143900
2018-11-01,6.051635265350342,11.239999771118164,11.350000381469727,11.0,11.029999732971191,100600
2018-11-02,6.094710350036621,11.319999694824219,11.399999618530273,11.109999656677246,11.239999771118164,50600
2018-11-05,6.369292259216309,11.829999923706055,11.970000267028809,11.329999923706055,11.369999885559082,339800
2018-11-06,6.293919086456299,11.6899995803833,11.859999656677246,11.510000228881836,11.859999656677246,101800
2018-11-07,6.347757816314697,11.789999961853027,11.829999923706055,11.640000343322754,11.75,83200
2018-11-08,6.331606388092041,11.760000228881836,11.890000343322754,11.65999984741211,11.75,79800
2018-11-09,6.369292259216309,11.829999923706055,11.890000343322754,11.760000228881836,11.760000228881836,51300
2018-11-12,6.380062580108643,11.850000381469727,11.869999885559082,11.630000114440918,11.84000015258789,81500
2018-11-13,6.417748928070068,11.920000076293945,11.949999809265137,11.850000381469727,11.850000381469727,96900
2018-11-14,6.380062580108643,11.850000381469727,11.970000267028809,11.8100004196167,11.920000076293945,66000
2018-11-15,6.455440521240234,11.989999771118164,12.100000381469727,11.819999694824219,11.819999694824219,121900
2018-11-16,6.308847427368164,11.619999885559082,11.859999656677246,11.399999618530273,11.859999656677246,102500
2018-11-19,6.1405415534973145,11.3100004196167,11.600000381469727,11.25,11.529999732971191,81800
2018-11-20,5.92879581451416,10.920000076293945,11.289999961853027,10.829999923706055,11.289999961853027,155400
2018-11-21,6.194831371307373,11.40999984741211,11.699999809265137,10.920000076293945,10.920000076293945,69300
2018-11-23,6.390285491943359,11.770000457763672,11.880000114440918,11.399999618530273,11.399999618530273,65900
2018-11-26,6.325133323669434,11.649999618530273,11.949999809265137,11.489999771118164,11.949999809265137,51100
2018-11-27,6.227406978607178,11.470000267028809,11.739999771118164,11.399999618530273,11.649999618530273,43500
2018-11-28,6.292561054229736,11.59000015258789,11.649999618530273,11.430000305175781,11.430000305175781,21800
2018-11-29,6.216547966003418,11.449999809265137,11.739999771118164,11.420000076293945,11.630000114440918,77500
2018-11-30,6.216547966003418,11.449999809265137,11.529999732971191,11.399999618530273,11.399999618530273,35100
2018-12-03,6.265412330627441,11.539999961853027,11.649999618530273,11.460000038146973,11.460000038146973,74000
2018-12-04,6.249126434326172,11.510000228881836,11.579999923706055,11.399999618530273,11.529999732971191,71400
2018-12-06,6.227406978607178,11.470000267028809,11.470000267028809,11.300000190734863,11.4399995803833,60200
2018-12-07,6.211117744445801,11.4399995803833,11.470000267028809,11.350000381469727,11.40999984741211,30000
2018-12-10,6.270841598510742,11.550000190734863,11.579999923706055,11.380000114440918,11.399999618530273,70800
2018-12-11,6.303418159484863,11.609999656677246,11.75,11.510000228881836,11.649999618530273,45400
2018-12-12,6.433719635009766,11.850000381469727,11.850000381469727,11.640000343322754,11.640000343322754,76900
2018-12-13,6.433719635009766,11.850000381469727,11.890000343322754,11.670000076293945,11.850000381469727,48200
2018-12-14,6.24369478225708,11.5,11.850000381469727,11.470000267028809,11.850000381469727,93300
2018-12-17,6.156064033508301,11.239999771118164,11.5,11.199999809265137,11.5,105700
2018-12-18,6.112248420715332,11.15999984741211,11.489999771118164,11.149999618530273,11.34000015258789,71100
2018-12-19,6.041049957275391,11.029999732971191,11.390000343322754,10.970000267028809,11.199999809265137,76100
2018-12-20,5.991755485534668,10.9399995803833,11.229999542236328,10.899999618530273,10.949999809265137,103300
2018-12-21,5.843878746032715,10.670000076293945,11.149999618530273,10.539999961853027,10.9399995803833,98300
2018-12-24,5.701479434967041,10.40999984741211,10.579999923706055,10.300000190734863,10.5,126100
2018-12-26,6.095820903778076,11.130000114440918,11.220000267028809,10.420000076293945,10.420000076293945,103200
2018-12-27,6.1834492683410645,11.289999961853027,11.3100004196167,10.550000190734863,10.920000076293945,57000
2018-12-28,6.194404602050781,11.3100004196167,11.359999656677246,11.180000305175781,11.359999656677246,45200
2018-12-31,6.161540985107422,11.25,11.5,11.199999809265137,11.3100004196167,121400
2019-01-02,6.243695259094238,11.399999618530273,11.399999618530273,11.149999618530273,11.149999618530273,38700
2019-01-03,6.271080493927002,11.449999809265137,11.460000038146973,11.34000015258789,11.369999885559082,38600
2019-01-04,6.052002906799316,11.050000190734863,11.5,11.0,11.5,181000
2019-01-07,6.298463344573975,11.5,11.5,11.140000343322754,11.140000343322754,90900
2019-01-08,6.298463344573975,11.5,11.600000381469727,11.420000076293945,11.5,67000
2019-01-09,6.271080493927002,11.449999809265137,11.640000343322754,11.4399995803833,11.5,57800
2019-01-10,6.408003330230713,11.699999809265137,11.75,11.430000305175781,11.430000305175781,57100
2019-01-11,6.418954849243164,11.720000267028809,11.800000190734863,11.649999618530273,11.649999618530273,55600
2019-01-14,6.506587028503418,11.880000114440918,11.899999618530273,11.680000305175781,11.75,110400
2019-01-15,6.51754093170166,11.899999618530273,11.960000038146973,11.729999542236328,11.850000381469727,96800
2019-01-16,6.5396342277526855,11.84000015258789,11.90999984741211,11.680000305175781,11.850000381469727,157600
2019-01-17,6.489925861358643,11.75,11.850000381469727,11.6899995803833,11.84000015258789,41100
2019-01-18,6.517541408538818,11.800000190734863,11.859999656677246,11.739999771118164,11.75,62800
2019-01-22,6.456787586212158,11.6899995803833,11.819999694824219,11.649999618530273,11.800000190734863,32800
2019-01-23,6.357367038726807,11.510000228881836,11.699999809265137,11.180000305175781,11.699999809265137,53200
2019-01-24,6.390503883361816,11.569999694824219,11.609999656677246,11.539999961853027,11.550000190734863,19900
2019-01-25,6.362887859344482,11.520000457763672,11.720000267028809,11.5,11.579999923706055,28500
2019-01-28,6.462306976318359,11.699999809265137,11.710000038146973,11.5,11.520000457763672,42600
2019-01-29,6.423645496368408,11.630000114440918,11.699999809265137,11.579999923706055,11.699999809265137,38000
2019-01-30,6.517541408538818,11.800000190734863,11.880000114440918,11.65999984741211,11.680000305175781,46100
2019-01-31,6.594869136810303,11.9399995803833,11.9399995803833,11.739999771118164,11.739999771118164,59900
2019-02-01,6.594869136810303,11.9399995803833,11.979999542236328,11.829999923706055,11.960000038146973,65100
2019-02-04,6.600391864776611,11.949999809265137,11.989999771118164,11.90999984741211,11.989999771118164,50700
2019-02-05,6.6445770263671875,12.029999732971191,12.039999961853027,11.930000305175781,11.9399995803833,52300
2019-02-06,6.755044460296631,12.229999542236328,12.239999771118164,11.989999771118164,12.0,96300
2019-02-07,6.677718162536621,12.09000015258789,12.34000015258789,12.0,12.25,55700
2019-02-08,6.755044460296631,12.229999542236328,12.229999542236328,12.029999732971191,12.029999732971191,33300
2019-02-11,6.738474369049072,12.199999809265137,12.25,12.010000228881836,12.229999542236328,62600
2019-02-12,6.749522686004639,12.220000267028809,12.289999961853027,12.100000381469727,12.199999809265137,61100
2019-02-13,6.848939895629883,12.399999618530273,12.4399995803833,12.239999771118164,12.239999771118164,69500
2019-02-14,6.893129825592041,12.479999542236328,12.59000015258789,12.369999885559082,12.399999618530273,94000
2019-02-15,7.02569055557251,12.720000267028809,12.75,12.390000343322754,12.489999771118164,168700
2019-02-19,7.047954559326172,12.65999984741211,12.84000015258789,12.5600004196167,12.720000267028809,104400
2019-02-20,6.9588823318481445,12.5,12.729999542236328,12.5,12.729999542236328,61800
2019-02-21,7.064657211303711,12.6899995803833,12.699999809265137,12.289999961853027,12.449999809265137,91500
2019-02-22,7.331879615783691,13.170000076293945,13.170000076293945,12.609999656677246,12.6899995803833,226300
2019-02-25,7.32631254196167,13.15999984741211,13.170000076293945,12.710000038146973,13.130000114440918,159800
2019-02-26,7.29847526550293,13.109999656677246,13.15999984741211,12.850000381469727,13.15999984741211,92700
2019-02-27,7.020122528076172,12.609999656677246,13.109999656677246,12.609999656677246,13.09000015258789,84800
2019-02-28,7.036824703216553,12.640000343322754,12.880000114440918,12.630000114440918,12.880000114440918,54900
2019-03-01,7.220536708831787,12.970000267028809,13.09000015258789,12.770000457763672,12.899999618530273,94000
2019-03-04,7.137028217315674,12.819999694824219,13.079999923706055,12.739999771118164,13.079999923706055,62200
2019-03-05,7.1537322998046875,12.850000381469727,12.899999618530273,12.640000343322754,12.819999694824219,83400
2019-03-06,7.27064323425293,13.0600004196167,13.079999923706055,12.65999984741211,12.850000381469727,69200
2019-03-07,7.242806434631348,13.010000228881836,13.220000267028809,12.880000114440918,13.029999732971191,59100
2019-03-08,7.242806434631348,13.010000228881836,13.020000457763672,12.859999656677246,12.9399995803833,81100
2019-03-11,7.46549129486084,13.40999984741211,13.4399995803833,13.010000228881836,13.010000228881836,175700
2019-03-12,7.426518440246582,13.34000015258789,13.479999542236328,13.180000305175781,13.479999542236328,48200
2019-03-13,7.43208646774292,13.350000381469727,13.479999542236328,13.279999732971191,13.350000381469727,58800
2019-03-14,7.376414775848389,13.25,13.460000038146973,13.199999809265137,13.430000305175781,80800
2019-03-15,7.137028217315674,12.819999694824219,13.270000457763672,12.640000343322754,13.25,264800
2019-03-18,6.968705654144287,12.420000076293945,12.75,12.25,12.75,152000
2019-03-19,6.755492210388184,12.039999961853027,12.470000267028809,12.0,12.430000305175781,207100
2019-03-20,6.878931522369385,12.260000228881836,12.399999618530273,11.989999771118164,12.0,107800
2019-03-21,7.019203186035156,12.510000228881836,12.600000381469727,12.239999771118164,12.239999771118164,83700
2019-03-22,6.519834518432617,11.619999885559082,11.899999618530273,11.5600004196167,11.760000228881836,992400
2019-03-25,6.665717601776123,11.880000114440918,11.979999542236328,11.640000343322754,11.699999809265137,306500
2019-03-26,6.688158988952637,11.920000076293945,11.970000267028809,11.819999694824219,11.970000267028809,275000
2019-03-27,6.70499324798584,11.949999809265137,11.989999771118164,11.649999618530273,11.949999809265137,177000
2019-03-28,6.69377326965332,11.930000305175781,11.989999771118164,11.800000190734863,11.989999771118164,161600
2019-03-29,6.615220546722412,11.789999961853027,11.869999885559082,11.640000343322754,11.850000381469727,333900
2019-04-01,6.676939964294434,11.899999618530273,11.949999809265137,11.710000038146973,11.890000343322754,183600
2019-04-02,6.676939964294434,11.899999618530273,11.970000267028809,11.800000190734863,11.800000190734863,96900
2019-04-03,6.64327335357666,11.84000015258789,11.979999542236328,11.8100004196167,11.949999809265137,94000
2019-04-04,6.671330451965332,11.890000343322754,11.949999809265137,11.84000015258789,11.899999618530273,77200
2019-04-05,6.688158988952637,11.920000076293945,11.960000038146973,11.850000381469727,11.960000038146973,117400
2019-04-08,6.699384689331055,11.9399995803833,11.949999809265137,11.869999885559082,11.920000076293945,114200
2019-04-09,6.671330451965332,11.890000343322754,11.989999771118164,11.869999885559082,11.90999984741211,122900
2019-04-10,6.727436542510986,11.989999771118164,12.0,11.890000343322754,11.949999809265137,124700
2019-04-11,6.744272232055664,12.020000457763672,12.069999694824219,11.920000076293945,11.920000076293945,109900
2019-04-12,6.744272232055664,12.020000457763672,12.069999694824219,11.970000267028809,12.0600004196167,99200
2019-04-15,6.761101245880127,12.050000190734863,12.119999885559082,12.020000457763672,12.050000190734863,158600
2019-04-16,6.727436542510986,11.989999771118164,12.079999923706055,11.970000267028809,12.079999923706055,133100
2019-04-17,6.676515579223633,11.800000190734863,11.899999618530273,11.75,11.899999618530273,147500
2019-04-18,6.693487167358398,11.829999923706055,11.989999771118164,11.760000228881836,11.8100004196167,120300
2019-04-22,6.699148178100586,11.84000015258789,11.920000076293945,11.760000228881836,11.920000076293945,151600
2019-04-23,6.676515579223633,11.800000190734863,11.890000343322754,11.760000228881836,11.850000381469727,103900
2019-04-24,6.670855522155762,11.789999961853027,11.850000381469727,11.770000457763672,11.84000015258789,65700
2019-04-25,6.721777439117432,11.880000114440918,11.880000114440918,11.699999809265137,11.819999694824219,92900
2019-04-26,6.699148178100586,11.84000015258789,11.890000343322754,11.699999809265137,11.890000343322754,80900
2019-04-29,6.721777439117432,11.880000114440918,11.890000343322754,11.850000381469727,11.880000114440918,56300
2019-04-30,6.710463047027588,11.859999656677246,11.890000343322754,11.770000457763672,11.890000343322754,72100
2019-05-01,6.636910915374756,11.729999542236328,11.84000015258789,11.65999984741211,11.829999923706055,141900
2019-05-02,6.6142778396606445,11.6899995803833,11.760000228881836,11.630000114440918,11.720000267028809,123000
2019-05-03,6.704803943634033,11.850000381469727,11.859999656677246,11.649999618530273,11.779999732971191,98800
2019-05-06,6.687831401824951,11.819999694824219,11.890000343322754,11.760000228881836,11.760000228881836,81700
2019-05-07,6.659540176391602,11.770000457763672,11.859999656677246,11.699999809265137,11.800000190734863,131800
2019-05-08,6.665197849273682,11.779999732971191,11.84000015258789,11.729999542236328,11.729999542236328,61300
2019-05-09,6.5859856605529785,11.640000343322754,11.800000190734863,11.609999656677246,11.729999542236328,98000
2019-05-10,6.602959156036377,11.670000076293945,11.75,11.619999885559082,11.630000114440918,61800
2019-05-13,6.5859856605529785,11.640000343322754,11.850000381469727,11.5,11.600000381469727,132000
2019-05-14,6.699148178100586,11.84000015258789,11.920000076293945,11.739999771118164,11.75,108100
2019-05-15,6.721777439117432,11.880000114440918,11.899999618530273,11.729999542236328,11.819999694824219,122200
2019-05-16,6.7046613693237305,11.75,11.859999656677246,11.729999542236328,11.789999961853027,65900
2019-05-17,6.721777439117432,11.779999732971191,11.850000381469727,11.710000038146973,11.710000038146973,72900
2019-05-20,6.687540531158447,11.720000267028809,11.789999961853027,11.609999656677246,11.760000228881836,61300
2019-05-21,6.687540531158447,11.720000267028809,11.760000228881836,11.6899995803833,11.729999542236328,49000
2019-05-22,6.6761322021484375,11.699999809265137,11.770000457763672,11.6899995803833,11.6899995803833,47600
2019-05-23,6.687540531158447,11.720000267028809,11.770000457763672,11.670000076293945,11.670000076293945,55800
2019-05-24,6.693248271942139,11.729999542236328,11.760000228881836,11.680000305175781,11.710000038146973,34900
2019-05-28,6.716071605682373,11.770000457763672,11.800000190734863,11.710000038146973,11.729999542236328,38600
2019-05-29,6.6647162437438965,11.680000305175781,11.75,11.600000381469727,11.75,79100
2019-05-30,6.727484703063965,11.789999961853027,11.789999961853027,11.600000381469727,11.699999809265137,43000
2019-05-31,6.630478858947754,11.619999885559082,11.75,11.5600004196167,11.699999809265137,76600
2019-06-03,6.687540531158447,11.720000267028809,11.739999771118164,11.619999885559082,11.619999885559082,44100
2019-06-04,6.6989545822143555,11.739999771118164,11.779999732971191,11.649999618530273,11.779999732971191,37700
2019-06-05,6.6761322021484375,11.699999809265137,11.75,11.65999984741211,11.680000305175781,52600
2019-06-06,6.693248271942139,11.729999542236328,11.779999732971191,11.649999618530273,11.699999809265137,36300
2019-06-07,6.710367202758789,11.760000228881836,11.819999694824219,11.739999771118164,11.75,54600
2019-06-10,6.670424461364746,11.6899995803833,11.779999732971191,11.65999984741211,11.760000228881836,51500
2019-06-11,6.6361870765686035,11.630000114440918,11.729999542236328,11.609999656677246,11.699999809265137,69700
2019-06-12,6.670424461364746,11.6899995803833,11.6899995803833,11.569999694824219,11.630000114440918,71600
2019-06-13,6.710367202758789,11.760000228881836,11.8100004196167,11.6899995803833,11.699999809265137,49500
2019-06-14,6.710367202758789,11.760000228881836,11.819999694824219,11.720000267028809,11.800000190734863,51400
2019-06-17,6.716071605682373,11.770000457763672,11.800000190734863,11.680000305175781,11.789999961853027,117600
2019-06-18,6.721828460693359,11.680000305175781,11.739999771118164,11.65999984741211,11.739999771118164,66200
2019-06-19,6.727581977844238,11.6899995803833,11.75,11.65999984741211,11.670000076293945,31000
2019-06-20,6.773621082305908,11.770000457763672,11.770000457763672,11.649999618530273,11.710000038146973,80100
2019-06-21,6.76211404800415,11.75,11.770000457763672,11.699999809265137,11.75,36100
2019-06-24,6.802395343780518,11.819999694824219,11.859999656677246,11.6899995803833,11.699999809265137,104700
2019-06-25,6.756358623504639,11.739999771118164,11.829999923706055,11.739999771118164,11.800000190734863,44200
2019-06-26,6.802395343780518,11.819999694824219,11.819999694824219,11.699999809265137,11.770000457763672,57600
2019-06-27,6.802395343780518,11.819999694824219,11.859999656677246,11.800000190734863,11.800000190734863,52100
2019-06-28,6.790889263153076,11.800000190734863,11.899999618530273,11.800000190734863,11.84000015258789,81600
2019-07-01,6.842682838439941,11.890000343322754,11.989999771118164,11.800000190734863,11.850000381469727,84200
2019-07-02,6.877212047576904,11.949999809265137,11.989999771118164,11.869999885559082,11.899999618530273,44000
2019-07-03,6.911743640899658,12.010000228881836,12.079999923706055,11.920000076293945,11.930000305175781,50500
2019-07-05,6.940515041351318,12.0600004196167,12.0600004196167,11.930000305175781,12.020000457763672,55300
2019-07-08,6.963538646697998,12.100000381469727,12.100000381469727,12.0,12.0600004196167,88400
2019-07-09,6.940515041351318,12.0600004196167,12.100000381469727,12.010000228881836,12.09000015258789,50300
2019-07-10,6.963538646697998,12.100000381469727,12.100000381469727,12.029999732971191,12.0600004196167,39200
2019-07-11,6.963538646697998,12.100000381469727,12.100000381469727,12.029999732971191,12.100000381469727,40100
2019-07-12,6.986557483673096,12.140000343322754,12.149999618530273,12.100000381469727,12.100000381469727,58200
2019-07-15,7.003820419311523,12.170000076293945,12.180000305175781,12.079999923706055,12.140000343322754,68300
2019-07-16,6.9980669021606445,12.15999984741211,12.220000267028809,12.140000343322754,12.1899995803833,122600
2019-07-17,6.99806547164917,12.0600004196167,12.119999885559082,12.020000457763672,12.069999694824219,80400
2019-07-18,6.9574503898620605,11.989999771118164,12.100000381469727,11.899999618530273,12.100000381469727,73000
2019-07-19,6.86460542678833,11.829999923706055,12.020000457763672,11.8100004196167,11.930000305175781,86100
2019-07-22,6.945842742919922,11.970000267028809,11.979999542236328,11.850000381469727,11.850000381469727,66800
2019-07-23,6.974860191345215,12.020000457763672,12.0600004196167,11.920000076293945,11.979999542236328,43800
2019-07-24,7.009671688079834,12.079999923706055,12.079999923706055,12.0,12.010000228881836,31000
2019-07-25,6.980660915374756,12.029999732971191,12.079999923706055,12.010000228881836,12.079999923706055,31300
2019-07-26,7.044488906860352,12.140000343322754,12.140000343322754,12.029999732971191,12.0600004196167,26800
2019-07-29,7.038688659667969,12.130000114440918,12.130000114440918,12.039999961853027,12.130000114440918,26500
2019-07-30,7.056094169616699,12.15999984741211,12.170000076293945,12.079999923706055,12.079999923706055,34100
2019-07-31,7.096712112426758,12.229999542236328,12.239999771118164,12.050000190734863,12.229999542236328,94100
2019-08-01,7.021279335021973,12.100000381469727,12.229999542236328,12.079999923706055,12.229999542236328,38100
2019-08-02,7.021279335021973,12.100000381469727,12.15999984741211,12.050000190734863,12.100000381469727,27400
2019-08-05,7.056094169616699,12.15999984741211,12.239999771118164,11.800000190734863,12.140000343322754,110000
2019-08-06,7.06189489364624,12.170000076293945,12.420000076293945,12.140000343322754,12.199999809265137,144500
2019-08-07,7.044488906860352,12.140000343322754,12.380000114440918,12.079999923706055,12.170000076293945,88300
2019-08-08,7.032884120941162,12.119999885559082,12.279999732971191,12.109999656677246,12.199999809265137,79800
2019-08-09,7.038688659667969,12.130000114440918,12.210000038146973,12.130000114440918,12.149999618530273,80500
2019-08-12,7.038688659667969,12.130000114440918,12.229999542236328,12.0,12.020000457763672,92900
2019-08-13,7.079306602478027,12.199999809265137,12.199999809265137,12.109999656677246,12.119999885559082,104100
2019-08-14,7.021279335021973,12.100000381469727,12.210000038146973,11.850000381469727,12.1899995803833,175400
2019-08-15,6.951645374298096,11.979999542236328,12.149999618530273,11.949999809265137,12.029999732971191,163200
2019-08-16,6.98675537109375,11.9399995803833,12.039999961853027,11.920000076293945,11.949999809265137,71000
2019-08-19,6.980904579162598,11.930000305175781,12.050000190734863,11.920000076293945,11.9399995803833,95700
2019-08-20,6.98675537109375,11.9399995803833,12.020000457763672,11.899999618530273,11.930000305175781,56900
2019-08-21,6.99260950088501,11.949999809265137,12.020000457763672,11.90999984741211,11.90999984741211,88800
2019-08-22,7.016013145446777,11.989999771118164,12.079999923706055,11.920000076293945,11.9399995803833,55000
2019-08-23,7.0043110847473145,11.970000267028809,12.079999923706055,11.949999809265137,12.010000228881836,85000
2019-08-26,6.969198703765869,11.90999984741211,12.0600004196167,11.899999618530273,11.989999771118164,88500
2019-08-27,6.922389984130859,11.829999923706055,12.020000457763672,11.800000190734863,11.949999809265137,105100
2019-08-28,6.9106855392456055,11.8100004196167,11.880000114440918,11.75,11.789999961853027,44100
2019-08-29,6.9340925216674805,11.850000381469727,11.899999618530273,11.800000190734863,11.800000190734863,30800
2019-08-30,6.904831886291504,11.800000190734863,11.9399995803833,11.800000190734863,11.869999885559082,58700
2019-09-03,6.922389984130859,11.829999923706055,11.880000114440918,11.800000190734863,11.8100004196167,45700
2019-09-04,6.969198703765869,11.90999984741211,11.960000038146973,11.850000381469727,11.850000381469727,37400
2019-09-05,6.9340925216674805,11.850000381469727,11.949999809265137,11.829999923706055,11.880000114440918,70200
2019-09-06,6.951645374298096,11.880000114440918,11.920000076293945,11.800000190734863,11.899999618530273,63000
2019-09-09,6.951645374298096,11.880000114440918,11.979999542236328,11.819999694824219,11.979999542236328,97800
2019-09-10,6.939940929412842,11.859999656677246,11.930000305175781,11.850000381469727,11.899999618530273,73500
2019-09-11,6.945794582366943,11.869999885559082,11.9399995803833,11.859999656677246,11.859999656677246,81400
2019-09-12,6.9340925216674805,11.850000381469727,11.90999984741211,11.850000381469727,11.869999885559082,102600
2019-09-13,6.957495212554932,11.890000343322754,11.920000076293945,11.869999885559082,11.899999618530273,91400
2019-09-16,6.969198703765869,11.90999984741211,11.9399995803833,11.869999885559082,11.890000343322754,72200
2019-09-17,6.975052356719971,11.920000076293945,11.960000038146973,11.899999618530273,11.949999809265137,116800
2019-09-18,6.963248252868652,11.800000190734863,11.869999885559082,11.770000457763672,11.819999694824219,110300
2019-09-19,6.975049018859863,11.819999694824219,11.899999618530273,11.800000190734863,11.800000190734863,38800
2019-09-20,6.998654365539551,11.859999656677246,11.949999809265137,11.829999923706055,11.859999656677246,166300
2019-09-23,6.992756366729736,11.850000381469727,12.0600004196167,11.8100004196167,12.0600004196167,120900
2019-09-24,7.0045576095581055,11.869999885559082,11.899999618530273,11.8100004196167,11.850000381469727,50900
2019-09-25,6.980954647064209,11.829999923706055,11.869999885559082,11.770000457763672,11.869999885559082,81600
2019-09-26,6.980954647064209,11.829999923706055,11.859999656677246,11.8100004196167,11.829999923706055,28500
2019-09-27,6.975049018859863,11.819999694824219,11.850000381469727,11.800000190734863,11.850000381469727,38600
2019-09-30,6.980954647064209,11.829999923706055,11.869999885559082,11.8100004196167,11.84000015258789,39400
2019-10-01,6.921941757202148,11.729999542236328,11.850000381469727,11.710000038146973,11.84000015258789,97900
2019-10-02,6.886538505554199,11.670000076293945,11.770000457763672,11.520000457763672,11.739999771118164,99800
2019-10-03,6.957347869873047,11.789999961853027,11.8100004196167,11.619999885559082,11.649999618530273,45100
2019-10-04,6.98685359954834,11.84000015258789,11.869999885559082,11.800000190734863,11.850000381469727,62200
2019-10-07,6.98685359954834,11.84000015258789,11.859999656677246,11.800000190734863,11.84000015258789,52000
2019-10-08,6.975049018859863,11.819999694824219,11.899999618530273,11.720000267028809,11.899999618530273,78300
2019-10-09,6.963248252868652,11.800000190734863,11.859999656677246,11.800000190734863,11.819999694824219,71900
2019-10-10,6.969151496887207,11.8100004196167,11.850000381469727,11.779999732971191,11.829999923706055,44900
2019-10-11,6.963248252868652,11.800000190734863,11.899999618530273,11.800000190734863,11.84000015258789,103900
2019-10-14,6.992756366729736,11.850000381469727,11.890000343322754,11.819999694824219,11.850000381469727,74900
2019-10-15,7.045864582061768,11.9399995803833,11.989999771118164,11.819999694824219,11.859999656677246,83000
2019-10-16,7.0753703117370605,11.989999771118164,12.050000190734863,11.960000038146973,12.0,99800
2019-10-17,7.122974872589111,11.970000267028809,12.020000457763672,11.819999694824219,12.020000457763672,99500
2019-10-18,7.146778106689453,12.010000228881836,12.010000228881836,11.930000305175781,11.930000305175781,42400
2019-10-21,7.128926753997803,11.979999542236328,12.020000457763672,11.979999542236328,12.020000457763672,68700
2019-10-22,7.140828609466553,12.0,12.050000190734863,11.979999542236328,12.0,60100
2019-10-23,7.18843412399292,12.079999923706055,12.079999923706055,11.979999542236328,12.029999732971191,41800
2019-10-24,7.200333118438721,12.100000381469727,12.100000381469727,12.010000228881836,12.029999732971191,54000
2019-10-25,7.21818733215332,12.130000114440918,12.180000305175781,12.069999694824219,12.079999923706055,56800
2019-10-28,7.247941017150879,12.180000305175781,12.199999809265137,12.100000381469727,12.15999984741211,103900
2019-10-29,7.241986274719238,12.170000076293945,12.199999809265137,12.100000381469727,12.180000305175781,44800
2019-10-30,7.372905731201172,12.390000343322754,12.399999618530273,12.140000343322754,12.380000114440918,104500
2019-10-31,7.432413101196289,12.489999771118164,12.5,12.289999961853027,12.399999618530273,98500
2019-11-01,7.4264607429504395,12.479999542236328,12.5,12.359999656677246,12.5,74700
2019-11-04,7.432413101196289,12.489999771118164,12.579999923706055,12.4399995803833,12.5,103200
2019-11-05,7.408608913421631,12.449999809265137,12.520000457763672,12.449999809265137,12.510000228881836,56000
2019-11-06,7.408608913421631,12.449999809265137,12.489999771118164,12.399999618530273,12.460000038146973,84300
2019-11-07,7.420509338378906,12.470000267028809,12.529999732971191,12.399999618530273,12.479999542236328,105700
2019-11-08,7.432413101196289,12.489999771118164,12.529999732971191,12.399999618530273,12.510000228881836,53600
2019-11-11,7.432413101196289,12.489999771118164,12.5600004196167,12.460000038146973,12.479999542236328,71300
2019-11-12,7.503819465637207,12.609999656677246,12.680000305175781,12.489999771118164,12.550000190734863,116600
2019-11-13,7.527622222900391,12.649999618530273,12.670000076293945,12.579999923706055,12.59000015258789,70500
2019-11-14,7.539524078369141,12.670000076293945,12.8100004196167,12.59000015258789,12.649999618530273,135800
2019-11-15,7.587129592895508,12.75,12.84000015258789,12.680000305175781,12.84000015258789,146200
2019-11-18,7.629112720489502,12.720000267028809,12.779999732971191,12.699999809265137,12.720000267028809,84500
2019-11-19,7.581132888793945,12.640000343322754,12.779999732971191,12.630000114440918,12.770000457763672,85900
2019-11-20,7.56913948059082,12.619999885559082,12.6899995803833,12.600000381469727,12.619999885559082,86200
2019-11-21,7.4371843338012695,12.399999618530273,12.640000343322754,12.350000381469727,12.640000343322754,178400
2019-11-22,7.431188583374023,12.390000343322754,12.5,12.380000114440918,12.449999809265137,48100
2019-11-25,7.461178779602051,12.4399995803833,12.5,12.390000343322754,12.399999618530273,80400
2019-11-26,7.449182510375977,12.420000076293945,12.5,12.420000076293945,12.460000038146973,60900
2019-11-27,7.467175483703613,12.449999809265137,12.5,12.4399995803833,12.449999809265137,110000
2019-11-29,7.4911651611328125,12.489999771118164,12.539999961853027,12.449999809265137,12.449999809265137,54500
2019-12-02,7.449182510375977,12.420000076293945,12.5600004196167,12.359999656677246,12.550000190734863,135200
2019-12-03,7.431188583374023,12.390000343322754,12.510000228881836,12.380000114440918,12.479999542236328,68700
2019-12-04,7.4371843338012695,12.399999618530273,12.449999809265137,12.380000114440918,12.390000343322754,80200
2019-12-05,7.431188583374023,12.390000343322754,12.449999809265137,12.350000381469727,12.40999984741211,137900
2019-12-06,7.431188583374023,12.390000343322754,12.4399995803833,12.350000381469727,12.430000305175781,81300
2019-12-09,7.473172187805176,12.460000038146973,12.460000038146973,12.3100004196167,12.399999618530273,121800
2019-12-10,7.473172187805176,12.460000038146973,12.510000228881836,12.420000076293945,12.460000038146973,68600
2019-12-11,7.455175876617432,12.430000305175781,12.470000267028809,12.420000076293945,12.470000267028809,61900
2019-12-12,7.443185806274414,12.40999984741211,12.5,12.40999984741211,12.460000038146973,66100
2019-12-13,7.455175876617432,12.430000305175781,12.449999809265137,12.369999885559082,12.40999984741211,91100
2019-12-16,7.467175483703613,12.449999809265137,12.489999771118164,12.430000305175781,12.4399995803833,134300
2019-12-17,7.503453731536865,12.40999984741211,12.4399995803833,12.350000381469727,12.40999984741211,160300
2019-12-18,7.503453731536865,12.40999984741211,12.4399995803833,12.380000114440918,12.40999984741211,97400
2019-12-19,7.497404098510742,12.399999618530273,12.4399995803833,12.380000114440918,12.390000343322754,64000
2019-12-20,7.479265213012695,12.369999885559082,12.4399995803833,12.350000381469727,12.40999984741211,137200
2019-12-23,7.467174530029297,12.350000381469727,12.430000305175781,12.350000381469727,12.40999984741211,92600
2019-12-24,7.461129665374756,12.34000015258789,12.420000076293945,12.329999923706055,12.329999923706055,58200
2019-12-26,7.467174530029297,12.350000381469727,12.399999618530273,12.350000381469727,12.350000381469727,87500
2019-12-27,7.467174530029297,12.350000381469727,12.390000343322754,12.329999923706055,12.350000381469727,82200
2019-12-30,7.563916206359863,12.510000228881836,12.550000190734863,12.3100004196167,12.350000381469727,874600
2019-12-31,7.817859172821045,12.930000305175781,12.949999809265137,12.539999961853027,12.539999961853027,448900
2020-01-02,7.848091125488281,12.979999542236328,13.0,12.869999885559082,12.970000267028809,243300
2020-01-03,7.872278213500977,13.020000457763672,13.029999732971191,12.960000038146973,12.979999542236328,154800
2020-01-06,7.908553600311279,13.079999923706055,13.15999984741211,12.960000038146973,13.050000190734863,493100
2020-01-07,7.932738780975342,13.119999885559082,13.199999809265137,13.109999656677246,13.170000076293945,500300
2020-01-08,7.9569244384765625,13.15999984741211,13.220000267028809,13.119999885559082,13.149999618530273,264400
2020-01-09,8.005295753479004,13.239999771118164,13.260000228881836,13.140000343322754,13.15999984741211,238400
2020-01-10,8.083898544311523,13.369999885559082,13.470000267028809,13.270000457763672,13.279999732971191,306600
2020-01-13,8.24110221862793,13.630000114440918,13.670000076293945,13.369999885559082,13.380000114440918,318600
2020-01-14,8.210870742797852,13.579999923706055,13.699999809265137,13.579999923706055,13.65999984741211,252700
2020-01-15,8.277377128601074,13.6899995803833,13.779999732971191,13.59000015258789,13.630000114440918,298400
2020-01-16,8.149471282958984,13.380000114440918,13.649999618530273,13.319999694824219,13.640000343322754,280200
2020-01-17,8.058111190795898,13.229999542236328,13.5,13.149999618530273,13.380000114440918,305000
2020-01-21,7.985021591186523,13.109999656677246,13.279999732971191,13.069999694824219,13.279999732971191,220500
2020-01-22,7.918025970458984,13.0,13.1899995803833,13.0,13.1899995803833,154500
2020-01-23,7.942387104034424,13.039999961853027,13.0600004196167,12.949999809265137,13.010000228881836,107300
2020-01-24,7.8510236740112305,12.890000343322754,13.130000114440918,12.829999923706055,13.039999961853027,249500
2020-01-27,7.704844951629639,12.649999618530273,12.8100004196167,12.510000228881836,12.800000190734863,342700
2020-01-28,7.710936069488525,12.65999984741211,12.770000457763672,12.619999885559082,12.670000076293945,114100
2020-01-29,7.7353010177612305,12.699999809265137,12.890000343322754,12.65999984741211,12.65999984741211,129400
2020-01-30,7.759661674499512,12.739999771118164,12.819999694824219,12.550000190734863,12.649999618530273,109600
2020-01-31,7.747481346130371,12.720000267028809,12.8100004196167,12.609999656677246,12.779999732971191,110400
2020-02-03,7.790115833282471,12.789999961853027,12.880000114440918,12.729999542236328,12.729999542236328,94800
2020-02-04,7.826661586761475,12.850000381469727,13.020000457763672,12.729999542236328,12.729999542236328,162600
2020-02-05,8.070295333862305,13.25,13.279999732971191,12.899999618530273,12.9399995803833,175300
2020-02-06,8.094655990600586,13.289999961853027,13.350000381469727,13.180000305175781,13.25,99800
2020-02-07,8.094655990600586,13.289999961853027,13.390000343322754,13.210000038146973,13.270000457763672,108200
2020-02-10,8.058111190795898,13.229999542236328,13.390000343322754,13.229999542236328,13.289999961853027,94000
2020-02-11,8.125110626220703,13.34000015258789,13.369999885559082,13.210000038146973,13.229999542236328,84800
2020-02-12,8.119014739990234,13.329999923706055,13.399999618530273,13.25,13.380000114440918,80000
2020-02-13,8.210381507873535,13.479999542236328,13.479999542236328,13.329999923706055,13.329999923706055,108800
2020-02-14,8.246926307678223,13.539999961853027,13.539999961853027,13.40999984741211,13.5,137800
2020-02-18,8.185562133789062,13.34000015258789,13.470000267028809,13.279999732971191,13.399999618530273,148400
2020-02-19,8.179428100585938,13.329999923706055,13.380000114440918,13.279999732971191,13.319999694824219,70200
2020-02-20,8.277607917785645,13.489999771118164,13.520000457763672,13.300000190734863,13.300000190734863,89400
2020-02-21,8.2162446975708,13.390000343322754,13.470000267028809,13.279999732971191,13.460000038146973,81700
2020-02-24,7.786717891693115,12.6899995803833,13.300000190734863,12.59000015258789,13.239999771118164,411800
2020-02-25,7.2651519775390625,11.84000015258789,12.890000343322754,11.5600004196167,12.6899995803833,650500
2020-02-26,7.394006252288818,12.050000190734863,12.4399995803833,11.859999656677246,11.859999656677246,238900
2020-02-27,7.087196350097656,11.550000190734863,11.979999542236328,11.050000190734863,11.899999618530273,502400
2020-02-28,6.651538848876953,10.84000015258789,11.279999732971191,10.510000228881836,11.050000190734863,636400
2020-03-02,7.547410488128662,12.300000190734863,12.359999656677246,10.869999885559082,10.880000114440918,432800
2020-03-03,7.338782787322998,11.960000038146973,12.329999923706055,11.920000076293945,12.329999923706055,192200
2020-03-04,8.148747444152832,13.279999732971191,13.319999694824219,12.449999809265137,12.920000076293945,342600
2020-03-05,7.872622489929199,12.829999923706055,13.0600004196167,12.449999809265137,13.0600004196167,262000
2020-03-06,7.688539028167725,12.529999732971191,12.680000305175781,12.260000228881836,12.5,215100
2020-03-09,7.087196350097656,11.550000190734863,12.0,11.0,11.0600004196167,296500
2020-03-10,7.4737749099731445,12.180000305175781,12.420000076293945,11.760000228881836,12.119999885559082,216500
2020-03-11,7.301965236663818,11.899999618530273,12.09000015258789,11.40999984741211,11.899999618530273,314100
2020-03-12,5.866115093231201,9.5600004196167,11.239999771118164,9.520000457763672,11.050000190734863,571000
2020-03-13,6.651538848876953,10.84000015258789,10.890000343322754,9.8100004196167,10.199999809265137,264500
2020-03-16,5.712714672088623,9.3100004196167,10.289999961853027,9.300000190734863,9.75,362800
2020-03-17,4.976797103881836,7.980000019073486,9.350000381469727,7.300000190734863,9.3100004196167,544800
2020-03-18,3.2742080688476562,5.25,7.5,4.510000228881836,7.429999828338623,621300
2020-03-19,4.234642505645752,6.789999961853027,7.170000076293945,4.75,5.190000057220459,656000
2020-03-20,4.378084659576416,7.019999980926514,7.789999961853027,6.610000133514404,7.0,520300
2020-03-23,3.717005729675293,5.960000038146973,7.110000133514404,5.869999885559082,7.039999961853027,353400
2020-03-24,4.06625509262085,6.519999980926514,7.119999885559082,6.449999809265137,7.010000228881836,396900
2020-03-25,4.689913272857666,7.519999980926514,9.199999809265137,6.960000038146973,6.960000038146973,775800
2020-03-26,5.824972629547119,9.34000015258789,10.229999542236328,7.420000076293945,7.5,629700
2020-03-27,5.881101608276367,9.430000305175781,10.25,9.029999732971191,9.25,329600
2020-03-30,4.814645290374756,7.71999979019165,9.649999618530273,7.610000133514404,9.579999923706055,533300
2020-03-31,5.064109802246094,8.119999885559082,8.609999656677246,7.800000190734863,8.0,293200
2020-04-01,4.540234088897705,7.28000020980835,7.980000019073486,7.079999923706055,7.659999847412109,278100
2020-04-02,4.459160804748535,7.150000095367432,7.429999828338623,6.900000095367432,7.130000114440918,261200
2020-04-03,4.42173957824707,7.090000152587891,7.420000076293945,6.420000076293945,7.110000133514404,230800
2020-04-06,4.646257400512695,7.449999809265137,7.880000114440918,7.420000076293945,7.46999979019165,148500
2020-04-07,4.895721435546875,7.849999904632568,8.319999694824219,7.809999942779541,7.880000114440918,281200
2020-04-08,5.244969844818115,8.40999984741211,9.140000343322754,8.020000457763672,8.020000457763672,334500
2020-04-09,5.494433879852295,8.8100004196167,9.739999771118164,8.670000076293945,8.899999618530273,398100
2020-04-13,6.068199157714844,9.729999542236328,9.970000267028809,8.819999694824219,8.949999809265137,313000
2020-04-14,6.055724620819092,9.710000038146973,10.1899995803833,9.550000190734863,10.100000381469727,185900
2020-04-15,5.955941200256348,9.550000190734863,9.65999984741211,9.149999618530273,9.649999618530273,288500
2020-04-16,5.823587894439697,9.239999771118164,9.649999618530273,9.100000381469727,9.550000190734863,145600
2020-04-17,5.842495441436768,9.270000457763672,9.779999732971191,9.119999885559082,9.65999984741211,130600
2020-04-20,5.590392112731934,8.869999885559082,9.359999656677246,8.600000381469727,9.199999809265137,205800
2020-04-21,5.539971351623535,8.789999961853027,8.890000343322754,8.5,8.710000038146973,97400
2020-04-22,5.495853424072266,8.720000267028809,9.010000228881836,8.569999694824219,8.859999656677246,113800
2020-04-23,5.527365684509277,8.770000457763672,8.960000038146973,8.359999656677246,8.800000190734863,114300
2020-04-24,5.697535037994385,9.039999961853027,9.15999984741211,8.770000457763672,8.770000457763672,103900
2020-04-27,6.037874221801758,9.579999923706055,9.720000267028809,9.109999656677246,9.170000076293945,141600
2020-04-28,5.899216175079346,9.359999656677246,10.149999618530273,9.279999732971191,9.9399995803833,194900
2020-04-29,5.861402988433838,9.300000190734863,9.720000267028809,9.130000114440918,9.279999732971191,360000
2020-04-30,6.056781768798828,9.609999656677246,9.720000267028809,8.850000381469727,9.239999771118164,205500
2020-05-01,5.836191654205322,9.260000228881836,9.640000343322754,9.050000190734863,9.5,219800
2020-05-04,5.691231727600098,9.029999732971191,9.130000114440918,8.710000038146973,9.09000015258789,160700
2020-05-05,5.659717082977295,8.979999542236328,9.390000343322754,8.760000228881836,9.0600004196167,290600
2020-05-06,5.962244510650635,9.460000038146973,9.789999961853027,8.979999542236328,9.140000343322754,201700
2020-05-07,6.088294982910156,9.65999984741211,9.9399995803833,9.510000228881836,9.5600004196167,179100
2020-05-08,6.145018100738525,9.75,9.850000381469727,9.619999885559082,9.760000228881836,96200
2020-05-11,6.138715744018555,9.739999771118164,10.029999732971191,9.520000457763672,9.75,152300
2020-05-12,6.138715744018555,9.739999771118164,9.970000267028809,9.5600004196167,9.75,122700
2020-05-13,5.785769939422607,9.180000305175781,9.779999732971191,8.979999542236328,9.739999771118164,191100
2020-05-14,6.271070957183838,9.949999809265137,9.979999542236328,8.75,9.140000343322754,309600
2020-05-15,6.390819549560547,10.140000343322754,10.399999618530273,9.850000381469727,9.899999618530273,304200
2020-05-18,6.429009914398193,10.100000381469727,10.430000305175781,10.0,10.430000305175781,150200
2020-05-19,6.32080078125,9.930000305175781,10.140000343322754,9.899999618530273,10.100000381469727,166700
2020-05-20,6.460838794708252,10.149999618530273,10.25,9.930000305175781,9.960000038146973,96900
2020-05-21,6.66453218460083,10.470000267028809,10.479999542236328,10.229999542236328,10.270000457763672,95000
2020-05-22,6.670895576477051,10.479999542236328,10.5,10.319999694824219,10.5,90600
2020-05-26,6.88095235824585,10.8100004196167,11.1899995803833,10.640000343322754,10.789999961853027,230600
2020-05-27,7.1164703369140625,11.180000305175781,11.289999961853027,10.8100004196167,11.180000305175781,154500
2020-05-28,6.912777900695801,10.859999656677246,11.260000228881836,10.760000228881836,11.1899995803833,157500
2020-05-29,6.9318742752075195,10.890000343322754,10.979999542236328,10.569999694824219,10.819999694824219,133900
2020-06-01,7.059183597564697,11.09000015258789,11.300000190734863,10.819999694824219,10.90999984741211,151800
2020-06-02,7.167393207550049,11.260000228881836,11.550000190734863,11.119999885559082,11.34000015258789,206800
2020-06-03,7.313795566558838,11.489999771118164,11.789999961853027,11.460000038146973,11.529999732971191,299500
2020-06-04,7.441101551055908,11.6899995803833,11.760000228881836,11.479999542236328,11.550000190734863,195200
2020-06-05,7.46019983291626,11.720000267028809,12.229999542236328,11.579999923706055,12.109999656677246,262900
2020-06-08,7.606601238250732,11.949999809265137,12.020000457763672,11.880000114440918,11.90999984741211,242000
2020-06-09,7.472928047180176,11.739999771118164,11.859999656677246,11.420000076293945,11.75,192100
2020-06-10,7.351986885070801,11.550000190734863,11.90999984741211,11.4399995803833,11.760000228881836,144700
2020-06-11,6.7345499992370605,10.579999923706055,11.149999618530273,10.300000190734863,11.020000457763672,363900
2020-06-12,7.167393207550049,11.260000228881836,11.5,10.989999771118164,11.0,187800
2020-06-15,7.332892417907715,11.520000457763672,11.729999542236328,10.989999771118164,11.010000228881836,189600
2020-06-16,7.504757404327393,11.789999961853027,11.90999984741211,11.640000343322754,11.779999732971191,323200
2020-06-17,7.491915225982666,11.670000076293945,11.829999923706055,11.640000343322754,11.710000038146973,185100
2020-06-18,7.421299934387207,11.5600004196167,11.6899995803833,11.270000457763672,11.670000076293945,161900
2020-06-19,7.466235160827637,11.630000114440918,11.710000038146973,11.449999809265137,11.600000381469727,97700
2020-06-22,7.15808629989624,11.149999618530273,11.649999618530273,11.029999732971191,11.5600004196167,283600
2020-06-23,7.113147258758545,11.079999923706055,11.34000015258789,11.0,11.270000457763672,121100
2020-06-24,7.029689311981201,10.949999809265137,11.170000076293945,10.4399995803833,11.050000190734863,177200
2020-06-25,7.061786651611328,11.0,11.09000015258789,10.779999732971191,10.90999984741211,68900
2020-06-26,6.939813613891602,10.8100004196167,10.9399995803833,10.649999618530273,10.9399995803833,112200
2020-06-29,6.984750747680664,10.880000114440918,10.9399995803833,10.75,10.890000343322754,97800
2020-06-30,6.997591018676758,10.899999618530273,10.989999771118164,10.75,10.859999656677246,97000
2020-07-01,7.016849517822266,10.930000305175781,11.050000190734863,10.8100004196167,10.989999771118164,81900
2020-07-02,6.978334426879883,10.869999885559082,11.1899995803833,10.859999656677246,11.079999923706055,59900
2020-07-06,7.222285747528076,11.25,11.369999885559082,11.050000190734863,11.09000015258789,162300
2020-07-07,7.055368423461914,10.989999771118164,11.239999771118164,10.979999542236328,11.220000267028809,105100
2020-07-08,7.170928001403809,11.170000076293945,11.239999771118164,10.90999984741211,10.989999771118164,74900
2020-07-09,7.2158637046813965,11.239999771118164,11.289999961853027,10.890000343322754,11.229999542236328,149400
2020-07-10,7.209445476531982,11.229999542236328,11.289999961853027,11.020000457763672,11.119999885559082,109700
2020-07-13,7.170928001403809,11.170000076293945,11.600000381469727,11.140000343322754,11.350000381469727,158600
2020-07-14,7.395618915557861,11.520000457763672,11.539999961853027,11.170000076293945,11.170000076293945,118100
2020-07-15,7.5496954917907715,11.760000228881836,11.800000190734863,11.550000190734863,11.640000343322754,168100
2020-07-16,7.517320156097412,11.609999656677246,11.680000305175781,11.470000267028809,11.600000381469727,119500
2020-07-17,7.504370212554932,11.59000015258789,11.680000305175781,11.430000305175781,11.680000305175781,108400
2020-07-20,7.446096897125244,11.5,11.670000076293945,11.329999923706055,11.550000190734863,142700
2020-07-21,7.459049224853516,11.520000457763672,11.680000305175781,11.470000267028809,11.470000267028809,95200
2020-07-22,7.523794651031494,11.619999885559082,11.649999618530273,11.479999542236328,11.550000190734863,62400
2020-07-23,7.459049224853516,11.520000457763672,11.640000343322754,11.260000228881836,11.619999885559082,142400
2020-07-24,7.29717493057251,11.270000457763672,11.539999961853027,11.15999984741211,11.539999961853027,93600
2020-07-27,7.271273612976074,11.229999542236328,11.380000114440918,11.149999618530273,11.380000114440918,96800
2020-07-28,7.2065277099609375,11.130000114440918,11.25,11.050000190734863,11.25,113300
2020-07-29,7.4914231300354,11.569999694824219,11.84000015258789,11.470000267028809,11.470000267028809,235400
2020-07-30,7.562646389007568,11.680000305175781,11.699999809265137,11.399999618530273,11.5,98600
2020-07-31,7.588543891906738,11.720000267028809,11.760000228881836,11.539999961853027,11.680000305175781,114700
2020-08-03,7.769840717315674,12.0,12.09000015258789,11.75,11.75,313200
2020-08-04,7.776314735412598,12.010000228881836,12.069999694824219,11.920000076293945,12.050000190734863,140600
2020-08-05,7.815164089202881,12.069999694824219,12.09000015258789,11.90999984741211,12.020000457763672,110400
2020-08-06,7.821638584136963,12.079999923706055,12.09000015258789,12.029999732971191,12.029999732971191,92300
2020-08-07,7.860489368438721,12.140000343322754,12.170000076293945,12.0600004196167,12.100000381469727,143300
2020-08-10,7.92523717880249,12.239999771118164,12.25,12.140000343322754,12.199999809265137,159300
2020-08-11,7.951137542724609,12.279999732971191,12.40999984741211,12.210000038146973,12.329999923706055,179800
2020-08-12,7.964087963104248,12.300000190734863,12.399999618530273,12.279999732971191,12.300000190734863,123000
2020-08-13,7.983508110046387,12.329999923706055,12.430000305175781,12.3100004196167,12.380000114440918,159700
2020-08-14,8.080633163452148,12.479999542236328,12.59000015258789,12.34000015258789,12.369999885559082,217100
2020-08-17,7.923980712890625,12.140000343322754,12.449999809265137,12.100000381469727,12.380000114440918,179400
2020-08-18,7.852184295654297,12.029999732971191,12.199999809265137,11.9399995803833,12.149999618530273,132500
2020-08-19,7.832602024078369,12.0,12.0600004196167,11.880000114440918,12.050000190734863,105500
2020-08-20,7.7869086265563965,11.930000305175781,12.020000457763672,11.770000457763672,11.899999618530273,95400
2020-08-21,7.741222858428955,11.859999656677246,11.960000038146973,11.760000228881836,11.920000076293945,155200
2020-08-24,7.865236759185791,12.050000190734863,12.109999656677246,11.829999923706055,11.859999656677246,167600
2020-08-25,7.832602024078369,12.0,12.180000305175781,11.859999656677246,12.180000305175781,107100
2020-08-26,7.773855686187744,11.90999984741211,12.0600004196167,11.899999618530273,12.0600004196167,101500
2020-08-27,7.799967288970947,11.949999809265137,12.100000381469727,11.920000076293945,11.979999542236328,100600
2020-08-28,7.845657825469971,12.020000457763672,12.069999694824219,11.930000305175781,12.050000190734863,126600
2020-08-31,7.858709812164307,12.039999961853027,12.109999656677246,12.0,12.069999694824219,127600
2020-09-01,7.845657825469971,12.020000457763672,12.130000114440918,12.020000457763672,12.050000190734863,103000
2020-09-02,7.871766090393066,12.0600004196167,12.119999885559082,12.0,12.119999885559082,145900
2020-09-03,7.832602024078369,12.0,12.15999984741211,11.930000305175781,12.039999961853027,196700
2020-09-04,7.7934370040893555,11.9399995803833,12.079999923706055,11.520000457763672,12.0,336100
2020-09-08,7.75427770614624,11.880000114440918,12.0,11.720000267028809,12.0,194900
2020-09-09,7.852184295654297,12.029999732971191,12.199999809265137,11.890000343322754,11.979999542236328,195800
2020-09-10,7.871766090393066,12.0600004196167,12.210000038146973,12.0600004196167,12.09000015258789,124700
2020-09-11,7.871766090393066,12.0600004196167,12.1899995803833,12.050000190734863,12.140000343322754,96000
2020-09-14,7.98272705078125,12.229999542236328,12.319999694824219,12.100000381469727,12.180000305175781,194400
2020-09-15,7.989253997802734,12.239999771118164,12.359999656677246,12.239999771118164,12.359999656677246,187100
2020-09-16,8.008994102478027,12.170000076293945,12.329999923706055,12.15999984741211,12.199999809265137,145100
2020-09-17,7.9826741218566895,12.130000114440918,12.1899995803833,12.050000190734863,12.149999618530273,99200
2020-09-18,7.91028356552124,12.020000457763672,12.170000076293945,12.0,12.130000114440918,98500
2020-09-21,7.864214897155762,11.949999809265137,12.0600004196167,11.760000228881836,11.90999984741211,173400
2020-09-22,7.962932109832764,12.100000381469727,12.199999809265137,12.0,12.029999732971191,96200
2020-09-23,7.877382278442383,11.970000267028809,12.279999732971191,11.9399995803833,12.109999656677246,149900
2020-09-24,7.660207748413086,11.640000343322754,11.90999984741211,11.579999923706055,11.899999618530273,235900
2020-09-25,7.837891101837158,11.90999984741211,12.0,11.65999984741211,11.699999809265137,123700
2020-09-28,8.08138656616211,12.279999732971191,12.520000457763672,11.960000038146973,12.0,202200
2020-09-29,8.028736114501953,12.199999809265137,12.399999618530273,12.149999618530273,12.359999656677246,106300
2020-09-30,8.08138656616211,12.279999732971191,12.449999809265137,12.199999809265137,12.210000038146973,112800
2020-10-01,8.199845314025879,12.460000038146973,12.5,12.270000457763672,12.3100004196167,147500
2020-10-02,8.127452850341797,12.350000381469727,12.399999618530273,12.25,12.300000190734863,105500
2020-10-05,8.259069442749023,12.550000190734863,12.579999923706055,12.359999656677246,12.359999656677246,112900
2020-10-06,8.272233963012695,12.569999694824219,12.789999961853027,12.479999542236328,12.5600004196167,105100
2020-10-07,8.403853416442871,12.770000457763672,12.859999656677246,12.619999885559082,12.670000076293945,120400
2020-10-08,8.476241111755371,12.880000114440918,12.970000267028809,12.800000190734863,12.84000015258789,126200
2020-10-09,8.476241111755371,12.880000114440918,12.979999542236328,12.8100004196167,12.869999885559082,71400
2020-10-12,8.54205322265625,12.979999542236328,12.979999542236328,12.859999656677246,12.899999618530273,118700
2020-10-13,8.647348403930664,13.140000343322754,13.170000076293945,13.0,13.0,98100
2020-10-14,8.719736099243164,13.25,13.399999618530273,13.050000190734863,13.09000015258789,138300
2020-10-15,8.772383689880371,13.329999923706055,13.350000381469727,13.0,13.109999656677246,122300
2020-10-16,8.739481925964355,13.279999732971191,13.369999885559082,13.199999809265137,13.350000381469727,140900
2020-10-19,8.467615127563477,12.770000457763672,13.239999771118164,12.75,13.149999618530273,176000
2020-10-20,8.195751190185547,12.359999656677246,12.829999923706055,12.279999732971191,12.779999732971191,167000
2020-10-21,7.844313621520996,11.829999923706055,12.359999656677246,11.600000381469727,12.359999656677246,370900
2020-10-22,7.9437785148620605,11.979999542236328,11.989999771118164,11.760000228881836,11.819999694824219,107200
2020-10-23,7.884099006652832,11.890000343322754,12.069999694824219,11.760000228881836,12.039999961853027,134500
2020-10-26,7.804531097412109,11.770000457763672,11.850000381469727,11.619999885559082,11.800000190734863,138300
2020-10-27,7.844313621520996,11.829999923706055,11.979999542236328,11.789999961853027,11.789999961853027,87000
2020-10-28,7.492877960205078,11.300000190734863,11.75,11.079999923706055,11.699999809265137,333000
2020-10-29,7.612228870391846,11.479999542236328,11.619999885559082,11.029999732971191,11.329999923706055,184400
2020-10-30,7.559182643890381,11.399999618530273,11.470000267028809,11.270000457763672,11.399999618530273,106400
2020-11-02,7.658649921417236,11.550000190734863,11.770000457763672,11.430000305175781,11.430000305175781,160200
2020-11-03,7.731588840484619,11.65999984741211,11.899999618530273,11.65999984741211,11.699999809265137,152200
2020-11-04,7.6851725578308105,11.59000015258789,11.899999618530273,11.5,11.800000190734863,180000
2020-11-05,7.844313621520996,11.829999923706055,11.989999771118164,11.600000381469727,11.619999885559082,141900
2020-11-06,7.705064296722412,11.619999885559082,11.899999618530273,11.619999885559082,11.789999961853027,120800
2020-11-09,7.778001308441162,11.729999542236328,12.15999984741211,11.699999809265137,12.100000381469727,233800
2020-11-10,8.07639217376709,12.180000305175781,12.25,11.8100004196167,11.859999656677246,214400
2020-11-11,8.023348808288574,12.100000381469727,12.270000457763672,12.050000190734863,12.25,144600
2020-11-12,8.003451347351074,12.069999694824219,12.229999542236328,12.010000228881836,12.130000114440918,150500
2020-11-13,8.049870491027832,12.140000343322754,12.239999771118164,12.0600004196167,12.229999542236328,331100
2020-11-16,8.149333000183105,12.289999961853027,12.350000381469727,12.15999984741211,12.199999809265137,291600
2020-11-17,8.162704467773438,12.210000038146973,12.25,12.029999732971191,12.170000076293945,148500
2020-11-18,7.982199192047119,11.9399995803833,12.220000267028809,11.930000305175781,12.119999885559082,316500
2020-11-19,7.922035217285156,11.850000381469727,12.029999732971191,11.75,11.989999771118164,204400
2020-11-20,7.995573043823242,11.960000038146973,11.989999771118164,11.859999656677246,11.899999618530273,221600
2020-11-23,8.135957717895508,12.170000076293945,12.199999809265137,11.899999618530273,11.970000267028809,582500
2020-11-24,8.363261222839355,12.510000228881836,12.670000076293945,12.1899995803833,12.239999771118164,279500
2020-11-25,8.396686553955078,12.5600004196167,12.59000015258789,12.350000381469727,12.529999732971191,146700
2020-11-27,8.490281105041504,12.699999809265137,12.850000381469727,12.460000038146973,12.600000381469727,121200
2020-11-30,8.336520195007324,12.470000267028809,12.850000381469727,12.420000076293945,12.800000190734863,142800
2020-12-01,8.443485260009766,12.630000114440918,12.819999694824219,12.510000228881836,12.5600004196167,120500
2020-12-02,8.557135581970215,12.800000190734863,12.859999656677246,12.5,12.720000267028809,139200
2020-12-03,8.537078857421875,12.770000457763672,12.84000015258789,12.630000114440918,12.84000015258789,132700
2020-12-04,8.64404296875,12.930000305175781,13.100000381469727,12.819999694824219,12.84000015258789,128200
2020-12-07,8.610616683959961,12.880000114440918,12.989999771118164,12.739999771118164,12.970000267028809,132800
2020-12-08,8.657415390014648,12.949999809265137,13.0,12.800000190734863,12.899999618530273,112400
2020-12-09,8.583874702453613,12.84000015258789,13.0600004196167,12.760000228881836,13.039999961853027,124900
2020-12-10,8.623988151550293,12.899999618530273,12.960000038146973,12.720000267028809,12.84000015258789,108200
2020-12-11,8.831230163574219,13.210000038146973,13.289999961853027,12.899999618530273,12.90999984741211,283300
2020-12-14,8.891396522521973,13.300000190734863,13.399999618530273,13.289999961853027,13.289999961853027,235800
2020-12-15,8.817858695983887,13.1899995803833,13.460000038146973,13.0,13.399999618530273,353800
2020-12-16,8.831331253051758,13.109999656677246,13.279999732971191,12.920000076293945,13.1899995803833,155600
2020-12-17,8.750496864318848,12.989999771118164,13.15999984741211,12.949999809265137,13.15999984741211,132400
2020-12-18,8.662923812866211,12.859999656677246,13.029999732971191,12.65999984741211,12.960000038146973,260300
2020-12-21,8.568615913391113,12.720000267028809,12.960000038146973,12.699999809265137,12.789999961853027,164100
2020-12-22,8.58881950378418,12.75,12.899999618530273,12.699999809265137,12.899999618530273,116600
2020-12-23,8.683130264282227,12.890000343322754,13.020000457763672,12.75,12.8100004196167,98300
2020-12-24,8.7302885055542,12.960000038146973,13.050000190734863,12.949999809265137,12.949999809265137,74600
2020-12-28,8.703341484069824,12.920000076293945,13.140000343322754,12.90999984741211,13.020000457763672,116500
2020-12-29,8.757231712341309,13.0,13.079999923706055,12.850000381469727,12.979999542236328,110400
2020-12-30,8.784178733825684,13.039999961853027,13.149999618530273,12.979999542236328,13.09000015258789,94000
2020-12-31,8.918904304504395,13.239999771118164,13.239999771118164,13.010000228881836,13.109999656677246,100700
2021-01-04,8.824596405029297,13.100000381469727,13.34000015258789,13.020000457763672,13.34000015258789,176000
2021-01-05,8.918904304504395,13.239999771118164,13.350000381469727,13.100000381469727,13.109999656677246,117100
2021-01-06,8.898696899414062,13.210000038146973,13.479999542236328,13.170000076293945,13.329999923706055,212800
2021-01-07,8.993002891540527,13.350000381469727,13.449999809265137,13.25,13.260000228881836,115600
2021-01-08,9.22877311706543,13.699999809265137,13.699999809265137,13.390000343322754,13.449999809265137,153300
2021-01-11,9.087311744689941,13.489999771118164,13.65999984741211,13.449999809265137,13.5,224500
2021-01-12,9.195089340209961,13.649999618530273,13.6899995803833,13.520000457763672,13.59000015258789,125500
2021-01-13,9.222037315368652,13.6899995803833,13.75,13.550000190734863,13.680000305175781,104500
2021-01-14,9.195089340209961,13.649999618530273,13.65999984741211,13.050000190734863,13.5,418900
2021-01-15,9.262454986572266,13.75,13.779999732971191,13.449999809265137,13.720000267028809,244900
2021-01-19,9.113173484802246,13.430000305175781,13.739999771118164,13.3100004196167,13.739999771118164,238400
2021-01-20,9.194600105285645,13.550000190734863,13.600000381469727,13.430000305175781,13.5,127500
2021-01-21,9.33031177520752,13.75,13.789999961853027,13.550000190734863,13.59000015258789,138200
2021-01-22,9.323527336120605,13.739999771118164,13.75,13.510000228881836,13.75,72300
2021-01-25,9.269240379333496,13.65999984741211,13.8100004196167,13.600000381469727,13.680000305175781,95500
2021-01-26,9.316740036010742,13.729999542236328,13.800000190734863,13.670000076293945,13.680000305175781,132900
2021-01-27,9.242097854614258,13.619999885559082,13.8100004196167,13.569999694824219,13.699999809265137,134200
2021-01-28,9.079243659973145,13.380000114440918,13.649999618530273,13.25,13.520000457763672,192700
2021-01-29,8.54996109008789,12.600000381469727,13.300000190734863,12.229999542236328,13.300000190734863,587800
2021-02-01,8.834959983825684,13.020000457763672,13.119999885559082,12.630000114440918,12.649999618530273,259500
2021-02-02,9.024956703186035,13.300000190734863,13.579999923706055,13.050000190734863,13.119999885559082,181500
2021-02-03,9.126744270324707,13.449999809265137,13.5,13.270000457763672,13.319999694824219,95800
2021-02-04,9.187814712524414,13.539999961853027,13.6899995803833,13.510000228881836,13.510000228881836,133700
2021-02-05,9.445672035217285,13.920000076293945,14.079999923706055,13.600000381469727,13.720000267028809,227400
2021-02-08,9.717096328735352,14.319999694824219,14.399999618530273,14.0,14.069999694824219,224000
2021-02-09,9.608527183532715,14.15999984741211,14.420000076293945,14.119999885559082,14.260000228881836,188500
2021-02-10,9.588170051574707,14.130000114440918,14.359999656677246,14.079999923706055,14.1899995803833,139900
2021-02-11,9.506742477416992,14.010000228881836,14.300000190734863,14.010000228881836,14.180000305175781,93700
2021-02-12,9.717096328735352,14.319999694824219,14.390000343322754,14.020000457763672,14.050000190734863,168800
2021-02-16,9.893522262573242,14.579999923706055,14.640000343322754,14.369999885559082,14.449999809265137,227600
2021-02-17,10.063167572021484,14.829999923706055,14.880000114440918,14.5,14.579999923706055,239700
2021-02-18,9.878710746765137,14.460000038146973,14.800000190734863,14.350000381469727,14.59000015258789,154300
2021-02-19,9.803560256958008,14.350000381469727,14.680000305175781,14.319999694824219,14.569999694824219,102200
2021-02-22,9.871879577636719,14.449999809265137,14.59000015258789,14.270000457763672,14.300000190734863,96300
2021-02-23,9.912870407104492,14.510000228881836,14.579999923706055,14.15999984741211,14.430000305175781,171100
2021-02-24,10.254456520080566,15.010000228881836,15.029999732971191,14.510000228881836,14.520000457763672,228100
2021-02-25,9.892373085021973,14.479999542236328,15.300000190734863,14.40999984741211,15.0,228400
2021-02-26,10.083662033081055,14.760000228881836,14.800000190734863,14.329999923706055,14.65999984741211,99300
2021-03-01,10.14514446258545,14.850000381469727,15.15999984741211,14.800000190734863,14.899999618530273,164400
2021-03-02,10.220297813415527,14.960000038146973,15.1899995803833,14.8100004196167,14.829999923706055,152500
2021-03-03,9.229693412780762,13.510000228881836,14.430000305175781,12.579999923706055,14.3100004196167,1253900
2021-03-04,9.065731048583984,13.270000457763672,13.970000267028809,13.109999656677246,13.640000343322754,311600
2021-03-05,8.97691822052002,13.140000343322754,13.5,12.619999885559082,13.300000190734863,357700
2021-03-08,9.086226463317871,13.300000190734863,13.5,13.039999961853027,13.25,397100
2021-03-09,9.222862243652344,13.5,13.65999984741211,13.399999618530273,13.40999984741211,212900
2021-03-10,9.345834732055664,13.680000305175781,13.779999732971191,13.619999885559082,13.770000457763672,168500
2021-03-11,9.434646606445312,13.8100004196167,13.850000381469727,13.699999809265137,13.779999732971191,160300
2021-03-12,9.489300727844238,13.890000343322754,13.949999809265137,13.75,13.819999694824219,168700
2021-03-15,9.796731948852539,14.34000015258789,14.470000267028809,13.899999618530273,14.069999694824219,270300
2021-03-16,9.830885887145996,14.390000343322754,14.520000457763672,14.050000190734863,14.34000015258789,252200
2021-03-17,9.76897144317627,14.199999809265137,14.380000114440918,14.020000457763672,14.239999771118164,173800
2021-03-18,9.51442813873291,13.829999923706055,14.289999961853027,13.760000228881836,14.199999809265137,147400
2021-03-19,9.638261795043945,14.010000228881836,14.029999732971191,13.829999923706055,13.829999923706055,190400
2021-03-22,9.713935852050781,14.119999885559082,14.1899995803833,13.949999809265137,14.09000015258789,109400
2021-03-23,9.679537773132324,14.069999694824219,14.300000190734863,14.020000457763672,14.100000381469727,107200
2021-03-24,9.631379127502441,14.0,14.380000114440918,14.0,14.170000076293945,98300
2021-03-25,9.762094497680664,14.1899995803833,14.220000267028809,13.770000457763672,14.130000114440918,111000
2021-03-26,9.872164726257324,14.350000381469727,14.350000381469727,14.119999885559082,14.199999809265137,86900
2021-03-29,9.865286827087402,14.34000015258789,14.489999771118164,14.25,14.369999885559082,121400
2021-03-30,9.879043579101562,14.359999656677246,14.4399995803833,14.270000457763672,14.34000015258789,84000
2021-03-31,9.892803192138672,14.380000114440918,14.550000190734863,14.369999885559082,14.4399995803833,86600
2021-04-01,10.023513793945312,14.569999694824219,14.710000038146973,14.390000343322754,14.390000343322754,113000
2021-04-05,10.312455177307129,14.989999771118164,15.09000015258789,14.670000076293945,14.760000228881836,250500
2021-04-06,10.463805198669434,15.210000038146973,15.239999771118164,15.010000228881836,15.039999961853027,170600
2021-04-07,10.525721549987793,15.300000190734863,15.399999618530273,15.210000038146973,15.399999618530273,146400
2021-04-08,10.787144660949707,15.680000305175781,15.680000305175781,15.300000190734863,15.300000190734863,177400
2021-04-09,10.814665794372559,15.720000267028809,15.869999885559082,15.579999923706055,15.770000457763672,207800
2021-04-12,11.055449485778809,16.06999969482422,16.06999969482422,15.640000343322754,15.729999542236328,211200
2021-04-13,11.227437973022461,16.31999969482422,16.3799991607666,15.899999618530273,16.06999969482422,257900
2021-04-14,11.261836051940918,16.3700008392334,16.6299991607666,16.229999542236328,16.31999969482422,248000
2021-04-15,11.585172653198242,16.84000015258789,16.84000015258789,16.31999969482422,16.399999618530273,236300
2021-04-16,11.977310180664062,17.40999984741211,17.559999465942383,16.6200008392334,16.81999969482422,447800
2021-04-19,11.008605003356934,15.90999984741211,17.25,15.470000267028809,17.209999084472656,727400
2021-04-20,11.382245063781738,16.450000762939453,16.489999771118164,15.949999809265137,15.960000038146973,361200
2021-04-21,10.953251838684082,15.829999923706055,16.579999923706055,15.75,16.520000457763672,352200
2021-04-22,10.97400951385498,15.859999656677246,16.049999237060547,15.760000228881836,15.800000190734863,146300
2021-04-23,10.939414024353027,15.8100004196167,16.100000381469727,15.680000305175781,15.890000343322754,203400
2021-04-26,11.02244758605957,15.930000305175781,16.010000228881836,15.8100004196167,15.8100004196167,147600
2021-04-27,11.209269523620605,16.200000762939453,16.200000762939453,15.8100004196167,15.8100004196167,150900
2021-04-28,11.721298217773438,16.940000534057617,17.280000686645508,16.350000381469727,16.40999984741211,392300
2021-04-29,11.769728660583496,17.010000228881836,17.34000015258789,16.729999542236328,17.239999771118164,256300
2021-04-30,11.444524765014648,16.540000915527344,16.989999771118164,16.440000534057617,16.989999771118164,216900
2021-05-03,11.389168739318848,16.459999084472656,16.799999237060547,16.31999969482422,16.790000915527344,247700
2021-05-04,11.1400785446167,16.100000381469727,16.399999618530273,15.90999984741211,16.299999237060547,297400
2021-05-05,11.292296409606934,16.31999969482422,16.450000762939453,16.059999465942383,16.290000915527344,218900
2021-05-06,11.292296409606934,16.31999969482422,16.5,16.18000030517578,16.270000457763672,220100
2021-05-07,11.340734481811523,16.389999389648438,16.450000762939453,16.299999237060547,16.450000762939453,158500
2021-05-10,11.146993637084961,16.110000610351562,16.59000015258789,16.110000610351562,16.450000762939453,227900
2021-05-11,11.050121307373047,15.970000267028809,16.3700008392334,15.420000076293945,16.139999389648438,268100
2021-05-12,10.621129989624023,15.350000381469727,16.059999465942383,15.329999923706055,15.899999618530273,235900
2021-05-13,11.063961029052734,15.989999771118164,16.059999465942383,15.399999618530273,15.399999618530273,209800
2021-05-14,11.230026245117188,16.229999542236328,16.31999969482422,16.079999923706055,16.079999923706055,221800
2021-05-17,11.23698616027832,16.139999389648438,16.229999542236328,15.920000076293945,16.049999237060547,163900
2021-05-18,11.090782165527344,15.930000305175781,16.149999618530273,15.819999694824219,16.139999389648438,197600
2021-05-19,11.090782165527344,15.930000305175781,15.9399995803833,15.369999885559082,15.630000114440918,139700
2021-05-20,11.216102600097656,16.110000610351562,16.190000534057617,15.930000305175781,16.0,101200
2021-05-21,11.216102600097656,16.110000610351562,16.329999923706055,16.049999237060547,16.200000762939453,91100
2021-05-24,11.334457397460938,16.280000686645508,16.350000381469727,16.149999618530273,16.270000457763672,117800
2021-05-25,11.34142017364502,16.290000915527344,16.5,16.280000686645508,16.389999389648438,167300
2021-05-26,11.306610107421875,16.239999771118164,16.450000762939453,16.15999984741211,16.34000015258789,92900
2021-05-27,11.438889503479004,16.43000030517578,16.5,16.290000915527344,16.299999237060547,108900
2021-05-28,11.473700523376465,16.479999542236328,16.559999465942383,16.329999923706055,16.5,110800
2021-06-01,11.592056274414062,16.649999618530273,16.790000915527344,16.5,16.649999618530273,138300
2021-06-02,11.633831977844238,16.709999084472656,16.809999465942383,16.579999923706055,16.739999771118164,115900
2021-06-03,11.675602912902832,16.770000457763672,16.93000030517578,16.639999389648438,16.639999389648438,108500
2021-06-04,11.759151458740234,16.889999389648438,16.979999542236328,16.81999969482422,16.850000381469727,108700
2021-06-07,11.80092716217041,16.950000762939453,17.139999389648438,16.899999618530273,16.969999313354492,133100
2021-06-08,12.03067684173584,17.280000686645508,17.40999984741211,17.0,17.030000686645508,152700
2021-06-09,12.072446823120117,17.34000015258789,17.479999542236328,17.25,17.360000610351562,157400
2021-06-10,12.183846473693848,17.5,17.639999389648438,17.3700008392334,17.469999313354492,122000
2021-06-11,12.337011337280273,17.719999313354492,17.799999237060547,17.540000915527344,17.579999923706055,145000
2021-06-14,12.41359806060791,17.829999923706055,17.860000610351562,17.610000610351562,17.809999465942383,180400
2021-06-15,12.399674415588379,17.809999465942383,17.950000762939453,17.600000381469727,17.950000762939453,186700
2021-06-16,12.301652908325195,17.56999969482422,17.700000762939453,17.420000076293945,17.6200008392334,145500
2021-06-17,12.217635154724121,17.450000762939453,17.690000534057617,17.299999237060547,17.600000381469727,138400
2021-06-18,11.87455940246582,16.959999084472656,17.399999618530273,16.889999389648438,17.399999618530273,180600
2021-06-21,12.39267349243164,17.700000762939453,17.809999465942383,16.969999313354492,17.030000686645508,234200
2021-06-22,12.24563980102539,17.489999771118164,17.700000762939453,17.350000381469727,17.600000381469727,93900
2021-06-23,12.196627616882324,17.420000076293945,17.6200008392334,17.40999984741211,17.5,69400
2021-06-24,12.210634231567383,17.440000534057617,17.549999237060547,17.350000381469727,17.40999984741211,107400
2021-06-25,12.126614570617676,17.31999969482422,17.559999465942383,17.31999969482422,17.469999313354492,91100
2021-06-28,12.070601463317871,17.239999771118164,17.34000015258789,17.020000457763672,17.329999923706055,139600
2021-06-29,11.965581893920898,17.09000015258789,17.360000610351562,17.06999969482422,17.149999618530273,70000
2021-06-30,12.091605186462402,17.270000457763672,17.280000686645508,17.049999237060547,17.149999618530273,73100
2021-07-01,12.140615463256836,17.34000015258789,17.3799991607666,17.170000076293945,17.299999237060547,85600
2021-07-02,12.217635154724121,17.450000762939453,17.450000762939453,17.270000457763672,17.389999389648438,86600
2021-07-06,12.224635124206543,17.459999084472656,17.670000076293945,17.360000610351562,17.510000228881836,116300
2021-07-07,12.168622016906738,17.3799991607666,17.559999465942383,17.270000457763672,17.40999984741211,69600
2021-07-08,12.161623001098633,17.3700008392334,17.489999771118164,17.100000381469727,17.31999969482422,83200
2021-07-09,12.27364730834961,17.530000686645508,17.610000610351562,17.3700008392334,17.479999542236328,102600
2021-07-12,12.357664108276367,17.649999618530273,17.690000534057617,17.5,17.6299991607666,126100
2021-07-13,12.329658508300781,17.610000610351562,17.739999771118164,17.56999969482422,17.709999084472656,106800
2021-07-14,12.315654754638672,17.59000015258789,17.790000915527344,17.56999969482422,17.65999984741211,110600
2021-07-15,12.3086576461792,17.579999923706055,17.81999969482422,17.420000076293945,17.600000381469727,96100
2021-07-16,12.497694969177246,17.850000381469727,17.889999389648438,17.56999969482422,17.639999389648438,199400
2021-07-19,11.906256675720215,16.90999984741211,17.600000381469727,16.670000076293945,17.420000076293945,317300
2021-07-20,12.307588577270508,17.479999542236328,17.600000381469727,16.940000534057617,17.0,102700
2021-07-21,12.1597261428833,17.270000457763672,17.59000015258789,17.170000076293945,17.329999923706055,118800
2021-07-22,12.096363067626953,17.18000030517578,17.399999618530273,17.0,17.260000228881836,128300
2021-07-23,12.13156509399414,17.229999542236328,17.440000534057617,17.15999984741211,17.260000228881836,80200
2021-07-26,12.237177848815918,17.3799991607666,17.489999771118164,17.219999313354492,17.219999313354492,75700
2021-07-27,12.244216918945312,17.389999389648438,17.43000030517578,17.1299991607666,17.389999389648438,76700
2021-07-28,12.25829792022705,17.40999984741211,17.5,17.100000381469727,17.389999389648438,149300
2021-07-29,12.293505668640137,17.459999084472656,17.600000381469727,17.389999389648438,17.43000030517578,81700
2021-07-30,12.061153411865234,17.1299991607666,17.549999237060547,17.1200008392334,17.440000534057617,104500
2021-08-02,12.307588577270508,17.479999542236328,17.56999969482422,17.209999084472656,17.219999313354492,95200
2021-08-03,12.1597261428833,17.270000457763672,17.459999084472656,17.1299991607666,17.450000762939453,109000
2021-08-04,12.02595043182373,17.079999923706055,17.270000457763672,16.920000076293945,17.25,89600
2021-08-05,12.1597261428833,17.270000457763672,17.290000915527344,17.059999465942383,17.100000381469727,66200
2021-08-06,12.075238227844238,17.149999618530273,17.3799991607666,17.0,17.309999465942383,93700
2021-08-09,12.089319229125977,17.170000076293945,17.219999313354492,17.030000686645508,17.219999313354492,84300
2021-08-10,12.068198204040527,17.139999389648438,17.229999542236328,17.100000381469727,17.1200008392334,55500
2021-08-11,12.054116249084473,17.1200008392334,17.219999313354492,17.06999969482422,17.170000076293945,98400
2021-08-12,12.180852890014648,17.299999237060547,17.34000015258789,17.100000381469727,17.1200008392334,64100
2021-08-13,12.180852890014648,17.299999237060547,17.389999389648438,17.229999542236328,17.3799991607666,56800
2021-08-16,12.145647048950195,17.25,17.440000534057617,17.170000076293945,17.229999542236328,120800
2021-08-17,12.053580284118652,17.020000457763672,17.190000534057617,16.950000762939453,17.049999237060547,102900
2021-08-18,11.996925354003906,16.940000534057617,17.09000015258789,16.899999618530273,16.989999771118164,104600
2021-08-19,11.522432327270508,16.270000457763672,16.940000534057617,16.1200008392334,16.899999618530273,253300
2021-08-20,11.741971969604492,16.579999923706055,16.68000030517578,16.200000762939453,16.260000228881836,118100
2021-08-23,11.855283737182617,16.739999771118164,17.0,16.579999923706055,16.600000381469727,104600
2021-08-24,11.876532554626465,16.770000457763672,16.950000762939453,16.670000076293945,16.84000015258789,94300
2021-08-25,11.968600273132324,16.899999618530273,17.030000686645508,16.809999465942383,16.84000015258789,79100
2021-08-26,11.890694618225098,16.790000915527344,16.979999542236328,16.65999984741211,16.940000534057617,76100
2021-08-27,11.989843368530273,16.93000030517578,17.09000015258789,16.649999618530273,16.8700008392334,115800
2021-08-30,12.018171310424805,16.969999313354492,17.059999465942383,16.8799991607666,16.959999084472656,87800
2021-08-31,12.03233528137207,16.989999771118164,17.049999237060547,16.969999313354492,17.0,66400
2021-09-01,12.103155136108398,17.09000015258789,17.170000076293945,17.0,17.100000381469727,128400
2021-09-02,12.152728080749512,17.15999984741211,17.200000762939453,17.059999465942383,17.190000534057617,83900
2021-09-03,12.131479263305664,17.1299991607666,17.25,17.06999969482422,17.25,53300
2021-09-07,11.989843368530273,16.93000030517578,17.06999969482422,16.729999542236328,17.06999969482422,144400
2021-09-08,12.025251388549805,16.979999542236328,17.0,16.799999237060547,16.989999771118164,47600
2021-09-09,11.975678443908691,16.90999984741211,17.030000686645508,16.860000610351562,16.979999542236328,56000
2021-09-10,11.791543960571289,16.649999618530273,16.979999542236328,16.6200008392334,16.979999542236328,87000
2021-09-13,11.855283737182617,16.739999771118164,16.84000015258789,16.639999389648438,16.760000228881836,77000
2021-09-14,11.876532554626465,16.770000457763672,16.8799991607666,16.670000076293945,16.850000381469727,69700
2021-09-15,11.968600273132324,16.899999618530273,17.010000228881836,16.56999969482422,16.75,158700
2021-09-16,11.90447998046875,16.709999084472656,16.920000076293945,16.6299991607666,16.75,62900
2021-09-17,11.925851821899414,16.739999771118164,16.850000381469727,16.670000076293945,16.850000381469727,66700
2021-09-20,11.669382095336914,16.3799991607666,16.479999542236328,16.139999389648438,16.3700008392334,196700
2021-09-21,11.655131340026855,16.360000610351562,16.6299991607666,16.329999923706055,16.5,96600
2021-09-22,11.783370018005371,16.540000915527344,16.65999984741211,16.40999984741211,16.479999542236328,55300
2021-09-23,11.81186580657959,16.579999923706055,16.719999313354492,16.549999237060547,16.600000381469727,45900
2021-09-24,11.783370018005371,16.540000915527344,16.709999084472656,16.5,16.559999465942383,49300
2021-09-27,11.669382095336914,16.3799991607666,16.559999465942383,16.31999969482422,16.479999542236328,71500
2021-09-28,11.526900291442871,16.18000030517578,16.59000015258789,16.15999984741211,16.510000228881836,86900
2021-09-29,11.5696439743042,16.239999771118164,16.299999237060547,16.149999618530273,16.25,51500
2021-09-30,11.583892822265625,16.260000228881836,16.43000030517578,16.219999313354492,16.280000686645508,64400
2021-10-01,11.640886306762695,16.34000015258789,16.43000030517578,16.200000762939453,16.350000381469727,75600
2021-10-04,11.690751075744629,16.40999984741211,16.479999542236328,16.280000686645508,16.31999969482422,65300
2021-10-05,11.833236694335938,16.610000610351562,16.889999389648438,16.40999984741211,16.450000762939453,161700
2021-10-06,11.940099716186523,16.760000228881836,16.760000228881836,16.3700008392334,16.559999465942383,73100
2021-10-07,11.940099716186523,16.760000228881836,16.8700008392334,16.729999542236328,16.850000381469727,82800
2021-10-08,12.004218101501465,16.850000381469727,16.93000030517578,16.700000762939453,16.850000381469727,49400
2021-10-11,12.046961784362793,16.90999984741211,17.020000457763672,16.809999465942383,16.8700008392334,82000
2021-10-12,12.089709281921387,16.969999313354492,17.100000381469727,16.860000610351562,16.899999618530273,97700
2021-10-13,12.2393159866333,17.18000030517578,17.18000030517578,16.950000762939453,17.079999923706055,108600
2021-10-14,12.296308517456055,17.260000228881836,17.290000915527344,17.079999923706055,17.170000076293945,76900
2021-10-15,12.30343246459961,17.270000457763672,17.450000762939453,17.270000457763672,17.299999237060547,137600
2021-10-18,12.267603874206543,17.1200008392334,17.239999771118164,16.969999313354492,17.149999618530273,102800
2021-10-19,12.396584510803223,17.299999237060547,17.329999923706055,17.030000686645508,17.1200008392334,60100
2021-10-20,12.253273010253906,17.100000381469727,17.399999618530273,17.010000228881836,17.350000381469727,101600
2021-10-21,12.324931144714355,17.200000762939453,17.309999465942383,17.09000015258789,17.170000076293945,95400
2021-10-22,12.31776237487793,17.190000534057617,17.200000762939453,16.93000030517578,17.200000762939453,75400
2021-10-25,12.310599327087402,17.18000030517578,17.299999237060547,17.040000915527344,17.18000030517578,99700
2021-10-26,12.27476978302002,17.1299991607666,17.200000762939453,17.06999969482422,17.18000030517578,69500
2021-10-27,12.590059280395508,17.56999969482422,17.600000381469727,16.700000762939453,16.799999237060547,162300
2021-10-28,12.719043731689453,17.75,17.799999237060547,17.549999237060547,17.56999969482422,105700
2021-10-29,12.504070281982422,17.450000762939453,17.860000610351562,17.309999465942383,17.75,142000
2021-11-01,12.475406646728516,17.40999984741211,17.700000762939453,17.399999618530273,17.530000686645508,97800
2021-11-02,12.597227096557617,17.579999923706055,17.639999389648438,17.43000030517578,17.450000762939453,99700
2021-11-03,12.568561553955078,17.540000915527344,17.610000610351562,17.43000030517578,17.610000610351562,78200
2021-11-04,12.554231643676758,17.520000457763672,17.6200008392334,17.309999465942383,17.540000915527344,116500
2021-11-05,12.61155891418457,17.600000381469727,17.739999771118164,17.59000015258789,17.600000381469727,74300
2021-11-08,12.661715507507324,17.670000076293945,17.739999771118164,17.5,17.540000915527344,76500
2021-11-09,12.647383689880371,17.649999618530273,17.739999771118164,17.479999542236328,17.6299991607666,73600
2021-11-10,12.618721961975098,17.610000610351562,17.700000762939453,17.530000686645508,17.649999618530273,64000
2021-11-11,12.647383689880371,17.649999618530273,17.729999542236328,17.549999237060547,17.709999084472656,45700
2021-11-12,12.704707145690918,17.729999542236328,17.809999465942383,17.610000610351562,17.610000610351562,80300
2021-11-15,13.256465911865234,18.5,19.079999923706055,17.690000534057617,17.739999771118164,725500
2021-11-16,13.177639961242676,18.389999389648438,18.549999237060547,18.25,18.549999237060547,285600
2021-11-17,12.549103736877441,17.3700008392334,18.3700008392334,16.6200008392334,18.280000686645508,578100
2021-11-18,12.245672225952148,16.950000762939453,17.450000762939453,16.760000228881836,17.450000762939453,217500
2021-11-19,12.267343521118164,16.979999542236328,17.030000686645508,16.829999923706055,16.969999313354492,91800
2021-11-22,12.260122299194336,16.969999313354492,17.100000381469727,16.950000762939453,17.09000015258789,106600
2021-11-23,12.267343521118164,16.979999542236328,17.059999465942383,16.90999984741211,17.049999237060547,48300
2021-11-24,12.317916870117188,17.049999237060547,17.079999923706055,16.90999984741211,17.030000686645508,78800
2021-11-26,12.195098876953125,16.8799991607666,16.93000030517578,16.670000076293945,16.860000610351562,72000
2021-11-29,12.216772079467773,16.90999984741211,17.06999969482422,16.860000610351562,17.049999237060547,76800
2021-11-30,12.195098876953125,16.8799991607666,16.950000762939453,16.709999084472656,16.899999618530273,107600
2021-12-01,12.014480590820312,16.6299991607666,17.100000381469727,16.600000381469727,17.100000381469727,131100
2021-12-02,12.043383598327637,16.670000076293945,16.81999969482422,16.559999465942383,16.600000381469727,72600
2021-12-03,11.761624336242676,16.280000686645508,16.799999237060547,16.18000030517578,16.799999237060547,125200
2021-12-06,11.913338661193848,16.489999771118164,16.579999923706055,15.720000267028809,16.260000228881836,234000
2021-12-07,11.949466705322266,16.540000915527344,16.860000610351562,16.5,16.5,108300
2021-12-08,11.89888858795166,16.469999313354492,16.6200008392334,16.399999618530273,16.420000076293945,119300
2021-12-09,11.848319053649902,16.399999618530273,16.540000915527344,16.260000228881836,16.469999313354492,74300
2021-12-10,11.8699951171875,16.43000030517578,16.59000015258789,16.389999389648438,16.5,123700
2021-12-13,11.89888858795166,16.469999313354492,16.559999465942383,16.40999984741211,16.5,133200
2021-12-14,11.703825950622559,16.200000762939453,16.5,16.010000228881836,16.489999771118164,162000
2021-12-15,11.913338661193848,16.489999771118164,16.540000915527344,16.079999923706055,16.200000762939453,106700
2021-12-16,11.804312705993652,16.239999771118164,16.479999542236328,16.170000076293945,16.479999542236328,109200
2021-12-17,11.622591972351074,15.989999771118164,16.31999969482422,15.880000114440918,16.31999969482422,126800
2021-12-20,11.251893043518066,15.479999542236328,15.920000076293945,15.479999542236328,15.789999961853027,224900
2021-12-21,11.41180419921875,15.699999809265137,15.899999618530273,15.5,15.5,160700
2021-12-22,11.389995574951172,15.670000076293945,15.84000015258789,15.619999885559082,15.699999809265137,92800
2021-12-23,11.448145866394043,15.75,15.829999923706055,15.680000305175781,15.699999809265137,114100
2021-12-27,11.68801212310791,16.079999923706055,16.110000610351562,15.630000114440918,15.899999618530273,210200
2021-12-28,11.637133598327637,16.010000228881836,16.190000534057617,16.0,16.079999923706055,103200
2021-12-29,11.695281982421875,16.09000015258789,16.1299991607666,15.949999809265137,16.079999923706055,112500
2021-12-30,11.54263687133789,15.880000114440918,16.149999618530273,15.880000114440918,16.1299991607666,98900
2021-12-31,11.5717134475708,15.920000076293945,16.010000228881836,15.899999618530273,15.899999618530273,50600
2022-01-03,11.695281982421875,16.09000015258789,16.170000076293945,15.899999618530273,16.0,138000
2022-01-04,11.71708869934082,16.1200008392334,16.260000228881836,16.100000381469727,16.170000076293945,81300
2022-01-05,11.53537368774414,15.869999885559082,16.15999984741211,15.850000381469727,16.09000015258789,140100
2022-01-06,11.47722053527832,15.789999961853027,16.09000015258789,15.75,15.859999656677246,118800
2022-01-07,11.629861831665039,16.0,16.020000457763672,15.800000190734863,15.800000190734863,83700
2022-01-10,11.680742263793945,16.06999969482422,16.1200008392334,15.899999618530273,16.020000457763672,119200
2022-01-11,11.789772033691406,16.219999313354492,16.25,16.010000228881836,16.1299991607666,153600
2022-01-12,11.898802757263184,16.3700008392334,16.469999313354492,16.239999771118164,16.280000686645508,121900
2022-01-13,11.927878379821777,16.40999984741211,16.540000915527344,16.360000610351562,16.389999389648438,110300
2022-01-14,11.826114654541016,16.270000457763672,16.489999771118164,16.209999084472656,16.459999084472656,185800
2022-01-18,11.796858787536621,16.1299991607666,16.229999542236328,16.049999237060547,16.049999237060547,109900
2022-01-19,11.606710433959961,15.869999885559082,16.1299991607666,15.829999923706055,16.1299991607666,104500
2022-01-20,11.431181907653809,15.630000114440918,15.989999771118164,15.609999656677246,15.869999885559082,114500
2022-01-21,10.538922309875488,14.40999984741211,15.550000190734863,14.239999771118164,15.510000228881836,651000
2022-01-24,10.495038986206055,14.350000381469727,14.350000381469727,13.539999961853027,14.319999694824219,361500
2022-01-25,10.707133293151855,14.640000343322754,14.789999961853027,14.039999961853027,14.109999656677246,184700
2022-01-26,10.553545951843262,14.430000305175781,14.979999542236328,14.270000457763672,14.770000457763672,182700
2022-01-27,10.495038986206055,14.350000381469727,14.760000228881836,14.34000015258789,14.59000015258789,104100
2022-01-28,10.575488090515137,14.460000038146973,14.529999732971191,14.1899995803833,14.380000114440918,96000
2022-01-31,11.189830780029297,15.300000190734863,15.300000190734863,14.510000228881836,14.600000381469727,240900
2022-02-01,11.533570289611816,15.770000457763672,15.850000381469727,15.40999984741211,15.59000015258789,241200
2022-02-02,11.774920463562012,16.100000381469727,16.15999984741211,15.729999542236328,15.960000038146973,267200
2022-02-03,11.438496589660645,15.640000343322754,16.229999542236328,15.619999885559082,16.020000457763672,169600
2022-02-04,11.41655445098877,15.609999656677246,15.779999732971191,15.260000228881836,15.699999809265137,249700
2022-02-07,11.423869132995605,15.619999885559082,15.880000114440918,15.600000381469727,15.680000305175781,142600
2022-02-08,11.460433959960938,15.670000076293945,15.8100004196167,15.520000457763672,15.5600004196167,73000
2022-02-09,11.52625846862793,15.760000228881836,15.890000343322754,15.670000076293945,15.720000267028809,101000
2022-02-10,11.562827110290527,15.8100004196167,16.079999923706055,15.699999809265137,15.760000228881836,127500
2022-02-11,11.460433959960938,15.670000076293945,16.049999237060547,15.619999885559082,15.770000457763672,141800
2022-02-14,11.533570289611816,15.770000457763672,15.890000343322754,15.5,15.5,153100
2022-02-15,11.665215492248535,15.949999809265137,15.989999771118164,15.699999809265137,15.979999542236328,119500
2022-02-16,11.943132400512695,16.329999923706055,16.389999389648438,15.899999618530273,16.030000686645508,162600
2022-02-17,11.641427993774414,15.819999694824219,16.190000534057617,15.770000457763672,16.149999618530273,118400
2022-02-18,11.692938804626465,15.890000343322754,15.979999542236328,15.770000457763672,15.819999694824219,83800
2022-02-22,11.37651538848877,15.460000038146973,15.829999923706055,15.34000015258789,15.779999732971191,143300
2022-02-23,11.214625358581543,15.239999771118164,15.710000038146973,15.210000038146973,15.619999885559082,112500
2022-02-24,11.170473098754883,15.180000305175781,15.289999961853027,14.579999923706055,14.850000381469727,163400
2022-02-25,11.339723587036133,15.40999984741211,15.5,15.149999618530273,15.149999618530273,69300
2022-02-28,11.450103759765625,15.5600004196167,15.739999771118164,15.260000228881836,15.300000190734863,118000
2022-03-01,11.185189247131348,15.199999809265137,15.680000305175781,15.0600004196167,15.600000381469727,173500
2022-03-02,11.413311004638672,15.510000228881836,15.850000381469727,15.390000343322754,15.600000381469727,107500
2022-03-03,11.258779525756836,15.300000190734863,15.59000015258789,15.229999542236328,15.59000015258789,124200
2022-03-04,11.148398399353027,15.149999618530273,15.279999732971191,14.989999771118164,15.220000267028809,99100
2022-03-07,10.795182228088379,14.670000076293945,15.25,14.609999656677246,15.1899995803833,131600
2022-03-08,10.8319730758667,14.720000267028809,14.960000038146973,14.600000381469727,14.710000038146973,102600
2022-03-09,10.949713706970215,14.880000114440918,15.170000076293945,14.84000015258789,14.970000267028809,115100
2022-03-10,9.809115409851074,13.329999923706055,13.670000076293945,13.210000038146973,13.670000076293945,1787600
2022-03-11,9.801759719848633,13.319999694824219,13.600000381469727,13.319999694824219,13.399999618530273,436300
2022-03-14,9.926854133605957,13.489999771118164,13.699999809265137,13.319999694824219,13.399999618530273,350600
2022-03-15,9.948932647705078,13.520000457763672,13.699999809265137,13.479999542236328,13.59000015258789,175100
2022-03-16,10.206486701965332,13.869999885559082,13.899999618530273,13.5600004196167,13.670000076293945,378900
2022-03-17,10.199074745178223,13.760000228881836,13.979999542236328,13.609999656677246,13.890000343322754,305100
2022-03-18,10.243547439575195,13.819999694824219,13.949999809265137,13.65999984741211,13.75,194300
2022-03-21,10.243547439575195,13.819999694824219,13.989999771118164,13.8100004196167,13.899999618530273,154100
2022-03-22,10.31025505065918,13.90999984741211,14.0,13.819999694824219,13.989999771118164,210800
2022-03-23,10.369551658630371,13.989999771118164,14.130000114440918,13.819999694824219,13.90999984741211,207400
2022-03-24,10.384377479553223,14.010000228881836,14.079999923706055,13.920000076293945,14.079999923706055,131300
2022-03-25,10.369551658630371,13.989999771118164,14.0600004196167,13.9399995803833,13.949999809265137,137400
2022-03-28,10.473321914672852,14.130000114440918,14.1899995803833,13.989999771118164,14.029999732971191,202100
2022-03-29,10.42143726348877,14.0600004196167,14.199999809265137,14.0,14.109999656677246,176700
2022-03-30,10.406612396240234,14.039999961853027,14.170000076293945,13.960000038146973,14.0600004196167,122500
2022-03-31,10.30284595489502,13.899999618530273,14.180000305175781,13.899999618530273,14.119999885559082,195400
2022-04-01,10.362138748168945,13.979999542236328,14.039999961853027,13.90999984741211,14.0,102300
2022-04-04,10.488146781921387,14.149999618530273,14.319999694824219,13.960000038146973,14.010000228881836,333800
2022-04-05,10.458498001098633,14.109999656677246,14.34000015258789,14.039999961853027,14.180000305175781,183400
2022-04-06,10.451086044311523,14.100000381469727,14.149999618530273,14.0,14.079999923706055,152600
2022-04-07,10.436261177062988,14.079999923706055,14.220000267028809,14.0,14.130000114440918,168200
2022-04-08,10.59932804107666,14.300000190734863,14.329999923706055,14.010000228881836,14.15999984741211,146800
2022-04-11,10.53261947631836,14.210000038146973,14.319999694824219,14.140000343322754,14.300000190734863,114500
2022-04-12,10.510383605957031,14.180000305175781,14.3100004196167,14.149999618530273,14.149999618530273,202200
2022-04-13,10.547442436218262,14.229999542236328,14.229999542236328,14.130000114440918,14.180000305175781,194300
2022-04-14,10.517794609069824,14.1899995803833,14.300000190734863,14.170000076293945,14.279999732971191,189400
2022-04-18,10.622302055358887,14.229999542236328,14.300000190734863,14.079999923706055,14.25,171600
2022-04-19,10.570047378540039,14.15999984741211,14.25,14.0600004196167,14.170000076293945,177700
2022-04-20,10.584978103637695,14.180000305175781,14.289999961853027,14.140000343322754,14.180000305175781,190100
2022-04-21,10.480470657348633,14.039999961853027,14.300000190734863,14.010000228881836,14.199999809265137,204100
2022-04-22,10.286388397216797,13.779999732971191,14.079999923706055,13.739999771118164,14.039999961853027,190800
2022-04-25,10.144559860229492,13.59000015258789,13.829999923706055,13.239999771118164,13.819999694824219,284100
2022-04-26,9.845969200134277,13.1899995803833,13.710000038146973,13.15999984741211,13.6899995803833,176400
2022-04-27,9.681747436523438,12.970000267028809,13.220000267028809,12.920000076293945,13.15999984741211,233800
2022-04-28,9.793717384338379,13.119999885559082,13.229999542236328,12.8100004196167,13.09000015258789,211700
2022-04-29,9.502593040466309,12.729999542236328,13.170000076293945,12.720000267028809,13.100000381469727,172300
2022-05-02,9.398086547851562,12.59000015258789,12.880000114440918,12.3100004196167,12.789999961853027,289600
2022-05-03,9.584704399108887,12.84000015258789,12.9399995803833,12.600000381469727,12.630000114440918,127300
2022-05-04,9.405549049377441,12.600000381469727,12.760000228881836,11.619999885559082,12.760000228881836,700300
2022-05-05,9.547381401062012,12.789999961853027,12.979999542236328,12.5600004196167,12.6899995803833,240100
2022-05-06,9.3682279586792,12.550000190734863,12.819999694824219,12.449999809265137,12.770000457763672,180600
2022-05-09,9.032315254211426,12.100000381469727,12.529999732971191,12.029999732971191,12.329999923706055,283900
2022-05-10,9.032315254211426,12.100000381469727,12.350000381469727,11.970000267028809,12.279999732971191,247900
2022-05-11,8.9725980758667,12.020000457763672,12.210000038146973,11.90999984741211,12.140000343322754,218700
2022-05-12,8.912878036499023,11.9399995803833,12.09000015258789,11.720000267028809,12.0,197500
2022-05-13,9.002455711364746,12.0600004196167,12.220000267028809,12.020000457763672,12.029999732971191,240600
2022-05-16,9.174144744873047,12.289999961853027,12.5,12.130000114440918,12.350000381469727,280900
2022-05-17,9.226826667785645,12.260000228881836,12.420000076293945,12.180000305175781,12.40999984741211,219900
2022-05-18,8.955890655517578,11.899999618530273,12.260000228881836,11.859999656677246,12.149999618530273,158600
2022-05-19,8.865580558776855,11.779999732971191,11.960000038146973,11.75,11.869999885559082,145100
2022-05-20,8.880635261535645,11.800000190734863,11.979999542236328,11.609999656677246,11.979999542236328,147400
2022-05-23,8.910737037658691,11.84000015258789,11.930000305175781,11.75,11.930000305175781,206000
2022-05-24,8.812897682189941,11.710000038146973,11.9399995803833,11.569999694824219,11.84000015258789,143800
2022-05-25,8.978470802307129,11.930000305175781,11.989999771118164,11.680000305175781,11.710000038146973,188100
2022-05-26,9.128989219665527,12.130000114440918,12.180000305175781,11.9399995803833,11.979999542236328,187700
2022-05-27,9.18919849395752,12.210000038146973,12.260000228881836,12.109999656677246,12.239999771118164,158100
2022-05-31,9.249403953552246,12.289999961853027,12.3100004196167,12.149999618530273,12.1899995803833,179900
2022-06-01,9.098886489868164,12.09000015258789,12.319999694824219,12.09000015258789,12.260000228881836,199400
2022-06-02,9.2193021774292,12.25,12.279999732971191,12.09000015258789,12.09000015258789,156800
2022-06-03,9.144039154052734,12.149999618530273,12.3100004196167,12.140000343322754,12.260000228881836,131800
2022-06-06,9.136514663696289,12.140000343322754,12.210000038146973,12.09000015258789,12.149999618530273,148400
2022-06-07,9.159093856811523,12.170000076293945,12.1899995803833,12.029999732971191,12.050000190734863,175100
2022-06-08,9.031150817871094,12.0,12.170000076293945,12.0,12.119999885559082,211400
2022-06-09,8.955890655517578,11.899999618530273,12.0600004196167,11.899999618530273,12.039999961853027,201200
2022-06-10,8.970942497253418,11.920000076293945,11.949999809265137,11.800000190734863,11.880000114440918,206300
2022-06-13,8.594645500183105,11.420000076293945,11.850000381469727,11.380000114440918,11.800000190734863,287000
2022-06-14,8.496809005737305,11.289999961853027,11.489999771118164,11.09000015258789,11.489999771118164,214400
2022-06-15,8.7000093460083,11.5600004196167,11.739999771118164,11.350000381469727,11.449999809265137,229100
2022-06-16,8.145821571350098,10.729999542236328,11.300000190734863,10.640000343322754,11.25,316200
2022-06-17,8.267289161682129,10.890000343322754,10.9399995803833,10.550000190734863,10.619999885559082,259600
2022-06-21,8.320429801940918,10.960000038146973,11.300000190734863,10.90999984741211,11.109999656677246,227500
2022-06-22,8.464669227600098,11.149999618530273,11.300000190734863,10.949999809265137,10.960000038146973,161800
2022-06-23,8.578544616699219,11.300000190734863,11.399999618530273,11.149999618530273,11.15999984741211,123800
2022-06-24,8.859435081481934,11.670000076293945,11.670000076293945,11.369999885559082,11.369999885559082,191100
2022-06-27,8.904983520507812,11.729999542236328,11.899999618530273,11.699999809265137,11.789999961853027,145400
2022-06-28,8.859435081481934,11.670000076293945,11.930000305175781,11.649999618530273,11.800000190734863,100800
2022-06-29,8.76833438873291,11.550000190734863,11.800000190734863,11.510000228881836,11.670000076293945,94500
2022-06-30,8.760743141174316,11.539999961853027,11.6899995803833,11.380000114440918,11.4399995803833,125300
2022-07-01,9.034039497375488,11.899999618530273,11.949999809265137,11.550000190734863,11.550000190734863,207300
2022-07-05,9.026450157165527,11.890000343322754,11.899999618530273,11.640000343322754,11.890000343322754,209400
2022-07-06,8.99608325958252,11.850000381469727,11.920000076293945,11.729999542236328,11.899999618530273,109200
2022-07-07,9.0188570022583,11.880000114440918,11.9399995803833,11.8100004196167,11.869999885559082,197600
2022-07-08,9.07958984375,11.960000038146973,12.0,11.829999923706055,11.930000305175781,171100
2022-07-11,9.026450157165527,11.890000343322754,12.0,11.859999656677246,11.9399995803833,138600
2022-07-12,9.026450157165527,11.890000343322754,11.9399995803833,11.850000381469727,11.9399995803833,139700
2022-07-13,9.041631698608398,11.90999984741211,11.979999542236328,11.8100004196167,11.8100004196167,175500
2022-07-14,9.034039497375488,11.899999618530273,11.949999809265137,11.75,11.930000305175781,143800
2022-07-15,9.109955787658691,12.0,12.130000114440918,11.760000228881836,12.0,316700
2022-07-18,9.247754096984863,12.079999923706055,12.140000343322754,11.960000038146973,12.0,176500
2022-07-19,9.339620590209961,12.199999809265137,12.260000228881836,12.069999694824219,12.09000015258789,123200
2022-07-20,9.446795463562012,12.34000015258789,12.390000343322754,12.239999771118164,12.239999771118164,100500
2022-07-21,9.51569652557373,12.430000305175781,12.470000267028809,12.260000228881836,12.350000381469727,93500
2022-07-22,9.508042335510254,12.420000076293945,12.550000190734863,12.350000381469727,12.489999771118164,120100
2022-07-25,9.347277641296387,12.210000038146973,12.520000457763672,12.210000038146973,12.520000457763672,142100
2022-07-26,9.385554313659668,12.260000228881836,12.350000381469727,12.199999809265137,12.220000267028809,62300
2022-07-27,9.538661003112793,12.460000038146973,12.489999771118164,12.270000457763672,12.350000381469727,72100
2022-07-28,9.753013610839844,12.739999771118164,12.789999961853027,12.470000267028809,12.5,178900
2022-07-29,9.936744689941406,12.979999542236328,13.0,12.75,12.819999694824219,158500
2022-08-01,10.051575660705566,13.130000114440918,13.170000076293945,12.899999618530273,13.020000457763672,113100
2022-08-02,10.005643844604492,13.069999694824219,13.25,13.010000228881836,13.100000381469727,133600
2022-08-03,10.365447998046875,13.539999961853027,13.619999885559082,13.029999732971191,13.029999732971191,292300
2022-08-04,10.311858177185059,13.470000267028809,13.630000114440918,13.399999618530273,13.630000114440918,159300
2022-08-05,10.174060821533203,13.289999961853027,13.539999961853027,13.180000305175781,13.449999809265137,193000
2022-08-08,10.3731050491333,13.550000190734863,13.619999885559082,13.40999984741211,13.40999984741211,170200
2022-08-09,10.235306739807129,13.369999885559082,13.649999618530273,13.329999923706055,13.59000015258789,119500
2022-08-10,10.41137981414795,13.600000381469727,13.680000305175781,13.479999542236328,13.520000457763672,374500
2022-08-11,10.487933158874512,13.699999809265137,13.760000228881836,13.649999618530273,13.670000076293945,166300
2022-08-12,10.595110893249512,13.84000015258789,13.960000038146973,13.760000228881836,13.819999694824219,153500
2022-08-15,10.610421180725098,13.859999656677246,13.949999809265137,13.729999542236328,13.890000343322754,176900
2022-08-16,10.572144508361816,13.8100004196167,13.949999809265137,13.760000228881836,13.899999618530273,251100
2022-08-17,10.333094596862793,13.399999618530273,13.729999542236328,13.390000343322754,13.670000076293945,196800
2022-08-18,10.194293975830078,13.220000267028809,13.399999618530273,13.199999809265137,13.350000381469727,141100
2022-08-19,10.040067672729492,13.020000457763672,13.1899995803833,12.970000267028809,13.09000015258789,168500
2022-08-22,9.870417594909668,12.800000190734863,12.979999542236328,12.739999771118164,12.979999542236328,239500
2022-08-23,9.885843276977539,12.819999694824219,13.0,12.720000267028809,12.760000228881836,156000
2022-08-24,10.001511573791504,12.970000267028809,12.979999542236328,12.829999923706055,12.899999618530273,113500
2022-08-25,10.063200950622559,13.050000190734863,13.09000015258789,13.0,13.0,109500
2022-08-26,9.908974647521973,12.850000381469727,13.109999656677246,12.8100004196167,13.029999732971191,122500
2022-08-29,9.801017761230469,12.710000038146973,12.789999961853027,12.65999984741211,12.770000457763672,149900
2022-08-30,9.73161506652832,12.619999885559082,12.779999732971191,12.569999694824219,12.710000038146973,112700
2022-08-31,9.677638053894043,12.550000190734863,12.75,12.529999732971191,12.630000114440918,111600
2022-09-01,9.53112506866455,12.359999656677246,12.550000190734863,12.25,12.539999961853027,140100
2022-09-02,9.538833618164062,12.369999885559082,12.670000076293945,12.34000015258789,12.5,111700
2022-09-06,9.338337898254395,12.109999656677246,12.359999656677246,12.100000381469727,12.34000015258789,175400
2022-09-07,9.454011917114258,12.260000228881836,12.289999961853027,12.100000381469727,12.100000381469727,69800
2022-09-08,9.461722373962402,12.270000457763672,12.289999961853027,12.149999618530273,12.170000076293945,83600
2022-09-09,9.523411750793457,12.350000381469727,12.390000343322754,12.25,12.3100004196167,135000
2022-09-12,9.639081954956055,12.5,12.550000190734863,12.40999984741211,12.470000267028809,136200
2022-09-13,9.492568016052246,12.3100004196167,12.399999618530273,12.220000267028809,12.359999656677246,142200
2022-09-14,9.400032043457031,12.1899995803833,12.359999656677246,12.149999618530273,12.279999732971191,146500
2022-09-15,9.330632209777832,12.100000381469727,12.319999694824219,12.050000190734863,12.1899995803833,216000
2022-09-16,9.011835098266602,11.59000015258789,12.069999694824219,11.59000015258789,11.960000038146973,253500
2022-09-19,9.004059791564941,11.579999923706055,11.59000015258789,11.350000381469727,11.579999923706055,147800
2022-09-20,8.599730491638184,11.0600004196167,11.619999885559082,11.0600004196167,11.5,185100
2022-09-21,8.66971206665039,11.149999618530273,11.369999885559082,11.069999694824219,11.069999694824219,151200
2022-09-22,8.475322723388672,10.899999618530273,11.180000305175781,10.880000114440918,11.100000381469727,183800
2022-09-23,8.226505279541016,10.579999923706055,10.859999656677246,10.470000267028809,10.800000190734863,253900
2022-09-26,7.868829250335693,10.119999885559082,10.710000038146973,10.029999732971191,10.619999885559082,326600
2022-09-27,7.752199649810791,9.970000267028809,10.3100004196167,9.829999923706055,10.119999885559082,240000
2022-09-28,8.0087890625,10.300000190734863,10.34000015258789,9.859999656677246,9.960000038146973,176500
2022-09-29,7.66666841506958,9.859999656677246,10.300000190734863,9.779999732971191,10.25,166200
2022-09-30,7.783303260803223,10.010000228881836,10.170000076293945,9.800000190734863,9.9399995803833,244800
2022-10-03,7.822177410125732,10.0600004196167,10.109999656677246,9.670000076293945,10.09000015258789,215200
2022-10-04,8.296485900878906,10.670000076293945,10.6899995803833,10.220000267028809,10.220000267028809,228100
2022-10-05,8.14097785949707,10.470000267028809,10.609999656677246,10.170000076293945,10.5,162700
2022-10-06,7.993241310119629,10.279999732971191,10.59000015258789,10.220000267028809,10.5,120600
2022-10-07,7.884383201599121,10.140000343322754,10.199999809265137,10.020000457763672,10.15999984741211,204800
2022-10-10,7.783303260803223,10.010000228881836,10.300000190734863,9.920000076293945,10.210000038146973,161900
2022-10-11,7.868829250335693,10.119999885559082,10.210000038146973,9.850000381469727,9.960000038146973,121200
2022-10-12,7.9543609619140625,10.229999542236328,10.300000190734863,9.930000305175781,10.180000305175781,106800
2022-10-13,8.210954666137695,10.5600004196167,10.59000015258789,9.949999809265137,10.069999694824219,151900
2022-10-14,8.218729019165039,10.569999694824219,10.859999656677246,10.479999542236328,10.670000076293945,294000
2022-10-17,8.32077693939209,10.600000381469727,10.760000228881836,10.479999542236328,10.600000381469727,165200
2022-10-18,8.399272918701172,10.699999809265137,10.8100004196167,10.619999885559082,10.640000343322754,100400
2022-10-19,8.257979393005371,10.520000457763672,10.84000015258789,10.449999809265137,10.75,108400
2022-10-20,8.32077693939209,10.600000381469727,10.75,10.449999809265137,10.470000267028809,115600
2022-10-21,8.352177619934082,10.640000343322754,10.699999809265137,10.5,10.670000076293945,96200
2022-10-24,8.587669372558594,10.9399995803833,10.970000267028809,10.699999809265137,10.720000267028809,107100
2022-10-25,8.893814086914062,11.329999923706055,11.399999618530273,10.949999809265137,11.0,111200
2022-10-26,8.846714973449707,11.270000457763672,11.489999771118164,11.25,11.380000114440918,115000
2022-10-27,8.988011360168457,11.449999809265137,11.609999656677246,11.350000381469727,11.350000381469727,89400
2022-10-28,9.168556213378906,11.680000305175781,11.720000267028809,11.449999809265137,11.529999732971191,119500
2022-10-31,9.090058326721191,11.579999923706055,11.789999961853027,11.5,11.649999618530273,133800
2022-11-01,9.199956893920898,11.720000267028809,11.819999694824219,11.579999923706055,11.779999732971191,114500
2022-11-02,9.835787773132324,12.529999732971191,12.890000343322754,11.75,11.9399995803833,344100
2022-11-03,10.322474479675293,13.149999618530273,13.220000267028809,12.399999618530273,12.399999618530273,403600
2022-11-04,10.314624786376953,13.140000343322754,13.3100004196167,12.920000076293945,13.1899995803833,265500
2022-11-07,10.510868072509766,13.390000343322754,13.420000076293945,13.210000038146973,13.289999961853027,263200
2022-11-08,10.2910737991333,13.109999656677246,13.390000343322754,13.050000190734863,13.350000381469727,181700
2022-11-09,10.102682113647461,12.869999885559082,13.109999656677246,12.829999923706055,13.050000190734863,146800
2022-11-10,10.283224105834961,13.100000381469727,13.1899995803833,12.90999984741211,13.180000305175781,146900
2022-11-11,10.30677604675293,13.130000114440918,13.199999809265137,13.0600004196167,13.1899995803833,177100
2022-11-14,10.259675979614258,13.069999694824219,13.199999809265137,13.029999732971191,13.199999809265137,199700
2022-11-15,10.353875160217285,13.1899995803833,13.210000038146973,13.079999923706055,13.1899995803833,278200
2022-11-16,10.218894004821777,12.869999885559082,13.109999656677246,12.850000381469727,13.069999694824219,182800
2022-11-17,10.068032264709473,12.680000305175781,12.75,12.520000457763672,12.680000305175781,176600
2022-11-18,9.96480941772461,12.550000190734863,12.829999923706055,12.420000076293945,12.670000076293945,165100
2022-11-21,10.083910942077637,12.699999809265137,12.739999771118164,12.510000228881836,12.510000228881836,147700
2022-11-22,10.465034484863281,13.180000305175781,13.180000305175781,12.6899995803833,12.729999542236328,165700
2022-11-23,10.258590698242188,12.920000076293945,13.180000305175781,12.819999694824219,13.100000381469727,121600
2022-11-25,10.369755744934082,13.0600004196167,13.100000381469727,12.899999618530273,12.899999618530273,57900
2022-11-28,10.258590698242188,12.920000076293945,13.09000015258789,12.850000381469727,13.050000190734863,150900
2022-11-29,10.441215515136719,13.149999618530273,13.199999809265137,12.970000267028809,13.010000228881836,114000
2022-11-30,10.441215515136719,13.149999618530273,13.180000305175781,12.970000267028809,13.180000305175781,138700
2022-12-01,10.433276176452637,13.140000343322754,13.279999732971191,13.109999656677246,13.149999618530273,112800
2022-12-02,10.433276176452637,13.140000343322754,13.1899995803833,13.010000228881836,13.149999618530273,101000
2022-12-05,10.195072174072266,12.84000015258789,13.229999542236328,12.789999961853027,13.229999542236328,185600
2022-12-06,10.036271095275879,12.640000343322754,12.9399995803833,12.59000015258789,12.850000381469727,129600
2022-12-07,10.266534805297852,12.930000305175781,13.069999694824219,12.600000381469727,12.609999656677246,163900
2022-12-08,10.369755744934082,13.0600004196167,13.119999885559082,12.90999984741211,13.0,67100
2022-12-09,10.203011512756348,12.850000381469727,13.029999732971191,12.819999694824219,12.949999809265137,163000
2022-12-12,10.266534805297852,12.930000305175781,12.949999809265137,12.800000190734863,12.850000381469727,94100
2022-12-13,10.322114944458008,13.0,13.210000038146973,12.960000038146973,13.15999984741211,148100
2022-12-14,10.282411575317383,12.949999809265137,13.100000381469727,12.920000076293945,13.010000228881836,156500
2022-12-15,10.298295021057129,12.970000267028809,13.079999923706055,12.880000114440918,12.960000038146973,233500
2022-12-16,10.010004043579102,12.5,12.9399995803833,12.390000343322754,12.930000305175781,213700
2022-12-19,9.617612838745117,12.010000228881836,12.59000015258789,11.930000305175781,12.489999771118164,284800
2022-12-20,8.848845481872559,11.050000190734863,11.640000343322754,10.670000076293945,11.640000343322754,592900
2022-12-21,9.121118545532227,11.390000343322754,11.5600004196167,11.15999984741211,11.25,178900
2022-12-22,9.313309669494629,11.630000114440918,11.630000114440918,11.1899995803833,11.350000381469727,222200
2022-12-23,9.297290802001953,11.609999656677246,11.770000457763672,11.520000457763672,11.600000381469727,109600
2022-12-27,9.481477737426758,11.84000015258789,11.880000114440918,11.609999656677246,11.680000305175781,191500
2022-12-28,8.984979629516602,11.220000267028809,11.890000343322754,11.220000267028809,11.770000457763672,167100
2022-12-29,9.28928279876709,11.600000381469727,11.630000114440918,11.279999732971191,11.350000381469727,136300
2022-12-30,9.28928279876709,11.600000381469727,11.770000457763672,11.399999618530273,11.539999961853027,212000
2023-01-03,9.377372741699219,11.710000038146973,11.890000343322754,11.649999618530273,11.649999618530273,144000
2023-01-04,9.529526710510254,11.899999618530273,11.930000305175781,11.770000457763672,11.789999961853027,133800
2023-01-05,9.409404754638672,11.75,11.9399995803833,11.75,11.930000305175781,106800
2023-01-06,9.593588829040527,11.979999542236328,12.069999694824219,11.760000228881836,11.789999961853027,242000
2023-01-09,9.593588829040527,11.979999542236328,12.130000114440918,11.979999542236328,12.0,149600
2023-01-10,9.70569896697998,12.119999885559082,12.130000114440918,11.960000038146973,12.039999961853027,118000
2023-01-11,9.849844932556152,12.300000190734863,12.430000305175781,12.140000343322754,12.210000038146973,198000
2023-01-12,9.897894859313965,12.359999656677246,12.470000267028809,12.25,12.350000381469727,226800
2023-01-13,9.929924964904785,12.399999618530273,12.460000038146973,12.300000190734863,12.369999885559082,297500
2023-01-17,9.897604942321777,12.25,12.399999618530273,12.170000076293945,12.359999656677246,349300
2023-01-18,9.606739044189453,11.890000343322754,12.300000190734863,11.869999885559082,12.279999732971191,289100
2023-01-19,9.38050651550293,11.609999656677246,11.920000076293945,11.510000228881836,11.720000267028809,449200
2023-01-20,9.622899055480957,11.90999984741211,11.920000076293945,11.600000381469727,11.619999885559082,191600
2023-01-23,9.582497596740723,11.859999656677246,11.920000076293945,11.569999694824219,11.899999618530273,230600
2023-01-24,9.574419975280762,11.850000381469727,11.90999984741211,11.800000190734863,11.859999656677246,155800
2023-01-25,9.606739044189453,11.890000343322754,11.899999618530273,11.65999984741211,11.829999923706055,150500
2023-01-26,9.606739044189453,11.890000343322754,11.930000305175781,11.819999694824219,11.899999618530273,122800
2023-01-27,9.76025104522705,12.079999923706055,12.130000114440918,11.850000381469727,11.869999885559082,155700
2023-01-30,9.784491539001465,12.109999656677246,12.199999809265137,12.010000228881836,12.069999694824219,153500
2023-01-31,9.97032356262207,12.34000015258789,12.34000015258789,12.119999885559082,12.1899995803833,148600
2023-02-01,10.115757942199707,12.520000457763672,12.579999923706055,12.289999961853027,12.289999961853027,222500
2023-02-02,10.010720252990723,12.390000343322754,12.779999732971191,12.369999885559082,12.520000457763672,360000
2023-02-03,9.946084976196289,12.3100004196167,12.40999984741211,12.25,12.380000114440918,233200
2023-02-06,9.913766860961914,12.270000457763672,12.34000015258789,12.199999809265137,12.279999732971191,176400
2023-02-07,10.16423511505127,12.579999923706055,12.59000015258789,12.279999732971191,12.34000015258789,246200
2023-02-08,9.881443977355957,12.229999542236328,12.579999923706055,12.199999809265137,12.579999923706055,167400
2023-02-09,9.96224308013916,12.329999923706055,12.470000267028809,12.279999732971191,12.319999694824219,162400
2023-02-10,10.026881217956543,12.40999984741211,12.4399995803833,12.260000228881836,12.329999923706055,126900
2023-02-13,10.212713241577148,12.640000343322754,12.729999542236328,12.40999984741211,12.470000267028809,287300
2023-02-14,10.358147621154785,12.819999694824219,12.869999885559082,12.600000381469727,12.65999984741211,363700
2023-02-15,10.40662670135498,12.880000114440918,12.960000038146973,12.680000305175781,12.829999923706055,307600
2023-02-16,10.268088340759277,12.600000381469727,12.84000015258789,12.529999732971191,12.699999809265137,243000
2023-02-17,10.414773941040039,12.779999732971191,12.819999694824219,12.520000457763672,12.520000457763672,223400
2023-02-21,10.153999328613281,12.460000038146973,12.770000457763672,12.399999618530273,12.75,205700
2023-02-22,10.178444862365723,12.489999771118164,12.579999923706055,12.369999885559082,12.5,196800
2023-02-23,10.42292594909668,12.789999961853027,12.789999961853027,12.510000228881836,12.579999923706055,243600
2023-02-24,10.276236534118652,12.609999656677246,12.770000457763672,12.520000457763672,12.739999771118164,199400
2023-02-27,10.28438663482666,12.619999885559082,12.850000381469727,12.550000190734863,12.609999656677246,149100
2023-02-28,10.088802337646484,12.380000114440918,12.640000343322754,12.350000381469727,12.619999885559082,209700
2023-03-01,9.722086906433105,11.930000305175781,12.5,11.850000381469727,12.380000114440918,437600
2023-03-02,9.404264450073242,11.539999961853027,11.949999809265137,11.399999618530273,11.880000114440918,723800
2023-03-03,9.347219467163086,11.470000267028809,11.670000076293945,11.420000076293945,11.5600004196167,319100
2023-03-06,9.770981788635254,11.989999771118164,12.100000381469727,11.579999923706055,11.600000381469727,387800
2023-03-07,9.697639465332031,11.899999618530273,12.109999656677246,11.699999809265137,12.100000381469727,230900
2023-03-08,9.852476119995117,12.09000015258789,12.130000114440918,11.84000015258789,11.899999618530273,153800
2023-03-09,9.518353462219238,11.680000305175781,12.09000015258789,11.619999885559082,12.010000228881836,205900
2023-03-10,8.752320289611816,10.739999771118164,11.710000038146973,10.550000190734863,11.680000305175781,684600
2023-03-13,8.784920692443848,10.779999732971191,10.979999542236328,10.140000343322754,10.510000228881836,448000
2023-03-14,8.817517280578613,10.819999694824219,11.260000228881836,10.630000114440918,11.09000015258789,367900
2023-03-15,8.907158851623535,10.930000305175781,11.0600004196167,10.5600004196167,10.5600004196167,358400
2023-03-16,9.055335998535156,11.0,11.149999618530273,10.569999694824219,10.710000038146973,230300
2023-03-17,8.857766151428223,10.760000228881836,10.9399995803833,10.640000343322754,10.869999885559082,216200
2023-03-20,9.014177322387695,10.949999809265137,11.079999923706055,10.789999961853027,10.800000190734863,144700
2023-03-21,9.499873161315918,11.539999961853027,11.5600004196167,11.050000190734863,11.050000190734863,243600
2023-03-22,9.326998710632324,11.329999923706055,11.699999809265137,11.3100004196167,11.579999923706055,177200
2023-03-23,9.28583812713623,11.279999732971191,11.6899995803833,11.199999809265137,11.399999618530273,185000
2023-03-24,9.689212799072266,11.770000457763672,11.8100004196167,11.15999984741211,11.300000190734863,126100
2023-03-27,9.582195281982422,11.640000343322754,11.850000381469727,11.510000228881836,11.819999694824219,164700
2023-03-28,9.557497024536133,11.609999656677246,11.699999809265137,11.59000015258789,11.6899995803833,90200
2023-03-29,9.623353958129883,11.6899995803833,11.75,11.649999618530273,11.75,126700
2023-03-30,9.252907752990723,11.239999771118164,11.739999771118164,11.180000305175781,11.670000076293945,282700
2023-03-31,9.28583812713623,11.279999732971191,11.470000267028809,11.25,11.329999923706055,210900
2023-04-03,9.195283889770508,11.170000076293945,11.390000343322754,11.109999656677246,11.279999732971191,227000
2023-04-04,9.170586585998535,11.140000343322754,11.34000015258789,11.109999656677246,11.170000076293945,145400
2023-04-05,9.047103881835938,10.989999771118164,11.210000038146973,10.930000305175781,11.140000343322754,240900
2023-04-06,9.310532569885254,11.3100004196167,11.350000381469727,11.0600004196167,11.09000015258789,144400
2023-04-10,9.40108871459961,11.420000076293945,11.5,11.1899995803833,11.3100004196167,208500
2023-04-11,9.475175857543945,11.510000228881836,11.600000381469727,11.4399995803833,11.550000190734863,183800
2023-04-12,9.499873161315918,11.539999961853027,11.699999809265137,11.5,11.520000457763672,126600
2023-04-13,9.631586074829102,11.699999809265137,11.75,11.510000228881836,11.510000228881836,194100
2023-04-14,9.598654747009277,11.65999984741211,11.899999618530273,11.600000381469727,11.779999732971191,434800
2023-04-17,9.698383331298828,11.670000076293945,11.6899995803833,11.510000228881836,11.59000015258789,230300
2023-04-18,9.55710506439209,11.5,11.75,11.449999809265137,11.75,186300
2023-04-19,9.75655746459961,11.739999771118164,11.850000381469727,11.460000038146973,11.5,142300
2023-04-20,9.698383331298828,11.670000076293945,11.84000015258789,11.649999618530273,11.6899995803833,117500
2023-04-21,9.781489372253418,11.770000457763672,11.819999694824219,11.6899995803833,11.770000457763672,132700
2023-04-24,10.039114952087402,12.079999923706055,12.09000015258789,11.789999961853027,11.800000190734863,170100
2023-04-25,9.914459228515625,11.930000305175781,12.039999961853027,11.829999923706055,12.0,116600
2023-04-26,9.89783763885498,11.90999984741211,12.079999923706055,11.84000015258789,11.949999809265137,121900
2023-04-27,9.997563362121582,12.029999732971191,12.050000190734863,11.880000114440918,11.880000114440918,102600
2023-04-28,9.864594459533691,11.869999885559082,12.199999809265137,11.829999923706055,12.020000457763672,169900
2023-05-01,9.76486873626709,11.75,11.979999542236328,11.729999542236328,11.850000381469727,150700
2023-05-02,9.4241361618042,11.34000015258789,11.770000457763672,10.960000038146973,11.75,664800
2023-05-03,9.79810905456543,11.789999961853027,11.930000305175781,11.399999618530273,11.550000190734863,309300
2023-05-04,9.548796653747559,11.489999771118164,11.680000305175781,11.420000076293945,11.600000381469727,184300
2023-05-05,9.656830787658691,11.619999885559082,11.789999961853027,11.520000457763672,11.699999809265137,123700
2023-05-08,9.739937782287598,11.720000267028809,11.770000457763672,11.65999984741211,11.720000267028809,138400
2023-05-09,9.598655700683594,11.550000190734863,11.720000267028809,11.510000228881836,11.699999809265137,148000
2023-05-10,9.665140151977539,11.630000114440918,11.630000114440918,11.5,11.600000381469727,225600
2023-05-11,9.823042869567871,11.819999694824219,11.84000015258789,11.5,11.5,170100
2023-05-12,9.989253997802734,12.020000457763672,12.149999618530273,11.899999618530273,11.979999542236328,316100
2023-05-15,10.462953567504883,12.59000015258789,12.649999618530273,12.130000114440918,12.1899995803833,605900
2023-05-16,10.487885475158691,12.619999885559082,12.720000267028809,12.399999618530273,12.489999771118164,426100
2023-05-17,10.814845085144043,12.899999618530273,12.899999618530273,12.5,12.510000228881836,364900
2023-05-18,10.70585823059082,12.770000457763672,12.899999618530273,12.460000038146973,12.890000343322754,315500
2023-05-19,10.731009483337402,12.800000190734863,12.989999771118164,12.75,12.899999618530273,266200
2023-05-22,10.731009483337402,12.800000190734863,12.899999618530273,12.609999656677246,12.75,156400
2023-05-23,10.848381042480469,12.9399995803833,12.979999542236328,12.579999923706055,12.779999732971191,200100
2023-05-24,10.772928237915039,12.850000381469727,12.9399995803833,12.739999771118164,12.9399995803833,121300
2023-05-25,10.881912231445312,12.979999542236328,13.029999732971191,12.699999809265137,12.789999961853027,206700
2023-05-26,10.923832893371582,13.029999732971191,13.09000015258789,12.720000267028809,13.0,186700
2023-05-30,11.125040054321289,13.270000457763672,13.449999809265137,12.819999694824219,13.039999961853027,285800
2023-05-31,9.775278091430664,11.65999984741211,12.100000381469727,11.550000190734863,12.0,2318700
2023-06-01,9.959716796875,11.880000114440918,11.979999542236328,11.520000457763672,11.6899995803833,749200
2023-06-02,10.102237701416016,12.050000190734863,12.109999656677246,11.819999694824219,11.899999618530273,457000
2023-06-05,10.0519380569458,11.989999771118164,12.119999885559082,11.930000305175781,12.09000015258789,296300
2023-06-06,10.102237701416016,12.050000190734863,12.1899995803833,11.970000267028809,11.979999542236328,241900
2023-06-07,10.244760513305664,12.220000267028809,12.25,12.010000228881836,12.050000190734863,398700
2023-06-08,10.253142356872559,12.229999542236328,12.279999732971191,12.069999694824219,12.220000267028809,200300
2023-06-09,10.110624313354492,12.0600004196167,12.220000267028809,12.0,12.199999809265137,291000
2023-06-12,10.119006156921387,12.069999694824219,12.199999809265137,12.020000457763672,12.109999656677246,345200
2023-06-13,10.160924911499023,12.119999885559082,12.149999618530273,12.0600004196167,12.130000114440918,242500
2023-06-14,10.119006156921387,12.069999694824219,12.180000305175781,12.039999961853027,12.170000076293945,468500
2023-06-15,10.09362506866455,11.930000305175781,12.079999923706055,11.890000343322754,12.0,454900
2023-06-16,10.009017944335938,11.829999923706055,11.960000038146973,11.680000305175781,11.960000038146973,414900
2023-06-20,10.178231239318848,12.029999732971191,12.050000190734863,11.789999961853027,11.869999885559082,323300
2023-06-21,10.21207332611084,12.069999694824219,12.220000267028809,11.880000114440918,12.0,411300
2023-06-22,9.958251953125,11.770000457763672,12.029999732971191,11.75,12.020000457763672,284300
2023-06-23,9.865184783935547,11.65999984741211,11.84000015258789,11.609999656677246,11.75,290600
2023-06-26,10.076702117919922,11.90999984741211,11.90999984741211,11.6899995803833,11.720000267028809,143600
2023-06-27,9.983635902404785,11.800000190734863,11.890000343322754,11.75,11.890000343322754,197400
2023-06-28,10.059782028198242,11.890000343322754,11.9399995803833,11.800000190734863,11.829999923706055,159800
2023-06-29,10.220535278320312,12.079999923706055,12.119999885559082,11.90999984741211,11.9399995803833,183500
2023-06-30,10.220535278320312,12.079999923706055,12.149999618530273,12.039999961853027,12.109999656677246,192000
2023-07-03,10.406671524047852,12.300000190734863,12.300000190734863,12.100000381469727,12.149999618530273,193600
2023-07-05,10.465895652770996,12.369999885559082,12.40999984741211,12.229999542236328,12.260000228881836,276900
2023-07-06,10.364367485046387,12.25,12.350000381469727,12.039999961853027,12.350000381469727,229500
2023-07-07,10.389745712280273,12.279999732971191,12.359999656677246,12.25,12.25,163800
2023-07-10,10.533580780029297,12.449999809265137,12.489999771118164,12.289999961853027,12.289999961853027,245000
2023-07-11,10.542040824890137,12.460000038146973,12.600000381469727,12.460000038146973,12.5,452500
2023-07-12,10.694334030151367,12.640000343322754,12.75,12.529999732971191,12.600000381469727,332200
2023-07-13,10.998920440673828,13.0,13.09000015258789,12.699999809265137,12.75,523800
2023-07-14,10.939692497253418,12.930000305175781,13.149999618530273,12.789999961853027,13.0,481400
2023-07-17,10.743428230285645,12.59000015258789,12.869999885559082,12.4399995803833,12.850000381469727,463800
2023-07-18,10.828761100769043,12.6899995803833,12.949999809265137,12.619999885559082,12.619999885559082,264100
2023-07-19,11.007962226867676,12.899999618530273,12.970000267028809,12.779999732971191,12.779999732971191,247200
2023-07-20,10.879961967468262,12.75,12.960000038146973,12.699999809265137,12.859999656677246,217700
2023-07-21,10.999427795410156,12.890000343322754,12.949999809265137,12.760000228881836,12.8100004196167,179000
2023-07-24,11.093294143676758,13.0,13.15999984741211,12.859999656677246,12.90999984741211,395800
2023-07-25,11.033563613891602,12.930000305175781,13.0600004196167,12.850000381469727,12.979999542236328,248300
2023-07-26,11.15302848815918,13.069999694824219,13.130000114440918,12.90999984741211,12.90999984741211,266800
2023-07-27,11.110363006591797,13.020000457763672,13.1899995803833,12.989999771118164,13.050000190734863,197100
2023-07-28,11.17862606048584,13.100000381469727,13.1899995803833,13.0,13.0600004196167,225300
2023-07-31,11.195693969726562,13.119999885559082,13.25,13.09000015258789,13.229999542236328,233900
2023-08-01,11.246895790100098,13.180000305175781,13.180000305175781,13.010000228881836,13.079999923706055,148500
2023-08-02,11.323691368103027,13.270000457763672,13.399999618530273,13.100000381469727,13.199999809265137,308900
2023-08-03,11.255426406860352,13.1899995803833,13.390000343322754,13.119999885559082,13.25,197100
2023-08-04,10.589831352233887,12.40999984741211,13.0600004196167,12.239999771118164,13.039999961853027,898700
2023-08-07,10.410630226135254,12.199999809265137,12.420000076293945,12.130000114440918,12.420000076293945,378000
2023-08-08,10.419161796569824,12.210000038146973,12.25,12.140000343322754,12.199999809265137,279700
2023-08-09,10.419161796569824,12.210000038146973,12.260000228881836,12.050000190734863,12.25,218400
2023-08-10,10.478896141052246,12.279999732971191,12.380000114440918,12.15999984741211,12.380000114440918,199300
2023-08-11,10.572762489318848,12.390000343322754,12.430000305175781,12.220000267028809,12.279999732971191,183200
2023-08-14,10.734895706176758,12.579999923706055,12.649999618530273,12.369999885559082,12.399999618530273,271300
2023-08-15,10.658096313476562,12.489999771118164,12.630000114440918,12.449999809265137,12.579999923706055,307000
2023-08-16,10.503131866455078,12.199999809265137,12.470000267028809,12.15999984741211,12.359999656677246,220600
2023-08-17,10.27929401397705,11.9399995803833,12.199999809265137,11.90999984741211,12.180000305175781,299700
2023-08-18,10.365386009216309,12.039999961853027,12.109999656677246,11.699999809265137,11.890000343322754,226700
2023-08-21,10.27929401397705,11.9399995803833,12.15999984741211,11.90999984741211,12.109999656677246,222200
2023-08-22,10.124330520629883,11.760000228881836,11.949999809265137,11.710000038146973,11.949999809265137,215800
2023-08-23,10.287904739379883,11.949999809265137,12.010000228881836,11.729999542236328,11.760000228881836,234300
2023-08-24,10.124330520629883,11.760000228881836,11.949999809265137,11.720000267028809,11.890000343322754,154500
2023-08-25,10.193203926086426,11.84000015258789,11.930000305175781,11.720000267028809,11.829999923706055,191700
2023-08-28,10.227640151977539,11.880000114440918,11.949999809265137,11.850000381469727,11.890000343322754,184800
2023-08-29,10.296513557434082,11.960000038146973,11.979999542236328,11.8100004196167,11.829999923706055,105500
2023-08-30,10.305123329162598,11.970000267028809,12.100000381469727,11.920000076293945,11.949999809265137,159300
2023-08-31,10.227640151977539,11.880000114440918,12.0600004196167,11.850000381469727,11.960000038146973,175100
2023-09-01,10.330948829650879,12.0,12.079999923706055,11.890000343322754,12.0,201600
2023-09-05,10.270685195922852,11.930000305175781,12.029999732971191,11.899999618530273,12.010000228881836,164900
2023-09-06,10.13293743133545,11.770000457763672,11.960000038146973,11.75,11.899999618530273,201000
2023-09-07,10.08989429473877,11.720000267028809,11.880000114440918,11.720000267028809,11.779999732971191,184000
2023-09-08,10.107110977172852,11.739999771118164,11.819999694824219,11.710000038146973,11.710000038146973,131900
2023-09-11,10.270685195922852,11.930000305175781,11.9399995803833,11.75,11.75,209400
2023-09-12,10.322338104248047,11.989999771118164,12.069999694824219,11.930000305175781,11.949999809265137,162400
2023-09-13,10.382603645324707,12.0600004196167,12.140000343322754,11.890000343322754,12.010000228881836,203400
2023-09-14,10.520350456237793,12.220000267028809,12.229999542236328,12.069999694824219,12.069999694824219,202800
2023-09-15,10.46008586883545,12.149999618530273,12.229999542236328,12.069999694824219,12.229999542236328,367300
2023-09-18,10.355831146240234,11.920000076293945,12.029999732971191,11.899999618530273,12.020000457763672,239000
2023-09-19,10.26895523071289,11.819999694824219,11.970000267028809,11.779999732971191,11.930000305175781,175900
2023-09-20,10.260266304016113,11.8100004196167,11.890000343322754,11.8100004196167,11.819999694824219,193500
2023-09-21,10.147326469421387,11.680000305175781,11.75,11.649999618530273,11.699999809265137,262400
2023-09-22,10.138635635375977,11.670000076293945,11.760000228881836,11.649999618530273,11.699999809265137,207800
2023-09-25,10.017009735107422,11.529999732971191,11.670000076293945,11.5,11.670000076293945,304000
2023-09-26,9.886691093444824,11.380000114440918,11.539999961853027,11.359999656677246,11.489999771118164,183700
2023-09-27,10.017009735107422,11.529999732971191,11.640000343322754,11.529999732971191,11.579999923706055,231600
2023-09-28,10.260266304016113,11.8100004196167,11.8100004196167,11.569999694824219,11.59000015258789,131200
2023-09-29,10.32108211517334,11.880000114440918,11.979999542236328,11.819999694824219,11.869999885559082,134100
2023-10-02,10.242890357971191,11.789999961853027,11.960000038146973,11.710000038146973,11.90999984741211,214000
2023-10-03,10.077825546264648,11.600000381469727,11.850000381469727,11.520000457763672,11.779999732971191,288900
2023-10-04,10.182077407836914,11.720000267028809,11.739999771118164,11.449999809265137,11.59000015258789,213600
2023-10-05,10.425333976745605,12.0,12.0,11.75,11.770000457763672,193300
2023-10-06,10.486150741577148,12.069999694824219,12.100000381469727,11.850000381469727,11.930000305175781,178800
2023-10-09,10.616466522216797,12.220000267028809,12.260000228881836,11.989999771118164,12.0,181600
2023-10-10,10.685970306396484,12.300000190734863,12.359999656677246,12.199999809265137,12.220000267028809,169300
2023-10-11,10.772847175598145,12.399999618530273,12.399999618530273,12.25,12.289999961853027,183900
2023-10-12,10.746782302856445,12.369999885559082,12.539999961853027,12.319999694824219,12.420000076293945,301800
2023-10-13,10.599090576171875,12.199999809265137,12.449999809265137,12.119999885559082,12.449999809265137,175800
2023-10-16,10.781535148620605,12.40999984741211,12.550000190734863,12.300000190734863,12.430000305175781,370000
2023-10-17,10.413384437561035,11.880000114440918,12.15999984741211,11.649999618530273,12.010000228881836,432900
2023-10-18,10.413384437561035,11.880000114440918,12.0600004196167,11.829999923706055,11.880000114440918,242100
2023-10-19,10.150418281555176,11.579999923706055,11.850000381469727,11.529999732971191,11.850000381469727,255100
2023-10-20,10.106592178344727,11.529999732971191,11.760000228881836,11.5,11.539999961853027,215700
2023-10-23,9.79980182647705,11.180000305175781,11.529999732971191,11.140000343322754,11.5,366700
2023-10-24,9.931282043457031,11.329999923706055,11.579999923706055,11.229999542236328,11.289999961853027,291100
2023-10-25,9.703377723693848,11.069999694824219,11.369999885559082,11.0600004196167,11.260000228881836,235400
2023-10-26,9.677083015441895,11.039999961853027,11.180000305175781,11.020000457763672,11.0600004196167,210600
2023-10-27,9.519304275512695,10.859999656677246,11.079999923706055,10.789999961853027,11.020000457763672,211600
2023-10-30,9.563131332397461,10.90999984741211,10.979999542236328,10.75,10.859999656677246,239200
2023-10-31,9.712145805358887,11.079999923706055,11.140000343322754,10.880000114440918,10.920000076293945,105000
2023-11-01,10.176715850830078,11.609999656677246,11.6899995803833,11.149999618530273,11.399999618530273,290900
2023-11-02,10.413384437561035,11.880000114440918,11.90999984741211,11.59000015258789,11.65999984741211,201800
2023-11-03,10.404619216918945,11.869999885559082,12.039999961853027,11.869999885559082,12.0,192500
2023-11-06,10.527335166931152,12.010000228881836,12.069999694824219,11.779999732971191,11.850000381469727,281900
2023-11-07,10.448445320129395,11.920000076293945,12.0,11.84000015258789,11.949999809265137,131100
2023-11-08,10.483508110046387,11.960000038146973,12.0600004196167,11.899999618530273,11.989999771118164,122500
2023-11-09,10.51856803894043,12.0,12.210000038146973,11.960000038146973,12.050000190734863,225800
2023-11-10,10.623756408691406,12.119999885559082,12.210000038146973,12.029999732971191,12.130000114440918,209200
2023-11-13,10.676348686218262,12.180000305175781,12.300000190734863,12.140000343322754,12.199999809265137,262000
2023-11-14,10.842891693115234,12.369999885559082,12.430000305175781,12.25,12.25,241400
2023-11-15,10.728941917419434,12.239999771118164,12.479999542236328,12.220000267028809,12.430000305175781,303500
2023-11-16,10.631243705749512,11.970000267028809,12.15999984741211,11.930000305175781,12.109999656677246,221900
2023-11-17,10.720060348510742,12.069999694824219,12.140000343322754,11.970000267028809,11.970000267028809,125300
2023-11-20,10.773347854614258,12.130000114440918,12.130000114440918,11.989999771118164,12.050000190734863,139800
2023-11-21,10.720060348510742,12.069999694824219,12.100000381469727,11.979999542236328,12.0,152200
2023-11-22,10.888808250427246,12.260000228881836,12.270000457763672,12.09000015258789,12.09000015258789,155200
2023-11-24,10.924336433410645,12.300000190734863,12.319999694824219,12.229999542236328,12.279999732971191,84200
2023-11-27,10.906571388244629,12.279999732971191,12.350000381469727,12.239999771118164,12.3100004196167,175900
2023-11-28,10.879927635192871,12.25,12.399999618530273,12.1899995803833,12.279999732971191,195300
2023-11-29,10.986506462097168,12.369999885559082,12.489999771118164,12.300000190734863,12.300000190734863,141100
2023-11-30,10.959861755371094,12.34000015258789,12.420000076293945,12.270000457763672,12.300000190734863,143400
2023-12-01,11.030914306640625,12.420000076293945,12.430000305175781,12.270000457763672,12.369999885559082,142700
2023-12-04,11.084202766418457,12.479999542236328,12.5,12.399999618530273,12.449999809265137,187300
2023-12-05,11.06644058227539,12.460000038146973,12.479999542236328,12.319999694824219,12.479999542236328,121200
2023-12-06,11.199665069580078,12.609999656677246,12.609999656677246,12.430000305175781,12.479999542236328,269300
2023-12-07,11.306241989135742,12.729999542236328,12.75,12.59000015258789,12.609999656677246,194100
2023-12-08,11.403940200805664,12.84000015258789,12.84000015258789,12.699999809265137,12.710000038146973,133300
2023-12-11,11.377294540405273,12.8100004196167,12.880000114440918,12.75,12.800000190734863,193300
2023-12-12,11.430583953857422,12.869999885559082,12.920000076293945,12.800000190734863,12.850000381469727,151900
2023-12-13,11.563809394836426,13.020000457763672,13.029999732971191,12.680000305175781,12.850000381469727,252100
2023-12-14,11.661506652832031,13.130000114440918,13.1899995803833,13.050000190734863,13.130000114440918,216800
2023-12-15,11.617097854614258,13.079999923706055,13.25,13.0,13.25,340100
2023-12-18,11.661883354187012,13.020000457763672,13.220000267028809,12.920000076293945,13.050000190734863,288800
2023-12-19,11.706666946411133,13.069999694824219,13.170000076293945,12.970000267028809,12.970000267028809,230300
2023-12-20,11.697709083557129,13.0600004196167,13.170000076293945,13.020000457763672,13.100000381469727,171500
2023-12-21,11.76041030883789,13.130000114440918,13.15999984741211,13.020000457763672,13.119999885559082,149500
2023-12-22,11.849976539611816,13.229999542236328,13.279999732971191,13.09000015258789,13.100000381469727,188400
2023-12-26,11.841020584106445,13.220000267028809,13.279999732971191,13.170000076293945,13.25,196600
2023-12-27,11.93058967590332,13.319999694824219,13.380000114440918,13.180000305175781,13.180000305175781,173900
2023-12-28,12.038073539733887,13.4399995803833,13.5,13.300000190734863,13.350000381469727,264300
2023-12-29,11.796236038208008,13.170000076293945,13.449999809265137,13.130000114440918,13.4399995803833,307600
2024-01-02,11.876848220825195,13.260000228881836,13.279999732971191,13.010000228881836,13.149999618530273,262400
2024-01-03,11.957460403442383,13.350000381469727,13.40999984741211,13.220000267028809,13.25,170700
2024-01-04,12.190339088439941,13.609999656677246,13.680000305175781,13.380000114440918,13.430000305175781,288400
2024-01-05,12.199296951293945,13.619999885559082,13.729999542236328,13.550000190734863,13.579999923706055,219300
2024-01-08,12.1724271774292,13.59000015258789,13.609999656677246,13.210000038146973,13.470000267028809,358000
2024-01-09,11.912676811218262,13.300000190734863,13.579999923706055,13.25,13.430000305175781,246900
2024-01-10,12.020157814025879,13.420000076293945,13.479999542236328,13.239999771118164,13.319999694824219,163600
2024-01-11,12.109728813171387,13.520000457763672,13.579999923706055,13.220000267028809,13.4399995803833,187900
2024-01-12,12.208253860473633,13.630000114440918,13.699999809265137,13.510000228881836,13.520000457763672,216500
2024-01-16,11.545443534851074,12.890000343322754,13.710000038146973,12.760000228881836,13.680000305175781,765900
2024-01-17,11.59964656829834,12.84000015258789,13.010000228881836,12.569999694824219,12.75,310000
2024-01-18,11.464137077331543,12.6899995803833,12.970000267028809,12.600000381469727,12.890000343322754,211700
2024-01-19,11.527376174926758,12.760000228881836,12.979999542236328,12.619999885559082,12.770000457763672,189400
2024-01-22,11.879700660705566,13.149999618530273,13.1899995803833,12.800000190734863,12.800000190734863,314500
2024-01-23,11.979076385498047,13.260000228881836,13.329999923706055,13.100000381469727,13.100000381469727,194300
2024-01-24,11.861632347106934,13.130000114440918,13.380000114440918,13.050000190734863,13.380000114440918,196500
2024-01-25,11.961008071899414,13.239999771118164,13.270000457763672,13.140000343322754,13.220000267028809,92500
2024-01-26,11.979076385498047,13.260000228881836,13.350000381469727,13.199999809265137,13.239999771118164,116200
2024-01-29,11.961008071899414,13.239999771118164,13.260000228881836,13.149999618530273,13.170000076293945,160600
2024-01-30,11.970041275024414,13.25,13.359999656677246,13.199999809265137,13.229999542236328,128200
2024-01-31,11.753225326538086,13.010000228881836,13.300000190734863,12.970000267028809,13.270000457763672,121100
2024-02-01,11.915837287902832,13.1899995803833,13.199999809265137,12.869999885559082,13.050000190734863,194200
2024-02-02,12.087482452392578,13.380000114440918,13.399999618530273,13.130000114440918,13.260000228881836,160000
2024-02-05,11.988109588623047,13.270000457763672,13.350000381469727,13.149999618530273,13.3100004196167,123500
2024-02-06,11.879700660705566,13.149999618530273,13.300000190734863,13.010000228881836,13.270000457763672,162400
2024-02-07,11.8254976272583,13.09000015258789,13.140000343322754,13.050000190734863,13.100000381469727,132200
2024-02-08,11.8254976272583,13.09000015258789,13.170000076293945,13.039999961853027,13.100000381469727,86300
2024-02-09,11.933904647827148,13.210000038146973,13.229999542236328,13.010000228881836,13.09000015258789,140000
2024-02-12,12.006176948547363,13.289999961853027,13.420000076293945,13.109999656677246,13.220000267028809,226200
2024-02-13,11.933904647827148,13.210000038146973,13.319999694824219,13.010000228881836,13.199999809265137,180300
2024-02-14,12.087482452392578,13.380000114440918,13.420000076293945,13.220000267028809,13.3100004196167,275500
2024-02-15,12.133026123046875,13.319999694824219,13.380000114440918,13.149999618530273,13.210000038146973,187300
2024-02-16,11.987285614013672,13.15999984741211,13.289999961853027,13.140000343322754,13.199999809265137,194800
2024-02-20,11.92352294921875,13.09000015258789,13.149999618530273,13.0600004196167,13.0600004196167,135400
2024-02-21,12.014609336853027,13.1899995803833,13.25,13.020000457763672,13.09000015258789,271600
2024-02-22,11.96906852722168,13.140000343322754,13.289999961853027,13.109999656677246,13.1899995803833,145900
2024-02-23,11.832433700561523,12.989999771118164,13.199999809265137,12.949999809265137,13.140000343322754,143800
2024-02-26,11.850651741027832,13.010000228881836,13.119999885559082,12.979999542236328,13.029999732971191,141800
2024-02-27,11.932634353637695,13.100000381469727,13.100000381469727,12.970000267028809,13.100000381469727,221200
2024-02-28,11.112832069396973,12.199999809265137,12.920000076293945,12.069999694824219,12.920000076293945,941400
2024-02-29,10.876001358032227,11.9399995803833,12.25,11.75,12.210000038146973,672600
2024-03-01,10.83956527709961,11.899999618530273,11.9399995803833,11.619999885559082,11.899999618530273,390000
2024-03-04,10.866893768310547,11.930000305175781,11.970000267028809,11.859999656677246,11.920000076293945,248400
2024-03-05,10.766695976257324,11.819999694824219,11.989999771118164,11.800000190734863,11.979999542236328,248100
2024-03-06,10.675607681274414,11.720000267028809,11.9399995803833,11.649999618530273,11.920000076293945,536900
2024-03-07,10.538973808288574,11.569999694824219,11.789999961853027,11.5600004196167,11.789999961853027,450700
2024-03-08,10.712041854858398,11.760000228881836,11.800000190734863,11.59000015258789,11.619999885559082,425700
2024-03-11,10.912435531616211,11.979999542236328,12.029999732971191,11.729999542236328,11.8100004196167,503500
2024-03-12,10.657388687133789,11.699999809265137,12.119999885559082,11.649999618530273,11.989999771118164,674600
2024-03-13,10.54808235168457,11.579999923706055,11.789999961853027,11.569999694824219,11.680000305175781,448400
2024-03-14,10.50253677368164,11.529999732971191,11.619999885559082,11.4399995803833,11.579999923706055,297100
2024-03-15,10.61184310913086,11.649999618530273,11.680000305175781,11.460000038146973,11.630000114440918,495100
2024-03-18,10.482542991638184,11.350000381469727,11.539999961853027,11.329999923706055,11.5,480800
2024-03-19,10.445602416992188,11.3100004196167,11.350000381469727,11.199999809265137,11.350000381469727,366800
2024-03-20,10.380949974060059,11.239999771118164,11.279999732971191,11.100000381469727,11.270000457763672,492100
2024-03-21,10.482542991638184,11.350000381469727,11.359999656677246,11.199999809265137,11.260000228881836,316700
2024-03-22,10.353245735168457,11.210000038146973,11.319999694824219,11.180000305175781,11.319999694824219,257700
2024-03-25,10.316302299499512,11.170000076293945,11.270000457763672,11.15999984741211,11.220000267028809,320200
2024-03-26,10.334773063659668,11.1899995803833,11.239999771118164,11.149999618530273,11.149999618530273,210700
2024-03-27,10.380949974060059,11.239999771118164,11.25,11.15999984741211,11.15999984741211,292700
2024-03-28,10.501015663146973,11.369999885559082,11.4399995803833,11.229999542236328,11.239999771118164,319600
2024-04-01,10.427129745483398,11.289999961853027,11.479999542236328,11.289999961853027,11.479999542236328,271600
2024-04-02,10.362479209899902,11.220000267028809,11.350000381469727,11.199999809265137,11.300000190734863,361000
2024-04-03,10.436365127563477,11.300000190734863,11.390000343322754,11.199999809265137,11.239999771118164,210700
2024-04-04,10.390188217163086,11.25,11.430000305175781,11.239999771118164,11.319999694824219,264600
2024-04-05,10.390188217163086,11.25,11.289999961853027,11.130000114440918,11.220000267028809,200600
2024-04-08,10.45483684539795,11.319999694824219,11.329999923706055,11.25,11.300000190734863,187500
2024-04-09,10.473308563232422,11.34000015258789,11.369999885559082,11.300000190734863,11.34000015258789,186600
2024-04-10,10.436365127563477,11.300000190734863,11.350000381469727,11.229999542236328,11.270000457763672,187800
2024-04-11,10.390188217163086,11.25,11.350000381469727,11.25,11.350000381469727,138800
2024-04-12,10.353245735168457,11.210000038146973,11.3100004196167,11.180000305175781,11.300000190734863,294200
2024-04-15,10.371715545654297,11.229999542236328,11.350000381469727,11.1899995803833,11.270000457763672,350500
2024-04-16,10.390188217163086,11.25,11.329999923706055,11.149999618530273,11.289999961853027,415000
2024-04-17,10.446149826049805,11.199999809265137,11.25,11.109999656677246,11.15999984741211,207400
2024-04-18,10.604705810546875,11.369999885559082,11.369999885559082,11.15999984741211,11.239999771118164,243600
2024-04-19,10.716629981994629,11.489999771118164,11.5,11.300000190734863,11.329999923706055,294200
2024-04-22,10.66066837310791,11.430000305175781,11.510000228881836,11.420000076293945,11.470000267028809,205500
2024-04-23,10.893840789794922,11.680000305175781,11.6899995803833,11.4399995803833,11.4399995803833,228500
2024-04-24,10.828553199768066,11.609999656677246,11.710000038146973,11.569999694824219,11.699999809265137,129800
2024-04-25,10.753936767578125,11.529999732971191,11.600000381469727,11.5,11.569999694824219,140200
2024-04-26,10.85653305053711,11.640000343322754,11.649999618530273,11.5,11.529999732971191,125700
2024-04-29,10.83788013458252,11.619999885559082,11.739999771118164,11.579999923706055,11.65999984741211,237100
2024-04-30,10.6793212890625,11.449999809265137,11.619999885559082,11.399999618530273,11.619999885559082,326600
2024-05-01,10.99643611907959,11.789999961853027,11.859999656677246,11.399999618530273,11.40999984741211,408000
2024-05-02,10.99643611907959,11.789999961853027,11.8100004196167,11.670000076293945,11.789999961853027,162400
2024-05-03,11.015091896057129,11.8100004196167,11.9399995803833,11.800000190734863,11.8100004196167,224100
2024-05-06,10.977783203125,11.770000457763672,11.90999984741211,11.75,11.850000381469727,325900
2024-05-07,10.987109184265137,11.779999732971191,11.899999618530273,11.710000038146973,11.819999694824219,263200
2024-05-08,10.931148529052734,11.720000267028809,11.850000381469727,11.720000267028809,11.789999961853027,173100
2024-05-09,11.00576400756836,11.800000190734863,11.800000190734863,11.75,11.770000457763672,162800
2024-05-10,11.043069839477539,11.84000015258789,11.850000381469727,11.8100004196167,11.84000015258789,202800
2024-05-13,11.080378532409668,11.880000114440918,11.920000076293945,11.819999694824219,11.84000015258789,249100
2024-05-14,11.108359336853027,11.90999984741211,11.960000038146973,11.859999656677246,11.899999618530273,283400
2024-05-15,10.949801445007324,11.739999771118164,11.979999542236328,11.710000038146973,11.979999542236328,641400
2024-05-16,10.893311500549316,11.569999694824219,11.720000267028809,11.539999961853027,11.6899995803833,272800
2024-05-17,10.883896827697754,11.5600004196167,11.600000381469727,11.510000228881836,11.600000381469727,272600
2024-05-20,10.883896827697754,11.5600004196167,11.619999885559082,11.550000190734863,11.5600004196167,247000
2024-05-21,10.9309720993042,11.609999656677246,11.619999885559082,11.550000190734863,11.569999694824219,164000
2024-05-22,10.893311500549316,11.569999694824219,11.600000381469727,11.529999732971191,11.600000381469727,179500
2024-05-23,10.836821556091309,11.510000228881836,11.569999694824219,11.479999542236328,11.569999694824219,189800
2024-05-24,10.996878623962402,11.680000305175781,11.680000305175781,11.529999732971191,11.529999732971191,183800
2024-05-28,10.874481201171875,11.550000190734863,11.6899995803833,11.550000190734863,11.65999984741211,169800
2024-05-29,10.883896827697754,11.5600004196167,11.649999618530273,11.449999809265137,11.649999618530273,146000
2024-05-30,10.902726173400879,11.579999923706055,11.640000343322754,11.550000190734863,11.569999694824219,158800
2024-05-31,10.921558380126953,11.600000381469727,11.609999656677246,11.529999732971191,11.550000190734863,227200
2024-06-03,11.21342658996582,11.90999984741211,11.930000305175781,11.619999885559082,11.619999885559082,518900
2024-06-04,11.128689765930176,11.819999694824219,11.899999618530273,11.729999542236328,11.899999618530273,218800
2024-06-05,11.22283935546875,11.920000076293945,11.9399995803833,11.680000305175781,11.819999694824219,270400
2024-06-06,11.269916534423828,11.970000267028809,12.050000190734863,11.90999984741211,11.920000076293945,229400
2024-06-07,11.401729583740234,12.109999656677246,12.109999656677246,11.949999809265137,11.960000038146973,206200
2024-06-10,11.345237731933594,12.050000190734863,12.100000381469727,11.949999809265137,12.069999694824219,264400
2024-06-11,11.335822105407715,12.039999961853027,12.050000190734863,11.949999809265137,11.949999809265137,127800
2024-06-12,11.44880485534668,12.15999984741211,12.220000267028809,12.0600004196167,12.0600004196167,254400
2024-06-13,11.392313957214355,12.100000381469727,12.25,12.050000190734863,12.239999771118164,268200
2024-06-14,11.28874683380127,11.989999771118164,12.109999656677246,11.930000305175781,12.109999656677246,296100
2024-06-17,11.212728500366211,11.800000190734863,11.859999656677246,11.600000381469727,11.699999809265137,312700
2024-06-18,11.184222221374512,11.770000457763672,11.880000114440918,11.75,11.770000457763672,157700
2024-06-20,11.241235733032227,11.829999923706055,11.890000343322754,11.779999732971191,11.779999732971191,130400
2024-06-21,11.136710166931152,11.720000267028809,11.869999885559082,11.710000038146973,11.84000015258789,165700
2024-06-24,11.231732368469238,11.819999694824219,11.829999923706055,11.710000038146973,11.720000267028809,200200
2024-06-25,11.222230911254883,11.8100004196167,11.880000114440918,11.760000228881836,11.850000381469727,176400
2024-06-26,11.203225135803223,11.789999961853027,11.84000015258789,11.770000457763672,11.789999961853027,174700
2024-06-27,11.250737190246582,11.84000015258789,11.920000076293945,11.789999961853027,11.800000190734863,104100
2024-06-28,11.440783500671387,12.039999961853027,12.130000114440918,11.859999656677246,11.859999656677246,218600
2024-07-01,11.412276268005371,12.010000228881836,12.130000114440918,11.960000038146973,12.079999923706055,156800
2024-07-02,11.488296508789062,12.09000015258789,12.100000381469727,11.970000267028809,12.010000228881836,131900
2024-07-03,11.459789276123047,12.0600004196167,12.109999656677246,12.039999961853027,12.100000381469727,114300
2024-07-05,11.469290733337402,12.069999694824219,12.100000381469727,12.029999732971191,12.09000015258789,196000
2024-07-08,11.668840408325195,12.279999732971191,12.329999923706055,12.100000381469727,12.100000381469727,476200
2024-07-09,11.545309066772461,12.149999618530273,12.329999923706055,12.130000114440918,12.289999961853027,171500
2024-07-10,11.687845230102539,12.300000190734863,12.300000190734863,12.140000343322754,12.170000076293945,155800
2024-07-11,11.83988094329834,12.460000038146973,12.470000267028809,12.260000228881836,12.34000015258789,225800
2024-07-12,11.877889633178711,12.5,12.579999923706055,12.460000038146973,12.479999542236328,193300
2024-07-15,11.934904098510742,12.5600004196167,12.59000015258789,12.460000038146973,12.5,326700
2024-07-16,11.773365020751953,12.390000343322754,12.630000114440918,12.380000114440918,12.609999656677246,487500
2024-07-17,11.859651565551758,12.369999885559082,12.430000305175781,12.270000457763672,12.279999732971191,176000
2024-07-18,11.696664810180664,12.199999809265137,12.449999809265137,12.09000015258789,12.3100004196167,349900
2024-07-19,11.648727416992188,12.149999618530273,12.220000267028809,12.079999923706055,12.210000038146973,116000
2024-07-22,11.754190444946289,12.260000228881836,12.260000228881836,12.119999885559082,12.15999984741211,183800
2024-07-23,11.667902946472168,12.170000076293945,12.270000457763672,12.079999923706055,12.220000267028809,142500
2024-07-24,11.667902946472168,12.170000076293945,12.229999542236328,12.09000015258789,12.15999984741211,189600
2024-07-25,11.696664810180664,12.199999809265137,12.270000457763672,12.149999618530273,12.180000305175781,135300
2024-07-26,11.763776779174805,12.270000457763672,12.329999923706055,12.220000267028809,12.239999771118164,128700
2024-07-29,11.667902946472168,12.170000076293945,12.279999732971191,12.130000114440918,12.239999771118164,158400
2024-07-30,11.562440872192383,12.0600004196167,12.109999656677246,12.010000228881836,12.079999923706055,221600
2024-07-31,11.159769058227539,11.640000343322754,12.039999961853027,11.550000190734863,12.010000228881836,407400
2024-08-01,11.131006240844727,11.609999656677246,11.729999542236328,11.550000190734863,11.680000305175781,244900
2024-08-02,10.757097244262695,11.220000267028809,11.59000015258789,11.170000076293945,11.59000015258789,439800
2024-08-05,10.41195011138916,10.859999656677246,10.920000076293945,10.510000228881836,10.770000457763672,704300
2024-08-06,10.747509956359863,11.210000038146973,11.25,10.930000305175781,11.0,338800
2024-08-07,10.881733894348145,11.350000381469727,11.399999618530273,11.239999771118164,11.329999923706055,230500
2024-08-08,10.824210166931152,11.289999961853027,11.399999618530273,11.1899995803833,11.350000381469727,286100
2024-08-09,10.977607727050781,11.449999809265137,11.460000038146973,11.300000190734863,11.350000381469727,176400
2024-08-12,10.77627182006836,11.239999771118164,11.420000076293945,11.210000038146973,11.399999618530273,430900
2024-08-13,10.785859107971191,11.25,11.289999961853027,11.199999809265137,11.279999732971191,216700
2024-08-14,10.91049575805664,11.380000114440918,11.399999618530273,11.210000038146973,11.210000038146973,244200
2024-08-15,10.881733894348145,11.350000381469727,11.470000267028809,11.319999694824219,11.430000305175781,392900
2024-08-16,10.813965797424316,11.170000076293945,11.289999961853027,11.109999656677246,11.289999961853027,260900
2024-08-19,10.823647499084473,11.180000305175781,11.180000305175781,11.010000228881836,11.15999984741211,453300
2024-08-20,10.678427696228027,11.029999732971191,11.15999984741211,11.020000457763672,11.140000343322754,319900
2024-08-21,10.784921646118164,11.140000343322754,11.149999618530273,11.0,11.029999732971191,208600
2024-08-22,10.72683334350586,11.079999923706055,11.149999618530273,11.069999694824219,11.100000381469727,153500
2024-08-23,10.717151641845703,11.069999694824219,11.1899995803833,11.029999732971191,11.180000305175781,280900
2024-08-26,10.668745994567871,11.020000457763672,11.109999656677246,11.0,11.039999961853027,311500
2024-08-27,10.668745994567871,11.020000457763672,11.079999923706055,10.979999542236328,11.0600004196167,221800
2024-08-28,10.620340347290039,10.970000267028809,11.039999961853027,10.930000305175781,11.0,193700
2024-08-29,10.659065246582031,11.010000228881836,11.029999732971191,10.970000267028809,10.970000267028809,183200
2024-08-30,10.69779109954834,11.050000190734863,11.100000381469727,11.010000228881836,11.020000457763672,192300
2024-09-03,10.72683334350586,11.079999923706055,11.149999618530273,11.050000190734863,11.050000190734863,236100
2024-09-04,10.688108444213867,11.039999961853027,11.140000343322754,11.029999732971191,11.0600004196167,173800
2024-09-05,10.717151641845703,11.069999694824219,11.109999656677246,11.039999961853027,11.100000381469727,116000
2024-09-06,10.668745994567871,11.020000457763672,11.109999656677246,10.970000267028809,11.079999923706055,216400
2024-09-09,10.707470893859863,11.0600004196167,11.09000015258789,11.010000228881836,11.020000457763672,257900
2024-09-10,10.659065246582031,11.010000228881836,11.09000015258789,10.930000305175781,11.069999694824219,272400
2024-09-11,10.630021095275879,10.979999542236328,11.050000190734863,10.949999809265137,11.050000190734863,182100
2024-09-12,10.639702796936035,10.989999771118164,11.039999961853027,10.960000038146973,11.0,355200
2024-09-13,10.649382591247559,11.0,11.020000457763672,10.930000305175781,11.010000228881836,545800
2024-09-16,10.659162521362305,10.899999618530273,11.010000228881836,10.819999694824219,10.9399995803833,518000
2024-09-17,10.7178373336792,10.960000038146973,11.079999923706055,10.880000114440918,10.90999984741211,446800
2024-09-18,10.659162521362305,10.899999618530273,10.989999771118164,10.850000381469727,10.970000267028809,270800
2024-09-19,10.541813850402832,10.779999732971191,10.949999809265137,10.720000267028809,10.930000305175781,660300
2024-09-20,10.42446517944336,10.65999984741211,10.75,10.619999885559082,10.739999771118164,414500
2024-09-23,10.346233367919922,10.579999923706055,10.680000305175781,10.5,10.680000305175781,637600
2024-09-24,10.42446517944336,10.65999984741211,10.680000305175781,10.479999542236328,10.59000015258789,420400
2024-09-25,10.375570297241211,10.609999656677246,10.640000343322754,10.550000190734863,10.630000114440918,271000
2024-09-26,10.375570297241211,10.609999656677246,10.649999618530273,10.59000015258789,10.630000114440918,206000
2024-09-27,10.444023132324219,10.680000305175781,10.770000457763672,10.609999656677246,10.609999656677246,255100
2024-09-30,10.41468620300293,10.649999618530273,10.729999542236328,10.609999656677246,10.680000305175781,344600
2024-10-01,10.346233367919922,10.579999923706055,10.65999984741211,10.510000228881836,10.649999618530273,266800
2024-10-02,10.346233367919922,10.579999923706055,10.630000114440918,10.539999961853027,10.609999656677246,202200
2024-10-03,10.356012344360352,10.59000015258789,10.630000114440918,10.550000190734863,10.569999694824219,198900
2024-10-04,10.365792274475098,10.600000381469727,10.649999618530273,10.579999923706055,10.609999656677246,234900
2024-10-07,10.365792274475098,10.600000381469727,10.640000343322754,10.550000190734863,10.59000015258789,307100
2024-10-08,10.356012344360352,10.59000015258789,10.59000015258789,10.5,10.550000190734863,233000
2024-10-09,10.4049072265625,10.640000343322754,10.649999618530273,10.579999923706055,10.59000015258789,226800
2024-10-10,10.444023132324219,10.680000305175781,10.680000305175781,10.59000015258789,10.649999618530273,271600
2024-10-11,10.22888469696045,10.460000038146973,10.680000305175781,10.359999656677246,10.680000305175781,645800
2024-10-14,10.248442649841309,10.479999542236328,10.529999732971191,10.350000381469727,10.5,371000
2024-10-15,10.307117462158203,10.539999961853027,10.579999923706055,10.460000038146973,10.5,350200
2024-10-16,10.365792274475098,10.600000381469727,10.6899995803833,10.539999961853027,10.5600004196167,901800
2024-10-17,10.207685470581055,10.329999923706055,10.550000190734863,10.319999694824219,10.5,563500
2024-10-18,10.069342613220215,10.1899995803833,10.319999694824219,10.180000305175781,10.319999694824219,477000
2024-10-21,10.108869552612305,10.229999542236328,10.25,10.050000190734863,10.180000305175781,576300
2024-10-22,9.940882682800293,10.0600004196167,10.229999542236328,10.029999732971191,10.210000038146973,522700
2024-10-23,9.940882682800293,10.0600004196167,10.079999923706055,9.970000267028809,10.010000228881836,397800
2024-10-24,10.178040504455566,10.300000190734863,10.300000190734863,10.0600004196167,10.069999694824219,605100
2024-10-25,9.950763702392578,10.069999694824219,10.229999542236328,10.069999694824219,10.199999809265137,326600
2024-10-28,10.010053634643555,10.130000114440918,10.140000343322754,10.050000190734863,10.050000190734863,358400
2024-10-29,9.891474723815918,10.010000228881836,10.100000381469727,9.989999771118164,10.100000381469727,364300
2024-10-30,9.575263023376465,9.6899995803833,9.989999771118164,9.300000190734863,9.949999809265137,1135600
2024-10-31,9.535737037658691,9.649999618530273,9.789999961853027,9.619999885559082,9.670000076293945,372300
2024-11-01,9.32822322845459,9.4399995803833,9.770000457763672,9.420000076293945,9.640000343322754,608600
2024-11-04,9.160237312316895,9.270000457763672,9.4399995803833,9.180000305175781,9.40999984741211,730400
2024-11-05,9.17011833190918,9.279999732971191,9.300000190734863,9.210000038146973,9.270000457763672,366100
2024-11-06,9.298579216003418,9.40999984741211,9.4399995803833,9.34000015258789,9.399999618530273,475200
2024-11-07,9.36775016784668,9.479999542236328,9.640000343322754,9.390000343322754,9.420000076293945,596400
2024-11-08,9.496210098266602,9.609999656677246,9.630000114440918,9.460000038146973,9.510000228881836,623800
2024-11-11,9.278816223144531,9.390000343322754,9.699999809265137,9.329999923706055,9.619999885559082,583400
2024-11-12,9.150355339050293,9.260000228881836,9.399999618530273,9.25,9.380000114440918,605800
2024-11-13,9.219526290893555,9.329999923706055,9.369999885559082,9.239999771118164,9.270000457763672,579900
2024-11-14,9.091065406799316,9.199999809265137,9.399999618530273,9.180000305175781,9.380000114440918,897700
2024-11-15,9.061420440673828,9.170000076293945,9.1899995803833,9.069999694824219,9.170000076293945,570900
2024-11-18,9.120709419250488,9.229999542236328,9.279999732971191,9.199999809265137,9.199999809265137,406000
2024-11-19,9.160237312316895,9.270000457763672,9.300000190734863,9.149999618530273,9.180000305175781,330000
2024-11-20,9.13059139251709,9.239999771118164,9.270000457763672,9.140000343322754,9.270000457763672,252800
2024-11-21,9.11082935333252,9.220000267028809,9.289999961853027,9.220000267028809,9.220000267028809,283400
2024-11-22,9.180000305175781,9.289999961853027,9.34000015258789,9.220000267028809,9.229999542236328,623400
2024-11-25,9.150355339050293,9.260000228881836,9.369999885559082,9.260000228881836,9.300000190734863,396000
2024-11-26,9.13059139251709,9.239999771118164,9.279999732971191,9.180000305175781,9.279999732971191,337400
2024-11-27,9.180000305175781,9.289999961853027,9.3100004196167,9.25,9.25,315200
2024-11-29,9.229408264160156,9.34000015258789,9.380000114440918,9.279999732971191,9.289999961853027,231300
2024-12-02,9.229408264160156,9.34000015258789,9.390000343322754,9.270000457763672,9.350000381469727,527000
2024-12-03,9.239290237426758,9.350000381469727,9.430000305175781,9.34000015258789,9.350000381469727,330600
2024-12-04,9.288697242736816,9.399999618530273,9.40999984741211,9.319999694824219,9.350000381469727,378600
2024-12-05,9.189881324768066,9.300000190734863,9.449999809265137,9.279999732971191,9.430000305175781,419500
2024-12-06,9.259052276611328,9.369999885559082,9.390000343322754,9.300000190734863,9.319999694824219,351800
2024-12-09,9.249170303344727,9.359999656677246,9.390000343322754,9.319999694824219,9.369999885559082,379800
2024-12-10,9.249170303344727,9.359999656677246,9.390000343322754,9.289999961853027,9.359999656677246,297800
2024-12-11,9.278816223144531,9.390000343322754,9.40999984741211,9.329999923706055,9.34000015258789,303600
2024-12-12,9.288697242736816,9.399999618530273,9.4399995803833,9.350000381469727,9.40999984741211,487000
2024-12-13,9.180000305175781,9.289999961853027,9.399999618530273,9.270000457763672,9.369999885559082,715600
2024-12-16,8.569999694824219,8.569999694824219,9.260000228881836,8.5,9.239999771118164,1760300
2024-12-17,8.789999961853027,8.789999961853027,8.8100004196167,8.460000038146973,8.569999694824219,1020300
2024-12-18,8.789999961853027,8.789999961853027,9.020000457763672,8.739999771118164,8.850000381469727,742200
2024-12-19,8.829999923706055,8.829999923706055,8.90999984741211,8.649999618530273,8.8100004196167,500400
2024-12-20,8.850000381469727,8.850000381469727,9.010000228881836,8.760000228881836,8.770000457763672,492500
