Date,Adj Close,Close,High,Low,Open,Volume
2022-06-28,10.800000190734863,10.800000190734863,12.039999961853027,10.100000381469727,11.75,5211500
2022-06-29,9.710000038146973,9.710000038146973,10.6899995803833,8.359999656677246,10.380000114440918,1518000
2022-06-30,8.699999809265137,8.699999809265137,9.369999885559082,8.300000190734863,9.369999885559082,735600
2022-07-01,9.010000228881836,9.010000228881836,9.340999603271484,8.359999656677246,8.5,113400
2022-07-05,8.699999809265137,8.699999809265137,9.5,8.5,9.5,98900
2022-07-06,8.869999885559082,8.869999885559082,9.529999732971191,8.762999534606934,9.100000381469727,218800
2022-07-07,9.119999885559082,9.119999885559082,10.470000267028809,8.859999656677246,10.470000267028809,175000
2022-07-08,8.970000267028809,8.970000267028809,9.489999771118164,8.850000381469727,9.270000457763672,356400
2022-07-11,8.8100004196167,8.8100004196167,9.65999984741211,8.75,9.149999618530273,634800
2022-07-12,8.050000190734863,8.050000190734863,8.800000190734863,8.0,8.739999771118164,112700
2022-07-13,8.0649995803833,8.0649995803833,8.281000137329102,7.738999843597412,7.929999828338623,109200
2022-07-14,7.940000057220459,7.940000057220459,8.109999656677246,7.710000038146973,8.069999694824219,30700
2022-07-15,8.010000228881836,8.010000228881836,8.100000381469727,7.959000110626221,7.960000038146973,15200
2022-07-18,7.65500020980835,7.65500020980835,8.300999641418457,7.635000228881836,8.170000076293945,64700
2022-07-19,7.909999847412109,7.909999847412109,8.100000381469727,7.599999904632568,7.875,130700
2022-07-20,8.100000381469727,8.100000381469727,8.319999694824219,7.900000095367432,8.09000015258789,126800
2022-07-21,8.149999618530273,8.149999618530273,8.229999542236328,7.78000020980835,8.149999618530273,84600
2022-07-22,8.5,8.5,8.649999618530273,7.010000228881836,7.010000228881836,158200
2022-07-25,8.649999618530273,8.649999618530273,8.859999656677246,8.600000381469727,8.789999961853027,140100
2022-07-26,8.529999732971191,8.529999732971191,8.859999656677246,8.451000213623047,8.859999656677246,102200
2022-07-27,8.800000190734863,8.800000190734863,9.569999694824219,8.699999809265137,8.720000267028809,130100
2022-07-28,8.529999732971191,8.529999732971191,9.010000228881836,8.34000015258789,8.6899995803833,58000
2022-07-29,9.199999809265137,9.199999809265137,9.380000114440918,8.5,8.5,199700
2022-08-01,8.75,8.75,9.420000076293945,8.619999885559082,9.420000076293945,109800
2022-08-02,8.739999771118164,8.739999771118164,9.199999809265137,8.550000190734863,8.850000381469727,61500
2022-08-03,8.789999961853027,8.789999961853027,8.989999771118164,8.5,8.800000190734863,62700
2022-08-04,8.9399995803833,8.9399995803833,9.121999740600586,8.461000442504883,8.619999885559082,35400
2022-08-05,8.9399995803833,8.9399995803833,9.050000190734863,8.630000114440918,8.8100004196167,35100
2022-08-08,9.050000190734863,9.050000190734863,9.567999839782715,8.835000038146973,8.890000343322754,80100
2022-08-09,9.199999809265137,9.199999809265137,9.279999732971191,8.770000457763672,9.09000015258789,56000
2022-08-10,9.59000015258789,9.59000015258789,9.640000343322754,8.960000038146973,9.25,49400
2022-08-11,9.720000267028809,9.720000267028809,9.869999885559082,9.119999885559082,9.479999542236328,52100
2022-08-12,9.9399995803833,9.9399995803833,9.960000038146973,9.489999771118164,9.699999809265137,31900
2022-08-15,9.9399995803833,9.9399995803833,10.010000228881836,9.359999656677246,10.0,79300
2022-08-16,10.0600004196167,10.0600004196167,10.199999809265137,9.800000190734863,10.0,72000
2022-08-17,9.729999542236328,9.729999542236328,10.229999542236328,9.529999732971191,10.149999618530273,37000
2022-08-18,9.5,9.5,10.10099983215332,9.430000305175781,9.920000076293945,137700
2022-08-19,9.5,9.5,9.699999809265137,9.0,9.029999732971191,71500
2022-08-22,9.350000381469727,9.350000381469727,9.779999732971191,9.100000381469727,9.779999732971191,41900
2022-08-23,9.270000457763672,9.270000457763672,9.569999694824219,9.010000228881836,9.300000190734863,36500
2022-08-24,9.199999809265137,9.199999809265137,9.300000190734863,9.0,9.279999732971191,20000
2022-08-25,9.600000381469727,9.600000381469727,9.789999961853027,9.149999618530273,9.670000076293945,51000
2022-08-26,10.09000015258789,10.09000015258789,10.100000381469727,9.699999809265137,9.699999809265137,89000
2022-08-29,9.520000457763672,9.520000457763672,10.399999618530273,9.289999961853027,10.399999618530273,78000
2022-08-30,9.930000305175781,9.930000305175781,10.100000381469727,9.670000076293945,9.930000305175781,90700
2022-08-31,9.630000114440918,9.630000114440918,9.880000114440918,9.600000381469727,9.850000381469727,71500
2022-09-01,9.899999618530273,9.899999618530273,9.899999618530273,9.3100004196167,9.680000305175781,128800
2022-09-02,10.100000381469727,10.100000381469727,10.220000267028809,9.630000114440918,9.9399995803833,54400
2022-09-06,10.970000267028809,10.970000267028809,11.1899995803833,10.149999618530273,10.210000038146973,204100
2022-09-07,10.899999618530273,10.899999618530273,11.03499984741211,10.520000457763672,10.65999984741211,88000
2022-09-08,10.890000343322754,10.890000343322754,11.0,10.680000305175781,10.9399995803833,55100
2022-09-09,11.109999656677246,11.109999656677246,11.40999984741211,10.84000015258789,11.180000305175781,86800
2022-09-12,11.149999618530273,11.149999618530273,11.3100004196167,11.039999961853027,11.210000038146973,81700
2022-09-13,10.75,10.75,11.529999732971191,10.600000381469727,11.140000343322754,650500
2022-09-14,10.09000015258789,10.09000015258789,10.630000114440918,10.09000015258789,10.619999885559082,102500
2022-09-15,9.779999732971191,9.779999732971191,10.680000305175781,9.5600004196167,10.569999694824219,194300
2022-09-16,8.75,8.75,9.779999732971191,8.670000076293945,9.779999732971191,2449200
2022-09-19,8.460000038146973,8.460000038146973,8.920000076293945,8.220000267028809,8.59000015258789,274900
2022-09-20,8.430000305175781,8.430000305175781,8.720000267028809,8.180000305175781,8.489999771118164,240000
2022-09-21,8.449999809265137,8.449999809265137,8.770000457763672,8.260000228881836,8.449999809265137,137800
2022-09-22,8.859999656677246,8.859999656677246,8.949999809265137,8.579999923706055,8.699999809265137,162300
2022-09-23,8.050000190734863,8.050000190734863,8.970000267028809,7.860000133514404,8.859999656677246,240000
2022-09-26,7.980000019073486,7.980000019073486,8.170000076293945,7.775000095367432,7.920000076293945,138200
2022-09-27,8.109999656677246,8.109999656677246,8.239999771118164,7.880000114440918,7.989999771118164,134200
2022-09-28,8.350000381469727,8.350000381469727,8.649999618530273,8.029999732971191,8.069999694824219,72000
2022-09-29,8.529999732971191,8.529999732971191,8.529999732971191,8.109999656677246,8.25,118000
2022-09-30,8.25,8.25,8.529999732971191,8.109999656677246,8.399999618530273,128600
2022-10-03,8.930000305175781,8.930000305175781,8.979999542236328,8.25,8.25,106200
2022-10-04,9.199999809265137,9.199999809265137,9.350000381469727,8.880000114440918,8.989999771118164,177100
2022-10-05,9.199999809265137,9.199999809265137,9.3100004196167,8.779999732971191,8.859999656677246,82500
2022-10-06,9.1899995803833,9.1899995803833,9.369999885559082,9.010000228881836,9.010000228881836,93200
2022-10-07,8.899999618530273,8.899999618530273,9.369999885559082,8.739999771118164,9.079999923706055,116900
2022-10-10,8.359999656677246,8.359999656677246,8.960000038146973,8.324999809265137,8.960000038146973,50200
2022-10-11,8.25,8.25,8.600000381469727,7.940000057220459,8.399999618530273,134200
2022-10-12,7.909999847412109,7.909999847412109,8.239999771118164,7.809999942779541,8.220000267028809,83500
2022-10-13,8.170000076293945,8.170000076293945,8.260000228881836,7.730000019073486,7.760000228881836,51700
2022-10-14,7.909999847412109,7.909999847412109,8.09000015258789,7.610000133514404,8.09000015258789,54700
2022-10-17,8.1899995803833,8.1899995803833,8.390999794006348,7.96999979019165,8.25,74800
2022-10-18,8.180000305175781,8.180000305175781,8.390000343322754,7.920000076293945,8.380000114440918,84700
2022-10-19,8.170000076293945,8.170000076293945,8.220000267028809,7.940000057220459,8.210000038146973,46800
2022-10-20,7.960000038146973,7.960000038146973,8.539999961853027,7.885000228881836,8.210000038146973,80100
2022-10-21,8.5,8.5,8.609999656677246,7.875,8.0,58200
2022-10-24,9.109999656677246,9.109999656677246,9.15999984741211,8.300000190734863,8.5,90600
2022-10-25,9.430000305175781,9.430000305175781,9.520000457763672,8.9399995803833,9.279999732971191,110900
2022-10-26,9.449999809265137,9.449999809265137,9.739999771118164,9.180000305175781,9.710000038146973,75800
2022-10-27,9.380000114440918,9.380000114440918,9.489999771118164,9.050000190734863,9.489999771118164,60500
2022-10-28,9.850000381469727,9.850000381469727,9.899999618530273,9.130000114440918,9.300000190734863,60300
2022-10-31,10.460000038146973,10.460000038146973,10.699999809265137,9.619999885559082,9.850000381469727,86500
2022-11-01,10.420000076293945,10.420000076293945,10.960000038146973,10.300000190734863,10.84000015258789,86500
2022-11-02,10.020000457763672,10.020000457763672,10.75,9.84000015258789,10.529999732971191,89800
2022-11-03,10.260000228881836,10.260000228881836,10.489999771118164,9.5,9.520000457763672,53200
2022-11-04,10.720000267028809,10.720000267028809,10.8100004196167,10.270000457763672,10.6899995803833,106700
2022-11-07,10.619999885559082,10.619999885559082,10.970000267028809,10.420000076293945,10.880000114440918,53300
2022-11-08,11.0,11.0,11.100000381469727,10.350000381469727,10.9399995803833,94200
2022-11-09,10.789999961853027,10.789999961853027,11.65999984741211,10.569999694824219,10.890000343322754,307600
2022-11-10,11.770000457763672,11.770000457763672,11.789999961853027,11.229999542236328,11.6899995803833,286900
2022-11-11,11.970000267028809,11.970000267028809,12.220000267028809,11.6899995803833,11.770000457763672,191000
2022-11-14,12.079999923706055,12.079999923706055,12.140000343322754,11.680000305175781,11.720000267028809,143000
2022-11-15,12.470000267028809,12.470000267028809,12.649999618530273,11.640000343322754,12.199999809265137,138800
2022-11-16,12.199999809265137,12.199999809265137,12.449999809265137,12.050000190734863,12.210000038146973,113200
2022-11-17,11.0,11.0,12.09000015258789,10.789999961853027,12.09000015258789,148400
2022-11-18,10.90999984741211,10.90999984741211,11.359999656677246,10.779999732971191,11.359999656677246,318200
2022-11-21,9.979999542236328,9.979999542236328,10.960000038146973,9.5600004196167,10.960000038146973,191700
2022-11-22,10.239999771118164,10.239999771118164,10.390000343322754,9.8100004196167,10.199999809265137,318600
2022-11-23,10.319999694824219,10.319999694824219,10.4399995803833,10.0600004196167,10.0600004196167,53800
2022-11-25,9.890000343322754,9.890000343322754,10.479999542236328,9.86299991607666,10.390000343322754,27300
2022-11-28,9.850000381469727,9.850000381469727,10.140000343322754,9.699999809265137,9.869999885559082,90200
2022-11-29,10.119999885559082,10.119999885559082,10.604999542236328,10.069999694824219,10.180000305175781,282700
2022-11-30,10.529999732971191,10.529999732971191,10.569999694824219,9.739999771118164,10.130000114440918,203200
2022-12-01,10.180000305175781,10.180000305175781,10.854999542236328,10.100000381469727,10.600000381469727,72000
2022-12-02,11.819999694824219,11.819999694824219,12.324999809265137,10.680000305175781,10.789999961853027,329200
2022-12-05,11.5600004196167,11.5600004196167,11.920000076293945,11.319999694824219,11.739999771118164,151300
2022-12-06,10.630000114440918,10.630000114440918,11.460000038146973,10.5,11.449999809265137,112500
2022-12-07,10.569999694824219,10.569999694824219,10.789999961853027,10.5,10.649999618530273,81600
2022-12-08,10.789999961853027,10.789999961853027,10.979999542236328,10.539999961853027,10.539999961853027,113500
2022-12-09,10.829999923706055,10.829999923706055,11.350000381469727,10.739999771118164,10.930000305175781,132200
2022-12-12,10.760000228881836,10.760000228881836,11.0,10.550000190734863,11.0,91500
2022-12-13,11.4399995803833,11.4399995803833,11.789999961853027,10.899999618530273,10.989999771118164,168300
2022-12-14,12.430000305175781,12.430000305175781,12.489999771118164,11.279999732971191,11.420000076293945,222600
2022-12-15,12.430000305175781,12.430000305175781,12.550000190734863,11.619999885559082,12.350000381469727,245900
2022-12-16,14.989999771118164,14.989999771118164,15.529999732971191,12.0,12.369999885559082,1566100
2022-12-19,13.100000381469727,13.100000381469727,14.65999984741211,12.732000350952148,14.600000381469727,545400
2022-12-20,12.8100004196167,12.8100004196167,13.100000381469727,12.550999641418457,12.970000267028809,254700
2022-12-21,12.399999618530273,12.399999618530273,13.0,12.220000267028809,12.899999618530273,242400
2022-12-22,11.65999984741211,11.65999984741211,12.399999618530273,11.350000381469727,12.119999885559082,155400
2022-12-23,12.229999542236328,12.229999542236328,12.289999961853027,11.109999656677246,11.449999809265137,243600
2022-12-27,12.489999771118164,12.489999771118164,12.539999961853027,12.135000228881836,12.460000038146973,236800
2022-12-28,11.3100004196167,11.3100004196167,12.239999771118164,11.210000038146973,11.9399995803833,183000
2022-12-29,11.779999732971191,11.779999732971191,11.90999984741211,11.279999732971191,11.279999732971191,100400
2022-12-30,12.149999618530273,12.149999618530273,12.350000381469727,11.760000228881836,11.779999732971191,199500
2023-01-03,11.859999656677246,11.859999656677246,12.5,11.770000457763672,12.09000015258789,158800
2023-01-04,11.800000190734863,11.800000190734863,11.949999809265137,11.640000343322754,11.800000190734863,104300
2023-01-05,11.829999923706055,11.829999923706055,12.029999732971191,11.640000343322754,11.850000381469727,138900
2023-01-06,12.319999694824219,12.319999694824219,12.550000190734863,11.800000190734863,11.800000190734863,178500
2023-01-09,13.510000228881836,13.510000228881836,13.890000343322754,12.5600004196167,13.020000457763672,298100
2023-01-10,13.75,13.75,14.069999694824219,13.34000015258789,13.420000076293945,160800
2023-01-11,14.1899995803833,14.1899995803833,14.789999961853027,13.869999885559082,14.289999961853027,290100
2023-01-12,14.140000343322754,14.140000343322754,14.324999809265137,13.892000198364258,14.300000190734863,164900
2023-01-13,14.59000015258789,14.59000015258789,15.039999961853027,14.140000343322754,14.1899995803833,225200
2023-01-17,13.619999885559082,13.619999885559082,15.0600004196167,13.085000038146973,15.0600004196167,404400
2023-01-18,13.880000114440918,13.880000114440918,14.050000190734863,13.5600004196167,13.779999732971191,204200
2023-01-19,13.6899995803833,13.6899995803833,13.850000381469727,13.359999656677246,13.359999656677246,233700
2023-01-20,13.609999656677246,13.609999656677246,13.819999694824219,13.354999542236328,13.819999694824219,248300
2023-01-23,13.710000038146973,13.710000038146973,13.800000190734863,13.444999694824219,13.6899995803833,240600
2023-01-24,13.800000190734863,13.800000190734863,14.020000457763672,13.699999809265137,13.699999809265137,260100
2023-01-25,13.770000457763672,13.770000457763672,13.899999618530273,13.710000038146973,13.850000381469727,154400
2023-01-26,13.579999923706055,13.579999923706055,13.960000038146973,13.260000228881836,13.789999961853027,160200
2023-01-27,13.460000038146973,13.460000038146973,13.600000381469727,13.050000190734863,13.4399995803833,110000
2023-01-30,13.470000267028809,13.470000267028809,13.539999961853027,13.220000267028809,13.460000038146973,120300
2023-01-31,13.25,13.25,13.59000015258789,13.020000457763672,13.489999771118164,190000
2023-02-01,13.229999542236328,13.229999542236328,13.430000305175781,12.380000114440918,12.970000267028809,305200
2023-02-02,13.199999809265137,13.199999809265137,13.420000076293945,12.899999618530273,13.079999923706055,127200
2023-02-03,13.069999694824219,13.069999694824219,13.529999732971191,12.829999923706055,13.0600004196167,265200
2023-02-06,12.890000343322754,12.890000343322754,13.12399959564209,12.510000228881836,12.819999694824219,282500
2023-02-07,13.130000114440918,13.130000114440918,13.149999618530273,12.59000015258789,12.850000381469727,227200
2023-02-08,13.369999885559082,13.369999885559082,13.449999809265137,12.789999961853027,13.25,396700
2023-02-09,13.170000076293945,13.170000076293945,14.1899995803833,13.079999923706055,14.0,559300
2023-02-10,13.329999923706055,13.329999923706055,13.489999771118164,13.069999694824219,13.380000114440918,357700
2023-02-13,13.0600004196167,13.0600004196167,13.75,13.010000228881836,13.75,254100
2023-02-14,15.09000015258789,15.09000015258789,15.489999771118164,12.899999618530273,13.020000457763672,710700
2023-02-15,14.979999542236328,14.979999542236328,15.930000305175781,14.864999771118164,15.930000305175781,245400
2023-02-16,15.350000381469727,15.350000381469727,15.710000038146973,14.704999923706055,15.100000381469727,303900
2023-02-17,15.229999542236328,15.229999542236328,15.4399995803833,14.925000190734863,15.279999732971191,175700
2023-02-21,15.489999771118164,15.489999771118164,15.979999542236328,15.029999732971191,15.029999732971191,503500
2023-02-22,14.90999984741211,14.90999984741211,15.779999732971191,14.708000183105469,15.779999732971191,295000
2023-02-23,14.550000190734863,14.550000190734863,15.015000343322754,14.489999771118164,14.699999809265137,239200
2023-02-24,14.170000076293945,14.170000076293945,14.529999732971191,13.869999885559082,14.529999732971191,219600
2023-02-27,14.369999885559082,14.369999885559082,14.680000305175781,14.050000190734863,14.239999771118164,244900
2023-02-28,15.029999732971191,15.029999732971191,15.029999732971191,14.3100004196167,14.3100004196167,1128600
2023-03-01,15.460000038146973,15.460000038146973,15.640000343322754,14.9350004196167,14.979999542236328,646400
2023-03-02,15.25,15.25,15.359999656677246,14.989999771118164,15.170000076293945,427100
2023-03-03,15.829999923706055,15.829999923706055,15.880000114440918,15.300000190734863,15.5,479700
2023-03-06,16.329999923706055,16.329999923706055,16.549999237060547,15.550000190734863,15.829999923706055,510400
2023-03-07,15.149999618530273,15.149999618530273,16.329999923706055,15.020000457763672,16.0,474300
2023-03-08,15.020000457763672,15.020000457763672,15.25,14.8100004196167,15.100000381469727,298600
2023-03-09,13.670000076293945,13.670000076293945,15.020000457763672,13.59000015258789,14.960000038146973,466400
2023-03-10,12.850000381469727,12.850000381469727,13.789999961853027,12.34000015258789,13.619999885559082,501100
2023-03-13,12.699999809265137,12.699999809265137,12.800000190734863,12.300000190734863,12.720000267028809,410400
2023-03-14,12.850000381469727,12.850000381469727,13.319999694824219,12.5,12.84000015258789,450900
2023-03-15,11.739999771118164,11.739999771118164,13.039999961853027,11.300000190734863,12.050000190734863,600200
2023-03-16,11.220000267028809,11.220000267028809,11.899999618530273,11.069999694824219,11.899999618530273,623300
2023-03-17,11.670000076293945,11.670000076293945,12.220000267028809,10.970000267028809,11.319999694824219,4402500
2023-03-20,11.829999923706055,11.829999923706055,12.170000076293945,11.40999984741211,11.649999618530273,529800
2023-03-21,11.850000381469727,11.850000381469727,12.265000343322754,11.770000457763672,11.90999984741211,350100
2023-03-22,11.260000228881836,11.260000228881836,11.880000114440918,11.260000228881836,11.880000114440918,398800
2023-03-23,11.0,11.0,11.779999732971191,10.920000076293945,11.479999542236328,231800
2023-03-24,11.020000457763672,11.020000457763672,11.09000015258789,10.569999694824219,10.90999984741211,328800
2023-03-27,11.229999542236328,11.229999542236328,11.369999885559082,10.899999618530273,10.970000267028809,251600
2023-03-28,11.399999618530273,11.399999618530273,11.75,11.300000190734863,11.300000190734863,232800
2023-03-29,11.890000343322754,11.890000343322754,12.149999618530273,11.460000038146973,11.800000190734863,383700
2023-03-30,12.079999923706055,12.079999923706055,12.335000038146973,11.75,11.899999618530273,270500
2023-03-31,12.149999618530273,12.149999618530273,12.359999656677246,12.0,12.220000267028809,525000
2023-04-03,11.779999732971191,11.779999732971191,12.5,11.539999961853027,12.399999618530273,285200
2023-04-04,11.40999984741211,11.40999984741211,11.819999694824219,11.270000457763672,11.600000381469727,312700
2023-04-05,10.9399995803833,10.9399995803833,11.529999732971191,10.779999732971191,11.279999732971191,242500
2023-04-06,10.960000038146973,10.960000038146973,11.09000015258789,10.84000015258789,11.0600004196167,495000
2023-04-10,10.739999771118164,10.739999771118164,11.010000228881836,10.670000076293945,10.779999732971191,163500
2023-04-11,10.819999694824219,10.819999694824219,11.100000381469727,10.680000305175781,10.699999809265137,572100
2023-04-12,11.289999961853027,11.289999961853027,11.585000038146973,10.819999694824219,10.819999694824219,924800
2023-04-13,12.260000228881836,12.260000228881836,12.619999885559082,11.140000343322754,11.199999809265137,451100
2023-04-14,12.359999656677246,12.359999656677246,12.579999923706055,11.899999618530273,12.350000381469727,400400
2023-04-17,12.579999923706055,12.579999923706055,12.729999542236328,12.25,12.420000076293945,206600
2023-04-18,12.640000343322754,12.640000343322754,13.204999923706055,12.5,12.5,346900
2023-04-19,12.300000190734863,12.300000190734863,12.710000038146973,12.010000228881836,12.5600004196167,466100
2023-04-20,12.119999885559082,12.119999885559082,12.520000457763672,12.0,12.09000015258789,216600
2023-04-21,11.399999618530273,11.399999618530273,12.289999961853027,11.300000190734863,12.010000228881836,397800
2023-04-24,11.770000457763672,11.770000457763672,11.949999809265137,11.25,11.260000228881836,226900
2023-04-25,11.630000114440918,11.630000114440918,11.649999618530273,11.420000076293945,11.630000114440918,174600
2023-04-26,11.770000457763672,11.770000457763672,11.84000015258789,11.604999542236328,11.609999656677246,200100
2023-04-27,11.8100004196167,11.8100004196167,11.960000038146973,11.220000267028809,11.779999732971191,259100
2023-04-28,11.90999984741211,11.90999984741211,12.050000190734863,11.649999618530273,11.680000305175781,157900
2023-05-01,12.170000076293945,12.170000076293945,12.199999809265137,11.854999542236328,11.970000267028809,343700
2023-05-02,11.899999618530273,11.899999618530273,12.149999618530273,11.520000457763672,12.149999618530273,319000
2023-05-03,11.859999656677246,11.859999656677246,12.1899995803833,11.789999961853027,11.850000381469727,373500
2023-05-04,11.979999542236328,11.979999542236328,13.260000228881836,11.819999694824219,13.0,494600
2023-05-05,12.140000343322754,12.140000343322754,12.399999618530273,11.949999809265137,12.300000190734863,238100
2023-05-08,12.180000305175781,12.180000305175781,12.449999809265137,12.0600004196167,12.260000228881836,323200
2023-05-09,11.670000076293945,11.670000076293945,12.149999618530273,11.640000343322754,12.149999618530273,129200
2023-05-10,11.800000190734863,11.800000190734863,11.989999771118164,11.550000190734863,11.869999885559082,294200
2023-05-11,11.630000114440918,11.630000114440918,11.84000015258789,11.479999542236328,11.739999771118164,320300
2023-05-12,13.109999656677246,13.109999656677246,13.130000114440918,11.8100004196167,11.899999618530273,483700
2023-05-15,13.9399995803833,13.9399995803833,14.470000267028809,13.112000465393066,13.350000381469727,798100
2023-05-16,13.0600004196167,13.0600004196167,15.020000457763672,13.020000457763672,13.779999732971191,749100
2023-05-17,13.699999809265137,13.699999809265137,13.829999923706055,12.729999542236328,13.100000381469727,478800
2023-05-18,13.609999656677246,13.609999656677246,13.890000343322754,13.279999732971191,13.65999984741211,661400
2023-05-19,12.479999542236328,12.479999542236328,13.9399995803833,12.40999984741211,13.9399995803833,1553400
2023-05-22,13.100000381469727,13.100000381469727,13.475000381469727,12.369999885559082,12.399999618530273,1234400
2023-05-23,12.569999694824219,12.569999694824219,13.09000015258789,12.460000038146973,12.979999542236328,294500
2023-05-24,11.579999923706055,11.579999923706055,12.836000442504883,11.5,12.40999984741211,529800
2023-05-25,11.029999732971191,11.029999732971191,11.510000228881836,10.880000114440918,11.5,1029300
2023-05-26,11.529999732971191,11.529999732971191,11.710000038146973,11.039999961853027,11.039999961853027,286900
2023-05-30,12.029999732971191,12.029999732971191,12.15999984741211,11.539999961853027,12.140000343322754,377300
2023-05-31,12.489999771118164,12.489999771118164,12.680000305175781,11.859999656677246,11.859999656677246,1050100
2023-06-01,13.039999961853027,13.039999961853027,13.210000038146973,12.140000343322754,12.470000267028809,577100
2023-06-02,13.279999732971191,13.279999732971191,13.649999618530273,13.180000305175781,13.239999771118164,212500
2023-06-05,13.260000228881836,13.260000228881836,13.609999656677246,13.010000228881836,13.350000381469727,262100
2023-06-06,13.65999984741211,13.65999984741211,13.670000076293945,13.170000076293945,13.300000190734863,805200
2023-06-07,13.609999656677246,13.609999656677246,14.010000228881836,13.479999542236328,13.779999732971191,326500
2023-06-08,13.529999732971191,13.529999732971191,13.699999809265137,13.3100004196167,13.649999618530273,227100
2023-06-09,13.550000190734863,13.550000190734863,13.619999885559082,13.359999656677246,13.529999732971191,147700
2023-06-12,13.640000343322754,13.640000343322754,14.069999694824219,13.369999885559082,13.710000038146973,664600
2023-06-13,13.579999923706055,13.579999923706055,14.319999694824219,13.510000228881836,13.90999984741211,421700
2023-06-14,14.289999961853027,14.289999961853027,14.390000343322754,13.699999809265137,13.930000305175781,441000
2023-06-15,14.539999961853027,14.539999961853027,14.65999984741211,14.029999732971191,14.25,200800
2023-06-16,14.819999694824219,14.819999694824219,15.024999618530273,14.0600004196167,14.539999961853027,548400
2023-06-20,14.90999984741211,14.90999984741211,15.244999885559082,14.460000038146973,14.789999961853027,378900
2023-06-21,14.369999885559082,14.369999885559082,15.039999961853027,14.34000015258789,14.930000305175781,915000
2023-06-22,13.84000015258789,13.84000015258789,14.399999618530273,13.6899995803833,14.399999618530273,279400
2023-06-23,13.510000228881836,13.510000228881836,13.890000343322754,13.5,13.5,2383900
2023-06-26,13.539999961853027,13.539999961853027,13.73799991607666,13.380000114440918,13.380000114440918,258200
2023-06-27,13.59000015258789,13.59000015258789,14.079999923706055,13.1899995803833,13.670000076293945,432900
2023-06-28,13.8100004196167,13.8100004196167,13.84000015258789,13.260000228881836,13.609999656677246,157800
2023-06-29,13.989999771118164,13.989999771118164,14.050000190734863,13.699999809265137,13.699999809265137,133400
2023-06-30,13.039999961853027,13.039999961853027,14.050000190734863,12.90999984741211,14.0,335600
2023-07-03,13.380000114440918,13.380000114440918,13.699999809265137,13.1899995803833,13.25,106100
2023-07-05,13.640000343322754,13.640000343322754,14.069999694824219,13.15999984741211,13.960000038146973,282400
2023-07-06,13.930000305175781,13.930000305175781,13.949999809265137,13.279999732971191,13.5600004196167,187400
2023-07-07,14.729999542236328,14.729999542236328,15.015000343322754,13.779999732971191,13.779999732971191,243100
2023-07-10,14.989999771118164,14.989999771118164,15.25,14.550000190734863,14.550000190734863,245400
2023-07-11,14.510000228881836,14.510000228881836,14.930000305175781,14.319999694824219,14.880000114440918,234500
2023-07-12,14.789999961853027,14.789999961853027,14.970000267028809,14.619999885559082,14.899999618530273,191800
2023-07-13,15.720000267028809,15.720000267028809,15.770000457763672,14.829999923706055,14.829999923706055,694000
2023-07-14,16.0,16.0,16.420000076293945,15.571000099182129,15.75,825800
2023-07-17,16.40999984741211,16.40999984741211,16.690000534057617,15.9399995803833,16.0,461100
2023-07-18,15.899999618530273,15.899999618530273,16.5,15.675000190734863,16.5,175400
2023-07-19,15.569999694824219,15.569999694824219,15.925000190734863,15.3100004196167,15.880000114440918,116600
2023-07-20,15.609999656677246,15.609999656677246,15.9399995803833,15.524999618530273,15.770000457763672,265300
2023-07-21,15.579999923706055,15.579999923706055,15.789999961853027,15.380000114440918,15.789999961853027,181100
2023-07-24,15.539999961853027,15.539999961853027,15.75,15.199999809265137,15.640000343322754,174300
2023-07-25,16.229999542236328,16.229999542236328,16.459999084472656,15.5600004196167,15.609999656677246,429800
2023-07-26,16.1200008392334,16.1200008392334,16.260000228881836,15.680000305175781,16.190000534057617,171500
2023-07-27,15.949999809265137,15.949999809265137,16.25,15.8100004196167,16.209999084472656,213000
2023-07-28,16.209999084472656,16.209999084472656,16.25,15.90999984741211,16.1299991607666,203900
2023-07-31,16.260000228881836,16.260000228881836,16.40999984741211,16.0,16.260000228881836,456300
2023-08-01,16.219999313354492,16.219999313354492,16.350000381469727,16.0,16.260000228881836,154700
2023-08-02,15.829999923706055,15.829999923706055,16.170000076293945,15.399999618530273,16.1299991607666,234000
2023-08-03,16.15999984741211,16.15999984741211,16.25,15.760000228881836,15.869999885559082,230200
2023-08-04,16.25,16.25,16.68000030517578,16.08099937438965,16.25,487300
2023-08-07,16.079999923706055,16.079999923706055,16.75,15.899999618530273,16.25,354400
2023-08-08,15.649999618530273,15.649999618530273,16.0,15.420999526977539,15.819999694824219,180800
2023-08-09,16.030000686645508,16.030000686645508,16.149999618530273,15.5,15.510000228881836,249600
2023-08-10,16.31999969482422,16.31999969482422,16.600000381469727,16.049999237060547,16.06999969482422,545100
2023-08-11,16.25,16.25,16.479999542236328,15.539999961853027,16.25,193200
2023-08-14,16.110000610351562,16.110000610351562,16.25,15.800000190734863,16.25,189900
2023-08-15,15.520000457763672,15.520000457763672,16.020000457763672,14.949999809265137,16.0,264800
2023-08-16,15.300000190734863,15.300000190734863,15.539999961853027,15.220000267028809,15.359999656677246,200100
2023-08-17,14.579999923706055,14.579999923706055,15.364999771118164,14.579999923706055,15.279999732971191,252400
2023-08-18,14.550000190734863,14.550000190734863,14.899999618530273,14.1899995803833,14.300000190734863,188700
2023-08-21,14.3100004196167,14.3100004196167,14.890000343322754,14.239999771118164,14.890000343322754,270100
2023-08-22,14.229999542236328,14.229999542236328,14.510000228881836,14.039999961853027,14.40999984741211,197600
2023-08-23,14.350000381469727,14.350000381469727,14.640000343322754,14.25,14.300000190734863,169600
2023-08-24,14.279999732971191,14.279999732971191,14.510000228881836,14.0600004196167,14.350000381469727,190900
2023-08-25,14.329999923706055,14.329999923706055,14.489999771118164,14.0600004196167,14.479999542236328,172900
2023-08-28,14.930000305175781,14.930000305175781,15.0,14.34000015258789,14.369999885559082,231900
2023-08-29,16.100000381469727,16.100000381469727,16.190000534057617,14.90999984741211,14.970000267028809,288300
2023-08-30,16.049999237060547,16.049999237060547,16.540000915527344,15.989999771118164,16.1200008392334,563600
2023-08-31,15.630000114440918,15.630000114440918,16.149999618530273,15.119999885559082,16.079999923706055,1138800
2023-09-01,16.100000381469727,16.100000381469727,16.3700008392334,15.65999984741211,15.770000457763672,354500
2023-09-05,16.190000534057617,16.190000534057617,16.209999084472656,15.829999923706055,16.09000015258789,1140200
2023-09-06,16.040000915527344,16.040000915527344,16.284000396728516,15.630000114440918,16.18000030517578,359700
2023-09-07,15.40999984741211,15.40999984741211,16.190000534057617,15.1899995803833,16.190000534057617,415500
2023-09-08,15.90999984741211,15.90999984741211,16.15999984741211,15.279999732971191,15.569999694824219,302100
2023-09-11,15.569999694824219,15.569999694824219,16.3799991607666,15.520000457763672,16.100000381469727,195300
2023-09-12,15.579999923706055,15.579999923706055,15.970000267028809,15.260000228881836,15.279999732971191,167100
2023-09-13,15.390000343322754,15.390000343322754,15.73799991607666,15.319999694824219,15.59000015258789,145600
2023-09-14,13.5,13.5,13.90999984741211,13.470000267028809,13.5,4218600
2023-09-15,13.390000343322754,13.390000343322754,13.5600004196167,13.130000114440918,13.489999771118164,1145000
2023-09-18,13.479999542236328,13.479999542236328,13.869999885559082,13.229999542236328,13.40999984741211,1625800
2023-09-19,13.40999984741211,13.40999984741211,13.899999618530273,13.390000343322754,13.510000228881836,595700
2023-09-20,13.680000305175781,13.680000305175781,13.949999809265137,13.479999542236328,13.489999771118164,388900
2023-09-21,13.520000457763672,13.520000457763672,13.630000114440918,13.420000076293945,13.630000114440918,277900
2023-09-22,13.819999694824219,13.819999694824219,13.890000343322754,13.569999694824219,13.890000343322754,282400
2023-09-25,13.539999961853027,13.539999961853027,13.90999984741211,13.489999771118164,13.829999923706055,241900
2023-09-26,13.279999732971191,13.279999732971191,13.529999732971191,13.15999984741211,13.479999542236328,615000
2023-09-27,12.020000457763672,12.020000457763672,13.3100004196167,11.9399995803833,13.279999732971191,838100
2023-09-28,11.829999923706055,11.829999923706055,12.09000015258789,11.630000114440918,12.020000457763672,650600
2023-09-29,11.899999618530273,11.899999618530273,12.220000267028809,11.720000267028809,11.970000267028809,420000
2023-10-02,11.5,11.5,11.850000381469727,11.3100004196167,11.850000381469727,462500
2023-10-03,10.789999961853027,10.789999961853027,11.380000114440918,10.729999542236328,11.34000015258789,593800
2023-10-04,10.699999809265137,10.699999809265137,11.010000228881836,10.619999885559082,10.800000190734863,387500
2023-10-05,10.699999809265137,10.699999809265137,10.840999603271484,10.529999732971191,10.65999984741211,278600
2023-10-06,10.869999885559082,10.869999885559082,11.100000381469727,10.5600004196167,10.720000267028809,274500
2023-10-09,10.8100004196167,10.8100004196167,11.005000114440918,10.65999984741211,10.9399995803833,364200
2023-10-10,11.010000228881836,11.010000228881836,11.170000076293945,10.75,10.8100004196167,396500
2023-10-11,10.649999618530273,10.649999618530273,11.21500015258789,10.020000457763672,11.069999694824219,780800
2023-10-12,10.3100004196167,10.3100004196167,10.850000381469727,10.220000267028809,10.489999771118164,284400
2023-10-13,10.050000190734863,10.050000190734863,10.489999771118164,9.954999923706055,10.359999656677246,370700
2023-10-16,10.619999885559082,10.619999885559082,10.890000343322754,10.09000015258789,10.1899995803833,289800
2023-10-17,11.619999885559082,11.619999885559082,11.640000343322754,10.699999809265137,10.8100004196167,248700
2023-10-18,10.989999771118164,10.989999771118164,11.5,10.970000267028809,11.5,216100
2023-10-19,10.90999984741211,10.90999984741211,11.210000038146973,10.619999885559082,10.960000038146973,344700
2023-10-20,10.829999923706055,10.829999923706055,10.979999542236328,10.529999732971191,10.949999809265137,440400
2023-10-23,10.869999885559082,10.869999885559082,11.149999618530273,10.5600004196167,10.949999809265137,502400
2023-10-24,11.15999984741211,11.15999984741211,11.229999542236328,10.75,11.079999923706055,276500
2023-10-25,10.289999961853027,10.289999961853027,11.204999923706055,10.260000228881836,11.0,294000
2023-10-26,10.569999694824219,10.569999694824219,10.59000015258789,10.119999885559082,10.199999809265137,425400
2023-10-27,10.609999656677246,10.609999656677246,10.670000076293945,10.399999618530273,10.649999618530273,245500
2023-10-30,9.949999809265137,9.949999809265137,10.824999809265137,9.9350004196167,10.75,364500
2023-10-31,10.239999771118164,10.239999771118164,10.279999732971191,9.845000267028809,9.960000038146973,412900
2023-11-01,10.319999694824219,10.319999694824219,10.319999694824219,9.994999885559082,10.1899995803833,342000
2023-11-02,10.729999542236328,10.729999542236328,10.979999542236328,10.510000228881836,10.619999885559082,387400
2023-11-03,10.890000343322754,10.890000343322754,11.050000190734863,10.720000267028809,10.890000343322754,349600
2023-11-06,10.619999885559082,10.619999885559082,11.079999923706055,10.619999885559082,11.079999923706055,214700
2023-11-07,10.359999656677246,10.359999656677246,10.539999961853027,10.25,10.539999961853027,157100
2023-11-08,10.40999984741211,10.40999984741211,10.739999771118164,10.100000381469727,10.359999656677246,341100
2023-11-09,10.050000190734863,10.050000190734863,10.680000305175781,10.050000190734863,10.460000038146973,357600
2023-11-10,9.920000076293945,9.920000076293945,10.069999694824219,9.65999984741211,10.069999694824219,402800
2023-11-13,9.800000190734863,9.800000190734863,10.119999885559082,9.770000457763672,9.930000305175781,266200
2023-11-14,10.539999961853027,10.539999961853027,10.640000343322754,10.140000343322754,10.210000038146973,576700
2023-11-15,10.5,10.5,10.90999984741211,10.470000267028809,10.630000114440918,337800
2023-11-16,9.989999771118164,9.989999771118164,10.5,9.949999809265137,10.5,313000
2023-11-17,10.319999694824219,10.319999694824219,10.609999656677246,10.0600004196167,10.100000381469727,818600
2023-11-20,10.390000343322754,10.390000343322754,10.649999618530273,10.151000022888184,10.40999984741211,397800
2023-11-21,10.199999809265137,10.199999809265137,10.489999771118164,10.1899995803833,10.319999694824219,409200
2023-11-22,10.210000038146973,10.210000038146973,10.279999732971191,10.09000015258789,10.210000038146973,243200
2023-11-24,10.449999809265137,10.449999809265137,10.5,10.130000114440918,10.130000114440918,102300
2023-11-27,10.369999885559082,10.369999885559082,10.510000228881836,10.270000457763672,10.3100004196167,323300
2023-11-28,10.359999656677246,10.359999656677246,10.75,10.210000038146973,10.529999732971191,415200
2023-11-29,11.050000190734863,11.050000190734863,11.119999885559082,10.4399995803833,10.460000038146973,302800
2023-11-30,11.359999656677246,11.359999656677246,11.460000038146973,10.890000343322754,11.149999618530273,640500
2023-12-01,11.520000457763672,11.520000457763672,11.699999809265137,11.100000381469727,11.199999809265137,322900
2023-12-04,11.25,11.25,11.649999618530273,11.045000076293945,11.510000228881836,207600
2023-12-05,10.489999771118164,10.489999771118164,11.180000305175781,10.479999542236328,11.180000305175781,336800
2023-12-06,10.630000114440918,10.630000114440918,10.800000190734863,10.479999542236328,10.489999771118164,243700
2023-12-07,10.260000228881836,10.260000228881836,10.805000305175781,10.220000267028809,10.699999809265137,261200
2023-12-08,10.5600004196167,10.5600004196167,10.630000114440918,10.0600004196167,10.199999809265137,307900
2023-12-11,10.170000076293945,10.170000076293945,10.529999732971191,10.010000228881836,10.529999732971191,219600
2023-12-12,10.069999694824219,10.069999694824219,10.149999618530273,9.770000457763672,10.149999618530273,252300
2023-12-13,10.680000305175781,10.680000305175781,10.739999771118164,9.960000038146973,10.029999732971191,333900
2023-12-14,11.029999732971191,11.029999732971191,11.430000305175781,10.869999885559082,10.869999885559082,370000
2023-12-15,10.970000267028809,10.970000267028809,11.109999656677246,10.720000267028809,11.039999961853027,1618600
2023-12-18,10.470000267028809,10.470000267028809,10.930000305175781,10.289999961853027,10.930000305175781,676500
2023-12-19,10.5600004196167,10.5600004196167,10.899999618530273,10.4399995803833,10.510000228881836,437600
2023-12-20,10.279999732971191,10.279999732971191,10.680000305175781,10.25,10.539999961853027,284900
2023-12-21,10.430000305175781,10.430000305175781,10.479999542236328,10.15999984741211,10.470000267028809,396400
2023-12-22,10.470000267028809,10.470000267028809,10.729999542236328,10.229999542236328,10.399999618530273,322100
2023-12-26,10.329999923706055,10.329999923706055,10.5,10.239999771118164,10.420000076293945,392700
2023-12-27,10.520000457763672,10.520000457763672,10.539999961853027,10.199999809265137,10.359999656677246,425400
2023-12-28,10.470000267028809,10.470000267028809,10.875,10.390000343322754,10.390000343322754,297200
2023-12-29,10.079999923706055,10.079999923706055,10.600000381469727,10.045000076293945,10.399999618530273,370000
2024-01-02,9.970000267028809,9.970000267028809,10.229999542236328,9.960000038146973,10.100000381469727,458300
2024-01-03,9.930000305175781,9.930000305175781,10.260000228881836,9.640000343322754,9.880000114440918,643700
2024-01-04,10.050000190734863,10.050000190734863,10.109999656677246,9.850000381469727,9.970000267028809,431500
2024-01-05,9.979999542236328,9.979999542236328,10.149999618530273,9.899999618530273,9.899999618530273,730500
2024-01-08,9.829999923706055,9.829999923706055,10.114999771118164,9.680000305175781,9.979999542236328,468200
2024-01-09,9.520000457763672,9.520000457763672,9.869999885559082,9.470000267028809,9.699999809265137,476700
2024-01-10,9.270000457763672,9.270000457763672,9.59000015258789,9.180000305175781,9.59000015258789,497800
2024-01-11,8.859999656677246,8.859999656677246,9.3100004196167,8.789999961853027,9.260000228881836,701200
2024-01-12,8.90999984741211,8.90999984741211,9.180000305175781,8.729999542236328,9.0600004196167,472200
2024-01-16,8.65999984741211,8.65999984741211,9.225000381469727,8.649999618530273,9.1899995803833,466300
2024-01-17,8.279999732971191,8.279999732971191,8.489999771118164,8.020000457763672,8.449999809265137,672400
2024-01-18,8.279999732971191,8.279999732971191,8.449999809265137,8.15999984741211,8.3100004196167,336400
2024-01-19,8.3100004196167,8.3100004196167,8.40999984741211,8.09000015258789,8.350000381469727,391200
2024-01-22,9.039999961853027,9.039999961853027,9.086999893188477,8.369999885559082,8.380000114440918,349800
2024-01-23,9.0,9.0,9.399999618530273,8.779999732971191,9.199999809265137,859000
2024-01-24,9.229999542236328,9.229999542236328,9.390000343322754,9.0,9.229999542236328,646600
2024-01-25,9.170000076293945,9.170000076293945,9.40999984741211,8.989999771118164,9.319999694824219,634100
2024-01-26,9.180000305175781,9.180000305175781,9.654999732971191,9.180000305175781,9.220000267028809,523800
2024-01-29,9.199999809265137,9.199999809265137,9.369999885559082,8.890000343322754,9.199999809265137,820400
2024-01-30,8.649999618530273,8.649999618530273,9.180000305175781,8.600000381469727,9.100000381469727,605800
2024-01-31,8.359999656677246,8.359999656677246,8.6899995803833,8.312000274658203,8.609999656677246,740400
2024-02-01,8.890000343322754,8.890000343322754,8.899999618530273,8.430000305175781,8.489999771118164,416200
2024-02-02,8.579999923706055,8.579999923706055,8.880000114440918,8.510000228881836,8.720000267028809,353700
2024-02-05,8.180000305175781,8.180000305175781,8.444999694824219,7.96999979019165,8.40999984741211,700700
2024-02-06,8.279999732971191,8.279999732971191,8.430000305175781,8.170000076293945,8.199999809265137,278200
2024-02-07,8.1899995803833,8.1899995803833,8.350000381469727,8.109999656677246,8.319999694824219,281800
2024-02-08,8.140000343322754,8.140000343322754,8.260000228881836,8.039999961853027,8.1899995803833,241100
2024-02-09,8.5600004196167,8.5600004196167,8.579999923706055,8.130000114440918,8.170000076293945,372700
2024-02-12,8.550000190734863,8.550000190734863,8.720000267028809,8.460000038146973,8.510000228881836,257200
2024-02-13,7.900000095367432,7.900000095367432,8.329999923706055,7.829999923706055,8.239999771118164,424800
2024-02-14,7.650000095367432,7.650000095367432,8.104999542236328,7.590000152587891,8.0,1125500
2024-02-15,7.809999942779541,7.809999942779541,7.900000095367432,7.650000095367432,7.730000019073486,670100
2024-02-16,7.78000020980835,7.78000020980835,7.860000133514404,7.590000152587891,7.78000020980835,320700
2024-02-20,7.480000019073486,7.480000019073486,7.710000038146973,7.429999828338623,7.710000038146973,692300
2024-02-21,7.460000038146973,7.460000038146973,7.599999904632568,7.409999847412109,7.440000057220459,234100
2024-02-22,7.46999979019165,7.46999979019165,7.510000228881836,7.289999961853027,7.460000038146973,320000
2024-02-23,7.670000076293945,7.670000076293945,7.730000019073486,7.429999828338623,7.429999828338623,228900
2024-02-26,7.670000076293945,7.670000076293945,7.75,7.460000038146973,7.659999847412109,313200
2024-02-27,7.690000057220459,7.690000057220459,7.989999771118164,7.679999828338623,7.789999961853027,524600
2024-02-28,7.409999847412109,7.409999847412109,7.659999847412109,7.349999904632568,7.590000152587891,471600
2024-02-29,7.400000095367432,7.400000095367432,7.71999979019165,7.289999961853027,7.590000152587891,347500
2024-03-01,7.639999866485596,7.639999866485596,7.739999771118164,7.320000171661377,7.440000057220459,717700
2024-03-04,7.789999961853027,7.789999961853027,7.900000095367432,7.409999847412109,7.710000038146973,489700
2024-03-05,7.769999980926514,7.769999980926514,7.795000076293945,7.579999923706055,7.730000019073486,416100
2024-03-06,8.65999984741211,8.65999984741211,8.829999923706055,7.885000228881836,7.920000076293945,736400
2024-03-07,9.329999923706055,9.329999923706055,9.529999732971191,8.8100004196167,8.8100004196167,736700
2024-03-08,8.75,8.75,9.5600004196167,8.670000076293945,9.4399995803833,343400
2024-03-11,8.829999923706055,8.829999923706055,9.069999694824219,8.59000015258789,8.59000015258789,258700
2024-03-12,8.739999771118164,8.739999771118164,8.850000381469727,8.640000343322754,8.84000015258789,191600
2024-03-13,9.039999961853027,9.039999961853027,9.34000015258789,8.640000343322754,8.640000343322754,428400
2024-03-14,8.770000457763672,8.770000457763672,9.050000190734863,8.649999618530273,9.029999732971191,367200
2024-03-15,9.260000228881836,9.260000228881836,9.369999885559082,8.65999984741211,8.65999984741211,947300
2024-03-18,8.859999656677246,8.859999656677246,9.270000457763672,8.850000381469727,9.270000457763672,436000
2024-03-19,8.760000228881836,8.760000228881836,8.9399995803833,8.600000381469727,8.720000267028809,329600
2024-03-20,8.710000038146973,8.710000038146973,8.90999984741211,8.579999923706055,8.75,386700
2024-03-21,8.84000015258789,8.84000015258789,9.0600004196167,8.680000305175781,8.75,435500
2024-03-22,8.789999961853027,8.789999961853027,8.899999618530273,8.770000457763672,8.829999923706055,371800
2024-03-25,8.920000076293945,8.920000076293945,9.253000259399414,8.850000381469727,8.880000114440918,286900
2024-03-26,8.84000015258789,8.84000015258789,8.949999809265137,8.800000190734863,8.930000305175781,383700
2024-03-27,9.109999656677246,9.109999656677246,9.350000381469727,8.890000343322754,8.920000076293945,334400
2024-03-28,9.800000190734863,9.800000190734863,9.90999984741211,9.199999809265137,9.199999809265137,543400
2024-04-01,9.850000381469727,9.850000381469727,9.890000343322754,9.5,9.890000343322754,257100
2024-04-02,9.789999961853027,9.789999961853027,10.069999694824219,9.65999984741211,9.800000190734863,497500
2024-04-03,10.390000343322754,10.390000343322754,10.550000190734863,9.720000267028809,9.720000267028809,552900
2024-04-04,10.5,10.5,10.829999923706055,10.300000190734863,10.5600004196167,897400
2024-04-05,10.579999923706055,10.579999923706055,10.699999809265137,9.829999923706055,10.430000305175781,580900
2024-04-08,10.789999961853027,10.789999961853027,11.079999923706055,10.65999984741211,10.6899995803833,844100
2024-04-09,10.600000381469727,10.600000381469727,10.989999771118164,10.420000076293945,10.84000015258789,541900
2024-04-10,10.229999542236328,10.229999542236328,10.390000343322754,10.020000457763672,10.350000381469727,364700
2024-04-11,10.34000015258789,10.34000015258789,10.619999885559082,9.880000114440918,10.329999923706055,574600
2024-04-12,10.460000038146973,10.460000038146973,10.949999809265137,10.289999961853027,10.75,607700
2024-04-15,10.649999618530273,10.649999618530273,10.680000305175781,10.399999618530273,10.510000228881836,512500
2024-04-16,10.25,10.25,10.4399995803833,10.017000198364258,10.4399995803833,552700
2024-04-17,10.390000343322754,10.390000343322754,10.550000190734863,10.15999984741211,10.239999771118164,542300
2024-04-18,10.520000457763672,10.520000457763672,10.800000190734863,10.3100004196167,10.380000114440918,763400
2024-04-19,10.600000381469727,10.600000381469727,10.8100004196167,10.420000076293945,10.529999732971191,648700
2024-04-22,9.699999809265137,9.699999809265137,10.609999656677246,9.430000305175781,10.5600004196167,493300
2024-04-23,9.729999542236328,9.729999542236328,9.960000038146973,9.515000343322754,9.550000190734863,490300
2024-04-24,9.399999618530273,9.399999618530273,9.670000076293945,9.194999694824219,9.670000076293945,347900
2024-04-25,9.550000190734863,9.550000190734863,9.739999771118164,9.119999885559082,9.300000190734863,365600
2024-04-26,10.680000305175781,10.680000305175781,10.6899995803833,9.699999809265137,9.699999809265137,640600
2024-04-29,11.1899995803833,11.1899995803833,11.430000305175781,10.720000267028809,10.779999732971191,760000
2024-04-30,10.100000381469727,10.100000381469727,10.84000015258789,10.0,10.8100004196167,548800
2024-05-01,10.130000114440918,10.130000114440918,10.460000038146973,9.84000015258789,10.180000305175781,461600
2024-05-02,10.130000114440918,10.130000114440918,10.220000267028809,9.821999549865723,10.210000038146973,409800
2024-05-03,10.760000228881836,10.760000228881836,10.770000457763672,10.069999694824219,10.289999961853027,544300
2024-05-06,11.079999923706055,11.079999923706055,11.1899995803833,10.770000457763672,10.850000381469727,277000
2024-05-07,11.239999771118164,11.239999771118164,11.40999984741211,10.989999771118164,11.029999732971191,247200
2024-05-08,11.489999771118164,11.489999771118164,11.579999923706055,10.989999771118164,11.140000343322754,536600
2024-05-09,12.029999732971191,12.029999732971191,12.050000190734863,11.40999984741211,11.619999885559082,372300
2024-05-10,12.380000114440918,12.380000114440918,12.550000190734863,12.029999732971191,12.149999618530273,715900
2024-05-13,12.079999923706055,12.079999923706055,12.880000114440918,11.869999885559082,12.779999732971191,746100
2024-05-14,12.729999542236328,12.729999542236328,12.736000061035156,12.225000381469727,12.329999923706055,650000
2024-05-15,12.40999984741211,12.40999984741211,12.979999542236328,12.175000190734863,12.979999542236328,540500
2024-05-16,12.210000038146973,12.210000038146973,12.6899995803833,12.01200008392334,12.369999885559082,825200
2024-05-17,11.970000267028809,11.970000267028809,12.460000038146973,11.9399995803833,12.359999656677246,891000
2024-05-20,12.199999809265137,12.199999809265137,12.479999542236328,11.859999656677246,11.949999809265137,999000
2024-05-21,12.0,12.0,12.380000114440918,11.90999984741211,12.239999771118164,570500
2024-05-22,11.229999542236328,11.229999542236328,11.91100025177002,11.100000381469727,11.680000305175781,555500
2024-05-23,11.25,11.25,11.385000228881836,11.055000305175781,11.229999542236328,382000
2024-05-24,11.710000038146973,11.710000038146973,11.75,11.140000343322754,11.319999694824219,258000
2024-05-28,11.34000015258789,11.34000015258789,12.140000343322754,11.329999923706055,11.989999771118164,669500
2024-05-29,11.149999618530273,11.149999618530273,11.5,11.0600004196167,11.0600004196167,429000
2024-05-30,11.729999542236328,11.729999542236328,11.9350004196167,11.15999984741211,11.15999984741211,690000
2024-05-31,11.369999885559082,11.369999885559082,11.84000015258789,10.90999984741211,11.760000228881836,452900
2024-06-03,10.8100004196167,10.8100004196167,11.569999694824219,10.65999984741211,11.550000190734863,672900
2024-06-04,9.90999984741211,9.90999984741211,10.539999961853027,9.369999885559082,10.510000228881836,1461500
2024-06-05,9.850000381469727,9.850000381469727,10.130000114440918,9.75,9.770000457763672,829500
2024-06-06,9.920000076293945,9.920000076293945,10.100000381469727,9.800000190734863,9.819999694824219,481100
2024-06-07,9.100000381469727,9.100000381469727,9.670000076293945,8.949999809265137,9.539999961853027,836000
2024-06-10,10.8100004196167,10.8100004196167,11.029999732971191,9.25,9.289999961853027,1707100
2024-06-11,10.449999809265137,10.449999809265137,10.699999809265137,10.229999542236328,10.5600004196167,872600
2024-06-12,10.600000381469727,10.600000381469727,11.079999923706055,10.569999694824219,10.930000305175781,788000
2024-06-13,10.789999961853027,10.789999961853027,10.859999656677246,10.289999961853027,10.640000343322754,639000
2024-06-14,10.6899995803833,10.6899995803833,10.899999618530273,10.529999732971191,10.619999885559082,525000
2024-06-17,9.6899995803833,9.6899995803833,10.609999656677246,9.670000076293945,10.539999961853027,759100
2024-06-18,9.739999771118164,9.739999771118164,10.130000114440918,9.57699966430664,9.640000343322754,570700
2024-06-20,9.470000267028809,9.470000267028809,9.920000076293945,9.390000343322754,9.850000381469727,690200
2024-06-21,9.630000114440918,9.630000114440918,9.630000114440918,9.029999732971191,9.359999656677246,7575200
2024-06-24,9.550000190734863,9.550000190734863,9.920000076293945,9.539999961853027,9.640000343322754,439700
2024-06-25,9.420000076293945,9.420000076293945,9.75,9.399999618530273,9.579999923706055,387100
2024-06-26,9.579999923706055,9.579999923706055,9.59000015258789,9.279999732971191,9.369999885559082,427900
2024-06-27,9.579999923706055,9.579999923706055,9.84000015258789,9.34000015258789,9.539999961853027,380100
2024-06-28,9.380000114440918,9.380000114440918,9.78499984741211,9.229999542236328,9.579999923706055,3307000
2024-07-01,9.5,9.5,9.59000015258789,9.1850004196167,9.350000381469727,466700
2024-07-02,9.609999656677246,9.609999656677246,9.9399995803833,9.404999732971191,9.539999961853027,462000
2024-07-03,10.069999694824219,10.069999694824219,10.25,9.710000038146973,9.779999732971191,308000
2024-07-05,10.760000228881836,10.760000228881836,10.789999961853027,9.960000038146973,10.239999771118164,447900
2024-07-08,10.470000267028809,10.470000267028809,10.850000381469727,10.180000305175781,10.699999809265137,529700
2024-07-09,10.180000305175781,10.180000305175781,10.640000343322754,10.15999984741211,10.430000305175781,478100
2024-07-10,10.119999885559082,10.119999885559082,10.489999771118164,9.914999961853027,10.270000457763672,425900
2024-07-11,10.40999984741211,10.40999984741211,10.720000267028809,9.930000305175781,10.34000015258789,765400
2024-07-12,11.619999885559082,11.619999885559082,11.630000114440918,10.5,10.65999984741211,587500
2024-07-15,12.039999961853027,12.039999961853027,12.039999961853027,11.539999961853027,11.75,675300
2024-07-16,11.890000343322754,11.890000343322754,12.130000114440918,11.819999694824219,12.130000114440918,777600
2024-07-17,11.5,11.5,11.899999618530273,11.0600004196167,11.84000015258789,471800
2024-07-18,10.319999694824219,10.319999694824219,11.489999771118164,10.270000457763672,11.3100004196167,597300
2024-07-19,10.100000381469727,10.100000381469727,10.399999618530273,10.050000190734863,10.289999961853027,499900
2024-07-22,10.050000190734863,10.050000190734863,10.220000267028809,9.789999961853027,10.220000267028809,517400
2024-07-23,10.229999542236328,10.229999542236328,10.399999618530273,9.829999923706055,9.880000114440918,366600
2024-07-24,9.859999656677246,9.859999656677246,10.470000267028809,9.84000015258789,10.170000076293945,334500
2024-07-25,9.8100004196167,9.8100004196167,10.09000015258789,9.640000343322754,9.760000228881836,505700
2024-07-26,10.170000076293945,10.170000076293945,10.180000305175781,9.779999732971191,9.989999771118164,420600
2024-07-29,9.420000076293945,9.420000076293945,10.15999984741211,9.390000343322754,10.15999984741211,563300
2024-07-30,9.420000076293945,9.420000076293945,9.510000228881836,9.25,9.430000305175781,535900
2024-07-31,9.920000076293945,9.920000076293945,10.079999923706055,9.600000381469727,9.640000343322754,465700
2024-08-01,9.300000190734863,9.300000190734863,9.75,9.010000228881836,9.6899995803833,641400
2024-08-02,8.479999542236328,8.479999542236328,9.3100004196167,8.420000076293945,9.020000457763672,578300
2024-08-05,7.230000019073486,7.230000019073486,7.980000019073486,7.190000057220459,7.889999866485596,1160700
2024-08-06,7.199999809265137,7.199999809265137,7.400000095367432,6.960000038146973,7.21999979019165,1383700
2024-08-07,6.900000095367432,6.900000095367432,7.460000038146973,6.840000152587891,7.389999866485596,1064300
2024-08-08,7.130000114440918,7.130000114440918,7.364999771118164,6.849999904632568,7.0,2406600
2024-08-09,7.239999771118164,7.239999771118164,7.320000171661377,7.010000228881836,7.179999828338623,794000
2024-08-12,7.260000228881836,7.260000228881836,7.519999980926514,7.0,7.260000228881836,1217500
2024-08-13,7.139999866485596,7.139999866485596,7.375,7.050000190734863,7.28000020980835,803300
2024-08-14,7.25,7.25,7.300000190734863,7.010000228881836,7.150000095367432,936000
2024-08-15,7.570000171661377,7.570000171661377,7.599999904632568,7.329999923706055,7.360000133514404,586100
2024-08-16,7.239999771118164,7.239999771118164,7.559999942779541,7.195000171661377,7.5,1001300
2024-08-19,7.340000152587891,7.340000152587891,7.409999847412109,7.150000095367432,7.309999942779541,1115800
2024-08-20,6.980000019073486,6.980000019073486,7.449999809265137,6.789999961853027,7.320000171661377,985700
2024-08-21,7.25,7.25,7.260000228881836,6.949999809265137,6.960000038146973,477000
2024-08-22,6.980000019073486,6.980000019073486,7.300000190734863,6.929999828338623,7.230000019073486,876100
2024-08-23,7.079999923706055,7.079999923706055,7.320000171661377,6.940000057220459,6.960000038146973,566500
2024-08-26,7.150000095367432,7.150000095367432,7.309999942779541,7.050000190734863,7.139999866485596,425300
2024-08-27,7.21999979019165,7.21999979019165,7.28000020980835,7.059999942779541,7.130000114440918,419100
2024-08-28,7.019999980926514,7.019999980926514,7.070000171661377,6.929999828338623,7.050000190734863,393100
2024-08-29,7.0,7.0,7.170000076293945,6.989999771118164,7.090000152587891,516400
2024-08-30,7.059999942779541,7.059999942779541,7.150000095367432,6.949999809265137,6.980000019073486,467900
2024-09-03,6.570000171661377,6.570000171661377,7.050000190734863,6.434999942779541,6.869999885559082,1272800
2024-09-04,6.449999809265137,6.449999809265137,6.789999961853027,6.440000057220459,6.510000228881836,806100
2024-09-05,6.460000038146973,6.460000038146973,6.619999885559082,6.369999885559082,6.550000190734863,488200
2024-09-06,6.699999809265137,6.699999809265137,6.75,6.309999942779541,6.409999847412109,890600
2024-09-09,6.659999847412109,6.659999847412109,7.440000057220459,6.619999885559082,6.71999979019165,1664600
2024-09-10,6.820000171661377,6.820000171661377,6.974999904632568,6.519999980926514,6.679999828338623,1025200
2024-09-11,6.929999828338623,6.929999828338623,7.090000152587891,6.760000228881836,6.840000152587891,638800
2024-09-12,7.610000133514404,7.610000133514404,7.650000095367432,6.960000038146973,6.960000038146973,686700
2024-09-13,7.75,7.75,7.875,7.489999771118164,7.730000019073486,586000
2024-09-16,7.300000190734863,7.300000190734863,8.039999961853027,7.130000114440918,7.880000114440918,1629000
2024-09-17,7.360000133514404,7.360000133514404,7.519999980926514,7.179999828338623,7.300000190734863,931600
2024-09-18,7.389999866485596,7.389999866485596,7.815000057220459,7.210000038146973,7.409999847412109,1585400
2024-09-19,7.599999904632568,7.599999904632568,7.71999979019165,7.369999885559082,7.639999866485596,1436300
2024-09-20,7.21999979019165,7.21999979019165,7.599999904632568,7.150000095367432,7.599999904632568,3600900
2024-09-23,7.409999847412109,7.409999847412109,7.429999828338623,7.150000095367432,7.340000152587891,1081000
2024-09-24,8.40999984741211,8.40999984741211,8.489999771118164,7.579999923706055,7.610000133514404,1787500
2024-09-25,7.940000057220459,7.940000057220459,8.46399974822998,7.920000076293945,8.329999923706055,606000
2024-09-26,8.819999694824219,8.819999694824219,8.890000343322754,8.350000381469727,8.359999656677246,892800
2024-09-27,8.710000038146973,8.710000038146973,9.010000228881836,8.670000076293945,8.829999923706055,508900
2024-09-30,8.460000038146973,8.460000038146973,8.729000091552734,8.319999694824219,8.59000015258789,393000
2024-10-01,8.479999542236328,8.479999542236328,8.807999610900879,8.399999618530273,8.529999732971191,568100
2024-10-02,8.760000228881836,8.760000228881836,8.989999771118164,8.37600040435791,8.529999732971191,425000
2024-10-03,8.609999656677246,8.609999656677246,8.649999618530273,8.350000381469727,8.510000228881836,469900
2024-10-04,8.760000228881836,8.760000228881836,9.079999923706055,8.725000381469727,8.899999618530273,348700
2024-10-07,9.15999984741211,9.15999984741211,9.1899995803833,8.710000038146973,8.760000228881836,330200
2024-10-08,8.9399995803833,8.9399995803833,9.119999885559082,8.670000076293945,9.029999732971191,443900
2024-10-09,8.520000457763672,8.520000457763672,8.90999984741211,8.510000228881836,8.899999618530273,392800
2024-10-10,8.5,8.5,8.609999656677246,8.3100004196167,8.470000267028809,369900
2024-10-11,8.880000114440918,8.880000114440918,8.9399995803833,8.579999923706055,8.579999923706055,304600
2024-10-14,9.109999656677246,9.109999656677246,9.199999809265137,8.699999809265137,8.789999961853027,265500
2024-10-15,9.239999771118164,9.239999771118164,9.425000190734863,9.0,9.039999961853027,480800
2024-10-16,9.899999618530273,9.899999618530273,9.96500015258789,9.350000381469727,9.350000381469727,770400
2024-10-17,9.899999618530273,9.899999618530273,10.279999732971191,9.829999923706055,9.890000343322754,425900
2024-10-18,10.020000457763672,10.020000457763672,10.350000381469727,9.90999984741211,10.039999961853027,446000
2024-10-21,10.029999732971191,10.029999732971191,10.34000015258789,9.859999656677246,10.119999885559082,384100
2024-10-22,10.600000381469727,10.600000381469727,10.609999656677246,10.069999694824219,10.069999694824219,373200
2024-10-23,10.680000305175781,10.680000305175781,10.8100004196167,10.149999618530273,10.390000343322754,387100
2024-10-24,10.550000190734863,10.550000190734863,10.8100004196167,10.25100040435791,10.630000114440918,363400
2024-10-25,10.920000076293945,10.920000076293945,11.09000015258789,10.4399995803833,10.739999771118164,462200
2024-10-28,11.140000343322754,11.140000343322754,11.34000015258789,10.890000343322754,11.0,527600
2024-10-29,11.130000114440918,11.130000114440918,11.229999542236328,10.789999961853027,11.109999656677246,531100
2024-10-30,10.670000076293945,10.670000076293945,11.09000015258789,10.550000190734863,11.020000457763672,392900
2024-10-31,10.149999618530273,10.149999618530273,10.699999809265137,10.119999885559082,10.699999809265137,460100
2024-11-01,10.359999656677246,10.359999656677246,10.640000343322754,10.1899995803833,10.300000190734863,655100
2024-11-04,10.640000343322754,10.640000343322754,10.649999618530273,10.199999809265137,10.34000015258789,417800
2024-11-05,10.850000381469727,10.850000381469727,10.850000381469727,10.369999885559082,10.699999809265137,663400
2024-11-06,10.899999618530273,10.899999618530273,11.619999885559082,10.40999984741211,11.350000381469727,1150300
2024-11-07,11.199999809265137,11.199999809265137,11.369999885559082,11.029999732971191,11.210000038146973,732200
2024-11-08,10.949999809265137,10.949999809265137,11.1899995803833,10.829999923706055,10.9399995803833,534600
2024-11-11,10.8100004196167,10.8100004196167,10.880000114440918,10.270000457763672,10.880000114440918,481900
2024-11-12,10.5,10.5,10.880000114440918,10.3100004196167,10.819999694824219,532000
2024-11-13,10.010000228881836,10.010000228881836,10.739999771118164,9.930000305175781,10.59000015258789,586400
2024-11-14,10.0600004196167,10.0600004196167,10.199999809265137,9.619999885559082,10.010000228881836,647300
2024-11-15,9.460000038146973,9.460000038146973,10.34000015258789,9.4399995803833,10.170000076293945,2442800
2024-11-18,9.130000114440918,9.130000114440918,9.5600004196167,9.050000190734863,9.479999542236328,527700
2024-11-19,9.420000076293945,9.420000076293945,9.494999885559082,9.130000114440918,9.1899995803833,725400
2024-11-20,9.079999923706055,9.079999923706055,9.600000381469727,8.970000267028809,9.380000114440918,357800
2024-11-21,9.479999542236328,9.479999542236328,9.5,9.079999923706055,9.079999923706055,342300
2024-11-22,9.59000015258789,9.59000015258789,9.720000267028809,9.350000381469727,9.5600004196167,321000
2024-11-25,9.479999542236328,9.479999542236328,9.6850004196167,9.210000038146973,9.640000343322754,718700
2024-11-26,8.739999771118164,8.739999771118164,9.449999809265137,8.640000343322754,9.449999809265137,447900
2024-11-27,9.229999542236328,9.229999542236328,9.229999542236328,8.710000038146973,8.760000228881836,373900
2024-11-29,9.510000228881836,9.510000228881836,9.800000190734863,9.25,9.25,281400
2024-12-02,9.279999732971191,9.279999732971191,9.569999694824219,9.180000305175781,9.569999694824219,334900
2024-12-03,9.069999694824219,9.069999694824219,9.40999984741211,8.960000038146973,9.40999984741211,546400
2024-12-04,8.899999618530273,8.899999618530273,9.234999656677246,8.65999984741211,9.069999694824219,762600
2024-12-05,8.850000381469727,8.850000381469727,9.020000457763672,8.65999984741211,8.949999809265137,368400
2024-12-06,8.869999885559082,8.869999885559082,9.0,8.699000358581543,8.930000305175781,769100
2024-12-09,9.1899995803833,9.1899995803833,9.760000228881836,8.6899995803833,8.869999885559082,433000
2024-12-10,8.5,8.5,9.359999656677246,8.390000343322754,9.210000038146973,519400
2024-12-11,8.510000228881836,8.510000228881836,8.84000015258789,8.510000228881836,8.59000015258789,544300
2024-12-12,8.210000038146973,8.210000038146973,8.600000381469727,8.15999984741211,8.40999984741211,344300
2024-12-13,7.699999809265137,7.699999809265137,8.1850004196167,7.599999904632568,8.100000381469727,425400
