Date,Adj Close,Close,High,Low,Open,Volume
2000-11-21,1209.375,1209.375,1303.125,1190.625,1298.4375,2045
2000-11-22,1200.0,1200.0,1218.75,1190.625,1214.0625,3120
2000-11-24,1200.0,1200.0,1218.75,1200.0,1200.0,1557
2000-11-27,1237.5,1237.5,1246.875,1200.0,1218.75,2634
2000-11-28,1312.5,1312.5,1331.25,1237.5,1242.1875,1309
2000-11-29,1312.5,1312.5,1340.625,1237.5,1312.5,1729
2000-11-30,2240.625,2240.625,2303.90625,1190.625,1312.5,4012
2000-12-01,1443.75,1443.75,1825.78125,1368.75,1800.0,4703
2000-12-04,1443.75,1443.75,1500.0,1387.5,1453.125,485
2000-12-05,1556.25,1556.25,1650.0,1368.75,1462.5,1395
2000-12-06,1706.25,1706.25,1790.625,1546.875,1575.0,2736
2000-12-07,1790.625,1790.625,1950.0,1687.5,1757.8125,1799
2000-12-08,1828.125,1828.125,2118.75,1818.75,1912.5,4227
2000-12-11,2315.625,2315.625,2390.625,1650.0,1865.625,4997
2000-12-12,2231.25,2231.25,2437.5,2100.0,2334.375,7061
2000-12-13,1931.25,1931.25,2287.5,1800.0,2268.75,3056
2000-12-14,1687.5,1687.5,1968.75,1612.5,1950.0,2357
2000-12-15,1968.75,1968.75,2135.15625,1556.25,1640.625,3111
2000-12-18,1809.375,1809.375,2193.75,1800.0,2100.0,2932
2000-12-19,1828.125,1828.125,2100.0,1687.5,1837.5,1565
2000-12-20,1565.625,1565.625,1809.375,1378.125,1809.375,2679
2000-12-21,1443.75,1443.75,1556.25,1387.5,1521.09375,3542
2000-12-22,1790.625,1790.625,1800.0,1556.25,1668.75,877
2000-12-26,1893.75,1893.75,1950.0,1696.875,1790.625,1074
2000-12-27,1734.375,1734.375,1950.0,1725.0,1884.375,1101
2000-12-28,1762.5,1762.5,1762.5,1640.625,1720.3125,645
2000-12-29,1856.25,1856.25,2025.0,1762.5,1781.25,1201
2001-01-02,1753.125,1753.125,1950.0,1706.25,1898.4375,321
2001-01-03,1828.125,1828.125,1950.0,1650.0,1715.625,2989
2001-01-04,1725.0,1725.0,1912.5,1725.0,1774.21875,1017
2001-01-05,1640.625,1640.625,1800.0,1593.75,1800.0,507
2001-01-08,1640.625,1640.625,1809.375,1612.5,1668.75,464
2001-01-09,1556.25,1556.25,1687.5,1518.75,1638.28125,297
2001-01-10,1575.0,1575.0,1781.25,1575.0,1575.0,1555
2001-01-11,1743.75,1743.75,1818.75,1687.5,1715.625,1793
2001-01-12,1743.75,1743.75,1800.0,1650.0,1762.5,2245
2001-01-16,1734.375,1734.375,1800.0,1687.5,1734.375,1115
2001-01-17,1715.625,1715.625,1790.625,1678.125,1743.75,2003
2001-01-18,1800.0,1800.0,1837.5,1706.25,1760.15625,2643
2001-01-19,2203.125,2203.125,2203.125,1743.75,1818.75,3039
2001-01-22,2090.625,2090.625,2175.0,1950.0,2165.625,2481
2001-01-23,1987.5,1987.5,2090.625,1903.125,2076.5625,1308
2001-01-24,2015.625,2015.625,2081.25,1950.0,2025.0,1604
2001-01-25,1715.625,1715.625,2081.25,1650.0,2067.1875,2051
2001-01-26,1584.375,1584.375,1762.5,1528.125,1678.125,3753
2001-01-29,1800.0,1800.0,1856.25,1603.125,1612.5,2053
2001-01-30,1800.0,1800.0,1931.25,1734.375,1870.3125,1007
2001-01-31,1781.25,1781.25,1837.5,1743.75,1785.9375,733
2001-02-01,1992.1875,1992.1875,2025.0,1797.65625,1800.0,2443
2001-02-02,2100.0,2100.0,2175.0,1959.375,1959.375,3544
2001-02-05,2287.5,2287.5,2353.125,2146.875,2146.875,3363
2001-02-06,2146.875,2146.875,2362.5,2062.5,2315.625,2400
2001-02-07,1931.25,1931.25,2325.0,1875.0,2306.25,11059
2001-02-08,1668.75,1668.75,1912.5,1621.875,1893.75,9708
2001-02-09,1218.75,1218.75,1678.125,1162.5,1671.09375,17011
2001-02-12,1289.0625,1289.0625,1331.25,1228.125,1265.625,4491
2001-02-13,1256.25,1256.25,1312.5,1218.75,1291.40625,3984
2001-02-14,1200.0,1200.0,1265.625,1012.5,1265.625,4215
2001-02-15,1134.375,1134.375,1256.25,1125.0,1256.25,2823
2001-02-16,1106.25,1106.25,1153.125,1068.75,1122.65625,2135
2001-02-20,984.375,984.375,1153.125,956.25,1143.75,2965
2001-02-21,914.0625,914.0625,1012.5,890.625,1003.125,7171
2001-02-22,825.0,825.0,909.375,571.875,904.6875,7226
2001-02-23,834.375,834.375,853.125,731.25,825.0,1761
2001-02-26,900.0,900.0,956.25,825.0,839.0625,2616
2001-02-27,871.875,871.875,909.375,825.0,871.875,2272
2001-02-28,750.0,750.0,895.3125,693.75,878.90625,4153
2001-03-01,637.5,637.5,750.0,618.75,750.0,2401
2001-03-02,675.0,675.0,703.125,600.0,660.9375,1925
2001-03-05,618.75,618.75,698.4375,600.0,696.09375,1908
2001-03-06,618.75,618.75,693.75,609.375,618.75,3255
2001-03-07,1031.25,1031.25,1115.625,665.625,675.0,12122
2001-03-08,975.0,975.0,1115.625,937.5,1012.5,6696
2001-03-09,862.5,862.5,956.25,829.6875,900.0,2729
2001-03-12,904.6875,904.6875,937.5,825.0,848.4375,1915
2001-03-13,909.375,909.375,965.625,881.25,928.125,1499
2001-03-14,825.0,825.0,900.0,787.5,857.8125,2867
2001-03-15,815.625,815.625,885.9375,796.875,848.4375,1033
2001-03-16,752.34375,752.34375,853.125,712.5,820.3125,2007
2001-03-19,796.875,796.875,843.75,712.5,775.78125,1821
2001-03-20,759.375,759.375,881.25,712.5,806.25,1314
2001-03-21,740.625,740.625,787.5,675.0,750.0,9322
2001-03-22,750.0,750.0,787.5,660.9375,740.625,1651
2001-03-23,773.4375,773.4375,853.125,740.625,752.34375,1678
2001-03-26,796.875,796.875,843.75,750.0,843.75,1453
2001-03-27,759.375,759.375,796.875,721.875,787.5,1229
2001-03-28,623.4375,623.4375,703.125,600.0,693.75,2887
2001-03-29,342.1875,342.1875,496.875,337.5,487.5,16252
2001-03-30,309.375,309.375,398.4375,262.5,396.09375,18963
2001-04-02,412.5,412.5,421.875,328.125,351.5625,2704
2001-04-03,450.0,450.0,450.0,356.25,417.1875,1542
2001-04-04,478.125,478.125,525.0,450.0,461.71875,1661
2001-04-05,482.8125,482.8125,525.0,459.375,525.0,2630
2001-04-06,478.125,478.125,506.25,428.90625,459.375,1408
2001-04-09,502.5,502.5,523.5,465.0,510.0,1289
2001-04-10,520.5,520.5,540.0,511.5,519.0,828
2001-04-11,592.5,592.5,675.0,531.0,531.0,1517
2001-04-12,528.0,528.0,618.0,525.0,607.5,1010
2001-04-16,585.0,585.0,615.0,529.5,540.0,458
2001-04-17,583.5,583.5,586.5,555.0,562.5,263
2001-04-18,615.0,615.0,645.0,547.5,579.0,1309
2001-04-19,718.5,718.5,748.5,600.0,615.0,1225
2001-04-20,742.5,742.5,750.0,637.5,712.5,625
2001-04-23,720.0,720.0,753.0,667.5,736.5,1170
2001-04-24,720.0,720.0,751.5,675.0,721.5,723
2001-04-25,711.0,711.0,751.5,682.5,748.5,924
2001-04-26,735.0,735.0,765.0,684.0,741.0,1451
2001-04-27,810.0,810.0,823.5,733.5,733.5,834
2001-04-30,802.5,802.5,862.5,750.0,804.0,501
2001-05-01,810.0,810.0,840.0,774.0,774.0,384
2001-05-02,856.5,856.5,874.5,795.0,795.0,879
2001-05-03,765.0,765.0,858.0,765.0,832.5,1325
2001-05-04,781.5,781.5,817.5,697.5,760.5,1073
2001-05-07,742.5,742.5,787.5,735.0,780.0,431
2001-05-08,604.5,604.5,738.0,600.0,735.0,1811
2001-05-09,636.0,636.0,652.5,600.0,603.0,627
2001-05-10,621.0,621.0,660.0,612.0,634.5,512
2001-05-11,600.0,600.0,628.5,600.0,628.5,279
2001-05-14,591.0,591.0,630.0,562.5,600.0,1078
2001-05-15,592.5,592.5,618.0,477.0,577.5,2849
2001-05-16,517.5,517.5,600.0,516.0,592.5,3936
2001-05-17,540.0,540.0,571.5,513.0,562.5,1576
2001-05-18,516.0,516.0,541.5,507.0,531.0,767
2001-05-21,555.0,555.0,570.0,525.0,531.0,945
2001-05-22,559.5,559.5,613.5,555.0,607.5,2059
2001-05-23,540.0,540.0,562.5,529.5,562.5,544
2001-05-24,532.5,532.5,540.0,517.5,540.0,765
2001-05-25,505.5,505.5,531.0,499.5,525.0,605
2001-05-29,450.0,450.0,496.5,450.0,489.0,1817
2001-05-30,420.0,420.0,453.0,405.0,445.5,1813
2001-05-31,454.5,454.5,460.5,420.0,448.5,3401
2001-06-01,465.0,465.0,481.5,442.5,453.0,849
2001-06-04,484.5,484.5,484.5,448.5,465.0,1189
2001-06-05,457.5,457.5,475.5,450.0,474.0,1081
2001-06-06,457.5,457.5,465.0,450.0,465.0,626
2001-06-07,472.5,472.5,487.5,450.0,457.5,873
2001-06-08,445.5,445.5,483.0,427.5,462.0,360
2001-06-11,445.5,445.5,450.0,417.0,447.0,338
2001-06-12,442.5,442.5,451.5,432.0,450.0,432
2001-06-13,450.0,450.0,457.5,442.5,442.5,459
2001-06-14,448.5,448.5,454.5,420.0,448.5,2855
2001-06-15,420.0,420.0,502.5,405.0,430.5,3750
2001-06-18,357.0,357.0,454.5,342.0,454.5,493
2001-06-19,300.0,300.0,375.0,280.5,375.0,2095
2001-06-20,322.5,322.5,328.5,285.0,297.0,1405
2001-06-21,301.5,301.5,313.5,300.0,300.0,1103
2001-06-22,358.5,358.5,363.0,300.0,301.5,1454
2001-06-25,310.5,310.5,363.0,288.0,336.0,993
2001-06-26,304.5,304.5,325.5,292.5,307.5,2457
2001-06-27,303.0,303.0,307.5,285.0,301.5,525
2001-06-28,307.5,307.5,315.0,297.0,301.5,3977
2001-06-29,304.5,304.5,345.0,294.0,301.5,4354
2001-07-02,292.5,292.5,310.5,285.0,304.5,1870
2001-07-03,313.5,313.5,315.0,285.0,292.5,747
2001-07-05,310.5,310.5,480.0,306.0,381.0,11066
2001-07-06,298.5,298.5,322.5,291.0,319.5,1331
2001-07-09,292.5,292.5,304.5,270.0,303.0,2849
2001-07-10,259.5,259.5,295.5,225.0,294.0,9179
2001-07-11,205.5,205.5,253.5,172.5,250.5,7013
2001-07-12,201.0,201.0,232.5,183.0,232.5,9044
2001-07-13,210.0,210.0,217.5,187.5,202.5,2042
2001-07-16,198.0,198.0,232.5,150.0,219.0,1637
2001-07-17,178.5,178.5,195.0,172.5,187.5,5666
2001-07-18,174.0,174.0,187.5,160.5,186.0,2155
2001-07-19,168.0,168.0,198.0,162.0,192.0,4537
2001-07-20,156.0,156.0,171.0,150.0,171.0,4274
2001-07-23,151.5,151.5,165.0,150.0,162.0,5354
2001-07-24,141.0,141.0,159.0,135.0,159.0,12085
2001-07-25,135.0,135.0,147.0,132.0,142.5,6227
2001-07-26,142.5,142.5,150.0,127.5,150.0,8515
2001-07-27,141.0,141.0,145.5,141.0,145.5,1914
2001-07-30,142.5,142.5,148.5,139.5,144.0,3356
2001-07-31,150.0,150.0,172.5,139.5,141.0,4994
2001-08-01,147.0,147.0,156.0,141.0,154.5,2214
2001-08-02,141.0,141.0,151.5,141.0,150.0,2005
2001-08-03,150.0,150.0,157.5,141.0,142.5,4134
2001-08-06,150.0,150.0,153.0,142.5,147.0,2229
2001-08-07,144.0,144.0,147.0,141.0,144.0,1718
2001-08-08,120.0,120.0,144.0,108.0,144.0,5781
2001-08-09,106.5,106.5,118.5,100.5,114.0,1857
2001-08-10,123.0,123.0,124.5,106.5,114.0,1065
2001-08-13,109.5,109.5,129.0,102.0,121.5,689
2001-08-14,106.5,106.5,118.5,106.5,118.5,590
2001-08-15,108.0,108.0,111.0,100.5,108.0,481
2001-08-16,111.0,111.0,112.5,97.5,105.0,452
2001-08-17,111.0,111.0,111.0,102.0,111.0,531
2001-08-20,99.0,99.0,109.5,88.5,109.5,894
2001-08-21,90.0,90.0,100.5,88.5,100.5,1135
2001-08-22,96.0,96.0,97.5,82.5,94.5,740
2001-08-23,76.5,76.5,90.0,75.0,90.0,1923
2001-08-24,69.0,69.0,82.5,64.5,79.5,1717
2001-08-27,75.0,75.0,79.5,67.5,69.0,3311
2001-08-28,84.0,84.0,90.0,70.5,76.5,7463
2001-08-29,75.0,75.0,91.5,72.0,84.0,1647
2001-08-30,64.5,64.5,81.0,60.0,78.0,12372
2001-08-31,54.0,54.0,69.0,48.0,66.0,9995
2001-09-04,63.0,63.0,76.5,57.0,60.0,3769
2001-09-05,72.0,72.0,75.0,64.5,69.0,1279
2001-09-06,66.0,66.0,72.0,61.5,72.0,519
2001-09-07,63.0,63.0,73.5,63.0,69.0,513
2001-09-10,69.0,69.0,70.5,63.0,70.5,641
2001-09-17,63.0,63.0,70.5,58.5,63.0,1551
2001-09-18,64.5,64.5,67.5,58.5,66.0,481
2001-09-19,67.5,67.5,70.5,63.0,66.0,702
2001-09-20,63.0,63.0,72.0,61.5,69.0,424
2001-09-21,63.0,63.0,72.0,57.0,60.0,597
2001-09-24,64.5,64.5,67.5,57.0,64.5,471
2001-09-25,58.5,58.5,67.5,57.0,64.5,354
2001-09-26,60.0,60.0,63.0,57.0,61.5,258
2001-09-27,64.5,64.5,66.0,54.0,58.5,709
2001-09-28,58.5,58.5,69.0,57.0,66.0,1454
2001-10-01,55.5,55.5,66.0,43.5,66.0,1643
2001-10-02,52.5,52.5,57.0,48.0,52.5,884
2001-10-03,57.0,57.0,60.0,49.5,52.5,629
2001-10-04,52.5,52.5,66.0,45.0,58.5,2660
2001-10-05,57.0,57.0,58.5,51.0,54.0,391
2001-10-08,52.5,52.5,58.5,52.5,52.5,163
2001-10-09,57.0,57.0,61.5,52.5,55.5,844
2001-10-10,64.5,64.5,64.5,57.0,57.0,438
2001-10-11,70.5,70.5,72.0,63.0,63.0,1129
2001-10-12,72.0,72.0,73.5,63.0,70.5,795
2001-10-15,84.0,84.0,84.0,67.5,72.0,561
2001-10-16,87.0,87.0,103.5,82.5,85.5,1603
2001-10-17,102.0,102.0,102.0,82.5,87.0,2805
2001-10-18,139.5,139.5,157.5,108.0,109.5,7339
2001-10-19,153.0,153.0,162.0,144.0,157.5,3697
2001-10-22,177.0,177.0,186.0,150.0,172.5,2099
2001-10-23,153.0,153.0,180.0,145.5,177.0,3562
2001-10-24,130.5,130.5,157.5,117.0,154.5,2493
2001-10-25,157.5,157.5,159.0,120.0,135.0,2813
2001-10-26,160.5,160.5,202.5,150.0,150.0,7164
2001-10-29,138.0,138.0,162.0,135.0,157.5,3203
2001-10-30,121.5,121.5,141.0,115.5,139.5,3069
2001-10-31,102.0,102.0,123.0,93.0,120.0,4217
2001-11-01,103.5,103.5,111.0,99.0,105.0,1509
2001-11-02,99.0,99.0,103.5,91.5,102.0,1349
2001-11-05,99.0,99.0,111.0,94.5,100.5,1887
2001-11-06,99.0,99.0,102.0,91.5,99.0,793
2001-11-07,82.5,82.5,99.0,81.0,94.5,7833
2001-11-08,88.5,88.5,93.0,82.5,85.5,2762
2001-11-09,82.5,82.5,90.0,81.0,90.0,1024
2001-11-12,85.5,85.5,90.0,78.0,90.0,1781
2001-11-13,108.0,108.0,108.0,84.0,90.0,4357
2001-11-14,121.5,121.5,127.5,105.0,108.0,2913
2001-11-15,135.0,135.0,136.5,121.5,123.0,2056
2001-11-16,156.0,156.0,163.5,133.5,139.5,4276
2001-11-19,139.5,139.5,178.5,130.5,165.0,3115
2001-11-20,130.5,130.5,139.5,120.0,135.0,1457
2001-11-21,133.5,133.5,138.0,127.5,130.5,948
2001-11-23,142.5,142.5,147.0,129.0,136.5,345
2001-11-26,147.0,147.0,159.0,142.5,151.5,1038
2001-11-27,132.0,132.0,148.5,127.5,147.0,2365
2001-11-28,123.0,123.0,138.0,115.5,135.0,1060
2001-11-29,112.5,112.5,130.5,108.0,126.0,2087
2001-11-30,108.0,108.0,127.5,108.0,127.5,1036
2001-12-03,123.0,123.0,123.0,106.5,106.5,660
2001-12-04,120.0,120.0,144.0,112.5,133.5,3094
2001-12-05,126.0,126.0,135.0,118.5,124.5,3113
2001-12-06,130.5,130.5,133.5,108.0,133.5,4175
2001-12-07,132.0,132.0,133.5,120.0,121.5,924
2001-12-10,121.5,121.5,135.0,120.0,127.5,232
2001-12-11,165.0,165.0,168.0,124.5,130.5,8005
2001-12-12,163.5,163.5,169.5,142.5,165.0,1607
2001-12-13,195.0,195.0,286.5,148.5,154.5,19314
2001-12-14,166.5,166.5,201.0,151.5,201.0,15159
2001-12-17,169.5,169.5,184.5,153.0,169.5,5413
2001-12-18,175.5,175.5,180.0,165.0,168.0,4497
2001-12-19,195.0,195.0,202.5,172.5,172.5,3441
2001-12-20,180.0,180.0,222.0,174.0,202.5,3783
2001-12-21,183.0,183.0,196.5,174.0,195.0,2466
2001-12-24,187.5,187.5,202.5,178.5,192.0,2028
2001-12-26,204.0,204.0,210.0,187.5,190.5,2155
2001-12-27,186.0,186.0,207.0,180.0,199.5,4457
2001-12-28,195.0,195.0,195.0,178.5,193.5,2493
2001-12-31,183.0,183.0,195.0,181.5,190.5,2465
2002-01-02,247.5,247.5,250.5,213.0,240.0,15210
2002-01-03,229.5,229.5,255.0,226.5,247.5,8837
2002-01-04,219.0,219.0,238.5,204.0,238.5,5261
2002-01-07,225.0,225.0,234.0,219.0,223.5,3936
2002-01-08,228.0,228.0,232.5,225.0,232.5,2133
2002-01-09,207.0,207.0,232.5,205.5,231.0,4569
2002-01-10,195.0,195.0,208.5,195.0,208.5,2773
2002-01-11,181.5,181.5,199.5,177.0,199.5,4439
2002-01-14,162.0,162.0,187.5,150.0,184.5,4762
2002-01-15,183.0,183.0,184.5,159.0,163.5,7987
2002-01-16,165.0,165.0,184.5,160.5,180.0,4529
2002-01-17,159.0,159.0,180.0,156.0,175.5,5310
2002-01-18,156.0,156.0,165.0,150.0,165.0,3359
2002-01-22,138.0,138.0,157.5,135.0,157.5,3536
2002-01-23,139.5,139.5,145.5,127.5,133.5,2653
2002-01-24,177.0,177.0,181.5,141.0,141.0,12059
2002-01-25,189.0,189.0,193.5,171.0,183.0,3921
2002-01-28,195.0,195.0,201.0,186.0,189.0,4204
2002-01-29,183.0,183.0,199.5,169.5,193.5,2569
2002-01-30,168.0,168.0,183.0,159.0,181.5,5549
2002-01-31,169.5,169.5,177.0,166.5,166.5,921
2002-02-01,174.0,174.0,183.0,165.0,174.0,2020
2002-02-04,169.5,169.5,177.0,157.5,168.0,1471
2002-02-05,162.0,162.0,172.5,157.5,160.5,2440
2002-02-06,165.0,165.0,183.0,150.0,166.5,5159
2002-02-07,159.0,159.0,183.0,159.0,172.5,1911
2002-02-08,169.5,169.5,174.0,159.0,168.0,2239
2002-02-11,187.5,187.5,202.5,168.0,168.0,7075
2002-02-12,168.0,168.0,187.5,165.0,187.5,3317
2002-02-13,165.0,165.0,172.5,156.0,169.5,6293
2002-02-14,163.5,163.5,171.0,153.0,169.5,2396
2002-02-15,157.5,157.5,163.5,153.0,163.5,2139
2002-02-19,148.5,148.5,166.5,138.0,166.5,2473
2002-02-20,144.0,144.0,157.5,138.0,150.0,2286
2002-02-21,138.0,138.0,142.5,132.0,142.5,1254
2002-02-22,133.5,133.5,139.5,127.5,133.5,1147
2002-02-25,127.5,127.5,138.0,123.0,133.5,821
2002-02-26,124.5,124.5,135.0,124.5,129.0,1439
2002-02-27,123.0,123.0,132.0,121.5,124.5,1223
2002-02-28,127.5,127.5,132.0,121.5,127.5,1523
2002-03-01,148.5,148.5,148.5,133.5,141.0,3057
2002-03-04,135.0,135.0,165.0,129.0,139.5,5683
2002-03-05,138.0,138.0,145.5,130.5,138.0,4889
2002-03-06,171.0,171.0,174.0,138.0,141.0,9143
2002-03-07,175.5,175.5,177.0,159.0,174.0,4934
2002-03-08,150.0,150.0,183.0,148.5,175.5,7110
2002-03-11,139.5,139.5,154.5,135.0,153.0,8871
2002-03-12,129.0,129.0,142.5,124.5,139.5,6421
2002-03-13,126.0,126.0,136.5,124.5,132.0,4143
2002-03-14,135.0,135.0,153.0,129.0,150.0,22045
2002-03-15,135.0,135.0,138.0,127.5,135.0,5143
2002-03-18,130.5,130.5,141.0,127.5,135.0,3481
2002-03-19,132.0,132.0,136.5,129.0,129.0,5745
2002-03-20,124.5,124.5,138.0,124.5,136.5,4694
2002-03-21,121.5,121.5,129.0,118.5,129.0,4010
2002-03-22,106.5,106.5,123.0,103.5,123.0,8307
2002-03-25,93.0,93.0,111.0,88.5,111.0,9633
2002-03-26,103.5,103.5,120.0,99.0,117.0,31943
2002-03-27,99.0,99.0,103.5,91.5,97.5,9859
2002-03-28,99.0,99.0,103.5,93.0,102.0,4165
2002-04-01,94.5,94.5,102.0,91.5,102.0,4639
2002-04-02,100.5,100.5,105.0,96.0,99.0,4595
2002-04-03,94.5,94.5,103.5,93.0,100.5,4676
2002-04-04,91.5,91.5,96.0,87.0,96.0,3620
2002-04-05,79.5,79.5,93.0,76.5,93.0,7130
2002-04-08,72.0,72.0,81.0,67.5,81.0,4206
2002-04-09,75.0,75.0,78.0,64.5,69.0,5829
2002-04-10,76.5,76.5,78.0,69.0,78.0,1923
2002-04-11,81.0,81.0,81.0,75.0,78.0,4131
2002-04-12,91.5,91.5,96.0,79.5,84.0,5828
2002-04-15,88.5,88.5,94.5,82.5,91.5,2662
2002-04-16,85.5,85.5,90.0,82.5,88.5,3846
2002-04-17,82.5,82.5,90.0,79.5,88.5,4810
2002-04-18,99.0,99.0,112.5,79.5,84.0,10017
2002-04-19,105.0,105.0,127.5,102.0,106.5,9725
2002-04-22,96.0,96.0,108.0,85.5,105.0,5549
2002-04-23,93.0,93.0,96.0,81.0,93.0,4466
2002-04-24,91.5,91.5,93.0,87.0,91.5,1929
2002-04-25,88.5,88.5,93.0,78.0,91.5,2550
2002-04-26,85.5,85.5,91.5,81.0,85.5,1541
2002-04-29,78.0,78.0,85.5,78.0,85.5,1620
2002-04-30,85.5,85.5,88.5,75.0,81.0,1948
2002-05-01,88.5,88.5,88.5,81.0,84.0,648
2002-05-02,82.5,82.5,87.0,75.0,81.0,2425
2002-05-03,76.5,76.5,87.0,75.0,82.5,1503
2002-05-06,66.0,66.0,79.5,55.5,76.5,4493
2002-05-07,58.5,58.5,61.5,49.5,51.0,4577
2002-05-08,61.5,61.5,63.0,54.0,57.0,5409
2002-05-09,51.0,51.0,61.5,51.0,60.0,1934
2002-05-10,51.0,51.0,55.5,48.0,54.0,2877
2002-05-13,55.5,55.5,58.5,51.0,52.5,14611
2002-05-14,58.5,58.5,66.0,57.0,60.0,9401
2002-05-15,63.0,63.0,72.0,60.0,66.0,12857
2002-05-16,58.5,58.5,64.5,54.0,63.0,3660
2002-05-17,58.5,58.5,63.0,52.5,61.5,5235
2002-05-20,54.0,54.0,60.0,52.5,55.5,1767
2002-05-21,66.0,66.0,75.0,61.5,69.0,14099
2002-05-22,61.5,61.5,67.5,58.5,67.5,3537
2002-05-23,64.5,64.5,66.0,58.5,63.0,2499
2002-05-24,60.0,60.0,64.5,58.5,64.5,2031
2002-05-28,61.5,61.5,63.0,58.5,63.0,2084
2002-05-29,58.5,58.5,61.5,54.0,60.0,1477
2002-05-30,60.0,60.0,63.0,54.0,57.0,2120
2002-05-31,54.0,54.0,58.5,54.0,57.0,1839
2002-06-03,55.5,55.5,57.0,52.5,54.0,1100
2002-06-04,51.0,51.0,60.0,46.5,58.5,6374
2002-06-05,46.5,46.5,52.5,43.5,52.5,4776
2002-06-06,45.0,45.0,51.0,43.5,48.0,4907
2002-06-07,43.5,43.5,45.0,37.5,39.0,5603
2002-06-10,40.5,40.5,46.5,39.0,45.0,2016
2002-06-11,43.5,43.5,46.5,40.5,42.0,3739
2002-06-12,45.0,45.0,45.0,39.0,40.5,1478
2002-06-13,42.0,42.0,43.5,39.0,43.5,2329
2002-06-14,39.0,39.0,42.0,37.5,39.0,3101
2002-06-17,40.5,40.5,42.0,37.5,39.0,1229
2002-06-18,39.0,39.0,42.0,39.0,42.0,870
2002-06-19,43.5,43.5,43.5,37.5,40.5,2955
2002-06-20,39.0,39.0,45.0,37.5,42.0,808
2002-06-21,34.5,34.5,42.0,33.0,40.5,7105
2002-06-24,30.0,30.0,36.0,28.5,34.5,6446
2002-06-25,30.0,30.0,34.5,28.5,30.0,4275
2002-06-26,27.0,27.0,30.0,16.5,25.5,5897
2002-06-27,39.0,39.0,39.0,25.5,27.0,4364
2002-06-28,49.5,49.5,60.0,31.5,39.0,10683
2002-07-01,45.0,45.0,51.0,43.5,46.5,3001
2002-07-02,31.5,31.5,46.5,31.5,43.5,3953
2002-07-03,27.0,27.0,31.5,24.0,30.0,18655
2002-07-05,27.0,27.0,31.5,25.5,31.5,6359
2002-07-08,24.0,24.0,30.0,22.5,28.5,9401
2002-07-09,25.5,25.5,27.0,24.0,27.0,4664
2002-07-10,25.5,25.5,30.0,24.0,28.5,2157
2002-07-11,25.5,25.5,27.0,24.0,25.5,1332
2002-07-12,25.5,25.5,28.5,25.5,27.0,1370
2002-07-15,24.0,24.0,27.0,24.0,27.0,1552
2002-07-16,28.5,28.5,33.0,25.5,27.0,6645
2002-07-17,28.5,28.5,33.0,28.5,31.5,2961
2002-07-18,28.5,28.5,31.5,27.0,28.5,1121
2002-07-19,28.5,28.5,30.0,27.0,30.0,1383
2002-07-22,27.0,27.0,28.5,25.5,27.0,1561
2002-07-23,27.0,27.0,31.5,27.0,28.5,1758
2002-07-24,28.5,28.5,30.0,24.0,25.5,2176
2002-07-25,25.5,25.5,31.5,24.0,30.0,3817
2002-07-26,24.0,24.0,27.0,21.0,27.0,1942
2002-07-29,24.0,24.0,25.5,22.5,24.0,1797
2002-07-30,24.0,24.0,25.5,21.0,22.5,2036
2002-07-31,22.5,22.5,25.5,21.0,22.5,4893
2002-08-01,21.0,21.0,24.0,21.0,24.0,2131
2002-08-02,21.0,21.0,22.5,21.0,21.0,1299
2002-08-05,22.5,22.5,24.0,21.0,21.0,989
2002-08-06,22.5,22.5,24.0,21.0,22.5,1572
2002-08-07,16.5,16.5,19.5,16.5,19.5,6470
2002-08-08,16.5,16.5,19.5,16.5,16.5,3981
2002-08-09,16.5,16.5,18.0,15.0,18.0,2049
2002-08-12,16.5,16.5,18.0,15.0,18.0,1376
2002-08-13,22.5,22.5,28.5,21.0,21.0,21497
2002-08-14,43.5,43.5,43.5,27.0,28.5,49148
2002-08-15,43.5,43.5,60.0,43.5,58.5,64067
2002-08-16,37.5,37.5,46.5,34.5,45.0,25005
2002-08-19,37.5,37.5,39.0,34.5,37.5,14185
2002-08-20,36.0,36.0,39.0,34.5,39.0,7029
2002-08-21,34.5,34.5,36.0,33.0,34.5,8199
2002-08-22,40.5,40.5,43.5,36.0,39.0,20486
2002-08-23,37.5,37.5,42.0,36.0,42.0,6942
2002-08-26,39.0,39.0,43.5,37.5,40.5,6091
2002-08-27,40.5,40.5,42.0,37.5,42.0,6927
2002-08-28,43.5,43.5,51.0,42.0,46.5,33759
2002-08-29,36.0,36.0,42.0,36.0,40.5,24186
2002-08-30,37.5,37.5,37.5,34.5,37.5,6351
2002-09-03,36.0,36.0,36.0,33.0,36.0,11923
2002-09-04,45.0,45.0,57.0,42.0,55.5,119173
2002-09-05,37.5,37.5,42.0,36.0,42.0,50985
2002-09-06,34.5,34.5,39.0,34.5,39.0,32330
2002-09-09,34.5,34.5,36.0,33.0,36.0,24001
2002-09-10,33.0,33.0,36.0,31.5,34.5,9575
2002-09-11,34.5,34.5,39.0,33.0,34.5,23925
2002-09-12,34.5,34.5,36.0,33.0,34.5,12419
2002-09-13,31.5,31.5,34.5,28.5,34.5,35996
2002-09-16,27.0,27.0,33.0,27.0,31.5,7959
2002-09-17,27.0,27.0,28.5,24.0,28.5,11952
2002-09-18,30.0,30.0,30.0,24.0,28.5,15969
2002-09-19,31.5,31.5,33.0,28.5,30.0,19497
2002-09-20,30.0,30.0,34.5,30.0,33.0,14337
2002-09-23,30.0,30.0,30.0,27.0,30.0,8298
2002-09-24,27.0,27.0,28.5,24.0,28.5,17049
2002-09-25,25.5,25.5,27.0,24.0,27.0,8296
2002-09-26,24.0,24.0,27.0,24.0,25.5,5056
2002-09-27,24.0,24.0,25.5,22.5,24.0,4247
2002-09-30,21.0,21.0,24.0,21.0,24.0,6029
2002-10-01,24.0,24.0,27.0,12.0,21.0,5219
2002-10-02,22.5,22.5,22.5,18.0,21.0,1945
2002-10-03,24.0,24.0,24.0,21.0,22.5,3985
2002-10-04,24.0,24.0,28.5,21.0,24.0,1685
2002-10-07,19.5,19.5,24.0,19.5,24.0,2995
2002-10-08,19.5,19.5,24.0,19.5,22.5,4886
2002-10-09,19.5,19.5,21.0,19.5,21.0,2079
2002-10-10,24.0,24.0,25.5,22.5,22.5,13141
2002-10-11,24.0,24.0,25.5,22.5,24.0,4163
2002-10-14,24.0,24.0,24.0,22.5,22.5,2071
2002-10-15,24.0,24.0,27.0,24.0,25.5,9479
2002-10-16,25.5,25.5,28.5,24.0,27.0,11030
2002-10-17,27.0,27.0,28.5,25.5,27.0,6056
2002-10-18,28.5,28.5,28.5,25.5,28.5,2305
2002-10-21,25.5,25.5,28.5,22.5,27.0,18613
2002-10-22,24.0,24.0,24.0,22.5,22.5,7455
2002-10-23,24.0,24.0,25.5,22.5,22.5,6663
2002-10-24,24.0,24.0,25.5,22.5,24.0,6809
2002-10-25,25.5,25.5,27.0,22.5,25.5,8994
2002-10-28,31.5,31.5,34.5,28.5,30.0,58993
2002-10-29,22.0,22.0,31.0,21.299999237060547,31.0,12510
2002-10-30,22.5,22.5,24.0,21.200000762939453,22.200000762939453,10930
2002-10-31,22.299999237060547,22.299999237060547,23.5,21.799999237060547,23.100000381469727,4300
2002-11-01,21.0,21.0,22.299999237060547,18.799999237060547,22.299999237060547,11050
2002-11-04,20.200000762939453,20.200000762939453,21.0,18.0,21.0,19370
2002-11-05,18.399999618530273,18.399999618530273,20.299999237060547,18.100000381469727,20.299999237060547,6910
2002-11-06,19.899999618530273,19.899999618530273,20.799999237060547,18.200000762939453,18.899999618530273,8420
2002-11-07,19.0,19.0,19.5,18.299999237060547,19.5,51770
2002-11-08,19.399999618530273,19.399999618530273,19.700000762939453,18.5,19.0,55220
2002-11-11,18.0,18.0,19.399999618530273,16.700000762939453,18.700000762939453,4920
2002-11-12,17.899999618530273,17.899999618530273,19.899999618530273,17.0,18.299999237060547,14020
2002-11-13,17.700000762939453,17.700000762939453,18.700000762939453,17.399999618530273,18.0,5420
2002-11-14,17.600000381469727,17.600000381469727,18.5,17.100000381469727,18.0,2190
2002-11-15,17.600000381469727,17.600000381469727,19.0,16.600000381469727,18.299999237060547,3640
2002-11-18,17.5,17.5,18.600000381469727,16.5,16.5,3810
2002-11-19,16.799999237060547,16.799999237060547,17.600000381469727,16.5,17.600000381469727,5410
2002-11-20,16.799999237060547,16.799999237060547,16.899999618530273,16.0,16.299999237060547,4300
2002-11-21,18.799999237060547,18.799999237060547,19.899999618530273,17.0,17.0,15260
2002-11-22,17.200000762939453,17.200000762939453,18.799999237060547,16.100000381469727,18.799999237060547,9820
2002-11-25,16.899999618530273,16.899999618530273,18.0,16.5,17.299999237060547,5290
2002-11-26,17.0,17.0,17.299999237060547,16.100000381469727,17.299999237060547,5500
2002-11-27,17.799999237060547,17.799999237060547,18.700000762939453,16.899999618530273,17.299999237060547,27040
2002-11-29,20.299999237060547,20.299999237060547,22.5,18.299999237060547,18.600000381469727,32200
2002-12-02,20.200000762939453,20.200000762939453,23.0,19.299999237060547,22.399999618530273,38840
2002-12-03,17.100000381469727,17.100000381469727,20.0,17.0,19.5,26890
2002-12-04,17.200000762939453,17.200000762939453,18.299999237060547,16.100000381469727,17.0,14710
2002-12-05,16.100000381469727,16.100000381469727,17.899999618530273,15.5,17.899999618530273,10070
2002-12-06,14.600000381469727,14.600000381469727,16.0,14.100000381469727,15.300000190734863,15850
2002-12-09,13.899999618530273,13.899999618530273,14.800000190734863,13.100000381469727,14.600000381469727,6920
2002-12-10,12.600000381469727,12.600000381469727,14.5,12.5,14.399999618530273,16350
2002-12-11,12.600000381469727,12.600000381469727,13.5,11.699999809265137,12.699999809265137,3410
2002-12-12,13.600000381469727,13.600000381469727,15.300000190734863,12.600000381469727,12.699999809265137,14350
2002-12-13,13.300000190734863,13.300000190734863,15.100000381469727,12.5,14.199999809265137,3320
2002-12-16,12.399999618530273,12.399999618530273,14.199999809265137,10.800000190734863,10.800000190734863,5510
2002-12-17,11.699999809265137,11.699999809265137,12.699999809265137,11.0,12.0,4130
2002-12-18,11.0,11.0,11.399999618530273,10.899999618530273,11.300000190734863,4520
2002-12-19,10.100000381469727,10.100000381469727,11.100000381469727,9.399999618530273,11.0,11990
2002-12-20,11.399999618530273,11.399999618530273,13.699999809265137,9.0,10.699999809265137,46250
2002-12-23,10.0,10.0,12.100000381469727,10.0,11.399999618530273,20140
2002-12-24,10.300000190734863,10.300000190734863,11.100000381469727,9.600000381469727,9.699999809265137,14410
2002-12-26,9.699999809265137,9.699999809265137,10.800000190734863,9.699999809265137,10.800000190734863,9000
2002-12-27,9.5,9.5,10.0,9.5,9.800000190734863,7720
2002-12-30,9.0,9.0,9.899999618530273,9.0,9.899999618530273,9170
2002-12-31,9.699999809265137,9.699999809265137,9.699999809265137,9.0,9.199999809265137,5320
2003-01-02,9.899999618530273,9.899999618530273,10.0,9.5,9.699999809265137,4070
2003-01-03,10.0,10.0,10.399999618530273,9.600000381469727,9.800000190734863,7520
2003-01-06,11.5,11.5,11.5,10.0,10.0,17300
2003-01-07,12.399999618530273,12.399999618530273,13.300000190734863,11.600000381469727,12.399999618530273,52850
2003-01-08,11.100000381469727,11.100000381469727,12.5,10.100000381469727,12.5,17250
2003-01-09,10.5,10.5,11.100000381469727,10.0,11.100000381469727,31460
2003-01-10,10.699999809265137,10.699999809265137,11.0,10.300000190734863,10.699999809265137,13590
2003-01-13,10.5,10.5,10.800000190734863,10.399999618530273,10.800000190734863,18200
2003-01-14,11.899999618530273,11.899999618530273,12.5,11.0,11.600000381469727,34400
2003-01-15,12.100000381469727,12.100000381469727,12.399999618530273,10.699999809265137,12.399999618530273,30820
2003-01-16,11.199999809265137,11.199999809265137,11.899999618530273,11.0,11.600000381469727,6800
2003-01-17,11.0,11.0,11.399999618530273,10.800000190734863,11.0,14670
2003-01-21,10.199999809265137,10.199999809265137,11.199999809265137,10.100000381469727,11.0,14760
2003-01-22,9.5,9.5,10.300000190734863,9.100000381469727,9.800000190734863,18770
2003-01-23,9.199999809265137,9.199999809265137,9.800000190734863,9.0,9.5,24720
2003-01-24,9.0,9.0,9.300000190734863,8.899999618530273,9.100000381469727,7850
2003-01-27,9.100000381469727,9.100000381469727,9.199999809265137,8.5,9.199999809265137,16310
2003-01-28,8.300000190734863,8.300000190734863,9.300000190734863,8.300000190734863,9.300000190734863,5690
2003-01-29,8.0,8.0,8.300000190734863,7.599999904632568,8.199999809265137,17560
2003-01-30,8.300000190734863,8.300000190734863,8.399999618530273,8.0,8.300000190734863,5250
2003-01-31,8.300000190734863,8.300000190734863,8.399999618530273,7.300000190734863,8.100000381469727,11010
2003-02-03,7.300000190734863,7.300000190734863,8.0,7.199999809265137,8.0,11980
2003-02-04,7.0,7.0,7.199999809265137,6.5,7.099999904632568,12230
2003-02-05,7.400000095367432,7.400000095367432,7.5,6.5,7.199999809265137,9130
2003-02-06,6.900000095367432,6.900000095367432,8.100000381469727,6.699999809265137,7.300000190734863,15170
2003-02-07,7.0,7.0,7.199999809265137,6.599999904632568,6.800000190734863,1910
2003-02-10,7.199999809265137,7.199999809265137,7.199999809265137,6.699999809265137,6.699999809265137,2160
2003-02-11,7.400000095367432,7.400000095367432,7.5,7.0,7.199999809265137,3510
2003-02-12,6.800000190734863,6.800000190734863,7.5,6.800000190734863,7.5,3630
2003-02-13,6.800000190734863,6.800000190734863,7.400000095367432,6.300000190734863,7.400000095367432,6390
2003-02-14,6.800000190734863,6.800000190734863,7.199999809265137,6.699999809265137,6.900000095367432,4790
2003-02-18,7.800000190734863,7.800000190734863,8.199999809265137,7.300000190734863,7.5,20550
2003-02-19,9.0,9.0,9.199999809265137,7.599999904632568,7.900000095367432,31140
2003-02-20,8.699999809265137,8.699999809265137,9.199999809265137,8.5,9.100000381469727,13800
2003-02-21,8.0,8.0,8.899999618530273,7.5,8.5,2890
2003-02-24,7.900000095367432,7.900000095367432,8.399999618530273,7.5,7.5,3610
2003-02-25,7.5,7.5,7.699999809265137,6.699999809265137,7.699999809265137,3610
2003-02-26,7.099999904632568,7.099999904632568,7.300000190734863,6.0,7.199999809265137,5660
2003-02-27,7.0,7.0,7.199999809265137,6.800000190734863,7.199999809265137,1120
2003-02-28,7.199999809265137,7.199999809265137,7.5,7.0,7.199999809265137,2060
2003-03-03,7.199999809265137,7.199999809265137,7.400000095367432,6.900000095367432,7.400000095367432,5270
2003-03-04,7.0,7.0,7.199999809265137,6.800000190734863,7.199999809265137,2970
2003-03-05,7.0,7.0,7.0,6.599999904632568,7.0,2760
2003-03-06,7.900000095367432,7.900000095367432,8.300000190734863,6.800000190734863,7.0,14770
2003-03-07,8.0,8.0,8.0,7.599999904632568,8.0,2010
2003-03-10,8.699999809265137,8.699999809265137,8.899999618530273,7.699999809265137,7.699999809265137,9250
2003-03-11,9.0,9.0,9.5,9.0,9.0,12030
2003-03-12,9.699999809265137,9.699999809265137,10.100000381469727,8.899999618530273,9.100000381469727,21060
2003-03-13,10.300000190734863,10.300000190734863,10.600000381469727,10.0,10.0,16420
2003-03-14,9.100000381469727,9.100000381469727,10.399999618530273,8.699999809265137,10.399999618530273,18580
2003-03-17,9.0,9.0,9.300000190734863,8.5,9.300000190734863,14510
2003-03-18,8.899999618530273,8.899999618530273,9.600000381469727,8.899999618530273,9.300000190734863,11590
2003-03-19,10.0,10.0,10.5,8.899999618530273,8.899999618530273,11390
2003-03-20,11.0,11.0,11.899999618530273,10.0,10.0,38460
2003-03-21,12.0,12.0,12.0,10.699999809265137,10.899999618530273,44530
2003-03-24,12.0,12.0,12.199999809265137,11.699999809265137,11.899999618530273,17280
2003-03-25,12.199999809265137,12.199999809265137,12.5,11.800000190734863,11.800000190734863,11840
2003-03-26,11.699999809265137,11.699999809265137,12.399999618530273,10.5,12.100000381469727,22230
2003-03-27,9.899999618530273,9.899999618530273,11.199999809265137,9.5,10.600000381469727,31750
2003-03-28,10.699999809265137,10.699999809265137,11.399999618530273,10.0,10.100000381469727,7410
2003-03-31,10.300000190734863,10.300000190734863,11.0,9.800000190734863,10.5,21630
2003-04-01,9.5,9.5,10.5,9.300000190734863,10.5,16380
2003-04-02,9.699999809265137,9.699999809265137,9.899999618530273,8.199999809265137,9.899999618530273,37920
2003-04-03,10.0,10.0,10.0,9.0,9.5,7420
2003-04-04,10.199999809265137,10.199999809265137,10.199999809265137,9.399999618530273,10.0,3010
2003-04-07,9.5,9.5,10.300000190734863,9.5,10.100000381469727,12370
2003-04-08,9.899999618530273,9.899999618530273,9.899999618530273,9.600000381469727,9.600000381469727,2000
2003-04-09,9.600000381469727,9.600000381469727,10.0,9.5,9.5,2680
2003-04-10,9.5,9.5,9.800000190734863,9.5,9.5,4540
2003-04-11,9.100000381469727,9.100000381469727,10.0,9.0,9.5,9140
2003-04-14,9.0,9.0,9.199999809265137,9.0,9.0,1180
2003-04-15,9.100000381469727,9.100000381469727,9.100000381469727,8.600000381469727,8.699999809265137,6160
2003-04-16,9.0,9.0,9.5,9.0,9.0,7120
2003-04-17,8.600000381469727,8.600000381469727,9.0,8.5,9.0,5200
2003-04-21,8.899999618530273,8.899999618530273,8.899999618530273,8.600000381469727,8.800000190734863,4060
2003-04-22,9.5,9.5,9.5,8.699999809265137,8.699999809265137,2220
2003-04-23,8.899999618530273,8.899999618530273,9.699999809265137,8.699999809265137,9.699999809265137,2900
2003-04-24,9.0,9.0,9.600000381469727,9.0,9.600000381469727,2990
2003-04-25,9.300000190734863,9.300000190734863,9.399999618530273,8.5,9.100000381469727,4270
2003-04-28,9.300000190734863,9.300000190734863,9.699999809265137,8.800000190734863,9.699999809265137,5170
2003-04-29,9.100000381469727,9.100000381469727,9.600000381469727,8.899999618530273,9.300000190734863,3650
2003-04-30,9.199999809265137,9.199999809265137,9.300000190734863,9.0,9.0,3730
2003-05-01,11.300000190734863,11.300000190734863,11.899999618530273,9.300000190734863,9.5,30010
2003-05-02,11.300000190734863,11.300000190734863,12.0,11.0,11.5,14450
2003-05-05,11.300000190734863,11.300000190734863,11.699999809265137,11.100000381469727,11.100000381469727,4850
2003-05-06,10.600000381469727,10.600000381469727,11.5,10.399999618530273,11.100000381469727,16890
2003-05-07,10.100000381469727,10.100000381469727,10.899999618530273,10.0,10.899999618530273,14780
2003-05-08,9.899999618530273,9.899999618530273,10.5,9.800000190734863,10.5,4490
2003-05-09,9.600000381469727,9.600000381469727,9.800000190734863,9.5,9.600000381469727,6260
2003-05-12,9.399999618530273,9.399999618530273,10.199999809265137,9.0,9.5,10360
2003-05-13,9.199999809265137,9.199999809265137,9.800000190734863,8.899999618530273,9.600000381469727,18900
2003-05-14,9.100000381469727,9.100000381469727,9.600000381469727,8.800000190734863,9.0,7990
2003-05-15,10.399999618530273,10.399999618530273,10.399999618530273,8.899999618530273,9.5,19960
2003-05-16,9.699999809265137,9.699999809265137,10.899999618530273,9.5,10.5,14590
2003-05-19,9.800000190734863,9.800000190734863,10.300000190734863,9.300000190734863,9.600000381469727,9230
2003-05-20,9.899999618530273,9.899999618530273,10.399999618530273,9.399999618530273,9.699999809265137,18000
2003-05-21,9.600000381469727,9.600000381469727,10.0,9.300000190734863,9.300000190734863,5760
2003-05-22,9.699999809265137,9.699999809265137,10.0,9.5,9.899999618530273,3640
2003-05-23,10.399999618530273,10.399999618530273,10.399999618530273,9.800000190734863,9.800000190734863,8170
2003-05-27,11.300000190734863,11.300000190734863,11.300000190734863,10.100000381469727,10.199999809265137,17400
2003-05-28,11.699999809265137,11.699999809265137,12.300000190734863,11.0,11.399999618530273,9380
2003-05-29,12.5,12.5,12.899999618530273,11.800000190734863,11.800000190734863,16680
2003-05-30,13.399999618530273,13.399999618530273,13.899999618530273,12.5,12.899999618530273,15180
2003-06-02,14.5,14.5,15.5,12.5,13.600000381469727,45140
2003-06-03,18.5,18.5,18.5,14.5,14.800000190734863,26080
2003-06-04,28.100000381469727,28.100000381469727,31.700000762939453,18.600000381469727,19.0,101100
2003-06-05,36.70000076293945,36.70000076293945,39.79999923706055,27.5,28.5,119360
2003-06-06,30.899999618530273,30.899999618530273,40.0,30.899999618530273,37.900001525878906,79390
2003-06-09,31.700000762939453,31.700000762939453,32.0,28.0,29.100000381469727,32550
2003-06-10,29.399999618530273,29.399999618530273,32.0,27.5,31.5,28160
2003-06-11,25.799999237060547,25.799999237060547,28.799999237060547,25.0,28.799999237060547,30480
2003-06-12,24.200000762939453,24.200000762939453,28.100000381469727,23.700000762939453,25.0,25740
2003-06-13,24.0,24.0,24.799999237060547,21.5,21.600000381469727,26870
2003-06-16,24.5,24.5,24.600000381469727,22.600000381469727,24.0,37540
2003-06-17,26.5,26.5,27.5,23.100000381469727,24.5,27400
2003-06-18,26.200000762939453,26.200000762939453,28.5,25.100000381469727,28.100000381469727,26300
2003-06-19,28.899999618530273,28.899999618530273,29.200000762939453,25.600000381469727,26.600000381469727,19350
2003-06-20,28.399999618530273,28.399999618530273,29.299999237060547,27.5,29.100000381469727,11620
2003-06-23,30.600000381469727,30.600000381469727,31.399999618530273,28.200000762939453,28.200000762939453,12810
2003-06-24,28.0,28.0,31.0,27.0,31.0,17660
2003-06-25,27.899999618530273,27.899999618530273,28.799999237060547,27.0,28.0,8170
2003-06-26,26.5,26.5,28.600000381469727,26.5,28.5,5880
2003-06-27,22.799999237060547,22.799999237060547,25.299999237060547,22.299999237060547,25.299999237060547,15690
2003-06-30,24.700000762939453,24.700000762939453,25.0,20.5,22.399999618530273,21040
2003-07-01,27.0,27.0,27.0,24.0,24.899999618530273,6950
2003-07-02,27.5,27.5,27.5,25.600000381469727,27.0,4840
2003-07-03,27.0,27.0,27.899999618530273,26.5,27.100000381469727,2490
2003-07-07,33.0,33.0,33.29999923706055,26.600000381469727,27.0,23080
2003-07-08,35.900001525878906,35.900001525878906,35.900001525878906,30.5,32.79999923706055,22390
2003-07-09,37.5,37.5,37.5,32.79999923706055,32.79999923706055,19880
2003-07-10,41.20000076293945,41.20000076293945,42.20000076293945,36.20000076293945,37.20000076293945,39370
2003-07-11,38.599998474121094,38.599998474121094,44.79999923706055,36.099998474121094,43.099998474121094,40680
2003-07-14,39.5,39.5,40.0,35.099998474121094,36.29999923706055,16070
2003-07-15,40.0,40.0,41.900001525878906,39.099998474121094,39.79999923706055,9600
2003-07-16,38.0,38.0,40.70000076293945,35.5,40.0,12340
2003-07-17,40.400001525878906,40.400001525878906,41.0,36.5,36.5,19110
2003-07-18,41.0,41.0,42.0,39.900001525878906,40.79999923706055,9800
2003-07-21,42.0,42.0,42.0,40.5,41.5,6280
2003-07-22,45.0,45.0,49.5,41.0,42.0,29980
2003-07-23,47.900001525878906,47.900001525878906,48.0,42.400001525878906,44.599998474121094,29110
2003-07-24,51.599998474121094,51.599998474121094,53.79999923706055,48.0,48.0,40070
2003-07-25,49.20000076293945,49.20000076293945,59.900001525878906,44.900001525878906,51.29999923706055,77910
2003-07-28,52.20000076293945,52.20000076293945,54.5,49.900001525878906,50.0,17070
2003-07-29,50.79999923706055,50.79999923706055,52.79999923706055,49.79999923706055,51.5,20350
2003-07-30,50.20000076293945,50.20000076293945,52.5,47.0,50.0,22800
2003-07-31,43.0,43.0,48.599998474121094,42.5,48.599998474121094,60320
2003-08-01,48.5,48.5,51.400001525878906,39.099998474121094,43.099998474121094,52430
2003-08-04,50.70000076293945,50.70000076293945,54.0,48.599998474121094,50.0,17900
2003-08-05,50.79999923706055,50.79999923706055,54.0,48.79999923706055,54.0,9720
2003-08-06,46.79999923706055,46.79999923706055,50.099998474121094,46.79999923706055,50.099998474121094,7820
2003-08-07,43.20000076293945,43.20000076293945,45.599998474121094,40.099998474121094,43.400001525878906,27860
2003-08-08,45.0,45.0,46.0,43.0,43.0,5410
2003-08-11,46.900001525878906,46.900001525878906,47.0,45.0,45.0,3950
2003-08-12,43.099998474121094,43.099998474121094,47.29999923706055,43.099998474121094,47.20000076293945,6670
2003-08-13,45.20000076293945,45.20000076293945,45.29999923706055,41.70000076293945,43.099998474121094,4490
2003-08-14,45.900001525878906,45.900001525878906,47.0,44.20000076293945,46.0,4820
2003-08-15,49.20000076293945,49.20000076293945,49.20000076293945,45.5,46.0,11170
2003-08-18,55.599998474121094,55.599998474121094,58.79999923706055,49.29999923706055,49.400001525878906,65530
2003-08-19,54.400001525878906,54.400001525878906,57.0,52.5,54.5,15730
2003-08-20,55.79999923706055,55.79999923706055,56.0,52.70000076293945,53.599998474121094,16340
2003-08-21,57.79999923706055,57.79999923706055,59.400001525878906,55.0,55.0,27300
2003-08-22,56.79999923706055,56.79999923706055,60.0,53.099998474121094,59.0,19150
2003-08-25,54.900001525878906,54.900001525878906,57.099998474121094,54.0,57.0,11050
2003-08-26,54.70000076293945,54.70000076293945,55.599998474121094,51.5,54.5,16030
2003-08-27,53.79999923706055,53.79999923706055,54.20000076293945,52.70000076293945,53.79999923706055,4280
2003-08-28,53.0,53.0,54.70000076293945,52.5,53.70000076293945,11440
2003-08-29,57.900001525878906,57.900001525878906,58.20000076293945,53.5,53.5,12360
2003-09-02,60.5,60.5,61.400001525878906,56.20000076293945,58.20000076293945,16220
2003-09-03,63.5,63.5,65.0,60.599998474121094,62.29999923706055,24840
2003-09-04,58.5,58.5,63.0,58.0,59.599998474121094,25200
2003-09-05,57.5,57.5,59.79999923706055,56.5,59.70000076293945,11880
2003-09-08,63.5,63.5,66.69999694824219,60.70000076293945,61.0,32100
2003-09-09,64.5,64.5,65.4000015258789,63.0,64.0,22310
2003-09-10,60.0,60.0,64.30000305175781,57.900001525878906,64.30000305175781,17080
2003-09-11,60.099998474121094,60.099998474121094,64.19999694824219,57.400001525878906,57.5,13320
2003-09-12,61.70000076293945,61.70000076293945,61.70000076293945,57.5,60.20000076293945,18530
2003-09-15,61.599998474121094,61.599998474121094,62.20000076293945,59.5,62.20000076293945,17830
2003-09-16,63.900001525878906,63.900001525878906,67.9000015258789,61.0,63.099998474121094,32380
2003-09-17,64.0,64.0,65.19999694824219,63.29999923706055,64.0,14130
2003-09-18,65.5,65.5,66.69999694824219,64.0,64.5,12590
2003-09-19,69.80000305175781,69.80000305175781,72.0,63.0,65.19999694824219,41560
2003-09-22,66.5,66.5,72.19999694824219,66.5,67.5,29070
2003-09-23,71.5,71.5,74.5,66.5999984741211,66.5999984741211,39240
2003-09-24,68.0999984741211,68.0999984741211,73.0,68.0,72.0,29840
2003-09-25,65.5999984741211,65.5999984741211,73.5,65.0,68.19999694824219,19050
2003-09-26,57.099998474121094,57.099998474121094,66.80000305175781,56.0,64.9000015258789,43090
2003-09-29,61.29999923706055,61.29999923706055,61.29999923706055,56.0,58.5,29850
2003-09-30,58.0,58.0,62.20000076293945,56.20000076293945,56.29999923706055,25160
2003-10-01,55.20000076293945,55.20000076293945,59.0,53.0,58.0,32020
2003-10-02,55.0,55.0,58.0,51.099998474121094,55.0,38660
2003-10-03,58.0,58.0,59.0,49.0,54.5,21520
2003-10-06,63.70000076293945,63.70000076293945,63.70000076293945,58.0,58.0,18660
2003-10-07,67.30000305175781,67.30000305175781,68.30000305175781,61.20000076293945,63.70000076293945,19980
2003-10-08,67.0,67.0,68.0,63.900001525878906,64.5,19230
2003-10-09,63.5,63.5,70.0,62.599998474121094,67.0999984741211,24590
2003-10-10,66.4000015258789,66.4000015258789,68.0999984741211,63.900001525878906,63.900001525878906,7690
2003-10-13,63.79999923706055,63.79999923706055,67.0,63.0,64.4000015258789,12930
2003-10-14,62.099998474121094,62.099998474121094,65.19999694824219,59.79999923706055,63.79999923706055,11720
2003-10-15,61.900001525878906,61.900001525878906,64.69999694824219,60.0,61.5,6380
2003-10-16,62.70000076293945,62.70000076293945,63.5,60.5,62.29999923706055,7440
2003-10-17,63.29999923706055,63.29999923706055,63.29999923706055,61.70000076293945,63.20000076293945,3330
2003-10-20,62.20000076293945,62.20000076293945,63.5,61.0,63.400001525878906,5520
2003-10-21,62.900001525878906,62.900001525878906,63.29999923706055,62.0,63.20000076293945,3740
2003-10-22,63.0,63.0,63.70000076293945,62.0,63.70000076293945,3500
2003-10-23,61.70000076293945,61.70000076293945,63.0,60.900001525878906,62.599998474121094,7610
2003-10-24,61.20000076293945,61.20000076293945,62.599998474121094,60.20000076293945,61.599998474121094,5580
2003-10-27,58.099998474121094,58.099998474121094,61.20000076293945,56.20000076293945,61.20000076293945,22720
2003-10-28,60.79999923706055,60.79999923706055,67.0,59.900001525878906,64.19999694824219,30510
2003-10-29,59.900001525878906,59.900001525878906,61.79999923706055,57.5,61.79999923706055,18130
2003-10-30,59.599998474121094,59.599998474121094,62.0,58.29999923706055,60.5,17560
2003-10-31,55.0,55.0,59.70000076293945,54.70000076293945,59.70000076293945,25930
2003-11-03,58.099998474121094,58.099998474121094,59.5,55.099998474121094,55.20000076293945,42410
2003-11-04,59.0,59.0,61.5,59.0,60.900001525878906,34630
2003-11-05,57.20000076293945,57.20000076293945,60.20000076293945,56.70000076293945,60.0,21180
2003-11-06,55.599998474121094,55.599998474121094,60.70000076293945,55.29999923706055,57.20000076293945,19820
2003-11-07,57.0,57.0,57.0,52.20000076293945,57.0,12740
2003-11-10,56.900001525878906,56.900001525878906,58.5,55.20000076293945,57.0,5750
2003-11-11,55.29999923706055,55.29999923706055,55.900001525878906,55.20000076293945,55.20000076293945,3850
2003-11-12,56.400001525878906,56.400001525878906,58.0,56.0,56.0,3690
2003-11-13,55.70000076293945,55.70000076293945,57.0,55.20000076293945,56.79999923706055,2890
2003-11-14,55.0,55.0,56.599998474121094,55.0,56.599998474121094,5120
2003-11-17,50.5,50.5,55.599998474121094,49.5,54.79999923706055,13370
2003-11-18,52.20000076293945,52.20000076293945,53.5,50.099998474121094,51.5,11230
2003-11-19,51.900001525878906,51.900001525878906,53.0,50.79999923706055,52.20000076293945,4450
2003-11-20,52.5,52.5,53.0,51.20000076293945,51.20000076293945,7380
2003-11-21,53.29999923706055,53.29999923706055,53.5,52.099998474121094,53.5,13190
2003-11-24,56.099998474121094,56.099998474121094,57.0,53.0,53.0,10090
2003-11-25,60.79999923706055,60.79999923706055,61.0,56.70000076293945,57.0,24400
2003-11-26,61.0,61.0,62.5,60.0,61.400001525878906,7600
2003-11-28,60.5,60.5,61.0,59.5,61.0,2050
2003-12-01,62.0,62.0,62.0,60.5,60.5,4830
2003-12-02,62.0,62.0,62.5,60.0,61.900001525878906,9120
2003-12-03,62.70000076293945,62.70000076293945,64.0,62.29999923706055,62.29999923706055,9830
2003-12-04,62.79999923706055,62.79999923706055,63.5,62.0,62.5,32510
2003-12-05,63.599998474121094,63.599998474121094,64.9000015258789,60.5,63.5,7020
2003-12-08,61.5,61.5,63.20000076293945,61.20000076293945,63.20000076293945,2540
2003-12-09,58.0,58.0,61.599998474121094,56.79999923706055,61.5,8050
2003-12-10,53.79999923706055,53.79999923706055,58.29999923706055,53.099998474121094,58.0,9120
2003-12-11,53.20000076293945,53.20000076293945,56.0,52.5,53.79999923706055,8520
2003-12-12,52.5,52.5,55.0,52.5,54.599998474121094,2690
2003-12-15,54.0,54.0,55.400001525878906,53.0,53.900001525878906,2620
2003-12-16,51.599998474121094,51.599998474121094,54.599998474121094,51.0,53.900001525878906,5600
2003-12-17,54.29999923706055,54.29999923706055,55.0,51.599998474121094,51.599998474121094,2620
2003-12-18,54.599998474121094,54.599998474121094,56.5,51.0,54.20000076293945,4170
2003-12-19,60.0,60.0,60.599998474121094,55.099998474121094,56.0,13140
2003-12-22,55.5,55.5,59.5,54.29999923706055,59.5,17960
2003-12-23,57.20000076293945,57.20000076293945,57.400001525878906,55.0,55.5,14560
2003-12-24,58.0,58.0,58.0,57.0,57.20000076293945,2570
2003-12-26,57.900001525878906,57.900001525878906,58.0,57.5,57.5,1800
2003-12-29,54.79999923706055,54.79999923706055,57.599998474121094,53.900001525878906,57.599998474121094,16060
2003-12-30,54.900001525878906,54.900001525878906,56.20000076293945,54.0,54.79999923706055,2610
2003-12-31,59.900001525878906,59.900001525878906,60.0,54.400001525878906,54.900001525878906,13350
2004-01-02,59.0,59.0,60.099998474121094,58.0,60.099998474121094,9810
2004-01-05,68.4000015258789,68.4000015258789,69.0,58.5,58.5,257160
2004-01-06,77.0,77.0,77.0999984741211,68.5,69.5999984741211,260480
2004-01-07,82.0,82.0,84.0,76.0,77.0,138630
2004-01-08,79.0,79.0,84.4000015258789,75.5,83.69999694824219,107870
2004-01-09,80.30000305175781,80.30000305175781,82.0,76.5,78.0999984741211,58160
2004-01-12,82.0999984741211,82.0999984741211,83.9000015258789,80.4000015258789,80.4000015258789,44030
2004-01-13,80.4000015258789,80.4000015258789,83.0,76.0999984741211,83.0,16810
2004-01-14,89.9000015258789,89.9000015258789,91.9000015258789,80.0,81.19999694824219,123800
2004-01-15,87.5,87.5,90.0,86.5,90.0,68310
2004-01-16,93.0,93.0,95.0,88.0,90.0,51750
2004-01-20,105.0,105.0,110.0,93.0,94.30000305175781,135890
2004-01-21,120.9000015258789,120.9000015258789,124.4000015258789,104.0,106.30000305175781,197870
2004-01-22,116.0999984741211,116.0999984741211,122.4000015258789,105.4000015258789,119.19999694824219,132810
2004-01-23,132.0,132.0,132.5,111.30000305175781,111.30000305175781,47730
2004-01-26,130.1999969482422,130.1999969482422,132.0,120.0,130.5,47950
2004-01-27,121.9000015258789,121.9000015258789,130.1999969482422,120.30000305175781,128.0,39040
2004-01-28,115.0999984741211,115.0999984741211,124.5999984741211,114.9000015258789,123.0,36500
2004-01-29,128.0,128.0,128.0,115.19999694824219,121.0,47100
2004-01-30,124.0,124.0,136.6999969482422,121.0,127.5,32400
2004-02-02,128.0,128.0,132.5,122.5,127.0999984741211,29080
2004-02-03,130.8000030517578,130.8000030517578,134.0,120.5,123.0,37630
2004-02-04,131.0,131.0,135.0,126.4000015258789,134.89999389648438,22110
2004-02-05,131.5,131.5,133.60000610351562,121.0,129.89999389648438,81930
2004-02-06,126.0,126.0,131.8000030517578,124.0,131.5,23220
2004-02-09,116.0,116.0,127.0,115.69999694824219,126.5,46160
2004-02-10,125.9000015258789,125.9000015258789,127.5,116.0,119.4000015258789,112040
2004-02-11,167.60000610351562,167.60000610351562,168.60000610351562,144.0,146.6999969482422,383810
2004-02-12,164.8000030517578,164.8000030517578,173.89999389648438,161.3000030517578,163.5,119040
2004-02-13,163.6999969482422,163.6999969482422,167.0,157.10000610351562,163.0,81810
2004-02-17,167.0,167.0,168.0,163.0,164.89999389648438,95850
2004-02-18,206.0,206.0,208.0,167.60000610351562,169.0,183520
2004-02-19,194.5,194.5,208.5,189.1999969482422,208.10000610351562,97540
2004-02-20,179.5,179.5,193.5,170.0,193.5,98750
2004-02-23,189.39999389648438,189.39999389648438,198.8000030517578,177.5,186.60000610351562,108710
2004-02-24,186.5,186.5,192.5,178.10000610351562,191.60000610351562,59780
2004-02-25,183.6999969482422,183.6999969482422,195.6999969482422,180.5,189.5,66350
2004-02-26,191.8000030517578,191.8000030517578,194.0,182.0,185.6999969482422,58970
2004-02-27,192.5,192.5,199.0,187.60000610351562,197.0,43700
2004-03-01,189.39999389648438,189.39999389648438,199.3000030517578,185.5,199.10000610351562,53720
2004-03-02,181.10000610351562,181.10000610351562,190.39999389648438,175.39999389648438,190.39999389648438,45690
2004-03-03,183.89999389648438,183.89999389648438,187.0,175.5,180.1999969482422,45020
2004-03-04,185.0,185.0,187.0,180.0,187.0,23770
2004-03-05,198.0,198.0,202.10000610351562,181.10000610351562,185.0,93440
2004-03-08,190.5,190.5,227.0,184.1999969482422,206.0,186290
2004-03-09,192.0,192.0,203.89999389648438,185.5,195.89999389648438,70740
2004-03-10,183.60000610351562,183.60000610351562,195.89999389648438,178.5,195.5,48130
2004-03-11,177.0,177.0,186.8000030517578,175.39999389648438,177.5,48240
2004-03-12,182.10000610351562,182.10000610351562,185.0,175.5,178.60000610351562,34420
2004-03-15,168.5,168.5,182.5,162.89999389648438,180.6999969482422,75030
2004-03-16,162.89999389648438,162.89999389648438,174.0,162.89999389648438,171.39999389648438,53300
2004-03-17,190.60000610351562,190.60000610351562,198.8000030517578,168.5,168.5,125660
2004-03-18,185.10000610351562,185.10000610351562,191.0,177.5,189.89999389648438,138510
2004-03-19,183.5,183.5,191.5,180.89999389648438,184.3000030517578,61940
2004-03-22,185.60000610351562,185.60000610351562,192.39999389648438,180.60000610351562,184.0,83030
2004-03-23,176.0,176.0,192.0,173.60000610351562,189.3000030517578,74220
2004-03-24,180.0,180.0,181.89999389648438,173.0,180.10000610351562,44400
2004-03-25,186.5,186.5,187.60000610351562,179.10000610351562,184.0,76850
2004-03-26,205.5,205.5,211.0,182.6999969482422,186.89999389648438,157010
2004-03-29,205.10000610351562,205.10000610351562,225.0,203.60000610351562,210.89999389648438,190300
2004-03-30,206.89999389648438,206.89999389648438,211.60000610351562,199.0,203.6999969482422,99750
2004-03-31,215.0,215.0,222.0,205.5,212.3000030517578,152250
2004-04-01,228.60000610351562,228.60000610351562,231.89999389648438,199.0,200.0,177840
2004-04-02,230.10000610351562,230.10000610351562,241.89999389648438,225.0,234.3000030517578,122290
2004-04-05,232.60000610351562,232.60000610351562,238.5,226.1999969482422,232.8000030517578,65120
2004-04-06,235.39999389648438,235.39999389648438,241.0,228.0,232.3000030517578,72040
2004-04-07,249.39999389648438,249.39999389648438,261.29998779296875,237.39999389648438,238.39999389648438,119910
2004-04-08,264.5,264.5,270.0,255.0,263.0,112110
2004-04-12,271.79998779296875,271.79998779296875,275.0,266.0,269.5,87750
2004-04-13,244.5,244.5,286.0,242.0,286.0,284330
2004-04-14,249.5,249.5,257.3999938964844,235.1999969482422,237.1999969482422,102470
2004-04-15,242.8000030517578,242.8000030517578,257.70001220703125,230.1999969482422,250.6999969482422,75790
2004-04-16,240.5,240.5,248.3000030517578,225.60000610351562,242.5,65290
2004-04-19,238.1999969482422,238.1999969482422,240.0,225.10000610351562,237.89999389648438,108770
2004-04-20,230.8000030517578,230.8000030517578,247.0,229.39999389648438,238.6999969482422,64430
2004-04-21,214.8000030517578,214.8000030517578,237.5,210.0,235.0,134950
2004-04-22,230.0,230.0,234.10000610351562,210.39999389648438,215.39999389648438,151050
2004-04-23,216.60000610351562,216.60000610351562,233.0,211.0,230.8000030517578,108140
2004-04-26,212.0,212.0,218.39999389648438,208.39999389648438,217.0,58570
2004-04-27,178.3000030517578,178.3000030517578,213.10000610351562,176.10000610351562,213.10000610351562,385120
2004-04-28,162.6999969482422,162.6999969482422,181.3000030517578,156.0,173.89999389648438,302880
2004-04-29,144.89999389648438,144.89999389648438,161.0,138.10000610351562,154.5,650900
2004-04-30,147.39999389648438,147.39999389648438,151.0,135.60000610351562,147.39999389648438,339920
2004-05-03,140.39999389648438,140.39999389648438,152.39999389648438,140.0,147.39999389648438,147400
2004-05-04,151.5,151.5,152.89999389648438,141.10000610351562,141.10000610351562,187110
2004-05-05,157.5,157.5,159.0,149.0,152.10000610351562,214160
2004-05-06,159.5,159.5,161.89999389648438,154.89999389648438,155.39999389648438,220250
2004-05-07,150.39999389648438,150.39999389648438,163.39999389648438,147.5,161.0,161140
2004-05-10,135.39999389648438,135.39999389648438,149.6999969482422,122.69999694824219,149.0,359450
2004-05-11,147.3000030517578,147.3000030517578,148.5,133.6999969482422,138.0,171840
2004-05-12,154.3000030517578,154.3000030517578,154.3000030517578,137.5,147.39999389648438,118780
2004-05-13,162.0,162.0,165.0,148.1999969482422,150.0,201170
2004-05-14,160.3000030517578,160.3000030517578,167.0,156.39999389648438,163.0,131640
2004-05-17,158.0,158.0,158.8000030517578,150.8000030517578,154.10000610351562,87260
2004-05-18,165.3000030517578,165.3000030517578,168.5,161.1999969482422,163.5,131390
2004-05-19,175.0,175.0,177.0,167.3000030517578,167.89999389648438,174930
2004-05-20,169.89999389648438,169.89999389648438,175.60000610351562,165.1999969482422,174.0,47880
2004-05-21,172.89999389648438,172.89999389648438,173.8000030517578,169.3000030517578,171.0,57360
2004-05-24,178.5,178.5,180.0,173.39999389648438,179.6999969482422,79520
2004-05-25,182.5,182.5,183.60000610351562,174.0,177.8000030517578,90290
2004-05-26,185.89999389648438,185.89999389648438,187.3000030517578,178.3000030517578,182.5,65060
2004-05-27,184.89999389648438,184.89999389648438,189.5,181.3000030517578,185.39999389648438,60680
2004-05-28,182.1999969482422,182.1999969482422,186.3000030517578,179.3000030517578,185.0,69120
2004-06-01,184.39999389648438,184.39999389648438,185.0,173.60000610351562,181.60000610351562,67410
2004-06-02,194.0,194.0,194.5,180.6999969482422,184.0,118530
2004-06-03,179.1999969482422,179.1999969482422,195.0,177.10000610351562,193.0,109960
2004-06-04,180.60000610351562,180.60000610351562,188.0,180.5,183.0,49510
2004-06-07,189.5,189.5,190.60000610351562,180.89999389648438,185.0,47240
2004-06-08,198.10000610351562,198.10000610351562,199.1999969482422,186.0,188.10000610351562,105690
2004-06-09,196.0,196.0,202.60000610351562,191.1999969482422,196.0,119290
2004-06-10,202.39999389648438,202.39999389648438,202.5,196.6999969482422,201.3000030517578,114050
2004-06-14,210.0,210.0,211.5,202.0,202.0,104300
2004-06-15,223.60000610351562,223.60000610351562,228.5,210.8000030517578,212.5,129010
2004-06-16,219.10000610351562,219.10000610351562,223.89999389648438,212.39999389648438,223.89999389648438,74620
2004-06-17,215.5,215.5,219.3000030517578,210.60000610351562,217.6999969482422,55980
2004-06-18,212.0,212.0,219.39999389648438,210.1999969482422,214.0,58890
2004-06-21,214.10000610351562,214.10000610351562,219.10000610351562,212.8000030517578,216.10000610351562,38080
2004-06-22,222.3000030517578,222.3000030517578,231.60000610351562,213.39999389648438,221.60000610351562,242380
2004-06-23,243.1999969482422,243.1999969482422,243.1999969482422,220.0,222.39999389648438,209530
2004-06-24,243.1999969482422,243.1999969482422,247.8000030517578,238.0,242.89999389648438,114970
2004-06-25,251.3000030517578,251.3000030517578,253.1999969482422,242.60000610351562,249.6999969482422,248810
2004-06-28,246.89999389648438,246.89999389648438,255.0,243.60000610351562,253.6999969482422,128810
2004-06-29,251.60000610351562,251.60000610351562,253.10000610351562,241.60000610351562,243.0,57850
2004-06-30,265.0,265.0,265.0,246.1999969482422,252.8000030517578,97230
2004-07-01,252.8000030517578,252.8000030517578,267.5,246.1999969482422,266.6000061035156,138330
2004-07-02,255.1999969482422,255.1999969482422,260.0,237.5,248.3000030517578,102280
2004-07-06,251.60000610351562,251.60000610351562,255.0,245.0,249.6999969482422,56410
2004-07-07,245.5,245.5,256.79998779296875,241.39999389648438,248.60000610351562,73190
2004-07-08,239.5,239.5,250.8000030517578,238.5,240.10000610351562,88200
2004-07-09,238.3000030517578,238.3000030517578,246.89999389648438,233.10000610351562,241.5,73580
2004-07-12,224.0,224.0,236.8000030517578,218.60000610351562,234.8000030517578,153380
2004-07-13,223.39999389648438,223.39999389648438,232.8000030517578,222.5,228.60000610351562,65020
2004-07-14,224.0,224.0,230.0,215.6999969482422,222.39999389648438,57640
2004-07-15,209.0,209.0,228.6999969482422,206.10000610351562,224.60000610351562,139290
2004-07-16,213.3000030517578,213.3000030517578,219.0,203.1999969482422,210.3000030517578,162660
2004-07-19,208.6999969482422,208.6999969482422,218.1999969482422,207.39999389648438,215.5,56240
2004-07-20,226.5,226.5,229.89999389648438,209.5,210.1999969482422,157190
2004-07-21,216.60000610351562,216.60000610351562,237.6999969482422,215.0,234.0,89630
2004-07-22,207.5,207.5,213.89999389648438,186.5,213.0,273800
2004-07-23,202.89999389648438,202.89999389648438,215.5,196.60000610351562,201.3000030517578,149540
2004-07-26,187.60000610351562,187.60000610351562,205.1999969482422,182.5,201.8000030517578,239630
2004-07-27,216.60000610351562,216.60000610351562,218.89999389648438,195.10000610351562,218.3000030517578,665360
2004-07-28,227.8000030517578,227.8000030517578,234.5,213.5,217.0,239740
2004-07-29,229.5,229.5,238.89999389648438,222.8000030517578,232.39999389648438,162510
2004-07-30,229.6999969482422,229.6999969482422,235.0,224.0,232.1999969482422,74830
2004-08-02,228.89999389648438,228.89999389648438,234.5,221.5,229.60000610351562,89490
2004-08-03,228.1999969482422,228.1999969482422,236.89999389648438,225.0,225.89999389648438,133050
2004-08-04,223.3000030517578,223.3000030517578,231.5,216.1999969482422,225.0,115820
2004-08-05,212.39999389648438,212.39999389648438,229.8000030517578,209.0,228.10000610351562,107390
2004-08-06,191.6999969482422,191.6999969482422,204.3000030517578,189.8000030517578,201.89999389648438,182470
2004-08-09,187.6999969482422,187.6999969482422,196.0,183.5,192.89999389648438,101230
2004-08-10,198.0,198.0,202.0,188.5,189.89999389648438,143610
2004-08-11,192.5,192.5,194.60000610351562,186.0,190.10000610351562,98850
2004-08-12,187.6999969482422,187.6999969482422,194.60000610351562,183.10000610351562,189.89999389648438,84700
2004-08-13,183.39999389648438,183.39999389648438,194.0,180.10000610351562,190.8000030517578,74500
2004-08-16,179.60000610351562,179.60000610351562,186.89999389648438,176.8000030517578,182.10000610351562,127220
2004-08-17,186.3000030517578,186.3000030517578,188.5,178.8000030517578,185.0,153490
2004-08-18,194.6999969482422,194.6999969482422,195.3000030517578,181.0,181.8000030517578,138370
2004-08-19,199.89999389648438,199.89999389648438,204.89999389648438,193.0,195.0,137220
2004-08-20,201.5,201.5,204.10000610351562,196.3000030517578,199.3000030517578,87320
2004-08-23,206.5,206.5,208.89999389648438,203.0,204.1999969482422,77870
2004-08-24,213.8000030517578,213.8000030517578,219.1999969482422,206.5,207.3000030517578,144660
2004-08-25,217.89999389648438,217.89999389648438,221.0,212.0,212.10000610351562,69220
2004-08-26,216.1999969482422,216.1999969482422,219.8000030517578,214.0,216.0,53130
2004-08-27,216.0,216.0,218.6999969482422,213.5,218.6999969482422,94450
2004-08-30,213.39999389648438,213.39999389648438,216.0,208.60000610351562,210.60000610351562,95140
2004-08-31,196.5,196.5,213.39999389648438,190.8000030517578,212.5,235380
2004-09-01,202.89999389648438,202.89999389648438,209.6999969482422,195.8000030517578,196.10000610351562,178250
2004-09-02,209.0,209.0,210.89999389648438,200.39999389648438,200.39999389648438,69310
2004-09-03,206.10000610351562,206.10000610351562,213.1999969482422,203.89999389648438,208.10000610351562,82390
2004-09-07,208.0,208.0,213.5,205.10000610351562,209.5,66260
2004-09-08,195.0,195.0,211.5,192.10000610351562,208.5,157010
2004-09-09,202.0,202.0,202.5,189.3000030517578,196.8000030517578,160340
2004-09-10,225.39999389648438,225.39999389648438,231.3000030517578,202.60000610351562,202.8000030517578,309220
2004-09-13,227.8000030517578,227.8000030517578,234.60000610351562,225.5,226.0,178100
2004-09-14,224.3000030517578,224.3000030517578,230.0,220.0,229.1999969482422,121120
2004-09-15,220.3000030517578,220.3000030517578,225.39999389648438,217.6999969482422,224.89999389648438,82980
2004-09-16,226.89999389648438,226.89999389648438,232.10000610351562,220.39999389648438,220.8000030517578,90340
2004-09-17,221.5,221.5,231.89999389648438,217.60000610351562,228.0,71900
2004-09-20,218.1999969482422,218.1999969482422,225.8000030517578,215.1999969482422,222.0,80620
2004-09-21,229.10000610351562,229.10000610351562,231.0,215.5,215.5,96180
2004-09-22,221.8000030517578,221.8000030517578,233.60000610351562,220.1999969482422,228.60000610351562,122450
2004-09-23,227.0,227.0,231.3000030517578,218.8000030517578,219.0,88630
2004-09-24,242.6999969482422,242.6999969482422,243.39999389648438,227.0,228.5,351000
2004-09-27,233.0,233.0,248.8000030517578,233.0,237.8000030517578,195270
2004-09-28,234.0,234.0,238.8000030517578,223.60000610351562,238.8000030517578,109840
2004-09-29,227.10000610351562,227.10000610351562,238.39999389648438,223.8000030517578,232.60000610351562,148990
2004-09-30,235.0,235.0,236.3000030517578,222.60000610351562,229.0,230570
2004-10-01,243.10000610351562,243.10000610351562,249.8000030517578,234.5,234.89999389648438,192760
2004-10-04,253.6999969482422,253.6999969482422,257.29998779296875,248.6999969482422,249.5,239170
2004-10-05,247.39999389648438,247.39999389648438,257.8999938964844,244.5,257.79998779296875,186570
2004-10-06,248.3000030517578,248.3000030517578,251.10000610351562,241.60000610351562,249.3000030517578,124780
2004-10-07,242.0,242.0,252.0,240.3000030517578,248.39999389648438,163300
2004-10-08,230.39999389648438,230.39999389648438,241.5,223.3000030517578,240.1999969482422,260170
2004-10-11,224.8000030517578,224.8000030517578,239.0,224.10000610351562,230.89999389648438,115100
2004-10-12,225.60000610351562,225.60000610351562,230.10000610351562,217.3000030517578,223.10000610351562,142710
2004-10-13,223.89999389648438,223.89999389648438,234.10000610351562,222.5,229.0,141880
2004-10-14,223.8000030517578,223.8000030517578,228.5,221.8000030517578,224.8000030517578,85240
2004-10-15,220.1999969482422,220.1999969482422,230.0,214.6999969482422,228.3000030517578,160970
2004-10-18,231.60000610351562,231.60000610351562,234.89999389648438,213.89999389648438,220.10000610351562,151000
2004-10-19,231.3000030517578,231.3000030517578,238.0,226.60000610351562,234.89999389648438,206530
2004-10-20,235.39999389648438,235.39999389648438,237.60000610351562,228.89999389648438,229.1999969482422,136230
2004-10-21,250.1999969482422,250.1999969482422,250.39999389648438,235.0,238.10000610351562,160450
2004-10-22,243.0,243.0,252.60000610351562,240.3000030517578,252.5,119080
2004-10-25,245.6999969482422,245.6999969482422,249.89999389648438,239.8000030517578,248.8000030517578,99260
2004-10-26,237.10000610351562,237.10000610351562,247.5,237.10000610351562,246.1999969482422,128950
2004-10-27,250.0,250.0,255.0,231.89999389648438,236.60000610351562,252230
2004-10-28,245.0,245.0,270.70001220703125,236.39999389648438,263.5,488700
2004-10-29,207.5,207.5,215.0,200.6999969482422,201.6999969482422,821940
2004-11-01,203.60000610351562,203.60000610351562,206.3000030517578,189.3000030517578,204.8000030517578,336270
2004-11-02,205.60000610351562,205.60000610351562,216.10000610351562,202.0,202.89999389648438,189210
2004-11-03,213.10000610351562,213.10000610351562,216.89999389648438,208.0,216.89999389648438,166930
2004-11-04,213.89999389648438,213.89999389648438,219.39999389648438,208.0,210.5,123530
2004-11-05,201.3000030517578,201.3000030517578,216.5,197.0,216.5,147730
2004-11-08,189.0,189.0,202.39999389648438,188.5,200.8000030517578,273920
2004-11-09,196.0,196.0,197.39999389648438,183.0,190.39999389648438,360060
2004-11-10,199.0,199.0,209.39999389648438,199.0,206.3000030517578,238560
2004-11-11,207.10000610351562,207.10000610351562,207.60000610351562,197.10000610351562,200.0,130520
2004-11-12,201.60000610351562,201.60000610351562,209.39999389648438,198.5,205.39999389648438,139860
2004-11-15,205.5,205.5,206.1999969482422,196.39999389648438,201.3000030517578,114440
2004-11-16,209.3000030517578,209.3000030517578,214.6999969482422,203.0,205.5,174780
2004-11-17,214.10000610351562,214.10000610351562,220.0,209.60000610351562,210.8000030517578,219010
2004-11-18,215.0,215.0,217.89999389648438,210.5,215.60000610351562,93940
2004-11-19,206.3000030517578,206.3000030517578,214.6999969482422,206.0,211.1999969482422,56160
2004-11-22,208.0,208.0,208.5,200.5,205.5,132220
2004-11-23,200.8000030517578,200.8000030517578,210.6999969482422,196.10000610351562,209.39999389648438,129470
2004-11-24,201.5,201.5,203.5,199.89999389648438,202.5,98540
2004-11-26,201.8000030517578,201.8000030517578,204.89999389648438,199.5,200.3000030517578,23550
2004-11-29,205.5,205.5,208.89999389648438,202.0,203.10000610351562,126130
2004-11-30,210.60000610351562,210.60000610351562,214.6999969482422,203.6999969482422,206.0,154050
2004-12-01,217.10000610351562,217.10000610351562,220.6999969482422,212.8000030517578,213.0,127510
2004-12-02,220.1999969482422,220.1999969482422,225.10000610351562,212.8000030517578,217.0,110980
2004-12-03,225.5,225.5,229.0,218.0,220.10000610351562,117650
2004-12-06,228.0,228.0,231.3000030517578,225.60000610351562,225.60000610351562,140280
2004-12-07,224.5,224.5,232.89999389648438,220.6999969482422,228.10000610351562,187370
2004-12-08,226.39999389648438,226.39999389648438,228.8000030517578,219.5,226.8000030517578,73320
2004-12-09,227.0,227.0,230.0,218.10000610351562,222.39999389648438,101990
2004-12-10,221.8000030517578,221.8000030517578,226.39999389648438,218.0,224.1999969482422,70120
2004-12-13,225.5,225.5,227.10000610351562,220.6999969482422,225.0,52190
2004-12-14,220.6999969482422,220.6999969482422,228.0,218.6999969482422,227.1999969482422,86190
2004-12-15,225.6999969482422,225.6999969482422,226.5,220.0,223.10000610351562,60850
2004-12-16,217.89999389648438,217.89999389648438,226.0,216.60000610351562,226.0,70560
2004-12-17,214.8000030517578,214.8000030517578,220.6999969482422,213.3000030517578,218.60000610351562,56720
2004-12-20,205.1999969482422,205.1999969482422,215.60000610351562,203.3000030517578,213.5,157110
2004-12-21,208.39999389648438,208.39999389648438,208.5,203.6999969482422,207.10000610351562,60870
2004-12-22,208.89999389648438,208.89999389648438,210.0,206.0,206.89999389648438,54650
2004-12-23,200.0,200.0,209.6999969482422,198.6999969482422,206.5,127440
2004-12-27,194.89999389648438,194.89999389648438,201.3000030517578,194.5,201.3000030517578,85610
2004-12-28,200.60000610351562,200.60000610351562,204.0,194.6999969482422,194.6999969482422,52780
2004-12-29,197.0,197.0,201.0,197.0,199.0,56250
2004-12-30,193.3000030517578,193.3000030517578,199.39999389648438,192.5,197.0,71500
2004-12-31,194.10000610351562,194.10000610351562,196.0,192.5,196.0,71620
2005-01-03,174.60000610351562,174.60000610351562,197.89999389648438,173.5,194.5,327890
2005-01-04,162.0,162.0,177.0,150.8000030517578,177.0,861900
2005-01-05,161.5,161.5,177.6999969482422,161.0,173.1999969482422,427060
2005-01-06,155.6999969482422,155.6999969482422,167.0,154.60000610351562,165.6999969482422,155170
2005-01-07,159.8000030517578,159.8000030517578,163.3000030517578,153.0,155.60000610351562,155170
2005-01-10,157.6999969482422,157.6999969482422,159.5,156.39999389648438,158.0,80260
2005-01-11,149.0,149.0,157.5,146.10000610351562,157.5,192330
2005-01-12,150.8000030517578,150.8000030517578,157.3000030517578,144.0,148.8000030517578,160920
2005-01-13,140.10000610351562,140.10000610351562,155.39999389648438,137.1999969482422,151.39999389648438,382300
2005-01-14,145.1999969482422,145.1999969482422,145.89999389648438,138.8000030517578,142.5,308510
2005-01-18,151.5,151.5,158.0,150.0,157.5,281400
2005-01-19,142.5,142.5,150.89999389648438,139.8000030517578,150.89999389648438,246990
2005-01-20,135.8000030517578,135.8000030517578,140.10000610351562,132.5,140.0,244450
2005-01-21,136.0,136.0,137.6999969482422,132.89999389648438,137.0,113780
2005-01-24,130.89999389648438,130.89999389648438,137.6999969482422,130.0,135.5,100470
2005-01-25,127.80000305175781,127.80000305175781,134.5,126.9000015258789,130.89999389648438,126850
2005-01-26,133.0,133.0,136.1999969482422,125.19999694824219,127.0,178330
2005-01-27,127.69999694824219,127.69999694824219,136.1999969482422,118.0999984741211,121.5,577780
2005-01-28,121.0,121.0,130.0,118.5,130.0,323460
2005-01-31,119.5,119.5,124.0,118.0999984741211,123.30000305175781,96840
2005-02-01,119.0,119.0,121.30000305175781,116.5,120.9000015258789,152750
2005-02-02,119.4000015258789,119.4000015258789,123.80000305175781,115.9000015258789,123.0999984741211,180840
2005-02-03,117.80000305175781,117.80000305175781,120.4000015258789,116.4000015258789,118.69999694824219,94190
2005-02-04,116.80000305175781,116.80000305175781,120.0,115.0,118.80000305175781,119960
2005-02-07,117.0,117.0,119.4000015258789,111.80000305175781,116.69999694824219,163510
2005-02-08,123.30000305175781,123.30000305175781,124.80000305175781,117.9000015258789,118.0999984741211,180680
2005-02-09,120.5999984741211,120.5999984741211,126.69999694824219,118.9000015258789,125.69999694824219,135410
2005-02-10,120.30000305175781,120.30000305175781,123.0,114.0,120.5999984741211,179990
2005-02-11,131.6999969482422,131.6999969482422,137.8000030517578,127.0,132.5,528720
2005-02-14,136.8000030517578,136.8000030517578,137.1999969482422,131.5,134.8000030517578,275100
2005-02-15,131.5,131.5,137.60000610351562,128.0,137.5,178360
2005-02-16,129.0,129.0,133.0,127.5,133.0,142960
2005-02-17,122.5999984741211,122.5999984741211,129.6999969482422,122.0999984741211,128.3000030517578,148650
2005-02-18,119.9000015258789,119.9000015258789,123.5,117.0999984741211,122.0999984741211,123380
2005-02-22,114.30000305175781,114.30000305175781,120.0999984741211,114.0999984741211,120.0999984741211,102990
2005-02-23,107.4000015258789,107.4000015258789,116.0,106.30000305175781,115.30000305175781,315310
2005-02-24,109.0,109.0,109.69999694824219,102.19999694824219,106.5,308830
2005-02-25,108.69999694824219,108.69999694824219,113.5999984741211,108.5,111.80000305175781,193340
2005-02-28,107.30000305175781,107.30000305175781,109.80000305175781,103.9000015258789,108.69999694824219,160630
2005-03-01,99.69999694824219,99.69999694824219,108.80000305175781,98.80000305175781,107.19999694824219,321120
2005-03-02,104.0999984741211,104.0999984741211,105.19999694824219,95.5,96.5999984741211,262740
2005-03-03,104.5,104.5,107.4000015258789,104.0999984741211,104.80000305175781,212690
2005-03-04,104.5999984741211,104.5999984741211,108.0,104.0999984741211,105.0,102650
2005-03-07,110.4000015258789,110.4000015258789,111.9000015258789,104.5999984741211,105.0,154670
2005-03-08,105.80000305175781,105.80000305175781,112.0,105.5,110.0,79540
2005-03-09,113.5999984741211,113.5999984741211,116.80000305175781,103.4000015258789,105.30000305175781,237580
2005-03-10,117.0,117.0,117.5,111.9000015258789,112.9000015258789,186040
2005-03-11,111.80000305175781,111.80000305175781,119.9000015258789,110.0999984741211,119.4000015258789,167270
2005-03-14,110.80000305175781,110.80000305175781,114.69999694824219,107.5,113.5,128150
2005-03-15,112.0999984741211,112.0999984741211,113.19999694824219,110.19999694824219,110.30000305175781,126570
2005-03-16,111.80000305175781,111.80000305175781,114.69999694824219,110.30000305175781,111.69999694824219,102110
2005-03-17,105.0,105.0,112.5999984741211,104.0,112.30000305175781,167980
2005-03-18,101.30000305175781,101.30000305175781,105.4000015258789,100.0999984741211,105.0999984741211,147010
2005-03-21,100.30000305175781,100.30000305175781,103.80000305175781,99.5,103.30000305175781,116140
2005-03-22,101.30000305175781,101.30000305175781,107.0,100.0999984741211,100.69999694824219,101410
2005-03-23,111.5,111.5,112.0999984741211,101.0,101.4000015258789,330050
2005-03-24,108.5999984741211,108.5999984741211,115.0,108.19999694824219,112.69999694824219,127890
2005-03-28,109.9000015258789,109.9000015258789,112.5,108.5999984741211,109.0,69670
2005-03-29,106.0999984741211,106.0999984741211,112.5,105.0,109.69999694824219,100730
2005-03-30,108.30000305175781,108.30000305175781,109.0999984741211,105.9000015258789,107.0999984741211,59570
2005-03-31,107.5,107.5,110.30000305175781,105.0999984741211,109.4000015258789,76890
2005-04-01,105.5,105.5,110.4000015258789,105.0999984741211,109.80000305175781,112960
2005-04-04,104.69999694824219,104.69999694824219,106.0999984741211,102.69999694824219,106.0999984741211,87850
2005-04-05,106.19999694824219,106.19999694824219,108.5999984741211,105.0,105.5,89770
2005-04-06,104.5999984741211,104.5999984741211,108.0,103.5,105.69999694824219,74820
2005-04-07,106.69999694824219,106.69999694824219,107.4000015258789,103.4000015258789,104.0999984741211,57670
2005-04-08,103.0999984741211,103.0999984741211,107.30000305175781,102.69999694824219,106.19999694824219,58040
2005-04-11,102.69999694824219,102.69999694824219,104.9000015258789,102.69999694824219,103.5,42560
2005-04-12,104.19999694824219,104.19999694824219,104.4000015258789,101.4000015258789,103.69999694824219,56190
2005-04-13,104.80000305175781,104.80000305175781,107.9000015258789,104.0999984741211,105.19999694824219,70720
2005-04-14,102.4000015258789,102.4000015258789,105.30000305175781,101.19999694824219,104.0999984741211,86060
2005-04-15,99.5,99.5,102.19999694824219,98.0999984741211,102.19999694824219,129330
2005-04-18,96.0999984741211,96.0999984741211,101.5,95.9000015258789,98.80000305175781,81420
2005-04-19,93.4000015258789,93.4000015258789,98.5999984741211,92.0,97.0,149430
2005-04-20,88.5999984741211,88.5999984741211,95.9000015258789,88.4000015258789,94.5999984741211,141860
2005-04-21,92.69999694824219,92.69999694824219,93.5,88.5999984741211,89.0999984741211,96710
2005-04-22,90.19999694824219,90.19999694824219,94.5,89.0,92.9000015258789,88140
2005-04-25,93.5999984741211,93.5999984741211,94.80000305175781,91.5,92.30000305175781,92700
2005-04-26,95.0,95.0,95.5999984741211,93.69999694824219,95.30000305175781,170240
2005-04-27,98.4000015258789,98.4000015258789,104.0,97.5999984741211,101.19999694824219,320270
2005-04-28,92.0999984741211,92.0999984741211,98.9000015258789,92.0,98.9000015258789,108820
2005-04-29,89.5999984741211,89.5999984741211,92.30000305175781,85.5,92.0999984741211,158380
2005-05-02,89.30000305175781,89.30000305175781,91.4000015258789,87.4000015258789,89.30000305175781,83340
2005-05-03,87.0,87.0,89.80000305175781,86.5999984741211,89.4000015258789,71700
2005-05-04,88.30000305175781,88.30000305175781,89.30000305175781,85.4000015258789,87.80000305175781,98020
2005-05-05,87.5999984741211,87.5999984741211,90.4000015258789,87.30000305175781,88.0,50580
2005-05-06,87.80000305175781,87.80000305175781,90.4000015258789,87.4000015258789,88.30000305175781,59770
2005-05-09,87.4000015258789,87.4000015258789,89.80000305175781,86.80000305175781,88.5,49870
2005-05-10,90.69999694824219,90.69999694824219,90.69999694824219,86.0,87.4000015258789,91960
2005-05-11,91.0999984741211,91.0999984741211,92.4000015258789,89.30000305175781,90.9000015258789,53230
2005-05-12,90.80000305175781,90.80000305175781,91.9000015258789,89.80000305175781,91.9000015258789,48680
2005-05-13,93.5999984741211,93.5999984741211,96.0,90.69999694824219,90.69999694824219,125820
2005-05-16,95.80000305175781,95.80000305175781,97.80000305175781,92.80000305175781,94.19999694824219,62860
2005-05-17,97.19999694824219,97.19999694824219,97.5999984741211,95.4000015258789,96.19999694824219,56370
2005-05-18,98.0999984741211,98.0999984741211,100.5999984741211,97.4000015258789,98.0,115540
2005-05-19,110.80000305175781,110.80000305175781,111.30000305175781,98.0999984741211,98.4000015258789,318130
2005-05-20,113.30000305175781,113.30000305175781,114.0,105.5,110.0999984741211,177040
2005-05-23,109.9000015258789,109.9000015258789,114.4000015258789,108.5999984741211,112.5999984741211,100030
2005-05-24,121.0,121.0,124.5999984741211,108.19999694824219,108.80000305175781,282270
2005-05-25,129.8000030517578,129.8000030517578,133.5,120.0,121.0999984741211,399930
2005-05-26,129.5,129.5,134.6999969482422,127.0,131.8000030517578,193650
2005-05-27,130.3000030517578,130.3000030517578,132.0,127.5999984741211,128.5,71970
2005-05-31,124.69999694824219,124.69999694824219,131.39999389648438,122.5,131.39999389648438,190320
2005-06-01,130.39999389648438,130.39999389648438,130.8000030517578,124.0999984741211,125.30000305175781,94620
2005-06-02,138.3000030517578,138.3000030517578,138.60000610351562,131.10000610351562,131.10000610351562,218230
2005-06-03,139.5,139.5,139.89999389648438,135.0,138.8000030517578,133060
2005-06-06,138.5,138.5,142.39999389648438,137.3000030517578,139.39999389648438,94820
2005-06-07,136.8000030517578,136.8000030517578,142.6999969482422,136.8000030517578,139.1999969482422,111640
2005-06-08,133.5,133.5,137.5,131.8000030517578,136.5,110940
2005-06-09,142.10000610351562,142.10000610351562,143.0,132.3000030517578,133.5,104580
2005-06-10,136.5,136.5,143.0,134.6999969482422,143.0,135570
2005-06-13,138.8000030517578,138.8000030517578,139.5,133.39999389648438,136.10000610351562,112080
2005-06-14,136.5,136.5,139.6999969482422,133.6999969482422,139.0,74340
2005-06-15,137.10000610351562,137.10000610351562,138.89999389648438,133.10000610351562,137.1999969482422,53830
2005-06-16,133.39999389648438,133.39999389648438,137.8000030517578,132.1999969482422,137.0,109910
2005-06-17,125.5,125.5,132.89999389648438,122.19999694824219,132.3000030517578,252180
2005-06-20,122.5,122.5,128.89999389648438,121.5,124.5,143040
2005-06-21,118.0,118.0,124.69999694824219,115.5,122.9000015258789,281140
2005-06-22,120.19999694824219,120.19999694824219,121.9000015258789,115.9000015258789,118.0999984741211,89170
2005-06-23,116.80000305175781,116.80000305175781,122.0,116.0,121.5,106830
2005-06-24,116.30000305175781,116.30000305175781,118.80000305175781,114.0999984741211,116.5999984741211,127690
2005-06-27,120.4000015258789,120.4000015258789,122.5999984741211,117.4000015258789,119.0,123870
2005-06-28,124.4000015258789,124.4000015258789,126.0,121.9000015258789,122.9000015258789,106650
2005-06-29,126.19999694824219,126.19999694824219,128.1999969482422,122.9000015258789,124.4000015258789,95940
2005-06-30,124.69999694824219,124.69999694824219,127.80000305175781,123.9000015258789,127.5,77230
2005-07-01,124.69999694824219,124.69999694824219,124.80000305175781,121.4000015258789,124.0,63790
2005-07-05,125.30000305175781,125.30000305175781,125.5,122.0,123.9000015258789,73900
2005-07-06,123.0999984741211,123.0999984741211,125.5999984741211,122.9000015258789,125.30000305175781,54560
2005-07-07,123.19999694824219,123.19999694824219,124.0,120.0999984741211,120.9000015258789,97980
2005-07-08,129.1999969482422,129.1999969482422,131.6999969482422,124.0,124.0999984741211,199110
2005-07-11,131.6999969482422,131.6999969482422,133.60000610351562,128.0,129.3000030517578,100340
2005-07-12,130.39999389648438,130.39999389648438,132.89999389648438,129.10000610351562,132.10000610351562,64940
2005-07-13,132.6999969482422,132.6999969482422,132.6999969482422,128.1999969482422,130.6999969482422,62240
2005-07-14,133.39999389648438,133.39999389648438,137.89999389648438,132.60000610351562,134.3000030517578,102940
2005-07-15,135.5,135.5,136.60000610351562,130.39999389648438,132.8000030517578,78790
2005-07-18,135.10000610351562,135.10000610351562,136.8000030517578,134.10000610351562,135.0,74810
2005-07-19,135.8000030517578,135.8000030517578,137.60000610351562,132.8000030517578,135.39999389648438,67310
2005-07-20,136.6999969482422,136.6999969482422,137.39999389648438,135.0,135.39999389648438,46390
2005-07-21,138.8000030517578,138.8000030517578,141.60000610351562,136.89999389648438,136.89999389648438,132710
2005-07-22,138.6999969482422,138.6999969482422,144.89999389648438,138.39999389648438,142.0,114330
2005-07-25,136.1999969482422,136.1999969482422,142.3000030517578,135.60000610351562,139.60000610351562,176170
2005-07-26,133.39999389648438,133.39999389648438,137.10000610351562,129.0,137.0,280930
2005-07-27,122.19999694824219,122.19999694824219,125.9000015258789,114.0,123.5,527660
2005-07-28,122.4000015258789,122.4000015258789,125.0,121.0999984741211,123.4000015258789,125880
2005-07-29,120.30000305175781,120.30000305175781,123.0,120.19999694824219,121.0999984741211,77260
2005-08-01,119.80000305175781,119.80000305175781,121.69999694824219,116.9000015258789,120.5999984741211,80910
2005-08-02,118.5999984741211,118.5999984741211,120.5999984741211,116.9000015258789,119.69999694824219,154910
2005-08-03,114.19999694824219,114.19999694824219,118.5999984741211,113.5999984741211,118.5999984741211,191840
2005-08-04,110.5999984741211,110.5999984741211,115.0,110.30000305175781,114.19999694824219,95780
2005-08-05,109.0,109.0,110.69999694824219,108.30000305175781,110.0999984741211,102180
2005-08-08,106.4000015258789,106.4000015258789,109.69999694824219,104.69999694824219,109.0,135000
2005-08-09,106.69999694824219,106.69999694824219,108.5999984741211,105.4000015258789,107.0,65340
2005-08-10,104.19999694824219,104.19999694824219,108.69999694824219,102.80000305175781,106.5999984741211,63880
2005-08-11,107.4000015258789,107.4000015258789,107.4000015258789,102.80000305175781,104.0999984741211,46950
2005-08-12,108.0999984741211,108.0999984741211,108.4000015258789,104.5,106.4000015258789,78380
2005-08-15,108.9000015258789,108.9000015258789,110.4000015258789,107.0999984741211,108.0,69470
2005-08-16,110.0,110.0,110.80000305175781,107.0,108.4000015258789,58370
2005-08-17,115.0999984741211,115.0999984741211,115.0999984741211,110.30000305175781,110.4000015258789,152530
2005-08-18,115.80000305175781,115.80000305175781,117.9000015258789,114.0,115.4000015258789,61140
2005-08-19,114.30000305175781,114.30000305175781,116.69999694824219,113.4000015258789,115.19999694824219,64540
2005-08-22,110.0999984741211,110.0999984741211,115.0,108.5,113.9000015258789,101960
2005-08-23,108.4000015258789,108.4000015258789,110.19999694824219,108.30000305175781,109.19999694824219,65280
2005-08-24,108.0,108.0,109.0,107.5999984741211,108.30000305175781,41090
2005-08-25,112.69999694824219,112.69999694824219,114.9000015258789,108.0,108.0,94840
2005-08-26,113.0,113.0,116.5999984741211,111.9000015258789,113.30000305175781,78980
2005-08-29,116.0999984741211,116.0999984741211,117.0,112.0999984741211,112.0999984741211,86260
2005-08-30,120.30000305175781,120.30000305175781,124.9000015258789,116.0,116.4000015258789,231040
2005-08-31,120.69999694824219,120.69999694824219,123.30000305175781,119.69999694824219,120.5999984741211,93970
2005-09-01,120.9000015258789,120.9000015258789,122.30000305175781,120.0999984741211,120.4000015258789,62110
2005-09-02,123.5999984741211,123.5999984741211,124.0,120.69999694824219,120.69999694824219,94260
2005-09-06,123.9000015258789,123.9000015258789,126.4000015258789,123.0999984741211,124.80000305175781,135970
2005-09-07,119.5999984741211,119.5999984741211,123.80000305175781,119.0,123.19999694824219,101610
2005-09-08,120.80000305175781,120.80000305175781,123.19999694824219,119.0999984741211,120.19999694824219,64070
2005-09-09,122.5,122.5,123.30000305175781,120.5,120.5,32160
2005-09-12,117.5999984741211,117.5999984741211,123.4000015258789,116.4000015258789,122.80000305175781,117010
2005-09-13,116.30000305175781,116.30000305175781,118.5,114.0,116.80000305175781,96190
2005-09-14,117.5,117.5,118.5,116.30000305175781,116.5,92060
2005-09-15,117.5999984741211,117.5999984741211,118.4000015258789,116.69999694824219,118.0,90070
2005-09-16,125.5,125.5,125.5,119.9000015258789,120.0,268850
2005-09-19,123.80000305175781,123.80000305175781,131.3000030517578,121.19999694824219,125.5999984741211,201740
2005-09-20,126.5999984741211,126.5999984741211,128.39999389648438,121.69999694824219,124.0,128600
2005-09-21,133.0,133.0,138.5,128.6999969482422,128.6999969482422,372750
2005-09-22,141.0,141.0,141.10000610351562,132.0,132.60000610351562,235150
2005-09-23,149.0,149.0,153.5,142.10000610351562,143.0,454570
2005-09-26,151.89999389648438,151.89999389648438,152.0,148.6999969482422,150.5,105690
2005-09-27,151.1999969482422,151.1999969482422,153.8000030517578,150.1999969482422,152.5,115060
2005-09-28,155.39999389648438,155.39999389648438,156.5,151.10000610351562,151.10000610351562,130350
2005-09-29,152.1999969482422,152.1999969482422,158.8000030517578,151.1999969482422,157.8000030517578,137570
2005-09-30,144.6999969482422,144.6999969482422,152.1999969482422,143.39999389648438,152.0,201560
2005-10-03,144.8000030517578,144.8000030517578,147.39999389648438,143.60000610351562,143.60000610351562,95790
2005-10-04,141.0,141.0,144.60000610351562,140.39999389648438,144.0,84260
2005-10-05,142.8000030517578,142.8000030517578,144.5,136.1999969482422,140.1999969482422,103280
2005-10-06,138.6999969482422,138.6999969482422,142.10000610351562,136.5,142.0,86130
2005-10-07,136.39999389648438,136.39999389648438,141.8000030517578,134.89999389648438,139.1999969482422,124470
2005-10-10,137.89999389648438,137.89999389648438,142.5,137.39999389648438,138.6999969482422,69520
2005-10-11,136.60000610351562,136.60000610351562,142.0,135.39999389648438,141.0,101810
2005-10-12,135.0,135.0,140.0,134.10000610351562,135.89999389648438,74310
2005-10-13,138.5,138.5,138.6999969482422,132.5,134.6999969482422,59950
2005-10-14,139.1999969482422,139.1999969482422,141.0,136.5,139.10000610351562,85380
2005-10-17,137.1999969482422,137.1999969482422,143.0,136.10000610351562,140.0,65200
2005-10-18,135.3000030517578,135.3000030517578,139.0,135.0,138.10000610351562,50160
2005-10-19,136.60000610351562,136.60000610351562,136.89999389648438,132.6999969482422,135.5,71650
2005-10-20,131.60000610351562,131.60000610351562,139.89999389648438,130.8000030517578,137.3000030517578,92910
2005-10-21,125.5999984741211,125.5999984741211,131.60000610351562,119.4000015258789,131.60000610351562,324650
2005-10-24,121.30000305175781,121.30000305175781,127.0999984741211,120.19999694824219,126.19999694824219,187170
2005-10-25,119.69999694824219,119.69999694824219,123.5,116.19999694824219,121.5999984741211,129580
2005-10-26,122.4000015258789,122.4000015258789,125.0,118.5999984741211,119.5999984741211,133410
2005-10-27,126.30000305175781,126.30000305175781,134.0,123.30000305175781,131.0,528740
2005-10-28,125.69999694824219,125.69999694824219,129.39999389648438,123.69999694824219,126.5,124110
2005-10-31,127.0,127.0,130.6999969482422,126.0,126.0999984741211,123010
2005-11-01,124.9000015258789,124.9000015258789,131.5,123.30000305175781,131.0,104010
2005-11-02,128.39999389648438,128.39999389648438,129.5,125.0,125.5,57710
2005-11-03,131.89999389648438,131.89999389648438,134.89999389648438,129.3000030517578,130.1999969482422,130540
2005-11-04,138.8000030517578,138.8000030517578,138.8000030517578,131.89999389648438,131.89999389648438,138570
2005-11-07,140.0,140.0,141.89999389648438,138.60000610351562,140.5,95010
2005-11-08,140.39999389648438,140.39999389648438,143.10000610351562,136.3000030517578,139.1999969482422,66700
2005-11-09,139.60000610351562,139.60000610351562,142.5,137.89999389648438,140.60000610351562,34450
2005-11-10,139.6999969482422,139.6999969482422,140.89999389648438,135.8000030517578,139.39999389648438,93370
2005-11-11,140.1999969482422,140.1999969482422,142.6999969482422,138.10000610351562,138.10000610351562,62070
2005-11-14,142.89999389648438,142.89999389648438,143.8000030517578,139.5,140.39999389648438,86190
2005-11-15,137.5,137.5,145.0,137.5,142.89999389648438,112440
2005-11-16,136.0,136.0,139.0,132.39999389648438,137.39999389648438,84300
2005-11-17,140.0,140.0,140.0,134.8000030517578,136.39999389648438,88820
2005-11-18,141.3000030517578,141.3000030517578,143.0,138.3000030517578,141.0,80960
2005-11-21,140.1999969482422,140.1999969482422,142.5,138.3000030517578,141.3000030517578,75470
2005-11-22,137.1999969482422,137.1999969482422,139.8000030517578,136.0,139.8000030517578,68430
2005-11-23,143.3000030517578,143.3000030517578,145.60000610351562,137.1999969482422,138.0,131930
2005-11-25,142.8000030517578,142.8000030517578,145.60000610351562,142.0,144.5,14710
2005-11-28,138.39999389648438,138.39999389648438,142.39999389648438,137.8000030517578,142.39999389648438,82750
2005-11-29,138.3000030517578,138.3000030517578,141.3000030517578,138.0,138.8000030517578,54480
2005-11-30,136.1999969482422,136.1999969482422,139.0,132.8000030517578,138.5,90140
2005-12-01,139.0,139.0,139.89999389648438,137.0,138.1999969482422,94720
2005-12-02,136.8000030517578,136.8000030517578,139.60000610351562,136.0,138.5,67750
2005-12-05,135.0,135.0,138.5,133.3000030517578,136.3000030517578,92210
2005-12-06,137.0,137.0,139.1999969482422,133.8000030517578,136.0,110590
2005-12-07,142.8000030517578,142.8000030517578,144.8000030517578,141.0,143.5,195380
2005-12-08,141.39999389648438,141.39999389648438,143.5,140.39999389648438,143.5,79820
2005-12-09,139.89999389648438,139.89999389648438,142.1999969482422,136.6999969482422,142.10000610351562,78110
2005-12-12,139.6999969482422,139.6999969482422,142.0,138.3000030517578,141.1999969482422,328650
2005-12-13,139.0,139.0,141.39999389648438,137.1999969482422,140.0,97550
2005-12-14,136.3000030517578,136.3000030517578,139.3000030517578,135.8000030517578,139.3000030517578,65160
2005-12-15,133.5,133.5,137.5,133.39999389648438,137.3000030517578,72650
2005-12-16,131.39999389648438,131.39999389648438,135.3000030517578,130.5,133.0,83290
2005-12-19,126.5,126.5,133.10000610351562,126.30000305175781,132.0,99530
2005-12-20,124.80000305175781,124.80000305175781,129.1999969482422,124.4000015258789,127.80000305175781,87030
2005-12-21,124.9000015258789,124.9000015258789,126.9000015258789,124.19999694824219,125.0,78720
2005-12-22,128.0,128.0,132.5,124.0999984741211,124.5,114410
2005-12-23,126.0,126.0,128.5,124.30000305175781,128.5,59590
2005-12-27,123.80000305175781,123.80000305175781,127.9000015258789,123.0,126.9000015258789,57170
2005-12-28,125.0999984741211,125.0999984741211,125.9000015258789,121.5999984741211,124.0999984741211,84110
2005-12-29,121.5999984741211,121.5999984741211,125.0,121.0999984741211,125.0,78840
2005-12-30,121.0999984741211,121.0999984741211,122.30000305175781,118.9000015258789,122.19999694824219,78600
2006-01-03,119.19999694824219,119.19999694824219,123.5,116.4000015258789,121.30000305175781,116970
2006-01-04,122.0999984741211,122.0999984741211,123.5,118.5,118.5,129580
2006-01-05,129.1999969482422,129.1999969482422,130.5,124.80000305175781,126.0,180370
2006-01-06,129.60000610351562,129.60000610351562,131.5,127.5999984741211,129.60000610351562,116300
2006-01-09,127.69999694824219,127.69999694824219,130.8000030517578,126.9000015258789,129.0,111560
2006-01-10,127.0,127.0,127.5,124.0,126.80000305175781,99370
2006-01-11,126.5999984741211,126.5999984741211,131.8000030517578,125.0,125.0,53330
2006-01-12,125.5,125.5,130.8000030517578,125.19999694824219,130.0,81770
2006-01-13,123.0,123.0,128.5,122.0,126.0,70540
2006-01-17,121.5,121.5,124.19999694824219,119.4000015258789,123.0,65700
2006-01-18,121.9000015258789,121.9000015258789,123.0,119.5,121.30000305175781,45330
2006-01-19,125.9000015258789,125.9000015258789,127.5999984741211,122.69999694824219,122.69999694824219,97690
2006-01-20,124.30000305175781,124.30000305175781,127.5,123.69999694824219,126.9000015258789,81170
2006-01-23,123.69999694824219,123.69999694824219,126.0,122.5,123.9000015258789,43630
2006-01-24,125.0999984741211,125.0999984741211,125.9000015258789,120.0,124.0,110530
2006-01-25,124.5999984741211,124.5999984741211,126.9000015258789,121.0,126.0999984741211,120890
2006-01-26,119.80000305175781,119.80000305175781,124.80000305175781,118.0999984741211,124.80000305175781,167240
2006-01-27,110.0999984741211,110.0999984741211,112.5,99.80000305175781,111.5,628380
2006-01-30,108.80000305175781,108.80000305175781,111.5,106.5999984741211,111.5,132390
2006-01-31,109.0999984741211,109.0999984741211,109.9000015258789,106.9000015258789,109.19999694824219,78970
2006-02-01,110.9000015258789,110.9000015258789,111.4000015258789,107.0,109.0999984741211,79090
2006-02-02,106.5,106.5,110.69999694824219,106.30000305175781,110.30000305175781,79680
2006-02-03,110.19999694824219,110.19999694824219,112.4000015258789,106.5,106.5,69930
2006-02-06,108.19999694824219,108.19999694824219,112.0,104.4000015258789,110.30000305175781,96860
2006-02-07,106.30000305175781,106.30000305175781,109.4000015258789,105.80000305175781,108.69999694824219,45870
2006-02-08,107.69999694824219,107.69999694824219,108.5999984741211,106.4000015258789,106.80000305175781,38200
2006-02-09,106.69999694824219,106.69999694824219,109.0,106.19999694824219,109.0,37980
2006-02-10,105.80000305175781,105.80000305175781,107.0,103.5999984741211,106.69999694824219,51340
2006-02-13,103.5999984741211,103.5999984741211,106.30000305175781,102.80000305175781,106.0,27480
2006-02-14,99.0,99.0,104.0,97.5,103.9000015258789,219630
2006-02-15,101.30000305175781,101.30000305175781,102.4000015258789,97.0999984741211,99.0,120700
2006-02-16,102.5,102.5,104.0,101.0999984741211,101.9000015258789,92530
2006-02-17,98.69999694824219,98.69999694824219,101.69999694824219,97.19999694824219,101.5999984741211,122900
2006-02-21,95.5999984741211,95.5999984741211,98.9000015258789,94.4000015258789,98.0,112830
2006-02-22,95.5999984741211,95.5999984741211,96.0999984741211,92.69999694824219,95.5999984741211,140010
2006-02-23,85.0,85.0,89.19999694824219,83.9000015258789,88.30000305175781,521120
2006-02-24,84.80000305175781,84.80000305175781,85.0,82.5,85.0,198510
2006-02-27,83.5999984741211,83.5999984741211,86.4000015258789,82.5999984741211,84.4000015258789,154560
2006-02-28,81.5999984741211,81.5999984741211,84.4000015258789,80.5999984741211,83.5999984741211,176710
2006-03-01,85.0,85.0,85.19999694824219,81.4000015258789,82.19999694824219,125470
2006-03-02,84.0999984741211,84.0999984741211,85.0,83.5,84.5,96880
2006-03-03,84.0,84.0,85.5999984741211,83.5,83.5999984741211,75390
2006-03-06,82.0,82.0,85.0,81.9000015258789,83.69999694824219,50250
2006-03-07,84.19999694824219,84.19999694824219,84.19999694824219,81.19999694824219,82.30000305175781,77160
2006-03-08,84.5,84.5,85.19999694824219,83.0999984741211,84.19999694824219,73200
2006-03-09,84.9000015258789,84.9000015258789,87.5999984741211,84.69999694824219,85.0999984741211,100670
2006-03-10,84.5999984741211,84.5999984741211,85.5,83.9000015258789,85.0,40260
2006-03-13,84.5,84.5,85.0999984741211,83.5,84.4000015258789,74290
2006-03-14,84.30000305175781,84.30000305175781,84.9000015258789,83.5999984741211,84.9000015258789,53240
2006-03-15,86.0999984741211,86.0999984741211,87.19999694824219,84.0999984741211,84.0999984741211,73210
2006-03-16,86.9000015258789,86.9000015258789,89.9000015258789,85.19999694824219,86.19999694824219,72770
2006-03-17,86.0,86.0,87.5999984741211,84.4000015258789,87.30000305175781,64360
2006-03-20,82.5,82.5,86.0,82.0999984741211,86.0,59770
2006-03-21,83.30000305175781,83.30000305175781,84.30000305175781,81.5,82.0999984741211,72540
2006-03-22,86.5999984741211,86.5999984741211,86.80000305175781,82.5999984741211,83.19999694824219,50280
2006-03-23,86.9000015258789,86.9000015258789,88.5999984741211,85.5999984741211,86.80000305175781,37710
2006-03-24,88.69999694824219,88.69999694824219,89.0,86.0999984741211,87.0,57400
2006-03-27,90.0,90.0,91.0,88.5,88.69999694824219,171950
2006-03-28,90.5999984741211,90.5999984741211,90.80000305175781,89.0999984741211,90.30000305175781,46840
2006-03-29,91.69999694824219,91.69999694824219,93.4000015258789,90.4000015258789,91.80000305175781,127760
2006-03-30,89.80000305175781,89.80000305175781,92.0,89.5,91.19999694824219,74650
2006-03-31,89.5,89.5,91.0,88.0,90.19999694824219,115830
2006-04-03,89.9000015258789,89.9000015258789,92.4000015258789,89.0999984741211,89.5,65350
2006-04-04,88.80000305175781,88.80000305175781,92.0,88.0,92.0,58210
2006-04-05,88.19999694824219,88.19999694824219,91.69999694824219,85.5999984741211,91.69999694824219,195670
2006-04-06,95.0,95.0,95.30000305175781,88.5,88.69999694824219,106840
2006-04-07,96.4000015258789,96.4000015258789,96.9000015258789,95.19999694824219,95.5,72220
2006-04-10,94.69999694824219,94.69999694824219,97.0,94.5,96.5,71300
2006-04-11,93.5999984741211,93.5999984741211,96.5999984741211,93.30000305175781,95.5,55070
2006-04-12,92.9000015258789,92.9000015258789,94.30000305175781,92.0999984741211,93.9000015258789,66070
2006-04-13,96.19999694824219,96.19999694824219,97.30000305175781,92.4000015258789,92.9000015258789,68480
2006-04-17,94.80000305175781,94.80000305175781,96.5,93.80000305175781,96.0,14690
2006-04-18,94.4000015258789,94.4000015258789,95.5,93.0999984741211,94.5999984741211,38360
2006-04-19,94.9000015258789,94.9000015258789,95.0,93.0999984741211,94.4000015258789,48310
2006-04-20,99.0,99.0,99.4000015258789,94.69999694824219,94.69999694824219,69030
2006-04-21,100.69999694824219,100.69999694824219,106.4000015258789,100.69999694824219,103.4000015258789,204820
2006-04-24,99.9000015258789,99.9000015258789,101.9000015258789,99.69999694824219,101.4000015258789,47120
2006-04-25,100.30000305175781,100.30000305175781,101.69999694824219,99.5,100.5,47720
2006-04-26,102.0999984741211,102.0999984741211,104.30000305175781,100.0,101.0,79390
2006-04-27,100.69999694824219,100.69999694824219,104.0999984741211,100.5,101.0999984741211,78340
2006-04-28,100.5999984741211,100.5999984741211,102.5,100.0,100.30000305175781,52980
2006-05-01,97.9000015258789,97.9000015258789,102.30000305175781,97.5,100.5999984741211,86210
2006-05-02,99.0,99.0,99.9000015258789,97.9000015258789,98.0,37240
2006-05-03,98.80000305175781,98.80000305175781,99.30000305175781,98.5,99.19999694824219,36860
2006-05-04,98.69999694824219,98.69999694824219,99.0,97.5,98.9000015258789,131430
2006-05-05,100.30000305175781,100.30000305175781,101.0,98.69999694824219,99.0999984741211,205870
2006-05-08,99.69999694824219,99.69999694824219,101.0999984741211,98.5999984741211,100.80000305175781,140850
2006-05-09,99.5,99.5,103.0,99.30000305175781,100.4000015258789,175080
2006-05-10,109.9000015258789,109.9000015258789,114.30000305175781,100.19999694824219,100.19999694824219,365390
2006-05-11,108.19999694824219,108.19999694824219,109.5,104.19999694824219,109.19999694824219,145520
2006-05-12,108.0999984741211,108.0999984741211,109.80000305175781,103.5,106.9000015258789,135920
2006-05-15,109.0999984741211,109.0999984741211,113.4000015258789,107.0,111.5,125310
2006-05-16,108.0,108.0,109.5,107.0,109.0999984741211,153490
2006-05-17,106.0999984741211,106.0999984741211,108.30000305175781,104.69999694824219,107.30000305175781,62850
2006-05-18,104.0,104.0,107.19999694824219,103.30000305175781,106.0999984741211,101070
2006-05-19,105.69999694824219,105.69999694824219,106.4000015258789,103.30000305175781,105.5,112720
2006-05-22,106.30000305175781,106.30000305175781,107.30000305175781,103.4000015258789,105.0,111180
2006-05-23,107.4000015258789,107.4000015258789,111.19999694824219,106.0,107.0,87680
2006-05-24,111.0999984741211,111.0999984741211,113.0,107.19999694824219,107.19999694824219,149840
2006-05-25,114.0,114.0,115.30000305175781,111.5,112.30000305175781,94980
2006-05-26,114.5999984741211,114.5999984741211,115.80000305175781,113.0999984741211,114.0,77540
2006-05-30,109.19999694824219,109.19999694824219,115.19999694824219,108.69999694824219,114.0,80640
2006-05-31,111.4000015258789,111.4000015258789,111.69999694824219,109.5,109.80000305175781,53050
2006-06-01,112.0999984741211,112.0999984741211,113.30000305175781,108.5999984741211,111.19999694824219,67770
2006-06-02,106.69999694824219,106.69999694824219,109.9000015258789,105.5999984741211,109.9000015258789,107900
2006-06-05,103.80000305175781,103.80000305175781,106.80000305175781,103.5999984741211,106.4000015258789,60660
2006-06-06,101.9000015258789,101.9000015258789,104.19999694824219,98.4000015258789,103.69999694824219,117260
2006-06-07,102.4000015258789,102.4000015258789,104.69999694824219,100.69999694824219,102.30000305175781,58640
2006-06-08,102.0,102.0,104.80000305175781,98.80000305175781,103.0,71400
2006-06-09,98.9000015258789,98.9000015258789,103.0,97.5,102.5,72410
2006-06-12,96.30000305175781,96.30000305175781,101.0999984741211,96.0999984741211,99.4000015258789,55660
2006-06-13,94.5,94.5,97.30000305175781,93.80000305175781,96.0999984741211,71840
2006-06-14,95.9000015258789,95.9000015258789,96.4000015258789,93.30000305175781,94.69999694824219,33970
2006-06-15,96.80000305175781,96.80000305175781,98.80000305175781,96.0,96.0,42000
2006-06-16,95.0999984741211,95.0999984741211,96.69999694824219,94.69999694824219,96.69999694824219,65760
2006-06-19,95.80000305175781,95.80000305175781,96.80000305175781,93.80000305175781,95.0999984741211,45520
2006-06-20,95.0999984741211,95.0999984741211,97.19999694824219,94.0,95.5999984741211,26380
2006-06-21,96.69999694824219,96.69999694824219,97.0,93.0,95.4000015258789,98180
2006-06-22,95.80000305175781,95.80000305175781,96.5,95.0,95.69999694824219,33630
2006-06-23,94.30000305175781,94.30000305175781,96.19999694824219,94.19999694824219,95.5999984741211,18040
2006-06-26,94.69999694824219,94.69999694824219,95.5999984741211,93.5999984741211,94.0999984741211,29320
2006-06-27,91.5999984741211,91.5999984741211,94.5999984741211,90.0,94.4000015258789,65370
2006-06-28,93.69999694824219,93.69999694824219,93.9000015258789,88.4000015258789,91.5,85620
2006-06-29,96.4000015258789,96.4000015258789,96.9000015258789,92.4000015258789,94.0,84120
2006-06-30,104.19999694824219,104.19999694824219,104.9000015258789,95.30000305175781,95.80000305175781,213560
2006-07-03,108.5,108.5,109.30000305175781,104.0,104.19999694824219,101440
2006-07-05,105.0999984741211,105.0999984741211,108.4000015258789,102.5999984741211,107.69999694824219,110570
2006-07-06,107.4000015258789,107.4000015258789,118.0,105.0999984741211,117.0999984741211,444720
2006-07-07,109.4000015258789,109.4000015258789,112.0,105.5999984741211,106.9000015258789,113270
2006-07-10,109.19999694824219,109.19999694824219,110.80000305175781,107.0,107.0,63040
2006-07-11,110.0999984741211,110.0999984741211,110.30000305175781,106.0,108.19999694824219,117810
2006-07-12,111.0,111.0,113.19999694824219,108.0,110.5,129550
2006-07-13,113.9000015258789,113.9000015258789,114.4000015258789,109.5,110.5999984741211,111840
2006-07-14,109.9000015258789,109.9000015258789,115.30000305175781,109.69999694824219,113.5999984741211,112860
2006-07-17,107.30000305175781,107.30000305175781,111.30000305175781,107.0999984741211,110.0,56660
2006-07-18,106.80000305175781,106.80000305175781,110.19999694824219,105.0999984741211,107.5,87140
2006-07-19,109.69999694824219,109.69999694824219,110.5,106.19999694824219,106.4000015258789,64430
2006-07-20,109.30000305175781,109.30000305175781,111.69999694824219,108.19999694824219,110.19999694824219,82980
2006-07-21,105.0999984741211,105.0999984741211,109.0999984741211,104.4000015258789,109.0,59470
2006-07-24,116.69999694824219,116.69999694824219,116.69999694824219,105.80000305175781,105.80000305175781,166750
2006-07-25,117.30000305175781,117.30000305175781,117.5,114.4000015258789,115.0,117810
2006-07-26,119.5999984741211,119.5999984741211,123.5,114.9000015258789,114.9000015258789,268960
2006-07-27,114.4000015258789,114.4000015258789,119.9000015258789,108.0,118.5,270940
2006-07-28,110.5,110.5,117.5,110.0999984741211,114.4000015258789,125400
2006-07-31,110.5999984741211,110.5999984741211,113.0,109.19999694824219,109.30000305175781,109660
2006-08-01,113.5999984741211,113.5999984741211,114.9000015258789,110.0,110.0,88100
2006-08-02,116.19999694824219,116.19999694824219,116.5,112.30000305175781,113.4000015258789,79330
2006-08-03,118.4000015258789,118.4000015258789,119.5,114.30000305175781,115.30000305175781,80460
2006-08-04,116.30000305175781,116.30000305175781,120.5999984741211,113.5999984741211,119.0,49600
2006-08-07,113.5999984741211,113.5999984741211,118.0,112.9000015258789,114.4000015258789,47690
2006-08-08,108.5999984741211,108.5999984741211,114.0,108.19999694824219,114.0,77280
2006-08-09,108.5999984741211,108.5999984741211,112.4000015258789,108.4000015258789,110.19999694824219,55630
2006-08-10,111.0,111.0,112.0,106.0,108.30000305175781,33440
2006-08-11,107.0999984741211,107.0999984741211,110.5999984741211,107.0,110.5999984741211,51990
2006-08-14,108.0,108.0,110.30000305175781,106.5,107.5999984741211,30730
2006-08-15,104.5,104.5,111.0999984741211,103.19999694824219,109.5,196910
2006-08-16,107.19999694824219,107.19999694824219,107.5,104.0999984741211,106.4000015258789,142880
2006-08-17,108.30000305175781,108.30000305175781,111.0999984741211,106.19999694824219,108.19999694824219,95710
2006-08-18,105.9000015258789,105.9000015258789,108.80000305175781,104.0,108.80000305175781,57480
2006-08-21,100.0999984741211,100.0999984741211,105.0999984741211,99.19999694824219,105.0999984741211,130910
2006-08-22,100.69999694824219,100.69999694824219,101.9000015258789,99.69999694824219,100.0999984741211,91280
2006-08-23,101.0,101.0,101.80000305175781,100.30000305175781,101.0999984741211,61260
2006-08-24,99.30000305175781,99.30000305175781,101.5999984741211,97.5999984741211,100.9000015258789,82050
2006-08-25,104.0,104.0,105.19999694824219,99.0,99.0,100200
2006-08-28,106.30000305175781,106.30000305175781,106.5999984741211,103.5,103.69999694824219,108080
2006-08-29,111.4000015258789,111.4000015258789,111.69999694824219,107.5999984741211,107.80000305175781,146660
2006-08-30,113.80000305175781,113.80000305175781,115.0,111.19999694824219,111.80000305175781,111780
2006-08-31,111.5,111.5,114.9000015258789,110.4000015258789,114.19999694824219,75620
2006-09-01,112.5999984741211,112.5999984741211,113.80000305175781,111.0999984741211,111.80000305175781,66150
2006-09-05,115.5999984741211,115.5999984741211,117.0,112.80000305175781,113.0,95250
2006-09-06,112.80000305175781,112.80000305175781,115.5,112.0999984741211,115.5,65630
2006-09-07,112.0999984741211,112.0999984741211,114.4000015258789,111.30000305175781,112.69999694824219,68100
2006-09-08,114.30000305175781,114.30000305175781,114.80000305175781,112.5,113.30000305175781,20340
2006-09-11,114.80000305175781,114.80000305175781,115.80000305175781,112.69999694824219,113.9000015258789,52950
2006-09-12,113.9000015258789,113.9000015258789,116.80000305175781,111.80000305175781,114.30000305175781,79770
2006-09-13,117.80000305175781,117.80000305175781,118.5,113.30000305175781,114.30000305175781,95260
2006-09-14,116.69999694824219,116.69999694824219,117.80000305175781,114.0999984741211,117.0,90380
2006-09-15,112.5999984741211,112.5999984741211,117.69999694824219,111.5999984741211,117.0,113130
2006-09-18,109.5999984741211,109.5999984741211,113.69999694824219,109.30000305175781,112.0999984741211,76650
2006-09-19,115.5,115.5,115.5,109.5,110.0,175990
2006-09-20,117.19999694824219,117.19999694824219,117.9000015258789,114.5,115.9000015258789,94090
2006-09-21,114.0,114.0,117.9000015258789,113.4000015258789,117.19999694824219,62330
2006-09-22,116.69999694824219,116.69999694824219,116.9000015258789,113.0,113.5,59910
2006-09-25,116.4000015258789,116.4000015258789,117.5,113.69999694824219,116.5,58310
2006-09-26,117.19999694824219,117.19999694824219,118.80000305175781,115.5999984741211,116.0,60880
2006-09-27,117.0999984741211,117.0999984741211,117.19999694824219,113.5,116.5,152150
2006-09-28,96.4000015258789,96.4000015258789,102.4000015258789,92.5,98.9000015258789,875420
2006-09-29,96.30000305175781,96.30000305175781,99.0,95.0,98.0,210710
2006-10-02,95.5,95.5,98.0,95.19999694824219,97.80000305175781,96130
2006-10-03,92.0,92.0,95.5,91.5999984741211,95.19999694824219,175610
2006-10-04,94.5,94.5,95.5,92.0,92.0999984741211,116470
2006-10-05,94.5,94.5,100.5,89.5,94.80000305175781,606030
2006-10-06,93.30000305175781,93.30000305175781,95.69999694824219,92.0,94.69999694824219,168190
2006-10-09,91.4000015258789,91.4000015258789,94.4000015258789,90.9000015258789,93.4000015258789,82600
2006-10-10,94.19999694824219,94.19999694824219,94.69999694824219,91.19999694824219,92.0999984741211,103520
2006-10-11,94.30000305175781,94.30000305175781,96.9000015258789,94.19999694824219,94.19999694824219,78180
2006-10-12,95.5,95.5,97.19999694824219,94.30000305175781,95.0999984741211,70460
2006-10-13,95.4000015258789,95.4000015258789,96.5,94.5999984741211,95.30000305175781,62640
2006-10-16,98.19999694824219,98.19999694824219,98.69999694824219,94.69999694824219,95.0999984741211,71950
2006-10-17,98.4000015258789,98.4000015258789,99.19999694824219,96.69999694824219,98.0999984741211,50310
2006-10-18,97.0999984741211,97.0999984741211,99.30000305175781,96.5,99.30000305175781,48470
2006-10-19,97.0,97.0,97.69999694824219,96.0,97.0999984741211,26550
2006-10-20,94.5,94.5,97.69999694824219,94.0999984741211,97.4000015258789,51300
2006-10-23,93.80000305175781,93.80000305175781,96.30000305175781,92.0,94.5,66880
2006-10-24,92.80000305175781,92.80000305175781,95.5,90.5999984741211,94.0,115300
2006-10-25,84.30000305175781,84.30000305175781,88.9000015258789,83.69999694824219,87.5999984741211,307320
2006-10-26,84.4000015258789,84.4000015258789,84.9000015258789,81.19999694824219,84.30000305175781,125360
2006-10-27,85.0999984741211,85.0999984741211,85.9000015258789,84.69999694824219,85.0,84490
2006-10-30,84.0,84.0,85.9000015258789,83.5,85.0,90460
2006-10-31,84.19999694824219,84.19999694824219,84.9000015258789,83.0,83.80000305175781,61540
2006-11-01,83.0,83.0,84.9000015258789,82.30000305175781,84.30000305175781,52620
2006-11-02,81.4000015258789,81.4000015258789,82.80000305175781,81.0999984741211,82.5,43010
2006-11-03,86.0,86.0,86.69999694824219,82.30000305175781,82.5,117480
2006-11-06,86.4000015258789,86.4000015258789,86.9000015258789,84.80000305175781,86.0,54470
2006-11-07,84.4000015258789,84.4000015258789,86.69999694824219,84.4000015258789,86.4000015258789,67240
2006-11-08,87.80000305175781,87.80000305175781,88.69999694824219,83.80000305175781,84.30000305175781,94480
2006-11-09,87.30000305175781,87.30000305175781,89.0,86.30000305175781,88.0,36320
2006-11-10,89.4000015258789,89.4000015258789,90.19999694824219,86.0,87.4000015258789,101410
2006-11-13,90.0999984741211,90.0999984741211,91.0999984741211,89.0,89.69999694824219,52720
2006-11-14,94.9000015258789,94.9000015258789,95.0999984741211,91.0,91.0,113500
2006-11-15,95.5,95.5,95.80000305175781,92.80000305175781,94.5999984741211,81210
2006-11-16,96.0,96.0,97.0,94.4000015258789,96.80000305175781,88400
2006-11-17,93.30000305175781,93.30000305175781,95.80000305175781,92.80000305175781,95.19999694824219,54760
2006-11-20,94.80000305175781,94.80000305175781,94.9000015258789,93.0,93.0,35320
2006-11-21,96.0,96.0,96.19999694824219,94.9000015258789,94.9000015258789,65290
2006-11-22,95.19999694824219,95.19999694824219,96.0,94.5,96.0,40420
2006-11-24,95.5999984741211,95.5999984741211,95.80000305175781,94.0,94.4000015258789,48040
2006-11-27,93.0999984741211,93.0999984741211,95.30000305175781,92.19999694824219,95.0,54750
2006-11-28,93.69999694824219,93.69999694824219,94.5,92.0,93.0,33650
2006-11-29,95.0999984741211,95.0999984741211,96.30000305175781,93.80000305175781,94.0999984741211,38340
2006-11-30,94.4000015258789,94.4000015258789,96.0999984741211,94.4000015258789,95.30000305175781,33540
2006-12-01,95.69999694824219,95.69999694824219,96.0,93.69999694824219,94.30000305175781,43440
2006-12-04,97.9000015258789,97.9000015258789,98.5999984741211,96.0999984741211,96.19999694824219,72110
2006-12-05,95.9000015258789,95.9000015258789,98.5,95.4000015258789,98.0999984741211,70020
2006-12-06,95.69999694824219,95.69999694824219,96.0999984741211,93.80000305175781,95.5,42240
2006-12-07,95.80000305175781,95.80000305175781,98.0999984741211,95.4000015258789,95.9000015258789,56370
2006-12-08,96.30000305175781,96.30000305175781,96.4000015258789,95.0999984741211,95.5,26600
2006-12-11,94.30000305175781,94.30000305175781,96.4000015258789,94.0,96.0999984741211,33620
2006-12-12,93.19999694824219,93.19999694824219,95.0,92.80000305175781,94.19999694824219,26870
2006-12-13,92.9000015258789,92.9000015258789,94.9000015258789,92.5,93.4000015258789,27520
2006-12-14,94.19999694824219,94.19999694824219,95.0,93.80000305175781,94.0999984741211,62670
2006-12-15,92.5,92.5,94.5,92.0,94.0,65340
2006-12-18,91.80000305175781,91.80000305175781,94.19999694824219,90.9000015258789,93.0999984741211,50700
2006-12-19,90.80000305175781,90.80000305175781,92.5,90.30000305175781,91.5,41540
2006-12-20,93.0,93.0,93.4000015258789,90.19999694824219,91.0999984741211,106030
2006-12-21,92.80000305175781,92.80000305175781,94.69999694824219,92.4000015258789,93.0999984741211,45540
2006-12-22,94.69999694824219,94.69999694824219,95.80000305175781,92.5999984741211,92.5999984741211,41660
2006-12-26,96.0,96.0,97.69999694824219,94.9000015258789,95.0999984741211,22930
2006-12-27,96.4000015258789,96.4000015258789,97.69999694824219,95.0999984741211,96.30000305175781,28670
2006-12-28,96.4000015258789,96.4000015258789,97.69999694824219,96.0999984741211,96.0999984741211,21170
2006-12-29,96.69999694824219,96.69999694824219,97.4000015258789,95.5999984741211,96.0,30070
2007-01-03,97.5,97.5,99.69999694824219,95.5,96.80000305175781,101740
2007-01-04,101.5,101.5,103.0,96.19999694824219,97.0,130380
2007-01-05,104.0,104.0,105.0,102.0,102.19999694824219,176390
2007-01-08,105.19999694824219,105.19999694824219,106.4000015258789,102.19999694824219,104.4000015258789,86530
2007-01-09,107.30000305175781,107.30000305175781,109.9000015258789,103.30000305175781,105.80000305175781,144760
2007-01-10,107.5999984741211,107.5999984741211,108.0999984741211,105.0,106.4000015258789,48700
2007-01-11,108.0999984741211,108.0999984741211,109.19999694824219,107.0999984741211,107.80000305175781,46200
2007-01-12,108.19999694824219,108.19999694824219,111.4000015258789,107.5,107.80000305175781,74320
2007-01-16,107.30000305175781,107.30000305175781,109.5999984741211,106.69999694824219,109.0,69680
2007-01-17,108.0,108.0,109.9000015258789,107.0999984741211,107.5,61460
2007-01-18,106.30000305175781,106.30000305175781,109.0,105.9000015258789,107.69999694824219,50800
2007-01-19,108.4000015258789,108.4000015258789,109.0,106.0,106.0,58130
2007-01-22,107.5999984741211,107.5999984741211,108.4000015258789,105.4000015258789,108.0,64250
2007-01-23,111.30000305175781,111.30000305175781,112.0,105.69999694824219,107.0999984741211,75870
2007-01-24,112.9000015258789,112.9000015258789,113.30000305175781,109.30000305175781,111.0,74290
2007-01-25,109.4000015258789,109.4000015258789,113.4000015258789,108.19999694824219,112.5,100470
2007-01-26,110.0,110.0,110.4000015258789,106.5,108.5,97060
2007-01-29,113.19999694824219,113.19999694824219,114.30000305175781,110.0,110.0999984741211,62990
2007-01-30,114.19999694824219,114.19999694824219,114.30000305175781,112.0999984741211,112.4000015258789,73270
2007-01-31,112.9000015258789,112.9000015258789,114.5,110.69999694824219,114.19999694824219,129730
2007-02-01,115.4000015258789,115.4000015258789,118.19999694824219,114.69999694824219,116.19999694824219,126990
2007-02-02,112.5,112.5,115.5,111.30000305175781,115.5,97300
2007-02-05,125.19999694824219,125.19999694824219,128.0,119.4000015258789,126.9000015258789,789060
2007-02-06,120.30000305175781,120.30000305175781,124.4000015258789,119.19999694824219,124.19999694824219,213620
2007-02-07,121.0,121.0,123.0999984741211,120.5,120.69999694824219,99360
2007-02-08,120.9000015258789,120.9000015258789,121.4000015258789,119.30000305175781,121.30000305175781,68570
2007-02-09,120.4000015258789,120.4000015258789,122.69999694824219,120.0,121.30000305175781,107010
2007-02-12,117.69999694824219,117.69999694824219,120.5,116.0999984741211,120.30000305175781,93580
2007-02-13,117.5999984741211,117.5999984741211,118.19999694824219,116.0999984741211,117.9000015258789,60820
2007-02-14,124.0,124.0,125.30000305175781,122.0,122.5999984741211,172600
2007-02-15,122.9000015258789,122.9000015258789,124.19999694824219,122.0,123.5999984741211,49130
2007-02-16,126.4000015258789,126.4000015258789,126.80000305175781,122.0999984741211,122.9000015258789,105690
2007-02-20,126.0,126.0,127.30000305175781,124.4000015258789,126.30000305175781,52940
2007-02-21,125.5999984741211,125.5999984741211,126.5999984741211,123.69999694824219,125.69999694824219,145840
2007-02-22,127.5,127.5,127.69999694824219,124.80000305175781,125.0,57170
2007-02-23,129.60000610351562,129.60000610351562,131.8000030517578,127.80000305175781,128.39999389648438,142550
2007-02-26,129.89999389648438,129.89999389648438,133.10000610351562,129.89999389648438,130.0,150380
2007-02-27,127.5999984741211,127.5999984741211,129.6999969482422,125.80000305175781,129.60000610351562,147610
2007-02-28,132.10000610351562,132.10000610351562,135.6999969482422,129.0,130.0,390160
2007-03-01,131.8000030517578,131.8000030517578,134.0,126.5,129.5,107540
2007-03-02,133.3000030517578,133.3000030517578,134.39999389648438,131.0,131.1999969482422,164650
2007-03-05,133.3000030517578,133.3000030517578,134.60000610351562,130.6999969482422,131.89999389648438,170950
2007-03-06,139.6999969482422,139.6999969482422,139.89999389648438,134.6999969482422,134.6999969482422,220130
2007-03-07,139.6999969482422,139.6999969482422,141.0,137.39999389648438,139.3000030517578,148680
2007-03-08,141.89999389648438,141.89999389648438,144.3000030517578,140.5,141.0,118340
2007-03-09,140.8000030517578,140.8000030517578,144.0,140.60000610351562,143.6999969482422,128570
2007-03-12,141.1999969482422,141.1999969482422,142.39999389648438,139.0,141.1999969482422,100200
2007-03-13,140.89999389648438,140.89999389648438,143.10000610351562,140.10000610351562,140.39999389648438,75960
2007-03-14,145.6999969482422,145.6999969482422,146.5,141.1999969482422,141.5,110420
2007-03-15,145.8000030517578,145.8000030517578,148.5,144.8000030517578,145.3000030517578,134980
2007-03-16,147.39999389648438,147.39999389648438,148.5,144.8000030517578,145.5,106350
2007-03-19,146.10000610351562,146.10000610351562,148.3000030517578,145.6999969482422,148.0,70480
2007-03-20,149.89999389648438,149.89999389648438,150.10000610351562,146.5,146.5,140870
2007-03-21,149.60000610351562,149.60000610351562,151.39999389648438,148.89999389648438,149.8000030517578,95820
2007-03-22,152.39999389648438,152.39999389648438,154.3000030517578,150.0,150.5,162270
2007-03-23,151.8000030517578,151.8000030517578,154.3000030517578,151.0,152.3000030517578,123220
2007-03-26,170.3000030517578,170.3000030517578,181.5,160.0,177.5,808280
2007-03-27,170.39999389648438,170.39999389648438,171.1999969482422,165.5,170.3000030517578,192620
2007-03-28,165.3000030517578,165.3000030517578,169.8000030517578,164.1999969482422,168.8000030517578,148260
2007-03-29,161.3000030517578,161.3000030517578,168.0,159.5,167.0,130150
2007-03-30,160.39999389648438,160.39999389648438,162.60000610351562,159.1999969482422,162.5,96180
2007-04-02,159.89999389648438,159.89999389648438,161.89999389648438,158.10000610351562,161.3000030517578,82590
2007-04-03,168.60000610351562,168.60000610351562,169.0,157.5,162.0,198840
2007-04-04,166.5,166.5,168.0,164.8000030517578,167.89999389648438,86550
2007-04-05,167.8000030517578,167.8000030517578,168.5,166.10000610351562,166.10000610351562,66800
2007-04-09,168.1999969482422,168.1999969482422,170.0,167.0,169.6999969482422,68870
2007-04-10,168.6999969482422,168.6999969482422,169.0,167.0,168.5,62570
2007-04-11,169.60000610351562,169.60000610351562,170.6999969482422,166.10000610351562,169.3000030517578,98710
2007-04-12,170.3000030517578,170.3000030517578,171.5,168.39999389648438,169.0,102530
2007-04-13,174.3000030517578,174.3000030517578,174.39999389648438,170.5,171.10000610351562,87390
2007-04-16,174.10000610351562,174.10000610351562,175.8000030517578,172.60000610351562,173.3000030517578,106180
2007-04-17,173.8000030517578,173.8000030517578,174.8000030517578,172.6999969482422,174.5,130960
2007-04-18,171.89999389648438,171.89999389648438,174.0,171.5,173.39999389648438,95190
2007-04-19,168.0,168.0,171.0,167.5,170.60000610351562,83140
2007-04-20,168.10000610351562,168.10000610351562,169.3000030517578,166.6999969482422,169.3000030517578,75710
2007-04-23,172.1999969482422,172.1999969482422,173.5,168.1999969482422,168.5,86570
2007-04-24,175.10000610351562,175.10000610351562,176.6999969482422,171.1999969482422,173.0,120630
2007-04-25,166.5,166.5,176.1999969482422,166.0,176.1999969482422,200250
2007-04-26,170.5,170.5,171.0,165.60000610351562,166.10000610351562,103430
2007-04-27,183.60000610351562,183.60000610351562,183.89999389648438,172.39999389648438,174.39999389648438,303270
2007-04-30,181.89999389648438,181.89999389648438,186.0,181.1999969482422,184.6999969482422,204820
2007-05-01,187.10000610351562,187.10000610351562,187.1999969482422,179.89999389648438,182.89999389648438,275580
2007-05-02,199.39999389648438,199.39999389648438,201.5,189.0,195.5,538430
2007-05-03,197.5,197.5,200.0,195.1999969482422,200.0,122340
2007-05-04,199.8000030517578,199.8000030517578,201.5,198.0,198.6999969482422,127980
2007-05-07,201.39999389648438,201.39999389648438,202.5,198.5,198.6999969482422,91090
2007-05-08,199.5,199.5,200.8000030517578,197.10000610351562,200.8000030517578,119170
2007-05-09,199.1999969482422,199.1999969482422,203.0,198.0,198.3000030517578,133400
2007-05-10,195.0,195.0,201.5,192.0,199.3000030517578,121740
2007-05-11,200.0,200.0,200.3000030517578,195.1999969482422,195.39999389648438,80370
2007-05-14,195.39999389648438,195.39999389648438,201.5,195.0,198.8000030517578,67850
2007-05-15,192.39999389648438,192.39999389648438,199.5,191.8000030517578,195.60000610351562,83140
2007-05-16,194.3000030517578,194.3000030517578,196.39999389648438,189.39999389648438,193.0,77600
2007-05-17,215.3000030517578,215.3000030517578,216.5,199.0,199.1999969482422,310810
2007-05-18,211.10000610351562,211.10000610351562,216.8000030517578,207.0,216.39999389648438,145330
2007-05-21,218.5,218.5,220.60000610351562,211.39999389648438,212.0,92060
2007-05-22,214.89999389648438,214.89999389648438,220.0,213.8000030517578,217.39999389648438,103000
2007-05-23,214.39999389648438,214.39999389648438,216.0,212.0,215.60000610351562,80970
2007-05-24,213.6999969482422,213.6999969482422,223.60000610351562,212.6999969482422,215.0,132100
2007-05-25,221.8000030517578,221.8000030517578,221.89999389648438,213.8000030517578,213.8000030517578,133430
2007-05-29,220.39999389648438,220.39999389648438,223.39999389648438,218.1999969482422,222.1999969482422,92920
2007-05-30,229.10000610351562,229.10000610351562,232.3000030517578,218.39999389648438,219.0,164010
2007-05-31,232.3000030517578,232.3000030517578,233.6999969482422,227.89999389648438,230.6999969482422,130400
2007-06-01,235.1999969482422,235.1999969482422,238.8000030517578,232.3000030517578,234.5,129450
2007-06-04,236.60000610351562,236.60000610351562,238.5,234.0,235.3000030517578,79000
2007-06-05,250.39999389648438,250.39999389648438,252.10000610351562,236.10000610351562,236.60000610351562,178340
2007-06-06,244.3000030517578,244.3000030517578,249.6999969482422,232.3000030517578,249.1999969482422,173890
2007-06-07,244.6999969482422,244.6999969482422,250.5,242.39999389648438,244.10000610351562,113840
2007-06-08,240.5,240.5,243.5,228.0,235.10000610351562,374710
2007-06-11,241.6999969482422,241.6999969482422,246.0,238.5,242.39999389648438,204500
2007-06-12,236.89999389648438,236.89999389648438,242.6999969482422,235.10000610351562,241.39999389648438,159200
2007-06-13,245.89999389648438,245.89999389648438,247.5,236.6999969482422,237.0,170560
2007-06-14,247.8000030517578,247.8000030517578,249.39999389648438,244.5,245.39999389648438,121440
2007-06-15,249.8000030517578,249.8000030517578,252.10000610351562,249.60000610351562,251.0,136340
2007-06-18,247.3000030517578,247.3000030517578,253.89999389648438,246.0,251.10000610351562,104920
2007-06-19,248.60000610351562,248.60000610351562,249.8000030517578,246.5,246.5,80090
2007-06-20,247.0,247.0,252.6999969482422,246.60000610351562,249.6999969482422,87580
2007-06-21,252.0,252.0,253.1999969482422,243.60000610351562,246.8000030517578,79060
2007-06-22,247.10000610351562,247.10000610351562,251.6999969482422,243.8000030517578,250.39999389648438,111620
2007-06-25,252.1999969482422,252.1999969482422,257.29998779296875,245.89999389648438,247.3000030517578,137620
2007-06-26,247.10000610351562,247.10000610351562,257.8999938964844,246.0,252.8000030517578,147050
2007-06-27,257.20001220703125,257.20001220703125,258.79998779296875,245.1999969482422,248.10000610351562,98750
2007-06-28,260.1000061035156,260.1000061035156,264.3999938964844,256.20001220703125,258.29998779296875,109480
2007-06-29,260.20001220703125,260.20001220703125,264.5,258.8999938964844,261.70001220703125,144240
2007-07-02,257.8999938964844,257.8999938964844,262.5,256.79998779296875,261.3999938964844,118940
2007-07-03,257.6000061035156,257.6000061035156,260.0,256.8999938964844,256.8999938964844,51270
2007-07-05,243.8000030517578,243.8000030517578,256.6000061035156,234.3000030517578,256.29998779296875,253160
2007-07-06,247.5,247.5,250.5,242.89999389648438,243.1999969482422,141790
2007-07-09,247.89999389648438,247.89999389648438,249.39999389648438,243.3000030517578,247.5,84300
2007-07-10,251.60000610351562,251.60000610351562,258.20001220703125,246.3000030517578,247.0,119890
2007-07-11,254.5,254.5,255.0,250.0,252.60000610351562,64570
2007-07-12,271.8999938964844,271.8999938964844,274.5,256.6000061035156,257.1000061035156,187100
2007-07-13,277.5,277.5,279.1000061035156,268.3999938964844,271.0,89500
2007-07-16,275.8999938964844,275.8999938964844,283.29998779296875,274.8999938964844,278.5,105550
2007-07-17,287.5,287.5,291.3999938964844,275.79998779296875,276.8999938964844,172980
2007-07-18,278.79998779296875,278.79998779296875,290.0,276.0,286.70001220703125,151670
2007-07-19,283.70001220703125,283.70001220703125,286.0,280.1000061035156,281.8999938964844,148150
2007-07-20,270.5,270.5,283.1000061035156,250.89999389648438,283.1000061035156,398780
2007-07-23,269.8999938964844,269.8999938964844,273.1000061035156,257.70001220703125,269.29998779296875,146190
2007-07-24,265.20001220703125,265.20001220703125,270.3999938964844,262.70001220703125,268.79998779296875,120610
2007-07-25,266.5,266.5,272.8999938964844,262.29998779296875,266.6000061035156,110590
2007-07-26,254.3000030517578,254.3000030517578,264.8999938964844,245.8000030517578,264.8999938964844,161210
2007-07-27,229.1999969482422,229.1999969482422,254.3000030517578,221.8000030517578,254.3000030517578,411810
2007-07-30,233.0,233.0,236.1999969482422,225.3000030517578,228.8000030517578,189040
2007-07-31,215.3000030517578,215.3000030517578,229.60000610351562,209.3000030517578,223.1999969482422,286480
2007-08-01,208.3000030517578,208.3000030517578,213.3000030517578,199.10000610351562,207.10000610351562,306350
2007-08-02,220.60000610351562,220.60000610351562,223.5,209.0,209.5,210440
2007-08-03,216.5,216.5,223.89999389648438,215.1999969482422,222.0,116780
2007-08-06,213.60000610351562,213.60000610351562,218.6999969482422,203.60000610351562,216.39999389648438,212670
2007-08-07,226.89999389648438,226.89999389648438,232.60000610351562,220.0,225.1999969482422,290570
2007-08-08,220.60000610351562,220.60000610351562,230.39999389648438,209.60000610351562,229.10000610351562,275750
2007-08-09,210.8000030517578,210.8000030517578,214.89999389648438,200.6999969482422,210.0,216040
2007-08-10,223.6999969482422,223.6999969482422,225.6999969482422,202.39999389648438,206.5,146520
2007-08-13,222.60000610351562,222.60000610351562,239.39999389648438,222.60000610351562,225.89999389648438,203800
2007-08-14,215.89999389648438,215.89999389648438,229.89999389648438,215.10000610351562,222.60000610351562,134210
2007-08-15,211.5,211.5,218.3000030517578,206.5,214.0,94850
2007-08-16,208.89999389648438,208.89999389648438,209.39999389648438,197.0,207.39999389648438,192210
2007-08-17,212.1999969482422,212.1999969482422,222.5,208.10000610351562,217.3000030517578,86790
2007-08-20,213.3000030517578,213.3000030517578,214.6999969482422,207.3000030517578,212.3000030517578,46710
2007-08-21,208.89999389648438,208.89999389648438,214.1999969482422,207.8000030517578,211.5,68370
2007-08-22,224.60000610351562,224.60000610351562,225.0,210.0,211.1999969482422,104820
2007-08-23,232.39999389648438,232.39999389648438,234.89999389648438,225.0,225.10000610351562,106380
2007-08-24,234.8000030517578,234.8000030517578,235.5,228.1999969482422,232.5,56040
2007-08-27,230.89999389648438,230.89999389648438,235.6999969482422,228.10000610351562,232.89999389648438,51810
2007-08-28,224.39999389648438,224.39999389648438,230.3000030517578,223.1999969482422,230.3000030517578,56280
2007-08-29,232.5,232.5,234.3000030517578,225.0,226.8000030517578,47690
2007-08-30,227.8000030517578,227.8000030517578,234.1999969482422,225.10000610351562,230.60000610351562,49240
2007-08-31,228.39999389648438,228.39999389648438,232.39999389648438,227.3000030517578,231.3000030517578,48880
2007-09-04,225.8000030517578,225.8000030517578,229.89999389648438,224.39999389648438,227.1999969482422,56960
2007-09-05,239.0,239.0,241.0,222.5,225.8000030517578,126460
2007-09-06,241.89999389648438,241.89999389648438,243.0,231.39999389648438,238.8000030517578,64620
2007-09-07,235.10000610351562,235.10000610351562,241.3000030517578,228.0,237.5,73040
2007-09-10,233.0,233.0,238.0,230.39999389648438,234.39999389648438,43160
2007-09-11,241.5,241.5,243.6999969482422,231.5,233.39999389648438,61140
2007-09-12,243.60000610351562,243.60000610351562,249.0,240.89999389648438,240.89999389648438,55300
2007-09-13,236.60000610351562,236.60000610351562,244.6999969482422,236.5,243.8000030517578,72420
2007-09-14,232.3000030517578,232.3000030517578,236.39999389648438,228.3000030517578,234.0,96500
2007-09-17,229.60000610351562,229.60000610351562,233.6999969482422,225.3000030517578,231.1999969482422,89300
2007-09-18,247.89999389648438,247.89999389648438,249.0,225.3000030517578,231.3000030517578,205410
2007-09-19,242.39999389648438,242.39999389648438,249.3000030517578,239.1999969482422,248.5,101350
2007-09-20,235.1999969482422,235.1999969482422,241.0,232.5,240.8000030517578,85990
2007-09-21,233.10000610351562,233.10000610351562,238.10000610351562,232.0,236.6999969482422,71400
2007-09-24,229.8000030517578,229.8000030517578,233.6999969482422,228.1999969482422,232.60000610351562,73690
2007-09-25,237.39999389648438,237.39999389648438,239.1999969482422,228.10000610351562,228.10000610351562,67560
2007-09-26,243.0,243.0,248.0,237.0,238.5,90460
2007-09-27,234.8000030517578,234.8000030517578,242.5,232.10000610351562,242.1999969482422,110690
2007-09-28,226.5,226.5,234.60000610351562,224.3000030517578,234.1999969482422,109460
2007-10-01,234.10000610351562,234.10000610351562,235.10000610351562,226.60000610351562,226.60000610351562,99950
2007-10-02,235.0,235.0,235.6999969482422,230.89999389648438,233.1999969482422,74840
2007-10-03,249.10000610351562,249.10000610351562,252.5,232.3000030517578,234.10000610351562,193370
2007-10-04,250.8000030517578,250.8000030517578,251.8000030517578,245.1999969482422,250.3000030517578,76720
2007-10-05,258.5,258.5,263.79998779296875,252.39999389648438,252.5,125060
2007-10-08,266.8999938964844,266.8999938964844,272.0,262.70001220703125,264.0,174300
2007-10-09,267.20001220703125,267.20001220703125,270.8999938964844,265.0,270.29998779296875,93430
2007-10-10,261.5,261.5,269.1000061035156,257.79998779296875,269.0,91910
2007-10-11,261.29998779296875,261.29998779296875,265.79998779296875,257.6000061035156,262.5,137990
2007-10-12,264.20001220703125,264.20001220703125,268.5,259.0,261.3999938964844,91940
2007-10-15,258.0,258.0,269.0,254.89999389648438,265.70001220703125,116310
2007-10-16,248.8000030517578,248.8000030517578,257.6000061035156,247.6999969482422,256.79998779296875,90110
2007-10-17,247.89999389648438,247.89999389648438,260.20001220703125,246.0,252.60000610351562,110200
2007-10-18,248.8000030517578,248.8000030517578,251.8000030517578,246.3000030517578,247.39999389648438,126450
2007-10-19,238.5,238.5,249.3000030517578,237.89999389648438,248.5,105970
2007-10-22,245.1999969482422,245.1999969482422,250.5,241.1999969482422,249.3000030517578,136670
2007-10-23,245.3000030517578,245.3000030517578,250.0,239.0,247.60000610351562,116280
2007-10-24,224.3000030517578,224.3000030517578,242.39999389648438,205.3000030517578,242.39999389648438,359200
2007-10-25,224.6999969482422,224.6999969482422,231.8000030517578,221.39999389648438,225.89999389648438,197520
2007-10-26,239.5,239.5,246.0,237.3000030517578,242.6999969482422,130080
2007-10-29,251.6999969482422,251.6999969482422,252.60000610351562,241.3000030517578,242.6999969482422,108910
2007-10-30,254.89999389648438,254.89999389648438,257.79998779296875,250.8000030517578,252.5,117610
2007-10-31,260.0,260.0,263.6000061035156,249.10000610351562,256.3999938964844,125560
2007-11-01,246.39999389648438,246.39999389648438,262.29998779296875,245.5,255.1999969482422,85680
2007-11-02,250.0,250.0,256.1000061035156,245.10000610351562,248.89999389648438,142600
2007-11-05,264.20001220703125,264.20001220703125,267.6000061035156,245.3000030517578,250.0,241800
2007-11-06,217.1999969482422,217.1999969482422,257.8999938964844,201.3000030517578,257.8999938964844,805600
2007-11-07,220.5,220.5,224.60000610351562,209.0,209.0,369530
2007-11-08,213.1999969482422,213.1999969482422,223.8000030517578,202.10000610351562,223.8000030517578,186330
2007-11-09,209.89999389648438,209.89999389648438,215.0,206.8000030517578,212.1999969482422,148200
2007-11-12,195.10000610351562,195.10000610351562,214.5,194.5,210.3000030517578,238000
2007-11-13,202.89999389648438,202.89999389648438,206.0,197.5,198.10000610351562,184140
2007-11-14,187.60000610351562,187.60000610351562,204.0,187.39999389648438,203.8000030517578,157330
2007-11-15,165.10000610351562,165.10000610351562,178.1999969482422,160.39999389648438,177.5,505820
2007-11-16,168.5,168.5,169.3000030517578,161.0,163.10000610351562,176830
2007-11-19,168.39999389648438,168.39999389648438,172.60000610351562,166.0,167.0,131970
2007-11-20,164.39999389648438,164.39999389648438,174.39999389648438,161.0,169.6999969482422,122900
2007-11-21,157.0,157.0,163.10000610351562,154.10000610351562,163.10000610351562,106740
2007-11-23,155.39999389648438,155.39999389648438,160.0,151.6999969482422,158.5,58990
2007-11-26,151.60000610351562,151.60000610351562,156.3000030517578,147.1999969482422,156.0,145770
2007-11-27,154.8000030517578,154.8000030517578,161.39999389648438,152.39999389648438,152.39999389648438,147650
2007-11-28,161.10000610351562,161.10000610351562,162.0,156.10000610351562,156.39999389648438,187380
2007-11-29,158.89999389648438,158.89999389648438,162.60000610351562,158.5,161.6999969482422,106810
2007-11-30,155.39999389648438,155.39999389648438,162.0,154.0,160.3000030517578,112050
2007-12-03,153.1999969482422,153.1999969482422,161.60000610351562,153.1999969482422,157.5,101260
2007-12-04,155.10000610351562,155.10000610351562,159.5,153.0,153.39999389648438,85270
2007-12-05,159.10000610351562,159.10000610351562,160.3000030517578,156.60000610351562,157.60000610351562,89330
2007-12-06,166.89999389648438,166.89999389648438,168.10000610351562,159.1999969482422,159.1999969482422,106360
2007-12-07,169.1999969482422,169.1999969482422,169.39999389648438,163.5,167.0,81130
2007-12-10,171.89999389648438,171.89999389648438,175.89999389648438,167.6999969482422,167.8000030517578,92520
2007-12-11,168.6999969482422,168.6999969482422,177.0,168.6999969482422,172.39999389648438,111910
2007-12-12,170.3000030517578,170.3000030517578,172.39999389648438,169.10000610351562,172.39999389648438,88220
2007-12-13,170.10000610351562,170.10000610351562,171.39999389648438,167.3000030517578,168.60000610351562,61270
2007-12-14,169.3000030517578,169.3000030517578,170.60000610351562,166.0,168.1999969482422,65620
2007-12-17,162.6999969482422,162.6999969482422,170.60000610351562,162.60000610351562,167.60000610351562,65910
2007-12-18,163.8000030517578,163.8000030517578,165.60000610351562,157.8000030517578,165.0,92910
2007-12-19,163.89999389648438,163.89999389648438,166.0,161.1999969482422,163.0,42960
2007-12-20,169.1999969482422,169.1999969482422,169.1999969482422,162.6999969482422,165.3000030517578,60620
2007-12-21,171.10000610351562,171.10000610351562,173.39999389648438,168.60000610351562,171.39999389648438,91920
2007-12-24,170.89999389648438,170.89999389648438,175.6999969482422,169.60000610351562,173.3000030517578,29590
2007-12-26,170.60000610351562,170.60000610351562,171.0,166.5,170.0,36920
2007-12-27,163.0,163.0,169.5,162.3000030517578,169.5,44320
2007-12-28,161.8000030517578,161.8000030517578,167.3000030517578,161.10000610351562,164.0,41920
2007-12-31,162.0,162.0,163.60000610351562,158.5,160.60000610351562,67160
2008-01-02,152.8000030517578,152.8000030517578,163.5,151.60000610351562,160.39999389648438,100400
2008-01-03,154.0,154.0,158.6999969482422,153.0,153.0,75600
2008-01-04,144.3000030517578,144.3000030517578,152.39999389648438,142.3000030517578,151.89999389648438,96200
2008-01-07,136.0,136.0,144.39999389648438,134.10000610351562,144.3000030517578,116790
2008-01-08,127.80000305175781,127.80000305175781,136.8000030517578,127.4000015258789,136.39999389648438,104640
2008-01-09,141.89999389648438,141.89999389648438,142.3000030517578,128.10000610351562,128.10000610351562,193590
2008-01-10,140.0,140.0,143.8000030517578,136.39999389648438,139.1999969482422,96040
2008-01-11,145.0,145.0,149.10000610351562,142.0,142.5,158130
2008-01-14,156.60000610351562,156.60000610351562,162.0,147.10000610351562,147.10000610351562,167940
2008-01-15,151.8000030517578,151.8000030517578,154.5,150.39999389648438,154.0,82340
2008-01-16,151.8000030517578,151.8000030517578,156.3000030517578,148.3000030517578,151.10000610351562,95900
2008-01-17,147.89999389648438,147.89999389648438,154.39999389648438,147.0,152.39999389648438,95510
2008-01-18,150.1999969482422,150.1999969482422,153.3000030517578,148.1999969482422,148.1999969482422,113090
2008-01-22,155.89999389648438,155.89999389648438,157.10000610351562,131.0,138.6999969482422,119840
2008-01-23,154.60000610351562,154.60000610351562,155.60000610351562,140.89999389648438,149.0,90590
2008-01-24,161.10000610351562,161.10000610351562,167.3000030517578,151.10000610351562,155.8000030517578,98960
2008-01-25,155.8000030517578,155.8000030517578,165.1999969482422,154.89999389648438,163.8000030517578,84540
2008-01-28,151.10000610351562,151.10000610351562,158.89999389648438,148.39999389648438,155.10000610351562,65170
2008-01-29,153.0,153.0,154.10000610351562,149.8000030517578,152.6999969482422,49400
2008-01-30,157.3000030517578,157.3000030517578,161.0,151.5,152.5,98220
2008-01-31,160.0,160.0,161.3000030517578,152.6999969482422,155.0,68080
2008-02-01,162.5,162.5,168.0,160.60000610351562,165.89999389648438,84930
2008-02-04,159.89999389648438,159.89999389648438,166.0,158.3000030517578,163.1999969482422,49400
2008-02-05,156.1999969482422,156.1999969482422,161.5,155.39999389648438,159.89999389648438,79600
2008-02-06,152.1999969482422,152.1999969482422,160.6999969482422,151.0,157.8000030517578,68430
2008-02-07,145.1999969482422,145.1999969482422,150.89999389648438,141.3000030517578,150.8000030517578,164930
2008-02-08,140.1999969482422,140.1999969482422,146.60000610351562,139.5,144.6999969482422,72160
2008-02-11,142.10000610351562,142.10000610351562,145.60000610351562,140.5,141.5,75940
2008-02-12,142.0,142.0,144.60000610351562,140.39999389648438,142.5,105530
2008-02-13,145.8000030517578,145.8000030517578,147.0,142.0,143.10000610351562,69210
2008-02-14,133.60000610351562,133.60000610351562,149.60000610351562,133.10000610351562,145.5,153430
2008-02-15,133.5,133.5,135.89999389648438,131.89999389648438,133.39999389648438,85020
2008-02-19,135.8000030517578,135.8000030517578,136.8000030517578,132.8000030517578,135.0,103120
2008-02-20,138.60000610351562,138.60000610351562,141.5,136.0,136.60000610351562,220680
2008-02-21,106.9000015258789,106.9000015258789,113.9000015258789,102.0,110.30000305175781,1113890
2008-02-22,108.4000015258789,108.4000015258789,108.9000015258789,106.0,107.5,205680
2008-02-25,114.30000305175781,114.30000305175781,114.30000305175781,108.0999984741211,108.4000015258789,177870
2008-02-26,113.9000015258789,113.9000015258789,116.30000305175781,110.69999694824219,113.30000305175781,144420
2008-02-27,116.0999984741211,116.0999984741211,118.30000305175781,112.5,112.5999984741211,187740
2008-02-28,109.30000305175781,109.30000305175781,116.9000015258789,109.0999984741211,116.80000305175781,120920
2008-02-29,105.80000305175781,105.80000305175781,109.30000305175781,105.5,108.69999694824219,116080
2008-03-03,106.4000015258789,106.4000015258789,106.69999694824219,102.5,106.0,123660
2008-03-04,105.80000305175781,105.80000305175781,106.69999694824219,102.0999984741211,105.19999694824219,131920
2008-03-05,104.30000305175781,104.30000305175781,107.4000015258789,103.5999984741211,106.5,113770
2008-03-06,107.69999694824219,107.69999694824219,112.30000305175781,105.0999984741211,109.0,163380
2008-03-07,108.0,108.0,109.5999984741211,106.19999694824219,106.69999694824219,119950
2008-03-10,102.19999694824219,102.19999694824219,108.19999694824219,101.4000015258789,108.19999694824219,143490
2008-03-11,107.0,107.0,107.4000015258789,101.19999694824219,104.69999694824219,138600
2008-03-12,99.80000305175781,99.80000305175781,107.30000305175781,99.80000305175781,107.30000305175781,119820
2008-03-13,97.80000305175781,97.80000305175781,99.9000015258789,93.0,99.19999694824219,187370
2008-03-14,88.80000305175781,88.80000305175781,97.80000305175781,87.5999984741211,97.80000305175781,248700
2008-03-17,86.5,86.5,90.9000015258789,83.30000305175781,85.9000015258789,169080
2008-03-18,90.9000015258789,90.9000015258789,91.30000305175781,86.69999694824219,88.5,166480
2008-03-19,91.5,91.5,95.4000015258789,90.0,90.0,190380
2008-03-20,89.80000305175781,89.80000305175781,92.0,87.69999694824219,92.0,136030
2008-03-24,99.80000305175781,99.80000305175781,100.80000305175781,92.5,92.69999694824219,174720
2008-03-25,99.9000015258789,99.9000015258789,102.9000015258789,98.4000015258789,99.5999984741211,74250
2008-03-26,100.30000305175781,100.30000305175781,101.30000305175781,98.30000305175781,100.0,65680
2008-03-27,99.5999984741211,99.5999984741211,102.5999984741211,98.4000015258789,100.19999694824219,53900
2008-03-28,97.30000305175781,97.30000305175781,101.0999984741211,96.80000305175781,100.0,45730
2008-03-31,96.80000305175781,96.80000305175781,98.9000015258789,96.0,97.30000305175781,74070
2008-04-01,103.9000015258789,103.9000015258789,103.9000015258789,98.0,100.0999984741211,113350
2008-04-02,107.19999694824219,107.19999694824219,108.9000015258789,103.19999694824219,103.19999694824219,114910
2008-04-03,105.5999984741211,105.5999984741211,106.69999694824219,103.5,106.0,87850
2008-04-04,108.4000015258789,108.4000015258789,110.5999984741211,104.0,106.0,129380
2008-04-07,109.5999984741211,109.5999984741211,110.5,108.0,110.0,86580
2008-04-08,107.80000305175781,107.80000305175781,110.5,107.5,109.9000015258789,165960
2008-04-09,101.9000015258789,101.9000015258789,108.0,101.9000015258789,107.5,179670
2008-04-10,104.80000305175781,104.80000305175781,105.19999694824219,99.30000305175781,102.0999984741211,369120
2008-04-11,100.19999694824219,100.19999694824219,105.30000305175781,99.4000015258789,101.9000015258789,227620
2008-04-14,100.0999984741211,100.0999984741211,102.4000015258789,99.80000305175781,100.0999984741211,125860
2008-04-15,77.5999984741211,77.5999984741211,82.80000305175781,74.19999694824219,80.5,1283800
2008-04-16,82.0,82.0,82.4000015258789,77.0,78.0,397590
2008-04-17,82.4000015258789,82.4000015258789,82.5,80.0,81.0999984741211,146290
2008-04-18,84.0999984741211,84.0999984741211,84.5999984741211,81.5,83.4000015258789,140660
2008-04-21,85.80000305175781,85.80000305175781,86.5,83.4000015258789,84.19999694824219,139860
2008-04-22,86.69999694824219,86.69999694824219,88.0,85.19999694824219,85.80000305175781,124580
2008-04-23,85.0999984741211,85.0999984741211,86.80000305175781,82.5999984741211,85.4000015258789,76100
2008-04-24,85.69999694824219,85.69999694824219,87.4000015258789,82.80000305175781,85.0,87960
2008-04-25,88.0,88.0,89.5,86.0,86.0999984741211,85530
2008-04-28,89.30000305175781,89.30000305175781,91.0,86.5,87.4000015258789,127990
2008-04-29,90.30000305175781,90.30000305175781,91.0999984741211,87.0999984741211,89.30000305175781,98320
2008-04-30,89.19999694824219,89.19999694824219,90.5999984741211,86.9000015258789,90.4000015258789,106750
2008-05-01,91.4000015258789,91.4000015258789,92.69999694824219,89.0999984741211,90.5999984741211,150640
2008-05-02,83.9000015258789,83.9000015258789,88.5999984741211,83.4000015258789,83.69999694824219,302100
2008-05-05,85.0999984741211,85.0999984741211,85.5,83.0,83.30000305175781,117040
2008-05-06,86.9000015258789,86.9000015258789,87.69999694824219,83.9000015258789,84.80000305175781,83980
2008-05-07,88.5,88.5,91.5999984741211,86.9000015258789,87.0,94150
2008-05-08,90.0999984741211,90.0999984741211,90.0999984741211,87.4000015258789,88.80000305175781,65130
2008-05-09,90.9000015258789,90.9000015258789,92.5,88.69999694824219,88.69999694824219,82630
2008-05-12,92.9000015258789,92.9000015258789,93.9000015258789,91.19999694824219,91.4000015258789,85940
2008-05-13,93.4000015258789,93.4000015258789,94.80000305175781,91.30000305175781,92.9000015258789,73600
2008-05-14,91.30000305175781,91.30000305175781,94.5,90.69999694824219,93.9000015258789,88430
2008-05-15,94.5,94.5,95.0,90.80000305175781,90.9000015258789,78520
2008-05-16,91.69999694824219,91.69999694824219,94.80000305175781,90.19999694824219,94.69999694824219,91310
2008-05-19,97.30000305175781,97.30000305175781,102.5,90.0,90.30000305175781,195760
2008-05-20,96.0,96.0,98.69999694824219,94.5,97.19999694824219,75380
2008-05-21,93.0999984741211,93.0999984741211,96.80000305175781,92.4000015258789,95.30000305175781,112540
2008-05-22,98.4000015258789,98.4000015258789,98.4000015258789,93.19999694824219,94.5,67090
2008-05-23,98.0,98.0,99.0999984741211,96.19999694824219,97.9000015258789,51760
2008-05-27,102.0,102.0,102.5,95.5999984741211,98.0,103870
2008-05-28,104.0,104.0,105.5999984741211,102.5,102.5,129630
2008-05-29,102.19999694824219,102.19999694824219,104.30000305175781,101.80000305175781,104.30000305175781,121980
2008-05-30,103.0999984741211,103.0999984741211,103.69999694824219,101.30000305175781,102.5,78060
2008-06-02,101.9000015258789,101.9000015258789,103.5,99.4000015258789,103.19999694824219,116760
2008-06-03,108.80000305175781,108.80000305175781,109.80000305175781,100.0999984741211,102.5,332080
2008-06-04,114.0999984741211,114.0999984741211,122.0,112.5,114.5,306140
2008-06-05,115.9000015258789,115.9000015258789,116.0999984741211,112.5999984741211,114.30000305175781,134750
2008-06-06,119.4000015258789,119.4000015258789,120.5,114.0999984741211,115.0,205590
2008-06-09,117.80000305175781,117.80000305175781,122.5999984741211,115.5,119.19999694824219,152700
2008-06-10,115.69999694824219,115.69999694824219,117.5999984741211,114.30000305175781,117.0,102040
2008-06-11,113.0999984741211,113.0999984741211,115.80000305175781,113.0999984741211,115.80000305175781,86460
2008-06-12,114.80000305175781,114.80000305175781,116.19999694824219,113.0999984741211,114.4000015258789,92420
2008-06-13,119.30000305175781,119.30000305175781,119.5999984741211,115.30000305175781,116.0,60910
2008-06-16,118.80000305175781,118.80000305175781,120.80000305175781,116.5,118.5999984741211,86920
2008-06-17,118.4000015258789,118.4000015258789,119.69999694824219,117.30000305175781,119.5,51240
2008-06-18,114.69999694824219,114.69999694824219,118.30000305175781,113.5999984741211,118.30000305175781,66890
2008-06-19,115.30000305175781,115.30000305175781,117.4000015258789,113.0999984741211,114.80000305175781,81550
2008-06-20,113.5999984741211,113.5999984741211,116.5999984741211,112.0,114.80000305175781,70940
2008-06-23,115.0999984741211,115.0999984741211,117.30000305175781,113.0,113.80000305175781,75040
2008-06-24,119.5,119.5,120.5999984741211,111.69999694824219,113.9000015258789,124410
2008-06-25,123.19999694824219,123.19999694824219,126.4000015258789,119.5,120.5,155470
2008-06-26,113.0,113.0,122.69999694824219,112.4000015258789,122.0,147160
2008-06-27,110.0999984741211,110.0999984741211,113.19999694824219,107.80000305175781,112.5,174310
2008-06-30,111.30000305175781,111.30000305175781,112.0999984741211,109.19999694824219,110.0999984741211,100270
2008-07-01,109.80000305175781,109.80000305175781,111.5,104.5,108.5,116260
2008-07-02,106.80000305175781,106.80000305175781,110.69999694824219,106.4000015258789,109.5999984741211,96170
2008-07-03,105.19999694824219,105.19999694824219,108.4000015258789,103.69999694824219,107.0,84380
2008-07-07,106.80000305175781,106.80000305175781,109.4000015258789,105.0,105.5,113210
2008-07-08,108.4000015258789,108.4000015258789,109.30000305175781,105.0999984741211,107.19999694824219,64070
2008-07-09,103.19999694824219,103.19999694824219,108.19999694824219,102.5999984741211,108.19999694824219,60210
2008-07-10,100.0,100.0,104.9000015258789,98.4000015258789,103.80000305175781,132600
2008-07-11,99.9000015258789,99.9000015258789,101.19999694824219,96.4000015258789,99.0999984741211,127480
2008-07-14,98.4000015258789,98.4000015258789,102.0999984741211,96.5999984741211,100.80000305175781,61130
2008-07-15,100.9000015258789,100.9000015258789,103.0,93.9000015258789,97.69999694824219,129620
2008-07-16,108.0,108.0,108.9000015258789,100.69999694824219,101.4000015258789,85000
2008-07-17,108.4000015258789,108.4000015258789,109.0,106.9000015258789,108.0999984741211,70860
2008-07-18,107.0999984741211,107.0999984741211,108.4000015258789,105.80000305175781,108.0,72470
2008-07-21,105.0999984741211,105.0999984741211,107.80000305175781,104.4000015258789,107.19999694824219,67970
2008-07-22,105.0999984741211,105.0999984741211,105.4000015258789,103.19999694824219,104.4000015258789,119200
2008-07-23,103.30000305175781,103.30000305175781,105.30000305175781,100.80000305175781,105.0,107740
2008-07-24,96.5999984741211,96.5999984741211,100.0,95.0,99.80000305175781,194980
2008-07-25,93.69999694824219,93.69999694824219,97.5999984741211,93.19999694824219,97.5999984741211,113420
2008-07-28,92.69999694824219,92.69999694824219,96.5,91.80000305175781,94.4000015258789,83410
2008-07-29,96.0,96.0,97.0999984741211,93.0999984741211,93.30000305175781,76270
2008-07-30,98.4000015258789,98.4000015258789,98.69999694824219,95.19999694824219,96.69999694824219,72340
2008-07-31,93.5,93.5,98.9000015258789,93.0,97.19999694824219,62960
2008-08-01,95.4000015258789,95.4000015258789,96.9000015258789,93.4000015258789,94.5999984741211,72610
2008-08-04,95.0,95.0,96.19999694824219,94.0,95.19999694824219,37530
2008-08-05,97.19999694824219,97.19999694824219,98.0,95.0,96.19999694824219,53240
2008-08-06,99.5999984741211,99.5999984741211,101.19999694824219,96.5999984741211,97.9000015258789,72340
2008-08-07,98.0,98.0,101.30000305175781,95.0999984741211,96.80000305175781,86820
2008-08-08,91.0999984741211,91.0999984741211,98.19999694824219,88.0,96.5999984741211,138810
2008-08-11,92.9000015258789,92.9000015258789,94.0,89.5,91.5,91460
2008-08-12,91.5999984741211,91.5999984741211,94.9000015258789,91.0,92.80000305175781,83980
2008-08-13,91.5,91.5,92.5999984741211,89.19999694824219,91.80000305175781,90650
2008-08-14,92.4000015258789,92.4000015258789,93.19999694824219,91.0999984741211,91.0999984741211,37960
2008-08-15,91.5,91.5,95.4000015258789,90.5,93.5999984741211,77910
2008-08-18,89.19999694824219,89.19999694824219,92.30000305175781,84.30000305175781,90.5,130360
2008-08-19,84.0,84.0,88.5999984741211,82.30000305175781,87.69999694824219,148760
2008-08-20,62.900001525878906,62.900001525878906,70.0,60.5,64.5,723090
2008-08-21,63.20000076293945,63.20000076293945,64.5999984741211,60.099998474121094,61.5,222450
2008-08-22,62.70000076293945,62.70000076293945,64.5,61.599998474121094,62.5,125910
2008-08-25,61.599998474121094,61.599998474121094,63.20000076293945,60.79999923706055,62.0,119500
2008-08-26,62.5,62.5,63.29999923706055,61.0,61.400001525878906,77310
2008-08-27,62.5,62.5,63.70000076293945,61.20000076293945,62.400001525878906,73940
2008-08-28,62.5,62.5,63.20000076293945,62.099998474121094,62.70000076293945,58000
2008-08-29,62.29999923706055,62.29999923706055,63.0,61.20000076293945,62.099998474121094,44950
2008-09-02,61.5,61.5,63.70000076293945,60.79999923706055,63.29999923706055,58830
2008-09-03,62.0,62.0,63.70000076293945,61.099998474121094,61.70000076293945,56190
2008-09-04,61.79999923706055,61.79999923706055,63.29999923706055,61.0,61.79999923706055,96320
2008-09-05,62.20000076293945,62.20000076293945,62.400001525878906,61.099998474121094,61.20000076293945,83790
2008-09-08,61.900001525878906,61.900001525878906,63.099998474121094,60.79999923706055,63.099998474121094,54310
2008-09-09,61.0,61.0,65.30000305175781,61.0,62.0,90660
2008-09-10,63.70000076293945,63.70000076293945,63.79999923706055,61.29999923706055,61.5,94480
2008-09-11,61.400001525878906,61.400001525878906,63.0,61.0,62.5,98030
2008-09-12,61.0,61.0,61.599998474121094,59.5,61.099998474121094,32910
2008-09-15,58.599998474121094,58.599998474121094,61.0,58.0,59.599998474121094,31840
2008-09-16,58.900001525878906,58.900001525878906,59.599998474121094,56.5,58.0,76390
2008-09-17,58.5,58.5,65.0,56.5,57.099998474121094,141470
2008-09-18,62.0,62.0,64.0,58.900001525878906,59.70000076293945,173360
2008-09-19,66.19999694824219,66.19999694824219,68.5999984741211,63.900001525878906,63.900001525878906,139200
2008-09-22,63.099998474121094,63.099998474121094,67.4000015258789,62.79999923706055,66.30000305175781,61990
2008-09-23,61.79999923706055,61.79999923706055,65.0,61.79999923706055,63.29999923706055,74650
2008-09-24,61.29999923706055,61.29999923706055,64.69999694824219,61.29999923706055,62.099998474121094,89800
2008-09-25,64.4000015258789,64.4000015258789,65.0,61.599998474121094,61.79999923706055,81960
2008-09-26,62.900001525878906,62.900001525878906,64.9000015258789,61.20000076293945,62.900001525878906,57180
2008-09-29,59.79999923706055,59.79999923706055,62.5,59.099998474121094,61.70000076293945,62090
2008-09-30,60.599998474121094,60.599998474121094,61.79999923706055,58.599998474121094,60.5,55550
2008-10-01,63.29999923706055,63.29999923706055,64.5,58.099998474121094,59.79999923706055,111060
2008-10-02,61.0,61.0,62.5,60.0,62.5,58300
2008-10-03,61.70000076293945,61.70000076293945,66.4000015258789,60.79999923706055,60.900001525878906,127910
2008-10-06,59.20000076293945,59.20000076293945,63.0,56.400001525878906,60.29999923706055,75830
2008-10-07,54.79999923706055,54.79999923706055,59.79999923706055,54.70000076293945,59.099998474121094,56660
2008-10-08,54.29999923706055,54.29999923706055,55.900001525878906,52.0,53.599998474121094,68980
2008-10-09,51.099998474121094,51.099998474121094,59.29999923706055,50.5,54.400001525878906,88100
2008-10-10,52.70000076293945,52.70000076293945,54.29999923706055,48.0,50.20000076293945,104380
2008-10-13,56.0,56.0,58.400001525878906,52.900001525878906,55.0,97760
2008-10-14,51.099998474121094,51.099998474121094,57.099998474121094,49.70000076293945,57.099998474121094,58160
2008-10-15,47.5,47.5,51.20000076293945,47.5,50.29999923706055,47200
2008-10-16,48.20000076293945,48.20000076293945,50.599998474121094,46.0,48.0,83100
2008-10-17,45.599998474121094,45.599998474121094,48.400001525878906,45.5,47.29999923706055,78230
2008-10-20,46.599998474121094,46.599998474121094,47.599998474121094,44.0,46.20000076293945,50730
2008-10-21,45.20000076293945,45.20000076293945,47.0,44.599998474121094,45.900001525878906,48390
2008-10-22,44.0,44.0,47.0,43.599998474121094,44.70000076293945,32860
2008-10-23,41.599998474121094,41.599998474121094,45.0,40.599998474121094,44.099998474121094,47660
2008-10-24,41.5,41.5,43.20000076293945,40.20000076293945,40.400001525878906,54580
2008-10-27,43.599998474121094,43.599998474121094,46.29999923706055,40.79999923706055,41.099998474121094,40470
2008-10-28,44.79999923706055,44.79999923706055,45.20000076293945,40.5,44.900001525878906,60830
2008-10-29,48.599998474121094,48.599998474121094,49.900001525878906,42.20000076293945,45.0,41060
2008-10-30,50.70000076293945,50.70000076293945,51.0,48.20000076293945,49.70000076293945,26910
2008-10-31,52.099998474121094,52.099998474121094,52.599998474121094,48.900001525878906,49.900001525878906,109240
2008-11-03,55.5,55.5,57.0,50.20000076293945,50.20000076293945,58680
2008-11-04,53.70000076293945,53.70000076293945,57.5,53.5,56.70000076293945,41420
2008-11-05,51.400001525878906,51.400001525878906,54.099998474121094,50.79999923706055,53.099998474121094,54100
2008-11-06,50.0,50.0,53.5,48.20000076293945,51.20000076293945,58530
2008-11-07,53.20000076293945,53.20000076293945,53.79999923706055,50.400001525878906,50.400001525878906,42970
2008-11-10,53.70000076293945,53.70000076293945,54.79999923706055,52.599998474121094,53.29999923706055,33720
2008-11-11,50.900001525878906,50.900001525878906,53.29999923706055,50.79999923706055,53.29999923706055,36630
2008-11-12,47.0,47.0,50.79999923706055,46.900001525878906,50.79999923706055,43420
2008-11-13,51.20000076293945,51.20000076293945,51.29999923706055,44.400001525878906,46.900001525878906,26550
2008-11-14,45.5,45.5,50.79999923706055,45.400001525878906,50.79999923706055,30690
2008-11-17,44.20000076293945,44.20000076293945,46.29999923706055,39.0,45.099998474121094,33650
2008-11-18,44.599998474121094,44.599998474121094,45.79999923706055,43.20000076293945,44.5,35850
2008-11-19,39.099998474121094,39.099998474121094,44.900001525878906,38.79999923706055,44.599998474121094,33470
2008-11-20,35.79999923706055,35.79999923706055,38.79999923706055,35.79999923706055,38.5,54040
2008-11-21,35.20000076293945,35.20000076293945,40.900001525878906,32.400001525878906,38.79999923706055,65320
2008-11-24,33.400001525878906,33.400001525878906,37.0,32.79999923706055,35.29999923706055,52570
2008-11-25,36.20000076293945,36.20000076293945,36.70000076293945,32.79999923706055,33.599998474121094,35700
2008-11-26,38.70000076293945,38.70000076293945,39.0,35.20000076293945,35.5,70220
2008-11-28,38.29999923706055,38.29999923706055,38.400001525878906,37.599998474121094,38.099998474121094,21910
2008-12-01,37.29999923706055,37.29999923706055,39.5,36.400001525878906,37.0,63960
2008-12-02,35.79999923706055,35.79999923706055,38.5,33.20000076293945,38.20000076293945,71000
2008-12-03,34.20000076293945,34.20000076293945,36.400001525878906,32.5,34.900001525878906,69970
2008-12-04,30.799999237060547,30.799999237060547,36.29999923706055,30.5,34.29999923706055,76390
2008-12-05,31.5,31.5,32.099998474121094,28.100000381469727,30.5,62120
2008-12-08,32.599998474121094,32.599998474121094,33.79999923706055,31.5,32.29999923706055,47450
2008-12-09,31.200000762939453,31.200000762939453,33.900001525878906,31.200000762939453,32.400001525878906,25340
2008-12-10,31.5,31.5,33.20000076293945,30.5,31.399999618530273,24090
2008-12-11,28.899999618530273,28.899999618530273,32.0,28.100000381469727,31.100000381469727,34550
2008-12-12,31.100000381469727,31.100000381469727,31.799999237060547,28.299999237060547,28.299999237060547,39470
2008-12-15,28.600000381469727,28.600000381469727,32.5,28.5,31.5,74080
2008-12-16,34.5,34.5,35.29999923706055,29.399999618530273,30.0,86480
2008-12-17,37.099998474121094,37.099998474121094,38.20000076293945,33.29999923706055,33.599998474121094,123540
2008-12-18,39.29999923706055,39.29999923706055,40.0,37.099998474121094,37.29999923706055,60990
2008-12-19,40.5,40.5,41.599998474121094,38.70000076293945,40.099998474121094,92870
2008-12-22,40.0,40.0,40.5,39.099998474121094,40.5,42630
2008-12-23,41.599998474121094,41.599998474121094,41.900001525878906,38.400001525878906,39.70000076293945,38330
2008-12-24,40.79999923706055,40.79999923706055,41.5,39.900001525878906,41.400001525878906,15170
2008-12-26,42.79999923706055,42.79999923706055,42.900001525878906,41.0,41.0,63760
2008-12-29,42.400001525878906,42.400001525878906,44.599998474121094,42.099998474121094,42.79999923706055,42540
2008-12-30,42.0,42.0,42.79999923706055,39.70000076293945,41.20000076293945,46220
2008-12-31,46.400001525878906,46.400001525878906,47.20000076293945,41.900001525878906,41.900001525878906,55540
2009-01-02,48.70000076293945,48.70000076293945,49.099998474121094,45.400001525878906,46.5,36840
2009-01-05,48.29999923706055,48.29999923706055,49.900001525878906,46.599998474121094,48.29999923706055,48390
2009-01-06,54.20000076293945,54.20000076293945,55.900001525878906,47.0,48.79999923706055,53390
2009-01-07,54.0,54.0,55.5,51.900001525878906,53.5,48000
2009-01-08,56.70000076293945,56.70000076293945,56.900001525878906,52.20000076293945,53.29999923706055,51470
2009-01-09,54.0,54.0,56.599998474121094,53.099998474121094,56.5,58370
2009-01-12,54.400001525878906,54.400001525878906,56.0,52.5,55.099998474121094,47760
2009-01-13,55.79999923706055,55.79999923706055,57.099998474121094,53.400001525878906,54.20000076293945,42140
2009-01-14,52.70000076293945,52.70000076293945,55.5,52.400001525878906,54.400001525878906,54950
2009-01-15,52.099998474121094,52.099998474121094,53.599998474121094,48.5,52.599998474121094,49890
2009-01-16,52.400001525878906,52.400001525878906,53.900001525878906,51.0,52.20000076293945,26630
2009-01-20,49.900001525878906,49.900001525878906,52.599998474121094,49.70000076293945,51.5,28040
2009-01-21,57.900001525878906,57.900001525878906,58.70000076293945,50.400001525878906,50.599998474121094,38390
2009-01-22,55.599998474121094,55.599998474121094,57.0,52.900001525878906,56.70000076293945,24170
2009-01-23,55.099998474121094,55.099998474121094,57.5,53.20000076293945,54.0,30100
2009-01-26,55.20000076293945,55.20000076293945,57.0,53.0,54.70000076293945,23620
2009-01-27,57.20000076293945,57.20000076293945,57.400001525878906,52.099998474121094,55.20000076293945,49940
2009-01-28,61.599998474121094,61.599998474121094,61.900001525878906,56.5,57.79999923706055,35540
2009-01-29,57.099998474121094,57.099998474121094,60.900001525878906,56.0,60.70000076293945,28640
2009-01-30,55.400001525878906,55.400001525878906,58.29999923706055,54.70000076293945,57.79999923706055,23510
2009-02-02,54.599998474121094,54.599998474121094,55.29999923706055,52.79999923706055,54.20000076293945,23290
2009-02-03,60.79999923706055,60.79999923706055,61.400001525878906,53.5,54.79999923706055,36990
2009-02-04,63.5,63.5,64.30000305175781,59.900001525878906,60.20000076293945,52680
2009-02-05,66.5999984741211,66.5999984741211,68.5999984741211,61.5,62.900001525878906,49200
2009-02-06,67.9000015258789,67.9000015258789,69.4000015258789,65.80000305175781,66.30000305175781,52980
2009-02-09,63.400001525878906,63.400001525878906,71.4000015258789,62.900001525878906,67.30000305175781,49240
2009-02-10,60.79999923706055,60.79999923706055,65.5999984741211,60.20000076293945,62.900001525878906,55600
2009-02-11,61.400001525878906,61.400001525878906,62.70000076293945,60.400001525878906,61.20000076293945,27630
2009-02-12,62.79999923706055,62.79999923706055,63.29999923706055,58.099998474121094,59.900001525878906,55770
2009-02-13,63.400001525878906,63.400001525878906,66.80000305175781,55.900001525878906,63.0,61790
2009-02-17,65.5,65.5,67.30000305175781,61.599998474121094,62.5,36130
2009-02-18,62.900001525878906,62.900001525878906,66.4000015258789,62.099998474121094,64.0,86610
2009-02-19,63.0,63.0,66.9000015258789,62.599998474121094,63.400001525878906,75300
2009-02-20,65.0999984741211,65.0999984741211,66.9000015258789,62.29999923706055,62.29999923706055,64020
2009-02-23,65.80000305175781,65.80000305175781,67.4000015258789,64.30000305175781,65.0,45940
2009-02-24,65.69999694824219,65.69999694824219,67.4000015258789,64.5999984741211,66.4000015258789,57030
2009-02-25,62.70000076293945,62.70000076293945,66.4000015258789,59.79999923706055,65.5,106990
2009-02-26,62.5,62.5,64.4000015258789,61.099998474121094,62.599998474121094,63120
2009-02-27,54.599998474121094,54.599998474121094,59.0,50.400001525878906,58.400001525878906,93730
2009-03-02,53.79999923706055,53.79999923706055,54.79999923706055,51.599998474121094,53.0,54790
2009-03-03,51.29999923706055,51.29999923706055,55.29999923706055,51.29999923706055,54.20000076293945,58170
2009-03-04,51.70000076293945,51.70000076293945,53.5,49.900001525878906,52.29999923706055,65860
2009-03-05,53.79999923706055,53.79999923706055,54.70000076293945,50.599998474121094,51.0,56950
2009-03-06,57.5,57.5,58.0,52.099998474121094,54.20000076293945,52150
2009-03-09,51.29999923706055,51.29999923706055,57.900001525878906,51.099998474121094,56.79999923706055,58650
2009-03-10,51.900001525878906,51.900001525878906,53.099998474121094,50.70000076293945,52.20000076293945,47360
2009-03-11,53.20000076293945,53.20000076293945,54.79999923706055,51.599998474121094,52.0,35180
2009-03-12,57.20000076293945,57.20000076293945,57.5,51.599998474121094,52.79999923706055,32360
2009-03-13,55.099998474121094,55.099998474121094,57.20000076293945,54.599998474121094,57.20000076293945,29770
2009-03-16,54.599998474121094,54.599998474121094,56.70000076293945,54.0,55.70000076293945,23300
2009-03-17,57.0,57.0,57.0,53.0,54.29999923706055,36540
2009-03-18,58.0,58.0,58.0,54.29999923706055,54.400001525878906,38440
2009-03-19,59.20000076293945,59.20000076293945,59.70000076293945,58.0,58.5,23210
2009-03-20,59.5,59.5,62.400001525878906,59.5,59.79999923706055,37510
2009-03-23,59.70000076293945,59.70000076293945,61.599998474121094,58.0,61.20000076293945,39970
2009-03-24,61.400001525878906,61.400001525878906,62.5,57.900001525878906,58.79999923706055,43570
2009-03-25,60.900001525878906,60.900001525878906,62.900001525878906,58.599998474121094,61.70000076293945,26080
2009-03-26,60.29999923706055,60.29999923706055,61.599998474121094,58.599998474121094,60.70000076293945,26160
2009-03-27,56.099998474121094,56.099998474121094,60.0,56.099998474121094,59.20000076293945,20050
2009-03-30,57.599998474121094,57.599998474121094,58.900001525878906,53.099998474121094,54.79999923706055,43420
2009-03-31,56.20000076293945,56.20000076293945,58.5,55.5,58.0,42670
2009-04-01,61.5,61.5,61.5,55.70000076293945,56.0,57810
2009-04-02,66.69999694824219,66.69999694824219,68.5999984741211,62.5,62.5,43280
2009-04-03,69.69999694824219,69.69999694824219,70.0999984741211,66.4000015258789,66.4000015258789,48440
2009-04-06,68.80000305175781,68.80000305175781,69.5,65.0,69.0999984741211,83130
2009-04-07,66.0999984741211,66.0999984741211,69.5999984741211,65.5,67.80000305175781,49020
2009-04-08,67.69999694824219,67.69999694824219,67.80000305175781,65.19999694824219,66.30000305175781,30190
2009-04-09,72.5999984741211,72.5999984741211,73.30000305175781,67.80000305175781,68.5999984741211,36250
2009-04-13,72.0999984741211,72.0999984741211,72.69999694824219,68.5,72.0999984741211,24290
2009-04-14,69.19999694824219,69.19999694824219,71.0999984741211,68.9000015258789,70.30000305175781,46070
2009-04-15,68.4000015258789,68.4000015258789,70.19999694824219,67.5,68.69999694824219,48840
2009-04-16,71.0999984741211,71.0999984741211,71.9000015258789,67.5,69.19999694824219,30540
2009-04-17,73.5,73.5,75.0999984741211,69.80000305175781,71.5,31320
2009-04-20,67.80000305175781,67.80000305175781,72.0999984741211,66.0,72.0,33200
2009-04-21,69.0,69.0,69.5999984741211,67.9000015258789,68.0,25720
2009-04-22,70.69999694824219,70.69999694824219,72.9000015258789,68.4000015258789,68.4000015258789,31860
2009-04-23,68.0999984741211,68.0999984741211,71.19999694824219,66.80000305175781,70.69999694824219,30750
2009-04-24,68.69999694824219,68.69999694824219,69.19999694824219,65.80000305175781,68.5,32340
2009-04-27,68.0,68.0,69.30000305175781,67.19999694824219,67.5999984741211,25490
2009-04-28,65.0,65.0,68.30000305175781,63.70000076293945,67.19999694824219,35570
2009-04-29,67.80000305175781,67.80000305175781,69.5,65.30000305175781,65.30000305175781,30390
2009-04-30,68.5,68.5,71.9000015258789,67.80000305175781,68.0999984741211,35410
2009-05-01,72.69999694824219,72.69999694824219,75.0,69.4000015258789,69.4000015258789,50700
2009-05-04,72.4000015258789,72.4000015258789,73.5,71.19999694824219,73.0999984741211,22550
2009-05-05,77.5,77.5,77.9000015258789,70.0999984741211,72.30000305175781,43660
2009-05-06,77.5,77.5,79.69999694824219,75.9000015258789,77.5,52540
2009-05-07,86.0999984741211,86.0999984741211,92.5,79.5999984741211,79.69999694824219,171030
2009-05-08,101.9000015258789,101.9000015258789,103.5,88.5,95.0,189030
2009-05-11,100.0,100.0,108.5,98.4000015258789,102.69999694824219,116130
2009-05-12,94.5,94.5,100.5,93.5,100.0,87110
2009-05-13,90.0999984741211,90.0999984741211,94.19999694824219,89.0999984741211,93.5,80870
2009-05-14,97.5,97.5,99.5,87.80000305175781,90.69999694824219,91600
2009-05-15,101.0,101.0,104.9000015258789,97.0,98.19999694824219,63980
2009-05-18,102.0,102.0,104.0,98.5,101.0,64980
2009-05-19,110.0999984741211,110.0999984741211,112.80000305175781,100.19999694824219,100.9000015258789,79950
2009-05-20,111.19999694824219,111.19999694824219,118.80000305175781,110.0999984741211,116.30000305175781,79420
2009-05-21,110.5,110.5,111.30000305175781,108.19999694824219,110.5,43000
2009-05-22,106.69999694824219,106.69999694824219,112.30000305175781,106.5999984741211,111.0,63270
2009-05-26,112.5999984741211,112.5999984741211,112.9000015258789,106.0999984741211,107.30000305175781,83760
2009-05-27,107.0,107.0,114.4000015258789,105.80000305175781,112.69999694824219,65550
2009-05-28,108.5999984741211,108.5999984741211,111.5999984741211,104.4000015258789,108.0999984741211,65680
2009-05-29,116.80000305175781,116.80000305175781,117.69999694824219,110.0999984741211,110.0999984741211,84680
2009-06-01,115.5999984741211,115.5999984741211,123.0,114.19999694824219,117.0,69960
2009-06-02,114.19999694824219,114.19999694824219,116.0999984741211,111.4000015258789,116.0999984741211,60990
2009-06-03,106.5999984741211,106.5999984741211,114.0999984741211,104.9000015258789,113.9000015258789,63620
2009-06-04,106.0999984741211,106.0999984741211,108.0,100.19999694824219,107.0,88950
2009-06-05,109.4000015258789,109.4000015258789,110.19999694824219,105.0999984741211,107.80000305175781,59080
2009-06-08,101.5,101.5,108.69999694824219,99.30000305175781,107.4000015258789,58490
2009-06-09,102.30000305175781,102.30000305175781,105.80000305175781,101.69999694824219,103.4000015258789,48580
2009-06-10,95.5999984741211,95.5999984741211,108.30000305175781,92.30000305175781,106.0,117130
2009-06-11,97.80000305175781,97.80000305175781,100.0,95.5999984741211,96.0,77100
2009-06-12,98.5,98.5,100.0999984741211,95.5999984741211,97.5,132600
2009-06-15,97.19999694824219,97.19999694824219,98.5999984741211,96.19999694824219,98.5999984741211,81740
2009-06-16,93.5,93.5,97.9000015258789,92.80000305175781,97.9000015258789,77120
2009-06-17,93.30000305175781,93.30000305175781,97.5,92.0,93.80000305175781,46870
2009-06-18,94.0,94.0,96.0,92.5,93.30000305175781,42170
2009-06-19,95.80000305175781,95.80000305175781,98.0,93.9000015258789,95.30000305175781,104180
2009-06-22,87.69999694824219,87.69999694824219,94.19999694824219,87.0999984741211,94.19999694824219,116250
2009-06-23,85.9000015258789,85.9000015258789,89.5999984741211,85.4000015258789,89.30000305175781,81530
2009-06-24,86.19999694824219,86.19999694824219,90.5999984741211,86.0,86.0,61360
2009-06-25,90.5999984741211,90.5999984741211,90.5999984741211,86.0999984741211,86.0999984741211,55030
2009-06-26,89.30000305175781,89.30000305175781,91.5999984741211,88.5,89.0999984741211,145460
2009-06-29,91.19999694824219,91.19999694824219,92.0999984741211,86.19999694824219,89.5999984741211,53120
2009-06-30,90.19999694824219,90.19999694824219,93.0999984741211,89.0999984741211,91.69999694824219,57540
2009-07-01,93.5,93.5,94.19999694824219,89.0,91.0,42960
2009-07-02,90.0999984741211,90.0999984741211,92.0,89.5,92.0,44650
2009-07-06,89.5999984741211,89.5999984741211,90.4000015258789,86.9000015258789,90.0,71870
2009-07-07,85.69999694824219,85.69999694824219,90.0,85.5999984741211,89.5,59880
2009-07-08,85.19999694824219,85.19999694824219,87.5,83.19999694824219,86.4000015258789,41610
2009-07-09,88.19999694824219,88.19999694824219,88.5999984741211,85.19999694824219,85.4000015258789,39530
2009-07-10,86.69999694824219,86.69999694824219,88.0,84.80000305175781,88.0,32200
2009-07-13,89.0999984741211,89.0999984741211,89.0999984741211,84.69999694824219,87.19999694824219,32100
2009-07-14,88.80000305175781,88.80000305175781,89.9000015258789,87.5,88.80000305175781,17200
2009-07-15,92.9000015258789,92.9000015258789,93.69999694824219,89.19999694824219,90.0,48020
2009-07-16,93.4000015258789,93.4000015258789,93.9000015258789,90.5,91.5,18180
2009-07-17,90.0,90.0,93.19999694824219,88.9000015258789,93.19999694824219,30020
2009-07-20,92.0,92.0,92.19999694824219,88.5,90.0999984741211,28530
2009-07-21,96.19999694824219,96.19999694824219,97.0999984741211,90.30000305175781,92.19999694824219,40450
2009-07-22,96.5999984741211,96.5999984741211,97.9000015258789,93.80000305175781,94.9000015258789,34880
2009-07-23,96.4000015258789,96.4000015258789,97.5999984741211,94.0999984741211,96.80000305175781,37390
2009-07-24,93.80000305175781,93.80000305175781,96.5,90.5999984741211,96.30000305175781,27490
2009-07-27,93.0,93.0,94.0999984741211,90.19999694824219,92.5999984741211,38560
2009-07-28,89.0,89.0,93.0,88.19999694824219,92.0,42590
2009-07-29,85.69999694824219,85.69999694824219,88.9000015258789,83.19999694824219,88.9000015258789,81840
2009-07-30,92.30000305175781,92.30000305175781,93.30000305175781,86.0999984741211,86.30000305175781,95690
2009-07-31,94.80000305175781,94.80000305175781,113.69999694824219,94.69999694824219,110.5999984741211,373010
2009-08-03,103.0999984741211,103.0999984741211,103.5999984741211,96.5999984741211,97.0,149880
2009-08-04,101.30000305175781,101.30000305175781,103.69999694824219,99.5,103.19999694824219,74800
2009-08-05,107.80000305175781,107.80000305175781,108.0999984741211,98.0999984741211,102.5,152180
2009-08-06,102.5999984741211,102.5999984741211,110.5,101.80000305175781,107.9000015258789,52720
2009-08-07,103.5999984741211,103.5999984741211,104.80000305175781,101.80000305175781,104.0,36400
2009-08-10,104.4000015258789,104.4000015258789,106.4000015258789,102.0,103.19999694824219,42660
2009-08-11,105.0999984741211,105.0999984741211,106.30000305175781,103.19999694824219,104.4000015258789,61910
2009-08-12,103.5999984741211,103.5999984741211,106.5,103.5,104.4000015258789,66620
2009-08-13,101.80000305175781,101.80000305175781,105.4000015258789,100.0,105.0,74590
2009-08-14,101.5,101.5,102.4000015258789,100.0,102.0999984741211,61240
2009-08-17,99.80000305175781,99.80000305175781,100.4000015258789,97.0999984741211,98.5999984741211,78150
2009-08-18,101.0999984741211,101.0999984741211,102.5,99.80000305175781,100.69999694824219,72030
2009-08-19,101.69999694824219,101.69999694824219,102.30000305175781,98.9000015258789,99.4000015258789,58560
2009-08-20,99.4000015258789,99.4000015258789,103.30000305175781,98.9000015258789,101.30000305175781,129510
2009-08-21,101.4000015258789,101.4000015258789,102.69999694824219,100.0999984741211,101.19999694824219,55110
2009-08-24,102.69999694824219,102.69999694824219,103.0999984741211,100.80000305175781,102.30000305175781,47080
2009-08-25,101.0999984741211,101.0999984741211,105.0,100.4000015258789,103.0,47990
2009-08-26,100.30000305175781,100.30000305175781,102.0,100.19999694824219,101.0999984741211,33980
2009-08-27,97.9000015258789,97.9000015258789,101.0999984741211,95.80000305175781,100.80000305175781,61270
2009-08-28,98.4000015258789,98.4000015258789,102.30000305175781,98.0,99.0,67690
2009-08-31,96.5,96.5,99.9000015258789,96.19999694824219,97.4000015258789,51740
2009-09-01,93.19999694824219,93.19999694824219,98.30000305175781,91.9000015258789,96.30000305175781,68270
2009-09-02,92.69999694824219,92.69999694824219,93.30000305175781,92.0,92.69999694824219,34290
2009-09-03,94.80000305175781,94.80000305175781,94.80000305175781,92.0,93.0,38900
2009-09-04,111.0999984741211,111.0999984741211,112.5999984741211,95.5999984741211,95.80000305175781,216090
2009-09-08,110.9000015258789,110.9000015258789,113.5,107.0999984741211,113.0999984741211,117560
2009-09-09,119.19999694824219,119.19999694824219,121.80000305175781,111.30000305175781,111.30000305175781,193130
2009-09-10,128.60000610351562,128.60000610351562,129.0,119.5999984741211,120.0,194290
2009-09-11,127.69999694824219,127.69999694824219,135.0,125.0,129.5,132170
2009-09-14,126.0999984741211,126.0999984741211,127.4000015258789,124.69999694824219,126.5,64130
2009-09-15,128.6999969482422,128.6999969482422,129.89999389648438,123.19999694824219,125.69999694824219,78550
2009-09-16,131.89999389648438,131.89999389648438,132.5,127.30000305175781,129.3000030517578,80780
2009-09-17,130.39999389648438,130.39999389648438,137.0,129.1999969482422,132.1999969482422,226900
2009-09-18,119.4000015258789,119.4000015258789,131.3000030517578,116.9000015258789,130.6999969482422,198280
2009-09-21,119.80000305175781,119.80000305175781,120.9000015258789,116.9000015258789,117.30000305175781,62650
2009-09-22,112.5999984741211,112.5999984741211,120.0,110.69999694824219,118.80000305175781,187320
2009-09-23,114.0,114.0,118.19999694824219,112.30000305175781,114.5999984741211,131090
2009-09-24,111.0999984741211,111.0999984741211,116.5999984741211,110.30000305175781,114.0,62860
2009-09-25,109.19999694824219,109.19999694824219,111.5999984741211,106.0,110.80000305175781,80120
2009-09-28,114.69999694824219,114.69999694824219,115.5,110.0,110.4000015258789,65470
2009-09-29,112.4000015258789,112.4000015258789,114.9000015258789,111.19999694824219,114.5999984741211,36680
2009-09-30,113.5999984741211,113.5999984741211,115.0,109.9000015258789,114.0,59960
2009-10-01,106.80000305175781,106.80000305175781,113.9000015258789,106.80000305175781,113.5,60310
2009-10-02,106.80000305175781,106.80000305175781,107.5,104.19999694824219,106.19999694824219,54880
2009-10-05,111.9000015258789,111.9000015258789,112.80000305175781,107.69999694824219,108.19999694824219,50370
2009-10-06,113.4000015258789,113.4000015258789,115.0,111.0999984741211,114.4000015258789,85880
2009-10-07,116.19999694824219,116.19999694824219,117.80000305175781,112.19999694824219,112.69999694824219,58660
2009-10-08,115.30000305175781,115.30000305175781,119.9000015258789,114.80000305175781,117.69999694824219,72930
2009-10-09,113.69999694824219,113.69999694824219,115.80000305175781,111.0,115.80000305175781,79170
2009-10-12,123.0999984741211,123.0999984741211,124.0,115.5999984741211,116.30000305175781,203080
2009-10-13,121.80000305175781,121.80000305175781,124.69999694824219,120.5,123.9000015258789,74560
2009-10-14,122.4000015258789,122.4000015258789,125.0,121.0999984741211,124.80000305175781,76570
2009-10-15,121.0999984741211,121.0999984741211,123.5999984741211,120.19999694824219,122.0,50690
2009-10-16,118.19999694824219,118.19999694824219,121.5,116.30000305175781,120.0,59210
2009-10-19,120.19999694824219,120.19999694824219,122.30000305175781,117.80000305175781,118.9000015258789,41100
2009-10-20,118.30000305175781,118.30000305175781,122.0999984741211,117.5,120.80000305175781,71740
2009-10-21,118.69999694824219,118.69999694824219,121.19999694824219,116.80000305175781,118.4000015258789,80190
2009-10-22,115.4000015258789,115.4000015258789,118.19999694824219,113.5999984741211,118.19999694824219,72010
2009-10-23,110.9000015258789,110.9000015258789,117.69999694824219,110.0,116.30000305175781,63380
2009-10-26,123.5999984741211,123.5999984741211,127.19999694824219,121.5999984741211,123.4000015258789,334050
2009-10-27,121.19999694824219,121.19999694824219,127.0999984741211,120.0,126.0,129230
2009-10-28,119.69999694824219,119.69999694824219,124.5,114.30000305175781,121.9000015258789,173320
2009-10-29,121.9000015258789,121.9000015258789,123.30000305175781,114.5,121.0,246360
2009-10-30,89.19999694824219,89.19999694824219,96.0,85.80000305175781,95.5,1448630
2009-11-02,88.30000305175781,88.30000305175781,92.19999694824219,86.5999984741211,91.5,464940
2009-11-03,91.4000015258789,91.4000015258789,91.80000305175781,85.0,88.0,337980
2009-11-04,91.0999984741211,91.0999984741211,93.0999984741211,90.5,91.5,169330
2009-11-05,93.0,93.0,93.19999694824219,91.0,92.19999694824219,130860
2009-11-06,92.9000015258789,92.9000015258789,94.5,91.0,92.4000015258789,104290
2009-11-09,93.69999694824219,93.69999694824219,94.9000015258789,92.9000015258789,93.9000015258789,135650
2009-11-10,92.4000015258789,92.4000015258789,94.30000305175781,91.9000015258789,94.0,98440
2009-11-11,91.19999694824219,91.19999694824219,93.80000305175781,90.69999694824219,93.4000015258789,88070
2009-11-12,90.30000305175781,90.30000305175781,92.9000015258789,90.0,90.5999984741211,87170
2009-11-13,88.69999694824219,88.69999694824219,91.5,88.30000305175781,91.5,92930
2009-11-16,91.80000305175781,91.80000305175781,92.5,89.5,89.69999694824219,111550
2009-11-17,90.30000305175781,90.30000305175781,92.69999694824219,89.0999984741211,91.0,77310
2009-11-18,89.9000015258789,89.9000015258789,92.0,88.9000015258789,90.30000305175781,67070
2009-11-19,88.30000305175781,88.30000305175781,89.9000015258789,87.9000015258789,89.19999694824219,129180
2009-11-20,88.5999984741211,88.5999984741211,89.4000015258789,86.5,87.80000305175781,77630
2009-11-23,88.80000305175781,88.80000305175781,90.69999694824219,88.0,90.0,65160
2009-11-24,87.5999984741211,87.5999984741211,89.69999694824219,86.69999694824219,88.80000305175781,57630
2009-11-25,87.5999984741211,87.5999984741211,89.30000305175781,86.80000305175781,88.19999694824219,73860
2009-11-27,86.4000015258789,86.4000015258789,87.30000305175781,85.0,85.0999984741211,25570
2009-11-30,83.80000305175781,83.80000305175781,87.4000015258789,83.30000305175781,86.5,84720
2009-12-01,85.9000015258789,85.9000015258789,86.69999694824219,83.5999984741211,85.30000305175781,88880
2009-12-02,85.30000305175781,85.30000305175781,87.0,85.0,86.0,48230
2009-12-03,85.4000015258789,85.4000015258789,88.30000305175781,85.30000305175781,85.30000305175781,48860
2009-12-04,86.5999984741211,86.5999984741211,88.0,85.0,86.80000305175781,69930
2009-12-07,87.0999984741211,87.0999984741211,87.9000015258789,84.9000015258789,85.5999984741211,65820
2009-12-08,81.9000015258789,81.9000015258789,87.0,81.0999984741211,86.19999694824219,147330
2009-12-09,81.0,81.0,82.30000305175781,78.0,81.69999694824219,143930
2009-12-10,80.0999984741211,80.0999984741211,81.0999984741211,78.0,80.5,87330
2009-12-11,80.19999694824219,80.19999694824219,81.19999694824219,79.69999694824219,81.19999694824219,64500
2009-12-14,81.4000015258789,81.4000015258789,81.5,79.30000305175781,80.0,83090
2009-12-15,79.5,79.5,82.80000305175781,78.9000015258789,82.5,158270
2009-12-16,78.9000015258789,78.9000015258789,80.5999984741211,78.5999984741211,80.30000305175781,118960
2009-12-17,77.69999694824219,77.69999694824219,79.69999694824219,76.19999694824219,78.5999984741211,117960
2009-12-18,78.0,78.0,78.69999694824219,76.0,78.69999694824219,189340
2009-12-21,78.9000015258789,78.9000015258789,80.0999984741211,77.4000015258789,79.19999694824219,102930
2009-12-22,81.19999694824219,81.19999694824219,82.80000305175781,79.19999694824219,79.19999694824219,107430
2009-12-23,80.0999984741211,80.0999984741211,81.9000015258789,79.69999694824219,81.4000015258789,52690
2009-12-24,82.0,82.0,82.0999984741211,80.0999984741211,80.80000305175781,51220
2009-12-28,80.5,80.5,82.4000015258789,80.4000015258789,81.5999984741211,45350
2009-12-29,80.19999694824219,80.19999694824219,81.4000015258789,79.80000305175781,80.5999984741211,50330
2009-12-30,79.9000015258789,79.9000015258789,81.0,79.4000015258789,80.19999694824219,67570
2009-12-31,79.69999694824219,79.69999694824219,81.69999694824219,78.9000015258789,80.0,127020
2010-01-04,83.69999694824219,83.69999694824219,83.80000305175781,80.0999984741211,80.30000305175781,131960
2010-01-05,82.19999694824219,82.19999694824219,84.9000015258789,81.0,83.69999694824219,111370
2010-01-06,81.30000305175781,81.30000305175781,83.19999694824219,80.80000305175781,82.30000305175781,67720
2010-01-07,85.5,85.5,87.30000305175781,81.5,81.5,278050
2010-01-08,84.19999694824219,84.19999694824219,85.4000015258789,83.4000015258789,85.4000015258789,98730
2010-01-11,82.5999984741211,82.5999984741211,84.0,81.30000305175781,84.0,99980
2010-01-12,80.4000015258789,80.4000015258789,82.5,79.4000015258789,81.4000015258789,70700
2010-01-13,81.0999984741211,81.0999984741211,81.69999694824219,77.9000015258789,80.69999694824219,66880
2010-01-14,81.0,81.0,81.5,79.0999984741211,80.5,67070
2010-01-15,78.4000015258789,78.4000015258789,81.5,78.19999694824219,81.19999694824219,73510
2010-01-19,77.69999694824219,77.69999694824219,78.9000015258789,76.80000305175781,78.30000305175781,92520
2010-01-20,78.0999984741211,78.0999984741211,78.5999984741211,76.5,76.80000305175781,55200
2010-01-21,79.80000305175781,79.80000305175781,80.80000305175781,77.9000015258789,78.5,86480
2010-01-22,78.69999694824219,78.69999694824219,80.0999984741211,77.80000305175781,79.5,71460
2010-01-25,80.0,80.0,81.0999984741211,77.69999694824219,79.5,80470
2010-01-26,83.19999694824219,83.19999694824219,83.19999694824219,78.9000015258789,79.9000015258789,136630
2010-01-27,84.30000305175781,84.30000305175781,88.5999984741211,82.5,83.0,239830
2010-01-28,79.19999694824219,79.19999694824219,84.19999694824219,78.9000015258789,84.0999984741211,120070
2010-01-29,74.80000305175781,74.80000305175781,80.0,74.5,80.0,193680
2010-02-01,75.9000015258789,75.9000015258789,77.0999984741211,74.69999694824219,74.80000305175781,61020
2010-02-02,75.5,75.5,76.4000015258789,74.5,75.9000015258789,82300
2010-02-03,74.19999694824219,74.19999694824219,75.9000015258789,74.0,75.30000305175781,55310
2010-02-04,71.69999694824219,71.69999694824219,74.0,69.80000305175781,73.9000015258789,160920
2010-02-05,73.5,73.5,73.5999984741211,71.5,72.0999984741211,75770
2010-02-08,72.80000305175781,72.80000305175781,74.19999694824219,72.5,73.19999694824219,25320
2010-02-09,71.0,71.0,73.80000305175781,70.30000305175781,73.80000305175781,64220
2010-02-10,71.30000305175781,71.30000305175781,71.80000305175781,69.19999694824219,71.0,53040
2010-02-11,72.9000015258789,72.9000015258789,73.4000015258789,69.5,70.80000305175781,55620
2010-02-12,73.80000305175781,73.80000305175781,74.0999984741211,71.4000015258789,71.69999694824219,34520
2010-02-16,74.69999694824219,74.69999694824219,74.69999694824219,73.30000305175781,74.5,34700
2010-02-17,75.0999984741211,75.0999984741211,75.5,73.80000305175781,75.0,33960
2010-02-18,75.5,75.5,75.5,73.4000015258789,75.0,23980
2010-02-19,75.80000305175781,75.80000305175781,76.0999984741211,74.4000015258789,75.5,38780
2010-02-22,75.5,75.5,76.30000305175781,74.5999984741211,75.5999984741211,24610
2010-02-23,74.30000305175781,74.30000305175781,75.69999694824219,73.69999694824219,75.4000015258789,33040
2010-02-24,71.19999694824219,71.19999694824219,74.0999984741211,70.30000305175781,74.0999984741211,94640
2010-02-25,73.5,73.5,73.9000015258789,70.5,71.19999694824219,93940
2010-02-26,66.80000305175781,66.80000305175781,69.5,64.0,65.5,385710
2010-03-01,65.5,65.5,66.9000015258789,63.79999923706055,66.5999984741211,169390
2010-03-02,66.5999984741211,66.5999984741211,67.0,64.5,65.5,90190
2010-03-03,67.5999984741211,67.5999984741211,68.19999694824219,65.69999694824219,66.5,83490
2010-03-04,68.0999984741211,68.0999984741211,68.30000305175781,66.0999984741211,67.5,55390
2010-03-05,69.5999984741211,69.5999984741211,69.5999984741211,67.5,68.4000015258789,57790
2010-03-08,69.69999694824219,69.69999694824219,71.0,68.80000305175781,69.9000015258789,66010
2010-03-09,69.30000305175781,69.30000305175781,70.4000015258789,68.69999694824219,69.30000305175781,33190
2010-03-10,70.5999984741211,70.5999984741211,70.9000015258789,69.0,69.0,66710
2010-03-11,69.5,69.5,70.80000305175781,68.80000305175781,70.0,60180
2010-03-12,68.0999984741211,68.0999984741211,70.0,67.5,70.0,78250
2010-03-15,68.5999984741211,68.5999984741211,68.69999694824219,67.5,67.69999694824219,24360
2010-03-16,69.5,69.5,69.9000015258789,68.30000305175781,68.5999984741211,55930
2010-03-17,68.69999694824219,68.69999694824219,69.9000015258789,68.5,69.5,42040
2010-03-18,68.9000015258789,68.9000015258789,69.69999694824219,67.69999694824219,68.4000015258789,42450
2010-03-19,68.0999984741211,68.0999984741211,69.4000015258789,67.0,69.19999694824219,54940
2010-03-22,68.9000015258789,68.9000015258789,69.19999694824219,67.4000015258789,67.9000015258789,36680
2010-03-23,69.9000015258789,69.9000015258789,70.0,68.5,68.69999694824219,33360
2010-03-24,67.5999984741211,67.5999984741211,69.80000305175781,67.30000305175781,69.5,55600
2010-03-25,67.4000015258789,67.4000015258789,68.5999984741211,67.30000305175781,68.19999694824219,47430
2010-03-26,67.4000015258789,67.4000015258789,67.9000015258789,66.0999984741211,67.9000015258789,49250
2010-03-29,65.5999984741211,65.5999984741211,68.0,64.4000015258789,67.69999694824219,85380
2010-03-30,67.0999984741211,67.0999984741211,67.30000305175781,65.4000015258789,65.5999984741211,39500
2010-03-31,67.30000305175781,67.30000305175781,67.9000015258789,66.30000305175781,66.69999694824219,41950
2010-04-01,67.0,67.0,68.19999694824219,66.0,67.4000015258789,27780
2010-04-05,66.80000305175781,66.80000305175781,68.0,66.19999694824219,66.9000015258789,49430
2010-04-06,69.80000305175781,69.80000305175781,69.9000015258789,66.69999694824219,66.80000305175781,65310
2010-04-07,68.5,68.5,69.9000015258789,67.80000305175781,69.5999984741211,44750
2010-04-08,67.4000015258789,67.4000015258789,68.5,66.69999694824219,68.0,67050
2010-04-09,67.5999984741211,67.5999984741211,67.69999694824219,66.69999694824219,67.69999694824219,31670
2010-04-12,68.0,68.0,69.30000305175781,67.5,67.5999984741211,85440
2010-04-13,67.9000015258789,67.9000015258789,69.0,67.5,68.0,41990
2010-04-14,69.5999984741211,69.5999984741211,70.0,68.0,68.0999984741211,64310
2010-04-15,68.80000305175781,68.80000305175781,71.0,68.4000015258789,70.0,50510
2010-04-16,67.69999694824219,67.69999694824219,69.5,67.5,68.80000305175781,41710
2010-04-19,68.19999694824219,68.19999694824219,68.19999694824219,66.30000305175781,67.4000015258789,29680
2010-04-20,69.0999984741211,69.0999984741211,69.80000305175781,67.80000305175781,68.0999984741211,47140
2010-04-21,70.5999984741211,70.5999984741211,71.19999694824219,68.80000305175781,69.4000015258789,82460
2010-04-22,70.80000305175781,70.80000305175781,71.30000305175781,68.5,70.0999984741211,65770
2010-04-23,71.0,71.0,71.30000305175781,69.9000015258789,70.80000305175781,40530
2010-04-26,72.0999984741211,72.0999984741211,72.5999984741211,70.19999694824219,70.80000305175781,37280
2010-04-27,70.69999694824219,70.69999694824219,73.19999694824219,70.19999694824219,71.69999694824219,47750
2010-04-28,70.69999694824219,70.69999694824219,71.9000015258789,70.19999694824219,71.0,33840
2010-04-29,71.30000305175781,71.30000305175781,72.5,70.69999694824219,70.9000015258789,37420
2010-04-30,68.5,68.5,71.69999694824219,68.5,71.0999984741211,47350
2010-05-03,68.5999984741211,68.5999984741211,69.19999694824219,67.19999694824219,68.80000305175781,41180
2010-05-04,61.5,61.5,68.0999984741211,60.900001525878906,68.0999984741211,172840
2010-05-05,60.70000076293945,60.70000076293945,62.20000076293945,60.20000076293945,60.900001525878906,59030
2010-05-06,60.5,60.5,62.0,56.0,61.29999923706055,89370
2010-05-07,60.900001525878906,60.900001525878906,62.0,58.900001525878906,61.599998474121094,135360
2010-05-10,60.0,60.0,62.599998474121094,59.900001525878906,61.900001525878906,65400
2010-05-11,60.400001525878906,60.400001525878906,61.29999923706055,58.400001525878906,59.0,63480
2010-05-12,62.70000076293945,62.70000076293945,62.70000076293945,60.29999923706055,60.79999923706055,50690
2010-05-13,61.900001525878906,61.900001525878906,63.29999923706055,61.70000076293945,62.20000076293945,52650
2010-05-14,60.900001525878906,60.900001525878906,61.79999923706055,60.20000076293945,61.5,49970
2010-05-17,61.5,61.5,61.70000076293945,60.400001525878906,60.599998474121094,67600
2010-05-18,61.0,61.0,62.400001525878906,60.599998474121094,61.79999923706055,57870
2010-05-19,60.20000076293945,60.20000076293945,61.599998474121094,59.900001525878906,61.0,53420
2010-05-20,58.5,58.5,60.5,58.5,58.79999923706055,96590
2010-05-21,59.900001525878906,59.900001525878906,62.099998474121094,58.400001525878906,58.5,72570
2010-05-24,58.5,58.5,60.70000076293945,58.5,60.0,44930
2010-05-25,59.400001525878906,59.400001525878906,60.29999923706055,56.599998474121094,58.0,94050
2010-05-26,60.29999923706055,60.29999923706055,62.0,59.900001525878906,60.20000076293945,74260
2010-05-27,62.20000076293945,62.20000076293945,62.29999923706055,60.29999923706055,61.70000076293945,43950
2010-05-28,61.5,61.5,62.20000076293945,61.0,61.79999923706055,38250
2010-06-01,60.0,60.0,62.099998474121094,59.900001525878906,61.29999923706055,58150
2010-06-02,62.20000076293945,62.20000076293945,62.5,59.599998474121094,60.0,43470
2010-06-03,63.5,63.5,63.5,61.70000076293945,61.900001525878906,39250
2010-06-04,60.0,60.0,62.70000076293945,60.0,62.20000076293945,49650
2010-06-07,58.29999923706055,58.29999923706055,61.900001525878906,58.20000076293945,60.599998474121094,41570
2010-06-08,57.400001525878906,57.400001525878906,59.20000076293945,56.70000076293945,58.29999923706055,62450
2010-06-09,56.20000076293945,56.20000076293945,58.5,56.20000076293945,58.099998474121094,50340
2010-06-10,57.0,57.0,58.400001525878906,56.20000076293945,57.0,34160
2010-06-11,59.400001525878906,59.400001525878906,59.5,56.400001525878906,56.599998474121094,30270
2010-06-14,58.099998474121094,58.099998474121094,61.099998474121094,57.79999923706055,59.70000076293945,29550
2010-06-15,60.79999923706055,60.79999923706055,61.099998474121094,57.900001525878906,58.29999923706055,46480
2010-06-16,60.099998474121094,60.099998474121094,60.599998474121094,59.70000076293945,60.400001525878906,37270
2010-06-17,59.79999923706055,59.79999923706055,60.400001525878906,59.099998474121094,60.29999923706055,18410
2010-06-18,60.0,60.0,61.0,58.900001525878906,60.20000076293945,24850
2010-06-21,59.400001525878906,59.400001525878906,61.599998474121094,59.0,60.70000076293945,35280
2010-06-22,57.900001525878906,57.900001525878906,60.400001525878906,57.70000076293945,59.5,28850
2010-06-23,58.599998474121094,58.599998474121094,59.400001525878906,57.599998474121094,58.0,35610
2010-06-24,57.0,57.0,58.79999923706055,56.79999923706055,58.0,31500
2010-06-25,59.0,59.0,59.400001525878906,56.79999923706055,57.400001525878906,187810
2010-06-28,58.599998474121094,58.599998474121094,59.70000076293945,57.599998474121094,58.900001525878906,35410
2010-06-29,57.29999923706055,57.29999923706055,58.29999923706055,56.5,57.70000076293945,45650
2010-06-30,57.400001525878906,57.400001525878906,58.400001525878906,55.599998474121094,57.0,38530
2010-07-01,58.599998474121094,58.599998474121094,58.900001525878906,56.20000076293945,57.29999923706055,33590
2010-07-02,56.900001525878906,56.900001525878906,58.70000076293945,56.599998474121094,58.70000076293945,51530
2010-07-06,54.79999923706055,54.79999923706055,57.599998474121094,54.599998474121094,57.599998474121094,47040
2010-07-07,56.70000076293945,56.70000076293945,56.900001525878906,54.79999923706055,54.79999923706055,44310
2010-07-08,57.599998474121094,57.599998474121094,57.70000076293945,56.400001525878906,57.400001525878906,28450
2010-07-09,57.29999923706055,57.29999923706055,57.900001525878906,56.5,57.400001525878906,19330
2010-07-12,58.20000076293945,58.20000076293945,58.70000076293945,56.70000076293945,57.29999923706055,33800
2010-07-13,60.20000076293945,60.20000076293945,60.5,58.70000076293945,59.099998474121094,50000
2010-07-14,61.20000076293945,61.20000076293945,61.20000076293945,59.099998474121094,59.70000076293945,31850
2010-07-15,61.29999923706055,61.29999923706055,61.29999923706055,59.70000076293945,61.099998474121094,32050
2010-07-16,60.0,60.0,60.79999923706055,59.400001525878906,60.70000076293945,24190
2010-07-19,60.599998474121094,60.599998474121094,60.599998474121094,59.0,60.099998474121094,20780
2010-07-20,60.5,60.5,60.70000076293945,59.099998474121094,60.0,18960
2010-07-21,60.5,60.5,60.900001525878906,59.5,60.900001525878906,32190
2010-07-22,63.29999923706055,63.29999923706055,63.70000076293945,60.599998474121094,61.29999923706055,80690
2010-07-23,63.599998474121094,63.599998474121094,63.70000076293945,60.400001525878906,62.79999923706055,38160
2010-07-26,64.80000305175781,64.80000305175781,65.0,61.599998474121094,63.900001525878906,29980
2010-07-27,64.30000305175781,64.30000305175781,65.5999984741211,63.70000076293945,65.19999694824219,24330
2010-07-28,63.599998474121094,63.599998474121094,64.4000015258789,62.5,63.900001525878906,28660
2010-07-29,64.0,64.0,64.5,62.400001525878906,63.900001525878906,21850
2010-07-30,67.0,67.0,67.4000015258789,63.5,64.0,58540
2010-08-02,66.5,66.5,67.9000015258789,64.69999694824219,67.5999984741211,72730
2010-08-03,64.4000015258789,64.4000015258789,66.0,64.30000305175781,66.0,65140
2010-08-04,68.19999694824219,68.19999694824219,69.69999694824219,64.4000015258789,64.4000015258789,102370
2010-08-05,64.5,64.5,67.69999694824219,63.900001525878906,67.5,82660
2010-08-06,63.0,63.0,64.30000305175781,63.0,63.5,57190
2010-08-09,60.79999923706055,60.79999923706055,64.0,60.20000076293945,63.70000076293945,60850
2010-08-10,61.099998474121094,61.099998474121094,61.70000076293945,59.5,59.79999923706055,49680
2010-08-11,59.0,59.0,59.70000076293945,58.0,59.70000076293945,43040
2010-08-12,58.0,58.0,59.099998474121094,56.70000076293945,57.900001525878906,44880
2010-08-13,57.5,57.5,58.0,56.29999923706055,57.5,36300
2010-08-16,57.0,57.0,58.0,56.400001525878906,57.0,19600
2010-08-17,58.099998474121094,58.099998474121094,59.0,56.79999923706055,57.29999923706055,32940
2010-08-18,57.099998474121094,57.099998474121094,58.29999923706055,56.900001525878906,58.099998474121094,22750
2010-08-19,56.79999923706055,56.79999923706055,58.0,56.099998474121094,57.099998474121094,24300
2010-08-20,57.599998474121094,57.599998474121094,57.79999923706055,55.79999923706055,56.400001525878906,22980
2010-08-23,56.0,56.0,58.20000076293945,55.900001525878906,58.0,27080
2010-08-24,55.29999923706055,55.29999923706055,56.599998474121094,54.79999923706055,55.70000076293945,28900
2010-08-25,56.5,56.5,57.099998474121094,54.70000076293945,55.099998474121094,33500
2010-08-26,56.900001525878906,56.900001525878906,57.5,56.20000076293945,56.5,23330
2010-08-27,58.099998474121094,58.099998474121094,58.29999923706055,56.29999923706055,57.599998474121094,29490
2010-08-30,58.29999923706055,58.29999923706055,58.70000076293945,57.70000076293945,57.70000076293945,24520
2010-08-31,58.099998474121094,58.099998474121094,59.20000076293945,57.5,58.400001525878906,32290
2010-09-01,61.0,61.0,61.0,58.29999923706055,59.099998474121094,47690
2010-09-02,61.599998474121094,61.599998474121094,62.0,58.20000076293945,60.70000076293945,39660
2010-09-03,64.69999694824219,64.69999694824219,65.19999694824219,62.0,62.5,59540
2010-09-07,63.900001525878906,63.900001525878906,64.5,63.599998474121094,64.5,39580
2010-09-08,66.4000015258789,66.4000015258789,67.30000305175781,63.900001525878906,63.900001525878906,45600
2010-09-09,65.30000305175781,65.30000305175781,67.69999694824219,64.9000015258789,67.4000015258789,23170
2010-09-10,65.5,65.5,66.5999984741211,65.0999984741211,65.69999694824219,32100
2010-09-13,66.69999694824219,66.69999694824219,67.0,66.0,66.30000305175781,25120
2010-09-14,65.30000305175781,65.30000305175781,67.0999984741211,65.0999984741211,66.80000305175781,27920
2010-09-15,70.5,70.5,71.0,65.0,65.0,164200
2010-09-16,70.30000305175781,70.30000305175781,71.0,68.30000305175781,70.5,71790
2010-09-17,70.30000305175781,70.30000305175781,72.30000305175781,69.0999984741211,70.80000305175781,68020
2010-09-20,73.0999984741211,73.0999984741211,73.19999694824219,69.4000015258789,70.4000015258789,62710
2010-09-21,70.0,70.0,72.80000305175781,69.19999694824219,72.0999984741211,68960
2010-09-22,67.5999984741211,67.5999984741211,71.19999694824219,67.30000305175781,69.5999984741211,49360
2010-09-23,72.69999694824219,72.69999694824219,74.0999984741211,67.19999694824219,67.30000305175781,81420
2010-09-24,76.30000305175781,76.30000305175781,77.5,73.0999984741211,74.0,59010
2010-09-27,76.69999694824219,76.69999694824219,77.30000305175781,75.5,76.5,22690
2010-09-28,76.5999984741211,76.5999984741211,77.19999694824219,74.5999984741211,77.19999694824219,32380
2010-09-29,77.4000015258789,77.4000015258789,77.69999694824219,74.5999984741211,76.0999984741211,38130
2010-09-30,78.80000305175781,78.80000305175781,79.5,76.9000015258789,77.69999694824219,45140
2010-10-01,85.5999984741211,85.5999984741211,86.5,79.5999984741211,79.5999984741211,136440
2010-10-04,83.9000015258789,83.9000015258789,85.19999694824219,82.5999984741211,85.0999984741211,69980
2010-10-05,87.5,87.5,88.30000305175781,83.5,84.19999694824219,130090
2010-10-06,88.5,88.5,89.19999694824219,87.19999694824219,87.5,141660
2010-10-07,87.80000305175781,87.80000305175781,89.30000305175781,85.0,88.5999984741211,131960
2010-10-08,93.0,93.0,94.5,87.30000305175781,87.5,126010
2010-10-11,95.5999984741211,95.5999984741211,95.80000305175781,92.0,93.4000015258789,126770
2010-10-12,97.5999984741211,97.5999984741211,100.0,95.0,95.5999984741211,122050
2010-10-13,98.30000305175781,98.30000305175781,100.9000015258789,97.0,98.30000305175781,70520
2010-10-14,104.5,104.5,108.0999984741211,101.4000015258789,103.5,255030
2010-10-15,106.0999984741211,106.0999984741211,110.0,103.4000015258789,109.5999984741211,186670
2010-10-18,105.0999984741211,105.0999984741211,108.5,104.80000305175781,106.80000305175781,81460
2010-10-19,104.19999694824219,104.19999694824219,106.80000305175781,101.5999984741211,103.30000305175781,75350
2010-10-20,106.0,106.0,107.69999694824219,104.30000305175781,104.69999694824219,43920
2010-10-21,106.4000015258789,106.4000015258789,107.80000305175781,104.4000015258789,106.9000015258789,65010
2010-10-22,107.5999984741211,107.5999984741211,107.5999984741211,105.5999984741211,106.69999694824219,34980
2010-10-25,115.0,115.0,115.0,109.69999694824219,112.30000305175781,143560
2010-10-26,110.19999694824219,110.19999694824219,115.30000305175781,108.4000015258789,115.0,108400
2010-10-27,112.30000305175781,112.30000305175781,112.5999984741211,107.69999694824219,109.30000305175781,84600
2010-10-28,108.19999694824219,108.19999694824219,113.5,106.9000015258789,113.30000305175781,126820
2010-10-29,105.0,105.0,112.69999694824219,101.80000305175781,112.5,305200
2010-11-01,111.4000015258789,111.4000015258789,111.9000015258789,105.0,105.0,111540
2010-11-02,112.5,112.5,114.4000015258789,111.0999984741211,111.9000015258789,70930
2010-11-03,108.9000015258789,108.9000015258789,113.30000305175781,106.9000015258789,112.19999694824219,73450
2010-11-04,108.0999984741211,108.0999984741211,110.5,107.19999694824219,110.0999984741211,66500
2010-11-05,101.19999694824219,101.19999694824219,108.9000015258789,101.0999984741211,108.0999984741211,113350
2010-11-08,103.19999694824219,103.19999694824219,104.4000015258789,100.0,100.69999694824219,137860
2010-11-09,102.0,102.0,104.5999984741211,101.19999694824219,102.9000015258789,70750
2010-11-10,103.19999694824219,103.19999694824219,103.30000305175781,99.5999984741211,101.80000305175781,68830
2010-11-11,102.19999694824219,102.19999694824219,102.80000305175781,100.0,102.0,29360
2010-11-12,98.5999984741211,98.5999984741211,103.5,98.5999984741211,101.9000015258789,36370
2010-11-15,95.4000015258789,95.4000015258789,99.69999694824219,95.0999984741211,98.69999694824219,46520
2010-11-16,91.30000305175781,91.30000305175781,94.9000015258789,90.5999984741211,94.9000015258789,85890
2010-11-17,94.19999694824219,94.19999694824219,95.0999984741211,91.19999694824219,91.19999694824219,89020
2010-11-18,99.80000305175781,99.80000305175781,101.4000015258789,95.0,95.5,91250
2010-11-19,98.0,98.0,99.30000305175781,97.0,99.30000305175781,50700
2010-11-22,104.30000305175781,104.30000305175781,104.30000305175781,97.5999984741211,97.5999984741211,48260
2010-11-23,100.0,100.0,103.9000015258789,99.30000305175781,103.0999984741211,58090
2010-11-24,102.4000015258789,102.4000015258789,103.4000015258789,99.0,100.80000305175781,22550
2010-11-26,97.5,97.5,101.5999984741211,97.5,101.5999984741211,10410
2010-11-29,101.69999694824219,101.69999694824219,102.0999984741211,96.0,97.5,49630
2010-11-30,98.0999984741211,98.0999984741211,101.19999694824219,97.4000015258789,100.5,55660
2010-12-01,87.30000305175781,87.30000305175781,100.4000015258789,83.80000305175781,99.0,258920
2010-12-02,88.5999984741211,88.5999984741211,90.4000015258789,85.30000305175781,87.0999984741211,182720
2010-12-03,94.0999984741211,94.0999984741211,94.30000305175781,88.0999984741211,88.4000015258789,59630
2010-12-06,95.5999984741211,95.5999984741211,95.80000305175781,92.5999984741211,93.80000305175781,41860
2010-12-07,92.80000305175781,92.80000305175781,96.80000305175781,92.5,96.4000015258789,55440
2010-12-08,95.0,95.0,95.4000015258789,92.4000015258789,92.69999694824219,35820
2010-12-09,94.5,94.5,95.4000015258789,92.5,95.30000305175781,44640
2010-12-10,94.5999984741211,94.5999984741211,95.5999984741211,92.5999984741211,94.30000305175781,40530
2010-12-13,92.9000015258789,92.9000015258789,94.80000305175781,92.5999984741211,94.80000305175781,27040
2010-12-14,90.30000305175781,90.30000305175781,93.69999694824219,88.0999984741211,93.4000015258789,56000
2010-12-15,90.4000015258789,90.4000015258789,92.19999694824219,89.5,90.30000305175781,35610
2010-12-16,89.19999694824219,89.19999694824219,91.0,89.0,90.0,31340
2010-12-17,89.0,89.0,89.69999694824219,87.0999984741211,89.0,92690
2010-12-20,90.0,90.0,92.5,88.5999984741211,89.0,30760
2010-12-21,97.4000015258789,97.4000015258789,97.5,91.0,92.4000015258789,106730
2010-12-22,100.19999694824219,100.19999694824219,100.69999694824219,97.19999694824219,97.9000015258789,95330
2010-12-23,99.19999694824219,99.19999694824219,100.69999694824219,96.80000305175781,100.19999694824219,27810
2010-12-27,98.5,98.5,98.80000305175781,96.9000015258789,98.80000305175781,14620
2010-12-28,97.5999984741211,97.5999984741211,98.80000305175781,97.19999694824219,98.5,18170
2010-12-29,96.9000015258789,96.9000015258789,98.0,96.80000305175781,97.5999984741211,96710
2010-12-30,97.19999694824219,97.19999694824219,98.0999984741211,96.5,97.0,22810
2010-12-31,95.5,95.5,97.5,95.19999694824219,97.30000305175781,31130
2011-01-03,97.69999694824219,97.69999694824219,98.30000305175781,95.9000015258789,96.4000015258789,27870
2011-01-04,96.5,96.5,98.19999694824219,95.4000015258789,97.80000305175781,53190
2011-01-05,97.4000015258789,97.4000015258789,97.5,95.0,96.4000015258789,27600
2011-01-06,97.5,97.5,99.9000015258789,96.0,97.30000305175781,96540
2011-01-07,97.0999984741211,97.0999984741211,101.9000015258789,97.0,97.9000015258789,104140
2011-01-10,100.5999984741211,100.5999984741211,100.80000305175781,96.0,97.30000305175781,50430
2011-01-11,81.30000305175781,81.30000305175781,102.0,80.5,100.80000305175781,403820
2011-01-12,82.19999694824219,82.19999694824219,84.69999694824219,80.0,81.69999694824219,183240
2011-01-13,82.0,82.0,84.0,80.80000305175781,84.0,58800
2011-01-14,78.0999984741211,78.0999984741211,83.0,77.5999984741211,82.0999984741211,149680
2011-01-18,76.5999984741211,76.5999984741211,79.0,75.19999694824219,77.80000305175781,77980
2011-01-19,75.69999694824219,75.69999694824219,77.9000015258789,74.80000305175781,76.4000015258789,48700
2011-01-20,73.80000305175781,73.80000305175781,76.5,73.0999984741211,75.0999984741211,35880
2011-01-21,72.80000305175781,72.80000305175781,75.5999984741211,72.5,74.19999694824219,30450
2011-01-24,70.9000015258789,70.9000015258789,73.0999984741211,70.69999694824219,72.5,38930
2011-01-25,73.0,73.0,73.5,70.4000015258789,70.5999984741211,63110
2011-01-26,74.5999984741211,74.5999984741211,75.0,72.80000305175781,72.80000305175781,64540
2011-01-27,75.0,75.0,76.30000305175781,74.0999984741211,74.5999984741211,38930
2011-01-28,71.5,71.5,75.0999984741211,71.30000305175781,75.0999984741211,35560
2011-01-31,72.0999984741211,72.0999984741211,74.0999984741211,70.5999984741211,71.5,69930
2011-02-01,74.69999694824219,74.69999694824219,75.5999984741211,72.5,72.80000305175781,57640
2011-02-02,74.30000305175781,74.30000305175781,74.69999694824219,73.30000305175781,74.69999694824219,32890
2011-02-03,72.69999694824219,72.69999694824219,77.0,71.0999984741211,74.19999694824219,35550
2011-02-04,71.5999984741211,71.5999984741211,73.19999694824219,71.0,72.9000015258789,25000
2011-02-07,72.9000015258789,72.9000015258789,74.0999984741211,71.5999984741211,71.9000015258789,23750
2011-02-08,73.9000015258789,73.9000015258789,74.0,71.80000305175781,72.69999694824219,22790
2011-02-09,63.099998474121094,63.099998474121094,69.30000305175781,61.900001525878906,69.19999694824219,279130
2011-02-10,67.4000015258789,67.4000015258789,67.69999694824219,62.70000076293945,62.900001525878906,125060
2011-02-11,69.5999984741211,69.5999984741211,70.5,67.0,67.5,93080
2011-02-14,70.0,70.0,70.19999694824219,67.5999984741211,69.5,69960
2011-02-15,69.4000015258789,69.4000015258789,70.0,69.0,69.5,51710
2011-02-16,69.9000015258789,69.9000015258789,69.9000015258789,67.9000015258789,69.5999984741211,40510
2011-02-17,68.0999984741211,68.0999984741211,69.80000305175781,68.0,69.4000015258789,40920
2011-02-18,68.5,68.5,69.19999694824219,67.5,68.5999984741211,37920
2011-02-22,65.5,65.5,68.5,65.19999694824219,66.4000015258789,45640
2011-02-23,64.80000305175781,64.80000305175781,66.5999984741211,64.5,65.5,46820
2011-02-24,67.4000015258789,67.4000015258789,69.9000015258789,64.4000015258789,64.80000305175781,110790
2011-02-25,58.70000076293945,58.70000076293945,58.900001525878906,55.099998474121094,58.29999923706055,237300
2011-02-28,59.20000076293945,59.20000076293945,60.400001525878906,57.099998474121094,58.70000076293945,168570
2011-03-01,56.70000076293945,56.70000076293945,59.79999923706055,56.5,59.29999923706055,61990
2011-03-02,55.0,55.0,57.79999923706055,54.900001525878906,56.79999923706055,83450
2011-03-03,55.0,55.0,56.5,54.70000076293945,55.599998474121094,118900
2011-03-04,54.900001525878906,54.900001525878906,57.29999923706055,54.599998474121094,55.20000076293945,75240
2011-03-07,56.400001525878906,56.400001525878906,57.29999923706055,55.29999923706055,55.29999923706055,126160
2011-03-08,55.70000076293945,55.70000076293945,57.599998474121094,55.70000076293945,56.599998474121094,83350
2011-03-09,57.400001525878906,57.400001525878906,59.20000076293945,55.70000076293945,55.70000076293945,126480
2011-03-10,56.79999923706055,56.79999923706055,58.099998474121094,56.20000076293945,57.0,111860
2011-03-11,56.5,56.5,57.099998474121094,56.20000076293945,56.79999923706055,62320
2011-03-14,55.20000076293945,55.20000076293945,56.79999923706055,54.79999923706055,56.099998474121094,47130
2011-03-15,53.400001525878906,53.400001525878906,54.400001525878906,53.0,54.099998474121094,92010
2011-03-16,51.0,51.0,53.5,50.0,53.099998474121094,115470
2011-03-17,50.5,50.5,51.599998474121094,50.5,51.599998474121094,59890
2011-03-18,53.5,53.5,53.79999923706055,50.20000076293945,50.900001525878906,131480
2011-03-21,53.599998474121094,53.599998474121094,54.599998474121094,52.5,54.0,55990
2011-03-22,53.0,53.0,54.0,52.5,53.79999923706055,14900
2011-03-23,53.0,53.0,53.5,52.5,52.70000076293945,57620
2011-03-24,53.79999923706055,53.79999923706055,55.900001525878906,52.900001525878906,53.400001525878906,78290
2011-03-25,53.599998474121094,53.599998474121094,55.0,53.599998474121094,54.20000076293945,27670
2011-03-28,54.900001525878906,54.900001525878906,56.79999923706055,53.70000076293945,53.70000076293945,65360
2011-03-29,54.900001525878906,54.900001525878906,57.599998474121094,54.599998474121094,56.20000076293945,71080
2011-03-30,55.20000076293945,55.20000076293945,56.5,55.0,55.29999923706055,47060
2011-03-31,54.599998474121094,54.599998474121094,56.099998474121094,54.400001525878906,55.099998474121094,42820
2011-04-01,52.5,52.5,55.900001525878906,52.5,54.79999923706055,49850
2011-04-04,51.20000076293945,51.20000076293945,53.29999923706055,50.70000076293945,52.79999923706055,54570
2011-04-05,51.099998474121094,51.099998474121094,52.099998474121094,50.099998474121094,51.29999923706055,63390
2011-04-06,50.900001525878906,50.900001525878906,51.79999923706055,50.400001525878906,51.29999923706055,29600
2011-04-07,50.79999923706055,50.79999923706055,52.0,50.599998474121094,51.0,24650
2011-04-08,51.79999923706055,51.79999923706055,52.20000076293945,51.0,51.20000076293945,30580
2011-04-11,50.599998474121094,50.599998474121094,52.5,50.29999923706055,52.0,25470
2011-04-12,50.599998474121094,50.599998474121094,50.79999923706055,50.0,50.29999923706055,51430
2011-04-13,50.099998474121094,50.099998474121094,51.599998474121094,50.099998474121094,50.900001525878906,41780
2011-04-14,51.5,51.5,51.5,50.099998474121094,50.099998474121094,28950
2011-04-15,51.099998474121094,51.099998474121094,52.099998474121094,50.900001525878906,51.29999923706055,19620
2011-04-18,49.900001525878906,49.900001525878906,51.099998474121094,49.099998474121094,50.70000076293945,46420
2011-04-19,49.70000076293945,49.70000076293945,50.29999923706055,49.20000076293945,50.099998474121094,45800
2011-04-20,48.900001525878906,48.900001525878906,50.0,47.70000076293945,50.0,49130
2011-04-21,56.70000076293945,56.70000076293945,58.400001525878906,49.29999923706055,49.29999923706055,271450
2011-04-25,57.5,57.5,58.5,55.79999923706055,57.70000076293945,60020
2011-04-26,58.5,58.5,59.29999923706055,56.900001525878906,57.79999923706055,61280
2011-04-27,61.0,61.0,61.400001525878906,58.099998474121094,58.70000076293945,82720
2011-04-28,61.400001525878906,61.400001525878906,62.29999923706055,60.20000076293945,60.70000076293945,60540
2011-04-29,62.0,62.0,62.900001525878906,61.099998474121094,61.5,40400
2011-05-02,61.0,61.0,62.900001525878906,60.5,62.5,53620
2011-05-03,59.20000076293945,59.20000076293945,60.900001525878906,58.70000076293945,60.70000076293945,48880
2011-05-04,57.5,57.5,59.5,55.20000076293945,59.099998474121094,60870
2011-05-05,55.0,55.0,57.099998474121094,54.400001525878906,57.0,77170
2011-05-06,54.599998474121094,54.599998474121094,60.0,53.599998474121094,60.0,120750
2011-05-09,54.79999923706055,54.79999923706055,55.20000076293945,53.0,54.5,79380
2011-05-10,56.20000076293945,56.20000076293945,56.70000076293945,54.70000076293945,55.400001525878906,48760
2011-05-11,53.79999923706055,53.79999923706055,56.099998474121094,53.5,56.099998474121094,81740
2011-05-12,53.70000076293945,53.70000076293945,54.099998474121094,52.5,53.599998474121094,75600
2011-05-13,51.900001525878906,51.900001525878906,55.0,51.599998474121094,53.79999923706055,53220
2011-05-16,50.79999923706055,50.79999923706055,52.20000076293945,50.599998474121094,52.0,52990
2011-05-17,50.5,50.5,51.20000076293945,49.599998474121094,50.599998474121094,77350
2011-05-18,49.900001525878906,49.900001525878906,51.20000076293945,49.70000076293945,50.599998474121094,47230
2011-05-19,51.0,51.0,51.900001525878906,50.0,50.70000076293945,48760
2011-05-20,50.0,50.0,51.0,49.599998474121094,50.5,57540
2011-05-23,48.5,48.5,49.599998474121094,48.0,49.400001525878906,54210
2011-05-24,50.0,50.0,50.5,48.5,48.599998474121094,57350
2011-05-25,49.5,49.5,50.20000076293945,48.79999923706055,49.70000076293945,44300
2011-05-26,50.599998474121094,50.599998474121094,50.79999923706055,48.79999923706055,49.20000076293945,37130
2011-05-27,50.099998474121094,50.099998474121094,51.400001525878906,49.70000076293945,50.70000076293945,40040
2011-05-31,53.400001525878906,53.400001525878906,53.400001525878906,51.0,52.400001525878906,75460
2011-06-01,51.79999923706055,51.79999923706055,53.900001525878906,51.29999923706055,53.400001525878906,52340
2011-06-02,52.5,52.5,53.099998474121094,51.0,51.79999923706055,52970
2011-06-03,53.900001525878906,53.900001525878906,55.099998474121094,51.29999923706055,51.79999923706055,84060
2011-06-06,51.79999923706055,51.79999923706055,53.79999923706055,51.400001525878906,53.79999923706055,115260
2011-06-07,54.29999923706055,54.29999923706055,54.900001525878906,50.900001525878906,52.29999923706055,124610
2011-06-08,51.5,51.5,54.0,51.5,54.0,32700
2011-06-09,51.900001525878906,51.900001525878906,52.79999923706055,51.5,51.599998474121094,40270
2011-06-10,50.099998474121094,50.099998474121094,52.099998474121094,49.400001525878906,51.5,51760
2011-06-13,49.400001525878906,49.400001525878906,51.70000076293945,49.20000076293945,50.400001525878906,42990
2011-06-14,49.79999923706055,49.79999923706055,50.79999923706055,49.5,50.0,37260
2011-06-15,53.0,53.0,54.599998474121094,50.099998474121094,50.099998474121094,135830
2011-06-16,56.400001525878906,56.400001525878906,57.29999923706055,52.20000076293945,52.400001525878906,113720
2011-06-17,57.5,57.5,58.5,56.599998474121094,56.900001525878906,84640
2011-06-20,55.29999923706055,55.29999923706055,57.0,54.599998474121094,56.900001525878906,56840
2011-06-21,57.0,57.0,57.0,54.5,55.70000076293945,44250
2011-06-22,54.900001525878906,54.900001525878906,57.29999923706055,54.599998474121094,57.0,40490
2011-06-23,55.099998474121094,55.099998474121094,55.29999923706055,52.79999923706055,54.20000076293945,60480
2011-06-24,52.599998474121094,52.599998474121094,55.29999923706055,52.5,55.0,77640
2011-06-27,53.79999923706055,53.79999923706055,54.70000076293945,52.400001525878906,52.70000076293945,33350
2011-06-28,55.20000076293945,55.20000076293945,55.20000076293945,53.5,53.79999923706055,41290
2011-06-29,53.400001525878906,53.400001525878906,55.599998474121094,52.70000076293945,55.20000076293945,42840
2011-06-30,54.79999923706055,54.79999923706055,55.5,53.599998474121094,53.599998474121094,39890
2011-07-01,54.5,54.5,55.29999923706055,53.599998474121094,55.099998474121094,54740
2011-07-05,55.0,55.0,55.20000076293945,52.70000076293945,54.599998474121094,44690
2011-07-06,55.0,55.0,55.5,54.20000076293945,55.099998474121094,18580
2011-07-07,56.400001525878906,56.400001525878906,57.400001525878906,54.79999923706055,55.20000076293945,37110
2011-07-08,56.099998474121094,56.099998474121094,56.79999923706055,55.5,55.900001525878906,22940
2011-07-11,54.0,54.0,55.79999923706055,53.29999923706055,55.599998474121094,43690
2011-07-12,53.0,53.0,54.599998474121094,52.900001525878906,54.0,36010
2011-07-13,53.400001525878906,53.400001525878906,54.20000076293945,52.900001525878906,53.20000076293945,21250
2011-07-14,52.5,52.5,54.099998474121094,52.0,53.70000076293945,41690
2011-07-15,53.900001525878906,53.900001525878906,54.0,52.70000076293945,52.900001525878906,24070
2011-07-18,53.099998474121094,53.099998474121094,54.599998474121094,52.79999923706055,53.599998474121094,21640
2011-07-19,54.20000076293945,54.20000076293945,54.20000076293945,53.20000076293945,53.5,21740
2011-07-20,53.400001525878906,53.400001525878906,54.400001525878906,52.70000076293945,54.20000076293945,30140
2011-07-21,52.900001525878906,52.900001525878906,53.900001525878906,51.900001525878906,53.5,34890
2011-07-22,53.20000076293945,53.20000076293945,53.70000076293945,52.400001525878906,53.099998474121094,23830
2011-07-25,52.599998474121094,52.599998474121094,53.5,52.400001525878906,52.70000076293945,17640
2011-07-26,52.5,52.5,54.29999923706055,52.099998474121094,52.5,28450
2011-07-27,51.099998474121094,51.099998474121094,52.70000076293945,50.900001525878906,52.400001525878906,32480
2011-07-28,50.900001525878906,50.900001525878906,51.70000076293945,50.400001525878906,51.20000076293945,22250
2011-07-29,51.29999923706055,51.29999923706055,53.29999923706055,51.099998474121094,53.0,59320
2011-08-01,50.5,50.5,54.70000076293945,49.70000076293945,52.0,58130
2011-08-02,48.5,48.5,51.29999923706055,48.400001525878906,50.400001525878906,42480
2011-08-03,50.099998474121094,50.099998474121094,50.70000076293945,47.400001525878906,48.900001525878906,73530
2011-08-04,46.5,46.5,50.29999923706055,46.5,49.5,70550
2011-08-05,33.29999923706055,33.29999923706055,45.099998474121094,32.599998474121094,44.20000076293945,252190
2011-08-08,35.599998474121094,35.599998474121094,36.400001525878906,33.400001525878906,34.0,99290
2011-08-09,33.29999923706055,33.29999923706055,36.70000076293945,31.399999618530273,36.599998474121094,119860
2011-08-10,33.5,33.5,36.20000076293945,32.20000076293945,32.599998474121094,43030
2011-08-11,34.599998474121094,34.599998474121094,35.400001525878906,33.0,33.70000076293945,54810
2011-08-12,33.0,33.0,35.099998474121094,32.29999923706055,34.70000076293945,60400
2011-08-15,35.0,35.0,35.0,32.79999923706055,33.099998474121094,48180
2011-08-16,34.0,34.0,34.900001525878906,33.70000076293945,34.900001525878906,32950
2011-08-17,33.79999923706055,33.79999923706055,34.599998474121094,33.29999923706055,34.099998474121094,33400
2011-08-18,31.899999618530273,31.899999618530273,33.20000076293945,31.799999237060547,33.099998474121094,48190
2011-08-19,31.700000762939453,31.700000762939453,32.79999923706055,31.0,31.399999618530273,42780
2011-08-22,33.20000076293945,33.20000076293945,34.0,32.20000076293945,32.599998474121094,49400
2011-08-23,34.70000076293945,34.70000076293945,35.0,32.400001525878906,33.20000076293945,56390
2011-08-24,35.0,35.0,36.5,34.29999923706055,34.79999923706055,147380
2011-08-25,32.0,32.0,35.20000076293945,31.899999618530273,35.0,84310
2011-08-26,33.29999923706055,33.29999923706055,33.400001525878906,31.5,31.799999237060547,86270
2011-08-29,34.0,34.0,34.29999923706055,32.0,33.599998474121094,191600
2011-08-30,34.20000076293945,34.20000076293945,34.599998474121094,33.599998474121094,33.70000076293945,53050
2011-08-31,33.599998474121094,33.599998474121094,34.900001525878906,33.29999923706055,34.400001525878906,51680
2011-09-01,33.099998474121094,33.099998474121094,34.29999923706055,32.900001525878906,33.5,39750
2011-09-02,33.0,33.0,33.5,32.400001525878906,32.599998474121094,45830
2011-09-06,32.79999923706055,32.79999923706055,33.29999923706055,31.799999237060547,32.0,32110
2011-09-07,34.400001525878906,34.400001525878906,34.5,32.5,33.0,29570
2011-09-08,33.900001525878906,33.900001525878906,35.70000076293945,33.5,34.599998474121094,22940
2011-09-09,32.29999923706055,32.29999923706055,34.29999923706055,32.0,33.599998474121094,32420
2011-09-12,33.0,33.0,33.20000076293945,32.20000076293945,32.20000076293945,18110
2011-09-13,33.099998474121094,33.099998474121094,33.5,32.70000076293945,33.0,25360
2011-09-14,34.400001525878906,34.400001525878906,34.70000076293945,32.79999923706055,33.400001525878906,19030
2011-09-15,34.70000076293945,34.70000076293945,34.900001525878906,33.20000076293945,34.599998474121094,24010
2011-09-16,34.099998474121094,34.099998474121094,35.79999923706055,33.79999923706055,34.79999923706055,34440
2011-09-19,32.70000076293945,32.70000076293945,33.79999923706055,32.099998474121094,33.599998474121094,27570
2011-09-20,33.099998474121094,33.099998474121094,34.099998474121094,32.400001525878906,32.79999923706055,29260
2011-09-21,31.399999618530273,31.399999618530273,34.29999923706055,31.299999237060547,33.20000076293945,24340
2011-09-22,30.5,30.5,31.5,29.799999237060547,30.5,43710
2011-09-23,31.700000762939453,31.700000762939453,32.0,29.700000762939453,30.5,25840
2011-09-26,32.0,32.0,32.5,30.5,31.799999237060547,19580
2011-09-27,32.79999923706055,32.79999923706055,33.0,31.700000762939453,32.5,26410
2011-09-28,31.399999618530273,31.399999618530273,32.900001525878906,31.399999618530273,32.599998474121094,23250
2011-09-29,32.20000076293945,32.20000076293945,32.20000076293945,30.899999618530273,32.099998474121094,22760
2011-09-30,30.200000762939453,30.200000762939453,32.599998474121094,30.100000381469727,31.700000762939453,33350
2011-10-03,29.0,29.0,31.0,28.799999237060547,30.0,53320
2011-10-04,31.799999237060547,31.799999237060547,32.0,28.100000381469727,28.5,37740
2011-10-05,32.0,32.0,32.79999923706055,31.5,31.700000762939453,40890
2011-10-06,32.70000076293945,32.70000076293945,32.70000076293945,31.399999618530273,32.0,24870
2011-10-07,31.600000381469727,31.600000381469727,33.20000076293945,31.399999618530273,32.70000076293945,19490
2011-10-10,32.70000076293945,32.70000076293945,33.0,31.899999618530273,32.099998474121094,36390
2011-10-11,31.899999618530273,31.899999618530273,32.900001525878906,31.399999618530273,32.400001525878906,47190
2011-10-12,32.20000076293945,32.20000076293945,32.5,31.799999237060547,32.20000076293945,23470
2011-10-13,31.799999237060547,31.799999237060547,32.70000076293945,31.299999237060547,32.400001525878906,22990
2011-10-14,34.400001525878906,34.400001525878906,34.5,32.099998474121094,32.099998474121094,25750
2011-10-17,33.099998474121094,33.099998474121094,35.099998474121094,32.599998474121094,34.29999923706055,37680
2011-10-18,33.0,33.0,33.5,32.599998474121094,33.0,55740
2011-10-19,32.400001525878906,32.400001525878906,34.0,32.099998474121094,32.900001525878906,29740
2011-10-20,33.099998474121094,33.099998474121094,33.29999923706055,32.099998474121094,32.5,17680
2011-10-21,38.599998474121094,38.599998474121094,38.70000076293945,33.5,34.0,82040
2011-10-24,42.29999923706055,42.29999923706055,42.400001525878906,37.79999923706055,38.599998474121094,114360
2011-10-25,40.5,40.5,43.29999923706055,40.0,42.0,42280
2011-10-26,41.5,41.5,42.29999923706055,40.29999923706055,41.099998474121094,25710
2011-10-27,41.79999923706055,41.79999923706055,44.20000076293945,41.5,43.29999923706055,53670
2011-10-28,41.599998474121094,41.599998474121094,42.900001525878906,40.70000076293945,41.70000076293945,23860
2011-10-31,39.70000076293945,39.70000076293945,41.099998474121094,39.099998474121094,41.0,47680
2011-11-01,42.099998474121094,42.099998474121094,42.5,38.0,38.400001525878906,78370
2011-11-02,34.79999923706055,34.79999923706055,37.29999923706055,33.70000076293945,37.29999923706055,82230
2011-11-03,34.0,34.0,36.29999923706055,33.29999923706055,35.20000076293945,38170
2011-11-04,35.29999923706055,35.29999923706055,35.400001525878906,33.70000076293945,33.70000076293945,34040
2011-11-07,35.29999923706055,35.29999923706055,35.70000076293945,34.29999923706055,35.099998474121094,23330
2011-11-08,35.29999923706055,35.29999923706055,36.0,34.599998474121094,35.599998474121094,32670
2011-11-09,32.900001525878906,32.900001525878906,35.79999923706055,32.599998474121094,34.5,22760
2011-11-10,33.099998474121094,33.099998474121094,34.20000076293945,32.5,33.400001525878906,19500
2011-11-11,34.400001525878906,34.400001525878906,35.5,33.5,33.5,35080
2011-11-14,33.5,33.5,34.599998474121094,33.099998474121094,34.400001525878906,23570
2011-11-15,34.400001525878906,34.400001525878906,35.599998474121094,32.400001525878906,33.20000076293945,49900
2011-11-16,31.899999618530273,31.899999618530273,34.20000076293945,31.700000762939453,33.79999923706055,56330
2011-11-17,32.400001525878906,32.400001525878906,33.29999923706055,31.700000762939453,31.899999618530273,28850
2011-11-18,31.799999237060547,31.799999237060547,32.900001525878906,31.700000762939453,32.5,12900
2011-11-21,31.399999618530273,31.399999618530273,31.899999618530273,31.0,31.700000762939453,27010
2011-11-22,30.0,30.0,31.799999237060547,30.0,31.200000762939453,20900
2011-11-23,28.600000381469727,28.600000381469727,30.5,28.5,29.899999618530273,27870
2011-11-25,28.299999237060547,28.299999237060547,29.399999618530273,28.100000381469727,28.600000381469727,8130
2011-11-28,29.200000762939453,29.200000762939453,30.399999618530273,28.600000381469727,29.299999237060547,24020
2011-11-29,30.899999618530273,30.899999618530273,31.5,29.399999618530273,29.399999618530273,29270
2011-11-30,32.099998474121094,32.099998474121094,32.400001525878906,31.299999237060547,32.099998474121094,47930
2011-12-01,31.100000381469727,31.100000381469727,32.20000076293945,30.899999618530273,32.0,12970
2011-12-02,32.099998474121094,32.099998474121094,32.5,31.200000762939453,31.5,34450
2011-12-05,31.700000762939453,31.700000762939453,32.5,31.299999237060547,32.5,14540
2011-12-06,31.5,31.5,32.400001525878906,31.100000381469727,31.799999237060547,19840
2011-12-07,30.100000381469727,30.100000381469727,31.700000762939453,30.100000381469727,31.200000762939453,19340
2011-12-08,29.100000381469727,29.100000381469727,30.899999618530273,29.100000381469727,30.100000381469727,14630
2011-12-09,30.5,30.5,30.799999237060547,29.0,29.200000762939453,16270
2011-12-12,29.899999618530273,29.899999618530273,30.700000762939453,29.5,30.0,12630
2011-12-13,27.0,27.0,30.600000381469727,26.899999618530273,30.100000381469727,97900
2011-12-14,28.600000381469727,28.600000381469727,28.700000762939453,25.100000381469727,26.899999618530273,79080
2011-12-15,29.799999237060547,29.799999237060547,30.700000762939453,28.600000381469727,28.799999237060547,41740
2011-12-16,30.600000381469727,30.600000381469727,30.899999618530273,29.700000762939453,29.899999618530273,98330
2011-12-19,29.700000762939453,29.700000762939453,30.899999618530273,29.600000381469727,30.600000381469727,23810
2011-12-20,30.200000762939453,30.200000762939453,30.799999237060547,29.799999237060547,30.299999237060547,24780
2011-12-21,30.700000762939453,30.700000762939453,30.700000762939453,29.399999618530273,30.100000381469727,37040
2011-12-22,30.299999237060547,30.299999237060547,31.5,30.100000381469727,30.700000762939453,17090
2011-12-23,30.700000762939453,30.700000762939453,30.799999237060547,29.899999618530273,30.5,17200
2011-12-27,30.600000381469727,30.600000381469727,31.0,30.200000762939453,30.5,14300
2011-12-28,30.200000762939453,30.200000762939453,31.299999237060547,29.700000762939453,30.600000381469727,18700
2011-12-29,30.700000762939453,30.700000762939453,30.899999618530273,29.799999237060547,30.200000762939453,13810
2011-12-30,31.299999237060547,31.299999237060547,31.700000762939453,30.299999237060547,30.600000381469727,22530
2012-01-03,32.099998474121094,32.099998474121094,33.0,31.399999618530273,31.700000762939453,21840
2012-01-04,30.700000762939453,30.700000762939453,32.5,30.600000381469727,31.899999618530273,29430
2012-01-05,30.899999618530273,30.899999618530273,31.100000381469727,30.200000762939453,30.600000381469727,22520
2012-01-06,30.0,30.0,31.299999237060547,29.899999618530273,30.899999618530273,19590
2012-01-09,30.200000762939453,30.200000762939453,30.399999618530273,29.600000381469727,30.200000762939453,13600
2012-01-10,30.0,30.0,31.0,29.700000762939453,30.5,17190
2012-01-11,29.600000381469727,29.600000381469727,30.299999237060547,29.200000762939453,29.899999618530273,22670
2012-01-12,30.700000762939453,30.700000762939453,30.700000762939453,29.700000762939453,29.799999237060547,19280
2012-01-13,30.100000381469727,30.100000381469727,30.5,30.0,30.399999618530273,14750
2012-01-17,29.299999237060547,29.299999237060547,30.600000381469727,29.0,30.299999237060547,20000
2012-01-18,29.5,29.5,29.899999618530273,29.0,29.200000762939453,14250
2012-01-19,29.899999618530273,29.899999618530273,30.899999618530273,29.5,29.5,29690
2012-01-20,30.0,30.0,30.200000762939453,29.5,29.899999618530273,20140
2012-01-23,30.0,30.0,30.100000381469727,29.299999237060547,30.0,12290
2012-01-24,30.0,30.0,30.0,29.5,30.0,12400
2012-01-25,29.799999237060547,29.799999237060547,30.0,29.5,30.0,12970
2012-01-26,29.200000762939453,29.200000762939453,30.200000762939453,29.100000381469727,30.0,17940
2012-01-27,29.299999237060547,29.299999237060547,29.5,29.0,29.399999618530273,14360
2012-01-30,28.600000381469727,28.600000381469727,29.100000381469727,28.5,29.100000381469727,17620
2012-01-31,28.600000381469727,28.600000381469727,28.799999237060547,28.5,28.700000762939453,13530
2012-02-01,29.799999237060547,29.799999237060547,29.799999237060547,28.5,28.799999237060547,43220
2012-02-02,30.0,30.0,30.100000381469727,29.5,29.700000762939453,16760
2012-02-03,32.79999923706055,32.79999923706055,32.900001525878906,30.100000381469727,30.299999237060547,37100
2012-02-06,34.0,34.0,34.900001525878906,32.79999923706055,32.79999923706055,22020
2012-02-07,33.599998474121094,33.599998474121094,33.79999923706055,33.0,33.79999923706055,15760
2012-02-08,33.400001525878906,33.400001525878906,34.29999923706055,33.099998474121094,33.79999923706055,12730
2012-02-09,33.400001525878906,33.400001525878906,34.400001525878906,33.099998474121094,33.70000076293945,10280
2012-02-10,32.79999923706055,32.79999923706055,36.0,32.79999923706055,35.0,23770
2012-02-13,34.20000076293945,34.20000076293945,35.20000076293945,32.79999923706055,33.20000076293945,18260
2012-02-14,34.70000076293945,34.70000076293945,34.900001525878906,33.20000076293945,34.20000076293945,12330
2012-02-15,34.79999923706055,34.79999923706055,35.099998474121094,33.70000076293945,34.900001525878906,20950
2012-02-16,35.79999923706055,35.79999923706055,35.900001525878906,34.20000076293945,34.79999923706055,16750
2012-02-17,36.20000076293945,36.20000076293945,36.20000076293945,35.099998474121094,36.20000076293945,14660
2012-02-21,36.5,36.5,36.900001525878906,36.0,36.20000076293945,26210
2012-02-22,32.70000076293945,32.70000076293945,36.5,32.70000076293945,36.5,32100
2012-02-23,32.79999923706055,32.79999923706055,36.20000076293945,32.5,34.599998474121094,50580
2012-02-24,33.599998474121094,33.599998474121094,34.099998474121094,32.79999923706055,33.0,20270
2012-02-27,32.70000076293945,32.70000076293945,34.0,32.70000076293945,33.400001525878906,15890
2012-02-28,32.70000076293945,32.70000076293945,33.20000076293945,32.0,32.79999923706055,28060
2012-02-29,34.29999923706055,34.29999923706055,36.0,32.20000076293945,32.79999923706055,67020
2012-03-01,36.0,36.0,36.70000076293945,34.20000076293945,34.20000076293945,41060
2012-03-02,35.29999923706055,35.29999923706055,36.29999923706055,35.20000076293945,35.900001525878906,14120
2012-03-05,34.70000076293945,34.70000076293945,35.400001525878906,34.400001525878906,35.099998474121094,12370
2012-03-06,34.599998474121094,34.599998474121094,35.599998474121094,32.5,34.29999923706055,44490
2012-03-07,33.70000076293945,33.70000076293945,34.70000076293945,33.599998474121094,34.70000076293945,6920
2012-03-08,34.400001525878906,34.400001525878906,34.599998474121094,33.29999923706055,33.900001525878906,50330
2012-03-09,33.29999923706055,33.29999923706055,34.400001525878906,33.0,34.20000076293945,14330
2012-03-12,33.20000076293945,33.20000076293945,33.400001525878906,32.5,33.29999923706055,7890
2012-03-13,33.0,33.0,33.79999923706055,32.5,33.29999923706055,31500
2012-03-14,32.400001525878906,32.400001525878906,33.20000076293945,32.0,33.099998474121094,12340
2012-03-15,32.400001525878906,32.400001525878906,32.79999923706055,32.099998474121094,32.400001525878906,10290
2012-03-16,33.099998474121094,33.099998474121094,33.400001525878906,31.600000381469727,32.400001525878906,43140
2012-03-19,33.5,33.5,34.0,32.5,33.20000076293945,19720
2012-03-20,32.599998474121094,32.599998474121094,33.29999923706055,32.599998474121094,33.20000076293945,17160
2012-03-21,33.79999923706055,33.79999923706055,34.70000076293945,32.79999923706055,32.79999923706055,16150
2012-03-22,33.20000076293945,33.20000076293945,33.599998474121094,32.599998474121094,33.5,12580
2012-03-23,33.20000076293945,33.20000076293945,34.0,32.70000076293945,33.20000076293945,22470
2012-03-26,34.79999923706055,34.79999923706055,34.79999923706055,33.5,33.70000076293945,10460
2012-03-27,34.29999923706055,34.29999923706055,35.20000076293945,34.29999923706055,34.900001525878906,8950
2012-03-28,33.400001525878906,33.400001525878906,34.29999923706055,33.099998474121094,34.29999923706055,5540
2012-03-29,35.0,35.0,35.20000076293945,33.099998474121094,33.29999923706055,10130
2012-03-30,33.5,33.5,35.20000076293945,33.400001525878906,35.20000076293945,10460
2012-04-02,33.099998474121094,33.099998474121094,33.5,32.400001525878906,33.5,22230
2012-04-03,32.29999923706055,32.29999923706055,33.70000076293945,32.0,32.900001525878906,25270
2012-04-04,31.399999618530273,31.399999618530273,32.20000076293945,31.100000381469727,32.0,21160
2012-04-05,30.5,30.5,31.299999237060547,30.200000762939453,31.200000762939453,23350
2012-04-09,30.600000381469727,30.600000381469727,30.799999237060547,30.0,30.100000381469727,13770
2012-04-10,29.600000381469727,29.600000381469727,30.899999618530273,29.5,30.600000381469727,16750
2012-04-11,30.5,30.5,30.700000762939453,29.799999237060547,29.799999237060547,10250
2012-04-12,30.600000381469727,30.600000381469727,31.0,30.0,30.399999618530273,18340
2012-04-13,29.700000762939453,29.700000762939453,30.399999618530273,29.600000381469727,30.399999618530273,8770
2012-04-16,29.5,29.5,29.899999618530273,29.299999237060547,29.700000762939453,6750
2012-04-17,29.399999618530273,29.399999618530273,30.399999618530273,29.299999237060547,29.799999237060547,12370
2012-04-18,30.200000762939453,30.200000762939453,30.5,29.200000762939453,29.5,9650
2012-04-19,29.700000762939453,29.700000762939453,30.5,29.399999618530273,30.200000762939453,5370
2012-04-20,29.799999237060547,29.799999237060547,30.5,29.5,30.299999237060547,12480
2012-04-23,28.700000762939453,28.700000762939453,29.700000762939453,28.700000762939453,29.399999618530273,18140
2012-04-24,29.200000762939453,29.200000762939453,29.399999618530273,28.600000381469727,28.700000762939453,11670
2012-04-25,30.299999237060547,30.299999237060547,30.399999618530273,29.399999618530273,29.399999618530273,14680
2012-04-26,30.200000762939453,30.200000762939453,30.5,29.899999618530273,30.200000762939453,10310
2012-04-27,29.0,29.0,30.200000762939453,28.399999618530273,30.200000762939453,14350
2012-04-30,28.899999618530273,28.899999618530273,29.299999237060547,28.399999618530273,29.100000381469727,11100
2012-05-01,29.200000762939453,29.200000762939453,30.200000762939453,28.700000762939453,28.899999618530273,26600
2012-05-02,28.100000381469727,28.100000381469727,29.299999237060547,28.0,29.0,27200
2012-05-03,21.100000381469727,21.100000381469727,26.100000381469727,21.0,24.700000762939453,146370
2012-05-04,19.899999618530273,19.899999618530273,21.399999618530273,19.899999618530273,21.399999618530273,88160
2012-05-07,19.600000381469727,19.600000381469727,20.299999237060547,19.5,20.100000381469727,69680
2012-05-08,19.899999618530273,19.899999618530273,20.5,19.700000762939453,20.299999237060547,64150
2012-05-09,21.299999237060547,21.299999237060547,21.600000381469727,19.700000762939453,19.799999237060547,52920
2012-05-10,22.399999618530273,22.399999618530273,22.399999618530273,21.0,21.5,37900
2012-05-11,22.399999618530273,22.399999618530273,22.899999618530273,21.799999237060547,22.299999237060547,27480
2012-05-14,21.700000762939453,21.700000762939453,22.299999237060547,21.5,22.200000762939453,21840
2012-05-15,21.600000381469727,21.600000381469727,21.899999618530273,21.399999618530273,21.600000381469727,9700
2012-05-16,21.5,21.5,22.5,21.299999237060547,21.299999237060547,36900
2012-05-17,21.100000381469727,21.100000381469727,22.200000762939453,21.100000381469727,21.5,35150
2012-05-18,20.700000762939453,20.700000762939453,21.899999618530273,20.700000762939453,21.299999237060547,26530
2012-05-21,20.899999618530273,20.899999618530273,21.5,20.600000381469727,20.899999618530273,18470
2012-05-22,20.899999618530273,20.899999618530273,21.399999618530273,20.600000381469727,20.899999618530273,26700
2012-05-23,20.799999237060547,20.799999237060547,21.100000381469727,20.299999237060547,20.700000762939453,18400
2012-05-24,20.799999237060547,20.799999237060547,21.399999618530273,20.299999237060547,20.799999237060547,21920
2012-05-25,21.100000381469727,21.100000381469727,21.299999237060547,20.399999618530273,20.700000762939453,40320
2012-05-29,21.100000381469727,21.100000381469727,21.299999237060547,20.5,21.299999237060547,19760
2012-05-30,20.600000381469727,20.600000381469727,21.0,20.200000762939453,20.899999618530273,21250
2012-05-31,20.700000762939453,20.700000762939453,20.899999618530273,20.299999237060547,20.700000762939453,15940
2012-06-01,20.799999237060547,20.799999237060547,20.899999618530273,20.100000381469727,20.200000762939453,17780
2012-06-04,22.299999237060547,22.299999237060547,22.5,20.5,20.700000762939453,37890
2012-06-05,23.100000381469727,23.100000381469727,23.200000762939453,22.0,22.0,20070
2012-06-06,24.200000762939453,24.200000762939453,24.200000762939453,22.799999237060547,23.100000381469727,27460
2012-06-07,23.600000381469727,23.600000381469727,24.399999618530273,23.200000762939453,24.299999237060547,16300
2012-06-08,24.200000762939453,24.200000762939453,24.799999237060547,23.100000381469727,23.399999618530273,28260
2012-06-11,23.200000762939453,23.200000762939453,24.5,22.5,24.5,23420
2012-06-12,23.299999237060547,23.299999237060547,24.0,23.0,23.200000762939453,8770
2012-06-13,23.299999237060547,23.299999237060547,24.899999618530273,23.100000381469727,23.299999237060547,25450
2012-06-14,23.5,23.5,24.5,22.799999237060547,23.399999618530273,28470
2012-06-15,25.0,25.0,25.100000381469727,23.5,23.600000381469727,30880
2012-06-18,24.200000762939453,24.200000762939453,26.299999237060547,24.0,24.899999618530273,26820
2012-06-19,24.5,24.5,25.0,24.0,24.200000762939453,14960
2012-06-20,24.299999237060547,24.299999237060547,25.899999618530273,24.200000762939453,24.799999237060547,18000
2012-06-21,23.100000381469727,23.100000381469727,25.799999237060547,22.899999618530273,24.399999618530273,35940
2012-06-22,23.200000762939453,23.200000762939453,24.600000381469727,22.899999618530273,23.200000762939453,473570
2012-06-25,23.600000381469727,23.600000381469727,24.200000762939453,23.100000381469727,23.200000762939453,23180
2012-06-26,23.5,23.5,24.0,22.799999237060547,23.700000762939453,11630
2012-06-27,24.700000762939453,24.700000762939453,24.899999618530273,23.399999618530273,23.5,18700
2012-06-28,24.399999618530273,24.399999618530273,25.0,23.600000381469727,24.399999618530273,16850
2012-06-29,24.899999618530273,24.899999618530273,24.899999618530273,23.799999237060547,24.899999618530273,7920
2012-07-02,26.100000381469727,26.100000381469727,26.399999618530273,24.0,24.899999618530273,15090
2012-07-03,25.600000381469727,25.600000381469727,26.0,25.100000381469727,26.0,4180
2012-07-05,26.299999237060547,26.299999237060547,26.799999237060547,25.5,25.600000381469727,16950
2012-07-06,25.700000762939453,25.700000762939453,26.399999618530273,25.100000381469727,26.0,8310
2012-07-09,25.600000381469727,25.600000381469727,25.799999237060547,24.899999618530273,25.399999618530273,11350
2012-07-10,25.299999237060547,25.299999237060547,25.899999618530273,24.600000381469727,25.600000381469727,11530
2012-07-11,25.0,25.0,26.100000381469727,25.0,25.399999618530273,5560
2012-07-12,25.100000381469727,25.100000381469727,25.5,24.5,25.100000381469727,6790
2012-07-13,25.200000762939453,25.200000762939453,25.5,24.799999237060547,25.0,3660
2012-07-16,25.200000762939453,25.200000762939453,25.5,24.700000762939453,24.899999618530273,12720
2012-07-17,25.200000762939453,25.200000762939453,25.700000762939453,24.799999237060547,25.299999237060547,8030
2012-07-18,25.299999237060547,25.299999237060547,26.0,24.899999618530273,25.299999237060547,10270
2012-07-19,25.200000762939453,25.200000762939453,25.5,25.0,25.5,4560
2012-07-20,25.100000381469727,25.100000381469727,25.100000381469727,24.299999237060547,24.799999237060547,4410
2012-07-23,24.600000381469727,24.600000381469727,25.0,24.100000381469727,24.700000762939453,3620
2012-07-24,24.200000762939453,24.200000762939453,24.899999618530273,23.899999618530273,24.899999618530273,4140
2012-07-25,24.5,24.5,24.600000381469727,24.399999618530273,24.600000381469727,2550
2012-07-26,24.700000762939453,24.700000762939453,25.0,24.0,25.0,19690
2012-07-27,24.600000381469727,24.600000381469727,24.899999618530273,23.899999618530273,24.899999618530273,7370
2012-07-30,24.100000381469727,24.100000381469727,24.799999237060547,23.799999237060547,24.5,7040
2012-07-31,23.600000381469727,23.600000381469727,24.299999237060547,23.600000381469727,24.299999237060547,3180
2012-08-01,23.600000381469727,23.600000381469727,24.399999618530273,23.200000762939453,24.0,9850
2012-08-02,23.399999618530273,23.399999618530273,24.100000381469727,23.200000762939453,23.399999618530273,7550
2012-08-03,23.600000381469727,23.600000381469727,24.5,23.299999237060547,23.5,7120
2012-08-06,23.5,23.5,24.5,23.299999237060547,23.700000762939453,6140
2012-08-07,25.200000762939453,25.200000762939453,26.100000381469727,24.100000381469727,24.100000381469727,14200
2012-08-08,21.399999618530273,21.399999618530273,23.899999618530273,21.0,23.899999618530273,33940
2012-08-09,21.299999237060547,21.299999237060547,21.899999618530273,21.0,21.200000762939453,12520
2012-08-10,22.100000381469727,22.100000381469727,22.5,21.200000762939453,21.200000762939453,15450
2012-08-13,21.799999237060547,21.799999237060547,22.0,21.5,21.799999237060547,4950
2012-08-14,21.5,21.5,22.399999618530273,21.299999237060547,21.700000762939453,10010
2012-08-15,21.399999618530273,21.399999618530273,21.799999237060547,21.0,21.5,5810
2012-08-16,21.299999237060547,21.299999237060547,21.5,20.899999618530273,21.5,17120
2012-08-17,21.299999237060547,21.299999237060547,21.600000381469727,21.100000381469727,21.100000381469727,7360
2012-08-20,21.5,21.5,21.799999237060547,21.100000381469727,21.100000381469727,5400
2012-08-21,21.0,21.0,21.899999618530273,21.0,21.700000762939453,11010
2012-08-22,21.299999237060547,21.299999237060547,21.5,21.0,21.0,34310
2012-08-23,21.0,21.0,21.5,21.0,21.399999618530273,2840
2012-08-24,21.100000381469727,21.100000381469727,21.600000381469727,21.100000381469727,21.200000762939453,3580
2012-08-27,20.200000762939453,20.200000762939453,21.100000381469727,20.200000762939453,21.100000381469727,14120
2012-08-28,20.799999237060547,20.799999237060547,20.799999237060547,20.200000762939453,20.5,6820
2012-08-29,20.600000381469727,20.600000381469727,20.799999237060547,20.399999618530273,20.600000381469727,2350
2012-08-30,20.299999237060547,20.299999237060547,20.600000381469727,20.100000381469727,20.600000381469727,2970
2012-08-31,20.299999237060547,20.299999237060547,21.0,20.200000762939453,20.799999237060547,8660
2012-09-04,20.200000762939453,20.200000762939453,20.299999237060547,20.0,20.200000762939453,5160
2012-09-05,19.100000381469727,19.100000381469727,20.399999618530273,19.100000381469727,20.299999237060547,21920
2012-09-06,18.299999237060547,18.299999237060547,19.700000762939453,17.899999618530273,19.200000762939453,22750
2012-09-07,18.799999237060547,18.799999237060547,19.200000762939453,18.299999237060547,18.5,12670
2012-09-10,18.700000762939453,18.700000762939453,19.200000762939453,18.700000762939453,18.799999237060547,12770
2012-09-11,18.600000381469727,18.600000381469727,19.0,18.5,18.899999618530273,15460
2012-09-12,19.200000762939453,19.200000762939453,19.399999618530273,18.399999618530273,18.399999618530273,9130
2012-09-13,20.399999618530273,20.399999618530273,20.600000381469727,19.0,19.0,42090
2012-09-14,19.799999237060547,19.799999237060547,20.700000762939453,19.700000762939453,20.299999237060547,8650
2012-09-17,19.100000381469727,19.100000381469727,20.299999237060547,19.100000381469727,19.899999618530273,10720
2012-09-18,19.399999618530273,19.399999618530273,19.700000762939453,19.0,19.299999237060547,5130
2012-09-19,19.700000762939453,19.700000762939453,19.899999618530273,18.700000762939453,19.100000381469727,10400
2012-09-20,19.299999237060547,19.299999237060547,19.700000762939453,19.0,19.5,5900
2012-09-21,19.200000762939453,19.200000762939453,19.899999618530273,19.0,19.5,21740
2012-09-24,19.299999237060547,19.299999237060547,19.5,19.0,19.100000381469727,5710
2012-09-25,19.299999237060547,19.299999237060547,20.100000381469727,19.0,19.399999618530273,33780
2012-09-26,19.299999237060547,19.299999237060547,19.5,19.100000381469727,19.100000381469727,26780
2012-09-27,20.100000381469727,20.100000381469727,20.799999237060547,19.399999618530273,19.399999618530273,37640
2012-09-28,19.799999237060547,19.799999237060547,20.5,19.200000762939453,20.100000381469727,10380
2012-10-01,20.100000381469727,20.100000381469727,20.200000762939453,19.100000381469727,19.600000381469727,32750
2012-10-02,19.299999237060547,19.299999237060547,20.100000381469727,19.200000762939453,20.0,19640
2012-10-03,19.5,19.5,19.600000381469727,19.0,19.100000381469727,13580
2012-10-04,19.399999618530273,19.399999618530273,19.600000381469727,19.100000381469727,19.399999618530273,17200
2012-10-05,19.200000762939453,19.200000762939453,19.600000381469727,19.0,19.399999618530273,10590
2012-10-08,18.5,18.5,19.299999237060547,18.200000762939453,18.899999618530273,15580
2012-10-09,18.0,18.0,18.799999237060547,18.0,18.700000762939453,11240
2012-10-10,17.700000762939453,17.700000762939453,18.200000762939453,17.5,18.0,10630
2012-10-11,17.799999237060547,17.799999237060547,18.0,17.5,17.5,7820
2012-10-12,17.700000762939453,17.700000762939453,18.600000381469727,17.700000762939453,18.600000381469727,9170
2012-10-15,18.0,18.0,18.200000762939453,17.700000762939453,17.700000762939453,5090
2012-10-16,17.799999237060547,17.799999237060547,18.100000381469727,17.799999237060547,18.0,7220
2012-10-17,18.0,18.0,18.100000381469727,17.700000762939453,17.799999237060547,9430
2012-10-18,17.5,17.5,17.899999618530273,17.399999618530273,17.799999237060547,9770
2012-10-19,17.299999237060547,17.299999237060547,17.5,16.700000762939453,17.200000762939453,18540
2012-10-22,17.0,17.0,17.299999237060547,16.899999618530273,17.100000381469727,8780
2012-10-23,17.5,17.5,17.700000762939453,17.100000381469727,17.200000762939453,16450
2012-10-24,17.700000762939453,17.700000762939453,17.899999618530273,17.200000762939453,17.5,5620
2012-10-25,17.299999237060547,17.299999237060547,17.5,17.299999237060547,17.5,4460
2012-10-26,16.600000381469727,16.600000381469727,17.299999237060547,16.5,17.299999237060547,16550
2012-10-31,16.5,16.5,16.899999618530273,16.399999618530273,16.5,8370
2012-11-01,16.600000381469727,16.600000381469727,17.0,16.299999237060547,16.5,11980
2012-11-02,16.299999237060547,16.299999237060547,16.700000762939453,16.299999237060547,16.5,5710
2012-11-05,16.899999618530273,16.899999618530273,17.200000762939453,16.399999618530273,16.399999618530273,9400
2012-11-06,17.600000381469727,17.600000381469727,17.799999237060547,16.700000762939453,16.700000762939453,11640
2012-11-07,17.100000381469727,17.100000381469727,18.0,16.600000381469727,17.100000381469727,24130
2012-11-08,14.600000381469727,14.600000381469727,17.0,14.300000190734863,16.899999618530273,48640
2012-11-09,13.5,13.5,14.600000381469727,13.399999618530273,14.399999618530273,22800
2012-11-12,14.100000381469727,14.100000381469727,14.5,13.300000190734863,13.5,18530
2012-11-13,13.699999809265137,13.699999809265137,14.5,13.699999809265137,14.0,10820
2012-11-14,13.399999618530273,13.399999618530273,14.100000381469727,13.300000190734863,13.800000190734863,13890
2012-11-15,13.0,13.0,14.0,13.0,13.600000381469727,17220
2012-11-16,12.800000190734863,12.800000190734863,13.600000381469727,12.600000381469727,13.0,12350
2012-11-19,12.600000381469727,12.600000381469727,13.600000381469727,12.399999618530273,12.5,53190
2012-11-20,12.899999618530273,12.899999618530273,13.300000190734863,12.5,12.699999809265137,20640
2012-11-21,12.699999809265137,12.699999809265137,13.100000381469727,12.0,12.100000381469727,163270
2012-11-23,12.5,12.5,13.0,12.5,12.5,16280
2012-11-26,12.100000381469727,12.100000381469727,12.699999809265137,12.0,12.399999618530273,51240
2012-11-27,13.0,13.0,13.600000381469727,11.699999809265137,12.0,396120
2012-11-28,13.5,13.5,13.899999618530273,12.699999809265137,12.699999809265137,42640
2012-11-29,14.0,14.0,14.199999809265137,13.399999618530273,13.5,41920
2012-11-30,13.600000381469727,13.600000381469727,14.5,13.600000381469727,14.0,119750
2012-12-03,13.300000190734863,13.300000190734863,14.0,13.100000381469727,13.5,13280
2012-12-04,12.899999618530273,12.899999618530273,13.300000190734863,12.800000190734863,13.199999809265137,15930
2012-12-05,12.5,12.5,13.100000381469727,12.399999618530273,12.800000190734863,25420
2012-12-06,13.600000381469727,13.600000381469727,13.699999809265137,12.5,12.5,64320
2012-12-07,13.100000381469727,13.100000381469727,13.699999809265137,13.0,13.399999618530273,14390
2012-12-10,12.800000190734863,12.800000190734863,14.0,12.699999809265137,13.300000190734863,26240
2012-12-11,13.0,13.0,13.600000381469727,12.800000190734863,12.800000190734863,17100
2012-12-12,13.300000190734863,13.300000190734863,13.5,13.0,13.199999809265137,21120
2012-12-13,14.300000190734863,14.300000190734863,14.300000190734863,13.100000381469727,13.300000190734863,76660
2012-12-14,14.699999809265137,14.699999809265137,15.0,14.0,14.0,54220
2012-12-17,14.600000381469727,14.600000381469727,14.800000190734863,14.300000190734863,14.5,16660
2012-12-18,14.399999618530273,14.399999618530273,14.699999809265137,14.300000190734863,14.300000190734863,12160
2012-12-19,14.399999618530273,14.399999618530273,14.5,13.800000190734863,14.399999618530273,23230
2012-12-20,14.199999809265137,14.199999809265137,14.399999618530273,13.600000381469727,13.899999618530273,21020
2012-12-21,14.5,14.5,14.5,13.699999809265137,14.0,21330
2012-12-24,14.199999809265137,14.199999809265137,14.300000190734863,13.699999809265137,14.300000190734863,12290
2012-12-26,13.300000190734863,13.300000190734863,14.300000190734863,13.300000190734863,14.300000190734863,29430
2012-12-27,12.800000190734863,12.800000190734863,13.5,12.600000381469727,13.199999809265137,41620
2012-12-28,13.0,13.0,13.199999809265137,12.699999809265137,12.699999809265137,49200
2012-12-31,13.300000190734863,13.300000190734863,13.5,12.800000190734863,12.899999618530273,48300
2013-01-02,13.199999809265137,13.199999809265137,13.899999618530273,13.100000381469727,13.5,34690
2013-01-03,12.899999618530273,12.899999618530273,13.600000381469727,12.699999809265137,13.100000381469727,20960
2013-01-04,12.899999618530273,12.899999618530273,13.399999618530273,12.899999618530273,13.100000381469727,42550
2013-01-07,13.0,13.0,13.600000381469727,12.899999618530273,13.100000381469727,43990
2013-01-08,13.300000190734863,13.300000190734863,13.399999618530273,12.899999618530273,13.100000381469727,58440
2013-01-09,13.899999618530273,13.899999618530273,14.199999809265137,13.199999809265137,13.399999618530273,118470
2013-01-10,13.5,13.5,14.600000381469727,13.399999618530273,14.0,113400
2013-01-11,13.5,13.5,13.600000381469727,12.899999618530273,13.5,63190
2013-01-14,13.399999618530273,13.399999618530273,14.199999809265137,13.100000381469727,13.699999809265137,47860
2013-01-15,14.899999618530273,14.899999618530273,15.5,13.399999618530273,13.399999618530273,195580
2013-01-16,16.899999618530273,16.899999618530273,18.0,15.0,15.0,470490
2013-01-17,16.600000381469727,16.600000381469727,17.100000381469727,16.100000381469727,16.700000762939453,108060
2013-01-18,16.200000762939453,16.200000762939453,17.0,16.0,16.399999618530273,50400
2013-01-22,15.600000381469727,15.600000381469727,16.5,15.300000190734863,16.5,51070
2013-01-23,16.299999237060547,16.299999237060547,16.299999237060547,15.5,15.800000190734863,40540
2013-01-24,15.899999618530273,15.899999618530273,16.600000381469727,15.600000381469727,16.299999237060547,41970
2013-01-25,15.300000190734863,15.300000190734863,16.100000381469727,15.100000381469727,15.699999809265137,72590
2013-01-28,17.399999618530273,17.399999618530273,17.799999237060547,15.100000381469727,15.399999618530273,189360
2013-01-29,18.5,18.5,19.200000762939453,17.100000381469727,17.200000762939453,311880
2013-01-30,19.100000381469727,19.100000381469727,19.399999618530273,17.799999237060547,18.5,115570
2013-01-31,18.799999237060547,18.799999237060547,19.5,18.5,19.5,50140
2013-02-01,19.100000381469727,19.100000381469727,19.200000762939453,18.5,19.200000762939453,36690
2013-02-04,18.299999237060547,18.299999237060547,19.200000762939453,18.0,18.899999618530273,40350
2013-02-05,19.5,19.5,19.5,18.100000381469727,18.200000762939453,52730
2013-02-06,19.100000381469727,19.100000381469727,20.5,18.799999237060547,19.700000762939453,95420
2013-02-07,19.700000762939453,19.700000762939453,19.799999237060547,18.600000381469727,19.0,30840
2013-02-08,19.899999618530273,19.899999618530273,20.200000762939453,19.600000381469727,19.899999618530273,39840
2013-02-11,20.0,20.0,20.299999237060547,19.200000762939453,19.600000381469727,34000
2013-02-12,20.700000762939453,20.700000762939453,20.799999237060547,19.200000762939453,20.100000381469727,56400
2013-02-13,20.700000762939453,20.700000762939453,21.399999618530273,20.299999237060547,20.600000381469727,100340
2013-02-14,19.899999618530273,19.899999618530273,20.899999618530273,19.700000762939453,20.899999618530273,43510
2013-02-15,20.200000762939453,20.200000762939453,20.200000762939453,19.299999237060547,19.799999237060547,48700
2013-02-19,19.899999618530273,19.899999618530273,20.200000762939453,19.5,19.899999618530273,28700
2013-02-20,18.5,18.5,20.0,18.200000762939453,20.0,78730
2013-02-21,17.899999618530273,17.899999618530273,18.5,17.600000381469727,18.200000762939453,86680
2013-02-22,19.899999618530273,19.899999618530273,19.899999618530273,18.0,18.0,63260
2013-02-25,20.200000762939453,20.200000762939453,21.0,20.100000381469727,20.399999618530273,71180
2013-02-26,23.100000381469727,23.100000381469727,23.399999618530273,20.299999237060547,20.5,91040
2013-02-27,21.799999237060547,21.799999237060547,24.399999618530273,21.5,23.100000381469727,61050
2013-02-28,21.700000762939453,21.700000762939453,22.399999618530273,21.200000762939453,21.799999237060547,37120
2013-03-01,23.100000381469727,23.100000381469727,23.5,21.700000762939453,22.0,43380
2013-03-04,21.0,21.0,23.5,20.700000762939453,23.5,33640
2013-03-05,21.600000381469727,21.600000381469727,22.0,21.100000381469727,21.299999237060547,22390
2013-03-06,20.899999618530273,20.899999618530273,21.799999237060547,20.799999237060547,21.799999237060547,12060
2013-03-07,21.200000762939453,21.200000762939453,21.799999237060547,20.700000762939453,20.700000762939453,17660
2013-03-08,21.100000381469727,21.100000381469727,22.299999237060547,21.0,21.0,32400
2013-03-11,20.799999237060547,20.799999237060547,21.100000381469727,20.600000381469727,21.100000381469727,11950
2013-03-12,19.799999237060547,19.799999237060547,21.100000381469727,19.600000381469727,21.100000381469727,24360
2013-03-13,20.200000762939453,20.200000762939453,20.299999237060547,19.799999237060547,19.899999618530273,12560
2013-03-14,20.899999618530273,20.899999618530273,20.899999618530273,20.100000381469727,20.100000381469727,18540
2013-03-15,20.100000381469727,20.100000381469727,20.799999237060547,19.5,20.700000762939453,61330
2013-03-18,19.899999618530273,19.899999618530273,20.200000762939453,19.399999618530273,20.200000762939453,11810
2013-03-19,18.5,18.5,19.700000762939453,18.5,19.600000381469727,28230
2013-03-20,19.5,19.5,19.899999618530273,18.5,18.5,13640
2013-03-21,18.899999618530273,18.899999618530273,19.5,18.799999237060547,19.5,7500
2013-03-22,19.299999237060547,19.299999237060547,19.399999618530273,18.799999237060547,18.899999618530273,7560
2013-03-25,19.100000381469727,19.100000381469727,19.5,18.700000762939453,19.5,8930
2013-03-26,19.600000381469727,19.600000381469727,19.899999618530273,18.899999618530273,18.899999618530273,16780
2013-03-27,19.399999618530273,19.399999618530273,19.700000762939453,19.100000381469727,19.700000762939453,10950
2013-03-28,19.899999618530273,19.899999618530273,20.299999237060547,19.0,19.200000762939453,30770
2013-04-01,19.700000762939453,19.700000762939453,20.0,19.0,19.600000381469727,13900
2013-04-02,19.600000381469727,19.600000381469727,20.0,19.299999237060547,19.700000762939453,13920
2013-04-03,20.299999237060547,20.299999237060547,20.5,19.700000762939453,19.899999618530273,37900
2013-04-04,20.5,20.5,20.899999618530273,20.299999237060547,20.299999237060547,15360
2013-04-05,20.200000762939453,20.200000762939453,20.700000762939453,19.799999237060547,20.5,13520
2013-04-08,20.600000381469727,20.600000381469727,20.899999618530273,20.0,20.0,12930
2013-04-09,20.5,20.5,20.799999237060547,20.100000381469727,20.5,10700
2013-04-10,20.600000381469727,20.600000381469727,20.899999618530273,20.200000762939453,20.399999618530273,15070
2013-04-11,20.799999237060547,20.799999237060547,20.899999618530273,20.399999618530273,20.399999618530273,12350
2013-04-12,21.0,21.0,21.0,20.600000381469727,20.600000381469727,12920
2013-04-15,20.299999237060547,20.299999237060547,21.200000762939453,20.200000762939453,21.100000381469727,17420
2013-04-16,21.0,21.0,21.0,20.200000762939453,20.200000762939453,12130
2013-04-17,20.399999618530273,20.399999618530273,21.200000762939453,19.799999237060547,21.200000762939453,17050
2013-04-18,20.299999237060547,20.299999237060547,20.899999618530273,20.0,20.299999237060547,14990
2013-04-19,20.0,20.0,20.5,20.0,20.5,11400
2013-04-22,20.399999618530273,20.399999618530273,20.399999618530273,20.0,20.399999618530273,21670
2013-04-23,20.799999237060547,20.799999237060547,20.899999618530273,20.100000381469727,20.299999237060547,20310
2013-04-24,22.5,22.5,22.899999618530273,20.799999237060547,20.799999237060547,51630
2013-04-25,23.200000762939453,23.200000762939453,23.5,22.100000381469727,22.399999618530273,43160
2013-04-26,23.299999237060547,23.299999237060547,24.100000381469727,23.200000762939453,23.700000762939453,32670
2013-04-29,25.700000762939453,25.700000762939453,25.799999237060547,23.299999237060547,23.299999237060547,38470
2013-04-30,26.200000762939453,26.200000762939453,27.5,26.200000762939453,26.5,54730
2013-05-01,27.100000381469727,27.100000381469727,28.100000381469727,26.0,26.0,36230
2013-05-02,27.399999618530273,27.399999618530273,27.700000762939453,27.100000381469727,27.5,32640
2013-05-03,27.600000381469727,27.600000381469727,28.100000381469727,27.5,27.799999237060547,20520
2013-05-06,28.200000762939453,28.200000762939453,29.0,27.700000762939453,29.0,42680
2013-05-07,26.799999237060547,26.799999237060547,29.0,25.5,29.0,48910
2013-05-08,27.600000381469727,27.600000381469727,27.899999618530273,26.0,27.0,23520
2013-05-09,28.100000381469727,28.100000381469727,28.5,27.299999237060547,28.0,25610
2013-05-10,30.799999237060547,30.799999237060547,31.0,28.0,28.600000381469727,41740
2013-05-13,33.099998474121094,33.099998474121094,33.20000076293945,30.799999237060547,31.399999618530273,75460
2013-05-14,35.0,35.0,36.29999923706055,33.099998474121094,33.099998474121094,118430
2013-05-15,33.400001525878906,33.400001525878906,35.099998474121094,32.0,35.0,58080
2013-05-16,32.70000076293945,32.70000076293945,33.79999923706055,32.099998474121094,33.79999923706055,25130
2013-05-17,33.20000076293945,33.20000076293945,33.79999923706055,32.5,32.5,17670
2013-05-20,34.20000076293945,34.20000076293945,34.5,33.20000076293945,33.900001525878906,29510
2013-05-21,33.599998474121094,33.599998474121094,34.400001525878906,33.099998474121094,34.400001525878906,29240
2013-05-22,33.70000076293945,33.70000076293945,34.5,33.400001525878906,33.5,30590
2013-05-23,34.099998474121094,34.099998474121094,34.400001525878906,32.5,32.5,22410
2013-05-24,35.900001525878906,35.900001525878906,36.900001525878906,33.400001525878906,33.900001525878906,79090
2013-05-28,34.70000076293945,34.70000076293945,37.099998474121094,34.29999923706055,36.5,32640
2013-05-29,33.70000076293945,33.70000076293945,35.20000076293945,33.0,34.20000076293945,31190
2013-05-30,34.400001525878906,34.400001525878906,34.900001525878906,33.400001525878906,33.5,18930
2013-05-31,34.20000076293945,34.20000076293945,35.0,34.0,34.5,14420
2013-06-03,32.70000076293945,32.70000076293945,34.20000076293945,28.5,34.099998474121094,118410
2013-06-04,34.099998474121094,34.099998474121094,35.400001525878906,32.79999923706055,32.79999923706055,50560
2013-06-05,34.400001525878906,34.400001525878906,34.900001525878906,33.20000076293945,33.900001525878906,35330
2013-06-06,36.29999923706055,36.29999923706055,36.599998474121094,33.599998474121094,34.29999923706055,43810
2013-06-07,39.099998474121094,39.099998474121094,39.5,36.5,36.5,77610
2013-06-10,39.400001525878906,39.400001525878906,41.400001525878906,38.29999923706055,39.70000076293945,50010
2013-06-11,39.5,39.5,39.900001525878906,38.29999923706055,38.29999923706055,18640
2013-06-12,37.900001525878906,37.900001525878906,39.900001525878906,37.400001525878906,39.5,20180
2013-06-13,39.29999923706055,39.29999923706055,39.599998474121094,37.400001525878906,38.20000076293945,18890
2013-06-14,39.0,39.0,40.5,38.5,39.20000076293945,24980
2013-06-17,38.70000076293945,38.70000076293945,39.5,38.5,39.099998474121094,16740
2013-06-18,38.79999923706055,38.79999923706055,39.20000076293945,38.5,38.70000076293945,9630
2013-06-19,38.599998474121094,38.599998474121094,39.099998474121094,38.20000076293945,39.0,17490
2013-06-20,36.0,36.0,37.900001525878906,35.20000076293945,37.900001525878906,25440
2013-06-21,35.099998474121094,35.099998474121094,37.099998474121094,35.0,36.5,20470
2013-06-24,33.20000076293945,33.20000076293945,34.099998474121094,30.100000381469727,34.099998474121094,67380
2013-06-25,33.20000076293945,33.20000076293945,34.79999923706055,31.200000762939453,33.400001525878906,43960
2013-06-26,37.70000076293945,37.70000076293945,38.400001525878906,33.400001525878906,33.400001525878906,39200
2013-06-27,39.0,39.0,39.70000076293945,37.70000076293945,38.099998474121094,21870
2013-06-28,39.5,39.5,40.099998474121094,37.70000076293945,39.0,25390
2013-07-01,40.599998474121094,40.599998474121094,41.0,39.900001525878906,40.0,18460
2013-07-02,40.900001525878906,40.900001525878906,41.5,40.20000076293945,40.900001525878906,20860
2013-07-03,40.5,40.5,41.70000076293945,40.400001525878906,40.70000076293945,16020
2013-07-05,41.70000076293945,41.70000076293945,41.70000076293945,40.599998474121094,40.70000076293945,10340
2013-07-08,42.5,42.5,43.70000076293945,42.29999923706055,42.599998474121094,53710
2013-07-09,40.0,40.0,43.20000076293945,39.900001525878906,43.099998474121094,38000
2013-07-10,40.599998474121094,40.599998474121094,41.20000076293945,38.5,39.599998474121094,12260
2013-07-11,39.79999923706055,39.79999923706055,41.400001525878906,39.5,41.400001525878906,15470
2013-07-12,40.5,40.5,40.79999923706055,38.79999923706055,39.900001525878906,5980
2013-07-15,40.20000076293945,40.20000076293945,40.70000076293945,39.900001525878906,40.70000076293945,11190
2013-07-16,39.5,39.5,40.0,39.0,40.0,13080
2013-07-17,39.400001525878906,39.400001525878906,40.099998474121094,39.20000076293945,39.599998474121094,8860
2013-07-18,39.5,39.5,40.0,39.0,39.400001525878906,9690
2013-07-19,39.79999923706055,39.79999923706055,41.20000076293945,39.20000076293945,39.20000076293945,26620
2013-07-22,39.900001525878906,39.900001525878906,40.20000076293945,39.20000076293945,39.900001525878906,18630
2013-07-23,40.400001525878906,40.400001525878906,40.70000076293945,40.0,40.20000076293945,11720
2013-07-24,39.599998474121094,39.599998474121094,40.70000076293945,39.400001525878906,40.70000076293945,10440
2013-07-25,39.20000076293945,39.20000076293945,39.900001525878906,38.70000076293945,39.900001525878906,11550
2013-07-26,41.0,41.0,41.099998474121094,39.099998474121094,39.29999923706055,21770
2013-07-29,42.70000076293945,42.70000076293945,43.29999923706055,41.099998474121094,41.29999923706055,18960
2013-07-30,42.400001525878906,42.400001525878906,44.29999923706055,42.400001525878906,43.099998474121094,10400
2013-07-31,42.400001525878906,42.400001525878906,43.0,42.0,42.900001525878906,9100
2013-08-01,42.5,42.5,43.400001525878906,41.0,42.20000076293945,15950
2013-08-02,41.70000076293945,41.70000076293945,42.900001525878906,41.0,42.29999923706055,7670
2013-08-05,41.29999923706055,41.29999923706055,42.79999923706055,41.099998474121094,41.599998474121094,18450
2013-08-06,40.70000076293945,40.70000076293945,41.79999923706055,39.79999923706055,41.099998474121094,14790
2013-08-07,36.099998474121094,36.099998474121094,40.599998474121094,36.0,40.099998474121094,51180
2013-08-08,36.400001525878906,36.400001525878906,37.70000076293945,32.900001525878906,33.5,36950
2013-08-09,34.599998474121094,34.599998474121094,37.29999923706055,34.29999923706055,36.20000076293945,25430
2013-08-12,34.79999923706055,34.79999923706055,36.29999923706055,34.5,35.0,22140
2013-08-13,35.400001525878906,35.400001525878906,35.70000076293945,33.20000076293945,34.5,13780
2013-08-14,35.70000076293945,35.70000076293945,36.099998474121094,34.400001525878906,35.0,12680
2013-08-15,34.400001525878906,34.400001525878906,35.5,33.79999923706055,35.400001525878906,15850
2013-08-16,32.0,32.0,34.0,31.799999237060547,34.0,20160
2013-08-19,32.20000076293945,32.20000076293945,33.29999923706055,31.600000381469727,31.700000762939453,19120
2013-08-20,30.799999237060547,30.799999237060547,32.099998474121094,30.0,31.200000762939453,51620
2013-08-21,32.29999923706055,32.29999923706055,32.5,30.200000762939453,30.399999618530273,20480
2013-08-22,32.70000076293945,32.70000076293945,33.400001525878906,31.899999618530273,32.599998474121094,6820
2013-08-23,33.20000076293945,33.20000076293945,33.79999923706055,32.5,32.79999923706055,8910
2013-08-26,33.099998474121094,33.099998474121094,33.70000076293945,32.5,33.0,14610
2013-08-27,31.200000762939453,31.200000762939453,33.20000076293945,31.0,32.400001525878906,16040
2013-08-28,32.099998474121094,32.099998474121094,32.599998474121094,31.0,31.0,11050
2013-08-29,31.299999237060547,31.299999237060547,32.900001525878906,31.200000762939453,31.799999237060547,6650
2013-08-30,29.0,29.0,31.799999237060547,27.799999237060547,31.0,37470
2013-09-03,28.899999618530273,28.899999618530273,29.899999618530273,28.600000381469727,29.299999237060547,11070
2013-09-04,29.0,29.0,29.299999237060547,28.399999618530273,28.799999237060547,14050
2013-09-05,29.600000381469727,29.600000381469727,29.899999618530273,28.899999618530273,29.200000762939453,13090
2013-09-06,29.899999618530273,29.899999618530273,31.0,29.200000762939453,29.899999618530273,28170
2013-09-09,30.0,30.0,30.700000762939453,30.0,30.0,11120
2013-09-10,29.600000381469727,29.600000381469727,30.899999618530273,29.299999237060547,30.399999618530273,11080
2013-09-11,33.0,33.0,33.599998474121094,29.399999618530273,29.399999618530273,32500
2013-09-12,31.700000762939453,31.700000762939453,33.0,31.0,33.0,28950
2013-09-13,30.899999618530273,30.899999618530273,32.20000076293945,30.5,31.399999618530273,13960
2013-09-16,29.0,29.0,31.600000381469727,28.700000762939453,31.100000381469727,22710
2013-09-17,29.0,29.0,29.399999618530273,28.600000381469727,29.0,9390
2013-09-18,27.799999237060547,27.799999237060547,29.0,27.600000381469727,28.899999618530273,15500
2013-09-19,27.600000381469727,27.600000381469727,28.399999618530273,27.5,27.799999237060547,12620
2013-09-20,26.899999618530273,26.899999618530273,28.0,26.700000762939453,27.5,31990
2013-09-23,26.799999237060547,26.799999237060547,27.100000381469727,26.100000381469727,26.899999618530273,21870
2013-09-24,26.5,26.5,26.799999237060547,25.700000762939453,26.600000381469727,13280
2013-09-25,27.399999618530273,27.399999618530273,28.200000762939453,26.799999237060547,26.799999237060547,26490
2013-09-26,27.399999618530273,27.399999618530273,27.799999237060547,27.200000762939453,27.700000762939453,5350
2013-09-27,27.0,27.0,27.299999237060547,26.5,27.299999237060547,12740
2013-09-30,26.100000381469727,26.100000381469727,26.600000381469727,25.799999237060547,26.399999618530273,9540
2013-10-01,26.700000762939453,26.700000762939453,27.100000381469727,26.299999237060547,26.399999618530273,12200
2013-10-02,27.799999237060547,27.799999237060547,27.799999237060547,26.600000381469727,26.899999618530273,31520
2013-10-03,27.200000762939453,27.200000762939453,27.700000762939453,27.0,27.0,15180
2013-10-04,28.600000381469727,28.600000381469727,29.200000762939453,27.100000381469727,27.899999618530273,17070
2013-10-07,28.600000381469727,28.600000381469727,28.899999618530273,27.799999237060547,28.899999618530273,10090
2013-10-08,27.600000381469727,27.600000381469727,28.399999618530273,27.5,28.399999618530273,13000
2013-10-09,27.399999618530273,27.399999618530273,28.299999237060547,26.799999237060547,27.399999618530273,17100
2013-10-10,28.200000762939453,28.200000762939453,28.299999237060547,27.5,27.799999237060547,12030
2013-10-11,28.200000762939453,28.200000762939453,28.5,27.799999237060547,28.200000762939453,4790
2013-10-14,28.299999237060547,28.299999237060547,28.5,27.799999237060547,28.0,5600
2013-10-15,31.299999237060547,31.299999237060547,32.900001525878906,28.299999237060547,28.299999237060547,55790
2013-10-16,31.5,31.5,33.599998474121094,31.0,31.299999237060547,33350
2013-10-17,33.0,33.0,33.0,30.5,31.5,23940
2013-10-18,32.70000076293945,32.70000076293945,33.0,32.400001525878906,33.0,14170
2013-10-21,32.20000076293945,32.20000076293945,33.29999923706055,31.0,33.0,7910
2013-10-22,31.600000381469727,31.600000381469727,32.0,31.299999237060547,32.0,5340
2013-10-23,32.70000076293945,32.70000076293945,32.79999923706055,30.700000762939453,31.299999237060547,12680
2013-10-24,31.899999618530273,31.899999618530273,33.400001525878906,31.5,32.79999923706055,17690
2013-10-25,30.700000762939453,30.700000762939453,31.799999237060547,30.5,31.799999237060547,10290
2013-10-28,30.299999237060547,30.299999237060547,31.700000762939453,30.100000381469727,30.700000762939453,11150
2013-10-29,30.799999237060547,30.799999237060547,31.299999237060547,30.299999237060547,30.5,4630
2013-10-30,30.700000762939453,30.700000762939453,31.100000381469727,30.600000381469727,30.700000762939453,6480
2013-10-31,30.700000762939453,30.700000762939453,30.899999618530273,30.5,30.899999618530273,5890
2013-11-01,31.100000381469727,31.100000381469727,31.299999237060547,30.700000762939453,30.899999618530273,5720
2013-11-04,29.799999237060547,29.799999237060547,31.399999618530273,29.5,31.0,21210
2013-11-05,29.799999237060547,29.799999237060547,30.0,29.600000381469727,29.799999237060547,5680
2013-11-06,29.100000381469727,29.100000381469727,30.0,28.100000381469727,29.799999237060547,26810
2013-11-07,21.700000762939453,21.700000762939453,22.799999237060547,20.799999237060547,22.0,128260
2013-11-08,22.399999618530273,22.399999618530273,22.600000381469727,21.0,21.799999237060547,22850
2013-11-11,21.899999618530273,21.899999618530273,22.799999237060547,21.200000762939453,22.700000762939453,20650
2013-11-12,21.600000381469727,21.600000381469727,22.0,21.200000762939453,21.700000762939453,11430
2013-11-13,21.399999618530273,21.399999618530273,21.899999618530273,21.299999237060547,21.299999237060547,8340
2013-11-14,21.0,21.0,21.799999237060547,20.799999237060547,21.5,26780
2013-11-15,20.899999618530273,20.899999618530273,21.100000381469727,20.200000762939453,21.100000381469727,27140
2013-11-18,20.700000762939453,20.700000762939453,21.100000381469727,20.299999237060547,20.899999618530273,6820
2013-11-19,19.899999618530273,19.899999618530273,20.799999237060547,19.5,20.799999237060547,36190
2013-11-20,19.899999618530273,19.899999618530273,20.0,19.5,19.5,2420
2013-11-21,19.799999237060547,19.799999237060547,20.100000381469727,19.799999237060547,19.799999237060547,7690
2013-11-22,20.600000381469727,20.600000381469727,21.0,19.799999237060547,20.0,10580
2013-11-25,20.5,20.5,20.899999618530273,20.200000762939453,20.799999237060547,11080
2013-11-26,20.5,20.5,20.700000762939453,20.399999618530273,20.5,11110
2013-11-27,21.600000381469727,21.600000381469727,21.700000762939453,20.5,20.5,15810
2013-11-29,21.600000381469727,21.600000381469727,22.0,21.100000381469727,22.0,2420
2013-12-02,21.200000762939453,21.200000762939453,21.899999618530273,20.799999237060547,21.899999618530273,6310
2013-12-03,20.899999618530273,20.899999618530273,21.5,20.799999237060547,21.100000381469727,8570
2013-12-04,21.0,21.0,21.100000381469727,20.799999237060547,21.0,1870
2013-12-05,21.399999618530273,21.399999618530273,21.5,20.899999618530273,21.0,16560
2013-12-06,21.399999618530273,21.399999618530273,21.5,21.0,21.0,7610
2013-12-09,21.100000381469727,21.100000381469727,21.600000381469727,20.899999618530273,21.200000762939453,11470
2013-12-10,21.200000762939453,21.200000762939453,21.399999618530273,20.899999618530273,21.0,4410
2013-12-11,21.0,21.0,21.399999618530273,20.899999618530273,21.399999618530273,3720
2013-12-12,20.600000381469727,20.600000381469727,21.299999237060547,20.5,20.899999618530273,10190
2013-12-13,20.299999237060547,20.299999237060547,20.899999618530273,20.200000762939453,20.899999618530273,10970
2013-12-16,20.600000381469727,20.600000381469727,20.899999618530273,20.200000762939453,20.200000762939453,11500
2013-12-17,20.899999618530273,20.899999618530273,21.0,20.5,20.5,2930
2013-12-18,21.0,21.0,21.0,20.700000762939453,20.899999618530273,6630
2013-12-19,21.100000381469727,21.100000381469727,21.200000762939453,20.899999618530273,21.0,4450
2013-12-20,21.5,21.5,21.5,21.200000762939453,21.299999237060547,18430
2013-12-23,22.399999618530273,22.399999618530273,22.5,21.299999237060547,21.299999237060547,18010
2013-12-24,22.799999237060547,22.799999237060547,22.799999237060547,21.899999618530273,22.100000381469727,8690
2013-12-26,22.600000381469727,22.600000381469727,23.5,22.200000762939453,22.799999237060547,8400
2013-12-27,22.899999618530273,22.899999618530273,22.899999618530273,21.600000381469727,22.299999237060547,26350
2013-12-30,24.100000381469727,24.100000381469727,24.299999237060547,22.600000381469727,22.600000381469727,24010
2013-12-31,23.700000762939453,23.700000762939453,24.100000381469727,23.200000762939453,24.0,19590
2014-01-02,23.100000381469727,23.100000381469727,23.5,22.0,23.5,26890
2014-01-03,23.700000762939453,23.700000762939453,23.700000762939453,23.0,23.299999237060547,9540
2014-01-06,23.600000381469727,23.600000381469727,24.200000762939453,23.200000762939453,23.799999237060547,21460
2014-01-07,25.100000381469727,25.100000381469727,25.299999237060547,23.399999618530273,23.600000381469727,35270
2014-01-08,24.100000381469727,24.100000381469727,25.600000381469727,24.100000381469727,25.0,24580
2014-01-09,23.5,23.5,24.5,23.100000381469727,24.100000381469727,6830
2014-01-10,23.299999237060547,23.299999237060547,23.5,23.100000381469727,23.399999618530273,9110
2014-01-13,22.100000381469727,22.100000381469727,23.600000381469727,22.100000381469727,23.100000381469727,14920
2014-01-14,23.200000762939453,23.200000762939453,23.299999237060547,22.0,22.299999237060547,12630
2014-01-15,23.899999618530273,23.899999618530273,24.299999237060547,22.700000762939453,23.100000381469727,13570
2014-01-16,26.100000381469727,26.100000381469727,26.700000762939453,24.799999237060547,24.899999618530273,45030
2014-01-17,27.100000381469727,27.100000381469727,27.299999237060547,25.799999237060547,26.100000381469727,26640
2014-01-21,30.200000762939453,30.200000762939453,30.5,27.600000381469727,28.399999618530273,56940
2014-01-22,33.70000076293945,33.70000076293945,33.79999923706055,30.399999618530273,30.399999618530273,64330
2014-01-23,33.20000076293945,33.20000076293945,34.0,31.799999237060547,33.70000076293945,43830
2014-01-24,30.600000381469727,30.600000381469727,32.70000076293945,30.200000762939453,32.70000076293945,37190
2014-01-27,28.200000762939453,28.200000762939453,31.0,27.5,30.399999618530273,43420
2014-01-28,29.200000762939453,29.200000762939453,29.5,27.899999618530273,28.100000381469727,19720
2014-01-29,28.299999237060547,28.299999237060547,28.700000762939453,27.5,28.700000762939453,18440
2014-01-30,28.600000381469727,28.600000381469727,29.399999618530273,27.700000762939453,28.5,11260
2014-01-31,26.700000762939453,26.700000762939453,28.799999237060547,26.700000762939453,28.100000381469727,22840
2014-02-03,25.700000762939453,25.700000762939453,27.200000762939453,25.299999237060547,26.5,18470
2014-02-04,25.799999237060547,25.799999237060547,27.5,25.5,25.799999237060547,14800
2014-02-05,24.799999237060547,24.799999237060547,26.399999618530273,24.5,25.700000762939453,19620
2014-02-06,26.700000762939453,26.700000762939453,27.200000762939453,25.100000381469727,25.200000762939453,14750
2014-02-07,26.0,26.0,27.100000381469727,25.5,27.100000381469727,21180
2014-02-10,25.600000381469727,25.600000381469727,26.100000381469727,25.100000381469727,26.0,12670
2014-02-11,26.0,26.0,26.5,25.600000381469727,26.0,6660
2014-02-12,25.700000762939453,25.700000762939453,26.5,25.600000381469727,26.299999237060547,6830
2014-02-13,26.899999618530273,26.899999618530273,27.200000762939453,25.700000762939453,25.700000762939453,16140
2014-02-14,25.299999237060547,25.299999237060547,26.799999237060547,25.0,26.799999237060547,18130
2014-02-18,25.799999237060547,25.799999237060547,26.700000762939453,25.299999237060547,25.600000381469727,18970
2014-02-19,25.5,25.5,26.299999237060547,24.200000762939453,25.899999618530273,29180
2014-02-20,25.100000381469727,25.100000381469727,25.700000762939453,24.799999237060547,25.700000762939453,11170
2014-02-21,25.5,25.5,26.299999237060547,24.799999237060547,25.100000381469727,12580
2014-02-24,25.700000762939453,25.700000762939453,26.0,25.299999237060547,25.899999618530273,11500
2014-02-25,25.5,25.5,25.799999237060547,24.899999618530273,25.799999237060547,12210
2014-02-26,24.700000762939453,24.700000762939453,25.600000381469727,24.5,25.299999237060547,14610
2014-02-27,24.899999618530273,24.899999618530273,25.399999618530273,23.700000762939453,24.799999237060547,35340
2014-02-28,24.100000381469727,24.100000381469727,25.299999237060547,23.200000762939453,25.0,32400
2014-03-03,23.5,23.5,23.799999237060547,23.100000381469727,23.799999237060547,18350
2014-03-04,25.0,25.0,25.299999237060547,23.5,23.799999237060547,36080
2014-03-05,25.899999618530273,25.899999618530273,26.799999237060547,24.799999237060547,25.0,31230
2014-03-06,28.5,28.5,28.5,26.399999618530273,26.799999237060547,74990
2014-03-07,21.200000762939453,21.200000762939453,22.899999618530273,21.0,21.799999237060547,325840
2014-03-10,21.100000381469727,21.100000381469727,22.299999237060547,20.799999237060547,21.600000381469727,91360
2014-03-11,20.899999618530273,20.899999618530273,22.100000381469727,20.5,21.299999237060547,87790
2014-03-12,20.399999618530273,20.399999618530273,21.100000381469727,19.799999237060547,20.5,59130
2014-03-13,19.700000762939453,19.700000762939453,20.799999237060547,19.700000762939453,20.700000762939453,43610
2014-03-14,19.700000762939453,19.700000762939453,20.799999237060547,19.700000762939453,19.899999618530273,55570
2014-03-17,19.0,19.0,20.600000381469727,18.799999237060547,19.899999618530273,73800
2014-03-18,19.100000381469727,19.100000381469727,19.399999618530273,18.299999237060547,18.799999237060547,43560
2014-03-19,18.600000381469727,18.600000381469727,19.799999237060547,18.399999618530273,19.100000381469727,52650
2014-03-20,18.399999618530273,18.399999618530273,18.899999618530273,18.299999237060547,18.700000762939453,40790
2014-03-21,20.0,20.0,20.200000762939453,18.5,18.5,116710
2014-03-24,18.799999237060547,18.799999237060547,20.299999237060547,18.700000762939453,19.799999237060547,54540
2014-03-25,18.700000762939453,18.700000762939453,19.299999237060547,18.600000381469727,18.700000762939453,26110
2014-03-26,18.200000762939453,18.200000762939453,19.299999237060547,18.0,19.100000381469727,28330
2014-03-27,18.100000381469727,18.100000381469727,18.700000762939453,18.0,18.200000762939453,24530
2014-03-28,17.600000381469727,17.600000381469727,18.5,17.5,18.399999618530273,26130
2014-03-31,17.600000381469727,17.600000381469727,17.899999618530273,16.600000381469727,17.899999618530273,40610
2014-04-01,19.299999237060547,19.299999237060547,19.299999237060547,17.200000762939453,17.5,44770
2014-04-02,20.5,20.5,20.5,18.799999237060547,19.100000381469727,103610
2014-04-03,20.700000762939453,20.700000762939453,20.799999237060547,19.200000762939453,20.399999618530273,76310
2014-04-04,19.5,19.5,21.100000381469727,19.5,20.700000762939453,40010
2014-04-07,19.899999618530273,19.899999618530273,20.200000762939453,19.100000381469727,19.100000381469727,39270
2014-04-08,21.200000762939453,21.200000762939453,21.299999237060547,19.5,19.799999237060547,81370
2014-04-09,21.5,21.5,21.799999237060547,20.299999237060547,21.200000762939453,66470
2014-04-10,19.700000762939453,19.700000762939453,21.5,19.5,21.200000762939453,46070
2014-04-11,19.399999618530273,19.399999618530273,20.700000762939453,19.399999618530273,19.5,19390
2014-04-14,18.5,18.5,19.600000381469727,18.299999237060547,19.600000381469727,26110
2014-04-15,18.0,18.0,18.700000762939453,17.799999237060547,18.299999237060547,22180
2014-04-16,19.0,19.0,19.5,18.100000381469727,18.100000381469727,16470
2014-04-17,19.299999237060547,19.299999237060547,19.5,18.5,18.700000762939453,17280
2014-04-21,19.200000762939453,19.200000762939453,19.600000381469727,19.0,19.100000381469727,6450
2014-04-22,20.399999618530273,20.399999618530273,20.399999618530273,19.100000381469727,19.5,19140
2014-04-23,19.5,19.5,20.299999237060547,19.299999237060547,20.0,13290
2014-04-24,19.5,19.5,20.0,19.0,19.899999618530273,12160
2014-04-25,18.600000381469727,18.600000381469727,19.5,18.600000381469727,19.200000762939453,10040
2014-04-28,18.0,18.0,18.700000762939453,17.600000381469727,18.700000762939453,13870
2014-04-29,18.100000381469727,18.100000381469727,18.299999237060547,17.700000762939453,18.100000381469727,24340
2014-04-30,18.100000381469727,18.100000381469727,18.299999237060547,17.899999618530273,18.0,20030
2014-05-01,17.799999237060547,17.799999237060547,18.899999618530273,17.799999237060547,18.399999618530273,14430
2014-05-02,18.100000381469727,18.100000381469727,18.100000381469727,17.899999618530273,17.899999618530273,22470
2014-05-05,18.0,18.0,18.600000381469727,17.899999618530273,18.100000381469727,10720
2014-05-06,17.899999618530273,17.899999618530273,18.399999618530273,17.899999618530273,17.899999618530273,9970
2014-05-07,17.600000381469727,17.600000381469727,18.200000762939453,17.5,18.200000762939453,21840
2014-05-08,17.700000762939453,17.700000762939453,17.799999237060547,17.5,17.600000381469727,24640
2014-05-09,17.5,17.5,17.700000762939453,16.799999237060547,17.600000381469727,35640
2014-05-12,17.299999237060547,17.299999237060547,17.700000762939453,17.200000762939453,17.5,18560
2014-05-13,16.600000381469727,16.600000381469727,17.399999618530273,16.600000381469727,17.100000381469727,18110
2014-05-14,16.600000381469727,16.600000381469727,17.200000762939453,16.399999618530273,16.5,27580
2014-05-15,16.200000762939453,16.200000762939453,16.899999618530273,16.200000762939453,16.700000762939453,17100
2014-05-16,16.0,16.0,16.399999618530273,15.800000190734863,16.200000762939453,14370
2014-05-19,16.200000762939453,16.200000762939453,16.399999618530273,15.699999809265137,15.699999809265137,15970
2014-05-20,15.899999618530273,15.899999618530273,16.299999237060547,15.800000190734863,15.899999618530273,16160
2014-05-21,15.199999809265137,15.199999809265137,16.0,15.100000381469727,15.899999618530273,15840
2014-05-22,15.800000190734863,15.800000190734863,15.800000190734863,15.199999809265137,15.199999809265137,29850
2014-05-23,16.299999237060547,16.299999237060547,16.399999618530273,15.399999618530273,15.600000381469727,12910
2014-05-27,16.5,16.5,17.0,16.299999237060547,16.299999237060547,11840
2014-05-28,16.5,16.5,16.600000381469727,15.699999809265137,16.600000381469727,22410
2014-05-29,16.799999237060547,16.799999237060547,16.799999237060547,16.399999618530273,16.600000381469727,14770
2014-05-30,16.899999618530273,16.899999618530273,17.0,16.100000381469727,16.5,29340
2014-06-02,16.799999237060547,16.799999237060547,17.100000381469727,16.299999237060547,16.700000762939453,8390
2014-06-03,16.299999237060547,16.299999237060547,17.5,16.299999237060547,17.100000381469727,15710
2014-06-04,16.0,16.0,16.799999237060547,15.699999809265137,16.399999618530273,19590
2014-06-05,16.399999618530273,16.399999618530273,16.399999618530273,15.600000381469727,16.0,10640
2014-06-06,16.200000762939453,16.200000762939453,16.899999618530273,16.0,16.299999237060547,6660
2014-06-09,16.799999237060547,16.799999237060547,17.200000762939453,16.0,16.0,8580
2014-06-10,16.899999618530273,16.899999618530273,17.100000381469727,16.5,16.799999237060547,8040
2014-06-11,17.200000762939453,17.200000762939453,17.5,16.5,16.799999237060547,8680
2014-06-12,17.899999618530273,17.899999618530273,18.600000381469727,17.100000381469727,17.100000381469727,27250
2014-06-13,18.100000381469727,18.100000381469727,18.200000762939453,17.399999618530273,18.100000381469727,13360
2014-06-16,18.600000381469727,18.600000381469727,19.100000381469727,17.5,18.600000381469727,21950
2014-06-17,18.899999618530273,18.899999618530273,19.600000381469727,18.299999237060547,18.299999237060547,18870
2014-06-18,19.299999237060547,19.299999237060547,20.5,18.799999237060547,18.799999237060547,16180
2014-06-19,20.0,20.0,20.200000762939453,19.0,19.600000381469727,17630
2014-06-20,21.0,21.0,21.100000381469727,19.600000381469727,20.299999237060547,41420
2014-06-23,20.299999237060547,20.299999237060547,20.899999618530273,20.100000381469727,20.899999618530273,5940
2014-06-24,19.799999237060547,19.799999237060547,20.299999237060547,19.799999237060547,20.0,6600
2014-06-25,19.200000762939453,19.200000762939453,19.799999237060547,19.0,19.799999237060547,6080
2014-06-26,18.700000762939453,18.700000762939453,19.100000381469727,18.600000381469727,19.100000381469727,10280
2014-06-27,19.399999618530273,19.399999618530273,19.5,18.5,18.5,6050
2014-06-30,19.100000381469727,19.100000381469727,19.899999618530273,19.100000381469727,19.5,4100
2014-07-01,19.5,19.5,20.0,19.100000381469727,19.399999618530273,4540
2014-07-02,19.5,19.5,20.299999237060547,19.299999237060547,19.799999237060547,6340
2014-07-03,19.200000762939453,19.200000762939453,19.5,18.899999618530273,19.5,3050
2014-07-07,18.799999237060547,18.799999237060547,19.399999618530273,18.5,18.799999237060547,6360
2014-07-08,20.200000762939453,20.200000762939453,20.5,18.200000762939453,18.5,15660
2014-07-09,19.5,19.5,20.5,19.100000381469727,20.5,12820
2014-07-10,19.100000381469727,19.100000381469727,19.5,18.700000762939453,19.5,9020
2014-07-11,19.100000381469727,19.100000381469727,19.600000381469727,18.5,19.200000762939453,4570
2014-07-14,18.899999618530273,18.899999618530273,19.200000762939453,18.600000381469727,18.899999618530273,5510
2014-07-15,18.600000381469727,18.600000381469727,19.0,18.600000381469727,19.0,4490
2014-07-16,18.399999618530273,18.399999618530273,18.899999618530273,18.399999618530273,18.899999618530273,11430
2014-07-17,18.5,18.5,18.600000381469727,18.299999237060547,18.399999618530273,7760
2014-07-18,18.700000762939453,18.700000762939453,18.899999618530273,18.399999618530273,18.899999618530273,4530
2014-07-21,18.799999237060547,18.799999237060547,18.799999237060547,18.5,18.5,2220
2014-07-22,18.700000762939453,18.700000762939453,19.0,18.100000381469727,19.0,6580
2014-07-23,18.700000762939453,18.700000762939453,18.700000762939453,18.100000381469727,18.700000762939453,3760
2014-07-24,18.899999618530273,18.899999618530273,18.899999618530273,18.299999237060547,18.799999237060547,2710
2014-07-25,19.200000762939453,19.200000762939453,19.899999618530273,18.600000381469727,18.600000381469727,4490
2014-07-28,18.399999618530273,18.399999618530273,19.299999237060547,18.0,19.299999237060547,13880
2014-07-29,18.200000762939453,18.200000762939453,18.5,18.100000381469727,18.200000762939453,2860
2014-07-30,18.700000762939453,18.700000762939453,19.299999237060547,18.5,18.899999618530273,2500
2014-07-31,18.799999237060547,18.799999237060547,19.200000762939453,18.0,18.5,10160
2014-08-01,18.5,18.5,19.0,18.200000762939453,18.799999237060547,6110
2014-08-04,18.700000762939453,18.700000762939453,18.799999237060547,18.0,18.399999618530273,5190
2014-08-05,18.899999618530273,18.899999618530273,19.200000762939453,18.100000381469727,18.799999237060547,15200
2014-08-06,18.799999237060547,18.799999237060547,19.399999618530273,18.399999618530273,18.600000381469727,36060
2014-08-07,18.600000381469727,18.600000381469727,18.799999237060547,16.700000762939453,18.0,63450
2014-08-08,19.5,19.5,21.0,18.0,18.5,64210
2014-08-11,18.100000381469727,18.100000381469727,20.299999237060547,17.600000381469727,19.299999237060547,41910
2014-08-12,18.399999618530273,18.399999618530273,18.600000381469727,17.399999618530273,17.5,29790
2014-08-13,19.299999237060547,19.299999237060547,19.5,18.299999237060547,18.5,25540
2014-08-14,20.100000381469727,20.100000381469727,20.200000762939453,19.0,19.5,28470
2014-08-15,19.700000762939453,19.700000762939453,20.5,19.200000762939453,19.899999618530273,24910
2014-08-18,19.700000762939453,19.700000762939453,20.0,19.299999237060547,19.899999618530273,20670
2014-08-19,20.0,20.0,20.0,19.399999618530273,19.899999618530273,16720
2014-08-20,20.200000762939453,20.200000762939453,20.799999237060547,19.5,19.5,31900
2014-08-21,19.799999237060547,19.799999237060547,20.200000762939453,19.700000762939453,19.899999618530273,5860
2014-08-22,20.799999237060547,20.799999237060547,21.799999237060547,19.600000381469727,19.799999237060547,35870
2014-08-25,22.0,22.0,22.5,20.700000762939453,20.799999237060547,58880
2014-08-26,22.100000381469727,22.100000381469727,23.5,22.0,22.299999237060547,46650
2014-08-27,22.799999237060547,22.799999237060547,23.0,21.100000381469727,21.799999237060547,31550
2014-08-28,22.600000381469727,22.600000381469727,22.899999618530273,22.100000381469727,22.600000381469727,10520
2014-08-29,22.5,22.5,22.799999237060547,22.100000381469727,22.5,5480
2014-09-02,22.5,22.5,22.899999618530273,21.799999237060547,22.700000762939453,19730
2014-09-03,22.799999237060547,22.799999237060547,22.899999618530273,22.299999237060547,22.899999618530273,15790
2014-09-04,23.200000762939453,23.200000762939453,24.0,22.399999618530273,22.799999237060547,36510
2014-09-05,23.299999237060547,23.299999237060547,23.700000762939453,22.799999237060547,23.0,18780
2014-09-08,23.0,23.0,23.399999618530273,22.600000381469727,23.299999237060547,8830
2014-09-09,22.899999618530273,22.899999618530273,23.5,22.0,22.700000762939453,29650
2014-09-10,22.799999237060547,22.799999237060547,23.299999237060547,22.299999237060547,23.200000762939453,12200
2014-09-11,23.399999618530273,23.399999618530273,23.399999618530273,22.399999618530273,22.5,20740
2014-09-12,23.600000381469727,23.600000381469727,24.600000381469727,23.200000762939453,23.399999618530273,26820
2014-09-15,25.200000762939453,25.200000762939453,26.299999237060547,23.799999237060547,24.299999237060547,42630
2014-09-16,28.700000762939453,28.700000762939453,29.0,25.0,25.200000762939453,70980
2014-09-17,30.799999237060547,30.799999237060547,33.20000076293945,28.399999618530273,29.600000381469727,139080
2014-09-18,31.0,31.0,33.400001525878906,29.5,31.5,103920
2014-09-19,30.799999237060547,30.799999237060547,33.5,30.200000762939453,30.799999237060547,98940
2014-09-22,32.099998474121094,32.099998474121094,34.599998474121094,30.700000762939453,31.100000381469727,64530
2014-09-23,31.700000762939453,31.700000762939453,33.5,30.899999618530273,33.5,39670
2014-09-24,32.400001525878906,32.400001525878906,32.599998474121094,31.399999618530273,32.0,24680
2014-09-25,31.700000762939453,31.700000762939453,32.70000076293945,31.100000381469727,31.399999618530273,15090
2014-09-26,35.70000076293945,35.70000076293945,35.900001525878906,31.899999618530273,32.29999923706055,76780
2014-09-29,37.20000076293945,37.20000076293945,37.400001525878906,33.900001525878906,35.79999923706055,49540
2014-09-30,36.70000076293945,36.70000076293945,39.099998474121094,35.79999923706055,37.400001525878906,68750
2014-10-01,33.900001525878906,33.900001525878906,36.900001525878906,33.900001525878906,36.900001525878906,39270
2014-10-02,35.900001525878906,35.900001525878906,36.5,32.70000076293945,33.70000076293945,41590
2014-10-03,35.5,35.5,37.599998474121094,35.0,37.29999923706055,20410
2014-10-06,35.0,35.0,36.0,34.20000076293945,35.29999923706055,21350
2014-10-07,33.5,33.5,35.400001525878906,33.0,34.599998474121094,18940
2014-10-08,32.70000076293945,32.70000076293945,34.20000076293945,32.29999923706055,33.70000076293945,20380
2014-10-09,31.700000762939453,31.700000762939453,32.79999923706055,31.100000381469727,31.700000762939453,27080
2014-10-10,26.5,26.5,31.100000381469727,26.200000762939453,31.0,66010
2014-10-13,25.399999618530273,25.399999618530273,27.399999618530273,25.200000762939453,26.399999618530273,33630
2014-10-14,25.600000381469727,25.600000381469727,27.100000381469727,25.100000381469727,25.100000381469727,18380
2014-10-15,26.0,26.0,27.5,22.600000381469727,22.799999237060547,11140
2014-10-16,27.200000762939453,27.200000762939453,28.299999237060547,23.0,23.5,7460
2014-10-17,27.700000762939453,27.700000762939453,30.600000381469727,27.100000381469727,27.299999237060547,12500
2014-10-20,29.299999237060547,29.299999237060547,31.0,27.700000762939453,27.700000762939453,13860
2014-10-21,28.600000381469727,28.600000381469727,30.600000381469727,28.200000762939453,29.0,14400
2014-10-22,28.100000381469727,28.100000381469727,29.700000762939453,28.100000381469727,28.600000381469727,7780
2014-10-23,28.600000381469727,28.600000381469727,29.600000381469727,28.0,28.0,5940
2014-10-24,28.100000381469727,28.100000381469727,30.200000762939453,28.0,28.899999618530273,9970
2014-10-27,30.399999618530273,30.399999618530273,30.399999618530273,27.5,28.0,15210
2014-10-28,29.600000381469727,29.600000381469727,30.5,28.200000762939453,29.600000381469727,8390
2014-10-29,29.899999618530273,29.899999618530273,30.5,29.100000381469727,29.100000381469727,10020
2014-10-30,28.700000762939453,28.700000762939453,29.700000762939453,28.0,29.299999237060547,6730
2014-10-31,28.5,28.5,30.200000762939453,28.200000762939453,28.700000762939453,6820
2014-11-03,29.600000381469727,29.600000381469727,31.0,28.5,28.5,15990
2014-11-04,29.5,29.5,31.299999237060547,29.200000762939453,29.200000762939453,16410
2014-11-05,29.0,29.0,29.899999618530273,29.0,29.299999237060547,10160
2014-11-06,30.899999618530273,30.899999618530273,32.400001525878906,29.100000381469727,29.100000381469727,32380
2014-11-07,34.400001525878906,34.400001525878906,35.29999923706055,32.0,32.5,37290
2014-11-10,35.5,35.5,36.599998474121094,34.70000076293945,36.20000076293945,21950
2014-11-11,36.5,36.5,37.0,35.20000076293945,35.70000076293945,19900
2014-11-12,36.099998474121094,36.099998474121094,36.79999923706055,34.0,36.79999923706055,21410
2014-11-13,35.79999923706055,35.79999923706055,37.099998474121094,35.0,36.79999923706055,17790
2014-11-14,33.900001525878906,33.900001525878906,36.29999923706055,33.599998474121094,35.5,14610
2014-11-17,32.70000076293945,32.70000076293945,34.599998474121094,32.70000076293945,34.0,10130
2014-11-18,33.0,33.0,33.900001525878906,32.400001525878906,32.5,11000
2014-11-19,32.79999923706055,32.79999923706055,33.20000076293945,32.5,33.099998474121094,6720
2014-11-20,31.899999618530273,31.899999618530273,33.20000076293945,31.299999237060547,33.20000076293945,19750
2014-11-21,30.899999618530273,30.899999618530273,32.400001525878906,30.700000762939453,32.400001525878906,9050
2014-11-24,31.799999237060547,31.799999237060547,32.70000076293945,31.0,31.100000381469727,6790
2014-11-25,32.0,32.0,32.5,31.700000762939453,31.799999237060547,3530
2014-11-26,32.099998474121094,32.099998474121094,32.099998474121094,30.899999618530273,32.099998474121094,5640
2014-11-28,31.200000762939453,31.200000762939453,32.5,31.200000762939453,32.0,3200
2014-12-01,30.600000381469727,30.600000381469727,32.20000076293945,30.0,32.20000076293945,13240
2014-12-02,30.899999618530273,30.899999618530273,31.200000762939453,29.399999618530273,30.5,13410
2014-12-03,30.399999618530273,30.399999618530273,31.100000381469727,29.899999618530273,30.600000381469727,6250
2014-12-04,29.700000762939453,29.700000762939453,30.799999237060547,28.600000381469727,30.799999237060547,19000
2014-12-05,30.0,30.0,30.200000762939453,29.100000381469727,30.200000762939453,10720
2014-12-08,28.600000381469727,28.600000381469727,30.200000762939453,28.600000381469727,30.100000381469727,19400
2014-12-09,29.899999618530273,29.899999618530273,30.0,28.600000381469727,29.899999618530273,8540
2014-12-10,28.0,28.0,29.899999618530273,27.799999237060547,29.899999618530273,24190
2014-12-11,28.899999618530273,28.899999618530273,29.899999618530273,28.200000762939453,28.200000762939453,12620
2014-12-12,28.299999237060547,28.299999237060547,29.0,27.799999237060547,28.200000762939453,5740
2014-12-15,26.5,26.5,28.299999237060547,26.5,27.799999237060547,23270
2014-12-16,27.399999618530273,27.399999618530273,28.100000381469727,25.799999237060547,26.0,10160
2014-12-17,28.600000381469727,28.600000381469727,28.799999237060547,27.0,27.5,8110
2014-12-18,29.799999237060547,29.799999237060547,29.899999618530273,28.600000381469727,28.600000381469727,12450
2014-12-19,29.100000381469727,29.100000381469727,30.100000381469727,28.600000381469727,30.100000381469727,15670
2014-12-22,30.600000381469727,30.600000381469727,31.0,29.299999237060547,29.299999237060547,8630
2014-12-23,32.79999923706055,32.79999923706055,33.0,30.700000762939453,30.700000762939453,7260
2014-12-24,33.0,33.0,33.099998474121094,32.400001525878906,33.0,3090
2014-12-26,32.599998474121094,32.599998474121094,33.099998474121094,32.400001525878906,32.5,5690
2014-12-29,32.29999923706055,32.29999923706055,32.900001525878906,31.799999237060547,32.900001525878906,8900
2014-12-30,32.099998474121094,32.099998474121094,32.5,31.899999618530273,32.5,10030
2014-12-31,32.20000076293945,32.20000076293945,32.400001525878906,31.200000762939453,32.400001525878906,11080
2015-01-02,32.70000076293945,32.70000076293945,32.70000076293945,30.600000381469727,32.70000076293945,7150
2015-01-05,36.900001525878906,36.900001525878906,37.5,32.400001525878906,32.79999923706055,40350
2015-01-06,41.400001525878906,41.400001525878906,42.79999923706055,38.099998474121094,39.0,111600
2015-01-07,42.20000076293945,42.20000076293945,42.900001525878906,41.099998474121094,41.5,50010
2015-01-08,47.79999923706055,47.79999923706055,48.0,42.099998474121094,42.599998474121094,91780
2015-01-09,51.20000076293945,51.20000076293945,52.5,47.20000076293945,47.20000076293945,81120
2015-01-12,50.79999923706055,50.79999923706055,54.0,49.0,52.0,85760
2015-01-13,45.599998474121094,45.599998474121094,52.900001525878906,43.79999923706055,51.400001525878906,78260
2015-01-14,45.0,45.0,45.400001525878906,42.29999923706055,45.0,32140
2015-01-15,45.099998474121094,45.099998474121094,47.0,44.099998474121094,46.0,17400
2015-01-16,45.79999923706055,45.79999923706055,47.400001525878906,43.79999923706055,46.099998474121094,27690
2015-01-20,44.900001525878906,44.900001525878906,47.70000076293945,44.0,47.5,20380
2015-01-21,40.20000076293945,40.20000076293945,45.900001525878906,39.29999923706055,45.900001525878906,47570
2015-01-22,43.599998474121094,43.599998474121094,44.099998474121094,40.5,41.099998474121094,24930
2015-01-23,49.70000076293945,49.70000076293945,49.79999923706055,43.099998474121094,43.099998474121094,79530
2015-01-26,52.79999923706055,52.79999923706055,53.0,48.29999923706055,50.0,135450
2015-01-27,54.79999923706055,54.79999923706055,55.0,50.79999923706055,51.79999923706055,63470
2015-01-28,57.20000076293945,57.20000076293945,59.0,54.20000076293945,54.20000076293945,102480
2015-01-29,54.79999923706055,54.79999923706055,57.79999923706055,52.599998474121094,57.79999923706055,59150
2015-01-30,52.79999923706055,52.79999923706055,54.900001525878906,51.79999923706055,53.5,28380
2015-02-02,52.0,52.0,53.20000076293945,50.599998474121094,52.79999923706055,36930
2015-02-03,52.099998474121094,52.099998474121094,53.099998474121094,51.20000076293945,52.0,17750
2015-02-04,52.900001525878906,52.900001525878906,54.400001525878906,52.0,52.099998474121094,33270
2015-02-05,53.20000076293945,53.20000076293945,54.0,52.099998474121094,52.79999923706055,27050
2015-02-06,55.20000076293945,55.20000076293945,56.0,52.29999923706055,53.599998474121094,61890
2015-02-09,51.900001525878906,51.900001525878906,54.70000076293945,50.0,54.70000076293945,72520
2015-02-10,50.29999923706055,50.29999923706055,52.0,46.599998474121094,51.599998474121094,69140
2015-02-11,49.599998474121094,49.599998474121094,50.79999923706055,48.900001525878906,50.0,21900
2015-02-12,51.79999923706055,51.79999923706055,51.79999923706055,49.599998474121094,49.599998474121094,25910
2015-02-13,50.0,50.0,52.0,48.29999923706055,51.599998474121094,22890
2015-02-17,50.5,50.5,51.29999923706055,49.20000076293945,50.0,19840
2015-02-18,50.29999923706055,50.29999923706055,51.29999923706055,49.599998474121094,50.5,23870
2015-02-19,50.5,50.5,51.0,49.599998474121094,51.0,49120
2015-02-20,49.70000076293945,49.70000076293945,54.900001525878906,48.900001525878906,53.20000076293945,172810
2015-02-23,51.599998474121094,51.599998474121094,52.099998474121094,47.5,49.900001525878906,68520
2015-02-24,51.20000076293945,51.20000076293945,51.900001525878906,50.5,51.0,42440
2015-02-25,52.900001525878906,52.900001525878906,54.0,51.599998474121094,51.599998474121094,59360
2015-02-26,52.900001525878906,52.900001525878906,53.900001525878906,52.5,53.900001525878906,22610
2015-02-27,52.599998474121094,52.599998474121094,53.5,52.5,53.5,18140
2015-03-02,53.400001525878906,53.400001525878906,54.20000076293945,52.599998474121094,52.79999923706055,48740
2015-03-03,53.099998474121094,53.099998474121094,53.900001525878906,52.599998474121094,53.70000076293945,24390
2015-03-04,52.0,52.0,53.0,50.20000076293945,53.0,23320
2015-03-05,49.70000076293945,49.70000076293945,52.29999923706055,48.5,51.70000076293945,31650
2015-03-06,49.29999923706055,49.29999923706055,50.599998474121094,48.70000076293945,49.400001525878906,30030
2015-03-09,47.5,47.5,49.20000076293945,47.0,49.0,32980
2015-03-10,47.900001525878906,47.900001525878906,47.900001525878906,45.099998474121094,45.599998474121094,26950
2015-03-11,48.099998474121094,48.099998474121094,48.599998474121094,47.0,48.20000076293945,19810
2015-03-12,48.400001525878906,48.400001525878906,49.0,47.70000076293945,48.099998474121094,21340
2015-03-13,47.599998474121094,47.599998474121094,48.900001525878906,46.79999923706055,48.599998474121094,25940
2015-03-16,45.400001525878906,45.400001525878906,48.099998474121094,44.79999923706055,47.900001525878906,40180
2015-03-17,47.099998474121094,47.099998474121094,47.400001525878906,44.900001525878906,45.5,17030
2015-03-18,46.900001525878906,46.900001525878906,47.20000076293945,45.900001525878906,47.099998474121094,19660
2015-03-19,49.0,49.0,49.20000076293945,46.5,47.20000076293945,15020
2015-03-20,48.099998474121094,48.099998474121094,49.400001525878906,47.900001525878906,49.29999923706055,55560
2015-03-23,47.400001525878906,47.400001525878906,48.20000076293945,46.5,48.20000076293945,11610
2015-03-24,47.5,47.5,48.79999923706055,47.29999923706055,47.70000076293945,10650
2015-03-25,45.79999923706055,45.79999923706055,47.900001525878906,45.599998474121094,47.900001525878906,17250
2015-03-26,44.5,44.5,45.79999923706055,43.900001525878906,45.79999923706055,13560
2015-03-27,46.5,46.5,46.900001525878906,43.5,44.5,12160
2015-03-30,48.599998474121094,48.599998474121094,49.29999923706055,46.0,47.20000076293945,24850
2015-03-31,48.20000076293945,48.20000076293945,48.900001525878906,47.0,48.70000076293945,12420
2015-04-01,47.5,47.5,47.900001525878906,45.0,47.70000076293945,16070
2015-04-02,46.70000076293945,46.70000076293945,47.5,45.5,47.5,11400
2015-04-06,49.0,49.0,49.099998474121094,46.20000076293945,46.20000076293945,19040
2015-04-07,52.900001525878906,52.900001525878906,54.0,48.70000076293945,48.900001525878906,64950
2015-04-08,51.5,51.5,54.0,51.0,53.70000076293945,31420
2015-04-09,52.70000076293945,52.70000076293945,54.0,49.20000076293945,51.599998474121094,78930
2015-04-10,53.20000076293945,53.20000076293945,54.79999923706055,52.5,53.400001525878906,42990
2015-04-13,55.099998474121094,55.099998474121094,57.0,53.599998474121094,53.599998474121094,80630
2015-04-14,56.5,56.5,57.5,55.0,55.0,34940
2015-04-15,55.79999923706055,55.79999923706055,57.5,55.099998474121094,56.79999923706055,32230
2015-04-16,58.0,58.0,58.599998474121094,55.29999923706055,55.29999923706055,55110
2015-04-17,57.29999923706055,57.29999923706055,59.29999923706055,56.099998474121094,58.400001525878906,68670
2015-04-20,57.900001525878906,57.900001525878906,58.20000076293945,56.79999923706055,58.0,21320
2015-04-21,59.099998474121094,59.099998474121094,59.900001525878906,57.29999923706055,57.29999923706055,45490
2015-04-22,65.0999984741211,65.0999984741211,66.5,58.79999923706055,58.79999923706055,101020
2015-04-23,65.9000015258789,65.9000015258789,68.0,62.5,66.19999694824219,77560
2015-04-24,65.5,65.5,67.19999694824219,65.30000305175781,66.0,39080
2015-04-27,66.5999984741211,66.5999984741211,68.9000015258789,65.5,65.5,48950
2015-04-28,64.0999984741211,64.0999984741211,65.5,58.900001525878906,64.4000015258789,59850
2015-04-29,62.70000076293945,62.70000076293945,64.69999694824219,61.900001525878906,64.69999694824219,28340
2015-04-30,60.599998474121094,60.599998474121094,63.0,59.70000076293945,63.0,41990
2015-05-01,62.400001525878906,62.400001525878906,62.5,59.79999923706055,60.70000076293945,30060
2015-05-04,61.900001525878906,61.900001525878906,62.900001525878906,61.400001525878906,61.900001525878906,24500
2015-05-05,58.20000076293945,58.20000076293945,62.0,57.5,62.0,47610
2015-05-06,54.5,54.5,58.20000076293945,53.5,57.599998474121094,101740
2015-05-07,50.79999923706055,50.79999923706055,54.29999923706055,50.099998474121094,53.70000076293945,67150
2015-05-08,50.20000076293945,50.20000076293945,51.599998474121094,49.70000076293945,50.900001525878906,57670
2015-05-11,48.5,48.5,50.79999923706055,48.29999923706055,50.29999923706055,38070
2015-05-12,45.900001525878906,45.900001525878906,48.0,45.599998474121094,48.0,56250
2015-05-13,48.29999923706055,48.29999923706055,49.0,44.79999923706055,45.5,79260
2015-05-14,48.79999923706055,48.79999923706055,49.099998474121094,46.900001525878906,47.70000076293945,40190
2015-05-15,48.79999923706055,48.79999923706055,49.599998474121094,48.099998474121094,48.400001525878906,30310
2015-05-18,53.099998474121094,53.099998474121094,54.0,48.70000076293945,49.099998474121094,84680
2015-05-19,53.79999923706055,53.79999923706055,56.900001525878906,51.900001525878906,53.099998474121094,78380
2015-05-20,50.599998474121094,50.599998474121094,54.29999923706055,50.29999923706055,54.20000076293945,54810
2015-05-21,49.099998474121094,49.099998474121094,50.79999923706055,48.5,50.79999923706055,42100
2015-05-22,49.099998474121094,49.099998474121094,50.20000076293945,48.0,48.79999923706055,30770
2015-05-26,49.599998474121094,49.599998474121094,50.900001525878906,48.5,49.5,47210
2015-05-27,47.0,47.0,53.5,46.099998474121094,50.099998474121094,96510
2015-05-28,42.70000076293945,42.70000076293945,47.0,40.5,46.70000076293945,83990
2015-05-29,43.70000076293945,43.70000076293945,43.70000076293945,41.70000076293945,42.70000076293945,51530
2015-06-01,41.20000076293945,41.20000076293945,43.70000076293945,40.29999923706055,43.599998474121094,55570
2015-06-02,41.20000076293945,41.20000076293945,41.400001525878906,40.099998474121094,41.099998474121094,40310
2015-06-03,40.70000076293945,40.70000076293945,42.5,40.5,40.79999923706055,46010
2015-06-04,40.0,40.0,40.79999923706055,38.5,40.29999923706055,43020
2015-06-05,40.099998474121094,40.099998474121094,40.29999923706055,39.29999923706055,40.0,129110
2015-06-08,40.0,40.0,40.70000076293945,39.20000076293945,40.70000076293945,52080
2015-06-09,40.20000076293945,40.20000076293945,40.400001525878906,39.79999923706055,40.0,57150
2015-06-10,40.5,40.5,41.0,40.0,40.29999923706055,49490
2015-06-11,40.5,40.5,40.79999923706055,39.79999923706055,40.70000076293945,56190
2015-06-12,37.900001525878906,37.900001525878906,40.5,37.70000076293945,40.5,43410
2015-06-15,39.29999923706055,39.29999923706055,39.5,36.400001525878906,37.5,103840
2015-06-16,38.599998474121094,38.599998474121094,40.0,37.900001525878906,39.400001525878906,39890
2015-06-17,36.0,36.0,39.0,35.0,39.0,87800
2015-06-18,37.099998474121094,37.099998474121094,37.29999923706055,35.5,35.900001525878906,103560
2015-06-19,37.400001525878906,37.400001525878906,39.099998474121094,37.0,38.0,26390
2015-06-22,36.0,36.0,38.5,34.5,37.70000076293945,91500
2015-06-23,35.29999923706055,35.29999923706055,36.900001525878906,34.20000076293945,36.20000076293945,70370
2015-06-24,34.400001525878906,34.400001525878906,35.79999923706055,33.5,35.5,72070
2015-06-25,34.599998474121094,34.599998474121094,35.400001525878906,33.5,34.400001525878906,159050
2015-06-26,33.29999923706055,33.29999923706055,35.099998474121094,32.70000076293945,34.400001525878906,497090
2015-06-29,31.899999618530273,31.899999618530273,33.29999923706055,30.899999618530273,32.599998474121094,92540
2015-06-30,32.5,32.5,33.0,31.799999237060547,32.0,47850
2015-07-01,31.700000762939453,31.700000762939453,32.79999923706055,30.100000381469727,32.599998474121094,86030
2015-07-02,30.799999237060547,30.799999237060547,31.899999618530273,30.700000762939453,31.899999618530273,51510
2015-07-06,30.100000381469727,30.100000381469727,31.200000762939453,29.399999618530273,30.299999237060547,64900
2015-07-07,29.299999237060547,29.299999237060547,30.299999237060547,28.5,30.299999237060547,81820
2015-07-08,28.100000381469727,28.100000381469727,29.200000762939453,27.899999618530273,29.100000381469727,45790
2015-07-09,28.700000762939453,28.700000762939453,29.700000762939453,27.600000381469727,29.100000381469727,38360
2015-07-10,27.899999618530273,27.899999618530273,29.399999618530273,27.799999237060547,29.0,39790
2015-07-13,28.700000762939453,28.700000762939453,29.100000381469727,27.799999237060547,27.799999237060547,42460
2015-07-14,29.100000381469727,29.100000381469727,29.600000381469727,28.200000762939453,28.5,37960
2015-07-15,27.899999618530273,27.899999618530273,29.899999618530273,27.899999618530273,29.200000762939453,33670
2015-07-16,28.200000762939453,28.200000762939453,28.700000762939453,27.700000762939453,28.0,60300
2015-07-17,30.899999618530273,30.899999618530273,31.600000381469727,28.299999237060547,28.399999618530273,92460
2015-07-20,28.0,28.0,31.0,27.799999237060547,30.899999618530273,49990
2015-07-21,28.700000762939453,28.700000762939453,29.899999618530273,27.700000762939453,28.5,54670
2015-07-22,26.600000381469727,26.600000381469727,28.600000381469727,26.399999618530273,28.299999237060547,61150
2015-07-23,25.299999237060547,25.299999237060547,26.899999618530273,25.200000762939453,26.5,49570
2015-07-24,24.899999618530273,24.899999618530273,25.299999237060547,24.5,25.100000381469727,34120
2015-07-27,23.0,23.0,24.399999618530273,22.899999618530273,24.399999618530273,34460
2015-07-28,24.0,24.0,24.100000381469727,22.600000381469727,22.899999618530273,50840
2015-07-29,23.799999237060547,23.799999237060547,23.899999618530273,23.0,23.700000762939453,14990
2015-07-30,23.700000762939453,23.700000762939453,23.899999618530273,23.100000381469727,23.299999237060547,32330
2015-07-31,24.700000762939453,24.700000762939453,25.399999618530273,23.5,23.5,39460
2015-08-03,22.600000381469727,22.600000381469727,24.5,22.299999237060547,24.5,55710
2015-08-04,21.899999618530273,21.899999618530273,22.399999618530273,21.200000762939453,22.299999237060547,19390
2015-08-05,22.399999618530273,22.399999618530273,23.799999237060547,21.100000381469727,21.600000381469727,43190
2015-08-06,22.100000381469727,22.100000381469727,24.600000381469727,21.100000381469727,22.100000381469727,47120
2015-08-07,23.600000381469727,23.600000381469727,23.600000381469727,19.0,20.200000762939453,167050
2015-08-10,25.799999237060547,25.799999237060547,26.299999237060547,23.799999237060547,23.799999237060547,71730
2015-08-11,24.899999618530273,24.899999618530273,25.600000381469727,24.5,25.0,82530
2015-08-12,25.299999237060547,25.299999237060547,25.799999237060547,23.799999237060547,24.399999618530273,65230
2015-08-13,24.200000762939453,24.200000762939453,26.0,24.0,25.299999237060547,38050
2015-08-14,25.5,25.5,25.799999237060547,24.299999237060547,24.799999237060547,28220
2015-08-17,25.399999618530273,25.399999618530273,26.200000762939453,24.799999237060547,25.100000381469727,44550
2015-08-18,24.799999237060547,24.799999237060547,25.200000762939453,23.0,25.100000381469727,46010
2015-08-19,24.600000381469727,24.600000381469727,25.0,24.100000381469727,24.5,33000
2015-08-20,22.899999618530273,22.899999618530273,24.700000762939453,22.899999618530273,24.100000381469727,57390
2015-08-21,24.5,24.5,25.0,22.5,22.5,57320
2015-08-24,24.299999237060547,24.299999237060547,25.5,23.5,23.5,49570
2015-08-25,25.100000381469727,25.100000381469727,25.899999618530273,24.0,25.100000381469727,57620
2015-08-26,27.899999618530273,27.899999618530273,28.299999237060547,25.200000762939453,25.700000762939453,70820
2015-08-27,28.0,28.0,29.700000762939453,27.600000381469727,28.200000762939453,62120
2015-08-28,28.399999618530273,28.399999618530273,28.899999618530273,27.600000381469727,27.700000762939453,26080
2015-08-31,27.799999237060547,27.799999237060547,28.600000381469727,27.600000381469727,28.399999618530273,18940
2015-09-01,25.899999618530273,25.899999618530273,28.100000381469727,25.299999237060547,27.100000381469727,50210
2015-09-02,25.100000381469727,25.100000381469727,26.5,24.799999237060547,25.700000762939453,40110
2015-09-03,25.600000381469727,25.600000381469727,26.399999618530273,24.399999618530273,24.899999618530273,35780
2015-09-04,24.600000381469727,24.600000381469727,25.600000381469727,24.299999237060547,25.0,47140
2015-09-08,25.100000381469727,25.100000381469727,25.700000762939453,24.700000762939453,24.700000762939453,43910
2015-09-09,23.5,23.5,25.200000762939453,23.200000762939453,25.0,57150
2015-09-10,23.399999618530273,23.399999618530273,24.600000381469727,22.299999237060547,23.200000762939453,36340
2015-09-11,22.600000381469727,22.600000381469727,23.0,21.700000762939453,23.0,48540
2015-09-14,22.899999618530273,22.899999618530273,23.399999618530273,22.200000762939453,22.5,34150
2015-09-15,23.600000381469727,23.600000381469727,23.700000762939453,22.600000381469727,22.600000381469727,16350
2015-09-16,24.799999237060547,24.799999237060547,24.899999618530273,23.200000762939453,23.299999237060547,30930
2015-09-17,24.399999618530273,24.399999618530273,25.200000762939453,23.799999237060547,25.100000381469727,22410
2015-09-18,24.299999237060547,24.299999237060547,24.700000762939453,24.0,24.100000381469727,51340
2015-09-21,24.700000762939453,24.700000762939453,24.700000762939453,24.0,24.399999618530273,19060
2015-09-22,24.100000381469727,24.100000381469727,24.700000762939453,23.799999237060547,24.0,27460
2015-09-23,24.600000381469727,24.600000381469727,25.200000762939453,23.799999237060547,23.799999237060547,28760
2015-09-24,24.5,24.5,24.5,23.299999237060547,24.100000381469727,30910
2015-09-25,23.299999237060547,23.299999237060547,24.700000762939453,23.0,24.399999618530273,33400
2015-09-28,22.799999237060547,22.799999237060547,23.299999237060547,22.600000381469727,23.100000381469727,21440
2015-09-29,22.299999237060547,22.299999237060547,23.100000381469727,22.0,22.600000381469727,18500
2015-09-30,22.100000381469727,22.100000381469727,22.799999237060547,21.5,22.399999618530273,14600
2015-10-01,21.600000381469727,21.600000381469727,22.5,21.200000762939453,21.899999618530273,43310
2015-10-02,22.700000762939453,22.700000762939453,22.899999618530273,21.100000381469727,21.399999618530273,25500
2015-10-05,23.899999618530273,23.899999618530273,23.899999618530273,22.100000381469727,22.399999618530273,29040
2015-10-06,25.299999237060547,25.299999237060547,26.299999237060547,23.700000762939453,23.700000762939453,32290
2015-10-07,25.0,25.0,25.799999237060547,24.5,25.100000381469727,26970
2015-10-08,25.0,25.0,25.200000762939453,24.600000381469727,25.0,32910
2015-10-09,24.700000762939453,24.700000762939453,25.399999618530273,24.100000381469727,24.600000381469727,23450
2015-10-12,23.799999237060547,23.799999237060547,25.600000381469727,23.700000762939453,24.700000762939453,26560
2015-10-13,22.399999618530273,22.399999618530273,24.0,22.399999618530273,23.799999237060547,25900
2015-10-14,22.0,22.0,22.799999237060547,22.0,22.299999237060547,32290
2015-10-15,23.200000762939453,23.200000762939453,23.700000762939453,21.899999618530273,21.899999618530273,36640
2015-10-16,24.399999618530273,24.399999618530273,24.5,22.600000381469727,23.200000762939453,32710
2015-10-19,23.899999618530273,23.899999618530273,24.799999237060547,23.700000762939453,24.0,22510
2015-10-20,23.799999237060547,23.799999237060547,24.200000762939453,23.0,23.700000762939453,19500
2015-10-21,23.100000381469727,23.100000381469727,23.899999618530273,23.100000381469727,23.799999237060547,13660
2015-10-22,23.100000381469727,23.100000381469727,23.700000762939453,22.600000381469727,23.299999237060547,17870
2015-10-23,23.799999237060547,23.799999237060547,24.100000381469727,22.799999237060547,23.5,14430
2015-10-26,23.399999618530273,23.399999618530273,24.399999618530273,22.899999618530273,23.700000762939453,16960
2015-10-27,23.600000381469727,23.600000381469727,24.100000381469727,22.899999618530273,23.299999237060547,21670
2015-10-28,23.899999618530273,23.899999618530273,24.600000381469727,23.100000381469727,24.0,24790
2015-10-29,22.700000762939453,22.700000762939453,23.899999618530273,22.399999618530273,23.5,32290
2015-10-30,21.5,21.5,23.0,21.0,23.0,53970
2015-11-02,20.899999618530273,20.899999618530273,22.399999618530273,20.5,22.0,29550
2015-11-03,21.200000762939453,21.200000762939453,22.100000381469727,20.700000762939453,20.899999618530273,45810
2015-11-04,20.899999618530273,20.899999618530273,21.700000762939453,20.600000381469727,21.5,22470
2015-11-05,21.399999618530273,21.399999618530273,21.5,20.600000381469727,21.200000762939453,23680
2015-11-06,23.899999618530273,23.899999618530273,24.5,21.299999237060547,21.600000381469727,98670
2015-11-09,22.700000762939453,22.700000762939453,24.899999618530273,22.600000381469727,23.5,47550
2015-11-10,20.899999618530273,20.899999618530273,22.5,20.700000762939453,22.5,45460
2015-11-11,20.0,20.0,21.5,19.799999237060547,21.5,33340
2015-11-12,19.100000381469727,19.100000381469727,20.0,19.0,19.899999618530273,48260
2015-11-13,18.799999237060547,18.799999237060547,19.299999237060547,18.100000381469727,19.0,36340
2015-11-16,18.5,18.5,19.399999618530273,18.0,18.5,22690
2015-11-17,16.5,16.5,19.0,16.299999237060547,18.399999618530273,69530
2015-11-18,17.799999237060547,17.799999237060547,18.100000381469727,16.700000762939453,16.700000762939453,44920
2015-11-19,17.799999237060547,17.799999237060547,18.600000381469727,17.600000381469727,18.299999237060547,27270
2015-11-20,18.600000381469727,18.600000381469727,19.0,17.600000381469727,17.899999618530273,28780
2015-11-23,19.899999618530273,19.899999618530273,20.5,18.200000762939453,18.5,40800
2015-11-24,18.799999237060547,18.799999237060547,20.0,18.5,19.799999237060547,22620
2015-11-25,18.700000762939453,18.700000762939453,19.0,18.200000762939453,18.700000762939453,21500
2015-11-27,18.399999618530273,18.399999618530273,18.799999237060547,18.200000762939453,18.5,2370
2015-11-30,18.399999618530273,18.399999618530273,18.899999618530273,18.200000762939453,18.799999237060547,15710
2015-12-01,17.700000762939453,17.700000762939453,18.899999618530273,17.299999237060547,18.5,21380
2015-12-02,17.200000762939453,17.200000762939453,17.700000762939453,17.0,17.600000381469727,20050
2015-12-03,17.200000762939453,17.200000762939453,17.899999618530273,17.100000381469727,17.299999237060547,24030
2015-12-04,17.0,17.0,17.600000381469727,17.0,17.399999618530273,30740
2015-12-07,16.899999618530273,16.899999618530273,17.100000381469727,15.800000190734863,16.799999237060547,33780
2015-12-08,18.200000762939453,18.200000762939453,18.5,16.700000762939453,16.700000762939453,30330
2015-12-09,18.600000381469727,18.600000381469727,19.0,17.600000381469727,18.0,42750
2015-12-10,17.899999618530273,17.899999618530273,18.600000381469727,17.5,18.600000381469727,36760
2015-12-11,17.0,17.0,18.100000381469727,16.799999237060547,17.299999237060547,30640
2015-12-14,17.100000381469727,17.100000381469727,17.700000762939453,16.299999237060547,16.700000762939453,23780
2015-12-15,17.5,17.5,17.899999618530273,16.5,17.0,13670
2015-12-16,17.799999237060547,17.799999237060547,17.899999618530273,17.399999618530273,17.600000381469727,11500
2015-12-17,17.899999618530273,17.899999618530273,18.299999237060547,17.600000381469727,17.899999618530273,29220
2015-12-18,18.0,18.0,18.5,17.700000762939453,17.799999237060547,38080
2015-12-21,17.5,17.5,18.399999618530273,17.299999237060547,18.0,49700
2015-12-22,17.0,17.0,17.399999618530273,16.700000762939453,17.299999237060547,32920
2015-12-23,17.399999618530273,17.399999618530273,17.5,16.899999618530273,17.0,58330
2015-12-24,17.0,17.0,18.0,16.799999237060547,17.399999618530273,13110
2015-12-28,16.899999618530273,16.899999618530273,17.600000381469727,16.799999237060547,16.899999618530273,17200
2015-12-29,16.799999237060547,16.799999237060547,17.200000762939453,16.600000381469727,16.899999618530273,29350
2015-12-30,16.700000762939453,16.700000762939453,17.0,16.700000762939453,17.0,27970
2015-12-31,16.700000762939453,16.700000762939453,17.0,16.5,16.700000762939453,28290
2016-01-04,16.600000381469727,16.600000381469727,16.799999237060547,15.899999618530273,16.700000762939453,26050
2016-01-05,17.299999237060547,17.299999237060547,17.299999237060547,16.200000762939453,16.600000381469727,23300
2016-01-06,17.299999237060547,17.299999237060547,17.399999618530273,16.700000762939453,17.399999618530273,34730
2016-01-07,16.200000762939453,16.200000762939453,17.399999618530273,16.200000762939453,17.299999237060547,60020
2016-01-08,15.399999618530273,15.399999618530273,16.700000762939453,14.100000381469727,16.299999237060547,53240
2016-01-11,15.199999809265137,15.199999809265137,16.399999618530273,14.399999618530273,15.899999618530273,19720
2016-01-12,14.800000190734863,14.800000190734863,15.800000190734863,14.100000381469727,15.399999618530273,48000
2016-01-13,14.300000190734863,14.300000190734863,15.199999809265137,14.199999809265137,15.199999809265137,18800
2016-01-14,12.199999809265137,12.199999809265137,14.5,9.899999618530273,14.300000190734863,211990
2016-01-15,12.100000381469727,12.100000381469727,12.100000381469727,11.199999809265137,11.699999809265137,38000
2016-01-19,11.600000381469727,11.600000381469727,13.0,11.199999809265137,12.399999618530273,41120
2016-01-20,10.0,10.0,11.399999618530273,9.699999809265137,11.399999618530273,182140
2016-01-21,10.0,10.0,10.699999809265137,9.800000190734863,10.199999809265137,65320
2016-01-22,10.899999618530273,10.899999618530273,11.100000381469727,9.899999618530273,10.199999809265137,42000
2016-01-25,10.399999618530273,10.399999618530273,11.399999618530273,10.100000381469727,10.899999618530273,24420
2016-01-26,10.5,10.5,11.0,10.199999809265137,10.399999618530273,16750
2016-01-27,9.899999618530273,9.899999618530273,11.100000381469727,9.800000190734863,10.300000190734863,32790
2016-01-28,9.300000190734863,9.300000190734863,10.300000190734863,8.399999618530273,10.0,52470
2016-01-29,10.800000190734863,10.800000190734863,10.800000190734863,9.5,9.5,19990
2016-02-01,9.800000190734863,9.800000190734863,10.699999809265137,9.800000190734863,10.699999809265137,18590
2016-02-02,10.0,10.0,10.100000381469727,9.5,9.800000190734863,18130
2016-02-03,10.100000381469727,10.100000381469727,10.699999809265137,9.600000381469727,10.100000381469727,27370
2016-02-04,10.600000381469727,10.600000381469727,10.699999809265137,10.0,10.100000381469727,16840
2016-02-05,10.100000381469727,10.100000381469727,10.600000381469727,10.0,10.600000381469727,22330
2016-02-08,9.800000190734863,9.800000190734863,10.600000381469727,9.5,10.100000381469727,14840
2016-02-09,10.199999809265137,10.199999809265137,10.399999618530273,9.5,9.600000381469727,13940
2016-02-10,10.199999809265137,10.199999809265137,11.300000190734863,10.100000381469727,10.100000381469727,25660
2016-02-11,10.399999618530273,10.399999618530273,10.600000381469727,9.800000190734863,10.199999809265137,18100
2016-02-12,11.300000190734863,11.300000190734863,11.5,10.100000381469727,10.399999618530273,21590
2016-02-16,12.300000190734863,12.300000190734863,12.399999618530273,11.300000190734863,11.5,29190
2016-02-17,14.0,14.0,14.0,12.399999618530273,12.399999618530273,29190
2016-02-18,13.199999809265137,13.199999809265137,14.399999618530273,12.800000190734863,13.800000190734863,43030
2016-02-19,13.600000381469727,13.600000381469727,15.800000190734863,13.199999809265137,13.300000190734863,60900
2016-02-22,14.0,14.0,14.5,13.100000381469727,14.100000381469727,27650
2016-02-23,13.600000381469727,13.600000381469727,14.100000381469727,13.100000381469727,13.800000190734863,13450
2016-02-24,15.0,15.0,15.600000381469727,13.199999809265137,13.399999618530273,24790
2016-02-25,16.399999618530273,16.399999618530273,17.0,15.300000190734863,15.399999618530273,43490
2016-02-26,16.5,16.5,17.0,15.600000381469727,16.299999237060547,35050
2016-02-29,16.399999618530273,16.399999618530273,17.0,15.600000381469727,16.600000381469727,19120
2016-03-01,16.200000762939453,16.200000762939453,16.5,15.699999809265137,16.399999618530273,26160
2016-03-02,16.5,16.5,16.600000381469727,15.600000381469727,16.100000381469727,32320
2016-03-03,16.5,16.5,16.700000762939453,15.800000190734863,16.399999618530273,35270
2016-03-04,17.0,17.0,17.5,16.100000381469727,16.5,42320
2016-03-07,16.899999618530273,16.899999618530273,17.299999237060547,16.700000762939453,17.100000381469727,60030
2016-03-08,16.700000762939453,16.700000762939453,17.0,16.299999237060547,17.0,15910
2016-03-09,16.0,16.0,17.0,15.899999618530273,16.700000762939453,14660
2016-03-10,15.199999809265137,15.199999809265137,16.700000762939453,15.0,15.899999618530273,10580
2016-03-11,15.5,15.5,15.699999809265137,15.0,15.300000190734863,8840
2016-03-14,16.600000381469727,16.600000381469727,16.799999237060547,15.199999809265137,15.300000190734863,10850
2016-03-15,15.699999809265137,15.699999809265137,16.299999237060547,15.399999618530273,16.299999237060547,14240
2016-03-16,15.899999618530273,15.899999618530273,15.899999618530273,14.899999618530273,15.5,6330
2016-03-17,15.899999618530273,15.899999618530273,16.0,15.600000381469727,15.800000190734863,4670
2016-03-18,16.799999237060547,16.799999237060547,16.899999618530273,16.100000381469727,16.100000381469727,23370
2016-03-21,16.899999618530273,16.899999618530273,17.100000381469727,16.399999618530273,17.0,23540
2016-03-22,16.799999237060547,16.799999237060547,17.299999237060547,16.5,16.600000381469727,18550
2016-03-23,15.800000190734863,15.800000190734863,16.799999237060547,15.600000381469727,16.799999237060547,18680
2016-03-24,15.399999618530273,15.399999618530273,15.800000190734863,15.0,15.800000190734863,17200
2016-03-28,15.300000190734863,15.300000190734863,15.800000190734863,15.0,15.600000381469727,10580
2016-03-29,16.5,16.5,16.700000762939453,15.100000381469727,15.199999809265137,22140
2016-03-30,16.899999618530273,16.899999618530273,17.0,16.5,16.5,13810
2016-03-31,17.700000762939453,17.700000762939453,17.899999618530273,16.899999618530273,17.299999237060547,31880
2016-04-01,17.5,17.5,17.700000762939453,17.0,17.5,19420
2016-04-04,17.799999237060547,17.799999237060547,18.200000762939453,17.200000762939453,17.700000762939453,36960
2016-04-05,18.0,18.0,18.100000381469727,17.5,17.799999237060547,18090
2016-04-06,17.600000381469727,17.600000381469727,17.799999237060547,17.299999237060547,17.700000762939453,22750
2016-04-07,17.600000381469727,17.600000381469727,17.600000381469727,17.299999237060547,17.399999618530273,17780
2016-04-08,17.5,17.5,18.0,17.200000762939453,18.0,18710
2016-04-11,16.399999618530273,16.399999618530273,17.799999237060547,16.200000762939453,17.700000762939453,20560
2016-04-12,16.0,16.0,17.399999618530273,15.800000190734863,16.5,17650
2016-04-13,16.799999237060547,16.799999237060547,17.100000381469727,15.800000190734863,15.899999618530273,17490
2016-04-14,16.799999237060547,16.799999237060547,16.899999618530273,16.5,16.799999237060547,5270
2016-04-15,16.799999237060547,16.799999237060547,17.0,16.600000381469727,16.600000381469727,7410
2016-04-18,16.799999237060547,16.799999237060547,17.100000381469727,16.5,16.700000762939453,8330
2016-04-19,16.700000762939453,16.700000762939453,16.899999618530273,16.399999618530273,16.600000381469727,13860
2016-04-20,16.299999237060547,16.299999237060547,16.700000762939453,16.299999237060547,16.700000762939453,6000
2016-04-21,16.100000381469727,16.100000381469727,16.5,15.699999809265137,16.200000762939453,11630
2016-04-22,16.700000762939453,16.700000762939453,16.799999237060547,15.699999809265137,15.800000190734863,14430
2016-04-25,16.0,16.0,16.899999618530273,16.0,16.299999237060547,11360
2016-04-26,16.299999237060547,16.299999237060547,16.399999618530273,15.800000190734863,16.100000381469727,8000
2016-04-27,15.899999618530273,15.899999618530273,16.5,15.800000190734863,16.5,17380
2016-04-28,15.800000190734863,15.800000190734863,16.700000762939453,15.800000190734863,15.899999618530273,5680
2016-04-29,15.300000190734863,15.300000190734863,16.299999237060547,15.199999809265137,15.899999618530273,18380
2016-05-02,14.600000381469727,14.600000381469727,15.399999618530273,14.5,15.100000381469727,13120
2016-05-03,13.5,13.5,14.800000190734863,12.800000190734863,14.5,22620
2016-05-04,13.899999618530273,13.899999618530273,14.600000381469727,12.899999618530273,13.5,15180
2016-05-05,13.899999618530273,13.899999618530273,14.100000381469727,13.5,14.0,18510
2016-05-06,14.0,14.0,14.300000190734863,13.600000381469727,14.0,14410
2016-05-09,14.800000190734863,14.800000190734863,15.100000381469727,14.0,14.300000190734863,12260
2016-05-10,13.800000190734863,13.800000190734863,16.200000762939453,13.399999618530273,15.5,41040
2016-05-11,13.199999809265137,13.199999809265137,13.899999618530273,12.899999618530273,13.699999809265137,17700
2016-05-12,12.600000381469727,12.600000381469727,13.399999618530273,12.5,13.399999618530273,27600
2016-05-13,12.600000381469727,12.600000381469727,13.100000381469727,12.5,12.800000190734863,20830
2016-05-16,12.600000381469727,12.600000381469727,12.800000190734863,12.5,12.600000381469727,10410
2016-05-17,12.199999809265137,12.199999809265137,12.800000190734863,12.100000381469727,12.300000190734863,21440
2016-05-18,11.5,11.5,12.899999618530273,10.600000381469727,12.0,25600
2016-05-19,11.600000381469727,11.600000381469727,11.800000190734863,11.100000381469727,11.5,15300
2016-05-20,13.0,13.0,13.399999618530273,11.5,11.5,37970
2016-05-23,13.899999618530273,13.899999618530273,15.899999618530273,12.699999809265137,12.800000190734863,35720
2016-05-24,14.5,14.5,14.699999809265137,13.699999809265137,13.899999618530273,11440
2016-05-25,15.100000381469727,15.100000381469727,15.600000381469727,14.399999618530273,14.399999618530273,7140
2016-05-26,14.5,14.5,15.5,14.199999809265137,15.399999618530273,10150
2016-05-27,14.399999618530273,14.399999618530273,14.800000190734863,14.199999809265137,14.5,8090
2016-05-31,14.199999809265137,14.199999809265137,14.800000190734863,13.399999618530273,14.0,24900
2016-06-01,14.100000381469727,14.100000381469727,14.899999618530273,13.699999809265137,13.800000190734863,31360
2016-06-02,15.899999618530273,15.899999618530273,16.100000381469727,13.699999809265137,14.0,61780
2016-06-03,16.299999237060547,16.299999237060547,16.5,15.199999809265137,15.899999618530273,29430
2016-06-06,16.899999618530273,16.899999618530273,16.899999618530273,16.100000381469727,16.100000381469727,21240
2016-06-07,16.299999237060547,16.299999237060547,17.200000762939453,15.800000190734863,16.899999618530273,41790
2016-06-08,16.299999237060547,16.299999237060547,16.399999618530273,15.699999809265137,16.0,14190
2016-06-09,15.800000190734863,15.800000190734863,16.299999237060547,15.5,16.299999237060547,9570
2016-06-10,15.300000190734863,15.300000190734863,15.800000190734863,15.300000190734863,15.5,12270
2016-06-13,15.0,15.0,15.5,15.0,15.300000190734863,21790
2016-06-14,15.399999618530273,15.399999618530273,15.5,15.0,15.0,7940
2016-06-15,15.5,15.5,15.899999618530273,15.199999809265137,15.199999809265137,8770
2016-06-16,15.5,15.5,15.699999809265137,15.100000381469727,15.5,16970
2016-06-17,16.200000762939453,16.200000762939453,16.399999618530273,15.399999618530273,15.600000381469727,28300
2016-06-20,16.600000381469727,16.600000381469727,16.600000381469727,15.800000190734863,16.399999618530273,18190
2016-06-21,16.0,16.0,16.700000762939453,15.800000190734863,16.5,23860
2016-06-22,16.399999618530273,16.399999618530273,16.5,15.600000381469727,15.800000190734863,18660
2016-06-23,16.799999237060547,16.799999237060547,17.0,15.800000190734863,16.5,27520
2016-06-24,15.899999618530273,15.899999618530273,16.5,15.300000190734863,16.100000381469727,325350
2016-06-27,15.0,15.0,16.299999237060547,14.800000190734863,16.299999237060547,27250
2016-06-28,15.300000190734863,15.300000190734863,15.899999618530273,14.300000190734863,15.199999809265137,8600
2016-06-29,15.0,15.0,16.100000381469727,14.600000381469727,15.399999618530273,18920
2016-06-30,15.199999809265137,15.199999809265137,15.5,14.800000190734863,15.0,16920
2016-07-01,15.199999809265137,15.199999809265137,15.699999809265137,15.100000381469727,15.399999618530273,5750
2016-07-05,14.399999618530273,14.399999618530273,15.199999809265137,14.0,15.199999809265137,9390
2016-07-06,14.300000190734863,14.300000190734863,14.5,14.199999809265137,14.399999618530273,6440
2016-07-07,14.800000190734863,14.800000190734863,14.899999618530273,14.0,14.399999618530273,3770
2016-07-08,15.899999618530273,15.899999618530273,16.0,14.800000190734863,15.100000381469727,10070
2016-07-11,15.300000190734863,15.300000190734863,16.299999237060547,15.100000381469727,15.899999618530273,9210
2016-07-12,15.899999618530273,15.899999618530273,16.0,15.399999618530273,15.5,8290
2016-07-13,15.699999809265137,15.699999809265137,16.0,15.600000381469727,15.800000190734863,6920
2016-07-14,15.899999618530273,15.899999618530273,16.100000381469727,15.100000381469727,15.600000381469727,9990
2016-07-15,15.899999618530273,15.899999618530273,16.200000762939453,15.100000381469727,15.100000381469727,10110
2016-07-18,15.899999618530273,15.899999618530273,16.100000381469727,15.199999809265137,15.800000190734863,10780
2016-07-19,16.600000381469727,16.600000381469727,17.200000762939453,15.600000381469727,15.899999618530273,14760
2016-07-20,17.600000381469727,17.600000381469727,17.899999618530273,16.399999618530273,16.700000762939453,18990
2016-07-21,17.200000762939453,17.200000762939453,17.899999618530273,16.700000762939453,17.600000381469727,22190
2016-07-22,17.0,17.0,17.200000762939453,16.600000381469727,17.200000762939453,10060
2016-07-25,16.899999618530273,16.899999618530273,17.0,16.200000762939453,16.700000762939453,28980
2016-07-26,16.799999237060547,16.799999237060547,17.100000381469727,16.399999618530273,17.0,19330
2016-07-27,17.0,17.0,17.100000381469727,16.299999237060547,17.0,18580
2016-07-28,17.899999618530273,17.899999618530273,18.0,16.700000762939453,16.700000762939453,8580
2016-07-29,17.799999237060547,17.799999237060547,18.0,17.399999618530273,17.899999618530273,7580
2016-08-01,18.899999618530273,18.899999618530273,19.700000762939453,17.799999237060547,17.799999237060547,46560
2016-08-02,19.200000762939453,19.200000762939453,19.899999618530273,18.5,18.700000762939453,30760
2016-08-03,18.799999237060547,18.799999237060547,19.600000381469727,18.399999618530273,19.299999237060547,30240
2016-08-04,20.0,20.0,21.799999237060547,18.100000381469727,19.200000762939453,123110
2016-08-05,20.600000381469727,20.600000381469727,21.799999237060547,20.100000381469727,20.399999618530273,52310
2016-08-08,22.899999618530273,22.899999618530273,23.799999237060547,19.799999237060547,19.799999237060547,70970
2016-08-09,23.899999618530273,23.899999618530273,24.600000381469727,23.100000381469727,23.799999237060547,49390
2016-08-10,23.799999237060547,23.799999237060547,24.600000381469727,23.600000381469727,23.899999618530273,21410
2016-08-11,24.700000762939453,24.700000762939453,25.0,23.799999237060547,23.799999237060547,60470
2016-08-12,25.5,25.5,25.899999618530273,24.5,25.0,56940
2016-08-15,24.700000762939453,24.700000762939453,27.799999237060547,23.799999237060547,26.399999618530273,89600
2016-08-16,26.100000381469727,26.100000381469727,26.5,24.5,24.899999618530273,59400
2016-08-17,29.5,29.5,29.899999618530273,25.5,25.799999237060547,75450
2016-08-18,31.799999237060547,31.799999237060547,31.899999618530273,28.5,29.5,98270
2016-08-19,32.599998474121094,32.599998474121094,34.0,31.100000381469727,32.099998474121094,139930
2016-08-22,37.29999923706055,37.29999923706055,37.400001525878906,32.20000076293945,33.29999923706055,212740
2016-08-23,31.399999618530273,31.399999618530273,38.0,30.5,38.0,231560
2016-08-24,31.200000762939453,31.200000762939453,32.5,30.200000762939453,31.0,70480
2016-08-25,31.399999618530273,31.399999618530273,31.5,30.200000762939453,30.700000762939453,42260
2016-08-26,31.200000762939453,31.200000762939453,32.20000076293945,30.600000381469727,31.700000762939453,25760
2016-08-29,31.600000381469727,31.600000381469727,32.29999923706055,30.5,30.899999618530273,29930
2016-08-30,33.0,33.0,35.0,32.400001525878906,32.900001525878906,62050
2016-08-31,31.299999237060547,31.299999237060547,33.5,30.899999618530273,33.5,23650
2016-09-01,31.299999237060547,31.299999237060547,31.600000381469727,30.200000762939453,31.200000762939453,17540
2016-09-02,31.200000762939453,31.200000762939453,31.899999618530273,30.899999618530273,31.899999618530273,31220
2016-09-06,33.900001525878906,33.900001525878906,34.0,32.0,32.599998474121094,95840
2016-09-07,32.70000076293945,32.70000076293945,35.599998474121094,32.0,34.5,69830
2016-09-08,32.599998474121094,32.599998474121094,33.400001525878906,32.29999923706055,32.79999923706055,18070
2016-09-09,29.5,29.5,32.5,29.299999237060547,32.29999923706055,50900
2016-09-12,31.899999618530273,31.899999618530273,32.20000076293945,28.200000762939453,28.200000762939453,63970
2016-09-13,30.299999237060547,30.299999237060547,32.0,29.299999237060547,31.399999618530273,39220
2016-09-14,30.0,30.0,31.600000381469727,30.0,30.299999237060547,32500
2016-09-15,28.799999237060547,28.799999237060547,30.5,27.200000762939453,30.0,79310
2016-09-16,29.899999618530273,29.899999618530273,30.299999237060547,27.899999618530273,28.5,47740
2016-09-19,29.100000381469727,29.100000381469727,30.0,28.899999618530273,30.0,26610
2016-09-20,29.200000762939453,29.200000762939453,29.700000762939453,29.0,29.0,22030
2016-09-21,29.600000381469727,29.600000381469727,30.0,28.899999618530273,29.200000762939453,60740
2016-09-22,30.5,30.5,30.899999618530273,29.799999237060547,30.0,55780
2016-09-23,34.400001525878906,34.400001525878906,37.400001525878906,32.70000076293945,36.5,361660
2016-09-26,32.79999923706055,32.79999923706055,34.5,32.29999923706055,34.5,71380
2016-09-27,32.900001525878906,32.900001525878906,33.0,32.29999923706055,32.70000076293945,24560
2016-09-28,32.5,32.5,33.29999923706055,32.400001525878906,33.0,120630
2016-09-29,31.200000762939453,31.200000762939453,31.600000381469727,30.299999237060547,30.5,72490
2016-09-30,31.299999237060547,31.299999237060547,32.29999923706055,30.700000762939453,31.0,30810
2016-10-03,31.399999618530273,31.399999618530273,31.700000762939453,30.299999237060547,31.100000381469727,31570
2016-10-04,30.899999618530273,30.899999618530273,31.700000762939453,30.600000381469727,31.700000762939453,13070
2016-10-05,31.799999237060547,31.799999237060547,31.799999237060547,30.899999618530273,30.899999618530273,19100
2016-10-06,30.899999618530273,30.899999618530273,31.799999237060547,30.299999237060547,31.399999618530273,23310
2016-10-07,30.700000762939453,30.700000762939453,31.299999237060547,30.399999618530273,31.100000381469727,24670
2016-10-10,30.299999237060547,30.299999237060547,31.799999237060547,30.100000381469727,30.899999618530273,18520
2016-10-11,29.100000381469727,29.100000381469727,30.299999237060547,28.5,30.100000381469727,34190
2016-10-12,27.799999237060547,27.799999237060547,29.200000762939453,27.399999618530273,29.200000762939453,22370
2016-10-13,29.100000381469727,29.100000381469727,29.899999618530273,27.299999237060547,27.799999237060547,20960
2016-10-14,29.399999618530273,29.399999618530273,30.200000762939453,29.399999618530273,29.799999237060547,18150
2016-10-17,28.100000381469727,28.100000381469727,29.299999237060547,28.100000381469727,29.299999237060547,21160
2016-10-18,28.399999618530273,28.399999618530273,29.200000762939453,28.100000381469727,28.5,13560
2016-10-19,29.200000762939453,29.200000762939453,29.600000381469727,28.399999618530273,28.5,14680
2016-10-20,28.299999237060547,28.299999237060547,29.5,28.0,29.100000381469727,12100
2016-10-21,28.399999618530273,28.399999618530273,28.5,28.0,28.200000762939453,3350
2016-10-24,28.0,28.0,28.899999618530273,27.799999237060547,28.299999237060547,15010
2016-10-25,28.299999237060547,28.299999237060547,28.5,28.0,28.200000762939453,9890
2016-10-26,28.700000762939453,28.700000762939453,28.899999618530273,28.0,28.200000762939453,25870
2016-10-27,27.600000381469727,27.600000381469727,28.799999237060547,27.100000381469727,28.799999237060547,24550
2016-10-28,26.200000762939453,26.200000762939453,27.600000381469727,25.700000762939453,27.600000381469727,24950
2016-10-31,26.200000762939453,26.200000762939453,26.600000381469727,25.799999237060547,26.600000381469727,87890
2016-11-01,26.299999237060547,26.299999237060547,26.5,25.200000762939453,26.0,17210
2016-11-02,25.799999237060547,25.799999237060547,26.5,25.0,26.100000381469727,22410
2016-11-03,24.700000762939453,24.700000762939453,26.100000381469727,24.700000762939453,25.700000762939453,33330
2016-11-04,24.899999618530273,24.899999618530273,26.5,23.700000762939453,23.799999237060547,43380
2016-11-07,25.200000762939453,25.200000762939453,26.0,24.700000762939453,25.399999618530273,21170
2016-11-08,25.0,25.0,25.299999237060547,24.399999618530273,25.0,15120
2016-11-09,25.299999237060547,25.299999237060547,25.600000381469727,22.600000381469727,25.0,23460
2016-11-10,25.0,25.0,25.700000762939453,24.299999237060547,25.299999237060547,9660
2016-11-11,25.100000381469727,25.100000381469727,25.700000762939453,24.100000381469727,25.0,21250
2016-11-14,26.0,26.0,27.700000762939453,25.0,25.100000381469727,58720
2016-11-15,25.200000762939453,25.200000762939453,26.5,25.0,26.100000381469727,28820
2016-11-16,24.0,24.0,24.5,22.299999237060547,22.299999237060547,31270
2016-11-17,23.799999237060547,23.799999237060547,24.0,23.5,23.5,17120
2016-11-18,24.200000762939453,24.200000762939453,24.5,23.399999618530273,23.799999237060547,24500
2016-11-21,23.899999618530273,23.899999618530273,24.799999237060547,22.899999618530273,22.899999618530273,12900
2016-11-22,24.799999237060547,24.799999237060547,26.100000381469727,23.5,23.799999237060547,31000
2016-11-23,25.100000381469727,25.100000381469727,25.700000762939453,24.799999237060547,24.799999237060547,13670
2016-11-25,25.600000381469727,25.600000381469727,25.700000762939453,25.100000381469727,25.399999618530273,4300
2016-11-28,24.600000381469727,24.600000381469727,25.799999237060547,24.600000381469727,25.399999618530273,20350
2016-11-29,23.799999237060547,23.799999237060547,25.200000762939453,23.299999237060547,24.600000381469727,22210
2016-11-30,23.0,23.0,23.600000381469727,22.200000762939453,23.399999618530273,49200
2016-12-01,23.100000381469727,23.100000381469727,23.299999237060547,22.799999237060547,23.200000762939453,50070
2016-12-02,24.299999237060547,24.299999237060547,24.299999237060547,23.200000762939453,23.200000762939453,20640
2016-12-05,25.399999618530273,25.399999618530273,25.5,24.200000762939453,24.399999618530273,7010
2016-12-06,26.399999618530273,26.399999618530273,27.5,25.5,25.5,41070
2016-12-07,27.100000381469727,27.100000381469727,27.100000381469727,26.200000762939453,26.200000762939453,23860
2016-12-08,27.100000381469727,27.100000381469727,27.399999618530273,26.700000762939453,26.799999237060547,37600
2016-12-09,26.899999618530273,26.899999618530273,27.399999618530273,25.700000762939453,27.200000762939453,21760
2016-12-12,26.299999237060547,26.299999237060547,27.200000762939453,25.0,26.700000762939453,23520
2016-12-13,26.0,26.0,26.899999618530273,25.700000762939453,26.299999237060547,17400
2016-12-14,25.299999237060547,25.299999237060547,26.0,25.0,25.799999237060547,23930
2016-12-15,25.799999237060547,25.799999237060547,26.100000381469727,25.0,25.399999618530273,24350
2016-12-16,25.600000381469727,25.600000381469727,26.600000381469727,25.5,25.700000762939453,11880
2016-12-19,25.600000381469727,25.600000381469727,25.700000762939453,24.0,25.5,13010
2016-12-20,25.600000381469727,25.600000381469727,26.200000762939453,25.399999618530273,25.600000381469727,21320
2016-12-21,25.0,25.0,26.0,24.799999237060547,25.700000762939453,34880
2016-12-22,24.799999237060547,24.799999237060547,25.200000762939453,24.700000762939453,25.0,7540
2016-12-23,24.799999237060547,24.799999237060547,24.899999618530273,24.600000381469727,24.700000762939453,4850
2016-12-27,25.399999618530273,25.399999618530273,25.5,25.0,25.0,21860
2016-12-28,24.5,24.5,25.600000381469727,24.399999618530273,25.5,15680
2016-12-29,24.5,24.5,25.200000762939453,24.299999237060547,24.600000381469727,16400
2016-12-30,24.399999618530273,24.399999618530273,25.100000381469727,24.299999237060547,24.700000762939453,16880
2017-01-03,25.0,25.0,25.100000381469727,24.799999237060547,24.799999237060547,5690
2017-01-04,25.700000762939453,25.700000762939453,26.100000381469727,25.0,25.0,15680
2017-01-05,25.799999237060547,25.799999237060547,26.299999237060547,25.5,25.5,6520
2017-01-06,25.799999237060547,25.799999237060547,26.200000762939453,25.600000381469727,25.899999618530273,11810
2017-01-09,27.700000762939453,27.700000762939453,28.0,25.799999237060547,25.899999618530273,19780
2017-01-10,28.200000762939453,28.200000762939453,28.299999237060547,26.899999618530273,28.299999237060547,20500
2017-01-11,31.299999237060547,31.299999237060547,31.399999618530273,27.5,27.899999618530273,54920
2017-01-12,30.5,30.5,31.0,29.799999237060547,31.0,34660
2017-01-13,28.700000762939453,28.700000762939453,30.5,28.600000381469727,30.399999618530273,24460
2017-01-17,30.0,30.0,30.299999237060547,29.0,29.0,24160
2017-01-18,29.799999237060547,29.799999237060547,31.200000762939453,29.200000762939453,30.200000762939453,16420
2017-01-19,31.0,31.0,31.100000381469727,29.799999237060547,30.100000381469727,15430
2017-01-20,30.299999237060547,30.299999237060547,31.100000381469727,30.100000381469727,31.100000381469727,10370
2017-01-23,30.600000381469727,30.600000381469727,30.799999237060547,30.0,30.200000762939453,5400
2017-01-24,30.5,30.5,31.100000381469727,29.0,30.200000762939453,25410
2017-01-25,31.100000381469727,31.100000381469727,31.700000762939453,30.600000381469727,30.700000762939453,29070
2017-01-26,31.200000762939453,31.200000762939453,31.5,30.899999618530273,31.100000381469727,6410
2017-01-27,31.100000381469727,31.100000381469727,31.5,30.600000381469727,31.299999237060547,7900
2017-01-30,30.600000381469727,30.600000381469727,31.399999618530273,30.100000381469727,31.299999237060547,13550
2017-01-31,30.899999618530273,30.899999618530273,31.0,29.0,30.299999237060547,6290
2017-02-01,31.0,31.0,31.299999237060547,30.600000381469727,30.899999618530273,7430
2017-02-02,32.0,32.0,32.0,30.700000762939453,30.799999237060547,16600
2017-02-03,31.700000762939453,31.700000762939453,32.29999923706055,30.0,31.700000762939453,15250
2017-02-06,29.5,29.5,31.700000762939453,29.200000762939453,31.600000381469727,20800
2017-02-07,29.600000381469727,29.600000381469727,30.899999618530273,29.399999618530273,29.700000762939453,10870
2017-02-08,28.899999618530273,28.899999618530273,29.899999618530273,28.5,29.399999618530273,14230
2017-02-09,29.100000381469727,29.100000381469727,29.5,28.700000762939453,28.799999237060547,4770
2017-02-10,28.700000762939453,28.700000762939453,29.5,28.399999618530273,29.0,5520
2017-02-13,28.399999618530273,28.399999618530273,29.200000762939453,28.399999618530273,29.100000381469727,6280
2017-02-14,30.5,30.5,30.799999237060547,28.200000762939453,28.200000762939453,11390
2017-02-15,29.399999618530273,29.399999618530273,30.700000762939453,28.200000762939453,30.700000762939453,25020
2017-02-16,29.5,29.5,30.0,28.399999618530273,29.200000762939453,5910
2017-02-17,29.200000762939453,29.200000762939453,29.799999237060547,28.600000381469727,29.0,13390
2017-02-21,28.5,28.5,28.700000762939453,26.700000762939453,27.200000762939453,13750
2017-02-22,29.200000762939453,29.200000762939453,29.200000762939453,28.200000762939453,28.399999618530273,7500
2017-02-23,28.5,28.5,29.399999618530273,28.5,29.200000762939453,6590
2017-02-24,29.200000762939453,29.200000762939453,29.200000762939453,25.299999237060547,28.399999618530273,7630
2017-02-27,29.899999618530273,29.899999618530273,30.0,29.100000381469727,29.200000762939453,10830
2017-02-28,28.799999237060547,28.799999237060547,29.899999618530273,28.600000381469727,29.799999237060547,9250
2017-03-01,29.299999237060547,29.299999237060547,29.700000762939453,28.600000381469727,29.100000381469727,8940
2017-03-02,28.200000762939453,28.200000762939453,29.600000381469727,28.200000762939453,29.0,6090
2017-03-03,28.799999237060547,28.799999237060547,29.200000762939453,28.100000381469727,28.700000762939453,4470
2017-03-06,28.399999618530273,28.399999618530273,28.899999618530273,28.100000381469727,28.5,6180
2017-03-07,28.399999618530273,28.399999618530273,28.700000762939453,28.100000381469727,28.100000381469727,6040
2017-03-08,28.399999618530273,28.399999618530273,28.799999237060547,27.5,28.799999237060547,10480
2017-03-09,28.5,28.5,28.600000381469727,27.899999618530273,28.100000381469727,14230
2017-03-10,23.899999618530273,23.899999618530273,26.0,22.200000762939453,25.5,89830
2017-03-13,23.899999618530273,23.899999618530273,24.399999618530273,23.200000762939453,24.0,26550
2017-03-14,23.0,23.0,23.5,22.0,23.5,34770
2017-03-15,22.700000762939453,22.700000762939453,23.399999618530273,22.0,22.799999237060547,23250
2017-03-16,21.399999618530273,21.399999618530273,23.100000381469727,20.799999237060547,22.5,23280
2017-03-17,21.100000381469727,21.100000381469727,21.399999618530273,20.899999618530273,21.399999618530273,22530
2017-03-20,21.799999237060547,21.799999237060547,22.299999237060547,20.899999618530273,20.899999618530273,24610
2017-03-21,22.799999237060547,22.799999237060547,23.0,21.5,22.0,19980
2017-03-22,21.5,21.5,23.0,21.100000381469727,23.0,15670
2017-03-23,21.600000381469727,21.600000381469727,21.899999618530273,21.100000381469727,21.5,9370
2017-03-24,21.899999618530273,21.899999618530273,22.0,21.600000381469727,21.799999237060547,12220
2017-03-27,22.0,22.0,22.399999618530273,21.700000762939453,21.700000762939453,11800
2017-03-28,21.799999237060547,21.799999237060547,22.299999237060547,21.5,22.200000762939453,14610
2017-03-29,21.799999237060547,21.799999237060547,22.100000381469727,21.600000381469727,22.0,6890
2017-03-30,21.799999237060547,21.799999237060547,22.399999618530273,21.5,21.899999618530273,13270
2017-03-31,20.899999618530273,20.899999618530273,21.700000762939453,20.799999237060547,21.700000762939453,14140
2017-04-03,23.600000381469727,23.600000381469727,23.899999618530273,21.0,21.0,28700
2017-04-04,23.399999618530273,23.399999618530273,24.299999237060547,23.100000381469727,23.799999237060547,10840
2017-04-05,22.200000762939453,22.200000762939453,23.600000381469727,22.100000381469727,23.600000381469727,12110
2017-04-06,23.0,23.0,23.100000381469727,22.399999618530273,22.399999618530273,9410
2017-04-07,22.299999237060547,22.299999237060547,22.700000762939453,22.0,22.600000381469727,17490
2017-04-10,23.200000762939453,23.200000762939453,23.600000381469727,22.0,22.0,12760
2017-04-11,22.700000762939453,22.700000762939453,23.600000381469727,22.5,23.299999237060547,9490
2017-04-12,22.700000762939453,22.700000762939453,23.700000762939453,22.5,22.5,9310
2017-04-13,22.299999237060547,22.299999237060547,22.799999237060547,22.0,22.5,9080
2017-04-17,21.899999618530273,21.899999618530273,22.700000762939453,21.799999237060547,22.700000762939453,10710
2017-04-18,21.100000381469727,21.100000381469727,21.899999618530273,21.0,21.799999237060547,9320
2017-04-19,21.399999618530273,21.399999618530273,21.799999237060547,21.100000381469727,21.100000381469727,6560
2017-04-20,21.200000762939453,21.200000762939453,21.899999618530273,21.0,21.200000762939453,5590
2017-04-21,22.399999618530273,22.399999618530273,22.799999237060547,20.600000381469727,21.100000381469727,11160
2017-04-24,21.899999618530273,21.899999618530273,22.0,21.0,21.5,7080
2017-04-25,21.100000381469727,21.100000381469727,22.399999618530273,20.399999618530273,21.700000762939453,8520
2017-04-26,21.899999618530273,21.899999618530273,22.100000381469727,21.100000381469727,21.100000381469727,4560
2017-04-27,21.399999618530273,21.399999618530273,21.700000762939453,21.0,21.700000762939453,8350
2017-04-28,21.399999618530273,21.399999618530273,21.700000762939453,21.100000381469727,21.399999618530273,5650
2017-05-01,21.0,21.0,22.0,20.5,22.0,6200
2017-05-02,21.100000381469727,21.100000381469727,21.100000381469727,20.700000762939453,21.0,11510
2017-05-03,19.899999618530273,19.899999618530273,21.100000381469727,19.799999237060547,20.700000762939453,12170
2017-05-04,17.899999618530273,17.899999618530273,20.200000762939453,17.799999237060547,20.100000381469727,11990
2017-05-05,18.0,18.0,18.700000762939453,17.799999237060547,18.399999618530273,10210
2017-05-08,18.299999237060547,18.299999237060547,18.5,18.100000381469727,18.100000381469727,3530
2017-05-09,18.399999618530273,18.399999618530273,19.600000381469727,18.299999237060547,18.5,14670
2017-05-10,18.299999237060547,18.299999237060547,19.100000381469727,18.100000381469727,18.5,5970
2017-05-11,14.100000381469727,14.100000381469727,18.0,14.0,18.0,70130
2017-05-12,13.0,13.0,14.0,12.5,14.0,41120
2017-05-15,12.300000190734863,12.300000190734863,13.300000190734863,11.899999618530273,13.300000190734863,37180
2017-05-16,11.0,11.0,12.199999809265137,10.100000381469727,12.199999809265137,57240
2017-05-17,10.699999809265137,10.699999809265137,11.100000381469727,9.5,10.899999618530273,32470
2017-05-18,10.300000190734863,10.300000190734863,10.800000190734863,10.199999809265137,10.5,21180
2017-05-19,11.399999618530273,11.399999618530273,14.699999809265137,10.199999809265137,10.199999809265137,136440
2017-05-22,11.699999809265137,11.699999809265137,11.899999618530273,11.100000381469727,11.399999618530273,17870
2017-05-23,11.600000381469727,11.600000381469727,12.0,11.100000381469727,11.600000381469727,15770
2017-05-24,10.899999618530273,10.899999618530273,11.800000190734863,10.300000190734863,11.699999809265137,69820
2017-05-25,10.600000381469727,10.600000381469727,10.899999618530273,10.300000190734863,10.800000190734863,20830
2017-05-26,9.899999618530273,9.899999618530273,10.5,9.800000190734863,10.5,29690
2017-05-30,10.300000190734863,10.300000190734863,10.399999618530273,10.0,10.0,18420
2017-05-31,10.199999809265137,10.199999809265137,10.5,10.199999809265137,10.399999618530273,11880
2017-06-01,10.600000381469727,10.600000381469727,10.800000190734863,10.0,10.199999809265137,16370
2017-06-02,10.699999809265137,10.699999809265137,11.199999809265137,10.5,10.5,9360
2017-06-05,9.899999618530273,9.899999618530273,11.0,9.899999618530273,10.800000190734863,25630
2017-06-06,9.399999618530273,9.399999618530273,10.300000190734863,9.0,9.800000190734863,24020
2017-06-07,9.800000190734863,9.800000190734863,10.100000381469727,9.399999618530273,9.399999618530273,14090
2017-06-08,11.300000190734863,11.300000190734863,12.899999618530273,10.600000381469727,12.5,113690
2017-06-09,10.199999809265137,10.199999809265137,11.199999809265137,9.899999618530273,11.100000381469727,39960
2017-06-12,9.800000190734863,9.800000190734863,10.600000381469727,9.699999809265137,10.0,19720
2017-06-13,10.0,10.0,10.100000381469727,9.5,9.800000190734863,16650
2017-06-14,9.399999618530273,9.399999618530273,9.800000190734863,9.300000190734863,9.600000381469727,19420
2017-06-15,9.5,9.5,9.800000190734863,8.699999809265137,9.5,67590
2017-06-16,10.600000381469727,10.600000381469727,12.0,9.699999809265137,9.699999809265137,97990
2017-06-19,11.699999809265137,11.699999809265137,11.899999618530273,10.5,10.800000190734863,78760
2017-06-20,11.300000190734863,11.300000190734863,11.600000381469727,10.5,11.600000381469727,26970
2017-06-21,11.899999618530273,11.899999618530273,12.0,11.199999809265137,11.300000190734863,28480
2017-06-22,12.199999809265137,12.199999809265137,13.899999618530273,11.899999618530273,11.899999618530273,46640
2017-06-23,12.100000381469727,12.100000381469727,12.300000190734863,11.899999618530273,12.199999809265137,12070
2017-06-26,13.100000381469727,13.100000381469727,13.300000190734863,12.0,12.199999809265137,27460
2017-06-27,12.800000190734863,12.800000190734863,13.199999809265137,12.600000381469727,13.100000381469727,14790
2017-06-28,12.0,12.0,12.899999618530273,11.899999618530273,12.899999618530273,11750
2017-06-29,11.800000190734863,11.800000190734863,12.100000381469727,11.300000190734863,12.0,15760
2017-06-30,12.5,12.5,13.0,11.399999618530273,11.800000190734863,16270
2017-07-03,12.600000381469727,12.600000381469727,12.899999618530273,12.300000190734863,12.699999809265137,2570
2017-07-05,12.100000381469727,12.100000381469727,12.899999618530273,12.0,12.5,4470
2017-07-06,13.5,13.5,13.899999618530273,12.0,12.0,42220
2017-07-07,14.100000381469727,14.100000381469727,15.399999618530273,13.399999618530273,13.699999809265137,47370
2017-07-10,14.0,14.0,14.399999618530273,13.600000381469727,14.100000381469727,22030
2017-07-11,13.600000381469727,13.600000381469727,14.399999618530273,13.399999618530273,14.0,25830
2017-07-12,13.600000381469727,13.600000381469727,14.300000190734863,13.100000381469727,13.699999809265137,12570
2017-07-13,13.300000190734863,13.300000190734863,14.0,13.0,13.699999809265137,7470
2017-07-14,12.5,12.5,13.0,12.399999618530273,12.699999809265137,19390
2017-07-17,12.300000190734863,12.300000190734863,12.5,12.100000381469727,12.5,7260
2017-07-18,12.800000190734863,12.800000190734863,12.899999618530273,12.100000381469727,12.199999809265137,18850
2017-07-19,13.600000381469727,13.600000381469727,14.399999618530273,12.600000381469727,12.800000190734863,42190
2017-07-20,14.199999809265137,14.199999809265137,14.600000381469727,13.5,13.699999809265137,48180
2017-07-21,14.5,14.5,15.100000381469727,14.100000381469727,14.300000190734863,28310
2017-07-24,14.199999809265137,14.199999809265137,14.399999618530273,13.5,14.399999618530273,25780
2017-07-25,14.0,14.0,14.300000190734863,13.899999618530273,14.100000381469727,16290
2017-07-26,13.300000190734863,13.300000190734863,14.0,13.199999809265137,13.899999618530273,14420
2017-07-27,12.800000190734863,12.800000190734863,13.399999618530273,12.5,13.399999618530273,18020
2017-07-28,12.600000381469727,12.600000381469727,13.199999809265137,12.5,12.899999618530273,7900
2017-07-31,11.800000190734863,11.800000190734863,12.600000381469727,11.699999809265137,12.600000381469727,19840
2017-08-01,11.699999809265137,11.699999809265137,11.899999618530273,11.5,11.899999618530273,7970
2017-08-02,11.199999809265137,11.199999809265137,11.800000190734863,11.0,11.800000190734863,13970
2017-08-03,10.899999618530273,10.899999618530273,11.300000190734863,10.800000190734863,11.300000190734863,14980
2017-08-04,11.399999618530273,11.399999618530273,11.5,10.699999809265137,10.699999809265137,13280
2017-08-07,11.100000381469727,11.100000381469727,12.199999809265137,11.100000381469727,11.5,24420
2017-08-08,11.5,11.5,13.800000190734863,10.100000381469727,12.899999618530273,109450
2017-08-09,10.899999618530273,10.899999618530273,11.800000190734863,10.600000381469727,11.5,25620
2017-08-10,11.300000190734863,11.300000190734863,11.800000190734863,11.0,11.0,53110
2017-08-11,12.0,12.0,12.399999618530273,11.199999809265137,11.399999618530273,42530
2017-08-14,11.699999809265137,11.699999809265137,12.0,11.399999618530273,12.0,12220
2017-08-15,11.199999809265137,11.199999809265137,11.800000190734863,11.100000381469727,11.699999809265137,19120
2017-08-16,11.300000190734863,11.300000190734863,11.399999618530273,11.100000381469727,11.300000190734863,10950
2017-08-17,11.100000381469727,11.100000381469727,11.199999809265137,10.699999809265137,11.199999809265137,19170
2017-08-18,10.800000190734863,10.800000190734863,10.899999618530273,10.300000190734863,10.800000190734863,29030
2017-08-21,11.600000381469727,11.600000381469727,11.699999809265137,10.600000381469727,10.600000381469727,13030
2017-08-22,11.699999809265137,11.699999809265137,11.800000190734863,11.300000190734863,11.699999809265137,6820
2017-08-23,11.699999809265137,11.699999809265137,11.899999618530273,11.399999618530273,11.5,12180
2017-08-24,11.600000381469727,11.600000381469727,13.5,11.399999618530273,11.800000190734863,49210
2017-08-25,11.899999618530273,11.899999618530273,12.0,11.5,11.5,8390
2017-08-28,12.800000190734863,12.800000190734863,13.5,11.800000190734863,12.0,44900
2017-08-29,13.300000190734863,13.300000190734863,13.899999618530273,12.5,12.600000381469727,32870
2017-08-30,13.5,13.5,14.5,13.199999809265137,13.300000190734863,17510
2017-08-31,14.100000381469727,14.100000381469727,14.699999809265137,13.5,13.699999809265137,27430
2017-09-01,13.5,13.5,15.100000381469727,13.5,14.100000381469727,18530
2017-09-05,13.5,13.5,14.0,13.0,13.5,9670
2017-09-06,12.800000190734863,12.800000190734863,13.699999809265137,12.399999618530273,13.5,12070
2017-09-07,12.600000381469727,12.600000381469727,13.100000381469727,12.5,12.800000190734863,10200
2017-09-08,12.600000381469727,12.600000381469727,13.0,11.899999618530273,13.0,4820
2017-09-11,12.399999618530273,12.399999618530273,12.600000381469727,12.199999809265137,12.600000381469727,6280
2017-09-12,12.699999809265137,12.699999809265137,13.0,12.100000381469727,12.399999618530273,16940
2017-09-13,12.600000381469727,12.600000381469727,13.199999809265137,12.5,12.699999809265137,17560
2017-09-14,12.399999618530273,12.399999618530273,12.899999618530273,12.100000381469727,12.5,5610
2017-09-15,12.800000190734863,12.800000190734863,13.0,12.300000190734863,12.5,14040
2017-09-18,13.0,13.0,13.199999809265137,12.600000381469727,12.800000190734863,14290
2017-09-19,13.100000381469727,13.100000381469727,13.5,12.800000190734863,13.0,14940
2017-09-20,15.300000190734863,15.300000190734863,18.399999618530273,13.0,13.199999809265137,199160
2017-09-21,14.100000381469727,14.100000381469727,15.399999618530273,13.899999618530273,14.199999809265137,37630
2017-09-22,14.100000381469727,14.100000381469727,14.5,13.899999618530273,14.5,19650
2017-09-25,13.800000190734863,13.800000190734863,14.199999809265137,13.5,14.0,7970
2017-09-26,15.100000381469727,15.100000381469727,15.300000190734863,12.899999618530273,13.800000190734863,38610
2017-09-27,14.600000381469727,14.600000381469727,15.899999618530273,14.199999809265137,15.5,17640
2017-09-28,14.399999618530273,14.399999618530273,15.0,14.399999618530273,14.699999809265137,11370
2017-09-29,15.100000381469727,15.100000381469727,15.300000190734863,13.899999618530273,13.899999618530273,31130
2017-10-02,14.800000190734863,14.800000190734863,15.399999618530273,14.600000381469727,15.100000381469727,14950
2017-10-03,14.899999618530273,14.899999618530273,15.199999809265137,14.600000381469727,15.0,8800
2017-10-04,15.100000381469727,15.100000381469727,15.300000190734863,14.899999618530273,15.0,17090
2017-10-05,15.0,15.0,16.799999237060547,14.600000381469727,15.0,61370
2017-10-06,15.0,15.0,15.100000381469727,14.300000190734863,15.0,13800
2017-10-09,14.899999618530273,14.899999618530273,16.0,14.800000190734863,15.300000190734863,56220
2017-10-10,14.199999809265137,14.199999809265137,15.100000381469727,14.0,15.0,18600
2017-10-11,14.399999618530273,14.399999618530273,14.800000190734863,14.0,14.300000190734863,17230
2017-10-12,14.100000381469727,14.100000381469727,14.600000381469727,14.100000381469727,14.199999809265137,5330
2017-10-13,13.899999618530273,13.899999618530273,14.600000381469727,13.600000381469727,13.800000190734863,19060
2017-10-16,13.600000381469727,13.600000381469727,14.199999809265137,13.600000381469727,14.199999809265137,11730
2017-10-17,15.0,15.0,16.299999237060547,14.5,15.0,125380
2017-10-18,15.600000381469727,15.600000381469727,17.0,14.5,14.899999618530273,107870
2017-10-19,15.5,15.5,15.800000190734863,15.100000381469727,15.600000381469727,23460
2017-10-20,15.199999809265137,15.199999809265137,15.699999809265137,15.100000381469727,15.699999809265137,21910
2017-10-23,14.800000190734863,14.800000190734863,15.5,14.600000381469727,15.199999809265137,18110
2017-10-24,14.899999618530273,14.899999618530273,15.0,14.600000381469727,14.699999809265137,8100
2017-10-25,14.0,14.0,14.699999809265137,13.699999809265137,14.699999809265137,16500
2017-10-26,14.0,14.0,14.899999618530273,13.800000190734863,14.0,15910
2017-10-27,14.300000190734863,14.300000190734863,14.399999618530273,13.600000381469727,13.800000190734863,4490
2017-10-30,14.899999618530273,14.899999618530273,15.0,14.300000190734863,14.399999618530273,14870
2017-10-31,15.0,15.0,15.199999809265137,14.699999809265137,15.0,10250
2017-11-01,15.300000190734863,15.300000190734863,15.5,15.100000381469727,15.199999809265137,24640
2017-11-02,14.600000381469727,14.600000381469727,15.5,14.199999809265137,15.399999618530273,21260
2017-11-03,14.199999809265137,14.199999809265137,15.0,13.5,14.300000190734863,24710
2017-11-06,14.699999809265137,14.699999809265137,15.199999809265137,14.100000381469727,14.100000381469727,14320
2017-11-07,13.600000381469727,13.600000381469727,14.800000190734863,13.399999618530273,14.300000190734863,25830
2017-11-08,13.300000190734863,13.300000190734863,13.5,12.800000190734863,12.800000190734863,25830
2017-11-09,13.399999618530273,13.399999618530273,13.600000381469727,12.600000381469727,13.0,20070
2017-11-10,14.800000190734863,14.800000190734863,15.0,12.699999809265137,13.300000190734863,16600
2017-11-13,14.399999618530273,14.399999618530273,14.800000190734863,14.100000381469727,14.600000381469727,13150
2017-11-14,13.899999618530273,13.899999618530273,14.300000190734863,13.5,14.300000190734863,16050
2017-11-15,14.199999809265137,14.199999809265137,14.800000190734863,14.0,14.0,23040
2017-11-16,14.5,14.5,15.300000190734863,13.800000190734863,13.800000190734863,69630
2017-11-17,14.800000190734863,14.800000190734863,15.199999809265137,14.199999809265137,14.199999809265137,26430
2017-11-20,14.699999809265137,14.699999809265137,15.399999618530273,14.600000381469727,14.699999809265137,14710
2017-11-21,14.899999618530273,14.899999618530273,15.199999809265137,14.5,14.899999618530273,29480
2017-11-22,15.699999809265137,15.699999809265137,15.699999809265137,14.5,14.5,38400
2017-11-24,17.200000762939453,17.200000762939453,17.5,15.399999618530273,15.600000381469727,67470
2017-11-27,15.899999618530273,15.899999618530273,17.5,15.800000190734863,17.399999618530273,29620
2017-11-28,17.899999618530273,17.899999618530273,17.899999618530273,15.899999618530273,16.100000381469727,94300
2017-11-29,18.5,18.5,18.899999618530273,16.799999237060547,17.899999618530273,37250
2017-11-30,18.399999618530273,18.399999618530273,19.299999237060547,17.399999618530273,18.299999237060547,41110
2017-12-01,18.299999237060547,18.299999237060547,18.799999237060547,18.0,18.600000381469727,46450
2017-12-04,18.200000762939453,18.200000762939453,19.100000381469727,18.100000381469727,18.600000381469727,32010
2017-12-05,18.700000762939453,18.700000762939453,19.0,18.100000381469727,18.100000381469727,19540
2017-12-06,18.200000762939453,18.200000762939453,20.100000381469727,18.100000381469727,18.799999237060547,47780
2017-12-07,17.5,17.5,18.399999618530273,17.0,18.399999618530273,33730
2017-12-08,18.0,18.0,18.5,17.5,17.700000762939453,19510
2017-12-11,17.5,17.5,18.100000381469727,17.100000381469727,17.700000762939453,24510
2017-12-12,17.399999618530273,17.399999618530273,18.299999237060547,17.100000381469727,17.5,50240
2017-12-13,17.100000381469727,17.100000381469727,17.899999618530273,17.0,17.100000381469727,17770
2017-12-14,16.700000762939453,16.700000762939453,17.399999618530273,16.5,17.200000762939453,16340
2017-12-15,16.100000381469727,16.100000381469727,16.899999618530273,16.0,16.700000762939453,15020
2017-12-18,15.800000190734863,15.800000190734863,16.700000762939453,15.100000381469727,16.0,32260
2017-12-19,15.600000381469727,15.600000381469727,16.600000381469727,15.0,15.800000190734863,48870
2017-12-20,15.399999618530273,15.399999618530273,16.100000381469727,15.199999809265137,15.399999618530273,12180
2017-12-21,15.399999618530273,15.399999618530273,16.100000381469727,15.199999809265137,15.199999809265137,15850
2017-12-22,15.5,15.5,15.600000381469727,15.0,15.399999618530273,22340
2017-12-26,15.300000190734863,15.300000190734863,15.800000190734863,15.0,15.399999618530273,38360
2017-12-27,16.899999618530273,16.899999618530273,16.899999618530273,15.199999809265137,15.199999809265137,23750
2017-12-28,16.799999237060547,16.799999237060547,18.5,16.600000381469727,16.700000762939453,53750
2017-12-29,16.100000381469727,16.100000381469727,17.299999237060547,15.699999809265137,17.0,32330
2018-01-02,16.5,16.5,16.700000762939453,16.0,16.200000762939453,9160
2018-01-03,16.0,16.0,16.799999237060547,15.800000190734863,16.700000762939453,17630
2018-01-04,16.0,16.0,16.299999237060547,15.899999618530273,16.0,14310
2018-01-05,16.0,16.0,16.299999237060547,16.0,16.200000762939453,9360
2018-01-08,17.299999237060547,17.299999237060547,17.5,16.0,16.299999237060547,26510
2018-01-09,16.299999237060547,16.299999237060547,17.5,16.200000762939453,17.299999237060547,19800
2018-01-10,16.200000762939453,16.200000762939453,16.700000762939453,16.0,16.299999237060547,16340
2018-01-11,16.899999618530273,16.899999618530273,17.200000762939453,16.100000381469727,16.399999618530273,11110
2018-01-12,17.100000381469727,17.100000381469727,17.5,16.399999618530273,16.899999618530273,10530
2018-01-16,16.799999237060547,16.799999237060547,17.399999618530273,16.299999237060547,17.399999618530273,13320
2018-01-17,16.700000762939453,16.700000762939453,17.0,16.299999237060547,17.0,7050
2018-01-18,16.700000762939453,16.700000762939453,16.799999237060547,16.5,16.700000762939453,8960
2018-01-19,16.600000381469727,16.600000381469727,17.100000381469727,16.600000381469727,16.799999237060547,13320
2018-01-22,18.899999618530273,18.899999618530273,20.0,17.0,17.0,60910
2018-01-23,18.200000762939453,18.200000762939453,18.700000762939453,17.0,18.700000762939453,48180
2018-01-24,17.299999237060547,17.299999237060547,18.5,17.200000762939453,18.399999618530273,29530
2018-01-25,18.600000381469727,18.600000381469727,19.399999618530273,17.5,17.5,35230
2018-01-26,20.299999237060547,20.299999237060547,20.700000762939453,18.299999237060547,18.5,41630
2018-01-29,21.200000762939453,21.200000762939453,22.799999237060547,17.200000762939453,20.5,145100
2018-01-30,21.600000381469727,21.600000381469727,22.200000762939453,20.700000762939453,21.5,34950
2018-01-31,21.399999618530273,21.399999618530273,21.899999618530273,21.0,21.799999237060547,16450
2018-02-01,21.399999618530273,21.399999618530273,22.399999618530273,20.399999618530273,21.100000381469727,22380
2018-02-02,20.100000381469727,20.100000381469727,21.399999618530273,19.899999618530273,21.200000762939453,24690
2018-02-05,19.200000762939453,19.200000762939453,20.899999618530273,18.700000762939453,20.0,33190
2018-02-06,19.100000381469727,19.100000381469727,20.0,18.399999618530273,18.399999618530273,19770
2018-02-07,19.200000762939453,19.200000762939453,19.5,18.600000381469727,19.299999237060547,9350
2018-02-08,19.100000381469727,19.100000381469727,20.600000381469727,19.0,19.200000762939453,17970
2018-02-09,18.299999237060547,18.299999237060547,19.799999237060547,17.299999237060547,19.299999237060547,34070
2018-02-12,18.399999618530273,18.399999618530273,18.799999237060547,17.600000381469727,18.5,10860
2018-02-13,18.399999618530273,18.399999618530273,18.600000381469727,17.700000762939453,18.100000381469727,12650
2018-02-14,18.600000381469727,18.600000381469727,19.100000381469727,18.299999237060547,18.299999237060547,13120
2018-02-15,19.299999237060547,19.299999237060547,19.5,18.600000381469727,18.600000381469727,6100
2018-02-16,19.799999237060547,19.799999237060547,20.600000381469727,19.399999618530273,19.399999618530273,16910
2018-02-20,19.700000762939453,19.700000762939453,19.899999618530273,17.799999237060547,19.600000381469727,12490
2018-02-21,19.700000762939453,19.700000762939453,20.100000381469727,19.5,19.899999618530273,7230
2018-02-22,19.700000762939453,19.700000762939453,20.0,19.5,19.600000381469727,2780
2018-02-23,19.5,19.5,20.100000381469727,19.100000381469727,20.100000381469727,9910
2018-02-26,19.399999618530273,19.399999618530273,20.200000762939453,19.299999237060547,19.600000381469727,9140
2018-02-27,19.799999237060547,19.799999237060547,20.0,19.600000381469727,19.700000762939453,6170
2018-02-28,18.700000762939453,18.700000762939453,20.0,18.600000381469727,19.899999618530273,28900
2018-03-01,18.299999237060547,18.299999237060547,19.600000381469727,18.0,18.600000381469727,8770
2018-03-02,18.899999618530273,18.899999618530273,19.0,18.100000381469727,18.200000762939453,4700
2018-03-05,19.200000762939453,19.200000762939453,19.5,18.899999618530273,18.899999618530273,8740
2018-03-06,19.0,19.0,19.799999237060547,19.0,19.700000762939453,32710
2018-03-07,19.399999618530273,19.399999618530273,20.0,18.799999237060547,19.200000762939453,24330
2018-03-08,20.600000381469727,20.600000381469727,20.899999618530273,18.700000762939453,20.299999237060547,47440
2018-03-09,22.5,22.5,22.899999618530273,20.700000762939453,20.700000762939453,76360
2018-03-12,22.0,22.0,23.299999237060547,21.799999237060547,22.700000762939453,38740
2018-03-13,20.600000381469727,20.600000381469727,21.5,19.799999237060547,20.399999618530273,52000
2018-03-14,20.0,20.0,21.0,19.600000381469727,20.600000381469727,41870
2018-03-15,19.600000381469727,19.600000381469727,20.0,19.0,20.0,28630
2018-03-16,18.200000762939453,18.200000762939453,19.200000762939453,18.0,19.200000762939453,59360
2018-03-19,18.299999237060547,18.299999237060547,18.5,17.5,18.200000762939453,28890
2018-03-20,19.299999237060547,19.299999237060547,19.700000762939453,18.0,18.5,41500
2018-03-21,18.700000762939453,18.700000762939453,19.600000381469727,18.600000381469727,19.299999237060547,11410
2018-03-22,19.399999618530273,19.399999618530273,19.899999618530273,18.5,18.700000762939453,19250
2018-03-23,19.200000762939453,19.200000762939453,19.899999618530273,18.799999237060547,19.399999618530273,15540
2018-03-26,19.299999237060547,19.299999237060547,19.899999618530273,18.600000381469727,19.200000762939453,9350
2018-03-27,19.399999618530273,19.399999618530273,19.799999237060547,19.200000762939453,19.299999237060547,6610
2018-03-28,18.0,18.0,19.700000762939453,17.799999237060547,19.600000381469727,34690
2018-03-29,17.799999237060547,17.799999237060547,18.600000381469727,17.799999237060547,18.0,13990
2018-04-02,17.200000762939453,17.200000762939453,18.299999237060547,17.0,17.899999618530273,18400
2018-04-03,17.399999618530273,17.399999618530273,17.700000762939453,16.399999618530273,17.100000381469727,11090
2018-04-04,17.5,17.5,17.700000762939453,16.899999618530273,17.600000381469727,5170
2018-04-05,17.200000762939453,17.200000762939453,17.700000762939453,17.0,17.5,7390
2018-04-06,17.399999618530273,17.399999618530273,17.600000381469727,17.0,17.600000381469727,3480
2018-04-09,21.0,21.0,21.600000381469727,16.899999618530273,17.399999618530273,225680
2018-04-10,20.399999618530273,20.399999618530273,21.200000762939453,19.700000762939453,21.200000762939453,67750
2018-04-11,21.0,21.0,21.600000381469727,20.399999618530273,20.700000762939453,47890
2018-04-12,21.5,21.5,21.799999237060547,20.700000762939453,21.200000762939453,26110
2018-04-13,21.5,21.5,23.0,21.399999618530273,21.700000762939453,26330
2018-04-16,21.0,21.0,22.100000381469727,20.799999237060547,21.600000381469727,23670
2018-04-17,20.899999618530273,20.899999618530273,21.200000762939453,20.799999237060547,21.0,11720
2018-04-18,20.899999618530273,20.899999618530273,21.5,20.5,20.899999618530273,9320
2018-04-19,20.0,20.0,21.0,20.0,21.0,21370
2018-04-20,21.200000762939453,21.200000762939453,21.399999618530273,20.200000762939453,20.299999237060547,9790
2018-04-23,21.5,21.5,22.100000381469727,21.0,21.299999237060547,16710
2018-04-24,20.899999618530273,20.899999618530273,22.0,20.5,21.700000762939453,9550
2018-04-25,20.799999237060547,20.799999237060547,21.100000381469727,20.200000762939453,21.0,10290
2018-04-26,21.399999618530273,21.399999618530273,21.5,20.799999237060547,21.399999618530273,6700
2018-04-27,21.700000762939453,21.700000762939453,22.100000381469727,21.399999618530273,21.5,18580
2018-04-30,21.399999618530273,21.399999618530273,22.0,21.0,22.0,8660
2018-05-01,22.0,22.0,22.0,21.200000762939453,21.5,6640
2018-05-02,21.899999618530273,21.899999618530273,22.5,21.200000762939453,21.799999237060547,10160
2018-05-03,21.399999618530273,21.399999618530273,21.899999618530273,21.299999237060547,21.799999237060547,5260
2018-05-04,21.299999237060547,21.299999237060547,21.899999618530273,21.200000762939453,21.5,10500
2018-05-07,21.0,21.0,21.799999237060547,21.0,21.200000762939453,10130
2018-05-08,20.899999618530273,20.899999618530273,21.799999237060547,20.100000381469727,21.799999237060547,23540
2018-05-09,19.899999618530273,19.899999618530273,20.299999237060547,18.700000762939453,20.0,41070
2018-05-10,20.399999618530273,20.399999618530273,20.399999618530273,19.700000762939453,19.899999618530273,6020
2018-05-11,18.5,18.5,20.0,18.5,20.0,41540
2018-05-14,17.799999237060547,17.799999237060547,19.0,17.299999237060547,18.799999237060547,44390
2018-05-15,17.299999237060547,17.299999237060547,17.700000762939453,16.5,17.600000381469727,41230
2018-05-16,18.0,18.0,18.5,17.299999237060547,17.299999237060547,20320
2018-05-17,18.100000381469727,18.100000381469727,18.5,17.700000762939453,18.0,12720
2018-05-18,18.100000381469727,18.100000381469727,18.299999237060547,17.600000381469727,18.200000762939453,15510
2018-05-21,18.100000381469727,18.100000381469727,18.200000762939453,17.700000762939453,18.100000381469727,13650
2018-05-22,18.299999237060547,18.299999237060547,18.399999618530273,17.799999237060547,18.0,13260
2018-05-23,18.399999618530273,18.399999618530273,18.700000762939453,17.899999618530273,18.299999237060547,10040
2018-05-24,18.5,18.5,18.700000762939453,18.299999237060547,18.299999237060547,9370
2018-05-25,18.600000381469727,18.600000381469727,19.200000762939453,18.200000762939453,18.600000381469727,17380
2018-05-29,18.299999237060547,18.299999237060547,18.799999237060547,18.200000762939453,18.200000762939453,6870
2018-05-30,18.299999237060547,18.299999237060547,18.600000381469727,18.200000762939453,18.299999237060547,4890
2018-05-31,18.299999237060547,18.299999237060547,18.5,18.200000762939453,18.200000762939453,2510
2018-06-01,18.100000381469727,18.100000381469727,18.799999237060547,17.899999618530273,18.299999237060547,10690
2018-06-04,18.5,18.5,18.700000762939453,17.799999237060547,18.299999237060547,32010
2018-06-05,19.299999237060547,19.299999237060547,19.700000762939453,18.5,18.5,22160
2018-06-06,20.0,20.0,20.299999237060547,19.100000381469727,19.899999618530273,30040
2018-06-07,19.799999237060547,19.799999237060547,20.799999237060547,19.600000381469727,20.0,23870
2018-06-08,19.5,19.5,19.799999237060547,19.399999618530273,19.799999237060547,12370
2018-06-11,20.0,20.0,20.600000381469727,19.399999618530273,19.399999618530273,12990
2018-06-12,20.100000381469727,20.100000381469727,20.200000762939453,19.700000762939453,20.0,14330
2018-06-13,20.200000762939453,20.200000762939453,21.0,20.100000381469727,20.100000381469727,16150
2018-06-14,20.399999618530273,20.399999618530273,20.799999237060547,20.299999237060547,20.399999618530273,6950
2018-06-15,20.5,20.5,20.700000762939453,20.100000381469727,20.200000762939453,13600
2018-06-18,20.5,20.5,21.0,20.399999618530273,20.399999618530273,10830
2018-06-19,20.799999237060547,20.799999237060547,21.0,20.5,20.5,14750
2018-06-20,20.600000381469727,20.600000381469727,21.200000762939453,20.600000381469727,20.600000381469727,13440
2018-06-21,21.299999237060547,21.299999237060547,21.799999237060547,20.700000762939453,20.700000762939453,8890
2018-06-22,20.799999237060547,20.799999237060547,22.5,20.5,21.200000762939453,32160
2018-06-25,20.399999618530273,20.399999618530273,21.5,19.799999237060547,20.700000762939453,15110
2018-06-26,20.399999618530273,20.399999618530273,20.799999237060547,20.0,20.399999618530273,6890
2018-06-27,20.0,20.0,22.200000762939453,19.799999237060547,20.600000381469727,13910
2018-06-28,20.0,20.0,20.299999237060547,19.799999237060547,20.0,3730
2018-06-29,20.100000381469727,20.100000381469727,20.5,19.5,20.100000381469727,7090
2018-07-02,19.5,19.5,20.299999237060547,19.100000381469727,20.299999237060547,14590
2018-07-03,19.399999618530273,19.399999618530273,20.0,19.299999237060547,19.399999618530273,4250
2018-07-05,19.799999237060547,19.799999237060547,20.0,19.200000762939453,19.200000762939453,8360
2018-07-06,19.899999618530273,19.899999618530273,20.200000762939453,19.600000381469727,19.899999618530273,6470
2018-07-09,19.600000381469727,19.600000381469727,20.299999237060547,19.399999618530273,19.899999618530273,7430
2018-07-10,19.200000762939453,19.200000762939453,20.0,19.200000762939453,19.700000762939453,11820
2018-07-11,19.600000381469727,19.600000381469727,20.0,18.899999618530273,19.200000762939453,8560
2018-07-12,19.600000381469727,19.600000381469727,19.799999237060547,19.399999618530273,19.799999237060547,5350
2018-07-13,19.5,19.5,19.799999237060547,19.299999237060547,19.5,3780
2018-07-16,19.600000381469727,19.600000381469727,19.799999237060547,19.5,19.600000381469727,2680
2018-07-17,19.5,19.5,19.799999237060547,19.0,19.600000381469727,4050
2018-07-18,19.399999618530273,19.399999618530273,19.799999237060547,19.0,19.399999618530273,62470
2018-07-19,19.299999237060547,19.299999237060547,19.600000381469727,19.100000381469727,19.200000762939453,3580
2018-07-20,19.799999237060547,19.799999237060547,19.799999237060547,19.399999618530273,19.399999618530273,10740
2018-07-23,19.700000762939453,19.700000762939453,19.899999618530273,19.5,19.899999618530273,6670
2018-07-24,19.200000762939453,19.200000762939453,19.899999618530273,18.600000381469727,19.600000381469727,12350
2018-07-25,18.899999618530273,18.899999618530273,19.5,18.600000381469727,19.0,4950
2018-07-26,19.0,19.0,19.100000381469727,18.5,19.0,18560
2018-07-27,18.5,18.5,19.100000381469727,18.100000381469727,18.899999618530273,15660
2018-07-30,18.0,18.0,18.799999237060547,17.299999237060547,18.5,13670
2018-07-31,18.799999237060547,18.799999237060547,19.0,17.799999237060547,17.799999237060547,13500
2018-08-01,19.0,19.0,19.5,18.799999237060547,19.200000762939453,4000
2018-08-02,19.0,19.0,19.0,18.600000381469727,18.799999237060547,7560
2018-08-03,19.399999618530273,19.399999618530273,19.799999237060547,18.799999237060547,18.799999237060547,10710
2018-08-06,19.5,19.5,19.700000762939453,19.299999237060547,19.5,8010
2018-08-07,20.5,20.5,20.5,19.399999618530273,19.399999618530273,17010
2018-08-08,21.399999618530273,21.399999618530273,22.700000762939453,19.100000381469727,21.5,55000
2018-08-09,24.200000762939453,24.200000762939453,25.799999237060547,20.799999237060547,21.399999618530273,87630
2018-08-10,27.600000381469727,27.600000381469727,27.799999237060547,23.399999618530273,23.899999618530273,68120
2018-08-13,26.0,26.0,27.600000381469727,25.600000381469727,26.5,94920
2018-08-14,24.899999618530273,24.899999618530273,26.399999618530273,24.200000762939453,25.899999618530273,61000
2018-08-15,23.700000762939453,23.700000762939453,24.899999618530273,22.700000762939453,24.799999237060547,61350
2018-08-16,25.899999618530273,25.899999618530273,26.100000381469727,23.299999237060547,23.5,101020
2018-08-17,25.200000762939453,25.200000762939453,27.5,25.100000381469727,25.600000381469727,75480
2018-08-20,26.700000762939453,26.700000762939453,28.0,24.799999237060547,25.299999237060547,112200
2018-08-21,26.200000762939453,26.200000762939453,28.0,26.200000762939453,26.799999237060547,71670
2018-08-22,29.100000381469727,29.100000381469727,29.399999618530273,25.700000762939453,26.100000381469727,92700
2018-08-23,30.899999618530273,30.899999618530273,33.29999923706055,30.0,30.0,181580
2018-08-24,30.600000381469727,30.600000381469727,31.600000381469727,29.700000762939453,31.0,86910
2018-08-27,32.400001525878906,32.400001525878906,33.20000076293945,30.600000381469727,30.899999618530273,101060
2018-08-28,31.899999618530273,31.899999618530273,32.79999923706055,31.299999237060547,32.099998474121094,82150
2018-08-29,33.099998474121094,33.099998474121094,33.900001525878906,31.5,31.5,82090
2018-08-30,32.20000076293945,32.20000076293945,33.5,31.899999618530273,32.70000076293945,66690
2018-08-31,31.299999237060547,31.299999237060547,33.0,30.799999237060547,31.899999618530273,120750
2018-09-04,31.399999618530273,31.399999618530273,32.900001525878906,30.799999237060547,31.399999618530273,77660
2018-09-05,32.79999923706055,32.79999923706055,33.0,30.799999237060547,31.399999618530273,61710
2018-09-06,36.79999923706055,36.79999923706055,40.20000076293945,35.099998474121094,36.0,650260
2018-09-07,38.0,38.0,40.29999923706055,37.0,38.0,228250
2018-09-10,38.599998474121094,38.599998474121094,40.20000076293945,37.599998474121094,38.599998474121094,149020
2018-09-11,39.599998474121094,39.599998474121094,39.599998474121094,37.29999923706055,38.5,82000
2018-09-12,40.29999923706055,40.29999923706055,41.400001525878906,38.599998474121094,39.79999923706055,149290
2018-09-13,42.20000076293945,42.20000076293945,43.70000076293945,39.5,40.099998474121094,153250
2018-09-14,42.20000076293945,42.20000076293945,44.29999923706055,40.29999923706055,42.900001525878906,137700
2018-09-17,43.5,43.5,44.900001525878906,42.29999923706055,43.5,184200
2018-09-18,40.5,40.5,43.5,36.5,43.5,266130
2018-09-19,39.599998474121094,39.599998474121094,41.29999923706055,39.29999923706055,40.20000076293945,68090
2018-09-20,39.599998474121094,39.599998474121094,40.70000076293945,39.5,40.0,51000
2018-09-21,40.900001525878906,40.900001525878906,40.900001525878906,39.099998474121094,39.400001525878906,87580
2018-09-24,40.099998474121094,40.099998474121094,41.599998474121094,40.0,40.5,86350
2018-09-25,39.70000076293945,39.70000076293945,41.70000076293945,39.400001525878906,40.20000076293945,64430
2018-09-26,38.70000076293945,38.70000076293945,39.70000076293945,38.0,39.70000076293945,45360
2018-09-27,39.79999923706055,39.79999923706055,40.20000076293945,36.0,38.5,127030
2018-09-28,38.5,38.5,40.20000076293945,38.0,39.400001525878906,35490
2018-10-01,39.599998474121094,39.599998474121094,39.900001525878906,37.5,38.70000076293945,72090
2018-10-02,39.0,39.0,40.5,38.20000076293945,40.099998474121094,33690
2018-10-03,38.79999923706055,38.79999923706055,39.5,38.400001525878906,39.29999923706055,36670
2018-10-04,38.0,38.0,38.79999923706055,34.20000076293945,38.79999923706055,103290
2018-10-05,36.70000076293945,36.70000076293945,37.70000076293945,35.099998474121094,37.70000076293945,43060
2018-10-08,35.29999923706055,35.29999923706055,36.900001525878906,34.20000076293945,36.79999923706055,51250
2018-10-09,35.20000076293945,35.20000076293945,36.0,35.099998474121094,35.20000076293945,23750
2018-10-10,32.900001525878906,32.900001525878906,35.29999923706055,32.79999923706055,35.29999923706055,79300
2018-10-11,33.70000076293945,33.70000076293945,34.79999923706055,32.29999923706055,32.5,68120
2018-10-12,35.5,35.5,37.599998474121094,34.79999923706055,35.900001525878906,45240
2018-10-15,35.70000076293945,35.70000076293945,36.400001525878906,35.20000076293945,35.20000076293945,22840
2018-10-16,37.5,37.5,37.900001525878906,35.79999923706055,36.0,25130
2018-10-17,38.099998474121094,38.099998474121094,38.29999923706055,36.400001525878906,37.5,26860
2018-10-18,36.20000076293945,36.20000076293945,38.20000076293945,35.79999923706055,38.0,44540
2018-10-19,35.400001525878906,35.400001525878906,36.70000076293945,34.400001525878906,36.5,32730
2018-10-22,35.0,35.0,35.599998474121094,34.5,35.400001525878906,30300
2018-10-23,34.79999923706055,34.79999923706055,35.20000076293945,33.400001525878906,34.599998474121094,26020
2018-10-24,34.099998474121094,34.099998474121094,35.900001525878906,33.599998474121094,35.70000076293945,31940
2018-10-25,35.5,35.5,35.900001525878906,34.400001525878906,34.5,29370
2018-10-26,34.400001525878906,34.400001525878906,36.900001525878906,33.0,34.70000076293945,51210
2018-10-29,34.099998474121094,34.099998474121094,34.79999923706055,33.20000076293945,34.70000076293945,24320
2018-10-30,34.5,34.5,34.70000076293945,33.5,34.29999923706055,11600
2018-10-31,35.29999923706055,35.29999923706055,35.5,34.099998474121094,35.0,24270
2018-11-01,38.0,38.0,38.900001525878906,35.29999923706055,35.5,40310
2018-11-02,37.5,37.5,38.900001525878906,36.5,38.099998474121094,43690
2018-11-05,37.599998474121094,37.599998474121094,38.599998474121094,37.099998474121094,37.599998474121094,21840
2018-11-06,38.29999923706055,38.29999923706055,39.599998474121094,36.900001525878906,37.70000076293945,67240
2018-11-07,37.0,37.0,41.29999923706055,36.70000076293945,38.400001525878906,117410
2018-11-08,40.0,40.0,40.0,36.5,37.0,85530
2018-11-09,40.5,40.5,40.900001525878906,38.599998474121094,40.099998474121094,63910
2018-11-12,38.400001525878906,38.400001525878906,40.400001525878906,37.599998474121094,40.099998474121094,67330
2018-11-13,39.20000076293945,39.20000076293945,39.5,38.0,38.70000076293945,29640
2018-11-14,37.79999923706055,37.79999923706055,39.70000076293945,37.70000076293945,39.5,44400
2018-11-15,37.900001525878906,37.900001525878906,38.099998474121094,36.599998474121094,37.599998474121094,23630
2018-11-16,37.5,37.5,38.099998474121094,36.599998474121094,37.400001525878906,22290
2018-11-19,36.79999923706055,36.79999923706055,37.5,35.79999923706055,37.5,35710
2018-11-20,35.599998474121094,35.599998474121094,36.79999923706055,34.79999923706055,36.0,28390
2018-11-21,35.900001525878906,35.900001525878906,36.79999923706055,35.20000076293945,35.599998474121094,18820
2018-11-23,35.70000076293945,35.70000076293945,36.20000076293945,35.20000076293945,35.79999923706055,12970
2018-11-26,37.29999923706055,37.29999923706055,37.599998474121094,35.5,36.20000076293945,27960
2018-11-27,37.20000076293945,37.20000076293945,37.400001525878906,36.70000076293945,36.70000076293945,11470
2018-11-28,38.20000076293945,38.20000076293945,38.599998474121094,36.599998474121094,37.0,26070
2018-11-29,38.599998474121094,38.599998474121094,38.599998474121094,37.70000076293945,38.5,36200
2018-11-30,37.20000076293945,37.20000076293945,39.099998474121094,36.400001525878906,38.599998474121094,35210
2018-12-03,38.599998474121094,38.599998474121094,43.5,37.5,37.70000076293945,142680
2018-12-04,37.20000076293945,37.20000076293945,40.0,36.70000076293945,39.70000076293945,98450
2018-12-06,39.0,39.0,39.599998474121094,37.599998474121094,37.79999923706055,87750
2018-12-07,37.29999923706055,37.29999923706055,39.099998474121094,36.29999923706055,38.70000076293945,50660
2018-12-10,37.599998474121094,37.599998474121094,38.099998474121094,36.0,37.29999923706055,36500
2018-12-11,38.599998474121094,38.599998474121094,40.79999923706055,38.0,38.0,123900
2018-12-12,37.5,37.5,39.900001525878906,37.5,39.099998474121094,43480
2018-12-13,37.599998474121094,37.599998474121094,38.400001525878906,37.099998474121094,37.79999923706055,31350
2018-12-14,37.099998474121094,37.099998474121094,38.0,36.79999923706055,37.400001525878906,34760
2018-12-17,36.0,36.0,37.400001525878906,36.0,37.0,51750
2018-12-18,36.599998474121094,36.599998474121094,37.70000076293945,36.0,36.20000076293945,21450
2018-12-19,35.599998474121094,35.599998474121094,37.400001525878906,35.5,37.0,39010
2018-12-20,37.0,37.0,37.29999923706055,35.0,36.400001525878906,36550
2018-12-21,37.0,37.0,38.20000076293945,36.5,37.099998474121094,61400
2018-12-24,36.5,36.5,37.5,35.900001525878906,37.20000076293945,34370
2018-12-26,37.29999923706055,37.29999923706055,38.0,36.099998474121094,36.599998474121094,49540
2018-12-27,38.5,38.5,38.5,36.900001525878906,36.900001525878906,30780
2018-12-28,40.0,40.0,41.400001525878906,38.599998474121094,39.0,95470
2018-12-31,41.5,41.5,41.900001525878906,39.5,40.5,75790
2019-01-02,42.20000076293945,42.20000076293945,43.0,40.5,41.5,115370
2019-01-03,42.0,42.0,42.900001525878906,41.20000076293945,42.29999923706055,50220
2019-01-04,49.29999923706055,49.29999923706055,49.70000076293945,42.599998474121094,42.79999923706055,264690
2019-01-07,51.599998474121094,51.599998474121094,54.400001525878906,49.5,50.0,351170
2019-01-08,52.099998474121094,52.099998474121094,53.0,48.5,52.599998474121094,151340
2019-01-09,50.79999923706055,50.79999923706055,53.400001525878906,48.0,52.29999923706055,149410
2019-01-10,51.0,51.0,52.400001525878906,48.5,50.0,140520
2019-01-11,55.599998474121094,55.599998474121094,56.5,51.400001525878906,52.0,211150
2019-01-14,56.400001525878906,56.400001525878906,58.099998474121094,55.5,56.400001525878906,138600
2019-01-15,57.599998474121094,57.599998474121094,59.20000076293945,56.0,56.900001525878906,149680
2019-01-16,58.70000076293945,58.70000076293945,60.0,56.70000076293945,58.20000076293945,151150
2019-01-17,54.900001525878906,54.900001525878906,59.29999923706055,53.29999923706055,58.29999923706055,198610
2019-01-18,52.099998474121094,52.099998474121094,55.79999923706055,51.29999923706055,54.599998474121094,193110
2019-01-22,51.099998474121094,51.099998474121094,52.5,50.099998474121094,52.20000076293945,100520
2019-01-23,50.70000076293945,50.70000076293945,52.79999923706055,50.400001525878906,51.5,57920
2019-01-24,52.5,52.5,52.70000076293945,50.400001525878906,50.70000076293945,61860
2019-01-25,49.900001525878906,49.900001525878906,54.29999923706055,49.099998474121094,52.5,160930
2019-01-28,52.0,52.0,53.20000076293945,49.70000076293945,50.0,110600
2019-01-29,51.29999923706055,51.29999923706055,52.400001525878906,50.0,52.0,59050
2019-01-30,51.900001525878906,51.900001525878906,52.400001525878906,51.0,51.599998474121094,46960
2019-01-31,52.29999923706055,52.29999923706055,53.599998474121094,50.70000076293945,51.79999923706055,63230
2019-02-01,51.400001525878906,51.400001525878906,52.79999923706055,50.5,52.400001525878906,65750
2019-02-04,51.20000076293945,51.20000076293945,51.70000076293945,50.099998474121094,51.0,50410
2019-02-05,51.5,51.5,52.400001525878906,51.0,51.29999923706055,51930
2019-02-06,51.20000076293945,51.20000076293945,51.79999923706055,50.400001525878906,51.400001525878906,34720
2019-02-07,50.5,50.5,51.20000076293945,50.29999923706055,50.599998474121094,33590
2019-02-08,47.29999923706055,47.29999923706055,50.5,45.79999923706055,50.29999923706055,161000
2019-02-11,48.099998474121094,48.099998474121094,48.79999923706055,47.099998474121094,47.20000076293945,41980
2019-02-12,49.0,49.0,50.099998474121094,47.70000076293945,48.099998474121094,48550
2019-02-13,48.400001525878906,48.400001525878906,50.29999923706055,47.70000076293945,49.0,53070
2019-02-14,47.0,47.0,48.79999923706055,47.0,48.29999923706055,41620
2019-02-15,49.5,49.5,49.79999923706055,47.099998474121094,47.099998474121094,53630
2019-02-19,52.099998474121094,52.099998474121094,52.20000076293945,49.5,49.599998474121094,83630
2019-02-20,52.20000076293945,52.20000076293945,52.900001525878906,51.29999923706055,52.0,48870
2019-02-21,55.5,55.5,55.5,52.5,52.79999923706055,117040
2019-02-22,56.400001525878906,56.400001525878906,57.20000076293945,54.29999923706055,56.20000076293945,106530
2019-02-25,56.29999923706055,56.29999923706055,59.599998474121094,55.0,58.599998474121094,126760
2019-02-26,55.29999923706055,55.29999923706055,56.400001525878906,53.5,56.099998474121094,68500
2019-02-27,56.5,56.5,56.900001525878906,54.0,55.099998474121094,39460
2019-02-28,53.400001525878906,53.400001525878906,56.79999923706055,52.79999923706055,56.70000076293945,72220
2019-03-01,52.900001525878906,52.900001525878906,55.099998474121094,52.70000076293945,53.79999923706055,62360
2019-03-04,51.79999923706055,51.79999923706055,53.400001525878906,50.099998474121094,53.400001525878906,80840
2019-03-05,52.900001525878906,52.900001525878906,53.099998474121094,50.79999923706055,52.0,45920
2019-03-06,51.400001525878906,51.400001525878906,53.20000076293945,50.0,53.0,87680
2019-03-07,48.5,48.5,51.599998474121094,48.20000076293945,51.400001525878906,95090
2019-03-08,51.70000076293945,51.70000076293945,52.70000076293945,46.0,47.900001525878906,177870
2019-03-11,50.0,50.0,52.0,48.20000076293945,51.70000076293945,101300
2019-03-12,50.599998474121094,50.599998474121094,51.5,49.0,49.0,110200
2019-03-13,49.599998474121094,49.599998474121094,51.400001525878906,49.400001525878906,50.79999923706055,61060
2019-03-14,48.70000076293945,48.70000076293945,50.29999923706055,48.599998474121094,49.5,60850
2019-03-15,47.79999923706055,47.79999923706055,50.099998474121094,47.79999923706055,48.900001525878906,98670
2019-03-18,50.29999923706055,50.29999923706055,51.099998474121094,47.79999923706055,47.79999923706055,88540
2019-03-19,49.0,49.0,50.900001525878906,48.900001525878906,50.400001525878906,55530
2019-03-20,50.599998474121094,50.599998474121094,51.20000076293945,49.29999923706055,49.900001525878906,74810
2019-03-21,52.20000076293945,52.20000076293945,52.900001525878906,50.5,50.5,54070
2019-03-22,49.70000076293945,49.70000076293945,53.79999923706055,49.5,52.0,91850
2019-03-25,48.0,48.0,49.900001525878906,47.5,49.900001525878906,108660
2019-03-26,48.099998474121094,48.099998474121094,49.70000076293945,48.0,48.400001525878906,44070
2019-03-27,47.599998474121094,47.599998474121094,49.099998474121094,46.20000076293945,48.0,63320
2019-03-28,47.400001525878906,47.400001525878906,48.20000076293945,47.099998474121094,47.29999923706055,26700
2019-03-29,47.20000076293945,47.20000076293945,48.0,46.70000076293945,48.0,55850
2019-04-01,47.0,47.0,48.099998474121094,46.599998474121094,47.599998474121094,45160
2019-04-02,47.5,47.5,47.79999923706055,46.29999923706055,47.0,49620
2019-04-03,50.70000076293945,50.70000076293945,51.0,47.099998474121094,48.0,143580
2019-04-04,49.099998474121094,49.099998474121094,52.900001525878906,48.70000076293945,51.599998474121094,119390
2019-04-05,47.29999923706055,47.29999923706055,49.599998474121094,47.0,49.599998474121094,69110
2019-04-08,47.5,47.5,48.0,46.0,47.400001525878906,52720
2019-04-09,46.79999923706055,46.79999923706055,48.29999923706055,46.29999923706055,47.5,59750
2019-04-10,47.5,47.5,47.70000076293945,46.5,46.900001525878906,29010
2019-04-11,47.20000076293945,47.20000076293945,47.900001525878906,46.70000076293945,47.29999923706055,33120
2019-04-12,47.900001525878906,47.900001525878906,49.70000076293945,46.79999923706055,47.29999923706055,119850
2019-04-15,47.0,47.0,48.900001525878906,46.599998474121094,48.29999923706055,57140
2019-04-16,46.599998474121094,46.599998474121094,47.599998474121094,46.20000076293945,46.79999923706055,70080
2019-04-17,44.79999923706055,44.79999923706055,47.099998474121094,43.70000076293945,46.900001525878906,136050
2019-04-18,45.599998474121094,45.599998474121094,46.0,44.20000076293945,44.79999923706055,51390
2019-04-22,45.400001525878906,45.400001525878906,45.79999923706055,44.70000076293945,45.5,37670
2019-04-23,46.599998474121094,46.599998474121094,47.29999923706055,45.099998474121094,45.20000076293945,50660
2019-04-24,45.5,45.5,46.79999923706055,45.20000076293945,46.599998474121094,50720
2019-04-25,44.5,44.5,45.5,43.79999923706055,45.5,50420
2019-04-26,45.400001525878906,45.400001525878906,46.29999923706055,44.20000076293945,44.20000076293945,43290
2019-04-29,46.0,46.0,46.70000076293945,45.0,45.400001525878906,44640
2019-04-30,45.70000076293945,45.70000076293945,46.400001525878906,45.400001525878906,45.79999923706055,38660
2019-05-01,47.29999923706055,47.29999923706055,47.599998474121094,45.29999923706055,45.70000076293945,60480
2019-05-02,47.70000076293945,47.70000076293945,49.0,46.70000076293945,47.0,64180
2019-05-03,47.29999923706055,47.29999923706055,48.0,46.599998474121094,48.0,36510
2019-05-06,48.099998474121094,48.099998474121094,48.5,45.70000076293945,46.400001525878906,57750
2019-05-07,47.29999923706055,47.29999923706055,48.900001525878906,46.5,47.70000076293945,49540
2019-05-08,45.400001525878906,45.400001525878906,48.5,44.79999923706055,47.29999923706055,102660
2019-05-09,43.79999923706055,43.79999923706055,45.29999923706055,43.0,45.0,125880
2019-05-10,44.400001525878906,44.400001525878906,44.5,40.599998474121094,43.20000076293945,124230
2019-05-13,44.20000076293945,44.20000076293945,44.400001525878906,42.099998474121094,43.29999923706055,82260
2019-05-14,47.400001525878906,47.400001525878906,47.5,44.599998474121094,44.70000076293945,100520
2019-05-15,50.0,50.0,50.20000076293945,47.0,47.0,120050
2019-05-16,49.70000076293945,49.70000076293945,51.29999923706055,49.400001525878906,49.79999923706055,113040
2019-05-17,49.099998474121094,49.099998474121094,50.900001525878906,48.79999923706055,49.5,75240
2019-05-20,48.5,48.5,49.400001525878906,47.5,49.20000076293945,47760
2019-05-21,51.5,51.5,51.900001525878906,49.0,49.0,166570
2019-05-22,54.5,54.5,57.0,52.099998474121094,52.099998474121094,236810
2019-05-23,51.900001525878906,51.900001525878906,55.599998474121094,51.29999923706055,55.0,105490
2019-05-24,52.79999923706055,52.79999923706055,54.79999923706055,52.400001525878906,54.599998474121094,100510
2019-05-28,53.20000076293945,53.20000076293945,53.79999923706055,52.20000076293945,53.20000076293945,98840
2019-05-29,50.400001525878906,50.400001525878906,53.5,50.20000076293945,53.0,82600
2019-05-30,49.0,49.0,51.099998474121094,48.29999923706055,50.400001525878906,82210
2019-05-31,48.400001525878906,48.400001525878906,49.70000076293945,48.099998474121094,48.79999923706055,51160
2019-06-03,47.79999923706055,47.79999923706055,50.70000076293945,47.5,48.400001525878906,68320
2019-06-04,47.099998474121094,47.099998474121094,49.099998474121094,46.20000076293945,48.20000076293945,80140
2019-06-05,46.5,46.5,48.099998474121094,46.0,47.599998474121094,64210
2019-06-06,46.29999923706055,46.29999923706055,47.29999923706055,44.400001525878906,46.400001525878906,97090
2019-06-07,47.0,47.0,47.79999923706055,46.5,47.0,74860
2019-06-10,47.20000076293945,47.20000076293945,49.599998474121094,47.0,47.5,138240
2019-06-11,46.400001525878906,46.400001525878906,48.5,45.29999923706055,48.400001525878906,67210
2019-06-12,46.5,46.5,47.0,45.79999923706055,46.20000076293945,53600
2019-06-13,45.400001525878906,45.400001525878906,47.79999923706055,45.29999923706055,46.5,81030
2019-06-14,45.29999923706055,45.29999923706055,46.5,45.29999923706055,45.599998474121094,68120
2019-06-17,43.20000076293945,43.20000076293945,46.20000076293945,41.70000076293945,45.400001525878906,149350
2019-06-18,44.0,44.0,44.400001525878906,43.29999923706055,43.29999923706055,69170
2019-06-19,44.900001525878906,44.900001525878906,44.900001525878906,43.70000076293945,44.0,44090
2019-06-20,45.599998474121094,45.599998474121094,46.5,44.70000076293945,45.0,73810
2019-06-21,45.20000076293945,45.20000076293945,46.099998474121094,44.29999923706055,45.79999923706055,71960
2019-06-24,45.099998474121094,45.099998474121094,46.0,44.0,45.5,97020
2019-06-25,42.400001525878906,42.400001525878906,45.099998474121094,42.0,45.099998474121094,91120
2019-06-26,42.900001525878906,42.900001525878906,44.099998474121094,41.5,42.400001525878906,100880
2019-06-27,43.400001525878906,43.400001525878906,44.400001525878906,42.0,43.099998474121094,73560
2019-06-28,47.900001525878906,47.900001525878906,49.099998474121094,43.5,43.5,699990
2019-07-01,49.099998474121094,49.099998474121094,50.20000076293945,48.29999923706055,50.0,164950
2019-07-02,47.70000076293945,47.70000076293945,49.400001525878906,46.599998474121094,49.0,66220
2019-07-03,46.900001525878906,46.900001525878906,48.0,46.70000076293945,47.900001525878906,34970
2019-07-05,48.70000076293945,48.70000076293945,48.70000076293945,46.400001525878906,47.5,79960
2019-07-08,48.0,48.0,49.599998474121094,47.599998474121094,48.70000076293945,45350
2019-07-09,47.400001525878906,47.400001525878906,48.5,47.0,48.0,51550
2019-07-10,49.0,49.0,49.099998474121094,46.599998474121094,48.0,865710
2019-07-11,51.0,51.0,53.5,49.20000076293945,49.20000076293945,246140
2019-07-12,51.5,51.5,52.70000076293945,51.0,51.599998474121094,87740
2019-07-15,51.900001525878906,51.900001525878906,52.5,51.099998474121094,52.099998474121094,82500
2019-07-16,51.5,51.5,52.400001525878906,50.79999923706055,52.0,77250
2019-07-17,50.400001525878906,50.400001525878906,51.79999923706055,50.0,51.5,57530
2019-07-18,50.79999923706055,50.79999923706055,54.79999923706055,50.099998474121094,52.599998474121094,212610
2019-07-19,51.29999923706055,51.29999923706055,52.20000076293945,50.5,50.5,97100
2019-07-22,50.20000076293945,50.20000076293945,52.0,49.29999923706055,51.400001525878906,132880
2019-07-23,49.29999923706055,49.29999923706055,50.70000076293945,47.900001525878906,50.70000076293945,94870
2019-07-24,50.599998474121094,50.599998474121094,51.29999923706055,48.099998474121094,48.79999923706055,96650
2019-07-25,50.900001525878906,50.900001525878906,51.20000076293945,49.900001525878906,50.70000076293945,68530
2019-07-26,52.79999923706055,52.79999923706055,53.0,51.0,51.20000076293945,118810
2019-07-29,51.5,51.5,53.099998474121094,50.900001525878906,52.900001525878906,82790
2019-07-30,52.0,52.0,53.20000076293945,51.099998474121094,51.20000076293945,67030
2019-07-31,52.0,52.0,53.70000076293945,51.79999923706055,52.099998474121094,92810
2019-08-01,49.29999923706055,49.29999923706055,52.599998474121094,49.29999923706055,52.0,119200
2019-08-02,46.0,46.0,50.0,45.5,49.599998474121094,173100
2019-08-05,45.0,45.0,45.400001525878906,42.599998474121094,45.099998474121094,152050
2019-08-06,46.29999923706055,46.29999923706055,47.0,44.79999923706055,45.29999923706055,134880
2019-08-07,45.099998474121094,45.099998474121094,46.29999923706055,40.79999923706055,45.400001525878906,317570
2019-08-08,44.5,44.5,46.0,42.70000076293945,45.70000076293945,137940
2019-08-09,43.400001525878906,43.400001525878906,44.29999923706055,41.29999923706055,44.29999923706055,201530
2019-08-12,41.0,41.0,43.0,40.29999923706055,43.0,160870
2019-08-13,41.79999923706055,41.79999923706055,42.29999923706055,40.20000076293945,41.0,163990
2019-08-14,40.599998474121094,40.599998474121094,41.70000076293945,39.29999923706055,41.20000076293945,138550
2019-08-15,39.099998474121094,39.099998474121094,40.599998474121094,38.29999923706055,40.400001525878906,128280
2019-08-16,40.400001525878906,40.400001525878906,40.599998474121094,39.70000076293945,39.70000076293945,61410
2019-08-19,40.900001525878906,40.900001525878906,41.599998474121094,40.099998474121094,40.599998474121094,70810
2019-08-20,41.20000076293945,41.20000076293945,42.20000076293945,40.599998474121094,41.0,60130
2019-08-21,40.5,40.5,42.79999923706055,40.5,41.599998474121094,74920
2019-08-22,39.099998474121094,39.099998474121094,41.099998474121094,39.0,41.0,87310
2019-08-23,37.099998474121094,37.099998474121094,39.599998474121094,37.0,39.0,104890
2019-08-26,38.29999923706055,38.29999923706055,39.0,36.599998474121094,37.599998474121094,75290
2019-08-27,36.20000076293945,36.20000076293945,38.70000076293945,36.099998474121094,38.400001525878906,63860
2019-08-28,38.29999923706055,38.29999923706055,38.599998474121094,36.099998474121094,36.099998474121094,84470
2019-08-29,37.79999923706055,37.79999923706055,39.20000076293945,37.599998474121094,38.599998474121094,65280
2019-08-30,44.400001525878906,44.400001525878906,45.79999923706055,37.79999923706055,37.900001525878906,213580
2019-09-03,43.400001525878906,43.400001525878906,44.900001525878906,41.900001525878906,44.900001525878906,158040
2019-09-04,42.099998474121094,42.099998474121094,44.5,41.599998474121094,44.20000076293945,68100
2019-09-05,42.70000076293945,42.70000076293945,42.79999923706055,41.099998474121094,42.5,56620
2019-09-06,43.79999923706055,43.79999923706055,44.400001525878906,42.20000076293945,42.900001525878906,60220
2019-09-09,44.900001525878906,44.900001525878906,45.099998474121094,43.599998474121094,44.0,76300
2019-09-10,47.70000076293945,47.70000076293945,48.0,43.599998474121094,44.900001525878906,128910
2019-09-11,47.70000076293945,47.70000076293945,50.20000076293945,47.5,47.79999923706055,121630
2019-09-12,49.0,49.0,49.599998474121094,45.70000076293945,46.5,64240
2019-09-13,49.0,49.0,51.5,48.400001525878906,49.400001525878906,118350
2019-09-16,49.599998474121094,49.599998474121094,51.400001525878906,49.099998474121094,49.400001525878906,98080
2019-09-17,49.400001525878906,49.400001525878906,50.099998474121094,47.20000076293945,49.599998474121094,62390
2019-09-18,49.900001525878906,49.900001525878906,51.0,49.0,50.099998474121094,58850
2019-09-19,49.099998474121094,49.099998474121094,52.0,48.79999923706055,50.29999923706055,102760
2019-09-20,49.900001525878906,49.900001525878906,51.099998474121094,49.0,49.5,129780
2019-09-23,49.70000076293945,49.70000076293945,50.0,48.79999923706055,49.79999923706055,74450
2019-09-24,50.5,50.5,51.20000076293945,49.79999923706055,50.0,77730
2019-09-25,50.29999923706055,50.29999923706055,51.5,50.0,50.5,105780
2019-09-26,50.29999923706055,50.29999923706055,51.20000076293945,50.0,50.29999923706055,60260
2019-09-27,48.599998474121094,48.599998474121094,51.20000076293945,48.400001525878906,50.29999923706055,83930
2019-09-30,48.0,48.0,48.79999923706055,46.599998474121094,48.29999923706055,66920
2019-10-01,46.400001525878906,46.400001525878906,48.900001525878906,45.79999923706055,48.29999923706055,85450
2019-10-02,46.5,46.5,46.70000076293945,44.20000076293945,46.099998474121094,87350
2019-10-03,47.29999923706055,47.29999923706055,48.099998474121094,45.29999923706055,46.5,75960
2019-10-04,47.79999923706055,47.79999923706055,48.099998474121094,46.599998474121094,47.29999923706055,29550
2019-10-07,48.5,48.5,49.20000076293945,47.20000076293945,47.79999923706055,49730
2019-10-08,48.20000076293945,48.20000076293945,48.900001525878906,47.400001525878906,48.20000076293945,37590
2019-10-09,49.0,49.0,50.29999923706055,48.099998474121094,48.400001525878906,75590
2019-10-10,49.79999923706055,49.79999923706055,50.5,48.70000076293945,49.29999923706055,67610
2019-10-11,49.79999923706055,49.79999923706055,51.0,49.20000076293945,50.099998474121094,70050
2019-10-14,49.79999923706055,49.79999923706055,52.900001525878906,49.599998474121094,50.099998474121094,115170
2019-10-15,50.0,50.0,51.400001525878906,49.599998474121094,50.20000076293945,67840
2019-10-16,49.400001525878906,49.400001525878906,50.400001525878906,49.0,50.099998474121094,58550
2019-10-17,49.900001525878906,49.900001525878906,50.5,48.79999923706055,49.599998474121094,70700
2019-10-18,52.0,52.0,52.099998474121094,49.599998474121094,49.70000076293945,92560
2019-10-21,54.0,54.0,55.20000076293945,52.099998474121094,52.5,220200
2019-10-22,57.099998474121094,57.099998474121094,57.29999923706055,53.599998474121094,54.5,200410
2019-10-23,51.900001525878906,51.900001525878906,57.29999923706055,51.79999923706055,56.79999923706055,199790
2019-10-24,52.70000076293945,52.70000076293945,54.0,51.900001525878906,52.599998474121094,118820
2019-10-25,54.29999923706055,54.29999923706055,54.79999923706055,51.599998474121094,52.400001525878906,89020
2019-10-28,57.099998474121094,57.099998474121094,58.900001525878906,54.79999923706055,56.400001525878906,177000
2019-10-29,55.599998474121094,55.599998474121094,57.79999923706055,55.400001525878906,57.5,86270
2019-10-30,58.0,58.0,58.099998474121094,55.400001525878906,55.70000076293945,117610
2019-10-31,57.29999923706055,57.29999923706055,59.79999923706055,57.099998474121094,58.5,120430
2019-11-01,55.599998474121094,55.599998474121094,58.400001525878906,55.29999923706055,57.5,110430
2019-11-04,55.70000076293945,55.70000076293945,58.20000076293945,55.400001525878906,56.5,155720
2019-11-05,53.900001525878906,53.900001525878906,56.79999923706055,53.400001525878906,56.20000076293945,126650
2019-11-06,53.099998474121094,53.099998474121094,54.400001525878906,52.400001525878906,54.0,127680
2019-11-07,47.599998474121094,47.599998474121094,50.400001525878906,45.0,50.29999923706055,354550
2019-11-08,47.29999923706055,47.29999923706055,48.0,45.099998474121094,46.900001525878906,156110
2019-11-11,46.400001525878906,46.400001525878906,47.70000076293945,45.0,47.70000076293945,106990
2019-11-12,46.5,46.5,47.0,45.0,46.900001525878906,115300
2019-11-13,45.79999923706055,45.79999923706055,46.5,45.400001525878906,45.70000076293945,78030
2019-11-14,45.70000076293945,45.70000076293945,46.5,45.099998474121094,45.099998474121094,66710
2019-11-15,47.29999923706055,47.29999923706055,48.20000076293945,45.5,46.0,131180
2019-11-18,49.099998474121094,49.099998474121094,49.400001525878906,47.20000076293945,47.5,78420
2019-11-19,50.29999923706055,50.29999923706055,51.29999923706055,48.5,49.400001525878906,113890
2019-11-20,50.599998474121094,50.599998474121094,52.900001525878906,50.099998474121094,50.900001525878906,166290
2019-11-21,49.70000076293945,49.70000076293945,51.79999923706055,48.29999923706055,51.599998474121094,119570
2019-11-22,50.5,50.5,51.20000076293945,48.400001525878906,50.0,79690
2019-11-25,55.400001525878906,55.400001525878906,55.70000076293945,51.0,51.599998474121094,161030
2019-11-26,57.29999923706055,57.29999923706055,58.5,54.599998474121094,57.0,234020
2019-11-27,60.70000076293945,60.70000076293945,62.400001525878906,57.29999923706055,57.900001525878906,385040
2019-11-29,63.5,63.5,65.19999694824219,58.599998474121094,60.79999923706055,224800
2019-12-02,66.30000305175781,66.30000305175781,69.19999694824219,63.599998474121094,64.80000305175781,316500
2019-12-03,64.5999984741211,64.5999984741211,66.80000305175781,63.0,64.80000305175781,221120
2019-12-04,67.4000015258789,67.4000015258789,68.5,63.20000076293945,65.0,183310
2019-12-05,65.0999984741211,65.0999984741211,70.80000305175781,64.4000015258789,68.0,330470
2019-12-06,69.4000015258789,69.4000015258789,69.69999694824219,65.0999984741211,65.0999984741211,220850
2019-12-09,68.69999694824219,68.69999694824219,72.5,68.0999984741211,72.19999694824219,256040
2019-12-10,72.5,72.5,72.5,68.9000015258789,69.0,255450
2019-12-11,74.30000305175781,74.30000305175781,77.19999694824219,71.80000305175781,72.5999984741211,310750
2019-12-12,74.4000015258789,74.4000015258789,79.0,73.4000015258789,77.0,294930
2019-12-13,72.80000305175781,72.80000305175781,76.30000305175781,72.30000305175781,74.9000015258789,174590
2019-12-16,66.80000305175781,66.80000305175781,74.0,64.5999984741211,73.0999984741211,369770
2019-12-17,70.0999984741211,70.0999984741211,70.30000305175781,65.19999694824219,65.80000305175781,144230
2019-12-18,71.0999984741211,71.0999984741211,72.69999694824219,70.0999984741211,72.0999984741211,135580
2019-12-19,70.0,70.0,71.19999694824219,67.19999694824219,70.9000015258789,175520
2019-12-20,72.5,72.5,73.30000305175781,68.19999694824219,70.0,209370
2019-12-23,71.30000305175781,71.30000305175781,72.5,70.4000015258789,72.4000015258789,108200
2019-12-24,70.0999984741211,70.0999984741211,71.4000015258789,69.4000015258789,71.4000015258789,57750
2019-12-26,72.0999984741211,72.0999984741211,72.69999694824219,70.5999984741211,70.5999984741211,114340
2019-12-27,71.0999984741211,71.0999984741211,73.4000015258789,70.5999984741211,72.5,136200
2019-12-30,74.80000305175781,74.80000305175781,76.30000305175781,71.19999694824219,71.19999694824219,210770
2019-12-31,73.30000305175781,73.30000305175781,75.9000015258789,72.0999984741211,75.0,221800
2020-01-02,74.30000305175781,74.30000305175781,74.69999694824219,72.4000015258789,74.0,133720
2020-01-03,74.0999984741211,74.0999984741211,74.4000015258789,72.5999984741211,72.80000305175781,91630
2020-01-06,82.9000015258789,82.9000015258789,83.30000305175781,73.0999984741211,73.0999984741211,395340
2020-01-07,87.19999694824219,87.19999694824219,89.5,82.19999694824219,85.0,420750
2020-01-08,81.19999694824219,81.19999694824219,88.69999694824219,80.19999694824219,86.30000305175781,371270
2020-01-09,75.30000305175781,75.30000305175781,83.0,73.0999984741211,82.9000015258789,524260
2020-01-10,72.30000305175781,72.30000305175781,76.5999984741211,70.19999694824219,76.5999984741211,256980
2020-01-13,75.69999694824219,75.69999694824219,76.5999984741211,72.69999694824219,73.9000015258789,176020
2020-01-14,78.5,78.5,78.69999694824219,76.0999984741211,76.30000305175781,159720
2020-01-15,82.0,82.0,83.0,78.5,78.5,182070
2020-01-16,84.69999694824219,84.69999694824219,85.30000305175781,80.30000305175781,84.0,185440
2020-01-17,91.5,91.5,92.5,84.0999984741211,85.0,464720
2020-01-21,96.0,96.0,97.5,90.80000305175781,93.69999694824219,403400
2020-01-22,94.0,94.0,97.30000305175781,91.5,96.5,245880
2020-01-23,88.5,88.5,94.30000305175781,83.4000015258789,94.0,321810
2020-01-24,86.5,86.5,91.19999694824219,85.0,90.80000305175781,164060
2020-01-27,82.5,82.5,85.30000305175781,81.0999984741211,83.5,207470
2020-01-28,84.0,84.0,86.30000305175781,83.0,83.19999694824219,146040
2020-01-29,74.30000305175781,74.30000305175781,85.69999694824219,71.5999984741211,85.5999984741211,554170
2020-01-30,69.5999984741211,69.5999984741211,72.9000015258789,65.5999984741211,72.9000015258789,433510
2020-01-31,67.0999984741211,67.0999984741211,72.0999984741211,66.9000015258789,70.0,209650
2020-02-03,70.30000305175781,70.30000305175781,71.30000305175781,66.5,68.4000015258789,233820
2020-02-04,75.80000305175781,75.80000305175781,76.80000305175781,70.0999984741211,71.69999694824219,245350
2020-02-05,77.0,77.0,79.0,71.80000305175781,77.5999984741211,241890
2020-02-06,75.0999984741211,75.0999984741211,77.69999694824219,73.5,77.5999984741211,178210
2020-02-07,73.5,73.5,75.4000015258789,72.19999694824219,74.4000015258789,132050
2020-02-10,79.9000015258789,79.9000015258789,81.19999694824219,74.0,75.0,236710
2020-02-11,83.80000305175781,83.80000305175781,84.69999694824219,80.4000015258789,80.9000015258789,270700
2020-02-12,81.5999984741211,81.5999984741211,86.5999984741211,81.0999984741211,83.80000305175781,301640
2020-02-13,83.0999984741211,83.0999984741211,84.30000305175781,78.4000015258789,81.0,168340
2020-02-14,81.9000015258789,81.9000015258789,84.30000305175781,80.69999694824219,83.69999694824219,120500
2020-02-18,85.69999694824219,85.69999694824219,87.4000015258789,82.5999984741211,82.5999984741211,226440
2020-02-19,92.0,92.0,92.4000015258789,86.0,86.80000305175781,284920
2020-02-20,91.19999694824219,91.19999694824219,96.4000015258789,88.0999984741211,92.5999984741211,282610
2020-02-21,92.5,92.5,95.4000015258789,89.4000015258789,91.80000305175781,218110
2020-02-24,85.19999694824219,85.19999694824219,88.19999694824219,82.0999984741211,87.5,286580
2020-02-25,76.80000305175781,76.80000305175781,88.9000015258789,76.5,86.30000305175781,275730
2020-02-26,73.30000305175781,73.30000305175781,77.0,70.0,74.4000015258789,324040
2020-02-27,70.19999694824219,70.19999694824219,72.4000015258789,63.099998474121094,70.0,413830
2020-02-28,69.4000015258789,69.4000015258789,70.0999984741211,64.0999984741211,65.0,291790
2020-03-02,72.0,72.0,72.19999694824219,64.9000015258789,71.30000305175781,370080
2020-03-03,66.0999984741211,66.0999984741211,72.4000015258789,64.0999984741211,72.30000305175781,423220
2020-03-04,66.0,66.0,68.5999984741211,65.5999984741211,67.9000015258789,194630
2020-03-05,61.70000076293945,61.70000076293945,64.69999694824219,60.5,64.69999694824219,268240
2020-03-06,58.79999923706055,58.79999923706055,60.400001525878906,56.5,58.0,350340
2020-03-09,51.099998474121094,51.099998474121094,55.0,50.29999923706055,52.599998474121094,309240
2020-03-10,53.70000076293945,53.70000076293945,60.599998474121094,51.29999923706055,60.599998474121094,307050
2020-03-11,49.29999923706055,49.29999923706055,53.70000076293945,48.20000076293945,52.599998474121094,338090
2020-03-12,41.20000076293945,41.20000076293945,44.0,39.099998474121094,40.0,510030
2020-03-13,48.20000076293945,48.20000076293945,48.20000076293945,42.0,45.400001525878906,359390
2020-03-16,46.20000076293945,46.20000076293945,52.0,39.400001525878906,41.0,329780
2020-03-17,55.599998474121094,55.599998474121094,58.599998474121094,44.099998474121094,48.099998474121094,444090
2020-03-18,53.0,53.0,58.70000076293945,50.599998474121094,53.0,402090
2020-03-19,55.5,55.5,58.29999923706055,51.20000076293945,53.0,312310
2020-03-20,51.70000076293945,51.70000076293945,59.70000076293945,51.29999923706055,57.599998474121094,333220
2020-03-23,51.5,51.5,53.20000076293945,47.099998474121094,51.900001525878906,328880
2020-03-24,58.5,58.5,60.70000076293945,52.900001525878906,54.0,438930
2020-03-25,62.400001525878906,62.400001525878906,66.5999984741211,57.70000076293945,58.70000076293945,425020
2020-03-26,64.4000015258789,64.4000015258789,68.0999984741211,62.599998474121094,64.0,265270
2020-03-27,60.70000076293945,60.70000076293945,63.400001525878906,59.400001525878906,62.5,273610
2020-03-30,63.099998474121094,63.099998474121094,64.0999984741211,59.599998474121094,61.599998474121094,255800
2020-03-31,62.29999923706055,62.29999923706055,63.599998474121094,60.400001525878906,62.900001525878906,287850
2020-04-01,69.5,69.5,74.5,67.5,69.69999694824219,810150
2020-04-02,68.5,68.5,70.5,65.5,69.30000305175781,299070
2020-04-03,70.5,70.5,70.5,67.0999984741211,68.0,209280
2020-04-06,76.0,76.0,76.0,70.19999694824219,73.0,278970
2020-04-07,72.80000305175781,72.80000305175781,77.69999694824219,71.19999694824219,77.19999694824219,297690
2020-04-08,86.4000015258789,86.4000015258789,88.5,75.5999984741211,77.0,833690
2020-04-09,94.5,94.5,95.0999984741211,87.5999984741211,88.5999984741211,656750
2020-04-13,103.80000305175781,103.80000305175781,104.69999694824219,93.5999984741211,96.5,767980
2020-04-14,113.5999984741211,113.5999984741211,122.5,108.19999694824219,108.30000305175781,1075120
2020-04-15,119.0,119.0,121.30000305175781,105.19999694824219,110.0,623660
2020-04-16,123.30000305175781,123.30000305175781,133.39999389648438,120.0999984741211,124.0,827310
2020-04-17,117.9000015258789,117.9000015258789,127.19999694824219,110.5,126.0,657430
2020-04-20,120.5999984741211,120.5999984741211,123.9000015258789,108.0,112.5,410910
2020-04-21,113.0999984741211,113.0999984741211,122.4000015258789,109.5,120.19999694824219,511820
2020-04-22,124.69999694824219,124.69999694824219,128.60000610351562,118.0,122.5999984741211,498950
2020-04-23,125.19999694824219,125.19999694824219,134.6999969482422,124.4000015258789,126.80000305175781,607010
2020-04-24,128.3000030517578,128.3000030517578,128.89999389648438,120.9000015258789,124.0,441130
2020-04-27,140.6999969482422,140.6999969482422,142.5,129.1999969482422,130.10000610351562,544270
2020-04-28,139.39999389648438,139.39999389648438,151.5,138.3000030517578,149.39999389648438,660360
2020-04-29,131.1999969482422,131.1999969482422,144.5,128.8000030517578,142.6999969482422,619380
2020-04-30,119.5,119.5,127.0999984741211,112.80000305175781,126.30000305175781,789490
2020-05-01,107.19999694824219,107.19999694824219,117.80000305175781,101.80000305175781,112.80000305175781,665460
2020-05-04,114.69999694824219,114.69999694824219,117.5999984741211,110.0,112.0999984741211,392650
2020-05-05,112.30000305175781,112.30000305175781,122.0999984741211,111.5,121.69999694824219,378300
2020-05-06,117.0,117.0,118.5999984741211,111.30000305175781,112.5999984741211,422190
2020-05-07,105.0999984741211,105.0999984741211,109.9000015258789,100.30000305175781,109.19999694824219,1322740
2020-05-08,112.0,112.0,113.69999694824219,102.5999984741211,106.0999984741211,687890
2020-05-11,111.9000015258789,111.9000015258789,115.19999694824219,110.19999694824219,110.9000015258789,363440
2020-05-12,106.19999694824219,106.19999694824219,113.30000305175781,105.5999984741211,111.0,434180
2020-05-13,99.19999694824219,99.19999694824219,108.9000015258789,97.5999984741211,106.4000015258789,538920
2020-05-14,98.0,98.0,99.69999694824219,92.80000305175781,95.0,477430
2020-05-15,97.5999984741211,97.5999984741211,98.5999984741211,95.0999984741211,97.9000015258789,284230
2020-05-18,97.4000015258789,97.4000015258789,103.30000305175781,94.0,101.30000305175781,606850
2020-05-19,98.69999694824219,98.69999694824219,103.69999694824219,96.0,97.5,526460
2020-05-20,101.4000015258789,101.4000015258789,106.4000015258789,99.80000305175781,101.19999694824219,436090
2020-05-21,98.4000015258789,98.4000015258789,103.69999694824219,96.5,102.5,471660
2020-05-22,111.69999694824219,111.69999694824219,112.9000015258789,97.69999694824219,99.19999694824219,819330
2020-05-26,110.30000305175781,110.30000305175781,117.5,107.0999984741211,115.69999694824219,570270
2020-05-27,105.0,105.0,109.5,99.0,108.9000015258789,515620
2020-05-28,100.9000015258789,100.9000015258789,105.30000305175781,100.0,102.0,275160
2020-05-29,106.19999694824219,106.19999694824219,106.19999694824219,100.30000305175781,102.0999984741211,387190
2020-06-01,107.5999984741211,107.5999984741211,110.4000015258789,105.4000015258789,107.5,373460
2020-06-02,104.19999694824219,104.19999694824219,108.30000305175781,102.5,107.5999984741211,261020
2020-06-03,100.19999694824219,100.19999694824219,103.4000015258789,99.69999694824219,103.19999694824219,420340
2020-06-04,97.80000305175781,97.80000305175781,101.9000015258789,96.19999694824219,100.0,429070
2020-06-05,99.5999984741211,99.5999984741211,101.4000015258789,97.5,98.5,312110
2020-06-08,105.5999984741211,105.5999984741211,106.5,99.69999694824219,100.19999694824219,395510
2020-06-09,100.19999694824219,100.19999694824219,103.4000015258789,97.5,103.4000015258789,401030
2020-06-10,102.30000305175781,102.30000305175781,102.69999694824219,99.19999694824219,100.9000015258789,248060
2020-06-11,92.4000015258789,92.4000015258789,98.80000305175781,91.5,97.5,442380
2020-06-12,95.4000015258789,95.4000015258789,97.80000305175781,92.9000015258789,95.19999694824219,236430
2020-06-15,99.5,99.5,100.5,92.19999694824219,92.69999694824219,280730
2020-06-16,101.5999984741211,101.5999984741211,103.5999984741211,99.19999694824219,103.19999694824219,345620
2020-06-17,103.5,103.5,105.9000015258789,101.0,102.9000015258789,328560
2020-06-18,106.5,106.5,107.5999984741211,102.0,102.5999984741211,286270
2020-06-19,109.5999984741211,109.5999984741211,114.4000015258789,106.19999694824219,108.0999984741211,534850
2020-06-22,105.4000015258789,105.4000015258789,112.0999984741211,105.0999984741211,109.30000305175781,313680
2020-06-23,104.80000305175781,104.80000305175781,108.0,100.30000305175781,107.19999694824219,515110
2020-06-24,103.0,103.0,106.0,100.19999694824219,103.69999694824219,326660
2020-06-25,110.0999984741211,110.0999984741211,110.5,101.5999984741211,104.0999984741211,436830
2020-06-26,108.5999984741211,108.5999984741211,112.4000015258789,106.9000015258789,110.69999694824219,722350
2020-06-29,117.5999984741211,117.5999984741211,117.69999694824219,105.5,109.69999694824219,575860
2020-06-30,116.0,116.0,121.0,111.69999694824219,118.0,447430
2020-07-01,114.9000015258789,114.9000015258789,116.30000305175781,112.19999694824219,114.80000305175781,297490
2020-07-02,113.69999694824219,113.69999694824219,119.5,113.19999694824219,116.0,306630
2020-07-06,114.30000305175781,114.30000305175781,119.30000305175781,113.19999694824219,115.4000015258789,273510
2020-07-07,110.19999694824219,110.19999694824219,115.4000015258789,109.5,114.30000305175781,287750
2020-07-08,112.4000015258789,112.4000015258789,112.5999984741211,106.69999694824219,109.80000305175781,321360
2020-07-09,114.19999694824219,114.19999694824219,115.0,108.19999694824219,113.80000305175781,350020
2020-07-10,112.4000015258789,112.4000015258789,114.5,110.9000015258789,112.9000015258789,176810
2020-07-13,117.5,117.5,128.8000030517578,112.4000015258789,112.4000015258789,651990
2020-07-14,112.5,112.5,119.4000015258789,108.4000015258789,119.30000305175781,561950
2020-07-15,111.69999694824219,111.69999694824219,114.9000015258789,109.4000015258789,113.69999694824219,230800
2020-07-16,109.80000305175781,109.80000305175781,112.0,108.5,110.0,194550
2020-07-17,113.0999984741211,113.0999984741211,114.80000305175781,109.9000015258789,109.9000015258789,249800
2020-07-20,114.5,114.5,116.30000305175781,112.0,114.30000305175781,245910
2020-07-21,115.69999694824219,115.69999694824219,118.0999984741211,114.0,116.0,215210
2020-07-22,109.5999984741211,109.5999984741211,115.30000305175781,109.4000015258789,115.0999984741211,376210
2020-07-23,111.19999694824219,111.19999694824219,114.0,108.5,110.69999694824219,271160
2020-07-24,108.0999984741211,108.0999984741211,109.69999694824219,105.30000305175781,109.0,248510
2020-07-27,110.9000015258789,110.9000015258789,111.9000015258789,107.4000015258789,110.30000305175781,180600
2020-07-28,123.0999984741211,123.0999984741211,129.3000030517578,110.4000015258789,111.69999694824219,1263930
2020-07-29,137.1999969482422,137.1999969482422,139.0,125.9000015258789,126.19999694824219,859690
2020-07-30,132.1999969482422,132.1999969482422,137.0,126.4000015258789,134.39999389648438,452380
2020-07-31,134.8000030517578,134.8000030517578,138.0,130.5,135.0,343310
2020-08-03,145.60000610351562,145.60000610351562,149.3000030517578,135.8000030517578,136.60000610351562,610040
2020-08-04,145.39999389648438,145.39999389648438,149.5,138.6999969482422,147.60000610351562,411630
2020-08-05,147.39999389648438,147.39999389648438,152.5,144.0,146.10000610351562,531690
2020-08-06,122.80000305175781,122.80000305175781,126.0,112.5,125.80000305175781,1375590
2020-08-07,120.80000305175781,120.80000305175781,121.69999694824219,114.19999694824219,121.5999984741211,715490
2020-08-10,127.9000015258789,127.9000015258789,128.39999389648438,116.30000305175781,120.5999984741211,664260
2020-08-11,121.30000305175781,121.30000305175781,129.6999969482422,121.0,128.5,508170
2020-08-12,120.80000305175781,120.80000305175781,123.5,116.80000305175781,121.19999694824219,349500
2020-08-13,122.69999694824219,122.69999694824219,127.4000015258789,120.0,120.5,325760
2020-08-14,122.30000305175781,122.30000305175781,127.0,121.0,124.0999984741211,193910
2020-08-17,121.5,121.5,123.5999984741211,119.30000305175781,123.5,203360
2020-08-18,119.80000305175781,119.80000305175781,122.30000305175781,116.19999694824219,121.5999984741211,216610
2020-08-19,117.9000015258789,117.9000015258789,120.9000015258789,117.30000305175781,119.0,190140
2020-08-20,117.0999984741211,117.0999984741211,118.80000305175781,115.19999694824219,118.30000305175781,261580
2020-08-21,112.5999984741211,112.5999984741211,117.5,111.19999694824219,117.5,325910
2020-08-24,108.9000015258789,108.9000015258789,114.80000305175781,107.5,113.0999984741211,356430
2020-08-25,109.0999984741211,109.0999984741211,112.9000015258789,108.0,109.5,234350
2020-08-26,108.5999984741211,108.5999984741211,112.0999984741211,108.0999984741211,110.5,193160
2020-08-27,110.19999694824219,110.19999694824219,111.0,105.5,109.5,310990
2020-08-28,109.9000015258789,109.9000015258789,111.5,107.69999694824219,110.0999984741211,173480
2020-08-31,114.80000305175781,114.80000305175781,118.30000305175781,109.4000015258789,109.80000305175781,350890
2020-09-01,114.19999694824219,114.19999694824219,116.30000305175781,112.0999984741211,114.0,187490
2020-09-02,116.80000305175781,116.80000305175781,117.0,111.19999694824219,115.30000305175781,203630
2020-09-03,111.5999984741211,111.5999984741211,113.9000015258789,108.0,113.5,323930
2020-09-04,106.5999984741211,106.5999984741211,111.5,96.5,110.5,459680
2020-09-08,102.5999984741211,102.5999984741211,105.5,101.0,103.69999694824219,194230
2020-09-09,108.0,108.0,109.9000015258789,104.0999984741211,105.4000015258789,222250
2020-09-10,108.0,108.0,113.5999984741211,106.80000305175781,110.0999984741211,192570
2020-09-11,109.30000305175781,109.30000305175781,110.69999694824219,107.0,108.5999984741211,158380
2020-09-14,110.80000305175781,110.80000305175781,112.19999694824219,109.69999694824219,110.69999694824219,136990
2020-09-15,109.80000305175781,109.80000305175781,112.5999984741211,109.0999984741211,112.19999694824219,137930
2020-09-16,109.30000305175781,109.30000305175781,110.69999694824219,108.30000305175781,109.80000305175781,144130
2020-09-17,107.5,107.5,108.0,104.69999694824219,107.30000305175781,146780
2020-09-18,112.9000015258789,112.9000015258789,114.19999694824219,108.30000305175781,109.0999984741211,283530
2020-09-21,110.4000015258789,110.4000015258789,112.19999694824219,108.30000305175781,109.9000015258789,158130
2020-09-22,111.69999694824219,111.69999694824219,115.4000015258789,109.4000015258789,111.19999694824219,174560
2020-09-23,106.80000305175781,106.80000305175781,112.4000015258789,105.9000015258789,111.5999984741211,246820
2020-09-24,106.0,106.0,108.9000015258789,105.0,105.9000015258789,129940
2020-09-25,111.19999694824219,111.19999694824219,111.5,106.30000305175781,106.5,157020
2020-09-28,106.69999694824219,106.69999694824219,112.80000305175781,104.0,112.0999984741211,344870
2020-09-29,104.0,104.0,107.0,104.0,106.0,211510
2020-09-30,103.19999694824219,103.19999694824219,105.0999984741211,102.19999694824219,103.80000305175781,187860
2020-10-01,103.19999694824219,103.19999694824219,103.5999984741211,100.69999694824219,103.19999694824219,196190
2020-10-02,101.0999984741211,101.0999984741211,103.5999984741211,100.19999694824219,100.5,148100
2020-10-05,100.5999984741211,100.5999984741211,102.4000015258789,98.9000015258789,102.0,236950
2020-10-06,101.5999984741211,101.5999984741211,104.5999984741211,99.5,100.5999984741211,168850
2020-10-07,101.0,101.0,103.5,100.0,102.5999984741211,176410
2020-10-08,101.0999984741211,101.0999984741211,102.9000015258789,99.69999694824219,101.5999984741211,154420
2020-10-09,103.0,103.0,106.0,101.19999694824219,101.5,216100
2020-10-12,103.69999694824219,103.69999694824219,105.0,102.5999984741211,104.30000305175781,135560
2020-10-13,102.5999984741211,102.5999984741211,103.5999984741211,100.4000015258789,103.0,133950
2020-10-14,102.80000305175781,102.80000305175781,104.5,101.4000015258789,103.0999984741211,141600
2020-10-15,103.69999694824219,103.69999694824219,103.9000015258789,99.5999984741211,101.0,99540
2020-10-16,100.9000015258789,100.9000015258789,104.30000305175781,100.5999984741211,104.19999694824219,103500
2020-10-19,101.30000305175781,101.30000305175781,103.19999694824219,100.9000015258789,101.9000015258789,101130
2020-10-20,100.5,100.5,102.9000015258789,100.5,101.5999984741211,108680
2020-10-21,98.80000305175781,98.80000305175781,101.9000015258789,98.69999694824219,101.0999984741211,146530
2020-10-22,98.4000015258789,98.4000015258789,99.69999694824219,97.4000015258789,99.0,149320
2020-10-23,97.5999984741211,97.5999984741211,99.0,96.19999694824219,98.80000305175781,122610
2020-10-26,94.69999694824219,94.69999694824219,98.80000305175781,93.0,97.30000305175781,183950
2020-10-27,93.0999984741211,93.0999984741211,96.69999694824219,92.69999694824219,94.80000305175781,115750
2020-10-28,91.30000305175781,91.30000305175781,92.5999984741211,88.5999984741211,91.4000015258789,191750
2020-10-29,91.30000305175781,91.30000305175781,92.5999984741211,89.5,91.5,101480
2020-10-30,87.0,87.0,91.9000015258789,86.4000015258789,91.5,171090
2020-11-02,83.80000305175781,83.80000305175781,88.9000015258789,82.9000015258789,88.9000015258789,248260
2020-11-03,89.9000015258789,89.9000015258789,90.9000015258789,84.9000015258789,85.4000015258789,203140
2020-11-04,88.80000305175781,88.80000305175781,93.0999984741211,87.5999984741211,91.0,175750
2020-11-05,94.0,94.0,95.0,89.5999984741211,90.69999694824219,386940
2020-11-06,93.9000015258789,93.9000015258789,105.5,90.5,105.5,511140
2020-11-09,87.5,87.5,96.5999984741211,85.69999694824219,95.5,433370
2020-11-10,84.5,84.5,88.80000305175781,82.69999694824219,88.0999984741211,260890
2020-11-11,91.69999694824219,91.69999694824219,91.80000305175781,85.0,85.80000305175781,223230
2020-11-12,93.69999694824219,93.69999694824219,96.9000015258789,89.30000305175781,90.4000015258789,223420
2020-11-13,93.19999694824219,93.19999694824219,94.9000015258789,91.69999694824219,93.5,142730
2020-11-16,97.30000305175781,97.30000305175781,99.5999984741211,92.0,94.5,282740
2020-11-17,95.0999984741211,95.0999984741211,98.4000015258789,93.69999694824219,97.0,158290
2020-11-18,93.4000015258789,93.4000015258789,96.0,92.5999984741211,95.69999694824219,166540
2020-11-19,94.9000015258789,94.9000015258789,95.0999984741211,92.69999694824219,94.0,127150
2020-11-20,94.0999984741211,94.0999984741211,95.19999694824219,93.4000015258789,94.30000305175781,107430
2020-11-23,91.19999694824219,91.19999694824219,94.80000305175781,90.5999984741211,94.0999984741211,212910
2020-11-24,91.9000015258789,91.9000015258789,92.80000305175781,89.0999984741211,92.0,267950
2020-11-25,93.5999984741211,93.5999984741211,94.30000305175781,91.5,91.5,151190
2020-11-27,95.5999984741211,95.5999984741211,97.19999694824219,94.0999984741211,94.4000015258789,120850
2020-11-30,99.30000305175781,99.30000305175781,99.30000305175781,94.30000305175781,97.0999984741211,241780
2020-12-01,101.19999694824219,101.19999694824219,104.4000015258789,99.4000015258789,100.0,262300
2020-12-02,108.4000015258789,108.4000015258789,110.69999694824219,97.5,100.5,355800
2020-12-03,108.5999984741211,108.5999984741211,113.9000015258789,107.9000015258789,110.19999694824219,284250
2020-12-04,106.80000305175781,106.80000305175781,109.5999984741211,104.80000305175781,109.19999694824219,178420
2020-12-07,110.69999694824219,110.69999694824219,114.19999694824219,107.69999694824219,109.5999984741211,209520
2020-12-08,116.5999984741211,116.5999984741211,117.30000305175781,110.0999984741211,112.0,223870
2020-12-09,112.4000015258789,112.4000015258789,119.5,109.80000305175781,117.5,288910
2020-12-10,122.5999984741211,122.5999984741211,125.19999694824219,113.0,115.19999694824219,573710
2020-12-11,137.60000610351562,137.60000610351562,150.5,128.1999969482422,128.6999969482422,1665730
2020-12-14,151.60000610351562,151.60000610351562,165.0,150.0,162.39999389648438,1985030
2020-12-15,148.39999389648438,148.39999389648438,152.60000610351562,142.0,150.10000610351562,709200
2020-12-16,145.89999389648438,145.89999389648438,147.1999969482422,138.0,146.60000610351562,606090
2020-12-17,140.60000610351562,140.60000610351562,149.8000030517578,139.3000030517578,146.89999389648438,475210
2020-12-18,144.0,144.0,146.8000030517578,140.0,141.8000030517578,439170
2020-12-21,144.1999969482422,144.1999969482422,149.0,141.1999969482422,143.10000610351562,361440
2020-12-22,177.5,177.5,179.60000610351562,147.10000610351562,147.1999969482422,1256740
2020-12-23,167.60000610351562,167.60000610351562,173.39999389648438,160.5,172.10000610351562,668380
2020-12-24,168.10000610351562,168.10000610351562,170.60000610351562,161.1999969482422,169.5,230160
2020-12-28,162.8000030517578,162.8000030517578,173.8000030517578,161.5,170.60000610351562,363400
2020-12-29,155.89999389648438,155.89999389648438,164.60000610351562,150.8000030517578,161.0,344740
2020-12-30,157.6999969482422,157.6999969482422,160.1999969482422,155.3000030517578,156.5,172190
2020-12-31,154.6999969482422,154.6999969482422,158.8000030517578,153.39999389648438,158.5,164800
2021-01-04,147.3000030517578,147.3000030517578,156.6999969482422,144.10000610351562,152.5,339510
2021-01-05,142.5,142.5,147.60000610351562,141.6999969482422,145.0,296440
2021-01-06,137.60000610351562,137.60000610351562,142.89999389648438,135.8000030517578,141.60000610351562,351550
2021-01-07,139.6999969482422,139.6999969482422,143.10000610351562,137.10000610351562,140.39999389648438,258440
2021-01-08,150.89999389648438,150.89999389648438,156.5,142.10000610351562,146.1999969482422,624310
2021-01-11,143.5,143.5,149.8000030517578,142.3000030517578,145.6999969482422,357240
2021-01-12,144.8000030517578,144.8000030517578,145.5,138.39999389648438,143.6999969482422,329050
2021-01-13,141.3000030517578,141.3000030517578,146.3000030517578,139.8000030517578,144.8000030517578,216690
2021-01-14,145.60000610351562,145.60000610351562,153.39999389648438,141.8000030517578,142.0,426100
2021-01-15,141.1999969482422,141.1999969482422,147.89999389648438,140.5,145.5,258090
2021-01-19,174.39999389648438,174.39999389648438,179.0,145.5,146.5,1287240
2021-01-20,179.5,179.5,194.89999389648438,175.5,180.39999389648438,903890
2021-01-21,187.1999969482422,187.1999969482422,189.5,174.10000610351562,180.60000610351562,402130
2021-01-22,193.5,193.5,194.5,182.1999969482422,182.8000030517578,332570
2021-01-25,206.8000030517578,206.8000030517578,219.3000030517578,195.8000030517578,196.0,640230
2021-01-26,198.0,198.0,214.3000030517578,197.6999969482422,206.10000610351562,492170
2021-01-27,195.10000610351562,195.10000610351562,212.1999969482422,188.0,188.10000610351562,524520
2021-01-28,192.39999389648438,192.39999389648438,204.10000610351562,187.60000610351562,194.60000610351562,333820
2021-01-29,183.60000610351562,183.60000610351562,202.60000610351562,182.5,191.60000610351562,356440
2021-02-01,190.6999969482422,190.6999969482422,194.89999389648438,180.10000610351562,187.39999389648438,231410
2021-02-02,182.39999389648438,182.39999389648438,193.60000610351562,181.60000610351562,192.5,302640
2021-02-03,189.5,189.5,189.6999969482422,178.10000610351562,187.6999969482422,314660
2021-02-04,196.5,196.5,198.60000610351562,189.60000610351562,192.10000610351562,262030
2021-02-05,198.0,198.0,201.1999969482422,192.10000610351562,199.10000610351562,190050
2021-02-08,196.3000030517578,196.3000030517578,203.5,194.5,200.0,201270
2021-02-09,196.3000030517578,196.3000030517578,199.3000030517578,191.39999389648438,195.6999969482422,171240
2021-02-10,197.5,197.5,217.10000610351562,193.1999969482422,197.3000030517578,493450
2021-02-11,185.10000610351562,185.10000610351562,197.10000610351562,179.0,197.10000610351562,489200
2021-02-12,182.10000610351562,182.10000610351562,186.6999969482422,177.39999389648438,182.0,187580
2021-02-16,175.0,175.0,186.39999389648438,171.10000610351562,183.1999969482422,354970
2021-02-17,173.89999389648438,173.89999389648438,177.60000610351562,166.60000610351562,177.60000610351562,323830
2021-02-18,165.39999389648438,165.39999389648438,173.1999969482422,162.8000030517578,168.60000610351562,322930
2021-02-19,172.1999969482422,172.1999969482422,174.60000610351562,166.5,170.0,277650
2021-02-22,165.3000030517578,165.3000030517578,172.39999389648438,163.39999389648438,170.0,239550
2021-02-23,156.10000610351562,156.10000610351562,159.39999389648438,143.0,157.1999969482422,424180
2021-02-24,157.1999969482422,157.1999969482422,158.3000030517578,149.6999969482422,156.0,224400
2021-02-25,146.5,146.5,161.8000030517578,146.0,158.60000610351562,315970
2021-02-26,145.89999389648438,145.89999389648438,150.89999389648438,139.3000030517578,148.5,265620
2021-03-01,150.3000030517578,150.3000030517578,152.89999389648438,145.1999969482422,151.89999389648438,363730
2021-03-02,105.80000305175781,105.80000305175781,128.60000610351562,101.9000015258789,123.19999694824219,3174590
2021-03-03,95.80000305175781,95.80000305175781,109.4000015258789,95.0,106.5999984741211,1221540
2021-03-04,93.80000305175781,93.80000305175781,97.4000015258789,89.4000015258789,93.69999694824219,782400
2021-03-05,93.9000015258789,93.9000015258789,95.0,85.0,94.9000015258789,742120
2021-03-08,91.80000305175781,91.80000305175781,95.9000015258789,90.9000015258789,94.80000305175781,435960
2021-03-09,102.5999984741211,102.5999984741211,104.69999694824219,93.0999984741211,94.0,662490
2021-03-10,102.5,102.5,107.80000305175781,100.30000305175781,106.19999694824219,508770
2021-03-11,108.4000015258789,108.4000015258789,109.0999984741211,104.19999694824219,105.4000015258789,385490
2021-03-12,107.9000015258789,107.9000015258789,108.30000305175781,101.19999694824219,104.19999694824219,282520
2021-03-15,111.9000015258789,111.9000015258789,114.0999984741211,107.9000015258789,108.30000305175781,325930
2021-03-16,107.30000305175781,107.30000305175781,113.0,104.80000305175781,112.30000305175781,298790
2021-03-17,108.0,108.0,109.5,102.0,102.80000305175781,235500
2021-03-18,102.4000015258789,102.4000015258789,106.5999984741211,101.69999694824219,105.5999984741211,224000
2021-03-19,105.69999694824219,105.69999694824219,106.5999984741211,101.5999984741211,103.4000015258789,278060
2021-03-22,106.0,106.0,108.5,104.4000015258789,107.0999984741211,155970
2021-03-23,101.4000015258789,101.4000015258789,106.5,100.5999984741211,105.80000305175781,199030
2021-03-24,93.0999984741211,93.0999984741211,101.80000305175781,92.9000015258789,101.5,290820
2021-03-25,94.80000305175781,94.80000305175781,96.69999694824219,89.5999984741211,91.9000015258789,318130
2021-03-26,97.4000015258789,97.4000015258789,98.5999984741211,93.4000015258789,95.69999694824219,195550
2021-03-29,92.5,92.5,98.0,90.9000015258789,97.69999694824219,440330
2021-03-30,96.5999984741211,96.5999984741211,97.0999984741211,90.19999694824219,92.0999984741211,255030
2021-03-31,100.0,100.0,101.19999694824219,96.80000305175781,97.5,303100
2021-04-01,98.4000015258789,98.4000015258789,102.5,97.5999984741211,101.69999694824219,254440
2021-04-05,96.5,96.5,100.30000305175781,95.69999694824219,100.19999694824219,181470
2021-04-06,93.69999694824219,93.69999694824219,94.5,91.0,93.9000015258789,331480
2021-04-07,91.4000015258789,91.4000015258789,93.30000305175781,91.0999984741211,93.0999984741211,228990
2021-04-08,94.80000305175781,94.80000305175781,95.0,92.30000305175781,92.5,249920
2021-04-09,94.0,94.0,94.69999694824219,92.30000305175781,94.0,161370
2021-04-12,89.80000305175781,89.80000305175781,93.0999984741211,88.5999984741211,93.0999984741211,210190
2021-04-13,91.0999984741211,91.0999984741211,92.19999694824219,88.80000305175781,89.5999984741211,209010
2021-04-14,89.19999694824219,89.19999694824219,93.0,89.0,91.19999694824219,144370
2021-04-15,87.9000015258789,87.9000015258789,89.9000015258789,86.0,89.9000015258789,234330
2021-04-16,88.9000015258789,88.9000015258789,89.5,85.30000305175781,87.19999694824219,173620
2021-04-19,86.5999984741211,86.5999984741211,89.69999694824219,84.5999984741211,88.0999984741211,202350
2021-04-20,84.4000015258789,84.4000015258789,86.19999694824219,82.30000305175781,85.19999694824219,241150
2021-04-21,88.19999694824219,88.19999694824219,88.19999694824219,83.0,84.19999694824219,170780
2021-04-22,89.0999984741211,89.0999984741211,91.5999984741211,87.5999984741211,88.5,221010
2021-04-23,91.69999694824219,91.69999694824219,92.4000015258789,89.19999694824219,89.69999694824219,140690
2021-04-26,93.80000305175781,93.80000305175781,94.30000305175781,91.5,92.5,150260
2021-04-27,92.9000015258789,92.9000015258789,94.5999984741211,91.80000305175781,94.5999984741211,134820
2021-04-28,93.19999694824219,93.19999694824219,94.0,92.19999694824219,93.5999984741211,105070
2021-04-29,91.9000015258789,91.9000015258789,93.4000015258789,88.5999984741211,93.4000015258789,199570
2021-04-30,88.80000305175781,88.80000305175781,92.0,88.69999694824219,90.0999984741211,131720
2021-05-03,86.19999694824219,86.19999694824219,90.0,86.19999694824219,89.69999694824219,161840
2021-05-04,83.30000305175781,83.30000305175781,86.0,80.0999984741211,85.0999984741211,228850
2021-05-05,81.5,81.5,85.80000305175781,80.0999984741211,85.30000305175781,261290
2021-05-06,81.0999984741211,81.0999984741211,83.80000305175781,76.0,78.0,459230
2021-05-07,83.19999694824219,83.19999694824219,86.5,81.5999984741211,82.0,197310
2021-05-10,77.0999984741211,77.0999984741211,82.69999694824219,76.5999984741211,82.5,223710
2021-05-11,78.5,78.5,79.30000305175781,71.30000305175781,72.5,227090
2021-05-12,75.80000305175781,75.80000305175781,78.9000015258789,75.5,76.69999694824219,243520
2021-05-13,74.5999984741211,74.5999984741211,77.19999694824219,73.0,76.5,318040
2021-05-14,77.0999984741211,77.0999984741211,77.69999694824219,72.4000015258789,74.5,196180
2021-05-17,75.80000305175781,75.80000305175781,77.5,75.0999984741211,76.5,196360
2021-05-18,79.0,79.0,81.0999984741211,75.4000015258789,76.5,158940
2021-05-19,78.9000015258789,78.9000015258789,79.30000305175781,76.0,77.0999984741211,112060
2021-05-20,83.0,83.0,83.5999984741211,78.5,79.5,168730
2021-05-21,80.80000305175781,80.80000305175781,84.0,80.69999694824219,83.69999694824219,111140
2021-05-24,80.9000015258789,80.9000015258789,82.30000305175781,77.69999694824219,82.30000305175781,153830
2021-05-25,81.69999694824219,81.69999694824219,83.5,81.0,81.0,122770
2021-05-26,85.30000305175781,85.30000305175781,85.69999694824219,82.19999694824219,82.30000305175781,123440
2021-05-27,86.69999694824219,86.69999694824219,86.80000305175781,83.5,85.4000015258789,165300
2021-05-28,86.0,86.0,88.4000015258789,85.80000305175781,87.80000305175781,132620
2021-06-01,87.19999694824219,87.19999694824219,87.9000015258789,85.5999984741211,86.5,96630
2021-06-02,92.4000015258789,92.4000015258789,92.5,86.30000305175781,87.19999694824219,164720
2021-06-03,95.69999694824219,95.69999694824219,99.4000015258789,90.19999694824219,91.0,331540
2021-06-04,96.5999984741211,96.5999984741211,97.9000015258789,93.4000015258789,96.30000305175781,171280
2021-06-07,101.0999984741211,101.0999984741211,101.69999694824219,96.0999984741211,97.0,210860
2021-06-08,104.4000015258789,104.4000015258789,104.80000305175781,100.5,102.5,215550
2021-06-09,105.19999694824219,105.19999694824219,107.9000015258789,104.19999694824219,106.19999694824219,237450
2021-06-10,102.80000305175781,102.80000305175781,106.69999694824219,102.0,104.0,153130
2021-06-11,104.69999694824219,104.69999694824219,105.19999694824219,102.30000305175781,102.69999694824219,99600
2021-06-14,103.69999694824219,103.69999694824219,106.5,103.4000015258789,104.9000015258789,109430
2021-06-15,99.19999694824219,99.19999694824219,103.69999694824219,98.80000305175781,103.19999694824219,163850
2021-06-16,100.5999984741211,100.5999984741211,101.19999694824219,97.80000305175781,98.30000305175781,144820
2021-06-17,105.5,105.5,109.9000015258789,99.5999984741211,99.5999984741211,247300
2021-06-18,101.9000015258789,101.9000015258789,105.80000305175781,100.4000015258789,104.69999694824219,254040
2021-06-21,100.5999984741211,100.5999984741211,102.19999694824219,98.5,102.0999984741211,132930
2021-06-22,102.5999984741211,102.5999984741211,102.9000015258789,99.80000305175781,100.4000015258789,94190
2021-06-23,104.0,104.0,104.69999694824219,102.0,102.5999984741211,106880
2021-06-24,105.5,105.5,106.9000015258789,103.5999984741211,104.69999694824219,157430
2021-06-25,104.69999694824219,104.69999694824219,107.0999984741211,104.5,105.5,447790
2021-06-28,105.19999694824219,105.19999694824219,106.0,103.4000015258789,104.69999694824219,116470
2021-06-29,103.0999984741211,103.0999984741211,105.19999694824219,101.4000015258789,105.19999694824219,96060
2021-06-30,100.9000015258789,100.9000015258789,102.4000015258789,100.5,102.19999694824219,85290
2021-07-01,96.9000015258789,96.9000015258789,102.5999984741211,96.80000305175781,100.80000305175781,177310
2021-07-02,95.4000015258789,95.4000015258789,98.69999694824219,94.80000305175781,97.0999984741211,98040
2021-07-06,95.5999984741211,95.5999984741211,96.5,94.0,94.9000015258789,78260
2021-07-07,92.9000015258789,92.9000015258789,96.5,92.0,95.0999984741211,106380
2021-07-08,94.0999984741211,94.0999984741211,94.5,88.69999694824219,89.30000305175781,90190
2021-07-09,94.80000305175781,94.80000305175781,95.0999984741211,92.30000305175781,93.9000015258789,71110
2021-07-12,92.4000015258789,92.4000015258789,95.0,91.0,94.30000305175781,66440
2021-07-13,88.69999694824219,88.69999694824219,92.4000015258789,88.4000015258789,92.19999694824219,124080
2021-07-14,85.80000305175781,85.80000305175781,89.4000015258789,85.19999694824219,88.69999694824219,220750
2021-07-15,84.0,84.0,87.69999694824219,82.5999984741211,85.19999694824219,146620
2021-07-16,84.5,84.5,85.80000305175781,83.4000015258789,84.5,118610
2021-07-19,84.19999694824219,84.19999694824219,85.30000305175781,81.69999694824219,83.0999984741211,129950
2021-07-20,84.80000305175781,84.80000305175781,85.69999694824219,81.5,84.80000305175781,129300
2021-07-21,88.0999984741211,88.0999984741211,88.19999694824219,85.0999984741211,85.0999984741211,90140
2021-07-22,85.69999694824219,85.69999694824219,87.5999984741211,85.0,87.5999984741211,91480
2021-07-23,85.19999694824219,85.19999694824219,86.80000305175781,83.69999694824219,86.5999984741211,80010
2021-07-26,84.80000305175781,84.80000305175781,86.5,84.0999984741211,85.0,74380
2021-07-27,83.5,83.5,84.9000015258789,79.69999694824219,84.19999694824219,186700
2021-07-28,87.9000015258789,87.9000015258789,88.5,83.0999984741211,83.9000015258789,98380
2021-07-29,90.30000305175781,90.30000305175781,92.0999984741211,87.4000015258789,88.0,178780
2021-07-30,86.9000015258789,86.9000015258789,90.69999694824219,86.5,89.69999694824219,87560
2021-08-02,86.5,86.5,89.19999694824219,85.9000015258789,86.9000015258789,112910
2021-08-03,85.30000305175781,85.30000305175781,87.80000305175781,83.4000015258789,87.0,117770
2021-08-04,85.80000305175781,85.80000305175781,86.4000015258789,82.0,84.4000015258789,211600
2021-08-05,92.4000015258789,92.4000015258789,94.4000015258789,84.5,85.69999694824219,232050
2021-08-06,91.5999984741211,91.5999984741211,96.0999984741211,91.4000015258789,91.5999984741211,116760
2021-08-09,90.80000305175781,90.80000305175781,92.5,90.5999984741211,91.5999984741211,75590
2021-08-10,88.5,88.5,91.4000015258789,87.4000015258789,90.69999694824219,107860
2021-08-11,86.4000015258789,86.4000015258789,88.5,85.5,88.5,97620
2021-08-12,89.4000015258789,89.4000015258789,89.80000305175781,85.9000015258789,86.5,102310
2021-08-13,86.19999694824219,86.19999694824219,89.5,85.80000305175781,89.5,79050
2021-08-16,81.5999984741211,81.5999984741211,85.5,81.4000015258789,85.4000015258789,109070
2021-08-17,80.30000305175781,80.30000305175781,82.0,79.5999984741211,80.4000015258789,122190
2021-08-18,80.19999694824219,80.19999694824219,82.0,78.80000305175781,80.30000305175781,77330
2021-08-19,78.9000015258789,78.9000015258789,80.4000015258789,78.5,79.19999694824219,109970
2021-08-20,81.4000015258789,81.4000015258789,82.19999694824219,78.69999694824219,78.9000015258789,88360
2021-08-23,84.0999984741211,84.0999984741211,84.5999984741211,81.30000305175781,81.5,74760
2021-08-24,84.19999694824219,84.19999694824219,85.0,83.0,84.30000305175781,73530
2021-08-25,83.19999694824219,83.19999694824219,84.69999694824219,83.0,83.5,67480
2021-08-26,81.69999694824219,81.69999694824219,83.80000305175781,80.80000305175781,83.0,70300
2021-08-27,83.80000305175781,83.80000305175781,84.80000305175781,81.9000015258789,82.30000305175781,82630
2021-08-30,84.0,84.0,84.0,81.30000305175781,83.4000015258789,82730
2021-08-31,84.0,84.0,85.4000015258789,83.19999694824219,84.0999984741211,69500
2021-09-01,84.30000305175781,84.30000305175781,85.69999694824219,83.4000015258789,84.30000305175781,71290
2021-09-02,85.5999984741211,85.5999984741211,87.30000305175781,84.5999984741211,84.80000305175781,69070
2021-09-03,85.80000305175781,85.80000305175781,86.5,84.9000015258789,85.4000015258789,61920
2021-09-07,84.5999984741211,84.5999984741211,86.19999694824219,84.4000015258789,86.19999694824219,67990
2021-09-08,83.5999984741211,83.5999984741211,85.0,82.0999984741211,84.5999984741211,116550
2021-09-09,84.5999984741211,84.5999984741211,86.0,82.69999694824219,83.5,71670
2021-09-10,81.5,81.5,85.0,81.30000305175781,84.69999694824219,73450
2021-09-13,82.19999694824219,82.19999694824219,83.69999694824219,80.80000305175781,81.30000305175781,99690
2021-09-14,79.30000305175781,79.30000305175781,83.0999984741211,78.9000015258789,82.0,111430
2021-09-15,76.9000015258789,76.9000015258789,79.5,75.5999984741211,79.19999694824219,132890
2021-09-16,76.4000015258789,76.4000015258789,76.80000305175781,74.9000015258789,76.30000305175781,89660
2021-09-17,76.0,76.0,77.0999984741211,75.0999984741211,76.0999984741211,129080
2021-09-20,72.9000015258789,72.9000015258789,74.5,71.9000015258789,74.5,175570
2021-09-21,71.30000305175781,71.30000305175781,74.0999984741211,70.80000305175781,73.0999984741211,115250
2021-09-22,72.4000015258789,72.4000015258789,73.5999984741211,71.0,72.0,107130
2021-09-23,73.0999984741211,73.0999984741211,73.5999984741211,72.5,73.0999984741211,67240
2021-09-24,70.69999694824219,70.69999694824219,72.5,70.30000305175781,72.19999694824219,94110
2021-09-27,71.0999984741211,71.0999984741211,72.5999984741211,69.5,70.80000305175781,103730
2021-09-28,68.30000305175781,68.30000305175781,71.30000305175781,68.0,70.9000015258789,130150
2021-09-29,66.19999694824219,66.19999694824219,69.0,66.0999984741211,68.69999694824219,115090
2021-09-30,66.5999984741211,66.5999984741211,67.30000305175781,65.69999694824219,66.9000015258789,88630
2021-10-01,67.5,67.5,68.19999694824219,65.19999694824219,67.0,155480
2021-10-04,65.19999694824219,65.19999694824219,67.0,63.900001525878906,66.80000305175781,145760
2021-10-05,64.9000015258789,64.9000015258789,65.9000015258789,64.0,65.0999984741211,140190
2021-10-06,63.900001525878906,63.900001525878906,64.69999694824219,62.900001525878906,63.79999923706055,88960
2021-10-07,65.4000015258789,65.4000015258789,67.19999694824219,63.900001525878906,64.4000015258789,87920
2021-10-08,64.4000015258789,64.4000015258789,66.5999984741211,64.19999694824219,65.4000015258789,70050
2021-10-11,63.29999923706055,63.29999923706055,65.30000305175781,63.29999923706055,64.0999984741211,62000
2021-10-12,63.70000076293945,63.70000076293945,64.5999984741211,62.79999923706055,63.5,54760
2021-10-13,65.30000305175781,65.30000305175781,65.5,64.0,64.0999984741211,53370
2021-10-14,64.69999694824219,64.69999694824219,66.5999984741211,64.5,66.0,66810
2021-10-15,63.20000076293945,63.20000076293945,65.5999984741211,62.900001525878906,65.5999984741211,105340
2021-10-18,62.599998474121094,62.599998474121094,63.70000076293945,62.5,63.0,72730
2021-10-19,63.29999923706055,63.29999923706055,64.19999694824219,62.70000076293945,63.099998474121094,92320
2021-10-20,67.5999984741211,67.5999984741211,67.80000305175781,63.400001525878906,64.0,131370
2021-10-21,68.0,68.0,68.9000015258789,67.0,67.30000305175781,112060
2021-10-22,66.0,66.0,68.0999984741211,65.30000305175781,67.80000305175781,84840
2021-10-25,65.5,65.5,66.9000015258789,65.4000015258789,66.30000305175781,77620
2021-10-26,66.30000305175781,66.30000305175781,68.9000015258789,65.4000015258789,65.69999694824219,115160
2021-10-27,63.400001525878906,63.400001525878906,66.9000015258789,63.099998474121094,65.80000305175781,104940
2021-10-28,62.400001525878906,62.400001525878906,64.30000305175781,61.900001525878906,63.70000076293945,111400
2021-10-29,62.0,62.0,62.5,59.400001525878906,62.0,176370
2021-11-01,65.30000305175781,65.30000305175781,66.4000015258789,61.400001525878906,61.70000076293945,155970
2021-11-02,67.9000015258789,67.9000015258789,70.9000015258789,66.5999984741211,66.5999984741211,163940
2021-11-03,71.0,71.0,71.4000015258789,67.4000015258789,67.5,224160
2021-11-04,68.0999984741211,68.0999984741211,69.9000015258789,66.0,68.19999694824219,214510
2021-11-05,70.30000305175781,70.30000305175781,73.5999984741211,67.19999694824219,68.5999984741211,170660
2021-11-08,72.9000015258789,72.9000015258789,73.4000015258789,70.19999694824219,70.4000015258789,118140
2021-11-09,70.4000015258789,70.4000015258789,73.0999984741211,69.80000305175781,72.5999984741211,100610
2021-11-10,68.30000305175781,68.30000305175781,71.5,67.5999984741211,69.9000015258789,98060
2021-11-11,69.0,69.0,69.5,67.80000305175781,68.5999984741211,80220
2021-11-12,68.30000305175781,68.30000305175781,70.0,68.0,68.9000015258789,96410
2021-11-15,68.19999694824219,68.19999694824219,69.30000305175781,67.69999694824219,68.5999984741211,91040
2021-11-16,71.30000305175781,71.30000305175781,71.69999694824219,66.9000015258789,68.4000015258789,143290
2021-11-17,77.69999694824219,77.69999694824219,77.80000305175781,72.0,72.5,254510
2021-11-18,73.4000015258789,73.4000015258789,79.80000305175781,72.30000305175781,78.0,155070
2021-11-19,71.5999984741211,71.5999984741211,75.30000305175781,70.69999694824219,73.0,150570
2021-11-22,67.69999694824219,67.69999694824219,72.30000305175781,67.5999984741211,71.9000015258789,142930
2021-11-23,66.0,66.0,68.0,64.30000305175781,67.0999984741211,124290
2021-11-24,68.19999694824219,68.19999694824219,68.4000015258789,63.599998474121094,65.0999984741211,96490
2021-11-26,66.5,66.5,68.80000305175781,65.19999694824219,66.0,70650
2021-11-29,66.19999694824219,66.19999694824219,67.19999694824219,64.5999984741211,66.5999984741211,99080
2021-11-30,64.5999984741211,64.5999984741211,66.69999694824219,61.5,65.69999694824219,127580
2021-12-01,61.29999923706055,61.29999923706055,67.30000305175781,60.0,65.69999694824219,150980
2021-12-02,63.5,63.5,63.70000076293945,60.400001525878906,61.099998474121094,125050
2021-12-03,61.79999923706055,61.79999923706055,63.70000076293945,60.0,63.599998474121094,130720
2021-12-06,63.5,63.5,64.0,58.20000076293945,61.20000076293945,124680
2021-12-07,65.5999984741211,65.5999984741211,67.0999984741211,64.0,64.5999984741211,106940
2021-12-08,66.0999984741211,66.0999984741211,67.0,64.69999694824219,65.69999694824219,160470
2021-12-09,64.5,64.5,67.30000305175781,64.30000305175781,65.5,90570
2021-12-10,63.20000076293945,63.20000076293945,66.30000305175781,62.900001525878906,64.9000015258789,104240
2021-12-13,61.900001525878906,61.900001525878906,63.900001525878906,61.5,62.900001525878906,97370
2021-12-14,60.70000076293945,60.70000076293945,62.29999923706055,60.0,61.0,129050
2021-12-15,62.79999923706055,62.79999923706055,63.0,58.400001525878906,60.79999923706055,157500
2021-12-16,60.599998474121094,60.599998474121094,64.30000305175781,60.29999923706055,62.900001525878906,105430
2021-12-17,62.5,62.5,63.099998474121094,58.79999923706055,60.20000076293945,303660
2021-12-20,59.20000076293945,59.20000076293945,61.5,58.79999923706055,60.70000076293945,126470
2021-12-21,61.20000076293945,61.20000076293945,62.29999923706055,59.099998474121094,59.79999923706055,128110
2021-12-22,61.400001525878906,61.400001525878906,61.70000076293945,59.79999923706055,61.099998474121094,145370
2021-12-23,63.20000076293945,63.20000076293945,63.79999923706055,60.70000076293945,61.5,117290
2021-12-27,59.400001525878906,59.400001525878906,63.400001525878906,59.20000076293945,63.400001525878906,146150
2021-12-28,55.099998474121094,55.099998474121094,59.599998474121094,55.0,59.0,241170
2021-12-29,54.400001525878906,54.400001525878906,55.099998474121094,52.900001525878906,54.79999923706055,236670
2021-12-30,58.20000076293945,58.20000076293945,59.900001525878906,54.20000076293945,54.20000076293945,256080
2021-12-31,58.29999923706055,58.29999923706055,60.0,57.70000076293945,57.70000076293945,145490
2022-01-03,58.900001525878906,58.900001525878906,60.099998474121094,58.099998474121094,59.900001525878906,117230
2022-01-04,59.0,59.0,60.099998474121094,55.70000076293945,59.099998474121094,146690
2022-01-05,55.599998474121094,55.599998474121094,59.099998474121094,55.400001525878906,58.0,107130
2022-01-06,53.099998474121094,53.099998474121094,56.0,52.400001525878906,55.5,190730
2022-01-07,52.29999923706055,52.29999923706055,54.5,51.5,53.0,116460
2022-01-10,52.099998474121094,52.099998474121094,52.20000076293945,49.400001525878906,51.5,134590
2022-01-11,53.900001525878906,53.900001525878906,54.70000076293945,51.400001525878906,52.5,141440
2022-01-12,52.29999923706055,52.29999923706055,55.599998474121094,52.29999923706055,54.79999923706055,64890
2022-01-13,50.400001525878906,50.400001525878906,52.400001525878906,50.20000076293945,52.400001525878906,80000
2022-01-14,49.79999923706055,49.79999923706055,50.400001525878906,48.29999923706055,50.0,124650
2022-01-18,47.79999923706055,47.79999923706055,50.400001525878906,47.70000076293945,48.5,89380
2022-01-19,46.70000076293945,46.70000076293945,49.400001525878906,46.5,49.400001525878906,87970
2022-01-20,46.5,46.5,49.29999923706055,46.400001525878906,46.900001525878906,125740
2022-01-21,43.400001525878906,43.400001525878906,46.29999923706055,43.29999923706055,46.0,188370
2022-01-24,44.599998474121094,44.599998474121094,44.70000076293945,39.599998474121094,40.900001525878906,199940
2022-01-25,43.70000076293945,43.70000076293945,46.0,42.900001525878906,44.0,117990
2022-01-26,42.70000076293945,42.70000076293945,45.5,42.5,44.79999923706055,96480
2022-01-27,40.400001525878906,40.400001525878906,43.70000076293945,40.29999923706055,43.099998474121094,113760
2022-01-28,41.5,41.5,41.599998474121094,39.29999923706055,40.20000076293945,109700
2022-01-31,45.599998474121094,45.599998474121094,45.599998474121094,41.400001525878906,41.5,109920
2022-02-01,45.29999923706055,45.29999923706055,46.099998474121094,43.70000076293945,45.900001525878906,90830
2022-02-02,43.099998474121094,43.099998474121094,45.70000076293945,42.900001525878906,45.70000076293945,81160
2022-02-03,42.5,42.5,43.0,41.29999923706055,42.400001525878906,104980
2022-02-04,42.599998474121094,42.599998474121094,43.29999923706055,41.70000076293945,42.599998474121094,76460
2022-02-07,42.0,42.0,43.900001525878906,41.70000076293945,43.0,179310
2022-02-08,42.0,42.0,42.79999923706055,41.400001525878906,41.599998474121094,242540
2022-02-09,45.20000076293945,45.20000076293945,45.599998474121094,42.5,42.599998474121094,120890
2022-02-10,44.5,44.5,46.29999923706055,44.099998474121094,45.099998474121094,118230
2022-02-11,43.29999923706055,43.29999923706055,45.79999923706055,43.0,44.5,73690
2022-02-14,45.70000076293945,45.70000076293945,45.900001525878906,42.900001525878906,43.099998474121094,125640
2022-02-15,49.29999923706055,49.29999923706055,49.599998474121094,46.5,46.5,103290
2022-02-16,49.5,49.5,49.599998474121094,48.0,49.099998474121094,73080
2022-02-17,47.0,47.0,49.29999923706055,46.5,48.79999923706055,68070
2022-02-18,46.29999923706055,46.29999923706055,47.29999923706055,45.5,47.0,87730
2022-02-22,44.70000076293945,44.70000076293945,46.20000076293945,43.70000076293945,46.0,108020
2022-02-23,42.5,42.5,45.79999923706055,42.400001525878906,45.599998474121094,66600
2022-02-24,44.79999923706055,44.79999923706055,45.0,40.099998474121094,41.0,106490
2022-02-25,45.400001525878906,45.400001525878906,45.79999923706055,43.70000076293945,45.29999923706055,95160
2022-02-28,47.099998474121094,47.099998474121094,47.20000076293945,44.599998474121094,45.0,120470
2022-03-01,47.79999923706055,47.79999923706055,48.29999923706055,45.70000076293945,47.0,173070
2022-03-02,48.099998474121094,48.099998474121094,48.5,43.29999923706055,46.79999923706055,199600
2022-03-03,47.20000076293945,47.20000076293945,50.900001525878906,46.79999923706055,48.599998474121094,119130
2022-03-04,45.5,45.5,48.0,45.20000076293945,46.599998474121094,82130
2022-03-07,47.900001525878906,47.900001525878906,48.29999923706055,45.20000076293945,45.20000076293945,120810
2022-03-08,47.900001525878906,47.900001525878906,49.70000076293945,46.900001525878906,47.79999923706055,114990
2022-03-09,46.29999923706055,46.29999923706055,49.29999923706055,45.0,48.599998474121094,244330
2022-03-10,45.20000076293945,45.20000076293945,45.5,43.0,44.5,107830
2022-03-11,42.400001525878906,42.400001525878906,45.20000076293945,42.400001525878906,45.0,76350
2022-03-14,38.20000076293945,38.20000076293945,41.20000076293945,37.900001525878906,40.79999923706055,183470
2022-03-15,37.900001525878906,37.900001525878906,38.400001525878906,36.099998474121094,38.0,142540
2022-03-16,40.099998474121094,40.099998474121094,40.400001525878906,38.099998474121094,38.400001525878906,137760
2022-03-17,43.20000076293945,43.20000076293945,43.20000076293945,39.599998474121094,40.0,132140
2022-03-18,43.70000076293945,43.70000076293945,44.5,42.0,42.29999923706055,114410
2022-03-21,43.099998474121094,43.099998474121094,44.29999923706055,42.20000076293945,43.29999923706055,127100
2022-03-22,44.900001525878906,44.900001525878906,45.79999923706055,43.099998474121094,43.099998474121094,95360
2022-03-23,43.29999923706055,43.29999923706055,45.0,43.0,44.79999923706055,99650
2022-03-24,43.79999923706055,43.79999923706055,43.79999923706055,42.599998474121094,43.599998474121094,103830
2022-03-25,41.5,41.5,43.70000076293945,41.20000076293945,43.599998474121094,70960
2022-03-28,40.79999923706055,40.79999923706055,42.0,39.5,41.29999923706055,81260
2022-03-29,42.599998474121094,42.599998474121094,42.79999923706055,41.0,41.0,73450
2022-03-30,41.20000076293945,41.20000076293945,43.0,41.099998474121094,42.599998474121094,68570
2022-03-31,40.5,40.5,42.400001525878906,40.29999923706055,42.400001525878906,54000
2022-04-01,40.400001525878906,40.400001525878906,41.400001525878906,40.099998474121094,40.29999923706055,56100
2022-04-04,41.5,41.5,42.5,40.099998474121094,40.400001525878906,94620
2022-04-05,39.400001525878906,39.400001525878906,42.29999923706055,39.20000076293945,42.29999923706055,121500
2022-04-06,37.79999923706055,37.79999923706055,39.29999923706055,37.29999923706055,39.0,106800
2022-04-07,36.70000076293945,36.70000076293945,37.79999923706055,35.70000076293945,37.79999923706055,111630
2022-04-08,35.0,35.0,37.29999923706055,34.79999923706055,37.29999923706055,97970
2022-04-11,34.099998474121094,34.099998474121094,35.099998474121094,33.70000076293945,34.20000076293945,88040
2022-04-12,34.400001525878906,34.400001525878906,35.79999923706055,33.79999923706055,34.70000076293945,70520
2022-04-13,34.5,34.5,35.0,33.70000076293945,34.20000076293945,72490
2022-04-14,33.0,33.0,34.29999923706055,32.599998474121094,34.29999923706055,107010
2022-04-18,32.599998474121094,32.599998474121094,33.099998474121094,32.099998474121094,33.099998474121094,95610
2022-04-19,33.099998474121094,33.099998474121094,34.099998474121094,32.5,32.5,61090
2022-04-20,32.5,32.5,33.599998474121094,32.099998474121094,33.400001525878906,78330
2022-04-21,31.100000381469727,31.100000381469727,33.29999923706055,31.0,32.79999923706055,89550
2022-04-22,30.200000762939453,30.200000762939453,31.299999237060547,30.0,30.899999618530273,89990
2022-04-25,31.700000762939453,31.700000762939453,31.799999237060547,29.799999237060547,30.0,88820
2022-04-26,29.700000762939453,29.700000762939453,31.399999618530273,29.600000381469727,31.299999237060547,71850
2022-04-27,27.5,27.5,29.799999237060547,27.399999618530273,29.399999618530273,100860
2022-04-28,28.299999237060547,28.299999237060547,29.0,26.700000762939453,28.600000381469727,139240
2022-04-29,28.5,28.5,29.200000762939453,27.899999618530273,28.0,139360
2022-05-02,30.100000381469727,30.100000381469727,30.200000762939453,28.299999237060547,29.100000381469727,94240
2022-05-03,29.799999237060547,29.799999237060547,30.5,29.200000762939453,30.100000381469727,80950
2022-05-04,30.600000381469727,30.600000381469727,30.799999237060547,28.700000762939453,29.600000381469727,89790
2022-05-05,23.100000381469727,23.100000381469727,27.600000381469727,22.5,27.600000381469727,304780
2022-05-06,23.399999618530273,23.399999618530273,23.899999618530273,21.5,22.700000762939453,191190
2022-05-09,22.399999618530273,22.399999618530273,23.100000381469727,22.100000381469727,22.600000381469727,164750
2022-05-10,21.5,21.5,23.299999237060547,20.899999618530273,22.899999618530273,167970
2022-05-11,20.100000381469727,20.100000381469727,22.0,20.0,21.200000762939453,133180
2022-05-12,23.5,23.5,23.600000381469727,19.700000762939453,19.700000762939453,204230
2022-05-13,24.299999237060547,24.299999237060547,24.899999618530273,23.600000381469727,23.600000381469727,115140
2022-05-16,22.899999618530273,22.899999618530273,25.0,22.700000762939453,24.399999618530273,120650
2022-05-17,23.5,23.5,23.700000762939453,22.600000381469727,23.200000762939453,77920
2022-05-18,21.899999618530273,21.899999618530273,23.5,21.700000762939453,22.899999618530273,73440
2022-05-19,21.899999618530273,21.899999618530273,22.799999237060547,20.899999618530273,21.799999237060547,135250
2022-05-20,22.100000381469727,22.100000381469727,22.899999618530273,21.100000381469727,22.399999618530273,99990
2022-05-23,21.600000381469727,21.600000381469727,22.0,20.799999237060547,22.0,93940
2022-05-24,20.399999618530273,20.399999618530273,21.299999237060547,20.200000762939453,21.200000762939453,94050
2022-05-25,20.899999618530273,20.899999618530273,21.0,20.100000381469727,20.100000381469727,81160
2022-05-26,20.799999237060547,20.799999237060547,21.700000762939453,20.5,20.799999237060547,55130
2022-05-27,21.600000381469727,21.600000381469727,21.799999237060547,20.799999237060547,21.200000762939453,129650
2022-05-31,20.600000381469727,20.600000381469727,21.799999237060547,20.399999618530273,21.799999237060547,245810
2022-06-01,20.299999237060547,20.299999237060547,21.200000762939453,20.0,21.0,104220
2022-06-02,21.200000762939453,21.200000762939453,21.299999237060547,20.0,20.100000381469727,82930
2022-06-03,20.799999237060547,20.799999237060547,21.200000762939453,20.399999618530273,20.799999237060547,62040
2022-06-06,21.0,21.0,21.5,20.5,20.899999618530273,70190
2022-06-07,20.700000762939453,20.700000762939453,21.399999618530273,20.600000381469727,20.700000762939453,75700
2022-06-08,21.0,21.0,21.700000762939453,20.299999237060547,20.299999237060547,76370
2022-06-09,20.200000762939453,20.200000762939453,21.100000381469727,20.100000381469727,20.700000762939453,65190
2022-06-10,19.5,19.5,20.200000762939453,19.299999237060547,20.0,68570
2022-06-13,18.200000762939453,18.200000762939453,19.299999237060547,17.899999618530273,19.0,117260
2022-06-14,18.0,18.0,18.299999237060547,17.399999618530273,18.200000762939453,94580
2022-06-15,19.399999618530273,19.399999618530273,19.700000762939453,18.100000381469727,18.200000762939453,91540
2022-06-16,19.0,19.0,19.5,18.5,18.600000381469727,100230
2022-06-17,19.799999237060547,19.799999237060547,20.200000762939453,18.899999618530273,19.399999618530273,502870
2022-06-21,20.299999237060547,20.299999237060547,20.700000762939453,19.799999237060547,20.299999237060547,81540
2022-06-22,20.700000762939453,20.700000762939453,21.299999237060547,19.799999237060547,20.200000762939453,88640
2022-06-23,22.0,22.0,22.100000381469727,20.700000762939453,21.0,68820
2022-06-24,22.100000381469727,22.100000381469727,22.700000762939453,21.700000762939453,22.100000381469727,90400
2022-06-27,20.700000762939453,20.700000762939453,21.899999618530273,20.5,21.799999237060547,58540
2022-06-28,19.700000762939453,19.700000762939453,20.799999237060547,19.600000381469727,20.700000762939453,34250
2022-06-29,19.100000381469727,19.100000381469727,19.700000762939453,18.600000381469727,19.700000762939453,49890
2022-06-30,18.899999618530273,18.899999618530273,19.0,18.100000381469727,19.0,49050
2022-07-01,19.5,19.5,19.700000762939453,18.799999237060547,18.899999618530273,44530
2022-07-05,19.899999618530273,19.899999618530273,20.0,18.399999618530273,19.100000381469727,52990
2022-07-06,19.700000762939453,19.700000762939453,20.200000762939453,19.600000381469727,19.799999237060547,40440
2022-07-07,20.5,20.5,20.600000381469727,19.5,19.700000762939453,34380
2022-07-08,20.600000381469727,20.600000381469727,21.399999618530273,20.399999618530273,20.5,60420
2022-07-11,18.799999237060547,18.799999237060547,20.600000381469727,18.5,20.399999618530273,53050
2022-07-12,19.200000762939453,19.200000762939453,19.200000762939453,18.299999237060547,18.799999237060547,27850
2022-07-13,19.5,19.5,19.600000381469727,18.399999618530273,18.399999618530273,28600
2022-07-14,19.5,19.5,20.100000381469727,18.899999618530273,19.399999618530273,43520
2022-07-15,20.299999237060547,20.299999237060547,20.299999237060547,19.100000381469727,20.100000381469727,42270
2022-07-18,19.899999618530273,19.899999618530273,20.799999237060547,19.799999237060547,20.5,52410
2022-07-19,21.0,21.0,21.200000762939453,20.200000762939453,20.200000762939453,59020
2022-07-20,21.5,21.5,22.100000381469727,21.100000381469727,21.200000762939453,43280
2022-07-21,22.200000762939453,22.200000762939453,22.200000762939453,21.299999237060547,21.600000381469727,32440
2022-07-22,21.299999237060547,21.299999237060547,22.200000762939453,21.100000381469727,22.0,35710
2022-07-25,20.700000762939453,20.700000762939453,21.399999618530273,20.399999618530273,21.100000381469727,48080
2022-07-26,20.100000381469727,20.100000381469727,20.600000381469727,19.899999618530273,20.399999618530273,36450
2022-07-27,20.700000762939453,20.700000762939453,20.700000762939453,19.799999237060547,20.100000381469727,35540
2022-07-28,21.600000381469727,21.600000381469727,21.700000762939453,20.5,20.700000762939453,80800
2022-07-29,22.299999237060547,22.299999237060547,22.5,21.600000381469727,21.899999618530273,49190
2022-08-01,25.899999618530273,25.899999618530273,26.5,22.100000381469727,22.299999237060547,163060
2022-08-02,23.399999618530273,23.399999618530273,25.399999618530273,23.299999237060547,25.399999618530273,99390
2022-08-03,25.100000381469727,25.100000381469727,25.5,23.200000762939453,23.600000381469727,65120
2022-08-04,25.200000762939453,25.200000762939453,26.5,24.799999237060547,25.299999237060547,102740
2022-08-05,24.700000762939453,24.700000762939453,25.5,24.600000381469727,25.200000762939453,76320
2022-08-08,26.0,26.0,26.100000381469727,24.899999618530273,25.0,77700
2022-08-09,28.200000762939453,28.200000762939453,29.100000381469727,26.899999618530273,27.299999237060547,139960
2022-08-10,31.200000762939453,31.200000762939453,31.5,29.0,29.200000762939453,153140
2022-08-11,28.299999237060547,28.299999237060547,31.700000762939453,28.100000381469727,31.200000762939453,119350
2022-08-12,29.799999237060547,29.799999237060547,29.899999618530273,28.5,28.5,69340
2022-08-15,31.5,31.5,32.20000076293945,29.5,30.100000381469727,101930
2022-08-16,30.299999237060547,30.299999237060547,31.399999618530273,30.100000381469727,31.200000762939453,66630
2022-08-17,29.100000381469727,29.100000381469727,30.5,29.0,30.299999237060547,71430
2022-08-18,30.200000762939453,30.200000762939453,30.600000381469727,28.700000762939453,29.200000762939453,51780
2022-08-19,28.299999237060547,28.299999237060547,30.0,28.100000381469727,30.0,57500
2022-08-22,27.0,27.0,28.5,26.899999618530273,28.5,62530
2022-08-23,26.600000381469727,26.600000381469727,27.700000762939453,26.5,26.799999237060547,49760
2022-08-24,26.799999237060547,26.799999237060547,27.5,25.799999237060547,26.299999237060547,31700
2022-08-25,29.200000762939453,29.200000762939453,29.200000762939453,26.700000762939453,27.299999237060547,50490
2022-08-26,27.0,27.0,29.100000381469727,26.899999618530273,29.100000381469727,50680
2022-08-29,26.899999618530273,26.899999618530273,28.100000381469727,26.100000381469727,26.399999618530273,29440
2022-08-30,27.200000762939453,27.200000762939453,27.600000381469727,26.399999618530273,27.200000762939453,37000
2022-08-31,27.0,27.0,27.700000762939453,26.600000381469727,27.200000762939453,57820
2022-09-01,26.100000381469727,26.100000381469727,26.600000381469727,25.200000762939453,26.600000381469727,66660
2022-09-02,25.299999237060547,25.299999237060547,26.600000381469727,25.0,26.200000762939453,43230
2022-09-06,24.600000381469727,24.600000381469727,25.899999618530273,24.5,25.600000381469727,38670
2022-09-07,25.100000381469727,25.100000381469727,25.5,24.200000762939453,24.200000762939453,40540
2022-09-08,25.100000381469727,25.100000381469727,25.200000762939453,24.200000762939453,25.0,24730
2022-09-09,25.899999618530273,25.899999618530273,26.100000381469727,25.200000762939453,25.200000762939453,36560
2022-09-12,27.0,27.0,27.200000762939453,25.799999237060547,25.799999237060547,40220
2022-09-13,25.899999618530273,25.899999618530273,26.5,25.299999237060547,25.899999618530273,63260
2022-09-14,26.299999237060547,26.299999237060547,27.5,25.399999618530273,25.799999237060547,115370
2022-09-15,25.899999618530273,25.899999618530273,27.100000381469727,25.600000381469727,26.200000762939453,52570
2022-09-16,25.200000762939453,25.200000762939453,25.600000381469727,24.100000381469727,25.399999618530273,124430
2022-09-19,24.600000381469727,24.600000381469727,25.299999237060547,23.799999237060547,24.700000762939453,35540
2022-09-20,23.299999237060547,23.299999237060547,24.299999237060547,23.299999237060547,24.200000762939453,32950
2022-09-21,22.299999237060547,22.299999237060547,23.5,22.200000762939453,23.5,44100
2022-09-22,21.5,21.5,22.100000381469727,20.899999618530273,22.100000381469727,55840
2022-09-23,21.100000381469727,21.100000381469727,21.399999618530273,20.299999237060547,21.0,70830
2022-09-26,21.200000762939453,21.200000762939453,22.299999237060547,20.700000762939453,20.700000762939453,44480
2022-09-27,21.600000381469727,21.600000381469727,22.299999237060547,21.0,21.399999618530273,27400
2022-09-28,22.799999237060547,22.799999237060547,23.299999237060547,21.600000381469727,21.700000762939453,40050
2022-09-29,21.299999237060547,21.299999237060547,22.399999618530273,20.899999618530273,22.399999618530273,43750
2022-09-30,20.700000762939453,20.700000762939453,22.200000762939453,20.700000762939453,21.100000381469727,41580
2022-10-03,20.700000762939453,20.700000762939453,21.0,20.399999618530273,20.899999618530273,34270
2022-10-04,21.899999618530273,21.899999618530273,22.0,21.0,21.399999618530273,43650
2022-10-05,21.299999237060547,21.299999237060547,21.700000762939453,20.399999618530273,21.100000381469727,36810
2022-10-06,21.399999618530273,21.399999618530273,21.600000381469727,20.799999237060547,20.799999237060547,23420
2022-10-07,20.399999618530273,20.399999618530273,21.399999618530273,20.200000762939453,21.100000381469727,52950
2022-10-10,19.299999237060547,19.299999237060547,20.299999237060547,19.100000381469727,20.299999237060547,33920
2022-10-11,18.299999237060547,18.299999237060547,19.200000762939453,18.100000381469727,19.0,45470
2022-10-12,17.899999618530273,17.899999618530273,18.299999237060547,17.5,18.200000762939453,35600
2022-10-13,18.0,18.0,18.200000762939453,16.899999618530273,17.5,65300
2022-10-14,16.799999237060547,16.799999237060547,18.299999237060547,16.799999237060547,18.299999237060547,46670
2022-10-17,19.100000381469727,19.100000381469727,19.399999618530273,17.100000381469727,17.100000381469727,72180
2022-10-18,19.399999618530273,19.399999618530273,20.799999237060547,19.299999237060547,19.799999237060547,64100
2022-10-19,18.600000381469727,18.600000381469727,19.399999618530273,18.299999237060547,19.100000381469727,29020
2022-10-20,18.600000381469727,18.600000381469727,19.5,18.399999618530273,18.600000381469727,37860
2022-10-21,19.700000762939453,19.700000762939453,19.799999237060547,18.700000762939453,18.700000762939453,36160
2022-10-24,19.299999237060547,19.299999237060547,19.799999237060547,18.799999237060547,19.700000762939453,31890
2022-10-25,21.700000762939453,21.700000762939453,22.600000381469727,19.399999618530273,19.399999618530273,90220
2022-10-26,21.299999237060547,21.299999237060547,22.200000762939453,21.200000762939453,21.799999237060547,55510
2022-10-27,20.799999237060547,20.799999237060547,22.200000762939453,20.700000762939453,21.799999237060547,65930
2022-10-28,22.299999237060547,22.299999237060547,22.399999618530273,20.600000381469727,21.0,38210
2022-10-31,22.600000381469727,22.600000381469727,22.700000762939453,21.600000381469727,22.399999618530273,35380
2022-11-01,23.100000381469727,23.100000381469727,23.600000381469727,22.799999237060547,23.0,37330
2022-11-02,21.899999618530273,21.899999618530273,23.600000381469727,21.899999618530273,23.0,51580
2022-11-03,16.899999618530273,16.899999618530273,20.0,16.799999237060547,20.0,109930
2022-11-04,15.5,15.5,17.399999618530273,15.0,17.299999237060547,113260
2022-11-07,15.399999618530273,15.399999618530273,15.899999618530273,15.300000190734863,15.800000190734863,67630
2022-11-08,14.0,14.0,15.600000381469727,13.600000381469727,15.399999618530273,127930
2022-11-09,13.100000381469727,13.100000381469727,14.0,13.0,14.0,57830
2022-11-10,14.100000381469727,14.100000381469727,14.300000190734863,13.600000381469727,14.100000381469727,87110
2022-11-11,15.100000381469727,15.100000381469727,15.5,13.600000381469727,14.300000190734863,80340
2022-11-14,14.899999618530273,14.899999618530273,15.199999809265137,14.5,14.899999618530273,42180
2022-11-15,15.399999618530273,15.399999618530273,16.5,15.199999809265137,15.699999809265137,38570
2022-11-16,14.0,14.0,15.100000381469727,13.800000190734863,15.100000381469727,40420
2022-11-17,13.800000190734863,13.800000190734863,14.300000190734863,13.600000381469727,14.100000381469727,41570
2022-11-18,13.399999618530273,13.399999618530273,14.399999618530273,13.399999618530273,14.0,47760
2022-11-21,13.300000190734863,13.300000190734863,13.399999618530273,12.899999618530273,13.300000190734863,46550
2022-11-22,13.100000381469727,13.100000381469727,13.399999618530273,12.800000190734863,13.199999809265137,34650
2022-11-23,13.800000190734863,13.800000190734863,13.800000190734863,12.800000190734863,13.0,23650
2022-11-25,13.300000190734863,13.300000190734863,13.699999809265137,13.199999809265137,13.5,12400
2022-11-28,12.800000190734863,12.800000190734863,13.399999618530273,12.600000381469727,13.300000190734863,39820
2022-11-29,12.699999809265137,12.699999809265137,13.300000190734863,12.5,12.699999809265137,25120
2022-11-30,12.699999809265137,12.699999809265137,13.100000381469727,12.100000381469727,12.899999618530273,196130
2022-12-01,12.800000190734863,12.800000190734863,13.300000190734863,12.600000381469727,13.0,71560
2022-12-02,13.199999809265137,13.199999809265137,13.300000190734863,12.399999618530273,12.800000190734863,43460
2022-12-05,13.399999618530273,13.399999618530273,13.5,13.0,13.100000381469727,64350
2022-12-06,13.100000381469727,13.100000381469727,13.600000381469727,12.800000190734863,13.5,57000
2022-12-07,12.399999618530273,12.399999618530273,13.199999809265137,12.399999618530273,12.800000190734863,39970
2022-12-08,12.800000190734863,12.800000190734863,12.899999618530273,11.800000190734863,12.5,45770
2022-12-09,12.100000381469727,12.100000381469727,12.800000190734863,12.100000381469727,12.800000190734863,28490
2022-12-12,11.100000381469727,11.100000381469727,12.0,10.800000190734863,12.0,93200
2022-12-13,11.199999809265137,11.199999809265137,11.800000190734863,11.0,11.300000190734863,94470
2022-12-14,10.5,10.5,11.199999809265137,10.399999618530273,11.100000381469727,87820
2022-12-15,9.5,9.5,10.300000190734863,9.399999618530273,10.300000190734863,145620
2022-12-16,9.0,9.0,9.899999618530273,9.0,9.699999809265137,388300
2022-12-19,8.5,8.5,9.5,8.300000190734863,9.199999809265137,93960
2022-12-20,7.699999809265137,7.699999809265137,8.5,7.699999809265137,8.5,103890
2022-12-21,8.600000381469727,8.600000381469727,8.699999809265137,7.699999809265137,7.800000190734863,118070
2022-12-22,8.5,8.5,8.800000190734863,8.0,8.800000190734863,68260
2022-12-23,8.300000190734863,8.300000190734863,8.300000190734863,7.900000095367432,8.300000190734863,44430
2022-12-27,7.599999904632568,7.599999904632568,8.199999809265137,7.5,8.0,97740
2022-12-28,7.699999809265137,7.699999809265137,7.900000095367432,7.5,7.599999904632568,74670
2022-12-29,8.199999809265137,8.199999809265137,8.199999809265137,7.5,7.699999809265137,146800
2022-12-30,8.399999618530273,8.399999618530273,8.5,7.800000190734863,8.199999809265137,84480
2023-01-03,8.800000190734863,8.800000190734863,9.100000381469727,8.5,8.5,67410
2023-01-04,8.699999809265137,8.699999809265137,9.199999809265137,8.600000381469727,8.899999618530273,79450
2023-01-05,8.600000381469727,8.600000381469727,9.0,8.399999618530273,8.899999618530273,47130
2023-01-06,8.899999618530273,8.899999618530273,9.199999809265137,8.199999809265137,8.699999809265137,54260
2023-01-09,10.100000381469727,10.100000381469727,11.0,9.399999618530273,9.5,131550
2023-01-10,10.100000381469727,10.100000381469727,11.399999618530273,9.600000381469727,10.0,90640
2023-01-11,10.399999618530273,10.399999618530273,11.399999618530273,10.199999809265137,10.199999809265137,100890
2023-01-12,11.899999618530273,11.899999618530273,12.0,10.699999809265137,11.0,98430
2023-01-13,11.399999618530273,11.399999618530273,12.0,10.800000190734863,11.600000381469727,105030
2023-01-17,11.0,11.0,11.5,10.899999618530273,11.5,61090
2023-01-18,11.100000381469727,11.100000381469727,11.699999809265137,11.0,11.399999618530273,70680
2023-01-19,9.600000381469727,9.600000381469727,11.100000381469727,9.600000381469727,11.100000381469727,101020
2023-01-20,9.699999809265137,9.699999809265137,10.5,9.199999809265137,9.800000190734863,168030
2023-01-23,10.300000190734863,10.300000190734863,10.5,9.5,9.699999809265137,81560
2023-01-24,10.399999618530273,10.399999618530273,10.800000190734863,10.100000381469727,10.100000381469727,46330
2023-01-25,10.600000381469727,10.600000381469727,10.699999809265137,9.899999618530273,10.399999618530273,49420
2023-01-26,11.100000381469727,11.100000381469727,11.5,10.800000190734863,10.800000190734863,54800
2023-01-27,11.699999809265137,11.699999809265137,11.800000190734863,10.899999618530273,11.199999809265137,81750
2023-01-30,11.199999809265137,11.199999809265137,11.800000190734863,11.100000381469727,11.699999809265137,69560
2023-01-31,11.600000381469727,11.600000381469727,11.600000381469727,11.199999809265137,11.199999809265137,39710
2023-02-01,11.800000190734863,11.800000190734863,12.0,11.399999618530273,11.399999618530273,56050
2023-02-02,12.5,12.5,13.0,11.899999618530273,11.899999618530273,88470
2023-02-03,11.800000190734863,11.800000190734863,12.800000190734863,11.800000190734863,12.100000381469727,54510
2023-02-06,11.300000190734863,11.300000190734863,12.0,11.199999809265137,11.800000190734863,50600
2023-02-07,11.300000190734863,11.300000190734863,11.5,10.600000381469727,11.300000190734863,61260
2023-02-08,10.699999809265137,10.699999809265137,11.600000381469727,10.699999809265137,11.0,32350
2023-02-09,9.600000381469727,9.600000381469727,11.0,9.600000381469727,10.800000190734863,72190
2023-02-10,9.5,9.5,9.899999618530273,9.300000190734863,9.899999618530273,53490
2023-02-13,9.5,9.5,9.699999809265137,9.0,9.5,42080
2023-02-14,9.399999618530273,9.399999618530273,9.800000190734863,9.0,9.399999618530273,42360
2023-02-15,9.800000190734863,9.800000190734863,9.899999618530273,9.300000190734863,9.300000190734863,59290
2023-02-16,9.399999618530273,9.399999618530273,9.899999618530273,9.300000190734863,9.800000190734863,32290
2023-02-17,9.5,9.5,9.699999809265137,9.0,9.600000381469727,47440
2023-02-21,9.100000381469727,9.100000381469727,9.600000381469727,9.0,9.600000381469727,55830
2023-02-22,9.100000381469727,9.100000381469727,9.399999618530273,9.0,9.199999809265137,29260
2023-02-23,9.0,9.0,9.399999618530273,8.899999618530273,9.100000381469727,35350
2023-02-24,8.800000190734863,8.800000190734863,9.300000190734863,8.5,9.0,47510
2023-02-27,8.699999809265137,8.699999809265137,9.0,8.600000381469727,8.800000190734863,39360
2023-02-28,9.0,9.0,9.100000381469727,8.699999809265137,8.800000190734863,32960
2023-03-01,8.5,8.5,9.100000381469727,8.5,9.0,41340
2023-03-02,8.100000381469727,8.100000381469727,8.300000190734863,7.5,8.300000190734863,135700
2023-03-03,8.199999809265137,8.199999809265137,8.399999618530273,8.0,8.0,47170
2023-03-06,8.300000190734863,8.300000190734863,8.899999618530273,8.199999809265137,8.199999809265137,41400
2023-03-07,8.199999809265137,8.199999809265137,8.5,8.0,8.300000190734863,45270
2023-03-08,7.900000095367432,7.900000095367432,8.399999618530273,7.900000095367432,8.199999809265137,41650
2023-03-09,7.5,7.5,8.100000381469727,7.5,8.0,54740
2023-03-10,6.599999904632568,6.599999904632568,7.800000190734863,6.300000190734863,7.599999904632568,136110
2023-03-13,6.599999904632568,6.599999904632568,6.800000190734863,6.400000095367432,6.599999904632568,49620
2023-03-14,6.300000190734863,6.300000190734863,6.699999809265137,6.199999809265137,6.699999809265137,82010
2023-03-15,6.099999904632568,6.099999904632568,6.400000095367432,6.0,6.400000095367432,79770
2023-03-16,6.300000190734863,6.300000190734863,6.300000190734863,6.099999904632568,6.099999904632568,86870
2023-03-17,6.199999809265137,6.199999809265137,6.400000095367432,6.099999904632568,6.300000190734863,115970
2023-03-20,6.0,6.0,6.300000190734863,5.900000095367432,6.300000190734863,72810
2023-03-21,6.0,6.0,6.099999904632568,5.900000095367432,6.0,81210
2023-03-22,6.0,6.0,6.199999809265137,5.900000095367432,6.199999809265137,55510
2023-03-23,5.900000095367432,5.900000095367432,6.099999904632568,5.800000190734863,6.0,53710
2023-03-24,5.699999809265137,5.699999809265137,5.900000095367432,5.5,5.900000095367432,75020
2023-03-27,5.800000190734863,5.800000190734863,5.900000095367432,5.699999809265137,5.800000190734863,56360
2023-03-28,5.800000190734863,5.800000190734863,5.800000190734863,5.699999809265137,5.800000190734863,37660
2023-03-29,5.800000190734863,5.800000190734863,5.900000095367432,5.699999809265137,5.800000190734863,75430
2023-03-30,5.699999809265137,5.699999809265137,5.800000190734863,5.699999809265137,5.800000190734863,45430
2023-03-31,5.800000190734863,5.800000190734863,5.900000095367432,5.699999809265137,5.699999809265137,58880
2023-04-03,5.5,5.5,5.900000095367432,5.5,5.900000095367432,62260
2023-04-04,5.300000190734863,5.300000190734863,5.699999809265137,5.300000190734863,5.699999809265137,92210
2023-04-05,4.900000095367432,4.900000095367432,5.400000095367432,4.800000190734863,5.300000190734863,147610
2023-04-06,5.699999809265137,5.699999809265137,5.800000190734863,4.699999809265137,4.900000095367432,91850
2023-04-10,6.0,6.0,6.099999904632568,5.599999904632568,5.800000190734863,104250
2023-04-11,6.099999904632568,6.099999904632568,6.300000190734863,6.0,6.300000190734863,52250
2023-04-12,5.900000095367432,5.900000095367432,6.099999904632568,5.800000190734863,6.099999904632568,38620
2023-04-13,6.5,6.5,6.900000095367432,5.900000095367432,5.900000095367432,136700
2023-04-14,6.5,6.5,6.699999809265137,6.400000095367432,6.5,48790
2023-04-17,6.599999904632568,6.599999904632568,7.0,6.300000190734863,6.5,62780
2023-04-18,6.5,6.5,6.900000095367432,6.199999809265137,6.699999809265137,48720
2023-04-19,6.5,6.5,6.599999904632568,6.300000190734863,6.5,40530
2023-04-20,5.900000095367432,5.900000095367432,6.5,5.800000190734863,6.5,58010
2023-04-21,6.599999904632568,6.599999904632568,6.699999809265137,6.0,6.300000190734863,113240
2023-04-24,6.400000095367432,6.400000095367432,7.0,6.300000190734863,6.599999904632568,26340
2023-04-25,6.099999904632568,6.099999904632568,6.699999809265137,6.099999904632568,6.699999809265137,30550
2023-04-26,5.800000190734863,5.800000190734863,6.199999809265137,5.800000190734863,6.099999904632568,31910
2023-04-27,6.099999904632568,6.099999904632568,6.099999904632568,5.699999809265137,5.800000190734863,26290
2023-04-28,6.0,6.0,6.5,5.800000190734863,5.800000190734863,26710
2023-05-01,5.800000190734863,5.800000190734863,6.0,5.800000190734863,5.900000095367432,35330
2023-05-02,5.599999904632568,5.599999904632568,5.900000095367432,5.599999904632568,5.900000095367432,31460
2023-05-03,5.400000095367432,5.400000095367432,5.800000190734863,5.400000095367432,5.699999809265137,77660
2023-05-04,8.300000190734863,8.300000190734863,9.100000381469727,6.400000095367432,6.5,1808560
2023-05-05,8.899999618530273,8.899999618530273,9.0,7.800000190734863,8.300000190734863,222160
2023-05-08,11.800000190734863,11.800000190734863,12.300000190734863,8.899999618530273,9.0,553060
2023-05-09,10.5,10.5,11.699999809265137,10.0,11.5,202280
2023-05-10,9.699999809265137,9.699999809265137,10.399999618530273,9.600000381469727,10.199999809265137,99730
2023-05-11,9.199999809265137,9.199999809265137,9.699999809265137,8.699999809265137,9.5,107430
2023-05-12,9.199999809265137,9.199999809265137,9.300000190734863,8.800000190734863,9.100000381469727,56050
2023-05-15,10.399999618530273,10.399999618530273,10.5,9.0,9.199999809265137,80910
2023-05-16,10.100000381469727,10.100000381469727,10.600000381469727,10.100000381469727,10.600000381469727,75840
2023-05-17,10.699999809265137,10.699999809265137,10.800000190734863,10.0,10.100000381469727,84560
2023-05-18,10.800000190734863,10.800000190734863,11.5,10.399999618530273,10.800000190734863,150020
2023-05-19,10.399999618530273,10.399999618530273,11.300000190734863,10.300000190734863,10.699999809265137,80830
2023-05-22,10.199999809265137,10.199999809265137,10.399999618530273,9.5,10.300000190734863,110040
2023-05-23,9.899999618530273,9.899999618530273,10.5,9.800000190734863,9.800000190734863,81190
2023-05-24,10.0,10.0,10.300000190734863,9.699999809265137,9.800000190734863,76920
2023-05-25,9.600000381469727,9.600000381469727,10.100000381469727,9.0,10.100000381469727,55890
2023-05-26,10.100000381469727,10.100000381469727,10.5,9.199999809265137,9.5,63320
2023-05-30,10.699999809265137,10.699999809265137,11.0,9.800000190734863,10.100000381469727,125050
2023-05-31,10.699999809265137,10.699999809265137,11.399999618530273,10.300000190734863,10.800000190734863,85550
2023-06-01,10.5,10.5,10.800000190734863,10.0,10.5,72310
2023-06-02,10.899999618530273,10.899999618530273,11.5,10.300000190734863,11.0,112720
2023-06-05,10.0,10.0,11.100000381469727,9.899999618530273,10.699999809265137,79070
2023-06-06,10.0,10.0,10.399999618530273,9.800000190734863,10.0,59180
2023-06-07,9.5,9.5,10.199999809265137,9.399999618530273,9.899999618530273,92780
2023-06-08,8.800000190734863,8.800000190734863,9.699999809265137,8.5,9.399999618530273,153390
2023-06-09,8.5,8.5,8.800000190734863,8.5,8.699999809265137,53850
2023-06-12,9.0,9.0,9.100000381469727,7.599999904632568,8.5,154250
2023-06-13,9.300000190734863,9.300000190734863,9.399999618530273,8.199999809265137,9.100000381469727,95590
2023-06-14,8.699999809265137,8.699999809265137,9.5,8.5,9.5,82240
2023-06-15,8.699999809265137,8.699999809265137,8.899999618530273,8.399999618530273,8.600000381469727,92450
2023-06-16,8.300000190734863,8.300000190734863,8.899999618530273,8.199999809265137,8.899999618530273,193650
2023-06-20,8.0,8.0,8.300000190734863,7.800000190734863,8.300000190734863,97440
2023-06-21,7.300000190734863,7.300000190734863,8.100000381469727,7.300000190734863,8.0,114060
2023-06-22,7.599999904632568,7.599999904632568,7.599999904632568,7.0,7.300000190734863,89220
2023-06-23,6.599999904632568,6.599999904632568,7.900000095367432,6.599999904632568,7.5,1330190
2023-06-26,6.400000095367432,6.400000095367432,6.900000095367432,5.699999809265137,6.900000095367432,241390
2023-06-27,5.699999809265137,5.699999809265137,6.599999904632568,5.699999809265137,6.5,212750
2023-06-28,6.0,6.0,6.099999904632568,5.699999809265137,5.699999809265137,166190
2023-06-29,6.5,6.5,6.800000190734863,5.900000095367432,5.900000095367432,127500
2023-06-30,6.400000095367432,6.400000095367432,6.599999904632568,6.199999809265137,6.300000190734863,84210
2023-07-03,7.300000190734863,7.300000190734863,7.400000095367432,6.599999904632568,6.699999809265137,99250
2023-07-05,6.900000095367432,6.900000095367432,7.300000190734863,6.800000190734863,7.199999809265137,64660
2023-07-06,6.5,6.5,6.800000190734863,6.400000095367432,6.699999809265137,53030
2023-07-07,6.400000095367432,6.400000095367432,6.900000095367432,6.400000095367432,6.599999904632568,58670
2023-07-10,6.900000095367432,6.900000095367432,7.0,6.099999904632568,6.300000190734863,100060
2023-07-11,7.099999904632568,7.099999904632568,7.300000190734863,6.800000190734863,6.800000190734863,38810
2023-07-12,7.699999809265137,7.699999809265137,8.0,7.099999904632568,7.199999809265137,87250
2023-07-13,8.100000381469727,8.100000381469727,8.5,7.5,7.800000190734863,62460
2023-07-14,7.699999809265137,7.699999809265137,8.199999809265137,7.599999904632568,8.0,48820
2023-07-17,7.599999904632568,7.599999904632568,8.0,7.400000095367432,7.599999904632568,28630
2023-07-18,7.900000095367432,7.900000095367432,8.100000381469727,7.400000095367432,7.5,34730
2023-07-19,8.199999809265137,8.199999809265137,8.5,7.599999904632568,7.800000190734863,81710
2023-07-20,8.399999618530273,8.399999618530273,8.5,7.800000190734863,7.800000190734863,49100
2023-07-21,8.100000381469727,8.100000381469727,8.5,7.900000095367432,8.399999618530273,26890
2023-07-24,7.199999809265137,7.199999809265137,7.900000095367432,7.099999904632568,7.800000190734863,85970
2023-07-25,7.0,7.0,7.5,7.0,7.199999809265137,38880
2023-07-26,7.199999809265137,7.199999809265137,7.599999904632568,7.0,7.0,64710
2023-07-27,6.699999809265137,6.699999809265137,8.199999809265137,6.300000190734863,7.199999809265137,158580
2023-07-28,7.300000190734863,7.300000190734863,7.400000095367432,6.699999809265137,6.800000190734863,59910
2023-07-31,7.699999809265137,7.699999809265137,7.800000190734863,7.300000190734863,7.300000190734863,44640
2023-08-01,7.5,7.5,7.699999809265137,7.099999904632568,7.599999904632568,57030
2023-08-02,7.400000095367432,7.400000095367432,7.800000190734863,6.900000095367432,7.0,69010
2023-08-03,8.699999809265137,8.699999809265137,9.399999618530273,7.599999904632568,7.699999809265137,253540
2023-08-04,8.600000381469727,8.600000381469727,9.0,8.199999809265137,8.399999618530273,67300
2023-08-07,7.800000190734863,7.800000190734863,8.600000381469727,7.599999904632568,8.399999618530273,61610
2023-08-08,7.300000190734863,7.300000190734863,7.699999809265137,7.199999809265137,7.599999904632568,54540
2023-08-09,6.599999904632568,6.599999904632568,7.300000190734863,6.5,7.199999809265137,88460
2023-08-10,6.599999904632568,6.599999904632568,6.900000095367432,6.599999904632568,6.599999904632568,41870
2023-08-11,6.599999904632568,6.599999904632568,6.900000095367432,6.5,6.599999904632568,37990
2023-08-14,6.5,6.5,6.699999809265137,6.5,6.5,36220
2023-08-15,6.199999809265137,6.199999809265137,6.5,6.0,6.300000190734863,49990
2023-08-16,5.900000095367432,5.900000095367432,6.300000190734863,5.800000190734863,6.199999809265137,23790
2023-08-17,6.0,6.0,6.199999809265137,5.800000190734863,5.900000095367432,33070
2023-08-18,5.800000190734863,5.800000190734863,6.0,5.699999809265137,5.699999809265137,26940
2023-08-21,5.599999904632568,5.599999904632568,5.900000095367432,5.5,5.800000190734863,38240
2023-08-22,6.199999809265137,6.199999809265137,6.5,5.699999809265137,5.699999809265137,70940
2023-08-23,6.199999809265137,6.199999809265137,6.300000190734863,6.099999904632568,6.199999809265137,25170
2023-08-24,6.199999809265137,6.199999809265137,6.300000190734863,6.099999904632568,6.300000190734863,21450
2023-08-25,6.300000190734863,6.300000190734863,6.5,6.099999904632568,6.199999809265137,15560
2023-08-28,6.300000190734863,6.300000190734863,6.5,6.099999904632568,6.300000190734863,20210
2023-08-29,6.199999809265137,6.199999809265137,6.5,6.099999904632568,6.099999904632568,20280
2023-08-30,6.699999809265137,6.699999809265137,6.800000190734863,6.099999904632568,6.099999904632568,37340
2023-08-31,6.400000095367432,6.400000095367432,7.0,6.300000190734863,6.599999904632568,42930
2023-09-01,6.300000190734863,6.300000190734863,6.599999904632568,6.300000190734863,6.599999904632568,38640
2023-09-05,5.800000190734863,5.800000190734863,6.300000190734863,5.800000190734863,6.300000190734863,37180
2023-09-06,5.5,5.5,5.900000095367432,5.400000095367432,5.800000190734863,66620
2023-09-07,4.800000190734863,4.800000190734863,5.400000095367432,4.800000190734863,5.400000095367432,129750
2023-09-08,5.0,5.0,5.199999809265137,4.800000190734863,5.0,59580
2023-09-11,4.599999904632568,4.599999904632568,5.0,4.5,4.800000190734863,112320
2023-09-12,4.900000095367432,4.900000095367432,5.099999904632568,4.599999904632568,4.699999809265137,50080
2023-09-13,4.599999904632568,4.599999904632568,5.0,4.599999904632568,5.0,56360
2023-09-14,4.699999809265137,4.699999809265137,5.0,4.599999904632568,4.699999809265137,61870
2023-09-15,4.400000095367432,4.400000095367432,4.800000190734863,4.400000095367432,4.699999809265137,142860
2023-09-18,4.099999904632568,4.099999904632568,4.599999904632568,4.099999904632568,4.5,114280
2023-09-19,4.0,4.0,4.400000095367432,3.9000000953674316,4.199999809265137,85970
2023-09-20,4.199999809265137,4.199999809265137,4.599999904632568,4.0,4.0,86440
2023-09-21,4.0,4.0,4.300000190734863,3.9000000953674316,4.199999809265137,72360
2023-09-22,4.0,4.0,4.099999904632568,3.9000000953674316,4.099999904632568,42570
2023-09-25,3.9000000953674316,3.9000000953674316,4.199999809265137,3.9000000953674316,4.0,26480
2023-09-26,3.9000000953674316,3.9000000953674316,4.099999904632568,3.9000000953674316,4.0,36540
2023-09-27,4.099999904632568,4.099999904632568,4.099999904632568,3.799999952316284,3.9000000953674316,47810
2023-09-28,4.0,4.0,4.199999809265137,4.0,4.099999904632568,22260
2023-09-29,4.199999809265137,4.199999809265137,4.400000095367432,4.0,4.0,32320
2023-10-02,4.199999809265137,4.199999809265137,4.599999904632568,4.199999809265137,4.5,43590
2023-10-03,4.0,4.0,4.300000190734863,4.0,4.199999809265137,17850
2023-10-04,4.099999904632568,4.099999904632568,4.099999904632568,4.0,4.0,23110
2023-10-05,3.9000000953674316,3.9000000953674316,4.099999904632568,3.9000000953674316,4.0,26150
2023-10-06,4.099999904632568,4.099999904632568,4.400000095367432,3.9000000953674316,4.0,51760
2023-10-09,4.199999809265137,4.199999809265137,4.300000190734863,4.0,4.199999809265137,24880
2023-10-10,4.300000190734863,4.300000190734863,4.5,4.099999904632568,4.099999904632568,33350
2023-10-11,4.099999904632568,4.099999904632568,4.300000190734863,4.099999904632568,4.199999809265137,17780
2023-10-12,4.0,4.0,4.099999904632568,3.9000000953674316,4.099999904632568,48120
2023-10-13,4.0,4.0,4.099999904632568,3.799999952316284,4.0,39380
2023-10-16,3.9000000953674316,3.9000000953674316,4.099999904632568,3.9000000953674316,4.0,23610
2023-10-17,4.0,4.0,4.199999809265137,3.9000000953674316,3.9000000953674316,31860
2023-10-18,3.799999952316284,3.799999952316284,4.099999904632568,3.799999952316284,4.0,22340
2023-10-19,3.5,3.5,3.9000000953674316,3.5,3.799999952316284,67680
2023-10-20,3.5,3.5,3.5999999046325684,3.4000000953674316,3.5,37500
2023-10-23,3.5,3.5,3.5999999046325684,3.5,3.5999999046325684,23800
2023-10-24,3.4000000953674316,3.4000000953674316,3.5999999046325684,3.4000000953674316,3.5999999046325684,32760
2023-10-25,3.299999952316284,3.299999952316284,3.4000000953674316,3.200000047683716,3.4000000953674316,33100
2023-10-26,3.200000047683716,3.200000047683716,3.299999952316284,3.0999999046325684,3.299999952316284,34070
2023-10-27,3.0999999046325684,3.0999999046325684,3.200000047683716,3.0,3.0999999046325684,65520
2023-10-30,3.299999952316284,3.299999952316284,3.5,3.0999999046325684,3.0999999046325684,25370
2023-10-31,4.5,4.5,4.699999809265137,3.4000000953674316,3.5,183700
2023-11-01,4.400000095367432,4.400000095367432,4.400000095367432,4.0,4.400000095367432,76730
2023-11-02,5.199999809265137,5.199999809265137,6.0,4.199999809265137,4.300000190734863,198790
2023-11-03,3.700000047683716,3.700000047683716,4.0,3.0,3.5,344010
2023-11-06,3.4000000953674316,3.4000000953674316,3.5999999046325684,3.4000000953674316,3.5999999046325684,73200
2023-11-07,3.200000047683716,3.200000047683716,3.4000000953674316,3.0999999046325684,3.200000047683716,120420
2023-11-08,3.0999999046325684,3.0999999046325684,3.299999952316284,3.0999999046325684,3.200000047683716,56970
2023-11-09,2.799999952316284,2.799999952316284,3.0999999046325684,2.799999952316284,3.0999999046325684,109690
2023-11-10,2.5999999046325684,2.5999999046325684,2.799999952316284,2.5,2.799999952316284,134660
2023-11-13,2.5,2.5,2.799999952316284,2.5,2.5999999046325684,73970
2023-11-14,2.5999999046325684,2.5999999046325684,2.700000047683716,2.5,2.5,115280
2023-11-15,2.5999999046325684,2.5999999046325684,2.700000047683716,2.5,2.5999999046325684,71660
2023-11-16,2.5,2.5,2.700000047683716,2.5,2.700000047683716,90660
2023-11-17,2.4000000953674316,2.4000000953674316,2.5,2.4000000953674316,2.5,167810
2023-11-20,2.200000047683716,2.200000047683716,2.5,2.0999999046325684,2.4000000953674316,234120
2023-11-21,2.0,2.0,2.200000047683716,2.0,2.200000047683716,162570
2023-11-22,1.899999976158142,1.899999976158142,2.0999999046325684,1.7999999523162842,2.0,182640
2023-11-24,1.899999976158142,1.899999976158142,2.0,1.7000000476837158,1.899999976158142,98080
2023-11-27,2.299999952316284,2.299999952316284,2.4000000953674316,1.899999976158142,1.899999976158142,397690
2023-11-28,2.299999952316284,2.299999952316284,2.5,2.200000047683716,2.299999952316284,160360
2023-11-29,2.299999952316284,2.299999952316284,2.4000000953674316,2.200000047683716,2.299999952316284,81650
2023-11-30,2.200000047683716,2.200000047683716,2.299999952316284,2.200000047683716,2.299999952316284,55630
2023-12-01,2.4000000953674316,2.4000000953674316,2.4000000953674316,2.0999999046325684,2.200000047683716,97440
2023-12-04,2.5,2.5,2.700000047683716,2.4000000953674316,2.4000000953674316,79960
2023-12-05,2.4000000953674316,2.4000000953674316,2.5,2.4000000953674316,2.5,53750
2023-12-06,2.5,2.5,2.5,2.4000000953674316,2.5,31590
2023-12-07,2.4000000953674316,2.4000000953674316,2.5,2.4000000953674316,2.4000000953674316,67200
2023-12-08,2.5999999046325684,2.5999999046325684,2.5999999046325684,2.4000000953674316,2.5,57400
2023-12-11,2.5,2.5,2.5999999046325684,2.4000000953674316,2.5,64700
2023-12-12,2.299999952316284,2.299999952316284,2.5,2.299999952316284,2.4000000953674316,56120
2023-12-13,2.5,2.5,2.5,2.0,2.4000000953674316,75890
2023-12-14,2.700000047683716,2.700000047683716,2.9000000953674316,2.4000000953674316,2.5,119140
2023-12-15,2.4000000953674316,2.4000000953674316,2.799999952316284,2.4000000953674316,2.799999952316284,66770
2023-12-18,2.4000000953674316,2.4000000953674316,2.5999999046325684,2.4000000953674316,2.4000000953674316,44600
2023-12-19,2.4000000953674316,2.4000000953674316,2.5,2.299999952316284,2.4000000953674316,43270
2023-12-20,2.299999952316284,2.299999952316284,2.4000000953674316,2.200000047683716,2.4000000953674316,60920
2023-12-21,2.200000047683716,2.200000047683716,2.299999952316284,2.200000047683716,2.299999952316284,37920
2023-12-22,2.200000047683716,2.200000047683716,2.299999952316284,2.0999999046325684,2.200000047683716,67450
2023-12-26,2.200000047683716,2.200000047683716,2.5,2.200000047683716,2.200000047683716,134950
2023-12-27,2.4000000953674316,2.4000000953674316,2.5,2.200000047683716,2.299999952316284,126510
2023-12-28,2.200000047683716,2.200000047683716,2.5999999046325684,2.200000047683716,2.4000000953674316,148410
2023-12-29,2.200000047683716,2.200000047683716,2.299999952316284,2.0999999046325684,2.200000047683716,98700
2024-01-02,2.299999952316284,2.299999952316284,2.4000000953674316,2.200000047683716,2.200000047683716,39970
2024-01-03,2.200000047683716,2.200000047683716,2.299999952316284,2.0999999046325684,2.299999952316284,35080
2024-01-04,2.200000047683716,2.200000047683716,2.299999952316284,2.0999999046325684,2.200000047683716,35520
2024-01-05,2.0,2.0,2.200000047683716,2.0,2.200000047683716,61500
2024-01-08,2.200000047683716,2.200000047683716,2.200000047683716,2.0,2.0,33300
2024-01-09,2.200000047683716,2.200000047683716,2.299999952316284,2.0999999046325684,2.299999952316284,23250
2024-01-10,2.0,2.0,2.299999952316284,2.0,2.299999952316284,45260
2024-01-11,2.0,2.0,2.0999999046325684,2.0,2.0,45950
2024-01-12,1.899999976158142,1.899999976158142,2.0999999046325684,1.899999976158142,2.0999999046325684,91470
2024-01-16,1.899999976158142,1.899999976158142,1.899999976158142,1.899999976158142,1.899999976158142,90000
2024-01-17,1.7999999523162842,1.7999999523162842,1.899999976158142,1.7999999523162842,1.899999976158142,64960
2024-01-18,1.7999999523162842,1.7999999523162842,1.899999976158142,1.7999999523162842,1.899999976158142,19830
2024-01-19,1.7999999523162842,1.7999999523162842,1.7999999523162842,1.7999999523162842,1.7999999523162842,41640
2024-01-22,1.7999999523162842,1.7999999523162842,1.899999976158142,1.600000023841858,1.7999999523162842,154200
2024-01-23,1.899999976158142,1.899999976158142,2.0,1.7999999523162842,1.899999976158142,82670
2024-01-24,2.440000057220459,2.440000057220459,2.859999895095825,1.8700000047683716,1.9199999570846558,536100
2024-01-25,2.069999933242798,2.069999933242798,2.430000066757202,1.899999976158142,2.4100000858306885,239700
2024-01-26,2.299999952316284,2.299999952316284,2.299999952316284,2.0399999618530273,2.0399999618530273,137600
2024-01-29,2.380000114440918,2.380000114440918,2.380000114440918,2.119999885559082,2.3299999237060547,146800
2024-01-30,2.2799999713897705,2.2799999713897705,2.4100000858306885,2.25,2.2899999618530273,113800
2024-01-31,2.190000057220459,2.190000057220459,2.3499999046325684,2.180000066757202,2.2899999618530273,54900
2024-02-01,2.2200000286102295,2.2200000286102295,2.259999990463257,2.0999999046325684,2.200000047683716,32900
2024-02-02,2.3299999237060547,2.3299999237060547,2.3499999046325684,2.1500000953674316,2.2200000286102295,69800
2024-02-05,2.569999933242798,2.569999933242798,2.5799999237060547,2.2200000286102295,2.299999952316284,91600
2024-02-06,2.619999885559082,2.619999885559082,2.690000057220459,2.5199999809265137,2.5199999809265137,84400
2024-02-07,2.559999942779541,2.559999942779541,2.6500000953674316,2.5199999809265137,2.630000114440918,66500
2024-02-08,2.5299999713897705,2.5299999713897705,2.640000104904175,2.319999933242798,2.549999952316284,71100
2024-02-09,2.609999895095825,2.609999895095825,2.740000009536743,2.5199999809265137,2.5199999809265137,75500
2024-02-12,2.859999895095825,2.859999895095825,3.0999999046325684,2.6600000858306885,2.6700000762939453,131400
2024-02-13,2.5999999046325684,2.5999999046325684,2.8499999046325684,2.5399999618530273,2.8399999141693115,104500
2024-02-14,2.880000114440918,2.880000114440918,3.0,2.609999895095825,2.640000104904175,57600
2024-02-15,3.609999895095825,3.609999895095825,3.7200000286102295,2.890000104904175,2.890000104904175,221100
2024-02-16,3.390000104904175,3.390000104904175,3.740000009536743,3.25,3.680000066757202,128100
2024-02-20,3.319999933242798,3.319999933242798,3.440000057220459,3.0999999046325684,3.3299999237060547,87900
2024-02-21,3.130000114440918,3.130000114440918,3.299999952316284,3.0999999046325684,3.2200000286102295,45700
2024-02-22,2.740000009536743,2.740000009536743,3.259999990463257,2.680000066757202,3.1700000762939453,139400
2024-02-23,2.259999990463257,2.259999990463257,2.7200000286102295,2.0799999237060547,2.619999885559082,167700
2024-02-26,2.0899999141693115,2.0899999141693115,2.309999942779541,2.0899999141693115,2.2699999809265137,85000
2024-02-27,2.200000047683716,2.200000047683716,2.2699999809265137,2.130000114440918,2.190000057220459,92700
2024-02-28,2.2300000190734863,2.2300000190734863,2.390000104904175,2.1500000953674316,2.2200000286102295,101500
2024-02-29,3.0399999618530273,3.0399999618530273,3.259999990463257,2.369999885559082,2.4100000858306885,542400
2024-03-01,3.3299999237060547,3.3299999237060547,3.4600000381469727,2.9000000953674316,3.0999999046325684,184400
2024-03-04,3.2200000286102295,3.2200000286102295,3.490000009536743,3.200000047683716,3.359999895095825,101600
2024-03-05,2.890000104904175,2.890000104904175,3.2100000381469727,2.8399999141693115,3.200000047683716,81700
2024-03-06,2.7100000381469727,2.7100000381469727,2.9200000762939453,2.5999999046325684,2.8399999141693115,80300
2024-03-07,3.0299999713897705,3.0299999713897705,3.2699999809265137,2.740000009536743,2.740000009536743,123900
2024-03-08,3.509999990463257,3.509999990463257,3.630000114440918,3.0199999809265137,3.0199999809265137,197600
2024-03-11,3.390000104904175,3.390000104904175,3.6500000953674316,3.390000104904175,3.549999952316284,108000
2024-03-12,3.0899999141693115,3.0899999141693115,3.430000066757202,3.0199999809265137,3.4100000858306885,112400
2024-03-13,3.0199999809265137,3.0199999809265137,3.3299999237060547,3.0,3.0899999141693115,34500
2024-03-14,2.7899999618530273,2.7899999618530273,3.0999999046325684,2.75,3.009999990463257,180600
2024-03-15,2.859999895095825,2.859999895095825,2.940000057220459,2.700000047683716,2.759999990463257,87600
2024-03-18,2.8399999141693115,2.8399999141693115,2.990000009536743,2.809999942779541,2.9100000858306885,85900
2024-03-19,2.9000000953674316,2.9000000953674316,2.940000057220459,2.7799999713897705,2.7799999713897705,115600
2024-03-20,3.0399999618530273,3.0399999618530273,3.049999952316284,2.9000000953674316,2.9000000953674316,26500
2024-03-21,3.1600000858306885,3.1600000858306885,3.240000009536743,3.0399999618530273,3.059999942779541,50900
2024-03-22,2.9700000286102295,2.9700000286102295,3.119999885559082,2.880000114440918,3.119999885559082,107100
2024-03-25,2.9200000762939453,2.9200000762939453,3.0799999237060547,2.8499999046325684,3.0,109200
2024-03-26,2.859999895095825,2.859999895095825,3.009999990463257,2.8299999237060547,2.950000047683716,79100
2024-03-27,2.859999895095825,2.859999895095825,3.0,2.799999952316284,2.869999885559082,44300
2024-03-28,2.799999952316284,2.799999952316284,3.119999885559082,2.7699999809265137,2.809999942779541,88500
2024-04-01,2.7799999713897705,2.7799999713897705,2.9000000953674316,2.7100000381469727,2.7899999618530273,101200
2024-04-02,2.7200000286102295,2.7200000286102295,2.8299999237060547,2.6500000953674316,2.75,53000
2024-04-03,2.7799999713897705,2.7799999713897705,2.799999952316284,2.6700000762939453,2.680000066757202,74800
2024-04-04,2.6700000762939453,2.6700000762939453,2.8299999237060547,2.6500000953674316,2.819999933242798,46600
2024-04-05,2.549999952316284,2.549999952316284,2.740000009536743,2.5399999618530273,2.680000066757202,40700
2024-04-08,2.700000047683716,2.700000047683716,2.740000009536743,2.5799999237060547,2.5999999046325684,45800
2024-04-09,2.640000104904175,2.640000104904175,2.8399999141693115,2.619999885559082,2.700000047683716,79600
2024-04-10,2.549999952316284,2.549999952316284,2.700000047683716,2.5399999618530273,2.549999952316284,47100
2024-04-11,2.4700000286102295,2.4700000286102295,2.5899999141693115,2.450000047683716,2.559999942779541,29200
2024-04-12,2.319999933242798,2.319999933242798,2.5799999237060547,2.309999942779541,2.5,32900
2024-04-15,2.319999933242798,2.319999933242798,2.4100000858306885,2.2899999618530273,2.309999942779541,43700
2024-04-16,2.25,2.25,2.4000000953674316,2.2200000286102295,2.299999952316284,19100
2024-04-17,2.319999933242798,2.319999933242798,2.4100000858306885,2.2899999618530273,2.2899999618530273,23100
2024-04-18,2.4200000762939453,2.4200000762939453,2.5,2.2899999618530273,2.3299999237060547,61600
2024-04-19,3.0,3.0,3.1700000762939453,2.509999990463257,2.549999952316284,330500
2024-04-22,3.0,3.0,3.130000114440918,2.9200000762939453,3.0,103700
2024-04-23,3.049999952316284,3.049999952316284,3.0999999046325684,2.930000066757202,2.9700000286102295,33800
2024-04-24,3.2300000190734863,3.2300000190734863,3.2799999713897705,3.0,3.0,77800
2024-04-25,3.5299999713897705,3.5299999713897705,3.700000047683716,3.0799999237060547,3.1500000953674316,110900
2024-04-26,3.8499999046325684,3.8499999046325684,4.199999809265137,3.5,3.5299999713897705,125300
2024-04-29,4.179999828338623,4.179999828338623,4.559999942779541,3.859999895095825,3.859999895095825,227100
2024-04-30,4.03000020980835,4.03000020980835,4.230000019073486,3.930000066757202,4.230000019073486,64800
2024-05-01,4.019999980926514,4.019999980926514,4.119999885559082,3.859999895095825,3.9800000190734863,46200
2024-05-02,4.010000228881836,4.010000228881836,4.070000171661377,3.869999885559082,4.019999980926514,24400
2024-05-03,3.6600000858306885,3.6600000858306885,4.28000020980835,3.5899999141693115,4.059999942779541,147700
2024-05-06,3.8399999141693115,3.8399999141693115,4.090000152587891,3.640000104904175,3.6600000858306885,78200
2024-05-07,3.809999942779541,3.809999942779541,3.9800000190734863,3.7100000381469727,3.9200000762939453,90500
2024-05-08,3.75,3.75,4.079999923706055,3.7100000381469727,3.890000104904175,73400
2024-05-09,3.8399999141693115,3.8399999141693115,3.9800000190734863,3.700000047683716,3.759999990463257,133900
2024-05-10,5.03000020980835,5.03000020980835,5.78000020980835,4.579999923706055,4.590000152587891,1663900
2024-05-13,5.050000190734863,5.050000190734863,5.289999961853027,4.869999885559082,5.170000076293945,215200
2024-05-14,5.230000019073486,5.230000019073486,5.590000152587891,5.039999961853027,5.099999904632568,220500
2024-05-15,5.570000171661377,5.570000171661377,5.619999885559082,5.099999904632568,5.28000020980835,110700
2024-05-16,6.429999828338623,6.429999828338623,6.539999961853027,5.5,5.630000114440918,219200
2024-05-17,7.139999866485596,7.139999866485596,7.639999866485596,6.400000095367432,6.5,441700
2024-05-20,6.110000133514404,6.110000133514404,7.630000114440918,5.929999828338623,7.110000133514404,341300
2024-05-21,6.599999904632568,6.599999904632568,6.739999771118164,6.03000020980835,6.050000190734863,199100
2024-05-22,6.739999771118164,6.739999771118164,7.309999942779541,6.599999904632568,6.730000019073486,282000
2024-05-23,6.590000152587891,6.590000152587891,7.010000228881836,6.260000228881836,6.880000114440918,163500
2024-05-24,7.5,7.5,7.630000114440918,6.659999847412109,6.659999847412109,254700
2024-05-28,8.779999732971191,8.779999732971191,8.9399995803833,7.579999923706055,7.670000076293945,364000
2024-05-29,8.550000190734863,8.550000190734863,8.989999771118164,8.180000305175781,8.800000190734863,157600
2024-05-30,9.8100004196167,9.8100004196167,10.1899995803833,8.359999656677246,8.579999923706055,454600
2024-05-31,9.65999984741211,9.65999984741211,11.170000076293945,9.460000038146973,9.859999656677246,943100
2024-06-03,8.489999771118164,8.489999771118164,9.920000076293945,8.239999771118164,9.899999618530273,458200
2024-06-04,8.319999694824219,8.319999694824219,8.859999656677246,8.020000457763672,8.399999618530273,207300
2024-06-05,7.949999809265137,7.949999809265137,8.319999694824219,7.429999828338623,8.319999694824219,201800
2024-06-06,8.539999961853027,8.539999961853027,9.0,8.0,8.0,239600
2024-06-07,7.860000133514404,7.860000133514404,8.670000076293945,7.730000019073486,8.579999923706055,319300
2024-06-10,7.929999828338623,7.929999828338623,8.050000190734863,7.420000076293945,7.989999771118164,255400
2024-06-11,7.829999923706055,7.829999923706055,8.220000267028809,7.53000020980835,7.769999980926514,193000
2024-06-12,8.3100004196167,8.3100004196167,8.600000381469727,7.840000152587891,7.929999828338623,190800
2024-06-13,9.569999694824219,9.569999694824219,9.739999771118164,8.210000038146973,8.380000114440918,282900
2024-06-14,9.1899995803833,9.1899995803833,9.930000305175781,9.0600004196167,9.6899995803833,301000
2024-06-17,8.260000228881836,8.260000228881836,9.119999885559082,8.180000305175781,8.960000038146973,200900
2024-06-18,8.729999542236328,8.729999542236328,9.069999694824219,7.909999847412109,8.15999984741211,144000
2024-06-20,9.319999694824219,9.319999694824219,9.510000228881836,8.699999809265137,8.75,153800
2024-06-21,9.550000190734863,9.550000190734863,9.720000267028809,9.119999885559082,9.600000381469727,231500
2024-06-24,10.170000076293945,10.170000076293945,11.0,9.470000267028809,9.479999542236328,327900
2024-06-25,10.170000076293945,10.170000076293945,10.489999771118164,9.699999809265137,10.0600004196167,146800
2024-06-26,10.300000190734863,10.300000190734863,10.649999618530273,9.779999732971191,10.279999732971191,115400
2024-06-27,10.420000076293945,10.420000076293945,10.609999656677246,9.899999618530273,10.5,94300
2024-06-28,10.65999984741211,10.65999984741211,10.869999885559082,9.920000076293945,10.550000190734863,165100
2024-07-01,12.8100004196167,12.8100004196167,13.420000076293945,10.25,10.84000015258789,836200
2024-07-02,11.609999656677246,11.609999656677246,12.600000381469727,11.0,12.600000381469727,464800
2024-07-03,11.6899995803833,11.6899995803833,12.449999809265137,11.5600004196167,11.739999771118164,161500
2024-07-05,10.949999809265137,10.949999809265137,12.0,10.0,11.65999984741211,373800
2024-07-08,10.770000457763672,10.770000457763672,11.300000190734863,10.640000343322754,10.710000038146973,139500
2024-07-09,10.800000190734863,10.800000190734863,11.989999771118164,10.609999656677246,10.770000457763672,173500
2024-07-10,10.979999542236328,10.979999542236328,11.1899995803833,10.539999961853027,10.850000381469727,139600
2024-07-11,11.579999923706055,11.579999923706055,11.899999618530273,10.979999542236328,11.15999984741211,251100
2024-07-12,12.25,12.25,12.890000343322754,11.300000190734863,11.5600004196167,214800
2024-07-15,12.260000228881836,12.260000228881836,12.289999961853027,11.300000190734863,12.25,243200
2024-07-16,12.119999885559082,12.119999885559082,12.869999885559082,12.010000228881836,12.380000114440918,173100
2024-07-17,11.369999885559082,11.369999885559082,12.210000038146973,11.34000015258789,11.859999656677246,128300
2024-07-18,10.529999732971191,10.529999732971191,11.75,10.260000228881836,11.5,311600
2024-07-19,9.899999618530273,9.899999618530273,10.369999885559082,9.739999771118164,10.260000228881836,143700
2024-07-22,9.899999618530273,9.899999618530273,10.069999694824219,9.609999656677246,9.9399995803833,147800
2024-07-23,10.109999656677246,10.109999656677246,10.319999694824219,9.890000343322754,9.979999542236328,144100
2024-07-24,9.359999656677246,9.359999656677246,10.199999809265137,9.260000228881836,10.109999656677246,122700
2024-07-25,9.90999984741211,9.90999984741211,10.0,9.260000228881836,9.350000381469727,108900
2024-07-26,9.75,9.75,10.359999656677246,9.59000015258789,10.09000015258789,96000
2024-07-29,9.260000228881836,9.260000228881836,9.970000267028809,9.010000228881836,9.699999809265137,135200
2024-07-30,9.180000305175781,9.180000305175781,9.4399995803833,8.9399995803833,9.260000228881836,71400
2024-07-31,9.529999732971191,9.529999732971191,9.9399995803833,9.170000076293945,9.34000015258789,94400
2024-08-01,9.270000457763672,9.270000457763672,9.670000076293945,8.90999984741211,9.619999885559082,108300
2024-08-02,9.029999732971191,9.029999732971191,9.260000228881836,8.520000457763672,8.819999694824219,135900
2024-08-05,8.529999732971191,8.529999732971191,8.850000381469727,8.050000190734863,8.270000457763672,128100
2024-08-06,8.210000038146973,8.210000038146973,8.609999656677246,8.15999984741211,8.59000015258789,86600
2024-08-07,7.96999979019165,7.96999979019165,8.800000190734863,7.849999904632568,8.380000114440918,216600
2024-08-08,9.850000381469727,9.850000381469727,10.84000015258789,8.850000381469727,8.850000381469727,390000
2024-08-09,10.210000038146973,10.210000038146973,10.270000457763672,9.550000190734863,10.039999961853027,131100
2024-08-12,10.180000305175781,10.180000305175781,10.819999694824219,10.010000228881836,10.25,191200
2024-08-13,11.449999809265137,11.449999809265137,11.5,10.210000038146973,10.210000038146973,330400
2024-08-14,11.149999618530273,11.149999618530273,12.119999885559082,11.100000381469727,11.449999809265137,268600
2024-08-15,11.729999542236328,11.729999542236328,11.890000343322754,11.369999885559082,11.59000015258789,162000
2024-08-16,11.9399995803833,11.9399995803833,12.319999694824219,11.569999694824219,11.649999618530273,187500
2024-08-19,13.079999923706055,13.079999923706055,13.079999923706055,11.930000305175781,12.020000457763672,226400
2024-08-20,13.15999984741211,13.15999984741211,13.300000190734863,12.270000457763672,13.300000190734863,191500
2024-08-21,12.930000305175781,12.930000305175781,13.75,12.670000076293945,13.279999732971191,200700
2024-08-22,12.579999923706055,12.579999923706055,13.020000457763672,12.220000267028809,12.770000457763672,113100
2024-08-23,13.020000457763672,13.020000457763672,13.369999885559082,12.40999984741211,12.449999809265137,175100
2024-08-26,13.5,13.5,13.670000076293945,12.850000381469727,13.229999542236328,182800
2024-08-27,13.739999771118164,13.739999771118164,13.75,12.850000381469727,13.260000228881836,148400
2024-08-28,13.1899995803833,13.1899995803833,13.890000343322754,12.880000114440918,13.800000190734863,162100
2024-08-29,13.819999694824219,13.819999694824219,13.859999656677246,13.15999984741211,13.229999542236328,195300
2024-08-30,14.59000015258789,14.59000015258789,14.699999809265137,13.600000381469727,14.0,233400
2024-09-03,13.789999961853027,13.789999961853027,14.550000190734863,13.40999984741211,14.550000190734863,292100
2024-09-04,15.270000457763672,15.270000457763672,15.350000381469727,13.300000190734863,13.670000076293945,324000
2024-09-05,14.930000305175781,14.930000305175781,15.609999656677246,14.6899995803833,15.399999618530273,187900
2024-09-06,14.390000343322754,14.390000343322754,15.4399995803833,14.229999542236328,15.020000457763672,137300
2024-09-09,15.5600004196167,15.5600004196167,15.5600004196167,14.210000038146973,14.619999885559082,238400
2024-09-10,15.569999694824219,15.569999694824219,15.979999542236328,15.100000381469727,15.5600004196167,191000
2024-09-11,16.350000381469727,16.350000381469727,16.399999618530273,14.979999542236328,15.569999694824219,224400
2024-09-12,18.010000228881836,18.010000228881836,18.360000610351562,15.819999694824219,16.450000762939453,536700
2024-09-13,17.770000457763672,17.770000457763672,18.149999618530273,17.239999771118164,18.079999923706055,256600
2024-09-16,17.489999771118164,17.489999771118164,18.0,16.940000534057617,17.709999084472656,192400
2024-09-17,16.8700008392334,16.8700008392334,18.25,16.790000915527344,18.219999313354492,328600
2024-09-18,17.549999237060547,17.549999237060547,18.649999618530273,16.729999542236328,16.799999237060547,264500
2024-09-19,18.110000610351562,18.110000610351562,18.479999542236328,17.3799991607666,18.31999969482422,209700
2024-09-20,17.690000534057617,17.690000534057617,18.239999771118164,17.520000457763672,18.110000610351562,157800
2024-09-23,17.170000076293945,17.170000076293945,17.610000610351562,16.799999237060547,17.290000915527344,161000
2024-09-24,18.549999237060547,18.549999237060547,18.8700008392334,16.920000076293945,17.299999237060547,230200
2024-09-25,18.209999084472656,18.209999084472656,19.040000915527344,18.06999969482422,18.5,176800
2024-09-26,17.709999084472656,17.709999084472656,18.899999618530273,17.579999923706055,18.639999389648438,149100
2024-09-27,17.489999771118164,17.489999771118164,17.81999969482422,16.920000076293945,17.75,189400
2024-09-30,16.329999923706055,16.329999923706055,17.829999923706055,15.819999694824219,17.530000686645508,268200
2024-10-01,16.06999969482422,16.06999969482422,16.520000457763672,15.920000076293945,16.309999465942383,121100
2024-10-02,16.200000762939453,16.200000762939453,16.610000610351562,15.3100004196167,15.829999923706055,127100
2024-10-03,16.059999465942383,16.059999465942383,16.360000610351562,15.65999984741211,16.09000015258789,80100
2024-10-04,16.479999542236328,16.479999542236328,16.510000228881836,15.649999618530273,16.200000762939453,135600
2024-10-07,16.610000610351562,16.610000610351562,16.719999313354492,16.1299991607666,16.399999618530273,106900
2024-10-08,17.559999465942383,17.559999465942383,17.600000381469727,16.25,16.600000381469727,163100
2024-10-09,19.200000762939453,19.200000762939453,19.649999618530273,17.40999984741211,17.709999084472656,311200
2024-10-10,18.81999969482422,18.81999969482422,19.100000381469727,18.299999237060547,19.06999969482422,155100
2024-10-11,19.540000915527344,19.540000915527344,19.969999313354492,18.829999923706055,18.959999084472656,181300
2024-10-14,18.719999313354492,18.719999313354492,19.579999923706055,18.530000686645508,19.530000686645508,155700
2024-10-15,18.459999084472656,18.459999084472656,18.760000228881836,18.229999542236328,18.530000686645508,127400
2024-10-16,19.6299991607666,19.6299991607666,20.670000076293945,18.309999465942383,18.549999237060547,266700
2024-10-17,19.68000030517578,19.68000030517578,19.739999771118164,18.829999923706055,19.739999771118164,160700
2024-10-18,19.309999465942383,19.309999465942383,20.5,18.610000610351562,19.959999084472656,208100
2024-10-21,19.670000076293945,19.670000076293945,19.670000076293945,19.06999969482422,19.3799991607666,93900
2024-10-22,19.520000457763672,19.520000457763672,20.079999923706055,19.399999618530273,19.579999923706055,69400
2024-10-23,19.260000228881836,19.260000228881836,19.739999771118164,18.790000915527344,19.549999237060547,110000
2024-10-24,19.739999771118164,19.739999771118164,19.860000610351562,19.06999969482422,19.399999618530273,96900
2024-10-25,19.639999389648438,19.639999389648438,20.3700008392334,19.540000915527344,19.770000457763672,135800
2024-10-28,19.84000015258789,19.84000015258789,20.309999465942383,19.65999984741211,19.770000457763672,141800
2024-10-29,17.959999084472656,17.959999084472656,20.110000610351562,17.8700008392334,19.809999465942383,251500
2024-10-30,17.649999618530273,17.649999618530273,18.40999984741211,17.59000015258789,17.780000686645508,165100
2024-10-31,16.84000015258789,16.84000015258789,17.450000762939453,16.1200008392334,17.450000762939453,335600
2024-11-01,17.3799991607666,17.3799991607666,17.420000076293945,16.700000762939453,16.860000610351562,136500
2024-11-04,16.639999389648438,16.639999389648438,17.309999465942383,16.520000457763672,17.110000610351562,122100
2024-11-05,17.049999237060547,17.049999237060547,17.540000915527344,16.6299991607666,16.6299991607666,166500
2024-11-06,16.280000686645508,16.280000686645508,17.479999542236328,16.110000610351562,17.479999542236328,203700
2024-11-07,17.059999465942383,17.059999465942383,17.389999389648438,16.100000381469727,16.5,271000
2024-11-08,18.200000762939453,18.200000762939453,18.510000228881836,16.75,17.059999465942383,238100
2024-11-11,19.65999984741211,19.65999984741211,19.75,17.709999084472656,18.5,216000
2024-11-12,18.15999984741211,18.15999984741211,19.739999771118164,18.049999237060547,19.729999542236328,352200
2024-11-13,10.829999923706055,10.829999923706055,13.949999809265137,10.520000457763672,13.600000381469727,1583400
2024-11-14,12.3100004196167,12.3100004196167,13.119999885559082,11.399999618530273,11.4399995803833,909700
2024-11-15,11.880000114440918,11.880000114440918,12.800000190734863,11.550000190734863,11.819999694824219,360000
2024-11-18,12.84000015258789,12.84000015258789,13.479999542236328,12.199999809265137,12.199999809265137,416000
2024-11-19,12.8100004196167,12.8100004196167,13.239999771118164,12.5,12.779999732971191,241500
2024-11-20,12.420000076293945,12.420000076293945,12.84000015258789,12.25,12.800000190734863,193700
2024-11-21,12.210000038146973,12.210000038146973,12.600000381469727,11.899999618530273,12.420000076293945,197000
2024-11-22,12.170000076293945,12.170000076293945,12.569999694824219,12.029999732971191,12.260000228881836,126000
2024-11-25,12.59000015258789,12.59000015258789,12.829999923706055,11.680000305175781,12.029999732971191,251800
2024-11-26,12.239999771118164,12.239999771118164,12.779999732971191,12.109999656677246,12.489999771118164,144300
2024-11-27,11.979999542236328,11.979999542236328,12.579999923706055,11.819999694824219,12.4399995803833,136600
2024-11-29,11.9399995803833,11.9399995803833,12.420000076293945,11.9399995803833,12.029999732971191,86000
2024-12-02,12.289999961853027,12.289999961853027,12.640000343322754,11.979999542236328,11.979999542236328,276100
2024-12-03,12.729999542236328,12.729999542236328,12.960000038146973,11.880000114440918,12.239999771118164,237500
2024-12-04,12.319999694824219,12.319999694824219,12.829999923706055,12.069999694824219,12.699999809265137,147200
2024-12-05,11.039999961853027,11.039999961853027,12.130000114440918,10.930000305175781,12.100000381469727,278600
2024-12-06,10.989999771118164,10.989999771118164,11.319999694824219,10.84000015258789,10.90999984741211,173600
2024-12-09,10.449999809265137,10.449999809265137,11.0600004196167,10.390000343322754,10.970000267028809,185800
2024-12-10,10.609999656677246,10.609999656677246,10.800000190734863,10.260000228881836,10.329999923706055,143800
2024-12-11,10.930000305175781,10.930000305175781,11.09000015258789,10.359999656677246,10.649999618530273,108400
2024-12-12,11.210000038146973,11.210000038146973,11.5,10.800000190734863,10.869999885559082,122900
2024-12-13,10.949999809265137,10.949999809265137,11.399999618530273,10.859999656677246,11.229999542236328,92900
2024-12-16,11.119999885559082,11.119999885559082,11.1899995803833,10.680000305175781,10.680000305175781,124600
2024-12-17,11.010000228881836,11.010000228881836,11.079999923706055,10.770000457763672,10.989999771118164,109400
2024-12-18,11.180000305175781,11.180000305175781,11.869999885559082,11.039999961853027,11.039999961853027,229400
2024-12-19,10.880000114440918,10.880000114440918,11.720000267028809,10.869999885559082,11.010000228881836,163600
2024-12-20,10.8100004196167,10.8100004196167,11.069999694824219,10.5600004196167,10.5600004196167,255900
2024-12-23,10.279999732971191,10.279999732971191,10.789999961853027,10.180000305175781,10.699999809265137,153900
