Date,Close,High,Low,Open,Volume
2015-04-09,77.83999633789062,92.12000274658203,73.5,91.0,110679
2015-04-10,74.05999755859375,81.76000213623047,70.41999816894531,78.68000030517578,16393
2015-04-13,70.55999755859375,74.19999694824219,70.13999938964844,72.66000366210938,8807
2015-04-14,74.62000274658203,77.0,70.13999938964844,70.27999877929688,3829
2015-04-15,78.54000091552734,83.16000366210938,75.45999908447266,75.45999908447266,16171
2015-04-16,75.45999908447266,82.31999969482422,75.31999969482422,80.36000061035156,24650
2015-04-17,85.26000213623047,90.58000183105469,73.63999938964844,79.80000305175781,13179
2015-04-20,102.62000274658203,110.31999969482422,82.5999984741211,90.16000366210938,24621
2015-04-21,103.5999984741211,122.77999877929688,96.04000091552734,104.72000122070312,43471
2015-04-22,98.27999877929688,103.87999725341797,91.0,96.5999984741211,10200
2015-04-23,105.83999633789062,111.0199966430664,99.4000015258789,99.4000015258789,13529
2015-04-24,104.30000305175781,110.5999984741211,99.4000015258789,110.5999984741211,4629
2015-04-27,95.9000015258789,107.37999725341797,91.69999694824219,107.37999725341797,10329
2015-04-28,81.76000213623047,95.19999694824219,80.5,94.5,9893
2015-04-29,72.80000305175781,84.0,70.41999816894531,82.31999969482422,10264
2015-04-30,70.55999755859375,75.73999786376953,65.5199966430664,70.0,8671
2015-05-01,75.87999725341797,76.86000061035156,70.83999633789062,70.83999633789062,2336
2015-05-04,83.86000061035156,89.18000030517578,80.63999938964844,84.27999877929688,13564
2015-05-05,82.18000030517578,91.13999938964844,77.83999633789062,84.27999877929688,21236
2015-05-06,77.69999694824219,86.8280029296875,74.9000015258789,82.04000091552734,5300
2015-05-07,79.80000305175781,83.86000061035156,73.91999816894531,78.26000213623047,7129
2015-05-08,83.44000244140625,84.0,76.74800109863281,77.13999938964844,6936
2015-05-11,82.18000030517578,84.0,78.26000213623047,84.0,5071
2015-05-12,91.83999633789062,93.94000244140625,79.80000305175781,79.80000305175781,16179
2015-05-13,97.58000183105469,97.72000122070312,90.44000244140625,92.54000091552734,7236
2015-05-14,101.36000061035156,101.91999816894531,94.36000061035156,98.9800033569336,6829
2015-05-15,107.80000305175781,109.76000213623047,101.5,101.5,14986
2015-05-18,106.54000091552734,112.69999694824219,102.76000213623047,109.33999633789062,17729
2015-05-19,100.23999786376953,109.31199645996094,98.13999938964844,107.0999984741211,10543
2015-05-20,103.04000091552734,104.72000122070312,91.41999816894531,98.9800033569336,3207
2015-05-21,105.13999938964844,106.68000030517578,100.23999786376953,103.18000030517578,3421
2015-05-22,105.55999755859375,107.80000305175781,103.04000091552734,104.58000183105469,2836
2015-05-26,105.0,106.4000015258789,100.18399810791016,105.27999877929688,7829
2015-05-27,100.80000305175781,106.4000015258789,98.85399627685547,104.72000122070312,2079
2015-05-28,104.44000244140625,106.4000015258789,98.9800033569336,98.9800033569336,1171
2015-05-29,104.86000061035156,106.37200164794922,98.69999694824219,103.31999969482422,4871
2015-06-01,105.0,113.95999908447266,103.73999786376953,113.4000015258789,22343
2015-06-02,107.80000305175781,112.0,104.30000305175781,104.30000305175781,3600
2015-06-03,111.58000183105469,113.81999969482422,105.83999633789062,106.81999969482422,11521
2015-06-04,118.44000244140625,120.12000274658203,108.5,111.30000305175781,7779
2015-06-05,123.19999694824219,125.58000183105469,115.5,118.72000122070312,6421
2015-06-08,126.55999755859375,129.10800170898438,119.91000366210938,121.0999984741211,10043
2015-06-09,124.5999984741211,126.55999755859375,119.9800033569336,126.0,9350
2015-06-10,124.45999908447266,127.4000015258789,119.41999816894531,124.45999908447266,19143
2015-06-11,123.19999694824219,126.27999877929688,122.36000061035156,123.76000213623047,5914
2015-06-12,123.05999755859375,124.54399871826172,121.37999725341797,122.22000122070312,3564
2015-06-15,121.94000244140625,124.25,121.0999984741211,121.80000305175781,6250
2015-06-16,121.5199966430664,122.91999816894531,120.4000015258789,121.23999786376953,5393
2015-06-17,116.9000015258789,124.31999969482422,112.41999816894531,121.37999725341797,7036
2015-06-18,119.69999694824219,123.33999633789062,112.69999694824219,116.62000274658203,12964
2015-06-19,107.94000244140625,123.9000015258789,107.80000305175781,118.72000122070312,21357
2015-06-22,113.95999908447266,114.5199966430664,110.45999908447266,110.45999908447266,6457
2015-06-23,101.77999877929688,116.9000015258789,99.68000030517578,116.9000015258789,11093
2015-06-24,99.81999969482422,102.76000213623047,94.56999969482422,100.23999786376953,6314
2015-06-25,94.77999877929688,104.86000061035156,89.5999984741211,104.86000061035156,11757
2015-06-26,97.58000183105469,98.0,90.30000305175781,94.22000122070312,108993
2015-06-29,99.4000015258789,101.22000122070312,93.37999725341797,96.45999908447266,7314
2015-06-30,100.0999984741211,101.77999877929688,96.18000030517578,98.69999694824219,3143
2015-07-01,99.12000274658203,103.18000030517578,94.08000183105469,103.18000030517578,6271
2015-07-02,92.54000091552734,98.55999755859375,88.19999694824219,98.55999755859375,6186
2015-07-06,100.23999786376953,102.05999755859375,91.0,91.0,5907
2015-07-07,100.80000305175781,103.5999984741211,97.86000061035156,99.81999969482422,2300
2015-07-08,99.12000274658203,103.31999969482422,88.9000015258789,91.81199645996094,2486
2015-07-09,97.30000305175781,101.91999816894531,92.4000015258789,100.5199966430664,3421
2015-07-10,101.63999938964844,102.76000213623047,93.37999725341797,98.27999877929688,3557
2015-07-13,99.54000091552734,102.76000213623047,96.5999984741211,101.77999877929688,4379
2015-07-14,102.19999694824219,102.33999633789062,95.4800033569336,98.83999633789062,3493
2015-07-15,99.26000213623047,101.77999877929688,96.87999725341797,101.5,2493
2015-07-16,99.81999969482422,100.23999786376953,94.5,98.55999755859375,5129
2015-07-17,109.9000015258789,110.45999908447266,95.08799743652344,99.54000091552734,6679
2015-07-20,101.22000122070312,109.9000015258789,100.0999984741211,109.62000274658203,8007
2015-07-21,104.30000305175781,105.27999877929688,97.86000061035156,101.22000122070312,1264
2015-07-22,106.81999969482422,108.08000183105469,102.19999694824219,103.5999984741211,1386
2015-07-23,104.58000183105469,112.41999816894531,96.87999725341797,106.26000213623047,3700
2015-07-24,96.45999908447266,105.83999633789062,96.18000030517578,105.27999877929688,5393
2015-07-27,96.31999969482422,100.23999786376953,91.13999938964844,96.31999969482422,7414
2015-07-28,102.05999755859375,105.83999633789062,89.04000091552734,96.31999969482422,4536
2015-07-29,100.5199966430664,105.0,95.4800033569336,101.36000061035156,3693
2015-07-30,98.27999877929688,105.13999938964844,93.23999786376953,99.68000030517578,6371
2015-07-31,96.73999786376953,104.86000061035156,93.66000366210938,99.12000274658203,4836
2015-08-03,96.73999786376953,98.0,93.23999786376953,96.45999908447266,1864
2015-08-04,95.76000213623047,98.13999938964844,94.08000183105469,96.31999969482422,4950
2015-08-05,95.33999633789062,98.41999816894531,93.23999786376953,96.5999984741211,4879
2015-08-06,91.9800033569336,96.5999984741211,90.58000183105469,94.63999938964844,3807
2015-08-07,91.69999694824219,93.0999984741211,89.87999725341797,91.55999755859375,2114
2015-08-10,92.26000213623047,94.91999816894531,87.63999938964844,91.41999816894531,2293
2015-08-11,90.72000122070312,93.7300033569336,89.87999725341797,92.4000015258789,2479
2015-08-12,86.80000305175781,91.83999633789062,86.80000305175781,88.76000213623047,3593
2015-08-13,87.5,94.08000183105469,87.08000183105469,89.31999969482422,2000
2015-08-14,87.91999816894531,93.0999984741211,87.22000122070312,87.91999816894531,6071
2015-08-17,90.44000244140625,93.94000244140625,87.22000122070312,87.36000061035156,2543
2015-08-18,91.41999816894531,94.5,89.73999786376953,89.73999786376953,2486
2015-08-19,93.80000305175781,94.91999816894531,87.22000122070312,90.58000183105469,6557
2015-08-20,93.37999725341797,99.12000274658203,92.47000122070312,92.81999969482422,4243
2015-08-21,88.05999755859375,94.36000061035156,87.91999816894531,90.30000305175781,3679
2015-08-24,77.0,86.66000366210938,77.0,85.26000213623047,9179
2015-08-25,70.27999877929688,80.77999877929688,70.0,79.37999725341797,3879
2015-08-26,75.04000091552734,79.0999984741211,71.68000030517578,71.95999908447266,2293
2015-08-27,71.26000213623047,77.27999877929688,70.13999938964844,75.5999984741211,7314
2015-08-28,75.31999969482422,76.58000183105469,70.13999938964844,70.13999938964844,4843
2015-08-31,76.0199966430664,79.64600372314453,72.80000305175781,79.5199966430664,1229
2015-09-01,71.12000274658203,77.05599975585938,70.41999816894531,73.63999938964844,2086
2015-09-02,66.91999816894531,71.95999908447266,65.37999725341797,71.95999908447266,4286
2015-09-03,69.86000061035156,77.0,57.400001525878906,66.63999938964844,17964
2015-09-04,74.76000213623047,75.87999725341797,68.5999984741211,68.73999786376953,4943
2015-09-08,79.80000305175781,80.36000061035156,74.19999694824219,75.87999725341797,2807
2015-09-09,73.5,80.22000122070312,71.68000030517578,80.22000122070312,2829
2015-09-10,71.95999908447266,74.4800033569336,70.41999816894531,73.36000061035156,2257
2015-09-11,73.77999877929688,74.9000015258789,71.26000213623047,71.26000213623047,3114
2015-09-14,74.19999694824219,75.5999984741211,73.36000061035156,73.5,771
2015-09-15,70.83999633789062,75.31999969482422,70.13999938964844,74.33999633789062,7507
2015-09-16,70.0,71.54000091552734,68.5999984741211,70.13999938964844,1779
2015-09-17,70.83999633789062,73.5,70.0,70.0,2529
2015-09-18,70.83999633789062,72.94000244140625,67.19999694824219,69.58000183105469,3950
2015-09-21,68.5999984741211,72.66000366210938,68.04000091552734,71.95999908447266,5214
2015-09-22,69.44000244140625,71.81999969482422,65.0999984741211,68.5999984741211,4407
2015-09-23,68.04000091552734,69.58000183105469,66.77999877929688,69.58000183105469,1250
2015-09-24,65.5199966430664,68.04000091552734,61.880001068115234,68.04000091552734,8507
2015-09-25,60.619998931884766,67.62000274658203,60.619998931884766,66.22000122070312,7129
2015-09-28,55.15999984741211,61.040000915527344,52.08000183105469,60.34000015258789,9114
2015-09-29,52.08000183105469,57.540000915527344,50.540000915527344,55.02000045776367,12114
2015-09-30,49.97999954223633,56.0,47.880001068115234,51.380001068115234,5107
2015-10-01,48.58000183105469,50.119998931884766,45.91999816894531,49.70000076293945,4479
2015-10-02,57.2599983215332,57.400001525878906,49.279998779296875,49.279998779296875,9250
2015-10-05,60.060001373291016,66.34600067138672,57.2599983215332,58.380001068115234,6629
2015-10-06,57.400001525878906,60.7599983215332,54.040000915527344,60.47999954223633,3893
2015-10-07,59.91999816894531,60.7599983215332,56.0,57.400001525878906,5164
2015-10-08,60.47999954223633,61.18000030517578,57.400001525878906,59.91999816894531,3300
2015-10-09,57.68000030517578,63.13999938964844,57.400001525878906,63.13999938964844,1657
2015-10-12,57.540000915527344,59.5,54.599998474121094,58.380001068115234,4486
2015-10-13,54.040000915527344,58.099998474121094,54.040000915527344,57.540000915527344,2050
2015-10-14,53.060001373291016,56.84000015258789,50.959999084472656,54.459999084472656,1714
2015-10-15,55.29999923706055,55.439998626708984,51.52000045776367,52.220001220703125,2871
2015-10-16,55.15999984741211,56.13999938964844,53.34000015258789,55.58000183105469,1664
2015-10-19,53.060001373291016,57.119998931884766,52.5,53.060001373291016,993
2015-10-20,50.540000915527344,54.040000915527344,49.0,53.47999954223633,2179
2015-10-21,48.439998626708984,51.099998474121094,48.29999923706055,51.099998474121094,1086
2015-10-22,47.880001068115234,49.279998779296875,46.20000076293945,49.279998779296875,829
2015-10-23,46.34000015258789,52.220001220703125,46.20000076293945,48.720001220703125,2850
2015-10-26,46.7599983215332,49.70000076293945,44.79999923706055,46.34000015258789,3129
2015-10-27,46.20000076293945,47.599998474121094,44.939998626708984,45.779998779296875,7293
2015-10-28,47.880001068115234,48.02000045776367,45.220001220703125,46.060001373291016,2429
2015-10-29,50.119998931884766,51.099998474121094,46.20000076293945,48.15999984741211,7543
2015-10-30,50.400001525878906,51.099998474121094,47.7400016784668,50.119998931884766,1607
2015-11-02,56.13999938964844,57.119998931884766,50.400001525878906,50.400001525878906,2136
2015-11-03,56.97999954223633,59.36000061035156,49.279998779296875,56.0,1529
2015-11-04,63.97999954223633,65.0999984741211,57.400001525878906,57.400001525878906,6629
2015-11-05,65.94000244140625,67.4800033569336,63.60200119018555,64.4000015258789,2086
2015-11-06,64.68000030517578,66.5,63.0,65.23999786376953,1771
2015-11-09,64.95999908447266,67.19999694824219,63.70000076293945,63.84000015258789,1179
2015-11-10,59.08000183105469,65.37999725341797,58.380001068115234,65.37999725341797,1936
2015-11-11,57.540000915527344,61.18000030517578,51.2400016784668,59.5,3764
2015-11-12,55.86000061035156,63.70000076293945,55.58000183105469,57.400001525878906,4550
2015-11-13,55.720001220703125,60.060001373291016,55.439998626708984,55.439998626708984,1643
2015-11-16,53.900001525878906,56.0,52.91999816894531,56.0,2371
2015-11-17,52.08000183105469,54.459999084472656,51.2400016784668,54.040000915527344,1543
2015-11-18,51.65999984741211,53.7599983215332,50.68000030517578,52.63999938964844,1693
2015-11-19,50.81999969482422,52.5,48.720001220703125,51.380001068115234,807
2015-11-20,49.70000076293945,53.20000076293945,49.279998779296875,51.2400016784668,3564
2015-11-23,49.41999816894531,51.79999923706055,48.439998626708984,49.13999938964844,3400
2015-11-24,48.86000061035156,52.5,47.880001068115234,48.86000061035156,3479
2015-11-25,51.939998626708984,53.060001373291016,49.0,49.13999938964844,4093
2015-11-27,53.34000015258789,53.900001525878906,51.939998626708984,52.220001220703125,907
2015-11-30,55.86000061035156,57.81999969482422,53.619998931884766,53.619998931884766,4186
2015-12-01,56.97999954223633,56.97999954223633,54.599998474121094,56.41999816894531,2071
2015-12-02,54.599998474121094,57.959999084472656,52.63999938964844,56.70000076293945,2929
2015-12-03,50.81999969482422,55.720001220703125,50.81999969482422,55.720001220703125,2886
2015-12-04,50.2599983215332,51.099998474121094,49.47600173950195,50.81999969482422,1157
2015-12-07,49.279998779296875,53.619998931884766,48.720001220703125,50.81999969482422,3079
2015-12-08,45.63999938964844,54.31999969482422,45.5,52.91999816894531,1321
2015-12-09,45.779998779296875,46.900001525878906,45.220001220703125,45.220001220703125,700
2015-12-10,46.619998931884766,47.8380012512207,46.20000076293945,47.599998474121094,2050
2015-12-11,43.81999969482422,47.18000030517578,43.540000915527344,45.5,2650
2015-12-14,39.47999954223633,45.36000061035156,39.20000076293945,44.79999923706055,2536
2015-12-15,45.36000061035156,46.060001373291016,39.20000076293945,40.599998474121094,4221
2015-12-16,46.900001525878906,47.880001068115234,41.46799850463867,45.08000183105469,2329
2015-12-17,45.91999816894531,46.5359992980957,42.70000076293945,44.52000045776367,2464
2015-12-18,47.31999969482422,49.560001373291016,45.63999938964844,45.63999938964844,3214
2015-12-21,47.459999084472656,49.13999938964844,46.060001373291016,47.459999084472656,1479
2015-12-22,46.7599983215332,48.02000045776367,45.56999969482422,46.900001525878906,3193
2015-12-23,48.439998626708984,50.119998931884766,46.7599983215332,47.880001068115234,5993
2015-12-24,50.2599983215332,50.959999084472656,47.459999084472656,48.58000183105469,1386
2015-12-28,50.400001525878906,54.459999084472656,50.400001525878906,50.81999969482422,3600
2015-12-29,51.2400016784668,52.08000183105469,48.86000061035156,50.959999084472656,2207
2015-12-30,52.779998779296875,53.7599983215332,50.119998931884766,51.380001068115234,2207
2015-12-31,50.68000030517578,53.060001373291016,50.68000030517578,52.779998779296875,3714
2016-01-04,46.619998931884766,51.099998474121094,45.220001220703125,50.2599983215332,4293
2016-01-05,46.7599983215332,47.18000030517578,45.849998474121094,46.47999954223633,3464
2016-01-06,45.63999938964844,46.619998931884766,45.220001220703125,45.91999816894531,2293
2016-01-07,43.2599983215332,45.08000183105469,42.70000076293945,43.68000030517578,2521
2016-01-08,41.15999984741211,44.099998474121094,40.599998474121094,43.68000030517578,6114
2016-01-11,33.7400016784668,41.29999923706055,30.239999771118164,41.29999923706055,5171
2016-01-12,30.100000381469727,33.7400016784668,29.68000030517578,33.7400016784668,4507
2016-01-13,29.1200008392334,31.360000610351562,28.0,30.100000381469727,2671
2016-01-14,34.439998626708984,34.720001220703125,28.139999389648438,29.1200008392334,4879
2016-01-15,35.560001373291016,35.560001373291016,28.280000686645508,33.7400016784668,4614
2016-01-19,35.41999816894531,39.27000045776367,33.18000030517578,35.97999954223633,10271
2016-01-20,35.13999938964844,35.560001373291016,31.360000610351562,34.720001220703125,3371
2016-01-21,35.70000076293945,38.220001220703125,35.41999816894531,35.97999954223633,3879
2016-01-22,36.119998931884766,37.52000045776367,34.02000045776367,36.2599983215332,14207
2016-01-25,35.560001373291016,36.400001525878906,34.720001220703125,35.70000076293945,4071
2016-01-26,34.86000061035156,36.2599983215332,34.720001220703125,35.84000015258789,2043
2016-01-27,34.720001220703125,37.2400016784668,34.29999923706055,34.720001220703125,1543
2016-01-28,31.079999923706055,35.41999816894531,30.799999237060547,35.0,2029
2016-01-29,34.02000045776367,34.02000045776367,31.639999389648438,31.639999389648438,2350
2016-02-01,34.58000183105469,34.720001220703125,33.040000915527344,33.880001068115234,1121
2016-02-02,9.239999771118164,17.920000076293945,9.11400032043457,16.3799991607666,193686
2016-02-03,9.65999984741211,10.5,9.253999710083008,10.079999923706055,65979
2016-02-04,8.960000038146973,9.9399995803833,8.694000244140625,9.65999984741211,36671
2016-02-05,8.399999618530273,9.65999984741211,8.399999618530273,8.960000038146973,39000
2016-02-08,8.119999885559082,8.819999694824219,7.840000152587891,8.399999618530273,23686
2016-02-09,7.559999942779541,8.399999618530273,7.420000076293945,7.980000019073486,13157
2016-02-10,7.699999809265137,7.980000019073486,7.420000076293945,7.420000076293945,12243
2016-02-11,7.420000076293945,7.938000202178955,7.349999904632568,7.699999809265137,9557
2016-02-12,7.51800012588501,7.559999942779541,7.28000020980835,7.559999942779541,10750
2016-02-16,7.980000019073486,8.064000129699707,7.28000020980835,7.51800012588501,9379
2016-02-17,8.51200008392334,8.960000038146973,7.811999797821045,8.092000007629395,19250
2016-02-18,8.75,9.380000114440918,8.399999618530273,8.51200008392334,10471
2016-02-19,8.07800006866455,8.918000221252441,7.980000019073486,8.918000221252441,15550
2016-02-22,8.119999885559082,8.736000061035156,7.895999908447266,8.07800006866455,7836
2016-02-23,8.022000312805176,8.399999618530273,7.909999847412109,8.119999885559082,9964
2016-02-24,8.315999984741211,8.399999618530273,7.840000152587891,7.980000019073486,3371
2016-02-25,8.357999801635742,8.38599967956543,7.980000019073486,8.371999740600586,6357
2016-02-26,8.38599967956543,8.38599967956543,7.980000019073486,8.357999801635742,3493
2016-02-29,8.680000305175781,8.763999938964844,8.008000373840332,8.38599967956543,10979
2016-03-01,8.399999618530273,8.890000343322754,8.008000373840332,8.791999816894531,11879
2016-03-02,8.539999961853027,8.539999961853027,8.050000190734863,8.232000350952148,10386
2016-03-03,8.680000305175781,8.847999572753906,8.343999862670898,8.539999961853027,30129
2016-03-04,9.100000381469727,9.338000297546387,8.75,8.75,31879
2016-03-07,10.02400016784668,10.093999862670898,9.156000137329102,9.239999771118164,45121
2016-03-08,9.520000457763672,10.079999923706055,9.520000457763672,10.079999923706055,16736
2016-03-09,9.394000053405762,9.65999984741211,9.380000114440918,9.65999984741211,24279
2016-03-10,9.449999809265137,9.645999908447266,9.156000137329102,9.156000137329102,30529
2016-03-11,9.520000457763672,9.65999984741211,9.100000381469727,9.520000457763672,18779
2016-03-14,10.331999778747559,10.402000427246094,9.520000457763672,9.65999984741211,53993
2016-03-15,9.9399995803833,10.472000122070312,9.59000015258789,10.220000267028809,45514
2016-03-16,9.911999702453613,10.569999694824219,9.156000137329102,9.968000411987305,73779
2016-03-17,9.239999771118164,9.800000190734863,8.680000305175781,9.78600025177002,20393
2016-03-18,9.78600025177002,9.911999702453613,9.239999771118164,9.520000457763672,23664
2016-03-21,9.295999526977539,9.855999946594238,9.239999771118164,9.855999946594238,30229
2016-03-22,9.239999771118164,9.449999809265137,8.680000305175781,9.043999671936035,33386
2016-03-23,8.680000305175781,9.520000457763672,8.680000305175781,8.918000221252441,12893
2016-03-24,8.399999618530273,8.680000305175781,7.699999809265137,8.680000305175781,36114
2016-03-28,8.666000366210938,8.680000305175781,8.260000228881836,8.399999618530273,8321
2016-03-29,8.399999618530273,8.413999557495117,7.783999919891357,8.413999557495117,9100
2016-03-30,8.399999618530273,8.399999618530273,7.980000019073486,8.399999618530273,3443
2016-03-31,9.001999855041504,9.015999794006348,8.260000228881836,8.399999618530273,20700
2016-04-01,8.918000221252441,9.043999671936035,8.708000183105469,8.960000038146973,6929
2016-04-04,8.960000038146973,9.407999992370605,8.694000244140625,8.960000038146973,21693
2016-04-05,9.029999732971191,9.239999771118164,8.680000305175781,8.680000305175781,7886
2016-04-06,9.239999771118164,9.239999771118164,8.722000122070312,8.960000038146973,16643
2016-04-07,8.819999694824219,9.239999771118164,8.722000122070312,9.100000381469727,7386
2016-04-08,8.680000305175781,9.239999771118164,8.680000305175781,8.819999694824219,3071
2016-04-11,8.722000122070312,9.170000076293945,8.62399959564209,8.722000122070312,2650
2016-04-12,8.539999961853027,8.819999694824219,8.442000389099121,8.680000305175781,5236
2016-04-13,8.666000366210938,8.680000305175781,8.413999557495117,8.539999961853027,5493
2016-04-14,8.98799991607666,9.197999954223633,8.539999961853027,8.539999961853027,27114
2016-04-15,8.890000343322754,10.220000267028809,8.819999694824219,9.576000213623047,145214
2016-04-18,8.567999839782715,9.11400032043457,8.119999885559082,8.960000038146973,91914
2016-04-19,8.680000305175781,8.763999938964844,8.399999618530273,8.539999961853027,59043
2016-04-20,8.763999938964844,8.805999755859375,8.526000022888184,8.694000244140625,33557
2016-04-21,11.465999603271484,11.479999542236328,8.567999839782715,8.652000427246094,356329
2016-04-22,11.34000015258789,11.760000228881836,10.010000228881836,11.0600004196167,368614
2016-04-25,10.779999732971191,12.600000381469727,10.5,11.829999923706055,431343
2016-04-26,10.220000267028809,11.255999565124512,9.520000457763672,11.255999565124512,147057
2016-04-27,10.149999618530273,10.5,9.673999786376953,10.5,63336
2016-04-28,9.800000190734863,10.486000061035156,9.65999984741211,10.163999557495117,60636
2016-04-29,10.248000144958496,10.359999656677246,9.800000190734863,9.800000190734863,48514
2016-05-02,10.612000465393066,10.640000343322754,9.954000473022461,10.5,32250
2016-05-03,11.045999526977539,11.732000350952148,10.612000465393066,10.640000343322754,207471
2016-05-04,10.359999656677246,11.619999885559082,10.303999900817871,11.0600004196167,73293
2016-05-05,10.5,10.710000038146973,10.079999923706055,10.569999694824219,41836
2016-05-06,10.430000305175781,10.640000343322754,10.163999557495117,10.640000343322754,32564
2016-05-09,10.5,10.640000343322754,10.248000144958496,10.5,23450
2016-05-10,10.317999839782715,10.444000244140625,10.079999923706055,10.079999923706055,12600
2016-05-11,10.920000076293945,11.0600004196167,10.248000144958496,10.430000305175781,50364
2016-05-12,10.359999656677246,11.479999542236328,10.26200008392334,11.0600004196167,64786
2016-05-13,10.569999694824219,10.920000076293945,10.331999778747559,10.765999794006348,16479
2016-05-16,11.199999809265137,11.550000190734863,10.513999938964844,10.779999732971191,73850
2016-05-17,15.119999885559082,15.119999885559082,11.199999809265137,11.199999809265137,568871
2016-05-18,12.319999694824219,15.960000038146973,11.479999542236328,14.140000343322754,457193
2016-05-19,12.039999961853027,12.949999809265137,11.53600025177002,12.586000442504883,78100
2016-05-20,13.173999786376953,13.859999656677246,11.633999824523926,11.899999618530273,163286
2016-05-23,14.0,14.279999732971191,12.432000160217285,12.838000297546387,67629
2016-05-24,14.0,15.119999885559082,13.173999786376953,14.84000015258789,133171
2016-05-25,15.399999618530273,17.219999313354492,14.168000221252441,14.420000076293945,466950
2016-05-26,13.649999618530273,16.3799991607666,13.300000190734863,16.100000381469727,143143
2016-05-27,14.84000015258789,15.119999885559082,13.15999984741211,13.720000267028809,68871
2016-05-31,15.399999618530273,16.65999984741211,14.279999732971191,14.84000015258789,94757
2016-06-01,14.979999542236328,15.819999694824219,14.5600004196167,15.539999961853027,43986
2016-06-02,15.119999885559082,16.799999237060547,14.574000358581543,14.699999809265137,126043
2016-06-03,19.31999969482422,20.020000457763672,14.979999542236328,15.119999885559082,485829
2016-06-06,17.5,19.18000030517578,16.030000686645508,19.18000030517578,218329
2016-06-07,17.920000076293945,18.760000228881836,16.239999771118164,17.5,85250
2016-06-08,18.200000762939453,18.899999618530273,17.079999923706055,17.639999389648438,72479
2016-06-09,17.360000610351562,18.899999618530273,16.799999237060547,17.780000686645508,65764
2016-06-10,15.819999694824219,17.360000610351562,15.119999885559082,17.219999313354492,87779
2016-06-13,17.219999313354492,17.360000610351562,15.680000305175781,15.680000305175781,97129
2016-06-14,15.960000038146973,17.5,15.260000228881836,17.5,64879
2016-06-15,10.989999771118164,18.059999465942383,10.5,18.059999465942383,370093
2016-06-16,10.444000244140625,11.619999885559082,9.267999649047852,10.779999732971191,210643
2016-06-17,10.178000450134277,11.34000015258789,9.82800006866455,11.031999588012695,64707
2016-06-20,9.65999984741211,10.892000198364258,9.281999588012695,10.892000198364258,77936
2016-06-21,9.65999984741211,10.079999923706055,9.11400032043457,9.673999786376953,53264
2016-06-22,9.729999542236328,10.359999656677246,9.170000076293945,9.800000190734863,53200
2016-06-23,10.793999671936035,11.479999542236328,9.729999542236328,9.729999542236328,110471
2016-06-24,9.673999786376953,10.430000305175781,9.65999984741211,10.430000305175781,158386
2016-06-27,8.581999778747559,9.673999786376953,8.553999900817871,9.65999984741211,73729
2016-06-28,8.973999977111816,9.239999771118164,8.680000305175781,8.960000038146973,23379
2016-06-29,9.673999786376953,9.9399995803833,8.862000465393066,9.366000175476074,27064
2016-06-30,9.281999588012695,9.800000190734863,9.100000381469727,9.673999786376953,14050
2016-07-01,9.604000091552734,9.800000190734863,9.295999526977539,9.380000114440918,18936
2016-07-05,9.645999908447266,9.9399995803833,9.477999687194824,9.65999984741211,16579
2016-07-06,9.477999687194824,9.9399995803833,9.477999687194824,9.477999687194824,13957
2016-07-07,9.142000198364258,9.800000190734863,9.100000381469727,9.520000457763672,19843
2016-07-08,9.380000114440918,9.631999969482422,8.819999694824219,9.100000381469727,8221
2016-07-11,9.324000358581543,9.65999984741211,9.100000381469727,9.65999984741211,9714
2016-07-12,9.128000259399414,9.449999809265137,8.932000160217285,9.170000076293945,15964
2016-07-13,9.239999771118164,9.65999984741211,9.100000381469727,9.239999771118164,6864
2016-07-14,9.029999732971191,9.520000457763672,8.960000038146973,9.239999771118164,8421
2016-07-15,9.211999893188477,9.239999771118164,8.98799991607666,9.239999771118164,3036
2016-07-18,8.932000160217285,9.239999771118164,8.819999694824219,9.100000381469727,7000
2016-07-19,8.1899995803833,9.057999610900879,8.119999885559082,8.694000244140625,25143
2016-07-20,8.595999717712402,8.680000305175781,7.99399995803833,8.539999961853027,18593
2016-07-21,8.581999778747559,9.100000381469727,8.399999618530273,8.736000061035156,8564
2016-07-22,8.442000389099121,8.680000305175781,8.119999885559082,8.119999885559082,6043
2016-07-25,8.218000411987305,8.399999618530273,8.1899995803833,8.260000228881836,4993
2016-07-26,8.064000129699707,8.27400016784668,7.99399995803833,8.119999885559082,12286
2016-07-27,8.092000007629395,8.539999961853027,7.99399995803833,8.260000228881836,12779
2016-07-28,8.119999885559082,8.399999618530273,7.980000019073486,8.260000228881836,4707
2016-07-29,7.573999881744385,8.399999618530273,7.559999942779541,8.399999618530273,31914
2016-08-01,7.420000076293945,7.699999809265137,7.308000087738037,7.699999809265137,23079
2016-08-02,7.0,7.699999809265137,6.860000133514404,7.406000137329102,26093
2016-08-03,7.420000076293945,7.699999809265137,6.789999961853027,6.789999961853027,53136
2016-08-04,7.406000137329102,7.811999797821045,7.363999843597412,7.699999809265137,11750
2016-08-05,7.349999904632568,7.769999980926514,7.322000026702881,7.699999809265137,28250
2016-08-08,7.182000160217285,7.699999809265137,7.041999816894531,7.308000087738037,23000
2016-08-09,7.139999866485596,7.699999809265137,7.070000171661377,7.699999809265137,13193
2016-08-10,7.0279998779296875,7.28000020980835,7.0,7.28000020980835,13157
2016-08-11,7.28000020980835,7.28000020980835,6.860000133514404,7.0,27071
2016-08-12,7.23799991607666,7.420000076293945,7.0,7.0,5400
2016-08-15,7.308000087738037,7.559999942779541,7.139999866485596,7.139999866485596,23093
2016-08-16,7.406000137329102,7.630000114440918,7.168000221252441,7.420000076293945,20900
2016-08-17,8.232000350952148,9.100000381469727,7.406000137329102,7.840000152587891,220871
2016-08-18,7.909999847412109,8.260000228881836,7.699999809265137,8.161999702453613,46771
2016-08-19,7.559999942779541,7.909999847412109,7.47599983215332,7.909999847412109,33400
2016-08-22,7.980000019073486,8.119999885559082,7.420000076293945,7.811999797821045,81586
2016-08-23,8.064000129699707,9.100000381469727,7.840000152587891,8.260000228881836,215050
2016-08-24,7.461999893188477,8.105999946594238,7.420000076293945,8.050000190734863,62050
2016-08-25,7.420000076293945,7.699999809265137,7.28000020980835,7.489999771118164,32336
2016-08-26,6.943999767303467,7.559999942779541,6.929999828338623,7.559999942779541,34186
2016-08-29,6.929999828338623,7.28000020980835,6.929999828338623,7.139999866485596,23293
2016-08-30,6.71999979019165,7.111999988555908,6.71999979019165,6.874000072479248,23993
2016-08-31,6.565999984741211,6.860000133514404,6.510000228881836,6.860000133514404,16664
2016-09-01,6.71999979019165,6.789999961853027,6.440000057220459,6.579999923706055,26457
2016-09-02,6.789999961853027,7.0,6.622000217437744,6.71999979019165,17436
2016-09-06,6.552000045776367,6.860000133514404,6.440000057220459,6.860000133514404,19493
2016-09-07,6.300000190734863,6.607999801635742,6.300000190734863,6.565999984741211,23614
2016-09-08,6.202000141143799,6.579999923706055,6.159999847412109,6.369999885559082,29593
2016-09-09,6.314000129699707,6.383999824523926,6.159999847412109,6.173999786376953,17800
2016-09-12,6.48199987411499,6.579999923706055,6.159999847412109,6.285999774932861,5100
2016-09-13,6.300000190734863,6.48199987411499,6.173999786376953,6.48199987411499,10171
2016-09-14,6.369999885559082,6.48199987411499,6.188000202178955,6.188000202178955,5150
2016-09-15,6.4679999351501465,6.860000133514404,6.300000190734863,6.300000190734863,8557
2016-09-16,6.817999839782715,6.8460001945495605,6.300000190734863,6.300000190734863,11043
2016-09-19,6.76200008392334,7.111999988555908,6.453999996185303,6.817999839782715,15664
2016-09-20,6.860000133514404,7.0,6.71999979019165,6.71999979019165,9357
2016-09-21,6.593999862670898,6.817999839782715,6.579999923706055,6.776000022888184,7850
2016-09-22,6.789999961853027,6.9019999504089355,6.593999862670898,6.593999862670898,10493
2016-09-23,6.9720001220703125,7.139999866485596,6.734000205993652,7.0,36036
2016-09-26,6.691999912261963,7.125999927520752,6.664000034332275,7.125999927520752,12693
2016-09-27,6.3420000076293945,6.860000133514404,6.300000190734863,6.860000133514404,15793
2016-09-28,6.314000129699707,6.734000205993652,6.300000190734863,6.440000057220459,9164
2016-09-29,6.300000190734863,6.705999851226807,6.300000190734863,6.328000068664551,4607
2016-09-30,6.453999996185303,6.565999984741211,6.271999835968018,6.271999835968018,7743
2016-10-03,6.271999835968018,6.579999923706055,6.188000202178955,6.579999923706055,11950
2016-10-04,6.510000228881836,6.705999851226807,6.159999847412109,6.230000019073486,16493
2016-10-05,6.9720001220703125,7.0,6.71999979019165,6.71999979019165,43457
2016-10-06,7.559999942779541,7.980000019073486,6.677999973297119,7.0,76571
2016-10-07,7.28000020980835,7.980000019073486,6.71999979019165,7.980000019073486,38886
2016-10-10,7.013999938964844,7.644000053405762,6.860000133514404,7.139999866485596,30636
2016-10-11,6.9720001220703125,7.210000038146973,6.860000133514404,7.041999816894531,9743
2016-10-12,6.453999996185303,7.070000171661377,6.453999996185303,6.929999828338623,16500
2016-10-13,6.71999979019165,7.041999816894531,6.579999923706055,6.622000217437744,15221
2016-10-14,6.495999813079834,6.860000133514404,6.440000057220459,6.71999979019165,14300
2016-10-17,6.860000133514404,7.0,6.314000129699707,6.440000057220459,20157
2016-10-18,6.748000144958496,7.0,6.71999979019165,7.0,4743
2016-10-19,7.056000232696533,7.084000110626221,6.650000095367432,6.734000205993652,18643
2016-10-20,7.139999866485596,7.616000175476074,7.013999938964844,7.28000020980835,37143
2016-10-21,7.0,7.559999942779541,6.9720001220703125,7.546000003814697,8793
2016-10-24,7.28000020980835,7.559999942779541,6.860000133514404,7.041999816894531,32221
2016-10-25,7.0,7.559999942779541,6.860000133514404,7.559999942779541,21757
2016-10-26,6.789999961853027,7.406000137329102,6.789999961853027,6.789999961853027,7593
2016-10-27,6.958000183105469,7.28000020980835,6.789999961853027,7.28000020980835,6193
2016-10-28,7.125999927520752,7.139999866485596,6.789999961853027,7.139999866485596,15471
2016-10-31,7.335999965667725,7.559999942779541,7.0,7.349999904632568,40821
2016-11-01,7.125999927520752,7.28000020980835,7.0,7.265999794006348,13007
2016-11-02,7.23799991607666,7.23799991607666,6.8460001945495605,7.125999927520752,17729
2016-11-03,7.013999938964844,7.840000152587891,6.958000183105469,7.559999942779541,33864
2016-11-04,7.013999938964844,7.28000020980835,7.0,7.013999938964844,11229
2016-11-07,7.28000020980835,7.699999809265137,7.28000020980835,7.28000020980835,28550
2016-11-08,7.139999866485596,7.573999881744385,7.0279998779296875,7.559999942779541,9286
2016-11-09,7.139999866485596,7.559999942779541,7.0,7.0,9150
2016-11-10,7.28000020980835,7.546000003814697,7.0,7.139999866485596,19829
2016-11-11,7.070000171661377,7.420000076293945,7.070000171661377,7.28000020980835,9579
2016-11-14,8.260000228881836,8.539999961853027,7.139999866485596,7.139999866485596,78814
2016-11-15,8.246000289916992,9.100000381469727,7.881999969482422,8.133999824523926,72821
2016-11-16,7.909999847412109,8.680000305175781,7.546000003814697,8.38599967956543,32514
2016-11-17,7.854000091552734,8.371999740600586,7.559999942779541,7.811999797821045,15779
2016-11-18,9.631999969482422,10.065999984741211,7.980000019073486,8.14799976348877,234743
2016-11-21,9.505999565124512,10.079999923706055,9.100000381469727,9.800000190734863,86964
2016-11-22,8.390000343322754,8.779999732971191,6.539999961853027,7.78000020980835,288500
2016-11-23,8.380000114440918,10.050000190734863,8.069999694824219,8.307999610900879,85000
2016-11-25,10.100000381469727,10.649999618530273,8.800000190734863,8.899999618530273,281900
2016-11-28,10.210000038146973,10.569999694824219,9.699999809265137,10.100000381469727,114400
2016-11-29,9.3100004196167,10.210000038146973,9.050000190734863,9.850000381469727,34600
2016-11-30,8.1899995803833,8.600000381469727,8.0,8.399999618530273,56100
2016-12-01,7.980000019073486,8.329999923706055,7.659999847412109,8.0,28800
2016-12-02,7.599999904632568,8.112000465393066,7.400000095367432,7.769999980926514,31000
2016-12-05,7.460999965667725,7.550000190734863,7.059999942779541,7.5,20200
2016-12-06,8.0,9.079999923706055,7.414000034332275,7.760000228881836,21000
2016-12-07,7.610000133514404,7.881999969482422,7.510000228881836,7.670000076293945,13100
2016-12-08,7.159999847412109,7.710999965667725,7.110000133514404,7.599999904632568,25100
2016-12-09,7.300000190734863,7.309999942779541,7.0,7.070000171661377,18500
2016-12-12,6.980000019073486,7.119999885559082,6.690000057220459,7.119999885559082,20300
2016-12-13,6.710000038146973,7.03000020980835,6.400000095367432,6.800000190734863,25400
2016-12-14,6.320000171661377,6.96999979019165,6.127999782562256,6.714000225067139,22200
2016-12-15,7.550000190734863,7.690000057220459,6.185999870300293,6.400000095367432,132000
2016-12-16,7.380000114440918,8.14799976348877,7.0,8.069999694824219,57100
2016-12-19,6.909999847412109,7.28000020980835,6.789999961853027,7.28000020980835,18500
2016-12-20,6.53000020980835,6.980000019073486,6.409999847412109,6.869999885559082,24700
2016-12-21,6.150000095367432,6.590000152587891,6.090000152587891,6.510000228881836,24800
2016-12-22,6.349999904632568,6.449999809265137,6.130000114440918,6.150000095367432,17000
2016-12-23,6.379000186920166,6.400000095367432,6.199999809265137,6.260000228881836,5100
2016-12-27,7.179999828338623,7.539999961853027,6.309999942779541,6.5,98900
2016-12-28,7.199999809265137,7.28000020980835,6.690000057220459,7.099999904632568,14800
2016-12-29,6.739999771118164,7.579999923706055,6.510000228881836,7.380000114440918,13800
2016-12-30,7.070000171661377,7.070000171661377,6.559999942779541,6.559999942779541,13800
2017-01-03,6.800000190734863,7.070000171661377,6.559999942779541,7.070000171661377,40800
2017-01-04,6.639999866485596,6.8460001945495605,6.579999923706055,6.760000228881836,79200
2017-01-05,6.71999979019165,6.840000152587891,6.619999885559082,6.645999908447266,33900
2017-01-06,7.449999809265137,7.538000106811523,6.5,6.947000026702881,94000
2017-01-09,7.710000038146973,8.270000457763672,7.019999980926514,7.539999961853027,114200
2017-01-10,8.460000038146973,9.392999649047852,7.0,7.71999979019165,183000
2017-01-11,7.78000020980835,8.949999809265137,7.510000228881836,8.770000457763672,97500
2017-01-12,7.699999809265137,8.289999961853027,7.35099983215332,7.730000019073486,93700
2017-01-13,7.610000133514404,8.069999694824219,7.540999889373779,7.695000171661377,35200
2017-01-17,7.599999904632568,8.151000022888184,7.171000003814697,7.760000228881836,110500
2017-01-18,7.369999885559082,7.760000228881836,7.186999797821045,7.699999809265137,28000
2017-01-19,7.190000057220459,7.429999828338623,7.110000133514404,7.429999828338623,29900
2017-01-20,7.300000190734863,7.989999771118164,6.822999954223633,7.300000190734863,99500
2017-01-23,7.340000152587891,7.714000225067139,6.927999973297119,7.210000038146973,125800
2017-01-24,7.360000133514404,7.5,7.230000019073486,7.258999824523926,45300
2017-01-25,7.349999904632568,7.480000019073486,6.927000045776367,7.480000019073486,22600
2017-01-26,7.159999847412109,7.570000171661377,6.989999771118164,7.400000095367432,66600
2017-01-27,7.110000133514404,7.139999866485596,6.900000095367432,7.130000114440918,29100
2017-01-30,6.829999923706055,7.059999942779541,6.75,7.059999942779541,43600
2017-01-31,7.03000020980835,7.25,6.590000152587891,6.800000190734863,39300
2017-02-01,6.940000057220459,7.190000057220459,6.860000133514404,7.03000020980835,43500
2017-02-02,7.349999904632568,7.440000057220459,6.760000228881836,6.980000019073486,56800
2017-02-03,7.309999942779541,7.638999938964844,7.0,7.03000020980835,73900
2017-02-06,7.170000076293945,7.495999813079834,7.119999885559082,7.309999942779541,26700
2017-02-07,7.039999961853027,7.489999771118164,6.900000095367432,7.159999847412109,45500
2017-02-08,6.960000038146973,7.110000133514404,6.883999824523926,6.940000057220459,21900
2017-02-09,7.130000114440918,7.360000133514404,6.880000114440918,7.050000190734863,62100
2017-02-10,7.039999961853027,7.230000019073486,6.909999847412109,7.099999904632568,8100
2017-02-13,7.039999961853027,7.190000057220459,6.989999771118164,6.989999771118164,10100
2017-02-14,7.460000038146973,7.860000133514404,7.0,7.0,148200
2017-02-15,7.809999942779541,7.980000019073486,7.460000038146973,7.460000038146973,73700
2017-02-16,7.630000114440918,7.960999965667725,7.438000202178955,7.960999965667725,38500
2017-02-17,7.510000228881836,7.679999828338623,7.260000228881836,7.550000190734863,15100
2017-02-21,7.170000076293945,7.650000095367432,6.909999847412109,7.429999828338623,23200
2017-02-22,7.079999923706055,7.260000228881836,6.909999847412109,7.0,24900
2017-02-23,6.739999771118164,6.999000072479248,6.550000190734863,6.920000076293945,46400
2017-02-24,6.949999809265137,7.0,6.199999809265137,6.53000020980835,59000
2017-02-27,7.400000095367432,7.559999942779541,6.559999942779541,6.559999942779541,60500
2017-02-28,7.329999923706055,7.340000152587891,7.059999942779541,7.340000152587891,17100
2017-03-01,7.320000171661377,7.789999961853027,7.169000148773193,7.539999961853027,87000
2017-03-02,7.480000019073486,7.760000228881836,7.081999778747559,7.230000019073486,44600
2017-03-03,7.360000133514404,7.630000114440918,7.289999961853027,7.400000095367432,8900
2017-03-06,7.769999980926514,7.800000190734863,7.230000019073486,7.440000057220459,49900
2017-03-07,8.300000190734863,8.550000190734863,7.699999809265137,7.820000171661377,121400
2017-03-08,7.909999847412109,8.4399995803833,7.909999847412109,8.210000038146973,28300
2017-03-09,8.130000114440918,8.25,7.949999809265137,8.192999839782715,34900
2017-03-10,8.050000190734863,8.239999771118164,7.949999809265137,8.09000015258789,22100
2017-03-13,8.510000228881836,8.739999771118164,7.949999809265137,7.949999809265137,33000
2017-03-14,8.350000381469727,8.680000305175781,7.98799991607666,8.350000381469727,17300
2017-03-15,8.34000015258789,8.53499984741211,8.130000114440918,8.350000381469727,15200
2017-03-16,8.260000228881836,8.479999542236328,8.119999885559082,8.119999885559082,14400
2017-03-17,8.5,8.529999732971191,8.027999877929688,8.199999809265137,165900
2017-03-20,8.289999961853027,8.600000381469727,8.079999923706055,8.40999984741211,30700
2017-03-21,8.260000228881836,8.317000389099121,7.949999809265137,8.317000389099121,42500
2017-03-22,8.010000228881836,8.260000228881836,7.989999771118164,8.100000381469727,11800
2017-03-23,7.880000114440918,7.960000038146973,7.230000019073486,7.900000095367432,14000
2017-03-24,7.5320000648498535,7.880000114440918,7.480999946594238,7.880000114440918,11800
2017-03-27,7.650000095367432,7.78000020980835,7.190000057220459,7.559999942779541,15800
2017-03-28,7.46999979019165,7.599999904632568,7.269999980926514,7.429999828338623,7000
2017-03-29,7.599999904632568,7.619999885559082,7.340000152587891,7.340000152587891,6800
2017-03-30,7.340000152587891,7.699999809265137,7.320000171661377,7.699999809265137,6800
2017-03-31,7.809999942779541,8.140000343322754,7.710000038146973,7.800000190734863,26300
2017-04-03,7.659999847412109,8.0,7.400000095367432,8.0,10700
2017-04-04,7.670000076293945,7.679999828338623,7.478000164031982,7.679999828338623,8100
2017-04-05,7.619999885559082,7.739999771118164,7.454999923706055,7.650000095367432,5500
2017-04-06,7.619999885559082,7.619999885559082,7.234000205993652,7.559999942779541,5300
2017-04-07,7.5,7.5,7.5,7.5,600
2017-04-10,7.550000190734863,7.550000190734863,7.340000152587891,7.400000095367432,3000
2017-04-11,7.400000095367432,7.510000228881836,7.326000213623047,7.510000228881836,2300
2017-04-12,7.369999885559082,7.369999885559082,7.150000095367432,7.300000190734863,7000
2017-04-13,7.320000171661377,7.376999855041504,7.110000133514404,7.110000133514404,4400
2017-04-17,7.130000114440918,7.216000080108643,7.130000114440918,7.190000057220459,3500
2017-04-18,6.829999923706055,7.150000095367432,6.620999813079834,7.150000095367432,13400
2017-04-19,6.900000095367432,6.90500020980835,6.552999973297119,6.699999809265137,5800
2017-04-20,6.949999809265137,6.949999809265137,6.889999866485596,6.929999828338623,2800
2017-04-21,7.079999923706055,7.079999923706055,6.880000114440918,6.949999809265137,10100
2017-04-24,7.0,7.070000171661377,6.8979997634887695,7.070000171661377,700
2017-04-25,7.059999942779541,7.059999942779541,6.659999847412109,6.929999828338623,25500
2017-04-26,7.5,7.6620001792907715,6.920000076293945,6.920000076293945,46500
2017-04-27,7.730000019073486,8.369000434875488,7.289999961853027,7.559999942779541,75600
2017-04-28,7.488999843597412,8.170000076293945,7.440000057220459,7.690000057220459,32400
2017-05-01,7.25,7.46999979019165,7.239999771118164,7.46999979019165,9800
2017-05-02,7.25,7.275000095367432,7.159999847412109,7.159999847412109,6400
2017-05-03,7.0,7.260000228881836,6.920000076293945,7.260000228881836,12600
2017-05-04,7.21999979019165,7.335000038146973,7.019999980926514,7.170000076293945,14400
2017-05-05,7.139999866485596,7.315000057220459,7.110000133514404,7.139999866485596,14600
2017-05-08,7.070000171661377,7.480000019073486,7.070000171661377,7.480000019073486,13300
2017-05-09,7.25,7.400000095367432,7.119999885559082,7.400000095367432,17200
2017-05-10,7.340000152587891,7.349999904632568,7.090000152587891,7.25,9200
2017-05-11,7.260000228881836,7.260000228881836,7.059999942779541,7.21999979019165,3000
2017-05-12,7.28000020980835,7.349999904632568,7.110000133514404,7.159999847412109,12000
2017-05-15,7.28000020980835,7.28000020980835,7.28000020980835,7.28000020980835,0
2017-05-16,7.340000152587891,7.429999828338623,7.230000019073486,7.420000076293945,1500
2017-05-17,6.949999809265137,7.133999824523926,6.909999847412109,7.133999824523926,7000
2017-05-18,7.0,7.135000228881836,6.841000080108643,6.841000080108643,9400
2017-05-19,7.0,7.284999847412109,6.96999979019165,6.96999979019165,3000
2017-05-22,7.090000152587891,7.25,6.820000171661377,7.25,6100
2017-05-23,6.920000076293945,7.059999942779541,6.920000076293945,7.039999961853027,2800
2017-05-24,6.980000019073486,7.03000020980835,6.949999809265137,6.949999809265137,3500
2017-05-25,7.074999809265137,7.190000057220459,6.974999904632568,7.059999942779541,5400
2017-05-26,7.25,7.269999980926514,7.25,7.269999980926514,700
2017-05-30,7.119999885559082,7.139999866485596,6.880000114440918,6.980000019073486,7800
2017-05-31,7.28000020980835,7.28000020980835,7.190000057220459,7.190000057220459,1200
2017-06-01,7.510000228881836,7.739999771118164,7.309999942779541,7.340000152587891,3500
2017-06-02,7.5,7.510000228881836,7.5,7.5,5300
2017-06-05,7.699999809265137,7.75,7.210000038146973,7.210000038146973,2400
2017-06-06,7.5,7.590000152587891,7.130000114440918,7.590000152587891,3200
2017-06-07,7.909999847412109,7.909999847412109,7.420000076293945,7.699999809265137,3500
2017-06-08,7.800000190734863,7.920000076293945,7.639999866485596,7.920000076293945,4500
2017-06-09,7.829999923706055,7.84499979019165,7.709000110626221,7.75,2200
2017-06-12,7.860000133514404,8.0,7.699999809265137,7.699999809265137,3000
2017-06-13,7.824999809265137,7.940000057220459,7.824999809265137,7.940000057220459,1000
2017-06-14,7.677999973297119,7.677999973297119,7.389999866485596,7.46999979019165,2100
2017-06-15,7.550000190734863,7.748000144958496,7.550000190734863,7.590000152587891,1300
2017-06-16,7.559999942779541,7.559999942779541,7.409999847412109,7.548999786376953,3400
2017-06-19,7.420000076293945,7.420000076293945,7.269999980926514,7.317999839782715,900
2017-06-20,7.5,7.5,7.409999847412109,7.409999847412109,1900
2017-06-21,7.129000186920166,7.710000038146973,6.880000114440918,7.5,14800
2017-06-22,7.590000152587891,7.590000152587891,7.409999847412109,7.420000076293945,4000
2017-06-23,7.760000228881836,8.1899995803833,7.429999828338623,7.46999979019165,5500
2017-06-26,7.550000190734863,7.550000190734863,6.920000076293945,7.171000003814697,5100
2017-06-27,7.349999904632568,7.5,7.190000057220459,7.440000057220459,12000
2017-06-28,7.309999942779541,7.5,7.197000026702881,7.28000020980835,12100
2017-06-29,7.249000072479248,7.449999809265137,7.244999885559082,7.25,2800
2017-06-30,7.360000133514404,7.360000133514404,7.360000133514404,7.360000133514404,200
2017-07-03,7.090000152587891,7.300000190734863,7.090000152587891,7.300000190734863,400
2017-07-05,7.090000152587891,7.184999942779541,6.9710001945495605,6.9710001945495605,3100
2017-07-06,7.119999885559082,7.199999809265137,7.060999870300293,7.199999809265137,2700
2017-07-07,7.150000095367432,7.25,7.061999797821045,7.190000057220459,2500
2017-07-10,7.328999996185303,7.328999996185303,7.0,7.070000171661377,8100
2017-07-11,7.360000133514404,7.400000095367432,7.199999809265137,7.2769999504089355,3100
2017-07-12,7.791999816894531,7.949999809265137,7.329999923706055,7.329999923706055,16300
2017-07-13,7.46999979019165,7.699999809265137,7.460000038146973,7.639999866485596,3200
2017-07-14,7.670000076293945,7.690000057220459,7.25,7.400000095367432,4700
2017-07-17,7.46999979019165,7.889999866485596,7.46999979019165,7.690000057220459,14200
2017-07-18,7.579999923706055,7.579999923706055,7.269000053405762,7.269000053405762,2900
2017-07-19,7.210000038146973,7.372000217437744,7.1570000648498535,7.372000217437744,3200
2017-07-20,7.320000171661377,7.329999923706055,7.199999809265137,7.329999923706055,1200
2017-07-21,7.230000019073486,7.230000019073486,7.230000019073486,7.230000019073486,600
2017-07-24,7.359000205993652,7.420000076293945,7.263000011444092,7.263000011444092,7000
2017-07-25,7.230000019073486,7.539999961853027,7.230000019073486,7.340000152587891,3800
2017-07-26,7.349999904632568,7.380000114440918,7.239999771118164,7.239999771118164,6400
2017-07-27,7.369999885559082,7.692999839782715,7.300000190734863,7.400000095367432,11900
2017-07-28,7.289999961853027,7.584000110626221,7.289999961853027,7.46999979019165,5800
2017-07-31,7.239999771118164,7.28000020980835,7.010000228881836,7.210000038146973,12100
2017-08-01,7.1519999504089355,7.243000030517578,7.050000190734863,7.050000190734863,600
2017-08-02,7.110000133514404,7.340000152587891,7.01800012588501,7.150000095367432,13800
2017-08-03,7.099999904632568,7.230999946594238,7.0,7.0,1300
2017-08-04,7.25,7.75,6.929999828338623,7.064000129699707,22500
2017-08-07,7.199999809265137,7.449999809265137,7.199999809265137,7.230000019073486,4100
2017-08-08,7.199999809265137,7.480000019073486,7.110000133514404,7.480000019073486,3700
2017-08-09,6.920000076293945,7.460000038146973,6.920000076293945,7.460000038146973,2200
2017-08-10,7.010000228881836,7.010000228881836,6.71999979019165,6.869999885559082,12300
2017-08-11,7.054999828338623,7.099999904632568,7.054999828338623,7.099999904632568,600
2017-08-14,7.269999980926514,7.5,7.179999828338623,7.5,1300
2017-08-15,6.794000148773193,7.394999980926514,6.78000020980835,7.289999961853027,3100
2017-08-16,6.789999961853027,6.949999809265137,6.789999961853027,6.949999809265137,2600
2017-08-17,6.789999961853027,6.789999961853027,6.789999961853027,6.789999961853027,0
2017-08-18,6.752999782562256,6.800000190734863,6.730000019073486,6.800000190734863,2500
2017-08-21,6.409999847412109,6.699999809265137,6.2170000076293945,6.699999809265137,3600
2017-08-22,6.289999961853027,6.78000020980835,6.230000019073486,6.409999847412109,1000
2017-08-23,5.989999771118164,6.380000114440918,5.590000152587891,6.26800012588501,6900
2017-08-24,5.840000152587891,5.989999771118164,5.480000019073486,5.989999771118164,9800
2017-08-25,6.5,6.5,5.730000019073486,5.730000019073486,54700
2017-08-28,6.650000095367432,6.697000026702881,5.940000057220459,5.940000057220459,1200
2017-08-29,6.070000171661377,6.23199987411499,6.070000171661377,6.23199987411499,1800
2017-08-30,6.590000152587891,6.590000152587891,6.28000020980835,6.28000020980835,1300
2017-08-31,6.610000133514404,7.309999942779541,6.51800012588501,6.949999809265137,26200
2017-09-01,6.699999809265137,6.921999931335449,6.699999809265137,6.75,2600
2017-09-05,6.989999771118164,7.099999904632568,6.690000057220459,6.690000057220459,11800
2017-09-06,7.300000190734863,7.300000190734863,6.889999866485596,6.889999866485596,8400
2017-09-07,8.199999809265137,8.25,6.947999954223633,6.947999954223633,9200
2017-09-08,8.239999771118164,8.291999816894531,7.599999904632568,7.599999904632568,8300
2017-09-11,8.300000190734863,8.34000015258789,8.0,8.0,9900
2017-09-12,8.880000114440918,8.880000114440918,7.948999881744385,8.289999961853027,11600
2017-09-13,8.869999885559082,8.880000114440918,8.0,8.649999618530273,50700
2017-09-14,8.010000228881836,8.8100004196167,7.849999904632568,8.376999855041504,43800
2017-09-15,6.960000038146973,8.09000015258789,6.960000038146973,8.010000228881836,162600
2017-09-18,6.690000057220459,7.039999961853027,6.659999847412109,6.909999847412109,13900
2017-09-19,6.775000095367432,6.900000095367432,6.699999809265137,6.710000038146973,2500
2017-09-20,6.809999942779541,7.099999904632568,6.75,6.75,2500
2017-09-21,6.920000076293945,7.230000019073486,6.869999885559082,6.869999885559082,2800
2017-09-22,7.0,7.139999866485596,6.860000133514404,7.139999866485596,2800
2017-09-25,7.25,7.25,6.800000190734863,7.079999923706055,9800
2017-09-26,6.769999980926514,7.03000020980835,6.769999980926514,7.03000020980835,2800
2017-09-27,6.710000038146973,7.019999980926514,6.699999809265137,7.019999980926514,4000
2017-09-28,6.800000190734863,6.800000190734863,6.739999771118164,6.739999771118164,500
2017-09-29,6.730000019073486,6.739999771118164,6.650000095367432,6.739999771118164,8500
2017-10-02,6.980000019073486,6.980000019073486,6.699999809265137,6.710000038146973,1400
2017-10-03,6.800000190734863,7.0,6.800000190734863,6.840000152587891,2900
2017-10-04,6.940000057220459,7.0,6.800000190734863,6.800000190734863,7300
2017-10-05,7.03000020980835,7.03000020980835,6.880000114440918,6.880000114440918,3300
2017-10-06,7.25,7.263000011444092,7.010000228881836,7.03000020980835,2600
2017-10-09,7.349999904632568,7.447000026702881,7.052999973297119,7.25,5500
2017-10-10,10.1899995803833,15.800000190734863,9.960000038146973,15.100000381469727,3547900
2017-10-11,10.0,10.449999809265137,9.600000381469727,10.279999732971191,539600
2017-10-12,9.0600004196167,10.39900016784668,9.013999938964844,9.75,2615100
2017-10-13,9.739999771118164,10.199999809265137,9.149999618530273,9.15999984741211,442600
2017-10-16,9.470000267028809,10.399999618530273,9.289999961853027,10.399999618530273,242100
2017-10-17,9.619999885559082,10.180000305175781,9.359999656677246,10.0,239700
2017-10-18,9.430000305175781,9.779000282287598,9.09000015258789,9.680000305175781,165600
2017-10-19,9.270000457763672,9.550000190734863,8.850000381469727,9.350000381469727,99200
2017-10-20,11.260000228881836,11.5,9.550000190734863,9.579999923706055,786800
2017-10-23,13.020000457763672,14.460000038146973,11.829999923706055,11.850000381469727,1597200
2017-10-24,13.270000457763672,13.899999618530273,12.029999732971191,13.140000343322754,420300
2017-10-25,13.539999961853027,13.6899995803833,12.51099967956543,13.039999961853027,233700
2017-10-26,13.0,14.630000114440918,12.649999618530273,13.40999984741211,469100
2017-10-27,12.600000381469727,13.489999771118164,11.970000267028809,12.989999771118164,168400
2017-10-30,13.130000114440918,13.739999771118164,12.401000022888184,12.59000015258789,128400
2017-10-31,12.729999542236328,13.963000297546387,12.609999656677246,13.100000381469727,158000
2017-11-01,12.010000228881836,13.00100040435791,11.829999923706055,12.859999656677246,153000
2017-11-02,12.390000343322754,12.420000076293945,11.170000076293945,11.960000038146973,142200
2017-11-03,13.140000343322754,13.149999618530273,11.84000015258789,12.40999984741211,189800
2017-11-06,13.270000457763672,13.84000015258789,12.890000343322754,13.069999694824219,83800
2017-11-07,13.380000114440918,13.529999732971191,13.050000190734863,13.380000114440918,71000
2017-11-08,13.40999984741211,13.800000190734863,13.210000038146973,13.359999656677246,108600
2017-11-09,13.25,13.442999839782715,12.899999618530273,13.34000015258789,45100
2017-11-10,13.260000228881836,13.34000015258789,12.140000343322754,13.140000343322754,88500
2017-11-13,12.779999732971191,13.380000114440918,12.470000267028809,13.119999885559082,44200
2017-11-14,11.600000381469727,12.760000228881836,10.5,12.760000228881836,166400
2017-11-15,11.180000305175781,11.619999885559082,10.781000137329102,11.270000457763672,63500
2017-11-16,11.65999984741211,12.140000343322754,11.149999618530273,11.149999618530273,41400
2017-11-17,11.1899995803833,11.970000267028809,11.0600004196167,11.5,40600
2017-11-20,10.8100004196167,11.416999816894531,10.619999885559082,11.130000114440918,44800
2017-11-21,11.09000015258789,11.510000228881836,10.75,10.770000457763672,128300
2017-11-22,11.100000381469727,11.449999809265137,10.680000305175781,11.0,65500
2017-11-24,10.699999809265137,11.289999961853027,10.699999809265137,11.050000190734863,29500
2017-11-27,9.75,11.125,9.529999732971191,10.75,148600
2017-11-28,9.699999809265137,9.989999771118164,9.449999809265137,9.8100004196167,127700
2017-11-29,9.329999923706055,9.850000381469727,9.319999694824219,9.670000076293945,113600
2017-11-30,9.90999984741211,10.0649995803833,9.369999885559082,9.479999542236328,86000
2017-12-01,9.300000190734863,10.050000190734863,8.876999855041504,9.979999542236328,111700
2017-12-04,9.140000343322754,9.649999618530273,9.135000228881836,9.300000190734863,63900
2017-12-05,9.079999923706055,9.770000457763672,8.989999771118164,9.149999618530273,71800
2017-12-06,9.1899995803833,9.210000038146973,8.550000190734863,9.109999656677246,131200
2017-12-07,9.630000114440918,9.779999732971191,8.930000305175781,9.119999885559082,89000
2017-12-08,10.079999923706055,10.508000373840332,9.399999618530273,9.699999809265137,96100
2017-12-11,9.75,10.479999542236328,9.47599983215332,10.100000381469727,77000
2017-12-12,9.850000381469727,10.100000381469727,9.600000381469727,9.779999732971191,52500
2017-12-13,9.989999771118164,10.170000076293945,9.640000343322754,9.640000343322754,76600
2017-12-14,9.210000038146973,10.029999732971191,9.039999961853027,10.029999732971191,190500
2017-12-15,9.510000228881836,9.760000228881836,9.109999656677246,9.210000038146973,121600
2017-12-18,8.829999923706055,9.5600004196167,8.800999641418457,9.460000038146973,137600
2017-12-19,8.760000228881836,9.0,8.699999809265137,8.965999603271484,114900
2017-12-20,8.949999809265137,9.069999694824219,8.5,8.836000442504883,159000
2017-12-21,9.050000190734863,9.140000343322754,8.760000228881836,9.079999923706055,37500
2017-12-22,9.149999618530273,9.420000076293945,8.831999778747559,8.970999717712402,40200
2017-12-26,9.5600004196167,9.680000305175781,9.050000190734863,9.050000190734863,71800
2017-12-27,10.25,10.54800033569336,9.600000381469727,9.600000381469727,204000
2017-12-28,10.010000228881836,10.489999771118164,10.0,10.25,60100
2017-12-29,9.75,10.369999885559082,9.637999534606934,10.109999656677246,75500
2018-01-02,10.210000038146973,10.329999923706055,9.4399995803833,9.600000381469727,42000
2018-01-03,10.020000457763672,10.406999588012695,9.630000114440918,10.289999961853027,54600
2018-01-04,10.550000190734863,10.729999542236328,9.567999839782715,10.0,91300
2018-01-05,10.0,10.3100004196167,9.819999694824219,10.0,81900
2018-01-08,10.029999732971191,10.109999656677246,9.859999656677246,9.949999809265137,45300
2018-01-09,10.069999694824219,10.34000015258789,9.920000076293945,10.199999809265137,28000
2018-01-10,10.050000190734863,10.09000015258789,9.90999984741211,10.079999923706055,20400
2018-01-11,9.989999771118164,10.289999961853027,9.920000076293945,10.149999618530273,37200
2018-01-12,10.010000228881836,10.25,9.925000190734863,10.020000457763672,58600
2018-01-16,10.069999694824219,10.109999656677246,9.710000038146973,10.050999641418457,72300
2018-01-17,10.279999732971191,10.399999618530273,10.069999694824219,10.100000381469727,17100
2018-01-18,10.5600004196167,10.880000114440918,10.34000015258789,10.392999649047852,38100
2018-01-19,11.229999542236328,11.720000267028809,10.699999809265137,10.850000381469727,92000
2018-01-22,12.1899995803833,12.899999618530273,11.359999656677246,11.649999618530273,201200
2018-01-23,12.289999961853027,12.515999794006348,12.0,12.510000228881836,43400
2018-01-24,11.90999984741211,12.449999809265137,11.279999732971191,12.449999809265137,63700
2018-01-25,12.350000381469727,12.350000381469727,11.579999923706055,11.97599983215332,25500
2018-01-26,11.850000381469727,12.5,11.850000381469727,12.479999542236328,42100
2018-01-29,11.40999984741211,11.920000076293945,11.229999542236328,11.84000015258789,32600
2018-01-30,11.09000015258789,11.390000343322754,10.699999809265137,11.210000038146973,63900
2018-01-31,10.4399995803833,11.246999740600586,10.199999809265137,11.100000381469727,49100
2018-02-01,10.720000267028809,11.029999732971191,10.5600004196167,11.029999732971191,25800
2018-02-02,10.760000228881836,10.899999618530273,10.3100004196167,10.880000114440918,23900
2018-02-05,10.279999732971191,10.880999565124512,10.149999618530273,10.600000381469727,15600
2018-02-06,10.5,10.5,9.84000015258789,9.84000015258789,18900
2018-02-07,11.180000305175781,11.295000076293945,10.40999984741211,10.600000381469727,27800
2018-02-08,10.510000228881836,11.100000381469727,10.5,11.100000381469727,26800
2018-02-09,10.61299991607666,10.680000305175781,10.170000076293945,10.539999961853027,30600
2018-02-12,10.819999694824219,11.196999549865723,10.550000190734863,10.604999542236328,13100
2018-02-13,10.819999694824219,10.980999946594238,10.463000297546387,10.819999694824219,9700
2018-02-14,10.829999923706055,10.930000305175781,10.5,10.604999542236328,18700
2018-02-15,10.930000305175781,11.029999732971191,10.300000190734863,11.029999732971191,34300
2018-02-16,11.199999809265137,11.369999885559082,10.59000015258789,10.989999771118164,47300
2018-02-20,10.84000015258789,11.229999542236328,10.789999961853027,11.229999542236328,10300
2018-02-21,10.859999656677246,11.079999923706055,10.833000183105469,10.98799991607666,8900
2018-02-22,10.899999618530273,11.0,10.800000190734863,10.965999603271484,16900
2018-02-23,10.390000343322754,10.850000381469727,10.270000457763672,10.850000381469727,13400
2018-02-26,10.489999771118164,10.75,10.170000076293945,10.59000015258789,24600
2018-02-27,10.300000190734863,10.869999885559082,10.300000190734863,10.869999885559082,17400
2018-02-28,10.390000343322754,10.760000228881836,10.180000305175781,10.300000190734863,28300
2018-03-01,10.350000381469727,10.6899995803833,10.170000076293945,10.449999809265137,17000
2018-03-02,10.300000190734863,10.460000038146973,10.170000076293945,10.170000076293945,16800
2018-03-05,10.5,10.67300033569336,10.220000267028809,10.34000015258789,14300
2018-03-06,10.369999885559082,10.800000190734863,10.25,10.343000411987305,16600
2018-03-07,10.25,10.720000267028809,10.25,10.625,7700
2018-03-08,10.4399995803833,10.699999809265137,9.970000267028809,10.350000381469727,16600
2018-03-09,10.359999656677246,10.479000091552734,10.119999885559082,10.383000373840332,11000
2018-03-12,9.899999618530273,10.680000305175781,9.84000015258789,10.479999542236328,109500
2018-03-13,9.960000038146973,10.15999984741211,9.430000305175781,10.109999656677246,37100
2018-03-14,9.670000076293945,10.199999809265137,9.470000267028809,10.039999961853027,30900
2018-03-15,9.220000267028809,9.680000305175781,9.130000114440918,9.649999618530273,25300
2018-03-16,10.069999694824219,10.100000381469727,9.239999771118164,9.25,48200
2018-03-19,9.649999618530273,10.25,9.5,10.09000015258789,130200
2018-03-20,10.100000381469727,10.295000076293945,9.329999923706055,9.699999809265137,147200
2018-03-21,10.300000190734863,10.430000305175781,10.100000381469727,10.140000343322754,36800
2018-03-22,10.0,10.380000114440918,9.84000015258789,10.220000267028809,43300
2018-03-23,9.649999618530273,10.050000190734863,9.600000381469727,9.9399995803833,33400
2018-03-26,9.470000267028809,9.770000457763672,9.149999618530273,9.649999618530273,37900
2018-03-27,9.25,9.770000457763672,9.170000076293945,9.550000190734863,21000
2018-03-28,9.359999656677246,9.75,9.0,9.319999694824219,97900
2018-03-29,9.479999542236328,9.5,8.800000190734863,9.449999809265137,36600
2018-04-02,9.140000343322754,9.520000457763672,8.979999542236328,9.520000457763672,23100
2018-04-03,9.020000457763672,9.40999984741211,8.880000114440918,9.010000228881836,16700
2018-04-04,9.100000381469727,9.579999923706055,8.829999923706055,9.378999710083008,33700
2018-04-05,8.869999885559082,9.670000076293945,8.859999656677246,9.670000076293945,24200
2018-04-06,9.0600004196167,9.140000343322754,8.829999923706055,8.829999923706055,19300
2018-04-09,9.069999694824219,9.3100004196167,8.890000343322754,9.0600004196167,17500
2018-04-10,9.050000190734863,9.510000228881836,8.984999656677246,9.069999694824219,14100
2018-04-11,9.1899995803833,9.352999687194824,9.142999649047852,9.142999649047852,4000
2018-04-12,9.699999809265137,9.789999961853027,9.0600004196167,9.109999656677246,20700
2018-04-13,9.289999961853027,9.609999656677246,9.220000267028809,9.407999992370605,10800
2018-04-16,9.569999694824219,9.720000267028809,9.295000076293945,9.720000267028809,5600
2018-04-17,9.520000457763672,9.670000076293945,9.170000076293945,9.303000450134277,9700
2018-04-18,9.529999732971191,9.640000343322754,9.170000076293945,9.640000343322754,23200
2018-04-19,9.220000267028809,9.635000228881836,9.170000076293945,9.515000343322754,15700
2018-04-20,9.15999984741211,9.390000343322754,9.15999984741211,9.390000343322754,11300
2018-04-23,9.350000381469727,9.40999984741211,9.15999984741211,9.210000038146973,25600
2018-04-24,9.1899995803833,9.25,9.0,9.170000076293945,12700
2018-04-25,8.859999656677246,9.239999771118164,8.848999977111816,9.229999542236328,19900
2018-04-26,8.9399995803833,9.140000343322754,8.859999656677246,8.859999656677246,11000
2018-04-27,9.430000305175781,9.430000305175781,9.039999961853027,9.199999809265137,18900
2018-04-30,9.619999885559082,9.645000457763672,9.145999908447266,9.430000305175781,22300
2018-05-01,9.84000015258789,9.84000015258789,9.699999809265137,9.75,18800
2018-05-02,9.010000228881836,9.729999542236328,9.0,9.729999542236328,28100
2018-05-03,9.100000381469727,9.229999542236328,8.949999809265137,9.039999961853027,11900
2018-05-04,9.130000114440918,9.229999542236328,9.109999656677246,9.149999618530273,2600
2018-05-07,9.199999809265137,9.241999626159668,9.0,9.241999626159668,14100
2018-05-08,8.90999984741211,9.25,8.899999618530273,9.25,17800
2018-05-09,8.979999542236328,9.020000457763672,8.909000396728516,8.909000396728516,7900
2018-05-10,8.960000038146973,9.09000015258789,8.890000343322754,9.0,5800
2018-05-11,9.020000457763672,9.130000114440918,8.824999809265137,8.960000038146973,8100
2018-05-14,8.901000022888184,9.15999984741211,8.899999618530273,9.079999923706055,18700
2018-05-15,8.920000076293945,8.960000038146973,8.8100004196167,8.8100004196167,7200
2018-05-16,8.90999984741211,9.095000267028809,8.852999687194824,8.854999542236328,11200
2018-05-17,8.850000381469727,9.020000457763672,8.659000396728516,8.970000267028809,38100
2018-05-18,8.880000114440918,8.979999542236328,8.784000396728516,8.78600025177002,16100
2018-05-21,8.779999732971191,8.994999885559082,8.75,8.994999885559082,17000
2018-05-22,8.920000076293945,9.086999893188477,8.557000160217285,8.739999771118164,25100
2018-05-23,8.859999656677246,8.979999542236328,8.850000381469727,8.850000381469727,11600
2018-05-24,8.989999771118164,8.989999771118164,8.699999809265137,8.930000305175781,6000
2018-05-25,8.850000381469727,8.979000091552734,8.5600004196167,8.895000457763672,40200
2018-05-29,8.710000038146973,8.859999656677246,8.59000015258789,8.59000015258789,9900
2018-05-30,8.399999618530273,8.845000267028809,8.399999618530273,8.845000267028809,33900
2018-05-31,8.670000076293945,8.798999786376953,8.399999618530273,8.399999618530273,11500
2018-06-01,8.489999771118164,8.817999839782715,8.399999618530273,8.600000381469727,44400
2018-06-04,8.210000038146973,8.399999618530273,8.119999885559082,8.399999618530273,15800
2018-06-05,8.75,8.829999923706055,8.295000076293945,8.295000076293945,56100
2018-06-06,8.449999809265137,8.779999732971191,8.420000076293945,8.76200008392334,33700
2018-06-07,8.270000457763672,8.520000457763672,8.119999885559082,8.350000381469727,23200
2018-06-08,8.579999923706055,8.640000343322754,8.319999694824219,8.319999694824219,10000
2018-06-11,8.199999809265137,8.630000114440918,8.170000076293945,8.529999732971191,54400
2018-06-12,8.149999618530273,8.45199966430664,8.09000015258789,8.25,32800
2018-06-13,7.940000057220459,8.288999557495117,7.920000076293945,8.010000228881836,33700
2018-06-14,7.949999809265137,8.539999961853027,7.949999809265137,8.25,38500
2018-06-15,7.860000133514404,8.0,7.826000213623047,7.96999979019165,13500
2018-06-18,7.789999961853027,8.0,7.730000019073486,7.869999885559082,54300
2018-06-19,7.880000114440918,7.949999809265137,7.78000020980835,7.789999961853027,18700
2018-06-20,8.989999771118164,9.0600004196167,7.849999904632568,7.860000133514404,85600
2018-06-21,8.529999732971191,9.010000228881836,8.380000114440918,8.90999984741211,15100
2018-06-22,8.979999542236328,9.100000381469727,8.373000144958496,8.569999694824219,41100
2018-06-25,8.479999542236328,8.979999542236328,8.25,8.739999771118164,35500
2018-06-26,8.430000305175781,8.449999809265137,8.310999870300293,8.399999618530273,19000
2018-06-27,8.119999885559082,8.371000289916992,8.0,8.350000381469727,19600
2018-06-28,8.050000190734863,8.15999984741211,7.880000114440918,8.010000228881836,12500
2018-06-29,8.119999885559082,8.251999855041504,7.935999870300293,7.989999771118164,15400
2018-07-02,8.130000114440918,8.300000190734863,8.01099967956543,8.170999526977539,5700
2018-07-03,8.5,8.5,8.076000213623047,8.210000038146973,17600
2018-07-05,8.59000015258789,8.800000190734863,8.524999618530273,8.800000190734863,20200
2018-07-06,8.739999771118164,8.75,8.59000015258789,8.59000015258789,14000
2018-07-09,8.819999694824219,8.899999618530273,8.699999809265137,8.699999809265137,13800
2018-07-10,9.020000457763672,9.302000045776367,8.859000205993652,8.920000076293945,40500
2018-07-11,9.0,9.130000114440918,8.300000190734863,8.850000381469727,24900
2018-07-12,9.149999618530273,9.25,8.975000381469727,9.0600004196167,12800
2018-07-13,9.220000267028809,9.329999923706055,9.140000343322754,9.3100004196167,8400
2018-07-16,8.640000343322754,9.309000015258789,8.401000022888184,9.15999984741211,31500
2018-07-17,8.489999771118164,8.819999694824219,8.397000312805176,8.510000228881836,22300
2018-07-18,8.6899995803833,8.989999771118164,8.579999923706055,8.694000244140625,7900
2018-07-19,8.5600004196167,8.75,8.4399995803833,8.6899995803833,4500
2018-07-20,8.579999923706055,8.746999740600586,8.479999542236328,8.711000442504883,8000
2018-07-23,8.510000228881836,8.529999732971191,8.430000305175781,8.489999771118164,5800
2018-07-24,8.0,8.454000473022461,7.980999946594238,8.454000473022461,10900
2018-07-25,8.100000381469727,8.357000350952148,8.071999549865723,8.29800033569336,18600
2018-07-26,8.0,8.159000396728516,7.949999809265137,8.010000228881836,12500
2018-07-27,8.210000038146973,8.359999656677246,8.0,8.079999923706055,8600
2018-07-30,8.475000381469727,8.539999961853027,8.199999809265137,8.359999656677246,13000
2018-07-31,9.364999771118164,9.5,8.510000228881836,8.5600004196167,62100
2018-08-01,10.199999809265137,10.199999809265137,9.550000190734863,9.550000190734863,72700
2018-08-02,10.479999542236328,10.479999542236328,9.9399995803833,9.9399995803833,63000
2018-08-03,11.0,11.0,10.210000038146973,10.210000038146973,30600
2018-08-06,11.380000114440918,11.390000343322754,10.29800033569336,10.8100004196167,53400
2018-08-07,12.300000190734863,12.300000190734863,11.399999618530273,11.399999618530273,76400
2018-08-08,12.149999618530273,12.399999618530273,11.399999618530273,11.399999618530273,29300
2018-08-09,12.41100025177002,12.494999885559082,12.140000343322754,12.199999809265137,22300
2018-08-10,12.4399995803833,12.470000267028809,12.317999839782715,12.399999618530273,15000
2018-08-13,13.050000190734863,13.359999656677246,12.465999603271484,12.465999603271484,35600
2018-08-14,13.050000190734863,13.15999984741211,12.420000076293945,12.979999542236328,36000
2018-08-15,12.760000228881836,12.850000381469727,12.420000076293945,12.8100004196167,18700
2018-08-16,12.970000267028809,13.0,12.352999687194824,12.800000190734863,24900
2018-08-17,13.050000190734863,13.050000190734863,12.734999656677246,12.829999923706055,16100
2018-08-20,14.920000076293945,15.0,13.100000381469727,13.100000381469727,124000
2018-08-21,16.65999984741211,16.979999542236328,14.9350004196167,15.270000457763672,166900
2018-08-22,17.899999618530273,18.469999313354492,16.030000686645508,16.700000762939453,124900
2018-08-23,15.199999809265137,18.899999618530273,14.5,17.350000381469727,215500
2018-08-24,15.149999618530273,16.0,14.859999656677246,14.899999618530273,97400
2018-08-27,16.489999771118164,16.489999771118164,15.119000434875488,15.359999656677246,38100
2018-08-28,16.350000381469727,16.5,15.729999542236328,16.5,16400
2018-08-29,16.299999237060547,16.5,15.670000076293945,16.190000534057617,16600
2018-08-30,16.440000534057617,16.440000534057617,15.767999649047852,16.299999237060547,12800
2018-08-31,17.100000381469727,17.149999618530273,16.170000076293945,16.191999435424805,30100
2018-09-04,18.079999923706055,18.450000762939453,16.43000030517578,17.100000381469727,75800
2018-09-05,17.90999984741211,18.34000015258789,17.149999618530273,17.8700008392334,35700
2018-09-06,18.149999618530273,18.440000534057617,16.950000762939453,17.90999984741211,903800
2018-09-07,17.540000915527344,18.190000534057617,17.014999389648438,18.190000534057617,90600
2018-09-10,16.920000076293945,17.600000381469727,16.829999923706055,17.600000381469727,35300
2018-09-11,16.510000228881836,17.049999237060547,16.209999084472656,17.049999237060547,79900
2018-09-12,16.15999984741211,16.649999618530273,16.0,16.549999237060547,35600
2018-09-13,15.550000190734863,16.719999313354492,15.319999694824219,16.459999084472656,86800
2018-09-14,17.170000076293945,18.329999923706055,14.739999771118164,15.350000381469727,148100
2018-09-17,17.049999237060547,17.950000762939453,16.799999237060547,17.200000762939453,116100
2018-09-18,16.079999923706055,16.920000076293945,15.470000267028809,16.83099937438965,139500
2018-09-19,16.260000228881836,16.940000534057617,15.961000442504883,16.149999618530273,76700
2018-09-20,18.0,18.19700050354004,16.170000076293945,16.75,107700
2018-09-21,21.719999313354492,22.0,18.634000778198242,18.649999618530273,389800
2018-09-24,21.149999618530273,22.459999084472656,19.625,22.290000915527344,221100
2018-09-25,21.010000228881836,21.489999771118164,20.639999389648438,21.0,85500
2018-09-26,21.59000015258789,22.770000457763672,20.6299991607666,21.010000228881836,90600
2018-09-27,22.0,22.5,21.420000076293945,21.6200008392334,53900
2018-09-28,22.110000610351562,23.413000106811523,21.549999237060547,21.93000030517578,97900
2018-10-01,22.06999969482422,23.96500015258789,20.799999237060547,22.239999771118164,149500
2018-10-02,22.420000076293945,22.8799991607666,20.981000900268555,22.030000686645508,68900
2018-10-03,22.649999618530273,23.280000686645508,21.309999465942383,22.450000762939453,67300
2018-10-04,22.600000381469727,23.111000061035156,21.68000030517578,22.639999389648438,56900
2018-10-05,18.18000030517578,23.479000091552734,18.010000228881836,22.68000030517578,200200
2018-10-08,17.420000076293945,19.360000610351562,16.549999237060547,17.559999465942383,173100
2018-10-09,16.93000030517578,17.75,16.3700008392334,17.1299991607666,117000
2018-10-10,16.209999084472656,17.5,16.09000015258789,16.809999465942383,184800
2018-10-11,17.350000381469727,17.84000015258789,16.1299991607666,16.149999618530273,54300
2018-10-12,18.760000228881836,18.979999542236328,17.0,17.18000030517578,75100
2018-10-15,19.420000076293945,19.95199966430664,18.459999084472656,19.239999771118164,169300
2018-10-16,19.389999389648438,20.489999771118164,18.40999984741211,19.540000915527344,149300
2018-10-17,19.700000762939453,20.579999923706055,18.5,19.40999984741211,65600
2018-10-18,19.770000457763672,20.360000610351562,18.93000030517578,19.59000015258789,127400
2018-10-19,19.770000457763672,20.190000534057617,19.299999237060547,19.899999618530273,106700
2018-10-22,20.1200008392334,20.65999984741211,18.652999877929688,19.860000610351562,94600
2018-10-23,20.399999618530273,20.6299991607666,18.683000564575195,19.649999618530273,94700
2018-10-24,19.889999389648438,21.25,18.98900032043457,20.3700008392334,129700
2018-10-25,18.950000762939453,20.709999084472656,18.260000228881836,20.0,169900
2018-10-26,18.81999969482422,19.420000076293945,18.27199935913086,18.700000762939453,36800
2018-10-29,18.610000610351562,19.420000076293945,18.149999618530273,19.270000457763672,72000
2018-10-30,18.540000915527344,18.959999084472656,18.149999618530273,18.709999084472656,59800
2018-10-31,18.899999618530273,19.424999237060547,18.479999542236328,18.850000381469727,59100
2018-11-01,19.90999984741211,19.90999984741211,18.514999389648438,19.020000457763672,62600
2018-11-02,19.790000915527344,20.100000381469727,19.225000381469727,19.729999542236328,48300
2018-11-05,18.850000381469727,20.0,18.75,19.920000076293945,39100
2018-11-06,18.399999618530273,19.829999923706055,17.719999313354492,18.81999969482422,61400
2018-11-07,19.0,19.5,18.0,18.299999237060547,67000
2018-11-08,18.969999313354492,19.440000534057617,18.549999237060547,19.18000030517578,29400
2018-11-09,18.81999969482422,19.299999237060547,18.530000686645508,18.781999588012695,25600
2018-11-12,18.489999771118164,20.0,18.28499984741211,18.989999771118164,88600
2018-11-13,17.219999313354492,18.559999465942383,16.559999465942383,18.43000030517578,43600
2018-11-14,16.850000381469727,17.389999389648438,16.100000381469727,17.219999313354492,31700
2018-11-15,18.100000381469727,18.299999237060547,16.84000015258789,17.170000076293945,110300
2018-11-16,18.850000381469727,19.25,17.530000686645508,17.75,70800
2018-11-19,19.65999984741211,19.780000686645508,17.100000381469727,18.540000915527344,58000
2018-11-20,19.799999237060547,19.899999618530273,18.5,18.850000381469727,42400
2018-11-21,21.600000381469727,21.809999465942383,19.53499984741211,20.09000015258789,48900
2018-11-23,22.899999618530273,22.899999618530273,21.540000915527344,21.540000915527344,22200
2018-11-26,23.399999618530273,23.649999618530273,21.940000534057617,23.0,49000
2018-11-27,22.889999389648438,23.315000534057617,21.31599998474121,22.920000076293945,63000
2018-11-28,22.93000030517578,23.52899932861328,21.770000457763672,23.09000015258789,77100
2018-11-29,22.84000015258789,23.889999389648438,22.239999771118164,23.489999771118164,88800
2018-11-30,24.059999465942383,24.290000915527344,22.639999389648438,22.93000030517578,64200
2018-12-03,23.760000228881836,25.56999969482422,23.399999618530273,24.469999313354492,55800
2018-12-04,22.850000381469727,23.829999923706055,22.520000457763672,23.420000076293945,89600
2018-12-06,22.90999984741211,23.14699935913086,21.868000030517578,22.5,69500
2018-12-07,22.399999618530273,23.679000854492188,21.989999771118164,23.1299991607666,173400
2018-12-10,23.59000015258789,24.0,20.739999771118164,22.709999084472656,111300
2018-12-11,23.170000076293945,24.0,22.709999084472656,23.739999771118164,16200
2018-12-12,24.0,24.389999389648438,23.280000686645508,23.280000686645508,107600
2018-12-13,23.389999389648438,24.200000762939453,23.020000457763672,24.170000076293945,33900
2018-12-14,22.68000030517578,23.510000228881836,21.600000381469727,23.219999313354492,66600
2018-12-17,20.1200008392334,22.895000457763672,20.0,22.760000228881836,83300
2018-12-18,19.639999389648438,20.479999542236328,18.969999313354492,20.360000610351562,78900
2018-12-19,18.43000030517578,20.239999771118164,18.149999618530273,19.940000534057617,44400
2018-12-20,18.6299991607666,18.899999618530273,18.000999450683594,18.280000686645508,57200
2018-12-21,18.93000030517578,19.25,18.510000228881836,18.510000228881836,79100
2018-12-24,17.0,19.21500015258789,16.950000762939453,18.850000381469727,27300
2018-12-26,17.709999084472656,19.1200008392334,17.15999984741211,17.15999984741211,35100
2018-12-27,17.780000686645508,18.0,17.049999237060547,17.049999237060547,30500
2018-12-28,19.559999465942383,20.34000015258789,17.780000686645508,17.90999984741211,121100
2018-12-31,19.75,20.315000534057617,18.100000381469727,19.700000762939453,75800
2019-01-02,20.0,20.0,19.059999465942383,19.459999084472656,80700
2019-01-03,19.649999618530273,20.040000915527344,19.155000686645508,19.799999237060547,39100
2019-01-04,20.3700008392334,20.969999313354492,18.399999618530273,19.75,29800
2019-01-07,20.25,20.950000762939453,19.56999969482422,20.510000228881836,34000
2019-01-08,19.700000762939453,20.579999923706055,19.700000762939453,20.270000457763672,37900
2019-01-09,19.510000228881836,20.149999618530273,19.479999542236328,19.479999542236328,18200
2019-01-10,20.25,20.25,19.3799991607666,19.3799991607666,41500
2019-01-11,19.760000228881836,20.75,19.510000228881836,20.25,29900
2019-01-14,19.989999771118164,20.15999984741211,18.700000762939453,19.420000076293945,84900
2019-01-15,19.59000015258789,20.24799919128418,19.030000686645508,20.190000534057617,72900
2019-01-16,18.899999618530273,20.219999313354492,18.40999984741211,19.709999084472656,74500
2019-01-17,18.149999618530273,19.139999389648438,18.0,18.81999969482422,64900
2019-01-18,16.709999084472656,18.889999389648438,16.25,18.15999984741211,110200
2019-01-22,16.510000228881836,17.049999237060547,16.309999465942383,16.709999084472656,59500
2019-01-23,16.6200008392334,17.030000686645508,16.15999984741211,16.56999969482422,61000
2019-01-24,16.940000534057617,17.0,16.309999465942383,16.75,30700
2019-01-25,18.1200008392334,18.3799991607666,16.709999084472656,17.0,48000
2019-01-28,17.34000015258789,18.299999237060547,17.200000762939453,18.25,47400
2019-01-29,17.290000915527344,17.666000366210938,17.03700065612793,17.600000381469727,31500
2019-01-30,17.600000381469727,17.829999923706055,17.260000228881836,17.360000610351562,9300
2019-01-31,18.690000534057617,18.75,17.43000030517578,17.549999237060547,37100
2019-02-01,17.950000762939453,18.75,17.770000457763672,18.43000030517578,95200
2019-02-04,18.81999969482422,19.114999771118164,17.950000762939453,17.959999084472656,134600
2019-02-05,18.899999618530273,19.399999618530273,18.75,19.040000915527344,71000
2019-02-06,18.540000915527344,18.940000534057617,18.149999618530273,18.690000534057617,27300
2019-02-07,18.489999771118164,19.0,18.34000015258789,18.34000015258789,98100
2019-02-08,19.15999984741211,19.15999984741211,18.260000228881836,18.489999771118164,28700
2019-02-11,19.06999969482422,19.184999465942383,18.700000762939453,19.030000686645508,31400
2019-02-12,19.079999923706055,19.888999938964844,18.719999313354492,18.93000030517578,67500
2019-02-13,19.239999771118164,19.799999237060547,18.84000015258789,19.25,42100
2019-02-14,19.600000381469727,19.8799991607666,19.079999923706055,19.31999969482422,18400
2019-02-15,21.350000381469727,21.540000915527344,19.5,19.899999618530273,61200
2019-02-19,20.25,21.860000610351562,19.940000534057617,21.360000610351562,65200
2019-02-20,20.0,20.25,19.639999389648438,20.25,68700
2019-02-21,20.809999465942383,21.049999237060547,19.920000076293945,19.920000076293945,314500
2019-02-22,20.610000610351562,20.899999618530273,20.34000015258789,20.899999618530273,39900
2019-02-25,22.290000915527344,22.68000030517578,20.763999938964844,20.829999923706055,108400
2019-02-26,21.799999237060547,22.31999969482422,21.469999313354492,22.229999542236328,40900
2019-02-27,23.1299991607666,23.43000030517578,21.549999237060547,21.799999237060547,177700
2019-02-28,22.68000030517578,23.139999389648438,22.020000457763672,23.139999389648438,39100
2019-03-01,23.389999389648438,23.5,22.700000762939453,22.700000762939453,82400
2019-03-04,22.799999237060547,23.350000381469727,22.020000457763672,23.350000381469727,93200
2019-03-05,22.670000076293945,24.010000228881836,22.520000457763672,22.760000228881836,153600
2019-03-06,21.5,22.440000534057617,21.030000686645508,22.43000030517578,30700
2019-03-07,22.5,22.610000610351562,21.290000915527344,21.489999771118164,49400
2019-03-08,21.690000534057617,22.549999237060547,21.165000915527344,22.469999313354492,54700
2019-03-11,22.299999237060547,22.440000534057617,21.229999542236328,21.760000228881836,58300
2019-03-12,23.8799991607666,23.899999618530273,21.940000534057617,22.5,155900
2019-03-13,26.229999542236328,26.56999969482422,23.836000442504883,24.350000381469727,325000
2019-03-14,31.100000381469727,34.91999816894531,26.239999771118164,26.239999771118164,514400
2019-03-15,28.950000762939453,31.75,27.809999465942383,30.860000610351562,270600
2019-03-18,26.329999923706055,29.0,25.660999298095703,28.510000228881836,1086300
2019-03-19,28.219999313354492,28.81999969482422,27.110000610351562,27.110000610351562,93300
2019-03-20,27.68000030517578,31.40999984741211,27.34000015258789,29.030000686645508,123700
2019-03-21,28.09000015258789,28.100000381469727,27.0,27.040000915527344,37900
2019-03-22,28.200000762939453,28.530000686645508,27.399999618530273,27.440000534057617,73900
2019-03-25,29.469999313354492,29.469999313354492,27.299999237060547,27.90999984741211,91100
2019-03-26,28.790000915527344,30.190000534057617,28.5,29.3700008392334,111100
2019-03-27,28.25,30.479999542236328,28.020000457763672,28.780000686645508,206900
2019-03-28,27.93000030517578,29.739999771118164,26.920000076293945,28.260000228881836,168300
2019-03-29,28.6200008392334,29.219999313354492,27.530000686645508,28.5,190900
2019-04-01,27.850000381469727,29.966999053955078,26.829999923706055,28.850000381469727,186500
2019-04-02,28.75,29.270000457763672,27.479999542236328,28.049999237060547,136900
2019-04-03,30.889999389648438,31.56999969482422,28.700000762939453,28.889999389648438,162400
2019-04-04,29.809999465942383,32.150001525878906,29.100000381469727,30.8700008392334,372200
2019-04-05,30.40999984741211,30.690000534057617,29.15999984741211,29.878000259399414,213500
2019-04-08,29.309999465942383,30.399999618530273,29.040000915527344,30.399999618530273,85600
2019-04-09,28.56999969482422,29.725000381469727,28.0,28.8799991607666,87500
2019-04-10,29.190000534057617,29.959999084472656,28.520000457763672,28.520000457763672,86200
2019-04-11,26.510000228881836,29.18000030517578,26.18000030517578,29.18000030517578,571900
2019-04-12,26.170000076293945,27.149999618530273,25.600000381469727,26.84000015258789,151700
2019-04-15,24.93000030517578,26.100000381469727,24.350000381469727,26.100000381469727,178900
2019-04-16,25.270000457763672,26.059999465942383,24.270000457763672,24.93000030517578,61100
2019-04-17,25.389999389648438,25.569000244140625,24.024999618530273,25.219999313354492,78200
2019-04-18,25.5,25.84000015258789,24.469999313354492,25.290000915527344,45800
2019-04-22,26.399999618530273,27.25,25.510000228881836,25.510000228881836,194400
2019-04-23,25.969999313354492,26.579999923706055,25.0,26.479999542236328,161800
2019-04-24,24.020000457763672,26.059999465942383,24.010000228881836,26.059999465942383,64000
2019-04-25,24.969999313354492,25.200000762939453,24.030000686645508,24.030000686645508,106500
2019-04-26,22.299999237060547,24.969999313354492,21.790000915527344,24.969999313354492,90000
2019-04-29,23.010000228881836,23.760000228881836,22.309999465942383,22.34000015258789,158500
2019-04-30,23.0,23.200000762939453,22.280000686645508,23.020000457763672,131700
2019-05-01,22.649999618530273,23.690000534057617,22.520000457763672,22.562000274658203,127400
2019-05-02,22.06999969482422,23.0,21.81999969482422,22.649999618530273,51800
2019-05-03,22.020000457763672,22.34000015258789,21.5,22.1299991607666,38600
2019-05-06,22.280000686645508,22.559999465942383,21.5,21.65999984741211,54300
2019-05-07,22.389999389648438,22.540000915527344,22.020000457763672,22.18000030517578,129400
2019-05-08,23.6299991607666,23.799999237060547,21.979999542236328,22.309999465942383,80300
2019-05-09,24.170000076293945,24.610000610351562,23.209999084472656,23.639999389648438,55200
2019-05-10,24.639999389648438,25.209999084472656,23.790000915527344,24.20400047302246,268900
2019-05-13,23.8700008392334,24.441999435424805,23.170000076293945,24.110000610351562,163900
2019-05-14,24.68000030517578,24.834999084472656,23.600000381469727,23.780000686645508,100300
2019-05-15,24.229999542236328,25.549999237060547,23.489999771118164,24.989999771118164,348200
2019-05-16,24.3700008392334,24.729999542236328,23.649999618530273,24.0,86000
2019-05-17,23.799999237060547,24.59000015258789,23.434999465942383,24.219999313354492,95600
2019-05-20,23.040000915527344,23.788000106811523,22.450000762939453,23.299999237060547,91500
2019-05-21,23.43000030517578,24.350000381469727,22.875,23.1299991607666,139200
2019-05-22,23.139999389648438,24.229999542236328,22.979999542236328,23.184999465942383,464300
2019-05-23,23.639999389648438,23.920000076293945,22.68000030517578,22.68000030517578,112100
2019-05-24,23.889999389648438,24.19499969482422,23.399999618530273,23.579999923706055,254700
2019-05-28,23.920000076293945,24.299999237060547,23.239999771118164,23.989999771118164,182200
2019-05-29,23.110000610351562,24.047000885009766,22.709999084472656,23.979999542236328,68600
2019-05-30,23.020000457763672,23.209999084472656,22.719999313354492,23.059999465942383,72100
2019-05-31,21.25,22.889999389648438,20.530000686645508,22.889999389648438,115500
2019-06-03,19.799999237060547,21.270000457763672,19.59000015258789,21.200000762939453,94900
2019-06-04,19.40999984741211,20.09000015258789,18.764999389648438,20.059999465942383,150900
2019-06-05,19.389999389648438,19.59000015258789,18.829999923706055,19.549999237060547,134600
2019-06-06,18.959999084472656,20.219999313354492,18.950000762939453,19.399999618530273,125900
2019-06-07,20.209999084472656,21.06999969482422,18.979999542236328,18.979999542236328,609400
2019-06-10,19.969999313354492,20.510000228881836,19.850000381469727,20.309999465942383,350500
2019-06-11,18.440000534057617,20.239999771118164,18.299999237060547,20.020000457763672,306700
2019-06-12,19.149999618530273,19.239999771118164,18.049999237060547,18.459999084472656,123500
2019-06-13,19.75,19.940000534057617,19.0,19.489999771118164,71000
2019-06-14,19.899999618530273,20.229999542236328,19.549999237060547,19.760000228881836,140700
2019-06-17,20.729999542236328,20.950000762939453,19.290000915527344,19.780000686645508,326200
2019-06-18,20.3799991607666,21.0,20.15999984741211,20.8700008392334,95100
2019-06-19,20.450000762939453,20.5049991607666,19.899999618530273,20.3700008392334,82900
2019-06-20,21.709999084472656,21.729999542236328,20.40999984741211,20.510000228881836,235200
2019-06-21,21.520000457763672,21.809999465942383,20.520000457763672,21.700000762939453,162100
2019-06-24,21.25,22.25,20.6299991607666,21.549999237060547,172900
2019-06-25,20.559999465942383,21.299999237060547,20.299999237060547,21.299999237060547,103900
2019-06-26,20.6200008392334,20.719999313354492,19.68000030517578,20.719999313354492,105200
2019-06-27,21.600000381469727,21.68000030517578,20.43000030517578,20.719999313354492,280000
2019-06-28,22.149999618530273,23.229999542236328,21.774999618530273,21.81999969482422,1782200
2019-07-01,21.670000076293945,22.885000228881836,21.209999084472656,22.110000610351562,302500
2019-07-02,20.610000610351562,21.850000381469727,19.93000030517578,21.850000381469727,159100
2019-07-03,19.780000686645508,20.56999969482422,19.079999923706055,20.56999969482422,91300
2019-07-05,18.739999771118164,19.790000915527344,18.28499984741211,19.790000915527344,94200
2019-07-08,18.18000030517578,18.649999618530273,17.920000076293945,18.649999618530273,93700
2019-07-09,18.489999771118164,18.639999389648438,17.959999084472656,18.1299991607666,72200
2019-07-10,18.950000762939453,19.155000686645508,18.59000015258789,18.719999313354492,115400
2019-07-11,17.56999969482422,19.0,17.5,19.0,144100
2019-07-12,17.309999465942383,17.59000015258789,16.90999984741211,17.510000228881836,95300
2019-07-15,17.0,17.309999465942383,16.35099983215332,17.200000762939453,148700
2019-07-16,17.219999313354492,17.420000076293945,16.719999313354492,16.829999923706055,161700
2019-07-17,17.350000381469727,17.479999542236328,16.899999618530273,17.1299991607666,91100
2019-07-18,17.510000228881836,17.610000610351562,17.149999618530273,17.399999618530273,55600
2019-07-19,17.549999237060547,18.030000686645508,17.549999237060547,17.549999237060547,182700
2019-07-22,18.329999923706055,18.690000534057617,18.0,18.06999969482422,279300
2019-07-23,17.81999969482422,18.889999389648438,17.65999984741211,18.489999771118164,186000
2019-07-24,17.889999389648438,18.100000381469727,17.6200008392334,17.639999389648438,100700
2019-07-25,17.75,18.149999618530273,17.75,17.93000030517578,170500
2019-07-26,16.920000076293945,18.100000381469727,16.3700008392334,17.899999618530273,303700
2019-07-29,16.8700008392334,17.860000610351562,16.799999237060547,17.34000015258789,261000
2019-07-30,16.510000228881836,16.81999969482422,16.25,16.75,165400
2019-07-31,16.59000015258789,17.31999969482422,16.350000381469727,16.739999771118164,190100
2019-08-01,16.34000015258789,16.829999923706055,16.05500030517578,16.559999465942383,154700
2019-08-02,16.209999084472656,16.489999771118164,15.694999694824219,16.299999237060547,95600
2019-08-05,15.489999771118164,15.920000076293945,15.399999618530273,15.920000076293945,75900
2019-08-06,15.789999961853027,16.110000610351562,15.380000114440918,15.600000381469727,96900
2019-08-07,15.760000228881836,16.030000686645508,15.4399995803833,15.59000015258789,61600
2019-08-08,15.949999809265137,16.059999465942383,15.619999885559082,15.869999885559082,70000
2019-08-09,15.5,16.079999923706055,15.380000114440918,15.890000343322754,71000
2019-08-12,15.5,15.899999618530273,15.029999732971191,15.390000343322754,76900
2019-08-13,16.81999969482422,16.950000762939453,15.220000267028809,15.460000038146973,97400
2019-08-14,16.149999618530273,16.579999923706055,15.949999809265137,16.540000915527344,56400
2019-08-15,16.110000610351562,16.639999389648438,15.609999656677246,16.15999984741211,59800
2019-08-16,16.3700008392334,16.549999237060547,15.90999984741211,16.149999618530273,50200
2019-08-19,16.56999969482422,17.040000915527344,16.34000015258789,16.90999984741211,46500
2019-08-20,16.68000030517578,16.93000030517578,16.469999313354492,16.559999465942383,94100
2019-08-21,16.75,16.989999771118164,16.0,16.780000686645508,102500
2019-08-22,15.90999984741211,16.770000457763672,15.819999694824219,16.770000457763672,66600
2019-08-23,15.59000015258789,16.1299991607666,15.390000343322754,15.75,69600
2019-08-26,15.539999961853027,15.800000190734863,15.484999656677246,15.800000190734863,61700
2019-08-27,15.140000343322754,15.729999542236328,14.829999923706055,15.680000305175781,107800
2019-08-28,15.380000114440918,15.680000305175781,15.100000381469727,15.100000381469727,68300
2019-08-29,15.449999809265137,15.86299991607666,15.199999809265137,15.470000267028809,45100
2019-08-30,15.619999885559082,15.6899995803833,15.119999885559082,15.529999732971191,194700
2019-09-03,15.449999809265137,15.770000457763672,15.229999542236328,15.510000228881836,44900
2019-09-04,14.789999961853027,15.579999923706055,14.5,15.579999923706055,58400
2019-09-05,15.1899995803833,15.470000267028809,14.84000015258789,14.930000305175781,77600
2019-09-06,15.109999656677246,15.729999542236328,14.729999542236328,15.220000267028809,73600
2019-09-09,16.600000381469727,16.729999542236328,14.920000076293945,15.229999542236328,84300
2019-09-10,16.43000030517578,16.867000579833984,16.09000015258789,16.700000762939453,96900
2019-09-11,16.0,16.6200008392334,15.600000381469727,16.239999771118164,85700
2019-09-12,15.600000381469727,16.139999389648438,15.550000190734863,16.139999389648438,79400
2019-09-13,15.260000228881836,15.8100004196167,15.100000381469727,15.640000343322754,47000
2019-09-16,14.789999961853027,15.350000381469727,14.75,15.25,74100
2019-09-17,14.670000076293945,14.8100004196167,14.34000015258789,14.75,73400
2019-09-18,14.5,14.720000267028809,14.210000038146973,14.649999618530273,141600
2019-09-19,14.199999809265137,14.729999542236328,14.140000343322754,14.479999542236328,63100
2019-09-20,13.649999618530273,14.479000091552734,13.600000381469727,14.170000076293945,126300
2019-09-23,13.65999984741211,13.774999618530273,12.920000076293945,13.649999618530273,160400
2019-09-24,12.890000343322754,13.789999961853027,12.539999961853027,13.789999961853027,150500
2019-09-25,12.40999984741211,13.0,12.329999923706055,12.899999618530273,116200
2019-09-26,12.170000076293945,12.4399995803833,11.84000015258789,12.4399995803833,94300
2019-09-27,11.859999656677246,12.420000076293945,11.75,12.229999542236328,75400
2019-09-30,11.600000381469727,11.869999885559082,11.039999961853027,11.869999885559082,108700
2019-10-01,12.100000381469727,12.927000045776367,11.960000038146973,11.960000038146973,117900
2019-10-02,11.210000038146973,12.0,10.899999618530273,12.0,173200
2019-10-03,11.229999542236328,11.413999557495117,10.930000305175781,11.15999984741211,503000
2019-10-04,11.0,11.470000267028809,10.5,11.25,288800
2019-10-07,10.5600004196167,10.979999542236328,10.260000228881836,10.90999984741211,130600
2019-10-08,10.3100004196167,10.510000228881836,10.109999656677246,10.489999771118164,91300
2019-10-09,10.670000076293945,10.84000015258789,9.859999656677246,10.270000457763672,510400
2019-10-10,10.779999732971191,10.835000038146973,10.029999732971191,10.770000457763672,563100
2019-10-11,11.0,11.430000305175781,10.800000190734863,10.869999885559082,180300
2019-10-14,10.699999809265137,11.170000076293945,10.619999885559082,10.989999771118164,152300
2019-10-15,10.739999771118164,11.050000190734863,10.510000228881836,10.739999771118164,143100
2019-10-16,11.039999961853027,11.199999809265137,10.649999618530273,10.720000267028809,80200
2019-10-17,12.0600004196167,12.15999984741211,11.029999732971191,11.029999732971191,133900
2019-10-18,11.880000114440918,12.25,11.550000190734863,11.960000038146973,203800
2019-10-21,11.4399995803833,11.9399995803833,11.300000190734863,11.920000076293945,116500
2019-10-22,11.029999732971191,11.760000228881836,10.899999618530273,11.470000267028809,82600
2019-10-23,11.529999732971191,11.65999984741211,10.699999809265137,11.029999732971191,100200
2019-10-24,11.079999923706055,11.899999618530273,11.0,11.640000343322754,83000
2019-10-25,11.430000305175781,11.479999542236328,10.819999694824219,11.039999961853027,65100
2019-10-28,11.75,11.8100004196167,11.369999885559082,11.460000038146973,69300
2019-10-29,11.699999809265137,12.029999732971191,11.510000228881836,11.770000457763672,91200
2019-10-30,10.850000381469727,11.710000038146973,10.75,11.710000038146973,109500
2019-10-31,10.600000381469727,10.829999923706055,10.260000228881836,10.829999923706055,132600
2019-11-01,11.460000038146973,11.645000457763672,10.630000114440918,10.6899995803833,139300
2019-11-04,11.229999542236328,11.600000381469727,11.020000457763672,11.539999961853027,91400
2019-11-05,11.15999984741211,11.489999771118164,11.039999961853027,11.270000457763672,135000
2019-11-06,10.84000015258789,11.15999984741211,10.739999771118164,11.15999984741211,72000
2019-11-07,10.670000076293945,10.9399995803833,10.470000267028809,10.899999618530273,72100
2019-11-08,11.100000381469727,11.319999694824219,10.600000381469727,10.630000114440918,86300
2019-11-11,11.4399995803833,11.720000267028809,10.850000381469727,10.949999809265137,117700
2019-11-12,11.229999542236328,11.609999656677246,11.15999984741211,11.4399995803833,67600
2019-11-13,11.109999656677246,11.369999885559082,10.829999923706055,11.220000267028809,113700
2019-11-14,10.949999809265137,11.15999984741211,10.850000381469727,11.140000343322754,52600
2019-11-15,11.069999694824219,11.220000267028809,10.84000015258789,10.979999542236328,77000
2019-11-18,11.15999984741211,11.1899995803833,10.90999984741211,11.039999961853027,129900
2019-11-19,11.369999885559082,12.0,11.109999656677246,11.199999809265137,145400
2019-11-20,11.8100004196167,12.010000228881836,11.34000015258789,11.34000015258789,129500
2019-11-21,12.84000015258789,12.850000381469727,11.5,11.829999923706055,160000
2019-11-22,13.069999694824219,13.366999626159668,12.470000267028809,12.869999885559082,154100
2019-11-25,13.720000267028809,13.864999771118164,13.119999885559082,13.270000457763672,208200
2019-11-26,14.0,14.255000114440918,13.529999732971191,13.829999923706055,244000
2019-11-27,14.0,14.520000457763672,13.819999694824219,14.020000457763672,135300
2019-11-29,14.479999542236328,14.586000442504883,13.890000343322754,13.989999771118164,61500
2019-12-02,15.199999809265137,15.699999809265137,14.300000190734863,14.65999984741211,311000
2019-12-03,15.34000015258789,15.420000076293945,14.354999542236328,15.029999732971191,165000
2019-12-04,14.920000076293945,15.600000381469727,14.640000343322754,15.600000381469727,177000
2019-12-05,14.119999885559082,15.100000381469727,13.960000038146973,15.100000381469727,156500
2019-12-06,14.329999923706055,14.420000076293945,13.989999771118164,14.289999961853027,87100
2019-12-09,15.270000457763672,15.760000228881836,11.699999809265137,11.75,832500
2019-12-10,15.010000228881836,15.239999771118164,14.3100004196167,14.989999771118164,187800
2019-12-11,15.449999809265137,15.979999542236328,14.9399995803833,15.029999732971191,414200
2019-12-12,16.860000610351562,17.040000915527344,15.399999618530273,15.489999771118164,197600
2019-12-13,16.93000030517578,17.149999618530273,16.34000015258789,17.1299991607666,79800
2019-12-16,16.719999313354492,17.211999893188477,16.559999465942383,17.049999237060547,160100
2019-12-17,16.260000228881836,16.756000518798828,15.75,16.639999389648438,67900
2019-12-18,16.280000686645508,16.540000915527344,15.979999542236328,16.290000915527344,63600
2019-12-19,16.809999465942383,16.8799991607666,16.149999618530273,16.31999969482422,99000
2019-12-20,17.329999923706055,17.68000030517578,16.510000228881836,16.8700008392334,237700
2019-12-23,17.415000915527344,17.674999237060547,17.0,17.299999237060547,71700
2019-12-24,17.65999984741211,17.920000076293945,17.329999923706055,17.469999313354492,69900
2019-12-26,17.59000015258789,18.0,17.450000762939453,17.56999969482422,51200
2019-12-27,16.389999389648438,17.540000915527344,16.229999542236328,17.540000915527344,69700
2019-12-30,16.1200008392334,16.299999237060547,15.600000381469727,16.299999237060547,91400
2019-12-31,17.809999465942383,18.399999618530273,16.18000030517578,16.18000030517578,207400
2020-01-02,18.079999923706055,18.610000610351562,17.145000457763672,18.170000076293945,168200
2020-01-03,17.229999542236328,18.229999542236328,17.149999618530273,17.81999969482422,78700
2020-01-06,17.040000915527344,17.15999984741211,16.719999313354492,17.110000610351562,104500
2020-01-07,16.700000762939453,17.15999984741211,16.40999984741211,17.079999923706055,74900
2020-01-08,16.389999389648438,16.790000915527344,15.579999923706055,16.719999313354492,174200
2020-01-09,15.770000457763672,16.510000228881836,15.720000267028809,16.5,217300
2020-01-10,15.3100004196167,15.944999694824219,15.130000114440918,15.859999656677246,208200
2020-01-13,15.539999961853027,15.630000114440918,14.795000076293945,15.399999618530273,136300
2020-01-14,16.010000228881836,16.059999465942383,15.260000228881836,15.460000038146973,139900
2020-01-15,16.979999542236328,17.229999542236328,16.06999969482422,16.06999969482422,87900
2020-01-16,17.75,18.1299991607666,17.1200008392334,17.1200008392334,93100
2020-01-17,18.559999465942383,18.729999542236328,17.739999771118164,17.889999389648438,109700
2020-01-21,18.030000686645508,18.959999084472656,17.8799991607666,18.520000457763672,160300
2020-01-22,18.09000015258789,18.149999618530273,17.687999725341797,18.040000915527344,124100
2020-01-23,18.06999969482422,18.149999618530273,17.40999984741211,17.860000610351562,60500
2020-01-24,17.079999923706055,18.149999618530273,16.989999771118164,18.110000610351562,103800
2020-01-27,16.559999465942383,16.950000762939453,16.479999542236328,16.68000030517578,42300
2020-01-28,16.459999084472656,16.799999237060547,16.229999542236328,16.56999969482422,52500
2020-01-29,16.170000076293945,16.559999465942383,16.1299991607666,16.559999465942383,54100
2020-01-30,15.369999885559082,16.010000228881836,13.354999542236328,15.970000267028809,144400
2020-01-31,15.300000190734863,15.829999923706055,14.880000114440918,15.300000190734863,54000
2020-02-03,15.890000343322754,16.0,15.010000228881836,15.430000305175781,125100
2020-02-04,16.389999389648438,16.80500030517578,15.90999984741211,16.1299991607666,90600
2020-02-05,16.469999313354492,17.219999313354492,16.280000686645508,16.389999389648438,90000
2020-02-06,15.920000076293945,16.559999465942383,15.729999542236328,16.559999465942383,88400
2020-02-07,15.550000190734863,15.890000343322754,15.3100004196167,15.880000114440918,48400
2020-02-10,15.670000076293945,16.079999923706055,15.539999961853027,15.5600004196167,51700
2020-02-11,15.229999542236328,15.619999885559082,14.069999694824219,15.479999542236328,89700
2020-02-12,15.789999961853027,16.594999313354492,15.319999694824219,15.319999694824219,121700
2020-02-13,15.020000457763672,15.710000038146973,14.789999961853027,15.710000038146973,212700
2020-02-14,15.119999885559082,15.170000076293945,14.744999885559082,14.9399995803833,56900
2020-02-18,15.119999885559082,15.430000305175781,14.819999694824219,15.069999694824219,44000
2020-02-19,14.539999961853027,15.53499984741211,14.510000228881836,15.210000038146973,53200
2020-02-20,14.149999618530273,14.8100004196167,13.920000076293945,14.40999984741211,49000
2020-02-21,13.960000038146973,14.180000305175781,13.84000015258789,14.130000114440918,43300
2020-02-24,13.289999961853027,13.5600004196167,12.925000190734863,13.460000038146973,47300
2020-02-25,13.350000381469727,13.619999885559082,13.15999984741211,13.359999656677246,66700
2020-02-26,13.760000228881836,13.779999732971191,13.300000190734863,13.470000267028809,233300
2020-02-27,13.380000114440918,14.5,13.210000038146973,13.4399995803833,134800
2020-02-28,13.449999809265137,13.8100004196167,12.9399995803833,12.9399995803833,164800
2020-03-02,14.329999923706055,14.329999923706055,13.428000450134277,13.640000343322754,533400
2020-03-03,14.260000228881836,14.8100004196167,14.0,14.609999656677246,133800
2020-03-04,14.199999809265137,14.850000381469727,13.880000114440918,14.550000190734863,126800
2020-03-05,13.520000457763672,14.40999984741211,13.008000373840332,13.890000343322754,227500
2020-03-06,13.289999961853027,13.5,12.300000190734863,13.100000381469727,204000
2020-03-09,12.020000457763672,12.649999618530273,11.9350004196167,12.5600004196167,103800
2020-03-10,10.399999618530273,12.069999694824219,10.300000190734863,12.069999694824219,250400
2020-03-11,8.859999656677246,10.270000457763672,8.720000267028809,10.25,260900
2020-03-12,7.829999923706055,9.329999923706055,7.545000076293945,8.34000015258789,149000
2020-03-13,7.070000171661377,8.210000038146973,6.920000076293945,8.210000038146973,330600
2020-03-16,7.21999979019165,7.559999942779541,6.550000190734863,6.550000190734863,193000
2020-03-17,7.539999961853027,7.639999866485596,6.579999923706055,7.360000133514404,177200
2020-03-18,5.800000190734863,7.539999961853027,5.605000019073486,7.199999809265137,225900
2020-03-19,6.579999923706055,6.579999923706055,5.639999866485596,5.739999771118164,191300
2020-03-20,6.849999904632568,7.144999980926514,5.630000114440918,6.489999771118164,203200
2020-03-23,7.059999942779541,7.445000171661377,6.53000020980835,7.050000190734863,164800
2020-03-24,7.679999828338623,7.820000171661377,7.139999866485596,7.389999866485596,170300
2020-03-25,7.289999961853027,8.0,6.909999847412109,7.699999809265137,156100
2020-03-26,7.690000057220459,7.78000020980835,7.210000038146973,7.329999923706055,336900
2020-03-27,7.28000020980835,7.75,7.269999980926514,7.570000171661377,148500
2020-03-30,7.550000190734863,7.929999828338623,7.340000152587891,7.340000152587891,118200
2020-03-31,7.650000095367432,7.75,7.400000095367432,7.539999961853027,184600
2020-04-01,6.75,7.639999866485596,6.309999942779541,7.480000019073486,128900
2020-04-02,7.429999828338623,7.590000152587891,6.840000152587891,7.039999961853027,97800
2020-04-03,7.590000152587891,7.690000057220459,6.860000133514404,7.400000095367432,125300
2020-04-06,7.550000190734863,7.869999885559082,7.260000228881836,7.789999961853027,235600
2020-04-07,7.710000038146973,8.005000114440918,7.519999980926514,7.670000076293945,234600
2020-04-08,8.770000457763672,8.850000381469727,7.820000171661377,7.820000171661377,153400
2020-04-09,9.510000228881836,9.670000076293945,8.859999656677246,9.010000228881836,182700
2020-04-13,9.300000190734863,9.760000228881836,9.0600004196167,9.430000305175781,110500
2020-04-14,10.300000190734863,10.350000381469727,9.510000228881836,9.510000228881836,179400
2020-04-15,9.979999542236328,10.979999542236328,9.279999732971191,9.979999542236328,135600
2020-04-16,10.069999694824219,10.40999984741211,9.640000343322754,9.9399995803833,128900
2020-04-17,11.109999656677246,11.199999809265137,10.204999923706055,10.300000190734863,89400
2020-04-20,11.199999809265137,11.460000038146973,10.859999656677246,10.859999656677246,111500
2020-04-21,10.90999984741211,11.130000114440918,10.539999961853027,10.859999656677246,82400
2020-04-22,11.239999771118164,11.569999694824219,10.914999961853027,11.329999923706055,76900
2020-04-23,10.1899995803833,11.454000473022461,10.020000457763672,11.1899995803833,69800
2020-04-24,11.140000343322754,11.229999542236328,10.229999542236328,10.229999542236328,66800
2020-04-27,10.90999984741211,11.329999923706055,10.770000457763672,11.260000228881836,83900
2020-04-28,11.09000015258789,11.40999984741211,10.899999618530273,11.229999542236328,63400
2020-04-29,11.819999694824219,12.140000343322754,11.130000114440918,11.5600004196167,72900
2020-04-30,10.90999984741211,11.699999809265137,10.829999923706055,11.539999961853027,79500
2020-05-01,10.729999542236328,10.970000267028809,9.770000457763672,10.5,109900
2020-05-04,10.930000305175781,11.795000076293945,10.380000114440918,10.680000305175781,100800
2020-05-05,10.729999542236328,11.390000343322754,10.630000114440918,11.170000076293945,104700
2020-05-06,10.260000228881836,10.75,10.220000267028809,10.649999618530273,76700
2020-05-07,10.010000228881836,10.699999809265137,9.970000267028809,10.699999809265137,74000
2020-05-08,10.119999885559082,10.369999885559082,10.010000228881836,10.119999885559082,82400
2020-05-11,10.479999542236328,10.899999618530273,9.949999809265137,10.029999732971191,110900
2020-05-12,9.949999809265137,10.635000228881836,9.84000015258789,10.630000114440918,118500
2020-05-13,10.34000015258789,10.430000305175781,9.029999732971191,9.9399995803833,102800
2020-05-14,9.6899995803833,10.180000305175781,9.3149995803833,10.010000228881836,75200
2020-05-15,10.149999618530273,10.3100004196167,9.420000076293945,9.640000343322754,61400
2020-05-18,12.850000381469727,13.164999961853027,10.329999923706055,10.489999771118164,434100
2020-05-19,11.34000015258789,12.529999732971191,11.34000015258789,12.529999732971191,157500
2020-05-20,11.520000457763672,12.428999900817871,10.954999923706055,11.510000228881836,67200
2020-05-21,11.369999885559082,11.6899995803833,11.095000267028809,11.420000076293945,90800
2020-05-22,11.34000015258789,11.550000190734863,11.0,11.4399995803833,77700
2020-05-26,11.329999923706055,11.8100004196167,11.210000038146973,11.630000114440918,130600
2020-05-27,11.380000114440918,11.630000114440918,10.579999923706055,11.630000114440918,43800
2020-05-28,10.859999656677246,11.75,10.829999923706055,11.59000015258789,43300
2020-05-29,11.25,11.399999618530273,10.710000038146973,10.789999961853027,65500
2020-06-01,10.890000343322754,11.654999732971191,10.890000343322754,11.300000190734863,83800
2020-06-02,11.09000015258789,11.229999542236328,10.748000144958496,10.869999885559082,49200
2020-06-03,11.600000381469727,11.835000038146973,11.295000076293945,11.350000381469727,38600
2020-06-04,11.699999809265137,11.885000228881836,11.300000190734863,11.420000076293945,34600
2020-06-05,11.710000038146973,12.600000381469727,11.5600004196167,12.069999694824219,71300
2020-06-08,11.720000267028809,12.039999961853027,11.609999656677246,12.039999961853027,69700
2020-06-09,11.59000015258789,12.0,11.5,11.640000343322754,41400
2020-06-10,11.390000343322754,11.699999809265137,10.9399995803833,11.609999656677246,65500
2020-06-11,10.119999885559082,11.069999694824219,9.960000038146973,10.979999542236328,94000
2020-06-12,10.40999984741211,11.222000122070312,10.0,10.59000015258789,140600
2020-06-15,10.399999618530273,11.4399995803833,10.350000381469727,11.4399995803833,330400
2020-06-16,10.199999809265137,10.5600004196167,10.079999923706055,10.550000190734863,181100
2020-06-17,9.84000015258789,10.34000015258789,9.800000190734863,10.020000457763672,285700
2020-06-18,10.149999618530273,10.289999961853027,9.625,9.789999961853027,611700
2020-06-19,10.930000305175781,11.279999732971191,10.319999694824219,10.390000343322754,513200
2020-06-22,10.890000343322754,11.229999542236328,10.869999885559082,11.0,162600
2020-06-23,12.895000457763672,13.640000343322754,11.109999656677246,11.109999656677246,408800
2020-06-24,11.270000457763672,12.989999771118164,11.229999542236328,12.630000114440918,154700
2020-06-25,11.8100004196167,12.039999961853027,11.149999618530273,11.199999809265137,82300
2020-06-26,12.449999809265137,12.680000305175781,11.619999885559082,11.619999885559082,520800
2020-06-29,12.65999984741211,12.720000267028809,12.1899995803833,12.6899995803833,121300
2020-06-30,12.100000381469727,12.880000114440918,11.529999732971191,12.5600004196167,180600
2020-07-01,12.119999885559082,12.59000015258789,11.90999984741211,12.59000015258789,146600
2020-07-02,12.970000267028809,13.109999656677246,12.130000114440918,12.449999809265137,175200
2020-07-06,12.609999656677246,13.3100004196167,12.149999618530273,13.3100004196167,200500
2020-07-07,11.859999656677246,12.899999618530273,11.8100004196167,12.4399995803833,72000
2020-07-08,11.760000228881836,12.079999923706055,11.430000305175781,11.859999656677246,66800
2020-07-09,12.180000305175781,12.1899995803833,11.579999923706055,11.75,161900
2020-07-10,12.3100004196167,12.600000381469727,12.09000015258789,12.109999656677246,71000
2020-07-13,11.5,12.399999618530273,11.390000343322754,12.399999618530273,78900
2020-07-14,11.5600004196167,11.630000114440918,11.0600004196167,11.5,138800
2020-07-15,12.390000343322754,12.5649995803833,11.6899995803833,11.850000381469727,117200
2020-07-16,12.369999885559082,12.420000076293945,12.130000114440918,12.289999961853027,81500
2020-07-17,12.279999732971191,12.609999656677246,12.180000305175781,12.359999656677246,83800
2020-07-20,12.430000305175781,12.489999771118164,12.100000381469727,12.15999984741211,52700
2020-07-21,12.9399995803833,13.100000381469727,12.369999885559082,12.600000381469727,182700
2020-07-22,12.65999984741211,12.869999885559082,12.460000038146973,12.869999885559082,72400
2020-07-23,12.539999961853027,13.119999885559082,12.420000076293945,12.619999885559082,75100
2020-07-24,11.720000267028809,12.40999984741211,11.6899995803833,12.40999984741211,62900
2020-07-27,11.6899995803833,12.050000190734863,11.539999961853027,11.739999771118164,51800
2020-07-28,11.0600004196167,11.630000114440918,10.880000114440918,11.630000114440918,110700
2020-07-29,10.25,11.039999961853027,10.039999961853027,11.039999961853027,148000
2020-07-30,10.09000015258789,10.288000106811523,9.899999618530273,10.109999656677246,91200
2020-07-31,9.829999923706055,10.100000381469727,9.619999885559082,10.100000381469727,80100
2020-08-03,10.9399995803833,11.050000190734863,9.690999984741211,9.890000343322754,293000
2020-08-04,11.109999656677246,11.15999984741211,10.279999732971191,10.930000305175781,51400
2020-08-05,11.279999732971191,11.949999809265137,11.0,11.300000190734863,41600
2020-08-06,11.210000038146973,11.430000305175781,10.34000015258789,11.319999694824219,36000
2020-08-07,11.600000381469727,11.649999618530273,11.149999618530273,11.229999542236328,34200
2020-08-10,11.770000457763672,11.920000076293945,11.600000381469727,11.600000381469727,54100
2020-08-11,11.430000305175781,12.15999984741211,11.270000457763672,11.850000381469727,274300
2020-08-12,12.75,12.920000076293945,11.375,11.5,85800
2020-08-13,12.444999694824219,12.925000190734863,11.899999618530273,12.75,36700
2020-08-14,12.699999809265137,12.869999885559082,11.973999977111816,12.260000228881836,30300
2020-08-17,13.100000381469727,13.100000381469727,12.545000076293945,12.710000038146973,94200
2020-08-18,13.630000114440918,13.630000114440918,12.760000228881836,12.949999809265137,37300
2020-08-19,13.470000267028809,13.930000305175781,12.600000381469727,13.5600004196167,56900
2020-08-20,13.789999961853027,13.869999885559082,13.449999809265137,13.449999809265137,81700
2020-08-21,13.300000190734863,13.925000190734863,13.149999618530273,13.850000381469727,30700
2020-08-24,12.729999542236328,13.4399995803833,12.430000305175781,13.4399995803833,29900
2020-08-25,12.829999923706055,12.979999542236328,12.65999984741211,12.920000076293945,33900
2020-08-26,12.739999771118164,12.989999771118164,12.520000457763672,12.979999542236328,35900
2020-08-27,12.770000457763672,12.930000305175781,11.640000343322754,12.930000305175781,31900
2020-08-28,13.470000267028809,13.489999771118164,12.649999618530273,12.989999771118164,28800
2020-08-31,13.100000381469727,13.4399995803833,12.899999618530273,13.380000114440918,68100
2020-09-01,12.640000343322754,13.029999732971191,12.489999771118164,12.970000267028809,25600
2020-09-02,12.729999542236328,12.899999618530273,12.100000381469727,12.579999923706055,37500
2020-09-03,12.3100004196167,12.699999809265137,12.100000381469727,12.699999809265137,59300
2020-09-04,13.050000190734863,13.979999542236328,12.399999618530273,12.529999732971191,101900
2020-09-08,13.029999732971191,13.319999694824219,12.510000228881836,13.050000190734863,31200
2020-09-09,13.460000038146973,13.989999771118164,12.819999694824219,13.300000190734863,23700
2020-09-10,13.84000015258789,14.34000015258789,13.59000015258789,13.614999771118164,39300
2020-09-11,13.609999656677246,14.460000038146973,12.649999618530273,14.050000190734863,25200
2020-09-14,13.989999771118164,14.069999694824219,13.34000015258789,13.539999961853027,44900
2020-09-15,13.880000114440918,14.1899995803833,13.779999732971191,13.920000076293945,49300
2020-09-16,13.399999618530273,14.149999618530273,13.359999656677246,13.899999618530273,40400
2020-09-17,13.390000343322754,13.65999984741211,12.539999961853027,13.350000381469727,22200
2020-09-18,13.789999961853027,13.899999618530273,13.350000381469727,13.600000381469727,62900
2020-09-21,13.279999732971191,13.899999618530273,12.5600004196167,13.600000381469727,120200
2020-09-22,13.470000267028809,13.789999961853027,12.680000305175781,13.789999961853027,47500
2020-09-23,13.449999809265137,13.670000076293945,13.119999885559082,13.399999618530273,58600
2020-09-24,12.75,13.460000038146973,12.4399995803833,13.460000038146973,43200
2020-09-25,12.890000343322754,12.9399995803833,12.569999694824219,12.739999771118164,31600
2020-09-28,12.819999694824219,13.09000015258789,12.75,12.949999809265137,19500
2020-09-29,12.630000114440918,13.15999984741211,12.4399995803833,12.4399995803833,20600
2020-09-30,12.59000015258789,13.130000114440918,12.020000457763672,12.640000343322754,40700
2020-10-01,12.880000114440918,12.979999542236328,12.430000305175781,12.800000190734863,68400
2020-10-02,12.970000267028809,13.180000305175781,12.010000228881836,12.680000305175781,30700
2020-10-05,13.819999694824219,13.899999618530273,12.359999656677246,12.359999656677246,28800
2020-10-06,13.84000015258789,14.09000015258789,12.479999542236328,13.920000076293945,33300
2020-10-07,14.229999542236328,14.289999961853027,14.039999961853027,14.09000015258789,35600
2020-10-08,14.020000457763672,14.479999542236328,13.979999542236328,14.479999542236328,36200
2020-10-09,13.510000228881836,14.227999687194824,13.0649995803833,14.0600004196167,55600
2020-10-12,13.300000190734863,13.760000228881836,12.880000114440918,12.880000114440918,60900
2020-10-13,13.8100004196167,14.270000457763672,12.829999923706055,13.119999885559082,86400
2020-10-14,14.949999809265137,15.739999771118164,13.755000114440918,13.8100004196167,70700
2020-10-15,15.369999885559082,16.049999237060547,14.710000038146973,15.170000076293945,107700
2020-10-16,16.209999084472656,17.040000915527344,15.111000061035156,15.220000267028809,144800
2020-10-19,15.390000343322754,16.510000228881836,15.15999984741211,16.510000228881836,34500
2020-10-20,16.950000762939453,18.15999984741211,14.670000076293945,15.640000343322754,310100
2020-10-21,15.989999771118164,19.40999984741211,15.680000305175781,17.31999969482422,346000
2020-10-22,15.770000457763672,17.149999618530273,15.130000114440918,16.1200008392334,58400
2020-10-23,15.239999771118164,15.800000190734863,14.850000381469727,15.640000343322754,76200
2020-10-26,15.300000190734863,15.390000343322754,14.90999984741211,15.010000228881836,22800
2020-10-27,15.770000457763672,15.954999923706055,15.319999694824219,15.319999694824219,52200
2020-10-28,16.020000457763672,17.0,14.460000038146973,15.420000076293945,80800
2020-10-29,17.219999313354492,18.591999053955078,15.510000228881836,15.760000228881836,344400
2020-10-30,17.209999084472656,17.520000457763672,15.550000190734863,17.190000534057617,252100
2020-11-02,16.860000610351562,17.3799991607666,15.755000114440918,17.260000228881836,147600
2020-11-03,16.969999313354492,17.75,16.399999618530273,17.229999542236328,198100
2020-11-04,18.079999923706055,18.625,17.520000457763672,18.290000915527344,169100
2020-11-05,17.09000015258789,18.489999771118164,16.93000030517578,18.06999969482422,104500
2020-11-06,17.020000457763672,17.81999969482422,16.424999237060547,17.1299991607666,98100
2020-11-09,18.239999771118164,20.010000228881836,17.100000381469727,17.829999923706055,254600
2020-11-10,18.06999969482422,18.7450008392334,17.59000015258789,18.149999618530273,103600
2020-11-11,19.079999923706055,19.979999542236328,16.719999313354492,18.309999465942383,199700
2020-11-12,18.899999618530273,19.5,18.200000762939453,18.989999771118164,84000
2020-11-13,18.799999237060547,19.229999542236328,18.579999923706055,18.579999923706055,57700
2020-11-16,18.84000015258789,19.75,18.079999923706055,19.149999618530273,125500
2020-11-17,19.399999618530273,19.690000534057617,18.979999542236328,18.979999542236328,91800
2020-11-18,17.969999313354492,19.8799991607666,17.700000762939453,19.350000381469727,105500
2020-11-19,18.520000457763672,19.219999313354492,18.0,18.0,67400
2020-11-20,18.739999771118164,19.0,18.290000915527344,18.290000915527344,50300
2020-11-23,18.25,19.014999389648438,18.149999618530273,18.790000915527344,77100
2020-11-24,18.670000076293945,19.190000534057617,18.18000030517578,18.329999923706055,139000
2020-11-25,18.610000610351562,19.0,18.260000228881836,18.579999923706055,59300
2020-11-27,19.469999313354492,19.600000381469727,18.649999618530273,18.65999984741211,42100
2020-11-30,18.709999084472656,19.81999969482422,18.639999389648438,19.6200008392334,73000
2020-12-01,19.260000228881836,19.4950008392334,18.950000762939453,18.969999313354492,76700
2020-12-02,18.43000030517578,19.139999389648438,18.270000457763672,19.110000610351562,40300
2020-12-03,18.530000686645508,19.059999465942383,18.299999237060547,18.469999313354492,37000
2020-12-04,19.25,19.81999969482422,18.405000686645508,19.0,76100
2020-12-07,19.280000686645508,19.55500030517578,19.100000381469727,19.40999984741211,23400
2020-12-08,18.610000610351562,19.875,18.030000686645508,19.329999923706055,122000
2020-12-09,17.899999618530273,18.899999618530273,17.690000534057617,18.780000686645508,112300
2020-12-10,17.530000686645508,18.190000534057617,17.0,18.190000534057617,85000
2020-12-11,18.829999923706055,19.25,17.540000915527344,17.540000915527344,188500
2020-12-14,18.950000762939453,19.700000762939453,18.690000534057617,18.899999618530273,61700
2020-12-15,18.81999969482422,19.433000564575195,18.510000228881836,19.270000457763672,61700
2020-12-16,18.649999618530273,19.440000534057617,18.128000259399414,18.719999313354492,48500
2020-12-17,18.90999984741211,19.1200008392334,18.5,18.94700050354004,69800
2020-12-18,17.700000762939453,19.25,17.3700008392334,19.1299991607666,400400
2020-12-21,18.100000381469727,19.079999923706055,17.277000427246094,17.530000686645508,135500
2020-12-22,17.350000381469727,18.170000076293945,17.260000228881836,17.979999542236328,97400
2020-12-23,17.600000381469727,18.100000381469727,16.799999237060547,17.350000381469727,101000
2020-12-24,17.520000457763672,18.040000915527344,17.299999237060547,17.600000381469727,49000
2020-12-28,16.780000686645508,17.573999404907227,16.440000534057617,17.549999237060547,107400
2020-12-29,15.640000343322754,17.1299991607666,15.460000038146973,16.8799991607666,121700
2020-12-30,18.889999389648438,20.21299934387207,15.640000343322754,15.640000343322754,377300
2020-12-31,18.989999771118164,19.219999313354492,17.559999465942383,18.3700008392334,111800
2021-01-04,18.079999923706055,19.360000610351562,17.709999084472656,18.93000030517578,143200
2021-01-05,16.969999313354492,18.489999771118164,16.780000686645508,18.079999923706055,120400
2021-01-06,17.219999313354492,18.280000686645508,17.040000915527344,17.040000915527344,93300
2021-01-07,17.690000534057617,17.860000610351562,16.665000915527344,16.665000915527344,101900
2021-01-08,16.639999389648438,18.20400047302246,16.309999465942383,17.75,172900
2021-01-11,16.270000457763672,17.094999313354492,15.869999885559082,17.094999313354492,134300
2021-01-12,16.209999084472656,17.299999237060547,15.930000305175781,16.350000381469727,99600
2021-01-13,16.40999984741211,16.75,15.3100004196167,16.299999237060547,150900
2021-01-14,17.18000030517578,17.780000686645508,16.309999465942383,16.309999465942383,225400
2021-01-15,17.389999389648438,18.440000534057617,16.690000534057617,17.0,171600
2021-01-19,16.979999542236328,17.8700008392334,16.260000228881836,17.670000076293945,147800
2021-01-20,16.239999771118164,18.18000030517578,16.06999969482422,17.200000762939453,144000
2021-01-21,15.930000305175781,17.059999465942383,15.479999542236328,16.700000762939453,85400
2021-01-22,16.1299991607666,16.350000381469727,15.430000305175781,15.6899995803833,102100
2021-01-25,16.440000534057617,16.610000610351562,15.789999961853027,16.049999237060547,46000
2021-01-26,16.350000381469727,17.719999313354492,16.200000762939453,16.989999771118164,106000
2021-01-27,15.3100004196167,16.25,15.125,16.25,199600
2021-01-28,15.640000343322754,15.9399995803833,15.3100004196167,15.510000228881836,156300
2021-01-29,15.199999809265137,15.729999542236328,14.460000038146973,15.630000114440918,136100
2021-02-01,15.1899995803833,16.0,14.670000076293945,15.289999961853027,171300
2021-02-02,15.119999885559082,15.489999771118164,14.699999809265137,15.380000114440918,132600
2021-02-03,15.09000015258789,15.595000267028809,14.699999809265137,15.130000114440918,101900
2021-02-04,14.6899995803833,15.218000411987305,14.329999923706055,15.130000114440918,124100
2021-02-05,15.210000038146973,15.479999542236328,14.420000076293945,14.729999542236328,163300
2021-02-08,15.609999656677246,16.06999969482422,15.25,15.359999656677246,469500
2021-02-09,33.5,45.0,27.530000686645508,40.529998779296875,35138300
2021-02-10,37.459999084472656,40.79999923706055,34.61000061035156,36.88999938964844,4472700
2021-02-11,40.45000076293945,42.91999816894531,39.5,40.900001525878906,4699200
2021-02-12,42.56999969482422,43.08000183105469,38.70000076293945,39.020999908447266,1712800
2021-02-16,42.099998474121094,42.314998626708984,39.43899917602539,41.75,1067700
2021-02-17,39.20500183105469,40.849998474121094,36.83000183105469,40.400001525878906,662200
2021-02-18,38.72999954223633,39.97999954223633,37.619998931884766,39.20000076293945,411500
2021-02-19,39.130001068115234,39.790000915527344,38.689998626708984,38.689998626708984,317000
2021-02-22,36.25,39.709999084472656,36.0,38.61000061035156,510500
2021-02-23,34.0,35.9900016784668,31.469999313354492,35.34000015258789,1123300
2021-02-24,34.650001525878906,35.65999984741211,34.04999923706055,34.150001525878906,251900
2021-02-25,33.220001220703125,34.98500061035156,32.95000076293945,34.56999969482422,335300
2021-02-26,32.869998931884766,34.310001373291016,32.22999954223633,33.34000015258789,353400
2021-03-01,33.43000030517578,34.880001068115234,32.90999984741211,33.5099983215332,252200
2021-03-02,32.34000015258789,34.220001220703125,32.2400016784668,33.7400016784668,218500
2021-03-03,32.189998626708984,33.5,31.290000915527344,32.11000061035156,310500
2021-03-04,31.559999465942383,32.619998931884766,30.3799991607666,31.979999542236328,435800
2021-03-05,30.8799991607666,31.829999923706055,29.079999923706055,31.489999771118164,594600
2021-03-08,30.639999389648438,31.6299991607666,29.850000381469727,31.375,223400
2021-03-09,31.469999313354492,32.290000915527344,30.780000686645508,30.780000686645508,279900
2021-03-10,31.420000076293945,32.435001373291016,31.09000015258789,31.850000381469727,310100
2021-03-11,30.989999771118164,31.90999984741211,29.969999313354492,31.5,571800
2021-03-12,32.5,32.66999816894531,30.15999984741211,31.3799991607666,439100
2021-03-15,33.0099983215332,34.38999938964844,32.119998931884766,32.83000183105469,544100
2021-03-16,34.209999084472656,34.650001525878906,32.939998626708984,33.29999923706055,345400
2021-03-17,35.83000183105469,36.209999084472656,33.470001220703125,33.66999816894531,357300
2021-03-18,34.27000045776367,35.7400016784668,33.72999954223633,34.72999954223633,252200
2021-03-19,32.380001068115234,35.0,32.35499954223633,34.97999954223633,1209900
2021-03-22,31.84000015258789,33.4010009765625,31.0,32.099998474121094,302800
2021-03-23,30.56999969482422,32.40999984741211,30.239999771118164,32.060001373291016,292200
2021-03-24,29.190000534057617,30.8700008392334,29.170000076293945,30.59000015258789,204000
2021-03-25,28.920000076293945,29.829999923706055,28.299999237060547,28.790000915527344,277700
2021-03-26,28.0,29.489999771118164,26.790000915527344,28.899999618530273,307500
2021-03-29,26.450000762939453,28.389999389648438,25.969999313354492,28.010000228881836,515100
2021-03-30,25.700000762939453,26.655000686645508,25.25,25.93000030517578,1206500
2021-03-31,25.690000534057617,27.78499984741211,25.489999771118164,26.459999084472656,522200
2021-04-01,27.459999084472656,28.350000381469727,25.780000686645508,25.899999618530273,282500
2021-04-05,28.100000381469727,28.280000686645508,26.950000762939453,27.450000762939453,278700
2021-04-06,26.790000915527344,28.639999389648438,26.780000686645508,28.010000228881836,322700
2021-04-07,26.059999465942383,26.700000762939453,25.5,26.700000762939453,369700
2021-04-08,26.1299991607666,26.700000762939453,25.719999313354492,26.360000610351562,434000
2021-04-09,26.149999618530273,26.75,25.559999465942383,25.84000015258789,189500
2021-04-12,25.229999542236328,26.030000686645508,25.139999389648438,26.030000686645508,299000
2021-04-13,26.149999618530273,26.309999465942383,25.010000228881836,25.360000610351562,277900
2021-04-14,24.920000076293945,26.690000534057617,24.56999969482422,25.959999084472656,704700
2021-04-15,25.200000762939453,26.329999923706055,24.655000686645508,25.270000457763672,469300
2021-04-16,24.450000762939453,25.200000762939453,24.020000457763672,25.200000762939453,319800
2021-04-19,23.1200008392334,24.37299919128418,22.809999465942383,24.299999237060547,531100
2021-04-20,23.610000610351562,24.059999465942383,20.3799991607666,21.2450008392334,1474000
2021-04-21,24.3799991607666,24.43000030517578,22.93000030517578,23.43000030517578,398100
2021-04-22,25.700000762939453,26.5,24.049999237060547,24.43000030517578,533900
2021-04-23,24.469999313354492,25.809999465942383,24.399999618530273,25.579999923706055,292700
2021-04-26,25.799999237060547,26.059999465942383,24.450000762939453,24.610000610351562,222000
2021-04-27,25.059999465942383,26.149999618530273,24.868000030517578,25.75,321100
2021-04-28,25.649999618530273,26.09000015258789,24.739999771118164,25.200000762939453,397800
2021-04-29,25.229999542236328,25.84000015258789,24.809999465942383,25.84000015258789,229600
2021-04-30,24.969999313354492,25.31999969482422,24.575000762939453,24.6200008392334,256200
2021-05-03,24.959999084472656,25.31999969482422,24.489999771118164,24.739999771118164,266800
2021-05-04,24.75,24.899999618530273,24.0,24.829999923706055,179900
2021-05-05,24.940000534057617,25.65999984741211,24.309999465942383,24.709999084472656,150400
2021-05-06,24.780000686645508,25.040000915527344,23.809999465942383,25.040000915527344,232900
2021-05-07,25.219999313354492,25.579999923706055,24.329999923706055,24.549999237060547,388100
2021-05-10,24.649999618530273,24.940000534057617,23.889999389648438,24.90999984741211,261300
2021-05-11,25.40999984741211,25.520000457763672,23.700000762939453,23.93000030517578,142600
2021-05-12,24.809999465942383,25.639999389648438,24.3700008392334,25.06999969482422,354200
2021-05-13,25.110000610351562,25.475000381469727,24.110000610351562,24.829999923706055,147800
2021-05-14,26.059999465942383,26.200000762939453,24.670000076293945,24.780000686645508,150500
2021-05-17,26.780000686645508,28.149999618530273,26.200000762939453,26.200000762939453,199600
2021-05-18,27.280000686645508,27.809999465942383,26.760000228881836,26.920000076293945,189000
2021-05-19,25.5,26.979999542236328,25.1200008392334,26.68000030517578,173300
2021-05-20,25.6200008392334,26.200000762939453,24.875999450683594,25.6200008392334,303600
2021-05-21,26.06999969482422,26.649999618530273,25.459999084472656,25.760000228881836,129400
2021-05-24,24.610000610351562,26.59000015258789,24.3799991607666,26.209999084472656,529000
2021-05-25,24.899999618530273,25.110000610351562,24.049999237060547,24.690000534057617,231500
2021-05-26,25.950000762939453,26.06999969482422,25.09000015258789,25.110000610351562,127200
2021-05-27,26.84000015258789,26.8799991607666,25.540000915527344,25.540000915527344,161600
2021-05-28,27.0,27.8799991607666,26.68000030517578,27.18000030517578,196100
2021-06-01,26.989999771118164,27.25,26.219999313354492,26.93000030517578,199500
2021-06-02,26.639999389648438,27.360000610351562,25.829999923706055,27.139999389648438,157800
2021-06-03,26.399999618530273,26.700000762939453,25.829999923706055,26.290000915527344,91300
2021-06-04,26.43000030517578,26.739999771118164,26.125,26.68000030517578,81300
2021-06-07,28.079999923706055,28.31999969482422,26.1200008392334,26.559999465942383,149700
2021-06-08,29.049999237060547,29.170000076293945,27.799999237060547,28.18000030517578,124500
2021-06-09,29.299999237060547,30.25,29.15999984741211,29.270000457763672,171100
2021-06-10,28.899999618530273,29.559999465942383,28.375999450683594,29.1200008392334,111700
2021-06-11,28.739999771118164,29.450000762939453,28.34000015258789,28.764999389648438,91400
2021-06-14,28.34000015258789,28.770000457763672,27.530000686645508,28.450000762939453,152400
2021-06-15,28.520000457763672,28.690000534057617,27.670000076293945,28.389999389648438,134100
2021-06-16,29.34000015258789,29.4950008392334,27.729999542236328,28.040000915527344,212800
2021-06-17,29.90999984741211,30.700000762939453,28.90999984741211,28.90999984741211,184900
2021-06-18,28.030000686645508,30.145000457763672,27.56999969482422,29.729999542236328,1511900
2021-06-21,26.010000228881836,28.31999969482422,25.65999984741211,28.010000228881836,212300
2021-06-22,26.200000762939453,26.25,25.219999313354492,25.780000686645508,160600
2021-06-23,26.790000915527344,26.940000534057617,25.90999984741211,26.290000915527344,92700
2021-06-24,28.0,28.260000228881836,26.93000030517578,26.93000030517578,135500
2021-06-25,27.959999084472656,28.649999618530273,27.46500015258789,28.170000076293945,862200
2021-06-28,24.790000915527344,28.18000030517578,24.31999969482422,28.18000030517578,634200
2021-06-29,23.989999771118164,25.239999771118164,23.5,25.059999465942383,657200
2021-06-30,23.959999084472656,24.559999465942383,23.5,24.040000915527344,307100
2021-07-01,24.489999771118164,24.56999969482422,23.290000915527344,23.809999465942383,178200
2021-07-02,23.440000534057617,24.799999237060547,23.15999984741211,24.200000762939453,209200
2021-07-06,22.979999542236328,23.40999984741211,22.700000762939453,23.219999313354492,183900
2021-07-07,22.770000457763672,23.309999465942383,22.40999984741211,23.1299991607666,304300
2021-07-08,23.0,23.3799991607666,22.299999237060547,22.75,198600
2021-07-09,22.959999084472656,23.440000534057617,22.649999618530273,23.059999465942383,140300
2021-07-12,22.559999465942383,23.739999771118164,22.479999542236328,23.5,172900
2021-07-13,21.809999465942383,22.899999618530273,21.639999389648438,22.600000381469727,189700
2021-07-14,21.889999389648438,22.579999923706055,21.5,21.81999969482422,247700
2021-07-15,21.959999084472656,22.479999542236328,21.6200008392334,22.010000228881836,334500
2021-07-16,21.90999984741211,22.25,21.600000381469727,22.110000610351562,178800
2021-07-19,21.1200008392334,21.959999084472656,20.8700008392334,21.40999984741211,188300
2021-07-20,21.8799991607666,21.950000762939453,21.010000228881836,21.020000457763672,436400
2021-07-21,22.1299991607666,22.850000381469727,21.600000381469727,21.860000610351562,347800
2021-07-22,21.15999984741211,22.190000534057617,21.030000686645508,22.190000534057617,164200
2021-07-23,21.270000457763672,22.1200008392334,20.790000915527344,22.1200008392334,239600
2021-07-26,21.229999542236328,21.905000686645508,21.0,21.360000610351562,121600
2021-07-27,20.5,21.139999389648438,20.350000381469727,20.610000610351562,97200
2021-07-28,21.299999237060547,21.440000534057617,20.3799991607666,20.6299991607666,91700
2021-07-29,20.639999389648438,21.489999771118164,20.530000686645508,21.489999771118164,94100
2021-07-30,20.139999389648438,20.860000610351562,19.989999771118164,20.68000030517578,100000
2021-08-02,20.450000762939453,20.799999237060547,19.93000030517578,20.360000610351562,138900
2021-08-03,20.649999618530273,20.860000610351562,19.825000762939453,20.469999313354492,110300
2021-08-04,19.8799991607666,20.989999771118164,19.790000915527344,20.520000457763672,87400
2021-08-05,20.389999389648438,20.600000381469727,19.489999771118164,19.799999237060547,107800
2021-08-06,19.920000076293945,20.510000228881836,19.84000015258789,20.510000228881836,141100
2021-08-09,19.68000030517578,20.18000030517578,19.530000686645508,19.959999084472656,83900
2021-08-10,19.219999313354492,19.93000030517578,18.90999984741211,19.75,101900
2021-08-11,19.34000015258789,19.489999771118164,18.860000610351562,19.290000915527344,48300
2021-08-12,19.399999618530273,19.6200008392334,18.860000610351562,19.440000534057617,68700
2021-08-13,19.309999465942383,19.774999618530273,19.187000274658203,19.530000686645508,120900
2021-08-16,18.6200008392334,19.299999237060547,18.559999465942383,19.299999237060547,83500
2021-08-17,19.09000015258789,19.729999542236328,18.40999984741211,18.444000244140625,90500
2021-08-18,18.06999969482422,19.049999237060547,17.989999771118164,19.030000686645508,99800
2021-08-19,17.899999618530273,18.6200008392334,17.469999313354492,17.90999984741211,120500
2021-08-20,18.40999984741211,18.844999313354492,17.530000686645508,17.90999984741211,387800
2021-08-23,19.850000381469727,19.90999984741211,18.729999542236328,18.81999969482422,125300
2021-08-24,19.3799991607666,19.860000610351562,18.709999084472656,19.770000457763672,88200
2021-08-25,20.010000228881836,20.020000457763672,19.299999237060547,19.5,88000
2021-08-26,19.8799991607666,21.0,19.139999389648438,19.614999771118164,103900
2021-08-27,21.06999969482422,21.290000915527344,19.860000610351562,20.059999465942383,238300
2021-08-30,20.18000030517578,21.43000030517578,19.84000015258789,21.200000762939453,110600
2021-08-31,20.440000534057617,20.725000381469727,20.059999465942383,20.270000457763672,109400
2021-09-01,20.760000228881836,20.8700008392334,20.110000610351562,20.5,90800
2021-09-02,20.8799991607666,21.299999237060547,20.1299991607666,21.0,110000
2021-09-03,20.260000228881836,21.0,20.09000015258789,20.639999389648438,101800
2021-09-07,20.5,20.989999771118164,20.363000869750977,20.389999389648438,114800
2021-09-08,20.31999969482422,20.850000381469727,20.010000228881836,20.59000015258789,132900
2021-09-09,21.110000610351562,21.700000762939453,20.06999969482422,20.06999969482422,133600
2021-09-10,20.200000762939453,21.764999389648438,20.15999984741211,21.690000534057617,155400
2021-09-13,20.15999984741211,20.735000610351562,19.510000228881836,20.270000457763672,162500
2021-09-14,19.110000610351562,21.0,19.059999465942383,20.65999984741211,174900
2021-09-15,19.25,19.81999969482422,18.854999542236328,19.260000228881836,204200
2021-09-16,19.520000457763672,19.6200008392334,18.549999237060547,19.190000534057617,197400
2021-09-17,19.25,19.969999313354492,19.1299991607666,19.709999084472656,893800
2021-09-20,17.950000762939453,18.860000610351562,17.790000915527344,18.670000076293945,255500
2021-09-21,18.3799991607666,18.469999313354492,18.030000686645508,18.139999389648438,153300
2021-09-22,18.600000381469727,18.940000534057617,18.280000686645508,18.65999984741211,134300
2021-09-23,18.8799991607666,19.0,18.329999923706055,18.780000686645508,227200
2021-09-24,18.549999237060547,19.0,18.34000015258789,18.610000610351562,208100
2021-09-27,18.899999618530273,19.19499969482422,18.549999237060547,18.6200008392334,218300
2021-09-28,17.700000762939453,18.81999969482422,17.6200008392334,18.770000457763672,244400
2021-09-29,17.110000610351562,19.06599998474121,16.860000610351562,17.81999969482422,387200
2021-09-30,17.450000762939453,17.594999313354492,17.110000610351562,17.329999923706055,491000
2021-10-01,17.329999923706055,17.469999313354492,16.989999771118164,17.469999313354492,205700
2021-10-04,17.149999618530273,17.270000457763672,16.889999389648438,17.200000762939453,310000
2021-10-05,16.8799991607666,17.34000015258789,16.709999084472656,17.06999969482422,321200
2021-10-06,16.950000762939453,17.25,16.489999771118164,16.68000030517578,152800
2021-10-07,17.389999389648438,17.43000030517578,16.815000534057617,17.06999969482422,228200
2021-10-08,17.399999618530273,17.559999465942383,16.90999984741211,17.3799991607666,133500
2021-10-11,17.770000457763672,17.989999771118164,17.350000381469727,17.350000381469727,113400
2021-10-12,17.889999389648438,18.0,17.549999237060547,17.8700008392334,102100
2021-10-13,18.280000686645508,18.280000686645508,17.829999923706055,18.059999465942383,83800
2021-10-14,17.489999771118164,18.530000686645508,17.309999465942383,18.450000762939453,666900
2021-10-15,17.209999084472656,18.139999389648438,17.139999389648438,17.799999237060547,148900
2021-10-18,17.170000076293945,17.229999542236328,16.649999618530273,17.170000076293945,220500
2021-10-19,17.68000030517578,17.959999084472656,17.389999389648438,17.389999389648438,117000
2021-10-20,17.479999542236328,17.892000198364258,16.799999237060547,17.59000015258789,99100
2021-10-21,17.450000762939453,17.790000915527344,16.8700008392334,17.399999618530273,167900
2021-10-22,16.799999237060547,17.510000228881836,16.559999465942383,17.510000228881836,132900
2021-10-25,16.649999618530273,16.969999313354492,16.049999237060547,16.790000915527344,281800
2021-10-26,16.3799991607666,16.920000076293945,16.280000686645508,16.434999465942383,341400
2021-10-27,16.440000534057617,16.899999618530273,15.805000305175781,16.43000030517578,260400
2021-10-28,17.56999969482422,17.65999984741211,16.16699981689453,16.459999084472656,117100
2021-10-29,17.979999542236328,18.06999969482422,17.15999984741211,17.399999618530273,278000
2021-11-01,18.25,18.450000762939453,17.690000534057617,18.100000381469727,215100
2021-11-02,18.09000015258789,18.25,17.65999984741211,18.25,82100
2021-11-03,18.219999313354492,18.299999237060547,17.975000381469727,18.079999923706055,136000
2021-11-04,18.06999969482422,18.299999237060547,17.714000701904297,18.139999389648438,113700
2021-11-05,18.15999984741211,18.360000610351562,17.65999984741211,17.8799991607666,178700
2021-11-08,17.899999618530273,18.360000610351562,17.6299991607666,18.360000610351562,86500
2021-11-09,18.030000686645508,18.239999771118164,17.549999237060547,18.0,115100
2021-11-10,17.969999313354492,18.25,17.7549991607666,17.889999389648438,78200
2021-11-11,17.510000228881836,17.959999084472656,17.49799919128418,17.760000228881836,76700
2021-11-12,17.670000076293945,17.760000228881836,17.15999984741211,17.68000030517578,59400
2021-11-15,17.420000076293945,17.780000686645508,17.1200008392334,17.780000686645508,104100
2021-11-16,17.6299991607666,17.799999237060547,17.049999237060547,17.329999923706055,104500
2021-11-17,17.6299991607666,17.799999237060547,17.40999984741211,17.559999465942383,124900
2021-11-18,17.0,17.780000686645508,16.809999465942383,17.780000686645508,151600
2021-11-19,16.610000610351562,17.21500015258789,16.389999389648438,16.81999969482422,90200
2021-11-22,16.270000457763672,16.760000228881836,16.190000534057617,16.729999542236328,152300
2021-11-23,15.989999771118164,16.93000030517578,15.479999542236328,16.15999984741211,485100
2021-11-24,15.9399995803833,16.40999984741211,15.720000267028809,15.899999618530273,108500
2021-11-26,15.079999923706055,15.979999542236328,14.904999732971191,15.630000114440918,123200
2021-11-29,14.8100004196167,16.360000610351562,14.670000076293945,15.399999618530273,132400
2021-11-30,14.5,14.949999809265137,14.270000457763672,14.680000305175781,518400
2021-12-01,13.630000114440918,14.960000038146973,13.600000381469727,14.859999656677246,456000
2021-12-02,13.449999809265137,14.024999618530273,13.194999694824219,13.789999961853027,557000
2021-12-03,12.359999656677246,13.640000343322754,12.119999885559082,13.539999961853027,402000
2021-12-06,12.479999542236328,12.855999946594238,11.989999771118164,12.40999984741211,207300
2021-12-07,13.1899995803833,13.5,12.600000381469727,12.920000076293945,233500
2021-12-08,13.5600004196167,13.699999809265137,13.130000114440918,13.300000190734863,286000
2021-12-09,13.729999542236328,14.199999809265137,13.520000457763672,13.520000457763672,169100
2021-12-10,13.510000228881836,14.079999923706055,13.029999732971191,13.489999771118164,174800
2021-12-13,13.710000038146973,13.949999809265137,13.279999732971191,13.350000381469727,201400
2021-12-14,13.15999984741211,13.9399995803833,12.960000038146973,13.479999542236328,194800
2021-12-15,13.569999694824219,13.6899995803833,12.569999694824219,13.130000114440918,259000
2021-12-16,13.149999618530273,13.880000114440918,13.079999923706055,13.630000114440918,256500
2021-12-17,13.199999809265137,13.744999885559082,12.850000381469727,13.170000076293945,541300
2021-12-20,13.369999885559082,13.630000114440918,12.579999923706055,12.90999984741211,203200
2021-12-21,13.90999984741211,13.979999542236328,13.25,13.4399995803833,237400
2021-12-22,14.100000381469727,14.130000114440918,13.670000076293945,13.9399995803833,149000
2021-12-23,14.4399995803833,14.5,14.079999923706055,14.079999923706055,86400
2021-12-27,14.100000381469727,14.539999961853027,13.989999771118164,14.470000267028809,103000
2021-12-28,14.010000228881836,14.399999618530273,13.930000305175781,14.020000457763672,118900
2021-12-29,13.239999771118164,14.109999656677246,13.15999984741211,14.109999656677246,640000
2021-12-30,13.579999923706055,14.0,13.180000305175781,13.180000305175781,82900
2021-12-31,13.229999542236328,14.0,13.199999809265137,13.550000190734863,59900
2022-01-03,13.90999984741211,14.039999961853027,13.140000343322754,13.270000457763672,152200
2022-01-04,13.609999656677246,14.1850004196167,13.289999961853027,14.029999732971191,166600
2022-01-05,12.84000015258789,13.609999656677246,12.760000228881836,13.479999542236328,146900
2022-01-06,13.270000457763672,13.364999771118164,12.5,12.800000190734863,156000
2022-01-07,12.989999771118164,13.729999542236328,12.861000061035156,13.020000457763672,168200
2022-01-10,12.920000076293945,13.079999923706055,12.350000381469727,12.770000457763672,170300
2022-01-11,13.100000381469727,13.335000038146973,12.579999923706055,12.970000267028809,80400
2022-01-12,12.449999809265137,13.279999732971191,12.420000076293945,13.279999732971191,168800
2022-01-13,11.979999542236328,12.75,11.890000343322754,12.630000114440918,172700
2022-01-14,12.539999961853027,12.645000457763672,11.649999618530273,11.84000015258789,244200
2022-01-18,11.800000190734863,12.279999732971191,11.680000305175781,12.260000228881836,209200
2022-01-19,11.770000457763672,12.21500015258789,11.649999618530273,11.930000305175781,111200
2022-01-20,11.84000015258789,12.4350004196167,11.680000305175781,11.850000381469727,181000
2022-01-21,11.609999656677246,11.899999618530273,11.510000228881836,11.619999885559082,185900
2022-01-24,11.6899995803833,11.760000228881836,11.0,11.279999732971191,249800
2022-01-25,11.5600004196167,11.779999732971191,11.0,11.510000228881836,228700
2022-01-26,11.720000267028809,12.555000305175781,11.170000076293945,11.600000381469727,764500
2022-01-27,11.199999809265137,12.039999961853027,11.079999923706055,11.739999771118164,224300
2022-01-28,11.720000267028809,11.739999771118164,10.789999961853027,11.109999656677246,195400
2022-01-31,12.619999885559082,12.699999809265137,11.479999542236328,11.479999542236328,154000
2022-02-01,12.720000267028809,13.234999656677246,12.399999618530273,12.649999618530273,131200
2022-02-02,12.640000343322754,13.444999694824219,12.359999656677246,12.819999694824219,188800
2022-02-03,12.369999885559082,12.819999694824219,12.260000228881836,12.369999885559082,120800
2022-02-04,13.1899995803833,13.350000381469727,12.329999923706055,12.520000457763672,297600
2022-02-07,13.789999961853027,14.039999961853027,13.09000015258789,13.09000015258789,354600
2022-02-08,14.3100004196167,14.3100004196167,13.510000228881836,13.710000038146973,383900
2022-02-09,15.180000305175781,15.350000381469727,13.984999656677246,13.984999656677246,240200
2022-02-10,15.109999656677246,15.720000267028809,14.60099983215332,14.729999542236328,320000
2022-02-11,15.0600004196167,15.5,14.78499984741211,15.119999885559082,114300
2022-02-14,15.579999923706055,15.880000114440918,14.760000228881836,14.880000114440918,237500
2022-02-15,16.479999542236328,16.600000381469727,15.119999885559082,15.850000381469727,163600
2022-02-16,15.920000076293945,16.260000228881836,15.619999885559082,16.200000762939453,116200
2022-02-17,15.600000381469727,15.954999923706055,15.079999923706055,15.539999961853027,190000
2022-02-18,15.550000190734863,15.970000267028809,15.279999732971191,15.5,145600
2022-02-22,15.789999961853027,15.989999771118164,15.1899995803833,15.4399995803833,160000
2022-02-23,15.270000457763672,16.020000457763672,15.180000305175781,15.960000038146973,287300
2022-02-24,16.010000228881836,16.020000457763672,14.59000015258789,14.729999542236328,323100
2022-02-25,16.06999969482422,16.309999465942383,15.489999771118164,16.049999237060547,174200
2022-02-28,16.049999237060547,16.360000610351562,15.710000038146973,15.710000038146973,128300
2022-03-01,15.9399995803833,16.3700008392334,15.845000267028809,15.949999809265137,102300
2022-03-02,16.299999237060547,16.450000762939453,15.6899995803833,16.09000015258789,88900
2022-03-03,16.0,16.809999465942383,15.680000305175781,16.469999313354492,135200
2022-03-04,15.720000267028809,16.0,15.539999961853027,15.880000114440918,115500
2022-03-07,15.84000015258789,16.299999237060547,15.529999732971191,15.670000076293945,165300
2022-03-08,16.1299991607666,16.75,15.399999618530273,15.670000076293945,152900
2022-03-09,16.969999313354492,17.344999313354492,16.059999465942383,16.059999465942383,146900
2022-03-10,16.3799991607666,17.15999984741211,16.184999465942383,16.790000915527344,106700
2022-03-11,15.390000343322754,16.299999237060547,15.15999984741211,16.299999237060547,206300
2022-03-14,14.380000114440918,15.579999923706055,14.244999885559082,15.270000457763672,238600
2022-03-15,14.5,14.819999694824219,14.289999961853027,14.470000267028809,326700
2022-03-16,14.4399995803833,14.930000305175781,13.819999694824219,14.829999923706055,218200
2022-03-17,15.350000381469727,15.380000114440918,14.015000343322754,14.699999809265137,250200
2022-03-18,15.640000343322754,16.079999923706055,15.279999732971191,15.350000381469727,613800
2022-03-21,15.0600004196167,15.539999961853027,14.829999923706055,15.199999809265137,136700
2022-03-22,16.34000015258789,16.399999618530273,15.1899995803833,15.1899995803833,113400
2022-03-23,16.229999542236328,16.979999542236328,16.09000015258789,16.09000015258789,71200
2022-03-24,16.520000457763672,16.889999389648438,16.200000762939453,16.469999313354492,72900
2022-03-25,16.020000457763672,16.43000030517578,15.859999656677246,16.43000030517578,82600
2022-03-28,15.9399995803833,16.350000381469727,15.510000228881836,16.1299991607666,71500
2022-03-29,16.1299991607666,16.645000457763672,15.739999771118164,15.949999809265137,127500
2022-03-30,14.989999771118164,16.15999984741211,14.920000076293945,16.110000610351562,136200
2022-03-31,14.739999771118164,15.010000228881836,14.640000343322754,14.930000305175781,106500
2022-04-01,15.0,15.265000343322754,14.789999961853027,14.819999694824219,168500
2022-04-04,15.100000381469727,15.399999618530273,14.979999542236328,15.399999618530273,126800
2022-04-05,14.729999542236328,15.59000015258789,14.640000343322754,15.069999694824219,136300
2022-04-06,14.699999809265137,14.805000305175781,14.260000228881836,14.59000015258789,113900
2022-04-07,14.960000038146973,15.149999618530273,14.399999618530273,14.699999809265137,565600
2022-04-08,14.1899995803833,15.260000228881836,14.15999984741211,14.960000038146973,1109500
2022-04-11,13.899999618530273,14.069999694824219,13.569999694824219,13.989999771118164,151900
2022-04-12,14.260000228881836,14.65999984741211,13.859999656677246,14.109999656677246,105400
2022-04-13,14.8100004196167,14.90999984741211,14.220000267028809,14.3100004196167,166400
2022-04-14,14.359999656677246,14.829999923706055,14.34000015258789,14.829999923706055,98000
2022-04-18,13.84000015258789,14.40999984741211,13.800000190734863,14.399999618530273,153400
2022-04-19,13.829999923706055,14.149999618530273,13.75,13.920000076293945,127400
2022-04-20,13.920000076293945,14.050000190734863,13.59000015258789,13.850000381469727,201600
2022-04-21,14.069999694824219,14.225000381469727,13.875,14.0,239400
2022-04-22,13.609999656677246,14.300000190734863,13.574999809265137,13.960000038146973,131200
2022-04-25,13.59000015258789,13.765000343322754,13.270000457763672,13.510000228881836,144000
2022-04-26,12.649999618530273,13.510000228881836,12.545000076293945,13.510000228881836,221000
2022-04-27,12.680000305175781,13.170000076293945,12.619999885559082,12.630000114440918,134800
2022-04-28,12.84000015258789,12.930000305175781,12.149999618530273,12.800000190734863,161000
2022-04-29,12.729999542236328,13.25,12.609999656677246,12.770000457763672,172000
2022-05-02,13.460000038146973,13.470000267028809,12.6899995803833,12.6899995803833,212800
2022-05-03,13.130000114440918,13.869999885559082,12.90999984741211,13.300000190734863,258300
2022-05-04,12.75,13.180000305175781,12.399999618530273,13.180000305175781,185000
2022-05-05,12.109999656677246,12.739999771118164,11.9399995803833,12.609999656677246,254200
2022-05-06,11.359999656677246,12.149999618530273,11.270000457763672,11.989999771118164,185000
2022-05-09,10.930000305175781,11.380000114440918,10.6899995803833,11.1899995803833,332100
2022-05-10,11.149999618530273,11.729999542236328,11.109999656677246,11.4399995803833,553400
2022-05-11,9.6899995803833,11.1899995803833,9.350000381469727,11.1899995803833,770500
2022-05-12,9.510000228881836,10.050000190734863,9.399999618530273,9.609999656677246,373300
2022-05-13,9.710000038146973,9.90999984741211,9.5600004196167,9.710000038146973,410700
2022-05-16,9.15999984741211,9.880000114440918,9.069999694824219,9.609999656677246,358500
2022-05-17,9.279999732971191,9.585000038146973,9.260000228881836,9.430000305175781,645300
2022-05-18,9.180000305175781,9.220000267028809,8.65999984741211,9.0,423300
2022-05-19,9.199999809265137,9.489999771118164,9.119999885559082,9.199999809265137,208900
2022-05-20,9.020000457763672,9.630000114440918,8.859999656677246,9.399999618530273,311500
2022-05-23,9.25,9.350000381469727,8.949999809265137,9.130000114440918,217000
2022-05-24,8.979999542236328,9.100000381469727,8.789999961853027,9.100000381469727,150200
2022-05-25,8.520000457763672,9.104999542236328,8.479999542236328,8.920000076293945,1025900
2022-05-26,8.600000381469727,8.850000381469727,8.5,8.529999732971191,259800
2022-05-27,8.979999542236328,9.079999923706055,8.51099967956543,8.65999984741211,1028700
2022-05-31,8.890000343322754,9.180000305175781,8.829999923706055,8.949999809265137,376200
2022-06-01,8.739999771118164,8.960000038146973,8.399999618530273,8.960000038146973,393400
2022-06-02,8.6899995803833,8.920000076293945,8.614999771118164,8.770000457763672,357500
2022-06-03,9.0,9.050000190734863,8.6899995803833,8.6899995803833,702800
2022-06-06,8.680000305175781,9.3149995803833,8.550000190734863,8.949999809265137,331900
2022-06-07,8.850000381469727,8.920000076293945,8.5600004196167,8.670000076293945,507200
2022-06-08,8.399999618530273,8.729999542236328,8.114999771118164,8.729999542236328,405900
2022-06-09,8.550000190734863,8.84000015258789,8.210000038146973,8.350000381469727,521400
2022-06-10,8.350000381469727,8.470000267028809,8.180000305175781,8.390000343322754,422900
2022-06-13,8.15999984741211,8.329999923706055,8.0,8.109999656677246,360700
2022-06-14,8.380000114440918,8.399999618530273,8.079999923706055,8.319999694824219,232800
2022-06-15,8.90999984741211,9.010000228881836,8.460000038146973,8.460000038146973,365500
2022-06-16,8.479999542236328,8.789999961853027,8.390000343322754,8.65999984741211,330700
2022-06-17,9.119999885559082,9.399999618530273,8.470000267028809,8.470000267028809,1214400
2022-06-21,9.510000228881836,9.789999961853027,9.020000457763672,9.020000457763672,244900
2022-06-22,9.619999885559082,9.949999809265137,9.399999618530273,9.479999542236328,251700
2022-06-23,10.359999656677246,10.399999618530273,9.680000305175781,9.680000305175781,192100
2022-06-24,10.329999923706055,10.579999923706055,10.0600004196167,10.390000343322754,1065900
2022-06-27,10.0600004196167,10.380000114440918,9.989999771118164,10.210000038146973,137700
2022-06-28,9.619999885559082,10.149999618530273,9.479999542236328,10.069999694824219,107900
2022-06-29,9.680000305175781,9.819999694824219,9.241999626159668,9.5,114500
2022-06-30,9.84000015258789,9.920000076293945,9.289999961853027,9.489999771118164,99900
2022-07-01,9.899999618530273,10.079999923706055,9.494999885559082,9.819999694824219,104800
2022-07-05,9.850000381469727,9.970000267028809,9.649999618530273,9.739999771118164,148000
2022-07-06,10.010000228881836,10.300000190734863,9.59000015258789,9.84000015258789,117900
2022-07-07,10.979999542236328,11.289999961853027,10.050000190734863,10.050000190734863,173300
2022-07-08,11.069999694824219,11.220000267028809,10.6899995803833,10.6899995803833,130500
2022-07-11,10.59000015258789,11.010000228881836,10.539999961853027,11.010000228881836,115400
2022-07-12,11.8100004196167,11.850000381469727,10.390000343322754,10.640000343322754,362600
2022-07-13,12.430000305175781,12.539999961853027,10.496000289916992,11.569999694824219,187400
2022-07-14,12.039999961853027,12.350000381469727,11.710000038146973,12.210000038146973,111200
2022-07-15,12.329999923706055,12.529999732971191,11.829999923706055,11.90999984741211,188000
2022-07-18,12.109999656677246,12.654999732971191,12.029999732971191,12.460000038146973,158000
2022-07-19,12.529999732971191,12.604999542236328,11.9399995803833,12.130000114440918,166800
2022-07-20,13.460000038146973,13.609999656677246,12.619999885559082,12.619999885559082,346600
2022-07-21,13.630000114440918,13.710000038146973,13.119999885559082,13.369999885559082,169900
2022-07-22,13.449999809265137,13.699999809265137,13.210000038146973,13.600000381469727,239600
2022-07-25,13.199999809265137,13.630000114440918,13.140000343322754,13.289999961853027,138400
2022-07-26,12.90999984741211,13.289999961853027,12.6899995803833,13.130000114440918,104500
2022-07-27,13.09000015258789,13.244999885559082,12.647000312805176,12.989999771118164,92500
2022-07-28,12.829999923706055,13.09000015258789,12.789999961853027,13.09000015258789,73300
2022-07-29,12.350000381469727,12.75,12.289999961853027,12.75,109600
2022-08-01,12.210000038146973,12.670000076293945,12.114999771118164,12.199999809265137,70300
2022-08-02,12.1899995803833,12.399999618530273,11.944999694824219,12.100000381469727,65500
2022-08-03,13.140000343322754,13.260000228881836,12.390000343322754,12.390000343322754,163100
2022-08-04,13.15999984741211,13.430000305175781,13.0,13.220000267028809,151700
2022-08-05,13.760000228881836,13.779999732971191,12.920000076293945,12.970000267028809,152500
2022-08-08,13.100000381469727,14.029999732971191,12.90999984741211,13.8100004196167,156300
2022-08-09,12.979999542236328,13.199999809265137,12.550000190734863,12.970000267028809,68900
2022-08-10,13.710000038146973,13.899999618530273,12.380000114440918,13.289999961853027,138900
2022-08-11,13.760000228881836,14.34000015258789,12.989999771118164,13.770000457763672,228300
2022-08-12,14.819999694824219,14.949999809265137,13.739999771118164,13.829999923706055,260300
2022-08-15,15.8100004196167,15.819999694824219,14.65999984741211,14.65999984741211,211100
2022-08-16,15.380000114440918,15.850000381469727,14.989999771118164,15.5600004196167,654800
2022-08-17,15.210000038146973,15.619999885559082,14.699999809265137,15.229999542236328,238600
2022-08-18,15.1899995803833,15.329999923706055,14.699999809265137,14.960000038146973,165300
2022-08-19,15.010000228881836,15.050000190734863,14.539999961853027,14.930000305175781,216000
2022-08-22,16.479999542236328,16.850000381469727,14.949999809265137,15.0,314500
2022-08-23,16.469999313354492,16.809999465942383,16.1299991607666,16.280000686645508,185900
2022-08-24,16.479999542236328,16.75,16.2450008392334,16.399999618530273,86700
2022-08-25,16.579999923706055,17.0,16.459999084472656,16.479999542236328,118000
2022-08-26,16.270000457763672,16.69499969482422,16.06999969482422,16.420000076293945,271400
2022-08-29,16.68000030517578,16.860000610351562,16.0,16.0,155200
2022-08-30,16.309999465942383,16.8799991607666,16.209999084472656,16.649999618530273,165100
2022-08-31,16.469999313354492,16.489999771118164,15.960000038146973,16.450000762939453,180700
2022-09-01,16.829999923706055,16.8799991607666,16.239999771118164,16.399999618530273,130100
2022-09-02,16.139999389648438,17.059999465942383,16.079999923706055,16.969999313354492,152800
2022-09-06,15.479999542236328,16.399999618530273,15.369999885559082,16.239999771118164,274400
2022-09-07,15.649999618530273,15.649999618530273,15.225000381469727,15.390000343322754,171500
2022-09-08,15.84000015258789,16.18000030517578,15.15999984741211,15.359999656677246,122600
2022-09-09,15.869999885559082,16.22599983215332,15.444999694824219,16.0,103700
2022-09-12,15.550000190734863,16.110000610351562,15.399999618530273,16.110000610351562,63300
2022-09-13,15.260000228881836,15.710000038146973,14.979999542236328,15.15999984741211,141500
2022-09-14,15.069999694824219,15.479999542236328,14.890000343322754,15.109999656677246,219400
2022-09-15,14.8100004196167,15.5,14.420000076293945,15.100000381469727,197000
2022-09-16,14.989999771118164,15.074999809265137,13.979999542236328,14.430000305175781,413500
2022-09-19,15.0,15.220000267028809,14.600000381469727,15.050000190734863,320100
2022-09-20,14.529999732971191,15.15999984741211,14.0,15.0,269600
2022-09-21,13.8100004196167,14.649999618530273,13.770000457763672,14.649999618530273,100900
2022-09-22,13.6899995803833,13.760000228881836,13.420000076293945,13.760000228881836,77500
2022-09-23,13.260000228881836,13.619999885559082,13.079999923706055,13.619999885559082,117300
2022-09-26,13.380000114440918,13.6899995803833,13.100000381469727,13.220000267028809,78600
2022-09-27,14.3100004196167,14.34000015258789,13.460000038146973,13.460000038146973,133400
2022-09-28,14.800000190734863,15.109999656677246,14.270000457763672,14.430000305175781,134900
2022-09-29,14.0,14.90999984741211,13.664999961853027,14.609999656677246,99500
2022-09-30,14.510000228881836,14.989999771118164,14.039999961853027,14.039999961853027,82000
2022-10-03,14.239999771118164,14.729999542236328,14.0,14.729999542236328,61800
2022-10-04,5.849999904632568,7.559999942779541,5.769999980926514,6.989999771118164,5571500
2022-10-05,5.150000095367432,5.90500020980835,5.130000114440918,5.869999885559082,1808000
2022-10-06,4.929999828338623,5.260000228881836,4.880000114440918,5.170000076293945,1449700
2022-10-07,4.949999809265137,4.989999771118164,4.619999885559082,4.75,1001900
2022-10-10,4.690000057220459,4.96999979019165,4.519999980926514,4.849999904632568,607200
2022-10-11,4.610000133514404,4.849999904632568,4.53000020980835,4.760000228881836,670400
2022-10-12,4.53000020980835,4.730000019073486,4.369999885559082,4.619999885559082,721300
2022-10-13,4.53000020980835,4.610000133514404,4.440000057220459,4.5,584100
2022-10-14,4.559999942779541,4.730000019073486,4.5,4.539999961853027,520200
2022-10-17,4.53000020980835,4.670000076293945,4.480000019073486,4.570000171661377,396900
2022-10-18,4.539999961853027,4.690000057220459,4.53000020980835,4.559999942779541,335800
2022-10-19,4.199999809265137,4.53000020980835,4.119999885559082,4.53000020980835,702900
2022-10-20,4.380000114440918,4.519999980926514,4.119999885559082,4.199999809265137,437900
2022-10-21,4.380000114440918,4.5,4.309999942779541,4.400000095367432,382700
2022-10-24,4.269999980926514,4.420000076293945,4.230000019073486,4.409999847412109,276700
2022-10-25,4.510000228881836,4.53000020980835,4.260000228881836,4.260000228881836,330600
2022-10-26,4.699999809265137,4.840000152587891,4.420000076293945,4.519999980926514,289600
2022-10-27,5.010000228881836,5.03000020980835,4.639999866485596,4.730000019073486,612600
2022-10-28,5.110000133514404,5.179999828338623,4.840000152587891,5.010000228881836,290500
2022-10-31,5.070000171661377,5.214000225067139,4.75,4.96999979019165,512900
2022-11-01,5.099999904632568,5.313000202178955,5.010000228881836,5.070000171661377,265900
2022-11-02,5.300000190734863,5.46999979019165,4.75,5.099999904632568,624000
2022-11-03,5.309999942779541,5.429999828338623,5.190000057220459,5.269999980926514,306300
2022-11-04,5.21999979019165,5.369999885559082,4.960000038146973,5.329999923706055,268400
2022-11-07,5.329999923706055,5.480000019073486,5.244999885559082,5.25,236300
2022-11-08,5.340000152587891,5.5,5.260000228881836,5.360000133514404,200000
2022-11-09,5.199999809265137,5.329999923706055,5.079999923706055,5.320000171661377,268600
2022-11-10,5.53000020980835,5.570000171661377,5.289999961853027,5.360000133514404,268800
2022-11-11,5.5,5.849999904632568,5.46999979019165,5.570000171661377,372700
2022-11-14,5.25,5.539999961853027,5.21999979019165,5.510000228881836,138600
2022-11-15,5.21999979019165,5.539999961853027,5.179999828338623,5.28000020980835,177300
2022-11-16,5.329999923706055,5.389999866485596,4.989999771118164,5.210000038146973,288300
2022-11-17,5.369999885559082,5.394000053405762,5.190000057220459,5.300000190734863,207000
2022-11-18,5.090000152587891,5.440000057220459,5.079999923706055,5.440000057220459,114900
2022-11-21,5.260000228881836,5.349999904632568,4.949999809265137,5.090000152587891,344600
2022-11-22,5.260000228881836,5.300000190734863,5.09499979019165,5.190000057220459,127200
2022-11-23,5.309999942779541,5.420000076293945,4.96999979019165,5.309999942779541,230400
2022-11-25,5.190000057220459,5.320000171661377,5.050000190734863,5.320000171661377,46500
2022-11-28,5.039999961853027,5.269999980926514,5.010000228881836,5.230000019073486,143400
2022-11-29,5.170000076293945,5.21999979019165,4.954999923706055,5.019999980926514,159500
2022-11-30,5.389999866485596,5.619999885559082,5.110000133514404,5.21999979019165,236400
2022-12-01,5.340000152587891,5.486000061035156,5.260000228881836,5.380000114440918,99000
2022-12-02,5.380000114440918,5.420000076293945,5.230999946594238,5.409999847412109,182300
2022-12-05,5.170000076293945,5.389999866485596,5.090000152587891,5.369999885559082,195800
2022-12-06,5.090000152587891,5.260000228881836,5.0,5.179999828338623,126800
2022-12-07,5.210000038146973,5.260000228881836,5.010000228881836,5.099999904632568,123300
2022-12-08,5.46999979019165,5.489999771118164,5.15500020980835,5.25,193200
2022-12-09,5.71999979019165,5.760000228881836,5.25,5.449999809265137,275700
2022-12-12,5.909999847412109,5.929999828338623,5.449999809265137,5.75,276200
2022-12-13,5.590000152587891,6.110000133514404,5.505000114440918,6.0,868600
2022-12-14,5.659999847412109,5.71999979019165,5.5,5.630000114440918,202900
2022-12-15,5.71999979019165,5.730000019073486,5.5,5.630000114440918,187900
2022-12-16,5.630000114440918,5.730000019073486,5.309999942779541,5.650000095367432,471700
2022-12-19,5.179999828338623,5.670000076293945,5.150000095367432,5.670000076293945,152100
2022-12-20,5.239999771118164,5.289999961853027,5.079999923706055,5.179999828338623,402500
2022-12-21,5.449999809265137,5.474999904632568,5.119999885559082,5.269999980926514,143400
2022-12-22,5.449999809265137,5.480000019073486,5.380000114440918,5.429999828338623,87300
2022-12-23,5.110000133514404,5.670000076293945,5.090000152587891,5.389999866485596,77300
2022-12-27,5.880000114440918,6.230000019073486,5.699999809265137,5.75,1350800
2022-12-28,6.21999979019165,6.289999961853027,5.869999885559082,5.880000114440918,273800
2022-12-29,6.829999923706055,6.869999885559082,6.168000221252441,6.230000019073486,326400
2022-12-30,6.760000228881836,6.889999866485596,6.630000114440918,6.789999961853027,184400
2023-01-03,6.630000114440918,7.079999923706055,6.5,6.639999866485596,298400
2023-01-04,6.78000020980835,6.920000076293945,6.329999923706055,6.659999847412109,295600
2023-01-05,6.5,6.840000152587891,6.199999809265137,6.820000171661377,217200
2023-01-06,6.659999847412109,6.760000228881836,6.300000190734863,6.489999771118164,170000
2023-01-09,6.599999904632568,6.800000190734863,6.460000038146973,6.659999847412109,241300
2023-01-10,6.78000020980835,7.150000095367432,6.550000190734863,6.550000190734863,522000
2023-01-11,6.820000171661377,6.869999885559082,6.579999923706055,6.78000020980835,396500
2023-01-12,7.010000228881836,7.090000152587891,6.570000171661377,6.820000171661377,382700
2023-01-13,7.099999904632568,7.230000019073486,6.940000057220459,7.0,348200
2023-01-17,7.130000114440918,7.21999979019165,6.90500020980835,7.090000152587891,222000
2023-01-18,7.039999961853027,7.190000057220459,6.96999979019165,7.079999923706055,160600
2023-01-19,7.059999942779541,7.139999866485596,6.909999847412109,6.989999771118164,223100
2023-01-20,7.440000057220459,7.46999979019165,7.135000228881836,7.150000095367432,655000
2023-01-23,7.949999809265137,8.045000076293945,7.340000152587891,7.429999828338623,778400
2023-01-24,8.229999542236328,8.399999618530273,7.889999866485596,8.130000114440918,930100
2023-01-25,7.989999771118164,8.505000114440918,7.769999980926514,8.229999542236328,1150800
2023-01-26,8.390000343322754,8.539999961853027,7.914999961853027,8.069999694824219,731100
2023-01-27,8.130000114440918,8.470000267028809,7.940000057220459,8.399999618530273,336000
2023-01-30,7.829999923706055,8.15999984741211,7.739999771118164,8.15999984741211,139100
2023-01-31,7.960000038146973,8.039999961853027,7.809999942779541,7.869999885559082,184200
2023-02-01,7.639999866485596,7.949999809265137,7.610000133514404,7.949999809265137,224700
2023-02-02,7.619999885559082,7.800000190734863,7.519999980926514,7.699999809265137,251900
2023-02-03,7.869999885559082,7.989999771118164,7.53000020980835,7.539999961853027,226300
2023-02-06,8.069999694824219,8.229999542236328,7.809999942779541,7.909999847412109,331000
2023-02-07,8.329999923706055,8.359999656677246,7.909999847412109,8.270000457763672,171700
2023-02-08,7.929999828338623,8.539999961853027,7.929999828338623,8.399999618530273,312200
2023-02-09,7.670000076293945,8.131999969482422,7.670000076293945,7.940000057220459,191900
2023-02-10,7.960000038146973,8.010000228881836,7.409999847412109,7.53000020980835,270800
2023-02-13,8.149999618530273,8.326000213623047,7.659999847412109,8.010000228881836,137500
2023-02-14,7.929999828338623,8.140000343322754,7.690000057220459,8.130000114440918,207000
2023-02-15,7.730000019073486,8.015000343322754,7.659999847412109,7.920000076293945,799500
2023-02-16,7.619999885559082,7.860000133514404,7.414999961853027,7.860000133514404,383400
2023-02-17,8.119999885559082,8.229999542236328,7.480000019073486,7.679999828338623,192100
2023-02-21,7.809999942779541,8.0600004196167,7.739999771118164,8.039999961853027,224000
2023-02-22,7.920000076293945,8.0,7.630000114440918,7.659999847412109,369900
2023-02-23,7.880000114440918,7.989999771118164,7.735000133514404,7.889999866485596,121200
2023-02-24,7.5,7.810999870300293,7.394999980926514,7.809999942779541,197700
2023-02-27,7.320000171661377,7.559999942779541,7.300000190734863,7.460000038146973,238400
2023-02-28,7.329999923706055,7.519999980926514,7.010000228881836,7.139999866485596,1460000
2023-03-01,7.599999904632568,7.635000228881836,7.349999904632568,7.380000114440918,288500
2023-03-02,7.900000095367432,7.96999979019165,7.5,7.590000152587891,317000
2023-03-03,8.170000076293945,8.3100004196167,7.619999885559082,7.900000095367432,271700
2023-03-06,7.650000095367432,8.15999984741211,7.590000152587891,8.149999618530273,197300
2023-03-07,7.679999828338623,7.929999828338623,7.590000152587891,7.599999904632568,144400
2023-03-08,7.769999980926514,7.800000190734863,7.440000057220459,7.630000114440918,165300
2023-03-09,7.349999904632568,8.270000457763672,7.300000190734863,7.869999885559082,375200
2023-03-10,6.960000038146973,7.489999771118164,6.579999923706055,7.489999771118164,518700
2023-03-13,7.489999771118164,7.639999866485596,6.889999866485596,6.889999866485596,201300
2023-03-14,7.670000076293945,7.789999961853027,7.369999885559082,7.610000133514404,331200
2023-03-15,7.449999809265137,7.679999828338623,7.25,7.559999942779541,255800
2023-03-16,7.449999809265137,7.559999942779541,7.239999771118164,7.389999866485596,297900
2023-03-17,7.389999866485596,7.489999771118164,7.199999809265137,7.340000152587891,425200
2023-03-20,7.019999980926514,7.369999885559082,6.75,7.369999885559082,398600
2023-03-21,7.079999923706055,7.159999847412109,6.909999847412109,7.159999847412109,304300
2023-03-22,6.300000190734863,7.079999923706055,6.255000114440918,7.079999923706055,415100
2023-03-23,6.5,6.6620001792907715,6.313000202178955,6.360000133514404,299600
2023-03-24,6.510000228881836,6.579999923706055,6.289999961853027,6.429999828338623,114400
2023-03-27,6.610000133514404,6.800000190734863,6.5,6.550000190734863,180100
2023-03-28,6.809999942779541,6.920000076293945,6.599999904632568,6.630000114440918,118200
2023-03-29,7.449999809265137,7.460000038146973,6.829999923706055,6.829999923706055,409100
2023-03-30,7.53000020980835,7.630000114440918,7.329999923706055,7.46999979019165,224300
2023-03-31,7.860000133514404,7.920000076293945,7.445000171661377,7.579999923706055,511600
2023-04-03,8.199999809265137,8.199999809265137,7.869999885559082,7.880000114440918,429500
2023-04-04,8.020000457763672,8.270000457763672,7.840000152587891,8.229999542236328,169800
2023-04-05,7.730000019073486,8.029999732971191,7.630000114440918,8.0,214100
2023-04-06,7.980000019073486,8.09000015258789,7.53000020980835,7.699999809265137,228900
2023-04-10,8.1899995803833,8.194999694824219,7.670000076293945,7.960000038146973,256900
2023-04-11,8.470000267028809,8.5,8.039999961853027,8.210000038146973,168800
2023-04-12,7.980000019073486,8.529999732971191,7.920000076293945,8.529999732971191,174700
2023-04-13,8.140000343322754,8.350000381469727,7.809999942779541,8.010000228881836,169500
2023-04-14,7.909999847412109,8.15999984741211,7.630000114440918,8.15999984741211,187300
2023-04-17,8.0600004196167,8.369999885559082,7.909999847412109,7.960000038146973,491900
2023-04-18,7.900000095367432,8.069999694824219,7.75,8.029999732971191,438100
2023-04-19,8.220000267028809,8.25,7.769999980926514,7.869999885559082,164300
2023-04-20,8.15999984741211,8.25,8.069999694824219,8.180000305175781,71500
2023-04-21,8.199999809265137,8.289999961853027,8.0,8.140000343322754,163700
2023-04-24,8.020000457763672,8.25,7.96999979019165,8.210000038146973,105800
2023-04-25,8.050000190734863,8.260000228881836,7.96999979019165,7.96999979019165,131300
2023-04-26,8.0,8.079000473022461,7.875,8.020000457763672,393200
2023-04-27,8.359999656677246,8.529999732971191,7.940000057220459,8.029999732971191,126000
2023-04-28,8.529999732971191,8.6899995803833,8.329999923706055,8.329999923706055,179500
2023-05-01,8.869999885559082,8.970000267028809,8.390000343322754,8.529999732971191,288900
2023-05-02,8.899999618530273,9.0,8.824999809265137,8.859999656677246,209000
2023-05-03,9.170000076293945,9.359999656677246,8.819999694824219,8.90999984741211,661500
2023-05-04,9.34000015258789,9.4399995803833,9.100000381469727,9.180000305175781,141500
2023-05-05,9.619999885559082,9.649999618530273,9.449999809265137,9.449999809265137,164200
2023-05-08,9.539999961853027,9.649999618530273,9.359999656677246,9.489999771118164,303600
2023-05-09,9.420000076293945,9.550000190734863,9.345000267028809,9.470000267028809,87500
2023-05-10,9.729999542236328,9.880000114440918,9.210000038146973,9.569999694824219,186700
2023-05-11,9.729999542236328,9.765000343322754,9.449999809265137,9.579999923706055,104500
2023-05-12,9.789999961853027,9.829999923706055,9.619999885559082,9.789999961853027,103800
2023-05-15,10.109999656677246,10.350000381469727,9.329999923706055,9.699999809265137,156400
2023-05-16,10.050000190734863,10.15999984741211,9.890000343322754,10.079999923706055,230100
2023-05-17,10.289999961853027,10.399999618530273,9.930000305175781,10.130000114440918,228600
2023-05-18,10.399999618530273,10.430000305175781,9.989999771118164,10.270000457763672,487000
2023-05-19,10.529999732971191,10.760000228881836,10.460000038146973,10.470000267028809,159200
2023-05-22,10.569999694824219,10.609999656677246,10.100000381469727,10.40999984741211,323600
2023-05-23,10.569999694824219,10.949999809265137,10.550000190734863,10.569999694824219,166100
2023-05-24,10.380000114440918,10.670000076293945,10.329999923706055,10.5,220800
2023-05-25,9.760000228881836,10.569999694824219,9.739999771118164,10.390000343322754,155500
2023-05-26,9.479999542236328,9.859999656677246,9.029999732971191,9.760000228881836,247400
2023-05-30,9.319999694824219,9.760000228881836,9.199999809265137,9.510000228881836,138400
2023-05-31,9.75,9.800000190734863,9.3100004196167,9.460000038146973,121900
2023-06-01,10.079999923706055,10.239999771118164,9.675000190734863,9.729999542236328,191500
2023-06-02,10.0,10.260000228881836,9.970000267028809,10.1899995803833,143200
2023-06-05,10.180000305175781,10.229999542236328,9.779999732971191,9.960000038146973,306100
2023-06-06,10.34000015258789,10.489999771118164,10.029999732971191,10.220000267028809,177000
2023-06-07,9.880000114440918,10.479999542236328,9.84000015258789,10.3100004196167,196400
2023-06-08,9.989999771118164,10.069999694824219,9.774999618530273,9.779999732971191,188800
2023-06-09,9.90999984741211,10.039999961853027,9.770000457763672,10.039999961853027,295900
2023-06-12,9.649999618530273,10.229999542236328,9.600000381469727,9.960000038146973,181600
2023-06-13,9.75,9.885000228881836,9.619999885559082,9.630000114440918,101700
2023-06-14,9.600000381469727,9.800000190734863,9.510000228881836,9.75,117200
2023-06-15,9.630000114440918,9.6899995803833,9.270000457763672,9.579999923706055,123200
2023-06-16,9.649999618530273,9.779999732971191,9.449999809265137,9.739999771118164,251900
2023-06-20,9.630000114440918,9.739999771118164,9.390000343322754,9.640000343322754,106800
2023-06-21,9.779999732971191,9.819999694824219,9.390000343322754,9.539999961853027,219300
2023-06-22,9.9399995803833,10.100000381469727,9.640000343322754,9.760000228881836,124700
2023-06-23,9.180000305175781,9.850000381469727,9.010000228881836,9.850000381469727,434100
2023-06-26,9.010000228881836,9.279999732971191,8.960000038146973,9.119999885559082,151800
2023-06-27,8.880000114440918,9.0,8.800000190734863,8.979999542236328,72100
2023-06-28,9.15999984741211,9.210000038146973,8.75,8.899999618530273,179800
2023-06-29,9.0,9.239999771118164,8.970000267028809,9.149999618530273,65800
2023-06-30,9.0,9.220000267028809,9.0,9.0600004196167,226400
2023-07-03,9.039999961853027,9.5,8.760000228881836,9.0,77000
2023-07-05,9.140000343322754,9.270000457763672,8.949999809265137,9.010000228881836,139300
2023-07-06,8.949999809265137,9.17199993133545,8.859999656677246,9.119999885559082,124200
2023-07-07,10.289999961853027,10.369999885559082,9.25,9.279999732971191,204100
2023-07-10,10.470000267028809,11.0,10.201000213623047,10.40999984741211,343200
2023-07-11,9.800000190734863,10.4399995803833,9.779999732971191,10.430000305175781,191600
2023-07-12,9.630000114440918,10.489999771118164,9.529999732971191,10.09000015258789,179200
2023-07-13,9.760000228881836,9.770000457763672,9.395000457763672,9.65999984741211,138900
2023-07-14,9.640000343322754,9.770000457763672,9.34000015258789,9.770000457763672,100400
2023-07-17,9.59000015258789,10.010000228881836,9.5600004196167,9.680000305175781,71500
2023-07-18,9.34000015258789,9.630000114440918,9.140000343322754,9.529999732971191,138800
2023-07-19,9.760000228881836,9.9399995803833,9.390000343322754,9.40999984741211,141800
2023-07-20,9.649999618530273,9.779999732971191,9.479999542236328,9.779999732971191,107200
2023-07-21,9.829999923706055,9.920000076293945,9.460000038146973,9.720000267028809,112000
2023-07-24,9.510000228881836,9.829999923706055,9.460000038146973,9.829999923706055,90200
2023-07-25,9.5,9.569999694824219,9.125,9.510000228881836,81600
2023-07-26,9.510000228881836,9.75,9.395000457763672,9.5,96500
2023-07-27,9.550000190734863,9.600000381469727,9.265000343322754,9.600000381469727,135800
2023-07-28,9.789999961853027,9.880000114440918,9.430000305175781,9.609999656677246,126900
2023-07-31,10.100000381469727,10.229999542236328,9.680000305175781,9.800000190734863,153100
2023-08-01,10.65999984741211,10.760000228881836,10.0,10.329999923706055,236800
2023-08-02,10.800000190734863,11.029999732971191,10.1899995803833,10.789999961853027,305900
2023-08-03,11.069999694824219,11.1899995803833,10.720000267028809,10.829999923706055,407800
2023-08-04,11.050000190734863,11.239999771118164,10.720000267028809,11.130000114440918,517800
2023-08-07,10.899999618530273,11.100000381469727,10.140000343322754,11.050000190734863,487600
2023-08-08,10.8100004196167,11.130000114440918,10.520000457763672,10.899999618530273,198800
2023-08-09,10.729999542236328,11.0,10.59000015258789,10.869999885559082,183500
2023-08-10,10.84000015258789,10.90999984741211,10.640000343322754,10.779999732971191,82300
2023-08-11,10.979999542236328,11.220000267028809,10.800000190734863,10.829999923706055,189200
2023-08-14,10.609999656677246,10.970000267028809,10.4399995803833,10.970000267028809,204400
2023-08-15,10.8100004196167,10.979999542236328,10.5,10.609999656677246,144400
2023-08-16,10.779999732971191,10.960000038146973,10.199999809265137,10.75,381400
2023-08-17,10.930000305175781,10.979999542236328,10.5600004196167,10.770000457763672,161900
2023-08-18,10.779999732971191,10.960000038146973,10.489999771118164,10.699999809265137,286600
2023-08-21,10.970000267028809,11.050000190734863,10.720000267028809,10.779999732971191,182200
2023-08-22,11.0,11.449999809265137,10.789999961853027,10.970000267028809,193300
2023-08-23,10.930000305175781,11.177000045776367,10.90999984741211,11.029999732971191,157200
2023-08-24,10.604999542236328,10.9399995803833,10.460000038146973,10.9399995803833,479200
2023-08-25,10.979999542236328,11.109999656677246,10.321000099182129,10.600000381469727,333700
2023-08-28,10.819999694824219,11.119999885559082,10.789999961853027,11.020000457763672,152200
2023-08-29,10.859999656677246,11.020000457763672,10.479999542236328,10.819999694824219,168200
2023-08-30,11.350000381469727,11.369999885559082,10.720000267028809,10.869999885559082,125600
2023-08-31,10.850000381469727,11.40999984741211,10.420000076293945,11.40999984741211,375600
2023-09-01,10.65999984741211,11.015000343322754,10.640000343322754,10.930000305175781,117100
2023-09-05,10.579999923706055,10.902999877929688,10.354999542236328,10.630000114440918,292800
2023-09-06,10.774999618530273,11.074999809265137,10.329999923706055,10.59000015258789,252100
2023-09-07,10.84000015258789,11.25,10.350000381469727,10.699999809265137,396400
2023-09-08,10.350000381469727,10.9399995803833,10.34000015258789,10.9399995803833,372800
2023-09-11,10.539999961853027,10.710000038146973,10.28499984741211,10.380000114440918,240800
2023-09-12,10.319999694824219,10.600000381469727,10.1899995803833,10.5,180600
2023-09-13,10.09000015258789,10.449999809265137,10.050000190734863,10.380000114440918,172900
2023-09-14,9.970000267028809,10.220000267028809,9.880000114440918,10.069999694824219,138900
2023-09-15,9.819999694824219,10.029999732971191,9.609999656677246,9.989999771118164,450100
2023-09-18,9.800000190734863,9.890000343322754,9.59000015258789,9.829999923706055,99000
2023-09-19,9.920000076293945,10.029999732971191,9.739999771118164,9.800000190734863,161000
2023-09-20,9.515000343322754,9.975000381469727,9.460000038146973,9.9399995803833,129000
2023-09-21,9.5600004196167,9.779999732971191,9.364999771118164,9.470000267028809,297800
2023-09-22,9.119999885559082,9.569999694824219,9.079999923706055,9.569999694824219,139000
2023-09-25,9.579999923706055,9.630000114440918,8.984999656677246,9.0600004196167,360700
2023-09-26,10.079999923706055,10.319999694824219,9.609999656677246,9.609999656677246,359100
2023-09-27,9.859999656677246,10.289999961853027,9.75,10.0,206600
2023-09-28,9.65999984741211,9.989999771118164,9.600000381469727,9.84000015258789,267900
2023-09-29,9.630000114440918,9.75,9.15999984741211,9.680000305175781,255600
2023-10-02,8.979999542236328,9.670000076293945,8.829999923706055,9.579999923706055,2204300
2023-10-03,8.579999923706055,9.899999618530273,8.289999961853027,9.050000190734863,1006800
2023-10-04,9.039999961853027,9.329999923706055,8.4399995803833,8.579999923706055,316500
2023-10-05,9.8100004196167,9.880000114440918,8.930000305175781,9.0,257800
2023-10-06,9.460000038146973,9.779999732971191,8.859999656677246,9.760000228881836,196800
2023-10-09,9.399999618530273,9.449999809265137,9.0,9.350000381469727,291000
2023-10-10,9.630000114440918,9.859999656677246,9.34000015258789,9.4399995803833,87800
2023-10-11,9.640000343322754,9.890000343322754,9.510000228881836,9.600000381469727,136300
2023-10-12,9.180000305175781,9.630000114440918,8.970000267028809,9.630000114440918,174100
2023-10-13,9.079999923706055,9.229999542236328,8.960000038146973,9.1899995803833,193700
2023-10-16,9.25,9.470000267028809,8.960000038146973,9.09000015258789,120400
2023-10-17,9.489999771118164,9.604999542236328,9.149999618530273,9.25,370600
2023-10-18,9.149999618530273,9.449999809265137,8.90999984741211,9.449999809265137,281000
2023-10-19,8.850000381469727,9.154999732971191,8.609999656677246,9.140000343322754,159700
2023-10-20,8.859999656677246,9.050000190734863,8.720000267028809,8.890000343322754,172000
2023-10-23,8.510000228881836,8.84000015258789,8.399999618530273,8.84000015258789,210500
2023-10-24,8.5,8.880000114440918,8.5,8.569999694824219,185000
2023-10-25,7.929999828338623,8.600000381469727,7.800000190734863,8.479999542236328,173100
2023-10-26,8.050000190734863,8.4399995803833,7.849999904632568,7.909999847412109,178400
2023-10-27,7.989999771118164,8.0600004196167,7.820000171661377,8.0,198400
2023-10-30,8.020000457763672,8.109999656677246,7.769999980926514,7.980000019073486,176000
2023-10-31,8.489999771118164,8.5649995803833,7.989999771118164,8.020000457763672,219600
2023-11-01,8.770000457763672,8.770000457763672,8.140000343322754,8.25,162200
2023-11-02,8.664999961853027,9.0,8.579999923706055,8.819999694824219,320400
2023-11-03,8.670000076293945,8.989999771118164,8.5,8.880000114440918,363200
2023-11-06,8.5,8.829999923706055,8.369999885559082,8.6899995803833,286700
2023-11-07,8.359999656677246,8.670000076293945,8.149999618530273,8.670000076293945,442400
2023-11-08,8.270000457763672,8.399999618530273,8.1899995803833,8.350000381469727,460000
2023-11-09,7.840000152587891,8.4399995803833,7.699999809265137,8.279999732971191,312000
2023-11-10,8.069999694824219,8.140000343322754,7.800000190734863,7.900000095367432,378800
2023-11-13,7.71999979019165,8.229999542236328,7.210000038146973,8.199999809265137,328800
2023-11-14,7.78000020980835,8.1899995803833,7.610000133514404,7.980000019073486,260500
2023-11-15,7.690000057220459,8.145999908447266,7.639999866485596,7.78000020980835,208800
2023-11-16,7.610000133514404,7.994999885559082,7.5,7.730000019073486,137200
2023-11-17,8.119999885559082,8.199999809265137,7.650000095367432,7.690000057220459,312700
2023-11-20,8.210000038146973,8.670000076293945,8.0,8.109999656677246,316400
2023-11-21,7.730000019073486,8.3100004196167,7.699999809265137,8.100000381469727,620700
2023-11-22,7.579999923706055,7.980000019073486,7.473999977111816,7.980000019073486,195600
2023-11-24,8.149999618530273,8.149999618530273,7.519999980926514,7.610000133514404,123200
2023-11-27,8.079999923706055,8.40999984741211,7.840000152587891,8.1899995803833,154300
2023-11-28,8.359999656677246,8.539999961853027,7.860000133514404,8.100000381469727,158700
2023-11-29,8.420000076293945,8.829999923706055,8.3100004196167,8.5,162400
2023-11-30,8.4399995803833,8.649999618530273,8.220000267028809,8.510000228881836,218100
2023-12-01,8.819999694824219,8.979999542236328,8.510000228881836,8.510000228881836,242800
2023-12-04,8.890000343322754,9.109999656677246,8.645000457763672,8.899999618530273,173900
2023-12-05,8.920000076293945,9.130000114440918,8.789999961853027,8.899999618530273,188700
2023-12-06,8.970000267028809,9.220000267028809,8.800000190734863,8.960000038146973,130900
2023-12-07,8.970000267028809,9.0,8.4399995803833,8.920000076293945,229300
2023-12-08,8.15999984741211,8.899999618530273,7.920000076293945,8.899999618530273,380900
2023-12-11,8.789999961853027,8.850000381469727,7.389999866485596,8.1899995803833,622900
2023-12-12,9.760000228881836,9.949999809265137,8.1899995803833,8.880000114440918,548400
2023-12-13,9.899999618530273,10.1899995803833,9.307000160217285,9.75,306500
2023-12-14,10.5,10.779999732971191,9.859999656677246,10.140000343322754,469400
2023-12-15,10.680000305175781,10.930000305175781,10.1850004196167,10.539999961853027,1306100
2023-12-18,10.649999618530273,10.770000457763672,10.319999694824219,10.520000457763672,278000
2023-12-19,11.0600004196167,11.229999542236328,10.430000305175781,10.760000228881836,313400
2023-12-20,11.0,11.600000381469727,10.819999694824219,11.010000228881836,327600
2023-12-21,11.270000457763672,11.399999618530273,10.649999618530273,11.1899995803833,149900
2023-12-22,11.675000190734863,11.800000190734863,11.260000228881836,11.420000076293945,316200
2023-12-26,11.829999923706055,11.930000305175781,11.319999694824219,11.739999771118164,342000
2023-12-27,12.039999961853027,12.119999885559082,11.569999694824219,11.989999771118164,347800
2023-12-28,12.079999923706055,12.744999885559082,11.699999809265137,11.9399995803833,1219900
2023-12-29,12.25,12.600000381469727,11.930000305175781,12.140000343322754,232400
2024-01-02,12.149999618530273,13.0,11.979999542236328,12.529999732971191,416200
2024-01-03,12.130000114440918,12.5600004196167,11.930000305175781,12.140000343322754,305100
2024-01-04,11.729999542236328,12.220000267028809,11.600000381469727,12.130000114440918,370000
2024-01-05,11.369999885559082,11.710000038146973,11.180000305175781,11.520000457763672,424300
2024-01-08,13.0,13.050000190734863,11.579999923706055,11.710000038146973,547600
2024-01-09,12.770000457763672,13.0,12.329999923706055,12.880000114440918,477000
2024-01-10,12.710000038146973,13.130000114440918,12.369999885559082,12.609999656677246,386500
2024-01-11,13.119999885559082,13.137999534606934,12.420000076293945,12.739999771118164,475900
2024-01-12,12.960000038146973,13.369999885559082,12.75,13.25,465100
2024-01-16,12.829999923706055,13.09000015258789,12.529999732971191,12.979999542236328,316200
2024-01-17,13.0,13.15999984741211,12.25,12.710000038146973,547600
2024-01-18,12.460000038146973,13.050000190734863,12.390000343322754,13.050000190734863,226000
2024-01-19,12.40999984741211,12.59000015258789,12.16100025177002,12.470000267028809,286400
2024-01-22,12.989999771118164,13.109999656677246,12.369999885559082,12.670000076293945,478100
2024-01-23,12.510000228881836,13.069999694824219,12.369999885559082,13.050000190734863,209600
2024-01-24,12.15999984741211,12.640000343322754,12.0,12.640000343322754,212400
2024-01-25,12.850000381469727,13.109999656677246,12.5,12.5,280900
2024-01-26,13.369999885559082,13.470000267028809,12.720000267028809,12.850000381469727,509100
2024-01-29,14.329999923706055,14.5600004196167,13.149999618530273,13.399999618530273,628100
2024-01-30,14.8100004196167,14.9399995803833,14.149999618530273,14.390000343322754,936200
2024-01-31,15.770000457763672,16.209999084472656,14.503999710083008,14.760000228881836,922700
2024-02-01,15.739999771118164,16.8799991607666,15.369999885559082,15.8100004196167,902000
2024-02-02,15.220000267028809,16.079999923706055,15.09000015258789,15.5600004196167,630800
2024-02-05,15.850000381469727,16.1200008392334,15.010000228881836,15.199999809265137,422100
2024-02-06,14.829999923706055,16.110000610351562,14.710000038146973,15.720000267028809,510100
2024-02-07,14.449999809265137,14.979999542236328,14.3100004196167,14.789999961853027,667000
2024-02-08,14.899999618530273,14.90999984741211,14.350000381469727,14.479999542236328,445000
2024-02-09,16.0,16.239999771118164,15.300000190734863,15.470000267028809,451700
2024-02-12,16.040000915527344,16.399999618530273,15.800000190734863,16.040000915527344,453500
2024-02-13,14.850000381469727,16.12700080871582,13.260000228881836,15.84000015258789,4457300
2024-02-14,14.399999618530273,15.25,14.369999885559082,14.949999809265137,1605100
2024-02-15,14.760000228881836,16.878999710083008,14.649999618530273,16.079999923706055,7340100
2024-02-16,14.859999656677246,15.0,14.3100004196167,14.65999984741211,1209500
2024-02-20,13.800000190734863,14.779999732971191,13.611000061035156,14.600000381469727,1385400
2024-02-21,13.039999961853027,13.890000343322754,13.029999732971191,13.760000228881836,1011200
2024-02-22,12.579999923706055,13.164999961853027,12.479999542236328,13.109999656677246,1269400
2024-02-23,12.579999923706055,12.697999954223633,11.930000305175781,12.5,1303300
2024-02-26,13.6899995803833,13.760000228881836,12.720000267028809,13.100000381469727,964700
2024-02-27,14.619999885559082,14.800000190734863,13.819999694824219,13.869999885559082,1040200
2024-02-28,13.390000343322754,14.640000343322754,13.319999694824219,14.600000381469727,960500
2024-02-29,13.649999618530273,13.8100004196167,13.430999755859375,13.579999923706055,649000
2024-03-01,14.140000343322754,14.279999732971191,13.680000305175781,13.729999542236328,501900
2024-03-04,14.029999732971191,14.270000457763672,13.854999542236328,14.270000457763672,414200
2024-03-05,13.979999542236328,14.210000038146973,13.859999656677246,13.90999984741211,434300
2024-03-06,14.380000114440918,14.619999885559082,14.0,14.109999656677246,563100
2024-03-07,14.005000114440918,14.449999809265137,12.864999771118164,13.789999961853027,1128300
2024-03-08,14.359999656677246,14.529999732971191,13.75,14.140000343322754,1217100
2024-03-11,13.100000381469727,14.4399995803833,13.0600004196167,14.039999961853027,664500
2024-03-12,12.489999771118164,13.069999694824219,12.3100004196167,12.859999656677246,589000
2024-03-13,12.489999771118164,12.779999732971191,12.420000076293945,12.579999923706055,408300
2024-03-14,12.430000305175781,12.569999694824219,12.119999885559082,12.420000076293945,461800
2024-03-15,11.930000305175781,12.5600004196167,11.869999885559082,12.420000076293945,792500
2024-03-18,11.989999771118164,12.350000381469727,11.579999923706055,11.920000076293945,560300
2024-03-19,11.84000015258789,12.380000114440918,11.645000457763672,11.869999885559082,454900
2024-03-20,12.229999542236328,12.239999771118164,11.75,12.0,446800
2024-03-21,12.149999618530273,12.699999809265137,12.0649995803833,12.300000190734863,280300
2024-03-22,11.850000381469727,12.289999961853027,11.739999771118164,12.170000076293945,270700
2024-03-25,11.130000114440918,11.84000015258789,11.039999961853027,11.739999771118164,514100
2024-03-26,11.109999656677246,11.380000114440918,10.699999809265137,11.220000267028809,520300
2024-03-27,11.069999694824219,11.40999984741211,10.970000267028809,11.199999809265137,266000
2024-03-28,11.859999656677246,12.456000328063965,10.920000076293945,11.079999923706055,2152900
2024-04-01,11.399999618530273,11.789999961853027,11.029999732971191,11.770000457763672,817300
2024-04-02,11.039999961853027,11.479999542236328,10.914999961853027,11.149999618530273,1473200
2024-04-03,11.260000228881836,11.34000015258789,10.8100004196167,11.010000228881836,221900
2024-04-04,11.210000038146973,11.420000076293945,10.944999694824219,11.300000190734863,500300
2024-04-05,11.09000015258789,11.375,10.970000267028809,11.130000114440918,184400
2024-04-08,11.039999961853027,11.196999549865723,10.819999694824219,11.109999656677246,210200
2024-04-09,11.8100004196167,11.850000381469727,11.020000457763672,11.09000015258789,571600
2024-04-10,11.930000305175781,11.9399995803833,11.369999885559082,11.720000267028809,554600
2024-04-11,12.100000381469727,12.260000228881836,11.710000038146973,11.869999885559082,312100
2024-04-12,11.890000343322754,12.050000190734863,11.699999809265137,11.880000114440918,237900
2024-04-15,11.739999771118164,12.010000228881836,11.5,11.819999694824219,313500
2024-04-16,11.880000114440918,12.170000076293945,11.470000267028809,11.529999732971191,489700
2024-04-17,11.649999618530273,11.9399995803833,11.649999618530273,11.800000190734863,298700
2024-04-18,11.5,11.75,11.279999732971191,11.529999732971191,408700
2024-04-19,11.569999694824219,11.779999732971191,11.270000457763672,11.420000076293945,347000
2024-04-22,11.4399995803833,11.779999732971191,11.354999542236328,11.609999656677246,289200
2024-04-23,11.210000038146973,11.710000038146973,11.1899995803833,11.430000305175781,192500
2024-04-24,10.350000381469727,11.180000305175781,10.319999694824219,11.180000305175781,482300
2024-04-25,10.489999771118164,10.520000457763672,10.104999542236328,10.119999885559082,363800
2024-04-26,10.779999732971191,10.8100004196167,10.260000228881836,10.5,241400
2024-04-29,11.010000228881836,11.1899995803833,10.880000114440918,10.920000076293945,194300
2024-04-30,11.350000381469727,11.399999618530273,10.920000076293945,11.0,321800
2024-05-01,12.180000305175781,12.520000457763672,11.350000381469727,11.350000381469727,482100
2024-05-02,12.170000076293945,12.300000190734863,11.75,12.229999542236328,571500
2024-05-03,12.130000114440918,12.479999542236328,11.954999923706055,12.239999771118164,199700
2024-05-06,12.140000343322754,12.220000267028809,12.020000457763672,12.220000267028809,193100
2024-05-07,12.1899995803833,12.279999732971191,11.970000267028809,12.180000305175781,131200
2024-05-08,12.0600004196167,12.25,12.0,12.069999694824219,160800
2024-05-09,12.09000015258789,12.210000038146973,11.979999542236328,12.0,129000
2024-05-10,12.079999923706055,12.149999618530273,11.789999961853027,12.100000381469727,217900
2024-05-13,12.0,12.430000305175781,11.90999984741211,12.149999618530273,206900
2024-05-14,12.489999771118164,12.550000190734863,12.0600004196167,12.130000114440918,235900
2024-05-15,12.010000228881836,12.920000076293945,11.930000305175781,12.699999809265137,272300
2024-05-16,12.069999694824219,12.270000457763672,11.760000228881836,11.960000038146973,306600
2024-05-17,11.920000076293945,12.15999984741211,11.699999809265137,12.0600004196167,337600
2024-05-20,11.880000114440918,11.979999542236328,11.430000305175781,11.899999618530273,379100
2024-05-21,11.609999656677246,11.979999542236328,11.319999694824219,11.920000076293945,432700
2024-05-22,11.6899995803833,11.859999656677246,11.470000267028809,11.470000267028809,368300
2024-05-23,11.289999961853027,11.6899995803833,10.920000076293945,11.680000305175781,548900
2024-05-24,11.300000190734863,11.449999809265137,11.149999618530273,11.300000190734863,242600
2024-05-28,11.079999923706055,11.496999740600586,10.928999900817871,11.329999923706055,362700
2024-05-29,11.149999618530273,11.300000190734863,10.949999809265137,11.010000228881836,246300
2024-05-30,11.25,11.3100004196167,11.050000190734863,11.100000381469727,152000
2024-05-31,11.670000076293945,11.989999771118164,11.300000190734863,11.300000190734863,234800
2024-06-03,12.109999656677246,12.154999732971191,11.619999885559082,11.619999885559082,548900
2024-06-04,11.859999656677246,12.119999885559082,11.609999656677246,12.119999885559082,219500
2024-06-05,12.069999694824219,12.1899995803833,11.770000457763672,11.84000015258789,172200
2024-06-06,11.850000381469727,12.079999923706055,11.760000228881836,12.079999923706055,104200
2024-06-07,11.680000305175781,11.800000190734863,11.350000381469727,11.529999732971191,243200
2024-06-10,12.039999961853027,12.140000343322754,11.59000015258789,11.609999656677246,203100
2024-06-11,12.180000305175781,12.239999771118164,11.866000175476074,11.899999618530273,188000
2024-06-12,12.350000381469727,12.65999984741211,12.170000076293945,12.470000267028809,302100
2024-06-13,12.260000228881836,12.5600004196167,12.0600004196167,12.350000381469727,168300
2024-06-14,12.069999694824219,12.210000038146973,11.970000267028809,12.210000038146973,229600
2024-06-17,11.819999694824219,12.128999710083008,11.6899995803833,11.989999771118164,156400
2024-06-18,11.369999885559082,11.819999694824219,11.279999732971191,11.770000457763672,227000
2024-06-20,11.210000038146973,11.350000381469727,11.069999694824219,11.329999923706055,161800
2024-06-21,11.739999771118164,11.779999732971191,11.319999694824219,11.319999694824219,936300
2024-06-24,11.720000267028809,11.970000267028809,11.609999656677246,11.770000457763672,167800
2024-06-25,11.550000190734863,11.819999694824219,11.4399995803833,11.720000267028809,172300
2024-06-26,11.3100004196167,11.890000343322754,10.845000267028809,11.5600004196167,635700
2024-06-27,12.050000190734863,12.0600004196167,11.265000343322754,11.289999961853027,251700
2024-06-28,11.779999732971191,12.199999809265137,11.420000076293945,12.199999809265137,2314200
2024-07-01,11.890000343322754,11.979999542236328,11.529999732971191,11.65999984741211,306500
2024-07-02,11.510000228881836,12.0,11.479999542236328,11.90999984741211,249900
2024-07-03,11.720000267028809,11.760000228881836,11.4399995803833,11.4399995803833,139500
2024-07-05,11.789999961853027,12.069999694824219,11.449999809265137,11.550000190734863,267600
2024-07-08,12.199999809265137,12.430000305175781,11.720000267028809,11.90999984741211,305800
2024-07-09,12.279999732971191,12.329999923706055,12.010000228881836,12.149999618530273,389600
2024-07-10,12.569999694824219,12.59000015258789,11.920000076293945,12.319999694824219,294000
2024-07-11,12.5,12.729999542236328,12.015000343322754,12.600000381469727,362700
2024-07-12,13.039999961853027,13.220000267028809,12.369999885559082,12.630000114440918,598200
2024-07-15,14.960000038146973,15.390000343322754,13.180000305175781,13.180000305175781,969000
2024-07-16,15.25,15.399999618530273,14.899999618530273,14.979999542236328,803500
2024-07-17,14.970000267028809,15.170000076293945,14.75,15.0,355900
2024-07-18,14.199999809265137,14.9399995803833,14.0,14.9399995803833,275000
2024-07-19,14.550000190734863,14.645000457763672,14.180000305175781,14.279999732971191,203000
2024-07-22,15.140000343322754,15.199999809265137,14.420000076293945,14.600000381469727,211200
2024-07-23,15.390000343322754,15.5,14.920000076293945,15.069999694824219,477100
2024-07-24,14.470000267028809,15.5,14.40999984741211,15.260000228881836,221100
2024-07-25,14.390000343322754,14.670000076293945,14.119999885559082,14.579999923706055,228700
2024-07-26,14.789999961853027,14.930000305175781,14.520000457763672,14.569999694824219,226500
2024-07-29,14.479999542236328,14.970000267028809,14.15999984741211,14.829999923706055,171500
2024-07-30,14.270000457763672,14.694999694824219,13.979999542236328,14.550000190734863,148500
2024-07-31,14.539999961853027,14.805000305175781,14.180000305175781,14.470000267028809,368600
2024-08-01,13.829999923706055,14.84000015258789,13.789999961853027,14.5600004196167,407800
2024-08-02,13.170000076293945,13.550000190734863,12.989999771118164,13.369999885559082,160800
2024-08-05,12.789999961853027,12.885000228881836,12.109999656677246,12.109999656677246,239300
2024-08-06,12.949999809265137,13.15999984741211,12.805000305175781,12.9399995803833,207500
2024-08-07,12.5,13.210000038146973,12.470000267028809,13.210000038146973,145100
2024-08-08,13.050000190734863,13.140000343322754,12.539999961853027,12.649999618530273,88700
2024-08-09,12.899999618530273,13.149999618530273,12.829999923706055,13.130000114440918,133900
2024-08-12,12.970000267028809,13.270000457763672,12.770000457763672,12.899999618530273,126800
2024-08-13,12.979999542236328,13.170000076293945,12.880000114440918,13.079999923706055,130000
2024-08-14,12.489999771118164,13.130000114440918,12.479999542236328,13.0600004196167,159600
2024-08-15,12.789999961853027,13.154999732971191,12.529999732971191,12.6899995803833,179100
2024-08-16,12.0,12.770000457763672,11.84000015258789,12.770000457763672,539800
2024-08-19,12.239999771118164,12.350000381469727,11.4399995803833,12.0,526700
2024-08-20,12.515000343322754,12.710000038146973,12.119999885559082,12.119999885559082,156000
2024-08-21,12.579999923706055,12.75,12.220000267028809,12.579999923706055,169500
2024-08-22,12.420000076293945,12.604999542236328,12.140000343322754,12.479999542236328,154300
2024-08-23,12.630000114440918,12.694999694824219,12.329999923706055,12.399999618530273,168900
2024-08-26,13.0600004196167,13.09000015258789,12.5649995803833,12.699999809265137,150000
2024-08-27,12.680000305175781,13.039999961853027,12.420000076293945,13.039999961853027,353000
2024-08-28,12.890000343322754,13.050000190734863,12.529999732971191,12.619999885559082,214300
2024-08-29,13.0,13.329999923706055,12.859999656677246,13.020000457763672,189300
2024-08-30,13.390000343322754,13.470000267028809,12.680000305175781,13.09000015258789,725200
2024-09-03,12.369999885559082,13.52299976348877,12.140000343322754,13.369999885559082,252500
2024-09-04,12.920000076293945,13.029999732971191,12.255000114440918,12.270000457763672,197200
2024-09-05,12.869999885559082,13.100000381469727,12.600000381469727,13.100000381469727,223300
2024-09-06,12.34000015258789,13.140000343322754,12.229999542236328,13.140000343322754,234700
2024-09-09,11.869999885559082,12.8100004196167,11.720000267028809,12.1899995803833,350900
2024-09-10,11.210000038146973,12.0,11.1899995803833,11.850000381469727,556000
2024-09-11,10.720000267028809,11.420000076293945,10.649999618530273,11.079999923706055,319200
2024-09-12,10.460000038146973,10.890000343322754,10.4399995803833,10.729999542236328,554900
2024-09-13,11.140000343322754,11.260000228881836,10.399999618530273,10.59000015258789,427800
2024-09-16,10.770000457763672,11.25,10.517999649047852,11.199999809265137,395300
2024-09-17,10.569999694824219,11.125,10.460000038146973,10.829999923706055,763300
2024-09-18,10.6899995803833,10.989999771118164,10.550000190734863,10.5600004196167,249400
2024-09-19,11.0,11.229999542236328,10.760000228881836,10.9399995803833,272000
2024-09-20,10.489999771118164,10.989999771118164,10.390000343322754,10.979999542236328,2075000
2024-09-23,9.779999732971191,10.569999694824219,9.779999732971191,10.569999694824219,264200
2024-09-24,9.649999618530273,9.954999923706055,9.614999771118164,9.779999732971191,247400
2024-09-25,9.460000038146973,9.829999923706055,9.451000213623047,9.720000267028809,201900
2024-09-26,10.0,10.029999732971191,9.479999542236328,9.649999618530273,394900
2024-09-27,12.34000015258789,12.359999656677246,10.260000228881836,10.5,1828600
2024-09-30,11.579999923706055,12.553000450134277,11.4399995803833,12.239999771118164,692700
2024-10-01,11.390000343322754,11.5600004196167,10.930000305175781,11.430000305175781,1095200
2024-10-02,11.84000015258789,11.859999656677246,11.270000457763672,11.300000190734863,564200
2024-10-03,11.539999961853027,11.979999542236328,11.53499984741211,11.75,183000
2024-10-04,11.359999656677246,11.819999694824219,11.140000343322754,11.609999656677246,448300
2024-10-07,11.279999732971191,11.369999885559082,11.109999656677246,11.270000457763672,210800
2024-10-08,11.210000038146973,11.579999923706055,11.109999656677246,11.369999885559082,265700
2024-10-09,11.239999771118164,11.40999984741211,11.020000457763672,11.199999809265137,310900
2024-10-10,10.989999771118164,11.194999694824219,10.84000015258789,11.149999618530273,257800
2024-10-11,11.630000114440918,11.664999961853027,10.949999809265137,10.949999809265137,194000
2024-10-14,11.720000267028809,11.75,11.449999809265137,11.579999923706055,129900
2024-10-15,11.979999542236328,12.029999732971191,11.46500015258789,11.720000267028809,176500
2024-10-16,12.329999923706055,12.5,11.932999610900879,12.100000381469727,251800
2024-10-17,12.09000015258789,12.3100004196167,11.979999542236328,12.3100004196167,127900
2024-10-18,12.5,12.520000457763672,12.095000267028809,12.15999984741211,119400
2024-10-21,12.319999694824219,12.5,12.170000076293945,12.479999542236328,107900
2024-10-22,12.350000381469727,12.399999618530273,12.050000190734863,12.25,98400
2024-10-23,12.010000228881836,12.414999961853027,11.829999923706055,12.34000015258789,199200
2024-10-24,12.069999694824219,12.140000343322754,11.770000457763672,12.010000228881836,300100
2024-10-25,11.680000305175781,12.229999542236328,11.680000305175781,12.15999984741211,119100
2024-10-28,12.09000015258789,12.34000015258789,11.770000457763672,11.770000457763672,107800
2024-10-29,11.789999961853027,12.149999618530273,11.630000114440918,12.050000190734863,92000
2024-10-30,11.199999809265137,11.8100004196167,11.170000076293945,11.65999984741211,88600
2024-10-31,10.270000457763672,11.420000076293945,10.010000228881836,11.15999984741211,493200
2024-11-01,10.609999656677246,10.720000267028809,10.21500015258789,10.289999961853027,281300
2024-11-04,11.630000114440918,12.850000381469727,10.914999961853027,11.300000190734863,755400
2024-11-05,11.25,11.680000305175781,10.779999732971191,11.449999809265137,622700
2024-11-06,11.40999984741211,12.119999885559082,11.210000038146973,12.0,426200
2024-11-07,11.180000305175781,11.574999809265137,11.015000343322754,11.350000381469727,227100
2024-11-08,11.40999984741211,11.40999984741211,10.9399995803833,11.180000305175781,338600
2024-11-11,11.09000015258789,11.619999885559082,10.880000114440918,11.380000114440918,468300
2024-11-12,10.670000076293945,11.21500015258789,10.579999923706055,11.109999656677246,394200
2024-11-13,10.449999809265137,10.970000267028809,10.4350004196167,10.75,314200
2024-11-14,9.800000190734863,10.489999771118164,9.75,10.470000267028809,521800
2024-11-15,9.489999771118164,9.960000038146973,9.34000015258789,9.960000038146973,816200
2024-11-18,9.300000190734863,9.569999694824219,8.75,9.489999771118164,905600
2024-11-19,9.050000190734863,9.399999618530273,8.9399995803833,9.220000267028809,479600
2024-11-20,8.960000038146973,9.399999618530273,8.895000457763672,9.0,419300
2024-11-21,9.324999809265137,9.329999923706055,8.75,9.020000457763672,493300
2024-11-22,10.149999618530273,10.220000267028809,9.300000190734863,9.390000343322754,405000
2024-11-25,10.069999694824219,10.479999542236328,9.970000267028809,10.380000114440918,973200
2024-11-26,9.979999542236328,10.069999694824219,9.680000305175781,9.869999885559082,235600
2024-11-27,10.09000015258789,10.265000343322754,9.949999809265137,10.079999923706055,162900
2024-11-29,10.0600004196167,10.210000038146973,9.829999923706055,10.010000228881836,302300
2024-12-02,10.270000457763672,10.479999542236328,9.885000228881836,10.0,298300
2024-12-03,9.729999542236328,10.199999809265137,9.710000038146973,10.199999809265137,216700
2024-12-04,9.460000038146973,10.199999809265137,9.350000381469727,9.670000076293945,345600
2024-12-05,9.055000305175781,9.84000015258789,9.0,9.6899995803833,335100
2024-12-06,9.8100004196167,9.859999656677246,8.979999542236328,9.0,362000
2024-12-09,9.34000015258789,9.869999885559082,9.319999694824219,9.75,317900
2024-12-10,9.4399995803833,9.59000015258789,9.130000114440918,9.359999656677246,247600
2024-12-11,9.09000015258789,9.569999694824219,9.069999694824219,9.569999694824219,219000
2024-12-12,8.744999885559082,9.149999618530273,8.5,9.09000015258789,379500
2024-12-13,8.6899995803833,8.90999984741211,8.479999542236328,8.609999656677246,412800
2024-12-16,8.949999809265137,9.220000267028809,8.614999771118164,8.859999656677246,645000
2024-12-17,8.649999618530273,9.069999694824219,8.520000457763672,8.9399995803833,377800
2024-12-18,8.460000038146973,9.300000190734863,8.25,9.300000190734863,771000
2024-12-19,8.09000015258789,8.699999809265137,8.069999694824219,8.449999809265137,408800
2024-12-20,8.359999656677246,8.550000190734863,7.96999979019165,7.980000019073486,1014200
2024-12-23,8.829999923706055,8.859999656677246,8.149999618530273,8.460000038146973,848900
2024-12-24,8.760000228881836,8.819999694824219,8.475000381469727,8.819999694824219,125300
2024-12-26,8.829999923706055,8.829999923706055,8.489999771118164,8.65999984741211,159400
